ctdpy/tests/test_data/exprapp_april_2020/SBE09_1387_20200416_1604_77_10_0350.cnv
* Sea-Bird SBE 9 Data File:
* FileName = L:\2020\sv20d0350.hex
* Software Version Seasave V 7.26.7.121
* Temperature SN = 6378
* Conductivity SN = 4824
* Number of Bytes Per Scan = 41
* Number of Voltage Words = 4
* Number of Scans Averaged by the Deck Unit = 1
* NMEA Latitude = 55 22.98 N
* NMEA Longitude = 015 20.04 E
* NMEA UTC (Time) = Apr 16 2020  16:04:40
* NMEA baud rate = 4800
** Station:  BY4
** Operator:  JKro
** Ship: SVEA
** Average sound velocity: 1448.66 m/s
** True-depth calculation Thu, 16 Apr 2020 17:01:23 +0000
** CTD Python Module SMHI /ver 3-12/ feb 2012 
** LIMS Job: 20207710-0350
** Cruise: SMHI-07-2020
** Latitude [GG MM.mm N] :
** Longitude [GGG MM.mm E]:
# nquan = 30
# nvalues = 176                         
# units = specified
# name 0 = scan: Scan Count
# name 1 = prDM: Pressure, Digiquartz [db]
# name 2 = t090C: Temperature [ITS-90, deg C]
# name 3 = t190C: Temperature, 2 [ITS-90, deg C]
# name 4 = c0S/m: Conductivity [S/m]
# name 5 = c1S/m: Conductivity, 2 [S/m]
# name 6 = pumps: Pump Status
# name 7 = sbeox0V: Oxygen raw, SBE 43 [V]
# name 8 = sbeox1V: Oxygen raw, SBE 43, 2 [V]
# name 9 = altM: Altimeter [m]
# name 10 = dz/dtM: Descent Rate [m/s]
# name 11 = flECO-AFL: Chl-a Fluorescence, WET Labs ECO-AFL/FL [mg/m^3]
# name 12 = flECO-AFL1: Phycocyanin Fluorescence, WET Labs ECO-AFL/FL, 2 [mg/m^3]
# name 13 = par: PAR/Irradiance, Biospherical/Lico [µE/(cm^2*s)]
# name 14 = turbWETntu0: Turbidity, WET Labs ECO [NTU]
# name 15 = sal00: Salinity, Practical [PSU]
# name 16 = sal11: Salinity, Practical, 2 [PSU]
# name 17 = secS-priS: Salinity, Practical, Difference, 2 - 1 [PSU]
# name 18 = T2-T190C: Temperature Difference, 2 - 1 [ITS-90, deg C]
# name 19 = sigma-t00: Density [sigma-t, kg/m^3 ]
# name 20 = sigma-t11: Density, 2 [sigma-t, kg/m^3 ]
# name 21 = depSM: Depth [salt water, m], lat = 55.383
# name 22 = depFM: Depth [true depth, m], lat = 55.383
# name 23 = svCM: Sound Velocity [Chen-Millero, m/s]
# name 24 = svCM1: Sound Velocity, 2 [Chen-Millero, m/s]
# name 25 = sbeox0ML/L: Oxygen, SBE 43 [ml/l], WS = 2
# name 26 = sbeox1ML/L: Oxygen, SBE 43, 2 [ml/l], WS = 2
# name 27 = sbeox0PS: Oxygen, SBE 43 [% saturation], WS = 2
# name 28 = sbeox1PS: Oxygen, SBE 43, 2 [% saturation], WS = 2
# name 29 = flag: flag
# span 0 =      28826,      34622       
# span 1 =      1.000,     88.500       
# span 2 =     5.6914,     8.4800       
# span 3 =     5.6913,     8.4801       
# span 4 =   0.896744,   1.867920       
# span 5 =   0.896839,   1.868050       
# span 6 =          1,          1       
# span 7 =     1.2244,     3.7952       
# span 8 =     1.1777,     3.5416       
# span 9 =      -2.32,      97.78       
# span 10 =     -0.114,      0.541      
# span 11 =     0.3086,     1.7515      
# span 12 =     0.1488,     0.5291      
# span 13 = -2.775e-06, 8.7382e+01      
# span 14 =     0.1586,     0.6475      
# span 15 =     8.0449,    16.7227      
# span 16 =     8.0456,    16.7241      
# span 17 =    -0.0128,     0.1372      
# span 18 =    -0.0419,     0.0459      
# span 19 =     6.2970,    12.9231      
# span 20 =     6.2974,    12.9243      
# span 21 =      0.991,     87.681      
# span 22 =      1.012,     89.367      
# span 23 =    1440.83,    1462.65      
# span 24 =    1440.83,    1462.65      
# span 25 =     1.2131,     8.3157      
# span 26 =     1.2587,     8.4705      
# span 27 =     16.444,    101.362      
# span 28 =     17.062,    103.244      
# span 29 = 0.0000e+00, 0.0000e+00      
# interval = decibars: 0.5              
# start_time = Apr 16 2020 16:04:41 [NMEA time, first data scan]
# bad_flag = -9.990e-29
*END*
      28826      1.000     6.2712     6.2720    0.89822    0.89830          1     3.7949     3.5407      86.85     -0.114     1.6458     0.5291  8.738e+01  0.2360000     8.0450     8.0456     0.0006     0.0008     6.2970     6.2974      0.991      1.012    1442.03    1442.03     8.3157     8.4583   101.3620   103.1030  0.000e+00
      28887      1.500     6.2719     6.2721    0.89824    0.89831          1     3.7952     3.5408      80.28      0.144     1.6868     0.3999  8.543e+01  0.2796000     8.0450     8.0456     0.0006     0.0002     6.2970     6.2974      1.486      1.518    1442.04    1442.04     8.3123     8.4595   101.3220   103.1170  0.000e+00
      28951      2.000     6.2702     6.2700    0.89821    0.89827          1     3.7948     3.5409      67.95      0.194     1.7369     0.3702  7.025e+01  0.2776000     8.0450     8.0457     0.0006    -0.0002     6.2971     6.2976      1.982      2.024    1442.04    1442.04     8.3108     8.4617   101.3000   103.1390  0.000e+00
      28996      2.500     6.2700     6.2696    0.89822    0.89827          1     3.7945     3.5410      97.78      0.233     1.7458     0.4149  5.857e+01  0.2797000     8.0451     8.0457     0.0006    -0.0004     6.2971     6.2977      2.477      2.530    1442.04    1442.04     8.3119     8.4631   101.3130   103.1560  0.000e+00
      29019      3.000     6.2700     6.2688    0.89822    0.89827          1     3.7948     3.5409      93.62      0.440     1.6996     0.4781  5.630e+01  0.3012000     8.0450     8.0458     0.0008    -0.0011     6.2971     6.2978      2.973      3.036    1442.05    1442.05     8.3148     8.4624   101.3480   103.1450  0.000e+00
      29053      3.500     6.2700     6.2700    0.89823    0.89829          1     3.7947     3.5405      95.04      0.390     1.6918     0.3850  5.036e+01  0.3067000     8.0450     8.0457     0.0006     0.0001     6.2971     6.2976      3.468      3.543    1442.06    1442.06     8.3112     8.4599   101.3040   103.1170  0.000e+00
      29092      4.000     6.2701     6.2695    0.89823    0.89829          1     3.7939     3.5409      96.32      0.293     1.6923     0.3520  4.678e+01  0.2920000     8.0450     8.0457     0.0007    -0.0006     6.2971     6.2977      3.964      4.049    1442.07    1442.07     8.3098     8.4705   101.2880   103.2440  0.000e+00
      29122      4.500     6.2705     6.2704    0.89825    0.89830          1     3.7938     3.5416      68.92      0.379     1.7048     0.3651  3.934e+01  0.2838000     8.0450     8.0456     0.0005    -0.0002     6.2971     6.2975      4.459      4.555    1442.08    1442.08     8.3119     8.4700   101.3140   103.2410  0.000e+00
      29149      5.000     6.2710     6.2708    0.89827    0.89833          1     3.7938     3.5413      96.15      0.434     1.7076     0.3951  3.734e+01  0.2875000     8.0450     8.0457     0.0007    -0.0002     6.2970     6.2976      4.955      5.061    1442.09    1442.09     8.3119     8.4598   101.3160   103.1180  0.000e+00
      29174      5.500     6.2707     6.2705    0.89827    0.89834          1     3.7935     3.5404      75.42      0.467     1.7318     0.4375  3.449e+01  0.3064000     8.0450     8.0457     0.0007    -0.0002     6.2971     6.2976      5.450      5.567    1442.10    1442.10     8.3080     8.4543   101.2670   103.0510  0.000e+00
      29201      6.000     6.2707     6.2703    0.89826    0.89833          1     3.7921     3.5393      65.08      0.457     1.7395     0.4827  2.845e+01  0.3011000     8.0449     8.0457     0.0008    -0.0004     6.2970     6.2976      5.946      6.073    1442.10    1442.10     8.2948     8.4478   101.1060   102.9710  0.000e+00
      29226      6.500     6.2692     6.2700    0.89827    0.89833          1     3.7883     3.5373      96.22      0.459     1.7422     0.4040  2.740e+01  0.3100000     8.0452     8.0457     0.0004     0.0008     6.2973     6.2976      6.441      6.579    1442.10    1442.11     8.2762     8.4311   100.8750   102.7660  0.000e+00
      29251      7.000     6.2649     6.2640    0.89823    0.89828          1     3.7844     3.5343      96.31      0.487     1.7494     0.3614  2.407e+01  0.2981000     8.0458     8.0466     0.0008    -0.0009     6.2980     6.2987      6.937      7.085    1442.10    1442.09     8.2695     8.4213   100.7830   102.6320  0.000e+00
      29277      7.500     6.2504     6.2511    0.89806    0.89814          1     3.7812     3.5316      96.31      0.474     1.7359     0.3889  2.239e+01  0.2825000     8.0475     8.0482     0.0006     0.0007     6.3002     6.3007      7.432      7.591    1442.04    1442.05     8.2697     8.4186   100.7510   102.5680  0.000e+00
      29303      8.000     6.2213     6.2246    0.89772    0.89781          1     3.7786     3.5289      86.81      0.454     1.7481     0.3988  1.848e+01  0.2753000     8.0510     8.0512     0.0002     0.0033     6.3047     6.3046      7.927      8.097    1441.93    1441.95     8.2747     8.4236   100.7420   102.5630  0.000e+00
      29328      8.500     6.2174     6.2178    0.89768    0.89775          1     3.7774     3.5276      77.11      0.474     1.7356     0.3863  1.717e+01  0.2839000     8.0515     8.0521     0.0006     0.0004     6.3053     6.3057      8.423      8.603    1441.92    1441.93     8.2758     8.4308   100.7460   102.6340  0.000e+00
      29352      9.000     6.2219     6.2225    0.89774    0.89782          1     3.7760     3.5266      96.38      0.499     1.7515     0.4143  1.599e+01  0.3231000     8.0510     8.0516     0.0006     0.0005     6.3046     6.3051      8.918      9.109    1441.95    1441.95     8.2712     8.4201   100.7010   102.5150  0.000e+00
      29377      9.500     6.2243     6.2285    0.89780    0.89792          1     3.7742     3.5241      96.30      0.488     1.7471     0.4021  1.342e+01  0.3127000     8.0509     8.0510     0.0001     0.0042     6.3044     6.3043      9.414      9.616    1441.97    1441.99     8.2612     8.4055   100.5850   102.3530  0.000e+00
      29405     10.000     6.2186     6.1984    0.89775    0.89755          1     3.7717     3.5214      47.84      0.439     1.7067     0.3907  1.166e+01  0.2795000     8.0517     8.0546     0.0029    -0.0203     6.3054     6.3089      9.909     10.122    1441.95    1441.87     8.2578     8.4033   100.5290   102.2520  0.000e+00
      29432     10.500     6.2073     6.2065    0.89762    0.89769          1     3.7697     3.5183      96.57      0.431     1.6582     0.4043  1.084e+01  0.2759000     8.0531     8.0539     0.0009    -0.0008     6.3072     6.3079     10.405     10.628    1441.91    1441.91     8.2552     8.3893   100.4710   102.1020  0.000e+00
      29456     11.000     6.1992     6.2024    0.89755    0.89766          1     3.7673     3.5157      96.32      0.476     1.6790     0.4317  9.611e+00  0.2941000     8.0543     8.0546     0.0003     0.0032     6.3086     6.3086     10.900     11.134    1441.89    1441.90     8.2435     8.3877   100.3090   102.0710  0.000e+00
      29479     11.500     6.1988     6.1935    0.89756    0.89756          1     3.7636     3.5136      88.61      0.518     1.7224     0.3983  8.621e+00  0.3121000     8.0543     8.0557     0.0013    -0.0053     6.3086     6.3100     11.396     11.640    1441.90    1441.88     8.2245     8.3760   100.0770   101.9080  0.000e+00
      29505     12.000     6.2069     6.1967    0.89767    0.89762          1     3.7573     3.5088      89.54      0.486     1.6991     0.3929  7.562e+00  0.3215000     8.0535     8.0554     0.0019    -0.0101     6.3075     6.3096     11.891     12.146    1441.94    1441.90     8.1995     8.3453    99.7920   101.5420  0.000e+00
      29533     12.500     6.1722     6.1658    0.89727    0.89724          1     3.7509     3.5034      94.12      0.436     1.6299     0.4124  6.678e+00  0.2655000     8.0578     8.0590     0.0013    -0.0064     6.3129     6.3142     12.387     12.652    1441.80    1441.78     8.1971     8.3401    99.6800   101.4040  0.000e+00
      29558     13.000     6.1345     6.1341    0.89682    0.89689          1     3.7470     3.4995      96.32      0.461     1.5489     0.3541  6.119e+00  0.2640000     8.0623     8.0631     0.0008    -0.0004     6.3186     6.3193     12.882     13.158    1441.65    1441.65     8.2033     8.3459    99.6640   101.3970  0.000e+00
      29582     13.500     6.1315     6.1303    0.89680    0.89684          1     3.7438     3.4965      74.16      0.496     1.4589     0.3095  5.830e+00  0.2530000     8.0627     8.0634     0.0006    -0.0012     6.3192     6.3198     13.377     13.664    1441.65    1441.65     8.1987     8.3484    99.6030   101.4190  0.000e+00
      29607     14.000     6.1288     6.1294    0.89674    0.89684          1     3.7413     3.4947      84.72      0.490     1.4361     0.3159  4.980e+00  0.2546000     8.0628     8.0635     0.0008     0.0007     6.3193     6.3199     13.873     14.170    1441.65    1441.65     8.1996     8.3562    99.6060   101.5110  0.000e+00
      29632     14.500     6.1293     6.1315    0.89679    0.89694          1     3.7396     3.4937      91.92      0.473     1.4458     0.3253  4.232e+00  0.2589000     8.0630     8.0639     0.0009     0.0023     6.3195     6.3201     14.368     14.676    1441.66    1441.67     8.1952     8.3538    99.5540   101.4880  0.000e+00
      29658     15.000     6.1316     6.1312    0.89689    0.89695          1     3.7379     3.4923      36.16      0.468     1.4576     0.3563  3.936e+00  0.2796000     8.0633     8.0640     0.0007    -0.0004     6.3196     6.3202     14.864     15.182    1441.68    1441.68     8.1954     8.3471    99.5620   101.4060  0.000e+00
      29684     15.500     6.1306     6.1312    0.89688    0.89697          1     3.7371     3.4908      97.19      0.463     1.4308     0.3977  3.587e+00  0.2731000     8.0635     8.0641     0.0007     0.0006     6.3198     6.3203     15.359     15.688    1441.68    1441.68     8.1962     8.3460    99.5700   101.3920  0.000e+00
      29709     16.000     6.1307     6.1295    0.89690    0.89694          1     3.7364     3.4896      96.30      0.472     1.4068     0.3645  3.156e+00  0.2353000     8.0636     8.0642     0.0007    -0.0012     6.3199     6.3205     15.855     16.194    1441.69    1441.69     8.1915     8.3426    99.5130   101.3460  0.000e+00
      29733     16.500     6.1303     6.1303    0.89690    0.89697          1     3.7347     3.4882      96.29      0.489     1.4186     0.3634  2.857e+00  0.2624000     8.0635     8.0643     0.0008    -0.0000     6.3199     6.3205     16.350     16.701    1441.70    1441.70     8.1864     8.3375    99.4500   101.2860  0.000e+00
      29759     17.000     6.1302     6.1295    0.89692    0.89697          1     3.7337     3.4872      95.87      0.479     1.4075     0.4210  2.594e+00  0.2614000     8.0637     8.0644     0.0007    -0.0008     6.3200     6.3206     16.846     17.207    1441.70    1441.70     8.1877     8.3425    99.4660   101.3450  0.000e+00
      29784     17.500     6.1276     6.1270    0.89686    0.89692          1     3.7329     3.4864      95.86      0.477     1.3959     0.3577  2.290e+00  0.2386000     8.0637     8.0644     0.0007    -0.0006     6.3201     6.3207     17.341     17.713    1441.70    1441.70     8.1883     8.3354    99.4660   101.2530  0.000e+00
      29809     18.000     6.1271     6.1270    0.89686    0.89694          1     3.7325     3.4850      86.86      0.481     1.3803     0.3718  2.039e+00  0.2451000     8.0638     8.0645     0.0008    -0.0000     6.3202     6.3208     17.836     18.219    1441.71    1441.71     8.1888     8.3341    99.4720   101.2370  0.000e+00
      29835     18.500     6.1270     6.1270    0.89688    0.89695          1     3.7320     3.4842      82.57      0.467     1.3842     0.3988  1.873e+00  0.2551000     8.0639     8.0646     0.0007    -0.0001     6.3203     6.3209     18.332     18.725    1441.71    1441.71     8.1874     8.3356    99.4540   101.2560  0.000e+00
      29861     19.000     6.1269     6.1267    0.89689    0.89695          1     3.7315     3.4839      82.02      0.456     1.3905     0.4009  1.637e+00  0.2758000     8.0640     8.0646     0.0006    -0.0003     6.3204     6.3209     18.827     19.231    1441.72    1441.72     8.1848     8.3414    99.4230   101.3250  0.000e+00
      29887     19.500     6.1271     6.1267    0.89691    0.89696          1     3.7303     3.4837      88.69      0.458     1.3620     0.4141  1.446e+00  0.2519000     8.0640     8.0646     0.0006    -0.0005     6.3204     6.3209     19.323     19.737    1441.73    1441.73     8.1806     8.3384    99.3720   101.2880  0.000e+00
      29911     20.000     6.1267     6.1263    0.89693    0.89700          1     3.7294     3.4831      95.73      0.487     1.3238     0.4150  1.353e+00  0.2470000     8.0643     8.0650     0.0008    -0.0004     6.3206     6.3213     19.818     20.243    1441.74    1441.74     8.1789     8.3307    99.3510   101.1940  0.000e+00
      29935     20.500     6.1256     6.1253    0.89694    0.89702          1     3.7283     3.4819      57.03      0.501     1.3218     0.3750  1.240e+00  0.2471000     8.0645     8.0654     0.0008    -0.0003     6.3209     6.3216     20.314     20.749    1441.74    1441.74     8.1764     8.3264    99.3180   101.1390  0.000e+00
      29959     21.000     6.1253     6.1250    0.89699    0.89705          1     3.7273     3.4808      86.89      0.494     1.3105     0.4351  1.097e+00  0.2479000     8.0649     8.0657     0.0007    -0.0003     6.3213     6.3218     20.809     21.255    1441.75    1441.75     8.1751     8.3233    99.3010   101.1010  0.000e+00
      29985     21.500     6.1241     6.1238    0.89702    0.89709          1     3.7265     3.4797      96.13      0.476     1.3025     0.3840  9.909e-01  0.2507000     8.0655     8.0662     0.0007    -0.0003     6.3218     6.3224     21.304     21.761    1441.75    1441.75     8.1742     8.3234    99.2880   101.1000  0.000e+00
      30013     22.000     6.1237     6.1234    0.89704    0.89710          1     3.7257     3.4786      50.69      0.445     1.2926     0.3514  9.092e-01  0.2316000     8.0657     8.0664     0.0007    -0.0003     6.3220     6.3225     21.800     22.267    1441.76    1441.76     8.1738     8.3218    99.2820   101.0790  0.000e+00
      30039     22.500     6.1235     6.1233    0.89705    0.89711          1     3.7250     3.4780      96.27      0.443     1.3001     0.3821  8.188e-01  0.2260000     8.0658     8.0664     0.0007    -0.0002     6.3220     6.3226     22.295     22.773    1441.76    1441.76     8.1714     8.3206    99.2520   101.0650  0.000e+00
      30063     23.000     6.1234     6.1233    0.89705    0.89712          1     3.7243     3.4769      96.14      0.478     1.2810     0.3544  7.369e-01  0.2316000     8.0658     8.0665     0.0007    -0.0001     6.3220     6.3226     22.791     23.279    1441.77    1441.77     8.1711     8.3140    99.2490   100.9850  0.000e+00
      30088     23.500     6.1230     6.1226    0.89706    0.89712          1     3.7236     3.4758      96.11      0.494     1.2869     0.3397  6.643e-01  0.2378000     8.0659     8.0666     0.0007    -0.0004     6.3221     6.3227     23.286     23.786    1441.78    1441.78     8.1685     8.3169    99.2160   101.0180  0.000e+00
      30113     24.000     6.1225     6.1211    0.89706    0.89709          1     3.7227     3.4755      92.45      0.479     1.3102     0.3732  6.089e-01  0.2640000     8.0660     8.0665     0.0006    -0.0014     6.3222     6.3227     23.781     24.292    1441.78    1441.78     8.1670     8.3193    99.1970   101.0440  0.000e+00
      30139     24.500     6.1216     6.1198    0.89706    0.89708          1     3.7219     3.4752      65.75      0.469     1.2927     0.3462  5.524e-01  0.2532000     8.0661     8.0667     0.0006    -0.0018     6.3224     6.3229     24.277     24.798    1441.79    1441.78     8.1673     8.3259    99.1980   101.1210  0.000e+00
