ctdpy/tests/test_data/exprapp_april_2020/SBE09_1387_20200414_1734_77_10_0339.cnv
* Sea-Bird SBE 9 Data File:
* FileName = L:\2020\sv20d0339.hex
* Software Version Seasave V 7.26.7.121
* Temperature SN = 6378
* Conductivity SN = 4824
* Number of Bytes Per Scan = 41
* Number of Voltage Words = 4
* Number of Scans Averaged by the Deck Unit = 1
* NMEA Latitude = 58 17.70 N
* NMEA Longitude = 010 50.71 E
* NMEA UTC (Time) = Apr 14 2020  17:34:37
* NMEA baud rate = 4800
** Station:  A15
** Operator:  JKro
** Ship: SVEA
** Average sound velocity: 1478.74 m/s
** True-depth calculation Tue, 14 Apr 2020 18:47:29 +0000
** CTD Python Module SMHI /ver 3-12/ feb 2012 
** LIMS Job: 20207710-0339
** Cruise: SMHI-07-2020
** Latitude [GG MM.mm N] :
** Longitude [GGG MM.mm E]:
# nquan = 30
# nvalues = 265                         
# units = specified
# name 0 = scan: Scan Count
# name 1 = prDM: Pressure, Digiquartz [db]
# name 2 = t090C: Temperature [ITS-90, deg C]
# name 3 = t190C: Temperature, 2 [ITS-90, deg C]
# name 4 = c0S/m: Conductivity [S/m]
# name 5 = c1S/m: Conductivity, 2 [S/m]
# name 6 = pumps: Pump Status
# name 7 = sbeox0V: Oxygen raw, SBE 43 [V]
# name 8 = sbeox1V: Oxygen raw, SBE 43, 2 [V]
# name 9 = altM: Altimeter [m]
# name 10 = dz/dtM: Descent Rate [m/s]
# name 11 = flECO-AFL: Chl-a Fluorescence, WET Labs ECO-AFL/FL [mg/m^3]
# name 12 = flECO-AFL1: Phycocyanin Fluorescence, WET Labs ECO-AFL/FL, 2 [mg/m^3]
# name 13 = par: PAR/Irradiance, Biospherical/Lico [µE/(cm^2*s)]
# name 14 = turbWETntu0: Turbidity, WET Labs ECO [NTU]
# name 15 = sal00: Salinity, Practical [PSU]
# name 16 = sal11: Salinity, Practical, 2 [PSU]
# name 17 = secS-priS: Salinity, Practical, Difference, 2 - 1 [PSU]
# name 18 = T2-T190C: Temperature Difference, 2 - 1 [ITS-90, deg C]
# name 19 = sigma-t00: Density [sigma-t, kg/m^3 ]
# name 20 = sigma-t11: Density, 2 [sigma-t, kg/m^3 ]
# name 21 = depSM: Depth [salt water, m], lat = 58.295
# name 22 = depFM: Depth [true depth, m], lat = 58.295
# name 23 = svCM: Sound Velocity [Chen-Millero, m/s]
# name 24 = svCM1: Sound Velocity, 2 [Chen-Millero, m/s]
# name 25 = sbeox0ML/L: Oxygen, SBE 43 [ml/l], WS = 2
# name 26 = sbeox1ML/L: Oxygen, SBE 43, 2 [ml/l], WS = 2
# name 27 = sbeox0PS: Oxygen, SBE 43 [% saturation], WS = 2
# name 28 = sbeox1PS: Oxygen, SBE 43, 2 [% saturation], WS = 2
# name 29 = flag: flag
# span 0 =      37001,      44180       
# span 1 =      1.500,    133.500       
# span 2 =     6.4246,     7.2464       
# span 3 =     6.4270,     7.2461       
# span 4 =   2.877417,   3.564572       
# span 5 =   2.877149,   3.564323       
# span 6 =          1,          1       
# span 7 =     3.4852,     3.6655       
# span 8 =     3.2572,     3.4238       
# span 9 =       1.91,      98.38       
# span 10 =     -0.432,      0.677      
# span 11 =     0.2225,     1.4224      
# span 12 =     0.1278,     0.4225      
# span 13 = -1.677e-07, 5.0666e+00      
# span 14 =     0.1239,     1.5660      
# span 15 =    28.3469,    35.1173      
# span 16 =    28.3440,    35.1153      
# span 17 =    -0.0190,     0.0701      
# span 18 =    -0.0075,     0.0083      
# span 19 =    22.2452,    27.4911      
# span 20 =    22.2429,    27.4892      
# span 21 =      1.486,    132.217      
# span 22 =      1.495,    132.439      
# span 23 =    1468.34,    1481.46      
# span 24 =    1468.32,    1481.46      
# span 25 =     6.1437,     6.9238      
# span 26 =     6.2474,     7.0628      
# span 27 =     91.585,     96.999      
# span 28 =     93.098,     98.948      
# span 29 = 0.0000e+00, 0.0000e+00      
# interval = decibars: 0.5              
# start_time = Apr 14 2020 17:34:38 [NMEA time, first data scan]
# bad_flag = -9.990e-29
*END*
      37001      1.500     6.4777     6.4792    2.87996    2.87833          1     3.6643     3.4223      97.26     -0.432     1.3631     0.3663  5.067e+00  0.2297000    28.3809    28.3620    -0.0189     0.0014    22.2723    22.2573      1.486      1.495    1468.34    1468.32     6.9147     7.0601    96.8710    98.9000  0.000e+00
      37042      2.000     6.4762     6.4773    2.88045    2.87951          1     3.6643     3.4229      97.22      0.077     1.3354     0.3728  4.001e+00  0.2446000    28.3872    28.3762    -0.0111     0.0011    22.2775    22.2687      1.981      1.993    1468.35    1468.34     6.9201     7.0570    96.9480    98.8610  0.000e+00
      37150      2.500     6.4764     6.4761    2.88032    2.88026          1     3.6655     3.4229      97.24      0.405     1.3366     0.3274  3.404e+00  0.2577000    28.3854    28.3850    -0.0004    -0.0003    22.2761    22.2758      2.477      2.491    1468.36    1468.36     6.9238     7.0547    96.9990    98.8310  0.000e+00
      37223      3.000     6.4747     6.4748    2.88169    2.88115          1     3.6649     3.4227      97.26      0.146     1.3327     0.3760  3.002e+00  0.2401000    28.4016    28.3956    -0.0059     0.0001    22.2890    22.2843      2.972      2.989    1468.38    1468.37     6.9207     7.0518    96.9620    98.7940  0.000e+00
      37261      3.500     6.4726     6.4729    2.88281    2.88235          1     3.6647     3.4224      73.89      0.317     1.3311     0.3360  2.595e+00  0.2394000    28.4152    28.4100    -0.0052     0.0002    22.3000    22.2958      3.467      3.487    1468.40    1468.39     6.9228     7.0534    96.9960    98.8230  0.000e+00
      37298      4.000     6.4732     6.4731    2.88146    2.88156          1     3.6644     3.4232      95.73      0.308     1.3582     0.3444  2.162e+00  0.2563000    28.3999    28.4010     0.0012    -0.0001    22.2878    22.2887      3.963      3.985    1468.39    1468.39     6.9186     7.0628    96.9280    98.9480  0.000e+00
      37324      4.500     6.4752     6.4732    2.88042    2.88162          1     3.6635     3.4238      97.22      0.415     1.3919     0.3170  1.959e+00  0.2678000    28.3867    28.4014     0.0147    -0.0020    22.2772    22.2890      4.458      4.484    1468.39    1468.40     6.9195     7.0582    96.9370    98.8840  0.000e+00
      37353      5.000     6.4775     6.4756    2.87960    2.88024          1     3.6635     3.4235      97.27      0.440     1.4224     0.3655  1.627e+00  0.2493000    28.3756    28.3842     0.0086    -0.0019    22.2682    22.2752      4.953      4.982    1468.39    1468.39     6.9235     7.0529    96.9910    98.8050  0.000e+00
      37388      5.500     6.4750     6.4742    2.88097    2.88101          1     3.6638     3.4224      97.26      0.336     1.3977     0.3391  1.475e+00  0.2424000    28.3924    28.3934     0.0010    -0.0008    22.2817    22.2826      5.449      5.480    1468.41    1468.41     6.9215     7.0483    96.9680    98.7440  0.000e+00
      37414      6.000     6.4741     6.4721    2.88158    2.88210          1     3.6630     3.4215      97.26      0.398     1.3509     0.3440  1.250e+00  0.2514000    28.3995    28.4068     0.0073    -0.0019    22.2875    22.2934      5.944      5.978    1468.42    1468.43     6.9191     7.0407    96.9370    98.6400  0.000e+00
      37434      6.500     6.4724     6.4704    2.88240    2.88333          1     3.6630     3.4201      97.29      0.537     1.3690     0.3637  1.073e+00  0.2555000    28.4096    28.4215     0.0118    -0.0020    22.2956    22.3051      6.440      6.476    1468.44    1468.44     6.9210     7.0372    96.9660    98.5980  0.000e+00
      37458      7.000     6.4727     6.4722    2.88216    2.88238          1     3.6629     3.4189      97.27      0.556     1.4001     0.3515  9.504e-01  0.3178000    28.4066    28.4094     0.0028    -0.0005    22.2932    22.2954      6.935      6.974    1468.44    1468.44     6.9192     7.0377    96.9400    98.6000  0.000e+00
      37490      7.500     6.4741     6.4745    2.88255    2.88192          1     3.6617     3.4182      97.27      0.395     1.4021     0.4225  8.710e-01  0.2724000    28.4094    28.4022    -0.0072     0.0005    22.2952    22.2895      7.430      7.473    1468.46    1468.45     6.9153     7.0457    96.8900    98.7140  0.000e+00
      37516      8.000     6.4765     6.4757    2.88060    2.88095          1     3.6609     3.4182      95.92      0.395     1.3863     0.3372  7.637e-01  0.2440000    28.3859    28.3905     0.0046    -0.0009    22.2765    22.2802      7.926      7.971    1468.45    1468.45     6.9164     7.0408    96.8950    98.6400  0.000e+00
      37536      8.500     6.4796     6.4779    2.87914    2.88000          1     3.6609     3.4176      50.70      0.527     1.4075     0.3383  6.585e-01  0.2715000    28.3674    28.3782     0.0108    -0.0017    22.2615    22.2702      8.421      8.469    1468.45    1468.45     6.9194     7.0484    96.9330    98.7430  0.000e+00
      37557      9.000     6.4757     6.4756    2.88051    2.88027          1     3.6610     3.4186      91.98      0.585     1.3962     0.2997  5.566e-01  0.2719000    28.3853    28.3827    -0.0025    -0.0001    22.2760    22.2740      8.916      8.967    1468.46    1468.46     6.9159     7.0551    96.8870    98.8340  0.000e+00
      37581      9.500     6.4812     6.4812    2.87742    2.87715          1     3.6594     3.4189      96.26      0.542     1.3936     0.3275  4.969e-01  0.2699000    28.3469    28.3440    -0.0029    -0.0001    22.2452    22.2429      9.412      9.465    1468.44    1468.44     6.9079     7.0500    96.7620    98.7500  0.000e+00
      37609     10.000     6.4770     6.4781    2.87952    2.87857          1     3.6574     3.4181      97.28      0.453     1.3846     0.3687  4.498e-01  0.2739000    28.3730    28.3617    -0.0113     0.0012    22.2662    22.2572      9.907      9.963    1468.47    1468.46     6.9023     7.0323    96.6910    98.5070  0.000e+00
      37637     10.500     6.4608     6.4586    2.88693    2.88764          1     3.6545     3.4145      97.26      0.425     1.3249     0.3967  3.978e-01  0.2499000    28.4669    28.4765     0.0096    -0.0023    22.3420    22.3498     10.402     10.462    1468.53    1468.53     6.8840     7.0006    96.4570    98.0920  0.000e+00
      37661     11.000     6.4357     6.4334    2.90265    2.90490          1     3.6492     3.4094      97.26      0.464     1.2408     0.3867  3.441e-01  0.2361000    28.6587    28.6852     0.0265    -0.0023    22.4960    22.5171     10.898     10.960    1468.68    1468.70     6.8594     6.9717    96.1780    97.7640  0.000e+00
      37683     11.500     6.4246     6.4270    2.92809    2.92973          1     3.6442     3.4043      97.24      0.525     1.1936     0.3555  2.912e-01  0.2243000    28.9451    28.9610     0.0158     0.0024    22.7229    22.7351     11.393     11.458    1469.00    1469.03     6.8432     6.9477    96.1080    97.5910  0.000e+00
      37704     12.000     6.4740     6.4766    2.98945    2.99255          1     3.6414     3.3996      97.23      0.559     1.0887     0.3328  2.504e-01  0.1934000    29.5723    29.6040     0.0317     0.0026    23.2111    23.2358     11.888     11.956    1469.99    1470.04     6.8084     6.9086    96.1270    97.5680  0.000e+00
      37728     12.500     6.4983     6.5005    3.03601    3.04129          1     3.6390     3.3968      97.23      0.538     0.9718     0.3100  2.255e-01  0.1729000    30.0599    30.1158     0.0559     0.0022    23.5923    23.6360     12.383     12.453    1470.71    1470.78     6.7811     6.8994    96.1050    97.8230  0.000e+00
      37755     13.000     6.5182     6.5219    3.08469    3.08906          1     3.6373     3.3965      97.23      0.465     0.9114     0.3097  2.055e-01  0.1664000    30.5751    30.6196     0.0445     0.0037    23.9957    24.0303     12.879     12.951    1471.44    1471.51     6.7526     6.8751    96.0720    97.8520  0.000e+00
      37783     13.500     6.5323     6.5292    3.15668    3.16279          1     3.6345     3.3941      97.24      0.425     0.8829     0.2977  1.875e-01  0.1574000    31.3523    31.4223     0.0701    -0.0031    24.6064    24.6620     13.374     13.448    1472.48    1472.55     6.7056     6.8224    95.9260    97.6350  0.000e+00
      37806     14.000     6.5230     6.5230    3.19768    3.19686          1     3.6325     3.3924      97.21      0.475     0.8376     0.2502  1.665e-01  0.1516000    31.8117    31.8026    -0.0091     0.0000    24.9696    24.9624     13.869     13.945    1473.03    1473.02     6.6864     6.8066    95.9200    97.6400  0.000e+00
      37827     14.500     6.5234     6.5231    3.21385    3.21510          1     3.6312     3.3910      97.20      0.543     0.7648     0.2367  1.440e-01  0.1680000    31.9893    32.0033     0.0140    -0.0003    25.1095    25.1206     14.365     14.442    1473.26    1473.28     6.6773     6.7989    95.9040    97.6590  0.000e+00
      37851     15.000     6.5245     6.5245    3.22264    3.22193          1     3.6298     3.3904      97.20      0.541     0.7236     0.2364  1.304e-01  0.1690000    32.0849    32.0772    -0.0077    -0.0001    25.1847    25.1787     14.860     14.938    1473.39    1473.38     6.6735     6.8031    95.9110    97.7690  0.000e+00
      37878     15.500     6.5255     6.5243    3.22595    3.22537          1     3.6296     3.3907      97.22      0.469     0.7431     0.2318  1.156e-01  0.1772000    32.1203    32.1150    -0.0053    -0.0012    25.2125    25.2085     15.355     15.435    1473.45    1473.44     6.6744     6.8047    95.9500    97.8160  0.000e+00
      37904     16.000     6.5220     6.5213    3.22784    3.22798          1     3.6287     3.3905      97.24      0.435     0.7543     0.2357  1.061e-01  0.1710000    32.1441    32.1464     0.0023    -0.0008    25.2317    25.2337     15.851     15.932    1473.47    1473.47     6.6700     6.7942    95.8930    97.6790  0.000e+00
      37926     16.500     6.5227     6.5221    3.23282    3.23291          1     3.6284     3.3890      97.21      0.494     0.7344     0.2218  9.589e-02  0.1599000    32.1981    32.1997     0.0015    -0.0006    25.2742    25.2755     16.346     16.429    1473.55    1473.55     6.6686     6.7824    95.9090    97.5460  0.000e+00
      37947     17.000     6.5206     6.5203    3.23747    3.23712          1     3.6279     3.3878      97.21      0.562     0.7127     0.2246  8.061e-02  0.1587000    32.2512    32.2477    -0.0036    -0.0003    25.3164    25.3136     16.841     16.925    1473.62    1473.61     6.6658     6.7920    95.8980    97.7110  0.000e+00
      37970     17.500     6.5208     6.5206    3.23798    3.23768          1     3.6273     3.3890      97.21      0.553     0.7038     0.2330  7.302e-02  0.1441000    32.2564    32.2534    -0.0030    -0.0002    25.3204    25.3181     17.337     17.422    1473.63    1473.63     6.6629     6.8048    95.8600    97.8990  0.000e+00
      37995     18.000     6.5209     6.5207    3.23810    3.23778          1     3.6266     3.3897      97.22      0.499     0.6986     0.2364  6.366e-02  0.1677000    32.2574    32.2542    -0.0033    -0.0002    25.3212    25.3187     17.832     17.919    1473.64    1473.64     6.6646     6.7996    95.8850    97.8250  0.000e+00
      38020     18.500     6.5210     6.5207    3.23823    3.23799          1     3.6263     3.3896      97.22      0.474     0.6850     0.2515  5.721e-02  0.1367000    32.2586    32.2561    -0.0025    -0.0003    25.3221    25.3202     18.327     18.415    1473.65    1473.65     6.6623     6.7899    95.8530    97.6870  0.000e+00
      38047     19.000     6.5209     6.5207    3.23836    3.23812          1     3.6253     3.3873      97.23      0.460     0.6914     0.2664  4.118e-02  0.1400000    32.2598    32.2574    -0.0024    -0.0002    25.3231    25.3212     18.823     18.912    1473.66    1473.66     6.6593     6.7710    95.8110    97.4160  0.000e+00
      38072     19.500     6.5210     6.5208    3.23854    3.23826          1     3.6245     3.3851      67.13      0.459     0.6939     0.2476  3.270e-02  0.1455000    32.2615    32.2586    -0.0029    -0.0002    25.3244    25.3222     19.318     19.409    1473.67    1473.67     6.6591     6.7811    95.8100    97.5620  0.000e+00
      38094     20.000     6.5211     6.5209    3.23870    3.23851          1     3.6241     3.3857      77.06      0.503     0.7022     0.2776  2.081e-02  0.1450000    32.2630    32.2611    -0.0019    -0.0002    25.3256    25.3241     19.813     19.905    1473.68    1473.68     6.6586     6.7883    95.8030    97.6670  0.000e+00
      38116     20.500     6.5213     6.5211    3.23889    3.23872          1     3.6235     3.3847      87.19      0.545     0.7451     0.2385  1.443e-02  0.1630000    32.2646    32.2628    -0.0018    -0.0002    25.3268    25.3255     20.309     20.402    1473.70    1473.69     6.6606     6.7758    95.8340    97.4890  0.000e+00
      38139     21.000     6.5214     6.5212    3.23901    3.23876          1     3.6239     3.3838      97.21      0.539     0.8757     0.2662  8.101e-03  0.1412000    32.2655    32.2631    -0.0024    -0.0003    25.3275    25.3256     20.804     20.899    1473.70    1473.70     6.6629     6.7851    95.8670    97.6240  0.000e+00
      38164     21.500     6.5218     6.5216    3.23929    3.23907          1     3.6239     3.3846      97.24      0.499     0.7033     0.2797  4.008e-03  0.1302000    32.2681    32.2659    -0.0022    -0.0002    25.3295    25.3278     21.299     21.395    1473.72    1473.71     6.6633     6.7963    95.8750    97.7870  0.000e+00
      38190     22.000     6.5216     6.5213    3.23950    3.23925          1     3.6250     3.3861      97.24      0.473     0.7038     0.2434  4.860e-04  0.1377000    32.2703    32.2679    -0.0024    -0.0003    25.3313    25.3294     21.794     21.892    1473.73    1473.72     6.6738     6.8035    96.0270    97.8920  0.000e+00
      38219     22.500     6.5214     6.5213    3.23970    3.23947          1     3.6277     3.3883      97.24      0.426     0.6870     0.2555  1.105e-05  0.1357000    32.2726    32.2700    -0.0026    -0.0001    25.3331    25.3311     22.290     22.389    1473.74    1473.73     6.6823     6.8104    96.1510    97.9920  0.000e+00
      38245     23.000     6.5282     6.5305    3.24319    3.24420          1     3.6295     3.3890      97.27      0.432     0.6522     0.2211 -1.677e-07  0.1320000    32.3043    32.3133     0.0089     0.0023    25.3572    25.3640     22.785     22.885    1473.81    1473.83     6.6749     6.7890    96.0800    97.7330  0.000e+00
      38267     23.500     6.5580     6.5593    3.25715    3.25825          1     3.6284     3.3873      97.25      0.501     0.5949     0.2387  1.000e-12  0.1361000    32.4299    32.4408     0.0109     0.0013    25.4524    25.4609     23.280     23.382    1474.10    1474.12     6.6437     6.7586    95.7770    97.4420  0.000e+00
      38288     24.000     6.6037     6.6102    3.28576    3.28941          1     3.6236     3.3840      97.26      0.560     0.5414     0.2542  1.000e-12  0.1308000    32.7017    32.7359     0.0341     0.0064    25.6608    25.6869     23.776     23.879    1474.63    1474.69     6.5934     6.7003    95.3220    96.9040  0.000e+00
      38311     24.500     6.6392     6.6385    3.31949    3.32353          1     3.6150     3.3765      97.24      0.558     0.4858     0.2501  1.000e-12  0.1380000    33.0397    33.0850     0.0453    -0.0007    25.9227    25.9585     24.271     24.375    1475.20    1475.25     6.5435     6.6439    94.8900    96.3740  0.000e+00
      38335     25.000     6.6303     6.6257    3.34884    3.34989          1     3.6056     3.3686      97.22      0.517     0.4390     0.2306  1.000e-12  0.1421000    33.3723    33.3886     0.0162    -0.0047    26.1860    26.1994     24.766     24.872    1475.59    1475.59     6.5171     6.6260    94.6960    96.2780  0.000e+00
