ctdpy/tests/test_data/exprapp_april_2020/SBE09_1387_20200418_1555_77_10_0357.cnv
* Sea-Bird SBE 9 Data File:
* FileName = L:\2020\sv20d0357.hex
* Software Version Seasave V 7.26.7.121
* Temperature SN = 6378
* Conductivity SN = 4824
* Number of Bytes Per Scan = 41
* Number of Voltage Words = 4
* Number of Scans Averaged by the Deck Unit = 1
* NMEA Latitude = 58 01.00 N
* NMEA Longitude = 017 59.06 E
* NMEA UTC (Time) = Apr 18 2020  15:55:45
* NMEA baud rate = 4800
** Station:  BY32
** Operator:  JKro
** Ship: SVEA
** Average sound velocity: 1441.64 m/s
** True-depth calculation Sat, 18 Apr 2020 17:21:02 +0000
** CTD Python Module SMHI /ver 3-12/ feb 2012 
** LIMS Job: 20207710-0357
** Cruise: SMHI-07-2020
** Latitude [GG MM.mm N] :
** Longitude [GGG MM.mm E]:
# nquan = 30
# nvalues = 397                         
# units = specified
# name 0 = scan: Scan Count
# name 1 = prDM: Pressure, Digiquartz [db]
# name 2 = t090C: Temperature [ITS-90, deg C]
# name 3 = t190C: Temperature, 2 [ITS-90, deg C]
# name 4 = c0S/m: Conductivity [S/m]
# name 5 = c1S/m: Conductivity, 2 [S/m]
# name 6 = pumps: Pump Status
# name 7 = sbeox0V: Oxygen raw, SBE 43 [V]
# name 8 = sbeox1V: Oxygen raw, SBE 43, 2 [V]
# name 9 = altM: Altimeter [m]
# name 10 = dz/dtM: Descent Rate [m/s]
# name 11 = flECO-AFL: Chl-a Fluorescence, WET Labs ECO-AFL/FL [mg/m^3]
# name 12 = flECO-AFL1: Phycocyanin Fluorescence, WET Labs ECO-AFL/FL, 2 [mg/m^3]
# name 13 = par: PAR/Irradiance, Biospherical/Lico [µE/(cm^2*s)]
# name 14 = turbWETntu0: Turbidity, WET Labs ECO [NTU]
# name 15 = sal00: Salinity, Practical [PSU]
# name 16 = sal11: Salinity, Practical, 2 [PSU]
# name 17 = secS-priS: Salinity, Practical, Difference, 2 - 1 [PSU]
# name 18 = T2-T190C: Temperature Difference, 2 - 1 [ITS-90, deg C]
# name 19 = sigma-t00: Density [sigma-t, kg/m^3 ]
# name 20 = sigma-t11: Density, 2 [sigma-t, kg/m^3 ]
# name 21 = depSM: Depth [salt water, m], lat = 58.0167
# name 22 = depFM: Depth [true depth, m], lat = 58.0167
# name 23 = svCM: Sound Velocity [Chen-Millero, m/s]
# name 24 = svCM1: Sound Velocity, 2 [Chen-Millero, m/s]
# name 25 = sbeox0ML/L: Oxygen, SBE 43 [ml/l], WS = 2
# name 26 = sbeox1ML/L: Oxygen, SBE 43, 2 [ml/l], WS = 2
# name 27 = sbeox0PS: Oxygen, SBE 43 [% saturation], WS = 2
# name 28 = sbeox1PS: Oxygen, SBE 43, 2 [% saturation], WS = 2
# name 29 = flag: flag
# span 0 =      15098,      25806       
# span 1 =      1.500,    199.500       
# span 2 =     4.4333,     5.9175       
# span 3 =     4.4324,     5.9173       
# span 4 =   0.781565,   1.155376       
# span 5 =   0.781702,   1.155567       
# span 6 =          1,          1       
# span 7 =     0.7411,     3.8703       
# span 8 =     0.7276,     3.6105       
# span 9 =      -0.13,      97.49       
# span 10 =     -0.292,      0.642      
# span 11 =     0.3196,     3.1165      
# span 12 =     0.1323,     0.8182      
# span 13 = 1.0000e-12, 6.4141e+01      
# span 14 =     0.1033,     2.5088      
# span 15 =     7.2288,    10.6292      
# span 16 =     7.2291,    10.6312      
# span 17 =     0.0002,     0.0112      
# span 18 =    -0.0076,     0.0227      
# span 19 =     5.7109,     8.3538      
# span 20 =     5.7112,     8.3554      
# span 21 =      1.486,    197.556      
# span 22 =      1.519,    201.735      
# span 23 =    1434.07,    1446.94      
# span 24 =    1434.06,    1446.94      
# span 25 =     0.0442,     8.8358      
# span 26 =     0.0798,     8.9917      
# span 27 =      0.543,    104.161      
# span 28 =      0.981,    106.010      
# span 29 = 0.0000e+00, 0.0000e+00      
# interval = decibars: 0.5              
# start_time = Apr 18 2020 15:55:46 [NMEA time, first data scan]
# bad_flag = -9.990e-29
*END*
[from data line 146]
      19171     74.500     5.0981     5.1004    0.88597    0.88676          1     2.5932     2.4701      96.89      0.525     0.3325     0.1323  1.000e-12  0.1190000     8.1974     8.2048     0.0073     0.0022     6.4776     6.4833     73.796     75.445    1438.32    1438.34     4.6240     4.5239    54.7880    53.6070  0.000e+00
      19195     75.000     5.1649     5.1683    0.89920    0.90025          1     2.4904     2.3783      96.89      0.497     0.3330     0.2235  1.000e-12  0.1124000     8.3126     8.3221     0.0095     0.0034     6.5657     6.5731     74.291     75.951    1438.77    1438.80     4.2714     4.1478    50.7330    49.2730  0.000e+00
      19220     75.500     5.2219     5.2244    0.91215    0.91334          1     2.3798     2.2806      96.91      0.492     0.3334     0.2321  1.000e-12  0.1227000     8.4271     8.4383     0.0112     0.0025     6.6536     6.6624     74.787     76.457    1439.17    1439.20     3.9038     3.7693    46.4700    44.8750  0.000e+00
      19245     76.000     5.2642     5.2668    0.92481    0.92567          1     2.2593     2.1735      96.92      0.481     0.3565     0.1925  1.000e-12  0.1178000     8.5421     8.5500     0.0079     0.0026     6.7427     6.7488     75.282     76.963    1439.51    1439.53     3.5529     3.4093    42.3710    40.6630  0.000e+00
      19269     76.500     5.2895     5.2898    0.93715    0.93810          1     2.1485     2.0729      96.92      0.479     0.3469     0.2353  1.000e-12  0.1193000     8.6583     8.6677     0.0094     0.0003     6.8333     6.8407     75.777     77.469    1439.78    1439.79     3.3053     3.1654    39.4740    37.8050  0.000e+00
      19290     77.000     5.3085     5.3082    0.94630    0.94668          1     2.0630     1.9927      84.24      0.524     0.3374     0.1936  1.000e-12  0.1234000     8.7444     8.7482     0.0038    -0.0003     6.9004     6.9034     76.272     77.974    1439.98    1439.98     3.1518     3.0330    37.6800    36.2600  0.000e+00
      19312     77.500     5.3159     5.3160    0.95171    0.95210          1     1.9885     1.9216      64.44      0.565     0.3370     0.2188  1.000e-12  0.1250000     8.7962     8.8001     0.0039     0.0001     6.9410     6.9440     76.767     78.480    1440.08    1440.09     3.0052     2.9062    35.9460    34.7640  0.000e+00
      19339     78.000     5.3303     5.3323    0.95714    0.95771          1     1.9021     1.8398      95.94      0.498     0.3324     0.2500  1.000e-12  0.1241000     8.8465     8.8515     0.0051     0.0021     6.9800     6.9839     77.263     78.986    1440.22    1440.23     2.7633     2.6781    33.0760    32.0580  0.000e+00
      19369     78.500     5.3769     5.3792    0.96732    0.96788          1     1.7978     1.7445      83.46      0.398     0.3464     0.1913  1.000e-12  0.1429000     8.9353     8.9403     0.0050     0.0023     7.0478     7.0517     77.758     79.492    1440.54    1440.56     2.4307     2.3418    29.1460    28.0830  0.000e+00
      19395     79.000     5.4108     5.4122    0.97767    0.97838          1     1.7057     1.6608      91.31      0.430     0.3725     0.1853  1.000e-12  0.1430000     9.0292     9.0358     0.0067     0.0014     7.1203     7.1255     78.253     79.997    1440.81    1440.83     2.1794     2.0915    26.1710    25.1170  0.000e+00
      19416     79.500     5.4349     5.4360    0.98616    0.98693          1     1.6310     1.5920      96.97      0.508     0.3529     0.2004  1.000e-12  0.1377000     9.1070     9.1144     0.0074     0.0011     7.1806     7.1863     78.748     80.503    1441.03    1441.04     2.0046     1.9169    24.0990    23.0470  0.000e+00
      19438     80.000     5.4557     5.4563    0.99292    0.99338          1     1.5632     1.5283      96.97      0.557     0.3643     0.1967  1.000e-12  0.1521000     9.1686     9.1730     0.0045     0.0006     7.2281     7.2316     79.243     81.009    1441.20    1441.21     1.8430     1.7608    22.1780    21.1890  0.000e+00
      19461     80.500     5.4835     5.4858    1.00126    1.00193          1     1.4920     1.4617      96.96      0.543     0.3595     0.1925  1.000e-12  0.1508000     9.2439     9.2499     0.0061     0.0022     7.2861     7.2908     79.738     81.514    1441.42    1441.44     1.6685     1.5956    20.1020    19.2250  0.000e+00
      19490     81.000     5.5118     5.5137    1.01004    1.01066          1     1.4116     1.3861      96.95      0.455     0.3682     0.2174  1.000e-12  0.1542000     9.3234     9.3290     0.0056     0.0019     7.3474     7.3517     80.234     82.020    1441.66    1441.67     1.4804     1.4159    17.8580    17.0800  0.000e+00
      19518     81.500     5.5319     5.5324    1.01719    1.01757          1     1.3374     1.3158      96.96      0.407     0.3750     0.2274  1.000e-12  0.1558000     9.3888     9.3924     0.0036     0.0005     7.3980     7.4008     80.729     82.525    1441.83    1441.84     1.3112     1.2558    15.8310    15.1630  0.000e+00
      19540     82.000     5.5437     5.5442    1.02135    1.02176          1     1.2846     1.2651      96.94      0.472     0.3893     0.2146  1.000e-12  0.1557000     9.4268     9.4308     0.0040     0.0004     7.4273     7.4304     81.224     83.031    1441.94    1441.95     1.2018     1.1588    14.5180    14.0000  0.000e+00
      19560     82.500     5.5571     5.5576    1.02704    1.02750          1     1.2426     1.2253      96.93      0.562     0.3903     0.2064  1.000e-12  0.1643000     9.4796     9.4841     0.0044     0.0005     7.4683     7.4718     81.719     83.536    1442.07    1442.08     1.1105     1.0821    13.4250    13.0820  0.000e+00
      19579     83.000     5.6043     5.6056    1.03448    1.03501          1     1.2044     1.1891      96.91      0.619     0.3879     0.2057  1.000e-12  0.1673000     9.5402     9.5451     0.0049     0.0012     7.5135     7.5173     82.214     84.042    1442.36    1442.37     1.0434     1.0293    12.6340    12.4630  0.000e+00
      19602     83.500     5.6299     5.6300    1.04050    1.04092          1     1.1680     1.1533      96.87      0.585     0.3826     0.1836  1.000e-12  0.1728000     9.5928     9.5969     0.0041     0.0001     7.5536     7.5568     82.709     84.547    1442.55    1442.55     1.0029     1.0084    12.1550    12.2220  0.000e+00
      19633     84.000     5.6315     5.6311    1.04384    1.04386          1     1.1262     1.1130      96.90      0.426     0.3765     0.2437  1.000e-12  0.1856000     9.6254     9.6257     0.0003    -0.0005     7.5793     7.5796     83.205     85.053    1442.60    1442.60     0.8617     0.8744    10.4470    10.6000  0.000e+00
      19664     84.500     5.6390     5.6392    1.04643    1.04674          1     1.0696     1.0626      96.85      0.368     0.3810     0.2199  1.000e-12  0.1801000     9.6490     9.6519     0.0030     0.0002     7.5974     7.5998     83.700     85.558    1442.67    1442.68     0.6451     0.6373     7.8230     7.7280  0.000e+00
      19685     85.000     5.6306     5.6294    1.05018    1.05043          1     1.0257     1.0229      95.59      0.463     0.3957     0.2189  1.000e-12  0.1672000     9.6885     9.6914     0.0029    -0.0012     7.6291     7.6315     84.195     86.064    1442.69    1442.69     0.5381     0.5227     6.5250     6.3400  0.000e+00
      19704     85.500     5.6166     5.6163    1.05256    1.05271          1     0.9922     0.9914      96.71      0.579     0.3907     0.2218  1.000e-12  0.1898000     9.7162     9.7179     0.0017    -0.0003     7.6517     7.6530     84.690     86.569    1442.68    1442.68     0.4744     0.4621     5.7530     5.6030  0.000e+00
      19725     86.000     5.6216     5.6216    1.05550    1.05569          1     0.9588     0.9594      96.90      0.620     0.3965     0.2254  1.000e-12  0.2146000     9.7440     9.7459     0.0019     0.0000     7.6734     7.6748     85.185     87.074    1442.74    1442.74     0.4112     0.4086     4.9880     4.9560  0.000e+00
      19755     86.500     5.6297     5.6295    1.05905    1.05912          1     0.9171     0.9194      96.88      0.457     0.4102     0.2258  1.000e-12  0.2446000     9.7770     9.7777     0.0007    -0.0002     7.6989     7.6995     85.680     87.580    1442.83    1442.83     0.3398     0.3499     4.1230     4.2450  0.000e+00
      19786     87.000     5.6446     5.6444    1.06365    1.06378          1     0.8831     0.8856      96.90      0.354     0.4101     0.1730  1.000e-12  0.2894000     9.8184     9.8197     0.0014    -0.0002     7.7307     7.7318     86.176     88.085    1442.95    1442.95     0.2798     0.3048     3.3970     3.7010  0.000e+00
      19808     87.500     5.6567     5.6567    1.06637    1.06659          1     0.8615     0.8650      96.92      0.470     0.4119     0.1953  1.000e-12  0.2801000     9.8418     9.8440     0.0021     0.0000     7.7486     7.7503     86.671     88.591    1443.04    1443.04     0.2187     0.2454     2.6570     2.9820  0.000e+00
      19828     88.000     5.6735     5.6746    1.06920    1.06956          1     0.8408     0.8452      96.92      0.576     0.4073     0.2320  1.000e-12  0.2810000     9.8650     9.8682     0.0033     0.0011     7.7659     7.7684     87.166     89.096    1443.15    1443.16     0.1706     0.1953     2.0740     2.3740  0.000e+00
      19853     88.500     5.6794     5.6791    1.07297    1.07309          1     0.8184     0.8231      96.92      0.536     0.3940     0.2463  1.000e-12  0.2843000     9.9007     9.9020     0.0013    -0.0003     7.7937     7.7948     87.661     89.601    1443.23    1443.23     0.1345     0.1630     1.6360     1.9820  0.000e+00
      19880     89.000     5.6742     5.6739    1.07412    1.07421          1     0.7997     0.8038      96.91      0.440     0.3866     0.2246  1.000e-12  0.2873000     9.9136     9.9146     0.0010    -0.0003     7.8042     7.8050     88.156     90.107    1443.23    1443.23     0.1180     0.1565     1.4350     1.9030  0.000e+00
      19903     89.500     5.6734     5.6733    1.07523    1.07545          1     0.7888     0.7921      96.87      0.479     0.3874     0.2350  1.000e-12  0.3443000     9.9248     9.9270     0.0022    -0.0001     7.8131     7.8148     88.651     90.612    1443.25    1443.25     0.1133     0.1625     1.3780     1.9760  0.000e+00
      19923     90.000     5.6796     5.6795    1.07854    1.07883          1     0.7819     0.7843      96.80      0.561     0.3964     0.2350  1.000e-12  0.4463000     9.9559     9.9588     0.0029    -0.0001     7.8372     7.8395     89.146     91.117    1443.32    1443.32     0.1120     0.1675     1.3630     2.0370  0.000e+00
      19947     90.500     5.6824     5.6822    1.08089    1.08099          1     0.7764     0.7778      96.82      0.557     0.4168     0.2565  1.000e-12  0.7516000     9.9784     9.9794     0.0011    -0.0002     7.8548     7.8557     89.642     91.622    1443.37    1443.37     0.1096     0.1715     1.3340     2.0860  0.000e+00
      19975     91.000     5.6846     5.6844    1.08215    1.08223          1     0.7714     0.7719      96.84      0.444     0.4177     0.2609  1.000e-12  1.2138000     9.9901     9.9910     0.0009    -0.0002     7.8639     7.8647     90.137     92.128    1443.40    1443.40     0.1071     0.1718     1.3030     2.0900  0.000e+00
      20001     91.500     5.6861     5.6859    1.08376    1.08399          1     0.7687     0.7682      96.86      0.431     0.4179     0.2829  1.000e-12  1.4859000    10.0057    10.0080     0.0023    -0.0002     7.8762     7.8780     90.632     92.633    1443.44    1443.44     0.1060     0.1749     1.2900     2.1290  0.000e+00
      20022     92.000     5.6863     5.6861    1.08526    1.08537          1     0.7671     0.7662      96.88      0.510     0.4321     0.2424  1.000e-12  1.8136000    10.0205    10.0217     0.0012    -0.0003     7.8878     7.8888     91.127     93.138    1443.46    1443.47     0.1032     0.1750     1.2560     2.1300  0.000e+00
      20042     92.500     5.6881     5.6877    1.08558    1.08566          1     0.7653     0.7644      96.86      0.585     0.4501     0.2398  1.000e-12  2.1604000    10.0230    10.0239     0.0009    -0.0004     7.8897     7.8904     91.622     93.644    1443.48    1443.48     0.1010     0.1706     1.2300     2.0770  0.000e+00
      20067     93.000     5.6892     5.6890    1.08600    1.08612          1     0.7641     0.7624      96.84      0.547     0.4474     0.1901  1.000e-12  2.2206000    10.0268    10.0281     0.0012    -0.0002     7.8926     7.8936     92.117     94.149    1443.50    1443.50     0.0993     0.1690     1.2090     2.0570  0.000e+00
      20099     93.500     5.6918     5.6916    1.08745    1.08755          1     0.7625     0.7602      96.86      0.388     0.4422     0.1734  1.000e-12  2.3045000    10.0405    10.0415     0.0010    -0.0002     7.9032     7.9040     92.612     94.654    1443.54    1443.54     0.0960     0.1635     1.1690     1.9900  0.000e+00
      20127     94.000     5.6995     5.6991    1.08977    1.08993          1     0.7614     0.7585      96.85      0.392     0.4554     0.2270  1.000e-12  2.3814000    10.0611    10.0629     0.0018    -0.0003     7.9191     7.9205     93.108     95.159    1443.60    1443.61     0.0945     0.1614     1.1500     1.9660  0.000e+00
      20148     94.500     5.7046     5.7045    1.09174    1.09198          1     0.7606     0.7574      96.82      0.500     0.4501     0.2252  1.000e-12  2.4324000    10.0792    10.0816     0.0024    -0.0001     7.9331     7.9350     93.603     95.665    1443.66    1443.66     0.0935     0.1618     1.1390     1.9710  0.000e+00
      20168     95.000     5.7142     5.7142    1.09457    1.09482          1     0.7601     0.7569      96.77      0.581     0.4401     0.2397  1.000e-12  2.4824000    10.1044    10.1069     0.0024     0.0000     7.9524     7.9543     94.098     96.170    1443.74    1443.74     0.0915     0.1668     1.1160     2.0320  0.000e+00
      20191     95.500     5.7213     5.7213    1.09678    1.09694          1     0.7594     0.7565      63.88      0.561     0.4460     0.2798  1.000e-12  2.5088000    10.1243    10.1258     0.0015     0.0000     7.9676     7.9688     94.593     96.675    1443.80    1443.80     0.0896     0.1603     1.0920     1.9550  0.000e+00
      20217     96.000     5.7267     5.7268    1.09827    1.09845          1     0.7587     0.7555      83.48      0.478     0.4401     0.2461  1.000e-12  2.4853000    10.1374    10.1391     0.0018     0.0000     7.9776     7.9790     95.088     97.180    1443.85    1443.85     0.0885     0.1565     1.0800     1.9090  0.000e+00
      20243     96.500     5.7290     5.7290    1.09884    1.09897          1     0.7581     0.7544      95.85      0.463     0.4447     0.1965  1.000e-12  2.4517000    10.1423    10.1435     0.0013    -0.0001     7.9814     7.9824     95.583     97.686    1443.87    1443.87     0.0881     0.1526     1.0740     1.8610  0.000e+00
      20268     97.000     5.7301     5.7300    1.09916    1.09926          1     0.7575     0.7534      96.06      0.479     0.4424     0.2111  1.000e-12  2.4271000    10.1450    10.1461     0.0011    -0.0001     7.9835     7.9843     96.078     98.191    1443.89    1443.89     0.0856     0.1494     1.0430     1.8220  0.000e+00
      20293     97.500     5.7325     5.7324    1.09977    1.09993          1     0.7570     0.7525      96.64      0.476     0.4580     0.1745  1.000e-12  2.3940000    10.1503    10.1519     0.0016    -0.0001     7.9875     7.9888     96.574     98.696    1443.92    1443.92     0.0848     0.1519     1.0340     1.8530  0.000e+00
