ctdpy/tests/test_data/exprapp_april_2020/SBE09_1387_20200418_1555_77_10_0357.cnv
* Sea-Bird SBE 9 Data File:
* FileName = L:\2020\sv20d0357.hex
* Software Version Seasave V 7.26.7.121
* Temperature SN = 6378
* Conductivity SN = 4824
* Number of Bytes Per Scan = 41
* Number of Voltage Words = 4
* Number of Scans Averaged by the Deck Unit = 1
* NMEA Latitude = 58 01.00 N
* NMEA Longitude = 017 59.06 E
* NMEA UTC (Time) = Apr 18 2020  15:55:45
* NMEA baud rate = 4800
** Station:  BY32
** Operator:  JKro
** Ship: SVEA
** Average sound velocity: 1441.64 m/s
** True-depth calculation Sat, 18 Apr 2020 17:21:02 +0000
** CTD Python Module SMHI /ver 3-12/ feb 2012 
** LIMS Job: 20207710-0357
** Cruise: SMHI-07-2020
** Latitude [GG MM.mm N] :
** Longitude [GGG MM.mm E]:
# nquan = 30
# nvalues = 397                         
# units = specified
# name 0 = scan: Scan Count
# name 1 = prDM: Pressure, Digiquartz [db]
# name 2 = t090C: Temperature [ITS-90, deg C]
# name 3 = t190C: Temperature, 2 [ITS-90, deg C]
# name 4 = c0S/m: Conductivity [S/m]
# name 5 = c1S/m: Conductivity, 2 [S/m]
# name 6 = pumps: Pump Status
# name 7 = sbeox0V: Oxygen raw, SBE 43 [V]
# name 8 = sbeox1V: Oxygen raw, SBE 43, 2 [V]
# name 9 = altM: Altimeter [m]
# name 10 = dz/dtM: Descent Rate [m/s]
# name 11 = flECO-AFL: Chl-a Fluorescence, WET Labs ECO-AFL/FL [mg/m^3]
# name 12 = flECO-AFL1: Phycocyanin Fluorescence, WET Labs ECO-AFL/FL, 2 [mg/m^3]
# name 13 = par: PAR/Irradiance, Biospherical/Lico [µE/(cm^2*s)]
# name 14 = turbWETntu0: Turbidity, WET Labs ECO [NTU]
# name 15 = sal00: Salinity, Practical [PSU]
# name 16 = sal11: Salinity, Practical, 2 [PSU]
# name 17 = secS-priS: Salinity, Practical, Difference, 2 - 1 [PSU]
# name 18 = T2-T190C: Temperature Difference, 2 - 1 [ITS-90, deg C]
# name 19 = sigma-t00: Density [sigma-t, kg/m^3 ]
# name 20 = sigma-t11: Density, 2 [sigma-t, kg/m^3 ]
# name 21 = depSM: Depth [salt water, m], lat = 58.0167
# name 22 = depFM: Depth [true depth, m], lat = 58.0167
# name 23 = svCM: Sound Velocity [Chen-Millero, m/s]
# name 24 = svCM1: Sound Velocity, 2 [Chen-Millero, m/s]
# name 25 = sbeox0ML/L: Oxygen, SBE 43 [ml/l], WS = 2
# name 26 = sbeox1ML/L: Oxygen, SBE 43, 2 [ml/l], WS = 2
# name 27 = sbeox0PS: Oxygen, SBE 43 [% saturation], WS = 2
# name 28 = sbeox1PS: Oxygen, SBE 43, 2 [% saturation], WS = 2
# name 29 = flag: flag
# span 0 =      15098,      25806       
# span 1 =      1.500,    199.500       
# span 2 =     4.4333,     5.9175       
# span 3 =     4.4324,     5.9173       
# span 4 =   0.781565,   1.155376       
# span 5 =   0.781702,   1.155567       
# span 6 =          1,          1       
# span 7 =     0.7411,     3.8703       
# span 8 =     0.7276,     3.6105       
# span 9 =      -0.13,      97.49       
# span 10 =     -0.292,      0.642      
# span 11 =     0.3196,     3.1165      
# span 12 =     0.1323,     0.8182      
# span 13 = 1.0000e-12, 6.4141e+01      
# span 14 =     0.1033,     2.5088      
# span 15 =     7.2288,    10.6292      
# span 16 =     7.2291,    10.6312      
# span 17 =     0.0002,     0.0112      
# span 18 =    -0.0076,     0.0227      
# span 19 =     5.7109,     8.3538      
# span 20 =     5.7112,     8.3554      
# span 21 =      1.486,    197.556      
# span 22 =      1.519,    201.735      
# span 23 =    1434.07,    1446.94      
# span 24 =    1434.06,    1446.94      
# span 25 =     0.0442,     8.8358      
# span 26 =     0.0798,     8.9917      
# span 27 =      0.543,    104.161      
# span 28 =      0.981,    106.010      
# span 29 = 0.0000e+00, 0.0000e+00      
# interval = decibars: 0.5              
# start_time = Apr 18 2020 15:55:46 [NMEA time, first data scan]
# bad_flag = -9.990e-29
*END*
[from data line 339]
      23938    171.000     5.9043     5.9042    1.15037    1.15060          1     0.7426     0.7304      29.42      0.510     0.4519     0.2368  1.000e-12  0.6115000    10.5885    10.5909     0.0023    -0.0002     8.3226     8.3244    169.345    172.947    1446.38    1446.38     0.0484     0.0896     0.5950     1.1000  0.000e+00
      23966    171.500     5.9057     5.9055    1.15070    1.15089          1     0.7426     0.7303      28.87      0.466     0.4479     0.2487  1.000e-12  0.6126000    10.5913    10.5933     0.0020    -0.0002     8.3246     8.3263    169.840    173.452    1446.39    1446.40     0.0482     0.0895     0.5920     1.1000  0.000e+00
      23994    172.000     5.9071     5.9068    1.15096    1.15117          1     0.7425     0.7303      28.33      0.403     0.4405     0.2442  1.000e-12  0.6059000    10.5934    10.5955     0.0021    -0.0003     8.3262     8.3279    170.335    173.957    1446.41    1446.41     0.0478     0.0903     0.5870     1.1090  0.000e+00
      24015    172.500     5.9075     5.9071    1.15103    1.15123          1     0.7423     0.7303      27.87      0.484     0.4501     0.2348  1.000e-12  0.6096000    10.5939    10.5959     0.0021    -0.0003     8.3266     8.3282    170.830    174.462    1446.42    1446.42     0.0472     0.0918     0.5800     1.1280  0.000e+00
      24033    173.000     5.9076     5.9074    1.15113    1.15133          1     0.7425     0.7304      27.43      0.600     0.4389     0.2350  1.000e-12  0.6096000    10.5947    10.5968     0.0021    -0.0003     8.3272     8.3289    171.325    174.967    1446.43    1446.43     0.0486     0.0910     0.5970     1.1180  0.000e+00
      24056    173.500     5.9080     5.9078    1.15126    1.15146          1     0.7425     0.7305      26.86      0.613     0.4488     0.2377  1.000e-12  0.5995000    10.5958    10.5978     0.0020    -0.0002     8.3281     8.3297    171.820    175.472    1446.44    1446.44     0.0481     0.0918     0.5910     1.1280  0.000e+00
      24091    174.000     5.9080     5.9079    1.15138    1.15157          1     0.7425     0.7303      26.23      0.355     0.4446     0.2280  1.000e-12  0.5806000    10.5969    10.5988     0.0019    -0.0001     8.3289     8.3305    172.315    175.977    1446.45    1446.45     0.0476     0.0898     0.5850     1.1030  0.000e+00
      24119    174.500     5.9089     5.9086    1.15160    1.15180          1     0.7423     0.7305      25.73      0.359     0.4373     0.2149  1.000e-12  0.5751000    10.5987    10.6008     0.0021    -0.0003     8.3303     8.3320    172.810    176.482    1446.47    1446.47     0.0476     0.0922     0.5840     1.1330  0.000e+00
      24138    175.000     5.9097     5.9092    1.15172    1.15192          1     0.7423     0.7304      25.39      0.522     0.4382     0.2361  1.000e-12  0.5797000    10.5996    10.6017     0.0021    -0.0005     8.3310     8.3327    173.305    176.987    1446.48    1446.48     0.0477     0.0895     0.5860     1.1000  0.000e+00
      24156    175.500     5.9099     5.9096    1.15184    1.15206          1     0.7424     0.7304      24.88      0.634     0.4399     0.2628  1.000e-12  0.5914000    10.6006    10.6029     0.0023    -0.0003     8.3318     8.3336    173.800    177.493    1446.49    1446.49     0.0477     0.0903     0.5850     1.1100  0.000e+00
      24180    176.000     5.9103     5.9101    1.15203    1.15223          1     0.7423     0.7304      24.29      0.587     0.4381     0.2424  1.000e-12  0.5768000    10.6023    10.6044     0.0021    -0.0002     8.3331     8.3347    174.294    177.998    1446.50    1446.50     0.0478     0.0918     0.5870     1.1280  0.000e+00
      24214    176.500     5.9107     5.9104    1.15224    1.15244          1     0.7426     0.7304      23.67      0.382     0.4546     0.2090  1.000e-12  0.5716000    10.6041    10.6063     0.0021    -0.0003     8.3345     8.3362    174.789    178.503    1446.51    1446.51     0.0483     0.0892     0.5940     1.0960  0.000e+00
      24242    177.000     5.9103     5.9100    1.15234    1.15255          1     0.7422     0.7303      23.16      0.371     0.4563     0.2060  1.000e-12  0.5612000    10.6052    10.6074     0.0022    -0.0003     8.3353     8.3371    175.284    179.008    1446.52    1446.52     0.0467     0.0902     0.5740     1.1080  0.000e+00
      24262    177.500     5.9105     5.9102    1.15246    1.15268          1     0.7424     0.7302      22.79      0.499     0.4394     0.1762  1.000e-12  0.5478000    10.6062    10.6085     0.0022    -0.0004     8.3362     8.3379    175.779    179.513    1446.53    1446.53     0.0480     0.0901     0.5890     1.1070  0.000e+00
      24279    178.000     5.9108     5.9105    1.15264    1.15285          1     0.7423     0.7303      22.28      0.625     0.4503     0.2244  1.000e-12  0.5308000    10.6078    10.6100     0.0022    -0.0003     8.3374     8.3391    176.274    180.018    1446.54    1446.54     0.0473     0.0909     0.5810     1.1170  0.000e+00
      24301    178.500     5.9110     5.9107    1.15274    1.15294          1     0.7424     0.7303      21.74      0.634     0.4524     0.2564  1.000e-12  0.5346000    10.6087    10.6108     0.0021    -0.0003     8.3381     8.3397    176.769    180.523    1446.55    1446.55     0.0476     0.0909     0.5850     1.1160  0.000e+00
      24334    179.000     5.9111     5.9109    1.15281    1.15300          1     0.7422     0.7303      21.09      0.398     0.4537     0.2642  1.000e-12  0.5229000    10.6092    10.6112     0.0020    -0.0002     8.3385     8.3401    177.264    181.028    1446.56    1446.56     0.0468     0.0905     0.5750     1.1120  0.000e+00
      24362    179.500     5.9113     5.9110    1.15285    1.15306          1     0.7422     0.7304      20.63      0.373     0.4488     0.2631  1.000e-12  0.5334000    10.6095    10.6116     0.0021    -0.0003     8.3387     8.3404    177.759    181.533    1446.57    1446.57     0.0473     0.0907     0.5810     1.1150  0.000e+00
      24383    180.000     5.9117     5.9113    1.15291    1.15311          1     0.7421     0.7303      20.20      0.504     0.4395     0.2649  1.000e-12  0.5181000    10.6099    10.6120     0.0021    -0.0004     8.3390     8.3406    178.254    182.038    1446.58    1446.58     0.0475     0.0905     0.5840     1.1120  0.000e+00
      24404    180.500     5.9118     5.9116    1.15303    1.15323          1     0.7422     0.7304      19.70      0.585     0.4359     0.2430  1.000e-12  0.5236000    10.6110    10.6131     0.0021    -0.0003     8.3398     8.3414    178.749    182.543    1446.59    1446.59     0.0475     0.0910     0.5830     1.1180  0.000e+00
      24429    181.000     5.9115     5.9113    1.15310    1.15329          1     0.7422     0.7303      19.13      0.532     0.4387     0.1922  1.000e-12  0.5137000    10.6116    10.6136     0.0020    -0.0002     8.3403     8.3419    179.244    183.048    1446.60    1446.60     0.0474     0.0903     0.5820     1.1090  0.000e+00
      24455    181.500     5.9114     5.9111    1.15312    1.15331          1     0.7423     0.7303      18.23      0.454     0.4508     0.2284  1.000e-12  0.5059000    10.6118    10.6138     0.0020    -0.0003     8.3405     8.3421    179.739    183.553    1446.60    1446.61     0.0475     0.0897     0.5840     1.1020  0.000e+00
      24480    182.000     5.9112     5.9111    1.15314    1.15335          1     0.7422     0.7302      18.01      0.467     0.4504     0.2028  1.000e-12  0.4943000    10.6120    10.6141     0.0021    -0.0002     8.3406     8.3423    180.234    184.058    1446.61    1446.61     0.0467     0.0892     0.5740     1.0960  0.000e+00
      24506    182.500     5.9114     5.9111    1.15322    1.15342          1     0.7420     0.7301      17.56      0.471     0.4389     0.2027  1.000e-12  0.4932000    10.6126    10.6147     0.0021    -0.0002     8.3411     8.3428    180.729    184.563    1446.62    1446.62     0.0463     0.0894     0.5690     1.0990  0.000e+00
      24532    183.000     5.9113     5.9110    1.15330    1.15351          1     0.7421     0.7301      17.04      0.452     0.4514     0.2387  1.000e-12  0.4872000    10.6133    10.6156     0.0023    -0.0003     8.3417     8.3435    181.224    185.068    1446.63    1446.63     0.0476     0.0872     0.5850     1.0710  0.000e+00
      24555    183.500     5.9113     5.9109    1.15340    1.15360          1     0.7422     0.7297      16.56      0.494     0.4522     0.2338  1.000e-12  0.4848000    10.6142    10.6163     0.0021    -0.0003     8.3424     8.3441    181.718    185.573    1446.64    1446.64     0.0476     0.0860     0.5850     1.0570  0.000e+00
      24578    184.000     5.9113     5.9112    1.15344    1.15364          1     0.7421     0.7295      16.07      0.534     0.4288     0.2215  1.000e-12  0.4738000    10.6146    10.6166     0.0021    -0.0002     8.3427     8.3443    182.213    186.078    1446.65    1446.65     0.0463     0.0857     0.5690     1.0530  0.000e+00
      24604    184.500     5.9118     5.9116    1.15353    1.15374          1     0.7420     0.7291      15.52      0.494     0.4460     0.1804  1.000e-12  0.4798000    10.6152    10.6174     0.0022    -0.0003     8.3431     8.3449    182.708    186.584    1446.66    1446.66     0.0459     0.0843     0.5640     1.0360  0.000e+00
      24630    185.000     5.9127     5.9125    1.15371    1.15391          1     0.7419     0.7292      14.99      0.453     0.4498     0.2545  1.000e-12  0.4812000    10.6166    10.6187     0.0021    -0.0002     8.3442     8.3459    183.203    187.089    1446.67    1446.67     0.0460     0.0876     0.5650     1.0770  0.000e+00
      24654    185.500     5.9135     5.9133    1.15395    1.15416          1     0.7417     0.7290      14.54      0.480     0.4623     0.2416  1.000e-12  0.4811000    10.6187    10.6208     0.0021    -0.0002     8.3458     8.3475    183.698    187.594    1446.69    1446.69     0.0455     0.0849     0.5590     1.0440  0.000e+00
      24676    186.000     5.9141     5.9139    1.15415    1.15437          1     0.7419     0.7290      14.02      0.523     0.4381     0.2264  1.000e-12  0.5184000    10.6204    10.6226     0.0022    -0.0002     8.3471     8.3488    184.193    188.099    1446.70    1446.70     0.0474     0.0866     0.5820     1.0640  0.000e+00
      24700    186.500     5.9144     5.9142    1.15430    1.15450          1     0.7418     0.7290      13.44      0.526     0.4385     0.2316  1.000e-12  0.4727000    10.6217    10.6238     0.0021    -0.0002     8.3481     8.3497    184.688    188.604    1446.71    1446.71     0.0452     0.0866     0.5560     1.0650  0.000e+00
      24725    187.000     5.9146     5.9145    1.15436    1.15457          1     0.7416     0.7290      12.88      0.483     0.4399     0.2503  1.000e-12  0.4778000    10.6222    10.6243     0.0021    -0.0001     8.3484     8.3501    185.183    189.109    1446.72    1446.72     0.0448     0.0880     0.5510     1.0810  0.000e+00
      24751    187.500     5.9152     5.9150    1.15451    1.15472          1     0.7417     0.7292      12.40      0.460     0.4493     0.2116  1.000e-12  0.4620000    10.6234    10.6255     0.0021    -0.0002     8.3494     8.3511    185.678    189.614    1446.73    1446.73     0.0479     0.0881     0.5890     1.0820  0.000e+00
      24776    188.000     5.9156     5.9154    1.15463    1.15485          1     0.7419     0.7291      11.91      0.473     0.4502     0.1971  1.000e-12  0.4557000    10.6244    10.6266     0.0022    -0.0002     8.3501     8.3519    186.173    190.119    1446.74    1446.74     0.0465     0.0857     0.5720     1.0530  0.000e+00
      24800    188.500     5.9160     5.9158    1.15476    1.15496          1     0.7418     0.7291      11.40      0.494     0.4497     0.2074  1.000e-12  0.4497000    10.6254    10.6275     0.0021    -0.0003     8.3509     8.3526    186.668    190.624    1446.75    1446.76     0.0449     0.0871     0.5520     1.0710  0.000e+00
      24822    189.000     5.9161     5.9159    1.15481    1.15500          1     0.7416     0.7291      10.94      0.528     0.4594     0.1855  1.000e-12  0.4471000    10.6258    10.6278     0.0020    -0.0003     8.3512     8.3528    187.163    191.129    1446.76    1446.76     0.0452     0.0869     0.5550     1.0690  0.000e+00
      24846    189.500     5.9162     5.9160    1.15485    1.15505          1     0.7416     0.7291      10.37      0.524     0.4599     0.1931  1.000e-12  0.4475000    10.6261    10.6281     0.0020    -0.0003     8.3514     8.3530    187.658    191.634    1446.77    1446.77     0.0457     0.0869     0.5620     1.0690  0.000e+00
      24881    190.000     5.9162     5.9160    1.15486    1.15506          1     0.7417     0.7292       9.77      0.376     0.4413     0.1926  1.000e-12  0.4474000    10.6261    10.6281     0.0020    -0.0002     8.3514     8.3530    188.152    192.139    1446.78    1446.78     0.0461     0.0902     0.5660     1.1090  0.000e+00
      24914    190.500     5.9164     5.9161    1.15491    1.15509          1     0.7416     0.7296       9.26      0.343     0.4444     0.2369  1.000e-12  0.4479000    10.6264    10.6283     0.0019    -0.0003     8.3517     8.3532    188.647    192.644    1446.79    1446.79     0.0452     0.0898     0.5550     1.1030  0.000e+00
      24943    191.000     5.9165     5.9163    1.15495    1.15513          1     0.7415     0.7296       8.75      0.405     0.4434     0.2584  1.000e-12  0.4515000    10.6267    10.6286     0.0019    -0.0002     8.3519     8.3534    189.142    193.149    1446.80    1446.80     0.0449     0.0850     0.5520     1.0440  0.000e+00
      24989    191.500     5.9165     5.9163    1.15497    1.15515          1     0.7414     0.7295       8.17      0.278     0.4520     0.2001  1.000e-12  0.4425000    10.6269    10.6287     0.0018    -0.0002     8.3520     8.3535    189.637    193.654    1446.80    1446.81     0.0449     0.0917     0.5520     1.1270  0.000e+00
      25044    192.000     5.9167     5.9165    1.15503    1.15522          1     0.7413     0.7304       7.65      0.205     0.4367     0.2136  1.000e-12  0.4389000    10.6272    10.6293     0.0020    -0.0002     8.3523     8.3539    190.132    194.159    1446.81    1446.82     0.0447     0.0884     0.5490     1.0870  0.000e+00
      25072    192.500     5.9169     5.9167    1.15510    1.15530          1     0.7413     0.7296       7.25      0.375     0.4589     0.2071  1.000e-12  0.4502000    10.6278    10.6298     0.0020    -0.0002     8.3527     8.3544    190.627    194.664    1446.82    1446.83     0.0458     0.0812     0.5630     0.9970  0.000e+00
      25111    193.000     5.9169     5.9167    1.15511    1.15531          1     0.7414     0.7291       6.63      0.341     0.4509     0.2350  1.000e-12  0.4425000    10.6279    10.6299     0.0020    -0.0002     8.3528     8.3544    191.122    195.169    1446.83    1446.83     0.0448     0.0856     0.5500     1.0520  0.000e+00
      25166    193.500     5.9169     5.9167    1.15512    1.15532          1     0.7413     0.7289       6.08      0.197     0.4575     0.2417  1.000e-12  0.4394000    10.6279    10.6299     0.0020    -0.0002     8.3528     8.3544    191.617    195.674    1446.84    1446.84     0.0449     0.0840     0.5510     1.0320  0.000e+00
      25204    194.000     5.9170     5.9167    1.15513    1.15533          1     0.7412     0.7287       5.66      0.306     0.4521     0.2188  1.000e-12  0.4454000    10.6278    10.6299     0.0020    -0.0003     8.3528     8.3544    192.112    196.180    1446.85    1446.85     0.0445     0.0877     0.5470     1.0780  0.000e+00
