ctdpy/tests/test_data/exprapp_april_2020/SBE09_1387_20200416_1604_77_10_0350.cnv
* Sea-Bird SBE 9 Data File:
* FileName = L:\2020\sv20d0350.hex
* Software Version Seasave V 7.26.7.121
* Temperature SN = 6378
* Conductivity SN = 4824
* Number of Bytes Per Scan = 41
* Number of Voltage Words = 4
* Number of Scans Averaged by the Deck Unit = 1
* NMEA Latitude = 55 22.98 N
* NMEA Longitude = 015 20.04 E
* NMEA UTC (Time) = Apr 16 2020  16:04:40
* NMEA baud rate = 4800
** Station:  BY4
** Operator:  JKro
** Ship: SVEA
** Average sound velocity: 1448.66 m/s
** True-depth calculation Thu, 16 Apr 2020 17:01:23 +0000
** CTD Python Module SMHI /ver 3-12/ feb 2012 
** LIMS Job: 20207710-0350
** Cruise: SMHI-07-2020
** Latitude [GG MM.mm N] :
** Longitude [GGG MM.mm E]:
# nquan = 30
# nvalues = 176                         
# units = specified
# name 0 = scan: Scan Count
# name 1 = prDM: Pressure, Digiquartz [db]
# name 2 = t090C: Temperature [ITS-90, deg C]
# name 3 = t190C: Temperature, 2 [ITS-90, deg C]
# name 4 = c0S/m: Conductivity [S/m]
# name 5 = c1S/m: Conductivity, 2 [S/m]
# name 6 = pumps: Pump Status
# name 7 = sbeox0V: Oxygen raw, SBE 43 [V]
# name 8 = sbeox1V: Oxygen raw, SBE 43, 2 [V]
# name 9 = altM: Altimeter [m]
# name 10 = dz/dtM: Descent Rate [m/s]
# name 11 = flECO-AFL: Chl-a Fluorescence, WET Labs ECO-AFL/FL [mg/m^3]
# name 12 = flECO-AFL1: Phycocyanin Fluorescence, WET Labs ECO-AFL/FL, 2 [mg/m^3]
# name 13 = par: PAR/Irradiance, Biospherical/Lico [µE/(cm^2*s)]
# name 14 = turbWETntu0: Turbidity, WET Labs ECO [NTU]
# name 15 = sal00: Salinity, Practical [PSU]
# name 16 = sal11: Salinity, Practical, 2 [PSU]
# name 17 = secS-priS: Salinity, Practical, Difference, 2 - 1 [PSU]
# name 18 = T2-T190C: Temperature Difference, 2 - 1 [ITS-90, deg C]
# name 19 = sigma-t00: Density [sigma-t, kg/m^3 ]
# name 20 = sigma-t11: Density, 2 [sigma-t, kg/m^3 ]
# name 21 = depSM: Depth [salt water, m], lat = 55.383
# name 22 = depFM: Depth [true depth, m], lat = 55.383
# name 23 = svCM: Sound Velocity [Chen-Millero, m/s]
# name 24 = svCM1: Sound Velocity, 2 [Chen-Millero, m/s]
# name 25 = sbeox0ML/L: Oxygen, SBE 43 [ml/l], WS = 2
# name 26 = sbeox1ML/L: Oxygen, SBE 43, 2 [ml/l], WS = 2
# name 27 = sbeox0PS: Oxygen, SBE 43 [% saturation], WS = 2
# name 28 = sbeox1PS: Oxygen, SBE 43, 2 [% saturation], WS = 2
# name 29 = flag: flag
# span 0 =      28826,      34622       
# span 1 =      1.000,     88.500       
# span 2 =     5.6914,     8.4800       
# span 3 =     5.6913,     8.4801       
# span 4 =   0.896744,   1.867920       
# span 5 =   0.896839,   1.868050       
# span 6 =          1,          1       
# span 7 =     1.2244,     3.7952       
# span 8 =     1.1777,     3.5416       
# span 9 =      -2.32,      97.78       
# span 10 =     -0.114,      0.541      
# span 11 =     0.3086,     1.7515      
# span 12 =     0.1488,     0.5291      
# span 13 = -2.775e-06, 8.7382e+01      
# span 14 =     0.1586,     0.6475      
# span 15 =     8.0449,    16.7227      
# span 16 =     8.0456,    16.7241      
# span 17 =    -0.0128,     0.1372      
# span 18 =    -0.0419,     0.0459      
# span 19 =     6.2970,    12.9231      
# span 20 =     6.2974,    12.9243      
# span 21 =      0.991,     87.681      
# span 22 =      1.012,     89.367      
# span 23 =    1440.83,    1462.65      
# span 24 =    1440.83,    1462.65      
# span 25 =     1.2131,     8.3157      
# span 26 =     1.2587,     8.4705      
# span 27 =     16.444,    101.362      
# span 28 =     17.062,    103.244      
# span 29 = 0.0000e+00, 0.0000e+00      
# interval = decibars: 0.5              
# start_time = Apr 16 2020 16:04:41 [NMEA time, first data scan]
# bad_flag = -9.990e-29
*END*
[from data line 146]
      32602     74.000     8.4777     8.4778    1.82026    1.82044          1     1.5218     1.4621      15.26      0.504     0.3580     0.2347  1.000e-12  0.2877000    16.1944    16.1960     0.0017     0.0001    12.4945    12.4958     73.317     74.784    1462.35    1462.36     1.8512     1.8819    25.0960    25.5110  0.000e+00
      32626     74.500     8.4777     8.4779    1.82348    1.82361          1     1.5055     1.4451      14.73      0.495     0.3600     0.2648  1.000e-12  0.2622000    16.2255    16.2266     0.0011     0.0001    12.5188    12.5196     73.813     75.287    1462.40    1462.40     1.8490     1.8960    25.0700    25.7080  0.000e+00
      32650     75.000     8.4800     8.4801    1.82524    1.82534          1     1.4978     1.4366      14.21      0.500     0.3614     0.2302  1.000e-12  0.2645000    16.2413    16.2422     0.0009     0.0001    12.5308    12.5315     74.308     75.790    1462.44    1462.44     1.8676     1.9403    25.3260    26.3130  0.000e+00
      32675     75.500     8.4757     8.4752    1.82827    1.82855          1     1.4963     1.4349      13.73      0.493     0.3720     0.2346  1.000e-12  0.2788000    16.2725    16.2755     0.0030    -0.0005    12.5557    12.5581     74.803     76.293    1462.47    1462.47     1.8754     1.9554    25.4340    26.5210  0.000e+00
      32701     76.000     8.4437     8.4418    1.83275    1.83301          1     1.4919     1.4302      13.22      0.468     0.3683     0.2362  1.000e-12  0.2637000    16.3305    16.3340     0.0035    -0.0020    12.6045    12.6074     75.299     76.796    1462.42    1462.42     1.8397     1.9056    24.9420    25.8350  0.000e+00
      32726     76.500     8.3936     8.3916    1.83634    1.83661          1     1.4819     1.4207      12.68      0.473     0.3395     0.2517  1.000e-12  0.2762000    16.3885    16.3921     0.0036    -0.0020    12.6553    12.6583     75.794     77.299    1462.30    1462.30     1.7852     1.8376    24.1840    24.8920  0.000e+00
      32749     77.000     8.3836     8.3837    1.84076    1.84106          1     1.4650     1.4063      12.19      0.505     0.3496     0.2506  1.000e-12  0.2924000    16.4360    16.4389     0.0029     0.0000    12.6935    12.6957     76.289     77.802    1462.33    1462.33     1.7182     1.7618    23.2770    23.8690  0.000e+00
      32772     77.500     8.3851     8.3852    1.84520    1.84548          1     1.4464     1.3892      11.67      0.516     0.3621     0.2099  1.000e-12  0.3046000    16.4784    16.4810     0.0026     0.0002    12.7264    12.7284     76.784     78.305    1462.39    1462.40     1.6788     1.7175    22.7510    23.2760  0.000e+00
      32797     78.000     8.3876     8.3874    1.84850    1.84863          1     1.4304     1.3738      11.16      0.493     0.3522     0.2026  1.000e-12  0.2999000    16.5092    16.5106     0.0014    -0.0002    12.7501    12.7512     77.280     78.808    1462.45    1462.45     1.6639     1.7091    22.5550    23.1680  0.000e+00
      32823     78.500     8.3893     8.3893    1.84940    1.84950          1     1.4205     1.3636      10.63      0.470     0.3717     0.2477  1.000e-12  0.3226000    16.5171    16.5180     0.0009     0.0000    12.7561    12.7568     77.775     79.311    1462.48    1462.48     1.6673     1.7222    22.6030    23.3480  0.000e+00
      32849     79.000     8.3869     8.3867    1.85018    1.85025          1     1.4146     1.3572      10.12      0.465     0.3605     0.2288  1.000e-12  0.3259000    16.5256    16.5264     0.0008    -0.0002    12.7630    12.7637     78.270     79.814    1462.48    1462.48     1.6605     1.7202    22.5110    23.3200  0.000e+00
      32873     79.500     8.3835     8.3831    1.85112    1.85120          1     1.4091     1.3514       9.64      0.476     0.3522     0.1739  1.000e-12  0.3470000    16.5362    16.5373     0.0010    -0.0004    12.7717    12.7726     78.766     80.316    1462.49    1462.49     1.6476     1.7074    22.3360    23.1460  0.000e+00
      32896     80.000     8.3764     8.3761    1.85199    1.85208          1     1.4045     1.3465       9.16      0.511     0.3640     0.1785  1.000e-12  0.3229000    16.5479    16.5489     0.0011    -0.0003    12.7816    12.7825     79.261     80.819    1462.49    1462.49     1.6410     1.7008    22.2450    23.0540  0.000e+00
      32919     80.500     8.3754     8.3754    1.85238    1.85248          1     1.4005     1.3427       8.31      0.530     0.3522     0.2216  1.000e-12  0.3563000    16.5520    16.5530     0.0010    -0.0000    12.7849    12.7857     79.756     81.322    1462.50    1462.50     1.6328     1.6965    22.1340    22.9970  0.000e+00
      32955     81.000     8.3733     8.3731    1.85265    1.85269          1     1.3930     1.3360       7.86      0.380     0.3643     0.2215  1.000e-12  0.3482000    16.5555    16.5560     0.0005    -0.0002    12.7879    12.7883     80.251     81.825    1462.50    1462.50     1.6040     1.6669    21.7420    22.5940  0.000e+00
      33000     81.500     8.3686     8.3682    1.85325    1.85338          1     1.3793     1.3238       7.39      0.249     0.3676     0.1874  1.000e-12  0.3614000    16.5634    16.5649     0.0015    -0.0003    12.7946    12.7958     80.747     82.328    1462.50    1462.50     1.5610     1.6144    21.1580    21.8820  0.000e+00
      33034     82.000     8.3628     8.3623    1.85499    1.85518          1     1.3664     1.3120       6.92      0.344     0.3600     0.1986  1.000e-12  0.3821000    16.5830    16.5851     0.0021    -0.0004    12.8105    12.8122     81.242     82.831    1462.51    1462.51     1.5207     1.5716    20.6110    21.3010  0.000e+00
      33074     82.500     8.3587     8.3585    1.85718    1.85728          1     1.3501     1.2970       6.28      0.310     0.3590     0.1841  1.000e-12  0.3357000    16.6061    16.6072     0.0011    -0.0002    12.8290    12.8299     81.737     83.333    1462.53    1462.53     1.4869     1.5381    20.1550    20.8480  0.000e+00
      33128     83.000     8.3563     8.3560    1.85896    1.85907          1     1.3358     1.2828       5.68      0.215     0.3669     0.1998  1.000e-12  0.3444000    16.6245    16.6257     0.0012    -0.0003    12.8436    12.8446     82.233     83.836    1462.55    1462.55     1.4791     1.5358    20.0500    20.8180  0.000e+00
      33186     83.500     8.3495     8.3494    1.86103    1.86111          1     1.3319     1.2767       5.16      0.215     0.3483     0.2074  1.000e-12  0.3774000    16.6477    16.6485     0.0008    -0.0001    12.8625    12.8631     82.728     84.339    1462.56    1462.56     1.4947     1.5573    20.2610    21.1090  0.000e+00
      33271     84.000     8.3432     8.3431    1.86102    1.86108          1     1.3455     1.2880       4.81      0.166     0.3664     0.2213  1.000e-12  0.3405000    16.6505    16.6510     0.0006    -0.0000    12.8653    12.8658     83.223     84.842    1462.55    1462.55     1.5263     1.5960    20.6870    21.6320  0.000e+00
      33340     84.500     8.3365     8.3359    1.86178    1.86197          1     1.3475     1.2897       4.44      0.192     0.3527     0.1570  1.000e-12  0.3114000    16.6609    16.6631     0.0022    -0.0006    12.8742    12.8760     83.718     85.345    1462.54    1462.54     1.5189     1.5754    20.5850    21.3500  0.000e+00
      33426     85.000     8.3354     8.3347    1.86331    1.86340          1     1.3410     1.2845       3.85      0.163     0.3686     0.1846  1.000e-12  0.3760000    16.6763    16.6774     0.0012    -0.0006    12.8863    12.8873     84.214     85.847    1462.56    1462.56     1.4939     1.5507    20.2470    21.0180  0.000e+00
      33482     85.500     8.3339     8.3335    1.86404    1.86419          1     1.3327     1.2770      23.52      0.232     0.3591     0.1806  1.000e-12  0.3607000    16.6839    16.6856     0.0017    -0.0004    12.8924    12.8938     84.709     86.350    1462.57    1462.57     1.4670     1.5220    19.8830    20.6280  0.000e+00
      33554     86.000     8.3336     8.3333    1.86476    1.86489          1     1.3176     1.2622      81.28      0.187     0.3627     0.2234  1.000e-12  0.3546000    16.6909    16.6924     0.0015    -0.0003    12.8980    12.8991     85.204     86.853    1462.59    1462.59     1.4366     1.4777    19.4720    20.0290  0.000e+00
      33605     86.500     8.3336     8.3336    1.86586    1.86614          1     1.3170     1.2576      -2.32      0.277     0.3700     0.1488  1.000e-12  0.3368000    16.7016    16.7042     0.0027     0.0000    12.9063    12.9084     85.700     87.356    1462.61    1462.61     1.4803     1.5325    20.0660    20.7740  0.000e+00
      33800     87.000     8.3328     8.3324    1.86671    1.86686          1     1.2733     1.2210       6.83      0.162     0.3719     0.2255  1.000e-12  0.5012000    16.7101    16.7118     0.0016    -0.0003    12.9131    12.9144     86.195     87.859    1462.62    1462.63     1.2931     1.3298    17.5290    18.0260  0.000e+00
      33889     87.500     8.3307     8.3304    1.86778    1.86793          1     1.2448     1.1960       1.14      0.208     0.3873     0.2245  1.000e-12  0.6230000    16.7214    16.7230     0.0017    -0.0003    12.9221    12.9234     86.690     88.361    1462.64    1462.64     1.2431     1.2858    16.8510    17.4310  0.000e+00
      33998     88.000     8.3306     8.3303    1.86792    1.86805          1     1.2261     1.1777       0.88      0.129     0.3676     0.2248  1.000e-12  0.4810000    16.7227    16.7241     0.0014    -0.0003    12.9231    12.9243     87.185     88.864    1462.65    1462.65     1.2251     1.2777    16.6080    17.3200  0.000e+00
      34622     88.500     8.3298     8.3298    1.86766    1.86770          1     1.2244     1.1799       0.53      0.125     0.3697     0.2109  1.000e-12  0.6475000    16.7204    16.7208     0.0005     0.0000    12.9214    12.9218     87.681     89.367    1462.65    1462.65     1.2131     1.2587    16.4440    17.0620  0.000e+00
