ctdpy/tests/test_data/exprapp_april_2020/SBE09_1387_20200417_0438_77_10_0352.cnv
* Sea-Bird SBE 9 Data File:
* FileName = L:\2020\sv20d0352.hex
* Software Version Seasave V 7.26.7.121
* Temperature SN = 6378
* Conductivity SN = 4824
* Number of Bytes Per Scan = 41
* Number of Voltage Words = 4
* Number of Scans Averaged by the Deck Unit = 1
* NMEA Latitude = 55 33.32 N
* NMEA Longitude = 018 24.01 E
* NMEA UTC (Time) = Apr 17 2020  04:38:12
* NMEA baud rate = 4800
** Station:  BCSIII-10
** Operator:  SSip
** Ship: SVEA
** Average sound velocity: 1439.83 m/s
** True-depth calculation Fri, 17 Apr 2020 06:51:57 +0000
** CTD Python Module SMHI /ver 3-12/ feb 2012 
** LIMS Job: 20207710-0352
** Cruise: SMHI-07-2020
** Latitude [GG MM.mm N] :
** Longitude [GGG MM.mm E]:
# nquan = 30
# nvalues = 170                         
# units = specified
# name 0 = scan: Scan Count
# name 1 = prDM: Pressure, Digiquartz [db]
# name 2 = t090C: Temperature [ITS-90, deg C]
# name 3 = t190C: Temperature, 2 [ITS-90, deg C]
# name 4 = c0S/m: Conductivity [S/m]
# name 5 = c1S/m: Conductivity, 2 [S/m]
# name 6 = pumps: Pump Status
# name 7 = sbeox0V: Oxygen raw, SBE 43 [V]
# name 8 = sbeox1V: Oxygen raw, SBE 43, 2 [V]
# name 9 = altM: Altimeter [m]
# name 10 = dz/dtM: Descent Rate [m/s]
# name 11 = flECO-AFL: Chl-a Fluorescence, WET Labs ECO-AFL/FL [mg/m^3]
# name 12 = flECO-AFL1: Phycocyanin Fluorescence, WET Labs ECO-AFL/FL, 2 [mg/m^3]
# name 13 = par: PAR/Irradiance, Biospherical/Lico [µE/(cm^2*s)]
# name 14 = turbWETntu0: Turbidity, WET Labs ECO [NTU]
# name 15 = sal00: Salinity, Practical [PSU]
# name 16 = sal11: Salinity, Practical, 2 [PSU]
# name 17 = secS-priS: Salinity, Practical, Difference, 2 - 1 [PSU]
# name 18 = T2-T190C: Temperature Difference, 2 - 1 [ITS-90, deg C]
# name 19 = sigma-t00: Density [sigma-t, kg/m^3 ]
# name 20 = sigma-t11: Density, 2 [sigma-t, kg/m^3 ]
# name 21 = depSM: Depth [salt water, m], lat = 55.5553
# name 22 = depFM: Depth [true depth, m], lat = 55.5553
# name 23 = svCM: Sound Velocity [Chen-Millero, m/s]
# name 24 = svCM1: Sound Velocity, 2 [Chen-Millero, m/s]
# name 25 = sbeox0ML/L: Oxygen, SBE 43 [ml/l], WS = 2
# name 26 = sbeox1ML/L: Oxygen, SBE 43, 2 [ml/l], WS = 2
# name 27 = sbeox0PS: Oxygen, SBE 43 [% saturation], WS = 2
# name 28 = sbeox1PS: Oxygen, SBE 43, 2 [% saturation], WS = 2
# name 29 = flag: flag
# span 0 =      65487,      70194       
# span 1 =      1.500,     86.000       
# span 2 =     5.0752,     7.1631       
# span 3 =     5.0752,     7.1570       
# span 4 =   0.831788,   1.325251       
# span 5 =   0.831845,   1.322975       
# span 6 =          1,          1       
# span 7 =     0.7688,     3.6939       
# span 8 =     0.7596,     3.4494       
# span 9 =       4.53,      96.93       
# span 10 =      0.106,      0.864      
# span 11 =     0.3274,     2.1730      
# span 12 =     0.1492,     0.5756      
# span 13 = 1.0000e-12, 4.5990e+02      
# span 14 =     0.1097,     0.8090      
# span 15 =     7.6123,    11.9109      
# span 16 =     7.6130,    11.8909      
# span 17 =    -0.0201,     0.0290      
# span 18 =    -0.0099,     0.0367      
# span 19 =     6.0011,     9.2711      
# span 20 =     6.0015,     9.2559      
# span 21 =      1.486,     85.203      
# span 22 =      1.519,     87.030      
# span 23 =    1437.62,    1451.96      
# span 24 =    1437.63,    1451.90      
# span 25 =     0.1088,     8.2433      
# span 26 =    -0.0362,     8.3968      
# span 27 =      1.368,     98.180      
# span 28 =     -0.450,    100.009      
# span 29 = 0.0000e+00, 0.0000e+00      
# interval = decibars: 0.5              
# start_time = Apr 17 2020 04:38:12 [NMEA time, first data scan]
# bad_flag = -9.990e-29
*END*
      65487      1.500     5.4573     5.4577    0.83463    0.83470          1     3.6939     3.4484      96.06      0.106     1.6593     0.5132  4.599e+02  0.2589000     7.6153     7.6159     0.0006     0.0004     6.0013     6.0017      1.486      1.519    1437.99    1437.99     8.2433     8.3968    98.1800   100.0090  0.000e+00
      65647      2.000     5.4632     5.4646    0.83478    0.83488          1     3.6937     3.4494      95.97      0.351     1.6938     0.4495  4.085e+02  0.2684000     7.6154     7.6160     0.0006     0.0014     6.0011     6.0015      1.982      2.025    1438.03    1438.03     8.2399     8.3931    98.1540    99.9830  0.000e+00
      65688      2.500     5.4620     5.4640    0.83476    0.83487          1     3.6924     3.4480      65.53      0.418     1.8390     0.4477  2.954e+02  0.2688000     7.6154     7.6160     0.0006     0.0020     6.0012     6.0015      2.477      2.531    1438.03    1438.04     8.2311     8.3833    98.0460    99.8640  0.000e+00
      65736      3.000     5.4550     5.4540    0.83458    0.83461          1     3.6896     3.4462      96.93      0.220     1.9585     0.5474  2.530e+02  0.2692000     7.6152     7.6156     0.0005    -0.0010     6.0013     6.0017      2.973      3.037    1438.01    1438.00     8.2303     8.3814    98.0190    99.8160  0.000e+00
      65767      3.500     5.4480     5.4499    0.83440    0.83452          1     3.6897     3.4453      95.95      0.372     1.9430     0.4992  1.884e+02  0.2799000     7.6149     7.6156     0.0007     0.0019     6.0014     6.0019      3.468      3.544    1437.98    1437.99     8.2347     8.3774    98.0540    99.7590  0.000e+00
      65797      4.000     5.4570     5.4548    0.83465    0.83466          1     3.6890     3.4435      95.93      0.394     1.9483     0.5462  1.833e+02  0.2761000     7.6153     7.6158     0.0005    -0.0021     6.0013     6.0018      3.964      4.050    1438.03    1438.02     8.2264     8.3742    97.9770    99.7320  0.000e+00
      65828      4.500     5.4556     5.4547    0.83462    0.83466          1     3.6874     3.4427      95.92      0.396     2.0585     0.4764  1.663e+02  0.2821000     7.6152     7.6158     0.0005    -0.0009     6.0013     6.0018      4.459      4.556    1438.03    1438.03     8.2197     8.3732    97.8940    99.7210  0.000e+00
      65856      5.000     5.4468     5.4497    0.83440    0.83453          1     3.6856     3.4421      95.92      0.384     2.0687     0.5397  1.171e+02  0.2874000     7.6150     7.6156     0.0006     0.0029     6.0015     6.0019      4.955      5.062    1438.00    1438.02     8.2178     8.3806    97.8490    99.7960  0.000e+00
      65873      5.500     5.4420     5.4422    0.83428    0.83435          1     3.6847     3.4421      95.92      0.512     2.0470     0.5255  1.020e+02  0.3028000     7.6148     7.6155     0.0006     0.0002     6.0017     6.0021      5.450      5.569    1437.99    1437.99     8.2230     8.3831    97.8990    99.8070  0.000e+00
      65888      6.000     5.4476     5.4467    0.83443    0.83447          1     3.6849     3.4420      95.90      0.671     2.0530     0.4262  9.239e+01  0.3015000     7.6150     7.6156     0.0006    -0.0010     6.0015     6.0020      5.945      6.075    1438.02    1438.02     8.2265     8.3826    97.9550    99.8110  0.000e+00
      65905      6.500     5.4472     5.4465    0.83444    0.83447          1     3.6851     3.4421      95.88      0.764     2.0702     0.4170  7.335e+01  0.2927000     7.6151     7.6156     0.0005    -0.0007     6.0016     6.0020      6.441      6.581    1438.03    1438.03     8.2275     8.3843    97.9660    99.8310  0.000e+00
      65938      7.000     5.4479     5.4488    0.83446    0.83454          1     3.6858     3.4422      95.87      0.520     2.0395     0.4486  5.829e+01  0.2734000     7.6151     7.6157     0.0006     0.0009     6.0015     6.0020      6.936      7.087    1438.04    1438.04     8.2330     8.3851    98.0340    99.8470  0.000e+00
      65995      7.500     5.4550     5.4564    0.83466    0.83476          1     3.6886     3.4428      86.06      0.134     1.9932     0.4134  5.040e+01  0.2640000     7.6153     7.6161     0.0007     0.0013     6.0014     6.0019      7.432      7.593    1438.08    1438.09     8.2397     8.3905    98.1310    99.9310  0.000e+00
      66010      8.000     5.4635     5.4628    0.83488    0.83494          1     3.6887     3.4432      96.00      0.425     2.0213     0.5178  4.819e+01  0.2626000     7.6155     7.6162     0.0007    -0.0007     6.0012     6.0018      7.927      8.100    1438.12    1438.12     8.2343     8.3891    98.0880    99.9300  0.000e+00
      66023      8.500     5.4634     5.4629    0.83489    0.83495          1     3.6882     3.4434      82.25      0.664     2.0226     0.5598  4.072e+01  0.2679000     7.6156     7.6162     0.0007    -0.0005     6.0012     6.0018      8.423      8.606    1438.13    1438.13     8.2316     8.3883    98.0550    99.9210  0.000e+00
      66037      9.000     5.4633     5.4625    0.83489    0.83494          1     3.6883     3.4435      48.95      0.829     2.0322     0.4416  3.168e+01  0.2694000     7.6155     7.6162     0.0006    -0.0008     6.0012     6.0017      8.918      9.112    1438.14    1438.14     8.2349     8.3905    98.0940    99.9460  0.000e+00
      66056      9.500     5.4624     5.4622    0.83488    0.83493          1     3.6886     3.4439      92.62      0.811     2.0622     0.4672  2.740e+01  0.2759000     7.6155     7.6161     0.0006    -0.0002     6.0012     6.0017      9.414      9.618    1438.14    1438.14     8.2376     8.3939    98.1240    99.9860  0.000e+00
      66096     10.000     5.4620     5.4619    0.83487    0.83493          1     3.6883     3.4439      88.70      0.340     2.0646     0.5377  2.234e+01  0.2682000     7.6155     7.6161     0.0006    -0.0001     6.0012     6.0017      9.909     10.125    1438.15    1438.15     8.2338     8.3858    98.0780    99.8890  0.000e+00
      66132     10.500     5.4624     5.4621    0.83488    0.83494          1     3.6883     3.4434      88.49      0.274     2.0373     0.4493  2.008e+01  0.2578000     7.6154     7.6161     0.0007    -0.0003     6.0012     6.0017     10.405     10.631    1438.16    1438.16     8.2374     8.3878    98.1220    99.9130  0.000e+00
      66150     11.000     5.4618     5.4611    0.83487    0.83493          1     3.6882     3.4434      95.67      0.486     2.0699     0.5021  1.759e+01  0.2861000     7.6154     7.6161     0.0007    -0.0007     6.0012     6.0018     10.900     11.137    1438.16    1438.16     8.2375     8.3898    98.1220    99.9340  0.000e+00
      66166     11.500     5.4618     5.4612    0.83488    0.83493          1     3.6884     3.4435      95.61      0.662     2.0336     0.5202  1.511e+01  0.2756000     7.6154     7.6161     0.0007    -0.0006     6.0012     6.0017     11.396     11.643    1438.17    1438.17     8.2360     8.3906    98.1040    99.9440  0.000e+00
      66187     12.000     5.4626     5.4624    0.83491    0.83496          1     3.6875     3.4434      84.81      0.669     2.0384     0.4930  1.338e+01  0.2796000     7.6155     7.6161     0.0006    -0.0002     6.0012     6.0017     11.891     12.150    1438.18    1438.18     8.2291     8.3893    98.0240    99.9320  0.000e+00
      66229     12.500     5.4623     5.4616    0.83491    0.83495          1     3.6847     3.4426      77.97      0.279     2.1284     0.4621  1.157e+01  0.2808000     7.6154     7.6160     0.0006    -0.0008     6.0012     6.0016     12.386     12.656    1438.19    1438.19     8.2133     8.3744    97.8350    99.7510  0.000e+00
      66258     13.000     5.4588     5.4609    0.83482    0.83493          1     3.6818     3.4403      84.04      0.323     2.1730     0.5756  1.009e+01  0.2863000     7.6153     7.6159     0.0007     0.0021     6.0012     6.0016     12.882     13.162    1438.18    1438.19     8.2055     8.3563    97.7330    99.5350  0.000e+00
      66274     13.500     5.4399     5.4464    0.83432    0.83456          1     3.6798     3.4386      94.96      0.534     2.1334     0.4541  9.091e+00  0.2861000     7.6146     7.6155     0.0008     0.0065     6.0016     6.0020     13.377     13.668    1438.11    1438.14     8.2036     8.3495    97.6630    99.4170  0.000e+00
      66289     14.000     5.4455     5.4429    0.83447    0.83448          1     3.6780     3.4365      81.45      0.710     1.9693     0.4465  7.613e+00  0.2735000     7.6148     7.6155     0.0007    -0.0026     6.0015     6.0021     13.873     14.174    1438.14    1438.13     8.1997     8.3449    97.6310    99.3540  0.000e+00
      66307     14.500     5.4303     5.4321    0.83408    0.83419          1     3.6765     3.4347      86.78      0.760     1.8015     0.4699  6.490e+00  0.2621000     7.6143     7.6150     0.0007     0.0018     6.0018     6.0022     14.368     14.681    1438.08    1438.09     8.2029     8.3478    97.6320    99.3610  0.000e+00
      66345     15.000     5.4305     5.4311    0.83408    0.83417          1     3.6738     3.4318      87.95      0.409     1.6623     0.4151  5.752e+00  0.2376000     7.6143     7.6150     0.0007     0.0006     6.0017     6.0023     14.864     15.187    1438.09    1438.09     8.1972     8.3478    97.5630    99.3590  0.000e+00
      66389     15.500     5.4227     5.4214    0.83391    0.83394          1     3.6707     3.4292      94.99      0.221     1.7276     0.5159  5.553e+00  0.2269000     7.6142     7.6148     0.0006    -0.0013     6.0020     6.0026     15.359     15.693    1438.06    1438.06     8.1957     8.3433    97.5260    99.2800  0.000e+00
      66407     16.000     5.4196     5.4208    0.83383    0.83393          1     3.6704     3.4278      94.35      0.450     1.7992     0.4012  4.882e+00  0.2482000     7.6142     7.6148     0.0007     0.0012     6.0021     6.0026     15.854     16.199    1438.06    1438.06     8.2010     8.3380    97.5820    99.2160  0.000e+00
      66423     16.500     5.4236     5.4237    0.83395    0.83402          1     3.6705     3.4269      94.65      0.641     1.7793     0.4313  4.380e+00  0.2433000     7.6143     7.6150     0.0007     0.0002     6.0021     6.0026     16.350     16.706    1438.08    1438.08     8.2018     8.3398    97.6020    99.2440  0.000e+00
      66439     17.000     5.4239     5.4245    0.83396    0.83405          1     3.6704     3.4262      94.64      0.752     1.7071     0.4820  3.825e+00  0.2366000     7.6143     7.6150     0.0007     0.0006     6.0021     6.0026     16.845     17.212    1438.09    1438.10     8.1986     8.3416    97.5640    99.2690  0.000e+00
      66458     17.500     5.4257     5.4242    0.83403    0.83405          1     3.6697     3.4256      94.70      0.728     1.6387     0.4976  3.180e+00  0.2313000     7.6144     7.6150     0.0006    -0.0015     6.0021     6.0026     17.341     17.718    1438.11    1438.10     8.1908     8.3433    97.4760    99.2880  0.000e+00
      66489     18.000     5.4184     5.4127    0.83384    0.83376          1     3.6675     3.4252      78.17      0.477     1.6516     0.4147  2.739e+00  0.2445000     7.6142     7.6147     0.0005    -0.0057     6.0023     6.0029     17.836     18.224    1438.08    1438.06     8.1898     8.3487    97.4460    99.3220  0.000e+00
      66532     18.500     5.4119     5.4134    0.83368    0.83378          1     3.6668     3.4241      71.93      0.246     1.6130     0.4568  2.456e+00  0.2322000     7.6140     7.6147     0.0006     0.0014     6.0024     6.0028     18.332     18.731    1438.06    1438.07     8.1969     8.3409    97.5150    99.2310  0.000e+00
      66557     19.000     5.4149     5.4102    0.83378    0.83372          1     3.6670     3.4236      95.56      0.384     1.5921     0.4158  2.312e+00  0.2392000     7.6143     7.6148     0.0005    -0.0047     6.0024     6.0031     18.827     19.237    1438.08    1438.06     8.1954     8.3441    97.5040    99.2620  0.000e+00
      66576     19.500     5.4139     5.4126    0.83376    0.83379          1     3.6662     3.4230      12.17      0.534     1.6402     0.3486  2.037e+00  0.2434000     7.6142     7.6148     0.0006    -0.0013     6.0024     6.0030     19.322     19.743    1438.09    1438.08     8.1910     8.3458    97.4490    99.2880  0.000e+00
      66596     20.000     5.4137     5.4143    0.83377    0.83384          1     3.6660     3.4233      95.31      0.618     1.5478     0.3984  1.800e+00  0.2378000     7.6143     7.6149     0.0006     0.0005     6.0025     6.0029     19.818     20.249    1438.10    1438.10     8.1925     8.3449    97.4670    99.2820  0.000e+00
      66617     20.500     5.4137     5.4123    0.83377    0.83381          1     3.6655     3.4226      93.84      0.604     1.5244     0.5224  1.590e+00  0.2330000     7.6143     7.6149     0.0007    -0.0014     6.0025     6.0031     20.313     20.755    1438.10    1438.10     8.1905     8.3370    97.4430    99.1820  0.000e+00
      66643     21.000     5.4147     5.4154    0.83381    0.83388          1     3.6645     3.4215      67.63      0.513     1.5636     0.3693  1.388e+00  0.2226000     7.6144     7.6149     0.0005     0.0007     6.0026     6.0030     20.809     21.262    1438.11    1438.12     8.1850     8.3336    97.3800    99.1500  0.000e+00
      66672     21.500     5.4150     5.4145    0.83383    0.83388          1     3.6633     3.4199      71.57      0.421     1.5462     0.4955  1.202e+00  0.2137000     7.6144     7.6150     0.0006    -0.0005     6.0026     6.0030     21.304     21.768    1438.13    1438.12     8.1845     8.3235    97.3740    99.0280  0.000e+00
      66698     22.000     5.4095     5.4106    0.83368    0.83378          1     3.6624     3.4188      95.20      0.431     1.5059     0.5144  1.049e+00  0.2193000     7.6141     7.6149     0.0008     0.0011     6.0026     6.0031     21.799     22.274    1438.11    1438.11     8.1807     8.3316    97.3160    99.1140  0.000e+00
      66721     22.500     5.4078     5.4074    0.83365    0.83371          1     3.6608     3.4182      89.27      0.494     1.4597     0.4111  9.328e-01  0.2418000     7.6141     7.6148     0.0006    -0.0004     6.0027     6.0032     22.295     22.780    1438.11    1438.11     8.1730     8.3287    97.2200    99.0710  0.000e+00
      66747     23.000     5.4087     5.4047    0.83369    0.83364          1     3.6588     3.4177      84.64      0.487     1.4234     0.4321  8.420e-01  0.2216000     7.6143     7.6147     0.0005    -0.0039     6.0027     6.0033     22.790     23.287    1438.12    1438.10     8.1689     8.3333    97.1730    99.1200  0.000e+00
      66776     23.500     5.4016     5.4017    0.83351    0.83357          1     3.6572     3.4170      63.75      0.423     1.4215     0.3884  7.682e-01  0.2279000     7.6140     7.6146     0.0006     0.0001     6.0029     6.0033     23.286     23.793    1438.10    1438.10     8.1726     8.3279    97.2010    99.0480  0.000e+00
      66801     24.000     5.3948     5.3943    0.83333    0.83338          1     3.6568     3.4165      64.01      0.443     1.4299     0.4107  6.927e-01  0.2067000     7.6138     7.6144     0.0006    -0.0005     6.0030     6.0035     23.781     24.299    1438.08    1438.07     8.1741     8.3320    97.2010    99.0780  0.000e+00
      66820     24.500     5.3933     5.3956    0.83329    0.83343          1     3.6560     3.4160      81.40      0.533     1.3950     0.3730  6.049e-01  0.2071000     7.6136     7.6145     0.0009     0.0023     6.0029     6.0035     24.277     24.805    1438.08    1438.09     8.1719     8.3234    97.1710    98.9790  0.000e+00
      66839     25.000     5.3945     5.3955    0.83334    0.83342          1     3.6554     3.4148      44.29      0.616     1.3410     0.3589  5.301e-01  0.2027000     7.6138     7.6144     0.0006     0.0010     6.0030     6.0034     24.772     25.312    1438.09    1438.10     8.1721     8.3191    97.1760    98.9270  0.000e+00
