ctdpy/tests/test_data/exprapp_april_2020/SBE09_1387_20200414_2056_77_10_0341.cnv
* Sea-Bird SBE 9 Data File:
* FileName = L:\2020\sv20d0341.hex
* Software Version Seasave V 7.26.7.121
* Temperature SN = 6378
* Conductivity SN = 4824
* Number of Bytes Per Scan = 41
* Number of Voltage Words = 4
* Number of Scans Averaged by the Deck Unit = 1
* NMEA Latitude = 58 17.09 N
* NMEA Longitude = 010 30.46 E
* NMEA UTC (Time) = Apr 14 2020  20:56:17
* NMEA baud rate = 4800
** Station:  A17
** Operator:  JKro
** Ship: SVEA
** Average sound velocity: 1481.96 m/s
** True-depth calculation Tue, 14 Apr 2020 22:40:10 +0000
** CTD Python Module SMHI /ver 3-12/ feb 2012 
** LIMS Job: 20207710-0341
** Cruise: SMHI-07-2020
** Latitude [GG MM.mm N] :
** Longitude [GGG MM.mm E]:
# nquan = 30
# nvalues = 667                         
# units = specified
# name 0 = scan: Scan Count
# name 1 = prDM: Pressure, Digiquartz [db]
# name 2 = t090C: Temperature [ITS-90, deg C]
# name 3 = t190C: Temperature, 2 [ITS-90, deg C]
# name 4 = c0S/m: Conductivity [S/m]
# name 5 = c1S/m: Conductivity, 2 [S/m]
# name 6 = pumps: Pump Status
# name 7 = sbeox0V: Oxygen raw, SBE 43 [V]
# name 8 = sbeox1V: Oxygen raw, SBE 43, 2 [V]
# name 9 = altM: Altimeter [m]
# name 10 = dz/dtM: Descent Rate [m/s]
# name 11 = flECO-AFL: Chl-a Fluorescence, WET Labs ECO-AFL/FL [mg/m^3]
# name 12 = flECO-AFL1: Phycocyanin Fluorescence, WET Labs ECO-AFL/FL, 2 [mg/m^3]
# name 13 = par: PAR/Irradiance, Biospherical/Lico [µE/(cm^2*s)]
# name 14 = turbWETntu0: Turbidity, WET Labs ECO [NTU]
# name 15 = sal00: Salinity, Practical [PSU]
# name 16 = sal11: Salinity, Practical, 2 [PSU]
# name 17 = secS-priS: Salinity, Practical, Difference, 2 - 1 [PSU]
# name 18 = T2-T190C: Temperature Difference, 2 - 1 [ITS-90, deg C]
# name 19 = sigma-t00: Density [sigma-t, kg/m^3 ]
# name 20 = sigma-t11: Density, 2 [sigma-t, kg/m^3 ]
# name 21 = depSM: Depth [salt water, m], lat = 58.2848
# name 22 = depFM: Depth [true depth, m], lat = 58.2848
# name 23 = svCM: Sound Velocity [Chen-Millero, m/s]
# name 24 = svCM1: Sound Velocity, 2 [Chen-Millero, m/s]
# name 25 = sbeox0ML/L: Oxygen, SBE 43 [ml/l], WS = 2
# name 26 = sbeox1ML/L: Oxygen, SBE 43, 2 [ml/l], WS = 2
# name 27 = sbeox0PS: Oxygen, SBE 43 [% saturation], WS = 2
# name 28 = sbeox1PS: Oxygen, SBE 43, 2 [% saturation], WS = 2
# name 29 = flag: flag
# span 0 =      41148,      58846       
# span 1 =      3.000,    336.000       
# span 2 =     6.3713,     7.5930       
# span 3 =     6.3711,     7.5927       
# span 4 =   3.074167,   3.598739       
# span 5 =   3.074371,   3.598474       
# span 6 =          1,          1       
# span 7 =     3.2739,     3.6887       
# span 8 =     3.0613,     3.4437       
# span 9 =       0.17,     111.43       
# span 10 =      0.009,      0.979      
# span 11 =     0.1669,     2.0264      
# span 12 =     0.1166,     0.4644      
# span 13 = 9.9993e-13, 8.9362e-01      
# span 14 =     0.1631,     0.7413      
# span 15 =    30.5406,    35.1198      
# span 16 =    30.5442,    35.1161      
# span 17 =    -0.0553,     0.0345      
# span 18 =    -0.0157,     0.0233      
# span 19 =    23.9790,    27.4908      
# span 20 =    23.9820,    27.4880      
# span 21 =      2.972,    332.608      
# span 22 =      2.984,    333.152      
# span 23 =    1470.91,    1484.94      
# span 24 =    1470.91,    1484.94      
# span 25 =     5.7291,     6.8891      
# span 26 =     5.8382,     7.0184      
# span 27 =     85.637,     97.811      
# span 28 =     87.270,     99.647      
# span 29 = 0.0000e+00, 0.0000e+00      
# interval = decibars: 0.5              
# start_time = Apr 14 2020 20:56:17 [NMEA time, first data scan]
# bad_flag = -9.990e-29
*END*
[from data line 339]
      49987    172.500     7.1663     7.1686    3.56080    3.56065          1     3.3555     3.1329      97.17      0.911     0.2062     0.2208  1.000e-12  0.2360000    35.1000    35.0959    -0.0040     0.0023    27.4742    27.4707    170.826    171.077    1482.26    1482.26     5.9426     6.0342    88.4180    89.7830  0.000e+00
      50000    173.000     7.1407     7.1415    3.55828    3.55792          1     3.3545     3.1322      97.16      0.979     0.2037     0.2084  1.000e-12  0.2442000    35.0981    35.0934    -0.0047     0.0008    27.4764    27.4726    171.321    171.572    1482.16    1482.16     5.9438     6.0446    88.3830    89.8800  0.000e+00
      50032    173.500     7.1396     7.1457    3.55815    3.55890          1     3.3516     3.1303      97.17      0.659     0.2011     0.1889  1.000e-12  0.2582000    35.0975    35.0996     0.0021     0.0060    27.4761    27.4769    171.816    172.068    1482.17    1482.20     5.9351     6.0401    88.2500    89.8250  0.000e+00
      50099    174.000     7.1745     7.1978    3.56140    3.56306          1     3.3486     3.1285      97.17      0.098     0.1940     0.1776  1.000e-12  0.2642000    35.0974    35.0920    -0.0054     0.0233    27.4711    27.4635    172.311    172.564    1482.31    1482.39     5.9467     6.0515    88.4940    90.0970  0.000e+00
      50115    174.500     7.1091     7.1267    3.55515    3.55665          1     3.3508     3.1295      97.16      0.423     0.2044     0.1505  1.000e-12  0.2475000    35.0952    35.0937    -0.0015     0.0176    27.4785    27.4749    172.806    173.059    1482.06    1482.13     5.9620     6.0613    88.5870    90.0990  0.000e+00
      50130    175.000     7.1025     7.1043    3.55443    3.55428          1     3.3520     3.1298      97.16      0.632     0.1931     0.1585  1.000e-12  0.2688000    35.0937    35.0901    -0.0035     0.0018    27.4783    27.4753    173.301    173.555    1482.04    1482.05     5.9637     6.0652    88.5990    90.1080  0.000e+00
      50145    175.500     7.0983     7.0976    3.55400    3.55367          1     3.3530     3.1302      97.18      0.763     0.1910     0.2321  1.000e-12  0.2798000    35.0929    35.0900    -0.0029    -0.0006    27.4783    27.4761    173.796    174.051    1482.04    1482.03     5.9628     6.0682    88.5760    90.1400  0.000e+00
      50162    176.000     7.0899     7.0898    3.55317    3.55288          1     3.3529     3.1309      97.17      0.785     0.2107     0.2353  1.000e-12  0.2859000    35.0921    35.0890    -0.0030    -0.0001    27.4788    27.4764    174.291    174.546    1482.01    1482.01     5.9616     6.0743    88.5410    90.2130  0.000e+00
      50182    176.500     7.0858     7.0854    3.55276    3.55245          1     3.3533     3.1320      97.17      0.683     0.1955     0.2305  1.000e-12  0.3157000    35.0915    35.0885    -0.0029    -0.0004    27.4789    27.4766    174.786    175.042    1482.00    1482.00     5.9642     6.0789    88.5710    90.2720  0.000e+00
      50206    177.000     7.0835     7.0830    3.55254    3.55223          1     3.3536     3.1328      97.17      0.549     0.1992     0.2061  1.000e-12  0.3029000    35.0912    35.0882    -0.0030    -0.0005    27.4790    27.4767    175.280    175.537    1482.00    1482.00     5.9647     6.0722    88.5740    90.1670  0.000e+00
      50238    177.500     7.0785     7.0788    3.55205    3.55182          1     3.3542     3.1322      97.16      0.419     0.2021     0.2198  1.000e-12  0.2885000    35.0907    35.0878    -0.0029     0.0003    27.4793    27.4770    175.775    176.033    1481.99    1481.99     5.9687     6.0689    88.6220    90.1100  0.000e+00
      50272    178.000     7.0751     7.0744    3.55172    3.55137          1     3.3550     3.1327      97.15      0.336     0.2078     0.2244  1.000e-12  0.2956000    35.0903    35.0872    -0.0031    -0.0007    27.4795    27.4771    176.270    176.529    1481.98    1481.98     5.9726     6.0869    88.6740    90.3670  0.000e+00
      50296    178.500     7.0678     7.0690    3.55101    3.55083          1     3.3559     3.1349      97.16      0.422     0.2133     0.1818  1.000e-12  0.2949000    35.0896    35.0865    -0.0032     0.0012    27.4800    27.4773    176.765    177.024    1481.96    1481.96     5.9785     6.0972    88.7470    90.5090  0.000e+00
      50314    179.000     7.0645     7.0644    3.55069    3.55044          1     3.3570     3.1361      97.16      0.552     0.2129     0.1719  1.000e-12  0.3104000    35.0892    35.0865    -0.0027    -0.0001    27.4801    27.4780    177.260    177.520    1481.96    1481.95     5.9832     6.0980    88.8090    90.5120  0.000e+00
      50330    179.500     7.0607     7.0607    3.55033    3.55004          1     3.3581     3.1371      97.16      0.671     0.2077     0.2198  1.000e-12  0.3190000    35.0888    35.0857    -0.0031    -0.0000    27.4803    27.4779    177.755    178.016    1481.95    1481.95     5.9863     6.1004    88.8470    90.5390  0.000e+00
      50346    180.000     7.0572     7.0573    3.54999    3.54974          1     3.3590     3.1383      97.15      0.739     0.2040     0.2445  1.000e-12  0.3150000    35.0884    35.0856    -0.0028     0.0001    27.4805    27.4783    178.250    178.511    1481.95    1481.94     5.9871     6.1015    88.8520    90.5480  0.000e+00
      50366    180.500     7.0565     7.0564    3.54996    3.54971          1     3.3592     3.1388      97.17      0.693     0.2038     0.2330  1.000e-12  0.3019000    35.0886    35.0859    -0.0026    -0.0001    27.4807    27.4787    178.745    179.007    1481.95    1481.95     5.9837     6.0995    88.8000    90.5160  0.000e+00
      50397    181.000     7.0566     7.0568    3.55001    3.54977          1     3.3601     3.1396      97.15      0.455     0.2076     0.1860  1.000e-12  0.3153000    35.0888    35.0859    -0.0028     0.0002    27.4809    27.4786    179.240    179.503    1481.96    1481.96     5.9940     6.1036    88.9530    90.5780  0.000e+00
      50432    181.500     7.0569     7.0568    3.55008    3.54982          1     3.3641     3.1418      97.17      0.332     0.2065     0.2027  1.000e-12  0.3027000    35.0890    35.0862    -0.0028    -0.0001    27.4810    27.4788    179.735    179.998    1481.97    1481.97     6.0136     6.1210    89.2440    90.8360  0.000e+00
      50459    182.000     7.0585     7.0581    3.55033    3.55005          1     3.3684     3.1450      97.16      0.412     0.1920     0.2619  1.000e-12  0.3133000    35.0899    35.0872    -0.0027    -0.0004    27.4815    27.4794    180.230    180.494    1481.98    1481.98     6.0223     6.1360    89.3780    91.0620  0.000e+00
      50481    182.500     7.0601     7.0598    3.55058    3.55029          1     3.3715     3.1476      97.17      0.492     0.2067     0.1782  1.000e-12  0.3493000    35.0908    35.0878    -0.0030    -0.0003    27.4820    27.4797    180.725    180.990    1482.00    1482.00     6.0242     6.1343    89.4090    91.0410  0.000e+00
      50501    183.000     7.0589     7.0584    3.55052    3.55020          1     3.3728     3.1488      97.16      0.565     0.2089     0.2008  1.000e-12  0.3549000    35.0910    35.0881    -0.0029    -0.0005    27.4823    27.4801    181.220    181.485    1482.00    1482.00     6.0234     6.1347    89.3950    91.0440  0.000e+00
      50522    183.500     7.0593     7.0590    3.55058    3.55031          1     3.3741     3.1504      97.17      0.590     0.2081     0.2569  1.000e-12  0.3575000    35.0910    35.0883    -0.0027    -0.0003    27.4823    27.4802    181.714    181.981    1482.01    1482.01     6.0253     6.1383    89.4240    91.0990  0.000e+00
      50544    184.000     7.0593     7.0592    3.55061    3.55035          1     3.3750     3.1518      97.17      0.564     0.2097     0.2401  1.000e-12  0.3604000    35.0911    35.0883    -0.0028    -0.0000    27.4824    27.4801    182.209    182.477    1482.02    1482.02     6.0226     6.1395    89.3840    91.1180  0.000e+00
      50567    184.500     7.0603     7.0602    3.55075    3.55049          1     3.3749     3.1529      97.16      0.536     0.2065     0.2081  1.000e-12  0.3494000    35.0913    35.0887    -0.0027    -0.0001    27.4824    27.4803    182.704    182.972    1482.04    1482.03     6.0224     6.1366    89.3840    91.0770  0.000e+00
      50593    185.000     7.0609     7.0611    3.55084    3.55059          1     3.3752     3.1531      97.17      0.485     0.2093     0.2353  1.000e-12  0.3499000    35.0915    35.0886    -0.0029     0.0002    27.4824    27.4801    183.199    183.468    1482.05    1482.04     6.0210     6.1357    89.3630    91.0650  0.000e+00
      50623    185.500     7.0622     7.0620    3.55100    3.55070          1     3.3746     3.1540      97.18      0.408     0.2088     0.2198  1.000e-12  0.3313000    35.0917    35.0887    -0.0030    -0.0002    27.4824    27.4800    183.694    183.963    1482.06    1482.05     6.0206     6.1397    89.3610    91.1270  0.000e+00
      50648    186.000     7.0623     7.0628    3.55103    3.55083          1     3.3751     3.1544      97.18      0.432     0.2079     0.2358  1.000e-12  0.3365000    35.0917    35.0890    -0.0026     0.0004    27.4824    27.4802    184.189    184.459    1482.07    1482.07     6.0258     6.1411    89.4380    91.1490  0.000e+00
      50667    186.500     7.0634     7.0618    3.55117    3.55073          1     3.3756     3.1552      97.17      0.534     0.2059     0.2580  1.000e-12  0.3477000    35.0919    35.0887    -0.0032    -0.0016    27.4824    27.4801    184.684    184.955    1482.08    1482.07     6.0297     6.1519    89.4990    91.3070  0.000e+00
      50684    187.000     7.0625     7.0624    3.55111    3.55084          1     3.3768     3.1566      97.18      0.639     0.2114     0.2476  1.000e-12  0.3592000    35.0919    35.0890    -0.0029    -0.0000    27.4825    27.4802    185.179    185.450    1482.08    1482.08     6.0369     6.1583    89.6030    91.4030  0.000e+00
      50702    187.500     7.0624     7.0625    3.55112    3.55087          1     3.3787     3.1582      97.16      0.685     0.1970     0.2354  1.000e-12  0.3585000    35.0918    35.0890    -0.0028     0.0001    27.4825    27.4802    185.674    185.946    1482.09    1482.09     6.0427     6.1645    89.6890    91.4960  0.000e+00
      50727    188.000     7.0636     7.0644    3.55129    3.55113          1     3.3807     3.1605      97.16      0.573     0.2043     0.2334  1.000e-12  0.3464000    35.0922    35.0897    -0.0026     0.0009    27.4826    27.4805    186.169    186.442    1482.11    1482.11     6.0475     6.1719    89.7640    91.6110  0.000e+00
      50758    188.500     7.0657     7.0657    3.55157    3.55129          1     3.3843     3.1638      97.16      0.401     0.2116     0.2084  1.000e-12  0.3548000    35.0929    35.0898    -0.0031     0.0001    27.4829    27.4804    186.664    186.937    1482.12    1482.12     6.0634     6.1858    90.0040    91.8200  0.000e+00
      50785    189.000     7.0677     7.0676    3.55183    3.55157          1     3.3890     3.1672      97.17      0.421     0.2119     0.2090  1.000e-12  0.3464000    35.0934    35.0907    -0.0027    -0.0001    27.4830    27.4808    187.158    187.433    1482.14    1482.14     6.0776     6.1960    90.2190    91.9740  0.000e+00
      50812    189.500     7.0756     7.0761    3.55273    3.55255          1     3.3944     3.1711      97.16      0.456     0.2114     0.1948  1.000e-12  0.3535000    35.0951    35.0927    -0.0024     0.0005    27.4832    27.4812    187.653    187.929    1482.18    1482.18     6.0945     6.2135    90.4870    92.2530  0.000e+00
      50842    190.000     7.0790     7.0792    3.55315    3.55293          1     3.4018     3.1769      97.16      0.404     0.2118     0.2237  1.000e-12  0.3578000    35.0959    35.0934    -0.0026     0.0001    27.4834    27.4813    188.148    188.424    1482.20    1482.20     6.1109     6.2286    90.7380    92.4840  0.000e+00
      50868    190.500     7.0885     7.0880    3.55423    3.55395          1     3.4074     3.1811      97.16      0.417     0.2144     0.2291  1.000e-12  0.3506000    35.0980    35.0954    -0.0026    -0.0005    27.4837    27.4817    188.643    188.920    1482.25    1482.25     6.1179     6.2350    90.8620    92.5990  0.000e+00
      50886    191.000     7.0930     7.0925    3.55477    3.55445          1     3.4102     3.1840      97.16      0.531     0.2237     0.2201  1.000e-12  0.3643000    35.0991    35.0960    -0.0031    -0.0004    27.4839    27.4815    189.138    189.416    1482.28    1482.27     6.1209     6.2399    90.9180    92.6820  0.000e+00
      50902    191.500     7.0939     7.0942    3.55488    3.55466          1     3.4129     3.1866      97.16      0.655     0.2124     0.2199  1.000e-12  0.3741000    35.0991    35.0964    -0.0028     0.0004    27.4838    27.4816    189.633    189.911    1482.29    1482.29     6.1265     6.2400    91.0030    92.6880  0.000e+00
      50918    192.000     7.0957     7.0971    3.55512    3.55503          1     3.4153     3.1879      97.17      0.738     0.2121     0.2209  1.000e-12  0.3802000    35.0996    35.0972    -0.0024     0.0014    27.4839    27.4819    190.128    190.407    1482.30    1482.31     6.1278     6.2377    91.0260    92.6600  0.000e+00
      50943    192.500     7.0998     7.0998    3.55560    3.55532          1     3.4174     3.1902      97.16      0.620     0.2160     0.2190  1.000e-12  0.3811000    35.1005    35.0975    -0.0030    -0.0000    27.4840    27.4817    190.623    190.903    1482.33    1482.33     6.1257     6.2428    91.0050    92.7430  0.000e+00
      50985    193.000     7.1015     7.1011    3.55580    3.55547          1     3.4196     3.1939      97.17      0.250     0.2256     0.1974  1.000e-12  0.3546000    35.1008    35.0975    -0.0033    -0.0004    27.4840    27.4815    191.118    191.398    1482.34    1482.34     6.1300     6.2495    91.0710    92.8440  0.000e+00
      51011    193.500     7.1016     7.1011    3.55583    3.55550          1     3.4218     3.1957      97.16      0.355     0.2357     0.2228  1.000e-12  0.3641000    35.1007    35.0976    -0.0031    -0.0006    27.4839    27.4816    191.613    191.894    1482.35    1482.35     6.1401     6.2541    91.2230    92.9120  0.000e+00
      51028    194.000     7.1032     7.1028    3.55602    3.55571          1     3.4235     3.1971      97.16      0.544     0.2244     0.2292  1.000e-12  0.3693000    35.1009    35.0979    -0.0030    -0.0004    27.4839    27.4816    192.107    192.389    1482.37    1482.36     6.1423     6.2562    91.2580    92.9480  0.000e+00
      51042    194.500     7.1051     7.1050    3.55626    3.55598          1     3.4245     3.1979      97.17      0.699     0.2203     0.2360  1.000e-12  0.3983000    35.1013    35.0984    -0.0029    -0.0001    27.4839    27.4817    192.602    192.885    1482.38    1482.38     6.1419     6.2568    91.2560    92.9620  0.000e+00
      51057    195.000     7.1073     7.1070    3.55652    3.55623          1     3.4253     3.1988      97.17      0.799     0.2124     0.1691  1.000e-12  0.4707000    35.1018    35.0988    -0.0030    -0.0002    27.4840    27.4817    193.097    193.381    1482.40    1482.40     6.1395     6.2559    91.2250    92.9530  0.000e+00
      51075    195.500     7.1077     7.1075    3.55660    3.55629          1     3.4253     3.1994      97.16      0.778     0.2114     0.1667  1.000e-12  0.4204000    35.1019    35.0988    -0.0032    -0.0002    27.4840    27.4816    193.592    193.876    1482.41    1482.41     6.1376     6.2553    91.1980    92.9440  0.000e+00
