ctdpy/tests/test_data/exprapp_april_2020/SBE09_1387_20200414_1635_77_10_0338.cnv
* Sea-Bird SBE 9 Data File:
* FileName = L:\2020\sv20d0338.hex
* Software Version Seasave V 7.26.7.121
* Temperature SN = 6378
* Conductivity SN = 4824
* Number of Bytes Per Scan = 41
* Number of Voltage Words = 4
* Number of Scans Averaged by the Deck Unit = 1
* NMEA Latitude = 58 18.87 N
* NMEA Longitude = 010 56.55 E
* NMEA UTC (Time) = Apr 14 2020  16:35:04
* NMEA baud rate = 4800
** Station:  A14
** Operator:  JKro
** Ship: SVEA
** Average sound velocity: 1477.20 m/s
** True-depth calculation Tue, 14 Apr 2020 17:11:27 +0000
** CTD Python Module SMHI /ver 3-12/ feb 2012 
** LIMS Job: 20207710-0338
** Cruise: SMHI-07-2020
** Latitude [GG MM.mm N] :
** Longitude [GGG MM.mm E]:
# nquan = 30
# nvalues = 214                         
# units = specified
# name 0 = scan: Scan Count
# name 1 = prDM: Pressure, Digiquartz [db]
# name 2 = t090C: Temperature [ITS-90, deg C]
# name 3 = t190C: Temperature, 2 [ITS-90, deg C]
# name 4 = c0S/m: Conductivity [S/m]
# name 5 = c1S/m: Conductivity, 2 [S/m]
# name 6 = pumps: Pump Status
# name 7 = sbeox0V: Oxygen raw, SBE 43 [V]
# name 8 = sbeox1V: Oxygen raw, SBE 43, 2 [V]
# name 9 = altM: Altimeter [m]
# name 10 = dz/dtM: Descent Rate [m/s]
# name 11 = flECO-AFL: Chl-a Fluorescence, WET Labs ECO-AFL/FL [mg/m^3]
# name 12 = flECO-AFL1: Phycocyanin Fluorescence, WET Labs ECO-AFL/FL, 2 [mg/m^3]
# name 13 = par: PAR/Irradiance, Biospherical/Lico [µE/(cm^2*s)]
# name 14 = turbWETntu0: Turbidity, WET Labs ECO [NTU]
# name 15 = sal00: Salinity, Practical [PSU]
# name 16 = sal11: Salinity, Practical, 2 [PSU]
# name 17 = secS-priS: Salinity, Practical, Difference, 2 - 1 [PSU]
# name 18 = T2-T190C: Temperature Difference, 2 - 1 [ITS-90, deg C]
# name 19 = sigma-t00: Density [sigma-t, kg/m^3 ]
# name 20 = sigma-t11: Density, 2 [sigma-t, kg/m^3 ]
# name 21 = depSM: Depth [salt water, m], lat = 58.3145
# name 22 = depFM: Depth [true depth, m], lat = 58.3145
# name 23 = svCM: Sound Velocity [Chen-Millero, m/s]
# name 24 = svCM1: Sound Velocity, 2 [Chen-Millero, m/s]
# name 25 = sbeox0ML/L: Oxygen, SBE 43 [ml/l], WS = 2
# name 26 = sbeox1ML/L: Oxygen, SBE 43, 2 [ml/l], WS = 2
# name 27 = sbeox0PS: Oxygen, SBE 43 [% saturation], WS = 2
# name 28 = sbeox1PS: Oxygen, SBE 43, 2 [% saturation], WS = 2
# name 29 = flag: flag
# span 0 =      16166,      22940       
# span 1 =      1.000,    107.500       
# span 2 =     6.2039,     7.1342       
# span 3 =     6.2035,     7.1339       
# span 4 =   2.906333,   3.549632       
# span 5 =   2.906083,   3.549370       
# span 6 =          1,          1       
# span 7 =     3.4280,     3.6633       
# span 8 =     3.2113,     3.4245       
# span 9 =       0.25,      99.08       
# span 10 =     -0.204,      0.741      
# span 11 =     0.2481,     1.2350      
# span 12 =     0.1480,     0.3484      
# span 13 = 1.0000e-12, 3.0025e+01      
# span 14 =     0.1137,     2.0011      
# span 15 =    28.5484,    35.0428      
# span 16 =    28.5469,    35.0402      
# span 17 =    -0.0233,     0.0135      
# span 18 =    -0.0068,     0.0090      
# span 19 =    22.3877,    27.4337      
# span 20 =    22.3867,    27.4317      
# span 21 =      0.990,    106.473      
# span 22 =      0.996,    106.674      
# span 23 =    1469.08,    1480.99      
# span 24 =    1469.06,    1480.98      
# span 25 =     6.0692,     6.8932      
# span 26 =     6.1941,     7.0257      
# span 27 =     90.202,     96.995      
# span 28 =     92.053,     98.857      
# span 29 = 0.0000e+00, 0.0000e+00      
# interval = decibars: 0.5              
# start_time = Apr 14 2020 16:35:04 [NMEA time, first data scan]
# bad_flag = -9.990e-29
*END*
      16166      1.000     6.6065     6.6062    2.90647    2.90638          1     3.6626     3.4232       2.05     -0.204     1.1163     0.3177  3.002e+01  0.1791000    28.5616    28.5609    -0.0007    -0.0003    22.3994    22.3989      0.990      0.996    1469.08    1469.06     6.8818     7.0132    96.8180    98.6640  0.000e+00
      16220      1.500     6.6079     6.6066    2.90652    2.90639          1     3.6628     3.4217       1.62      0.162     1.1783     0.2702  2.625e+01  0.2695000    28.5608    28.5604    -0.0004    -0.0013    22.3986    22.3984      1.486      1.494    1469.08    1469.08     6.8862     7.0156    96.8820    98.6990  0.000e+00
      16346      2.000     6.6083     6.6075    2.90653    2.90639          1     3.6633     3.4235       0.55      0.457     1.1902     0.2987  2.200e+01  0.2466000    28.5603    28.5594    -0.0009    -0.0008    22.3982    22.3976      1.981      1.992    1469.09    1469.09     6.8878     7.0234    96.9050    98.8110  0.000e+00
      16428      2.500     6.6083     6.6080    2.90654    2.90639          1     3.6632     3.4245       0.47      0.163     1.2087     0.3349  1.955e+01  0.3064000    28.5603    28.5588    -0.0015    -0.0003    22.3981    22.3970      2.477      2.491    1469.10    1469.10     6.8872     7.0244    96.8960    98.8250  0.000e+00
      16471      3.000     6.6087     6.6086    2.90653    2.90632          1     3.6631     3.4239       0.38      0.280     1.1923     0.3373  1.663e+01  0.2455000    28.5595    28.5573    -0.0022    -0.0001    22.3975    22.3958      2.972      2.989    1469.11    1469.11     6.8876     7.0216    96.9030    98.7860  0.000e+00
      16499      3.500     6.6085     6.6086    2.90653    2.90639          1     3.6631     3.4237       0.25      0.415     1.2130     0.2689  1.467e+01  0.2585000    28.5595    28.5578    -0.0017     0.0002    22.3975    22.3962      3.467      3.487    1469.12    1469.12     6.8870     7.0234    96.8930    98.8130  0.000e+00
      16557      4.000     6.6079     6.6078    2.90653    2.90634          1     3.6618     3.4237      51.25      0.207     1.2140     0.3277  1.275e+01  0.2460000    28.5598    28.5578    -0.0019    -0.0001    22.3978    22.3963      3.963      3.985    1469.12    1469.12     6.8865     7.0254    96.8860    98.8380  0.000e+00
      16597      4.500     6.6078     6.6076    2.90651    2.90634          1     3.6622     3.4238      99.08      0.273     1.2230     0.3461  1.127e+01  0.2474000    28.5593    28.5577    -0.0016    -0.0002    22.3975    22.3962      4.458      4.483    1469.13    1469.13     6.8871     7.0257    96.8940    98.8420  0.000e+00
      16620      5.000     6.6141     6.6117    2.90642    2.90642          1     3.6616     3.4237      97.28      0.450     1.2108     0.3298  9.689e+00  0.2452000    28.5529    28.5549     0.0021    -0.0024    22.3916    22.3936      4.953      4.981    1469.16    1469.15     6.8823     7.0251    96.8360    98.8420  0.000e+00
      16658      5.500     6.6181     6.6173    2.90633    2.90620          1     3.6612     3.4237      97.29      0.356     1.2190     0.3097  8.525e+00  0.2612000    28.5484    28.5477    -0.0008    -0.0008    22.3877    22.3872      5.449      5.479    1469.18    1469.17     6.8835     7.0237    96.8590    98.8290  0.000e+00
      16702      6.000     6.6147     6.6164    2.90647    2.90608          1     3.6606     3.4227      97.29      0.246     1.2350     0.3251  7.722e+00  0.2442000    28.5525    28.5469    -0.0056     0.0017    22.3913    22.3867      5.944      5.977    1469.17    1469.18     6.8845     7.0155    96.8680    98.7110  0.000e+00
      16726      6.500     6.6172     6.6162    2.90645    2.90629          1     3.6620     3.4219      97.30      0.414     1.2302     0.3074  6.785e+00  0.2439000    28.5501    28.5491    -0.0009    -0.0010    22.3891    22.3884      6.440      6.475    1469.19    1469.18     6.8932     7.0178    96.9950    98.7450  0.000e+00
      16748      7.000     6.6169     6.6178    2.90667    2.90635          1     3.6623     3.4219      97.29      0.524     1.2287     0.2926  6.070e+00  0.2529000    28.5524    28.5482    -0.0042     0.0009    22.3910    22.3876      6.935      6.974    1469.20    1469.20     6.8850     7.0248    96.8800    98.8470  0.000e+00
      16775      7.500     6.6149     6.6153    2.90674    2.90651          1     3.6610     3.4225      97.30      0.497     1.2226     0.3327  5.358e+00  0.2660000    28.5546    28.5518    -0.0029     0.0004    22.3929    22.3907      7.430      7.472    1469.20    1469.20     6.8816     7.0257    96.8290    98.8570  0.000e+00
      16808      8.000     6.6157     6.6140    2.90669    2.90664          1     3.6603     3.4225      93.05      0.367     1.2164     0.3321  4.802e+00  0.2697000    28.5533    28.5542     0.0009    -0.0017    22.3918    22.3927      7.926      7.970    1469.21    1469.21     6.8805     7.0225    96.8150    98.8100  0.000e+00
      16836      8.500     6.6085     6.6110    2.90755    2.90705          1     3.6587     3.4217      43.67      0.391     1.2178     0.3484  4.250e+00  0.2529000    28.5684    28.5609    -0.0075     0.0025    22.4045    22.3983      8.421      8.468    1469.21    1469.21     6.8720     7.0149    96.6890    98.7000  0.000e+00
      16859      9.000     6.6013     6.6021    2.90828    2.90795          1     3.6567     3.4207      96.98      0.477     1.2161     0.3251  3.841e+00  0.2582000    28.5821    28.5779    -0.0043     0.0008    22.4162    22.4127      8.916      8.966    1469.21    1469.20     6.8688     7.0095    96.6350    98.6150  0.000e+00
      16882      9.500     6.5939     6.5957    2.90916    2.90871          1     3.6552     3.4191      97.30      0.530     1.1917     0.3030  3.384e+00  0.2458000    28.5976    28.5912    -0.0064     0.0017    22.4292    22.4240      9.411      9.464    1469.21    1469.21     6.8647     7.0051    96.5710    98.5460  0.000e+00
      16907     10.000     6.5798     6.5838    2.91102    2.91026          1     3.6515     3.4171      97.29      0.504     1.1899     0.3225  3.023e+00  0.2807000    28.6293    28.6178    -0.0115     0.0040    22.4559    22.4463      9.907      9.962    1469.20    1469.20     6.8402     6.9879    96.2150    98.2950  0.000e+00
      16936     10.500     6.5649     6.5657    2.91373    2.91318          1     3.6427     3.4120      62.08      0.426     1.1302     0.3292  2.690e+00  0.2787000    28.6710    28.6644    -0.0066     0.0008    22.4905    22.4852     10.402     10.460    1469.20    1469.19     6.8156     6.9652    95.8620    97.9640  0.000e+00
      16964     11.000     6.5192     6.5258    2.92161    2.91998          1     3.6368     3.4070      88.85      0.415     1.1101     0.3155  2.444e+00  0.2485000    28.7948    28.7715    -0.0233     0.0065    22.5934    22.5743     10.898     10.958    1469.18    1469.18     6.8121     6.9463    95.7880    97.6750  0.000e+00
      16986     11.500     6.4618     6.4572    2.93287    2.93238          1     3.6319     3.4011      97.39      0.486     1.0386     0.3075  2.235e+00  0.2397000    28.9657    28.9644    -0.0013    -0.0047    22.7348    22.7343     11.393     11.456    1469.17    1469.15     6.7999     6.9201    95.5960    97.2750  0.000e+00
      17004     12.000     6.3500     6.3491    2.95768    2.95641          1     3.6273     3.3954      97.29      0.581     0.8950     0.3097  1.995e+00  0.2388000    29.3320    29.3190    -0.0131    -0.0010    23.0366    23.0264     11.888     11.954    1469.20    1469.18     6.7844     6.9036    95.3590    97.0240  0.000e+00
      17023     12.500     6.2979     6.2968    2.99648    2.99572          1     3.6205     3.3891      97.19      0.643     0.8329     0.3097  1.816e+00  0.2388000    29.8025    29.7951    -0.0073    -0.0012    23.4134    23.4078     12.383     12.452    1469.59    1469.57     6.7577     6.8826    95.1630    96.9150  0.000e+00
      17048     13.000     6.3225     6.3244    3.02043    3.01863          1     3.6164     3.3848      97.17      0.567     0.9470     0.2700  1.644e+00  0.2426000    30.0438    30.0223    -0.0215     0.0019    23.6007    23.5836     12.879     12.949    1469.99    1469.98     6.7728     6.9055    95.5830    97.4470  0.000e+00
      17083     13.500     6.2786     6.2869    3.02664    3.02714          1     3.6228     3.3860      96.66      0.348     0.9380     0.2431  1.533e+00  0.2501000    30.1507    30.1488    -0.0019     0.0084    23.6902    23.6878     13.374     13.447    1469.96    1469.99     6.8007     6.9102    95.9460    97.5080  0.000e+00
      17111     14.000     6.2039     6.2035    3.02342    3.02326          1     3.6204     3.3814      97.30      0.370     0.8718     0.1982  1.448e+00  0.2714000    30.1812    30.1798    -0.0014    -0.0004    23.7232    23.7221     13.869     13.944    1469.71    1469.71     6.7636     6.8751    95.2750    96.8440  0.000e+00
      17129     14.500     6.2678     6.2720    3.07698    3.07812          1     3.6140     3.3769      97.00      0.523     0.8286     0.2910  1.341e+00  0.2947000    30.7141    30.7229     0.0088     0.0042    24.1357    24.1421     14.365     14.442    1470.64    1470.67     6.7034     6.8267    94.9000    96.6610  0.000e+00
      17147     15.000     6.5123     6.5186    3.18374    3.18301          1     3.6076     3.3729      96.20      0.640     0.6884     0.2468  1.219e+00  0.2458000    31.6674    31.6536    -0.0139     0.0063    24.8572    24.8455     14.860     14.939    1472.82    1472.83     6.6090     6.7409    94.6960    96.5910  0.000e+00
      17168     15.500     6.6297     6.6316    3.24054    3.24174          1     3.6023     3.3697      97.01      0.640     0.5755     0.2096  1.106e+00  0.1832000    32.1830    32.1943     0.0113     0.0020    25.2486    25.2573     15.355     15.436    1473.94    1473.96     6.5659     6.7016    94.6580    96.6250  0.000e+00
      17197     16.000     6.6203     6.6195    3.25550    3.25561          1     3.5972     3.3669      97.27      0.471     0.5217     0.2222  1.027e+00  0.1230000    32.3563    32.3582     0.0019    -0.0008    25.3864    25.3880     15.851     15.932    1474.13    1474.13     6.5615     6.6993    94.6820    96.6700  0.000e+00
      17229     16.500     6.6107     6.6096    3.25910    3.25885          1     3.5955     3.3644      91.40      0.366     0.5026     0.2010  9.880e-01  0.1172000    32.4047    32.4031    -0.0017    -0.0011    25.4258    25.4247     16.346     16.429    1474.16    1474.15     6.5715     6.7037    94.8360    96.7390  0.000e+00
      17253     17.000     6.6077     6.6073    3.25986    3.25952          1     3.5963     3.3650      93.30      0.440     0.4625     0.2094  9.328e-01  0.1143000    32.4158    32.4124    -0.0033    -0.0004    25.4349    25.4323     16.841     16.926    1474.17    1474.16     6.5827     6.7202    94.9970    96.9790  0.000e+00
      17275     17.500     6.6078     6.6079    3.26129    3.26120          1     3.5985     3.3660      94.61      0.522     0.4713     0.2085  8.713e-01  0.1137000    32.4313    32.4301    -0.0012     0.0001    25.4471    25.4462     17.337     17.422    1474.20    1474.19     6.5826     6.7211    95.0050    97.0040  0.000e+00
      17295     18.000     6.6038     6.6021    3.27071    3.27179          1     3.5975     3.3662      95.92      0.569     0.4724     0.1801  8.070e-01  0.1246000    32.5386    32.5521     0.0135    -0.0017    25.5322    25.5431     17.832     17.919    1474.32    1474.33     6.5628     6.7023    94.7780    96.7980  0.000e+00
      17317     18.500     6.6040     6.6046    3.28224    3.28271          1     3.5954     3.3643      97.26      0.575     0.4661     0.2069  7.559e-01  0.1492000    32.6653    32.6700     0.0047     0.0005    25.6321    25.6357     18.327     18.416    1474.49    1474.50     6.5617     6.6970    94.8420    96.8030  0.000e+00
      17342     19.000     6.6300     6.6301    3.32160    3.32097          1     3.5985     3.3664      91.50      0.526     0.4651     0.1659  7.161e-01  0.1785000    33.0746    33.0675    -0.0070     0.0001    25.9513    25.9457     18.823     18.912    1475.12    1475.11     6.5822     6.7233    95.4540    97.4950  0.000e+00
      17371     19.500     6.6663     6.6735    3.34803    3.34976          1     3.6120     3.3761      93.37      0.435     0.4667     0.2041  6.912e-01  0.1642000    33.3310    33.3431     0.0121     0.0072    26.1487    26.1573     19.318     19.408    1475.59    1475.63     6.6295     6.7822    96.3840    98.6280  0.000e+00
      17398     20.000     6.7229     6.7294    3.36840    3.36992          1     3.6271     3.3897      93.79      0.417     0.4525     0.1947  6.533e-01  0.1612000    33.5004    33.5108     0.0104     0.0064    26.2748    26.2821     19.813     19.905    1476.03    1476.07     6.6181     6.7749    96.4510    98.7570  0.000e+00
      17420     20.500     6.8278     6.8347    3.39532    3.39606          1     3.6292     3.3933      97.27      0.491     0.4335     0.2471  6.022e-01  0.2412000    33.6942    33.6956     0.0014     0.0069    26.4135    26.4137     20.308     20.401    1476.69    1476.72     6.5553     6.6931    95.8900    97.9200  0.000e+00
      17439     21.000     6.8610     6.8628    3.40408    3.40421          1     3.6268     3.3912      63.50      0.573     0.4169     0.2604  5.582e-01  0.2348000    33.7579    33.7575    -0.0004     0.0019    26.4592    26.4587     20.804     20.897    1476.91    1476.91     6.5401     6.6707    95.7800    97.6970  0.000e+00
      17459     21.500     6.9050     6.9071    3.41584    3.41600          1     3.6274     3.3920      84.06      0.611     0.4108     0.2571  5.237e-01  0.1613000    33.8438    33.8434    -0.0004     0.0021    26.5209    26.5203     21.299     21.393    1477.20    1477.20     6.5542     6.6946    96.1380    98.2020  0.000e+00
      17484     22.000     6.9128     6.9131    3.41936    3.41924          1     3.6346     3.3978      96.56      0.551     0.4358     0.2322  5.046e-01  0.2599000    33.8745    33.8729    -0.0016     0.0004    26.5441    26.5427     21.794     21.889    1477.27    1477.27     6.5913     6.7366    96.7190    98.8510  0.000e+00
      17517     22.500     6.9234     6.9233    3.42196    3.42176          1     3.6452     3.4071      89.90      0.380     0.3815     0.2154  4.947e-01  0.1589000    33.8925    33.8903    -0.0022    -0.0001    26.5567    26.5551     22.290     22.385    1477.34    1477.34     6.5827     6.7319    96.6280    98.8170  0.000e+00
      17546     23.000     6.9200     6.9185    3.42287    3.42255          1     3.6393     3.4062      86.35      0.367     0.4033     0.1994  4.714e-01  0.1664000    33.9055    33.9035    -0.0020    -0.0015    26.5675    26.5661     22.785     22.881    1477.36    1477.35     6.4958     6.6413    95.3540    97.4840  0.000e+00
      17567     23.500     6.9046     6.9024    3.42210    3.42172          1     3.6239     3.3963      90.44      0.492     0.3838     0.2250  4.425e-01  0.1586000    33.9121    33.9100    -0.0021    -0.0021    26.5748    26.5734     23.280     23.377    1477.31    1477.30     6.4307     6.5594    94.3680    96.2500  0.000e+00
      17585     24.000     6.8612     6.8545    3.41805    3.41736          1     3.6077     3.3833      97.11      0.611     0.3681     0.2408  4.178e-01  0.1664000    33.9100    33.9090    -0.0010    -0.0067    26.5790    26.5791     23.776     23.874    1477.15    1477.12     6.3979     6.5072    93.7930    95.3790  0.000e+00
      17606     24.500     6.7726     6.7658    3.41028    3.40958          1     3.5899     3.3668      93.64      0.629     0.3779     0.1962  3.933e-01  0.2156000    33.9117    33.9106    -0.0011    -0.0068    26.5923    26.5923     24.271     24.370    1476.81    1476.79     6.3787     6.4812    93.3210    94.8050  0.000e+00
