ctdpy/tests/test_data/exprapp_april_2020/SBE09_1387_20200414_1734_77_10_0339.cnv
* Sea-Bird SBE 9 Data File:
* FileName = L:\2020\sv20d0339.hex
* Software Version Seasave V 7.26.7.121
* Temperature SN = 6378
* Conductivity SN = 4824
* Number of Bytes Per Scan = 41
* Number of Voltage Words = 4
* Number of Scans Averaged by the Deck Unit = 1
* NMEA Latitude = 58 17.70 N
* NMEA Longitude = 010 50.71 E
* NMEA UTC (Time) = Apr 14 2020  17:34:37
* NMEA baud rate = 4800
** Station:  A15
** Operator:  JKro
** Ship: SVEA
** Average sound velocity: 1478.74 m/s
** True-depth calculation Tue, 14 Apr 2020 18:47:29 +0000
** CTD Python Module SMHI /ver 3-12/ feb 2012 
** LIMS Job: 20207710-0339
** Cruise: SMHI-07-2020
** Latitude [GG MM.mm N] :
** Longitude [GGG MM.mm E]:
# nquan = 30
# nvalues = 265                         
# units = specified
# name 0 = scan: Scan Count
# name 1 = prDM: Pressure, Digiquartz [db]
# name 2 = t090C: Temperature [ITS-90, deg C]
# name 3 = t190C: Temperature, 2 [ITS-90, deg C]
# name 4 = c0S/m: Conductivity [S/m]
# name 5 = c1S/m: Conductivity, 2 [S/m]
# name 6 = pumps: Pump Status
# name 7 = sbeox0V: Oxygen raw, SBE 43 [V]
# name 8 = sbeox1V: Oxygen raw, SBE 43, 2 [V]
# name 9 = altM: Altimeter [m]
# name 10 = dz/dtM: Descent Rate [m/s]
# name 11 = flECO-AFL: Chl-a Fluorescence, WET Labs ECO-AFL/FL [mg/m^3]
# name 12 = flECO-AFL1: Phycocyanin Fluorescence, WET Labs ECO-AFL/FL, 2 [mg/m^3]
# name 13 = par: PAR/Irradiance, Biospherical/Lico [µE/(cm^2*s)]
# name 14 = turbWETntu0: Turbidity, WET Labs ECO [NTU]
# name 15 = sal00: Salinity, Practical [PSU]
# name 16 = sal11: Salinity, Practical, 2 [PSU]
# name 17 = secS-priS: Salinity, Practical, Difference, 2 - 1 [PSU]
# name 18 = T2-T190C: Temperature Difference, 2 - 1 [ITS-90, deg C]
# name 19 = sigma-t00: Density [sigma-t, kg/m^3 ]
# name 20 = sigma-t11: Density, 2 [sigma-t, kg/m^3 ]
# name 21 = depSM: Depth [salt water, m], lat = 58.295
# name 22 = depFM: Depth [true depth, m], lat = 58.295
# name 23 = svCM: Sound Velocity [Chen-Millero, m/s]
# name 24 = svCM1: Sound Velocity, 2 [Chen-Millero, m/s]
# name 25 = sbeox0ML/L: Oxygen, SBE 43 [ml/l], WS = 2
# name 26 = sbeox1ML/L: Oxygen, SBE 43, 2 [ml/l], WS = 2
# name 27 = sbeox0PS: Oxygen, SBE 43 [% saturation], WS = 2
# name 28 = sbeox1PS: Oxygen, SBE 43, 2 [% saturation], WS = 2
# name 29 = flag: flag
# span 0 =      37001,      44180       
# span 1 =      1.500,    133.500       
# span 2 =     6.4246,     7.2464       
# span 3 =     6.4270,     7.2461       
# span 4 =   2.877417,   3.564572       
# span 5 =   2.877149,   3.564323       
# span 6 =          1,          1       
# span 7 =     3.4852,     3.6655       
# span 8 =     3.2572,     3.4238       
# span 9 =       1.91,      98.38       
# span 10 =     -0.432,      0.677      
# span 11 =     0.2225,     1.4224      
# span 12 =     0.1278,     0.4225      
# span 13 = -1.677e-07, 5.0666e+00      
# span 14 =     0.1239,     1.5660      
# span 15 =    28.3469,    35.1173      
# span 16 =    28.3440,    35.1153      
# span 17 =    -0.0190,     0.0701      
# span 18 =    -0.0075,     0.0083      
# span 19 =    22.2452,    27.4911      
# span 20 =    22.2429,    27.4892      
# span 21 =      1.486,    132.217      
# span 22 =      1.495,    132.439      
# span 23 =    1468.34,    1481.46      
# span 24 =    1468.32,    1481.46      
# span 25 =     6.1437,     6.9238      
# span 26 =     6.2474,     7.0628      
# span 27 =     91.585,     96.999      
# span 28 =     93.098,     98.948      
# span 29 = 0.0000e+00, 0.0000e+00      
# interval = decibars: 0.5              
# start_time = Apr 14 2020 17:34:38 [NMEA time, first data scan]
# bad_flag = -9.990e-29
*END*
[from data line 146]
      40702     74.500     7.1975     7.1975    3.56047    3.56042          1     3.5152     3.2841      90.56      0.489     0.2354     0.2011  1.000e-12  0.2255000    35.1137    35.1131    -0.0006     0.0001    27.4807    27.4802     73.795     73.953    1480.79    1480.78     6.2315     6.3390    92.7910    94.3910  0.000e+00
      40723     75.000     7.1965     7.1959    3.56055    3.56033          1     3.5157     3.2834      60.30      0.545     0.2377     0.2499  1.000e-12  0.2229000    35.1153    35.1136    -0.0018    -0.0007    27.4821    27.4808     74.290     74.449    1480.79    1480.79     6.2321     6.3461    92.7990    94.4930  0.000e+00
      40746     75.500     7.1959     7.1955    3.56056    3.56033          1     3.5158     3.2843      59.66      0.564     0.2450     0.2430  1.000e-12  0.2115000    35.1158    35.1136    -0.0022    -0.0005    27.4825    27.4809     74.785     74.944    1480.80    1480.79     6.2303     6.3544    92.7700    94.6160  0.000e+00
      40772     76.000     7.1955     7.1955    3.56055    3.56036          1     3.5153     3.2852      59.08      0.489     0.2416     0.2208  1.000e-12  0.2190000    35.1159    35.1137    -0.0022     0.0001    27.4827    27.4809     75.280     75.440    1480.80    1480.80     6.2268     6.3565    92.7180    94.6470  0.000e+00
      40800     76.500     7.1961     7.1959    3.56062    3.56040          1     3.5143     3.2859      81.86      0.426     0.2419     0.2031  1.000e-12  0.2242000    35.1158    35.1135    -0.0022    -0.0003    27.4824    27.4808     75.775     75.935    1480.82    1480.81     6.2263     6.3524    92.7110    94.5870  0.000e+00
      40823     77.000     7.1962     7.1956    3.56064    3.56040          1     3.5145     3.2856      80.71      0.474     0.2548     0.2106  1.000e-12  0.2529000    35.1156    35.1137    -0.0020    -0.0006    27.4823    27.4809     76.270     76.431    1480.82    1480.82     6.2294     6.3516    92.7580    94.5740  0.000e+00
      40844     77.500     7.1960     7.1956    3.56064    3.56044          1     3.5142     3.2859      58.11      0.545     0.2456     0.2168  1.000e-12  0.2041000    35.1156    35.1137    -0.0019    -0.0004    27.4823    27.4809     76.766     76.927    1480.83    1480.83     6.2259     6.3544    92.7060    94.6160  0.000e+00
      40867     78.000     7.1958     7.1956    3.56066    3.56045          1     3.5133     3.2859      57.34      0.549     0.2560     0.1730  1.000e-12  0.2134000    35.1158    35.1137    -0.0021    -0.0002    27.4825    27.4809     77.261     77.422    1480.84    1480.83     6.2227     6.3504    92.6560    94.5570  0.000e+00
      40895     78.500     7.1953     7.1952    3.56064    3.56044          1     3.5127     3.2849      56.69      0.469     0.2461     0.2202  1.000e-12  0.2071000    35.1157    35.1137    -0.0020    -0.0001    27.4825    27.4810     77.756     77.918    1480.84    1480.84     6.2313     6.3447    92.7850    94.4710  0.000e+00
      40922     79.000     7.1947     7.1947    3.56063    3.56043          1     3.5156     3.2847      77.20      0.419     0.2481     0.2170  1.000e-12  0.2035000    35.1160    35.1138    -0.0022    -0.0000    27.4828    27.4811     78.251     78.414    1480.85    1480.85     6.2458     6.3612    92.9990    94.7150  0.000e+00
      40944     79.500     7.1924     7.1933    3.56040    3.56032          1     3.5176     3.2867      56.52      0.478     0.2548     0.2062  1.000e-12  0.2106000    35.1157    35.1139    -0.0018     0.0009    27.4829    27.4813     78.746     78.909    1480.85    1480.85     6.2499     6.3726    93.0550    94.8820  0.000e+00
      40963     80.000     7.1851     7.1852    3.55983    3.55963          1     3.5196     3.2879      55.28      0.582     0.2355     0.1902  1.000e-12  0.2450000    35.1165    35.1143    -0.0023     0.0001    27.4846    27.4828     79.241     79.405    1480.83    1480.83     6.2550     6.3755    93.1170    94.9090  0.000e+00
      40984     80.500     7.1840     7.1838    3.55976    3.55956          1     3.5211     3.2897      54.76      0.614     0.2419     0.2100  1.000e-12  0.1918000    35.1167    35.1146    -0.0020    -0.0002    27.4849    27.4833     79.736     79.901    1480.83    1480.83     6.2533     6.3778    93.0880    94.9400  0.000e+00
      41013     81.000     7.1836     7.1833    3.55976    3.55954          1     3.5209     3.2898      54.19      0.472     0.2349     0.1907  1.000e-12  0.1776000    35.1168    35.1147    -0.0021    -0.0003    27.4850    27.4834     80.232     80.396    1480.84    1480.84     6.2454     6.3613    92.9700    94.6940  0.000e+00
      41041     81.500     7.1837     7.1833    3.55981    3.55959          1     3.5204     3.2890      53.79      0.395     0.2225     0.1875  1.000e-12  0.1863000    35.1170    35.1149    -0.0021    -0.0004    27.4852    27.4836     80.727     80.892    1480.85    1480.85     6.2511     6.3687    93.0550    94.8030  0.000e+00
      41062     82.000     7.1838     7.1834    3.55985    3.55963          1     3.5218     3.2901      53.39      0.483     0.2357     0.2002  1.000e-12  0.2132000    35.1170    35.1151    -0.0020    -0.0004    27.4852    27.4837     81.222     81.388    1480.86    1480.86     6.2589     6.3784    93.1710    94.9490  0.000e+00
      41080     82.500     7.1837     7.1832    3.55986    3.55964          1     3.5228     3.2909      61.68      0.604     0.2422     0.2067  1.000e-12  0.2054000    35.1171    35.1151    -0.0019    -0.0005    27.4852    27.4838     81.717     81.883    1480.87    1480.86     6.2613     6.3751    93.2070    94.8990  0.000e+00
      41099     83.000     7.1820     7.1816    3.55971    3.55949          1     3.5240     3.2909      72.61      0.665     0.2400     0.2062  1.000e-12  0.2083000    35.1169    35.1149    -0.0020    -0.0004    27.4853    27.4838     82.212     82.379    1480.87    1480.86     6.2613     6.3756    93.2030    94.9030  0.000e+00
      41124     83.500     7.1807     7.1805    3.55963    3.55941          1     3.5242     3.2916      71.27      0.559     0.2348     0.2556  1.000e-12  0.2379000    35.1170    35.1149    -0.0021    -0.0002    27.4856    27.4840     82.707     82.875    1480.87    1480.87     6.2584     6.3745    93.1580    94.8830  0.000e+00
      41157     84.000     7.1802     7.1799    3.55960    3.55939          1     3.5239     3.2908      50.16      0.368     0.2344     0.1642  1.000e-12  0.2637000    35.1170    35.1149    -0.0021    -0.0002    27.4857    27.4841     83.203     83.370    1480.88    1480.87     6.2571     6.3689    93.1360    94.7990  0.000e+00
      41185     84.500     7.1802     7.1799    3.55962    3.55941          1     3.5237     3.2906      50.73      0.387     0.2359     0.2014  1.000e-12  0.2045000    35.1170    35.1150    -0.0020    -0.0003    27.4857    27.4841     83.698     83.866    1480.89    1480.88     6.2552     6.3750    93.1090    94.8900  0.000e+00
      41205     85.000     7.1803     7.1799    3.55965    3.55942          1     3.5228     3.2913      50.27      0.514     0.2348     0.2332  1.000e-12  0.1913000    35.1168    35.1149    -0.0020    -0.0005    27.4856    27.4840     84.193     84.361    1480.90    1480.89     6.2537     6.3820    93.0870    94.9940  0.000e+00
      41225     85.500     7.1793     7.1790    3.55957    3.55937          1     3.5228     3.2920      49.77      0.600     0.2410     0.1674  1.000e-12  0.1904000    35.1168    35.1149    -0.0018    -0.0003    27.4856    27.4842     84.688     84.857    1480.90    1480.90     6.2592     6.3799    93.1660    94.9610  0.000e+00
      41251     86.000     7.1790     7.1787    3.55958    3.55937          1     3.5237     3.2920      49.29      0.522     0.2392     0.1962  1.000e-12  0.1873000    35.1169    35.1149    -0.0020    -0.0003    27.4858    27.4842     85.183     85.353    1480.91    1480.90     6.2623     6.3774    93.2120    94.9240  0.000e+00
      41279     86.500     7.1785     7.1781    3.55955    3.55932          1     3.5239     3.2920      48.71      0.410     0.2275     0.1907  1.000e-12  0.1849000    35.1169    35.1148    -0.0021    -0.0004    27.4858    27.4842     85.678     85.848    1480.91    1480.91     6.2603     6.3778    93.1800    94.9280  0.000e+00
      41301     87.000     7.1783     7.1780    3.55955    3.55934          1     3.5239     3.2920      48.24      0.476     0.2358     0.2038  1.000e-12  0.1733000    35.1169    35.1149    -0.0020    -0.0003    27.4859    27.4843     86.174     86.344    1480.92    1480.92     6.2615     6.3779    93.1980    94.9290  0.000e+00
      41321     87.500     7.1778     7.1774    3.55952    3.55931          1     3.5241     3.2919      47.75      0.571     0.2414     0.1858  1.000e-12  0.1800000    35.1167    35.1148    -0.0019    -0.0004    27.4858    27.4844     86.669     86.840    1480.93    1480.92     6.2634     6.3785    93.2260    94.9370  0.000e+00
      41344     88.000     7.1772     7.1769    3.55951    3.55930          1     3.5245     3.2920      47.23      0.577     0.2326     0.1766  1.000e-12  0.1989000    35.1170    35.1150    -0.0020    -0.0003    27.4861    27.4845     87.164     87.335    1480.93    1480.93     6.2620     6.3795    93.2040    94.9510  0.000e+00
      41370     88.500     7.1771     7.1768    3.55952    3.55931          1     3.5234     3.2920      46.69      0.484     0.2268     0.1773  1.000e-12  0.1816000    35.1170    35.1150    -0.0020    -0.0003    27.4861    27.4846     87.659     87.831    1480.94    1480.94     6.2558     6.3785    93.1110    94.9350  0.000e+00
      41396     89.000     7.1769     7.1766    3.55952    3.55930          1     3.5223     3.2917      46.21      0.445     0.2349     0.1745  1.000e-12  0.1841000    35.1170    35.1149    -0.0021    -0.0003    27.4861    27.4845     88.154     88.327    1480.95    1480.94     6.2558     6.3798    93.1100    94.9550  0.000e+00
      41417     89.500     7.1767     7.1763    3.55952    3.55931          1     3.5219     3.2920      45.81      0.508     0.2340     0.1725  1.000e-12  0.1749000    35.1169    35.1149    -0.0020    -0.0004    27.4861    27.4846     88.649     88.822    1480.96    1480.95     6.2593     6.3863    93.1630    95.0510  0.000e+00
      41435     90.000     7.1766     7.1761    3.55953    3.55931          1     3.5225     3.2929      45.37      0.599     0.2345     0.1325  1.000e-12  0.1892000    35.1168    35.1149    -0.0020    -0.0005    27.4861    27.4846     89.144     89.318    1480.96    1480.96     6.2620     6.3878    93.2030    95.0730  0.000e+00
      41456     90.500     7.1758     7.1755    3.55948    3.55927          1     3.5225     3.2929      44.95      0.629     0.2349     0.1893  1.000e-12  0.1903000    35.1169    35.1149    -0.0021    -0.0003    27.4862    27.4847     89.639     89.814    1480.97    1480.96     6.2623     6.3864    93.2050    95.0500  0.000e+00
      41485     91.000     7.1751     7.1749    3.55945    3.55924          1     3.5235     3.2931      44.34      0.476     0.2246     0.1871  1.000e-12  0.1752000    35.1169    35.1149    -0.0020    -0.0002    27.4864    27.4848     90.135     90.309    1480.97    1480.97     6.2679     6.3821    93.2870    94.9850  0.000e+00
      41518     91.500     7.1747     7.1745    3.55942    3.55921          1     3.5240     3.2923      43.76      0.338     0.2270     0.2326  1.000e-12  0.1756000    35.1168    35.1147    -0.0021    -0.0002    27.4863    27.4847     90.630     90.805    1480.98    1480.98     6.2640     6.3802    93.2290    94.9560  0.000e+00
      41541     92.000     7.1719     7.1715    3.55916    3.55895          1     3.5236     3.2921      43.33      0.443     0.2360     0.1278  1.000e-12  0.1879000    35.1165    35.1146    -0.0019    -0.0004    27.4865    27.4850     91.125     91.300    1480.98    1480.97     6.2649     6.3828    93.2350    94.9880  0.000e+00
      41560     92.500     7.1713     7.1710    3.55914    3.55892          1     3.5238     3.2921      42.88      0.566     0.2359     0.1829  1.000e-12  0.1954000    35.1166    35.1146    -0.0020    -0.0004    27.4867    27.4851     91.620     91.796    1480.98    1480.98     6.2684     6.3825    93.2870    94.9820  0.000e+00
      41582     93.000     7.1711     7.1707    3.55914    3.55893          1     3.5244     3.2917      42.36      0.598     0.2359     0.1987  1.000e-12  0.1903000    35.1167    35.1148    -0.0019    -0.0003    27.4867    27.4853     92.115     92.292    1480.99    1480.99     6.2695     6.3823    93.3010    94.9790  0.000e+00
      41609     93.500     7.1709     7.1707    3.55915    3.55895          1     3.5241     3.2922      41.84      0.485     0.2359     0.1833  1.000e-12  0.2137000    35.1167    35.1147    -0.0020    -0.0002    27.4867    27.4852     92.610     92.787    1481.00    1480.99     6.2652     6.3908    93.2380    95.1050  0.000e+00
      41638     94.000     7.1710     7.1707    3.55919    3.55898          1     3.5235     3.2930      41.26      0.401     0.2450     0.1940  1.000e-12  0.1737000    35.1168    35.1147    -0.0021    -0.0003    27.4868    27.4852     93.105     93.283    1481.01    1481.00     6.2669     6.3888    93.2640    95.0750  0.000e+00
      41659     94.500     7.1713     7.1708    3.55922    3.55900          1     3.5239     3.2926      40.84      0.477     0.2236     0.1940  1.000e-12  0.2016000    35.1166    35.1147    -0.0019    -0.0005    27.4866    27.4852     93.601     93.779    1481.02    1481.01     6.2677     6.3830    93.2760    94.9880  0.000e+00
      41677     95.000     7.1712     7.1708    3.55924    3.55902          1     3.5236     3.2923      40.38      0.595     0.2329     0.1764  1.000e-12  0.1929000    35.1166    35.1147    -0.0020    -0.0004    27.4867    27.4852     94.096     94.274    1481.02    1481.02     6.2641     6.3839    93.2220    95.0020  0.000e+00
      41694     95.500     7.1711     7.1707    3.55926    3.55906          1     3.5228     3.2920      39.92      0.677     0.2352     0.1898  1.000e-12  0.1928000    35.1167    35.1150    -0.0018    -0.0004    27.4868    27.4854     94.591     94.770    1481.03    1481.03     6.2621     6.3840    93.1920    95.0040  0.000e+00
      41716     96.000     7.1711     7.1708    3.55930    3.55910          1     3.5222     3.2916      39.31      0.638     0.2359     0.2008  1.000e-12  0.1956000    35.1169    35.1150    -0.0019    -0.0003    27.4869    27.4855     95.086     95.266    1481.04    1481.04     6.2622     6.3756    93.1940    94.8800  0.000e+00
      41746     96.500     7.1710     7.1708    3.55933    3.55911          1     3.5216     3.2897      38.75      0.450     0.2352     0.2146  1.000e-12  0.2024000    35.1170    35.1149    -0.0021    -0.0003    27.4870    27.4854     95.581     95.761    1481.05    1481.04     6.2639     6.3758    93.2190    94.8820  0.000e+00
      41777     97.000     7.1710     7.1706    3.55934    3.55913          1     3.5218     3.2894      38.23      0.370     0.2432     0.2078  1.000e-12  0.2037000    35.1169    35.1150    -0.0019    -0.0004    27.4869    27.4855     96.076     96.257    1481.06    1481.05     6.2687     6.3795    93.2910    94.9360  0.000e+00
      41799     97.500     7.1704     7.1699    3.55930    3.55908          1     3.5228     3.2893      37.81      0.455     0.2317     0.2057  1.000e-12  0.1941000    35.1169    35.1149    -0.0019    -0.0004    27.4870    27.4855     96.571     96.753    1481.06    1481.06     6.2709     6.3782    93.3210    94.9160  0.000e+00
