ctdpy/tests/test_data/exprapp_april_2020/SBE09_1387_20200414_1453_77_10_0337.cnv
* Sea-Bird SBE 9 Data File:
* FileName = L:\2020\sv20d0337.hex
* Software Version Seasave V 7.26.7.121
* Temperature SN = 6378
* Conductivity SN = 4824
* Number of Bytes Per Scan = 41
* Number of Voltage Words = 4
* Number of Scans Averaged by the Deck Unit = 1
* NMEA Latitude = 58 20.34 N
* NMEA Longitude = 011 01.64 E
* NMEA UTC (Time) = Apr 14 2020  14:53:54
* NMEA baud rate = 4800
** Station:  A13
** Operator:  JKro
** Ship: SVEA
** Average sound velocity: 1476.68 m/s
** True-depth calculation Tue, 14 Apr 2020 17:06:44 +0000
** CTD Python Module SMHI /ver 3-12/ feb 2012 
** LIMS Job: 20207710-0337
** Cruise: SMHI-07-2020
** Latitude [GG MM.mm N] :
** Longitude [GGG MM.mm E]:
# nquan = 30
# nvalues = 197                         
# units = specified
# name 0 = scan: Scan Count
# name 1 = prDM: Pressure, Digiquartz [db]
# name 2 = t090C: Temperature [ITS-90, deg C]
# name 3 = t190C: Temperature, 2 [ITS-90, deg C]
# name 4 = c0S/m: Conductivity [S/m]
# name 5 = c1S/m: Conductivity, 2 [S/m]
# name 6 = pumps: Pump Status
# name 7 = sbeox0V: Oxygen raw, SBE 43 [V]
# name 8 = sbeox1V: Oxygen raw, SBE 43, 2 [V]
# name 9 = altM: Altimeter [m]
# name 10 = dz/dtM: Descent Rate [m/s]
# name 11 = flECO-AFL: Chl-a Fluorescence, WET Labs ECO-AFL/FL [mg/m^3]
# name 12 = flECO-AFL1: Phycocyanin Fluorescence, WET Labs ECO-AFL/FL, 2 [mg/m^3]
# name 13 = par: PAR/Irradiance, Biospherical/Lico [µE/(cm^2*s)]
# name 14 = turbWETntu0: Turbidity, WET Labs ECO [NTU]
# name 15 = sal00: Salinity, Practical [PSU]
# name 16 = sal11: Salinity, Practical, 2 [PSU]
# name 17 = secS-priS: Salinity, Practical, Difference, 2 - 1 [PSU]
# name 18 = T2-T190C: Temperature Difference, 2 - 1 [ITS-90, deg C]
# name 19 = sigma-t00: Density [sigma-t, kg/m^3 ]
# name 20 = sigma-t11: Density, 2 [sigma-t, kg/m^3 ]
# name 21 = depSM: Depth [salt water, m], lat = 58.339
# name 22 = depFM: Depth [true depth, m], lat = 58.339
# name 23 = svCM: Sound Velocity [Chen-Millero, m/s]
# name 24 = svCM1: Sound Velocity, 2 [Chen-Millero, m/s]
# name 25 = sbeox0ML/L: Oxygen, SBE 43 [ml/l], WS = 2
# name 26 = sbeox1ML/L: Oxygen, SBE 43, 2 [ml/l], WS = 2
# name 27 = sbeox0PS: Oxygen, SBE 43 [% saturation], WS = 2
# name 28 = sbeox1PS: Oxygen, SBE 43, 2 [% saturation], WS = 2
# name 29 = flag: flag
# span 0 =      55943,      61381       
# span 1 =      1.000,     99.000       
# span 2 =     6.2553,     7.0028       
# span 3 =     6.2551,     7.0027       
# span 4 =   2.852675,   3.516203       
# span 5 =   2.852598,   3.516043       
# span 6 =          1,          1       
# span 7 =     3.4185,     3.6661       
# span 8 =     3.1964,     3.4226       
# span 9 =       3.71,      95.25       
# span 10 =     -0.389,      0.877      
# span 11 =     0.2441,     1.2880      
# span 12 =     0.1467,     0.3497      
# span 13 = -1.366e-05, 1.6369e+02      
# span 14 =     0.2126,     1.7779      
# span 15 =    28.0351,    34.8123      
# span 16 =    28.0342,    34.8106      
# span 17 =    -0.0722,     0.2485      
# span 18 =    -0.0212,     0.0219      
# span 19 =    21.9932,    27.2706      
# span 20 =    21.9925,    27.2693      
# span 21 =      0.991,     98.056      
# span 22 =      0.997,     98.258      
# span 23 =    1468.13,    1480.06      
# span 24 =    1468.12,    1480.05      
# span 25 =     6.0718,     6.9338      
# span 26 =     6.1872,     7.0654      
# span 27 =     89.833,     97.053      
# span 28 =     91.520,     98.893      
# span 29 = 0.0000e+00, 0.0000e+00      
# interval = decibars: 0.5              
# start_time = Apr 14 2020 14:53:55 [NMEA time, first data scan]
# bad_flag = -9.990e-29
*END*
[from data line 146]
      59754     74.000     6.9633     6.9619    3.50690    3.50643          1     3.4361     3.2114      25.37      0.661     0.2604     0.2307  1.000e-12  1.4947000    34.7623    34.7585    -0.0038    -0.0013    27.2366    27.2338     73.299     73.470    1479.43    1479.42     6.1031     6.2182    90.1850    91.8800  0.000e+00
      59779     74.500     6.9628     6.9618    3.50683    3.50632          1     3.4366     3.2115      24.70      0.599     0.2732     0.2268  1.000e-12  1.4970000    34.7618    34.7572    -0.0046    -0.0010    27.2363    27.2328     73.794     73.966    1479.44    1479.43     6.1042     6.2175    90.2000    91.8680  0.000e+00
      59824     75.000     6.9610     6.9598    3.50652    3.50601          1     3.4373     3.2111      24.18      0.217     0.2755     0.2033  1.000e-12  1.3192000    34.7599    34.7555    -0.0044    -0.0012    27.2351    27.2317     74.289     74.461    1479.44    1479.43     6.1090     6.2184    90.2670    91.8780  0.000e+00
      59847     75.500     6.9656     6.9644    3.50746    3.50704          1     3.4382     3.2113      23.94      0.351     0.2844     0.2723  1.000e-12  1.4174000    34.7653    34.7619    -0.0034    -0.0012    27.2387    27.2362     74.785     74.957    1479.47    1479.46     6.1100     6.2135    90.2930    91.8180  0.000e+00
      59861     76.000     6.9650     6.9630    3.50732    3.50675          1     3.4384     3.2106      23.63      0.569     0.2658     0.2509  1.000e-12  1.4973000    34.7642    34.7600    -0.0042    -0.0020    27.2379    27.2349     75.280     75.453    1479.47    1479.46     6.1094     6.2102    90.2830    91.7660  0.000e+00
      59874     76.500     6.9634     6.9628    3.50704    3.50675          1     3.4385     3.2101      23.08      0.764     0.2645     0.2365  1.000e-12  1.5311000    34.7625    34.7599    -0.0026    -0.0007    27.2368    27.2348     75.775     75.949    1479.47    1479.47     6.1088     6.2128    90.2690    91.8030  0.000e+00
      59890     77.000     6.9637     6.9632    3.50714    3.50685          1     3.4385     3.2102      22.65      0.851     0.2687     0.1980  1.000e-12  1.5613000    34.7630    34.7603    -0.0027    -0.0006    27.2371    27.2351     76.270     76.444    1479.48    1479.48     6.1048     6.2204    90.2110    91.9170  0.000e+00
      59933     77.500     6.9631     6.9630    3.50702    3.50686          1     3.4366     3.2114      21.79      0.381     0.2728     0.2158  1.000e-12  1.3419000    34.7620    34.7604    -0.0017    -0.0001    27.2365    27.2352     76.765     76.940    1479.49    1479.49     6.1024     6.2241    90.1730    91.9710  0.000e+00
      59971     78.000     6.9611     6.9629    3.50655    3.50679          1     3.4363     3.2116      21.39      0.236     0.2687     0.1949  1.000e-12  1.2217000    34.7586    34.7595     0.0009     0.0017    27.2340    27.2345     77.260     77.436    1479.48    1479.49     6.1049     6.2194    90.2050    91.9000  0.000e+00
      59985     78.500     6.9618     6.9619    3.50676    3.50660          1     3.4359     3.2114      21.12      0.510     0.2807     0.1761  1.000e-12  1.4694000    34.7599    34.7582    -0.0018     0.0000    27.2350    27.2336     77.756     77.932    1479.50    1479.50     6.1029     6.2205    90.1770    91.9140  0.000e+00
      59998     79.000     6.9639     6.9649    3.50727    3.50737          1     3.4358     3.2115      20.73      0.734     0.2745     0.2531  1.000e-12  1.5499000    34.7633    34.7633    -0.0000     0.0011    27.2374    27.2372     78.251     78.428    1479.52    1479.52     6.1034     6.2213    90.1910    91.9350  0.000e+00
      60011     79.500     6.9641     6.9661    3.50729    3.50766          1     3.4357     3.2114      20.29      0.877     0.2687     0.2612  1.000e-12  1.6712000    34.7630    34.7651     0.0021     0.0020    27.2371    27.2385     78.746     78.923    1479.52    1479.54     6.1040     6.2200    90.2000    91.9200  0.000e+00
      60038     80.000     6.9697     6.9695    3.50866    3.50841          1     3.4354     3.2108      19.57      0.683     0.2659     0.2373  1.000e-12  1.5026000    34.7721    34.7696    -0.0025    -0.0002    27.2435    27.2416     79.241     79.419    1479.57    1479.56     6.1006     6.2119    90.1680    91.8100  0.000e+00
      60091     80.500     6.9689     6.9668    3.50851    3.50792          1     3.4335     3.2076      19.17      0.129     0.2790     0.2083  1.000e-12  1.2588000    34.7711    34.7666    -0.0045    -0.0021    27.2428    27.2396     79.736     79.915    1479.57    1479.56     6.0909     6.2009    90.0220    91.6400  0.000e+00
      60108     81.000     6.9770     6.9721    3.51032    3.50911          1     3.4317     3.2066      18.98      0.411     0.2570     0.1467  1.000e-12  1.4186000    34.7826    34.7742    -0.0083    -0.0049    27.2507    27.2448     80.231     80.411    1479.63    1479.60     6.0846     6.1976    89.9520    91.6080  0.000e+00
      60123     81.500     6.9848     6.9846    3.51201    3.51184          1     3.4307     3.2057      18.58      0.632     0.2625     0.1671  1.000e-12  1.5491000    34.7931    34.7914    -0.0017    -0.0003    27.2579    27.2566     80.727     80.906    1479.68    1479.67     6.0848     6.1981    89.9780    91.6510  0.000e+00
      60138     82.000     6.9878     6.9874    3.51264    3.51243          1     3.4303     3.2055      18.06      0.772     0.2673     0.1909  1.000e-12  1.6839000    34.7967    34.7948    -0.0019    -0.0004    27.2604    27.2589     81.222     81.402    1479.70    1479.70     6.0866     6.2046    90.0120    91.7560  0.000e+00
      60161     82.500     6.9890     6.9888    3.51291    3.51271          1     3.4298     3.2061      17.41      0.680     0.2654     0.2321  1.000e-12  1.6477000    34.7983    34.7962    -0.0020    -0.0001    27.2614    27.2598     81.717     81.898    1479.72    1479.71     6.0862     6.2087    90.0100    91.8200  0.000e+00
      60202     83.000     6.9863     6.9847    3.51238    3.51182          1     3.4295     3.2055      16.90      0.282     0.2637     0.2120  1.000e-12  1.5011000    34.7949    34.7904    -0.0045    -0.0017    27.2591    27.2558     82.212     82.394    1479.71    1479.70     6.0895     6.1988    90.0510    91.6610  0.000e+00
      60229     83.500     6.9890     6.9873    3.51294    3.51249          1     3.4301     3.2046      16.63      0.342     0.2596     0.2379  1.000e-12  1.5251000    34.7980    34.7948    -0.0032    -0.0017    27.2612    27.2590     82.707     82.889    1479.73    1479.72     6.0933     6.2020    90.1140    91.7170  0.000e+00
      60246     84.000     6.9889     6.9885    3.51293    3.51271          1     3.4306     3.2051      16.16      0.534     0.2569     0.2614  1.000e-12  1.5485000    34.7978    34.7957    -0.0021    -0.0003    27.2611    27.2595     83.202     83.385    1479.74    1479.74     6.0942     6.2068    90.1270    91.7900  0.000e+00
      60262     84.500     6.9883     6.9877    3.51283    3.51254          1     3.4307     3.2052      15.68      0.685     0.2562     0.2641  1.000e-12  1.5395000    34.7970    34.7945    -0.0025    -0.0006    27.2606    27.2586     83.697     83.881    1479.74    1479.74     6.0934     6.2031    90.1130    91.7340  0.000e+00
      60279     85.000     6.9878     6.9876    3.51275    3.51253          1     3.4307     3.2046      15.26      0.744     0.2770     0.2207  1.000e-12  1.5399000    34.7964    34.7942    -0.0022    -0.0002    27.2601    27.2584     84.193     84.377    1479.75    1479.75     6.0927     6.1996    90.1020    91.6810  0.000e+00
      60303     85.500     6.9878     6.9876    3.51276    3.51255          1     3.4304     3.2042      14.57      0.611     0.2793     0.1781  1.000e-12  1.5926000    34.7964    34.7942    -0.0022    -0.0001    27.2601    27.2584     84.688     84.872    1479.76    1479.76     6.0888     6.2010    90.0440    91.7030  0.000e+00
      60339     86.000     6.9878     6.9875    3.51279    3.51250          1     3.4294     3.2042      13.96      0.354     0.2611     0.2146  1.000e-12  1.4831000    34.7964    34.7934    -0.0030    -0.0003    27.2601    27.2578     85.183     85.368    1479.77    1479.76     6.0890     6.2076    90.0480    91.7980  0.000e+00
      60368     86.500     6.9861     6.9861    3.51244    3.51225          1     3.4292     3.2049      13.56      0.359     0.2719     0.2224  1.000e-12  1.4315000    34.7940    34.7919    -0.0021    -0.0000    27.2584    27.2568     85.678     85.864    1479.77    1479.76     6.0914     6.2070    90.0780    91.7860  0.000e+00
      60388     87.000     6.9857     6.9859    3.51234    3.51224          1     3.4294     3.2044      13.14      0.491     0.2795     0.2189  1.000e-12  1.4941000    34.7931    34.7917    -0.0013     0.0003    27.2578    27.2567     86.173     86.360    1479.77    1479.77     6.0908     6.2011    90.0670    91.6980  0.000e+00
      60406     87.500     6.9873     6.9862    3.51265    3.51227          1     3.4291     3.2040      12.62      0.613     0.2689     0.2091  1.000e-12  1.6015000    34.7947    34.7916    -0.0031    -0.0011    27.2588    27.2565     86.668     86.855    1479.79    1479.78     6.0901     6.2015    90.0620    91.7050  0.000e+00
      60425     88.000     6.9856     6.9851    3.51235    3.51208          1     3.4291     3.2036      12.12      0.666     0.2612     0.1766  1.000e-12  1.5722000    34.7927    34.7903    -0.0023    -0.0006    27.2575    27.2557     87.163     87.351    1479.79    1479.78     6.0919     6.1982    90.0830    91.6530  0.000e+00
      60453     88.500     6.9888     6.9878    3.51302    3.51263          1     3.4286     3.2030      11.44      0.516     0.2657     0.2657  1.000e-12  1.5529000    34.7966    34.7934    -0.0032    -0.0010    27.2601    27.2578     87.659     87.847    1479.81    1479.81     6.0875     6.2021    90.0280    91.7180  0.000e+00
      60487     89.000     6.9888     6.9894    3.51299    3.51301          1     3.4276     3.2030      10.93      0.334     0.2597     0.2427  1.000e-12  1.6347000    34.7960    34.7957    -0.0003     0.0005    27.2597    27.2594     88.154     88.343    1479.82    1479.82     6.0864     6.2050    90.0110    91.7650  0.000e+00
      60510     89.500     6.9933     6.9921    3.51390    3.51355          1     3.4275     3.2037      10.55      0.435     0.2804     0.2094  1.000e-12  1.5316000    34.8013    34.7987    -0.0027    -0.0012    27.2633    27.2613     88.649     88.838    1479.85    1479.84     6.0873     6.2077    90.0360    91.8140  0.000e+00
      60532     90.000     6.9930     6.9915    3.51387    3.51344          1     3.4271     3.2034      10.24      0.538     0.2808     0.2243  1.000e-12  1.5232000    34.8011    34.7978    -0.0033    -0.0015    27.2631    27.2607     89.144     89.334    1479.86    1479.85     6.0853     6.2004    90.0060    91.7030  0.000e+00
      60560     90.500     6.9936     6.9934    3.51407    3.51382          1     3.4262     3.2024       9.75      0.488     0.2630     0.2609  1.000e-12  1.6065000    34.8024    34.7998    -0.0025    -0.0002    27.2640    27.2620     89.639     89.830    1479.87    1479.87     6.0807     6.1917    89.9400    91.5790  0.000e+00
      60594     91.000     6.9951     6.9960    3.51439    3.51440          1     3.4249     3.2004       9.28      0.342     0.2692     0.2360  1.000e-12  1.6921000    34.8040    34.8034    -0.0007     0.0008    27.2651    27.2645     90.134     90.326    1479.89    1479.89     6.0812     6.1872    89.9510    91.5200  0.000e+00
      60621     91.500     6.9956     6.9975    3.51444    3.51469          1     3.4246     3.1995       8.30      0.407     0.2623     0.1984  1.000e-12  1.7779000    34.8039    34.8048     0.0009     0.0019    27.2650    27.2654     90.629     90.821    1479.90    1479.91     6.0807     6.1955    89.9440    91.6480  0.000e+00
      60645     92.000     6.9932     6.9947    3.51403    3.51415          1     3.4243     3.2004       8.43      0.489     0.2631     0.2135  1.000e-12  1.6654000    34.8015    34.8014    -0.0001     0.0014    27.2634    27.2631     91.125     91.317    1479.89    1479.90     6.0809     6.2072    89.9410    91.8130  0.000e+00
      60679     92.500     6.9906     6.9928    3.51348    3.51372          1     3.4243     3.2016       8.05      0.394     0.2593     0.1841  1.000e-12  1.5751000    34.7979    34.7983     0.0004     0.0022    27.2609    27.2609     91.620     91.813    1479.89    1479.90     6.0868     6.2046    90.0220    91.7690  0.000e+00
      60722     93.000     6.9849     6.9844    3.51230    3.51199          1     3.4256     3.2017       7.70      0.263     0.2586     0.2247  1.000e-12  1.4166000    34.7904    34.7875    -0.0029    -0.0005    27.2558    27.2536     92.115     92.309    1479.86    1479.86     6.0896     6.2054    90.0470    91.7570  0.000e+00
      60755     93.500     6.9851     6.9859    3.51238    3.51236          1     3.4259     3.2021       7.33      0.347     0.2668     0.2003  1.000e-12  1.4210000    34.7908    34.7899    -0.0010     0.0008    27.2561    27.2552     92.610     92.804    1479.87    1479.88     6.0884     6.2086    90.0300    91.8080  0.000e+00
      60801     94.000     6.9875     6.9860    3.51290    3.51244          1     3.4243     3.2021       6.93      0.264     0.2628     0.2123  1.000e-12  1.3685000    34.7939    34.7903    -0.0037    -0.0014    27.2582    27.2555     93.105     93.300    1479.89    1479.88     6.0807     6.1997    89.9220    91.6780  0.000e+00
      60842     94.500     6.9890     6.9874    3.51324    3.51276          1     3.4229     3.2001       6.58      0.280     0.2619     0.2381  1.000e-12  1.4084000    34.7959    34.7923    -0.0036    -0.0016    27.2595    27.2569     93.600     93.796    1479.91    1479.90     6.0807     6.1890    89.9270    91.5230  0.000e+00
      60871     95.000     6.9963     6.9950    3.51477    3.51430          1     3.4232     3.1989       6.22      0.392     0.2762     0.2665  1.000e-12  1.5292000    34.8050    34.8013    -0.0037    -0.0014    27.2657    27.2630     94.095     94.292    1479.96    1479.95     6.0834     6.1961    89.9870    91.6490  0.000e+00
      60916     95.500     6.9982     6.9977    3.51517    3.51486          1     3.4231     3.1998       5.71      0.284     0.2743     0.2344  1.000e-12  1.5497000    34.8073    34.8044    -0.0029    -0.0005    27.2673    27.2650     94.590     94.787    1479.98    1479.97     6.0803     6.1990    89.9470    91.7000  0.000e+00
      60962     96.000     6.9990     6.9998    3.51534    3.51534          1     3.4225     3.1987       5.28      0.252     0.2713     0.1995  1.000e-12  1.4251000    34.8081    34.8074    -0.0008     0.0008    27.2678    27.2671     95.086     95.283    1479.99    1479.99     6.0804     6.1906    89.9510    91.5820  0.000e+00
      61017     96.500     7.0005     7.0014    3.51567    3.51566          1     3.4218     3.1985       4.96      0.221     0.2727     0.2606  1.000e-12  1.4754000    34.8100    34.8090    -0.0010     0.0009    27.2691    27.2682     95.581     95.779    1480.01    1480.01     6.0784     6.1974    89.9240    91.6860  0.000e+00
      61075     97.000     7.0019     7.0017    3.51594    3.51577          1     3.4210     3.1993       4.73      0.219     0.2497     0.2609  1.000e-12  1.5459000    34.8114    34.8097    -0.0017    -0.0003    27.2699    27.2686     96.076     96.275    1480.02    1480.02     6.0778     6.1976    89.9190    91.6900  0.000e+00
