ctdpy/tests/test_data/exprapp_april_2020/SBE09_1387_20200418_1555_77_10_0357.cnv
* Sea-Bird SBE 9 Data File:
* FileName = L:\2020\sv20d0357.hex
* Software Version Seasave V 7.26.7.121
* Temperature SN = 6378
* Conductivity SN = 4824
* Number of Bytes Per Scan = 41
* Number of Voltage Words = 4
* Number of Scans Averaged by the Deck Unit = 1
* NMEA Latitude = 58 01.00 N
* NMEA Longitude = 017 59.06 E
* NMEA UTC (Time) = Apr 18 2020  15:55:45
* NMEA baud rate = 4800
** Station:  BY32
** Operator:  JKro
** Ship: SVEA
** Average sound velocity: 1441.64 m/s
** True-depth calculation Sat, 18 Apr 2020 17:21:02 +0000
** CTD Python Module SMHI /ver 3-12/ feb 2012 
** LIMS Job: 20207710-0357
** Cruise: SMHI-07-2020
** Latitude [GG MM.mm N] :
** Longitude [GGG MM.mm E]:
# nquan = 30
# nvalues = 397                         
# units = specified
# name 0 = scan: Scan Count
# name 1 = prDM: Pressure, Digiquartz [db]
# name 2 = t090C: Temperature [ITS-90, deg C]
# name 3 = t190C: Temperature, 2 [ITS-90, deg C]
# name 4 = c0S/m: Conductivity [S/m]
# name 5 = c1S/m: Conductivity, 2 [S/m]
# name 6 = pumps: Pump Status
# name 7 = sbeox0V: Oxygen raw, SBE 43 [V]
# name 8 = sbeox1V: Oxygen raw, SBE 43, 2 [V]
# name 9 = altM: Altimeter [m]
# name 10 = dz/dtM: Descent Rate [m/s]
# name 11 = flECO-AFL: Chl-a Fluorescence, WET Labs ECO-AFL/FL [mg/m^3]
# name 12 = flECO-AFL1: Phycocyanin Fluorescence, WET Labs ECO-AFL/FL, 2 [mg/m^3]
# name 13 = par: PAR/Irradiance, Biospherical/Lico [µE/(cm^2*s)]
# name 14 = turbWETntu0: Turbidity, WET Labs ECO [NTU]
# name 15 = sal00: Salinity, Practical [PSU]
# name 16 = sal11: Salinity, Practical, 2 [PSU]
# name 17 = secS-priS: Salinity, Practical, Difference, 2 - 1 [PSU]
# name 18 = T2-T190C: Temperature Difference, 2 - 1 [ITS-90, deg C]
# name 19 = sigma-t00: Density [sigma-t, kg/m^3 ]
# name 20 = sigma-t11: Density, 2 [sigma-t, kg/m^3 ]
# name 21 = depSM: Depth [salt water, m], lat = 58.0167
# name 22 = depFM: Depth [true depth, m], lat = 58.0167
# name 23 = svCM: Sound Velocity [Chen-Millero, m/s]
# name 24 = svCM1: Sound Velocity, 2 [Chen-Millero, m/s]
# name 25 = sbeox0ML/L: Oxygen, SBE 43 [ml/l], WS = 2
# name 26 = sbeox1ML/L: Oxygen, SBE 43, 2 [ml/l], WS = 2
# name 27 = sbeox0PS: Oxygen, SBE 43 [% saturation], WS = 2
# name 28 = sbeox1PS: Oxygen, SBE 43, 2 [% saturation], WS = 2
# name 29 = flag: flag
# span 0 =      15098,      25806       
# span 1 =      1.500,    199.500       
# span 2 =     4.4333,     5.9175       
# span 3 =     4.4324,     5.9173       
# span 4 =   0.781565,   1.155376       
# span 5 =   0.781702,   1.155567       
# span 6 =          1,          1       
# span 7 =     0.7411,     3.8703       
# span 8 =     0.7276,     3.6105       
# span 9 =      -0.13,      97.49       
# span 10 =     -0.292,      0.642      
# span 11 =     0.3196,     3.1165      
# span 12 =     0.1323,     0.8182      
# span 13 = 1.0000e-12, 6.4141e+01      
# span 14 =     0.1033,     2.5088      
# span 15 =     7.2288,    10.6292      
# span 16 =     7.2291,    10.6312      
# span 17 =     0.0002,     0.0112      
# span 18 =    -0.0076,     0.0227      
# span 19 =     5.7109,     8.3538      
# span 20 =     5.7112,     8.3554      
# span 21 =      1.486,    197.556      
# span 22 =      1.519,    201.735      
# span 23 =    1434.07,    1446.94      
# span 24 =    1434.06,    1446.94      
# span 25 =     0.0442,     8.8358      
# span 26 =     0.0798,     8.9917      
# span 27 =      0.543,    104.161      
# span 28 =      0.981,    106.010      
# span 29 = 0.0000e+00, 0.0000e+00      
# interval = decibars: 0.5              
# start_time = Apr 18 2020 15:55:46 [NMEA time, first data scan]
# bad_flag = -9.990e-29
*END*
[from data line 387]
      25291    195.000     5.9170     5.9168    1.15516    1.15536          1     0.7412     0.7286       4.60      0.233     0.4412     0.2269  1.000e-12  0.4382000    10.6280    10.6300     0.0020    -0.0002     8.3529     8.3545    193.101    197.190    1446.87    1446.87     0.0446     0.0832     0.5490     1.0230  0.000e+00
      25331    195.500     5.9171     5.9169    1.15521    1.15541          1     0.7412     0.7284       4.13      0.300     0.4532     0.2319  1.000e-12  0.4350000    10.6283    10.6304     0.0021    -0.0002     8.3531     8.3548    193.596    197.695    1446.87    1446.88     0.0445     0.0834     0.5470     1.0250  0.000e+00
      25370    196.000     5.9172     5.9170    1.15522    1.15542          1     0.7412     0.7286       3.71      0.306     0.4510     0.2259  1.000e-12  0.4387000    10.6283    10.6303     0.0020    -0.0002     8.3531     8.3547    194.091    198.200    1446.88    1446.88     0.0449     0.0861     0.5520     1.0590  0.000e+00
      25411    196.500     5.9172     5.9171    1.15523    1.15545          1     0.7412     0.7285       3.14      0.299     0.4462     0.2262  1.000e-12  0.4433000    10.6283    10.6305     0.0022    -0.0001     8.3531     8.3549    194.586    198.705    1446.89    1446.89     0.0446     0.0882     0.5480     1.0840  0.000e+00
      25459    197.000     5.9172     5.9171    1.15528    1.15548          1     0.7412     0.7290       2.52      0.245     0.4480     0.2304  1.000e-12  0.4377000    10.6287    10.6307     0.0020    -0.0001     8.3534     8.3550    195.081    199.210    1446.90    1446.90     0.0444     0.0856     0.5460     1.0520  0.000e+00
      25504    197.500     5.9173     5.9172    1.15532    1.15552          1     0.7412     0.7284       2.06      0.254     0.4489     0.2449  1.000e-12  0.4455000    10.6290    10.6310     0.0020    -0.0002     8.3536     8.3553    195.576    199.715    1446.91    1446.91     0.0446     0.0798     0.5480     0.9810  0.000e+00
      25534    198.000     5.9174     5.9172    1.15535    1.15555          1     0.7412     0.7279       1.62      0.381     0.4486     0.2313  1.000e-12  0.4421000    10.6292    10.6312     0.0020    -0.0002     8.3538     8.3554    196.071    200.220    1446.92    1446.92     0.0447     0.0818     0.5490     1.0060  0.000e+00
      25601    198.500     5.9174     5.9172    1.15535    1.15554          1     0.7411     0.7279       1.00      0.164     0.4520     0.2039  1.000e-12  0.4137000    10.6291    10.6311     0.0019    -0.0002     8.3538     8.3553    196.566    200.725    1446.92    1446.93     0.0442     0.0825     0.5430     1.0130  0.000e+00
      25640    199.000     5.9175     5.9173    1.15538    1.15557          1     0.7412     0.7276       0.61      0.309     0.4394     0.2167  1.000e-12  0.4237000    10.6292    10.6312     0.0020    -0.0002     8.3538     8.3554    197.061    201.230    1446.93    1446.93     0.0448     0.0813     0.5500     0.9990  0.000e+00
      25806    199.500     5.9174     5.9172    1.15537    1.15551          1     0.7411     0.7295      -0.13      0.169     0.4398     0.2024  1.000e-12  0.4306000    10.6291    10.6306     0.0015    -0.0002     8.3537     8.3549    197.556    201.735    1446.94    1446.94     0.0444     0.1054     0.5450     1.2950  0.000e+00
