ctdpy/tests/test_data/exprapp_april_2020/SBE09_1387_20200414_1734_77_10_0339.cnv
* Sea-Bird SBE 9 Data File:
* FileName = L:\2020\sv20d0339.hex
* Software Version Seasave V 7.26.7.121
* Temperature SN = 6378
* Conductivity SN = 4824
* Number of Bytes Per Scan = 41
* Number of Voltage Words = 4
* Number of Scans Averaged by the Deck Unit = 1
* NMEA Latitude = 58 17.70 N
* NMEA Longitude = 010 50.71 E
* NMEA UTC (Time) = Apr 14 2020  17:34:37
* NMEA baud rate = 4800
** Station:  A15
** Operator:  JKro
** Ship: SVEA
** Average sound velocity: 1478.74 m/s
** True-depth calculation Tue, 14 Apr 2020 18:47:29 +0000
** CTD Python Module SMHI /ver 3-12/ feb 2012 
** LIMS Job: 20207710-0339
** Cruise: SMHI-07-2020
** Latitude [GG MM.mm N] :
** Longitude [GGG MM.mm E]:
# nquan = 30
# nvalues = 265                         
# units = specified
# name 0 = scan: Scan Count
# name 1 = prDM: Pressure, Digiquartz [db]
# name 2 = t090C: Temperature [ITS-90, deg C]
# name 3 = t190C: Temperature, 2 [ITS-90, deg C]
# name 4 = c0S/m: Conductivity [S/m]
# name 5 = c1S/m: Conductivity, 2 [S/m]
# name 6 = pumps: Pump Status
# name 7 = sbeox0V: Oxygen raw, SBE 43 [V]
# name 8 = sbeox1V: Oxygen raw, SBE 43, 2 [V]
# name 9 = altM: Altimeter [m]
# name 10 = dz/dtM: Descent Rate [m/s]
# name 11 = flECO-AFL: Chl-a Fluorescence, WET Labs ECO-AFL/FL [mg/m^3]
# name 12 = flECO-AFL1: Phycocyanin Fluorescence, WET Labs ECO-AFL/FL, 2 [mg/m^3]
# name 13 = par: PAR/Irradiance, Biospherical/Lico [µE/(cm^2*s)]
# name 14 = turbWETntu0: Turbidity, WET Labs ECO [NTU]
# name 15 = sal00: Salinity, Practical [PSU]
# name 16 = sal11: Salinity, Practical, 2 [PSU]
# name 17 = secS-priS: Salinity, Practical, Difference, 2 - 1 [PSU]
# name 18 = T2-T190C: Temperature Difference, 2 - 1 [ITS-90, deg C]
# name 19 = sigma-t00: Density [sigma-t, kg/m^3 ]
# name 20 = sigma-t11: Density, 2 [sigma-t, kg/m^3 ]
# name 21 = depSM: Depth [salt water, m], lat = 58.295
# name 22 = depFM: Depth [true depth, m], lat = 58.295
# name 23 = svCM: Sound Velocity [Chen-Millero, m/s]
# name 24 = svCM1: Sound Velocity, 2 [Chen-Millero, m/s]
# name 25 = sbeox0ML/L: Oxygen, SBE 43 [ml/l], WS = 2
# name 26 = sbeox1ML/L: Oxygen, SBE 43, 2 [ml/l], WS = 2
# name 27 = sbeox0PS: Oxygen, SBE 43 [% saturation], WS = 2
# name 28 = sbeox1PS: Oxygen, SBE 43, 2 [% saturation], WS = 2
# name 29 = flag: flag
# span 0 =      37001,      44180       
# span 1 =      1.500,    133.500       
# span 2 =     6.4246,     7.2464       
# span 3 =     6.4270,     7.2461       
# span 4 =   2.877417,   3.564572       
# span 5 =   2.877149,   3.564323       
# span 6 =          1,          1       
# span 7 =     3.4852,     3.6655       
# span 8 =     3.2572,     3.4238       
# span 9 =       1.91,      98.38       
# span 10 =     -0.432,      0.677      
# span 11 =     0.2225,     1.4224      
# span 12 =     0.1278,     0.4225      
# span 13 = -1.677e-07, 5.0666e+00      
# span 14 =     0.1239,     1.5660      
# span 15 =    28.3469,    35.1173      
# span 16 =    28.3440,    35.1153      
# span 17 =    -0.0190,     0.0701      
# span 18 =    -0.0075,     0.0083      
# span 19 =    22.2452,    27.4911      
# span 20 =    22.2429,    27.4892      
# span 21 =      1.486,    132.217      
# span 22 =      1.495,    132.439      
# span 23 =    1468.34,    1481.46      
# span 24 =    1468.32,    1481.46      
# span 25 =     6.1437,     6.9238      
# span 26 =     6.2474,     7.0628      
# span 27 =     91.585,     96.999      
# span 28 =     93.098,     98.948      
# span 29 = 0.0000e+00, 0.0000e+00      
# interval = decibars: 0.5              
# start_time = Apr 14 2020 17:34:38 [NMEA time, first data scan]
# bad_flag = -9.990e-29
*END*
[from data line 49]
      38388     26.000     6.6761     6.6793    3.38354    3.38456          1     3.5983     3.3629      97.22      0.443     0.3893     0.2401  1.000e-12  0.1385000    33.7107    33.7189     0.0081     0.0033    26.4468    26.4527     25.757     25.864    1476.21    1476.23     6.5251     6.6523    95.1250    96.9910  0.000e+00
      38414     26.500     6.7018     6.7045    3.39308    3.39367          1     3.6015     3.3647      97.22      0.444     0.3834     0.2466  1.000e-12  0.1439000    33.7906    33.7945     0.0039     0.0026    26.5063    26.5090     26.252     26.360    1476.42    1476.43     6.5370     6.6598    95.4050    97.2060  0.000e+00
      38436     27.000     6.7346     6.7364    3.40235    3.40279          1     3.6052     3.3670      97.22      0.506     0.3638     0.2611  1.000e-12  0.1239000    33.8604    33.8636     0.0031     0.0018    26.5570    26.5592     26.747     26.856    1476.64    1476.65     6.5366     6.6632    95.5150    97.3710  0.000e+00
      38457     27.500     6.7666     6.7673    3.41028    3.41026          1     3.6078     3.3696      97.21      0.554     0.3759     0.2633  1.000e-12  0.1400000    33.9161    33.9153    -0.0009     0.0007    26.5966    26.5958     27.243     27.352    1476.84    1476.85     6.5291     6.6543    95.5110    97.3440  0.000e+00
      38483     28.000     6.7827     6.7851    3.41473    3.41540          1     3.6100     3.3703      97.20      0.513     0.3642     0.2623  1.000e-12  0.1263000    33.9491    33.9541     0.0051     0.0024    26.6204    26.6241     27.738     27.848    1476.96    1476.97     6.5280     6.6387    95.5510    97.1800  0.000e+00
      38511     28.500     6.7982     6.7996    3.41995    3.42006          1     3.6115     3.3701      97.19      0.431     0.3524     0.1811  1.000e-12  0.1243000    33.9911    33.9909    -0.0002     0.0014    26.6515    26.6511     28.233     28.344    1477.08    1477.08     6.5203     6.6337    95.5000    97.1630  0.000e+00
      38535     29.000     6.8038     6.8032    3.42253    3.42235          1     3.6112     3.3706      97.21      0.460     0.3504     0.2693  1.000e-12  0.1244000    34.0138    34.0124    -0.0014    -0.0006    26.6686    26.6676     28.729     28.840    1477.14    1477.13     6.5127     6.6332    95.4140    97.1770  0.000e+00
      38557     29.500     6.8117     6.8118    3.42628    3.42618          1     3.6101     3.3703      97.22      0.520     0.3418     0.2417  1.000e-12  0.1244000    34.0471    34.0459    -0.0012     0.0001    26.6938    26.6928     29.224     29.336    1477.22    1477.22     6.5038     6.6287    95.3220    97.1520  0.000e+00
      38582     30.000     6.8201     6.8240    3.42991    3.43155          1     3.6085     3.3703      97.23      0.516     0.3415     0.2242  1.000e-12  0.1466000    34.0786    34.0928     0.0142     0.0039    26.7174    26.7281     29.719     29.832    1477.30    1477.33     6.5014     6.6245    95.3250    97.1470  0.000e+00
      38609     30.500     6.8398     6.8443    3.43911    3.44052          1     3.6082     3.3697      90.69      0.455     0.3278     0.2598  1.000e-12  0.1707000    34.1603    34.1714     0.0111     0.0045    26.7791    26.7873     30.214     30.328    1477.49    1477.52     6.4955     6.6073    95.3340    96.9910  0.000e+00
      38634     31.000     6.8470     6.8456    3.44244    3.44204          1     3.6069     3.3675      51.40      0.458     0.3287     0.2447  1.000e-12  0.1489000    34.1895    34.1865    -0.0031    -0.0014    26.8012    26.7990     30.710     30.824    1477.56    1477.55     6.4881     6.5969    95.2580    96.8510  0.000e+00
      38656     31.500     6.8454     6.8451    3.44278    3.44239          1     3.6062     3.3665      80.65      0.510     0.3175     0.2386  1.000e-12  0.1429000    34.1947    34.1908    -0.0039    -0.0004    26.8055    26.8025     31.205     31.320    1477.57    1477.56     6.4859     6.6067    95.2270    96.9970  0.000e+00
      38679     32.000     6.8437     6.8425    3.44293    3.44267          1     3.6043     3.3665      97.29      0.536     0.3569     0.2394  1.000e-12  0.1676000    34.1977    34.1961    -0.0016    -0.0012    26.8081    26.8070     31.700     31.816    1477.57    1477.57     6.4797     6.6049    95.1330    96.9670  0.000e+00
      38704     32.500     6.8416     6.8419    3.44438    3.44508          1     3.6027     3.3649      97.24      0.513     0.3278     0.2392  1.000e-12  0.1672000    34.2157    34.2230     0.0073     0.0004    26.8226    26.8283     32.195     32.312    1477.59    1477.60     6.4782     6.5891    95.1180    96.7520  0.000e+00
      38732     33.000     6.8475     6.8493    3.44872    3.44954          1     3.6009     3.3623      97.23      0.449     0.3082     0.2143  1.000e-12  0.1652000    34.2574    34.2647     0.0073     0.0017    26.8546    26.8601     32.691     32.808    1477.68    1477.69     6.4706     6.5829    95.0450    96.7030  0.000e+00
      38760     33.500     6.8504     6.8521    3.45156    3.45198          1     3.5993     3.3607      96.87      0.411     0.3153     0.1914  1.000e-12  0.1694000    34.2856    34.2886     0.0030     0.0017    26.8765    26.8786     33.186     33.304    1477.73    1477.74     6.4689     6.5835    95.0440    96.7330  0.000e+00
      38784     34.000     6.8549     6.8548    3.45317    3.45289          1     3.5982     3.3602      97.23      0.465     0.3087     0.1912  1.000e-12  0.2016000    34.2986    34.2957    -0.0030    -0.0002    26.8861    26.8838     33.681     33.800    1477.78    1477.77     6.4639     6.5888    94.9880    96.8210  0.000e+00
      38805     34.500     6.8556     6.8560    3.45364    3.45372          1     3.5970     3.3601      97.23      0.535     0.3078     0.2121  1.000e-12  0.1902000    34.3029    34.3034     0.0005     0.0004    26.8894    26.8897     34.177     34.296    1477.79    1477.79     6.4635     6.5819    94.9870    96.7290  0.000e+00
      38827     35.000     6.8609     6.8614    3.45591    3.45577          1     3.5964     3.3585      97.21      0.554     0.3067     0.2515  1.000e-12  0.1991000    34.3224    34.3203    -0.0021     0.0005    26.9040    26.9023     34.672     34.792    1477.84    1477.84     6.4613     6.5697    94.9780    96.5720  0.000e+00
      38853     35.500     6.8662     6.8684    3.45759    3.45804          1     3.5956     3.3568      97.24      0.502     0.3067     0.2036  1.000e-12  0.1719000    34.3353    34.3381     0.0028     0.0022    26.9135    26.9154     35.167     35.288    1477.89    1477.90     6.4600     6.5718    94.9790    96.6300  0.000e+00
      38879     36.000     6.8802     6.8836    3.46244    3.46296          1     3.5951     3.3565      97.24      0.455     0.2948     0.2599  1.000e-12  0.1932000    34.3746    34.3770     0.0024     0.0034    26.9426    26.9440     35.662     35.784    1478.00    1478.02     6.4545     6.5732    94.9530    96.7080  0.000e+00
      38903     36.500     6.8883     6.8917    3.46454    3.46532          1     3.5941     3.3563      97.25      0.477     0.3050     0.2380  1.000e-12  0.1691000    34.3894    34.3946     0.0052     0.0034    26.9531    26.9567     36.158     36.280    1478.06    1478.08     6.4473     6.5703    94.8740    96.6960  0.000e+00
      38925     37.000     6.9150     6.9187    3.47138    3.47204          1     3.5927     3.3559      97.22      0.518     0.3078     0.2064  1.000e-12  0.1617000    34.4378    34.4414     0.0036     0.0037    26.9876    26.9899     36.653     36.776    1478.23    1478.25     6.4396     6.5578    94.8490    96.6010  0.000e+00
      38947     37.500     6.9320     6.9354    3.47531    3.47590          1     3.5923     3.3546      97.21      0.553     0.2996     0.1936  1.000e-12  0.1565000    34.4638    34.4670     0.0031     0.0034    27.0058    27.0078     37.148     37.272    1478.34    1478.36     6.4356     6.5438    94.8440    96.4480  0.000e+00
      38969     38.000     6.9442     6.9453    3.47822    3.47824          1     3.5905     3.3528      97.21      0.560     0.2959     0.1835  1.000e-12  0.1413000    34.4834    34.4825    -0.0008     0.0010    27.0195    27.0187     37.643     37.767    1478.42    1478.42     6.4218     6.5336    94.6790    96.3290  0.000e+00
      38993     38.500     6.9520     6.9556    3.48019    3.48083          1     3.5874     3.3503      97.22      0.517     0.2941     0.1840  1.000e-12  0.1365000    34.4970    34.5006     0.0036     0.0036    27.0292    27.0315     38.139     38.263    1478.47    1478.49     6.4104     6.5249    94.5360    96.2350  0.000e+00
      39020     39.000     6.9632     6.9668    3.48322    3.48385          1     3.5837     3.3475      96.74      0.455     0.3013     0.1973  1.000e-12  0.1351000    34.5189    34.5223     0.0034     0.0035    27.0449    27.0471     38.634     38.759    1478.55    1478.57     6.3972     6.5118    94.3790    96.0800  0.000e+00
      39044     39.500     6.9742     6.9758    3.48633    3.48648          1     3.5798     3.3448      93.77      0.467     0.3136     0.1991  1.000e-12  0.1348000    34.5419    34.5419     0.0000     0.0016    27.0615    27.0613     39.129     39.255    1478.63    1478.64     6.3882     6.5038    94.2850    95.9940  0.000e+00
      39065     40.000     6.9808     6.9813    3.48829    3.48835          1     3.5778     3.3423      97.22      0.538     0.3123     0.1942  1.000e-12  0.1387000    34.5566    34.5567     0.0001     0.0005    27.0722    27.0722     39.624     39.751    1478.68    1478.69     6.3881     6.4964    94.3060    95.9070  0.000e+00
      39085     40.500     6.9854     6.9853    3.48978    3.48961          1     3.5761     3.3400      97.22      0.587     0.3044     0.2180  1.000e-12  0.1438000    34.5682    34.5663    -0.0019    -0.0001    27.0806    27.0791     40.120     40.247    1478.73    1478.72     6.3875     6.4913    94.3140    95.8450  0.000e+00
      39111     41.000     6.9880     6.9886    3.49060    3.49050          1     3.5753     3.3378      97.21      0.529     0.2992     0.2604  1.000e-12  0.1462000    34.5743    34.5727    -0.0016     0.0005    27.0851    27.0837     40.615     40.743    1478.75    1478.75     6.3823     6.4943    94.2480    95.9020  0.000e+00
      39143     41.500     6.9928     6.9958    3.49238    3.49302          1     3.5708     3.3357      59.10      0.382     0.3050     0.2057  1.000e-12  0.1402000    34.5888    34.5929     0.0041     0.0030    27.0958    27.0986     41.110     41.238    1478.80    1478.81     6.3565     6.4740    93.8860    95.6310  0.000e+00
      39168     42.000     7.0110     7.0049    3.49806    3.49578          1     3.5642     3.3307      98.38      0.411     0.3016     0.1638  1.000e-12  0.1401000    34.6328    34.6138    -0.0190    -0.0061    27.1280    27.1139     41.606     41.734    1478.93    1478.88     6.3319     6.4457    93.5880    95.2450  0.000e+00
      39188     42.500     7.0504     7.0429    3.50672    3.50549          1     3.5597     3.3268      97.22      0.527     0.3092     0.1927  1.000e-12  0.1407000    34.6882    34.6822    -0.0059    -0.0075    27.1661    27.1625     42.101     42.230    1479.16    1479.12     6.3178     6.4291    93.4990    95.1250  0.000e+00
      39207     43.000     7.0836     7.0854    3.51477    3.51500          1     3.5557     3.3231      97.18      0.610     0.3147     0.2252  1.000e-12  0.1375000    34.7429    34.7437     0.0008     0.0018    27.2046    27.2050     42.596     42.726    1479.36    1479.37     6.3047     6.4125    93.4090    95.0100  0.000e+00
      39230     43.500     7.1026     7.1044    3.51849    3.51871          1     3.5521     3.3190      97.21      0.591     0.2934     0.2103  1.000e-12  0.1424000    34.7644    34.7650     0.0006     0.0018    27.2189    27.2191     43.091     43.222    1479.47    1479.48     6.3016     6.4036    93.4170    94.9330  0.000e+00
      39257     44.000     7.1206     7.1239    3.52288    3.52349          1     3.5496     3.3155      97.20      0.478     0.3051     0.2185  1.000e-12  0.1396000    34.7942    34.7976     0.0034     0.0032    27.2398    27.2420     43.587     43.717    1479.59    1479.61     6.2914     6.3978    93.3230    94.9090  0.000e+00
      39282     44.500     7.1448     7.1449    3.52822    3.52809          1     3.5454     3.3117      97.23      0.455     0.2924     0.2296  1.000e-12  0.1542000    34.8282    34.8266    -0.0016     0.0002    27.2632    27.2619     44.082     44.213    1479.73    1479.73     6.2718     6.3745    93.1030    94.6280  0.000e+00
      39303     45.000     7.1615     7.1626    3.53247    3.53266          1     3.5417     3.3075      97.21      0.515     0.2818     0.2195  1.000e-12  0.1501000    34.8576    34.8587     0.0010     0.0011    27.2840    27.2847     44.577     44.709    1479.84    1479.85     6.2625     6.3541    93.0190    94.3820  0.000e+00
      39324     45.500     7.1874     7.1877    3.54021    3.54043          1     3.5391     3.3028      97.21      0.566     0.2915     0.2174  1.000e-12  0.1633000    34.9162    34.9183     0.0021     0.0003    27.3265    27.3281     45.072     45.205    1480.02    1480.03     6.2573     6.3450    93.0330    94.3380  0.000e+00
      39347     46.000     7.1976     7.1988    3.54442    3.54460          1     3.5375     3.3005      97.21      0.554     0.2840     0.2078  1.000e-12  0.1665000    34.9518    34.9526     0.0008     0.0012    27.3531    27.3536     45.567     45.700    1480.11    1480.12     6.2536     6.3609    93.0210    94.6200  0.000e+00
      39371     46.500     7.2054     7.2054    3.54769    3.54767          1     3.5357     3.3005      97.21      0.507     0.2649     0.2816  1.000e-12  0.1708000    34.9795    34.9793    -0.0002    -0.0000    27.3738    27.3737     46.063     46.196    1480.19    1480.19     6.2495     6.3674    92.9930    94.7470  0.000e+00
      39397     47.000     7.2100     7.2097    3.54990    3.54965          1     3.5345     3.3005      97.20      0.482     0.2660     0.2392  1.000e-12  0.1767000    34.9988    34.9964    -0.0024    -0.0003    27.3884    27.3866     46.558     46.692    1480.24    1480.23     6.2459     6.3638    92.9610    94.7140  0.000e+00
      39423     47.500     7.2106     7.2102    3.55027    3.54997          1     3.5331     3.2999      97.18      0.465     0.2616     0.2213  1.000e-12  0.1783000    35.0020    34.9992    -0.0029    -0.0004    27.3908    27.3886     47.053     47.187    1480.25    1480.25     6.2443     6.3625    92.9410    94.6970  0.000e+00
      39447     48.000     7.2111     7.2107    3.55047    3.55023          1     3.5323     3.2997      97.18      0.473     0.2691     0.2212  1.000e-12  0.1791000    35.0035    35.0013    -0.0022    -0.0004    27.3919    27.3902     47.548     47.683    1480.26    1480.26     6.2449     6.3602    92.9520    94.6660  0.000e+00
      39469     48.500     7.2116     7.2108    3.55093    3.55064          1     3.5315     3.2986      97.20      0.516     0.2621     0.2520  1.000e-12  0.1789000    35.0078    35.0054    -0.0025    -0.0007    27.3953    27.3934     48.044     48.179    1480.28    1480.27     6.2363     6.3463    92.8280    94.4620  0.000e+00
      39491     49.000     7.2089     7.2084    3.55125    3.55103          1     3.5287     3.2963      97.15      0.549     0.2505     0.2301  1.000e-12  0.1827000    35.0138    35.0118    -0.0020    -0.0004    27.4003    27.3988     48.539     48.675    1480.28    1480.28     6.2252     6.3363    92.6600    94.3120  0.000e+00
