ctdpy/tests/test_data/exprapp_april_2020/SBE09_1387_20200417_0438_77_10_0352.cnv
* Sea-Bird SBE 9 Data File:
* FileName = L:\2020\sv20d0352.hex
* Software Version Seasave V 7.26.7.121
* Temperature SN = 6378
* Conductivity SN = 4824
* Number of Bytes Per Scan = 41
* Number of Voltage Words = 4
* Number of Scans Averaged by the Deck Unit = 1
* NMEA Latitude = 55 33.32 N
* NMEA Longitude = 018 24.01 E
* NMEA UTC (Time) = Apr 17 2020  04:38:12
* NMEA baud rate = 4800
** Station:  BCSIII-10
** Operator:  SSip
** Ship: SVEA
** Average sound velocity: 1439.83 m/s
** True-depth calculation Fri, 17 Apr 2020 06:51:57 +0000
** CTD Python Module SMHI /ver 3-12/ feb 2012 
** LIMS Job: 20207710-0352
** Cruise: SMHI-07-2020
** Latitude [GG MM.mm N] :
** Longitude [GGG MM.mm E]:
# nquan = 30
# nvalues = 170                         
# units = specified
# name 0 = scan: Scan Count
# name 1 = prDM: Pressure, Digiquartz [db]
# name 2 = t090C: Temperature [ITS-90, deg C]
# name 3 = t190C: Temperature, 2 [ITS-90, deg C]
# name 4 = c0S/m: Conductivity [S/m]
# name 5 = c1S/m: Conductivity, 2 [S/m]
# name 6 = pumps: Pump Status
# name 7 = sbeox0V: Oxygen raw, SBE 43 [V]
# name 8 = sbeox1V: Oxygen raw, SBE 43, 2 [V]
# name 9 = altM: Altimeter [m]
# name 10 = dz/dtM: Descent Rate [m/s]
# name 11 = flECO-AFL: Chl-a Fluorescence, WET Labs ECO-AFL/FL [mg/m^3]
# name 12 = flECO-AFL1: Phycocyanin Fluorescence, WET Labs ECO-AFL/FL, 2 [mg/m^3]
# name 13 = par: PAR/Irradiance, Biospherical/Lico [µE/(cm^2*s)]
# name 14 = turbWETntu0: Turbidity, WET Labs ECO [NTU]
# name 15 = sal00: Salinity, Practical [PSU]
# name 16 = sal11: Salinity, Practical, 2 [PSU]
# name 17 = secS-priS: Salinity, Practical, Difference, 2 - 1 [PSU]
# name 18 = T2-T190C: Temperature Difference, 2 - 1 [ITS-90, deg C]
# name 19 = sigma-t00: Density [sigma-t, kg/m^3 ]
# name 20 = sigma-t11: Density, 2 [sigma-t, kg/m^3 ]
# name 21 = depSM: Depth [salt water, m], lat = 55.5553
# name 22 = depFM: Depth [true depth, m], lat = 55.5553
# name 23 = svCM: Sound Velocity [Chen-Millero, m/s]
# name 24 = svCM1: Sound Velocity, 2 [Chen-Millero, m/s]
# name 25 = sbeox0ML/L: Oxygen, SBE 43 [ml/l], WS = 2
# name 26 = sbeox1ML/L: Oxygen, SBE 43, 2 [ml/l], WS = 2
# name 27 = sbeox0PS: Oxygen, SBE 43 [% saturation], WS = 2
# name 28 = sbeox1PS: Oxygen, SBE 43, 2 [% saturation], WS = 2
# name 29 = flag: flag
# span 0 =      65487,      70194       
# span 1 =      1.500,     86.000       
# span 2 =     5.0752,     7.1631       
# span 3 =     5.0752,     7.1570       
# span 4 =   0.831788,   1.325251       
# span 5 =   0.831845,   1.322975       
# span 6 =          1,          1       
# span 7 =     0.7688,     3.6939       
# span 8 =     0.7596,     3.4494       
# span 9 =       4.53,      96.93       
# span 10 =      0.106,      0.864      
# span 11 =     0.3274,     2.1730      
# span 12 =     0.1492,     0.5756      
# span 13 = 1.0000e-12, 4.5990e+02      
# span 14 =     0.1097,     0.8090      
# span 15 =     7.6123,    11.9109      
# span 16 =     7.6130,    11.8909      
# span 17 =    -0.0201,     0.0290      
# span 18 =    -0.0099,     0.0367      
# span 19 =     6.0011,     9.2711      
# span 20 =     6.0015,     9.2559      
# span 21 =      1.486,     85.203      
# span 22 =      1.519,     87.030      
# span 23 =    1437.62,    1451.96      
# span 24 =    1437.63,    1451.90      
# span 25 =     0.1088,     8.2433      
# span 26 =    -0.0362,     8.3968      
# span 27 =      1.368,     98.180      
# span 28 =     -0.450,    100.009      
# span 29 = 0.0000e+00, 0.0000e+00      
# interval = decibars: 0.5              
# start_time = Apr 17 2020 04:38:12 [NMEA time, first data scan]
# bad_flag = -9.990e-29
*END*
[from data line 49]
      66910     26.000     5.3918     5.3949    0.83328    0.83341          1     3.6561     3.4119      96.27      0.249     1.2687     0.4005  3.984e-01  0.1993000     7.6137     7.6142     0.0006     0.0031     6.0030     6.0033     25.763     26.324    1438.09    1438.11     8.1886     8.3265    97.3660    99.0140  0.000e+00
      66936     26.500     5.3863     5.3913    0.83314    0.83336          1     3.6582     3.4134      66.99      0.356     1.3133     0.3975  3.755e-01  0.2150000     7.6135     7.6146     0.0010     0.0050     6.0032     6.0038     26.258     26.830    1438.08    1438.10     8.1966     8.3494    97.4480    99.2770  0.000e+00
      66955     27.000     5.3966     5.3973    0.83343    0.83349          1     3.6592     3.4148      77.41      0.535     1.3876     0.3976  3.458e-01  0.2278000     7.6139     7.6144     0.0005     0.0008     6.0030     6.0034     26.754     27.336    1438.13    1438.13     8.1947     8.3518    97.4510    99.3220  0.000e+00
      66973     27.500     5.4194     5.4095    0.83405    0.83386          1     3.6597     3.4159      93.22      0.648     1.4664     0.3661  3.063e-01  0.2372000     7.6148     7.6152     0.0004    -0.0099     6.0026     6.0034     27.249     27.843    1438.24    1438.20     8.1871     8.3473    97.4170    99.2980  0.000e+00
      66993     28.000     5.4118     5.4195    0.83384    0.83413          1     3.6597     3.4164      94.17      0.644     1.3787     0.3362  2.645e-01  0.2261000     7.6144     7.6155     0.0011     0.0077     6.0027     6.0032     27.744     28.349    1438.21    1438.25     8.1863     8.3363    97.3890    99.1930  0.000e+00
      67018     28.500     5.4130     5.4144    0.83389    0.83399          1     3.6592     3.4159      94.02      0.526     1.2540     0.3895  2.225e-01  0.2044000     7.6146     7.6152     0.0007     0.0014     6.0028     6.0032     28.240     28.855    1438.23    1438.23     8.1746     8.3206    97.2530    98.9930  0.000e+00
      67048     29.000     5.4171     5.4073    0.83402    0.83380          1     3.6559     3.4134      94.15      0.428     1.1406     0.4269  1.828e-01  0.1987000     7.6148     7.6149     0.0001    -0.0098     6.0027     6.0033     28.735     29.361    1438.25    1438.21     8.1556     8.3029    97.0360    98.7640  0.000e+00
      67079     29.500     5.4006     5.3941    0.83357    0.83344          1     3.6510     3.4098      94.33      0.386     1.0751     0.4264  1.515e-01  0.1884000     7.6141     7.6143     0.0002    -0.0065     6.0030     6.0034     29.231     29.868    1438.19    1438.16     8.1432     8.2900    96.8470    98.5780  0.000e+00
      67108     30.000     5.3761     5.3682    0.83290    0.83275          1     3.6474     3.4063      70.16      0.395     1.0340     0.3445  1.380e-01  0.1822000     7.6129     7.6133     0.0004    -0.0079     6.0032     6.0038     29.726     30.374    1438.09    1438.05     8.1469     8.2910    96.8310    98.5250  0.000e+00
      67132     30.500     5.3614     5.3607    0.83252    0.83257          1     3.6452     3.4042      50.75      0.463     1.0154     0.3321  1.283e-01  0.1795000     7.6125     7.6132     0.0006    -0.0007     6.0035     6.0040     30.221     30.880    1438.03    1438.03     8.1489     8.2865    96.8190    98.4530  0.000e+00
      67154     31.000     5.3553     5.3551    0.83235    0.83243          1     3.6438     3.4016      77.87      0.526     1.0222     0.3343  1.202e-01  0.1829000     7.6123     7.6130     0.0008    -0.0001     6.0036     6.0042     30.717     31.386    1438.01    1438.01     8.1510     8.2806    96.8290    98.3680  0.000e+00
      67176     31.500     5.3546     5.3544    0.83236    0.83242          1     3.6431     3.3999      55.79      0.550     1.0341     0.2970  9.879e-02  0.1892000     7.6124     7.6130     0.0007    -0.0003     6.0037     6.0042     31.212     31.893    1438.02    1438.02     8.1495     8.2898    96.8100    98.4770  0.000e+00
      67197     32.000     5.3545     5.3542    0.83237    0.83243          1     3.6416     3.3995      55.39      0.552     1.0135     0.3098  7.384e-02  0.2119000     7.6124     7.6131     0.0007    -0.0003     6.0037     6.0043     31.708     32.399    1438.03    1438.02     8.1451     8.3005    96.7570    98.6030  0.000e+00
      67219     32.500     5.3541     5.3540    0.83237    0.83244          1     3.6409     3.3995      54.45      0.554     0.9802     0.3498  5.505e-02  0.1827000     7.6125     7.6132     0.0007    -0.0001     6.0038     6.0044     32.203     32.905    1438.03    1438.03     8.1493     8.3012    96.8060    98.6100  0.000e+00
      67245     33.000     5.3537     5.3534    0.83237    0.83244          1     3.6405     3.3991      53.37      0.511     0.9783     0.3676  2.951e-02  0.1819000     7.6125     7.6132     0.0007    -0.0003     6.0039     6.0044     32.698     33.411    1438.04    1438.04     8.1501     8.2993    96.8140    98.5860  0.000e+00
      67283     33.500     5.3535     5.3532    0.83239    0.83245          1     3.6403     3.3983      66.47      0.332     0.9967     0.2926  2.600e-02  0.1704000     7.6127     7.6133     0.0006    -0.0002     6.0040     6.0045     33.194     33.917    1438.05    1438.05     8.1506     8.2909    96.8200    98.4860  0.000e+00
      67320     34.000     5.3532     5.3530    0.83239    0.83247          1     3.6399     3.3970      54.43      0.283     0.9921     0.3259  2.629e-02  0.1642000     7.6127     7.6134     0.0007    -0.0002     6.0040     6.0046     33.689     34.424    1438.05    1438.05     8.1480     8.2944    96.7880    98.5270  0.000e+00
      67338     34.500     5.3538     5.3534    0.83243    0.83250          1     3.6394     3.3970      54.68      0.453     0.9763     0.3273  2.056e-02  0.1824000     7.6128     7.6136     0.0008    -0.0004     6.0041     6.0047     34.184     34.930    1438.06    1438.06     8.1468     8.2968    96.7760    98.5580  0.000e+00
      67352     35.000     5.3533     5.3528    0.83243    0.83249          1     3.6388     3.3970      54.30      0.640     0.9702     0.3257  9.095e-03  0.1820000     7.6129     7.6136     0.0007    -0.0005     6.0041     6.0048     34.680     35.436    1438.07    1438.07     8.1454     8.2982    96.7580    98.5720  0.000e+00
      67366     35.500     5.3522     5.3517    0.83241    0.83247          1     3.6389     3.3970      53.82      0.801     0.9447     0.3448  6.852e-04  0.1705000     7.6129     7.6136     0.0007    -0.0005     6.0042     6.0048     35.175     35.942    1438.07    1438.07     8.1459     8.2989    96.7620    98.5780  0.000e+00
      67382     36.000     5.3514     5.3511    0.83240    0.83247          1     3.6383     3.3970      75.25      0.859     0.9460     0.3601  3.654e-05  0.1701000     7.6129     7.6136     0.0007    -0.0003     6.0043     6.0048     35.671     36.449    1438.08    1438.08     8.1443     8.2995    96.7410    98.5840  0.000e+00
      67419     36.500     5.3517     5.3519    0.83242    0.83249          1     3.6371     3.3965      77.44      0.455     0.9573     0.3356  3.751e-11  0.1758000     7.6130     7.6136     0.0007     0.0002     6.0043     6.0048     36.166     36.955    1438.08    1438.09     8.1423     8.2945    96.7170    98.5270  0.000e+00
      67464     37.000     5.3508     5.3516    0.83241    0.83249          1     3.6362     3.3958      75.92      0.210     0.9519     0.3278  1.000e-12  0.1762000     7.6130     7.6137     0.0006     0.0008     6.0044     6.0048     36.661     37.461    1438.09    1438.09     8.1413     8.2957    96.7040    98.5400  0.000e+00
      67481     37.500     5.3506     5.3502    0.83242    0.83248          1     3.6357     3.3956      54.50      0.459     0.9458     0.3319  1.000e-12  0.1726000     7.6131     7.6137     0.0007    -0.0003     6.0044     6.0050     37.157     37.967    1438.09    1438.10     8.1409     8.2945    96.6980    98.5230  0.000e+00
      67498     38.000     5.3500     5.3496    0.83242    0.83247          1     3.6355     3.3954      64.25      0.640     0.9517     0.3126  1.000e-12  0.1708000     7.6131     7.6137     0.0006    -0.0004     6.0045     6.0050     37.652     38.473    1438.10    1438.10     8.1411     8.2930    96.6990    98.5030  0.000e+00
      67516     38.500     5.3489     5.3487    0.83239    0.83245          1     3.6351     3.3950      50.72      0.699     0.9459     0.2990  1.000e-12  0.1707000     7.6131     7.6137     0.0006    -0.0002     6.0045     6.0050     38.147     38.980    1438.10    1438.11     8.1414     8.2901    96.7000    98.4670  0.000e+00
      67541     39.000     5.3484     5.3482    0.83240    0.83246          1     3.6351     3.3946      60.24      0.572     0.9481     0.3020  1.000e-12  0.1652000     7.6132     7.6138     0.0007    -0.0002     6.0046     6.0051     38.643     39.486    1438.11    1438.11     8.1445     8.2936    96.7360    98.5070  0.000e+00
      67571     39.500     5.3485     5.3483    0.83243    0.83248          1     3.6351     3.3945      85.77      0.414     0.9727     0.3292  1.000e-12  0.1697000     7.6134     7.6140     0.0006    -0.0001     6.0048     6.0052     39.138     39.992    1438.12    1438.12     8.1448     8.2960    96.7390    98.5360  0.000e+00
      67595     40.000     5.3482     5.3478    0.83242    0.83248          1     3.6352     3.3944      48.08      0.445     0.9526     0.3521  1.000e-12  0.1653000     7.6133     7.6140     0.0007    -0.0003     6.0047     6.0053     39.634     40.498    1438.12    1438.12     8.1447     8.2962    96.7370    98.5370  0.000e+00
      67617     40.500     5.3489     5.3487    0.83246    0.83252          1     3.6350     3.3944      48.36      0.521     0.9334     0.2974  1.000e-12  0.1761000     7.6134     7.6141     0.0006    -0.0002     6.0048     6.0053     40.129     41.005    1438.14    1438.14     8.1437     8.2972    96.7270    98.5500  0.000e+00
      67643     41.000     5.3488     5.3487    0.83246    0.83252          1     3.6347     3.3945      47.83      0.507     0.9260     0.2755  1.000e-12  0.1766000     7.6134     7.6140     0.0005    -0.0001     6.0048     6.0052     40.624     41.511    1438.14    1438.15     8.1436     8.2974    96.7260    98.5530  0.000e+00
      67672     41.500     5.3489     5.3488    0.83248    0.83254          1     3.6343     3.3944      47.05      0.418     0.9511     0.3303  1.000e-12  0.1764000     7.6135     7.6141     0.0006    -0.0002     6.0048     6.0053     41.120     42.017    1438.15    1438.15     8.1423     8.2948    96.7110    98.5230  0.000e+00
      67700     42.000     5.3493     5.3490    0.83249    0.83255          1     3.6340     3.3936      46.48      0.415     0.9428     0.3298  1.000e-12  0.2265000     7.6135     7.6141     0.0006    -0.0003     6.0048     6.0053     41.615     42.523    1438.16    1438.16     8.1417     8.2856    96.7050    98.4130  0.000e+00
      67722     42.500     5.3492     5.3491    0.83250    0.83256          1     3.6336     3.3926      46.17      0.489     0.9267     0.3168  1.000e-12  0.2922000     7.6135     7.6142     0.0006    -0.0001     6.0049     6.0054     42.110     43.030    1438.17    1438.17     8.1383     8.2875    96.6640    98.4360  0.000e+00
      67742     43.000     5.3485     5.3485    0.83249    0.83255          1     3.6327     3.3927      45.75      0.560     0.8965     0.3026  1.000e-12  0.1770000     7.6135     7.6141     0.0006    -0.0000     6.0048     6.0053     42.606     43.536    1438.17    1438.17     8.1385     8.2921    96.6640    98.4900  0.000e+00
      67764     43.500     5.3469     5.3466    0.83246    0.83251          1     3.6326     3.3922      45.28      0.575     0.8606     0.3227  1.000e-12  0.1644000     7.6135     7.6141     0.0006    -0.0002     6.0049     6.0054     43.101     44.042    1438.18    1438.18     8.1413     8.2878    96.6940    98.4330  0.000e+00
      67791     44.000     5.3460     5.3459    0.83245    0.83251          1     3.6323     3.3914      44.72      0.493     0.8473     0.2641  1.000e-12  0.1596000     7.6135     7.6142     0.0006    -0.0001     6.0050     6.0055     43.597     44.548    1438.18    1438.18     8.1388     8.2832    96.6620    98.3770  0.000e+00
      67819     44.500     5.3454     5.3450    0.83244    0.83249          1     3.6314     3.3907      44.17      0.428     0.8444     0.2729  1.000e-12  0.1720000     7.6135     7.6141     0.0006    -0.0004     6.0050     6.0055     44.092     45.054    1438.18    1438.18     8.1327     8.2892    96.5890    98.4460  0.000e+00
      67842     45.000     5.3453     5.3440    0.83244    0.83247          1     3.6301     3.3908      43.70      0.468     0.8211     0.3069  1.000e-12  0.1829000     7.6135     7.6141     0.0006    -0.0013     6.0050     6.0055     44.587     45.561    1438.19    1438.19     8.1311     8.2933    96.5690    98.4930  0.000e+00
      67865     45.500     5.3444     5.3448    0.83242    0.83250          1     3.6296     3.3909      43.23      0.524     0.8098     0.3082  1.000e-12  0.1764000     7.6135     7.6142     0.0007     0.0004     6.0050     6.0055     45.083     46.067    1438.20    1438.20     8.1345     8.2912    96.6070    98.4700  0.000e+00
      67890     46.000     5.3441     5.3438    0.83242    0.83248          1     3.6296     3.3904      42.66      0.504     0.7959     0.2901  1.000e-12  0.1656000     7.6135     7.6141     0.0006    -0.0002     6.0050     6.0055     45.578     46.573    1438.20    1438.20     8.1352     8.2849    96.6150    98.3920  0.000e+00
      67918     46.500     5.3427     5.3437    0.83240    0.83248          1     3.6288     3.3898      42.13      0.441     0.7693     0.2758  1.000e-12  0.1780000     7.6135     7.6141     0.0006     0.0010     6.0051     6.0055     46.073     47.079    1438.21    1438.21     8.1328     8.2882    96.5830    98.4310  0.000e+00
      67941     47.000     5.3411     5.3408    0.83236    0.83242          1     3.6287     3.3898      41.67      0.468     0.8197     0.2817  1.000e-12  0.1877000     7.6134     7.6140     0.0007    -0.0003     6.0051     6.0056     46.569     47.586    1438.20    1438.21     8.1373     8.2850    96.6330    98.3870  0.000e+00
      67961     47.500     5.3395     5.3391    0.83233    0.83238          1     3.6290     3.3889      41.18      0.547     0.7502     0.2969  1.000e-12  0.1586000     7.6134     7.6140     0.0006    -0.0004     6.0052     6.0056     47.064     48.092    1438.21    1438.21     8.1383     8.2798    96.6410    98.3200  0.000e+00
      67982     48.000     5.3381     5.3377    0.83232    0.83237          1     3.6288     3.3883      40.64      0.595     0.7309     0.2996  1.000e-12  0.1582000     7.6135     7.6142     0.0006    -0.0004     6.0053     6.0059     47.559     48.598    1438.21    1438.21     8.1367     8.2847    96.6180    98.3750  0.000e+00
      68009     48.500     5.3372     5.3368    0.83231    0.83237          1     3.6283     3.3883      40.07      0.510     0.7159     0.2619  1.000e-12  0.1533000     7.6136     7.6142     0.0007    -0.0003     6.0054     6.0060     48.055     49.104    1438.21    1438.21     8.1339     8.2904    96.5820    98.4400  0.000e+00
      68041     49.000     5.3365     5.3363    0.83231    0.83236          1     3.6273     3.3884      39.47      0.376     0.6871     0.2649  1.000e-12  0.1463000     7.6136     7.6142     0.0006    -0.0003     6.0055     6.0060     48.550     49.611    1438.22    1438.22     8.1307     8.2898    96.5430    98.4320  0.000e+00
