ctdpy/tests/test_data/exprapp_april_2020/SBE09_1387_20200417_1328_77_10_0353.cnv
* Sea-Bird SBE 9 Data File:
* FileName = L:\2020\sv20d0353.hex
* Software Version Seasave V 7.26.7.121
* Temperature SN = 6378
* Conductivity SN = 4824
* Number of Bytes Per Scan = 41
* Number of Voltage Words = 4
* Number of Scans Averaged by the Deck Unit = 1
* NMEA Latitude = 56 38.01 N
* NMEA Longitude = 019 35.00 E
* NMEA UTC (Time) = Apr 17 2020  13:28:08
* NMEA baud rate = 4800
** Station:  BY10
** Operator:  JKro/SSip
** Ship: SVEA
** Average sound velocity: 1444.86 m/s
** True-depth calculation Fri, 17 Apr 2020 14:43:44 +0000
** CTD Python Module SMHI /ver 3-12/ feb 2012 
** LIMS Job: 20207710-0353
** Cruise: SMHI-07-2020
** Latitude [GG MM.mm N] :
** Longitude [GGG MM.mm E]:
# nquan = 30
# nvalues = 273                         
# units = specified
# name 0 = scan: Scan Count
# name 1 = prDM: Pressure, Digiquartz [db]
# name 2 = t090C: Temperature [ITS-90, deg C]
# name 3 = t190C: Temperature, 2 [ITS-90, deg C]
# name 4 = c0S/m: Conductivity [S/m]
# name 5 = c1S/m: Conductivity, 2 [S/m]
# name 6 = pumps: Pump Status
# name 7 = sbeox0V: Oxygen raw, SBE 43 [V]
# name 8 = sbeox1V: Oxygen raw, SBE 43, 2 [V]
# name 9 = altM: Altimeter [m]
# name 10 = dz/dtM: Descent Rate [m/s]
# name 11 = flECO-AFL: Chl-a Fluorescence, WET Labs ECO-AFL/FL [mg/m^3]
# name 12 = flECO-AFL1: Phycocyanin Fluorescence, WET Labs ECO-AFL/FL, 2 [mg/m^3]
# name 13 = par: PAR/Irradiance, Biospherical/Lico [µE/(cm^2*s)]
# name 14 = turbWETntu0: Turbidity, WET Labs ECO [NTU]
# name 15 = sal00: Salinity, Practical [PSU]
# name 16 = sal11: Salinity, Practical, 2 [PSU]
# name 17 = secS-priS: Salinity, Practical, Difference, 2 - 1 [PSU]
# name 18 = T2-T190C: Temperature Difference, 2 - 1 [ITS-90, deg C]
# name 19 = sigma-t00: Density [sigma-t, kg/m^3 ]
# name 20 = sigma-t11: Density, 2 [sigma-t, kg/m^3 ]
# name 21 = depSM: Depth [salt water, m], lat = 56.6335
# name 22 = depFM: Depth [true depth, m], lat = 56.6335
# name 23 = svCM: Sound Velocity [Chen-Millero, m/s]
# name 24 = svCM1: Sound Velocity, 2 [Chen-Millero, m/s]
# name 25 = sbeox0ML/L: Oxygen, SBE 43 [ml/l], WS = 2
# name 26 = sbeox1ML/L: Oxygen, SBE 43, 2 [ml/l], WS = 2
# name 27 = sbeox0PS: Oxygen, SBE 43 [% saturation], WS = 2
# name 28 = sbeox1PS: Oxygen, SBE 43, 2 [% saturation], WS = 2
# name 29 = flag: flag
# span 0 =      43011,      51877       
# span 1 =      1.000,    137.000       
# span 2 =     4.9120,     7.5538       
# span 3 =     4.9098,     7.5423       
# span 4 =   0.818152,   1.422134       
# span 5 =   0.818218,   1.422924       
# span 6 =          1,          1       
# span 7 =     0.7439,     3.7284       
# span 8 =     0.7280,     3.4789       
# span 9 =       3.52,      97.87       
# span 10 =     -1.048,      0.861      
# span 11 =     0.3310,     1.8860      
# span 12 =     0.1170,     0.5599      
# span 13 = 1.0000e-12, 1.6535e+02      
# span 14 =     0.0969,     0.7937      
# span 15 =     7.5205,    12.8196      
# span 16 =     7.5210,    12.8277      
# span 17 =    -0.1565,     0.0651      
# span 18 =    -0.0946,     0.0511      
# span 19 =     5.9306,     9.9772      
# span 20 =     5.9312,     9.9837      
# span 21 =      0.991,    135.701      
# span 22 =      1.013,    138.486      
# span 23 =    1436.59,    1454.20      
# span 24 =    1436.67,    1454.21      
# span 25 =     0.0485,     8.3727      
# span 26 =     0.0779,     8.5262      
# span 27 =      0.625,     99.456      
# span 28 =      1.003,    101.271      
# span 29 = 0.0000e+00, 0.0000e+00      
# interval = decibars: 0.5              
# start_time = Apr 17 2020 13:28:09 [NMEA time, first data scan]
# bad_flag = -9.990e-29
*END*
      43011      1.000     5.3641     5.3605    0.82289    0.82289          1     3.7255     3.4773      96.56     -1.048     1.6136     0.4049  1.653e+02  0.2187000     7.5212     7.5220     0.0008    -0.0036     5.9312     5.9320      0.991      1.013    1437.46    1437.45     8.3573     8.5119    99.2410   101.0690  0.000e+00
      43030      1.500     5.3653     5.3621    0.82294    0.82294          1     3.7256     3.4774      96.56     -0.181     1.6058     0.4409  6.420e+01  0.2194000     7.5213     7.5221     0.0008    -0.0033     5.9312     5.9320      1.486      1.519    1437.47    1437.46     8.3611     8.5128    99.2900   101.0830  0.000e+00
      43045      2.000     5.3625     5.3623    0.82288    0.82295          1     3.7263     3.4776      96.58      0.445     1.7171     0.4416  5.013e+01  0.2315000     7.5213     7.5221     0.0008    -0.0002     5.9313     5.9320      1.982      2.025    1437.47    1437.47     8.3646     8.5123    99.3250   101.0790  0.000e+00
      43100      2.500     5.3621     5.3614    0.82288    0.82294          1     3.7260     3.4778      96.56      0.537     1.7267     0.4478  4.634e+01  0.2226000     7.5214     7.5221     0.0007    -0.0006     5.9314     5.9320      2.477      2.531    1437.47    1437.47     8.3628     8.5134    99.3020   101.0890  0.000e+00
      43187      3.000     5.3606     5.3602    0.82285    0.82292          1     3.7258     3.4776      93.63      0.496     1.7269     0.4317  4.172e+01  0.2142000     7.5213     7.5221     0.0008    -0.0003     5.9314     5.9321      2.972      3.038    1437.47    1437.48     8.3639     8.5111    99.3110   101.0590  0.000e+00
      43525      3.500     5.3713     5.3690    0.82312    0.82314          1     3.7257     3.4762      89.47      0.795     1.7489     0.4925  3.781e+01  0.2263000     7.5215     7.5223     0.0007    -0.0023     5.9311     5.9318      3.468      3.544    1437.53    1437.52     8.3584     8.5124    99.2730   101.0960  0.000e+00
      43645      4.000     5.3643     5.3644    0.82296    0.82303          1     3.7267     3.4776      59.23      0.534     1.6795     0.4669  3.186e+01  0.2006000     7.5214     7.5221     0.0007     0.0001     5.9314     5.9319      3.963      4.050    1437.51    1437.51     8.3622     8.5135    99.3010   101.0980  0.000e+00
      43660      4.500     5.3695     5.3688    0.82309    0.82316          1     3.7264     3.4780      95.35      0.715     1.7482     0.4557  2.623e+01  0.2158000     7.5215     7.5223     0.0009    -0.0007     5.9312     5.9319      4.459      4.556    1437.54    1437.54     8.3617     8.5133    99.3070   101.1070  0.000e+00
      43705      5.000     5.3689     5.3695    0.82308    0.82317          1     3.7268     3.4773      96.59      0.446     1.7623     0.4392  2.368e+01  0.2224000     7.5215     7.5222     0.0007     0.0006     5.9312     5.9318      4.954      5.063    1437.54    1437.55     8.3658     8.5117    99.3550   101.0890  0.000e+00
      43766      5.500     5.3734     5.3768    0.82319    0.82336          1     3.7277     3.4773      96.60      0.169     1.6799     0.4121  2.089e+01  0.2168000     7.5215     7.5224     0.0009     0.0034     5.9310     5.9315      5.450      5.569    1437.57    1437.59     8.3701     8.5178    99.4170   101.1810  0.000e+00
      43782      6.000     5.3815     5.3782    0.82340    0.82340          1     3.7278     3.4776      96.59      0.476     1.7433     0.4559  1.701e+01  0.2244000     7.5217     7.5224     0.0008    -0.0033     5.9308     5.9315      5.945      6.075    1437.62    1437.60     8.3686     8.5168    99.4200   101.1720  0.000e+00
      43800      6.500     5.3825     5.3809    0.82343    0.82347          1     3.7284     3.4779      96.62      0.654     1.8266     0.4875  1.475e+01  0.2312000     7.5216     7.5224     0.0008    -0.0016     5.9307     5.9314      6.440      6.581    1437.63    1437.62     8.3684     8.5139    99.4200   101.1440  0.000e+00
      43825      7.000     5.3800     5.3797    0.82337    0.82344          1     3.7281     3.4775      96.61      0.579     1.8416     0.4919  1.296e+01  0.2353000     7.5215     7.5223     0.0008    -0.0002     5.9307     5.9314      6.936      7.088    1437.62    1437.62     8.3656     8.5128    99.3800   101.1290  0.000e+00
      43865      7.500     5.3834     5.3821    0.82345    0.82350          1     3.7275     3.4781      96.62      0.282     1.8860     0.5586  1.158e+01  0.2316000     7.5215     7.5223     0.0008    -0.0013     5.9306     5.9313      7.431      7.594    1437.65    1437.64     8.3636     8.5211    99.3650   101.2340  0.000e+00
      43892      8.000     5.3810     5.3810    0.82340    0.82347          1     3.7272     3.4783      96.63      0.363     1.8355     0.4477  9.873e+00  0.2422000     7.5215     7.5222     0.0007     0.0000     5.9307     5.9312      7.927      8.100    1437.64    1437.65     8.3624     8.5151    99.3440   101.1590  0.000e+00
      43914      8.500     5.3742     5.3723    0.82324    0.82327          1     3.7266     3.4781      65.35      0.518     1.8790     0.4731  8.534e+00  0.2292000     7.5213     7.5221     0.0008    -0.0019     5.9308     5.9315      8.422      8.607    1437.62    1437.61     8.3645     8.5181    99.3530   101.1720  0.000e+00
      43950      9.000     5.3738     5.3731    0.82323    0.82329          1     3.7265     3.4787      94.88      0.389     1.8782     0.4757  7.658e+00  0.2283000     7.5213     7.5221     0.0008    -0.0007     5.9308     5.9315      8.917      9.113    1437.63    1437.63     8.3663     8.5262    99.3720   101.2710  0.000e+00
      43997      9.500     5.3731     5.3739    0.82322    0.82332          1     3.7264     3.4789      96.63      0.210     1.8718     0.4644  7.240e+00  0.2362000     7.5213     7.5221     0.0008     0.0008     5.9309     5.9315      9.413      9.619    1437.63    1437.64     8.3668     8.5142    99.3780   101.1300  0.000e+00
      44020     10.000     5.3741     5.3727    0.82325    0.82330          1     3.7263     3.4781      96.64      0.408     1.8791     0.4312  6.161e+00  0.2320000     7.5213     7.5221     0.0008    -0.0014     5.9308     5.9315      9.908     10.125    1437.65    1437.64     8.3681     8.5155    99.3950   101.1430  0.000e+00
      44042     10.500     5.3727     5.3726    0.82322    0.82330          1     3.7267     3.4778      96.64      0.540     1.8699     0.4280  5.275e+00  0.2432000     7.5213     7.5221     0.0008    -0.0002     5.9309     5.9315     10.404     10.632    1437.65    1437.65     8.3717     8.5158    99.4340   101.1470  0.000e+00
      44076     11.000     5.3711     5.3706    0.82319    0.82325          1     3.7270     3.4772      96.64      0.410     1.8793     0.4421  4.716e+00  0.2595000     7.5213     7.5219     0.0007    -0.0005     5.9310     5.9315     10.899     11.138    1437.65    1437.65     8.3710     8.5165    99.4220   101.1500  0.000e+00
      44118     11.500     5.3726     5.3727    0.82324    0.82331          1     3.7267     3.4770      96.65      0.256     1.7551     0.4808  4.567e+00  0.2351000     7.5213     7.5220     0.0007     0.0001     5.9309     5.9315     11.394     11.644    1437.66    1437.67     8.3685     8.5195    99.3960   101.1900  0.000e+00
      44144     12.000     5.3762     5.3760    0.82332    0.82341          1     3.7265     3.4774      96.66      0.395     1.8197     0.5335  4.015e+00  0.2433000     7.5213     7.5221     0.0009    -0.0001     5.9307     5.9314     11.890     12.150    1437.69    1437.69     8.3712     8.5256    99.4370   101.2710  0.000e+00
      44166     12.500     5.3768     5.3761    0.82335    0.82341          1     3.7271     3.4779      96.67      0.509     1.7744     0.4866  3.508e+00  0.2320000     7.5213     7.5221     0.0008    -0.0007     5.9307     5.9314     12.385     12.657    1437.70    1437.70     8.3727     8.5252    99.4560   101.2660  0.000e+00
      44192     13.000     5.3759     5.3753    0.82334    0.82340          1     3.7266     3.4780      73.83      0.505     1.8221     0.4941  3.088e+00  0.5458000     7.5214     7.5221     0.0007    -0.0006     5.9308     5.9314     12.881     13.163    1437.70    1437.70     8.3675     8.5240    99.3920   101.2510  0.000e+00
      44234     13.500     5.3752     5.3749    0.82333    0.82339          1     3.7260     3.4777      97.87      0.285     1.7406     0.4729  2.925e+00  0.2152000     7.5214     7.5220     0.0007    -0.0003     5.9308     5.9314     13.376     13.669    1437.71    1437.71     8.3704     8.5176    99.4250   101.1730  0.000e+00
      44267     14.000     5.3736     5.3734    0.82330    0.82337          1     3.7263     3.4771      96.66      0.323     1.7796     0.4710  2.786e+00  0.2381000     7.5213     7.5221     0.0007    -0.0003     5.9309     5.9315     13.871     14.175    1437.71    1437.71     8.3704     8.5210    99.4210   101.2090  0.000e+00
      44289     14.500     5.3750     5.3749    0.82334    0.82341          1     3.7261     3.4771      96.68      0.467     1.7806     0.4854  2.499e+00  0.2256000     7.5213     7.5221     0.0008    -0.0001     5.9308     5.9314     14.367     14.682    1437.72    1437.72     8.3702     8.5225    99.4220   101.2310  0.000e+00
      44309     15.000     5.3756     5.3753    0.82335    0.82342          1     3.7259     3.4772      96.69      0.569     1.8062     0.5301  2.220e+00  0.2430000     7.5213     7.5221     0.0008    -0.0003     5.9307     5.9314     14.862     15.188    1437.73    1437.73     8.3712     8.5239    99.4360   101.2490  0.000e+00
      44341     15.500     5.3738     5.3743    0.82332    0.82341          1     3.7260     3.4771      96.68      0.450     1.8343     0.5083  2.024e+00  0.2292000     7.5213     7.5221     0.0008     0.0005     5.9308     5.9314     15.358     15.694    1437.73    1437.74     8.3711     8.5179    99.4310   101.1760  0.000e+00
      44396     16.000     5.3749     5.3743    0.82335    0.82341          1     3.7249     3.4745      96.69      0.189     1.7801     0.5365  1.943e+00  0.2301000     7.5213     7.5220     0.0007    -0.0007     5.9308     5.9314     15.853     16.201    1437.74    1437.74     8.3654     8.4991    99.3650   100.9520  0.000e+00
      44433     16.500     5.3733     5.3749    0.82332    0.82344          1     3.7239     3.4726      96.68      0.297     1.8284     0.5599  1.791e+00  0.2248000     7.5213     7.5221     0.0008     0.0016     5.9309     5.9314     16.348     16.707    1437.74    1437.75     8.3624     8.5055    99.3250   101.0300  0.000e+00
      44457     17.000     5.3688     5.3675    0.82321    0.82326          1     3.7230     3.4726      64.76      0.436     1.7719     0.5112  1.604e+00  0.2368000     7.5212     7.5219     0.0007    -0.0013     5.9310     5.9316     16.844     17.213    1437.73    1437.73     8.3607     8.5131    99.2930   101.1010  0.000e+00
      44477     17.500     5.3631     5.3610    0.82307    0.82310          1     3.7221     3.4727      86.88      0.544     1.7306     0.4579  1.490e+00  0.2407000     7.5210     7.5218     0.0008    -0.0021     5.9311     5.9318     17.339     17.719    1437.72    1437.71     8.3597     8.5156    99.2670   101.1140  0.000e+00
      44498     18.000     5.3603     5.3605    0.82301    0.82310          1     3.7214     3.4726      96.52      0.593     1.7249     0.4444  1.497e+00  0.2344000     7.5210     7.5218     0.0008     0.0002     5.9312     5.9318     17.835     18.226    1437.71    1437.71     8.3575     8.5146    99.2340   101.1010  0.000e+00
      44524     18.500     5.3619     5.3617    0.82306    0.82314          1     3.7197     3.4726      96.69      0.519     1.7084     0.4465  1.410e+00  0.2282000     7.5210     7.5219     0.0008    -0.0002     5.9312     5.9318     18.330     18.732    1437.73    1437.73     8.3530     8.5156    99.1850   101.1160  0.000e+00
      44565     19.000     5.3595     5.3600    0.82301    0.82310          1     3.7191     3.4726      96.69      0.301     1.6704     0.4560  1.363e+00  0.2352000     7.5211     7.5218     0.0007     0.0005     5.9313     5.9318     18.825     19.238    1437.72    1437.73     8.3609     8.5166    99.2730   101.1240  0.000e+00
      44600     19.500     5.3579     5.3593    0.82298    0.82310          1     3.7188     3.4726      96.70      0.308     1.6753     0.4613  1.292e+00  0.2626000     7.5210     7.5219     0.0009     0.0014     5.9314     5.9320     19.321     19.744    1437.73    1437.73     8.3539     8.5138    99.1860   101.0890  0.000e+00
      44624     20.000     5.3630     5.3631    0.82312    0.82320          1     3.7174     3.4718      96.69      0.444     1.6564     0.4445  1.157e+00  0.2665000     7.5211     7.5219     0.0008     0.0001     5.9312     5.9318     19.816     20.251    1437.76    1437.76     8.3490     8.5044    99.1410   100.9860  0.000e+00
      44651     20.500     5.3580     5.3616    0.82301    0.82317          1     3.7169     3.4708      96.70      0.487     1.6386     0.5027  1.139e+00  0.2391000     7.5212     7.5219     0.0008     0.0035     5.9314     5.9319     20.311     20.757    1437.74    1437.76     8.3539     8.5033    99.1860   100.9690  0.000e+00
      44693     21.000     5.3538     5.3542    0.82292    0.82300          1     3.7169     3.4701      96.70      0.288     1.6751     0.4987  1.108e+00  0.2345000     7.5211     7.5218     0.0007     0.0004     5.9316     5.9321     20.807     21.263    1437.73    1437.73     8.3587     8.5119    99.2330   101.0530  0.000e+00
      44726     21.500     5.3549     5.3544    0.82295    0.82302          1     3.7172     3.4700      76.23      0.314     1.6318     0.4919  1.121e+00  0.2341000     7.5211     7.5219     0.0008    -0.0004     5.9315     5.9322     21.302     21.769    1437.74    1437.74     8.3590     8.5100    99.2390   101.0310  0.000e+00
      44747     22.000     5.3577     5.3571    0.82303    0.82309          1     3.7171     3.4696      73.77      0.483     1.6156     0.4680  1.071e+00  0.2354000     7.5212     7.5220     0.0008    -0.0006     5.9315     5.9321     21.797     22.276    1437.77    1437.76     8.3573     8.5063    99.2250   100.9930  0.000e+00
      44768     22.500     5.3540     5.3510    0.82294    0.82295          1     3.7169     3.4692      95.80      0.573     1.6132     0.4629  9.602e-01  0.2306000     7.5211     7.5219     0.0007    -0.0030     5.9316     5.9323     22.293     22.782    1437.76    1437.74     8.3583     8.5074    99.2290   100.9910  0.000e+00
      44813     23.000     5.3539     5.3535    0.82295    0.82302          1     3.7168     3.4683      96.70      0.307     1.5856     0.4979  9.720e-01  0.2184000     7.5212     7.5219     0.0007    -0.0004     5.9317     5.9322     22.788     23.288    1437.76    1437.76     8.3583     8.5030    99.2280   100.9450  0.000e+00
      44859     23.500     5.3552     5.3550    0.82299    0.82307          1     3.7162     3.4667      96.69      0.237     1.6510     0.4963  9.065e-01  0.2130000     7.5212     7.5220     0.0008    -0.0002     5.9316     5.9323     23.284     23.795    1437.78    1437.78     8.3552     8.4955    99.1950   100.8610  0.000e+00
      44879     24.000     5.3549     5.3559    0.82299    0.82310          1     3.7157     3.4662      96.69      0.449     1.6460     0.4401  8.579e-01  0.2219000     7.5212     7.5220     0.0008     0.0010     5.9316     5.9322     23.779     24.301    1437.78    1437.79     8.3553     8.4961    99.1950   100.8690  0.000e+00
      44898     24.500     5.3555     5.3551    0.82301    0.82308          1     3.7157     3.4656      96.68      0.588     1.5879     0.4172  7.663e-01  0.2253000     7.5212     7.5220     0.0008    -0.0004     5.9316     5.9323     24.274     24.807    1437.79    1437.79     8.3570     8.5017    99.2170   100.9340  0.000e+00
