ctdpy/tests/test_data/exprapp_april_2020/SBE09_1387_20200414_1635_77_10_0338.cnv
* Sea-Bird SBE 9 Data File:
* FileName = L:\2020\sv20d0338.hex
* Software Version Seasave V 7.26.7.121
* Temperature SN = 6378
* Conductivity SN = 4824
* Number of Bytes Per Scan = 41
* Number of Voltage Words = 4
* Number of Scans Averaged by the Deck Unit = 1
* NMEA Latitude = 58 18.87 N
* NMEA Longitude = 010 56.55 E
* NMEA UTC (Time) = Apr 14 2020  16:35:04
* NMEA baud rate = 4800
** Station:  A14
** Operator:  JKro
** Ship: SVEA
** Average sound velocity: 1477.20 m/s
** True-depth calculation Tue, 14 Apr 2020 17:11:27 +0000
** CTD Python Module SMHI /ver 3-12/ feb 2012 
** LIMS Job: 20207710-0338
** Cruise: SMHI-07-2020
** Latitude [GG MM.mm N] :
** Longitude [GGG MM.mm E]:
# nquan = 30
# nvalues = 214                         
# units = specified
# name 0 = scan: Scan Count
# name 1 = prDM: Pressure, Digiquartz [db]
# name 2 = t090C: Temperature [ITS-90, deg C]
# name 3 = t190C: Temperature, 2 [ITS-90, deg C]
# name 4 = c0S/m: Conductivity [S/m]
# name 5 = c1S/m: Conductivity, 2 [S/m]
# name 6 = pumps: Pump Status
# name 7 = sbeox0V: Oxygen raw, SBE 43 [V]
# name 8 = sbeox1V: Oxygen raw, SBE 43, 2 [V]
# name 9 = altM: Altimeter [m]
# name 10 = dz/dtM: Descent Rate [m/s]
# name 11 = flECO-AFL: Chl-a Fluorescence, WET Labs ECO-AFL/FL [mg/m^3]
# name 12 = flECO-AFL1: Phycocyanin Fluorescence, WET Labs ECO-AFL/FL, 2 [mg/m^3]
# name 13 = par: PAR/Irradiance, Biospherical/Lico [µE/(cm^2*s)]
# name 14 = turbWETntu0: Turbidity, WET Labs ECO [NTU]
# name 15 = sal00: Salinity, Practical [PSU]
# name 16 = sal11: Salinity, Practical, 2 [PSU]
# name 17 = secS-priS: Salinity, Practical, Difference, 2 - 1 [PSU]
# name 18 = T2-T190C: Temperature Difference, 2 - 1 [ITS-90, deg C]
# name 19 = sigma-t00: Density [sigma-t, kg/m^3 ]
# name 20 = sigma-t11: Density, 2 [sigma-t, kg/m^3 ]
# name 21 = depSM: Depth [salt water, m], lat = 58.3145
# name 22 = depFM: Depth [true depth, m], lat = 58.3145
# name 23 = svCM: Sound Velocity [Chen-Millero, m/s]
# name 24 = svCM1: Sound Velocity, 2 [Chen-Millero, m/s]
# name 25 = sbeox0ML/L: Oxygen, SBE 43 [ml/l], WS = 2
# name 26 = sbeox1ML/L: Oxygen, SBE 43, 2 [ml/l], WS = 2
# name 27 = sbeox0PS: Oxygen, SBE 43 [% saturation], WS = 2
# name 28 = sbeox1PS: Oxygen, SBE 43, 2 [% saturation], WS = 2
# name 29 = flag: flag
# span 0 =      16166,      22940       
# span 1 =      1.000,    107.500       
# span 2 =     6.2039,     7.1342       
# span 3 =     6.2035,     7.1339       
# span 4 =   2.906333,   3.549632       
# span 5 =   2.906083,   3.549370       
# span 6 =          1,          1       
# span 7 =     3.4280,     3.6633       
# span 8 =     3.2113,     3.4245       
# span 9 =       0.25,      99.08       
# span 10 =     -0.204,      0.741      
# span 11 =     0.2481,     1.2350      
# span 12 =     0.1480,     0.3484      
# span 13 = 1.0000e-12, 3.0025e+01      
# span 14 =     0.1137,     2.0011      
# span 15 =    28.5484,    35.0428      
# span 16 =    28.5469,    35.0402      
# span 17 =    -0.0233,     0.0135      
# span 18 =    -0.0068,     0.0090      
# span 19 =    22.3877,    27.4337      
# span 20 =    22.3867,    27.4317      
# span 21 =      0.990,    106.473      
# span 22 =      0.996,    106.674      
# span 23 =    1469.08,    1480.99      
# span 24 =    1469.06,    1480.98      
# span 25 =     6.0692,     6.8932      
# span 26 =     6.1941,     7.0257      
# span 27 =     90.202,     96.995      
# span 28 =     92.053,     98.857      
# span 29 = 0.0000e+00, 0.0000e+00      
# interval = decibars: 0.5              
# start_time = Apr 14 2020 16:35:04 [NMEA time, first data scan]
# bad_flag = -9.990e-29
*END*
[from data line 49]
      17665     25.500     6.6546     6.6515    3.40062    3.40020          1     3.5511     3.3298      95.47      0.375     0.4194     0.2409  3.658e-01  0.2211000    33.9213    33.9197    -0.0016    -0.0031    26.6156    26.6148     25.262     25.362    1476.38    1476.37     6.3503     6.4667    92.6590    94.3490  0.000e+00
      17689     26.000     6.6306     6.6301    3.40058    3.40032          1     3.5420     3.3203      96.24      0.448     0.4231     0.2533  3.457e-01  0.2277000    33.9444    33.9419    -0.0024    -0.0005    26.6370    26.6352     25.757     25.858    1476.32    1476.32     6.3473     6.4631    92.5780    94.2650  0.000e+00
      17709     26.500     6.6301     6.6298    3.40178    3.40152          1     3.5355     3.3136      82.94      0.543     0.4331     0.2655  3.232e-01  0.2522000    33.9580    33.9553    -0.0026    -0.0003    26.6478    26.6458     26.252     26.354    1476.35    1476.34     6.3351     6.4565    92.4070    94.1750  0.000e+00
      17730     27.000     6.6301     6.6298    3.40253    3.40226          1     3.5288     3.3073      95.19      0.587     0.4212     0.2283  3.078e-01  0.3045000    33.9660    33.9634    -0.0026    -0.0003    26.6541    26.6521     26.747     26.850    1476.37    1476.36     6.3256     6.4445    92.2730    94.0050  0.000e+00
      17755     27.500     6.6278     6.6274    3.40309    3.40280          1     3.5231     3.2998      53.52      0.523     0.4004     0.2129  2.943e-01  0.3606000    33.9743    33.9714    -0.0028    -0.0004    26.6609    26.6588     27.243     27.346    1476.38    1476.37     6.3202     6.4321    92.1940    93.8240  0.000e+00
      17783     28.000     6.6241     6.6236    3.40366    3.40341          1     3.5170     3.2935      82.81      0.438     0.3991     0.1982  2.749e-01  0.3117000    33.9841    33.9817    -0.0023    -0.0005    26.6692    26.6674     27.738     27.842    1476.38    1476.38     6.3087     6.4344    92.0260    93.8560  0.000e+00
      17807     28.500     6.6223     6.6220    3.40464    3.40441          1     3.5128     3.2899      81.00      0.461     0.3843     0.2386  2.558e-01  0.3587000    33.9964    33.9941    -0.0023    -0.0003    26.6791    26.6774     28.233     28.338    1476.40    1476.39     6.3042     6.4306    91.9640    93.8050  0.000e+00
      17826     29.000     6.6230     6.6227    3.40563    3.40540          1     3.5099     3.2867      80.62      0.549     0.3868     0.2387  2.432e-01  0.4114000    34.0064    34.0042    -0.0022    -0.0003    26.6869    26.6852     28.728     28.834    1476.42    1476.42     6.2948     6.4204    91.8340    93.6650  0.000e+00
      17846     29.500     6.6250     6.6249    3.40696    3.40676          1     3.5057     3.2834      88.15      0.617     0.3780     0.2261  2.315e-01  0.4786000    34.0189    34.0169    -0.0021    -0.0002    26.6965    26.6949     29.224     29.330    1476.45    1476.45     6.2828     6.4146    91.6710    93.5920  0.000e+00
      17876     30.000     6.6249     6.6244    3.40770    3.40745          1     3.5002     3.2785      81.40      0.472     0.3876     0.2311  2.167e-01  0.5073000    34.0271    34.0247    -0.0024    -0.0005    26.7030    26.7011     29.719     29.826    1476.47    1476.47     6.2789     6.4035    91.6180    93.4330  0.000e+00
      17915     30.500     6.6221     6.6215    3.40898    3.40882          1     3.4983     3.2745      78.94      0.271     0.3523     0.2041  2.058e-01  0.4808000    34.0437    34.0426    -0.0011    -0.0007    26.7165    26.7157     30.214     30.322    1476.49    1476.49     6.2945     6.4180    91.8500    93.6490  0.000e+00
      17935     31.000     6.6289     6.6306    3.41386    3.41396          1     3.4993     3.2742      94.18      0.424     0.3558     0.1861  1.874e-01  0.5451000    34.0908    34.0903    -0.0005     0.0017    26.7527    26.7521     30.710     30.818    1476.58    1476.59     6.2928     6.4195    91.8680    93.7210  0.000e+00
      17951     31.500     6.6544     6.6567    3.41976    3.41978          1     3.4992     3.2747      77.86      0.608     0.3364     0.1884  1.789e-01  0.6526000    34.1305    34.1285    -0.0021     0.0023    26.7807    26.7787     31.205     31.314    1476.74    1476.75     6.2881     6.4248    91.8770    93.8790  0.000e+00
      17967     32.000     6.6744     6.6760    3.42426    3.42430          1     3.5002     3.2758      77.47      0.731     0.3458     0.2480  1.616e-01  0.7049000    34.1602    34.1591    -0.0011     0.0015    26.8014    26.8003     31.700     31.810    1476.87    1476.87     6.2903     6.4302    91.9700    94.0190  0.000e+00
      17996     32.500     6.6958     6.6892    3.42895    3.42706          1     3.5032     3.2786      76.99      0.548     0.3460     0.1955  1.502e-01  0.6764000    34.1905    34.1762    -0.0143    -0.0067    26.8224    26.8120     32.195     32.306    1476.99    1476.95     6.3021     6.4421    92.2070    94.2320  0.000e+00
      18037     33.000     6.7060     6.7145    3.43188    3.43312          1     3.5116     3.2849      76.45      0.219     0.3074     0.2308  1.424e-01  0.5793000    34.2126    34.2178     0.0052     0.0085    26.8384    26.8414     32.691     32.802    1477.07    1477.11     6.3324     6.4655    92.6850    94.6550  0.000e+00
      18056     33.500     6.7335     6.7344    3.43686    3.43669          1     3.5162     3.2881      76.20      0.425     0.3096     0.2108  1.255e-01  0.6267000    34.2400    34.2371    -0.0029     0.0010    26.8564    26.8539     33.186     33.298    1477.22    1477.22     6.3321     6.4660    92.7560    94.7190  0.000e+00
      18072     34.000     6.7632     6.7652    3.44188    3.44175          1     3.5194     3.2906      75.86      0.620     0.3242     0.2283  1.165e-01  0.6647000    34.2656    34.2620    -0.0036     0.0021    26.8725    26.8695     33.681     33.794    1477.38    1477.38     6.3322     6.4673    92.8370    94.8200  0.000e+00
      18089     34.500     6.7738     6.7738    3.44373    3.44358          1     3.5226     3.2935      75.56      0.728     0.3287     0.2145  9.585e-02  0.6681000    34.2751    34.2735    -0.0017     0.0000    26.8786    26.8773     34.177     34.290    1477.44    1477.44     6.3355     6.4777    92.9130    94.9990  0.000e+00
      18113     35.000     6.7849     6.7870    3.44630    3.44630          1     3.5262     3.2986      74.78      0.624     0.3336     0.2178  8.536e-02  0.6736000    34.2923    34.2902    -0.0021     0.0021    26.8906    26.8887     34.672     34.786    1477.51    1477.52     6.3364     6.4854    92.9620    95.1510  0.000e+00
      18146     35.500     6.7951     6.7940    3.44827    3.44790          1     3.5295     3.3026      73.86      0.365     0.3393     0.2301  8.214e-02  0.6138000    34.3035    34.3005    -0.0030    -0.0011    26.8981    26.8959     35.167     35.282    1477.57    1477.56     6.3314     6.4684    92.9160    94.9240  0.000e+00
      18171     36.000     6.7841     6.7818    3.44755    3.44715          1     3.5296     3.3028      73.46      0.406     0.3283     0.1978  7.820e-02  0.5798000    34.3064    34.3043    -0.0021    -0.0023    26.9019    26.9005     35.662     35.778    1477.54    1477.53     6.3281     6.4580    92.8460    94.7470  0.000e+00
      18191     36.500     6.7758     6.7756    3.44759    3.44738          1     3.5294     3.3022      73.04      0.541     0.3957     0.1967  6.141e-02  0.6012000    34.3149    34.3127    -0.0021    -0.0002    26.9097    26.9080     36.158     36.274    1477.53    1477.53     6.3259     6.4560    92.8010    94.7080  0.000e+00
      18212     37.000     6.7823     6.7827    3.44888    3.44867          1     3.5282     3.3018      72.59      0.598     0.3387     0.2162  5.259e-02  0.6423000    34.3224    34.3196    -0.0028     0.0004    26.9147    26.9124     36.653     36.770    1477.57    1477.57     6.3209     6.4565    92.7470    94.7360  0.000e+00
      18239     37.500     6.7859     6.7857    3.44941    3.44916          1     3.5276     3.3015      72.07      0.492     0.2718     0.2209  4.373e-02  0.7035000    34.3244    34.3218    -0.0027    -0.0001    26.9159    26.9138     37.148     37.265    1477.59    1477.59     6.3227     6.4567    92.7820    94.7460  0.000e+00
      18269     38.000     6.7875     6.7874    3.44985    3.44963          1     3.5273     3.3016      71.50      0.392     0.2711     0.2240  3.936e-02  0.7457000    34.3274    34.3251    -0.0023    -0.0002    26.9179    26.9162     37.643     37.761    1477.61    1477.61     6.3240     6.4605    92.8060    94.8080  0.000e+00
      18291     38.500     6.7901     6.7904    3.45159    3.45164          1     3.5278     3.3021      71.21      0.466     0.2689     0.2060  3.067e-02  0.7955000    34.3438    34.3440     0.0003     0.0002    26.9305    26.9307     38.139     38.257    1477.65    1477.65     6.3289     6.4688    92.8950    94.9470  0.000e+00
      18310     39.000     6.7942     6.7939    3.45503    3.45482          1     3.5290     3.3035      70.72      0.568     0.2697     0.2305  1.593e-02  0.7655000    34.3774    34.3754    -0.0020    -0.0004    26.9565    26.9549     38.634     38.753    1477.72    1477.72     6.3323     6.4740    92.9740    95.0520  0.000e+00
      18330     39.500     6.7920     6.7914    3.45632    3.45607          1     3.5301     3.3047      70.19      0.613     0.2692     0.2200  1.137e-02  0.7084000    34.3936    34.3915    -0.0021    -0.0006    26.9695    26.9679     39.129     39.249    1477.74    1477.73     6.3349     6.4745    93.0160    95.0630  0.000e+00
      18355     40.000     6.7893     6.7883    3.45715    3.45693          1     3.5318     3.3059      69.81      0.550     0.2732     0.1880  5.386e-03  0.6510000    34.4053    34.4039    -0.0014    -0.0010    26.9791    26.9781     39.624     39.745    1477.75    1477.75     6.3378     6.4750    93.0610    95.0710  0.000e+00
      18381     40.500     6.7843     6.7834    3.45810    3.45792          1     3.5325     3.3066      69.17      0.458     0.2805     0.1848  1.080e-03  0.5777000    34.4206    34.4195    -0.0012    -0.0008    26.9919    26.9911     40.120     40.241    1477.76    1477.76     6.3384     6.4731    93.0680    95.0430  0.000e+00
      18405     41.000     6.7832     6.7827    3.45858    3.45832          1     3.5338     3.3071      68.47      0.476     0.2783     0.2568  8.837e-04  0.5579000    34.4268    34.4244    -0.0024    -0.0005    26.9969    26.9951     40.615     40.737    1477.77    1477.77     6.3432     6.4766    93.1400    95.0970  0.000e+00
      18428     41.500     6.7829     6.7824    3.45882    3.45855          1     3.5346     3.3078      68.03      0.521     0.2784     0.2555  1.436e-05  0.5701000    34.4294    34.4269    -0.0026    -0.0004    26.9990    26.9971     41.110     41.233    1477.78    1477.78     6.3420     6.4757    93.1240    95.0830  0.000e+00
      18451     42.000     6.7820     6.7814    3.45982    3.45970          1     3.5348     3.3077      67.67      0.522     0.2723     0.1904  1.000e-12  0.5826000    34.4412    34.4405    -0.0007    -0.0006    27.0084    27.0079     41.605     41.729    1477.80    1477.80     6.3402     6.4719    93.1020    95.0340  0.000e+00
      18475     42.500     6.7812     6.7807    3.46040    3.46011          1     3.5347     3.3076      67.18      0.510     0.2798     0.1699  1.000e-12  0.5648000    34.4482    34.4454    -0.0028    -0.0004    27.0141    27.0119     42.101     42.224    1477.81    1477.81     6.3374     6.4731    93.0640    95.0530  0.000e+00
      18499     43.000     6.7802     6.7796    3.46055    3.46030          1     3.5340     3.3079      66.49      0.503     0.2597     0.2193  1.000e-12  0.5463000    34.4506    34.4483    -0.0023    -0.0005    27.0161    27.0143     42.596     42.720    1477.82    1477.82     6.3404     6.4798    93.1070    95.1510  0.000e+00
      18526     43.500     6.7787     6.7779    3.46075    3.46048          1     3.5351     3.3089      65.99      0.462     0.2594     0.2504  1.000e-12  0.5256000    34.4540    34.4519    -0.0022    -0.0008    27.0190    27.0174     43.091     43.216    1477.83    1477.82     6.3472     6.4818    93.2060    95.1800  0.000e+00
      18551     44.000     6.7736     6.7720    3.46129    3.46106          1     3.5365     3.3093      65.54      0.460     0.2609     0.1795  1.000e-12  0.5073000    34.4649    34.4639    -0.0010    -0.0016    27.0282    27.0277     43.586     43.712    1477.83    1477.82     6.3509     6.4852    93.2560    95.2230  0.000e+00
      18572     44.500     6.7656     6.7650    3.46191    3.46164          1     3.5370     3.3101      65.08      0.517     0.2707     0.2375  1.000e-12  0.5231000    34.4795    34.4771    -0.0024    -0.0006    27.0408    27.0390     44.082     44.208    1477.83    1477.82     6.3481     6.4891    93.2070    95.2740  0.000e+00
      18593     45.000     6.7654     6.7651    3.46271    3.46245          1     3.5365     3.3109      64.65      0.571     0.2708     0.1846  1.000e-12  0.4595000    34.4883    34.4858    -0.0025    -0.0003    27.0478    27.0458     44.577     44.704    1477.84    1477.84     6.3452     6.4902    93.1690    95.2960  0.000e+00
      18616     45.500     6.7663     6.7661    3.46314    3.46291          1     3.5366     3.3114      63.83      0.551     0.2619     0.1753  1.000e-12  0.4496000    34.4920    34.4895    -0.0024    -0.0002    27.0506    27.0487     45.072     45.200    1477.86    1477.86     6.3496     6.4870    93.2380    95.2540  0.000e+00
      18645     46.000     6.7678     6.7677    3.46369    3.46347          1     3.5373     3.3115      63.52      0.435     0.2491     0.1988  1.000e-12  0.4179000    34.4962    34.4939    -0.0023    -0.0002    27.0537    27.0519     45.567     45.695    1477.88    1477.88     6.3491     6.4896    93.2360    95.2980  0.000e+00
      18669     46.500     6.7689     6.7685    3.46404    3.46375          1     3.5370     3.3124      62.99      0.442     0.2605     0.2058  1.000e-12  0.3921000    34.4988    34.4959    -0.0029    -0.0004    27.0556    27.0534     46.063     46.191    1477.90    1477.89     6.3485     6.4948    93.2320    95.3770  0.000e+00
      18688     47.000     6.7690     6.7685    3.46407    3.46379          1     3.5372     3.3128      62.64      0.551     0.2596     0.2096  1.000e-12  0.4212000    34.4988    34.4961    -0.0027    -0.0005    27.0556    27.0536     46.558     46.687    1477.90    1477.90     6.3523     6.4934    93.2880    95.3570  0.000e+00
      18705     47.500     6.7688     6.7683    3.46409    3.46380          1     3.5381     3.3132      62.16      0.654     0.2589     0.2196  1.000e-12  0.4312000    34.4989    34.4962    -0.0027    -0.0005    27.0557    27.0537     47.053     47.183    1477.91    1477.91     6.3551     6.4895    93.3290    95.3000  0.000e+00
      18725     48.000     6.7683     6.7680    3.46413    3.46384          1     3.5382     3.3126      61.66      0.671     0.2573     0.1933  1.000e-12  0.4313000    34.4996    34.4968    -0.0028    -0.0004    27.0563    27.0542     47.548     47.679    1477.92    1477.91     6.3531     6.4875    93.2980    95.2690  0.000e+00
      18760     48.500     6.7684     6.7682    3.46421    3.46393          1     3.5380     3.3126      60.94      0.400     0.2543     0.2236  1.000e-12  0.4067000    34.5001    34.4973    -0.0028    -0.0003    27.0567    27.0545     48.044     48.175    1477.93    1477.92     6.3519     6.4901    93.2810    95.3090  0.000e+00
