ctdpy/tests/test_data/exprapp_april_2020/SBE09_1387_20200417_1328_77_10_0353.cnv
* Sea-Bird SBE 9 Data File:
* FileName = L:\2020\sv20d0353.hex
* Software Version Seasave V 7.26.7.121
* Temperature SN = 6378
* Conductivity SN = 4824
* Number of Bytes Per Scan = 41
* Number of Voltage Words = 4
* Number of Scans Averaged by the Deck Unit = 1
* NMEA Latitude = 56 38.01 N
* NMEA Longitude = 019 35.00 E
* NMEA UTC (Time) = Apr 17 2020  13:28:08
* NMEA baud rate = 4800
** Station:  BY10
** Operator:  JKro/SSip
** Ship: SVEA
** Average sound velocity: 1444.86 m/s
** True-depth calculation Fri, 17 Apr 2020 14:43:44 +0000
** CTD Python Module SMHI /ver 3-12/ feb 2012 
** LIMS Job: 20207710-0353
** Cruise: SMHI-07-2020
** Latitude [GG MM.mm N] :
** Longitude [GGG MM.mm E]:
# nquan = 30
# nvalues = 273                         
# units = specified
# name 0 = scan: Scan Count
# name 1 = prDM: Pressure, Digiquartz [db]
# name 2 = t090C: Temperature [ITS-90, deg C]
# name 3 = t190C: Temperature, 2 [ITS-90, deg C]
# name 4 = c0S/m: Conductivity [S/m]
# name 5 = c1S/m: Conductivity, 2 [S/m]
# name 6 = pumps: Pump Status
# name 7 = sbeox0V: Oxygen raw, SBE 43 [V]
# name 8 = sbeox1V: Oxygen raw, SBE 43, 2 [V]
# name 9 = altM: Altimeter [m]
# name 10 = dz/dtM: Descent Rate [m/s]
# name 11 = flECO-AFL: Chl-a Fluorescence, WET Labs ECO-AFL/FL [mg/m^3]
# name 12 = flECO-AFL1: Phycocyanin Fluorescence, WET Labs ECO-AFL/FL, 2 [mg/m^3]
# name 13 = par: PAR/Irradiance, Biospherical/Lico [µE/(cm^2*s)]
# name 14 = turbWETntu0: Turbidity, WET Labs ECO [NTU]
# name 15 = sal00: Salinity, Practical [PSU]
# name 16 = sal11: Salinity, Practical, 2 [PSU]
# name 17 = secS-priS: Salinity, Practical, Difference, 2 - 1 [PSU]
# name 18 = T2-T190C: Temperature Difference, 2 - 1 [ITS-90, deg C]
# name 19 = sigma-t00: Density [sigma-t, kg/m^3 ]
# name 20 = sigma-t11: Density, 2 [sigma-t, kg/m^3 ]
# name 21 = depSM: Depth [salt water, m], lat = 56.6335
# name 22 = depFM: Depth [true depth, m], lat = 56.6335
# name 23 = svCM: Sound Velocity [Chen-Millero, m/s]
# name 24 = svCM1: Sound Velocity, 2 [Chen-Millero, m/s]
# name 25 = sbeox0ML/L: Oxygen, SBE 43 [ml/l], WS = 2
# name 26 = sbeox1ML/L: Oxygen, SBE 43, 2 [ml/l], WS = 2
# name 27 = sbeox0PS: Oxygen, SBE 43 [% saturation], WS = 2
# name 28 = sbeox1PS: Oxygen, SBE 43, 2 [% saturation], WS = 2
# name 29 = flag: flag
# span 0 =      43011,      51877       
# span 1 =      1.000,    137.000       
# span 2 =     4.9120,     7.5538       
# span 3 =     4.9098,     7.5423       
# span 4 =   0.818152,   1.422134       
# span 5 =   0.818218,   1.422924       
# span 6 =          1,          1       
# span 7 =     0.7439,     3.7284       
# span 8 =     0.7280,     3.4789       
# span 9 =       3.52,      97.87       
# span 10 =     -1.048,      0.861      
# span 11 =     0.3310,     1.8860      
# span 12 =     0.1170,     0.5599      
# span 13 = 1.0000e-12, 1.6535e+02      
# span 14 =     0.0969,     0.7937      
# span 15 =     7.5205,    12.8196      
# span 16 =     7.5210,    12.8277      
# span 17 =    -0.1565,     0.0651      
# span 18 =    -0.0946,     0.0511      
# span 19 =     5.9306,     9.9772      
# span 20 =     5.9312,     9.9837      
# span 21 =      0.991,    135.701      
# span 22 =      1.013,    138.486      
# span 23 =    1436.59,    1454.20      
# span 24 =    1436.67,    1454.21      
# span 25 =     0.0485,     8.3727      
# span 26 =     0.0779,     8.5262      
# span 27 =      0.625,     99.456      
# span 28 =      1.003,    101.271      
# span 29 = 0.0000e+00, 0.0000e+00      
# interval = decibars: 0.5              
# start_time = Apr 17 2020 13:28:09 [NMEA time, first data scan]
# bad_flag = -9.990e-29
*END*
[from data line 146]
      47890     74.000     6.2006     6.1923    1.14816    1.14953          1     0.8167     0.8089      96.61      0.180     0.3946     0.1814  1.000e-12  0.3582000    10.4917    10.5078     0.0161    -0.0083     8.2275     8.2407     73.310     74.899    1445.97    1445.95     0.1338     0.1425     1.6540     1.7620  0.000e+00
      47915     74.500     6.1948     6.1961    1.15254    1.15301          1     0.7981     0.7921      73.82      0.349     0.3940     0.1833  1.000e-12  0.3032000    10.5367    10.5409     0.0042     0.0013     8.2633     8.2665     73.805     75.404    1446.01    1446.02     0.1056     0.1283     1.3070     1.5870  0.000e+00
      47933     75.000     6.2065     6.2075    1.15778    1.15814          1     0.7886     0.7829      82.77      0.554     0.3953     0.1939  1.000e-12  0.3044000    10.5846    10.5880     0.0033     0.0009     8.3002     8.3028     74.300     75.910    1446.12    1446.13     0.1047     0.1387     1.2960     1.7170  0.000e+00
      47953     75.500     6.2109     6.2097    1.16059    1.16083          1     0.7814     0.7764      70.97      0.646     0.3956     0.2186  1.000e-12  0.3563000    10.6110    10.6137     0.0027    -0.0012     8.3207     8.3229     74.795     76.415    1446.18    1446.18     0.1044     0.1543     1.2920     1.9110  0.000e+00
      47992     76.000     6.2093     6.2080    1.16151    1.16049          1     0.7718     0.7674      73.61      0.364     0.4043     0.2145  1.000e-12  0.5227000    10.6204    10.6108    -0.0097    -0.0012     8.3282     8.3207     75.290     76.920    1446.20    1446.18     0.0977     0.1479     1.2090     1.8310  0.000e+00
      48040     76.500     6.2162     6.2170    1.16529    1.16554          1     0.7652     0.7592      65.20      0.241     0.3997     0.1921  1.000e-12  0.6951000    10.6556    10.6578     0.0022     0.0008     8.3554     8.3571     75.786     77.425    1446.28    1446.28     0.0961     0.1421     1.1900     1.7600  0.000e+00
      48077     77.000     6.2422     6.2466    1.17126    1.17145          1     0.7629     0.7551      65.07      0.319     0.4131     0.2182  1.000e-12  0.5823000    10.7063    10.7068     0.0005     0.0044     8.3936     8.3937     76.281     77.930    1446.46    1446.48     0.0944     0.1377     1.1700     1.7070  0.000e+00
      48105     77.500     6.3127     6.3101    1.17932    1.17946          1     0.7618     0.7531      79.95      0.378     0.4035     0.1821  1.000e-12  0.6261000    10.7636    10.7657     0.0021    -0.0025     8.4339     8.4358     76.776     78.435    1446.84    1446.83     0.0963     0.1452     1.1960     1.8040  0.000e+00
      48123     78.000     6.3394     6.3417    1.18318    1.18353          1     0.7618     0.7524      34.08      0.506     0.3991     0.2199  1.000e-12  0.6855000    10.7930    10.7958     0.0028     0.0023     8.4553     8.4573     77.271     78.940    1446.99    1447.01     0.0966     0.1444     1.2010     1.7950  0.000e+00
      48138     78.500     6.3806     6.3801    1.18805    1.18836          1     0.7615     0.7521      57.15      0.662     0.4069     0.2672  1.000e-12  0.7539000    10.8279    10.8311     0.0032    -0.0004     8.4799     8.4825     77.767     79.445    1447.22    1447.22     0.0941     0.1429     1.1720     1.7790  0.000e+00
      48152     79.000     6.4228     6.4224    1.19271    1.19284          1     0.7609     0.7512      62.89      0.782     0.4002     0.2338  1.000e-12  0.6639000    10.8604    10.8618     0.0014    -0.0004     8.5025     8.5036     78.262     79.950    1447.45    1447.45     0.0933     0.1433     1.1630     1.7860  0.000e+00
      48173     79.500     6.3977     6.3979    1.19269    1.19264          1     0.7611     0.7514      62.40      0.738     0.4058     0.2300  1.000e-12  0.6686000    10.8680    10.8675    -0.0005     0.0002     8.5102     8.5098     78.757     80.455    1447.36    1447.36     0.1012     0.1573     1.2610     1.9600  0.000e+00
      48269     80.000     6.3325     6.3195    1.18040    1.17845          1     0.7916     0.7717      61.68      0.065     0.4057     0.2356  1.000e-12  0.7937000    10.7675    10.7524    -0.0151    -0.0130     8.4356     8.4247     79.252     80.960    1446.97    1446.89     0.2729     0.3428     3.3910     4.2590  0.000e+00
      48286     80.500     6.4663     6.3717    1.19493    1.18586          1     0.8004     0.7799      61.57      0.405     0.3952     0.2911  1.000e-12  0.7163000    10.8679    10.8088    -0.0591    -0.0946     8.5054     8.4655     79.747     81.465    1447.66    1447.19     0.2582     0.3266     3.2210     4.0640  0.000e+00
      48299     81.000     6.7267     6.7158    1.21371    1.21315          1     0.8043     0.7839      61.27      0.662     0.3887     0.2981  1.000e-12  0.5256000    10.9691    10.9671    -0.0020    -0.0110     8.5661     8.5654     80.243     81.970    1448.89    1448.84     0.2539     0.3136     3.1910     3.9390  0.000e+00
      48312     81.500     6.7558     6.7540    1.21671    1.21684          1     0.8082     0.7873      60.73      0.844     0.3824     0.2415  1.000e-12  0.2600000    10.9890    10.9908     0.0018    -0.0018     8.5796     8.5812     80.738     82.475    1449.04    1449.04     0.2589     0.3145     3.2550     3.9550  0.000e+00
      48329     82.000     6.7321     6.7312    1.21766    1.21777          1     0.8123     0.7915      76.98      0.861     0.3824     0.2290  1.000e-12  0.2617000    11.0057    11.0071     0.0014    -0.0009     8.5945     8.5957     81.233     82.980    1448.97    1448.97     0.2487     0.3134     3.1260     3.9400  0.000e+00
      48406     82.500     6.5204     6.5715    1.19550    1.20105          1     0.8091     0.7932      95.21      0.057     0.3921     0.2073  1.000e-12  0.2487000    10.8560    10.8943     0.0383     0.0511     8.4922     8.5187     81.729     83.485    1447.91    1448.17     0.1777     0.2124     2.2200     2.6580  0.000e+00
      48428     83.000     6.6304     6.5497    1.20842    1.19965          1     0.7975     0.7843      71.99      0.369     0.3845     0.1904  1.000e-12  0.2818000    10.9477    10.8874    -0.0603    -0.0806     8.5564     8.5148     82.224     83.989    1448.49    1448.08     0.1235     0.1396     1.5480     1.7460  0.000e+00
      48443     83.500     6.6833     6.6669    1.21622    1.21483          1     0.7910     0.7772      58.22      0.610     0.3847     0.2171  1.000e-12  0.2826000    11.0070    10.9986    -0.0084    -0.0164     8.5991     8.5937     82.719     84.494    1448.80    1448.72     0.1342     0.1303     1.6850     1.6350  0.000e+00
      48461     84.000     6.6719     6.6699    1.21808    1.21809          1     0.7885     0.7714      57.64      0.730     0.3954     0.2381  1.000e-12  0.2462000    11.0288    11.0296     0.0007    -0.0020     8.6171     8.6178     83.214     84.999    1448.78    1448.77     0.1425     0.1443     1.7890     1.8110  0.000e+00
      48496     84.500     6.6617     6.6621    1.21675    1.21786          1     0.7814     0.7655      57.23      0.434     0.3888     0.2358  1.000e-12  0.2698000    11.0190    11.0298     0.0108     0.0004     8.6101     8.6185     83.709     85.504    1448.73    1448.75     0.1406     0.1770     1.7640     2.2210  0.000e+00
      48538     85.000     6.6721     6.6722    1.22132    1.22133          1     0.7903     0.7724      56.94      0.251     0.3818     0.2160  1.000e-12  0.2451000    11.0603    11.0603    -0.0000     0.0001     8.6418     8.6418     84.205     86.009    1448.84    1448.84     0.2453     0.3118     3.0800     3.9160  0.000e+00
      48563     85.500     6.7388     6.7461    1.22708    1.22779          1     0.8030     0.7836      56.28      0.424     0.3810     0.2070  1.000e-12  0.2283000    11.0950    11.0996     0.0046     0.0074     8.6641     8.6672     84.700     86.514    1449.17    1449.20     0.2588     0.3251     3.2550     4.0900  0.000e+00
      48592     86.000     6.8208     6.8240    1.23256    1.23310          1     0.8099     0.7905      59.52      0.444     0.3757     0.1977  1.000e-12  0.2482000    11.1219    11.1263     0.0043     0.0032     8.6791     8.6822     85.195     87.019    1449.55    1449.57     0.2453     0.3019     3.0930     3.8070  0.000e+00
      48633     86.500     6.8284     6.8262    1.23405    1.23417          1     0.8092     0.7924      66.48      0.280     0.3822     0.2074  1.000e-12  0.2405000    11.1340    11.1358     0.0019    -0.0022     8.6880     8.6896     85.690     87.524    1449.61    1449.60     0.1802     0.2245     2.2730     2.8310  0.000e+00
      48660     87.000     6.8641     6.8660    1.23715    1.23751          1     0.7958     0.7830      54.51      0.367     0.3830     0.2064  1.000e-12  0.2558000    11.1525    11.1555     0.0030     0.0019     8.6998     8.7020     86.185     88.029    1449.79    1449.80     0.1080     0.1355     1.3630     1.7100  0.000e+00
      48678     87.500     6.8434     6.8406    1.23831    1.23835          1     0.7849     0.7740      80.02      0.534     0.3824     0.2183  1.000e-12  0.2660000    11.1704    11.1717     0.0013    -0.0028     8.7155     8.7167     86.681     88.534    1449.73    1449.72     0.0874     0.1204     1.1020     1.5200  0.000e+00
      48696     88.000     6.7890     6.7877    1.23802    1.23814          1     0.7773     0.7683      59.73      0.646     0.3824     0.2203  1.000e-12  0.2678000    11.1852    11.1868     0.0016    -0.0013     8.7312     8.7326     87.176     89.038    1449.53    1449.53     0.0966     0.1462     1.2170     1.8420  0.000e+00
      48729     88.500     6.7076     6.7030    1.23576    1.23586          1     0.7731     0.7649      72.62      0.505     0.3900     0.2116  1.000e-12  0.3602000    11.1896    11.1920     0.0025    -0.0047     8.7407     8.7430     87.671     89.543    1449.21    1449.19     0.1128     0.1646     1.4190     2.0700  0.000e+00
      48797     89.000     6.7679     6.7899    1.23991    1.23976          1     0.7677     0.7576      50.94      0.117     0.3977     0.1500  1.000e-12  0.2794000    11.2103    11.2018    -0.0085     0.0220     8.7525     8.7442     88.166     90.048    1449.49    1449.57     0.1145     0.1497     1.4430     1.8870  0.000e+00
      48815     89.500     6.8231     6.8199    1.24691    1.24691          1     0.7704     0.7581      51.13      0.418     0.4101     0.2069  1.000e-12  0.2614000    11.2606    11.2617     0.0011    -0.0032     8.7878     8.7889     88.662     90.553    1449.79    1449.78     0.1590     0.2032     2.0060     2.5640  0.000e+00
      48833     90.000     6.7602     6.7605    1.24619    1.24646          1     0.7778     0.7630      49.25      0.605     0.3832     0.2062  1.000e-12  0.2190000    11.2741    11.2767     0.0026     0.0003     8.8031     8.8052     89.157     91.058    1449.55    1449.56     0.1943     0.2491     2.4480     3.1400  0.000e+00
      48852     90.500     6.8476     6.8524    1.25240    1.25293          1     0.7847     0.7685      48.34      0.667     0.3939     0.2245  1.000e-12  0.2991000    11.3061    11.3097     0.0036     0.0048     8.8216     8.8241     89.652     91.563    1449.97    1449.99     0.1904     0.2463     2.4050     3.1110  0.000e+00
      48875     91.000     6.8990     6.9001    1.25691    1.25719          1     0.7868     0.7707      47.29      0.584     0.3863     0.2496  1.000e-12  0.2475000    11.3331    11.3355     0.0023     0.0011     8.8389     8.8406     90.147     92.067    1450.22    1450.23     0.1658     0.2128     2.0970     2.6910  0.000e+00
      48906     91.500     6.9098     6.9104    1.25962    1.25988          1     0.7849     0.7703      47.11      0.436     0.3939     0.2279  1.000e-12  0.3437000    11.3559    11.3582     0.0023     0.0005     8.8559     8.8577     90.642     92.572    1450.30    1450.31     0.1437     0.1919     1.8180     2.4280  0.000e+00
      48961     92.000     6.9104     6.9105    1.26130    1.26111          1     0.7845     0.7695      46.27      0.207     0.3922     0.1844  1.000e-12  0.2040000    11.3720    11.3701    -0.0019     0.0001     8.8685     8.8670     91.138     93.077    1450.33    1450.33     0.1654     0.2099     2.0940     2.6570  0.000e+00
      48998     92.500     6.9815     6.9841    1.26666    1.26700          1     0.7856     0.7705      45.84      0.287     0.4032     0.2178  1.000e-12  0.1881000    11.4007    11.4032     0.0025     0.0026     8.8855     8.8872     91.633     93.582    1450.67    1450.69     0.1390     0.1810     1.7620     2.2950  0.000e+00
      49017     93.000     7.0279     7.0290    1.27075    1.27104          1     0.7807     0.7668      45.31      0.486     0.4030     0.1949  1.000e-12  0.2079000    11.4250    11.4275     0.0025     0.0011     8.9009     8.9028     92.128     94.087    1450.90    1450.91     0.1287     0.1617     1.6350     2.0520  0.000e+00
      49035     93.500     7.0385     7.0348    1.27347    1.27345          1     0.7807     0.7656      44.54      0.624     0.3955     0.1990  1.000e-12  0.2362000    11.4479    11.4489     0.0011    -0.0037     8.9180     8.9191     92.623     94.591    1450.98    1450.97     0.1452     0.1815     1.8440     2.3050  0.000e+00
      49057     94.000     6.9492     6.9491    1.27138    1.27155          1     0.7806     0.7657      52.89      0.625     0.3829     0.2255  1.000e-12  0.2288000    11.4570    11.4588     0.0018    -0.0001     8.9322     8.9336     93.118     95.096    1450.63    1450.63     0.1439     0.1834     1.8250     2.3250  0.000e+00
      49088     94.500     7.0522     7.0517    1.27795    1.27798          1     0.7804     0.7650      55.61      0.450     0.3884     0.2389  1.000e-12  0.1866000    11.4867    11.4872     0.0005    -0.0005     8.9474     8.9478     93.614     95.601    1451.10    1451.10     0.1545     0.1957     1.9640     2.4870  0.000e+00
      49134     95.000     7.0708     7.0722    1.28032    1.28047          1     0.7910     0.7730      44.61      0.247     0.3811     0.2132  1.000e-12  0.2046000    11.5035    11.5045     0.0011     0.0013     8.9590     8.9598     94.109     96.106    1451.21    1451.22     0.2197     0.2749     2.7940     3.4950  0.000e+00
      49173     95.500     6.9971     6.9957    1.27806    1.27819          1     0.8026     0.7836      44.68      0.292     0.3772     0.1918  1.000e-12  0.2352000    11.5060    11.5077     0.0017    -0.0013     8.9669     8.9683     94.604     96.610    1450.92    1450.91     0.2097     0.2652     2.6610     3.3660  0.000e+00
      49197     96.000     7.0109     7.0112    1.28076    1.28097          1     0.7971     0.7816      44.06      0.424     0.3824     0.1978  1.000e-12  0.2436000    11.5276    11.5295     0.0019     0.0003     8.9827     8.9842     95.099     97.115    1451.01    1451.01     0.1345     0.1732     1.7080     2.1990  0.000e+00
      49219     96.500     7.0480     7.0485    1.28422    1.28441          1     0.7864     0.7730      43.70      0.523     0.3926     0.1997  1.000e-12  0.2468000    11.5487    11.5504     0.0017     0.0005     8.9964     8.9976     95.594     97.620    1451.20    1451.20     0.1029     0.1211     1.3080     1.5400  0.000e+00
      49240     97.000     7.0928     7.0936    1.28821    1.28835          1     0.7791     0.7655      43.18      0.561     0.3972     0.2078  1.000e-12  0.2222000    11.5725    11.5735     0.0010     0.0008     9.0114     9.0122     96.090     98.125    1451.42    1451.42     0.1101     0.1273     1.4010     1.6210  0.000e+00
