ctdpy/tests/test_data/exprapp_april_2020/SBE09_1387_20200414_1635_77_10_0338.cnv
* Sea-Bird SBE 9 Data File:
* FileName = L:\2020\sv20d0338.hex
* Software Version Seasave V 7.26.7.121
* Temperature SN = 6378
* Conductivity SN = 4824
* Number of Bytes Per Scan = 41
* Number of Voltage Words = 4
* Number of Scans Averaged by the Deck Unit = 1
* NMEA Latitude = 58 18.87 N
* NMEA Longitude = 010 56.55 E
* NMEA UTC (Time) = Apr 14 2020  16:35:04
* NMEA baud rate = 4800
** Station:  A14
** Operator:  JKro
** Ship: SVEA
** Average sound velocity: 1477.20 m/s
** True-depth calculation Tue, 14 Apr 2020 17:11:27 +0000
** CTD Python Module SMHI /ver 3-12/ feb 2012 
** LIMS Job: 20207710-0338
** Cruise: SMHI-07-2020
** Latitude [GG MM.mm N] :
** Longitude [GGG MM.mm E]:
# nquan = 30
# nvalues = 214                         
# units = specified
# name 0 = scan: Scan Count
# name 1 = prDM: Pressure, Digiquartz [db]
# name 2 = t090C: Temperature [ITS-90, deg C]
# name 3 = t190C: Temperature, 2 [ITS-90, deg C]
# name 4 = c0S/m: Conductivity [S/m]
# name 5 = c1S/m: Conductivity, 2 [S/m]
# name 6 = pumps: Pump Status
# name 7 = sbeox0V: Oxygen raw, SBE 43 [V]
# name 8 = sbeox1V: Oxygen raw, SBE 43, 2 [V]
# name 9 = altM: Altimeter [m]
# name 10 = dz/dtM: Descent Rate [m/s]
# name 11 = flECO-AFL: Chl-a Fluorescence, WET Labs ECO-AFL/FL [mg/m^3]
# name 12 = flECO-AFL1: Phycocyanin Fluorescence, WET Labs ECO-AFL/FL, 2 [mg/m^3]
# name 13 = par: PAR/Irradiance, Biospherical/Lico [µE/(cm^2*s)]
# name 14 = turbWETntu0: Turbidity, WET Labs ECO [NTU]
# name 15 = sal00: Salinity, Practical [PSU]
# name 16 = sal11: Salinity, Practical, 2 [PSU]
# name 17 = secS-priS: Salinity, Practical, Difference, 2 - 1 [PSU]
# name 18 = T2-T190C: Temperature Difference, 2 - 1 [ITS-90, deg C]
# name 19 = sigma-t00: Density [sigma-t, kg/m^3 ]
# name 20 = sigma-t11: Density, 2 [sigma-t, kg/m^3 ]
# name 21 = depSM: Depth [salt water, m], lat = 58.3145
# name 22 = depFM: Depth [true depth, m], lat = 58.3145
# name 23 = svCM: Sound Velocity [Chen-Millero, m/s]
# name 24 = svCM1: Sound Velocity, 2 [Chen-Millero, m/s]
# name 25 = sbeox0ML/L: Oxygen, SBE 43 [ml/l], WS = 2
# name 26 = sbeox1ML/L: Oxygen, SBE 43, 2 [ml/l], WS = 2
# name 27 = sbeox0PS: Oxygen, SBE 43 [% saturation], WS = 2
# name 28 = sbeox1PS: Oxygen, SBE 43, 2 [% saturation], WS = 2
# name 29 = flag: flag
# span 0 =      16166,      22940       
# span 1 =      1.000,    107.500       
# span 2 =     6.2039,     7.1342       
# span 3 =     6.2035,     7.1339       
# span 4 =   2.906333,   3.549632       
# span 5 =   2.906083,   3.549370       
# span 6 =          1,          1       
# span 7 =     3.4280,     3.6633       
# span 8 =     3.2113,     3.4245       
# span 9 =       0.25,      99.08       
# span 10 =     -0.204,      0.741      
# span 11 =     0.2481,     1.2350      
# span 12 =     0.1480,     0.3484      
# span 13 = 1.0000e-12, 3.0025e+01      
# span 14 =     0.1137,     2.0011      
# span 15 =    28.5484,    35.0428      
# span 16 =    28.5469,    35.0402      
# span 17 =    -0.0233,     0.0135      
# span 18 =    -0.0068,     0.0090      
# span 19 =    22.3877,    27.4337      
# span 20 =    22.3867,    27.4317      
# span 21 =      0.990,    106.473      
# span 22 =      0.996,    106.674      
# span 23 =    1469.08,    1480.99      
# span 24 =    1469.06,    1480.98      
# span 25 =     6.0692,     6.8932      
# span 26 =     6.1941,     7.0257      
# span 27 =     90.202,     96.995      
# span 28 =     92.053,     98.857      
# span 29 = 0.0000e+00, 0.0000e+00      
# interval = decibars: 0.5              
# start_time = Apr 14 2020 16:35:04 [NMEA time, first data scan]
# bad_flag = -9.990e-29
*END*
[from data line 194]
      21106     98.000     7.1143     7.1146    3.54556    3.54537          1     3.4615     3.2436      11.95      0.589     0.2701     0.2338  1.000e-12  0.9541000    35.0227    35.0204    -0.0023     0.0003    27.4207    27.4189     97.066     97.256    1480.74    1480.73     6.1388     6.2625    91.1820    93.0190  0.000e+00
      21128     98.500     7.1153     7.1149    3.54581    3.54551          1     3.4602     3.2413      11.47      0.569     0.2678     0.2159  1.000e-12  0.9877000    35.0242    35.0213    -0.0029    -0.0004    27.4218    27.4195     97.561     97.752    1480.75    1480.74     6.1340     6.2617    91.1140    93.0080  0.000e+00
      21151     99.000     7.1161     7.1158    3.54600    3.54572          1     3.4590     3.2405      10.97      0.522     0.2690     0.2158  1.000e-12  0.9765000    35.0253    35.0225    -0.0028    -0.0003    27.4225    27.4203     98.057     98.248    1480.76    1480.76     6.1354     6.2730    91.1370    93.1790  0.000e+00
      21174     99.500     7.1167     7.1165    3.54613    3.54583          1     3.4589     3.2406      10.46      0.523     0.2670     0.2212  1.000e-12  1.0569000    35.0258    35.0227    -0.0031    -0.0002    27.4228    27.4204     98.552     98.743    1480.77    1480.77     6.1370     6.2753    91.1630    93.2150  0.000e+00
      21198    100.000     7.1178     7.1177    3.54635    3.54609          1     3.4584     3.2403       9.95      0.521     0.2677     0.2146  1.000e-12  1.0358000    35.0268    35.0241    -0.0027    -0.0001    27.4235    27.4214     99.047     99.239    1480.79    1480.78     6.1331     6.2654    91.1070    93.0700  0.000e+00
      21229    100.500     7.1183     7.1182    3.54645    3.54622          1     3.4569     3.2377       9.38      0.434     0.2616     0.1894  1.000e-12  1.0802000    35.0272    35.0248    -0.0024    -0.0002    27.4237    27.4219     99.542     99.735    1480.80    1480.79     6.1289     6.2533    91.0460    92.8930  0.000e+00
      21272    101.000     7.1196     7.1198    3.54669    3.54649          1     3.4544     3.2352       8.79      0.260     0.2678     0.2248  1.000e-12  0.9364000    35.0283    35.0258    -0.0025     0.0002    27.4244    27.4224    100.037    100.230    1480.81    1480.81     6.1215     6.2556    90.9400    92.9310  0.000e+00
      21303    101.500     7.1210     7.1209    3.54695    3.54670          1     3.4524     3.2344       8.35      0.352     0.2575     0.2293  1.000e-12  0.9981000    35.0294    35.0269    -0.0025    -0.0002    27.4251    27.4231    100.532    100.726    1480.83    1480.82     6.1150     6.2559    90.8470    92.9390  0.000e+00
      21332    102.000     7.1223     7.1221    3.54721    3.54694          1     3.4504     3.2341       7.82      0.419     0.2621     0.2285  1.000e-12  1.0238000    35.0306    35.0280    -0.0027    -0.0003    27.4258    27.4238    101.027    101.222    1480.84    1480.84     6.1194     6.2612    90.9150    93.0200  0.000e+00
      21377    102.500     7.1224     7.1221    3.54725    3.54698          1     3.4517     3.2340       7.29      0.271     0.2682     0.2185  1.000e-12  0.9578000    35.0307    35.0281    -0.0027    -0.0003    27.4259    27.4239    101.522    101.717    1480.85    1480.85     6.1231     6.2555    90.9700    92.9350  0.000e+00
      21420    103.000     7.1231     7.1229    3.54741    3.54717          1     3.4477     3.2305       6.83      0.273     0.2605     0.2529  1.000e-12  0.9604000    35.0317    35.0292    -0.0025    -0.0002    27.4265    27.4246    102.017    102.213    1480.86    1480.86     6.0945     6.2194    90.5470    92.4020  0.000e+00
      21458    103.500     7.1290     7.1292    3.54862    3.54844          1     3.4409     3.2232       6.31      0.319     0.2621     0.2152  1.000e-12  1.1940000    35.0386    35.0365    -0.0021     0.0001    27.4312    27.4295    102.512    102.709    1480.90    1480.90     6.0828     6.1987    90.3900    92.1120  0.000e+00
      21501    104.000     7.1330     7.1327    3.54930    3.54906          1     3.4369     3.2171       5.80      0.287     0.2596     0.2403  1.000e-12  1.3812000    35.0418    35.0394    -0.0024    -0.0003    27.4331    27.4313    103.008    103.204    1480.93    1480.93     6.0786     6.1941    90.3380    92.0530  0.000e+00
      21556    104.500     7.1332     7.1329    3.54933    3.54912          1     3.4319     3.2133       5.32      0.202     0.2675     0.2515  1.000e-12  1.3489000    35.0417    35.0397    -0.0021    -0.0003    27.4330    27.4315    103.503    103.700    1480.94    1480.93     6.0700     6.2043    90.2100    92.2050  0.000e+00
      21594    105.000     7.1335     7.1334    3.54941    3.54919          1     3.4296     3.2130       4.92      0.291     0.2620     0.2288  1.000e-12  1.2663000    35.0420    35.0397    -0.0023    -0.0001    27.4333    27.4314    103.998    104.196    1480.95    1480.95     6.0718     6.2067    90.2390    92.2410  0.000e+00
      21619    105.500     7.1338     7.1336    3.54949    3.54926          1     3.4301     3.2122       4.50      0.441     0.2675     0.2298  1.000e-12  1.3662000    35.0424    35.0401    -0.0023    -0.0002    27.4335    27.4317    104.493    104.691    1480.96    1480.96     6.0769     6.1985    90.3140    92.1200  0.000e+00
      21680    106.000     7.1337     7.1329    3.54953    3.54920          1     3.4298     3.2118       3.85      0.187     0.2601     0.2376  1.000e-12  1.2426000    35.0426    35.0397    -0.0028    -0.0008    27.4336    27.4315    104.988    105.187    1480.97    1480.96     6.0727     6.2072    90.2520    92.2480  0.000e+00
      21720    106.500     7.1342     7.1338    3.54960    3.54934          1     3.4291     3.2120       3.44      0.286     0.2795     0.2188  1.000e-12  2.0011000    35.0427    35.0402    -0.0025    -0.0003    27.4337    27.4317    105.483    105.683    1480.98    1480.97     6.0697     6.2031    90.2090    92.1890  0.000e+00
      21743    107.000     7.1342     7.1339    3.54963    3.54937          1     3.4280     3.2113       3.00      0.481     0.2626     0.1872  1.000e-12  1.5902000    35.0428    35.0402    -0.0026    -0.0003    27.4337    27.4317    105.978    106.178    1480.99    1480.98     6.0692     6.2029    90.2020    92.1870  0.000e+00
      22940    107.500     7.1222     7.1232    3.54748    3.54744          1     3.4403     3.2183       2.13      0.020     0.2844     0.2198  1.000e-12  1.0387000    35.0311    35.0295    -0.0016     0.0011    27.4262    27.4249    106.473    106.674    1480.93    1480.94     6.1069     6.2279    90.7300    92.5290  0.000e+00
