ctdpy/tests/test_data/exprapp_april_2020/SBE09_1387_20200417_1328_77_10_0353.cnv
* Sea-Bird SBE 9 Data File:
* FileName = L:\2020\sv20d0353.hex
* Software Version Seasave V 7.26.7.121
* Temperature SN = 6378
* Conductivity SN = 4824
* Number of Bytes Per Scan = 41
* Number of Voltage Words = 4
* Number of Scans Averaged by the Deck Unit = 1
* NMEA Latitude = 56 38.01 N
* NMEA Longitude = 019 35.00 E
* NMEA UTC (Time) = Apr 17 2020  13:28:08
* NMEA baud rate = 4800
** Station:  BY10
** Operator:  JKro/SSip
** Ship: SVEA
** Average sound velocity: 1444.86 m/s
** True-depth calculation Fri, 17 Apr 2020 14:43:44 +0000
** CTD Python Module SMHI /ver 3-12/ feb 2012 
** LIMS Job: 20207710-0353
** Cruise: SMHI-07-2020
** Latitude [GG MM.mm N] :
** Longitude [GGG MM.mm E]:
# nquan = 30
# nvalues = 273                         
# units = specified
# name 0 = scan: Scan Count
# name 1 = prDM: Pressure, Digiquartz [db]
# name 2 = t090C: Temperature [ITS-90, deg C]
# name 3 = t190C: Temperature, 2 [ITS-90, deg C]
# name 4 = c0S/m: Conductivity [S/m]
# name 5 = c1S/m: Conductivity, 2 [S/m]
# name 6 = pumps: Pump Status
# name 7 = sbeox0V: Oxygen raw, SBE 43 [V]
# name 8 = sbeox1V: Oxygen raw, SBE 43, 2 [V]
# name 9 = altM: Altimeter [m]
# name 10 = dz/dtM: Descent Rate [m/s]
# name 11 = flECO-AFL: Chl-a Fluorescence, WET Labs ECO-AFL/FL [mg/m^3]
# name 12 = flECO-AFL1: Phycocyanin Fluorescence, WET Labs ECO-AFL/FL, 2 [mg/m^3]
# name 13 = par: PAR/Irradiance, Biospherical/Lico [µE/(cm^2*s)]
# name 14 = turbWETntu0: Turbidity, WET Labs ECO [NTU]
# name 15 = sal00: Salinity, Practical [PSU]
# name 16 = sal11: Salinity, Practical, 2 [PSU]
# name 17 = secS-priS: Salinity, Practical, Difference, 2 - 1 [PSU]
# name 18 = T2-T190C: Temperature Difference, 2 - 1 [ITS-90, deg C]
# name 19 = sigma-t00: Density [sigma-t, kg/m^3 ]
# name 20 = sigma-t11: Density, 2 [sigma-t, kg/m^3 ]
# name 21 = depSM: Depth [salt water, m], lat = 56.6335
# name 22 = depFM: Depth [true depth, m], lat = 56.6335
# name 23 = svCM: Sound Velocity [Chen-Millero, m/s]
# name 24 = svCM1: Sound Velocity, 2 [Chen-Millero, m/s]
# name 25 = sbeox0ML/L: Oxygen, SBE 43 [ml/l], WS = 2
# name 26 = sbeox1ML/L: Oxygen, SBE 43, 2 [ml/l], WS = 2
# name 27 = sbeox0PS: Oxygen, SBE 43 [% saturation], WS = 2
# name 28 = sbeox1PS: Oxygen, SBE 43, 2 [% saturation], WS = 2
# name 29 = flag: flag
# span 0 =      43011,      51877       
# span 1 =      1.000,    137.000       
# span 2 =     4.9120,     7.5538       
# span 3 =     4.9098,     7.5423       
# span 4 =   0.818152,   1.422134       
# span 5 =   0.818218,   1.422924       
# span 6 =          1,          1       
# span 7 =     0.7439,     3.7284       
# span 8 =     0.7280,     3.4789       
# span 9 =       3.52,      97.87       
# span 10 =     -1.048,      0.861      
# span 11 =     0.3310,     1.8860      
# span 12 =     0.1170,     0.5599      
# span 13 = 1.0000e-12, 1.6535e+02      
# span 14 =     0.0969,     0.7937      
# span 15 =     7.5205,    12.8196      
# span 16 =     7.5210,    12.8277      
# span 17 =    -0.1565,     0.0651      
# span 18 =    -0.0946,     0.0511      
# span 19 =     5.9306,     9.9772      
# span 20 =     5.9312,     9.9837      
# span 21 =      0.991,    135.701      
# span 22 =      1.013,    138.486      
# span 23 =    1436.59,    1454.20      
# span 24 =    1436.67,    1454.21      
# span 25 =     0.0485,     8.3727      
# span 26 =     0.0779,     8.5262      
# span 27 =      0.625,     99.456      
# span 28 =      1.003,    101.271      
# span 29 = 0.0000e+00, 0.0000e+00      
# interval = decibars: 0.5              
# start_time = Apr 17 2020 13:28:09 [NMEA time, first data scan]
# bad_flag = -9.990e-29
*END*
[from data line 97]
      46412     49.500     5.2533     5.2531    0.82105    0.82112          1     3.6683     3.4252      96.72      0.254     0.6155     0.2369  1.000e-12  0.1382000     7.5216     7.5223     0.0007    -0.0002     5.9364     5.9370     49.041     50.120    1437.75    1437.75     8.2723     8.4253    97.9590    99.7700  0.000e+00
      46453     50.000     5.2519     5.2519    0.82104    0.82111          1     3.6671     3.4241      96.71      0.275     0.6395     0.2571  1.000e-12  0.1759000     7.5217     7.5225     0.0007     0.0000     5.9366     5.9372     49.536     50.627    1437.75    1437.75     8.2655     8.4114    97.8740    99.6030  0.000e+00
      46476     50.500     5.2507     5.2503    0.82101    0.82108          1     3.6656     3.4224      69.24      0.445     0.6149     0.2826  1.000e-12  0.1642000     7.5217     7.5224     0.0007    -0.0003     5.9366     5.9372     50.032     51.133    1437.75    1437.75     8.2522     8.4033    97.7140    99.5030  0.000e+00
      46499     51.000     5.2483     5.2479    0.82098    0.82105          1     3.6620     3.4206      82.67      0.520     0.6254     0.2792  1.000e-12  0.1410000     7.5219     7.5226     0.0007    -0.0004     5.9369     5.9375     50.527     51.639    1437.75    1437.75     8.2305     8.3880    97.4510    99.3160  0.000e+00
      46526     51.500     5.2473     5.2456    0.82097    0.82101          1     3.6561     3.4166      95.03      0.478     0.5489     0.2475  1.000e-12  0.1282000     7.5219     7.5227     0.0008    -0.0016     5.9369     5.9376     51.022     52.145    1437.75    1437.75     8.2090     8.3604    97.1940    98.9830  0.000e+00
      46557     52.000     5.2033     5.1981    0.82013    0.82010          1     3.6492     3.4105      96.70      0.400     0.4379     0.2347  1.000e-12  0.1220000     7.5235     7.5244     0.0009    -0.0052     5.9401     5.9410     51.518     52.652    1437.57    1437.55     8.2018     8.3441    97.0020    98.6720  0.000e+00
      46590     52.500     5.1508     5.1493    0.81919    0.81923          1     3.6427     3.4042      96.72      0.372     0.3912     0.1838  1.000e-12  0.1183000     7.5260     7.5267     0.0008    -0.0016     5.9443     5.9449     52.013     53.158    1437.35    1437.34     8.1998     8.3397    96.8510    98.5000  0.000e+00
      46620     53.000     5.1329     5.1314    0.81894    0.81899          1     3.6372     3.3983      96.72      0.385     0.3845     0.1844  1.000e-12  0.1115000     7.5275     7.5283     0.0008    -0.0015     5.9462     5.9469     52.508     53.664    1437.28    1437.28     8.1906     8.3315    96.6990    98.3600  0.000e+00
      46650     53.500     5.1130     5.1121    0.81871    0.81877          1     3.6319     3.3935      96.72      0.406     0.3837     0.1881  1.000e-12  0.1096000     7.5297     7.5304     0.0008    -0.0009     5.9488     5.9494     53.003     54.170    1437.21    1437.20     8.1770     8.3184    96.4930    98.1580  0.000e+00
      46687     54.000     5.0980     5.0950    0.81857    0.81861          1     3.6230     3.3857      96.71      0.337     0.3725     0.2504  1.000e-12  0.1101000     7.5315     7.5326     0.0011    -0.0030     5.9508     5.9518     53.499     54.677    1437.15    1437.14     8.1377     8.2815    95.9930    97.6830  0.000e+00
      46720     54.500     5.0799     5.0779    0.81842    0.81847          1     3.6098     3.3760      96.71      0.319     0.3700     0.2202  1.000e-12  0.1092000     7.5341     7.5350     0.0009    -0.0020     5.9536     5.9544     53.994     55.183    1437.08    1437.07     8.0800     8.2333    95.2700    97.0730  0.000e+00
      46740     55.000     5.0546     5.0536    0.81826    0.81832          1     3.6005     3.3693      96.71      0.467     0.3724     0.1843  1.000e-12  0.1103000     7.5382     7.5390     0.0008    -0.0010     5.9579     5.9586     54.489     55.689    1436.98    1436.98     8.0535     8.1931    94.8990    96.5430  0.000e+00
      46757     55.500     5.0327     5.0320    0.81815    0.81822          1     3.5913     3.3609      42.22      0.618     0.3717     0.1712  1.000e-12  0.1091000     7.5420     7.5428     0.0008    -0.0007     5.9618     5.9625     54.985     56.195    1436.90    1436.90     8.0430     8.1785    94.7260    96.3200  0.000e+00
      46773     56.000     4.9916     4.9911    0.81821    0.81829          1     3.5858     3.3559      90.29      0.715     0.3725     0.1735  1.000e-12  0.1096000     7.5518     7.5527     0.0009    -0.0005     5.9712     5.9719     55.480     56.702    1436.74    1436.74     8.0698     8.2200    94.9480    96.7150  0.000e+00
      46829     56.500     4.9520     4.9783    0.81852    0.81867          1     3.5424     3.3212      94.11      0.377     0.3766     0.2302  1.000e-12  0.1103000     7.5638     7.5593    -0.0044     0.0263     5.9822     5.9777     55.975     57.208    1436.59    1436.70     7.6933     7.7679    90.4290    91.3610  0.000e+00
      46890     57.000     4.9719     4.9565    0.82019    0.82250          1     3.4085     3.2163      96.76      0.269     0.3727     0.2304  1.000e-12  0.0969000     7.5758     7.6023     0.0265    -0.0154     5.9910     6.0126     56.470     57.714    1436.70    1436.67     6.5112     6.3885    76.5870    75.1290  0.000e+00
      46906     57.500     4.9120     4.9098    0.83793    0.83865          1     3.2699     3.1087      96.73      0.532     0.3693     0.1259  1.000e-12  0.0982000     7.7660     7.7737     0.0076    -0.0021     6.1439     6.1500     56.966     58.220    1436.69    1436.69     5.7788     5.4609    67.9510    64.2140  0.000e+00
      46920     58.000     4.9332     4.9343    0.84347    0.84394          1     3.1299     2.9862      96.71      0.713     0.3590     0.1647  1.000e-12  0.1039000     7.8161     7.8206     0.0045     0.0010     6.1827     6.1862     57.461     58.726    1436.85    1436.86     5.5861     5.0694    65.7440    59.6660  0.000e+00
      46935     58.500     4.9785     4.9746    0.85513    0.85551          1     3.0394     2.8788      96.72      0.809     0.3588     0.2018  1.000e-12  0.1033000     7.9215     7.9262     0.0047    -0.0039     6.2642     6.2682     57.956     59.233    1437.19    1437.18     5.9547     5.4284    70.2150    64.0070  0.000e+00
      46957     59.000     5.1646     5.1628    0.91031    0.91114          1     3.0259     2.8354      96.71      0.699     0.3475     0.2113  1.000e-12  0.1056000     8.4255     8.4342     0.0088    -0.0018     6.6550     6.6620     58.452     59.739    1438.66    1438.66     6.2406     6.2902    74.1800    74.7780  0.000e+00
      47019     59.500     5.0911     5.0453    0.88936    0.87250          1     2.5778     2.5427      84.62      0.175     0.3377     0.2152  1.000e-12  0.1030000     8.2346     8.0781    -0.1565    -0.0458     6.5071     6.3853     58.947     60.244    1438.10    1437.70     3.5293     3.1948    41.8130    37.7710  0.000e+00
      47050     60.000     5.4233     5.3977    0.96741    0.96229          1     2.2572     2.2475      93.04      0.332     0.3393     0.2307  1.000e-12  0.1066000     8.9267     8.8823    -0.0443    -0.0257     7.0387     7.0049     59.442     60.750    1440.44    1440.27     2.8011     2.2877    33.6250    27.4360  0.000e+00
      47073     60.500     5.5448     5.5464    0.99409    0.99555          1     2.0760     2.0609      96.65      0.488     0.3383     0.2005  1.000e-12  0.1277000     9.1589     9.1730     0.0141     0.0016     7.2158     7.2269     59.937     61.256    1441.26    1441.29     2.6758     2.2609    32.2680    27.2690  0.000e+00
      47099     61.000     5.5947     5.6014    1.00816    1.00921          1     1.9243     1.8994      89.57      0.492     0.3310     0.2133  1.000e-12  0.1457000     9.2849     9.2935     0.0086     0.0067     7.3126     7.3191     60.433     61.762    1441.65    1441.69     2.4955     2.2058    30.1560    26.6620  0.000e+00
      47132     61.500     5.6394     5.6417    1.01829    1.01928          1     1.7621     1.7360      95.68      0.377     0.3490     0.1960  1.000e-12  0.1783000     9.3731     9.3822     0.0091     0.0023     7.3798     7.3868     60.928     62.267    1441.96    1441.98     2.1114     1.9025    25.5580    23.0320  0.000e+00
      47158     62.000     5.6651     5.6659    1.02937    1.03023          1     1.6362     1.6136      80.61      0.406     0.3604     0.2079  1.000e-12  0.1885000     9.4757     9.4840     0.0083     0.0008     7.4593     7.4659     61.423     62.773    1442.21    1442.22     1.8548     1.6973    22.4820    20.5740  0.000e+00
      47181     62.500     5.6951     5.6955    1.04041    1.04089          1     1.5515     1.5325      96.43      0.501     0.3624     0.2028  1.000e-12  0.1907000     9.5768     9.5814     0.0047     0.0004     7.5374     7.5410     61.919     63.278    1442.47    1442.48     1.7795     1.7320    21.6010    21.0250  0.000e+00
      47208     63.000     5.7221     5.7235    1.04825    1.04849          1     1.4853     1.4688      96.69      0.493     0.3663     0.1908  1.000e-12  0.2006000     9.6468     9.6488     0.0019     0.0013     7.5911     7.5926     62.414     63.784    1442.68    1442.69     1.7782     1.7845    21.6090    21.6860  0.000e+00
      47257     63.500     5.7382     5.7304    1.05073    1.04784          1     1.4066     1.3817      96.68      0.228     0.3854     0.1833  1.000e-12  0.2013000     9.6667     9.6403    -0.0264    -0.0078     7.6059     7.5855     62.909     64.289    1442.79    1442.72     1.6498     1.6436    20.0590    19.9760  0.000e+00
      47296     64.000     5.7739     5.7736    1.05777    1.05807          1     1.3517     1.3220      78.82      0.281     0.3836     0.1458  1.000e-12  0.2070000     9.7262     9.7293     0.0031    -0.0003     7.6508     7.6532     63.404     64.794    1443.02    1443.03     1.5116     1.5122    18.4030    18.4090  0.000e+00
      47317     64.500     5.7977     5.7977    1.06274    1.06299          1     1.3234     1.2934      96.28      0.456     0.3766     0.2170  1.000e-12  0.2127000     9.7686     9.7711     0.0025    -0.0000     7.6828     7.6848     63.900     65.300    1443.19    1443.19     1.4420     1.4483    17.5710    17.6480  0.000e+00
      47336     65.000     5.8100     5.8098    1.06502    1.06518          1     1.3007     1.2700      96.64      0.587     0.3822     0.2370  1.000e-12  0.2390000     9.7876     9.7892     0.0016    -0.0002     7.6971     7.6983     64.395     65.805    1443.27    1443.27     1.4154     1.4353    17.2540    17.4970  0.000e+00
      47357     65.500     5.8234     5.8239    1.06750    1.06775          1     1.2825     1.2512      79.93      0.619     0.3811     0.2396  1.000e-12  0.2425000     9.8081     9.8105     0.0024     0.0004     7.7124     7.7143     64.890     66.311    1443.36    1443.37     1.4082     1.4645    17.1740    17.8610  0.000e+00
      47392     66.000     5.8408     5.8412    1.07009    1.06999          1     1.2612     1.2306      74.85      0.409     0.3934     0.2340  1.000e-12  0.2446000     9.8287     9.8276    -0.0012     0.0004     7.7277     7.7267     65.385     66.816    1443.47    1443.47     1.3747     1.4376    16.7750    17.5430  0.000e+00
      47442     66.500     5.8637     5.8576    1.07329    1.07220          1     1.2237     1.1935      75.93      0.187     0.3905     0.2422  1.000e-12  0.2247000     9.8536     9.8446    -0.0090    -0.0061     7.7460     7.7392     65.881     67.321    1443.61    1443.57     1.1398     1.1598    13.9190    14.1600  0.000e+00
      47464     67.000     5.9359     5.9375    1.08431    1.08498          1     1.1769     1.1548      75.37      0.390     0.3803     0.1876  1.000e-12  0.2415000     9.9415     9.9477     0.0062     0.0016     7.8109     7.8157     66.376     67.827    1444.04    1444.05     0.9237     0.9116    11.3070    11.1600  0.000e+00
      47483     67.500     5.9921     5.9916    1.09508    1.09546          1     1.1381     1.1200      74.81      0.564     0.3771     0.1895  1.000e-12  0.2393000    10.0315    10.0354     0.0039    -0.0005     7.8783     7.8815     66.871     68.332    1444.40    1444.40     0.8571     0.8436    10.5120    10.3480  0.000e+00
      47508     68.000     6.0071     6.0076    1.10208    1.10221          1     1.1008     1.0845      94.23      0.566     0.3848     0.1783  1.000e-12  0.2267000    10.0961    10.0972     0.0011     0.0005     7.9283     7.9292     67.366     68.837    1444.55    1444.55     0.7859     0.7693     9.6460     9.4430  0.000e+00
      47547     68.500     6.0542     6.0568    1.10786    1.10786          1     1.0346     1.0227      72.92      0.327     0.3818     0.2375  1.000e-12  0.1747000    10.1391    10.1383    -0.0008     0.0027     7.9593     7.9585     67.862     69.342    1444.81    1444.82     0.6069     0.5900     7.4600     7.2530  0.000e+00
      47585     69.000     6.0578     6.0558    1.11239    1.11248          1     0.9886     0.9765      72.69      0.295     0.3972     0.2204  1.000e-12  0.1794000    10.1828    10.1842     0.0014    -0.0020     7.9934     7.9947     68.357     69.848    1444.89    1444.88     0.5811     0.5818     7.1460     7.1540  0.000e+00
      47613     69.500     6.0710     6.0735    1.11745    1.11799          1     0.9610     0.9485      72.71      0.404     0.3973     0.2322  1.000e-12  0.2122000    10.2287    10.2332     0.0045     0.0025     8.0288     8.0322     68.852     70.353    1445.01    1445.03     0.4865     0.4884     5.9870     6.0110  0.000e+00
      47646     70.000     6.0918     6.0890    1.12264    1.12289          1     0.9310     0.9190      72.20      0.381     0.3915     0.2011  1.000e-12  0.2448000    10.2736    10.2769     0.0033    -0.0027     8.0628     8.0656     69.348     70.858    1445.17    1445.16     0.4768     0.4978     5.8720     6.1300  0.000e+00
      47676     70.500     6.0944     6.0946    1.12631    1.12662          1     0.9263     0.9100      82.32      0.360     0.3858     0.1708  1.000e-12  0.2228000    10.3090    10.3120     0.0030     0.0001     8.0906     8.0929     69.843     71.363    1445.23    1445.23     0.5808     0.6467     7.1540     7.9660  0.000e+00
      47698     71.000     6.1338     6.1364    1.13076    1.13114          1     0.9362     0.9172      94.51      0.480     0.3972     0.1851  1.000e-12  0.2367000    10.3409    10.3439     0.0029     0.0026     8.1132     8.1153     70.338     71.869    1445.44    1445.46     0.6649     0.7796     8.2010     9.6160  0.000e+00
      47719     71.500     6.1866     6.1873    1.13532    1.13561          1     0.9530     0.9324      82.24      0.568     0.4037     0.1596  1.000e-12  0.2629000    10.3698    10.3723     0.0026     0.0007     8.1325     8.1344     70.833     72.374    1445.71    1445.72     0.6678     0.7858     8.2490     9.7060  0.000e+00
      47750     72.000     6.2160     6.2177    1.13873    1.13895          1     0.9380     0.9240      92.02      0.450     0.3828     0.1937  1.000e-12  0.2636000    10.3943    10.3959     0.0016     0.0017     8.1498     8.1510     71.329     72.879    1445.88    1445.89     0.4164     0.4638     5.1470     5.7340  0.000e+00
      47785     72.500     6.1981     6.1957    1.14105    1.14112          1     0.8890     0.8837      68.55      0.320     0.3829     0.2369  1.000e-12  0.3179000    10.4226    10.4240     0.0014    -0.0024     8.1733     8.1745     71.824     73.384    1445.84    1445.84     0.2713     0.2834     3.3530     3.5020  0.000e+00
      47809     73.000     6.1940     6.1952    1.14522    1.14555          1     0.8695     0.8647      69.25      0.428     0.3813     0.2328  1.000e-12  0.3519000    10.4648    10.4678     0.0030     0.0011     8.2068     8.2091     72.319     73.889    1445.89    1445.90     0.3016     0.3393     3.7280     4.1950  0.000e+00
