ctdpy/tests/test_data/exprapp_april_2020/SBE09_1387_20200416_1604_77_10_0350.cnv
* Sea-Bird SBE 9 Data File:
* FileName = L:\2020\sv20d0350.hex
* Software Version Seasave V 7.26.7.121
* Temperature SN = 6378
* Conductivity SN = 4824
* Number of Bytes Per Scan = 41
* Number of Voltage Words = 4
* Number of Scans Averaged by the Deck Unit = 1
* NMEA Latitude = 55 22.98 N
* NMEA Longitude = 015 20.04 E
* NMEA UTC (Time) = Apr 16 2020  16:04:40
* NMEA baud rate = 4800
** Station:  BY4
** Operator:  JKro
** Ship: SVEA
** Average sound velocity: 1448.66 m/s
** True-depth calculation Thu, 16 Apr 2020 17:01:23 +0000
** CTD Python Module SMHI /ver 3-12/ feb 2012 
** LIMS Job: 20207710-0350
** Cruise: SMHI-07-2020
** Latitude [GG MM.mm N] :
** Longitude [GGG MM.mm E]:
# nquan = 30
# nvalues = 176                         
# units = specified
# name 0 = scan: Scan Count
# name 1 = prDM: Pressure, Digiquartz [db]
# name 2 = t090C: Temperature [ITS-90, deg C]
# name 3 = t190C: Temperature, 2 [ITS-90, deg C]
# name 4 = c0S/m: Conductivity [S/m]
# name 5 = c1S/m: Conductivity, 2 [S/m]
# name 6 = pumps: Pump Status
# name 7 = sbeox0V: Oxygen raw, SBE 43 [V]
# name 8 = sbeox1V: Oxygen raw, SBE 43, 2 [V]
# name 9 = altM: Altimeter [m]
# name 10 = dz/dtM: Descent Rate [m/s]
# name 11 = flECO-AFL: Chl-a Fluorescence, WET Labs ECO-AFL/FL [mg/m^3]
# name 12 = flECO-AFL1: Phycocyanin Fluorescence, WET Labs ECO-AFL/FL, 2 [mg/m^3]
# name 13 = par: PAR/Irradiance, Biospherical/Lico [µE/(cm^2*s)]
# name 14 = turbWETntu0: Turbidity, WET Labs ECO [NTU]
# name 15 = sal00: Salinity, Practical [PSU]
# name 16 = sal11: Salinity, Practical, 2 [PSU]
# name 17 = secS-priS: Salinity, Practical, Difference, 2 - 1 [PSU]
# name 18 = T2-T190C: Temperature Difference, 2 - 1 [ITS-90, deg C]
# name 19 = sigma-t00: Density [sigma-t, kg/m^3 ]
# name 20 = sigma-t11: Density, 2 [sigma-t, kg/m^3 ]
# name 21 = depSM: Depth [salt water, m], lat = 55.383
# name 22 = depFM: Depth [true depth, m], lat = 55.383
# name 23 = svCM: Sound Velocity [Chen-Millero, m/s]
# name 24 = svCM1: Sound Velocity, 2 [Chen-Millero, m/s]
# name 25 = sbeox0ML/L: Oxygen, SBE 43 [ml/l], WS = 2
# name 26 = sbeox1ML/L: Oxygen, SBE 43, 2 [ml/l], WS = 2
# name 27 = sbeox0PS: Oxygen, SBE 43 [% saturation], WS = 2
# name 28 = sbeox1PS: Oxygen, SBE 43, 2 [% saturation], WS = 2
# name 29 = flag: flag
# span 0 =      28826,      34622       
# span 1 =      1.000,     88.500       
# span 2 =     5.6914,     8.4800       
# span 3 =     5.6913,     8.4801       
# span 4 =   0.896744,   1.867920       
# span 5 =   0.896839,   1.868050       
# span 6 =          1,          1       
# span 7 =     1.2244,     3.7952       
# span 8 =     1.1777,     3.5416       
# span 9 =      -2.32,      97.78       
# span 10 =     -0.114,      0.541      
# span 11 =     0.3086,     1.7515      
# span 12 =     0.1488,     0.5291      
# span 13 = -2.775e-06, 8.7382e+01      
# span 14 =     0.1586,     0.6475      
# span 15 =     8.0449,    16.7227      
# span 16 =     8.0456,    16.7241      
# span 17 =    -0.0128,     0.1372      
# span 18 =    -0.0419,     0.0459      
# span 19 =     6.2970,    12.9231      
# span 20 =     6.2974,    12.9243      
# span 21 =      0.991,     87.681      
# span 22 =      1.012,     89.367      
# span 23 =    1440.83,    1462.65      
# span 24 =    1440.83,    1462.65      
# span 25 =     1.2131,     8.3157      
# span 26 =     1.2587,     8.4705      
# span 27 =     16.444,    101.362      
# span 28 =     17.062,    103.244      
# span 29 = 0.0000e+00, 0.0000e+00      
# interval = decibars: 0.5              
# start_time = Apr 16 2020 16:04:41 [NMEA time, first data scan]
# bad_flag = -9.990e-29
*END*
[from data line 97]
      31389     49.500     5.7934     5.7928    0.93927    0.93973          1     3.3427     3.1384      39.79      0.494     0.4908     0.2207  1.000e-12  0.2017000     8.5543     8.5590     0.0047    -0.0006     6.7256     6.7293     49.046     50.100    1441.40    1441.40     6.9531     7.0423    84.0350    85.1140  0.000e+00
      31416     50.000     5.7601     5.7534    0.94387    0.94445          1     3.2710     3.0814      39.03      0.461     0.4662     0.2468  1.000e-12  0.1780000     8.6079     8.6152     0.0073    -0.0066     6.7696     6.7758     49.542     50.605    1441.33    1441.31     6.4262     6.4162    77.6310    77.5020  0.000e+00
      31443     50.500     5.7356     5.7437    0.95844    0.96138          1     3.1423     2.9755      38.11      0.440     0.4594     0.2475  1.000e-12  0.1867000     8.7573     8.7841     0.0268     0.0081     6.8888     6.9095     50.037     51.111    1441.42    1441.49     5.9098     5.8034    71.4180    70.1580  0.000e+00
      31467     51.000     5.8564     5.8607    1.00997    1.01239          1     3.0336     2.8770      37.04      0.479     0.4250     0.2658  1.000e-12  0.1814000     9.2325     9.2552     0.0227     0.0043     7.2568     7.2744     50.532     51.617    1442.55    1442.59     5.5563     5.3975    67.5590    65.6450  0.000e+00
      31489     51.500     5.9557     5.9602    1.04144    1.04284          1     2.8981     2.7588      38.31      0.527     0.3990     0.2658  1.000e-12  0.1765000     9.5150     9.5276     0.0125     0.0045     7.4737     7.4833     51.028     52.122    1443.34    1443.37     4.6830     4.3683    57.1830    53.3480  0.000e+00
      31512     52.000     6.0880     6.0983    1.07017    1.07387          1     2.6533     2.5468      37.75      0.529     0.3847     0.2387  1.000e-12  0.1817000     9.7602     9.7937     0.0335     0.0103     7.6588     7.6845     51.523     52.628    1444.22    1444.30     3.6791     3.1541    45.1450    38.7180  0.000e+00
      31539     52.500     6.6377     6.6837    1.22422    1.23974          1     2.3818     2.2941      37.25      0.477     0.3954     0.2537  1.000e-12  0.2031000    11.1027    11.2399     0.1372     0.0459     8.6766     8.7810     52.018     53.133    1448.22    1448.59     3.1193     2.6070    39.1360    32.7820  0.000e+00
      31567     53.000     7.4497     7.4884    1.39015    1.39854          1     2.1945     2.1100      36.71      0.435     0.3717     0.2433  1.000e-12  0.2160000    12.4467    12.5141     0.0675     0.0387     9.6663     9.7158     52.514     53.638    1453.26    1453.51     3.4968     3.3809    45.1730    43.7440  0.000e+00
      31591     53.500     8.1463     8.1860    1.49751    1.50342          1     2.2567     2.1399      36.31      0.455     0.3560     0.1840  1.000e-12  0.1955000    13.2259    13.2677     0.0418     0.0398    10.2108    10.2396     53.009     54.142    1457.05    1457.26     4.5081     4.7606    59.4980    62.9080  0.000e+00
      31614     54.000     8.1913     8.1494    1.51943    1.51701          1     2.4130     2.2598      69.98      0.512     0.3435     0.2072  1.000e-12  0.1792000    13.4193    13.4121    -0.0073    -0.0419    10.3573    10.3557     53.504     54.646    1457.48    1457.30     4.8400     5.1646    64.0120    68.2370  0.000e+00
      31636     54.500     6.8427     6.8113    1.46316    1.46064          1     2.4654     2.3125      35.15      0.541     0.3467     0.2059  1.000e-12  0.1902000    13.3899    13.3771    -0.0128    -0.0314    10.4569    10.4495     54.000     55.150    1451.96    1451.82     4.3809     4.5249    56.1120    57.9130  0.000e+00
      31661     55.000     6.7663     6.7809    1.46553    1.46667          1     2.3730     2.2445      34.71      0.515     0.3420     0.2551  1.000e-12  0.2172000    13.4431    13.4487     0.0056     0.0146    10.5054    10.5086     54.495     55.654    1451.73    1451.79     3.8355     3.7981    49.0340    48.5750  0.000e+00
      31689     55.500     7.4410     7.4794    1.51533    1.51820          1     2.3259     2.1990      34.26      0.444     0.3427     0.1519  1.000e-12  0.2233000    13.6695    13.6826     0.0130     0.0384    10.6247    10.6314     54.990     56.158    1454.79    1454.96     4.1379     4.2301    53.8560    55.1150  0.000e+00
      31716     56.000     7.8758     7.8843    1.55018    1.55139          1     2.3797     2.2400      33.77      0.427     0.3268     0.1783  1.000e-12  0.2073000    13.8379    13.8463     0.0084     0.0085    10.7160    10.7217     55.486     56.662    1456.76    1456.81     4.4422     4.6495    58.4720    61.2150  0.000e+00
      31739     56.500     7.3949     7.3825    1.53424    1.53297          1     2.4265     2.2804      33.21      0.486     0.3335     0.2358  1.000e-12  0.2005000    13.8733    13.8658    -0.0075    -0.0124    10.7886    10.7838     55.981     57.166    1454.87    1454.81     4.5653     4.7805    59.4190    62.1990  0.000e+00
      31761     57.000     7.1002     7.1025    1.52397    1.52445          1     2.4618     2.3130      32.68      0.537     0.3357     0.1856  1.000e-12  0.1840000    13.8902    13.8940     0.0038     0.0023    10.8282    10.8310     56.477     57.670    1453.69    1453.71     4.6653     4.8741    60.3020    63.0060  0.000e+00
      31784     57.500     7.1946     7.1949    1.53426    1.53469          1     2.4955     2.3434      32.18      0.538     0.3365     0.1853  1.000e-12  0.1843000    13.9537    13.9579     0.0042     0.0003    10.8697    10.8729     56.972     58.173    1454.17    1454.17     4.6786     4.8564    60.6360    62.9420  0.000e+00
      31809     58.000     7.0954     7.0889    1.53583    1.53572          1     2.5143     2.3616      31.63      0.498     0.3346     0.2092  1.000e-12  0.1833000    14.0092    14.0108     0.0015    -0.0064    10.9219    10.9237     57.467     58.677    1453.84    1453.81     4.6689     4.8233    60.3880    62.3770  0.000e+00
      31836     58.500     7.0118     7.0151    1.53712    1.53772          1     2.5289     2.3764      31.07      0.451     0.3267     0.2215  1.000e-12  0.1803000    14.0558    14.0605     0.0046     0.0034    10.9657    10.9691     57.963     59.181    1453.56    1453.58     4.7138     4.8620    60.8650    62.7860  0.000e+00
      31862     59.000     7.0670     7.0665    1.54629    1.54664          1     2.5441     2.3898      30.54      0.444     0.3167     0.2631  1.000e-12  0.1908000    14.1242    14.1279     0.0037    -0.0005    11.0146    11.0175     58.458     59.685    1453.88    1453.88     4.7064     4.8377    60.8780    62.5770  0.000e+00
      31886     59.500     7.0457     7.0423    1.55202    1.55224          1     2.5437     2.3918      29.68      0.482     0.3304     0.2475  1.000e-12  0.1919000    14.1897    14.1933     0.0037    -0.0034    11.0677    11.0709     58.953     60.188    1453.88    1453.87     4.6428     4.7588    60.0500    61.5470  0.000e+00
      31908     60.000     7.0136     7.0157    1.55692    1.55746          1     2.5376     2.3876      29.51      0.529     0.3191     0.1909  1.000e-12  0.1845000    14.2514    14.2559     0.0045     0.0021    11.1189    11.1223     59.449     60.692    1453.83    1453.85     4.6100     4.7181    59.6050    61.0070  0.000e+00
      31932     60.500     7.0933     7.0937    1.56852    1.56898          1     2.5327     2.3856      29.03      0.519     0.3110     0.1778  1.000e-12  0.1854000    14.3335    14.3380     0.0045     0.0004    11.1764    11.1798     59.944     61.196    1454.27    1454.28     4.7125     4.8728    61.0790    63.1600  0.000e+00
      31959     61.000     7.0877     7.0879    1.57872    1.57940          1     2.5736     2.4188      28.49      0.464     0.3214     0.2193  1.000e-12  0.1961000    14.4370    14.4436     0.0067     0.0003    11.2580    11.2632     60.439     61.699    1454.38    1454.40     4.9102     5.0892    63.6760    66.0010  0.000e+00
      31985     61.500     7.0295     7.0114    1.58473    1.58411          1     2.5893     2.4337      27.95      0.454     0.3203     0.1897  1.000e-12  0.2007000    14.5210    14.5225     0.0015    -0.0182    11.3289    11.3317     60.935     62.203    1454.26    1454.19     4.7422     4.8670    61.4460    63.0370  0.000e+00
      32008     62.000     6.7439     6.7368    1.57640    1.57642          1     2.5723     2.4220      27.52      0.493     0.3229     0.2085  1.000e-12  0.2033000    14.5583    14.5615     0.0032    -0.0072    11.3828    11.3859     61.430     62.706    1453.14    1453.11     4.6931     4.7885    60.4060    61.6260  0.000e+00
      32031     62.500     6.9486     6.9636    1.59811    1.60002          1     2.5648     2.4144      27.02      0.523     0.3313     0.2602  1.000e-12  0.2126000    14.6882    14.7008     0.0126     0.0150    11.4670    11.4756     61.925     63.210    1454.15    1454.23     4.6951     4.7868    60.7830    61.9980  0.000e+00
      32056     63.000     6.9573     6.9480    1.61214    1.61210          1     2.5632     2.4117      26.53      0.502     0.3214     0.2197  1.000e-12  0.2102000    14.8246    14.8283     0.0037    -0.0093    11.5734    11.5771     62.420     63.713    1454.36    1454.33     4.7092     4.8128    61.0330    62.3640  0.000e+00
      32082     63.500     6.8792     6.8779    1.61286    1.61303          1     2.5647     2.4118      25.88      0.468     0.3207     0.2070  1.000e-12  0.2268000    14.8655    14.8677     0.0022    -0.0012    11.6123    11.6141     62.916     64.217    1454.10    1454.10     4.7398     4.8514    61.3310    62.7740  0.000e+00
      32108     64.000     6.8751     6.8750    1.61625    1.61643          1     2.5687     2.4151      25.35      0.461     0.3172     0.2196  1.000e-12  0.2307000    14.9010    14.9028     0.0019    -0.0001    11.6405    11.6420     63.411     64.720    1454.14    1454.14     4.7401     4.8586    61.3430    62.8770  0.000e+00
      32133     64.500     6.8671     6.8660    1.61905    1.61921          1     2.5666     2.4143      24.75      0.465     0.3086     0.1922  1.000e-12  0.2267000    14.9324    14.9345     0.0020    -0.0011    11.6659    11.6676     63.906     65.224    1454.15    1454.15     4.6955     4.8024    60.7660    62.1490  0.000e+00
      32158     65.000     6.8420     6.8418    1.62368    1.62397          1     2.5571     2.4071      24.19      0.476     0.3086     0.2205  1.000e-12  0.2303000    14.9895    14.9926     0.0030    -0.0003    11.7129    11.7152     64.402     65.727    1454.13    1454.13     4.6414     4.7356    60.0530    61.2720  0.000e+00
      32181     65.500     6.8429     6.8423    1.62923    1.62948          1     2.5452     2.3970      23.64      0.503     0.3089     0.2593  1.000e-12  0.2245000    15.0448    15.0476     0.0028    -0.0006    11.7561    11.7584     64.897     66.230    1454.21    1454.21     4.6098     4.6997    59.6670    60.8300  0.000e+00
      32205     66.000     6.8501     6.8506    1.63412    1.63442          1     2.5350     2.3880      22.95      0.510     0.3103     0.2618  1.000e-12  0.2225000    15.0906    15.0933     0.0027     0.0005    11.7915    11.7936     65.392     66.734    1454.30    1454.31     4.5825     4.6728    59.3420    60.5130  0.000e+00
      32230     66.500     6.8718     6.8722    1.63871    1.63897          1     2.5221     2.3768      22.18      0.495     0.3242     0.2420  1.000e-12  0.2459000    15.1269    15.1294     0.0024     0.0004    11.8181    11.8199     65.888     67.237    1454.45    1454.45     4.5275     4.6088    58.6740    59.7290  0.000e+00
      32255     67.000     6.8933     6.8942    1.64348    1.64372          1     2.5049     2.3618      21.39      0.483     0.3404     0.2043  1.000e-12  0.2546000    15.1652    15.1673     0.0021     0.0009    11.8462    11.8478     66.383     67.740    1454.59    1454.60     4.4590     4.5354    57.8300    58.8230  0.000e+00
      32281     67.500     6.9411     6.9425    1.64927    1.64951          1     2.4836     2.3435      20.36      0.468     0.3205     0.2198  1.000e-12  0.2487000    15.2020    15.2039     0.0018     0.0014    11.8709    11.8722     66.878     68.244    1454.84    1454.85     4.3868     4.4576    56.9740    57.8950  0.000e+00
      32306     68.000     7.0020     7.0036    1.65477    1.65506          1     2.4622     2.3242      20.02      0.465     0.3203     0.1960  1.000e-12  0.2437000    15.2302    15.2324     0.0023     0.0016    11.8876    11.8892     67.374     68.747    1455.13    1455.14     4.3271     4.3921    56.2910    57.1390  0.000e+00
      32330     68.500     7.0601     7.0615    1.66021    1.66054          1     2.4427     2.3062      19.06      0.490     0.3186     0.2241  1.000e-12  0.2433000    15.2588    15.2615     0.0027     0.0015    11.9048    11.9068     67.869     69.250    1455.42    1455.42     4.2536     4.3114    55.4230    56.1790  0.000e+00
      32354     69.000     7.0979     7.0982    1.66459    1.66475          1     2.4151     2.2817      19.02      0.507     0.3119     0.2510  1.000e-12  0.2436000    15.2857    15.2872     0.0015     0.0003    11.9225    11.9236     68.364     69.753    1455.61    1455.61     4.1283     4.1667    53.8480    54.3490  0.000e+00
      32380     69.500     7.1386     7.1406    1.66984    1.67031          1     2.3745     2.2464      18.55      0.484     0.3213     0.2161  1.000e-12  0.2453000    15.3200    15.3237     0.0038     0.0021    11.9457    11.9484     68.860     70.257    1455.83    1455.84     3.8383     3.8438    50.1240    50.1990  0.000e+00
      32406     70.000     7.2770     7.2797    1.68823    1.68925          1     2.2554     2.1542      18.97      0.448     0.3243     0.1909  1.000e-12  0.2511000    15.4415    15.4504     0.0089     0.0027    12.0281    12.0348     69.355     70.760    1456.55    1456.57     3.0335     2.8957    39.7730    37.9700  0.000e+00
      32430     70.500     7.4590     7.4646    1.71315    1.71421          1     2.0716     1.9990      18.80      0.476     0.3314     0.1952  1.000e-12  0.2593000    15.6074    15.6154     0.0080     0.0056    12.1408    12.1465     69.850     71.263    1457.50    1457.54     2.3856     2.0974    31.4510    27.6560  0.000e+00
      32452     71.000     7.8273     7.8393    1.75039    1.75202          1     1.9055     1.8473      18.29      0.529     0.3215     0.2007  1.000e-12  0.2751000    15.8087    15.8194     0.0107     0.0119    12.2618    12.2690     70.346     71.766    1459.24    1459.30     2.0903     1.8066    27.8340    24.0650  0.000e+00
      32475     71.500     8.1924     8.2105    1.78250    1.78472          1     1.7675     1.7165      17.78      0.535     0.3245     0.1788  1.000e-12  0.2798000    15.9577    15.9712     0.0134     0.0180    12.3405    12.3491     70.841     72.269    1460.89    1460.98     1.9672     1.7677    26.4480    23.7810  0.000e+00
      32502     72.000     8.4228     8.4263    1.80618    1.80680          1     1.6621     1.6110      17.22      0.470     0.3382     0.2064  1.000e-12  0.2495000    16.0834    16.0878     0.0045     0.0035    12.4139    12.4170     71.336     72.772    1461.97    1461.99     1.9334     1.8251    26.1570    24.6950  0.000e+00
      32530     72.500     8.4451     8.4448    1.81162    1.81175          1     1.5987     1.5442      16.74      0.428     0.3454     0.2065  1.000e-12  0.2483000    16.1259    16.1273     0.0014    -0.0004    12.4446    12.4458     71.831     73.275    1462.12    1462.12     1.9328     1.8975    26.1700    25.6920  0.000e+00
      32554     73.000     8.4489     8.4496    1.81366    1.81386          1     1.5671     1.5094      16.25      0.466     0.3503     0.2071  1.000e-12  0.2479000    16.1438    16.1454     0.0016     0.0007    12.4582    12.4594     72.327     73.778    1462.16    1462.17     1.9303     1.9351    26.1420    26.2070  0.000e+00
