ctdpy/tests/test_data/exprapp_april_2020/SBE09_1387_20200416_0314_77_10_0347.cnv
* Sea-Bird SBE 9 Data File:
* FileName = L:\2020\sv20d0347.hex
* Software Version Seasave V 7.26.7.121
* Temperature SN = 6378
* Conductivity SN = 4824
* Number of Bytes Per Scan = 41
* Number of Voltage Words = 4
* Number of Scans Averaged by the Deck Unit = 1
* NMEA Latitude = 55 00.95 N
* NMEA Longitude = 013 18.07 E
* NMEA UTC (Time) = Apr 16 2020  03:14:37
* NMEA baud rate = 4800
** Station:  BY1
** Operator:  JKro
** Ship: SVEA
** Average sound velocity: 1443.71 m/s
** True-depth calculation Thu, 16 Apr 2020 04:02:25 +0000
** CTD Python Module SMHI /ver 3-12/ feb 2012 
** LIMS Job: 20207710-0347
** Cruise: SMHI-07-2020
** Latitude [GG MM.mm N] :
** Longitude [GGG MM.mm E]:
# nquan = 30
# nvalues = 76                          
# units = specified
# name 0 = scan: Scan Count
# name 1 = prDM: Pressure, Digiquartz [db]
# name 2 = t090C: Temperature [ITS-90, deg C]
# name 3 = t190C: Temperature, 2 [ITS-90, deg C]
# name 4 = c0S/m: Conductivity [S/m]
# name 5 = c1S/m: Conductivity, 2 [S/m]
# name 6 = pumps: Pump Status
# name 7 = sbeox0V: Oxygen raw, SBE 43 [V]
# name 8 = sbeox1V: Oxygen raw, SBE 43, 2 [V]
# name 9 = altM: Altimeter [m]
# name 10 = dz/dtM: Descent Rate [m/s]
# name 11 = flECO-AFL: Chl-a Fluorescence, WET Labs ECO-AFL/FL [mg/m^3]
# name 12 = flECO-AFL1: Phycocyanin Fluorescence, WET Labs ECO-AFL/FL, 2 [mg/m^3]
# name 13 = par: PAR/Irradiance, Biospherical/Lico [µE/(cm^2*s)]
# name 14 = turbWETntu0: Turbidity, WET Labs ECO [NTU]
# name 15 = sal00: Salinity, Practical [PSU]
# name 16 = sal11: Salinity, Practical, 2 [PSU]
# name 17 = secS-priS: Salinity, Practical, Difference, 2 - 1 [PSU]
# name 18 = T2-T190C: Temperature Difference, 2 - 1 [ITS-90, deg C]
# name 19 = sigma-t00: Density [sigma-t, kg/m^3 ]
# name 20 = sigma-t11: Density, 2 [sigma-t, kg/m^3 ]
# name 21 = depSM: Depth [salt water, m], lat = 55.0158
# name 22 = depFM: Depth [true depth, m], lat = 55.0158
# name 23 = svCM: Sound Velocity [Chen-Millero, m/s]
# name 24 = svCM1: Sound Velocity, 2 [Chen-Millero, m/s]
# name 25 = sbeox0ML/L: Oxygen, SBE 43 [ml/l], WS = 2
# name 26 = sbeox1ML/L: Oxygen, SBE 43, 2 [ml/l], WS = 2
# name 27 = sbeox0PS: Oxygen, SBE 43 [% saturation], WS = 2
# name 28 = sbeox1PS: Oxygen, SBE 43, 2 [% saturation], WS = 2
# name 29 = flag: flag
# span 0 =      33059,      36117       
# span 1 =      3.000,     40.500       
# span 2 =     5.6088,     6.5134       
# span 3 =     5.6087,     6.5128       
# span 4 =   0.952797,   1.622426       
# span 5 =   0.952874,   1.632125       
# span 6 =          1,          1       
# span 7 =     3.0418,     3.6700       
# span 8 =     2.8570,     3.4280       
# span 9 =       3.29,      41.06       
# span 10 =     -0.212,      0.700      
# span 11 =     0.4369,     1.5216      
# span 12 =     0.1799,     0.4675      
# span 13 = -1.235e-06, 4.2349e-01      
# span 14 =     0.1630,     0.3924      
# span 15 =     8.5184,    15.4205      
# span 16 =     8.5191,    15.5206      
# span 17 =    -0.2978,     0.1001      
# span 18 =    -0.0125,     0.0732      
# span 19 =     6.6564,    12.1308      
# span 20 =     6.6570,    12.2096      
# span 21 =      2.973,     40.131      
# span 22 =      3.035,     40.959      
# span 23 =    1440.89,    1450.19      
# span 24 =    1440.90,    1450.31      
# span 25 =     5.9945,     7.9078      
# span 26 =     6.0698,     8.0587      
# span 27 =     75.946,     97.210      
# span 28 =     76.951,     99.087      
# span 29 = 0.0000e+00, 0.0000e+00      
# interval = decibars: 0.5              
# start_time = Apr 16 2020 03:14:38 [NMEA time, first data scan]
# bad_flag = -9.990e-29
*END*
[from data line 49]
      34554     27.500     6.2404     6.2410    0.96243    0.96244          1     3.6146     3.3791      16.38      0.563     1.1187     0.3893  1.000e-12  0.2299000     8.6699     8.6698    -0.0001     0.0006     6.7910     6.7909     27.250     27.824    1443.10    1443.10     7.7641     7.9102    94.9580    96.7450  0.000e+00
      34585     28.000     6.2540     6.2532    0.96280    0.96275          1     3.5973     3.3685      15.76      0.444     1.1091     0.4184  1.000e-12  0.2147000     8.6699     8.6697    -0.0002    -0.0008     6.7901     6.7900     27.746     28.330    1443.17    1443.16     7.6836     7.8484    94.0040    96.0180  0.000e+00
      34620     28.500     6.2667     6.2622    0.96462    0.96465          1     3.5734     3.3521      15.25      0.313     1.1139     0.4026  1.000e-12  0.2096000     8.6843     8.6857     0.0014    -0.0045     6.8007     6.8021     28.241     28.836    1443.25    1443.23     7.6247     7.7733    93.3210    95.1300  0.000e+00
      34641     29.000     6.0544     6.0606    0.96771    0.96767          1     3.5649     3.3417      14.88      0.435     1.0349     0.3470  1.000e-12  0.2093000     8.7688     8.7668    -0.0020     0.0062     6.8800     6.8780     28.737     29.342    1442.46    1442.48     7.6489     7.7612    93.1790    94.5610  0.000e+00
      34658     29.500     5.9637     5.9636    0.96809    0.96804          1     3.5540     3.3310      14.20      0.599     0.9426     0.3307  1.000e-12  0.2053000     8.7960     8.7955    -0.0005    -0.0000     6.9066     6.9062     29.232     29.848    1442.11    1442.11     7.6183     7.7427    92.6140    94.1250  0.000e+00
      34675     30.000     5.8655     5.8560    0.97067    0.97098          1     3.5428     3.3213      13.81      0.700     0.8345     0.3415  1.000e-12  0.2028000     8.8468     8.8523     0.0054    -0.0095     6.9522     6.9571     29.727     30.353    1441.76    1441.73     7.6101     7.7464    92.3190    93.9540  0.000e+00
      34704     30.500     5.8134     5.8606    0.97153    0.97064          1     3.5267     3.3076      13.21      0.537     0.6821     0.2768  1.000e-12  0.1868000     8.8689     8.8478    -0.0211     0.0473     6.9725     6.9533     30.223     30.859    1441.58    1441.75     7.5930     7.7293    92.0060    93.7540  0.000e+00
      34744     31.000     5.7198     5.7930    0.97324    0.97208          1     3.5094     3.2898      12.58      0.244     0.6174     0.2362  1.000e-12  0.1635000     8.9103     8.8796    -0.0307     0.0732     7.0103     6.9821     30.718     31.365    1441.23    1441.51     7.5547     7.6535    91.3540    92.6980  0.000e+00
      34765     31.500     5.6349     5.6388    0.97526    0.97531          1     3.4924     3.2739      12.22      0.408     0.5798     0.2388  1.000e-12  0.1720000     8.9526     8.9521    -0.0005     0.0039     7.0483     7.0477     31.214     31.871    1440.93    1440.95     7.4695     7.5799    90.1580    91.4980  0.000e+00
      34782     32.000     5.6088     5.6087    0.97981    0.98032          1     3.4755     3.2598      11.81      0.590     0.5572     0.2372  1.000e-12  0.1662000     9.0046     9.0096     0.0050    -0.0001     7.0907     7.0946     31.709     32.376    1440.89    1440.90     7.4382     7.5546    89.7510    91.1580  0.000e+00
      34800     32.500     5.6466     5.6469    0.99174    0.99233          1     3.4630     3.2480      11.29      0.686     0.5490     0.2371  1.000e-12  0.1630000     9.1123     9.1182     0.0059     0.0003     7.1737     7.1783     32.204     32.882    1441.20    1441.21     7.3993     7.5025    89.4300    90.6820  0.000e+00
      34828     33.000     5.7092     5.7156    1.00536    1.00153          1     3.4344     3.2209      10.65      0.534     0.5906     0.2539  1.000e-12  0.1845000     9.2301     9.1905    -0.0396     0.0065     7.2632     7.2316     32.700     33.387    1441.62    1441.60     7.2396     7.3161    87.7060    88.6230  0.000e+00
      34870     33.500     5.7497     5.7516    1.02688    1.02922          1     3.3778     3.1701       9.98      0.260     0.6005     0.2680  1.000e-12  0.2131000     9.4319     9.4545     0.0226     0.0019     7.4201     7.4378     33.195     33.893    1442.06    1442.10     7.0618     7.1395    85.7530    86.7140  0.000e+00
      34897     34.000     5.7899     5.7902    1.05442    1.05454          1     3.3510     3.1457       9.59      0.375     0.5883     0.2298  1.000e-12  0.2431000     9.6934     9.6945     0.0011     0.0004     7.6240     7.6248     33.691     34.399    1442.57    1442.57     7.0672     7.1737    86.0530    87.3520  0.000e+00
      34921     34.500     5.8012     5.8007    1.06042    1.06037          1     3.3439     3.1352       9.09      0.497     0.6017     0.2427  1.000e-12  0.2784000     9.7495     9.7492    -0.0004    -0.0005     7.6676     7.6673     34.186     34.904    1442.70    1442.70     7.0835     7.1789    86.3080    87.4700  0.000e+00
      34959     35.000     5.7887     5.7967    1.05239    1.05473          1     3.3266     3.1159       8.21      0.348     0.5924     0.2790  1.000e-12  0.3061000     9.6734     9.6943     0.0209     0.0080     7.6083     7.6243     34.681     35.409    1442.56    1442.62     7.0143     7.1155    85.3960    86.6560  0.000e+00
      35002     35.500     5.8254     5.8266    1.07422    1.07613          1     3.3041     3.0960       7.92      0.247     0.5932     0.3025  1.000e-12  0.3039000     9.8792     9.8979     0.0186     0.0012     7.7684     7.7830     35.177     35.915    1442.98    1443.01     6.9548     7.0816    84.8640    86.4240  0.000e+00
      35027     36.000     5.8485     5.8481    1.08137    1.08132          1     3.2976     3.0901       7.52      0.422     0.6136     0.2769  1.000e-12  0.3361000     9.9433     9.9429    -0.0004    -0.0004     7.8176     7.8172     35.672     36.420    1443.17    1443.17     6.9557     7.0870    84.9600    86.5620  0.000e+00
      35056     36.500     5.8483     5.8454    1.08216    1.07982          1     3.2902     3.0827       6.95      0.470     0.6020     0.2846  1.000e-12  0.3538000     9.9511     9.9288    -0.0224    -0.0029     7.8237     7.8063     36.168     36.925    1443.19    1443.14     6.9074     7.0257    84.3740    85.8000  0.000e+00
      35112     37.000     5.8336     5.8288    1.09146    1.09426          1     3.2695     3.0615       6.30      0.174     0.5647     0.2776  1.000e-12  0.3148000    10.0478    10.0770     0.0292    -0.0047     7.9008     7.9241     36.663     37.431    1443.25    1443.27     6.9140     7.0506    84.4770    86.1540  0.000e+00
      35138     37.500     5.8180     5.8208    1.16719    1.17061          1     3.2723     3.0655       5.96      0.377     0.5294     0.2608  1.000e-12  0.3221000    10.8085    10.8418     0.0333     0.0028     8.5011     8.5272     37.159     37.936    1444.15    1444.21     6.8729     7.0382    84.3650    86.4190  0.000e+00
      35171     38.000     5.8487     5.8469    1.30079    1.27120          1     3.2559     3.0552       5.38      0.399     0.5037     0.2561  1.000e-12  0.2525000    12.1406    11.8429    -0.2978    -0.0018     9.5487     9.3143     37.654     38.440    1445.97    1445.59     6.6557     6.7974    82.4850    84.0740  0.000e+00
      35222     38.500     5.8504     5.8503    1.35699    1.35801          1     3.1931     3.0043       4.82      0.200     0.4556     0.2243  1.000e-12  0.2401000    12.7091    12.7197     0.0106    -0.0001     9.9964    10.0047     38.149     38.945    1446.70    1446.71     6.3890     6.4828    79.4840    80.6570  0.000e+00
      35252     39.000     5.8621     5.8613    1.47198    1.47562          1     3.1638     2.9794       4.54      0.358     0.4369     0.1799  1.000e-12  0.2405000    13.8745    13.9122     0.0377    -0.0009    10.9133    10.9430     38.645     39.449    1448.23    1448.27     6.3846     6.5163    80.0690    81.7390  0.000e+00
      35288     39.500     5.8537     5.8539    1.55461    1.55489          1     3.1702     2.9781       3.97      0.356     0.4425     0.2088  1.000e-12  0.2674000    14.7249    14.7277     0.0028     0.0002    11.5835    11.5857     39.140     39.952    1449.27    1449.27     6.5228     6.6618    82.2480    84.0030  0.000e+00
      35355     40.000     5.8376     5.8392    1.58136    1.58251          1     3.1509     2.9628       3.29      0.192     0.4474     0.2422  1.000e-12  0.2785000    15.0070    15.0181     0.0111     0.0016    11.8068    11.8155     39.636     40.456    1449.56    1449.58     6.2303     6.2773    78.6730    79.2740  0.000e+00
      36117     40.500     5.8601     5.8601    1.62243    1.63213          1     3.0418     2.8570      30.64      0.030     0.4454     0.2302  1.000e-12  0.3924000    15.4205    15.5206     0.1001    -0.0000    12.1308    12.2096     40.131     40.959    1450.19    1450.31     5.9945     6.0698    75.9460    76.9510  0.000e+00
