ctdpy/tests/test_data/exprapp_april_2020/SBE09_1387_20200416_1604_77_10_0350.cnv
* Sea-Bird SBE 9 Data File:
* FileName = L:\2020\sv20d0350.hex
* Software Version Seasave V 7.26.7.121
* Temperature SN = 6378
* Conductivity SN = 4824
* Number of Bytes Per Scan = 41
* Number of Voltage Words = 4
* Number of Scans Averaged by the Deck Unit = 1
* NMEA Latitude = 55 22.98 N
* NMEA Longitude = 015 20.04 E
* NMEA UTC (Time) = Apr 16 2020  16:04:40
* NMEA baud rate = 4800
** Station:  BY4
** Operator:  JKro
** Ship: SVEA
** Average sound velocity: 1448.66 m/s
** True-depth calculation Thu, 16 Apr 2020 17:01:23 +0000
** CTD Python Module SMHI /ver 3-12/ feb 2012 
** LIMS Job: 20207710-0350
** Cruise: SMHI-07-2020
** Latitude [GG MM.mm N] :
** Longitude [GGG MM.mm E]:
# nquan = 30
# nvalues = 176                         
# units = specified
# name 0 = scan: Scan Count
# name 1 = prDM: Pressure, Digiquartz [db]
# name 2 = t090C: Temperature [ITS-90, deg C]
# name 3 = t190C: Temperature, 2 [ITS-90, deg C]
# name 4 = c0S/m: Conductivity [S/m]
# name 5 = c1S/m: Conductivity, 2 [S/m]
# name 6 = pumps: Pump Status
# name 7 = sbeox0V: Oxygen raw, SBE 43 [V]
# name 8 = sbeox1V: Oxygen raw, SBE 43, 2 [V]
# name 9 = altM: Altimeter [m]
# name 10 = dz/dtM: Descent Rate [m/s]
# name 11 = flECO-AFL: Chl-a Fluorescence, WET Labs ECO-AFL/FL [mg/m^3]
# name 12 = flECO-AFL1: Phycocyanin Fluorescence, WET Labs ECO-AFL/FL, 2 [mg/m^3]
# name 13 = par: PAR/Irradiance, Biospherical/Lico [µE/(cm^2*s)]
# name 14 = turbWETntu0: Turbidity, WET Labs ECO [NTU]
# name 15 = sal00: Salinity, Practical [PSU]
# name 16 = sal11: Salinity, Practical, 2 [PSU]
# name 17 = secS-priS: Salinity, Practical, Difference, 2 - 1 [PSU]
# name 18 = T2-T190C: Temperature Difference, 2 - 1 [ITS-90, deg C]
# name 19 = sigma-t00: Density [sigma-t, kg/m^3 ]
# name 20 = sigma-t11: Density, 2 [sigma-t, kg/m^3 ]
# name 21 = depSM: Depth [salt water, m], lat = 55.383
# name 22 = depFM: Depth [true depth, m], lat = 55.383
# name 23 = svCM: Sound Velocity [Chen-Millero, m/s]
# name 24 = svCM1: Sound Velocity, 2 [Chen-Millero, m/s]
# name 25 = sbeox0ML/L: Oxygen, SBE 43 [ml/l], WS = 2
# name 26 = sbeox1ML/L: Oxygen, SBE 43, 2 [ml/l], WS = 2
# name 27 = sbeox0PS: Oxygen, SBE 43 [% saturation], WS = 2
# name 28 = sbeox1PS: Oxygen, SBE 43, 2 [% saturation], WS = 2
# name 29 = flag: flag
# span 0 =      28826,      34622       
# span 1 =      1.000,     88.500       
# span 2 =     5.6914,     8.4800       
# span 3 =     5.6913,     8.4801       
# span 4 =   0.896744,   1.867920       
# span 5 =   0.896839,   1.868050       
# span 6 =          1,          1       
# span 7 =     1.2244,     3.7952       
# span 8 =     1.1777,     3.5416       
# span 9 =      -2.32,      97.78       
# span 10 =     -0.114,      0.541      
# span 11 =     0.3086,     1.7515      
# span 12 =     0.1488,     0.5291      
# span 13 = -2.775e-06, 8.7382e+01      
# span 14 =     0.1586,     0.6475      
# span 15 =     8.0449,    16.7227      
# span 16 =     8.0456,    16.7241      
# span 17 =    -0.0128,     0.1372      
# span 18 =    -0.0419,     0.0459      
# span 19 =     6.2970,    12.9231      
# span 20 =     6.2974,    12.9243      
# span 21 =      0.991,     87.681      
# span 22 =      1.012,     89.367      
# span 23 =    1440.83,    1462.65      
# span 24 =    1440.83,    1462.65      
# span 25 =     1.2131,     8.3157      
# span 26 =     1.2587,     8.4705      
# span 27 =     16.444,    101.362      
# span 28 =     17.062,    103.244      
# span 29 = 0.0000e+00, 0.0000e+00      
# interval = decibars: 0.5              
# start_time = Apr 16 2020 16:04:41 [NMEA time, first data scan]
# bad_flag = -9.990e-29
*END*
[from data line 49]
      30190     25.500     6.1178     6.1191    0.89703    0.89711          1     3.7208     3.4757      95.94      0.472     1.2303     0.3977  4.288e-01  0.2383000     8.0665     8.0670     0.0005     0.0013     6.3229     6.3232     25.268     25.810    1441.79    1441.79     8.1674     8.3175    99.1900   101.0170  0.000e+00
      30216     26.000     6.1177     6.1175    0.89703    0.89709          1     3.7205     3.4746      95.73      0.465     1.2601     0.3547  3.977e-01  0.2444000     8.0665     8.0672     0.0006    -0.0001     6.3229     6.3235     25.763     26.316    1441.80    1441.80     8.1663     8.3134    99.1770   100.9640  0.000e+00
      30241     26.500     6.1185     6.1196    0.89706    0.89715          1     3.7199     3.4737      95.35      0.464     1.2528     0.3182  3.614e-01  0.2567000     8.0665     8.0672     0.0006     0.0011     6.3229     6.3233     26.259     26.822    1441.81    1441.81     8.1638     8.3151    99.1480   100.9890  0.000e+00
      30266     27.000     6.1176     6.1183    0.89705    0.89713          1     3.7193     3.4734      94.96      0.477     1.2144     0.3660  3.224e-01  0.2497000     8.0666     8.0672     0.0006     0.0007     6.3230     6.3234     26.754     27.328    1441.81    1441.81     8.1625     8.3230    99.1300   101.0820  0.000e+00
      30290     27.500     6.1124     6.1130    0.89695    0.89703          1     3.7184     3.4736      52.64      0.493     1.1911     0.3636  2.860e-01  0.2455000     8.0668     8.0674     0.0006     0.0006     6.3235     6.3239     27.249     27.834    1441.80    1441.80     8.1592     8.3198    99.0780   101.0300  0.000e+00
      30315     28.000     6.1120     6.1119    0.89696    0.89703          1     3.7174     3.4733      53.43      0.490     1.2017     0.3304  2.569e-01  0.2491000     8.0669     8.0676     0.0007    -0.0002     6.3236     6.3242     27.745     28.340    1441.80    1441.80     8.1605     8.3218    99.0920   101.0520  0.000e+00
      30343     28.500     6.1123     6.1119    0.89698    0.89704          1     3.7171     3.4729      61.74      0.448     1.1801     0.3236  2.273e-01  0.2194000     8.0670     8.0676     0.0006    -0.0004     6.3236     6.3241     28.240     28.846    1441.81    1441.81     8.1627     8.3147    99.1200   100.9660  0.000e+00
      30371     29.000     6.1114     6.1112    0.89698    0.89704          1     3.7170     3.4718      61.56      0.417     1.1645     0.3525  2.029e-01  0.2383000     8.0671     8.0677     0.0007    -0.0002     6.3237     6.3243     28.736     29.352    1441.82    1441.82     8.1631     8.3121    99.1240   100.9330  0.000e+00
      30396     29.500     6.1095     6.1094    0.89696    0.89702          1     3.7169     3.4714      61.20      0.459     1.1600     0.3410  1.833e-01  0.2383000     8.0673     8.0680     0.0006    -0.0001     6.3240     6.3245     29.231     29.858    1441.82    1441.82     8.1615     8.3181    99.1000   101.0010  0.000e+00
      30418     30.000     6.1086     6.1079    0.89695    0.89702          1     3.7160     3.4713      66.42      0.514     1.1411     0.3459  1.709e-01  0.2385000     8.0674     8.0682     0.0008    -0.0006     6.3242     6.3248     29.726     30.364    1441.82    1441.82     8.1585     8.3199    99.0610   101.0190  0.000e+00
      30443     30.500     6.1072     6.1069    0.89696    0.89702          1     3.7159     3.4714      73.47      0.517     1.1404     0.3564  1.477e-01  0.2416000     8.0678     8.0684     0.0006    -0.0004     6.3245     6.3250     30.222     30.871    1441.82    1441.82     8.1621     8.3213    99.1010   101.0340  0.000e+00
      30470     31.000     6.1063     6.1066    0.89695    0.89702          1     3.7153     3.4714      59.12      0.462     1.1350     0.3325  1.249e-01  0.2233000     8.0678     8.0684     0.0006     0.0003     6.3246     6.3250     30.717     31.377    1441.83    1441.83     8.1585     8.3209    99.0550   101.0280  0.000e+00
      30497     31.500     6.1032     6.1029    0.89690    0.89696          1     3.7144     3.4709      58.82      0.435     1.1048     0.3450  1.099e-01  0.2368000     8.0679     8.0686     0.0007    -0.0003     6.3249     6.3254     31.213     31.883    1441.82    1441.82     8.1551     8.3103    99.0070   100.8900  0.000e+00
      30524     32.000     6.1021     6.1020    0.89689    0.89696          1     3.7132     3.4693      58.25      0.446     1.0927     0.3697  9.993e-02  0.2443000     8.0681     8.0687     0.0006    -0.0001     6.3251     6.3256     31.708     32.389    1441.83    1441.83     8.1535     8.3068    98.9840   100.8460  0.000e+00
      30549     32.500     6.1008     6.0998    0.89689    0.89694          1     3.7125     3.4687      65.90      0.460     1.0922     0.3411  8.354e-02  0.2399000     8.0683     8.0690     0.0007    -0.0010     6.3253     6.3259     32.203     32.895    1441.83    1441.83     8.1535     8.3111    98.9810   100.8930  0.000e+00
      30573     33.000     6.0994     6.0988    0.89690    0.89695          1     3.7121     3.4682      96.10      0.491     1.0590     0.3100  6.466e-02  0.2330000     8.0687     8.0693     0.0006    -0.0006     6.3257     6.3262     32.699     33.401    1441.83    1441.83     8.1561     8.3120    99.0100   100.9010  0.000e+00
      30596     33.500     6.0965     6.0969    0.89688    0.89694          1     3.7120     3.4677      57.33      0.518     1.0583     0.3133  5.308e-02  0.2359000     8.0690     8.0695     0.0005     0.0004     6.3261     6.3265     33.194     33.907    1441.83    1441.83     8.1571     8.3123    99.0150   100.9000  0.000e+00
      30621     34.000     6.0952     6.0949    0.89689    0.89696          1     3.7118     3.4677      78.52      0.496     1.0356     0.3242  4.706e-02  0.2379000     8.0694     8.0702     0.0007    -0.0003     6.3265     6.3271     33.690     34.413    1441.83    1441.83     8.1569     8.3169    99.0100   100.9520  0.000e+00
      30647     34.500     6.0950     6.0950    0.89695    0.89702          1     3.7114     3.4679      90.36      0.466     1.0232     0.3325  3.492e-02  0.2285000     8.0700     8.0707     0.0007    -0.0000     6.3270     6.3275     34.185     34.919    1441.84    1441.84     8.1533     8.3181    98.9650   100.9660  0.000e+00
      30671     35.000     6.0975     6.0971    0.89704    0.89709          1     3.7105     3.4677      55.37      0.481     1.0179     0.3691  2.041e-02  0.2306000     8.0702     8.0708     0.0006    -0.0004     6.3270     6.3275     34.680     35.425    1441.86    1441.86     8.1517     8.3156    98.9520   100.9420  0.000e+00
      30696     35.500     6.0974     6.0971    0.89705    0.89711          1     3.7101     3.4677      75.91      0.492     0.9936     0.3385  1.148e-02  0.2282000     8.0703     8.0709     0.0006    -0.0004     6.3270     6.3276     35.176     35.931    1441.86    1441.86     8.1527     8.3139    98.9640   100.9210  0.000e+00
      30721     36.000     6.0979     6.0978    0.89707    0.89714          1     3.7098     3.4671      54.79      0.478     0.9920     0.2983  4.380e-03  0.2369000     8.0703     8.0710     0.0007    -0.0001     6.3270     6.3276     35.671     36.437    1441.87    1441.87     8.1536     8.3120    98.9760   100.9000  0.000e+00
      30747     36.500     6.1007     6.1022    0.89717    0.89730          1     3.7097     3.4666      75.89      0.469     0.9987     0.3174  3.073e-04  0.2372000     8.0705     8.0714     0.0009     0.0015     6.3270     6.3277     36.167     36.943    1441.89    1441.90     8.1519     8.3037    98.9630   100.8100  0.000e+00
      30772     37.000     6.1054     6.1051    0.89737    0.89746          1     3.7092     3.4653      52.92      0.475     0.9925     0.3449 -2.775e-06  0.2319000     8.0712     8.0721     0.0009    -0.0002     6.3273     6.3281     36.662     37.449    1441.92    1441.92     8.1481     8.3032    98.9290   100.8110  0.000e+00
      30796     37.500     6.1056     6.1054    0.89753    0.89760          1     3.7084     3.4651      57.10      0.489     0.9531     0.3591  9.959e-13  0.2374000     8.0726     8.0733     0.0007    -0.0002     6.3284     6.3290     37.157     37.955    1441.93    1441.93     8.1465     8.3035    98.9100   100.8170  0.000e+00
      30821     38.000     6.1071     6.1067    0.89773    0.89779          1     3.7079     3.4641      96.67      0.492     0.9433     0.3212  1.000e-12  0.2216000     8.0741     8.0749     0.0008    -0.0004     6.3295     6.3302     37.653     38.462    1441.95    1441.95     8.1472     8.3008    98.9240   100.7890  0.000e+00
      30845     38.500     6.1056     6.1057    0.89784    0.89798          1     3.7077     3.4636      53.07      0.486     0.9260     0.3247  1.000e-12  0.2107000     8.0756     8.0768     0.0013     0.0001     6.3307     6.3318     38.148     38.968    1441.96    1441.96     8.1447     8.2967    98.8910   100.7380  0.000e+00
      30871     39.000     6.1081     6.1078    0.89820    0.89827          1     3.7064     3.4626      51.19      0.475     0.9214     0.2803  1.000e-12  0.2162000     8.0784     8.0791     0.0008    -0.0003     6.3328     6.3334     38.644     39.474    1441.98    1441.98     8.1370     8.2949    98.8060   100.7230  0.000e+00
      30896     39.500     6.1084     6.1082    0.89824    0.89833          1     3.7050     3.4618      50.66      0.472     0.9132     0.2781  1.000e-12  0.2340000     8.0786     8.0796     0.0009    -0.0002     6.3330     6.3338     39.139     39.980    1441.99    1441.99     8.1310     8.2935    98.7340   100.7080  0.000e+00
      30919     40.000     6.1097     6.1094    0.89843    0.89848          1     3.7028     3.4611      49.66      0.498     0.9155     0.3052  1.000e-12  0.2288000     8.0800     8.0807     0.0006    -0.0003     6.3340     6.3346     39.634     40.486    1442.00    1442.00     8.1246     8.2881    98.6590   100.6450  0.000e+00
      30943     40.500     6.1102     6.1097    0.89856    0.89858          1     3.7012     3.4597      43.79      0.515     0.9117     0.3083  1.000e-12  0.2114000     8.0811     8.0814     0.0003    -0.0005     6.3348     6.3352     40.130     40.992    1442.01    1442.01     8.1225     8.2794    98.6370   100.5400  0.000e+00
      30969     41.000     6.1099     6.1096    0.89870    0.89877          1     3.6995     3.4578      48.88      0.486     0.8933     0.2929  1.000e-12  0.2261000     8.0825     8.0832     0.0007    -0.0003     6.3360     6.3366     40.625     41.498    1442.02    1442.02     8.1115     8.2632    98.5030   100.3450  0.000e+00
      30996     41.500     6.1081     6.1077    0.89903    0.89911          1     3.6948     3.4540      49.99      0.448     0.8689     0.3090  1.000e-12  0.2310000     8.0861     8.0869     0.0009    -0.0004     6.3389     6.3396     41.120     42.004    1442.03    1442.03     8.0826     8.2417    98.1490   100.0820  0.000e+00
      31021     42.000     6.1038     6.1027    0.89951    0.89965          1     3.6879     3.4497      97.53      0.457     0.8410     0.3232  1.000e-12  0.2163000     8.0916     8.0933     0.0017    -0.0011     6.3435     6.3449     41.616     42.510    1442.02    1442.02     8.0493     8.2094    97.7390    99.6810  0.000e+00
      31044     42.500     6.0947     6.0942    0.89987    0.89994          1     3.6789     3.4427      52.00      0.494     0.8212     0.3181  1.000e-12  0.2095000     8.0972     8.0980     0.0008    -0.0005     6.3484     6.3491     42.111     43.016    1442.00    1442.00     8.0134     8.1623    97.2840    99.0920  0.000e+00
      31067     43.000     6.0796     6.0755    0.90024    0.90038          1     3.6686     3.4342      47.27      0.528     0.8071     0.3147  1.000e-12  0.2028000     8.1044     8.1067     0.0023    -0.0040     6.3549     6.3570     42.607     43.522    1441.95    1441.94     7.9728     8.1171    96.7590    98.5030  0.000e+00
      31090     43.500     6.0397     6.0359    0.90106    0.90117          1     3.6544     3.4224      71.96      0.532     0.7748     0.3167  1.000e-12  0.2040000     8.1218     8.1238     0.0020    -0.0038     6.3709     6.3727     43.102     44.028    1441.81    1441.80     7.9164     8.0572    95.9910    97.6900  0.000e+00
      31117     44.000     6.0046     5.9984    0.90168    0.90183          1     3.6315     3.4041      46.20      0.469     0.6905     0.3084  1.000e-12  0.1933000     8.1361     8.1391     0.0030    -0.0062     6.3842     6.3869     43.597     44.534    1441.69    1441.66     7.8182     7.9514    94.7270    96.3280  0.000e+00
      31146     44.500     5.9387     5.9355    0.90274    0.90287          1     3.5973     3.3755      45.55      0.416     0.6437     0.2775  1.000e-12  0.1942000     8.1622     8.1642     0.0021    -0.0032     6.4084     6.4102     44.093     45.040    1441.44    1441.43     7.6534     7.7399    92.5940    93.6340  0.000e+00
      31170     45.000     5.8815     5.8791    0.90414    0.90439          1     3.5537     3.3369      45.13      0.461     0.5985     0.2569  1.000e-12  0.1789000     8.1897     8.1927     0.0030    -0.0025     6.4332     6.4357     44.588     45.546    1441.24    1441.24     7.4946     7.5441    90.5600    91.1540  0.000e+00
      31192     45.500     5.8003     5.7974    0.91085    0.91197          1     3.5117     3.2983      44.51      0.520     0.5572     0.2671  1.000e-12  0.1855000     8.2748     8.2865     0.0117    -0.0029     6.5048     6.5141     45.083     46.052    1441.01    1441.01     7.4117     7.4606    89.4270    90.0180  0.000e+00
      31217     46.000     5.7771     5.7748    0.92034    0.92111          1     3.4721     3.2614      44.09      0.512     0.5289     0.2240  1.000e-12  0.2083000     8.3733     8.3815     0.0081    -0.0022     6.5837     6.5902     45.579     46.558    1441.04    1441.04     7.3460     7.4102    88.6410    89.4160  0.000e+00
      31244     46.500     5.7531     5.7511    0.92382    0.92407          1     3.4374     3.2281      30.21      0.452     0.5002     0.2833  1.000e-12  0.1792000     8.4133     8.4163     0.0030    -0.0020     6.6165     6.6190     46.074     47.064    1441.00    1440.99     7.3106     7.3936    88.1840    89.1830  0.000e+00
      31269     47.000     5.7341     5.7337    0.92603    0.92620          1     3.4146     3.2058      42.69      0.457     0.4863     0.2400  1.000e-12  0.1653000     8.4397     8.4415     0.0018    -0.0004     6.6383     6.6398     46.569     47.570    1440.95    1440.96     7.3003     7.4045    88.0330    89.2900  0.000e+00
      31293     47.500     5.7235     5.7228    0.92680    0.92690          1     3.4001     3.1906      42.40      0.499     0.4813     0.2408  1.000e-12  0.1671000     8.4498     8.4510     0.0012    -0.0007     6.6469     6.6479     47.065     48.076    1440.93    1440.93     7.2941     7.4052    87.9410    89.2800  0.000e+00
      31316     48.000     5.6914     5.6913    0.92797    0.92821          1     3.3898     3.1791      41.90      0.518     0.4766     0.2241  1.000e-12  0.1670000     8.4694     8.4717     0.0024    -0.0001     6.6640     6.6659     47.560     48.582    1440.83    1440.83     7.2985     7.4223    87.9350    89.4290  0.000e+00
      31340     48.500     5.7165     5.7234    0.93044    0.93099          1     3.3814     3.1702      41.31      0.500     0.4532     0.2321  1.000e-12  0.1586000     8.4872     8.4909     0.0037     0.0069     6.6767     6.6793     48.056     49.088    1440.97    1441.00     7.2536     7.3814    87.4590    89.0180  0.000e+00
