ctdpy/tests/test_data/exprapp_april_2020/SBE09_1387_20200417_0438_77_10_0352.cnv
* Sea-Bird SBE 9 Data File:
* FileName = L:\2020\sv20d0352.hex
* Software Version Seasave V 7.26.7.121
* Temperature SN = 6378
* Conductivity SN = 4824
* Number of Bytes Per Scan = 41
* Number of Voltage Words = 4
* Number of Scans Averaged by the Deck Unit = 1
* NMEA Latitude = 55 33.32 N
* NMEA Longitude = 018 24.01 E
* NMEA UTC (Time) = Apr 17 2020  04:38:12
* NMEA baud rate = 4800
** Station:  BCSIII-10
** Operator:  SSip
** Ship: SVEA
** Average sound velocity: 1439.83 m/s
** True-depth calculation Fri, 17 Apr 2020 06:51:57 +0000
** CTD Python Module SMHI /ver 3-12/ feb 2012 
** LIMS Job: 20207710-0352
** Cruise: SMHI-07-2020
** Latitude [GG MM.mm N] :
** Longitude [GGG MM.mm E]:
# nquan = 30
# nvalues = 170                         
# units = specified
# name 0 = scan: Scan Count
# name 1 = prDM: Pressure, Digiquartz [db]
# name 2 = t090C: Temperature [ITS-90, deg C]
# name 3 = t190C: Temperature, 2 [ITS-90, deg C]
# name 4 = c0S/m: Conductivity [S/m]
# name 5 = c1S/m: Conductivity, 2 [S/m]
# name 6 = pumps: Pump Status
# name 7 = sbeox0V: Oxygen raw, SBE 43 [V]
# name 8 = sbeox1V: Oxygen raw, SBE 43, 2 [V]
# name 9 = altM: Altimeter [m]
# name 10 = dz/dtM: Descent Rate [m/s]
# name 11 = flECO-AFL: Chl-a Fluorescence, WET Labs ECO-AFL/FL [mg/m^3]
# name 12 = flECO-AFL1: Phycocyanin Fluorescence, WET Labs ECO-AFL/FL, 2 [mg/m^3]
# name 13 = par: PAR/Irradiance, Biospherical/Lico [µE/(cm^2*s)]
# name 14 = turbWETntu0: Turbidity, WET Labs ECO [NTU]
# name 15 = sal00: Salinity, Practical [PSU]
# name 16 = sal11: Salinity, Practical, 2 [PSU]
# name 17 = secS-priS: Salinity, Practical, Difference, 2 - 1 [PSU]
# name 18 = T2-T190C: Temperature Difference, 2 - 1 [ITS-90, deg C]
# name 19 = sigma-t00: Density [sigma-t, kg/m^3 ]
# name 20 = sigma-t11: Density, 2 [sigma-t, kg/m^3 ]
# name 21 = depSM: Depth [salt water, m], lat = 55.5553
# name 22 = depFM: Depth [true depth, m], lat = 55.5553
# name 23 = svCM: Sound Velocity [Chen-Millero, m/s]
# name 24 = svCM1: Sound Velocity, 2 [Chen-Millero, m/s]
# name 25 = sbeox0ML/L: Oxygen, SBE 43 [ml/l], WS = 2
# name 26 = sbeox1ML/L: Oxygen, SBE 43, 2 [ml/l], WS = 2
# name 27 = sbeox0PS: Oxygen, SBE 43 [% saturation], WS = 2
# name 28 = sbeox1PS: Oxygen, SBE 43, 2 [% saturation], WS = 2
# name 29 = flag: flag
# span 0 =      65487,      70194       
# span 1 =      1.500,     86.000       
# span 2 =     5.0752,     7.1631       
# span 3 =     5.0752,     7.1570       
# span 4 =   0.831788,   1.325251       
# span 5 =   0.831845,   1.322975       
# span 6 =          1,          1       
# span 7 =     0.7688,     3.6939       
# span 8 =     0.7596,     3.4494       
# span 9 =       4.53,      96.93       
# span 10 =      0.106,      0.864      
# span 11 =     0.3274,     2.1730      
# span 12 =     0.1492,     0.5756      
# span 13 = 1.0000e-12, 4.5990e+02      
# span 14 =     0.1097,     0.8090      
# span 15 =     7.6123,    11.9109      
# span 16 =     7.6130,    11.8909      
# span 17 =    -0.0201,     0.0290      
# span 18 =    -0.0099,     0.0367      
# span 19 =     6.0011,     9.2711      
# span 20 =     6.0015,     9.2559      
# span 21 =      1.486,     85.203      
# span 22 =      1.519,     87.030      
# span 23 =    1437.62,    1451.96      
# span 24 =    1437.63,    1451.90      
# span 25 =     0.1088,     8.2433      
# span 26 =    -0.0362,     8.3968      
# span 27 =      1.368,     98.180      
# span 28 =     -0.450,    100.009      
# span 29 = 0.0000e+00, 0.0000e+00      
# interval = decibars: 0.5              
# start_time = Apr 17 2020 04:38:12 [NMEA time, first data scan]
# bad_flag = -9.990e-29
*END*
[from data line 97]
      68089     50.000     5.3358     5.3351    0.83231    0.83236          1     3.6269     3.3875      71.34      0.497     0.6254     0.2650  1.000e-12  0.1583000     7.6137     7.6144     0.0007    -0.0007     6.0056     6.0061     49.541     50.623    1438.23    1438.23     8.1377     8.2825    96.6240    98.3420  0.000e+00
      68111     50.500     5.3345     5.3340    0.83230    0.83235          1     3.6271     3.3872      38.20      0.551     0.6374     0.2376  1.000e-12  0.1405000     7.6138     7.6144     0.0006    -0.0005     6.0057     6.0062     50.036     51.129    1438.23    1438.23     8.1359     8.2875    96.6000    98.3990  0.000e+00
      68133     51.000     5.3308     5.3303    0.83223    0.83228          1     3.6267     3.3872      36.73      0.552     0.5996     0.2615  1.000e-12  0.1447000     7.6139     7.6145     0.0006    -0.0005     6.0059     6.0065     50.532     51.635    1438.22    1438.22     8.1354     8.2868    96.5850    98.3820  0.000e+00
      68157     51.500     5.3276     5.3272    0.83217    0.83222          1     3.6265     3.3864      33.94      0.525     0.5803     0.2310  1.000e-12  0.1462000     7.6140     7.6146     0.0006    -0.0004     6.0062     6.0067     51.027     52.142    1438.22    1438.22     8.1330     8.2809    96.5480    98.3040  0.000e+00
      68183     52.000     5.3238     5.3235    0.83212    0.83217          1     3.6253     3.3860      34.98      0.473     0.5572     0.2568  1.000e-12  0.1361000     7.6143     7.6149     0.0006    -0.0003     6.0066     6.0071     51.522     52.648    1438.21    1438.21     8.1304     8.2856    96.5090    98.3510  0.000e+00
      68210     52.500     5.3201     5.3195    0.83209    0.83215          1     3.6244     3.3853      34.55      0.440     0.5409     0.2470  1.000e-12  0.1448000     7.6148     7.6155     0.0007    -0.0007     6.0072     6.0077     52.018     53.154    1438.20    1438.20     8.1298     8.2768    96.4940    98.2370  0.000e+00
      68235     53.000     5.3150     5.3143    0.83203    0.83209          1     3.6238     3.3839      35.12      0.472     0.5080     0.2254  1.000e-12  0.1289000     7.6153     7.6160     0.0007    -0.0007     6.0078     6.0084     52.513     53.660    1438.19    1438.19     8.1292     8.2699    96.4740    98.1430  0.000e+00
      68258     53.500     5.3105     5.3100    0.83198    0.83203          1     3.6226     3.3827      34.83      0.506     0.4830     0.1994  1.000e-12  0.1332000     7.6157     7.6163     0.0006    -0.0005     6.0083     6.0088     53.008     54.167    1438.18    1438.18     8.1221     8.2685    96.3790    98.1160  0.000e+00
      68284     54.000     5.3063     5.3055    0.83194    0.83199          1     3.6205     3.3809      34.33      0.491     0.4792     0.2155  1.000e-12  0.1335000     7.6162     7.6169     0.0006    -0.0008     6.0089     6.0095     53.504     54.673    1438.17    1438.17     8.1099     8.2562    96.2240    97.9590  0.000e+00
      68311     54.500     5.2986     5.2974    0.83188    0.83193          1     3.6160     3.3780      33.83      0.449     0.4563     0.2641  1.000e-12  0.1507000     7.6174     7.6181     0.0008    -0.0012     6.0101     6.0108     53.999     55.179    1438.15    1438.14     8.0833     8.2360    95.8910    97.7000  0.000e+00
      68336     55.000     5.2933     5.2932    0.83184    0.83190          1     3.6094     3.3737      33.40      0.453     0.4440     0.2321  1.000e-12  0.1213000     7.6181     7.6187     0.0006    -0.0001     6.0110     6.0115     54.494     55.685    1438.13    1438.13     8.0590     8.2048    95.5900    97.3200  0.000e+00
      68357     55.500     5.2793     5.2788    0.83180    0.83186          1     3.6040     3.3688      32.94      0.515     0.4545     0.2202  1.000e-12  0.1380000     7.6208     7.6216     0.0008    -0.0005     6.0137     6.0143     54.990     56.191    1438.08    1438.08     8.0500     8.1905    95.4520    97.1160  0.000e+00
      68375     56.000     5.2406     5.2361    0.83179    0.83185          1     3.5996     3.3649      32.50      0.596     0.4202     0.2835  1.000e-12  0.1322000     7.6294     7.6311     0.0017    -0.0045     6.0222     6.0238     55.485     56.698    1437.93    1437.91     8.0521     8.1999    95.3890    97.1300  0.000e+00
      68395     56.500     5.2320     5.2309    0.83180    0.83184          1     3.5959     3.3619      31.95      0.639     0.3926     0.1637  1.000e-12  0.1259000     7.6314     7.6322     0.0007    -0.0012     6.0242     6.0248     55.980     57.204    1437.90    1437.90     8.0529     8.2047    95.3790    97.1740  0.000e+00
      68428     57.000     5.2282     5.2315    0.83181    0.83187          1     3.5919     3.3585      31.28      0.443     0.3911     0.2042  1.000e-12  0.1209000     7.6324     7.6322    -0.0002     0.0033     6.0251     6.0248     56.476     57.710    1437.90    1437.91     8.0500     8.2021    95.3350    97.1450  0.000e+00
      68474     57.500     5.2246     5.2258    0.83184    0.83190          1     3.5872     3.3536      30.62      0.210     0.3967     0.1982  1.000e-12  0.1146000     7.6334     7.6337     0.0003     0.0011     6.0260     6.0263     56.971     58.216    1437.89    1437.89     8.0414     8.1846    95.2270    96.9250  0.000e+00
      68495     58.000     5.2217     5.2212    0.83184    0.83191          1     3.5856     3.3510      30.24      0.393     0.3997     0.2260  1.000e-12  0.1251000     7.6340     7.6348     0.0007    -0.0005     6.0267     6.0273     57.466     58.723    1437.89    1437.88     8.0393     8.1830    95.1950    96.8950  0.000e+00
      68509     58.500     5.2208     5.2207    0.83188    0.83192          1     3.5842     3.3500      25.26      0.588     0.4067     0.2208  1.000e-12  0.1454000     7.6345     7.6350     0.0005    -0.0002     6.0271     6.0275     57.962     59.229    1437.89    1437.89     8.0346     8.1793    95.1370    96.8510  0.000e+00
      68523     59.000     5.2180     5.2168    0.83190    0.83197          1     3.5828     3.3483      24.88      0.759     0.3932     0.2337  1.000e-12  0.1357000     7.6353     7.6362     0.0010    -0.0013     6.0278     6.0287     58.457     59.735    1437.89    1437.88     8.0334     8.1752    95.1170    96.7920  0.000e+00
      68537     59.500     5.2150     5.2139    0.83192    0.83198          1     3.5819     3.3470      27.90      0.864     0.3843     0.2287  1.000e-12  0.1281000     7.6361     7.6370     0.0008    -0.0010     6.0286     6.0293     58.952     60.241    1437.88    1437.88     8.0351     8.1767    95.1300    96.8050  0.000e+00
      68558     60.000     5.2133     5.2132    0.83195    0.83201          1     3.5808     3.3452      27.19      0.750     0.3934     0.1989  1.000e-12  0.1166000     7.6368     7.6373     0.0006    -0.0001     6.0292     6.0297     59.448     60.747    1437.88    1437.88     8.0335     8.1762    95.1070    96.7970  0.000e+00
      68615     60.500     5.2163     5.2176    0.83200    0.83204          1     3.5756     3.3408      26.15      0.177     0.3913     0.2066  1.000e-12  0.1097000     7.6365     7.6366     0.0001     0.0014     6.0288     6.0289     59.943     61.254    1437.91    1437.91     8.0101     8.1583    94.8370    96.5950  0.000e+00
      68641     61.000     5.2080     5.2097    0.83220    0.83223          1     3.5725     3.3386      25.64      0.335     0.3814     0.2382  1.000e-12  0.1124000     7.6403     7.6403    -0.0001     0.0017     6.0323     6.0321     60.438     61.760    1437.88    1437.89     8.0028     8.1556    94.7330    96.5460  0.000e+00
      68658     61.500     5.2074     5.2068    0.83230    0.83235          1     3.5703     3.3372      25.54      0.551     0.3824     0.2216  1.000e-12  0.1215000     7.6414     7.6420     0.0006    -0.0005     6.0331     6.0337     60.934     62.266    1437.89    1437.89     7.9977     8.1512    94.6730    96.4880  0.000e+00
      68674     62.000     5.2075     5.2070    0.83233    0.83238          1     3.5689     3.3360      24.45      0.701     0.3894     0.2277  1.000e-12  0.1171000     7.6416     7.6422     0.0006    -0.0005     6.0333     6.0338     61.429     62.772    1437.90    1437.90     7.9797     8.1310    94.4590    96.2490  0.000e+00
      68694     62.500     5.2075     5.2072    0.83235    0.83240          1     3.5618     3.3312      24.52      0.704     0.3888     0.2409  1.000e-12  0.1158000     7.6417     7.6423     0.0006    -0.0002     6.0334     6.0338     61.924     63.279    1437.90    1437.90     7.8837     8.0301    93.3230    95.0560  0.000e+00
      68729     63.000     5.2076     5.2075    0.83254    0.83261          1     3.5038     3.2888      23.86      0.391     0.3821     0.2468  1.000e-12  0.1236000     7.6434     7.6442     0.0008    -0.0001     6.0347     6.0354     62.420     63.785    1437.91    1437.92     7.3686     7.4121    87.2270    87.7420  0.000e+00
      68759     63.500     5.1701     5.1666    0.83554    0.83594          1     3.3906     3.1959      23.22      0.333     0.3951     0.2371  1.000e-12  0.1148000     7.6816     7.6864     0.0048    -0.0036     6.0666     6.0705     62.915     64.291    1437.81    1437.80     6.8539     6.7881    81.0790    80.2950  0.000e+00
      68778     64.000     5.0752     5.0752    0.85043    0.85125          1     3.3111     3.1275      22.76      0.503     0.3729     0.2399  1.000e-12  0.1318000     7.8512     7.8593     0.0082     0.0000     6.2047     6.2111     63.410     64.797    1437.62    1437.63     6.6114     6.5169    78.1090    76.9970  0.000e+00
      68795     64.500     5.0785     5.0782    0.85601    0.85613          1     3.2358     3.0604      22.28      0.641     0.3573     0.2365  1.000e-12  0.1279000     7.9057     7.9069     0.0012    -0.0003     6.2477     6.2487     63.905     65.303    1437.71    1437.71     6.3344     6.2117    74.8710    73.4210  0.000e+00
      68817     65.000     5.0919     5.0919    0.86429    0.86460          1     3.1186     2.9595      21.61      0.634     0.3403     0.2344  1.000e-12  0.1222000     7.9847     7.9877     0.0031    -0.0000     6.3096     6.3120     64.401     65.809    1437.87    1437.88     5.8168     5.6554    68.8110    66.9030  0.000e+00
      68852     65.500     5.1176     5.1196    0.88053    0.88208          1     2.8968     2.7672      20.93      0.369     0.3380     0.2030  1.000e-12  0.1255000     8.1398     8.1548     0.0150     0.0020     6.4312     6.4429     64.896     66.315    1438.19    1438.22     5.1390     4.9196    60.8950    58.3050  0.000e+00
      68880     66.000     5.1804     5.1806    0.90671    0.90755          1     2.7417     2.6238      20.56      0.363     0.3643     0.2072  1.000e-12  0.1277000     8.3847     8.3930     0.0083     0.0002     6.6221     6.6286     65.391     66.821    1438.79    1438.80     4.8577     4.6658    57.7480    55.4710  0.000e+00
      68898     66.500     5.1993     5.1995    0.91306    0.91350          1     2.6534     2.5409      20.01      0.521     0.3339     0.1492  1.000e-12  0.1318000     8.4431     8.4474     0.0043     0.0001     6.6674     6.6708     65.887     67.327    1438.95    1438.96     4.6947     4.5389    55.8590    54.0070  0.000e+00
      68917     67.000     5.2195     5.2198    0.91939    0.91972          1     2.5750     2.4663      19.73      0.638     0.3274     0.1970  1.000e-12  0.1308000     8.5009     8.5041     0.0032     0.0003     6.7121     6.7147     66.382     67.833    1439.12    1439.13     4.5244     4.3896    53.8800    52.2770  0.000e+00
      68942     67.500     5.2585     5.2588    0.92923    0.92951          1     2.4692     2.3679      18.73      0.564     0.3306     0.1858  1.000e-12  0.1193000     8.5889     8.5916     0.0027     0.0002     6.7799     6.7820     66.877     68.339    1439.41    1439.41     4.1722     4.0371    49.7640    48.1530  0.000e+00
      68974     68.000     5.2965     5.2975    0.93931    0.93997          1     2.3127     2.2266      18.49      0.374     0.3288     0.2035  1.000e-12  0.1171000     8.6793     8.6856     0.0063     0.0011     6.8495     6.8544     67.373     68.845    1439.70    1439.71     3.6243     3.4485    43.2970    41.1990  0.000e+00
      68997     68.500     5.3490     5.3492    0.95389    0.95457          1     2.1932     2.1175      18.19      0.430     0.3347     0.1786  1.000e-12  0.1131000     8.8106     8.8172     0.0066     0.0002     6.9507     6.9560     67.868     69.351    1440.10    1440.11     3.3466     3.1697    40.0670    37.9510  0.000e+00
      69015     69.000     5.4000     5.4001    0.96688    0.96749          1     2.1138     2.0423      17.80      0.566     0.3449     0.1848  1.000e-12  0.1206000     8.9262     8.9323     0.0061     0.0001     7.0396     7.0443     68.363     69.856    1440.48    1440.48     3.2414     3.0922    38.8880    37.0990  0.000e+00
      69034     69.500     5.4435     5.4435    0.97834    0.97865          1     2.0486     1.9777      17.56      0.657     0.3531     0.1987  1.000e-12  0.1447000     9.0285     9.0316     0.0031    -0.0000     7.1181     7.1206     68.859     70.362    1440.80    1440.81     3.1785     3.0672    38.2000    36.8640  0.000e+00
      69065     70.000     5.4662     5.4665    0.98533    0.98581          1     1.9567     1.8884      16.22      0.481     0.3579     0.1853  1.000e-12  0.1401000     9.0918     9.0965     0.0047     0.0003     7.1669     7.1706     69.354     70.868    1440.99    1441.00     2.9285     2.8365    35.2300    34.1250  0.000e+00
      69108     70.500     5.5096     5.5131    0.99784    0.99911          1     1.8337     1.7652      16.01      0.234     0.3581     0.1869  1.000e-12  0.1416000     9.2042     9.2159     0.0117     0.0034     7.2534     7.2625     69.849     71.373    1441.33    1441.36     2.8906     2.8285    34.8400    34.0980  0.000e+00
      69132     71.000     5.5981     5.5982    1.01648    1.01726          1     1.8392     1.7561      15.56      0.387     0.3680     0.2055  1.000e-12  0.1522000     9.3650     9.3727     0.0078     0.0000     7.3756     7.3817     70.344     71.879    1441.92    1441.93     3.1268     3.1920    37.8090    38.5990  0.000e+00
      69149     71.500     5.6853     5.6855    1.02744    1.02790          1     1.8454     1.7584      14.37      0.558     0.3695     0.1838  1.000e-12  0.1572000     9.4494     9.4539     0.0045     0.0001     7.4375     7.4410     70.840     72.384    1442.41    1442.42     3.0898     3.1812    37.4640    38.5730  0.000e+00
      69165     72.000     5.7403     5.7400    1.03720    1.03764          1     1.8429     1.7553      14.19      0.693     0.3702     0.1745  1.000e-12  0.1646000     9.5305     9.5350     0.0045    -0.0003     7.4984     7.5020     71.335     72.890    1442.76    1442.76     2.9286     2.9882    35.5770    36.3020  0.000e+00
      69184     72.500     5.7783     5.7781    1.04513    1.04543          1     1.8081     1.7278      14.17      0.715     0.3716     0.1637  1.000e-12  0.1766000     9.5983     9.6013     0.0030    -0.0001     7.5497     7.5520     71.830     73.395    1443.02    1443.02     2.5656     2.5408    31.2110    30.9090  0.000e+00
      69211     73.000     5.8097     5.8109    1.05206    1.05270          1     1.6961     1.6350      13.88      0.529     0.3686     0.2150  1.000e-12  0.1843000     9.6579     9.6638     0.0059     0.0013     7.5949     7.5995     72.326     73.901    1443.23    1443.25     1.8709     1.7018    22.7850    20.7280  0.000e+00
      69246     73.500     5.8454     5.8474    1.06458    1.06574          1     1.4783     1.4496      13.27      0.341     0.3695     0.2736  1.000e-12  0.1923000     9.7716     9.7824     0.0108     0.0021     7.6824     7.6908     72.821     74.406    1443.54    1443.56     1.1667     0.9038    14.2320    11.0270  0.000e+00
