ctdpy/tests/test_data/exprapp_april_2020/SBE09_1387_20200414_2056_77_10_0341.cnv
* Sea-Bird SBE 9 Data File:
* FileName = L:\2020\sv20d0341.hex
* Software Version Seasave V 7.26.7.121
* Temperature SN = 6378
* Conductivity SN = 4824
* Number of Bytes Per Scan = 41
* Number of Voltage Words = 4
* Number of Scans Averaged by the Deck Unit = 1
* NMEA Latitude = 58 17.09 N
* NMEA Longitude = 010 30.46 E
* NMEA UTC (Time) = Apr 14 2020  20:56:17
* NMEA baud rate = 4800
** Station:  A17
** Operator:  JKro
** Ship: SVEA
** Average sound velocity: 1481.96 m/s
** True-depth calculation Tue, 14 Apr 2020 22:40:10 +0000
** CTD Python Module SMHI /ver 3-12/ feb 2012 
** LIMS Job: 20207710-0341
** Cruise: SMHI-07-2020
** Latitude [GG MM.mm N] :
** Longitude [GGG MM.mm E]:
# nquan = 30
# nvalues = 667                         
# units = specified
# name 0 = scan: Scan Count
# name 1 = prDM: Pressure, Digiquartz [db]
# name 2 = t090C: Temperature [ITS-90, deg C]
# name 3 = t190C: Temperature, 2 [ITS-90, deg C]
# name 4 = c0S/m: Conductivity [S/m]
# name 5 = c1S/m: Conductivity, 2 [S/m]
# name 6 = pumps: Pump Status
# name 7 = sbeox0V: Oxygen raw, SBE 43 [V]
# name 8 = sbeox1V: Oxygen raw, SBE 43, 2 [V]
# name 9 = altM: Altimeter [m]
# name 10 = dz/dtM: Descent Rate [m/s]
# name 11 = flECO-AFL: Chl-a Fluorescence, WET Labs ECO-AFL/FL [mg/m^3]
# name 12 = flECO-AFL1: Phycocyanin Fluorescence, WET Labs ECO-AFL/FL, 2 [mg/m^3]
# name 13 = par: PAR/Irradiance, Biospherical/Lico [µE/(cm^2*s)]
# name 14 = turbWETntu0: Turbidity, WET Labs ECO [NTU]
# name 15 = sal00: Salinity, Practical [PSU]
# name 16 = sal11: Salinity, Practical, 2 [PSU]
# name 17 = secS-priS: Salinity, Practical, Difference, 2 - 1 [PSU]
# name 18 = T2-T190C: Temperature Difference, 2 - 1 [ITS-90, deg C]
# name 19 = sigma-t00: Density [sigma-t, kg/m^3 ]
# name 20 = sigma-t11: Density, 2 [sigma-t, kg/m^3 ]
# name 21 = depSM: Depth [salt water, m], lat = 58.2848
# name 22 = depFM: Depth [true depth, m], lat = 58.2848
# name 23 = svCM: Sound Velocity [Chen-Millero, m/s]
# name 24 = svCM1: Sound Velocity, 2 [Chen-Millero, m/s]
# name 25 = sbeox0ML/L: Oxygen, SBE 43 [ml/l], WS = 2
# name 26 = sbeox1ML/L: Oxygen, SBE 43, 2 [ml/l], WS = 2
# name 27 = sbeox0PS: Oxygen, SBE 43 [% saturation], WS = 2
# name 28 = sbeox1PS: Oxygen, SBE 43, 2 [% saturation], WS = 2
# name 29 = flag: flag
# span 0 =      41148,      58846       
# span 1 =      3.000,    336.000       
# span 2 =     6.3713,     7.5930       
# span 3 =     6.3711,     7.5927       
# span 4 =   3.074167,   3.598739       
# span 5 =   3.074371,   3.598474       
# span 6 =          1,          1       
# span 7 =     3.2739,     3.6887       
# span 8 =     3.0613,     3.4437       
# span 9 =       0.17,     111.43       
# span 10 =      0.009,      0.979      
# span 11 =     0.1669,     2.0264      
# span 12 =     0.1166,     0.4644      
# span 13 = 9.9993e-13, 8.9362e-01      
# span 14 =     0.1631,     0.7413      
# span 15 =    30.5406,    35.1198      
# span 16 =    30.5442,    35.1161      
# span 17 =    -0.0553,     0.0345      
# span 18 =    -0.0157,     0.0233      
# span 19 =    23.9790,    27.4908      
# span 20 =    23.9820,    27.4880      
# span 21 =      2.972,    332.608      
# span 22 =      2.984,    333.152      
# span 23 =    1470.91,    1484.94      
# span 24 =    1470.91,    1484.94      
# span 25 =     5.7291,     6.8891      
# span 26 =     5.8382,     7.0184      
# span 27 =     85.637,     97.811      
# span 28 =     87.270,     99.647      
# span 29 = 0.0000e+00, 0.0000e+00      
# interval = decibars: 0.5              
# start_time = Apr 14 2020 20:56:17 [NMEA time, first data scan]
# bad_flag = -9.990e-29
*END*
[from data line 242]
      47673    124.000     7.5439     7.5438    3.59525    3.59499          1     3.3465     3.1258      97.19      0.393     0.1867     0.1810  1.000e-12  0.1784000    35.1176    35.1149    -0.0028    -0.0001    27.4339    27.4317    122.811    122.997    1482.93    1482.93     5.8324     5.9371    87.5360    89.1060  0.000e+00
      47696    124.500     7.5427     7.5424    3.59517    3.59489          1     3.3449     3.1247      97.19      0.477     0.1802     0.1956  1.000e-12  0.1839000    35.1176    35.1150    -0.0026    -0.0004    27.4340    27.4320    123.306    123.493    1482.93    1482.93     5.8268     5.9293    87.4500    88.9860  0.000e+00
      47715    125.000     7.5403     7.5407    3.59496    3.59473          1     3.3435     3.1235      97.18      0.564     0.1753     0.2206  1.000e-12  0.1937000    35.1175    35.1147    -0.0028     0.0004    27.4344    27.4321    123.801    123.989    1482.93    1482.93     5.8234     5.9301    87.3940    88.9950  0.000e+00
      47735    125.500     7.5339     7.5338    3.59439    3.59410          1     3.3417     3.1228      97.18      0.618     0.1827     0.1858  1.000e-12  0.2228000    35.1176    35.1145    -0.0032    -0.0000    27.4354    27.4329    124.296    124.484    1482.92    1482.91     5.8187     5.9268    87.3110    88.9310  0.000e+00
      47756    126.000     7.5291     7.5285    3.59393    3.59361          1     3.3394     3.1211      97.18      0.607     0.1719     0.1736  1.000e-12  0.1918000    35.1172    35.1144    -0.0028    -0.0006    27.4357    27.4336    124.791    124.980    1482.90    1482.90     5.8129     5.9193    87.2140    88.8080  0.000e+00
      47781    126.500     7.5192     7.5193    3.59293    3.59266          1     3.3369     3.1191      97.18      0.518     0.1813     0.1753  1.000e-12  0.1883000    35.1160    35.1130    -0.0030     0.0000    27.4362    27.4339    125.286    125.476    1482.88    1482.87     5.8153     5.9192    87.2300    88.7860  0.000e+00
      47813    127.000     7.5121     7.5118    3.59221    3.59190          1     3.3358     3.1169      97.18      0.392     0.1841     0.1562  1.000e-12  0.1891000    35.1152    35.1122    -0.0030    -0.0003    27.4366    27.4343    125.781    125.971    1482.85    1482.85     5.8173     5.9142    87.2450    88.6960  0.000e+00
      47844    127.500     7.5038     7.5035    3.59141    3.59114          1     3.3343     3.1149      97.18      0.373     0.1862     0.2119  1.000e-12  0.1876000    35.1146    35.1120    -0.0026    -0.0004    27.4373    27.4353    126.276    126.467    1482.83    1482.83     5.8145     5.9140    87.1870    88.6760  0.000e+00
      47867    128.000     7.5033     7.5032    3.59138    3.59114          1     3.3333     3.1136      97.19      0.444     0.1890     0.1564  1.000e-12  0.1871000    35.1146    35.1120    -0.0026    -0.0000    27.4374    27.4354    126.772    126.963    1482.84    1482.83     5.8143     5.9120    87.1830    88.6460  0.000e+00
      47885    128.500     7.5026     7.5022    3.59136    3.59109          1     3.3328     3.1126      97.20      0.565     0.1883     0.1668  1.000e-12  0.1993000    35.1147    35.1123    -0.0024    -0.0005    27.4376    27.4358    127.267    127.458    1482.84    1482.84     5.8137     5.9169    87.1730    88.7170  0.000e+00
      47900    129.000     7.5001     7.5003    3.59119    3.59094          1     3.3326     3.1127      97.18      0.688     0.1753     0.1919  1.000e-12  0.2036000    35.1152    35.1123    -0.0029     0.0001    27.4383    27.4360    127.762    127.954    1482.84    1482.84     5.8138     5.9262    87.1690    88.8530  0.000e+00
      47917    129.500     7.4980     7.4976    3.59101    3.59074          1     3.3318     3.1137      97.18      0.749     0.1800     0.1918  1.000e-12  0.1991000    35.1151    35.1126    -0.0025    -0.0004    27.4386    27.4367    128.257    128.450    1482.84    1482.84     5.8123     5.9290    87.1420    88.8900  0.000e+00
      47944    130.000     7.4974     7.4967    3.59099    3.59072          1     3.3312     3.1134      97.17      0.588     0.1837     0.1892  1.000e-12  0.1870000    35.1153    35.1130    -0.0023    -0.0007    27.4388    27.4371    128.752    128.945    1482.85    1482.84     5.8128     5.9203    87.1490    88.7570  0.000e+00
      48006    130.500     7.4987     7.4990    3.59114    3.59094          1     3.3300     3.1105      97.17      0.120     0.1811     0.2114  1.000e-12  0.1898000    35.1154    35.1129    -0.0025     0.0003    27.4387    27.4367    129.247    129.441    1482.86    1482.86     5.8105     5.9035    87.1170    88.5100  0.000e+00
      48024    131.000     7.4953     7.4952    3.59085    3.59061          1     3.3298     3.1089      97.20      0.395     0.1744     0.2074  1.000e-12  0.1972000    35.1154    35.1129    -0.0025    -0.0000    27.4392    27.4372    129.742    129.937    1482.86    1482.85     5.8121     5.9090    87.1350    88.5850  0.000e+00
      48039    131.500     7.4927     7.4932    3.59062    3.59043          1     3.3296     3.1091      97.17      0.607     0.1731     0.2092  1.000e-12  0.1979000    35.1152    35.1127    -0.0025     0.0005    27.4395    27.4374    130.237    130.432    1482.85    1482.85     5.8110     5.9200    87.1120    88.7460  0.000e+00
      48053    132.000     7.4923     7.4922    3.59060    3.59036          1     3.3291     3.1101      97.18      0.764     0.1904     0.2197  1.000e-12  0.1934000    35.1151    35.1127    -0.0024    -0.0001    27.4395    27.4376    130.732    130.928    1482.86    1482.86     5.8099     5.9229    87.0950    88.7880  0.000e+00
      48067    132.500     7.4923     7.4923    3.59061    3.59038          1     3.3287     3.1098      97.18      0.845     0.1845     0.1886  1.000e-12  0.2006000    35.1151    35.1126    -0.0025     0.0000    27.4394    27.4374    131.227    131.424    1482.87    1482.87     5.8107     5.9189    87.1070    88.7270  0.000e+00
      48091    133.000     7.4926     7.4921    3.59067    3.59041          1     3.3283     3.1097      97.18      0.686     0.1824     0.1797  1.000e-12  0.2005000    35.1152    35.1128    -0.0024    -0.0005    27.4394    27.4377    131.722    131.919    1482.88    1482.87     5.8070     5.9115    87.0520    88.6170  0.000e+00
      48142    133.500     7.4927     7.4934    3.59070    3.59054          1     3.3250     3.1058      97.18      0.177     0.1882     0.1758  1.000e-12  0.1798000    35.1151    35.1127    -0.0024     0.0007    27.4394    27.4374    132.217    132.415    1482.89    1482.89     5.7970     5.8930    86.9030    88.3410  0.000e+00
      48165    134.000     7.4878     7.4877    3.59020    3.58990          1     3.3235     3.1040      97.19      0.350     0.1866     0.1789  1.000e-12  0.1926000    35.1145    35.1113    -0.0032    -0.0001    27.4396    27.4371    132.712    132.911    1482.88    1482.87     5.7958     5.8925    86.8740    88.3220  0.000e+00
      48181    134.500     7.4740     7.4736    3.58880    3.58847          1     3.3225     3.1031      97.18      0.565     0.1840     0.2399  1.000e-12  0.2183000    35.1129    35.1098    -0.0031    -0.0004    27.4403    27.4379    133.207    133.406    1482.83    1482.82     5.7944     5.8952    86.8250    88.3340  0.000e+00
      48196    135.000     7.4710     7.4710    3.58850    3.58825          1     3.3213     3.1025      97.21      0.726     0.1835     0.2279  1.000e-12  0.2173000    35.1124    35.1097    -0.0027    -0.0000    27.4404    27.4382    133.702    133.902    1482.83    1482.82     5.7922     5.8905    86.7860    88.2580  0.000e+00
      48211    135.500     7.4637     7.4687    3.58778    3.58806          1     3.3200     3.1009      97.19      0.805     0.1841     0.1906  1.000e-12  0.2158000    35.1117    35.1097    -0.0020     0.0050    27.4409    27.4385    134.197    134.398    1482.80    1482.82     5.7928     5.8834    86.7800    88.1470  0.000e+00
      48231    136.000     7.4622     7.4628    3.58765    3.58746          1     3.3192     3.0991      97.17      0.739     0.1840     0.1797  1.000e-12  0.1999000    35.1115    35.1089    -0.0027     0.0005    27.4410    27.4388    134.692    134.893    1482.81    1482.80     5.7928     5.8849    86.7780    88.1570  0.000e+00
      48264    136.500     7.4621     7.4625    3.58766    3.58747          1     3.3176     3.0974      97.18      0.440     0.1771     0.2172  1.000e-12  0.2044000    35.1115    35.1091    -0.0024     0.0003    27.4410    27.4390    135.187    135.389    1482.82    1482.81     5.7891     5.8867    86.7220    88.1840  0.000e+00
      48302    137.000     7.4619     7.4616    3.58767    3.58740          1     3.3150     3.0962      97.17      0.283     0.1848     0.2168  1.000e-12  0.2018000    35.1116    35.1089    -0.0026    -0.0003    27.4410    27.4390    135.682    135.885    1482.82    1482.82     5.7813     5.8849    86.6050    88.1540  0.000e+00
      48327    137.500     7.4572     7.4568    3.58728    3.58696          1     3.3134     3.0950      97.18      0.410     0.1843     0.1975  1.000e-12  0.2052000    35.1118    35.1088    -0.0030    -0.0005    27.4419    27.4396    136.177    136.380    1482.81    1482.81     5.7784     5.8849    86.5520    88.1440  0.000e+00
      48350    138.000     7.4495     7.4489    3.58654    3.58621          1     3.3114     3.0944      97.18      0.514     0.1723     0.1334  1.000e-12  0.2211000    35.1113    35.1083    -0.0030    -0.0006    27.4426    27.4404    136.672    136.876    1482.79    1482.79     5.7756     5.8839    86.4940    88.1130  0.000e+00
      48374    138.500     7.4428     7.4423    3.58587    3.58557          1     3.3098     3.0934      97.18      0.518     0.1793     0.1522  1.000e-12  0.2284000    35.1106    35.1079    -0.0027    -0.0005    27.4431    27.4410    137.167    137.372    1482.77    1482.77     5.7760     5.8798    86.4870    88.0380  0.000e+00
      48400    139.000     7.4405     7.4402    3.58566    3.58538          1     3.3089     3.0919      97.19      0.466     0.1862     0.1703  1.000e-12  0.2247000    35.1103    35.1076    -0.0027    -0.0003    27.4432    27.4411    137.662    137.867    1482.77    1482.77     5.7779     5.8806    86.5120    88.0470  0.000e+00
      48423    139.500     7.4368     7.4365    3.58531    3.58502          1     3.3083     3.0917      97.19      0.480     0.1848     0.1469  1.000e-12  0.2181000    35.1100    35.1072    -0.0028    -0.0003    27.4434    27.4413    138.157    138.363    1482.77    1482.76     5.7780     5.8839    86.5050    88.0880  0.000e+00
      48443    140.000     7.4326     7.4324    3.58490    3.58464          1     3.3080     3.0910      97.20      0.551     0.1823     0.2262  1.000e-12  0.2209000    35.1096    35.1070    -0.0026    -0.0002    27.4437    27.4417    138.652    138.859    1482.76    1482.75     5.7784     5.8836    86.5020    88.0760  0.000e+00
      48463    140.500     7.4274     7.4270    3.58441    3.58412          1     3.3075     3.0913      97.19      0.607     0.1835     0.2077  1.000e-12  0.2219000    35.1093    35.1065    -0.0027    -0.0004    27.4442    27.4421    139.147    139.354    1482.74    1482.74     5.7764     5.8886    86.4620    88.1390  0.000e+00
      48488    141.000     7.4250     7.4247    3.58420    3.58395          1     3.3066     3.0909      97.19      0.551     0.1841     0.1816  1.000e-12  0.2384000    35.1091    35.1066    -0.0025    -0.0003    27.4445    27.4425    139.642    139.850    1482.74    1482.74     5.7750     5.8844    86.4370    88.0730  0.000e+00
      48517    141.500     7.4236     7.4233    3.58411    3.58385          1     3.3054     3.0902      97.19      0.419     0.1840     0.1753  1.000e-12  0.2390000    35.1093    35.1068    -0.0026    -0.0004    27.4448    27.4429    140.137    140.346    1482.75    1482.74     5.7741     5.8820    86.4210    88.0330  0.000e+00
      48543    142.000     7.4229     7.4228    3.58407    3.58382          1     3.3049     3.0896      97.19      0.423     0.1808     0.1759  1.000e-12  0.2215000    35.1093    35.1068    -0.0025    -0.0002    27.4449    27.4429    140.632    140.841    1482.75    1482.75     5.7749     5.8814    86.4310    88.0230  0.000e+00
      48564    142.500     7.4222     7.4220    3.58402    3.58377          1     3.3047     3.0892      97.20      0.511     0.1817     0.1822  1.000e-12  0.2230000    35.1093    35.1067    -0.0026    -0.0002    27.4450    27.4429    141.127    141.337    1482.76    1482.75     5.7748     5.8778    86.4290    87.9670  0.000e+00
      48582    143.000     7.4217     7.4215    3.58400    3.58374          1     3.3044     3.0879      97.19      0.604     0.1824     0.1861  1.000e-12  0.2241000    35.1093    35.1067    -0.0026    -0.0002    27.4450    27.4431    141.622    141.833    1482.76    1482.76     5.7723     5.8710    86.3890    87.8650  0.000e+00
      48601    143.500     7.4202     7.4200    3.58388    3.58362          1     3.3033     3.0870      97.19      0.656     0.1886     0.1904  1.000e-12  0.2299000    35.1093    35.1066    -0.0027    -0.0002    27.4452    27.4432    142.117    142.328    1482.77    1482.76     5.7717     5.8757    86.3780    87.9320  0.000e+00
      48623    144.000     7.4186     7.4182    3.58374    3.58345          1     3.3033     3.0869      97.20      0.599     0.1840     0.1895  1.000e-12  0.2244000    35.1091    35.1064    -0.0027    -0.0004    27.4454    27.4433    142.612    142.824    1482.77    1482.76     5.7741     5.8811    86.4110    88.0100  0.000e+00
      48659    144.500     7.4170     7.4165    3.58359    3.58333          1     3.3024     3.0869      97.18      0.383     0.1841     0.1832  1.000e-12  0.2249000    35.1089    35.1065    -0.0025    -0.0005    27.4455    27.4436    143.107    143.320    1482.77    1482.77     5.7693     5.8822    86.3350    88.0220  0.000e+00
      48703    145.000     7.4156     7.4153    3.58348    3.58322          1     3.3002     3.0869      97.18      0.246     0.1794     0.1942  1.000e-12  0.2139000    35.1088    35.1063    -0.0025    -0.0004    27.4456    27.4436    143.602    143.815    1482.77    1482.77     5.7627     5.8762    86.2340    87.9300  0.000e+00
      48728    145.500     7.4116     7.4114    3.58311    3.58282          1     3.2987     3.0848      97.18      0.384     0.1669     0.2074  1.000e-12  0.2112000    35.1087    35.1057    -0.0030    -0.0002    27.4460    27.4437    144.097    144.311    1482.77    1482.76     5.7581     5.8560    86.1570    87.6200  0.000e+00
      48744    146.000     7.4065     7.4071    3.58270    3.58247          1     3.2972     3.0826      97.19      0.552     0.1687     0.2071  1.000e-12  0.2168000    35.1091    35.1060    -0.0031     0.0006    27.4471    27.4445    144.593    144.807    1482.75    1482.75     5.7570     5.8529    86.1320    87.5650  0.000e+00
      48760    146.500     7.4037     7.4036    3.58260    3.58235          1     3.2964     3.0812      97.19      0.692     0.1675     0.2053  1.000e-12  0.2241000    35.1106    35.1079    -0.0027    -0.0001    27.4487    27.4466    145.087    145.302    1482.75    1482.75     5.7585     5.8556    86.1480    87.6000  0.000e+00
      48776    147.000     7.4026     7.4024    3.58258    3.58231          1     3.2959     3.0802      97.19      0.769     0.1710     0.2062  1.000e-12  0.2407000    35.1112    35.1084    -0.0028    -0.0002    27.4494    27.4472    145.582    145.798    1482.76    1482.76     5.7604     5.8609    86.1750    87.6760  0.000e+00
      48797    147.500     7.4012     7.4010    3.58256    3.58231          1     3.2957     3.0801      97.19      0.692     0.1841     0.1957  1.000e-12  0.2506000    35.1122    35.1097    -0.0025    -0.0002    27.4503    27.4484    146.077    146.294    1482.76    1482.76     5.7630     5.8725    86.2120    87.8480  0.000e+00
