ctdpy/tests/test_data/exprapp_april_2020/SBE09_1387_20200417_0438_77_10_0352.cnv
* Sea-Bird SBE 9 Data File:
* FileName = L:\2020\sv20d0352.hex
* Software Version Seasave V 7.26.7.121
* Temperature SN = 6378
* Conductivity SN = 4824
* Number of Bytes Per Scan = 41
* Number of Voltage Words = 4
* Number of Scans Averaged by the Deck Unit = 1
* NMEA Latitude = 55 33.32 N
* NMEA Longitude = 018 24.01 E
* NMEA UTC (Time) = Apr 17 2020  04:38:12
* NMEA baud rate = 4800
** Station:  BCSIII-10
** Operator:  SSip
** Ship: SVEA
** Average sound velocity: 1439.83 m/s
** True-depth calculation Fri, 17 Apr 2020 06:51:57 +0000
** CTD Python Module SMHI /ver 3-12/ feb 2012 
** LIMS Job: 20207710-0352
** Cruise: SMHI-07-2020
** Latitude [GG MM.mm N] :
** Longitude [GGG MM.mm E]:
# nquan = 30
# nvalues = 170                         
# units = specified
# name 0 = scan: Scan Count
# name 1 = prDM: Pressure, Digiquartz [db]
# name 2 = t090C: Temperature [ITS-90, deg C]
# name 3 = t190C: Temperature, 2 [ITS-90, deg C]
# name 4 = c0S/m: Conductivity [S/m]
# name 5 = c1S/m: Conductivity, 2 [S/m]
# name 6 = pumps: Pump Status
# name 7 = sbeox0V: Oxygen raw, SBE 43 [V]
# name 8 = sbeox1V: Oxygen raw, SBE 43, 2 [V]
# name 9 = altM: Altimeter [m]
# name 10 = dz/dtM: Descent Rate [m/s]
# name 11 = flECO-AFL: Chl-a Fluorescence, WET Labs ECO-AFL/FL [mg/m^3]
# name 12 = flECO-AFL1: Phycocyanin Fluorescence, WET Labs ECO-AFL/FL, 2 [mg/m^3]
# name 13 = par: PAR/Irradiance, Biospherical/Lico [µE/(cm^2*s)]
# name 14 = turbWETntu0: Turbidity, WET Labs ECO [NTU]
# name 15 = sal00: Salinity, Practical [PSU]
# name 16 = sal11: Salinity, Practical, 2 [PSU]
# name 17 = secS-priS: Salinity, Practical, Difference, 2 - 1 [PSU]
# name 18 = T2-T190C: Temperature Difference, 2 - 1 [ITS-90, deg C]
# name 19 = sigma-t00: Density [sigma-t, kg/m^3 ]
# name 20 = sigma-t11: Density, 2 [sigma-t, kg/m^3 ]
# name 21 = depSM: Depth [salt water, m], lat = 55.5553
# name 22 = depFM: Depth [true depth, m], lat = 55.5553
# name 23 = svCM: Sound Velocity [Chen-Millero, m/s]
# name 24 = svCM1: Sound Velocity, 2 [Chen-Millero, m/s]
# name 25 = sbeox0ML/L: Oxygen, SBE 43 [ml/l], WS = 2
# name 26 = sbeox1ML/L: Oxygen, SBE 43, 2 [ml/l], WS = 2
# name 27 = sbeox0PS: Oxygen, SBE 43 [% saturation], WS = 2
# name 28 = sbeox1PS: Oxygen, SBE 43, 2 [% saturation], WS = 2
# name 29 = flag: flag
# span 0 =      65487,      70194       
# span 1 =      1.500,     86.000       
# span 2 =     5.0752,     7.1631       
# span 3 =     5.0752,     7.1570       
# span 4 =   0.831788,   1.325251       
# span 5 =   0.831845,   1.322975       
# span 6 =          1,          1       
# span 7 =     0.7688,     3.6939       
# span 8 =     0.7596,     3.4494       
# span 9 =       4.53,      96.93       
# span 10 =      0.106,      0.864      
# span 11 =     0.3274,     2.1730      
# span 12 =     0.1492,     0.5756      
# span 13 = 1.0000e-12, 4.5990e+02      
# span 14 =     0.1097,     0.8090      
# span 15 =     7.6123,    11.9109      
# span 16 =     7.6130,    11.8909      
# span 17 =    -0.0201,     0.0290      
# span 18 =    -0.0099,     0.0367      
# span 19 =     6.0011,     9.2711      
# span 20 =     6.0015,     9.2559      
# span 21 =      1.486,     85.203      
# span 22 =      1.519,     87.030      
# span 23 =    1437.62,    1451.96      
# span 24 =    1437.63,    1451.90      
# span 25 =     0.1088,     8.2433      
# span 26 =    -0.0362,     8.3968      
# span 27 =      1.368,     98.180      
# span 28 =     -0.450,    100.009      
# span 29 = 0.0000e+00, 0.0000e+00      
# interval = decibars: 0.5              
# start_time = Apr 17 2020 04:38:12 [NMEA time, first data scan]
# bad_flag = -9.990e-29
*END*
[from data line 146]
      69302     74.500     5.9019     5.9021    1.08707    1.08746          1     1.3752     1.3240      12.44      0.441     0.3783     0.1725  1.000e-12  0.1762000     9.9777     9.9815     0.0038     0.0002     7.8414     7.8444     73.812     75.417    1444.06    1444.06     2.0988     2.1906    25.6760    26.7990  0.000e+00
      69325     75.000     5.9940     5.9951    1.09838    1.09900          1     1.4387     1.3701      11.96      0.488     0.3815     0.2266  1.000e-12  0.1817000    10.0623    10.0680     0.0057     0.0011     7.9025     7.9069     74.307     75.922    1444.56    1444.57     2.2738     2.4508    27.8950    30.0680  0.000e+00
      69350     75.500     6.1235     6.1232    1.11677    1.11748          1     1.4747     1.4033      11.58      0.501     0.3841     0.2362  1.000e-12  0.1979000    10.2051    10.2122     0.0071    -0.0002     8.0069     8.0125     74.802     76.427    1445.30    1445.31     2.0285     2.1621    24.9880    26.6350  0.000e+00
      69376     76.000     6.2169     6.2175    1.13477    1.13525          1     1.4345     1.3791      11.31      0.463     0.3901     0.2187  1.000e-12  0.2173000    10.3543    10.3589     0.0046     0.0007     8.1183     8.1219     75.297     76.933    1445.89    1445.90     1.5693     1.5768    19.3960    19.4890  0.000e+00
      69400     76.500     6.2486     6.2476    1.14386    1.14432          1     1.3723     1.3277      11.15      0.475     0.3892     0.1794  1.000e-12  0.2245000    10.4342    10.4390     0.0049    -0.0010     8.1790     8.1830     75.793     77.438    1446.14    1446.14     1.4018     1.3542    17.3480    16.7590  0.000e+00
      69421     77.000     6.2523     6.2539    1.15067    1.15155          1     1.3276     1.2867      10.61      0.535     0.3862     0.2067  1.000e-12  0.2585000    10.5000    10.5082     0.0081     0.0017     8.2307     8.2370     76.288     77.943    1446.24    1446.26     1.2939     1.2310    16.0210    15.2440  0.000e+00
      69454     77.500     6.3263     6.3247    1.16537    1.16538          1     1.2152     1.1899      10.01      0.425     0.3849     0.2304  1.000e-12  0.2869000    10.6218    10.6224     0.0006    -0.0016     8.3215     8.3221     76.783     78.448    1446.72    1446.71     0.6869     0.5370     8.5250     6.6640  0.000e+00
      69498     78.000     6.3444     6.3427    1.17512    1.17608          1     1.0046     1.0069       9.46      0.234     0.3810     0.2367  1.000e-12  0.2969000    10.7122    10.7220     0.0099    -0.0016     8.3913     8.3992     77.279     78.953    1446.91    1446.92     0.1424    -0.0362     1.7700    -0.4500  0.000e+00
      69521     78.500     6.3494     6.3499    1.18505    1.18557          1     0.9260     0.9322       9.06      0.409     0.4008     0.2219  1.000e-12  0.3782000    10.8083    10.8132     0.0049     0.0005     8.4666     8.4704     77.774     79.458    1447.06    1447.07     0.1256     0.0065     1.5620     0.0810  0.000e+00
      69542     79.000     6.3977     6.3986    1.19270    1.19319          1     0.8766     0.8830       8.56      0.546     0.4359     0.2099  1.000e-12  0.7145000    10.8682    10.8727     0.0046     0.0010     8.5104     8.5139     78.269     79.963    1447.35    1447.36     0.1161     0.0395     1.4460     0.4920  0.000e+00
      69566     79.500     6.4452     6.4471    1.20176    1.20235          1     0.8378     0.8423       8.04      0.540     0.4473     0.1959  1.000e-12  0.8090000    10.9422    10.9473     0.0051     0.0019     8.5653     8.5692     78.764     80.468    1447.65    1447.66     0.1185     0.0860     1.4790     1.0730  0.000e+00
      69596     80.000     6.5138     6.5163    1.21125    1.21192          1     0.8090     0.8107       7.48      0.420     0.4158     0.2219  1.000e-12  0.8032000    11.0134    11.0191     0.0057     0.0026     8.6164     8.6207     79.260     80.973    1448.04    1448.05     0.1192     0.1236     1.4910     1.5460  0.000e+00
      69625     80.500     6.5311     6.5324    1.21780    1.21842          1     0.7931     0.7919       6.99      0.408     0.4064     0.2223  1.000e-12  0.6087000    11.0721    11.0778     0.0056     0.0013     8.6613     8.6656     79.755     81.478    1448.19    1448.20     0.1193     0.1411     1.4930     1.7660  0.000e+00
      69659     81.000     6.5919     6.5972    1.22603    1.22678          1     0.7818     0.7782       6.44      0.375     0.4068     0.1789  1.000e-12  0.5149000    11.1332    11.1388     0.0056     0.0053     8.7049     8.7089     80.250     81.983    1448.53    1448.56     0.1137     0.1490     1.4250     1.8680  0.000e+00
      69701     81.500     6.6766     6.6807    1.23525    1.23613          1     0.7735     0.7675       5.88      0.269     0.4079     0.1844  1.000e-12  0.5899000    11.1960    11.2032     0.0073     0.0040     8.7480     8.7534     80.745     82.488    1448.97    1449.00     0.1088     0.1522     1.3680     1.9130  0.000e+00
      69729     82.000     6.7463     6.7473    1.24519    1.24573          1     0.7704     0.7637       5.47      0.375     0.4166     0.1946  1.000e-12  0.6181000    11.2704    11.2754     0.0050     0.0010     8.8013     8.8051     81.241     82.992    1449.36    1449.37     0.1127     0.1643     1.4200     2.0700  0.000e+00
      69751     82.500     6.8100     6.8127    1.25416    1.25490          1     0.7705     0.7627       5.04      0.496     0.3958     0.2199  1.000e-12  0.6223000    11.3371    11.3434     0.0063     0.0027     8.8488     8.8536     81.736     83.497    1449.72    1449.74     0.1215     0.1790     1.5340     2.2600  0.000e+00
      69780     83.000     6.8724     6.8795    1.26375    1.26477          1     0.7716     0.7638       4.53      0.468     0.4031     0.2220  1.000e-12  0.3497000    11.4101    11.4177     0.0076     0.0071     8.9014     8.9068     82.231     84.002    1450.08    1450.12     0.1290     0.1890     1.6310     2.3910  0.000e+00
      69828     83.500     6.9310     6.9523    1.27143    1.27446          1     0.7716     0.7624      44.19      0.226     0.3858     0.2037  1.000e-12  0.1608000    11.4655    11.4880     0.0225     0.0214     8.9403     8.9563     82.727     84.507    1450.40    1450.52     0.1132     0.1593     1.4340     2.0200  0.000e+00
      69860     84.000     6.9692     6.9690    1.28249    1.28290          1     0.7688     0.7596      19.27      0.334     0.4056     0.2366  1.000e-12  0.3002000    11.5607    11.5647     0.0040    -0.0002     9.0120     9.0151     83.222     85.011    1450.68    1450.69     0.1097     0.1815     1.3920     2.3030  0.000e+00
      69891     84.500     6.9971     6.9960    1.28918    1.28926          1     0.7741     0.7705      67.08      0.409     0.4104     0.1979  1.000e-12  0.2643000    11.6163    11.6176     0.0012    -0.0011     9.0535     9.0545     83.717     85.516    1450.88    1450.87     0.2189     0.3902     2.7810     4.9570  0.000e+00
      69937     85.000     7.0371     7.0737    1.29440    1.29836          1     0.8557     0.8458      52.28      0.253     0.3889     0.1838  1.000e-12  0.1943000    11.6537    11.6799     0.0262     0.0367     9.0796     9.0972     84.212     86.021    1451.10    1451.28     0.6982     0.9104     8.8810    11.5910  0.000e+00
      69978     85.500     7.1213     7.1309    1.31099    1.31431          1     0.9557     0.9280      57.38      0.286     0.3725     0.2111  1.000e-12  0.2232000    11.7866    11.8156     0.0290     0.0096     9.1770     9.1990     84.708     86.526    1451.62    1451.70     0.7572     0.9932     9.6570    12.6740  0.000e+00
      70194     86.000     7.1631     7.1570    1.32525    1.32298          1     1.0025     0.9989       7.29      0.201     0.3785     0.2024  1.000e-12  0.2610000    11.9109    11.8909    -0.0201    -0.0061     9.2711     9.2559     85.203     87.030    1451.96    1451.90     0.6190     0.9206     7.9110    11.7610  0.000e+00
