ctdpy/tests/test_data/exprapp_april_2020/SBE09_1387_20200418_0409_77_10_0355.cnv
* Sea-Bird SBE 9 Data File:
* FileName = L:\2020\sv20d0355.hex
* Software Version Seasave V 7.26.7.121
* Temperature SN = 6378
* Conductivity SN = 4824
* Number of Bytes Per Scan = 41
* Number of Voltage Words = 4
* Number of Scans Averaged by the Deck Unit = 1
* NMEA Latitude = 57 25.30 N
* NMEA Longitude = 018 59.73 E
* NMEA UTC (Time) = Apr 18 2020  04:09:10
* NMEA baud rate = 4800
** Station:  Ostergarnsholm
** Operator:  JKro
** Ship: SVEA
** Average sound velocity: 1437.17 m/s
** True-depth calculation Sat, 18 Apr 2020 04:54:31 +0000
** CTD Python Module SMHI /ver 3-12/ feb 2012 
** LIMS Job: 20207710-0355
** Cruise: SMHI-07-2020
** Latitude [GG MM.mm N] :
** Longitude [GGG MM.mm E]:
# nquan = 30
# nvalues = 38                          
# units = specified
# name 0 = scan: Scan Count
# name 1 = prDM: Pressure, Digiquartz [db]
# name 2 = t090C: Temperature [ITS-90, deg C]
# name 3 = t190C: Temperature, 2 [ITS-90, deg C]
# name 4 = c0S/m: Conductivity [S/m]
# name 5 = c1S/m: Conductivity, 2 [S/m]
# name 6 = pumps: Pump Status
# name 7 = sbeox0V: Oxygen raw, SBE 43 [V]
# name 8 = sbeox1V: Oxygen raw, SBE 43, 2 [V]
# name 9 = altM: Altimeter [m]
# name 10 = dz/dtM: Descent Rate [m/s]
# name 11 = flECO-AFL: Chl-a Fluorescence, WET Labs ECO-AFL/FL [mg/m^3]
# name 12 = flECO-AFL1: Phycocyanin Fluorescence, WET Labs ECO-AFL/FL, 2 [mg/m^3]
# name 13 = par: PAR/Irradiance, Biospherical/Lico [µE/(cm^2*s)]
# name 14 = turbWETntu0: Turbidity, WET Labs ECO [NTU]
# name 15 = sal00: Salinity, Practical [PSU]
# name 16 = sal11: Salinity, Practical, 2 [PSU]
# name 17 = secS-priS: Salinity, Practical, Difference, 2 - 1 [PSU]
# name 18 = T2-T190C: Temperature Difference, 2 - 1 [ITS-90, deg C]
# name 19 = sigma-t00: Density [sigma-t, kg/m^3 ]
# name 20 = sigma-t11: Density, 2 [sigma-t, kg/m^3 ]
# name 21 = depSM: Depth [salt water, m], lat = 57.4217
# name 22 = depFM: Depth [true depth, m], lat = 57.4217
# name 23 = svCM: Sound Velocity [Chen-Millero, m/s]
# name 24 = svCM1: Sound Velocity, 2 [Chen-Millero, m/s]
# name 25 = sbeox0ML/L: Oxygen, SBE 43 [ml/l], WS = 2
# name 26 = sbeox1ML/L: Oxygen, SBE 43, 2 [ml/l], WS = 2
# name 27 = sbeox0PS: Oxygen, SBE 43 [% saturation], WS = 2
# name 28 = sbeox1PS: Oxygen, SBE 43, 2 [% saturation], WS = 2
# name 29 = flag: flag
# span 0 =      15737,      17480       
# span 1 =      1.000,     19.500       
# span 2 =     5.2776,     5.3145       
# span 3 =     5.2774,     5.3142       
# span 4 =   0.809475,   0.811332       
# span 5 =   0.809513,   0.811396       
# span 6 =          1,          1       
# span 7 =     3.7315,     3.7349       
# span 8 =     3.4775,     3.4804       
# span 9 =       2.05,      21.05       
# span 10 =      0.004,      0.414      
# span 11 =     0.7829,     1.6165      
# span 12 =     0.2829,     0.4208      
# span 13 = 1.1379e+00, 2.9245e+02      
# span 14 =     0.1926,     0.2870      
# span 15 =     7.4081,     7.4163      
# span 16 =     7.4085,     7.4170      
# span 17 =    -0.0011,     0.0007      
# span 18 =    -0.0055,     0.0014      
# span 19 =     5.8455,     5.8505      
# span 20 =     5.8458,     5.8510      
# span 21 =      0.991,     19.319      
# span 22 =      1.013,     19.746      
# span 23 =    1436.98,    1437.40      
# span 24 =    1436.97,    1437.40      
# span 25 =     8.4002,     8.4205      
# span 26 =     8.5333,     8.5594      
# span 27 =     99.485,     99.777      
# span 28 =    101.042,    101.444      
# span 29 = 0.0000e+00, 0.0000e+00      
# interval = decibars: 0.5              
# start_time = Apr 18 2020 04:09:10 [NMEA time, first data scan]
# bad_flag = -9.990e-29
*END*
      15737      1.000     5.2892     5.2885    0.80975    0.80977          1     3.7335     3.4796      21.05      0.004     1.3088     0.3753  2.924e+02  0.2300000     7.4087     7.4091     0.0004    -0.0007     5.8456     5.8459      0.991      1.013    1436.99    1436.99     8.4002     8.5411    99.4880   101.1560  0.000e+00
      15840      1.500     5.2843     5.2846    0.80960    0.80964          1     3.7332     3.4799      20.67      0.240     1.4095     0.3845  7.910e+01  0.2425000     7.4083     7.4087     0.0004     0.0002     5.8455     5.8458      1.486      1.519    1436.98    1436.98     8.4063     8.5443    99.5480   101.1830  0.000e+00
      15904      2.000     5.2827     5.2817    0.80957    0.80959          1     3.7333     3.4798      20.12      0.173     1.3493     0.3473  8.720e+01  0.2391000     7.4083     7.4087     0.0004    -0.0011     5.8456     5.8459      1.982      2.025    1436.98    1436.97     8.4041     8.5478    99.5180   101.2170  0.000e+00
      15943      2.500     5.2815     5.2813    0.80955    0.80958          1     3.7328     3.4799      19.70      0.293     1.4317     0.3541  7.514e+01  0.2528000     7.4083     7.4087     0.0004    -0.0002     5.8456     5.8459      2.477      2.532    1436.98    1436.98     8.4038     8.5460    99.5120   101.1950  0.000e+00
      15997      3.000     5.2822     5.2825    0.80958    0.80963          1     3.7323     3.4797      19.09      0.202     1.4707     0.3624  5.976e+01  0.2357000     7.4084     7.4088     0.0004     0.0003     5.8456     5.8459      2.972      3.038    1436.99    1436.99     8.4014     8.5416    99.4850   101.1450  0.000e+00
      16043      3.500     5.2840     5.2838    0.80964    0.80967          1     3.7316     3.4789      18.65      0.261     1.4767     0.3796  5.582e+01  0.2346000     7.4085     7.4088     0.0003    -0.0001     5.8456     5.8459      3.468      3.544    1437.01    1437.01     8.4017     8.5420    99.4920   101.1550  0.000e+00
      16094      4.000     5.2819     5.2805    0.80958    0.80958          1     3.7318     3.4782      18.05      0.224     1.5869     0.4208  4.656e+01  0.2372000     7.4083     7.4087     0.0003    -0.0014     5.8456     5.8459      3.963      4.050    1437.01    1437.00     8.4040     8.5333    99.5140   101.0420  0.000e+00
      16130      4.500     5.2795     5.2796    0.80952    0.80956          1     3.7319     3.4775      17.44      0.326     1.5644     0.4154  4.180e+01  0.2401000     7.4082     7.4086     0.0004     0.0001     5.8456     5.8459      4.458      4.557    1437.00    1437.00     8.4079     8.5436    99.5550   101.1620  0.000e+00
      16177      5.000     5.2776     5.2774    0.80947    0.80951          1     3.7322     3.4784      17.10      0.253     1.6165     0.4088  3.415e+01  0.2436000     7.4081     7.4085     0.0004    -0.0002     5.8456     5.8460      4.954      5.063    1437.00    1437.00     8.4045     8.5470    99.5100   101.1970  0.000e+00
      16220      5.500     5.2790     5.2791    0.80953    0.80957          1     3.7317     3.4775      16.64      0.278     1.5990     0.4027  3.085e+01  0.2560000     7.4082     7.4087     0.0004     0.0001     5.8456     5.8460      5.449      5.569    1437.02    1437.02     8.4057     8.5352    99.5280   101.0610  0.000e+00
      16259      6.000     5.2805     5.2799    0.80958    0.80960          1     3.7316     3.4775      16.08      0.307     1.5570     0.4137  2.703e+01  0.2498000     7.4084     7.4087     0.0003    -0.0006     5.8457     5.8460      5.945      6.076    1437.03    1437.03     8.4052     8.5496    99.5260   101.2340  0.000e+00
      16300      6.500     5.2846     5.2830    0.80973    0.80972          1     3.7315     3.4787      15.55      0.290     1.5394     0.3776  2.309e+01  0.2424000     7.4088     7.4091     0.0002    -0.0015     5.8459     5.8462      6.440      6.582    1437.06    1437.05     8.4050     8.5532    99.5330   101.2850  0.000e+00
      16336      7.000     5.2848     5.2862    0.80975    0.80985          1     3.7316     3.4797      15.14      0.326     1.3758     0.3550  1.962e+01  0.2291000     7.4089     7.4096     0.0006     0.0014     5.8460     5.8464      6.935      7.088    1437.07    1437.07     8.4077     8.5541    99.5660   101.3040  0.000e+00
      16376      7.500     5.2902     5.2896    0.80994    0.80997          1     3.7325     3.4799      14.61      0.311     1.3749     0.3672  1.808e+01  0.2296000     7.4095     7.4099     0.0004    -0.0006     5.8462     5.8466      7.431      7.595    1437.10    1437.10     8.4115     8.5508    99.6250   101.2730  0.000e+00
      16418      8.000     5.2905     5.2901    0.80996    0.80998          1     3.7333     3.4801      14.05      0.275     1.3188     0.4206  1.547e+01  0.2199000     7.4096     7.4099     0.0003    -0.0004     5.8463     5.8465      7.926      8.101    1437.11    1437.11     8.4122     8.5491    99.6350   101.2550  0.000e+00
      16450      8.500     5.2920     5.2918    0.81004    0.81008          1     3.7335     3.4795      13.60      0.358     1.3507     0.3712  1.317e+01  0.2870000     7.4100     7.4105     0.0005    -0.0002     5.8465     5.8469      8.421      8.607    1437.12    1437.12     8.4074     8.5405    99.5820   101.1570  0.000e+00
      16483      9.000     5.2931     5.2922    0.81009    0.81010          1     3.7323     3.4784      13.08      0.374     1.2530     0.3113  1.181e+01  0.2418000     7.4102     7.4105     0.0003    -0.0010     5.8466     5.8469      8.917      9.114    1437.14    1437.13     8.4057     8.5410    99.5650   101.1650  0.000e+00
      16528      9.500     5.2945     5.2936    0.81017    0.81017          1     3.7328     3.4787      12.50      0.263     1.2400     0.3636  1.055e+01  0.2376000     7.4106     7.4108     0.0002    -0.0009     5.8469     5.8471      9.412      9.620    1437.15    1437.15     8.4124     8.5544    99.6470   101.3280  0.000e+00
      16563     10.000     5.2948     5.2943    0.81019    0.81021          1     3.7332     3.4796      12.01      0.317     1.2424     0.3717  9.037e+00  0.2331000     7.4107     7.4110     0.0003    -0.0005     5.8469     5.8472      9.908     10.126    1437.16    1437.16     8.4108     8.5535    99.6300   101.3180  0.000e+00
      16592     10.500     5.2964     5.2958    0.81028    0.81030          1     3.7331     3.4798      11.59      0.407     1.2069     0.3376  8.107e+00  0.2349000     7.4112     7.4115     0.0003    -0.0006     5.8472     5.8475     10.403     10.632    1437.18    1437.17     8.4135     8.5493    99.6650   101.2730  0.000e+00
      16627     11.000     5.2966     5.2963    0.81029    0.81032          1     3.7338     3.4789      11.06      0.368     1.1813     0.3411  7.108e+00  0.2348000     7.4111     7.4115     0.0004    -0.0003     5.8472     5.8475     10.898     11.139    1437.18    1437.18     8.4149     8.5407    99.6830   101.1730  0.000e+00
      16667     11.500     5.3000     5.2998    0.81046    0.81052          1     3.7341     3.4784      10.46      0.290     1.1333     0.3685  6.223e+00  0.2273000     7.4120     7.4126     0.0006    -0.0002     5.8477     5.8482     11.394     11.645    1437.21    1437.21     8.4148     8.5517    99.6900   101.3120  0.000e+00
      16699     12.000     5.3024     5.3019    0.81060    0.81063          1     3.7340     3.4792      10.02      0.353     1.1090     0.2937  5.538e+00  0.2383000     7.4128     7.4131     0.0004    -0.0004     5.8482     5.8485     11.889     12.151    1437.23    1437.22     8.4119     8.5546    99.6630   101.3520  0.000e+00
      16728     12.500     5.3022     5.3013    0.81059    0.81061          1     3.7337     3.4797       9.61      0.414     1.1139     0.2836  5.021e+00  0.2393000     7.4126     7.4130     0.0004    -0.0009     5.8481     5.8485     12.384     12.658    1437.24    1437.23     8.4126     8.5560    99.6700   101.3670  0.000e+00
      16763     13.000     5.3031     5.3016    0.81064    0.81062          1     3.7337     3.4804       8.97      0.360     1.1663     0.3035  4.383e+00  0.2392000     7.4129     7.4130     0.0001    -0.0015     5.8483     5.8484     12.880     13.164    1437.25    1437.24     8.4141     8.5556    99.6910   101.3630  0.000e+00
      16801     13.500     5.3023     5.3023    0.81061    0.81066          1     3.7339     3.4797       8.43      0.306     1.1216     0.3216  3.935e+00  0.2148000     7.4127     7.4131     0.0005     0.0000     5.8482     5.8485     13.375     13.670    1437.25    1437.25     8.4173     8.5481    99.7270   101.2760  0.000e+00
      16835     14.000     5.3021     5.3020    0.81060    0.81065          1     3.7347     3.4797       7.93      0.351     1.1201     0.2985  3.510e+00  0.2335000     7.4126     7.4131     0.0005    -0.0001     5.8481     5.8485     13.870     14.177    1437.26    1437.26     8.4204     8.5539    99.7620   101.3440  0.000e+00
      16876     14.500     5.3023     5.3020    0.81061    0.81064          1     3.7349     3.4799       7.41      0.299     1.0288     0.3046  3.132e+00  0.2194000     7.4126     7.4130     0.0004    -0.0003     5.8481     5.8484     14.366     14.683    1437.27    1437.27     8.4187     8.5549    99.7430   101.3560  0.000e+00
      16923     15.000     5.3036     5.3029    0.81069    0.81070          1     3.7348     3.4797       6.86      0.250     1.0576     0.3049  2.839e+00  0.2583000     7.4130     7.4132     0.0003    -0.0007     5.8483     5.8486     14.861     15.189    1437.28    1437.28     8.4187     8.5502    99.7470   101.3030  0.000e+00
      16963     15.500     5.3038     5.3039    0.81070    0.81076          1     3.7346     3.4792       6.36      0.298     1.0475     0.3173  2.548e+00  0.2211000     7.4130     7.4135     0.0005     0.0001     5.8484     5.8487     15.357     15.696    1437.29    1437.29     8.4174     8.5517    99.7310   101.3230  0.000e+00
      17007     16.000     5.3041     5.3040    0.81072    0.81077          1     3.7341     3.4796       5.84      0.280     1.1042     0.3169  2.296e+00  0.2405000     7.4131     7.4135     0.0005    -0.0002     5.8484     5.8488     15.852     16.202    1437.30    1437.30     8.4165     8.5587    99.7220   101.4070  0.000e+00
      17057     16.500     5.3052     5.3037    0.81078    0.81076          1     3.7337     3.4799       5.29      0.240     1.1067     0.3379  2.048e+00  0.2381000     7.4134     7.4134     0.0001    -0.0015     5.8486     5.8487     16.347     16.708    1437.31    1437.31     8.4146     8.5550    99.7020   101.3620  0.000e+00
      17120     17.000     5.3044     5.3041    0.81075    0.81078          1     3.7330     3.4790       4.75      0.184     1.0851     0.3292  1.854e+00  0.2814000     7.4131     7.4135     0.0004    -0.0003     5.8484     5.8487     16.843     17.214    1437.32    1437.31     8.4161     8.5524    99.7180   101.3320  0.000e+00
      17184     17.500     5.3047     5.3045    0.81077    0.81081          1     3.7334     3.4797       4.25      0.191     1.0798     0.3128  1.670e+00  0.2328000     7.4132     7.4137     0.0005    -0.0002     5.8485     5.8489     17.338     17.721    1437.33    1437.32     8.4175     8.5594    99.7350   101.4160  0.000e+00
      17245     18.000     5.3105     5.3050    0.81106    0.81083          1     3.7331     3.4798       3.76      0.206     1.0003     0.3516  1.496e+00  0.1926000     7.4148     7.4137    -0.0011    -0.0055     5.8494     5.8488     17.833     18.227    1437.36    1437.33     8.4128     8.5500    99.6960   101.3070  0.000e+00
      17330     18.500     5.3071     5.3058    0.81092    0.81090          1     3.7336     3.4791       3.19      0.154     0.8929     0.2829  1.377e+00  0.2302000     7.4140     7.4141     0.0001    -0.0013     5.8490     5.8492     18.329     18.733    1437.35    1437.35     8.4205     8.5580    99.7770   101.4040  0.000e+00
      17406     19.000     5.3123     5.3119    0.81120    0.81124          1     3.7330     3.4794       2.70      0.156     0.8419     0.3066  1.262e+00  0.2172000     7.4156     7.4161     0.0005    -0.0004     5.8500     5.8504     18.824     19.240    1437.39    1437.39     8.4151     8.5588    99.7270   101.4290  0.000e+00
      17480     19.500     5.3145     5.3142    0.81133    0.81140          1     3.7321     3.4798       2.05      0.170     0.7829     0.3068  1.138e+00  0.2345000     7.4163     7.4170     0.0007    -0.0002     5.8505     5.8510     19.319     19.746    1437.40    1437.40     8.4063     8.5594    99.6290   101.4440  0.000e+00
