ctdpy/tests/test_data/exprapp_april_2020/SBE09_1387_20200414_1635_77_10_0338.cnv
* Sea-Bird SBE 9 Data File:
* FileName = L:\2020\sv20d0338.hex
* Software Version Seasave V 7.26.7.121
* Temperature SN = 6378
* Conductivity SN = 4824
* Number of Bytes Per Scan = 41
* Number of Voltage Words = 4
* Number of Scans Averaged by the Deck Unit = 1
* NMEA Latitude = 58 18.87 N
* NMEA Longitude = 010 56.55 E
* NMEA UTC (Time) = Apr 14 2020  16:35:04
* NMEA baud rate = 4800
** Station:  A14
** Operator:  JKro
** Ship: SVEA
** Average sound velocity: 1477.20 m/s
** True-depth calculation Tue, 14 Apr 2020 17:11:27 +0000
** CTD Python Module SMHI /ver 3-12/ feb 2012 
** LIMS Job: 20207710-0338
** Cruise: SMHI-07-2020
** Latitude [GG MM.mm N] :
** Longitude [GGG MM.mm E]:
# nquan = 30
# nvalues = 214                         
# units = specified
# name 0 = scan: Scan Count
# name 1 = prDM: Pressure, Digiquartz [db]
# name 2 = t090C: Temperature [ITS-90, deg C]
# name 3 = t190C: Temperature, 2 [ITS-90, deg C]
# name 4 = c0S/m: Conductivity [S/m]
# name 5 = c1S/m: Conductivity, 2 [S/m]
# name 6 = pumps: Pump Status
# name 7 = sbeox0V: Oxygen raw, SBE 43 [V]
# name 8 = sbeox1V: Oxygen raw, SBE 43, 2 [V]
# name 9 = altM: Altimeter [m]
# name 10 = dz/dtM: Descent Rate [m/s]
# name 11 = flECO-AFL: Chl-a Fluorescence, WET Labs ECO-AFL/FL [mg/m^3]
# name 12 = flECO-AFL1: Phycocyanin Fluorescence, WET Labs ECO-AFL/FL, 2 [mg/m^3]
# name 13 = par: PAR/Irradiance, Biospherical/Lico [µE/(cm^2*s)]
# name 14 = turbWETntu0: Turbidity, WET Labs ECO [NTU]
# name 15 = sal00: Salinity, Practical [PSU]
# name 16 = sal11: Salinity, Practical, 2 [PSU]
# name 17 = secS-priS: Salinity, Practical, Difference, 2 - 1 [PSU]
# name 18 = T2-T190C: Temperature Difference, 2 - 1 [ITS-90, deg C]
# name 19 = sigma-t00: Density [sigma-t, kg/m^3 ]
# name 20 = sigma-t11: Density, 2 [sigma-t, kg/m^3 ]
# name 21 = depSM: Depth [salt water, m], lat = 58.3145
# name 22 = depFM: Depth [true depth, m], lat = 58.3145
# name 23 = svCM: Sound Velocity [Chen-Millero, m/s]
# name 24 = svCM1: Sound Velocity, 2 [Chen-Millero, m/s]
# name 25 = sbeox0ML/L: Oxygen, SBE 43 [ml/l], WS = 2
# name 26 = sbeox1ML/L: Oxygen, SBE 43, 2 [ml/l], WS = 2
# name 27 = sbeox0PS: Oxygen, SBE 43 [% saturation], WS = 2
# name 28 = sbeox1PS: Oxygen, SBE 43, 2 [% saturation], WS = 2
# name 29 = flag: flag
# span 0 =      16166,      22940       
# span 1 =      1.000,    107.500       
# span 2 =     6.2039,     7.1342       
# span 3 =     6.2035,     7.1339       
# span 4 =   2.906333,   3.549632       
# span 5 =   2.906083,   3.549370       
# span 6 =          1,          1       
# span 7 =     3.4280,     3.6633       
# span 8 =     3.2113,     3.4245       
# span 9 =       0.25,      99.08       
# span 10 =     -0.204,      0.741      
# span 11 =     0.2481,     1.2350      
# span 12 =     0.1480,     0.3484      
# span 13 = 1.0000e-12, 3.0025e+01      
# span 14 =     0.1137,     2.0011      
# span 15 =    28.5484,    35.0428      
# span 16 =    28.5469,    35.0402      
# span 17 =    -0.0233,     0.0135      
# span 18 =    -0.0068,     0.0090      
# span 19 =    22.3877,    27.4337      
# span 20 =    22.3867,    27.4317      
# span 21 =      0.990,    106.473      
# span 22 =      0.996,    106.674      
# span 23 =    1469.08,    1480.99      
# span 24 =    1469.06,    1480.98      
# span 25 =     6.0692,     6.8932      
# span 26 =     6.1941,     7.0257      
# span 27 =     90.202,     96.995      
# span 28 =     92.053,     98.857      
# span 29 = 0.0000e+00, 0.0000e+00      
# interval = decibars: 0.5              
# start_time = Apr 14 2020 16:35:04 [NMEA time, first data scan]
# bad_flag = -9.990e-29
*END*
[from data line 146]
      19983     74.000     6.8393     6.8391    3.49256    3.49235          1     3.5272     3.3026      35.66      0.398     0.2549     0.1480  1.000e-12  0.4895000    34.7295    34.7273    -0.0022    -0.0002    27.2278    27.2262     73.299     73.461    1478.91    1478.91     6.3280     6.4567    93.2220    95.1170  0.000e+00
      20003     74.500     6.8408     6.8404    3.49314    3.49289          1     3.5273     3.3017      35.29      0.510     0.2584     0.1818  1.000e-12  0.5048000    34.7340    34.7317    -0.0023    -0.0004    27.2312    27.2294     73.794     73.957    1478.93    1478.93     6.3277     6.4591    93.2240    95.1580  0.000e+00
      20021     75.000     6.8413     6.8410    3.49345    3.49322          1     3.5271     3.3018      34.85      0.614     0.2621     0.2067  1.000e-12  0.5320000    34.7367    34.7344    -0.0023    -0.0003    27.2333    27.2315     74.290     74.453    1478.95    1478.94     6.3265     6.4627    93.2100    95.2140  0.000e+00
      20039     75.500     6.8420     6.8416    3.49406    3.49383          1     3.5269     3.3017      34.35      0.663     0.2660     0.2382  1.000e-12  0.5699000    34.7426    34.7403    -0.0023    -0.0003    27.2378    27.2361     74.785     74.948    1478.96    1478.96     6.3241     6.4625    93.1790    95.2150  0.000e+00
      20062     76.000     6.8421     6.8417    3.49427    3.49401          1     3.5260     3.3017      33.78      0.607     0.2698     0.2090  1.000e-12  0.5678000    34.7444    34.7420    -0.0024    -0.0004    27.2392    27.2374     75.280     75.444    1478.97    1478.97     6.3213     6.4605    93.1380    95.1870  0.000e+00
      20089     76.500     6.8422     6.8418    3.49447    3.49421          1     3.5254     3.3008      33.19      0.484     0.2685     0.2350  1.000e-12  0.7146000    34.7464    34.7438    -0.0025    -0.0003    27.2408    27.2388     75.775     75.940    1478.98    1478.98     6.3225     6.4565    93.1580    95.1300  0.000e+00
      20120     77.000     6.8426     6.8426    3.49490    3.49479          1     3.5252     3.3007      32.66      0.390     0.2679     0.1980  1.000e-12  0.5507000    34.7503    34.7491    -0.0012     0.0000    27.2438    27.2429     76.270     76.436    1479.00    1479.00     6.3271     6.4645    93.2290    95.2520  0.000e+00
      20147     77.500     6.8475     6.8477    3.49601    3.49581          1     3.5264     3.3012      32.19      0.402     0.2624     0.2198  1.000e-12  0.5374000    34.7574    34.7550    -0.0024     0.0002    27.2488    27.2468     76.765     76.931    1479.04    1479.03     6.3279     6.4605    93.2560    95.2090  0.000e+00
      20167     78.000     6.8495     6.8491    3.49631    3.49606          1     3.5260     3.3005      31.82      0.505     0.2581     0.2210  1.000e-12  0.5588000    34.7586    34.7561    -0.0025    -0.0004    27.2494    27.2475     77.261     77.427    1479.05    1479.05     6.3216     6.4542    93.1690    95.1190  0.000e+00
      20185     78.500     6.8502     6.8499    3.49647    3.49621          1     3.5254     3.3001      31.40      0.619     0.2702     0.1689  1.000e-12  0.5788000    34.7592    34.7567    -0.0025    -0.0004    27.2498    27.2479     77.756     77.923    1479.06    1479.06     6.3205     6.4506    93.1530    95.0690  0.000e+00
      20204     79.000     6.8507     6.8502    3.49657    3.49629          1     3.5249     3.2990      30.82      0.667     0.2591     0.1523  1.000e-12  0.5933000    34.7597    34.7570    -0.0026    -0.0004    27.2501    27.2481     78.251     78.419    1479.07    1479.07     6.3206     6.4481    93.1560    95.0330  0.000e+00
      20233     79.500     6.8507     6.8505    3.49664    3.49637          1     3.5241     3.2981      30.21      0.497     0.2762     0.1676  1.000e-12  0.5839000    34.7601    34.7574    -0.0027    -0.0002    27.2504    27.2483     78.746     78.914    1479.08    1479.08     6.3204     6.4529    93.1530    95.1040  0.000e+00
      20266     80.000     6.8520     6.8521    3.49691    3.49668          1     3.5245     3.2984      29.66      0.341     0.2669     0.2204  1.000e-12  0.6231000    34.7616    34.7590    -0.0026     0.0001    27.2514    27.2494     79.241     79.410    1479.10    1479.10     6.3264     6.4631    93.2450    95.2590  0.000e+00
      20290     80.500     6.8535     6.8533    3.49714    3.49688          1     3.5250     3.2996      28.96      0.435     0.2631     0.2178  1.000e-12  0.6005000    34.7623    34.7598    -0.0026    -0.0002    27.2518    27.2498     79.736     79.906    1479.11    1479.11     6.3248     6.4694    93.2260    95.3550  0.000e+00
      20310     81.000     6.8538     6.8536    3.49720    3.49695          1     3.5249     3.3005      28.72      0.543     0.2782     0.2188  1.000e-12  0.6905000    34.7625    34.7599    -0.0026    -0.0002    27.2519    27.2499     80.232     80.402    1479.12    1479.12     6.3218     6.4676    93.1820    95.3300  0.000e+00
      20330     81.500     6.8542     6.8538    3.49726    3.49699          1     3.5241     3.3009      28.29      0.595     0.2707     0.2386  1.000e-12  0.6371000    34.7625    34.7599    -0.0025    -0.0005    27.2518    27.2499     80.727     80.897    1479.13    1479.13     6.3227     6.4638    93.1970    95.2740  0.000e+00
      20352     82.000     6.8547     6.8544    3.49737    3.49711          1     3.5246     3.3005      27.79      0.576     0.2777     0.2388  1.000e-12  0.6522000    34.7630    34.7603    -0.0026    -0.0003    27.2522    27.2501     81.222     81.393    1479.14    1479.14     6.3260     6.4610    93.2460    95.2350  0.000e+00
      20375     82.500     6.8560     6.8558    3.49765    3.49741          1     3.5250     3.3006      27.28      0.530     0.2824     0.2085  1.000e-12  0.6539000    34.7645    34.7620    -0.0024    -0.0002    27.2532    27.2513     81.717     81.889    1479.16    1479.15     6.3282     6.4656    93.2830    95.3060  0.000e+00
      20399     83.000     6.8577     6.8574    3.49799    3.49774          1     3.5258     3.3010      26.79      0.509     0.2756     0.2603  1.000e-12  0.6361000    34.7662    34.7637    -0.0025    -0.0003    27.2543    27.2524     82.212     82.385    1479.18    1479.17     6.3321     6.4622    93.3450    95.2600  0.000e+00
      20421     83.500     6.8607     6.8606    3.49866    3.49842          1     3.5265     3.3004      26.31      0.529     0.2701     0.2366  1.000e-12  0.6464000    34.7704    34.7678    -0.0026    -0.0001    27.2572    27.2551     82.707     82.880    1479.20    1479.20     6.3324     6.4547    93.3580    95.1590  0.000e+00
      20443     84.000     6.8628     6.8627    3.49912    3.49890          1     3.5273     3.2994      25.85      0.553     0.2710     0.1975  1.000e-12  0.6903000    34.7732    34.7708    -0.0024    -0.0001    27.2591    27.2572     83.203     83.376    1479.22    1479.22     6.3334     6.4572    93.3790    95.2030  0.000e+00
      20469     84.500     6.8661     6.8663    3.50002    3.49981          1     3.5276     3.3001      25.30      0.494     0.2744     0.1759  1.000e-12  0.7513000    34.7794    34.7770    -0.0025     0.0001    27.2635    27.2616     83.698     83.872    1479.25    1479.25     6.3300     6.4654    93.3400    95.3360  0.000e+00
      20501     85.000     6.8694     6.8697    3.50070    3.50052          1     3.5269     3.2999      24.75      0.385     0.2660     0.2198  1.000e-12  0.7198000    34.7833    34.7811    -0.0023     0.0003    27.2662    27.2643     84.193     84.368    1479.28    1479.27     6.3262     6.4540    93.2930    95.1770  0.000e+00
      20525     85.500     6.8734     6.8730    3.50129    3.50104          1     3.5264     3.2993      24.32      0.426     0.2668     0.2356  1.000e-12  0.7113000    34.7856    34.7832    -0.0024    -0.0004    27.2674    27.2655     84.688     84.864    1479.30    1479.30     6.3248     6.4554    93.2830    95.2070  0.000e+00
      20544     86.000     6.8747     6.8745    3.50158    3.50134          1     3.5259     3.2989      23.88      0.545     0.2673     0.2356  1.000e-12  0.7301000    34.7872    34.7848    -0.0024    -0.0002    27.2685    27.2666     85.183     85.359    1479.32    1479.31     6.3254     6.4575    93.2950    95.2410  0.000e+00
      20562     86.500     6.8758     6.8756    3.50186    3.50162          1     3.5261     3.2993      23.11      0.640     0.2697     0.2387  1.000e-12  0.7394000    34.7889    34.7865    -0.0024    -0.0002    27.2697    27.2678     85.678     85.855    1479.33    1479.33     6.3276     6.4633    93.3320    95.3300  0.000e+00
      20582     87.000     6.8766     6.8763    3.50209    3.50183          1     3.5262     3.2999      22.79      0.646     0.2698     0.2369  1.000e-12  0.7077000    34.7904    34.7879    -0.0025    -0.0003    27.2708    27.2688     86.173     86.351    1479.35    1479.34     6.3294     6.4685    93.3600    95.4110  0.000e+00
      20610     87.500     6.8770     6.8768    3.50226    3.50200          1     3.5271     3.3011      22.27      0.506     0.2768     0.2222  1.000e-12  0.7089000    34.7916    34.7890    -0.0027    -0.0002    27.2717    27.2696     86.669     86.847    1479.36    1479.35     6.3337     6.4706    93.4250    95.4420  0.000e+00
      20645     88.000     6.8795     6.8800    3.50275    3.50261          1     3.5275     3.3015      21.73      0.325     0.2692     0.2201  1.000e-12  0.6714000    34.7942    34.7922    -0.0021     0.0005    27.2734    27.2717     87.164     87.342    1479.38    1479.38     6.3254     6.4566    93.3100    95.2450  0.000e+00
      20669     88.500     6.8877     6.8879    3.50416    3.50396          1     3.5256     3.2997      21.33      0.405     0.2634     0.2221  1.000e-12  0.6544000    34.8013    34.7989    -0.0024     0.0002    27.2778    27.2759     87.659     87.838    1479.43    1479.42     6.3139     6.4439    93.1630    95.0800  0.000e+00
      20686     89.000     6.8980     6.8997    3.50612    3.50613          1     3.5239     3.2986      20.90      0.560     0.2587     0.2358  1.000e-12  0.6633000    34.8123    34.8106    -0.0016     0.0017    27.2850    27.2835     88.154     88.334    1479.49    1479.49     6.3123     6.4468    93.1670    95.1550  0.000e+00
      20702     89.500     6.9218     6.9240    3.51036    3.51042          1     3.5235     3.2983      20.50      0.691     0.2702     0.2358  1.000e-12  0.6586000    34.8346    34.8331    -0.0014     0.0021    27.2993    27.2979     88.649     88.829    1479.62    1479.62     6.3133     6.4481    93.2470    95.2410  0.000e+00
      20720     90.000     6.9371     6.9372    3.51289    3.51266          1     3.5237     3.2986      19.97      0.733     0.2755     0.2352  1.000e-12  0.6468000    34.8468    34.8441    -0.0027     0.0001    27.3069    27.3047     89.144     89.325    1479.70    1479.70     6.3140     6.4502    93.2970    95.3080  0.000e+00
      20747     90.500     6.9446     6.9427    3.51439    3.51380          1     3.5237     3.2986      19.35      0.557     0.2873     0.2045  1.000e-12  0.6286000    34.8555    34.8510    -0.0046    -0.0018    27.3127    27.3094     89.639     89.821    1479.75    1479.73     6.3093     6.4445    93.2490    95.2410  0.000e+00
      20780     91.000     6.9471     6.9466    3.51503    3.51472          1     3.5234     3.2988      18.77      0.339     0.2823     0.1964  1.000e-12  0.6204000    34.8598    34.8568    -0.0030    -0.0004    27.3157    27.3134     90.134     90.317    1479.77    1479.77     6.3129     6.4518    93.3100    95.3600  0.000e+00
      20804     91.500     6.9479     6.9476    3.51528    3.51502          1     3.5240     3.2991      18.37      0.428     0.2809     0.2106  1.000e-12  0.6032000    34.8615    34.8590    -0.0025    -0.0003    27.3170    27.3150     90.630     90.812    1479.78    1479.78     6.3109     6.4414    93.2830    95.2110  0.000e+00
      20823     92.000     6.9496     6.9495    3.51595    3.51574          1     3.5235     3.2980      17.95      0.560     0.2621     0.2359  1.000e-12  0.6559000    34.8669    34.8647    -0.0021    -0.0002    27.3209    27.3192     91.125     91.308    1479.81    1479.80     6.3019     6.4262    93.1580    94.9930  0.000e+00
      20844     92.500     6.9623     6.9638    3.51874    3.51879          1     3.5205     3.2948      17.42      0.611     0.2701     0.2358  1.000e-12  0.6318000    34.8846    34.8836    -0.0010     0.0015    27.3331    27.3321     91.620     91.804    1479.89    1479.89     6.2699     6.3866    92.7210    94.4500  0.000e+00
      20873     93.000     6.9988     7.0072    3.52528    3.52614          1     3.5085     3.2849      16.83      0.466     0.2795     0.2564  1.000e-12  0.6369000    34.9193    34.9203     0.0011     0.0084    27.3554    27.3551     92.115     92.300    1480.08    1480.11     6.2176     6.3310    92.0470    93.7440  0.000e+00
      20906     93.500     7.0722     7.0811    3.53873    3.53950          1     3.4955     3.2742      16.31      0.347     0.2590     0.2376  1.000e-12  0.6924000    34.9927    34.9921    -0.0006     0.0090    27.4030    27.4013     92.610     92.795    1480.46    1480.50     6.1854     6.3014    91.7680    93.5070  0.000e+00
      20928     94.000     7.1014     7.1014    3.54274    3.54261          1     3.4894     3.2674      15.89      0.446     0.2601     0.2634  1.000e-12  0.7944000    35.0068    35.0054    -0.0014    -0.0001    27.4100    27.4089     93.105     93.291    1480.60    1480.60     6.1744     6.2790    91.6740    93.2270  0.000e+00
      20947     94.500     7.1051     7.1047    3.54369    3.54343          1     3.4842     3.2617      15.49      0.569     0.2670     0.1979  1.000e-12  0.7690000    35.0133    35.0109    -0.0024    -0.0004    27.4146    27.4127     93.600     93.787    1480.63    1480.63     6.1617     6.2702    91.4980    93.1060  0.000e+00
      20965     95.000     7.1062     7.1060    3.54409    3.54386          1     3.4792     3.2569      15.01      0.638     0.2642     0.2113  1.000e-12  0.7921000    35.0164    35.0140    -0.0024    -0.0001    27.4169    27.4150     94.096     94.282    1480.65    1480.64     6.1528     6.2720    91.3690    93.1370  0.000e+00
      20987     95.500     7.1090     7.1092    3.54460    3.54442          1     3.4742     3.2534      14.47      0.619     0.2625     0.2349  1.000e-12  0.8298000    35.0189    35.0166    -0.0023     0.0003    27.4185    27.4166     94.591     94.778    1480.67    1480.67     6.1459     6.2752    91.2740    93.1940  0.000e+00
      21013     96.000     7.1112     7.1110    3.54498    3.54472          1     3.4693     3.2501      13.89      0.506     0.2648     0.2018  1.000e-12  0.8733000    35.0205    35.0178    -0.0026    -0.0002    27.4194    27.4173     95.086     95.274    1480.69    1480.68     6.1405     6.2766    91.2000    93.2190  0.000e+00
      21041     96.500     7.1116     7.1116    3.54505    3.54481          1     3.4651     3.2480      13.39      0.419     0.2572     0.1790  1.000e-12  0.9312000    35.0206    35.0180    -0.0026    -0.0001    27.4194    27.4174     95.581     95.769    1480.70    1480.69     6.1376     6.2836    91.1570    93.3250  0.000e+00
      21065     97.000     7.1126     7.1126    3.54522    3.54501          1     3.4630     3.2471      12.98      0.461     0.2632     0.2490  1.000e-12  0.9472000    35.0212    35.0189    -0.0023    -0.0000    27.4198    27.4180     96.076     96.265    1480.71    1480.71     6.1387     6.2789    91.1760    93.2580  0.000e+00
