ctdpy/tests/test_data/exprapp_april_2020/SBE09_1387_20200414_1734_77_10_0339.cnv
* Sea-Bird SBE 9 Data File:
* FileName = L:\2020\sv20d0339.hex
* Software Version Seasave V 7.26.7.121
* Temperature SN = 6378
* Conductivity SN = 4824
* Number of Bytes Per Scan = 41
* Number of Voltage Words = 4
* Number of Scans Averaged by the Deck Unit = 1
* NMEA Latitude = 58 17.70 N
* NMEA Longitude = 010 50.71 E
* NMEA UTC (Time) = Apr 14 2020  17:34:37
* NMEA baud rate = 4800
** Station:  A15
** Operator:  JKro
** Ship: SVEA
** Average sound velocity: 1478.74 m/s
** True-depth calculation Tue, 14 Apr 2020 18:47:29 +0000
** CTD Python Module SMHI /ver 3-12/ feb 2012 
** LIMS Job: 20207710-0339
** Cruise: SMHI-07-2020
** Latitude [GG MM.mm N] :
** Longitude [GGG MM.mm E]:
# nquan = 30
# nvalues = 265                         
# units = specified
# name 0 = scan: Scan Count
# name 1 = prDM: Pressure, Digiquartz [db]
# name 2 = t090C: Temperature [ITS-90, deg C]
# name 3 = t190C: Temperature, 2 [ITS-90, deg C]
# name 4 = c0S/m: Conductivity [S/m]
# name 5 = c1S/m: Conductivity, 2 [S/m]
# name 6 = pumps: Pump Status
# name 7 = sbeox0V: Oxygen raw, SBE 43 [V]
# name 8 = sbeox1V: Oxygen raw, SBE 43, 2 [V]
# name 9 = altM: Altimeter [m]
# name 10 = dz/dtM: Descent Rate [m/s]
# name 11 = flECO-AFL: Chl-a Fluorescence, WET Labs ECO-AFL/FL [mg/m^3]
# name 12 = flECO-AFL1: Phycocyanin Fluorescence, WET Labs ECO-AFL/FL, 2 [mg/m^3]
# name 13 = par: PAR/Irradiance, Biospherical/Lico [µE/(cm^2*s)]
# name 14 = turbWETntu0: Turbidity, WET Labs ECO [NTU]
# name 15 = sal00: Salinity, Practical [PSU]
# name 16 = sal11: Salinity, Practical, 2 [PSU]
# name 17 = secS-priS: Salinity, Practical, Difference, 2 - 1 [PSU]
# name 18 = T2-T190C: Temperature Difference, 2 - 1 [ITS-90, deg C]
# name 19 = sigma-t00: Density [sigma-t, kg/m^3 ]
# name 20 = sigma-t11: Density, 2 [sigma-t, kg/m^3 ]
# name 21 = depSM: Depth [salt water, m], lat = 58.295
# name 22 = depFM: Depth [true depth, m], lat = 58.295
# name 23 = svCM: Sound Velocity [Chen-Millero, m/s]
# name 24 = svCM1: Sound Velocity, 2 [Chen-Millero, m/s]
# name 25 = sbeox0ML/L: Oxygen, SBE 43 [ml/l], WS = 2
# name 26 = sbeox1ML/L: Oxygen, SBE 43, 2 [ml/l], WS = 2
# name 27 = sbeox0PS: Oxygen, SBE 43 [% saturation], WS = 2
# name 28 = sbeox1PS: Oxygen, SBE 43, 2 [% saturation], WS = 2
# name 29 = flag: flag
# span 0 =      37001,      44180       
# span 1 =      1.500,    133.500       
# span 2 =     6.4246,     7.2464       
# span 3 =     6.4270,     7.2461       
# span 4 =   2.877417,   3.564572       
# span 5 =   2.877149,   3.564323       
# span 6 =          1,          1       
# span 7 =     3.4852,     3.6655       
# span 8 =     3.2572,     3.4238       
# span 9 =       1.91,      98.38       
# span 10 =     -0.432,      0.677      
# span 11 =     0.2225,     1.4224      
# span 12 =     0.1278,     0.4225      
# span 13 = -1.677e-07, 5.0666e+00      
# span 14 =     0.1239,     1.5660      
# span 15 =    28.3469,    35.1173      
# span 16 =    28.3440,    35.1153      
# span 17 =    -0.0190,     0.0701      
# span 18 =    -0.0075,     0.0083      
# span 19 =    22.2452,    27.4911      
# span 20 =    22.2429,    27.4892      
# span 21 =      1.486,    132.217      
# span 22 =      1.495,    132.439      
# span 23 =    1468.34,    1481.46      
# span 24 =    1468.32,    1481.46      
# span 25 =     6.1437,     6.9238      
# span 26 =     6.2474,     7.0628      
# span 27 =     91.585,     96.999      
# span 28 =     93.098,     98.948      
# span 29 = 0.0000e+00, 0.0000e+00      
# interval = decibars: 0.5              
# start_time = Apr 14 2020 17:34:38 [NMEA time, first data scan]
# bad_flag = -9.990e-29
*END*
[from data line 97]
      39539     50.000     7.2243     7.2243    3.55506    3.55484          1     3.5235     3.2923      97.19      0.494     0.2597     0.2189  1.000e-12  0.1998000    35.0394    35.0369    -0.0025     0.0001    27.4184    27.4164     49.529     49.666    1480.39    1480.39     6.2207     6.3358    92.6410    94.3540  0.000e+00
      39565     50.500     7.2223     7.2221    3.55521    3.55496          1     3.5226     3.2916      97.07      0.470     0.2641     0.2239  1.000e-12  0.2062000    35.0428    35.0403    -0.0026    -0.0002    27.4213    27.4193     50.025     50.162    1480.40    1480.39     6.2240     6.3468    92.6890    94.5150  0.000e+00
      39589     51.000     7.2158     7.2144    3.55551    3.55524          1     3.5234     3.2927      88.79      0.485     0.2651     0.1776  1.000e-12  0.2021000    35.0525    35.0510    -0.0015    -0.0014    27.4298    27.4289     50.520     50.657    1480.39    1480.39     6.2343     6.3525    92.8330    94.5900  0.000e+00
      39611     51.500     7.2025     7.2008    3.55517    3.55484          1     3.5251     3.2930      97.22      0.522     0.2643     0.2401  1.000e-12  0.2120000    35.0620    35.0601    -0.0019    -0.0018    27.4392    27.4380     51.015     51.153    1480.36    1480.35     6.2453     6.3619    92.9750    94.7060  0.000e+00
      39632     52.000     7.1882     7.1865    3.55413    3.55372          1     3.5276     3.2952      97.18      0.553     0.2597     0.2074  1.000e-12  0.2423000    35.0648    35.0621    -0.0028    -0.0017    27.4434    27.4415     51.510     51.649    1480.32    1480.31     6.2555     6.3784    93.0980    94.9220  0.000e+00
      39653     52.500     7.1839     7.1821    3.55380    3.55338          1     3.5302     3.2973      97.18      0.565     0.2603     0.2315  1.000e-12  0.2583000    35.0654    35.0626    -0.0028    -0.0018    27.4445    27.4425     52.006     52.144    1480.31    1480.30     6.2618     6.3826    93.1830    94.9750  0.000e+00
      39677     53.000     7.1657     7.1658    3.55187    3.55168          1     3.5329     3.2995      97.18      0.542     0.2691     0.2352  1.000e-12  0.2710000    35.0624    35.0603    -0.0022     0.0001    27.4448    27.4431     52.501     52.640    1480.24    1480.24     6.2745     6.3983    93.3310    95.1720  0.000e+00
      39702     53.500     7.1598     7.1602    3.55153    3.55131          1     3.5373     3.3035      97.20      0.495     0.2700     0.2545  1.000e-12  0.2892000    35.0645    35.0616    -0.0029     0.0004    27.4472    27.4449     52.996     53.136    1480.23    1480.23     6.2874     6.4116    93.5120    95.3590  0.000e+00
      39727     54.000     7.1343     7.1314    3.54957    3.54918          1     3.5403     3.3061      85.07      0.469     0.2673     0.1982  1.000e-12  0.3045000    35.0686    35.0672    -0.0013    -0.0029    27.4540    27.4534     53.491     53.631    1480.15    1480.14     6.2833     6.4011    93.4000    95.1430  0.000e+00
      39752     54.500     7.1250     7.1249    3.54946    3.54924          1     3.5393     3.3055      89.29      0.476     0.2596     0.1819  1.000e-12  0.3368000    35.0766    35.0742    -0.0023    -0.0001    27.4616    27.4598     53.986     54.127    1480.13    1480.13     6.2734     6.3913    93.2370    94.9880  0.000e+00
      39774     55.000     7.1345     7.1348    3.55093    3.55078          1     3.5385     3.3054      97.18      0.515     0.2584     0.2046  1.000e-12  0.3428000    35.0828    35.0808    -0.0019     0.0003    27.4652    27.4636     54.482     54.623    1480.18    1480.18     6.2756     6.3956    93.2940    95.0770  0.000e+00
      39797     55.500     7.1440     7.1437    3.55197    3.55182          1     3.5393     3.3061      97.16      0.536     0.2595     0.1756  1.000e-12  0.3373000    35.0843    35.0830    -0.0013    -0.0004    27.4650    27.4641     54.977     55.118    1480.23    1480.23     6.2816     6.3969    93.4040    95.1170  0.000e+00
      39822     56.000     7.1428     7.1421    3.55204    3.55168          1     3.5387     3.3048      97.19      0.502     0.2570     0.1767  1.000e-12  0.3363000    35.0861    35.0828    -0.0032    -0.0007    27.4666    27.4641     55.472     55.614    1480.24    1480.23     6.2497     6.3520    92.9290    94.4460  0.000e+00
      39848     56.500     7.1356     7.1352    3.55133    3.55110          1     3.5276     3.2956      97.18      0.460     0.2681     0.1784  1.000e-12  0.3481000    35.0853    35.0832    -0.0021    -0.0005    27.4670    27.4654     55.967     56.109    1480.22    1480.21     6.1969     6.2899    92.1280    93.5090  0.000e+00
      39873     57.000     7.1731     7.1767    3.55632    3.55652          1     3.5150     3.2847      97.19      0.466     0.2589     0.1965  1.000e-12  0.3650000    35.1017    35.1003    -0.0014     0.0035    27.4746    27.4730     56.463     56.605    1480.39    1480.40     6.1653     6.2597    91.7460    93.1580  0.000e+00
      39896     57.500     7.2280     7.2321    3.56223    3.56249          1     3.5055     3.2765      97.18      0.500     0.2471     0.2340  1.000e-12  0.2789000    35.1105    35.1092    -0.0013     0.0040    27.4738    27.4722     56.958     57.101    1480.62    1480.63     6.1504     6.2474    91.6450    93.0980  0.000e+00
      39919     58.000     7.2407     7.2411    3.56370    3.56353          1     3.4997     3.2705      97.17      0.528     0.2464     0.2359  1.000e-12  0.2601000    35.1134    35.1112    -0.0023     0.0004    27.4743    27.4724     57.453     57.596    1480.68    1480.68     6.1498     6.2513    91.6640    93.1770  0.000e+00
      39942     58.500     7.2417     7.2420    3.56382    3.56365          1     3.4959     3.2670      97.15      0.534     0.2471     0.2004  1.000e-12  0.2255000    35.1135    35.1113    -0.0021     0.0003    27.4741    27.4724     57.948     58.092    1480.69    1480.69     6.1504     6.2608    91.6760    93.3190  0.000e+00
      39966     59.000     7.2429     7.2430    3.56399    3.56378          1     3.4931     3.2647      97.18      0.507     0.2540     0.1795  1.000e-12  0.2319000    35.1138    35.1115    -0.0023     0.0000    27.4743    27.4724     58.443     58.588    1480.70    1480.70     6.1485     6.2646    91.6490    93.3780  0.000e+00
      39991     59.500     7.2439     7.2437    3.56416    3.56393          1     3.4908     3.2635      97.16      0.476     0.2475     0.1848  1.000e-12  0.2529000    35.1144    35.1121    -0.0023    -0.0002    27.4746    27.4728     58.939     59.083    1480.72    1480.72     6.1459     6.2676    91.6130    93.4260  0.000e+00
      40015     60.000     7.2445     7.2441    3.56425    3.56400          1     3.4892     3.2625      97.16      0.487     0.2538     0.1998  1.000e-12  0.2214000    35.1146    35.1123    -0.0023    -0.0004    27.4747    27.4729     59.434     59.579    1480.73    1480.72     6.1473     6.2633    91.6350    93.3620  0.000e+00
      40037     60.500     7.2446     7.2444    3.56427    3.56405          1     3.4891     3.2610      86.76      0.525     0.2496     0.2008  1.000e-12  0.2188000    35.1145    35.1122    -0.0023    -0.0001    27.4746    27.4728     59.929     60.075    1480.74    1480.73     6.1507     6.2604    91.6860    93.3190  0.000e+00
      40057     61.000     7.2449     7.2446    3.56432    3.56410          1     3.4886     3.2604      90.98      0.567     0.2413     0.1982  1.000e-12  0.2393000    35.1145    35.1123    -0.0022    -0.0003    27.4745    27.4729     60.424     60.570    1480.75    1480.74     6.1482     6.2628    91.6500    93.3570  0.000e+00
      40080     61.500     7.2459     7.2456    3.56448    3.56425          1     3.4879     3.2596      86.39      0.569     0.2485     0.2343  1.000e-12  0.2506000    35.1150    35.1128    -0.0022    -0.0003    27.4747    27.4731     60.919     61.066    1480.76    1480.76     6.1437     6.2619    91.5850    93.3450  0.000e+00
      40105     62.000     7.2463     7.2460    3.56455    3.56430          1     3.4864     3.2595      88.36      0.507     0.2566     0.1642  1.000e-12  0.2344000    35.1150    35.1126    -0.0024    -0.0003    27.4748    27.4729     61.415     61.562    1480.77    1480.76     6.1448     6.2721    91.6010    93.4980  0.000e+00
      40130     62.500     7.2464     7.2461    3.56457    3.56432          1     3.4871     3.2602      97.30      0.464     0.2574     0.1905  1.000e-12  0.2325000    35.1150    35.1126    -0.0024    -0.0003    27.4747    27.4728     61.910     62.057    1480.78    1480.77     6.1536     6.2698    91.7330    93.4640  0.000e+00
      40154     63.000     7.2460     7.2455    3.56456    3.56431          1     3.4882     3.2597      97.14      0.487     0.2534     0.2354  1.000e-12  0.2247000    35.1150    35.1127    -0.0023    -0.0005    27.4748    27.4730     62.405     62.553    1480.78    1480.78     6.1556     6.2646    91.7630    93.3860  0.000e+00
      40177     63.500     7.2457     7.2454    3.56456    3.56432          1     3.4886     3.2593      86.03      0.519     0.2493     0.2130  1.000e-12  0.2404000    35.1151    35.1127    -0.0024    -0.0002    27.4749    27.4730     62.900     63.049    1480.79    1480.79     6.1539     6.2684    91.7370    93.4420  0.000e+00
      40204     64.000     7.2450     7.2448    3.56454    3.56430          1     3.4886     3.2594      70.55      0.476     0.2665     0.2066  1.000e-12  0.2545000    35.1153    35.1128    -0.0025    -0.0002    27.4751    27.4732     63.396     63.544    1480.80    1480.79     6.1529     6.2640    91.7210    93.3740  0.000e+00
      40231     64.500     7.2447     7.2444    3.56453    3.56428          1     3.4884     3.2582      83.99      0.436     0.2573     0.2187  1.000e-12  0.2327000    35.1152    35.1129    -0.0023    -0.0003    27.4751    27.4733     63.891     64.040    1480.80    1480.80     6.1526     6.2609    91.7150    93.3270  0.000e+00
      40255     65.000     7.2432     7.2441    3.56440    3.56427          1     3.4881     3.2581      97.18      0.471     0.2449     0.2352  1.000e-12  0.2313000    35.1150    35.1128    -0.0022     0.0008    27.4752    27.4733     64.386     64.536    1480.81    1480.81     6.1503     6.2712    91.6780    93.4800  0.000e+00
      40277     65.500     7.2418     7.2415    3.56426    3.56404          1     3.4874     3.2588      97.16      0.525     0.2468     0.2281  1.000e-12  0.2422000    35.1147    35.1125    -0.0022    -0.0003    27.4751    27.4734     64.881     65.031    1480.81    1480.80     6.1510     6.2731    91.6850    93.5030  0.000e+00
      40298     66.000     7.2418     7.2410    3.56431    3.56403          1     3.4877     3.2591      97.19      0.558     0.2450     0.2298  1.000e-12  0.2553000    35.1151    35.1127    -0.0023    -0.0008    27.4754    27.4737     65.376     65.527    1480.82    1480.81     6.1574     6.2757    91.7800    93.5410  0.000e+00
      40321     66.500     7.2420     7.2418    3.56438    3.56417          1     3.4887     3.2599      97.18      0.548     0.2554     0.2384  1.000e-12  0.2389000    35.1153    35.1132    -0.0021    -0.0001    27.4756    27.4739     65.872     66.023    1480.83    1480.82     6.1596     6.2793    91.8130    93.5970  0.000e+00
      40345     67.000     7.2398     7.2396    3.56421    3.56399          1     3.4891     3.2607      97.17      0.514     0.2547     0.2393  1.000e-12  0.2378000    35.1155    35.1133    -0.0022    -0.0002    27.4760    27.4743     66.367     66.518    1480.83    1480.82     6.1595     6.2872    91.8080    93.7100  0.000e+00
      40368     67.500     7.2393     7.2386    3.56421    3.56391          1     3.4895     3.2626      96.99      0.501     0.2453     0.2350  1.000e-12  0.2265000    35.1157    35.1132    -0.0025    -0.0007    27.4763    27.4744     66.862     67.014    1480.83    1480.83     6.1643     6.2924    91.8780    93.7850  0.000e+00
      40391     68.000     7.2364     7.2342    3.56392    3.56350          1     3.4912     3.2635      97.19      0.526     0.2439     0.2194  1.000e-12  0.2256000    35.1151    35.1129    -0.0022    -0.0023    27.4762    27.4748     67.357     67.509    1480.83    1480.82     6.1728     6.2915    91.9990    93.7620  0.000e+00
      40415     68.500     7.2317     7.2310    3.56354    3.56328          1     3.4934     3.2645      78.03      0.519     0.2713     0.2070  1.000e-12  0.2559000    35.1156    35.1135    -0.0021    -0.0007    27.4773    27.4757     67.852     68.005    1480.82    1480.81     6.1823     6.3010    92.1310    93.8970  0.000e+00
      40441     69.000     7.2301     7.2291    3.56348    3.56316          1     3.4968     3.2672      75.48      0.464     0.2393     0.1936  1.000e-12  0.2459000    35.1163    35.1138    -0.0025    -0.0010    27.4781    27.4762     68.347     68.501    1480.82    1480.82     6.1945     6.3211    92.3090    94.1930  0.000e+00
      40466     69.500     7.2248     7.2220    3.56297    3.56248          1     3.5006     3.2713      97.55      0.466     0.2537     0.2033  1.000e-12  0.2385000    35.1158    35.1133    -0.0025    -0.0028    27.4784    27.4768     68.843     68.996    1480.81    1480.80     6.2068     6.3410    92.4820    94.4730  0.000e+00
      40487     70.000     7.2139     7.2130    3.56187    3.56161          1     3.5043     3.2752      83.69      0.520     0.2465     0.2064  1.000e-12  0.2238000    35.1145    35.1127    -0.0018    -0.0010    27.4790    27.4776     69.338     69.492    1480.77    1480.77     6.2174     6.3517    92.6160    94.6130  0.000e+00
      40509     70.500     7.2071     7.2084    3.56132    3.56121          1     3.5079     3.2788      64.58      0.561     0.2456     0.2212  1.000e-12  0.2232000    35.1152    35.1127    -0.0025     0.0013    27.4805    27.4783     69.833     69.988    1480.76    1480.76     6.2245     6.3508    92.7080    94.5900  0.000e+00
      40534     71.000     7.2020     7.2018    3.56086    3.56063          1     3.5110     3.2807      64.12      0.517     0.2368     0.2490  1.000e-12  0.2222000    35.1151    35.1129    -0.0023    -0.0002    27.4811    27.4793     70.328     70.483    1480.75    1480.74     6.2274     6.3486    92.7390    94.5430  0.000e+00
      40561     71.500     7.2000     7.1997    3.56074    3.56053          1     3.5133     3.2824      63.62      0.457     0.2481     0.2397  1.000e-12  0.2201000    35.1157    35.1136    -0.0021    -0.0003    27.4818    27.4803     70.823     70.979    1480.75    1480.74     6.2284     6.3458    92.7510    94.4970  0.000e+00
      40585     72.000     7.1998     7.1997    3.56073    3.56051          1     3.5140     3.2829      72.73      0.470     0.2471     0.2201  1.000e-12  0.2192000    35.1154    35.1132    -0.0022    -0.0001    27.4817    27.4799     71.319     71.475    1480.75    1480.75     6.2260     6.3447    92.7140    94.4800  0.000e+00
      40608     72.500     7.1979     7.1974    3.56058    3.56034          1     3.5143     3.2834      72.69      0.501     0.2381     0.2205  1.000e-12  0.2075000    35.1155    35.1134    -0.0021    -0.0005    27.4820    27.4804     71.814     71.970    1480.76    1480.75     6.2240     6.3485    92.6810    94.5320  0.000e+00
      40631     73.000     7.1979     7.1975    3.56060    3.56037          1     3.5139     3.2844      89.67      0.530     0.2400     0.1645  1.000e-12  0.1959000    35.1155    35.1133    -0.0022    -0.0004    27.4820    27.4803     72.309     72.466    1480.76    1480.76     6.2242     6.3523    92.6840    94.5890  0.000e+00
      40654     73.500     7.1980     7.1976    3.56065    3.56040          1     3.5143     3.2848      97.00      0.531     0.2427     0.2609  1.000e-12  0.1977000    35.1156    35.1134    -0.0023    -0.0004    27.4821    27.4803     72.804     72.962    1480.77    1480.77     6.2272     6.3465    92.7280    94.5030  0.000e+00
