ctdpy/tests/test_data/exprapp_april_2020/SBE09_1387_20200418_1555_77_10_0357.cnv
* Sea-Bird SBE 9 Data File:
* FileName = L:\2020\sv20d0357.hex
* Software Version Seasave V 7.26.7.121
* Temperature SN = 6378
* Conductivity SN = 4824
* Number of Bytes Per Scan = 41
* Number of Voltage Words = 4
* Number of Scans Averaged by the Deck Unit = 1
* NMEA Latitude = 58 01.00 N
* NMEA Longitude = 017 59.06 E
* NMEA UTC (Time) = Apr 18 2020  15:55:45
* NMEA baud rate = 4800
** Station:  BY32
** Operator:  JKro
** Ship: SVEA
** Average sound velocity: 1441.64 m/s
** True-depth calculation Sat, 18 Apr 2020 17:21:02 +0000
** CTD Python Module SMHI /ver 3-12/ feb 2012 
** LIMS Job: 20207710-0357
** Cruise: SMHI-07-2020
** Latitude [GG MM.mm N] :
** Longitude [GGG MM.mm E]:
# nquan = 30
# nvalues = 397                         
# units = specified
# name 0 = scan: Scan Count
# name 1 = prDM: Pressure, Digiquartz [db]
# name 2 = t090C: Temperature [ITS-90, deg C]
# name 3 = t190C: Temperature, 2 [ITS-90, deg C]
# name 4 = c0S/m: Conductivity [S/m]
# name 5 = c1S/m: Conductivity, 2 [S/m]
# name 6 = pumps: Pump Status
# name 7 = sbeox0V: Oxygen raw, SBE 43 [V]
# name 8 = sbeox1V: Oxygen raw, SBE 43, 2 [V]
# name 9 = altM: Altimeter [m]
# name 10 = dz/dtM: Descent Rate [m/s]
# name 11 = flECO-AFL: Chl-a Fluorescence, WET Labs ECO-AFL/FL [mg/m^3]
# name 12 = flECO-AFL1: Phycocyanin Fluorescence, WET Labs ECO-AFL/FL, 2 [mg/m^3]
# name 13 = par: PAR/Irradiance, Biospherical/Lico [µE/(cm^2*s)]
# name 14 = turbWETntu0: Turbidity, WET Labs ECO [NTU]
# name 15 = sal00: Salinity, Practical [PSU]
# name 16 = sal11: Salinity, Practical, 2 [PSU]
# name 17 = secS-priS: Salinity, Practical, Difference, 2 - 1 [PSU]
# name 18 = T2-T190C: Temperature Difference, 2 - 1 [ITS-90, deg C]
# name 19 = sigma-t00: Density [sigma-t, kg/m^3 ]
# name 20 = sigma-t11: Density, 2 [sigma-t, kg/m^3 ]
# name 21 = depSM: Depth [salt water, m], lat = 58.0167
# name 22 = depFM: Depth [true depth, m], lat = 58.0167
# name 23 = svCM: Sound Velocity [Chen-Millero, m/s]
# name 24 = svCM1: Sound Velocity, 2 [Chen-Millero, m/s]
# name 25 = sbeox0ML/L: Oxygen, SBE 43 [ml/l], WS = 2
# name 26 = sbeox1ML/L: Oxygen, SBE 43, 2 [ml/l], WS = 2
# name 27 = sbeox0PS: Oxygen, SBE 43 [% saturation], WS = 2
# name 28 = sbeox1PS: Oxygen, SBE 43, 2 [% saturation], WS = 2
# name 29 = flag: flag
# span 0 =      15098,      25806       
# span 1 =      1.500,    199.500       
# span 2 =     4.4333,     5.9175       
# span 3 =     4.4324,     5.9173       
# span 4 =   0.781565,   1.155376       
# span 5 =   0.781702,   1.155567       
# span 6 =          1,          1       
# span 7 =     0.7411,     3.8703       
# span 8 =     0.7276,     3.6105       
# span 9 =      -0.13,      97.49       
# span 10 =     -0.292,      0.642      
# span 11 =     0.3196,     3.1165      
# span 12 =     0.1323,     0.8182      
# span 13 = 1.0000e-12, 6.4141e+01      
# span 14 =     0.1033,     2.5088      
# span 15 =     7.2288,    10.6292      
# span 16 =     7.2291,    10.6312      
# span 17 =     0.0002,     0.0112      
# span 18 =    -0.0076,     0.0227      
# span 19 =     5.7109,     8.3538      
# span 20 =     5.7112,     8.3554      
# span 21 =      1.486,    197.556      
# span 22 =      1.519,    201.735      
# span 23 =    1434.07,    1446.94      
# span 24 =    1434.06,    1446.94      
# span 25 =     0.0442,     8.8358      
# span 26 =     0.0798,     8.9917      
# span 27 =      0.543,    104.161      
# span 28 =      0.981,    106.010      
# span 29 = 0.0000e+00, 0.0000e+00      
# interval = decibars: 0.5              
# start_time = Apr 18 2020 15:55:46 [NMEA time, first data scan]
# bad_flag = -9.990e-29
*END*
[from data line 291]
      22752    147.000     5.8862     5.8860    1.14411    1.14431          1     0.7446     0.7337      52.78      0.478     0.4496     0.2488  1.000e-12  0.7601000    10.5362    10.5382     0.0020    -0.0002     8.2825     8.2840    145.586    148.703    1445.85    1445.85     0.0533     0.0993     0.6540     1.2190  0.000e+00
      22783    147.500     5.8864     5.8861    1.14417    1.14437          1     0.7444     0.7335      52.27      0.391     0.4497     0.2159  1.000e-12  0.7561000    10.5367    10.5386     0.0020    -0.0002     8.2828     8.2844    146.081    149.208    1445.86    1445.86     0.0527     0.0976     0.6470     1.1980  0.000e+00
      22810    148.000     5.8868     5.8865    1.14432    1.14452          1     0.7444     0.7335      51.78      0.418     0.4489     0.2257  1.000e-12  0.7562000    10.5378    10.5400     0.0021    -0.0002     8.2837     8.2854    146.576    149.713    1445.87    1445.87     0.0533     0.1012     0.6540     1.2430  0.000e+00
      22832    148.500     5.8873     5.8869    1.14452    1.14472          1     0.7444     0.7336      51.27      0.498     0.4517     0.2085  1.000e-12  0.7498000    10.5396    10.5417     0.0021    -0.0004     8.2851     8.2868    147.071    150.219    1445.88    1445.88     0.0536     0.1006     0.6580     1.2350  0.000e+00
      22853    149.000     5.8877     5.8874    1.14471    1.14491          1     0.7446     0.7335      50.59      0.553     0.4444     0.2341  1.000e-12  0.7440000    10.5413    10.5434     0.0021    -0.0003     8.2864     8.2881    147.566    150.724    1445.89    1445.90     0.0534     0.0986     0.6550     1.2100  0.000e+00
      22878    149.500     5.8881     5.8879    1.14490    1.14511          1     0.7443     0.7335      49.54      0.522     0.4362     0.2071  1.000e-12  0.7388000    10.5429    10.5452     0.0022    -0.0002     8.2876     8.2894    148.061    151.229    1445.91    1445.91     0.0524     0.0979     0.6440     1.2020  0.000e+00
      22906    150.000     5.8885     5.8883    1.14504    1.14525          1     0.7443     0.7331      70.65      0.444     0.4381     0.1813  1.000e-12  0.7252000    10.5442    10.5462     0.0021    -0.0001     8.2886     8.2903    148.556    151.734    1445.92    1445.92     0.0530     0.0968     0.6510     1.1880  0.000e+00
      22934    150.500     5.8890     5.8888    1.14520    1.14540          1     0.7442     0.7332      50.56      0.414     0.4361     0.2325  1.000e-12  0.7156000    10.5455    10.5475     0.0020    -0.0002     8.2896     8.2912    149.051    152.239    1445.93    1445.93     0.0521     0.0993     0.6400     1.2190  0.000e+00
      22959    151.000     5.8895     5.8893    1.14533    1.14553          1     0.7444     0.7329      50.52      0.459     0.4351     0.1915  1.000e-12  0.7219000    10.5466    10.5486     0.0021    -0.0003     8.2904     8.2921    149.546    152.744    1445.94    1445.94     0.0529     0.0958     0.6500     1.1760  0.000e+00
      22982    151.500     5.8898     5.8896    1.14547    1.14566          1     0.7440     0.7329      95.24      0.512     0.4365     0.2338  1.000e-12  0.7182000    10.5477    10.5498     0.0021    -0.0002     8.2913     8.2929    150.041    153.249    1445.95    1445.95     0.0501     0.0982     0.6150     1.2050  0.000e+00
      23006    152.000     5.8899     5.8898    1.14554    1.14574          1     0.7439     0.7330      57.79      0.515     0.4380     0.2552  1.000e-12  0.7097000    10.5483    10.5503     0.0020    -0.0001     8.2918     8.2934    150.536    153.754    1445.96    1445.96     0.0521     0.1013     0.6400     1.2430  0.000e+00
      23031    152.500     5.8902     5.8900    1.14559    1.14579          1     0.7439     0.7333      48.14      0.475     0.4296     0.2260  1.000e-12  0.7107000    10.5486    10.5507     0.0020    -0.0002     8.2920     8.2936    151.031    154.259    1445.97    1445.97     0.0513     0.0983     0.6300     1.2070  0.000e+00
      23054    153.000     5.8904     5.8901    1.14562    1.14582          1     0.7438     0.7331      47.95      0.492     0.4390     0.2206  1.000e-12  0.7164000    10.5488    10.5508     0.0021    -0.0003     8.2921     8.2938    151.526    154.764    1445.98    1445.98     0.0511     0.0972     0.6280     1.1930  0.000e+00
      23077    153.500     5.8906     5.8904    1.14568    1.14588          1     0.7438     0.7328      47.79      0.532     0.4447     0.2446  1.000e-12  0.7194000    10.5492    10.5513     0.0020    -0.0002     8.2925     8.2941    152.021    155.269    1445.99    1445.99     0.0509     0.0951     0.6250     1.1680  0.000e+00
      23104    154.000     5.8907     5.8905    1.14573    1.14593          1     0.7438     0.7327      47.36      0.482     0.4440     0.2462  1.000e-12  0.7136000    10.5496    10.5516     0.0021    -0.0002     8.2927     8.2944    152.516    155.774    1446.00    1446.00     0.0526     0.0979     0.6460     1.2020  0.000e+00
      23132    154.500     5.8913     5.8911    1.14587    1.14607          1     0.7438     0.7328      46.45      0.418     0.4491     0.2354  1.000e-12  0.7111000    10.5507    10.5528     0.0021    -0.0003     8.2936     8.2952    153.011    156.280    1446.01    1446.01     0.0514     0.0979     0.6310     1.2020  0.000e+00
      23156    155.000     5.8923     5.8920    1.14615    1.14634          1     0.7437     0.7327      45.92      0.460     0.4495     0.2161  1.000e-12  0.7131000    10.5531    10.5551     0.0021    -0.0004     8.2954     8.2970    153.506    156.785    1446.03    1446.03     0.0512     0.0966     0.6290     1.1860  0.000e+00
      23178    155.500     5.8927     5.8924    1.14625    1.14646          1     0.7438     0.7327      45.41      0.533     0.4521     0.2128  1.000e-12  0.7134000    10.5539    10.5560     0.0022    -0.0003     8.2960     8.2977    154.001    157.290    1446.04    1446.04     0.0513     0.0971     0.6290     1.1920  0.000e+00
      23200    156.000     5.8927     5.8924    1.14627    1.14647          1     0.7437     0.7326      44.91      0.554     0.4521     0.2243  1.000e-12  0.7110000    10.5541    10.5561     0.0021    -0.0003     8.2961     8.2978    154.496    157.795    1446.04    1446.05     0.0505     0.0973     0.6200     1.1950  0.000e+00
      23224    156.500     5.8932     5.8929    1.14643    1.14661          1     0.7436     0.7326      44.31      0.515     0.4512     0.2246  1.000e-12  0.7097000    10.5554    10.5573     0.0019    -0.0003     8.2971     8.2987    154.991    158.300    1446.06    1446.06     0.0507     0.0977     0.6230     1.1990  0.000e+00
      23252    157.000     5.8936     5.8934    1.14657    1.14677          1     0.7436     0.7327      43.81      0.454     0.4469     0.1826  1.000e-12  0.7102000    10.5566    10.5586     0.0021    -0.0001     8.2980     8.2997    155.486    158.805    1446.07    1446.07     0.0509     0.0969     0.6250     1.1890  0.000e+00
      23280    157.500     5.8940     5.8937    1.14668    1.14687          1     0.7435     0.7325      43.24      0.420     0.4310     0.1634  1.000e-12  0.7072000    10.5575    10.5594     0.0019    -0.0003     8.2987     8.3003    155.981    159.310    1446.08    1446.08     0.0502     0.0967     0.6170     1.1870  0.000e+00
      23304    158.000     5.8944     5.8941    1.14679    1.14701          1     0.7434     0.7326      42.82      0.466     0.4389     0.1755  1.000e-12  0.7286000    10.5583    10.5606     0.0023    -0.0002     8.2994     8.3012    156.476    159.815    1446.09    1446.09     0.0505     0.0956     0.6210     1.1740  0.000e+00
      23326    158.500     5.8955     5.8953    1.14718    1.14741          1     0.7435     0.7322      42.30      0.524     0.4453     0.1787  1.000e-12  0.7222000    10.5617    10.5641     0.0023    -0.0002     8.3020     8.3039    156.971    160.320    1446.11    1446.11     0.0515     0.0933     0.6330     1.1460  0.000e+00
      23347    159.000     5.8959     5.8956    1.14740    1.14761          1     0.7435     0.7323      41.80      0.560     0.4378     0.2606  1.000e-12  0.6923000    10.5638    10.5659     0.0022    -0.0003     8.3036     8.3053    157.466    160.825    1446.12    1446.12     0.0510     0.0951     0.6270     1.1680  0.000e+00
      23370    159.500     5.8958     5.8956    1.14753    1.14773          1     0.7436     0.7319      41.26      0.557     0.4395     0.1944  1.000e-12  0.6778000    10.5649    10.5670     0.0021    -0.0002     8.3045     8.3061    157.961    161.330    1446.13    1446.13     0.0509     0.0934     0.6260     1.1470  0.000e+00
      23398    160.000     5.8958     5.8957    1.14756    1.14776          1     0.7435     0.7320      40.70      0.460     0.4516     0.2268  1.000e-12  0.6612000    10.5652    10.5672     0.0020    -0.0002     8.3047     8.3063    158.456    161.835    1446.14    1446.14     0.0501     0.0938     0.6150     1.1520  0.000e+00
      23429    160.500     5.8959     5.8958    1.14761    1.14781          1     0.7434     0.7315      40.16      0.379     0.4418     0.2668  1.000e-12  0.6610000    10.5655    10.5676     0.0021    -0.0002     8.3050     8.3066    158.951    162.340    1446.14    1446.15     0.0506     0.0932     0.6210     1.1450  0.000e+00
      23451    161.000     5.8962     5.8958    1.14764    1.14785          1     0.7434     0.7317      39.70      0.456     0.4442     0.1916  1.000e-12  0.6585000    10.5657    10.5678     0.0022    -0.0004     8.3051     8.3068    159.446    162.846    1446.15    1446.15     0.0500     0.0973     0.6140     1.1950  0.000e+00
      23471    161.500     5.8963     5.8960    1.14770    1.14791          1     0.7433     0.7320      39.28      0.565     0.4502     0.2451  1.000e-12  0.6614000    10.5662    10.5683     0.0022    -0.0004     8.3054     8.3072    159.941    163.351    1446.16    1446.16     0.0506     0.0993     0.6210     1.2190  0.000e+00
      23492    162.000     5.8967     5.8965    1.14786    1.14805          1     0.7434     0.7322      38.73      0.602     0.4479     0.2404  1.000e-12  0.6705000    10.5675    10.5695     0.0021    -0.0002     8.3065     8.3081    160.436    163.856    1446.17    1446.18     0.0506     0.0973     0.6210     1.1950  0.000e+00
      23520    162.500     5.8971     5.8969    1.14794    1.14814          1     0.7434     0.7323      38.09      0.479     0.4419     0.1981  1.000e-12  0.6623000    10.5681    10.5702     0.0021    -0.0002     8.3070     8.3086    160.931    164.361    1446.18    1446.19     0.0499     0.0960     0.6120     1.1790  0.000e+00
      23552    163.000     5.8975     5.8973    1.14808    1.14829          1     0.7432     0.7319      37.55      0.372     0.4486     0.1914  1.000e-12  0.6618000    10.5693    10.5714     0.0021    -0.0003     8.3078     8.3095    161.426    164.866    1446.20    1446.20     0.0502     0.0910     0.6170     1.1180  0.000e+00
      23576    163.500     5.8980     5.8976    1.14817    1.14838          1     0.7433     0.7317      37.14      0.436     0.4439     0.2192  1.000e-12  0.6683000    10.5699    10.5721     0.0022    -0.0003     8.3083     8.3101    161.921    165.371    1446.21    1446.21     0.0491     0.0931     0.6030     1.1430  0.000e+00
      23596    164.000     5.8982     5.8978    1.14825    1.14844          1     0.7432     0.7316      36.67      0.541     0.4439     0.2280  1.000e-12  0.6682000    10.5706    10.5726     0.0020    -0.0004     8.3088     8.3105    162.415    165.876    1446.22    1446.22     0.0499     0.0929     0.6130     1.1400  0.000e+00
      23615    164.500     5.8982     5.8979    1.14828    1.14847          1     0.7430     0.7315      36.15      0.612     0.4510     0.2231  1.000e-12  0.6588000    10.5708    10.5728     0.0021    -0.0003     8.3090     8.3106    162.910    166.381    1446.22    1446.23     0.0492     0.0937     0.6050     1.1500  0.000e+00
      23641    165.000     5.8983     5.8981    1.14834    1.14854          1     0.7432     0.7315      35.55      0.540     0.4436     0.2355  1.000e-12  0.6572000    10.5713    10.5733     0.0020    -0.0002     8.3094     8.3110    163.405    166.886    1446.23    1446.24     0.0508     0.0940     0.6240     1.1540  0.000e+00
      23673    165.500     5.8984     5.8982    1.14838    1.14858          1     0.7431     0.7315      35.02      0.382     0.4447     0.2160  1.000e-12  0.6551000    10.5716    10.5736     0.0020    -0.0002     8.3096     8.3112    163.900    167.391    1446.24    1446.24     0.0489     0.0935     0.6000     1.1480  0.000e+00
      23699    166.000     5.8987     5.8984    1.14846    1.14867          1     0.7432     0.7315      34.54      0.413     0.4370     0.1860  1.000e-12  0.6585000    10.5722    10.5743     0.0021    -0.0003     8.3100     8.3117    164.395    167.896    1446.25    1446.25     0.0497     0.0918     0.6100     1.1280  0.000e+00
      23719    166.500     5.8992     5.8989    1.14864    1.14884          1     0.7429     0.7310      34.07      0.519     0.4377     0.2059  1.000e-12  0.6567000    10.5737    10.5758     0.0021    -0.0003     8.3112     8.3129    164.890    168.401    1446.26    1446.27     0.0483     0.0893     0.5930     1.0970  0.000e+00
      23740    167.000     5.8998     5.8995    1.14882    1.14902          1     0.7429     0.7311      33.58      0.585     0.4361     0.2206  1.000e-12  0.6525000    10.5753    10.5773     0.0021    -0.0002     8.3124     8.3141    165.385    168.906    1446.28    1446.28     0.0493     0.0940     0.6060     1.1550  0.000e+00
      23764    167.500     5.9006     5.9004    1.14911    1.14932          1     0.7430     0.7311      33.02      0.548     0.4367     0.1810  1.000e-12  0.6506000    10.5778    10.5800     0.0022    -0.0002     8.3143     8.3161    165.880    169.411    1446.29    1446.29     0.0490     0.0912     0.6020     1.1210  0.000e+00
      23792    168.000     5.9014     5.9012    1.14939    1.14960          1     0.7428     0.7310      32.45      0.449     0.4419     0.1745  1.000e-12  0.6365000    10.5802    10.5824     0.0021    -0.0002     8.3162     8.3179    166.375    169.917    1446.31    1446.31     0.0486     0.0909     0.5960     1.1170  0.000e+00
      23819    168.500     5.9020     5.9018    1.14960    1.14979          1     0.7429     0.7305      31.95      0.422     0.4507     0.2582  1.000e-12  0.6296000    10.5820    10.5840     0.0020    -0.0002     8.3176     8.3192    166.870    170.422    1446.32    1446.32     0.0497     0.0903     0.6110     1.1090  0.000e+00
      23842    169.000     5.9026     5.9024    1.14981    1.15003          1     0.7429     0.7309      31.49      0.490     0.4495     0.2135  1.000e-12  0.6327000    10.5839    10.5861     0.0023    -0.0002     8.3190     8.3208    167.365    170.927    1446.33    1446.33     0.0486     0.0960     0.5970     1.1790  0.000e+00
      23865    169.500     5.9027     5.9025    1.14986    1.15006          1     0.7426     0.7311      30.99      0.533     0.4502     0.1955  1.000e-12  0.6237000    10.5842    10.5863     0.0021    -0.0002     8.3193     8.3210    167.860    171.432    1446.34    1446.34     0.0470     0.0904     0.5780     1.1100  0.000e+00
      23890    170.000     5.9029     5.9027    1.14994    1.15015          1     0.7426     0.7306      30.44      0.490     0.4492     0.2411  1.000e-12  0.6134000    10.5849    10.5870     0.0021    -0.0002     8.3198     8.3215    168.355    171.937    1446.35    1446.35     0.0478     0.0902     0.5870     1.1090  0.000e+00
