ctdpy/tests/test_data/exprapp_april_2020/SBE09_1387_20200416_0314_77_10_0347.cnv
* Sea-Bird SBE 9 Data File:
* FileName = L:\2020\sv20d0347.hex
* Software Version Seasave V 7.26.7.121
* Temperature SN = 6378
* Conductivity SN = 4824
* Number of Bytes Per Scan = 41
* Number of Voltage Words = 4
* Number of Scans Averaged by the Deck Unit = 1
* NMEA Latitude = 55 00.95 N
* NMEA Longitude = 013 18.07 E
* NMEA UTC (Time) = Apr 16 2020  03:14:37
* NMEA baud rate = 4800
** Station:  BY1
** Operator:  JKro
** Ship: SVEA
** Average sound velocity: 1443.71 m/s
** True-depth calculation Thu, 16 Apr 2020 04:02:25 +0000
** CTD Python Module SMHI /ver 3-12/ feb 2012 
** LIMS Job: 20207710-0347
** Cruise: SMHI-07-2020
** Latitude [GG MM.mm N] :
** Longitude [GGG MM.mm E]:
# nquan = 30
# nvalues = 76                          
# units = specified
# name 0 = scan: Scan Count
# name 1 = prDM: Pressure, Digiquartz [db]
# name 2 = t090C: Temperature [ITS-90, deg C]
# name 3 = t190C: Temperature, 2 [ITS-90, deg C]
# name 4 = c0S/m: Conductivity [S/m]
# name 5 = c1S/m: Conductivity, 2 [S/m]
# name 6 = pumps: Pump Status
# name 7 = sbeox0V: Oxygen raw, SBE 43 [V]
# name 8 = sbeox1V: Oxygen raw, SBE 43, 2 [V]
# name 9 = altM: Altimeter [m]
# name 10 = dz/dtM: Descent Rate [m/s]
# name 11 = flECO-AFL: Chl-a Fluorescence, WET Labs ECO-AFL/FL [mg/m^3]
# name 12 = flECO-AFL1: Phycocyanin Fluorescence, WET Labs ECO-AFL/FL, 2 [mg/m^3]
# name 13 = par: PAR/Irradiance, Biospherical/Lico [µE/(cm^2*s)]
# name 14 = turbWETntu0: Turbidity, WET Labs ECO [NTU]
# name 15 = sal00: Salinity, Practical [PSU]
# name 16 = sal11: Salinity, Practical, 2 [PSU]
# name 17 = secS-priS: Salinity, Practical, Difference, 2 - 1 [PSU]
# name 18 = T2-T190C: Temperature Difference, 2 - 1 [ITS-90, deg C]
# name 19 = sigma-t00: Density [sigma-t, kg/m^3 ]
# name 20 = sigma-t11: Density, 2 [sigma-t, kg/m^3 ]
# name 21 = depSM: Depth [salt water, m], lat = 55.0158
# name 22 = depFM: Depth [true depth, m], lat = 55.0158
# name 23 = svCM: Sound Velocity [Chen-Millero, m/s]
# name 24 = svCM1: Sound Velocity, 2 [Chen-Millero, m/s]
# name 25 = sbeox0ML/L: Oxygen, SBE 43 [ml/l], WS = 2
# name 26 = sbeox1ML/L: Oxygen, SBE 43, 2 [ml/l], WS = 2
# name 27 = sbeox0PS: Oxygen, SBE 43 [% saturation], WS = 2
# name 28 = sbeox1PS: Oxygen, SBE 43, 2 [% saturation], WS = 2
# name 29 = flag: flag
# span 0 =      33059,      36117       
# span 1 =      3.000,     40.500       
# span 2 =     5.6088,     6.5134       
# span 3 =     5.6087,     6.5128       
# span 4 =   0.952797,   1.622426       
# span 5 =   0.952874,   1.632125       
# span 6 =          1,          1       
# span 7 =     3.0418,     3.6700       
# span 8 =     2.8570,     3.4280       
# span 9 =       3.29,      41.06       
# span 10 =     -0.212,      0.700      
# span 11 =     0.4369,     1.5216      
# span 12 =     0.1799,     0.4675      
# span 13 = -1.235e-06, 4.2349e-01      
# span 14 =     0.1630,     0.3924      
# span 15 =     8.5184,    15.4205      
# span 16 =     8.5191,    15.5206      
# span 17 =    -0.2978,     0.1001      
# span 18 =    -0.0125,     0.0732      
# span 19 =     6.6564,    12.1308      
# span 20 =     6.6570,    12.2096      
# span 21 =      2.973,     40.131      
# span 22 =      3.035,     40.959      
# span 23 =    1440.89,    1450.19      
# span 24 =    1440.90,    1450.31      
# span 25 =     5.9945,     7.9078      
# span 26 =     6.0698,     8.0587      
# span 27 =     75.946,     97.210      
# span 28 =     76.951,     99.087      
# span 29 = 0.0000e+00, 0.0000e+00      
# interval = decibars: 0.5              
# start_time = Apr 16 2020 03:14:38 [NMEA time, first data scan]
# bad_flag = -9.990e-29
*END*
      33059      3.000     6.5007     6.4993    0.95347    0.95349          1     3.6680     3.4280      41.06     -0.212     1.5216     0.3752  4.235e-01  0.2160000     8.5212     8.5218     0.0006    -0.0015     6.6576     6.6582      2.973      3.035    1443.63    1443.62     7.8940     8.0580    97.0730    99.0870  0.000e+00
      33148      3.500     6.4990     6.4991    0.95340    0.95347          1     3.6690     3.4273      40.96      0.193     1.3928     0.4007  3.239e-01  0.2316000     8.5209     8.5215     0.0006     0.0001     6.6575     6.6580      3.468      3.541    1443.63    1443.63     7.8977     8.0460    97.1140    98.9380  0.000e+00
      33279      4.000     6.4950     6.4921    0.95322    0.95318          1     3.6700     3.4262      40.54      0.305     1.3930     0.3735  2.579e-01  0.2307000     8.5201     8.5204     0.0003    -0.0029     6.6572     6.6576      3.964      4.047    1443.62    1443.61     7.8980     8.0448    97.1070    98.9060  0.000e+00
      33336      4.500     6.4961     6.4981    0.95330    0.95347          1     3.6696     3.4260      39.70      0.162     1.4180     0.3792  2.063e-01  0.2629000     8.5205     8.5216     0.0011     0.0021     6.6574     6.6582      4.459      4.553    1443.63    1443.64     7.9011     8.0426    97.1480    98.8950  0.000e+00
      33374      5.000     6.4943     6.4913    0.95320    0.95313          1     3.6693     3.4250      39.21      0.300     1.3708     0.3819  1.722e-01  0.2764000     8.5199     8.5200     0.0000    -0.0030     6.6571     6.6573      4.955      5.059    1443.63    1443.62     7.9022     8.0430    97.1570    98.8810  0.000e+00
      33427      5.500     6.4958     6.4961    0.95329    0.95339          1     3.6696     3.4255      38.77      0.200     1.3334     0.3740  1.395e-01  0.2347000     8.5203     8.5212     0.0009     0.0004     6.6573     6.6580      5.450      5.565    1443.65    1443.65     7.9035     8.0552    97.1770    99.0440  0.000e+00
      33460      6.000     6.4850     6.4867    0.95282    0.95297          1     3.6692     3.4265      38.43      0.337     1.3701     0.4016  1.056e-01  0.2366000     8.5185     8.5194     0.0010     0.0017     6.6565     6.6572      5.946      6.071    1443.61    1443.61     7.9037     8.0587    97.1530    99.0630  0.000e+00
      33497      6.500     6.4862     6.4856    0.95289    0.95295          1     3.6685     3.4272      37.99      0.342     1.4035     0.4131  8.233e-02  0.2432000     8.5188     8.5194     0.0007    -0.0006     6.6567     6.6572      6.441      6.577    1443.62    1443.62     7.8996     8.0543    97.1060    99.0060  0.000e+00
      33537      7.000     6.4889     6.4890    0.95296    0.95304          1     3.6683     3.4260      37.22      0.289     1.3202     0.3577  5.644e-02  0.2311000     8.5187     8.5194     0.0007     0.0001     6.6564     6.6570      6.937      7.083    1443.64    1443.64     7.9067     8.0427    97.1990    98.8710  0.000e+00
      33566      7.500     6.4876     6.4875    0.95294    0.95300          1     3.6692     3.4251      36.59      0.380     1.3112     0.4048  4.335e-02  0.2303000     8.5187     8.5193     0.0006    -0.0001     6.6565     6.6570      7.432      7.589    1443.64    1443.64     7.9078     8.0463    97.2100    98.9120  0.000e+00
      33590      8.000     6.4833     6.4826    0.95283    0.95287          1     3.6691     3.4251      36.45      0.459     1.3377     0.4378  1.835e-02  0.2365000     8.5186     8.5193     0.0006    -0.0007     6.6567     6.6573      7.928      8.094    1443.63    1443.63     7.9061     8.0488    97.1790    98.9300  0.000e+00
      33612      8.500     6.4829     6.4830    0.95280    0.95288          1     3.6688     3.4245      35.98      0.518     1.3490     0.4675  3.158e-03  0.2371000     8.5184     8.5191     0.0008     0.0001     6.6566     6.6572      8.423      8.600    1443.64    1443.64     7.9057     8.0404    97.1720    98.8290  0.000e+00
      33638      9.000     6.4860     6.4836    0.95289    0.95291          1     3.6688     3.4232      35.39      0.515     1.3423     0.4134  1.340e-04  0.2321000     8.5184     8.5192     0.0007    -0.0024     6.6564     6.6572      8.919      9.106    1443.66    1443.65     7.9060     8.0384    97.1840    98.8050  0.000e+00
      33671      9.500     6.4875     6.4869    0.95298    0.95303          1     3.6682     3.4230      34.81      0.372     1.3203     0.4172 -1.235e-06  0.3047000     8.5189     8.5195     0.0006    -0.0006     6.6567     6.6572      9.414      9.612    1443.67    1443.67     7.9021     8.0443    97.1390    98.8860  0.000e+00
      33698     10.000     6.4867     6.4869    0.95294    0.95301          1     3.6676     3.4221      34.36      0.390     1.3114     0.4468  1.000e-12  0.2498000     8.5186     8.5192     0.0006     0.0002     6.6565     6.6570      9.910     10.118    1443.68    1443.68     7.9044     8.0326    97.1650    98.7420  0.000e+00
      33717     10.500     6.4893     6.4903    0.95304    0.95315          1     3.6679     3.4213      33.94      0.520     1.3272     0.4268  1.000e-12  0.2374000     8.5188     8.5197     0.0008     0.0010     6.6565     6.6571     10.405     10.624    1443.70    1443.70     7.9057     8.0404    97.1880    98.8470  0.000e+00
      33738     11.000     6.4915     6.4908    0.95313    0.95317          1     3.6678     3.4220      33.40      0.603     1.3460     0.3794  1.000e-12  0.2351000     8.5191     8.5196     0.0006    -0.0006     6.6566     6.6571     10.901     11.130    1443.71    1443.71     7.9049     8.0513    97.1830    98.9820  0.000e+00
      33766     11.500     6.4916     6.4906    0.95316    0.95319          1     3.6679     3.4226      32.78      0.491     1.3534     0.3803  1.000e-12  0.2334000     8.5193     8.5198     0.0005    -0.0009     6.6567     6.6572     11.396     11.636    1443.72    1443.72     7.9057     8.0497    97.1940    98.9620  0.000e+00
      33798     12.000     6.4930     6.4907    0.95327    0.95324          1     3.6678     3.4234      32.23      0.363     1.3289     0.4399  1.000e-12  0.2335000     8.5199     8.5202     0.0003    -0.0023     6.6571     6.6575     11.891     12.142    1443.74    1443.73     7.9037     8.0550    97.1730    99.0270  0.000e+00
      33822     12.500     6.4964     6.4952    0.95344    0.95347          1     3.6672     3.4237      31.78      0.430     1.3120     0.4157  1.000e-12  0.2385000     8.5207     8.5212     0.0006    -0.0012     6.6575     6.6580     12.387     12.648    1443.76    1443.76     7.9003     8.0501    97.1400    98.9780  0.000e+00
      33842     13.000     6.4925     6.4925    0.95329    0.95337          1     3.6667     3.4237      31.31      0.547     1.3383     0.3902  1.000e-12  0.2438000     8.5201     8.5209     0.0007     0.0000     6.6573     6.6579     12.882     13.153    1443.75    1443.75     7.9001     8.0492    97.1270    98.9610  0.000e+00
      33862     13.500     6.4986     6.4988    0.95356    0.95364          1     3.6661     3.4234      30.86      0.613     1.3489     0.3830  1.000e-12  0.2448000     8.5211     8.5218     0.0007     0.0002     6.6577     6.6583     13.378     13.659    1443.79    1443.79     7.8973     8.0355    97.1080    98.8080  0.000e+00
      33887     14.000     6.4993     6.4994    0.95360    0.95367          1     3.6657     3.4215      30.06      0.549     1.3417     0.3801  1.000e-12  0.2447000     8.5212     8.5219     0.0007     0.0001     6.6577     6.6583     13.873     14.165    1443.80    1443.80     7.8996     8.0377    97.1380    98.8380  0.000e+00
      33918     14.500     6.4989     6.4983    0.95357    0.95362          1     3.6654     3.4224      29.60      0.391     1.3358     0.3627  1.000e-12  0.2377000     8.5210     8.5216     0.0006    -0.0007     6.6576     6.6581     14.369     14.671    1443.80    1443.80     7.9008     8.0558    97.1520    99.0570  0.000e+00
      33945     15.000     6.4957     6.4953    0.95343    0.95349          1     3.6661     3.4234      29.11      0.407     1.3270     0.4378  1.000e-12  0.2236000     8.5204     8.5210     0.0007    -0.0005     6.6573     6.6578     14.864     15.177    1443.80    1443.80     7.9055     8.0524    97.2020    99.0080  0.000e+00
      33967     15.500     6.4966     6.4948    0.95345    0.95346          1     3.6658     3.4227      28.74      0.502     1.3331     0.3856  1.000e-12  0.2343000     8.5202     8.5208     0.0006    -0.0018     6.6571     6.6577     15.360     15.683    1443.81    1443.80     7.9009     8.0449    97.1480    98.9130  0.000e+00
      33991     16.000     6.4973     6.4950    0.95350    0.95348          1     3.6657     3.4227      28.22      0.521     1.3513     0.3787  1.000e-12  0.2301000     8.5205     8.5208     0.0003    -0.0023     6.6573     6.6578     15.855     16.189    1443.82    1443.81     7.9027     8.0499    97.1710    98.9770  0.000e+00
      34016     16.500     6.5130     6.5075    0.95418    0.95404          1     3.6654     3.4224      27.66      0.488     1.3531     0.3892  1.000e-12  0.2383000     8.5231     8.5231    -0.0000    -0.0055     6.6584     6.6587     16.351     16.695    1443.90    1443.88     7.8971     8.0365    97.1410    98.8420  0.000e+00
      34039     17.000     6.5088     6.5090    0.95399    0.95408          1     3.6649     3.4210      27.12      0.501     1.3555     0.3856  1.000e-12  0.2385000     8.5222     8.5230     0.0008     0.0002     6.6579     6.6585     16.846     17.201    1443.89    1443.89     7.8961     8.0322    97.1190    98.7940  0.000e+00
      34064     17.500     6.5120     6.5093    0.95415    0.95410          1     3.6646     3.4205      26.57      0.505     1.3604     0.4164  1.000e-12  0.2362000     8.5228     8.5231     0.0003    -0.0027     6.6582     6.6586     17.341     17.707    1443.91    1443.90     7.8985     8.0396    97.1570    98.8860  0.000e+00
      34094     18.000     6.5129     6.5128    0.95419    0.95427          1     3.6646     3.4201      25.98      0.423     1.3517     0.3722  1.000e-12  0.2386000     8.5230     8.5238     0.0008    -0.0001     6.6583     6.6589     17.837     18.212    1443.92    1443.92     7.8964     8.0358    97.1330    98.8480  0.000e+00
      34121     18.500     6.5126     6.5093    0.95417    0.95412          1     3.6639     3.4198      25.04      0.412     1.3268     0.3708  1.000e-12  0.2392000     8.5228     8.5231     0.0003    -0.0033     6.6582     6.6586     18.332     18.718    1443.93    1443.91     7.8959     8.0414    97.1260    98.9080  0.000e+00
      34142     19.000     6.5134     6.5090    0.95424    0.95412          1     3.6641     3.4201       8.52      0.506     1.3504     0.3811  1.000e-12  0.2441000     8.5231     8.5231    -0.0000    -0.0044     6.6583     6.6586     18.828     19.224    1443.94    1443.92     7.8999     8.0411    97.1770    98.9030  0.000e+00
      34162     19.500     6.5101     6.5095    0.95407    0.95413          1     3.6643     3.4196       5.42      0.576     1.3738     0.3960  1.000e-12  0.2446000     8.5223     8.5230     0.0007    -0.0005     6.6579     6.6585     19.323     19.730    1443.93    1443.93     7.9012     8.0339    97.1850    98.8160  0.000e+00
      34186     20.000     6.5022     6.5022    0.95369    0.95379          1     3.6644     3.4190       4.90      0.547     1.3927     0.4345  1.000e-12  0.2479000     8.5205     8.5215     0.0010    -0.0000     6.6570     6.6578     19.819     20.236    1443.91    1443.91     7.9014     8.0416    97.1670    98.8910  0.000e+00
      34214     20.500     6.5015     6.5016    0.95366    0.95375          1     3.6638     3.4192       4.76      0.454     1.3840     0.3773  1.000e-12  0.2402000     8.5203     8.5212     0.0009     0.0001     6.6569     6.6576     20.314     20.742    1443.91    1443.91     7.8997     8.0433    97.1440    98.9110  0.000e+00
      34242     21.000     6.4911     6.4881    0.95356    0.95358          1     3.6638     3.4197       4.57      0.420     1.3564     0.3917  1.000e-12  0.2371000     8.5219     8.5228     0.0010    -0.0030     6.6588     6.6598     20.810     21.248    1443.87    1443.86     7.9036     8.0505    97.1680    98.9680  0.000e+00
      34266     21.500     6.5000     6.4989    0.95366    0.95371          1     3.6631     3.4193       4.20      0.473     1.3745     0.4169  1.000e-12  0.2432000     8.5205     8.5213     0.0007    -0.0011     6.6572     6.6578     21.305     21.754    1443.92    1443.92     7.8946     8.0390    97.0780    98.8520  0.000e+00
      34290     22.000     6.4826     6.4875    0.95347    0.95359          1     3.6618     3.4190       4.03      0.505     1.3929     0.4057  1.000e-12  0.2442000     8.5230     8.5229    -0.0001     0.0049     6.6602     6.6599     21.800     22.260    1443.86    1443.88     7.8889     8.0396    96.9680    98.8330  0.000e+00
      34315     22.500     6.4955     6.4987    0.95369    0.95380          1     3.6583     3.4174       3.80      0.481     1.3825     0.4175  1.000e-12  0.2370000     8.5218     8.5221     0.0003     0.0032     6.6585     6.6585     22.296     22.766    1443.92    1443.93     7.8679     8.0194    96.7400    98.6110  0.000e+00
      34340     23.000     6.5033     6.5031    0.95373    0.95381          1     3.6543     3.4150       3.58      0.470     1.3825     0.4055  1.000e-12  0.2334000     8.5202     8.5210     0.0008    -0.0002     6.6567     6.6574     22.791     23.271    1443.96    1443.96     7.8598     8.0127    96.6580    98.5390  0.000e+00
      34362     23.500     6.4895     6.4880    0.95377    0.95382          1     3.6520     3.4135      11.99      0.515     1.3836     0.3793  1.000e-12  0.2409000     8.5240     8.5248     0.0008    -0.0015     6.6606     6.6613     23.287     23.777    1443.91    1443.91     7.8572     8.0076    96.5960    98.4420  0.000e+00
      34383     24.000     6.4314     6.4363    0.95388    0.95383          1     3.6490     3.4108      19.83      0.568     1.3898     0.3977  1.000e-12  0.2453000     8.5395     8.5377    -0.0018     0.0049     6.6764     6.6748     23.782     24.283    1443.69    1443.71     7.8570     8.0020    96.4640    98.2560  0.000e+00
      34406     24.500     6.3972     6.3999    0.95444    0.95447          1     3.6448     3.4073      19.47      0.546     1.3815     0.3954  1.000e-12  0.2507000     8.5534     8.5530    -0.0004     0.0027     6.6895     6.6891     24.278     24.789    1443.57    1443.58     7.8481     7.9955    96.2820    98.0980  0.000e+00
      34437     25.000     6.3870     6.3745    0.95471    0.95508          1     3.6386     3.4025      18.93      0.426     1.3320     0.4329  1.000e-12  0.2403000     8.5585     8.5651     0.0066    -0.0125     6.6942     6.7002     24.773     25.295    1443.54    1443.50     7.8304     7.9807    96.0450    97.8620  0.000e+00
      34465     25.500     6.3463     6.3414    0.95571    0.95593          1     3.6325     3.3973      18.39      0.398     1.2753     0.3873  1.000e-12  0.2316000     8.5783     8.5817     0.0034    -0.0049     6.7123     6.7153     25.269     25.801    1443.40    1443.39     7.8247     7.9689    95.8900    97.6480  0.000e+00
      34489     26.000     6.3080     6.3019    0.95657    0.95681          1     3.6284     3.3928      17.93      0.476     1.2198     0.4352  1.000e-12  0.2505000     8.5962     8.6001     0.0039    -0.0062     6.7288     6.7322     25.764     26.307    1443.27    1443.25     7.8226     7.9595    95.7860    97.4500  0.000e+00
      34511     26.500     6.2777     6.2835    0.95711    0.95714          1     3.6240     3.3879      17.42      0.522     1.1865     0.4663  1.000e-12  0.2439000     8.6090     8.6078    -0.0011     0.0058     6.7407     6.7395     26.259     26.813    1443.17    1443.19     7.8175     7.9467    95.6600    97.2540  0.000e+00
