ctdpy/tests/test_data/exprapp_april_2020/SBE09_1387_20200417_1328_77_10_0353.cnv
* Sea-Bird SBE 9 Data File:
* FileName = L:\2020\sv20d0353.hex
* Software Version Seasave V 7.26.7.121
* Temperature SN = 6378
* Conductivity SN = 4824
* Number of Bytes Per Scan = 41
* Number of Voltage Words = 4
* Number of Scans Averaged by the Deck Unit = 1
* NMEA Latitude = 56 38.01 N
* NMEA Longitude = 019 35.00 E
* NMEA UTC (Time) = Apr 17 2020  13:28:08
* NMEA baud rate = 4800
** Station:  BY10
** Operator:  JKro/SSip
** Ship: SVEA
** Average sound velocity: 1444.86 m/s
** True-depth calculation Fri, 17 Apr 2020 14:43:44 +0000
** CTD Python Module SMHI /ver 3-12/ feb 2012 
** LIMS Job: 20207710-0353
** Cruise: SMHI-07-2020
** Latitude [GG MM.mm N] :
** Longitude [GGG MM.mm E]:
# nquan = 30
# nvalues = 273                         
# units = specified
# name 0 = scan: Scan Count
# name 1 = prDM: Pressure, Digiquartz [db]
# name 2 = t090C: Temperature [ITS-90, deg C]
# name 3 = t190C: Temperature, 2 [ITS-90, deg C]
# name 4 = c0S/m: Conductivity [S/m]
# name 5 = c1S/m: Conductivity, 2 [S/m]
# name 6 = pumps: Pump Status
# name 7 = sbeox0V: Oxygen raw, SBE 43 [V]
# name 8 = sbeox1V: Oxygen raw, SBE 43, 2 [V]
# name 9 = altM: Altimeter [m]
# name 10 = dz/dtM: Descent Rate [m/s]
# name 11 = flECO-AFL: Chl-a Fluorescence, WET Labs ECO-AFL/FL [mg/m^3]
# name 12 = flECO-AFL1: Phycocyanin Fluorescence, WET Labs ECO-AFL/FL, 2 [mg/m^3]
# name 13 = par: PAR/Irradiance, Biospherical/Lico [µE/(cm^2*s)]
# name 14 = turbWETntu0: Turbidity, WET Labs ECO [NTU]
# name 15 = sal00: Salinity, Practical [PSU]
# name 16 = sal11: Salinity, Practical, 2 [PSU]
# name 17 = secS-priS: Salinity, Practical, Difference, 2 - 1 [PSU]
# name 18 = T2-T190C: Temperature Difference, 2 - 1 [ITS-90, deg C]
# name 19 = sigma-t00: Density [sigma-t, kg/m^3 ]
# name 20 = sigma-t11: Density, 2 [sigma-t, kg/m^3 ]
# name 21 = depSM: Depth [salt water, m], lat = 56.6335
# name 22 = depFM: Depth [true depth, m], lat = 56.6335
# name 23 = svCM: Sound Velocity [Chen-Millero, m/s]
# name 24 = svCM1: Sound Velocity, 2 [Chen-Millero, m/s]
# name 25 = sbeox0ML/L: Oxygen, SBE 43 [ml/l], WS = 2
# name 26 = sbeox1ML/L: Oxygen, SBE 43, 2 [ml/l], WS = 2
# name 27 = sbeox0PS: Oxygen, SBE 43 [% saturation], WS = 2
# name 28 = sbeox1PS: Oxygen, SBE 43, 2 [% saturation], WS = 2
# name 29 = flag: flag
# span 0 =      43011,      51877       
# span 1 =      1.000,    137.000       
# span 2 =     4.9120,     7.5538       
# span 3 =     4.9098,     7.5423       
# span 4 =   0.818152,   1.422134       
# span 5 =   0.818218,   1.422924       
# span 6 =          1,          1       
# span 7 =     0.7439,     3.7284       
# span 8 =     0.7280,     3.4789       
# span 9 =       3.52,      97.87       
# span 10 =     -1.048,      0.861      
# span 11 =     0.3310,     1.8860      
# span 12 =     0.1170,     0.5599      
# span 13 = 1.0000e-12, 1.6535e+02      
# span 14 =     0.0969,     0.7937      
# span 15 =     7.5205,    12.8196      
# span 16 =     7.5210,    12.8277      
# span 17 =    -0.1565,     0.0651      
# span 18 =    -0.0946,     0.0511      
# span 19 =     5.9306,     9.9772      
# span 20 =     5.9312,     9.9837      
# span 21 =      0.991,    135.701      
# span 22 =      1.013,    138.486      
# span 23 =    1436.59,    1454.20      
# span 24 =    1436.67,    1454.21      
# span 25 =     0.0485,     8.3727      
# span 26 =     0.0779,     8.5262      
# span 27 =      0.625,     99.456      
# span 28 =      1.003,    101.271      
# span 29 = 0.0000e+00, 0.0000e+00      
# interval = decibars: 0.5              
# start_time = Apr 17 2020 13:28:09 [NMEA time, first data scan]
# bad_flag = -9.990e-29
*END*
[from data line 194]
      49305     98.000     7.1846     7.1795    1.29661    1.29648          1     0.7853     0.7673      42.12      0.337     0.3829     0.2185  1.000e-12  0.1880000    11.6231    11.6236     0.0004    -0.0050     9.0436     9.0444     97.080     99.134    1451.88    1451.86     0.1926     0.2383     2.4580     3.0400  0.000e+00
      49343     98.500     7.2461     7.2473    1.30034    1.30061          1     0.7979     0.7773      41.55      0.296     0.3764     0.2517  1.000e-12  0.1980000    11.6386    11.6407     0.0021     0.0012     9.0507     9.0523     97.575     99.639    1452.16    1452.16     0.2503     0.3040     3.2000     3.8850  0.000e+00
      49370     99.000     7.2558     7.2559    1.30209    1.30227          1     0.8104     0.7882      41.18      0.408     0.3876     0.1776  1.000e-12  0.2086000    11.6521    11.6538     0.0017     0.0001     9.0605     9.0618     98.070    100.143    1452.22    1452.22     0.2867     0.3461     3.6650     4.4250  0.000e+00
      49395     99.500     7.2681     7.2683    1.30329    1.30343          1     0.8228     0.7989      40.69      0.471     0.3886     0.1976  1.000e-12  0.2174000    11.6595    11.6609     0.0014     0.0001     9.0652     9.0663     98.566    100.648    1452.29    1452.29     0.3176     0.3778     4.0620     4.8320  0.000e+00
      49425    100.000     7.2523     7.2529    1.30369    1.30382          1     0.8352     0.8104      40.23      0.431     0.3828     0.1864  1.000e-12  0.2246000    11.6686    11.6697     0.0011     0.0006     9.0737     9.0745     99.061    101.153    1452.24    1452.25     0.3299     0.3887     4.2180     4.9700  0.000e+00
      49462    100.500     7.2331     7.2339    1.30444    1.30459          1     0.8372     0.8156      39.67      0.335     0.3894     0.2068  1.000e-12  0.2381000    11.6823    11.6835     0.0012     0.0009     9.0861     9.0869     99.556    101.658    1452.19    1452.20     0.2525     0.2966     3.2270     3.7910  0.000e+00
      49502    101.000     7.2035     7.2032    1.30457    1.30468          1     0.8150     0.7990      39.24      0.295     0.3978     0.1971  1.000e-12  0.2372000    11.6934    11.6945     0.0011    -0.0002     9.0972     9.0981    100.051    102.162    1452.09    1452.09     0.1663     0.1790     2.1250     2.2870  0.000e+00
      49532    101.500     7.2128     7.2129    1.30600    1.30619          1     0.8066     0.7898      38.78      0.360     0.3921     0.2193  1.000e-12  0.2076000    11.7041    11.7059     0.0018     0.0001     9.1048     9.1062    100.546    102.667    1452.15    1452.15     0.2008     0.2252     2.5660     2.8780  0.000e+00
      49555    102.000     7.2525     7.2534    1.30872    1.30896          1     0.8061     0.7883      38.31      0.470     0.3722     0.2181  1.000e-12  0.1893000    11.7169    11.7190     0.0021     0.0008     9.1115     9.1131    101.041    103.172    1452.34    1452.34     0.2044     0.2375     2.6140     3.0380  0.000e+00
      49576    102.500     7.2910     7.2902    1.31153    1.31167          1     0.8041     0.7869      37.97      0.557     0.3832     0.2072  1.000e-12  0.2067000    11.7310    11.7326     0.0016    -0.0009     9.1194     9.1208    101.537    103.676    1452.52    1452.52     0.1798     0.2161     2.3010     2.7670  0.000e+00
      49600    103.000     7.3111     7.3094    1.31353    1.31360          1     0.7964     0.7812      37.45      0.543     0.3744     0.2348  1.000e-12  0.2176000    11.7435    11.7447     0.0012    -0.0016     9.1276     9.1286    102.032    104.181    1452.63    1452.62     0.1391     0.1673     1.7820     2.1430  0.000e+00
      49633    103.500     7.3814     7.3730    1.31841    1.31808          1     0.7848     0.7708      36.90      0.390     0.3846     0.2404  1.000e-12  0.2045000    11.7668    11.7665    -0.0004    -0.0083     9.1399     9.1403    102.527    104.686    1452.95    1452.92     0.1154     0.1367     1.4810     1.7540  0.000e+00
      49669    104.000     7.4501     7.4504    1.32296    1.32314          1     0.7763     0.7624      36.25      0.326     0.3756     0.2725  1.000e-12  0.2007000    11.7873    11.7890     0.0017     0.0003     9.1501     9.1513    103.022    105.190    1453.27    1453.27     0.1051     0.1332     1.3510     1.7120  0.000e+00
      49696    104.500     7.4623     7.4610    1.32464    1.32474          1     0.7705     0.7572      35.72      0.405     0.3822     0.2216  1.000e-12  0.1926000    11.7994    11.8007     0.0013    -0.0013     9.1584     9.1596    103.517    105.695    1453.34    1453.34     0.0910     0.1167     1.1700     1.5010  0.000e+00
      49726    105.000     7.3860     7.3866    1.32194    1.32210          1     0.7662     0.7522      35.31      0.428     0.3817     0.2003  1.000e-12  0.1986000    11.7991    11.8004     0.0014     0.0006     9.1647     9.1658    104.012    106.199    1453.04    1453.04     0.1072     0.1354     1.3760     1.7390  0.000e+00
      49764    105.500     7.3819     7.3797    1.32242    1.32248          1     0.7711     0.7547      34.86      0.307     0.3730     0.1858  1.000e-12  0.1916000    11.8051    11.8064     0.0013    -0.0022     9.1698     9.1710    104.508    106.704    1453.04    1453.03     0.1270     0.1652     1.6300     2.1200  0.000e+00
      49793    106.000     7.4349     7.4330    1.32575    1.32592          1     0.7686     0.7529      34.39      0.368     0.3828     0.2101  1.000e-12  0.2060000    11.8190    11.8213     0.0023    -0.0019     9.1762     9.1781    105.003    107.209    1453.28    1453.27     0.1042     0.1307     1.3390     1.6800  0.000e+00
      49816    106.500     7.4917     7.4919    1.32958    1.32985          1     0.7690     0.7518      34.07      0.494     0.3938     0.1882  1.000e-12  0.2061000    11.8366    11.8391     0.0025     0.0001     9.1851     9.1870    105.498    107.713    1453.54    1453.55     0.1216     0.1503     1.5650     1.9350  0.000e+00
      49845    107.000     7.4305     7.4350    1.32792    1.32820          1     0.7707     0.7536      33.46      0.451     0.3811     0.1694  1.000e-12  0.1802000    11.8413    11.8425     0.0012     0.0044     9.1940     9.1946    105.993    108.218    1453.30    1453.32     0.1184     0.1579     1.5220     2.0310  0.000e+00
      49885    107.500     7.4407     7.4380    1.32945    1.32950          1     0.7672     0.7521      32.75      0.298     0.3808     0.1613  1.000e-12  0.1782000    11.8525    11.8539     0.0014    -0.0027     9.2019     9.2033    106.488    108.723    1453.37    1453.36     0.0908     0.1252     1.1670     1.6090  0.000e+00
      49920    108.000     7.4280     7.4270    1.33047    1.33062          1     0.7630     0.7482      32.40      0.335     0.3781     0.2093  1.000e-12  0.1737000    11.8667    11.8685     0.0018    -0.0010     9.2141     9.2156    106.983    109.227    1453.34    1453.34     0.0824     0.1112     1.0590     1.4300  0.000e+00
      49951    108.500     7.4308     7.4297    1.33246    1.33267          1     0.7584     0.7443      31.90      0.378     0.3853     0.1631  1.000e-12  0.1764000    11.8848    11.8872     0.0023    -0.0010     9.2281     9.2300    107.479    109.732    1453.38    1453.38     0.0666     0.0951     0.8570     1.2230  0.000e+00
      49977    109.000     7.4395     7.4394    1.33404    1.33430          1     0.7547     0.7410      31.44      0.422     0.3740     0.1972  1.000e-12  0.1668000    11.8970    11.8995     0.0025    -0.0000     9.2369     9.2388    107.974    110.236    1453.44    1453.45     0.0609     0.0891     0.7840     1.1460  0.000e+00
      49997    109.500     7.4413     7.4405    1.33483    1.33504          1     0.7527     0.7386      31.15      0.519     0.3627     0.2957  1.000e-12  0.1672000    11.9039    11.9062     0.0023    -0.0009     9.2421     9.2440    108.469    110.741    1453.47    1453.47     0.0600     0.0874     0.7720     1.1250  0.000e+00
      50015    110.000     7.4499     7.4506    1.33683    1.33720          1     0.7512     0.7373      30.55      0.612     0.3793     0.2371  1.000e-12  0.1488000    11.9202    11.9235     0.0033     0.0007     9.2542     9.2566    108.964    111.246    1453.53    1453.54     0.0613     0.0931     0.7880     1.1980  0.000e+00
      50037    110.500     7.5356     7.5346    1.34256    1.34281          1     0.7508     0.7366      30.04      0.620     0.3804     0.2350  1.000e-12  0.1528000    11.9460    11.9487     0.0028    -0.0010     9.2669     9.2692    109.459    111.750    1453.92    1453.92     0.0647     0.0997     0.8340     1.2860  0.000e+00
      50087    111.000     7.5286     7.5073    1.34183    1.34038          1     0.7496     0.7359      29.26      0.287     0.3934     0.2228  1.000e-12  0.1696000    11.9412    11.9345    -0.0067    -0.0213     9.2638     9.2603    109.954    112.255    1453.89    1453.80     0.0604     0.0958     0.7790     1.2350  0.000e+00
      50134    111.500     7.5538     7.5379    1.34513    1.34395          1     0.7478     0.7342      28.81      0.232     0.4076     0.2017  1.000e-12  0.1815000    11.9643    11.9584    -0.0059    -0.0159     9.2797     9.2764    110.450    112.759    1454.03    1453.96     0.0558     0.0877     0.7210     1.1310  0.000e+00
      50153    112.000     7.5430     7.5423    1.34577    1.34595          1     0.7477     0.7337      28.50      0.468     0.3951     0.1170  1.000e-12  0.1667000    11.9741    11.9760     0.0020    -0.0007     9.2883     9.2899    110.945    113.264    1454.01    1454.01     0.0565     0.0893     0.7280     1.1520  0.000e+00
      50175    112.500     7.5349     7.5344    1.34635    1.34656          1     0.7473     0.7333      27.98      0.586     0.3785     0.2540  1.000e-12  0.1643000    11.9823    11.9846     0.0022    -0.0005     9.2954     9.2972    111.440    113.769    1453.99    1454.00     0.0568     0.0895     0.7330     1.1550  0.000e+00
      50207    113.000     7.5298     7.5284    1.34668    1.34683          1     0.7474     0.7329      27.36      0.433     0.3892     0.2448  1.000e-12  0.1641000    11.9872    11.9891     0.0018    -0.0014     9.2997     9.3013    111.935    114.273    1453.99    1453.98     0.0582     0.0915     0.7510     1.1800  0.000e+00
      50243    113.500     7.5179     7.5169    1.34655    1.34671          1     0.7474     0.7330      26.80      0.307     0.3868     0.2181  1.000e-12  0.1434000    11.9900    11.9919     0.0019    -0.0010     9.3029     9.3045    112.430    114.778    1453.95    1453.95     0.0596     0.0942     0.7680     1.2150  0.000e+00
      50270    114.000     7.5037     7.5025    1.34659    1.34676          1     0.7481     0.7331      26.42      0.409     0.3882     0.2082  1.000e-12  0.1389000    11.9951    11.9972     0.0021    -0.0012     9.3082     9.3099    112.925    115.282    1453.91    1453.90     0.0635     0.0958     0.8190     1.2350  0.000e+00
      50294    114.500     7.4582     7.4548    1.34581    1.34594          1     0.7486     0.7336      25.96      0.487     0.3754     0.2348  1.000e-12  0.1331000    12.0032    12.0056     0.0024    -0.0034     9.3184     9.3206    113.420    115.787    1453.74    1453.73     0.0627     0.0993     0.8080     1.2790  0.000e+00
      50325    115.000     7.4183     7.4129    1.34527    1.34549          1     0.7492     0.7342      25.42      0.426     0.3872     0.1868  1.000e-12  0.1388000    12.0116    12.0156     0.0040    -0.0055     9.3285     9.3321    113.916    116.292    1453.59    1453.58     0.0695     0.1030     0.8940     1.3260  0.000e+00
      50363    115.500     7.4024     7.4051    1.34656    1.34715          1     0.7520     0.7360      24.85      0.306     0.3892     0.1947  1.000e-12  0.1463000    12.0295    12.0343     0.0048     0.0026     9.3439     9.3474    114.411    116.796    1453.56    1453.58     0.0777     0.1135     0.9990     1.4600  0.000e+00
      50390    116.000     7.3455     7.3433    1.34649    1.34680          1     0.7524     0.7367      24.54      0.388     0.3807     0.1518  1.000e-12  0.1449000    12.0484    12.0522     0.0038    -0.0022     9.3636     9.3667    114.906    117.301    1453.36    1453.35     0.0671     0.1010     0.8620     1.2970  0.000e+00
      50415    116.500     7.3080     7.3077    1.34707    1.34734          1     0.7508     0.7357      24.21      0.481     0.3676     0.1854  1.000e-12  0.1625000    12.0670    12.0697     0.0027    -0.0003     9.3813     9.3835    115.401    117.805    1453.23    1453.24     0.0574     0.0898     0.7370     1.1520  0.000e+00
      50443    117.000     7.3332     7.3425    1.34966    1.35049          1     0.7488     0.7343      23.76      0.448     0.3774     0.1776  1.000e-12  0.2566000    12.0833    12.0881     0.0048     0.0094     9.3919     9.3949    115.896    118.310    1453.37    1453.41     0.0546     0.0857     0.7010     1.1010  0.000e+00
      50478    117.500     7.4065     7.4155    1.35560    1.35647          1     0.7474     0.7328      23.26      0.354     0.3938     0.1727  1.000e-12  0.6377000    12.1152    12.1205     0.0052     0.0090     9.4106     9.4140    116.391    118.814    1453.71    1453.76     0.0537     0.0881     0.6920     1.1350  0.000e+00
      50506    118.000     7.4375     7.4346    1.35918    1.35929          1     0.7467     0.7325      22.85      0.390     0.3981     0.2187  1.000e-12  0.4983000    12.1389    12.1410     0.0020    -0.0029     9.4266     9.4284    116.886    119.319    1453.88    1453.87     0.0545     0.0859     0.7020     1.1060  0.000e+00
      50532    118.500     7.4115     7.4094    1.35925    1.35948          1     0.7468     0.7318      22.36      0.460     0.4025     0.2129  1.000e-12  0.4754000    12.1486    12.1515     0.0029    -0.0021     9.4363     9.4388    117.382    119.823    1453.79    1453.79     0.0561     0.0867     0.7220     1.1160  0.000e+00
      50588    119.000     7.4041     7.3988    1.35859    1.36000          1     0.7463     0.7317      21.77      0.182     0.4043     0.2085  1.000e-12  0.5798000    12.1447    12.1602     0.0155    -0.0053     9.4340     9.4466    117.877    120.328    1453.77    1453.76     0.0549     0.0882     0.7060     1.1350  0.000e+00
      50616    119.500     7.3776     7.3758    1.36040    1.36064          1     0.7462     0.7313      21.36      0.326     0.4032     0.1856  1.000e-12  0.6873000    12.1714    12.1743     0.0029    -0.0019     9.4571     9.4596    118.372    120.832    1453.70    1453.69     0.0534     0.0866     0.6870     1.1140  0.000e+00
      50633    120.000     7.3900     7.3905    1.36216    1.36245          1     0.7458     0.7316      20.93      0.539     0.4025     0.2016  1.000e-12  0.6704000    12.1840    12.1867     0.0027     0.0006     9.4660     9.4680    118.867    121.337    1453.77    1453.78     0.0533     0.0881     0.6870     1.1340  0.000e+00
      50651    120.500     7.4299     7.4301    1.36530    1.36560          1     0.7459     0.7312      20.49      0.674     0.4020     0.2183  1.000e-12  0.6396000    12.2003    12.2031     0.0028     0.0002     9.4753     9.4775    119.362    121.841    1453.97    1453.97     0.0539     0.0864     0.6950     1.1130  0.000e+00
      50678    121.000     7.4533     7.4513    1.36750    1.36752          1     0.7458     0.7314      19.83      0.558     0.3984     0.2183  1.000e-12  0.6603000    12.2134    12.2142     0.0009    -0.0020     9.4835     9.4843    119.857    122.346    1454.08    1454.08     0.0542     0.0911     0.6990     1.1740  0.000e+00
