ctdpy/tests/test_data/exprapp_april_2020/SBE09_1387_20200414_1453_77_10_0337.cnv
* Sea-Bird SBE 9 Data File:
* FileName = L:\2020\sv20d0337.hex
* Software Version Seasave V 7.26.7.121
* Temperature SN = 6378
* Conductivity SN = 4824
* Number of Bytes Per Scan = 41
* Number of Voltage Words = 4
* Number of Scans Averaged by the Deck Unit = 1
* NMEA Latitude = 58 20.34 N
* NMEA Longitude = 011 01.64 E
* NMEA UTC (Time) = Apr 14 2020  14:53:54
* NMEA baud rate = 4800
** Station:  A13
** Operator:  JKro
** Ship: SVEA
** Average sound velocity: 1476.68 m/s
** True-depth calculation Tue, 14 Apr 2020 17:06:44 +0000
** CTD Python Module SMHI /ver 3-12/ feb 2012 
** LIMS Job: 20207710-0337
** Cruise: SMHI-07-2020
** Latitude [GG MM.mm N] :
** Longitude [GGG MM.mm E]:
# nquan = 30
# nvalues = 197                         
# units = specified
# name 0 = scan: Scan Count
# name 1 = prDM: Pressure, Digiquartz [db]
# name 2 = t090C: Temperature [ITS-90, deg C]
# name 3 = t190C: Temperature, 2 [ITS-90, deg C]
# name 4 = c0S/m: Conductivity [S/m]
# name 5 = c1S/m: Conductivity, 2 [S/m]
# name 6 = pumps: Pump Status
# name 7 = sbeox0V: Oxygen raw, SBE 43 [V]
# name 8 = sbeox1V: Oxygen raw, SBE 43, 2 [V]
# name 9 = altM: Altimeter [m]
# name 10 = dz/dtM: Descent Rate [m/s]
# name 11 = flECO-AFL: Chl-a Fluorescence, WET Labs ECO-AFL/FL [mg/m^3]
# name 12 = flECO-AFL1: Phycocyanin Fluorescence, WET Labs ECO-AFL/FL, 2 [mg/m^3]
# name 13 = par: PAR/Irradiance, Biospherical/Lico [µE/(cm^2*s)]
# name 14 = turbWETntu0: Turbidity, WET Labs ECO [NTU]
# name 15 = sal00: Salinity, Practical [PSU]
# name 16 = sal11: Salinity, Practical, 2 [PSU]
# name 17 = secS-priS: Salinity, Practical, Difference, 2 - 1 [PSU]
# name 18 = T2-T190C: Temperature Difference, 2 - 1 [ITS-90, deg C]
# name 19 = sigma-t00: Density [sigma-t, kg/m^3 ]
# name 20 = sigma-t11: Density, 2 [sigma-t, kg/m^3 ]
# name 21 = depSM: Depth [salt water, m], lat = 58.339
# name 22 = depFM: Depth [true depth, m], lat = 58.339
# name 23 = svCM: Sound Velocity [Chen-Millero, m/s]
# name 24 = svCM1: Sound Velocity, 2 [Chen-Millero, m/s]
# name 25 = sbeox0ML/L: Oxygen, SBE 43 [ml/l], WS = 2
# name 26 = sbeox1ML/L: Oxygen, SBE 43, 2 [ml/l], WS = 2
# name 27 = sbeox0PS: Oxygen, SBE 43 [% saturation], WS = 2
# name 28 = sbeox1PS: Oxygen, SBE 43, 2 [% saturation], WS = 2
# name 29 = flag: flag
# span 0 =      55943,      61381       
# span 1 =      1.000,     99.000       
# span 2 =     6.2553,     7.0028       
# span 3 =     6.2551,     7.0027       
# span 4 =   2.852675,   3.516203       
# span 5 =   2.852598,   3.516043       
# span 6 =          1,          1       
# span 7 =     3.4185,     3.6661       
# span 8 =     3.1964,     3.4226       
# span 9 =       3.71,      95.25       
# span 10 =     -0.389,      0.877      
# span 11 =     0.2441,     1.2880      
# span 12 =     0.1467,     0.3497      
# span 13 = -1.366e-05, 1.6369e+02      
# span 14 =     0.2126,     1.7779      
# span 15 =    28.0351,    34.8123      
# span 16 =    28.0342,    34.8106      
# span 17 =    -0.0722,     0.2485      
# span 18 =    -0.0212,     0.0219      
# span 19 =    21.9932,    27.2706      
# span 20 =    21.9925,    27.2693      
# span 21 =      0.991,     98.056      
# span 22 =      0.997,     98.258      
# span 23 =    1468.13,    1480.06      
# span 24 =    1468.12,    1480.05      
# span 25 =     6.0718,     6.9338      
# span 26 =     6.1872,     7.0654      
# span 27 =     89.833,     97.053      
# span 28 =     91.520,     98.893      
# span 29 = 0.0000e+00, 0.0000e+00      
# interval = decibars: 0.5              
# start_time = Apr 14 2020 14:53:55 [NMEA time, first data scan]
# bad_flag = -9.990e-29
*END*
[from data line 97]
      58597     49.500     6.7849     6.7820    3.45694    3.45567          1     3.5176     3.2859      47.08      0.254     0.3147     0.2065  9.952e-02  0.5994000    34.4026    34.3914    -0.0112    -0.0029    26.9776    26.9692     49.034     49.174    1477.89    1477.86     6.3058     6.4179    92.5800    94.2110  0.000e+00
      58621     50.000     6.7885     6.7879    3.45921    3.45887          1     3.5181     3.2858      47.01      0.367     0.2953     0.1541  9.500e-02  0.5414000    34.4239    34.4208    -0.0031    -0.0006    26.9939    26.9915     49.529     49.670    1477.94    1477.93     6.3133     6.4295    92.7100    94.4140  0.000e+00
      58637     50.500     6.7908     6.7907    3.46066    3.46057          1     3.5191     3.2865      46.76      0.563     0.2939     0.1676  8.904e-02  0.5646000    34.4373    34.4364    -0.0009    -0.0001    27.0042    27.0035     50.024     50.166    1477.97    1477.97     6.3164     6.4339    92.7690    94.4940  0.000e+00
      58654     51.000     6.7941     6.7938    3.46227    3.46220          1     3.5199     3.2872      46.27      0.699     0.2912     0.1734  7.629e-02  0.5764000    34.4516    34.4511    -0.0006    -0.0003    27.0150    27.0146     50.520     50.662    1478.01    1478.01     6.3165     6.4305    92.7860    94.4610  0.000e+00
      58675     51.500     6.7952     6.7950    3.46302    3.46283          1     3.5206     3.2871      45.70      0.668     0.2871     0.1858  6.281e-02  0.5859000    34.4585    34.4567    -0.0018    -0.0002    27.0202    27.0188     51.015     51.158    1478.03    1478.03     6.3159     6.4278    92.7840    94.4270  0.000e+00
      58711     52.000     6.7951     6.7940    3.46305    3.46236          1     3.5222     3.2876      44.95      0.367     0.2796     0.2250  5.556e-02  0.5517000    34.4586    34.4522    -0.0064    -0.0012    27.0204    27.0155     51.510     51.654    1478.04    1478.03     6.3257     6.4335    92.9270    94.5050  0.000e+00
      58740     52.500     6.7955     6.7952    3.46319    3.46292          1     3.5245     3.2887      44.58      0.347     0.2777     0.1975  4.436e-02  0.5604000    34.4595    34.4570    -0.0025    -0.0004    27.0210    27.0191     52.005     52.149    1478.05    1478.05     6.3295     6.4459    92.9860    94.6940  0.000e+00
      58759     53.000     6.7957     6.7954    3.46326    3.46304          1     3.5255     3.2905      44.35      0.510     0.2766     0.1897  4.101e-02  0.5666000    34.4599    34.4578    -0.0021    -0.0003    27.0213    27.0197     52.501     52.645    1478.06    1478.05     6.3320     6.4524    93.0230    94.7890  0.000e+00
      58776     53.500     6.7963     6.7959    3.46379    3.46357          1     3.5267     3.2917      43.93      0.644     0.2691     0.2028  3.375e-02  0.5734000    34.4649    34.4629    -0.0021    -0.0004    27.0252    27.0236     52.996     53.141    1478.08    1478.07     6.3364     6.4506    93.0920    94.7670  0.000e+00
      58795     54.000     6.7972     6.7970    3.46436    3.46421          1     3.5282     3.2926      43.32      0.675     0.2582     0.2141  2.492e-02  0.6331000    34.4702    34.4687    -0.0015    -0.0002    27.0292    27.0280     53.491     53.637    1478.09    1478.09     6.3408     6.4534    93.1610    94.8140  0.000e+00
      58823     54.500     6.7990     6.7985    3.46522    3.46494          1     3.5301     3.2946      42.76      0.511     0.2772     0.2277  2.090e-02  0.6349000    34.4775    34.4749    -0.0026    -0.0004    27.0347    27.0328     53.986     54.133    1478.12    1478.11     6.3404     6.4613    93.1650    94.9380  0.000e+00
      58855     55.000     6.7990     6.7986    3.46536    3.46511          1     3.5308     3.2973      42.57      0.355     0.2967     0.1646  1.431e-02  0.6921000    34.4789    34.4764    -0.0025    -0.0003    27.0358    27.0339     54.481     54.629    1478.13    1478.12     6.3381     6.4697    93.1310    95.0620  0.000e+00
      58879     55.500     6.7979     6.7975    3.46542    3.46518          1     3.5310     3.2990      42.19      0.435     0.2722     0.2682  6.818e-03  0.6154000    34.4803    34.4781    -0.0021    -0.0004    27.0371    27.0354     54.977     55.125    1478.13    1478.13     6.3426     6.4667    93.1960    95.0170  0.000e+00
      58900     56.000     6.7946     6.7938    3.46542    3.46515          1     3.5323     3.2992      41.71      0.540     0.2591     0.2685  5.986e-03  0.6274000    34.4834    34.4812    -0.0022    -0.0008    27.0399    27.0383     55.472     55.620    1478.13    1478.13     6.3497     6.4589    93.2940    94.8970  0.000e+00
      58922     56.500     6.7918     6.7915    3.46550    3.46531          1     3.5338     3.2990      41.32      0.572     0.2614     0.2317  1.984e-03  0.5678000    34.4868    34.4850    -0.0018    -0.0003    27.0430    27.0417     55.967     56.116    1478.13    1478.13     6.3528     6.4600    93.3370    94.9100  0.000e+00
      58946     57.000     6.7923     6.7921    3.46599    3.46576          1     3.5345     3.2993      40.61      0.525     0.2808     0.2218  1.302e-03  0.5743000    34.4916    34.4892    -0.0024    -0.0002    27.0467    27.0449     56.462     56.612    1478.15    1478.15     6.3403     6.4550    93.1560    94.8410  0.000e+00
      58969     57.500     6.7927     6.7925    3.46611    3.46592          1     3.5307     3.2973      40.08      0.497     0.2713     0.2320 -1.366e-05  0.6035000    34.4922    34.4904    -0.0019    -0.0003    27.0472    27.0458     56.958     57.108    1478.16    1478.16     6.3088     6.4207    92.6940    94.3380  0.000e+00
      58992     58.000     6.7978     6.7978    3.46737    3.46731          1     3.5227     3.2912      39.54      0.524     0.2594     0.2325  1.719e-07  0.5454000    34.5008    34.5000    -0.0008     0.0000    27.0533    27.0526     57.453     57.604    1478.20    1478.20     6.2677     6.3701    92.1080    93.6120  0.000e+00
      59016     58.500     6.8053     6.8059    3.46916    3.46922          1     3.5097     3.2809      39.20      0.522     0.2586     0.2595  1.000e-12  0.6241000    34.5128    34.5128     0.0001     0.0006    27.0617    27.0617     57.948     58.100    1478.25    1478.25     6.2233     6.3168    91.4780    92.8540  0.000e+00
      59045     59.000     6.8123     6.8120    3.47112    3.47091          1     3.4934     3.2658      38.71      0.436     0.2695     0.2271  1.000e-12  0.8718000    34.5272    34.5251    -0.0022    -0.0003    27.0721    27.0704     58.443     58.596    1478.31    1478.30     6.1918     6.2774    91.0380    92.2950  0.000e+00
      59070     59.500     6.8132     6.8128    3.47168    3.47143          1     3.4825     3.2557      38.61      0.438     0.2598     0.2069  1.000e-12  0.9695000    34.5322    34.5298    -0.0024    -0.0005    27.0759    27.0741     58.938     59.091    1478.32    1478.32     6.1876     6.2894    90.9810    92.4750  0.000e+00
      59090     60.000     6.8120     6.8116    3.47166    3.47143          1     3.4773     3.2512      38.28      0.525     0.2601     0.2071  1.000e-12  1.1117000    34.5329    34.5307    -0.0022    -0.0003    27.0767    27.0749     59.434     59.587    1478.33    1478.32     6.1913     6.3004    91.0330    92.6350  0.000e+00
      59109     60.500     6.8121     6.8118    3.47177    3.47154          1     3.4742     3.2484      37.63      0.611     0.2597     0.2305  1.000e-12  1.1816000    34.5337    34.5316    -0.0021    -0.0003    27.0773    27.0756     59.929     60.083    1478.34    1478.33     6.1933     6.3095    91.0640    92.7700  0.000e+00
      59132     61.000     6.8123     6.8117    3.47187    3.47153          1     3.4718     3.2468      36.90      0.588     0.2647     0.2168  1.000e-12  1.2051000    34.5344    34.5312    -0.0031    -0.0006    27.0777    27.0754     60.424     60.579    1478.35    1478.34     6.1940     6.3171    91.0750    92.8810  0.000e+00
      59168     61.500     6.8125     6.8113    3.47193    3.47138          1     3.4696     3.2448      36.46      0.347     0.2751     0.1832  1.000e-12  1.0970000    34.5346    34.5297    -0.0049    -0.0012    27.0779    27.0742     60.919     61.075    1478.36    1478.35     6.1954     6.3106    91.0950    92.7850  0.000e+00
      59196     62.000     6.8130     6.8127    3.47207    3.47184          1     3.4689     3.2429      36.10      0.360     0.2684     0.2066  1.000e-12  1.1081000    34.5354    34.5331    -0.0023    -0.0003    27.0784    27.0767     61.415     61.571    1478.37    1478.36     6.1929     6.3076    91.0600    92.7450  0.000e+00
      59214     62.500     6.8136     6.8131    3.47223    3.47197          1     3.4676     3.2419      35.79      0.519     0.2691     0.2195  1.000e-12  1.1526000    34.5364    34.5340    -0.0024    -0.0005    27.0792    27.0774     61.910     62.067    1478.38    1478.37     6.1884     6.3026    90.9960    92.6730  0.000e+00
      59231     63.000     6.8140     6.8136    3.47238    3.47212          1     3.4666     3.2405      35.31      0.661     0.2696     0.2212  1.000e-12  1.1842000    34.5373    34.5349    -0.0024    -0.0005    27.0798    27.0780     62.405     62.562    1478.39    1478.39     6.1881     6.2935    90.9940    92.5400  0.000e+00
      59249     63.500     6.8149     6.8146    3.47262    3.47242          1     3.4659     3.2384      34.74      0.706     0.2722     0.2205  1.000e-12  1.2411000    34.5389    34.5369    -0.0020    -0.0003    27.0809    27.0794     62.900     63.058    1478.40    1478.40     6.1868     6.2896    90.9770    92.4860  0.000e+00
      59280     64.000     6.8156     6.8152    3.47280    3.47253          1     3.4643     3.2361      34.19      0.474     0.2863     0.2258  1.000e-12  1.2418000    34.5399    34.5373    -0.0026    -0.0004    27.0817    27.0797     63.395     63.554    1478.42    1478.41     6.1811     6.2873    90.8960    92.4550  0.000e+00
      59315     64.500     6.8179     6.8173    3.47344    3.47316          1     3.4611     3.2323      33.83      0.302     0.2676     0.2365  1.000e-12  1.3027000    34.5444    34.5419    -0.0024    -0.0007    27.0849    27.0830     63.891     64.050    1478.44    1478.43     6.1657     6.2630    90.6770    92.1050  0.000e+00
      59335     65.000     6.8221     6.8213    3.47453    3.47421          1     3.4579     3.2289      33.40      0.456     0.2676     0.2364  1.000e-12  1.2784000    34.5519    34.5492    -0.0027    -0.0008    27.0903    27.0882     64.386     64.546    1478.47    1478.47     6.1557     6.2521    90.5430    91.9570  0.000e+00
      59354     65.500     6.8371     6.8351    3.47801    3.47762          1     3.4552     3.2260      32.73      0.603     0.2672     0.2399  1.000e-12  1.3049000    34.5751    34.5728    -0.0023    -0.0020    27.1065    27.1049     64.881     65.042    1478.57    1478.56     6.1467     6.2464    90.4550    91.9170  0.000e+00
      59375     66.000     6.8565     6.8559    3.48240    3.48230          1     3.4518     3.2235      32.23      0.617     0.2711     0.2412  1.000e-12  1.3925000    34.6037    34.6032    -0.0005    -0.0006    27.1264    27.1260     65.376     65.537    1478.69    1478.68     6.1365     6.2480    90.3620    92.0030  0.000e+00
      59403     66.500     6.8776     6.8780    3.48738    3.48730          1     3.4481     3.2222      31.99      0.473     0.2736     0.2385  1.000e-12  1.4422000    34.6372    34.6359    -0.0013     0.0004    27.1499    27.1488     65.871     66.033    1478.82    1478.82     6.1270     6.2510    90.2850    92.1130  0.000e+00
      59429     67.000     6.8902     6.8901    3.49023    3.49015          1     3.4457     3.2216      31.82      0.430     0.2747     0.1754  1.000e-12  1.4286000    34.6557    34.6550    -0.0007    -0.0002    27.1627    27.1621     66.367     66.529    1478.90    1478.90     6.1261     6.2479    90.3100    92.1040  0.000e+00
      59450     67.500     6.9029     6.9032    3.49315    3.49315          1     3.4448     3.2211      31.49      0.511     0.2754     0.2146  1.000e-12  1.4642000    34.6749    34.6746    -0.0003     0.0003    27.1761    27.1758     66.862     67.025    1478.98    1478.98     6.1236     6.2413    90.3100    92.0470  0.000e+00
      59472     68.000     6.9110     6.9109    3.49503    3.49494          1     3.4438     3.2197      31.00      0.566     0.2664     0.2111  1.000e-12  1.4750000    34.6871    34.6863    -0.0009    -0.0001    27.1846    27.1840     67.357     67.521    1479.04    1479.04     6.1206     6.2290    90.2900    91.8890  0.000e+00
      59495     68.500     6.9176     6.9175    3.49656    3.49644          1     3.4430     3.2178      30.23      0.542     0.2657     0.2071  1.000e-12  1.4727000    34.6972    34.6959    -0.0013    -0.0001    27.1917    27.1907     67.852     68.016    1479.08    1479.08     6.1192     6.2294    90.2890    91.9140  0.000e+00
      59520     69.000     6.9241     6.9247    3.49808    3.49804          1     3.4427     3.2176      29.99      0.493     0.2604     0.1921  1.000e-12  1.4999000    34.7071    34.7061    -0.0011     0.0006    27.1986    27.1977     68.347     68.512    1479.13    1479.13     6.1219     6.2363    90.3490    92.0370  0.000e+00
      59547     69.500     6.9268     6.9266    3.49869    3.49843          1     3.4433     3.2170      29.50      0.454     0.2684     0.1919  1.000e-12  1.4313000    34.7108    34.7083    -0.0025    -0.0003    27.2011    27.1992     68.842     69.008    1479.15    1479.15     6.1196     6.2284    90.3220    91.9270  0.000e+00
      59574     70.000     6.9279     6.9276    3.49893    3.49871          1     3.4415     3.2159      28.79      0.434     0.2686     0.2133  1.000e-12  1.4915000    34.7121    34.7101    -0.0021    -0.0003    27.2020    27.2004     69.338     69.504    1479.17    1479.16     6.1111     6.2250    90.2000    91.8790  0.000e+00
      59599     70.500     6.9397     6.9417    3.50139    3.50192          1     3.4406     3.2150      28.46      0.469     0.2623     0.2386  1.000e-12  1.5791000    34.7272    34.7310     0.0038     0.0020    27.2123    27.2150     69.833     70.000    1479.24    1479.25     6.1098     6.2208    90.2140    91.8590  0.000e+00
      59621     71.000     6.9520     6.9516    3.50420    3.50393          1     3.4398     3.2140      28.16      0.521     0.2659     0.2531  1.000e-12  1.5633000    34.7454    34.7428    -0.0026    -0.0004    27.2249    27.2229     70.328     70.495    1479.32    1479.31     6.1044     6.2149    90.1710    91.8010  0.000e+00
      59642     71.500     6.9522     6.9518    3.50425    3.50398          1     3.4386     3.2130      27.59      0.552     0.2603     0.2243  1.000e-12  1.4924000    34.7455    34.7430    -0.0025    -0.0005    27.2249    27.2230     70.823     70.991    1479.33    1479.32     6.1014     6.2148    90.1260    91.7990  0.000e+00
      59667     72.000     6.9523     6.9534    3.50434    3.50436          1     3.4374     3.2124      26.91      0.522     0.2659     0.2837  1.000e-12  1.4469000    34.7461    34.7453    -0.0009     0.0011    27.2254    27.2246     71.318     71.487    1479.34    1479.34     6.0983     6.2141    90.0810    91.7940  0.000e+00
      59695     72.500     6.9601     6.9590    3.50616    3.50569          1     3.4359     3.2115      26.51      0.440     0.2674     0.2521  1.000e-12  1.4685000    34.7582    34.7540    -0.0041    -0.0011    27.2338    27.2307     71.814     71.983    1479.39    1479.38     6.0977     6.2141    90.0960    91.8110  0.000e+00
      59719     73.000     6.9628     6.9621    3.50675    3.50648          1     3.4359     3.2113      26.20      0.448     0.2640     0.1878  1.000e-12  1.4036000    34.7616    34.7594    -0.0022    -0.0007    27.2361    27.2345     72.309     72.478    1479.41    1479.41     6.1011     6.2171    90.1540    91.8650  0.000e+00
