ctdpy/tests/test_data/exprapp_april_2020/SBE09_1387_20200414_1453_77_10_0337.cnv
* Sea-Bird SBE 9 Data File:
* FileName = L:\2020\sv20d0337.hex
* Software Version Seasave V 7.26.7.121
* Temperature SN = 6378
* Conductivity SN = 4824
* Number of Bytes Per Scan = 41
* Number of Voltage Words = 4
* Number of Scans Averaged by the Deck Unit = 1
* NMEA Latitude = 58 20.34 N
* NMEA Longitude = 011 01.64 E
* NMEA UTC (Time) = Apr 14 2020  14:53:54
* NMEA baud rate = 4800
** Station:  A13
** Operator:  JKro
** Ship: SVEA
** Average sound velocity: 1476.68 m/s
** True-depth calculation Tue, 14 Apr 2020 17:06:44 +0000
** CTD Python Module SMHI /ver 3-12/ feb 2012 
** LIMS Job: 20207710-0337
** Cruise: SMHI-07-2020
** Latitude [GG MM.mm N] :
** Longitude [GGG MM.mm E]:
# nquan = 30
# nvalues = 197                         
# units = specified
# name 0 = scan: Scan Count
# name 1 = prDM: Pressure, Digiquartz [db]
# name 2 = t090C: Temperature [ITS-90, deg C]
# name 3 = t190C: Temperature, 2 [ITS-90, deg C]
# name 4 = c0S/m: Conductivity [S/m]
# name 5 = c1S/m: Conductivity, 2 [S/m]
# name 6 = pumps: Pump Status
# name 7 = sbeox0V: Oxygen raw, SBE 43 [V]
# name 8 = sbeox1V: Oxygen raw, SBE 43, 2 [V]
# name 9 = altM: Altimeter [m]
# name 10 = dz/dtM: Descent Rate [m/s]
# name 11 = flECO-AFL: Chl-a Fluorescence, WET Labs ECO-AFL/FL [mg/m^3]
# name 12 = flECO-AFL1: Phycocyanin Fluorescence, WET Labs ECO-AFL/FL, 2 [mg/m^3]
# name 13 = par: PAR/Irradiance, Biospherical/Lico [µE/(cm^2*s)]
# name 14 = turbWETntu0: Turbidity, WET Labs ECO [NTU]
# name 15 = sal00: Salinity, Practical [PSU]
# name 16 = sal11: Salinity, Practical, 2 [PSU]
# name 17 = secS-priS: Salinity, Practical, Difference, 2 - 1 [PSU]
# name 18 = T2-T190C: Temperature Difference, 2 - 1 [ITS-90, deg C]
# name 19 = sigma-t00: Density [sigma-t, kg/m^3 ]
# name 20 = sigma-t11: Density, 2 [sigma-t, kg/m^3 ]
# name 21 = depSM: Depth [salt water, m], lat = 58.339
# name 22 = depFM: Depth [true depth, m], lat = 58.339
# name 23 = svCM: Sound Velocity [Chen-Millero, m/s]
# name 24 = svCM1: Sound Velocity, 2 [Chen-Millero, m/s]
# name 25 = sbeox0ML/L: Oxygen, SBE 43 [ml/l], WS = 2
# name 26 = sbeox1ML/L: Oxygen, SBE 43, 2 [ml/l], WS = 2
# name 27 = sbeox0PS: Oxygen, SBE 43 [% saturation], WS = 2
# name 28 = sbeox1PS: Oxygen, SBE 43, 2 [% saturation], WS = 2
# name 29 = flag: flag
# span 0 =      55943,      61381       
# span 1 =      1.000,     99.000       
# span 2 =     6.2553,     7.0028       
# span 3 =     6.2551,     7.0027       
# span 4 =   2.852675,   3.516203       
# span 5 =   2.852598,   3.516043       
# span 6 =          1,          1       
# span 7 =     3.4185,     3.6661       
# span 8 =     3.1964,     3.4226       
# span 9 =       3.71,      95.25       
# span 10 =     -0.389,      0.877      
# span 11 =     0.2441,     1.2880      
# span 12 =     0.1467,     0.3497      
# span 13 = -1.366e-05, 1.6369e+02      
# span 14 =     0.2126,     1.7779      
# span 15 =    28.0351,    34.8123      
# span 16 =    28.0342,    34.8106      
# span 17 =    -0.0722,     0.2485      
# span 18 =    -0.0212,     0.0219      
# span 19 =    21.9932,    27.2706      
# span 20 =    21.9925,    27.2693      
# span 21 =      0.991,     98.056      
# span 22 =      0.997,     98.258      
# span 23 =    1468.13,    1480.06      
# span 24 =    1468.12,    1480.05      
# span 25 =     6.0718,     6.9338      
# span 26 =     6.1872,     7.0654      
# span 27 =     89.833,     97.053      
# span 28 =     91.520,     98.893      
# span 29 = 0.0000e+00, 0.0000e+00      
# interval = decibars: 0.5              
# start_time = Apr 14 2020 14:53:55 [NMEA time, first data scan]
# bad_flag = -9.990e-29
*END*
[from data line 49]
      57433     25.500     6.6275     6.6271    3.37284    3.37262          1     3.5616     3.3254      69.67      0.459     0.4219     0.1687  1.955e+00  0.2509000    33.6404    33.6384    -0.0020    -0.0004    26.3977    26.3962     25.261     25.366    1475.92    1475.92     6.4379     6.5497    93.7050    95.3300  0.000e+00
      57452     26.000     6.6223     6.6211    3.37307    3.37278          1     3.5605     3.3243      69.35      0.569     0.4235     0.1640  1.848e+00  0.2403000    33.6478    33.6459    -0.0019    -0.0013    26.4042    26.4029     25.757     25.862    1475.92    1475.91     6.4385     6.5493    93.7060    95.3150  0.000e+00
      57472     26.500     6.6206     6.6198    3.37330    3.37304          1     3.5596     3.3231      69.08      0.627     0.4212     0.2210  1.732e+00  0.3220000    33.6518    33.6497    -0.0021    -0.0008    26.4077    26.4061     26.252     26.358    1475.93    1475.92     6.4368     6.5494    93.6800    95.3160  0.000e+00
      57497     27.000     6.6206     6.6203    3.37338    3.37315          1     3.5583     3.3221      68.36      0.541     0.4384     0.2305  1.631e+00  0.2700000    33.6525    33.6502    -0.0023    -0.0003    26.4082    26.4064     26.747     26.854    1475.93    1475.93     6.4335     6.5485    93.6330    95.3050  0.000e+00
      57530     27.500     6.6233     6.6233    3.37386    3.37364          1     3.5556     3.3207      67.63      0.374     0.4577     0.2464  1.571e+00  0.2433000    33.6549    33.6525    -0.0024     0.0000    26.4097    26.4078     27.243     27.350    1475.96    1475.95     6.4181     6.5329    93.4170    95.0860  0.000e+00
      57556     28.000     6.6221     6.6224    3.37399    3.37382          1     3.5507     3.3163      67.21      0.398     0.4709     0.2246  1.496e+00  0.2522000    33.6573    33.6550    -0.0022     0.0003    26.4117    26.4099     27.738     27.846    1475.96    1475.96     6.3997     6.5030    93.1480    94.6490  0.000e+00
      57577     28.500     6.6209     6.6206    3.37472    3.37468          1     3.5469     3.3120      66.78      0.518     0.4347     0.2485  1.413e+00  0.2408000    33.6663    33.6661    -0.0003    -0.0002    26.4191    26.4189     28.233     28.343    1475.98    1475.98     6.3957     6.4930    93.0920    94.5080  0.000e+00
      57596     29.000     6.6293     6.6296    3.37928    3.37921          1     3.5442     3.3087      66.42      0.601     0.4341     0.1712  1.324e+00  0.2450000    33.7082    33.7072    -0.0011     0.0003    26.4510    26.4501     28.728     28.839    1476.07    1476.07     6.3915     6.4953    93.0740    94.5870  0.000e+00
      57620     29.500     6.6175     6.6183    3.37966    3.37987          1     3.5415     3.3065      66.11      0.569     0.4357     0.1962  1.251e+00  0.2424000    33.7238    33.7253     0.0016     0.0007    26.4648    26.4659     29.224     29.335    1476.05    1476.06     6.3878     6.4945    93.0050    94.5620  0.000e+00
      57654     30.000     6.6192     6.6218    3.38175    3.38224          1     3.5378     3.3029      65.88      0.383     0.4460     0.2222  1.202e+00  0.2602000    33.7450    33.7480     0.0029     0.0026    26.4813    26.4833     29.719     29.831    1476.09    1476.11     6.3786     6.4892    92.8880    94.5060  0.000e+00
      57682     30.500     6.6295     6.6295    3.38595    3.38568          1     3.5341     3.3008      65.17      0.367     0.4584     0.2298  1.149e+00  0.2889000    33.7811    33.7781    -0.0030    -0.0000    26.5084    26.5061     30.214     30.327    1476.19    1476.18     6.3650     6.4818    92.7340    94.4340  0.000e+00
      57702     31.000     6.6251     6.6253    3.38809    3.38779          1     3.5314     3.2987      64.47      0.503     0.4590     0.2600  1.090e+00  0.2861000    33.8090    33.8054    -0.0036     0.0002    26.5310    26.5281     30.710     30.823    1476.22    1476.21     6.3600     6.4734    92.6680    94.3190  0.000e+00
      57720     31.500     6.6214     6.6213    3.38967    3.38944          1     3.5292     3.2969      63.91      0.621     0.4582     0.2318  1.025e+00  0.3051000    33.8298    33.8274    -0.0025    -0.0001    26.5479    26.5460     31.205     31.319    1476.23    1476.23     6.3636     6.4791    92.7250    94.4070  0.000e+00
      57742     32.000     6.6172     6.6171    3.39092    3.39066          1     3.5298     3.2971      63.50      0.623     0.4575     0.2003  9.708e-01  0.3445000    33.8476    33.8449    -0.0027    -0.0001    26.5625    26.5604     31.700     31.815    1476.25    1476.24     6.3823     6.4992    93.0010    94.7020  0.000e+00
      57774     32.500     6.6177     6.6177    3.39692    3.39685          1     3.5339     3.2994      62.94      0.421     0.4667     0.2052  9.144e-01  0.3543000    33.9133    33.9127    -0.0007    -0.0001    26.6142    26.6137     32.195     32.311    1476.34    1476.34     6.3894     6.5045    93.1460    94.8220  0.000e+00
      57803     33.000     6.6365     6.6370    3.40273    3.40283          1     3.5352     3.2999      62.47      0.364     0.4711     0.2279  8.750e-01  0.3067000    33.9589    33.9594     0.0005     0.0005    26.6477    26.6480     32.691     32.808    1476.48    1476.48     6.3783     6.4876    93.0520    94.6470  0.000e+00
      57824     33.500     6.6524     6.6531    3.40971    3.41004          1     3.5350     3.2996      62.10      0.486     0.4713     0.2241  8.290e-01  0.3018000    34.0201    34.0232     0.0030     0.0007    26.6939    26.6961     33.186     33.304    1476.63    1476.63     6.3699     6.4824    93.0010    94.6470  0.000e+00
      57845     34.000     6.6728     6.6732    3.41814    3.41814          1     3.5345     3.2993      61.69      0.582     0.4606     0.2218  7.854e-01  0.3333000    34.0930    34.0926    -0.0004     0.0004    26.7486    26.7482     33.681     33.800    1476.81    1476.81     6.3626     6.4768    92.9820    94.6520  0.000e+00
      57869     34.500     6.6783     6.6783    3.41974    3.41953          1     3.5342     3.2994      61.23      0.547     0.4740     0.2218  7.365e-01  0.3518000    34.1051    34.1027    -0.0024    -0.0000    26.7573    26.7555     34.177     34.296    1476.85    1476.85     6.3651     6.4774    93.0380    94.6790  0.000e+00
      57896     35.000     6.6799     6.6799    3.42008    3.41988          1     3.5350     3.2993      60.72      0.458     0.4823     0.2243  6.962e-01  0.3511000    34.1070    34.1047    -0.0023     0.0000    26.7587    26.7569     34.672     34.792    1476.87    1476.87     6.3676     6.4765    93.0800    94.6710  0.000e+00
      57920     35.500     6.6811     6.6809    3.42039    3.42014          1     3.5352     3.2993      60.37      0.472     0.4823     0.2367  6.592e-01  0.3454000    34.1089    34.1063    -0.0025    -0.0002    26.7600    26.7580     35.167     35.288    1476.88    1476.88     6.3653     6.4762    93.0500    94.6680  0.000e+00
      57942     36.000     6.6817     6.6817    3.42051    3.42033          1     3.5349     3.2989      59.79      0.516     0.4924     0.2429  6.222e-01  0.3752000    34.1094    34.1073    -0.0021     0.0001    26.7604    26.7587     35.662     35.784    1476.89    1476.89     6.3647     6.4731    93.0420    94.6260  0.000e+00
      57966     36.500     6.6842     6.6842    3.42122    3.42102          1     3.5350     3.2985      59.33      0.515     0.4735     0.2076  5.863e-01  0.3597000    34.1145    34.1124    -0.0021    -0.0000    26.7640    26.7623     36.158     36.280    1476.92    1476.92     6.3659     6.4711    93.0680    94.6050  0.000e+00
      57990     37.000     6.6867     6.6865    3.42194    3.42171          1     3.5349     3.2980      58.55      0.500     0.4998     0.2071  5.602e-01  0.3768000    34.1198    34.1173    -0.0024    -0.0002    26.7679    26.7660     36.653     36.776    1476.94    1476.94     6.3629     6.4723    93.0330    94.6320  0.000e+00
      58014     37.500     6.6877     6.6876    3.42227    3.42206          1     3.5343     3.2983      58.09      0.505     0.4850     0.2200  5.305e-01  0.4022000    34.1222    34.1199    -0.0023    -0.0001    26.7696    26.7678     37.148     37.272    1476.96    1476.96     6.3624     6.4812    93.0300    94.7660  0.000e+00
      58040     38.000     6.6888     6.6886    3.42275    3.42248          1     3.5345     3.2994      57.77      0.481     0.4628     0.2474  4.991e-01  0.3743000    34.1261    34.1234    -0.0027    -0.0002    26.7725    26.7704     37.643     37.768    1476.98    1476.97     6.3670     6.4852    93.1020    94.8280  0.000e+00
      58067     38.500     6.6912     6.6913    3.42354    3.42334          1     3.5353     3.3004      57.25      0.445     0.4565     0.2123  4.612e-01  0.3530000    34.1322    34.1299    -0.0022     0.0001    26.7770    26.7753     38.139     38.264    1477.00    1477.00     6.3685     6.4862    93.1330    94.8530  0.000e+00
      58088     39.000     6.6933     6.6928    3.42403    3.42370          1     3.5357     3.3010      56.92      0.493     0.4460     0.2086  4.344e-01  0.3430000    34.1353    34.1321    -0.0031    -0.0005    26.7792    26.7768     38.634     38.760    1477.02    1477.02     6.3695     6.4843    93.1540    94.8290  0.000e+00
      58107     39.500     6.6948     6.6949    3.42448    3.42433          1     3.5362     3.3009      56.49      0.580     0.4452     0.2064  4.103e-01  0.3473000    34.1386    34.1368    -0.0017     0.0000    26.7816    26.7802     39.129     39.256    1477.04    1477.04     6.3694     6.4762    93.1580    94.7180  0.000e+00
      58128     40.000     6.7002     6.6997    3.42600    3.42573          1     3.5362     3.3002      55.99      0.610     0.4325     0.2084  3.837e-01  0.3815000    34.1498    34.1472    -0.0026    -0.0004    26.7897    26.7877     39.624     39.751    1477.08    1477.08     6.3678     6.4766    93.1520    94.7420  0.000e+00
      58154     40.500     6.7043     6.7038    3.42704    3.42671          1     3.5368     3.3008      55.44      0.517     0.4084     0.2163  3.634e-01  0.4227000    34.1569    34.1537    -0.0032    -0.0005    26.7947    26.7923     40.120     40.247    1477.12    1477.11     6.3715     6.4872    93.2200    94.9100  0.000e+00
      58185     41.000     6.7091     6.7089    3.42839    3.42818          1     3.5378     3.3021      55.02      0.399     0.4101     0.2363  3.398e-01  0.3229000    34.1669    34.1648    -0.0021    -0.0002    26.8020    26.8003     40.615     40.743    1477.16    1477.15     6.3704     6.4857    93.2200    94.9060  0.000e+00
      58211     41.500     6.7128     6.7129    3.43014    3.43006          1     3.5374     3.3018      54.60      0.425     0.4072     0.2198  3.192e-01  0.3394000    34.1823    34.1813    -0.0009     0.0001    26.8136    26.8129     41.110     41.239    1477.20    1477.20     6.3661     6.4772    93.1750    94.8000  0.000e+00
      58233     42.000     6.7182     6.7177    3.43255    3.43227          1     3.5373     3.3017      54.16      0.497     0.3990     0.2042  2.972e-01  0.3594000    34.2033    34.2007    -0.0025    -0.0005    26.8295    26.8275     41.605     41.735    1477.25    1477.25     6.3668     6.4781    93.2090    94.8360  0.000e+00
      58253     42.500     6.7248     6.7250    3.43553    3.43557          1     3.5378     3.3017      53.74      0.560     0.4021     0.2367  2.706e-01  0.3645000    34.2294    34.2297     0.0002     0.0002    26.8492    26.8493     42.101     42.231    1477.32    1477.32     6.3663     6.4765    93.2320    94.8470  0.000e+00
      58273     43.000     6.7288     6.7288    3.43738    3.43725          1     3.5376     3.3017      53.35      0.606     0.4002     0.2041  2.591e-01  0.3874000    34.2457    34.2442    -0.0015    -0.0000    26.8615    26.8603     42.596     42.727    1477.36    1477.36     6.3595     6.4760    93.1510    94.8570  0.000e+00
      58295     43.500     6.7387     6.7377    3.44001    3.43957          1     3.5359     3.3017      52.82      0.584     0.3887     0.1990  2.397e-01  0.4344000    34.2646    34.2608    -0.0038    -0.0010    26.8751    26.8722     43.091     43.223    1477.44    1477.43     6.3454     6.4681    92.9780    94.7710  0.000e+00
      58325     44.000     6.7468     6.7464    3.44247    3.44213          1     3.5325     3.2998      52.10      0.451     0.3600     0.2246  2.227e-01  0.3896000    34.2835    34.2801    -0.0033    -0.0004    26.8888    26.8863     43.586     43.719    1477.50    1477.49     6.3398     6.4538    92.9250    94.5920  0.000e+00
      58357     44.500     6.7485     6.7489    3.44464    3.44441          1     3.5313     3.2978      51.73      0.359     0.3592     0.2367  2.116e-01  0.3947000    34.3055    34.3027    -0.0028     0.0004    26.9060    26.9037     44.082     44.215    1477.54    1477.54     6.3435     6.4508    92.9960    94.5680  0.000e+00
      58379     45.000     6.7563     6.7566    3.44674    3.44661          1     3.5312     3.2967      51.44      0.445     0.3298     0.2258  1.962e-01  0.4644000    34.3207    34.3190    -0.0017     0.0003    26.9169    26.9156     44.577     44.711    1477.60    1477.60     6.3426     6.4472    93.0080    94.5420  0.000e+00
      58395     45.500     6.7598     6.7595    3.44757    3.44738          1     3.5311     3.2959      51.06      0.586     0.3546     0.2300  1.772e-01  0.7066000    34.3262    34.3243    -0.0018    -0.0003    26.9207    26.9194     45.072     45.207    1477.63    1477.62     6.3424     6.4508    93.0160    94.6040  0.000e+00
      58412     46.000     6.7620     6.7617    3.44813    3.44794          1     3.5309     3.2960      50.59      0.703     0.3319     0.2363  1.670e-01  0.5560000    34.3299    34.3280    -0.0019    -0.0003    26.9234    26.9219     45.567     45.703    1477.65    1477.64     6.3416     6.4596    93.0120    94.7400  0.000e+00
      58435     46.500     6.7636     6.7630    3.44867    3.44836          1     3.5309     3.2967      49.99      0.642     0.3289     0.2311  1.543e-01  0.4408000    34.3340    34.3311    -0.0028    -0.0006    26.9264    26.9242     46.063     46.199    1477.67    1477.66     6.3413     6.4594    93.0140    94.7420  0.000e+00
      58475     47.000     6.7655     6.7641    3.44910    3.44861          1     3.5294     3.2961      49.41      0.276     0.3591     0.2034  1.466e-01  0.3611000    34.3366    34.3327    -0.0039    -0.0014    26.9282    26.9253     46.558     46.695    1477.69    1477.68     6.3271     6.4429    92.8100    94.5040  0.000e+00
      58499     47.500     6.7714     6.7709    3.45101    3.45079          1     3.5263     3.2939      49.13      0.367     0.3370     0.1909  1.369e-01  0.3549000    34.3516    34.3496    -0.0020    -0.0005    26.9392    26.9377     47.053     47.191    1477.74    1477.73     6.3151     6.4335    92.6560    94.3910  0.000e+00
      58515     48.000     6.7826     6.7819    3.45553    3.45531          1     3.5240     3.2931      48.80      0.572     0.3201     0.2667  1.256e-01  0.4259000    34.3902    34.3883    -0.0019    -0.0007    26.9681    26.9667     47.548     47.687    1477.84    1477.83     6.3088     6.4320    92.6110    94.4170  0.000e+00
      58531     48.500     6.7845     6.7841    3.45645    3.45622          1     3.5224     3.2920      48.29      0.716     0.3079     0.2297  1.170e-01  0.4582000    34.3981    34.3960    -0.0021    -0.0004    26.9741    26.9725     48.043     48.182    1477.86    1477.86     6.3081     6.4264    92.6090    94.3440  0.000e+00
