ctdpy/tests/test_data/exprapp_april_2020/SBE09_1387_20200414_1453_77_10_0337.cnv
* Sea-Bird SBE 9 Data File:
* FileName = L:\2020\sv20d0337.hex
* Software Version Seasave V 7.26.7.121
* Temperature SN = 6378
* Conductivity SN = 4824
* Number of Bytes Per Scan = 41
* Number of Voltage Words = 4
* Number of Scans Averaged by the Deck Unit = 1
* NMEA Latitude = 58 20.34 N
* NMEA Longitude = 011 01.64 E
* NMEA UTC (Time) = Apr 14 2020  14:53:54
* NMEA baud rate = 4800
** Station:  A13
** Operator:  JKro
** Ship: SVEA
** Average sound velocity: 1476.68 m/s
** True-depth calculation Tue, 14 Apr 2020 17:06:44 +0000
** CTD Python Module SMHI /ver 3-12/ feb 2012 
** LIMS Job: 20207710-0337
** Cruise: SMHI-07-2020
** Latitude [GG MM.mm N] :
** Longitude [GGG MM.mm E]:
# nquan = 30
# nvalues = 197                         
# units = specified
# name 0 = scan: Scan Count
# name 1 = prDM: Pressure, Digiquartz [db]
# name 2 = t090C: Temperature [ITS-90, deg C]
# name 3 = t190C: Temperature, 2 [ITS-90, deg C]
# name 4 = c0S/m: Conductivity [S/m]
# name 5 = c1S/m: Conductivity, 2 [S/m]
# name 6 = pumps: Pump Status
# name 7 = sbeox0V: Oxygen raw, SBE 43 [V]
# name 8 = sbeox1V: Oxygen raw, SBE 43, 2 [V]
# name 9 = altM: Altimeter [m]
# name 10 = dz/dtM: Descent Rate [m/s]
# name 11 = flECO-AFL: Chl-a Fluorescence, WET Labs ECO-AFL/FL [mg/m^3]
# name 12 = flECO-AFL1: Phycocyanin Fluorescence, WET Labs ECO-AFL/FL, 2 [mg/m^3]
# name 13 = par: PAR/Irradiance, Biospherical/Lico [µE/(cm^2*s)]
# name 14 = turbWETntu0: Turbidity, WET Labs ECO [NTU]
# name 15 = sal00: Salinity, Practical [PSU]
# name 16 = sal11: Salinity, Practical, 2 [PSU]
# name 17 = secS-priS: Salinity, Practical, Difference, 2 - 1 [PSU]
# name 18 = T2-T190C: Temperature Difference, 2 - 1 [ITS-90, deg C]
# name 19 = sigma-t00: Density [sigma-t, kg/m^3 ]
# name 20 = sigma-t11: Density, 2 [sigma-t, kg/m^3 ]
# name 21 = depSM: Depth [salt water, m], lat = 58.339
# name 22 = depFM: Depth [true depth, m], lat = 58.339
# name 23 = svCM: Sound Velocity [Chen-Millero, m/s]
# name 24 = svCM1: Sound Velocity, 2 [Chen-Millero, m/s]
# name 25 = sbeox0ML/L: Oxygen, SBE 43 [ml/l], WS = 2
# name 26 = sbeox1ML/L: Oxygen, SBE 43, 2 [ml/l], WS = 2
# name 27 = sbeox0PS: Oxygen, SBE 43 [% saturation], WS = 2
# name 28 = sbeox1PS: Oxygen, SBE 43, 2 [% saturation], WS = 2
# name 29 = flag: flag
# span 0 =      55943,      61381       
# span 1 =      1.000,     99.000       
# span 2 =     6.2553,     7.0028       
# span 3 =     6.2551,     7.0027       
# span 4 =   2.852675,   3.516203       
# span 5 =   2.852598,   3.516043       
# span 6 =          1,          1       
# span 7 =     3.4185,     3.6661       
# span 8 =     3.1964,     3.4226       
# span 9 =       3.71,      95.25       
# span 10 =     -0.389,      0.877      
# span 11 =     0.2441,     1.2880      
# span 12 =     0.1467,     0.3497      
# span 13 = -1.366e-05, 1.6369e+02      
# span 14 =     0.2126,     1.7779      
# span 15 =    28.0351,    34.8123      
# span 16 =    28.0342,    34.8106      
# span 17 =    -0.0722,     0.2485      
# span 18 =    -0.0212,     0.0219      
# span 19 =    21.9932,    27.2706      
# span 20 =    21.9925,    27.2693      
# span 21 =      0.991,     98.056      
# span 22 =      0.997,     98.258      
# span 23 =    1468.13,    1480.06      
# span 24 =    1468.12,    1480.05      
# span 25 =     6.0718,     6.9338      
# span 26 =     6.1872,     7.0654      
# span 27 =     89.833,     97.053      
# span 28 =     91.520,     98.893      
# span 29 = 0.0000e+00, 0.0000e+00      
# interval = decibars: 0.5              
# start_time = Apr 14 2020 14:53:55 [NMEA time, first data scan]
# bad_flag = -9.990e-29
*END*
      55943      1.000     6.5310     6.5313    2.85361    2.85340          1     3.6644     3.4214      95.25     -0.389     1.2458     0.1935  1.519e+02  0.2438000    28.0512    28.0486    -0.0026     0.0004    22.0066    22.0045      0.991      0.997    1468.13    1468.12     6.9257     7.0553    96.9350    98.7480  0.000e+00
      55968      1.500     6.5319     6.5316    2.85338    2.85335          1     3.6645     3.4214      93.64      0.045     1.2051     0.3329  1.637e+02  0.2269000    28.0476    28.0476    -0.0000    -0.0004    22.0037    22.0037      1.486      1.495    1468.14    1468.14     6.9251     7.0525    96.9270    98.7090  0.000e+00
      56009      2.000     6.5341     6.5328    2.85297    2.85305          1     3.6638     3.4213      93.70      0.417     1.2097     0.3497  1.287e+02  0.2274000    28.0413    28.0431     0.0018    -0.0013    21.9984    22.0000      1.981      1.993    1468.15    1468.15     6.9252     7.0500    96.9290    98.6740  0.000e+00
      56099      2.500     6.5334     6.5342    2.85315    2.85291          1     3.6636     3.4224      93.69      0.533     1.2473     0.3066  1.092e+02  0.2285000    28.0435    28.0403    -0.0033     0.0008    22.0002    21.9976      2.477      2.492    1468.16    1468.16     6.9307     7.0596    97.0060    98.8110  0.000e+00
      56153      3.000     6.5343     6.5342    2.85305    2.85290          1     3.6651     3.4219      93.63      0.478     1.2880     0.3051  1.001e+02  0.2334000    28.0416    28.0401    -0.0015    -0.0002    21.9986    21.9974      2.972      2.990    1468.16    1468.16     6.9314     7.0556    97.0170    98.7540  0.000e+00
      56219      3.500     6.5369     6.5364    2.85268    2.85263          1     3.6661     3.4214      93.73      0.418     1.2864     0.2960  8.919e+01  0.2425000    28.0351    28.0351    -0.0000    -0.0005    21.9932    21.9933      3.467      3.488    1468.18    1468.17     6.9310     7.0558    97.0130    98.7580  0.000e+00
      56250      4.000     6.5367     6.5367    2.85274    2.85260          1     3.6654     3.4214      93.51      0.494     1.2609     0.3284  7.258e+01  0.2902000    28.0358    28.0342    -0.0015     0.0000    21.9937    21.9925      3.963      3.986    1468.18    1468.18     6.9294     7.0558    96.9910    98.7590  0.000e+00
      56310      4.500     6.5363     6.5364    2.85290    2.85275          1     3.6657     3.4221      91.79      0.152     1.2586     0.3276  6.738e+01  0.2190000    28.0376    28.0359    -0.0017     0.0001    21.9952    21.9939      4.458      4.485    1468.19    1468.19     6.9338     7.0654    97.0530    98.8930  0.000e+00
      56334      5.000     6.5351     6.5355    2.85305    2.85288          1     3.6656     3.4226      93.34      0.408     1.2135     0.3100  5.998e+01  0.2428000    28.0400    28.0379    -0.0021     0.0004    21.9972    21.9955      4.953      4.983    1468.20    1468.20     6.9315     7.0590    97.0190    98.8040  0.000e+00
      56378      5.500     6.5330     6.5330    2.85346    2.85331          1     3.6656     3.4219      93.41      0.316     1.2101     0.2940  4.958e+01  0.2473000    28.0460    28.0443    -0.0017    -0.0001    22.0022    22.0009      5.449      5.481    1468.21    1468.20     6.9322     7.0534    97.0280    98.7230  0.000e+00
      56436      6.000     6.5335     6.5337    2.85348    2.85328          1     3.6657     3.4204      93.75      0.171     1.2177     0.2534  4.532e+01  0.2346000    28.0456    28.0433    -0.0022     0.0002    22.0018    22.0000      5.944      5.980    1468.22    1468.21     6.9326     7.0477    97.0340    98.6450  0.000e+00
      56452      6.500     6.5281     6.5288    2.85450    2.85430          1     3.6654     3.4201      93.56      0.470     1.2159     0.2819  3.849e+01  0.2511000    28.0609    28.0581    -0.0028     0.0007    22.0145    22.0123      6.439      6.478    1468.22    1468.22     6.9306     7.0534    97.0040    98.7220  0.000e+00
      56471      7.000     6.5268     6.5266    2.85466    2.85456          1     3.6649     3.4200      93.13      0.648     1.2141     0.3344  3.380e+01  0.2955000    28.0634    28.0626    -0.0008    -0.0003    22.0166    22.0160      6.935      6.976    1468.23    1468.23     6.9306     7.0490    97.0020    98.6590  0.000e+00
      56518      7.500     6.5289     6.5293    2.85427    2.85411          1     3.6630     3.4171      90.62      0.328     1.2039     0.2938  3.107e+01  0.2985000    28.0573    28.0552    -0.0021     0.0004    22.0116    22.0099      7.430      7.475    1468.24    1468.24     6.9230     7.0395    96.8970    98.5280  0.000e+00
      56564      8.000     6.5276     6.5286    2.85460    2.85431          1     3.6605     3.4153      87.90      0.229     1.2053     0.3091  2.794e+01  0.2126000    28.0617    28.0577    -0.0040     0.0010    22.0152    22.0119      7.926      7.973    1468.25    1468.24     6.9187     7.0395    96.8370    98.5270  0.000e+00
      56582      8.500     6.5141     6.5185    2.85809    2.85677          1     3.6600     3.4146      87.86      0.479     1.1908     0.3391  2.396e+01  0.2571000    28.1104    28.0925    -0.0179     0.0044    22.0551    22.0405      8.421      8.471    1468.26    1468.26     6.9172     7.0357    96.8160    98.4730  0.000e+00
      56603      9.000     6.4974     6.5025    2.86259    2.86106          1     3.6584     3.4138      90.34      0.598     1.1666     0.3250  2.110e+01  0.3099000    28.1728    28.1520    -0.0208     0.0051    22.1062    22.0892      8.916      8.969    1468.28    1468.27     6.9052     7.0335    96.6500    98.4440  0.000e+00
      56642      9.500     6.4895     6.4877    2.86482    2.86488          1     3.6526     3.4117      88.08      0.352     1.1498     0.3122  1.942e+01  0.2626000    28.2032    28.2054     0.0022    -0.0018    22.1311    22.1330      9.411      9.468    1468.29    1468.29     6.8868     7.0171    96.3950    98.2150  0.000e+00
      56674     10.000     6.4903     6.4758    2.86558    2.86934          1     3.6480     3.4067      89.31      0.300     1.1298     0.3260  1.751e+01  0.2411000    28.2107    28.2635     0.0528    -0.0146    22.1368    22.1801      9.907      9.966    1468.32    1468.32     6.8787     6.9778    96.2870    97.6750  0.000e+00
      56693     10.500     6.4367     6.4430    2.88417    2.88151          1     3.6451     3.4022      93.58      0.503     1.1048     0.3012  1.544e+01  0.3322000    28.4570    28.4227    -0.0343     0.0064    22.3371    22.3093     10.402     10.464    1468.42    1468.40     6.8657     6.9664    96.1410    97.5440  0.000e+00
      56713     11.000     6.3957     6.4015    2.90465    2.90112          1     3.6415     3.3984      93.60      0.623     1.0527     0.2868  1.352e+01  0.5827000    28.7142    28.6709    -0.0434     0.0058    22.5445    22.5097     10.897     10.962    1468.59    1468.55     6.8476     6.9588    95.9580    97.5010  0.000e+00
      56741     11.500     6.3670     6.3658    2.92126    2.92133          1     3.6344     3.3933      93.57      0.505     0.9739     0.3017  1.225e+01  0.3334000    28.9194    28.9212     0.0018    -0.0012    22.7095    22.7110     11.393     11.460    1468.74    1468.73     6.8221     6.9372    95.6660    97.2780  0.000e+00
      56778     12.000     6.3322     6.3368    2.94339    2.93981          1     3.6251     3.3852      75.09      0.311     0.8908     0.2777  1.169e+01  0.2673000    29.1910    29.1478    -0.0431     0.0046    22.9275    22.8930     11.888     11.958    1468.95    1468.91     6.8013     6.9083    95.4660    96.9510  0.000e+00
      56802     12.500     6.2737     6.2770    2.99207    2.98898          1     3.6216     3.3803      86.99      0.409     0.8157     0.2503  1.072e+01  0.2680000    29.7752    29.7385    -0.0368     0.0032    23.3949    23.3655     12.383     12.456    1469.45    1469.42     6.7786     6.8733    95.3860    96.7020  0.000e+00
      56821     13.000     6.2553     6.2551    3.02655    3.02345          1     3.6165     3.3744      84.25      0.552     0.7764     0.2299  9.606e+00  0.2733000    30.1705    30.1365    -0.0340    -0.0002    23.7087    23.6819     12.879     12.953    1469.89    1469.84     6.7355     6.8265    94.9870    96.2480  0.000e+00
      56841     13.500     6.2655     6.2609    3.04608    3.04321          1     3.6086     3.3675      88.21      0.618     0.7502     0.2765  8.658e+00  0.2704000    30.3765    30.3489    -0.0276    -0.0046    23.8698    23.8486     13.374     13.451    1470.19    1470.14     6.7018     6.8097    94.6620    96.1590  0.000e+00
      56867     14.000     6.3410     6.3198    3.07873    3.07045          1     3.6001     3.3616      86.85      0.523     0.7037     0.2753  8.068e+00  0.2414000    30.6681    30.5959    -0.0722    -0.0212    24.0907    24.0363     13.869     13.948    1470.87    1470.69     6.6697     6.7827    94.5580    96.0660  0.000e+00
      56900     14.500     6.3470     6.3556    3.11020    3.10929          1     3.5935     3.3539      81.37      0.367     0.6678     0.2344  7.737e+00  0.2322000    31.0094    30.9916    -0.0178     0.0086    24.3590    24.3440     14.365     14.445    1471.33    1471.34     6.6531     6.7500    94.5500    95.9350  0.000e+00
      56923     15.000     6.2730     6.2949    3.12042    3.14471          1     3.5910     3.3507      92.56      0.426     0.6953     0.2010  7.196e+00  0.2706000    31.1896    31.4380     0.2485     0.0219    24.5101    24.7034     14.860     14.943    1471.27    1471.67     6.6712     6.7614    94.7560    96.2450  0.000e+00
      56943     15.500     6.3383     6.3398    3.19445    3.19808          1     3.5932     3.3513      93.55      0.549     0.6770     0.2947  6.634e+00  0.3196000    31.9480    31.9868     0.0388     0.0015    25.1002    25.1306     15.355     15.439    1472.49    1472.55     6.6503     6.7498    95.0790    96.5300  0.000e+00
      56964     16.000     6.3832     6.3801    3.21559    3.21550          1     3.5969     3.3523      82.51      0.601     0.6018     0.2729  6.125e+00  0.3520000    32.1395    32.1414     0.0018    -0.0031    25.2456    25.2475     15.851     15.936    1472.92    1472.91     6.6387     6.7387    95.1320    96.5600  0.000e+00
      56992     16.500     6.5031     6.4979    3.24812    3.24827          1     3.5981     3.3530      78.97      0.483     0.5270     0.2216  5.764e+00  0.2844000    32.3856    32.3922     0.0066    -0.0053    25.4245    25.4304     16.346     16.433    1473.71    1473.70     6.5936     6.7024    94.9040    96.4630  0.000e+00
      57022     17.000     6.6793     6.6739    3.30260    3.30323          1     3.5953     3.3525      78.81      0.385     0.5251     0.1702  5.476e+00  0.2913000    32.8184    32.8305     0.0122    -0.0054    25.7429    25.7532     16.841     16.929    1474.95    1474.95     6.5250     6.6409    94.5720    96.2470  0.000e+00
      57043     17.500     6.7184     6.7175    3.32617    3.32630          1     3.5917     3.3509      78.00      0.477     0.5251     0.1952  5.166e+00  0.2906000    33.0403    33.0426     0.0023    -0.0009    25.9127    25.9147     17.337     17.426    1475.39    1475.39     6.5008     6.6122    94.4450    96.0630  0.000e+00
      57062     18.000     6.7197     6.7193    3.33986    3.34112          1     3.5895     3.3489      77.52      0.585     0.5066     0.1930  4.851e+00  0.2457000    33.1898    33.2040     0.0142    -0.0004    26.0304    26.0416     17.832     17.922    1475.59    1475.61     6.4918     6.5946    94.4090    95.9120  0.000e+00
      57082     18.500     6.7195     6.7201    3.34979    3.35015          1     3.5867     3.3462      77.03      0.619     0.5067     0.1867  4.575e+00  0.3357000    33.2992    33.3026     0.0034     0.0006    26.1166    26.1192     18.327     18.419    1475.74    1475.75     6.4836     6.5879    94.3580    95.8790  0.000e+00
      57108     19.000     6.7230     6.7227    3.35313    3.35301          1     3.5845     3.3441      76.52      0.523     0.5222     0.1997  4.353e+00  0.3283000    33.3324    33.3314    -0.0010    -0.0003    26.1423    26.1415     18.823     18.915    1475.80    1475.80     6.4808     6.5884    94.3460    95.9110  0.000e+00
      57136     19.500     6.7248     6.7241    3.35793    3.35759          1     3.5825     3.3431      75.87      0.426     0.5521     0.2288  4.162e+00  0.3514000    33.3833    33.3802    -0.0031    -0.0006    26.1822    26.1798     19.318     19.411    1475.88    1475.88     6.4747     6.5953    94.2930    96.0450  0.000e+00
      57161     20.000     6.7289     6.7329    3.36068    3.36225          1     3.5804     3.3430      75.44      0.462     0.5318     0.2071  3.931e+00  0.3519000    33.4094    33.4228     0.0134     0.0040    26.2022    26.2122     19.813     19.907    1475.94    1475.97     6.4643     6.5871    94.1660    95.9720  0.000e+00
      57184     20.500     6.7491     6.7441    3.37637    3.37642          1     3.5775     3.3416      77.18      0.509     0.5201     0.2115  3.648e+00  0.3558000    33.5626    33.5680     0.0054    -0.0050    26.3203    26.3252     20.308     20.404    1476.22    1476.21     6.4473     6.5679    94.0560    95.8080  0.000e+00
      57207     21.000     6.6905     6.6894    3.37439    3.37410          1     3.5751     3.3396      82.99      0.518     0.4954     0.2256  3.380e+00  0.3149000    33.5979    33.5957    -0.0022    -0.0010    26.3559    26.3543     20.804     20.900    1476.04    1476.03     6.4542     6.5710    94.0520    95.7500  0.000e+00
      57234     21.500     6.6809     6.6783    3.37456    3.37419          1     3.5731     3.3378      73.58      0.475     0.4592     0.2023  3.190e+00  0.3289000    33.6090    33.6074    -0.0016    -0.0026    26.3659    26.3650     21.299     21.396    1476.02    1476.01     6.4522     6.5700    94.0090    95.7190  0.000e+00
      57262     22.000     6.6744     6.6732    3.37421    3.37390          1     3.5708     3.3358      73.34      0.428     0.4702     0.1737  3.018e+00  0.2806000    33.6112    33.6089    -0.0023    -0.0012    26.3685    26.3669     21.794     21.892    1476.01    1476.01     6.4497     6.5652    93.9600    95.6390  0.000e+00
      57287     22.500     6.6734     6.6759    3.37475    3.37454          1     3.5697     3.3342      72.93      0.456     0.4567     0.2694  2.824e+00  0.2573000    33.6179    33.6131    -0.0048     0.0025    26.3739    26.3698     22.290     22.388    1476.02    1476.03     6.4498     6.5635    93.9640    95.6230  0.000e+00
      57309     23.000     6.6729     6.6721    3.37510    3.37483          1     3.5685     3.3330      72.31      0.507     0.4501     0.2083  2.608e+00  0.2858000    33.6220    33.6198    -0.0022    -0.0008    26.3772    26.3756     22.785     22.885    1476.04    1476.03     6.4472     6.5618    93.9270    95.5930  0.000e+00
      57331     23.500     6.6575     6.6560    3.37389    3.37351          1     3.5676     3.3315      72.60      0.540     0.4482     0.2163  2.426e+00  0.2891000    33.6235    33.6209    -0.0026    -0.0016    26.3804    26.3786     23.280     23.381    1475.99    1475.98     6.4496     6.5581    93.9300    95.5040  0.000e+00
      57354     24.000     6.6389     6.6385    3.37265    3.37236          1     3.5669     3.3302      71.97      0.541     0.4480     0.2193  2.281e+00  0.2419000    33.6279    33.6251    -0.0028    -0.0004    26.3864    26.3842     23.776     23.877    1475.93    1475.92     6.4496     6.5635    93.8910    95.5470  0.000e+00
      57381     24.500     6.6293     6.6291    3.37240    3.37215          1     3.5653     3.3290      70.85      0.476     0.4576     0.2205  2.177e+00  0.2830000    33.6343    33.6317    -0.0026    -0.0001    26.3927    26.3906     24.271     24.373    1475.90    1475.90     6.4464     6.5599    93.8280    95.4780  0.000e+00
