ctdpy/tests/test_data/exprapp_april_2020/SBE09_1387_20200414_2056_77_10_0341.cnv
* Sea-Bird SBE 9 Data File:
* FileName = L:\2020\sv20d0341.hex
* Software Version Seasave V 7.26.7.121
* Temperature SN = 6378
* Conductivity SN = 4824
* Number of Bytes Per Scan = 41
* Number of Voltage Words = 4
* Number of Scans Averaged by the Deck Unit = 1
* NMEA Latitude = 58 17.09 N
* NMEA Longitude = 010 30.46 E
* NMEA UTC (Time) = Apr 14 2020  20:56:17
* NMEA baud rate = 4800
** Station:  A17
** Operator:  JKro
** Ship: SVEA
** Average sound velocity: 1481.96 m/s
** True-depth calculation Tue, 14 Apr 2020 22:40:10 +0000
** CTD Python Module SMHI /ver 3-12/ feb 2012 
** LIMS Job: 20207710-0341
** Cruise: SMHI-07-2020
** Latitude [GG MM.mm N] :
** Longitude [GGG MM.mm E]:
# nquan = 30
# nvalues = 667                         
# units = specified
# name 0 = scan: Scan Count
# name 1 = prDM: Pressure, Digiquartz [db]
# name 2 = t090C: Temperature [ITS-90, deg C]
# name 3 = t190C: Temperature, 2 [ITS-90, deg C]
# name 4 = c0S/m: Conductivity [S/m]
# name 5 = c1S/m: Conductivity, 2 [S/m]
# name 6 = pumps: Pump Status
# name 7 = sbeox0V: Oxygen raw, SBE 43 [V]
# name 8 = sbeox1V: Oxygen raw, SBE 43, 2 [V]
# name 9 = altM: Altimeter [m]
# name 10 = dz/dtM: Descent Rate [m/s]
# name 11 = flECO-AFL: Chl-a Fluorescence, WET Labs ECO-AFL/FL [mg/m^3]
# name 12 = flECO-AFL1: Phycocyanin Fluorescence, WET Labs ECO-AFL/FL, 2 [mg/m^3]
# name 13 = par: PAR/Irradiance, Biospherical/Lico [µE/(cm^2*s)]
# name 14 = turbWETntu0: Turbidity, WET Labs ECO [NTU]
# name 15 = sal00: Salinity, Practical [PSU]
# name 16 = sal11: Salinity, Practical, 2 [PSU]
# name 17 = secS-priS: Salinity, Practical, Difference, 2 - 1 [PSU]
# name 18 = T2-T190C: Temperature Difference, 2 - 1 [ITS-90, deg C]
# name 19 = sigma-t00: Density [sigma-t, kg/m^3 ]
# name 20 = sigma-t11: Density, 2 [sigma-t, kg/m^3 ]
# name 21 = depSM: Depth [salt water, m], lat = 58.2848
# name 22 = depFM: Depth [true depth, m], lat = 58.2848
# name 23 = svCM: Sound Velocity [Chen-Millero, m/s]
# name 24 = svCM1: Sound Velocity, 2 [Chen-Millero, m/s]
# name 25 = sbeox0ML/L: Oxygen, SBE 43 [ml/l], WS = 2
# name 26 = sbeox1ML/L: Oxygen, SBE 43, 2 [ml/l], WS = 2
# name 27 = sbeox0PS: Oxygen, SBE 43 [% saturation], WS = 2
# name 28 = sbeox1PS: Oxygen, SBE 43, 2 [% saturation], WS = 2
# name 29 = flag: flag
# span 0 =      41148,      58846       
# span 1 =      3.000,    336.000       
# span 2 =     6.3713,     7.5930       
# span 3 =     6.3711,     7.5927       
# span 4 =   3.074167,   3.598739       
# span 5 =   3.074371,   3.598474       
# span 6 =          1,          1       
# span 7 =     3.2739,     3.6887       
# span 8 =     3.0613,     3.4437       
# span 9 =       0.17,     111.43       
# span 10 =      0.009,      0.979      
# span 11 =     0.1669,     2.0264      
# span 12 =     0.1166,     0.4644      
# span 13 = 9.9993e-13, 8.9362e-01      
# span 14 =     0.1631,     0.7413      
# span 15 =    30.5406,    35.1198      
# span 16 =    30.5442,    35.1161      
# span 17 =    -0.0553,     0.0345      
# span 18 =    -0.0157,     0.0233      
# span 19 =    23.9790,    27.4908      
# span 20 =    23.9820,    27.4880      
# span 21 =      2.972,    332.608      
# span 22 =      2.984,    333.152      
# span 23 =    1470.91,    1484.94      
# span 24 =    1470.91,    1484.94      
# span 25 =     5.7291,     6.8891      
# span 26 =     5.8382,     7.0184      
# span 27 =     85.637,     97.811      
# span 28 =     87.270,     99.647      
# span 29 = 0.0000e+00, 0.0000e+00      
# interval = decibars: 0.5              
# start_time = Apr 14 2020 20:56:17 [NMEA time, first data scan]
# bad_flag = -9.990e-29
*END*
[from data line 291]
      48862    148.500     7.3997     7.3994    3.58256    3.58230          1     3.2961     3.0813      97.18      0.351     0.1829     0.1777  1.000e-12  0.2414000    35.1132    35.1106    -0.0026    -0.0002    27.4513    27.4493    147.068    147.285    1482.78    1482.77     5.7681     5.8801    86.2860    87.9590  0.000e+00
      48886    149.000     7.3983     7.3982    3.58246    3.58220          1     3.2969     3.0818      97.19      0.470     0.1816     0.1852  1.000e-12  0.2491000    35.1133    35.1105    -0.0027    -0.0001    27.4516    27.4494    147.562    147.781    1482.78    1482.77     5.7728     5.8774    86.3530    87.9170  0.000e+00
      48907    149.500     7.3978     7.3976    3.58245    3.58219          1     3.2981     3.0821      97.18      0.540     0.1840     0.2051  1.000e-12  0.2530000    35.1133    35.1107    -0.0026    -0.0002    27.4517    27.4496    148.057    148.276    1482.78    1482.78     5.7757     5.8787    86.3960    87.9350  0.000e+00
      48926    150.000     7.3964     7.3964    3.58235    3.58210          1     3.2989     3.0821      97.18      0.583     0.1719     0.2197  1.000e-12  0.2545000    35.1134    35.1107    -0.0027    -0.0000    27.4520    27.4499    148.552    148.772    1482.79    1482.78     5.7766     5.8784    86.4070    87.9280  0.000e+00
      48946    150.500     7.3940     7.3937    3.58213    3.58185          1     3.2994     3.0823      97.19      0.611     0.1865     0.2166  1.000e-12  0.2718000    35.1132    35.1105    -0.0027    -0.0004    27.4521    27.4501    149.047    149.268    1482.79    1482.78     5.7759     5.8780    86.3910    87.9160  0.000e+00
      48971    151.000     7.3920     7.3914    3.58195    3.58166          1     3.2991     3.0820      97.17      0.557     0.1811     0.2300  1.000e-12  0.2523000    35.1131    35.1104    -0.0027    -0.0005    27.4524    27.4503    149.542    149.763    1482.79    1482.78     5.7711     5.8778    86.3150    87.9090  0.000e+00
      49006    151.500     7.3903     7.3898    3.58181    3.58153          1     3.2973     3.0820      97.18      0.363     0.1828     0.2233  1.000e-12  0.2606000    35.1130    35.1104    -0.0026    -0.0005    27.4525    27.4505    150.037    150.259    1482.79    1482.78     5.7647     5.8780    86.2160    87.9080  0.000e+00
      49036    152.000     7.3890     7.3887    3.58170    3.58143          1     3.2953     3.0814      97.18      0.356     0.1835     0.2365  1.000e-12  0.2626000    35.1129    35.1102    -0.0027    -0.0002    27.4526    27.4505    150.532    150.755    1482.79    1482.79     5.7601     5.8672    86.1460    87.7450  0.000e+00
      49059    152.500     7.3876     7.3870    3.58159    3.58128          1     3.2942     3.0796      97.19      0.467     0.1789     0.2499  1.000e-12  0.2599000    35.1128    35.1101    -0.0027    -0.0006    27.4528    27.4507    151.027    151.250    1482.79    1482.79     5.7595     5.8614    86.1340    87.6540  0.000e+00
      49082    153.000     7.3820     7.3815    3.58109    3.58079          1     3.2928     3.0784      97.19      0.532     0.1826     0.2473  1.000e-12  0.2516000    35.1129    35.1101    -0.0028    -0.0005    27.4536    27.4515    151.522    151.746    1482.78    1482.77     5.7551     5.8597    86.0560    87.6190  0.000e+00
      49104    153.500     7.3802     7.3800    3.58096    3.58070          1     3.2912     3.0767      97.17      0.534     0.1859     0.1596  1.000e-12  0.2523000    35.1130    35.1103    -0.0027    -0.0002    27.4540    27.4519    152.017    152.242    1482.78    1482.78     5.7549     5.8535    86.0510    87.5230  0.000e+00
      49127    154.000     7.3790     7.3789    3.58088    3.58061          1     3.2908     3.0748      97.19      0.531     0.1795     0.1583  1.000e-12  0.2658000    35.1130    35.1103    -0.0027    -0.0002    27.4541    27.4520    152.512    152.737    1482.79    1482.78     5.7591     5.8561    86.1110    87.5590  0.000e+00
      49148    154.500     7.3765     7.3762    3.58067    3.58039          1     3.2905     3.0747      97.18      0.543     0.1816     0.1488  1.000e-12  0.2604000    35.1130    35.1103    -0.0028    -0.0003    27.4545    27.4524    153.007    153.233    1482.78    1482.78     5.7542     5.8606    86.0330    87.6210  0.000e+00
      49169    155.000     7.3741     7.3739    3.58047    3.58020          1     3.2886     3.0737      97.21      0.564     0.1820     0.1793  1.000e-12  0.2538000    35.1130    35.1103    -0.0027    -0.0002    27.4548    27.4527    153.502    153.729    1482.78    1482.78     5.7448     5.8466    85.8870    87.4080  0.000e+00
      49190    155.500     7.3722     7.3721    3.58034    3.58009          1     3.2865     3.0712      97.17      0.580     0.1816     0.2054  1.000e-12  0.2587000    35.1133    35.1107    -0.0026    -0.0001    27.4554    27.4533    153.997    154.224    1482.78    1482.78     5.7410     5.8392    85.8270    87.2940  0.000e+00
      49216    156.000     7.3729     7.3728    3.58048    3.58024          1     3.2841     3.0696      97.19      0.522     0.1861     0.2061  1.000e-12  0.2517000    35.1139    35.1114    -0.0025    -0.0001    27.4557    27.4538    154.492    154.720    1482.80    1482.79     5.7387     5.8454    85.7950    87.3880  0.000e+00
      49244    156.500     7.3727     7.3725    3.58052    3.58026          1     3.2827     3.0686      97.18      0.430     0.1822     0.1878  1.000e-12  0.2632000    35.1143    35.1116    -0.0027    -0.0002    27.4561    27.4540    154.987    155.216    1482.80    1482.80     5.7412     5.8435    85.8310    87.3590  0.000e+00
      49267    157.000     7.3725     7.3722    3.58054    3.58027          1     3.2823     3.0674      97.19      0.464     0.1848     0.1634  1.000e-12  0.2403000    35.1144    35.1118    -0.0026    -0.0003    27.4562    27.4542    155.482    155.711    1482.81    1482.81     5.7404     5.8452    85.8200    87.3840  0.000e+00
      49286    157.500     7.3729     7.3726    3.58062    3.58035          1     3.2814     3.0675      97.18      0.559     0.1869     0.1904  1.000e-12  0.2385000    35.1146    35.1120    -0.0026    -0.0003    27.4563    27.4543    155.977    156.207    1482.82    1482.82     5.7387     5.8548    85.7940    87.5280  0.000e+00
      49309    158.000     7.3728     7.3727    3.58064    3.58039          1     3.2810     3.0684      97.19      0.583     0.1843     0.2290  1.000e-12  0.2536000    35.1147    35.1121    -0.0026    -0.0002    27.4564    27.4543    156.472    156.703    1482.83    1482.83     5.7400     5.8552    85.8140    87.5350  0.000e+00
      49343    158.500     7.3727     7.3724    3.58065    3.58039          1     3.2807     3.0673      97.18      0.383     0.1807     0.1927  1.000e-12  0.2443000    35.1148    35.1121    -0.0026    -0.0002    27.4564    27.4544    156.967    157.198    1482.84    1482.83     5.7422     5.8413    85.8470    87.3270  0.000e+00
      49373    159.000     7.3713     7.3713    3.58055    3.58030          1     3.2814     3.0662      97.19      0.348     0.1671     0.2088  1.000e-12  0.2484000    35.1148    35.1121    -0.0027     0.0000    27.4567    27.4545    157.462    157.694    1482.84    1482.84     5.7462     5.8429    85.9040    87.3480  0.000e+00
      49392    159.500     7.3713     7.3708    3.58058    3.58030          1     3.2814     3.0657      97.19      0.495     0.1689     0.2168  1.000e-12  0.2479000    35.1148    35.1122    -0.0026    -0.0005    27.4567    27.4547    157.957    158.190    1482.85    1482.84     5.7427     5.8463    85.8510    87.3970  0.000e+00
      49409    160.000     7.3707     7.3705    3.58056    3.58029          1     3.2811     3.0659      97.17      0.630     0.1763     0.2547  1.000e-12  0.2475000    35.1150    35.1124    -0.0026    -0.0002    27.4569    27.4548    158.452    158.685    1482.86    1482.85     5.7441     5.8509    85.8720    87.4670  0.000e+00
      49429    160.500     7.3703     7.3702    3.58055    3.58030          1     3.2816     3.0662      97.20      0.674     0.1849     0.2328  1.000e-12  0.2538000    35.1151    35.1124    -0.0027    -0.0001    27.4570    27.4549    158.947    159.181    1482.86    1482.86     5.7476     5.8525    85.9230    87.4890  0.000e+00
      49453    161.000     7.3696     7.3694    3.58052    3.58025          1     3.2816     3.0664      97.17      0.565     0.1851     0.1686  1.000e-12  0.2659000    35.1152    35.1125    -0.0027    -0.0002    27.4573    27.4551    159.442    159.677    1482.87    1482.86     5.7441     5.8501    85.8700    87.4520  0.000e+00
      49479    161.500     7.3685     7.3682    3.58046    3.58018          1     3.2812     3.0662      97.18      0.465     0.1828     0.1566  1.000e-12  0.2571000    35.1153    35.1126    -0.0027    -0.0003    27.4575    27.4554    159.937    160.172    1482.87    1482.87     5.7434     5.8472    85.8570    87.4060  0.000e+00
      49503    162.000     7.3684     7.3683    3.58046    3.58020          1     3.2805     3.0653      97.17      0.482     0.1871     0.2312  1.000e-12  0.2498000    35.1152    35.1125    -0.0027    -0.0001    27.4574    27.4552    160.432    160.668    1482.88    1482.88     5.7405     5.8393    85.8130    87.2880  0.000e+00
      49528    162.500     7.3676     7.3677    3.58042    3.58018          1     3.2795     3.0641      97.17      0.494     0.1876     0.2507  1.000e-12  0.2546000    35.1154    35.1126    -0.0027     0.0001    27.4577    27.4555    160.927    161.164    1482.89    1482.88     5.7357     5.8391    85.7400    87.2850  0.000e+00
      49560    163.000     7.3674     7.3673    3.58042    3.58016          1     3.2774     3.0631      97.17      0.392     0.1958     0.2040  1.000e-12  0.2761000    35.1154    35.1126    -0.0028    -0.0001    27.4577    27.4555    161.422    161.659    1482.89    1482.89     5.7324     5.8382    85.6910    87.2700  0.000e+00
      49587    163.500     7.3659     7.3661    3.58031    3.58007          1     3.2761     3.0625      97.18      0.398     0.2021     0.1827  1.000e-12  0.2688000    35.1154    35.1127    -0.0027     0.0002    27.4579    27.4557    161.917    162.155    1482.90    1482.89     5.7298     5.8403    85.6480    87.2990  0.000e+00
      49605    164.000     7.3652     7.3653    3.58030    3.58003          1     3.2754     3.0621      97.18      0.524     0.1915     0.1891  1.000e-12  0.2586000    35.1157    35.1127    -0.0029     0.0001    27.4582    27.4559    162.412    162.650    1482.90    1482.90     5.7297     5.8414    85.6460    87.3140  0.000e+00
      49620    164.500     7.3653     7.3650    3.58031    3.58005          1     3.2747     3.0623      97.19      0.664     0.1719     0.2359  1.000e-12  0.2661000    35.1156    35.1130    -0.0026    -0.0003    27.4581    27.4561    162.907    163.146    1482.91    1482.91     5.7291     5.8424    85.6370    87.3290  0.000e+00
      49635    165.000     7.3651     7.3648    3.58034    3.58006          1     3.2741     3.0620      97.17      0.768     0.1828     0.2247  1.000e-12  0.2697000    35.1159    35.1130    -0.0029    -0.0002    27.4584    27.4562    163.402    163.642    1482.92    1482.91     5.7309     5.8392    85.6630    87.2810  0.000e+00
      49651    165.500     7.3649     7.3647    3.58036    3.58009          1     3.2743     3.0615      97.18      0.793     0.1860     0.1761  1.000e-12  0.2712000    35.1159    35.1132    -0.0027    -0.0002    27.4585    27.4564    163.897    164.137    1482.93    1482.92     5.7329     5.8385    85.6930    87.2700  0.000e+00
      49674    166.000     7.3648     7.3647    3.58037    3.58011          1     3.2739     3.0613      97.17      0.649     0.1792     0.1757  1.000e-12  0.2579000    35.1159    35.1132    -0.0028    -0.0001    27.4585    27.4563    164.392    164.633    1482.93    1482.93     5.7299     5.8414    85.6490    87.3130  0.000e+00
      49736    166.500     7.3652     7.3650    3.58042    3.58015          1     3.2762     3.0629      97.18      0.144     0.1850     0.2490  1.000e-12  0.2242000    35.1159    35.1131    -0.0027    -0.0002    27.4584    27.4562    164.887    165.129    1482.94    1482.94     5.7821     5.8930    86.4290    88.0850  0.000e+00
      49760    167.000     7.3650     7.3647    3.58047    3.58021          1     3.2920     3.0742      97.17      0.357     0.1820     0.1882  1.000e-12  0.2336000    35.1163    35.1138    -0.0026    -0.0003    27.4588    27.4568    165.382    165.624    1482.95    1482.95     5.8971     6.0360    88.1480    90.2210  0.000e+00
      49776    167.500     7.3627     7.3631    3.58033    3.58009          1     3.3134     3.0911      97.18      0.560     0.1848     0.2363  1.000e-12  0.2488000    35.1168    35.1139    -0.0029     0.0003    27.4595    27.4572    165.877    166.120    1482.95    1482.95     5.9794     6.1301    89.3740    91.6260  0.000e+00
      49791    168.000     7.3596     7.3599    3.58010    3.57984          1     3.3339     3.1076      97.16      0.712     0.2029     0.2216  1.000e-12  0.2721000    35.1172    35.1142    -0.0031     0.0002    27.4602    27.4578    166.371    166.616    1482.95    1482.95     6.0201     6.1744    89.9770    92.2810  0.000e+00
      49806    168.500     7.3383     7.3379    3.57813    3.57767          1     3.3515     3.1234      97.17      0.797     0.1939     0.1579  1.000e-12  0.2480000    35.1171    35.1125    -0.0046    -0.0004    27.4632    27.4597    166.866    167.111    1482.87    1482.87     6.0353     6.1902    90.1600    92.4690  0.000e+00
      49822    169.000     7.3194     7.3189    3.57633    3.57597          1     3.3656     3.1368      97.15      0.802     0.1874     0.1674  1.000e-12  0.2278000    35.1163    35.1129    -0.0034    -0.0005    27.4653    27.4627    167.361    167.607    1482.81    1482.80     6.0353     6.1827    90.1200    92.3190  0.000e+00
      49842    169.500     7.2949     7.2926    3.57391    3.57335          1     3.3770     3.1484      97.16      0.703     0.2016     0.1673  1.000e-12  0.2061000    35.1145    35.1107    -0.0037    -0.0023    27.4674    27.4648    167.856    168.103    1482.72    1482.71     6.0286     6.1590    89.9690    91.9080  0.000e+00
      49880    170.000     7.2651     7.2688    3.57095    3.57121          1     3.3827     3.1551      97.16      0.379     0.2153     0.2039  1.000e-12  0.2072000    35.1121    35.1112    -0.0009     0.0037    27.4698    27.4685    168.351    168.598    1482.61    1482.62     5.9922     6.0996    89.3640    90.9730  0.000e+00
      49928    170.500     7.2445     7.2540    3.56882    3.56935          1     3.3708     3.1486      97.15      0.209     0.2037     0.2017  1.000e-12  0.2217000    35.1094    35.1057    -0.0037     0.0095    27.4706    27.4663    168.846    169.094    1482.54    1482.57     5.9178     6.0090    88.2120    89.5880  0.000e+00
      49949    171.000     7.2225     7.2234    3.56666    3.56632          1     3.3613     3.1402      97.15      0.398     0.2042     0.1660  1.000e-12  0.2119000    35.1079    35.1032    -0.0047     0.0009    27.4725    27.4687    169.341    169.590    1482.46    1482.46     5.9165     6.0023    88.1470    89.4250  0.000e+00
      49963    171.500     7.2112     7.2093    3.56551    3.56499          1     3.3578     3.1368      97.16      0.589     0.2122     0.2054  1.000e-12  0.2467000    35.1065    35.1027    -0.0037    -0.0019    27.4730    27.4703    169.836    170.085    1482.42    1482.41     5.9267     6.0148    88.2760    89.5810  0.000e+00
