ctdpy/tests/test_data/exprapp_april_2020/SBE09_1387_20200414_2056_77_10_0341.cnv
* Sea-Bird SBE 9 Data File:
* FileName = L:\2020\sv20d0341.hex
* Software Version Seasave V 7.26.7.121
* Temperature SN = 6378
* Conductivity SN = 4824
* Number of Bytes Per Scan = 41
* Number of Voltage Words = 4
* Number of Scans Averaged by the Deck Unit = 1
* NMEA Latitude = 58 17.09 N
* NMEA Longitude = 010 30.46 E
* NMEA UTC (Time) = Apr 14 2020  20:56:17
* NMEA baud rate = 4800
** Station:  A17
** Operator:  JKro
** Ship: SVEA
** Average sound velocity: 1481.96 m/s
** True-depth calculation Tue, 14 Apr 2020 22:40:10 +0000
** CTD Python Module SMHI /ver 3-12/ feb 2012 
** LIMS Job: 20207710-0341
** Cruise: SMHI-07-2020
** Latitude [GG MM.mm N] :
** Longitude [GGG MM.mm E]:
# nquan = 30
# nvalues = 667                         
# units = specified
# name 0 = scan: Scan Count
# name 1 = prDM: Pressure, Digiquartz [db]
# name 2 = t090C: Temperature [ITS-90, deg C]
# name 3 = t190C: Temperature, 2 [ITS-90, deg C]
# name 4 = c0S/m: Conductivity [S/m]
# name 5 = c1S/m: Conductivity, 2 [S/m]
# name 6 = pumps: Pump Status
# name 7 = sbeox0V: Oxygen raw, SBE 43 [V]
# name 8 = sbeox1V: Oxygen raw, SBE 43, 2 [V]
# name 9 = altM: Altimeter [m]
# name 10 = dz/dtM: Descent Rate [m/s]
# name 11 = flECO-AFL: Chl-a Fluorescence, WET Labs ECO-AFL/FL [mg/m^3]
# name 12 = flECO-AFL1: Phycocyanin Fluorescence, WET Labs ECO-AFL/FL, 2 [mg/m^3]
# name 13 = par: PAR/Irradiance, Biospherical/Lico [µE/(cm^2*s)]
# name 14 = turbWETntu0: Turbidity, WET Labs ECO [NTU]
# name 15 = sal00: Salinity, Practical [PSU]
# name 16 = sal11: Salinity, Practical, 2 [PSU]
# name 17 = secS-priS: Salinity, Practical, Difference, 2 - 1 [PSU]
# name 18 = T2-T190C: Temperature Difference, 2 - 1 [ITS-90, deg C]
# name 19 = sigma-t00: Density [sigma-t, kg/m^3 ]
# name 20 = sigma-t11: Density, 2 [sigma-t, kg/m^3 ]
# name 21 = depSM: Depth [salt water, m], lat = 58.2848
# name 22 = depFM: Depth [true depth, m], lat = 58.2848
# name 23 = svCM: Sound Velocity [Chen-Millero, m/s]
# name 24 = svCM1: Sound Velocity, 2 [Chen-Millero, m/s]
# name 25 = sbeox0ML/L: Oxygen, SBE 43 [ml/l], WS = 2
# name 26 = sbeox1ML/L: Oxygen, SBE 43, 2 [ml/l], WS = 2
# name 27 = sbeox0PS: Oxygen, SBE 43 [% saturation], WS = 2
# name 28 = sbeox1PS: Oxygen, SBE 43, 2 [% saturation], WS = 2
# name 29 = flag: flag
# span 0 =      41148,      58846       
# span 1 =      3.000,    336.000       
# span 2 =     6.3713,     7.5930       
# span 3 =     6.3711,     7.5927       
# span 4 =   3.074167,   3.598739       
# span 5 =   3.074371,   3.598474       
# span 6 =          1,          1       
# span 7 =     3.2739,     3.6887       
# span 8 =     3.0613,     3.4437       
# span 9 =       0.17,     111.43       
# span 10 =      0.009,      0.979      
# span 11 =     0.1669,     2.0264      
# span 12 =     0.1166,     0.4644      
# span 13 = 9.9993e-13, 8.9362e-01      
# span 14 =     0.1631,     0.7413      
# span 15 =    30.5406,    35.1198      
# span 16 =    30.5442,    35.1161      
# span 17 =    -0.0553,     0.0345      
# span 18 =    -0.0157,     0.0233      
# span 19 =    23.9790,    27.4908      
# span 20 =    23.9820,    27.4880      
# span 21 =      2.972,    332.608      
# span 22 =      2.984,    333.152      
# span 23 =    1470.91,    1484.94      
# span 24 =    1470.91,    1484.94      
# span 25 =     5.7291,     6.8891      
# span 26 =     5.8382,     7.0184      
# span 27 =     85.637,     97.811      
# span 28 =     87.270,     99.647      
# span 29 = 0.0000e+00, 0.0000e+00      
# interval = decibars: 0.5              
# start_time = Apr 14 2020 20:56:17 [NMEA time, first data scan]
# bad_flag = -9.990e-29
*END*
      41148      3.000     6.4225     6.4217    3.07874    3.07890          1     3.6887     3.4437       1.26      0.009     1.8315     0.4644  8.936e-01  0.3581000    30.6001    30.6026     0.0026    -0.0008    24.0271    24.0292      2.972      2.984    1470.93    1470.93     6.8891     7.0184    97.8110    99.6470  0.000e+00
      41698      3.500     6.4250     6.4266    3.07739    3.07635          1     3.6871     3.4405       0.25      0.075     2.0152     0.4616  7.456e-01  0.2124000    30.5827    30.5699    -0.0128     0.0016    24.0131    24.0029      3.467      3.481    1470.92    1470.91     6.8862     7.0114    97.7640    99.5370  0.000e+00
      41737      4.000     6.4324     6.4308    3.07417    3.07437          1     3.6884     3.4414       0.17      0.196     1.8708     0.4590  6.715e-01  0.2302000    30.5406    30.5442     0.0036    -0.0015    23.9790    23.9820      3.963      3.979    1470.91    1470.91     6.8855     7.0136    97.7440    99.5620  0.000e+00
      41782      4.500     6.4297     6.4292    3.07536    3.07549          1     3.6867     3.4410      55.17      0.319     1.8975     0.4277  4.643e-01  0.2328000    30.5557    30.5577     0.0019    -0.0005    23.9913    23.9929      4.458      4.476    1470.93    1470.92     6.8801     7.0070    97.6710    99.4730  0.000e+00
      41852      5.000     6.4179     6.4179    3.08083    3.08072          1     3.6842     3.4394      58.03      0.201     1.9332     0.3965  3.950e-01  0.2237000    30.6263    30.6250    -0.0013    -0.0000    24.0483    24.0473      4.954      4.973    1470.97    1470.97     6.8737     6.9965    97.5990    99.3410  0.000e+00
      41880      5.500     6.4146     6.4085    3.08265    3.08529          1     3.6834     3.4384      95.74      0.389     1.9383     0.4110  3.093e-01  0.2166000    30.6491    30.6835     0.0345    -0.0060    24.0667    24.0946      5.449      5.471    1471.00    1471.02     6.8749     6.9980    97.6240    99.3790  0.000e+00
      41918      6.000     6.3891     6.3868    3.09447    3.09531          1     3.6832     3.4373      97.19      0.332     1.9996     0.4454  2.523e-01  0.2065000    30.8018    30.8132     0.0114    -0.0023    24.1902    24.1995      5.944      5.968    1471.10    1471.10     6.8734     6.9873    97.6430    99.2620  0.000e+00
      41964      6.500     6.3812     6.3809    3.09810    3.09788          1     3.6824     3.4359      97.18      0.265     2.0264     0.4111  1.964e-01  0.2164000    30.8487    30.8465    -0.0022    -0.0003    24.2281    24.2264      6.440      6.465    1471.13    1471.13     6.8678     6.9926    97.5760    99.3460  0.000e+00
      42022      7.000     6.3783     6.3789    3.09975    3.09901          1     3.6796     3.4354      97.17      0.194     1.9245     0.4578  1.543e-01  0.2208000    30.8691    30.8606    -0.0086     0.0006    24.2446    24.2378      6.935      6.962    1471.16    1471.15     6.8593     6.9857    97.4610    99.2530  0.000e+00
      42059      7.500     6.3774     6.3774    3.10074    3.10033          1     3.6773     3.4336      97.19      0.304     1.9417     0.4488  1.019e-01  0.2121000    30.8808    30.8762    -0.0045     0.0000    24.2539    24.2503      7.430      7.459    1471.17    1471.17     6.8456     6.9728    97.2720    99.0760  0.000e+00
      42089      8.000     6.3763     6.3765    3.10234    3.10168          1     3.6710     3.4295      97.19      0.395     1.9776     0.4277  7.423e-02  0.2233000    30.8991    30.8917    -0.0075     0.0003    24.2685    24.2626      7.926      7.957    1471.20    1471.19     6.8087     6.9308    96.7560    98.4870  0.000e+00
      42123      8.500     6.3729     6.3735    3.11877    3.11481          1     3.6586     3.4194      97.19      0.364     1.8769     0.4313  6.524e-02  0.2201000    31.0831    31.0388    -0.0443     0.0006    24.4139    24.3789      8.421      8.454    1471.43    1471.37     6.7649     6.8782    96.2430    97.8280  0.000e+00
      42155      9.000     6.3713     6.3713    3.14139    3.14154          1     3.6490     3.4101      97.19      0.368     1.7637     0.3800  3.342e-02  0.2050000    31.3337    31.3354     0.0016     0.0000    24.6117    24.6130      8.916      8.951    1471.74    1471.75     6.7490     6.8604    96.1730    97.7620  0.000e+00
      42190      9.500     6.3713     6.3711    3.15038    3.15000          1     3.6435     3.4037      97.19      0.349     1.6961     0.3869  1.047e-02  0.2096000    31.4327    31.4287    -0.0041    -0.0001    24.6898    24.6866      9.412      9.448    1471.88    1471.87     6.7452     6.8612    96.1820    97.8330  0.000e+00
      42223     10.000     6.3714     6.3712    3.15006    3.14935          1     3.6395     3.4003      97.18      0.343     1.6613     0.4027  5.789e-04  0.1938000    31.4289    31.4213    -0.0076    -0.0001    24.6868    24.6808      9.907      9.945    1471.88    1471.87     6.7374     6.8654    96.0680    97.8880  0.000e+00
      42248     10.500     6.3714     6.3714    3.14920    3.15000          1     3.6375     3.3985      97.20      0.439     1.5966     0.4034  1.680e-03  0.1988000    31.4191    31.4281     0.0089    -0.0000    24.6791    24.6861     10.402     10.442    1471.88    1471.89     6.7416     6.8570    96.1210    97.7720  0.000e+00
      42276     11.000     6.3716     6.3714    3.15253    3.15146          1     3.6365     3.3956      97.21      0.457     1.5893     0.3620  4.493e-05  0.2207000    31.4555    31.4439    -0.0116    -0.0002    24.7077    24.6986     10.897     10.939    1471.93    1471.92     6.7376     6.8525    96.0880    97.7190  0.000e+00
      42311     11.500     6.3717     6.3714    3.15351    3.15329          1     3.6345     3.3938      97.22      0.352     1.6363     0.3645  9.999e-13  0.2284000    31.4661    31.4639    -0.0022    -0.0002    24.7160    24.7143     11.393     11.436    1471.95    1471.95     6.7332     6.8540    96.0320    97.7540  0.000e+00
      42340     12.000     6.3720     6.3716    3.15554    3.15245          1     3.6328     3.3922      97.22      0.379     1.6063     0.3758  1.000e-12  0.2430000    31.4880    31.4541    -0.0338    -0.0003    24.7332    24.7066     11.888     11.933    1471.99    1471.94     6.7264     6.8500    95.9510    97.6910  0.000e+00
      42368     12.500     6.3722     6.3715    3.15771    3.15292          1     3.6313     3.3909      97.22      0.440     1.5306     0.4207  1.000e-12  0.1989000    31.5115    31.4592    -0.0523    -0.0007    24.7518    24.7106     12.384     12.430    1472.03    1471.96     6.7275     6.8523    95.9800    97.7260  0.000e+00
      42403     13.000     6.3722     6.3719    3.15740    3.15761          1     3.6309     3.3900      97.21      0.364     1.5366     0.3469  1.000e-12  0.1913000    31.5078    31.5104     0.0026    -0.0002    24.7489    24.7509     12.879     12.927    1472.03    1472.03     6.7258     6.8438    95.9550    97.6400  0.000e+00
      42441     13.500     6.3720     6.3720    3.15519    3.15569          1     3.6278     3.3877      97.21      0.295     1.4436     0.3366  1.000e-12  0.1908000    31.4833    31.4889     0.0056    -0.0001    24.7296    24.7340     13.374     13.424    1472.01    1472.02     6.7130     6.8358    95.7560    97.5110  0.000e+00
      42465     14.000     6.3725     6.3724    3.16164    3.16028          1     3.6265     3.3861      97.21      0.415     1.4523     0.3644  1.000e-12  0.1949000    31.5539    31.5390    -0.0149    -0.0001    24.7852    24.7734     13.869     13.921    1472.11    1472.09     6.7160     6.8244    95.8450    97.3810  0.000e+00
      42485     14.500     6.3727     6.3726    3.16409    3.16387          1     3.6261     3.3840      97.22      0.545     1.4809     0.3770  1.000e-12  0.1943000    31.5805    31.5782    -0.0023    -0.0000    24.8062    24.8043     14.365     14.418    1472.15    1472.15     6.7129     6.8171    95.8180    97.3030  0.000e+00
      42505     15.000     6.3727     6.3726    3.16384    3.16354          1     3.6251     3.3825      97.21      0.598     1.4879     0.3337  1.000e-12  0.1842000    31.5776    31.5743    -0.0032    -0.0001    24.8038    24.8013     14.860     14.915    1472.15    1472.15     6.7118     6.8260    95.8000    97.4270  0.000e+00
      42531     15.500     6.3727     6.3725    3.16359    3.16326          1     3.6251     3.3823      97.20      0.522     1.5014     0.3880  1.000e-12  0.1964000    31.5745    31.5711    -0.0034    -0.0002    24.8014    24.7987     15.355     15.412    1472.16    1472.15     6.7162     6.8304    95.8620    97.4890  0.000e+00
      42565     16.000     6.3728     6.3726    3.16323    3.16278          1     3.6251     3.3816      97.20      0.370     1.5255     0.3324  1.000e-12  0.1813000    31.5703    31.5655    -0.0048    -0.0002    24.7981    24.7943     15.851     15.909    1472.16    1472.16     6.7151     6.8317    95.8430    97.5040  0.000e+00
      42595     16.500     6.3729     6.3728    3.16316    3.16312          1     3.6244     3.3824      97.23      0.370     1.5185     0.3270  1.000e-12  0.1998000    31.5691    31.5688    -0.0003    -0.0002    24.7971    24.7969     16.346     16.406    1472.17    1472.17     6.7137     6.8408    95.8220    97.6360  0.000e+00
      42619     17.000     6.3731     6.3730    3.16328    3.16307          1     3.6245     3.3828      97.21      0.461     1.4842     0.3261  1.000e-12  0.2015000    31.5701    31.5679    -0.0022    -0.0001    24.7979    24.7961     16.841     16.902    1472.18    1472.18     6.7147     6.8303    95.8380    97.4860  0.000e+00
      42640     17.500     6.3737     6.3735    3.16348    3.16331          1     3.6237     3.3814      97.24      0.533     1.4431     0.3454  1.000e-12  0.2265000    31.5715    31.5698    -0.0018    -0.0001    24.7989    24.7976     17.337     17.399    1472.19    1472.19     6.7063     6.8125    95.7200    97.2350  0.000e+00
      42661     18.000     6.3738     6.3737    3.16321    3.16326          1     3.6216     3.3787      97.23      0.572     1.4401     0.3435  1.000e-12  0.2166000    31.5682    31.5689     0.0007    -0.0001    24.7963    24.7969     17.832     17.896    1472.20    1472.20     6.6877     6.7944    95.4530    96.9760  0.000e+00
      42684     18.500     6.3749     6.3748    3.16894    3.17074          1     3.6146     3.3739      97.23      0.548     1.4453     0.3541  1.000e-12  0.2013000    31.6303    31.6502     0.0199    -0.0001    24.8451    24.8608     18.327     18.393    1472.29    1472.31     6.6286     6.7301    94.6510    96.1120  0.000e+00
      42711     19.000     6.3783     6.3780    3.19435    3.19383          1     3.5946     3.3575      97.22      0.475     1.3635     0.3716  1.000e-12  0.2090000    31.9078    31.9023    -0.0055    -0.0002    25.0635    25.0592     18.823     18.890    1472.66    1472.65     6.5281     6.6036    93.3930    94.4690  0.000e+00
      42739     19.500     6.4097     6.4008    3.29454    3.28877          1     3.5701     3.3354      97.25      0.431     1.0303     0.3429  1.000e-12  0.1858000    32.9879    32.9326    -0.0553    -0.0089    25.9114    25.8689     19.318     19.387    1474.15    1474.04     6.4271     6.5005    92.6740    93.6800  0.000e+00
      42766     20.000     6.5336     6.5244    3.37528    3.37421          1     3.5513     3.3181      97.23      0.440     0.6999     0.3056  1.000e-12  0.1841000    33.7628    33.7600    -0.0028    -0.0092    26.5066    26.5056     19.813     19.883    1475.62    1475.58     6.3591     6.4442    92.4310    93.6470  0.000e+00
      42792     20.500     6.5890     6.5822    3.39709    3.39641          1     3.5392     3.3068      97.24      0.452     0.5945     0.2858  1.000e-12  0.1920000    33.9497    33.9490    -0.0007    -0.0068    26.6467    26.6470     20.309     20.379    1476.08    1476.05     6.3401     6.4379    92.3880    93.7970  0.000e+00
      42818     21.000     6.6233     6.6208    3.41022    3.40986          1     3.5317     3.3002      97.23      0.461     0.5371     0.1858  1.000e-12  0.1797000    34.0610    34.0596    -0.0014    -0.0025    26.7299    26.7291     20.804     20.875    1476.36    1476.35     6.3284     6.4379    92.3570    93.9490  0.000e+00
      42841     21.500     6.6443     6.6427    3.41697    3.41702          1     3.5266     3.2960      97.23      0.484     0.5411     0.2566  1.000e-12  0.1944000    34.1147    34.1168     0.0021    -0.0016    26.7695    26.7714     21.299     21.371    1476.52    1476.51     6.3138     6.4214    92.2220    93.7910  0.000e+00
      42862     22.000     6.6677     6.6674    3.42443    3.42436          1     3.5216     3.2912      97.22      0.540     0.5210     0.2709  1.000e-12  0.1936000    34.1739    34.1734    -0.0005    -0.0003    26.8130    26.8127     21.794     21.867    1476.69    1476.69     6.2918     6.3939    91.9870    93.4780  0.000e+00
      42881     22.500     6.6766     6.6762    3.42707    3.42684          1     3.5163     3.2859      97.22      0.601     0.4934     0.2338  1.000e-12  0.1864000    34.1940    34.1918    -0.0022    -0.0004    26.8277    26.8260     22.290     22.363    1476.76    1476.76     6.2722     6.3696    91.7310    93.1530  0.000e+00
      42900     23.000     6.6940     6.6941    3.43148    3.43140          1     3.5096     3.2796      97.24      0.633     0.4721     0.2195  1.000e-12  0.1808000    34.2251    34.2241    -0.0010     0.0001    26.8499    26.8491     22.785     22.859    1476.87    1476.87     6.2456     6.3431    91.3970    92.8240  0.000e+00
      42921     23.500     6.7077     6.7072    3.43601    3.43579          1     3.5007     3.2722      97.22      0.606     0.4626     0.2180  1.000e-12  0.1875000    34.2614    34.2593    -0.0020    -0.0005    26.8766    26.8751     23.280     23.355    1476.98    1476.98     6.2214     6.3200    91.0940    92.5350  0.000e+00
      42945     24.000     6.7216     6.7201    3.44044    3.44016          1     3.4924     3.2642      97.23      0.532     0.4509     0.2589  1.000e-12  0.1884000    34.2963    34.2946    -0.0017    -0.0014    26.9023    26.9012     23.776     23.851    1477.09    1477.08     6.2117     6.3054    91.0020    92.3700  0.000e+00
      42973     24.500     6.7450     6.7432    3.44666    3.44641          1     3.4865     3.2571      97.20      0.458     0.4231     0.2663  1.000e-12  0.1880000    34.3414    34.3404    -0.0010    -0.0018    26.9347    26.9342     24.271     24.347    1477.25    1477.24     6.2068     6.3033    91.0060    92.4160  0.000e+00
      43009     25.000     6.7561     6.7554    3.44995    3.44974          1     3.4809     3.2510      97.22      0.348     0.3947     0.2321  1.000e-12  0.1849000    34.3664    34.3648    -0.0015    -0.0008    26.9529    26.9518     24.766     24.843    1477.33    1477.32     6.1913     6.2884    90.8170    92.2390  0.000e+00
      43040     25.500     6.7771     6.7755    3.45526    3.45492          1     3.4749     3.2445      97.23      0.345     0.4046     0.2172  1.000e-12  0.1986000    34.4040    34.4018    -0.0022    -0.0016    26.9797    26.9782     25.262     25.339    1477.47    1477.46     6.1708     6.2646    90.5830    91.9540  0.000e+00
      43058     26.000     6.7956     6.7954    3.45993    3.45991          1     3.4716     3.2412      97.21      0.485     0.4027     0.2058  1.000e-12  0.2034000    34.4368    34.4367    -0.0001    -0.0001    27.0031    27.0030     25.757     25.835    1477.59    1477.59     6.1650     6.2634    90.5560    92.0000  0.000e+00
      43073     26.500     6.8066     6.8065    3.46340    3.46317          1     3.4694     3.2394      97.19      0.642     0.3847     0.1972  1.000e-12  0.1989000    34.4639    34.4614    -0.0024    -0.0001    27.0229    27.0210     26.252     26.330    1477.67    1477.67     6.1650     6.2645    90.5940    92.0540  0.000e+00
