ctdpy/exports/archive_20200326_115716/received_data/a13_v50_19.cnv
* Sea-Bird SBE19plus Data File:
* FileName = C:\CTD\CTD 2019\v50\A13_v50_19.hex
* Software Version 1.59
* Temperature SN =  4644
* Conductivity SN =  4644
* System UpLoad Time = Dec 09 2019 14:03:24
** A13_v50_19
* ds
# nquan = 11
# nvalues = 123                         
# units = specified
# name 0 = prdM: Pressure, Strain Gauge [db]
# name 1 = c0S/m: Conductivity [S/m]
# name 2 = tv290C: Temperature [ITS-90, deg C]
# name 3 = par: PAR/Irradiance, Biospherical/Licor
# name 4 = dz/dtM: Descent Rate [m/s]
# name 5 = sbeox0ML/L: Oxygen, SBE 43 [ml/l]
# name 6 = density00: Density [density, kg/m^3]
# name 7 = sal00: Salinity, Practical [PSU]
# name 8 = depFM: Depth [fresh water, m], lat = 58
# name 9 = nbin: number of scans per bin
# name 10 = flag: flag
# span 0 =      1.000,    123.000       
# span 1 =   0.335448,   0.436795       
# span 2 =     3.3419,     5.4606       
# span 3 = 4.6191e-02, 2.1085e+00       
# span 4 =      0.099,      1.100       
# span 5 =     6.0385,     8.4886       
# span 6 =  1002.4396,  1003.5802       
# span 7 =     3.0645,     3.7997       
# span 8 =      1.020,    125.425       
# span 9 =          4,         24       
# span 10 = 0.0000e+00, 0.0000e+00      
# interval = decibars: 1                
# start_time = Dec 09 2019 13:33:42 [Instrument's time stamp, header]
# bad_flag = -9.990e-29
*END*
      1.000   0.335626     3.3779 2.1085e+00      0.161     8.0957  1002.4396     3.0647      1.020         15 0.0000e+00
      2.000   0.335450     3.3480 1.4625e+00      0.421     8.0547  1002.4454     3.0658      2.040         12 0.0000e+00
      3.000   0.335448     3.3452 9.1785e-01      0.189     8.2247  1002.4505     3.0659      3.059         12 0.0000e+00
      4.000   0.335534     3.3477 4.7755e-01      0.461     8.1752  1002.4559     3.0665      4.079          9 0.0000e+00
      5.000   0.335611     3.3524 3.3648e-01      0.437     8.0428  1002.4610     3.0667      5.099         10 0.0000e+00
      6.000   0.335641     3.3523 2.1889e-01      0.441     8.1309  1002.4661     3.0669      6.118          8 0.0000e+00
      7.000   0.335657     3.3521 1.5817e-01      0.477     8.2307  1002.4712     3.0671      7.138          8 0.0000e+00
      8.000   0.335653     3.3517 1.1609e-01      0.517     8.1420  1002.4761     3.0670      8.158          8 0.0000e+00
      9.000   0.335663     3.3501 9.0018e-02      0.492     7.9824  1002.4811     3.0672      9.177          9 0.0000e+00
     10.000   0.335641     3.3506 7.7624e-02      0.407     8.2200  1002.4858     3.0669     10.197          7 0.0000e+00
     11.000   0.335678     3.3520 6.7717e-02      0.586     8.1793  1002.4909     3.0671     11.217          8 0.0000e+00
     12.000   0.335754     3.3545 6.1297e-02      0.535     8.1054  1002.4962     3.0675     12.237          8 0.0000e+00
     13.000   0.335732     3.3532 5.9112e-02      0.428     8.2654  1002.5010     3.0674     13.256          7 0.0000e+00
     14.000   0.335672     3.3502 5.5436e-02      0.708     8.0007  1002.5057     3.0670     14.276          7 0.0000e+00
     15.000   0.335654     3.3477 5.4172e-02      0.380     8.1653  1002.5106     3.0670     15.296          9 0.0000e+00
     16.000   0.335586     3.3452 5.3145e-02      0.540     8.2351  1002.5152     3.0665     16.316          6 0.0000e+00
     17.000   0.335561     3.3421 5.1824e-02      0.755     7.9478  1002.5201     3.0665     17.335          7 0.0000e+00
     18.000   0.335570     3.3419 5.1199e-02      0.387     8.1650  1002.5251     3.0665     18.355          9 0.0000e+00
     19.000   0.335619     3.3458 5.0925e-02      0.525     8.3692  1002.5301     3.0666     19.374          6 0.0000e+00
     20.000   0.335653     3.3467 5.0559e-02      0.791     8.1178  1002.5351     3.0668     20.394          5 0.0000e+00
     21.000   0.335650     3.3472 5.0061e-02      0.623     7.9771  1002.5400     3.0666     21.414         10 0.0000e+00
     22.000   0.335657     3.3470 4.9966e-02      0.099     8.4886  1002.5449     3.0667     22.434          7 0.0000e+00
     23.000   0.335638     3.3455 4.9542e-02      0.815     8.2689  1002.5498     3.0666     23.453          5 0.0000e+00
     24.000   0.335525     3.3461 4.9587e-02      1.028     8.0117  1002.5538     3.0654     24.473          6 0.0000e+00
     25.000   0.335466     3.3491 1.0122e-01      0.294     8.2067  1002.5580     3.0645     25.493          9 0.0000e+00
     26.000   0.335753     3.3511 7.4142e-02      0.549     8.2942  1002.5650     3.0670     26.512          7 0.0000e+00
     27.000   0.335749     3.3501 8.3458e-02      0.658     8.1764  1002.5699     3.0670     27.532          6 0.0000e+00
     28.000   0.335761     3.3506 1.0983e-01      0.663     7.9374  1002.5748     3.0670     28.552          7 0.0000e+00
     29.000   0.335763     3.3500 5.6840e-02      0.437     8.2028  1002.5798     3.0670     29.572          8 0.0000e+00
     30.000   0.335754     3.3497 4.9325e-02      0.623     8.2533  1002.5846     3.0669     30.592          5 0.0000e+00
     31.000   0.335759     3.3493 1.0223e-01      0.824     7.9555  1002.5896     3.0669     31.611          6 0.0000e+00
     32.000   0.335781     3.3499 7.4799e-02      0.506     7.9652  1002.5946     3.0670     32.631          9 0.0000e+00
     33.000   0.335926     3.3593 4.9072e-02      0.450     8.2773  1002.5999     3.0675     33.651          7 0.0000e+00
     34.000   0.336575     3.3927 5.5247e-02      0.642     8.3587  1002.6072     3.0705     34.670          5 0.0000e+00
     35.000   0.337564     3.4364 6.1613e-02      0.798     8.1229  1002.6164     3.0759     35.690          6 0.0000e+00
     36.000   0.337893     3.4683 5.9103e-02      0.742     7.8731  1002.6213     3.0760     36.710          7 0.0000e+00
     37.000   0.338744     3.5116 4.8590e-02      0.352     8.1200  1002.6293     3.0801     37.729          8 0.0000e+00
     38.000   0.341838     3.6211 4.8914e-02      0.597     8.2238  1002.6491     3.0995     38.749          5 0.0000e+00
     39.000   0.344171     3.7170 4.8920e-02      0.837     8.0502  1002.6640     3.1127     39.769          6 0.0000e+00
     40.000   0.346063     3.7950 5.0343e-02      0.749     7.8773  1002.6768     3.1234     40.789          6 0.0000e+00
     41.000   0.347243     3.8447 5.1016e-02      0.563     7.9195  1002.6864     3.1298     41.808          7 0.0000e+00
     42.000   0.348639     3.8874 4.8777e-02      0.531     7.9547  1002.6982     3.1390     42.828          7 0.0000e+00
     43.000   0.350565     3.9619 4.8834e-02      0.634     7.9573  1002.7113     3.1502     43.848          6 0.0000e+00
     44.000   0.353667     4.0377 4.8816e-02      0.595     7.9352  1002.7330     3.1724     44.868          6 0.0000e+00
     45.000   0.357077     4.1072 4.8752e-02      0.703     7.7221  1002.7574     3.1981     45.887          7 0.0000e+00
     46.000   0.359822     4.1655 4.8728e-02      0.632     7.5390  1002.7777     3.2185     46.907          7 0.0000e+00
     47.000   0.362392     4.1946 5.2052e-02      0.417     7.7051  1002.7993     3.2400     47.927          7 0.0000e+00
     48.000   0.371928     4.1924 4.9633e-02      0.568     7.7316  1002.8767     3.3308     48.946          6 0.0000e+00
     49.000   0.375482     4.1702 4.9045e-02      0.929     7.4517  1002.9107     3.3669     49.966          5 0.0000e+00
     50.000   0.374474     4.1281 5.3457e-02      0.562     7.3650  1002.9120     3.3616     50.986         10 0.0000e+00
     51.000   0.376324     4.0868 5.2455e-02      0.283     7.6640  1002.9349     3.3834     52.006          6 0.0000e+00
     52.000   0.378731     4.0597 5.1889e-02      0.731     7.5954  1002.9608     3.4092     53.025          6 0.0000e+00
     53.000   0.381054     4.0338 5.1686e-02      0.887     7.3645  1002.9859     3.4341     54.045          5 0.0000e+00
     54.000   0.380724     4.0175 5.1278e-02      0.600     7.2499  1002.9898     3.4326     55.065         10 0.0000e+00
     55.000   0.383055     4.0144 5.0831e-02      0.149     7.5517  1003.0128     3.4552     56.084          7 0.0000e+00
     56.000   0.385659     4.0182 4.9370e-02      0.860     7.3336  1003.0372     3.4797     57.104          4 0.0000e+00
     57.000   0.386490     4.0139 4.8435e-02      1.100     7.1384  1003.0489     3.4881     58.124          6 0.0000e+00
     58.000   0.387233     4.0280 4.8460e-02      0.261     7.2953  1003.0580     3.4937     59.144          9 0.0000e+00
     59.000   0.389828     4.0905 4.8427e-02      0.591     7.2365  1003.0765     3.5118     60.163          6 0.0000e+00
     60.000   0.391465     4.1384 4.8346e-02      0.756     7.0593  1003.0890     3.5223     61.183          6 0.0000e+00
     61.000   0.392545     4.1845 5.3218e-02      0.616     6.9199  1003.0974     3.5276     62.203          7 0.0000e+00
     62.000   0.393884     4.2344 6.3260e-02      0.505     6.9911  1003.1073     3.5350     63.222          8 0.0000e+00
     63.000   0.396487     4.2821 4.8043e-02      0.505     7.1754  1003.1270     3.5547     64.242          6 0.0000e+00
     64.000   0.398582     4.3244 4.8214e-02      0.759     6.9421  1003.1433     3.5700     65.262          6 0.0000e+00
     65.000   0.399665     4.3753 4.8221e-02      0.660     6.7581  1003.1509     3.5747     66.282          7 0.0000e+00
     66.000   0.402599     4.4827 4.8217e-02      0.472     7.0231  1003.1664     3.5909     67.301          8 0.0000e+00
     67.000   0.406745     4.5958 4.8927e-02      0.507     7.1176  1003.1902     3.6178     68.321          6 0.0000e+00
     68.000   0.409190     4.6749 4.8003e-02      0.710     6.9173  1003.2046     3.6323     69.341          6 0.0000e+00
     69.000   0.409893     4.7146 4.8095e-02      0.755     6.6778  1003.2103     3.6345     70.360          7 0.0000e+00
     70.000   0.410281     4.7507 4.8106e-02      0.459     6.7877  1003.2139     3.6341     71.380          8 0.0000e+00
     71.000   0.412721     4.8029 4.8071e-02      0.492     6.9539  1003.2311     3.6513     72.400          6 0.0000e+00
     72.000   0.414003     4.8341 4.8778e-02      0.664     6.8704  1003.2419     3.6599     73.420          6 0.0000e+00
     73.000   0.414412     4.8544 4.8077e-02      0.786     6.6285  1003.2475     3.6614     74.439          6 0.0000e+00
     74.000   0.413014     4.8243 4.7987e-02      0.562     6.5987  1003.2453     3.6515     75.459          9 0.0000e+00
     75.000   0.413994     4.8323 4.7915e-02      0.297     6.9033  1003.2566     3.6598     76.479          6 0.0000e+00
     76.000   0.416057     4.8992 4.8003e-02      0.802     6.6713  1003.2691     3.6718     77.498          5 0.0000e+00
     77.000   0.415624     4.9127 4.7926e-02      0.832     6.4410  1003.2691     3.6662     78.518          7 0.0000e+00
     78.000   0.415759     4.9257 4.7876e-02      0.389     6.7413  1003.2735     3.6659     79.538          8 0.0000e+00
     79.000   0.418996     5.0098 4.7783e-02      0.599     6.7911  1003.2925     3.6869     80.558          6 0.0000e+00
     80.000   0.421021     5.0858 4.7790e-02      0.842     6.5534  1003.3033     3.6974     81.577          6 0.0000e+00
     81.000   0.420198     5.0619 4.7798e-02      0.370     6.6136  1003.3049     3.6923     82.597          9 0.0000e+00
     82.000   0.423691     5.1480 4.7773e-02      0.495     6.7066  1003.3253     3.7154     83.617          6 0.0000e+00
     83.000   0.425272     5.2020 4.7747e-02      0.858     6.5958  1003.3353     3.7241     84.637          5 0.0000e+00
     84.000   0.426104     5.2356 4.7743e-02      0.730     6.3663  1003.3422     3.7280     85.656          7 0.0000e+00
     85.000   0.425412     5.2396 4.7687e-02      0.497     6.3049  1003.3414     3.7211     86.676          9 0.0000e+00
     86.000   0.426596     5.2569 4.7621e-02      0.349     6.6729  1003.3528     3.7301     87.696          6 0.0000e+00
     87.000   0.428648     5.2949 4.7550e-02      0.772     6.4779  1003.3681     3.7449     88.715          6 0.0000e+00
     88.000   0.428131     5.2809 4.7582e-02      0.645     6.3710  1003.3708     3.7416     89.735          9 0.0000e+00
     89.000   0.428877     5.2918 4.7689e-02      0.235     6.6157  1003.3798     3.7472     90.755          7 0.0000e+00
     90.000   0.430125     5.3301 4.7460e-02      0.815     6.4159  1003.3890     3.7545     91.774          5 0.0000e+00
     91.000   0.429902     5.3278 4.7550e-02      0.809     6.2925  1003.3925     3.7526     92.794          8 0.0000e+00
     92.000   0.429880     5.3230 4.7511e-02      0.141     6.6169  1003.3978     3.7529     93.814          8 0.0000e+00
     93.000   0.430552     5.3384 4.7302e-02      0.606     6.5216  1003.4056     3.7574     94.833          6 0.0000e+00
     94.000   0.430697     5.3434 4.7345e-02      0.960     6.2933  1003.4108     3.7581     95.853          5 0.0000e+00
     95.000   0.430267     5.3323 4.7405e-02      0.580     6.2371  1003.4139     3.7552     96.873          9 0.0000e+00
     96.000   0.430588     5.3349 4.7370e-02      0.335     6.4920  1003.4207     3.7579     97.893          7 0.0000e+00
     97.000   0.431033     5.3417 4.7341e-02      0.699     6.3253  1003.4280     3.7612     98.913          6 0.0000e+00
     98.000   0.431376     5.3469 4.7207e-02      0.705     6.2275  1003.4347     3.7637     99.932          7 0.0000e+00
     99.000   0.432006     5.3598 4.7271e-02      0.526     6.3260  1003.4425     3.7681    100.952          7 0.0000e+00
    100.000   0.432798     5.3739 4.7239e-02      0.622     6.1321  1003.4514     3.7738    101.971          7 0.0000e+00
    101.000   0.433173     5.3870 4.7156e-02      0.493     6.2422  1003.4573     3.7757    102.991          7 0.0000e+00
    102.000   0.434493     5.4071 4.7194e-02      0.568     6.3024  1003.4693     3.7857    104.011          6 0.0000e+00
    103.000   0.434911     5.4187 4.7151e-02      0.742     6.0799  1003.4757     3.7882    105.031          7 0.0000e+00
    104.000   0.434979     5.4266 4.7097e-02      0.488     6.1963  1003.4800     3.7878    106.051          7 0.0000e+00
    105.000   0.435582     5.4311 4.7107e-02      0.511     6.4132  1003.4887     3.7928    107.070          7 0.0000e+00
    106.000   0.435866     5.4368 4.7057e-02      0.624     6.2790  1003.4948     3.7948    108.090          6 0.0000e+00
    107.000   0.435796     5.4395 4.7011e-02      0.739     6.0396  1003.4988     3.7938    109.110          7 0.0000e+00
    108.000   0.435599     5.4384 4.7008e-02      0.425     6.2627  1003.5023     3.7920    110.129          8 0.0000e+00
    109.000   0.436136     5.4415 4.6956e-02      0.546     6.3903  1003.5106     3.7965    111.149          7 0.0000e+00
    110.000   0.436238     5.4435 4.6888e-02      0.708     6.1878  1003.5159     3.7972    112.169          6 0.0000e+00
    111.000   0.436100     5.4396 4.6851e-02      0.635     6.0825  1003.5202     3.7963    113.188          9 0.0000e+00
    112.000   0.436035     5.4331 4.6870e-02      0.139     6.3139  1003.5254     3.7964    114.208         11 0.0000e+00
    113.000   0.436306     5.4445 4.6779e-02      0.378     6.0752  1003.5307     3.7975    115.228         13 0.0000e+00
    114.000   0.436516     5.4516 4.6699e-02      0.262     6.0745  1003.5362     3.7986    116.248         14 0.0000e+00
    115.000   0.436611     5.4534 4.6539e-02      0.312     6.1573  1003.5415     3.7992    117.267         13 0.0000e+00
    116.000   0.436617     5.4561 4.6463e-02      0.166     6.0385  1003.5460     3.7989    118.287         24 0.0000e+00
    117.000   0.436664     5.4551 4.6405e-02      0.230     6.3191  1003.5512     3.7994    119.307         11 0.0000e+00
    118.000   0.436737     5.4577 4.6424e-02      0.523     6.2794  1003.5562     3.7997    120.327          7 0.0000e+00
    119.000   0.436674     5.4569 4.6354e-02      0.571     6.1435  1003.5607     3.7992    121.346         10 0.0000e+00
    120.000   0.436685     5.4562 4.6280e-02      0.204     6.3211  1003.5657     3.7993    122.366         10 0.0000e+00
    121.000   0.436795     5.4606 4.6343e-02      0.601     6.1575  1003.5707     3.7997    123.386          7 0.0000e+00
    122.000   0.436686     5.4576 4.6240e-02      0.362     6.1363  1003.5751     3.7990    124.405         15 0.0000e+00
    123.000   0.436762     5.4595 4.6191e-02      0.417 -9.990e-29  1003.5802     3.7994    125.425         11 0.0000e+00
