ctdpy/exports/archive_20200326_115716/received_data/a13_v24_19.cnv
* Sea-Bird SBE19plus Data File:
* FileName = C:\CTD\CTD 2019\v24\A13_v24_19_2.hex
* Software Version 1.59
* Temperature SN =  4644
* Conductivity SN =  4644
* System UpLoad Time = Jun 12 2019 07:47:19
** A13_v24_19_2
* ds
# nquan = 11
# nvalues = 123                         
# units = specified
# name 0 = prdM: Pressure, Strain Gauge [db]
# name 1 = c0S/m: Conductivity [S/m]
# name 2 = tv290C: Temperature [ITS-90, deg C]
# name 3 = par: PAR/Irradiance, Biospherical/Licor
# name 4 = dz/dtM: Descent Rate [m/s]
# name 5 = sbeox0ML/L: Oxygen, SBE 43 [ml/l]
# name 6 = density00: Density [density, kg/m^3]
# name 7 = sal00: Salinity, Practical [PSU]
# name 8 = depFM: Depth [fresh water, m], lat = 58
# name 9 = nbin: number of scans per bin
# name 10 = flag: flag
# span 0 =      1.000,    123.000       
# span 1 =   0.327448,   0.369295       
# span 2 =     0.9172,     5.8123       
# span 3 = 5.1114e-02, 6.0090e+02       
# span 4 =      0.095,      0.514       
# span 5 =     8.1582,     9.1137       
# span 6 =  1002.2786,  1003.4805       
# span 7 =     2.9142,     3.6575       
# span 8 =      1.020,    125.425       
# span 9 =          8,         21       
# span 10 = 0.0000e+00, 0.0000e+00      
# interval = decibars: 1                
# start_time = Jun 12 2019 07:01:00 [Instrument's time stamp, header]
# bad_flag = -9.990e-29
*END*
      1.000   0.342986     5.7481 6.0090e+02      0.095     8.4939  1002.2786     2.9192      1.020         12 0.0000e+00
      2.000   0.343248     5.8114 3.5126e+02      0.307     8.7077  1002.2786     2.9160      2.039         12 0.0000e+00
      3.000   0.343176     5.7997 2.0007e+02      0.371     8.7262  1002.2842     2.9163      3.059         10 0.0000e+00
      4.000   0.343040     5.7711 1.1973e+02      0.398     8.6624  1002.2911     2.9175      4.079         10 0.0000e+00
      5.000   0.343018     5.7719 7.1556e+01      0.402     8.8100  1002.2957     2.9172      5.099         10 0.0000e+00
      6.000   0.343083     5.8123 4.3237e+01      0.378     8.8974  1002.2967     2.9142      6.118         11 0.0000e+00
      7.000   0.342560     5.7435 2.6500e+01      0.383     8.8683  1002.3050     2.9154      7.138         10 0.0000e+00
      8.000   0.341715     5.5271 1.6866e+01      0.387     8.8061  1002.3263     2.9264      8.158         10 0.0000e+00
      9.000   0.341820     5.4236 1.1143e+01      0.386     8.7422  1002.3424     2.9364      9.177         11 0.0000e+00
     10.000   0.341960     5.3635 7.4219e+00      0.398     8.8179  1002.3544     2.9428     10.197         10 0.0000e+00
     11.000   0.342054     5.3314 5.0110e+00      0.401     8.8057  1002.3631     2.9465     11.217         10 0.0000e+00
     12.000   0.342146     5.3132 3.4318e+00      0.405     8.7397  1002.3705     2.9489     12.237          9 0.0000e+00
     13.000   0.342270     5.3132 2.3693e+00      0.408     8.7216  1002.3762     2.9499     13.257         10 0.0000e+00
     14.000   0.342484     5.3375 1.6446e+00      0.419     8.7071  1002.3802     2.9497     14.276         10 0.0000e+00
     15.000   0.342656     5.3636 1.1523e+00      0.412     8.6827  1002.3836     2.9489     15.296         10 0.0000e+00
     16.000   0.342776     5.3795 8.0594e-01      0.382     8.6476  1002.3877     2.9486     16.316         10 0.0000e+00
     17.000   0.342630     5.2539 5.7293e-01      0.367     8.7404  1002.4042     2.9583     17.335         11 0.0000e+00
     18.000   0.342506     5.1188 4.1076e-01      0.402     8.7024  1002.4215     2.9690     18.355         10 0.0000e+00
     19.000   0.340774     4.8920 2.9532e-01      0.388     8.7673  1002.4357     2.9732     19.375         10 0.0000e+00
     20.000   0.339970     4.8018 2.2103e-01      0.366     8.8353  1002.4432     2.9737     20.394         11 0.0000e+00
     21.000   0.339936     4.7840 1.6867e-01      0.376     8.8573  1002.4494     2.9750     21.414         11 0.0000e+00
     22.000   0.339899     4.7621 1.3220e-01      0.391     8.8055  1002.4561     2.9765     22.434         10 0.0000e+00
     23.000   0.339872     4.7341 1.0831e-01      0.387     8.7278  1002.4634     2.9787     23.453         11 0.0000e+00
     24.000   0.339776     4.7068 9.2088e-02      0.355     8.6710  1002.4701     2.9802     24.473         11 0.0000e+00
     25.000   0.339833     4.6979 8.1106e-02      0.316     8.6099  1002.4762     2.9815     25.493         13 0.0000e+00
     26.000   0.339845     4.6887 7.3599e-02      0.297     8.5226  1002.4820     2.9824     26.513         14 0.0000e+00
     27.000   0.339720     4.6549 6.8404e-02      0.288     8.5753  1002.4890     2.9842     27.532         14 0.0000e+00
     28.000   0.339350     4.5960 6.4733e-02      0.302     8.5693  1002.4966     2.9860     28.552         13 0.0000e+00
     29.000   0.339242     4.5667 6.2148e-02      0.313     8.5734  1002.5034     2.9876     29.572         12 0.0000e+00
     30.000   0.338698     4.4726 6.0145e-02      0.329     8.6638  1002.5127     2.9910     30.591         12 0.0000e+00
     31.000   0.337081     4.2760 5.8874e-02      0.338     8.8587  1002.5231     2.9935     31.611         12 0.0000e+00
     32.000   0.335631     4.0738 5.7815e-02      0.334     8.9208  1002.5345     2.9982     32.631         12 0.0000e+00
     33.000   0.333421     3.7613 5.7064e-02      0.334     8.9121  1002.5487     3.0058     33.651         12 0.0000e+00
     34.000   0.332910     3.6207 5.6551e-02      0.349     8.9651  1002.5610     3.0138     34.670         11 0.0000e+00
     35.000   0.332663     3.5247 5.6137e-02      0.354     8.9397  1002.5715     3.0203     35.690         12 0.0000e+00
     36.000   0.332584     3.4478 5.5877e-02      0.339     8.9059  1002.5818     3.0266     36.710         12 0.0000e+00
     37.000   0.332529     3.4134 5.5568e-02      0.349     8.9369  1002.5890     3.0293     37.730         11 0.0000e+00
     38.000   0.332581     3.3985 5.5377e-02      0.347     8.9445  1002.5954     3.0311     38.749         12 0.0000e+00
     39.000   0.332414     3.3657 5.5210e-02      0.345     8.9177  1002.6015     3.0325     39.769         11 0.0000e+00
     40.000   0.332226     3.3392 5.5085e-02      0.339     8.9488  1002.6070     3.0331     40.789         12 0.0000e+00
     41.000   0.331902     3.2752 5.4944e-02      0.334     8.9586  1002.6142     3.0359     41.808         12 0.0000e+00
     42.000   0.331292     3.1742 5.4857e-02      0.341     8.9215  1002.6219     3.0394     42.828         12 0.0000e+00
     43.000   0.331722     3.1539 5.4797e-02      0.326     8.9443  1002.6317     3.0455     43.848         12 0.0000e+00
     44.000   0.331735     3.1173 5.4675e-02      0.335     8.9288  1002.6394     3.0490     44.868         12 0.0000e+00
     45.000   0.331659     3.0935 5.4826e-02      0.336     8.9310  1002.6454     3.0504     45.887         12 0.0000e+00
     46.000   0.331826     3.0919 5.4712e-02      0.337     9.0132  1002.6518     3.0522     46.907         12 0.0000e+00
     47.000   0.331016     2.9163 5.4632e-02      0.338     9.1137  1002.6629     3.0609     47.927         12 0.0000e+00
     48.000   0.328016     2.4794 5.4628e-02      0.344     9.0329  1002.6739     3.0730     48.946         11 0.0000e+00
     49.000   0.327621     2.3268 5.4434e-02      0.327     9.0029  1002.6856     3.0838     49.966         13 0.0000e+00
     50.000   0.327743     2.2558 5.5072e-02      0.320     8.9939  1002.6960     3.0919     50.986         12 0.0000e+00
     51.000   0.327448     2.1114 5.5227e-02      0.339     8.9564  1002.7075     3.1030     52.006         12 0.0000e+00
     52.000   0.328061     2.0524 5.5131e-02      0.335     8.9702  1002.7210     3.1149     53.025         12 0.0000e+00
     53.000   0.328626     1.9745 5.4952e-02      0.332     8.9469  1002.7352     3.1283     54.045         12 0.0000e+00
     54.000   0.328710     1.9022 5.4963e-02      0.352     8.9196  1002.7451     3.1362     55.065         11 0.0000e+00
     55.000   0.328978     1.8613 5.5298e-02      0.368     8.9570  1002.7546     3.1430     56.084         10 0.0000e+00
     56.000   0.329187     1.7714 5.5673e-02      0.385     8.9471  1002.7665     3.1540     57.104         11 0.0000e+00
     57.000   0.329234     1.6416 5.5659e-02      0.391     8.9291  1002.7792     3.1675     58.124         10 0.0000e+00
     58.000   0.329400     1.5490 5.5563e-02      0.384     8.9080  1002.7906     3.1785     59.144         11 0.0000e+00
     59.000   0.329805     1.4483 5.5495e-02      0.380     8.8578  1002.8044     3.1929     60.163         10 0.0000e+00
     60.000   0.330366     1.3331 5.5560e-02      0.354     8.8656  1002.8202     3.2104     61.183         12 0.0000e+00
     61.000   0.331555     1.2987 5.5427e-02      0.349     8.7351  1002.8369     3.2262     62.203         11 0.0000e+00
     62.000   0.333725     1.3759 5.4861e-02      0.355     8.6293  1002.8558     3.2405     63.222         11 0.0000e+00
     63.000   0.335103     1.4349 5.4616e-02      0.353     8.5898  1002.8689     3.2485     64.242         11 0.0000e+00
     64.000   0.336225     1.4532 5.4492e-02      0.376     8.5677  1002.8821     3.2581     65.262         11 0.0000e+00
     65.000   0.337152     1.4411 5.4476e-02      0.369     8.5058  1002.8954     3.2688     66.282         11 0.0000e+00
     66.000   0.338215     1.4392 5.4351e-02      0.369     8.5389  1002.9093     3.2799     67.301         11 0.0000e+00
     67.000   0.339230     1.3712 5.4378e-02      0.391     8.5211  1002.9265     3.2975     68.321         10 0.0000e+00
     68.000   0.339776     1.2295 5.4398e-02      0.380     8.4844  1002.9439     3.3181     69.341         10 0.0000e+00
     69.000   0.340152     1.1118 5.4417e-02      0.384     8.5022  1002.9584     3.3346     70.360         11 0.0000e+00
     70.000   0.340818     0.9971 5.4233e-02      0.399     8.4540  1002.9750     3.3538     71.380         10 0.0000e+00
     71.000   0.342154     1.0035 5.4195e-02      0.404     8.3055  1002.9910     3.3670     72.400         10 0.0000e+00
     72.000   0.344699     1.1521 5.4094e-02      0.399     8.3772  1003.0092     3.3774     73.419         10 0.0000e+00
     73.000   0.346750     1.2358 5.4064e-02      0.393     8.4379  1003.0267     3.3895     74.439         10 0.0000e+00
     74.000   0.347748     1.2665 5.4139e-02      0.419     8.3530  1003.0383     3.3965     75.459          9 0.0000e+00
     75.000   0.349162     1.2673 5.4099e-02      0.402     8.3470  1003.0550     3.4110     76.479         10 0.0000e+00
     76.000   0.350529     1.2615 5.3851e-02      0.405     8.2891  1003.0717     3.4257     77.498         10 0.0000e+00
     77.000   0.351195     1.2557 5.3839e-02      0.411     8.2642  1003.0826     3.4332     78.518         10 0.0000e+00
     78.000   0.351448     1.2466 5.3852e-02      0.404     8.2329  1003.0902     3.4368     79.538         10 0.0000e+00
     79.000   0.351658     1.2475 5.3782e-02      0.403     8.2356  1003.0969     3.4388     80.557         10 0.0000e+00
     80.000   0.352134     1.2603 5.3686e-02      0.417     8.2244  1003.1050     3.4423     81.577          9 0.0000e+00
     81.000   0.352877     1.2550 5.3684e-02      0.419     8.2507  1003.1165     3.4505     82.597         10 0.0000e+00
     82.000   0.353371     1.2457 5.3769e-02      0.417     8.1969  1003.1262     3.4566     83.617          9 0.0000e+00
     83.000   0.353895     1.2389 5.3645e-02      0.414     8.1582  1003.1359     3.4627     84.637         10 0.0000e+00
     84.000   0.354209     1.2357 5.3583e-02      0.377     8.1865  1003.1437     3.4663     85.656         10 0.0000e+00
     85.000   0.354430     1.2380 5.3523e-02      0.424     8.1918  1003.1503     3.4683     86.676         10 0.0000e+00
     86.000   0.354625     1.2388 5.3541e-02      0.409     8.1962  1003.1568     3.4701     87.696         10 0.0000e+00
     87.000   0.355292     1.2421 5.3431e-02      0.416     8.1636  1003.1672     3.4766     88.715          9 0.0000e+00
     88.000   0.356510     1.2303 5.3328e-02      0.422     8.2390  1003.1831     3.4906     89.735         10 0.0000e+00
     89.000   0.357420     1.2132 5.3324e-02      0.444     8.2030  1003.1967     3.5019     90.755          9 0.0000e+00
     90.000   0.358332     1.2017 5.3269e-02      0.432     8.2393  1003.2100     3.5126     91.774          9 0.0000e+00
     91.000   0.359439     1.1835 5.3121e-02      0.442     8.2023  1003.2253     3.5261     92.794          9 0.0000e+00
     92.000   0.360681     1.1499 5.2748e-02      0.433     8.2297  1003.2428     3.5428     93.814          9 0.0000e+00
     93.000   0.361958     1.1320 5.2320e-02      0.448     8.2252  1003.2596     3.5582     94.834          9 0.0000e+00
     94.000   0.362679     1.1203 5.2272e-02      0.449     8.2608  1003.2713     3.5670     95.853          9 0.0000e+00
     95.000   0.363162     1.1043 5.2160e-02      0.447     8.2763  1003.2814     3.5738     96.873          9 0.0000e+00
     96.000   0.363541     1.0750 5.2139e-02      0.444     8.3327  1003.2913     3.5811     97.893          9 0.0000e+00
     97.000   0.363842     1.0415 5.2100e-02      0.459     8.3418  1003.3008     3.5880     98.912          8 0.0000e+00
     98.000   0.364203     1.0220 5.1996e-02      0.462     8.3738  1003.3100     3.5940     99.932          9 0.0000e+00
     99.000   0.364591     1.0107 5.1999e-02      0.476     8.3990  1003.3189     3.5993    100.952          8 0.0000e+00
    100.000   0.364895     0.9986 5.1877e-02      0.464     8.4007  1003.3272     3.6038    101.972          9 0.0000e+00
    101.000   0.365077     0.9832 5.1905e-02      0.473     8.4046  1003.3346     3.6075    102.991          9 0.0000e+00
    102.000   0.365243     0.9653 5.1750e-02      0.458     8.4327  1003.3420     3.6112    104.011          8 0.0000e+00
    103.000   0.365394     0.9568 5.2567e-02      0.485     8.4370  1003.3488     3.6138    105.031          8 0.0000e+00
    104.000   0.365623     0.9560 5.2513e-02      0.470     8.4798  1003.3557     3.6161    106.050          9 0.0000e+00
    105.000   0.366056     0.9566 5.2401e-02      0.484     8.4756  1003.3643     3.6206    107.070          8 0.0000e+00
    106.000   0.366487     0.9529 5.2305e-02      0.464     8.4889  1003.3731     3.6255    108.090          9 0.0000e+00
    107.000   0.367197     0.9514 5.2525e-02      0.482     8.4710  1003.3842     3.6330    109.110          8 0.0000e+00
    108.000   0.367732     0.9485 5.2334e-02      0.471     8.4692  1003.3938     3.6389    110.129          9 0.0000e+00
    109.000   0.368036     0.9432 5.2271e-02      0.480     8.4644  1003.4017     3.6427    111.149          8 0.0000e+00
    110.000   0.368372     0.9344 5.2076e-02      0.470     8.4843  1003.4101     3.6472    112.169          8 0.0000e+00
    111.000   0.368543     0.9307 5.2339e-02      0.487     8.4979  1003.4167     3.6493    113.188          9 0.0000e+00
    112.000   0.368661     0.9275 5.2057e-02      0.479     8.5136  1003.4228     3.6509    114.208          8 0.0000e+00
    113.000   0.368764     0.9262 5.2157e-02      0.499     8.5010  1003.4287     3.6520    115.228          8 0.0000e+00
    114.000   0.368932     0.9229 5.1970e-02      0.480     8.5145  1003.4353     3.6541    116.248          8 0.0000e+00
    115.000   0.369091     0.9200 5.1845e-02      0.495     8.5344  1003.4418     3.6561    117.267          8 0.0000e+00
    116.000   0.369154     0.9190 5.1855e-02      0.508     8.5186  1003.4473     3.6568    118.287          8 0.0000e+00
    117.000   0.369180     0.9186 5.1840e-02      0.500     8.5391  1003.4525     3.6570    119.307          8 0.0000e+00
    118.000   0.369176     0.9184 5.1858e-02      0.514     8.5081  1003.4574     3.6569    120.326          8 0.0000e+00
    119.000   0.369228     0.9172 5.1888e-02      0.486     8.4795  1003.4629     3.6575    121.346          9 0.0000e+00
    120.000   0.369295     0.9228 5.1620e-02      0.463     8.4229  1003.4681     3.6575    122.366         10 0.0000e+00
    121.000   0.368884     0.9291 5.1456e-02      0.148     8.2785  1003.4691     3.6524    123.386         21 0.0000e+00
    122.000   0.369131     0.9255 5.1250e-02      0.232     8.3349  1003.4764     3.6553    124.405         17 0.0000e+00
    123.000   0.369036     0.9264 5.1114e-02      0.311     8.3679  1003.4805     3.6541    125.425         12 0.0000e+00
