ctdpy/exports/archive_20200326_115716/received_data/a13_v38_19.cnv
* Sea-Bird SBE19plus Data File:
* FileName = C:\CTD\CTD 2019\v38\A13_v38_2019.hex
* Software Version 1.59
* Temperature SN =  4644
* Conductivity SN =  4644
* System UpLoad Time = Sep 17 2019 18:39:58
** A13 k22 v38 2019
* ds
# nquan = 11
# nvalues = 124                         
# units = specified
# name 0 = prdM: Pressure, Strain Gauge [db]
# name 1 = c0S/m: Conductivity [S/m]
# name 2 = tv290C: Temperature [ITS-90, deg C]
# name 3 = par: PAR/Irradiance, Biospherical/Licor
# name 4 = dz/dtM: Descent Rate [m/s]
# name 5 = sbeox0ML/L: Oxygen, SBE 43 [ml/l]
# name 6 = density00: Density [density, kg/m^3]
# name 7 = sal00: Salinity, Practical [PSU]
# name 8 = depFM: Depth [fresh water, m], lat = 58
# name 9 = nbin: number of scans per bin
# name 10 = flag: flag
# span 0 =      1.000,    124.000       
# span 1 =   0.341270,   0.431658       
# span 2 =     1.7647,    11.7038       
# span 3 = 6.2561e-02, 6.0292e+00       
# span 4 =      0.042,      0.612       
# span 5 =     6.5476,     8.6466       
# span 6 =  1001.8177,  1003.6169       
# span 7 =     2.9252,     3.8151       
# span 8 =      1.020,    126.445       
# span 9 =          7,         16       
# span 10 = 0.0000e+00, 0.0000e+00      
# interval = decibars: 1                
# start_time = Sep 17 2019 18:08:26 [Instrument's time stamp, header]
# bad_flag = -9.990e-29
*END*
      1.000   0.402135    11.6934 6.0292e+00      0.042     7.1559  1001.8177     2.9252      1.020         14 0.0000e+00
      2.000   0.402154    11.6937 3.5404e+00      0.381     7.1527  1001.8224     2.9252      2.039         10 0.0000e+00
      3.000   0.402235    11.6979 2.3395e+00      0.309     7.1586  1001.8268     2.9255      3.059         11 0.0000e+00
      4.000   0.402324    11.7038 1.2996e+00      0.537     7.1534  1001.8310     2.9257      4.079          8 0.0000e+00
      5.000   0.402282    11.7000 8.7617e-01      0.434     7.1570  1001.8361     2.9256      5.099          8 0.0000e+00
      6.000   0.402173    11.6901 5.6696e-01      0.540     7.1591  1001.8419     2.9255      6.118          8 0.0000e+00
      7.000   0.402180    11.6883 3.7777e-01      0.520     7.1601  1001.8469     2.9257      7.138          8 0.0000e+00
      8.000   0.402188    11.6896 2.8426e-01      0.491     7.1641  1001.8514     2.9256      8.158          8 0.0000e+00
      9.000   0.402194    11.6914 1.9203e-01      0.487     7.1665  1001.8559     2.9254      9.177          7 0.0000e+00
     10.000   0.402197    11.6868 1.4918e-01      0.612     7.1702  1001.8614     2.9258     10.197          8 0.0000e+00
     11.000   0.402204    11.6858 1.2323e-01      0.316     7.1645  1001.8663     2.9259     11.217         11 0.0000e+00
     12.000   0.402195    11.6777 1.0225e-01      0.540     7.1674  1001.8723     2.9264     12.237          8 0.0000e+00
     13.000   0.402165    11.6563 9.1702e-02      0.305     7.1730  1001.8807     2.9278     13.256         11 0.0000e+00
     14.000   0.402082    11.6307 8.2541e-02      0.495     7.1806  1001.8894     2.9291     14.276         10 0.0000e+00
     15.000   0.402089    11.6196 7.8297e-02      0.202     7.1793  1001.8961     2.9300     15.296         12 0.0000e+00
     16.000   0.402051    11.6090 7.3625e-02      0.606     7.1816  1001.9025     2.9305     16.316          9 0.0000e+00
     17.000   0.402075    11.6045 7.1854e-02      0.160     7.1798  1001.9081     2.9310     17.335         12 0.0000e+00
     18.000   0.402044    11.5972 6.9651e-02      0.529     7.1846  1001.9139     2.9312     18.355         10 0.0000e+00
     19.000   0.402073    11.5960 6.8652e-02      0.258     7.1784  1001.9189     2.9315     19.374         10 0.0000e+00
     20.000   0.402018    11.5903 6.7412e-02      0.495     7.1806  1001.9243     2.9315     20.394         10 0.0000e+00
     21.000   0.401705    11.5591 6.7025e-02      0.223     7.1973  1001.9326     2.9315     21.414         11 0.0000e+00
     22.000   0.400142    11.4128 6.6491e-02      0.584     7.2454  1001.9537     2.9308     22.434          8 0.0000e+00
     23.000   0.397411    11.1437 6.6117e-02      0.429     7.3888  1001.9886     2.9305     23.454          9 0.0000e+00
     24.000   0.387367    10.1671 6.5697e-02      0.478     7.3838  1002.0930     2.9283     24.473          8 0.0000e+00
     25.000   0.377130     8.9840 6.5671e-02      0.374     7.4387  1002.2164     2.9409     25.493         11 0.0000e+00
     26.000   0.369313     8.0985 6.5492e-02      0.481     7.2553  1002.2951     2.9486     26.513          9 0.0000e+00
     27.000   0.363360     7.2930 6.5609e-02      0.376     7.8762  1002.3659     2.9655     27.533          9 0.0000e+00
     28.000   0.354272     6.5000 6.5459e-02      0.539     7.6253  1002.4050     2.9539     28.552          8 0.0000e+00
     29.000   0.354092     6.1597 6.5313e-02      0.372     8.0244  1002.4478     2.9818     29.572         10 0.0000e+00
     30.000   0.353372     6.0261 6.5228e-02      0.508     7.8262  1002.4625     2.9870     30.592          8 0.0000e+00
     31.000   0.354338     5.8050 6.5365e-02      0.439     8.1334  1002.4986     3.0152     31.611          9 0.0000e+00
     32.000   0.351267     5.5132 6.5184e-02      0.514     8.0752  1002.5126     3.0134     32.631          8 0.0000e+00
     33.000   0.348732     5.0803 6.5314e-02      0.459     8.3928  1002.5435     3.0291     33.651          8 0.0000e+00
     34.000   0.345856     4.6915 6.5240e-02      0.510     8.0652  1002.5651     3.0378     34.670          9 0.0000e+00
     35.000   0.344432     4.3245 6.5189e-02      0.378     8.4782  1002.5935     3.0581     35.690          9 0.0000e+00
     36.000   0.343641     4.1359 6.5249e-02      0.477     8.3704  1002.6092     3.0682     36.710         10 0.0000e+00
     37.000   0.343392     3.9298 6.5248e-02      0.354     8.4933  1002.6302     3.0851     37.730         10 0.0000e+00
     38.000   0.342123     3.7265 6.5148e-02      0.425     8.4277  1002.6426     3.0922     38.749         10 0.0000e+00
     39.000   0.341949     3.5937 6.5250e-02      0.396     8.5854  1002.6571     3.1031     39.769          9 0.0000e+00
     40.000   0.341629     3.4505 6.5278e-02      0.452     8.4816  1002.6711     3.1136     40.789         10 0.0000e+00
     41.000   0.341850     3.3107 6.5223e-02      0.366     8.3283  1002.6888     3.1292     41.808         12 0.0000e+00
     42.000   0.345103     3.2970 6.5248e-02      0.195     8.3504  1002.7201     3.1621     42.828         16 0.0000e+00
     43.000   0.341429     3.1440 6.5221e-02      0.378     8.5635  1002.7083     3.1412     43.848         11 0.0000e+00
     44.000   0.341270     3.0699 6.5204e-02      0.422     8.5528  1002.7176     3.1468     44.867          9 0.0000e+00
     45.000   0.341507     2.9699 6.5204e-02      0.390     8.5604  1002.7319     3.1588     45.887         11 0.0000e+00
     46.000   0.341456     2.9400 6.5258e-02      0.439     8.5519  1002.7386     3.1612     46.907          8 0.0000e+00
     47.000   0.341612     2.8781 6.5246e-02      0.460     8.6466  1002.7494     3.1688     47.927          9 0.0000e+00
     48.000   0.341717     2.8055 6.5202e-02      0.519     8.4952  1002.7604     3.1770     48.946          8 0.0000e+00
     49.000   0.341310     2.6588 6.5208e-02      0.441     8.6002  1002.7727     3.1875     49.966          8 0.0000e+00
     50.000   0.342539     2.6416 6.5206e-02      0.528     8.4219  1002.7886     3.2013     50.986          8 0.0000e+00
     51.000   0.343499     2.6114 6.5176e-02      0.429     8.5959  1002.8033     3.2138     52.005          8 0.0000e+00
     52.000   0.344213     2.6229 6.5165e-02      0.573     8.3939  1002.8131     3.2197     53.025          7 0.0000e+00
     53.000   0.345362     2.5861 6.5326e-02      0.540     8.1852  1002.8298     3.2348     54.045          9 0.0000e+00
     54.000   0.345519     2.5872 6.5182e-02      0.420     8.4342  1002.8359     3.2362     55.065          8 0.0000e+00
     55.000   0.345871     2.5587 6.5265e-02      0.568     8.3945  1002.8457     3.2425     56.084          8 0.0000e+00
     56.000   0.345940     2.5391 6.5226e-02      0.481     8.4006  1002.8525     3.2451     57.104          8 0.0000e+00
     57.000   0.346114     2.5021 6.5243e-02      0.520     8.2427  1002.8615     3.2506     58.124          8 0.0000e+00
     58.000   0.346476     2.4465 6.5324e-02      0.446     8.3723  1002.8732     3.2598     59.144          9 0.0000e+00
     59.000   0.347672     2.3704 6.5065e-02      0.456     8.2588  1002.8931     3.2796     60.163          9 0.0000e+00
     60.000   0.347889     2.2372 6.5071e-02      0.407     8.3852  1002.9090     3.2955     61.183          9 0.0000e+00
     61.000   0.348737     2.0939 6.5226e-02      0.461     8.2072  1002.9305     3.3189     62.203         10 0.0000e+00
     62.000   0.348135     1.8999 6.5090e-02      0.351     8.4298  1002.9434     3.3332     63.223         10 0.0000e+00
     63.000   0.349726     1.9035 6.5174e-02      0.380     8.1241  1002.9611     3.3489     64.242         13 0.0000e+00
     64.000   0.352200     1.9229 6.4985e-02      0.297     8.2849  1002.9850     3.3720     65.262         11 0.0000e+00
     65.000   0.354322     1.9659 6.5070e-02      0.372     8.1846  1003.0044     3.3889     66.282         11 0.0000e+00
     66.000   0.356072     1.9746 6.4970e-02      0.405     8.2276  1003.0230     3.4057     67.301         10 0.0000e+00
     67.000   0.356256     1.8432 6.5048e-02      0.310     8.1157  1003.0383     3.4217     68.321         14 0.0000e+00
     68.000   0.356797     1.7647 6.5009e-02      0.268     8.0044  1003.0529     3.4357     69.341         15 0.0000e+00
     69.000   0.357922     1.7925 6.5010e-02      0.330     8.2158  1003.0653     3.4441     70.360         10 0.0000e+00
     70.000   0.359009     1.8547 6.4902e-02      0.358     8.1120  1003.0749     3.4484     71.380         11 0.0000e+00
     71.000   0.359824     1.8131 6.4716e-02      0.498     8.1580  1003.0894     3.4612     72.400          8 0.0000e+00
     72.000   0.360648     1.7986 6.4930e-02      0.382     8.0145  1003.1021     3.4711     73.419         10 0.0000e+00
     73.000   0.361695     1.8153 6.5071e-02      0.491     8.1048  1003.1145     3.4800     74.439          8 0.0000e+00
     74.000   0.362566     1.8287 6.4825e-02      0.506     7.9073  1003.1256     3.4873     75.459          9 0.0000e+00
     75.000   0.366551     2.0198 6.4941e-02      0.388     8.1147  1003.1497     3.5067     76.479          9 0.0000e+00
     76.000   0.371175     2.1605 6.4867e-02      0.526     7.9788  1003.1821     3.5379     77.498          8 0.0000e+00
     77.000   0.373106     2.2026 6.4825e-02      0.422     7.8689  1003.1996     3.5527     78.518          9 0.0000e+00
     78.000   0.374987     2.2763 6.4868e-02      0.487     7.9128  1003.2141     3.5634     79.538          8 0.0000e+00
     79.000   0.375769     2.3593 6.4691e-02      0.482     7.7172  1003.2188     3.5619     80.557         10 0.0000e+00
     80.000   0.380463     2.5746 6.4953e-02      0.369     7.8430  1003.2442     3.5849     81.577          8 0.0000e+00
     81.000   0.382385     2.6960 6.4536e-02      0.554     7.6709  1003.2545     3.5904     82.597          9 0.0000e+00
     82.000   0.383243     2.7397 6.4304e-02      0.332     7.8158  1003.2625     3.5940     83.617          9 0.0000e+00
     83.000   0.384052     2.8002 6.4902e-02      0.569     7.5497  1003.2687     3.5952     84.636          9 0.0000e+00
     84.000   0.389949     3.0579 6.4598e-02      0.221     7.6686  1003.2973     3.6245     85.656         10 0.0000e+00
     85.000   0.396825     3.3728 6.4645e-02      0.528     7.4339  1003.3274     3.6568     86.676         10 0.0000e+00
     86.000   0.397783     3.4112 6.4514e-02      0.312     7.4136  1003.3361     3.6618     87.696          9 0.0000e+00
     87.000   0.397985     3.4190 6.4341e-02      0.399     7.2856  1003.3418     3.6629     88.715         12 0.0000e+00
     88.000   0.399367     3.4508 6.4393e-02      0.363     7.3144  1003.3545     3.6727     89.735         10 0.0000e+00
     89.000   0.401350     3.6082 6.4407e-02      0.385     7.2506  1003.3592     3.6742     90.755         10 0.0000e+00
     90.000   0.412771     4.1561 6.4325e-02      0.472     7.2724  1003.3951     3.7226     91.774          9 0.0000e+00
     91.000   0.418729     4.4011 6.4319e-02      0.411     7.2154  1003.4186     3.7519     92.794          9 0.0000e+00
     92.000   0.420521     4.4250 6.3989e-02      0.457     7.1013  1003.4343     3.7662     93.814          9 0.0000e+00
     93.000   0.420173     4.4101 6.4089e-02      0.477     6.9931  1003.4382     3.7645     94.834          8 0.0000e+00
     94.000   0.419752     4.3901 6.4036e-02      0.484     6.8977  1003.4421     3.7627     95.853          9 0.0000e+00
     95.000   0.420008     4.4034 6.4220e-02      0.427     7.0413  1003.4474     3.7635     96.873          8 0.0000e+00
     96.000   0.420729     4.4323 6.4110e-02      0.535     6.8578  1003.4544     3.7670     97.893          8 0.0000e+00
     97.000   0.421048     4.4491 6.4686e-02      0.449     6.9244  1003.4598     3.7681     98.913          9 0.0000e+00
     98.000   0.422868     4.5183 6.3765e-02      0.505     6.8681  1003.4705     3.7775     99.932          8 0.0000e+00
     99.000   0.423752     4.5918 6.4167e-02      0.476     6.8417  1003.4735     3.7774    100.952          8 0.0000e+00
    100.000   0.425468     4.6264 6.3663e-02      0.477     6.8651  1003.4873     3.7897    101.972          8 0.0000e+00
    101.000   0.425649     4.6392 6.3453e-02      0.500     6.9262  1003.4920     3.7899    102.991          8 0.0000e+00
    102.000   0.425882     4.6379 6.3311e-02      0.549     6.7794  1003.4988     3.7922    104.011          8 0.0000e+00
    103.000   0.425727     4.6448 6.3702e-02      0.432     6.8483  1003.5016     3.7898    105.031          9 0.0000e+00
    104.000   0.426259     4.6525 6.3822e-02      0.538     6.7741  1003.5095     3.7939    106.051          7 0.0000e+00
    105.000   0.426211     4.6583 6.3606e-02      0.453     6.8232  1003.5133     3.7927    107.070         10 0.0000e+00
    106.000   0.426580     4.6676 6.3570e-02      0.458     6.9178  1003.5198     3.7951    108.090          8 0.0000e+00
    107.000   0.426644     4.6744 6.3741e-02      0.514     6.8786  1003.5244     3.7949    109.110          8 0.0000e+00
    108.000   0.427122     4.6957 6.3370e-02      0.442     6.8970  1003.5303     3.7969    110.129          9 0.0000e+00
    109.000   0.427872     4.7321 6.3472e-02      0.478     6.8824  1003.5364     3.7997    111.149          8 0.0000e+00
    110.000   0.429070     4.7824 6.3210e-02      0.485     6.8421  1003.5443     3.8053    112.169          9 0.0000e+00
    111.000   0.429675     4.8048 6.3404e-02      0.453     6.8324  1003.5510     3.8083    113.189          8 0.0000e+00
    112.000   0.429766     4.8071 6.3248e-02      0.552     6.6941  1003.5562     3.8089    114.208          8 0.0000e+00
    113.000   0.429854     4.8083 6.3306e-02      0.432     6.8147  1003.5615     3.8095    115.228          8 0.0000e+00
    114.000   0.429958     4.8066 6.3268e-02      0.510     6.8232  1003.5673     3.8106    116.248          8 0.0000e+00
    115.000   0.430040     4.8070 6.3173e-02      0.494     6.8475  1003.5727     3.8112    117.267          8 0.0000e+00
    116.000   0.430113     4.8087 6.3044e-02      0.475     6.8948  1003.5779     3.8117    118.287          8 0.0000e+00
    117.000   0.430072     4.8088 6.2962e-02      0.546     6.6879  1003.5824     3.8112    119.307          8 0.0000e+00
    118.000   0.430070     4.8107 6.2967e-02      0.421     6.7691  1003.5870     3.8109    120.326         10 0.0000e+00
    119.000   0.430267     4.8156 6.2972e-02      0.490     6.7731  1003.5927     3.8121    121.346          7 0.0000e+00
    120.000   0.430319     4.8192 6.2873e-02      0.579     6.5476  1003.5975     3.8121    122.366          8 0.0000e+00
    121.000   0.430407     4.8266 6.2681e-02      0.358     6.8244  1003.6021     3.8121    123.385          9 0.0000e+00
    122.000   0.430632     4.8308 6.2846e-02      0.559     6.6754  1003.6081     3.8136    124.405          8 0.0000e+00
    123.000   0.430564     4.8401 6.2735e-02      0.446     6.6106  1003.6113     3.8119    125.425         10 0.0000e+00
    124.000   0.431658     4.9014 6.2561e-02      0.395 -9.990e-29  1003.6169     3.8151    126.445          8 0.0000e+00
