ctdpy/exports/archive_20200326_115716/received_data/a13_v16_19.cnv
* Sea-Bird SBE19plus Data File:
* FileName = C:\CTD\CTD 2019\v.16\A13_v16_2019.hex
* Software Version 1.59
* Temperature SN =  7668
* Conductivity SN =  7668
* System UpLoad Time = Apr 15 2019 19:14:01
** A13 k12 2019 v16
* ds
# nquan = 10
# nvalues = 126                         
# units = specified
# name 0 = prdM: Pressure, Strain Gauge [db]
# name 1 = c0S/m: Conductivity [S/m]
# name 2 = tv290C: Temperature [ITS-90, deg C]
# name 3 = par: PAR/Irradiance, Biospherical/Licor
# name 4 = dz/dtM: Descent Rate [m/s]
# name 5 = density00: Density [density, kg/m^3]
# name 6 = sal00: Salinity, Practical [PSU]
# name 7 = depFM: Depth [fresh water, m], lat = 0
# name 8 = nbin: number of scans per bin
# name 9 = flag: flag
# span 0 =      1.000,    126.000       
# span 1 =   0.299006,   0.367881       
# span 2 =     0.1248,     1.5757       
# span 3 = -7.331e-05, 1.7344e+02       
# span 4 =     -0.002,      0.785       
# span 5 =  1002.3073,  1003.4782       
# span 6 =     2.9831,     3.6298       
# span 7 =      1.020,    128.484       
# span 8 =          5,         11       
# span 9 = 0.0000e+00, 0.0000e+00       
# interval = decibars: 1                
# start_time = Apr 15 2019 18:29:55 [Instrument's time stamp, header]
# bad_flag = -9.990e-29
*END*
      1.000   0.300549     0.5119 1.7344e+02      0.173  1002.3104     2.9855      1.020         11 0.0000e+00
      2.000   0.299106     0.3757 9.1196e+01      0.690  1002.3073     2.9835      2.039          5 0.0000e+00
      3.000   0.299006     0.3665 4.9972e+01      0.785  1002.3117     2.9833      3.059          6 0.0000e+00
      4.000   0.299067     0.3743 3.2857e+01      0.774  1002.3170     2.9831      4.079          5 0.0000e+00
      5.000   0.299164     0.3755 2.0047e+01      0.778  1002.3227     2.9839      5.099          5 0.0000e+00
      6.000   0.299250     0.3656 1.3271e+01      0.770  1002.3288     2.9857      6.118          5 0.0000e+00
      7.000   0.299323     0.3530 8.7043e+00      0.776  1002.3347     2.9877      7.138          5 0.0000e+00
      8.000   0.299405     0.3591 5.6071e+00      0.762  1002.3403     2.9879      8.158          6 0.0000e+00
      9.000   0.299459     0.3619 3.8404e+00      0.748  1002.3456     2.9882      9.177          5 0.0000e+00
     10.000   0.299533     0.3524 2.7846e+00      0.736  1002.3516     2.9898     10.197          6 0.0000e+00
     11.000   0.299624     0.3388 1.9366e+00      0.731  1002.3577     2.9920     11.217          5 0.0000e+00
     12.000   0.299685     0.3266 1.3679e+00      0.739  1002.3636     2.9938     12.236          5 0.0000e+00
     13.000   0.299756     0.3117 9.7155e-01      0.751  1002.3696     2.9959     13.256          6 0.0000e+00
     14.000   0.299845     0.2967 6.8094e-01      0.759  1002.3759     2.9983     14.276          5 0.0000e+00
     15.000   0.299924     0.2848 4.6971e-01      0.755  1002.3819     3.0002     15.296          5 0.0000e+00
     16.000   0.299977     0.2791 3.2087e-01      0.743  1002.3875     3.0013     16.315          6 0.0000e+00
     17.000   0.299998     0.2712 2.1242e-01      0.733  1002.3929     3.0023     17.335          5 0.0000e+00
     18.000   0.299991     0.2569 1.3806e-01      0.724  1002.3982     3.0035     18.355          6 0.0000e+00
     19.000   0.299907     0.2258 7.8160e-02      0.735  1002.4034     3.0056     19.375          5 0.0000e+00
     20.000   0.299771     0.1793 3.0135e-02      0.740  1002.4085     3.0087     20.394          6 0.0000e+00
     21.000   0.299757     0.1549 2.7239e-03      0.740  1002.4141     3.0109     21.414          5 0.0000e+00
     22.000   0.299844     0.1486 -7.331e-05      0.739  1002.4200     3.0124     22.434          5 0.0000e+00
     23.000   0.299966     0.1521 1.0000e-12      0.729  1002.4259     3.0133     23.453          6 0.0000e+00
     24.000   0.300027     0.1495 1.0000e-12      0.719  1002.4316     3.0141     24.473          6 0.0000e+00
     25.000   0.300050     0.1414 1.0000e-12      0.722  1002.4370     3.0151     25.493          5 0.0000e+00
     26.000   0.300054     0.1278 1.0000e-12      0.733  1002.4424     3.0164     26.513          5 0.0000e+00
     27.000   0.300143     0.1248 1.0000e-12      0.745  1002.4483     3.0176     27.532          6 0.0000e+00
     28.000   0.300314     0.1304 1.0000e-12      0.737  1002.4546     3.0188     28.552          5 0.0000e+00
     29.000   0.300485     0.1351 1.0000e-12      0.745  1002.4609     3.0201     29.572          6 0.0000e+00
     30.000   0.300610     0.1370 1.0000e-12      0.747  1002.4669     3.0212     30.592          5 0.0000e+00
     31.000   0.300805     0.1435 1.0000e-12      0.739  1002.4735     3.0226     31.611          5 0.0000e+00
     32.000   0.301014     0.1495 1.0000e-12      0.737  1002.4801     3.0242     32.631          6 0.0000e+00
     33.000   0.301246     0.1554 1.0000e-12      0.742  1002.4869     3.0259     33.651          5 0.0000e+00
     34.000   0.301435     0.1611 1.0000e-12      0.731  1002.4934     3.0273     34.670          6 0.0000e+00
     35.000   0.301575     0.1661 1.0000e-12      0.720  1002.4994     3.0283     35.690          5 0.0000e+00
     36.000   0.301743     0.1733 1.0000e-12      0.708  1002.5057     3.0293     36.710          6 0.0000e+00
     37.000   0.301850     0.1745 1.0000e-12      0.709  1002.5116     3.0302     37.729          6 0.0000e+00
     38.000   0.301973     0.1720 1.0000e-12      0.715  1002.5177     3.0317     38.749          5 0.0000e+00
     39.000   0.302149     0.1691 1.0000e-12      0.719  1002.5243     3.0338     39.769          6 0.0000e+00
     40.000   0.302284     0.1660 1.0000e-12      0.709  1002.5306     3.0355     40.788          6 0.0000e+00
     41.000   0.302404     0.1678 1.0000e-12      0.706  1002.5365     3.0365     41.808          5 0.0000e+00
     42.000   0.302515     0.1718 1.0000e-12      0.699  1002.5424     3.0373     42.828          6 0.0000e+00
     43.000   0.302807     0.1930 1.0000e-12      0.710  1002.5493     3.0382     43.848          5 0.0000e+00
     44.000   0.303274     0.2163 1.0000e-12      0.720  1002.5576     3.0408     44.867          6 0.0000e+00
     45.000   0.303554     0.2226 1.0000e-12      0.716  1002.5648     3.0431     45.887          6 0.0000e+00
     46.000   0.303739     0.2274 1.0000e-12      0.712  1002.5712     3.0445     46.907          5 0.0000e+00
     47.000   0.303825     0.2314 1.0000e-12      0.706  1002.5769     3.0449     47.927          6 0.0000e+00
     48.000   0.303948     0.2426 1.0000e-12      0.712  1002.5826     3.0451     48.946          6 0.0000e+00
     49.000   0.304058     0.2518 1.0000e-12      0.712  1002.5882     3.0453     49.966          5 0.0000e+00
     50.000   0.304087     0.2552 1.0000e-12      0.729  1002.5933     3.0452     50.986          5 0.0000e+00
     51.000   0.304074     0.2550 1.0000e-12      0.751  1002.5982     3.0450     52.005          6 0.0000e+00
     52.000   0.304125     0.2563 1.0000e-12      0.751  1002.6036     3.0453     53.025          5 0.0000e+00
     53.000   0.304229     0.2593 7.2979e-06      0.738  1002.6094     3.0461     54.045          6 0.0000e+00
     54.000   0.304364     0.2626 1.9904e-07      0.731  1002.6155     3.0471     55.065          5 0.0000e+00
     55.000   0.304518     0.2666 1.0000e-12      0.725  1002.6217     3.0483     56.084          6 0.0000e+00
     56.000   0.304623     0.2636 1.0000e-12      0.727  1002.6276     3.0496     57.104          5 0.0000e+00
     57.000   0.304697     0.2537 1.0000e-12      0.741  1002.6336     3.0513     58.124          5 0.0000e+00
     58.000   0.304879     0.2499 1.0000e-12      0.749  1002.6402     3.0536     59.143          6 0.0000e+00
     59.000   0.305128     0.2534 1.0000e-12      0.739  1002.6473     3.0558     60.163          5 0.0000e+00
     60.000   0.305573     0.2663 1.0000e-12      0.745  1002.6557     3.0592     61.183          5 0.0000e+00
     61.000   0.306012     0.2844 1.0000e-12      0.759  1002.6639     3.0620     62.203          6 0.0000e+00
     62.000   0.306463     0.3039 1.0000e-12      0.772  1002.6721     3.0647     63.222          5 0.0000e+00
     63.000   0.306868     0.3210 1.0000e-12      0.778  1002.6800     3.0673     64.242          5 0.0000e+00
     64.000   0.307409     0.3424 1.0000e-12      0.769  1002.6889     3.0708     65.262          5 0.0000e+00
     65.000   0.308188     0.3709 1.0000e-12      0.763  1002.6997     3.0761     66.282          5 0.0000e+00
     66.000   0.309195     0.4019 1.0000e-12      0.772  1002.7122     3.0836     67.301          6 0.0000e+00
     67.000   0.310196     0.4299 1.0000e-12      0.776  1002.7247     3.0913     68.321          5 0.0000e+00
     68.000   0.310828     0.4487 1.0000e-12      0.775  1002.7344     3.0960     69.341          5 0.0000e+00
     69.000   0.311483     0.4711 1.0000e-12      0.774  1002.7442     3.1006     70.360          5 0.0000e+00
     70.000   0.313490     0.5307 1.0000e-12      0.777  1002.7641     3.1157     71.380          5 0.0000e+00
     71.000   0.316508     0.6128 1.0000e-12      0.781  1002.7916     3.1391     72.400          5 0.0000e+00
     72.000   0.319799     0.6935 1.0000e-12      0.772  1002.8213     3.1654     73.419          6 0.0000e+00
     73.000   0.323231     0.7746 1.0000e-12      0.771  1002.8518     3.1930     74.439          5 0.0000e+00
     74.000   0.327670     0.9134 1.0000e-12      0.768  1002.8880     3.2250     75.459          5 0.0000e+00
     75.000   0.333305     1.0911 1.0000e-12      0.768  1002.9317     3.2651     76.479          5 0.0000e+00
     76.000   0.336809     1.1919 1.0000e-12      0.761  1002.9607     3.2908     77.499          5 0.0000e+00
     77.000   0.339437     1.2417 1.0000e-12      0.754  1002.9849     3.3127     78.518          6 0.0000e+00
     78.000   0.342215     1.2854 1.0000e-12      0.749  1003.0107     3.3368     79.538          5 0.0000e+00
     79.000   0.343893     1.3234 1.0000e-12      0.760  1003.0275     3.3500     80.558          5 0.0000e+00
     80.000   0.345131     1.3572 1.0000e-12      0.753  1003.0408     3.3591     81.577          6 0.0000e+00
     81.000   0.345834     1.3864 1.0000e-12      0.744  1003.0499     3.3631     82.597          5 0.0000e+00
     82.000   0.346351     1.4093 1.0000e-12      0.749  1003.0578     3.3659     83.617          6 0.0000e+00
     83.000   0.347242     1.4353 1.0000e-12      0.734  1003.0686     3.3723     84.636          5 0.0000e+00
     84.000   0.348436     1.4629 1.0000e-12      0.726  1003.0818     3.3815     85.656          6 0.0000e+00
     85.000   0.350133     1.4930 1.0000e-12      0.722  1003.0990     3.3957     86.676          5 0.0000e+00
     86.000   0.351830     1.5354 1.0000e-12      0.720  1003.1153     3.4085     87.696          6 0.0000e+00
     87.000   0.353368     1.5757 1.0000e-12      0.726  1003.1305     3.4199     88.715          5 0.0000e+00
     88.000   0.353747     1.5499 1.0000e-12      0.724  1003.1402     3.4266     89.735          6 0.0000e+00
     89.000   0.353660     1.4876 1.0000e-12      0.710  1003.1484     3.4324     90.755          5 0.0000e+00
     90.000   0.353631     1.4297 1.0000e-12      0.713  1003.1567     3.4384     91.774          6 0.0000e+00
     91.000   0.354532     1.4591 1.0000e-12      0.731  1003.1672     3.4444     92.794          5 0.0000e+00
     92.000   0.354978     1.4509 1.0000e-12      0.726  1003.1764     3.4498     93.814          6 0.0000e+00
     93.000   0.354411     1.3559 1.0000e-12      0.713  1003.1825     3.4544     94.834          6 0.0000e+00
     94.000   0.354101     1.2540 1.0000e-12      0.708  1003.1911     3.4624     95.853          5 0.0000e+00
     95.000   0.354144     1.1729 1.0000e-12      0.701  1003.2012     3.4718     96.873          6 0.0000e+00
     96.000   0.354259     1.1119 1.0000e-12      0.696  1003.2107     3.4798     97.893          6 0.0000e+00
     97.000   0.354816     1.1073 1.0000e-12      0.686  1003.2206     3.4861     98.912          6 0.0000e+00
     98.000   0.356106     1.1762 1.0000e-12      0.694  1003.2323     3.4917     99.932          5 0.0000e+00
     99.000   0.356810     1.1760 1.0000e-12      0.706  1003.2432     3.4990    100.952          6 0.0000e+00
    100.000   0.356540     1.1058 1.0000e-12      0.699  1003.2501     3.5040    101.972          6 0.0000e+00
    101.000   0.356743     1.0796 1.0000e-12      0.698  1003.2583     3.5090    102.991          6 0.0000e+00
    102.000   0.357247     1.0766 1.0000e-12      0.687  1003.2677     3.5146    104.011          5 0.0000e+00
    103.000   0.358334     1.1144 1.0000e-12      0.691  1003.2795     3.5216    105.031          6 0.0000e+00
    104.000   0.359138     1.0729 1.0000e-12      0.700  1003.2938     3.5346    106.051          6 0.0000e+00
    105.000   0.359633     1.0297 1.0000e-12      0.685  1003.3055     3.5447    107.070          6 0.0000e+00
    106.000   0.360162     1.0133 1.0000e-12      0.695  1003.3159     3.5520    108.090          5 0.0000e+00
    107.000   0.360497     0.9988 1.0000e-12      0.717  1003.3245     3.5571    109.110          6 0.0000e+00
    108.000   0.360992     0.9945 1.0000e-12      0.706  1003.3339     3.5627    110.129          6 0.0000e+00
    109.000   0.362487     1.0619 1.0000e-12      0.686  1003.3474     3.5706    111.149          6 0.0000e+00
    110.000   0.363587     1.0835 1.0000e-12      0.672  1003.3603     3.5796    112.169          5 0.0000e+00
    111.000   0.364144     1.0666 1.0000e-12      0.682  1003.3710     3.5873    113.189          6 0.0000e+00
    112.000   0.364421     1.0380 1.0000e-12      0.669  1003.3801     3.5934    114.208          6 0.0000e+00
    113.000   0.364513     0.9962 1.0000e-12      0.666  1003.3883     3.5991    115.228          6 0.0000e+00
    114.000   0.364751     0.9846 1.0000e-12      0.672  1003.3960     3.6029    116.248          6 0.0000e+00
    115.000   0.365133     0.9874 1.0000e-12      0.677  1003.4040     3.6065    117.267          6 0.0000e+00
    116.000   0.365861     1.0044 1.0000e-12      0.669  1003.4141     3.6121    118.287          6 0.0000e+00
    117.000   0.366736     1.0205 1.0000e-12      0.677  1003.4255     3.6194    119.307          6 0.0000e+00
    118.000   0.367146     1.0241 1.0000e-12      0.671  1003.4337     3.6232    120.327          6 0.0000e+00
    119.000   0.367321     1.0236 1.0000e-12      0.657  1003.4401     3.6250    121.346          6 0.0000e+00
    120.000   0.367387     1.0213 1.0000e-12      0.674  1003.4458     3.6259    122.366          6 0.0000e+00
    121.000   0.367458     1.0209 1.0000e-12      0.680  1003.4513     3.6266    123.386          6 0.0000e+00
    122.000   0.367558     1.0209 1.0000e-12      0.686  1003.4571     3.6276    124.405          6 0.0000e+00
    123.000   0.367659     1.0199 1.0000e-12      0.662  1003.4630     3.6287    125.425          6 0.0000e+00
    124.000   0.367769     1.0193 1.0000e-12      0.697  1003.4689     3.6298    126.445          6 0.0000e+00
    125.000   0.367697     1.0197 1.0000e-12      0.669  1003.4732     3.6290    127.464          9 0.0000e+00
    126.000   0.367881     1.0435 1.0000e-12     -0.002  1003.4782     3.6280    128.484          9 0.0000e+00
