ctdpy/exports/archive_20200326_115716/received_data/a13_v28_19.cnv
* Sea-Bird SBE19plus Data File:
* FileName = C:\CTD\CTD 2019\K18\A13_v28_19.hex
* Software Version 1.59
* Temperature SN =  4644
* Conductivity SN =  4644
* System UpLoad Time = Jul 10 2019 07:34:40
** A13_v28_19
* ds
# nquan = 11
# nvalues = 124                         
# units = specified
# name 0 = prdM: Pressure, Strain Gauge [db]
# name 1 = c0S/m: Conductivity [S/m]
# name 2 = tv290C: Temperature [ITS-90, deg C]
# name 3 = par: PAR/Irradiance, Biospherical/Licor
# name 4 = dz/dtM: Descent Rate [m/s]
# name 5 = sbeox0ML/L: Oxygen, SBE 43 [ml/l]
# name 6 = density00: Density [density, kg/m^3]
# name 7 = sal00: Salinity, Practical [PSU]
# name 8 = depFM: Depth [fresh water, m], lat = 58
# name 9 = nbin: number of scans per bin
# name 10 = flag: flag
# span 0 =      1.000,    124.000       
# span 1 =   0.333046,   0.391434       
# span 2 =     0.9941,    11.2977       
# span 3 = 6.6833e-02, 1.9195e+02       
# span 4 =     -0.096,      0.606       
# span 5 =     7.8153,     9.0615       
# span 6 =  1001.8225,  1003.5121       
# span 7 =     2.8717,     3.6842       
# span 8 =      1.020,    126.445       
# span 9 =          6,         19       
# span 10 = 0.0000e+00, 0.0000e+00      
# interval = decibars: 1                
# start_time = Jul 10 2019 07:03:02 [Instrument's time stamp, header]
# bad_flag = -9.990e-29
*END*
      1.000   0.391434    11.2977 1.9195e+02     -0.096     8.1392  1001.8225     2.8727      1.020          9 0.0000e+00
      2.000   0.391180    11.2783 1.0491e+02      0.369     8.1480  1001.8289     2.8722      2.039         11 0.0000e+00
      3.000   0.391133    11.2726 5.7022e+01      0.428     8.1479  1001.8343     2.8722      3.059          9 0.0000e+00
      4.000   0.390991    11.2584 3.3205e+01      0.486     8.1490  1001.8406     2.8722      4.079          8 0.0000e+00
      5.000   0.390959    11.2543 2.0361e+01      0.514     8.1456  1001.8458     2.8722      5.099          7 0.0000e+00
      6.000   0.391076    11.2621 1.2387e+01      0.547     8.1427  1001.8499     2.8725      6.118          8 0.0000e+00
      7.000   0.390936    11.2478 7.8156e+00      0.532     8.1302  1001.8562     2.8724      7.138          7 0.0000e+00
      8.000   0.390074    11.1690 4.9750e+00      0.585     8.1298  1001.8691     2.8717      8.158          7 0.0000e+00
      9.000   0.389811    11.1380 3.2401e+00      0.576     8.1323  1001.8776     2.8720      9.177          7 0.0000e+00
     10.000   0.389740    11.1246 2.1245e+00      0.602     8.1261  1001.8841     2.8725     10.197          6 0.0000e+00
     11.000   0.389523    11.0974 1.4257e+00      0.579     8.1030  1001.8921     2.8729     11.217          8 0.0000e+00
     12.000   0.388727    11.0112 9.8240e-01      0.530     8.0844  1001.9066     2.8732     12.237          7 0.0000e+00
     13.000   0.387596    10.8826 6.7588e-01      0.492     8.0696  1001.9261     2.8743     13.256          8 0.0000e+00
     14.000   0.386850    10.7928 4.7840e-01      0.506     8.0615  1001.9412     2.8753     14.276          9 0.0000e+00
     15.000   0.385352    10.6482 3.4791e-01      0.280     7.9301  1001.9607     2.8747     15.296         19 0.0000e+00
     16.000   0.382441    10.2893 2.6934e-01      0.203     7.8153  1002.0060     2.8796     16.315         14 0.0000e+00
     17.000   0.377537     9.7014 1.9915e-01      0.438     7.9629  1002.0722     2.8865     17.335         10 0.0000e+00
     18.000   0.368836     8.4403 1.5930e-01      0.288     8.4285  1002.2046     2.9165     18.355         13 0.0000e+00
     19.000   0.344593     6.0346 1.3201e-01      0.428     8.4204  1002.3455     2.9081     19.375          9 0.0000e+00
     20.000   0.340721     5.0660 1.1488e-01      0.399     8.3561  1002.4233     2.9572     20.394         11 0.0000e+00
     21.000   0.343702     4.8059 1.0265e-01      0.313     8.2018  1002.4752     3.0081     21.414         15 0.0000e+00
     22.000   0.341228     4.5372 9.4584e-02      0.249     8.6963  1002.4868     3.0092     22.434         14 0.0000e+00
     23.000   0.336134     4.2199 8.8407e-02      0.374     8.9406  1002.4818     2.9901     23.453         10 0.0000e+00
     24.000   0.334414     3.9742 8.4026e-02      0.417     9.0524  1002.4947     2.9962     24.473          9 0.0000e+00
     25.000   0.333046     3.7962 8.0939e-02      0.468     9.0511  1002.5039     2.9994     25.493          8 0.0000e+00
     26.000   0.333180     3.7309 7.8504e-02      0.479     8.9292  1002.5151     3.0066     26.513          9 0.0000e+00
     27.000   0.333536     3.7054 7.7054e-02      0.473     8.8948  1002.5248     3.0124     27.532          8 0.0000e+00
     28.000   0.334078     3.6588 7.5959e-02      0.492     8.9315  1002.5376     3.0218     28.552          8 0.0000e+00
     29.000   0.335173     3.6871 7.4939e-02      0.480     8.8456  1002.5486     3.0297     29.572          9 0.0000e+00
     30.000   0.336857     3.7461 7.4177e-02      0.462     8.8829  1002.5616     3.0403     30.591          8 0.0000e+00
     31.000   0.337659     3.7946 7.3503e-02      0.477     8.7354  1002.5686     3.0434     31.611          9 0.0000e+00
     32.000   0.338590     3.8215 7.3198e-02      0.437     8.7469  1002.5784     3.0497     32.631          9 0.0000e+00
     33.000   0.339566     3.8781 7.2944e-02      0.485     8.7826  1002.5859     3.0537     33.651          7 0.0000e+00
     34.000   0.340650     3.9495 7.2779e-02      0.532     8.7656  1002.5930     3.0573     34.670          8 0.0000e+00
     35.000   0.342696     4.0782 7.2537e-02      0.596     8.7149  1002.6023     3.0647     35.690          6 0.0000e+00
     36.000   0.344572     4.1789 7.2325e-02      0.572     8.8264  1002.6125     3.0730     36.710          7 0.0000e+00
     37.000   0.345086     4.2031 7.2228e-02      0.585     8.8072  1002.6190     3.0756     37.730          7 0.0000e+00
     38.000   0.344888     4.1679 7.2087e-02      0.580     8.8036  1002.6256     3.0769     38.749          7 0.0000e+00
     39.000   0.344298     4.1025 7.1993e-02      0.606     8.8279  1002.6318     3.0774     39.769          7 0.0000e+00
     40.000   0.344094     4.0513 7.2076e-02      0.575     8.8329  1002.6396     3.0802     40.789          7 0.0000e+00
     41.000   0.344017     4.0208 7.1941e-02      0.591     8.8629  1002.6466     3.0823     41.809          6 0.0000e+00
     42.000   0.343974     3.9923 7.1823e-02      0.582     8.8717  1002.6536     3.0845     42.828          8 0.0000e+00
     43.000   0.343846     3.9676 7.1827e-02      0.541     8.8581  1002.6596     3.0856     43.848          6 0.0000e+00
     44.000   0.343874     3.9574 7.1938e-02      0.603     8.8652  1002.6656     3.0867     44.867          7 0.0000e+00
     45.000   0.343818     3.9298 7.1853e-02      0.580     8.9235  1002.6724     3.0887     45.887          7 0.0000e+00
     46.000   0.343613     3.8859 7.1603e-02      0.599     8.9275  1002.6795     3.0909     46.907          7 0.0000e+00
     47.000   0.343462     3.8516 7.1609e-02      0.585     8.9159  1002.6862     3.0926     47.927          7 0.0000e+00
     48.000   0.343410     3.8312 7.1609e-02      0.580     8.8982  1002.6924     3.0940     48.946          7 0.0000e+00
     49.000   0.343189     3.7915 7.1524e-02      0.570     8.9525  1002.6989     3.0956     49.966          7 0.0000e+00
     50.000   0.342795     3.7328 7.1548e-02      0.594     8.9595  1002.7058     3.0973     50.986          6 0.0000e+00
     51.000   0.342176     3.6476 7.1625e-02      0.574     8.9870  1002.7130     3.0994     52.006          7 0.0000e+00
     52.000   0.341486     3.5565 7.1504e-02      0.586     8.9989  1002.7200     3.1014     53.025          7 0.0000e+00
     53.000   0.340637     3.4280 7.1460e-02      0.583     9.0241  1002.7288     3.1054     54.045          7 0.0000e+00
     54.000   0.339259     3.2414 7.1529e-02      0.584     9.0211  1002.7376     3.1099     55.065          7 0.0000e+00
     55.000   0.337837     3.0504 7.1440e-02      0.576     9.0305  1002.7460     3.1144     56.084          7 0.0000e+00
     56.000   0.337284     2.9166 7.1345e-02      0.590     8.9985  1002.7565     3.1219     57.104          7 0.0000e+00
     57.000   0.337260     2.8217 7.1264e-02      0.554     8.9473  1002.7681     3.1308     58.124          7 0.0000e+00
     58.000   0.337441     2.7624 7.1303e-02      0.538     8.9215  1002.7787     3.1384     59.144          7 0.0000e+00
     59.000   0.337433     2.7215 7.1360e-02      0.559     8.9818  1002.7865     3.1422     60.163          7 0.0000e+00
     60.000   0.337764     2.7107 7.1247e-02      0.586     9.0138  1002.7948     3.1465     61.183          7 0.0000e+00
     61.000   0.337922     2.6754 7.1115e-02      0.583     8.9803  1002.8035     3.1515     62.203          7 0.0000e+00
     62.000   0.337910     2.6206 7.1293e-02      0.553     8.9797  1002.8121     3.1567     63.222          8 0.0000e+00
     63.000   0.337779     2.5537 7.1271e-02      0.538     8.9659  1002.8207     3.1620     64.242          7 0.0000e+00
     64.000   0.337570     2.4181 7.1159e-02      0.565     8.9957  1002.8332     3.1733     65.262          7 0.0000e+00
     65.000   0.337396     2.2652 7.1016e-02      0.580     9.0084  1002.8470     3.1868     66.281          7 0.0000e+00
     66.000   0.337666     2.1345 7.0905e-02      0.584     9.0445  1002.8626     3.2026     67.301          7 0.0000e+00
     67.000   0.338070     2.0276 7.1127e-02      0.559     9.0615  1002.8777     3.2175     68.321          7 0.0000e+00
     68.000   0.338493     1.8884 7.1084e-02      0.557     8.9825  1002.8948     3.2360     69.341          7 0.0000e+00
     69.000   0.338815     1.7677 7.0881e-02      0.531     8.9692  1002.9098     3.2516     70.360          7 0.0000e+00
     70.000   0.339106     1.6801 7.0863e-02      0.598     8.8941  1002.9224     3.2636     71.380          7 0.0000e+00
     71.000   0.339215     1.5541 7.0801e-02      0.547     8.9356  1002.9357     3.2778     72.400          7 0.0000e+00
     72.000   0.339674     1.4149 7.0787e-02      0.560     8.8919  1002.9525     3.2971     73.420          8 0.0000e+00
     73.000   0.340248     1.3456 7.0770e-02      0.537     8.8636  1002.9661     3.3103     74.439          7 0.0000e+00
     74.000   0.341000     1.3131 7.0945e-02      0.524     8.8501  1002.9792     3.3215     75.459          8 0.0000e+00
     75.000   0.341629     1.2746 7.0701e-02      0.508     8.7915  1002.9916     3.3321     76.479          8 0.0000e+00
     76.000   0.342651     1.2095 7.0604e-02      0.546     8.7316  1003.0087     3.3496     77.498          7 0.0000e+00
     77.000   0.344008     1.1787 7.0568e-02      0.501     8.7647  1003.0267     3.3669     78.518          8 0.0000e+00
     78.000   0.345139     1.1666 7.0490e-02      0.549     8.6465  1003.0418     3.3799     79.538          8 0.0000e+00
     79.000   0.346063     1.1782 7.0450e-02      0.469     8.5881  1003.0539     3.3882     80.558          9 0.0000e+00
     80.000   0.347161     1.1684 7.0332e-02      0.392     8.5177  1003.0686     3.4007     81.577         10 0.0000e+00
     81.000   0.348031     1.1751 7.0294e-02      0.412     8.5349  1003.0805     3.4089     82.597         10 0.0000e+00
     82.000   0.348668     1.1600 7.0298e-02      0.408     8.3688  1003.0917     3.4171     83.617         10 0.0000e+00
     83.000   0.350392     1.1532 7.0201e-02      0.397     8.4037  1003.1115     3.4358     84.637         10 0.0000e+00
     84.000   0.352065     1.1329 7.0088e-02      0.381     8.4398  1003.1317     3.4554     85.656         10 0.0000e+00
     85.000   0.353348     1.1196 7.0088e-02      0.431     8.3514  1003.1482     3.4702     86.676          9 0.0000e+00
     86.000   0.354637     1.0941 7.0128e-02      0.408     8.2496  1003.1655     3.4865     87.695         10 0.0000e+00
     87.000   0.356864     1.0795 6.9868e-02      0.411     8.2520  1003.1901     3.5113     88.715         10 0.0000e+00
     88.000   0.358509     1.0599 7.0037e-02      0.413     8.3351  1003.2101     3.5307     89.735          9 0.0000e+00
     89.000   0.359781     1.0471 6.9701e-02      0.423     8.3259  1003.2265     3.5454     90.755         10 0.0000e+00
     90.000   0.360627     1.0399 6.9702e-02      0.433     8.3082  1003.2391     3.5550     91.774          9 0.0000e+00
     91.000   0.361943     1.0301 6.9663e-02      0.404     8.4040  1003.2557     3.5699     92.794          9 0.0000e+00
     92.000   0.363769     1.0202 6.9681e-02      0.468     8.2972  1003.2767     3.5901     93.814          9 0.0000e+00
     93.000   0.365224     1.0184 6.9426e-02      0.452     8.3736  1003.2941     3.6055     94.834          9 0.0000e+00
     94.000   0.366144     1.0107 6.9470e-02      0.433     8.1864  1003.3074     3.6160     95.854         10 0.0000e+00
     95.000   0.367075     1.0184 6.9524e-02      0.422     8.3330  1003.3197     3.6248     96.873          9 0.0000e+00
     96.000   0.368006     1.0166 6.9181e-02      0.461     8.4436  1003.3327     3.6347     97.893          8 0.0000e+00
     97.000   0.368813     1.0129 6.9266e-02      0.493     8.4479  1003.3447     3.6436     98.912          8 0.0000e+00
     98.000   0.369318     1.0070 6.9064e-02      0.505     8.3448  1003.3543     3.6495     99.932          8 0.0000e+00
     99.000   0.369634     1.0107 6.9267e-02      0.461     8.3940  1003.3617     3.6523    100.952          9 0.0000e+00
    100.000   0.369897     1.0114 6.9067e-02      0.469     8.3503  1003.3688     3.6549    101.972          9 0.0000e+00
    101.000   0.370087     1.0140 6.9046e-02      0.469     8.3893  1003.3752     3.6565    102.991          8 0.0000e+00
    102.000   0.370185     1.0085 6.8936e-02      0.482     8.3786  1003.3813     3.6581    104.011          8 0.0000e+00
    103.000   0.370262     1.0111 6.8721e-02      0.484     8.4012  1003.3867     3.6585    105.031          9 0.0000e+00
    104.000   0.370352     1.0038 6.8864e-02      0.465     8.3582  1003.3929     3.6603    106.050          8 0.0000e+00
    105.000   0.370553     1.0018 6.8780e-02      0.479     8.3663  1003.3997     3.6625    107.070          9 0.0000e+00
    106.000   0.370843     1.0024 6.8586e-02      0.447     8.4026  1003.4070     3.6655    108.090          8 0.0000e+00
    107.000   0.371156     1.0072 6.8564e-02      0.468     8.3396  1003.4143     3.6681    109.110          9 0.0000e+00
    108.000   0.371519     1.0070 6.8566e-02      0.447     8.4092  1003.4224     3.6719    110.129          9 0.0000e+00
    109.000   0.371698     0.9999 6.8407e-02      0.495     8.3942  1003.4293     3.6745    111.149          8 0.0000e+00
    110.000   0.371816     0.9971 6.8271e-02      0.469     8.4323  1003.4354     3.6760    112.169          9 0.0000e+00
    111.000   0.371983     0.9980 6.8203e-02      0.467     8.4017  1003.4417     3.6776    113.189          8 0.0000e+00
    112.000   0.372102     1.0013 6.8257e-02      0.468     8.4648  1003.4475     3.6784    114.208          9 0.0000e+00
    113.000   0.372141     1.0019 6.8162e-02      0.468     8.5131  1003.4527     3.6786    115.228          8 0.0000e+00
    114.000   0.372163     0.9998 6.7933e-02      0.523     8.3945  1003.4579     3.6790    116.248          8 0.0000e+00
    115.000   0.372175     0.9982 6.7954e-02      0.445     8.4485  1003.4631     3.6793    117.267          9 0.0000e+00
    116.000   0.372148     0.9985 6.7845e-02      0.456     8.5101  1003.4678     3.6789    118.287          9 0.0000e+00
    117.000   0.372169     0.9978 6.7808e-02      0.480     8.5336  1003.4729     3.6791    119.307          8 0.0000e+00
    118.000   0.372282     0.9972 6.7689e-02      0.498     8.4735  1003.4789     3.6803    120.327          8 0.0000e+00
    119.000   0.372451     0.9968 6.7598e-02      0.443     8.4707  1003.4853     3.6821    121.346          9 0.0000e+00
    120.000   0.372555     0.9950 6.7571e-02      0.424     8.3374  1003.4912     3.6833    122.366         11 0.0000e+00
    121.000   0.372547     0.9941 6.7464e-02      0.366     8.3267  1003.4961     3.6832    123.386         10 0.0000e+00
    122.000   0.372586     0.9948 6.7347e-02      0.356     8.2506  1003.5014     3.6835    124.405         12 0.0000e+00
    123.000   0.372642     0.9946 6.7095e-02      0.331     8.1293  1003.5068     3.6840    125.425         14 0.0000e+00
    124.000   0.372744     1.0018 6.6833e-02      0.056     7.8740  1003.5121     3.6842    126.445          6 0.0000e+00
