ctdpy/exports/archive_20200326_115716/received_data/a13_v04_19.cnv
* Sea-Bird SBE19plus Data File:
* FileName = C:\CTD\CTD 2019\k03v4\A13_K03v4_2019.hex
* Software Version 1.59
* Temperature SN =  4644
* Conductivity SN =  4644
* System UpLoad Time = Jan 22 2019 16:04:42
** A13_K03v4_2019
* ds
# nquan = 11
# nvalues = 108                         
# units = specified
# name 0 = prdM: Pressure, Strain Gauge [db]
# name 1 = c0S/m: Conductivity [S/m]
# name 2 = tv290C: Temperature [ITS-90, deg C]
# name 3 = par: PAR/Irradiance, Biospherical/Licor
# name 4 = dz/dtM: Descent Rate [m/s]
# name 5 = sbeox0ML/L: Oxygen, SBE 43 [ml/l]
# name 6 = density00: Density [density, kg/m^3]
# name 7 = sal00: Salinity, Practical [PSU]
# name 8 = depFM: Depth [fresh water, m], lat = 58
# name 9 = nbin: number of scans per bin
# name 10 = flag: flag
# span 0 =      1.000,    108.000       
# span 1 =   0.287369,   0.392737       
# span 2 =     0.3354,     3.3550       
# span 3 = 4.3617e-02, 3.7994e-01       
# span 4 =      0.175,      0.645       
# span 5 =   -34.7735,    50.3542       
# span 6 =  1002.2059,  1003.4092       
# span 7 =     2.8598,     3.6172       
# span 8 =      1.020,    110.129       
# span 9 =          6,         12       
# span 10 = 0.0000e+00, 0.0000e+00      
# interval = decibars: 1                
# start_time = Jan 22 2019 15:40:35 [Instrument's time stamp, header]
# bad_flag = -9.990e-29
*END*
      1.000   0.287801     0.3532 3.7994e-01      0.175    31.7225  1002.2059     2.8662      1.020          7 0.0000e+00
      2.000   0.287453     0.3379 1.7095e-01      0.303    26.5593  1002.2083     2.8639      2.039         12 0.0000e+00
      3.000   0.287373     0.3630 1.0193e-01      0.404    24.1178  1002.2120     2.8607      3.059         10 0.0000e+00
      4.000   0.287369     0.3714 8.1718e-02      0.442    24.1437  1002.2168     2.8598      4.079          8 0.0000e+00
      5.000   0.287425     0.3451 6.9746e-02      0.469   -34.7735  1002.2229     2.8628      5.099          9 0.0000e+00
      6.000   0.287371     0.3354 6.1579e-02      0.504    -6.0765  1002.2277     2.8630      6.118          7 0.0000e+00
      7.000   0.287536     0.3616 5.5809e-02      0.549    -2.5394  1002.2334     2.8623      7.138          7 0.0000e+00
      8.000   0.287545     0.3570 5.2853e-02      0.562    -2.7242  1002.2386     2.8627      8.158          7 0.0000e+00
      9.000   0.287647     0.3852 5.0772e-02      0.597    -2.7263  1002.2437     2.8611      9.177          7 0.0000e+00
     10.000   0.287845     0.3995 4.9199e-02      0.603    -2.7210  1002.2501     2.8618     10.197          6 0.0000e+00
     11.000   0.288035     0.4051 4.8120e-02      0.628    -2.7056  1002.2565     2.8632     11.217          7 0.0000e+00
     12.000   0.288273     0.4332 4.7221e-02      0.645    -2.6869  1002.2628     2.8630     12.237          6 0.0000e+00
     13.000   0.289833     0.5959 4.6624e-02      0.630    -2.6745  1002.2764     2.8642     13.256          7 0.0000e+00
     14.000   0.292587     0.8205 4.6171e-02      0.611    -2.6711  1002.2975     2.8719     14.276          6 0.0000e+00
     15.000   0.295276     0.9813 4.5744e-02      0.600    -2.6643  1002.3195     2.8848     15.296          7 0.0000e+00
     16.000   0.297695     1.0509 4.5504e-02      0.581    -2.6541  1002.3422     2.9033     16.315          7 0.0000e+00
     17.000   0.300030     1.1282 4.5283e-02      0.540    -2.6458  1002.3636     2.9201     17.335          8 0.0000e+00
     18.000   0.302430     1.2580 4.5113e-02      0.523    -2.6355  1002.3833     2.9326     18.355          7 0.0000e+00
     19.000   0.304397     1.3679 4.4995e-02      0.558    -2.6256  1002.3998     2.9423     19.375          7 0.0000e+00
     20.000   0.306234     1.4701 4.4856e-02      0.595    -2.6217  1002.4153     2.9514     20.394          6 0.0000e+00
     21.000   0.309205     1.5849 4.4748e-02      0.623    -2.6111  1002.4393     2.9709     21.414          7 0.0000e+00
     22.000   0.311279     1.6553 4.4680e-02      0.626    -2.6016  1002.4579     2.9852     22.434          6 0.0000e+00
     23.000   0.313155     1.7578 4.4619e-02      0.612    -2.6038  1002.4729     2.9944     23.453          7 0.0000e+00
     24.000   0.314993     1.8760 4.4552e-02      0.637    -2.6028  1002.4867     3.0018     24.473          6 0.0000e+00
     25.000   0.315566     1.8983 4.4511e-02      0.628    -2.6063  1002.4951     3.0054     25.493          7 0.0000e+00
     26.000   0.315667     1.8871 4.4423e-02      0.605    -2.6077  1002.5014     3.0074     26.513          6 0.0000e+00
     27.000   0.315662     1.8632 4.4410e-02      0.613    -2.6103  1002.5076     3.0096     27.532          6 0.0000e+00
     28.000   0.315669     1.8308 4.4340e-02      0.641    -2.6088  1002.5144     3.0127     28.552          7 0.0000e+00
     29.000   0.315833     1.8245 4.4321e-02      0.613    -2.6085  1002.5210     3.0149     29.572          7 0.0000e+00
     30.000   0.316071     1.8387 4.4178e-02      0.584    -2.6013  1002.5271     3.0159     30.591          7 0.0000e+00
     31.000   0.316428     1.8620 4.4224e-02      0.545    -2.5993  1002.5337     3.0172     31.611          7 0.0000e+00
     32.000   0.317225     1.9130 4.4151e-02      0.523    -2.5986  1002.5423     3.0203     32.631          8 0.0000e+00
     33.000   0.318273     1.9681 4.4090e-02      0.524    -2.5935  1002.5527     3.0255     33.651          7 0.0000e+00
     34.000   0.318886     1.9784 4.4085e-02      0.553    -2.5782  1002.5621     3.0307     34.670          7 0.0000e+00
     35.000   0.320010     2.0506 4.4034e-02      0.601    -2.5743  1002.5720     3.0350     35.690          7 0.0000e+00
     36.000   0.322017     2.1995 4.3984e-02      0.639    -2.5712  1002.5844     3.0408     36.710          6 0.0000e+00
     37.000   0.323307     2.2862 4.3941e-02      0.624    -2.5731  1002.5945     3.0454     37.729          6 0.0000e+00
     38.000   0.324035     2.3302 4.3917e-02      0.596    -2.5730  1002.6025     3.0483     38.749          7 0.0000e+00
     39.000   0.324373     2.3331 4.3875e-02      0.597    -2.5749  1002.6099     3.0514     39.769          7 0.0000e+00
     40.000   0.324455     2.3199 4.3769e-02      0.623    -2.5773  1002.6163     3.0534     40.789          6 0.0000e+00
     41.000   0.324293     2.2935 4.3803e-02      0.626    -2.5740  1002.6216     3.0543     41.809          7 0.0000e+00
     42.000   0.324224     2.2820 4.3771e-02      0.624    -2.5760  1002.6267     3.0546     42.828          6 0.0000e+00
     43.000   0.324498     2.2973 4.3751e-02      0.551    -2.5765  1002.6329     3.0558     43.848          8 0.0000e+00
     44.000   0.324760     2.3035 4.3727e-02      0.561    -2.5760  1002.6395     3.0578     44.868          7 0.0000e+00
     45.000   0.324826     2.2971 4.3677e-02      0.573    -2.5769  1002.6454     3.0590     45.887          6 0.0000e+00
     46.000   0.324979     2.3025 4.3678e-02      0.602    -2.5793  1002.6512     3.0599     46.907          7 0.0000e+00
     47.000   0.325022     2.2981 4.3646e-02      0.580    -2.5835  1002.6567     3.0607     47.927          7 0.0000e+00
     48.000   0.324820     2.2649 4.3653e-02      0.576    -2.5839  1002.6621     3.0619     48.946          7 0.0000e+00
     49.000   0.324532     2.2219 4.3645e-02      0.610    -2.5837  1002.6673     3.0631     49.966          7 0.0000e+00
     50.000   0.324567     2.2132 4.3635e-02      0.599    -2.5838  1002.6731     3.0642     50.986          6 0.0000e+00
     51.000   0.324785     2.2240 4.3624e-02      0.568    -2.5848  1002.6791     3.0653     52.005          8 0.0000e+00
     52.000   0.324882     2.2279 4.3633e-02      0.527    -2.5832  1002.6846     3.0658     53.025          8 0.0000e+00
     53.000   0.324975     2.2338 4.3618e-02      0.489    -2.5808  1002.6899     3.0661     54.045          8 0.0000e+00
     54.000   0.325242     2.2556 4.3618e-02      0.485    -2.5809  1002.6956     3.0666     55.065          8 0.0000e+00
     55.000   0.325480     2.2700 4.3623e-02      0.485    -2.5806  1002.7015     3.0675     56.084          8 0.0000e+00
     56.000   0.325651     2.2805 4.3617e-02      0.547    -2.5815  1002.7072     3.0682     57.104          7 0.0000e+00
     57.000   0.325773     2.2862 4.3617e-02      0.604    -2.5825  1002.7127     3.0688     58.124          6 0.0000e+00
     58.000   0.325794     2.2844 4.3617e-02      0.601    -2.5816  1002.7179     3.0691     59.144          7 0.0000e+00
     59.000   0.325819     2.2841 4.3617e-02      0.574    -2.5832  1002.7230     3.0694     60.163          7 0.0000e+00
     60.000   0.325878     2.2867 4.3617e-02      0.552    -2.5811  1002.7283     3.0696     61.183          7 0.0000e+00
     61.000   0.325941     2.2887 4.3617e-02      0.580    -2.5821  1002.7336     3.0700     62.203          7 0.0000e+00
     62.000   0.325994     2.2914 4.3617e-02      0.590    -2.5827  1002.7387     3.0702     63.222          7 0.0000e+00
     63.000   0.326056     2.2951 4.3617e-02      0.620    -2.5805  1002.7439     3.0704     64.242          6 0.0000e+00
     64.000   0.326167     2.3026 4.3617e-02      0.606    -2.5818  1002.7493     3.0707     65.262          7 0.0000e+00
     65.000   0.326370     2.3124 4.3617e-02      0.572    -2.5812  1002.7552     3.0718     66.281          7 0.0000e+00
     66.000   0.326548     2.3203 4.3617e-02      0.557    -2.5788  1002.7611     3.0727     67.301          7 0.0000e+00
     67.000   0.326728     2.3296 4.3617e-02      0.588    -2.5777  1002.7668     3.0735     68.321          7 0.0000e+00
     68.000   0.327144     2.3504 4.3617e-02      0.582    -2.5735  1002.7738     3.0756     69.341          7 0.0000e+00
     69.000   0.327834     2.3821 4.3617e-02      0.566    -2.5741  1002.7822     3.0794     70.360          7 0.0000e+00
     70.000   0.328838     2.4136 4.3617e-02      0.539    -2.5688  1002.7931     3.0863     71.380          7 0.0000e+00
     71.000   0.330235     2.4480 4.3617e-02      0.563    -2.5645  1002.8069     3.0968     72.400          7 0.0000e+00
     72.000   0.332031     2.4886 4.3617e-02      0.588    -2.5526  1002.8234     3.1107     73.420          7 0.0000e+00
     73.000   0.334331     2.5602 4.3617e-02      0.574    -2.5445  1002.8418     3.1265     74.439          7 0.0000e+00
     74.000   0.338870     2.6961 4.3617e-02      0.545    -2.5396  1002.8732     3.1580     75.459          8 0.0000e+00
     75.000   0.343282     2.7963 4.3617e-02      0.558    -2.5327  1002.9058     3.1916     76.479          7 0.0000e+00
     76.000   0.346454     2.8727 4.3617e-02      0.596    -2.5236  1002.9301     3.2153     77.498          6 0.0000e+00
     77.000   0.350258     2.9640 4.3617e-02      0.612    -2.5199  1002.9580     3.2435     78.518          7 0.0000e+00
     78.000   0.355583     3.0466 4.3617e-02      0.599    -2.5162  1002.9982     3.2874     79.538          7 0.0000e+00
     79.000   0.360117     3.1068 4.3617e-02      0.555    -2.5151  1003.0339     3.3257     80.557          7 0.0000e+00
     80.000   0.364475     3.1528 4.3617e-02      0.521    -2.5123  1003.0691     3.3637     81.577          8 0.0000e+00
     81.000   0.368322     3.1816 4.3617e-02      0.486    -2.5126  1003.1018     3.3984     82.597          9 0.0000e+00
     82.000   0.371482     3.2020 4.3617e-02      0.471    -2.5112  1003.1297     3.4271     83.617          8 0.0000e+00
     83.000   0.373706     3.2166 4.3617e-02      0.529    50.3542  1003.1508     3.4473     84.637          7 0.0000e+00
     84.000   0.375465     3.2327 4.3617e-02      0.587    31.0441  1003.1680     3.4628     85.656          7 0.0000e+00
     85.000   0.376977     3.2500 4.3718e-02      0.583    22.6532  1003.1832     3.4757     86.676          7 0.0000e+00
     86.000   0.379048     3.2706 4.3622e-02      0.567    22.1652  1003.2025     3.4937     87.696          7 0.0000e+00
     87.000   0.380584     3.2814 4.3617e-02      0.541    22.1531  1003.2184     3.5076     88.715          7 0.0000e+00
     88.000   0.382245     3.2973 4.3617e-02      0.540    22.1511  1003.2349     3.5221     89.735          7 0.0000e+00
     89.000   0.383987     3.3134 4.3617e-02      0.588    22.1421  1003.2520     3.5373     90.755          7 0.0000e+00
     90.000   0.385612     3.3222 4.3617e-02      0.598    22.1383  1003.2687     3.5522     91.774          7 0.0000e+00
     91.000   0.386986     3.3325 4.3617e-02      0.579    22.1369  1003.2834     3.5644     92.794          7 0.0000e+00
     92.000   0.388037     3.3428 4.3617e-02      0.552    22.1391  1003.2955     3.5736     93.814          7 0.0000e+00
     93.000   0.388927     3.3471 4.3617e-02      0.565    22.1388  1003.3070     3.5817     94.834          7 0.0000e+00
     94.000   0.389855     3.3482 4.3617e-02      0.564    22.1432  1003.3190     3.5906     95.853          7 0.0000e+00
     95.000   0.390351     3.3488 4.3617e-02      0.577    22.1442  1003.3277     3.5954     96.873          7 0.0000e+00
     96.000   0.390643     3.3487 4.3617e-02      0.575    22.1471  1003.3349     3.5982     97.893          7 0.0000e+00
     97.000   0.390792     3.3501 4.3617e-02      0.548    22.1471  1003.3408     3.5994     98.912          8 0.0000e+00
     98.000   0.390938     3.3508 4.3617e-02      0.535    22.1510  1003.3468     3.6007     99.932          7 0.0000e+00
     99.000   0.391108     3.3512 4.3617e-02      0.545    22.1529  1003.3529     3.6023    100.952          7 0.0000e+00
    100.000   0.391395     3.3520 4.3617e-02      0.539    22.1559  1003.3600     3.6049    101.972          8 0.0000e+00
    101.000   0.391726     3.3521 4.3617e-02      0.549    22.1576  1003.3674     3.6081    102.991          7 0.0000e+00
    102.000   0.391971     3.3524 4.3617e-02      0.540    22.1602  1003.3742     3.6104    104.011          7 0.0000e+00
    103.000   0.392160     3.3531 4.3617e-02      0.549    22.1613  1003.3805     3.6121    105.031          8 0.0000e+00
    104.000   0.392350     3.3543 4.3617e-02      0.541    22.1770  1003.3867     3.6138    106.050          7 0.0000e+00
    105.000   0.392472     3.3547 4.3617e-02      0.510    22.1704  1003.3925     3.6148    107.070          9 0.0000e+00
    106.000   0.392542     3.3550 4.3617e-02      0.415    22.1648  1003.3979     3.6154    108.090         10 0.0000e+00
    107.000   0.392646     3.3548 4.3617e-02      0.397    22.1721  1003.4036     3.6164    109.110         10 0.0000e+00
    108.000   0.392737     3.3546 4.3617e-02      0.424 -9.990e-29  1003.4092     3.6172    110.129          6 0.0000e+00
