ctdpy/exports/archive_20200326_115716/received_data/a13_v32_19.cnv
* Sea-Bird SBE19plus Data File:
* FileName = C:\CTD\CTD 2019\v32\A13_V32_19.hex
* Software Version 1.59
* Temperature SN =  4644
* Conductivity SN =  4644
* System UpLoad Time = Aug 05 2019 19:41:23
** A13_V32_19
* ds
# nquan = 11
# nvalues = 123                         
# units = specified
# name 0 = prdM: Pressure, Strain Gauge [db]
# name 1 = c0S/m: Conductivity [S/m]
# name 2 = tv290C: Temperature [ITS-90, deg C]
# name 3 = par: PAR/Irradiance, Biospherical/Licor
# name 4 = dz/dtM: Descent Rate [m/s]
# name 5 = sbeox0ML/L: Oxygen, SBE 43 [ml/l]
# name 6 = density00: Density [density, kg/m^3]
# name 7 = sal00: Salinity, Practical [PSU]
# name 8 = depFM: Depth [fresh water, m], lat = 58
# name 9 = nbin: number of scans per bin
# name 10 = flag: flag
# span 0 =      1.000,    123.000       
# span 1 =   0.336080,   0.426248       
# span 2 =     1.1579,    14.0664       
# span 3 = 4.3413e-02, 6.7492e+01       
# span 4 =      0.065,      0.621       
# span 5 =     6.9862,     8.7821       
# span 6 =  1001.5060,  1003.5225       
# span 7 =     2.8169,     3.6930       
# span 8 =      1.020,    125.426       
# span 9 =          4,         22       
# span 10 = 0.0000e+00, 0.0000e+00      
# interval = decibars: 1                
# start_time = Aug 05 2019 19:06:05 [Instrument's time stamp, header]
# bad_flag = -9.990e-29
*END*
      1.000   0.426020    14.0488 6.7492e+01      0.065     7.1314  1001.5060     2.9244      1.020         10 0.0000e+00
      2.000   0.426248    14.0664 3.8827e+01      0.440     7.1137  1001.5084     2.9247      2.039          8 0.0000e+00
      3.000   0.425663    14.0199 2.4003e+01      0.511     7.1089  1001.5192     2.9239      3.059          8 0.0000e+00
      4.000   0.425381    13.9944 1.4919e+01      0.581     7.0969  1001.5274     2.9237      4.079          7 0.0000e+00
      5.000   0.425181    13.9755 9.3178e+00      0.601     7.0838  1001.5348     2.9236      5.099          6 0.0000e+00
      6.000   0.425061    13.9640 6.0624e+00      0.609     7.0937  1001.5411     2.9236      6.118          7 0.0000e+00
      7.000   0.425311    13.9811 4.0346e+00      0.552     7.0721  1001.5437     2.9241      7.138          7 0.0000e+00
      8.000   0.425202    13.9698 2.5852e+00      0.593     7.0693  1001.5500     2.9241      8.158          8 0.0000e+00
      9.000   0.424979    13.9501 1.8429e+00      0.420     7.0613  1001.5574     2.9239      9.177          9 0.0000e+00
     10.000   0.424875    13.9378 1.2546e+00      0.446     7.0642  1001.5639     2.9240     10.197         10 0.0000e+00
     11.000   0.424776    13.9264 8.8716e-01      0.394     7.0609  1001.5703     2.9241     11.217          9 0.0000e+00
     12.000   0.424750    13.9208 6.2546e-01      0.437     7.0561  1001.5759     2.9243     12.237          9 0.0000e+00
     13.000   0.424636    13.9089 4.5179e-01      0.457     7.0463  1001.5823     2.9243     13.256          9 0.0000e+00
     14.000   0.424434    13.8905 3.3356e-01      0.464     7.0468  1001.5895     2.9242     14.276          9 0.0000e+00
     15.000   0.424388    13.8829 2.5551e-01      0.448     7.0536  1001.5955     2.9244     15.296          9 0.0000e+00
     16.000   0.424284    13.8706 2.0320e-01      0.427     7.0264  1001.6020     2.9245     16.315          9 0.0000e+00
     17.000   0.423441    13.8007 1.6661e-01      0.477     6.9981  1001.6160     2.9235     17.335          8 0.0000e+00
     18.000   0.419116    13.4717 1.4274e-01      0.478     6.9862  1001.6617     2.9164     18.355          9 0.0000e+00
     19.000   0.412667    13.0030 1.2672e-01      0.442     7.0519  1001.7207     2.9038     19.374          9 0.0000e+00
     20.000   0.407161    12.6000 1.1611e-01      0.428     7.1313  1001.7702     2.8930     20.394          9 0.0000e+00
     21.000   0.400920    12.1076 1.0923e-01      0.452     7.4742  1001.8290     2.8830     21.414          8 0.0000e+00
     22.000   0.376344    10.3838 1.0359e-01      0.496     7.2541  1001.9771     2.8226     22.434          9 0.0000e+00
     23.000   0.362395     9.0110 1.0027e-01      0.483     7.1030  1002.1071     2.8169     23.453          8 0.0000e+00
     24.000   0.359314     8.3614 9.7728e-02      0.433     7.5904  1002.1834     2.8427     24.473          9 0.0000e+00
     25.000   0.353169     7.5740 9.5886e-02      0.501     7.5136  1002.2516     2.8543     25.493          8 0.0000e+00
     26.000   0.348558     6.8686 9.4725e-02      0.463     7.6947  1002.3122     2.8724     26.513          8 0.0000e+00
     27.000   0.345731     6.3780 9.3765e-02      0.495     7.7043  1002.3543     2.8887     27.532          9 0.0000e+00
     28.000   0.341548     5.7952 9.2821e-02      0.510     8.1157  1002.3934     2.9007     28.552          7 0.0000e+00
     29.000   0.337915     5.2816 9.2076e-02      0.567     8.0466  1002.4251     2.9120     29.572          7 0.0000e+00
     30.000   0.337734     5.0276 9.2257e-02      0.539     8.4543  1002.4536     2.9325     30.591          8 0.0000e+00
     31.000   0.338854     4.9356 9.1374e-02      0.545     8.1289  1002.4755     2.9509     31.611          7 0.0000e+00
     32.000   0.339396     4.7263 9.0943e-02      0.511     8.4228  1002.5042     2.9745     32.631          8 0.0000e+00
     33.000   0.339216     4.5328 9.0920e-02      0.520     8.3887  1002.5257     2.9902     33.651          8 0.0000e+00
     34.000   0.338995     4.3046 9.0692e-02      0.519     8.5948  1002.5495     3.0088     34.670          7 0.0000e+00
     35.000   0.337530     4.0946 9.1298e-02      0.544     8.4612  1002.5618     3.0141     35.690          7 0.0000e+00
     36.000   0.337950     3.9369 9.1145e-02      0.579     8.3186  1002.5833     3.0326     36.710          8 0.0000e+00
     37.000   0.338322     3.9132 9.0233e-02      0.497     8.6452  1002.5930     3.0383     37.730          8 0.0000e+00
     38.000   0.339820     3.8676 9.0460e-02      0.514     8.5612  1002.6131     3.0568     38.749          8 0.0000e+00
     39.000   0.338789     3.6722 8.8555e-02      0.484     8.7821  1002.6263     3.0652     39.769          7 0.0000e+00
     40.000   0.336481     3.3917 9.0334e-02      0.621     8.6880  1002.6358     3.0694     40.789          7 0.0000e+00
     41.000   0.336080     3.2317 8.9925e-02      0.558     8.4830  1002.6501     3.0806     41.808          7 0.0000e+00
     42.000   0.339283     3.3251 9.0024e-02      0.384     8.3478  1002.6725     3.1028     42.828         14 0.0000e+00
     43.000   0.338883     3.2653 9.0474e-02      0.277     8.7631  1002.6790     3.1046     43.848         11 0.0000e+00
     44.000   0.338676     3.0990 9.0026e-02      0.377     8.4609  1002.6951     3.1186     44.868         12 0.0000e+00
     45.000   0.339767     3.1131 8.9963e-02      0.303     8.6923  1002.7074     3.1278     45.887         11 0.0000e+00
     46.000   0.337701     2.9761 8.9861e-02      0.429     8.6705  1002.7064     3.1208     46.907          9 0.0000e+00
     47.000   0.337120     2.8943 9.0202e-02      0.491     8.7725  1002.7127     3.1230     47.927          8 0.0000e+00
     48.000   0.337221     2.8008 8.9859e-02      0.572     8.7758  1002.7252     3.1330     48.946          7 0.0000e+00
     49.000   0.337188     2.7295 9.0241e-02      0.513     8.7795  1002.7349     3.1396     49.966          7 0.0000e+00
     50.000   0.337759     2.6654 8.9780e-02      0.557     8.6002  1002.7489     3.1515     50.986          9 0.0000e+00
     51.000   0.338306     2.6167 8.9830e-02      0.420     8.4875  1002.7616     3.1617     52.005         11 0.0000e+00
     52.000   0.339681     2.5986 8.9551e-02      0.262     8.4783  1002.7787     3.1771     53.025         15 0.0000e+00
     53.000   0.339601     2.4643 8.9424e-02      0.259     8.4897  1002.7923     3.1896     54.045         16 0.0000e+00
     54.000   0.339623     2.3519 8.9422e-02      0.240     8.5743  1002.8050     3.2011     55.065         17 0.0000e+00
     55.000   0.339639     2.2481 8.7059e-02      0.216     8.6584  1002.8170     3.2117     56.084         18 0.0000e+00
     56.000   0.339651     2.1827 8.5630e-02      0.211     8.5150  1002.8263     3.2184     57.104         20 0.0000e+00
     57.000   0.340550     2.2006 8.5524e-02      0.161     8.3980  1002.8373     3.2255     58.124         22 0.0000e+00
     58.000   0.340255     2.1676 8.5292e-02      0.221     8.6134  1002.8421     3.2259     59.144         18 0.0000e+00
     59.000   0.339538     2.0790 8.5123e-02      0.270     8.6291  1002.8469     3.2276     60.163         15 0.0000e+00
     60.000   0.338928     1.9290 8.4731e-02      0.269     8.5946  1002.8564     3.2367     61.183         15 0.0000e+00
     61.000   0.338615     1.7804 8.4663e-02      0.269     8.7306  1002.8679     3.2488     62.203         14 0.0000e+00
     62.000   0.338966     1.6398 8.7406e-02      0.337     8.7313  1002.8842     3.2669     63.222         11 0.0000e+00
     63.000   0.339370     1.5525 8.7380e-02      0.380     8.6043  1002.8976     3.2801     64.242         11 0.0000e+00
     64.000   0.339725     1.5211 8.8137e-02      0.360     8.6176  1002.9073     3.2870     65.262         11 0.0000e+00
     65.000   0.340617     1.4334 8.8030e-02      0.369     8.6481  1002.9247     3.3053     66.282         10 0.0000e+00
     66.000   0.341636     1.3943 8.7700e-02      0.391     8.5185  1002.9403     3.3199     67.301         11 0.0000e+00
     67.000   0.342680     1.3521 8.7710e-02      0.364     8.5102  1002.9564     3.3352     68.321         11 0.0000e+00
     68.000   0.344027     1.2890 8.7677e-02      0.363     8.5061  1002.9762     3.3558     69.341         11 0.0000e+00
     69.000   0.345326     1.2431 8.7697e-02      0.376     8.4692  1002.9946     3.3742     70.360         11 0.0000e+00
     70.000   0.346038     1.2164 8.7541e-02      0.360     8.3914  1003.0070     3.3844     71.380         11 0.0000e+00
     71.000   0.346862     1.1783 8.7260e-02      0.374     8.4011  1003.0210     3.3971     72.400         10 0.0000e+00
     72.000   0.348031     1.1579 8.7247e-02      0.385     8.3527  1003.0370     3.4114     73.420         11 0.0000e+00
     73.000   0.349338     1.1860 8.7178e-02      0.367     8.3544  1003.0513     3.4219     74.439         10 0.0000e+00
     74.000   0.351027     1.2567 8.7001e-02      0.381     8.4051  1003.0663     3.4316     75.459         11 0.0000e+00
     75.000   0.351867     1.2727 8.6808e-02      0.397     8.3603  1003.0773     3.4385     76.479         10 0.0000e+00
     76.000   0.352719     1.2615 8.6691e-02      0.386     8.2778  1003.0901     3.4485     77.498         11 0.0000e+00
     77.000   0.354593     1.3271 8.6574e-02      0.360     8.2471  1003.1068     3.4606     78.518         10 0.0000e+00
     78.000   0.356431     1.4066 8.6571e-02      0.407     8.1746  1003.1222     3.4708     79.537         10 0.0000e+00
     79.000   0.357825     1.4719 8.6454e-02      0.402     8.2142  1003.1346     3.4778     80.557         10 0.0000e+00
     80.000   0.360158     1.5841 8.6432e-02      0.401     8.2510  1003.1517     3.4893     81.577         10 0.0000e+00
     81.000   0.361339     1.6123 8.5936e-02      0.382     8.3398  1003.1646     3.4983     82.597         10 0.0000e+00
     82.000   0.361926     1.5979 8.6151e-02      0.429     8.3092  1003.1754     3.5059     83.617         10 0.0000e+00
     83.000   0.362507     1.6049 8.6048e-02      0.410     8.3666  1003.1846     3.5110     84.636          9 0.0000e+00
     84.000   0.363113     1.6214 8.5698e-02      0.407     8.3654  1003.1935     3.5153     85.656         10 0.0000e+00
     85.000   0.363494     1.6171 8.5712e-02      0.413     8.3684  1003.2019     3.5197     86.676         10 0.0000e+00
     86.000   0.363550     1.5992 8.5485e-02      0.388     8.4147  1003.2084     3.5222     87.695         10 0.0000e+00
     87.000   0.363767     1.5830 8.5382e-02      0.419     8.3542  1003.2163     3.5262     88.715         10 0.0000e+00
     88.000   0.364117     1.5713 8.5251e-02      0.375     8.3837  1003.2249     3.5310     89.735         10 0.0000e+00
     89.000   0.364551     1.5637 8.5131e-02      0.396     8.3175  1003.2339     3.5363     90.755         11 0.0000e+00
     90.000   0.365024     1.5343 8.3841e-02      0.394     8.3008  1003.2447     3.5444     91.775         10 0.0000e+00
     91.000   0.365487     1.5388 5.2625e-02      0.368     8.2657  1003.2532     3.5486     92.794         11 0.0000e+00
     92.000   0.366230     1.5804 4.3694e-02      0.387     8.2776  1003.2615     3.5515     93.814         10 0.0000e+00
     93.000   0.366587     1.5599 7.3168e-02      0.379     8.3361  1003.2708     3.5574     94.834         10 0.0000e+00
     94.000   0.366868     1.5121 8.4704e-02      0.394     8.2560  1003.2813     3.5657     95.853         11 0.0000e+00
     95.000   0.367323     1.4733 8.4336e-02      0.370     8.2993  1003.2926     3.5748     96.873         11 0.0000e+00
     96.000   0.367869     1.4538 8.4245e-02      0.363     8.2983  1003.3034     3.5826     97.893         10 0.0000e+00
     97.000   0.368602     1.4561 6.0241e-02      0.418     8.2463  1003.3143     3.5898     98.912         10 0.0000e+00
     98.000   0.369212     1.4601 6.7380e-02      0.394     8.2181  1003.3240     3.5956     99.932         10 0.0000e+00
     99.000   0.369582     1.4523 8.3672e-02      0.376     8.1356  1003.3326     3.6003    100.952         11 0.0000e+00
    100.000   0.370051     1.4367 8.3553e-02      0.398     8.1963  1003.3425     3.6069    101.972         10 0.0000e+00
    101.000   0.370477     1.4318 8.3478e-02      0.381     8.2059  1003.3513     3.6118    102.991         10 0.0000e+00
    102.000   0.370748     1.4298 8.2853e-02      0.415     8.0623  1003.3586     3.6148    104.011         10 0.0000e+00
    103.000   0.371274     1.4148 5.1484e-02      0.367     8.1072  1003.3690     3.6219    105.031         11 0.0000e+00
    104.000   0.371991     1.4148 8.3414e-02      0.378     8.1884  1003.3799     3.6293    106.050         10 0.0000e+00
    105.000   0.372414     1.4145 8.2745e-02      0.420     8.1497  1003.3884     3.6336    107.070         10 0.0000e+00
    106.000   0.372790     1.3990 8.2509e-02      0.382     8.1679  1003.3975     3.6392    108.090         11 0.0000e+00
    107.000   0.373248     1.3830 8.2352e-02      0.372     8.1999  1003.4073     3.6458    109.110         10 0.0000e+00
    108.000   0.373698     1.3713 7.7577e-02      0.425     8.2649  1003.4168     3.6517    110.129          9 0.0000e+00
    109.000   0.373929     1.3620 5.0169e-02      0.406     8.1915  1003.4243     3.6552    111.149         11 0.0000e+00
    110.000   0.374168     1.3469 8.2107e-02      0.334     8.1110  1003.4323     3.6593    112.169         12 0.0000e+00
    111.000   0.374596     1.3299 8.1694e-02      0.306     8.2181  1003.4420     3.6657    113.188         13 0.0000e+00
    112.000   0.374739     1.3242 8.1577e-02      0.397     8.2101  1003.4485     3.6678    114.208          9 0.0000e+00
    113.000   0.374860     1.3195 8.1364e-02      0.404     8.1076  1003.4547     3.6695    115.228         11 0.0000e+00
    114.000   0.375049     1.3149 8.1344e-02      0.373     8.0934  1003.4616     3.6720    116.248         10 0.0000e+00
    115.000   0.375412     1.3064 8.1084e-02      0.396     8.1064  1003.4701     3.6767    117.267         10 0.0000e+00
    116.000   0.375757     1.3016 7.6941e-02      0.413     8.0306  1003.4783     3.6808    118.287         10 0.0000e+00
    117.000   0.376037     1.2976 4.3413e-02      0.395     8.0077  1003.4858     3.6841    119.307         10 0.0000e+00
    118.000   0.376229     1.2920 7.6773e-02      0.369     8.0589  1003.4928     3.6867    120.326         11 0.0000e+00
    119.000   0.376362     1.2865 4.8176e-02      0.396     8.0747  1003.4992     3.6887    121.346         11 0.0000e+00
    120.000   0.376550     1.2848 4.3625e-02      0.203     7.9929  1003.5058     3.6907    122.366         16 0.0000e+00
    121.000   0.376603     1.2779 4.5213e-02      0.374     8.0921  1003.5117     3.6921    123.386         10 0.0000e+00
    122.000   0.376626     1.2754 4.3988e-02      0.427     7.9198  1003.5170     3.6925    124.405         11 0.0000e+00
    123.000   0.376729     1.2798 4.3938e-02      0.313     7.4573  1003.5225     3.6930    125.426          4 0.0000e+00
