ctdpy/exports/archive_20200326_115716/received_data/a13_v20_19.cnv
* Sea-Bird SBE19plus Data File:
* FileName = C:\CTD\CTD 2019\v20\A13_v20_19.hex
* Software Version 1.59
* Temperature SN =  4644
* Conductivity SN =  4644
* System UpLoad Time = May 13 2019 19:51:12
** A13_k14_v20_19
* ds
# nquan = 11
# nvalues = 120                         
# units = specified
# name 0 = prdM: Pressure, Strain Gauge [db]
# name 1 = c0S/m: Conductivity [S/m]
# name 2 = tv290C: Temperature [ITS-90, deg C]
# name 3 = par: PAR/Irradiance, Biospherical/Licor
# name 4 = dz/dtM: Descent Rate [m/s]
# name 5 = sbeox0ML/L: Oxygen, SBE 43 [ml/l]
# name 6 = density00: Density [density, kg/m^3]
# name 7 = sal00: Salinity, Practical [PSU]
# name 8 = depFM: Depth [fresh water, m], lat = 58
# name 9 = nbin: number of scans per bin
# name 10 = flag: flag
# span 0 =      1.000,    120.000       
# span 1 =   0.316351,   0.365252       
# span 2 =     0.1267,     1.6682       
# span 3 = 8.2028e-02, 7.7450e+01       
# span 4 =     -0.020,      0.792       
# span 5 =     8.3071,     9.6114       
# span 6 =  1002.4077,  1003.4279       
# span 7 =     3.0483,     3.6038       
# span 8 =      1.020,    122.366       
# span 9 =          5,         19       
# span 10 = 0.0000e+00, 0.0000e+00      
# interval = decibars: 1                
# start_time = May 13 2019 19:21:16 [Instrument's time stamp, header]
# bad_flag = -9.990e-29
*END*
      1.000   0.317944     1.6682 7.7450e+01     -0.020     9.5940  1002.4080     3.0532      1.020          8 0.0000e+00
      2.000   0.316986     1.6171 4.1265e+01      0.523     9.5554  1002.4077     3.0483      2.040          8 0.0000e+00
      3.000   0.317334     1.6142 2.5046e+01      0.370     9.2609  1002.4157     3.0521      3.059         13 0.0000e+00
      4.000   0.317090     1.5985 1.6613e+01      0.357     9.2096  1002.4194     3.0511      4.079         11 0.0000e+00
      5.000   0.317043     1.6005 1.0847e+01      0.375     9.3222  1002.4238     3.0503      5.099         11 0.0000e+00
      6.000   0.317037     1.5998 7.3971e+00      0.336     9.3659  1002.4288     3.0503      6.118         11 0.0000e+00
      7.000   0.316980     1.5997 5.0185e+00      0.392     9.4222  1002.4333     3.0496      7.138         10 0.0000e+00
      8.000   0.316983     1.5965 3.4746e+00      0.419     9.2635  1002.4384     3.0499      8.158         10 0.0000e+00
      9.000   0.317023     1.5972 2.5754e+00      0.382     9.4522  1002.4437     3.0502      9.177         10 0.0000e+00
     10.000   0.316905     1.5827 1.8426e+00      0.402     9.3836  1002.4484     3.0503     10.197         10 0.0000e+00
     11.000   0.316827     1.5700 1.3168e+00      0.402     9.3628  1002.4533     3.0507     11.216         10 0.0000e+00
     12.000   0.316741     1.5534 9.4845e-01      0.404     9.2435  1002.4584     3.0514     12.236         10 0.0000e+00
     13.000   0.316747     1.5491 7.0942e-01      0.387     9.2992  1002.4636     3.0518     13.257         10 0.0000e+00
     14.000   0.316783     1.5538 5.3148e-01      0.414     9.2442  1002.4686     3.0516     14.276         10 0.0000e+00
     15.000   0.316766     1.5481 4.0727e-01      0.371     9.1714  1002.4737     3.0520     15.296         11 0.0000e+00
     16.000   0.316772     1.5468 3.1892e-01      0.343     9.2372  1002.4788     3.0521     16.315         12 0.0000e+00
     17.000   0.316736     1.5431 2.4999e-01      0.379     9.2527  1002.4836     3.0520     17.335         10 0.0000e+00
     18.000   0.316674     1.5344 2.0380e-01      0.379     9.3081  1002.4885     3.0522     18.355         10 0.0000e+00
     19.000   0.316683     1.5314 1.6898e-01      0.405     9.1748  1002.4937     3.0525     19.375         11 0.0000e+00
     20.000   0.316723     1.5342 1.4513e-01      0.386     9.2062  1002.4988     3.0526     20.394         10 0.0000e+00
     21.000   0.316844     1.5376 1.2905e-01      0.231     8.9789  1002.5046     3.0534     21.414         19 0.0000e+00
     22.000   0.316769     1.5411 1.1697e-01      0.346     9.3551  1002.5087     3.0523     22.434         10 0.0000e+00
     23.000   0.316705     1.5357 1.0846e-01      0.446     9.4134  1002.5134     3.0521     23.453          9 0.0000e+00
     24.000   0.316678     1.5339 1.0197e-01      0.486     9.4555  1002.5182     3.0519     24.473          7 0.0000e+00
     25.000   0.316671     1.5321 9.7246e-02      0.547     9.5029  1002.5232     3.0519     25.493          7 0.0000e+00
     26.000   0.316709     1.5343 9.4002e-02      0.602     9.5346  1002.5284     3.0521     26.513          7 0.0000e+00
     27.000   0.316768     1.5393 9.1291e-02      0.645     9.5099  1002.5336     3.0521     27.532          6 0.0000e+00
     28.000   0.316803     1.5423 9.0558e-02      0.629     9.5342  1002.5386     3.0521     28.552          6 0.0000e+00
     29.000   0.316816     1.5439 8.7938e-02      0.630     9.5249  1002.5436     3.0520     29.572          6 0.0000e+00
     30.000   0.316824     1.5440 8.6863e-02      0.653     9.5511  1002.5487     3.0520     30.591          7 0.0000e+00
     31.000   0.316802     1.5409 8.6022e-02      0.626     9.5674  1002.5536     3.0520     31.611          5 0.0000e+00
     32.000   0.316759     1.5348 8.5303e-02      0.722     9.5380  1002.5585     3.0521     32.631          6 0.0000e+00
     33.000   0.316741     1.5327 8.4848e-02      0.757     9.5374  1002.5634     3.0521     33.651          5 0.0000e+00
     34.000   0.316707     1.5264 8.4415e-02      0.707     9.5417  1002.5683     3.0523     34.670          6 0.0000e+00
     35.000   0.316639     1.5167 8.4320e-02      0.754     9.5234  1002.5733     3.0525     35.690          5 0.0000e+00
     36.000   0.316620     1.5115 8.4013e-02      0.754     9.5399  1002.5783     3.0528     36.710          6 0.0000e+00
     37.000   0.316620     1.5103 8.3745e-02      0.708     9.5773  1002.5833     3.0528     37.729          5 0.0000e+00
     38.000   0.316620     1.5089 8.3590e-02      0.733     9.5767  1002.5883     3.0529     38.749          5 0.0000e+00
     39.000   0.316617     1.5072 8.3126e-02      0.792     9.5595  1002.5933     3.0529     39.769          5 0.0000e+00
     40.000   0.316625     1.5065 8.3165e-02      0.755     9.5642  1002.5984     3.0530     40.789          6 0.0000e+00
     41.000   0.316612     1.5030 8.3176e-02      0.741     9.5509  1002.6034     3.0532     41.808          5 0.0000e+00
     42.000   0.316630     1.5041 8.2904e-02      0.762     9.5371  1002.6084     3.0532     42.828          6 0.0000e+00
     43.000   0.316650     1.5044 8.2733e-02      0.721     9.5504  1002.6135     3.0533     43.848          5 0.0000e+00
     44.000   0.316621     1.4998 8.2742e-02      0.717     9.5425  1002.6185     3.0534     44.868          6 0.0000e+00
     45.000   0.316578     1.4928 8.2801e-02      0.758     9.5409  1002.6234     3.0536     45.887          5 0.0000e+00
     46.000   0.316529     1.4848 8.2585e-02      0.731     9.5644  1002.6284     3.0538     46.907          5 0.0000e+00
     47.000   0.316520     1.4818 8.2621e-02      0.722     9.5497  1002.6334     3.0540     47.927          6 0.0000e+00
     48.000   0.316512     1.4787 8.2544e-02      0.759     9.5179  1002.6384     3.0541     48.946          5 0.0000e+00
     49.000   0.316522     1.4779 8.2214e-02      0.727     9.5331  1002.6435     3.0542     49.966          6 0.0000e+00
     50.000   0.316540     1.4761 8.2468e-02      0.670     9.5476  1002.6487     3.0545     50.986          6 0.0000e+00
     51.000   0.316512     1.4661 8.2209e-02      0.698     9.5294  1002.6539     3.0551     52.005          6 0.0000e+00
     52.000   0.316428     1.4495 8.2213e-02      0.706     9.5390  1002.6590     3.0559     53.025          5 0.0000e+00
     53.000   0.316394     1.4404 8.2096e-02      0.696     9.5539  1002.6641     3.0564     54.045          6 0.0000e+00
     54.000   0.316434     1.4392 8.2028e-02      0.727     9.5375  1002.6694     3.0568     55.065          5 0.0000e+00
     55.000   0.316444     1.4310 8.2137e-02      0.709     9.5416  1002.6749     3.0576     56.085          6 0.0000e+00
     56.000   0.316360     1.4119 8.5042e-02      0.699     9.5387  1002.6801     3.0586     57.104          6 0.0000e+00
     57.000   0.316351     1.3998 9.9635e-02      0.702     9.5616  1002.6856     3.0596     58.124          6 0.0000e+00
     58.000   0.316378     1.3901 1.2871e-01      0.703     9.5718  1002.6912     3.0608     59.144          5 0.0000e+00
     59.000   0.316396     1.3601 1.6135e-01      0.721     9.5632  1002.6978     3.0639     60.163          6 0.0000e+00
     60.000   0.316369     1.2893 1.7249e-01      0.719     9.5458  1002.7059     3.0705     61.183          5 0.0000e+00
     61.000   0.316425     1.2259 1.8459e-01      0.721     9.5352  1002.7144     3.0772     62.203          6 0.0000e+00
     62.000   0.316511     1.1895 3.6236e-01      0.706     9.5184  1002.7218     3.0817     63.222          6 0.0000e+00
     63.000   0.316597     1.1472 4.2898e-01      0.691     9.5615  1002.7295     3.0867     64.242          5 0.0000e+00
     64.000   0.316686     1.0883 3.8059e-01      0.684     9.6114  1002.7379     3.0934     65.262          6 0.0000e+00
     65.000   0.316953     0.9569 3.5101e-01      0.722     9.5657  1002.7510     3.1093     66.281          6 0.0000e+00
     66.000   0.317774     0.7106 3.6051e-01      0.729     9.5203  1002.7735     3.1428     67.301          5 0.0000e+00
     67.000   0.319423     0.4215 3.4425e-01      0.711     9.4736  1002.8042     3.1899     68.321          6 0.0000e+00
     68.000   0.320923     0.2501 3.1240e-01      0.715     9.4185  1002.8286     3.2238     69.341          6 0.0000e+00
     69.000   0.321950     0.1659 2.7831e-01      0.689     9.4035  1002.8456     3.2436     70.360          5 0.0000e+00
     70.000   0.322732     0.1267 2.6120e-01      0.675     9.3528  1002.8588     3.2560     71.380          6 0.0000e+00
     71.000   0.323672     0.1366 7.1846e-01      0.675     9.3169  1002.8716     3.2650     72.400          6 0.0000e+00
     72.000   0.324429     0.1631 3.8427e+00      0.647     9.3114  1002.8822     3.2702     73.419          7 0.0000e+00
     73.000   0.324940     0.1807 1.1021e+01      0.656     9.2963  1002.8909     3.2737     74.439          6 0.0000e+00
     74.000   0.325464     0.1942 1.1165e+01      0.675     9.2231  1002.8999     3.2778     75.459          6 0.0000e+00
     75.000   0.326481     0.2030 1.2450e+01      0.653     9.1729  1002.9134     3.2876     76.479          6 0.0000e+00
     76.000   0.328226     0.2863 1.2055e+01      0.637     9.1042  1002.9302     3.2972     77.498          6 0.0000e+00
     77.000   0.330360     0.4420 1.0897e+01      0.648     9.0211  1002.9471     3.3031     78.518          6 0.0000e+00
     78.000   0.332937     0.6078 9.2043e+00      0.610     8.9917  1002.9668     3.3125     79.538          7 0.0000e+00
     79.000   0.337370     0.8190 8.0823e+00      0.611     8.8753  1002.9995     3.3363     80.558          6 0.0000e+00
     80.000   0.340530     0.9392 7.7918e+00      0.624     8.7926  1003.0252     3.3564     81.578          7 0.0000e+00
     81.000   0.342430     0.9903 6.9510e+00      0.585     8.8064  1003.0435     3.3707     82.597          6 0.0000e+00
     82.000   0.343601     0.9724 6.3159e+00      0.651     8.7006  1003.0593     3.3848     83.616          7 0.0000e+00
     83.000   0.344346     0.8761 5.8105e+00      0.594     8.7086  1003.0757     3.4031     84.636          6 0.0000e+00
     84.000   0.344719     0.8050 5.4877e+00      0.630     8.6547  1003.0875     3.4148     85.656          7 0.0000e+00
     85.000   0.345023     0.7809 5.0387e+00      0.653     8.6498  1003.0963     3.4206     86.676          6 0.0000e+00
     86.000   0.345765     0.7807 4.8884e+00      0.629     8.6379  1003.1076     3.4284     87.696          6 0.0000e+00
     87.000   0.346712     0.7932 4.8047e+00      0.657     8.6108  1003.1200     3.4369     88.715          6 0.0000e+00
     88.000   0.348137     0.8728 4.6198e+00      0.641     8.6006  1003.1328     3.4430     89.735          6 0.0000e+00
     89.000   0.349841     0.9862 4.4701e+00      0.666     8.5326  1003.1460     3.4481     90.755          6 0.0000e+00
     90.000   0.351079     1.0738 4.5207e+00      0.651     8.5282  1003.1565     3.4513     91.774          7 0.0000e+00
     91.000   0.353326     1.1444 4.3347e+00      0.649     8.4807  1003.1762     3.4668     92.794          6 0.0000e+00
     92.000   0.355709     1.1720 4.1190e+00      0.683     8.4307  1003.1996     3.4885     93.814          6 0.0000e+00
     93.000   0.356686     1.1746 3.9463e+00      0.641     8.4079  1003.2126     3.4983     94.834          6 0.0000e+00
     94.000   0.357408     1.1643 3.8515e+00      0.650     8.3845  1003.2243     3.5069     95.853          6 0.0000e+00
     95.000   0.358129     1.1616 3.7507e+00      0.693     8.3737  1003.2354     3.5147     96.873          6 0.0000e+00
     96.000   0.358610     1.1661 3.5257e+00      0.652     8.3623  1003.2441     3.5191     97.893          6 0.0000e+00
     97.000   0.358833     1.1702 3.3433e+00      0.674     8.3463  1003.2507     3.5209     98.912          6 0.0000e+00
     98.000   0.358948     1.1722 3.1735e+00      0.685     8.3445  1003.2565     3.5218     99.932          5 0.0000e+00
     99.000   0.359100     1.1747 2.9751e+00      0.670     8.3725  1003.2626     3.5230    100.952          6 0.0000e+00
    100.000   0.359216     1.1752 2.8304e+00      0.693     8.3879  1003.2685     3.5241    101.972          6 0.0000e+00
    101.000   0.359359     1.1754 2.7181e+00      0.681     8.3886  1003.2746     3.5255    102.991          6 0.0000e+00
    102.000   0.359489     1.1756 2.5728e+00      0.637     8.4029  1003.2806     3.5268    104.011          6 0.0000e+00
    103.000   0.359540     1.1758 2.4000e+00      0.655     8.4380  1003.2860     3.5272    105.031          7 0.0000e+00
    104.000   0.359617     1.1749 2.2379e+00      0.658     8.4723  1003.2916     3.5281    106.051          6 0.0000e+00
    105.000   0.359675     1.1749 2.1112e+00      0.664     8.4789  1003.2970     3.5286    107.070          6 0.0000e+00
    106.000   0.359665     1.1753 2.0375e+00      0.667     8.4769  1003.3019     3.5284    108.090          6 0.0000e+00
    107.000   0.359712     1.1743 1.9504e+00      0.683     8.4800  1003.3073     3.5289    109.110          5 0.0000e+00
    108.000   0.359860     1.1711 1.8808e+00      0.681     8.4744  1003.3137     3.5307    110.129          6 0.0000e+00
    109.000   0.360033     1.1682 1.8210e+00      0.679     8.4879  1003.3202     3.5328    111.149          6 0.0000e+00
    110.000   0.360156     1.1646 1.7985e+00      0.672     8.4807  1003.3264     3.5344    112.169          6 0.0000e+00
    111.000   0.360435     1.1596 1.7401e+00      0.697     8.4600  1003.3340     3.5378    113.188          6 0.0000e+00
    112.000   0.360929     1.1468 1.7735e+00      0.677     8.4660  1003.3439     3.5444    114.208          6 0.0000e+00
    113.000   0.361645     1.1291 1.7425e+00      0.684     8.4678  1003.3560     3.5538    115.228          6 0.0000e+00
    114.000   0.362000     1.1206 1.7132e+00      0.684     8.4904  1003.3644     3.5584    116.248          6 0.0000e+00
    115.000   0.362196     1.1141 1.7089e+00      0.664     8.4873  1003.3714     3.5611    117.267          5 0.0000e+00
    116.000   0.362623     1.0969 1.6655e+00      0.693     8.4762  1003.3810     3.5675    118.287          6 0.0000e+00
    117.000   0.363419     1.0701 1.6810e+00      0.674     8.5068  1003.3943     3.5788    119.307          6 0.0000e+00
    118.000   0.364348     1.0401 1.6451e+00      0.678     8.5523  1003.4090     3.5920    120.327          6 0.0000e+00
    119.000   0.365177     1.0193 1.6676e+00      0.683     8.5342  1003.4222     3.6030    121.346          6 0.0000e+00
    120.000   0.365252     1.0182 1.7243e+00      0.635     8.3071  1003.4279     3.6038    122.366          9 0.0000e+00
