ctdpy/exports/archive_20200326_115716/received_data/a13_v46_19.cnv
* Sea-Bird SBE19plus Data File:
* FileName = C:\CTD\CTD 2019\k25\A13_v46_19.hex
* Software Version 1.59
* Temperature SN =  4644
* Conductivity SN =  4644
* System UpLoad Time = Nov 13 2019 07:26:28
** A13_v46_19
* ds
# nquan = 11
# nvalues = 120                         
# units = specified
# name 0 = prdM: Pressure, Strain Gauge [db]
# name 1 = c0S/m: Conductivity [S/m]
# name 2 = tv290C: Temperature [ITS-90, deg C]
# name 3 = par: PAR/Irradiance, Biospherical/Licor
# name 4 = dz/dtM: Descent Rate [m/s]
# name 5 = sbeox0ML/L: Oxygen, SBE 43 [ml/l]
# name 6 = density00: Density [density, kg/m^3]
# name 7 = sal00: Salinity, Practical [PSU]
# name 8 = depFM: Depth [fresh water, m], lat = 58
# name 9 = nbin: number of scans per bin
# name 10 = flag: flag
# span 0 =      1.000,    120.000       
# span 1 =   0.342244,   0.433355       
# span 2 =     3.5382,     5.3141       
# span 3 = 6.2034e-02, 1.0104e+00       
# span 4 =     -0.184,      1.115       
# span 5 =     6.7384,     8.2671       
# span 6 =  1002.4202,  1003.5588       
# span 7 =     3.0492,     3.7849       
# span 8 =      1.020,    122.366       
# span 9 =          4,         16       
# span 10 = 0.0000e+00, 0.0000e+00      
# interval = decibars: 1                
# start_time = Nov 13 2019 08:07:01 [Instrument's time stamp, header]
# bad_flag = -9.990e-29
*END*
      1.000   0.342754     4.2718 1.4334e-01     -0.175     7.8935  1002.4202     3.0492      1.020          5 0.0000e+00
      2.000   0.342462     4.1990 1.0104e+00      0.258     7.9794  1002.4292     3.0531      2.039         15 0.0000e+00
      3.000   0.342375     4.1982 5.5538e-01      0.386     7.8462  1002.4335     3.0523      3.059         14 0.0000e+00
      4.000   0.342259     4.1909 2.7494e-01      0.308     8.1431  1002.4382     3.0518      4.079         10 0.0000e+00
      5.000   0.342244     4.1878 1.3198e-01      0.459     8.1176  1002.4432     3.0519      5.098          7 0.0000e+00
      6.000   0.342298     4.1880 1.1849e-01      0.462     7.8864  1002.4484     3.0523      6.118         13 0.0000e+00
      7.000   0.342282     4.1869 8.4879e-02      0.111     8.2671  1002.4533     3.0522      7.138          7 0.0000e+00
      8.000   0.342248     4.1820 7.9241e-02      0.785     7.8274  1002.4583     3.0523      8.158          8 0.0000e+00
      9.000   0.342293     4.1823 7.8926e-02      0.256     7.9984  1002.4635     3.0527      9.178         12 0.0000e+00
     10.000   0.342265     4.1836 7.4532e-02      0.474     8.1880  1002.4681     3.0522     10.197          6 0.0000e+00
     11.000   0.342269     4.1813 7.3331e-02      0.797     7.7938  1002.4732     3.0524     11.217          8 0.0000e+00
     12.000   0.342324     4.1855 7.1441e-02     -0.060     8.1583  1002.4781     3.0525     12.237         11 0.0000e+00
     13.000   0.342301     4.1815 7.0889e-02      0.759     8.0322  1002.4831     3.0526     13.256          6 0.0000e+00
     14.000   0.342339     4.1812 7.0826e-02      0.604     7.8387  1002.4883     3.0529     14.276         10 0.0000e+00
     15.000   0.342367     4.1844 7.0761e-02      0.217     8.0870  1002.4931     3.0528     15.295          8 0.0000e+00
     16.000   0.342401     4.1832 7.0370e-02      0.688     7.9887  1002.4984     3.0532     16.316          7 0.0000e+00
     17.000   0.342443     4.1829 7.0220e-02      0.541     7.8277  1002.5036     3.0536     17.335          9 0.0000e+00
     18.000   0.342484     4.1839 7.0045e-02      0.303     7.9944  1002.5086     3.0538     18.355          9 0.0000e+00
     19.000   0.342413     4.1826 6.9791e-02      0.590     8.0546  1002.5131     3.0532     19.375          6 0.0000e+00
     20.000   0.342432     4.1823 6.9926e-02      0.589     7.9029  1002.5181     3.0533     20.394         10 0.0000e+00
     21.000   0.342402     4.1836 6.9896e-02      0.227     8.1544  1002.5227     3.0529     21.414          7 0.0000e+00
     22.000   0.342358     4.1811 6.9753e-02      0.772     7.8418  1002.5274     3.0526     22.434          8 0.0000e+00
     23.000   0.342406     4.1826 6.9633e-02      0.149     8.0692  1002.5325     3.0529     23.454         11 0.0000e+00
     24.000   0.342543     4.1850 6.9470e-02      0.614     7.9457  1002.5382     3.0539     24.473          6 0.0000e+00
     25.000   0.342621     4.1854 6.9634e-02      0.781     7.6296  1002.5436     3.0546     25.493          7 0.0000e+00
     26.000   0.342674     4.1866 6.9563e-02      0.344     7.5869  1002.5488     3.0549     26.513         12 0.0000e+00
     27.000   0.342911     4.1938 6.9546e-02      0.331     8.1101  1002.5548     3.0564     27.532          9 0.0000e+00
     28.000   0.343152     4.1985 6.9392e-02      0.652     7.8347  1002.5611     3.0582     28.552          6 0.0000e+00
     29.000   0.343108     4.1975 6.9416e-02      0.423     7.6505  1002.5657     3.0578     29.572         13 0.0000e+00
     30.000   0.343288     4.2013 6.9262e-02      0.281     8.1754  1002.5716     3.0591     30.591          9 0.0000e+00
     31.000   0.343454     4.2034 6.9182e-02      0.680     7.8930  1002.5775     3.0604     31.611          7 0.0000e+00
     32.000   0.343462     4.2050 6.9206e-02      0.326     7.7884  1002.5823     3.0603     32.631         12 0.0000e+00
     33.000   0.343567     4.2097 6.9140e-02      0.405     7.7560  1002.5875     3.0608     33.651         11 0.0000e+00
     34.000   0.343338     4.2025 6.9044e-02      0.362     7.7415  1002.5913     3.0592     34.670         12 0.0000e+00
     35.000   0.343330     4.2029 6.8978e-02      0.189     7.9019  1002.5961     3.0591     35.690         13 0.0000e+00
     36.000   0.343577     4.2208 6.8837e-02      0.315     7.7539  1002.6012     3.0597     36.710         16 0.0000e+00
     37.000   0.344800     4.2646 6.8707e-02      0.266     8.0550  1002.6114     3.0671     37.730         11 0.0000e+00
     38.000   0.345618     4.3037 6.8756e-02      0.448     8.0065  1002.6188     3.0711     38.749          9 0.0000e+00
     39.000   0.346995     4.3584 6.8576e-02      0.489     7.8796  1002.6291     3.0790     39.769          8 0.0000e+00
     40.000   0.347087     4.3702 6.8273e-02      0.339     7.8029  1002.6335     3.0787     40.789         13 0.0000e+00
     41.000   0.351639     4.4603 6.8687e-02      0.261     8.1115  1002.6641     3.1130     41.808          6 0.0000e+00
     42.000   0.354955     4.3952 6.8342e-02      1.038     7.7329  1002.7000     3.1504     42.828          6 0.0000e+00
     43.000   0.356042     4.3153 6.8573e-02      0.099     8.0538  1002.7205     3.1683     43.848         10 0.0000e+00
     44.000   0.357987     4.0205 6.8271e-02      0.696     7.9813  1002.7674     3.2153     44.867          5 0.0000e+00
     45.000   0.359607     3.7853 6.8251e-02      1.045     7.6626  1002.8058     3.2541     45.887          6 0.0000e+00
     46.000   0.361304     3.7468 6.8226e-02     -0.055     7.8840  1002.8272     3.2742     46.907          9 0.0000e+00
     47.000   0.363726     3.6277 6.7945e-02      0.826     7.7844  1002.8613     3.3096     47.927          5 0.0000e+00
     48.000   0.365319     3.6154 6.8032e-02      1.115     7.4563  1002.8796     3.3262     48.946          7 0.0000e+00
     49.000   0.368072     3.5809 6.8102e-02     -0.055     7.9202  1002.9088     3.3563     49.966          8 0.0000e+00
     50.000   0.371192     3.5382 6.7840e-02      0.841     7.6209  1002.9417     3.3910     50.986          5 0.0000e+00
     51.000   0.373162     3.5516 6.7839e-02      0.591     7.4340  1002.9606     3.4086     52.006         12 0.0000e+00
     52.000   0.376013     3.5710 6.7655e-02      0.016     7.7200  1002.9859     3.4342     53.025          7 0.0000e+00
     53.000   0.377573     3.5921 6.7566e-02      0.953     7.3544  1003.0009     3.4471     54.045          6 0.0000e+00
     54.000   0.378079     3.6120 6.7878e-02      0.324     7.1906  1003.0079     3.4498     55.065         15 0.0000e+00
     55.000   0.379362     3.6414 6.7339e-02      0.303     7.6735  1003.0200     3.4591     56.084          6 0.0000e+00
     56.000   0.380170     3.6613 6.7154e-02      0.869     7.4045  1003.0293     3.4647     57.104          6 0.0000e+00
     57.000   0.380426     3.6733 6.7166e-02      0.329     7.3475  1003.0350     3.4659     58.124         11 0.0000e+00
     58.000   0.380810     3.6777 6.8577e-02      0.440     7.5700  1003.0424     3.4691     59.144          6 0.0000e+00
     59.000   0.380977     3.6790 6.7501e-02      1.043     7.2479  1003.0485     3.4705     60.163          6 0.0000e+00
     60.000   0.381170     3.6872 6.7118e-02      0.111     7.4240  1003.0540     3.4714     61.183         14 0.0000e+00
     61.000   0.381567     3.6959 6.7128e-02      0.652     7.2609  1003.0612     3.4742     62.203          6 0.0000e+00
     62.000   0.381799     3.7049 6.7044e-02      0.604     6.9616  1003.0670     3.4755     63.222          9 0.0000e+00
     63.000   0.382170     3.7261 6.6923e-02      0.285     7.0837  1003.0727     3.4767     64.242         12 0.0000e+00
     64.000   0.384546     3.7799 6.6738e-02      0.391     7.4642  1003.0908     3.4939     65.262          6 0.0000e+00
     65.000   0.385722     3.8180 6.6772e-02      0.753     7.1733  1003.1010     3.5011     66.282          9 0.0000e+00
     66.000   0.388759     3.8847 6.6683e-02      0.151     7.2407  1003.1227     3.5232     67.301         11 0.0000e+00
     67.000   0.391367     3.9572 6.6625e-02      0.523     7.1465  1003.1405     3.5404     68.321          9 0.0000e+00
     68.000   0.394618     4.0093 6.6516e-02      0.336     7.2579  1003.1650     3.5660     69.341          7 0.0000e+00
     69.000   0.396340     4.0442 6.6637e-02      0.546     7.1062  1003.1795     3.5787     70.360         12 0.0000e+00
     70.000   0.397705     4.0758 6.6314e-02      0.015     7.3709  1003.1916     3.5883     71.380          8 0.0000e+00
     71.000   0.398646     4.0995 6.6397e-02      0.812     7.1182  1003.2012     3.5947     72.400          5 0.0000e+00
     72.000   0.398873     4.1093 6.6293e-02      0.823     6.9769  1003.2068     3.5957     73.420          8 0.0000e+00
     73.000   0.399613     4.1334 6.6137e-02     -0.184     7.4200  1003.2148     3.6001     74.439          7 0.0000e+00
     74.000   0.401125     4.1783 6.6056e-02      0.944     7.0758  1003.2265     3.6096     75.459          5 0.0000e+00
     75.000   0.401596     4.1925 6.5976e-02      0.813     6.8680  1003.2334     3.6124     76.479         10 0.0000e+00
     76.000   0.402645     4.2200 6.5999e-02     -0.054     7.2691  1003.2434     3.6194     77.499         11 0.0000e+00
     77.000   0.403430     4.2418 6.6204e-02      0.703     7.0314  1003.2519     3.6245     78.518          6 0.0000e+00
     78.000   0.403238     4.2444 6.5821e-02      0.667     6.7546  1003.2550     3.6223     79.538          9 0.0000e+00
     79.000   0.403413     4.2519 6.5760e-02      0.145     7.1042  1003.2604     3.6231     80.558         10 0.0000e+00
     80.000   0.404628     4.2927 6.4073e-02      0.689     7.0100  1003.2701     3.6301     81.577          5 0.0000e+00
     81.000   0.404660     4.2976 6.5462e-02      0.431     6.9764  1003.2747     3.6298     82.597         14 0.0000e+00
     82.000   0.405447     4.3285 6.5325e-02      0.317     7.1498  1003.2822     3.6338     83.617          6 0.0000e+00
     83.000   0.405751     4.3419 6.6142e-02      0.965     6.9033  1003.2879     3.6352     84.637          5 0.0000e+00
     84.000   0.405697     4.3439 6.5345e-02      0.414     6.9835  1003.2921     3.6344     85.656         10 0.0000e+00
     85.000   0.406003     4.3584 6.4894e-02      0.509     7.2519  1003.2977     3.6356     86.676          5 0.0000e+00
     86.000   0.406202     4.3618 6.4811e-02      1.060     7.2846  1003.3037     3.6371     87.696          4 0.0000e+00
     87.000   0.406309     4.3559 6.5029e-02      0.650     7.3457  1003.3100     3.6387     88.715          8 0.0000e+00
     88.000   0.406792     4.3700 6.5351e-02      0.331     7.3092  1003.3169     3.6417     89.735          5 0.0000e+00
     89.000   0.407837     4.4079 6.5339e-02      1.104     7.2950  1003.3256     3.6474     90.755          5 0.0000e+00
     90.000   0.408166     4.4173 6.4707e-02      0.597     7.2944  1003.3319     3.6494     91.775         10 0.0000e+00
     91.000   0.408484     4.4299 6.4362e-02      0.119     7.2627  1003.3377     3.6510     92.794          6 0.0000e+00
     92.000   0.410091     4.4951 6.4547e-02      1.007     7.2462  1003.3475     3.6590     93.814          6 0.0000e+00
     93.000   0.410747     4.5313 6.4561e-02      0.307     7.2418  1003.3533     3.6611     94.834         13 0.0000e+00
     94.000   0.411629     4.5554 6.4541e-02      0.560     7.2047  1003.3621     3.6668     95.853          7 0.0000e+00
     95.000   0.412394     4.5540 6.4404e-02      0.508     7.1943  1003.3729     3.6741     96.873         10 0.0000e+00
     96.000   0.412927     4.5637 6.4305e-02      0.335     7.1766  1003.3806     3.6780     97.893          8 0.0000e+00
     97.000   0.414114     4.6066 6.4209e-02      0.676     7.1567  1003.3895     3.6844     98.912          7 0.0000e+00
     98.000   0.415491     4.6609 6.4104e-02      0.392     7.1229  1003.3985     3.6914     99.932         12 0.0000e+00
     99.000   0.418038     4.7652 6.3959e-02      0.300     7.0855  1003.4105     3.7038    100.952          8 0.0000e+00
    100.000   0.418936     4.8146 6.4248e-02      0.741     7.0693  1003.4163     3.7066    101.971          6 0.0000e+00
    101.000   0.419465     4.8514 6.3875e-02      0.310     7.0668  1003.4208     3.7075    102.991         13 0.0000e+00
    102.000   0.419787     4.8702 6.3784e-02      0.485     7.0482  1003.4258     3.7084    104.011          6 0.0000e+00
    103.000   0.420091     4.8795 6.3723e-02      0.675     7.0437  1003.4318     3.7101    105.031         10 0.0000e+00
    104.000   0.420686     4.8999 6.3533e-02      0.041     6.9982  1003.4387     3.7134    106.050         12 0.0000e+00
    105.000   0.423443     4.9805 6.3846e-02      0.650     6.8851  1003.4545     3.7302    107.070          5 0.0000e+00
    106.000   0.426309     5.0639 6.3391e-02      0.727     6.8767  1003.4706     3.7477    108.090          8 0.0000e+00
    107.000   0.427342     5.1038 6.3441e-02      0.120     6.8489  1003.4782     3.7528    109.110          6 0.0000e+00
    108.000   0.428558     5.1414 6.2888e-02      0.961     6.8227  1003.4874     3.7598    110.129          6 0.0000e+00
    109.000   0.429683     5.1783 6.3117e-02      0.438     6.8258  1003.4961     3.7662    111.149         11 0.0000e+00
    110.000   0.430315     5.2031 6.2933e-02      0.190     6.7881  1003.5025     3.7692    112.169          6 0.0000e+00
    111.000   0.431509     5.2390 6.2821e-02      1.004     6.7740  1003.5117     3.7762    113.188          7 0.0000e+00
    112.000   0.432251     5.2664 6.2877e-02      0.012     6.7690  1003.5186     3.7800    114.208         13 0.0000e+00
    113.000   0.432994     5.2919 6.2704e-02      0.752     6.7480  1003.5256     3.7840    115.228          7 0.0000e+00
    114.000   0.433103     5.2994 6.2658e-02      0.286     6.7476  1003.5303     3.7841    116.248         10 0.0000e+00
    115.000   0.433268     5.3071 6.2548e-02      0.574     6.7393  1003.5354     3.7847    117.267          6 0.0000e+00
    116.000   0.433355     5.3112 6.2499e-02      0.638     6.7419  1003.5403     3.7849    118.287         11 0.0000e+00
    117.000   0.433354     5.3137 6.2255e-02     -0.030     6.7430  1003.5448     3.7846    119.307          9 0.0000e+00
    118.000   0.433355     5.3141 6.2389e-02      0.801     6.7420  1003.5496     3.7845    120.326          6 0.0000e+00
    119.000   0.433337     5.3141 6.2207e-02      0.682     6.7424  1003.5542     3.7843    121.346          8 0.0000e+00
    120.000   0.433287     5.3136 6.2034e-02      0.040     6.7384  1003.5588     3.7838    122.366         12 0.0000e+00
