ctdpy/exports/archive_20200326_115716/received_data/a5_v04_19.cnv
* Sea-Bird SBE19plus Data File:
* FileName = C:\CTD\CTD 2019\k03v4\A5_K03v4_2019.hex
* Software Version 1.59
* Temperature SN =  4644
* Conductivity SN =  4644
* System UpLoad Time = Jan 22 2019 09:16:08
** A5_K03v4_2019
* ds
# nquan = 11
# nvalues = 92                          
# units = specified
# name 0 = prdM: Pressure, Strain Gauge [db]
# name 1 = c0S/m: Conductivity [S/m]
# name 2 = tv290C: Temperature [ITS-90, deg C]
# name 3 = par: PAR/Irradiance, Biospherical/Licor
# name 4 = dz/dtM: Descent Rate [m/s]
# name 5 = sbeox0ML/L: Oxygen, SBE 43 [ml/l]
# name 6 = density00: Density [density, kg/m^3]
# name 7 = sal00: Salinity, Practical [PSU]
# name 8 = depFM: Depth [fresh water, m], lat = 58
# name 9 = nbin: number of scans per bin
# name 10 = flag: flag
# span 0 =      1.000,     92.000       
# span 1 =   0.283857,   0.314834       
# span 2 =     0.0093,     2.0686       
# span 3 = 4.6825e-02, 1.8816e+00       
# span 4 =      0.111,      0.566       
# span 5 =    -2.7602,    -2.6030       
# span 6 =  1002.1796,  1002.8237       
# span 7 =     2.8560,     3.0007       
# span 8 =      1.020,     93.814       
# span 9 =          5,         15       
# span 10 = 0.0000e+00, 0.0000e+00      
# interval = decibars: 1                
# start_time = Jan 22 2019 08:43:00 [Instrument's time stamp, header]
# bad_flag = -9.990e-29
*END*
      1.000   0.283857     0.0169 1.8816e+00      0.111    -2.7602  1002.1796     2.8560      1.020          5 0.0000e+00
      2.000   0.283919     0.0093 1.0262e+00      0.298    -2.7561  1002.1853     2.8573      2.039         14 0.0000e+00
      3.000   0.284058     0.0111 5.6460e-01      0.292    -2.7580  1002.1915     2.8585      3.059         14 0.0000e+00
      4.000   0.284117     0.0155 3.3833e-01      0.250    -2.7579  1002.1969     2.8587      4.079         15 0.0000e+00
      5.000   0.284080     0.0146 1.9804e-01      0.317    -2.7576  1002.2016     2.8583      5.099         12 0.0000e+00
      6.000   0.284217     0.0153 1.3038e-01      0.329    -2.7577  1002.2078     2.8596      6.118         12 0.0000e+00
      7.000   0.284271     0.0160 9.5733e-02      0.339    -2.7579  1002.2133     2.8601      7.138         12 0.0000e+00
      8.000   0.284303     0.0191 7.7883e-02      0.342    -2.7584  1002.2185     2.8601      8.158         12 0.0000e+00
      9.000   0.284415     0.0275 6.8159e-02      0.352    -2.7564  1002.2243     2.8604      9.178         10 0.0000e+00
     10.000   0.284438     0.0340 6.2741e-02      0.421    -2.7578  1002.2294     2.8600     10.197          9 0.0000e+00
     11.000   0.284546     0.0439 5.9636e-02      0.516    -2.7565  1002.2351     2.8601     11.217          7 0.0000e+00
     12.000   0.284768     0.0557 5.7839e-02      0.544    -2.7506  1002.2418     2.8613     12.237          8 0.0000e+00
     13.000   0.285169     0.0797 5.6574e-02      0.562    -2.7518  1002.2498     2.8633     13.256          7 0.0000e+00
     14.000   0.285637     0.1103 5.5632e-02      0.566    -2.7510  1002.2581     2.8653     14.276          7 0.0000e+00
     15.000   0.285896     0.1257 5.5046e-02      0.555    -2.7502  1002.2650     2.8666     15.296          7 0.0000e+00
     16.000   0.285861     0.1200 5.4617e-02      0.542    -2.7359  1002.2699     2.8667     16.315          8 0.0000e+00
     17.000   0.286451     0.1866 5.4280e-02      0.523    -2.7249  1002.2784     2.8666     17.335          8 0.0000e+00
     18.000   0.288176     0.3301 5.4059e-02      0.511    -2.6793  1002.2947     2.8713     18.355          7 0.0000e+00
     19.000   0.289960     0.5391 5.3860e-02      0.491    -2.6410  1002.3089     2.8704     19.375          9 0.0000e+00
     20.000   0.296001     1.1075 5.3806e-02      0.508    -2.6277  1002.3455     2.8803     20.394          7 0.0000e+00
     21.000   0.300450     1.4612 5.3670e-02      0.530    -2.6308  1002.3729     2.8931     21.414          8 0.0000e+00
     22.000   0.302114     1.5942 5.3560e-02      0.547    -2.6322  1002.3856     2.8977     22.434          7 0.0000e+00
     23.000   0.302100     1.5835 5.3461e-02      0.542    -2.6369  1002.3909     2.8985     23.453          7 0.0000e+00
     24.000   0.301688     1.5387 5.3347e-02      0.545    -2.6427  1002.3946     2.8984     24.473          8 0.0000e+00
     25.000   0.301327     1.4927 5.3299e-02      0.552    -2.6442  1002.3986     2.8989     25.493          7 0.0000e+00
     26.000   0.300929     1.4267 5.3157e-02      0.547    -2.6410  1002.4032     2.9009     26.513          7 0.0000e+00
     27.000   0.300976     1.4259 5.3084e-02      0.533    -2.6362  1002.4086     2.9014     27.532          8 0.0000e+00
     28.000   0.301325     1.4588 5.3018e-02      0.517    -2.6306  1002.4150     2.9018     28.552          8 0.0000e+00
     29.000   0.302071     1.5450 5.2865e-02      0.538    -2.6285  1002.4222     2.9014     29.572          7 0.0000e+00
     30.000   0.302594     1.6002 5.2817e-02      0.535    -2.6293  1002.4289     2.9016     30.592          8 0.0000e+00
     31.000   0.302638     1.6125 5.2720e-02      0.513    -2.6255  1002.4336     2.9008     31.611          7 0.0000e+00
     32.000   0.302812     1.6346 5.2697e-02      0.508    -2.6206  1002.4389     2.9005     32.631          8 0.0000e+00
     33.000   0.303156     1.6826 5.2604e-02      0.508    -2.6170  1002.4444     2.8994     33.651          8 0.0000e+00
     34.000   0.303683     1.7522 5.2475e-02      0.475    -2.6268  1002.4503     2.8983     34.670          9 0.0000e+00
     35.000   0.303655     1.7300 5.2365e-02      0.438    -2.6295  1002.4561     2.9000     35.690          9 0.0000e+00
     36.000   0.303304     1.6531 5.2282e-02      0.511    -2.6275  1002.4619     2.9035     36.710          7 0.0000e+00
     37.000   0.303405     1.6384 5.2165e-02      0.526    -2.6276  1002.4684     2.9058     37.730          8 0.0000e+00
     38.000   0.303707     1.6572 5.2064e-02      0.481    -2.6303  1002.4749     2.9071     38.749          9 0.0000e+00
     39.000   0.303752     1.6544 5.1968e-02      0.437    -2.6303  1002.4803     2.9078     39.769          9 0.0000e+00
     40.000   0.303763     1.6511 5.1893e-02      0.442    -2.6280  1002.4855     2.9081     40.789         10 0.0000e+00
     41.000   0.303812     1.6584 5.1802e-02      0.407    -2.6309  1002.4905     2.9079     41.808          9 0.0000e+00
     42.000   0.303942     1.6590 5.1671e-02      0.402    -2.6312  1002.4965     2.9091     42.828         10 0.0000e+00
     43.000   0.303912     1.6523 5.1550e-02      0.439    -2.6392  1002.5015     2.9094     43.848          9 0.0000e+00
     44.000   0.303665     1.5986 5.1464e-02      0.417    -2.6425  1002.5070     2.9118     44.867         10 0.0000e+00
     45.000   0.303203     1.5132 5.1378e-02      0.365    -2.6380  1002.5122     2.9150     45.887         11 0.0000e+00
     46.000   0.303591     1.5452 5.1269e-02      0.373    -2.6283  1002.5188     2.9159     46.907         11 0.0000e+00
     47.000   0.304738     1.6448 5.1171e-02      0.398    -2.6236  1002.5284     2.9182     47.927          9 0.0000e+00
     48.000   0.305809     1.7273 5.1055e-02      0.463    -2.6213  1002.5381     2.9213     48.946          9 0.0000e+00
     49.000   0.306487     1.7726 5.0980e-02      0.480    -2.6240  1002.5463     2.9240     49.966          8 0.0000e+00
     50.000   0.306839     1.7756 5.0857e-02      0.464    -2.6233  1002.5539     2.9272     50.986          9 0.0000e+00
     51.000   0.306973     1.7714 5.0831e-02      0.459    -2.6255  1002.5602     2.9289     52.005          8 0.0000e+00
     52.000   0.306953     1.7521 5.0719e-02      0.461    -2.6261  1002.5660     2.9304     53.025         10 0.0000e+00
     53.000   0.306900     1.7371 5.0624e-02      0.396    -2.6233  1002.5712     2.9312     54.045         10 0.0000e+00
     54.000   0.307230     1.7639 5.0519e-02      0.359    -2.6202  1002.5775     2.9320     55.065         11 0.0000e+00
     55.000   0.307811     1.8183 5.0395e-02      0.375    -2.6206  1002.5844     2.9327     56.084         11 0.0000e+00
     56.000   0.307902     1.8247 5.0273e-02      0.325    -2.6200  1002.5897     2.9330     57.104         13 0.0000e+00
     57.000   0.307868     1.8205 5.0162e-02      0.325    -2.6226  1002.5946     2.9330     58.124         12 0.0000e+00
     58.000   0.307821     1.8137 4.9991e-02      0.307    -2.6221  1002.5995     2.9331     59.143         13 0.0000e+00
     59.000   0.307870     1.8054 4.9903e-02      0.300    -2.6206  1002.6053     2.9343     60.163         13 0.0000e+00
     60.000   0.308108     1.8185 4.9765e-02      0.366    -2.6127  1002.6115     2.9354     61.183         10 0.0000e+00
     61.000   0.308795     1.8934 4.9655e-02      0.411    -2.6049  1002.6180     2.9353     62.203         10 0.0000e+00
     62.000   0.309713     2.0003 4.9625e-02      0.424    -2.6048  1002.6247     2.9345     63.222          9 0.0000e+00
     63.000   0.310316     2.0548 4.9519e-02      0.437    -2.6030  1002.6315     2.9355     64.242          9 0.0000e+00
     64.000   0.310515     2.0565 4.9404e-02      0.444    -2.6034  1002.6379     2.9373     65.262          9 0.0000e+00
     65.000   0.310976     2.0686 4.9332e-02      0.453    -2.6076  1002.6459     2.9407     66.281          9 0.0000e+00
     66.000   0.311734     2.0515 4.9248e-02      0.459    -2.6084  1002.6579     2.9499     67.301          9 0.0000e+00
     67.000   0.312217     2.0242 4.9152e-02      0.466    -2.6092  1002.6682     2.9572     68.321          8 0.0000e+00
     68.000   0.312443     2.0107 4.9105e-02      0.458    -2.6119  1002.6757     2.9607     69.341          9 0.0000e+00
     69.000   0.312466     1.9824 4.9015e-02      0.429    -2.6141  1002.6824     2.9635     70.360          9 0.0000e+00
     70.000   0.312528     1.9536 4.8897e-02      0.450    -2.6161  1002.6895     2.9668     71.380          9 0.0000e+00
     71.000   0.312673     1.9436 4.8785e-02      0.439    -2.6149  1002.6962     2.9691     72.400         10 0.0000e+00
     72.000   0.312719     1.9378 4.8747e-02      0.408    -2.6179  1002.7018     2.9701     73.419          9 0.0000e+00
     73.000   0.312756     1.9363 4.8624e-02      0.420    -2.6161  1002.7071     2.9705     74.439         10 0.0000e+00
     74.000   0.312825     1.9379 4.8538e-02      0.447    -2.6163  1002.7125     2.9710     75.459          9 0.0000e+00
     75.000   0.312855     1.9352 4.8464e-02      0.455    -2.6176  1002.7178     2.9715     76.479          9 0.0000e+00
     76.000   0.312878     1.9322 4.8392e-02      0.437    -2.6190  1002.7231     2.9719     77.498          9 0.0000e+00
     77.000   0.312920     1.9300 4.8298e-02      0.439    -2.6197  1002.7285     2.9725     78.518          9 0.0000e+00
     78.000   0.313134     1.9184 4.8203e-02      0.419    -2.6202  1002.7358     2.9757     79.538          9 0.0000e+00
     79.000   0.313356     1.9091 4.8121e-02      0.411    -2.6207  1002.7431     2.9788     80.558         10 0.0000e+00
     80.000   0.313437     1.9042 4.8041e-02      0.432    -2.6217  1002.7489     2.9800     81.577          9 0.0000e+00
     81.000   0.313492     1.9024 4.7939e-02      0.451    -2.6217  1002.7544     2.9807     82.597          9 0.0000e+00
     82.000   0.313570     1.9029 4.7870e-02      0.449    -2.6223  1002.7600     2.9813     83.617          9 0.0000e+00
     83.000   0.313603     1.9043 4.7804e-02      0.447    -2.6217  1002.7651     2.9815     84.637          9 0.0000e+00
     84.000   0.313617     1.9032 4.7701e-02      0.433    -2.6231  1002.7702     2.9817     85.656          9 0.0000e+00
     85.000   0.313674     1.9009 4.7632e-02      0.433    -2.6235  1002.7757     2.9824     86.676          9 0.0000e+00
     86.000   0.313703     1.9002 4.7536e-02      0.431    -2.6242  1002.7809     2.9827     87.695         10 0.0000e+00
     87.000   0.313747     1.8996 4.7460e-02      0.404    -2.6241  1002.7862     2.9832     88.715         10 0.0000e+00
     88.000   0.313832     1.8923 4.7377e-02      0.375    -2.6260  1002.7923     2.9846     89.735         11 0.0000e+00
     89.000   0.314035     1.8833 4.7262e-02      0.409    -2.6262  1002.7993     2.9875     90.755          9 0.0000e+00
     90.000   0.314045     1.8856 4.7176e-02      0.418    -2.6289  1002.8042     2.9873     91.774         10 0.0000e+00
     91.000   0.314238     1.8621 4.7110e-02      0.440    -2.6301  1002.8120     2.9914     92.794          9 0.0000e+00
     92.000   0.314834     1.8277 4.6825e-02      0.429 -9.990e-29  1002.8237     3.0007     93.814          7 0.0000e+00
