ctdpy/exports/archive_20200326_115716/received_data/a5_v28_19.cnv
* Sea-Bird SBE19plus Data File:
* FileName = C:\CTD\CTD 2019\K18\A5_v28_19.hex
* Software Version 1.59
* Temperature SN =  4644
* Conductivity SN =  4644
* System UpLoad Time = Jul 10 2019 13:28:11
** A5_v28_19
* ds
# nquan = 11
# nvalues = 99                          
# units = specified
# name 0 = prdM: Pressure, Strain Gauge [db]
# name 1 = c0S/m: Conductivity [S/m]
# name 2 = tv290C: Temperature [ITS-90, deg C]
# name 3 = par: PAR/Irradiance, Biospherical/Licor
# name 4 = dz/dtM: Descent Rate [m/s]
# name 5 = sbeox0ML/L: Oxygen, SBE 43 [ml/l]
# name 6 = density00: Density [density, kg/m^3]
# name 7 = sal00: Salinity, Practical [PSU]
# name 8 = depFM: Depth [fresh water, m], lat = 58
# name 9 = nbin: number of scans per bin
# name 10 = flag: flag
# span 0 =      1.000,     99.000       
# span 1 =   0.332935,   0.393762       
# span 2 =     1.6495,    11.5924       
# span 3 = 6.7590e-02, 3.6342e+02       
# span 4 =      0.111,      0.626       
# span 5 =     7.2679,     9.1189       
# span 6 =  1001.7851,  1003.0175       
# span 7 =     2.7597,     3.2032       
# span 8 =      1.020,    100.952       
# span 9 =          7,         19       
# span 10 = 0.0000e+00, 0.0000e+00      
# interval = decibars: 1                
# start_time = Jul 10 2019 12:58:18 [Instrument's time stamp, header]
# bad_flag = -9.990e-29
*END*
      1.000   0.393634    11.5888 3.6342e+02      0.111     7.8147  1001.7851     2.8675      1.020         18 0.0000e+00
      2.000   0.393762    11.5924 2.2182e+02      0.289     7.8152  1001.7899     2.8681      2.039         10 0.0000e+00
      3.000   0.393731    11.5902 1.2814e+02      0.388     7.8128  1001.7948     2.8680      3.059         11 0.0000e+00
      4.000   0.393646    11.5850 7.1903e+01      0.520     7.8142  1001.7999     2.8677      4.079          9 0.0000e+00
      5.000   0.393661    11.5855 5.0421e+01      0.358     7.8124  1001.8045     2.8677      5.098         11 0.0000e+00
      6.000   0.393602    11.5817 3.1726e+01      0.374     7.8159  1001.8096     2.8675      6.118         10 0.0000e+00
      7.000   0.393696    11.5849 1.9581e+01      0.425     7.8139  1001.8142     2.8680      7.138         10 0.0000e+00
      8.000   0.393744    11.5864 1.2969e+01      0.425     7.8154  1001.8190     2.8682      8.158          9 0.0000e+00
      9.000   0.393741    11.5863 8.6293e+00      0.306     7.8157  1001.8236     2.8681      9.177         13 0.0000e+00
     10.000   0.393739    11.5859 6.0086e+00      0.250     7.8121  1001.8284     2.8681     10.197         11 0.0000e+00
     11.000   0.393745    11.5855 3.7581e+00      0.463     7.8120  1001.8332     2.8681     11.217         11 0.0000e+00
     12.000   0.393734    11.5845 2.7459e+00      0.154     7.8147  1001.8380     2.8681     12.237         17 0.0000e+00
     13.000   0.393585    11.5767 1.8518e+00      0.410     7.8126  1001.8431     2.8675     13.256         11 0.0000e+00
     14.000   0.393350    11.5630 1.2213e+00      0.325     7.8151  1001.8488     2.8667     14.276         12 0.0000e+00
     15.000   0.392520    11.5291 8.4003e-01      0.246     7.8214  1001.8545     2.8628     15.296         19 0.0000e+00
     16.000   0.388111    11.3035 5.9042e-01      0.172     7.5007  1001.8712     2.8456     16.316         15 0.0000e+00
     17.000   0.378830    10.7376 4.2991e-01      0.267     7.2679  1001.9152     2.8161     17.335         13 0.0000e+00
     18.000   0.374145    10.3421 2.9841e-01      0.255     7.5361  1001.9551     2.8090     18.355         14 0.0000e+00
     19.000   0.365184     9.8824 2.1324e-01      0.407     7.6059  1001.9761     2.7723     19.375         10 0.0000e+00
     20.000   0.361026     9.6056 1.6623e-01      0.384     7.6965  1001.9967     2.7597     20.395          9 0.0000e+00
     21.000   0.358492     9.3141 1.2977e-01      0.469     7.4922  1002.0286     2.7613     21.414         10 0.0000e+00
     22.000   0.356783     8.9953 1.1048e-01      0.368     7.8434  1002.0685     2.7718     22.434          9 0.0000e+00
     23.000   0.354318     8.5304 9.7708e-02      0.483     7.4531  1002.1227     2.7875     23.454         10 0.0000e+00
     24.000   0.352883     8.0725 8.9015e-02      0.324     8.1004  1002.1796     2.8116     24.473         10 0.0000e+00
     25.000   0.343428     7.1532 8.3749e-02      0.499     7.8841  1002.2377     2.8044     25.493          9 0.0000e+00
     26.000   0.345268     6.7410 7.9696e-02      0.333     8.0676  1002.3045     2.8542     26.513         11 0.0000e+00
     27.000   0.337464     6.2214 7.7450e-02      0.481     8.3403  1002.3137     2.8283     27.532          8 0.0000e+00
     28.000   0.340914     5.8512 7.5394e-02      0.418     7.9629  1002.3832     2.8903     28.552         11 0.0000e+00
     29.000   0.337324     5.3840 7.4333e-02      0.343     8.5519  1002.4104     2.8977     29.572          9 0.0000e+00
     30.000   0.339910     4.9980 7.3491e-02      0.455     8.1719  1002.4724     2.9552     30.591         11 0.0000e+00
     31.000   0.338718     4.7568 7.2716e-02      0.336     8.7763  1002.4914     2.9655     31.611         10 0.0000e+00
     32.000   0.342199     4.6951 7.2273e-02      0.431     8.4180  1002.5276     3.0034     32.631         12 0.0000e+00
     33.000   0.343943     4.7267 7.1901e-02      0.204     8.8208  1002.5417     3.0167     33.651         14 0.0000e+00
     34.000   0.341953     4.1144 7.1597e-02      0.339     8.2251  1002.5886     3.0543     34.670         12 0.0000e+00
     35.000   0.340600     4.0445 7.1421e-02      0.375     8.9339  1002.5893     3.0479     35.690          9 0.0000e+00
     36.000   0.342803     3.9246 7.1243e-02      0.396     8.5310  1002.6213     3.0801     36.710         12 0.0000e+00
     37.000   0.340018     3.7708 7.1107e-02      0.313     9.1189  1002.6178     3.0678     37.729         10 0.0000e+00
     38.000   0.338299     3.5937 7.0994e-02      0.487     8.7488  1002.6241     3.0680     38.749          9 0.0000e+00
     39.000   0.338758     3.4827 7.0841e-02      0.402     8.8015  1002.6415     3.0828     39.769          9 0.0000e+00
     40.000   0.337881     3.4479 7.0748e-02      0.464     9.0153  1002.6423     3.0776     40.789          9 0.0000e+00
     41.000   0.338013     3.3762 7.0593e-02      0.483     8.7165  1002.6539     3.0856     41.808          9 0.0000e+00
     42.000   0.337382     3.2634 7.0668e-02      0.405     9.0324  1002.6626     3.0902     42.828          9 0.0000e+00
     43.000   0.335755     3.1064 7.0543e-02      0.484     8.8564  1002.6667     3.0893     43.848          9 0.0000e+00
     44.000   0.335290     3.0347 7.0518e-02      0.420     9.1138  1002.6733     3.0916     44.868          8 0.0000e+00
     45.000   0.335289     3.0175 7.0591e-02      0.533     8.8308  1002.6795     3.0932     45.887          8 0.0000e+00
     46.000   0.335668     2.9820 7.0551e-02      0.428     9.0283  1002.6900     3.1003     46.907          9 0.0000e+00
     47.000   0.335327     2.9632 7.0574e-02      0.545     8.8717  1002.6936     3.0987     47.927          7 0.0000e+00
     48.000   0.335803     2.8870 7.0368e-02      0.470     8.8516  1002.7078     3.1107     48.946          9 0.0000e+00
     49.000   0.335178     2.8683 7.0574e-02      0.453     9.1053  1002.7091     3.1063     49.966          8 0.0000e+00
     50.000   0.335101     2.8152 7.0488e-02      0.626     8.7584  1002.7172     3.1106     50.986          7 0.0000e+00
     51.000   0.335202     2.7301 7.0716e-02      0.409     8.9635  1002.7289     3.1198     52.005          9 0.0000e+00
     52.000   0.334230     2.6452 7.0320e-02      0.545     9.0750  1002.7320     3.1184     53.025          7 0.0000e+00
     53.000   0.334208     2.5571 7.0242e-02      0.621     8.7368  1002.7428     3.1268     54.045          8 0.0000e+00
     54.000   0.334607     2.4816 7.0349e-02      0.326     8.8860  1002.7560     3.1381     55.065          9 0.0000e+00
     55.000   0.333666     2.3925 7.0276e-02      0.548     8.8499  1002.7594     3.1374     56.084          8 0.0000e+00
     56.000   0.333947     2.2883 7.0184e-02      0.430     8.7921  1002.7734     3.1505     57.104         10 0.0000e+00
     57.000   0.333590     2.2525 7.0155e-02      0.447     8.8567  1002.7778     3.1504     58.124          8 0.0000e+00
     58.000   0.333651     2.1807 7.0108e-02      0.475     8.8979  1002.7878     3.1581     59.143          9 0.0000e+00
     59.000   0.333303     2.1028 7.0088e-02      0.463     8.8078  1002.7948     3.1623     60.163          9 0.0000e+00
     60.000   0.333305     2.0315 7.0009e-02      0.415     8.8737  1002.8042     3.1694     61.183          9 0.0000e+00
     61.000   0.333295     1.9944 6.9960e-02      0.482     8.7572  1002.8114     3.1730     62.203          9 0.0000e+00
     62.000   0.333362     1.9811 7.0119e-02      0.432     8.7231  1002.8177     3.1749     63.222          9 0.0000e+00
     63.000   0.333647     1.9619 6.9916e-02      0.386     8.6265  1002.8261     3.1797     64.242         11 0.0000e+00
     64.000   0.333416     1.9468 6.9935e-02      0.411     8.6849  1002.8301     3.1788     65.262          9 0.0000e+00
     65.000   0.333779     1.9220 6.9896e-02      0.370     8.5774  1002.8395     3.1849     66.282         11 0.0000e+00
     66.000   0.333645     1.9219 6.9729e-02      0.437     8.6568  1002.8433     3.1835     67.301          9 0.0000e+00
     67.000   0.333887     1.8943 6.9944e-02      0.396     8.5884  1002.8519     3.1887     68.321         10 0.0000e+00
     68.000   0.333768     1.8894 6.9857e-02      0.410     8.7257  1002.8562     3.1879     69.341          9 0.0000e+00
     69.000   0.333817     1.8451 6.9655e-02      0.444     8.5543  1002.8642     3.1928     70.360         10 0.0000e+00
     70.000   0.333469     1.8152 6.9595e-02      0.405     8.7170  1002.8680     3.1923     71.380          9 0.0000e+00
     71.000   0.333412     1.7835 6.9649e-02      0.502     8.5919  1002.8744     3.1948     72.400          9 0.0000e+00
     72.000   0.333391     1.7728 6.9455e-02      0.393     8.6286  1002.8798     3.1957     73.419          9 0.0000e+00
     73.000   0.333365     1.7622 6.9335e-02      0.447     8.6052  1002.8852     3.1964     74.439          9 0.0000e+00
     74.000   0.333501     1.7584 6.9308e-02      0.424     8.4487  1002.8914     3.1981     75.459         10 0.0000e+00
     75.000   0.333425     1.7596 6.9254e-02      0.395     8.6228  1002.8957     3.1971     76.479          9 0.0000e+00
     76.000   0.333800     1.7575 6.9296e-02      0.402     8.4245  1002.9038     3.2011     77.498         12 0.0000e+00
     77.000   0.333455     1.7495 6.9178e-02      0.384     8.4738  1002.9064     3.1984     78.518          9 0.0000e+00
     78.000   0.333670     1.7315 6.9157e-02      0.366     8.3529  1002.9141     3.2023     79.538         11 0.0000e+00
     79.000   0.333342     1.7276 6.9201e-02      0.429     8.4668  1002.9166     3.1993     80.558         10 0.0000e+00
     80.000   0.333566     1.7166 6.9100e-02      0.328     8.3488  1002.9240     3.2027     81.577         11 0.0000e+00
     81.000   0.333201     1.7067 6.8969e-02      0.414     8.6239  1002.9265     3.1999     82.597         10 0.0000e+00
     82.000   0.333117     1.6873 6.8917e-02      0.451     8.4810  1002.9319     3.2009     83.617          9 0.0000e+00
     83.000   0.333023     1.6744 6.8805e-02      0.397     8.7041  1002.9368     3.2012     84.636          8 0.0000e+00
     84.000   0.332935     1.6696 6.8952e-02      0.610     8.5028  1002.9413     3.2007     85.656          7 0.0000e+00
     85.000   0.333010     1.6529 6.8715e-02      0.492     8.5114  1002.9479     3.2032     86.676          8 0.0000e+00
     86.000   0.332952     1.6588 6.8774e-02      0.488     8.6030  1002.9520     3.2019     87.696          8 0.0000e+00
     87.000   0.332976     1.6510 6.8709e-02      0.487     8.4344  1002.9576     3.2029     88.715          9 0.0000e+00
     88.000   0.332993     1.6545 6.8581e-02      0.428     8.6018  1002.9624     3.2026     89.735          9 0.0000e+00
     89.000   0.332978     1.6530 6.8620e-02      0.509     8.4772  1002.9673     3.2025     90.755          8 0.0000e+00
     90.000   0.332994     1.6495 6.8602e-02      0.425     8.5400  1002.9726     3.2030     91.774          9 0.0000e+00
     91.000   0.332994     1.6560 6.8419e-02      0.490     8.5488  1002.9772     3.2023     92.794          8 0.0000e+00
     92.000   0.332997     1.6539 6.8213e-02      0.489     8.4211  1002.9822     3.2024     93.814          9 0.0000e+00
     93.000   0.333019     1.6512 6.8318e-02      0.422     8.4414  1002.9875     3.2029     94.834          8 0.0000e+00
     94.000   0.333050     1.6603 6.8297e-02      0.534     8.4360  1002.9922     3.2022     95.853          8 0.0000e+00
     95.000   0.333110     1.6588 6.8155e-02      0.519     8.5162  1002.9977     3.2029     96.873          8 0.0000e+00
     96.000   0.333118     1.6595 6.8123e-02      0.491     8.5469  1003.0026     3.2029     97.893          8 0.0000e+00
     97.000   0.333118     1.6590 6.8017e-02      0.560     8.6094  1003.0076     3.2028     98.913          7 0.0000e+00
     98.000   0.333107     1.6600 6.8048e-02      0.472     8.5511  1003.0124     3.2026     99.932          9 0.0000e+00
     99.000   0.333196     1.6695 6.7590e-02      0.414     8.1554  1003.0175     3.2024    100.952         10 0.0000e+00
