ctdpy/exports/archive_20200326_115716/received_data/a5_v20_19.cnv
* Sea-Bird SBE19plus Data File:
* FileName = C:\CTD\CTD 2019\v20\A5_v20_19.hex
* Software Version 1.59
* Temperature SN =  4644
* Conductivity SN =  4644
* System UpLoad Time = May 14 2019 14:53:29
** K14 A5 V20 2019
* ds
# nquan = 11
# nvalues = 90                          
# units = specified
# name 0 = prdM: Pressure, Strain Gauge [db]
# name 1 = c0S/m: Conductivity [S/m]
# name 2 = tv290C: Temperature [ITS-90, deg C]
# name 3 = par: PAR/Irradiance, Biospherical/Licor
# name 4 = dz/dtM: Descent Rate [m/s]
# name 5 = sbeox0ML/L: Oxygen, SBE 43 [ml/l]
# name 6 = density00: Density [density, kg/m^3]
# name 7 = sal00: Salinity, Practical [PSU]
# name 8 = depFM: Depth [fresh water, m], lat = 58
# name 9 = nbin: number of scans per bin
# name 10 = flag: flag
# span 0 =      1.000,     90.000       
# span 1 =   0.313215,   0.330004       
# span 2 =     0.6689,     1.6185       
# span 3 = 5.4023e-02, 1.2944e+03       
# span 4 =     -0.083,      0.678       
# span 5 =     8.0883,     9.4114       
# span 6 =  1002.3771,  1002.9963       
# span 7 =     3.0164,     3.2696       
# span 8 =      1.020,     91.774       
# span 9 =          3,         13       
# span 10 = 0.0000e+00, 0.0000e+00      
# interval = decibars: 1                
# start_time = May 14 2019 14:18:41 [Instrument's time stamp, header]
# bad_flag = -9.990e-29
*END*
      1.000   0.313767     1.5998 1.2944e+03     -0.083     9.3227  1002.3771     3.0171      1.020          7 0.0000e+00
      2.000   0.313746     1.6009 5.7789e+02      0.353     9.4114  1002.3818     3.0168      2.040          7 0.0000e+00
      3.000   0.313797     1.6067 3.5126e+02      0.624     9.0191  1002.3869     3.0167      3.059          9 0.0000e+00
      4.000   0.313862     1.6118 2.6743e+02      0.351     8.9244  1002.3922     3.0168      4.079         11 0.0000e+00
      5.000   0.313916     1.6153 1.5630e+02      0.400     9.1876  1002.3974     3.0170      5.099          9 0.0000e+00
      6.000   0.313905     1.6138 9.7437e+01      0.488     9.1793  1002.4023     3.0169      6.118          8 0.0000e+00
      7.000   0.313932     1.6162 7.2897e+01      0.468     9.2195  1002.4074     3.0169      7.138          9 0.0000e+00
      8.000   0.313969     1.6185 4.7463e+01      0.493     9.1500  1002.4125     3.0170      8.158          8 0.0000e+00
      9.000   0.313967     1.6174 3.4753e+01      0.490     9.1565  1002.4175     3.0170      9.177          8 0.0000e+00
     10.000   0.313961     1.6169 2.4272e+01      0.504     9.2384  1002.4224     3.0170     10.197          8 0.0000e+00
     11.000   0.313921     1.6141 1.5852e+01      0.509     9.3325  1002.4272     3.0168     11.217          7 0.0000e+00
     12.000   0.313868     1.6097 1.1157e+01      0.532     9.3221  1002.4319     3.0166     12.237          8 0.0000e+00
     13.000   0.313832     1.6066 7.5038e+00      0.542     9.3355  1002.4367     3.0164     13.256          7 0.0000e+00
     14.000   0.313867     1.6099 5.2408e+00      0.529     9.3314  1002.4418     3.0164     14.276          8 0.0000e+00
     15.000   0.313887     1.6101 3.6514e+00      0.527     9.2968  1002.4469     3.0166     15.296          7 0.0000e+00
     16.000   0.313891     1.6101 2.5701e+00      0.521     9.2829  1002.4519     3.0165     16.315          8 0.0000e+00
     17.000   0.313926     1.6117 1.8497e+00      0.535     9.2703  1002.4570     3.0167     17.335          8 0.0000e+00
     18.000   0.313926     1.6104 1.3422e+00      0.525     9.2667  1002.4620     3.0167     18.355          7 0.0000e+00
     19.000   0.313790     1.5948 9.6441e-01      0.525     9.2590  1002.4667     3.0168     19.375          8 0.0000e+00
     20.000   0.313571     1.5699 7.0270e-01      0.525     9.2558  1002.4711     3.0169     20.394          7 0.0000e+00
     21.000   0.313473     1.5572 5.1815e-01      0.526     9.2042  1002.4758     3.0170     21.414          8 0.0000e+00
     22.000   0.313672     1.5775 3.8796e-01      0.511     9.2509  1002.4814     3.0171     22.434          8 0.0000e+00
     23.000   0.313868     1.5945 2.8537e-01      0.513     9.2543  1002.4871     3.0174     23.454          8 0.0000e+00
     24.000   0.313739     1.5712 2.1555e-01      0.493     9.2656  1002.4922     3.0182     24.473          8 0.0000e+00
     25.000   0.313379     1.5272 1.6859e-01      0.520     9.2437  1002.4963     3.0188     25.493          8 0.0000e+00
     26.000   0.313313     1.5110 1.3617e-01      0.487     9.2630  1002.5015     3.0196     26.513          8 0.0000e+00
     27.000   0.313273     1.4931 1.1213e-01      0.500     9.2580  1002.5070     3.0208     27.532          8 0.0000e+00
     28.000   0.313389     1.4941 9.5596e-02      0.483     9.2092  1002.5129     3.0219     28.552          8 0.0000e+00
     29.000   0.313536     1.5003 8.4706e-02      0.478     9.2526  1002.5187     3.0227     29.572          9 0.0000e+00
     30.000   0.313555     1.5003 7.6995e-02      0.485     9.3344  1002.5238     3.0229     30.591          8 0.0000e+00
     31.000   0.313215     1.3960 7.1501e-02      0.508     9.2957  1002.5310     3.0294     31.611          7 0.0000e+00
     32.000   0.313362     1.3022 6.7669e-02      0.512     9.2629  1002.5416     3.0400     32.631          8 0.0000e+00
     33.000   0.313759     1.2778 6.4782e-02      0.532     9.1623  1002.5510     3.0464     33.651          8 0.0000e+00
     34.000   0.313997     1.2721 6.2691e-02      0.525     9.1028  1002.5582     3.0494     34.670          7 0.0000e+00
     35.000   0.314243     1.2765 6.1159e-02      0.508     9.0877  1002.5650     3.0514     35.690          8 0.0000e+00
     36.000   0.314475     1.2801 6.0093e-02      0.500     9.1370  1002.5717     3.0534     36.710          8 0.0000e+00
     37.000   0.314745     1.2871 5.9276e-02      0.499     9.0759  1002.5786     3.0554     37.730          9 0.0000e+00
     38.000   0.314987     1.2859 5.8632e-02      0.434     9.1125  1002.5856     3.0580     38.749          9 0.0000e+00
     39.000   0.315242     1.2886 5.8069e-02      0.461     9.2461  1002.5926     3.0602     39.769          8 0.0000e+00
     40.000   0.315491     1.2883 5.7717e-02      0.493     9.3098  1002.5996     3.0628     40.789          8 0.0000e+00
     41.000   0.315617     1.2795 5.7386e-02      0.557     9.2467  1002.6060     3.0649     41.808          7 0.0000e+00
     42.000   0.315656     1.2728 5.7169e-02      0.523     9.2724  1002.6116     3.0659     42.828          8 0.0000e+00
     43.000   0.315673     1.2659 5.6949e-02      0.519     9.2314  1002.6170     3.0667     43.848          8 0.0000e+00
     44.000   0.315671     1.2514 5.6785e-02      0.477     9.2215  1002.6227     3.0680     44.868          9 0.0000e+00
     45.000   0.315685     1.2312 5.6706e-02      0.469     9.1505  1002.6287     3.0701     45.887          9 0.0000e+00
     46.000   0.315834     1.2273 5.6530e-02      0.317     9.0210  1002.6351     3.0720     46.907         13 0.0000e+00
     47.000   0.315760     1.2101 5.6404e-02      0.338     9.1642  1002.6402     3.0728     47.927         10 0.0000e+00
     48.000   0.315697     1.1925 5.6341e-02      0.447     9.2875  1002.6455     3.0739     48.946          9 0.0000e+00
     49.000   0.315657     1.1811 5.6254e-02      0.494     9.3226  1002.6506     3.0745     49.966          8 0.0000e+00
     50.000   0.315600     1.1616 5.6188e-02      0.556     9.2997  1002.6560     3.0758     50.986          7 0.0000e+00
     51.000   0.315504     1.1279 5.6149e-02      0.584     9.2711  1002.6617     3.0781     52.005          7 0.0000e+00
     52.000   0.315360     1.0862 5.5997e-02      0.565     9.2843  1002.6673     3.0806     53.025          7 0.0000e+00
     53.000   0.315359     1.0628 5.6009e-02      0.566     9.2944  1002.6734     3.0829     54.045          7 0.0000e+00
     54.000   0.315423     1.0446 5.5963e-02      0.551     9.3443  1002.6797     3.0853     55.065          7 0.0000e+00
     55.000   0.315574     1.0161 5.5730e-02      0.598     9.3464  1002.6872     3.0897     56.085          6 0.0000e+00
     56.000   0.315969     0.9735 5.5810e-02      0.627     9.3069  1002.6973     3.0980     57.104          7 0.0000e+00
     57.000   0.316466     0.9449 5.5635e-02      0.644     9.2656  1002.7077     3.1059     58.124          6 0.0000e+00
     58.000   0.317098     0.9514 5.5601e-02      0.627     9.2567  1002.7177     3.1118     59.144          6 0.0000e+00
     59.000   0.317607     0.9568 5.5632e-02      0.609     9.2492  1002.7267     3.1165     60.163          7 0.0000e+00
     60.000   0.317891     0.9474 5.5607e-02      0.629     9.2373  1002.7345     3.1204     61.183          6 0.0000e+00
     61.000   0.318108     0.9466 5.5454e-02      0.628     9.2314  1002.7413     3.1226     62.202          6 0.0000e+00
     62.000   0.318373     0.9425 5.5395e-02      0.638     9.2252  1002.7487     3.1257     63.222          7 0.0000e+00
     63.000   0.318649     0.9258 5.5373e-02      0.629     9.2572  1002.7567     3.1302     64.242          6 0.0000e+00
     64.000   0.318940     0.8890 5.5380e-02      0.626     9.2102  1002.7658     3.1369     65.262          7 0.0000e+00
     65.000   0.319850     0.8144 5.5392e-02      0.617     9.1730  1002.7817     3.1540     66.281          6 0.0000e+00
     66.000   0.321091     0.7470 5.5269e-02      0.617     9.1226  1002.8001     3.1739     67.302          7 0.0000e+00
     67.000   0.322624     0.7031 5.5221e-02      0.612     9.0973  1002.8200     3.1944     68.321          6 0.0000e+00
     68.000   0.323608     0.6832 5.5091e-02      0.633     8.9545  1002.8342     3.2068     69.341          7 0.0000e+00
     69.000   0.324320     0.6722 5.5108e-02      0.535     9.0063  1002.8457     3.2153     70.360          7 0.0000e+00
     70.000   0.325146     0.6693 5.5055e-02      0.562     9.0059  1002.8579     3.2243     71.380          7 0.0000e+00
     71.000   0.326126     0.6689 5.4976e-02      0.661     8.9675  1002.8712     3.2346     72.400          6 0.0000e+00
     72.000   0.326944     0.6717 5.4956e-02      0.657     8.9442  1002.8830     3.2428     73.420          6 0.0000e+00
     73.000   0.327532     0.6734 5.4922e-02      0.678     8.8907  1002.8929     3.2487     74.439          6 0.0000e+00
     74.000   0.328123     0.6786 5.4840e-02      0.650     8.8879  1002.9027     3.2544     75.459          6 0.0000e+00
     75.000   0.328492     0.6843 5.4783e-02      0.646     8.8529  1002.9105     3.2576     76.479          6 0.0000e+00
     76.000   0.328688     0.6879 5.4724e-02      0.642     8.8410  1002.9171     3.2592     77.498          6 0.0000e+00
     77.000   0.328863     0.6918 5.4716e-02      0.638     8.8357  1002.9233     3.2606     78.518          7 0.0000e+00
     78.000   0.329025     0.6937 5.4652e-02      0.650     8.8140  1002.9296     3.2620     79.538          6 0.0000e+00
     79.000   0.329182     0.6956 5.4656e-02      0.624     8.8033  1002.9358     3.2634     80.558          6 0.0000e+00
     80.000   0.329341     0.6971 5.4530e-02      0.614     8.7699  1002.9420     3.2648     81.577          7 0.0000e+00
     81.000   0.329425     0.6967 5.4509e-02      0.563     8.7595  1002.9477     3.2657     82.597          7 0.0000e+00
     82.000   0.329489     0.6970 5.4419e-02      0.565     8.7526  1002.9532     3.2663     83.617          8 0.0000e+00
     83.000   0.329543     0.6976 5.4387e-02      0.535     8.7793  1002.9586     3.2667     84.636          7 0.0000e+00
     84.000   0.329584     0.6981 5.4418e-02      0.560     8.7489  1002.9639     3.2670     85.656          7 0.0000e+00
     85.000   0.329637     0.6979 5.4239e-02      0.509     8.7753  1002.9694     3.2675     86.676          8 0.0000e+00
     86.000   0.329717     0.7013 5.4229e-02      0.513     8.7673  1002.9749     3.2680     87.696          8 0.0000e+00
     87.000   0.329867     0.7048 5.4246e-02      0.533     8.7378  1002.9809     3.2691     88.715          7 0.0000e+00
     88.000   0.329896     0.7050 5.4120e-02      0.558     8.7309  1002.9861     3.2693     89.735          8 0.0000e+00
     89.000   0.329961     0.7078 5.4023e-02      0.557     8.5926  1002.9915     3.2696     90.755          9 0.0000e+00
     90.000   0.330004     0.7204 5.4051e-02      0.271     8.0883  1002.9963     3.2687     91.774          3 0.0000e+00
