ctdpy/exports/archive_20200326_115716/received_data/a5_v16_19.cnv
* Sea-Bird SBE19plus Data File:
* FileName = C:\CTD\CTD 2019\v.16\A5_V16_2019.hex
* Software Version 1.59
* Temperature SN =  7668
* Conductivity SN =  7668
* System UpLoad Time = Apr 16 2019 14:35:05
** A5_V16_19
* ds
# nquan = 10
# nvalues = 95                          
# units = specified
# name 0 = prdM: Pressure, Strain Gauge [db]
# name 1 = c0S/m: Conductivity [S/m]
# name 2 = tv290C: Temperature [ITS-90, deg C]
# name 3 = par: PAR/Irradiance, Biospherical/Licor
# name 4 = dz/dtM: Descent Rate [m/s]
# name 5 = density00: Density [density, kg/m^3]
# name 6 = sal00: Salinity, Practical [PSU]
# name 7 = depFM: Depth [fresh water, m], lat = 0
# name 8 = nbin: number of scans per bin
# name 9 = flag: flag
# span 0 =      1.000,     95.000       
# span 1 =   0.292133,   0.327431       
# span 2 =    -0.0823,     0.7209       
# span 3 = -1.126e-04, 8.0363e+02       
# span 4 =      0.165,      1.043       
# span 5 =  1002.2389,  1003.0056       
# span 6 =     2.8855,     3.2588       
# span 7 =      1.020,     96.873       
# span 8 =          3,         17       
# span 9 = 0.0000e+00, 0.0000e+00       
# interval = decibars: 1                
# start_time = Apr 16 2019 13:58:10 [Instrument's time stamp, header]
# bad_flag = -9.990e-29
*END*
      1.000   0.292921     0.7209 8.0363e+02      0.181  1002.2389     2.8855      1.020         11 0.0000e+00
      2.000   0.292471     0.6663 3.3872e+02      0.674  1002.2418     2.8859      2.039          5 0.0000e+00
      3.000   0.292420     0.6567 2.0624e+02      0.817  1002.2467     2.8862      3.059          5 0.0000e+00
      4.000   0.292475     0.6602 1.4062e+02      0.856  1002.2520     2.8864      4.079          4 0.0000e+00
      5.000   0.292479     0.6574 9.2966e+01      0.884  1002.2571     2.8866      5.099          5 0.0000e+00
      6.000   0.292462     0.6479 6.2902e+01      0.939  1002.2622     2.8873      6.118          4 0.0000e+00
      7.000   0.292307     0.5998 4.1209e+01      0.952  1002.2674     2.8901      7.138          4 0.0000e+00
      8.000   0.292133     0.5246 2.7438e+01      0.961  1002.2732     2.8953      8.158          4 0.0000e+00
      9.000   0.292211     0.4731 1.7971e+01      0.973  1002.2803     2.9009      9.177          4 0.0000e+00
     10.000   0.292656     0.4424 1.1910e+01      0.974  1002.2900     2.9085     10.197          4 0.0000e+00
     11.000   0.293337     0.4193 8.2610e+00      0.986  1002.3015     2.9178     11.217          4 0.0000e+00
     12.000   0.293899     0.3954 5.7495e+00      0.985  1002.3120     2.9260     12.237          5 0.0000e+00
     13.000   0.294578     0.3450 3.8672e+00      0.992  1002.3242     2.9379     13.256          3 0.0000e+00
     14.000   0.295691     0.3172 2.7442e+00      1.014  1002.3395     2.9523     14.276          4 0.0000e+00
     15.000   0.296809     0.3303 1.8492e+00      1.023  1002.3538     2.9628     15.296          4 0.0000e+00
     16.000   0.298142     0.3522 1.2801e+00      1.007  1002.3696     2.9747     16.316          4 0.0000e+00
     17.000   0.299568     0.3952 9.3223e-01      0.995  1002.3855     2.9856     17.335          4 0.0000e+00
     18.000   0.300992     0.4540 6.3125e-01      1.004  1002.4009     2.9947     18.355          4 0.0000e+00
     19.000   0.302487     0.5085 4.3755e-01      1.009  1002.4169     3.0052     19.374          4 0.0000e+00
     20.000   0.304233     0.5440 3.0598e-01      1.004  1002.4356     3.0200     20.394          4 0.0000e+00
     21.000   0.305535     0.5513 1.9477e-01      0.999  1002.4514     3.0329     21.414          4 0.0000e+00
     22.000   0.306039     0.5213 1.2823e-01      0.991  1002.4617     3.0411     22.433          4 0.0000e+00
     23.000   0.306039     0.4529 8.4395e-02      0.990  1002.4690     3.0479     23.454          4 0.0000e+00
     24.000   0.305947     0.3786 4.1236e-02      1.000  1002.4757     3.0543     24.473          4 0.0000e+00
     25.000   0.305921     0.3046 9.7696e-03      1.007  1002.4828     3.0613     25.493          4 0.0000e+00
     26.000   0.305952     0.2443 7.0788e-04      1.012  1002.4900     3.0676     26.513          4 0.0000e+00
     27.000   0.306077     0.1971 -1.126e-04      1.013  1002.4975     3.0737     27.532          4 0.0000e+00
     28.000   0.306243     0.1620 1.0000e-12      1.010  1002.5050     3.0789     28.552          4 0.0000e+00
     29.000   0.306386     0.1364 1.0000e-12      1.004  1002.5120     3.0830     29.572          4 0.0000e+00
     30.000   0.306507     0.1215 1.0000e-12      1.000  1002.5185     3.0857     30.592          4 0.0000e+00
     31.000   0.306593     0.1122 1.0000e-12      1.004  1002.5245     3.0875     31.611          4 0.0000e+00
     32.000   0.306642     0.1029 1.0000e-12      1.023  1002.5302     3.0889     32.631          4 0.0000e+00
     33.000   0.306643     0.0866 1.0000e-12      1.040  1002.5357     3.0905     33.651          4 0.0000e+00
     34.000   0.306652     0.0654 1.0000e-12      1.043  1002.5414     3.0927     34.670          4 0.0000e+00
     35.000   0.306678     0.0378 1.0000e-12      1.037  1002.5474     3.0957     35.690          4 0.0000e+00
     36.000   0.306767     0.0106 1.0000e-12      1.037  1002.5540     3.0994     36.710          3 0.0000e+00
     37.000   0.307002    -0.0130 1.0000e-12      1.036  1002.5616     3.1042     37.729          4 0.0000e+00
     38.000   0.307317    -0.0304 1.0000e-12      1.035  1002.5699     3.1093     38.749          4 0.0000e+00
     39.000   0.307680    -0.0417 1.0000e-12      1.018  1002.5784     3.1143     39.769          4 0.0000e+00
     40.000   0.308001    -0.0519 1.0000e-12      1.001  1002.5865     3.1187     40.788          4 0.0000e+00
     41.000   0.308383    -0.0647 1.0000e-12      1.009  1002.5952     3.1241     41.808          4 0.0000e+00
     42.000   0.308749    -0.0773 1.0000e-12      1.019  1002.6037     3.1292     42.828          4 0.0000e+00
     43.000   0.309126    -0.0823 1.0000e-12      1.015  1002.6121     3.1338     43.848          4 0.0000e+00
     44.000   0.309414    -0.0793 1.0000e-12      0.998  1002.6196     3.1365     44.868          4 0.0000e+00
     45.000   0.309670    -0.0742 1.0000e-12      0.981  1002.6267     3.1386     45.887          4 0.0000e+00
     46.000   0.310000    -0.0672 1.0000e-12      0.991  1002.6343     3.1414     46.907          4 0.0000e+00
     47.000   0.310343    -0.0616 1.0000e-12      1.004  1002.6422     3.1444     47.927          4 0.0000e+00
     48.000   0.310703    -0.0543 1.0000e-12      1.000  1002.6501     3.1475     48.946          4 0.0000e+00
     49.000   0.311248    -0.0352 1.0000e-12      1.002  1002.6593     3.1513     49.966          4 0.0000e+00
     50.000   0.312556     0.0230 1.0000e-12      1.008  1002.6739     3.1592     50.986          4 0.0000e+00
     51.000   0.314699     0.1276 1.0000e-12      1.009  1002.6942     3.1712     52.006          4 0.0000e+00
     52.000   0.315969     0.2100 1.0000e-12      0.996  1002.7074     3.1762     53.025          4 0.0000e+00
     53.000   0.316478     0.2530 1.0000e-12      0.980  1002.7153     3.1771     54.045          4 0.0000e+00
     54.000   0.316740     0.2771 1.0000e-12      0.975  1002.7217     3.1773     55.065          4 0.0000e+00
     55.000   0.316999     0.3019 1.0000e-12      0.977  1002.7280     3.1774     56.084          4 0.0000e+00
     56.000   0.317629     0.3493 1.0000e-12      0.981  1002.7367     3.1791     57.104          4 0.0000e+00
     57.000   0.318950     0.4181 1.0000e-12      0.985  1002.7505     3.1859     58.124          5 0.0000e+00
     58.000   0.320020     0.4533 1.0000e-12      0.985  1002.7633     3.1935     59.143          4 0.0000e+00
     59.000   0.321052     0.4449 1.0000e-12      0.982  1002.7774     3.2053     60.163          4 0.0000e+00
     60.000   0.321951     0.4205 1.0000e-12      0.982  1002.7911     3.2173     61.183          4 0.0000e+00
     61.000   0.322637     0.4136 1.0000e-12      0.980  1002.8023     3.2252     62.203          4 0.0000e+00
     62.000   0.323448     0.4292 1.0000e-12      0.973  1002.8136     3.2321     63.222          4 0.0000e+00
     63.000   0.324422     0.4508 1.0000e-12      0.969  1002.8260     3.2401     64.242          4 0.0000e+00
     64.000   0.324927     0.4608 1.0000e-12      0.970  1002.8350     3.2443     65.262          4 0.0000e+00
     65.000   0.325384     0.4685 1.0000e-12      0.967  1002.8436     3.2483     66.281          4 0.0000e+00
     66.000   0.325944     0.4844 1.0000e-12      0.969  1002.8527     3.2524     67.301          4 0.0000e+00
     67.000   0.326301     0.4979 1.0000e-12      0.973  1002.8602     3.2547     68.321          5 0.0000e+00
     68.000   0.326472     0.5059 1.0000e-12      0.977  1002.8663     3.2556     69.341          4 0.0000e+00
     69.000   0.326570     0.5107 1.0000e-12      0.979  1002.8719     3.2561     70.360          4 0.0000e+00
     70.000   0.326735     0.5175 1.0000e-12      0.975  1002.8780     3.2570     71.380          4 0.0000e+00
     71.000   0.326962     0.5258 1.0000e-12      0.968  1002.8845     3.2585     72.400          4 0.0000e+00
     72.000   0.327030     0.5295 1.0000e-12      0.959  1002.8900     3.2588     73.419          4 0.0000e+00
     73.000   0.327038     0.5310 1.0000e-12      0.955  1002.8949     3.2586     74.439          4 0.0000e+00
     74.000   0.327039     0.5318 1.0000e-12      0.976  1002.8999     3.2585     75.459          4 0.0000e+00
     75.000   0.327034     0.5324 1.0000e-12      0.970  1002.9047     3.2583     76.479          5 0.0000e+00
     76.000   0.327042     0.5335 1.0000e-12      0.970  1002.9098     3.2582     77.498          4 0.0000e+00
     77.000   0.327039     0.5340 1.0000e-12      0.972  1002.9147     3.2581     78.518          4 0.0000e+00
     78.000   0.327031     0.5341 1.0000e-12      0.967  1002.9196     3.2579     79.538          4 0.0000e+00
     79.000   0.327028     0.5344 1.0000e-12      0.969  1002.9245     3.2577     80.558          4 0.0000e+00
     80.000   0.327031     0.5349 1.0000e-12      0.963  1002.9295     3.2576     81.577          4 0.0000e+00
     81.000   0.327031     0.5352 1.0000e-12      0.965  1002.9344     3.2576     82.597          4 0.0000e+00
     82.000   0.327027     0.5352 1.0000e-12      0.972  1002.9394     3.2574     83.617          5 0.0000e+00
     83.000   0.327028     0.5354 1.0000e-12      0.973  1002.9444     3.2574     84.636          4 0.0000e+00
     84.000   0.327027     0.5356 1.0000e-12      0.964  1002.9493     3.2573     85.656          4 0.0000e+00
     85.000   0.327023     0.5356 1.0000e-12      0.929  1002.9542     3.2572     86.676          5 0.0000e+00
     86.000   0.327020     0.5355 1.0000e-12      0.814  1002.9592     3.2571     87.696          5 0.0000e+00
     87.000   0.327026     0.5357 1.0000e-12      0.758  1002.9642     3.2571     88.715          5 0.0000e+00
     88.000   0.327031     0.5359 1.0000e-12      0.794  1002.9692     3.2570     89.735          5 0.0000e+00
     89.000   0.327018     0.5353 1.0000e-12      0.808  1002.9741     3.2569     90.755          7 0.0000e+00
     90.000   0.326934     0.5303 1.0000e-12      0.213  1002.9786     3.2564     91.774         17 0.0000e+00
     91.000   0.327153     0.5413 1.0000e-12      0.432  1002.9849     3.2575     92.794          9 0.0000e+00
     92.000   0.327153     0.5442 1.0000e-12      0.445  1002.9898     3.2572     93.814         13 0.0000e+00
     93.000   0.327280     0.5495 1.0000e-12      0.165  1002.9956     3.2579     94.834         14 0.0000e+00
     94.000   0.327431     0.5570 1.0000e-12      0.210  1003.0016     3.2586     95.853         15 0.0000e+00
     95.000   0.327311     0.5544 1.0000e-12      0.450  1003.0056     3.2575     96.873          5 0.0000e+00
