ctdpy/exports/archive_20200326_115716/received_data/a5_v50_19.cnv
* Sea-Bird SBE19plus Data File:
* FileName = C:\CTD\CTD 2019\v50\A5_v50_19.hex
* Software Version 1.59
* Temperature SN =  4644
* Conductivity SN =  4644
* System UpLoad Time = Dec 09 2019 08:35:03
** A5_v50_19
* ds
# nquan = 11
# nvalues = 99                          
# units = specified
# name 0 = prdM: Pressure, Strain Gauge [db]
# name 1 = c0S/m: Conductivity [S/m]
# name 2 = tv290C: Temperature [ITS-90, deg C]
# name 3 = par: PAR/Irradiance, Biospherical/Licor
# name 4 = dz/dtM: Descent Rate [m/s]
# name 5 = sbeox0ML/L: Oxygen, SBE 43 [ml/l]
# name 6 = density00: Density [density, kg/m^3]
# name 7 = sal00: Salinity, Practical [PSU]
# name 8 = depFM: Depth [fresh water, m], lat = 58
# name 9 = nbin: number of scans per bin
# name 10 = flag: flag
# span 0 =      1.000,     99.000       
# span 1 =   0.315562,   0.361680       
# span 2 =     2.2908,     3.7139       
# span 3 = 5.3022e-02, 1.2369e+00       
# span 4 =      0.110,      1.070       
# span 5 =     7.3133,     8.5920       
# span 6 =  1002.3538,  1003.1064       
# span 7 =     2.9680,     3.2956       
# span 8 =      1.020,    100.952       
# span 9 =          5,         17       
# span 10 = 0.0000e+00, 0.0000e+00      
# interval = decibars: 1                
# start_time = Dec 09 2019 08:02:42 [Instrument's time stamp, header]
# bad_flag = -9.990e-29
*END*
      1.000   0.315677     2.3203 1.2369e+00      0.310     8.3199  1002.3538     2.9680      1.020         16 0.0000e+00
      2.000   0.315591     2.2980 7.5612e-01      0.316     8.1761  1002.3593     2.9692      2.039         13 0.0000e+00
      3.000   0.315570     2.2952 4.0089e-01      0.418     8.3923  1002.3642     2.9692      3.059         10 0.0000e+00
      4.000   0.315562     2.2908 2.0811e-01      0.307     8.5523  1002.3693     2.9695      4.079         10 0.0000e+00
      5.000   0.315591     2.2923 1.3966e-01      0.575     8.3869  1002.3744     2.9695      5.099          8 0.0000e+00
      6.000   0.315667     2.2964 9.5865e-02      0.417     8.4082  1002.3797     2.9699      6.118         10 0.0000e+00
      7.000   0.315761     2.3006 7.9059e-02      0.426     8.4145  1002.3851     2.9703      7.138          7 0.0000e+00
      8.000   0.315719     2.2962 6.9787e-02      0.595     8.3181  1002.3900     2.9703      8.158          8 0.0000e+00
      9.000   0.315774     2.3012 6.4761e-02      0.402     8.5920  1002.3951     2.9703      9.177          8 0.0000e+00
     10.000   0.315964     2.3078 6.2222e-02      0.581     8.4685  1002.4011     2.9715     10.197          7 0.0000e+00
     11.000   0.316034     2.3115 6.0760e-02      0.610     8.2407  1002.4064     2.9718     11.217          9 0.0000e+00
     12.000   0.318246     2.4231 5.9420e-02      0.263     8.5082  1002.4223     2.9833     12.237          8 0.0000e+00
     13.000   0.321192     2.5481 5.9041e-02      0.702     8.3287  1002.4430     3.0008     13.256          6 0.0000e+00
     14.000   0.321876     2.6283 5.8851e-02      0.659     8.0569  1002.4483     3.0000     14.276          8 0.0000e+00
     15.000   0.326083     2.8334 5.8312e-02      0.198     8.3417  1002.4728     3.0221     15.296          8 0.0000e+00
     16.000   0.334408     3.1321 5.8258e-02      0.734     8.1824  1002.5220     3.0753     16.316          5 0.0000e+00
     17.000   0.335429     3.2097 5.8136e-02      0.773     8.0740  1002.5291     3.0778     17.335          9 0.0000e+00
     18.000   0.335213     3.1728 5.8002e-02      0.113     8.3428  1002.5351     3.0792     18.355          7 0.0000e+00
     19.000   0.334432     3.1736 5.7832e-02      0.741     8.1596  1002.5338     3.0714     19.375          6 0.0000e+00
     20.000   0.335292     3.2291 5.7861e-02      0.713     8.0247  1002.5413     3.0745     20.394          9 0.0000e+00
     21.000   0.336352     3.2363 5.7739e-02      0.110     8.3061  1002.5539     3.0840     21.414          8 0.0000e+00
     22.000   0.336421     3.2585 5.7755e-02      0.782     8.0679  1002.5577     3.0825     22.434          5 0.0000e+00
     23.000   0.336728     3.3020 5.7609e-02      0.752     7.9629  1002.5616     3.0813     23.454          8 0.0000e+00
     24.000   0.338642     3.3472 5.7565e-02      0.340     8.1356  1002.5779     3.0955     24.473          8 0.0000e+00
     25.000   0.340196     3.4048 5.7532e-02      0.631     7.9488  1002.5903     3.1050     25.493          7 0.0000e+00
     26.000   0.340025     3.4187 5.7379e-02      0.534     7.9433  1002.5928     3.1020     26.512          8 0.0000e+00
     27.000   0.340745     3.4297 5.7416e-02      0.422     8.2158  1002.6024     3.1078     27.533          6 0.0000e+00
     28.000   0.341001     3.4397 5.7497e-02      0.792     7.9774  1002.6085     3.1093     28.552          6 0.0000e+00
     29.000   0.340081     3.4175 5.7243e-02      0.524     8.0601  1002.6080     3.1024     29.572         10 0.0000e+00
     30.000   0.340932     3.4354 5.7201e-02      0.363     8.2986  1002.6181     3.1089     30.591          6 0.0000e+00
     31.000   0.341415     3.4578 5.7148e-02      0.777     8.0244  1002.6249     3.1114     31.611          6 0.0000e+00
     32.000   0.340886     3.4486 5.7104e-02      0.519     7.9673  1002.6264     3.1071     32.631         10 0.0000e+00
     33.000   0.341297     3.4550 5.6984e-02      0.395     8.2248  1002.6340     3.1104     33.651          7 0.0000e+00
     34.000   0.341498     3.4671 5.6969e-02      0.751     7.9600  1002.6395     3.1111     34.670          6 0.0000e+00
     35.000   0.341459     3.4835 5.6931e-02      0.553     7.9620  1002.6427     3.1091     35.690          8 0.0000e+00
     36.000   0.342836     3.5224 5.6821e-02      0.491     8.0712  1002.6551     3.1186     36.710          7 0.0000e+00
     37.000   0.343876     3.5485 5.6776e-02      0.630     8.0850  1002.6659     3.1261     37.730          6 0.0000e+00
     38.000   0.344546     3.5608 5.6700e-02      0.563     8.2159  1002.6749     3.1313     38.750          7 0.0000e+00
     39.000   0.345141     3.5710 5.6692e-02      0.694     7.9808  1002.6836     3.1361     39.769          6 0.0000e+00
     40.000   0.345032     3.5849 5.6662e-02      0.554     8.0378  1002.6865     3.1336     40.789          9 0.0000e+00
     41.000   0.346375     3.6161 5.6523e-02      0.361     8.2629  1002.6991     3.1435     41.808          6 0.0000e+00
     42.000   0.347484     3.6456 5.6547e-02      0.829     8.0370  1002.7101     3.1513     42.828          5 0.0000e+00
     43.000   0.347402     3.6461 5.6533e-02      0.760     7.9573  1002.7143     3.1504     43.848          8 0.0000e+00
     44.000   0.348047     3.6485 5.6462e-02      0.216     8.2117  1002.7239     3.1563     44.868          7 0.0000e+00
     45.000   0.349353     3.6620 5.6357e-02      0.714     7.9998  1002.7377     3.1675     45.887          6 0.0000e+00
     46.000   0.349836     3.6638 5.6357e-02      0.822     7.7729  1002.7461     3.1719     46.907          6 0.0000e+00
     47.000   0.349889     3.6582 5.6220e-02      0.434     7.9460  1002.7519     3.1729     47.927          9 0.0000e+00
     48.000   0.350087     3.6454 5.5446e-02      0.500     8.0946  1002.7594     3.1760     48.946          6 0.0000e+00
     49.000   0.350395     3.6405 5.6196e-02      0.727     7.9523  1002.7671     3.1794     49.966          6 0.0000e+00
     50.000   0.351004     3.6457 5.6065e-02      0.664     7.9469  1002.7762     3.1847     50.986          7 0.0000e+00
     51.000   0.351567     3.6455 5.6101e-02      0.555     7.8563  1002.7855     3.1901     52.006          7 0.0000e+00
     52.000   0.352268     3.6492 5.5980e-02      0.504     7.8466  1002.7954     3.1964     53.025          9 0.0000e+00
     53.000   0.353558     3.6665 5.5888e-02      0.433     8.0066  1002.8087     3.2071     54.045          6 0.0000e+00
     54.000   0.355078     3.6943 5.5887e-02      0.712     7.8195  1002.8229     3.2190     55.065          6 0.0000e+00
     55.000   0.355852     3.6950 5.5874e-02      0.705     7.5416  1002.8337     3.2263     56.084          8 0.0000e+00
     56.000   0.356296     3.6799 5.5803e-02      0.329     7.7668  1002.8433     3.2320     57.104          8 0.0000e+00
     57.000   0.356956     3.6389 5.5543e-02      0.588     7.7699  1002.8568     3.2424     58.124          5 0.0000e+00
     58.000   0.357094     3.6196 5.5672e-02      0.855     7.4798  1002.8644     3.2456     59.144          7 0.0000e+00
     59.000   0.357235     3.6091 5.5539e-02      0.359     7.6431  1002.8713     3.2479     60.163          8 0.0000e+00
     60.000   0.358470     3.6333 5.5632e-02      0.554     7.7530  1002.8836     3.2574     61.183          6 0.0000e+00
     61.000   0.360149     3.7002 5.5417e-02      0.825     7.6170  1002.8955     3.2668     62.202          6 0.0000e+00
     62.000   0.360798     3.7139 5.5412e-02      0.544     7.6478  1002.9042     3.2716     63.222          8 0.0000e+00
     63.000   0.360795     3.6873 5.5384e-02      0.573     7.5692  1002.9114     3.2742     64.242          7 0.0000e+00
     64.000   0.360719     3.6732 5.5323e-02      0.553     7.6334  1002.9169     3.2748     65.262          7 0.0000e+00
     65.000   0.360880     3.6735 5.5243e-02      0.542     7.6986  1002.9230     3.2763     66.282          6 0.0000e+00
     66.000   0.361247     3.6834 5.5101e-02      0.699     7.6474  1002.9298     3.2788     67.301          6 0.0000e+00
     67.000   0.361450     3.6892 5.5145e-02      0.651     7.5183  1002.9358     3.2801     68.321          7 0.0000e+00
     68.000   0.361551     3.6930 5.5020e-02      0.503     7.6034  1002.9411     3.2806     69.341          8 0.0000e+00
     69.000   0.361624     3.6912 5.5153e-02      0.469     7.7702  1002.9467     3.2814     70.360          7 0.0000e+00
     70.000   0.361602     3.6826 5.4999e-02      0.750     7.5540  1002.9521     3.2820     71.380          5 0.0000e+00
     71.000   0.361558     3.6782 5.5021e-02      0.710     7.3326  1002.9570     3.2820     72.400          8 0.0000e+00
     72.000   0.361562     3.6749 5.4911e-02      0.336     7.6990  1002.9622     3.2823     73.420          7 0.0000e+00
     73.000   0.361440     3.6451 5.4827e-02      0.588     7.7645  1002.9688     3.2841     74.440          6 0.0000e+00
     74.000   0.361196     3.5994 5.4747e-02      0.955     7.4826  1002.9758     3.2863     75.459          5 0.0000e+00
     75.000   0.361242     3.5924 5.4698e-02      0.390     7.4916  1002.9817     3.2874     76.479         11 0.0000e+00
     76.000   0.361087     3.5681 5.4640e-02      0.336     7.6919  1002.9875     3.2883     77.498          5 0.0000e+00
     77.000   0.360999     3.5530 5.4482e-02      1.070     7.4484  1002.9930     3.2889     78.518          5 0.0000e+00
     78.000   0.361062     3.5537 5.4559e-02      0.644     7.4415  1002.9983     3.2894     79.538          9 0.0000e+00
     79.000   0.361057     3.5454 5.4478e-02      0.295     7.7076  1003.0039     3.2901     80.558          7 0.0000e+00
     80.000   0.361005     3.5353 5.4428e-02      0.854     7.4561  1003.0093     3.2905     81.577          5 0.0000e+00
     81.000   0.361105     3.5332 5.4332e-02      0.673     7.3159  1003.0151     3.2917     82.597          8 0.0000e+00
     82.000   0.361077     3.5271 5.4404e-02      0.424     7.5317  1003.0203     3.2919     83.617          7 0.0000e+00
     83.000   0.360997     3.5169 5.4281e-02      0.666     7.5021  1003.0254     3.2921     84.637          6 0.0000e+00
     84.000   0.361005     3.5128 5.4143e-02      0.566     7.5816  1003.0307     3.2926     85.656          7 0.0000e+00
     85.000   0.360972     3.5064 5.4030e-02      0.583     7.4683  1003.0359     3.2928     86.676          8 0.0000e+00
     86.000   0.360986     3.5022 5.4022e-02      0.485     7.5723  1003.0413     3.2933     87.695          8 0.0000e+00
     87.000   0.360987     3.4995 5.3944e-02      0.526     7.6160  1003.0464     3.2936     88.715          6 0.0000e+00
     88.000   0.361057     3.5003 5.3916e-02      0.696     7.4897  1003.0517     3.2941     89.735          7 0.0000e+00
     89.000   0.361160     3.5042 5.3913e-02      0.567     7.5211  1003.0570     3.2946     90.755          7 0.0000e+00
     90.000   0.361275     3.5115 5.3761e-02      0.505     7.5817  1003.0622     3.2949     91.774          7 0.0000e+00
     91.000   0.361404     3.5192 5.3840e-02      0.559     7.6109  1003.0674     3.2954     92.794          6 0.0000e+00
     92.000   0.361430     3.5205 5.3705e-02      0.745     7.3293  1003.0723     3.2954     93.814          7 0.0000e+00
     93.000   0.361475     3.5218 5.3627e-02      0.445     7.3133  1003.0774     3.2956     94.833          9 0.0000e+00
     94.000   0.361529     3.5277 5.3605e-02      0.426     7.7131  1003.0822     3.2955     95.853          7 0.0000e+00
     95.000   0.361568     3.5306 5.3413e-02      0.835     7.5908  1003.0871     3.2955     96.873          6 0.0000e+00
     96.000   0.361577     3.5319 5.3452e-02      0.215     7.6031  1003.0920     3.2954     97.893         10 0.0000e+00
     97.000   0.361566     3.5309 5.3476e-02      0.357     7.5788  1003.0968     3.2954     98.912         14 0.0000e+00
     98.000   0.361589     3.5333 5.3265e-02      0.360     7.5408  1003.1017     3.2953     99.932         14 0.0000e+00
     99.000   0.361680     3.5427 5.3022e-02      0.235     7.4943  1003.1064     3.2951    100.952         17 0.0000e+00
