ctdpy/exports/archive_20200326_115716/received_data/a5_v24_19.cnv
* Sea-Bird SBE19plus Data File:
* FileName = C:\CTD\CTD 2019\v24\A5_v24_19.hex
* Software Version 1.59
* Temperature SN =  4644
* Conductivity SN =  4644
* System UpLoad Time = Jun 12 2019 13:44:23
** A5_v24_19
* ds
# nquan = 11
# nvalues = 95                          
# units = specified
# name 0 = prdM: Pressure, Strain Gauge [db]
# name 1 = c0S/m: Conductivity [S/m]
# name 2 = tv290C: Temperature [ITS-90, deg C]
# name 3 = par: PAR/Irradiance, Biospherical/Licor
# name 4 = dz/dtM: Descent Rate [m/s]
# name 5 = sbeox0ML/L: Oxygen, SBE 43 [ml/l]
# name 6 = density00: Density [density, kg/m^3]
# name 7 = sal00: Salinity, Practical [PSU]
# name 8 = depFM: Depth [fresh water, m], lat = 58
# name 9 = nbin: number of scans per bin
# name 10 = flag: flag
# span 0 =      1.000,     95.000       
# span 1 =   0.306293,   0.332736       
# span 2 =     1.0820,     7.6817       
# span 3 = 6.0721e-02, 6.7227e+02       
# span 4 =      0.120,      0.506       
# span 5 =     8.1666,     9.1624       
# span 6 =  1001.8593,  1002.9889       
# span 7 =     2.4781,     3.2138       
# span 8 =      1.020,     96.873       
# span 9 =          4,         23       
# span 10 = 0.0000e+00, 0.0000e+00      
# interval = decibars: 1                
# start_time = Jun 12 2019 13:08:49 [Instrument's time stamp, header]
# bad_flag = -9.990e-29
*END*
      1.000   0.306293     7.2474 6.7227e+02      0.127     8.3542  1001.8593     2.4781      1.020         12 0.0000e+00
      2.000   0.326689     7.1865 3.1248e+02      0.302     8.1666  1002.0096     2.6581      2.039         15 0.0000e+00
      3.000   0.331895     7.6273 1.4859e+02      0.184     8.4723  1001.9964     2.6689      3.059         15 0.0000e+00
      4.000   0.332736     7.6817 6.4224e+01      0.268     8.4206  1002.0002     2.6719      4.079         15 0.0000e+00
      5.000   0.329800     7.2563 3.9578e+01      0.282     8.6712  1002.0360     2.6793      5.099         14 0.0000e+00
      6.000   0.322340     6.5736 2.4784e+01      0.339     8.6696  1002.0683     2.6673      6.118         11 0.0000e+00
      7.000   0.320345     6.3240 1.5542e+01      0.371     8.7037  1002.0862     2.6691      7.138         11 0.0000e+00
      8.000   0.319571     6.1706 9.8177e+00      0.385     8.7101  1002.1018     2.6742      8.158         10 0.0000e+00
      9.000   0.319176     6.0562 6.2476e+00      0.402     8.7115  1002.1158     2.6796      9.177         10 0.0000e+00
     10.000   0.318946     5.9767 4.0176e+00      0.417     8.6761  1002.1272     2.6838     10.197          9 0.0000e+00
     11.000   0.317710     5.7868 2.5772e+00      0.432     8.6569  1002.1424     2.6878     11.217          9 0.0000e+00
     12.000   0.316732     5.6776 1.6638e+00      0.433     8.5971  1002.1511     2.6876     12.237         10 0.0000e+00
     13.000   0.316821     5.6556 1.0707e+00      0.424     8.5732  1002.1587     2.6901     13.256          9 0.0000e+00
     14.000   0.317208     5.6523 6.8215e-01      0.423     8.5761  1002.1667     2.6938     14.276          9 0.0000e+00
     15.000   0.317224     5.6187 4.4213e-01      0.440     8.5427  1002.1749     2.6966     15.296          9 0.0000e+00
     16.000   0.317986     5.6268 2.9751e-01      0.437     8.5403  1002.1844     2.7028     16.315         10 0.0000e+00
     17.000   0.317610     5.5514 2.0936e-01      0.428     8.5503  1002.1939     2.7054     17.335          9 0.0000e+00
     18.000   0.317691     5.4664 1.5518e-01      0.439     8.5426  1002.2076     2.7129     18.355          9 0.0000e+00
     19.000   0.319589     5.3691 1.2271e-01      0.448     8.5367  1002.2355     2.7380     19.375          9 0.0000e+00
     20.000   0.320596     5.2672 1.0256e-01      0.463     8.5446  1002.2573     2.7554     20.394          9 0.0000e+00
     21.000   0.321042     5.1442 8.9970e-02      0.442     8.5890  1002.2770     2.7696     21.414          9 0.0000e+00
     22.000   0.321385     5.0510 8.1907e-02      0.435     8.6230  1002.2930     2.7804     22.434          9 0.0000e+00
     23.000   0.321641     4.9878 7.6560e-02      0.454     8.6395  1002.3056     2.7880     23.453          8 0.0000e+00
     24.000   0.322030     4.9143 7.3283e-02      0.472     8.6439  1002.3200     2.7977     24.473          9 0.0000e+00
     25.000   0.322399     4.8668 7.1037e-02      0.471     8.6502  1002.3319     2.8051     25.493          9 0.0000e+00
     26.000   0.322625     4.8115 6.9777e-02      0.446     8.8119  1002.3434     2.8118     26.513          8 0.0000e+00
     27.000   0.322869     4.5308 6.8718e-02      0.460     8.8394  1002.3749     2.8379     27.532          9 0.0000e+00
     28.000   0.323776     4.0715 6.8169e-02      0.437     8.8663  1002.4256     2.8863     28.552          9 0.0000e+00
     29.000   0.324511     3.7670 6.7691e-02      0.451     8.9916  1002.4606     2.9203     29.572          9 0.0000e+00
     30.000   0.324917     3.4824 6.7350e-02      0.445     9.0782  1002.4906     2.9498     30.592          9 0.0000e+00
     31.000   0.325089     3.1673 6.7152e-02      0.453     9.0775  1002.5202     2.9803     31.611          9 0.0000e+00
     32.000   0.325718     3.0593 6.6956e-02      0.473     9.0834  1002.5377     2.9964     32.631          8 0.0000e+00
     33.000   0.326349     3.0081 6.6811e-02      0.479     9.1406  1002.5512     3.0073     33.651          8 0.0000e+00
     34.000   0.325902     2.8893 6.6716e-02      0.485     9.1072  1002.5609     3.0140     34.670          9 0.0000e+00
     35.000   0.325644     2.8064 6.6563e-02      0.486     9.1310  1002.5695     3.0192     35.690          8 0.0000e+00
     36.000   0.325511     2.7368 6.6630e-02      0.506     9.1140  1002.5781     3.0243     36.710          8 0.0000e+00
     37.000   0.325653     2.6804 6.6367e-02      0.487     9.1176  1002.5879     3.0310     37.729          8 0.0000e+00
     38.000   0.326619     2.7014 6.6314e-02      0.488     9.0863  1002.5990     3.0385     38.749          8 0.0000e+00
     39.000   0.327493     2.7249 6.6348e-02      0.502     9.0897  1002.6093     3.0449     39.769          8 0.0000e+00
     40.000   0.328131     2.7500 6.6192e-02      0.504     9.0563  1002.6175     3.0487     40.789          8 0.0000e+00
     41.000   0.328514     2.7692 6.6262e-02      0.501     9.0237  1002.6242     3.0506     41.808          8 0.0000e+00
     42.000   0.329467     2.8487 6.6017e-02      0.473     9.0556  1002.6311     3.0524     42.828          9 0.0000e+00
     43.000   0.329922     2.8697 6.6186e-02      0.465     9.0575  1002.6381     3.0548     43.848          8 0.0000e+00
     44.000   0.330426     2.9011 6.5918e-02      0.458     9.0726  1002.6447     3.0567     44.868          9 0.0000e+00
     45.000   0.330911     2.9162 6.6712e-02      0.474     9.0892  1002.6524     3.0599     45.887          9 0.0000e+00
     46.000   0.330870     2.8764 6.7008e-02      0.447     9.1588  1002.6598     3.0633     46.907          9 0.0000e+00
     47.000   0.329400     2.7124 6.5453e-02      0.446     9.1624  1002.6645     3.0644     47.927          9 0.0000e+00
     48.000   0.328235     2.5647 6.5601e-02      0.446     9.1384  1002.6701     3.0670     48.946          9 0.0000e+00
     49.000   0.327207     2.4044 6.5791e-02      0.430     8.9891  1002.6773     3.0722     49.966         10 0.0000e+00
     50.000   0.327662     2.3472 6.5825e-02      0.306     8.8380  1002.6896     3.0822     50.986         14 0.0000e+00
     51.000   0.328839     2.3513 6.6222e-02      0.206     8.7532  1002.7037     3.0935     52.005         18 0.0000e+00
     52.000   0.328592     2.3421 6.6648e-02      0.313     9.0006  1002.7072     3.0918     53.025         12 0.0000e+00
     53.000   0.328670     2.3244 6.6563e-02      0.365     9.0316  1002.7139     3.0943     54.045         11 0.0000e+00
     54.000   0.328592     2.2792 6.6314e-02      0.372     8.9587  1002.7211     3.0979     55.065         11 0.0000e+00
     55.000   0.328684     2.2515 6.6196e-02      0.361     8.8512  1002.7285     3.1014     56.084         11 0.0000e+00
     56.000   0.328748     2.2294 6.6351e-02      0.361     8.8694  1002.7353     3.1042     57.104         11 0.0000e+00
     57.000   0.328736     2.2140 6.6345e-02      0.387     8.9553  1002.7411     3.1055     58.124         10 0.0000e+00
     58.000   0.328779     2.1838 6.6207e-02      0.409     8.9946  1002.7483     3.1088     59.144         10 0.0000e+00
     59.000   0.328920     2.1475 6.5923e-02      0.404     9.0426  1002.7566     3.1137     60.163         10 0.0000e+00
     60.000   0.329088     2.1273 6.5865e-02      0.413     9.0860  1002.7641     3.1174     61.183          9 0.0000e+00
     61.000   0.328863     2.0626 6.5829e-02      0.433     9.0439  1002.7712     3.1214     62.203          9 0.0000e+00
     62.000   0.328614     2.0009 6.5720e-02      0.437     8.9953  1002.7778     3.1250     63.222          9 0.0000e+00
     63.000   0.329028     2.0170 6.5613e-02      0.431     8.9849  1002.7852     3.1275     64.242         10 0.0000e+00
     64.000   0.329276     2.0230 6.5572e-02      0.443     8.9704  1002.7917     3.1293     65.262          9 0.0000e+00
     65.000   0.329323     2.0170 6.5406e-02      0.440     8.9922  1002.7974     3.1303     66.282          9 0.0000e+00
     66.000   0.329391     2.0045 6.5528e-02      0.461     8.9722  1002.8037     3.1322     67.301          8 0.0000e+00
     67.000   0.329438     1.9865 6.5487e-02      0.457     8.9767  1002.8101     3.1344     68.321          9 0.0000e+00
     68.000   0.329536     1.9700 6.5378e-02      0.456     8.9601  1002.8168     3.1370     69.341          9 0.0000e+00
     69.000   0.329627     1.9577 6.5436e-02      0.442     8.9538  1002.8232     3.1391     70.360          9 0.0000e+00
     70.000   0.329708     1.9510 6.5753e-02      0.452     8.9573  1002.8292     3.1405     71.380          9 0.0000e+00
     71.000   0.329757     1.9482 6.5633e-02      0.453     8.9553  1002.8347     3.1412     72.400          8 0.0000e+00
     72.000   0.329753     1.9384 6.5100e-02      0.469     8.9569  1002.8402     3.1421     73.419          9 0.0000e+00
     73.000   0.329591     1.9089 6.5095e-02      0.477     8.9563  1002.8455     3.1433     74.439          8 0.0000e+00
     74.000   0.329408     1.8685 6.4987e-02      0.465     8.9498  1002.8514     3.1454     75.459          9 0.0000e+00
     75.000   0.329187     1.8159 6.4910e-02      0.455     8.9750  1002.8576     3.1484     76.479          9 0.0000e+00
     76.000   0.329139     1.7777 6.4691e-02      0.473     8.9828  1002.8644     3.1517     77.498          8 0.0000e+00
     77.000   0.328843     1.6996 6.4602e-02      0.476     8.9595  1002.8714     3.1564     78.518          9 0.0000e+00
     78.000   0.328708     1.6516 6.4439e-02      0.474     8.9495  1002.8780     3.1598     79.538          8 0.0000e+00
     79.000   0.328752     1.6333 6.4241e-02      0.459     8.9385  1002.8843     3.1620     80.558          9 0.0000e+00
     80.000   0.328709     1.6065 6.4219e-02      0.445     8.9429  1002.8905     3.1642     81.577          9 0.0000e+00
     81.000   0.328625     1.5814 6.4237e-02      0.450     8.9635  1002.8961     3.1658     82.597          9 0.0000e+00
     82.000   0.328515     1.5396 6.3965e-02      0.454     8.9317  1002.9024     3.1689     83.617          9 0.0000e+00
     83.000   0.328304     1.4634 6.3807e-02      0.435     8.9290  1002.9098     3.1744     84.636          9 0.0000e+00
     84.000   0.328084     1.3775 6.3892e-02      0.410     8.8825  1002.9176     3.1808     85.656         10 0.0000e+00
     85.000   0.327937     1.3106 6.3745e-02      0.387     8.8590  1002.9249     3.1860     86.676         11 0.0000e+00
     86.000   0.327948     1.2776 6.3630e-02      0.381     8.8027  1002.9316     3.1894     87.696         10 0.0000e+00
     87.000   0.328187     1.2587 6.3545e-02      0.344     8.5726  1002.9396     3.1938     88.715         14 0.0000e+00
     88.000   0.328704     1.2722 6.3376e-02      0.173     8.3822  1002.9481     3.1977     89.735         17 0.0000e+00
     89.000   0.328532     1.2565 6.3148e-02      0.230     8.5045  1002.9525     3.1975     90.755         17 0.0000e+00
     90.000   0.328288     1.1766 6.3349e-02      0.269     8.5687  1002.9595     3.2031     91.774         16 0.0000e+00
     91.000   0.328744     1.1473 6.2967e-02      0.171     8.5323  1002.9698     3.2108     92.794         14 0.0000e+00
     92.000   0.328740     1.1300 6.2359e-02      0.252     8.5435  1002.9756     3.2125     93.814         19 0.0000e+00
     93.000   0.328924     1.1348 6.1922e-02      0.120     8.6226  1002.9818     3.2138     94.834         19 0.0000e+00
     94.000   0.328584     1.1013 6.0933e-02      0.178     8.8847  1002.9856     3.2136     95.853         23 0.0000e+00
     95.000   0.328259     1.0820 6.0721e-02      0.205     8.4638  1002.9889     3.2122     96.873          4 0.0000e+00
