ctdpy/exports/archive_20200326_115716/received_data/a5_v38_19.cnv
* Sea-Bird SBE19plus Data File:
* FileName = C:\CTD\CTD 2019\v38\A5_v38_19.hex
* Software Version 1.59
* Temperature SN =  4644
* Conductivity SN =  4644
* System UpLoad Time = Sep 18 2019 14:39:09
** A5 k22 v38 2019
* ds
# nquan = 11
# nvalues = 97                          
# units = specified
# name 0 = prdM: Pressure, Strain Gauge [db]
# name 1 = c0S/m: Conductivity [S/m]
# name 2 = tv290C: Temperature [ITS-90, deg C]
# name 3 = par: PAR/Irradiance, Biospherical/Licor
# name 4 = dz/dtM: Descent Rate [m/s]
# name 5 = sbeox0ML/L: Oxygen, SBE 43 [ml/l]
# name 6 = density00: Density [density, kg/m^3]
# name 7 = sal00: Salinity, Practical [PSU]
# name 8 = depFM: Depth [fresh water, m], lat = 58
# name 9 = nbin: number of scans per bin
# name 10 = flag: flag
# span 0 =      1.000,     97.000       
# span 1 =   0.336065,   0.371723       
# span 2 =     1.7536,    12.6298       
# span 3 = 5.9665e-02, 2.0695e+02       
# span 4 =      0.062,      0.562       
# span 5 =     6.3725,     8.5404       
# span 6 =  1001.4702,  1003.0818       
# span 7 =     2.6199,     3.2924       
# span 8 =      1.020,     98.913       
# span 9 =          7,         19       
# span 10 = 0.0000e+00, 0.0000e+00      
# interval = decibars: 1                
# start_time = Sep 18 2019 14:05:55 [Instrument's time stamp, header]
# bad_flag = -9.990e-29
*END*
      1.000   0.371471    12.6177 2.0695e+02      0.062     6.7505  1001.4702     2.6237      1.020         10 0.0000e+00
      2.000   0.371613    12.6280 1.0929e+02      0.339     6.4605  1001.4738     2.6240      2.039         12 0.0000e+00
      3.000   0.371723    12.6298 6.4371e+01      0.394     6.6377  1001.4787     2.6246      3.059          9 0.0000e+00
      4.000   0.371457    12.6236 3.6612e+01      0.446     6.6522  1001.4830     2.6231      4.079          9 0.0000e+00
      5.000   0.371366    12.6255 2.1356e+01      0.468     6.6789  1001.4868     2.6222      5.098          8 0.0000e+00
      6.000   0.371357    12.6097 1.3055e+01      0.496     6.6951  1001.4943     2.6232      6.118          8 0.0000e+00
      7.000   0.371094    12.5931 8.1271e+00      0.547     6.6436  1001.5004     2.6223      7.138          7 0.0000e+00
      8.000   0.371162    12.5868 5.3918e+00      0.534     6.6929  1001.5066     2.6232      8.158          8 0.0000e+00
      9.000   0.370901    12.5674 3.5463e+00      0.562     6.6115  1001.5133     2.6225      9.178          7 0.0000e+00
     10.000   0.370736    12.5548 2.3703e+00      0.555     6.3725  1001.5193     2.6222     10.197          8 0.0000e+00
     11.000   0.370605    12.5464 1.6350e+00      0.413     6.5474  1001.5247     2.6217     11.217          9 0.0000e+00
     12.000   0.370512    12.5402 1.0902e+00      0.466     6.4963  1001.5300     2.6214     12.237          8 0.0000e+00
     13.000   0.370484    12.5366 7.3813e-01      0.495     6.5350  1001.5352     2.6214     13.256          9 0.0000e+00
     14.000   0.370473    12.5343 5.0883e-01      0.470     6.3762  1001.5402     2.6214     14.276          9 0.0000e+00
     15.000   0.370462    12.5318 3.6055e-01      0.427     6.5982  1001.5452     2.6215     15.296          9 0.0000e+00
     16.000   0.370420    12.5294 2.5477e-01      0.482     6.5581  1001.5501     2.6213     16.315          7 0.0000e+00
     17.000   0.370363    12.5252 1.8703e-01      0.538     6.4582  1001.5552     2.6211     17.335          8 0.0000e+00
     18.000   0.370309    12.5220 1.4248e-01      0.542     6.4615  1001.5602     2.6209     18.355          8 0.0000e+00
     19.000   0.370238    12.5163 1.1491e-01      0.478     6.4060  1001.5654     2.6207     19.375          8 0.0000e+00
     20.000   0.370090    12.5063 9.6990e-02      0.470     6.4489  1001.5710     2.6203     20.394          9 0.0000e+00
     21.000   0.369956    12.4960 8.5486e-02      0.431     6.4661  1001.5768     2.6199     21.414          9 0.0000e+00
     22.000   0.369689    12.4611 7.8170e-02      0.425     6.6564  1001.5862     2.6203     22.434         10 0.0000e+00
     23.000   0.365836    11.5464 7.3031e-02      0.411     7.0208  1001.7249     2.6553     23.453         10 0.0000e+00
     24.000   0.350273     8.0767 6.9754e-02      0.339     7.2992  1002.1582     2.7896     24.473         12 0.0000e+00
     25.000   0.340829     6.1794 6.7739e-02      0.321     7.3701  1002.3321     2.8620     25.493         12 0.0000e+00
     26.000   0.336065     4.8960 6.6293e-02      0.336     7.8598  1002.4344     2.9289     26.513         12 0.0000e+00
     27.000   0.336206     4.4402 6.5086e-02      0.356     8.2777  1002.4824     2.9707     27.532         12 0.0000e+00
     28.000   0.339730     4.2429 6.4217e-02      0.330     7.9202  1002.5313     3.0217     28.552         13 0.0000e+00
     29.000   0.341483     4.1460 6.3522e-02      0.266     8.0617  1002.5580     3.0472     29.572         13 0.0000e+00
     30.000   0.340602     4.1073 6.2948e-02      0.342     8.3085  1002.5595     3.0424     30.591         12 0.0000e+00
     31.000   0.340901     3.9947 6.2480e-02      0.343     8.2052  1002.5764     3.0556     31.611         12 0.0000e+00
     32.000   0.340715     3.9542 6.2087e-02      0.347     8.2301  1002.5834     3.0576     32.631         11 0.0000e+00
     33.000   0.340978     3.9477 6.1873e-02      0.341     8.1359  1002.5908     3.0607     33.651         12 0.0000e+00
     34.000   0.340800     3.9469 6.1652e-02      0.323     8.2172  1002.5944     3.0590     34.670         12 0.0000e+00
     35.000   0.340317     3.9346 6.1442e-02      0.337     8.3745  1002.5966     3.0555     35.690         12 0.0000e+00
     36.000   0.339707     3.8711 6.1331e-02      0.364     8.2703  1002.6022     3.0555     36.710         11 0.0000e+00
     37.000   0.339313     3.8439 6.1327e-02      0.373     8.1826  1002.6064     3.0542     37.729         11 0.0000e+00
     38.000   0.340685     3.8598 6.1207e-02      0.270     8.2623  1002.6204     3.0658     38.749         14 0.0000e+00
     39.000   0.338296     3.8034 6.1111e-02      0.408     8.4134  1002.6118     3.0482     39.769          9 0.0000e+00
     40.000   0.337984     3.7197 6.1131e-02      0.463     8.3708  1002.6212     3.0530     40.789          9 0.0000e+00
     41.000   0.337749     3.6545 6.1040e-02      0.454     8.2624  1002.6296     3.0568     41.808          9 0.0000e+00
     42.000   0.338589     3.6118 6.1030e-02      0.371     8.1172  1002.6444     3.0688     42.828         11 0.0000e+00
     43.000   0.339151     3.6208 6.0933e-02      0.340     8.5341  1002.6529     3.0733     43.848         10 0.0000e+00
     44.000   0.338398     3.5105 6.0980e-02      0.541     8.4671  1002.6609     3.0765     44.867          7 0.0000e+00
     45.000   0.338187     3.4320 6.0894e-02      0.551     8.4770  1002.6704     3.0818     45.887          7 0.0000e+00
     46.000   0.338125     3.3683 6.0942e-02      0.551     8.4982  1002.6798     3.0872     46.907          8 0.0000e+00
     47.000   0.337576     3.2466 6.0904e-02      0.531     8.4849  1002.6899     3.0934     47.927          7 0.0000e+00
     48.000   0.337349     3.1136 6.0936e-02      0.505     8.3643  1002.7031     3.1039     48.946          9 0.0000e+00
     49.000   0.336891     2.9662 6.1006e-02      0.444     8.5404  1002.7154     3.1136     49.966          8 0.0000e+00
     50.000   0.336545     2.7991 6.0995e-02      0.471     8.5154  1002.7297     3.1264     50.986          9 0.0000e+00
     51.000   0.336761     2.6734 6.0890e-02      0.442     8.4703  1002.7453     3.1408     52.005         10 0.0000e+00
     52.000   0.336832     2.5539 6.0899e-02      0.434     8.4411  1002.7591     3.1532     53.025          9 0.0000e+00
     53.000   0.337070     2.4515 6.0888e-02      0.422     8.4506  1002.7729     3.1657     54.045          9 0.0000e+00
     54.000   0.337613     2.4221 6.0942e-02      0.420     8.3364  1002.7841     3.1740     55.065         10 0.0000e+00
     55.000   0.337903     2.3921 6.0993e-02      0.428     8.3283  1002.7934     3.1798     56.084          9 0.0000e+00
     56.000   0.338274     2.3035 6.0887e-02      0.418     8.3216  1002.8072     3.1923     57.104         10 0.0000e+00
     57.000   0.338977     2.2030 6.0945e-02      0.417     8.3339  1002.8245     3.2095     58.124          9 0.0000e+00
     58.000   0.339768     2.1101 6.0901e-02      0.444     8.2356  1002.8419     3.2268     59.144          9 0.0000e+00
     59.000   0.340371     2.0612 6.0918e-02      0.425     8.3088  1002.8548     3.2379     60.163          9 0.0000e+00
     60.000   0.340603     2.0363 6.0972e-02      0.440     8.3224  1002.8632     3.2427     61.183          9 0.0000e+00
     61.000   0.340833     2.0046 6.0938e-02      0.459     8.2853  1002.8721     3.2482     62.203          9 0.0000e+00
     62.000   0.341309     1.9693 6.1389e-02      0.443     8.2751  1002.8831     3.2566     63.222          9 0.0000e+00
     63.000   0.341593     1.9420 6.0867e-02      0.447     8.2156  1002.8921     3.2623     64.242          9 0.0000e+00
     64.000   0.341720     1.9348 6.0701e-02      0.423     8.2294  1002.8985     3.2642     65.262         10 0.0000e+00
     65.000   0.341762     1.9238 6.0882e-02      0.442     8.1319  1002.9045     3.2657     66.282          9 0.0000e+00
     66.000   0.341803     1.9112 6.0812e-02      0.381     8.1528  1002.9106     3.2674     67.301         11 0.0000e+00
     67.000   0.341816     1.9036 6.0762e-02      0.387     8.1470  1002.9161     3.2682     68.321         10 0.0000e+00
     68.000   0.341792     1.8921 6.0804e-02      0.378     8.1521  1002.9215     3.2691     69.341         11 0.0000e+00
     69.000   0.341800     1.8874 6.0820e-02      0.367     8.1321  1002.9268     3.2696     70.360         11 0.0000e+00
     70.000   0.341778     1.8785 6.0794e-02      0.373     8.1047  1002.9321     3.2703     71.380         10 0.0000e+00
     71.000   0.341818     1.8687 6.0785e-02      0.374     8.0965  1002.9380     3.2716     72.400         11 0.0000e+00
     72.000   0.341815     1.8652 6.0738e-02      0.383     8.0959  1002.9431     3.2719     73.419         11 0.0000e+00
     73.000   0.341814     1.8599 6.0677e-02      0.376     8.1032  1002.9484     3.2723     74.439         10 0.0000e+00
     74.000   0.341786     1.8542 6.0688e-02      0.383     8.0697  1002.9535     3.2726     75.459         11 0.0000e+00
     75.000   0.341804     1.8523 6.0629e-02      0.351     8.0465  1002.9587     3.2729     76.479         12 0.0000e+00
     76.000   0.341814     1.8521 6.0640e-02      0.322     8.0850  1002.9637     3.2730     77.498         11 0.0000e+00
     77.000   0.341782     1.8472 6.0718e-02      0.360     8.0580  1002.9686     3.2731     78.518         12 0.0000e+00
     78.000   0.341806     1.8450 6.0580e-02      0.332     8.0000  1002.9739     3.2735     79.538         12 0.0000e+00
     79.000   0.341800     1.8450 6.0538e-02      0.326     8.0215  1002.9788     3.2734     80.558         12 0.0000e+00
     80.000   0.341798     1.8454 6.0484e-02      0.382     7.9346  1002.9837     3.2732     81.577         10 0.0000e+00
     81.000   0.341806     1.8436 6.0421e-02      0.366     7.9117  1002.9888     3.2734     82.597         11 0.0000e+00
     82.000   0.341814     1.8386 6.0465e-02      0.369     7.8959  1002.9941     3.2740     83.617         11 0.0000e+00
     83.000   0.341826     1.8319 6.0372e-02      0.382     7.9227  1002.9995     3.2747     84.636         10 0.0000e+00
     84.000   0.341894     1.8263 6.0356e-02      0.399     7.8729  1003.0054     3.2759     85.656         11 0.0000e+00
     85.000   0.341940     1.8202 6.0339e-02      0.385     7.8582  1003.0111     3.2770     86.676         10 0.0000e+00
     86.000   0.341990     1.8133 6.0419e-02      0.362     7.8723  1003.0168     3.2781     87.696         11 0.0000e+00
     87.000   0.342032     1.8068 6.0266e-02      0.385     7.9257  1003.0225     3.2792     88.715         10 0.0000e+00
     88.000   0.342119     1.7943 6.0113e-02      0.382     7.8096  1003.0289     3.2813     89.735         11 0.0000e+00
     89.000   0.342236     1.7853 6.0255e-02      0.352     7.8008  1003.0354     3.2834     90.755         11 0.0000e+00
     90.000   0.342313     1.7789 6.0180e-02      0.345     7.7791  1003.0414     3.2847     91.774         12 0.0000e+00
     91.000   0.342429     1.7737 6.0064e-02      0.326     7.7066  1003.0476     3.2864     92.794         13 0.0000e+00
     92.000   0.342608     1.7865 5.9972e-02      0.264     7.6492  1003.0532     3.2868     93.814         15 0.0000e+00
     93.000   0.342622     1.7685 5.9997e-02      0.282     7.7982  1003.0593     3.2888     94.834         15 0.0000e+00
     94.000   0.342768     1.7728 5.9881e-02      0.171     7.7484  1003.0652     3.2898     95.853         19 0.0000e+00
     95.000   0.342741     1.7651 5.9780e-02      0.252     7.7667  1003.0704     3.2902     96.873         15 0.0000e+00
     96.000   0.342758     1.7572 5.9665e-02      0.287     7.7128  1003.0759     3.2912     97.893         14 0.0000e+00
     97.000   0.342846     1.7536 5.9743e-02      0.262     7.5952  1003.0818     3.2924     98.913         10 0.0000e+00
