ctdpy/exports/archive_20200326_115716/received_data/a5_v46_19.cnv
* Sea-Bird SBE19plus Data File:
* FileName = C:\CTD\CTD 2019\k25\A5_v46_19.hex
* Software Version 1.59
* Temperature SN =  4644
* Conductivity SN =  4644
* System UpLoad Time = Nov 13 2019 13:13:43
** A5_v46_19
* ds
# nquan = 11
# nvalues = 98                          
# units = specified
# name 0 = prdM: Pressure, Strain Gauge [db]
# name 1 = c0S/m: Conductivity [S/m]
# name 2 = tv290C: Temperature [ITS-90, deg C]
# name 3 = par: PAR/Irradiance, Biospherical/Licor
# name 4 = dz/dtM: Descent Rate [m/s]
# name 5 = sbeox0ML/L: Oxygen, SBE 43 [ml/l]
# name 6 = density00: Density [density, kg/m^3]
# name 7 = sal00: Salinity, Practical [PSU]
# name 8 = depFM: Depth [fresh water, m], lat = 58
# name 9 = nbin: number of scans per bin
# name 10 = flag: flag
# span 0 =      1.000,     98.000       
# span 1 =   0.351764,   0.363954       
# span 2 =     2.8922,     4.4723       
# span 3 = 5.6977e-02, 3.8788e+00       
# span 4 =      0.063,      0.911       
# span 5 =     7.1644,     8.3314       
# span 6 =  1002.4752,  1003.1503       
# span 7 =     3.1184,     3.3548       
# span 8 =      1.020,     99.932       
# span 9 =          2,         21       
# span 10 = 0.0000e+00, 0.0000e+00      
# interval = decibars: 1                
# start_time = Nov 13 2019 13:55:21 [Instrument's time stamp, header]
# bad_flag = -9.990e-29
*END*
      1.000   0.352511     4.4723 3.8788e+00      0.222     7.5498  1002.4752     3.1224      1.020         11 0.0000e+00
      2.000   0.352242     4.4418 3.0201e+00      0.150     7.5817  1002.4809     3.1227      2.039         21 0.0000e+00
      3.000   0.352125     4.4338 1.9446e+00      0.334     7.8734  1002.4857     3.1223      3.059         10 0.0000e+00
      4.000   0.352049     4.4280 1.2378e+00      0.469     7.9059  1002.4905     3.1221      4.079          9 0.0000e+00
      5.000   0.352041     4.4274 8.4769e-01      0.402     8.0743  1002.4953     3.1220      5.099          8 0.0000e+00
      6.000   0.352041     4.4267 5.9449e-01      0.628     7.8535  1002.5003     3.1220      6.118          7 0.0000e+00
      7.000   0.352057     4.4243 4.0360e-01      0.557     7.7949  1002.5055     3.1223      7.138          8 0.0000e+00
      8.000   0.352059     4.4266 3.1561e-01      0.377     8.1469  1002.5101     3.1221      8.158          8 0.0000e+00
      9.000   0.352075     4.4277 2.3974e-01      0.567     7.9551  1002.5150     3.1221      9.177          7 0.0000e+00
     10.000   0.352084     4.4259 1.7230e-01      0.607     7.8663  1002.5201     3.1222     10.197          8 0.0000e+00
     11.000   0.352087     4.4274 1.4460e-01      0.403     8.0892  1002.5248     3.1221     11.217          8 0.0000e+00
     12.000   0.352086     4.4266 1.1697e-01      0.712     7.8451  1002.5298     3.1221     12.237          6 0.0000e+00
     13.000   0.352120     4.4271 1.0405e-01      0.436     8.0332  1002.5348     3.1223     13.256          9 0.0000e+00
     14.000   0.352102     4.4280 8.8422e-02      0.480     8.0376  1002.5395     3.1220     14.276          6 0.0000e+00
     15.000   0.352099     4.4271 8.2599e-02      0.777     7.9218  1002.5444     3.1220     15.296          6 0.0000e+00
     16.000   0.352109     4.4272 7.6767e-02      0.663     7.8745  1002.5493     3.1220     16.315          7 0.0000e+00
     17.000   0.352122     4.4277 7.0779e-02      0.565     7.8389  1002.5542     3.1220     17.335          7 0.0000e+00
     18.000   0.352124     4.4273 6.9600e-02      0.426     8.1753  1002.5592     3.1220     18.355          7 0.0000e+00
     19.000   0.352118     4.4263 6.7312e-02      0.656     8.0146  1002.5641     3.1220     19.375          6 0.0000e+00
     20.000   0.352125     4.4240 6.5115e-02      0.780     7.6176  1002.5692     3.1222     20.394          7 0.0000e+00
     21.000   0.352161     4.4245 6.4310e-02      0.459     7.6534  1002.5743     3.1225     21.414          9 0.0000e+00
     22.000   0.352170     4.4268 6.3088e-02      0.360     8.2415  1002.5790     3.1223     22.434          7 0.0000e+00
     23.000   0.352146     4.4245 6.2378e-02      0.745     8.0773  1002.5839     3.1222     23.453          5 0.0000e+00
     24.000   0.352144     4.4225 6.1966e-02      0.888     7.7766  1002.5889     3.1223     24.473          6 0.0000e+00
     25.000   0.352168     4.4231 6.1334e-02      0.451     7.9464  1002.5939     3.1224     25.493          9 0.0000e+00
     26.000   0.352167     4.4237 6.1163e-02      0.320     8.3314  1002.5987     3.1223     26.513          5 0.0000e+00
     27.000   0.352068     4.4220 6.0953e-02      0.911     8.1122  1002.6029     3.1215     27.532          5 0.0000e+00
     28.000   0.351764     4.4235 6.0624e-02      0.654     7.8068  1002.6054     3.1184     28.552         12 0.0000e+00
     29.000   0.352152     4.4236 6.0493e-02      0.188     8.0886  1002.6131     3.1220     29.572         11 0.0000e+00
     30.000   0.352190     4.4245 6.0373e-02      0.550     8.1074  1002.6182     3.1222     30.591          6 0.0000e+00
     31.000   0.352172     4.4236 6.0111e-02      0.729     7.9796  1002.6230     3.1221     31.611          6 0.0000e+00
     32.000   0.352198     4.4240 6.0119e-02      0.672     8.1166  1002.6280     3.1222     32.631          6 0.0000e+00
     33.000   0.352218     4.4248 6.0064e-02      0.654     8.0416  1002.6330     3.1223     33.651          6 0.0000e+00
     34.000   0.352217     4.4252 5.9968e-02      0.672     7.9741  1002.6378     3.1222     34.670          7 0.0000e+00
     35.000   0.352223     4.4255 5.9835e-02      0.492     8.0580  1002.6427     3.1222     35.690          8 0.0000e+00
     36.000   0.352230     4.4248 5.9871e-02      0.538     7.9825  1002.6476     3.1222     36.710          7 0.0000e+00
     37.000   0.352249     4.4240 5.9736e-02      0.592     7.8983  1002.6527     3.1224     37.729          8 0.0000e+00
     38.000   0.352265     4.4236 5.9735e-02      0.452     7.6816  1002.6577     3.1226     38.749         11 0.0000e+00
     39.000   0.352280     4.4241 5.9696e-02      0.244     8.0459  1002.6626     3.1226     39.769         11 0.0000e+00
     40.000   0.352272     4.4238 5.9619e-02      0.532     8.0066  1002.6675     3.1225     40.789          7 0.0000e+00
     41.000   0.352244     4.4233 5.9568e-02      0.502     7.8730  1002.6722     3.1222     41.808         11 0.0000e+00
     42.000   0.352288     4.4224 5.9502e-02      0.297     7.9677  1002.6774     3.1227     42.828          9 0.0000e+00
     43.000   0.352311     4.4188 5.9508e-02      0.461     7.6484  1002.6828     3.1232     43.848         11 0.0000e+00
     44.000   0.352284     4.4206 5.9323e-02      0.145     7.9624  1002.6873     3.1227     44.867         11 0.0000e+00
     45.000   0.352425     4.4105 5.9145e-02      0.651     7.9312  1002.6941     3.1249     45.887          6 0.0000e+00
     46.000   0.352438     4.4086 5.9344e-02      0.624     7.7059  1002.6993     3.1251     46.907         10 0.0000e+00
     47.000   0.352487     4.4076 5.9318e-02      0.164     8.1591  1002.7046     3.1257     47.927          8 0.0000e+00
     48.000   0.352543     4.4002 5.9496e-02      0.716     7.8066  1002.7106     3.1268     48.946          7 0.0000e+00
     49.000   0.352651     4.3916 5.9266e-02      0.524     7.7868  1002.7170     3.1286     49.966          9 0.0000e+00
     50.000   0.353050     4.3664 5.9162e-02      0.445     7.9319  1002.7273     3.1347     50.986          7 0.0000e+00
     51.000   0.353411     4.3395 5.9181e-02      0.558     7.7431  1002.7374     3.1406     52.005          9 0.0000e+00
     52.000   0.353819     4.2684 5.9067e-02      0.330     8.2129  1002.7519     3.1512     53.025          8 0.0000e+00
     53.000   0.353684     4.0083 5.9146e-02      0.629     8.0774  1002.7795     3.1749     54.045          7 0.0000e+00
     54.000   0.352487     3.5230 5.9084e-02      0.594     7.9377  1002.8173     3.2109     55.065          8 0.0000e+00
     55.000   0.352335     3.1970 5.8993e-02      0.407     7.6726  1002.8482     3.2418     56.085          9 0.0000e+00
     56.000   0.352538     3.0707 5.8955e-02      0.395     7.9988  1002.8648     3.2565     57.104          7 0.0000e+00
     57.000   0.353501     3.0025 5.8971e-02      0.776     7.7320  1002.8826     3.2728     58.124          6 0.0000e+00
     58.000   0.355516     3.0192 5.8975e-02      0.482     7.7435  1002.9021     3.2908     59.144          9 0.0000e+00
     59.000   0.355648     2.9905 5.8830e-02      0.471     7.8213  1002.9103     3.2950     60.163          8 0.0000e+00
     60.000   0.356144     2.9467 5.8796e-02      0.570     7.7835  1002.9226     3.3043     61.183          7 0.0000e+00
     61.000   0.356473     2.9141 5.8820e-02      0.512     7.6784  1002.9326     3.3109     62.203          8 0.0000e+00
     62.000   0.357324     2.8934 5.8784e-02      0.443     7.6335  1002.9459     3.3214     63.222          9 0.0000e+00
     63.000   0.357120     2.8922 5.8501e-02      0.522     7.7807  1002.9493     3.3194     64.242          6 0.0000e+00
     64.000   0.357755     2.9110 5.8698e-02      0.796     7.5304  1002.9577     3.3237     65.262          7 0.0000e+00
     65.000   0.358651     2.9781 5.8643e-02      0.234     7.6378  1002.9643     3.3255     66.282         10 0.0000e+00
     66.000   0.358341     2.9319 5.8598e-02      0.569     7.7075  1002.9705     3.3272     67.301          7 0.0000e+00
     67.000   0.358689     2.9362 5.8539e-02      0.608     7.7124  1002.9778     3.3301     68.321          7 0.0000e+00
     68.000   0.359084     2.9460 5.8499e-02      0.626     7.4666  1002.9850     3.3329     69.341          7 0.0000e+00
     69.000   0.359531     2.9576 5.8477e-02      0.475     7.3433  1002.9925     3.3360     70.360          9 0.0000e+00
     70.000   0.360093     2.9973 5.8388e-02      0.407     7.6960  1002.9986     3.3374     71.380          8 0.0000e+00
     71.000   0.360624     3.0268 5.8299e-02      0.566     7.6643  1003.0053     3.3395     72.400          6 0.0000e+00
     72.000   0.360837     3.0351 5.8361e-02      0.692     7.3488  1003.0112     3.3407     73.419          8 0.0000e+00
     73.000   0.361116     3.0434 5.8224e-02      0.392     7.4578  1003.0176     3.3425     74.439          9 0.0000e+00
     74.000   0.361311     3.0555 5.8184e-02      0.491     7.6935  1003.0230     3.3431     75.459          7 0.0000e+00
     75.000   0.361245     3.0522 5.8184e-02      0.644     7.4905  1003.0277     3.3427     76.479          7 0.0000e+00
     76.000   0.361392     3.0554 5.8183e-02      0.538     7.2521  1003.0335     3.3438     77.498          8 0.0000e+00
     77.000   0.361400     3.0607 5.8210e-02      0.364     7.5742  1003.0380     3.3432     78.518          8 0.0000e+00
     78.000   0.361643     3.0870 5.8147e-02      0.656     7.4724  1003.0426     3.3428     79.538          7 0.0000e+00
     79.000   0.361910     3.1052 5.8008e-02      0.542     7.3111  1003.0481     3.3435     80.557          8 0.0000e+00
     80.000   0.361849     3.1025 5.7918e-02      0.434     7.5060  1003.0527     3.3431     81.577          7 0.0000e+00
     81.000   0.361836     3.1008 5.7921e-02      0.570     7.4017  1003.0576     3.3431     82.597          9 0.0000e+00
     82.000   0.361861     3.1053 5.7931e-02      0.329     7.6474  1003.0624     3.3428     83.617          7 0.0000e+00
     83.000   0.361998     3.1202 5.7798e-02      0.742     7.4500  1003.0671     3.3425     84.636          7 0.0000e+00
     84.000   0.362107     3.1290 5.7860e-02      0.384     7.4305  1003.0721     3.3427     85.656         11 0.0000e+00
     85.000   0.362442     3.1502 5.7765e-02      0.418     7.7139  1003.0778     3.3437     86.676          6 0.0000e+00
     86.000   0.362628     3.1600 5.7810e-02      0.714     7.5154  1003.0834     3.3444     87.696          7 0.0000e+00
     87.000   0.362591     3.1592 5.7673e-02      0.576     7.2477  1003.0880     3.3441     88.715          9 0.0000e+00
     88.000   0.362623     3.1600 5.7610e-02      0.266     7.5401  1003.0931     3.3442     89.735         10 0.0000e+00
     89.000   0.362764     3.1638 5.7592e-02      0.586     7.6181  1003.0988     3.3452     90.755          6 0.0000e+00
     90.000   0.362753     3.1625 5.7480e-02      0.758     7.3281  1003.1037     3.3451     91.774          6 0.0000e+00
     91.000   0.362774     3.1622 5.7464e-02      0.433     7.1644  1003.1087     3.3453     92.794         11 0.0000e+00
     92.000   0.363379     3.1745 5.7447e-02      0.377     7.5997  1003.1173     3.3499     93.814          7 0.0000e+00
     93.000   0.363700     3.1774 5.7363e-02      0.656     7.5239  1003.1245     3.3527     94.834          9 0.0000e+00
     94.000   0.363822     3.1780 5.7299e-02      0.206     7.4803  1003.1303     3.3537     95.853         11 0.0000e+00
     95.000   0.363936     3.1783 5.7410e-02      0.489     7.6173  1003.1360     3.3548     96.873          7 0.0000e+00
     96.000   0.363927     3.1782 5.7216e-02      0.642     7.3951  1003.1408     3.3546     97.893          9 0.0000e+00
     97.000   0.363941     3.1820 5.7018e-02      0.217     7.2130  1003.1455     3.3543     98.912         21 0.0000e+00
     98.000   0.363954     3.1835 5.6977e-02      0.063 -9.990e-29  1003.1503     3.3543     99.932          2 0.0000e+00
