ctdpy/exports/archive_20200326_115716/received_data/a5_v32_19.cnv
* Sea-Bird SBE19plus Data File:
* FileName = C:\CTD\CTD 2019\v32\A5_v32_19.hex
* Software Version 1.59
* Temperature SN =  4644
* Conductivity SN =  4644
* System UpLoad Time = Aug 05 2019 14:29:18
** A5 2019K19 v32
* ds
# nquan = 11
# nvalues = 97                          
# units = specified
# name 0 = prdM: Pressure, Strain Gauge [db]
# name 1 = c0S/m: Conductivity [S/m]
# name 2 = tv290C: Temperature [ITS-90, deg C]
# name 3 = par: PAR/Irradiance, Biospherical/Licor
# name 4 = dz/dtM: Descent Rate [m/s]
# name 5 = sbeox0ML/L: Oxygen, SBE 43 [ml/l]
# name 6 = density00: Density [density, kg/m^3]
# name 7 = sal00: Salinity, Practical [PSU]
# name 8 = depFM: Depth [fresh water, m], lat = 58
# name 9 = nbin: number of scans per bin
# name 10 = flag: flag
# span 0 =      1.000,     97.000       
# span 1 =   0.333045,   0.409029       
# span 2 =     1.6951,    14.4797       
# span 3 = 8.8023e-02, 7.7961e+02       
# span 4 =      0.040,      0.482       
# span 5 =     6.1572,     8.8193       
# span 6 =  1001.1567,  1003.0652       
# span 7 =     2.4998,     3.2732       
# span 8 =      1.020,     98.912       
# span 9 =          2,         14       
# span 10 = 0.0000e+00, 0.0000e+00      
# interval = decibars: 1                
# start_time = Aug 05 2019 13:58:39 [Instrument's time stamp, header]
# bad_flag = -9.990e-29
*END*
      1.000   0.368888    14.1983 7.7961e+02      0.040     6.6661  1001.1567     2.4998      1.020          8 0.0000e+00
      2.000   0.369111    14.2002 3.6200e+02      0.406     6.5854  1001.1622     2.5012      2.039         10 0.0000e+00
      3.000   0.369108    14.1986 1.9763e+02      0.482     6.4842  1001.1671     2.5013      3.059          9 0.0000e+00
      4.000   0.368892    14.1944 1.2144e+02      0.324     6.5068  1001.1714     2.5000      4.079         11 0.0000e+00
      5.000   0.369043    14.1976 6.8561e+01      0.441     6.4122  1001.1762     2.5008      5.099          9 0.0000e+00
      6.000   0.369730    14.2073 4.2987e+01      0.414     6.4786  1001.1828     2.5051      6.118         10 0.0000e+00
      7.000   0.369526    14.1994 2.6384e+01      0.413     6.4197  1001.1879     2.5041      7.138         10 0.0000e+00
      8.000   0.369187    14.2005 1.6464e+01      0.407     6.4133  1001.1904     2.5016      8.157         10 0.0000e+00
      9.000   0.370707    14.2151 9.7551e+00      0.399     6.5009  1001.2006     2.5115      9.178         10 0.0000e+00
     10.000   0.369751    14.2044 5.7924e+00      0.382     6.4908  1001.2020     2.5053     10.197         11 0.0000e+00
     11.000   0.370371    14.2176 3.6321e+00      0.377     6.5352  1001.2075     2.5089     11.217         10 0.0000e+00
     12.000   0.372052    14.2301 2.2874e+00      0.391     6.4466  1001.2190     2.5201     12.237         10 0.0000e+00
     13.000   0.370155    14.2070 1.4445e+00      0.415     6.2547  1001.2177     2.5079     13.256         10 0.0000e+00
     14.000   0.371142    14.2338 9.5369e-01      0.348     6.2461  1001.2225     2.5133     14.276         11 0.0000e+00
     15.000   0.376653    14.2772 6.2076e-01      0.375     6.2227  1001.2491     2.5501     15.296         11 0.0000e+00
     16.000   0.376217    14.2787 4.2525e-01      0.333     6.2664  1001.2510     2.5468     16.316         13 0.0000e+00
     17.000   0.381075    14.3282 3.0296e-01      0.312     6.3364  1001.2727     2.5785     17.335         13 0.0000e+00
     18.000   0.388936    14.3792 2.2176e-01      0.303     6.2525  1001.3107     2.6315     18.355         13 0.0000e+00
     19.000   0.391058    14.3896 1.7471e-01      0.290     6.1580  1001.3250     2.6461     19.375         14 0.0000e+00
     20.000   0.394035    14.4183 1.4665e-01      0.279     6.1572  1001.3403     2.6655     20.394         14 0.0000e+00
     21.000   0.400662    14.4797 1.3103e-01      0.296     6.3215  1001.3691     2.7089     21.414         12 0.0000e+00
     22.000   0.409029    14.4410 1.2054e-01      0.389     6.4453  1001.4281     2.7718     22.434         11 0.0000e+00
     23.000   0.406139    13.7804 1.1417e-01      0.372     6.8105  1001.5493     2.7979     23.453         11 0.0000e+00
     24.000   0.389807    11.8078 1.0988e-01      0.376     7.2155  1001.8268     2.8202     24.474         10 0.0000e+00
     25.000   0.368497     9.1172 1.0669e-01      0.399     7.5403  1002.1374     2.8588     25.493         10 0.0000e+00
     26.000   0.356302     7.3813 1.0475e-01      0.396     7.7480  1002.3015     2.8972     26.513         10 0.0000e+00
     27.000   0.345545     6.0302 1.0323e-01      0.378     8.2427  1002.3908     2.9165     27.532         11 0.0000e+00
     28.000   0.337807     5.1103 1.0205e-01      0.407     8.2341  1002.4361     2.9260     28.552          9 0.0000e+00
     29.000   0.335245     4.6399 1.0140e-01      0.398     8.1819  1002.4670     2.9437     29.572         10 0.0000e+00
     30.000   0.334705     4.4630 1.0058e-01      0.411     8.4601  1002.4838     2.9544     30.591         10 0.0000e+00
     31.000   0.333503     4.2680 1.0013e-01      0.410     8.6209  1002.4968     2.9605     31.611         10 0.0000e+00
     32.000   0.333187     4.0429 9.9734e-02      0.402     8.8193  1002.5187     2.9778     32.631         10 0.0000e+00
     33.000   0.334334     3.9405 9.9227e-02      0.416     8.6621  1002.5409     2.9980     33.650          9 0.0000e+00
     34.000   0.333949     3.7225 9.9082e-02      0.405     8.5911  1002.5607     3.0143     34.671         10 0.0000e+00
     35.000   0.333045     3.5988 9.9047e-02      0.417     8.6573  1002.5686     3.0171     35.690         10 0.0000e+00
     36.000   0.333234     3.5771 9.8803e-02      0.440     8.6678  1002.5767     3.0209     36.710          9 0.0000e+00
     37.000   0.333318     3.5299 9.8731e-02      0.438     8.6634  1002.5860     3.0260     37.729          9 0.0000e+00
     38.000   0.334067     3.4827 9.8459e-02      0.421     8.5556  1002.6003     3.0376     38.750         10 0.0000e+00
     39.000   0.335373     3.4904 9.8235e-02      0.396     8.4585  1002.6147     3.0494     39.769         10 0.0000e+00
     40.000   0.335628     3.4591 9.8255e-02      0.373     8.4863  1002.6240     3.0548     40.789         11 0.0000e+00
     41.000   0.336181     3.5190 9.8155e-02      0.382     8.4868  1002.6284     3.0544     41.808         11 0.0000e+00
     42.000   0.337948     3.5620 9.8061e-02      0.347     8.4117  1002.6435     3.0673     42.828         13 0.0000e+00
     43.000   0.339084     3.6054 9.7953e-02      0.260     8.5114  1002.6536     3.0741     43.848         14 0.0000e+00
     44.000   0.336653     3.3938 9.7696e-02      0.320     8.5819  1002.6566     3.0706     44.868         12 0.0000e+00
     45.000   0.335411     3.2501 9.7713e-02      0.315     8.5889  1002.6630     3.0721     45.887         13 0.0000e+00
     46.000   0.335238     3.2117 9.7591e-02      0.313     8.5826  1002.6695     3.0741     46.907         13 0.0000e+00
     47.000   0.335332     3.1819 9.7497e-02      0.301     8.6074  1002.6774     3.0778     47.927         13 0.0000e+00
     48.000   0.335263     3.1423 9.7349e-02      0.310     8.5466  1002.6847     3.0808     48.946         13 0.0000e+00
     49.000   0.335091     3.1085 9.7297e-02      0.310     8.5157  1002.6908     3.0823     49.966         13 0.0000e+00
     50.000   0.335334     3.1200 9.7036e-02      0.310     8.4780  1002.6967     3.0835     50.986         13 0.0000e+00
     51.000   0.337803     3.3361 9.7085e-02      0.319     8.5475  1002.7042     3.0868     52.006         12 0.0000e+00
     52.000   0.339925     3.4757 9.6765e-02      0.342     8.4405  1002.7146     3.0940     53.025         12 0.0000e+00
     53.000   0.339972     3.4415 9.6624e-02      0.325     8.3668  1002.7225     3.0977     54.045         12 0.0000e+00
     54.000   0.339644     3.3546 9.6515e-02      0.325     8.2860  1002.7318     3.1028     55.065         12 0.0000e+00
     55.000   0.339386     3.2852 9.6458e-02      0.322     8.3954  1002.7401     3.1069     56.084         12 0.0000e+00
     56.000   0.338773     3.2043 9.6271e-02      0.362     8.6717  1002.7465     3.1086     57.104         11 0.0000e+00
     57.000   0.338158     3.0610 9.6150e-02      0.394     8.7407  1002.7575     3.1164     58.124         10 0.0000e+00
     58.000   0.337355     2.8607 9.6112e-02      0.391     8.7474  1002.7709     3.1279     59.143         11 0.0000e+00
     59.000   0.336494     2.6106 9.5967e-02      0.358     8.7281  1002.7868     3.1438     60.163         11 0.0000e+00
     60.000   0.336313     2.4828 9.5708e-02      0.366     8.6871  1002.7991     3.1546     61.183         10 0.0000e+00
     61.000   0.336433     2.3888 9.5577e-02      0.379     8.6839  1002.8113     3.1651     62.203         11 0.0000e+00
     62.000   0.336746     2.3361 9.5601e-02      0.365     8.6440  1002.8223     3.1734     63.222         11 0.0000e+00
     63.000   0.336904     2.2930 9.5429e-02      0.359     8.5941  1002.8314     3.1792     64.242         12 0.0000e+00
     64.000   0.337054     2.2352 9.5307e-02      0.350     8.4901  1002.8413     3.1865     65.262         12 0.0000e+00
     65.000   0.337149     2.1313 9.5096e-02      0.299     8.4577  1002.8537     3.1978     66.282         13 0.0000e+00
     66.000   0.337336     2.0502 9.4919e-02      0.288     8.4458  1002.8654     3.2079     67.301         14 0.0000e+00
     67.000   0.337620     1.9755 9.4717e-02      0.307     8.3868  1002.8773     3.2183     68.321         13 0.0000e+00
     68.000   0.337847     1.9274 9.4620e-02      0.320     8.4347  1002.8871     3.2254     69.341         11 0.0000e+00
     69.000   0.338100     1.8956 9.4417e-02      0.372     8.3728  1002.8961     3.2312     70.360         11 0.0000e+00
     70.000   0.338391     1.8678 9.4147e-02      0.377     8.3829  1002.9051     3.2369     71.380         11 0.0000e+00
     71.000   0.338664     1.8633 9.4070e-02      0.365     8.3675  1002.9125     3.2401     72.400         11 0.0000e+00
     72.000   0.338898     1.8552 9.4104e-02      0.365     8.3268  1002.9199     3.2432     73.420         11 0.0000e+00
     73.000   0.339053     1.8442 9.3813e-02      0.358     8.3024  1002.9268     3.2459     74.439         11 0.0000e+00
     74.000   0.339186     1.8274 9.3633e-02      0.342     8.2666  1002.9338     3.2489     75.459         12 0.0000e+00
     75.000   0.339300     1.8183 9.3524e-02      0.362     8.2028  1002.9403     3.2510     76.479         11 0.0000e+00
     76.000   0.339545     1.7967 9.3273e-02      0.357     8.1214  1002.9485     3.2556     77.498         11 0.0000e+00
     77.000   0.339857     1.7774 9.3195e-02      0.338     8.2369  1002.9572     3.2607     78.518         11 0.0000e+00
     78.000   0.339999     1.7646 9.2993e-02      0.386     8.3026  1002.9641     3.2634     79.538         10 0.0000e+00
     79.000   0.340015     1.7603 9.2952e-02      0.410     8.2272  1002.9694     3.2640     80.558         10 0.0000e+00
     80.000   0.340010     1.7557 9.2724e-02      0.406     8.1683  1002.9746     3.2643     81.577         10 0.0000e+00
     81.000   0.340038     1.7486 9.2415e-02      0.388     8.1425  1002.9802     3.2653     82.597         10 0.0000e+00
     82.000   0.340081     1.7482 9.2405e-02      0.398     8.1070  1002.9855     3.2657     83.617         11 0.0000e+00
     83.000   0.340093     1.7485 9.2279e-02      0.387     8.1103  1002.9905     3.2657     84.636         10 0.0000e+00
     84.000   0.340082     1.7491 9.2069e-02      0.363     8.2213  1002.9953     3.2655     85.656         11 0.0000e+00
     85.000   0.340089     1.7448 9.1930e-02      0.362     8.2782  1003.0006     3.2659     86.676         11 0.0000e+00
     86.000   0.340100     1.7386 9.1742e-02      0.385     8.2400  1003.0060     3.2666     87.696         10 0.0000e+00
     87.000   0.340140     1.7335 9.1531e-02      0.389     8.1805  1003.0115     3.2675     88.715         11 0.0000e+00
     88.000   0.340173     1.7295 9.1452e-02      0.397     8.0891  1003.0170     3.2682     89.735         10 0.0000e+00
     89.000   0.340184     1.7263 9.1221e-02      0.384     8.1824  1003.0222     3.2686     90.755         10 0.0000e+00
     90.000   0.340165     1.7301 9.0981e-02      0.404     8.2239  1003.0267     3.2679     91.775         10 0.0000e+00
     91.000   0.340185     1.7249 9.0820e-02      0.413     8.1857  1003.0321     3.2686     92.794         10 0.0000e+00
     92.000   0.340239     1.7250 9.0722e-02      0.393     8.1976  1003.0375     3.2691     93.814         13 0.0000e+00
     93.000   0.340634     1.7321 8.9137e-02      0.150     8.1653  1003.0453     3.2723     94.834         10 0.0000e+00
     94.000   0.340374     1.7040 8.8549e-02      0.393     8.2847  1003.0498     3.2725     95.854         10 0.0000e+00
     95.000   0.340358     1.7032 8.8469e-02      0.389     8.1929  1003.0546     3.2724     96.873         12 0.0000e+00
     96.000   0.340356     1.6951 8.8123e-02      0.361     8.0968  1003.0600     3.2731     97.893         13 0.0000e+00
     97.000   0.340423     1.6997 8.8023e-02      0.141 -9.990e-29  1003.0652     3.2732     98.912          2 0.0000e+00
