ctdpy/exports/archive_20200326_115716/received_data/b3_v38_19.cnv
* Sea-Bird SBE19plus Data File:
* FileName = C:\CTD\CTD 2019\v38\B3_v38_19.hex
* Software Version 1.59
* Temperature SN =  4644
* Conductivity SN =  4644
* System UpLoad Time = Sep 17 2019 08:33:33
** B3 2019K22 v38
* ds
# nquan = 11
# nvalues = 22                          
# units = specified
# name 0 = prdM: Pressure, Strain Gauge [db]
# name 1 = c0S/m: Conductivity [S/m]
# name 2 = tv290C: Temperature [ITS-90, deg C]
# name 3 = par: PAR/Irradiance, Biospherical/Licor
# name 4 = dz/dtM: Descent Rate [m/s]
# name 5 = sbeox0ML/L: Oxygen, SBE 43 [ml/l]
# name 6 = density00: Density [density, kg/m^3]
# name 7 = sal00: Salinity, Practical [PSU]
# name 8 = depFM: Depth [fresh water, m], lat = 58
# name 9 = nbin: number of scans per bin
# name 10 = flag: flag
# span 0 =      1.000,     22.000       
# span 1 =   0.601772,   0.689528       
# span 2 =    10.4186,    13.4281       
# span 3 = 1.2036e-01, 1.6727e+02       
# span 4 =      0.115,      0.600       
# span 5 =     5.9932,     6.5868       
# span 6 =  1002.6751,  1003.9347       
# span 7 =     4.3065,     5.3374       
# span 8 =      1.020,     22.434       
# span 9 =          7,         14       
# span 10 = 0.0000e+00, 0.0000e+00      
# interval = decibars: 1                
# start_time = Sep 17 2019 07:58:02 [Instrument's time stamp, header]
# bad_flag = -9.990e-29
*END*
      1.000   0.601772    13.3293 1.6727e+02      0.115     6.5868  1002.6751     4.3065      1.020         10 0.0000e+00
      2.000   0.601849    13.3323 9.0447e+01      0.375     6.5816  1002.6795     4.3067      2.040         11 0.0000e+00
      3.000   0.601935    13.3344 4.5680e+01      0.442     6.5799  1002.6842     4.3071      3.059          8 0.0000e+00
      4.000   0.601859    13.3336 2.7345e+01      0.482     6.5756  1002.6886     4.3065      4.079          8 0.0000e+00
      5.000   0.602518    13.3427 1.6577e+01      0.516     6.5677  1002.6950     4.3105      5.099          8 0.0000e+00
      6.000   0.604131    13.3628 1.0644e+01      0.529     6.5612  1002.7046     4.3205      6.118          8 0.0000e+00
      7.000   0.606521    13.3848 6.7965e+00      0.532     6.5471  1002.7183     4.3362      7.138          7 0.0000e+00
      8.000   0.610549    13.4122 4.4213e+00      0.533     6.5449  1002.7403     4.3639      8.158          8 0.0000e+00
      9.000   0.612175    13.4281 2.9572e+00      0.533     6.5276  1002.7509     4.3745      9.178          7 0.0000e+00
     10.000   0.614703    13.4016 1.9932e+00      0.540     6.5220  1002.7766     4.3967     10.197          7 0.0000e+00
     11.000   0.617576    13.3712 1.3730e+00      0.563     6.4908  1002.8051     4.4222     11.217          7 0.0000e+00
     12.000   0.621144    13.3561 9.5129e-01      0.592     6.3971  1002.8343     4.4512     12.237          7 0.0000e+00
     13.000   0.636687    13.2705 6.7763e-01      0.600     6.3056  1002.9509     4.5807     13.256          7 0.0000e+00
     14.000   0.651803    13.2488 4.9960e-01      0.587     6.2015  1003.0505     4.6998     14.276          7 0.0000e+00
     15.000   0.671419    13.3273 3.7804e-01      0.582     6.1510  1003.1532     4.8413     15.296          7 0.0000e+00
     16.000   0.679203    13.2752 2.9160e-01      0.585     6.0590  1003.2168     4.9082     16.315          8 0.0000e+00
     17.000   0.688749    12.9969 2.4431e-01      0.280     6.0871  1003.3454     5.0183     17.335         12 0.0000e+00
     18.000   0.689528    12.3615 2.0077e-01      0.415     6.1094  1003.5060     5.1092     18.355         10 0.0000e+00
     19.000   0.687362    11.7615 1.7113e-01      0.408     6.0712  1003.6373     5.1737     19.374         10 0.0000e+00
     20.000   0.684154    11.0501 1.4940e-01      0.420     6.0282  1003.7843     5.2471     20.394          9 0.0000e+00
     21.000   0.683602    10.6077 1.3377e-01      0.282     5.9932  1003.8847     5.3058     21.414         14 0.0000e+00
     22.000   0.684109    10.4186 1.2036e-01      0.356 -9.990e-29  1003.9347     5.3374     22.434         11 0.0000e+00
