ctdpy/exports/archive_20200326_115716/received_data/b3_v20_19.cnv
* Sea-Bird SBE19plus Data File:
* FileName = C:\CTD\CTD 2019\v20\B3_v20_19.hex
* Software Version 1.59
* Temperature SN =  4644
* Conductivity SN =  4644
* System UpLoad Time = May 13 2019 10:18:06
** B3 k14 v20 2019
* ds
# nquan = 11
# nvalues = 23                          
# units = specified
# name 0 = prdM: Pressure, Strain Gauge [db]
# name 1 = c0S/m: Conductivity [S/m]
# name 2 = tv290C: Temperature [ITS-90, deg C]
# name 3 = par: PAR/Irradiance, Biospherical/Licor
# name 4 = dz/dtM: Descent Rate [m/s]
# name 5 = sbeox0ML/L: Oxygen, SBE 43 [ml/l]
# name 6 = density00: Density [density, kg/m^3]
# name 7 = sal00: Salinity, Practical [PSU]
# name 8 = depFM: Depth [fresh water, m], lat = 58
# name 9 = nbin: number of scans per bin
# name 10 = flag: flag
# span 0 =      1.000,     23.000       
# span 1 =   0.400033,   0.539924       
# span 2 =     3.0068,     4.8356       
# span 3 = 4.7416e-02, 9.4211e+02       
# span 4 =     -0.317,      1.017       
# span 5 =     8.2621,     9.0532       
# span 6 =  1002.8086,  1004.2053       
# span 7 =     3.5327,     5.1424       
# span 8 =      1.020,     23.453       
# span 9 =          3,          9       
# span 10 = 0.0000e+00, 0.0000e+00      
# interval = decibars: 1                
# start_time = May 13 2019 09:50:02 [Instrument's time stamp, header]
# bad_flag = -9.990e-29
*END*
      1.000   0.407699     4.7267 9.4211e+02     -0.167     9.0069  1002.8635     3.6169      1.020          3 0.0000e+00
      2.000   0.407458     4.7282 3.7454e+02      0.245     9.0532  1002.8664     3.6144      2.040          8 0.0000e+00
      3.000   0.404998     4.7666 1.2778e+02      0.731     9.0148  1002.8485     3.5870      3.059          6 0.0000e+00
      4.000   0.400033     4.8356 4.9631e+01      0.763     8.9577  1002.8086     3.5327      4.079          5 0.0000e+00
      5.000   0.408684     4.7023 2.2289e+01      0.742     8.8717  1002.8930     3.6288      5.098          6 0.0000e+00
      6.000   0.424973     4.4715 1.0352e+01      0.741     8.7943  1003.0467     3.8094      6.118          5 0.0000e+00
      7.000   0.450383     4.1603 5.1554e+00      0.751     8.6926  1003.2816     4.0910      7.138          5 0.0000e+00
      8.000   0.475532     3.8069 2.9293e+00      0.748     8.6018  1003.5239     4.3826      8.158          6 0.0000e+00
      9.000   0.501352     3.4333 1.8095e+00      0.761     8.4619  1003.7781     4.6905      9.178          5 0.0000e+00
     10.000   0.517093     3.2132 1.1758e+00      0.804     8.3549  1003.9362     4.8805     10.197          4 0.0000e+00
     11.000   0.522915     3.1280 7.6792e-01      0.866     8.3029  1003.9987     4.9522     11.217          5 0.0000e+00
     12.000   0.526566     3.0740 5.1118e-01      0.950     8.2692  1004.0400     4.9974     12.236          4 0.0000e+00
     13.000   0.529953     3.0327 3.4399e-01      0.994     8.2621  1004.0775     5.0382     13.257          4 0.0000e+00
     14.000   0.532337     3.0117 2.3767e-01      1.004     8.2676  1004.1045     5.0656     14.276          4 0.0000e+00
     15.000   0.533467     3.0077 1.6767e-01      1.010     8.2845  1004.1190     5.0777     15.295          4 0.0000e+00
     16.000   0.534280     3.0068 1.2301e-01      1.010     8.3008  1004.1306     5.0860     16.315          4 0.0000e+00
     17.000   0.534847     3.0087 9.3342e-02      1.004     8.3148  1004.1398     5.0913     17.335          4 0.0000e+00
     18.000   0.535528     3.0163 7.4822e-02      1.012     8.3348  1004.1492     5.0969     18.355          3 0.0000e+00
     19.000   0.536146     3.0233 6.3771e-02      1.017     8.3483  1004.1582     5.1020     19.375          5 0.0000e+00
     20.000   0.536807     3.0274 5.6614e-02      1.009     8.3748  1004.1679     5.1080     20.394          4 0.0000e+00
     21.000   0.538140     3.0209 5.1211e-02      1.003     8.3957  1004.1844     5.1225     21.414          5 0.0000e+00
     22.000   0.539924     3.0091 4.8424e-02      0.688     8.3909  1004.2053     5.1424     22.434          9 0.0000e+00
     23.000   0.539371     3.0291 4.7416e-02     -0.317     8.3531  1004.2031     5.1335     23.453          5 0.0000e+00
