ctdpy/exports/archive_20200326_115716/received_data/b3_v16_19.cnv
* Sea-Bird SBE19plus Data File:
* FileName = C:\CTD\CTD 2019\v16\B3_v16_19.hex
* Software Version 1.59
* Temperature SN =  7668
* Conductivity SN =  7668
* System UpLoad Time = Apr 18 2019 07:21:50
** B3_v16_19
* ds
# nquan = 10
# nvalues = 23                          
# units = specified
# name 0 = prdM: Pressure, Strain Gauge [db]
# name 1 = c0S/m: Conductivity [S/m]
# name 2 = tv290C: Temperature [ITS-90, deg C]
# name 3 = par: PAR/Irradiance, Biospherical/Licor
# name 4 = dz/dtM: Descent Rate [m/s]
# name 5 = density00: Density [density, kg/m^3]
# name 6 = sal00: Salinity, Practical [PSU]
# name 7 = depFM: Depth [fresh water, m], lat = 0
# name 8 = nbin: number of scans per bin
# name 9 = flag: flag
# span 0 =      1.000,     23.000       
# span 1 =   0.435439,   0.516194       
# span 2 =     1.4802,     3.0681       
# span 3 = -1.024e-03, 2.2591e+02       
# span 4 =      0.182,      1.143       
# span 5 =  1003.2755,  1004.1641       
# span 6 =     4.1035,     5.0963       
# span 7 =      1.020,     23.454       
# span 8 =          3,         10       
# span 9 = 0.0000e+00, 0.0000e+00       
# interval = decibars: 1                
# start_time = Apr 18 2019 06:54:22 [Instrument's time stamp, header]
# bad_flag = -9.990e-29
*END*
      1.000   0.436518     2.8925 2.2591e+02      0.182  1003.2798     4.1151      1.020         10 0.0000e+00
      2.000   0.435439     2.8977 9.1526e+01      0.712  1003.2755     4.1035      2.039          4 0.0000e+00
      3.000   0.436818     2.9345 4.4639e+01      0.997  1003.2878     4.1125      3.059          4 0.0000e+00
      4.000   0.439995     3.0021 2.1852e+01      1.049  1003.3113     4.1357      4.079          4 0.0000e+00
      5.000   0.445726     3.0681 1.2375e+01      1.067  1003.3553     4.1844      5.098          4 0.0000e+00
      6.000   0.449992     2.9496 6.7557e+00      1.085  1003.4068     4.2427      6.118          3 0.0000e+00
      7.000   0.449263     2.4820 3.7964e+00      1.099  1003.4532     4.2978      7.138          4 0.0000e+00
      8.000   0.449666     2.1681 2.2812e+00      1.103  1003.4921     4.3446      8.158          4 0.0000e+00
      9.000   0.450387     2.0154 1.3456e+00      1.107  1003.5177     4.3730      9.177          3 0.0000e+00
     10.000   0.450885     1.8730 7.8410e-01      1.115  1003.5401     4.3979     10.197          4 0.0000e+00
     11.000   0.451925     1.7718 4.5912e-01      1.116  1003.5632     4.4229     11.217          3 0.0000e+00
     12.000   0.454157     1.7353 2.7662e-01      1.119  1003.5903     4.4513     12.237          4 0.0000e+00
     13.000   0.457847     1.6694 1.4487e-01      1.133  1003.6324     4.4992     13.256          3 0.0000e+00
     14.000   0.460629     1.5637 6.1612e-02      1.141  1003.6708     4.5436     14.276          4 0.0000e+00
     15.000   0.462998     1.5024 1.6546e-02      1.138  1003.7015     4.5774     15.296          3 0.0000e+00
     16.000   0.467162     1.4802 -1.024e-03      1.138  1003.7439     4.6245     16.316          4 0.0000e+00
     17.000   0.474534     1.4827 1.0000e-12      1.143  1003.8113     4.7020     17.335          3 0.0000e+00
     18.000   0.482987     1.5255 1.0000e-12      1.137  1003.8839     4.7847     18.355          4 0.0000e+00
     19.000   0.489056     1.5667 1.0000e-12      1.133  1003.9362     4.8424     19.375          4 0.0000e+00
     20.000   0.495511     1.6059 1.0000e-12      1.129  1003.9919     4.9045     20.394          3 0.0000e+00
     21.000   0.503026     1.6510 1.0000e-12      1.123  1004.0558     4.9766     21.414          4 0.0000e+00
     22.000   0.510058     1.7080 1.0000e-12      1.120  1004.1142     5.0417     22.434          5 0.0000e+00
     23.000   0.516194     1.7704 1.0000e-12      0.763  1004.1641     5.0963     23.454          6 0.0000e+00
