ctdpy/exports/archive_20200326_115716/received_data/b3_v13_19.cnv
* Sea-Bird SBE19plus Data File:
* FileName = C:\CTD\CTD 2019\K09\B3_K09_v13.hex
* Software Version 1.59
* Temperature SN =  7668
* Conductivity SN =  7668
* System UpLoad Time = Mar 25 2019 11:33:19
** B3_K09_v13
* ds
# nquan = 10
# nvalues = 28                          
# units = specified
# name 0 = prdM: Pressure, Strain Gauge [db]
# name 1 = c0S/m: Conductivity [S/m]
# name 2 = tv290C: Temperature [ITS-90, deg C]
# name 3 = par: PAR/Irradiance, Biospherical/Licor
# name 4 = dz/dtM: Descent Rate [m/s]
# name 5 = density00: Density [density, kg/m^3]
# name 6 = sal00: Salinity, Practical [PSU]
# name 7 = depFM: Depth [fresh water, m], lat = 0
# name 8 = nbin: number of scans per bin
# name 9 = flag: flag
# span 0 =      1.000,     28.000       
# span 1 =   0.453116,   0.525349       
# span 2 =     0.1694,     1.0724       
# span 3 = -4.170e-05, 7.7209e+02       
# span 4 =      0.063,      0.708       
# span 5 =  1003.6594,  1004.3451       
# span 6 =     4.6693,     5.3099       
# span 7 =      1.020,     28.552       
# span 8 =          5,         14       
# span 9 = 0.0000e+00, 0.0000e+00       
# interval = decibars: 1                
# start_time = Mar 25 2019 11:22:43 [Instrument's time stamp, header]
# bad_flag = -9.990e-29
*END*
      1.000   0.453124     0.1898 7.7209e+02      0.063  1003.6594     4.6693      1.020         14 0.0000e+00
      2.000   0.453141     0.1872 3.5865e+02      0.435  1003.6647     4.6698      2.040          8 0.0000e+00
      3.000   0.453116     0.1747 2.0419e+02      0.447  1003.6704     4.6714      3.059          9 0.0000e+00
      4.000   0.453137     0.1730 1.1685e+02      0.470  1003.6757     4.6717      4.079          9 0.0000e+00
      5.000   0.453347     0.1708 6.8045e+01      0.427  1003.6826     4.6743      5.099          9 0.0000e+00
      6.000   0.453483     0.1701 4.1049e+01      0.475  1003.6889     4.6758      6.118          8 0.0000e+00
      7.000   0.453653     0.1703 2.5914e+01      0.550  1003.6953     4.6775      7.138          7 0.0000e+00
      8.000   0.453870     0.1694 1.6266e+01      0.576  1003.7023     4.6800      8.158          6 0.0000e+00
      9.000   0.453871     0.1701 1.0475e+01      0.486  1003.7072     4.6798      9.177         10 0.0000e+00
     10.000   0.454602     0.1697 6.6562e+00      0.422  1003.7187     4.6878     10.197          9 0.0000e+00
     11.000   0.454920     0.1704 4.4307e+00      0.498  1003.7264     4.6910     11.217          8 0.0000e+00
     12.000   0.455046     0.1701 2.8912e+00      0.574  1003.7325     4.6924     12.236          6 0.0000e+00
     13.000   0.455114     0.1701 1.8932e+00      0.627  1003.7381     4.6930     13.256          7 0.0000e+00
     14.000   0.455684     0.1740 1.2602e+00      0.498  1003.7478     4.6986     14.276          8 0.0000e+00
     15.000   0.456269     0.1778 8.1071e-01      0.452  1003.7577     4.7044     15.296          6 0.0000e+00
     16.000   0.456255     0.1778 5.2860e-01      0.382  1003.7625     4.7041     16.315          7 0.0000e+00
     17.000   0.457490     0.1878 3.4303e-01      0.639  1003.7776     4.7160     17.335          5 0.0000e+00
     18.000   0.458895     0.2021 2.0306e-01      0.708  1003.7940     4.7292     18.355          6 0.0000e+00
     19.000   0.459883     0.2197 1.2338e-01      0.599  1003.8063     4.7372     19.375          7 0.0000e+00
     20.000   0.466079     0.3399 6.3098e-02      0.566  1003.8563     4.7863     20.394          8 0.0000e+00
     21.000   0.498493     0.7014 1.6642e-02      0.511  1004.1135     5.0813     21.414          7 0.0000e+00
     22.000   0.520270     0.9921 -4.170e-05      0.550  1004.2801     5.2694     22.434          8 0.0000e+00
     23.000   0.521467     1.0371 1.0000e-12      0.565  1004.2906     5.2746     23.454          6 0.0000e+00
     24.000   0.521439     1.0194 1.0000e-12      0.614  1004.2972     5.2772     24.473          7 0.0000e+00
     25.000   0.523240     1.0341 1.0000e-12      0.413  1004.3162     5.2940     25.493          8 0.0000e+00
     26.000   0.525087     1.0612 1.0000e-12      0.552  1004.3342     5.3092     26.513          6 0.0000e+00
     27.000   0.525255     1.0676 1.0000e-12      0.576  1004.3399     5.3099     27.532          6 0.0000e+00
     28.000   0.525349     1.0724 1.0000e-12      0.676  1004.3451     5.3099     28.552          5 0.0000e+00
