ctdpy/exports/archive_20200326_115716/received_data/b3_v28_19.cnv
* Sea-Bird SBE19plus Data File:
* FileName = C:\CTD\CTD 2019\K18\B3_v28_19.hex
* Software Version 1.59
* Temperature SN =  4644
* Conductivity SN =  4644
* System UpLoad Time = Jul 08 2019 12:43:31
** B3_v28_19
* ds
# nquan = 11
# nvalues = 25                          
# units = specified
# name 0 = prdM: Pressure, Strain Gauge [db]
# name 1 = c0S/m: Conductivity [S/m]
# name 2 = tv290C: Temperature [ITS-90, deg C]
# name 3 = par: PAR/Irradiance, Biospherical/Licor
# name 4 = dz/dtM: Descent Rate [m/s]
# name 5 = sbeox0ML/L: Oxygen, SBE 43 [ml/l]
# name 6 = density00: Density [density, kg/m^3]
# name 7 = sal00: Salinity, Practical [PSU]
# name 8 = depFM: Depth [fresh water, m], lat = 58
# name 9 = nbin: number of scans per bin
# name 10 = flag: flag
# span 0 =      1.000,     25.000       
# span 1 =   0.560037,   0.584424       
# span 2 =     3.9831,    10.5867       
# span 3 = 1.1053e-01, 2.7344e+02       
# span 4 =      0.125,      0.496       
# span 5 =     6.6434,     7.5175       
# span 6 =  1003.1237,  1004.4396       
# span 7 =     4.4332,     5.4308       
# span 8 =      1.020,     25.493       
# span 9 =          5,         21       
# span 10 = 0.0000e+00, 0.0000e+00      
# interval = decibars: 1                
# start_time = Jul 08 2019 12:26:06 [Instrument's time stamp, header]
# bad_flag = -9.990e-29
*END*
      1.000   0.577337    10.5319 2.7344e+02      0.125     7.4864  1003.1241     4.4385      1.020         13 0.0000e+00
      2.000   0.577435    10.5589 1.5093e+02      0.212     7.5127  1003.1240     4.4359      2.039         14 0.0000e+00
      3.000   0.577523    10.5867 8.9293e+01      0.372     7.5175  1003.1237     4.4332      3.059         10 0.0000e+00
      4.000   0.577371    10.5674 5.6453e+01      0.406     7.5065  1003.1313     4.4343      4.079         10 0.0000e+00
      5.000   0.576971    10.5207 3.5446e+01      0.450     7.5021  1003.1428     4.4366      5.099          9 0.0000e+00
      6.000   0.577035    10.5238 2.3210e+01      0.453     7.5004  1003.1472     4.4366      6.118          8 0.0000e+00
      7.000   0.576864    10.4863 1.5453e+01      0.471     7.4684  1003.1583     4.4397      7.138          9 0.0000e+00
      8.000   0.575684    10.2758 1.0469e+01      0.466     7.4567  1003.1974     4.4555      8.158          8 0.0000e+00
      9.000   0.574084     9.9928 7.1861e+00      0.496     7.4650  1003.2476     4.4768      9.177          9 0.0000e+00
     10.000   0.574022     9.9330 4.9308e+00      0.448     7.4342  1003.2636     4.4836     10.197          9 0.0000e+00
     11.000   0.570437     9.2913 3.5353e+00      0.329     7.2281  1003.3675     4.5337     11.217         13 0.0000e+00
     12.000   0.560042     7.5919 2.4539e+00      0.378     7.2468  1003.6102     4.6642     12.237         11 0.0000e+00
     13.000   0.560037     6.7878 1.8174e+00      0.238     7.2592  1003.7528     4.7734     13.256         15 0.0000e+00
     14.000   0.562653     6.2442 1.3027e+00      0.328     7.1513  1003.8663     4.8739     14.276         12 0.0000e+00
     15.000   0.564319     6.0356 9.8551e-01      0.394     7.0284  1003.9172     4.9194     15.296          9 0.0000e+00
     16.000   0.565990     5.6968 7.2941e-01      0.466     7.0099  1003.9888     4.9846     16.315          9 0.0000e+00
     17.000   0.567959     5.3164 5.5219e-01      0.413     6.8754  1004.0686     5.0600     17.335         10 0.0000e+00
     18.000   0.571260     5.1282 4.3094e-01      0.451     6.6434  1004.1279     5.1201     18.355          9 0.0000e+00
     19.000   0.574872     4.9912 3.3142e-01      0.454     6.6463  1004.1816     5.1759     19.375          9 0.0000e+00
     20.000   0.576817     4.8732 2.6032e-01      0.436     6.6558  1004.2197     5.2130     20.394          8 0.0000e+00
     21.000   0.578370     4.7128 2.0892e-01      0.471     6.7245  1004.2614     5.2533     21.414          9 0.0000e+00
     22.000   0.579920     4.5483 1.7202e-01      0.470     6.7176  1004.3036     5.2945     22.434          9 0.0000e+00
     23.000   0.583525     4.3302 1.4577e-01      0.281     6.8097  1004.3700     5.3650     23.454         12 0.0000e+00
     24.000   0.582326     4.0621 1.2995e-01      0.153     6.7604  1004.4063     5.3970     24.473         21 0.0000e+00
     25.000   0.584424     3.9831 1.1053e-01      0.441 -9.990e-29  1004.4396     5.4308     25.493          5 0.0000e+00
