ctdpy/exports/archive_20200326_115716/received_data/b3_v43_19.cnv
* Sea-Bird SBE19plus Data File:
* FileName = C:\CTD\CTD 2019\k24\B3_v43_19.hex
* Software Version 1.59
* Temperature SN =  7668
* Conductivity SN =  7668
* System UpLoad Time = Oct 22 2019 09:38:41
** B3 k24 v43 2019
* ds
# nquan = 10
# nvalues = 23                          
# units = specified
# name 0 = prdM: Pressure, Strain Gauge [db]
# name 1 = c0S/m: Conductivity [S/m]
# name 2 = tv290C: Temperature [ITS-90, deg C]
# name 3 = par: PAR/Irradiance, Biospherical/Licor
# name 4 = dz/dtM: Descent Rate [m/s]
# name 5 = density00: Density [density, kg/m^3]
# name 6 = sal00: Salinity, Practical [PSU]
# name 7 = depFM: Depth [fresh water, m], lat = 0
# name 8 = nbin: number of scans per bin
# name 9 = flag: flag
# span 0 =      1.000,     23.000       
# span 1 =   0.423780,   0.625503       
# span 2 =     5.1912,     7.5371       
# span 3 = 1.0000e-12, 3.7133e+01       
# span 4 =      0.264,      0.801       
# span 5 =  1002.8518,  1004.5545       
# span 6 =     3.6467,     5.6309       
# span 7 =      1.020,     23.454       
# span 8 =          3,         13       
# span 9 = 0.0000e+00, 0.0000e+00       
# interval = decibars: 1                
# start_time = Oct 22 2019 09:23:21 [Instrument's time stamp, header]
# bad_flag = -9.990e-29
*END*
      1.000   0.423780     5.8314 3.7133e+01      0.264  1002.8518     3.6467      1.020          7 0.0000e+00
      2.000   0.423855     5.8322 1.9788e+01      0.279  1002.8571     3.6472      2.039          9 0.0000e+00
      3.000   0.424393     5.8370 1.0886e+01      0.308  1002.8652     3.6516      3.059         13 0.0000e+00
      4.000   0.424904     5.8435 6.2418e+00      0.323  1002.8729     3.6555      4.079          9 0.0000e+00
      5.000   0.425283     5.8471 3.7540e+00      0.369  1002.8800     3.6585      5.099          8 0.0000e+00
      6.000   0.425919     5.8564 2.2263e+00      0.406  1002.8882     3.6632      6.118          8 0.0000e+00
      7.000   0.428074     5.8859 1.5420e+00      0.416  1002.9049     3.6797      7.138         12 0.0000e+00
      8.000   0.470240     6.4274 1.0160e+00      0.374  1003.1374     4.0008      8.158          7 0.0000e+00
      9.000   0.549456     7.4582 7.4415e-01      0.452  1003.5450     4.5871      9.177         11 0.0000e+00
     10.000   0.574022     7.5371 5.6808e-01      0.445  1003.7092     4.7962     10.197          9 0.0000e+00
     11.000   0.581114     7.4887 4.2898e-01      0.371  1003.7723     4.8662     11.217          8 0.0000e+00
     12.000   0.588102     7.4412 3.1762e-01      0.582  1003.8348     4.9355     12.237          7 0.0000e+00
     13.000   0.590059     7.4148 2.2358e-01      0.527  1003.8580     4.9567     13.256          8 0.0000e+00
     14.000   0.591367     7.3824 1.6757e-01      0.556  1003.8778     4.9731     14.276          5 0.0000e+00
     15.000   0.594686     7.3048 1.1999e-01      0.680  1003.9199     5.0140     15.296          8 0.0000e+00
     16.000   0.595864     7.2468 6.7323e-02      0.394  1003.9435     5.0330     16.316          9 0.0000e+00
     17.000   0.602826     6.8632 3.6316e-02      0.577  1004.0665     5.1529     17.335          5 0.0000e+00
     18.000   0.609971     6.3595 2.0095e-02      0.801  1004.2121     5.2956     18.355          5 0.0000e+00
     19.000   0.614282     6.0442 3.2265e-03      0.430  1004.3038     5.3850     19.375          6 0.0000e+00
     20.000   0.617801     5.7636 4.1968e-05      0.556  1004.3835     5.4633     20.394          6 0.0000e+00
     21.000   0.622069     5.3372 1.0000e-12      0.564  1004.4939     5.5737     21.414          8 0.0000e+00
     22.000   0.624144     5.2256 1.0000e-12      0.647  1004.5335     5.6122     22.434          6 0.0000e+00
     23.000   0.625503     5.1912 1.0000e-12      0.482  1004.5545     5.6309     23.454          3 0.0000e+00
