ctdpy/exports/archive_20200326_115716/received_data/b3_v07_19.cnv
* Sea-Bird SBE19plus Data File:
* FileName = C:\CTD\CTD 2019\K05\B3_v07_19.hex
* Software Version 1.59
* Temperature SN =  7668
* Conductivity SN =  7668
* System UpLoad Time = Feb 15 2019 11:10:15
** B3 2019K06 v7
**
# nquan = 10
# nvalues = 27                          
# units = specified
# name 0 = prdM: Pressure, Strain Gauge [db]
# name 1 = c0S/m: Conductivity [S/m]
# name 2 = tv290C: Temperature [ITS-90, deg C]
# name 3 = par: PAR/Irradiance, Biospherical/Licor
# name 4 = dz/dtM: Descent Rate [m/s]
# name 5 = density00: Density [density, kg/m^3]
# name 6 = sal00: Salinity, Practical [PSU]
# name 7 = depFM: Depth [fresh water, m], lat = 0
# name 8 = nbin: number of scans per bin
# name 9 = flag: flag
# span 0 =      1.000,     27.000       
# span 1 =   0.347559,   0.534228       
# span 2 =    -0.0442,     1.4060       
# span 3 = 1.0000e-12, 3.3957e+01       
# span 4 =      0.231,      0.578       
# span 5 =  1002.7186,  1004.3794       
# span 6 =     3.4980,     5.3483       
# span 7 =      1.020,     27.532       
# span 8 =          7,         17       
# span 9 = 0.0000e+00, 0.0000e+00       
# interval = decibars: 1                
# start_time = Feb 15 2019 11:43:18 [Instrument's time stamp, header]
# bad_flag = -9.990e-29
*END*
      1.000   0.347559     0.3871 3.3957e+01      0.241  1002.7186     3.4980      1.020         13 0.0000e+00
      2.000   0.352787    -0.0442 1.4772e+01      0.331  1002.7893     3.6046      2.039         13 0.0000e+00
      3.000   0.367729    -0.0364 1.0629e+01      0.346  1002.9259     3.7660      3.059         11 0.0000e+00
      4.000   0.384876     0.0153 8.0112e+00      0.388  1003.0799     3.9463      4.079         11 0.0000e+00
      5.000   0.407090     0.1046 6.4025e+00      0.310  1003.2764     4.1768      5.099         12 0.0000e+00
      6.000   0.423665     0.2144 4.9253e+00      0.300  1003.4210     4.3425      6.118         13 0.0000e+00
      7.000   0.433493     0.2799 3.5639e+00      0.286  1003.5083     4.4403      7.138         15 0.0000e+00
      8.000   0.456152     0.3323 2.7057e+00      0.325  1003.7097     4.6800      8.158         10 0.0000e+00
      9.000   0.474036     0.4047 2.0352e+00      0.496  1003.8669     4.8643      9.177          8 0.0000e+00
     10.000   0.481578     0.4910 1.5542e+00      0.486  1003.9309     4.9329     10.197          8 0.0000e+00
     11.000   0.490257     0.6577 1.2035e+00      0.484  1003.9969     5.0005     11.217          8 0.0000e+00
     12.000   0.502168     0.8639 9.2863e-01      0.528  1004.0861     5.0959     12.237          8 0.0000e+00
     13.000   0.509603     0.9731 7.0776e-01      0.511  1004.1449     5.1582     13.256          7 0.0000e+00
     14.000   0.512103     1.0008 5.1961e-01      0.578  1004.1687     5.1805     14.276          8 0.0000e+00
     15.000   0.514703     1.0386 3.8707e-01      0.468  1004.1922     5.2021     15.296          8 0.0000e+00
     16.000   0.519069     1.1073 2.6582e-01      0.521  1004.2277     5.2375     16.316          7 0.0000e+00
     17.000   0.521447     1.1664 1.7418e-01      0.538  1004.2469     5.2530     17.335          9 0.0000e+00
     18.000   0.517925     1.1499 1.1613e-01      0.240  1004.2230     5.2178     18.355         16 0.0000e+00
     19.000   0.520883     1.1826 7.3708e-02      0.289  1004.2500     5.2440     19.374         12 0.0000e+00
     20.000   0.522242     1.2085 2.8618e-02      0.392  1004.2639     5.2541     20.394         11 0.0000e+00
     21.000   0.524649     1.2281 3.9244e-03      0.343  1004.2875     5.2766     21.414         12 0.0000e+00
     22.000   0.525006     1.2650 2.3940e-04      0.260  1004.2913     5.2740     22.434         17 0.0000e+00
     23.000   0.527512     1.3267 1.0000e-12      0.231  1004.3110     5.2903     23.454         17 0.0000e+00
     24.000   0.531416     1.3701 1.0000e-12      0.307  1004.3446     5.3246     24.473         11 0.0000e+00
     25.000   0.533210     1.3977 1.0000e-12      0.409  1004.3618     5.3390     25.493         11 0.0000e+00
     26.000   0.532950     1.3938 1.0000e-12      0.295  1004.3649     5.3368     26.513         14 0.0000e+00
     27.000   0.534228     1.4060 1.0000e-12      0.297  1004.3794     5.3483     27.532         14 0.0000e+00
