ctdpy/exports/archive_20200326_115716/received_data/b3_v24_19.cnv
* Sea-Bird SBE19plus Data File:
* FileName = C:\CTD\CTD 2019\v24\B3_v24_19.hex
* Software Version 1.59
* Temperature SN =  4644
* Conductivity SN =  4644
* System UpLoad Time = Jun 11 2019 20:07:31
** B3_v24_19
* ds
# nquan = 11
# nvalues = 23                          
# units = specified
# name 0 = prdM: Pressure, Strain Gauge [db]
# name 1 = c0S/m: Conductivity [S/m]
# name 2 = tv290C: Temperature [ITS-90, deg C]
# name 3 = par: PAR/Irradiance, Biospherical/Licor
# name 4 = dz/dtM: Descent Rate [m/s]
# name 5 = sbeox0ML/L: Oxygen, SBE 43 [ml/l]
# name 6 = density00: Density [density, kg/m^3]
# name 7 = sal00: Salinity, Practical [PSU]
# name 8 = depFM: Depth [fresh water, m], lat = 58
# name 9 = nbin: number of scans per bin
# name 10 = flag: flag
# span 0 =      1.000,     23.000       
# span 1 =   0.492102,   0.522706       
# span 2 =     6.3175,    10.5930       
# span 3 = 5.8282e-02, 3.6254e+01       
# span 4 =      0.010,      0.536       
# span 5 =     7.6086,     8.2948       
# span 6 =  1002.5711,  1003.6069       
# span 7 =     3.7361,     4.4945       
# span 8 =      1.020,     23.453       
# span 9 =          7,         22       
# span 10 = 0.0000e+00, 0.0000e+00      
# interval = decibars: 1                
# start_time = Jun 11 2019 19:42:40 [Instrument's time stamp, header]
# bad_flag = -9.990e-29
*END*
      1.000   0.492102    10.5930 3.6254e+01      0.010     8.1127  1002.5711     3.7361      1.020          9 0.0000e+00
      2.000   0.493088    10.5224 1.1887e+01      0.348     8.1338  1002.5950     3.7513      2.039         11 0.0000e+00
      3.000   0.496299    10.3203 4.5659e+00      0.386     8.2006  1002.6573     3.7982      3.059         10 0.0000e+00
      4.000   0.499371     9.9107 2.0987e+00      0.399     8.2730  1002.7561     3.8665      4.079         10 0.0000e+00
      5.000   0.500646     9.7288 1.1293e+00      0.430     8.2750  1002.8018     3.8964      5.099          9 0.0000e+00
      6.000   0.501277     9.6471 6.0131e-01      0.476     8.2672  1002.8251     3.9104      6.118          8 0.0000e+00
      7.000   0.501589     9.5681 3.4969e-01      0.465     8.2730  1002.8460     3.9215      7.138          9 0.0000e+00
      8.000   0.501135     9.3524 2.0774e-01      0.472     8.2948  1002.8858     3.9412      8.158          8 0.0000e+00
      9.000   0.500455     9.1421 1.3662e-01      0.474     8.2735  1002.9229     3.9585      9.177          9 0.0000e+00
     10.000   0.500791     9.0247 9.9782e-02      0.489     8.1499  1002.9502     3.9744     10.197          8 0.0000e+00
     11.000   0.502292     8.5818 8.2934e-02      0.489     8.1280  1003.0407     4.0369     11.217          8 0.0000e+00
     12.000   0.504280     8.4967 7.3638e-02      0.516     8.1016  1003.0733     4.0636     12.237          8 0.0000e+00
     13.000   0.506188     8.3546 6.8203e-02      0.493     8.0408  1003.1149     4.0964     13.256          8 0.0000e+00
     14.000   0.508233     8.1043 6.4258e-02      0.497     8.0255  1003.1754     4.1433     14.276          7 0.0000e+00
     15.000   0.510769     7.8420 6.1675e-02      0.536     8.0094  1003.2410     4.1965     15.296          8 0.0000e+00
     16.000   0.512251     7.6833 6.0420e-02      0.504     8.0135  1003.2821     4.2286     16.315          8 0.0000e+00
     17.000   0.513378     7.4853 5.9450e-02      0.529     8.0216  1003.3269     4.2626     17.335          8 0.0000e+00
     18.000   0.514235     7.3603 5.8961e-02      0.509     7.9759  1003.3579     4.2855     18.355          7 0.0000e+00
     19.000   0.515148     7.2023 5.8490e-02      0.529     7.8984  1003.3945     4.3131     19.375          8 0.0000e+00
     20.000   0.517097     6.9753 5.8346e-02      0.358     7.9057  1003.4493     4.3591     20.394         14 0.0000e+00
     21.000   0.519063     6.8222 5.8282e-02      0.151     7.8365  1003.4923     4.3962     21.414         22 0.0000e+00
     22.000   0.520365     6.6203 5.9611e-02      0.158     7.7606  1003.5381     4.4338     22.434         21 0.0000e+00
     23.000   0.522706     6.3175 6.9206e-02      0.115     7.6086  1003.6069     4.4945     23.453          9 0.0000e+00
