ctdpy/exports/archive_20200326_115716/received_data/b3_v34_19.cnv
* Sea-Bird SBE19plus Data File:
* FileName = C:\CTD\CTD 2019\K20\B3_v34_19.hex
* Software Version 1.59
* Temperature SN =  4644
* Conductivity SN =  4644
* System UpLoad Time = Aug 20 2019 09:54:41
** B3_v34_19
* ds
# nquan = 11
# nvalues = 23                          
# units = specified
# name 0 = prdM: Pressure, Strain Gauge [db]
# name 1 = c0S/m: Conductivity [S/m]
# name 2 = tv290C: Temperature [ITS-90, deg C]
# name 3 = par: PAR/Irradiance, Biospherical/Licor
# name 4 = dz/dtM: Descent Rate [m/s]
# name 5 = sbeox0ML/L: Oxygen, SBE 43 [ml/l]
# name 6 = density00: Density [density, kg/m^3]
# name 7 = sal00: Salinity, Practical [PSU]
# name 8 = depFM: Depth [fresh water, m], lat = 58
# name 9 = nbin: number of scans per bin
# name 10 = flag: flag
# span 0 =      1.000,     23.000       
# span 1 =   0.579098,   0.639213       
# span 2 =     8.0245,    15.8795       
# span 3 = 1.0431e-01, 5.8472e+01       
# span 4 =     -0.131,      0.574       
# span 5 =     5.2074,     6.4715       
# span 6 =  1001.9472,  1004.0967       
# span 7 =     3.8736,     5.2554       
# span 8 =      1.020,     23.453       
# span 9 =          7,         21       
# span 10 = 0.0000e+00, 0.0000e+00      
# interval = decibars: 1                
# start_time = Aug 20 2019 09:38:28 [Instrument's time stamp, header]
# bad_flag = -9.990e-29
*END*
      1.000   0.579098    15.8762 5.8472e+01     -0.131     6.4621  1001.9472     3.8736      1.020          7 0.0000e+00
      2.000   0.579188    15.8795 3.2644e+01      0.338     6.4701  1001.9515     3.8739      2.039         12 0.0000e+00
      3.000   0.579213    15.8781 2.2816e+01      0.574     6.4715  1001.9565     3.8741      3.059          8 0.0000e+00
      4.000   0.579216    15.8761 1.7556e+01      0.306     6.4708  1001.9616     3.8743      4.079         11 0.0000e+00
      5.000   0.579149    15.8710 1.5512e+01      0.257     6.4699  1001.9671     3.8742      5.099         17 0.0000e+00
      6.000   0.579224    15.8549 1.3931e+01      0.288     6.4621  1001.9760     3.8763      6.118         15 0.0000e+00
      7.000   0.579437    15.8473 1.1505e+01      0.288     6.4495  1001.9836     3.8785      7.138         15 0.0000e+00
      8.000   0.588387    15.7035 8.7265e+00      0.278     6.3703  1002.0724     3.9569      8.158         16 0.0000e+00
      9.000   0.603848    15.4777 6.2410e+00      0.253     6.3526  1002.2175     4.0910      9.177         14 0.0000e+00
     10.000   0.610242    15.3461 4.3255e+00      0.242     6.3418  1002.2898     4.1510     10.197         14 0.0000e+00
     11.000   0.611933    15.3015 3.0381e+00      0.267     6.3456  1002.3147     4.1679     11.217         16 0.0000e+00
     12.000   0.614239    15.2807 2.1874e+00      0.250     6.2668  1002.3373     4.1869     12.237         14 0.0000e+00
     13.000   0.621422    15.2707 1.5376e+00      0.369     6.2753  1002.3845     4.2402     13.256         13 0.0000e+00
     14.000   0.628482    15.2567 1.1071e+00      0.324     6.2900  1002.4321     4.2933     14.276         12 0.0000e+00
     15.000   0.635301    15.2120 7.9458e-01      0.284     6.2782  1002.4860     4.3480     15.296         15 0.0000e+00
     16.000   0.638656    15.1440 6.2432e-01      0.241     6.2635  1002.5263     4.3800     16.316         13 0.0000e+00
     17.000   0.639213    14.8103 4.5285e-01      0.233     5.8168  1002.6151     4.4215     17.335         17 0.0000e+00
     18.000   0.630087    12.5517 3.4616e-01      0.263     5.6729  1003.0978     4.6165     18.355         14 0.0000e+00
     19.000   0.630505    10.9162 2.6720e-01      0.211     5.4317  1003.4668     4.8258     19.375         21 0.0000e+00
     20.000   0.628806     9.2948 2.0713e-01      0.278     5.3470  1003.7975     5.0309     20.394         12 0.0000e+00
     21.000   0.629377     8.5276 1.5420e-01      0.227     5.2905  1003.9603     5.1445     21.414         16 0.0000e+00
     22.000   0.630490     8.1956 1.2447e-01      0.289     5.2520  1004.0374     5.2029     22.434         17 0.0000e+00
     23.000   0.633556     8.0245 1.0431e-01      0.148     5.2074  1004.0967     5.2554     23.453         15 0.0000e+00
