ctdpy/exports/archive_20200326_115716/received_data/b7_v03_19.cnv
* Sea-Bird SBE19plus Data File:
* FileName = C:\CTD\CTD 2019\B7_K01v3_2019.hex
* Software Version 1.59
* Temperature SN =  4644
* Conductivity SN =  4644
* System UpLoad Time = Jan 14 2019 10:48:45
** B7_K01v3_2019
* ds
# nquan = 11
# nvalues = 22                          
# units = specified
# name 0 = prdM: Pressure, Strain Gauge [db]
# name 1 = c0S/m: Conductivity [S/m]
# name 2 = tv290C: Temperature [ITS-90, deg C]
# name 3 = par: PAR/Irradiance, Biospherical/Licor
# name 4 = dz/dtM: Descent Rate [m/s]
# name 5 = sbeox0ML/L: Oxygen, SBE 43 [ml/l]
# name 6 = density00: Density [density, kg/m^3]
# name 7 = sal00: Salinity, Practical [PSU]
# name 8 = depFM: Depth [fresh water, m], lat = 58
# name 9 = nbin: number of scans per bin
# name 10 = flag: flag
# span 0 =      1.000,     22.000       
# span 1 =   0.523644,   0.572218       
# span 2 =     1.6830,     2.8482       
# span 3 = 4.3616e-02, 7.1895e+00       
# span 4 =      0.108,      0.465       
# span 5 =     7.5466,     8.5693       
# span 6 =  1004.1299,  1004.4911       
# span 7 =     5.1915,     5.4995       
# span 8 =      1.020,     22.434       
# span 9 =          3,         11       
# span 10 = 0.0000e+00, 0.0000e+00      
# interval = decibars: 1                
# start_time = Jan 14 2019 10:30:11 [Instrument's time stamp, header]
# bad_flag = -9.990e-29
*END*
      1.000   0.523701     1.6852 7.1895e+00      0.232     8.5649  1004.1299     5.1918      1.020         11 0.0000e+00
      2.000   0.523644     1.6830 4.0089e+00      0.346     8.5609  1004.1346     5.1915      2.039         10 0.0000e+00
      3.000   0.523726     1.6855 2.3859e+00      0.382     8.5530  1004.1399     5.1918      3.059         11 0.0000e+00
      4.000   0.523763     1.6867 1.4656e+00      0.394     8.5693  1004.1450     5.1919      4.079         10 0.0000e+00
      5.000   0.524183     1.7024 9.3936e-01      0.365     8.5529  1004.1517     5.1937      5.099         11 0.0000e+00
      6.000   0.524822     1.7257 6.1087e-01      0.362     8.5422  1004.1593     5.1965      6.118         11 0.0000e+00
      7.000   0.525172     1.7383 4.0981e-01      0.375     8.5454  1004.1657     5.1980      7.138         11 0.0000e+00
      8.000   0.525387     1.7468 2.7276e-01      0.358     8.5419  1004.1715     5.1987      8.158         10 0.0000e+00
      9.000   0.526032     1.7688 1.8754e-01      0.384     8.5220  1004.1793     5.2018      9.178         11 0.0000e+00
     10.000   0.528469     1.8456 1.3074e-01      0.405     8.4964  1004.1959     5.2147     10.197         10 0.0000e+00
     11.000   0.529148     1.8704 9.1863e-02      0.389     8.4826  1004.2037     5.2176     11.217         10 0.0000e+00
     12.000   0.534604     2.0342 6.7575e-02      0.437     8.3398  1004.2349     5.2476     12.236          9 0.0000e+00
     13.000   0.543393     2.2589 5.1157e-02      0.413     8.2229  1004.2861     5.3020     13.256          9 0.0000e+00
     14.000   0.544217     2.2663 4.3856e-02      0.465     8.1819  1004.2969     5.3092     14.276          9 0.0000e+00
     15.000   0.545451     2.2896 4.3616e-02      0.464     8.1347  1004.3092     5.3180     15.296          8 0.0000e+00
     16.000   0.547630     2.3462 4.3617e-02      0.459     8.1137  1004.3250     5.3311     16.316          9 0.0000e+00
     17.000   0.548429     2.3649 4.3617e-02      0.450     8.0668  1004.3342     5.3362     17.335          9 0.0000e+00
     18.000   0.551863     2.4346 4.3617e-02      0.456     7.9959  1004.3587     5.3600     18.355          9 0.0000e+00
     19.000   0.555636     2.5132 4.3617e-02      0.455     7.9096  1004.3847     5.3858     19.375          9 0.0000e+00
     20.000   0.560208     2.6113 4.3617e-02      0.445     7.7438  1004.4144     5.4163     20.394          9 0.0000e+00
     21.000   0.568856     2.7767 4.3617e-02      0.429     7.5587  1004.4683     5.4773     21.414          9 0.0000e+00
     22.000   0.572218     2.8482 4.3617e-02      0.108     7.5466  1004.4911     5.4995     22.434          3 0.0000e+00
