ctdpy/exports/archive_20200326_115716/received_data/b7_v18_19.cnv
* Sea-Bird SBE19plus Data File:
* FileName = C:\CTD\CTD 2019\K13\B7_K13_2019.hex
* Software Version 1.59
* Temperature SN =  7668
* Conductivity SN =  7668
* System UpLoad Time = Apr 29 2019 09:43:34
** B7_K13_2019
* ds
# nquan = 10
# nvalues = 22                          
# units = specified
# name 0 = prdM: Pressure, Strain Gauge [db]
# name 1 = c0S/m: Conductivity [S/m]
# name 2 = tv290C: Temperature [ITS-90, deg C]
# name 3 = par: PAR/Irradiance, Biospherical/Licor
# name 4 = dz/dtM: Descent Rate [m/s]
# name 5 = density00: Density [density, kg/m^3]
# name 6 = sal00: Salinity, Practical [PSU]
# name 7 = depFM: Depth [fresh water, m], lat = 0
# name 8 = nbin: number of scans per bin
# name 9 = flag: flag
# span 0 =      1.000,     22.000       
# span 1 =   0.347673,   0.497061       
# span 2 =     2.2222,     5.8444       
# span 3 = 1.0000e-12, 4.8166e+01       
# span 4 =      0.171,      0.460       
# span 5 =  1002.3015,  1003.9308       
# span 6 =     2.9533,     4.8219       
# span 7 =      1.020,     22.434       
# span 8 =          9,         21       
# span 9 = 0.0000e+00, 0.0000e+00       
# interval = decibars: 1                
# start_time = Apr 29 2019 09:28:32 [Instrument's time stamp, header]
# bad_flag = -9.990e-29
*END*
      1.000   0.347673     5.8444 4.8166e+01      0.234  1002.3015     2.9533      1.020         15 0.0000e+00
      2.000   0.349517     5.0821 1.5142e+01      0.343  1002.3990     3.0379      2.039         11 0.0000e+00
      3.000   0.353036     4.8527 7.6057e+00      0.402  1002.4524     3.0915      3.059         10 0.0000e+00
      4.000   0.355061     4.8014 4.7125e+00      0.384  1002.4773     3.1151      4.079         11 0.0000e+00
      5.000   0.363334     4.7354 3.2628e+00      0.407  1002.5502     3.1986      5.099          9 0.0000e+00
      6.000   0.365334     4.6862 2.3720e+00      0.358  1002.5748     3.2220      6.118         11 0.0000e+00
      7.000   0.365687     4.5035 1.6426e+00      0.396  1002.6002     3.2432      7.138         10 0.0000e+00
      8.000   0.366409     4.3123 1.1082e+00      0.408  1002.6290     3.2688      8.158         10 0.0000e+00
      9.000   0.368107     4.1721 7.1290e-01      0.419  1002.6600     3.2989      9.178          9 0.0000e+00
     10.000   0.375775     3.8647 4.3331e-01      0.460  1002.7524     3.4040     10.197          9 0.0000e+00
     11.000   0.386941     3.5755 2.6113e-01      0.436  1002.8706     3.5428     11.217          9 0.0000e+00
     12.000   0.393339     3.4402 1.5459e-01      0.448  1002.9380     3.6202     12.237          9 0.0000e+00
     13.000   0.405565     3.1941 8.1836e-02      0.431  1003.0625     3.7691     13.256          9 0.0000e+00
     14.000   0.432401     2.7849 3.2778e-02      0.417  1003.3210     4.0869     14.276         10 0.0000e+00
     15.000   0.461032     2.4072 6.8448e-03      0.403  1003.5964     4.4277     15.296         10 0.0000e+00
     16.000   0.477866     2.3077 4.0946e-05      0.432  1003.7504     4.6147     16.315          9 0.0000e+00
     17.000   0.486547     2.2437 1.0000e-12      0.433  1003.8340     4.7136     17.335          9 0.0000e+00
     18.000   0.492267     2.2222 1.0000e-12      0.388  1003.8887     4.7759     18.355         12 0.0000e+00
     19.000   0.497061     2.2456 1.0000e-12      0.256  1003.9308     4.8219     19.375         17 0.0000e+00
     20.000   0.495583     2.3321 1.0000e-12      0.210  1003.9139     4.7937     20.394         19 0.0000e+00
     21.000   0.483679     2.8191 1.0000e-12      0.194  1003.7663     4.5997     21.414         21 0.0000e+00
     22.000   0.496758     2.8082 1.0000e-12      0.171  1003.8803     4.7368     22.434         14 0.0000e+00
