ctdpy/exports/archive_20200326_115716/received_data/b7_v26_19.cnv
* Sea-Bird SBE19plus Data File:
* FileName = C:\CTD\CTD 2019\k17\B7v26k17.hex
* Software Version 1.59
* Temperature SN =  4644
* Conductivity SN =  4644
* System UpLoad Time = Jun 25 2019 09:25:57
** B7 k17 v26 2019
* ds
# nquan = 11
# nvalues = 22                          
# units = specified
# name 0 = prdM: Pressure, Strain Gauge [db]
# name 1 = c0S/m: Conductivity [S/m]
# name 2 = tv290C: Temperature [ITS-90, deg C]
# name 3 = par: PAR/Irradiance, Biospherical/Licor
# name 4 = dz/dtM: Descent Rate [m/s]
# name 5 = sbeox0ML/L: Oxygen, SBE 43 [ml/l]
# name 6 = density00: Density [density, kg/m^3]
# name 7 = sal00: Salinity, Practical [PSU]
# name 8 = depFM: Depth [fresh water, m], lat = 58
# name 9 = nbin: number of scans per bin
# name 10 = flag: flag
# span 0 =      1.000,     22.000       
# span 1 =   0.514626,   0.542727       
# span 2 =     6.2835,    10.7232       
# span 3 = 6.7790e-02, 1.5508e+02       
# span 4 =      0.049,      0.588       
# span 5 =     6.9585,     7.8179       
# span 6 =  1002.7051,  1003.7528       
# span 7 =     3.9262,     4.6836       
# span 8 =      1.020,     22.434       
# span 9 =          7,         11       
# span 10 = 0.0000e+00, 0.0000e+00      
# interval = decibars: 1                
# start_time = Jun 25 2019 09:14:42 [Instrument's time stamp, header]
# bad_flag = -9.990e-29
*END*
      1.000   0.517239    10.7232 1.5508e+02      0.049     7.8179  1002.7051     3.9262      1.020          9 0.0000e+00
      2.000   0.518034    10.6848 7.4376e+01      0.352     7.8076  1002.7221     3.9367      2.039         10 0.0000e+00
      3.000   0.518822    10.6244 3.7758e+01      0.527     7.7994  1002.7433     3.9495      3.059          7 0.0000e+00
      4.000   0.520180    10.4905 2.0522e+01      0.588     7.7861  1002.7820     3.9750      4.079          7 0.0000e+00
      5.000   0.520378    10.3666 1.2207e+01      0.553     7.7433  1002.8114     3.9900      5.099          8 0.0000e+00
      6.000   0.521053    10.1800 7.2925e+00      0.577     7.7351  1002.8554     4.0160      6.118          7 0.0000e+00
      7.000   0.522675     9.9609 4.4625e+00      0.563     7.7575  1002.9113     4.0536      7.138          7 0.0000e+00
      8.000   0.525983     9.8877 2.7478e+00      0.541     7.7545  1002.9510     4.0891      8.158          7 0.0000e+00
      9.000   0.525664     9.8203 1.7420e+00      0.533     7.6404  1002.9661     4.0940      9.177          8 0.0000e+00
     10.000   0.520106     9.4332 1.1151e+00      0.519     7.5270  1003.0051     4.0913     10.197          8 0.0000e+00
     11.000   0.514626     8.9288 7.2524e-01      0.500     7.5173  1003.0635     4.1026     11.217          7 0.0000e+00
     12.000   0.515063     8.6911 4.7618e-01      0.547     7.4938  1003.1125     4.1337     12.237          8 0.0000e+00
     13.000   0.516770     8.4945 3.2305e-01      0.525     7.4363  1003.1626     4.1713     13.256          7 0.0000e+00
     14.000   0.519184     8.3131 2.2066e-01      0.566     7.3169  1003.2148     4.2137     14.276          7 0.0000e+00
     15.000   0.520430     7.8284 1.6153e-01      0.528     7.1636  1003.3098     4.2830     15.296          8 0.0000e+00
     16.000   0.521378     7.2839 1.2291e-01      0.565     7.2438  1003.4108     4.3589     16.315          7 0.0000e+00
     17.000   0.525605     6.9975 1.0076e-01      0.529     7.3598  1003.4918     4.4331     17.335          8 0.0000e+00
     18.000   0.531062     6.8687 8.7401e-02      0.552     7.3886  1003.5561     4.4989     18.355          7 0.0000e+00
     19.000   0.534832     6.7507 7.9142e-02      0.556     7.2192  1003.6068     4.5486     19.375          7 0.0000e+00
     20.000   0.537813     6.5100 7.3939e-02      0.543     7.1165  1003.6716     4.6078     20.394          7 0.0000e+00
     21.000   0.540020     6.3863 7.0353e-02      0.545     7.0274  1003.7120     4.6447     21.414          8 0.0000e+00
     22.000   0.542727     6.2835 6.7790e-02      0.532     6.9585  1003.7528     4.6836     22.434         11 0.0000e+00
