ctdpy/exports/archive_20200326_115716/received_data/b7_v32_19.cnv
* Sea-Bird SBE19plus Data File:
* FileName = C:\CTD\CTD 2019\v32\B7_v23_19.hex
* Software Version 1.59
* Temperature SN =  4644
* Conductivity SN =  4644
* System UpLoad Time = Aug 06 2019 08:26:46
** B7_v23_19
* ds
# nquan = 11
# nvalues = 22                          
# units = specified
# name 0 = prdM: Pressure, Strain Gauge [db]
# name 1 = c0S/m: Conductivity [S/m]
# name 2 = tv290C: Temperature [ITS-90, deg C]
# name 3 = par: PAR/Irradiance, Biospherical/Licor
# name 4 = dz/dtM: Descent Rate [m/s]
# name 5 = sbeox0ML/L: Oxygen, SBE 43 [ml/l]
# name 6 = density00: Density [density, kg/m^3]
# name 7 = sal00: Salinity, Practical [PSU]
# name 8 = depFM: Depth [fresh water, m], lat = 58
# name 9 = nbin: number of scans per bin
# name 10 = flag: flag
# span 0 =      1.000,     22.000       
# span 1 =   0.553343,   0.627534       
# span 2 =     5.2701,    16.3021       
# span 3 = 1.1393e-01, 9.8812e+01       
# span 4 =      0.037,      0.645       
# span 5 =     5.5985,     6.7534       
# span 6 =  1001.7129,  1004.5518       
# span 7 =     3.6509,     5.6370       
# span 8 =      1.020,     22.434       
# span 9 =          3,         10       
# span 10 = 0.0000e+00, 0.0000e+00      
# interval = decibars: 1                
# start_time = Aug 06 2019 07:58:52 [Instrument's time stamp, header]
# bad_flag = -9.990e-29
*END*
      1.000   0.555251    16.1315 9.8812e+01      0.037     6.7142  1001.7554     3.6800      1.020          9 0.0000e+00
      2.000   0.554547    16.2000 5.4189e+01      0.388     6.7534  1001.7395     3.6687      2.039         10 0.0000e+00
      3.000   0.553343    16.3021 3.2343e+01      0.447     6.6489  1001.7129     3.6509      3.059          9 0.0000e+00
      4.000   0.555610    16.0795 1.9597e+01      0.494     6.5958  1001.7836     3.6872      4.079          7 0.0000e+00
      5.000   0.558334    15.8014 1.2523e+01      0.523     6.3280  1001.8699     3.7322      5.099          8 0.0000e+00
      6.000   0.565335    14.9976 8.0400e+00      0.536     6.1659  1002.1032     3.8603      6.118          8 0.0000e+00
      7.000   0.576699    13.6977 5.3846e+00      0.520     6.0466  1002.4721     4.0760      7.138          7 0.0000e+00
      8.000   0.584110    12.7233 3.5626e+00      0.549     5.9193  1002.7377     4.2380      8.158          7 0.0000e+00
      9.000   0.591535    11.5099 2.4760e+00      0.564     6.0434  1003.0492     4.4362      9.178          7 0.0000e+00
     10.000   0.593783    11.3497 1.7293e+00      0.594     5.8675  1003.1018     4.4731     10.197          7 0.0000e+00
     11.000   0.596292    10.9815 1.2535e+00      0.587     5.6468  1003.1992     4.5384     11.217          7 0.0000e+00
     12.000   0.600067     9.7052 9.0534e-01      0.598     5.5985  1003.4879     4.7315     12.236          6 0.0000e+00
     13.000   0.600278     8.6117 6.7611e-01      0.602     5.8437  1003.7074     4.8797     13.256          7 0.0000e+00
     14.000   0.605550     7.9428 5.1279e-01      0.597     5.9847  1003.8748     5.0195     14.276          6 0.0000e+00
     15.000   0.610731     7.6086 3.9526e-01      0.619     5.8603  1003.9778     5.1141     15.296          7 0.0000e+00
     16.000   0.611418     7.0331 3.1541e-01      0.614     5.8745  1004.0929     5.2060     16.315          7 0.0000e+00
     17.000   0.614966     6.5743 2.5289e-01      0.613     5.8392  1004.2058     5.3085     17.335          6 0.0000e+00
     18.000   0.617574     6.2350 2.0738e-01      0.598     5.7834  1004.2899     5.3857     18.355          7 0.0000e+00
     19.000   0.619414     6.0560 1.7281e-01      0.600     5.7483  1004.3398     5.4313     19.375          6 0.0000e+00
     20.000   0.621377     5.9095 1.4834e-01      0.624     5.7453  1004.3848     5.4733     20.394          7 0.0000e+00
     21.000   0.624253     5.5482 1.3056e-01      0.645 -9.990e-29  1004.4741     5.5596     21.414          7 0.0000e+00
     22.000   0.627534     5.2701 1.1393e-01      0.643 -9.990e-29  1004.5518     5.6370     22.434          3 0.0000e+00
