ctdpy/exports/archive_20200326_115716/received_data/b7_v41_19.cnv
* Sea-Bird SBE19plus Data File:
* FileName = C:\CTD\CTD 2019\K23\B7_V41_2019.hex
* Software Version 1.59
* Temperature SN =  7668
* Conductivity SN =  7668
* System UpLoad Time = Oct 08 2019 09:00:52
** B7_V41_2019
* ds
# nquan = 10
# nvalues = 22                          
# units = specified
# name 0 = prdM: Pressure, Strain Gauge [db]
# name 1 = c0S/m: Conductivity [S/m]
# name 2 = tv290C: Temperature [ITS-90, deg C]
# name 3 = par: PAR/Irradiance, Biospherical/Licor
# name 4 = dz/dtM: Descent Rate [m/s]
# name 5 = density00: Density [density, kg/m^3]
# name 6 = sal00: Salinity, Practical [PSU]
# name 7 = depFM: Depth [fresh water, m], lat = 0
# name 8 = nbin: number of scans per bin
# name 9 = flag: flag
# span 0 =      1.000,     22.000       
# span 1 =   0.521786,   0.629128       
# span 2 =     6.5365,     9.0329       
# span 3 = -1.271e-04, 3.3489e+01       
# span 4 =      0.252,      0.478       
# span 5 =  1003.1612,  1004.3397       
# span 6 =     4.2303,     5.4449       
# span 7 =      1.020,     22.434       
# span 8 =          8,         15       
# span 9 = 0.0000e+00, 0.0000e+00       
# interval = decibars: 1                
# start_time = Oct 08 2019 08:48:06 [Instrument's time stamp, header]
# bad_flag = -9.990e-29
*END*
      1.000   0.521786     8.3699 3.3489e+01      0.252  1003.1612     4.2303      1.020         15 0.0000e+00
      2.000   0.521898     8.3726 2.1261e+01      0.280  1003.1662     4.2308      2.039         14 0.0000e+00
      3.000   0.522405     8.3820 1.4238e+01      0.302  1003.1728     4.2340      3.059         11 0.0000e+00
      4.000   0.522236     8.3792 9.6701e+00      0.342  1003.1769     4.2328      4.079         11 0.0000e+00
      5.000   0.522300     8.3807 6.4995e+00      0.378  1003.1818     4.2331      5.098         10 0.0000e+00
      6.000   0.522402     8.3821 4.4272e+00      0.369  1003.1870     4.2338      6.118          9 0.0000e+00
      7.000   0.523235     8.3942 3.0141e+00      0.336  1003.1953     4.2395      7.138          8 0.0000e+00
      8.000   0.524163     8.4103 2.0419e+00      0.354  1003.2035     4.2455      8.158         11 0.0000e+00
      9.000   0.526189     8.4504 1.4030e+00      0.351  1003.2150     4.2581      9.177         10 0.0000e+00
     10.000   0.545577     8.6455 9.5894e-01      0.349  1003.3160     4.4013     10.197         11 0.0000e+00
     11.000   0.580766     8.9833 6.8081e-01      0.362  1003.4955     4.6611     11.217         12 0.0000e+00
     12.000   0.599316     9.0329 4.8982e-01      0.327  1003.6154     4.8140     12.236         11 0.0000e+00
     13.000   0.600998     8.6016 3.5616e-01      0.389  1003.7144     4.8871     13.256         10 0.0000e+00
     14.000   0.606737     8.4276 2.5372e-01      0.392  1003.7915     4.9613     14.276         11 0.0000e+00
     15.000   0.608382     8.2119 1.7632e-01      0.377  1003.8485     5.0061     15.296         10 0.0000e+00
     16.000   0.609861     8.0469 1.1920e-01      0.385  1003.8947     5.0426     16.316         10 0.0000e+00
     17.000   0.612845     7.8164 6.6577e-02      0.432  1003.9635     5.1024     17.335          9 0.0000e+00
     18.000   0.613978     7.5139 3.7713e-02      0.437  1004.0326     5.1570     18.355         10 0.0000e+00
     19.000   0.618448     7.2570 1.2924e-02      0.455  1004.1165     5.2356     19.375          8 0.0000e+00
     20.000   0.622339     7.0227 -1.271e-04      0.451  1004.1922     5.3067     20.395          9 0.0000e+00
     21.000   0.624355     6.7782 1.0000e-12      0.439  1004.2563     5.3629     21.414          8 0.0000e+00
     22.000   0.629128     6.5365 1.0000e-12      0.478  1004.3397     5.4449     22.434          8 0.0000e+00
