ctdpy/exports/archive_20200326_115716/received_data/b7_v46_19.cnv
* Sea-Bird SBE19plus Data File:
* FileName = C:\CTD\CTD 2019\k25\B7_v46_19_v2.hex
* Software Version 1.59
* Temperature SN =  4644
* Conductivity SN =  4644
* System UpLoad Time = Nov 11 2019 14:09:56
** B7_v46_19
* ds
# nquan = 11
# nvalues = 22                          
# units = specified
# name 0 = prdM: Pressure, Strain Gauge [db]
# name 1 = c0S/m: Conductivity [S/m]
# name 2 = tv290C: Temperature [ITS-90, deg C]
# name 3 = par: PAR/Irradiance, Biospherical/Licor
# name 4 = dz/dtM: Descent Rate [m/s]
# name 5 = sbeox0ML/L: Oxygen, SBE 43 [ml/l]
# name 6 = density00: Density [density, kg/m^3]
# name 7 = sal00: Salinity, Practical [PSU]
# name 8 = depFM: Depth [fresh water, m], lat = 58
# name 9 = nbin: number of scans per bin
# name 10 = flag: flag
# span 0 =      1.000,     22.000       
# span 1 =   0.422538,   0.553105       
# span 2 =     2.3304,     3.7828       
# span 3 = 4.5526e-02, 1.8515e+01       
# span 4 =      0.142,      0.536       
# span 5 =     6.9435,     8.7543       
# span 6 =  1003.2342,  1004.2062       
# span 7 =     4.0453,     5.1520       
# span 8 =      1.020,     22.434       
# span 9 =          8,         24       
# span 10 = 0.0000e+00, 0.0000e+00      
# interval = decibars: 1                
# start_time = Nov 11 2019 14:36:43 [Instrument's time stamp, header]
# bad_flag = -9.990e-29
*END*
      1.000   0.433445     2.4845 1.8515e+01      0.142     8.5573  1003.2945     4.1368      1.020         13 0.0000e+00
      2.000   0.434409     2.4947 1.0491e+01      0.332     8.5804  1003.3062     4.1451      2.039         11 0.0000e+00
      3.000   0.424491     2.3526 6.1941e+00      0.422     8.7543  1003.2433     4.0624      3.059          9 0.0000e+00
      4.000   0.422538     2.3304 3.7420e+00      0.463     8.6317  1003.2342     4.0453      4.079          9 0.0000e+00
      5.000   0.440375     2.5834 2.2833e+00      0.483     8.3211  1003.3608     4.1938      5.099          8 0.0000e+00
      6.000   0.456389     2.8068 1.3923e+00      0.480     8.1390  1003.4732     4.3262      6.118          8 0.0000e+00
      7.000   0.460797     2.8725 8.8803e-01      0.515     8.1535  1003.5069     4.3618      7.138          8 0.0000e+00
      8.000   0.466016     2.9506 5.7552e-01      0.536     8.0282  1003.5455     4.4036      8.158          8 0.0000e+00
      9.000   0.470350     3.0141 3.9695e-01      0.420     8.0690  1003.5783     4.4385      9.177         10 0.0000e+00
     10.000   0.470081     3.0141 2.7400e-01      0.396     8.0217  1003.5810     4.4357     10.197         11 0.0000e+00
     11.000   0.476362     3.1034 2.0311e-01      0.163     7.9578  1003.6265     4.4864     11.217         24 0.0000e+00
     12.000   0.489288     3.2769 1.5287e-01      0.278     7.6635  1003.7147     4.5914     12.237         14 0.0000e+00
     13.000   0.517821     3.5767 1.1823e-01      0.254     7.2850  1003.9101     4.8328     13.256         16 0.0000e+00
     14.000   0.528720     3.6490 9.3571e-02      0.297     7.2595  1003.9922     4.9306     14.276         13 0.0000e+00
     15.000   0.528953     3.6319 7.6841e-02      0.302     7.2770  1004.0012     4.9354     15.296         14 0.0000e+00
     16.000   0.530735     3.6365 6.6105e-02      0.266     7.2339  1004.0196     4.9524     16.315         15 0.0000e+00
     17.000   0.542387     3.6896 5.8965e-02      0.256     7.0176  1004.1099     5.0603     17.335         15 0.0000e+00
     18.000   0.549439     3.7300 5.3932e-02      0.245     6.9895  1004.1652     5.1242     18.355         17 0.0000e+00
     19.000   0.550740     3.7433 5.0427e-02      0.233     6.9741  1004.1785     5.1350     19.375         17 0.0000e+00
     20.000   0.552435     3.7645 4.8120e-02      0.232     6.9550  1004.1938     5.1484     20.394         18 0.0000e+00
     21.000   0.552720     3.7713 4.6600e-02      0.221     6.9493  1004.1999     5.1501     21.414         18 0.0000e+00
     22.000   0.553105     3.7828 4.5526e-02      0.218     6.9435  1004.2062     5.1520     22.434         17 0.0000e+00
