ctdpy/exports/archive_20200326_115716/received_data/b7_v09_19.cnv
* Sea-Bird SBE19plus Data File:
* FileName = C:\CTD\CTD 2019\K08\B7__v09_2019.hex
* Software Version 1.59
* Temperature SN =  7668
* Conductivity SN =  7668
* System UpLoad Time = Feb 26 2019 10:04:44
** B7_v08_2019
* ds
# nquan = 10
# nvalues = 23                          
# units = specified
# name 0 = prdM: Pressure, Strain Gauge [db]
# name 1 = c0S/m: Conductivity [S/m]
# name 2 = tv290C: Temperature [ITS-90, deg C]
# name 3 = par: PAR/Irradiance, Biospherical/Licor
# name 4 = dz/dtM: Descent Rate [m/s]
# name 5 = density00: Density [density, kg/m^3]
# name 6 = sal00: Salinity, Practical [PSU]
# name 7 = depFM: Depth [fresh water, m], lat = 0
# name 8 = nbin: number of scans per bin
# name 9 = flag: flag
# span 0 =      1.000,     23.000       
# span 1 =   0.471611,   0.526876       
# span 2 =     0.4060,     1.2211       
# span 3 = -5.054e-04, 2.9066e+02       
# span 4 =      0.333,      0.664       
# span 5 =  1003.8030,  1004.3173       
# span 6 =     4.8326,     5.3015       
# span 7 =      1.020,     23.453       
# span 8 =          2,         12       
# span 9 = 0.0000e+00, 0.0000e+00       
# interval = decibars: 1                
# start_time = Feb 26 2019 09:57:38 [Instrument's time stamp, header]
# bad_flag = -9.990e-29
*END*
      1.000   0.471733     0.4512 2.9066e+02      0.370  1003.8030     4.8326      1.020          8 0.0000e+00
      2.000   0.471634     0.4425 1.1649e+02      0.512  1003.8078     4.8328      2.040          8 0.0000e+00
      3.000   0.471611     0.4384 6.3594e+01      0.469  1003.8129     4.8331      3.059          9 0.0000e+00
      4.000   0.471624     0.4364 3.5284e+01      0.414  1003.8181     4.8334      4.079         10 0.0000e+00
      5.000   0.471654     0.4288 2.1591e+01      0.418  1003.8240     4.8348      5.099          8 0.0000e+00
      6.000   0.471722     0.4253 1.6002e+01      0.505  1003.8298     4.8360      6.118          9 0.0000e+00
      7.000   0.471859     0.4212 1.1677e+01      0.466  1003.8363     4.8381      7.138          9 0.0000e+00
      8.000   0.471909     0.4197 8.4459e+00      0.432  1003.8418     4.8388      8.158          9 0.0000e+00
      9.000   0.472006     0.4170 6.0227e+00      0.498  1003.8478     4.8401      9.177          6 0.0000e+00
     10.000   0.472098     0.4130 4.3522e+00      0.580  1003.8540     4.8417     10.197          8 0.0000e+00
     11.000   0.472617     0.4060 3.1026e+00      0.543  1003.8641     4.8484     11.217          7 0.0000e+00
     12.000   0.473500     0.4067 2.2395e+00      0.487  1003.8768     4.8578     12.237         10 0.0000e+00
     13.000   0.477618     0.4406 1.5738e+00      0.333  1003.9151     4.8973     13.256         12 0.0000e+00
     14.000   0.506327     0.8081 1.1228e+00      0.377  1004.1379     5.1501     14.276         10 0.0000e+00
     15.000   0.514728     0.9574 8.0637e-01      0.518  1004.2010     5.2160     15.296          6 0.0000e+00
     16.000   0.515796     0.9828 5.4483e-01      0.664  1004.2126     5.2232     16.316          6 0.0000e+00
     17.000   0.516186     0.9934 3.6114e-01      0.497  1004.2198     5.2255     17.335          9 0.0000e+00
     18.000   0.516419     1.0023 2.1553e-01      0.455  1004.2258     5.2264     18.355          8 0.0000e+00
     19.000   0.518101     1.0376 1.2012e-01      0.508  1004.2416     5.2385     19.375          8 0.0000e+00
     20.000   0.519238     1.0632 5.9339e-02      0.523  1004.2536     5.2464     20.394          8 0.0000e+00
     21.000   0.523496     1.1449 1.7221e-02      0.446  1004.2866     5.2783     21.414         10 0.0000e+00
     22.000   0.526204     1.2033 -5.054e-04      0.476  1004.3086     5.2974     22.434          6 0.0000e+00
     23.000   0.526876     1.2211 1.0000e-12      0.652  1004.3173     5.3015     23.453          2 0.0000e+00
