ctdpy/exports/archive_20200326_115716/received_data/b7_v22_19.cnv
* Sea-Bird SBE19plus Data File:
* FileName = C:\CTD\CTD 2019\v22\B7_v22_19.hex
* Software Version 1.59
* Temperature SN =  4644
* Conductivity SN =  4644
* System UpLoad Time = May 27 2019 09:18:12
** B7_v22_19
* ds
# nquan = 11
# nvalues = 22                          
# units = specified
# name 0 = prdM: Pressure, Strain Gauge [db]
# name 1 = c0S/m: Conductivity [S/m]
# name 2 = tv290C: Temperature [ITS-90, deg C]
# name 3 = par: PAR/Irradiance, Biospherical/Licor
# name 4 = dz/dtM: Descent Rate [m/s]
# name 5 = sbeox0ML/L: Oxygen, SBE 43 [ml/l]
# name 6 = density00: Density [density, kg/m^3]
# name 7 = sal00: Salinity, Practical [PSU]
# name 8 = depFM: Depth [fresh water, m], lat = 58
# name 9 = nbin: number of scans per bin
# name 10 = flag: flag
# span 0 =      1.000,     22.000       
# span 1 =   0.384535,   0.510672       
# span 2 =     3.8249,    10.8426       
# span 3 = 7.2918e-02, 6.3302e+02       
# span 4 =      0.132,      0.592       
# span 5 =     7.6753,     8.3080       
# span 6 =  1001.8655,  1003.8652       
# span 7 =     2.8639,     4.7247       
# span 8 =      1.020,     22.434       
# span 9 =          7,         16       
# span 10 = 0.0000e+00, 0.0000e+00      
# interval = decibars: 1                
# start_time = May 27 2019 09:08:06 [Instrument's time stamp, header]
# bad_flag = -9.990e-29
*END*
      1.000   0.385826    10.8426 6.3302e+02      0.132     8.2598  1001.8655     2.8639      1.020         11 0.0000e+00
      2.000   0.384535    10.6731 1.9859e+02      0.592     8.2337  1001.8903     2.8668      2.039          7 0.0000e+00
      3.000   0.386962    10.1243 7.1048e+01      0.560     8.3080  1001.9994     2.9298      3.059          7 0.0000e+00
      4.000   0.399844     9.5126 3.0815e+01      0.541     7.9995  1002.1831     3.0850      4.079          8 0.0000e+00
      5.000   0.405513     9.2596 1.6464e+01      0.496     7.9980  1002.2638     3.1535      5.099          9 0.0000e+00
      6.000   0.413634     8.9059 8.7673e+00      0.403     7.6753  1002.3762     3.2528      6.118         11 0.0000e+00
      7.000   0.428618     8.1837 4.8655e+00      0.275     7.9595  1002.5901     3.4481      7.138         15 0.0000e+00
      8.000   0.442555     7.2205 2.7061e+00      0.241     8.2208  1002.8313     3.6676      8.158         16 0.0000e+00
      9.000   0.457343     5.8949 1.5668e+00      0.278     8.2555  1003.1259     3.9476      9.177         14 0.0000e+00
     10.000   0.469966     5.6632 9.7110e-01      0.318     8.1778  1003.2544     4.0915     10.197         12 0.0000e+00
     11.000   0.479451     5.3295 6.4451e-01      0.339     8.1629  1003.3745     4.2213     11.217         12 0.0000e+00
     12.000   0.486194     5.1967 4.2872e-01      0.328     8.1608  1003.4475     4.3016     12.237         13 0.0000e+00
     13.000   0.492301     5.2905 2.9707e-01      0.259     8.0567  1003.4852     4.3470     13.256         16 0.0000e+00
     14.000   0.498353     5.2493 2.1394e-01      0.277     8.0894  1003.5410     4.4095     14.276         14 0.0000e+00
     15.000   0.502176     4.9383 1.6300e-01      0.284     7.9422  1003.6174     4.4871     15.296         12 0.0000e+00
     16.000   0.503878     4.5602 1.2913e-01      0.408     8.1736  1003.6865     4.5549     16.315          9 0.0000e+00
     17.000   0.503973     4.2084 1.0777e-01      0.508     7.9990  1003.7386     4.6047     17.335          7 0.0000e+00
     18.000   0.503303     3.9852 9.4636e-02      0.520     7.7391  1003.7673     4.6295     18.355          8 0.0000e+00
     19.000   0.504049     3.9137 8.5366e-02      0.551     7.7258  1003.7871     4.6469     19.375          7 0.0000e+00
     20.000   0.506972     3.9489 7.9089e-02      0.584     7.8431  1003.8104     4.6705     20.394          8 0.0000e+00
     21.000   0.509154     3.9288 7.5469e-02      0.458     7.7916  1003.8349     4.6948     21.414          8 0.0000e+00
     22.000   0.510672     3.8249 7.2918e-02      0.457     7.7510  1003.8652     4.7247     22.434         11 0.0000e+00
