ctdpy/exports/archive_20200326_115716/received_data/b7_v36_19.cnv
* Sea-Bird SBE19plus Data File:
* FileName = C:\CTD\CTD 2019\K21\B7_v36_19.hex
* Software Version 1.59
* Temperature SN =  4644
* Conductivity SN =  4644
* System UpLoad Time = Sep 04 2019 08:56:49
** B7 2019K21 v36
* ds
# nquan = 11
# nvalues = 22                          
# units = specified
# name 0 = prdM: Pressure, Strain Gauge [db]
# name 1 = c0S/m: Conductivity [S/m]
# name 2 = tv290C: Temperature [ITS-90, deg C]
# name 3 = par: PAR/Irradiance, Biospherical/Licor
# name 4 = dz/dtM: Descent Rate [m/s]
# name 5 = sbeox0ML/L: Oxygen, SBE 43 [ml/l]
# name 6 = density00: Density [density, kg/m^3]
# name 7 = sal00: Salinity, Practical [PSU]
# name 8 = depFM: Depth [fresh water, m], lat = 58
# name 9 = nbin: number of scans per bin
# name 10 = flag: flag
# span 0 =      1.000,     22.000       
# span 1 =   0.600074,   0.632571       
# span 2 =    11.7975,    15.5478       
# span 3 = 1.0507e-01, 4.2126e+02       
# span 4 =      0.128,      0.593       
# span 5 =     1.9909,     6.4442       
# span 6 =  1002.1432,  1003.2134       
# span 7 =     4.0571,     4.6195       
# span 8 =      1.020,     22.434       
# span 9 =          7,         22       
# span 10 = 0.0000e+00, 0.0000e+00      
# interval = decibars: 1                
# start_time = Sep 04 2019 08:43:17 [Instrument's time stamp, header]
# bad_flag = -9.990e-29
*END*
      1.000   0.600098    15.5463 4.2126e+02      0.128     6.4431  1002.1432     4.0573      1.020         10 0.0000e+00
      2.000   0.600074    15.5454 1.9521e+02      0.507     6.4401  1002.1479     4.0571      2.039          8 0.0000e+00
      3.000   0.600078    15.5451 1.0770e+02      0.543     6.4442  1002.1526     4.0571      3.059          7 0.0000e+00
      4.000   0.600137    15.5457 6.1072e+01      0.568     6.4394  1002.1574     4.0574      4.079          7 0.0000e+00
      5.000   0.600392    15.5470 3.6852e+01      0.586     6.4306  1002.1631     4.0591      5.099          7 0.0000e+00
      6.000   0.600645    15.5477 2.2632e+01      0.573     6.4334  1002.1689     4.0608      6.118          7 0.0000e+00
      7.000   0.600988    15.5478 1.4019e+01      0.577     6.4244  1002.1753     4.0632      7.138          7 0.0000e+00
      8.000   0.601945    15.5462 9.1303e+00      0.566     6.4030  1002.1856     4.0702      8.158          7 0.0000e+00
      9.000   0.603561    15.5356 5.8478e+00      0.593     6.2959  1002.2018     4.0829      9.177          7 0.0000e+00
     10.000   0.609976    15.4517 3.8047e+00      0.518     6.1290  1002.2625     4.1381     10.197          8 0.0000e+00
     11.000   0.618264    15.2325 2.6558e+00      0.510     6.0666  1002.3670     4.2214     11.217          8 0.0000e+00
     12.000   0.620782    15.0781 1.8461e+00      0.566     6.1216  1002.4235     4.2563     12.237          7 0.0000e+00
     13.000   0.623651    14.9915 1.3252e+00      0.488     6.1816  1002.4653     4.2867     13.256          8 0.0000e+00
     14.000   0.628370    14.9016 9.6122e-01      0.579     6.2350  1002.5185     4.3311     14.276          7 0.0000e+00
     15.000   0.631648    14.8490 7.1539e-01      0.567     6.1239  1002.5545     4.3611     15.296          7 0.0000e+00
     16.000   0.632571    14.7467 5.3120e-01      0.533     5.8413  1002.5893     4.3792     16.316          7 0.0000e+00
     17.000   0.627853    14.5039 4.0878e-01      0.552     5.7731  1002.6257     4.3711     17.335          7 0.0000e+00
     18.000   0.627185    14.3783 3.0870e-01      0.586     5.6077  1002.6567     4.3802     18.355          8 0.0000e+00
     19.000   0.626484    14.1269 2.3248e-01      0.523     5.3132  1002.7172     4.4031     19.375          9 0.0000e+00
     20.000   0.622957    13.7435 1.8416e-01      0.183     5.1804  1002.7918     4.4200     20.394         22 0.0000e+00
     21.000   0.621889    13.4221 1.3848e-01      0.271     4.4449  1002.8650     4.4487     21.414         15 0.0000e+00
     22.000   0.618706    11.7975 1.0507e-01      0.272     1.9909  1003.2134     4.6195     22.434         16 0.0000e+00
