ctdpy/exports/archive_20200326_115716/received_data/c14_v46_19.cnv
* Sea-Bird SBE19plus Data File:
* FileName = C:\CTD\CTD 2019\k25\C14_v46_19.hex
* Software Version 1.59
* Temperature SN =  4644
* Conductivity SN =  4644
* System UpLoad Time = Nov 12 2019 08:21:46
** C14_v46_19
* ds
# nquan = 11
# nvalues = 86                          
# units = specified
# name 0 = prdM: Pressure, Strain Gauge [db]
# name 1 = c0S/m: Conductivity [S/m]
# name 2 = tv290C: Temperature [ITS-90, deg C]
# name 3 = par: PAR/Irradiance, Biospherical/Licor
# name 4 = dz/dtM: Descent Rate [m/s]
# name 5 = sbeox0ML/L: Oxygen, SBE 43 [ml/l]
# name 6 = density00: Density [density, kg/m^3]
# name 7 = sal00: Salinity, Practical [PSU]
# name 8 = depFM: Depth [fresh water, m], lat = 58
# name 9 = nbin: number of scans per bin
# name 10 = flag: flag
# span 0 =      1.000,     86.000       
# span 1 =   0.594020,   0.650374       
# span 2 =     2.8407,     4.9362       
# span 3 = 7.0671e-02, 5.9575e+00       
# span 4 =     -0.081,      0.584       
# span 5 =     4.2526,     8.1342       
# span 6 =  1004.2867,  1005.3367       
# span 7 =     5.4166,     6.1722       
# span 8 =      1.020,     87.696       
# span 9 =          7,         15       
# span 10 = 0.0000e+00, 0.0000e+00      
# interval = decibars: 1                
# start_time = Nov 12 2019 08:59:51 [Instrument's time stamp, header]
# bad_flag = -9.990e-29
*END*
      1.000   0.598725     4.9362 5.9575e+00     -0.081     8.1269  1004.2867     5.4167      1.020          8 0.0000e+00
      2.000   0.598645     4.9309 3.9856e+00      0.443     8.1195  1004.2917     5.4166      2.039         10 0.0000e+00
      3.000   0.598726     4.9342 3.0507e+00      0.394     8.1257  1004.2966     5.4168      3.059         10 0.0000e+00
      4.000   0.598769     4.9361 1.9708e+00      0.442     8.1314  1004.3014     5.4168      4.079          8 0.0000e+00
      5.000   0.598725     4.9335 1.5394e+00      0.568     8.1250  1004.3063     5.4167      5.099          8 0.0000e+00
      6.000   0.598690     4.9309 1.2132e+00      0.407     8.1243  1004.3112     5.4167      6.118          8 0.0000e+00
      7.000   0.598690     4.9298 8.3721e-01      0.575     8.1307  1004.3162     5.4168      7.138          7 0.0000e+00
      8.000   0.598694     4.9294 6.8962e-01      0.584     8.1342  1004.3211     5.4168      8.158          9 0.0000e+00
      9.000   0.598780     4.9337 5.5393e-01      0.284     8.1321  1004.3259     5.4168      9.177         15 0.0000e+00
     10.000   0.598778     4.9331 4.5773e-01      0.243     8.1244  1004.3307     5.4168     10.197         12 0.0000e+00
     11.000   0.598774     4.9324 3.6404e-01      0.360     8.1248  1004.3356     5.4168     11.217         13 0.0000e+00
     12.000   0.598751     4.9308 3.1725e-01      0.325     8.1061  1004.3405     5.4167     12.237         13 0.0000e+00
     13.000   0.598719     4.9281 2.5910e-01      0.321     8.0891  1004.3455     5.4168     13.256         10 0.0000e+00
     14.000   0.598791     4.9318 2.1391e-01      0.324     8.0758  1004.3502     5.4168     14.276         13 0.0000e+00
     15.000   0.598779     4.9308 1.7865e-01      0.459     8.0278  1004.3551     5.4167     15.296          9 0.0000e+00
     16.000   0.598805     4.9314 1.6131e-01      0.238     8.0238  1004.3600     5.4168     16.315         12 0.0000e+00
     17.000   0.598746     4.9274 1.3787e-01      0.486     8.1296  1004.3649     5.4167     17.335         11 0.0000e+00
     18.000   0.598706     4.9244 1.2640e-01      0.280     8.1228  1004.3699     5.4168     18.355         10 0.0000e+00
     19.000   0.598674     4.9221 1.1381e-01      0.508     8.1117  1004.3748     5.4167     19.375          8 0.0000e+00
     20.000   0.598681     4.9217 1.0616e-01      0.434     8.1116  1004.3798     5.4168     20.394         10 0.0000e+00
     21.000   0.598674     4.9208 9.8989e-02      0.422     8.1193  1004.3846     5.4167     21.414          9 0.0000e+00
     22.000   0.598708     4.9217 9.3605e-02      0.426     8.1147  1004.3896     5.4168     22.434         10 0.0000e+00
     23.000   0.598639     4.9171 8.9273e-02      0.359     8.1271  1004.3946     5.4168     23.453         12 0.0000e+00
     24.000   0.598675     4.9182 8.5934e-02      0.366     8.1264  1004.3994     5.4169     24.473         11 0.0000e+00
     25.000   0.598802     4.9248 8.3446e-02      0.281     8.1214  1004.4041     5.4169     25.493         11 0.0000e+00
     26.000   0.598782     4.9229 8.0829e-02      0.463     8.0091  1004.4091     5.4170     26.513         11 0.0000e+00
     27.000   0.598820     4.9233 7.9107e-02      0.318     7.4853  1004.4141     5.4172     27.532         12 0.0000e+00
     28.000   0.598802     4.9209 7.7752e-02      0.290     7.4604  1004.4192     5.4173     28.552         11 0.0000e+00
     29.000   0.598788     4.9192 7.6376e-02      0.390     7.3972  1004.4241     5.4173     29.572         12 0.0000e+00
     30.000   0.598755     4.9184 7.5541e-02      0.317     7.6217  1004.4288     5.4170     30.591         10 0.0000e+00
     31.000   0.598792     4.9183 7.4674e-02      0.333     7.3847  1004.4339     5.4173     31.611         13 0.0000e+00
     32.000   0.598687     4.9118 7.3893e-02      0.442     7.4890  1004.4389     5.4173     32.631         10 0.0000e+00
     33.000   0.598732     4.9106 7.3410e-02      0.289     7.5465  1004.4443     5.4178     33.651         12 0.0000e+00
     34.000   0.598601     4.9056 7.2914e-02      0.433     7.4560  1004.4489     5.4173     34.670         10 0.0000e+00
     35.000   0.598654     4.9043 7.2556e-02      0.271     7.4050  1004.4543     5.4179     35.690         12 0.0000e+00
     36.000   0.598671     4.9065 7.2148e-02      0.410     7.4251  1004.4588     5.4176     36.710         12 0.0000e+00
     37.000   0.598640     4.9054 7.1845e-02      0.334     7.5702  1004.4636     5.4174     37.730         10 0.0000e+00
     38.000   0.598685     4.9056 7.1585e-02      0.320     7.4578  1004.4687     5.4177     38.749         13 0.0000e+00
     39.000   0.598649     4.9032 7.1352e-02      0.420     7.4383  1004.4736     5.4176     39.769         10 0.0000e+00
     40.000   0.598646     4.9007 7.1163e-02      0.328     7.6249  1004.4787     5.4179     40.789         11 0.0000e+00
     41.000   0.598610     4.8919 7.0986e-02      0.392     7.5307  1004.4847     5.4189     41.808         11 0.0000e+00
     42.000   0.598643     4.8875 7.0843e-02      0.356     7.4086  1004.4905     5.4199     42.828         12 0.0000e+00
     43.000   0.598693     4.8694 7.0671e-02      0.303     7.4820  1004.4986     5.4232     43.848         10 0.0000e+00
     44.000   0.598602     4.7705 7.1285e-02      0.401     7.5793  1004.5186     5.4384     44.867         12 0.0000e+00
     45.000   0.596751     4.0724 7.1994e-02      0.369     7.7255  1004.6193     5.5365     45.887         10 0.0000e+00
     46.000   0.596809     3.5693 7.2611e-02      0.315     7.6582  1004.7022     5.6229     46.907         12 0.0000e+00
     47.000   0.594020     3.2166 7.3850e-02      0.424     7.5645  1004.7374     5.6560     47.927         10 0.0000e+00
     48.000   0.597156     3.1928 7.4501e-02      0.300     7.3743  1004.7712     5.6921     48.946         12 0.0000e+00
     49.000   0.596402     3.1505 7.5369e-02      0.468     7.3694  1004.7762     5.6917     49.966         11 0.0000e+00
     50.000   0.597261     3.1881 7.6811e-02      0.181     7.5342  1004.7823     5.6938     50.986         11 0.0000e+00
     51.000   0.597303     3.0228 7.7564e-02      0.486     7.2516  1004.8121     5.7234     52.006         11 0.0000e+00
     52.000   0.598192     2.9898 7.7904e-02      0.262     7.3436  1004.8292     5.7383     53.025         10 0.0000e+00
     53.000   0.599384     2.8898 8.0729e-02      0.458     7.0106  1004.8586     5.7684     54.045         11 0.0000e+00
     54.000   0.601486     2.9525 8.5204e-02      0.200     7.1257  1004.8714     5.7786     55.065         10 0.0000e+00
     55.000   0.602128     2.8407 9.1034e-02      0.576     6.7459  1004.8981     5.8053     56.084          9 0.0000e+00
     56.000   0.604236     2.9204 1.3700e-01      0.221     6.6614  1004.9085     5.8125     57.104         13 0.0000e+00
     57.000   0.604531     2.8804 1.4124e-01      0.523     6.5628  1004.9217     5.8227     58.124         10 0.0000e+00
     58.000   0.605755     2.9188 1.4156e-01      0.216     6.5700  1004.9309     5.8282     59.144         11 0.0000e+00
     59.000   0.606804     2.8696 1.4195e-01      0.493     6.2975  1004.9517     5.8479     60.163         10 0.0000e+00
     60.000   0.608058     2.8720 1.4540e-01      0.318     6.3596  1004.9665     5.8603     61.183         12 0.0000e+00
     61.000   0.610053     2.8871 1.4410e-01      0.358     6.4284  1004.9855     5.8780     62.203         10 0.0000e+00
     62.000   0.613746     2.9422 1.4666e-01      0.394     6.3245  1005.0124     5.9058     63.222         11 0.0000e+00
     63.000   0.617588     2.9952 1.4786e-01      0.390     6.0578  1005.0407     5.9355     64.242         11 0.0000e+00
     64.000   0.619704     3.0168 1.4689e-01      0.301     6.0388  1005.0596     5.9531     65.262         10 0.0000e+00
     65.000   0.620748     3.0327 1.4558e-01      0.406     5.7339  1005.0705     5.9608     66.281         12 0.0000e+00
     66.000   0.625173     3.1055 1.4507e-01      0.331     5.7733  1005.1003     5.9926     67.301          9 0.0000e+00
     67.000   0.626566     3.1565 1.4468e-01      0.339     5.5860  1005.1085     5.9973     68.321         14 0.0000e+00
     68.000   0.631696     3.1997 1.4243e-01      0.443     5.4839  1005.1484     6.0417     69.341          8 0.0000e+00
     69.000   0.632285     3.2201 1.4366e-01      0.298     5.3750  1005.1547     6.0438     70.360         13 0.0000e+00
     70.000   0.636826     3.2884 1.4211e-01      0.480     5.1304  1005.1856     6.0773     71.380         10 0.0000e+00
     71.000   0.637673     3.3319 1.4362e-01      0.259     5.0429  1005.1903     6.0777     72.400         13 0.0000e+00
     72.000   0.643082     3.4065 1.4191e-01      0.454     4.8697  1005.2269     6.1187     73.420         10 0.0000e+00
     73.000   0.643577     3.4274 1.4332e-01      0.278     4.8369  1005.2323     6.1196     74.439         12 0.0000e+00
     74.000   0.646254     3.4614 1.4186e-01      0.435     4.6627  1005.2532     6.1403     75.459         10 0.0000e+00
     75.000   0.646392     3.4698 1.4202e-01      0.297     4.6370  1005.2578     6.1400     76.479         12 0.0000e+00
     76.000   0.647309     3.4814 1.4040e-01      0.405     4.4561  1005.2681     6.1471     77.498         11 0.0000e+00
     77.000   0.647904     3.4900 1.3948e-01      0.328     4.4526  1005.2763     6.1514     78.518         11 0.0000e+00
     78.000   0.647822     3.4919 1.3868e-01      0.352     4.3664  1005.2801     6.1501     79.538         12 0.0000e+00
     79.000   0.648821     3.4986 1.3647e-01      0.386     4.4282  1005.2919     6.1588     80.558         10 0.0000e+00
     80.000   0.648677     3.5007 1.3667e-01      0.340     4.3090  1005.2952     6.1569     81.577         12 0.0000e+00
     81.000   0.649692     3.5044 1.3484e-01      0.359     4.3784  1005.3076     6.1664     82.597         10 0.0000e+00
     82.000   0.649647     3.5029 1.3440e-01      0.346     4.3274  1005.3123     6.1661     83.617         13 0.0000e+00
     83.000   0.650192     3.5067 1.3312e-01      0.406     4.2526  1005.3209     6.1708     84.636         10 0.0000e+00
     84.000   0.650209     3.5052 1.3324e-01      0.328     4.2719  1005.3261     6.1711     85.656         11 0.0000e+00
     85.000   0.650264     3.5050 1.3094e-01      0.340     4.2860  1005.3314     6.1716     86.676         12 0.0000e+00
     86.000   0.650374     3.5073 8.7896e-02      0.381     4.3738  1005.3367     6.1722     87.696          9 0.0000e+00
