ctdpy/exports/archive_20200326_115716/received_data/c14_v32_19.cnv
* Sea-Bird SBE19plus Data File:
* FileName = C:\CTD\CTD 2019\v32\C14_v32_19.hex
* Software Version 1.59
* Temperature SN =  4644
* Conductivity SN =  4644
* System UpLoad Time = Aug 07 2019 07:23:33
** C14_v32_19
* ds
# nquan = 11
# nvalues = 86                          
# units = specified
# name 0 = prdM: Pressure, Strain Gauge [db]
# name 1 = c0S/m: Conductivity [S/m]
# name 2 = tv290C: Temperature [ITS-90, deg C]
# name 3 = par: PAR/Irradiance, Biospherical/Licor
# name 4 = dz/dtM: Descent Rate [m/s]
# name 5 = sbeox0ML/L: Oxygen, SBE 43 [ml/l]
# name 6 = density00: Density [density, kg/m^3]
# name 7 = sal00: Salinity, Practical [PSU]
# name 8 = depFM: Depth [fresh water, m], lat = 58
# name 9 = nbin: number of scans per bin
# name 10 = flag: flag
# span 0 =      1.000,     86.000       
# span 1 =   0.562449,   0.786829       
# span 2 =     2.2387,    15.2584       
# span 3 = 9.9428e-02, 8.3939e+01       
# span 4 =      0.022,      0.722       
# span 5 =     4.5691,     8.4612       
# span 6 =  1003.2588,  1005.2277       
# span 7 =     5.2114,     6.0340       
# span 8 =      1.020,     87.696       
# span 9 =          5,         13       
# span 10 = 0.0000e+00, 0.0000e+00      
# interval = decibars: 1                
# start_time = Aug 07 2019 06:56:42 [Instrument's time stamp, header]
# bad_flag = -9.990e-29
*END*
      1.000   0.785098    15.2578 8.3939e+01      0.022     7.1682  1003.2588     5.4500      1.020         13 0.0000e+00
      2.000   0.784958    15.2539 5.3802e+01      0.359     7.1663  1003.2637     5.4494      2.039         10 0.0000e+00
      3.000   0.785082    15.2584 3.3046e+01      0.445     7.1755  1003.2677     5.4497      3.059          9 0.0000e+00
      4.000   0.785155    15.2578 2.0388e+01      0.504     7.1354  1003.2728     5.4502      4.079          7 0.0000e+00
      5.000   0.784841    15.2048 1.2829e+01      0.578     7.0014  1003.2900     5.4551      5.099          7 0.0000e+00
      6.000   0.784442    14.9826 8.5179e+00      0.662     6.9763  1003.3522     5.4828      6.118          6 0.0000e+00
      7.000   0.784099    14.7752 6.2994e+00      0.623     6.9908  1003.4106     5.5091      7.138          7 0.0000e+00
      8.000   0.784297    14.7299 4.5938e+00      0.594     6.9350  1003.4284     5.5169      8.158          6 0.0000e+00
      9.000   0.785057    14.6895 3.3700e+00      0.619     6.8986  1003.4482     5.5282      9.177          7 0.0000e+00
     10.000   0.785621    14.6468 2.5098e+00      0.612     6.9282  1003.4675     5.5384     10.197          6 0.0000e+00
     11.000   0.786712    14.6281 1.8877e+00      0.598     6.9237  1003.4834     5.5493     11.217          7 0.0000e+00
     12.000   0.786829    14.5988 1.4104e+00      0.611     6.9022  1003.4965     5.5542     12.236          6 0.0000e+00
     13.000   0.786329    14.5690 1.0728e+00      0.636     6.8944  1003.5061     5.5546     13.256          7 0.0000e+00
     14.000   0.786108    14.5440 8.2705e-01      0.619     6.8704  1003.5161     5.5564     14.276          6 0.0000e+00
     15.000   0.786010    14.5246 6.3120e-01      0.643     6.8367  1003.5253     5.5583     15.296          6 0.0000e+00
     16.000   0.785319    14.4948 5.0810e-01      0.628     6.8213  1003.5338     5.5572     16.316          7 0.0000e+00
     17.000   0.784253    14.4559 4.0525e-01      0.617     6.8080  1003.5425     5.5546     17.335          6 0.0000e+00
     18.000   0.783555    14.4244 3.2648e-01      0.630     6.7799  1003.5513     5.5536     18.355          6 0.0000e+00
     19.000   0.780891    14.3290 2.7160e-01      0.616     6.7426  1003.5657     5.5468     19.375          7 0.0000e+00
     20.000   0.776143    14.1637 2.2753e-01      0.629     6.7075  1003.5860     5.5340     20.394          6 0.0000e+00
     21.000   0.767650    13.8756 1.9553e-01      0.639     6.6088  1003.6156     5.5096     21.414          7 0.0000e+00
     22.000   0.742539    13.0032 1.7237e-01      0.617     6.6993  1003.6906     5.4379     22.434          6 0.0000e+00
     23.000   0.692410    11.1270 1.5451e-01      0.638     7.0654  1003.8312     5.3030     23.454          6 0.0000e+00
     24.000   0.649099     9.2074 1.4237e-01      0.629     7.4126  1003.9690     5.2163     24.473          7 0.0000e+00
     25.000   0.629528     8.0787 1.3327e-01      0.629     7.5390  1004.0668     5.2114     25.493          6 0.0000e+00
     26.000   0.618695     7.3461 1.2659e-01      0.689     7.7240  1004.1344     5.2238     26.512          6 0.0000e+00
     27.000   0.607889     6.6119 1.2215e-01      0.618     7.7907  1004.1952     5.2364     27.532          6 0.0000e+00
     28.000   0.597458     5.9078 1.1789e-01      0.591     7.9324  1004.2449     5.2475     28.552          7 0.0000e+00
     29.000   0.580014     4.8940 1.1485e-01      0.629     8.0496  1004.2838     5.2398     29.572          6 0.0000e+00
     30.000   0.565133     3.9461 1.1246e-01      0.605     8.2166  1004.3165     5.2448     30.592          7 0.0000e+00
     31.000   0.562449     3.5876 1.1050e-01      0.615     8.3318  1004.3517     5.2758     31.611          6 0.0000e+00
     32.000   0.569726     3.7176 1.0880e-01      0.654     8.3210  1004.3959     5.3274     32.631          7 0.0000e+00
     33.000   0.572803     3.6783 1.0763e-01      0.633     8.2052  1004.4310     5.3645     33.651          6 0.0000e+00
     34.000   0.567586     3.2459 1.0652e-01      0.591     8.2176  1004.4555     5.3836     34.671          7 0.0000e+00
     35.000   0.563955     2.9082 1.0550e-01      0.642     8.1888  1004.4780     5.4031     35.690          6 0.0000e+00
     36.000   0.566406     2.8634 1.0486e-01      0.602     8.1118  1004.5091     5.4357     36.710          6 0.0000e+00
     37.000   0.566874     2.7283 1.0425e-01      0.643     8.1160  1004.5363     5.4635     37.729          7 0.0000e+00
     38.000   0.567141     2.5991 1.0371e-01      0.614     8.1179  1004.5609     5.4883     38.749          6 0.0000e+00
     39.000   0.569132     2.5784 1.0331e-01      0.655     8.1300  1004.5851     5.5123     39.769          6 0.0000e+00
     40.000   0.570552     2.5674 1.0289e-01      0.610     8.2409  1004.6032     5.5289     40.788          7 0.0000e+00
     41.000   0.572533     2.5930 1.0262e-01      0.633     8.3555  1004.6210     5.5448     41.809          6 0.0000e+00
     42.000   0.572652     2.5444 1.0236e-01      0.620     8.3984  1004.6335     5.5544     42.828          7 0.0000e+00
     43.000   0.572550     2.4823 1.0214e-01      0.614     8.4197  1004.6460     5.5641     43.848          6 0.0000e+00
     44.000   0.573728     2.4847 1.0177e-01      0.685     8.4282  1004.6603     5.5758     44.867          6 0.0000e+00
     45.000   0.573719     2.4460 1.0182e-01      0.592     8.3964  1004.6704     5.5824     45.887          7 0.0000e+00
     46.000   0.577108     2.5644 1.0155e-01      0.647     8.1001  1004.6870     5.5967     46.907          6 0.0000e+00
     47.000   0.581171     2.7061 1.0153e-01      0.625     8.1513  1004.7059     5.6138     47.927          6 0.0000e+00
     48.000   0.580093     2.6307 1.0133e-01      0.613     8.0592  1004.7124     5.6158     48.946          7 0.0000e+00
     49.000   0.582089     2.7036 1.0136e-01      0.631     7.8830  1004.7235     5.6235     49.966          6 0.0000e+00
     50.000   0.583679     2.7495 1.0126e-01      0.633     8.1535  1004.7350     5.6317     50.986          6 0.0000e+00
     51.000   0.581759     2.6282 1.0115e-01      0.655     8.3435  1004.7411     5.6332     52.005          7 0.0000e+00
     52.000   0.582009     2.6060 1.0107e-01      0.628     8.4179  1004.7511     5.6396     53.025          6 0.0000e+00
     53.000   0.582405     2.5773 1.0112e-01      0.681     8.4612  1004.7633     5.6487     54.045          6 0.0000e+00
     54.000   0.581035     2.4590 1.0089e-01      0.664     8.4590  1004.7732     5.6553     55.065          6 0.0000e+00
     55.000   0.580417     2.3743 1.0090e-01      0.657     8.1913  1004.7846     5.6639     56.084          5 0.0000e+00
     56.000   0.579288     2.2767 1.0091e-01      0.722     7.6156  1004.7935     5.6694     57.104          6 0.0000e+00
     57.000   0.579732     2.2387 1.0083e-01      0.696     7.3859  1004.8073     5.6807     58.124          6 0.0000e+00
     58.000   0.581224     2.2477 1.0086e-01      0.638     7.0753  1004.8234     5.6946     59.143          6 0.0000e+00
     59.000   0.585231     2.3419 1.0074e-01      0.678     6.9700  1004.8488     5.7195     60.163          6 0.0000e+00
     60.000   0.587258     2.3505 1.0076e-01      0.642     7.4236  1004.8695     5.7391     61.183          7 0.0000e+00
     61.000   0.587888     2.3222 1.0063e-01      0.602     7.1440  1004.8836     5.7507     62.203          6 0.0000e+00
     62.000   0.590964     2.4252 1.0049e-01      0.635     6.6097  1004.8996     5.7640     63.223          6 0.0000e+00
     63.000   0.592087     2.4585 1.0047e-01      0.652     6.5493  1004.9091     5.7696     64.242          7 0.0000e+00
     64.000   0.593964     2.4965 1.0061e-01      0.613     6.3730  1004.9242     5.7822     65.262          6 0.0000e+00
     65.000   0.598239     2.5898 1.0048e-01      0.652     6.0542  1004.9511     5.8095     66.282          6 0.0000e+00
     66.000   0.603849     2.7002 1.0037e-01      0.670     5.7382  1004.9864     5.8475     67.301          6 0.0000e+00
     67.000   0.607971     2.7893 1.0033e-01      0.657     5.5801  1005.0121     5.8737     68.321          6 0.0000e+00
     68.000   0.611086     2.8585 1.0014e-01      0.672     5.4697  1005.0322     5.8931     69.341          6 0.0000e+00
     69.000   0.613972     2.9196 1.0040e-01      0.672     5.2983  1005.0515     5.9115     70.361          6 0.0000e+00
     70.000   0.617409     2.9870 1.0026e-01      0.678     5.1323  1005.0743     5.9343     71.380          6 0.0000e+00
     71.000   0.620077     3.0418 1.0026e-01      0.631     5.0739  1005.0926     5.9516     72.400          6 0.0000e+00
     72.000   0.621551     3.0763 1.0022e-01      0.661     5.0362  1005.1041     5.9602     73.420          6 0.0000e+00
     73.000   0.623224     3.1141 1.0008e-01      0.683     5.0594  1005.1167     5.9702     74.439          6 0.0000e+00
     74.000   0.625907     3.1599 1.0011e-01      0.615     5.0078  1005.1363     5.9891     75.459          7 0.0000e+00
     75.000   0.627817     3.1986 1.0009e-01      0.666     4.8775  1005.1506     6.0014     76.479          6 0.0000e+00
     76.000   0.629303     3.2318 1.0002e-01      0.635     4.7603  1005.1623     6.0103     77.499          6 0.0000e+00
     77.000   0.630601     3.2630 9.9895e-02      0.603     4.6549  1005.1727     6.0176     78.518          6 0.0000e+00
     78.000   0.631833     3.2917 9.9871e-02      0.662     4.6213  1005.1830     6.0248     79.538          7 0.0000e+00
     79.000   0.632646     3.3090 9.9832e-02      0.632     4.5963  1005.1916     6.0297     80.557          6 0.0000e+00
     80.000   0.633242     3.3206 9.9816e-02      0.624     4.5826  1005.1994     6.0335     81.577          6 0.0000e+00
     81.000   0.633381     3.3253 9.9724e-02      0.628     4.5865  1005.2046     6.0340     82.597          7 0.0000e+00
     82.000   0.633370     3.3266 9.9786e-02      0.642     4.5898  1005.2091     6.0335     83.617          6 0.0000e+00
     83.000   0.633342     3.3278 9.9612e-02      0.579     4.5851  1005.2135     6.0329     84.637          7 0.0000e+00
     84.000   0.633318     3.3278 9.9637e-02      0.623     4.5823  1005.2182     6.0325     85.656          7 0.0000e+00
     85.000   0.633316     3.3283 9.9430e-02      0.611     4.5772  1005.2229     6.0323     86.676          7 0.0000e+00
     86.000   0.633395     3.3321 9.9428e-02      0.564     4.5691  1005.2277     6.0323     87.696          9 0.0000e+00
