ctdpy/exports/archive_20200326_115716/received_data/c14_v28_19.cnv
* Sea-Bird SBE19plus Data File:
* FileName = C:\CTD\CTD 2019\K18\C14_v28_19.hex
* Software Version 1.59
* Temperature SN =  4644
* Conductivity SN =  4644
* System UpLoad Time = Jul 09 2019 08:33:49
** C14_v28_19
* ds
# nquan = 11
# nvalues = 87                          
# units = specified
# name 0 = prdM: Pressure, Strain Gauge [db]
# name 1 = c0S/m: Conductivity [S/m]
# name 2 = tv290C: Temperature [ITS-90, deg C]
# name 3 = par: PAR/Irradiance, Biospherical/Licor
# name 4 = dz/dtM: Descent Rate [m/s]
# name 5 = sbeox0ML/L: Oxygen, SBE 43 [ml/l]
# name 6 = density00: Density [density, kg/m^3]
# name 7 = sal00: Salinity, Practical [PSU]
# name 8 = depFM: Depth [fresh water, m], lat = 58
# name 9 = nbin: number of scans per bin
# name 10 = flag: flag
# span 0 =      1.000,     87.000       
# span 1 =   0.557966,   0.686727       
# span 2 =     2.2794,    10.8207       
# span 3 = 4.3580e-02, 6.9928e+02       
# span 4 =      0.100,      0.612       
# span 5 =     5.0579,     8.7935       
# span 6 =  1003.7641,  1005.2231       
# span 7 =     5.2268,     6.0209       
# span 8 =      1.020,     88.715       
# span 9 =          4,         22       
# span 10 = 0.0000e+00, 0.0000e+00      
# interval = decibars: 1                
# start_time = Jul 09 2019 07:59:30 [Instrument's time stamp, header]
# bad_flag = -9.990e-29
*END*
      1.000   0.686727    10.8207 6.9928e+02      0.119     7.7348  1003.7641     5.3026      1.020         10 0.0000e+00
      2.000   0.684562    10.7201 5.6585e+02      0.341     7.7686  1003.7774     5.2990      2.039         11 0.0000e+00
      3.000   0.684393    10.7059 2.7518e+02      0.516     7.7772  1003.7841     5.2996      3.059          9 0.0000e+00
      4.000   0.684481    10.7059 2.0117e+02      0.419     7.7735  1003.7893     5.3002      4.079          8 0.0000e+00
      5.000   0.684517    10.7043 1.3924e+02      0.493     7.7750  1003.7946     5.3007      5.099          8 0.0000e+00
      6.000   0.684538    10.7031 9.3021e+01      0.542     7.7642  1003.7996     5.3010      6.118          8 0.0000e+00
      7.000   0.684560    10.7021 7.4075e+01      0.543     7.7650  1003.8047     5.3012      7.138          7 0.0000e+00
      8.000   0.684619    10.7029 4.8311e+01      0.557     7.7583  1003.8095     5.3015      8.158          7 0.0000e+00
      9.000   0.684641    10.7023 3.7171e+01      0.569     7.7665  1003.8145     5.3017      9.177          7 0.0000e+00
     10.000   0.684662    10.7023 2.9770e+01      0.526     7.7752  1003.8193     5.3018     10.197          7 0.0000e+00
     11.000   0.684733    10.7042 2.0296e+01      0.612     7.7697  1003.8240     5.3020     11.217          9 0.0000e+00
     12.000   0.684617    10.6971 1.6878e+01      0.302     7.7638  1003.8295     5.3020     12.237         11 0.0000e+00
     13.000   0.684432    10.6865 1.1623e+01      0.354     7.7585  1003.8353     5.3019     13.256         12 0.0000e+00
     14.000   0.684296    10.6786 9.1675e+00      0.387     7.7495  1003.8409     5.3018     14.276          8 0.0000e+00
     15.000   0.684141    10.6696 6.3778e+00      0.525     7.6944  1003.8465     5.3018     15.296          9 0.0000e+00
     16.000   0.683932    10.6558 5.0146e+00      0.424     7.7442  1003.8529     5.3020     16.315          9 0.0000e+00
     17.000   0.678498    10.3601 3.7288e+00      0.455     7.7652  1003.8874     5.2993     17.335          9 0.0000e+00
     18.000   0.647361     8.7371 2.8913e+00      0.444     8.0863  1004.0239     5.2706     18.355          8 0.0000e+00
     19.000   0.599020     6.1391 2.2000e+00      0.491     8.6516  1004.1710     5.2268     19.375          9 0.0000e+00
     20.000   0.576053     4.6858 1.7095e+00      0.445     8.6542  1004.2428     5.2352     20.394          9 0.0000e+00
     21.000   0.569273     4.0410 1.3866e+00      0.384     8.7935  1004.2918     5.2714     21.414          9 0.0000e+00
     22.000   0.561111     3.4334 1.0751e+00      0.527     8.7687  1004.3191     5.2884     22.434          9 0.0000e+00
     23.000   0.559817     3.1451 8.9158e-01      0.332     8.6170  1004.3536     5.3226     23.453         11 0.0000e+00
     24.000   0.561424     3.0896 7.1864e-01      0.445     8.7363  1004.3791     5.3480     24.473         10 0.0000e+00
     25.000   0.558095     2.7997 5.9334e-01      0.323     8.7102  1004.3961     5.3623     25.493         11 0.0000e+00
     26.000   0.557966     2.6344 4.7596e-01      0.446     8.4267  1004.4220     5.3887     26.513          9 0.0000e+00
     27.000   0.560355     2.5840 4.0278e-01      0.378     8.4889  1004.4533     5.4218     27.532         10 0.0000e+00
     28.000   0.561294     2.6016 3.2801e-01      0.487     8.2439  1004.4636     5.4284     28.552          9 0.0000e+00
     29.000   0.564252     2.6442 2.7471e-01      0.422     8.3634  1004.4872     5.4516     29.572          9 0.0000e+00
     30.000   0.564073     2.6352 2.3280e-01      0.440     8.4993  1004.4918     5.4512     30.591          9 0.0000e+00
     31.000   0.566042     2.6724 1.9981e-01      0.478     8.3265  1004.5079     5.4651     31.611          8 0.0000e+00
     32.000   0.567070     2.6678 1.7531e-01      0.477     8.1139  1004.5219     5.4764     32.631          8 0.0000e+00
     33.000   0.568433     2.6571 1.5129e-01      0.557     7.8524  1004.5395     5.4922     33.651          8 0.0000e+00
     34.000   0.568595     2.5657 1.3546e-01      0.411     7.9880  1004.5581     5.5095     34.670          9 0.0000e+00
     35.000   0.566551     2.4688 1.0280e-01      0.477     8.0055  1004.5590     5.5050     35.690          8 0.0000e+00
     36.000   0.566776     2.4281 9.1671e-02      0.585     7.7228  1004.5712     5.5143     36.710          7 0.0000e+00
     37.000   0.568451     2.4422 8.1966e-02      0.484     7.7647  1004.5881     5.5291     37.730          8 0.0000e+00
     38.000   0.570920     2.5181 5.5581e-02      0.508     7.7163  1004.6033     5.5415     38.749          8 0.0000e+00
     39.000   0.572337     2.5320 5.9189e-02      0.458     7.7604  1004.6180     5.5537     39.769          9 0.0000e+00
     40.000   0.573152     2.5397 4.9509e-02      0.509     7.6891  1004.6286     5.5607     40.789          8 0.0000e+00
     41.000   0.573543     2.5198 4.3580e-02      0.448     7.6765  1004.6394     5.5681     41.808          9 0.0000e+00
     42.000   0.574949     2.5338 7.0409e-02      0.402     7.6016  1004.6540     5.5801     42.828         11 0.0000e+00
     43.000   0.580136     2.8213 4.5860e-02      0.183     7.4923  1004.6616     5.5834     43.848         16 0.0000e+00
     44.000   0.585078     3.0208 7.8742e-02      0.416     7.7532  1004.6786     5.5992     44.867          8 0.0000e+00
     45.000   0.586293     3.0405 7.1904e-02      0.609     7.5312  1004.6905     5.6081     45.887          8 0.0000e+00
     46.000   0.586178     2.9857 4.7702e-02      0.415     7.7560  1004.7023     5.6164     46.907          9 0.0000e+00
     47.000   0.584070     2.8284 4.3746e-02      0.518     7.8569  1004.7124     5.6222     47.927          7 0.0000e+00
     48.000   0.579737     2.5221 4.3617e-02      0.571     7.6316  1004.7245     5.6313     48.946          8 0.0000e+00
     49.000   0.578005     2.3693 4.3617e-02      0.399     7.7986  1004.7361     5.6402     49.966          9 0.0000e+00
     50.000   0.577421     2.3339 4.3617e-02      0.548     7.7326  1004.7409     5.6403     50.986          7 0.0000e+00
     51.000   0.578281     2.2874 4.3617e-02      0.477     7.6846  1004.7593     5.6575     52.005          9 0.0000e+00
     52.000   0.579040     2.2867 4.3617e-02      0.462     7.6696  1004.7706     5.6654     53.025          8 0.0000e+00
     53.000   0.579955     2.2794 4.3617e-02      0.538     7.5034  1004.7842     5.6762     54.045          8 0.0000e+00
     54.000   0.581527     2.2996 4.3617e-02      0.468     7.4502  1004.7994     5.6890     55.065          9 0.0000e+00
     55.000   0.582777     2.3279 4.3617e-02      0.475     7.2427  1004.8108     5.6968     56.084          8 0.0000e+00
     56.000   0.583712     2.3487 4.3617e-02      0.506     7.1479  1004.8206     5.7028     57.104          8 0.0000e+00
     57.000   0.584984     2.3812 4.3617e-02      0.493     7.0533  1004.8316     5.7101     58.124          8 0.0000e+00
     58.000   0.586260     2.4056 4.3617e-02      0.481     6.9264  1004.8437     5.7189     59.144          9 0.0000e+00
     59.000   0.587200     2.4275 4.3617e-02      0.269     6.7759  1004.8533     5.7247     60.163         14 0.0000e+00
     60.000   0.588360     2.4531 4.3617e-02      0.261     6.7111  1004.8642     5.7320     61.183         18 0.0000e+00
     61.000   0.589692     2.4805 4.3617e-02      0.209     6.6141  1004.8763     5.7409     62.203         17 0.0000e+00
     62.000   0.590978     2.5026 4.3617e-02      0.245     6.6639  1004.8887     5.7502     63.222         13 0.0000e+00
     63.000   0.592577     2.5522 4.3617e-02      0.429     6.5471  1004.8998     5.7577     64.242         10 0.0000e+00
     64.000   0.594431     2.5954 4.3617e-02      0.446     6.3075  1004.9139     5.7691     65.262          9 0.0000e+00
     65.000   0.595580     2.6117 4.3617e-02      0.378     6.2847  1004.9259     5.7779     66.281          9 0.0000e+00
     66.000   0.597161     2.6290 4.3617e-02      0.529     6.1137  1004.9414     5.7911     67.301          8 0.0000e+00
     67.000   0.597765     2.6163 4.3617e-02      0.459     5.8888  1004.9531     5.7996     68.321         10 0.0000e+00
     68.000   0.599591     2.6435 4.3617e-02      0.368     6.0849  1004.9691     5.8135     69.341          9 0.0000e+00
     69.000   0.603206     2.7164 4.3617e-02      0.521     6.0427  1004.9932     5.8375     70.360          8 0.0000e+00
     70.000   0.605824     2.7567 4.3617e-02      0.497     5.9735  1005.0137     5.8572     71.380          8 0.0000e+00
     71.000   0.610517     2.8536 4.3617e-02      0.488     5.8421  1005.0427     5.8878     72.400          9 0.0000e+00
     72.000   0.613407     2.9157 4.3617e-02      0.375     5.8594  1005.0620     5.9061     73.419         10 0.0000e+00
     73.000   0.617694     3.0046 4.3617e-02      0.420     5.9849  1005.0884     5.9337     74.439          9 0.0000e+00
     74.000   0.620126     3.0668 4.3617e-02      0.491     5.8246  1005.1036     5.9471     75.459          9 0.0000e+00
     75.000   0.621503     3.0983 4.3617e-02      0.398     5.7985  1005.1148     5.9553     76.479         10 0.0000e+00
     76.000   0.622941     3.1363 4.3617e-02      0.370     5.7818  1005.1254     5.9629     77.498          9 0.0000e+00
     77.000   0.624987     3.1788 4.3617e-02      0.492     5.5959  1005.1403     5.9759     78.518          9 0.0000e+00
     78.000   0.625713     3.2020 4.3617e-02      0.466     5.4662  1005.1474     5.9789     79.538          9 0.0000e+00
     79.000   0.627179     3.2384 4.3617e-02      0.365     5.5347  1005.1584     5.9870     80.557          9 0.0000e+00
     80.000   0.629010     3.2671 4.3617e-02      0.502     5.2880  1005.1736     6.0003     81.577          9 0.0000e+00
     81.000   0.629752     3.2914 4.3617e-02      0.372     5.3557  1005.1805     6.0032     82.597          9 0.0000e+00
     82.000   0.631570     3.3349 4.3617e-02      0.531     5.1707  1005.1932     6.0136     83.617          9 0.0000e+00
     83.000   0.631283     3.3508 4.3617e-02      0.331     5.1011  1005.1931     6.0076     84.636         12 0.0000e+00
     84.000   0.631877     3.3575 4.3617e-02      0.287     5.1679  1005.2017     6.0123     85.656         16 0.0000e+00
     85.000   0.632186     3.3680 4.3617e-02      0.200     5.1582  1005.2073     6.0134     86.676         20 0.0000e+00
     86.000   0.633004     3.3795 4.3617e-02      0.200     5.1650  1005.2169     6.0195     87.696         22 0.0000e+00
     87.000   0.633001     3.3709 4.3617e-02      0.100     5.0579  1005.2231     6.0209     88.715          4 0.0000e+00
