ctdpy/exports/archive_20200326_115716/received_data/c14_v24_19.cnv
* Sea-Bird SBE19plus Data File:
* FileName = C:\CTD\CTD 2019\v24\C14_v24_19.hex
* Software Version 1.59
* Temperature SN =  4644
* Conductivity SN =  4644
* System UpLoad Time = Jun 10 2019 08:53:28
** C14_v24_19
* ds
# nquan = 11
# nvalues = 86                          
# units = specified
# name 0 = prdM: Pressure, Strain Gauge [db]
# name 1 = c0S/m: Conductivity [S/m]
# name 2 = tv290C: Temperature [ITS-90, deg C]
# name 3 = par: PAR/Irradiance, Biospherical/Licor
# name 4 = dz/dtM: Descent Rate [m/s]
# name 5 = sbeox0ML/L: Oxygen, SBE 43 [ml/l]
# name 6 = density00: Density [density, kg/m^3]
# name 7 = sal00: Salinity, Practical [PSU]
# name 8 = depFM: Depth [fresh water, m], lat = 58
# name 9 = nbin: number of scans per bin
# name 10 = flag: flag
# span 0 =      1.000,     86.000       
# span 1 =   0.571619,   0.625932       
# span 2 =     1.9282,     8.9811       
# span 3 = 5.6066e-02, 5.9273e+01       
# span 4 =      0.000,      0.746       
# span 5 =     5.1242,     9.0190       
# span 6 =  1003.6741,  1005.1791       
# span 7 =     4.9233,     5.9702       
# span 8 =      1.020,     87.695       
# span 9 =          6,         18       
# span 10 = 0.0000e+00, 0.0000e+00      
# interval = decibars: 1                
# start_time = Jun 10 2019 08:10:41 [Instrument's time stamp, header]
# bad_flag = -9.990e-29
*END*
      1.000   0.611881     8.8944 5.9273e+01      0.000     8.0793  1003.6752     4.9419      1.020          9 0.0000e+00
      2.000   0.612129     8.9330 3.7462e+01      0.274     7.5626  1003.6741     4.9387      2.039         13 0.0000e+00
      3.000   0.612125     8.9272 2.2792e+01      0.420     7.3614  1003.6799     4.9394      3.059          9 0.0000e+00
      4.000   0.611968     8.9137 1.4197e+01      0.448     8.0510  1003.6862     4.9398      4.079          9 0.0000e+00
      5.000   0.611494     8.9340 9.4216e+00      0.527     8.0156  1003.6837     4.9328      5.099          7 0.0000e+00
      6.000   0.611305     8.9641 7.5895e+00      0.465     8.2443  1003.6813     4.9269      6.118          9 0.0000e+00
      7.000   0.611157     8.9811 5.9687e+00      0.411     8.2704  1003.6816     4.9233      7.138          7 0.0000e+00
      8.000   0.611069     8.9016 4.8222e+00      0.717     7.9727  1003.7013     4.9334      8.158          7 0.0000e+00
      9.000   0.610682     8.6211 4.6857e+00      0.428     8.4313  1003.7577     4.9691      9.177          9 0.0000e+00
     10.000   0.609881     7.1570 4.6149e+00      0.460     8.8236  1004.0304     5.1743     10.197          7 0.0000e+00
     11.000   0.612732     6.3583 4.1061e+00      0.746     8.0962  1004.1992     5.3221     11.217          7 0.0000e+00
     12.000   0.616764     6.2163 3.6800e+00      0.372     8.7556  1004.2587     5.3816     12.237          9 0.0000e+00
     13.000   0.613429     6.1043 3.3948e+00      0.568     8.7540  1004.2585     5.3680     13.256          6 0.0000e+00
     14.000   0.614512     6.0367 2.6758e+00      0.689     8.4680  1004.2830     5.3888     14.276          7 0.0000e+00
     15.000   0.614963     5.9951 2.4780e+00      0.444     8.8987  1004.2984     5.3996     15.296          8 0.0000e+00
     16.000   0.613931     5.9649 2.1565e+00      0.576     8.8283  1004.3007     5.3946     16.315          7 0.0000e+00
     17.000   0.613827     5.9217 1.9328e+00      0.590     8.6759  1004.3122     5.4004     17.335          7 0.0000e+00
     18.000   0.613318     5.8552 1.7198e+00      0.496     8.7749  1004.3247     5.4062     18.355          8 0.0000e+00
     19.000   0.611580     5.7745 1.4523e+00      0.576     8.6552  1004.3304     5.4026     19.375          7 0.0000e+00
     20.000   0.611099     5.7296 1.2448e+00      0.550     8.7319  1004.3393     5.4051     20.394          7 0.0000e+00
     21.000   0.611115     5.7387 9.9386e-01      0.538     8.7114  1004.3426     5.4037     21.414          7 0.0000e+00
     22.000   0.611310     5.7313 8.1671e-01      0.561     8.7052  1004.3501     5.4066     22.434          8 0.0000e+00
     23.000   0.610661     5.6895 6.6567e-01      0.531     8.6971  1004.3572     5.4071     23.453          7 0.0000e+00
     24.000   0.609648     5.6448 5.5307e-01      0.562     8.6785  1004.3620     5.4046     24.473          7 0.0000e+00
     25.000   0.609063     5.6044 4.6218e-01      0.571     8.7006  1004.3692     5.4054     25.493          7 0.0000e+00
     26.000   0.608135     5.5265 3.7212e-01      0.566     8.5544  1004.3802     5.4090     26.513          8 0.0000e+00
     27.000   0.607021     5.4334 3.0663e-01      0.520     8.6898  1004.3923     5.4133     27.532          7 0.0000e+00
     28.000   0.605923     5.3633 2.5792e-01      0.500     8.8797  1004.4005     5.4140     28.552          7 0.0000e+00
     29.000   0.604876     5.2709 2.1493e-01      0.669     8.4682  1004.4128     5.4188     29.572          7 0.0000e+00
     30.000   0.606202     5.1963 1.8523e-01      0.457     8.4902  1004.4401     5.4436     30.591          9 0.0000e+00
     31.000   0.602167     5.0323 1.6502e-01      0.400     8.7984  1004.4411     5.4314     31.611          7 0.0000e+00
     32.000   0.602157     4.9415 1.4206e-01      0.625     8.5286  1004.4607     5.4460     32.631         10 0.0000e+00
     33.000   0.598224     4.5931 1.2861e-01      0.216     9.0190  1004.4909     5.4650     33.651         10 0.0000e+00
     34.000   0.590889     3.7904 1.1356e-01      0.445     8.5940  1004.5632     5.5269     34.670         12 0.0000e+00
     35.000   0.586042     3.3555 1.0389e-01      0.256     8.6042  1004.5939     5.5520     35.690         15 0.0000e+00
     36.000   0.584872     3.2584 9.5478e-02      0.220     8.9211  1004.6036     5.5567     36.710         14 0.0000e+00
     37.000   0.578024     2.9067 8.8227e-02      0.371     8.5551  1004.6032     5.5475     37.729         12 0.0000e+00
     38.000   0.574547     2.7234 8.2931e-02      0.345     8.7720  1004.6051     5.5433     38.749         11 0.0000e+00
     39.000   0.573589     2.6113 7.8458e-02      0.404     8.5375  1004.6175     5.5528     39.769         11 0.0000e+00
     40.000   0.579521     2.7966 7.4784e-02      0.165     8.4482  1004.6455     5.5817     40.789         16 0.0000e+00
     41.000   0.578532     2.7864 7.1829e-02      0.266     8.4403  1004.6436     5.5731     41.808         18 0.0000e+00
     42.000   0.575223     2.6048 6.9542e-02      0.360     8.5825  1004.6465     5.5706     42.828         11 0.0000e+00
     43.000   0.577955     2.6262 6.7790e-02      0.180     8.4871  1004.6710     5.5950     43.848         16 0.0000e+00
     44.000   0.576147     2.4931 6.6187e-02      0.386     8.3643  1004.6793     5.5995     44.868         13 0.0000e+00
     45.000   0.574672     2.4172 6.5106e-02      0.261     8.5679  1004.6822     5.5974     45.887         12 0.0000e+00
     46.000   0.573107     2.3633 6.3841e-02      0.481     8.5334  1004.6814     5.5905     46.907          9 0.0000e+00
     47.000   0.575185     2.4440 6.3074e-02      0.216     8.5433  1004.6926     5.5978     47.927         13 0.0000e+00
     48.000   0.573227     2.3163 6.2122e-02      0.498     8.4351  1004.6984     5.5998     48.946         11 0.0000e+00
     49.000   0.573065     2.2871 6.1679e-02      0.144     8.6720  1004.7059     5.6032     49.966         11 0.0000e+00
     50.000   0.571619     2.1387 6.1049e-02      0.515     8.2825  1004.7186     5.6142     50.986         10 0.0000e+00
     51.000   0.571740     2.0921 6.0577e-02      0.320     8.3234  1004.7307     5.6236     52.005         11 0.0000e+00
     52.000   0.571769     2.1010 6.0210e-02      0.439     8.4535  1004.7346     5.6223     53.025          9 0.0000e+00
     53.000   0.573337     2.0784 5.9693e-02      0.330     8.2028  1004.7557     5.6427     54.045         13 0.0000e+00
     54.000   0.572533     2.0449 5.9469e-02      0.425     8.4362  1004.7583     5.6401     55.065          9 0.0000e+00
     55.000   0.572865     1.9988 5.9228e-02      0.385     8.2773  1004.7721     5.6517     56.084         11 0.0000e+00
     56.000   0.572334     1.9710 5.9093e-02      0.370     8.4064  1004.7761     5.6510     57.104         11 0.0000e+00
     57.000   0.572777     1.9368 5.8742e-02      0.327     8.2140  1004.7893     5.6617     58.124         12 0.0000e+00
     58.000   0.573056     1.9354 5.8713e-02      0.413     8.2883  1004.7967     5.6648     59.144          8 0.0000e+00
     59.000   0.574481     1.9719 5.8462e-02      0.371     8.0910  1004.8088     5.6732     60.163         12 0.0000e+00
     60.000   0.574024     1.9282 5.8314e-02      0.440     8.1174  1004.8156     5.6761     61.183         10 0.0000e+00
     61.000   0.575307     1.9567 5.8123e-02      0.254     8.0413  1004.8275     5.6844     62.203         13 0.0000e+00
     62.000   0.576392     1.9811 5.8156e-02      0.489     8.0658  1004.8383     5.6913     63.222          8 0.0000e+00
     63.000   0.577410     1.9881 5.8043e-02      0.357     7.8516  1004.8509     5.7008     64.242         12 0.0000e+00
     64.000   0.580001     2.0424 5.7962e-02      0.418     7.8753  1004.8704     5.7182     65.262         10 0.0000e+00
     65.000   0.581759     2.0782 5.7775e-02      0.387     7.7681  1004.8852     5.7301     66.281         10 0.0000e+00
     66.000   0.583576     2.1297 5.7711e-02      0.408     7.6572  1004.8983     5.7398     67.301         10 0.0000e+00
     67.000   0.585257     2.1767 5.7647e-02      0.378     7.5997  1004.9109     5.7488     68.321         10 0.0000e+00
     68.000   0.586473     2.2257 5.7593e-02      0.356     7.3656  1004.9192     5.7526     69.341         13 0.0000e+00
     69.000   0.590905     2.3491 5.7511e-02      0.354     7.4933  1004.9439     5.7765     70.361         10 0.0000e+00
     70.000   0.596712     2.5003 5.7379e-02      0.437     7.1949  1004.9756     5.8094     71.380         10 0.0000e+00
     71.000   0.600717     2.6506 5.7353e-02      0.270     6.9069  1004.9919     5.8235     72.400         11 0.0000e+00
     72.000   0.609044     2.8831 5.7208e-02      0.500     6.5505  1005.0310     5.8671     73.420         10 0.0000e+00
     73.000   0.610870     2.9677 5.7183e-02      0.272     6.5514  1005.0380     5.8703     74.439         12 0.0000e+00
     74.000   0.615515     3.0210 5.7170e-02      0.440     6.2445  1005.0728     5.9082     75.459         10 0.0000e+00
     75.000   0.612444     2.9585 5.6997e-02      0.265     6.0677  1005.0620     5.8880     76.479         13 0.0000e+00
     76.000   0.614515     3.0164 5.6956e-02      0.418     5.9703  1005.0750     5.8985     77.498         12 0.0000e+00
     77.000   0.617089     3.0454 5.6844e-02      0.266     6.0201  1005.0964     5.9195     78.518         11 0.0000e+00
     78.000   0.619460     3.1223 5.6801e-02      0.332     5.7789  1005.1088     5.9296     79.538         13 0.0000e+00
     79.000   0.621100     3.1672 5.6746e-02      0.318     5.8222  1005.1200     5.9380     80.558         14 0.0000e+00
     80.000   0.622617     3.2045 5.6603e-02      0.272     5.7781  1005.1314     5.9465     81.577         13 0.0000e+00
     81.000   0.622910     3.2185 5.6608e-02      0.263     5.4591  1005.1364     5.9468     82.597         16 0.0000e+00
     82.000   0.624789     3.2378 5.6486e-02      0.262     5.4807  1005.1535     5.9624     83.617         16 0.0000e+00
     83.000   0.623912     3.2111 5.6346e-02      0.202     5.5512  1005.1553     5.9582     84.636         18 0.0000e+00
     84.000   0.624411     3.2292 5.6222e-02      0.236     5.3753  1005.1614     5.9599     85.656         18 0.0000e+00
     85.000   0.625867     3.2542 5.6150e-02      0.253     5.2562  1005.1741     5.9700     86.676         17 0.0000e+00
     86.000   0.625932     3.2563 5.6066e-02      0.191     5.1242  1005.1791     5.9702     87.695         16 0.0000e+00
