ctdpy/exports/archive_20200326_115716/received_data/c14_v38_19.cnv
* Sea-Bird SBE19plus Data File:
* FileName = C:\CTD\CTD 2019\v38\C14_v38_19.hex
* Software Version 1.59
* Temperature SN =  4644
* Conductivity SN =  4644
* System UpLoad Time = Sep 16 2019 08:34:43
** C14 k22 v38 2019
* ds
# nquan = 11
# nvalues = 86                          
# units = specified
# name 0 = prdM: Pressure, Strain Gauge [db]
# name 1 = c0S/m: Conductivity [S/m]
# name 2 = tv290C: Temperature [ITS-90, deg C]
# name 3 = par: PAR/Irradiance, Biospherical/Licor
# name 4 = dz/dtM: Descent Rate [m/s]
# name 5 = sbeox0ML/L: Oxygen, SBE 43 [ml/l]
# name 6 = density00: Density [density, kg/m^3]
# name 7 = sal00: Salinity, Practical [PSU]
# name 8 = depFM: Depth [fresh water, m], lat = 58
# name 9 = nbin: number of scans per bin
# name 10 = flag: flag
# span 0 =      1.000,     86.000       
# span 1 =   0.583217,   0.708994       
# span 2 =     2.5878,    13.0353       
# span 3 = 4.9890e-02, 8.1772e+01       
# span 4 =      0.145,      0.768       
# span 5 =     4.2465,     7.7952       
# span 6 =  1003.3890,  1005.3173       
# span 7 =     5.1725,     6.1475       
# span 8 =      1.020,     87.696       
# span 9 =          6,         22       
# span 10 = 0.0000e+00, 0.0000e+00      
# interval = decibars: 1                
# start_time = Sep 16 2019 08:00:32 [Instrument's time stamp, header]
# bad_flag = -9.990e-29
*END*
      1.000   0.706958    12.8925 8.1772e+01      0.145     6.6211  1003.4067     5.1759      1.020         13 0.0000e+00
      2.000   0.708994    13.0353 5.5545e+01      0.350     6.4615  1003.3890     5.1725      2.039         12 0.0000e+00
      3.000   0.708847    13.0216 3.7173e+01      0.521     6.2789  1003.3961     5.1731      3.059          7 0.0000e+00
      4.000   0.708263    12.9786 2.7560e+01      0.443     6.4670  1003.4076     5.1743      4.079          9 0.0000e+00
      5.000   0.706800    12.8847 1.8476e+01      0.532     6.4390  1003.4262     5.1754      5.098          8 0.0000e+00
      6.000   0.704577    12.7283 1.4193e+01      0.479     6.6029  1003.4551     5.1792      6.118          7 0.0000e+00
      7.000   0.701713    12.5800 8.6870e+00      0.681     6.3935  1003.4779     5.1767      7.138          7 0.0000e+00
      8.000   0.701364    12.5041 7.5325e+00      0.403     6.8157  1003.4985     5.1842      8.158          8 0.0000e+00
      9.000   0.698027    12.3466 5.4507e+00      0.545     6.5355  1003.5202     5.1793      9.177          6 0.0000e+00
     10.000   0.697837    12.3120 3.6162e+00      0.768     6.5617  1003.5318     5.1824     10.197          7 0.0000e+00
     11.000   0.696819    12.1985 3.1077e+00      0.448     6.9258  1003.5570     5.1898     11.217          7 0.0000e+00
     12.000   0.687788    11.6661 2.3269e+00      0.574     6.7509  1003.6295     5.1908     12.236          7 0.0000e+00
     13.000   0.681916    11.3027 1.6850e+00      0.695     6.8148  1003.6805     5.1937     13.257          6 0.0000e+00
     14.000   0.680799    11.2067 1.3638e+00      0.542     7.0187  1003.6998     5.1979     14.276          7 0.0000e+00
     15.000   0.679914    11.1534 1.0555e+00      0.567     7.1118  1003.7109     5.1981     15.296          7 0.0000e+00
     16.000   0.678706    10.9970 8.2251e-01      0.673     7.1519  1003.7430     5.2101     16.316          6 0.0000e+00
     17.000   0.667228    10.0866 6.5615e-01      0.605     7.0423  1003.8731     5.2442     17.335          6 0.0000e+00
     18.000   0.653901     9.2215 5.3120e-01      0.614     7.2232  1003.9728     5.2565     18.355          7 0.0000e+00
     19.000   0.644555     8.4780 4.3717e-01      0.568     7.3204  1004.0642     5.2851     19.374          7 0.0000e+00
     20.000   0.629578     7.4344 3.5488e-01      0.656     7.0018  1004.1668     5.3093     20.395          6 0.0000e+00
     21.000   0.618505     6.5241 3.0124e-01      0.570     7.3571  1004.2596     5.3486     21.414          7 0.0000e+00
     22.000   0.606849     5.7909 2.6191e-01      0.558     7.6368  1004.3061     5.3549     22.434          7 0.0000e+00
     23.000   0.595414     4.9943 2.2296e-01      0.708     7.2130  1004.3568     5.3731     23.454          6 0.0000e+00
     24.000   0.591271     4.4755 1.9853e-01      0.636     7.5664  1004.4126     5.4172     24.473          7 0.0000e+00
     25.000   0.588950     4.2282 1.7913e-01      0.539     7.6730  1004.4378     5.4350     25.493          6 0.0000e+00
     26.000   0.588612     4.0563 1.5973e-01      0.653     7.3305  1004.4664     5.4602     26.513          7 0.0000e+00
     27.000   0.589112     3.9503 1.4864e-01      0.548     7.7479  1004.4913     5.4828     27.532          7 0.0000e+00
     28.000   0.587350     3.9025 1.3788e-01      0.624     7.6372  1004.4894     5.4731     28.552          6 0.0000e+00
     29.000   0.590283     3.8648 1.2883e-01      0.639     7.4618  1004.5232     5.5086     29.572          8 0.0000e+00
     30.000   0.588151     3.7621 1.2250e-01      0.402     7.6948  1004.5265     5.5045     30.591          8 0.0000e+00
     31.000   0.584652     3.5014 1.1736e-01      0.592     7.6000  1004.5422     5.5135     31.611          6 0.0000e+00
     32.000   0.584115     3.3212 1.1290e-01      0.613     7.5396  1004.5691     5.5388     32.631          8 0.0000e+00
     33.000   0.583562     3.2479 1.0972e-01      0.473     7.7851  1004.5802     5.5456     33.650          7 0.0000e+00
     34.000   0.583217     3.1652 1.0746e-01      0.620     7.7126  1004.5942     5.5562     34.670          6 0.0000e+00
     35.000   0.583482     3.1030 1.0559e-01      0.613     7.6112  1004.6101     5.5696     35.690          8 0.0000e+00
     36.000   0.586015     3.1312 1.0405e-01      0.510     7.5437  1004.6316     5.5904     36.710          8 0.0000e+00
     37.000   0.589132     3.2954 1.0236e-01      0.434     7.7802  1004.6377     5.5936     37.729          7 0.0000e+00
     38.000   0.594910     3.5451 1.0091e-01      0.677     7.5396  1004.6519     5.6087     38.749          8 0.0000e+00
     39.000   0.600620     3.7986 9.9982e-02      0.230     7.5375  1004.6639     5.6223     39.769         13 0.0000e+00
     40.000   0.603442     3.9039 9.8984e-02      0.435     7.4941  1004.6748     5.6322     40.789         10 0.0000e+00
     41.000   0.605436     3.9306 9.8254e-02      0.396     7.3871  1004.6913     5.6475     41.808         10 0.0000e+00
     42.000   0.606818     3.9597 9.7691e-02      0.364     7.5219  1004.7025     5.6561     42.828         11 0.0000e+00
     43.000   0.609435     3.9974 9.6967e-02      0.335     7.1502  1004.7221     5.6756     43.848         15 0.0000e+00
     44.000   0.608199     3.8906 9.6507e-02      0.228     7.5274  1004.7338     5.6817     44.868         13 0.0000e+00
     45.000   0.607109     3.7148 9.6044e-02      0.282     7.2333  1004.7576     5.7014     45.887         16 0.0000e+00
     46.000   0.602567     3.4662 9.5847e-02      0.301     7.5406  1004.7641     5.6990     46.907         14 0.0000e+00
     47.000   0.602674     3.3784 9.5312e-02      0.223     7.6008  1004.7832     5.7155     47.927         16 0.0000e+00
     48.000   0.602822     3.2745 9.4985e-02      0.224     7.5080  1004.8050     5.7353     48.946         18 0.0000e+00
     49.000   0.595751     3.0731 9.4708e-02      0.364     7.7657  1004.7824     5.6988     49.966         11 0.0000e+00
     50.000   0.599683     3.1777 8.3175e-02      0.205     7.6774  1004.8037     5.7203     50.986         18 0.0000e+00
     51.000   0.595311     2.9346 8.5311e-02      0.331     7.5109  1004.8088     5.7187     52.006         13 0.0000e+00
     52.000   0.596196     2.8856 4.9890e-02      0.224     7.5957  1004.8282     5.7364     53.025         15 0.0000e+00
     53.000   0.595963     2.8405 9.0248e-02      0.255     7.7952  1004.8377     5.7420     54.045         17 0.0000e+00
     54.000   0.592721     2.7109 9.3152e-02      0.281     7.7145  1004.8346     5.7316     55.065         15 0.0000e+00
     55.000   0.592023     2.5975 9.2666e-02      0.241     7.5106  1004.8499     5.7447     56.084         17 0.0000e+00
     56.000   0.591594     2.5878 8.8867e-02      0.263     7.7424  1004.8526     5.7419     57.104         15 0.0000e+00
     57.000   0.593696     2.6672 8.9042e-02      0.184     7.7648  1004.8635     5.7493     58.124         18 0.0000e+00
     58.000   0.593676     2.6264 8.8928e-02      0.263     7.4930  1004.8740     5.7563     59.144         17 0.0000e+00
     59.000   0.593408     2.6116 8.7381e-02      0.324     7.5020  1004.8788     5.7560     60.163         14 0.0000e+00
     60.000   0.594603     2.6649 8.3304e-02      0.191     7.4833  1004.8858     5.7587     61.183         15 0.0000e+00
     61.000   0.595452     2.6268 8.3237e-02      0.218     7.1803  1004.9033     5.7743     62.203         18 0.0000e+00
     62.000   0.596182     2.6123 8.2344e-02      0.246     6.9908  1004.9163     5.7844     63.222         18 0.0000e+00
     63.000   0.597296     2.6179 8.2163e-02      0.231     6.8967  1004.9296     5.7948     64.242         17 0.0000e+00
     64.000   0.598260     2.6369 8.2178e-02      0.219     6.7843  1004.9397     5.8013     65.262         19 0.0000e+00
     65.000   0.599940     2.6599 8.2044e-02      0.268     6.7730  1004.9550     5.8144     66.281         15 0.0000e+00
     66.000   0.601418     2.6957 8.2026e-02      0.223     6.5954  1004.9669     5.8231     67.301         17 0.0000e+00
     67.000   0.603468     2.7402 8.2712e-02      0.236     6.4590  1004.9821     5.8361     68.321         18 0.0000e+00
     68.000   0.606675     2.7913 8.7115e-02      0.222     6.3206  1005.0059     5.8599     69.341         19 0.0000e+00
     69.000   0.609035     2.7984 8.8742e-02      0.157     6.1640  1005.0292     5.8829     70.360         22 0.0000e+00
     70.000   0.612547     2.8315 9.0094e-02      0.290     6.1503  1005.0580     5.9129     71.380         14 0.0000e+00
     71.000   0.617096     2.9485 8.9018e-02      0.279     5.9966  1005.0824     5.9381     72.400         13 0.0000e+00
     72.000   0.626114     3.1527 8.6131e-02      0.347     5.9065  1005.1294     5.9928     73.420         13 0.0000e+00
     73.000   0.631074     3.2585 8.5943e-02      0.233     5.8106  1005.1580     6.0237     74.439         14 0.0000e+00
     74.000   0.639259     3.3679 8.5747e-02      0.317     5.4134  1005.2118     6.0868     75.459         14 0.0000e+00
     75.000   0.642512     3.4066 8.5635e-02      0.290     5.3384  1005.2367     6.1125     76.479         13 0.0000e+00
     76.000   0.642464     3.4121 8.5796e-02      0.336     4.7797  1005.2402     6.1108     77.498         13 0.0000e+00
     77.000   0.643665     3.4120 8.5624e-02      0.284     4.7223  1005.2548     6.1230     78.518         13 0.0000e+00
     78.000   0.643306     3.4092 8.5439e-02      0.254     4.5517  1005.2572     6.1198     79.538         16 0.0000e+00
     79.000   0.645255     3.4260 8.5253e-02      0.286     4.6485  1005.2750     6.1363     80.558         13 0.0000e+00
     80.000   0.646085     3.4375 8.5084e-02      0.386     4.5425  1005.2847     6.1425     81.577         12 0.0000e+00
     81.000   0.644468     3.4170 8.4932e-02      0.159     4.6108  1005.2797     6.1298     82.597         14 0.0000e+00
     82.000   0.645299     3.4414 8.4523e-02      0.526     4.5551  1005.2873     6.1335     83.617         10 0.0000e+00
     83.000   0.645216     3.4321 8.0027e-02      0.225     4.6381  1005.2929     6.1343     84.636         11 0.0000e+00
     84.000   0.646141     3.4395 7.9650e-02      0.421     4.4871  1005.3040     6.1422     85.656         13 0.0000e+00
     85.000   0.646712     3.4417 7.7821e-02      0.240     4.4617  1005.3131     6.1475     86.676         14 0.0000e+00
     86.000   0.646706     3.4452 7.1809e-02      0.190     4.2465  1005.3173     6.1467     87.696         16 0.0000e+00
