ctdpy/exports/archive_20200326_115716/received_data/c14_v16_19.cnv
* Sea-Bird SBE19plus Data File:
* FileName = C:\CTD\CTD 2019\v16\C14_V16_2019.hex
* Software Version 1.59
* Temperature SN =  7668
* Conductivity SN =  7668
* System UpLoad Time = Apr 17 2019 13:07:16
** C14_V16_2019
**
# nquan = 10
# nvalues = 88                          
# units = specified
# name 0 = prdM: Pressure, Strain Gauge [db]
# name 1 = c0S/m: Conductivity [S/m]
# name 2 = tv290C: Temperature [ITS-90, deg C]
# name 3 = par: PAR/Irradiance, Biospherical/Licor
# name 4 = dz/dtM: Descent Rate [m/s]
# name 5 = density00: Density [density, kg/m^3]
# name 6 = sal00: Salinity, Practical [PSU]
# name 7 = depFM: Depth [fresh water, m], lat = 0
# name 8 = nbin: number of scans per bin
# name 9 = flag: flag
# span 0 =      1.000,     88.000       
# span 1 =   0.538458,   0.646572       
# span 2 =     1.2281,     3.7079       
# span 3 = -2.002e-06, 1.1323e+03       
# span 4 =      0.167,      0.913       
# span 5 =  1004.2845,  1005.2820       
# span 6 =     5.3758,     6.0956       
# span 7 =      1.020,     89.735       
# span 8 =          4,         24       
# span 9 = 0.0000e+00, 0.0000e+00       
# interval = decibars: 1                
# start_time = Apr 17 2019 12:30:05 [Instrument's time stamp, header]
# bad_flag = -9.990e-29
*END*
      1.000   0.539451     1.5135 1.1323e+03      0.209  1004.2845     5.3884      1.020         15 0.0000e+00
      2.000   0.539574     1.5413 8.8332e+02      0.331  1004.2872     5.3848      2.040         13 0.0000e+00
      3.000   0.539740     1.5729 4.4492e+02      0.327  1004.2898     5.3810      3.059         12 0.0000e+00
      4.000   0.539913     1.6013 2.8155e+02      0.232  1004.2928     5.3778      4.079         19 0.0000e+00
      5.000   0.539947     1.6148 2.3360e+02      0.212  1004.2963     5.3758      5.098         18 0.0000e+00
      6.000   0.539719     1.5855 1.7491e+02      0.219  1004.3027     5.3783      6.118         16 0.0000e+00
      7.000   0.539327     1.5280 1.2718e+02      0.410  1004.3111     5.3839      7.138          9 0.0000e+00
      8.000   0.539377     1.5257 8.4819e+01      0.458  1004.3167     5.3847      8.158         10 0.0000e+00
      9.000   0.538951     1.4772 6.1101e+01      0.360  1004.3236     5.3885      9.177         10 0.0000e+00
     10.000   0.538556     1.4236 4.4513e+01      0.394  1004.3314     5.3934     10.197         10 0.0000e+00
     11.000   0.538458     1.4021 3.2815e+01      0.383  1004.3379     5.3959     11.217         11 0.0000e+00
     12.000   0.538546     1.3988 2.4394e+01      0.356  1004.3439     5.3973     12.237         12 0.0000e+00
     13.000   0.539051     1.4209 1.8534e+01      0.329  1004.3506     5.3988     13.256         11 0.0000e+00
     14.000   0.539168     1.4209 1.4103e+01      0.365  1004.3565     5.4000     14.276         12 0.0000e+00
     15.000   0.539162     1.4153 1.0805e+01      0.338  1004.3620     5.4008     15.296         12 0.0000e+00
     16.000   0.539161     1.4112 8.3632e+00      0.322  1004.3674     5.4014     16.315         12 0.0000e+00
     17.000   0.539108     1.4005 6.4230e+00      0.332  1004.3731     5.4025     17.335         12 0.0000e+00
     18.000   0.539304     1.3972 4.9374e+00      0.318  1004.3800     5.4051     18.355         13 0.0000e+00
     19.000   0.539451     1.3931 3.8065e+00      0.316  1004.3867     5.4073     19.375         12 0.0000e+00
     20.000   0.539402     1.3828 2.9427e+00      0.326  1004.3924     5.4084     20.394         13 0.0000e+00
     21.000   0.539268     1.3691 2.2748e+00      0.321  1004.3977     5.4093     21.414         12 0.0000e+00
     22.000   0.539191     1.3579 1.7508e+00      0.344  1004.4032     5.4103     22.434         11 0.0000e+00
     23.000   0.539184     1.3532 1.3377e+00      0.366  1004.4086     5.4109     23.454         11 0.0000e+00
     24.000   0.539120     1.3451 1.0251e+00      0.375  1004.4139     5.4115     24.473         11 0.0000e+00
     25.000   0.539014     1.3314 7.8103e-01      0.379  1004.4195     5.4126     25.493         10 0.0000e+00
     26.000   0.538868     1.3128 5.9622e-01      0.399  1004.4253     5.4142     26.513         10 0.0000e+00
     27.000   0.538893     1.3064 4.5668e-01      0.438  1004.4311     5.4155     27.532          8 0.0000e+00
     28.000   0.539380     1.3308 3.4447e-01      0.498  1004.4374     5.4164     28.552          8 0.0000e+00
     29.000   0.539636     1.3441 2.5363e-01      0.490  1004.4430     5.4167     29.572          9 0.0000e+00
     30.000   0.539844     1.3530 1.8486e-01      0.493  1004.4486     5.4172     30.591          8 0.0000e+00
     31.000   0.539595     1.3362 1.3228e-01      0.492  1004.4533     5.4174     31.611          8 0.0000e+00
     32.000   0.539578     1.3313 8.8830e-02      0.471  1004.4587     5.4180     32.631          9 0.0000e+00
     33.000   0.539649     1.3314 5.1073e-02      0.447  1004.4642     5.4186     33.651          8 0.0000e+00
     34.000   0.539574     1.3219 2.5052e-02      0.464  1004.4695     5.4193     34.670          9 0.0000e+00
     35.000   0.539324     1.3012 2.0551e-03      0.476  1004.4747     5.4201     35.690          8 0.0000e+00
     36.000   0.539294     1.2961 -2.002e-06      0.476  1004.4799     5.4206     36.710          9 0.0000e+00
     37.000   0.539334     1.2962 1.0000e-12      0.468  1004.4851     5.4209     37.729          8 0.0000e+00
     38.000   0.539264     1.2881 1.0000e-12      0.487  1004.4903     5.4215     38.749          8 0.0000e+00
     39.000   0.538990     1.2589 1.0000e-12      0.492  1004.4963     5.4235     39.769          8 0.0000e+00
     40.000   0.538962     1.2491 1.0000e-12      0.494  1004.5020     5.4248     40.789          9 0.0000e+00
     41.000   0.538997     1.2452 1.0000e-12      0.501  1004.5077     5.4257     41.808          8 0.0000e+00
     42.000   0.539044     1.2390 1.0000e-12      0.493  1004.5137     5.4272     42.828          8 0.0000e+00
     43.000   0.539092     1.2349 1.0000e-12      0.488  1004.5195     5.4284     43.848          8 0.0000e+00
     44.000   0.539128     1.2330 1.0000e-12      0.486  1004.5249     5.4290     44.868          8 0.0000e+00
     45.000   0.539198     1.2319 1.0000e-12      0.499  1004.5306     5.4298     45.887          8 0.0000e+00
     46.000   0.539278     1.2281 1.0000e-12      0.487  1004.5366     5.4312     46.907          8 0.0000e+00
     47.000   0.539377     1.2287 1.0000e-12      0.480  1004.5423     5.4320     47.927          9 0.0000e+00
     48.000   0.539460     1.2292 1.0000e-12      0.475  1004.5478     5.4327     48.946          8 0.0000e+00
     49.000   0.539624     1.2311 1.0000e-12      0.462  1004.5540     5.4341     49.966          9 0.0000e+00
     50.000   0.540137     1.2440 1.0000e-12      0.446  1004.5618     5.4372     50.986          9 0.0000e+00
     51.000   0.541112     1.2599 1.0000e-12      0.453  1004.5733     5.4448     52.006          9 0.0000e+00
     52.000   0.541874     1.2745 1.0000e-12      0.450  1004.5830     5.4504     53.025          9 0.0000e+00
     53.000   0.543012     1.3070 1.0000e-12      0.464  1004.5939     5.4568     54.045          8 0.0000e+00
     54.000   0.544140     1.3467 1.0000e-12      0.481  1004.6039     5.4618     55.065          8 0.0000e+00
     55.000   0.545965     1.4181 1.0000e-12      0.491  1004.6159     5.4687     56.084          8 0.0000e+00
     56.000   0.549089     1.5156 1.0000e-12      0.495  1004.6359     5.4850     57.104          9 0.0000e+00
     57.000   0.552481     1.6085 1.0000e-12      0.494  1004.6584     5.5047     58.124          8 0.0000e+00
     58.000   0.556112     1.6824 1.0000e-12      0.481  1004.6852     5.5302     59.144          8 0.0000e+00
     59.000   0.560207     1.7201 1.0000e-12      0.477  1004.7202     5.5669     60.163          8 0.0000e+00
     60.000   0.566881     1.9103 1.0000e-12      0.482  1004.7574     5.6038     61.183          9 0.0000e+00
     61.000   0.569456     1.9985 1.0000e-12      0.496  1004.7725     5.6152     62.203          8 0.0000e+00
     62.000   0.572478     2.0796 1.0000e-12      0.497  1004.7921     5.6324     63.222          8 0.0000e+00
     63.000   0.573770     2.1195 1.0000e-12      0.489  1004.8025     5.6388     64.242          8 0.0000e+00
     64.000   0.574464     2.1413 1.0000e-12      0.487  1004.8103     5.6421     65.262          8 0.0000e+00
     65.000   0.574833     2.1531 1.0000e-12      0.496  1004.8166     5.6437     66.282          8 0.0000e+00
     66.000   0.575126     2.1613 1.0000e-12      0.496  1004.8228     5.6452     67.301          8 0.0000e+00
     67.000   0.577242     2.2143 1.0000e-12      0.502  1004.8383     5.6579     68.321          8 0.0000e+00
     68.000   0.588059     2.5053 1.0000e-12      0.496  1004.8930     5.7186     69.341          8 0.0000e+00
     69.000   0.601245     2.8479 1.0000e-12      0.490  1004.9575     5.7933     70.360          8 0.0000e+00
     70.000   0.613857     3.1153 1.0000e-12      0.486  1005.0254     5.8743     71.380          9 0.0000e+00
     71.000   0.619729     3.2566 1.0000e-12      0.481  1005.0562     5.9084     72.400          8 0.0000e+00
     72.000   0.621489     3.3108 1.0000e-12      0.493  1005.0669     5.9164     73.420          8 0.0000e+00
     73.000   0.621926     3.3244 1.0000e-12      0.509  1005.0731     5.9182     74.439          6 0.0000e+00
     74.000   0.622642     3.3350 1.0000e-12      0.669  1005.0821     5.9235     75.459          6 0.0000e+00
     75.000   0.623891     3.3551 1.0000e-12      0.767  1005.0939     5.9324     76.479          5 0.0000e+00
     76.000   0.625137     3.3699 1.0000e-12      0.807  1005.1064     5.9422     77.499          4 0.0000e+00
     77.000   0.626286     3.3829 1.0000e-12      0.884  1005.1185     5.9514     78.518          5 0.0000e+00
     78.000   0.627511     3.4026 1.0000e-12      0.913  1005.1301     5.9602     79.538          4 0.0000e+00
     79.000   0.629423     3.4324 1.0000e-12      0.910  1005.1456     5.9740     80.558          5 0.0000e+00
     80.000   0.632384     3.4773 1.0000e-12      0.903  1005.1672     5.9957     81.577          4 0.0000e+00
     81.000   0.637310     3.5455 1.0000e-12      0.912  1005.2007     6.0329     82.597          5 0.0000e+00
     82.000   0.642197     3.6142 1.0000e-12      0.905  1005.2336     6.0695     83.617          4 0.0000e+00
     83.000   0.644617     3.6545 1.0000e-12      0.861  1005.2512     6.0863     84.637          7 0.0000e+00
     84.000   0.645179     3.6695 1.0000e-12      0.356  1005.2580     6.0891     85.656         14 0.0000e+00
     85.000   0.645180     3.6766 1.0000e-12      0.254  1005.2617     6.0877     86.676         16 0.0000e+00
     86.000   0.645726     3.6888 1.0000e-12      0.246  1005.2688     6.0908     87.696         17 0.0000e+00
     87.000   0.646414     3.7034 1.0000e-12      0.167  1005.2767     6.0949     88.715         24 0.0000e+00
     88.000   0.646572     3.7079 1.0000e-12      0.188  1005.2820     6.0956     89.735         18 0.0000e+00
