ctdpy/exports/archive_20200326_115716/received_data/c14_v07_19.cnv
* Sea-Bird SBE19plus Data File:
* FileName = C:\CTD\CTD 2019\K05\C14_K05v7_2019.hex
* Software Version 1.59
* Temperature SN =  7668
* Conductivity SN =  7668
* System UpLoad Time = Feb 11 2019 19:21:12
** C14_K05v7_2019
* ds
# nquan = 10
# nvalues = 88                          
# units = specified
# name 0 = prdM: Pressure, Strain Gauge [db]
# name 1 = c0S/m: Conductivity [S/m]
# name 2 = tv290C: Temperature [ITS-90, deg C]
# name 3 = par: PAR/Irradiance, Biospherical/Licor
# name 4 = dz/dtM: Descent Rate [m/s]
# name 5 = density00: Density [density, kg/m^3]
# name 6 = sal00: Salinity, Practical [PSU]
# name 7 = depFM: Depth [fresh water, m], lat = 0
# name 8 = nbin: number of scans per bin
# name 9 = flag: flag
# span 0 =      1.000,     88.000       
# span 1 =   0.540864,   0.636554       
# span 2 =     1.4846,     3.6543       
# span 3 = -1.002e-07, 6.9367e-06       
# span 4 =     -0.004,      1.300       
# span 5 =  1004.2999,  1005.2104       
# span 6 =     5.4082,     6.0043       
# span 7 =      1.020,     89.735       
# span 8 =          3,         18       
# span 9 = 0.0000e+00, 0.0000e+00       
# interval = decibars: 1                
# start_time = Feb 11 2019 19:42:19 [Instrument's time stamp, header]
# bad_flag = -9.990e-29
*END*
      1.000   0.540864     1.4851 1.0000e-12      0.041  1004.2999     5.4084      1.020         18 0.0000e+00
      2.000   0.540941     1.4882 1.0000e-12     -0.004  1004.3052     5.4086      2.039          8 0.0000e+00
      3.000   0.540960     1.4884 1.0000e-12      0.696  1004.3102     5.4086      3.059          4 0.0000e+00
      4.000   0.540949     1.4876 1.0000e-12      1.173  1004.3151     5.4085      4.079          4 0.0000e+00
      5.000   0.540921     1.4862 1.0000e-12      1.075  1004.3199     5.4084      5.099          4 0.0000e+00
      6.000   0.540901     1.4852 1.0000e-12      1.064  1004.3247     5.4082      6.118          3 0.0000e+00
      7.000   0.540949     1.4863 1.0000e-12      1.053  1004.3299     5.4084      7.138          4 0.0000e+00
      8.000   0.540961     1.4864 1.0000e-12      0.972  1004.3349     5.4084      8.158          4 0.0000e+00
      9.000   0.540917     1.4846 1.0000e-12      1.067  1004.3396     5.4082      9.177          3 0.0000e+00
     10.000   0.540965     1.4862 1.0000e-12      1.223  1004.3447     5.4083     10.197          4 0.0000e+00
     11.000   0.541187     1.4934 1.0000e-12      1.236  1004.3507     5.4093     11.217          3 0.0000e+00
     12.000   0.541198     1.4938 1.0000e-12      1.138  1004.3556     5.4093     12.236          4 0.0000e+00
     13.000   0.541061     1.4888 1.0000e-12      1.105  1004.3599     5.4085     13.256          3 0.0000e+00
     14.000   0.541011     1.4863 1.0000e-12      1.171  1004.3647     5.4083     14.276          4 0.0000e+00
     15.000   0.540990     1.4849 1.0000e-12      1.300  1004.3696     5.4082     15.296          5 0.0000e+00
     16.000   0.540990     1.4846 1.0000e-12      0.361  1004.3745     5.4082     16.316         15 0.0000e+00
     17.000   0.541008     1.4848 9.3010e-07      0.322  1004.3795     5.4082     17.335         14 0.0000e+00
     18.000   0.541010     1.4846 -1.002e-07      0.121  1004.3845     5.4082     18.355         14 0.0000e+00
     19.000   0.541060     1.4860 1.0000e-12      0.381  1004.3896     5.4084     19.375          5 0.0000e+00
     20.000   0.541239     1.4926 1.0000e-12      0.916  1004.3953     5.4090     20.394          5 0.0000e+00
     21.000   0.541535     1.5030 6.9367e-06      1.111  1004.4015     5.4103     21.414          4 0.0000e+00
     22.000   0.541711     1.5102 6.6772e-07      0.870  1004.4070     5.4108     22.434          8 0.0000e+00
     23.000   0.541759     1.5129 1.0000e-12      0.316  1004.4120     5.4107     23.454         15 0.0000e+00
     24.000   0.541832     1.5162 1.2292e-06      0.256  1004.4171     5.4108     24.473         12 0.0000e+00
     25.000   0.541720     1.5119 1.7075e-08      0.430  1004.4216     5.4103     25.493         10 0.0000e+00
     26.000   0.541741     1.5125 1.0000e-12      0.386  1004.4266     5.4103     26.513         10 0.0000e+00
     27.000   0.541933     1.5202 1.0000e-12      0.326  1004.4322     5.4109     27.532         13 0.0000e+00
     28.000   0.542434     1.5394 1.0000e-12      0.327  1004.4391     5.4128     28.552          9 0.0000e+00
     29.000   0.543104     1.5667 1.0000e-12      0.532  1004.4464     5.4151     29.572          8 0.0000e+00
     30.000   0.543422     1.5809 1.0000e-12      0.459  1004.4524     5.4159     30.592          7 0.0000e+00
     31.000   0.544336     1.6179 1.0000e-12      0.640  1004.4606     5.4192     31.611          7 0.0000e+00
     32.000   0.544610     1.6316 1.0000e-12      0.561  1004.4662     5.4196     32.631          7 0.0000e+00
     33.000   0.544731     1.6378 1.0000e-12      0.627  1004.4714     5.4197     33.651          6 0.0000e+00
     34.000   0.544967     1.6485 1.0000e-12      0.589  1004.4770     5.4202     34.670         11 0.0000e+00
     35.000   0.544891     1.6528 1.0000e-12      0.048  1004.4807     5.4186     35.690         12 0.0000e+00
     36.000   0.545022     1.6580 1.0000e-12      0.618  1004.4861     5.4190     36.710          6 0.0000e+00
     37.000   0.545302     1.6681 1.0000e-12      0.737  1004.4921     5.4201     37.729          5 0.0000e+00
     38.000   0.545677     1.6822 1.0000e-12      0.767  1004.4985     5.4215     38.749          5 0.0000e+00
     39.000   0.546270     1.7042 1.0000e-12      0.728  1004.5057     5.4239     39.769          5 0.0000e+00
     40.000   0.547564     1.7512 1.0000e-12      0.840  1004.5159     5.4294     40.788          4 0.0000e+00
     41.000   0.549853     1.8307 1.0000e-12      1.010  1004.5304     5.4398     41.808          5 0.0000e+00
     42.000   0.551260     1.8843 1.0000e-12      0.880  1004.5405     5.4453     42.828          5 0.0000e+00
     43.000   0.552318     1.9235 1.0000e-12      0.744  1004.5495     5.4495     43.848          5 0.0000e+00
     44.000   0.553012     1.9494 1.0000e-12      0.848  1004.5569     5.4522     44.868          5 0.0000e+00
     45.000   0.553285     1.9625 1.0000e-12      0.754  1004.5625     5.4527     45.887          6 0.0000e+00
     46.000   0.555849     2.0512 1.0000e-12      0.532  1004.5776     5.4643     46.907          6 0.0000e+00
     47.000   0.564327     2.3206 1.0000e-12      0.784  1004.6186     5.5062     47.927          4 0.0000e+00
     48.000   0.570535     2.5303 1.0000e-12      0.924  1004.6469     5.5343     48.946          5 0.0000e+00
     49.000   0.574636     2.6679 1.0000e-12      0.875  1004.6669     5.5528     49.966          4 0.0000e+00
     50.000   0.578512     2.7919 1.0000e-12      0.917  1004.6864     5.5710     50.986          4 0.0000e+00
     51.000   0.581805     2.8986 1.0000e-12      1.041  1004.7032     5.5862     52.006          4 0.0000e+00
     52.000   0.584259     2.9800 1.0000e-12      1.023  1004.7165     5.5971     53.025          4 0.0000e+00
     53.000   0.586328     3.0444 1.0000e-12      0.967  1004.7290     5.6069     54.045          5 0.0000e+00
     54.000   0.588227     3.1008 1.0000e-12      0.903  1004.7411     5.6164     55.064          5 0.0000e+00
     55.000   0.589493     3.1418 1.0000e-12      0.724  1004.7502     5.6221     56.084          9 0.0000e+00
     56.000   0.590017     3.1686 1.0000e-12      0.250  1004.7554     5.6226     57.104         15 0.0000e+00
     57.000   0.591903     3.2189 1.0000e-12      0.212  1004.7681     5.6330     58.124         10 0.0000e+00
     58.000   0.596647     3.3236 1.0000e-12      0.581  1004.7959     5.6628     59.144          6 0.0000e+00
     59.000   0.599312     3.3800 1.0000e-12      0.710  1004.8138     5.6799     60.163          5 0.0000e+00
     60.000   0.602633     3.4461 1.0000e-12      0.842  1004.8354     5.7018     61.183          6 0.0000e+00
     61.000   0.605714     3.5004 1.0000e-12      0.694  1004.8567     5.7233     62.203          5 0.0000e+00
     62.000   0.608316     3.5272 1.0000e-12      0.730  1004.8783     5.7448     63.223          5 0.0000e+00
     63.000   0.610159     3.5304 1.0000e-12      0.808  1004.8975     5.7627     64.242          5 0.0000e+00
     64.000   0.611938     3.5145 1.0000e-12      0.785  1004.9191     5.7834     65.262          5 0.0000e+00
     65.000   0.614013     3.5225 1.0000e-12      0.786  1004.9394     5.8029     66.282          5 0.0000e+00
     66.000   0.615105     3.5324 1.0000e-12      0.950  1004.9514     5.8121     67.301          4 0.0000e+00
     67.000   0.616225     3.5419 1.0000e-12      1.015  1004.9638     5.8216     68.321          4 0.0000e+00
     68.000   0.618072     3.5514 1.0000e-12      0.917  1004.9820     5.8384     69.341          4 0.0000e+00
     69.000   0.620127     3.5575 1.0000e-12      0.942  1005.0024     5.8580     70.361          4 0.0000e+00
     70.000   0.621178     3.5552 1.0000e-12      1.093  1005.0160     5.8690     71.380          3 0.0000e+00
     71.000   0.621910     3.5511 1.0000e-12      1.168  1005.0275     5.8770     72.400          4 0.0000e+00
     72.000   0.622755     3.5524 1.0000e-12      1.144  1005.0388     5.8852     73.419          3 0.0000e+00
     73.000   0.623625     3.5579 1.0000e-12      1.119  1005.0498     5.8929     74.439          4 0.0000e+00
     74.000   0.624766     3.5716 1.0000e-12      1.134  1005.0616     5.9018     75.459          4 0.0000e+00
     75.000   0.625873     3.5820 1.0000e-12      1.121  1005.0737     5.9110     76.478          3 0.0000e+00
     76.000   0.627261     3.5839 1.0000e-12      1.020  1005.0893     5.9246     77.499          4 0.0000e+00
     77.000   0.629687     3.5929 1.0000e-12      1.024  1005.1122     5.9474     78.518          4 0.0000e+00
     78.000   0.632710     3.6092 1.0000e-12      1.124  1005.1388     5.9749     79.538          3 0.0000e+00
     79.000   0.634525     3.6264 1.0000e-12      1.152  1005.1554     5.9900     80.557          4 0.0000e+00
     80.000   0.634993     3.6346 1.0000e-12      1.119  1005.1626     5.9931     81.577          4 0.0000e+00
     81.000   0.635138     3.6384 1.0000e-12      1.106  1005.1680     5.9937     82.597          4 0.0000e+00
     82.000   0.635273     3.6420 1.0000e-12      1.106  1005.1733     5.9943     83.617          4 0.0000e+00
     83.000   0.635515     3.6450 1.0000e-12      1.013  1005.1795     5.9961     84.636          6 0.0000e+00
     84.000   0.635577     3.6451 1.0000e-12      0.196  1005.1848     5.9966     85.656         14 0.0000e+00
     85.000   0.635654     3.6456 1.0000e-12      0.260  1005.1902     5.9972     86.676         14 0.0000e+00
     86.000   0.635730     3.6479 1.0000e-12      0.475  1005.1952     5.9974     87.696          9 0.0000e+00
     87.000   0.635974     3.6498 1.0000e-12      0.392  1005.2017     5.9994     88.715          9 0.0000e+00
     88.000   0.636554     3.6543 1.0000e-12      0.467  1005.2104     6.0043     89.735         12 0.0000e+00
