ctdpy/exports/archive_20200326_115716/received_data/c14_v04_19.cnv
* Sea-Bird SBE19plus Data File:
* FileName = C:\CTD\CTD 2019\k03v4\C14_K03v4_2019.hex
* Software Version 1.59
* Temperature SN =  4644
* Conductivity SN =  4644
* System UpLoad Time = Jan 24 2019 01:21:59
** C14_K03v4_2019
* ds
# nquan = 11
# nvalues = 86                          
# units = specified
# name 0 = prdM: Pressure, Strain Gauge [db]
# name 1 = c0S/m: Conductivity [S/m]
# name 2 = tv290C: Temperature [ITS-90, deg C]
# name 3 = par: PAR/Irradiance, Biospherical/Licor
# name 4 = dz/dtM: Descent Rate [m/s]
# name 5 = sbeox0ML/L: Oxygen, SBE 43 [ml/l]
# name 6 = density00: Density [density, kg/m^3]
# name 7 = sal00: Salinity, Practical [PSU]
# name 8 = depFM: Depth [fresh water, m], lat = 58
# name 9 = nbin: number of scans per bin
# name 10 = flag: flag
# span 0 =      1.000,     86.000       
# span 1 =   0.550805,   0.627646       
# span 2 =     2.0883,     3.3848       
# span 3 = 4.3617e-02, 4.3617e-02       
# span 4 =      0.058,      1.752       
# span 5 =    -2.5460,    -2.4567       
# span 6 =  1004.3108,  1005.1726       
# span 7 =     5.4090,     5.9639       
# span 8 =      1.020,     87.696       
# span 9 =          2,         11       
# span 10 = 0.0000e+00, 0.0000e+00      
# interval = decibars: 1                
# start_time = Jan 24 2019 00:58:20 [Instrument's time stamp, header]
# bad_flag = -9.990e-29
*END*
      1.000   0.550872     2.0956 4.3617e-02      0.226    -2.5355  1004.3108     5.4091      1.020          8 0.0000e+00
      2.000   0.550910     2.0967 4.3617e-02      0.263    -2.5370  1004.3159     5.4092      2.040          7 0.0000e+00
      3.000   0.550895     2.0956 4.3617e-02      0.721    -2.5374  1004.3208     5.4092      3.059          5 0.0000e+00
      4.000   0.550894     2.0944 4.3617e-02      0.912    -2.5393  1004.3258     5.4093      4.079          5 0.0000e+00
      5.000   0.550880     2.0932 4.3617e-02      0.849    -2.5363  1004.3307     5.4092      5.099          5 0.0000e+00
      6.000   0.550844     2.0911 4.3617e-02      0.858    -2.5385  1004.3355     5.4091      6.118          4 0.0000e+00
      7.000   0.550805     2.0885 4.3617e-02      0.894    -2.5387  1004.3404     5.4090      7.138          5 0.0000e+00
      8.000   0.550812     2.0883 4.3617e-02      0.919    -2.5385  1004.3454     5.4090      8.157          4 0.0000e+00
      9.000   0.550878     2.0907 4.3617e-02      0.996    -2.5389  1004.3505     5.4092      9.177          3 0.0000e+00
     10.000   0.550933     2.0931 4.3617e-02      1.112    -2.5384  1004.3555     5.4092     10.197          4 0.0000e+00
     11.000   0.551025     2.0972 4.3617e-02      1.092    -2.5406  1004.3607     5.4094     11.217          5 0.0000e+00
     12.000   0.551114     2.1013 4.3617e-02      0.883    -2.5402  1004.3658     5.4095     12.236          5 0.0000e+00
     13.000   0.551126     2.1019 4.3617e-02      0.752    -2.5403  1004.3707     5.4094     13.256          5 0.0000e+00
     14.000   0.551148     2.1025 4.3617e-02      0.770    -2.5390  1004.3756     5.4095     14.276          4 0.0000e+00
     15.000   0.551101     2.0999 4.3617e-02      0.795    -2.5409  1004.3805     5.4093     15.296          5 0.0000e+00
     16.000   0.551155     2.1029 4.3617e-02      0.976    -2.5408  1004.3854     5.4093     16.315          4 0.0000e+00
     17.000   0.551313     2.1098 4.3617e-02      1.114    -2.5400  1004.3907     5.4096     17.335          5 0.0000e+00
     18.000   0.551210     2.1043 4.3617e-02      0.699    -2.5421  1004.3954     5.4094     18.355          6 0.0000e+00
     19.000   0.551097     2.0988 4.3617e-02      0.419    -2.5417  1004.4001     5.4090     19.375          6 0.0000e+00
     20.000   0.551191     2.1027 4.3617e-02      0.774    -2.5428  1004.4053     5.4092     20.394          5 0.0000e+00
     21.000   0.551207     2.1027 4.3617e-02      0.859    -2.5407  1004.4103     5.4093     21.414          5 0.0000e+00
     22.000   0.551166     2.1001 4.3617e-02      0.794    -2.5413  1004.4151     5.4092     22.434          4 0.0000e+00
     23.000   0.551165     2.0997 4.3617e-02      0.974    -2.5442  1004.4200     5.4092     23.453          5 0.0000e+00
     24.000   0.551309     2.1064 4.3617e-02      1.000    -2.5419  1004.4252     5.4094     24.473          5 0.0000e+00
     25.000   0.551378     2.1097 4.3617e-02      0.620    -2.5429  1004.4303     5.4095     25.493          6 0.0000e+00
     26.000   0.551399     2.1107 4.3617e-02      0.577    -2.5430  1004.4352     5.4094     26.513          5 0.0000e+00
     27.000   0.551603     2.1202 4.3617e-02      0.856    -2.5418  1004.4406     5.4098     27.532          5 0.0000e+00
     28.000   0.551699     2.1249 4.3617e-02      0.956    -2.5430  1004.4457     5.4099     28.552          4 0.0000e+00
     29.000   0.551655     2.1227 4.3617e-02      0.844    -2.5427  1004.4505     5.4097     29.572          6 0.0000e+00
     30.000   0.551707     2.1254 4.3617e-02      0.586    -2.5400  1004.4554     5.4097     30.592          6 0.0000e+00
     31.000   0.551764     2.1283 4.3617e-02      0.546    -2.5435  1004.4604     5.4097     31.611          5 0.0000e+00
     32.000   0.551987     2.1400 4.3617e-02      0.666    -2.5426  1004.4656     5.4099     32.631          4 0.0000e+00
     33.000   0.552353     2.1564 4.3617e-02      1.086    -2.5433  1004.4715     5.4109     33.651          3 0.0000e+00
     34.000   0.552385     2.1587 4.3617e-02      1.469    -2.5422  1004.4763     5.4107     34.670          3 0.0000e+00
     35.000   0.552344     2.1571 4.3617e-02      1.533    -2.5361  1004.4811     5.4104     35.690          3 0.0000e+00
     36.000   0.552346     2.1583 4.3617e-02      1.317    -2.5371  1004.4859     5.4102     36.710          3 0.0000e+00
     37.000   0.552603     2.1705 4.3617e-02      1.123    -2.5418  1004.4913     5.4107     37.729          3 0.0000e+00
     38.000   0.552781     2.1791 4.3617e-02      1.213    -2.5451  1004.4965     5.4109     38.749          3 0.0000e+00
     39.000   0.553063     2.1954 4.3617e-02      1.407    -2.5454  1004.5017     5.4110     39.769          3 0.0000e+00
     40.000   0.553667     2.2243 4.3617e-02      1.467    -2.5447  1004.5080     5.4123     40.788          3 0.0000e+00
     41.000   0.553834     2.2290 4.3617e-02      1.400    -2.5404  1004.5136     5.4131     41.808          3 0.0000e+00
     42.000   0.553082     2.1952 4.3617e-02      1.298    -2.5427  1004.5165     5.4109     42.828          3 0.0000e+00
     43.000   0.552440     2.1649 4.3617e-02      1.216    -2.5460  1004.5199     5.4093     43.848          3 0.0000e+00
     44.000   0.552335     2.1591 4.3617e-02      1.265    -2.5376  1004.5246     5.4090     44.867          3 0.0000e+00
     45.000   0.552570     2.1707 4.3617e-02      1.436    -2.5339  1004.5300     5.4094     45.887          3 0.0000e+00
     46.000   0.553163     2.1985 4.3617e-02      1.521    -2.5331  1004.5362     5.4108     46.907          3 0.0000e+00
     47.000   0.553322     2.2073 4.3617e-02      1.319    -2.5283  1004.5413     5.4108     47.927          4 0.0000e+00
     48.000   0.554111     2.2514 4.3617e-02      1.021    -2.5216  1004.5471     5.4114     48.946          4 0.0000e+00
     49.000   0.555727     2.3292 4.3617e-02      0.890    -2.5229  1004.5554     5.4149     49.966          5 0.0000e+00
     50.000   0.556576     2.3736 4.3617e-02      0.859    -2.5175  1004.5615     5.4160     50.986          3 0.0000e+00
     51.000   0.557610     2.4238 4.3617e-02      0.951    -2.5148  1004.5684     5.4181     52.005          4 0.0000e+00
     52.000   0.558655     2.4715 4.3617e-02      1.150    -2.5095  1004.5756     5.4207     53.025          3 0.0000e+00
     53.000   0.559412     2.5073 4.3617e-02      1.295    -2.5066  1004.5820     5.4224     54.045          3 0.0000e+00
     54.000   0.560438     2.5477 4.3617e-02      1.323    -2.5067  1004.5900     5.4260     55.065          3 0.0000e+00
     55.000   0.561555     2.5891 4.3617e-02      1.289    -2.5003  1004.5986     5.4304     56.084          3 0.0000e+00
     56.000   0.562964     2.6343 4.3617e-02      1.274    -2.4971  1004.6090     5.4372     57.104          3 0.0000e+00
     57.000   0.564597     2.6780 4.3617e-02      1.346    -2.4878  1004.6214     5.4465     58.124          3 0.0000e+00
     58.000   0.566209     2.7132 4.3617e-02      1.427    -2.4756  1004.6347     5.4570     59.143          3 0.0000e+00
     59.000   0.567811     2.7421 4.3617e-02      1.403    -2.4675  1004.6488     5.4685     60.163          3 0.0000e+00
     60.000   0.570353     2.7810 4.3617e-02      1.309    -2.4641  1004.6693     5.4879     61.183          3 0.0000e+00
     61.000   0.575955     2.8510 4.3617e-02      1.308    -2.4631  1004.7103     5.5333     62.203          3 0.0000e+00
     62.000   0.584277     2.9456 4.3617e-02      1.429    -2.4625  1004.7699     5.6022     63.222          2 0.0000e+00
     63.000   0.594611     3.0540 4.3617e-02      1.623    -2.4642  1004.8435     5.6889     64.242          3 0.0000e+00
     64.000   0.603680     3.1459 4.3617e-02      1.752    -2.4648  1004.9087     5.7653     65.262          2 0.0000e+00
     65.000   0.610122     3.2071 4.3617e-02      1.698    -2.4615  1004.9568     5.8200     66.282          3 0.0000e+00
     66.000   0.613577     3.2364 4.3617e-02      1.440    -2.4627  1004.9852     5.8499     67.301          3 0.0000e+00
     67.000   0.614750     3.2462 4.3617e-02      1.182    -2.4637  1004.9981     5.8600     68.321          4 0.0000e+00
     68.000   0.615323     3.2518 4.3617e-02      1.301    -2.4640  1005.0067     5.8646     69.341          3 0.0000e+00
     69.000   0.615559     3.2532 4.3617e-02      0.799    -2.4628  1005.0132     5.8667     70.360         10 0.0000e+00
     70.000   0.615923     3.2575 4.3617e-02      0.058    -2.4629  1005.0204     5.8695     71.380          7 0.0000e+00
     71.000   0.616792     3.2791 4.3617e-02      0.414    -2.4615  1005.0289     5.8744     72.400         10 0.0000e+00
     72.000   0.617784     3.2701 4.3617e-02      0.266    -2.4628  1005.0432     5.8860     73.420         11 0.0000e+00
     73.000   0.618324     3.2614 4.3617e-02      0.294    -2.4630  1005.0537     5.8930     74.439          9 0.0000e+00
     74.000   0.618754     3.2644 4.3617e-02      0.634    -2.4642  1005.0616     5.8968     75.459          6 0.0000e+00
     75.000   0.619038     3.2657 4.3617e-02      0.652    -2.4626  1005.0685     5.8993     76.479          7 0.0000e+00
     76.000   0.619292     3.2685 4.3617e-02      0.532    -2.4606  1005.0750     5.9013     77.498          7 0.0000e+00
     77.000   0.620550     3.2800 4.3617e-02      0.597    -2.4619  1005.0882     5.9119     78.518          5 0.0000e+00
     78.000   0.622542     3.2916 4.3617e-02      0.822    -2.4601  1005.1074     5.9300     79.538          5 0.0000e+00
     79.000   0.623287     3.2978 4.3617e-02      0.885    -2.4601  1005.1173     5.9363     80.558          5 0.0000e+00
     80.000   0.623588     3.3024 4.3617e-02      0.785    -2.4603  1005.1238     5.9384     81.577          5 0.0000e+00
     81.000   0.624198     3.3145 4.3617e-02      0.853    -2.4589  1005.1317     5.9423     82.597          6 0.0000e+00
     82.000   0.625239     3.3347 4.3617e-02      0.366    -2.4575  1005.1418     5.9491     83.617         10 0.0000e+00
     83.000   0.626545     3.3591 4.3617e-02      0.528    -2.4569  1005.1533     5.9578     84.636          6 0.0000e+00
     84.000   0.627161     3.3730 4.3617e-02      0.639    -2.4567  1005.1609     5.9614     85.656          9 0.0000e+00
     85.000   0.627545     3.3826 4.3617e-02      0.340    -2.4577  1005.1673     5.9634     86.676          9 0.0000e+00
     86.000   0.627646     3.3848 4.3617e-02      0.541    -2.4568  1005.1726     5.9639     87.696          9 0.0000e+00
