ctdpy/exports/archive_20200326_115716/received_data/c14_v20_19.cnv
* Sea-Bird SBE19plus Data File:
* FileName = C:\CTD\CTD 2019\v20\C14_v20_19.hex
* Software Version 1.59
* Temperature SN =  4644
* Conductivity SN =  4644
* System UpLoad Time = May 15 2019 19:07:30
** 2019 K14 V20 C14
* ds
# nquan = 11
# nvalues = 87                          
# units = specified
# name 0 = prdM: Pressure, Strain Gauge [db]
# name 1 = c0S/m: Conductivity [S/m]
# name 2 = tv290C: Temperature [ITS-90, deg C]
# name 3 = par: PAR/Irradiance, Biospherical/Licor
# name 4 = dz/dtM: Descent Rate [m/s]
# name 5 = sbeox0ML/L: Oxygen, SBE 43 [ml/l]
# name 6 = density00: Density [density, kg/m^3]
# name 7 = sal00: Salinity, Practical [PSU]
# name 8 = depFM: Depth [fresh water, m], lat = 58
# name 9 = nbin: number of scans per bin
# name 10 = flag: flag
# span 0 =      1.000,     87.000       
# span 1 =   0.562907,   0.634806       
# span 2 =     1.8066,     3.4854       
# span 3 = 6.7760e-02, 5.4726e+02       
# span 4 =     -0.236,      0.870       
# span 5 =     5.2074,    10.1433       
# span 6 =  1004.2992,  1005.2219       
# span 7 =     5.3925,     6.0213       
# span 8 =      1.020,     88.715       
# span 9 =          4,         24       
# span 10 = 0.0000e+00, 0.0000e+00      
# interval = decibars: 1                
# start_time = May 15 2019 18:39:07 [Instrument's time stamp, header]
# bad_flag = -9.990e-29
*END*
      1.000   0.572172     3.4854 5.4726e+02     -0.236    10.1433  1004.2992     5.3934      1.020          6 0.0000e+00
      2.000   0.571704     3.4590 2.6707e+02      0.531    10.1035  1004.3040     5.3930      2.039          7 0.0000e+00
      3.000   0.571116     3.4258 1.7369e+02      0.434    10.0953  1004.3089     5.3925      3.059         11 0.0000e+00
      4.000   0.570982     3.4148 1.0441e+02      0.365    10.0814  1004.3142     5.3928      4.079         11 0.0000e+00
      5.000   0.570893     3.4064 6.7869e+01      0.399    10.0783  1004.3195     5.3932      5.099          9 0.0000e+00
      6.000   0.570834     3.3998 4.3918e+01      0.483    10.0797  1004.3248     5.3937      6.118          8 0.0000e+00
      7.000   0.570810     3.3954 2.9391e+01      0.499    10.0860  1004.3301     5.3940      7.138          8 0.0000e+00
      8.000   0.570794     3.3920 2.0521e+01      0.500    10.0820  1004.3353     5.3943      8.158          8 0.0000e+00
      9.000   0.570807     3.3901 1.4338e+01      0.499    10.0828  1004.3405     5.3947      9.177          8 0.0000e+00
     10.000   0.570814     3.3883 1.0367e+01      0.509    10.0882  1004.3456     5.3949     10.197          8 0.0000e+00
     11.000   0.570824     3.3873 7.4458e+00      0.498    10.0787  1004.3507     5.3951     11.217          8 0.0000e+00
     12.000   0.570823     3.3853 5.4451e+00      0.535    10.0782  1004.3558     5.3953     12.237          7 0.0000e+00
     13.000   0.570717     3.3753 4.0430e+00      0.499    10.0752  1004.3612     5.3958     13.256          8 0.0000e+00
     14.000   0.570681     3.3711 3.0147e+00      0.560    10.0701  1004.3664     5.3961     14.276          7 0.0000e+00
     15.000   0.570654     3.3681 2.3153e+00      0.499    10.0734  1004.3714     5.3962     15.296          8 0.0000e+00
     16.000   0.570665     3.3675 1.7491e+00      0.569    10.0675  1004.3764     5.3963     16.316          7 0.0000e+00
     17.000   0.570606     3.3625 1.3656e+00      0.524    10.0758  1004.3815     5.3965     17.335          8 0.0000e+00
     18.000   0.570673     3.3655 1.0507e+00      0.569    10.0876  1004.3865     5.3965     18.355          6 0.0000e+00
     19.000   0.570683     3.3650 8.1753e-01      0.616    10.0805  1004.3914     5.3966     19.375          7 0.0000e+00
     20.000   0.570510     3.3529 6.3978e-01      0.619    10.0681  1004.3966     5.3968     20.394          6 0.0000e+00
     21.000   0.570383     3.3437 5.0062e-01      0.685    10.0669  1004.4017     5.3969     21.414          6 0.0000e+00
     22.000   0.570383     3.3422 4.0219e-01      0.627    10.0735  1004.4068     5.3971     22.434          6 0.0000e+00
     23.000   0.570387     3.3409 3.2168e-01      0.627    10.0620  1004.4118     5.3972     23.453          6 0.0000e+00
     24.000   0.570240     3.3306 2.6202e-01      0.680    10.0315  1004.4169     5.3974     24.473          7 0.0000e+00
     25.000   0.569557     3.2881 2.1813e-01      0.623     9.9753  1004.4223     5.3975     25.493          6 0.0000e+00
     26.000   0.567993     3.1908 1.8149e-01      0.675     9.9300  1004.4281     5.3978     26.513          6 0.0000e+00
     27.000   0.567387     3.1397 1.5573e-01      0.679     9.9154  1004.4352     5.4001     27.532          6 0.0000e+00
     28.000   0.567610     3.1307 1.3624e-01      0.637     9.9112  1004.4431     5.4037     28.552          5 0.0000e+00
     29.000   0.567715     3.1177 1.2086e-01      0.721     9.8994  1004.4507     5.4069     29.572          5 0.0000e+00
     30.000   0.568091     3.1215 1.0966e-01      0.795     9.8330  1004.4580     5.4100     30.591          6 0.0000e+00
     31.000   0.568547     3.1227 1.0152e-01      0.776     9.6918  1004.4664     5.4143     31.611          5 0.0000e+00
     32.000   0.569108     3.1094 9.5198e-02      0.817     9.6056  1004.4777     5.4222     32.631          4 0.0000e+00
     33.000   0.569276     3.0147 8.9918e-02      0.870     9.5609  1004.4971     5.4398     33.651          5 0.0000e+00
     34.000   0.566793     2.7734 8.6370e-02      0.803     9.4891  1004.5149     5.4553     34.671          5 0.0000e+00
     35.000   0.564457     2.5600 8.3391e-02      0.795     9.3034  1004.5294     5.4676     35.690          5 0.0000e+00
     36.000   0.563938     2.4464 8.1441e-02      0.847     9.1005  1004.5451     5.4816     36.710          5 0.0000e+00
     37.000   0.563849     2.3746 7.9700e-02      0.813     9.0514  1004.5588     5.4929     37.730          5 0.0000e+00
     38.000   0.564133     2.3458 7.8258e-02      0.756     9.1716  1004.5699     5.5008     38.749          5 0.0000e+00
     39.000   0.563363     2.2645 7.6973e-02      0.813     9.2506  1004.5790     5.5068     39.769          5 0.0000e+00
     40.000   0.562907     2.2071 7.6219e-02      0.845     9.3988  1004.5876     5.5119     40.789          5 0.0000e+00
     41.000   0.566699     2.3729 7.5618e-02      0.785     9.5392  1004.6022     5.5225     41.808          5 0.0000e+00
     42.000   0.572886     2.6381 7.4964e-02      0.811     9.6050  1004.6225     5.5405     42.828          5 0.0000e+00
     43.000   0.574944     2.7074 7.4451e-02      0.849     9.5855  1004.6348     5.5497     43.848          5 0.0000e+00
     44.000   0.575827     2.7251 7.3894e-02      0.778     9.5168  1004.6445     5.5556     44.868          5 0.0000e+00
     45.000   0.576288     2.7252 7.3669e-02      0.745     9.3188  1004.6532     5.5602     45.887          5 0.0000e+00
     46.000   0.577062     2.7333 7.3239e-02      0.817     9.1744  1004.6632     5.5667     46.907          5 0.0000e+00
     47.000   0.576842     2.7010 7.3128e-02      0.726     9.1492  1004.6708     5.5700     47.927          6 0.0000e+00
     48.000   0.576118     2.6176 7.2983e-02      0.639     9.0961  1004.6812     5.5769     48.946          6 0.0000e+00
     49.000   0.574892     2.5075 7.2701e-02      0.697     9.0110  1004.6911     5.5834     49.966          6 0.0000e+00
     50.000   0.574725     2.4602 7.2570e-02      0.628     9.0480  1004.7011     5.5899     50.986          7 0.0000e+00
     51.000   0.575029     2.4306 7.2435e-02      0.646     8.9936  1004.7125     5.5981     52.006          6 0.0000e+00
     52.000   0.574506     2.3254 7.2234e-02      0.651     9.0625  1004.7273     5.6111     53.025          6 0.0000e+00
     53.000   0.571841     2.1325 7.2199e-02      0.571     9.0570  1004.7358     5.6173     54.045          7 0.0000e+00
     54.000   0.567841     1.8726 7.2024e-02      0.635     8.8456  1004.7412     5.6213     55.065          6 0.0000e+00
     55.000   0.567610     1.8230 7.1956e-02      0.589     8.7770  1004.7506     5.6276     56.084          7 0.0000e+00
     56.000   0.570987     1.9924 7.1946e-02      0.602     8.6470  1004.7618     5.6330     57.104          7 0.0000e+00
     57.000   0.574331     2.1396 7.1884e-02      0.660     8.6453  1004.7753     5.6418     58.124          6 0.0000e+00
     58.000   0.575669     2.1892 7.1761e-02      0.596     8.7752  1004.7848     5.6469     59.144          6 0.0000e+00
     59.000   0.576012     2.1971 7.1763e-02      0.648     8.7731  1004.7915     5.6489     60.163          7 0.0000e+00
     60.000   0.576070     2.1840 7.1629e-02      0.625     8.8738  1004.7986     5.6518     61.183          6 0.0000e+00
     61.000   0.575361     2.1231 7.1568e-02      0.573     8.8900  1004.8057     5.6551     62.202          7 0.0000e+00
     62.000   0.574334     2.0377 7.1590e-02      0.626     8.8559  1004.8133     5.6595     63.222          7 0.0000e+00
     63.000   0.573513     1.9506 7.1411e-02      0.553     8.8956  1004.8229     5.6663     64.242          7 0.0000e+00
     64.000   0.572683     1.8596 7.1415e-02      0.603     8.7295  1004.8328     5.6738     65.261          6 0.0000e+00
     65.000   0.572824     1.8066 7.1406e-02      0.590     8.6733  1004.8458     5.6848     66.281          7 0.0000e+00
     66.000   0.573544     1.8243 7.1227e-02      0.577     8.5761  1004.8545     5.6891     67.301          7 0.0000e+00
     67.000   0.575305     1.8853 7.1062e-02      0.642     8.4551  1004.8663     5.6967     68.321          6 0.0000e+00
     68.000   0.577442     1.9551 7.1145e-02      0.570     8.4326  1004.8799     5.7065     69.341          7 0.0000e+00
     69.000   0.579540     2.0168 7.1097e-02      0.634     8.2264  1004.8943     5.7174     70.360          6 0.0000e+00
     70.000   0.581689     2.0994 7.1022e-02      0.635     8.1562  1004.9060     5.7250     71.380          7 0.0000e+00
     71.000   0.585461     2.2251 7.0874e-02      0.592     8.0074  1004.9253     5.7417     72.400          6 0.0000e+00
     72.000   0.589528     2.3536 7.0796e-02      0.645     7.8600  1004.9463     5.7609     73.419          7 0.0000e+00
     73.000   0.593275     2.4756 7.0775e-02      0.576     7.7180  1004.9650     5.7777     74.439          7 0.0000e+00
     74.000   0.598607     2.6152 7.0714e-02      0.614     7.3943  1004.9941     5.8077     75.459          6 0.0000e+00
     75.000   0.604448     2.7559 7.0660e-02      0.622     7.2157  1005.0266     5.8425     76.479          7 0.0000e+00
     76.000   0.611195     2.8966 7.0654e-02      0.589     6.8979  1005.0660     5.8863     77.498          6 0.0000e+00
     77.000   0.616067     3.0180 7.0576e-02      0.658     6.6978  1005.0923     5.9141     78.518          7 0.0000e+00
     78.000   0.619203     3.0925 7.0567e-02      0.570     6.5844  1005.1113     5.9324     79.538          7 0.0000e+00
     79.000   0.622233     3.1546 7.0501e-02      0.584     6.3157  1005.1312     5.9519     80.557          6 0.0000e+00
     80.000   0.624165     3.2054 7.0366e-02      0.580     6.2160  1005.1439     5.9622     81.577          8 0.0000e+00
     81.000   0.626061     3.2457 7.0287e-02      0.547     6.0335  1005.1578     5.9740     82.597          7 0.0000e+00
     82.000   0.627233     3.2795 7.0178e-02      0.604     5.9086  1005.1668     5.9796     83.617          7 0.0000e+00
     83.000   0.626398     3.3022 7.0018e-02      0.357     5.7543  1005.1612     5.9668     84.636         13 0.0000e+00
     84.000   0.629022     3.3468 6.9247e-02      0.137     5.5397  1005.1802     5.9852     85.656          8 0.0000e+00
     85.000   0.631284     3.3916 6.8616e-02      0.119     5.5614  1005.1962     5.9998     86.676         24 0.0000e+00
     86.000   0.634312     3.4478 6.8038e-02      0.239     5.6332  1005.2164     6.0201     87.696         18 0.0000e+00
     87.000   0.634806     3.4680 6.7760e-02      0.203     5.2074  1005.2219     6.0213     88.715          4 0.0000e+00
