ctdpy/exports/archive_20200326_115716/received_data/c14_v50_19.cnv
* Sea-Bird SBE19plus Data File:
* FileName = C:\CTD\CTD 2019\v50\C14_v50_19.hex
* Software Version 1.59
* Temperature SN =  4644
* Conductivity SN =  4644
* System UpLoad Time = Dec 10 2019 13:45:53
** C14_v50_19
* ds
# nquan = 11
# nvalues = 85                          
# units = specified
# name 0 = prdM: Pressure, Strain Gauge [db]
# name 1 = c0S/m: Conductivity [S/m]
# name 2 = tv290C: Temperature [ITS-90, deg C]
# name 3 = par: PAR/Irradiance, Biospherical/Licor
# name 4 = dz/dtM: Descent Rate [m/s]
# name 5 = sbeox0ML/L: Oxygen, SBE 43 [ml/l]
# name 6 = density00: Density [density, kg/m^3]
# name 7 = sal00: Salinity, Practical [PSU]
# name 8 = depFM: Depth [fresh water, m], lat = 58
# name 9 = nbin: number of scans per bin
# name 10 = flag: flag
# span 0 =      1.000,     85.000       
# span 1 =   0.558602,   0.651349       
# span 2 =     3.1739,     3.7760       
# span 3 = 4.6121e-02, 2.1917e+01       
# span 4 =     -0.072,      0.720       
# span 5 =     4.6553,     8.1617       
# span 6 =  1004.1820,  1005.3502       
# span 7 =     5.2474,     6.1944       
# span 8 =      1.020,     86.676       
# span 9 =          5,         18       
# span 10 = 0.0000e+00, 0.0000e+00      
# interval = decibars: 1                
# start_time = Dec 10 2019 13:17:15 [Instrument's time stamp, header]
# bad_flag = -9.990e-29
*END*
      1.000   0.558907     3.5615 2.1917e+01     -0.072     7.7395  1004.1820     5.2474      1.020         10 0.0000e+00
      2.000   0.558638     3.5241 1.4971e+01      0.252     8.1617  1004.1899     5.2507      2.039         14 0.0000e+00
      3.000   0.558666     3.5238 9.5603e+00      0.362     7.9825  1004.1950     5.2509      3.059         11 0.0000e+00
      4.000   0.558643     3.5242 6.7104e+00      0.398     8.0512  1004.1996     5.2505      4.079          9 0.0000e+00
      5.000   0.558642     3.5236 5.1109e+00      0.459     7.9940  1004.2045     5.2505      5.098          9 0.0000e+00
      6.000   0.558609     3.5225 3.6822e+00      0.463     8.0678  1004.2093     5.2503      6.118          8 0.0000e+00
      7.000   0.558602     3.5212 2.8095e+00      0.478     8.1137  1004.2142     5.2503      7.138          9 0.0000e+00
      8.000   0.558620     3.5212 2.0949e+00      0.518     8.0823  1004.2192     5.2504      8.158          7 0.0000e+00
      9.000   0.558655     3.5219 1.6098e+00      0.510     8.0844  1004.2242     5.2506      9.177          8 0.0000e+00
     10.000   0.558653     3.5215 1.2684e+00      0.526     8.0227  1004.2291     5.2505     10.197          8 0.0000e+00
     11.000   0.558658     3.5209 1.0043e+00      0.535     8.0292  1004.2341     5.2505     11.217          7 0.0000e+00
     12.000   0.558689     3.5207 7.9995e-01      0.539     8.0275  1004.2392     5.2508     12.237          7 0.0000e+00
     13.000   0.558714     3.5207 6.4280e-01      0.541     8.0626  1004.2442     5.2509     13.256          8 0.0000e+00
     14.000   0.558728     3.5208 5.1107e-01      0.567     8.0194  1004.2491     5.2509     14.276          7 0.0000e+00
     15.000   0.558724     3.5208 4.2100e-01      0.564     8.1103  1004.2539     5.2508     15.296          7 0.0000e+00
     16.000   0.558704     3.5217 3.3941e-01      0.556     8.0838  1004.2585     5.2504     16.316          7 0.0000e+00
     17.000   0.558705     3.5239 2.7979e-01      0.605     7.9461  1004.2630     5.2499     17.335          7 0.0000e+00
     18.000   0.558923     3.5321 2.3361e-01      0.506     8.0844  1004.2685     5.2507     18.355          7 0.0000e+00
     19.000   0.559415     3.5445 1.8917e-01      0.616     8.0421  1004.2755     5.2535     19.375          7 0.0000e+00
     20.000   0.560222     3.5589 1.6078e-01      0.575     8.0849  1004.2848     5.2592     20.394          7 0.0000e+00
     21.000   0.561230     3.5710 1.3606e-01      0.560     8.0823  1004.2960     5.2672     21.414          7 0.0000e+00
     22.000   0.562236     3.5840 1.1666e-01      0.623     8.0571  1004.3070     5.2751     22.434          6 0.0000e+00
     23.000   0.563082     3.5940 1.0106e-01      0.599     8.0323  1004.3172     5.2819     23.453          7 0.0000e+00
     24.000   0.564256     3.6092 9.0240e-02      0.565     8.0794  1004.3292     5.2911     24.473          7 0.0000e+00
     25.000   0.565674     3.6248 8.1587e-02      0.579     8.0705  1004.3432     5.3026     25.493          7 0.0000e+00
     26.000   0.566505     3.6339 7.4004e-02      0.638     8.0389  1004.3533     5.3094     26.513          6 0.0000e+00
     27.000   0.567203     3.6417 6.8631e-02      0.620     8.0127  1004.3626     5.3150     27.532          7 0.0000e+00
     28.000   0.568019     3.6518 6.4707e-02      0.581     8.0701  1004.3725     5.3215     28.552          6 0.0000e+00
     29.000   0.569666     3.6701 6.1297e-02      0.603     7.9850  1004.3879     5.3348     29.572          6 0.0000e+00
     30.000   0.571503     3.6911 5.8413e-02      0.700     7.9265  1004.4043     5.3497     30.591          7 0.0000e+00
     31.000   0.573537     3.7117 5.6584e-02      0.557     7.9065  1004.4224     5.3666     31.611          7 0.0000e+00
     32.000   0.576308     3.7352 5.4841e-02      0.630     7.8627  1004.4458     5.3903     32.631          6 0.0000e+00
     33.000   0.579331     3.7536 5.3512e-02      0.588     7.8191  1004.4720     5.4174     33.651          7 0.0000e+00
     34.000   0.581357     3.7621 5.2440e-02      0.639     7.7416  1004.4917     5.4362     34.670          6 0.0000e+00
     35.000   0.582672     3.7669 5.1595e-02      0.612     7.7750  1004.5063     5.4484     35.690          6 0.0000e+00
     36.000   0.584539     3.7737 5.0789e-02      0.624     7.6875  1004.5250     5.4659     36.710          6 0.0000e+00
     37.000   0.589143     3.7760 5.0222e-02      0.692     7.6400  1004.5661     5.5114     37.730          7 0.0000e+00
     38.000   0.594403     3.7499 4.9819e-02      0.548     7.5949  1004.6169     5.5685     38.749          7 0.0000e+00
     39.000   0.598982     3.7157 4.9394e-02      0.669     7.3746  1004.6635     5.6202     39.769          5 0.0000e+00
     40.000   0.601165     3.6713 4.9072e-02      0.720     7.2130  1004.6926     5.6497     40.789          7 0.0000e+00
     41.000   0.603575     3.5874 4.8792e-02      0.565     7.1597  1004.7297     5.6885     41.809          6 0.0000e+00
     42.000   0.606472     3.5073 4.8578e-02      0.617     6.9095  1004.7701     5.7318     42.828          7 0.0000e+00
     43.000   0.608309     3.4183 4.8421e-02      0.617     6.8612  1004.8035     5.7661     43.848          6 0.0000e+00
     44.000   0.609700     3.3568 4.8172e-02      0.584     6.7196  1004.8290     5.7911     44.868          7 0.0000e+00
     45.000   0.610630     3.3194 4.8059e-02      0.678     6.6296  1004.8471     5.8071     45.887          6 0.0000e+00
     46.000   0.611372     3.2892 4.7909e-02      0.601     6.5881  1004.8626     5.8200     46.907          7 0.0000e+00
     47.000   0.611905     3.2658 4.7741e-02      0.612     6.4997  1004.8754     5.8296     47.926          6 0.0000e+00
     48.000   0.612512     3.2412 4.7722e-02      0.607     6.5007  1004.8890     5.8401     48.946          7 0.0000e+00
     49.000   0.614209     3.2155 4.7621e-02      0.568     6.4316  1004.9115     5.8620     49.966          7 0.0000e+00
     50.000   0.617061     3.2203 4.7461e-02      0.610     6.3628  1004.9389     5.8901     50.986          6 0.0000e+00
     51.000   0.619962     3.2294 4.7442e-02      0.626     6.1752  1004.9659     5.9180     52.006          7 0.0000e+00
     52.000   0.621539     3.2265 4.7354e-02      0.646     6.0763  1004.9841     5.9346     53.025          6 0.0000e+00
     53.000   0.622763     3.2041 4.7341e-02      0.556     6.0450  1005.0024     5.9511     54.045          7 0.0000e+00
     54.000   0.623597     3.1739 4.7282e-02      0.636     5.9435  1005.0188     5.9651     55.065          7 0.0000e+00
     55.000   0.624357     3.1825 4.7243e-02      0.481     6.1099  1005.0284     5.9712     56.084          8 0.0000e+00
     56.000   0.626653     3.1970 4.7230e-02      0.520     5.9484  1005.0497     5.9919     57.104          7 0.0000e+00
     57.000   0.628355     3.1915 4.7185e-02      0.570     5.8029  1005.0693     6.0102     58.124          8 0.0000e+00
     58.000   0.629808     3.1934 4.7135e-02      0.556     5.6159  1005.0857     6.0246     59.144          7 0.0000e+00
     59.000   0.631154     3.2080 4.7079e-02      0.549     5.5284  1005.0992     6.0356     60.163          7 0.0000e+00
     60.000   0.633305     3.2387 4.7031e-02      0.539     5.4659  1005.1167     6.0518     61.183          7 0.0000e+00
     61.000   0.635767     3.2745 4.6985e-02      0.576     5.3617  1005.1359     6.0701     62.203          8 0.0000e+00
     62.000   0.637871     3.3054 4.6959e-02      0.542     5.2973  1005.1528     6.0857     63.222          7 0.0000e+00
     63.000   0.639223     3.3211 4.6933e-02      0.487     5.3107  1005.1661     6.0964     64.242          8 0.0000e+00
     64.000   0.640651     3.3341 4.6894e-02      0.562     5.1857  1005.1804     6.1085     65.262          7 0.0000e+00
     65.000   0.641964     3.3538 4.6867e-02      0.582     5.0511  1005.1927     6.1180     66.282          7 0.0000e+00
     66.000   0.643972     3.3856 4.6804e-02      0.487     5.0621  1005.2087     6.1324     67.301          8 0.0000e+00
     67.000   0.647198     3.4154 4.6794e-02      0.536     4.9307  1005.2348     6.1595     68.321          8 0.0000e+00
     68.000   0.648386     3.4254 4.6812e-02      0.503     4.8167  1005.2476     6.1696     69.341          8 0.0000e+00
     69.000   0.649500     3.4326 4.6703e-02      0.505     4.7772  1005.2603     6.1795     70.360          7 0.0000e+00
     70.000   0.649956     3.4343 4.6709e-02      0.571     4.7058  1005.2685     6.1837     71.380          8 0.0000e+00
     71.000   0.650431     3.4384 4.6686e-02      0.480     4.7069  1005.2765     6.1876     72.400          7 0.0000e+00
     72.000   0.650676     3.4409 4.6669e-02      0.516     4.6553  1005.2829     6.1895     73.420          9 0.0000e+00
     73.000   0.650910     3.4423 4.6625e-02      0.482     4.7158  1005.2894     6.1915     74.439          7 0.0000e+00
     74.000   0.650997     3.4426 4.6605e-02      0.562     4.7187  1005.2948     6.1923     75.459          8 0.0000e+00
     75.000   0.651093     3.4431 4.6598e-02      0.460     4.6915  1005.3003     6.1930     76.479          8 0.0000e+00
     76.000   0.651136     3.4433 4.6544e-02      0.492     4.6894  1005.3054     6.1933     77.498          9 0.0000e+00
     77.000   0.651156     3.4436 4.6514e-02      0.436     4.8082  1005.3104     6.1933     78.518          9 0.0000e+00
     78.000   0.651198     3.4437 4.6473e-02      0.513     4.9467  1005.3155     6.1936     79.538          8 0.0000e+00
     79.000   0.651278     3.4438 4.6475e-02      0.460     4.9239  1005.3209     6.1943     80.557          8 0.0000e+00
     80.000   0.651294     3.4439 4.6395e-02      0.511     4.9035  1005.3259     6.1943     81.577          8 0.0000e+00
     81.000   0.651309     3.4439 4.6338e-02      0.442     4.8902  1005.3308     6.1944     82.597          9 0.0000e+00
     82.000   0.651317     3.4440 4.6343e-02      0.527     4.8852  1005.3357     6.1943     83.617          8 0.0000e+00
     83.000   0.651332     3.4440 4.6271e-02      0.430     4.8836  1005.3406     6.1944     84.636          9 0.0000e+00
     84.000   0.651342     3.4446 4.6222e-02      0.380     4.8741  1005.3454     6.1942     85.656         15 0.0000e+00
     85.000   0.651349     3.4448 4.6121e-02      0.184     4.8698  1005.3502     6.1942     86.676         18 0.0000e+00
