ctdpy/exports/archive_20200326_115716/received_data/c24_v24_19.cnv
* Sea-Bird SBE19plus Data File:
* FileName = C:\CTD\CTD 2019\v24\C24_v24_19.hex
* Software Version 1.59
* Temperature SN =  4644
* Conductivity SN =  4644
* System UpLoad Time = Jun 10 2019 16:06:14
** C24_v24_19
* ds
# nquan = 11
# nvalues = 71                          
# units = specified
# name 0 = prdM: Pressure, Strain Gauge [db]
# name 1 = c0S/m: Conductivity [S/m]
# name 2 = tv290C: Temperature [ITS-90, deg C]
# name 3 = par: PAR/Irradiance, Biospherical/Licor
# name 4 = dz/dtM: Descent Rate [m/s]
# name 5 = sbeox0ML/L: Oxygen, SBE 43 [ml/l]
# name 6 = density00: Density [density, kg/m^3]
# name 7 = sal00: Salinity, Practical [PSU]
# name 8 = depFM: Depth [fresh water, m], lat = 58
# name 9 = nbin: number of scans per bin
# name 10 = flag: flag
# span 0 =      1.000,     71.000       
# span 1 =   0.562102,   0.665945       
# span 2 =     2.1179,     9.9158       
# span 3 = 6.3530e-02, 1.0803e+03       
# span 4 =      0.028,      0.536       
# span 5 =     7.3330,     8.9281       
# span 6 =  1003.8340,  1004.7820       
# span 7 =     5.2590,     5.5609       
# span 8 =      1.020,     72.400       
# span 9 =          7,         18       
# span 10 = 0.0000e+00, 0.0000e+00      
# interval = decibars: 1                
# start_time = Jun 10 2019 15:36:31 [Instrument's time stamp, header]
# bad_flag = -9.990e-29
*END*
      1.000   0.665334     9.8649 1.0803e+03      0.028     7.7441  1003.8340     5.2616      1.020          9 0.0000e+00
      2.000   0.665029     9.8642 6.9173e+02      0.358     8.2650  1003.8368     5.2590      2.040         10 0.0000e+00
      3.000   0.665533     9.8923 4.2228e+02      0.446     7.9689  1003.8388     5.2592      3.059          9 0.0000e+00
      4.000   0.665945     9.9158 3.5871e+02      0.442     7.8399  1003.8412     5.2591      4.079          9 0.0000e+00
      5.000   0.665774     9.9053 2.3929e+02      0.491     8.0600  1003.8470     5.2592      5.099          8 0.0000e+00
      6.000   0.665393     9.8840 1.6717e+02      0.493     8.1758  1003.8537     5.2590      6.118          8 0.0000e+00
      7.000   0.664569     9.8184 1.2619e+02      0.504     8.2487  1003.8669     5.2614      7.138          8 0.0000e+00
      8.000   0.660487     9.5232 9.7010e+01      0.527     8.2696  1003.9069     5.2696      8.158          7 0.0000e+00
      9.000   0.655985     9.1727 7.2466e+01      0.536     8.3893  1003.9545     5.2823      9.177          8 0.0000e+00
     10.000   0.649808     8.6980 5.5792e+01      0.529     8.3684  1004.0140     5.2991     10.197          8 0.0000e+00
     11.000   0.640511     7.9867 4.2327e+01      0.515     8.2733  1004.0956     5.3240     11.217          8 0.0000e+00
     12.000   0.629730     7.1969 3.3204e+01      0.397     8.6122  1004.1747     5.3478     12.236         10 0.0000e+00
     13.000   0.621157     6.7022 2.5787e+01      0.433     8.7217  1004.2089     5.3460     13.256          9 0.0000e+00
     14.000   0.618833     6.4562 2.0175e+01      0.416     8.7578  1004.2408     5.3629     14.276         10 0.0000e+00
     15.000   0.616182     6.1921 1.5552e+01      0.438     8.7065  1004.2729     5.3798     15.296          9 0.0000e+00
     16.000   0.614130     6.0360 1.2033e+01      0.427     8.6272  1004.2898     5.3852     16.315         10 0.0000e+00
     17.000   0.614133     5.9381 9.4194e+00      0.404     8.7725  1004.3117     5.4007     17.335          9 0.0000e+00
     18.000   0.612441     5.8416 7.2419e+00      0.448     8.6642  1004.3205     5.4001     18.355          9 0.0000e+00
     19.000   0.610899     5.6770 5.7345e+00      0.428     8.7213  1004.3420     5.4118     19.375          9 0.0000e+00
     20.000   0.609199     5.5669 4.5206e+00      0.439     8.7424  1004.3527     5.4132     20.394         10 0.0000e+00
     21.000   0.607147     5.4295 3.5854e+00      0.437     8.7746  1004.3652     5.4157     21.414          9 0.0000e+00
     22.000   0.604897     5.3129 2.8671e+00      0.450     8.7041  1004.3725     5.4129     22.434          9 0.0000e+00
     23.000   0.603526     5.2141 2.2899e+00      0.439     8.7393  1004.3833     5.4157     23.454          9 0.0000e+00
     24.000   0.601930     5.1234 1.8397e+00      0.436     8.7261  1004.3909     5.4149     24.473          9 0.0000e+00
     25.000   0.600672     5.0238 1.4794e+00      0.428     8.7486  1004.4024     5.4189     25.493          9 0.0000e+00
     26.000   0.598164     4.8606 1.1983e+00      0.433     8.7145  1004.4144     5.4211     26.513         10 0.0000e+00
     27.000   0.595932     4.7775 9.6972e-01      0.433     8.8001  1004.4154     5.4129     27.532          9 0.0000e+00
     28.000   0.594336     4.6777 7.8442e-01      0.436     8.8096  1004.4238     5.4136     28.552          9 0.0000e+00
     29.000   0.592276     4.5056 6.3533e-01      0.420     8.8312  1004.4398     5.4216     29.572         10 0.0000e+00
     30.000   0.587773     4.2219 5.1783e-01      0.423     8.8393  1004.4536     5.4240     30.592          9 0.0000e+00
     31.000   0.583467     3.9453 4.2565e-01      0.408     8.9281  1004.4666     5.4270     31.611         10 0.0000e+00
     32.000   0.579465     3.7450 3.4972e-01      0.449     8.8874  1004.4695     5.4203     32.631          9 0.0000e+00
     33.000   0.578134     3.5990 2.9032e-01      0.429     8.7965  1004.4852     5.4312     33.651          9 0.0000e+00
     34.000   0.575515     3.4508 2.4261e-01      0.418     8.8702  1004.4906     5.4295     34.670          9 0.0000e+00
     35.000   0.573712     3.3222 2.0442e-01      0.430     8.7904  1004.4994     5.4328     35.690         10 0.0000e+00
     36.000   0.572914     3.2755 1.7467e-01      0.435     8.8619  1004.5044     5.4325     36.710          9 0.0000e+00
     37.000   0.570926     3.1024 1.5117e-01      0.445     8.8518  1004.5176     5.4414     37.730          9 0.0000e+00
     38.000   0.567536     2.8771 1.3268e-01      0.432     8.7304  1004.5261     5.4448     38.749         10 0.0000e+00
     39.000   0.565230     2.7401 1.1768e-01      0.415     8.7007  1004.5308     5.4443     39.769          9 0.0000e+00
     40.000   0.564589     2.6921 1.0578e-01      0.429     8.6937  1004.5369     5.4458     40.788          9 0.0000e+00
     41.000   0.564400     2.6523 9.6433e-02      0.462     8.5394  1004.5456     5.4505     41.808          9 0.0000e+00
     42.000   0.564407     2.6366 8.9507e-02      0.427     8.5134  1004.5526     5.4531     42.828          9 0.0000e+00
     43.000   0.564063     2.5893 8.4304e-02      0.418     8.5333  1004.5610     5.4576     43.848         10 0.0000e+00
     44.000   0.563387     2.5366 7.9846e-02      0.442     8.4396  1004.5674     5.4595     44.867          9 0.0000e+00
     45.000   0.563636     2.5134 7.6399e-02      0.403     8.3637  1004.5774     5.4660     45.887         10 0.0000e+00
     46.000   0.564559     2.5749 7.3641e-02      0.404     8.2831  1004.5816     5.4649     46.907         10 0.0000e+00
     47.000   0.566475     2.6665 7.1739e-02      0.384     8.1407  1004.5899     5.4689     47.927         11 0.0000e+00
     48.000   0.568369     2.7228 7.0338e-02      0.293     7.8572  1004.6027     5.4786     48.946         16 0.0000e+00
     49.000   0.568900     2.7496 6.9275e-02      0.212     7.9165  1004.6083     5.4794     49.966         18 0.0000e+00
     50.000   0.568666     2.7756 6.8514e-02      0.293     8.1834  1004.6076     5.4725     50.986         12 0.0000e+00
     51.000   0.569318     2.7918 6.7878e-02      0.317     8.2435  1004.6156     5.4763     52.006         12 0.0000e+00
     52.000   0.569820     2.7889 6.7562e-02      0.410     8.1902  1004.6250     5.4818     53.025         10 0.0000e+00
     53.000   0.568024     2.6004 6.6994e-02      0.360     8.3471  1004.6408     5.4956     54.045         11 0.0000e+00
     54.000   0.565401     2.3952 6.6827e-02      0.371     8.1907  1004.6516     5.5038     55.065         11 0.0000e+00
     55.000   0.564119     2.2884 6.6490e-02      0.354     8.1633  1004.6600     5.5088     56.084         12 0.0000e+00
     56.000   0.563693     2.2506 6.6278e-02      0.330     8.0926  1004.6663     5.5108     57.104         12 0.0000e+00
     57.000   0.563653     2.2354 6.6086e-02      0.324     7.8722  1004.6728     5.5129     58.124         12 0.0000e+00
     58.000   0.563445     2.2108 6.6067e-02      0.328     7.7319  1004.6792     5.5149     59.144         13 0.0000e+00
     59.000   0.563214     2.1820 6.5790e-02      0.289     7.7390  1004.6859     5.5174     60.163         13 0.0000e+00
     60.000   0.563059     2.1734 6.5812e-02      0.288     7.6623  1004.6907     5.5172     61.183         14 0.0000e+00
     61.000   0.562463     2.1375 6.5655e-02      0.318     7.7003  1004.6952     5.5171     62.203         13 0.0000e+00
     62.000   0.562333     2.1179 6.5556e-02      0.296     7.6128  1004.7015     5.5191     63.222         13 0.0000e+00
     63.000   0.562102     2.1213 6.5462e-02      0.324     7.6126  1004.7040     5.5159     64.242         12 0.0000e+00
     64.000   0.562277     2.1524 6.5323e-02      0.330     7.5238  1004.7063     5.5122     65.262         12 0.0000e+00
     65.000   0.564628     2.3398 6.5356e-02      0.334     7.4213  1004.7060     5.5041     66.282         12 0.0000e+00
     66.000   0.569790     2.6225 6.5280e-02      0.333     7.3330  1004.7155     5.5087     67.301         12 0.0000e+00
     67.000   0.572879     2.7337 6.5170e-02      0.339     7.3866  1004.7305     5.5213     68.321         12 0.0000e+00
     68.000   0.573892     2.7434 6.5215e-02      0.336     7.6092  1004.7424     5.5299     69.341         12 0.0000e+00
     69.000   0.574098     2.7269 6.5017e-02      0.320     7.6427  1004.7512     5.5348     70.360         14 0.0000e+00
     70.000   0.575525     2.7076 6.4617e-02      0.183     7.5999  1004.7705     5.5528     71.380         15 0.0000e+00
     71.000   0.576345     2.7089 6.3530e-02      0.206     7.8342  1004.7820     5.5609     72.400         12 0.0000e+00
