ctdpy/exports/archive_20200326_115716/received_data/c24_v50_19.cnv
* Sea-Bird SBE19plus Data File:
* FileName = C:\CTD\CTD 2019\v50\C24_v50_19.hex
* Software Version 1.59
* Temperature SN =  4644
* Conductivity SN =  4644
* System UpLoad Time = Dec 10 2019 19:26:14
** C24_v50_19
* ds
# nquan = 11
# nvalues = 70                          
# units = specified
# name 0 = prdM: Pressure, Strain Gauge [db]
# name 1 = c0S/m: Conductivity [S/m]
# name 2 = tv290C: Temperature [ITS-90, deg C]
# name 3 = par: PAR/Irradiance, Biospherical/Licor
# name 4 = dz/dtM: Descent Rate [m/s]
# name 5 = sbeox0ML/L: Oxygen, SBE 43 [ml/l]
# name 6 = density00: Density [density, kg/m^3]
# name 7 = sal00: Salinity, Practical [PSU]
# name 8 = depFM: Depth [fresh water, m], lat = 58
# name 9 = nbin: number of scans per bin
# name 10 = flag: flag
# span 0 =      2.000,     71.000       
# span 1 =   0.573227,   0.600304       
# span 2 =     3.7246,     4.1176       
# span 3 = 4.8085e-02, 1.1905e+00       
# span 4 =      0.112,      0.616       
# span 5 =     5.6714,     8.2517       
# span 6 =  1004.2356,  1004.8232       
# span 7 =     5.3168,     5.6267       
# span 8 =      2.040,     72.400       
# span 9 =          7,         26       
# span 10 = 0.0000e+00, 0.0000e+00      
# interval = decibars: 1                
# start_time = Dec 10 2019 18:54:34 [Instrument's time stamp, header]
# bad_flag = -9.990e-29
*END*
      2.000   0.573227     4.0142 1.1905e+00      0.162     8.2511  1004.2356     5.3168      2.040         16 0.0000e+00
      3.000   0.573256     4.0130 5.8430e-01      0.351     8.2517  1004.2408     5.3172      3.059         11 0.0000e+00
      4.000   0.573307     4.0142 2.8480e-01      0.414     8.2509  1004.2458     5.3174      4.079          9 0.0000e+00
      5.000   0.573370     4.0160 1.7650e-01      0.476     8.2447  1004.2509     5.3176      5.099          9 0.0000e+00
      6.000   0.573435     4.0181 1.1710e-01      0.454     8.2311  1004.2559     5.3178      6.118          8 0.0000e+00
      7.000   0.573465     4.0189 8.4871e-02      0.490     8.2492  1004.2609     5.3179      7.138          8 0.0000e+00
      8.000   0.573497     4.0197 7.2024e-02      0.532     8.2276  1004.2658     5.3180      8.158          8 0.0000e+00
      9.000   0.573531     4.0207 6.2349e-02      0.469     8.2390  1004.2708     5.3181      9.177          8 0.0000e+00
     10.000   0.573556     4.0214 5.8010e-02      0.578     8.1800  1004.2757     5.3181     10.197          7 0.0000e+00
     11.000   0.573576     4.0215 5.5295e-02      0.493     7.8880  1004.2806     5.3182     11.217          8 0.0000e+00
     12.000   0.573576     4.0211 5.3677e-02      0.510     7.7754  1004.2855     5.3181     12.237          8 0.0000e+00
     13.000   0.573659     4.0253 5.2262e-02      0.569     7.6419  1004.2904     5.3182     13.256          7 0.0000e+00
     14.000   0.573742     4.0285 5.1706e-02      0.477     7.7769  1004.2954     5.3184     14.276          8 0.0000e+00
     15.000   0.573785     4.0300 5.1326e-02      0.518     7.5928  1004.3003     5.3185     15.296          9 0.0000e+00
     16.000   0.573811     4.0308 5.0956e-02      0.429     7.3286  1004.3052     5.3185     16.315         10 0.0000e+00
     17.000   0.573863     4.0337 5.0744e-02      0.366     7.2931  1004.3100     5.3185     17.335         12 0.0000e+00
     18.000   0.573881     4.0345 5.0575e-02      0.227     7.4185  1004.3149     5.3184     18.355         17 0.0000e+00
     19.000   0.573913     4.0339 5.0407e-02      0.251     7.4940  1004.3200     5.3187     19.375         15 0.0000e+00
     20.000   0.573944     4.0363 5.0285e-02      0.357     7.8556  1004.3247     5.3185     20.394         10 0.0000e+00
     21.000   0.574020     4.0398 5.0231e-02      0.441     7.8385  1004.3296     5.3186     21.414          9 0.0000e+00
     22.000   0.574026     4.0396 5.0147e-02      0.462     7.8174  1004.3345     5.3186     22.434          8 0.0000e+00
     23.000   0.574015     4.0396 5.0085e-02      0.520     7.7545  1004.3392     5.3184     23.454          8 0.0000e+00
     24.000   0.574139     4.0448 5.0009e-02      0.471     7.7839  1004.3443     5.3187     24.473          9 0.0000e+00
     25.000   0.574222     4.0481 4.9986e-02      0.441     7.8689  1004.3493     5.3189     25.493          7 0.0000e+00
     26.000   0.574278     4.0500 5.0008e-02      0.586     7.6912  1004.3543     5.3191     26.513          8 0.0000e+00
     27.000   0.574301     4.0504 4.9970e-02      0.428     7.8693  1004.3592     5.3191     27.532          9 0.0000e+00
     28.000   0.574322     4.0511 4.9909e-02      0.532     7.6711  1004.3641     5.3191     28.552          8 0.0000e+00
     29.000   0.574326     4.0507 4.9916e-02      0.437     7.6051  1004.3690     5.3191     29.572          9 0.0000e+00
     30.000   0.574348     4.0516 4.9874e-02      0.435     7.7939  1004.3738     5.3191     30.591          9 0.0000e+00
     31.000   0.574386     4.0521 4.9880e-02      0.502     7.7667  1004.3789     5.3193     31.611          8 0.0000e+00
     32.000   0.574401     4.0524 4.9746e-02      0.420     7.8956  1004.3838     5.3193     32.631          8 0.0000e+00
     33.000   0.574427     4.0534 4.9759e-02      0.601     7.6862  1004.3886     5.3193     33.651          7 0.0000e+00
     34.000   0.574471     4.0542 4.9727e-02      0.484     7.7706  1004.3937     5.3195     34.670          9 0.0000e+00
     35.000   0.574490     4.0549 4.9737e-02      0.497     7.7923  1004.3985     5.3195     35.690          7 0.0000e+00
     36.000   0.574513     4.0551 4.9687e-02      0.616     7.6597  1004.4035     5.3196     36.710          7 0.0000e+00
     37.000   0.574573     4.0559 4.9649e-02      0.468     7.7957  1004.4087     5.3199     37.729          8 0.0000e+00
     38.000   0.574697     4.0588 4.9622e-02      0.536     7.8291  1004.4140     5.3206     38.749          8 0.0000e+00
     39.000   0.574875     4.0623 4.9618e-02      0.550     7.6818  1004.4197     5.3217     39.769          7 0.0000e+00
     40.000   0.574992     4.0654 4.9672e-02      0.496     7.7548  1004.4250     5.3222     40.789          8 0.0000e+00
     41.000   0.575120     4.0674 4.9554e-02      0.510     7.7733  1004.4305     5.3231     41.808          8 0.0000e+00
     42.000   0.575172     4.0683 4.9528e-02      0.572     7.7161  1004.4356     5.3234     42.828          7 0.0000e+00
     43.000   0.575253     4.0702 4.9544e-02      0.499     7.7696  1004.4408     5.3238     43.848          8 0.0000e+00
     44.000   0.575349     4.0723 4.9479e-02      0.510     7.7162  1004.4461     5.3243     44.868          8 0.0000e+00
     45.000   0.575546     4.0764 4.9459e-02      0.489     7.7937  1004.4518     5.3254     45.887          8 0.0000e+00
     46.000   0.575900     4.0811 4.9486e-02      0.509     7.7669  1004.4587     5.3281     46.907          7 0.0000e+00
     47.000   0.576611     4.0890 4.9431e-02      0.577     7.5855  1004.4679     5.3337     47.927          8 0.0000e+00
     48.000   0.577630     4.1022 4.9368e-02      0.433     7.6979  1004.4788     5.3416     48.946          9 0.0000e+00
     49.000   0.580037     4.1176 4.9339e-02      0.488     7.5310  1004.5002     5.3628     49.966          8 0.0000e+00
     50.000   0.581334     4.1134 4.9352e-02      0.435     7.3587  1004.5158     5.3762     50.986         10 0.0000e+00
     51.000   0.583496     4.0724 4.9283e-02      0.438     7.4312  1004.5439     5.4043     52.006          9 0.0000e+00
     52.000   0.586029     4.0343 4.9261e-02      0.474     7.2774  1004.5745     5.4356     53.025          9 0.0000e+00
     53.000   0.588215     3.9954 4.9201e-02      0.390     7.3197  1004.6025     5.4637     54.045         10 0.0000e+00
     54.000   0.591038     3.9453 4.9180e-02      0.440     7.0513  1004.6374     5.5001     55.065          9 0.0000e+00
     55.000   0.593651     3.9154 4.9194e-02      0.417     6.8546  1004.6675     5.5310     56.084         10 0.0000e+00
     56.000   0.595846     3.9497 4.9091e-02      0.398     6.9786  1004.6844     5.5470     57.104          9 0.0000e+00
     57.000   0.597485     3.9565 4.9116e-02      0.485     6.7190  1004.7011     5.5620     58.124          9 0.0000e+00
     58.000   0.598296     3.9508 4.9022e-02      0.375     6.6649  1004.7133     5.5710     59.143         11 0.0000e+00
     59.000   0.598747     3.9449 4.9054e-02      0.395     6.5943  1004.7226     5.5764     60.163         10 0.0000e+00
     60.000   0.599081     3.9383 4.9010e-02      0.365     6.4570  1004.7311     5.5808     61.183         11 0.0000e+00
     61.000   0.599562     3.9350 4.8935e-02      0.333     6.2415  1004.7402     5.5860     62.203         13 0.0000e+00
     62.000   0.600137     3.9350 4.8849e-02      0.264     6.1280  1004.7496     5.5917     63.222         17 0.0000e+00
     63.000   0.600304     3.9007 4.8847e-02      0.237     6.2278  1004.7611     5.5991     64.242         17 0.0000e+00
     64.000   0.600024     3.8336 4.8743e-02      0.167     6.0132  1004.7741     5.6077     65.262         22 0.0000e+00
     65.000   0.599654     3.7954 4.8663e-02      0.250     6.0781  1004.7818     5.6105     66.282         15 0.0000e+00
     66.000   0.599549     3.7864 4.8579e-02      0.268     5.9078  1004.7872     5.6109     67.301         16 0.0000e+00
     67.000   0.599596     3.7769 4.8571e-02      0.270     5.9725  1004.7939     5.6129     68.321         16 0.0000e+00
     68.000   0.599737     3.7504 4.8508e-02      0.193     5.8660  1004.8039     5.6187     69.341         21 0.0000e+00
     69.000   0.599941     3.7257 4.8407e-02      0.155     5.6714  1004.8142     5.6250     70.360         26 0.0000e+00
     70.000   0.600107     3.7246 4.8277e-02      0.135     5.8131  1004.8205     5.6267     71.380         25 0.0000e+00
     71.000   0.599853     3.7249 4.8085e-02      0.112     6.0334  1004.8232     5.6240     72.400          9 0.0000e+00
