ctdpy/exports/archive_20200326_115716/received_data/c24_v32_19.cnv
* Sea-Bird SBE19plus Data File:
* FileName = C:\CTD\CTD 2019\v32\C24_v32_19.hex
* Software Version 1.59
* Temperature SN =  4644
* Conductivity SN =  4644
* System UpLoad Time = Aug 07 2019 16:26:06
** C24_v32_19
* ds
# nquan = 11
# nvalues = 71                          
# units = specified
# name 0 = prdM: Pressure, Strain Gauge [db]
# name 1 = c0S/m: Conductivity [S/m]
# name 2 = tv290C: Temperature [ITS-90, deg C]
# name 3 = par: PAR/Irradiance, Biospherical/Licor
# name 4 = dz/dtM: Descent Rate [m/s]
# name 5 = sbeox0ML/L: Oxygen, SBE 43 [ml/l]
# name 6 = density00: Density [density, kg/m^3]
# name 7 = sal00: Salinity, Practical [PSU]
# name 8 = depFM: Depth [fresh water, m], lat = 58
# name 9 = nbin: number of scans per bin
# name 10 = flag: flag
# span 0 =      1.000,     71.000       
# span 1 =   0.572464,   0.792448       
# span 2 =     2.9464,    17.1586       
# span 3 = 9.9007e-02, 9.2171e+02       
# span 4 =      0.038,      0.678       
# span 5 =     6.3183,     8.0270       
# span 6 =  1002.7813,  1004.7731       
# span 7 =     5.1528,     5.5548       
# span 8 =      1.020,     72.399       
# span 9 =          6,         10       
# span 10 = 0.0000e+00, 0.0000e+00      
# interval = decibars: 1                
# start_time = Aug 07 2019 15:56:56 [Instrument's time stamp, header]
# bad_flag = -9.990e-29
*END*
      1.000   0.782198    16.6382 9.2171e+02      0.038     7.2697  1002.8630     5.2445      1.020          9 0.0000e+00
      2.000   0.791595    17.1013 5.2421e+02      0.400     7.2483  1002.7883     5.2519      2.039         10 0.0000e+00
      3.000   0.792448    17.1586 3.1743e+02      0.464     7.1028  1002.7813     5.2506      3.059          8 0.0000e+00
      4.000   0.783801    16.7420 1.9743e+02      0.489     7.1381  1002.8560     5.2424      4.079          8 0.0000e+00
      5.000   0.780015    16.5438 1.2939e+02      0.556     6.8731  1002.8953     5.2408      5.099          7 0.0000e+00
      6.000   0.770283    16.0219 8.2723e+01      0.573     6.8206  1002.9895     5.2380      6.118          7 0.0000e+00
      7.000   0.759291    15.4314 5.3913e+01      0.585     6.8561  1003.0925     5.2346      7.138          7 0.0000e+00
      8.000   0.757812    15.3132 3.6108e+01      0.570     6.8618  1003.1204     5.2392      8.158          7 0.0000e+00
      9.000   0.759454    15.3087 2.4176e+01      0.583     6.8145  1003.1355     5.2519      9.178          6 0.0000e+00
     10.000   0.760074    15.2793 1.6339e+01      0.621     6.7903  1003.1515     5.2603     10.197          7 0.0000e+00
     11.000   0.760026    15.2490 1.1249e+01      0.623     6.7899  1003.1639     5.2640     11.217          6 0.0000e+00
     12.000   0.756319    15.1069 7.8271e+00      0.622     6.8052  1003.1851     5.2551     12.236          6 0.0000e+00
     13.000   0.749305    14.8733 5.5521e+00      0.640     6.7203  1003.2113     5.2337     13.256          7 0.0000e+00
     14.000   0.745800    14.7355 3.9578e+00      0.630     6.6849  1003.2318     5.2257     14.276          6 0.0000e+00
     15.000   0.744535    14.6586 2.8736e+00      0.629     6.6419  1003.2492     5.2263     15.296          7 0.0000e+00
     16.000   0.742894    14.5676 2.0963e+00      0.628     6.6274  1003.2679     5.2260     16.316          6 0.0000e+00
     17.000   0.741596    14.4809 1.5501e+00      0.625     6.5039  1003.2875     5.2277     17.335          6 0.0000e+00
     18.000   0.737122    14.2662 1.1600e+00      0.626     6.4385  1003.3214     5.2224     18.355          7 0.0000e+00
     19.000   0.731517    14.0196 8.7775e-01      0.624     6.4509  1003.3562     5.2127     19.374          6 0.0000e+00
     20.000   0.728967    13.8848 6.8378e-01      0.613     6.3397  1003.3801     5.2112     20.395          6 0.0000e+00
     21.000   0.723201    13.5432 5.3502e-01      0.641     6.3183  1003.4361     5.2128     21.414          7 0.0000e+00
     22.000   0.693080    11.9778 4.2222e-01      0.649     6.7147  1003.6336     5.1890     22.434          6 0.0000e+00
     23.000   0.658270    10.1941 3.4265e-01      0.632     6.9306  1003.8195     5.1531     23.454          6 0.0000e+00
     24.000   0.644124     9.3537 2.8451e-01      0.649     7.0846  1003.9081     5.1528     24.473          6 0.0000e+00
     25.000   0.632287     8.5874 2.4224e-01      0.626     7.2990  1003.9868     5.1610     25.493          7 0.0000e+00
     26.000   0.618883     7.7401 2.0998e-01      0.628     7.5722  1004.0622     5.1667     26.513          6 0.0000e+00
     27.000   0.603149     6.7943 1.8472e-01      0.655     7.7535  1004.1282     5.1652     27.532          6 0.0000e+00
     28.000   0.591352     6.0270 1.6667e-01      0.640     7.9034  1004.1796     5.1720     28.552          7 0.0000e+00
     29.000   0.583761     5.4521 1.5264e-01      0.625     7.9309  1004.2233     5.1886     29.572          6 0.0000e+00
     30.000   0.584501     5.2492 1.4197e-01      0.621     7.8099  1004.2666     5.2271     30.591          7 0.0000e+00
     31.000   0.587461     5.1819 1.3404e-01      0.609     7.8122  1004.3047     5.2659     31.611          6 0.0000e+00
     32.000   0.586725     5.0203 1.2739e-01      0.631     7.7591  1004.3299     5.2843     32.631          6 0.0000e+00
     33.000   0.585313     4.8596 1.2202e-01      0.629     7.6853  1004.3494     5.2961     33.651          7 0.0000e+00
     34.000   0.579863     4.5292 1.1754e-01      0.624     7.7060  1004.3637     5.2958     34.670          6 0.0000e+00
     35.000   0.575196     4.2184 1.1378e-01      0.629     7.7587  1004.3796     5.3000     35.690          6 0.0000e+00
     36.000   0.574572     4.1020 1.1104e-01      0.631     7.8054  1004.3970     5.3125     36.710          7 0.0000e+00
     37.000   0.575879     4.0888 1.0849e-01      0.641     7.8715  1004.4140     5.3275     37.729          6 0.0000e+00
     38.000   0.578084     4.1255 1.0640e-01      0.639     7.9241  1004.4307     5.3433     38.749          6 0.0000e+00
     39.000   0.580192     4.1342 1.0497e-01      0.665     8.0099  1004.4508     5.3626     39.769          6 0.0000e+00
     40.000   0.578203     3.9497 1.0380e-01      0.669     8.0270  1004.4676     5.3730     40.789          6 0.0000e+00
     41.000   0.576307     3.7877 1.0292e-01      0.639     7.9730  1004.4815     5.3807     41.808          6 0.0000e+00
     42.000   0.575215     3.6750 1.0220e-01      0.664     7.9443  1004.4942     5.3883     42.828          6 0.0000e+00
     43.000   0.574040     3.5346 1.0179e-01      0.678     7.9050  1004.5101     5.3998     43.848          6 0.0000e+00
     44.000   0.573770     3.4668 1.0117e-01      0.657     7.8380  1004.5226     5.4083     44.867          6 0.0000e+00
     45.000   0.572654     3.3354 1.0066e-01      0.646     7.7640  1004.5373     5.4189     45.887          7 0.0000e+00
     46.000   0.572464     3.2453 1.0035e-01      0.665     7.7018  1004.5535     5.4320     46.907          6 0.0000e+00
     47.000   0.573235     3.2253 1.0016e-01      0.662     7.6519  1004.5674     5.4431     47.927          6 0.0000e+00
     48.000   0.573983     3.2230 1.0013e-01      0.650     7.6368  1004.5786     5.4509     48.946          6 0.0000e+00
     49.000   0.574149     3.2081 9.9610e-02      0.661     7.6338  1004.5869     5.4550     49.966          6 0.0000e+00
     50.000   0.574242     3.1945 9.9567e-02      0.674     7.6181  1004.5944     5.4582     50.986          6 0.0000e+00
     51.000   0.574489     3.1868 9.9406e-02      0.663     7.6062  1004.6024     5.4619     52.005          6 0.0000e+00
     52.000   0.574728     3.1769 9.9492e-02      0.657     7.5618  1004.6106     5.4659     53.025          6 0.0000e+00
     53.000   0.574851     3.1542 9.9430e-02      0.645     7.5100  1004.6197     5.4709     54.045          6 0.0000e+00
     54.000   0.574751     3.1145 9.9207e-02      0.650     7.4776  1004.6294     5.4766     55.065          6 0.0000e+00
     55.000   0.575015     3.1040 9.9238e-02      0.676     7.4422  1004.6378     5.4809     56.084          6 0.0000e+00
     56.000   0.575490     3.1028 9.9007e-02      0.677     7.4063  1004.6467     5.4859     57.104          6 0.0000e+00
     57.000   0.575616     3.0896 9.9249e-02      0.665     7.3775  1004.6544     5.4893     58.124          6 0.0000e+00
     58.000   0.575080     3.0498 9.9309e-02      0.635     7.3764  1004.6606     5.4905     59.144          6 0.0000e+00
     59.000   0.574828     3.0284 9.9169e-02      0.636     7.3711  1004.6664     5.4915     60.163          7 0.0000e+00
     60.000   0.574892     3.0263 9.9150e-02      0.636     7.3610  1004.6720     5.4924     61.183          6 0.0000e+00
     61.000   0.574763     3.0138 9.9230e-02      0.614     7.3250  1004.6776     5.4931     62.203          7 0.0000e+00
     62.000   0.574033     2.9688 9.9049e-02      0.604     7.2845  1004.6829     5.4933     63.222          7 0.0000e+00
     63.000   0.573808     2.9464 9.9049e-02      0.581     7.2694  1004.6890     5.4947     64.242          6 0.0000e+00
     64.000   0.573971     2.9483 9.9133e-02      0.605     7.2582  1004.6949     5.4959     65.262          6 0.0000e+00
     65.000   0.575056     2.9853 9.9179e-02      0.652     7.2425  1004.7034     5.5005     66.282          7 0.0000e+00
     66.000   0.577534     3.0785 9.9036e-02      0.672     7.2439  1004.7152     5.5098     67.301          6 0.0000e+00
     67.000   0.579855     3.1693 9.9153e-02      0.662     7.2397  1004.7259     5.5178     68.321          6 0.0000e+00
     68.000   0.581305     3.2196 9.9337e-02      0.628     7.2262  1004.7352     5.5239     69.341          7 0.0000e+00
     69.000   0.583010     3.2760 9.9143e-02      0.440     7.2129  1004.7456     5.5314     70.360          8 0.0000e+00
     70.000   0.585308     3.3359 9.9052e-02      0.577     7.1730  1004.7602     5.5444     71.380          8 0.0000e+00
     71.000   0.587058     3.3775 1.0168e-01      0.507     7.1689  1004.7731     5.5548     72.399          7 0.0000e+00
