ctdpy/exports/archive_20200326_115716/received_data/c3_v50_19.cnv
* Sea-Bird SBE19plus Data File:
* FileName = C:\CTD\CTD 2019\v50\C3_v50_19.hex
* Software Version 1.59
* Temperature SN =  4644
* Conductivity SN =  4644
* System UpLoad Time = Dec 10 2019 07:36:15
** C3_v50_19
* ds
# nquan = 11
# nvalues = 196                         
# units = specified
# name 0 = prdM: Pressure, Strain Gauge [db]
# name 1 = c0S/m: Conductivity [S/m]
# name 2 = tv290C: Temperature [ITS-90, deg C]
# name 3 = par: PAR/Irradiance, Biospherical/Licor
# name 4 = dz/dtM: Descent Rate [m/s]
# name 5 = sbeox0ML/L: Oxygen, SBE 43 [ml/l]
# name 6 = density00: Density [density, kg/m^3]
# name 7 = sal00: Salinity, Practical [PSU]
# name 8 = depFM: Depth [fresh water, m], lat = 58
# name 9 = nbin: number of scans per bin
# name 10 = flag: flag
# span 0 =      1.000,    196.000       
# span 1 =   0.516542,   0.679282       
# span 2 =     3.0540,     4.4055       
# span 3 = 4.7690e-02, 1.8456e+00       
# span 4 =     -0.012,      0.781       
# span 5 =     4.9669,     8.3108       
# span 6 =  1003.9062,  1006.1042       
# span 7 =     4.8980,     6.4598       
# span 8 =      1.020,    199.865       
# span 9 =          6,         22       
# span 10 = 0.0000e+00, 0.0000e+00      
# interval = decibars: 1                
# start_time = Dec 10 2019 07:01:58 [Instrument's time stamp, header]
# bad_flag = -9.990e-29
*END*
      1.000   0.517032     3.0993 1.8456e+00     -0.012     7.9358  1003.9062     4.8980      1.020         12 0.0000e+00
      2.000   0.516705     3.0624 9.9523e-01      0.286     7.9761  1003.9130     4.9002      2.039         13 0.0000e+00
      3.000   0.516552     3.0565 4.9983e-01      0.403     8.2573  1003.9173     4.8995      3.059         10 0.0000e+00
      4.000   0.516575     3.0576 3.1524e-01      0.419     8.3108  1003.9222     4.8995      4.079          9 0.0000e+00
      5.000   0.516569     3.0557 1.8393e-01      0.453     8.2836  1003.9272     4.8996      5.099          8 0.0000e+00
      6.000   0.516542     3.0540 1.2869e-01      0.537     7.9931  1003.9321     4.8995      6.118          9 0.0000e+00
      7.000   0.516604     3.0551 1.0300e-01      0.345     8.0988  1003.9374     4.8999      7.138          9 0.0000e+00
      8.000   0.516661     3.0572 8.2233e-02      0.617     8.0182  1003.9424     4.9000      8.158          6 0.0000e+00
      9.000   0.516706     3.0573 7.4917e-02      0.547     8.0462  1003.9476     4.9004      9.177          8 0.0000e+00
     10.000   0.516737     3.0595 6.9140e-02      0.482     8.1392  1003.9524     4.9003     10.197          7 0.0000e+00
     11.000   0.516746     3.0581 6.6653e-02      0.626     8.0670  1003.9576     4.9005     11.217          8 0.0000e+00
     12.000   0.516719     3.0573 6.4435e-02      0.427     8.2048  1003.9623     4.9002     12.237          8 0.0000e+00
     13.000   0.516692     3.0558 6.3379e-02      0.618     8.1654  1003.9671     4.9001     13.256          7 0.0000e+00
     14.000   0.516704     3.0556 6.2551e-02      0.526     8.2078  1003.9721     4.9001     14.276          7 0.0000e+00
     15.000   0.516717     3.0563 6.1880e-02      0.604     8.0845  1003.9770     4.9001     15.296          6 0.0000e+00
     16.000   0.516733     3.0556 6.1377e-02      0.631     7.9308  1003.9821     4.9002     16.316          8 0.0000e+00
     17.000   0.516784     3.0580 6.1199e-02      0.408     8.1462  1003.9871     4.9003     17.335          7 0.0000e+00
     18.000   0.516826     3.0601 6.1032e-02      0.666     8.0165  1003.9920     4.9003     18.355          6 0.0000e+00
     19.000   0.516881     3.0599 6.0799e-02      0.614     7.9632  1003.9973     4.9008     19.375          8 0.0000e+00
     20.000   0.516923     3.0621 6.0577e-02      0.484     8.1442  1004.0022     4.9008     20.394          6 0.0000e+00
     21.000   0.517047     3.0652 6.0626e-02      0.744     7.9697  1004.0077     4.9015     21.414          6 0.0000e+00
     22.000   0.517084     3.0653 6.0441e-02      0.522     8.0970  1004.0128     4.9017     22.434          8 0.0000e+00
     23.000   0.517283     3.0723 6.0293e-02      0.584     8.0740  1004.0184     4.9026     23.453          6 0.0000e+00
     24.000   0.517678     3.0867 6.0363e-02      0.643     8.0702  1004.0247     4.9043     24.473          7 0.0000e+00
     25.000   0.521043     3.1883 6.0211e-02      0.524     8.0955  1004.0439     4.9227     25.493          7 0.0000e+00
     26.000   0.527447     3.3559 6.0158e-02      0.727     7.9324  1004.0787     4.9614     26.513          6 0.0000e+00
     27.000   0.534700     3.5108 6.0051e-02      0.489     8.0500  1004.1212     5.0102     27.532          7 0.0000e+00
     28.000   0.545172     3.6198 6.0081e-02      0.621     7.9470  1004.1948     5.0980     28.552          6 0.0000e+00
     29.000   0.545324     3.6400 6.0020e-02      0.625     7.9064  1004.1981     5.0962     29.572          8 0.0000e+00
     30.000   0.547645     3.6410 5.9799e-02      0.527     8.0649  1004.2213     5.1191     30.591          6 0.0000e+00
     31.000   0.549014     3.6236 5.9907e-02      0.781     7.8959  1004.2394     5.1355     31.611          6 0.0000e+00
     32.000   0.549345     3.6160 5.9922e-02      0.493     8.0085  1004.2479     5.1399     32.631          8 0.0000e+00
     33.000   0.550600     3.6195 5.9744e-02      0.596     8.0168  1004.2623     5.1518     33.651          6 0.0000e+00
     34.000   0.550964     3.6270 5.9734e-02      0.642     7.9692  1004.2690     5.1541     34.670          7 0.0000e+00
     35.000   0.551214     3.6306 5.9714e-02      0.495     8.1144  1004.2753     5.1560     35.690          7 0.0000e+00
     36.000   0.551381     3.6332 5.9703e-02      0.607     8.0780  1004.2811     5.1572     36.710          6 0.0000e+00
     37.000   0.551384     3.6387 5.9644e-02      0.667     7.9361  1004.2852     5.1562     37.730          7 0.0000e+00
     38.000   0.551492     3.6438 5.9495e-02      0.530     8.0638  1004.2902     5.1564     38.749          7 0.0000e+00
     39.000   0.551757     3.6458 5.9493e-02      0.604     8.0014  1004.2968     5.1586     39.769          7 0.0000e+00
     40.000   0.551904     3.6545 5.9430e-02      0.608     8.0335  1004.3016     5.1586     40.789          7 0.0000e+00
     41.000   0.552179     3.6636 5.9387e-02      0.547     8.0858  1004.3074     5.1598     41.808          6 0.0000e+00
     42.000   0.552308     3.6743 5.9335e-02      0.668     7.8774  1004.3117     5.1593     42.828          7 0.0000e+00
     43.000   0.552584     3.6907 5.9306e-02      0.553     7.9544  1004.3164     5.1593     43.848          7 0.0000e+00
     44.000   0.553114     3.7045 5.9276e-02      0.536     8.1183  1004.3236     5.1624     44.867          7 0.0000e+00
     45.000   0.553460     3.7189 5.9191e-02      0.614     8.0296  1004.3291     5.1634     45.887          7 0.0000e+00
     46.000   0.553835     3.7333 5.9167e-02      0.509     8.0540  1004.3349     5.1648     46.907          7 0.0000e+00
     47.000   0.554283     3.7476 5.9088e-02      0.610     7.8603  1004.3413     5.1669     47.927          7 0.0000e+00
     48.000   0.554532     3.7637 5.8967e-02      0.507     7.9917  1004.3458     5.1667     48.946          8 0.0000e+00
     49.000   0.555107     3.7790 5.9045e-02      0.536     7.9936  1004.3530     5.1699     49.966          7 0.0000e+00
     50.000   0.555461     3.7920 5.8909e-02      0.553     8.0364  1004.3588     5.1713     50.986          8 0.0000e+00
     51.000   0.555916     3.8067 5.8830e-02      0.535     7.9930  1004.3651     5.1734     52.006          8 0.0000e+00
     52.000   0.556490     3.8294 5.8779e-02      0.498     7.9468  1004.3713     5.1754     53.025          8 0.0000e+00
     53.000   0.557577     3.8707 5.8757e-02      0.485     7.9156  1004.3788     5.1796     54.045          8 0.0000e+00
     54.000   0.560688     3.9611 5.8668e-02      0.497     7.9122  1004.3951     5.1960     55.065          8 0.0000e+00
     55.000   0.567235     4.0684 5.8571e-02      0.486     7.8307  1004.4358     5.2436     56.084          9 0.0000e+00
     56.000   0.571426     4.1187 5.8528e-02      0.446     7.7977  1004.4661     5.2768     57.104          8 0.0000e+00
     57.000   0.572498     4.1490 5.8511e-02      0.471     7.5366  1004.4748     5.2824     58.124         10 0.0000e+00
     58.000   0.578301     4.2322 5.8341e-02      0.394     7.5887  1004.5125     5.3261     59.144          9 0.0000e+00
     59.000   0.579706     4.2516 5.8315e-02      0.328     7.6344  1004.5253     5.3367     60.163         13 0.0000e+00
     60.000   0.587429     4.3307 5.8253e-02      0.405     7.4259  1004.5784     5.3997     61.183         10 0.0000e+00
     61.000   0.590577     4.3782 5.8123e-02      0.318     7.3970  1004.6003     5.4227     62.203         13 0.0000e+00
     62.000   0.596149     4.4055 5.8060e-02      0.320     7.5225  1004.6443     5.4729     63.222         12 0.0000e+00
     63.000   0.599531     4.4021 5.7990e-02      0.366     7.3531  1004.6760     5.5066     64.242         10 0.0000e+00
     64.000   0.600667     4.3844 5.7917e-02      0.467     7.2351  1004.6925     5.5206     65.262         10 0.0000e+00
     65.000   0.599878     4.3563 5.7822e-02      0.264     7.2962  1004.6957     5.5175     66.281         11 0.0000e+00
     66.000   0.603014     4.3809 5.7755e-02      0.526     7.1258  1004.7210     5.5441     67.301          9 0.0000e+00
     67.000   0.606285     4.3882 5.7642e-02      0.343     7.2411  1004.7502     5.5749     68.321          8 0.0000e+00
     68.000   0.609079     4.3598 5.7573e-02      0.553     7.0404  1004.7814     5.6072     69.340          9 0.0000e+00
     69.000   0.610905     4.2331 5.7514e-02      0.337     7.2495  1004.8210     5.6468     70.360          9 0.0000e+00
     70.000   0.613088     4.0263 5.7440e-02      0.546     7.0792  1004.8762     5.7041     71.380          8 0.0000e+00
     71.000   0.612661     3.7979 5.7377e-02      0.469     6.9691  1004.9140     5.7398     72.400          9 0.0000e+00
     72.000   0.610883     3.6102 5.7324e-02      0.462     6.8354  1004.9342     5.7549     73.419          8 0.0000e+00
     73.000   0.612009     3.5994 5.7258e-02      0.426     6.6713  1004.9498     5.7681     74.439         10 0.0000e+00
     74.000   0.611453     3.5064 5.7132e-02      0.455     6.7692  1004.9647     5.7789     75.459          7 0.0000e+00
     75.000   0.611455     3.3898 5.7154e-02      0.558     6.5635  1004.9876     5.7996     76.479          9 0.0000e+00
     76.000   0.612004     3.3197 5.6990e-02      0.391     6.6513  1005.0078     5.8177     77.498          8 0.0000e+00
     77.000   0.612933     3.2892 5.7053e-02      0.547     6.3063  1005.0249     5.8326     78.518          9 0.0000e+00
     78.000   0.614123     3.2847 5.6858e-02      0.334     6.4272  1005.0401     5.8454     79.538          9 0.0000e+00
     79.000   0.616009     3.2812 5.6813e-02      0.609     6.2440  1005.0608     5.8651     80.558          8 0.0000e+00
     80.000   0.618345     3.2864 5.6737e-02      0.354     6.2613  1005.0837     5.8879     81.577          8 0.0000e+00
     81.000   0.620586     3.3033 5.6747e-02      0.578     6.0421  1005.1041     5.9075     82.597          9 0.0000e+00
     82.000   0.621667     3.3396 5.6620e-02      0.251     6.0521  1005.1120     5.9118     83.617          9 0.0000e+00
     83.000   0.623991     3.2970 5.6584e-02      0.623     5.8766  1005.1424     5.9432     84.636          8 0.0000e+00
     84.000   0.624805     3.2962 5.6505e-02      0.381     5.9183  1005.1540     5.9515     85.656         10 0.0000e+00
     85.000   0.626677     3.2885 5.6448e-02      0.550     5.7242  1005.1753     5.9720     86.676          8 0.0000e+00
     86.000   0.627799     3.2914 5.6368e-02      0.337     5.7005  1005.1887     5.9828     87.696         10 0.0000e+00
     87.000   0.630230     3.2893 5.6267e-02      0.554     5.6248  1005.2137     6.0078     88.715          7 0.0000e+00
     88.000   0.630836     3.2903 5.6207e-02      0.432     5.6312  1005.2232     6.0137     89.735         10 0.0000e+00
     89.000   0.632742     3.2893 5.6138e-02      0.483     5.5908  1005.2438     6.0333     90.755          8 0.0000e+00
     90.000   0.633401     3.2813 5.6094e-02      0.434     5.6108  1005.2552     6.0414     91.774         10 0.0000e+00
     91.000   0.633921     3.2575 5.6035e-02      0.410     5.4599  1005.2681     6.0510     92.794         11 0.0000e+00
     92.000   0.635923     3.2504 5.5982e-02      0.356     5.4962  1005.2904     6.0727     93.814         10 0.0000e+00
     93.000   0.636866     3.2674 5.5888e-02      0.304     5.4076  1005.3001     6.0791     94.834         12 0.0000e+00
     94.000   0.638621     3.2698 5.5746e-02      0.442     5.3894  1005.3189     6.0964     95.853         11 0.0000e+00
     95.000   0.640270     3.2798 5.5700e-02      0.314     5.4196  1005.3355     6.1113     96.873          9 0.0000e+00
     96.000   0.642462     3.2848 5.5605e-02      0.440     5.3754  1005.3573     6.1326     97.893         10 0.0000e+00
     97.000   0.644516     3.2865 5.5475e-02      0.397     5.3852  1005.3786     6.1532     98.912         11 0.0000e+00
     98.000   0.645707     3.2866 5.5426e-02      0.428     5.3130  1005.3931     6.1653     99.932          9 0.0000e+00
     99.000   0.646125     3.2866 5.5378e-02      0.356     5.2724  1005.4014     6.1694    100.952         10 0.0000e+00
    100.000   0.646830     3.2914 5.5260e-02      0.462     5.2323  1005.4111     6.1756    101.972         10 0.0000e+00
    101.000   0.647350     3.2966 5.5216e-02      0.327     5.2968  1005.4193     6.1798    102.991         10 0.0000e+00
    102.000   0.648242     3.3011 5.5131e-02      0.440     5.2195  1005.4306     6.1880    104.011         10 0.0000e+00
    103.000   0.649002     3.3048 5.5038e-02      0.398     5.2848  1005.4410     6.1949    105.031         10 0.0000e+00
    104.000   0.650032     3.3038 5.4976e-02      0.417     5.2868  1005.4544     6.2055    106.050         10 0.0000e+00
    105.000   0.651081     3.2950 5.4919e-02      0.389     5.3034  1005.4692     6.2178    107.070          9 0.0000e+00
    106.000   0.652633     3.2930 5.4826e-02      0.432     5.2499  1005.4870     6.2340    108.090         10 0.0000e+00
    107.000   0.653394     3.2910 5.4785e-02      0.410     5.2511  1005.4984     6.2420    109.110          9 0.0000e+00
    108.000   0.653905     3.2919 5.4690e-02      0.459     5.2291  1005.5072     6.2470    110.129          9 0.0000e+00
    109.000   0.654947     3.3011 5.4598e-02      0.439     5.3244  1005.5190     6.2558    111.149          8 0.0000e+00
    110.000   0.656097     3.3137 5.4511e-02      0.563     5.1443  1005.5310     6.2650    112.169          8 0.0000e+00
    111.000   0.656617     3.3213 5.4504e-02      0.411     5.1550  1005.5388     6.2687    113.189          9 0.0000e+00
    112.000   0.657235     3.3319 5.4351e-02      0.462     5.2419  1005.5469     6.2729    114.208          7 0.0000e+00
    113.000   0.657207     3.3357 5.4336e-02      0.563     5.1277  1005.5508     6.2717    115.228         10 0.0000e+00
    114.000   0.657953     3.3363 5.4149e-02      0.250     5.2398  1005.5616     6.2791    116.248          7 0.0000e+00
    115.000   0.658502     3.3363 5.4165e-02      0.749     5.0980  1005.5709     6.2846    117.267          8 0.0000e+00
    116.000   0.658825     3.3376 5.4164e-02      0.219     5.2023  1005.5781     6.2875    118.287          8 0.0000e+00
    117.000   0.659283     3.3389 5.4097e-02      0.676     5.0309  1005.5864     6.2919    119.307          8 0.0000e+00
    118.000   0.659641     3.3443 5.4070e-02      0.409     5.1133  1005.5932     6.2943    120.326          8 0.0000e+00
    119.000   0.660844     3.3565 5.3931e-02      0.561     5.1230  1005.6057     6.3042    121.346          7 0.0000e+00
    120.000   0.661300     3.3583 5.3896e-02      0.549     5.0146  1005.6139     6.3084    122.366          8 0.0000e+00
    121.000   0.661420     3.3564 5.3781e-02      0.437     5.1382  1005.6201     6.3098    123.385          8 0.0000e+00
    122.000   0.661493     3.3549 5.3703e-02      0.598     5.0772  1005.6257     6.3107    124.405          7 0.0000e+00
    123.000   0.661618     3.3505 5.3761e-02      0.608     5.0407  1005.6323     6.3128    125.425          7 0.0000e+00
    124.000   0.661716     3.3355 5.3698e-02      0.472     5.2246  1005.6404     6.3166    126.445          7 0.0000e+00
    125.000   0.661513     3.3154 5.3589e-02      0.655     5.1861  1005.6470     6.3183    127.464          6 0.0000e+00
    126.000   0.661799     3.3200 5.3533e-02      0.640     5.1447  1005.6534     6.3202    128.484          8 0.0000e+00
    127.000   0.662473     3.3389 5.3529e-02      0.467     5.2280  1005.6604     6.3233    129.504          7 0.0000e+00
    128.000   0.663028     3.3448 5.3413e-02      0.600     5.1276  1005.6688     6.3277    130.524          7 0.0000e+00
    129.000   0.663018     3.3241 5.3418e-02      0.504     5.2319  1005.6770     6.3316    131.543          7 0.0000e+00
    130.000   0.663224     3.3086 5.3267e-02      0.613     5.1280  1005.6862     6.3366    132.563          7 0.0000e+00
    131.000   0.663614     3.3069 5.3289e-02      0.544     5.1666  1005.6945     6.3408    133.583          8 0.0000e+00
