ctdpy/exports/archive_20200326_115716/received_data/c3_v28_19.cnv
* Sea-Bird SBE19plus Data File:
* FileName = C:\CTD\CTD 2019\K18\C3_v28_19.hex
* Software Version 1.59
* Temperature SN =  4644
* Conductivity SN =  4644
* System UpLoad Time = Jul 09 2019 14:46:31
** C3_v28_19
* ds
# nquan = 11
# nvalues = 197                         
# units = specified
# name 0 = prdM: Pressure, Strain Gauge [db]
# name 1 = c0S/m: Conductivity [S/m]
# name 2 = tv290C: Temperature [ITS-90, deg C]
# name 3 = par: PAR/Irradiance, Biospherical/Licor
# name 4 = dz/dtM: Descent Rate [m/s]
# name 5 = sbeox0ML/L: Oxygen, SBE 43 [ml/l]
# name 6 = density00: Density [density, kg/m^3]
# name 7 = sal00: Salinity, Practical [PSU]
# name 8 = depFM: Depth [fresh water, m], lat = 58
# name 9 = nbin: number of scans per bin
# name 10 = flag: flag
# span 0 =      1.000,    197.000       
# span 1 =   0.562083,   0.683022       
# span 2 =     1.8916,    11.7543       
# span 3 = 6.1833e-02, 8.0155e+02       
# span 4 =     -0.027,      0.885       
# span 5 =     4.1984,     8.7001       
# span 6 =  1003.2715,  1006.0232       
# span 7 =     4.8092,     6.3713       
# span 8 =      1.020,    200.884       
# span 9 =          5,         21       
# span 10 = 0.0000e+00, 0.0000e+00      
# interval = decibars: 1                
# start_time = Jul 09 2019 14:06:04 [Instrument's time stamp, header]
# bad_flag = -9.990e-29
*END*
[from data line 132]
    133.000   0.664950     3.8584 7.0008e-02      0.676     5.4001  1005.6196     6.2473    135.622          7 0.0000e+00
    134.000   0.665650     3.8700 6.9772e-02      0.493     5.3586  1005.6279     6.2520    136.642         10 0.0000e+00
    135.000   0.665973     3.8756 6.9709e-02      0.340     5.1724  1005.6343     6.2541    137.662          8 0.0000e+00
    136.000   0.666190     3.8802 6.9692e-02      0.600     5.0454  1005.6400     6.2553    138.681          8 0.0000e+00
    137.000   0.666571     3.8879 6.9525e-02      0.412     5.1374  1005.6465     6.2575    139.701          9 0.0000e+00
    138.000   0.667795     3.9121 6.9435e-02      0.505     5.0696  1005.6569     6.2651    140.721          8 0.0000e+00
    139.000   0.668455     3.9412 6.9326e-02      0.509     4.9010  1005.6618     6.2661    141.740          9 0.0000e+00
    140.000   0.670743     3.9677 6.9288e-02      0.340     5.0712  1005.6801     6.2838    142.760          9 0.0000e+00
    141.000   0.672319     3.9877 6.9046e-02      0.562     5.0665  1005.6940     6.2957    143.780          7 0.0000e+00
    142.000   0.672717     3.9941 6.9027e-02      0.564     4.8992  1005.7008     6.2984    144.800          8 0.0000e+00
    143.000   0.672235     3.9913 6.8888e-02      0.371     4.8948  1005.7022     6.2940    145.819         11 0.0000e+00
    144.000   0.673442     4.0046 6.8756e-02      0.441     5.0383  1005.7142     6.3034    146.839          8 0.0000e+00
    145.000   0.673723     4.0097 6.8670e-02      0.590     4.9983  1005.7203     6.3051    147.859          7 0.0000e+00
    146.000   0.673714     4.0111 6.8605e-02      0.573     4.7928  1005.7248     6.3047    148.878          8 0.0000e+00
    147.000   0.673467     4.0095 6.8498e-02      0.318     4.8774  1005.7279     6.3024    149.898         11 0.0000e+00
    148.000   0.674010     4.0142 6.8361e-02      0.513     4.9086  1005.7362     6.3068    150.918          7 0.0000e+00
    149.000   0.674149     4.0222 6.8268e-02      0.525     4.7777  1005.7407     6.3065    151.938          9 0.0000e+00
    150.000   0.675397     4.0409 6.8084e-02      0.378     4.9667  1005.7520     6.3154    152.957          9 0.0000e+00
    151.000   0.676545     4.0541 6.8031e-02      0.515     4.7862  1005.7636     6.3242    153.977          9 0.0000e+00
    152.000   0.676767     4.0595 6.7855e-02      0.394     4.7523  1005.7691     6.3252    154.997         10 0.0000e+00
    153.000   0.677532     4.0691 6.7752e-02      0.407     5.1105  1005.7783     6.3309    156.017          8 0.0000e+00
    154.000   0.678306     4.0811 6.7573e-02      0.412     5.0840  1005.7871     6.3363    157.036         13 0.0000e+00
    155.000   0.678562     4.0855 6.7547e-02      0.315     5.0396  1005.7931     6.3379    158.056          9 0.0000e+00
    156.000   0.678751     4.0884 6.7357e-02      0.461     5.0283  1005.7989     6.3391    159.076         12 0.0000e+00
    157.000   0.678810     4.0904 6.7216e-02      0.132     5.0208  1005.8038     6.3392    160.096         13 0.0000e+00
    158.000   0.678855     4.0907 6.7060e-02      0.336     5.0167  1005.8088     6.3395    161.115         14 0.0000e+00
    159.000   0.678890     4.0911 6.6836e-02      0.378     5.0147  1005.8138     6.3396    162.135         11 0.0000e+00
    160.000   0.678955     4.0921 6.6686e-02      0.308     5.0109  1005.8189     6.3400    163.155         13 0.0000e+00
    161.000   0.679104     4.0945 6.6539e-02      0.360     4.9996  1005.8245     6.3409    164.174         11 0.0000e+00
    162.000   0.679299     4.0976 6.6288e-02      0.341     4.9914  1005.8302     6.3421    165.194         13 0.0000e+00
    163.000   0.679541     4.1015 6.6241e-02      0.242     4.9574  1005.8362     6.3436    166.214         10 0.0000e+00
    164.000   0.680005     4.1073 6.6058e-02      0.534     4.9331  1005.8436     6.3471    167.233         10 0.0000e+00
    165.000   0.680372     4.1129 6.6024e-02      0.259     4.9168  1005.8503     6.3495    168.253         12 0.0000e+00
    166.000   0.680727     4.1180 6.5868e-02      0.405     4.9128  1005.8570     6.3520    169.273          9 0.0000e+00
    167.000   0.680994     4.1236 6.5673e-02      0.467     4.9161  1005.8629     6.3535    170.293         11 0.0000e+00
    168.000   0.681322     4.1296 6.5606e-02      0.255     4.8728  1005.8692     6.3555    171.312         12 0.0000e+00
    169.000   0.681674     4.1331 6.5492e-02      0.438     4.8477  1005.8761     6.3582    172.332          9 0.0000e+00
    170.000   0.681759     4.1335 6.5333e-02      0.397     4.8337  1005.8815     6.3589    173.352         11 0.0000e+00
    171.000   0.681825     4.1337 6.5145e-02      0.307     4.8239  1005.8867     6.3594    174.371         12 0.0000e+00
    172.000   0.681921     4.1343 6.5088e-02      0.403     4.8100  1005.8922     6.3601    175.391         10 0.0000e+00
    173.000   0.681999     4.1343 6.4965e-02      0.374     4.7867  1005.8976     6.3608    176.411         12 0.0000e+00
    174.000   0.682065     4.1342 6.4763e-02      0.313     4.7802  1005.9029     6.3613    177.431         10 0.0000e+00
    175.000   0.682145     4.1352 6.4613e-02      0.450     4.7686  1005.9081     6.3618    178.450         11 0.0000e+00
    176.000   0.682213     4.1362 6.4536e-02      0.260     4.7673  1005.9133     6.3622    179.470         11 0.0000e+00
    177.000   0.682230     4.1362 6.4427e-02      0.482     4.7637  1005.9182     6.3622    180.490         10 0.0000e+00
    178.000   0.682239     4.1363 6.4179e-02      0.258     4.7613  1005.9230     6.3622    181.510         12 0.0000e+00
    179.000   0.682261     4.1363 6.4091e-02      0.498     4.7582  1005.9280     6.3623    182.529          8 0.0000e+00
    180.000   0.682268     4.1359 6.4038e-02      0.408     4.7581  1005.9329     6.3623    183.549         12 0.0000e+00
    181.000   0.682306     4.1353 6.3891e-02      0.302     4.7287  1005.9381     6.3627    184.569          9 0.0000e+00
    182.000   0.682484     4.1356 6.3736e-02      0.526     4.7013  1005.9442     6.3643    185.588         10 0.0000e+00
    183.000   0.682568     4.1347 6.3603e-02      0.238     4.6552  1005.9498     6.3652    186.608         11 0.0000e+00
    184.000   0.682617     4.1324 6.3471e-02      0.537     4.6468  1005.9554     6.3661    187.628          9 0.0000e+00
    185.000   0.682643     4.1318 6.3437e-02      0.276     4.6096  1005.9605     6.3663    188.647         10 0.0000e+00
    186.000   0.682742     4.1280 6.3279e-02      0.500     4.4999  1005.9667     6.3679    189.667         10 0.0000e+00
    187.000   0.682824     4.1248 6.3085e-02      0.275     4.4720  1005.9728     6.3693    190.687         10 0.0000e+00
    188.000   0.682846     4.1245 6.3016e-02      0.560     4.4685  1005.9778     6.3694    191.707          8 0.0000e+00
    189.000   0.682873     4.1241 6.2946e-02      0.346     4.4547  1005.9828     6.3697    192.726         12 0.0000e+00
    190.000   0.682901     4.1237 6.2852e-02      0.455     4.4463  1005.9879     6.3699    193.746          9 0.0000e+00
    191.000   0.682923     4.1233 6.2741e-02      0.357     4.4420  1005.9929     6.3701    194.766         10 0.0000e+00
    192.000   0.682943     4.1225 6.2661e-02      0.454     4.4154  1005.9980     6.3703    195.785          9 0.0000e+00
    193.000   0.682963     4.1218 6.2437e-02      0.388     4.3829  1006.0031     6.3705    196.805         12 0.0000e+00
    194.000   0.682976     4.1204 6.2396e-02      0.299     4.2918  1006.0082     6.3708    197.825          9 0.0000e+00
    195.000   0.682997     4.1186 6.2234e-02      0.570     4.2324  1006.0134     6.3712    198.845          9 0.0000e+00
    196.000   0.683008     4.1182 6.2090e-02      0.318     4.2178  1006.0184     6.3713    199.864         14 0.0000e+00
    197.000   0.683022     4.1187 6.1833e-02      0.252     4.1984  1006.0232     6.3712    200.884          5 0.0000e+00
