ctdpy/exports/archive_20200326_115716/received_data/c3_v07_19.cnv
* Sea-Bird SBE19plus Data File:
* FileName = C:\CTD\CTD 2019\K05\C3_K05v7_2019.hex
* Software Version 1.59
* Temperature SN =  7668
* Conductivity SN =  7668
* System UpLoad Time = Feb 11 2019 14:14:48
** C3_K05v7_2019
* ds
# nquan = 10
# nvalues = 202                         
# units = specified
# name 0 = prdM: Pressure, Strain Gauge [db]
# name 1 = c0S/m: Conductivity [S/m]
# name 2 = tv290C: Temperature [ITS-90, deg C]
# name 3 = par: PAR/Irradiance, Biospherical/Licor
# name 4 = dz/dtM: Descent Rate [m/s]
# name 5 = density00: Density [density, kg/m^3]
# name 6 = sal00: Salinity, Practical [PSU]
# name 7 = depFM: Depth [fresh water, m], lat = 0
# name 8 = nbin: number of scans per bin
# name 9 = flag: flag
# span 0 =      1.000,    202.000       
# span 1 =   0.445499,   0.692799       
# span 2 =    -0.0768,     4.2622       
# span 3 = -7.074e-08, 2.9376e+02       
# span 4 =      0.213,      0.960       
# span 5 =  1003.6261,  1006.0930       
# span 6 =     4.6257,     6.4406       
# span 7 =      1.020,    205.983       
# span 8 =          4,         13       
# span 9 = 0.0000e+00, 0.0000e+00       
# interval = decibars: 1                
# start_time = Feb 11 2019 14:28:45 [Instrument's time stamp, header]
# bad_flag = -9.990e-29
*END*
[from data line 145]
    146.000   0.682128     4.0931 1.0000e-12      0.780  1005.7770     6.3731    148.878          6 0.0000e+00
    147.000   0.682334     4.0952 1.0000e-12      0.741  1005.7831     6.3747    149.898          5 0.0000e+00
    148.000   0.682426     4.0961 1.0000e-12      0.672  1005.7884     6.3753    150.918          6 0.0000e+00
    149.000   0.682798     4.1008 1.0000e-12      0.659  1005.7953     6.3780    151.938          7 0.0000e+00
    150.000   0.683287     4.1077 1.0000e-12      0.621  1005.8027     6.3815    152.957          6 0.0000e+00
    151.000   0.683725     4.1145 1.0000e-12      0.597  1005.8097     6.3844    153.977          7 0.0000e+00
    152.000   0.684071     4.1207 1.0000e-12      0.577  1005.8162     6.3866    154.997          7 0.0000e+00
    153.000   0.684193     4.1227 1.0000e-12      0.593  1005.8215     6.3873    156.016          7 0.0000e+00
    154.000   0.684255     4.1235 1.0000e-12      0.605  1005.8267     6.3876    157.036          6 0.0000e+00
    155.000   0.684298     4.1239 1.0000e-12      0.552  1005.8317     6.3878    158.056          7 0.0000e+00
    156.000   0.684380     4.1248 1.0000e-12      0.671  1005.8370     6.3884    159.076          6 0.0000e+00
    157.000   0.684553     4.1275 1.0000e-12      0.722  1005.8426     6.3895    160.095          5 0.0000e+00
    158.000   0.684708     4.1291 1.0000e-12      0.694  1005.8484     6.3906    161.115          6 0.0000e+00
    159.000   0.684760     4.1278 1.0000e-12      0.674  1005.8538     6.3913    162.135          6 0.0000e+00
    160.000   0.684818     4.1274 1.0000e-12      0.675  1005.8591     6.3918    163.154          7 0.0000e+00
    161.000   0.684875     4.1276 1.0000e-12      0.601  1005.8643     6.3922    164.174          7 0.0000e+00
    162.000   0.684909     4.1280 1.0000e-12      0.480  1005.8692     6.3924    165.194          7 0.0000e+00
    163.000   0.684936     4.1284 1.0000e-12      0.596  1005.8742     6.3924    166.214          6 0.0000e+00
    164.000   0.684963     4.1287 1.0000e-12      0.709  1005.8791     6.3925    167.233          6 0.0000e+00
    165.000   0.684992     4.1293 1.0000e-12      0.687  1005.8840     6.3926    168.253          6 0.0000e+00
    166.000   0.685092     4.1315 1.0000e-12      0.679  1005.8892     6.3930    169.273          5 0.0000e+00
    167.000   0.685301     4.1362 1.0000e-12      0.767  1005.8948     6.3941    170.293          5 0.0000e+00
    168.000   0.685489     4.1407 1.0000e-12      0.828  1005.9002     6.3950    171.313          5 0.0000e+00
    169.000   0.685610     4.1437 1.0000e-12      0.844  1005.9054     6.3955    172.332          5 0.0000e+00
    170.000   0.685834     4.1481 1.0000e-12      0.783  1005.9111     6.3968    173.352          5 0.0000e+00
    171.000   0.686175     4.1547 1.0000e-12      0.696  1005.9174     6.3988    174.371          6 0.0000e+00
    172.000   0.686331     4.1575 1.0000e-12      0.675  1005.9229     6.3997    175.391          6 0.0000e+00
    173.000   0.686400     4.1586 1.0000e-12      0.695  1005.9280     6.4001    176.411          6 0.0000e+00
    174.000   0.686436     4.1593 1.0000e-12      0.610  1005.9330     6.4002    177.431          7 0.0000e+00
    175.000   0.686488     4.1590 1.0000e-12      0.636  1005.9382     6.4006    178.450          6 0.0000e+00
    176.000   0.686572     4.1604 1.0000e-12      0.692  1005.9434     6.4011    179.470          5 0.0000e+00
    177.000   0.686714     4.1642 1.0000e-12      0.701  1005.9486     6.4016    180.490          6 0.0000e+00
    178.000   0.686798     4.1657 2.3794e-06      0.673  1005.9538     6.4021    181.510          6 0.0000e+00
    179.000   0.686822     4.1655 6.3620e-08      0.693  1005.9588     6.4022    182.529          6 0.0000e+00
    180.000   0.686859     4.1648 1.0000e-12      0.734  1005.9640     6.4026    183.549          6 0.0000e+00
    181.000   0.686955     4.1660 1.0000e-12      0.627  1005.9693     6.4032    184.568          6 0.0000e+00
    182.000   0.687082     4.1684 1.0000e-12      0.569  1005.9747     6.4039    185.588          7 0.0000e+00
    183.000   0.687173     4.1704 1.0000e-12      0.607  1005.9797     6.4043    186.608          7 0.0000e+00
    184.000   0.687250     4.1725 1.0000e-12      0.535  1005.9848     6.4046    187.628          8 0.0000e+00
    185.000   0.687406     4.1754 1.0000e-12      0.490  1005.9902     6.4054    188.647          8 0.0000e+00
    186.000   0.687756     4.1814 1.0000e-12      0.545  1005.9967     6.4077    189.667          7 0.0000e+00
    187.000   0.688499     4.1923 1.0000e-12      0.539  1006.0053     6.4129    190.687          7 0.0000e+00
    188.000   0.688735     4.1944 1.0000e-12      0.638  1006.0116     6.4147    191.707          6 0.0000e+00
    189.000   0.688867     4.1953 1.0000e-12      0.643  1006.0173     6.4157    192.726          6 0.0000e+00
    190.000   0.689060     4.1969 1.0000e-12      0.660  1006.0233     6.4172    193.746          6 0.0000e+00
    191.000   0.689405     4.2013 2.2155e-06      0.770  1006.0299     6.4197    194.766          6 0.0000e+00
    192.000   0.689715     4.2065 1.1374e-07      0.509  1006.0362     6.4217    195.786         10 0.0000e+00
    193.000   0.689894     4.2100 1.0000e-12      0.214  1006.0418     6.4226    196.805         13 0.0000e+00
    194.000   0.690014     4.2122 1.0000e-12      0.415  1006.0471     6.4233    197.825          8 0.0000e+00
    195.000   0.690126     4.2131 1.3921e-06      0.475  1006.0526     6.4241    198.845         10 0.0000e+00
    196.000   0.690696     4.2222 -3.031e-08      0.418  1006.0601     6.4279    199.864          7 0.0000e+00
    197.000   0.691880     4.2430 1.0000e-12      0.585  1006.0704     6.4355    200.884          8 0.0000e+00
    198.000   0.692545     4.2559 1.0000e-12      0.528  1006.0781     6.4396    201.904          9 0.0000e+00
    199.000   0.692743     4.2607 1.0000e-12      0.213  1006.0835     6.4405    202.923         13 0.0000e+00
    200.000   0.692799     4.2622 1.0000e-12      0.380  1006.0884     6.4406    203.943         11 0.0000e+00
    201.000   0.692771     4.2620 1.0000e-12      0.360  1006.0930     6.4402    204.963         12 0.0000e+00
    202.000   0.690521     4.2606 1.0000e-12      0.328  1006.0803     6.4180    205.983          7 0.0000e+00
