ctdpy/exports/archive_20200326_115716/received_data/c3_v28_19.cnv
* Sea-Bird SBE19plus Data File:
* FileName = C:\CTD\CTD 2019\K18\C3_v28_19.hex
* Software Version 1.59
* Temperature SN =  4644
* Conductivity SN =  4644
* System UpLoad Time = Jul 09 2019 14:46:31
** C3_v28_19
* ds
# nquan = 11
# nvalues = 197                         
# units = specified
# name 0 = prdM: Pressure, Strain Gauge [db]
# name 1 = c0S/m: Conductivity [S/m]
# name 2 = tv290C: Temperature [ITS-90, deg C]
# name 3 = par: PAR/Irradiance, Biospherical/Licor
# name 4 = dz/dtM: Descent Rate [m/s]
# name 5 = sbeox0ML/L: Oxygen, SBE 43 [ml/l]
# name 6 = density00: Density [density, kg/m^3]
# name 7 = sal00: Salinity, Practical [PSU]
# name 8 = depFM: Depth [fresh water, m], lat = 58
# name 9 = nbin: number of scans per bin
# name 10 = flag: flag
# span 0 =      1.000,    197.000       
# span 1 =   0.562083,   0.683022       
# span 2 =     1.8916,    11.7543       
# span 3 = 6.1833e-02, 8.0155e+02       
# span 4 =     -0.027,      0.885       
# span 5 =     4.1984,     8.7001       
# span 6 =  1003.2715,  1006.0232       
# span 7 =     4.8092,     6.3713       
# span 8 =      1.020,    200.884       
# span 9 =          5,         21       
# span 10 = 0.0000e+00, 0.0000e+00      
# interval = decibars: 1                
# start_time = Jul 09 2019 14:06:04 [Instrument's time stamp, header]
# bad_flag = -9.990e-29
*END*
      1.000   0.641778    11.7543 8.0155e+02     -0.027     7.6226  1003.2715     4.8092      1.020          7 0.0000e+00
      2.000   0.641462    11.7267 7.4658e+02      0.268     7.6124  1003.2803     4.8101      2.039         18 0.0000e+00
      3.000   0.640839    11.6735 4.8005e+02      0.190     7.6190  1003.2929     4.8119      3.059         17 0.0000e+00
      4.000   0.640735    11.6583 3.1594e+02      0.311     7.6162  1003.3003     4.8129      4.079         15 0.0000e+00
      5.000   0.640874    11.6650 2.2231e+02      0.252     7.6150  1003.3043     4.8131      5.099         13 0.0000e+00
      6.000   0.641132    11.6855 1.4616e+02      0.274     7.6130  1003.3060     4.8125      6.118         15 0.0000e+00
      7.000   0.640756    11.6519 1.0051e+02      0.282     7.6205  1003.3158     4.8137      7.138         16 0.0000e+00
      8.000   0.641143    11.6818 7.6646e+01      0.200     7.6129  1003.3162     4.8129      8.158         19 0.0000e+00
      9.000   0.640814    11.6539 5.5464e+01      0.204     7.6068  1003.3250     4.8138      9.177         16 0.0000e+00
     10.000   0.640939    11.6621 3.6549e+01      0.261     7.6116  1003.3286     4.8137     10.197         20 0.0000e+00
     11.000   0.641413    11.7045 2.6256e+01      0.127     7.6098  1003.3268     4.8120     11.217         21 0.0000e+00
     12.000   0.641517    11.7203 2.0028e+01      0.197     7.6086  1003.3286     4.8107     12.236         17 0.0000e+00
     13.000   0.641582    11.7245 1.4939e+01      0.203     7.6104  1003.3327     4.8106     13.256         20 0.0000e+00
     14.000   0.640209    11.5988 1.1080e+01      0.212     7.6109  1003.3567     4.8157     14.276         21 0.0000e+00
     15.000   0.638473    11.4202 7.9266e+00      0.278     7.6261  1003.3898     4.8247     15.296         14 0.0000e+00
     16.000   0.638070    11.3472 6.0580e+00      0.167     7.6199  1003.4080     4.8308     16.315         21 0.0000e+00
     17.000   0.636953    11.2010 4.7420e+00      0.219     7.6140  1003.4375     4.8407     17.335         19 0.0000e+00
     18.000   0.634629    10.9388 3.4781e+00      0.293     7.6214  1003.4842     4.8560     18.355         10 0.0000e+00
     19.000   0.629940    10.4761 2.6747e+00      0.311     7.6357  1003.5574     4.8786     19.375         16 0.0000e+00
     20.000   0.623478     9.8604 2.0102e+00      0.396     7.7184  1003.6480     4.9072     20.394          9 0.0000e+00
     21.000   0.616249     9.1458 1.5880e+00      0.211     7.7221  1003.7493     4.9433     21.414         13 0.0000e+00
     22.000   0.609624     8.5211 1.1295e+00      0.582     7.8113  1003.8306     4.9728     22.434          9 0.0000e+00
     23.000   0.601248     7.7409 9.9667e-01      0.109     7.8268  1003.9250     5.0094     23.454         16 0.0000e+00
     24.000   0.593924     7.0879 6.8100e-01      0.573     7.9482  1003.9956     5.0379     24.473          9 0.0000e+00
     25.000   0.588569     6.5204 5.9729e-01      0.186     7.9643  1004.0614     5.0723     25.493         15 0.0000e+00
     26.000   0.585139     6.1358 4.3542e-01      0.452     8.0151  1004.1063     5.0977     26.513          8 0.0000e+00
     27.000   0.579967     5.6113 3.6467e-01      0.500     8.1293  1004.1591     5.1284     27.532         11 0.0000e+00
     28.000   0.571346     4.6855 2.9014e-01      0.289     8.3217  1004.2449     5.1887     28.552         12 0.0000e+00
     29.000   0.570864     4.4155 2.4961e-01      0.319     8.3494  1004.2872     5.2265     29.572         13 0.0000e+00
     30.000   0.571805     4.3282 2.1261e-01      0.305     8.3372  1004.3125     5.2495     30.591         15 0.0000e+00
     31.000   0.572687     4.2437 1.7978e-01      0.180     8.3601  1004.3369     5.2716     31.611         14 0.0000e+00
     32.000   0.572589     4.1062 1.6548e-01      0.387     8.4142  1004.3615     5.2927     32.631         14 0.0000e+00
     33.000   0.572077     3.9452 1.3989e-01      0.181     8.4722  1004.3861     5.3136     33.651         12 0.0000e+00
     34.000   0.570781     3.7799 1.3469e-01      0.299     8.5014  1004.4049     5.3275     34.670         15 0.0000e+00
     35.000   0.568761     3.5903 1.1937e-01      0.352     8.5330  1004.4211     5.3383     35.690         11 0.0000e+00
     36.000   0.566206     3.3494 1.1373e-01      0.300     8.5579  1004.4397     5.3522     36.710         14 0.0000e+00
     37.000   0.564554     3.1525 1.0612e-01      0.356     8.6039  1004.4588     5.3681     37.729         11 0.0000e+00
     38.000   0.563894     3.0418 1.0162e-01      0.309     8.6225  1004.4737     5.3798     38.749         13 0.0000e+00
     39.000   0.563053     2.9190 9.7201e-02      0.300     8.6454  1004.4885     5.3916     39.769         13 0.0000e+00
     40.000   0.562145     2.7651 9.3900e-02      0.371     8.6669  1004.5069     5.4082     40.789         12 0.0000e+00
     41.000   0.562106     2.6884 9.1113e-02      0.289     8.6479  1004.5218     5.4207     41.808         12 0.0000e+00
     42.000   0.562340     2.6174 8.9077e-02      0.306     8.3333  1004.5381     5.4351     42.828         14 0.0000e+00
     43.000   0.563695     2.5893 8.7031e-02      0.321     7.9941  1004.5580     5.4538     43.848         12 0.0000e+00
     44.000   0.564166     2.5186 8.5708e-02      0.300     8.0778  1004.5762     5.4707     44.867         12 0.0000e+00
     45.000   0.565195     2.4734 8.4296e-02      0.306     7.9063  1004.5957     5.4890     45.887         15 0.0000e+00
     46.000   0.564152     2.4340 8.3240e-02      0.311     8.4984  1004.5972     5.4849     46.907          9 0.0000e+00
     47.000   0.562362     2.3584 8.2308e-02      0.589     8.7001  1004.5972     5.4792     47.927          9 0.0000e+00
     48.000   0.562146     2.3319 8.1734e-02      0.075     8.6472  1004.6037     5.4814     48.946         13 0.0000e+00
     49.000   0.562083     2.3028 8.0899e-02      0.661     8.6158  1004.6119     5.4857     49.966          7 0.0000e+00
     50.000   0.562401     2.2984 8.0493e-02      0.364     8.5921  1004.6200     5.4897     50.986         14 0.0000e+00
     51.000   0.562420     2.2677 7.9792e-02      0.318     8.5872  1004.6291     5.4951     52.005          8 0.0000e+00
     52.000   0.562772     2.2540 7.9565e-02      0.534     8.5877  1004.6387     5.5010     53.025         11 0.0000e+00
     53.000   0.563776     2.2664 7.9392e-02      0.198     8.6050  1004.6504     5.5092     54.045          9 0.0000e+00
     54.000   0.565365     2.2985 7.8930e-02      0.567     8.5980  1004.6642     5.5202     55.065          9 0.0000e+00
     55.000   0.566696     2.3331 7.8688e-02      0.285     8.5799  1004.6756     5.5279     56.084         13 0.0000e+00
     56.000   0.567745     2.3388 7.8482e-02      0.454     8.5424  1004.6885     5.5378     57.104          7 0.0000e+00
     57.000   0.568076     2.3063 7.8182e-02      0.539     8.5302  1004.7005     5.5468     58.124         11 0.0000e+00
     58.000   0.568504     2.3058 7.8042e-02      0.160     8.4983  1004.7090     5.5513     59.144         10 0.0000e+00
     59.000   0.568106     2.2540 7.7732e-02      0.643     8.4717  1004.7174     5.5560     60.163          7 0.0000e+00
     60.000   0.565436     2.0455 7.7649e-02      0.445     8.4563  1004.7274     5.5646     61.183         12 0.0000e+00
     61.000   0.564658     1.9500 7.7461e-02      0.189     8.4377  1004.7382     5.5731     62.203          8 0.0000e+00
     62.000   0.565141     1.9217 7.7314e-02      0.743     8.4188  1004.7509     5.5831     63.223          8 0.0000e+00
     63.000   0.566380     1.8916 7.7214e-02      0.208     8.3642  1004.7702     5.6015     64.242         12 0.0000e+00
     64.000   0.567904     1.8917 7.7103e-02      0.544     8.3016  1004.7880     5.6175     65.262          7 0.0000e+00
     65.000   0.568938     1.9024 7.7008e-02      0.576     8.2891  1004.8002     5.6264     66.282          9 0.0000e+00
     66.000   0.569665     1.9072 7.6821e-02      0.345     8.2895  1004.8106     5.6331     67.301         10 0.0000e+00
     67.000   0.570655     1.9152 7.6767e-02      0.387     8.2835  1004.8229     5.6421     68.321          9 0.0000e+00
     68.000   0.571580     1.9316 7.6697e-02      0.542     8.2665  1004.8334     5.6488     69.341          8 0.0000e+00
     69.000   0.572536     1.9535 7.6562e-02      0.391     8.2617  1004.8434     5.6548     70.360         12 0.0000e+00
     70.000   0.574639     2.0009 7.6434e-02      0.318     8.0971  1004.8598     5.6684     71.380          9 0.0000e+00
     71.000   0.579241     2.0954 7.6402e-02      0.668     7.8767  1004.8907     5.6998     72.400          7 0.0000e+00
     72.000   0.581869     2.1554 7.6232e-02      0.199     7.8327  1004.9096     5.7165     73.419         15 0.0000e+00
     73.000   0.583546     2.1936 7.5736e-02      0.545     7.7233  1004.9233     5.7271     74.439          5 0.0000e+00
     74.000   0.584909     2.2243 7.5989e-02      0.723     7.7157  1004.9353     5.7357     75.459         10 0.0000e+00
     75.000   0.585197     2.2370 7.5870e-02      0.010     7.6937  1004.9408     5.7363     76.479         12 0.0000e+00
     76.000   0.588091     2.2974 7.5801e-02      0.696     7.5356  1004.9615     5.7556     77.499          8 0.0000e+00
     77.000   0.591292     2.3691 7.5607e-02      0.151     7.3970  1004.9831     5.7760     78.518         11 0.0000e+00
     78.000   0.597097     2.4908 7.5579e-02      0.717     7.1911  1005.0190     5.8143     79.538          6 0.0000e+00
     79.000   0.599592     2.5486 7.5456e-02      0.324     7.1600  1005.0362     5.8296     80.558         17 0.0000e+00
     80.000   0.601392     2.5920 7.5287e-02      0.353     7.0699  1005.0497     5.8402     81.577          9 0.0000e+00
     81.000   0.604191     2.6521 7.5105e-02      0.483     7.0009  1005.0689     5.8582     82.597         11 0.0000e+00
     82.000   0.606040     2.6948 7.4988e-02      0.212     6.9541  1005.0827     5.8694     83.617         11 0.0000e+00
     83.000   0.608424     2.7475 7.4933e-02      0.552     6.7926  1005.0995     5.8843     84.636          7 0.0000e+00
     84.000   0.613113     2.8434 7.4862e-02      0.425     6.7127  1005.1286     5.9150     85.656         12 0.0000e+00
     85.000   0.615000     2.8876 7.4641e-02      0.325     6.6444  1005.1422     5.9262     86.676          8 0.0000e+00
     86.000   0.617943     2.9485 7.4695e-02      0.605     6.5571  1005.1619     5.9452     87.696          9 0.0000e+00
     87.000   0.620280     2.9996 7.4462e-02      0.253     6.5089  1005.1780     5.9596     88.715         10 0.0000e+00
     88.000   0.621826     3.0343 7.4472e-02      0.577     6.4034  1005.1901     5.9690     89.735          7 0.0000e+00
     89.000   0.626348     3.1244 7.4412e-02      0.560     6.2787  1005.2179     5.9985     90.755          9 0.0000e+00
     90.000   0.630746     3.2145 7.4317e-02      0.291     6.1725  1005.2443     6.0267     91.775          9 0.0000e+00
     91.000   0.633207     3.2636 7.4150e-02      0.605     6.1161  1005.2613     6.0426     92.794          7 0.0000e+00
     92.000   0.635648     3.3121 7.3992e-02      0.476     6.0665  1005.2782     6.0583     93.814         10 0.0000e+00
     93.000   0.638037     3.3610 7.3879e-02      0.388     5.9842  1005.2944     6.0734     94.834          9 0.0000e+00
     94.000   0.640730     3.4111 7.3826e-02      0.557     5.9556  1005.3130     6.0913     95.853          7 0.0000e+00
     95.000   0.640813     3.4160 7.3759e-02      0.484     5.9641  1005.3176     6.0911     96.873          9 0.0000e+00
     96.000   0.640755     3.4175 7.3604e-02      0.422     5.9640  1005.3217     6.0902     97.893          8 0.0000e+00
     97.000   0.641524     3.4326 7.3535e-02      0.514     5.9346  1005.3303     6.0950     98.912          9 0.0000e+00
     98.000   0.642452     3.4506 7.3444e-02      0.368     5.9172  1005.3396     6.1010     99.932          8 0.0000e+00
     99.000   0.643059     3.4626 7.3283e-02      0.649     5.8925  1005.3474     6.1048    100.952          7 0.0000e+00
    100.000   0.643791     3.4761 7.3294e-02      0.471     5.8896  1005.3559     6.1096    101.972         10 0.0000e+00
    101.000   0.644284     3.4868 7.3168e-02      0.368     5.8525  1005.3629     6.1125    102.991          8 0.0000e+00
    102.000   0.646268     3.5227 7.3048e-02      0.625     5.7989  1005.3778     6.1257    104.011          7 0.0000e+00
    103.000   0.647896     3.5533 7.2839e-02      0.458     5.7753  1005.3907     6.1364    105.031         10 0.0000e+00
    104.000   0.648734     3.5698 7.2862e-02      0.438     5.7582  1005.3995     6.1416    106.050          7 0.0000e+00
    105.000   0.649468     3.5838 7.2735e-02      0.556     5.7414  1005.4079     6.1463    107.070          8 0.0000e+00
    106.000   0.650318     3.5995 7.2696e-02      0.537     5.7193  1005.4169     6.1518    108.090          8 0.0000e+00
    107.000   0.651082     3.6135 7.2564e-02      0.420     5.7121  1005.4255     6.1568    109.109          9 0.0000e+00
    108.000   0.651498     3.6213 7.2477e-02      0.447     5.7026  1005.4323     6.1594    110.129          7 0.0000e+00
    109.000   0.652013     3.6305 7.2373e-02      0.656     5.6913  1005.4397     6.1628    111.149          8 0.0000e+00
    110.000   0.652571     3.6407 7.2144e-02      0.446     5.6814  1005.4473     6.1664    112.169          9 0.0000e+00
    111.000   0.653170     3.6515 7.2079e-02      0.453     5.6581  1005.4551     6.1703    113.189          8 0.0000e+00
    112.000   0.653803     3.6626 7.2048e-02      0.525     5.6551  1005.4631     6.1745    114.208          7 0.0000e+00
    113.000   0.654141     3.6690 7.1971e-02      0.637     5.6427  1005.4695     6.1766    115.228          6 0.0000e+00
    114.000   0.654634     3.6783 7.1814e-02      0.567     5.6315  1005.4767     6.1797    116.248         10 0.0000e+00
    115.000   0.655787     3.6992 7.1742e-02      0.195     5.5753  1005.4873     6.1873    117.267          8 0.0000e+00
    116.000   0.657757     3.7323 7.1653e-02      0.752     5.5352  1005.5022     6.2008    118.287          5 0.0000e+00
    117.000   0.659249     3.7573 7.1575e-02      0.885     5.5232  1005.5147     6.2110    119.307          7 0.0000e+00
    118.000   0.659782     3.7687 7.1525e-02      0.138     5.5151  1005.5218     6.2141    120.326         11 0.0000e+00
    119.000   0.660354     3.7784 7.1456e-02      0.567     5.5042  1005.5295     6.2179    121.346          6 0.0000e+00
    120.000   0.660638     3.7838 7.1339e-02      0.884     5.4896  1005.5356     6.2196    122.366          5 0.0000e+00
    121.000   0.661010     3.7905 7.1123e-02      0.581     5.4997  1005.5423     6.2220    123.386         10 0.0000e+00
    122.000   0.661175     3.7943 7.1057e-02      0.197     5.4892  1005.5477     6.2228    124.405          8 0.0000e+00
    123.000   0.661499     3.7998 7.0920e-02      0.729     5.4751  1005.5542     6.2249    125.425          5 0.0000e+00
    124.000   0.661932     3.8071 7.0949e-02      0.868     5.4759  1005.5612     6.2278    126.445          7 0.0000e+00
    125.000   0.662206     3.8123 7.0740e-02      0.301     5.4690  1005.5673     6.2294    127.464         10 0.0000e+00
    126.000   0.662523     3.8177 7.0642e-02      0.509     5.4604  1005.5737     6.2315    128.484          7 0.0000e+00
    127.000   0.662796     3.8223 7.0653e-02      0.735     5.4577  1005.5798     6.2332    129.504          6 0.0000e+00
    128.000   0.662950     3.8252 7.0508e-02      0.515     5.4586  1005.5854     6.2341    130.524         10 0.0000e+00
    129.000   0.663212     3.8297 7.0423e-02      0.335     5.4466  1005.5915     6.2358    131.543          8 0.0000e+00
    130.000   0.663535     3.8348 7.0273e-02      0.636     5.4426  1005.5980     6.2380    132.563          7 0.0000e+00
    131.000   0.663820     3.8395 7.0208e-02      0.488     5.4378  1005.6042     6.2398    133.583         10 0.0000e+00
