ctdpy/exports/archive_20200326_115716/received_data/c3_v04_19.cnv
* Sea-Bird SBE19plus Data File:
* FileName = C:\CTD\CTD 2019\k03v4\C3_K03v4_2019.hex
* Software Version 1.59
* Temperature SN =  4644
* Conductivity SN =  4644
* System UpLoad Time = Jan 23 2019 21:19:15
** C3_K03v04_2019
* ds
# nquan = 11
# nvalues = 195                         
# units = specified
# name 0 = prdM: Pressure, Strain Gauge [db]
# name 1 = c0S/m: Conductivity [S/m]
# name 2 = tv290C: Temperature [ITS-90, deg C]
# name 3 = par: PAR/Irradiance, Biospherical/Licor
# name 4 = dz/dtM: Descent Rate [m/s]
# name 5 = sbeox0ML/L: Oxygen, SBE 43 [ml/l]
# name 6 = density00: Density [density, kg/m^3]
# name 7 = sal00: Salinity, Practical [PSU]
# name 8 = depFM: Depth [fresh water, m], lat = 58
# name 9 = nbin: number of scans per bin
# name 10 = flag: flag
# span 0 =      1.000,    195.000       
# span 1 =   0.555849,   0.692394       
# span 2 =     2.7043,     4.2392       
# span 3 = 4.3595e-02, 3.0048e-01       
# span 4 =     -0.309,      1.405       
# span 5 =    -2.4991,    -2.4202       
# span 6 =  1004.2744,  1006.0655       
# span 7 =     5.3565,     6.4418       
# span 8 =      1.020,    198.845       
# span 9 =          3,         17       
# span 10 = 0.0000e+00, 0.0000e+00      
# interval = decibars: 1                
# start_time = Jan 23 2019 20:34:26 [Instrument's time stamp, header]
# bad_flag = -9.990e-29
*END*
      1.000   0.556209     2.7224 2.4777e-01     -0.309    -2.4934  1004.2744     5.3583      1.020          3 0.0000e+00
      2.000   0.555901     2.7106 3.0048e-01      0.350    -2.4903  1004.2783     5.3570      2.040          6 0.0000e+00
      3.000   0.555856     2.7087 1.7345e-01      0.866    -2.4912  1004.2830     5.3568      3.059          6 0.0000e+00
      4.000   0.555864     2.7082 8.8208e-02      0.700    -2.4920  1004.2880     5.3568      4.079          5 0.0000e+00
      5.000   0.555861     2.7078 6.7244e-02      0.813    -2.4914  1004.2929     5.3568      5.098          5 0.0000e+00
      6.000   0.555868     2.7074 4.6898e-02      0.802    -2.4911  1004.2979     5.3568      6.118          5 0.0000e+00
      7.000   0.555887     2.7072 4.3806e-02      0.651    -2.4944  1004.3029     5.3569      7.138          5 0.0000e+00
      8.000   0.555899     2.7075 4.4171e-02      0.785    -2.4934  1004.3078     5.3569      8.158          5 0.0000e+00
      9.000   0.555911     2.7079 4.3595e-02      0.916    -2.4924  1004.3127     5.3568      9.178          4 0.0000e+00
     10.000   0.555903     2.7074 4.3617e-02      0.998    -2.4941  1004.3176     5.3568     10.197          5 0.0000e+00
     11.000   0.555849     2.7050 4.3617e-02      0.876    -2.4950  1004.3223     5.3565     11.217          4 0.0000e+00
     12.000   0.555853     2.7043 4.3617e-02      0.801    -2.4952  1004.3273     5.3566     12.237          5 0.0000e+00
     13.000   0.555878     2.7046 4.3617e-02      0.904    -2.4947  1004.3323     5.3566     13.256          3 0.0000e+00
     14.000   0.555912     2.7055 4.3617e-02      1.142    -2.4951  1004.3373     5.3568     14.276          4 0.0000e+00
     15.000   0.555908     2.7052 4.3617e-02      1.159    -2.4952  1004.3422     5.3566     15.296          5 0.0000e+00
     16.000   0.555911     2.7045 4.3617e-02      0.799    -2.4959  1004.3472     5.3567     16.316          5 0.0000e+00
     17.000   0.555943     2.7051 4.3617e-02      0.596    -2.4966  1004.3522     5.3568     17.335          5 0.0000e+00
     18.000   0.556060     2.7083 4.3617e-02      0.906    -2.4957  1004.3576     5.3574     18.355          3 0.0000e+00
     19.000   0.556183     2.7120 4.3617e-02      1.195    -2.4951  1004.3630     5.3579     19.374          5 0.0000e+00
     20.000   0.556425     2.7194 4.3617e-02      0.940    -2.4929  1004.3688     5.3591     20.395          4 0.0000e+00
     21.000   0.556691     2.7267 4.3617e-02      0.647    -2.4962  1004.3749     5.3605     21.414          4 0.0000e+00
     22.000   0.556779     2.7292 4.3617e-02      0.919    -2.4991  1004.3802     5.3608     22.434          3 0.0000e+00
     23.000   0.556862     2.7324 4.3617e-02      1.346    -2.4968  1004.3853     5.3611     23.454          4 0.0000e+00
     24.000   0.556864     2.7315 4.3617e-02      1.405    -2.4949  1004.3903     5.3612     24.473          4 0.0000e+00
     25.000   0.556856     2.7307 4.3617e-02      0.866    -2.4930  1004.3952     5.3611     25.493          5 0.0000e+00
     26.000   0.556974     2.7362 4.3617e-02      0.567    -2.4930  1004.4003     5.3613     26.513          5 0.0000e+00
     27.000   0.557077     2.7417 4.3617e-02      0.850    -2.4953  1004.4052     5.3613     27.532          3 0.0000e+00
     28.000   0.557262     2.7503 4.3617e-02      1.236    -2.4944  1004.4105     5.3617     28.552          4 0.0000e+00
     29.000   0.557666     2.7674 4.3617e-02      1.278    -2.4927  1004.4164     5.3628     29.572          4 0.0000e+00
     30.000   0.557995     2.7810 4.3617e-02      0.948    -2.4931  1004.4221     5.3639     30.592          4 0.0000e+00
     31.000   0.558103     2.7870 4.3617e-02      0.748    -2.4934  1004.4270     5.3639     31.611          4 0.0000e+00
     32.000   0.558307     2.7948 4.3617e-02      0.963    -2.4938  1004.4326     5.3645     32.631          4 0.0000e+00
     33.000   0.558452     2.8008 4.3617e-02      1.253    -2.4935  1004.4378     5.3649     33.651          3 0.0000e+00
     34.000   0.558532     2.8044 4.3617e-02      1.197    -2.4971  1004.4428     5.3651     34.670          5 0.0000e+00
     35.000   0.558349     2.7976 4.3617e-02      0.820    -2.4964  1004.4470     5.3642     35.690          5 0.0000e+00
     36.000   0.558129     2.7881 4.3617e-02      0.654    -2.4938  1004.4514     5.3634     36.710          4 0.0000e+00
     37.000   0.557851     2.7761 4.3617e-02      0.962    -2.4940  1004.4555     5.3625     37.730          4 0.0000e+00
     38.000   0.557861     2.7785 4.3617e-02      1.117    -2.4973  1004.4602     5.3621     38.749          5 0.0000e+00
     39.000   0.558459     2.8034 4.3617e-02      0.665    -2.4987  1004.4666     5.3639     39.769          6 0.0000e+00
     40.000   0.558426     2.8028 4.3617e-02      0.535    -2.4966  1004.4713     5.3636     40.789          5 0.0000e+00
     41.000   0.558259     2.7947 4.3617e-02      0.945    -2.4981  1004.4758     5.3632     41.808          3 0.0000e+00
     42.000   0.558062     2.7868 4.3617e-02      1.299    -2.4990  1004.4801     5.3623     42.828          4 0.0000e+00
     43.000   0.558020     2.7860 4.3617e-02      1.003    -2.4980  1004.4847     5.3620     43.848          6 0.0000e+00
     44.000   0.558007     2.7848 4.3617e-02      0.512    -2.4988  1004.4896     5.3619     44.868          4 0.0000e+00
     45.000   0.557931     2.7806 4.3617e-02      0.742    -2.4935  1004.4944     5.3617     45.887          4 0.0000e+00
     46.000   0.558039     2.7852 4.3617e-02      1.217    -2.4921  1004.4996     5.3620     46.907          4 0.0000e+00
     47.000   0.558288     2.7948 4.3617e-02      1.253    -2.4857  1004.5051     5.3628     47.927          4 0.0000e+00
     48.000   0.558969     2.8282 4.3617e-02      0.732    -2.4826  1004.5111     5.3641     48.946          5 0.0000e+00
     49.000   0.560699     2.9006 4.3617e-02      0.666    -2.4770  1004.5203     5.3696     49.966          5 0.0000e+00
     50.000   0.561878     2.9516 4.3617e-02      0.991    -2.4790  1004.5278     5.3730     50.986          3 0.0000e+00
     51.000   0.563309     3.0064 4.3617e-02      1.191    -2.4785  1004.5368     5.3784     52.005          4 0.0000e+00
     52.000   0.564551     3.0539 4.3617e-02      1.090    -2.4756  1004.5451     5.3830     53.025          5 0.0000e+00
     53.000   0.565284     3.0836 4.3617e-02      0.735    -2.4743  1004.5518     5.3854     54.045          5 0.0000e+00
     54.000   0.565661     3.0978 4.3617e-02      0.651    -2.4733  1004.5578     5.3868     55.065          4 0.0000e+00
     55.000   0.566512     3.1188 4.3617e-02      1.023    -2.4749  1004.5666     5.3918     56.084          4 0.0000e+00
     56.000   0.568306     3.1470 4.3617e-02      1.213    -2.4748  1004.5820     5.4052     57.104          4 0.0000e+00
     57.000   0.569068     3.1554 4.3617e-02      0.857    -2.4751  1004.5919     5.4115     58.124          6 0.0000e+00
     58.000   0.569751     3.1487 4.3617e-02      0.606    -2.4730  1004.6032     5.4194     59.143          4 0.0000e+00
     59.000   0.570465     3.1411 4.3617e-02      0.869    -2.4726  1004.6149     5.4279     60.163          5 0.0000e+00
     60.000   0.571083     3.1452 4.3617e-02      1.026    -2.4703  1004.6242     5.4334     61.183          4 0.0000e+00
     61.000   0.572398     3.1640 4.3617e-02      1.006    -2.4729  1004.6370     5.4435     62.203          4 0.0000e+00
     62.000   0.573502     3.1828 4.3617e-02      0.915    -2.4699  1004.6482     5.4514     63.222          4 0.0000e+00
     63.000   0.574233     3.1931 4.3617e-02      0.926    -2.4714  1004.6575     5.4570     64.242          4 0.0000e+00
     64.000   0.575327     3.2044 4.3617e-02      1.003    -2.4712  1004.6696     5.4661     65.262          4 0.0000e+00
     65.000   0.576619     3.2156 4.3617e-02      1.036    -2.4720  1004.6833     5.4772     66.281          4 0.0000e+00
     66.000   0.577246     3.2184 4.3617e-02      1.038    -2.4718  1004.6928     5.4831     67.301          3 0.0000e+00
     67.000   0.577660     3.2178 4.3617e-02      1.124    -2.4727  1004.7011     5.4872     68.321          4 0.0000e+00
     68.000   0.578132     3.2180 4.3617e-02      1.253    -2.4727  1004.7097     5.4919     69.341          3 0.0000e+00
     69.000   0.578574     3.2184 4.3617e-02      1.212    -2.4732  1004.7180     5.4962     70.360          4 0.0000e+00
     70.000   0.579171     3.2176 4.3617e-02      1.093    -2.4727  1004.7278     5.5023     71.380          3 0.0000e+00
     71.000   0.579650     3.2159 4.3617e-02      1.062    -2.4739  1004.7368     5.5073     72.400          4 0.0000e+00
     72.000   0.579964     3.2123 4.3617e-02      1.112    -2.4738  1004.7447     5.5111     73.420          3 0.0000e+00
     73.000   0.580436     3.2097 4.3617e-02      1.138    -2.4729  1004.7537     5.5162     74.439          4 0.0000e+00
     74.000   0.581054     3.2126 4.3617e-02      1.159    -2.4747  1004.7631     5.5219     75.459          3 0.0000e+00
     75.000   0.581632     3.2190 4.3617e-02      1.207    -2.4748  1004.7717     5.5266     76.479          3 0.0000e+00
     76.000   0.582190     3.2253 4.3617e-02      1.267    -2.4729  1004.7802     5.5311     77.499          4 0.0000e+00
     77.000   0.582649     3.2256 4.3617e-02      1.230    -2.4739  1004.7887     5.5355     78.518          3 0.0000e+00
     78.000   0.583012     3.2211 4.3617e-02      1.055    -2.4770  1004.7971     5.5399     79.538          4 0.0000e+00
     79.000   0.583342     3.2172 4.3617e-02      0.965    -2.4746  1004.8052     5.5439     80.558          4 0.0000e+00
     80.000   0.583643     3.2160 4.3617e-02      1.091    -2.4739  1004.8127     5.5470     81.577          3 0.0000e+00
     81.000   0.583874     3.2153 4.3617e-02      1.323    -2.4749  1004.8195     5.5494     82.597          3 0.0000e+00
     82.000   0.584019     3.2153 4.3617e-02      1.373    -2.4747  1004.8255     5.5508     83.617          4 0.0000e+00
     83.000   0.584265     3.2166 4.3617e-02      1.070    -2.4735  1004.8321     5.5529     84.636          4 0.0000e+00
     84.000   0.585085     3.2217 4.3617e-02      0.844    -2.4699  1004.8429     5.5603     85.656          4 0.0000e+00
     85.000   0.586824     3.2357 4.3617e-02      0.905    -2.4597  1004.8597     5.5754     86.676          4 0.0000e+00
     86.000   0.588685     3.2564 4.3617e-02      1.037    -2.4555  1004.8766     5.5907     87.696          4 0.0000e+00
     87.000   0.590748     3.2859 4.3617e-02      1.057    -2.4537  1004.8937     5.6064     88.715          5 0.0000e+00
     88.000   0.596358     3.3625 4.3617e-02      0.828    -2.4524  1004.9324     5.6499     89.735          4 0.0000e+00
     89.000   0.603274     3.4433 4.3617e-02      0.763    -2.4515  1004.9808     5.7057     90.755          5 0.0000e+00
     90.000   0.608122     3.4906 4.3617e-02      1.009    -2.4528  1005.0174     5.7463     91.775          3 0.0000e+00
     91.000   0.610746     3.5153 4.3617e-02      1.141    -2.4497  1005.0395     5.7683     92.794          4 0.0000e+00
     92.000   0.612331     3.5320 4.3617e-02      0.953    -2.4473  1005.0545     5.7813     93.814          5 0.0000e+00
     93.000   0.613029     3.5422 4.3617e-02      0.837    -2.4491  1005.0633     5.7864     94.834          3 0.0000e+00
     94.000   0.614034     3.5548 4.3617e-02      1.046    -2.4478  1005.0742     5.7942     95.853          4 0.0000e+00
     95.000   0.615299     3.5659 4.3617e-02      1.198    -2.4484  1005.0874     5.8049     96.873          4 0.0000e+00
     96.000   0.616441     3.5744 4.3617e-02      1.122    -2.4434  1005.1001     5.8148     97.893          3 0.0000e+00
     97.000   0.617657     3.5821 4.3617e-02      1.049    -2.4426  1005.1134     5.8256     98.913          3 0.0000e+00
     98.000   0.619575     3.5941 4.3617e-02      1.187    -2.4492  1005.1318     5.8427     99.932          4 0.0000e+00
     99.000   0.621883     3.6116 4.3617e-02      1.319    -2.4491  1005.1524     5.8627    100.952          3 0.0000e+00
    100.000   0.624914     3.6298 4.3617e-02      1.316    -2.4476  1005.1786     5.8900    101.972          3 0.0000e+00
    101.000   0.628892     3.6292 4.3617e-02      1.230    -2.4497  1005.2154     5.9301    102.991          3 0.0000e+00
    102.000   0.631543     3.5980 4.3617e-02      1.159    -2.4478  1005.2466     5.9625    104.011          4 0.0000e+00
    103.000   0.633411     3.5775 4.3617e-02      1.197    -2.4418  1005.2698     5.9850    105.031          3 0.0000e+00
    104.000   0.635471     3.5770 4.3617e-02      1.303    -2.4420  1005.2913     6.0059    106.050          3 0.0000e+00
    105.000   0.637373     3.5880 4.3617e-02      1.250    -2.4389  1005.3097     6.0230    107.070          4 0.0000e+00
    106.000   0.639233     3.6051 4.3617e-02      0.964    -2.4358  1005.3266     6.0385    108.090          4 0.0000e+00
    107.000   0.641296     3.6305 4.3617e-02      0.899    -2.4334  1005.3438     6.0545    109.109          3 0.0000e+00
    108.000   0.643629     3.6608 4.3617e-02      1.138    -2.4282  1005.3623     6.0724    110.129          4 0.0000e+00
    109.000   0.646787     3.7124 4.3617e-02      1.332    -2.4300  1005.3839     6.0945    111.149          3 0.0000e+00
    110.000   0.649913     3.7603 4.3617e-02      1.302    -2.4332  1005.4057     6.1170    112.169          4 0.0000e+00
    111.000   0.652378     3.7928 4.3617e-02      1.089    -2.4316  1005.4247     6.1356    113.189          3 0.0000e+00
    112.000   0.654694     3.8229 4.3617e-02      0.940    -2.4308  1005.4429     6.1532    114.208          4 0.0000e+00
    113.000   0.656172     3.8337 4.3617e-02      1.016    -2.4313  1005.4577     6.1659    115.228          3 0.0000e+00
    114.000   0.657360     3.8333 4.3617e-02      1.218    -2.4335  1005.4721     6.1778    116.247          4 0.0000e+00
    115.000   0.658508     3.8293 4.3617e-02      1.349    -2.4364  1005.4868     6.1901    117.268          3 0.0000e+00
    116.000   0.659190     3.8223 4.3617e-02      1.155    -2.4356  1005.4982     6.1981    118.287          5 0.0000e+00
    117.000   0.659553     3.8043 4.3617e-02      0.803    -2.4360  1005.5090     6.2051    119.307          4 0.0000e+00
    118.000   0.659900     3.7797 4.3617e-02      0.788    -2.4370  1005.5209     6.2131    120.326          4 0.0000e+00
    119.000   0.660436     3.7711 4.3617e-02      1.097    -2.4361  1005.5314     6.2201    121.346          3 0.0000e+00
    120.000   0.661054     3.7691 4.3617e-02      1.308    -2.4374  1005.5415     6.2266    122.366          5 0.0000e+00
    121.000   0.661406     3.7660 4.3617e-02      0.867    -2.4358  1005.5497     6.2306    123.386          5 0.0000e+00
    122.000   0.661832     3.7648 4.3617e-02      0.584    -2.4386  1005.5581     6.2350    124.405          5 0.0000e+00
    123.000   0.662287     3.7655 4.3617e-02      0.869    -2.4380  1005.5665     6.2394    125.425          4 0.0000e+00
    124.000   0.662902     3.7677 4.3617e-02      1.069    -2.4383  1005.5758     6.2451    126.445          4 0.0000e+00
    125.000   0.663330     3.7689 4.3617e-02      1.080    -2.4368  1005.5838     6.2490    127.465          4 0.0000e+00
    126.000   0.663681     3.7708 4.3617e-02      0.847    -2.4378  1005.5911     6.2521    128.484          5 0.0000e+00
    127.000   0.663909     3.7720 4.3617e-02      0.675    -2.4384  1005.5975     6.2541    129.504          5 0.0000e+00
    128.000   0.664044     3.7719 4.3617e-02      0.884    -2.4398  1005.6034     6.2553    130.523          3 0.0000e+00
    129.000   0.664386     3.7715 4.3617e-02      1.137    -2.4375  1005.6110     6.2588    131.543          4 0.0000e+00
    130.000   0.665017     3.7720 4.3617e-02      1.135    -2.4404  1005.6208     6.2649    132.563          4 0.0000e+00
    131.000   0.665590     3.7730 4.3617e-02      0.924    -2.4380  1005.6300     6.2704    133.583          5 0.0000e+00
