ctdpy/exports/archive_20200326_115716/received_data/c3_v20_19.cnv
* Sea-Bird SBE19plus Data File:
* FileName = C:\CTD\CTD 2019\v20\C3_v20_19.hex
* Software Version 1.59
* Temperature SN =  4644
* Conductivity SN =  4644
* System UpLoad Time = May 15 2019 23:08:07
** 2019 V20 K14 C3
* ds
# nquan = 11
# nvalues = 196                         
# units = specified
# name 0 = prdM: Pressure, Strain Gauge [db]
# name 1 = c0S/m: Conductivity [S/m]
# name 2 = tv290C: Temperature [ITS-90, deg C]
# name 3 = par: PAR/Irradiance, Biospherical/Licor
# name 4 = dz/dtM: Descent Rate [m/s]
# name 5 = sbeox0ML/L: Oxygen, SBE 43 [ml/l]
# name 6 = density00: Density [density, kg/m^3]
# name 7 = sal00: Salinity, Practical [PSU]
# name 8 = depFM: Depth [fresh water, m], lat = 58
# name 9 = nbin: number of scans per bin
# name 10 = flag: flag
# span 0 =      1.000,    196.000       
# span 1 =   0.547300,   0.684791       
# span 2 =     1.3937,     4.3253       
# span 3 = 5.5183e-02, 2.8852e+00       
# span 4 =     -0.116,      0.931       
# span 5 =     4.7068,    10.3152       
# span 6 =  1004.0831,  1006.0219       
# span 7 =     5.1368,     6.3779       
# span 8 =      1.020,    199.865       
# span 9 =          4,         18       
# span 10 = 0.0000e+00, 0.0000e+00      
# interval = decibars: 1                
# start_time = May 15 2019 22:33:12 [Instrument's time stamp, header]
# bad_flag = -9.990e-29
*END*
[from data line 132]
    133.000   0.675478     4.0680 6.2250e-02      0.701     5.3369  1005.6665     6.3129    135.622          6 0.0000e+00
    134.000   0.675751     4.0726 6.2169e-02      0.662     5.3219  1005.6726     6.3146    136.642          6 0.0000e+00
    135.000   0.676192     4.0781 6.2124e-02      0.664     5.3366  1005.6799     6.3179    137.662          6 0.0000e+00
    136.000   0.676702     4.0842 6.2123e-02      0.670     5.3003  1005.6876     6.3217    138.681          6 0.0000e+00
    137.000   0.677240     4.0911 6.1989e-02      0.664     5.2695  1005.6955     6.3256    139.701          6 0.0000e+00
    138.000   0.677480     4.0942 6.1872e-02      0.677     5.2770  1005.7016     6.3273    140.721          6 0.0000e+00
    139.000   0.677559     4.0952 6.1983e-02      0.669     5.2735  1005.7069     6.3278    141.740          6 0.0000e+00
    140.000   0.677639     4.0960 6.1895e-02      0.655     5.2924  1005.7121     6.3283    142.760          6 0.0000e+00
    141.000   0.677733     4.0973 6.1842e-02      0.670     5.2856  1005.7174     6.3289    143.780          6 0.0000e+00
    142.000   0.677915     4.0996 6.1890e-02      0.673     5.2708  1005.7233     6.3301    144.800          6 0.0000e+00
    143.000   0.678066     4.1018 6.1721e-02      0.682     5.2577  1005.7288     6.3311    145.819          6 0.0000e+00
    144.000   0.678342     4.1050 6.1700e-02      0.685     5.2528  1005.7352     6.3332    146.839          6 0.0000e+00
    145.000   0.678539     4.1078 6.1604e-02      0.667     5.2542  1005.7411     6.3345    147.859          6 0.0000e+00
    146.000   0.678773     4.1106 6.1557e-02      0.643     5.2549  1005.7472     6.3362    148.879          6 0.0000e+00
    147.000   0.679029     4.1136 6.1554e-02      0.654     5.2498  1005.7535     6.3380    149.898          6 0.0000e+00
    148.000   0.679232     4.1163 6.1464e-02      0.643     5.2431  1005.7594     6.3394    150.918          6 0.0000e+00
    149.000   0.679356     4.1179 6.1534e-02      0.670     5.2587  1005.7649     6.3402    151.938          6 0.0000e+00
    150.000   0.679435     4.1188 6.1509e-02      0.665     5.2780  1005.7701     6.3407    152.957          6 0.0000e+00
    151.000   0.679574     4.1203 6.1334e-02      0.658     5.2810  1005.7757     6.3417    153.977          6 0.0000e+00
    152.000   0.679790     4.1231 6.1204e-02      0.667     5.2803  1005.7817     6.3432    154.997          6 0.0000e+00
    153.000   0.679971     4.1252 6.1220e-02      0.652     5.2810  1005.7875     6.3445    156.017          7 0.0000e+00
    154.000   0.680042     4.1261 6.1171e-02      0.668     5.2771  1005.7927     6.3449    157.036          6 0.0000e+00
    155.000   0.680143     4.1274 6.1127e-02      0.670     5.2503  1005.7981     6.3456    158.056          6 0.0000e+00
    156.000   0.680239     4.1288 6.1054e-02      0.657     5.2435  1005.8034     6.3462    159.076          6 0.0000e+00
    157.000   0.680451     4.1313 6.0937e-02      0.668     5.2371  1005.8094     6.3477    160.095          6 0.0000e+00
    158.000   0.680702     4.1343 6.0851e-02      0.664     5.2312  1005.8156     6.3495    161.115          6 0.0000e+00
    159.000   0.680822     4.1359 6.0872e-02      0.671     5.2309  1005.8210     6.3503    162.135          5 0.0000e+00
    160.000   0.680939     4.1373 6.0773e-02      0.682     5.2139  1005.8265     6.3511    163.155          7 0.0000e+00
    161.000   0.681112     4.1395 6.0743e-02      0.655     5.2080  1005.8323     6.3523    164.174          6 0.0000e+00
    162.000   0.681241     4.1410 6.0799e-02      0.626     5.2057  1005.8378     6.3531    165.194          6 0.0000e+00
    163.000   0.681354     4.1423 6.0589e-02      0.618     5.2060  1005.8432     6.3539    166.214          7 0.0000e+00
    164.000   0.681473     4.1437 6.0607e-02      0.593     5.2017  1005.8487     6.3547    167.234          6 0.0000e+00
    165.000   0.681509     4.1442 6.0550e-02      0.616     5.2052  1005.8537     6.3549    168.253          7 0.0000e+00
    166.000   0.681542     4.1446 6.0591e-02      0.594     5.1965  1005.8586     6.3550    169.273          7 0.0000e+00
    167.000   0.681598     4.1452 6.0439e-02      0.578     5.1751  1005.8637     6.3553    170.293          7 0.0000e+00
    168.000   0.681655     4.1458 6.0261e-02      0.528     5.2028  1005.8689     6.3557    171.312          8 0.0000e+00
    169.000   0.681790     4.1474 6.0295e-02      0.507     5.2140  1005.8744     6.3566    172.332          8 0.0000e+00
    170.000   0.681908     4.1488 6.0167e-02      0.517     5.2132  1005.8799     6.3574    173.352          7 0.0000e+00
    171.000   0.682047     4.1506 6.0163e-02      0.522     5.2173  1005.8855     6.3583    174.371          8 0.0000e+00
    172.000   0.682215     4.1528 6.0010e-02      0.549     5.2149  1005.8911     6.3595    175.391          7 0.0000e+00
    173.000   0.682380     4.1547 6.0075e-02      0.530     5.2108  1005.8969     6.3606    176.411          8 0.0000e+00
    174.000   0.682544     4.1566 5.9916e-02      0.533     5.2228  1005.9026     6.3618    177.431          7 0.0000e+00
    175.000   0.682874     4.1607 5.9927e-02      0.545     5.2230  1005.9093     6.3642    178.450          8 0.0000e+00
    176.000   0.683069     4.1632 5.9765e-02      0.548     5.2106  1005.9151     6.3655    179.470          7 0.0000e+00
    177.000   0.683317     4.1662 5.9686e-02      0.575     5.1901  1005.9213     6.3673    180.490          7 0.0000e+00
    178.000   0.683443     4.1677 5.9622e-02      0.564     5.1858  1005.9268     6.3682    181.510          7 0.0000e+00
    179.000   0.683559     4.1690 5.9566e-02      0.575     5.1778  1005.9323     6.3690    182.529          7 0.0000e+00
    180.000   0.683708     4.1706 5.9528e-02      0.578     5.1543  1005.9380     6.3700    183.549          7 0.0000e+00
    181.000   0.683848     4.1722 5.9532e-02      0.582     5.1456  1005.9435     6.3710    184.568          6 0.0000e+00
    182.000   0.683939     4.1728 5.9408e-02      0.589     5.1435  1005.9489     6.3717    185.588          7 0.0000e+00
    183.000   0.684012     4.1724 5.9335e-02      0.563     5.1176  1005.9544     6.3724    186.608          8 0.0000e+00
    184.000   0.684086     4.1725 5.9265e-02      0.321     5.0983  1005.9597     6.3730    187.628         18 0.0000e+00
    185.000   0.684134     4.1728 5.8797e-02      0.148     5.0343  1005.9648     6.3733    188.647         16 0.0000e+00
    186.000   0.684186     4.1737 5.8685e-02      0.274     4.9834  1005.9698     6.3735    189.667         13 0.0000e+00
    187.000   0.684246     4.1746 5.8470e-02      0.287     4.9540  1005.9749     6.3738    190.687         18 0.0000e+00
    188.000   0.684306     4.1750 5.8304e-02      0.198     4.9032  1005.9801     6.3742    191.707         16 0.0000e+00
    189.000   0.684430     4.1759 5.8232e-02      0.357     4.8702  1005.9857     6.3752    192.726         11 0.0000e+00
    190.000   0.684539     4.1765 5.8114e-02      0.405     4.8350  1005.9912     6.3760    193.746          9 0.0000e+00
    191.000   0.684659     4.1772 5.8016e-02      0.442     4.8114  1005.9968     6.3770    194.766         10 0.0000e+00
    192.000   0.684730     4.1775 5.7857e-02      0.335     4.7999  1006.0021     6.3775    195.785         13 0.0000e+00
    193.000   0.684763     4.1775 5.7801e-02      0.319     4.7770  1006.0071     6.3777    196.805         15 0.0000e+00
    194.000   0.684785     4.1779 5.7267e-02      0.123     4.7694  1006.0120     6.3778    197.825         16 0.0000e+00
    195.000   0.684784     4.1771 5.6492e-02      0.104     4.7444  1006.0169     6.3778    198.845         16 0.0000e+00
    196.000   0.684791     4.1763 5.5183e-02      0.347     4.7068  1006.0219     6.3779    199.865          5 0.0000e+00
