ctdpy/exports/archive_20200326_115716/received_data/c3_v24_19.cnv
* Sea-Bird SBE19plus Data File:
* FileName = C:\CTD\CTD 2019\v24\C3_v24_19.hex
* Software Version 1.59
* Temperature SN =  4644
* Conductivity SN =  4644
* System UpLoad Time = Jun 11 2019 08:00:35
** C3_v24_19
* ds
# nquan = 11
# nvalues = 196                         
# units = specified
# name 0 = prdM: Pressure, Strain Gauge [db]
# name 1 = c0S/m: Conductivity [S/m]
# name 2 = tv290C: Temperature [ITS-90, deg C]
# name 3 = par: PAR/Irradiance, Biospherical/Licor
# name 4 = dz/dtM: Descent Rate [m/s]
# name 5 = sbeox0ML/L: Oxygen, SBE 43 [ml/l]
# name 6 = density00: Density [density, kg/m^3]
# name 7 = sal00: Salinity, Practical [PSU]
# name 8 = depFM: Depth [fresh water, m], lat = 58
# name 9 = nbin: number of scans per bin
# name 10 = flag: flag
# span 0 =      1.000,    196.000       
# span 1 =   0.564477,   0.683844       
# span 2 =     1.6615,     9.3716       
# span 3 = 4.3617e-02, 6.0314e+02       
# span 4 =      0.043,      0.545       
# span 5 =     4.3450,     9.0646       
# span 6 =  1003.7659,  1006.0168       
# span 7 =     5.1130,     6.3716       
# span 8 =      1.020,    199.864       
# span 9 =          7,         12       
# span 10 = 0.0000e+00, 0.0000e+00      
# interval = decibars: 1                
# start_time = Jun 11 2019 07:02:09 [Instrument's time stamp, header]
# bad_flag = -9.990e-29
*END*
      1.000   0.639562     9.3716 6.0314e+02      0.043     8.4866  1003.7659     5.1130      1.020          9 0.0000e+00
      2.000   0.637787     9.2522 4.0733e+02      0.319     8.5556  1003.7830     5.1147      2.040         11 0.0000e+00
      3.000   0.636456     9.1596 2.4170e+02      0.404     8.5550  1003.7976     5.1164      3.059         10 0.0000e+00
      4.000   0.636624     9.1643 1.6592e+02      0.436     8.5503  1003.8025     5.1171      4.079          9 0.0000e+00
      5.000   0.635081     9.0364 1.1998e+02      0.440     8.6113  1003.8226     5.1221      5.099          9 0.0000e+00
      6.000   0.631297     8.7656 8.2767e+01      0.452     8.6473  1003.8557     5.1281      6.118          9 0.0000e+00
      7.000   0.629772     8.6539 5.5952e+01      0.468     8.6698  1003.8722     5.1309      7.138          9 0.0000e+00
      8.000   0.628984     8.5844 4.0336e+01      0.451     8.6709  1003.8852     5.1340      8.158          8 0.0000e+00
      9.000   0.629326     8.5880 2.8681e+01      0.481     8.6765  1003.8915     5.1364      9.177          9 0.0000e+00
     10.000   0.628584     8.5300 2.1749e+01      0.426     8.6773  1003.9025     5.1382     10.197          9 0.0000e+00
     11.000   0.628623     8.5139 1.5939e+01      0.456     8.6780  1003.9107     5.1408     11.217          9 0.0000e+00
     12.000   0.628044     8.4600 1.2106e+01      0.402     8.6652  1003.9220     5.1434     12.237         10 0.0000e+00
     13.000   0.623814     8.1373 9.0305e+00      0.428     8.7434  1003.9597     5.1532     13.256         10 0.0000e+00
     14.000   0.612544     7.1995 6.8438e+00      0.404     8.9575  1004.0608     5.1913     14.276          9 0.0000e+00
     15.000   0.602583     6.2268 5.2592e+00      0.393     9.0646  1004.1668     5.2474     15.296         11 0.0000e+00
     16.000   0.600825     6.0119 4.0554e+00      0.375     8.8596  1004.1954     5.2641     16.315         11 0.0000e+00
     17.000   0.601892     5.9303 3.1445e+00      0.376     8.4270  1004.2220     5.2868     17.335         10 0.0000e+00
     18.000   0.603450     5.8724 2.4255e+00      0.402     8.3766  1004.2483     5.3104     18.355         10 0.0000e+00
     19.000   0.603084     5.7957 1.8849e+00      0.403     8.5006  1004.2634     5.3189     19.375         10 0.0000e+00
     20.000   0.599980     5.6606 1.4684e+00      0.421     8.8442  1004.2677     5.3108     20.394          9 0.0000e+00
     21.000   0.597919     5.4925 1.1545e+00      0.397     8.4911  1004.2851     5.3177     21.414         10 0.0000e+00
     22.000   0.598520     5.4304 9.0900e-01      0.407     8.4362  1004.3047     5.3331     22.434         10 0.0000e+00
     23.000   0.597832     5.3782 7.2415e-01      0.390     8.5151  1004.3130     5.3348     23.454         10 0.0000e+00
     24.000   0.597285     5.3100 5.7497e-01      0.427     8.4554  1004.3249     5.3404     24.473         10 0.0000e+00
     25.000   0.596325     5.2081 4.6354e-01      0.380     8.5509  1004.3391     5.3473     25.493         10 0.0000e+00
     26.000   0.594000     5.0527 3.7304e-01      0.413     8.4951  1004.3515     5.3498     26.513         10 0.0000e+00
     27.000   0.594900     5.0617 3.0352e-01      0.409     8.4431  1004.3617     5.3569     27.532         10 0.0000e+00
     28.000   0.597396     5.1148 2.4980e-01      0.419     8.4213  1004.3769     5.3723     28.552          9 0.0000e+00
     29.000   0.598548     5.0950 2.0762e-01      0.400     8.4549  1004.3937     5.3865     29.572         10 0.0000e+00
     30.000   0.596152     4.9548 1.7550e-01      0.411     8.4830  1004.4029     5.3860     30.591         10 0.0000e+00
     31.000   0.595238     4.8675 1.4961e-01      0.425     8.4841  1004.4148     5.3912     31.611          9 0.0000e+00
     32.000   0.593467     4.7267 1.3035e-01      0.432     8.5361  1004.4285     5.3967     32.631          9 0.0000e+00
     33.000   0.591170     4.5674 1.1489e-01      0.449     8.6689  1004.4408     5.4002     33.651          9 0.0000e+00
     34.000   0.586908     4.1745 1.0326e-01      0.442     8.7368  1004.4732     5.4228     34.670          9 0.0000e+00
     35.000   0.578142     3.7104 9.4204e-02      0.459     8.8032  1004.4785     5.4125     35.690          9 0.0000e+00
     36.000   0.573771     3.4215 8.7066e-02      0.460     8.7943  1004.4904     5.4166     36.710          9 0.0000e+00
     37.000   0.571887     3.2784 8.1561e-02      0.455     8.8021  1004.5005     5.4215     37.729          9 0.0000e+00
     38.000   0.570921     3.1603 7.7216e-02      0.437     8.7589  1004.5143     5.4314     38.749          9 0.0000e+00
     39.000   0.571162     3.1415 7.3734e-02      0.431     8.7633  1004.5237     5.4370     39.769          9 0.0000e+00
     40.000   0.572595     3.1555 7.0968e-02      0.450     8.7204  1004.5383     5.4491     40.789          9 0.0000e+00
     41.000   0.571909     3.0089 6.8686e-02      0.453     8.6714  1004.5581     5.4669     41.808          9 0.0000e+00
     42.000   0.569939     2.8510 6.6993e-02      0.444     8.6751  1004.5689     5.4735     42.828          9 0.0000e+00
     43.000   0.568260     2.7103 6.5488e-02      0.435     8.7509  1004.5793     5.4802     43.848          9 0.0000e+00
     44.000   0.567263     2.5906 6.4280e-02      0.452     8.7367  1004.5922     5.4904     44.867          9 0.0000e+00
     45.000   0.567051     2.5432 6.3355e-02      0.446     8.6773  1004.6017     5.4963     45.887          9 0.0000e+00
     46.000   0.567208     2.4771 6.2526e-02      0.431     8.5638  1004.6168     5.5092     46.907          9 0.0000e+00
     47.000   0.567303     2.4241 6.1844e-02      0.409     8.6194  1004.6296     5.5193     47.927         10 0.0000e+00
     48.000   0.566773     2.3253 6.1231e-02      0.434     8.6319  1004.6432     5.5308     48.946          9 0.0000e+00
     49.000   0.565509     2.2135 6.0778e-02      0.428     8.5248  1004.6524     5.5370     49.966         10 0.0000e+00
     50.000   0.566870     2.2629 6.0357e-02      0.406     8.6069  1004.6621     5.5425     50.986          9 0.0000e+00
     51.000   0.567741     2.2642 6.0001e-02      0.425     8.5623  1004.6741     5.5513     52.006         10 0.0000e+00
     52.000   0.566733     2.1372 5.9721e-02      0.428     8.6273  1004.6873     5.5629     53.025          9 0.0000e+00
     53.000   0.564768     1.9637 5.9460e-02      0.444     8.5166  1004.6984     5.5728     54.045          9 0.0000e+00
     54.000   0.564559     1.9510 5.9275e-02      0.415     8.5595  1004.7032     5.5727     55.065         10 0.0000e+00
     55.000   0.564496     1.9143 5.9103e-02      0.428     8.5487  1004.7123     5.5784     56.084          9 0.0000e+00
     56.000   0.564477     1.8548 5.8880e-02      0.431     8.5400  1004.7247     5.5887     57.104          9 0.0000e+00
     57.000   0.564947     1.8400 5.8815e-02      0.450     8.4661  1004.7355     5.5962     58.124          9 0.0000e+00
     58.000   0.565438     1.8218 5.8618e-02      0.421     8.4578  1004.7469     5.6045     59.144         10 0.0000e+00
     59.000   0.565690     1.8110 5.8545e-02      0.441     8.4483  1004.7553     5.6090     60.163          9 0.0000e+00
     60.000   0.566067     1.8279 5.8417e-02      0.435     8.4747  1004.7612     5.6099     61.183          9 0.0000e+00
     61.000   0.567452     1.8971 5.8356e-02      0.454     8.4683  1004.7688     5.6121     62.203          9 0.0000e+00
     62.000   0.567674     1.8590 5.8271e-02      0.411     8.5703  1004.7805     5.6211     63.222          9 0.0000e+00
     63.000   0.566205     1.7240 5.8246e-02      0.437     8.5604  1004.7904     5.6296     64.242          9 0.0000e+00
     64.000   0.565548     1.6634 5.8186e-02      0.442     8.4935  1004.7975     5.6333     65.262          9 0.0000e+00
     65.000   0.565738     1.6615 5.8107e-02      0.449     8.4153  1004.8042     5.6356     66.282          9 0.0000e+00
     66.000   0.567226     1.7277 5.8132e-02      0.454     8.3880  1004.8133     5.6394     67.301          9 0.0000e+00
     67.000   0.568364     1.7450 5.7993e-02      0.423     8.4268  1004.8256     5.6483     68.321          9 0.0000e+00
     68.000   0.569644     1.7596 5.7907e-02      0.448     8.3573  1004.8395     5.6592     69.341         10 0.0000e+00
     69.000   0.571047     1.7997 5.7884e-02      0.444     8.3337  1004.8511     5.6667     70.360          8 0.0000e+00
     70.000   0.572216     1.8234 5.7789e-02      0.452     8.3152  1004.8628     5.6748     71.380          9 0.0000e+00
     71.000   0.573536     1.8532 5.7777e-02      0.453     8.2274  1004.8750     5.6833     72.400          9 0.0000e+00
     72.000   0.575488     1.8943 5.7839e-02      0.429     8.1759  1004.8910     5.6964     73.420          9 0.0000e+00
     73.000   0.577883     1.9629 5.7697e-02      0.486     7.9982  1004.9069     5.7092     74.439          9 0.0000e+00
     74.000   0.581132     2.0795 5.7684e-02      0.441     7.9399  1004.9234     5.7222     75.459          9 0.0000e+00
     75.000   0.585007     2.2001 5.7707e-02      0.469     7.7619  1004.9444     5.7410     76.479          8 0.0000e+00
     76.000   0.587323     2.2681 5.7567e-02      0.441     7.6704  1004.9592     5.7529     77.498          9 0.0000e+00
     77.000   0.589964     2.3435 5.7554e-02      0.449     7.5375  1004.9756     5.7667     78.518          9 0.0000e+00
     78.000   0.593364     2.4312 5.7625e-02      0.470     7.4731  1004.9964     5.7862     79.538          9 0.0000e+00
     79.000   0.594982     2.4695 5.7468e-02      0.453     7.3596  1005.0093     5.7960     80.558          9 0.0000e+00
     80.000   0.596448     2.5044 5.7469e-02      0.449     7.1761  1005.0213     5.8048     81.577          8 0.0000e+00
     81.000   0.598607     2.5572 5.7394e-02      0.448     7.0940  1005.0365     5.8175     82.597         10 0.0000e+00
     82.000   0.601173     2.6159 5.7392e-02      0.422     7.0869  1005.0541     5.8334     83.617          9 0.0000e+00
     83.000   0.603845     2.6795 5.7314e-02      0.457     6.9011  1005.0717     5.8493     84.636          9 0.0000e+00
     84.000   0.606858     2.7453 5.7220e-02      0.413     6.8748  1005.0917     5.8684     85.656          9 0.0000e+00
     85.000   0.610219     2.8106 5.7253e-02      0.461     6.7207  1005.1145     5.8910     86.676          9 0.0000e+00
     86.000   0.613244     2.8579 5.7194e-02      0.407     6.6879  1005.1371     5.9135     87.696         10 0.0000e+00
     87.000   0.616333     2.8965 5.7172e-02      0.469     6.5837  1005.1615     5.9381     88.715          8 0.0000e+00
     88.000   0.619108     2.9416 5.7127e-02      0.433     6.5658  1005.1822     5.9582     89.735          9 0.0000e+00
     89.000   0.622385     3.0138 5.7079e-02      0.454     6.5772  1005.2028     5.9785     90.755          9 0.0000e+00
     90.000   0.625774     3.0885 5.7056e-02      0.466     6.4802  1005.2236     5.9992     91.774          9 0.0000e+00
     91.000   0.628402     3.1358 5.7048e-02      0.482     6.3511  1005.2425     6.0173     92.794          8 0.0000e+00
     92.000   0.632539     3.2155 5.6979e-02      0.482     6.2562  1005.2684     6.0446     93.814          8 0.0000e+00
     93.000   0.636156     3.2906 5.7045e-02      0.470     6.1850  1005.2906     6.0674     94.834          9 0.0000e+00
     94.000   0.639349     3.3650 5.7045e-02      0.479     6.0847  1005.3093     6.0859     95.853          8 0.0000e+00
     95.000   0.641276     3.4123 5.7166e-02      0.468     5.9805  1005.3220     6.0965     96.873          8 0.0000e+00
     96.000   0.643287     3.4595 1.2551e-01      0.494     5.9087  1005.3353     6.1080     97.893          9 0.0000e+00
     97.000   0.645468     3.5244 1.2907e-01      0.466     5.8524  1005.3470     6.1178     98.912          8 0.0000e+00
     98.000   0.648314     3.6037 1.2536e-01      0.461     5.7801  1005.3616     6.1316     99.932          9 0.0000e+00
     99.000   0.650251     3.6490 1.1643e-01      0.482     5.6663  1005.3744     6.1426    100.952          8 0.0000e+00
    100.000   0.651378     3.6707 1.1071e-01      0.463     5.5910  1005.3846     6.1498    101.972          9 0.0000e+00
    101.000   0.652643     3.6818 1.0743e-01      0.494     5.5845  1005.3977     6.1604    102.991          8 0.0000e+00
    102.000   0.653770     3.6999 5.0335e-02      0.466     5.5579  1005.4085     6.1682    104.011          9 0.0000e+00
    103.000   0.654610     3.7130 4.3813e-02      0.479     5.5894  1005.4178     6.1741    105.031          8 0.0000e+00
    104.000   0.655709     3.7358 4.3617e-02      0.487     5.5985  1005.4276     6.1808    106.051          8 0.0000e+00
    105.000   0.656873     3.7522 4.3617e-02      0.470     5.5593  1005.4389     6.1893    107.070          9 0.0000e+00
    106.000   0.657189     3.7487 4.3617e-02      0.496     5.4597  1005.4468     6.1931    108.090          8 0.0000e+00
    107.000   0.657726     3.7626 4.3617e-02      0.423     5.4387  1005.4536     6.1958    109.110         10 0.0000e+00
    108.000   0.658827     3.7825 4.5406e-02      0.407     5.3646  1005.4638     6.2029    110.129         10 0.0000e+00
    109.000   0.659640     3.7952 4.6212e-02      0.372     5.3510  1005.4729     6.2086    111.149         10 0.0000e+00
    110.000   0.660512     3.8023 4.8914e-02      0.401     5.3695  1005.4835     6.2159    112.169         10 0.0000e+00
    111.000   0.661392     3.8140 4.9163e-02      0.412     5.3579  1005.4933     6.2225    113.188         10 0.0000e+00
    112.000   0.662723     3.8318 6.3901e-02      0.440     5.3665  1005.5057     6.2324    114.208          9 0.0000e+00
    113.000   0.664342     3.8669 5.2283e-02      0.452     5.3099  1005.5173     6.2419    115.228          9 0.0000e+00
    114.000   0.665328     3.8774 6.7342e-02      0.427     5.3357  1005.5282     6.2497    116.248          9 0.0000e+00
    115.000   0.665665     3.8806 8.7187e-02      0.468     5.2722  1005.5351     6.2523    117.267          9 0.0000e+00
    116.000   0.666260     3.8880 9.5112e-02      0.438     5.2710  1005.5434     6.2568    118.287          9 0.0000e+00
    117.000   0.666675     3.8918 1.1412e-01      0.449     5.2911  1005.5508     6.2601    119.307          8 0.0000e+00
    118.000   0.666950     3.8957 1.1481e-01      0.488     5.2382  1005.5572     6.2620    120.326          8 0.0000e+00
    119.000   0.667775     3.9176 1.1852e-01      0.474     5.2837  1005.5647     6.2660    121.346          9 0.0000e+00
    120.000   0.668670     3.9325 1.3007e-01      0.501     5.2690  1005.5740     6.2721    122.366          8 0.0000e+00
    121.000   0.669199     3.9404 1.1348e-01      0.520     5.2264  1005.5816     6.2757    123.386          7 0.0000e+00
    122.000   0.669896     3.9507 9.4393e-02      0.494     5.2383  1005.5902     6.2807    124.405          8 0.0000e+00
    123.000   0.670113     3.9581 7.6414e-02      0.531     5.1856  1005.5954     6.2813    125.425          8 0.0000e+00
    124.000   0.670773     3.9637 6.1227e-02      0.482     5.1787  1005.6045     6.2868    126.445          8 0.0000e+00
    125.000   0.671238     3.9655 5.0894e-02      0.489     5.1496  1005.6126     6.2910    127.464          9 0.0000e+00
    126.000   0.671586     3.9691 4.4003e-02      0.486     5.1435  1005.6196     6.2937    128.484          8 0.0000e+00
    127.000   0.672104     3.9770 4.3617e-02      0.485     5.1045  1005.6271     6.2972    129.504          8 0.0000e+00
    128.000   0.672448     3.9827 4.3617e-02      0.466     5.0873  1005.6336     6.2995    130.524          9 0.0000e+00
    129.000   0.672884     3.9870 4.3617e-02      0.474     5.0672  1005.6411     6.3029    131.543          8 0.0000e+00
    130.000   0.673317     3.9941 4.3617e-02      0.461     5.0752  1005.6481     6.3058    132.563          9 0.0000e+00
    131.000   0.673751     4.0019 4.3617e-02      0.495     5.0188  1005.6550     6.3085    133.583          8 0.0000e+00
