ctdpy/exports/archive_20200326_115716/received_data/c3_v50_19.cnv
* Sea-Bird SBE19plus Data File:
* FileName = C:\CTD\CTD 2019\v50\C3_v50_19.hex
* Software Version 1.59
* Temperature SN =  4644
* Conductivity SN =  4644
* System UpLoad Time = Dec 10 2019 07:36:15
** C3_v50_19
* ds
# nquan = 11
# nvalues = 196                         
# units = specified
# name 0 = prdM: Pressure, Strain Gauge [db]
# name 1 = c0S/m: Conductivity [S/m]
# name 2 = tv290C: Temperature [ITS-90, deg C]
# name 3 = par: PAR/Irradiance, Biospherical/Licor
# name 4 = dz/dtM: Descent Rate [m/s]
# name 5 = sbeox0ML/L: Oxygen, SBE 43 [ml/l]
# name 6 = density00: Density [density, kg/m^3]
# name 7 = sal00: Salinity, Practical [PSU]
# name 8 = depFM: Depth [fresh water, m], lat = 58
# name 9 = nbin: number of scans per bin
# name 10 = flag: flag
# span 0 =      1.000,    196.000       
# span 1 =   0.516542,   0.679282       
# span 2 =     3.0540,     4.4055       
# span 3 = 4.7690e-02, 1.8456e+00       
# span 4 =     -0.012,      0.781       
# span 5 =     4.9669,     8.3108       
# span 6 =  1003.9062,  1006.1042       
# span 7 =     4.8980,     6.4598       
# span 8 =      1.020,    199.865       
# span 9 =          6,         22       
# span 10 = 0.0000e+00, 0.0000e+00      
# interval = decibars: 1                
# start_time = Dec 10 2019 07:01:58 [Instrument's time stamp, header]
# bad_flag = -9.990e-29
*END*
[from data line 132]
    133.000   0.664653     3.3193 5.3154e-02      0.680     5.0854  1005.7104     6.3487    135.622          8 0.0000e+00
    134.000   0.665017     3.3251 5.3131e-02      0.403     5.2037  1005.7172     6.3512    136.642          7 0.0000e+00
    135.000   0.665728     3.3338 5.3047e-02      0.649     5.1415  1005.7263     6.3567    137.662          7 0.0000e+00
    136.000   0.666033     3.3421 5.2978e-02      0.475     5.1663  1005.7321     6.3580    138.682          8 0.0000e+00
    137.000   0.666575     3.3524 5.2879e-02      0.538     5.1850  1005.7396     6.3614    139.701          7 0.0000e+00
    138.000   0.666824     3.3564 5.2859e-02      0.563     5.1605  1005.7457     6.3631    140.721          8 0.0000e+00
    139.000   0.667292     3.3568 5.2891e-02      0.478     5.2268  1005.7543     6.3677    141.741          7 0.0000e+00
    140.000   0.667746     3.3592 5.2801e-02      0.595     5.1638  1005.7624     6.3717    142.760          8 0.0000e+00
    141.000   0.667955     3.3587 5.2648e-02      0.494     5.2045  1005.7690     6.3738    143.780          8 0.0000e+00
    142.000   0.668051     3.3576 5.2640e-02      0.508     5.1991  1005.7748     6.3749    144.800          7 0.0000e+00
    143.000   0.668157     3.3544 5.2569e-02      0.591     5.0767  1005.7809     6.3765    145.820          8 0.0000e+00
    144.000   0.668353     3.3505 5.2504e-02      0.404     5.2098  1005.7880     6.3792    146.839          7 0.0000e+00
    145.000   0.668548     3.3494 5.2437e-02      0.690     5.0822  1005.7946     6.3813    147.859          7 0.0000e+00
    146.000   0.668579     3.3475 5.2440e-02      0.397     5.1524  1005.8000     6.3818    148.879          9 0.0000e+00
    147.000   0.668779     3.3397 5.2274e-02      0.622     5.1357  1005.8078     6.3853    149.898          6 0.0000e+00
    148.000   0.668778     3.3356 5.2324e-02      0.523     5.1199  1005.8133     6.3860    150.918          9 0.0000e+00
    149.000   0.668888     3.3267 5.2233e-02      0.489     5.1542  1005.8205     6.3888    151.938          7 0.0000e+00
    150.000   0.668991     3.3197 5.2140e-02      0.636     5.0375  1005.8274     6.3911    152.957          7 0.0000e+00
    151.000   0.669058     3.3178 5.2105e-02      0.442     5.1541  1005.8330     6.3920    153.977          8 0.0000e+00
    152.000   0.669115     3.3176 5.2073e-02      0.644     5.0471  1005.8383     6.3925    154.997          7 0.0000e+00
    153.000   0.669252     3.3192 5.1994e-02      0.412     5.1797  1005.8440     6.3935    156.017          8 0.0000e+00
    154.000   0.669429     3.3211 5.1871e-02      0.660     5.0888  1005.8499     6.3948    157.036          7 0.0000e+00
    155.000   0.669503     3.3211 5.1927e-02      0.463     5.1506  1005.8553     6.3955    158.056          8 0.0000e+00
    156.000   0.669631     3.3199 5.1844e-02      0.579     5.1369  1005.8613     6.3969    159.075          6 0.0000e+00
    157.000   0.669742     3.3195 5.1691e-02      0.566     5.1213  1005.8671     6.3980    160.095          8 0.0000e+00
    158.000   0.669802     3.3201 5.1701e-02      0.482     5.2389  1005.8723     6.3983    161.115          7 0.0000e+00
    159.000   0.669905     3.3227 5.1621e-02      0.642     5.0964  1005.8775     6.3988    162.135          8 0.0000e+00
    160.000   0.670121     3.3281 5.1532e-02      0.415     5.2189  1005.8831     6.3998    163.155          7 0.0000e+00
    161.000   0.670494     3.3347 5.1520e-02      0.626     5.1318  1005.8898     6.4022    164.174          7 0.0000e+00
    162.000   0.670641     3.3369 5.1547e-02      0.500     5.0935  1005.8954     6.4032    165.194          9 0.0000e+00
    163.000   0.670871     3.3382 5.1455e-02      0.505     5.1061  1005.9019     6.4051    166.214          8 0.0000e+00
    164.000   0.670955     3.3387 5.1362e-02      0.384     5.0986  1005.9073     6.4058    167.233         10 0.0000e+00
    165.000   0.671038     3.3390 5.1298e-02      0.365     4.9669  1005.9127     6.4064    168.253         13 0.0000e+00
    166.000   0.671255     3.3396 5.1175e-02      0.281     5.0717  1005.9191     6.4084    169.273         13 0.0000e+00
    167.000   0.671394     3.3408 5.1098e-02      0.337     5.0237  1005.9249     6.4095    170.293         13 0.0000e+00
    168.000   0.671449     3.3416 5.0933e-02      0.207     4.9922  1005.9300     6.4098    171.312         22 0.0000e+00
    169.000   0.671652     3.3429 5.0811e-02      0.234     4.9835  1005.9362     6.4115    172.332         16 0.0000e+00
    170.000   0.671824     3.3440 5.0679e-02      0.218     5.0251  1005.9422     6.4129    173.352         19 0.0000e+00
    171.000   0.672309     3.3495 5.0518e-02      0.199     5.4758  1005.9500     6.4167    174.371         22 0.0000e+00
    172.000   0.673132     3.3624 5.0336e-02      0.120     5.5988  1005.9593     6.4224    175.391         18 0.0000e+00
    173.000   0.673570     3.3743 5.0173e-02      0.226     5.5669  1005.9655     6.4244    176.411         18 0.0000e+00
    174.000   0.674859     3.4239 5.0106e-02      0.323     5.5452  1005.9721     6.4276    177.431         12 0.0000e+00
    175.000   0.675864     3.4627 5.0021e-02      0.321     5.5375  1005.9782     6.4301    178.450         13 0.0000e+00
    176.000   0.676674     3.4930 4.9926e-02      0.290     5.5268  1005.9843     6.4322    179.470         14 0.0000e+00
    177.000   0.676535     3.4859 4.9786e-02      0.276     5.5316  1005.9892     6.4321    180.490         15 0.0000e+00
    178.000   0.675888     3.4560 4.9617e-02      0.263     5.5441  1005.9940     6.4313    181.509         16 0.0000e+00
    179.000   0.675924     3.4540 4.9536e-02      0.213     5.5477  1005.9994     6.4320    182.529         17 0.0000e+00
    180.000   0.677109     3.4986 4.9434e-02      0.284     5.5275  1006.0060     6.4351    183.549         13 0.0000e+00
    181.000   0.678391     3.5472 4.9391e-02      0.324     5.5219  1006.0125     6.4384    184.569         13 0.0000e+00
    182.000   0.678169     3.5257 4.9266e-02      0.373     5.5220  1006.0193     6.4403    185.588         12 0.0000e+00
    183.000   0.678033     3.5128 4.9133e-02      0.249     5.5205  1006.0253     6.4413    186.608         14 0.0000e+00
    184.000   0.678028     3.5060 4.9035e-02      0.249     5.5176  1006.0313     6.4425    187.628         17 0.0000e+00
    185.000   0.677951     3.5002 4.8860e-02      0.184     5.5120  1006.0365     6.4427    188.647         17 0.0000e+00
    186.000   0.677818     3.4904 4.8828e-02      0.296     5.5074  1006.0419     6.4432    189.667         15 0.0000e+00
    187.000   0.677819     3.4866 4.8643e-02      0.189     5.5157  1006.0474     6.4439    190.687         17 0.0000e+00
    188.000   0.677809     3.4772 4.8527e-02      0.284     5.5358  1006.0538     6.4455    191.707         12 0.0000e+00
    189.000   0.677951     3.4692 4.8463e-02      0.489     5.5446  1006.0611     6.4484    192.726         10 0.0000e+00
    190.000   0.678026     3.4668 4.8365e-02      0.240     5.5424  1006.0670     6.4495    193.746         11 0.0000e+00
    191.000   0.678116     3.4654 4.8285e-02      0.455     5.5483  1006.0727     6.4506    194.766         11 0.0000e+00
    192.000   0.678542     3.4713 4.8291e-02      0.284     5.5752  1006.0799     6.4537    195.786          8 0.0000e+00
    193.000   0.678981     3.4763 4.8198e-02      0.493     5.5776  1006.0874     6.4570    196.805         11 0.0000e+00
    194.000   0.679078     3.4767 4.8163e-02      0.311     5.5798  1006.0929     6.4578    197.825          8 0.0000e+00
    195.000   0.679185     3.4766 4.8038e-02      0.400     5.5810  1006.0986     6.4588    198.845         13 0.0000e+00
    196.000   0.679282     3.4762 4.7690e-02      0.364 -9.990e-29  1006.1042     6.4598    199.865          8 0.0000e+00
