ctdpy/exports/archive_20200326_115716/received_data/c3_v38_19.cnv
* Sea-Bird SBE19plus Data File:
* FileName = C:\CTD\CTD 2019\v38\C3_v38_19.hex
* Software Version 1.59
* Temperature SN =  4644
* Conductivity SN =  4644
* System UpLoad Time = Sep 16 2019 14:31:27
** C3 k22 v38 2019
* ds
# nquan = 11
# nvalues = 196                         
# units = specified
# name 0 = prdM: Pressure, Strain Gauge [db]
# name 1 = c0S/m: Conductivity [S/m]
# name 2 = tv290C: Temperature [ITS-90, deg C]
# name 3 = par: PAR/Irradiance, Biospherical/Licor
# name 4 = dz/dtM: Descent Rate [m/s]
# name 5 = sbeox0ML/L: Oxygen, SBE 43 [ml/l]
# name 6 = density00: Density [density, kg/m^3]
# name 7 = sal00: Salinity, Practical [PSU]
# name 8 = depFM: Depth [fresh water, m], lat = 58
# name 9 = nbin: number of scans per bin
# name 10 = flag: flag
# span 0 =      1.000,    196.000       
# span 1 =   0.579255,   0.706507       
# span 2 =     2.3649,    13.3303       
# span 3 = 6.9891e-02, 3.7043e+02       
# span 4 =      0.028,      0.702       
# span 5 =     4.2207,     7.8645       
# span 6 =  1003.2971,  1006.0577       
# span 7 =     5.1132,     6.4036       
# span 8 =      1.020,    199.864       
# span 9 =          6,         17       
# span 10 = 0.0000e+00, 0.0000e+00      
# interval = decibars: 1                
# start_time = Sep 16 2019 13:55:03 [Instrument's time stamp, header]
# bad_flag = -9.990e-29
*END*
      1.000   0.706464    13.3303 3.7043e+02      0.028     6.7592  1003.2971     5.1132      1.020         12 0.0000e+00
      2.000   0.706436    13.3276 2.1809e+02      0.420     6.7574  1003.3022     5.1133      2.039         10 0.0000e+00
      3.000   0.706454    13.3274 1.4677e+02      0.305     6.7598  1003.3069     5.1134      3.059          9 0.0000e+00
      4.000   0.706437    13.3263 9.1708e+01      0.581     6.7633  1003.3117     5.1133      4.079          8 0.0000e+00
      5.000   0.706447    13.3262 6.7557e+01      0.449     6.7626  1003.3164     5.1134      5.099          8 0.0000e+00
      6.000   0.706476    13.3272 4.9525e+01      0.533     6.7562  1003.3210     5.1134      6.118          8 0.0000e+00
      7.000   0.706474    13.3267 3.5053e+01      0.533     6.7591  1003.3257     5.1133      7.138          7 0.0000e+00
      8.000   0.706462    13.3257 2.6050e+01      0.509     6.7551  1003.3305     5.1133      8.158          7 0.0000e+00
      9.000   0.706459    13.3251 1.9442e+01      0.594     6.7448  1003.3352     5.1133      9.177          7 0.0000e+00
     10.000   0.706488    13.3261 1.3126e+01      0.580     6.7329  1003.3398     5.1133     10.197          7 0.0000e+00
     11.000   0.706507    13.3263 1.0252e+01      0.600     6.7530  1003.3445     5.1134     11.217          7 0.0000e+00
     12.000   0.706507    13.3260 7.9779e+00      0.564     6.7548  1003.3491     5.1133     12.237          7 0.0000e+00
     13.000   0.706505    13.3256 5.7585e+00      0.553     6.7500  1003.3539     5.1133     13.256          8 0.0000e+00
     14.000   0.706499    13.3249 4.6483e+00      0.536     6.7555  1003.3586     5.1133     14.276          9 0.0000e+00
     15.000   0.706481    13.3234 3.6571e+00      0.343     6.7348  1003.3635     5.1133     15.296          9 0.0000e+00
     16.000   0.706368    13.3154 2.7913e+00      0.523     6.7347  1003.3694     5.1134     16.316          7 0.0000e+00
     17.000   0.704383    13.1888 2.2068e+00      0.552     6.5742  1003.3930     5.1148     17.335          8 0.0000e+00
     18.000   0.692704    12.3613 1.7173e+00      0.513     6.6472  1003.5244     5.1343     18.355          7 0.0000e+00
     19.000   0.668663    10.7122 1.3874e+00      0.549     6.7543  1003.7562     5.1671     19.375          7 0.0000e+00
     20.000   0.655955     9.7558 1.1103e+00      0.568     6.7968  1003.8835     5.1963     20.394          8 0.0000e+00
     21.000   0.634260     8.2434 9.0281e-01      0.516     7.1497  1004.0478     5.2291     21.414          7 0.0000e+00
     22.000   0.614864     6.9375 7.5106e-01      0.563     7.1686  1004.1633     5.2512     22.434          8 0.0000e+00
     23.000   0.616244     6.6445 6.1728e-01      0.443     6.7798  1004.2311     5.3088     23.453         11 0.0000e+00
     24.000   0.626185     6.5598 5.3411e-01      0.299     6.5643  1004.3235     5.4138     24.473         15 0.0000e+00
     25.000   0.622077     6.2027 4.3847e-01      0.264     6.9751  1004.3616     5.4321     25.493         11 0.0000e+00
     26.000   0.619467     5.7115 3.7765e-01      0.426     6.7190  1004.4336     5.4868     26.513         11 0.0000e+00
     27.000   0.611262     5.0447 3.1598e-01      0.253     7.2135  1004.4885     5.5171     27.532         13 0.0000e+00
     28.000   0.603107     4.5128 2.7485e-01      0.376     7.1242  1004.5180     5.5267     28.552         13 0.0000e+00
     29.000   0.604761     4.3460 2.3975e-01      0.216     7.3399  1004.5619     5.5706     29.572         15 0.0000e+00
     30.000   0.598563     3.9752 2.1329e-01      0.305     7.0963  1004.5766     5.5723     30.592         15 0.0000e+00
     31.000   0.599848     4.1216 1.9021e-01      0.211     7.6986  1004.5687     5.5600     31.611         11 0.0000e+00
     32.000   0.595292     3.6968 1.7088e-01      0.454     7.2834  1004.6031     5.5871     32.631         12 0.0000e+00
     33.000   0.600907     3.9004 1.5712e-01      0.179     7.5783  1004.6214     5.6082     33.651         13 0.0000e+00
     34.000   0.593873     3.7295 1.4430e-01      0.501     7.6490  1004.5964     5.5671     34.670          9 0.0000e+00
     35.000   0.595113     3.4142 1.3548e-01      0.291     7.4220  1004.6587     5.6339     35.690         14 0.0000e+00
     36.000   0.583798     3.0787 1.2756e-01      0.419     7.7648  1004.6210     5.5769     36.710          8 0.0000e+00
     37.000   0.591307     3.0386 1.2138e-01      0.415     7.4891  1004.6930     5.6606     37.730         12 0.0000e+00
     38.000   0.583258     2.8947 1.1599e-01      0.304     7.8645  1004.6527     5.6032     38.749         10 0.0000e+00
     39.000   0.579255     2.7588 1.1181e-01      0.459     7.6729  1004.6439     5.5857     39.769         10 0.0000e+00
     40.000   0.585111     2.8017 1.0857e-01      0.279     7.5317  1004.6909     5.6384     40.789         13 0.0000e+00
     41.000   0.582825     2.8715 1.0548e-01      0.425     7.7631  1004.6670     5.6025     41.808          9 0.0000e+00
     42.000   0.584875     2.8438 1.0364e-01      0.407     7.3986  1004.6926     5.6283     42.828         12 0.0000e+00
     43.000   0.582743     2.7224 1.0150e-01      0.293     7.8421  1004.6971     5.6276     43.848         11 0.0000e+00
     44.000   0.581797     2.6394 9.9817e-02      0.447     7.5794  1004.7059     5.6324     44.867         10 0.0000e+00
     45.000   0.582076     2.5869 9.8444e-02      0.310     7.7034  1004.7204     5.6444     45.887         11 0.0000e+00
     46.000   0.582800     2.6242 9.7138e-02      0.400     7.4995  1004.7260     5.6452     46.907         11 0.0000e+00
     47.000   0.584337     2.7036 9.6194e-02      0.383     7.5053  1004.7324     5.6470     47.926         10 0.0000e+00
     48.000   0.586090     2.7286 9.5241e-02      0.361     7.2575  1004.7482     5.6605     48.946         12 0.0000e+00
     49.000   0.586344     2.7464 9.4338e-02      0.314     7.4368  1004.7526     5.6599     49.966         11 0.0000e+00
     50.000   0.587220     2.8191 9.3776e-02      0.482     7.5612  1004.7542     5.6560     50.986          9 0.0000e+00
     51.000   0.589829     2.9399 9.3323e-02      0.283     7.5068  1004.7631     5.6614     52.006         14 0.0000e+00
     52.000   0.586252     2.6605 9.2623e-02      0.419     7.7828  1004.7785     5.6739     53.025          9 0.0000e+00
     53.000   0.584072     2.4707 9.2159e-02      0.427     7.5535  1004.7920     5.6850     54.045         11 0.0000e+00
     54.000   0.583602     2.4286 9.1818e-02      0.302     7.6884  1004.7989     5.6875     55.065         12 0.0000e+00
     55.000   0.584660     2.4470 9.1465e-02      0.372     7.7191  1004.8100     5.6951     56.084          8 0.0000e+00
     56.000   0.586024     2.4849 9.1243e-02      0.501     7.4107  1004.8209     5.7024     57.104         11 0.0000e+00
     57.000   0.586216     2.5075 9.0977e-02      0.185     7.7128  1004.8242     5.7002     58.124          9 0.0000e+00
     58.000   0.585205     2.4242 9.0614e-02      0.690     7.5863  1004.8323     5.7046     59.144          7 0.0000e+00
     59.000   0.586362     2.4011 9.0632e-02      0.528     7.2601  1004.8500     5.7207     60.163          9 0.0000e+00
     60.000   0.586570     2.3921 9.0283e-02      0.342     7.5685  1004.8579     5.7244     61.183          9 0.0000e+00
     61.000   0.586621     2.3760 8.9889e-02      0.518     7.4264  1004.8654     5.7277     62.203          9 0.0000e+00
     62.000   0.587910     2.3649 8.9740e-02      0.342     7.3069  1004.8826     5.7430     63.222         11 0.0000e+00
     63.000   0.589739     2.3994 8.9602e-02      0.460     7.4569  1004.8979     5.7558     64.242          8 0.0000e+00
     64.000   0.592082     2.4399 8.9606e-02      0.468     7.2565  1004.9166     5.7728     65.262         10 0.0000e+00
     65.000   0.594924     2.5097 8.9533e-02      0.393     7.1801  1004.9351     5.7896     66.281          9 0.0000e+00
     66.000   0.598775     2.5963 8.9334e-02      0.478     6.8518  1004.9595     5.8138     67.301          9 0.0000e+00
     67.000   0.601752     2.6774 8.9391e-02      0.429     6.6625  1004.9772     5.8298     68.321          9 0.0000e+00
     68.000   0.605491     2.7488 8.9233e-02      0.420     6.5029  1005.0025     5.8554     69.341          8 0.0000e+00
     69.000   0.607508     2.7837 8.9082e-02      0.537     6.1937  1005.0187     5.8697     70.360          9 0.0000e+00
     70.000   0.608958     2.8184 8.8886e-02      0.419     6.2412  1005.0304     5.8783     71.380          9 0.0000e+00
     71.000   0.611420     2.8696 8.8611e-02      0.422     6.3219  1005.0478     5.8942     72.400          9 0.0000e+00
     72.000   0.613998     2.9140 8.8692e-02      0.506     6.1019  1005.0671     5.9124     73.420          8 0.0000e+00
     73.000   0.614797     2.9387 8.8579e-02      0.503     5.8168  1005.0747     5.9160     74.439          9 0.0000e+00
     74.000   0.616194     2.9805 8.8507e-02      0.338     6.0013  1005.0847     5.9226     75.459         10 0.0000e+00
     75.000   0.620145     3.0391 8.8264e-02      0.479     6.0322  1005.1129     5.9523     76.479          8 0.0000e+00
     76.000   0.622239     3.0790 8.8298e-02      0.542     5.6984  1005.1286     5.9663     77.498          9 0.0000e+00
     77.000   0.623219     3.1232 8.8194e-02      0.317     5.7540  1005.1346     5.9680     78.518         10 0.0000e+00
     78.000   0.628931     3.2257 8.8101e-02      0.491     5.7233  1005.1699     6.0074     79.538          7 0.0000e+00
     79.000   0.630842     3.2826 8.7980e-02      0.587     5.4633  1005.1812     6.0162     80.558          9 0.0000e+00
     80.000   0.632483     3.3175 8.7782e-02      0.357     5.5292  1005.1937     6.0264     81.577         10 0.0000e+00
     81.000   0.635869     3.3502 8.7893e-02      0.445     5.5339  1005.2208     6.0547     82.597          8 0.0000e+00
     82.000   0.636693     3.3676 8.7797e-02      0.557     5.4288  1005.2295     6.0597     83.617          8 0.0000e+00
     83.000   0.638230     3.3896 8.7649e-02      0.445     5.4445  1005.2432     6.0712     84.636          8 0.0000e+00
     84.000   0.639178     3.4054 8.7573e-02      0.470     5.2523  1005.2532     6.0777     85.656         10 0.0000e+00
     85.000   0.640743     3.4381 8.7468e-02      0.402     5.3813  1005.2653     6.0874     86.676          9 0.0000e+00
     86.000   0.643246     3.4829 8.7357e-02      0.475     5.3520  1005.2830     6.1044     87.696          7 0.0000e+00
     87.000   0.644351     3.5223 8.7202e-02      0.586     5.0604  1005.2903     6.1080     88.715          9 0.0000e+00
     88.000   0.643595     3.5271 8.6735e-02      0.313     5.1371  1005.2882     6.0993     89.735         11 0.0000e+00
     89.000   0.649128     3.6028 8.6822e-02      0.465     5.2690  1005.3250     6.1411     90.755          8 0.0000e+00
     90.000   0.649594     3.6240 8.6831e-02      0.489     4.9400  1005.3300     6.1417     91.774         10 0.0000e+00
     91.000   0.649754     3.6155 8.6782e-02      0.299     5.0377  1005.3376     6.1448     92.794         12 0.0000e+00
     92.000   0.652164     3.6369 8.6367e-02      0.413     5.0379  1005.3582     6.1651     93.814         10 0.0000e+00
     93.000   0.651870     3.6379 8.6354e-02      0.303     5.0371  1005.3605     6.1618     94.834         12 0.0000e+00
     94.000   0.653104     3.6538 8.6245e-02      0.406     4.8849  1005.3725     6.1711     95.853         11 0.0000e+00
     95.000   0.653665     3.6699 8.6132e-02      0.275     4.9851  1005.3791     6.1737     96.873         12 0.0000e+00
     96.000   0.655430     3.6929 8.5923e-02      0.416     4.9300  1005.3942     6.1870     97.893         11 0.0000e+00
     97.000   0.656627     3.7115 8.6163e-02      0.339     5.0262  1005.4055     6.1955     98.912         10 0.0000e+00
     98.000   0.657496     3.7261 8.5905e-02      0.417     4.8266  1005.4148     6.2014     99.932         11 0.0000e+00
     99.000   0.658313     3.7372 8.5862e-02      0.322     4.8993  1005.4242     6.2074    100.952         11 0.0000e+00
    100.000   0.659402     3.7448 8.5763e-02      0.433     5.0016  1005.4365     6.2168    101.972          8 0.0000e+00
    101.000   0.659166     3.7386 8.5203e-02      0.507     4.8217  1005.4404     6.2155    102.991         10 0.0000e+00
    102.000   0.659959     3.7395 8.5125e-02      0.247     5.0900  1005.4515     6.2233    104.011          9 0.0000e+00
    103.000   0.661577     3.7612 8.4948e-02      0.598     5.0341  1005.4655     6.2353    105.031          7 0.0000e+00
    104.000   0.661876     3.7646 8.5105e-02      0.661     4.8436  1005.4721     6.2376    106.050          8 0.0000e+00
    105.000   0.661875     3.7565 8.4766e-02      0.250     5.0179  1005.4783     6.2390    107.070         10 0.0000e+00
    106.000   0.663454     3.7750 8.4941e-02      0.606     4.9949  1005.4926     6.2513    108.090          6 0.0000e+00
    107.000   0.664308     3.7894 8.4720e-02      0.702     4.7943  1005.5018     6.2570    109.110          8 0.0000e+00
    108.000   0.664389     3.7878 8.4540e-02      0.134     4.9210  1005.5075     6.2581    110.129         14 0.0000e+00
    109.000   0.665592     3.8093 8.4398e-02      0.474     4.7943  1005.5182     6.2660    111.149         12 0.0000e+00
    110.000   0.666185     3.8109 8.4013e-02      0.175     4.9257  1005.5275     6.2715    112.169         11 0.0000e+00
    111.000   0.667081     3.8264 8.4028e-02      0.550     4.8070  1005.5368     6.2775    113.189          8 0.0000e+00
    112.000   0.667567     3.8365 8.4055e-02      0.447     4.8448  1005.5437     6.2803    114.208          9 0.0000e+00
    113.000   0.667958     3.8252 8.3819e-02      0.444     4.9301  1005.5536     6.2863    115.228          8 0.0000e+00
    114.000   0.667763     3.8001 8.3602e-02      0.560     4.9259  1005.5612     6.2891    116.248          7 0.0000e+00
    115.000   0.667416     3.7779 8.3708e-02      0.544     4.8867  1005.5671     6.2897    117.267          8 0.0000e+00
    116.000   0.667300     3.7660 8.3625e-02      0.501     4.8843  1005.5730     6.2907    118.287          8 0.0000e+00
    117.000   0.667192     3.7526 8.3455e-02      0.444     5.0279  1005.5793     6.2921    119.307          8 0.0000e+00
    118.000   0.667244     3.7436 8.3233e-02      0.579     5.0204  1005.5861     6.2943    120.326          6 0.0000e+00
    119.000   0.667691     3.7450 8.3257e-02      0.667     4.8089  1005.5942     6.2984    121.346          8 0.0000e+00
    120.000   0.667807     3.7431 8.2995e-02      0.378     4.8228  1005.6003     6.2998    122.366         10 0.0000e+00
    121.000   0.668397     3.7355 8.2998e-02      0.450     5.0249  1005.6111     6.3072    123.386          7 0.0000e+00
    122.000   0.668912     3.7391 8.2857e-02      0.623     4.9077  1005.6194     6.3115    124.405          7 0.0000e+00
    123.000   0.669425     3.7487 8.2684e-02      0.527     4.8703  1005.6267     6.3148    125.425          8 0.0000e+00
    124.000   0.669845     3.7514 8.2513e-02      0.475     4.9537  1005.6344     6.3184    126.445          8 0.0000e+00
    125.000   0.670070     3.7407 8.2530e-02      0.561     4.8824  1005.6429     6.3226    127.465          7 0.0000e+00
    126.000   0.670565     3.7407 8.2198e-02      0.553     4.8506  1005.6517     6.3275    128.484          8 0.0000e+00
    127.000   0.671204     3.7465 8.2182e-02      0.523     4.7921  1005.6606     6.3327    129.504          8 0.0000e+00
    128.000   0.671689     3.7502 8.2171e-02      0.469     4.8545  1005.6686     6.3368    130.524          8 0.0000e+00
    129.000   0.672050     3.7496 8.2041e-02      0.539     4.8269  1005.6764     6.3404    131.543          7 0.0000e+00
    130.000   0.672192     3.7467 8.1832e-02      0.540     4.7585  1005.6829     6.3423    132.563          8 0.0000e+00
    131.000   0.672287     3.7438 8.1641e-02      0.458     4.8279  1005.6889     6.3437    133.583          8 0.0000e+00
