ctdpy/exports/archive_20200326_115716/received_data/c3_v46_19.cnv
* Sea-Bird SBE19plus Data File:
* FileName = C:\CTD\CTD 2019\k25\C3_v46_19.hex
* Software Version 1.59
* Temperature SN =  4644
* Conductivity SN =  4644
* System UpLoad Time = Nov 12 2019 13:59:57
** C3_v46_19
* ds
# nquan = 11
# nvalues = 196                         
# units = specified
# name 0 = prdM: Pressure, Strain Gauge [db]
# name 1 = c0S/m: Conductivity [S/m]
# name 2 = tv290C: Temperature [ITS-90, deg C]
# name 3 = par: PAR/Irradiance, Biospherical/Licor
# name 4 = dz/dtM: Descent Rate [m/s]
# name 5 = sbeox0ML/L: Oxygen, SBE 43 [ml/l]
# name 6 = density00: Density [density, kg/m^3]
# name 7 = sal00: Salinity, Practical [PSU]
# name 8 = depFM: Depth [fresh water, m], lat = 58
# name 9 = nbin: number of scans per bin
# name 10 = flag: flag
# span 0 =      1.000,    196.000       
# span 1 =   0.587018,   0.674646       
# span 2 =     2.7436,     5.8034       
# span 3 = 4.3471e-02, 9.2629e+00       
# span 4 =      0.096,      0.791       
# span 5 =     5.1246,     8.0730       
# span 6 =  1004.0833,  1006.1031       
# span 7 =     5.2017,     6.4536       
# span 8 =      1.020,    199.864       
# span 9 =          5,         22       
# span 10 = 0.0000e+00, 0.0000e+00      
# interval = decibars: 1                
# start_time = Nov 12 2019 14:36:44 [Instrument's time stamp, header]
# bad_flag = -9.990e-29
*END*
[from data line 132]
    133.000   0.664107     3.3657 4.3617e-02      0.432     5.3658  1005.6980     6.3341    135.622         11 0.0000e+00
    134.000   0.664095     3.3551 4.3617e-02      0.342     5.3840  1005.7045     6.3359    136.642         11 0.0000e+00
    135.000   0.664053     3.3360 4.3617e-02      0.374     5.4567  1005.7123     6.3391    137.662         11 0.0000e+00
    136.000   0.663654     3.3009 4.3617e-02      0.351     5.4864  1005.7198     6.3418    138.681         11 0.0000e+00
    137.000   0.664276     3.2977 4.3617e-02      0.387     5.4832  1005.7302     6.3487    139.701         11 0.0000e+00
    138.000   0.664557     3.2905 4.3617e-02      0.294     5.4869  1005.7386     6.3528    140.721         13 0.0000e+00
    139.000   0.664957     3.2930 4.3617e-02      0.335     5.4740  1005.7462     6.3563    141.741         14 0.0000e+00
    140.000   0.665540     3.3029 4.3617e-02      0.263     5.4532  1005.7541     6.3602    142.760         14 0.0000e+00
    141.000   0.666072     3.3118 4.3618e-02      0.298     5.4382  1005.7617     6.3638    143.780         14 0.0000e+00
    142.000   0.666450     3.3171 4.3645e-02      0.298     5.4273  1005.7687     6.3665    144.800         12 0.0000e+00
    143.000   0.666665     3.3149 4.4056e-02      0.247     5.4437  1005.7756     6.3690    145.819         14 0.0000e+00
    144.000   0.667045     3.3200 4.5321e-02      0.328     5.4182  1005.7826     6.3718    146.839         15 0.0000e+00
    145.000   0.667200     3.3212 4.5667e-02      0.283     5.4144  1005.7885     6.3731    147.859         10 0.0000e+00
    146.000   0.667262     3.3200 4.7848e-02      0.297     5.4130  1005.7940     6.3738    148.878         15 0.0000e+00
    147.000   0.667513     3.3117 4.6355e-02      0.418     5.4121  1005.8023     6.3779    149.898         10 0.0000e+00
    148.000   0.667800     3.3097 4.8901e-02      0.299     5.4149  1005.8098     6.3811    150.918         11 0.0000e+00
    149.000   0.668321     3.3195 4.6650e-02      0.483     5.4078  1005.8171     6.3844    151.938          9 0.0000e+00
    150.000   0.668631     3.3249 5.1038e-02      0.306     5.4083  1005.8235     6.3864    152.957         12 0.0000e+00
    151.000   0.668817     3.3248 4.7121e-02      0.499     5.4133  1005.8299     6.3882    153.977          9 0.0000e+00
    152.000   0.668841     3.3190 5.0522e-02      0.280     5.4398  1005.8359     6.3895    154.997         11 0.0000e+00
    153.000   0.668575     3.2979 4.5943e-02      0.475     5.4721  1005.8421     6.3908    156.017          9 0.0000e+00
    154.000   0.668606     3.2862 4.7718e-02      0.387     5.4889  1005.8492     6.3933    157.036         12 0.0000e+00
    155.000   0.669020     3.2873 4.3782e-02      0.350     5.4957  1005.8572     6.3972    158.056          9 0.0000e+00
    156.000   0.669131     3.2814 4.3614e-02      0.447     5.5060  1005.8639     6.3994    159.076         10 0.0000e+00
    157.000   0.669291     3.2805 4.7113e-02      0.397     5.5088  1005.8702     6.4011    160.095         10 0.0000e+00
    158.000   0.669495     3.2812 4.3471e-02      0.376     5.5171  1005.8765     6.4029    161.115          9 0.0000e+00
    159.000   0.669770     3.2832 4.3617e-02      0.508     5.5201  1005.8832     6.4052    162.135         10 0.0000e+00
    160.000   0.669845     3.2826 4.3617e-02      0.272     5.5249  1005.8887     6.4060    163.155         10 0.0000e+00
    161.000   0.670123     3.2892 4.3617e-02      0.528     5.5177  1005.8947     6.4074    164.174          9 0.0000e+00
    162.000   0.670370     3.2907 4.3617e-02      0.350     5.5302  1005.9012     6.4095    165.194         10 0.0000e+00
    163.000   0.670468     3.2807 4.3617e-02      0.495     5.5430  1005.9086     6.4124    166.214          9 0.0000e+00
    164.000   0.670532     3.2731 4.3617e-02      0.369     5.5517  1005.9152     6.4144    167.233         10 0.0000e+00
    165.000   0.670663     3.2691 4.3617e-02      0.428     5.5632  1005.9218     6.4165    168.253          9 0.0000e+00
    166.000   0.671021     3.2713 4.3617e-02      0.461     5.5759  1005.9291     6.4196    169.273          9 0.0000e+00
    167.000   0.671510     3.2727 4.3617e-02      0.412     5.5971  1005.9377     6.4242    170.292         10 0.0000e+00
    168.000   0.671805     3.2729 4.3617e-02      0.392     5.6033  1005.9449     6.4271    171.312         10 0.0000e+00
    169.000   0.672326     3.2834 4.3617e-02      0.408     5.5984  1005.9521     6.4302    172.332         10 0.0000e+00
    170.000   0.672688     3.2909 4.3617e-02      0.407     5.6014  1005.9585     6.4323    173.352          9 0.0000e+00
    171.000   0.672825     3.2921 4.3617e-02      0.458     5.6020  1005.9642     6.4333    174.372         10 0.0000e+00
    172.000   0.672954     3.2928 4.3617e-02      0.342     5.6065  1005.9699     6.4344    175.391          9 0.0000e+00
    173.000   0.673003     3.2917 4.3617e-02      0.502     5.6097  1005.9753     6.4350    176.411          9 0.0000e+00
    174.000   0.673026     3.2914 4.3617e-02      0.396     5.6141  1005.9804     6.4352    177.430         10 0.0000e+00
    175.000   0.673102     3.2914 4.3617e-02      0.478     5.6128  1005.9858     6.4358    178.450          9 0.0000e+00
    176.000   0.673189     3.2911 4.3617e-02      0.371     5.6201  1005.9914     6.4367    179.470         10 0.0000e+00
    177.000   0.673311     3.2911 4.3617e-02      0.459     5.6231  1005.9972     6.4378    180.490          8 0.0000e+00
    178.000   0.673429     3.2911 4.3617e-02      0.457     5.6224  1006.0029     6.4389    181.510         10 0.0000e+00
    179.000   0.673533     3.2885 4.3617e-02      0.406     5.6297  1006.0090     6.4403    182.529          9 0.0000e+00
    180.000   0.673734     3.2848 4.3617e-02      0.444     5.6295  1006.0161     6.4430    183.549         10 0.0000e+00
    181.000   0.673899     3.2827 4.3617e-02      0.362     5.6294  1006.0226     6.4450    184.569          9 0.0000e+00
    182.000   0.674068     3.2796 4.3617e-02      0.467     5.6281  1006.0293     6.4472    185.588         10 0.0000e+00
    183.000   0.674114     3.2784 4.3617e-02      0.396     5.6263  1006.0347     6.4479    186.608          9 0.0000e+00
    184.000   0.674130     3.2785 4.3617e-02      0.464     5.6248  1006.0396     6.4479    187.628         10 0.0000e+00
    185.000   0.674152     3.2784 4.3617e-02      0.329     5.6215  1006.0447     6.4480    188.647          9 0.0000e+00
    186.000   0.674188     3.2778 4.3617e-02      0.502     5.6242  1006.0498     6.4484    189.667         10 0.0000e+00
    187.000   0.674230     3.2768 4.3617e-02      0.322     5.6206  1006.0552     6.4489    190.687          9 0.0000e+00
    188.000   0.674255     3.2760 4.3617e-02      0.540     5.6187  1006.0603     6.4492    191.707          9 0.0000e+00
    189.000   0.674268     3.2749 4.3617e-02      0.273     5.6149  1006.0654     6.4494    192.726         10 0.0000e+00
    190.000   0.674286     3.2728 4.3617e-02      0.515     5.6093  1006.0707     6.4499    193.746          9 0.0000e+00
    191.000   0.674394     3.2710 4.3687e-02      0.423     5.6113  1006.0767     6.4512    194.766         10 0.0000e+00
    192.000   0.674477     3.2698 4.3713e-02      0.348     5.6048  1006.0824     6.4522    195.786          9 0.0000e+00
    193.000   0.674555     3.2692 4.3844e-02      0.500     5.5996  1006.0879     6.4530    196.805         10 0.0000e+00
    194.000   0.674586     3.2690 4.8516e-02      0.333     5.6004  1006.0930     6.4532    197.825          9 0.0000e+00
    195.000   0.674619     3.2688 5.0846e-02      0.497     5.6013  1006.0981     6.4535    198.845         10 0.0000e+00
    196.000   0.674646     3.2691 4.5750e-02      0.298 -9.990e-29  1006.1031     6.4536    199.864          8 0.0000e+00
