ctdpy/exports/archive_20200326_115716/received_data/c3_v24_19.cnv
* Sea-Bird SBE19plus Data File:
* FileName = C:\CTD\CTD 2019\v24\C3_v24_19.hex
* Software Version 1.59
* Temperature SN =  4644
* Conductivity SN =  4644
* System UpLoad Time = Jun 11 2019 08:00:35
** C3_v24_19
* ds
# nquan = 11
# nvalues = 196                         
# units = specified
# name 0 = prdM: Pressure, Strain Gauge [db]
# name 1 = c0S/m: Conductivity [S/m]
# name 2 = tv290C: Temperature [ITS-90, deg C]
# name 3 = par: PAR/Irradiance, Biospherical/Licor
# name 4 = dz/dtM: Descent Rate [m/s]
# name 5 = sbeox0ML/L: Oxygen, SBE 43 [ml/l]
# name 6 = density00: Density [density, kg/m^3]
# name 7 = sal00: Salinity, Practical [PSU]
# name 8 = depFM: Depth [fresh water, m], lat = 58
# name 9 = nbin: number of scans per bin
# name 10 = flag: flag
# span 0 =      1.000,    196.000       
# span 1 =   0.564477,   0.683844       
# span 2 =     1.6615,     9.3716       
# span 3 = 4.3617e-02, 6.0314e+02       
# span 4 =      0.043,      0.545       
# span 5 =     4.3450,     9.0646       
# span 6 =  1003.7659,  1006.0168       
# span 7 =     5.1130,     6.3716       
# span 8 =      1.020,    199.864       
# span 9 =          7,         12       
# span 10 = 0.0000e+00, 0.0000e+00      
# interval = decibars: 1                
# start_time = Jun 11 2019 07:02:09 [Instrument's time stamp, header]
# bad_flag = -9.990e-29
*END*
[from data line 132]
    133.000   0.674411     4.0183 4.3617e-02      0.472     4.9947  1005.6669     6.3117    135.622          9 0.0000e+00
    134.000   0.674548     4.0212 4.3617e-02      0.460     4.9928  1005.6723     6.3125    136.642          9 0.0000e+00
    135.000   0.674719     4.0260 4.3617e-02      0.452     5.0219  1005.6775     6.3131    137.662          8 0.0000e+00
    136.000   0.675258     4.0364 4.3617e-02      0.472     5.0137  1005.6847     6.3164    138.681          9 0.0000e+00
    137.000   0.675701     4.0468 4.3617e-02      0.451     5.0071  1005.6912     6.3187    139.701          9 0.0000e+00
    138.000   0.676081     4.0546 4.3617e-02      0.465     5.0007  1005.6976     6.3209    140.721          8 0.0000e+00
    139.000   0.676311     4.0585 4.3617e-02      0.463     4.9764  1005.7035     6.3224    141.741          9 0.0000e+00
    140.000   0.676501     4.0619 4.3617e-02      0.449     4.9670  1005.7092     6.3235    142.760          9 0.0000e+00
    141.000   0.676895     4.0720 4.3617e-02      0.472     4.9401  1005.7153     6.3254    143.780          8 0.0000e+00
    142.000   0.677335     4.0805 4.3617e-02      0.457     4.9273  1005.7221     6.3280    144.800          9 0.0000e+00
    143.000   0.677506     4.0835 4.3617e-02      0.458     4.8954  1005.7277     6.3291    145.819          9 0.0000e+00
    144.000   0.677666     4.0861 4.3617e-02      0.457     4.8844  1005.7333     6.3300    146.839          9 0.0000e+00
    145.000   0.677860     4.0884 4.3617e-02      0.470     4.8947  1005.7391     6.3314    147.859          8 0.0000e+00
    146.000   0.678051     4.0888 4.3617e-02      0.468     4.9034  1005.7454     6.3332    148.878          9 0.0000e+00
    147.000   0.678041     4.0870 4.3617e-02      0.480     4.8895  1005.7504     6.3333    149.898          8 0.0000e+00
    148.000   0.678249     4.0938 4.3617e-02      0.454     4.9137  1005.7556     6.3339    150.918          9 0.0000e+00
    149.000   0.678436     4.0963 4.3617e-02      0.466     4.9042  1005.7615     6.3352    151.938          8 0.0000e+00
    150.000   0.678694     4.1010 4.3617e-02      0.484     4.8872  1005.7674     6.3368    152.957          9 0.0000e+00
    151.000   0.678971     4.1054 4.3617e-02      0.457     4.8961  1005.7736     6.3386    153.977          8 0.0000e+00
    152.000   0.679256     4.1090 4.3617e-02      0.483     4.9044  1005.7800     6.3406    154.997          9 0.0000e+00
    153.000   0.679487     4.1120 4.3617e-02      0.465     4.9136  1005.7861     6.3422    156.017          8 0.0000e+00
    154.000   0.679630     4.1134 4.3617e-02      0.493     4.8917  1005.7918     6.3433    157.036          8 0.0000e+00
    155.000   0.679820     4.1164 4.3617e-02      0.494     4.8765  1005.7975     6.3445    158.056          8 0.0000e+00
    156.000   0.680000     4.1184 4.3617e-02      0.479     4.8723  1005.8033     6.3458    159.076          9 0.0000e+00
    157.000   0.680078     4.1196 4.3617e-02      0.487     4.8752  1005.8085     6.3462    160.095          8 0.0000e+00
    158.000   0.680184     4.1207 4.3617e-02      0.489     4.8581  1005.8140     6.3469    161.115          8 0.0000e+00
    159.000   0.680316     4.1226 4.3617e-02      0.477     4.8734  1005.8194     6.3478    162.135          8 0.0000e+00
    160.000   0.680438     4.1243 4.3617e-02      0.496     4.8345  1005.8249     6.3486    163.155          9 0.0000e+00
    161.000   0.680599     4.1267 4.3617e-02      0.465     4.8195  1005.8305     6.3496    164.174          8 0.0000e+00
    162.000   0.680790     4.1289 4.3617e-02      0.485     4.8057  1005.8364     6.3510    165.194          8 0.0000e+00
    163.000   0.680970     4.1316 4.3617e-02      0.485     4.8309  1005.8421     6.3521    166.214          8 0.0000e+00
    164.000   0.681119     4.1333 4.3617e-02      0.501     4.8305  1005.8478     6.3532    167.233          8 0.0000e+00
    165.000   0.681236     4.1350 4.3617e-02      0.492     4.8127  1005.8532     6.3539    168.253          9 0.0000e+00
    166.000   0.681359     4.1366 4.3617e-02      0.475     4.7780  1005.8586     6.3547    169.273          8 0.0000e+00
    167.000   0.681588     4.1391 4.3617e-02      0.479     4.7722  1005.8648     6.3564    170.293          9 0.0000e+00
    168.000   0.681724     4.1405 4.3617e-02      0.466     4.7700  1005.8704     6.3574    171.312          8 0.0000e+00
    169.000   0.681847     4.1416 4.3617e-02      0.501     4.7863  1005.8759     6.3583    172.332          8 0.0000e+00
    170.000   0.682066     4.1444 4.3617e-02      0.490     4.8262  1005.8819     6.3598    173.352          8 0.0000e+00
    171.000   0.682302     4.1468 4.3617e-02      0.482     4.8080  1005.8881     6.3616    174.371          8 0.0000e+00
    172.000   0.682476     4.1490 4.3617e-02      0.499     4.7883  1005.8939     6.3628    175.391          8 0.0000e+00
    173.000   0.682628     4.1504 4.3617e-02      0.492     4.7554  1005.8997     6.3639    176.411          8 0.0000e+00
    174.000   0.682782     4.1520 4.3617e-02      0.520     4.7305  1005.9054     6.3651    177.431          8 0.0000e+00
    175.000   0.682946     4.1537 4.3617e-02      0.482     4.6936  1005.9111     6.3663    178.450          8 0.0000e+00
    176.000   0.683058     4.1547 4.3617e-02      0.503     4.6814  1005.9166     6.3670    179.470          8 0.0000e+00
    177.000   0.683104     4.1553 4.3617e-02      0.495     4.6658  1005.9216     6.3673    180.490          8 0.0000e+00
    178.000   0.683149     4.1556 4.3617e-02      0.511     4.6568  1005.9267     6.3676    181.510          8 0.0000e+00
    179.000   0.683181     4.1558 4.3617e-02      0.501     4.6450  1005.9317     6.3677    182.529          8 0.0000e+00
    180.000   0.683204     4.1558 4.3617e-02      0.524     4.6170  1005.9367     6.3678    183.549          8 0.0000e+00
    181.000   0.683225     4.1562 4.3617e-02      0.495     4.6201  1005.9415     6.3679    184.569          8 0.0000e+00
    182.000   0.683250     4.1565 4.3617e-02      0.518     4.5851  1005.9464     6.3679    185.588          8 0.0000e+00
    183.000   0.683280     4.1569 4.3617e-02      0.492     4.6116  1005.9514     6.3681    186.608          8 0.0000e+00
    184.000   0.683330     4.1574 4.3617e-02      0.510     4.6018  1005.9565     6.3683    187.628          7 0.0000e+00
    185.000   0.683419     4.1584 4.3617e-02      0.526     4.5949  1005.9618     6.3689    188.647          8 0.0000e+00
    186.000   0.683529     4.1594 4.3617e-02      0.495     4.5711  1005.9672     6.3697    189.667          8 0.0000e+00
    187.000   0.683590     4.1601 4.3617e-02      0.533     4.5250  1005.9724     6.3701    190.687          8 0.0000e+00
    188.000   0.683655     4.1606 4.3617e-02      0.473     4.5543  1005.9776     6.3705    191.707          8 0.0000e+00
    189.000   0.683720     4.1612 4.3617e-02      0.545     4.4983  1005.9828     6.3709    192.726          8 0.0000e+00
    190.000   0.683783     4.1616 4.3617e-02      0.490     4.4688  1005.9880     6.3714    193.746          8 0.0000e+00
    191.000   0.683806     4.1616 4.3617e-02      0.513     4.4321  1005.9929     6.3715    194.766          7 0.0000e+00
    192.000   0.683831     4.1618 4.3617e-02      0.515     4.4183  1005.9978     6.3716    195.786          8 0.0000e+00
    193.000   0.683844     4.1619 4.3617e-02      0.499     4.4166  1006.0027     6.3716    196.805          9 0.0000e+00
    194.000   0.683808     4.1621 4.3617e-02      0.359     4.3552  1006.0071     6.3711    197.825         12 0.0000e+00
    195.000   0.683829     4.1626 4.3617e-02      0.321     4.3450  1006.0120     6.3710    198.845         11 0.0000e+00
    196.000   0.683821     4.1624 4.3617e-02      0.361     4.4275  1006.0168     6.3709    199.864         11 0.0000e+00
