ctdpy/exports/archive_20200326_115716/received_data/c3_v32_19.cnv
* Sea-Bird SBE19plus Data File:
* FileName = C:\CTD\CTD 2019\v32\C3_v32_19.hex
* Software Version 1.59
* Temperature SN =  4644
* Conductivity SN =  4644
* System UpLoad Time = Aug 06 2019 14:40:43
** C3_V32_19
* ds
# nquan = 11
# nvalues = 196                         
# units = specified
# name 0 = prdM: Pressure, Strain Gauge [db]
# name 1 = c0S/m: Conductivity [S/m]
# name 2 = tv290C: Temperature [ITS-90, deg C]
# name 3 = par: PAR/Irradiance, Biospherical/Licor
# name 4 = dz/dtM: Descent Rate [m/s]
# name 5 = sbeox0ML/L: Oxygen, SBE 43 [ml/l]
# name 6 = density00: Density [density, kg/m^3]
# name 7 = sal00: Salinity, Practical [PSU]
# name 8 = depFM: Depth [fresh water, m], lat = 58
# name 9 = nbin: number of scans per bin
# name 10 = flag: flag
# span 0 =      1.000,    196.000       
# span 1 =   0.567805,   0.707605       
# span 2 =     2.1297,    14.2166       
# span 3 = 6.6485e-02, 9.6863e+02       
# span 4 =     -0.045,      0.547       
# span 5 =     4.8541,     8.3320       
# span 6 =  1002.8402,  1006.0655       
# span 7 =     4.6125,     6.4141       
# span 8 =      1.020,    199.864       
# span 9 =          6,         14       
# span 10 = 0.0000e+00, 0.0000e+00      
# interval = decibars: 1                
# start_time = Aug 06 2019 14:03:33 [Instrument's time stamp, header]
# bad_flag = -9.990e-29
*END*
      1.000   0.665280    14.2056 9.6863e+02     -0.045     6.8478  1002.8402     4.6873      1.020          6 0.0000e+00
      2.000   0.665393    14.2050 6.2486e+02      0.334     6.8554  1002.8456     4.6881      2.039         12 0.0000e+00
      3.000   0.665293    14.2055 4.2734e+02      0.365     6.8590  1002.8495     4.6873      3.059         12 0.0000e+00
      4.000   0.665052    14.2092 2.8197e+02      0.294     6.8608  1002.8518     4.6849      4.079         14 0.0000e+00
      5.000   0.664752    14.2166 2.1340e+02      0.299     6.8616  1002.8528     4.6817      5.098         13 0.0000e+00
      6.000   0.665287    14.2130 1.5720e+02      0.343     6.7610  1002.8614     4.6861      6.118         11 0.0000e+00
      7.000   0.666778    14.0776 1.1672e+02      0.367     6.8069  1002.9077     4.7136      7.138         11 0.0000e+00
      8.000   0.660854    13.8501 8.7879e+01      0.378     6.8299  1002.9329     4.6962      8.158         10 0.0000e+00
      9.000   0.660220    13.8061 6.4438e+01      0.373     6.8221  1002.9444     4.6967      9.177         11 0.0000e+00
     10.000   0.659285    13.7662 4.5668e+01      0.377     6.8359  1002.9531     4.6943     10.197         11 0.0000e+00
     11.000   0.656813    13.6771 3.2878e+01      0.375     6.8305  1002.9646     4.6862     11.217         10 0.0000e+00
     12.000   0.657240    13.6897 2.4379e+01      0.352     6.8105  1002.9687     4.6879     12.237         12 0.0000e+00
     13.000   0.657308    13.6745 1.8074e+01      0.354     6.7901  1002.9774     4.6901     13.256         12 0.0000e+00
     14.000   0.656726    13.6362 1.3523e+01      0.334     6.7754  1002.9877     4.6903     14.276         11 0.0000e+00
     15.000   0.656282    13.5934 1.0132e+01      0.336     6.7807  1003.0000     4.6920     15.296         13 0.0000e+00
     16.000   0.655651    13.5687 7.7501e+00      0.314     6.7811  1003.0067     4.6901     16.315         12 0.0000e+00
     17.000   0.656002    13.5735 5.8259e+00      0.316     6.7676  1003.0123     4.6921     17.335         13 0.0000e+00
     18.000   0.649308    13.3562 4.3515e+00      0.301     6.8274  1003.0285     4.6670     18.355         13 0.0000e+00
     19.000   0.634351    12.8516 3.2585e+00      0.316     6.8983  1003.0616     4.6125     19.375         12 0.0000e+00
     20.000   0.653838    13.1098 2.4379e+00      0.403     6.8611  1003.1229     4.7321     20.394         10 0.0000e+00
     21.000   0.663397    13.2787 1.8898e+00      0.404     6.8297  1003.1448     4.7851     21.414         10 0.0000e+00
     22.000   0.675372    13.5114 1.4586e+00      0.399     6.7310  1003.1646     4.8481     22.434         10 0.0000e+00
     23.000   0.701019    13.8886 1.1087e+00      0.393     6.6507  1003.2281     4.9965     23.453         10 0.0000e+00
     24.000   0.707605    13.6779 8.4740e-01      0.411     6.5344  1003.3237     5.0744     24.473         10 0.0000e+00
     25.000   0.676791    12.3948 6.5263e-01      0.394     6.6272  1003.4519     5.0030     25.493          9 0.0000e+00
     26.000   0.664728    11.5584 5.1193e-01      0.410     6.7026  1003.5747     5.0180     26.513         10 0.0000e+00
     27.000   0.653156    10.5473 4.0741e-01      0.412     6.8695  1003.7290     5.0609     27.532         10 0.0000e+00
     28.000   0.639448     9.4467 3.3031e-01      0.398     7.1237  1003.8755     5.0993     28.552         10 0.0000e+00
     29.000   0.620758     8.1833 2.7084e-01      0.405     7.3424  1004.0050     5.1182     29.572         10 0.0000e+00
     30.000   0.611231     7.3780 2.2506e-01      0.401     7.3744  1004.0950     5.1513     30.591         10 0.0000e+00
     31.000   0.603049     6.6367 1.8979e-01      0.382     7.5635  1004.1742     5.1876     31.611         10 0.0000e+00
     32.000   0.593238     5.9938 1.6401e-01      0.398     7.6071  1004.2186     5.1944     32.631         11 0.0000e+00
     33.000   0.586265     5.5222 1.4491e-01      0.387     7.7832  1004.2496     5.2011     33.651         10 0.0000e+00
     34.000   0.581277     5.0804 1.3134e-01      0.375     7.8195  1004.2884     5.2222     34.670         10 0.0000e+00
     35.000   0.581648     4.8703 1.2140e-01      0.403     7.9814  1004.3291     5.2588     35.690         10 0.0000e+00
     36.000   0.578396     4.4333 1.1404e-01      0.410     8.0679  1004.3767     5.2967     36.710         10 0.0000e+00
     37.000   0.571512     3.8670 1.0829e-01      0.403     8.2975  1004.4121     5.3203     37.730         10 0.0000e+00
     38.000   0.567805     3.5300 1.0312e-01      0.416     8.3320  1004.4366     5.3383     38.749          9 0.0000e+00
     39.000   0.568270     3.4633 9.9237e-02      0.437     8.3235  1004.4547     5.3539     39.769          9 0.0000e+00
     40.000   0.568519     3.3982 9.5665e-02      0.483     8.3288  1004.4708     5.3671     40.789          9 0.0000e+00
     41.000   0.569957     3.3796 9.2941e-02      0.452     8.2705  1004.4899     5.3846     41.808          8 0.0000e+00
     42.000   0.570767     3.2956 9.0739e-02      0.480     8.3201  1004.5132     5.4067     42.828          9 0.0000e+00
     43.000   0.570911     3.1979 8.8868e-02      0.467     8.2577  1004.5331     5.4245     43.848          8 0.0000e+00
     44.000   0.574398     3.2786 8.7303e-02      0.480     8.1992  1004.5547     5.4462     44.868          8 0.0000e+00
     45.000   0.576038     3.2988 8.6131e-02      0.473     8.1435  1004.5699     5.4593     45.887          9 0.0000e+00
     46.000   0.576891     3.2828 8.5165e-02      0.450     8.1174  1004.5839     5.4705     46.907          9 0.0000e+00
     47.000   0.574543     3.0970 8.4372e-02      0.451     8.2011  1004.5962     5.4781     47.927          9 0.0000e+00
     48.000   0.571053     2.8544 8.3670e-02      0.428     8.2805  1004.6066     5.4837     48.946          9 0.0000e+00
     49.000   0.569883     2.7332 8.3139e-02      0.433     8.2971  1004.6186     5.4924     49.966          9 0.0000e+00
     50.000   0.569217     2.6266 8.2597e-02      0.456     8.3163  1004.6326     5.5038     50.986          9 0.0000e+00
     51.000   0.569447     2.5572 8.2318e-02      0.416     8.2910  1004.6488     5.5180     52.005         10 0.0000e+00
     52.000   0.569663     2.5076 8.1820e-02      0.435     8.3241  1004.6622     5.5288     53.025          9 0.0000e+00
     53.000   0.571386     2.5486 8.1570e-02      0.433     8.2664  1004.6758     5.5394     54.045          9 0.0000e+00
     54.000   0.574104     2.6403 8.1229e-02      0.454     8.2238  1004.6906     5.5515     55.065          9 0.0000e+00
     55.000   0.573084     2.5615 8.1008e-02      0.461     8.2061  1004.6978     5.5545     56.084          9 0.0000e+00
     56.000   0.572870     2.4980 8.0895e-02      0.443     8.2358  1004.7096     5.5633     57.104          9 0.0000e+00
     57.000   0.573562     2.4865 8.0654e-02      0.459     8.1981  1004.7218     5.5724     58.124          8 0.0000e+00
     58.000   0.575086     2.5130 8.0573e-02      0.452     8.2189  1004.7356     5.5835     59.143          9 0.0000e+00
     59.000   0.576173     2.5172 8.0269e-02      0.456     8.2372  1004.7490     5.5939     60.163          9 0.0000e+00
     60.000   0.576290     2.4843 8.0177e-02      0.469     8.2545  1004.7593     5.6008     61.183          9 0.0000e+00
     61.000   0.576468     2.4529 8.0053e-02      0.429     8.2458  1004.7700     5.6081     62.203          9 0.0000e+00
     62.000   0.576905     2.4331 8.0014e-02      0.439     8.2514  1004.7812     5.6160     63.222          9 0.0000e+00
     63.000   0.577411     2.4334 7.9830e-02      0.422     8.2738  1004.7902     5.6212     64.242         10 0.0000e+00
     64.000   0.577136     2.3884 7.9801e-02      0.437     8.1977  1004.7990     5.6261     65.262          9 0.0000e+00
     65.000   0.574345     2.1982 7.9689e-02      0.415     8.1082  1004.8064     5.6306     66.282          9 0.0000e+00
     66.000   0.574131     2.1334 7.9544e-02      0.435     8.0642  1004.8182     5.6398     67.301         10 0.0000e+00
     67.000   0.574910     2.1297 7.9488e-02      0.429     8.0171  1004.8302     5.6485     68.321          9 0.0000e+00
     68.000   0.576363     2.1469 7.9423e-02      0.420     8.0420  1004.8449     5.6606     69.340         10 0.0000e+00
     69.000   0.577740     2.1805 7.9369e-02      0.413     8.1010  1004.8568     5.6690     70.361          9 0.0000e+00
     70.000   0.579085     2.2000 7.9343e-02      0.415     7.9822  1004.8703     5.6794     71.380         10 0.0000e+00
     71.000   0.580319     2.1868 7.9251e-02      0.392     7.8739  1004.8874     5.6947     72.400         10 0.0000e+00
     72.000   0.581303     2.1785 7.9169e-02      0.379     7.7165  1004.9016     5.7064     73.420         11 0.0000e+00
     73.000   0.581432     2.1365 7.9088e-02      0.385     7.5949  1004.9134     5.7152     74.439         10 0.0000e+00
     74.000   0.583408     2.1841 7.9065e-02      0.387     7.5352  1004.9283     5.7273     75.459         11 0.0000e+00
     75.000   0.584731     2.2083 7.9030e-02      0.384     7.4839  1004.9409     5.7367     76.479         10 0.0000e+00
     76.000   0.585912     2.2302 7.8772e-02      0.400     7.4285  1004.9527     5.7450     77.499         10 0.0000e+00
     77.000   0.588616     2.3036 7.8859e-02      0.404     7.3737  1004.9699     5.7599     78.518         10 0.0000e+00
     78.000   0.591338     2.3686 7.8701e-02      0.397     7.2580  1004.9884     5.7764     79.538         10 0.0000e+00
     79.000   0.593301     2.3962 7.8656e-02      0.362     7.1634  1005.0057     5.7918     80.557         12 0.0000e+00
     80.000   0.596068     2.4620 7.8631e-02      0.294     7.0957  1005.0243     5.8086     81.577         14 0.0000e+00
     81.000   0.598099     2.5045 7.8555e-02      0.294     6.9890  1005.0399     5.8219     82.597         13 0.0000e+00
     82.000   0.599987     2.5413 7.8530e-02      0.303     6.9115  1005.0551     5.8347     83.617         12 0.0000e+00
     83.000   0.602657     2.6025 7.8329e-02      0.392     6.7959  1005.0732     5.8511     84.637         10 0.0000e+00
     84.000   0.605549     2.6678 7.8284e-02      0.414     6.7026  1005.0924     5.8691     85.656         10 0.0000e+00
     85.000   0.609226     2.7450 7.8244e-02      0.408     6.6334  1005.1161     5.8929     86.676         10 0.0000e+00
     86.000   0.612053     2.8163 7.8053e-02      0.401     6.5953  1005.1336     5.9089     87.695         10 0.0000e+00
     87.000   0.613668     2.8539 7.7996e-02      0.427     6.5340  1005.1460     5.9185     88.715          9 0.0000e+00
     88.000   0.616031     2.9024 7.7907e-02      0.442     6.4503  1005.1629     5.9338     89.735          9 0.0000e+00
     89.000   0.618550     2.9515 7.7805e-02      0.440     6.3733  1005.1809     5.9505     90.755          9 0.0000e+00
     90.000   0.620928     3.0003 7.7767e-02      0.420     6.2906  1005.1977     5.9659     91.774          9 0.0000e+00
     91.000   0.624703     3.0782 7.7721e-02      0.455     6.1966  1005.2213     5.9901     92.794          9 0.0000e+00
     92.000   0.628073     3.1475 7.7563e-02      0.466     6.1198  1005.2428     6.0116     93.814          9 0.0000e+00
     93.000   0.630361     3.1969 7.7494e-02      0.468     6.0432  1005.2584     6.0257     94.834          8 0.0000e+00
     94.000   0.632178     3.2355 7.7507e-02      0.432     5.9887  1005.2719     6.0370     95.853         10 0.0000e+00
     95.000   0.633774     3.2688 7.7449e-02      0.447     5.9590  1005.2843     6.0470     96.873          9 0.0000e+00
     96.000   0.634814     3.2923 7.7246e-02      0.424     5.9578  1005.2939     6.0531     97.893          9 0.0000e+00
     97.000   0.636044     3.3163 7.7224e-02      0.412     5.8964  1005.3048     6.0610     98.912         10 0.0000e+00
     98.000   0.637320     3.3413 7.7170e-02      0.412     5.8101  1005.3159     6.0692     99.932         10 0.0000e+00
     99.000   0.639301     3.3816 7.7046e-02      0.407     5.8253  1005.3302     6.0817    100.952         10 0.0000e+00
    100.000   0.641207     3.4232 7.6926e-02      0.413     5.7954  1005.3437     6.0932    101.972          9 0.0000e+00
    101.000   0.642612     3.4507 7.6844e-02      0.402     5.7664  1005.3553     6.1022    102.991         10 0.0000e+00
    102.000   0.643739     3.4738 7.6788e-02      0.407     5.7131  1005.3655     6.1092    104.011         10 0.0000e+00
    103.000   0.646046     3.5198 7.6636e-02      0.396     5.6079  1005.3813     6.1239    105.031         10 0.0000e+00
    104.000   0.648502     3.5676 7.6503e-02      0.398     5.6024  1005.3980     6.1397    106.051         10 0.0000e+00
    105.000   0.650242     3.5996 7.6487e-02      0.394     5.5762  1005.4114     6.1512    107.071         10 0.0000e+00
    106.000   0.651058     3.6159 7.6312e-02      0.412     5.5423  1005.4201     6.1562    108.090         10 0.0000e+00
    107.000   0.652515     3.6421 7.6247e-02      0.423     5.5136  1005.4322     6.1659    109.110          9 0.0000e+00
    108.000   0.653706     3.6639 7.6305e-02      0.424     5.4765  1005.4429     6.1737    110.129         10 0.0000e+00
    109.000   0.655443     3.6960 7.6151e-02      0.411     5.4274  1005.4562     6.1851    111.149         10 0.0000e+00
    110.000   0.656470     3.7154 7.5985e-02      0.414     5.3216  1005.4660     6.1917    112.169          9 0.0000e+00
    111.000   0.657648     3.7384 7.5890e-02      0.423     5.2442  1005.4763     6.1991    113.189          9 0.0000e+00
    112.000   0.659018     3.7635 7.5853e-02      0.457     5.3560  1005.4878     6.2080    114.208          9 0.0000e+00
    113.000   0.660910     3.7940 7.5687e-02      0.428     5.3422  1005.5025     6.2212    115.228         10 0.0000e+00
    114.000   0.662246     3.8194 7.5563e-02      0.447     5.2987  1005.5136     6.2297    116.248          9 0.0000e+00
    115.000   0.663548     3.8418 7.5511e-02      0.427     5.2017  1005.5249     6.2384    117.267          9 0.0000e+00
    116.000   0.664233     3.8522 7.5407e-02      0.455     5.2562  1005.5334     6.2432    118.287          9 0.0000e+00
    117.000   0.664714     3.8579 7.5287e-02      0.425     5.2701  1005.5411     6.2469    119.307          9 0.0000e+00
    118.000   0.665015     3.8612 7.5243e-02      0.452     5.2540  1005.5477     6.2492    120.327          9 0.0000e+00
    119.000   0.665339     3.8658 7.5124e-02      0.457     5.2418  1005.5543     6.2515    121.346          8 0.0000e+00
    120.000   0.665766     3.8726 7.5046e-02      0.467     5.2342  1005.5613     6.2543    122.366          9 0.0000e+00
    121.000   0.666013     3.8758 7.4903e-02      0.462     5.2311  1005.5675     6.2561    123.386          9 0.0000e+00
    122.000   0.666552     3.8814 7.4789e-02      0.470     5.2189  1005.5756     6.2603    124.405          8 0.0000e+00
    123.000   0.667438     3.8910 7.4644e-02      0.458     5.1947  1005.5858     6.2673    125.425          9 0.0000e+00
    124.000   0.668062     3.8963 7.4579e-02      0.462     5.1829  1005.5947     6.2724    126.445          9 0.0000e+00
    125.000   0.668444     3.9021 7.4485e-02      0.452     5.1781  1005.6015     6.2750    127.465          9 0.0000e+00
    126.000   0.668538     3.9001 7.4375e-02      0.445     5.1750  1005.6074     6.2763    128.484          9 0.0000e+00
    127.000   0.668753     3.9021 7.4271e-02      0.439     5.1726  1005.6136     6.2779    129.504          9 0.0000e+00
    128.000   0.669268     3.9098 7.4214e-02      0.457     5.0967  1005.6211     6.2815    130.524          9 0.0000e+00
    129.000   0.670300     3.9286 7.4111e-02      0.430     4.9094  1005.6308     6.2882    131.543          9 0.0000e+00
    130.000   0.670763     3.9321 7.3988e-02      0.456     5.0066  1005.6387     6.2920    132.563          8 0.0000e+00
    131.000   0.671174     3.9330 7.3907e-02      0.448     5.1488  1005.6466     6.2959    133.583          9 0.0000e+00
