ctdpy/exports/archive_20200326_115716/received_data/c3_v07_19.cnv
* Sea-Bird SBE19plus Data File:
* FileName = C:\CTD\CTD 2019\K05\C3_K05v7_2019.hex
* Software Version 1.59
* Temperature SN =  7668
* Conductivity SN =  7668
* System UpLoad Time = Feb 11 2019 14:14:48
** C3_K05v7_2019
* ds
# nquan = 10
# nvalues = 202                         
# units = specified
# name 0 = prdM: Pressure, Strain Gauge [db]
# name 1 = c0S/m: Conductivity [S/m]
# name 2 = tv290C: Temperature [ITS-90, deg C]
# name 3 = par: PAR/Irradiance, Biospherical/Licor
# name 4 = dz/dtM: Descent Rate [m/s]
# name 5 = density00: Density [density, kg/m^3]
# name 6 = sal00: Salinity, Practical [PSU]
# name 7 = depFM: Depth [fresh water, m], lat = 0
# name 8 = nbin: number of scans per bin
# name 9 = flag: flag
# span 0 =      1.000,    202.000       
# span 1 =   0.445499,   0.692799       
# span 2 =    -0.0768,     4.2622       
# span 3 = -7.074e-08, 2.9376e+02       
# span 4 =      0.213,      0.960       
# span 5 =  1003.6261,  1006.0930       
# span 6 =     4.6257,     6.4406       
# span 7 =      1.020,    205.983       
# span 8 =          4,         13       
# span 9 = 0.0000e+00, 0.0000e+00       
# interval = decibars: 1                
# start_time = Feb 11 2019 14:28:45 [Instrument's time stamp, header]
# bad_flag = -9.990e-29
*END*
      1.000   0.464823     0.1754 2.9376e+02      0.428  1003.7647     4.8003      1.020          8 0.0000e+00
      2.000   0.459246     0.1069 1.3551e+02      0.567  1003.7254     4.7494      2.039          7 0.0000e+00
      3.000   0.446547    -0.0541 9.3442e+01      0.570  1003.6289     4.6340      3.059          6 0.0000e+00
      4.000   0.445499    -0.0768 6.6085e+01      0.648  1003.6261     4.6257      4.079          6 0.0000e+00
      5.000   0.467928     0.1925 4.1230e+01      0.664  1003.8102     4.8309      5.099          7 0.0000e+00
      6.000   0.500551     0.5978 2.8743e+01      0.653  1004.0683     5.1229      6.118          6 0.0000e+00
      7.000   0.521304     0.8673 2.0329e+01      0.658  1004.2286     5.3035      7.138          6 0.0000e+00
      8.000   0.526492     0.9519 1.5016e+01      0.649  1004.2700     5.3452      8.158          6 0.0000e+00
      9.000   0.526875     0.9612 1.1390e+01      0.640  1004.2773     5.3477      9.177          7 0.0000e+00
     10.000   0.526985     0.9638 8.9066e+00      0.612  1004.2829     5.3483     10.197          6 0.0000e+00
     11.000   0.526704     0.9649 6.7475e+00      0.541  1004.2852     5.3449     11.217          8 0.0000e+00
     12.000   0.526749     0.9663 5.1321e+00      0.532  1004.2903     5.3451     12.237          7 0.0000e+00
     13.000   0.526753     0.9700 4.0066e+00      0.538  1004.2949     5.3444     13.256          8 0.0000e+00
     14.000   0.526670     0.9726 3.1887e+00      0.522  1004.2988     5.3429     14.276          7 0.0000e+00
     15.000   0.526574     0.9731 2.5351e+00      0.537  1004.3028     5.3417     15.296          8 0.0000e+00
     16.000   0.526501     0.9733 2.0148e+00      0.550  1004.3071     5.3408     16.316          7 0.0000e+00
     17.000   0.526441     0.9733 1.6026e+00      0.580  1004.3115     5.3400     17.335          7 0.0000e+00
     18.000   0.526391     0.9733 1.2788e+00      0.552  1004.3159     5.3393     18.355          7 0.0000e+00
     19.000   0.526436     0.9762 1.0123e+00      0.608  1004.3209     5.3392     19.375          7 0.0000e+00
     20.000   0.526549     0.9815 7.9979e-01      0.559  1004.3262     5.3394     20.394          7 0.0000e+00
     21.000   0.526571     0.9835 6.3825e-01      0.514  1004.3311     5.3392     21.414          8 0.0000e+00
     22.000   0.526645     0.9871 4.9625e-01      0.553  1004.3363     5.3393     22.434          7 0.0000e+00
     23.000   0.526759     0.9921 3.9297e-01      0.538  1004.3416     5.3395     23.453          8 0.0000e+00
     24.000   0.526894     0.9981 3.0571e-01      0.506  1004.3470     5.3399     24.473          8 0.0000e+00
     25.000   0.526974     1.0022 2.3296e-01      0.489  1004.3522     5.3399     25.493          7 0.0000e+00
     26.000   0.527104     1.0078 1.7974e-01      0.577  1004.3576     5.3402     26.512          6 0.0000e+00
     27.000   0.527272     1.0147 1.4135e-01      0.627  1004.3633     5.3408     27.532          6 0.0000e+00
     28.000   0.527413     1.0205 1.0061e-01      0.803  1004.3688     5.3412     28.552          4 0.0000e+00
     29.000   0.527506     1.0244 6.2121e-02      0.906  1004.3740     5.3414     29.572          5 0.0000e+00
     30.000   0.527627     1.0296 3.8452e-02      0.860  1004.3794     5.3417     30.591          5 0.0000e+00
     31.000   0.527974     1.0432 2.0042e-02      0.792  1004.3859     5.3430     31.611          5 0.0000e+00
     32.000   0.528377     1.0597 6.3764e-03      0.822  1004.3924     5.3444     32.631          5 0.0000e+00
     33.000   0.528611     1.0705 1.5299e-04      0.878  1004.3982     5.3450     33.650          4 0.0000e+00
     34.000   0.528842     1.0807 1.0000e-12      0.861  1004.4040     5.3456     34.671          5 0.0000e+00
     35.000   0.529042     1.0892 1.0000e-12      0.789  1004.4097     5.3462     35.690          5 0.0000e+00
     36.000   0.529142     1.0934 1.0000e-12      0.803  1004.4150     5.3464     36.710          5 0.0000e+00
     37.000   0.529378     1.1031 1.0000e-12      0.860  1004.4208     5.3472     37.730          4 0.0000e+00
     38.000   0.530141     1.1349 1.0000e-12      0.883  1004.4288     5.3498     38.749          5 0.0000e+00
     39.000   0.531135     1.1789 1.0000e-12      0.886  1004.4374     5.3529     39.769          4 0.0000e+00
     40.000   0.532762     1.2494 1.0000e-12      0.871  1004.4484     5.3581     40.789          5 0.0000e+00
     41.000   0.535643     1.3668 1.0000e-12      0.955  1004.4646     5.3686     41.808          4 0.0000e+00
     42.000   0.537366     1.4457 1.0000e-12      0.960  1004.4751     5.3734     42.828          5 0.0000e+00
     43.000   0.538431     1.4955 1.0000e-12      0.819  1004.4833     5.3761     43.848          5 0.0000e+00
     44.000   0.539769     1.5525 1.0000e-12      0.740  1004.4929     5.3804     44.867          5 0.0000e+00
     45.000   0.540917     1.6044 1.0000e-12      0.816  1004.5014     5.3836     45.887          5 0.0000e+00
     46.000   0.542682     1.6722 1.0000e-12      0.853  1004.5132     5.3906     46.907          5 0.0000e+00
     47.000   0.545450     1.7637 1.0000e-12      0.805  1004.5305     5.4041     47.927          5 0.0000e+00
     48.000   0.548331     1.8663 1.0000e-12      0.771  1004.5472     5.4168     48.946          4 0.0000e+00
     49.000   0.554521     2.0535 1.0000e-12      0.851  1004.5808     5.4496     49.967          5 0.0000e+00
     50.000   0.572112     2.5031 1.0000e-12      0.817  1004.6730     5.5549     50.986          6 0.0000e+00
     51.000   0.591635     2.9928 1.0000e-12      0.681  1004.7702     5.6706     52.006          5 0.0000e+00
     52.000   0.597562     3.1685 1.0000e-12      0.709  1004.7975     5.7000     53.025          6 0.0000e+00
     53.000   0.602806     3.3125 1.0000e-12      0.790  1004.8233     5.7279     54.045          5 0.0000e+00
     54.000   0.609108     3.4815 1.0000e-12      0.797  1004.8532     5.7617     55.065          5 0.0000e+00
     55.000   0.614822     3.6207 1.0000e-12      0.756  1004.8823     5.7946     56.084          5 0.0000e+00
     56.000   0.618537     3.7105 1.0000e-12      0.790  1004.9028     5.8159     57.104          5 0.0000e+00
     57.000   0.620066     3.7202 1.0000e-12      0.831  1004.9183     5.8294     58.124          5 0.0000e+00
     58.000   0.620915     3.7118 1.0000e-12      0.771  1004.9312     5.8394     59.143          5 0.0000e+00
     59.000   0.622597     3.7540 1.0000e-12      0.728  1004.9427     5.8486     60.163          6 0.0000e+00
     60.000   0.625961     3.8420 1.0000e-12      0.775  1004.9602     5.8665     61.183          5 0.0000e+00
     61.000   0.627798     3.8928 1.0000e-12      0.764  1004.9715     5.8757     62.203          6 0.0000e+00
     62.000   0.628497     3.9087 1.0000e-12      0.671  1004.9792     5.8797     63.222          5 0.0000e+00
     63.000   0.629032     3.8993 1.0000e-12      0.686  1004.9899     5.8867     64.242          6 0.0000e+00
     64.000   0.629508     3.8765 1.0000e-12      0.743  1005.0022     5.8955     65.262          6 0.0000e+00
     65.000   0.630433     3.8894 1.0000e-12      0.691  1005.0122     5.9023     66.282          6 0.0000e+00
     66.000   0.632527     3.9348 1.0000e-12      0.657  1005.0263     5.9149     67.301          6 0.0000e+00
     67.000   0.634037     3.9487 1.0000e-12      0.656  1005.0408     5.9275     68.321          6 0.0000e+00
     68.000   0.634696     3.9369 1.0000e-12      0.653  1005.0528     5.9361     69.341          5 0.0000e+00
     69.000   0.636413     3.9187 1.0000e-12      0.694  1005.0743     5.9565     70.360          6 0.0000e+00
     70.000   0.638439     3.8786 1.0000e-12      0.751  1005.1019     5.9841     71.380          5 0.0000e+00
     71.000   0.639808     3.8398 1.0000e-12      0.754  1005.1241     6.0048     72.400          6 0.0000e+00
     72.000   0.641292     3.8167 1.0000e-12      0.705  1005.1447     6.0239     73.419          6 0.0000e+00
     73.000   0.642405     3.8073 1.0000e-12      0.704  1005.1599     6.0367     74.439          5 0.0000e+00
     74.000   0.644071     3.7990 2.2991e-06      0.751  1005.1795     6.0549     75.459          6 0.0000e+00
     75.000   0.645056     3.7891 1.2600e-08      0.654  1005.1938     6.0666     76.479          6 0.0000e+00
     76.000   0.645556     3.7809 1.0000e-12      0.618  1005.2040     6.0730     77.498          6 0.0000e+00
     77.000   0.645856     3.7715 1.0000e-12      0.721  1005.2128     6.0777     78.518          6 0.0000e+00
     78.000   0.646294     3.7716 1.0000e-12      0.611  1005.2211     6.0820     79.538          7 0.0000e+00
     79.000   0.647492     3.7800 1.0000e-12      0.593  1005.2341     6.0924     80.557          6 0.0000e+00
     80.000   0.649730     3.8094 1.0000e-12      0.691  1005.2519     6.1093     81.577          6 0.0000e+00
     81.000   0.653236     3.9080 1.0000e-12      0.601  1005.2679     6.1260     82.597          7 0.0000e+00
     82.000   0.656555     4.0138 1.0000e-12      0.518  1005.2811     6.1394     83.617          7 0.0000e+00
     83.000   0.657897     4.0413 1.0000e-12      0.639  1005.2918     6.1475     84.637          6 0.0000e+00
     84.000   0.659225     4.0517 1.0000e-12      0.657  1005.3054     6.1587     85.656          7 0.0000e+00
     85.000   0.661696     4.0888 1.0000e-12      0.585  1005.3234     6.1764     86.676          5 0.0000e+00
     86.000   0.662437     4.0960 1.0000e-12      0.752  1005.3328     6.1823     87.695          6 0.0000e+00
     87.000   0.662480     4.0898 1.0000e-12      0.758  1005.3390     6.1838     88.715          6 0.0000e+00
     88.000   0.662552     4.0863 1.0000e-12      0.637  1005.3450     6.1851     89.735          5 0.0000e+00
     89.000   0.662992     4.0958 1.0000e-12      0.707  1005.3516     6.1876     90.755          6 0.0000e+00
     90.000   0.663895     4.1152 1.0000e-12      0.798  1005.3602     6.1928     91.774          5 0.0000e+00
     91.000   0.664530     4.1233 1.0000e-12      0.690  1005.3686     6.1975     92.794          6 0.0000e+00
     92.000   0.664622     4.1098 1.0000e-12      0.626  1005.3765     6.2009     93.814          6 0.0000e+00
     93.000   0.664825     4.1063 1.0000e-12      0.679  1005.3835     6.2035     94.834          6 0.0000e+00
     94.000   0.665551     4.1078 1.0000e-12      0.724  1005.3938     6.2103     95.853          6 0.0000e+00
     95.000   0.666451     4.1093 1.0000e-12      0.725  1005.4055     6.2189     96.873          5 0.0000e+00
     96.000   0.667114     4.1106 1.0000e-12      0.660  1005.4153     6.2252     97.893          7 0.0000e+00
     97.000   0.667752     4.1111 1.0000e-12      0.620  1005.4251     6.2314     98.912          6 0.0000e+00
     98.000   0.668720     4.1125 1.0000e-12      0.689  1005.4373     6.2407     99.932          6 0.0000e+00
     99.000   0.669843     4.1161 1.0000e-12      0.660  1005.4504     6.2511    100.952          6 0.0000e+00
    100.000   0.670361     4.1173 1.0000e-12      0.598  1005.4591     6.2560    101.972          6 0.0000e+00
    101.000   0.670789     4.1197 1.0000e-12      0.701  1005.4668     6.2597    102.991          6 0.0000e+00
    102.000   0.671257     4.1206 1.0000e-12      0.593  1005.4752     6.2641    104.011          8 0.0000e+00
    103.000   0.671720     4.1214 1.0000e-12      0.530  1005.4835     6.2684    105.031          7 0.0000e+00
    104.000   0.672082     4.1224 1.0000e-12      0.627  1005.4910     6.2718    106.050          6 0.0000e+00
    105.000   0.672459     4.1214 1.0000e-12      0.547  1005.4989     6.2756    107.070          8 0.0000e+00
    106.000   0.672693     4.1214 1.0000e-12      0.473  1005.5056     6.2778    108.090          8 0.0000e+00
    107.000   0.673111     4.1235 1.0000e-12      0.561  1005.5133     6.2815    109.110          7 0.0000e+00
    108.000   0.673397     4.1246 1.0000e-12      0.605  1005.5202     6.2840    110.130          6 0.0000e+00
    109.000   0.673585     4.1267 1.0000e-12      0.634  1005.5261     6.2854    111.149          7 0.0000e+00
    110.000   0.673885     4.1322 1.0000e-12      0.640  1005.5323     6.2872    112.169          6 0.0000e+00
    111.000   0.674589     4.1429 1.0000e-12      0.568  1005.5407     6.2921    113.188          7 0.0000e+00
    112.000   0.675361     4.1527 1.0000e-12      0.615  1005.5499     6.2978    114.208          6 0.0000e+00
    113.000   0.675960     4.1571 1.9663e-06      0.661  1005.5587     6.3028    115.228          7 0.0000e+00
    114.000   0.676406     4.1597 6.6006e-08      0.572  1005.5665     6.3067    116.248          7 0.0000e+00
    115.000   0.676555     4.1603 1.0000e-12      0.559  1005.5724     6.3079    117.267          7 0.0000e+00
    116.000   0.676649     4.1604 1.0000e-12      0.502  1005.5779     6.3088    118.287          8 0.0000e+00
    117.000   0.676812     4.1608 1.0000e-12      0.526  1005.5839     6.3102    119.307          8 0.0000e+00
    118.000   0.676929     4.1607 1.0000e-12      0.480  1005.5896     6.3113    120.326          8 0.0000e+00
    119.000   0.677353     4.1614 1.0000e-12      0.471  1005.5976     6.3153    121.346          9 0.0000e+00
    120.000   0.678142     4.1632 1.0000e-12      0.457  1005.6084     6.3227    122.366          8 0.0000e+00
    121.000   0.678339     4.1546 1.0000e-12      0.535  1005.6163     6.3262    123.386          7 0.0000e+00
    122.000   0.677906     4.1308 1.7994e-06      0.540  1005.6219     6.3264    124.405          8 0.0000e+00
    123.000   0.677603     4.1103 -7.074e-08      0.529  1005.6279     6.3271    125.425          6 0.0000e+00
    124.000   0.677957     4.1167 1.0000e-12      0.647  1005.6344     6.3294    126.445          6 0.0000e+00
    125.000   0.679235     4.1516 1.0000e-12      0.720  1005.6430     6.3353    127.464          6 0.0000e+00
    126.000   0.680307     4.1760 2.6160e-06      0.771  1005.6519     6.3412    128.484          5 0.0000e+00
    127.000   0.680870     4.1852 1.4430e-07      0.784  1005.6595     6.3449    129.504          5 0.0000e+00
    128.000   0.681201     4.1884 1.0000e-12      0.794  1005.6663     6.3475    130.524          5 0.0000e+00
    129.000   0.681450     4.1900 1.0000e-12      0.797  1005.6728     6.3496    131.543          5 0.0000e+00
    130.000   0.681692     4.1931 1.0000e-12      0.784  1005.6789     6.3513    132.563          5 0.0000e+00
    131.000   0.682359     4.2038 1.0000e-12      0.845  1005.6871     6.3557    133.583          4 0.0000e+00
    132.000   0.683104     4.2122 1.0000e-12      0.859  1005.6962     6.3614    134.602          5 0.0000e+00
    133.000   0.683090     4.1944 1.0000e-12      0.829  1005.7041     6.3646    135.623          5 0.0000e+00
    134.000   0.682130     4.1490 1.0000e-12      0.817  1005.7095     6.3637    136.642          5 0.0000e+00
    135.000   0.681660     4.1266 1.0000e-12      0.806  1005.7146     6.3632    137.662          5 0.0000e+00
    136.000   0.681513     4.1181 1.0000e-12      0.829  1005.7198     6.3633    138.681          5 0.0000e+00
    137.000   0.681305     4.1081 1.0000e-12      0.842  1005.7247     6.3630    139.701          4 0.0000e+00
    138.000   0.681156     4.0997 1.0000e-12      0.834  1005.7298     6.3630    140.721          5 0.0000e+00
    139.000   0.681027     4.0906 1.0000e-12      0.844  1005.7352     6.3634    141.741          5 0.0000e+00
    140.000   0.681202     4.0889 1.0000e-12      0.800  1005.7417     6.3654    142.760          5 0.0000e+00
    141.000   0.681373     4.0903 1.0000e-12      0.762  1005.7476     6.3667    143.780          5 0.0000e+00
    142.000   0.681419     4.0898 1.0000e-12      0.825  1005.7529     6.3672    144.800          5 0.0000e+00
    143.000   0.681488     4.0896 1.0000e-12      0.824  1005.7582     6.3677    145.819          5 0.0000e+00
    144.000   0.681623     4.0900 1.0000e-12      0.800  1005.7640     6.3689    146.839          5 0.0000e+00
