ctdpy/exports/archive_20200326_115716/received_data/c3_v04_19.cnv
* Sea-Bird SBE19plus Data File:
* FileName = C:\CTD\CTD 2019\k03v4\C3_K03v4_2019.hex
* Software Version 1.59
* Temperature SN =  4644
* Conductivity SN =  4644
* System UpLoad Time = Jan 23 2019 21:19:15
** C3_K03v04_2019
* ds
# nquan = 11
# nvalues = 195                         
# units = specified
# name 0 = prdM: Pressure, Strain Gauge [db]
# name 1 = c0S/m: Conductivity [S/m]
# name 2 = tv290C: Temperature [ITS-90, deg C]
# name 3 = par: PAR/Irradiance, Biospherical/Licor
# name 4 = dz/dtM: Descent Rate [m/s]
# name 5 = sbeox0ML/L: Oxygen, SBE 43 [ml/l]
# name 6 = density00: Density [density, kg/m^3]
# name 7 = sal00: Salinity, Practical [PSU]
# name 8 = depFM: Depth [fresh water, m], lat = 58
# name 9 = nbin: number of scans per bin
# name 10 = flag: flag
# span 0 =      1.000,    195.000       
# span 1 =   0.555849,   0.692394       
# span 2 =     2.7043,     4.2392       
# span 3 = 4.3595e-02, 3.0048e-01       
# span 4 =     -0.309,      1.405       
# span 5 =    -2.4991,    -2.4202       
# span 6 =  1004.2744,  1006.0655       
# span 7 =     5.3565,     6.4418       
# span 8 =      1.020,    198.845       
# span 9 =          3,         17       
# span 10 = 0.0000e+00, 0.0000e+00      
# interval = decibars: 1                
# start_time = Jan 23 2019 20:34:26 [Instrument's time stamp, header]
# bad_flag = -9.990e-29
*END*
[from data line 132]
    133.000   0.666358     3.7747 4.3617e-02      0.972    -2.4394  1005.6454     6.2776    135.622          3 0.0000e+00
    134.000   0.666642     3.7758 4.3617e-02      1.213    -2.4379  1005.6523     6.2801    136.642          3 0.0000e+00
    135.000   0.666789     3.7763 4.3617e-02      1.324    -2.4404  1005.6582     6.2814    137.662          4 0.0000e+00
    136.000   0.666925     3.7767 4.3617e-02      1.214    -2.4410  1005.6640     6.2826    138.681          4 0.0000e+00
    137.000   0.667104     3.7775 4.3617e-02      1.024    -2.4397  1005.6701     6.2841    139.701          3 0.0000e+00
    138.000   0.667311     3.7784 4.3617e-02      0.952    -2.4405  1005.6764     6.2860    140.721          4 0.0000e+00
    139.000   0.667499     3.7789 4.3617e-02      1.066    -2.4420  1005.6827     6.2876    141.741          4 0.0000e+00
    140.000   0.667658     3.7792 4.3617e-02      1.217    -2.4408  1005.6886     6.2891    142.760          3 0.0000e+00
    141.000   0.667867     3.7792 4.3617e-02      1.218    -2.4413  1005.6952     6.2911    143.780          4 0.0000e+00
    142.000   0.668051     3.7790 4.3617e-02      1.020    -2.4426  1005.7014     6.2928    144.800          4 0.0000e+00
    143.000   0.668180     3.7782 4.3617e-02      0.885    -2.4427  1005.7074     6.2942    145.819          4 0.0000e+00
    144.000   0.668342     3.7776 4.3617e-02      0.874    -2.4438  1005.7136     6.2958    146.839          4 0.0000e+00
    145.000   0.668569     3.7760 4.3617e-02      0.939    -2.4427  1005.7205     6.2983    147.859          4 0.0000e+00
    146.000   0.668805     3.7748 4.3617e-02      1.097    -2.4433  1005.7274     6.3008    148.878          4 0.0000e+00
    147.000   0.668999     3.7743 4.3617e-02      1.239    -2.4439  1005.7338     6.3027    149.898          3 0.0000e+00
    148.000   0.669152     3.7742 4.3617e-02      1.183    -2.4456  1005.7399     6.3041    150.918          4 0.0000e+00
    149.000   0.669251     3.7742 4.3617e-02      0.932    -2.4443  1005.7455     6.3050    151.938          5 0.0000e+00
    150.000   0.669402     3.7738 4.3617e-02      0.820    -2.4442  1005.7515     6.3065    152.958          4 0.0000e+00
    151.000   0.669619     3.7736 4.3617e-02      0.980    -2.4434  1005.7581     6.3086    153.977          4 0.0000e+00
    152.000   0.669801     3.7748 4.3617e-02      1.029    -2.4431  1005.7641     6.3102    154.997          5 0.0000e+00
    153.000   0.670076     3.7796 4.3617e-02      0.785    -2.4391  1005.7703     6.3119    156.017          5 0.0000e+00
    154.000   0.670622     3.7939 4.3617e-02      0.802    -2.4393  1005.7770     6.3145    157.036          5 0.0000e+00
    155.000   0.671558     3.8207 4.3617e-02      0.812    -2.4398  1005.7845     6.3187    158.056          5 0.0000e+00
    156.000   0.672235     3.8428 4.3617e-02      0.691    -2.4369  1005.7908     6.3211    159.076          5 0.0000e+00
    157.000   0.672863     3.8650 4.3617e-02      0.931    -2.4332  1005.7967     6.3230    160.095          5 0.0000e+00
    158.000   0.673507     3.8893 4.3617e-02      0.745    -2.4336  1005.8023     6.3247    161.115          6 0.0000e+00
    159.000   0.674417     3.9216 4.3617e-02      0.524    -2.4335  1005.8086     6.3275    162.135          7 0.0000e+00
    160.000   0.676061     3.9640 4.3617e-02      0.734    -2.4395  1005.8189     6.3357    163.155          5 0.0000e+00
    161.000   0.676198     3.9565 4.3617e-02      0.646    -2.4385  1005.8262     6.3384    164.174          6 0.0000e+00
    162.000   0.675534     3.9284 4.3617e-02      0.713    -2.4435  1005.8307     6.3371    165.194          6 0.0000e+00
    163.000   0.674667     3.8922 4.3617e-02      0.693    -2.4455  1005.8350     6.3352    166.214          5 0.0000e+00
    164.000   0.674073     3.8636 4.3617e-02      0.686    -2.4466  1005.8401     6.3347    167.233          5 0.0000e+00
    165.000   0.673680     3.8390 4.3617e-02      0.849    -2.4458  1005.8461     6.3353    168.253          5 0.0000e+00
    166.000   0.673442     3.8228 4.3617e-02      0.990    -2.4444  1005.8519     6.3360    169.273          4 0.0000e+00
    167.000   0.673428     3.8125 4.3617e-02      0.851    -2.4439  1005.8584     6.3377    170.293          5 0.0000e+00
    168.000   0.673758     3.8154 4.3617e-02      0.765    -2.4430  1005.8653     6.3404    171.312          4 0.0000e+00
    169.000   0.674672     3.8391 4.3617e-02      0.954    -2.4424  1005.8732     6.3449    172.332          4 0.0000e+00
    170.000   0.675327     3.8553 4.3617e-02      1.059    -2.4447  1005.8803     6.3482    173.352          4 0.0000e+00
    171.000   0.675635     3.8606 4.3617e-02      0.989    -2.4418  1005.8867     6.3502    174.372          4 0.0000e+00
    172.000   0.675983     3.8621 4.3617e-02      0.950    -2.4424  1005.8940     6.3533    175.391          4 0.0000e+00
    173.000   0.676333     3.8642 4.3617e-02      1.008    -2.4368  1005.9012     6.3563    176.411          4 0.0000e+00
    174.000   0.677044     3.8800 4.3617e-02      1.149    -2.4334  1005.9088     6.3603    177.430          4 0.0000e+00
    175.000   0.678060     3.9054 4.3617e-02      1.188    -2.4337  1005.9172     6.3654    178.450          3 0.0000e+00
    176.000   0.679434     3.9399 4.3617e-02      1.029    -2.4299  1005.9267     6.3724    179.470          5 0.0000e+00
    177.000   0.681323     3.9839 4.3617e-02      0.914    -2.4318  1005.9386     6.3827    180.490          4 0.0000e+00
    178.000   0.682998     4.0260 4.3617e-02      0.873    -2.4310  1005.9491     6.3912    181.509          5 0.0000e+00
    179.000   0.684348     4.0602 4.3617e-02      0.940    -2.4282  1005.9584     6.3980    182.529          4 0.0000e+00
    180.000   0.684783     4.0656 4.3617e-02      0.795    -2.4265  1005.9657     6.4012    183.549          6 0.0000e+00
    181.000   0.685912     4.0900 4.3617e-02      0.694    -2.4257  1005.9750     6.4076    184.569          7 0.0000e+00
    182.000   0.687683     4.1347 4.3617e-02      0.366    -2.4268  1005.9856     6.4165    185.588          9 0.0000e+00
    183.000   0.688140     4.1590 4.3617e-02      0.128    -2.4249  1005.9895     6.4162    186.608          5 0.0000e+00
    184.000   0.689513     4.1954 4.3617e-02      0.641    -2.4202  1005.9985     6.4227    187.628          4 0.0000e+00
    185.000   0.689527     4.1891 4.3617e-02      0.130    -2.4252  1006.0045     6.4240    188.647          5 0.0000e+00
    186.000   0.689526     4.1848 4.3617e-02      0.664    -2.4221  1006.0101     6.4247    189.667          5 0.0000e+00
    187.000   0.689862     4.1943 4.3617e-02      0.156    -2.4231  1006.0158     6.4261    190.687         10 0.0000e+00
    188.000   0.690144     4.1985 4.3617e-02      0.253    -2.4225  1006.0220     6.4280    191.707         17 0.0000e+00
    189.000   0.690912     4.2174 4.3617e-02      0.211    -2.4223  1006.0293     6.4318    192.726         10 0.0000e+00
    190.000   0.691258     4.2244 4.3617e-02      0.259    -2.4219  1006.0356     6.4338    193.746          8 0.0000e+00
    191.000   0.691957     4.2361 4.3617e-02      0.390    -2.4207  1006.0437     6.4384    194.766          9 0.0000e+00
    192.000   0.692128     4.2383 4.3617e-02      0.335    -2.4225  1006.0494     6.4395    195.785         11 0.0000e+00
    193.000   0.692361     4.2392 4.3617e-02      0.206    -2.4218  1006.0559     6.4416    196.805         10 0.0000e+00
    194.000   0.692394     4.2388 4.3617e-02      0.339    -2.4229  1006.0610     6.4418    197.825         12 0.0000e+00
    195.000   0.692351     4.2380 4.3617e-02      0.442    -2.4237  1006.0655     6.4415    198.845         10 0.0000e+00
