ctdpy/exports/archive_20200326_115716/received_data/c3_v38_19.cnv
* Sea-Bird SBE19plus Data File:
* FileName = C:\CTD\CTD 2019\v38\C3_v38_19.hex
* Software Version 1.59
* Temperature SN =  4644
* Conductivity SN =  4644
* System UpLoad Time = Sep 16 2019 14:31:27
** C3 k22 v38 2019
* ds
# nquan = 11
# nvalues = 196                         
# units = specified
# name 0 = prdM: Pressure, Strain Gauge [db]
# name 1 = c0S/m: Conductivity [S/m]
# name 2 = tv290C: Temperature [ITS-90, deg C]
# name 3 = par: PAR/Irradiance, Biospherical/Licor
# name 4 = dz/dtM: Descent Rate [m/s]
# name 5 = sbeox0ML/L: Oxygen, SBE 43 [ml/l]
# name 6 = density00: Density [density, kg/m^3]
# name 7 = sal00: Salinity, Practical [PSU]
# name 8 = depFM: Depth [fresh water, m], lat = 58
# name 9 = nbin: number of scans per bin
# name 10 = flag: flag
# span 0 =      1.000,    196.000       
# span 1 =   0.579255,   0.706507       
# span 2 =     2.3649,    13.3303       
# span 3 = 6.9891e-02, 3.7043e+02       
# span 4 =      0.028,      0.702       
# span 5 =     4.2207,     7.8645       
# span 6 =  1003.2971,  1006.0577       
# span 7 =     5.1132,     6.4036       
# span 8 =      1.020,    199.864       
# span 9 =          6,         17       
# span 10 = 0.0000e+00, 0.0000e+00      
# interval = decibars: 1                
# start_time = Sep 16 2019 13:55:03 [Instrument's time stamp, header]
# bad_flag = -9.990e-29
*END*
[from data line 132]
    133.000   0.672550     3.7375 8.1369e-02      0.616     4.7025  1005.7017     6.3474    135.622          9 0.0000e+00
    134.000   0.672557     3.7359 8.1279e-02      0.318     4.7524  1005.7069     6.3476    136.642         10 0.0000e+00
    135.000   0.672787     3.7237 8.1069e-02      0.502     4.8342  1005.7156     6.3522    137.662          8 0.0000e+00
    136.000   0.672799     3.7231 8.1010e-02      0.386     4.6710  1005.7207     6.3524    138.681         13 0.0000e+00
    137.000   0.672943     3.7170 8.0937e-02      0.262     4.9338  1005.7277     6.3549    139.701          8 0.0000e+00
    138.000   0.673083     3.7110 8.0821e-02      0.500     4.7582  1005.7347     6.3573    140.721         11 0.0000e+00
    139.000   0.673291     3.7079 8.0527e-02      0.276     4.8091  1005.7416     6.3599    141.741         11 0.0000e+00
    140.000   0.673371     3.7072 8.0252e-02      0.215     4.8302  1005.7472     6.3608    142.760         12 0.0000e+00
    141.000   0.673374     3.7006 8.0222e-02      0.611     4.8312  1005.7532     6.3620    143.780          8 0.0000e+00
    142.000   0.673490     3.7030 7.9827e-02      0.240     4.8239  1005.7585     6.3626    144.800         12 0.0000e+00
    143.000   0.673658     3.6992 7.9501e-02      0.590     4.8182  1005.7653     6.3649    145.819          7 0.0000e+00
    144.000   0.673692     3.6989 7.9460e-02      0.305     4.7196  1005.7704     6.3652    146.839         15 0.0000e+00
    145.000   0.673677     3.6857 7.9122e-02      0.392     4.9074  1005.7775     6.3675    147.859          8 0.0000e+00
    146.000   0.673629     3.6743 7.8948e-02      0.537     4.7881  1005.7839     6.3691    148.879          9 0.0000e+00
    147.000   0.673761     3.6751 7.8947e-02      0.342     4.7059  1005.7896     6.3702    149.898         12 0.0000e+00
    148.000   0.673986     3.6761 7.8824e-02      0.370     4.9020  1005.7960     6.3722    150.918          8 0.0000e+00
    149.000   0.674111     3.6774 7.8628e-02      0.548     4.6644  1005.8016     6.3730    151.938         11 0.0000e+00
    150.000   0.674228     3.6791 7.8324e-02      0.140     4.7860  1005.8070     6.3738    152.957         12 0.0000e+00
    151.000   0.674293     3.6770 7.8216e-02      0.359     4.6327  1005.8127     6.3747    153.977         15 0.0000e+00
    152.000   0.674351     3.6741 7.8091e-02      0.208     4.7950  1005.8185     6.3758    154.997         12 0.0000e+00
    153.000   0.674390     3.6664 7.7810e-02      0.377     4.5698  1005.8249     6.3776    156.016         12 0.0000e+00
    154.000   0.674383     3.6600 7.7640e-02      0.340     4.7556  1005.8308     6.3786    157.037         11 0.0000e+00
    155.000   0.674478     3.6564 7.7283e-02      0.374     4.5593  1005.8370     6.3802    158.056         12 0.0000e+00
    156.000   0.674500     3.6536 7.7269e-02      0.315     4.7627  1005.8425     6.3808    159.076         11 0.0000e+00
    157.000   0.674459     3.6427 7.6986e-02      0.424     4.6510  1005.8489     6.3824    160.095         10 0.0000e+00
    158.000   0.674457     3.6323 7.6960e-02      0.355     4.7704  1005.8555     6.3843    161.115         10 0.0000e+00
    159.000   0.674398     3.6268 7.6657e-02      0.473     4.7277  1005.8608     6.3847    162.135          9 0.0000e+00
    160.000   0.674514     3.6236 7.6586e-02      0.320     4.7238  1005.8671     6.3864    163.155         11 0.0000e+00
    161.000   0.674373     3.6183 7.6465e-02      0.509     4.8527  1005.8716     6.3859    164.174          7 0.0000e+00
    162.000   0.674472     3.6150 7.6324e-02      0.519     4.6229  1005.8778     6.3874    165.194         10 0.0000e+00
    163.000   0.674550     3.6124 7.6260e-02      0.284     4.7524  1005.8837     6.3886    166.214         10 0.0000e+00
    164.000   0.674514     3.6077 7.6063e-02      0.547     4.8062  1005.8890     6.3891    167.233          8 0.0000e+00
    165.000   0.674676     3.6112 7.5931e-02      0.345     4.7570  1005.8945     6.3899    168.253         12 0.0000e+00
    166.000   0.674612     3.6056 7.5766e-02      0.486     4.8181  1005.8998     6.3902    169.273          8 0.0000e+00
    167.000   0.674698     3.6073 7.5668e-02      0.251     4.7728  1005.9049     6.3906    170.293         14 0.0000e+00
    168.000   0.674693     3.6018 7.5351e-02      0.458     4.6899  1005.9107     6.3916    171.312         11 0.0000e+00
    169.000   0.674820     3.6078 7.4772e-02      0.104     4.6843  1005.9154     6.3915    172.332         17 0.0000e+00
    170.000   0.674783     3.5996 7.4947e-02      0.467     4.6116  1005.9214     6.3927    173.352         11 0.0000e+00
    171.000   0.674904     3.5997 7.4610e-02      0.223     4.4764  1005.9271     6.3937    174.371         16 0.0000e+00
    172.000   0.674888     3.5969 7.4419e-02      0.338     4.6566  1005.9323     6.3940    175.391         13 0.0000e+00
    173.000   0.674985     3.5997 7.4165e-02      0.197     4.7486  1005.9374     6.3943    176.411         14 0.0000e+00
    174.000   0.675009     3.5937 7.4145e-02      0.403     4.5506  1005.9434     6.3956    177.430         12 0.0000e+00
    175.000   0.675089     3.5924 7.3855e-02      0.261     4.7025  1005.9491     6.3966    178.450         11 0.0000e+00
    176.000   0.675119     3.5912 7.3501e-02      0.474     4.6555  1005.9543     6.3970    179.470         10 0.0000e+00
    177.000   0.675191     3.5904 7.3672e-02      0.322     4.6812  1005.9598     6.3978    180.490         11 0.0000e+00
    178.000   0.675227     3.5905 7.3067e-02      0.454     4.6005  1005.9649     6.3980    181.509         10 0.0000e+00
    179.000   0.675296     3.5905 7.3102e-02      0.263     4.6629  1005.9703     6.3986    182.529         11 0.0000e+00
    180.000   0.675327     3.5908 7.2975e-02      0.549     4.7384  1005.9752     6.3987    183.549          7 0.0000e+00
    181.000   0.675407     3.5913 7.2794e-02      0.491     4.5362  1005.9806     6.3993    184.569         11 0.0000e+00
    182.000   0.675450     3.5926 7.2490e-02      0.223     4.7013  1005.9855     6.3994    185.588         10 0.0000e+00
    183.000   0.675475     3.5933 7.2440e-02      0.380     4.5476  1005.9904     6.3994    186.608         15 0.0000e+00
    184.000   0.675546     3.5935 7.2302e-02      0.201     4.6367  1005.9957     6.4000    187.628         11 0.0000e+00
    185.000   0.675572     3.5938 7.2087e-02      0.301     4.4570  1006.0006     6.4001    188.647         16 0.0000e+00
    186.000   0.675614     3.5959 7.1717e-02      0.321     4.5772  1006.0054     6.4000    189.667         11 0.0000e+00
    187.000   0.675624     3.5971 7.1568e-02      0.324     4.4226  1006.0101     6.3997    190.687         15 0.0000e+00
    188.000   0.675634     3.5971 7.1430e-02      0.250     4.5262  1006.0149     6.3997    191.707         11 0.0000e+00
    189.000   0.675618     3.5944 7.1287e-02      0.316     4.3445  1006.0201     6.4000    192.726         15 0.0000e+00
    190.000   0.675607     3.5889 7.1101e-02      0.337     4.4158  1006.0258     6.4008    193.746         10 0.0000e+00
    191.000   0.675618     3.5877 7.0890e-02      0.276     4.2577  1006.0308     6.4010    194.766         16 0.0000e+00
    192.000   0.675605     3.5841 7.0374e-02      0.369     4.3850  1006.0362     6.4015    195.786          9 0.0000e+00
    193.000   0.675629     3.5821 7.0328e-02      0.345     4.2470  1006.0415     6.4020    196.805         14 0.0000e+00
    194.000   0.675568     3.5751 7.0226e-02      0.349     4.3730  1006.0470     6.4026    197.825         10 0.0000e+00
    195.000   0.675610     3.5735 7.0053e-02      0.369     4.2207  1006.0525     6.4033    198.845         13 0.0000e+00
    196.000   0.675583     3.5697 6.9891e-02      0.300     4.3542  1006.0577     6.4036    199.864         15 0.0000e+00
