ctdpy/exports/archive_20200326_115716/received_data/c3_v20_19.cnv
* Sea-Bird SBE19plus Data File:
* FileName = C:\CTD\CTD 2019\v20\C3_v20_19.hex
* Software Version 1.59
* Temperature SN =  4644
* Conductivity SN =  4644
* System UpLoad Time = May 15 2019 23:08:07
** 2019 V20 K14 C3
* ds
# nquan = 11
# nvalues = 196                         
# units = specified
# name 0 = prdM: Pressure, Strain Gauge [db]
# name 1 = c0S/m: Conductivity [S/m]
# name 2 = tv290C: Temperature [ITS-90, deg C]
# name 3 = par: PAR/Irradiance, Biospherical/Licor
# name 4 = dz/dtM: Descent Rate [m/s]
# name 5 = sbeox0ML/L: Oxygen, SBE 43 [ml/l]
# name 6 = density00: Density [density, kg/m^3]
# name 7 = sal00: Salinity, Practical [PSU]
# name 8 = depFM: Depth [fresh water, m], lat = 58
# name 9 = nbin: number of scans per bin
# name 10 = flag: flag
# span 0 =      1.000,    196.000       
# span 1 =   0.547300,   0.684791       
# span 2 =     1.3937,     4.3253       
# span 3 = 5.5183e-02, 2.8852e+00       
# span 4 =     -0.116,      0.931       
# span 5 =     4.7068,    10.3152       
# span 6 =  1004.0831,  1006.0219       
# span 7 =     5.1368,     6.3779       
# span 8 =      1.020,    199.865       
# span 9 =          4,         18       
# span 10 = 0.0000e+00, 0.0000e+00      
# interval = decibars: 1                
# start_time = May 15 2019 22:33:12 [Instrument's time stamp, header]
# bad_flag = -9.990e-29
*END*
      1.000   0.560248     4.3253 2.8852e+00     -0.116    10.2757  1004.0831     5.1393      1.020          6 0.0000e+00
      2.000   0.560037     4.3140 1.0246e+00      0.403    10.2836  1004.0880     5.1388      2.039          6 0.0000e+00
      3.000   0.559794     4.3020 5.1994e-01      0.873    10.2914  1004.0926     5.1382      3.059          5 0.0000e+00
      4.000   0.559755     4.3005 2.7812e-01      0.823    10.3029  1004.0974     5.1380      4.079          6 0.0000e+00
      5.000   0.559823     4.3043 1.6911e-01      0.747    10.3152  1004.1022     5.1380      5.099          5 0.0000e+00
      6.000   0.559982     4.3196 1.1786e-01      0.730    10.2973  1004.1060     5.1371      6.118          5 0.0000e+00
      7.000   0.559821     4.3104 9.5050e-02      0.804    10.2848  1004.1109     5.1368      7.138          5 0.0000e+00
      8.000   0.559342     4.2763 8.3046e-02      0.823    10.2657  1004.1169     5.1374      8.158          5 0.0000e+00
      9.000   0.559142     4.2592 7.5868e-02      0.814    10.2422  1004.1227     5.1380      9.178          5 0.0000e+00
     10.000   0.558872     4.2342 7.2262e-02      0.802    10.1382  1004.1291     5.1392     10.197          5 0.0000e+00
     11.000   0.557963     4.1446 7.0290e-02      0.816     9.9862  1004.1398     5.1442     11.217          5 0.0000e+00
     12.000   0.555642     3.8952 6.9069e-02      0.808     9.8858  1004.1620     5.1604     12.237          5 0.0000e+00
     13.000   0.553262     3.5705 6.8234e-02      0.795     9.8206  1004.1936     5.1882     13.257          5 0.0000e+00
     14.000   0.552287     3.3856 6.7888e-02      0.810     9.8089  1004.2162     5.2080     14.276          5 0.0000e+00
     15.000   0.551767     3.2563 6.7357e-02      0.827     9.7682  1004.2344     5.2235     15.296          4 0.0000e+00
     16.000   0.551502     3.1603 6.7408e-02      0.843     9.7522  1004.2502     5.2363     16.316          5 0.0000e+00
     17.000   0.550925     3.0355 6.7258e-02      0.838     9.7108  1004.2671     5.2507     17.335          5 0.0000e+00
     18.000   0.550749     2.9338 6.7269e-02      0.858     9.6111  1004.2841     5.2654     18.355          4 0.0000e+00
     19.000   0.550690     2.8382 6.6828e-02      0.847     9.6268  1004.3011     5.2805     19.375          5 0.0000e+00
     20.000   0.548442     2.6025 6.6856e-02      0.839     9.6068  1004.3183     5.2963     20.394          5 0.0000e+00
     21.000   0.547300     2.4630 6.6628e-02      0.866     9.5979  1004.3317     5.3076     21.414          4 0.0000e+00
     22.000   0.548002     2.4308 6.6565e-02      0.890     9.6040  1004.3466     5.3202     22.434          5 0.0000e+00
     23.000   0.549358     2.4124 6.6562e-02      0.884     9.6005  1004.3650     5.3373     23.453          4 0.0000e+00
     24.000   0.550272     2.3671 6.6574e-02      0.887     9.5876  1004.3833     5.3543     24.473          5 0.0000e+00
     25.000   0.552174     2.3947 6.6455e-02      0.891     9.5938  1004.4005     5.3693     25.493          4 0.0000e+00
     26.000   0.554074     2.4387 6.6429e-02      0.873     9.5846  1004.4155     5.3815     26.512          5 0.0000e+00
     27.000   0.554762     2.4412 6.6518e-02      0.880     9.5810  1004.4257     5.3881     27.532          5 0.0000e+00
     28.000   0.555035     2.4329 6.6542e-02      0.888     9.5837  1004.4340     5.3922     28.552          4 0.0000e+00
     29.000   0.555362     2.4272 6.6443e-02      0.888     9.5720  1004.4423     5.3965     29.572          4 0.0000e+00
     30.000   0.555832     2.4288 6.6384e-02      0.905     9.5772  1004.4508     5.4010     30.591          5 0.0000e+00
     31.000   0.556314     2.4179 6.6471e-02      0.923     9.5702  1004.4611     5.4078     31.611          4 0.0000e+00
     32.000   0.556340     2.3864 6.6450e-02      0.914     9.5687  1004.4703     5.4133     32.631          4 0.0000e+00
     33.000   0.556348     2.3666 6.6339e-02      0.930     9.5576  1004.4778     5.4166     33.651          5 0.0000e+00
     34.000   0.556233     2.3475 6.6297e-02      0.931     9.5600  1004.4842     5.4186     34.671          4 0.0000e+00
     35.000   0.556321     2.3357 6.6211e-02      0.918     9.5439  1004.4914     5.4214     35.690          5 0.0000e+00
     36.000   0.556750     2.3391 6.6266e-02      0.904     9.5270  1004.4994     5.4252     36.710          5 0.0000e+00
     37.000   0.557257     2.3434 6.6327e-02      0.812     9.5220  1004.5079     5.4297     37.730          5 0.0000e+00
     38.000   0.557502     2.3415 6.6239e-02      0.688     9.5075  1004.5151     5.4324     38.749          6 0.0000e+00
     39.000   0.557621     2.3313 6.6196e-02      0.713     9.5001  1004.5223     5.4353     39.769          5 0.0000e+00
     40.000   0.557325     2.3003 6.6129e-02      0.728     9.4570  1004.5287     5.4374     40.789          6 0.0000e+00
     41.000   0.556561     2.2423 6.6111e-02      0.723     9.4047  1004.5347     5.4393     41.808          5 0.0000e+00
     42.000   0.554612     2.1120 6.6180e-02      0.725     9.3728  1004.5400     5.4412     42.828          6 0.0000e+00
     43.000   0.553023     1.9848 6.6114e-02      0.702     9.3701  1004.5477     5.4463     43.848          6 0.0000e+00
     44.000   0.554764     2.0328 6.6087e-02      0.659     9.3466  1004.5611     5.4562     44.868          6 0.0000e+00
     45.000   0.556120     2.0405 6.5981e-02      0.654     9.3720  1004.5765     5.4691     45.887          6 0.0000e+00
     46.000   0.554743     1.8688 6.6051e-02      0.662     9.4237  1004.5915     5.4843     46.907          6 0.0000e+00
     47.000   0.553420     1.7345 6.5993e-02      0.651     9.4238  1004.6020     5.4936     47.927          6 0.0000e+00
     48.000   0.553208     1.6719 6.5927e-02      0.647     9.3835  1004.6129     5.5023     48.946          7 0.0000e+00
     49.000   0.552853     1.5881 6.5874e-02      0.618     9.3214  1004.6251     5.5131     49.966          6 0.0000e+00
     50.000   0.552217     1.4881 6.5898e-02      0.590     9.2723  1004.6368     5.5239     50.986          7 0.0000e+00
     51.000   0.552144     1.4328 6.5888e-02      0.598     9.2563  1004.6479     5.5328     52.005          6 0.0000e+00
     52.000   0.552166     1.3937 6.5847e-02      0.612     9.2447  1004.6577     5.5399     53.025          7 0.0000e+00
     53.000   0.552866     1.4058 6.5866e-02      0.648     9.2488  1004.6671     5.5451     54.045          6 0.0000e+00
     54.000   0.553402     1.4171 6.5735e-02      0.617     9.2097  1004.6752     5.5487     55.065          7 0.0000e+00
     55.000   0.553726     1.4186 6.5806e-02      0.606     9.2292  1004.6828     5.5518     56.085          6 0.0000e+00
     56.000   0.553981     1.4172 6.5635e-02      0.614     9.2402  1004.6900     5.5547     57.104          7 0.0000e+00
     57.000   0.554162     1.4139 6.5644e-02      0.615     9.2091  1004.6969     5.5571     58.124          6 0.0000e+00
     58.000   0.554319     1.4086 6.5628e-02      0.622     9.1916  1004.7038     5.5596     59.144          7 0.0000e+00
     59.000   0.554867     1.4070 6.5546e-02      0.610     9.1577  1004.7136     5.5657     60.164          6 0.0000e+00
     60.000   0.555882     1.4245 6.5527e-02      0.600     9.1199  1004.7251     5.5733     61.183          7 0.0000e+00
     61.000   0.558048     1.4992 6.5550e-02      0.607     9.0870  1004.7393     5.5831     62.202          7 0.0000e+00
     62.000   0.560074     1.5552 6.5494e-02      0.594     8.9947  1004.7546     5.5946     63.222          6 0.0000e+00
     63.000   0.560786     1.5637 6.5487e-02      0.615     8.9529  1004.7645     5.6006     64.242          7 0.0000e+00
     64.000   0.561799     1.5835 6.5355e-02      0.601     8.9843  1004.7756     5.6077     65.262          7 0.0000e+00
     65.000   0.562860     1.5985 6.5330e-02      0.600     8.9612  1004.7876     5.6162     66.282          6 0.0000e+00
     66.000   0.563207     1.5891 6.5378e-02      0.603     8.9367  1004.7967     5.6215     67.301          7 0.0000e+00
     67.000   0.563535     1.5675 6.5308e-02      0.608     8.9782  1004.8071     5.6288     68.321          6 0.0000e+00
     68.000   0.564569     1.5827 6.5214e-02      0.626     8.8708  1004.8189     5.6370     69.341          7 0.0000e+00
     69.000   0.566923     1.6566 6.5163e-02      0.628     8.7556  1004.8345     5.6487     70.360          6 0.0000e+00
     70.000   0.569643     1.7426 6.5096e-02      0.621     8.5167  1004.8515     5.6620     71.380          7 0.0000e+00
     71.000   0.573709     1.8743 6.5121e-02      0.514     8.3692  1004.8736     5.6813     72.400         11 0.0000e+00
     72.000   0.575815     1.9341 6.5077e-02      0.230     8.3228  1004.8884     5.6927     73.419          9 0.0000e+00
     73.000   0.579430     2.0110 6.4984e-02      0.593     8.1591  1004.9135     5.7168     74.439          7 0.0000e+00
     74.000   0.583875     2.1303 6.4928e-02      0.583     8.0275  1004.9396     5.7419     75.459          7 0.0000e+00
     75.000   0.587449     2.2192 6.4932e-02      0.585     7.9202  1004.9623     5.7632     76.479          6 0.0000e+00
     76.000   0.591452     2.3310 6.4841e-02      0.622     7.6576  1004.9850     5.7847     77.499          7 0.0000e+00
     77.000   0.597869     2.5052 6.4788e-02      0.632     7.4141  1005.0185     5.8198     78.518          6 0.0000e+00
     78.000   0.602537     2.6365 6.4712e-02      0.629     7.2938  1005.0429     5.8442     79.538          7 0.0000e+00
     79.000   0.605972     2.7363 6.4761e-02      0.586     7.2055  1005.0615     5.8614     80.557          6 0.0000e+00
     80.000   0.608382     2.8001 6.4669e-02      0.576     7.1814  1005.0767     5.8745     81.577          8 0.0000e+00
     81.000   0.609785     2.8390 6.4654e-02      0.561     7.1152  1005.0873     5.8818     82.597          7 0.0000e+00
     82.000   0.612586     2.9188 6.4743e-02      0.514     7.0349  1005.1031     5.8959     83.617          8 0.0000e+00
     83.000   0.614221     2.9656 6.4553e-02      0.459     6.9662  1005.1142     5.9040     84.636          9 0.0000e+00
     84.000   0.616439     3.0198 6.4410e-02      0.474     6.8895  1005.1289     5.9168     85.656          8 0.0000e+00
     85.000   0.619355     3.0918 6.4387e-02      0.473     6.8134  1005.1465     5.9333     86.676          9 0.0000e+00
     86.000   0.621757     3.1528 6.4320e-02      0.484     6.7362  1005.1614     5.9466     87.696          8 0.0000e+00
     87.000   0.623937     3.1972 6.4298e-02      0.480     6.6961  1005.1770     5.9606     88.715          8 0.0000e+00
     88.000   0.625931     3.2278 6.4125e-02      0.494     6.5773  1005.1933     5.9752     89.735          8 0.0000e+00
     89.000   0.629281     3.3272 6.4249e-02      0.494     6.4741  1005.2095     5.9909     90.755          8 0.0000e+00
     90.000   0.630624     3.3626 6.4000e-02      0.485     6.4892  1005.2196     5.9979     91.774          7 0.0000e+00
     91.000   0.631455     3.3714 6.4065e-02      0.594     6.5355  1005.2297     6.0046     92.794          7 0.0000e+00
     92.000   0.632356     3.3831 6.4024e-02      0.702     6.5482  1005.2400     6.0115     93.814          5 0.0000e+00
     93.000   0.633681     3.3916 6.3965e-02      0.714     6.5534  1005.2541     6.0233     94.834          6 0.0000e+00
     94.000   0.636125     3.4288 6.3841e-02      0.680     6.5110  1005.2727     6.0412     95.853          6 0.0000e+00
     95.000   0.637557     3.4608 6.3800e-02      0.689     6.4554  1005.2839     6.0496     96.873          6 0.0000e+00
     96.000   0.639578     3.5042 6.3844e-02      0.713     6.3455  1005.2979     6.0619     97.893          5 0.0000e+00
     97.000   0.642304     3.5613 6.3794e-02      0.720     6.2318  1005.3153     6.0788     98.912          5 0.0000e+00
     98.000   0.644521     3.6124 6.3692e-02      0.750     6.0630  1005.3295     6.0916     99.932          6 0.0000e+00
     99.000   0.647314     3.6678 6.3615e-02      0.764     5.9782  1005.3476     6.1093    100.952          5 0.0000e+00
    100.000   0.649607     3.7072 6.3685e-02      0.764     5.9862  1005.3642     6.1250    101.972          5 0.0000e+00
    101.000   0.651711     3.7445 6.3625e-02      0.758     5.9693  1005.3795     6.1391    102.991          6 0.0000e+00
    102.000   0.653295     3.7698 6.3617e-02      0.768     5.9559  1005.3928     6.1502    104.011          5 0.0000e+00
    103.000   0.654239     3.7871 6.3492e-02      0.767     5.9263  1005.4022     6.1564    105.031          5 0.0000e+00
    104.000   0.654831     3.7983 6.3428e-02      0.740     5.8998  1005.4098     6.1601    106.050          5 0.0000e+00
    105.000   0.655242     3.8050 6.3555e-02      0.747     5.8742  1005.4168     6.1629    107.070          6 0.0000e+00
    106.000   0.656135     3.8161 6.3467e-02      0.772     5.8452  1005.4268     6.1696    108.090          5 0.0000e+00
    107.000   0.658324     3.8476 6.3400e-02      0.765     5.8038  1005.4438     6.1856    109.109          5 0.0000e+00
    108.000   0.660597     3.8795 6.3346e-02      0.764     5.7582  1005.4612     6.2023    110.129          5 0.0000e+00
    109.000   0.661869     3.8925 6.3221e-02      0.787     5.7220  1005.4739     6.2126    111.149          5 0.0000e+00
    110.000   0.662794     3.8997 6.3307e-02      0.758     5.6807  1005.4849     6.2204    112.169          6 0.0000e+00
    111.000   0.663698     3.9110 6.3310e-02      0.747     5.6441  1005.4949     6.2272    113.188          5 0.0000e+00
    112.000   0.664625     3.9284 6.3170e-02      0.770     5.6287  1005.5041     6.2331    114.208          5 0.0000e+00
    113.000   0.665301     3.9400 6.3065e-02      0.759     5.6153  1005.5122     6.2376    115.228          6 0.0000e+00
    114.000   0.666483     3.9561 6.2987e-02      0.754     5.5805  1005.5237     6.2463    116.248          5 0.0000e+00
    115.000   0.668136     3.9821 6.3062e-02      0.786     5.5526  1005.5371     6.2578    117.267          5 0.0000e+00
    116.000   0.669190     3.9982 6.3081e-02      0.797     5.5371  1005.5474     6.2652    118.287          5 0.0000e+00
    117.000   0.669906     4.0078 6.3036e-02      0.796     5.5018  1005.5562     6.2704    119.307          5 0.0000e+00
    118.000   0.670617     4.0157 6.2868e-02      0.811     5.4791  1005.5653     6.2759    120.326          4 0.0000e+00
    119.000   0.671156     4.0211 6.2900e-02      0.842     5.4640  1005.5734     6.2802    121.346          5 0.0000e+00
    120.000   0.671688     4.0261 6.2830e-02      0.853     5.4791  1005.5815     6.2844    122.366          5 0.0000e+00
    121.000   0.672099     4.0284 6.2841e-02      0.866     5.4848  1005.5892     6.2880    123.386          4 0.0000e+00
    122.000   0.672328     4.0297 6.2684e-02      0.896     5.4852  1005.5956     6.2899    124.405          5 0.0000e+00
    123.000   0.672550     4.0325 6.2777e-02      0.916     5.4731  1005.6016     6.2915    125.425          4 0.0000e+00
    124.000   0.672960     4.0378 6.2653e-02      0.911     5.4612  1005.6087     6.2945    126.445          5 0.0000e+00
    125.000   0.673348     4.0429 6.2488e-02      0.880     5.4454  1005.6157     6.2973    127.464          4 0.0000e+00
    126.000   0.673759     4.0476 6.2586e-02      0.866     5.4460  1005.6229     6.3004    128.484          5 0.0000e+00
    127.000   0.674092     4.0515 6.2760e-02      0.874     5.4412  1005.6297     6.3028    129.504          4 0.0000e+00
    128.000   0.674303     4.0544 6.2594e-02      0.856     5.4349  1005.6356     6.3043    130.524          5 0.0000e+00
    129.000   0.674586     4.0578 6.2455e-02      0.836     5.4202  1005.6420     6.3064    131.543          5 0.0000e+00
    130.000   0.675025     4.0630 6.2447e-02      0.789     5.3934  1005.6494     6.3096    132.563          6 0.0000e+00
    131.000   0.675286     4.0656 6.2358e-02      0.694     5.3828  1005.6558     6.3116    133.583          5 0.0000e+00
