ctdpy/exports/archive_20200326_115716/received_data/c3_v46_19.cnv
* Sea-Bird SBE19plus Data File:
* FileName = C:\CTD\CTD 2019\k25\C3_v46_19.hex
* Software Version 1.59
* Temperature SN =  4644
* Conductivity SN =  4644
* System UpLoad Time = Nov 12 2019 13:59:57
** C3_v46_19
* ds
# nquan = 11
# nvalues = 196                         
# units = specified
# name 0 = prdM: Pressure, Strain Gauge [db]
# name 1 = c0S/m: Conductivity [S/m]
# name 2 = tv290C: Temperature [ITS-90, deg C]
# name 3 = par: PAR/Irradiance, Biospherical/Licor
# name 4 = dz/dtM: Descent Rate [m/s]
# name 5 = sbeox0ML/L: Oxygen, SBE 43 [ml/l]
# name 6 = density00: Density [density, kg/m^3]
# name 7 = sal00: Salinity, Practical [PSU]
# name 8 = depFM: Depth [fresh water, m], lat = 58
# name 9 = nbin: number of scans per bin
# name 10 = flag: flag
# span 0 =      1.000,    196.000       
# span 1 =   0.587018,   0.674646       
# span 2 =     2.7436,     5.8034       
# span 3 = 4.3471e-02, 9.2629e+00       
# span 4 =      0.096,      0.791       
# span 5 =     5.1246,     8.0730       
# span 6 =  1004.0833,  1006.1031       
# span 7 =     5.2017,     6.4536       
# span 8 =      1.020,    199.864       
# span 9 =          5,         22       
# span 10 = 0.0000e+00, 0.0000e+00      
# interval = decibars: 1                
# start_time = Nov 12 2019 14:36:44 [Instrument's time stamp, header]
# bad_flag = -9.990e-29
*END*
      1.000   0.590583     5.8014 9.2629e+00      0.096     7.9823  1004.0833     5.2018      1.020          9 0.0000e+00
      2.000   0.590571     5.7998 6.4684e+00      0.202     7.9801  1004.0882     5.2019      2.040         15 0.0000e+00
      3.000   0.590624     5.8019 4.0209e+00      0.560     7.9705  1004.0930     5.2019      3.059          9 0.0000e+00
      4.000   0.590661     5.8034 3.1047e+00      0.206     7.9784  1004.0979     5.2019      4.079          9 0.0000e+00
      5.000   0.590596     5.7996 1.9093e+00      0.637     7.9831  1004.1028     5.2018      5.098          8 0.0000e+00
      6.000   0.590595     5.7989 1.6603e+00      0.381     7.9862  1004.1077     5.2018      6.118          8 0.0000e+00
      7.000   0.590612     5.7991 1.1037e+00      0.560     7.9916  1004.1125     5.2019      7.138          8 0.0000e+00
      8.000   0.590511     5.7938 9.0721e-01      0.530     7.9822  1004.1175     5.2017      8.158          7 0.0000e+00
      9.000   0.590510     5.7924 6.6730e-01      0.597     7.9760  1004.1224     5.2018      9.177          8 0.0000e+00
     10.000   0.590519     5.7919 5.5818e-01      0.415     7.9837  1004.1274     5.2018     10.197          7 0.0000e+00
     11.000   0.590529     5.7923 4.2643e-01      0.648     7.9910  1004.1321     5.2018     11.217          6 0.0000e+00
     12.000   0.590545     5.7924 3.3405e-01      0.661     7.9847  1004.1370     5.2018     12.237          7 0.0000e+00
     13.000   0.590560     5.7924 2.7937e-01      0.550     7.9763  1004.1419     5.2019     13.256          7 0.0000e+00
     14.000   0.590577     5.7923 2.2577e-01      0.659     7.9862  1004.1468     5.2020     14.276          6 0.0000e+00
     15.000   0.590596     5.7922 1.2062e-01      0.530     7.9778  1004.1518     5.2021     15.296          7 0.0000e+00
     16.000   0.590608     5.7922 4.7373e-02      0.696     7.9817  1004.1567     5.2021     16.315          6 0.0000e+00
     17.000   0.590628     5.7923 4.3617e-02      0.630     7.9973  1004.1616     5.2022     17.335          7 0.0000e+00
     18.000   0.590642     5.7923 4.3617e-02      0.525     8.0064  1004.1664     5.2022     18.355          6 0.0000e+00
     19.000   0.590658     5.7921 4.3617e-02      0.747     8.0060  1004.1714     5.2023     19.375          5 0.0000e+00
     20.000   0.590665     5.7925 4.3617e-02      0.735     7.9944  1004.1761     5.2022     20.394          7 0.0000e+00
     21.000   0.590675     5.7926 4.3617e-02      0.569     7.9934  1004.1809     5.2022     21.414          6 0.0000e+00
     22.000   0.590683     5.7924 4.3617e-02      0.607     8.0018  1004.1858     5.2022     22.434          6 0.0000e+00
     23.000   0.590683     5.7926 4.3617e-02      0.696     7.9989  1004.1906     5.2021     23.453          6 0.0000e+00
     24.000   0.590690     5.7927 4.3617e-02      0.683     7.9935  1004.1953     5.2021     24.473          6 0.0000e+00
     25.000   0.590701     5.7929 4.3617e-02      0.602     7.9752  1004.2002     5.2020     25.493          7 0.0000e+00
     26.000   0.590715     5.7931 4.3617e-02      0.651     7.9919  1004.2051     5.2021     26.513          6 0.0000e+00
     27.000   0.590726     5.7927 4.3617e-02      0.659     7.9732  1004.2100     5.2021     27.532          6 0.0000e+00
     28.000   0.590740     5.7920 4.3617e-02      0.636     7.9088  1004.2149     5.2023     28.552          6 0.0000e+00
     29.000   0.590760     5.7904 4.3617e-02      0.657     7.9969  1004.2202     5.2026     29.572          7 0.0000e+00
     30.000   0.590802     5.7869 4.3617e-02      0.590     8.0222  1004.2258     5.2035     30.591          6 0.0000e+00
     31.000   0.590834     5.7840 4.3617e-02      0.662     8.0114  1004.2313     5.2041     31.611          6 0.0000e+00
     32.000   0.590857     5.7835 4.3617e-02      0.650     8.0106  1004.2363     5.2043     32.631          7 0.0000e+00
     33.000   0.590878     5.7815 4.3617e-02      0.594     7.9998  1004.2416     5.2047     33.651          6 0.0000e+00
     34.000   0.590899     5.7792 4.3617e-02      0.657     7.9773  1004.2469     5.2052     34.670          6 0.0000e+00
     35.000   0.590915     5.7803 4.3617e-02      0.759     7.9770  1004.2517     5.2051     35.690          6 0.0000e+00
     36.000   0.590931     5.7803 4.3617e-02      0.579     7.9816  1004.2565     5.2052     36.710          7 0.0000e+00
     37.000   0.590952     5.7769 4.3617e-02      0.517     8.0031  1004.2620     5.2058     37.729          5 0.0000e+00
     38.000   0.590975     5.7689 4.3617e-02      0.791     8.0014  1004.2683     5.2072     38.749          6 0.0000e+00
     39.000   0.590979     5.7493 4.3617e-02      0.695     7.9610  1004.2764     5.2101     39.769          7 0.0000e+00
     40.000   0.590663     5.6586 4.3617e-02      0.482     7.9796  1004.2939     5.2211     40.789          7 0.0000e+00
     41.000   0.589265     5.4178 4.3617e-02      0.644     8.0456  1004.3278     5.2452     41.808          6 0.0000e+00
     42.000   0.587769     5.2175 4.3617e-02      0.702     8.0730  1004.3540     5.2622     42.828          6 0.0000e+00
     43.000   0.587403     5.0670 4.3617e-02      0.630     8.0598  1004.3803     5.2824     43.848          6 0.0000e+00
     44.000   0.587596     4.9117 4.3617e-02      0.608     7.9827  1004.4114     5.3089     44.868          7 0.0000e+00
     45.000   0.587564     4.6462 4.3617e-02      0.667     7.9032  1004.4580     5.3511     45.887          6 0.0000e+00
     46.000   0.587402     4.0556 4.3617e-02      0.574     7.8758  1004.5531     5.4464     46.907          7 0.0000e+00
     47.000   0.587059     3.5396 4.3617e-02      0.622     7.9083  1004.6331     5.5297     47.927          6 0.0000e+00
     48.000   0.587018     3.2961 4.3617e-02      0.640     7.9186  1004.6736     5.5709     48.946          7 0.0000e+00
     49.000   0.587104     3.1822 4.3617e-02      0.605     7.9193  1004.6959     5.5913     49.966          6 0.0000e+00
     50.000   0.587161     3.0723 4.3617e-02      0.602     7.8990  1004.7172     5.6109     50.986          7 0.0000e+00
     51.000   0.587528     2.9817 4.3617e-02      0.632     7.9106  1004.7382     5.6304     52.006          6 0.0000e+00
     52.000   0.588062     2.9285 4.3617e-02      0.651     7.9126  1004.7551     5.6451     53.025          6 0.0000e+00
     53.000   0.588577     2.9013 4.3617e-02      0.582     7.9152  1004.7681     5.6551     54.045          7 0.0000e+00
     54.000   0.588882     2.8722 4.3617e-02      0.588     7.8951  1004.7796     5.6633     55.065          6 0.0000e+00
     55.000   0.589147     2.8334 4.3617e-02      0.675     7.8261  1004.7923     5.6728     56.084          7 0.0000e+00
     56.000   0.589803     2.7966 4.3617e-02      0.609     7.6753  1004.8078     5.6860     57.104          6 0.0000e+00
     57.000   0.591003     2.7781 4.3617e-02      0.587     7.5341  1004.8252     5.7015     58.124          7 0.0000e+00
     58.000   0.591973     2.7651 4.3617e-02      0.632     7.4546  1004.8400     5.7138     59.144          6 0.0000e+00
     59.000   0.592628     2.7577 4.3617e-02      0.614     7.3786  1004.8513     5.7217     60.163          7 0.0000e+00
     60.000   0.593301     2.7499 4.3617e-02      0.631     7.3121  1004.8628     5.7300     61.183          6 0.0000e+00
     61.000   0.594676     2.7436 4.3617e-02      0.609     7.0815  1004.8799     5.7452     62.203          7 0.0000e+00
     62.000   0.598355     2.7813 4.3617e-02      0.681     6.7908  1004.9096     5.7763     63.223          6 0.0000e+00
     63.000   0.601858     2.8289 4.3617e-02      0.540     6.6234  1004.9363     5.8038     64.242          7 0.0000e+00
     64.000   0.604196     2.8600 4.3617e-02      0.601     6.5022  1004.9558     5.8221     65.262          6 0.0000e+00
     65.000   0.606240     2.8881 4.3617e-02      0.726     6.4463  1004.9733     5.8380     66.282          6 0.0000e+00
     66.000   0.607745     2.9182 4.3617e-02      0.616     6.3567  1004.9860     5.8479     67.301          7 0.0000e+00
     67.000   0.610349     2.9690 4.3617e-02      0.487     6.2618  1005.0046     5.8654     68.321          7 0.0000e+00
     68.000   0.611826     2.9993 4.3617e-02      0.678     6.2206  1005.0169     5.8749     69.341          5 0.0000e+00
     69.000   0.612596     3.0092 4.3617e-02      0.782     6.1986  1005.0266     5.8809     70.360          7 0.0000e+00
     70.000   0.613160     3.0155 4.3617e-02      0.481     6.1873  1005.0351     5.8854     71.380          7 0.0000e+00
     71.000   0.613891     3.0296 4.3617e-02      0.556     6.1102  1005.0437     5.8902     72.400          7 0.0000e+00
     72.000   0.615162     3.0494 4.3617e-02      0.727     5.9956  1005.0559     5.8996     73.420          6 0.0000e+00
     73.000   0.616393     3.0693 4.3617e-02      0.467     5.9467  1005.0678     5.9084     74.439          7 0.0000e+00
     74.000   0.617024     3.0804 4.3617e-02      0.623     6.0195  1005.0761     5.9128     75.459          7 0.0000e+00
     75.000   0.617568     3.0776 4.3617e-02      0.673     6.0755  1005.0858     5.9187     76.479          6 0.0000e+00
     76.000   0.618430     3.0785 4.3617e-02      0.540     6.0227  1005.0975     5.9273     77.499          7 0.0000e+00
     77.000   0.619575     3.0882 4.3617e-02      0.623     5.9954  1005.1102     5.9371     78.518          7 0.0000e+00
     78.000   0.619863     3.0880 4.3617e-02      0.621     5.9831  1005.1175     5.9400     79.538          6 0.0000e+00
     79.000   0.620154     3.0895 4.3617e-02      0.615     5.9725  1005.1244     5.9426     80.558          7 0.0000e+00
     80.000   0.620579     3.0901 4.3617e-02      0.504     5.9564  1005.1326     5.9468     81.577          8 0.0000e+00
     81.000   0.621788     3.0996 4.3617e-02      0.562     5.8817  1005.1458     5.9573     82.597          7 0.0000e+00
     82.000   0.624374     3.1328 4.3617e-02      0.510     5.8282  1005.1666     5.9776     83.617         10 0.0000e+00
     83.000   0.625721     3.1522 4.3617e-02      0.276     5.7831  1005.1794     5.9876     84.636          9 0.0000e+00
     84.000   0.626976     3.1717 4.3617e-02      0.593     5.7420  1005.1914     5.9968     85.656          9 0.0000e+00
     85.000   0.628550     3.1959 4.3617e-02      0.248     5.6786  1005.2052     6.0083     86.676          9 0.0000e+00
     86.000   0.630248     3.2196 4.3617e-02      0.578     5.6498  1005.2201     6.0211     87.696          9 0.0000e+00
     87.000   0.630910     3.2304 4.3617e-02      0.311     5.6256  1005.2286     6.0258     88.715         12 0.0000e+00
     88.000   0.632875     3.2602 4.3617e-02      0.393     5.5240  1005.2447     6.0402     89.735         10 0.0000e+00
     89.000   0.635455     3.2987 4.3617e-02      0.273     5.4737  1005.2643     6.0592     90.755         14 0.0000e+00
     90.000   0.637208     3.3240 4.3617e-02      0.435     5.4340  1005.2793     6.0722     91.775         12 0.0000e+00
     91.000   0.638784     3.3472 4.3617e-02      0.191     5.3869  1005.2931     6.0838     92.794         16 0.0000e+00
     92.000   0.640399     3.3673 4.3617e-02      0.179     5.3727  1005.3078     6.0964     93.814         22 0.0000e+00
     93.000   0.641145     3.3652 4.3617e-02      0.197     5.3806  1005.3190     6.1043     94.834         19 0.0000e+00
     94.000   0.642696     3.3731 4.3617e-02      0.276     5.3587  1005.3351     6.1185     95.853         15 0.0000e+00
     95.000   0.644046     3.3881 4.3617e-02      0.185     5.3225  1005.3485     6.1294     96.873         21 0.0000e+00
     96.000   0.645435     3.4044 4.3617e-02      0.285     5.2644  1005.3619     6.1403     97.893         11 0.0000e+00
     97.000   0.646636     3.4194 4.3617e-02      0.244     5.2465  1005.3739     6.1496     98.912         17 0.0000e+00
     98.000   0.646935     3.4237 4.3617e-02      0.263     5.2319  1005.3804     6.1517     99.932         17 0.0000e+00
     99.000   0.648175     3.4388 4.3617e-02      0.278     5.1746  1005.3928     6.1613    100.952         16 0.0000e+00
    100.000   0.649256     3.4539 4.3617e-02      0.196     5.1520  1005.4039     6.1694    101.972         20 0.0000e+00
    101.000   0.649667     3.4598 4.3617e-02      0.184     5.1452  1005.4110     6.1723    102.991         20 0.0000e+00
    102.000   0.650776     3.4721 4.3617e-02      0.199     5.1360  1005.4227     6.1812    104.011         22 0.0000e+00
    103.000   0.651028     3.4746 4.3617e-02      0.196     5.1346  1005.4292     6.1831    105.031         20 0.0000e+00
    104.000   0.651313     3.4758 4.3617e-02      0.191     5.1366  1005.4361     6.1857    106.050         21 0.0000e+00
    105.000   0.651800     3.4800 4.3617e-02      0.248     5.1317  1005.4441     6.1897    107.070         17 0.0000e+00
    106.000   0.652420     3.4878 4.3617e-02      0.212     5.1246  1005.4527     6.1944    108.090         15 0.0000e+00
    107.000   0.652794     3.4913 4.3617e-02      0.275     5.1295  1005.4599     6.1975    109.110         14 0.0000e+00
    108.000   0.653100     3.4932 4.3617e-02      0.423     5.1386  1005.4669     6.2001    110.129         10 0.0000e+00
    109.000   0.653519     3.4934 4.3617e-02      0.320     5.1636  1005.4750     6.2042    111.149         12 0.0000e+00
    110.000   0.654073     3.4819 4.3617e-02      0.376     5.2185  1005.4863     6.2119    112.169         11 0.0000e+00
    111.000   0.654253     3.4446 4.3617e-02      0.324     5.2971  1005.4988     6.2208    113.188         13 0.0000e+00
    112.000   0.654099     3.4020 4.3617e-02      0.317     5.3721  1005.5095     6.2273    114.208         10 0.0000e+00
    113.000   0.653860     3.3576 4.3617e-02      0.393     5.4206  1005.5199     6.2332    115.228         12 0.0000e+00
    114.000   0.654560     3.3440 4.3617e-02      0.342     5.4061  1005.5327     6.2429    116.248         11 0.0000e+00
    115.000   0.655618     3.3505 4.3617e-02      0.305     5.3898  1005.5450     6.2524    117.267         12 0.0000e+00
    116.000   0.656145     3.3471 4.3617e-02      0.371     5.3923  1005.5547     6.2583    118.287         12 0.0000e+00
    117.000   0.656744     3.3373 4.3617e-02      0.348     5.4035  1005.5660     6.2662    119.307         11 0.0000e+00
    118.000   0.658128     3.3510 4.3617e-02      0.304     5.3646  1005.5798     6.2776    120.327         13 0.0000e+00
    119.000   0.658553     3.3589 4.3617e-02      0.382     5.3737  1005.5867     6.2803    121.346         10 0.0000e+00
    120.000   0.658690     3.3539 4.3617e-02      0.355     5.3877  1005.5934     6.2825    122.366         12 0.0000e+00
    121.000   0.659536     3.3551 4.3617e-02      0.418     5.3913  1005.6049     6.2908    123.386         10 0.0000e+00
    122.000   0.660340     3.3663 4.3617e-02      0.277     5.3745  1005.6144     6.2968    124.405         12 0.0000e+00
    123.000   0.660691     3.3773 4.3617e-02      0.426     5.3585  1005.6202     6.2981    125.425         10 0.0000e+00
    124.000   0.661146     3.3908 4.3617e-02      0.382     5.3182  1005.6264     6.3000    126.445         11 0.0000e+00
    125.000   0.661771     3.4085 4.3617e-02      0.372     5.3054  1005.6332     6.3028    127.465         10 0.0000e+00
    126.000   0.661827     3.4050 4.3617e-02      0.400     5.3235  1005.6391     6.3039    128.484         11 0.0000e+00
    127.000   0.662043     3.3942 4.3617e-02      0.370     5.3349  1005.6475     6.3081    129.504         10 0.0000e+00
    128.000   0.662905     3.3932 4.3617e-02      0.380     5.3251  1005.6595     6.3170    130.524         11 0.0000e+00
    129.000   0.663459     3.3933 4.3617e-02      0.360     5.3271  1005.6688     6.3225    131.543         10 0.0000e+00
    130.000   0.663632     3.3915 4.3617e-02      0.373     5.3294  1005.6753     6.3245    132.563         11 0.0000e+00
    131.000   0.663868     3.3807 4.3617e-02      0.428     5.3370  1005.6839     6.3289    133.583         10 0.0000e+00
