ctdpy/exports/archive_20200326_115716/received_data/c3_v32_19.cnv
* Sea-Bird SBE19plus Data File:
* FileName = C:\CTD\CTD 2019\v32\C3_v32_19.hex
* Software Version 1.59
* Temperature SN =  4644
* Conductivity SN =  4644
* System UpLoad Time = Aug 06 2019 14:40:43
** C3_V32_19
* ds
# nquan = 11
# nvalues = 196                         
# units = specified
# name 0 = prdM: Pressure, Strain Gauge [db]
# name 1 = c0S/m: Conductivity [S/m]
# name 2 = tv290C: Temperature [ITS-90, deg C]
# name 3 = par: PAR/Irradiance, Biospherical/Licor
# name 4 = dz/dtM: Descent Rate [m/s]
# name 5 = sbeox0ML/L: Oxygen, SBE 43 [ml/l]
# name 6 = density00: Density [density, kg/m^3]
# name 7 = sal00: Salinity, Practical [PSU]
# name 8 = depFM: Depth [fresh water, m], lat = 58
# name 9 = nbin: number of scans per bin
# name 10 = flag: flag
# span 0 =      1.000,    196.000       
# span 1 =   0.567805,   0.707605       
# span 2 =     2.1297,    14.2166       
# span 3 = 6.6485e-02, 9.6863e+02       
# span 4 =     -0.045,      0.547       
# span 5 =     4.8541,     8.3320       
# span 6 =  1002.8402,  1006.0655       
# span 7 =     4.6125,     6.4141       
# span 8 =      1.020,    199.864       
# span 9 =          6,         14       
# span 10 = 0.0000e+00, 0.0000e+00      
# interval = decibars: 1                
# start_time = Aug 06 2019 14:03:33 [Instrument's time stamp, header]
# bad_flag = -9.990e-29
*END*
[from data line 132]
    133.000   0.671587     3.9314 7.3758e-02      0.454     5.1028  1005.6598     6.3001    135.622          9 0.0000e+00
    134.000   0.671768     3.9326 7.3544e-02      0.460     5.0908  1005.6658     6.3016    136.642          9 0.0000e+00
    135.000   0.672062     3.9368 7.3465e-02      0.470     5.0788  1005.6722     6.3036    137.662          8 0.0000e+00
    136.000   0.672352     3.9370 7.3484e-02      0.461     5.0750  1005.6793     6.3064    138.681          9 0.0000e+00
    137.000   0.672778     3.9434 7.3338e-02      0.487     5.0711  1005.6863     6.3093    139.701          8 0.0000e+00
    138.000   0.673061     3.9491 7.3129e-02      0.495     5.0652  1005.6924     6.3109    140.721          8 0.0000e+00
    139.000   0.673254     3.9531 7.3108e-02      0.508     5.0647  1005.6979     6.3120    141.741          8 0.0000e+00
    140.000   0.673395     3.9558 7.3111e-02      0.499     5.0654  1005.7034     6.3128    142.760          8 0.0000e+00
    141.000   0.673497     3.9566 7.2910e-02      0.508     5.0607  1005.7089     6.3135    143.780          8 0.0000e+00
    142.000   0.673801     3.9562 7.2847e-02      0.474     5.0392  1005.7161     6.3165    144.800          8 0.0000e+00
    143.000   0.674330     3.9545 7.2728e-02      0.489     5.0277  1005.7255     6.3221    145.819          9 0.0000e+00
    144.000   0.674524     3.9520 7.2527e-02      0.477     5.0173  1005.7322     6.3244    146.839          8 0.0000e+00
    145.000   0.674688     3.9512 7.2452e-02      0.478     5.0125  1005.7385     6.3261    147.859          8 0.0000e+00
    146.000   0.674818     3.9505 7.2336e-02      0.488     5.0182  1005.7444     6.3274    148.879          8 0.0000e+00
    147.000   0.675064     3.9516 7.2190e-02      0.470     5.0069  1005.7510     6.3296    149.898          9 0.0000e+00
    148.000   0.675364     3.9504 7.2186e-02      0.484     5.0044  1005.7584     6.3327    150.918          8 0.0000e+00
    149.000   0.675353     3.9424 7.2086e-02      0.471     5.0055  1005.7645     6.3340    151.938          9 0.0000e+00
    150.000   0.675269     3.9373 7.1903e-02      0.484     5.0120  1005.7695     6.3341    152.957          8 0.0000e+00
    151.000   0.675212     3.9341 7.1790e-02      0.477     5.0146  1005.7745     6.3340    153.977          8 0.0000e+00
    152.000   0.675206     3.9324 7.1710e-02      0.475     5.0143  1005.7795     6.3341    154.997          9 0.0000e+00
    153.000   0.675139     3.9262 7.1641e-02      0.481     5.0319  1005.7848     6.3345    156.017          8 0.0000e+00
    154.000   0.674748     3.9005 7.1550e-02      0.475     5.0750  1005.7911     6.3355    157.036          8 0.0000e+00
    155.000   0.674125     3.8579 7.1412e-02      0.483     5.1174  1005.7985     6.3373    158.056          9 0.0000e+00
    156.000   0.673960     3.8336 7.1347e-02      0.423     5.1312  1005.8063     6.3403    159.076         10 0.0000e+00
    157.000   0.674277     3.8208 7.1323e-02      0.426     5.1205  1005.8159     6.3458    160.095          9 0.0000e+00
    158.000   0.674302     3.8037 7.1176e-02      0.440     5.1514  1005.8239     6.3493    161.115          9 0.0000e+00
    159.000   0.674216     3.7795 7.0995e-02      0.426     5.1602  1005.8323     6.3530    162.135         10 0.0000e+00
    160.000   0.674323     3.7685 7.0849e-02      0.413     5.0727  1005.8399     6.3561    163.155          9 0.0000e+00
    161.000   0.674468     3.7658 7.0857e-02      0.423     5.0754  1005.8463     6.3580    164.174         10 0.0000e+00
    162.000   0.674481     3.7618 7.0653e-02      0.431     5.1687  1005.8519     6.3588    165.194          9 0.0000e+00
    163.000   0.674464     3.7568 7.0542e-02      0.427     5.1799  1005.8575     6.3595    166.214          9 0.0000e+00
    164.000   0.674418     3.7471 7.0436e-02      0.413     5.1750  1005.8636     6.3608    167.234         10 0.0000e+00
    165.000   0.674455     3.7385 7.0331e-02      0.442     5.1795  1005.8702     6.3627    168.253          9 0.0000e+00
    166.000   0.674513     3.7337 7.0082e-02      0.457     5.1803  1005.8763     6.3641    169.273          9 0.0000e+00
    167.000   0.674522     3.7281 7.0006e-02      0.443     5.1647  1005.8822     6.3652    170.293          9 0.0000e+00
    168.000   0.674583     3.7223 6.9922e-02      0.442     5.0924  1005.8885     6.3668    171.312          9 0.0000e+00
    169.000   0.674917     3.7237 6.9943e-02      0.438     4.9096  1005.8957     6.3698    172.332          9 0.0000e+00
    170.000   0.675206     3.7245 6.9836e-02      0.460     4.8569  1005.9027     6.3725    173.352          8 0.0000e+00
    171.000   0.675214     3.7124 6.9503e-02      0.457     4.8541  1005.9097     6.3748    174.371          9 0.0000e+00
    172.000   0.675197     3.6990 6.9551e-02      0.470     4.9270  1005.9167     6.3771    175.391          9 0.0000e+00
    173.000   0.675228     3.6843 6.9448e-02      0.469     4.9642  1005.9243     6.3802    176.411          8 0.0000e+00
    174.000   0.675287     3.6734 6.9400e-02      0.477     5.1067  1005.9315     6.3828    177.431          8 0.0000e+00
    175.000   0.675257     3.6642 6.9191e-02      0.475     5.0758  1005.9377     6.3842    178.450          9 0.0000e+00
    176.000   0.675323     3.6624 6.9107e-02      0.484     5.1510  1005.9434     6.3851    179.470          8 0.0000e+00
    177.000   0.675352     3.6592 6.8910e-02      0.500     5.1740  1005.9489     6.3859    180.490          8 0.0000e+00
    178.000   0.675518     3.6568 6.8823e-02      0.488     5.1510  1005.9555     6.3880    181.510          8 0.0000e+00
    179.000   0.675624     3.6554 6.8881e-02      0.501     5.1502  1005.9614     6.3892    182.529          8 0.0000e+00
    180.000   0.675684     3.6537 6.8765e-02      0.482     5.1522  1005.9670     6.3900    183.549          8 0.0000e+00
    181.000   0.675757     3.6525 6.8624e-02      0.502     5.1539  1005.9726     6.3909    184.569          8 0.0000e+00
    182.000   0.675842     3.6504 6.8435e-02      0.499     5.1432  1005.9784     6.3920    185.588          8 0.0000e+00
    183.000   0.675902     3.6478 6.8404e-02      0.508     5.1482  1005.9842     6.3930    186.608          8 0.0000e+00
    184.000   0.675991     3.6428 6.8343e-02      0.489     5.1397  1005.9906     6.3948    187.628          9 0.0000e+00
    185.000   0.676336     3.6385 6.8214e-02      0.476     5.1157  1005.9989     6.3990    188.648          8 0.0000e+00
    186.000   0.676583     3.6335 6.8169e-02      0.483     5.1133  1006.0065     6.4024    189.667          8 0.0000e+00
    187.000   0.676664     3.6306 6.7998e-02      0.478     5.1064  1006.0125     6.4037    190.687          9 0.0000e+00
    188.000   0.676699     3.6275 6.7861e-02      0.477     5.1143  1006.0181     6.4045    191.707          8 0.0000e+00
    189.000   0.676735     3.6207 6.7721e-02      0.469     5.1087  1006.0244     6.4061    192.726         11 0.0000e+00
    190.000   0.676835     3.6184 6.7255e-02      0.192     5.0988  1006.0304     6.4075    193.746         12 0.0000e+00
    191.000   0.676884     3.6139 6.7076e-02      0.450     5.0771  1006.0364     6.4087    194.766          8 0.0000e+00
    192.000   0.677019     3.6110 6.7045e-02      0.532     5.0461  1006.0428     6.4106    195.785          7 0.0000e+00
    193.000   0.677131     3.6073 6.6883e-02      0.531     5.0373  1006.0492     6.4123    196.805          8 0.0000e+00
    194.000   0.677148     3.6024 6.6804e-02      0.547     5.0507  1006.0549     6.4133    197.825          7 0.0000e+00
    195.000   0.677128     3.5982 6.6711e-02      0.518     5.0636  1006.0603     6.4138    198.845          9 0.0000e+00
    196.000   0.677141     3.5967 6.6485e-02      0.463     5.0795  1006.0655     6.4141    199.864         10 0.0000e+00
