ctdpy/exports/archive_20200326_115716/received_data/do17_v03_19.cnv
* Sea-Bird SBE19plus Data File:
* FileName = C:\CTD\CTD 2019\v03\Do17_v03_19.hex
* Software Version 1.59
* Temperature SN =  4644
* Conductivity SN =  4644
* System UpLoad Time = Jan 16 2019 15:28:58
** SDo17 2019K02 v3
* ds
# nquan = 11
# nvalues = 62                          
# units = specified
# name 0 = prdM: Pressure, Strain Gauge [db]
# name 1 = c0S/m: Conductivity [S/m]
# name 2 = tv290C: Temperature [ITS-90, deg C]
# name 3 = par: PAR/Irradiance, Biospherical/Licor
# name 4 = dz/dtM: Descent Rate [m/s]
# name 5 = sbeox0ML/L: Oxygen, SBE 43 [ml/l]
# name 6 = density00: Density [density, kg/m^3]
# name 7 = sal00: Salinity, Practical [PSU]
# name 8 = depFM: Depth [fresh water, m], lat = 58
# name 9 = nbin: number of scans per bin
# name 10 = flag: flag
# span 0 =      1.000,     62.000       
# span 1 =   0.550373,   0.636852       
# span 2 =     2.1678,     4.0325       
# span 3 = 4.3616e-02, 2.7429e+00       
# span 4 =      0.213,      0.667       
# span 5 =     5.8264,     8.1851       
# span 6 =  1004.2975,  1005.0268       
# span 7 =     5.3916,     5.9426       
# span 8 =      1.020,     63.222       
# span 9 =          0,         14       
# span 10 = 0.0000e+00, 0.0000e+00      
# interval = decibars: 1                
# start_time = Jan 16 2019 15:18:01 [Instrument's time stamp, header]
# bad_flag = -9.990e-29
*END*
      1.000   0.550373     2.1678 2.7429e+00      0.213     8.1850  1004.2975     5.3916      1.020          9 0.0000e+00
      2.000   0.550602     2.1784 1.7693e+00      0.410     8.1851  1004.3030     5.3920      2.039          9 0.0000e+00
      3.000   0.551532     2.2174 1.1609e+00      0.549     8.1610  1004.3107     5.3950      3.059          7 0.0000e+00
      4.000   0.552579     2.2621 8.0908e-01      0.563     8.1527  1004.3187     5.3982      4.079          7 0.0000e+00
      5.000   0.553277     2.2935 5.7148e-01      0.624     8.1443  1004.3254     5.4000      5.099          6 0.0000e+00
      6.000   0.554083     2.3335 4.3242e-01      0.581     8.1348  1004.3319     5.4015      6.118          7 0.0000e+00
      7.000   0.555356     2.3971 3.2660e-01      0.640     8.1162  1004.3391     5.4039      7.138          6 0.0000e+00
      8.000   0.556084     2.4365 2.5354e-01      0.631     8.1100  1004.3449     5.4046      8.158          7 0.0000e+00
      9.000   0.556318     2.4514 1.9703e-01      0.612     8.1101  1004.3498     5.4044      9.177          6 0.0000e+00
     10.000   0.556556     2.4637 1.5290e-01      0.667     8.1065  1004.3550     5.4047     10.197          6 0.0000e+00
     11.000   0.557578     2.5065 1.2241e-01      0.602     8.0735  1004.3628     5.4079     11.217          7 0.0000e+00
     12.000   0.560599     2.6195 9.7212e-02      0.628     8.0012  1004.3777     5.4199     12.237          6 0.0000e+00
     13.000   0.564248     2.7391 7.9739e-02      0.594     7.9442  1004.3967     5.4371     13.256          7 0.0000e+00
     14.000   0.565483     2.7793 6.6435e-02      0.566     7.9345  1004.4063     5.4428     14.276          8 0.0000e+00
     15.000   0.566324     2.8086 5.6802e-02      0.545     7.9107  1004.4141     5.4464     15.296          7 0.0000e+00
     16.000   0.567161     2.8384 4.9776e-02      0.514     7.8934  1004.4217     5.4498     16.315          7 0.0000e+00
     17.000   0.568107     2.8700 4.4667e-02      0.584     7.8675  1004.4300     5.4541     17.335          7 0.0000e+00
     18.000   0.568808     2.8869 4.3616e-02      0.581     7.8510  1004.4383     5.4583     18.355          7 0.0000e+00
     19.000   0.568720     2.8774 4.3617e-02      0.635     7.8532  1004.4437     5.4589     19.374          6 0.0000e+00
     20.000   0.568501     2.8664 4.3617e-02      0.606     7.8529  1004.4483     5.4584     20.394          7 0.0000e+00
     21.000   0.568595     2.8640 4.3617e-02      0.617     7.8438  1004.4542     5.4597     21.414          6 0.0000e+00
     22.000   0.568735     2.8656 4.3617e-02      0.609     7.8405  1004.4600     5.4607     22.433          7 0.0000e+00
     23.000   0.569070     2.8743 4.3617e-02      0.599     7.8243  1004.4664     5.4626     23.454          7 0.0000e+00
     24.000   0.569652     2.8854 4.3617e-02      0.583     7.7861  1004.4745     5.4665     24.473          7 0.0000e+00
     25.000   0.570555     2.8933 4.3617e-02      0.561     7.7510  1004.4856     5.4744     25.493          7 0.0000e+00
     26.000   0.571374     2.9007 4.3617e-02      0.546     7.7164  1004.4962     5.4814     26.513          7 0.0000e+00
     27.000   0.572508     2.9223 4.3617e-02      0.564     7.6917  1004.5073     5.4893     27.532          7 0.0000e+00
     28.000   0.573543     2.9479 4.3617e-02      0.563     7.6582  1004.5171     5.4954     28.552          7 0.0000e+00
     29.000   0.575362     3.0086 4.3617e-02      0.580     7.6369  1004.5283     5.5035     29.572          7 0.0000e+00
     30.000   0.576661     3.0646 4.3617e-02      0.581     7.6112  1004.5358     5.5071     30.591          7 0.0000e+00
     31.000   0.577950     3.1236 4.3617e-02      0.587     7.5675  1004.5428     5.5100     31.611          7 0.0000e+00
     32.000   0.579754     3.1822 4.3617e-02      0.586     7.5054  1004.5539     5.5183     32.631          7 0.0000e+00
     33.000   0.582293     3.2314 4.3617e-02      0.597     7.4369  1004.5722     5.5356     33.650          6 0.0000e+00
     34.000   0.584036     3.2553 4.3617e-02      0.607     7.4097  1004.5878     5.5490     34.670          7 0.0000e+00
     35.000   0.584964     3.2659 4.3617e-02      0.574     7.3957  1004.5986     5.5565     35.690          7 0.0000e+00
     36.000   0.585478     3.2709 4.3617e-02      0.576     7.3954  1004.6069     5.5608     36.710          7 0.0000e+00
     37.000   0.585770     3.2711 4.3617e-02      0.537     7.3966  1004.6140     5.5636     37.729          8 0.0000e+00
     38.000   0.585903     3.2686 4.3617e-02      0.534     7.3909  1004.6203     5.5653     38.749          7 0.0000e+00
     39.000   0.586077     3.2658 4.3617e-02      0.534     7.3973  1004.6270     5.5675     39.769          7 0.0000e+00
     40.000   0.586541     3.2669 4.3617e-02      0.587     7.3504  1004.6354     5.5719     40.789          7 0.0000e+00
     41.000   0.588997     3.3004 4.3617e-02      0.563     7.2590  1004.6552     5.5910     41.808          7 0.0000e+00
     42.000   0.591764     3.3427 4.3617e-02      0.592     7.2016  1004.6762     5.6116     42.828          7 0.0000e+00
     43.000   0.593838     3.3751 4.3617e-02      0.553     7.1288  1004.6930     5.6269     43.848          7 0.0000e+00
     44.000   0.596494     3.4258 4.3617e-02      0.576     7.0462  1004.7117     5.6449     44.867          7 0.0000e+00
     45.000   0.601335     3.5381 4.3617e-02      0.552     6.8663  1004.7384     5.6741     45.887          8 0.0000e+00
     46.000   0.606667     3.6882 4.3617e-02      0.565     6.7552  1004.7630     5.7015     46.907          7 0.0000e+00
     47.000   0.609394     3.7815 4.3617e-02      0.525     6.6741  1004.7750     5.7124     47.927          7 0.0000e+00
     48.000   0.613003     3.8778 4.3617e-02      0.542     6.5605  1004.7934     5.7316     48.946          8 0.0000e+00
     49.000   0.615765     3.9251 4.3617e-02      0.527     6.4997  1004.8127     5.7508     49.966          7 0.0000e+00
     50.000   0.617151     3.9460 4.3617e-02      0.552     6.4493  1004.8252     5.7608     50.986          8 0.0000e+00
     51.000   0.619053     3.9634 4.3617e-02      0.545     6.3943  1004.8423     5.7767     52.006          7 0.0000e+00
     52.000   0.620471     3.9743 4.3617e-02      0.563     6.3740  1004.8566     5.7888     53.025          7 0.0000e+00
     53.000   0.621017     3.9790 4.3617e-02      0.528     6.3048  1004.8651     5.7933     54.045          7 0.0000e+00
     54.000   0.624860     4.0015 4.3617e-02      0.565     6.1461  1004.8967     5.8276     55.065          8 0.0000e+00
     55.000   0.628748     4.0210 4.3617e-02      0.545     6.0764  1004.9292     5.8628     56.084          7 0.0000e+00
     56.000   0.630140     4.0289 4.3617e-02      0.564     6.0472  1004.9437     5.8752     57.104          7 0.0000e+00
     57.000   0.630981     4.0318 4.3617e-02      0.515     5.9954  1004.9548     5.8830     58.124          8 0.0000e+00
     58.000   0.633180     4.0325 4.3617e-02      0.540     5.9343  1004.9769     5.9047     59.143          8 0.0000e+00
     59.000   0.634561     4.0296 4.3617e-02      0.379     5.9045  1004.9932     5.9189     60.163         12 0.0000e+00
     60.000 -9.990e-29 -9.990e-29 -9.990e-29 -9.990e-29 -9.990e-29 -9.990e-29 -9.990e-29 -9.990e-29          0 -9.990e-29
     61.000   0.635849     4.0254 4.3617e-02      0.230     5.8832  1005.0138     5.9323     62.236         14 0.0000e+00
     62.000   0.636852     4.0233 4.3617e-02      0.311     5.8264  1005.0268     5.9426     63.222         11 0.0000e+00
