ctdpy/exports/archive_20200326_115716/received_data/do18_v03_19.cnv
* Sea-Bird SBE19plus Data File:
* FileName = C:\CTD\CTD 2019\v03\Do18_v03_19.hex
* Software Version 1.59
* Temperature SN =  4644
* Conductivity SN =  4644
* System UpLoad Time = Jan 16 2019 16:03:11
** SDo18 2019K02 v3
* ds
# nquan = 11
# nvalues = 43                          
# units = specified
# name 0 = prdM: Pressure, Strain Gauge [db]
# name 1 = c0S/m: Conductivity [S/m]
# name 2 = tv290C: Temperature [ITS-90, deg C]
# name 3 = par: PAR/Irradiance, Biospherical/Licor
# name 4 = dz/dtM: Descent Rate [m/s]
# name 5 = sbeox0ML/L: Oxygen, SBE 43 [ml/l]
# name 6 = density00: Density [density, kg/m^3]
# name 7 = sal00: Salinity, Practical [PSU]
# name 8 = depFM: Depth [fresh water, m], lat = 58
# name 9 = nbin: number of scans per bin
# name 10 = flag: flag
# span 0 =      1.000,     43.000       
# span 1 =   0.547200,   0.597511       
# span 2 =     2.0204,     3.5591       
# span 3 = 4.3617e-02, 8.3887e-01       
# span 4 =      0.173,      0.638       
# span 5 =     7.0482,     8.2204       
# span 6 =  1004.2893,  1004.6949       
# span 7 =     5.3834,     5.6338       
# span 8 =      1.020,     43.848       
# span 9 =          0,          8       
# span 10 = 0.0000e+00, 0.0000e+00      
# interval = decibars: 1                
# start_time = Jan 16 2019 15:53:32 [Instrument's time stamp, header]
# bad_flag = -9.990e-29
*END*
      1.000   0.547200     2.0204 8.3887e-01      0.335     8.2204  1004.2893     5.3834      1.020          7 0.0000e+00
      2.000   0.548129     2.0605 2.8185e-01      0.604     8.2116  1004.2970     5.3862      2.039          7 0.0000e+00
      3.000   0.548572     2.0806 1.2827e-01      0.628     8.2080  1004.3031     5.3873      3.059          6 0.0000e+00
      4.000   0.550554     2.1769 8.5619e-02      0.611     8.1585  1004.3125     5.3916      4.079          7 0.0000e+00
      5.000   0.555081     2.3750 6.3259e-02      0.583     8.1085  1004.3299     5.4050      5.099          7 0.0000e+00
      6.000   0.560059     2.5933 5.0883e-02      0.601     8.0283  1004.3475     5.4194      6.118          6 0.0000e+00
      7.000   0.562324     2.6842 4.4333e-02      0.615     8.0040  1004.3591     5.4272      7.138          7 0.0000e+00
      8.000   0.562546     2.6928 4.3629e-02      0.618     7.9974  1004.3646     5.4279      8.158          6 0.0000e+00
      9.000   0.562401     2.6891 4.3617e-02      0.628     7.9972  1004.3688     5.4269      9.177          7 0.0000e+00
     10.000   0.562081     2.6748 4.3617e-02      0.622     7.9988  1004.3729     5.4260     10.197          6 0.0000e+00
     11.000   0.561899     2.6672 4.3617e-02      0.638     7.9991  1004.3773     5.4253     11.217          6 0.0000e+00
     12.000   0.561762     2.6640 4.3617e-02      0.629     7.9972  1004.3814     5.4243     12.236          6 0.0000e+00
     13.000   0.561940     2.6583 4.3617e-02      0.623     7.9730  1004.3885     5.4270     13.257          7 0.0000e+00
     14.000   0.562714     2.6690 4.3617e-02      0.604     7.9522  1004.3983     5.4331     14.276          7 0.0000e+00
     15.000   0.563019     2.6675 4.3617e-02      0.589     7.9399  1004.4059     5.4364     15.296          7 0.0000e+00
     16.000   0.563110     2.6585 4.3617e-02      0.592     7.9230  1004.4127     5.4387     16.315          6 0.0000e+00
     17.000   0.563558     2.6586 4.3617e-02      0.608     7.9210  1004.4213     5.4432     17.335          7 0.0000e+00
     18.000   0.563704     2.6614 4.3617e-02      0.624     7.9044  1004.4269     5.4442     18.355          6 0.0000e+00
     19.000   0.564172     2.6794 4.3617e-02      0.612     7.8968  1004.4333     5.4458     19.375          7 0.0000e+00
     20.000   0.565766     2.7455 4.3617e-02      0.609     7.8445  1004.4423     5.4509     20.395          6 0.0000e+00
     21.000   0.568627     2.8566 4.3617e-02      0.603     7.8171  1004.4555     5.4612     21.414          7 0.0000e+00
     22.000   0.569480     2.8936 4.3617e-02      0.609     7.8037  1004.4623     5.4636     22.434          7 0.0000e+00
     23.000   0.569968     2.9137 4.3617e-02      0.591     7.7866  1004.4683     5.4651     23.453          6 0.0000e+00
     24.000   0.570919     2.9437 4.3617e-02      0.576     7.7612  1004.4768     5.4696     24.473          7 0.0000e+00
     25.000   0.573215     3.0249 4.3617e-02      0.557     7.6778  1004.4891     5.4791     25.493          8 0.0000e+00
     26.000   0.576120     3.1161 4.3617e-02      0.547     7.6353  1004.5048     5.4931     26.513          7 0.0000e+00
     27.000   0.577414     3.1510 4.3617e-02      0.555     7.5990  1004.5151     5.5003     27.532          7 0.0000e+00
     28.000   0.578554     3.1759 4.3617e-02      0.570     7.5701  1004.5257     5.5075     28.552          7 0.0000e+00
     29.000   0.579651     3.2033 4.3617e-02      0.574     7.5573  1004.5355     5.5139     29.572          7 0.0000e+00
     30.000   0.580444     3.2133 4.3617e-02      0.577     7.4904  1004.5454     5.5201     30.592          7 0.0000e+00
     31.000   0.583749     3.2717 4.3617e-02      0.590     7.4227  1004.5685     5.5436     31.611          7 0.0000e+00
     32.000   0.585818     3.3112 4.3617e-02      0.584     7.3635  1004.5844     5.5578     32.631          7 0.0000e+00
     33.000   0.587709     3.3486 4.3617e-02      0.606     7.3009  1004.5990     5.5704     33.651          6 0.0000e+00
     34.000   0.590756     3.3926 4.3617e-02      0.592     7.2165  1004.6220     5.5936     34.670          7 0.0000e+00
     35.000   0.592730     3.4094 4.3617e-02      0.595     7.1954  1004.6403     5.6106     35.690          7 0.0000e+00
     36.000   0.593217     3.3903 4.3617e-02      0.562     7.1707  1004.6519     5.6187     36.710          7 0.0000e+00
     37.000   0.594744     3.4317 4.3617e-02      0.565     7.1167  1004.6629     5.6269     37.730          7 0.0000e+00
     38.000   0.596313     3.4823 4.3617e-02      0.534     7.1015  1004.6727     5.6338     38.749          8 0.0000e+00
     39.000   0.596199     3.4835 4.3617e-02      0.533     7.1011  1004.6765     5.6324     39.769          7 0.0000e+00
     40.000   0.596320     3.4922 4.3617e-02      0.401     7.1074  1004.6810     5.6320     40.789          7 0.0000e+00
     41.000 -9.990e-29 -9.990e-29 -9.990e-29 -9.990e-29 -9.990e-29 -9.990e-29 -9.990e-29 -9.990e-29          0 -9.990e-29
     42.000   0.596779     3.5215 4.3617e-02      0.173     7.0844  1004.6910     5.6313     43.070          1 0.0000e+00
     43.000   0.597511     3.5591 4.3617e-02      0.185     7.0482  1004.6949     5.6320     43.848          5 0.0000e+00
