ctdpy/exports/archive_20200326_115716/received_data/ga1_v20_19.cnv
* Sea-Bird SBE19plus Data File:
* FileName = C:\CTD\CTD 2019\v20\Ga1_v20_19.hex
* Software Version 1.59
* Temperature SN =  4644
* Conductivity SN =  4644
* System UpLoad Time = May 15 2019 10:42:19
** K14, Ga1, 2019
* ds
# nquan = 11
# nvalues = 83                          
# units = specified
# name 0 = prdM: Pressure, Strain Gauge [db]
# name 1 = c0S/m: Conductivity [S/m]
# name 2 = tv290C: Temperature [ITS-90, deg C]
# name 3 = par: PAR/Irradiance, Biospherical/Licor
# name 4 = dz/dtM: Descent Rate [m/s]
# name 5 = sbeox0ML/L: Oxygen, SBE 43 [ml/l]
# name 6 = density00: Density [density, kg/m^3]
# name 7 = sal00: Salinity, Practical [PSU]
# name 8 = depFM: Depth [fresh water, m], lat = 58
# name 9 = nbin: number of scans per bin
# name 10 = flag: flag
# span 0 =      1.000,     83.000       
# span 1 =   0.537878,   0.595291       
# span 2 =     1.8963,     5.0980       
# span 3 = 5.7250e-02, 2.5749e+02       
# span 4 =     -0.052,      0.886       
# span 5 =     5.8033,     9.9379       
# span 6 =  1003.8288,  1005.0114       
# span 7 =     4.8357,     5.7738       
# span 8 =      1.020,     84.637       
# span 9 =          1,         24       
# span 10 = 0.0000e+00, 0.0000e+00      
# interval = decibars: 1                
# start_time = May 15 2019 10:12:26 [Instrument's time stamp, header]
# bad_flag = -9.990e-29
*END*
      1.000   0.540050     4.9498 2.5749e+02     -0.052     9.9379  1003.8360     4.8490      1.020          7 0.0000e+00
      2.000   0.540910     5.0760 1.4518e+02      0.405     9.9205  1003.8288     4.8388      2.039          9 0.0000e+00
      3.000   0.540931     5.0980 8.7058e+01      0.393     9.9328  1003.8305     4.8357      3.059         13 0.0000e+00
      4.000   0.540964     5.0794 5.4690e+01      0.322     9.9047  1003.8383     4.8386      4.079         11 0.0000e+00
      5.000   0.540682     5.0172 3.5556e+01      0.386     9.9224  1003.8501     4.8449      5.098          9 0.0000e+00
      6.000   0.541008     5.0878 2.3112e+01      0.462     9.8832  1003.8470     4.8377      6.118          8 0.0000e+00
      7.000   0.540317     5.0029 1.4811e+01      0.592     9.7573  1003.8591     4.8433      7.138          7 0.0000e+00
      8.000   0.539519     4.8829 9.7609e+00      0.589     9.5479  1003.8754     4.8530      8.158          6 0.0000e+00
      9.000   0.538189     4.5636 6.6542e+00      0.588     9.7648  1003.9161     4.8871      9.177          7 0.0000e+00
     10.000   0.538151     4.3679 4.7643e+00      0.586     9.7357  1003.9484     4.9157     10.197          7 0.0000e+00
     11.000   0.538885     4.0215 3.4704e+00      0.575     9.6727  1004.0075     4.9751     11.217          7 0.0000e+00
     12.000   0.539340     3.8273 2.5586e+00      0.578     9.6384  1004.0427     5.0092     12.237          7 0.0000e+00
     13.000   0.540001     3.6432 1.9058e+00      0.585     9.5781  1004.0779     5.0441     13.256          7 0.0000e+00
     14.000   0.539782     3.4618 1.4377e+00      0.585     9.5530  1004.1054     5.0701     14.276          7 0.0000e+00
     15.000   0.540048     3.2708 1.0877e+00      0.568     9.5409  1004.1379     5.1027     15.296          7 0.0000e+00
     16.000   0.541123     3.1765 8.2935e-01      0.524     9.4936  1004.1639     5.1284     16.315          8 0.0000e+00
     17.000   0.540750     2.9865 6.4716e-01      0.410     9.4639  1004.1907     5.1550     17.335         12 0.0000e+00
     18.000   0.540430     2.8360 5.3025e-01      0.217     9.3397  1004.2125     5.1758     18.355          7 0.0000e+00
     19.000   0.539650     2.6493 4.0169e-01      0.735     9.2380  1004.2349     5.1981     19.375          6 0.0000e+00
     20.000   0.538672     2.4752 3.1729e-01      0.784     9.1817  1004.2537     5.2163     20.395          5 0.0000e+00
     21.000   0.537878     2.3404 2.5433e-01      0.830     9.1633  1004.2689     5.2302     21.414          4 0.0000e+00
     22.000   0.538110     2.3027 2.0645e-01      0.843     9.1458  1004.2803     5.2387     22.434          5 0.0000e+00
     23.000   0.538423     2.2830 1.7035e-01      0.848     9.0258  1004.2903     5.2451     23.453          5 0.0000e+00
     24.000   0.538549     2.2045 1.4350e-01      0.850     8.8527  1004.3059     5.2594     24.473          5 0.0000e+00
     25.000   0.538945     2.1164 1.2250e-01      0.851     8.8486  1004.3250     5.2781     25.493          4 0.0000e+00
     26.000   0.539034     2.0274 1.0726e-01      0.856     8.8431  1004.3415     5.2938     26.513          5 0.0000e+00
     27.000   0.539381     1.9549 9.5737e-02      0.854     8.8006  1004.3582     5.3095     27.532          5 0.0000e+00
     28.000   0.541049     1.9116 8.7196e-02      0.850     8.7480  1004.3824     5.3344     28.552          4 0.0000e+00
     29.000   0.543209     1.8963 8.0741e-02      0.860     8.7318  1004.4075     5.3596     29.572          5 0.0000e+00
     30.000   0.545057     1.9123 7.5456e-02      0.882     8.6988  1004.4260     5.3762     30.592          4 0.0000e+00
     31.000   0.546553     1.9417 7.1694e-02      0.886     8.6564  1004.4399     5.3869     31.611          5 0.0000e+00
     32.000   0.548024     1.9744 6.8989e-02      0.848     8.6332  1004.4531     5.3967     32.631          5 0.0000e+00
     33.000   0.549398     1.9895 6.7014e-02      0.799     8.7269  1004.4677     5.4085     33.651          6 0.0000e+00
     34.000   0.550548     1.9752 6.5463e-02      0.699     8.7337  1004.4841     5.4229     34.670          5 0.0000e+00
     35.000   0.552431     1.9414 6.4094e-02      0.665     8.6548  1004.5092     5.4485     35.690          6 0.0000e+00
     36.000   0.553713     1.9244 6.3167e-02      0.684     8.5914  1004.5270     5.4648     36.710          6 0.0000e+00
     37.000   0.554065     1.9204 6.2396e-02      0.676     8.5516  1004.5354     5.4691     37.729          6 0.0000e+00
     38.000   0.555355     1.9209 6.1847e-02      0.657     8.5012  1004.5511     5.4826     38.749          6 0.0000e+00
     39.000   0.556937     1.9245 6.1275e-02      0.648     8.3869  1004.5689     5.4985     39.769          7 0.0000e+00
     40.000   0.559059     1.9447 6.0912e-02      0.653     8.2361  1004.5892     5.5173     40.789          6 0.0000e+00
     41.000   0.561154     1.9696 6.0624e-02      0.647     8.0957  1004.6086     5.5349     41.808          6 0.0000e+00
     42.000   0.562786     1.9896 6.0304e-02      0.648     8.0770  1004.6247     5.5485     42.828          6 0.0000e+00
     43.000   0.564256     2.0101 6.0043e-02      0.637     8.0579  1004.6393     5.5603     43.848          7 0.0000e+00
     44.000   0.566078     2.0417 5.9920e-02      0.610     7.9855  1004.6555     5.5738     44.867          6 0.0000e+00
     45.000   0.567018     2.0596 5.9806e-02      0.601     7.8433  1004.6659     5.5804     45.887          7 0.0000e+00
     46.000   0.567505     2.0699 5.9502e-02      0.595     7.6930  1004.6736     5.5836     46.907          7 0.0000e+00
     47.000   0.568206     2.0866 5.9563e-02      0.585     7.7313  1004.6821     5.5879     47.927          7 0.0000e+00
     48.000   0.570812     2.1342 5.9396e-02      0.565     7.7604  1004.7027     5.6067     48.946          7 0.0000e+00
     49.000   0.574830     2.1986 5.9496e-02      0.531     7.6705  1004.7327     5.6374     49.966          8 0.0000e+00
     50.000   0.575885     2.2211 5.9272e-02      0.459     7.6556  1004.7434     5.6443     50.986         10 0.0000e+00
     51.000   0.575865     2.2220 5.9239e-02      0.361     7.6652  1004.7479     5.6438     52.005         12 0.0000e+00
     52.000   0.575838     2.2197 5.9228e-02      0.287     7.7031  1004.7529     5.6438     53.025         14 0.0000e+00
     53.000   0.575897     2.2140 5.9192e-02      0.271     7.7438  1004.7590     5.6454     54.045         15 0.0000e+00
     54.000   0.576848     2.2286 5.9224e-02      0.275     7.6879  1004.7699     5.6526     55.065         14 0.0000e+00
     55.000   0.579414     2.2823 5.9000e-02      0.284     7.5712  1004.7889     5.6698     56.084         14 0.0000e+00
     56.000   0.580879     2.3118 5.8883e-02      0.279     7.5008  1004.8020     5.6797     57.104         14 0.0000e+00
     57.000   0.583296     2.3591 5.8819e-02      0.283     7.4333  1004.8206     5.6964     58.124         14 0.0000e+00
     58.000   0.584058     2.3749 5.8920e-02      0.302     7.3868  1004.8296     5.7014     59.143         11 0.0000e+00
     59.000   0.585340     2.3988 5.8898e-02      0.439     7.3675  1004.8418     5.7104     60.163          9 0.0000e+00
     60.000   0.585964     2.4113 5.8652e-02      0.465     7.3421  1004.8501     5.7146     61.183          8 0.0000e+00
     61.000   0.586583     2.4240 5.8704e-02      0.523     7.3063  1004.8583     5.7186     62.203          8 0.0000e+00
     62.000   0.587330     2.4387 5.8644e-02      0.575     7.2739  1004.8674     5.7237     63.222          7 0.0000e+00
     63.000   0.587724     2.4475 5.8526e-02      0.588     7.2536  1004.8743     5.7261     64.242          6 0.0000e+00
     64.000   0.588244     2.4586 5.8514e-02      0.592     7.2170  1004.8819     5.7294     65.262          7 0.0000e+00
     65.000   0.588668     2.4679 5.8501e-02      0.590     7.2013  1004.8890     5.7320     66.281          7 0.0000e+00
     66.000   0.588962     2.4747 5.8532e-02      0.601     7.1796  1004.8953     5.7338     67.301          6 0.0000e+00
     67.000   0.589680     2.4895 5.8602e-02      0.608     7.1508  1004.9041     5.7384     68.321          7 0.0000e+00
     68.000   0.590498     2.5062 5.8351e-02      0.606     7.1217  1004.9133     5.7439     69.341          7 0.0000e+00
     69.000   0.591087     2.5185 5.8306e-02      0.604     7.1128  1004.9213     5.7476     70.361          6 0.0000e+00
     70.000   0.591472     2.5270 5.8415e-02      0.599     7.0952  1004.9282     5.7500     71.380          7 0.0000e+00
     71.000   0.592305     2.5429 5.8348e-02      0.594     7.0843  1004.9377     5.7557     72.400          7 0.0000e+00
     72.000   0.592863     2.5538 5.8250e-02      0.590     7.0775  1004.9456     5.7594     73.419          7 0.0000e+00
     73.000   0.593318     2.5625 5.8191e-02      0.587     7.0752  1004.9530     5.7625     74.439          6 0.0000e+00
     74.000   0.593535     2.5674 5.8219e-02      0.586     7.0653  1004.9589     5.7637     75.459          7 0.0000e+00
     75.000   0.593885     2.5756 5.8095e-02      0.583     7.0401  1004.9655     5.7658     76.479          7 0.0000e+00
     76.000   0.594553     2.5910 5.8095e-02      0.594     6.9423  1004.9736     5.7698     77.498          7 0.0000e+00
     77.000   0.594761     2.5954 5.8031e-02      0.590     6.7006  1004.9796     5.7710     78.518          8 0.0000e+00
     78.000   0.594699     2.5953 5.8041e-02      0.411     6.3511  1004.9839     5.7703     79.538         10 0.0000e+00
     79.000   0.594824     2.6006 5.7728e-02      0.139     6.3516  1004.9891     5.7706     80.557         19 0.0000e+00
     80.000   0.594949     2.6049 5.7562e-02      0.177     6.2774  1004.9943     5.7710     81.577         24 0.0000e+00
     81.000   0.595142     2.6067 5.7378e-02      0.185     6.2768  1005.0005     5.7725     82.597         20 0.0000e+00
     82.000   0.595291     2.6076 5.7318e-02      0.200     6.2166  1005.0065     5.7738     83.617         22 0.0000e+00
     83.000   0.595277     2.6064 5.7250e-02      0.093     5.8033  1005.0114     5.7737     84.637          1 0.0000e+00
