ctdpy/exports/archive_20200326_115716/received_data/ga1_v16_19.cnv
* Sea-Bird SBE19plus Data File:
* FileName = C:\CTD\CTD 2019\v16\Ga1_V16_2019.hex
* Software Version 1.59
* Temperature SN =  7668
* Conductivity SN =  7668
* System UpLoad Time = Apr 17 2019 18:21:49
** Ga1_V16_2019
* ds
# nquan = 10
# nvalues = 83                          
# units = specified
# name 0 = prdM: Pressure, Strain Gauge [db]
# name 1 = c0S/m: Conductivity [S/m]
# name 2 = tv290C: Temperature [ITS-90, deg C]
# name 3 = par: PAR/Irradiance, Biospherical/Licor
# name 4 = dz/dtM: Descent Rate [m/s]
# name 5 = density00: Density [density, kg/m^3]
# name 6 = sal00: Salinity, Practical [PSU]
# name 7 = depFM: Depth [fresh water, m], lat = 0
# name 8 = nbin: number of scans per bin
# name 9 = flag: flag
# span 0 =      1.000,     83.000       
# span 1 =   0.523305,   0.610961       
# span 2 =     1.3087,     3.1228       
# span 3 = 1.0000e-12, 3.1176e+02       
# span 4 =      0.198,      1.206       
# span 5 =  1004.1656,  1005.0634       
# span 6 =     5.2341,     5.8421       
# span 7 =      1.020,     84.637       
# span 8 =          3,          9       
# span 9 = 0.0000e+00, 0.0000e+00       
# interval = decibars: 1                
# start_time = Apr 17 2019 17:57:33 [Instrument's time stamp, header]
# bad_flag = -9.990e-29
*END*
      1.000   0.529973     1.8299 3.1176e+02      0.198  1004.1661     5.2341      1.020          8 0.0000e+00
      2.000   0.524273     1.4565 1.8532e+02      0.764  1004.1656     5.2359      2.039          5 0.0000e+00
      3.000   0.523305     1.3570 1.1457e+02      1.017  1004.1733     5.2423      3.059          3 0.0000e+00
      4.000   0.523689     1.3350 7.4906e+01      1.081  1004.1839     5.2500      4.079          4 0.0000e+00
      5.000   0.524550     1.3309 4.9913e+01      1.077  1004.1967     5.2598      5.099          4 0.0000e+00
      6.000   0.525176     1.3257 3.3792e+01      1.067  1004.2076     5.2673      6.118          4 0.0000e+00
      7.000   0.525655     1.3156 2.3435e+01      1.082  1004.2178     5.2740      7.138          3 0.0000e+00
      8.000   0.526300     1.3146 1.6638e+01      1.088  1004.2284     5.2810      8.158          4 0.0000e+00
      9.000   0.527054     1.3323 1.1740e+01      1.098  1004.2378     5.2860      9.178          4 0.0000e+00
     10.000   0.527505     1.3445 8.4059e+00      1.112  1004.2452     5.2886     10.197          3 0.0000e+00
     11.000   0.527647     1.3430 6.2562e+00      1.119  1004.2515     5.2903     11.217          4 0.0000e+00
     12.000   0.527679     1.3348 4.5441e+00      1.127  1004.2576     5.2919     12.237          3 0.0000e+00
     13.000   0.527716     1.3271 3.3581e+00      1.136  1004.2637     5.2935     13.256          4 0.0000e+00
     14.000   0.527751     1.3205 2.5365e+00      1.144  1004.2696     5.2949     14.276          3 0.0000e+00
     15.000   0.527819     1.3173 1.8649e+00      1.146  1004.2755     5.2961     15.296          4 0.0000e+00
     16.000   0.527892     1.3154 1.3614e+00      1.146  1004.2812     5.2971     16.315          3 0.0000e+00
     17.000   0.527972     1.3142 1.0264e+00      1.144  1004.2869     5.2980     17.335          4 0.0000e+00
     18.000   0.528069     1.3124 7.5584e-01      1.143  1004.2929     5.2992     18.355          3 0.0000e+00
     19.000   0.528202     1.3098 5.5199e-01      1.139  1004.2992     5.3010     19.375          4 0.0000e+00
     20.000   0.528382     1.3087 4.0603e-01      1.140  1004.3058     5.3031     20.394          3 0.0000e+00
     21.000   0.528708     1.3094 2.8778e-01      1.143  1004.3134     5.3063     21.414          4 0.0000e+00
     22.000   0.529257     1.3098 1.9361e-01      1.145  1004.3230     5.3121     22.434          3 0.0000e+00
     23.000   0.530041     1.3090 1.3454e-01      1.150  1004.3348     5.3204     23.453          4 0.0000e+00
     24.000   0.530677     1.3092 8.5865e-02      1.159  1004.3452     5.3271     24.473          3 0.0000e+00
     25.000   0.531276     1.3152 3.9513e-02      1.158  1004.3545     5.3324     25.493          4 0.0000e+00
     26.000   0.531845     1.3222 8.4741e-03      1.158  1004.3635     5.3372     26.513          3 0.0000e+00
     27.000   0.532323     1.3244 3.7525e-04      1.158  1004.3723     5.3419     27.532          4 0.0000e+00
     28.000   0.532804     1.3260 1.0000e-12      1.154  1004.3812     5.3466     28.552          3 0.0000e+00
     29.000   0.533317     1.3285 1.0000e-12      1.151  1004.3902     5.3516     29.572          4 0.0000e+00
     30.000   0.534076     1.3351 1.0000e-12      1.148  1004.4009     5.3585     30.592          3 0.0000e+00
     31.000   0.535014     1.3448 1.0000e-12      1.149  1004.4128     5.3668     31.611          3 0.0000e+00
     32.000   0.535795     1.3540 1.0000e-12      1.151  1004.4233     5.3734     32.631          4 0.0000e+00
     33.000   0.536775     1.3666 1.0000e-12      1.152  1004.4352     5.3817     33.651          3 0.0000e+00
     34.000   0.538840     1.3927 1.0000e-12      1.157  1004.4549     5.3991     34.670          4 0.0000e+00
     35.000   0.541460     1.4303 1.0000e-12      1.175  1004.4779     5.4206     35.690          3 0.0000e+00
     36.000   0.544538     1.4829 1.0000e-12      1.202  1004.5030     5.4443     36.709          3 0.0000e+00
     37.000   0.547349     1.5383 1.0000e-12      1.206  1004.5254     5.4645     37.729          4 0.0000e+00
     38.000   0.549736     1.5897 1.0000e-12      1.200  1004.5444     5.4808     38.750          3 0.0000e+00
     39.000   0.552133     1.6434 1.0000e-12      1.201  1004.5633     5.4968     39.769          3 0.0000e+00
     40.000   0.555042     1.7064 1.0000e-12      1.194  1004.5852     5.5166     40.789          4 0.0000e+00
     41.000   0.557743     1.7699 1.0000e-12      1.186  1004.6051     5.5340     41.808          3 0.0000e+00
     42.000   0.561053     1.8495 1.0000e-12      1.178  1004.6280     5.5549     42.828          4 0.0000e+00
     43.000   0.565817     1.9540 1.0000e-12      1.161  1004.6599     5.5866     43.848          3 0.0000e+00
     44.000   0.570350     2.0516 1.0000e-12      1.150  1004.6902     5.6170     44.867          4 0.0000e+00
     45.000   0.574602     2.1441 1.0000e-12      1.155  1004.7186     5.6451     45.887          3 0.0000e+00
     46.000   0.577440     2.2186 1.0000e-12      1.164  1004.7373     5.6615     46.907          3 0.0000e+00
     47.000   0.580363     2.2968 1.0000e-12      1.168  1004.7560     5.6780     47.927          4 0.0000e+00
     48.000   0.584029     2.3853 1.0000e-12      1.161  1004.7794     5.7003     48.946          3 0.0000e+00
     49.000   0.588214     2.4754 1.0000e-12      1.149  1004.8065     5.7277     49.966          4 0.0000e+00
     50.000   0.590871     2.5380 1.0000e-12      1.144  1004.8246     5.7440     50.986          3 0.0000e+00
     51.000   0.592037     2.5700 1.0000e-12      1.140  1004.8346     5.7502     52.005          4 0.0000e+00
     52.000   0.592846     2.5921 1.0000e-12      1.139  1004.8430     5.7545     53.025          3 0.0000e+00
     53.000   0.593353     2.6078 1.0000e-12      1.134  1004.8498     5.7569     54.045          4 0.0000e+00
     54.000   0.593597     2.6189 1.0000e-12      1.125  1004.8551     5.7573     55.065          4 0.0000e+00
     55.000   0.593876     2.6310 1.0000e-12      1.118  1004.8605     5.7579     56.085          3 0.0000e+00
     56.000   0.594516     2.6506 1.0000e-12      1.119  1004.8679     5.7609     57.104          4 0.0000e+00
     57.000   0.595612     2.6761 1.0000e-12      1.123  1004.8781     5.7675     58.124          3 0.0000e+00
     58.000   0.596187     2.6932 1.0000e-12      1.128  1004.8852     5.7703     59.144          4 0.0000e+00
     59.000   0.596828     2.7114 1.0000e-12      1.131  1004.8927     5.7735     60.163          3 0.0000e+00
     60.000   0.597339     2.7264 1.0000e-12      1.134  1004.8996     5.7760     61.183          4 0.0000e+00
     61.000   0.597496     2.7344 1.0000e-12      1.138  1004.9046     5.7760     62.203          3 0.0000e+00
     62.000   0.597925     2.7493 1.0000e-12      1.139  1004.9108     5.7777     63.222          4 0.0000e+00
     63.000   0.598629     2.7699 1.0000e-12      1.135  1004.9184     5.7811     64.242          3 0.0000e+00
     64.000   0.599104     2.7833 1.0000e-12      1.137  1004.9252     5.7835     65.262          4 0.0000e+00
     65.000   0.599458     2.7938 1.0000e-12      1.130  1004.9314     5.7851     66.282          3 0.0000e+00
     66.000   0.600060     2.8119 1.0000e-12      1.124  1004.9385     5.7880     67.301          4 0.0000e+00
     67.000   0.600910     2.8393 1.0000e-12      1.127  1004.9464     5.7917     68.321          4 0.0000e+00
     68.000   0.601632     2.8642 1.0000e-12      1.130  1004.9535     5.7945     69.341          3 0.0000e+00
     69.000   0.601989     2.8784 1.0000e-12      1.136  1004.9591     5.7955     70.360          4 0.0000e+00
     70.000   0.602256     2.8887 1.0000e-12      1.139  1004.9646     5.7963     71.380          3 0.0000e+00
     71.000   0.602535     2.8987 1.0000e-12      1.140  1004.9703     5.7972     72.400          4 0.0000e+00
     72.000   0.602937     2.9117 1.0000e-12      1.136  1004.9765     5.7989     73.419          3 0.0000e+00
     73.000   0.603797     2.9358 1.0000e-12      1.135  1004.9848     5.8033     74.439          4 0.0000e+00
     74.000   0.604968     2.9663 1.0000e-12      1.131  1004.9946     5.8098     75.459          3 0.0000e+00
     75.000   0.605616     2.9849 1.0000e-12      1.123  1005.0020     5.8129     76.479          4 0.0000e+00
     76.000   0.606034     2.9953 1.0000e-12      1.124  1005.0087     5.8152     77.498          3 0.0000e+00
     77.000   0.606770     3.0098 1.0000e-12      1.120  1005.0174     5.8200     78.518          4 0.0000e+00
     78.000   0.607611     3.0298 1.0000e-12      1.123  1005.0260     5.8249     79.538          3 0.0000e+00
     79.000   0.608131     3.0457 1.0000e-12      1.139  1005.0328     5.8273     80.558          4 0.0000e+00
     80.000   0.609026     3.0683 1.0000e-12      1.145  1005.0415     5.8323     81.577          4 0.0000e+00
     81.000   0.610033     3.0927 1.0000e-12      1.143  1005.0508     5.8381     82.597          3 0.0000e+00
     82.000   0.610781     3.1118 1.0000e-12      1.138  1005.0588     5.8421     83.617          5 0.0000e+00
     83.000   0.610961     3.1228 1.0000e-12      0.849  1005.0634     5.8419     84.637          9 0.0000e+00
