ctdpy/exports/archive_20200326_115716/received_data/ga1_v50_19.cnv
* Sea-Bird SBE19plus Data File:
* FileName = C:\CTD\CTD 2019\v50\GA1_v50_19.hex
* Software Version 1.59
* Temperature SN =  4644
* Conductivity SN =  4644
* System UpLoad Time = Dec 11 2019 15:45:31
** GA1 2019K26 v50
* ds
# nquan = 11
# nvalues = 80                          
# units = specified
# name 0 = prdM: Pressure, Strain Gauge [db]
# name 1 = c0S/m: Conductivity [S/m]
# name 2 = tv290C: Temperature [ITS-90, deg C]
# name 3 = par: PAR/Irradiance, Biospherical/Licor
# name 4 = dz/dtM: Descent Rate [m/s]
# name 5 = sbeox0ML/L: Oxygen, SBE 43 [ml/l]
# name 6 = density00: Density [density, kg/m^3]
# name 7 = sal00: Salinity, Practical [PSU]
# name 8 = depFM: Depth [fresh water, m], lat = 58
# name 9 = nbin: number of scans per bin
# name 10 = flag: flag
# span 0 =      1.000,     80.000       
# span 1 =   0.547832,   0.645284       
# span 2 =     3.4563,     4.4838       
# span 3 = 5.5735e-02, 1.3641e+00       
# span 4 =      0.028,      0.476       
# span 5 =     4.7571,     7.8051       
# span 6 =  1004.0692,  1005.2699       
# span 7 =     5.0948,     6.1304       
# span 8 =      1.020,     81.577       
# span 9 =          8,         26       
# span 10 = 0.0000e+00, 0.0000e+00      
# interval = decibars: 1                
# start_time = Dec 11 2019 15:17:27 [Instrument's time stamp, header]
# bad_flag = -9.990e-29
*END*
      1.000   0.551005     3.8844 1.3641e+00      0.156     7.7616  1004.0739     5.1171      1.020         12 0.0000e+00
      2.000   0.550375     3.8690 7.9846e-01      0.360     7.8051  1004.0759     5.1132      2.040         11 0.0000e+00
      3.000   0.548049     3.8196 4.9033e-01      0.443     7.6965  1004.0692     5.0977      3.059          8 0.0000e+00
      4.000   0.547832     3.8239 2.7074e-01      0.476     7.6004  1004.0717     5.0948      4.079          9 0.0000e+00
      5.000   0.549353     3.8357 1.6232e-01      0.453     7.4188  1004.0869     5.1080      5.099         10 0.0000e+00
      6.000   0.548537     3.8211 1.1548e-01      0.310     7.2479  1004.0873     5.1020      6.118         14 0.0000e+00
      7.000   0.548913     3.8452 9.4161e-02      0.239     7.1097  1004.0918     5.1019      7.138         18 0.0000e+00
      8.000   0.550556     3.8711 8.1200e-02      0.202     7.2253  1004.1060     5.1141      8.158         19 0.0000e+00
      9.000   0.550972     3.8801 7.4713e-02      0.183     7.0509  1004.1128     5.1167      9.177         23 0.0000e+00
     10.000   0.551596     3.8961 7.0613e-02      0.163     6.9862  1004.1203     5.1203     10.197         26 0.0000e+00
     11.000   0.552460     3.9104 6.8069e-02      0.151     7.2320  1004.1300     5.1265     11.217         23 0.0000e+00
     12.000   0.554484     3.9507 6.6403e-02      0.258     7.6287  1004.1451     5.1401     12.237         14 0.0000e+00
     13.000   0.556117     3.9695 6.5317e-02      0.365     7.5751  1004.1601     5.1533     13.256         11 0.0000e+00
     14.000   0.556540     3.9764 6.4570e-02      0.338     7.6234  1004.1673     5.1563     14.276         12 0.0000e+00
     15.000   0.556813     3.9811 6.4067e-02      0.386     7.5938  1004.1736     5.1581     15.296         10 0.0000e+00
     16.000   0.556136     3.9619 6.3737e-02      0.372     7.5821  1004.1758     5.1544     16.315         11 0.0000e+00
     17.000   0.554731     3.9449 6.3434e-02      0.358     7.6018  1004.1720     5.1430     17.335         10 0.0000e+00
     18.000   0.556967     3.9849 6.3254e-02      0.415     7.6030  1004.1887     5.1588     18.355         10 0.0000e+00
     19.000   0.557909     3.9988 6.3138e-02      0.400     7.4988  1004.1990     5.1658     19.375         11 0.0000e+00
     20.000   0.558423     4.0066 6.2999e-02      0.311     7.5200  1004.2067     5.1696     20.394         12 0.0000e+00
     21.000   0.558989     4.0142 6.2920e-02      0.366     7.5130  1004.2149     5.1739     21.414         11 0.0000e+00
     22.000   0.559907     4.0365 6.2823e-02      0.333     7.4885  1004.2238     5.1794     22.434         13 0.0000e+00
     23.000   0.562883     4.0907 6.2693e-02      0.334     7.4839  1004.2441     5.2001     23.453         11 0.0000e+00
     24.000   0.565670     4.1505 6.2581e-02      0.335     7.4249  1004.2621     5.2180     24.473         12 0.0000e+00
     25.000   0.569983     4.2314 6.2505e-02      0.330     7.2625  1004.2887     5.2475     25.493         13 0.0000e+00
     26.000   0.572245     4.2610 6.2412e-02      0.270     7.2321  1004.3068     5.2649     26.513         15 0.0000e+00
     27.000   0.573030     4.2665 6.2368e-02      0.291     7.1376  1004.3169     5.2717     27.532         14 0.0000e+00
     28.000   0.573315     4.2697 6.2240e-02      0.250     7.0448  1004.3235     5.2739     28.552         16 0.0000e+00
     29.000   0.573788     4.2768 6.2158e-02      0.271     7.2055  1004.3309     5.2773     29.572         14 0.0000e+00
     30.000   0.574451     4.2849 6.2047e-02      0.324     7.2169  1004.3397     5.2824     30.592         12 0.0000e+00
     31.000   0.577009     4.3075 6.1966e-02      0.353     7.1611  1004.3610     5.3038     31.611         11 0.0000e+00
     32.000   0.581108     4.3415 6.1890e-02      0.270     6.8861  1004.3927     5.3385     32.631         18 0.0000e+00
     33.000   0.585124     4.3694 6.1774e-02      0.215     6.9253  1004.4246     5.3733     33.651         17 0.0000e+00
     34.000   0.589068     4.4043 6.1698e-02      0.232     6.7455  1004.4548     5.4063     34.670         18 0.0000e+00
     35.000   0.593499     4.4473 6.1539e-02      0.260     6.7720  1004.4874     5.4426     35.690         14 0.0000e+00
     36.000   0.597081     4.4838 6.1467e-02      0.302     6.7283  1004.5143     5.4716     36.710         13 0.0000e+00
     37.000   0.600565     4.4707 6.1393e-02      0.298     6.6637  1004.5484     5.5079     37.729         14 0.0000e+00
     38.000   0.606563     4.3759 6.1278e-02      0.320     6.6207  1004.6151     5.5827     38.749         12 0.0000e+00
     39.000   0.610680     4.3319 6.1246e-02      0.339     6.4557  1004.6593     5.6307     39.769         11 0.0000e+00
     40.000   0.611876     4.3246 6.1154e-02      0.350     6.2554  1004.6746     5.6436     40.789         12 0.0000e+00
     41.000   0.612494     4.3154 6.1113e-02      0.327     6.1990  1004.6858     5.6512     41.808         11 0.0000e+00
     42.000   0.613319     4.3007 6.0958e-02      0.387     5.9412  1004.6994     5.6618     42.828         12 0.0000e+00
     43.000   0.614017     4.2837 6.0904e-02      0.315     5.9300  1004.7124     5.6715     43.848         12 0.0000e+00
     44.000   0.615101     4.2595 6.0792e-02      0.343     6.0235  1004.7297     5.6863     44.867         11 0.0000e+00
     45.000   0.616333     4.2239 6.0765e-02      0.370     5.8306  1004.7500     5.7046     45.887         12 0.0000e+00
     46.000   0.616765     4.2053 6.0678e-02      0.240     5.6451  1004.7612     5.7120     46.907         16 0.0000e+00
     47.000   0.618588     4.1472 6.0507e-02      0.293     5.7090  1004.7898     5.7401     47.927         15 0.0000e+00
     48.000   0.620388     4.0586 6.0447e-02      0.230     5.7487  1004.8232     5.7735     48.946         16 0.0000e+00
     49.000   0.623167     3.9861 6.0287e-02      0.333     5.6936  1004.8617     5.8140     49.966         12 0.0000e+00
     50.000   0.625115     3.9103 6.0186e-02      0.236     5.5175  1004.8943     5.8469     50.986         17 0.0000e+00
     51.000   0.627507     3.8415 6.0088e-02      0.314     5.5111  1004.9294     5.8831     52.005         12 0.0000e+00
     52.000   0.629107     3.7897 6.0015e-02      0.216     5.3320  1004.9554     5.9085     53.025         18 0.0000e+00
     53.000   0.630212     3.7754 5.9825e-02      0.250     5.3674  1004.9714     5.9221     54.045         16 0.0000e+00
     54.000   0.631899     3.7279 5.9732e-02      0.232     5.4052  1004.9975     5.9476     55.065         15 0.0000e+00
     55.000   0.633171     3.7045 5.9602e-02      0.313     5.1997  1005.0163     5.9646     56.084         14 0.0000e+00
     56.000   0.633523     3.6965 5.9522e-02      0.258     5.1476  1005.0252     5.9695     57.104         17 0.0000e+00
     57.000   0.634224     3.6909 5.9351e-02      0.166     4.8993  1005.0366     5.9775     58.124         23 0.0000e+00
     58.000   0.634582     3.6689 5.9165e-02      0.214     5.1118  1005.0479     5.9850     59.143         17 0.0000e+00
     59.000   0.635714     3.6331 5.9054e-02      0.336     5.1791  1005.0676     6.0030     60.163         12 0.0000e+00
     60.000   0.637116     3.6010 5.9012e-02      0.268     4.9448  1005.0890     6.0230     61.183         16 0.0000e+00
     61.000   0.637917     3.5837 5.8812e-02      0.212     4.9253  1005.1031     6.0342     62.203         18 0.0000e+00
     62.000   0.638068     3.5777 5.8716e-02      0.267     5.0245  1005.1101     6.0367     63.222         15 0.0000e+00
     63.000   0.638270     3.5758 5.8629e-02      0.266     4.9161  1005.1169     6.0390     64.242         16 0.0000e+00
     64.000   0.638767     3.5639 5.8471e-02      0.262     5.0108  1005.1277     6.0462     65.262         14 0.0000e+00
     65.000   0.639088     3.5582 5.8357e-02      0.307     5.0194  1005.1360     6.0504     66.281         13 0.0000e+00
     66.000   0.639340     3.5511 5.8268e-02      0.288     5.0283  1005.1440     6.0541     67.301         13 0.0000e+00
     67.000   0.639698     3.5436 5.8157e-02      0.307     5.0441  1005.1529     6.0591     68.321         14 0.0000e+00
     68.000   0.639814     3.5391 5.8059e-02      0.292     4.9970  1005.1594     6.0610     69.341         14 0.0000e+00
     69.000   0.640043     3.5321 5.7982e-02      0.266     5.0033  1005.1672     6.0645     70.360         14 0.0000e+00
     70.000   0.640486     3.5297 5.7892e-02      0.308     5.0471  1005.1760     6.0693     71.380         13 0.0000e+00
     71.000   0.640689     3.5258 5.7740e-02      0.287     4.9526  1005.1831     6.0720     72.400         14 0.0000e+00
     72.000   0.640827     3.5246 5.7628e-02      0.312     5.0611  1005.1892     6.0735     73.420         13 0.0000e+00
     73.000   0.641048     3.5165 5.7506e-02      0.298     4.9566  1005.1972     6.0772     74.439         14 0.0000e+00
     74.000   0.641982     3.4972 5.7369e-02      0.221     4.9970  1005.2127     6.0902     75.459         17 0.0000e+00
     75.000   0.643624     3.4775 5.7255e-02      0.272     4.9017  1005.2340     6.1104     76.479         15 0.0000e+00
     76.000   0.643889     3.4740 5.7195e-02      0.297     4.9917  1005.2416     6.1137     77.498         13 0.0000e+00
     77.000   0.644310     3.4633 5.7101e-02      0.334     4.8821  1005.2516     6.1199     78.518         12 0.0000e+00
     78.000   0.644987     3.4563 5.7026e-02      0.318     4.8571  1005.2630     6.1280     79.538         13 0.0000e+00
     79.000   0.645284     3.4586 5.6729e-02      0.276     4.7571  1005.2699     6.1304     80.557         17 0.0000e+00
     80.000   0.644663     3.4864 5.5735e-02      0.028     5.0956  1005.2650     6.1188     81.577          8 0.0000e+00
