ctdpy/exports/archive_20200326_115716/received_data/ga1_v46_19.cnv
* Sea-Bird SBE19plus Data File:
* FileName = C:\CTD\CTD 2019\k25\Ga1_v46_19_v2.hex
* Software Version 1.59
* Temperature SN =  4644
* Conductivity SN =  4644
* System UpLoad Time = Nov 11 2019 21:07:59
** Ga1_v46_19
* ds
# nquan = 11
# nvalues = 82                          
# units = specified
# name 0 = prdM: Pressure, Strain Gauge [db]
# name 1 = c0S/m: Conductivity [S/m]
# name 2 = tv290C: Temperature [ITS-90, deg C]
# name 3 = par: PAR/Irradiance, Biospherical/Licor
# name 4 = dz/dtM: Descent Rate [m/s]
# name 5 = sbeox0ML/L: Oxygen, SBE 43 [ml/l]
# name 6 = density00: Density [density, kg/m^3]
# name 7 = sal00: Salinity, Practical [PSU]
# name 8 = depFM: Depth [fresh water, m], lat = 58
# name 9 = nbin: number of scans per bin
# name 10 = flag: flag
# span 0 =      1.000,     82.000       
# span 1 =   0.580183,   0.638205       
# span 2 =     3.4933,     6.6965       
# span 3 = 6.3456e-02, 2.4998e+00       
# span 4 =      0.118,      0.639       
# span 5 =     4.5019,     7.7316       
# span 6 =  1004.0081,  1005.2213       
# span 7 =     5.1129,     6.0516       
# span 8 =      1.020,     83.617       
# span 9 =          6,         12       
# span 10 = 0.0000e+00, 0.0000e+00      
# interval = decibars: 1                
# start_time = Nov 11 2019 21:44:54 [Instrument's time stamp, header]
# bad_flag = -9.990e-29
*END*
      1.000   0.583211     5.9246 2.4998e+00      0.118     7.6996  1004.0081     5.1137      1.020         12 0.0000e+00
      2.000   0.583309     5.9221 8.8438e-01      0.343     7.6925  1004.0140     5.1149      2.039         11 0.0000e+00
      3.000   0.583358     5.9207 5.7880e-01      0.419     7.6984  1004.0194     5.1155      3.059          9 0.0000e+00
      4.000   0.583197     5.9153 2.9216e-01      0.467     7.7005  1004.0238     5.1147      4.079          9 0.0000e+00
      5.000   0.583128     5.9130 2.0894e-01      0.477     7.7010  1004.0285     5.1143      5.099          8 0.0000e+00
      6.000   0.583193     5.9145 1.2893e-01      0.485     7.6991  1004.0335     5.1146      6.118          8 0.0000e+00
      7.000   0.583198     5.9142 9.4222e-02      0.509     7.6986  1004.0384     5.1146      7.138          8 0.0000e+00
      8.000   0.583203     5.9140 8.4026e-02      0.542     7.7006  1004.0432     5.1146      8.158          7 0.0000e+00
      9.000   0.583280     5.9161 7.6514e-02      0.561     7.7034  1004.0482     5.1149      9.177          7 0.0000e+00
     10.000   0.583269     5.9155 7.1919e-02      0.559     7.6990  1004.0530     5.1148     10.197          7 0.0000e+00
     11.000   0.583273     5.9154 6.9772e-02      0.556     7.6994  1004.0578     5.1148     11.217          7 0.0000e+00
     12.000   0.583228     5.9136 6.8003e-02      0.570     7.7062  1004.0625     5.1145     12.237          7 0.0000e+00
     13.000   0.583240     5.9138 6.7116e-02      0.598     7.7075  1004.0674     5.1145     13.256          7 0.0000e+00
     14.000   0.583248     5.9138 6.6456e-02      0.616     7.6945  1004.0722     5.1145     14.276          6 0.0000e+00
     15.000   0.583407     5.9182 6.6140e-02      0.617     7.6945  1004.0774     5.1152     15.296          7 0.0000e+00
     16.000   0.583385     5.9173 6.5769e-02      0.610     7.6990  1004.0822     5.1151     16.316          6 0.0000e+00
     17.000   0.583400     5.9175 6.5633e-02      0.606     7.6959  1004.0871     5.1151     17.335          7 0.0000e+00
     18.000   0.583478     5.9198 6.5441e-02      0.620     7.6980  1004.0920     5.1154     18.355          6 0.0000e+00
     19.000   0.583513     5.9210 6.5457e-02      0.627     7.6980  1004.0968     5.1155     19.375          7 0.0000e+00
     20.000   0.583546     5.9222 6.5292e-02      0.624     7.6947  1004.1016     5.1155     20.394          6 0.0000e+00
     21.000   0.583561     5.9222 6.5358e-02      0.632     7.6955  1004.1066     5.1156     21.414          6 0.0000e+00
     22.000   0.583506     5.9195 6.5220e-02      0.629     7.6928  1004.1114     5.1154     22.434          7 0.0000e+00
     23.000   0.583507     5.9192 6.5323e-02      0.621     7.6921  1004.1162     5.1153     23.454          6 0.0000e+00
     24.000   0.583506     5.9191 6.5266e-02      0.629     7.6884  1004.1210     5.1152     24.473          7 0.0000e+00
     25.000   0.583548     5.9208 6.5263e-02      0.630     7.6917  1004.1258     5.1153     25.493          6 0.0000e+00
     26.000   0.583536     5.9203 6.5079e-02      0.623     7.6963  1004.1306     5.1152     26.513          6 0.0000e+00
     27.000   0.583504     5.9188 6.5182e-02      0.622     7.6977  1004.1353     5.1150     27.532          7 0.0000e+00
     28.000   0.583528     5.9193 6.5062e-02      0.613     7.6934  1004.1402     5.1151     28.552          6 0.0000e+00
     29.000   0.583534     5.9193 6.5125e-02      0.608     7.6942  1004.1450     5.1150     29.572          7 0.0000e+00
     30.000   0.583524     5.9189 6.5026e-02      0.616     7.6954  1004.1498     5.1149     30.592          6 0.0000e+00
     31.000   0.583527     5.9188 6.4982e-02      0.636     7.6952  1004.1546     5.1149     31.611          7 0.0000e+00
     32.000   0.583537     5.9188 6.5019e-02      0.639     7.6861  1004.1595     5.1149     32.631          6 0.0000e+00
     33.000   0.583540     5.9185 6.5048e-02      0.632     7.6905  1004.1643     5.1148     33.651          6 0.0000e+00
     34.000   0.583586     5.9194 6.4893e-02      0.618     7.6900  1004.1693     5.1151     34.670          7 0.0000e+00
     35.000   0.583640     5.9206 6.4845e-02      0.614     7.6928  1004.1743     5.1153     35.690          6 0.0000e+00
     36.000   0.583679     5.9213 6.4929e-02      0.623     7.6905  1004.1792     5.1155     36.710          7 0.0000e+00
     37.000   0.583684     5.9211 6.4879e-02      0.639     7.6849  1004.1840     5.1154     37.730          6 0.0000e+00
     38.000   0.583766     5.9228 6.4859e-02      0.626     7.6846  1004.1891     5.1159     38.749          6 0.0000e+00
     39.000   0.584231     5.9393 6.4858e-02      0.616     7.6605  1004.1946     5.1177     39.769          7 0.0000e+00
     40.000   0.584765     5.9567 6.4754e-02      0.624     7.6712  1004.2004     5.1199     40.788          6 0.0000e+00
     41.000   0.583713     5.9116 6.4769e-02      0.634     7.7083  1004.2049     5.1168     41.809          6 0.0000e+00
     42.000   0.582209     5.8437 6.4839e-02      0.635     7.7054  1004.2098     5.1129     42.828          7 0.0000e+00
     43.000   0.581395     5.7851 6.4805e-02      0.619     7.7316  1004.2182     5.1140     43.848          6 0.0000e+00
     44.000   0.580183     5.7108 6.4686e-02      0.597     7.7277  1004.2262     5.1138     44.868          7 0.0000e+00
     45.000   0.580967     5.7275 6.4658e-02      0.600     7.6768  1004.2340     5.1185     45.887          7 0.0000e+00
     46.000   0.582679     5.7844 6.4626e-02      0.616     7.6371  1004.2422     5.1259     46.907          6 0.0000e+00
     47.000   0.584704     5.8531 6.4591e-02      0.621     7.5536  1004.2506     5.1344     47.927          7 0.0000e+00
     48.000   0.589000     5.9972 6.4618e-02      0.622     7.4902  1004.2631     5.1528     48.946          6 0.0000e+00
     49.000   0.592680     6.1281 6.4568e-02      0.609     7.4385  1004.2728     5.1671     49.966          7 0.0000e+00
     50.000   0.595555     6.2343 6.4431e-02      0.602     7.4188  1004.2805     5.1777     50.986          6 0.0000e+00
     51.000   0.597552     6.3034 6.4457e-02      0.599     7.3647  1004.2880     5.1857     52.006          7 0.0000e+00
     52.000   0.599497     6.3475 6.4436e-02      0.614     7.3130  1004.2993     5.1969     53.025          7 0.0000e+00
     53.000   0.600227     6.3532 6.4449e-02      0.615     7.2533  1004.3085     5.2027     54.045          6 0.0000e+00
     54.000   0.601644     6.3853 6.4478e-02      0.611     7.2201  1004.3180     5.2109     55.064          7 0.0000e+00
     55.000   0.603285     6.4317 6.4310e-02      0.607     6.9939  1004.3266     5.2189     56.084          6 0.0000e+00
     56.000   0.612597     6.6529 6.4369e-02      0.600     6.7037  1004.3598     5.2709     57.104          7 0.0000e+00
     57.000   0.619247     6.6965 6.4419e-02      0.604     6.6058  1004.4049     5.3253     58.124          6 0.0000e+00
     58.000   0.620850     6.5782 6.4436e-02      0.610     6.5618  1004.4428     5.3584     59.144          7 0.0000e+00
     59.000   0.621367     6.4436 6.4334e-02      0.609     6.4040  1004.4755     5.3843     60.164          7 0.0000e+00
     60.000   0.622490     6.1520 6.4320e-02      0.599     6.0997  1004.5407     5.4410     61.183          6 0.0000e+00
     61.000   0.623199     5.6599 6.4195e-02      0.592     5.8108  1004.6375     5.5273     62.203          7 0.0000e+00
     62.000   0.623554     5.2050 6.4286e-02      0.604     5.7476  1004.7237     5.6060     63.222          7 0.0000e+00
     63.000   0.622809     4.8319 6.4249e-02      0.614     5.8035  1004.7862     5.6618     64.242          6 0.0000e+00
     64.000   0.621578     4.4470 6.4237e-02      0.619     5.7807  1004.8457     5.7158     65.262          7 0.0000e+00
     65.000   0.621855     4.2509 6.4018e-02      0.614     5.7108  1004.8850     5.7525     66.281          6 0.0000e+00
     66.000   0.622233     4.0662 6.4281e-02      0.600     5.6562  1004.9230     5.7886     67.301          7 0.0000e+00
     67.000   0.623093     3.8705 6.4115e-02      0.594     5.6045  1004.9664     5.8319     68.321          7 0.0000e+00
     68.000   0.624744     3.7282 6.4093e-02      0.588     5.5580  1005.0074     5.8740     69.341          7 0.0000e+00
     69.000   0.626489     3.6396 6.4078e-02      0.582     5.4827  1005.0405     5.9075     70.360          6 0.0000e+00
     70.000   0.627641     3.6127 6.4000e-02      0.577     5.4178  1005.0589     5.9239     71.380          7 0.0000e+00
     71.000   0.628977     3.5911 6.3803e-02      0.576     5.3971  1005.0780     5.9412     72.400          7 0.0000e+00
     72.000   0.630712     3.5579 6.4075e-02      0.567     5.4052  1005.1021     5.9647     73.420          7 0.0000e+00
     73.000   0.632058     3.5355 6.3949e-02      0.578     5.3568  1005.1214     5.9824     74.439          7 0.0000e+00
     74.000   0.633125     3.5268 6.3758e-02      0.591     5.2783  1005.1363     5.9947     75.459          7 0.0000e+00
     75.000   0.634341     3.5196 6.3801e-02      0.601     5.1787  1005.1521     6.0083     76.479          7 0.0000e+00
     76.000   0.635437     3.5142 6.3750e-02      0.594     5.0719  1005.1666     6.0203     77.498          6 0.0000e+00
     77.000   0.636438     3.5081 6.3957e-02      0.587     4.9710  1005.1805     6.0315     78.518          7 0.0000e+00
     78.000   0.637059     3.5046 6.3557e-02      0.582     4.9387  1005.1909     6.0383     79.538          7 0.0000e+00
     79.000   0.637496     3.5029 6.3755e-02      0.493     4.9062  1005.1995     6.0429     80.557         11 0.0000e+00
     80.000   0.637818     3.4985 6.3607e-02      0.336     4.8115  1005.2077     6.0469     81.577         11 0.0000e+00
     81.000   0.638038     3.4954 6.3685e-02      0.361     4.7263  1005.2148     6.0496     82.597         11 0.0000e+00
     82.000   0.638205     3.4933 6.3456e-02      0.279     4.5019  1005.2213     6.0516     83.617         12 0.0000e+00
