ctdpy/exports/archive_20200326_115716/received_data/ga1_v07_19.cnv
* Sea-Bird SBE19plus Data File:
* FileName = C:\CTD\CTD 2019\K05\Ga1_K05v7_2019.hex
* Software Version 1.59
* Temperature SN =  7668
* Conductivity SN =  7668
* System UpLoad Time = Feb 12 2019 12:59:29
** Ga1_K05v7_2019
* ds
# nquan = 10
# nvalues = 84                          
# units = specified
# name 0 = prdM: Pressure, Strain Gauge [db]
# name 1 = c0S/m: Conductivity [S/m]
# name 2 = tv290C: Temperature [ITS-90, deg C]
# name 3 = par: PAR/Irradiance, Biospherical/Licor
# name 4 = dz/dtM: Descent Rate [m/s]
# name 5 = density00: Density [density, kg/m^3]
# name 6 = sal00: Salinity, Practical [PSU]
# name 7 = depFM: Depth [fresh water, m], lat = 0
# name 8 = nbin: number of scans per bin
# name 9 = flag: flag
# span 0 =      1.000,     84.000       
# span 1 =   0.468057,   0.640440       
# span 2 =    -0.2181,     4.0097       
# span 3 = -1.382e-07, 2.3557e+02       
# span 4 =      0.054,      1.312       
# span 5 =  1003.8241,  1005.1479       
# span 6 =     4.8967,     5.9813       
# span 7 =      1.020,     85.656       
# span 8 =          3,         15       
# span 9 = 0.0000e+00, 0.0000e+00       
# interval = decibars: 1                
# start_time = Feb 12 2019 13:29:37 [Instrument's time stamp, header]
# bad_flag = -9.990e-29
*END*
      1.000   0.468057    -0.2031 2.3557e+02      0.273  1003.8241     4.8967      1.020         11 0.0000e+00
      2.000   0.468390    -0.2026 1.7503e+02      0.505  1003.8321     4.9002      2.040          6 0.0000e+00
      3.000   0.468317    -0.2032 1.1637e+02      0.653  1003.8364     4.8994      3.059          6 0.0000e+00
      4.000   0.468594    -0.2026 7.3008e+01      0.760  1003.8439     4.9022      4.079          4 0.0000e+00
      5.000   0.469288    -0.2016 4.8994e+01      0.897  1003.8550     4.9097      5.098          5 0.0000e+00
      6.000   0.470929    -0.2018 3.4172e+01      0.906  1003.8748     4.9280      6.118          4 0.0000e+00
      7.000   0.472914    -0.2032 2.2837e+01      0.972  1003.8979     4.9503      7.138          4 0.0000e+00
      8.000   0.473702    -0.2057 1.5803e+01      1.032  1003.9102     4.9594      8.158          4 0.0000e+00
      9.000   0.474175    -0.2141 1.0877e+01      1.004  1003.9201     4.9659      9.178          4 0.0000e+00
     10.000   0.474327    -0.2181 7.8395e+00      0.974  1003.9268     4.9682     10.197          4 0.0000e+00
     11.000   0.474423    -0.2127 5.9843e+00      0.943  1003.9322     4.9683     11.217          5 0.0000e+00
     12.000   0.474703    -0.2039 4.4343e+00      0.894  1003.9389     4.9698     12.237          4 0.0000e+00
     13.000   0.475126    -0.2050 3.2936e+00      0.872  1003.9478     4.9746     13.256          4 0.0000e+00
     14.000   0.475574    -0.2006 2.3871e+00      0.987  1003.9565     4.9788     14.276          5 0.0000e+00
     15.000   0.477030    -0.1895 1.6594e+00      0.825  1003.9737     4.9932     15.296          9 0.0000e+00
     16.000   0.476695    -0.1898 1.4301e+00      0.054  1003.9757     4.9893     16.315         13 0.0000e+00
     17.000   0.477221    -0.1884 1.1452e+00      0.359  1003.9853     4.9949     17.335          5 0.0000e+00
     18.000   0.478223    -0.1833 7.8654e-01      0.997  1003.9989     5.0052     18.355          3 0.0000e+00
     19.000   0.479266    -0.1774 5.7608e-01      1.251  1004.0128     5.0157     19.375          4 0.0000e+00
     20.000   0.480102    -0.1733 4.1101e-01      1.258  1004.0249     5.0243     20.395          3 0.0000e+00
     21.000   0.481313    -0.1684 2.8864e-01      1.242  1004.0405     5.0369     21.414          3 0.0000e+00
     22.000   0.482250    -0.1662 2.0344e-01      1.216  1004.0537     5.0469     22.434          4 0.0000e+00
     23.000   0.483296    -0.1703 1.4433e-01      1.172  1004.0685     5.0591     23.453          3 0.0000e+00
     24.000   0.485054    -0.1751 9.0628e-02      1.130  1004.0898     5.0794     24.473          4 0.0000e+00
     25.000   0.486947    -0.1446 5.5708e-02      1.089  1004.1093     5.0954     25.493          4 0.0000e+00
     26.000   0.488389    -0.1108 2.0231e-02      1.048  1004.1243     5.1057     26.513          4 0.0000e+00
     27.000   0.489564    -0.0817 1.3894e-03      1.044  1004.1373     5.1138     27.532          4 0.0000e+00
     28.000   0.490386    -0.0614 8.0137e-06      1.065  1004.1479     5.1194     28.552          4 0.0000e+00
     29.000   0.491093    -0.0446 1.0000e-12      0.893  1004.1577     5.1243     29.572          5 0.0000e+00
     30.000   0.492168    -0.0204 1.0000e-12      0.741  1004.1702     5.1321     30.591          5 0.0000e+00
     31.000   0.493285     0.0049 1.0000e-12      0.731  1004.1830     5.1401     31.611          6 0.0000e+00
     32.000   0.494648     0.0383 1.0000e-12      0.753  1004.1971     5.1495     32.631          5 0.0000e+00
     33.000   0.495545     0.0615 1.0000e-12      0.701  1004.2080     5.1554     33.651          6 0.0000e+00
     34.000   0.496448     0.0860 1.0000e-12      0.644  1004.2188     5.1612     34.670          7 0.0000e+00
     35.000   0.500017     0.1815 1.0000e-12      0.622  1004.2469     5.1844     35.690          6 0.0000e+00
     36.000   0.502155     0.2450 1.0000e-12      0.622  1004.2650     5.1971     36.710          6 0.0000e+00
     37.000   0.502853     0.2630 1.0000e-12      0.643  1004.2744     5.2017     37.729          7 0.0000e+00
     38.000   0.503412     0.2881 2.1983e-06      0.643  1004.2819     5.2035     38.749          6 0.0000e+00
     39.000   0.503909     0.3130 -5.000e-09      0.689  1004.2889     5.2046     39.769          5 0.0000e+00
     40.000   0.504481     0.3404 1.0000e-12      0.690  1004.2962     5.2061     40.789          6 0.0000e+00
     41.000   0.505568     0.3893 1.0000e-12      0.662  1004.3061     5.2096     41.808          7 0.0000e+00
     42.000   0.506386     0.4300 1.0000e-12      0.644  1004.3143     5.2116     42.828          6 0.0000e+00
     43.000   0.506826     0.4533 1.0000e-12      0.651  1004.3208     5.2124     43.848          6 0.0000e+00
     44.000   0.507560     0.4865 1.0000e-12      0.631  1004.3289     5.2146     44.867          7 0.0000e+00
     45.000   0.508499     0.5281 4.7896e-06      0.594  1004.3380     5.2178     45.887          6 0.0000e+00
     46.000   0.510056     0.5929 -1.382e-07      0.571  1004.3502     5.2237     46.907          6 0.0000e+00
     47.000   0.513352     0.7205 1.0000e-12      0.635  1004.3710     5.2378     47.927          4 0.0000e+00
     48.000   0.516638     0.8478 1.0000e-12      0.892  1004.3915     5.2518     48.946          4 0.0000e+00
     49.000   0.518782     0.9332 1.0000e-12      1.184  1004.4060     5.2604     49.966          3 0.0000e+00
     50.000   0.520578     0.9990 1.0000e-12      1.248  1004.4195     5.2686     50.986          4 0.0000e+00
     51.000   0.522720     1.0718 1.0000e-12      1.211  1004.4351     5.2792     52.006          3 0.0000e+00
     52.000   0.525006     1.1432 1.0000e-12      1.168  1004.4520     5.2915     53.025          4 0.0000e+00
     53.000   0.526340     1.1934 1.0000e-12      1.134  1004.4628     5.2973     54.045          3 0.0000e+00
     54.000   0.528796     1.2809 1.0000e-12      1.137  1004.4790     5.3086     55.065          4 0.0000e+00
     55.000   0.532005     1.3916 1.0000e-12      1.177  1004.4990     5.3239     56.084          3 0.0000e+00
     56.000   0.533822     1.4545 1.0000e-12      1.218  1004.5121     5.3325     57.104          3 0.0000e+00
     57.000   0.534699     1.4812 1.0000e-12      1.237  1004.5214     5.3372     58.124          3 0.0000e+00
     58.000   0.535307     1.5005 1.0000e-12      1.273  1004.5293     5.3403     59.143          3 0.0000e+00
     59.000   0.536047     1.5263 1.0000e-12      1.312  1004.5375     5.3437     60.163          3 0.0000e+00
     60.000   0.536436     1.5397 1.0000e-12      1.311  1004.5441     5.3454     61.183          4 0.0000e+00
     61.000   0.536235     1.5219 1.0000e-12      1.290  1004.5494     5.3462     62.202          3 0.0000e+00
     62.000   0.535859     1.4906 1.0000e-12      1.243  1004.5547     5.3474     63.222          3 0.0000e+00
     63.000   0.536397     1.5032 1.0000e-12      1.202  1004.5628     5.3509     64.242          4 0.0000e+00
     64.000   0.537776     1.5670 1.0000e-12      1.176  1004.5719     5.3546     65.262          3 0.0000e+00
     65.000   0.538778     1.6219 1.0000e-12      1.133  1004.5788     5.3557     66.281          4 0.0000e+00
     66.000   0.539126     1.6412 1.0000e-12      1.074  1004.5843     5.3560     67.301          4 0.0000e+00
     67.000   0.539979     1.6636 1.0000e-12      1.062  1004.5938     5.3612     68.321          3 0.0000e+00
     68.000   0.542690     1.7110 1.0000e-12      1.068  1004.6160     5.3816     69.341          4 0.0000e+00
     69.000   0.545035     1.7626 1.0000e-12      1.044  1004.6345     5.3975     70.361          5 0.0000e+00
     70.000   0.546443     1.8094 1.0000e-12      0.916  1004.6456     5.4043     71.380          6 0.0000e+00
     71.000   0.551172     1.9676 1.0000e-12      0.437  1004.6705     5.4268     72.400         10 0.0000e+00
     72.000   0.559882     2.2294 1.0000e-12      0.301  1004.7149     5.4729     73.420         15 0.0000e+00
     73.000   0.593077     2.9509 1.0000e-12      0.168  1004.8909     5.6884     74.439         12 0.0000e+00
     74.000   0.640256     3.9945 1.0000e-12      0.535  1005.1175     5.9813     75.459          8 0.0000e+00
     75.000   0.640440     4.0097 1.0000e-12      0.503  1005.1200     5.9795     76.479          9 0.0000e+00
     76.000   0.640111     4.0086 1.0000e-12      0.451  1005.1224     5.9763     77.498          9 0.0000e+00
     77.000   0.639685     4.0054 1.0000e-12      0.406  1005.1243     5.9726     78.518         10 0.0000e+00
     78.000   0.639329     4.0014 1.0000e-12      0.428  1005.1270     5.9696     79.538          8 0.0000e+00
     79.000   0.639030     3.9965 1.0000e-12      0.487  1005.1302     5.9674     80.558          9 0.0000e+00
     80.000   0.638905     3.9943 1.0000e-12      0.492  1005.1344     5.9665     81.577          7 0.0000e+00
     81.000   0.638743     3.9872 1.0000e-12      0.541  1005.1391     5.9660     82.597          8 0.0000e+00
     82.000   0.638475     3.9767 1.0000e-12      0.578  1005.1435     5.9652     83.617          7 0.0000e+00
     83.000   0.638196     3.9664 1.0000e-12      0.558  1005.1478     5.9641     84.636          7 0.0000e+00
     84.000   0.637020     3.9383 1.0000e-12      0.445  1005.1479     5.9574     85.656         12 0.0000e+00
