ctdpy/exports/archive_20200326_115716/received_data/ga1_v32_19.cnv
* Sea-Bird SBE19plus Data File:
* FileName = C:\CTD\CTD 2019\v32\Ga1_v32_19.hex
* Software Version 1.59
* Temperature SN =  4644
* Conductivity SN =  4644
* System UpLoad Time = Aug 06 2019 19:34:13
** Ga1_v32_19
* ds
# nquan = 11
# nvalues = 82                          
# units = specified
# name 0 = prdM: Pressure, Strain Gauge [db]
# name 1 = c0S/m: Conductivity [S/m]
# name 2 = tv290C: Temperature [ITS-90, deg C]
# name 3 = par: PAR/Irradiance, Biospherical/Licor
# name 4 = dz/dtM: Descent Rate [m/s]
# name 5 = sbeox0ML/L: Oxygen, SBE 43 [ml/l]
# name 6 = density00: Density [density, kg/m^3]
# name 7 = sal00: Salinity, Practical [PSU]
# name 8 = depFM: Depth [fresh water, m], lat = 58
# name 9 = nbin: number of scans per bin
# name 10 = flag: flag
# span 0 =      1.000,     82.000       
# span 1 =   0.575631,   0.723483       
# span 2 =     2.9967,    16.2955       
# span 3 = 8.6196e-02, 2.3276e+02       
# span 4 =      0.137,      0.627       
# span 5 =     5.4868,     7.2099       
# span 6 =  1002.6334,  1005.1654       
# span 7 =     4.8646,     5.9765       
# span 8 =      1.020,     83.617       
# span 9 =          6,         14       
# span 10 = 0.0000e+00, 0.0000e+00      
# interval = decibars: 1                
# start_time = Aug 06 2019 18:56:56 [Instrument's time stamp, header]
# bad_flag = -9.990e-29
*END*
      1.000   0.723483    16.2955 2.3276e+02      0.137     7.2099  1002.6334     4.8646      1.020         12 0.0000e+00
      2.000   0.721735    16.1739 1.3318e+02      0.386     7.0647  1002.6609     4.8666      2.039         10 0.0000e+00
      3.000   0.717568    15.8401 7.8541e+01      0.475     6.8841  1002.7308     4.8768      3.059          8 0.0000e+00
      4.000   0.710773    15.2935 4.6589e+01      0.520     6.8193  1002.8404     4.8940      4.079          7 0.0000e+00
      5.000   0.706802    14.9468 2.8939e+01      0.533     6.7552  1002.9119     4.9075      5.098          8 0.0000e+00
      6.000   0.704543    14.7087 1.8406e+01      0.556     6.7142  1002.9644     4.9202      6.118          7 0.0000e+00
      7.000   0.703629    14.5797 1.2234e+01      0.574     6.6779  1002.9965     4.9295      7.138          7 0.0000e+00
      8.000   0.701591    14.3801 8.2763e+00      0.578     6.7014  1003.0397     4.9393      8.158          7 0.0000e+00
      9.000   0.697023    14.1597 5.5897e+00      0.578     6.6971  1003.0730     4.9325      9.177          6 0.0000e+00
     10.000   0.700796    14.1287 3.8628e+00      0.590     6.7273  1003.1074     4.9650     10.197          7 0.0000e+00
     11.000   0.702946    14.0338 2.7033e+00      0.603     6.7191  1003.1482     4.9935     11.217          7 0.0000e+00
     12.000   0.701333    13.8609 1.9583e+00      0.615     6.7328  1003.1864     5.0034     12.237          6 0.0000e+00
     13.000   0.701391    13.7357 1.4782e+00      0.615     6.6777  1003.2224     5.0200     13.257          7 0.0000e+00
     14.000   0.697473    13.4979 1.1310e+00      0.613     6.5960  1003.2623     5.0207     14.276          6 0.0000e+00
     15.000   0.684881    13.0299 8.8816e-01      0.619     6.5657  1003.3049     4.9839     15.295          7 0.0000e+00
     16.000   0.675133    12.6266 6.9694e-01      0.626     6.5115  1003.3464     4.9601     16.316          6 0.0000e+00
     17.000   0.666752    12.1045 5.4568e-01      0.627     6.5615  1003.4210     4.9622     17.335          6 0.0000e+00
     18.000   0.652201    11.0467 4.3565e-01      0.610     6.6261  1003.5720     4.9855     18.355          7 0.0000e+00
     19.000   0.636876    10.0323 3.5423e-01      0.581     6.6445  1003.6954     4.9964     19.375          7 0.0000e+00
     20.000   0.621930     8.8906 2.9128e-01      0.584     6.8583  1003.8322     5.0280     20.394          7 0.0000e+00
     21.000   0.608403     7.6277 2.4162e-01      0.595     6.8520  1003.9853     5.0900     21.414          7 0.0000e+00
     22.000   0.595413     6.4931 2.0448e-01      0.598     6.8779  1004.1007     5.1397     22.434          6 0.0000e+00
     23.000   0.581810     5.2993 1.7903e-01      0.575     6.9239  1004.2040     5.1943     23.453          8 0.0000e+00
     24.000   0.577904     4.5999 1.5891e-01      0.545     6.9005  1004.2894     5.2665     24.473          7 0.0000e+00
     25.000   0.575631     4.0328 1.4275e-01      0.582     6.8912  1004.3626     5.3354     25.493          6 0.0000e+00
     26.000   0.577980     3.7055 1.3010e-01      0.618     6.8921  1004.4346     5.4126     26.513          7 0.0000e+00
     27.000   0.582306     3.5635 1.2147e-01      0.571     6.8284  1004.4949     5.4797     27.532          7 0.0000e+00
     28.000   0.585499     3.4781 1.1448e-01      0.569     6.7207  1004.5379     5.5263     28.552          7 0.0000e+00
     29.000   0.586174     3.2702 1.0894e-01      0.568     6.6149  1004.5788     5.5688     29.572          7 0.0000e+00
     30.000   0.588241     3.1754 1.0474e-01      0.587     6.5566  1004.6142     5.6061     30.592          7 0.0000e+00
     31.000   0.590353     3.1510 1.0128e-01      0.586     6.4970  1004.6399     5.6318     31.611          7 0.0000e+00
     32.000   0.592622     3.1149 9.8345e-02      0.582     6.4053  1004.6685     5.6612     32.631          7 0.0000e+00
     33.000   0.595598     3.0818 9.6118e-02      0.582     6.3076  1004.7025     5.6974     33.651          6 0.0000e+00
     34.000   0.598543     3.0528 9.4424e-02      0.581     6.2091  1004.7357     5.7326     34.670          7 0.0000e+00
     35.000   0.600863     3.0357 9.2976e-02      0.598     6.1431  1004.7621     5.7593     35.690          7 0.0000e+00
     36.000   0.602651     3.0242 9.1827e-02      0.602     6.1034  1004.7833     5.7797     36.710          7 0.0000e+00
     37.000   0.604475     3.0177 9.0846e-02      0.590     6.0732  1004.8040     5.7995     37.730          9 0.0000e+00
     38.000   0.606365     3.0289 9.0304e-02      0.150     6.0162  1004.8227     5.8167     38.749         13 0.0000e+00
     39.000   0.607916     2.9967 8.9640e-02      0.454     6.0045  1004.8451     5.8384     39.769          9 0.0000e+00
     40.000   0.608645     2.9985 8.9240e-02      0.536     5.9205  1004.8556     5.8454     40.789          7 0.0000e+00
     41.000   0.609918     3.0094 8.8938e-02      0.540     5.8518  1004.8693     5.8564     41.808          8 0.0000e+00
     42.000   0.610331     3.0082 8.8658e-02      0.517     5.8351  1004.8777     5.8608     42.828          8 0.0000e+00
     43.000   0.610859     3.0072 8.8395e-02      0.507     5.8259  1004.8870     5.8663     43.848          7 0.0000e+00
     44.000   0.611172     3.0085 8.8245e-02      0.534     5.8279  1004.8942     5.8691     44.867          8 0.0000e+00
     45.000   0.611319     3.0081 8.8144e-02      0.548     5.8228  1004.9003     5.8706     45.887          7 0.0000e+00
     46.000   0.611516     3.0094 8.8218e-02      0.544     5.7930  1004.9066     5.8723     46.907          7 0.0000e+00
     47.000   0.612012     3.0128 8.7906e-02      0.556     5.7592  1004.9149     5.8767     47.927          7 0.0000e+00
     48.000   0.612597     3.0179 8.8020e-02      0.589     5.7295  1004.9238     5.8817     48.947          7 0.0000e+00
     49.000   0.613246     3.0230 8.8032e-02      0.597     5.6777  1004.9332     5.8873     49.966          7 0.0000e+00
     50.000   0.614278     3.0317 8.7960e-02      0.603     5.6197  1004.9452     5.8962     50.986          6 0.0000e+00
     51.000   0.615356     3.0420 8.7881e-02      0.598     5.6089  1004.9572     5.9052     52.006          7 0.0000e+00
     52.000   0.616069     3.0515 8.7807e-02      0.589     5.6211  1004.9664     5.9107     53.025          7 0.0000e+00
     53.000   0.616680     3.0584 8.7657e-02      0.587     5.6435  1004.9752     5.9156     54.045          7 0.0000e+00
     54.000   0.616999     3.0609 8.7557e-02      0.596     5.6411  1004.9823     5.9183     55.065          6 0.0000e+00
     55.000   0.617721     3.0686 8.7712e-02      0.607     5.6367  1004.9918     5.9242     56.084          7 0.0000e+00
     56.000   0.618663     3.0806 8.7660e-02      0.617     5.6311  1005.0026     5.9315     57.104          6 0.0000e+00
     57.000   0.619646     3.0944 8.7674e-02      0.622     5.6154  1005.0133     5.9390     58.124          7 0.0000e+00
     58.000   0.620539     3.1062 8.7440e-02      0.616     5.6097  1005.0236     5.9458     59.144          6 0.0000e+00
     59.000   0.620896     3.1114 8.7812e-02      0.609     5.6031  1005.0306     5.9485     60.164          7 0.0000e+00
     60.000   0.621142     3.1150 8.7612e-02      0.612     5.5985  1005.0368     5.9502     61.183          6 0.0000e+00
     61.000   0.621329     3.1182 8.7400e-02      0.615     5.5924  1005.0427     5.9514     62.203          7 0.0000e+00
     62.000   0.621410     3.1193 8.7686e-02      0.624     5.6000  1005.0480     5.9519     63.222          6 0.0000e+00
     63.000   0.621467     3.1196 8.7469e-02      0.625     5.5862  1005.0533     5.9523     64.242          7 0.0000e+00
     64.000   0.621590     3.1207 8.7239e-02      0.614     5.5992  1005.0589     5.9533     65.262          6 0.0000e+00
     65.000   0.621755     3.1230 8.7398e-02      0.605     5.5789  1005.0647     5.9544     66.281          7 0.0000e+00
     66.000   0.621864     3.1248 8.7381e-02      0.614     5.5739  1005.0702     5.9551     67.301          6 0.0000e+00
     67.000   0.622021     3.1272 8.7342e-02      0.620     5.5606  1005.0759     5.9561     68.321          7 0.0000e+00
     68.000   0.622135     3.1282 8.7191e-02      0.623     5.5587  1005.0815     5.9570     69.341          6 0.0000e+00
     69.000   0.622149     3.1275 8.7215e-02      0.617     5.5525  1005.0865     5.9572     70.360          7 0.0000e+00
     70.000   0.622172     3.1279 8.7222e-02      0.613     5.5538  1005.0915     5.9572     71.380          6 0.0000e+00
     71.000   0.622420     3.1317 8.7177e-02      0.609     5.5337  1005.0978     5.9590     72.400          7 0.0000e+00
     72.000   0.622994     3.1391 8.7196e-02      0.613     5.5268  1005.1061     5.9634     73.420          6 0.0000e+00
     73.000   0.623171     3.1413 8.7065e-02      0.619     5.5271  1005.1120     5.9646     74.439          7 0.0000e+00
     74.000   0.623231     3.1424 8.7163e-02      0.624     5.5263  1005.1172     5.9650     75.459          6 0.0000e+00
     75.000   0.623273     3.1427 8.7041e-02      0.622     5.5271  1005.1223     5.9652     76.479          7 0.0000e+00
     76.000   0.623315     3.1433 8.6855e-02      0.605     5.5206  1005.1274     5.9654     77.499          6 0.0000e+00
     77.000   0.623642     3.1479 8.6831e-02      0.602     5.5007  1005.1342     5.9678     78.518          7 0.0000e+00
     78.000   0.624387     3.1572 8.6656e-02      0.614     5.4911  1005.1436     5.9736     79.538          7 0.0000e+00
     79.000   0.624724     3.1650 8.6729e-02      0.477     5.4885  1005.1500     5.9755     80.558         13 0.0000e+00
     80.000   0.624874     3.1683 8.6690e-02      0.167     5.4889  1005.1555     5.9763     81.577         14 0.0000e+00
     81.000   0.624814     3.1643 8.6512e-02      0.415     5.4897  1005.1605     5.9763     82.597         10 0.0000e+00
     82.000   0.624935     3.1697 8.6196e-02      0.223     5.4868  1005.1654     5.9765     83.617         10 0.0000e+00
