ctdpy/exports/archive_20200326_115716/received_data/ga1_v04_19.cnv
* Sea-Bird SBE19plus Data File:
* FileName = C:\CTD\CTD 2019\k03v4\GA1_K03v4_2019.hex
* Software Version 1.59
* Temperature SN =  4644
* Conductivity SN =  4644
* System UpLoad Time = Jan 24 2019 13:27:36
** GA1_K03v4_2019
* ds
# nquan = 11
# nvalues = 82                          
# units = specified
# name 0 = prdM: Pressure, Strain Gauge [db]
# name 1 = c0S/m: Conductivity [S/m]
# name 2 = tv290C: Temperature [ITS-90, deg C]
# name 3 = par: PAR/Irradiance, Biospherical/Licor
# name 4 = dz/dtM: Descent Rate [m/s]
# name 5 = sbeox0ML/L: Oxygen, SBE 43 [ml/l]
# name 6 = density00: Density [density, kg/m^3]
# name 7 = sal00: Salinity, Practical [PSU]
# name 8 = depFM: Depth [fresh water, m], lat = 58
# name 9 = nbin: number of scans per bin
# name 10 = flag: flag
# span 0 =      1.000,     82.000       
# span 1 =   0.527068,   0.638782       
# span 2 =     1.4625,     4.1629       
# span 3 = 4.3617e-02, 1.6140e+01       
# span 4 =      0.236,      0.653       
# span 5 =    -2.5934,    -2.3944       
# span 6 =  1004.1906,  1005.1425       
# span 7 =     5.2635,     5.9645       
# span 8 =      1.020,     83.617       
# span 9 =          3,         16       
# span 10 = 0.0000e+00, 0.0000e+00      
# interval = decibars: 1                
# start_time = Jan 24 2019 13:04:39 [Instrument's time stamp, header]
# bad_flag = -9.990e-29
*END*
      1.000   0.528009     1.4755 1.6140e+01      0.236    -2.5883  1004.1906     5.2728      1.020          8 0.0000e+00
      2.000   0.527492     1.4723 1.2044e+01      0.247    -2.5875  1004.1915     5.2677      2.039         16 0.0000e+00
      3.000   0.527732     1.4791 8.1922e+00      0.326    -2.5884  1004.1976     5.2690      3.059         10 0.0000e+00
      4.000   0.527869     1.4771 5.5762e+00      0.453    -2.5887  1004.2039     5.2707      4.079          8 0.0000e+00
      5.000   0.527816     1.4760 3.9413e+00      0.533    -2.5904  1004.2085     5.2702      5.099          8 0.0000e+00
      6.000   0.527484     1.4735 2.8578e+00      0.537    -2.5889  1004.2108     5.2669      6.118          7 0.0000e+00
      7.000   0.527258     1.4705 2.1126e+00      0.553    -2.5914  1004.2141     5.2649      7.138          8 0.0000e+00
      8.000   0.527329     1.4712 1.5819e+00      0.542    -2.5903  1004.2196     5.2655      8.158          7 0.0000e+00
      9.000   0.527471     1.4720 1.1873e+00      0.553    -2.5908  1004.2256     5.2667      9.177          7 0.0000e+00
     10.000   0.527570     1.4725 8.9500e-01      0.546    -2.5917  1004.2313     5.2676     10.197          7 0.0000e+00
     11.000   0.527436     1.4721 6.8188e-01      0.536    -2.5922  1004.2351     5.2661     11.217          8 0.0000e+00
     12.000   0.527391     1.4709 5.2788e-01      0.553    -2.5930  1004.2397     5.2657     12.237          7 0.0000e+00
     13.000   0.527157     1.4666 4.0809e-01      0.621    -2.5934  1004.2431     5.2639     13.256          6 0.0000e+00
     14.000   0.527068     1.4627 3.1867e-01      0.653    -2.5910  1004.2477     5.2635     14.276          6 0.0000e+00
     15.000   0.527362     1.4625 2.5135e-01      0.627    -2.5877  1004.2551     5.2666     15.296          6 0.0000e+00
     16.000   0.529437     1.4805 2.0163e-01      0.645    -2.5763  1004.2758     5.2855     16.315          7 0.0000e+00
     17.000   0.531814     1.5205 1.6241e-01      0.629    -2.5732  1004.2965     5.3040     17.335          6 0.0000e+00
     18.000   0.535668     1.6346 1.3271e-01      0.596    -2.5719  1004.3210     5.3255     18.355          8 0.0000e+00
     19.000   0.537604     1.7115 1.1167e-01      0.462    -2.5694  1004.3333     5.3328     19.374          9 0.0000e+00
     20.000   0.538234     1.7460 9.4823e-02      0.416    -2.5674  1004.3394     5.3336     20.394          9 0.0000e+00
     21.000   0.538873     1.7810 8.1355e-02      0.438    -2.5625  1004.3456     5.3343     21.414         10 0.0000e+00
     22.000   0.540215     1.8480 7.1524e-02      0.371    -2.5551  1004.3538     5.3370     22.434         10 0.0000e+00
     23.000   0.541612     1.9180 6.3906e-02      0.427    -2.5532  1004.3620     5.3397     23.453         10 0.0000e+00
     24.000   0.542732     1.9750 5.8310e-02      0.410    -2.5488  1004.3693     5.3417     24.473         10 0.0000e+00
     25.000   0.543808     2.0287 5.4007e-02      0.406    -2.5418  1004.3767     5.3438     25.493          9 0.0000e+00
     26.000   0.545199     2.0927 5.0834e-02      0.419    -2.5316  1004.3853     5.3475     26.513          9 0.0000e+00
     27.000   0.547717     2.1939 4.8313e-02      0.485    -2.5110  1004.3986     5.3566     27.532          8 0.0000e+00
     28.000   0.551949     2.3553 4.6366e-02      0.531    -2.5039  1004.4183     5.3733     28.552          8 0.0000e+00
     29.000   0.557425     2.5586 4.4939e-02      0.501    -2.4954  1004.4421     5.3956     29.572          8 0.0000e+00
     30.000   0.559992     2.6691 4.3890e-02      0.467    -2.4898  1004.4535     5.4033     30.592          8 0.0000e+00
     31.000   0.562627     2.7768 4.3624e-02      0.538    -2.4870  1004.4656     5.4121     31.611          8 0.0000e+00
     32.000   0.564139     2.8442 4.3617e-02      0.472    -2.4799  1004.4737     5.4161     32.631          9 0.0000e+00
     33.000   0.565739     2.9150 4.3617e-02      0.443    -2.4744  1004.4820     5.4205     33.651          8 0.0000e+00
     34.000   0.567996     3.0096 4.3617e-02      0.485    -2.4722  1004.4922     5.4275     34.670          9 0.0000e+00
     35.000   0.569528     3.0749 4.3617e-02      0.460    -2.4705  1004.5004     5.4320     35.690          9 0.0000e+00
     36.000   0.570057     3.1036 4.3617e-02      0.409    -2.4652  1004.5056     5.4324     36.710          9 0.0000e+00
     37.000   0.570615     3.1254 4.3617e-02      0.459    -2.4614  1004.5119     5.4343     37.730          7 0.0000e+00
     38.000   0.573085     3.2013 4.3617e-02      0.609    -2.4593  1004.5261     5.4465     38.749          7 0.0000e+00
     39.000   0.574665     3.2361 4.3617e-02      0.558    -2.4511  1004.5387     5.4566     39.769          8 0.0000e+00
     40.000   0.575879     3.2704 4.3617e-02      0.527    -2.4399  1004.5485     5.4630     40.789          7 0.0000e+00
     41.000   0.579876     3.4009 4.3617e-02      0.568    -2.4144  1004.5667     5.4813     41.808          7 0.0000e+00
     42.000   0.586160     3.5712 4.3617e-02      0.572    -2.3961  1004.5971     5.5157     42.828          7 0.0000e+00
     43.000   0.599966     3.8871 4.3617e-02      0.555    -2.3944  1004.6639     5.5999     43.848          8 0.0000e+00
     44.000   0.611081     4.1112 4.3617e-02      0.513    -2.3944  1004.7218     5.6721     44.868          8 0.0000e+00
     45.000   0.614189     4.1555 4.3617e-02      0.494    -2.3947  1004.7441     5.6952     45.887          7 0.0000e+00
     46.000   0.616939     4.1599 4.3617e-02      0.518    -2.3948  1004.7699     5.7216     46.907          9 0.0000e+00
     47.000   0.617725     4.1489 4.3617e-02      0.428    -2.3946  1004.7827     5.7313     47.927          9 0.0000e+00
     48.000   0.617863     4.1534 4.3617e-02      0.418    -2.3945  1004.7878     5.7317     48.946         10 0.0000e+00
     49.000   0.618384     4.1629 4.3617e-02      0.416    -2.3958  1004.7952     5.7352     49.966         10 0.0000e+00
     50.000   0.618907     4.1532 4.3617e-02      0.409    -2.3961  1004.8057     5.7419     50.986         10 0.0000e+00
     51.000   0.619145     4.1468 4.3617e-02      0.337    -2.3963  1004.8134     5.7453     52.006         12 0.0000e+00
     52.000   0.619656     4.1427 4.3617e-02      0.347    -2.3980  1004.8229     5.7510     53.025         11 0.0000e+00
     53.000   0.620213     4.1325 4.3617e-02      0.373    -2.3968  1004.8338     5.7582     54.045         10 0.0000e+00
     54.000   0.621291     4.1344 4.3617e-02      0.475    -2.3977  1004.8468     5.7685     55.065          7 0.0000e+00
     55.000   0.622071     4.1371 4.3617e-02      0.564    -2.3969  1004.8573     5.7757     56.084          7 0.0000e+00
     56.000   0.623412     4.1422 4.3617e-02      0.576    -2.3981  1004.8719     5.7880     57.104          7 0.0000e+00
     57.000   0.624540     4.1386 4.3617e-02      0.577    -2.3979  1004.8862     5.7997     58.124          7 0.0000e+00
     58.000   0.625170     4.1352 4.3617e-02      0.616    -2.4000  1004.8965     5.8065     59.143          6 0.0000e+00
     59.000   0.626017     4.1326 4.3617e-02      0.629    -2.3999  1004.9085     5.8153     60.163          7 0.0000e+00
     60.000   0.627051     4.1129 4.3617e-02      0.641    -2.4004  1004.9247     5.8290     61.183          6 0.0000e+00
     61.000   0.628670     4.1038 4.3617e-02      0.570    -2.4032  1004.9438     5.8466     62.203          8 0.0000e+00
     62.000   0.629886     4.0971 4.3617e-02      0.562    -2.4040  1004.9593     5.8598     63.222          7 0.0000e+00
     63.000   0.632533     4.0709 4.3617e-02      0.569    -2.4045  1004.9894     5.8908     64.242          6 0.0000e+00
     64.000   0.634529     4.0486 4.3617e-02      0.594    -2.4046  1005.0138     5.9146     65.262          7 0.0000e+00
     65.000   0.635482     4.0415 4.3617e-02      0.602    -2.4048  1005.0273     5.9253     66.282          7 0.0000e+00
     66.000   0.636026     4.0361 4.3617e-02      0.607    -2.4059  1005.0373     5.9316     67.302          6 0.0000e+00
     67.000   0.636337     4.0332 4.3617e-02      0.613    -2.4069  1005.0451     5.9351     68.321          7 0.0000e+00
     68.000   0.636633     4.0301 4.3617e-02      0.598    -2.4074  1005.0528     5.9385     69.341          7 0.0000e+00
     69.000   0.636982     4.0270 4.3617e-02      0.562    -2.4076  1005.0608     5.9425     70.360          7 0.0000e+00
     70.000   0.637449     4.0237 4.3617e-02      0.589    -2.4082  1005.0699     5.9477     71.380          7 0.0000e+00
     71.000   0.637660     4.0223 4.3617e-02      0.564    -2.4085  1005.0766     5.9499     72.400          7 0.0000e+00
     72.000   0.637802     4.0213 4.3617e-02      0.520    -2.4085  1005.0827     5.9514     73.420          8 0.0000e+00
     73.000   0.637923     4.0197 4.3617e-02      0.542    -2.4076  1005.0887     5.9528     74.439          7 0.0000e+00
     74.000   0.638015     4.0186 4.3617e-02      0.531    -2.4098  1005.0945     5.9538     75.459          8 0.0000e+00
     75.000   0.638110     4.0176 4.3617e-02      0.480    -2.4085  1005.1002     5.9548     76.479          8 0.0000e+00
     76.000   0.638229     4.0169 4.3617e-02      0.498    -2.4099  1005.1060     5.9560     77.498          8 0.0000e+00
     77.000   0.638309     4.0161 4.3617e-02      0.511    -2.4112  1005.1116     5.9569     78.518          8 0.0000e+00
     78.000   0.638391     4.0143 4.3617e-02      0.461    -2.4102  1005.1173     5.9579     79.538          9 0.0000e+00
     79.000   0.638631     4.0105 4.3617e-02      0.436    -2.4112  1005.1247     5.9609     80.558          9 0.0000e+00
     80.000   0.638731     4.0056 4.3617e-02      0.499    -2.4130  1005.1311     5.9627     81.577          8 0.0000e+00
     81.000   0.638749     4.0025 4.3617e-02      0.455    -2.4127  1005.1366     5.9633     82.597         10 0.0000e+00
     82.000   0.638782     3.9974 4.3617e-02      0.455    -2.4115  1005.1425     5.9645     83.617          3 0.0000e+00
