ctdpy/exports/archive_20200326_115716/received_data/ga1_v38_19.cnv
* Sea-Bird SBE19plus Data File:
* FileName = C:\CTD\CTD 2019\v38\Ga1_v38_19.hex
* Software Version 1.59
* Temperature SN =  4644
* Conductivity SN =  4644
* System UpLoad Time = Sep 16 2019 19:29:14
** Ga1 k22 v38 2019
* ds
# nquan = 11
# nvalues = 81                          
# units = specified
# name 0 = prdM: Pressure, Strain Gauge [db]
# name 1 = c0S/m: Conductivity [S/m]
# name 2 = tv290C: Temperature [ITS-90, deg C]
# name 3 = par: PAR/Irradiance, Biospherical/Licor
# name 4 = dz/dtM: Descent Rate [m/s]
# name 5 = sbeox0ML/L: Oxygen, SBE 43 [ml/l]
# name 6 = density00: Density [density, kg/m^3]
# name 7 = sal00: Salinity, Practical [PSU]
# name 8 = depFM: Depth [fresh water, m], lat = 58
# name 9 = nbin: number of scans per bin
# name 10 = flag: flag
# span 0 =      1.000,     81.000       
# span 1 =   0.607093,   0.682080       
# span 2 =     3.3161,    13.2836       
# span 3 = 7.7578e-02, 2.7584e+00       
# span 4 =      0.083,      0.601       
# span 5 =     5.3989,     6.7373       
# span 6 =  1003.1673,  1005.0922       
# span 7 =     4.9303,     5.8929       
# span 8 =      1.020,     82.598       
# span 9 =          1,         17       
# span 10 = 0.0000e+00, 0.0000e+00      
# interval = decibars: 1                
# start_time = Sep 16 2019 18:55:34 [Instrument's time stamp, header]
# bad_flag = -9.990e-29
*END*
      1.000   0.681070    13.0788 2.7584e+00      0.083     6.7373  1003.2058     4.9489      1.020         10 0.0000e+00
      2.000   0.682080    13.2836 1.9252e+00      0.362     6.5379  1003.1673     4.9303      2.040         10 0.0000e+00
      3.000   0.679329    12.8222 1.0468e+00      0.423     6.4042  1003.2653     4.9686      3.059          9 0.0000e+00
      4.000   0.676915    12.3737 6.4652e-01      0.473     6.4247  1003.3611     5.0083      4.079          8 0.0000e+00
      5.000   0.676651    12.2906 4.1977e-01      0.506     6.4885  1003.3834     5.0172      5.099          8 0.0000e+00
      6.000   0.677801    12.4528 2.9895e-01      0.523     6.5299  1003.3572     5.0048      6.118          8 0.0000e+00
      7.000   0.678946    12.6252 2.2468e-01      0.530     6.4663  1003.3284     4.9910      7.138          7 0.0000e+00
      8.000   0.679112    12.5820 1.7523e-01      0.537     6.2962  1003.3441     4.9979      8.158          8 0.0000e+00
      9.000   0.674823    11.9850 1.4554e-01      0.546     6.2049  1003.4613     5.0432      9.177          7 0.0000e+00
     10.000   0.672951    11.5212 1.2694e-01      0.560     6.2117  1003.5604     5.0908     10.197          7 0.0000e+00
     11.000   0.671928    11.3096 1.1414e-01      0.568     6.2164  1003.6065     5.1114     11.217          7 0.0000e+00
     12.000   0.670103    11.1948 1.0571e-01      0.572     6.2209  1003.6253     5.1122     12.237          7 0.0000e+00
     13.000   0.667051    11.0238 9.9511e-02      0.570     6.2365  1003.6487     5.1108     13.256          7 0.0000e+00
     14.000   0.666901    10.9806 9.5078e-02      0.570     6.2244  1003.6621     5.1155     14.276          7 0.0000e+00
     15.000   0.667633    10.9864 9.2260e-02      0.586     6.2118  1003.6701     5.1206     15.296          7 0.0000e+00
     16.000   0.666106    10.8542 8.9888e-02      0.601     6.2046  1003.6942     5.1263     16.316          6 0.0000e+00
     17.000   0.664367    10.6658 8.8186e-02      0.596     6.2231  1003.7292     5.1381     17.335          7 0.0000e+00
     18.000   0.663136    10.4908 8.6936e-02      0.597     6.2275  1003.7642     5.1524     18.355          7 0.0000e+00
     19.000   0.661677    10.3404 8.5822e-02      0.592     6.2321  1003.7920     5.1613     19.375          7 0.0000e+00
     20.000   0.660316    10.2354 8.5240e-02      0.598     6.2360  1003.8105     5.1647     20.394          7 0.0000e+00
     21.000   0.660105    10.1955 8.4615e-02      0.397     6.2275  1003.8224     5.1685     21.414         11 0.0000e+00
     22.000   0.659314    10.1231 8.4039e-02      0.422     6.2257  1003.8374     5.1721     22.434          9 0.0000e+00
     23.000   0.658476     9.9469 8.3641e-02      0.415     6.2872  1003.8742     5.1901     23.453         10 0.0000e+00
     24.000   0.657655     9.5390 8.3539e-02      0.406     6.3343  1003.9596     5.2418     24.473         10 0.0000e+00
     25.000   0.651969     9.0477 8.3167e-02      0.442     6.3964  1004.0282     5.2648     25.493          8 0.0000e+00
     26.000   0.647029     8.6203 8.2818e-02      0.470     6.4427  1004.0862     5.2850     26.513          9 0.0000e+00
     27.000   0.642310     8.2426 8.2747e-02      0.437     6.4719  1004.1336     5.2999     27.532         10 0.0000e+00
     28.000   0.639983     8.0494 8.2472e-02      0.414     6.4712  1004.1602     5.3083     28.552          9 0.0000e+00
     29.000   0.638821     7.9352 8.2281e-02      0.384     6.4861  1004.1790     5.3152     29.572         11 0.0000e+00
     30.000   0.639103     7.8710 8.2178e-02      0.427     6.4928  1004.1982     5.3274     30.592          9 0.0000e+00
     31.000   0.638301     7.7456 8.2106e-02      0.429     6.4811  1004.2215     5.3392     31.611          9 0.0000e+00
     32.000   0.634389     7.4223 8.2034e-02      0.442     6.5325  1004.2603     5.3535     32.631          9 0.0000e+00
     33.000   0.627487     6.8822 8.2008e-02      0.453     6.5886  1004.3167     5.3743     33.651          9 0.0000e+00
     34.000   0.625203     6.6456 8.1812e-02      0.411     6.5881  1004.3482     5.3903     34.670         10 0.0000e+00
     35.000   0.621920     6.3166 8.1718e-02      0.388     6.6185  1004.3882     5.4117     35.690         11 0.0000e+00
     36.000   0.618515     5.9528 8.1592e-02      0.295     6.6370  1004.4323     5.4378     36.710         12 0.0000e+00
     37.000   0.617675     5.8147 8.1536e-02      0.406     6.6298  1004.4548     5.4520     37.730         10 0.0000e+00
     38.000   0.616810     5.6822 8.1549e-02      0.403     6.6026  1004.4761     5.4652     38.749         10 0.0000e+00
     39.000   0.613897     5.3809 8.1507e-02      0.390     6.6189  1004.5105     5.4864     39.769         11 0.0000e+00
     40.000   0.612172     5.1601 8.1168e-02      0.385     6.6637  1004.5394     5.5060     40.789         11 0.0000e+00
     41.000   0.611959     5.0639 8.1342e-02      0.245     6.6326  1004.5587     5.5197     41.808         15 0.0000e+00
     42.000   0.611619     4.9656 8.1170e-02      0.324     6.5443  1004.5772     5.5327     42.828         13 0.0000e+00
     43.000   0.610572     4.7950 8.1079e-02      0.274     6.5411  1004.6022     5.5509     43.848         15 0.0000e+00
     44.000   0.609972     4.6603 8.1058e-02      0.262     6.4985  1004.6244     5.5675     44.867         16 0.0000e+00
     45.000   0.609210     4.5429 8.0956e-02      0.230     6.5274  1004.6425     5.5797     45.887         17 0.0000e+00
     46.000   0.609320     4.4992 8.0885e-02      0.251     6.5418  1004.6552     5.5881     46.907         16 0.0000e+00
     47.000   0.609367     4.4573 8.0671e-02      0.258     6.5321  1004.6671     5.5956     47.927         15 0.0000e+00
     48.000   0.609198     4.4049 8.0682e-02      0.280     6.5071  1004.6791     5.6027     48.946         14 0.0000e+00
     49.000   0.608838     4.3306 8.0522e-02      0.262     6.4793  1004.6931     5.6117     49.966         17 0.0000e+00
     50.000   0.608378     4.2217 8.0383e-02      0.223     6.4648  1004.7117     5.6257     50.986         14 0.0000e+00
     51.000   0.607940     4.1404 8.0286e-02      0.342     6.4276  1004.7260     5.6352     52.006         13 0.0000e+00
     52.000   0.607237     4.0628 8.0141e-02      0.293     6.3334  1004.7376     5.6414     53.025         14 0.0000e+00
     53.000   0.607093     3.9859 8.0156e-02      0.308     6.3221  1004.7534     5.6532     54.045         12 0.0000e+00
     54.000   0.607474     3.9175 8.0108e-02      0.363     6.3283  1004.7721     5.6687     55.065         11 0.0000e+00
     55.000   0.608305     3.8426 7.9971e-02      0.345     6.3411  1004.7953     5.6900     56.084         11 0.0000e+00
     56.000   0.609317     3.7918 7.9767e-02      0.370     6.3308  1004.8162     5.7089     57.104         11 0.0000e+00
     57.000   0.609924     3.7422 7.9725e-02      0.404     6.2730  1004.8336     5.7235     58.124          9 0.0000e+00
     58.000   0.610348     3.7141 7.9675e-02      0.420     6.2005  1004.8462     5.7327     59.143         10 0.0000e+00
     59.000   0.611251     3.6677 7.9425e-02      0.425     6.2127  1004.8655     5.7498     60.163          9 0.0000e+00
     60.000   0.611869     3.6362 7.9635e-02      0.427     6.2185  1004.8803     5.7615     61.183         10 0.0000e+00
     61.000   0.612025     3.6296 7.9426e-02      0.427     6.2101  1004.8874     5.7642     62.203          9 0.0000e+00
     62.000   0.612758     3.5948 7.9528e-02      0.421     6.1090  1004.9035     5.7776     63.222         10 0.0000e+00
     63.000   0.613596     3.5395 7.9370e-02      0.420     6.0501  1004.9238     5.7959     64.242          9 0.0000e+00
     64.000   0.613992     3.5226 7.9209e-02      0.409     6.0580  1004.9344     5.8028     65.262         10 0.0000e+00
     65.000   0.614209     3.5116 7.9241e-02      0.398     6.1151  1004.9427     5.8068     66.281         10 0.0000e+00
     66.000   0.614589     3.4972 7.9130e-02      0.415     6.0957  1004.9529     5.8131     67.301         10 0.0000e+00
     67.000   0.614914     3.4824 7.8912e-02      0.422     6.0663  1004.9626     5.8190     68.321          9 0.0000e+00
     68.000   0.615145     3.4763 7.8966e-02      0.442     6.0288  1004.9703     5.8223     69.341          9 0.0000e+00
     69.000   0.615488     3.4650 7.8785e-02      0.451     5.9575  1004.9796     5.8277     70.360          9 0.0000e+00
     70.000   0.615889     3.4519 7.8722e-02      0.380     5.9142  1004.9897     5.8340     71.380         11 0.0000e+00
     71.000   0.616072     3.4458 7.8571e-02      0.368     5.9210  1004.9970     5.8369     72.400         11 0.0000e+00
     72.000   0.616894     3.4291 7.8426e-02      0.369     6.0358  1005.0111     5.8481     73.420         11 0.0000e+00
     73.000   0.617697     3.4132 7.8470e-02      0.371     6.0066  1005.0249     5.8590     74.439         10 0.0000e+00
     74.000   0.617936     3.4079 7.8298e-02      0.382     5.9730  1005.0325     5.8623     75.459         11 0.0000e+00
     75.000   0.618101     3.4028 7.8194e-02      0.379     5.9388  1005.0394     5.8648     76.479         10 0.0000e+00
     76.000   0.618205     3.3985 7.8126e-02      0.380     5.9205  1005.0457     5.8665     77.499         11 0.0000e+00
     77.000   0.618380     3.3934 7.7964e-02      0.390     5.8831  1005.0528     5.8691     78.518         10 0.0000e+00
     78.000   0.618653     3.3818 7.7939e-02      0.385     5.7440  1005.0616     5.8739     79.538         11 0.0000e+00
     79.000   0.618898     3.3661 7.7742e-02      0.312     5.5516  1005.0709     5.8791     80.558         14 0.0000e+00
     80.000   0.619141     3.3430 7.7578e-02      0.285     5.3989  1005.0813     5.8857     81.577         16 0.0000e+00
     81.000   0.619370     3.3161 7.7667e-02      0.223 -9.990e-29  1005.0922     5.8929     82.598          1 0.0000e+00
