ctdpy/exports/archive_20200326_115716/received_data/ga1_v24_19.cnv
* Sea-Bird SBE19plus Data File:
* FileName = C:\CTD\CTD 2019\v24\GA1_v24_19.hex
* Software Version 1.59
* Temperature SN =  4644
* Conductivity SN =  4644
* System UpLoad Time = Jun 11 2019 13:26:26
** GA1_v24_19
* ds
# nquan = 11
# nvalues = 81                          
# units = specified
# name 0 = prdM: Pressure, Strain Gauge [db]
# name 1 = c0S/m: Conductivity [S/m]
# name 2 = tv290C: Temperature [ITS-90, deg C]
# name 3 = par: PAR/Irradiance, Biospherical/Licor
# name 4 = dz/dtM: Descent Rate [m/s]
# name 5 = sbeox0ML/L: Oxygen, SBE 43 [ml/l]
# name 6 = density00: Density [density, kg/m^3]
# name 7 = sal00: Salinity, Practical [PSU]
# name 8 = depFM: Depth [fresh water, m], lat = 58
# name 9 = nbin: number of scans per bin
# name 10 = flag: flag
# span 0 =      1.000,     81.000       
# span 1 =   0.558885,   0.611691       
# span 2 =     2.2339,     7.5939       
# span 3 = 7.3160e-02, 1.2785e+03       
# span 4 =      0.048,      0.566       
# span 5 =     5.6984,     8.8171       
# span 6 =  1003.8194,  1005.0949       
# span 7 =     4.9903,     5.8917       
# span 8 =      1.020,     82.597       
# span 9 =          7,         15       
# span 10 = 0.0000e+00, 0.0000e+00      
# interval = decibars: 1                
# start_time = Jun 11 2019 12:56:02 [Instrument's time stamp, header]
# bad_flag = -9.990e-29
*END*
      1.000   0.595024     7.4847 1.2785e+03      0.048     8.7345  1003.8236     4.9923      1.020          8 0.0000e+00
      2.000   0.596554     7.5939 9.4674e+02      0.357     8.7057  1003.8194     4.9903      2.040         11 0.0000e+00
      3.000   0.594248     7.4149 6.0540e+02      0.418     8.6397  1003.8401     4.9952      3.059         10 0.0000e+00
      4.000   0.585233     6.7506 3.6075e+02      0.457     8.8171  1003.8973     5.0095      4.079          8 0.0000e+00
      5.000   0.586285     6.7849 3.1148e+02      0.492     8.7122  1003.9039     5.0140      5.099          8 0.0000e+00
      6.000   0.587382     6.8336 2.0434e+02      0.506     8.7238  1003.9082     5.0169      6.119          8 0.0000e+00
      7.000   0.585783     6.6881 1.4741e+02      0.516     8.7306  1003.9266     5.0234      7.138          8 0.0000e+00
      8.000   0.583465     6.5007 1.0715e+02      0.533     8.7475  1003.9466     5.0295      8.158          7 0.0000e+00
      9.000   0.582953     6.4318 7.7488e+01      0.561     8.6191  1003.9594     5.0349      9.177          7 0.0000e+00
     10.000   0.576230     5.8873 5.6769e+01      0.566     8.7086  1004.0049     5.0530     10.197          7 0.0000e+00
     11.000   0.567719     5.1839 4.2032e+01      0.559     8.6918  1004.0589     5.0784     11.217          7 0.0000e+00
     12.000   0.565442     4.8789 3.1217e+01      0.544     8.7293  1004.0932     5.1030     12.237          8 0.0000e+00
     13.000   0.563525     4.5819 2.3647e+01      0.542     8.7471  1004.1283     5.1302     13.256          7 0.0000e+00
     14.000   0.563381     4.4551 1.7958e+01      0.549     8.7242  1004.1509     5.1484     14.276          7 0.0000e+00
     15.000   0.563655     4.3857 1.3750e+01      0.554     8.7001  1004.1682     5.1619     15.296          8 0.0000e+00
     16.000   0.562389     4.1803 1.0506e+01      0.539     8.6969  1004.1934     5.1817     16.316          7 0.0000e+00
     17.000   0.562072     4.0705 8.1510e+00      0.525     8.6922  1004.2117     5.1959     17.335          8 0.0000e+00
     18.000   0.562460     4.0429 6.3498e+00      0.510     8.6933  1004.2236     5.2040     18.355          8 0.0000e+00
     19.000   0.562811     4.0097 4.9047e+00      0.517     8.6553  1004.2360     5.2126     19.375          7 0.0000e+00
     20.000   0.561822     3.8601 3.7977e+00      0.514     8.6109  1004.2546     5.2266     20.394          9 0.0000e+00
     21.000   0.560251     3.6621 2.9624e+00      0.467     8.6119  1004.2752     5.2427     21.414          9 0.0000e+00
     22.000   0.560795     3.6279 2.3351e+00      0.373     8.6364  1004.2893     5.2536     22.434         10 0.0000e+00
     23.000   0.561475     3.6093 1.8242e+00      0.390     8.6781  1004.3022     5.2633     23.453         10 0.0000e+00
     24.000   0.562696     3.5871 1.4190e+00      0.401     8.7292  1004.3199     5.2791     24.473         11 0.0000e+00
     25.000   0.562395     3.4647 1.1181e+00      0.370     8.6899  1004.3396     5.2959     25.493         11 0.0000e+00
     26.000   0.561332     3.2979 8.8610e-01      0.356     8.6743  1004.3592     5.3124     26.513         11 0.0000e+00
     27.000   0.561407     3.2307 7.0074e-01      0.377     8.6735  1004.3740     5.3242     27.532         10 0.0000e+00
     28.000   0.561559     3.1999 5.5695e-01      0.371     8.6407  1004.3844     5.3307     28.552         12 0.0000e+00
     29.000   0.560599     3.0360 4.7309e-01      0.303     8.5529  1004.4040     5.3480     29.572         13 0.0000e+00
     30.000   0.558885     2.7938 4.0771e-01      0.302     8.4016  1004.4277     5.3709     30.591         13 0.0000e+00
     31.000   0.558943     2.6556 3.3508e-01      0.340     8.3928  1004.4515     5.3946     31.611         11 0.0000e+00
     32.000   0.559391     2.6026 2.7783e-01      0.379     8.3855  1004.4672     5.4082     32.631         11 0.0000e+00
     33.000   0.559607     2.5638 2.3493e-01      0.372     8.3321  1004.4790     5.4169     33.651         11 0.0000e+00
     34.000   0.559656     2.4830 2.0025e-01      0.379     8.2615  1004.4950     5.4311     34.670         10 0.0000e+00
     35.000   0.559972     2.4462 1.7161e-01      0.396     8.2648  1004.5073     5.4405     35.690         10 0.0000e+00
     36.000   0.560570     2.4136 1.5026e-01      0.387     8.1982  1004.5215     5.4522     36.710         10 0.0000e+00
     37.000   0.560726     2.3530 1.3458e-01      0.393     8.1392  1004.5356     5.4642     37.730         10 0.0000e+00
     38.000   0.561161     2.3307 1.2195e-01      0.425     8.1177  1004.5470     5.4724     38.749          9 0.0000e+00
     39.000   0.561728     2.3139 1.1237e-01      0.458     8.0853  1004.5589     5.4811     39.769          9 0.0000e+00
     40.000   0.562175     2.2914 1.0464e-01      0.465     8.0493  1004.5704     5.4896     40.789          9 0.0000e+00
     41.000   0.562740     2.2745 9.8782e-02      0.475     8.0026  1004.5822     5.4983     41.808          8 0.0000e+00
     42.000   0.563599     2.2540 9.4359e-02      0.464     7.9724  1004.5970     5.5108     42.828          9 0.0000e+00
     43.000   0.564521     2.2545 9.0813e-02      0.447     7.9299  1004.6095     5.5202     43.848          9 0.0000e+00
     44.000   0.567076     2.2519 8.7852e-02      0.442     7.7835  1004.6361     5.5473     44.868          9 0.0000e+00
     45.000   0.569048     2.2384 8.5619e-02      0.453     7.7233  1004.6593     5.5702     45.887          9 0.0000e+00
     46.000   0.569441     2.2345 8.3709e-02      0.467     7.7217  1004.6680     5.5749     46.907          8 0.0000e+00
     47.000   0.569497     2.2339 8.1852e-02      0.434     7.7264  1004.6734     5.5754     47.927         10 0.0000e+00
     48.000   0.569572     2.2342 8.0599e-02      0.411     7.7335  1004.6789     5.5761     48.947         10 0.0000e+00
     49.000   0.570226     2.2437 7.9933e-02      0.380     7.7137  1004.6880     5.5811     49.966         11 0.0000e+00
     50.000   0.571909     2.2589 7.9210e-02      0.369     7.6782  1004.7049     5.5959     50.986         10 0.0000e+00
     51.000   0.572436     2.2625 7.8438e-02      0.403     7.6578  1004.7137     5.6007     52.006         10 0.0000e+00
     52.000   0.572778     2.2619 8.6340e-02      0.424     7.6392  1004.7215     5.6043     53.025          9 0.0000e+00
     53.000   0.573402     2.2633 1.2104e-01      0.444     7.6040  1004.7314     5.6105     54.045          9 0.0000e+00
     54.000   0.574353     2.2682 1.6530e-01      0.437     7.5612  1004.7436     5.6194     55.065          9 0.0000e+00
     55.000   0.575238     2.2720 1.7075e-01      0.448     7.5067  1004.7553     5.6279     56.085          9 0.0000e+00
     56.000   0.576356     2.2799 1.6829e-01      0.442     7.4372  1004.7685     5.6381     57.104          9 0.0000e+00
     57.000   0.576948     2.2856 1.6812e-01      0.429     7.4296  1004.7775     5.6432     58.124          9 0.0000e+00
     58.000   0.577180     2.2859 1.8087e-01      0.446     7.4191  1004.7843     5.6455     59.144          9 0.0000e+00
     59.000   0.577543     2.2868 1.6220e-01      0.457     7.3975  1004.7921     5.6490     60.163          9 0.0000e+00
     60.000   0.578112     2.2928 1.4949e-01      0.440     7.3617  1004.8008     5.6537     61.183          9 0.0000e+00
     61.000   0.579084     2.3056 1.4393e-01      0.427     7.2801  1004.8121     5.6615     62.203         10 0.0000e+00
     62.000   0.580928     2.3348 1.3908e-01      0.429     7.1413  1004.8284     5.6755     63.222          9 0.0000e+00
     63.000   0.584027     2.3861 1.2923e-01      0.444     6.9908  1004.8520     5.6985     64.242          9 0.0000e+00
     64.000   0.587502     2.4395 1.2254e-01      0.447     6.8657  1004.8784     5.7251     65.262          9 0.0000e+00
     65.000   0.590523     2.4900 1.1684e-01      0.428     6.7743  1004.9013     5.7474     66.282          9 0.0000e+00
     66.000   0.591360     2.5057 1.1565e-01      0.428     6.7669  1004.9109     5.7531     67.301         10 0.0000e+00
     67.000   0.592648     2.5285 1.1400e-01      0.444     6.6871  1004.9232     5.7623     68.321          8 0.0000e+00
     68.000   0.594102     2.5547 1.1458e-01      0.469     6.6636  1004.9364     5.7726     69.341          9 0.0000e+00
     69.000   0.596212     2.5919 7.3160e-02      0.458     6.6321  1004.9534     5.7876     70.360          9 0.0000e+00
     70.000   0.599356     2.6442 7.5249e-02      0.438     6.5825  1004.9767     5.8107     71.380          9 0.0000e+00
     71.000   0.603360     2.7152 1.3425e-01      0.445     6.4126  1005.0043     5.8391     72.400          9 0.0000e+00
     72.000   0.606576     2.7722 1.4924e-01      0.448     6.2105  1005.0273     5.8619     73.419          9 0.0000e+00
     73.000   0.607101     2.7909 1.3752e-01      0.446     6.0798  1005.0337     5.8638     74.439          9 0.0000e+00
     74.000   0.608555     2.8272 1.3343e-01      0.443     6.0642  1005.0451     5.8720     75.459          9 0.0000e+00
     75.000   0.609884     2.8520 1.1587e-01      0.447     6.0773  1005.0571     5.8811     76.479          9 0.0000e+00
     76.000   0.610695     2.8672 9.7901e-02      0.434     6.0130  1005.0663     5.8865     77.498          9 0.0000e+00
     77.000   0.611079     2.8748 1.0184e-01      0.436     5.9536  1005.0732     5.8890     78.518         10 0.0000e+00
     78.000   0.610859     2.8728 1.4457e-01      0.344     5.8546  1005.0765     5.8870     79.538         12 0.0000e+00
     79.000   0.610956     2.8760 1.4544e-01      0.201     5.8861  1005.0817     5.8873     80.558         15 0.0000e+00
     80.000   0.611486     2.8886 1.3422e-01      0.360     5.8606  1005.0889     5.8903     81.577         12 0.0000e+00
     81.000   0.611691     2.8923 1.4257e-01      0.332     5.6984  1005.0949     5.8917     82.597         12 0.0000e+00
