ctdpy/exports/archive_20200326_115716/received_data/ga1_v28_19.cnv
* Sea-Bird SBE19plus Data File:
* FileName = C:\CTD\CTD 2019\K18\GA1_v28_19.hex
* Software Version 1.59
* Temperature SN =  4644
* Conductivity SN =  4644
* System UpLoad Time = Jul 08 2019 19:21:51
** GA1_v28_19
* ds
# nquan = 11
# nvalues = 82                          
# units = specified
# name 0 = prdM: Pressure, Strain Gauge [db]
# name 1 = c0S/m: Conductivity [S/m]
# name 2 = tv290C: Temperature [ITS-90, deg C]
# name 3 = par: PAR/Irradiance, Biospherical/Licor
# name 4 = dz/dtM: Descent Rate [m/s]
# name 5 = sbeox0ML/L: Oxygen, SBE 43 [ml/l]
# name 6 = density00: Density [density, kg/m^3]
# name 7 = sal00: Salinity, Practical [PSU]
# name 8 = depFM: Depth [fresh water, m], lat = 58
# name 9 = nbin: number of scans per bin
# name 10 = flag: flag
# span 0 =      1.000,     82.000       
# span 1 =   0.569690,   0.640424       
# span 2 =     2.5311,    11.8324       
# span 3 = 6.5732e-02, 8.4771e+01       
# span 4 =      0.123,      0.702       
# span 5 =     5.7601,     8.1264       
# span 6 =  1003.1278,  1005.1113       
# span 7 =     4.6361,     5.9062       
# span 8 =      1.020,     83.617       
# span 9 =          6,         15       
# span 10 = 0.0000e+00, 0.0000e+00      
# interval = decibars: 1                
# start_time = Jul 08 2019 19:03:37 [Instrument's time stamp, header]
# bad_flag = -9.990e-29
*END*
      1.000   0.621381    11.8324 8.4771e+01      0.123     7.1974  1003.1278     4.6361      1.020         11 0.0000e+00
      2.000   0.622566    11.7614 4.4252e+01      0.367     7.3247  1003.1553     4.6543      2.039         10 0.0000e+00
      3.000   0.625354    11.6585 2.6788e+01      0.427     7.4470  1003.1998     4.6894      3.059          9 0.0000e+00
      4.000   0.628663    11.5734 1.7069e+01      0.478     7.5730  1003.2437     4.7267      4.079          8 0.0000e+00
      5.000   0.631267    11.5079 1.1299e+01      0.509     7.6032  1003.2790     4.7559      5.099          8 0.0000e+00
      6.000   0.632803    11.4693 7.6857e+00      0.520     7.6368  1003.3017     4.7732      6.118          8 0.0000e+00
      7.000   0.633302    11.4457 5.2733e+00      0.539     7.6756  1003.3146     4.7802      7.138          7 0.0000e+00
      8.000   0.634935    11.3626 3.6928e+00      0.543     7.6788  1003.3477     4.8040      8.158          7 0.0000e+00
      9.000   0.637983    11.2272 2.6494e+00      0.555     7.7839  1003.4011     4.8463      9.178          8 0.0000e+00
     10.000   0.640424    11.1299 1.9159e+00      0.570     8.0888  1003.4423     4.8788     10.197          6 0.0000e+00
     11.000   0.639842    10.7532 1.3930e+00      0.583     8.1264  1003.5246     4.9241     11.217          7 0.0000e+00
     12.000   0.627174     9.4465 1.0385e+00      0.594     7.9359  1003.7185     4.9958     12.236          7 0.0000e+00
     13.000   0.610586     8.2409 7.7765e-01      0.600     7.9289  1003.8481     5.0216     13.256          7 0.0000e+00
     14.000   0.604315     7.6815 5.8856e-01      0.608     7.8909  1003.9145     5.0461     14.276          6 0.0000e+00
     15.000   0.597557     7.0069 4.5459e-01      0.613     7.7291  1003.9932     5.0836     15.296          7 0.0000e+00
     16.000   0.591304     6.4781 3.5607e-01      0.620     7.6930  1004.0456     5.1045     16.315          6 0.0000e+00
     17.000   0.589772     6.2993 2.8179e-01      0.624     7.7312  1004.0698     5.1170     17.335          6 0.0000e+00
     18.000   0.588571     6.1612 2.2762e-01      0.633     7.9400  1004.0892     5.1266     18.355          7 0.0000e+00
     19.000   0.587111     5.9498 1.8633e-01      0.628     7.9025  1004.1186     5.1448     19.374          6 0.0000e+00
     20.000   0.580162     5.1342 1.5672e-01      0.630     7.8216  1004.2034     5.2045     20.394          7 0.0000e+00
     21.000   0.572818     4.2405 1.3541e-01      0.620     7.8094  1004.2898     5.2744     21.414          6 0.0000e+00
     22.000   0.569931     3.6550 1.2008e-01      0.630     7.7930  1004.3583     5.3407     22.434          6 0.0000e+00
     23.000   0.569690     3.3625 1.0841e-01      0.635     7.7712  1004.4031     5.3866     23.454          7 0.0000e+00
     24.000   0.570523     3.2158 9.9204e-02      0.638     7.6504  1004.4355     5.4195     24.473          6 0.0000e+00
     25.000   0.571819     3.1299 9.1941e-02      0.638     7.5404  1004.4629     5.4471     25.493          6 0.0000e+00
     26.000   0.572169     3.0407 8.6510e-02      0.631     7.5257  1004.4832     5.4657     26.512          6 0.0000e+00
     27.000   0.572524     2.9747 8.2008e-02      0.629     7.5167  1004.5002     5.4804     27.532          7 0.0000e+00
     28.000   0.572728     2.9073 7.8839e-02      0.631     7.5504  1004.5161     5.4940     28.552          6 0.0000e+00
     29.000   0.573382     2.8124 7.6059e-02      0.634     7.4769  1004.5395     5.5169     29.572          6 0.0000e+00
     30.000   0.573990     2.7181 7.4237e-02      0.639     7.5500  1004.5624     5.5393     30.591          7 0.0000e+00
     31.000   0.574502     2.6794 7.2726e-02      0.639     7.5103  1004.5769     5.5513     31.611          6 0.0000e+00
     32.000   0.574869     2.6460 7.1555e-02      0.637     7.5140  1004.5894     5.5607     32.631          6 0.0000e+00
     33.000   0.575383     2.6547 7.0430e-02      0.633     7.4893  1004.5973     5.5645     33.651          6 0.0000e+00
     34.000   0.575529     2.6371 6.9759e-02      0.649     7.4604  1004.6058     5.5689     34.670          6 0.0000e+00
     35.000   0.576038     2.6134 6.9220e-02      0.667     7.4532  1004.6181     5.5782     35.690          6 0.0000e+00
     36.000   0.578503     2.5814 6.8713e-02      0.673     7.4122  1004.6478     5.6093     36.710          6 0.0000e+00
     37.000   0.580557     2.5504 6.8227e-02      0.660     7.3014  1004.6740     5.6360     37.729          6 0.0000e+00
     38.000   0.581875     2.5311 6.7869e-02      0.680     7.2294  1004.6925     5.6530     38.749          6 0.0000e+00
     39.000   0.584034     2.5476 6.7605e-02      0.702     7.1458  1004.7130     5.6724     39.769          6 0.0000e+00
     40.000   0.587002     2.5637 6.7655e-02      0.686     7.0471  1004.7403     5.7002     40.789          6 0.0000e+00
     41.000   0.589077     2.5818 6.7438e-02      0.669     6.9594  1004.7599     5.7184     41.808          6 0.0000e+00
     42.000   0.590452     2.6015 6.7176e-02      0.654     6.8888  1004.7733     5.7290     42.828          6 0.0000e+00
     43.000   0.592218     2.6206 6.7090e-02      0.645     6.7998  1004.7901     5.7438     43.848          6 0.0000e+00
     44.000   0.594136     2.6387 6.7034e-02      0.658     6.6708  1004.8083     5.7604     44.867          6 0.0000e+00
     45.000   0.595456     2.6522 6.7009e-02      0.670     6.6015  1004.8221     5.7715     45.887          6 0.0000e+00
     46.000   0.596396     2.6654 6.6882e-02      0.655     6.5419  1004.8329     5.7788     46.907          6 0.0000e+00
     47.000   0.597281     2.6780 6.6876e-02      0.657     6.4805  1004.8432     5.7856     47.927          7 0.0000e+00
     48.000   0.598465     2.7018 6.6654e-02      0.644     6.4011  1004.8544     5.7934     48.946          6 0.0000e+00
     49.000   0.599525     2.7155 6.6585e-02      0.646     6.3294  1004.8660     5.8018     49.966          6 0.0000e+00
     50.000   0.600246     2.7174 6.6651e-02      0.633     6.2907  1004.8765     5.8088     50.986          6 0.0000e+00
     51.000   0.601024     2.7313 6.6743e-02      0.631     6.2271  1004.8858     5.8142     52.006          7 0.0000e+00
     52.000   0.601865     2.7451 6.6540e-02      0.634     6.1910  1004.8956     5.8203     53.025          6 0.0000e+00
     53.000   0.602559     2.7494 6.6545e-02      0.644     6.2167  1004.9055     5.8266     54.045          6 0.0000e+00
     54.000   0.603424     2.7660 6.6596e-02      0.643     6.2657  1004.9150     5.8324     55.065          6 0.0000e+00
     55.000   0.604589     2.7861 6.6539e-02      0.645     6.2701  1004.9265     5.8407     56.084          7 0.0000e+00
     56.000   0.605574     2.7985 6.6465e-02      0.641     6.2369  1004.9377     5.8485     57.104          6 0.0000e+00
     57.000   0.606242     2.8100 6.6550e-02      0.630     6.2411  1004.9463     5.8532     58.124          6 0.0000e+00
     58.000   0.606577     2.8152 6.6479e-02      0.627     6.2219  1004.9531     5.8556     59.144          7 0.0000e+00
     59.000   0.606807     2.8175 6.6561e-02      0.626     6.2099  1004.9595     5.8574     60.163          6 0.0000e+00
     60.000   0.606916     2.8203 6.6502e-02      0.629     6.2222  1004.9648     5.8579     61.183          6 0.0000e+00
     61.000   0.606977     2.8167 6.6346e-02      0.656     6.1778  1004.9707     5.8591     62.203          6 0.0000e+00
     62.000   0.607092     2.8190 6.6524e-02      0.662     6.1634  1004.9762     5.8597     63.222          6 0.0000e+00
     63.000   0.607227     2.8191 6.6394e-02      0.648     6.1634  1004.9821     5.8610     64.242          7 0.0000e+00
     64.000   0.607492     2.8208 6.6360e-02      0.635     6.1767  1004.9889     5.8633     65.262          6 0.0000e+00
     65.000   0.607698     2.8237 6.6358e-02      0.628     6.1905  1004.9950     5.8648     66.282          6 0.0000e+00
     66.000   0.607978     2.8281 6.6355e-02      0.638     6.1757  1005.0015     5.8668     67.301          7 0.0000e+00
     67.000   0.608256     2.8334 6.6375e-02      0.642     6.1619  1005.0078     5.8686     68.321          6 0.0000e+00
     68.000   0.608617     2.8402 6.6310e-02      0.651     6.1054  1005.0146     5.8710     69.341          6 0.0000e+00
     69.000   0.608990     2.8464 6.6349e-02      0.641     6.0982  1005.0216     5.8736     70.360          6 0.0000e+00
     70.000   0.609502     2.8560 6.6156e-02      0.639     6.1044  1005.0292     5.8770     71.380          6 0.0000e+00
     71.000   0.610127     2.8672 6.6208e-02      0.634     6.1475  1005.0375     5.8813     72.400          7 0.0000e+00
     72.000   0.610656     2.8743 6.6205e-02      0.654     6.1242  1005.0456     5.8853     73.420          6 0.0000e+00
     73.000   0.611175     2.8812 6.6158e-02      0.654     6.0817  1005.0537     5.8893     74.439          6 0.0000e+00
     74.000   0.611514     2.8869 6.6030e-02      0.645     6.0373  1005.0605     5.8916     75.459          6 0.0000e+00
     75.000   0.611690     2.8906 6.6057e-02      0.631     6.0140  1005.0662     5.8927     76.479          7 0.0000e+00
     76.000   0.611787     2.8925 6.6042e-02      0.632     6.0202  1005.0715     5.8932     77.498          6 0.0000e+00
     77.000   0.611926     2.8948 6.6072e-02      0.568     5.9861  1005.0771     5.8941     78.518         11 0.0000e+00
     78.000   0.612344     2.9058 6.6037e-02      0.156     6.0318  1005.0837     5.8963     79.538         15 0.0000e+00
     79.000   0.613009     2.9152 6.5824e-02      0.387     6.0013  1005.0926     5.9013     80.557          9 0.0000e+00
     80.000   0.613353     2.9199 6.5856e-02      0.489     5.9349  1005.0996     5.9038     81.577          9 0.0000e+00
     81.000   0.613517     2.9202 6.5789e-02      0.453     5.9590  1005.1057     5.9054     82.597          9 0.0000e+00
     82.000   0.613631     2.9216 6.5732e-02      0.400     5.7601  1005.1113     5.9062     83.617         11 0.0000e+00
