ctdpy/exports/archive_20200326_115716/received_data/gv10_v07_19.cnv
* Sea-Bird SBE19plus Data File:
* FileName = C:\CTD\CTD 2019\K05\Gv10_K05v7_2019.hex
* Software Version 1.59
* Temperature SN =  7668
* Conductivity SN =  7668
* System UpLoad Time = Feb 12 2019 20:01:51
** Gv10_K05v7_2019
* ds
# nquan = 10
# nvalues = 42                          
# units = specified
# name 0 = prdM: Pressure, Strain Gauge [db]
# name 1 = c0S/m: Conductivity [S/m]
# name 2 = tv290C: Temperature [ITS-90, deg C]
# name 3 = par: PAR/Irradiance, Biospherical/Licor
# name 4 = dz/dtM: Descent Rate [m/s]
# name 5 = density00: Density [density, kg/m^3]
# name 6 = sal00: Salinity, Practical [PSU]
# name 7 = depFM: Depth [fresh water, m], lat = 0
# name 8 = nbin: number of scans per bin
# name 9 = flag: flag
# span 0 =      1.000,     42.000       
# span 1 =   0.432076,   0.524223       
# span 2 =    -0.2197,     0.8574       
# span 3 = 1.0000e-12, 1.0000e-12       
# span 4 =      0.098,      1.231       
# span 5 =  1003.5039,  1004.4274       
# span 6 =     4.4978,     5.3413       
# span 7 =      1.020,     42.828       
# span 8 =          3,         12       
# span 9 = 0.0000e+00, 0.0000e+00       
# interval = decibars: 1                
# start_time = Feb 12 2019 20:35:40 [Instrument's time stamp, header]
# bad_flag = -9.990e-29
*END*
      1.000   0.432499    -0.2135 1.0000e-12      0.098  1003.5039     4.5026      1.020          9 0.0000e+00
      2.000   0.432076    -0.2136 1.0000e-12      0.622  1003.5051     4.4978      2.039          4 0.0000e+00
      3.000   0.433023    -0.2153 1.0000e-12      1.141  1003.5187     4.5085      3.059          4 0.0000e+00
      4.000   0.433914    -0.2168 1.0000e-12      1.231  1003.5317     4.5184      4.079          3 0.0000e+00
      5.000   0.435447    -0.2174 1.0000e-12      1.208  1003.5506     4.5355      5.099          4 0.0000e+00
      6.000   0.436079    -0.2178 1.0000e-12      1.200  1003.5613     4.5425      6.118          3 0.0000e+00
      7.000   0.436368    -0.2173 1.0000e-12      1.175  1003.5688     4.5455      7.138          4 0.0000e+00
      8.000   0.437600    -0.2170 1.0000e-12      1.146  1003.5848     4.5590      8.158          3 0.0000e+00
      9.000   0.437950    -0.2164 1.0000e-12      1.108  1003.5929     4.5627      9.177          4 0.0000e+00
     10.000   0.438915    -0.2170 1.0000e-12      1.050  1003.6067     4.5734     10.197          4 0.0000e+00
     11.000   0.439996    -0.2175 1.0000e-12      1.006  1003.6214     4.5855     11.217          4 0.0000e+00
     12.000   0.440123    -0.2186 1.0000e-12      0.955  1003.6276     4.5869     12.237          5 0.0000e+00
     13.000   0.440207    -0.2193 1.0000e-12      0.899  1003.6334     4.5879     13.256          4 0.0000e+00
     14.000   0.443729    -0.2197 1.0000e-12      0.856  1003.6701     4.6270     14.276          5 0.0000e+00
     15.000   0.445069    -0.2132 1.0000e-12      0.830  1003.6867     4.6408     15.296          5 0.0000e+00
     16.000   0.445671    -0.2075 1.0000e-12      0.814  1003.6967     4.6465     16.315          4 0.0000e+00
     17.000   0.446116    -0.2004 1.0000e-12      0.851  1003.7052     4.6502     17.335          5 0.0000e+00
     18.000   0.446904    -0.1878 1.0000e-12      0.950  1003.7163     4.6570     18.355          4 0.0000e+00
     19.000   0.447701    -0.1788 1.0000e-12      1.002  1003.7278     4.6643     19.375          4 0.0000e+00
     20.000   0.448931    -0.1866 1.0000e-12      0.971  1003.7444     4.6791     20.394          4 0.0000e+00
     21.000   0.451956    -0.1841 1.0000e-12      0.917  1003.7765     4.7122     21.414          5 0.0000e+00
     22.000   0.456204    -0.1693 1.0000e-12      0.871  1003.8187     4.7570     22.434          5 0.0000e+00
     23.000   0.460301    -0.1501 1.0000e-12      0.826  1003.8591     4.7995     23.453          5 0.0000e+00
     24.000   0.466461    -0.1109 1.0000e-12      0.786  1003.9165     4.8616     24.473          4 0.0000e+00
     25.000   0.475731    -0.0147 1.0000e-12      0.820  1003.9969     4.9489     25.493          5 0.0000e+00
     26.000   0.490049     0.1957 1.0000e-12      0.932  1004.1117     5.0726     26.513          4 0.0000e+00
     27.000   0.506227     0.4722 1.0000e-12      1.013  1004.2346     5.2042     27.532          4 0.0000e+00
     28.000   0.515572     0.6687 1.0000e-12      0.997  1004.3025     5.2729     28.552          4 0.0000e+00
     29.000   0.521244     0.7761 1.0000e-12      0.897  1004.3461     5.3163     29.572          4 0.0000e+00
     30.000   0.523379     0.7939 1.0000e-12      0.919  1004.3679     5.3364     30.592          4 0.0000e+00
     31.000   0.523897     0.7974 1.0000e-12      1.110  1004.3770     5.3413     31.611          5 0.0000e+00
     32.000   0.523813     0.8011 1.0000e-12      0.792  1004.3807     5.3396     32.631          7 0.0000e+00
     33.000   0.523557     0.8035 1.0000e-12      0.383  1004.3832     5.3363     33.651         10 0.0000e+00
     34.000   0.523165     0.8068 1.0000e-12      0.452  1004.3843     5.3313     34.670          9 0.0000e+00
     35.000   0.523218     0.8089 1.0000e-12      0.380  1004.3894     5.3314     35.690         11 0.0000e+00
     36.000   0.523104     0.8099 1.0000e-12      0.364  1004.3932     5.3299     36.710         11 0.0000e+00
     37.000   0.522993     0.8103 1.0000e-12      0.375  1004.3971     5.3286     37.729         11 0.0000e+00
     38.000   0.523227     0.8199 1.0000e-12      0.312  1004.4031     5.3293     38.749         12 0.0000e+00
     39.000   0.523018     0.8171 1.0000e-12      0.364  1004.4065     5.3274     39.769         10 0.0000e+00
     40.000   0.523579     0.8333 1.0000e-12      0.445  1004.4145     5.3306     40.789          9 0.0000e+00
     41.000   0.524134     0.8509 1.0000e-12      0.451  1004.4224     5.3335     41.808         10 0.0000e+00
     42.000   0.524223     0.8574 1.0000e-12      0.431  1004.4274     5.3332     42.828          8 0.0000e+00
