ctdpy/exports/archive_20200326_115716/received_data/gv7_v03_19.cnv
* Sea-Bird SBE19plus Data File:
* FileName = C:\CTD\CTD 2019\v03\Gv7_v03_19.hex
* Software Version 1.59
* Temperature SN =  4644
* Conductivity SN =  4644
* System UpLoad Time = Jan 17 2019 12:38:42
** SGv7 2019K02 v3
* ds
# nquan = 11
# nvalues = 47                          
# units = specified
# name 0 = prdM: Pressure, Strain Gauge [db]
# name 1 = c0S/m: Conductivity [S/m]
# name 2 = tv290C: Temperature [ITS-90, deg C]
# name 3 = par: PAR/Irradiance, Biospherical/Licor
# name 4 = dz/dtM: Descent Rate [m/s]
# name 5 = sbeox0ML/L: Oxygen, SBE 43 [ml/l]
# name 6 = density00: Density [density, kg/m^3]
# name 7 = sal00: Salinity, Practical [PSU]
# name 8 = depFM: Depth [fresh water, m], lat = 58
# name 9 = nbin: number of scans per bin
# name 10 = flag: flag
# span 0 =      1.000,     47.000       
# span 1 =   0.555442,   0.621337       
# span 2 =     2.3806,     3.8156       
# span 3 = 5.1530e-02, 3.4304e+01       
# span 4 =      0.198,      0.706       
# span 5 =     6.4084,     8.2691       
# span 6 =  1004.3125,  1004.8677       
# span 7 =     5.4078,     5.8292       
# span 8 =      1.020,     47.927       
# span 9 =          3,          8       
# span 10 = 0.0000e+00, 0.0000e+00      
# interval = decibars: 1                
# start_time = Jan 17 2019 12:29:33 [Instrument's time stamp, header]
# bad_flag = -9.990e-29
*END*
      1.000   0.555442     2.3831 3.4304e+01      0.198     8.2638  1004.3125     5.4078      1.020          8 0.0000e+00
      2.000   0.555521     2.3866 2.1039e+01      0.633     8.2679  1004.3175     5.4079      2.039          7 0.0000e+00
      3.000   0.555557     2.3871 1.4404e+01      0.534     8.2691  1004.3226     5.4081      3.059          7 0.0000e+00
      4.000   0.555612     2.3883 9.7890e+00      0.611     8.2639  1004.3278     5.4083      4.079          6 0.0000e+00
      5.000   0.555784     2.3939 7.2001e+00      0.594     8.2622  1004.3334     5.4091      5.099          7 0.0000e+00
      6.000   0.555849     2.3958 5.3759e+00      0.603     8.2602  1004.3385     5.4093      6.118          7 0.0000e+00
      7.000   0.555919     2.3971 4.0994e+00      0.631     8.2611  1004.3438     5.4097      7.138          6 0.0000e+00
      8.000   0.555906     2.3965 3.1291e+00      0.630     8.2619  1004.3487     5.4096      8.158          6 0.0000e+00
      9.000   0.556085     2.4011 2.4478e+00      0.594     8.2566  1004.3544     5.4105      9.178          7 0.0000e+00
     10.000   0.556593     2.4109 1.8863e+00      0.628     8.2463  1004.3623     5.4141     10.197          6 0.0000e+00
     11.000   0.556768     2.4137 1.4854e+00      0.638     8.2464  1004.3682     5.4153     11.217          7 0.0000e+00
     12.000   0.556858     2.4143 1.1715e+00      0.560     8.2381  1004.3737     5.4160     12.237          7 0.0000e+00
     13.000   0.557183     2.4155 9.1269e-01      0.617     8.2234  1004.3811     5.4191     13.256          7 0.0000e+00
     14.000   0.557711     2.4153 7.3180e-01      0.484     8.2011  1004.3904     5.4245     14.276          7 0.0000e+00
     15.000   0.558529     2.4089 5.6724e-01      0.621     8.1575  1004.4029     5.4340     15.296          7 0.0000e+00
     16.000   0.559788     2.3940 4.5666e-01      0.549     8.1271  1004.4202     5.4496     16.315          7 0.0000e+00
     17.000   0.560271     2.3850 3.5516e-01      0.658     8.1109  1004.4303     5.4560     17.335          6 0.0000e+00
     18.000   0.560573     2.3806 2.8408e-01      0.630     8.1088  1004.4383     5.4598     18.355          7 0.0000e+00
     19.000   0.560758     2.3812 2.2934e-01      0.529     8.1129  1004.4446     5.4615     19.375          6 0.0000e+00
     20.000   0.561041     2.3862 1.8276e-01      0.706     8.0977  1004.4512     5.4635     20.394          7 0.0000e+00
     21.000   0.561349     2.3941 1.5317e-01      0.524     8.0975  1004.4576     5.4652     21.414          7 0.0000e+00
     22.000   0.561548     2.4004 1.2606e-01      0.633     8.1004  1004.4633     5.4661     22.434          6 0.0000e+00
     23.000   0.561845     2.4112 1.0747e-01      0.595     8.0756  1004.4692     5.4673     23.453          7 0.0000e+00
     24.000   0.563887     2.4895 9.4507e-02      0.519     8.0339  1004.4806     5.4749     24.473          8 0.0000e+00
     25.000   0.567587     2.6490 8.3974e-02      0.558     7.9115  1004.4947     5.4857     25.493          7 0.0000e+00
     26.000   0.575062     2.9504 7.6429e-02      0.525     7.7367  1004.5194     5.5107     26.513          8 0.0000e+00
     27.000   0.579860     3.0846 7.0887e-02      0.507     7.6243  1004.5446     5.5366     27.532          7 0.0000e+00
     28.000   0.581961     3.1010 6.6397e-02      0.595     7.5638  1004.5642     5.5551     28.552          7 0.0000e+00
     29.000   0.583528     3.1367 6.3062e-02      0.515     7.5250  1004.5766     5.5649     29.572          8 0.0000e+00
     30.000   0.585933     3.2163 6.0357e-02      0.575     7.4523  1004.5895     5.5755     30.591          7 0.0000e+00
     31.000   0.587685     3.2812 5.8473e-02      0.535     7.4184  1004.5991     5.5820     31.611          7 0.0000e+00
     32.000   0.590771     3.3665 5.6973e-02      0.586     7.2825  1004.6163     5.5984     32.631          7 0.0000e+00
     33.000   0.595975     3.4908 5.5813e-02      0.616     7.0716  1004.6446     5.6294     33.651          7 0.0000e+00
     34.000   0.603281     3.6451 5.4879e-02      0.500     6.8680  1004.6846     5.6762     34.670          7 0.0000e+00
     35.000   0.606700     3.7227 5.4198e-02      0.598     6.7536  1004.7049     5.6969     35.690          7 0.0000e+00
     36.000   0.610589     3.7995 5.3678e-02      0.532     6.6862  1004.7288     5.7224     36.710          8 0.0000e+00
     37.000   0.612057     3.8156 5.3145e-02      0.672     6.6948  1004.7428     5.7342     37.729          6 0.0000e+00
     38.000   0.610917     3.7604 5.2868e-02      0.238     6.7449  1004.7472     5.7323     38.749          5 0.0000e+00
     39.000   0.611764     3.7851 5.2554e-02      0.441     6.7046  1004.7549     5.7364     39.769          7 0.0000e+00
     40.000   0.612741     3.8156 5.2315e-02      0.587     6.6901  1004.7627     5.7407     40.789          8 0.0000e+00
     41.000   0.612864     3.8149 5.2260e-02      0.544     6.6982  1004.7686     5.7420     41.808          7 0.0000e+00
     42.000   0.612602     3.8019 5.1998e-02      0.613     6.7312  1004.7734     5.7415     42.828          7 0.0000e+00
     43.000   0.611841     3.7552 5.1935e-02      0.449     6.7806  1004.7795     5.7420     43.848          8 0.0000e+00
     44.000   0.612473     3.7310 5.1855e-02      0.629     6.7318  1004.7931     5.7526     44.868          7 0.0000e+00
     45.000   0.615809     3.7668 5.1832e-02      0.480     6.6476  1004.8190     5.7796     45.887          8 0.0000e+00
     46.000   0.617763     3.7853 5.1720e-02      0.562     6.5594  1004.8365     5.7959     46.907          8 0.0000e+00
     47.000   0.621337     3.7992 5.1530e-02      0.537     6.4084  1004.8677     5.8292     47.927          3 0.0000e+00
