ctdpy/exports/archive_20200326_115716/received_data/gv8_v03_19.cnv
* Sea-Bird SBE19plus Data File:
* FileName = C:\CTD\CTD 2019\v03\Gv8_v03_19.hex
* Software Version 1.59
* Temperature SN =  4644
* Conductivity SN =  4644
* System UpLoad Time = Jan 17 2019 13:21:37
** SGv8 2019K02 v3
* ds
# nquan = 11
# nvalues = 51                          
# units = specified
# name 0 = prdM: Pressure, Strain Gauge [db]
# name 1 = c0S/m: Conductivity [S/m]
# name 2 = tv290C: Temperature [ITS-90, deg C]
# name 3 = par: PAR/Irradiance, Biospherical/Licor
# name 4 = dz/dtM: Descent Rate [m/s]
# name 5 = sbeox0ML/L: Oxygen, SBE 43 [ml/l]
# name 6 = density00: Density [density, kg/m^3]
# name 7 = sal00: Salinity, Practical [PSU]
# name 8 = depFM: Depth [fresh water, m], lat = 58
# name 9 = nbin: number of scans per bin
# name 10 = flag: flag
# span 0 =      1.000,     51.000       
# span 1 =   0.556607,   0.628014       
# span 2 =     2.3436,     3.9277       
# span 3 = 4.3617e-02, 3.4682e+01       
# span 4 =     -0.133,      0.716       
# span 5 =     6.2293,     8.1660       
# span 6 =  1004.3273,  1004.9216       
# span 7 =     5.4266,     5.8751       
# span 8 =      1.020,     52.006       
# span 9 =          4,         15       
# span 10 = 0.0000e+00, 0.0000e+00      
# interval = decibars: 1                
# start_time = Jan 17 2019 13:11:25 [Instrument's time stamp, header]
# bad_flag = -9.990e-29
*END*
      1.000   0.556607     2.3436 3.4682e+01     -0.133     8.1660  1004.3273     5.4266      1.020          4 0.0000e+00
      2.000   0.557072     2.3626 2.1098e+01      0.487     8.1641  1004.3336     5.4281      2.040          8 0.0000e+00
      3.000   0.557267     2.3716 1.4000e+01      0.573     8.1544  1004.3389     5.4285      3.059          7 0.0000e+00
      4.000   0.558040     2.3885 9.4682e+00      0.576     8.1245  1004.3480     5.4336      4.079          6 0.0000e+00
      5.000   0.559098     2.4078 6.6014e+00      0.650     8.0898  1004.3592     5.4412      5.098          7 0.0000e+00
      6.000   0.560006     2.4222 4.8377e+00      0.582     8.0482  1004.3697     5.4481      6.118          6 0.0000e+00
      7.000   0.562079     2.4483 3.5488e+00      0.634     7.9794  1004.3884     5.4650      7.138          7 0.0000e+00
      8.000   0.564323     2.4717 2.6701e+00      0.608     7.9090  1004.4089     5.4842      8.158          6 0.0000e+00
      9.000   0.565882     2.4875 1.9892e+00      0.617     7.8923  1004.4246     5.4975      9.177          6 0.0000e+00
     10.000   0.566325     2.5022 1.4869e+00      0.660     7.8812  1004.4312     5.4995     10.197          7 0.0000e+00
     11.000   0.566863     2.5199 1.1452e+00      0.544     7.8584  1004.4381     5.5019     11.217          7 0.0000e+00
     12.000   0.567810     2.5407 8.5163e-01      0.610     7.8219  1004.4481     5.5081     12.237          7 0.0000e+00
     13.000   0.568324     2.5476 6.5897e-01      0.514     7.8023  1004.4563     5.5121     13.256          7 0.0000e+00
     14.000   0.568633     2.5479 4.9179e-01      0.585     7.7770  1004.4636     5.5151     14.276          7 0.0000e+00
     15.000   0.569542     2.5711 3.7211e-01      0.622     7.7516  1004.4729     5.5204     15.296          7 0.0000e+00
     16.000   0.571539     2.6393 2.8613e-01      0.527     7.7143  1004.4850     5.5292     16.316          6 0.0000e+00
     17.000   0.573158     2.6972 2.1120e-01      0.716     7.6881  1004.4954     5.5358     17.335          6 0.0000e+00
     18.000   0.573445     2.7128 1.6784e-01      0.589     7.7065  1004.5004     5.5359     18.355          7 0.0000e+00
     19.000   0.574026     2.7417 1.3151e-01      0.591     7.6751  1004.5061     5.5368     19.375          7 0.0000e+00
     20.000   0.576207     2.8176 1.0478e-01      0.658     7.6418  1004.5184     5.5460     20.394          6 0.0000e+00
     21.000   0.577117     2.8431 8.7683e-02      0.539     7.6370  1004.5271     5.5508     21.414          7 0.0000e+00
     22.000   0.577800     2.8600 7.3234e-02      0.665     7.6318  1004.5353     5.5549     22.434          7 0.0000e+00
     23.000   0.579440     2.9244 6.4463e-02      0.490     7.5742  1004.5445     5.5604     23.453          7 0.0000e+00
     24.000   0.581263     2.9953 5.6988e-02      0.614     7.5654  1004.5542     5.5667     24.473          7 0.0000e+00
     25.000   0.582917     3.0350 5.2431e-02      0.524     7.4506  1004.5669     5.5767     25.493          7 0.0000e+00
     26.000   0.591158     3.2371 4.8802e-02      0.581     7.2949  1004.6095     5.6255     26.512          7 0.0000e+00
     27.000   0.595579     3.3525 4.6342e-02      0.612     7.2347  1004.6332     5.6502     27.532          7 0.0000e+00
     28.000   0.596938     3.3994 4.4428e-02      0.578     7.2024  1004.6420     5.6557     28.552          6 0.0000e+00
     29.000   0.598796     3.4658 4.3621e-02      0.609     7.1038  1004.6518     5.6628     29.572          7 0.0000e+00
     30.000   0.602514     3.5847 4.3617e-02      0.580     7.0097  1004.6685     5.6794     30.591          7 0.0000e+00
     31.000   0.605263     3.6653 4.3617e-02      0.582     6.9444  1004.6830     5.6929     31.611          7 0.0000e+00
     32.000   0.607243     3.7163 4.3617e-02      0.578     6.8910  1004.6958     5.7038     32.631          7 0.0000e+00
     33.000   0.608197     3.7398 4.3617e-02      0.575     6.8793  1004.7046     5.7092     33.651          7 0.0000e+00
     34.000   0.608921     3.7547 4.3617e-02      0.588     6.8532  1004.7129     5.7137     34.670          7 0.0000e+00
     35.000   0.610667     3.7896 4.3617e-02      0.514     6.7635  1004.7262     5.7250     35.690          7 0.0000e+00
     36.000   0.613846     3.8664 4.3617e-02      0.611     6.6807  1004.7442     5.7433     36.710          7 0.0000e+00
     37.000   0.615789     3.8964 4.3617e-02      0.539     6.6480  1004.7597     5.7573     37.729          7 0.0000e+00
     38.000   0.617445     3.9072 4.3617e-02      0.578     6.6143  1004.7760     5.7719     38.749          7 0.0000e+00
     39.000   0.618344     3.9111 4.3617e-02      0.579     6.5786  1004.7874     5.7801     39.769          7 0.0000e+00
     40.000   0.618942     3.9047 4.3617e-02      0.518     6.5221  1004.7980     5.7871     40.788          7 0.0000e+00
     41.000   0.620563     3.9118 4.3617e-02      0.599     6.4006  1004.8146     5.8020     41.808          8 0.0000e+00
     42.000   0.623456     3.9277 4.3617e-02      0.500     6.2994  1004.8398     5.8280     42.828          7 0.0000e+00
     43.000   0.625124     3.9247 4.3617e-02      0.564     6.3054  1004.8584     5.8451     43.848          7 0.0000e+00
     44.000   0.625911     3.9166 4.3617e-02      0.548     6.3090  1004.8708     5.8544     44.867          8 0.0000e+00
     45.000   0.626194     3.9180 4.3617e-02      0.500     6.3084  1004.8776     5.8568     45.887          8 0.0000e+00
     46.000   0.626258     3.9186 4.3617e-02      0.567     6.3112  1004.8829     5.8572     46.907          7 0.0000e+00
     47.000   0.626364     3.9193 4.3617e-02      0.574     6.3020  1004.8884     5.8581     47.927          7 0.0000e+00
     48.000   0.626601     3.9191 4.3617e-02      0.518     6.2850  1004.8951     5.8604     48.946          7 0.0000e+00
     49.000   0.627387     3.9163 4.3617e-02      0.523     6.2402  1004.9066     5.8686     49.966         11 0.0000e+00
     50.000   0.627882     3.9143 4.3617e-02      0.239     6.2352  1004.9157     5.8739     50.986         15 0.0000e+00
     51.000   0.628014     3.9141 4.3617e-02      0.272     6.2293  1004.9216     5.8751     52.006         15 0.0000e+00
