ctdpy/exports/archive_20200326_115716/received_data/gv9_v07_19.cnv
* Sea-Bird SBE19plus Data File:
* FileName = C:\CTD\CTD 2019\K05\Gv9_K05v7_2019.hex
* Software Version 1.59
* Temperature SN =  7668
* Conductivity SN =  7668
* System UpLoad Time = Feb 12 2019 19:03:54
** Gv9_K05v7_2019
* ds
# nquan = 10
# nvalues = 48                          
# units = specified
# name 0 = prdM: Pressure, Strain Gauge [db]
# name 1 = c0S/m: Conductivity [S/m]
# name 2 = tv290C: Temperature [ITS-90, deg C]
# name 3 = par: PAR/Irradiance, Biospherical/Licor
# name 4 = dz/dtM: Descent Rate [m/s]
# name 5 = density00: Density [density, kg/m^3]
# name 6 = sal00: Salinity, Practical [PSU]
# name 7 = depFM: Depth [fresh water, m], lat = 0
# name 8 = nbin: number of scans per bin
# name 9 = flag: flag
# span 0 =      1.000,     48.000       
# span 1 =   0.424512,   0.628056       
# span 2 =    -0.2289,     3.8806       
# span 3 = 1.0000e-12, 1.0000e-12       
# span 4 =      0.271,      1.216       
# span 5 =  1003.4330,  1004.9060       
# span 6 =     4.4163,     5.8821       
# span 7 =      1.020,     48.946       
# span 8 =          3,          8       
# span 9 = 0.0000e+00, 0.0000e+00       
# interval = decibars: 1                
# start_time = Feb 12 2019 19:36:22 [Instrument's time stamp, header]
# bad_flag = -9.990e-29
*END*
      1.000   0.424512    -0.2289 1.0000e-12      0.271  1003.4330     4.4163      1.020          8 0.0000e+00
      2.000   0.425473    -0.2273 1.0000e-12      0.641  1003.4465     4.4266      2.039          6 0.0000e+00
      3.000   0.426806    -0.2238 1.0000e-12      0.781  1003.4633     4.4407      3.059          5 0.0000e+00
      4.000   0.428513    -0.2186 1.0000e-12      0.862  1003.4833     4.4588      4.079          4 0.0000e+00
      5.000   0.430069    -0.2142 1.0000e-12      0.961  1003.5019     4.4753      5.099          4 0.0000e+00
      6.000   0.431666    -0.2104 1.0000e-12      1.046  1003.5211     4.4924      6.118          3 0.0000e+00
      7.000   0.431794    -0.2072 1.0000e-12      1.154  1003.5270     4.4932      7.138          4 0.0000e+00
      8.000   0.432018    -0.2049 1.0000e-12      1.164  1003.5338     4.4953      8.158          3 0.0000e+00
      9.000   0.432906    -0.2050 1.0000e-12      1.135  1003.5468     4.5051      9.177          4 0.0000e+00
     10.000   0.435722    -0.2052 1.0000e-12      1.124  1003.5771     4.5362     10.197          4 0.0000e+00
     11.000   0.439617    -0.2027 1.0000e-12      1.107  1003.6170     4.5790     11.217          3 0.0000e+00
     12.000   0.443648    -0.1984 1.0000e-12      1.080  1003.6579     4.6230     12.236          4 0.0000e+00
     13.000   0.445305    -0.1958 1.0000e-12      1.039  1003.6777     4.6409     13.256          4 0.0000e+00
     14.000   0.446423    -0.1945 1.0000e-12      0.989  1003.6926     4.6531     14.276          4 0.0000e+00
     15.000   0.452988    -0.1913 1.0000e-12      0.928  1003.7565     4.7254     15.296          5 0.0000e+00
     16.000   0.455908    -0.1907 1.0000e-12      0.854  1003.7878     4.7577     16.315          5 0.0000e+00
     17.000   0.456836    -0.1909 1.0000e-12      0.804  1003.8011     4.7680     17.335          4 0.0000e+00
     18.000   0.457642    -0.1898 1.0000e-12      0.862  1003.8133     4.7767     18.355          4 0.0000e+00
     19.000   0.458667    -0.1883 1.0000e-12      0.977  1003.8274     4.7878     19.375          4 0.0000e+00
     20.000   0.459799    -0.1830 1.0000e-12      1.048  1003.8422     4.7994     20.394          4 0.0000e+00
     21.000   0.461786    -0.1670 1.0000e-12      1.093  1003.8639     4.8189     21.414          4 0.0000e+00
     22.000   0.464694    -0.1576 1.0000e-12      1.100  1003.8943     4.8497     22.434          3 0.0000e+00
     23.000   0.467532    -0.1383 1.0000e-12      1.114  1003.9234     4.8780     23.453          4 0.0000e+00
     24.000   0.470118    -0.0939 1.0000e-12      1.159  1003.9481     4.8996     24.473          3 0.0000e+00
     25.000   0.472402    -0.0507 1.0000e-12      1.207  1003.9700     4.9178     25.493          3 0.0000e+00
     26.000   0.476635     0.0140 1.0000e-12      1.216  1004.0076     4.9541     26.512          4 0.0000e+00
     27.000   0.484263     0.1169 1.0000e-12      1.209  1004.0721     5.0217     27.532          3 0.0000e+00
     28.000   0.490281     0.2125 1.0000e-12      1.191  1004.1224     5.0723     28.552          3 0.0000e+00
     29.000   0.494585     0.2920 1.0000e-12      1.160  1004.1584     5.1064     29.572          4 0.0000e+00
     30.000   0.498501     0.3541 1.0000e-12      1.120  1004.1923     5.1390     30.591          4 0.0000e+00
     31.000   0.502172     0.4210 1.0000e-12      1.079  1004.2235     5.1680     31.611          4 0.0000e+00
     32.000   0.505495     0.4789 1.0000e-12      1.047  1004.2523     5.1946     32.631          3 0.0000e+00
     33.000   0.508775     0.5483 1.0000e-12      1.025  1004.2793     5.2186     33.651          5 0.0000e+00
     34.000   0.514797     0.6968 1.0000e-12      0.997  1004.3222     5.2590     34.670          4 0.0000e+00
     35.000   0.524056     0.9541 1.0000e-12      0.953  1004.3810     5.3155     35.690          4 0.0000e+00
     36.000   0.532312     1.2085 1.0000e-12      0.905  1004.4295     5.3607     36.710          5 0.0000e+00
     37.000   0.537263     1.3783 1.0000e-12      0.855  1004.4576     5.3844     37.730          4 0.0000e+00
     38.000   0.545398     1.6258 1.0000e-12      0.850  1004.5028     5.4283     38.749          4 0.0000e+00
     39.000   0.571245     2.2976 1.0000e-12      0.941  1004.6400     5.5830     39.769          4 0.0000e+00
     40.000   0.602277     3.1065 1.0000e-12      1.078  1004.7870     5.7605     40.789          4 0.0000e+00
     41.000   0.619170     3.6078 1.0000e-12      1.157  1004.8519     5.8423     41.808          4 0.0000e+00
     42.000   0.624879     3.8015 1.0000e-12      0.849  1004.8716     5.8649     42.828          7 0.0000e+00
     43.000   0.626128     3.8467 1.0000e-12      0.464  1004.8791     5.8692     43.848          6 0.0000e+00
     44.000   0.627645     3.8741 1.0000e-12      0.699  1004.8915     5.8794     44.867          6 0.0000e+00
     45.000   0.627833     3.8792 1.0000e-12      0.693  1004.8970     5.8802     45.887          6 0.0000e+00
     46.000   0.628056     3.8806 1.0000e-12      0.708  1004.9034     5.8821     46.907          5 0.0000e+00
     47.000   0.627774     3.8800 1.0000e-12      0.722  1004.9060     5.8792     47.927          8 0.0000e+00
     48.000   0.625711     3.8737 1.0000e-12      0.368  1004.8954     5.8596     48.946          5 0.0000e+00
