ctdpy/exports/archive_20200326_115716/received_data/ha10_v07_19.cnv
* Sea-Bird SBE19plus Data File:
* FileName = C:\CTD\CTD 2019\K05\Ha10_K05v7_2019.hex
* Software Version 1.59
* Temperature SN =  7668
* Conductivity SN =  7668
* System UpLoad Time = Feb 12 2019 17:11:40
** Ha10_K05v7__2019
* ds
# nquan = 10
# nvalues = 26                          
# units = specified
# name 0 = prdM: Pressure, Strain Gauge [db]
# name 1 = c0S/m: Conductivity [S/m]
# name 2 = tv290C: Temperature [ITS-90, deg C]
# name 3 = par: PAR/Irradiance, Biospherical/Licor
# name 4 = dz/dtM: Descent Rate [m/s]
# name 5 = density00: Density [density, kg/m^3]
# name 6 = sal00: Salinity, Practical [PSU]
# name 7 = depFM: Depth [fresh water, m], lat = 0
# name 8 = nbin: number of scans per bin
# name 9 = flag: flag
# span 0 =      1.000,     26.000       
# span 1 =   0.417979,   0.503115       
# span 2 =    -0.1958,     0.5448       
# span 3 = 1.0000e-12, 2.5231e-01       
# span 4 =      0.136,      0.872       
# span 5 =  1003.3822,  1004.1951       
# span 6 =     4.3389,     5.1580       
# span 7 =      1.020,     26.513       
# span 8 =          4,         27       
# span 9 = 0.0000e+00, 0.0000e+00       
# interval = decibars: 1                
# start_time = Feb 12 2019 17:44:44 [Instrument's time stamp, header]
# bad_flag = -9.990e-29
*END*
      1.000   0.422482    -0.1940 2.5231e-01      0.379  1003.4125     4.3887      1.020          6 0.0000e+00
      2.000   0.420035    -0.1952 8.3824e-02      0.870  1003.3956     4.3617      2.039          5 0.0000e+00
      3.000   0.417979    -0.1958 1.1839e-02      0.772  1003.3822     4.3389      3.060          5 0.0000e+00
      4.000   0.421597    -0.1920 6.8559e-04      0.836  1003.4194     4.3783      4.079          5 0.0000e+00
      5.000   0.428412    -0.1846 1.0000e-12      0.872  1003.4851     4.4526      5.099          4 0.0000e+00
      6.000   0.432156    -0.1788 1.0000e-12      0.847  1003.5233     4.4931      6.118          5 0.0000e+00
      7.000   0.435610    -0.1734 1.0000e-12      0.821  1003.5590     4.5305      7.138          5 0.0000e+00
      8.000   0.435281    -0.1725 1.0000e-12      0.793  1003.5609     4.5266      8.158          6 0.0000e+00
      9.000   0.439944    -0.1652 1.0000e-12      0.743  1003.6074     4.5771      9.177          6 0.0000e+00
     10.000   0.445859    -0.1376 1.0000e-12      0.484  1003.6636     4.6384     10.197         11 0.0000e+00
     11.000   0.453458    -0.0371 1.0000e-12      0.281  1003.7293     4.7070     11.217         11 0.0000e+00
     12.000   0.470866     0.1781 1.0000e-12      0.484  1003.8729     4.8653     12.237          7 0.0000e+00
     13.000   0.474766     0.2351 1.0000e-12      0.547  1003.9078     4.8990     13.256          8 0.0000e+00
     14.000   0.475591     0.2444 1.0000e-12      0.520  1003.9193     4.9066     14.276          9 0.0000e+00
     15.000   0.478291     0.2716 1.0000e-12      0.335  1003.9459     4.9318     15.296         13 0.0000e+00
     16.000   0.480347     0.3033 1.0000e-12      0.324  1003.9664     4.9492     16.315         11 0.0000e+00
     17.000   0.481209     0.3146 1.0000e-12      0.391  1003.9780     4.9567     17.335         10 0.0000e+00
     18.000   0.481750     0.3191 1.0000e-12      0.441  1003.9873     4.9618     18.355          9 0.0000e+00
     19.000   0.482787     0.3310 1.0000e-12      0.433  1004.0004     4.9712     19.375          9 0.0000e+00
     20.000   0.492246     0.4220 1.0000e-12      0.400  1004.0810     5.0600     20.394         12 0.0000e+00
     21.000   0.495396     0.4595 1.0000e-12      0.199  1004.1104     5.0882     21.414          8 0.0000e+00
     22.000   0.496668     0.4730 1.0000e-12      0.136  1004.1253     5.0998     22.434         11 0.0000e+00
     23.000   0.497480     0.4832 1.0000e-12      0.150  1004.1364     5.1069     23.453         27 0.0000e+00
     24.000   0.497888     0.4883 1.0000e-12      0.164  1004.1445     5.1104     24.473         24 0.0000e+00
     25.000   0.498742     0.4974 1.0000e-12      0.152  1004.1561     5.1182     25.493         26 0.0000e+00
     26.000   0.503115     0.5448 1.0000e-12      0.211  1004.1951     5.1580     26.513         19 0.0000e+00
