ctdpy/exports/archive_20200326_115716/received_data/ha7_v03_19.cnv
* Sea-Bird SBE19plus Data File:
* FileName = C:\CTD\CTD 2019\v03\Ha7_v03_19.hex
* Software Version 1.59
* Temperature SN =  4644
* Conductivity SN =  4644
* System UpLoad Time = Jan 17 2019 14:05:16
** SHa7 2019K02 v3
* ds
# nquan = 11
# nvalues = 26                          
# units = specified
# name 0 = prdM: Pressure, Strain Gauge [db]
# name 1 = c0S/m: Conductivity [S/m]
# name 2 = tv290C: Temperature [ITS-90, deg C]
# name 3 = par: PAR/Irradiance, Biospherical/Licor
# name 4 = dz/dtM: Descent Rate [m/s]
# name 5 = sbeox0ML/L: Oxygen, SBE 43 [ml/l]
# name 6 = density00: Density [density, kg/m^3]
# name 7 = sal00: Salinity, Practical [PSU]
# name 8 = depFM: Depth [fresh water, m], lat = 58
# name 9 = nbin: number of scans per bin
# name 10 = flag: flag
# span 0 =      1.000,     26.000       
# span 1 =   0.528837,   0.583080       
# span 2 =     1.3582,     2.9632       
# span 3 = 4.3617e-02, 2.3876e+01       
# span 4 =      0.173,      0.681       
# span 5 =     7.5081,     8.3738       
# span 6 =  1004.2110,  1004.5834       
# span 7 =     5.3015,     5.5907       
# span 8 =      1.020,     26.513       
# span 9 =          2,         14       
# span 10 = 0.0000e+00, 0.0000e+00      
# interval = decibars: 1                
# start_time = Jan 17 2019 13:57:29 [Instrument's time stamp, header]
# bad_flag = -9.990e-29
*END*
      1.000   0.528837     1.3582 2.3876e+01      0.210     8.1241  1004.2110     5.3015      1.020          8 0.0000e+00
      2.000   0.530428     1.4279 1.1549e+01      0.597     8.1283  1004.2217     5.3066      2.040          6 0.0000e+00
      3.000   0.535820     1.6278 6.7061e+00      0.614     8.1673  1004.2497     5.3299      3.059          7 0.0000e+00
      4.000   0.537825     1.7176 4.0923e+00      0.615     8.1900  1004.2611     5.3358      4.078          7 0.0000e+00
      5.000   0.539226     1.7847 2.6067e+00      0.592     8.2001  1004.2700     5.3391      5.099          6 0.0000e+00
      6.000   0.540421     1.8438 1.6977e+00      0.667     8.2039  1004.2779     5.3415      6.118          6 0.0000e+00
      7.000   0.540592     1.8596 1.1762e+00      0.623     8.2173  1004.2823     5.3406      7.138          7 0.0000e+00
      8.000   0.541032     1.8890 8.2037e-01      0.588     8.2373  1004.2874     5.3401      8.158          7 0.0000e+00
      9.000   0.543624     2.0117 5.8729e-01      0.594     8.2883  1004.2992     5.3465      9.177          7 0.0000e+00
     10.000   0.547041     2.1718 4.3587e-01      0.547     8.3373  1004.3129     5.3550     10.197          7 0.0000e+00
     11.000   0.550701     2.3375 3.2601e-01      0.569     8.3650  1004.3274     5.3651     11.217          7 0.0000e+00
     12.000   0.551900     2.4013 2.5610e-01      0.509     8.3738  1004.3341     5.3667     12.237          8 0.0000e+00
     13.000   0.552631     2.4359 2.0374e-01      0.536     8.3583  1004.3406     5.3683     13.256          7 0.0000e+00
     14.000   0.553548     2.4622 1.6318e-01      0.536     8.3195  1004.3497     5.3733     14.276          8 0.0000e+00
     15.000   0.553302     2.4445 1.3318e-01      0.518     8.2493  1004.3548     5.3736     15.296          7 0.0000e+00
     16.000   0.552525     2.3819 1.0780e-01      0.629     8.1489  1004.3613     5.3760     16.316          6 0.0000e+00
     17.000   0.553776     2.3252 8.7207e-02      0.631     7.9602  1004.3839     5.3986     17.335          7 0.0000e+00
     18.000   0.560345     2.4367 7.2061e-02      0.553     7.7800  1004.4290     5.4478     18.355          7 0.0000e+00
     19.000   0.565776     2.5140 5.9762e-02      0.681     7.6557  1004.4688     5.4908     19.374          6 0.0000e+00
     20.000   0.570399     2.6020 5.1768e-02      0.597     7.6029  1004.5001     5.5234     20.394          7 0.0000e+00
     21.000   0.572473     2.6656 4.6430e-02      0.552     7.5969  1004.5135     5.5338     21.414          7 0.0000e+00
     22.000   0.573652     2.7053 4.3680e-02      0.628     7.5894  1004.5226     5.5389     22.434          6 0.0000e+00
     23.000   0.576999     2.7922 4.3617e-02      0.611     7.5526  1004.5430     5.5583     23.453          8 0.0000e+00
     24.000   0.581117     2.8964 4.3617e-02      0.404     7.5170  1004.5670     5.5824     24.473         11 0.0000e+00
     25.000   0.582712     2.9441 4.3617e-02      0.310     7.5081  1004.5782     5.5904     25.493         14 0.0000e+00
     26.000   0.583080     2.9632 4.3617e-02      0.173 -9.990e-29  1004.5834     5.5907     26.513          2 0.0000e+00
