ctdpy/exports/archive_20200326_115716/received_data/ha8_v03_19.cnv
* Sea-Bird SBE19plus Data File:
* FileName = C:\CTD\CTD 2019\v03\Ha8_v03_19.hex
* Software Version 1.59
* Temperature SN =  4644
* Conductivity SN =  4644
* System UpLoad Time = Jan 17 2019 14:39:22
** SHa8 2019K02 v3
* ds
# nquan = 11
# nvalues = 19                          
# units = specified
# name 0 = prdM: Pressure, Strain Gauge [db]
# name 1 = c0S/m: Conductivity [S/m]
# name 2 = tv290C: Temperature [ITS-90, deg C]
# name 3 = par: PAR/Irradiance, Biospherical/Licor
# name 4 = dz/dtM: Descent Rate [m/s]
# name 5 = sbeox0ML/L: Oxygen, SBE 43 [ml/l]
# name 6 = density00: Density [density, kg/m^3]
# name 7 = sal00: Salinity, Practical [PSU]
# name 8 = depFM: Depth [fresh water, m], lat = 58
# name 9 = nbin: number of scans per bin
# name 10 = flag: flag
# span 0 =      1.000,     19.000       
# span 1 =   0.504414,   0.606529       
# span 2 =     0.9471,     3.3914       
# span 3 = 4.3617e-02, 1.0286e+01       
# span 4 =      0.231,      0.650       
# span 5 =     6.8889,     7.9845       
# span 6 =  1004.0433,  1004.6773       
# span 7 =     5.1077,     5.7554       
# span 8 =      1.020,     19.375       
# span 9 =          6,         13       
# span 10 = 0.0000e+00, 0.0000e+00      
# interval = decibars: 1                
# start_time = Jan 17 2019 14:32:09 [Instrument's time stamp, header]
# bad_flag = -9.990e-29
*END*
      1.000   0.504414     0.9471 1.0286e+01      0.231     7.8264  1004.0433     5.1077      1.020         11 0.0000e+00
      2.000   0.505115     0.9611 4.5784e+00      0.278     7.8274  1004.0529     5.1128      2.039         13 0.0000e+00
      3.000   0.505575     0.9702 2.1192e+00      0.361     7.8291  1004.0609     5.1162      3.059         11 0.0000e+00
      4.000   0.506248     0.9853 1.0352e+00      0.395     7.8308  1004.0701     5.1209      4.079          9 0.0000e+00
      5.000   0.507818     1.0066 5.3837e-01      0.451     7.8368  1004.0865     5.1342      5.099          9 0.0000e+00
      6.000   0.515648     1.1131 2.9123e-01      0.516     7.9845  1004.1483     5.2007      6.118          7 0.0000e+00
      7.000   0.541437     1.6663 1.7983e-01      0.556     7.7620  1004.3114     5.3819      7.138          7 0.0000e+00
      8.000   0.578119     2.6395 1.3051e-01      0.612     7.4734  1004.5004     5.5980      8.158          6 0.0000e+00
      9.000   0.588595     2.9526 1.0100e-01      0.650     7.4331  1004.5477     5.6510      9.178          7 0.0000e+00
     10.000   0.590168     3.0190 8.0513e-02      0.608     7.4458  1004.5559     5.6553     10.197          6 0.0000e+00
     11.000   0.590491     3.0408 6.6189e-02      0.607     7.4765  1004.5603     5.6547     11.217          7 0.0000e+00
     12.000   0.590121     3.0391 5.6627e-02      0.575     7.5318  1004.5623     5.6511     12.237          7 0.0000e+00
     13.000   0.589783     3.0388 5.0111e-02      0.556     7.5056  1004.5644     5.6476     13.256          7 0.0000e+00
     14.000   0.590674     3.0718 4.5569e-02      0.546     7.4651  1004.5718     5.6508     14.276          8 0.0000e+00
     15.000   0.591064     3.0877 4.3629e-02      0.523     7.4580  1004.5775     5.6519     15.296          7 0.0000e+00
     16.000   0.591053     3.0927 4.3617e-02      0.569     7.4597  1004.5815     5.6508     16.315          7 0.0000e+00
     17.000   0.591262     3.1016 4.3617e-02      0.591     7.4132  1004.5867     5.6513     17.335          7 0.0000e+00
     18.000   0.595855     3.1971 4.3617e-02      0.628     7.0943  1004.6150     5.6812     18.355          6 0.0000e+00
     19.000   0.606529     3.3914 4.3617e-02      0.614     6.8889  1004.6773     5.7554     19.375          9 0.0000e+00
