ctdpy/exports/archive_20200326_115716/received_data/ha9_v07_19.cnv
* Sea-Bird SBE19plus Data File:
* FileName = C:\CTD\CTD 2019\K05\Ha9_K05v7_2019.hex
* Software Version 1.59
* Temperature SN =  7668
* Conductivity SN =  7668
* System UpLoad Time = Feb 12 2019 16:37:15
** Ha9_K05v7_2019
* ds
# nquan = 10
# nvalues = 39                          
# units = specified
# name 0 = prdM: Pressure, Strain Gauge [db]
# name 1 = c0S/m: Conductivity [S/m]
# name 2 = tv290C: Temperature [ITS-90, deg C]
# name 3 = par: PAR/Irradiance, Biospherical/Licor
# name 4 = dz/dtM: Descent Rate [m/s]
# name 5 = density00: Density [density, kg/m^3]
# name 6 = sal00: Salinity, Practical [PSU]
# name 7 = depFM: Depth [fresh water, m], lat = 0
# name 8 = nbin: number of scans per bin
# name 9 = flag: flag
# span 0 =      1.000,     39.000       
# span 1 =   0.423378,   0.519881       
# span 2 =    -0.2007,     0.8405       
# span 3 = 1.0000e-12, 7.6710e+00       
# span 4 =      0.192,      1.393       
# span 5 =  1003.4210,  1004.3765       
# span 6 =     4.3996,     5.2893       
# span 7 =      1.020,     39.769       
# span 8 =          3,         19       
# span 9 = 0.0000e+00, 0.0000e+00       
# interval = decibars: 1                
# start_time = Feb 12 2019 17:10:32 [Instrument's time stamp, header]
# bad_flag = -9.990e-29
*END*
      1.000   0.423378    -0.2007 7.6710e+00      0.285  1003.4210     4.3996      1.020          9 0.0000e+00
      2.000   0.424041    -0.1984 4.6144e+00      0.574  1003.4318     4.4065      2.039          6 0.0000e+00
      3.000   0.425135    -0.1962 2.5991e+00      0.783  1003.4465     4.4182      3.059          5 0.0000e+00
      4.000   0.426588    -0.1927 1.6274e+00      0.799  1003.4643     4.4337      4.079          5 0.0000e+00
      5.000   0.429715    -0.1829 9.7887e-01      0.857  1003.4967     4.4668      5.099          5 0.0000e+00
      6.000   0.431956    -0.1722 6.0376e-01      0.887  1003.5211     4.4899      6.118          4 0.0000e+00
      7.000   0.434235    -0.1646 3.5748e-01      0.898  1003.5461     4.5140      7.138          4 0.0000e+00
      8.000   0.435210    -0.1582 1.7873e-01      0.981  1003.5593     4.5237      8.158          4 0.0000e+00
      9.000   0.436272    -0.1556 1.0266e-01      0.963  1003.5736     4.5350      9.177          5 0.0000e+00
     10.000   0.433148    -0.1665 3.8105e-02      0.915  1003.5513     4.5019     10.197          4 0.0000e+00
     11.000   0.432485    -0.1714 5.5082e-03      0.886  1003.5506     4.4952     11.217          5 0.0000e+00
     12.000   0.436161    -0.1605 2.9863e-04      0.929  1003.5879     4.5342     12.237          4 0.0000e+00
     13.000   0.445143    -0.1194 1.0000e-12      0.933  1003.6707     4.6274     13.256          4 0.0000e+00
     14.000   0.456768    -0.0130 1.0000e-12      0.872  1003.7721     4.7396     14.276          5 0.0000e+00
     15.000   0.467150     0.1330 1.0000e-12      0.861  1003.8582     4.8312     15.296          5 0.0000e+00
     16.000   0.475820     0.2650 1.0000e-12      0.859  1003.9294     4.9055     16.315          4 0.0000e+00
     17.000   0.484523     0.3651 1.0000e-12      0.857  1004.0029     4.9848     17.335          5 0.0000e+00
     18.000   0.491679     0.4302 1.0000e-12      0.826  1004.0654     5.0526     18.355          4 0.0000e+00
     19.000   0.498026     0.5031 1.0000e-12      0.826  1004.1197     5.1100     19.375          4 0.0000e+00
     20.000   0.500383     0.5113 1.0000e-12      0.991  1004.1446     5.1344     20.395          4 0.0000e+00
     21.000   0.501961     0.5069 1.0000e-12      1.177  1004.1640     5.1523     21.414          3 0.0000e+00
     22.000   0.502778     0.5090 1.0000e-12      1.275  1004.1760     5.1608     22.434          3 0.0000e+00
     23.000   0.503545     0.5181 1.0000e-12      1.310  1004.1868     5.1675     23.453          3 0.0000e+00
     24.000   0.504714     0.5310 1.0000e-12      1.306  1004.2008     5.1781     24.473          3 0.0000e+00
     25.000   0.506193     0.5462 1.0000e-12      1.330  1004.2173     5.1916     25.493          3 0.0000e+00
     26.000   0.507343     0.5582 1.0000e-12      1.376  1004.2312     5.2020     26.513          3 0.0000e+00
     27.000   0.508067     0.5644 1.0000e-12      1.393  1004.2419     5.2088     27.533          3 0.0000e+00
     28.000   0.508704     0.5705 1.0000e-12      1.381  1004.2519     5.2147     28.552          3 0.0000e+00
     29.000   0.509319     0.5811 1.0000e-12      1.349  1004.2611     5.2194     29.572          3 0.0000e+00
     30.000   0.510243     0.6019 1.0000e-12      1.309  1004.2721     5.2259     30.592          3 0.0000e+00
     31.000   0.511518     0.6283 1.0000e-12      1.282  1004.2856     5.2353     31.611          4 0.0000e+00
     32.000   0.513064     0.6562 1.0000e-12      1.108  1004.3014     5.2473     32.631          5 0.0000e+00
     33.000   0.513832     0.6775 1.0000e-12      0.639  1004.3108     5.2519     33.651          6 0.0000e+00
     34.000   0.514455     0.6979 1.0000e-12      0.569  1004.3192     5.2551     34.670          7 0.0000e+00
     35.000   0.515049     0.7223 1.0000e-12      0.612  1004.3268     5.2573     35.690          7 0.0000e+00
     36.000   0.515622     0.7446 1.0000e-12      0.592  1004.3344     5.2597     36.710          8 0.0000e+00
     37.000   0.517629     0.7924 1.0000e-12      0.362  1004.3520     5.2732     37.730         12 0.0000e+00
     38.000   0.519053     0.8241 1.0000e-12      0.192  1004.3660     5.2832     38.749         19 0.0000e+00
     39.000   0.519881     0.8405 1.0000e-12      0.417  1004.3765     5.2893     39.769          6 0.0000e+00
