ctdpy/exports/archive_20200326_115716/received_data/nf17_v03_19.cnv
* Sea-Bird SBE19plus Data File:
* FileName = C:\CTD\CTD 2019\v03\Nf17_v03_19.hex
* Software Version 1.59
* Temperature SN =  4644
* Conductivity SN =  4644
* System UpLoad Time = Jan 17 2019 10:01:57
** SNf17 2019K02 v3
* ds
# nquan = 11
# nvalues = 61                          
# units = specified
# name 0 = prdM: Pressure, Strain Gauge [db]
# name 1 = c0S/m: Conductivity [S/m]
# name 2 = tv290C: Temperature [ITS-90, deg C]
# name 3 = par: PAR/Irradiance, Biospherical/Licor
# name 4 = dz/dtM: Descent Rate [m/s]
# name 5 = sbeox0ML/L: Oxygen, SBE 43 [ml/l]
# name 6 = density00: Density [density, kg/m^3]
# name 7 = sal00: Salinity, Practical [PSU]
# name 8 = depFM: Depth [fresh water, m], lat = 58
# name 9 = nbin: number of scans per bin
# name 10 = flag: flag
# span 0 =      1.000,     61.000       
# span 1 =   0.544371,   0.637075       
# span 2 =     2.3443,     3.9336       
# span 3 = 6.5890e-02, 9.5910e+00       
# span 4 =     -0.060,      0.676       
# span 5 =     5.8245,     8.4904       
# span 6 =  1004.2211,  1005.0387       
# span 7 =     5.2938,     5.9613       
# span 8 =      1.020,     62.203       
# span 9 =          3,         15       
# span 10 = 0.0000e+00, 0.0000e+00      
# interval = decibars: 1                
# start_time = Jan 17 2019 09:51:42 [Instrument's time stamp, header]
# bad_flag = -9.990e-29
*END*
      1.000   0.544420     2.3787 9.5910e+00     -0.060     8.4889  1004.2211     5.2938      1.020          3 0.0000e+00
      2.000   0.544371     2.3743 6.3148e+00      0.345     8.4904  1004.2262     5.2940      2.039         11 0.0000e+00
      3.000   0.544631     2.3792 4.3463e+00      0.418     8.4805  1004.2326     5.2958      3.059          9 0.0000e+00
      4.000   0.545216     2.3897 3.0548e+00      0.471     8.4667  1004.2410     5.3000      4.079          9 0.0000e+00
      5.000   0.545687     2.3900 2.2609e+00      0.404     8.4492  1004.2497     5.3047      5.098          9 0.0000e+00
      6.000   0.546482     2.3809 1.7268e+00      0.418     8.4129  1004.2624     5.3144      6.118          9 0.0000e+00
      7.000   0.547384     2.3672 1.3393e+00      0.535     8.3864  1004.2765     5.3260      7.138          7 0.0000e+00
      8.000   0.548177     2.3582 1.0392e+00      0.612     8.3581  1004.2891     5.3356      8.158          7 0.0000e+00
      9.000   0.549000     2.3544 8.2355e-01      0.583     8.3349  1004.3013     5.3447      9.177          6 0.0000e+00
     10.000   0.549895     2.3522 6.3583e-01      0.611     8.3013  1004.3140     5.3543     10.197          7 0.0000e+00
     11.000   0.551358     2.3562 5.0525e-01      0.562     8.2535  1004.3305     5.3688     11.217          7 0.0000e+00
     12.000   0.553280     2.3668 4.0299e-01      0.526     8.2101  1004.3501     5.3869     12.237          7 0.0000e+00
     13.000   0.554168     2.3634 3.1859e-01      0.602     8.1949  1004.3628     5.3966     13.256          8 0.0000e+00
     14.000   0.554292     2.3501 2.5891e-01      0.509     8.1998  1004.3704     5.4001     14.276          7 0.0000e+00
     15.000   0.554333     2.3443 2.0831e-01      0.627     8.1963  1004.3764     5.4013     15.296          6 0.0000e+00
     16.000   0.554486     2.3443 1.7283e-01      0.619     8.1958  1004.3825     5.4029     16.315          7 0.0000e+00
     17.000   0.554684     2.3469 1.4580e-01      0.605     8.1854  1004.3887     5.4044     17.335          6 0.0000e+00
     18.000   0.555259     2.3604 1.2537e-01      0.656     8.1697  1004.3966     5.4079     18.355          6 0.0000e+00
     19.000   0.556291     2.3945 1.1152e-01      0.606     8.1417  1004.4056     5.4127     19.375          6 0.0000e+00
     20.000   0.557895     2.4529 1.0041e-01      0.676     8.1125  1004.4162     5.4194     20.394          7 0.0000e+00
     21.000   0.559284     2.5095 9.2392e-02      0.638     8.0813  1004.4252     5.4240     21.414          6 0.0000e+00
     22.000   0.560537     2.5641 8.6807e-02      0.562     8.0819  1004.4332     5.4276     22.434          7 0.0000e+00
     23.000   0.561465     2.6094 8.2131e-02      0.659     8.0486  1004.4397     5.4294     23.453          6 0.0000e+00
     24.000   0.563247     2.6947 7.8907e-02      0.628     8.0219  1004.4478     5.4332     24.473          7 0.0000e+00
     25.000   0.564399     2.7553 7.6330e-02      0.602     8.0092  1004.4540     5.4346     25.493          6 0.0000e+00
     26.000   0.564802     2.7806 7.4315e-02      0.616     7.9925  1004.4587     5.4343     26.513          7 0.0000e+00
     27.000   0.566093     2.8228 7.2871e-02      0.584     7.9538  1004.4684     5.4404     27.533          6 0.0000e+00
     28.000   0.567808     2.8809 7.1584e-02      0.646     7.9181  1004.4794     5.4480     28.552          7 0.0000e+00
     29.000   0.568961     2.9235 7.0682e-02      0.565     7.8997  1004.4878     5.4525     29.572          7 0.0000e+00
     30.000   0.569595     2.9484 7.0054e-02      0.557     7.8862  1004.4944     5.4546     30.592          7 0.0000e+00
     31.000   0.570139     2.9698 6.9505e-02      0.622     7.8749  1004.5007     5.4565     31.612          6 0.0000e+00
     32.000   0.570495     2.9806 6.8988e-02      0.608     7.8440  1004.5070     5.4582     32.631          7 0.0000e+00
     33.000   0.570221     2.9194 6.8670e-02      0.602     7.8703  1004.5181     5.4657     33.651          7 0.0000e+00
     34.000   0.568715     2.7526 6.8472e-02      0.580     7.8979  1004.5336     5.4786     34.671          6 0.0000e+00
     35.000   0.568165     2.6958 6.8199e-02      0.612     7.8938  1004.5416     5.4826     35.690          7 0.0000e+00
     36.000   0.568188     2.6861 6.8008e-02      0.592     7.8929  1004.5480     5.4844     36.710          7 0.0000e+00
     37.000   0.568233     2.6515 6.7879e-02      0.550     7.8654  1004.5580     5.4907     37.730          7 0.0000e+00
     38.000   0.569479     2.6550 6.7750e-02      0.528     7.8406  1004.5727     5.5028     38.749          8 0.0000e+00
     39.000   0.570018     2.6670 6.7606e-02      0.552     7.8407  1004.5803     5.5062     39.769          7 0.0000e+00
     40.000   0.570333     2.6782 6.7556e-02      0.566     7.8365  1004.5862     5.5074     40.789          7 0.0000e+00
     41.000   0.570967     2.7049 6.7431e-02      0.566     7.8246  1004.5927     5.5093     41.808          7 0.0000e+00
     42.000   0.572686     2.7702 6.7412e-02      0.603     7.7602  1004.6027     5.5156     42.828          7 0.0000e+00
     43.000   0.574939     2.8323 6.7317e-02      0.572     7.7349  1004.6174     5.5280     43.848          7 0.0000e+00
     44.000   0.574891     2.8029 6.7273e-02      0.535     7.7239  1004.6259     5.5325     44.868          7 0.0000e+00
     45.000   0.574399     2.7680 6.7221e-02      0.593     7.7352  1004.6316     5.5334     45.887          7 0.0000e+00
     46.000   0.576521     2.8213 6.7216e-02      0.565     7.6503  1004.6465     5.5458     46.907          7 0.0000e+00
     47.000   0.581216     2.9193 6.7262e-02      0.506     7.4309  1004.6760     5.5770     47.927          8 0.0000e+00
     48.000   0.592137     3.1052 6.7105e-02      0.517     7.0798  1004.7432     5.6562     48.946          8 0.0000e+00
     49.000   0.601914     3.2819 6.7068e-02      0.568     6.8591  1004.8014     5.7247     49.966          7 0.0000e+00
     50.000   0.607799     3.3983 6.7090e-02      0.501     6.6852  1004.8362     5.7637     50.986          8 0.0000e+00
     51.000   0.614997     3.5346 6.6967e-02      0.540     6.4869  1004.8779     5.8122     52.005          8 0.0000e+00
     52.000   0.619245     3.6154 6.7006e-02      0.481     6.4319  1004.9043     5.8405     53.025          9 0.0000e+00
     53.000   0.620211     3.6382 6.6887e-02      0.422     6.4272  1004.9132     5.8461     54.045         10 0.0000e+00
     54.000   0.620521     3.6489 6.6803e-02      0.299     6.4287  1004.9188     5.8472     55.065         14 0.0000e+00
     55.000   0.622647     3.7012 6.6607e-02      0.250     6.3332  1004.9323     5.8591     56.084         10 0.0000e+00
     56.000   0.624900     3.7418 6.6476e-02      0.283     6.2490  1004.9487     5.8743     57.104         15 0.0000e+00
     57.000   0.628180     3.7947 6.6325e-02      0.209     6.1470  1004.9712     5.8977     58.124         11 0.0000e+00
     58.000   0.630289     3.8335 6.6293e-02      0.259     6.0944  1004.9866     5.9117     59.144         13 0.0000e+00
     59.000   0.630992     3.8471 6.6185e-02      0.423     6.0198  1004.9948     5.9162     60.163          9 0.0000e+00
     60.000   0.634648     3.9009 6.6171e-02      0.482     5.8722  1005.0199     5.9430     61.183          9 0.0000e+00
     61.000   0.637075     3.9336 6.5890e-02      0.423     5.8245  1005.0387     5.9613     62.203         12 0.0000e+00
