ctdpy/exports/archive_20200326_115716/received_data/nf18_v03_19.cnv
* Sea-Bird SBE19plus Data File:
* FileName = C:\CTD\CTD 2019\v03\Nf18_v03_19.hex
* Software Version 1.59
* Temperature SN =  4644
* Conductivity SN =  4644
* System UpLoad Time = Jan 17 2019 10:42:27
** SNf18 2019K02 v3
* ds
# nquan = 11
# nvalues = 57                          
# units = specified
# name 0 = prdM: Pressure, Strain Gauge [db]
# name 1 = c0S/m: Conductivity [S/m]
# name 2 = tv290C: Temperature [ITS-90, deg C]
# name 3 = par: PAR/Irradiance, Biospherical/Licor
# name 4 = dz/dtM: Descent Rate [m/s]
# name 5 = sbeox0ML/L: Oxygen, SBE 43 [ml/l]
# name 6 = density00: Density [density, kg/m^3]
# name 7 = sal00: Salinity, Practical [PSU]
# name 8 = depFM: Depth [fresh water, m], lat = 58
# name 9 = nbin: number of scans per bin
# name 10 = flag: flag
# span 0 =      1.000,     57.000       
# span 1 =   0.558728,   0.631743       
# span 2 =     2.5531,     3.8408       
# span 3 = 4.3617e-02, 2.2211e+01       
# span 4 =      0.156,      0.643       
# span 5 =     6.0081,     8.0974       
# span 6 =  1004.3173,  1004.9922       
# span 7 =     5.4122,     5.9251       
# span 8 =      1.020,     58.124       
# span 9 =          6,         10       
# span 10 = 0.0000e+00, 0.0000e+00      
# interval = decibars: 1                
# start_time = Jan 17 2019 10:30:30 [Instrument's time stamp, header]
# bad_flag = -9.990e-29
*END*
      1.000   0.558866     2.5635 2.2211e+01      0.156     8.0876  1004.3173     5.4126      1.020          8 0.0000e+00
      2.000   0.558728     2.5531 1.3777e+01      0.507     8.0950  1004.3225     5.4128      2.040          8 0.0000e+00
      3.000   0.558761     2.5532 9.6726e+00      0.519     8.0952  1004.3276     5.4130      3.059          8 0.0000e+00
      4.000   0.558925     2.5602 6.8606e+00      0.560     8.0910  1004.3329     5.4134      4.079          7 0.0000e+00
      5.000   0.558974     2.5618 4.9660e+00      0.590     8.0974  1004.3379     5.4136      5.099          6 0.0000e+00
      6.000   0.559017     2.5643 3.7496e+00      0.603     8.0916  1004.3428     5.4135      6.119          7 0.0000e+00
      7.000   0.559182     2.5720 2.9227e+00      0.614     8.0901  1004.3480     5.4138      7.138          7 0.0000e+00
      8.000   0.559145     2.5715 2.2999e+00      0.608     8.0964  1004.3526     5.4134      8.158          6 0.0000e+00
      9.000   0.559227     2.5828 1.7926e+00      0.615     8.0912  1004.3567     5.4122      9.177          6 0.0000e+00
     10.000   0.559485     2.5981 1.3970e+00      0.642     8.0885  1004.3616     5.4122     10.197          7 0.0000e+00
     11.000   0.559811     2.6121 1.0828e+00      0.643     8.0803  1004.3674     5.4131     11.217          6 0.0000e+00
     12.000   0.560199     2.6277 8.3896e-01      0.618     8.0809  1004.3733     5.4143     12.237          7 0.0000e+00
     13.000   0.560424     2.6368 6.4912e-01      0.609     8.0753  1004.3788     5.4150     13.256          6 0.0000e+00
     14.000   0.560636     2.6451 5.0752e-01      0.578     8.0714  1004.3844     5.4157     14.276          8 0.0000e+00
     15.000   0.560742     2.6498 3.9910e-01      0.537     8.0722  1004.3895     5.4159     15.296          7 0.0000e+00
     16.000   0.560801     2.6524 3.1176e-01      0.543     8.0699  1004.3945     5.4159     16.316          7 0.0000e+00
     17.000   0.560818     2.6533 2.4565e-01      0.572     8.0697  1004.3993     5.4159     17.335          7 0.0000e+00
     18.000   0.560842     2.6547 1.9393e-01      0.610     8.0712  1004.4042     5.4157     18.355          6 0.0000e+00
     19.000   0.561022     2.6619 1.5520e-01      0.619     8.0624  1004.4096     5.4163     19.374          7 0.0000e+00
     20.000   0.561291     2.6740 1.2601e-01      0.623     8.0601  1004.4150     5.4169     20.395          6 0.0000e+00
     21.000   0.561491     2.6839 1.0368e-01      0.599     8.0597  1004.4202     5.4172     21.414          7 0.0000e+00
     22.000   0.561626     2.6902 8.7625e-02      0.587     8.0568  1004.4254     5.4174     22.434          7 0.0000e+00
     23.000   0.562235     2.7148 7.5423e-02      0.587     8.0359  1004.4319     5.4194     23.454          7 0.0000e+00
     24.000   0.563697     2.7650 6.6425e-02      0.580     7.9948  1004.4421     5.4258     24.473          7 0.0000e+00
     25.000   0.564600     2.7846 5.9621e-02      0.564     7.9798  1004.4517     5.4317     25.493          7 0.0000e+00
     26.000   0.565171     2.7602 5.4755e-02      0.538     7.9565  1004.4645     5.4416     26.513          7 0.0000e+00
     27.000   0.566810     2.8120 5.1011e-02      0.559     7.9094  1004.4758     5.4496     27.532          8 0.0000e+00
     28.000   0.568735     2.9028 4.8249e-02      0.552     7.8888  1004.4840     5.4538     28.552          7 0.0000e+00
     29.000   0.569302     2.9313 4.6128e-02      0.568     7.8783  1004.4895     5.4546     29.572          7 0.0000e+00
     30.000   0.569119     2.9187 4.4524e-02      0.579     7.8951  1004.4946     5.4548     30.591          7 0.0000e+00
     31.000   0.568347     2.8690 4.3674e-02      0.568     7.8919  1004.5000     5.4552     31.611          7 0.0000e+00
     32.000   0.569011     2.8659 4.3617e-02      0.591     7.8713  1004.5108     5.4625     32.631          6 0.0000e+00
     33.000   0.570081     2.8785 4.3617e-02      0.596     7.8387  1004.5226     5.4712     33.650          7 0.0000e+00
     34.000   0.570926     2.8848 4.3617e-02      0.597     7.8403  1004.5335     5.4787     34.670          7 0.0000e+00
     35.000   0.570855     2.8503 4.3617e-02      0.580     7.8407  1004.5426     5.4837     35.690          7 0.0000e+00
     36.000   0.570801     2.8269 4.3617e-02      0.561     7.8464  1004.5502     5.4871     36.710          7 0.0000e+00
     37.000   0.570839     2.8119 4.3617e-02      0.569     7.8414  1004.5574     5.4900     37.729          7 0.0000e+00
     38.000   0.570894     2.8096 4.3617e-02      0.576     7.8424  1004.5631     5.4908     38.749          7 0.0000e+00
     39.000   0.571002     2.8077 4.3617e-02      0.580     7.8375  1004.5691     5.4922     39.769          7 0.0000e+00
     40.000   0.571146     2.8033 4.3617e-02      0.575     7.8269  1004.5757     5.4943     40.789          7 0.0000e+00
     41.000   0.572133     2.8095 4.3617e-02      0.562     7.7734  1004.5878     5.5033     41.808          7 0.0000e+00
     42.000   0.574222     2.8364 4.3617e-02      0.563     7.7230  1004.6061     5.5200     42.828          7 0.0000e+00
     43.000   0.575777     2.8569 4.3617e-02      0.565     7.6696  1004.6209     5.5324     43.848          7 0.0000e+00
     44.000   0.576817     2.8681 4.3617e-02      0.547     7.6676  1004.6327     5.5410     44.867          8 0.0000e+00
     45.000   0.577454     2.8544 4.3617e-02      0.535     7.6446  1004.6447     5.5498     45.887          7 0.0000e+00
     46.000   0.577102     2.8154 4.3617e-02      0.531     7.6567  1004.6521     5.5529     46.907          8 0.0000e+00
     47.000   0.576785     2.7964 4.3617e-02      0.537     7.6561  1004.6570     5.5528     47.927          7 0.0000e+00
     48.000   0.576760     2.7920 4.3617e-02      0.546     7.6522  1004.6623     5.5532     48.946          7 0.0000e+00
     49.000   0.578615     2.8381 4.3617e-02      0.556     7.5535  1004.6759     5.5642     49.966          8 0.0000e+00
     50.000   0.583008     2.9296 4.3617e-02      0.537     7.4508  1004.7038     5.5933     50.986          7 0.0000e+00
     51.000   0.586452     3.0009 4.3617e-02      0.559     7.3103  1004.7266     5.6160     52.006          7 0.0000e+00
     52.000   0.594299     3.1526 4.3617e-02      0.557     7.0006  1004.7732     5.6695     53.025          7 0.0000e+00
     53.000   0.603814     3.3313 4.3617e-02      0.556     6.7866  1004.8286     5.7348     54.045          7 0.0000e+00
     54.000   0.610491     3.4603 4.3617e-02      0.550     6.5870  1004.8676     5.7795     55.065          8 0.0000e+00
     55.000   0.616695     3.5778 4.3617e-02      0.535     6.3041  1004.9041     5.8212     56.084          7 0.0000e+00
     56.000   0.627573     3.7547 4.3617e-02      0.543     6.0500  1004.9680     5.8989     57.104          8 0.0000e+00
     57.000   0.631743     3.8408 4.3617e-02      0.426     6.0081  1004.9922     5.9251     58.124         10 0.0000e+00
