ctdpy/exports/archive_20200326_115716/received_data/om10_v07_19.cnv
* Sea-Bird SBE19plus Data File:
* FileName = C:\CTD\CTD 2019\K05\Om10_K05v7_2019.hex
* Software Version 1.59
* Temperature SN =  7668
* Conductivity SN =  7668
* System UpLoad Time = Feb 13 2019 11:40:15
** Om10_K05v7_2019
* ds
# nquan = 10
# nvalues = 58                          
# units = specified
# name 0 = prdM: Pressure, Strain Gauge [db]
# name 1 = c0S/m: Conductivity [S/m]
# name 2 = tv290C: Temperature [ITS-90, deg C]
# name 3 = par: PAR/Irradiance, Biospherical/Licor
# name 4 = dz/dtM: Descent Rate [m/s]
# name 5 = density00: Density [density, kg/m^3]
# name 6 = sal00: Salinity, Practical [PSU]
# name 7 = depFM: Depth [fresh water, m], lat = 0
# name 8 = nbin: number of scans per bin
# name 9 = flag: flag
# span 0 =      1.000,     58.000       
# span 1 =   0.454894,   0.544217       
# span 2 =    -0.2530,     1.4530       
# span 3 = -9.791e-04, 1.5675e+02       
# span 4 =      0.353,      1.638       
# span 5 =  1003.7087,  1004.6075       
# span 6 =     4.7570,     5.4444       
# span 7 =      1.020,     59.143       
# span 8 =          2,          7       
# span 9 = 0.0000e+00, 0.0000e+00       
# interval = decibars: 1                
# start_time = Feb 13 2019 12:12:49 [Instrument's time stamp, header]
# bad_flag = -9.990e-29
*END*
      1.000   0.454915    -0.2487 1.5675e+02      0.353  1003.7087     4.7573      1.020          6 0.0000e+00
      2.000   0.454899    -0.2492 9.0491e+01      0.904  1003.7135     4.7571      2.040          4 0.0000e+00
      3.000   0.454900    -0.2495 6.2019e+01      1.057  1003.7186     4.7571      3.059          4 0.0000e+00
      4.000   0.454909    -0.2497 4.2980e+01      1.078  1003.7236     4.7571      4.079          3 0.0000e+00
      5.000   0.454910    -0.2504 3.0650e+01      1.101  1003.7286     4.7571      5.099          4 0.0000e+00
      6.000   0.454894    -0.2514 2.2322e+01      1.139  1003.7335     4.7570      6.119          3 0.0000e+00
      7.000   0.454910    -0.2521 1.6534e+01      1.187  1003.7387     4.7572      7.138          3 0.0000e+00
      8.000   0.454957    -0.2525 1.1865e+01      1.227  1003.7441     4.7576      8.158          3 0.0000e+00
      9.000   0.455022    -0.2530 8.7837e+00      1.277  1003.7497     4.7584      9.177          3 0.0000e+00
     10.000   0.455080    -0.2529 6.8869e+00      1.335  1003.7552     4.7589     10.197          3 0.0000e+00
     11.000   0.455201    -0.2519 5.1829e+00      1.441  1003.7612     4.7600     11.217          3 0.0000e+00
     12.000   0.455558    -0.2487 3.8013e+00      1.553  1003.7692     4.7634     12.237          2 0.0000e+00
     13.000   0.456981    -0.2374 2.7985e+00      1.587  1003.7861     4.7774     13.256          3 0.0000e+00
     14.000   0.460242    -0.2132 2.1739e+00      1.509  1003.8188     4.8098     14.276          3 0.0000e+00
     15.000   0.462939    -0.1922 1.6614e+00      1.384  1003.8465     4.8364     15.296          3 0.0000e+00
     16.000   0.464111    -0.1805 1.2561e+00      1.259  1003.8611     4.8474     16.315          3 0.0000e+00
     17.000   0.464908    -0.1726 9.7593e-01      1.184  1003.8726     4.8550     17.335          4 0.0000e+00
     18.000   0.465894    -0.1646 7.7947e-01      1.169  1003.8859     4.8646     18.355          3 0.0000e+00
     19.000   0.467334    -0.1548 5.9640e-01      1.229  1003.9031     4.8789     19.375          2 0.0000e+00
     20.000   0.468777    -0.1462 4.3044e-01      1.388  1003.9203     4.8935     20.394          3 0.0000e+00
     21.000   0.470576    -0.1371 3.1794e-01      1.531  1003.9408     4.9120     21.414          3 0.0000e+00
     22.000   0.471741    -0.1302 2.3405e-01      1.589  1003.9557     4.9237     22.434          2 0.0000e+00
     23.000   0.472234    -0.1263 1.7221e-01      1.614  1003.9648     4.9284     23.454          3 0.0000e+00
     24.000   0.472652    -0.1220 1.1767e-01      1.638  1003.9732     4.9323     24.473          2 0.0000e+00
     25.000   0.473437    -0.1138 7.3332e-02      1.612  1003.9846     4.9396     25.493          3 0.0000e+00
     26.000   0.474464    -0.1022 3.9535e-02      1.566  1003.9978     4.9490     26.512          2 0.0000e+00
     27.000   0.475694    -0.0881 1.4027e-02      1.552  1004.0127     4.9603     27.532          3 0.0000e+00
     28.000   0.476871    -0.0761 -9.791e-04      1.559  1004.0273     4.9714     28.552          2 0.0000e+00
     29.000   0.478038    -0.0659 1.0000e-12      1.570  1004.0419     4.9825     29.572          3 0.0000e+00
     30.000   0.480783    -0.0427 1.0000e-12      1.558  1004.0696     5.0092     30.591          3 0.0000e+00
     31.000   0.486530     0.0154 1.0000e-12      1.499  1004.1212     5.0632     31.611          3 0.0000e+00
     32.000   0.492278     0.0880 1.0000e-12      1.397  1004.1713     5.1148     32.631          3 0.0000e+00
     33.000   0.495648     0.1434 1.0000e-12      1.298  1004.2014     5.1427     33.651          3 0.0000e+00
     34.000   0.498600     0.1975 1.0000e-12      1.234  1004.2278     5.1661     34.670          3 0.0000e+00
     35.000   0.501663     0.2594 1.0000e-12      1.220  1004.2542     5.1893     35.690          4 0.0000e+00
     36.000   0.504671     0.3325 1.0000e-12      1.223  1004.2790     5.2100     36.710          3 0.0000e+00
     37.000   0.508551     0.4303 1.0000e-12      1.214  1004.3088     5.2359     37.730          3 0.0000e+00
     38.000   0.513608     0.5496 1.0000e-12      1.204  1004.3466     5.2708     38.749          3 0.0000e+00
     39.000   0.518112     0.6566 1.0000e-12      1.224  1004.3803     5.3016     39.769          3 0.0000e+00
     40.000   0.520719     0.7198 1.0000e-12      1.301  1004.4015     5.3191     40.789          3 0.0000e+00
     41.000   0.521440     0.7413 1.0000e-12      1.360  1004.4105     5.3231     41.808          3 0.0000e+00
     42.000   0.521521     0.7431 1.0000e-12      1.331  1004.4160     5.3236     42.828          4 0.0000e+00
     43.000   0.521532     0.7346 1.0000e-12      1.302  1004.4219     5.3251     43.848          3 0.0000e+00
     44.000   0.521726     0.7240 1.0000e-12      1.248  1004.4296     5.3289     44.868          3 0.0000e+00
     45.000   0.522951     0.7497 1.0000e-12      1.140  1004.4426     5.3377     45.887          4 0.0000e+00
     46.000   0.525397     0.8267 1.0000e-12      1.050  1004.4606     5.3509     46.907          4 0.0000e+00
     47.000   0.528017     0.9194 1.0000e-12      0.986  1004.4784     5.3632     47.927          4 0.0000e+00
     48.000   0.530158     0.9978 1.0000e-12      1.009  1004.4933     5.3727     48.946          4 0.0000e+00
     49.000   0.532336     1.0686 1.0000e-12      1.047  1004.5093     5.3838     49.966          4 0.0000e+00
     50.000   0.534877     1.1447 1.0000e-12      1.103  1004.5276     5.3979     50.986          4 0.0000e+00
     51.000   0.538431     1.2471 1.0000e-12      1.013  1004.5515     5.4182     52.005          4 0.0000e+00
     52.000   0.540788     1.3255 1.0000e-12      0.837  1004.5677     5.4298     53.025          4 0.0000e+00
     53.000   0.542379     1.3821 1.0000e-12      0.898  1004.5796     5.4369     54.045          4 0.0000e+00
     54.000   0.543498     1.4212 1.0000e-12      0.991  1004.5895     5.4419     55.065          5 0.0000e+00
     55.000   0.543933     1.4392 1.0000e-12      1.022  1004.5959     5.4433     56.084          4 0.0000e+00
     56.000   0.544217     1.4498 1.0000e-12      0.939  1004.6020     5.4444     57.104          4 0.0000e+00
     57.000   0.544183     1.4530 1.0000e-12      0.864  1004.6062     5.4434     58.124          6 0.0000e+00
     58.000   0.543744     1.4522 1.0000e-12      0.701  1004.6075     5.4387     59.143          7 0.0000e+00
