ctdpy/exports/archive_20200326_115716/received_data/om7_v03_19.cnv
* Sea-Bird SBE19plus Data File:
* FileName = C:\CTD\CTD 2019\v03\Om7_v03_19.hex
* Software Version 1.59
* Temperature SN =  4644
* Conductivity SN =  4644
* System UpLoad Time = Jan 16 2019 13:13:23
** SOm7 2018K02 v3
* ds
# nquan = 11
# nvalues = 75                          
# units = specified
# name 0 = prdM: Pressure, Strain Gauge [db]
# name 1 = c0S/m: Conductivity [S/m]
# name 2 = tv290C: Temperature [ITS-90, deg C]
# name 3 = par: PAR/Irradiance, Biospherical/Licor
# name 4 = dz/dtM: Descent Rate [m/s]
# name 5 = sbeox0ML/L: Oxygen, SBE 43 [ml/l]
# name 6 = density00: Density [density, kg/m^3]
# name 7 = sal00: Salinity, Practical [PSU]
# name 8 = depFM: Depth [fresh water, m], lat = 58
# name 9 = nbin: number of scans per bin
# name 10 = flag: flag
# span 0 =      1.000,     75.000       
# span 1 =   0.549077,   0.649396       
# span 2 =     2.3737,     4.1034       
# span 3 = 4.3617e-02, 3.0946e+01       
# span 4 =      0.192,      0.631       
# span 5 =     5.4675,     8.2610       
# span 6 =  1004.2608,  1005.1993       
# span 7 =     5.3430,     6.0780       
# span 8 =      1.020,     76.479       
# span 9 =          4,         15       
# span 10 = 0.0000e+00, 0.0000e+00      
# interval = decibars: 1                
# start_time = Jan 16 2019 13:02:56 [Instrument's time stamp, header]
# bad_flag = -9.990e-29
*END*
      1.000   0.549179     2.3788 3.0946e+01      0.257     8.2549  1004.2608     5.3433      1.020         10 0.0000e+00
      2.000   0.549077     2.3737 1.9724e+01      0.496     8.2546  1004.2654     5.3430      2.040          8 0.0000e+00
      3.000   0.549178     2.3782 1.3312e+01      0.569     8.2610  1004.2706     5.3432      3.059          7 0.0000e+00
      4.000   0.549563     2.3967 9.7411e+00      0.544     8.2563  1004.2763     5.3440      4.079          7 0.0000e+00
      5.000   0.550074     2.4210 7.4411e+00      0.589     8.2440  1004.2823     5.3451      5.099          7 0.0000e+00
      6.000   0.550340     2.4336 5.9006e+00      0.586     8.2478  1004.2878     5.3456      6.118          6 0.0000e+00
      7.000   0.550438     2.4381 4.7682e+00      0.589     8.2454  1004.2929     5.3458      7.138          7 0.0000e+00
      8.000   0.550540     2.4435 3.7147e+00      0.631     8.2442  1004.2979     5.3458      8.158          7 0.0000e+00
      9.000   0.550766     2.4539 2.9356e+00      0.553     8.2408  1004.3033     5.3463      9.177          7 0.0000e+00
     10.000   0.550927     2.4613 2.2661e+00      0.600     8.2366  1004.3086     5.3467     10.197          7 0.0000e+00
     11.000   0.551062     2.4678 1.7842e+00      0.554     8.2311  1004.3137     5.3469     11.217          7 0.0000e+00
     12.000   0.551228     2.4755 1.3819e+00      0.567     8.2338  1004.3189     5.3472     12.237          7 0.0000e+00
     13.000   0.551285     2.4788 1.0840e+00      0.546     8.2303  1004.3239     5.3471     13.256          7 0.0000e+00
     14.000   0.551318     2.4810 8.4110e-01      0.560     8.2342  1004.3287     5.3470     14.276          7 0.0000e+00
     15.000   0.551337     2.4822 6.5925e-01      0.556     8.2320  1004.3336     5.3469     15.296          7 0.0000e+00
     16.000   0.551385     2.4839 5.1382e-01      0.591     8.2340  1004.3386     5.3470     16.315          7 0.0000e+00
     17.000   0.551442     2.4868 4.0265e-01      0.584     8.2301  1004.3436     5.3470     17.335          7 0.0000e+00
     18.000   0.551787     2.5034 3.1889e-01      0.560     8.2263  1004.3492     5.3477     18.355          7 0.0000e+00
     19.000   0.553054     2.5626 2.5105e-01      0.568     8.1980  1004.3568     5.3507     19.375          7 0.0000e+00
     20.000   0.554598     2.6348 1.9921e-01      0.582     8.1790  1004.3650     5.3545     20.394          7 0.0000e+00
     21.000   0.555582     2.6797 1.6045e-01      0.531     8.1604  1004.3720     5.3569     21.414          8 0.0000e+00
     22.000   0.555938     2.6816 1.2933e-01      0.566     8.1523  1004.3796     5.3602     22.434          7 0.0000e+00
     23.000   0.555799     2.6681 1.0610e-01      0.561     8.1554  1004.3851     5.3609     23.453          7 0.0000e+00
     24.000   0.555853     2.6699 8.8009e-02      0.553     8.1494  1004.3901     5.3611     24.473          7 0.0000e+00
     25.000   0.555873     2.6714 7.4997e-02      0.526     8.1496  1004.3950     5.3609     25.493          8 0.0000e+00
     26.000   0.556857     2.7055 6.5292e-02      0.502     8.1009  1004.4034     5.3653     26.513          8 0.0000e+00
     27.000   0.561959     2.8854 5.7646e-02      0.547     7.9389  1004.4259     5.3873     27.532          7 0.0000e+00
     28.000   0.567963     3.0890 5.2296e-02      0.522     7.8117  1004.4518     5.4143     28.552          8 0.0000e+00
     29.000   0.570683     3.1721 4.8101e-02      0.555     7.7676  1004.4671     5.4280     29.572          7 0.0000e+00
     30.000   0.572871     3.2339 4.5039e-02      0.517     7.6769  1004.4810     5.4396     30.592          8 0.0000e+00
     31.000   0.576189     3.3042 4.3665e-02      0.568     7.5990  1004.5026     5.4614     31.611          7 0.0000e+00
     32.000   0.580647     3.3729 4.3617e-02      0.504     7.4515  1004.5336     5.4948     32.631          8 0.0000e+00
     33.000   0.587836     3.5259 4.3617e-02      0.568     7.2423  1004.5738     5.5412     33.651          7 0.0000e+00
     34.000   0.595022     3.6920 4.3617e-02      0.517     7.0354  1004.6113     5.5850     34.670          8 0.0000e+00
     35.000   0.601087     3.7902 4.3617e-02      0.552     6.8875  1004.6496     5.6288     35.690          7 0.0000e+00
     36.000   0.606251     3.8774 4.3617e-02      0.535     6.7414  1004.6820     5.6653     36.710          7 0.0000e+00
     37.000   0.611708     3.9391 4.3617e-02      0.540     6.5954  1004.7205     5.7090     37.730          8 0.0000e+00
     38.000   0.616305     4.0063 4.3617e-02      0.525     6.4945  1004.7511     5.7430     38.749          7 0.0000e+00
     39.000   0.620521     4.0624 4.3617e-02      0.532     6.3454  1004.7803     5.7751     39.769          8 0.0000e+00
     40.000   0.624873     4.0635 4.3617e-02      0.551     6.1826  1004.8194     5.8182     40.789          7 0.0000e+00
     41.000   0.630228     4.0976 4.3617e-02      0.542     6.0613  1004.8611     5.8654     41.808          7 0.0000e+00
     42.000   0.634572     4.1034 4.3617e-02      0.581     5.9056  1004.8994     5.9075     42.828          7 0.0000e+00
     43.000   0.638253     4.0753 4.3617e-02      0.539     5.7815  1004.9380     5.9493     43.848          7 0.0000e+00
     44.000   0.639559     4.0504 4.3617e-02      0.581     5.7520  1004.9574     5.9667     44.867          8 0.0000e+00
     45.000   0.641045     4.0469 4.3617e-02      0.519     5.7602  1004.9746     5.9821     45.887          7 0.0000e+00
     46.000   0.641716     4.0365 4.3617e-02      0.544     5.7367  1004.9864     5.9906     46.907          8 0.0000e+00
     47.000   0.642913     4.0144 4.3617e-02      0.513     5.7138  1005.0045     6.0065     47.927          7 0.0000e+00
     48.000   0.643701     4.0050 4.3617e-02      0.532     5.7039  1005.0171     6.0160     48.946          8 0.0000e+00
     49.000   0.644288     4.0040 4.3617e-02      0.535     5.6983  1005.0268     6.0220     49.966          7 0.0000e+00
     50.000   0.644562     4.0051 4.3617e-02      0.547     5.6945  1005.0336     6.0244     50.986          8 0.0000e+00
     51.000   0.644700     4.0052 4.3617e-02      0.534     5.6915  1005.0394     6.0257     52.006          7 0.0000e+00
     52.000   0.644915     4.0032 4.3617e-02      0.521     5.6759  1005.0463     6.0281     53.025          8 0.0000e+00
     53.000   0.645263     3.9989 4.3617e-02      0.527     5.6661  1005.0546     6.0322     54.045          8 0.0000e+00
     54.000   0.645776     3.9926 4.3617e-02      0.508     5.6465  1005.0645     6.0384     55.065          7 0.0000e+00
     55.000   0.646002     3.9903 4.3617e-02      0.510     5.6470  1005.0715     6.0410     56.084          8 0.0000e+00
     56.000   0.646097     3.9893 4.3617e-02      0.521     5.6398  1005.0773     6.0420     57.104          8 0.0000e+00
     57.000   0.646497     3.9845 4.3617e-02      0.514     5.6269  1005.0860     6.0468     58.124          8 0.0000e+00
     58.000   0.646950     3.9794 4.3617e-02      0.521     5.6112  1005.0953     6.0522     59.144          8 0.0000e+00
     59.000   0.647190     3.9768 4.3617e-02      0.481     5.5901  1005.1025     6.0550     60.163          7 0.0000e+00
     60.000   0.647449     3.9752 4.3617e-02      0.521     5.5602  1005.1096     6.0577     61.183          9 0.0000e+00
     61.000   0.647690     3.9739 4.3617e-02      0.469     5.5569  1005.1165     6.0603     62.203          8 0.0000e+00
     62.000   0.647799     3.9728 4.3617e-02      0.520     5.5556  1005.1224     6.0615     63.222          8 0.0000e+00
     63.000   0.647970     3.9716 4.3617e-02      0.478     5.5468  1005.1288     6.0633     64.242          8 0.0000e+00
     64.000   0.648229     3.9696 4.3617e-02      0.516     5.5385  1005.1360     6.0661     65.262          8 0.0000e+00
     65.000   0.648329     3.9691 4.3617e-02      0.481     5.5457  1005.1416     6.0671     66.282          8 0.0000e+00
     66.000   0.648363     3.9686 4.3617e-02      0.528     5.5509  1005.1468     6.0675     67.301          8 0.0000e+00
     67.000   0.648406     3.9679 4.3617e-02      0.490     5.5623  1005.1521     6.0679     68.321          7 0.0000e+00
     68.000   0.648438     3.9669 4.3617e-02      0.523     5.5717  1005.1573     6.0683     69.341          8 0.0000e+00
     69.000   0.648546     3.9654 4.3617e-02      0.496     5.5690  1005.1632     6.0696     70.360          8 0.0000e+00
     70.000   0.648663     3.9643 4.3617e-02      0.515     5.5652  1005.1691     6.0708     71.380         10 0.0000e+00
     71.000   0.648836     3.9634 4.3617e-02      0.252     5.5562  1005.1755     6.0726     72.400          6 0.0000e+00
     72.000   0.649098     3.9627 4.3617e-02      0.197     5.5359  1005.1825     6.0753     73.419         11 0.0000e+00
     73.000   0.649194     3.9624 4.3617e-02      0.192     5.5327  1005.1881     6.0762     74.439          4 0.0000e+00
     74.000   0.649256     3.9622 4.3617e-02      0.217     5.5339  1005.1934     6.0767     75.459         15 0.0000e+00
     75.000   0.649396     3.9619 4.3617e-02      0.210     5.4675  1005.1993     6.0780     76.479         12 0.0000e+00
