ctdpy/exports/archive_20200326_115716/received_data/om8_v03_19.cnv
* Sea-Bird SBE19plus Data File:
* FileName = C:\CTD\CTD 2019\v03\Om8_v03_19.hex
* Software Version 1.59
* Temperature SN =  4644
* Conductivity SN =  4644
* System UpLoad Time = Jan 16 2019 14:09:52
** SOm8 2019K02 v3
* ds
# nquan = 11
# nvalues = 81                          
# units = specified
# name 0 = prdM: Pressure, Strain Gauge [db]
# name 1 = c0S/m: Conductivity [S/m]
# name 2 = tv290C: Temperature [ITS-90, deg C]
# name 3 = par: PAR/Irradiance, Biospherical/Licor
# name 4 = dz/dtM: Descent Rate [m/s]
# name 5 = sbeox0ML/L: Oxygen, SBE 43 [ml/l]
# name 6 = density00: Density [density, kg/m^3]
# name 7 = sal00: Salinity, Practical [PSU]
# name 8 = depFM: Depth [fresh water, m], lat = 58
# name 9 = nbin: number of scans per bin
# name 10 = flag: flag
# span 0 =      1.000,     81.000       
# span 1 =   0.545289,   0.651799       
# span 2 =     2.5104,     4.0067       
# span 3 = 4.3317e-02, 2.6692e+01       
# span 4 =      0.208,      0.700       
# span 5 =     5.4471,     8.4288       
# span 6 =  1004.2116,  1005.2530       
# span 7 =     5.2810,     6.1077       
# span 8 =      1.020,     82.597       
# span 9 =          6,         14       
# span 10 = 0.0000e+00, 0.0000e+00      
# interval = decibars: 1                
# start_time = Jan 16 2019 13:56:23 [Instrument's time stamp, header]
# bad_flag = -9.990e-29
*END*
      1.000   0.545289     2.5104 2.6692e+01      0.252     8.4278  1004.2116     5.2810      1.020          9 0.0000e+00
      2.000   0.545451     2.5185 1.8766e+01      0.326     8.4272  1004.2168     5.2812      2.039          8 0.0000e+00
      3.000   0.545836     2.5358 1.1926e+01      0.686     8.4245  1004.2227     5.2822      3.059          7 0.0000e+00
      4.000   0.545976     2.5425 8.5607e+00      0.536     8.4288  1004.2279     5.2824      4.079          7 0.0000e+00
      5.000   0.547030     2.5914 6.1505e+00      0.578     8.3974  1004.2352     5.2851      5.099          7 0.0000e+00
      6.000   0.551749     2.7812 4.5809e+00      0.595     8.2705  1004.2541     5.3021      6.118          7 0.0000e+00
      7.000   0.556031     2.9334 3.6063e+00      0.488     8.2162  1004.2739     5.3206      7.138          8 0.0000e+00
      8.000   0.556827     2.9599 2.7068e+00      0.616     8.1959  1004.2817     5.3243      8.158          6 0.0000e+00
      9.000   0.557216     2.9684 2.1732e+00      0.538     8.2005  1004.2886     5.3267      9.178          7 0.0000e+00
     10.000   0.557725     2.9783 1.6416e+00      0.628     8.1625  1004.2963     5.3302     10.197          6 0.0000e+00
     11.000   0.558220     2.9847 1.2959e+00      0.682     8.1726  1004.3043     5.3341     11.217          7 0.0000e+00
     12.000   0.558236     2.9829 1.0141e+00      0.517     8.1668  1004.3095     5.3344     12.237          6 0.0000e+00
     13.000   0.558186     2.9734 7.7771e-01      0.700     8.1633  1004.3153     5.3354     13.256          7 0.0000e+00
     14.000   0.558129     2.9715 6.2213e-01      0.551     8.1615  1004.3199     5.3350     14.276          7 0.0000e+00
     15.000   0.558053     2.9676 4.7559e-01      0.653     8.1645  1004.3246     5.3348     15.296          6 0.0000e+00
     16.000   0.556950     2.9076 3.8067e-01      0.579     8.1886  1004.3286     5.3334     16.316          7 0.0000e+00
     17.000   0.555682     2.8384 2.9394e-01      0.582     8.1974  1004.3323     5.3319     17.335          6 0.0000e+00
     18.000   0.554697     2.7777 2.3516e-01      0.607     8.2012  1004.3372     5.3317     18.355          8 0.0000e+00
     19.000   0.554070     2.7319 1.8605e-01      0.546     8.2084  1004.3429     5.3328     19.374          7 0.0000e+00
     20.000   0.553431     2.6823 1.4990e-01      0.593     8.2123  1004.3491     5.3345     20.394          7 0.0000e+00
     21.000   0.553021     2.6463 1.2139e-01      0.532     8.2189  1004.3553     5.3361     21.414          7 0.0000e+00
     22.000   0.552767     2.6230 9.8534e-02      0.637     8.2279  1004.3611     5.3373     22.434          7 0.0000e+00
     23.000   0.552906     2.6230 8.2483e-02      0.510     8.2219  1004.3671     5.3387     23.454          6 0.0000e+00
     24.000   0.553811     2.6607 6.9046e-02      0.627     8.1848  1004.3745     5.3416     24.473          7 0.0000e+00
     25.000   0.556251     2.7619 5.9963e-02      0.583     8.1370  1004.3860     5.3496     25.493          7 0.0000e+00
     26.000   0.558422     2.8422 5.2730e-02      0.610     8.0782  1004.3979     5.3584     26.513          7 0.0000e+00
     27.000   0.561118     2.9209 4.7344e-02      0.597     8.0116  1004.4143     5.3728     27.532          7 0.0000e+00
     28.000   0.563582     2.9677 4.3317e-02      0.599     7.9699  1004.4328     5.3900     28.552          6 0.0000e+00
     29.000   0.566544     3.0012 4.3638e-02      0.237     7.8210  1004.4573     5.4146     29.572          7 0.0000e+00
     30.000   0.573042     3.1470 4.3617e-02      0.518     7.6938  1004.4947     5.4561     30.591          8 0.0000e+00
     31.000   0.574690     3.1953 4.3617e-02      0.524     7.6805  1004.5061     5.4646     31.611          8 0.0000e+00
     32.000   0.575450     3.2260 4.3617e-02      0.535     7.6604  1004.5127     5.4670     32.631          7 0.0000e+00
     33.000   0.578775     3.3141 4.3617e-02      0.541     7.4833  1004.5318     5.4857     33.651          7 0.0000e+00
     34.000   0.586747     3.4727 4.3617e-02      0.570     7.3037  1004.5778     5.5392     34.670          7 0.0000e+00
     35.000   0.590348     3.5266 4.3617e-02      0.568     7.2149  1004.6036     5.5662     35.690          7 0.0000e+00
     36.000   0.593898     3.5584 4.3617e-02      0.605     7.1240  1004.6322     5.5965     36.710          7 0.0000e+00
     37.000   0.596405     3.5831 4.3617e-02      0.544     7.0425  1004.6534     5.6174     37.729          8 0.0000e+00
     38.000   0.602786     3.6923 4.3617e-02      0.549     6.6481  1004.6926     5.6625     38.749          6 0.0000e+00
     39.000   0.616502     3.9144 4.3617e-02      0.586     6.3564  1004.7722     5.7611     39.769          8 0.0000e+00
     40.000   0.625308     3.9633 4.3617e-02      0.548     6.0692  1004.8392     5.8404     40.789          7 0.0000e+00
     41.000   0.634274     3.9808 4.3617e-02      0.548     5.9485  1004.9125     5.9268     41.808          7 0.0000e+00
     42.000   0.636685     3.9934 4.3617e-02      0.556     5.9129  1004.9344     5.9486     42.828          8 0.0000e+00
     43.000   0.637733     4.0067 4.3617e-02      0.522     5.9218  1004.9453     5.9565     43.848          7 0.0000e+00
     44.000   0.637807     3.9954 4.3617e-02      0.543     5.9332  1004.9526     5.9592     44.868          8 0.0000e+00
     45.000   0.638251     3.9899 4.3617e-02      0.490     5.9159  1004.9618     5.9645     45.887          7 0.0000e+00
     46.000   0.639095     3.9943 4.3617e-02      0.566     5.8846  1004.9726     5.9721     46.907          8 0.0000e+00
     47.000   0.639796     3.9983 4.3617e-02      0.531     5.8552  1004.9824     5.9783     47.927          7 0.0000e+00
     48.000   0.640725     3.9939 4.3617e-02      0.565     5.8333  1004.9953     5.9883     48.946          7 0.0000e+00
     49.000   0.641436     3.9893 4.3617e-02      0.490     5.8239  1005.0065     5.9961     49.966          8 0.0000e+00
     50.000   0.641873     3.9874 4.3617e-02      0.608     5.8122  1005.0151     6.0007     50.986          7 0.0000e+00
     51.000   0.642360     3.9858 4.3617e-02      0.548     5.8060  1005.0241     6.0058     52.006          7 0.0000e+00
     52.000   0.642586     3.9848 4.3617e-02      0.495     5.7920  1005.0308     6.0081     53.025          7 0.0000e+00
     53.000   0.642779     3.9843 4.3617e-02      0.612     5.7866  1005.0373     6.0100     54.045          8 0.0000e+00
     54.000   0.643143     3.9841 4.3617e-02      0.469     5.7705  1005.0450     6.0136     55.065          8 0.0000e+00
     55.000   0.643755     3.9835 4.3617e-02      0.561     5.7497  1005.0548     6.0197     56.084          7 0.0000e+00
     56.000   0.644091     3.9829 4.3617e-02      0.497     5.7430  1005.0623     6.0231     57.104          8 0.0000e+00
     57.000   0.644293     3.9824 4.3617e-02      0.564     5.7438  1005.0688     6.0251     58.124          7 0.0000e+00
     58.000   0.644364     3.9823 4.3617e-02      0.515     5.7389  1005.0742     6.0257     59.144          8 0.0000e+00
     59.000   0.644407     3.9822 4.3617e-02      0.523     5.7351  1005.0794     6.0261     60.163          8 0.0000e+00
     60.000   0.644491     3.9819 4.3617e-02      0.503     5.7360  1005.0849     6.0269     61.183          8 0.0000e+00
     61.000   0.644661     3.9809 4.3617e-02      0.542     5.7292  1005.0912     6.0286     62.203          7 0.0000e+00
     62.000   0.644886     3.9798 4.3617e-02      0.523     5.7159  1005.0980     6.0310     63.222          8 0.0000e+00
     63.000   0.645347     3.9772 4.3617e-02      0.427     5.6612  1005.1069     6.0360     64.242          7 0.0000e+00
     64.000   0.646868     3.9722 4.3617e-02      0.592     5.6147  1005.1247     6.0520     65.262          9 0.0000e+00
     65.000   0.647362     3.9705 4.3617e-02      0.395     5.6030  1005.1337     6.0572     66.281          8 0.0000e+00
     66.000   0.647600     3.9695 4.3617e-02      0.600     5.5957  1005.1406     6.0596     67.301          8 0.0000e+00
     67.000   0.647924     3.9677 4.3617e-02      0.348     5.5794  1005.1483     6.0631     68.321          8 0.0000e+00
     68.000   0.648242     3.9655 4.3617e-02      0.665     5.5729  1005.1560     6.0666     69.341          8 0.0000e+00
     69.000   0.648460     3.9635 4.3617e-02      0.274     5.5656  1005.1628     6.0691     70.360          8 0.0000e+00
     70.000   0.648757     3.9609 4.3617e-02      0.652     5.5563  1005.1704     6.0724     71.380          8 0.0000e+00
     71.000   0.648960     3.9582 4.3617e-02      0.372     5.5547  1005.1773     6.0748     72.400          8 0.0000e+00
     72.000   0.649071     3.9552 4.3617e-02      0.589     5.5479  1005.1835     6.0764     73.420          8 0.0000e+00
     73.000   0.649168     3.9543 4.3617e-02      0.413     5.5457  1005.1892     6.0774     74.439          8 0.0000e+00
     74.000   0.649256     3.9540 4.3617e-02      0.603     5.5444  1005.1948     6.0782     75.459          8 0.0000e+00
     75.000   0.649310     3.9539 4.3617e-02      0.400     5.5427  1005.2000     6.0787     76.479          8 0.0000e+00
     76.000   0.649333     3.9538 4.3617e-02      0.587     5.5395  1005.2051     6.0788     77.498          8 0.0000e+00
     77.000   0.649350     3.9536 4.3617e-02      0.402     5.5460  1005.2100     6.0789     78.518          6 0.0000e+00
     78.000   0.649745     3.9489 4.3617e-02      0.208     5.5126  1005.2187     6.0836     79.538          8 0.0000e+00
     79.000   0.650677     3.9382 4.3617e-02      0.218     5.4774  1005.2328     6.0949     80.558         14 0.0000e+00
     80.000   0.651611     3.9299 4.3617e-02      0.477     5.4504  1005.2465     6.1057     81.577          8 0.0000e+00
     81.000   0.651799     3.9285 4.3617e-02      0.401     5.4471  1005.2530     6.1077     82.597         11 0.0000e+00
