ctdpy/tests/etc/exprapp_april_2020/SBE09_1387_20200415_0210_77_10_0342.cnv
* Sea-Bird SBE 9 Data File:
* FileName = L:\2020\sv20d0342.hex
* Software Version Seasave V 7.26.7.121
* Temperature SN = 6378
* Conductivity SN = 4824
* Number of Bytes Per Scan = 41
* Number of Voltage Words = 4
* Number of Scans Averaged by the Deck Unit = 1
* NMEA Latitude = 57 52.00 N
* NMEA Longitude = 011 17.66 E
* NMEA UTC (Time) = Apr 15 2020  02:10:49
* NMEA baud rate = 4800
** Station:  P2
** Operator:  SSip
** Ship: SVEA
** Average sound velocity: 1476.14 m/s
** True-depth calculation Wed, 15 Apr 2020 03:16:35 +0000
** CTD Python Module SMHI /ver 3-12/ feb 2012 
** LIMS Job: 20207710-0342
** Cruise: SMHI-07-2020
** Latitude [GG MM.mm N] :
** Longitude [GGG MM.mm E]:
# nquan = 30
# nvalues = 178                         
# units = specified
# name 0 = scan: Scan Count
# name 1 = prDM: Pressure, Digiquartz [db]
# name 2 = t090C: Temperature [ITS-90, deg C]
# name 3 = t190C: Temperature, 2 [ITS-90, deg C]
# name 4 = c0S/m: Conductivity [S/m]
# name 5 = c1S/m: Conductivity, 2 [S/m]
# name 6 = pumps: Pump Status
# name 7 = sbeox0V: Oxygen raw, SBE 43 [V]
# name 8 = sbeox1V: Oxygen raw, SBE 43, 2 [V]
# name 9 = altM: Altimeter [m]
# name 10 = dz/dtM: Descent Rate [m/s]
# name 11 = flECO-AFL: Chl-a Fluorescence, WET Labs ECO-AFL/FL [mg/m^3]
# name 12 = flECO-AFL1: Phycocyanin Fluorescence, WET Labs ECO-AFL/FL, 2 [mg/m^3]
# name 13 = par: PAR/Irradiance, Biospherical/Lico [µE/(cm^2*s)]
# name 14 = turbWETntu0: Turbidity, WET Labs ECO [NTU]
# name 15 = sal00: Salinity, Practical [PSU]
# name 16 = sal11: Salinity, Practical, 2 [PSU]
# name 17 = secS-priS: Salinity, Practical, Difference, 2 - 1 [PSU]
# name 18 = T2-T190C: Temperature Difference, 2 - 1 [ITS-90, deg C]
# name 19 = sigma-t00: Density [sigma-t, kg/m^3 ]
# name 20 = sigma-t11: Density, 2 [sigma-t, kg/m^3 ]
# name 21 = depSM: Depth [salt water, m], lat = 57.8667
# name 22 = depFM: Depth [true depth, m], lat = 57.8667
# name 23 = svCM: Sound Velocity [Chen-Millero, m/s]
# name 24 = svCM1: Sound Velocity, 2 [Chen-Millero, m/s]
# name 25 = sbeox0ML/L: Oxygen, SBE 43 [ml/l], WS = 2
# name 26 = sbeox1ML/L: Oxygen, SBE 43, 2 [ml/l], WS = 2
# name 27 = sbeox0PS: Oxygen, SBE 43 [% saturation], WS = 2
# name 28 = sbeox1PS: Oxygen, SBE 43, 2 [% saturation], WS = 2
# name 29 = flag: flag
# span 0 =      47713,      52752       
# span 1 =      1.000,     89.500       
# span 2 =     6.4500,     6.9913       
# span 3 =     6.4495,     6.9897       
# span 4 =   2.825486,   3.518184       
# span 5 =   2.825986,   3.517745       
# span 6 =          1,          1       
# span 7 =     3.4200,     3.6728       
# span 8 =     3.2007,     3.4273       
# span 9 =       0.75,     140.73       
# span 10 =     -0.616,      0.918      
# span 11 =     0.2732,     1.4542      
# span 12 =     0.0992,     0.3685      
# span 13 = 1.0000e-12, 4.3908e+00      
# span 14 =     0.1454,     2.3966      
# span 15 =    27.8124,    34.8755      
# span 16 =    27.8157,    34.8712      
# span 17 =    -0.1244,     0.3921      
# span 18 =    -0.0099,     0.0746      
# span 19 =    21.8280,    27.3254      
# span 20 =    21.8305,    27.3220      
# span 21 =      0.991,     88.653      
# span 22 =      0.997,     88.851      
# span 23 =    1467.51,    1479.83      
# span 24 =    1467.51,    1479.82      
# span 25 =     6.0825,     6.8559      
# span 26 =     6.1891,     6.9878      
# span 27 =     89.481,     97.494      
# span 28 =     91.050,     99.371      
# span 29 = 0.0000e+00, 0.0000e+00      
# interval = decibars: 0.5              
# start_time = Apr 15 2020 02:10:50 [NMEA time, first data scan]
# bad_flag = -9.990e-29
*END*
[from data line 97]
      50346     49.500     6.6901     6.6870    3.42529    3.42416          1     3.5045     3.2876      41.60      0.262     0.3654     0.2044  1.000e-12  0.3958000    34.1472    34.1378    -0.0094    -0.0031    26.7890    26.7820     49.036     49.182    1477.20    1477.17     6.3100     6.4571    92.2840    94.4230  0.000e+00
      50367     50.000     6.7037     6.7029    3.42855    3.42819          1     3.5059     3.2872      41.21      0.431     0.3500     0.2154  1.000e-12  0.4002000    34.1696    34.1664    -0.0032    -0.0008    26.8049    26.8024     49.531     49.678    1477.29    1477.28     6.3148     6.4505    92.3970    94.3780  0.000e+00
      50385     50.500     6.7001     6.6999    3.43008    3.42974          1     3.5072     3.2871      40.83      0.594     0.3398     0.2071  1.000e-12  0.3768000    34.1898    34.1862    -0.0036    -0.0002    26.8213    26.8185     50.026     50.174    1477.31    1477.30     6.3122     6.4542    92.3640    94.4390  0.000e+00
      50403     51.000     6.7065     6.7060    3.43147    3.43111          1     3.5072     3.2875      40.30      0.671     0.3314     0.2071  1.000e-12  0.4461000    34.1985    34.1950    -0.0036    -0.0004    26.8273    26.8245     50.522     50.670    1477.35    1477.34     6.3026     6.4544    92.2420    94.4600  0.000e+00
      50426     51.500     6.7136     6.7129    3.43260    3.43219          1     3.5054     3.2873      39.70      0.598     0.3219     0.2293  1.000e-12  0.4525000    34.2037    34.1998    -0.0039    -0.0007    26.8304    26.8274     51.017     51.166    1477.39    1477.38     6.2951     6.4512    92.1500    94.4320  0.000e+00
      50453     52.000     6.7219     6.7212    3.43401    3.43358          1     3.5049     3.2876      39.23      0.448     0.3161     0.2245  1.000e-12  0.4298000    34.2108    34.2067    -0.0040    -0.0007    26.8349    26.8318     51.512     51.662    1477.44    1477.44     6.3025     6.4547    92.2800    94.5050  0.000e+00
      50474     52.500     6.7201     6.7197    3.43461    3.43424          1     3.5055     3.2881      38.79      0.483     0.3397     0.2209  1.000e-12  0.4531000    34.2191    34.2152    -0.0038    -0.0004    26.8416    26.8387     52.007     52.158    1477.45    1477.45     6.3014     6.4561    92.2650    94.5270  0.000e+00
      50491     53.000     6.7251     6.7248    3.43572    3.43540          1     3.5052     3.2883      38.40      0.609     0.3456     0.2196  1.000e-12  0.4728000    34.2260    34.2228    -0.0032    -0.0003    26.8464    26.8439     52.503     52.654    1477.49    1477.48     6.2945     6.4531    92.1790    94.5000  0.000e+00
      50508     53.500     6.7295     6.7291    3.43674    3.43633          1     3.5039     3.2882      37.84      0.697     0.3192     0.1916  1.000e-12  0.4935000    34.2326    34.2284    -0.0042    -0.0004    26.8511    26.8478     52.998     53.150    1477.52    1477.52     6.2882     6.4500    92.1000    94.4670  0.000e+00
      50543     54.000     6.7287     6.7260    3.43684    3.43555          1     3.5022     3.2877      37.11      0.469     0.3304     0.2324  1.000e-12  0.4950000    34.2343    34.2226    -0.0117    -0.0027    26.8525    26.8437     53.493     53.646    1477.53    1477.51     6.2913     6.4484    92.1450    94.4330  0.000e+00
      50595     54.500     6.7303     6.7204    3.43718    3.43394          1     3.5036     3.2872      36.54      0.177     0.3211     0.2182  1.000e-12  0.4172000    34.2362    34.2103    -0.0259    -0.0099    26.8538    26.8347     53.988     54.142    1477.55    1477.48     6.3066     6.4545    92.3730    94.5020  0.000e+00
      50617     55.000     6.7337     6.7272    3.43783    3.43616          1     3.5056     3.2878      36.20      0.401     0.3205     0.1859  1.000e-12  0.4749000    34.2397    34.2278    -0.0119    -0.0066    26.8561    26.8476     54.484     54.638    1477.57    1477.53     6.3054     6.4558    92.3650    94.5470  0.000e+00
      50635     55.500     6.7406     6.7406    3.43924    3.43893          1     3.5056     3.2879      35.80      0.562     0.3087     0.2131  1.000e-12  0.5560000    34.2482    34.2448    -0.0034    -0.0000    26.8618    26.8592     54.979     55.134    1477.62    1477.62     6.2993     6.4499    92.2960    94.5010  0.000e+00
      50650     56.000     6.7441     6.7439    3.44007    3.43970          1     3.5057     3.2880      35.37      0.680     0.3152     0.2200  1.000e-12  0.5925000    34.2537    34.2498    -0.0039    -0.0003    26.8657    26.8627     55.474     55.630    1477.65    1477.64     6.2949     6.4474    92.2430    94.4750  0.000e+00
      50666     56.500     6.7496     6.7493    3.44118    3.44081          1     3.5043     3.2875      34.88      0.757     0.3128     0.2218  1.000e-12  0.5766000    34.2602    34.2564    -0.0038    -0.0003    26.8701    26.8672     55.969     56.126    1477.68    1477.68     6.2928     6.4454    92.2270    94.4610  0.000e+00
      50684     57.000     6.7509     6.7506    3.44161    3.44121          1     3.5048     3.2874      34.35      0.754     0.3074     0.2300  1.000e-12  0.5194000    34.2634    34.2593    -0.0041    -0.0004    26.8724    26.8693     56.465     56.622    1477.70    1477.70     6.3008     6.4440    92.3500    94.4450  0.000e+00
      50714     57.500     6.7513     6.7509    3.44195    3.44148          1     3.5055     3.2860      33.69      0.509     0.3112     0.2046  1.000e-12  0.5335000    34.2666    34.2616    -0.0049    -0.0003    26.8749    26.8711     56.960     57.118    1477.72    1477.71     6.2993     6.4330    92.3300    94.2850  0.000e+00
      50759     58.000     6.7530     6.7515    3.44261    3.44183          1     3.5057     3.2836      33.10      0.216     0.3118     0.1860  1.000e-12  0.5356000    34.2718    34.2647    -0.0071    -0.0015    26.8788    26.8734     57.455     57.614    1477.74    1477.72     6.3009     6.4286    92.3600    94.2250  0.000e+00
      50783     58.500     6.7646     6.7642    3.44512    3.44477          1     3.5063     3.2823      32.76      0.390     0.3070     0.2203  1.000e-12  0.5925000    34.2877    34.2843    -0.0035    -0.0004    26.8898    26.8871     57.950     58.110    1477.81    1477.80     6.3025     6.4269    92.4180    94.2400  0.000e+00
      50802     59.000     6.7720     6.7719    3.44673    3.44644          1     3.5071     3.2822      32.41      0.550     0.2921     0.1915  1.000e-12  0.6551000    34.2979    34.2948    -0.0031    -0.0001    26.8968    26.8944     58.446     58.606    1477.86    1477.86     6.3040     6.4339    92.4630    94.3640  0.000e+00
      50819     59.500     6.7775     6.7772    3.44797    3.44759          1     3.5080     3.2828      31.96      0.638     0.2942     0.2281  1.000e-12  0.6903000    34.3059    34.3020    -0.0039    -0.0003    26.9024    26.8993     58.941     59.101    1477.90    1477.89     6.3037     6.4370    92.4740    94.4270  0.000e+00
      50837     60.000     6.7792     6.7789    3.44847    3.44808          1     3.5083     3.2832      31.47      0.675     0.2951     0.2337  1.000e-12  0.7182000    34.3094    34.3054    -0.0039    -0.0003    26.9049    26.9018     59.436     59.597    1477.92    1477.91     6.3018     6.4352    92.4520    94.4060  0.000e+00
      50856     60.500     6.7813     6.7810    3.44919    3.44885          1     3.5084     3.2832      30.90      0.671     0.3070     0.2335  1.000e-12  0.7434000    34.3151    34.3115    -0.0035    -0.0003    26.9091    26.9063     59.931     60.093    1477.94    1477.94     6.3021     6.4364    92.4650    94.4320  0.000e+00
      50880     61.000     6.7833     6.7831    3.44984    3.44945          1     3.5085     3.2841      30.31      0.587     0.2860     0.2062  1.000e-12  0.7382000    34.3200    34.3158    -0.0042    -0.0002    26.9127    26.9094     60.426     60.589    1477.96    1477.96     6.3001     6.4425    92.4420    94.5290  0.000e+00
      50935     61.500     6.7809     6.7819    3.44942    3.44924          1     3.5082     3.2850      29.62      0.220     0.2857     0.2024  1.000e-12  0.6625000    34.3175    34.3145    -0.0030     0.0010    26.9110    26.9086     60.922     61.085    1477.96    1477.96     6.3013     6.4418    92.4540    94.5140  0.000e+00
      50973     62.000     6.7871     6.7867    3.45101    3.45062          1     3.5085     3.2859      29.23      0.281     0.2732     0.2067  1.000e-12  0.6965000    34.3286    34.3247    -0.0039    -0.0004    26.9189    26.9160     61.417     61.581    1478.01    1478.00     6.3014     6.4410    92.4750    94.5200  0.000e+00
      50992     62.500     6.7884     6.7880    3.45136    3.45096          1     3.5084     3.2857      28.86      0.485     0.2946     0.1873  1.000e-12  0.7965000    34.3310    34.3270    -0.0040    -0.0004    26.9207    26.9176     61.912     62.077    1478.02    1478.02     6.3036     6.4382    92.5110    94.4830  0.000e+00
      51007     63.000     6.7885     6.7881    3.45158    3.45118          1     3.5092     3.2857      28.45      0.638     0.3186     0.1765  1.000e-12  0.8740000    34.3329    34.3290    -0.0039    -0.0004    26.9222    26.9192     62.407     62.573    1478.03    1478.03     6.3087     6.4353    92.5880    94.4430  0.000e+00
      51022     63.500     6.7889     6.7886    3.45174    3.45134          1     3.5102     3.2853      27.98      0.754     0.2964     0.1752  1.000e-12  0.8110000    34.3341    34.3300    -0.0041    -0.0003    26.9230    26.9199     62.903     63.069    1478.04    1478.04     6.3097     6.4343    92.6030    94.4290  0.000e+00
      51038     64.000     6.7892     6.7888    3.45191    3.45150          1     3.5102     3.2849      27.51      0.806     0.2904     0.1738  1.000e-12  0.8006000    34.3355    34.3313    -0.0042    -0.0003    26.9241    26.9209     63.398     63.565    1478.06    1478.05     6.3073     6.4399    92.5700    94.5130  0.000e+00
      51057     64.500     6.7893     6.7890    3.45202    3.45162          1     3.5106     3.2857      26.91      0.736     0.2855     0.2126  1.000e-12  0.8040000    34.3363    34.3322    -0.0042    -0.0003    26.9248    26.9215     63.893     64.061    1478.07    1478.06     6.3083     6.4441    92.5860    94.5750  0.000e+00
      51091     65.000     6.7894     6.7891    3.45221    3.45181          1     3.5107     3.2859      26.21      0.422     0.2883     0.2092  1.000e-12  0.7620000    34.3381    34.3339    -0.0042    -0.0003    26.9261    26.9228     64.388     64.557    1478.08    1478.07     6.3063     6.4413    92.5580    94.5360  0.000e+00
      51130     65.500     6.7906     6.7903    3.45269    3.45230          1     3.5104     3.2859      25.72      0.272     0.2852     0.2509  1.000e-12  0.7034000    34.3419    34.3380    -0.0039    -0.0003    26.9290    26.9259     64.883     65.053    1478.10    1478.09     6.3078     6.4406    92.5850    94.5300  0.000e+00
      51152     66.000     6.7904     6.7901    3.45308    3.45269          1     3.5106     3.2859      25.31      0.434     0.3387     0.2099  1.000e-12  0.7565000    34.3462    34.3423    -0.0039    -0.0003    26.9323    26.9293     65.379     65.548    1478.11    1478.10     6.3072     6.4414    92.5780    94.5450  0.000e+00
      51169     66.500     6.7900     6.7896    3.45394    3.45355          1     3.5106     3.2858      24.92      0.579     0.2984     0.0992  1.000e-12  0.7869000    34.3559    34.3520    -0.0039    -0.0004    26.9401    26.9370     65.874     66.044    1478.13    1478.12     6.3041     6.4424    92.5370    94.5630  0.000e+00
      51186     67.000     6.7917     6.7913    3.45455    3.45416          1     3.5096     3.2861      24.53      0.684     0.2823     0.2060  1.000e-12  0.7937000    34.3607    34.3568    -0.0039    -0.0004    26.9436    26.9406     66.369     66.540    1478.15    1478.14     6.2997     6.4473    92.4790    94.6420  0.000e+00
      51208     67.500     6.7938     6.7935    3.45548    3.45508          1     3.5088     3.2869      23.90      0.653     0.2820     0.2013  1.000e-12  0.7719000    34.3686    34.3645    -0.0041    -0.0003    26.9495    26.9464     66.864     67.036    1478.17    1478.17     6.2977     6.4446    92.4590    94.6120  0.000e+00
      51242     68.000     6.7991     6.7988    3.45733    3.45706          1     3.5069     3.2852      23.26      0.392     0.2820     0.2197  1.000e-12  0.6934000    34.3834    34.3807    -0.0027    -0.0003    26.9605    26.9585     67.359     67.532    1478.22    1478.22     6.2907     6.4220    92.3760    94.3020  0.000e+00
      51276     68.500     6.8105     6.8097    3.46172    3.46144          1     3.5046     3.2817      22.76      0.332     0.2928     0.1757  1.000e-12  0.7161000    34.4202    34.4180    -0.0022    -0.0008    26.9880    26.9864     67.855     68.028    1478.32    1478.31     6.2789     6.3936    92.2490    93.9310  0.000e+00
      51300     69.000     6.8178     6.8175    3.46415    3.46377          1     3.5020     3.2768      22.35      0.438     0.2833     0.1740  1.000e-12  0.7492000    34.4395    34.4357    -0.0038    -0.0003    27.0022    26.9992     68.350     68.524    1478.38    1478.37     6.2660     6.3792    92.0870    93.7490  0.000e+00
      51323     69.500     6.8191     6.8188    3.46475    3.46435          1     3.4982     3.2738      21.88      0.511     0.2926     0.1886  1.000e-12  0.7554000    34.4447    34.4405    -0.0041    -0.0003    27.0061    27.0029     68.845     69.020    1478.40    1478.39     6.2545     6.3825    91.9240    93.8030  0.000e+00
      51349     70.000     6.8197     6.8195    3.46530    3.46491          1     3.4946     3.2714      21.35      0.496     0.2838     0.1747  1.000e-12  0.7671000    34.4499    34.4458    -0.0041    -0.0002    27.0102    27.0069     69.340     69.516    1478.42    1478.41     6.2510     6.3806    91.8770    93.7790  0.000e+00
      51376     70.500     6.8208     6.8205    3.46584    3.46547          1     3.4912     3.2685      20.80      0.444     0.2920     0.1627  1.000e-12  0.7793000    34.4546    34.4507    -0.0039    -0.0003    27.0137    27.0107     69.836     70.011    1478.44    1478.43     6.2359     6.3554    91.6610    93.4140  0.000e+00
      51401     71.000     6.8224     6.8222    3.46651    3.46613          1     3.4848     3.2620      20.37      0.459     0.2923     0.2191  1.000e-12  0.7744000    34.4600    34.4560    -0.0039    -0.0003    27.0177    27.0146     70.331     70.507    1478.46    1478.45     6.2065     6.3175    91.2350    92.8640  0.000e+00
      51425     71.500     6.8236     6.8234    3.46783    3.46752          1     3.4765     3.2545      19.91      0.496     0.2927     0.1919  1.000e-12  0.7567000    34.4731    34.4699    -0.0032    -0.0003    27.0279    27.0254     70.826     71.003    1478.49    1478.48     6.1739     6.2821    90.7670    92.3550  0.000e+00
      51447     72.000     6.8249     6.8246    3.46922    3.46883          1     3.4655     3.2449      19.43      0.514     0.2940     0.2024  1.000e-12  0.7671000    34.4870    34.4829    -0.0040    -0.0003    27.0387    27.0355     71.321     71.499    1478.52    1478.51     6.1328     6.2385    90.1730    91.7240  0.000e+00
      51467     72.500     6.8260     6.8256    3.46989    3.46951          1     3.4535     3.2352      18.97      0.561     0.2937     0.2125  1.000e-12  0.8692000    34.4930    34.4891    -0.0038    -0.0003    27.0433    27.0403     71.816     71.995    1478.54    1478.53     6.1054     6.2170    89.7760    91.4130  0.000e+00
      51485     73.000     6.8278     6.8275    3.47108    3.47074          1     3.4442     3.2276      18.50      0.623     0.2969     0.2252  1.000e-12  0.9488000    34.5040    34.5007    -0.0033    -0.0004    27.0517    27.0492     72.312     72.491    1478.57    1478.56     6.0997     6.2139    89.7030    91.3790  0.000e+00
