ctdpy/tests/etc/exprapp_april_2020/SBE09_1387_20200415_0210_77_10_0342.cnv
* Sea-Bird SBE 9 Data File:
* FileName = L:\2020\sv20d0342.hex
* Software Version Seasave V 7.26.7.121
* Temperature SN = 6378
* Conductivity SN = 4824
* Number of Bytes Per Scan = 41
* Number of Voltage Words = 4
* Number of Scans Averaged by the Deck Unit = 1
* NMEA Latitude = 57 52.00 N
* NMEA Longitude = 011 17.66 E
* NMEA UTC (Time) = Apr 15 2020  02:10:49
* NMEA baud rate = 4800
** Station:  P2
** Operator:  SSip
** Ship: SVEA
** Average sound velocity: 1476.14 m/s
** True-depth calculation Wed, 15 Apr 2020 03:16:35 +0000
** CTD Python Module SMHI /ver 3-12/ feb 2012 
** LIMS Job: 20207710-0342
** Cruise: SMHI-07-2020
** Latitude [GG MM.mm N] :
** Longitude [GGG MM.mm E]:
# nquan = 30
# nvalues = 178                         
# units = specified
# name 0 = scan: Scan Count
# name 1 = prDM: Pressure, Digiquartz [db]
# name 2 = t090C: Temperature [ITS-90, deg C]
# name 3 = t190C: Temperature, 2 [ITS-90, deg C]
# name 4 = c0S/m: Conductivity [S/m]
# name 5 = c1S/m: Conductivity, 2 [S/m]
# name 6 = pumps: Pump Status
# name 7 = sbeox0V: Oxygen raw, SBE 43 [V]
# name 8 = sbeox1V: Oxygen raw, SBE 43, 2 [V]
# name 9 = altM: Altimeter [m]
# name 10 = dz/dtM: Descent Rate [m/s]
# name 11 = flECO-AFL: Chl-a Fluorescence, WET Labs ECO-AFL/FL [mg/m^3]
# name 12 = flECO-AFL1: Phycocyanin Fluorescence, WET Labs ECO-AFL/FL, 2 [mg/m^3]
# name 13 = par: PAR/Irradiance, Biospherical/Lico [µE/(cm^2*s)]
# name 14 = turbWETntu0: Turbidity, WET Labs ECO [NTU]
# name 15 = sal00: Salinity, Practical [PSU]
# name 16 = sal11: Salinity, Practical, 2 [PSU]
# name 17 = secS-priS: Salinity, Practical, Difference, 2 - 1 [PSU]
# name 18 = T2-T190C: Temperature Difference, 2 - 1 [ITS-90, deg C]
# name 19 = sigma-t00: Density [sigma-t, kg/m^3 ]
# name 20 = sigma-t11: Density, 2 [sigma-t, kg/m^3 ]
# name 21 = depSM: Depth [salt water, m], lat = 57.8667
# name 22 = depFM: Depth [true depth, m], lat = 57.8667
# name 23 = svCM: Sound Velocity [Chen-Millero, m/s]
# name 24 = svCM1: Sound Velocity, 2 [Chen-Millero, m/s]
# name 25 = sbeox0ML/L: Oxygen, SBE 43 [ml/l], WS = 2
# name 26 = sbeox1ML/L: Oxygen, SBE 43, 2 [ml/l], WS = 2
# name 27 = sbeox0PS: Oxygen, SBE 43 [% saturation], WS = 2
# name 28 = sbeox1PS: Oxygen, SBE 43, 2 [% saturation], WS = 2
# name 29 = flag: flag
# span 0 =      47713,      52752       
# span 1 =      1.000,     89.500       
# span 2 =     6.4500,     6.9913       
# span 3 =     6.4495,     6.9897       
# span 4 =   2.825486,   3.518184       
# span 5 =   2.825986,   3.517745       
# span 6 =          1,          1       
# span 7 =     3.4200,     3.6728       
# span 8 =     3.2007,     3.4273       
# span 9 =       0.75,     140.73       
# span 10 =     -0.616,      0.918      
# span 11 =     0.2732,     1.4542      
# span 12 =     0.0992,     0.3685      
# span 13 = 1.0000e-12, 4.3908e+00      
# span 14 =     0.1454,     2.3966      
# span 15 =    27.8124,    34.8755      
# span 16 =    27.8157,    34.8712      
# span 17 =    -0.1244,     0.3921      
# span 18 =    -0.0099,     0.0746      
# span 19 =    21.8280,    27.3254      
# span 20 =    21.8305,    27.3220      
# span 21 =      0.991,     88.653      
# span 22 =      0.997,     88.851      
# span 23 =    1467.51,    1479.83      
# span 24 =    1467.51,    1479.82      
# span 25 =     6.0825,     6.8559      
# span 26 =     6.1891,     6.9878      
# span 27 =     89.481,     97.494      
# span 28 =     91.050,     99.371      
# span 29 = 0.0000e+00, 0.0000e+00      
# interval = decibars: 0.5              
# start_time = Apr 15 2020 02:10:50 [NMEA time, first data scan]
# bad_flag = -9.990e-29
*END*
      47713      1.000     6.4500     6.4495    2.82549    2.82599          1     3.6178     3.3825     140.73     -0.616     1.1341     0.2953  4.391e+00  0.2040000    27.8124    27.8184     0.0059    -0.0006    21.8280    21.8327      0.991      0.997    1467.51    1467.51     6.8437     6.9806    95.4550    97.3680  0.000e+00
      47733      1.500     6.4509     6.4507    2.82706    2.82685          1     3.6184     3.3820      13.40     -0.011     1.1297     0.3039  7.930e-01  0.2059000    27.8286    27.8265    -0.0022    -0.0001    21.8406    21.8389      1.486      1.495    1467.54    1467.54     6.8443     6.9737    95.4760    97.2790  0.000e+00
      47747      2.000     6.4523     6.4519    2.82820    2.82785          1     3.6187     3.3817       0.75      0.451     1.2272     0.3053  6.426e-01  0.2215000    27.8395    27.8361    -0.0034    -0.0004    21.8491    21.8464      1.981      1.994    1467.57    1467.56     6.8445     6.9757    95.4890    97.3170  0.000e+00
      47867      2.500     6.4526     6.4520    2.82849    2.82785          1     3.6182     3.3814      86.23      0.397     1.2082     0.2975  7.722e-01  0.2168000    27.8423    27.8358    -0.0065    -0.0005    21.8512    21.8462      2.477      2.492    1467.58    1467.57     6.8426     6.9764    95.4650    97.3250  0.000e+00
      47944      3.000     6.4526     6.4526    2.82828    2.82802          1     3.6180     3.3812      96.85      0.358     1.1342     0.2708  8.188e-01  0.2069000    27.8398    27.8370    -0.0028    -0.0000    21.8492    21.8470      2.972      2.990    1467.59    1467.58     6.8417     6.9702    95.4500    97.2420  0.000e+00
      47959      3.500     6.4523     6.4524    2.82785    2.82775          1     3.6179     3.3803      96.91      0.589     1.1348     0.2914  7.266e-01  0.2105000    27.8352    27.8341    -0.0012     0.0001    21.8457    21.8447      3.468      3.489    1467.59    1467.59     6.8422     6.9658    95.4550    97.1770  0.000e+00
      47994      4.000     6.4523     6.4521    2.82803    2.82767          1     3.6180     3.3799      96.91      0.572     1.2064     0.3283  6.140e-01  0.2222000    27.8370    27.8332    -0.0038    -0.0002    21.8470    21.8441      3.963      3.987    1467.60    1467.59     6.8419     6.9695    95.4500    97.2270  0.000e+00
      48067      4.500     6.4519     6.4511    2.82757    2.82688          1     3.6173     3.3800      77.40      0.300     1.1965     0.3685  4.038e-01  0.2042000    27.8320    27.8252    -0.0068    -0.0008    21.8432    21.8379      4.458      4.485    1467.60    1467.59     6.8403     6.9742    95.4240    97.2860  0.000e+00
      48089      5.000     6.4509     6.4503    2.82688    2.82631          1     3.6174     3.3802       9.81      0.551     1.2424     0.3583  2.927e-01  0.2116000    27.8252    27.8195    -0.0057    -0.0006    21.8379    21.8335      4.954      4.984    1467.59    1467.58     6.8413     6.9806    95.4330    97.3690  0.000e+00
      48113      5.500     6.4507     6.4504    2.82667    2.82626          1     3.6169     3.3810      96.61      0.527     1.2619     0.3139  2.614e-01  0.2176000    27.8229    27.8186    -0.0042    -0.0003    21.8361    21.8328      5.449      5.482    1467.60    1467.59     6.8413     6.9849    95.4300    97.4300  0.000e+00
      48139      6.000     6.4510     6.4505    2.82672    2.82633          1     3.6169     3.3815      96.92      0.474     1.2025     0.3322  2.088e-01  0.2140000    27.8230    27.8191    -0.0039    -0.0004    21.8362    21.8331      5.944      5.981    1467.61    1467.60     6.8427     6.9784    95.4510    97.3390  0.000e+00
      48166      6.500     6.4506     6.4504    2.82655    2.82622          1     3.6167     3.3806      96.92      0.451     1.1981     0.3448  1.685e-01  0.2218000    27.8211    27.8179    -0.0033    -0.0003    21.8348    21.8322      6.440      6.479    1467.61    1467.61     6.8395     6.9699    95.4040    97.2200  0.000e+00
      48193      7.000     6.4505     6.4503    2.82646    2.82610          1     3.6151     3.3798      96.93      0.445     1.2058     0.3245  1.392e-01  0.2387000    27.8201    27.8164    -0.0037    -0.0002    21.8339    21.8311      6.935      6.977    1467.62    1467.61     6.8322     6.9751    95.3010    97.2910  0.000e+00
      48226      7.500     6.4505     6.4504    2.82640    2.82608          1     3.6140     3.3802      96.93      0.383     1.3963     0.3073  1.277e-01  0.2194000    27.8193    27.8159    -0.0034    -0.0001    21.8334    21.8307      7.430      7.476    1467.63    1467.62     6.8368     6.9777    95.3650    97.3270  0.000e+00
      48255      8.000     6.4505     6.4504    2.82636    2.82609          1     3.6142     3.3791      96.92      0.377     1.4542     0.3060  7.117e-02  0.2261000    27.8186    27.8157    -0.0028    -0.0001    21.8328    21.8305      7.926      7.974    1467.63    1467.63     6.8400     6.9653    95.4080    97.1540  0.000e+00
      48278      8.500     6.4507     6.4508    2.82642    2.82691          1     3.6146     3.3783      96.95      0.474     1.3578     0.3018  3.958e-02  0.2711000    27.8189    27.8241     0.0052     0.0001    21.8330    21.8371      8.421      8.473    1467.64    1467.65     6.8424     6.9670    95.4430    97.1850  0.000e+00
      48302      9.000     6.4526     6.4540    2.82946    2.83152          1     3.6154     3.3775      96.94      0.525     1.2820     0.2805  5.570e-03  0.2198000    27.8501    27.8712     0.0211     0.0015    21.8573    21.8738      8.917      8.971    1467.70    1467.73     6.8456     6.9654    95.5110    97.1990  0.000e+00
      48328      9.500     6.4543     6.4543    2.83125    2.83111          1     3.6166     3.3774      96.95      0.465     1.2556     0.3064  1.206e-03  0.2228000    27.8679    27.8664    -0.0015    -0.0000    21.8711    21.8700      9.412      9.469    1467.73    1467.73     6.8493     6.9738    95.5780    97.3140  0.000e+00
      48351     10.000     6.4547     6.4546    2.83215    2.83220          1     3.6179     3.3784      96.95      0.481     1.2036     0.3393  3.553e-03  0.2184000    27.8771    27.8777     0.0006    -0.0001    21.8784    21.8788      9.907      9.968    1467.76    1467.76     6.8531     6.9878    95.6390    97.5180  0.000e+00
      48371     10.500     6.4577     6.4586    2.83909    2.84275          1     3.6193     3.3803      96.97      0.558     1.2192     0.3266  4.019e-05  0.2179000    27.9498    27.9888     0.0390     0.0009    21.9352    21.9658     10.403     10.466    1467.87    1467.92     6.8559     6.9875    95.7290    97.5940  0.000e+00
      48395     11.000     6.4668     6.4684    2.86118    2.86661          1     3.6211     3.3817      96.96      0.550     1.2280     0.3300  8.194e-12  0.2176000    28.1818    28.2395     0.0577     0.0016    22.1169    22.1621     10.898     10.964    1468.20    1468.28     6.8460     6.9760    95.7590    97.6170  0.000e+00
      48429     11.500     6.5010     6.5179    2.93661    2.97393          1     3.6239     3.3849      96.95      0.384     1.3266     0.3350  1.000e-12  0.2138000    28.9735    29.3656     0.3921     0.0170    22.7362    23.0430     11.393     11.462    1469.34    1469.90     6.8166     6.9338    95.9230    97.8640  0.000e+00
      48464     12.000     6.6026     6.6115    3.10126    3.11903          1     3.6280     3.3885      96.96      0.325     1.3136     0.3602  1.000e-12  0.2180000    30.6815    30.8678     0.1863     0.0089    24.0691    24.2147     11.889     11.960    1471.89    1472.16     6.7354     6.8549    96.0840    97.9290  0.000e+00
      48489     12.500     6.6786     6.6768    3.18686    3.18577          1     3.6314     3.3907      96.94      0.416     1.1223     0.3143  1.000e-12  0.2215000    31.5493    31.5389    -0.0103    -0.0017    24.7431    24.7351     12.384     12.457    1473.29    1473.27     6.6878     6.8125    96.1220    97.9030  0.000e+00
      48506     13.000     6.8186     6.8217    3.23879    3.24036          1     3.6322     3.3912      96.95      0.551     0.9471     0.2807  1.000e-12  0.2269000    31.9880    32.0023     0.0143     0.0031    25.0706    25.0815     12.879     12.954    1474.39    1474.42     6.6418     6.7683    96.0480    97.8930  0.000e+00
      48523     13.500     6.8545     6.8546    3.24923    3.24888          1     3.6330     3.3928      96.95      0.671     0.7588     0.2805  1.000e-12  0.2366000    32.0685    32.0646    -0.0039     0.0001    25.1294    25.1262     13.375     13.451    1474.64    1474.64     6.6363     6.7666    96.1000    97.9840  0.000e+00
      48541     14.000     6.8565     6.8562    3.24993    3.24945          1     3.6347     3.3938      96.95      0.707     0.7089     0.2464  1.000e-12  0.1696000    32.0740    32.0691    -0.0049    -0.0003    25.1334    25.1296     13.870     13.948    1474.67    1474.66     6.6408     6.7656    96.1730    97.9770  0.000e+00
      48574     14.500     6.8593     6.8561    3.25103    3.24878          1     3.6361     3.3960      96.96      0.456     0.7144     0.2881  1.000e-12  0.1617000    32.0832    32.0617    -0.0216    -0.0032    25.1403    25.1238     14.365     14.444    1474.70    1474.66     6.6377     6.7770    96.1390    98.1360  0.000e+00
      48618     15.000     6.8627     6.8594    3.25236    3.25105          1     3.6368     3.3994      96.94      0.235     0.7103     0.2701  1.000e-12  0.1899000    32.0944    32.0832    -0.0113    -0.0033    25.1487    25.1402     14.861     14.941    1474.73    1474.71     6.6404     6.7749    96.1930    98.1270  0.000e+00
      48641     15.500     6.8682     6.8686    3.25438    3.25389          1     3.6384     3.3994      96.96      0.406     0.6961     0.2715  1.000e-12  0.3073000    32.1110    32.1054    -0.0056     0.0003    25.1610    25.1565     15.356     15.438    1474.78    1474.78     6.6452     6.7699    96.2860    98.0900  0.000e+00
      48659     16.000     6.8734     6.8734    3.25596    3.25554          1     3.6392     3.4000      96.94      0.559     0.6904     0.2812  1.000e-12  0.2509000    32.1232    32.1187    -0.0046     0.0001    25.1700    25.1663     15.851     15.935    1474.83    1474.82     6.6452     6.7791    96.3050    98.2430  0.000e+00
      48677     16.500     6.8771     6.8771    3.25724    3.25684          1     3.6403     3.4016      96.96      0.660     0.6828     0.2224  1.000e-12  0.1603000    32.1335    32.1292    -0.0043    -0.0000    25.1776    25.1742     16.347     16.431    1474.86    1474.86     6.6467     6.7830    96.3410    98.3140  0.000e+00
      48699     17.000     6.8785     6.8784    3.25788    3.25746          1     3.6410     3.4026      96.97      0.620     0.6978     0.2474  1.000e-12  0.1617000    32.1391    32.1345    -0.0045    -0.0001    25.1818    25.1782     16.842     16.928    1474.88    1474.88     6.6451     6.7792    96.3250    98.2660  0.000e+00
      48728     17.500     6.8788     6.8785    3.25839    3.25787          1     3.6413     3.4030      96.95      0.448     0.6959     0.2188  1.000e-12  0.1639000    32.1441    32.1387    -0.0053    -0.0003    25.1856    25.1815     17.337     17.425    1474.90    1474.89     6.6473     6.7754    96.3610    98.2130  0.000e+00
      48757     18.000     6.8784     6.8784    3.26116    3.26048          1     3.6439     3.4037      96.95      0.402     0.6382     0.2743  1.000e-12  0.1733000    32.1745    32.1670    -0.0075    -0.0000    25.2097    25.2038     17.833     17.922    1474.94    1474.93     6.6651     6.7877    96.6370    98.4100  0.000e+00
      48783     18.500     6.8762     6.8762    3.26802    3.26745          1     3.6483     3.4062      96.93      0.441     0.5918     0.2415  1.000e-12  0.1481000    32.2513    32.2451    -0.0061    -0.0001    25.2704    25.2656     18.328     18.418    1475.04    1475.03     6.6743     6.7993    96.8150    98.6240  0.000e+00
      48808     19.000     6.8771     6.8773    3.27360    3.27262          1     3.6517     3.4089      96.94      0.480     0.6031     0.2370  1.000e-12  0.1837000    32.3113    32.3004    -0.0109     0.0001    25.3176    25.3089     18.823     18.915    1475.13    1475.11     6.6769     6.8069    96.8930    98.7730  0.000e+00
      48834     19.500     6.8763     6.8760    3.27918    3.27841          1     3.6553     3.4124      96.94      0.476     0.6471     0.2540  1.000e-12  0.1775000    32.3729    32.3647    -0.0082    -0.0002    25.3662    25.3597     19.319     19.412    1475.21    1475.20     6.6871     6.8179    97.0780    98.9720  0.000e+00
      48859     20.000     6.8788     6.8783    3.28145    3.28095          1     3.6600     3.4157      96.93      0.466     0.6915     0.2676  1.000e-12  0.2093000    32.3952    32.3901    -0.0051    -0.0004    25.3834    25.3794     19.814     19.909    1475.25    1475.25     6.6981     6.8194    97.2580    99.0150  0.000e+00
      48881     20.500     6.8832     6.8829    3.28641    3.28583          1     3.6638     3.4182      96.93      0.508     0.6874     0.2347  1.000e-12  0.2275000    32.4449    32.4389    -0.0060    -0.0003    25.4220    25.4173     20.309     20.405    1475.34    1475.33     6.7025     6.8262    97.3640    99.1550  0.000e+00
      48902     21.000     6.9016     6.8990    3.29434    3.29339          1     3.6670     3.4214      96.93      0.556     0.6597     0.2542  1.000e-12  0.1695000    32.5142    32.5062    -0.0080    -0.0025    25.4741    25.4681     20.805     20.902    1475.51    1475.49     6.7009     6.8354    97.4260    99.3710  0.000e+00
      48926     21.500     6.9364     6.9327    3.30622    3.30494          1     3.6701     3.4252      96.94      0.538     0.6548     0.2839  1.000e-12  0.1732000    32.6109    32.6003    -0.0106    -0.0036    25.5456    25.5378     21.300     21.398    1475.77    1475.75     6.6959     6.8255    97.4940    99.3650  0.000e+00
      48959     22.000     6.9633     6.9584    3.31691    3.31512          1     3.6728     3.4273      85.79      0.411     0.6675     0.2486  1.000e-12  0.1554000    32.7020    32.6870    -0.0150    -0.0048    25.6138    25.6026     21.795     21.895    1476.00    1475.96     6.6804     6.8078    97.3870    99.2230  0.000e+00
      48995     22.500     6.9756     6.9753    3.32327    3.32297          1     3.6683     3.4272      78.00      0.300     0.6712     0.2806  1.000e-12  0.1903000    32.7595    32.7566    -0.0029    -0.0003    25.6574    25.6551     22.291     22.392    1476.13    1476.12     6.6318     6.7862    96.7410    98.9910  0.000e+00
      49017     23.000     6.9913     6.9897    3.33105    3.33050          1     3.6608     3.4265      73.77      0.423     0.6202     0.2607  1.000e-12  0.1501000    32.8294    32.8250    -0.0044    -0.0016    25.7104    25.7071     22.786     22.888    1476.28    1476.27     6.6114     6.7805    96.5230    98.9850  0.000e+00
      49034     23.500     6.9874     6.9864    3.33612    3.33586          1     3.6572     3.4259      95.32      0.585     0.6145     0.2623  1.000e-12  0.1549000    32.8883    32.8864    -0.0019    -0.0011    25.7572    25.7559     23.281     23.385    1476.35    1476.34     6.6052     6.7545    96.4620    98.6390  0.000e+00
      49051     24.000     6.9713     6.9697    3.33675    3.33632          1     3.6528     3.4214      96.88      0.700     0.6081     0.2621  1.000e-12  0.1644000    32.9103    32.9072    -0.0032    -0.0016    25.7767    25.7745     23.776     23.881    1476.32    1476.31     6.5951     6.7268    96.2920    98.2090  0.000e+00
      49074     24.500     6.8480     6.8576    3.33677    3.33619          1     3.6465     3.4161      89.25      0.629     0.5906     0.2631  1.000e-12  0.1875000    33.0288    33.0132    -0.0156     0.0096    25.8865    25.8729     24.272     24.377    1476.00    1476.02     6.5966     6.7346    96.1160    98.1380  0.000e+00
