ctdpy/tests/etc/exprapp_april_2020/SBE09_1387_20200415_0708_77_10_0343.cnv
* Sea-Bird SBE 9 Data File:
* FileName = L:\2020\sv20d0343.hex
* Software Version Seasave V 7.26.7.121
* Temperature SN = 6378
* Conductivity SN = 4824
* Number of Bytes Per Scan = 41
* Number of Voltage Words = 4
* Number of Scans Averaged by the Deck Unit = 1
* NMEA Latitude = 57 11.48 N
* NMEA Longitude = 011 39.54 E
* NMEA UTC (Time) = Apr 15 2020  07:08:48
* NMEA baud rate = 4800
** Station:  Fladen
** Operator:  JKro
** Ship: SVEA
** Average sound velocity: 1470.96 m/s
** True-depth calculation Wed, 15 Apr 2020 08:07:19 +0000
** CTD Python Module SMHI /ver 3-12/ feb 2012 
** LIMS Job: 20207710-0343
** Cruise: SMHI-07-2020
** Latitude [GG MM.mm N] :
** Longitude [GGG MM.mm E]:
# nquan = 30
# nvalues = 156                         
# units = specified
# name 0 = scan: Scan Count
# name 1 = prDM: Pressure, Digiquartz [db]
# name 2 = t090C: Temperature [ITS-90, deg C]
# name 3 = t190C: Temperature, 2 [ITS-90, deg C]
# name 4 = c0S/m: Conductivity [S/m]
# name 5 = c1S/m: Conductivity, 2 [S/m]
# name 6 = pumps: Pump Status
# name 7 = sbeox0V: Oxygen raw, SBE 43 [V]
# name 8 = sbeox1V: Oxygen raw, SBE 43, 2 [V]
# name 9 = altM: Altimeter [m]
# name 10 = dz/dtM: Descent Rate [m/s]
# name 11 = flECO-AFL: Chl-a Fluorescence, WET Labs ECO-AFL/FL [mg/m^3]
# name 12 = flECO-AFL1: Phycocyanin Fluorescence, WET Labs ECO-AFL/FL, 2 [mg/m^3]
# name 13 = par: PAR/Irradiance, Biospherical/Lico [µE/(cm^2*s)]
# name 14 = turbWETntu0: Turbidity, WET Labs ECO [NTU]
# name 15 = sal00: Salinity, Practical [PSU]
# name 16 = sal11: Salinity, Practical, 2 [PSU]
# name 17 = secS-priS: Salinity, Practical, Difference, 2 - 1 [PSU]
# name 18 = T2-T190C: Temperature Difference, 2 - 1 [ITS-90, deg C]
# name 19 = sigma-t00: Density [sigma-t, kg/m^3 ]
# name 20 = sigma-t11: Density, 2 [sigma-t, kg/m^3 ]
# name 21 = depSM: Depth [salt water, m], lat = 57.1913
# name 22 = depFM: Depth [true depth, m], lat = 57.1913
# name 23 = svCM: Sound Velocity [Chen-Millero, m/s]
# name 24 = svCM1: Sound Velocity, 2 [Chen-Millero, m/s]
# name 25 = sbeox0ML/L: Oxygen, SBE 43 [ml/l], WS = 2
# name 26 = sbeox1ML/L: Oxygen, SBE 43, 2 [ml/l], WS = 2
# name 27 = sbeox0PS: Oxygen, SBE 43 [% saturation], WS = 2
# name 28 = sbeox1PS: Oxygen, SBE 43, 2 [% saturation], WS = 2
# name 29 = flag: flag
# span 0 =      33040,      37503       
# span 1 =      1.500,     79.000       
# span 2 =     5.8791,     6.5290       
# span 3 =     5.8791,     6.5290       
# span 4 =   2.500010,   3.366976       
# span 5 =   2.499834,   3.366655       
# span 6 =          1,          1       
# span 7 =     3.1413,     3.6052       
# span 8 =     2.9551,     3.3859       
# span 9 =       2.43,      97.23       
# span 10 =     -0.438,      0.786      
# span 11 =     0.2582,     1.0256      
# span 12 =     0.1478,     0.3181      
# span 13 = -3.987e-12, 4.3944e+02      
# span 14 =     0.1896,     1.6950      
# span 15 =    24.2541,    33.8294      
# span 16 =    24.2528,    33.8259      
# span 17 =    -0.4757,     0.0599      
# span 18 =    -0.0111,     0.0660      
# span 19 =    19.0198,    26.5839      
# span 20 =    19.0188,    26.5812      
# span 21 =      1.486,     78.258      
# span 22 =      1.499,     78.573      
# span 23 =    1463.39,    1475.92      
# span 24 =    1463.38,    1475.91      
# span 25 =     5.5499,     6.9670      
# span 26 =     5.6867,     7.1422      
# span 27 =     80.337,     95.100      
# span 28 =     82.322,     97.480      
# span 29 = 0.0000e+00, 0.0000e+00      
# interval = decibars: 0.5              
# start_time = Apr 15 2020 07:08:49 [NMEA time, first data scan]
# bad_flag = -9.990e-29
*END*
[from data line 97]
      35699     50.000     6.1308     6.1307    3.26689    3.26655          1     3.3681     3.1659      31.29      0.449     0.2800     0.1929  8.970e-03  0.5561000    32.9352    32.9315    -0.0037    -0.0002    25.9050    25.9022     49.534     49.791    1473.48    1473.47     6.1754     6.3548    88.4390    91.0050  0.000e+00
      35719     50.500     6.1321     6.1320    3.26739    3.26706          1     3.3750     3.1713      30.91      0.550     0.2896     0.1852  1.586e-03  0.5502000    32.9392    32.9358    -0.0034    -0.0002    25.9081    25.9054     50.029     50.288    1473.49    1473.49     6.1817     6.3513    88.5340    90.9610  0.000e+00
      35740     51.000     6.1343     6.1342    3.26823    3.26797          1     3.3794     3.1749      30.33      0.577     0.2970     0.2337  7.495e-04  0.5500000    32.9463    32.9435    -0.0028    -0.0001    25.9133    25.9112     50.525     50.784    1473.52    1473.52     6.1731     6.3450    88.4190    90.8800  0.000e+00
      35766     51.500     6.1384     6.1384    3.26989    3.26955          1     3.3802     3.1774      29.81      0.521     0.2855     0.2272  2.613e-05  0.5606000    32.9607    32.9569    -0.0038     0.0000    25.9242    25.9212     51.020     51.280    1473.56    1473.56     6.1567     6.3344    88.2010    90.7450  0.000e+00
      35801     52.000     6.1410     6.1412    3.27087    3.27055          1     3.3781     3.1782      29.15      0.359     0.2847     0.2121 -3.987e-12  0.5466000    32.9687    32.9651    -0.0036     0.0001    25.9303    25.9274     51.515     51.777    1473.59    1473.59     6.1380     6.3114    87.9430    90.4260  0.000e+00
      35831     52.500     6.1423     6.1421    3.27134    3.27114          1     3.3728     3.1740      28.75      0.347     0.2770     0.2262  1.000e-12  0.5298000    32.9725    32.9704    -0.0021    -0.0002    25.9331    25.9315     52.010     52.273    1473.61    1473.61     6.1181     6.2659    87.6630    89.7790  0.000e+00
      35850     53.000     6.1458     6.1445    3.27456    3.27331          1     3.3699     3.1694      28.40      0.493     0.3014     0.1820  1.000e-12  0.5656000    33.0049    32.9922    -0.0127    -0.0013    25.9582    25.9483     52.506     52.770    1473.67    1473.65     6.1137     6.2523    87.6270    89.6020  0.000e+00
      35867     53.500     6.1482     6.1479    3.27671    3.27636          1     3.3674     3.1661      27.92      0.640     0.2939     0.2350  1.000e-12  0.5979000    33.0263    33.0227    -0.0036    -0.0003    25.9748    25.9720     53.001     53.266    1473.72    1473.71     6.1021     6.2427    87.4780    89.4910  0.000e+00
      35885     54.000     6.1486     6.1484    3.27727    3.27702          1     3.3632     3.1617      27.45      0.692     0.2885     0.1802  1.000e-12  0.6124000    33.0320    33.0294    -0.0026    -0.0002    25.9792    25.9772     53.496     53.762    1473.73    1473.73     6.0806     6.2223    87.1720    89.2020  0.000e+00
      35910     54.500     6.1486     6.1488    3.27734    3.27739          1     3.3543     3.1542      26.91      0.579     0.2859     0.1966  1.000e-12  0.5628000    33.0326    33.0329     0.0003     0.0002    25.9797    25.9799     53.991     54.259    1473.74    1473.74     6.0448     6.1866    86.6610    88.6930  0.000e+00
      35943     55.000     6.1514     6.1516    3.28015    3.28011          1     3.3394     3.1418      26.23      0.387     0.2767     0.2358  1.000e-12  0.5541000    33.0609    33.0603    -0.0006     0.0002    26.0017    26.0012     54.487     54.755    1473.80    1473.80     6.0048     6.1467    86.1090    88.1440  0.000e+00
      35973     55.500     6.1571     6.1572    3.28492    3.28463          1     3.3274     3.1308      25.73      0.365     0.2882     0.2207  1.000e-12  0.5484000    33.1085    33.1051    -0.0033     0.0001    26.0386    26.0359     54.982     55.252    1473.89    1473.88     5.9885     6.1264    85.9130    87.8900  0.000e+00
      35995     56.000     6.1655     6.1645    3.28895    3.28842          1     3.3209     3.1244      25.33      0.467     0.2810     0.2329  1.000e-12  0.6111000    33.1450    33.1400    -0.0050    -0.0010    26.0664    26.0625     55.477     55.748    1473.98    1473.97     5.9820     6.1237    85.8570    87.8870  0.000e+00
      36013     56.500     6.1715     6.1709    3.29177    3.29128          1     3.3174     3.1204      24.92      0.583     0.2773     0.2348  1.000e-12  0.6486000    33.1704    33.1656    -0.0049    -0.0006    26.0857    26.0819     55.973     56.244    1474.04    1474.03     5.9786     6.1290    85.8360    87.9900  0.000e+00
      36034     57.000     6.1751     6.1744    3.29341    3.29285          1     3.3135     3.1180      24.39      0.629     0.2815     0.2153  1.000e-12  0.6794000    33.1850    33.1795    -0.0055    -0.0007    26.0967    26.0925     56.468     56.741    1474.08    1474.07     5.9692     6.1388    85.7160    88.1470  0.000e+00
      36064     57.500     6.1771     6.1768    3.29432    3.29371          1     3.3082     3.1154      23.76      0.465     0.2961     0.1973  1.000e-12  0.6923000    33.1929    33.1865    -0.0064    -0.0004    26.1027    26.0977     56.963     57.237    1474.11    1474.10     5.9637     6.1316    85.6450    88.0520  0.000e+00
      36100     58.000     6.1806     6.1802    3.29551    3.29508          1     3.3047     3.1120      23.28      0.313     0.2878     0.1737  1.000e-12  0.6309000    33.2025    33.1982    -0.0044    -0.0005    26.1099    26.1065     57.458     57.733    1474.14    1474.13     5.9622     6.1218    85.6360    87.9260  0.000e+00
      36122     58.500     6.1857     6.1855    3.29696    3.29664          1     3.3031     3.1096      22.89      0.426     0.2792     0.2069  1.000e-12  0.6706000    33.2136    33.2101    -0.0035    -0.0002    26.1180    26.1153     57.954     58.229    1474.18    1474.18     5.9631     6.1180    85.6660    87.8880  0.000e+00
      36141     59.000     6.1894     6.1888    3.29800    3.29757          1     3.3030     3.1084      22.45      0.569     0.2759     0.2375  1.000e-12  0.6999000    33.2213    33.2171    -0.0042    -0.0006    26.1236    26.1204     58.449     58.726    1474.22    1474.21     5.9672     6.1193    85.7360    87.9180  0.000e+00
      36160     59.500     6.1915     6.1910    3.29863    3.29823          1     3.3034     3.1075      21.98      0.647     0.2773     0.2394  1.000e-12  0.7289000    33.2260    33.2220    -0.0041    -0.0005    26.1271    26.1239     58.944     59.222    1474.24    1474.23     5.9671     6.1239    85.7430    87.9910  0.000e+00
      36185     60.000     6.1924     6.1919    3.29896    3.29841          1     3.3024     3.1073      21.35      0.556     0.2772     0.2173  1.000e-12  0.7384000    33.2286    33.2229    -0.0057    -0.0005    26.1289    26.1245     59.439     59.718    1474.25    1474.25     5.9587     6.1263    85.6240    88.0280  0.000e+00
      36215     60.500     6.1960     6.1961    3.30007    3.29981          1     3.3007     3.1062      20.84      0.401     0.2773     0.2013  1.000e-12  0.7165000    33.2372    33.2343    -0.0029     0.0001    26.1353    26.1330     59.935     60.215    1474.29    1474.28     5.9556     6.1151    85.5910    87.8830  0.000e+00
      36242     61.000     6.2010     6.2009    3.30173    3.30149          1     3.2994     3.1047      20.35      0.424     0.2755     0.2352  1.000e-12  0.7552000    33.2507    33.2480    -0.0027    -0.0001    26.1453    26.1432     60.430     60.711    1474.33    1474.33     5.9453     6.0998    85.4620    87.6810  0.000e+00
      36265     61.500     6.2180     6.2190    3.30897    3.30936          1     3.2965     3.1013      19.92      0.492     0.2770     0.2218  1.000e-12  0.8358000    33.3147    33.3180     0.0033     0.0010    26.1937    26.1962     60.925     61.207    1474.49    1474.50     5.9231     6.0699    85.2120    87.3270  0.000e+00
      36288     62.000     6.2309     6.2324    3.31443    3.31484          1     3.2912     3.0967      19.37      0.518     0.2760     0.2375  1.000e-12  0.9047000    33.3627    33.3657     0.0030     0.0015    26.2300    26.2322     61.420     61.703    1474.61    1474.62     5.9016     6.0505    84.9550    87.1030  0.000e+00
      36311     62.500     6.2432     6.2439    3.31980    3.31985          1     3.2862     3.0925      18.87      0.526     0.2760     0.2396  1.000e-12  0.9325000    33.4103    33.4101    -0.0001     0.0007    26.2659    26.2658     61.916     62.200    1474.73    1474.73     5.8917     6.0461    84.8630    87.0900  0.000e+00
      36334     63.000     6.2476     6.2477    3.32183    3.32166          1     3.2828     3.0898      18.35      0.515     0.2769     0.1879  1.000e-12  0.9850000    33.4284    33.4264    -0.0020     0.0000    26.2797    26.2781     62.411     62.696    1474.77    1474.77     5.8920     6.0507    84.8880    87.1730  0.000e+00
      36359     63.500     6.2477     6.2468    3.32187    3.32118          1     3.2803     3.0879      17.85      0.504     0.2770     0.2219  1.000e-12  1.0608000    33.4286    33.4217    -0.0069    -0.0009    26.2798    26.2745     62.906     63.192    1474.78    1474.77     5.8845     6.0490    84.7790    87.1430  0.000e+00
      36386     64.000     6.2481     6.2478    3.32207    3.32170          1     3.2765     3.0855      17.33      0.459     0.2702     0.2150  1.000e-12  1.0699000    33.4300    33.4262    -0.0038    -0.0003    26.2809    26.2780     63.401     63.688    1474.79    1474.79     5.8757     6.0371    84.6540    86.9760  0.000e+00
      36416     64.500     6.2492     6.2489    3.32266    3.32223          1     3.2725     3.0814      16.83      0.408     0.2582     0.2192  1.000e-12  1.0890000    33.4353    33.4308    -0.0045    -0.0004    26.2849    26.2815     63.897     64.185    1474.81    1474.81     5.8650     6.0174    84.5060    86.6980  0.000e+00
      36441     65.000     6.2496     6.2492    3.32284    3.32243          1     3.2691     3.0775      16.37      0.441     0.2605     0.1800  1.000e-12  1.0470000    33.4367    33.4325    -0.0042    -0.0003    26.2860    26.2828     64.392     64.681    1474.82    1474.82     5.8608     6.0095    84.4460    86.5850  0.000e+00
      36463     65.500     6.2509     6.2501    3.32354    3.32292          1     3.2665     3.0746      15.90      0.515     0.2638     0.2404  1.000e-12  1.0548000    33.4430    33.4369    -0.0061    -0.0008    26.2908    26.2861     64.887     65.177    1474.85    1474.84     5.8547     6.0089    84.3650    86.5810  0.000e+00
      36484     66.000     6.2507     6.2506    3.32353    3.32326          1     3.2643     3.0725      15.39      0.555     0.2686     0.2373  1.000e-12  1.0904000    33.4428    33.4398    -0.0030    -0.0001    26.2907    26.2884     65.382     65.673    1474.85    1474.85     5.8516     6.0025    84.3190    86.4910  0.000e+00
      36509     66.500     6.2521     6.2527    3.32421    3.32430          1     3.2615     3.0691      14.90      0.518     0.2732     0.2076  1.000e-12  1.1370000    33.4488    33.4492     0.0003     0.0006    26.2953    26.2955     65.878     66.170    1474.87    1474.88     5.8461     5.9932    84.2460    86.3680  0.000e+00
      36534     67.000     6.2542     6.2539    3.32526    3.32485          1     3.2600     3.0668      14.39      0.470     0.2742     0.2179  1.000e-12  1.2107000    33.4582    33.4539    -0.0043    -0.0003    26.3024    26.2991     66.373     66.666    1474.90    1474.90     5.8469     5.9913    84.2660    86.3450  0.000e+00
      36558     67.500     6.2554     6.2572    3.32588    3.32640          1     3.2575     3.0634      13.90      0.488     0.2793     0.2311  1.000e-12  1.2305000    33.4638    33.4677     0.0040     0.0018    26.3067    26.3096     66.868     67.162    1474.92    1474.93     5.8248     5.9606    83.9540    85.9170  0.000e+00
      36582     68.000     6.2522     6.2520    3.32448    3.32407          1     3.2517     3.0576      13.40      0.511     0.2657     0.2242  1.000e-12  1.1825000    33.4510    33.4465    -0.0044    -0.0002    26.2970    26.2935     67.363     67.658    1474.90    1474.90     5.8048     5.9425    83.6520    85.6340  0.000e+00
      36606     68.500     6.2609     6.2619    3.32862    3.32877          1     3.2457     3.0527      12.88      0.503     0.2714     0.2397  1.000e-12  1.2131000    33.4884    33.4890     0.0006     0.0010    26.3254    26.3257     67.859     68.154    1474.99    1475.00     5.7938     5.9352    83.5310    85.5720  0.000e+00
      36634     69.000     6.2645     6.2675    3.33014    3.33128          1     3.2404     3.0475      12.39      0.458     0.2664     0.2584  1.000e-12  1.1789000    33.5015    33.5113     0.0098     0.0030    26.3353    26.3426     68.354     68.651    1475.03    1475.06     5.7821     5.9231    83.3770    85.4210  0.000e+00
      36660     69.500     6.2675     6.2687    3.33158    3.33186          1     3.2349     3.0433      11.88      0.445     0.2750     0.2097  1.000e-12  1.2693000    33.5145    33.5164     0.0019     0.0012    26.3452    26.3465     68.849     69.147    1475.07    1475.07     5.7689     5.9191    83.1990    85.3690  0.000e+00
      36683     70.000     6.2701     6.2711    3.33283    3.33304          1     3.2304     3.0398      11.40      0.485     0.2764     0.1658  1.000e-12  1.4180000    33.5256    33.5269     0.0014     0.0010    26.3535    26.3545     69.344     69.643    1475.10    1475.11     5.7601     5.9015    83.0830    85.1250  0.000e+00
      36709     70.500     6.2721     6.2727    3.33373    3.33379          1     3.2248     3.0337      10.89      0.489     0.2751     0.2346  1.000e-12  1.4312000    33.5334    33.5335     0.0001     0.0006    26.3595    26.3595     69.839     70.139    1475.13    1475.13     5.7328     5.8722    82.6990    84.7100  0.000e+00
      36736     71.000     6.2821     6.2807    3.33850    3.33751          1     3.2153     3.0270      10.37      0.441     0.2753     0.2104  1.000e-12  1.4774000    33.5766    33.5669    -0.0096    -0.0014    26.3923    26.3848     70.335     70.635    1475.23    1475.21     5.7085     5.8620    82.3910    84.5980  0.000e+00
      36759     71.500     6.2894     6.2912    3.34178    3.34241          1     3.2101     3.0229       9.90      0.477     0.2758     0.2637  1.000e-12  1.5314000    33.6057    33.6109     0.0052     0.0018    26.4144    26.4182     70.830     71.132    1475.30    1475.32     5.7093     5.8624    82.4320    84.6490  0.000e+00
      36780     72.000     6.2932     6.2909    3.34355    3.34221          1     3.2071     3.0206       9.46      0.550     0.2745     0.1873  1.000e-12  1.5166000    33.6214    33.6088    -0.0126    -0.0023    26.4263    26.4166     71.325     71.628    1475.35    1475.32     5.7093     5.8678    82.4470    84.7250  0.000e+00
      36804     72.500     6.2908     6.2880    3.34240    3.34098          1     3.2049     3.0185       8.88      0.538     0.2717     0.1738  1.000e-12  1.5109000    33.6108    33.5977    -0.0131    -0.0028    26.4181    26.4082     71.820     72.124    1475.33    1475.30     5.7087     5.8646    82.4290    84.6670  0.000e+00
      36831     73.000     6.2921     6.2910    3.34311    3.34237          1     3.2026     3.0164       8.37      0.466     0.2906     0.1846  1.000e-12  1.5277000    33.6171    33.6100    -0.0071    -0.0012    26.4230    26.4175     72.316     72.620    1475.35    1475.34     5.7052     5.8596    82.3840    84.6070  0.000e+00
      36863     73.500     6.2925     6.2933    3.34329    3.34338          1     3.1995     3.0122       7.81      0.406     0.2853     0.2182  1.000e-12  1.5239000    33.6185    33.6187     0.0002     0.0008    26.4240    26.4241     72.811     73.116    1475.36    1475.37     5.6886     5.8268    82.1450    84.1440  0.000e+00
