ctdpy/tests/etc/exprapp_april_2020/SBE09_1387_20200417_1857_77_10_0354.cnv
* Sea-Bird SBE 9 Data File:
* FileName = L:\2020\sv20d0354.hex
* Software Version Seasave V 7.26.7.121
* Temperature SN = 6378
* Conductivity SN = 4824
* Number of Bytes Per Scan = 41
* Number of Voltage Words = 4
* Number of Scans Averaged by the Deck Unit = 1
* NMEA Latitude = 57 18.72 N
* NMEA Longitude = 020 04.57 E
* NMEA UTC (Time) = Apr 17 2020  18:57:15
* NMEA baud rate = 4800
** Station:  BY15
** Operator:  SSip
** Ship: SVEA
** Average sound velocity: 1449.03 m/s
** True-depth calculation Fri, 17 Apr 2020 20:52:33 +0000
** CTD Python Module SMHI /ver 3-12/ feb 2012 
** LIMS Job: 20207710-0354
** Cruise: SMHI-07-2020
** Latitude [GG MM.mm N] :
** Longitude [GGG MM.mm E]:
# nquan = 30
# nvalues = 467                         
# units = specified
# name 0 = scan: Scan Count
# name 1 = prDM: Pressure, Digiquartz [db]
# name 2 = t090C: Temperature [ITS-90, deg C]
# name 3 = t190C: Temperature, 2 [ITS-90, deg C]
# name 4 = c0S/m: Conductivity [S/m]
# name 5 = c1S/m: Conductivity, 2 [S/m]
# name 6 = pumps: Pump Status
# name 7 = sbeox0V: Oxygen raw, SBE 43 [V]
# name 8 = sbeox1V: Oxygen raw, SBE 43, 2 [V]
# name 9 = altM: Altimeter [m]
# name 10 = dz/dtM: Descent Rate [m/s]
# name 11 = flECO-AFL: Chl-a Fluorescence, WET Labs ECO-AFL/FL [mg/m^3]
# name 12 = flECO-AFL1: Phycocyanin Fluorescence, WET Labs ECO-AFL/FL, 2 [mg/m^3]
# name 13 = par: PAR/Irradiance, Biospherical/Lico [µE/(cm^2*s)]
# name 14 = turbWETntu0: Turbidity, WET Labs ECO [NTU]
# name 15 = sal00: Salinity, Practical [PSU]
# name 16 = sal11: Salinity, Practical, 2 [PSU]
# name 17 = secS-priS: Salinity, Practical, Difference, 2 - 1 [PSU]
# name 18 = T2-T190C: Temperature Difference, 2 - 1 [ITS-90, deg C]
# name 19 = sigma-t00: Density [sigma-t, kg/m^3 ]
# name 20 = sigma-t11: Density, 2 [sigma-t, kg/m^3 ]
# name 21 = depSM: Depth [salt water, m], lat = 57.312
# name 22 = depFM: Depth [true depth, m], lat = 57.312
# name 23 = svCM: Sound Velocity [Chen-Millero, m/s]
# name 24 = svCM1: Sound Velocity, 2 [Chen-Millero, m/s]
# name 25 = sbeox0ML/L: Oxygen, SBE 43 [ml/l], WS = 2
# name 26 = sbeox1ML/L: Oxygen, SBE 43, 2 [ml/l], WS = 2
# name 27 = sbeox0PS: Oxygen, SBE 43 [% saturation], WS = 2
# name 28 = sbeox1PS: Oxygen, SBE 43, 2 [% saturation], WS = 2
# name 29 = flag: flag
# span 0 =      33005,      45352       
# span 1 =      2.000,    235.000       
# span 2 =     5.0088,     7.4616       
# span 3 =     5.0100,     7.4610       
# span 4 =   0.821070,   1.455410       
# span 5 =   0.821144,   1.455622       
# span 6 =          1,          1       
# span 7 =     0.7399,     3.6856       
# span 8 =     0.7232,     3.4376       
# span 9 =       2.32,      98.72       
# span 10 =     -0.108,      0.943      
# span 11 =     0.3526,     1.2727      
# span 12 =     0.1008,     0.4018      
# span 13 = -2.070e-04, 2.0361e+00      
# span 14 =     0.1064,     0.8081      
# span 15 =     7.5457,    13.1304      
# span 16 =     7.5464,    13.1327      
# span 17 =    -0.0413,     0.1035      
# span 18 =    -0.0222,     0.0123      
# span 19 =     5.9581,    10.2220      
# span 20 =     5.9586,    10.2238      
# span 21 =      1.982,    232.703      
# span 22 =      2.025,    237.309      
# span 23 =    1436.76,    1456.10      
# span 24 =    1436.76,    1456.11      
# span 25 =     0.0382,     8.2861      
# span 26 =     0.0655,     8.4333      
# span 27 =      0.493,     97.988      
# span 28 =      0.845,     99.727      
# span 29 = 0.0000e+00, 0.0000e+00      
# interval = decibars: 0.5              
# start_time = Apr 17 2020 18:57:16 [NMEA time, first data scan]
# bad_flag = -9.990e-29
*END*
[from data line 242]
      39180    123.000     7.4585     7.4584    1.37597    1.37631          1     0.7473     0.7328      96.61      0.546     0.3926     0.1910  1.000e-12  0.4547000    12.2931    12.2964     0.0033    -0.0001     9.5454     9.5480    121.831    124.364    1454.24    1454.24     0.0587     0.0916     0.7580     1.1810  0.000e+00
      39199    123.500     7.4616     7.4610    1.37809    1.37836          1     0.7473     0.7327      96.62      0.608     0.4021     0.2363  1.000e-12  0.4316000    12.3124    12.3152     0.0029    -0.0006     9.5603     9.5626    122.326    124.869    1454.28    1454.28     0.0578     0.0916     0.7460     1.1820  0.000e+00
      39216    124.000     7.4435     7.4419    1.37883    1.37905          1     0.7473     0.7327      96.62      0.656     0.3884     0.2652  1.000e-12  0.4405000    12.3259    12.3285     0.0027    -0.0016     9.5724     9.5747    122.821    125.373    1454.23    1454.23     0.0580     0.0923     0.7480     1.1900  0.000e+00
      39234    124.500     7.4352     7.4348    1.37976    1.38001          1     0.7473     0.7327      96.62      0.690     0.3933     0.2077  1.000e-12  0.4106000    12.3377    12.3403     0.0026    -0.0004     9.5824     9.5845    123.316    125.878    1454.22    1454.22     0.0577     0.0919     0.7440     1.1850  0.000e+00
      39259    125.000     7.4365     7.4360    1.38039    1.38052          1     0.7473     0.7327      96.62      0.595     0.4034     0.2290  1.000e-12  0.3594000    12.3433    12.3447     0.0015    -0.0005     9.5867     9.5879    123.811    126.382    1454.24    1454.24     0.0572     0.0918     0.7370     1.1840  0.000e+00
      39319    125.500     7.4332     7.4371    1.38045    1.37984          1     0.7471     0.7326      96.60      0.128     0.3964     0.1884  1.000e-12  0.3906000    12.3449    12.3376    -0.0073     0.0038     9.5883     9.5822    124.306    126.887    1454.24    1454.25     0.0577     0.0916     0.7450     1.1810  0.000e+00
      39340    126.000     7.4366     7.4360    1.38217    1.38244          1     0.7470     0.7324      96.54      0.379     0.3813     0.1766  1.000e-12  0.3592000    12.3602    12.3631     0.0029    -0.0006     9.6000     9.6023    124.801    127.391    1454.28    1454.28     0.0572     0.0876     0.7370     1.1300  0.000e+00
      39357    126.500     7.4243     7.4233    1.38266    1.38288          1     0.7472     0.7320      94.84      0.574     0.3781     0.1856  1.000e-12  0.3516000    12.3693    12.3718     0.0025    -0.0010     9.6081     9.6102    125.297    127.895    1454.25    1454.25     0.0582     0.0871     0.7510     1.1230  0.000e+00
      39372    127.000     7.4130     7.4123    1.38314    1.38334          1     0.7473     0.7320      66.69      0.712     0.3849     0.1909  1.000e-12  0.3318000    12.3778    12.3801     0.0022    -0.0007     9.6158     9.6176    125.792    128.400    1454.22    1454.22     0.0578     0.0901     0.7450     1.1610  0.000e+00
      39391    127.500     7.4055     7.4049    1.38312    1.38330          1     0.7470     0.7320      95.33      0.739     0.3895     0.1889  1.000e-12  0.3337000    12.3802    12.3823     0.0021    -0.0007     9.6183     9.6200    126.287    128.904    1454.20    1454.20     0.0571     0.0907     0.7360     1.1700  0.000e+00
      39420    128.000     7.3968     7.3965    1.38322    1.38341          1     0.7471     0.7320      96.60      0.509     0.3883     0.1884  1.000e-12  0.2627000    12.3842    12.3861     0.0019    -0.0003     9.6222     9.6237    126.782    129.409    1454.18    1454.18     0.0565     0.0894     0.7280     1.1530  0.000e+00
      39455    128.500     7.3937     7.3934    1.38388    1.38411          1     0.7468     0.7318      96.61      0.320     0.3890     0.1657  1.000e-12  0.2484000    12.3917    12.3940     0.0024    -0.0003     9.6283     9.6302    127.277    129.913    1454.18    1454.18     0.0560     0.0874     0.7210     1.1260  0.000e+00
      39478    129.000     7.3924     7.3920    1.38494    1.38518          1     0.7468     0.7317      96.62      0.426     0.3955     0.1575  1.000e-12  0.2534000    12.4023    12.4047     0.0024    -0.0003     9.6368     9.6387    127.772    130.417    1454.20    1454.20     0.0552     0.0898     0.7120     1.1580  0.000e+00
      39498    129.500     7.3853     7.3848    1.38561    1.38582          1     0.7465     0.7317      96.63      0.547     0.4130     0.2197  1.000e-12  0.2523000    12.4112    12.4134     0.0022    -0.0005     9.6444     9.6461    128.267    130.922    1454.19    1454.19     0.0548     0.0890     0.7070     1.1470  0.000e+00
      39522    130.000     7.3816     7.3813    1.38626    1.38650          1     0.7464     0.7316      96.63      0.567     0.3905     0.2600  1.000e-12  0.2804000    12.4187    12.4212     0.0025    -0.0003     9.6506     9.6525    128.762    131.426    1454.19    1454.19     0.0549     0.0888     0.7070     1.1440  0.000e+00
      39555    130.500     7.3831     7.3829    1.38714    1.38735          1     0.7462     0.7316      96.63      0.399     0.3849     0.1857  1.000e-12  0.2613000    12.4267    12.4287     0.0020    -0.0001     9.6567     9.6583    129.257    131.931    1454.21    1454.22     0.0546     0.0885     0.7040     1.1410  0.000e+00
      39585    131.000     7.3918     7.3916    1.38813    1.38837          1     0.7462     0.7314      96.58      0.359     0.3830     0.2243  1.000e-12  0.3002000    12.4331    12.4354     0.0024    -0.0001     9.6609     9.6628    129.752    132.435    1454.27    1454.27     0.0550     0.0875     0.7100     1.1280  0.000e+00
      39606    131.500     7.3975     7.3972    1.38916    1.38941          1     0.7462     0.7315      96.22      0.479     0.3892     0.2355  1.000e-12  0.3251000    12.4409    12.4434     0.0025    -0.0003     9.6666     9.6686    130.247    132.939    1454.31    1454.31     0.0552     0.0899     0.7120     1.1600  0.000e+00
      39623    132.000     7.4042     7.4042    1.39032    1.39058          1     0.7463     0.7315      93.24      0.598     0.3889     0.1806  1.000e-12  0.3199000    12.4497    12.4522     0.0026     0.0000     9.6729     9.6749    130.742    133.444    1454.35    1454.36     0.0553     0.0896     0.7140     1.1550  0.000e+00
      39640    132.500     7.4022     7.4015    1.39101    1.39121          1     0.7462     0.7316      92.81      0.687     0.3875     0.1914  1.000e-12  0.2974000    12.4570    12.4591     0.0022    -0.0007     9.6787     9.6805    131.238    133.948    1454.36    1454.36     0.0551     0.0893     0.7110     1.1510  0.000e+00
      39660    133.000     7.3961     7.3957    1.39121    1.39142          1     0.7463     0.7315      92.07      0.685     0.3881     0.2111  1.000e-12  0.2955000    12.4610    12.4632     0.0022    -0.0005     9.6824     9.6842    131.733    134.453    1454.35    1454.35     0.0554     0.0877     0.7140     1.1310  0.000e+00
      39700    133.500     7.3836     7.3867    1.39102    1.39112          1     0.7462     0.7315      91.05      0.356     0.3954     0.1821  1.000e-12  0.3011000    12.4636    12.4635    -0.0002     0.0032     9.6856     9.6852    132.228    134.957    1454.31    1454.32     0.0552     0.0883     0.7120     1.1390  0.000e+00
      39743    134.000     7.3676     7.3672    1.39082    1.39104          1     0.7464     0.7312      97.01      0.236     0.4035     0.1560  1.000e-12  0.2980000    12.4673    12.4695     0.0023    -0.0004     9.6898     9.6916    132.723    135.461    1454.26    1454.26     0.0552     0.0855     0.7110     1.1010  0.000e+00
      39763    134.500     7.3574     7.3570    1.39154    1.39176          1     0.7462     0.7309      96.60      0.445     0.4048     0.1913  1.000e-12  0.2679000    12.4778    12.4801     0.0023    -0.0004     9.6989     9.7008    133.218    135.966    1454.24    1454.24     0.0543     0.0848     0.7000     1.0930  0.000e+00
      39780    135.000     7.3534     7.3530    1.39192    1.39215          1     0.7461     0.7310      96.40      0.605     0.3953     0.1756  1.000e-12  0.2596000    12.4829    12.4852     0.0024    -0.0004     9.7032     9.7051    133.713    136.470    1454.23    1454.24     0.0539     0.0861     0.6940     1.1090  0.000e+00
      39798    135.500     7.3556     7.3556    1.39299    1.39328          1     0.7460     0.7305      96.42      0.689     0.3877     0.1830  1.000e-12  0.2526000    12.4923    12.4952     0.0029    -0.0000     9.7105     9.7127    134.208    136.975    1454.26    1454.27     0.0540     0.0840     0.6960     1.0830  0.000e+00
      39819    136.000     7.3749     7.3757    1.39502    1.39537          1     0.7459     0.7306      35.85      0.637     0.3891     0.1945  1.000e-12  0.2524000    12.5051    12.5081     0.0031     0.0008     9.7188     9.7211    134.703    137.479    1454.37    1454.37     0.0542     0.0857     0.6980     1.1040  0.000e+00
      39847    136.500     7.3728     7.3715    1.39584    1.39604          1     0.7460     0.7304      94.07      0.472     0.4015     0.2061  1.000e-12  0.2591000    12.5136    12.5161     0.0024    -0.0013     9.7257     9.7277    135.198    137.983    1454.38    1454.37     0.0545     0.0856     0.7030     1.1030  0.000e+00
      39875    137.000     7.3639     7.3637    1.39647    1.39674          1     0.7459     0.7305      96.53      0.410     0.3993     0.2053  1.000e-12  0.2718000    12.5228    12.5256     0.0027    -0.0002     9.7337     9.7358    135.693    138.488    1454.36    1454.36     0.0540     0.0857     0.6970     1.1050  0.000e+00
      39900    137.500     7.3657     7.3651    1.39745    1.39768          1     0.7459     0.7305      96.45      0.469     0.3882     0.2274  1.000e-12  0.2560000    12.5316    12.5342     0.0025    -0.0006     9.7404     9.7424    136.188    138.992    1454.39    1454.39     0.0548     0.0861     0.7070     1.1110  0.000e+00
      39927    138.000     7.3582     7.3575    1.39844    1.39875          1     0.7461     0.7304      96.26      0.471     0.3973     0.2548  1.000e-12  0.2402000    12.5439    12.5472     0.0032    -0.0007     9.7507     9.7533    136.683    139.496    1454.38    1454.38     0.0546     0.0856     0.7040     1.1040  0.000e+00
      39956    138.500     7.3454     7.3448    1.39973    1.40000          1     0.7459     0.7304      94.80      0.409     0.4132     0.2038  1.000e-12  0.2390000    12.5609    12.5637     0.0028    -0.0006     9.7651     9.7674    137.178    140.001    1454.36    1454.36     0.0541     0.0855     0.6970     1.1020  0.000e+00
      39981    139.000     7.3442     7.3438    1.40078    1.40102          1     0.7458     0.7304      86.31      0.439     0.4087     0.1923  1.000e-12  0.2299000    12.5715    12.5740     0.0024    -0.0004     9.7735     9.7755    137.673    140.505    1454.37    1454.37     0.0540     0.0857     0.6960     1.1040  0.000e+00
      40001    139.500     7.3388     7.3384    1.40140    1.40162          1     0.7460     0.7304      87.15      0.532     0.4054     0.2213  1.000e-12  0.2174000    12.5794    12.5817     0.0023    -0.0004     9.7802     9.7820    138.169    141.009    1454.37    1454.37     0.0540     0.0855     0.6960     1.1020  0.000e+00
      40019    140.000     7.3326     7.3319    1.40169    1.40191          1     0.7457     0.7303      96.33      0.619     0.4124     0.2368  1.000e-12  0.2222000    12.5843    12.5868     0.0024    -0.0007     9.7846     9.7865    138.664    141.514    1454.36    1454.36     0.0535     0.0859     0.6900     1.1070  0.000e+00
      40042    140.500     7.3229     7.3224    1.40225    1.40247          1     0.7458     0.7303      96.55      0.597     0.4038     0.2379  1.000e-12  0.2105000    12.5932    12.5955     0.0023    -0.0005     9.7923     9.7942    139.159    142.018    1454.33    1454.34     0.0539     0.0852     0.6950     1.0980  0.000e+00
      40080    141.000     7.3198     7.3196    1.40276    1.40296          1     0.7457     0.7303      96.58      0.335     0.4034     0.2279  1.000e-12  0.1790000    12.5992    12.6012     0.0020    -0.0002     9.7973     9.7989    139.654    142.522    1454.34    1454.34     0.0538     0.0854     0.6930     1.1000  0.000e+00
      40110    141.500     7.3223     7.3219    1.40343    1.40365          1     0.7459     0.7302      96.60      0.335     0.4047     0.1898  1.000e-12  0.2094000    12.6048    12.6070     0.0022    -0.0004     9.8014     9.8032    140.149    143.027    1454.36    1454.37     0.0542     0.0843     0.6990     1.0860  0.000e+00
      40129    142.000     7.3202     7.3197    1.40386    1.40410          1     0.7456     0.7301      96.62      0.507     0.4043     0.1574  1.000e-12  0.2036000    12.6096    12.6120     0.0024    -0.0005     9.8055     9.8074    140.644    143.531    1454.37    1454.37     0.0520     0.0835     0.6700     1.0770  0.000e+00
      40147    142.500     7.3172     7.3166    1.40452    1.40476          1     0.7454     0.7299      92.76      0.630     0.4052     0.1875  1.000e-12  0.1909000    12.6170    12.6196     0.0026    -0.0006     9.8115     9.8135    141.139    144.035    1454.37    1454.38     0.0527     0.0851     0.6800     1.0970  0.000e+00
      40170    143.000     7.3111     7.3107    1.40501    1.40522          1     0.7455     0.7302      89.72      0.610     0.4077     0.2186  1.000e-12  0.1893000    12.6238    12.6261     0.0023    -0.0004     9.8174     9.8192    141.634    144.540    1454.36    1454.37     0.0521     0.0834     0.6710     1.0740  0.000e+00
      40201    143.500     7.3076     7.3074    1.40545    1.40565          1     0.7452     0.7296      57.10      0.412     0.4143     0.2120  1.000e-12  0.1876000    12.6293    12.6313     0.0020    -0.0001     9.8220     9.8235    142.129    145.044    1454.37    1454.37     0.0526     0.0830     0.6780     1.0690  0.000e+00
      40232    144.000     7.3045     7.3041    1.40583    1.40606          1     0.7454     0.7299      95.79      0.376     0.4146     0.2333  1.000e-12  0.1806000    12.6341    12.6364     0.0024    -0.0004     9.8260     9.8278    142.624    145.548    1454.37    1454.37     0.0537     0.0849     0.6920     1.0940  0.000e+00
      40260    144.500     7.3014     7.3013    1.40608    1.40629          1     0.7454     0.7297      94.78      0.423     0.4142     0.2280  1.000e-12  0.1863000    12.6375    12.6396     0.0021    -0.0001     9.8289     9.8306    143.119    146.053    1454.37    1454.37     0.0526     0.0817     0.6780     1.0530  0.000e+00
      40285    145.000     7.2985     7.2985    1.40630    1.40650          1     0.7453     0.7294      94.33      0.450     0.4057     0.1887  1.000e-12  0.1881000    12.6406    12.6426     0.0020    -0.0000     9.8316     9.8332    143.614    146.557    1454.37    1454.37     0.0529     0.0818     0.6820     1.0540  0.000e+00
      40304    145.500     7.2887     7.2881    1.40757    1.40785          1     0.7453     0.7295      93.74      0.526     0.4176     0.1863  1.000e-12  0.1912000    12.6565    12.6594     0.0030    -0.0006     9.8449     9.8473    144.109    147.061    1454.35    1454.35     0.0527     0.0824     0.6790     1.0610  0.000e+00
      40319    146.000     7.2851     7.2846    1.40873    1.40897          1     0.7455     0.7292      92.61      0.643     0.4261     0.2012  1.000e-12  0.1930000    12.6690    12.6715     0.0025    -0.0005     9.8550     9.8570    144.604    147.565    1454.36    1454.36     0.0523     0.0815     0.6740     1.0500  0.000e+00
      40333    146.500     7.2849     7.2845    1.40924    1.40947          1     0.7451     0.7293      92.25      0.762     0.4153     0.2362  1.000e-12  0.1884000    12.6739    12.6763     0.0024    -0.0004     9.8589     9.8608    145.099    148.070    1454.38    1454.38     0.0509     0.0833     0.6560     1.0730  0.000e+00
