ctdpy/tests/etc/exprapp_april_2020/SBE09_1387_20200414_1911_77_10_0340.cnv
* Sea-Bird SBE 9 Data File:
* FileName = L:\2020\sv20d0340.hex
* Software Version Seasave V 7.26.7.121
* Temperature SN = 6378
* Conductivity SN = 4824
* Number of Bytes Per Scan = 41
* Number of Voltage Words = 4
* Number of Scans Averaged by the Deck Unit = 1
* NMEA Latitude = 58 16.05 N
* NMEA Longitude = 010 43.52 E
* NMEA UTC (Time) = Apr 14 2020  19:11:02
* NMEA baud rate = 4800
** Station:  A16
** Operator:  JKro
** Ship: SVEA
** Average sound velocity: 1480.18 m/s
** True-depth calculation Tue, 14 Apr 2020 19:49:14 +0000
** CTD Python Module SMHI /ver 3-12/ feb 2012 
** LIMS Job: 20207710-0340
** Cruise: SMHI-07-2020
** Latitude [GG MM.mm N] :
** Longitude [GGG MM.mm E]:
# nquan = 30
# nvalues = 399                         
# units = specified
# name 0 = scan: Scan Count
# name 1 = prDM: Pressure, Digiquartz [db]
# name 2 = t090C: Temperature [ITS-90, deg C]
# name 3 = t190C: Temperature, 2 [ITS-90, deg C]
# name 4 = c0S/m: Conductivity [S/m]
# name 5 = c1S/m: Conductivity, 2 [S/m]
# name 6 = pumps: Pump Status
# name 7 = sbeox0V: Oxygen raw, SBE 43 [V]
# name 8 = sbeox1V: Oxygen raw, SBE 43, 2 [V]
# name 9 = altM: Altimeter [m]
# name 10 = dz/dtM: Descent Rate [m/s]
# name 11 = flECO-AFL: Chl-a Fluorescence, WET Labs ECO-AFL/FL [mg/m^3]
# name 12 = flECO-AFL1: Phycocyanin Fluorescence, WET Labs ECO-AFL/FL, 2 [mg/m^3]
# name 13 = par: PAR/Irradiance, Biospherical/Lico [µE/(cm^2*s)]
# name 14 = turbWETntu0: Turbidity, WET Labs ECO [NTU]
# name 15 = sal00: Salinity, Practical [PSU]
# name 16 = sal11: Salinity, Practical, 2 [PSU]
# name 17 = secS-priS: Salinity, Practical, Difference, 2 - 1 [PSU]
# name 18 = T2-T190C: Temperature Difference, 2 - 1 [ITS-90, deg C]
# name 19 = sigma-t00: Density [sigma-t, kg/m^3 ]
# name 20 = sigma-t11: Density, 2 [sigma-t, kg/m^3 ]
# name 21 = depSM: Depth [salt water, m], lat = 58.2675
# name 22 = depFM: Depth [true depth, m], lat = 58.2675
# name 23 = svCM: Sound Velocity [Chen-Millero, m/s]
# name 24 = svCM1: Sound Velocity, 2 [Chen-Millero, m/s]
# name 25 = sbeox0ML/L: Oxygen, SBE 43 [ml/l], WS = 2
# name 26 = sbeox1ML/L: Oxygen, SBE 43, 2 [ml/l], WS = 2
# name 27 = sbeox0PS: Oxygen, SBE 43 [% saturation], WS = 2
# name 28 = sbeox1PS: Oxygen, SBE 43, 2 [% saturation], WS = 2
# name 29 = flag: flag
# span 0 =      17889,      30151       
# span 1 =      1.500,    200.500       
# span 2 =     6.4192,     7.5674       
# span 3 =     6.4109,     7.5670       
# span 4 =   2.846693,   3.593739       
# span 5 =   2.845683,   3.593495       
# span 6 =          1,          1       
# span 7 =     3.3696,     3.6910       
# span 8 =     3.1530,     3.4455       
# span 9 =       3.06,      97.08       
# span 10 =     -0.403,      0.705      
# span 11 =     0.1805,     1.8322      
# span 12 =     0.1144,     0.4646      
# span 13 = -1.490e-06, 2.1775e+00      
# span 14 =     0.1463,     1.1760      
# span 15 =    27.9993,    35.1192      
# span 16 =    27.9882,    35.1165      
# span 17 =    -0.3882,     0.1621      
# span 18 =    -0.0141,     0.0097      
# span 19 =    21.9691,    27.4965      
# span 20 =    21.9604,    27.4941      
# span 21 =      1.486,    198.541      
# span 22 =      1.495,    198.842      
# span 23 =    1467.96,    1482.51      
# span 24 =    1467.95,    1482.50      
# span 25 =     5.8360,     6.9267      
# span 26 =     5.9450,     7.0532      
# span 27 =     87.627,     97.986      
# span 28 =     89.265,     99.882      
# span 29 = 0.0000e+00, 0.0000e+00      
# interval = decibars: 0.5              
# start_time = Apr 14 2020 19:11:02 [NMEA time, first data scan]
# bad_flag = -9.990e-29
*END*
[from data line 242]
      24018    122.500     7.1815     7.1807    3.56154    3.56122          1     3.4707     3.2446      96.87      0.474     0.2243     0.2086  1.000e-12  0.2884000    35.1176    35.1150    -0.0026    -0.0008    27.4859    27.4840    121.326    121.522    1481.52    1481.51     6.1787     6.3114    91.9730    93.9460  0.000e+00
      24042    123.000     7.1795     7.1790    3.56140    3.56110          1     3.4728     3.2472      96.86      0.517     0.2315     0.2123  1.000e-12  0.3020000    35.1178    35.1152    -0.0027    -0.0005    27.4865    27.4844    121.821    122.017    1481.52    1481.51     6.1861     6.3180    92.0800    94.0390  0.000e+00
      24068    123.500     7.1787     7.1784    3.56135    3.56108          1     3.4755     3.2493      96.85      0.475     0.2282     0.2353  1.000e-12  0.3005000    35.1179    35.1152    -0.0027    -0.0003    27.4866    27.4845    122.316    122.513    1481.52    1481.52     6.1902     6.3089    92.1390    93.9030  0.000e+00
      24095    124.000     7.1784     7.1782    3.56134    3.56108          1     3.4766     3.2496      96.87      0.451     0.2233     0.2207  1.000e-12  0.2958000    35.1179    35.1152    -0.0027    -0.0002    27.4866    27.4845    122.811    123.009    1481.53    1481.53     6.1896     6.3102    92.1290    93.9220  0.000e+00
      24121    124.500     7.1782     7.1779    3.56135    3.56108          1     3.4780     3.2510      96.86      0.457     0.2323     0.2313  1.000e-12  0.2876000    35.1179    35.1153    -0.0026    -0.0003    27.4867    27.4847    123.306    123.504    1481.54    1481.53     6.1926     6.3181    92.1730    94.0390  0.000e+00
      24145    125.000     7.1782     7.1778    3.56136    3.56109          1     3.4785     3.2518      96.86      0.481     0.2350     0.2419  1.000e-12  0.2882000    35.1178    35.1153    -0.0026    -0.0003    27.4866    27.4846    123.801    124.000    1481.54    1481.54     6.1864     6.3059    92.0820    93.8580  0.000e+00
      24168    125.500     7.1780     7.1777    3.56138    3.56111          1     3.4766     3.2500      96.86      0.515     0.2280     0.2225  1.000e-12  0.2810000    35.1179    35.1152    -0.0027    -0.0003    27.4867    27.4846    124.296    124.496    1481.55    1481.55     6.1734     6.2868    91.8870    93.5720  0.000e+00
      24192    126.000     7.1781     7.1778    3.56142    3.56114          1     3.4741     3.2476      96.86      0.505     0.2326     0.2375  1.000e-12  0.2851000    35.1180    35.1153    -0.0027    -0.0003    27.4868    27.4847    124.792    124.991    1481.56    1481.56     6.1741     6.2838    91.8980    93.5280  0.000e+00
      24218    126.500     7.1783     7.1781    3.56146    3.56119          1     3.4739     3.2459      96.86      0.477     0.2271     0.2380  1.000e-12  0.2801000    35.1180    35.1153    -0.0027    -0.0002    27.4868    27.4846    125.287    125.487    1481.57    1481.57     6.1792     6.2915    91.9750    93.6430  0.000e+00
      24244    127.000     7.1783     7.1782    3.56148    3.56122          1     3.4732     3.2462      96.86      0.458     0.2331     0.2297  1.000e-12  0.2862000    35.1180    35.1153    -0.0027    -0.0001    27.4868    27.4846    125.782    125.982    1481.58    1481.57     6.1713     6.3006    91.8570    93.7800  0.000e+00
      24271    127.500     7.1782     7.1780    3.56150    3.56123          1     3.4708     3.2461      96.86      0.452     0.2250     0.2011  1.000e-12  0.3098000    35.1181    35.1153    -0.0027    -0.0002    27.4868    27.4847    126.277    126.478    1481.59    1481.58     6.1633     6.2895    91.7380    93.6140  0.000e+00
      24296    128.000     7.1782     7.1779    3.56152    3.56125          1     3.4684     3.2442      96.86      0.461     0.2331     0.1840  1.000e-12  0.3133000    35.1180    35.1154    -0.0026    -0.0004    27.4867    27.4847    126.772    126.974    1481.59    1481.59     6.1564     6.2788    91.6350    93.4540  0.000e+00
      24319    128.500     7.1782     7.1779    3.56154    3.56127          1     3.4656     3.2426      96.85      0.492     0.2448     0.1729  1.000e-12  0.3081000    35.1180    35.1153    -0.0027    -0.0003    27.4868    27.4847    127.267    127.469    1481.60    1481.60     6.1488     6.2722    91.5220    93.3550  0.000e+00
      24340    129.000     7.1782     7.1778    3.56156    3.56128          1     3.4633     3.2403      96.86      0.551     0.2396     0.2365  1.000e-12  0.3121000    35.1180    35.1154    -0.0026    -0.0005    27.4867    27.4847    127.762    127.965    1481.61    1481.61     6.1461     6.2631    91.4810    93.2210  0.000e+00
      24359    129.500     7.1776     7.1771    3.56152    3.56123          1     3.4614     3.2382      96.87      0.598     0.2354     0.2502  1.000e-12  0.3210000    35.1179    35.1153    -0.0026    -0.0005    27.4867    27.4848    128.257    128.461    1481.62    1481.61     6.1475     6.2672    91.5010    93.2800  0.000e+00
      24384    130.000     7.1762     7.1754    3.56140    3.56110          1     3.4605     3.2375      96.86      0.552     0.2347     0.2467  1.000e-12  0.3343000    35.1178    35.1152    -0.0026    -0.0007    27.4869    27.4850    128.752    128.956    1481.62    1481.61     6.1461     6.2731    91.4760    93.3640  0.000e+00
      24419    130.500     7.1749     7.1747    3.56133    3.56106          1     3.4582     3.2365      96.85      0.361     0.2349     0.2218  1.000e-12  0.3521000    35.1181    35.1153    -0.0028    -0.0002    27.4873    27.4851    129.247    129.452    1481.62    1481.62     6.1437     6.2679    91.4380    93.2850  0.000e+00
      24447    131.000     7.1741     7.1738    3.56127    3.56100          1     3.4571     3.2347      96.90      0.368     0.2335     0.1264  1.000e-12  0.3688000    35.1179    35.1153    -0.0026    -0.0003    27.4872    27.4853    129.742    129.948    1481.63    1481.62     6.1428     6.2636    91.4230    93.2190  0.000e+00
      24467    131.500     7.1737     7.1733    3.56124    3.56098          1     3.4568     3.2341      96.85      0.505     0.2340     0.1895  1.000e-12  0.3839000    35.1177    35.1153    -0.0025    -0.0003    27.4872    27.4853    130.237    130.443    1481.63    1481.63     6.1428     6.2656    91.4230    93.2470  0.000e+00
      24486    132.000     7.1729     7.1730    3.56119    3.56097          1     3.4558     3.2334      96.87      0.614     0.2348     0.2349  1.000e-12  0.3872000    35.1178    35.1153    -0.0026     0.0001    27.4874    27.4853    130.732    130.939    1481.64    1481.64     6.1393     6.2637    91.3680    93.2190  0.000e+00
      24510    132.500     7.1727     7.1723    3.56122    3.56094          1     3.4550     3.2324      96.85      0.580     0.2324     0.2343  1.000e-12  0.3851000    35.1181    35.1154    -0.0027    -0.0003    27.4876    27.4855    131.227    131.435    1481.65    1481.64     6.1417     6.2619    91.4040    93.1910  0.000e+00
      24547    133.000     7.1717     7.1716    3.56115    3.56089          1     3.4551     3.2320      96.85      0.334     0.2333     0.1917  1.000e-12  0.3801000    35.1181    35.1153    -0.0028    -0.0001    27.4877    27.4856    131.722    131.930    1481.65    1481.65     6.1454     6.2701    91.4580    93.3110  0.000e+00
      24575    133.500     7.1714     7.1710    3.56113    3.56087          1     3.4557     3.2322      96.85      0.361     0.2355     0.2189  1.000e-12  0.3627000    35.1179    35.1154    -0.0025    -0.0003    27.4877    27.4857    132.217    132.426    1481.66    1481.65     6.1485     6.2698    91.5020    93.3060  0.000e+00
      24594    134.000     7.1715     7.1713    3.56117    3.56090          1     3.4562     3.2322      96.87      0.513     0.2339     0.2008  1.000e-12  0.4055000    35.1179    35.1153    -0.0026    -0.0003    27.4876    27.4856    132.712    132.921    1481.67    1481.66     6.1469     6.2696    91.4780    93.3020  0.000e+00
      24613    134.500     7.1715     7.1712    3.56119    3.56092          1     3.4554     3.2321      96.88      0.627     0.2350     0.1874  1.000e-12  0.4137000    35.1180    35.1154    -0.0026    -0.0003    27.4877    27.4857    133.207    133.417    1481.68    1481.67     6.1437     6.2749    91.4310    93.3820  0.000e+00
      24635    135.000     7.1710     7.1705    3.56118    3.56090          1     3.4552     3.2332      96.88      0.613     0.2408     0.1864  1.000e-12  0.4081000    35.1181    35.1156    -0.0026    -0.0004    27.4879    27.4859    133.702    133.913    1481.68    1481.68     6.1437     6.2732    91.4310    93.3560  0.000e+00
      24664    135.500     7.1703     7.1700    3.56114    3.56088          1     3.4546     3.2316      96.88      0.444     0.2380     0.1855  1.000e-12  0.4076000    35.1182    35.1156    -0.0026    -0.0003    27.4881    27.4860    134.197    134.408    1481.69    1481.68     6.1433     6.2590    91.4240    93.1420  0.000e+00
      24690    136.000     7.1692     7.1689    3.56108    3.56081          1     3.4543     3.2308      96.86      0.419     0.2343     0.2088  1.000e-12  0.4018000    35.1183    35.1157    -0.0026    -0.0003    27.4882    27.4863    134.692    134.904    1481.69    1481.69     6.1445     6.2624    91.4390    93.1910  0.000e+00
      24711    136.500     7.1691     7.1687    3.56109    3.56082          1     3.4542     3.2298      96.88      0.513     0.2407     0.1743  1.000e-12  0.4181000    35.1183    35.1158    -0.0025    -0.0004    27.4883    27.4863    135.187    135.400    1481.70    1481.69     6.1409     6.2618    91.3850    93.1820  0.000e+00
      24733    137.000     7.1690     7.1688    3.56112    3.56085          1     3.4527     3.2300      96.88      0.570     0.2451     0.1884  1.000e-12  0.4186000    35.1184    35.1157    -0.0027    -0.0002    27.4884    27.4862    135.682    135.895    1481.71    1481.70     6.1374     6.2713    91.3320    93.3230  0.000e+00
      24762    137.500     7.1688     7.1686    3.56111    3.56085          1     3.4521     3.2309      96.86      0.471     0.2392     0.2032  1.000e-12  0.4385000    35.1184    35.1157    -0.0027    -0.0002    27.4884    27.4863    136.177    136.391    1481.71    1481.71     6.1382     6.2743    91.3450    93.3680  0.000e+00
      24796    138.000     7.1683     7.1681    3.56111    3.56083          1     3.4515     3.2312      96.87      0.341     0.2345     0.2141  1.000e-12  0.3983000    35.1185    35.1157    -0.0028    -0.0002    27.4886    27.4864    136.672    136.887    1481.72    1481.72     6.1396     6.2703    91.3640    93.3080  0.000e+00
      24819    138.500     7.1683     7.1679    3.56111    3.56084          1     3.4515     3.2310      96.82      0.429     0.2359     0.2307  1.000e-12  0.3928000    35.1184    35.1158    -0.0027    -0.0004    27.4885    27.4865    137.167    137.382    1481.73    1481.72     6.1435     6.2699    91.4230    93.3010  0.000e+00
      24838    139.000     7.1683     7.1678    3.56114    3.56086          1     3.4523     3.2309      96.82      0.555     0.2431     0.1759  1.000e-12  0.4161000    35.1183    35.1159    -0.0025    -0.0005    27.4884    27.4866    137.663    137.878    1481.74    1481.73     6.1484     6.2676    91.4950    93.2660  0.000e+00
      24859    139.500     7.1680     7.1676    3.56114    3.56086          1     3.4532     3.2304      96.82      0.602     0.2328     0.2062  1.000e-12  0.4306000    35.1184    35.1158    -0.0026    -0.0004    27.4885    27.4865    138.157    138.374    1481.74    1481.74     6.1467     6.2704    91.4690    93.3070  0.000e+00
      24890    140.000     7.1677     7.1674    3.56114    3.56087          1     3.4526     3.2309      96.82      0.450     0.2304     0.2321  1.000e-12  0.4437000    35.1186    35.1158    -0.0028    -0.0003    27.4887    27.4866    138.653    138.869    1481.75    1481.75     6.1424     6.2742    91.4050    93.3640  0.000e+00
      24923    140.500     7.1677     7.1675    3.56117    3.56091          1     3.4520     3.2308      81.06      0.334     0.2348     0.2136  1.000e-12  0.4113000    35.1185    35.1160    -0.0026    -0.0002    27.4887    27.4867    139.148    139.365    1481.76    1481.75     6.1427     6.2689    91.4090    93.2840  0.000e+00
      24944    141.000     7.1680     7.1676    3.56121    3.56093          1     3.4521     3.2304      88.16      0.455     0.2348     0.1612  1.000e-12  0.4239000    35.1184    35.1158    -0.0026    -0.0004    27.4886    27.4865    139.643    139.861    1481.77    1481.76     6.1404     6.2653    91.3760    93.2310  0.000e+00
      24962    141.500     7.1681     7.1677    3.56123    3.56096          1     3.4509     3.2297      96.74      0.593     0.2438     0.2026  1.000e-12  0.4424000    35.1184    35.1158    -0.0026    -0.0004    27.4885    27.4865    140.138    140.356    1481.78    1481.77     6.1337     6.2631    91.2760    93.1980  0.000e+00
      24981    142.000     7.1680     7.1676    3.56126    3.56100          1     3.4493     3.2290      96.79      0.663     0.2507     0.2195  1.000e-12  0.4449000    35.1185    35.1160    -0.0025    -0.0004    27.4886    27.4867    140.633    140.852    1481.79    1481.78     6.1288     6.2599    91.2030    93.1510  0.000e+00
      25006    142.500     7.1679     7.1676    3.56128    3.56102          1     3.4475     3.2276      96.80      0.561     0.2565     0.2486  1.000e-12  0.4416000    35.1186    35.1160    -0.0026    -0.0003    27.4887    27.4867    141.128    141.347    1481.79    1481.79     6.1313     6.2577    91.2390    93.1190  0.000e+00
      25037    143.000     7.1678     7.1676    3.56131    3.56104          1     3.4480     3.2272      96.79      0.391     0.2512     0.2840  1.000e-12  0.4303000    35.1187    35.1160    -0.0027    -0.0002    27.4888    27.4867    141.623    141.843    1481.80    1481.80     6.1401     6.2675    91.3700    93.2640  0.000e+00
      25063    143.500     7.1679     7.1676    3.56133    3.56105          1     3.4487     3.2275      60.40      0.417     0.2470     0.2649  1.000e-12  0.4235000    35.1186    35.1158    -0.0028    -0.0003    27.4887    27.4865    142.118    142.339    1481.81    1481.81     6.1419     6.2690    91.3980    93.2860  0.000e+00
      25083    144.000     7.1678     7.1674    3.56133    3.56105          1     3.4492     3.2278      57.55      0.525     0.2397     0.2503  1.000e-12  0.4386000    35.1185    35.1158    -0.0027    -0.0004    27.4886    27.4866    142.613    142.834    1481.82    1481.81     6.1380     6.2725    91.3390    93.3380  0.000e+00
      25104    144.500     7.1675     7.1672    3.56134    3.56106          1     3.4481     3.2285      79.70      0.591     0.2354     0.2057  1.000e-12  0.4564000    35.1186    35.1159    -0.0028    -0.0003    27.4888    27.4866    143.108    143.330    1481.83    1481.82     6.1363     6.2738    91.3140    93.3580  0.000e+00
      25131    145.000     7.1674     7.1672    3.56137    3.56110          1     3.4487     3.2286      96.44      0.497     0.2410     0.2223  1.000e-12  0.4547000    35.1189    35.1161    -0.0028    -0.0002    27.4890    27.4868    143.603    143.826    1481.83    1481.83     6.1422     6.2688    91.4010    93.2830  0.000e+00
      25164    145.500     7.1675     7.1672    3.56140    3.56111          1     3.4493     3.2278      96.72      0.361     0.2383     0.2379  1.000e-12  0.4233000    35.1188    35.1160    -0.0028    -0.0003    27.4889    27.4867    144.098    144.321    1481.84    1481.84     6.1438     6.2645    91.4250    93.2190  0.000e+00
      25190    146.000     7.1669     7.1666    3.56135    3.56107          1     3.4498     3.2276      96.70      0.415     0.2455     0.2375  1.000e-12  0.4473000    35.1186    35.1159    -0.0027    -0.0003    27.4889    27.4868    144.593    144.817    1481.85    1481.84     6.1459     6.2678    91.4550    93.2660  0.000e+00
