ctdpy/tests/etc/exprapp_april_2020/SBE09_1387_20200418_0846_77_10_0356.cnv
* Sea-Bird SBE 9 Data File:
* FileName = L:\2020\sv20d0356.hex
* Software Version Seasave V 7.26.7.121
* Temperature SN = 6378
* Conductivity SN = 4824
* Number of Bytes Per Scan = 41
* Number of Voltage Words = 4
* Number of Scans Averaged by the Deck Unit = 1
* NMEA Latitude = 57 59.96 N
* NMEA Longitude = 019 52.80 E
* NMEA UTC (Time) = Apr 18 2020  08:46:28
* NMEA baud rate = 4800
** Station:  BY20
** Operator:  SSip
** Ship: SVEA
** Average sound velocity: 1445.98 m/s
** True-depth calculation Sat, 18 Apr 2020 10:07:50 +0000
** CTD Python Module SMHI /ver 3-12/ feb 2012 
** LIMS Job: 20207710-0356
** Cruise: SMHI-07-2020
** Latitude [GG MM.mm N] :
** Longitude [GGG MM.mm E]:
# nquan = 30
# nvalues = 378                         
# units = specified
# name 0 = scan: Scan Count
# name 1 = prDM: Pressure, Digiquartz [db]
# name 2 = t090C: Temperature [ITS-90, deg C]
# name 3 = t190C: Temperature, 2 [ITS-90, deg C]
# name 4 = c0S/m: Conductivity [S/m]
# name 5 = c1S/m: Conductivity, 2 [S/m]
# name 6 = pumps: Pump Status
# name 7 = sbeox0V: Oxygen raw, SBE 43 [V]
# name 8 = sbeox1V: Oxygen raw, SBE 43, 2 [V]
# name 9 = altM: Altimeter [m]
# name 10 = dz/dtM: Descent Rate [m/s]
# name 11 = flECO-AFL: Chl-a Fluorescence, WET Labs ECO-AFL/FL [mg/m^3]
# name 12 = flECO-AFL1: Phycocyanin Fluorescence, WET Labs ECO-AFL/FL, 2 [mg/m^3]
# name 13 = par: PAR/Irradiance, Biospherical/Lico [µE/(cm^2*s)]
# name 14 = turbWETntu0: Turbidity, WET Labs ECO [NTU]
# name 15 = sal00: Salinity, Practical [PSU]
# name 16 = sal11: Salinity, Practical, 2 [PSU]
# name 17 = secS-priS: Salinity, Practical, Difference, 2 - 1 [PSU]
# name 18 = T2-T190C: Temperature Difference, 2 - 1 [ITS-90, deg C]
# name 19 = sigma-t00: Density [sigma-t, kg/m^3 ]
# name 20 = sigma-t11: Density, 2 [sigma-t, kg/m^3 ]
# name 21 = depSM: Depth [salt water, m], lat = 57.9993
# name 22 = depFM: Depth [true depth, m], lat = 57.9993
# name 23 = svCM: Sound Velocity [Chen-Millero, m/s]
# name 24 = svCM1: Sound Velocity, 2 [Chen-Millero, m/s]
# name 25 = sbeox0ML/L: Oxygen, SBE 43 [ml/l], WS = 2
# name 26 = sbeox1ML/L: Oxygen, SBE 43, 2 [ml/l], WS = 2
# name 27 = sbeox0PS: Oxygen, SBE 43 [% saturation], WS = 2
# name 28 = sbeox1PS: Oxygen, SBE 43, 2 [% saturation], WS = 2
# name 29 = flag: flag
# span 0 =      14760,      27713       
# span 1 =      1.500,    190.000       
# span 2 =     4.5421,     7.3196       
# span 3 =     4.5413,     7.3192       
# span 4 =   0.780541,   1.391829       
# span 5 =   0.780597,   1.392137       
# span 6 =          1,          1       
# span 7 =     0.7396,     3.7923       
# span 8 =     0.7230,     3.5346       
# span 9 =       3.59,      97.43       
# span 10 =     -0.308,      0.742      
# span 11 =     0.3230,     2.5335      
# span 12 =     0.1180,     0.6482      
# span 13 = -6.612e-06, 1.5688e+03      
# span 14 =     0.0939,     1.0309      
# span 15 =     7.2131,    12.4935      
# span 16 =     7.2134,    12.4964      
# span 17 =    -0.0116,     0.0236      
# span 18 =    -0.0062,     0.0071      
# span 19 =     5.7077,     9.7169      
# span 20 =     5.7081,     9.7193      
# span 21 =      1.486,    188.153      
# span 22 =      1.519,    191.984      
# span 23 =    1434.36,    1454.88      
# span 24 =    1434.35,    1454.88      
# span 25 =     0.0379,     8.6839      
# span 26 =     0.0651,     8.8364      
# span 27 =      0.488,    101.626      
# span 28 =      0.837,    103.409      
# span 29 = 0.0000e+00, 0.0000e+00      
# interval = decibars: 0.5              
# start_time = Apr 18 2020 08:46:28 [NMEA time, first data scan]
# bad_flag = -9.990e-29
*END*
[from data line 194]
      19994     98.500     6.8599     6.8596    1.27383    1.27409          1     0.7518     0.7409      96.59      0.567     0.4111     0.2196  1.000e-12  0.6295000    11.5099    11.5126     0.0027    -0.0004     8.9807     8.9828     97.564     99.670    1450.40    1450.40     0.0702     0.1151     0.8880     1.4560  0.000e+00
      20026     99.000     6.8720     6.8713    1.27575    1.27591          1     0.7517     0.7403      96.59      0.395     0.4064     0.2178  1.000e-12  0.6370000    11.5245    11.5264     0.0019    -0.0008     8.9912     8.9927     98.059    100.175    1450.48    1450.47     0.0698     0.1125     0.8830     1.4240  0.000e+00
      20053     99.500     6.8868     6.8873    1.27784    1.27821          1     0.7515     0.7399      96.55      0.403     0.4001     0.2569  1.000e-12  0.6110000    11.5400    11.5434     0.0034     0.0005     9.0022     9.0048     98.554    100.679    1450.57    1450.57     0.0695     0.1115     0.8800     1.4120  0.000e+00
      20075    100.000     6.9020     6.9023    1.28010    1.28041          1     0.7517     0.7398      96.26      0.499     0.4003     0.2376  1.000e-12  0.5979000    11.5568    11.5598     0.0029     0.0003     9.0143     9.0165     99.049    101.184    1450.66    1450.66     0.0696     0.1117     0.8820     1.4150  0.000e+00
      20096    100.500     6.9182     6.9184    1.28222    1.28247          1     0.7514     0.7394      96.41      0.563     0.4017     0.2054  1.000e-12  0.5683000    11.5720    11.5744     0.0024     0.0002     9.0248     9.0267     99.544    101.689    1450.75    1450.75     0.0678     0.1085     0.8590     1.3750  0.000e+00
      20122    101.000     6.9335     6.9329    1.28425    1.28442          1     0.7511     0.7390      96.53      0.514     0.4106     0.2185  1.000e-12  0.6196000    11.5866    11.5884     0.0019    -0.0007     9.0351     9.0366    100.040    102.193    1450.84    1450.84     0.0678     0.1094     0.8600     1.3870  0.000e+00
      20152    101.500     6.9584     6.9566    1.28878    1.28881          1     0.7510     0.7388      96.18      0.404     0.4050     0.1696  1.000e-12  0.7219000    11.6223    11.6232     0.0009    -0.0018     9.0612     9.0621    100.535    102.698    1451.00    1450.99     0.0677     0.1104     0.8590     1.4010  0.000e+00
      20179    102.000     6.9959     6.9957    1.29632    1.29673          1     0.7508     0.7388      96.36      0.422     0.4083     0.2163  1.000e-12  0.8182000    11.6832    11.6872     0.0041    -0.0002     9.1060     9.1092    101.030    103.203    1451.24    1451.24     0.0674     0.1104     0.8560     1.4020  0.000e+00
      20202    102.500     7.0167     7.0169    1.30090    1.30136          1     0.7506     0.7387      96.53      0.484     0.4056     0.2246  1.000e-12  0.8792000    11.7207    11.7250     0.0044     0.0003     9.1337     9.1371    101.525    103.707    1451.38    1451.38     0.0649     0.1069     0.8250     1.3590  0.000e+00
      20224    103.000     7.0316     7.0318    1.30371    1.30399          1     0.7502     0.7381      96.53      0.534     0.4121     0.2205  1.000e-12  0.8930000    11.7429    11.7455     0.0026     0.0003     9.1500     9.1520    102.020    104.212    1451.47    1451.48     0.0635     0.1039     0.8090     1.3220  0.000e+00
      20248    103.500     7.0421     7.0416    1.30545    1.30569          1     0.7499     0.7377      96.51      0.525     0.4101     0.2044  1.000e-12  0.9137000    11.7562    11.7587     0.0025    -0.0004     9.1596     9.1616    102.515    104.717    1451.54    1451.54     0.0648     0.1050     0.8250     1.3360  0.000e+00
      20274    104.000     7.0662     7.0659    1.30968    1.31005          1     0.7499     0.7376      94.12      0.481     0.3963     0.1776  1.000e-12  0.8653000    11.7891    11.7928     0.0037    -0.0003     9.1835     9.1864    103.010    105.221    1451.69    1451.69     0.0647     0.1053     0.8250     1.3420  0.000e+00
      20300    104.500     7.1102     7.1096    1.31495    1.31529          1     0.7497     0.7373      55.07      0.462     0.3872     0.1831  1.000e-12  0.7865000    11.8254    11.8289     0.0035    -0.0006     9.2083     9.2111    103.505    105.726    1451.93    1451.93     0.0635     0.1049     0.8100     1.3380  0.000e+00
      20324    105.000     7.1569     7.1579    1.31873    1.31915          1     0.7496     0.7374      96.23      0.473     0.3862     0.2253  1.000e-12  0.6184000    11.8461    11.8498     0.0037     0.0010     9.2207     9.2236    104.001    106.231    1452.15    1452.16     0.0643     0.1080     0.8220     1.3800  0.000e+00
      20346    105.500     7.1854     7.1850    1.32179    1.32207          1     0.7496     0.7375      96.28      0.520     0.3888     0.2337  1.000e-12  0.2332000    11.8659    11.8688     0.0029    -0.0003     9.2339     9.2362    104.496    106.735    1452.30    1452.30     0.0644     0.1061     0.8230     1.3560  0.000e+00
      20368    106.000     7.1672     7.1679    1.32177    1.32199          1     0.7496     0.7374      76.64      0.549     0.4019     0.1897  1.000e-12  0.1805000    11.8719    11.8738     0.0019     0.0007     9.2401     9.2416    104.991    107.240    1452.24    1452.25     0.0636     0.1059     0.8120     1.3530  0.000e+00
      20393    106.500     7.1616     7.1613    1.32293    1.32326          1     0.7495     0.7373      95.78      0.509     0.4013     0.1313  1.000e-12  0.2986000    11.8850    11.8883     0.0033    -0.0003     9.2509     9.2535    105.486    107.744    1452.24    1452.25     0.0641     0.1054     0.8180     1.3460  0.000e+00
      20420    107.000     7.1627     7.1623    1.32458    1.32483          1     0.7495     0.7372      95.86      0.458     0.4010     0.2180  1.000e-12  0.2761000    11.9005    11.9031     0.0026    -0.0004     9.2630     9.2650    105.981    108.249    1452.28    1452.28     0.0635     0.1045     0.8120     1.3350  0.000e+00
      20445    107.500     7.1682     7.1677    1.32731    1.32764          1     0.7496     0.7370      95.43      0.462     0.4011     0.1892  1.000e-12  0.4517000    11.9251    11.9285     0.0034    -0.0005     9.2818     9.2845    106.476    108.754    1452.34    1452.34     0.0644     0.1042     0.8220     1.3320  0.000e+00
      20470    108.000     7.1760     7.1755    1.32989    1.33011          1     0.7493     0.7370      95.32      0.481     0.3893     0.1629  1.000e-12  0.5462000    11.9474    11.9497     0.0023    -0.0005     9.2986     9.3005    106.971    109.258    1452.41    1452.41     0.0618     0.1019     0.7900     1.3030  0.000e+00
      20495    108.500     7.1809     7.1806    1.33114    1.33137          1     0.7492     0.7365      96.66      0.481     0.4014     0.1215  1.000e-12  0.5687000    11.9578    11.9602     0.0024    -0.0003     9.3064     9.3083    107.466    109.763    1452.45    1452.45     0.0628     0.1015     0.8040     1.2980  0.000e+00
      20522    109.000     7.1927     7.1922    1.33304    1.33329          1     0.7490     0.7364      96.68      0.456     0.3977     0.1947  1.000e-12  0.5463000    11.9722    11.9747     0.0026    -0.0005     9.3166     9.3187    107.961    110.267    1452.52    1452.52     0.0614     0.1035     0.7860     1.3250  0.000e+00
      20550    109.500     7.1983     7.1980    1.33426    1.33451          1     0.7487     0.7364      90.77      0.433     0.3875     0.2049  1.000e-12  0.5130000    11.9820    11.9846     0.0026    -0.0003     9.3239     9.3259    108.457    110.772    1452.56    1452.57     0.0612     0.1030     0.7830     1.3180  0.000e+00
      20575    110.000     7.2081     7.2083    1.33590    1.33624          1     0.7487     0.7364      85.65      0.455     0.3870     0.1900  1.000e-12  0.4889000    11.9944    11.9976     0.0032     0.0001     9.3328     9.3353    108.952    111.277    1452.63    1452.63     0.0610     0.1017     0.7810     1.3020  0.000e+00
      20598    110.500     7.2294     7.2288    1.33875    1.33906          1     0.7485     0.7361      85.26      0.501     0.3885     0.2143  1.000e-12  0.4516000    12.0146    12.0178     0.0032    -0.0006     9.3469     9.3494    109.447    111.781    1452.75    1452.75     0.0614     0.1027     0.7870     1.3160  0.000e+00
      20619    111.000     7.2425     7.2421    1.34104    1.34132          1     0.7486     0.7363      84.86      0.548     0.3866     0.2311  1.000e-12  0.3689000    12.0322    12.0351     0.0029    -0.0004     9.3596     9.3618    109.942    112.286    1452.83    1452.84     0.0613     0.1027     0.7860     1.3150  0.000e+00
      20641    111.500     7.2442     7.2439    1.34196    1.34221          1     0.7485     0.7361      89.00      0.559     0.3761     0.2291  1.000e-12  0.3603000    12.0405    12.0430     0.0025    -0.0003     9.3659     9.3679    110.437    112.790    1452.86    1452.86     0.0611     0.1013     0.7830     1.2980  0.000e+00
      20666    112.000     7.2468     7.2464    1.34261    1.34285          1     0.7486     0.7363      92.80      0.502     0.3808     0.2179  1.000e-12  0.4070000    12.0458    12.0482     0.0024    -0.0003     9.3699     9.3718    110.932    113.295    1452.88    1452.89     0.0623     0.1034     0.7980     1.3250  0.000e+00
      20693    112.500     7.2496     7.2495    1.34346    1.34375          1     0.7486     0.7362      83.31      0.449     0.4017     0.2201  1.000e-12  0.4195000    12.0531    12.0559     0.0028    -0.0001     9.3753     9.3775    111.427    113.799    1452.91    1452.92     0.0610     0.1018     0.7820     1.3040  0.000e+00
      20718    113.000     7.2480     7.2473    1.34409    1.34434          1     0.7486     0.7361      91.23      0.461     0.4015     0.2031  1.000e-12  0.4677000    12.0596    12.0623     0.0026    -0.0007     9.3806     9.3827    111.922    114.304    1452.92    1452.92     0.0611     0.1018     0.7830     1.3050  0.000e+00
      20740    113.500     7.2232     7.2234    1.34352    1.34373          1     0.7485     0.7360      82.12      0.516     0.3897     0.1809  1.000e-12  0.5183000    12.0626    12.0646     0.0020     0.0001     9.3850     9.3865    112.417    114.808    1452.83    1452.83     0.0612     0.1005     0.7840     1.2870  0.000e+00
      20761    114.000     7.2118     7.2115    1.34323    1.34346          1     0.7485     0.7358      81.69      0.558     0.3910     0.2209  1.000e-12  0.6097000    12.0637    12.0660     0.0023    -0.0003     9.3868     9.3886    112.912    115.313    1452.79    1452.80     0.0609     0.0996     0.7790     1.2750  0.000e+00
      20787    114.500     7.2161     7.2161    1.34384    1.34411          1     0.7483     0.7355      81.16      0.521     0.4085     0.1180  1.000e-12  0.6051000    12.0679    12.0706     0.0027    -0.0001     9.3898     9.3918    113.407    115.817    1452.83    1452.83     0.0606     0.0984     0.7760     1.2610  0.000e+00
      20819    115.000     7.2200     7.2203    1.34465    1.34495          1     0.7483     0.7352      87.56      0.392     0.4026     0.1713  1.000e-12  0.6033000    12.0744    12.0772     0.0029     0.0003     9.3945     9.3967    113.903    116.322    1452.86    1452.86     0.0601     0.0989     0.7700     1.2660  0.000e+00
      20847    115.500     7.2334     7.2330    1.34903    1.34931          1     0.7480     0.7352      79.83      0.384     0.4038     0.2221  1.000e-12  0.5880000    12.1122    12.1151     0.0029    -0.0004     9.4230     9.4253    114.398    116.826    1452.97    1452.97     0.0588     0.0989     0.7540     1.2680  0.000e+00
      20868    116.000     7.2406     7.2399    1.35085    1.35108          1     0.7479     0.7351      79.58      0.498     0.4013     0.1901  1.000e-12  0.5475000    12.1273    12.1298     0.0025    -0.0008     9.4342     9.4363    114.893    117.331    1453.02    1453.02     0.0593     0.0990     0.7600     1.2700  0.000e+00
      20890    116.500     7.2481     7.2485    1.35181    1.35212          1     0.7480     0.7351      89.17      0.570     0.3869     0.1913  1.000e-12  0.4946000    12.1339    12.1368     0.0028     0.0005     9.4388     9.4410    115.388    117.835    1453.07    1453.08     0.0585     0.0990     0.7500     1.2700  0.000e+00
      20916    117.000     7.2551     7.2556    1.35249    1.35280          1     0.7474     0.7347      77.46      0.503     0.4093     0.2581  1.000e-12  0.4952000    12.1380    12.1408     0.0028     0.0005     9.4414     9.4436    115.883    118.340    1453.11    1453.12     0.0573     0.0937     0.7350     1.2030  0.000e+00
      20944    117.500     7.2747     7.2760    1.35459    1.35503          1     0.7474     0.7344      73.42      0.426     0.4006     0.1747  1.000e-12  0.4984000    12.1515    12.1553     0.0038     0.0013     9.4503     9.4532    116.378    118.844    1453.22    1453.23     0.0587     0.0966     0.7530     1.2400  0.000e+00
      20969    118.000     7.2870     7.2869    1.35628    1.35656          1     0.7476     0.7342      77.46      0.456     0.3926     0.1896  1.000e-12  0.4939000    12.1634    12.1662     0.0028    -0.0001     9.4586     9.4608    116.873    119.349    1453.29    1453.30     0.0593     0.0946     0.7620     1.2140  0.000e+00
      20991    118.500     7.2898     7.2896    1.35683    1.35711          1     0.7475     0.7341      77.49      0.512     0.4037     0.2307  1.000e-12  0.4932000    12.1677    12.1705     0.0028    -0.0001     9.4618     9.4640    117.368    119.853    1453.32    1453.32     0.0578     0.0953     0.7410     1.2240  0.000e+00
      21014    119.000     7.2962     7.2965    1.35788    1.35820          1     0.7473     0.7340      76.82      0.530     0.4034     0.2249  1.000e-12  0.4871000    12.1755    12.1786     0.0031     0.0003     9.4674     9.4697    117.863    120.358    1453.36    1453.37     0.0576     0.0963     0.7390     1.2370  0.000e+00
      21039    119.500     7.3015     7.3014    1.35871    1.35900          1     0.7474     0.7340      77.29      0.497     0.4029     0.1788  1.000e-12  0.4843000    12.1817    12.1845     0.0028    -0.0001     9.4717     9.4740    118.358    120.862    1453.40    1453.40     0.0579     0.0961     0.7450     1.2350  0.000e+00
      21064    120.000     7.3049     7.3047    1.35971    1.36000          1     0.7472     0.7340      76.12      0.482     0.3899     0.2079  1.000e-12  0.4749000    12.1901    12.1930     0.0029    -0.0002     9.4780     9.4804    118.853    121.367    1453.43    1453.43     0.0574     0.0964     0.7370     1.2380  0.000e+00
      21087    120.500     7.3069     7.3067    1.36077    1.36103          1     0.7472     0.7340      75.38      0.501     0.4121     0.2362  1.000e-12  0.5051000    12.1995    12.2022     0.0027    -0.0002     9.4853     9.4874    119.349    121.871    1453.46    1453.46     0.0582     0.0962     0.7470     1.2360  0.000e+00
      21114    121.000     7.3091     7.3088    1.36105    1.36130          1     0.7471     0.7340      74.70      0.481     0.4050     0.2369  1.000e-12  0.4823000    12.2015    12.2040     0.0025    -0.0002     9.4866     9.4886    119.844    122.376    1453.48    1453.48     0.0569     0.0958     0.7310     1.2310  0.000e+00
      21146    121.500     7.3099     7.3097    1.36115    1.36142          1     0.7471     0.7339      74.09      0.386     0.4138     0.2373  1.000e-12  0.4796000    12.2021    12.2047     0.0026    -0.0002     9.4870     9.4890    120.339    122.880    1453.49    1453.49     0.0571     0.0942     0.7340     1.2100  0.000e+00
