ctdpy/tests/etc/exprapp_april_2020/SBE09_1387_20200417_1857_77_10_0354.cnv
* Sea-Bird SBE 9 Data File:
* FileName = L:\2020\sv20d0354.hex
* Software Version Seasave V 7.26.7.121
* Temperature SN = 6378
* Conductivity SN = 4824
* Number of Bytes Per Scan = 41
* Number of Voltage Words = 4
* Number of Scans Averaged by the Deck Unit = 1
* NMEA Latitude = 57 18.72 N
* NMEA Longitude = 020 04.57 E
* NMEA UTC (Time) = Apr 17 2020  18:57:15
* NMEA baud rate = 4800
** Station:  BY15
** Operator:  SSip
** Ship: SVEA
** Average sound velocity: 1449.03 m/s
** True-depth calculation Fri, 17 Apr 2020 20:52:33 +0000
** CTD Python Module SMHI /ver 3-12/ feb 2012 
** LIMS Job: 20207710-0354
** Cruise: SMHI-07-2020
** Latitude [GG MM.mm N] :
** Longitude [GGG MM.mm E]:
# nquan = 30
# nvalues = 467                         
# units = specified
# name 0 = scan: Scan Count
# name 1 = prDM: Pressure, Digiquartz [db]
# name 2 = t090C: Temperature [ITS-90, deg C]
# name 3 = t190C: Temperature, 2 [ITS-90, deg C]
# name 4 = c0S/m: Conductivity [S/m]
# name 5 = c1S/m: Conductivity, 2 [S/m]
# name 6 = pumps: Pump Status
# name 7 = sbeox0V: Oxygen raw, SBE 43 [V]
# name 8 = sbeox1V: Oxygen raw, SBE 43, 2 [V]
# name 9 = altM: Altimeter [m]
# name 10 = dz/dtM: Descent Rate [m/s]
# name 11 = flECO-AFL: Chl-a Fluorescence, WET Labs ECO-AFL/FL [mg/m^3]
# name 12 = flECO-AFL1: Phycocyanin Fluorescence, WET Labs ECO-AFL/FL, 2 [mg/m^3]
# name 13 = par: PAR/Irradiance, Biospherical/Lico [µE/(cm^2*s)]
# name 14 = turbWETntu0: Turbidity, WET Labs ECO [NTU]
# name 15 = sal00: Salinity, Practical [PSU]
# name 16 = sal11: Salinity, Practical, 2 [PSU]
# name 17 = secS-priS: Salinity, Practical, Difference, 2 - 1 [PSU]
# name 18 = T2-T190C: Temperature Difference, 2 - 1 [ITS-90, deg C]
# name 19 = sigma-t00: Density [sigma-t, kg/m^3 ]
# name 20 = sigma-t11: Density, 2 [sigma-t, kg/m^3 ]
# name 21 = depSM: Depth [salt water, m], lat = 57.312
# name 22 = depFM: Depth [true depth, m], lat = 57.312
# name 23 = svCM: Sound Velocity [Chen-Millero, m/s]
# name 24 = svCM1: Sound Velocity, 2 [Chen-Millero, m/s]
# name 25 = sbeox0ML/L: Oxygen, SBE 43 [ml/l], WS = 2
# name 26 = sbeox1ML/L: Oxygen, SBE 43, 2 [ml/l], WS = 2
# name 27 = sbeox0PS: Oxygen, SBE 43 [% saturation], WS = 2
# name 28 = sbeox1PS: Oxygen, SBE 43, 2 [% saturation], WS = 2
# name 29 = flag: flag
# span 0 =      33005,      45352       
# span 1 =      2.000,    235.000       
# span 2 =     5.0088,     7.4616       
# span 3 =     5.0100,     7.4610       
# span 4 =   0.821070,   1.455410       
# span 5 =   0.821144,   1.455622       
# span 6 =          1,          1       
# span 7 =     0.7399,     3.6856       
# span 8 =     0.7232,     3.4376       
# span 9 =       2.32,      98.72       
# span 10 =     -0.108,      0.943      
# span 11 =     0.3526,     1.2727      
# span 12 =     0.1008,     0.4018      
# span 13 = -2.070e-04, 2.0361e+00      
# span 14 =     0.1064,     0.8081      
# span 15 =     7.5457,    13.1304      
# span 16 =     7.5464,    13.1327      
# span 17 =    -0.0413,     0.1035      
# span 18 =    -0.0222,     0.0123      
# span 19 =     5.9581,    10.2220      
# span 20 =     5.9586,    10.2238      
# span 21 =      1.982,    232.703      
# span 22 =      2.025,    237.309      
# span 23 =    1436.76,    1456.10      
# span 24 =    1436.76,    1456.11      
# span 25 =     0.0382,     8.2861      
# span 26 =     0.0655,     8.4333      
# span 27 =      0.493,     97.988      
# span 28 =      0.845,     99.727      
# span 29 = 0.0000e+00, 0.0000e+00      
# interval = decibars: 0.5              
# start_time = Apr 17 2020 18:57:16 [NMEA time, first data scan]
# bad_flag = -9.990e-29
*END*
[from data line 387]
      42750    195.500     7.2022     7.2021    1.44555    1.44574          1     0.7419     0.7256      42.59      0.409     0.4426     0.2338  1.000e-12  0.1739000    13.0493    13.0512     0.0019    -0.0001    10.1602    10.1617    193.608    197.482    1455.29    1455.29     0.0443     0.0722     0.5710     0.9310  0.000e+00
      42789    196.000     7.2023     7.2021    1.44583    1.44606          1     0.7418     0.7255      42.25      0.262     0.4415     0.2506  1.000e-12  0.1748000    13.0519    13.0542     0.0023    -0.0003    10.1622    10.1641    194.103    197.987    1455.30    1455.31     0.0442     0.0724     0.5700     0.9330  0.000e+00
      42808    196.500     7.2026     7.2021    1.44606    1.44629          1     0.7419     0.7256      41.90      0.428     0.4453     0.2578  1.000e-12  0.1755000    13.0540    13.0563     0.0024    -0.0005    10.1638    10.1657    194.598    198.491    1455.32    1455.32     0.0440     0.0734     0.5670     0.9460  0.000e+00
      42823    197.000     7.2025     7.2020    1.44617    1.44639          1     0.7417     0.7256      41.44      0.622     0.4519     0.2628  1.000e-12  0.1761000    13.0550    13.0573     0.0023    -0.0004    10.1646    10.1665    195.093    198.995    1455.32    1455.33     0.0437     0.0722     0.5640     0.9310  0.000e+00
      42838    197.500     7.2025     7.2021    1.44633    1.44656          1     0.7418     0.7255      40.94      0.764     0.4520     0.2060  1.000e-12  0.1745000    13.0564    13.0588     0.0024    -0.0004    10.1657    10.1677    195.587    199.499    1455.33    1455.34     0.0444     0.0723     0.5720     0.9320  0.000e+00
      42857    198.000     7.2031     7.2028    1.44660    1.44682          1     0.7418     0.7256      40.43      0.760     0.4560     0.2122  1.000e-12  0.1719000    13.0588    13.0610     0.0022    -0.0003    10.1675    10.1693    196.082    200.003    1455.35    1455.35     0.0430     0.0725     0.5540     0.9340  0.000e+00
      42884    198.500     7.2035     7.2033    1.44683    1.44705          1     0.7417     0.7255      39.56      0.534     0.4627     0.2376  1.000e-12  0.1723000    13.0607    13.0630     0.0022    -0.0002    10.1690    10.1708    196.577    200.507    1455.36    1455.36     0.0437     0.0723     0.5630     0.9320  0.000e+00
      42915    199.000     7.2039     7.2037    1.44700    1.44722          1     0.7417     0.7255      39.15      0.382     0.4524     0.2384  1.000e-12  0.2130000    13.0621    13.0644     0.0023    -0.0003    10.1701    10.1719    197.072    201.011    1455.37    1455.37     0.0429     0.0717     0.5530     0.9240  0.000e+00
      42942    199.500     7.2041     7.2038    1.44707    1.44729          1     0.7416     0.7255      38.73      0.421     0.4492     0.1975  1.000e-12  0.1780000    13.0626    13.0649     0.0023    -0.0002    10.1705    10.1723    197.567    201.516    1455.38    1455.38     0.0429     0.0728     0.5530     0.9380  0.000e+00
      42970    200.000     7.2042     7.2040    1.44722    1.44745          1     0.7414     0.7255      38.23      0.444     0.4348     0.2197  1.000e-12  0.1743000    13.0640    13.0663     0.0023    -0.0002    10.1715    10.1734    198.062    202.020    1455.39    1455.39     0.0430     0.0717     0.5540     0.9240  0.000e+00
      42999    200.500     7.2045     7.2043    1.44742    1.44765          1     0.7415     0.7254      37.74      0.411     0.4367     0.2141  1.000e-12  0.1735000    13.0657    13.0681     0.0024    -0.0002    10.1728    10.1747    198.557    202.524    1455.40    1455.40     0.0435     0.0714     0.5610     0.9200  0.000e+00
      43025    201.000     7.2049     7.2047    1.44781    1.44805          1     0.7415     0.7253      37.27      0.432     0.4600     0.2599  1.000e-12  0.1720000    13.0693    13.0717     0.0024    -0.0002    10.1756    10.1776    199.052    203.028    1455.42    1455.42     0.0431     0.0719     0.5560     0.9270  0.000e+00
      43046    201.500     7.2051     7.2048    1.44803    1.44827          1     0.7415     0.7253      36.48      0.513     0.4494     0.2353  1.000e-12  0.1810000    13.0713    13.0738     0.0024    -0.0003    10.1772    10.1791    199.547    203.532    1455.43    1455.43     0.0429     0.0712     0.5530     0.9170  0.000e+00
      43064    202.000     7.2056     7.2053    1.44835    1.44860          1     0.7414     0.7252      36.19      0.604     0.4481     0.2223  1.000e-12  0.1808000    13.0741    13.0767     0.0025    -0.0004    10.1794    10.1814    200.042    204.036    1455.44    1455.45     0.0426     0.0715     0.5490     0.9220  0.000e+00
      43081    202.500     7.2061     7.2057    1.44850    1.44872          1     0.7414     0.7254      35.82      0.662     0.4514     0.2346  1.000e-12  0.1795000    13.0753    13.0776     0.0022    -0.0004    10.1803    10.1820    200.537    204.540    1455.45    1455.45     0.0430     0.0723     0.5540     0.9310  0.000e+00
      43099    203.000     7.2062     7.2059    1.44854    1.44876          1     0.7414     0.7252      35.35      0.676     0.4499     0.2537  1.000e-12  0.1809000    13.0756    13.0778     0.0022    -0.0003    10.1804    10.1822    201.032    205.045    1455.46    1455.46     0.0433     0.0714     0.5590     0.9210  0.000e+00
      43122    203.500     7.2065     7.2064    1.44866    1.44890          1     0.7415     0.7253      34.81      0.617     0.4501     0.2229  1.000e-12  0.1841000    13.0765    13.0789     0.0024    -0.0002    10.1811    10.1830    201.526    205.549    1455.47    1455.47     0.0434     0.0715     0.5600     0.9220  0.000e+00
      43164    204.000     7.2072     7.2068    1.44890    1.44903          1     0.7416     0.7253      34.08      0.302     0.4444     0.2504  1.000e-12  0.1752000    13.0785    13.0799     0.0014    -0.0003    10.1827    10.1838    202.021    206.053    1455.49    1455.49     0.0435     0.0717     0.5600     0.9240  0.000e+00
      43202    204.500     7.2085     7.2078    1.44929    1.44939          1     0.7414     0.7252      33.64      0.274     0.4548     0.2191  1.000e-12  0.1855000    13.0817    13.0829     0.0013    -0.0007    10.1850    10.1860    202.516    206.557    1455.50    1455.50     0.0424     0.0708     0.5470     0.9130  0.000e+00
      43222    205.000     7.2078     7.2075    1.44941    1.44964          1     0.7414     0.7252      33.22      0.473     0.4592     0.2150  1.000e-12  0.1907000    13.0831    13.0854     0.0023    -0.0003    10.1862    10.1880    203.011    207.061    1455.51    1455.51     0.0431     0.0725     0.5550     0.9350  0.000e+00
      43241    205.500     7.2083     7.2079    1.44955    1.44977          1     0.7414     0.7254      32.14      0.599     0.4506     0.2400  1.000e-12  0.1877000    13.0842    13.0865     0.0023    -0.0003    10.1870    10.1888    203.506    207.565    1455.52    1455.52     0.0434     0.0715     0.5590     0.9220  0.000e+00
      43258    206.000     7.2083     7.2081    1.44961    1.44984          1     0.7415     0.7251      31.97      0.656     0.4505     0.2362  1.000e-12  0.1892000    13.0846    13.0869     0.0023    -0.0003    10.1873    10.1892    204.001    208.069    1455.53    1455.53     0.0437     0.0661     0.5630     0.8520  0.000e+00
      43276    206.500     7.2082     7.2078    1.44963    1.44986          1     0.7415     0.7246      31.68      0.679     0.4495     0.2472  1.000e-12  0.1902000    13.0848    13.0871     0.0024    -0.0004    10.1875    10.1894    204.496    208.573    1455.54    1455.54     0.0432     0.0666     0.5570     0.8590  0.000e+00
      43297    207.000     7.2076     7.2073    1.44970    1.44993          1     0.7415     0.7247      31.20      0.650     0.4520     0.2478  1.000e-12  0.1876000    13.0856    13.0879     0.0023    -0.0003    10.1882    10.1900    204.991    209.078    1455.55    1455.55     0.0434     0.0734     0.5590     0.9460  0.000e+00
      43331    207.500     7.2077     7.2075    1.44981    1.45002          1     0.7415     0.7249      30.55      0.417     0.4550     0.2222  1.000e-12  0.1797000    13.0865    13.0886     0.0021    -0.0002    10.1889    10.1905    205.486    209.582    1455.56    1455.56     0.0435     0.0705     0.5600     0.9090  0.000e+00
      43371    208.000     7.2079     7.2077    1.44992    1.45011          1     0.7415     0.7249      30.04      0.257     0.4620     0.2229  1.000e-12  0.1742000    13.0874    13.0894     0.0020    -0.0002    10.1895    10.1911    205.981    210.086    1455.56    1455.57     0.0431     0.0690     0.5550     0.8890  0.000e+00
      43391    208.500     7.2084     7.2080    1.45003    1.45025          1     0.7415     0.7245      29.68      0.430     0.4519     0.2622  1.000e-12  0.1744000    13.0882    13.0905     0.0024    -0.0004    10.1901    10.1920    206.475    210.590    1455.58    1455.58     0.0433     0.0684     0.5590     0.8820  0.000e+00
      43407    209.000     7.2091     7.2089    1.45022    1.45045          1     0.7415     0.7248      29.30      0.605     0.4508     0.2413  1.000e-12  0.1850000    13.0896    13.0920     0.0024    -0.0003    10.1912    10.1930    206.970    211.094    1455.59    1455.59     0.0432     0.0712     0.5570     0.9180  0.000e+00
      43422    209.500     7.2102     7.2098    1.45040    1.45062          1     0.7415     0.7245      28.77      0.734     0.4513     0.2082  1.000e-12  0.1876000    13.0909    13.0932     0.0023    -0.0004    10.1921    10.1939    207.465    211.598    1455.60    1455.60     0.0432     0.0682     0.5570     0.8790  0.000e+00
      43445    210.000     7.2103     7.2099    1.45049    1.45069          1     0.7415     0.7245      28.17      0.671     0.4593     0.2115  1.000e-12  0.1917000    13.0916    13.0938     0.0021    -0.0004    10.1927    10.1944    207.960    212.102    1455.61    1455.61     0.0433     0.0691     0.5580     0.8910  0.000e+00
      43488    210.500     7.2106     7.2101    1.45054    1.45069          1     0.7415     0.7245      27.39      0.249     0.4612     0.2917  1.000e-12  0.2003000    13.0920    13.0936     0.0016    -0.0006    10.1929    10.1942    208.455    212.607    1455.62    1455.62     0.0430     0.0705     0.5540     0.9090  0.000e+00
      43514    211.000     7.2117     7.2114    1.45066    1.45089          1     0.7415     0.7247      27.05      0.351     0.4498     0.2491  1.000e-12  0.1918000    13.0926    13.0949     0.0023    -0.0003    10.1933    10.1952    208.950    213.111    1455.64    1455.64     0.0438     0.0708     0.5640     0.9130  0.000e+00
      43531    211.500     7.2126     7.2122    1.45076    1.45099          1     0.7415     0.7247      26.69      0.549     0.4607     0.2360  1.000e-12  0.1973000    13.0931    13.0955     0.0024    -0.0004    10.1936    10.1955    209.445    213.615    1455.65    1455.65     0.0431     0.0688     0.5560     0.8870  0.000e+00
      43548    212.000     7.2133     7.2129    1.45087    1.45111          1     0.7414     0.7245      26.20      0.676     0.4569     0.2211  1.000e-12  0.1988000    13.0939    13.0963     0.0024    -0.0004    10.1942    10.1961    209.940    214.119    1455.66    1455.66     0.0429     0.0684     0.5530     0.8810  0.000e+00
      43572    212.500     7.2134     7.2131    1.45100    1.45122          1     0.7414     0.7245      25.59      0.621     0.4504     0.2344  1.000e-12  0.1984000    13.0949    13.0972     0.0023    -0.0003    10.1950    10.1968    210.435    214.623    1455.67    1455.67     0.0427     0.0697     0.5510     0.8990  0.000e+00
      43604    213.000     7.2132     7.2130    1.45107    1.45129          1     0.7415     0.7246      24.98      0.379     0.4574     0.2356  1.000e-12  0.2014000    13.0956    13.0978     0.0022    -0.0002    10.1955    10.1973    210.929    215.127    1455.68    1455.68     0.0433     0.0691     0.5580     0.8910  0.000e+00
      43629    213.500     7.2133     7.2130    1.45115    1.45138          1     0.7415     0.7243      24.60      0.406     0.4595     0.2186  1.000e-12  0.1997000    13.0962    13.0986     0.0024    -0.0004    10.1960    10.1979    211.424    215.631    1455.69    1455.69     0.0432     0.0684     0.5570     0.8820  0.000e+00
      43647    214.000     7.2128     7.2124    1.45126    1.45148          1     0.7413     0.7244      24.16      0.550     0.4648     0.2193  1.000e-12  0.1990000    13.0974    13.0997     0.0023    -0.0004    10.1970    10.1988    211.919    216.135    1455.69    1455.69     0.0430     0.0699     0.5550     0.9010  0.000e+00
      43665    214.500     7.2128     7.2126    1.45130    1.45152          1     0.7415     0.7245      23.61      0.653     0.4719     0.2237  1.000e-12  0.2025000    13.0977    13.1000     0.0023    -0.0002    10.1972    10.1990    212.414    216.640    1455.70    1455.70     0.0429     0.0699     0.5530     0.9010  0.000e+00
      43692    215.000     7.2128     7.2127    1.45132    1.45154          1     0.7414     0.7245      22.95      0.542     0.4651     0.2471  1.000e-12  0.2021000    13.0978    13.1000     0.0022    -0.0002    10.1973    10.1990    212.909    217.144    1455.71    1455.71     0.0433     0.0694     0.5590     0.8940  0.000e+00
      43731    215.500     7.2131     7.2129    1.45135    1.45157          1     0.7415     0.7244      22.35      0.298     0.4672     0.2454  1.000e-12  0.1943000    13.0979    13.1001     0.0022    -0.0002    10.1973    10.1991    213.404    217.648    1455.72    1455.72     0.0433     0.0688     0.5580     0.8870  0.000e+00
      43757    216.000     7.2140     7.2137    1.45155    1.45177          1     0.7414     0.7244      21.97      0.385     0.4611     0.2592  1.000e-12  0.1917000    13.0994    13.1016     0.0022    -0.0003    10.1984    10.2002    213.899    218.152    1455.73    1455.73     0.0425     0.0696     0.5480     0.8970  0.000e+00
      43777    216.500     7.2150     7.2147    1.45181    1.45203          1     0.7414     0.7244      21.55      0.522     0.4595     0.2691  1.000e-12  0.2034000    13.1014    13.1037     0.0023    -0.0003    10.1999    10.2018    214.394    218.656    1455.75    1455.75     0.0430     0.0693     0.5540     0.8940  0.000e+00
      43795    217.000     7.2154     7.2151    1.45193    1.45215          1     0.7414     0.7244      21.06      0.617     0.4630     0.2608  1.000e-12  0.2074000    13.1024    13.1047     0.0023    -0.0004    10.2006    10.2025    214.888    219.160    1455.76    1455.76     0.0429     0.0693     0.5530     0.8940  0.000e+00
      43815    217.500     7.2158     7.2155    1.45205    1.45226          1     0.7413     0.7244      20.54      0.636     0.4727     0.2222  1.000e-12  0.2045000    13.1032    13.1055     0.0022    -0.0003    10.2013    10.2031    215.383    219.664    1455.77    1455.77     0.0427     0.0693     0.5510     0.8940  0.000e+00
      43838    218.000     7.2162     7.2159    1.45214    1.45236          1     0.7414     0.7244      20.00      0.567     0.4599     0.2206  1.000e-12  0.2038000    13.1039    13.1062     0.0023    -0.0003    10.2018    10.2036    215.878    220.168    1455.78    1455.78     0.0432     0.0693     0.5570     0.8940  0.000e+00
      43863    218.500     7.2165     7.2163    1.45230    1.45252          1     0.7414     0.7244      19.46      0.498     0.4407     0.2361  1.000e-12  0.2092000    13.1052    13.1076     0.0023    -0.0003    10.2028    10.2046    216.373    220.673    1455.79    1455.79     0.0427     0.0693     0.5500     0.8940  0.000e+00
      43890    219.000     7.2172     7.2169    1.45254    1.45277          1     0.7412     0.7244      18.92      0.458     0.4724     0.2360  1.000e-12  0.2407000    13.1073    13.1096     0.0023    -0.0003    10.2043    10.2062    216.868    221.177    1455.81    1455.81     0.0424     0.0693     0.5470     0.8940  0.000e+00
