ctdpy/tests/etc/exprapp_april_2020/SBE09_1387_20200415_0210_77_10_0342.cnv
* Sea-Bird SBE 9 Data File:
* FileName = L:\2020\sv20d0342.hex
* Software Version Seasave V 7.26.7.121
* Temperature SN = 6378
* Conductivity SN = 4824
* Number of Bytes Per Scan = 41
* Number of Voltage Words = 4
* Number of Scans Averaged by the Deck Unit = 1
* NMEA Latitude = 57 52.00 N
* NMEA Longitude = 011 17.66 E
* NMEA UTC (Time) = Apr 15 2020  02:10:49
* NMEA baud rate = 4800
** Station:  P2
** Operator:  SSip
** Ship: SVEA
** Average sound velocity: 1476.14 m/s
** True-depth calculation Wed, 15 Apr 2020 03:16:35 +0000
** CTD Python Module SMHI /ver 3-12/ feb 2012 
** LIMS Job: 20207710-0342
** Cruise: SMHI-07-2020
** Latitude [GG MM.mm N] :
** Longitude [GGG MM.mm E]:
# nquan = 30
# nvalues = 178                         
# units = specified
# name 0 = scan: Scan Count
# name 1 = prDM: Pressure, Digiquartz [db]
# name 2 = t090C: Temperature [ITS-90, deg C]
# name 3 = t190C: Temperature, 2 [ITS-90, deg C]
# name 4 = c0S/m: Conductivity [S/m]
# name 5 = c1S/m: Conductivity, 2 [S/m]
# name 6 = pumps: Pump Status
# name 7 = sbeox0V: Oxygen raw, SBE 43 [V]
# name 8 = sbeox1V: Oxygen raw, SBE 43, 2 [V]
# name 9 = altM: Altimeter [m]
# name 10 = dz/dtM: Descent Rate [m/s]
# name 11 = flECO-AFL: Chl-a Fluorescence, WET Labs ECO-AFL/FL [mg/m^3]
# name 12 = flECO-AFL1: Phycocyanin Fluorescence, WET Labs ECO-AFL/FL, 2 [mg/m^3]
# name 13 = par: PAR/Irradiance, Biospherical/Lico [µE/(cm^2*s)]
# name 14 = turbWETntu0: Turbidity, WET Labs ECO [NTU]
# name 15 = sal00: Salinity, Practical [PSU]
# name 16 = sal11: Salinity, Practical, 2 [PSU]
# name 17 = secS-priS: Salinity, Practical, Difference, 2 - 1 [PSU]
# name 18 = T2-T190C: Temperature Difference, 2 - 1 [ITS-90, deg C]
# name 19 = sigma-t00: Density [sigma-t, kg/m^3 ]
# name 20 = sigma-t11: Density, 2 [sigma-t, kg/m^3 ]
# name 21 = depSM: Depth [salt water, m], lat = 57.8667
# name 22 = depFM: Depth [true depth, m], lat = 57.8667
# name 23 = svCM: Sound Velocity [Chen-Millero, m/s]
# name 24 = svCM1: Sound Velocity, 2 [Chen-Millero, m/s]
# name 25 = sbeox0ML/L: Oxygen, SBE 43 [ml/l], WS = 2
# name 26 = sbeox1ML/L: Oxygen, SBE 43, 2 [ml/l], WS = 2
# name 27 = sbeox0PS: Oxygen, SBE 43 [% saturation], WS = 2
# name 28 = sbeox1PS: Oxygen, SBE 43, 2 [% saturation], WS = 2
# name 29 = flag: flag
# span 0 =      47713,      52752       
# span 1 =      1.000,     89.500       
# span 2 =     6.4500,     6.9913       
# span 3 =     6.4495,     6.9897       
# span 4 =   2.825486,   3.518184       
# span 5 =   2.825986,   3.517745       
# span 6 =          1,          1       
# span 7 =     3.4200,     3.6728       
# span 8 =     3.2007,     3.4273       
# span 9 =       0.75,     140.73       
# span 10 =     -0.616,      0.918      
# span 11 =     0.2732,     1.4542      
# span 12 =     0.0992,     0.3685      
# span 13 = 1.0000e-12, 4.3908e+00      
# span 14 =     0.1454,     2.3966      
# span 15 =    27.8124,    34.8755      
# span 16 =    27.8157,    34.8712      
# span 17 =    -0.1244,     0.3921      
# span 18 =    -0.0099,     0.0746      
# span 19 =    21.8280,    27.3254      
# span 20 =    21.8305,    27.3220      
# span 21 =      0.991,     88.653      
# span 22 =      0.997,     88.851      
# span 23 =    1467.51,    1479.83      
# span 24 =    1467.51,    1479.82      
# span 25 =     6.0825,     6.8559      
# span 26 =     6.1891,     6.9878      
# span 27 =     89.481,     97.494      
# span 28 =     91.050,     99.371      
# span 29 = 0.0000e+00, 0.0000e+00      
# interval = decibars: 0.5              
# start_time = Apr 15 2020 02:10:50 [NMEA time, first data scan]
# bad_flag = -9.990e-29
*END*
[from data line 146]
      51531     74.000     6.8298     6.8296    3.47310    3.47270          1     3.4324     3.2156      17.38      0.536     0.3023     0.1921  1.000e-12  1.1645000    34.5239    34.5196    -0.0042    -0.0002    27.0671    27.0638     73.302     73.482    1478.62    1478.61     6.1032     6.2169    89.7690    91.4390  0.000e+00
      51572     74.500     6.8333     6.8341    3.47467    3.47457          1     3.4248     3.2062      16.79      0.295     0.2838     0.2417  1.000e-12  1.0642000    34.5374    34.5356    -0.0018     0.0007    27.0773    27.0757     73.797     73.978    1478.65    1478.66     6.0825     6.1891    89.4810    91.0500  0.000e+00
      51604     75.000     6.8468     6.8452    3.48096    3.48075          1     3.4200     3.2007      16.36      0.330     0.2911     0.2198  1.000e-12  1.0564000    34.5931    34.5923    -0.0007    -0.0016    27.1193    27.1189     74.292     74.474    1478.78    1478.78     6.0850     6.2040    89.5780    91.3260  0.000e+00
      51625     75.500     6.8763     6.8751    3.48970    3.48947          1     3.4205     3.2008      15.97      0.481     0.2919     0.2052  1.000e-12  1.1433000    34.6596    34.6583    -0.0013    -0.0013    27.1677    27.1669     74.788     74.970    1478.99    1478.98     6.0939     6.2187    89.8090    91.6450  0.000e+00
      51642     76.000     6.8918     6.8907    3.49354    3.49309          1     3.4226     3.2021      15.57      0.595     0.2923     0.2071  1.000e-12  1.3067000    34.6861    34.6823    -0.0038    -0.0012    27.1865    27.1836     75.283     75.466    1479.09    1479.08     6.0980     6.2234    89.9180    91.7620  0.000e+00
      51659     76.500     6.9004     6.9000    3.49541    3.49507          1     3.4240     3.2031      15.08      0.676     0.2907     0.2045  1.000e-12  1.3453000    34.6978    34.6944    -0.0034    -0.0004    27.1945    27.1919     75.778     75.962    1479.15    1479.14     6.0963     6.2222    89.9160    91.7710  0.000e+00
      51678     77.000     6.9114     6.9119    3.49793    3.49784          1     3.4248     3.2039      14.59      0.699     0.2905     0.1969  1.000e-12  1.3319000    34.7143    34.7128    -0.0015     0.0005    27.2060    27.2047     76.273     76.457    1479.22    1479.22     6.0956     6.2168    89.9390    91.7270  0.000e+00
      51727     77.500     6.9194     6.9236    3.50049    3.50110          1     3.4301     3.2067      13.81      0.291     0.2978     0.2370  1.000e-12  1.1002000    34.7342    34.7367     0.0025     0.0042    27.2206    27.2220     76.768     76.953    1479.28    1479.30     6.1158     6.2321    90.2640    91.9920  0.000e+00
      51767     78.000     6.9446     6.9453    3.50680    3.50722          1     3.4369     3.2112      13.42      0.255     0.2817     0.2210  1.000e-12  1.0771000    34.7781    34.7820     0.0039     0.0007    27.2517    27.2547     77.263     77.449    1479.45    1479.45     6.1323     6.2534    90.5860    92.3800  0.000e+00
      51783     78.500     6.9628     6.9622    3.51207    3.51179          1     3.4399     3.2141      13.05      0.509     0.2829     0.1934  1.000e-12  1.2120000    34.8175    34.8151    -0.0024    -0.0006    27.2802    27.2784     77.759     77.945    1479.57    1479.57     6.1321     6.2586    90.6450    92.5130  0.000e+00
      51796     79.000     6.9697     6.9691    3.51436    3.51402          1     3.4422     3.2163      12.65      0.698     0.2866     0.1768  1.000e-12  1.4648000    34.8355    34.8323    -0.0032    -0.0006    27.2935    27.2910     78.254     78.440    1479.63    1479.63     6.1317     6.2574    90.6650    92.5210  0.000e+00
      51809     79.500     6.9715     6.9713    3.51546    3.51506          1     3.4436     3.2178      12.24      0.839     0.2883     0.1843  1.000e-12  1.5118000    34.8455    34.8414    -0.0041    -0.0003    27.3011    27.2979     78.749     78.936    1479.66    1479.65     6.1324     6.2556    90.6840    92.5030  0.000e+00
      51822     80.000     6.9719     6.9715    3.51610    3.51571          1     3.4449     3.2191      11.77      0.918     0.2812     0.1912  1.000e-12  1.5999000    34.8519    34.8480    -0.0039    -0.0003    27.3061    27.3030     79.244     79.432    1479.68    1479.67     6.1333     6.2529    90.7020    92.4680  0.000e+00
      51841     80.500     6.9714     6.9711    3.51655    3.51612          1     3.4468     3.2202      11.10      0.837     0.2805     0.1661  1.000e-12  1.6224000    34.8572    34.8527    -0.0045    -0.0003    27.3103    27.3068     79.739     79.928    1479.69    1479.68     6.1318     6.2496    90.6830    92.4210  0.000e+00
      51895     81.000     6.9696     6.9695    3.51600    3.51589          1     3.4505     3.2244      10.36      0.242     0.2831     0.1990  1.000e-12  1.3510000    34.8527    34.8516    -0.0010    -0.0001    27.3070    27.3062     80.235     80.423    1479.68    1479.68     6.1414     6.2652    90.8180    92.6480  0.000e+00
      51930     81.500     6.9674     6.9670    3.51737    3.51692          1     3.4523     3.2272       9.98      0.290     0.2739     0.2376  1.000e-12  1.3224000    34.8698    34.8653    -0.0045    -0.0004    27.3208    27.3173     80.730     80.919    1479.71    1479.70     6.1376     6.2653    90.7680    92.6530  0.000e+00
      51947     82.000     6.9658     6.9654    3.51750    3.51709          1     3.4518     3.2273       9.59      0.523     0.2925     0.2197  1.000e-12  1.7787000    34.8726    34.8685    -0.0042    -0.0004    27.3233    27.3200     81.225     81.415    1479.71    1479.70     6.1339     6.2596    90.7110    92.5660  0.000e+00
      51963     82.500     6.9663     6.9661    3.51773    3.51734          1     3.4508     3.2273       9.17      0.680     0.3007     0.2149  1.000e-12  2.0071000    34.8744    34.8702    -0.0042    -0.0002    27.3246    27.3213     81.720     81.910    1479.72    1479.72     6.1333     6.2547    90.7040    92.4970  0.000e+00
      51981     83.000     6.9668     6.9665    3.51788    3.51745          1     3.4508     3.2266       8.65      0.718     0.3000     0.2110  1.000e-12  2.1065000    34.8753    34.8708    -0.0044    -0.0003    27.3252    27.3217     82.215     82.406    1479.74    1479.73     6.1357     6.2523    90.7400    92.4620  0.000e+00
      52003     83.500     6.9670     6.9667    3.51794    3.51750          1     3.4507     3.2264       8.08      0.621     0.3004     0.2655  1.000e-12  2.0738000    34.8755    34.8709    -0.0046    -0.0002    27.3254    27.3218     82.710     82.902    1479.74    1479.74     6.1362     6.2581    90.7490    92.5490  0.000e+00
      52033     84.000     6.9670     6.9667    3.51797    3.51754          1     3.4504     3.2262       7.47      0.460     0.3140     0.1796  1.000e-12  2.1190000    34.8755    34.8711    -0.0045    -0.0002    27.3254    27.3219     83.206     83.398    1479.75    1479.75     6.1345     6.2519    90.7250    92.4570  0.000e+00
      52078     84.500     6.9668     6.9667    3.51797    3.51755          1     3.4492     3.2251       6.90      0.250     0.3000     0.2335  1.000e-12  2.0071000    34.8755    34.8709    -0.0046    -0.0001    27.3254    27.3218     83.701     83.893    1479.76    1479.75     6.1307     6.2557    90.6670    92.5140  0.000e+00
      52109     85.000     6.9670     6.9668    3.51800    3.51759          1     3.4485     3.2258       6.50      0.338     0.2919     0.2362  1.000e-12  2.1264000    34.8754    34.8711    -0.0043    -0.0003    27.3252    27.3219     84.196     84.389    1479.77    1479.76     6.1309     6.2599    90.6710    92.5760  0.000e+00
      52131     85.500     6.9671     6.9668    3.51804    3.51761          1     3.4484     3.2260       6.04      0.481     0.3053     0.2401  1.000e-12  2.2210000    34.8754    34.8710    -0.0044    -0.0003    27.3253    27.3218     84.691     84.885    1479.78    1479.77     6.1327     6.2557    90.6980    92.5140  0.000e+00
      52159     86.000     6.9670     6.9666    3.51805    3.51761          1     3.4484     3.2247       5.54      0.482     0.3118     0.2148  1.000e-12  2.2019000    34.8754    34.8710    -0.0045    -0.0004    27.3253    27.3218     85.186     85.381    1479.79    1479.78     6.1339     6.2437    90.7150    92.3360  0.000e+00
      52197     86.500     6.9669     6.9666    3.51806    3.51763          1     3.4484     3.2231       4.99      0.310     0.3131     0.2565  1.000e-12  2.1606000    34.8754    34.8710    -0.0044    -0.0004    27.3252    27.3218     85.681     85.876    1479.79    1479.79     6.1341     6.2500    90.7180    92.4290  0.000e+00
      52226     87.000     6.9670     6.9665    3.51809    3.51765          1     3.4486     3.2235       4.58      0.367     0.3029     0.2729  1.000e-12  2.3966000    34.8753    34.8711    -0.0042    -0.0006    27.3252    27.3219     86.177     86.372    1479.80    1479.79     6.1335     6.2557    90.7090    92.5120  0.000e+00
      52251     87.500     6.9666     6.9662    3.51808    3.51766          1     3.4482     3.2237       4.15      0.470     0.3112     0.2423  1.000e-12  2.1810000    34.8754    34.8711    -0.0043    -0.0004    27.3253    27.3220     86.672     86.868    1479.81    1479.80     6.1344     6.2541    90.7220    92.4890  0.000e+00
      52332     88.000     6.9663     6.9662    3.51803    3.51764          1     3.4466     3.2236       3.49      0.181     0.3017     0.2156  1.000e-12  1.7747000    34.8749    34.8707    -0.0042    -0.0001    27.3250    27.3217     87.167     87.363    1479.81    1479.81     6.1301     6.2510    90.6570    92.4430  0.000e+00
      52382     88.500     6.9672     6.9667    3.51818    3.51775          1     3.4461     3.2234       3.03      0.295     0.2982     0.1811  1.000e-12  1.8768000    34.8755    34.8712    -0.0043    -0.0005    27.3253    27.3219     87.662     87.859    1479.83    1479.82     6.1289     6.2530    90.6420    92.4740  0.000e+00
      52509     89.000     6.9656     6.9654    3.51767    3.51724          1     3.4456     3.2227       2.55      0.372     0.3040     0.1891  1.000e-12  2.0146000    34.8712    34.8667    -0.0045    -0.0002    27.3221    27.3186     88.157     88.355    1479.82    1479.82     6.1297     6.2518    90.6470    92.4500  0.000e+00
      52752     89.500     6.9638     6.9640    3.51702    3.51623          1     3.4463     3.2221       2.30     -0.085     0.2817     0.1956  1.000e-12  2.1909000    34.8656    34.8565    -0.0091     0.0002    27.3178    27.3108     88.653     88.851    1479.82    1479.80     6.1355     6.2541    90.7260    92.4760  0.000e+00
