ctdpy/tests/etc/exprapp_april_2020/SBE09_1387_20200416_1915_77_10_0351.cnv
* Sea-Bird SBE 9 Data File:
* FileName = L:\2020\sv20d0351.hex
* Software Version Seasave V 7.26.7.121
* Temperature SN = 6378
* Conductivity SN = 4824
* Number of Bytes Per Scan = 41
* Number of Voltage Words = 4
* Number of Scans Averaged by the Deck Unit = 1
* NMEA Latitude = 55 15.00 N
* NMEA Longitude = 015 59.05 E
* NMEA UTC (Time) = Apr 16 2020  19:15:13
* NMEA baud rate = 4800
** Station:  BY5
** Operator:  JKro
** Ship: SVEA
** Average sound velocity: 1446.91 m/s
** True-depth calculation Thu, 16 Apr 2020 21:09:14 +0000
** CTD Python Module SMHI /ver 3-12/ feb 2012 
** LIMS Job: 20207710-0351
** Cruise: SMHI-07-2020
** Latitude [GG MM.mm N] :
** Longitude [GGG MM.mm E]:
# nquan = 30
# nvalues = 172                         
# units = specified
# name 0 = scan: Scan Count
# name 1 = prDM: Pressure, Digiquartz [db]
# name 2 = t090C: Temperature [ITS-90, deg C]
# name 3 = t190C: Temperature, 2 [ITS-90, deg C]
# name 4 = c0S/m: Conductivity [S/m]
# name 5 = c1S/m: Conductivity, 2 [S/m]
# name 6 = pumps: Pump Status
# name 7 = sbeox0V: Oxygen raw, SBE 43 [V]
# name 8 = sbeox1V: Oxygen raw, SBE 43, 2 [V]
# name 9 = altM: Altimeter [m]
# name 10 = dz/dtM: Descent Rate [m/s]
# name 11 = flECO-AFL: Chl-a Fluorescence, WET Labs ECO-AFL/FL [mg/m^3]
# name 12 = flECO-AFL1: Phycocyanin Fluorescence, WET Labs ECO-AFL/FL, 2 [mg/m^3]
# name 13 = par: PAR/Irradiance, Biospherical/Lico [µE/(cm^2*s)]
# name 14 = turbWETntu0: Turbidity, WET Labs ECO [NTU]
# name 15 = sal00: Salinity, Practical [PSU]
# name 16 = sal11: Salinity, Practical, 2 [PSU]
# name 17 = secS-priS: Salinity, Practical, Difference, 2 - 1 [PSU]
# name 18 = T2-T190C: Temperature Difference, 2 - 1 [ITS-90, deg C]
# name 19 = sigma-t00: Density [sigma-t, kg/m^3 ]
# name 20 = sigma-t11: Density, 2 [sigma-t, kg/m^3 ]
# name 21 = depSM: Depth [salt water, m], lat = 55.25
# name 22 = depFM: Depth [true depth, m], lat = 55.25
# name 23 = svCM: Sound Velocity [Chen-Millero, m/s]
# name 24 = svCM1: Sound Velocity, 2 [Chen-Millero, m/s]
# name 25 = sbeox0ML/L: Oxygen, SBE 43 [ml/l], WS = 2
# name 26 = sbeox1ML/L: Oxygen, SBE 43, 2 [ml/l], WS = 2
# name 27 = sbeox0PS: Oxygen, SBE 43 [% saturation], WS = 2
# name 28 = sbeox1PS: Oxygen, SBE 43, 2 [% saturation], WS = 2
# name 29 = flag: flag
# span 0 =      43147,      48848       
# span 1 =      1.500,     87.000       
# span 2 =     5.4081,     8.4802       
# span 3 =     5.4072,     8.4796       
# span 4 =   0.886595,   1.869463       
# span 5 =   0.886373,   1.869694       
# span 6 =          1,          1       
# span 7 =     1.3286,     3.7481       
# span 8 =     1.2711,     3.5019       
# span 9 =     -10.33,      97.32       
# span 10 =     -0.321,      0.590      
# span 11 =     0.3129,     1.4455      
# span 12 =     0.1562,     0.4735      
# span 13 = -5.766e-06, 1.6593e+00      
# span 14 =     0.1399,     0.4030      
# span 15 =     8.0349,    16.7526      
# span 16 =     8.0357,    16.7545      
# span 17 =    -0.0028,     0.0601      
# span 18 =    -0.0230,     0.0423      
# span 19 =     6.3064,    12.9498      
# span 20 =     6.3071,    12.9512      
# span 21 =      1.486,     86.196      
# span 22 =      1.518,     87.889      
# span 23 =    1439.18,    1462.55      
# span 24 =    1439.18,    1462.55      
# span 25 =     1.4800,     8.2556      
# span 26 =     1.5421,     8.4205      
# span 27 =     20.053,     99.866      
# span 28 =     20.894,    101.862      
# span 29 = 0.0000e+00, 0.0000e+00      
# interval = decibars: 0.5              
# start_time = Apr 16 2020 19:15:13 [NMEA time, first data scan]
# bad_flag = -9.990e-29
*END*
[from data line 97]
      45913     50.000     5.7973     5.7994    0.92106    0.92126          1     3.5560     3.3227      42.76      0.503     0.4172     0.1968  1.000e-12  0.1544000     8.3748     8.3763     0.0014     0.0021     6.5838     6.5848     49.542     50.605    1441.19    1441.21     7.8176     7.9818    94.3810    96.3690  0.000e+00
      45941     50.500     5.8009     5.8002    0.92214    0.92223          1     3.5569     3.3237      37.14      0.427     0.4115     0.2243  1.000e-12  0.1552000     8.3844     8.3855     0.0011    -0.0008     6.5911     6.5921     50.038     51.111    1441.23    1441.23     7.7862     7.9346    94.0160    95.8070  0.000e+00
      45965     51.000     5.7997     5.7993    0.92463    0.92482          1     3.5524     3.3208      36.26      0.457     0.4062     0.2288  1.000e-12  0.1633000     8.4091     8.4110     0.0019    -0.0004     6.6107     6.6122     50.533     51.617    1441.26    1441.26     7.7455     7.8910    93.5370    95.2930  0.000e+00
      45988     51.500     5.7889     5.7881    0.92609    0.92617          1     3.5454     3.3153      50.71      0.512     0.4068     0.2083  1.000e-12  0.1627000     8.4259     8.4270     0.0011    -0.0008     6.6245     6.6254     51.028     52.123    1441.25    1441.25     7.7224     7.8631    93.2430    94.9410  0.000e+00
      46011     52.000     5.7717     5.7714    0.92705    0.92709          1     3.5386     3.3098      53.30      0.525     0.3992     0.2347  1.000e-12  0.1519000     8.4396     8.4400     0.0004    -0.0003     6.6362     6.6366     51.524     52.629    1441.20    1441.20     7.7085     7.8461    93.0440    94.7040  0.000e+00
      46036     52.500     5.7636     5.7636    0.92793    0.92798          1     3.5301     3.3024      34.98      0.489     0.3871     0.2341  1.000e-12  0.1664000     8.4502     8.4507     0.0005     0.0001     6.6451     6.6454     52.019     53.135    1441.18    1441.18     7.6528     7.7788    92.3590    93.8800  0.000e+00
      46061     53.000     5.7617     5.7610    0.92832    0.92841          1     3.5129     3.2879      34.86      0.483     0.3953     0.2765  1.000e-12  0.1496000     8.4544     8.4555     0.0011    -0.0007     6.6485     6.6494     52.514     53.641    1441.19    1441.19     7.5307     7.6299    90.8840    92.0810  0.000e+00
      46084     53.500     5.7544     5.7528    0.92944    0.92966          1     3.4798     3.2609      34.48      0.509     0.3944     0.2094  1.000e-12  0.1591000     8.4671     8.4697     0.0026    -0.0016     6.6589     6.6611     53.010     54.146    1441.18    1441.18     7.0772     7.0862    85.4020    85.5090  0.000e+00
      46107     54.000     5.7346     5.7334    0.93268    0.93295          1     3.3430     3.1549      33.81      0.524     0.3927     0.2213  1.000e-12  0.1584000     8.5038     8.5068     0.0030    -0.0012     6.6889     6.6913     53.505     54.652    1441.15    1441.15     6.0229     5.8151    72.6620    70.1540  0.000e+00
      46132     54.500     5.7450     5.7490    0.94239    0.94461          1     3.1017     2.9536      33.25      0.493     0.3895     0.2099  1.000e-12  0.1642000     8.5964     8.6173     0.0208     0.0040     6.7614     6.7776     54.000     55.158    1441.32    1441.36     5.1075     4.7271    61.6700    57.0890  0.000e+00
      46158     55.000     5.8750     5.8854    1.00604    1.01073          1     2.8675     2.7457      32.68      0.464     0.3790     0.1895  1.000e-12  0.1842000     9.1881     9.2315     0.0434     0.0104     7.2208     7.2543     54.496     55.664    1442.63    1442.73     4.6262     4.2498    56.2600    51.7100  0.000e+00
      46182     55.500     5.9873     5.9972    1.03882    1.04109          1     2.6886     2.5784      32.20      0.482     0.3713     0.2155  1.000e-12  0.1964000     9.4797     9.4993     0.0196     0.0099     7.4440     7.4588     54.991     56.170    1443.49    1443.56     4.3532     4.0363    53.1900    49.3370  0.000e+00
      46206     56.000     6.1610     6.1737    1.07094    1.07360          1     2.5443     2.4409      31.74      0.503     0.3774     0.2250  1.000e-12  0.2226000     9.7462     9.7687     0.0225     0.0127     7.6432     7.6601     55.486     56.675    1444.57    1444.65     4.0618     3.7935    49.9300    46.6550  0.000e+00
      46229     56.500     6.2746     6.2826    1.08907    1.09109          1     2.4114     2.3145      31.19      0.514     0.3751     0.2101  1.000e-12  0.2078000     9.8913     9.9087     0.0175     0.0080     7.7502     7.7634     55.982     57.180    1445.24    1445.30     3.7408     3.4879    46.1600    43.0520  0.000e+00
      46252     57.000     6.4105     6.4225    1.11693    1.11959          1     2.2925     2.2001      30.68      0.522     0.3755     0.2166  1.000e-12  0.2186000    10.1241    10.1467     0.0225     0.0120     7.9244     7.9413     56.477     57.686    1446.12    1446.20     3.5672     3.3661    44.2330    41.7590  0.000e+00
      46275     57.500     6.5402     6.5560    1.14536    1.14962          1     2.2082     2.1151      30.13      0.523     0.3764     0.1907  1.000e-12  0.2131000    10.3631    10.4000     0.0368     0.0158     8.1034     8.1312     56.972     58.191    1446.97    1447.08     3.4940     3.3684    43.5310    41.9930  0.000e+00
      46302     58.000     6.6958     6.7101    1.17821    1.18149          1     2.1254     2.0337      29.61      0.479     0.3577     0.2349  1.000e-12  0.2019000    10.6362    10.6638     0.0276     0.0142     8.3069     8.3275     57.468     58.696    1447.98    1448.07     3.2629     3.1481    40.8800    39.4620  0.000e+00
      46329     58.500     6.8463     6.8593    1.20628    1.20903          1     2.0357     1.9470      28.54      0.429     0.3687     0.2314  1.000e-12  0.2124000    10.8625    10.8852     0.0227     0.0130     8.4735     8.4903     57.963     59.201    1448.89    1448.98     3.0485     2.9473    38.3920    37.1360  0.000e+00
      46353     59.000     7.1251     7.1306    1.26457    1.26738          1     1.9743     1.8871      17.14      0.466     0.3595     0.1894  1.000e-12  0.2060000    11.3391    11.3645     0.0254     0.0055     8.8257     8.8452     58.459     59.706    1450.65    1450.71     2.9693     2.9171    37.7670    37.1140  0.000e+00
      46374     59.500     7.3733     7.3829    1.31448    1.31812          1     1.9376     1.8492      19.14      0.538     0.3633     0.2048  1.000e-12  0.2006000    11.7397    11.7716     0.0319     0.0096     9.1192     9.1434     58.954     60.211    1452.18    1452.26     2.9293     2.8927    37.5790    37.1270  0.000e+00
      46397     60.000     7.5492     7.5525    1.35686    1.35867          1     1.9088     1.8165      19.34      0.560     0.3552     0.2159  1.000e-12  0.1851000    12.0887    12.1050     0.0163     0.0033     9.3774     9.3899     59.449     60.715    1453.34    1453.37     2.9958     3.0055    38.6850    38.8180  0.000e+00
      46423     60.500     7.6100     7.6249    1.37626    1.38036          1     1.9377     1.8305      18.53      0.483     0.3659     0.1684  1.000e-12  0.1720000    12.2545    12.2888     0.0343     0.0149     9.5019     9.5273     59.945     61.220    1453.80    1453.91     3.3686     3.5022    43.6100    45.3670  0.000e+00
      46449     61.000     8.0380     8.0739    1.45700    1.46462          1     2.0033     1.8839      20.21      0.440     0.3701     0.1562  1.000e-12  0.1833000    12.8766    12.9367     0.0601     0.0359     9.9486     9.9922     60.440     61.724    1456.31    1456.53     3.6075     3.8293    47.3740    50.3480  0.000e+00
      46472     61.500     7.9681     7.9505    1.49693    1.49896          1     2.0862     1.9546      18.80      0.498     0.3597     0.1957  1.000e-12  0.1538000    13.2870    13.3131     0.0261    -0.0176    10.2763    10.2984     60.935     62.228    1456.55    1456.51     3.9151     4.1981    51.4600    55.1670  0.000e+00
      46493     62.000     7.9736     7.9743    1.53188    1.53359          1     2.1665     2.0272      17.27      0.553     0.3521     0.2192  1.000e-12  0.1664000    13.6214    13.6376     0.0162     0.0008    10.5372    10.5498     61.431     62.732    1456.99    1457.01     4.0287     4.3044    53.0780    56.7160  0.000e+00
      46517     62.500     7.6999     7.6853    1.54220    1.54292          1     2.2326     2.0901      17.53      0.534     0.3371     0.1946  1.000e-12  0.1657000    13.8288    13.8415     0.0127    -0.0145    10.7256    10.7370     61.926     63.236    1456.15    1456.11     4.1546     4.4085    54.4540    57.7660  0.000e+00
      46545     63.000     7.7134     7.7154    1.56451    1.56511          1     2.3073     2.1580      17.23      0.454     0.3426     0.1731  1.000e-12  0.1791000    14.0404    14.0454     0.0050     0.0020    10.8900    10.8937     62.421     63.740    1456.47    1456.49     4.3115     4.5350    56.6070    59.5460  0.000e+00
      46570     63.500     7.6098     7.5953    1.56967    1.56940          1     2.3583     2.2056      18.76      0.446     0.3292     0.2056  1.000e-12  0.1979000    14.1325    14.1357     0.0032    -0.0145    10.9718    10.9757     62.917     64.244    1456.18    1456.12     4.2562     4.4322    55.7790    58.0670  0.000e+00
      46594     64.000     7.3855     7.3863    1.56442    1.56516          1     2.3595     2.2167      19.51      0.494     0.3260     0.1701  1.000e-12  0.2003000    14.1720    14.1790     0.0070     0.0008    11.0236    11.0290     63.412     64.748    1455.32    1455.33     4.1628     4.3415    54.2760    56.6100  0.000e+00
      46629     64.500     7.5297     7.5066    1.56570    1.56903          1     2.3913     2.2506      19.26      0.368     0.3248     0.1643  1.000e-12  0.1954000    14.1261    14.1679     0.0418    -0.0230    10.9744    11.0093     63.907     65.251    1455.86    1455.82     4.4043     4.6059    57.6070    60.2260  0.000e+00
      46666     65.000     7.1759     7.1538    1.56937    1.56953          1     2.4603     2.3096      17.95      0.236     0.3225     0.2360  1.000e-12  0.1931000    14.3070    14.3176     0.0106    -0.0221    11.1481    11.1584     64.403     65.755    1454.65    1454.57     4.6762     4.8781    60.7170    63.3100  0.000e+00
      46687     65.500     6.9850     6.9816    1.57487    1.57512          1     2.4947     2.3393      18.24      0.506     0.3219     0.1940  1.000e-12  0.2123000    14.4407    14.4446     0.0038    -0.0033    11.2699    11.2732     64.898     66.259    1454.04    1454.03     4.7146     4.8854    60.9900    63.1960  0.000e+00
      46711     66.000     6.9009     6.8995    1.58019    1.58043          1     2.5144     2.3581      17.85      0.538     0.3282     0.2015  1.000e-12  0.2283000    14.5289    14.5319     0.0030    -0.0014    11.3463    11.3488     65.393     66.762    1453.81    1453.81     4.6454     4.7811    60.0080    61.7600  0.000e+00
      46739     66.500     6.8982     6.9014    1.58567    1.58639          1     2.5075     2.3564      18.09      0.446     0.3252     0.2168  1.000e-12  0.2313000    14.5846    14.5905     0.0059     0.0031    11.3903    11.3946     65.889     67.266    1453.88    1453.90     4.4703     4.5535    57.7640    58.8450  0.000e+00
      46764     67.000     7.0559     7.0611    1.60225    1.60290          1     2.4744     2.3313      15.84      0.449     0.3213     0.2096  1.000e-12  0.2353000    14.6830    14.6873     0.0043     0.0052    11.4537    11.4566     66.384     67.769    1454.66    1454.68     4.2622     4.2985    55.3190    55.7980  0.000e+00
      46785     67.500     7.1602     7.1631    1.60928    1.60971          1     2.4375     2.3003      15.79      0.527     0.3207     0.1949  1.000e-12  0.2529000    14.7084    14.7115     0.0031     0.0028    11.4643    11.4665     66.879     68.273    1455.12    1455.14     4.1347     4.1452    53.8080    53.9490  0.000e+00
      46807     68.000     7.2861     7.2930    1.61838    1.61912          1     2.3971     2.2644      15.43      0.567     0.3199     0.1820  1.000e-12  0.2450000    14.7450    14.7494     0.0044     0.0069    11.4815    11.4843     67.374     68.776    1455.69    1455.73     4.0192     4.0245    52.4750    52.5550  0.000e+00
      46833     68.500     7.4352     7.4403    1.63484    1.63569          1     2.3548     2.2261      14.85      0.491     0.3204     0.1811  1.000e-12  0.2045000    14.8440    14.8502     0.0062     0.0051    11.5452    11.5496     67.870     69.280    1456.43    1456.46     3.9264     3.9351    51.4800    51.6020  0.000e+00
      46860     69.000     7.5435     7.5472    1.65769    1.65881          1     2.3029     2.1786      13.69      0.436     0.3129     0.1756  1.000e-12  0.1944000    15.0227    15.0321     0.0094     0.0037    11.6749    11.6819     68.365     69.783    1457.10    1457.12     3.5601     3.4846    46.8510    45.8640  0.000e+00
      46885     69.500     7.5948     7.5965    1.67523    1.67634          1     2.1899     2.0820      13.43      0.466     0.3228     0.1643  1.000e-12  0.2080000    15.1731    15.1833     0.0102     0.0017    11.7878    11.7956     68.860     70.287    1457.50    1457.52     3.0698     2.9158    40.4890    38.4610  0.000e+00
      46910     70.000     7.9187     7.9610    1.70933    1.71374          1     2.0726     1.9771      12.88      0.487     0.3334     0.1852  1.000e-12  0.2118000    15.3656    15.3901     0.0245     0.0423    11.9059    11.9208     69.356     70.790    1459.05    1459.25     2.8239     2.6757    37.5750    35.6470  0.000e+00
      46934     70.500     8.3123     8.3194    1.74556    1.74665          1     1.9783     1.8903      12.22      0.487     0.3265     0.2072  1.000e-12  0.1935000    15.5456    15.5530     0.0074     0.0071    12.0059    12.0110     69.851     71.293    1460.85    1460.88     2.6754     2.5752    35.9760    34.6360  0.000e+00
      46958     71.000     8.4246     8.4277    1.75797    1.75866          1     1.9068     1.8227      10.96      0.496     0.3274     0.2116  1.000e-12  0.1763000    15.6161    15.6215     0.0053     0.0031    12.0490    12.0528     70.346     71.796    1461.39    1461.41     2.6096     2.5522    35.2000    34.4300  0.000e+00
      46984     71.500     8.4554     8.4587    1.76816    1.76907          1     1.8569     1.7729      11.42      0.483     0.3308     0.1761  1.000e-12  0.1736000    15.7009    15.7081     0.0073     0.0033    12.1118    12.1171     70.842     72.299    1461.62    1461.64     2.5810     2.5644    34.8580    34.6400  0.000e+00
      47013     72.000     8.4802     8.4796    1.77729    1.77791          1     1.8168     1.7337       9.63      0.433     0.3315     0.1747  1.000e-12  0.1805000    15.7779    15.7842     0.0063    -0.0006    12.1692    12.1742     71.337     72.803    1461.82    1461.83     2.5368     2.5609    34.2990    34.6260  0.000e+00
      47047     72.500     8.4553     8.4525    1.78329    1.78341          1     1.7946     1.7117      13.26      0.362     0.3332     0.2089  1.000e-12  0.1850000    15.8469    15.8494     0.0025    -0.0029    12.2258    12.2281     71.832     73.306    1461.82    1461.81     2.6459     2.7428    35.7690    37.0770  0.000e+00
      47081     73.000     8.3150     8.3003    1.77927    1.77857          1     1.8251     1.7339      13.34      0.345     0.3343     0.2554  1.000e-12  0.1916000    15.8708    15.8707    -0.0001    -0.0147    12.2596    12.2611     72.328     73.809    1461.30    1461.24     2.8239     2.9473    38.0560    39.7050  0.000e+00
      47113     73.500     8.0337     8.0184    1.76668    1.76620          1     1.8450     1.7490      12.89      0.381     0.3373     0.1884  1.000e-12  0.2050000    15.8748    15.8771     0.0023    -0.0153    12.2925    12.2958     72.823     74.312    1460.19    1460.13     2.8262     2.9286    37.8370    39.1960  0.000e+00
