ctdpy/tests/etc/exprapp_april_2020/SBE09_1387_20200415_1036_77_10_0344.cnv
* Sea-Bird SBE 9 Data File:
* FileName = L:\2020\sv20d0344.hex
* Software Version Seasave V 7.26.7.121
* Temperature SN = 6378
* Conductivity SN = 4824
* Number of Bytes Per Scan = 41
* Number of Voltage Words = 4
* Number of Scans Averaged by the Deck Unit = 1
* NMEA Latitude = 56 56.34 N
* NMEA Longitude = 012 12.80 E
* NMEA UTC (Time) = Apr 15 2020  10:36:37
* NMEA baud rate = 4800
** Station:  N14
** Operator:  JKro
** Ship: SVEA
** Average sound velocity: 1466.86 m/s
** True-depth calculation Wed, 15 Apr 2020 12:41:37 +0000
** CTD Python Module SMHI /ver 3-12/ feb 2012 
** LIMS Job: 20207710-0344
** Cruise: SMHI-07-2020
** Latitude [GG MM.mm N] :
** Longitude [GGG MM.mm E]:
# nquan = 30
# nvalues = 53                          
# units = specified
# name 0 = scan: Scan Count
# name 1 = prDM: Pressure, Digiquartz [db]
# name 2 = t090C: Temperature [ITS-90, deg C]
# name 3 = t190C: Temperature, 2 [ITS-90, deg C]
# name 4 = c0S/m: Conductivity [S/m]
# name 5 = c1S/m: Conductivity, 2 [S/m]
# name 6 = pumps: Pump Status
# name 7 = sbeox0V: Oxygen raw, SBE 43 [V]
# name 8 = sbeox1V: Oxygen raw, SBE 43, 2 [V]
# name 9 = altM: Altimeter [m]
# name 10 = dz/dtM: Descent Rate [m/s]
# name 11 = flECO-AFL: Chl-a Fluorescence, WET Labs ECO-AFL/FL [mg/m^3]
# name 12 = flECO-AFL1: Phycocyanin Fluorescence, WET Labs ECO-AFL/FL, 2 [mg/m^3]
# name 13 = par: PAR/Irradiance, Biospherical/Lico [µE/(cm^2*s)]
# name 14 = turbWETntu0: Turbidity, WET Labs ECO [NTU]
# name 15 = sal00: Salinity, Practical [PSU]
# name 16 = sal11: Salinity, Practical, 2 [PSU]
# name 17 = secS-priS: Salinity, Practical, Difference, 2 - 1 [PSU]
# name 18 = T2-T190C: Temperature Difference, 2 - 1 [ITS-90, deg C]
# name 19 = sigma-t00: Density [sigma-t, kg/m^3 ]
# name 20 = sigma-t11: Density, 2 [sigma-t, kg/m^3 ]
# name 21 = depSM: Depth [salt water, m], lat = 56.939
# name 22 = depFM: Depth [true depth, m], lat = 56.939
# name 23 = svCM: Sound Velocity [Chen-Millero, m/s]
# name 24 = svCM1: Sound Velocity, 2 [Chen-Millero, m/s]
# name 25 = sbeox0ML/L: Oxygen, SBE 43 [ml/l], WS = 2
# name 26 = sbeox1ML/L: Oxygen, SBE 43, 2 [ml/l], WS = 2
# name 27 = sbeox0PS: Oxygen, SBE 43 [% saturation], WS = 2
# name 28 = sbeox1PS: Oxygen, SBE 43, 2 [% saturation], WS = 2
# name 29 = flag: flag
# span 0 =      47221,      48854       
# span 1 =      2.000,     28.000       
# span 2 =     5.9433,     6.4817       
# span 3 =     5.9447,     6.4810       
# span 4 =   2.511241,   3.256780       
# span 5 =   2.511092,   3.256075       
# span 6 =          1,          1       
# span 7 =     3.0116,     3.5897       
# span 8 =     2.8450,     3.3717       
# span 9 =       2.06,      27.18       
# span 10 =     -0.031,      0.801      
# span 11 =     0.3091,     0.9653      
# span 12 =     0.1648,     0.2874      
# span 13 = 8.3033e-01, 1.4379e+02      
# span 14 =     0.2358,     3.0099      
# span 15 =    24.4091,    32.8267      
# span 16 =    24.4080,    32.8195      
# span 17 =    -0.0755,     0.0596      
# span 18 =    -0.0085,     0.0043      
# span 19 =    19.1466,    25.8185      
# span 20 =    19.1458,    25.8130      
# span 21 =      1.982,     27.741      
# span 22 =      1.999,     27.915      
# span 23 =    1463.35,    1473.01      
# span 24 =    1463.35,    1473.00      
# span 25 =     5.2806,     6.9253      
# span 26 =     5.4242,     7.1025      
# span 27 =     75.581,     94.519      
# span 28 =     77.615,     96.928      
# span 29 = 0.0000e+00, 0.0000e+00      
# interval = decibars: 0.5              
# start_time = Apr 15 2020 10:36:37 [NMEA time, first data scan]
# bad_flag = -9.990e-29
*END*
      47221      2.000     6.4798     6.4804    2.51175    2.51158          1     3.5883     3.3717      27.18     -0.031     0.8083     0.2752  1.438e+02  0.3392000    24.4141    24.4117    -0.0024     0.0007    19.1504    19.1485      1.982      1.999    1463.39    1463.39     6.9211     7.1014    94.4590    96.9200  0.000e+00
      47425      2.500     6.4769     6.4765    2.51124    2.51109          1     3.5888     3.3713      27.13      0.194     0.8229     0.2785  1.189e+02  0.3486000    24.4105    24.4092    -0.0013    -0.0004    19.1479    19.1469      2.477      2.498    1463.38    1463.38     6.9180     7.1025    94.4090    96.9250  0.000e+00
      47470      3.000     6.4791     6.4780    2.51128    2.51109          1     3.5880     3.3707      26.66      0.231     0.8382     0.2757  1.065e+02  0.3498000    24.4091    24.4080    -0.0012    -0.0012    19.1466    19.1458      2.972      2.998    1463.40    1463.39     6.9231     7.1007    94.4820    96.9030  0.000e+00
      47527      3.500     6.4817     6.4810    2.51161    2.51141          1     3.5897     3.3699      25.98      0.174     0.8221     0.2695  9.061e+01  0.3243000    24.4106    24.4090    -0.0017    -0.0007    19.1475    19.1463      3.468      3.498    1463.42    1463.41     6.9253     7.0995    94.5190    96.8940  0.000e+00
      47541      4.000     6.4796     6.4810    2.51144    2.51139          1     3.5894     3.3701      25.80      0.445     0.8260     0.2657  7.329e+01  0.3516000    24.4101    24.4086    -0.0015     0.0014    19.1473    19.1460      3.963      3.998    1463.42    1463.42     6.9182     7.1019    94.4180    96.9260  0.000e+00
      47555      4.500     6.4792     6.4800    2.51142    2.51134          1     3.5880     3.3701      25.51      0.694     0.8269     0.2720  6.608e+01  0.3679000    24.4100    24.4086    -0.0014     0.0008    19.1472    19.1461      4.459      4.497    1463.42    1463.43     6.9117     7.1022    94.3270    96.9280  0.000e+00
      47592      5.000     6.4746     6.4781    2.51146    2.51135          1     3.5865     3.3692      24.78      0.482     0.8478     0.2861  5.997e+01  0.3566000    24.4135    24.4098    -0.0037     0.0034    19.1505    19.1473      4.954      4.997    1463.42    1463.43     6.9149     7.0980    94.3630    96.8670  0.000e+00
      47639      5.500     6.4691     6.4702    2.51149    2.51134          1     3.5857     3.3685      23.97      0.180     0.8481     0.2874  5.462e+01  0.3406000    24.4176    24.4152    -0.0024     0.0011    19.1543    19.1523      5.449      5.497    1463.41    1463.41     6.9113     7.0993    94.3050    96.8710  0.000e+00
      47654      6.000     6.4609     6.4574    2.51168    2.51212          1     3.5843     3.3683      23.69      0.471     0.8659     0.2803  4.707e+01  0.3391000    24.4253    24.4324     0.0072    -0.0034    19.1612    19.1672      5.945      5.996    1463.40    1463.39     6.9037     7.0958    94.1880    96.8050  0.000e+00
      47668      6.500     6.4426     6.4462    2.51341    2.51287          1     3.5825     3.3676      23.42      0.716     0.8951     0.2449  4.069e+01  0.3677000    24.4567    24.4483    -0.0084     0.0036    19.1879    19.1809      6.440      6.496    1463.37    1463.37     6.9006     7.0954    94.1230    96.7830  0.000e+00
      47686      7.000     6.4353     6.4345    2.51431    2.51423          1     3.5807     3.3673      23.04      0.801     0.9215     0.2468  3.544e+01  0.3689000    24.4713    24.4710    -0.0004    -0.0007    19.2002    19.2000      6.936      6.996    1463.36    1463.36     6.9019     7.0941    94.1330    96.7530  0.000e+00
      47719      7.500     6.4378     6.4391    2.51415    2.51394          1     3.5787     3.3653      22.34      0.472     0.9630     0.2732  3.154e+01  0.3570000    24.4676    24.4645    -0.0032     0.0012    19.1970    19.1944      7.431      7.495    1463.38    1463.38     6.8992     7.0783    94.1000    96.5450  0.000e+00
      47756      8.000     6.4201     6.4177    2.51648    2.51655          1     3.5762     3.3611      21.57      0.259     0.9653     0.2653  2.801e+01  0.3263000    24.5050    24.5075     0.0025    -0.0024    19.2283    19.2306      7.926      7.995    1463.36    1463.36     6.8926     7.0619    93.9950    96.2980  0.000e+00
      47774      8.500     6.4036     6.4036    2.51916    2.51897          1     3.5744     3.3592      21.25      0.461     0.9497     0.2776  2.505e+01  0.3448000    24.5453    24.5433    -0.0021     0.0001    19.2618    19.2602      8.422      8.495    1463.35    1463.35     6.8843     7.0628    93.8680    96.3020  0.000e+00
      47791      9.000     6.3945     6.3942    2.52122    2.52108          1     3.5718     3.3576      20.95      0.645     0.9552     0.2761  2.165e+01  0.3544000    24.5737    24.5724    -0.0013    -0.0004    19.2851    19.2841      8.917      8.994    1463.36    1463.36     6.8746     7.0576    93.7340    96.2270  0.000e+00
      47810      9.500     6.3857     6.3859    2.52326    2.52295          1     3.5687     3.3553      20.50      0.684     0.9539     0.2673  1.875e+01  0.3583000    24.6017    24.5983    -0.0035     0.0002    19.3080    19.3053      9.413      9.494    1463.37    1463.36     6.8685     7.0471    93.6490    96.0820  0.000e+00
      47836     10.000     6.3739     6.3700    2.52611    2.52673          1     3.5651     3.3519      19.91      0.546     0.9502     0.2662  1.642e+01  0.3500000    24.6405    24.6501     0.0095    -0.0039    19.3398    19.3478      9.908      9.994    1463.38    1463.37     6.8652     7.0425    93.6010    96.0160  0.000e+00
      47869     10.500     6.3613     6.3528    2.52942    2.53106          1     3.5626     3.3484      19.27      0.378     0.9301     0.2648  1.551e+01  0.4186000    24.6849    24.7086     0.0237    -0.0085    19.3761    19.3957     10.403     10.493    1463.39    1463.38     6.8712     7.0356    93.6830    95.9190  0.000e+00
      47898     11.000     6.3401     6.3382    2.53504    2.53528          1     3.5617     3.3451      18.79      0.376     0.9007     0.2557  1.411e+01  0.3316000    24.7604    24.7643     0.0039    -0.0018    19.4378    19.4410     10.899     10.993    1463.41    1463.40     6.8603     7.0262    93.5340    95.7940  0.000e+00
      47919     11.500     6.3276     6.3272    2.53893    2.53880          1     3.5584     3.3428      18.38      0.481     0.9030     0.2362  1.254e+01  0.3266000    24.8110    24.8099    -0.0010    -0.0004    19.4789    19.4781     11.394     11.492    1463.43    1463.43     6.8457     7.0214    93.3370    95.7320  0.000e+00
      47937     12.000     6.3151     6.3140    2.54301    2.54312          1     3.5555     3.3409      17.99      0.591     0.8872     0.2180  1.104e+01  0.3262000    24.8637    24.8657     0.0019    -0.0011    19.5217    19.5234     11.890     11.992    1463.45    1463.45     6.8332     7.0117    93.1720    95.6050  0.000e+00
      47957     12.500     6.3057     6.3056    2.54601    2.54582          1     3.5506     3.3377      17.58      0.637     0.8693     0.2648  9.943e+00  0.3279000    24.9025    24.9006    -0.0019    -0.0001    19.5533    19.5518     12.385     12.491    1463.47    1463.47     6.8131     6.9971    92.9020    95.4080  0.000e+00
      47982     13.000     6.2997     6.2987    2.54843    2.54865          1     3.5432     3.3333      16.99      0.553     0.8478     0.2578  9.149e+00  0.3422000    24.9328    24.9359     0.0031    -0.0009    19.5777    19.5802     12.880     12.991    1463.49    1463.49     6.7902     6.9760    92.5950    95.1280  0.000e+00
      48016     13.500     6.2725     6.2721    2.55868    2.55848          1     3.5325     3.3255      16.34      0.362     0.8243     0.2470  8.502e+00  0.3425000    25.0628    25.0609    -0.0019    -0.0004    19.6830    19.6815     13.376     13.490    1463.55    1463.55     6.7655     6.9433    92.2770    94.7000  0.000e+00
      48042     14.000     6.2227     6.2227    2.57701    2.57667          1     3.5254     3.3184      15.89      0.395     0.8158     0.2064  7.761e+00  0.3372000    25.2968    25.2932    -0.0036    -0.0000    19.8724    19.8696     13.871     13.990    1463.65    1463.65     6.7472     6.9124    92.0610    94.3130  0.000e+00
      48060     14.500     6.2073     6.2101    2.58270    2.58144          1     3.5196     3.3124      15.55      0.537     0.7950     0.2506  6.963e+00  0.3530000    25.3694    25.3538    -0.0156     0.0028    19.9313    19.9187     14.366     14.489    1463.69    1463.68     6.7149     6.8743    91.6310    93.8020  0.000e+00
      48079     15.000     6.1923     6.1965    2.58852    2.58662          1     3.5097     3.3035      15.12      0.638     0.7713     0.2458  6.316e+00  0.3786000    25.4433    25.4196    -0.0237     0.0043    19.9910    19.9719     14.862     14.988    1463.73    1463.72     6.6530     6.7976    90.7990    92.7670  0.000e+00
      48100     15.500     6.1792     6.1777    2.59342    2.59416          1     3.4895     3.2858      14.59      0.630     0.7417     0.2210  5.795e+00  0.4344000    25.5058    25.5150     0.0091    -0.0016    20.0417    20.0490     15.357     15.488    1463.76    1463.77     6.5491     6.6760    89.3900    91.1240  0.000e+00
      48127     16.000     6.1380     6.1295    2.61599    2.62085          1     3.4515     3.2534      13.99      0.490     0.6035     0.2732  5.441e+00  0.3491000    25.7810    25.8401     0.0591    -0.0085    20.2628    20.3102     15.853     15.987    1463.95    1463.99     6.3886     6.4873    87.2710    88.6370  0.000e+00
      48155     16.500     6.0804     6.0756    2.66406    2.66920          1     3.3992     3.2081      13.43      0.417     0.4943     0.2429  5.174e+00  0.2609000    26.3469    26.4065     0.0596    -0.0048    20.7147    20.7622     16.348     16.486    1464.43    1464.49     6.2079     6.2938    85.0060    86.2060  0.000e+00
      48179     17.000     5.9874     5.9898    2.75607    2.75859          1     3.3529     3.1675      12.97      0.467     0.4518     0.2175  4.827e+00  0.2387000    27.4254    27.4509     0.0256     0.0024    21.5749    21.5947     16.843     16.985    1465.42    1465.46     6.1000     6.1903    83.9400    85.2030  0.000e+00
      48205     17.500     5.9433     5.9451    2.89809    2.89656          1     3.3151     3.1324      12.47      0.483     0.4031     0.1960  4.391e+00  0.2398000    29.0238    29.0053    -0.0185     0.0018    22.8404    22.8256     17.339     17.483    1467.26    1467.25     5.9963     6.0982    83.3060    84.7150  0.000e+00
      48230     18.000     5.9450     5.9447    2.92245    2.92157          1     3.2851     3.1032      11.99      0.473     0.4078     0.1918  4.023e+00  0.2358000    29.2913    29.2817    -0.0095    -0.0003    23.0512    23.0437     17.834     17.981    1467.61    1467.60     5.9616     6.0673    82.9750    84.4410  0.000e+00
      48254     18.500     5.9681     5.9653    2.99969    2.99396          1     3.2658     3.0826      11.54      0.485     0.4118     0.2082  3.773e+00  0.2689000    30.1264    30.0653    -0.0611    -0.0027    23.7075    23.6596     18.329     18.478    1468.77    1468.68     5.9088     6.0262    82.7420    84.3470  0.000e+00
      48275     19.000     5.9826     5.9818    3.05167    3.05080          1     3.2494     3.0661      11.05      0.527     0.4295     0.2222  3.549e+00  0.2900000    30.6903    30.6813    -0.0089    -0.0008    24.1508    24.1439     18.825     18.976    1469.55    1469.53     5.8370     5.9595    82.0700    83.7870  0.000e+00
      48298     19.500     5.9900     5.9886    3.06966    3.06814          1     3.2293     3.0482      10.55      0.550     0.4193     0.2728  3.329e+00  0.3280000    30.8834    30.8676    -0.0157    -0.0014    24.3024    24.2901     19.320     19.473    1469.83    1469.80     5.7727     5.9005    81.2850    83.0740  0.000e+00
      48325     20.000     6.0257     6.0218    3.13539    3.12829          1     3.2051     3.0265       9.98      0.489     0.4237     0.2275  3.127e+00  0.3865000    31.5820    31.5065    -0.0755    -0.0040    24.8496    24.7905     19.815     19.970    1470.86    1470.75     5.6865     5.8158    80.5110    82.2930  0.000e+00
      48359     20.500     6.0554     6.0539    3.18112    3.17946          1     3.1769     2.9996       9.45      0.353     0.3613     0.1946  2.948e+00  0.4378000    32.0640    32.0468    -0.0172    -0.0015    25.2265    25.2131     20.311     20.467    1471.59    1471.57     5.6289     5.7427    80.0070    81.6130  0.000e+00
      48387     21.000     6.0720     6.0704    3.20014    3.19923          1     3.1631     2.9826       9.06      0.387     0.3509     0.2083  2.784e+00  0.4844000    32.2603    32.2516    -0.0087    -0.0015    25.3795    25.3728     20.806     20.963    1471.92    1471.90     5.6179     5.7362    79.9850    81.6620  0.000e+00
      48411     21.500     6.0747     6.0743    3.20407    3.20392          1     3.1548     2.9737       8.59      0.485     0.3459     0.2142  2.631e+00  0.4915000    32.3014    32.3001    -0.0013    -0.0004    25.4116    25.4106     21.302     21.460    1471.99    1471.98     5.6063     5.7501    79.8460    81.8940  0.000e+00
      48437     22.000     6.0741     6.0739    3.20518    3.20491          1     3.1468     2.9677       8.04      0.485     0.3450     0.1648  2.483e+00  0.4978000    32.3140    32.3112    -0.0028    -0.0003    25.4216    25.4195     21.797     21.957    1472.01    1472.00     5.5940     5.7533    79.6770    81.9450  0.000e+00
      48470     22.500     6.0740     6.0737    3.20600    3.20569          1     3.1386     2.9608       7.46      0.388     0.3367     0.1686  2.385e+00  0.4794000    32.3231    32.3198    -0.0032    -0.0003    25.4288    25.4263     22.292     22.453    1472.03    1472.02     5.5794     5.7320    79.4740    81.6460  0.000e+00
      48504     23.000     6.0766     6.0764    3.21078    3.21057          1     3.1297     2.9524       6.96      0.343     0.3504     0.2138  2.237e+00  0.5123000    32.3736    32.3716    -0.0021    -0.0002    25.4684    25.4668     22.788     22.950    1472.11    1472.11     5.5523     5.7033    79.1200    81.2690  0.000e+00
      48538     23.500     6.0843     6.0840    3.21763    3.21750          1     3.1195     2.9433       6.47      0.360     0.3414     0.1983  2.077e+00  0.5566000    32.4426    32.4414    -0.0012    -0.0003    25.5219    25.5210     23.283     23.447    1472.24    1472.23     5.5200     5.6702    78.7090    80.8500  0.000e+00
      48573     24.000     6.0930     6.0929    3.22488    3.22494          1     3.1072     2.9325       5.97      0.335     0.3417     0.1828  1.938e+00  0.6795000    32.5150    32.5158     0.0008    -0.0001    25.5780    25.5787     23.778     23.943    1472.37    1472.37     5.4809     5.6271    78.2050    80.2920  0.000e+00
      48606     24.500     6.1029     6.1036    3.23604    3.23702          1     3.0936     2.9205       5.49      0.370     0.3274     0.2167  1.808e+00  0.7006000    32.6300    32.6402     0.0102     0.0007    25.6676    25.6755     24.274     24.440    1472.56    1472.58     5.4275     5.5707    77.5210    79.5720  0.000e+00
      48647     25.000     6.1169     6.1159    3.24788    3.24760          1     3.0670     2.8977       4.95      0.302     0.3091     0.2021  1.661e+00  0.6889000    32.7485    32.7463    -0.0022    -0.0011    25.7594    25.7578     24.769     24.936    1472.78    1472.77     5.3395     5.4716    76.3480    78.2340  0.000e+00
      48688     25.500     6.1324     6.1312    3.25476    3.25427          1     3.0410     2.8733       4.49      0.267     0.3377     0.1866  1.535e+00  1.2495000    32.8102    32.8058    -0.0044    -0.0012    25.8062    25.8028     25.264     25.433    1472.92    1472.91     5.2961     5.4242    75.7860    77.6150  0.000e+00
