ctdpy/tests/etc/exprapp_april_2020/SBE09_1387_20200415_0708_77_10_0343.cnv
* Sea-Bird SBE 9 Data File:
* FileName = L:\2020\sv20d0343.hex
* Software Version Seasave V 7.26.7.121
* Temperature SN = 6378
* Conductivity SN = 4824
* Number of Bytes Per Scan = 41
* Number of Voltage Words = 4
* Number of Scans Averaged by the Deck Unit = 1
* NMEA Latitude = 57 11.48 N
* NMEA Longitude = 011 39.54 E
* NMEA UTC (Time) = Apr 15 2020  07:08:48
* NMEA baud rate = 4800
** Station:  Fladen
** Operator:  JKro
** Ship: SVEA
** Average sound velocity: 1470.96 m/s
** True-depth calculation Wed, 15 Apr 2020 08:07:19 +0000
** CTD Python Module SMHI /ver 3-12/ feb 2012 
** LIMS Job: 20207710-0343
** Cruise: SMHI-07-2020
** Latitude [GG MM.mm N] :
** Longitude [GGG MM.mm E]:
# nquan = 30
# nvalues = 156                         
# units = specified
# name 0 = scan: Scan Count
# name 1 = prDM: Pressure, Digiquartz [db]
# name 2 = t090C: Temperature [ITS-90, deg C]
# name 3 = t190C: Temperature, 2 [ITS-90, deg C]
# name 4 = c0S/m: Conductivity [S/m]
# name 5 = c1S/m: Conductivity, 2 [S/m]
# name 6 = pumps: Pump Status
# name 7 = sbeox0V: Oxygen raw, SBE 43 [V]
# name 8 = sbeox1V: Oxygen raw, SBE 43, 2 [V]
# name 9 = altM: Altimeter [m]
# name 10 = dz/dtM: Descent Rate [m/s]
# name 11 = flECO-AFL: Chl-a Fluorescence, WET Labs ECO-AFL/FL [mg/m^3]
# name 12 = flECO-AFL1: Phycocyanin Fluorescence, WET Labs ECO-AFL/FL, 2 [mg/m^3]
# name 13 = par: PAR/Irradiance, Biospherical/Lico [µE/(cm^2*s)]
# name 14 = turbWETntu0: Turbidity, WET Labs ECO [NTU]
# name 15 = sal00: Salinity, Practical [PSU]
# name 16 = sal11: Salinity, Practical, 2 [PSU]
# name 17 = secS-priS: Salinity, Practical, Difference, 2 - 1 [PSU]
# name 18 = T2-T190C: Temperature Difference, 2 - 1 [ITS-90, deg C]
# name 19 = sigma-t00: Density [sigma-t, kg/m^3 ]
# name 20 = sigma-t11: Density, 2 [sigma-t, kg/m^3 ]
# name 21 = depSM: Depth [salt water, m], lat = 57.1913
# name 22 = depFM: Depth [true depth, m], lat = 57.1913
# name 23 = svCM: Sound Velocity [Chen-Millero, m/s]
# name 24 = svCM1: Sound Velocity, 2 [Chen-Millero, m/s]
# name 25 = sbeox0ML/L: Oxygen, SBE 43 [ml/l], WS = 2
# name 26 = sbeox1ML/L: Oxygen, SBE 43, 2 [ml/l], WS = 2
# name 27 = sbeox0PS: Oxygen, SBE 43 [% saturation], WS = 2
# name 28 = sbeox1PS: Oxygen, SBE 43, 2 [% saturation], WS = 2
# name 29 = flag: flag
# span 0 =      33040,      37503       
# span 1 =      1.500,     79.000       
# span 2 =     5.8791,     6.5290       
# span 3 =     5.8791,     6.5290       
# span 4 =   2.500010,   3.366976       
# span 5 =   2.499834,   3.366655       
# span 6 =          1,          1       
# span 7 =     3.1413,     3.6052       
# span 8 =     2.9551,     3.3859       
# span 9 =       2.43,      97.23       
# span 10 =     -0.438,      0.786      
# span 11 =     0.2582,     1.0256      
# span 12 =     0.1478,     0.3181      
# span 13 = -3.987e-12, 4.3944e+02      
# span 14 =     0.1896,     1.6950      
# span 15 =    24.2541,    33.8294      
# span 16 =    24.2528,    33.8259      
# span 17 =    -0.4757,     0.0599      
# span 18 =    -0.0111,     0.0660      
# span 19 =    19.0198,    26.5839      
# span 20 =    19.0188,    26.5812      
# span 21 =      1.486,     78.258      
# span 22 =      1.499,     78.573      
# span 23 =    1463.39,    1475.92      
# span 24 =    1463.38,    1475.91      
# span 25 =     5.5499,     6.9670      
# span 26 =     5.6867,     7.1422      
# span 27 =     80.337,     95.100      
# span 28 =     82.322,     97.480      
# span 29 = 0.0000e+00, 0.0000e+00      
# interval = decibars: 0.5              
# start_time = Apr 15 2020 07:08:49 [NMEA time, first data scan]
# bad_flag = -9.990e-29
*END*
      33040      1.500     6.5279     6.5282    2.50097    2.50088          1     3.6041     3.3857      97.23     -0.438     0.9193     0.2846  4.394e+02  0.1959000    24.2651    24.2639    -0.0012     0.0003    19.0281    19.0271      1.486      1.499    1463.39    1463.38     6.9626     7.1266    95.0400    97.2790  0.000e+00
      33064      2.000     6.5273     6.5278    2.50097    2.50085          1     3.6050     3.3856      96.24      0.016     0.8795     0.3057  3.754e+02  0.2016000    24.2653    24.2637    -0.0016     0.0005    19.0283    19.0270      1.982      1.999    1463.40    1463.40     6.9635     7.1381    95.0530    97.4350  0.000e+00
      33079      2.500     6.5273     6.5276    2.50093    2.50084          1     3.6052     3.3859      95.66      0.409     0.8618     0.2979  3.704e+02  0.2049000    24.2646    24.2635    -0.0011     0.0003    19.0278    19.0269      2.477      2.499    1463.40    1463.40     6.9621     7.1414    95.0330    97.4800  0.000e+00
      33146      3.000     6.5275     6.5275    2.50107    2.50118          1     3.6046     3.3839      93.06      0.553     0.8080     0.2780  3.347e+02  0.2201000    24.2659    24.2671     0.0012    -0.0001    19.0287    19.0297      2.972      2.999    1463.42    1463.42     6.9586     7.1372    94.9870    97.4240  0.000e+00
      33204      3.500     6.5276     6.5276    2.50096    2.50083          1     3.6040     3.3824      93.21      0.669     0.8309     0.2862  2.725e+02  0.2254000    24.2645    24.2631    -0.0014    -0.0000    19.0276    19.0266      3.468      3.498    1463.42    1463.42     6.9594     7.1365    94.9960    97.4120  0.000e+00
      33273      4.000     6.5281     6.5280    2.50103    2.50101          1     3.6042     3.3833      93.09      0.320     0.8954     0.3174  2.017e+02  0.2164000    24.2646    24.2645    -0.0001    -0.0001    19.0277    19.0277      3.963      3.998    1463.43    1463.43     6.9600     7.1334    95.0050    97.3720  0.000e+00
      33333      4.500     6.5286     6.5285    2.50119    2.50110          1     3.6032     3.3831      93.42      0.273     0.9431     0.3090  2.167e+02  0.2143000    24.2658    24.2649    -0.0009    -0.0001    19.0286    19.0279      4.459      4.498    1463.44    1463.44     6.9489     7.1271    94.8560    97.2880  0.000e+00
      33348      5.000     6.5290     6.5290    2.50160    2.50127          1     3.6020     3.3826      88.92      0.544     0.8775     0.2915  1.714e+02  0.2474000    24.2697    24.2662    -0.0035    -0.0000    19.0316    19.0288      4.954      4.998    1463.46    1463.45     6.9441     7.1272    94.7930    97.2910  0.000e+00
      33377      5.500     6.5257     6.5266    2.50142    2.50128          1     3.6008     3.3824      92.45      0.557     0.9371     0.2862  1.523e+02  0.2275000    24.2698    24.2678    -0.0020     0.0009    19.0321    19.0304      5.449      5.497    1463.45    1463.46     6.9484     7.1327    94.8450    97.3620  0.000e+00
      33449      6.000     6.5265     6.5252    2.50137    2.50118          1     3.6038     3.3828      93.79      0.111     0.9845     0.2994  1.656e+02  0.2098000    24.2686    24.2675    -0.0011    -0.0013    19.0310    19.0303      5.945      5.997    1463.46    1463.46     6.9670     7.1290    95.1000    97.3080  0.000e+00
      33469      6.500     6.5230     6.5225    2.50146    2.50149          1     3.6042     3.3821      93.31      0.435     0.9539     0.2768  1.295e+02  0.2110000    24.2719    24.2726     0.0007    -0.0005    19.0340    19.0346      6.440      6.497    1463.46    1463.46     6.9636     7.1313    95.0480    97.3360  0.000e+00
      33489      7.000     6.5225     6.5220    2.50150    2.50130          1     3.6042     3.3820      92.70      0.580     0.9662     0.2727  1.095e+02  0.2148000    24.2725    24.2707    -0.0018    -0.0005    19.0345    19.0331      6.935      6.997    1463.47    1463.46     6.9584     7.1344    94.9770    97.3760  0.000e+00
      33521      7.500     6.5221     6.5218    2.50136    2.50116          1     3.6028     3.3822      84.91      0.473     0.9892     0.2816  9.941e+01  0.2125000    24.2711    24.2692    -0.0019    -0.0003    19.0335    19.0320      7.431      7.496    1463.47    1463.47     6.9544     7.1362    94.9200    97.3990  0.000e+00
      33578      8.000     6.5233     6.5236    2.50061    2.50034          1     3.6010     3.3824      94.62      0.158     1.0256     0.2653  8.883e+01  0.2073000    24.2620    24.2589    -0.0031     0.0003    19.0262    19.0237      7.926      7.996    1463.48    1463.47     6.9564     7.1403    94.9440    97.4530  0.000e+00
      33600      8.500     6.5248     6.5245    2.50002    2.49983          1     3.6017     3.3829      93.96      0.395     0.9853     0.2695  8.046e+01  0.2200000    24.2546    24.2528    -0.0018    -0.0003    19.0201    19.0188      8.422      8.496    1463.48    1463.48     6.9614     7.1370    95.0110    97.4050  0.000e+00
      33621      9.000     6.5247     6.5245    2.50003    2.49998          1     3.6024     3.3823      93.90      0.551     0.9862     0.2792  6.888e+01  0.2517000    24.2545    24.2542    -0.0004    -0.0003    19.0201    19.0199      8.917      8.996    1463.49    1463.49     6.9611     7.1313    95.0070    97.3290  0.000e+00
      33662      9.500     6.5247     6.5245    2.50001    2.49989          1     3.6008     3.3814      93.98      0.343     0.9731     0.2689  6.323e+01  0.2200000    24.2541    24.2530    -0.0011    -0.0002    19.0198    19.0189      9.412      9.495    1463.49    1463.49     6.9514     7.1322    94.8740    97.3410  0.000e+00
      33706     10.000     6.5246     6.5245    2.50010    2.49999          1     3.5991     3.3813      94.06      0.236     0.9545     0.3181  6.249e+01  0.2141000    24.2550    24.2539    -0.0011    -0.0001    19.0205    19.0197      9.908      9.995    1463.50    1463.50     6.9555     7.1385    94.9300    97.4270  0.000e+00
      33725     10.500     6.5246     6.5243    2.50015    2.50002          1     3.6001     3.3816      93.88      0.458     0.9558     0.2810  5.846e+01  0.2207000    24.2553    24.2542    -0.0011    -0.0003    19.0208    19.0199     10.403     10.495    1463.51    1463.51     6.9634     7.1422    95.0390    97.4780  0.000e+00
      33742     11.000     6.5246     6.5243    2.50023    2.50015          1     3.6013     3.3822      93.62      0.631     0.9502     0.2804  4.981e+01  0.2759000    24.2560    24.2553    -0.0007    -0.0002    19.0213    19.0208     10.898     10.995    1463.52    1463.52     6.9599     7.1407    94.9910    97.4580  0.000e+00
      33768     11.500     6.5242     6.5244    2.50035    2.50013          1     3.5997     3.3815      85.06      0.574     0.9536     0.2275  4.151e+01  0.2445000    24.2574    24.2549    -0.0024     0.0002    19.0224    19.0205     11.394     11.494    1463.53    1463.53     6.9485     7.1314    94.8350    97.3310  0.000e+00
      33814     12.000     6.5241     6.5234    2.50032    2.50063          1     3.5976     3.3807      94.79      0.194     0.9663     0.2936  3.565e+01  0.2496000    24.2569    24.2607     0.0038    -0.0007    19.0221    19.0252     11.889     11.994    1463.54    1463.54     6.9509     7.1346    94.8680    97.3760  0.000e+00
      33836     12.500     6.5238     6.5237    2.50061    2.50041          1     3.5980     3.3802      93.19      0.368     0.9716     0.2291  3.579e+01  0.2168000    24.2600    24.2580    -0.0020    -0.0001    19.0245    19.0230     12.385     12.494    1463.55    1463.54     6.9492     7.1265    94.8460    97.2640  0.000e+00
      33852     13.000     6.5233     6.5232    2.50102    2.50084          1     3.5970     3.3795      91.72      0.575     0.9632     0.2945  3.225e+01  0.2235000    24.2646    24.2627    -0.0019    -0.0001    19.0282    19.0267     12.880     12.994    1463.56    1463.56     6.9453     7.1245    94.7940    97.2390  0.000e+00
      33868     13.500     6.5232     6.5240    2.50146    2.50044          1     3.5967     3.3789      96.80      0.727     0.9407     0.2879  2.630e+01  0.2236000    24.2692    24.2577    -0.0115     0.0008    19.0318    19.0227     13.375     13.494    1463.57    1463.56     6.9489     7.1294    94.8460    97.3040  0.000e+00
      33893     14.000     6.5196     6.5186    2.50473    2.50571          1     3.5969     3.3791      96.96      0.618     0.9629     0.2873  2.531e+01  0.2360000    24.3064    24.3174     0.0111    -0.0010    19.0615    19.0703     13.871     13.993    1463.61    1463.62     6.9490     7.1324    94.8620    97.3720  0.000e+00
      33932     14.500     6.5211     6.5198    2.50318    2.50409          1     3.5954     3.3788      96.56      0.293     0.9575     0.2833  2.072e+01  0.2196000    24.2886    24.2992     0.0106    -0.0013    19.0473    19.0558     14.366     14.493    1463.60    1463.61     6.9408     7.1262    94.7430    97.2780  0.000e+00
      33958     15.000     6.5132     6.5124    2.51149    2.51223          1     3.5948     3.3778      96.95      0.370     0.9588     0.2232  1.979e+01  0.2204000    24.3825    24.3910     0.0085    -0.0008    19.1220    19.1288     14.861     14.993    1463.70    1463.71     6.9432     7.1199    94.8160    97.2330  0.000e+00
      33978     15.500     6.5127     6.5120    2.51188    2.51225          1     3.5948     3.3775      96.96      0.534     0.9549     0.2574  1.714e+01  0.2256000    24.3868    24.3913     0.0044    -0.0007    19.1255    19.1290     15.357     15.492    1463.71    1463.71     6.9421     7.1194    94.8030    97.2260  0.000e+00
      33999     16.000     6.5159     6.5165    2.51038    2.50938          1     3.5939     3.3762      96.95      0.600     0.9564     0.2558  1.500e+01  0.2295000    24.3685    24.3573    -0.0112     0.0007    19.1107    19.1019     15.852     15.992    1463.71    1463.70     6.9272     7.0993    94.5950    96.9400  0.000e+00
      34026     16.500     6.5131     6.5118    2.51371    2.51457          1     3.5885     3.3714      96.96      0.496     0.9747     0.2848  1.443e+01  0.2317000    24.4058    24.4158     0.0100    -0.0013    19.1403    19.1484     16.348     16.492    1463.75    1463.76     6.9008     7.0676    94.2520    96.5340  0.000e+00
      34055     17.000     6.4922     6.4932    2.53438    2.53300          1     3.5824     3.3658      96.97      0.406     0.9783     0.3020  1.409e+01  0.2384000    24.6410    24.6255    -0.0155     0.0010    19.3276    19.3153     16.843     16.992    1463.97    1463.95     6.8776     7.0524    94.0350    96.4170  0.000e+00
      34078     17.500     6.4744     6.4744    2.54763    2.54714          1     3.5759     3.3620      96.97      0.465     0.9691     0.2882  1.188e+01  0.2430000    24.7952    24.7900    -0.0051    -0.0000    19.4508    19.4467     17.338     17.491    1464.10    1464.09     6.8356     7.0270    93.5160    96.1300  0.000e+00
      34103     18.000     6.4724     6.4720    2.54899    2.54893          1     3.5618     3.3544      96.96      0.511     0.9515     0.2817  1.021e+01  0.2474000    24.8110    24.8106    -0.0004    -0.0004    19.4635    19.4632     17.834     17.991    1464.12    1464.12     6.7424     6.9470    92.2460    95.0440  0.000e+00
      34131     18.500     6.4678     6.4732    2.55220    2.54774          1     3.5265     3.3322      96.96      0.452     0.9255     0.2748  9.501e+00  0.2643000    24.8485    24.7969    -0.0516     0.0055    19.4934    19.4522     18.329     18.490    1464.15    1464.11     6.5699     6.7522    89.8980    92.3730  0.000e+00
      34161     19.000     6.3704     6.3995    2.62383    2.60249          1     3.4711     3.2863      96.97      0.394     0.8532     0.2849  9.113e+00  0.3191000    25.6897    25.4382    -0.2515     0.0291    20.1660    19.9648     18.824     18.990    1464.82    1464.63     6.3604     6.4636    87.3150    88.6440  0.000e+00
      34182     19.500     6.2724     6.2784    2.69043    2.68880          1     3.4279     3.2449      96.95      0.450     0.7597     0.2530  9.245e+00  0.3793000    26.4831    26.4610    -0.0221     0.0060    20.8013    20.7832     19.320     19.489    1465.43    1465.43     6.2540     6.3262    86.1060    87.0990  0.000e+00
      34199     20.000     6.0102     6.0086    2.85707    2.86098          1     3.3991     3.2153      96.95      0.595     0.6873     0.2066  8.577e+00  0.4066000    28.5138    28.5579     0.0442    -0.0016    22.4306    22.4656     19.815     19.987    1466.93    1466.98     6.1744     6.2624    85.6280    86.8690  0.000e+00
      34217     20.500     5.9323     5.9307    2.89573    2.89653          1     3.3730     3.1921      96.95      0.700     0.4777     0.1819  7.391e+00  0.4414000    29.0058    29.0159     0.0101    -0.0015    22.8274    22.8356     20.310     20.485    1467.24    1467.25     6.1469     6.2925    85.3660    87.3910  0.000e+00
      34250     21.000     5.9118     5.9778    2.90529    2.86712          1     3.3393     3.1627      96.95      0.458     0.4142     0.1935  5.932e+00  0.3118000    29.1287    28.6530    -0.4757     0.0660    22.9267    22.5441     20.806     20.983    1467.32    1466.99     6.1176     6.2812    84.9870    87.1220  0.000e+00
      34289     21.500     5.8940     5.8875    2.92387    2.92362          1     3.3111     3.1323      78.29      0.259     0.3949     0.2260  5.890e+00  0.2002000    29.3497    29.3521     0.0025    -0.0065    23.1030    23.1057     21.301     21.481    1467.54    1467.52     6.0892     6.2222    84.6820    86.5190  0.000e+00
      34308     22.000     5.8791     5.8791    2.96319    2.96273          1     3.3025     3.1199      92.54      0.436     0.3764     0.2067  5.824e+00  0.1897000    29.7984    29.7932    -0.0051    -0.0000    23.4588    23.4548     21.796     21.978    1468.05    1468.05     6.0671     6.1998    84.5970    86.4440  0.000e+00
      34323     22.500     5.8875     5.8872    2.96978    2.96947          1     3.2963     3.1124      96.84      0.624     0.3761     0.2071  5.362e+00  0.1896000    29.8639    29.8608    -0.0031    -0.0003    23.5096    23.5072     22.292     22.476    1468.18    1468.17     6.0596     6.2071    84.5450    86.6010  0.000e+00
      34342     23.000     5.8942     5.8949    2.97377    2.97402          1     3.2909     3.1060      96.88      0.717     0.3957     0.1938  4.795e+00  0.1990000    29.9021    29.9042     0.0022     0.0007    23.5390    23.5406     22.787     22.974    1468.26    1468.27     6.0535     6.1998    84.4950    86.5400  0.000e+00
      34376     23.500     5.9028     5.9033    2.97303    2.97084          1     3.2799     3.0913      96.87      0.439     0.3844     0.1834  4.325e+00  0.2345000    29.8861    29.8613    -0.0248     0.0006    23.5253    23.5057     23.282     23.471    1468.28    1468.25     6.0085     6.1342    83.8750    85.6160  0.000e+00
      34417     24.000     5.9186     5.9247    2.98899    2.99487          1     3.2590     3.0677      96.87      0.259     0.3801     0.2149  4.108e+00  0.2577000    30.0489    30.1088     0.0599     0.0061    23.6521    23.6987     23.778     23.969    1468.56    1468.66     5.9353     6.0427    82.9740    84.5200  0.000e+00
      34440     24.500     5.9571     5.9591    3.04648    3.05173          1     3.2470     3.0558      87.50      0.403     0.3712     0.2094  4.140e+00  0.3896000    30.6532    30.7098     0.0566     0.0020    24.1246    24.1690     24.273     24.466    1469.49    1469.57     5.8846     6.0202    82.6700    84.6110  0.000e+00
      34456     25.000     6.0047     6.0033    3.13666    3.13434          1     3.2398     3.0508      66.83      0.576     0.3526     0.1602  3.812e+00  0.3634000    31.6134    31.5888    -0.0247    -0.0013    24.8770    24.8577     24.768     24.963    1470.90    1470.86     5.8340     5.9971    82.5760    84.8690  0.000e+00
