ctdpy/tests/etc/exprapp_april_2020/SBE09_1387_20200418_0846_77_10_0356.cnv
* Sea-Bird SBE 9 Data File:
* FileName = L:\2020\sv20d0356.hex
* Software Version Seasave V 7.26.7.121
* Temperature SN = 6378
* Conductivity SN = 4824
* Number of Bytes Per Scan = 41
* Number of Voltage Words = 4
* Number of Scans Averaged by the Deck Unit = 1
* NMEA Latitude = 57 59.96 N
* NMEA Longitude = 019 52.80 E
* NMEA UTC (Time) = Apr 18 2020  08:46:28
* NMEA baud rate = 4800
** Station:  BY20
** Operator:  SSip
** Ship: SVEA
** Average sound velocity: 1445.98 m/s
** True-depth calculation Sat, 18 Apr 2020 10:07:50 +0000
** CTD Python Module SMHI /ver 3-12/ feb 2012 
** LIMS Job: 20207710-0356
** Cruise: SMHI-07-2020
** Latitude [GG MM.mm N] :
** Longitude [GGG MM.mm E]:
# nquan = 30
# nvalues = 378                         
# units = specified
# name 0 = scan: Scan Count
# name 1 = prDM: Pressure, Digiquartz [db]
# name 2 = t090C: Temperature [ITS-90, deg C]
# name 3 = t190C: Temperature, 2 [ITS-90, deg C]
# name 4 = c0S/m: Conductivity [S/m]
# name 5 = c1S/m: Conductivity, 2 [S/m]
# name 6 = pumps: Pump Status
# name 7 = sbeox0V: Oxygen raw, SBE 43 [V]
# name 8 = sbeox1V: Oxygen raw, SBE 43, 2 [V]
# name 9 = altM: Altimeter [m]
# name 10 = dz/dtM: Descent Rate [m/s]
# name 11 = flECO-AFL: Chl-a Fluorescence, WET Labs ECO-AFL/FL [mg/m^3]
# name 12 = flECO-AFL1: Phycocyanin Fluorescence, WET Labs ECO-AFL/FL, 2 [mg/m^3]
# name 13 = par: PAR/Irradiance, Biospherical/Lico [µE/(cm^2*s)]
# name 14 = turbWETntu0: Turbidity, WET Labs ECO [NTU]
# name 15 = sal00: Salinity, Practical [PSU]
# name 16 = sal11: Salinity, Practical, 2 [PSU]
# name 17 = secS-priS: Salinity, Practical, Difference, 2 - 1 [PSU]
# name 18 = T2-T190C: Temperature Difference, 2 - 1 [ITS-90, deg C]
# name 19 = sigma-t00: Density [sigma-t, kg/m^3 ]
# name 20 = sigma-t11: Density, 2 [sigma-t, kg/m^3 ]
# name 21 = depSM: Depth [salt water, m], lat = 57.9993
# name 22 = depFM: Depth [true depth, m], lat = 57.9993
# name 23 = svCM: Sound Velocity [Chen-Millero, m/s]
# name 24 = svCM1: Sound Velocity, 2 [Chen-Millero, m/s]
# name 25 = sbeox0ML/L: Oxygen, SBE 43 [ml/l], WS = 2
# name 26 = sbeox1ML/L: Oxygen, SBE 43, 2 [ml/l], WS = 2
# name 27 = sbeox0PS: Oxygen, SBE 43 [% saturation], WS = 2
# name 28 = sbeox1PS: Oxygen, SBE 43, 2 [% saturation], WS = 2
# name 29 = flag: flag
# span 0 =      14760,      27713       
# span 1 =      1.500,    190.000       
# span 2 =     4.5421,     7.3196       
# span 3 =     4.5413,     7.3192       
# span 4 =   0.780541,   1.391829       
# span 5 =   0.780597,   1.392137       
# span 6 =          1,          1       
# span 7 =     0.7396,     3.7923       
# span 8 =     0.7230,     3.5346       
# span 9 =       3.59,      97.43       
# span 10 =     -0.308,      0.742      
# span 11 =     0.3230,     2.5335      
# span 12 =     0.1180,     0.6482      
# span 13 = -6.612e-06, 1.5688e+03      
# span 14 =     0.0939,     1.0309      
# span 15 =     7.2131,    12.4935      
# span 16 =     7.2134,    12.4964      
# span 17 =    -0.0116,     0.0236      
# span 18 =    -0.0062,     0.0071      
# span 19 =     5.7077,     9.7169      
# span 20 =     5.7081,     9.7193      
# span 21 =      1.486,    188.153      
# span 22 =      1.519,    191.984      
# span 23 =    1434.36,    1454.88      
# span 24 =    1434.35,    1454.88      
# span 25 =     0.0379,     8.6839      
# span 26 =     0.0651,     8.8364      
# span 27 =      0.488,    101.626      
# span 28 =      0.837,    103.409      
# span 29 = 0.0000e+00, 0.0000e+00      
# interval = decibars: 0.5              
# start_time = Apr 18 2020 08:46:28 [NMEA time, first data scan]
# bad_flag = -9.990e-29
*END*
[from data line 242]
      21197    122.500     7.3182     7.3181    1.36265    1.36295          1     0.7470     0.7338      73.19      0.480     0.4027     0.1987  1.000e-12  0.4777000    12.2134    12.2165     0.0030    -0.0001     9.4952     9.4976    121.329    123.889    1453.55    1453.56     0.0562     0.0975     0.7230     1.2530  0.000e+00
      21219    123.000     7.3196     7.3192    1.36301    1.36326          1     0.7469     0.7337      72.66      0.545     0.3984     0.2155  1.000e-12  0.4755000    12.2164    12.2190     0.0026    -0.0003     9.4973     9.4994    121.824    124.394    1453.57    1453.57     0.0574     0.0942     0.7380     1.2110  0.000e+00
      21246    123.500     7.3170     7.3166    1.36352    1.36378          1     0.7471     0.7336      72.07      0.497     0.3952     0.2261  1.000e-12  0.4859000    12.2221    12.2248     0.0027    -0.0005     9.5021     9.5042    122.319    124.898    1453.58    1453.58     0.0577     0.0952     0.7420     1.2230  0.000e+00
      21276    124.000     7.3067     7.3055    1.36371    1.36396          1     0.7470     0.7339      71.57      0.410     0.4026     0.2281  1.000e-12  0.4898000    12.2276    12.2304     0.0028    -0.0012     9.5073     9.5095    122.814    125.403    1453.55    1453.55     0.0574     0.0964     0.7380     1.2390  0.000e+00
      21304    124.500     7.2972     7.2966    1.36396    1.36422          1     0.7470     0.7335      71.08      0.404     0.3942     0.1947  1.000e-12  0.4921000    12.2332    12.2359     0.0028    -0.0006     9.5124     9.5146    123.309    125.907    1453.52    1453.53     0.0570     0.0906     0.7330     1.1640  0.000e+00
      21329    125.000     7.2928     7.2923    1.36410    1.36436          1     0.7471     0.7332      70.50      0.455     0.4005     0.1900  1.000e-12  0.5124000    12.2361    12.2388     0.0027    -0.0005     9.5150     9.5172    123.804    126.412    1453.52    1453.52     0.0576     0.0952     0.7400     1.2230  0.000e+00
      21350    125.500     7.2818     7.2814    1.36469    1.36497          1     0.7471     0.7336      69.98      0.526     0.4020     0.1801  1.000e-12  0.5696000    12.2456    12.2484     0.0028    -0.0004     9.5234     9.5257    124.299    126.916    1453.49    1453.50     0.0584     0.0954     0.7500     1.2250  0.000e+00
      21370    126.000     7.2774     7.2770    1.36505    1.36531          1     0.7472     0.7334      69.57      0.577     0.4031     0.1929  1.000e-12  0.5882000    12.2505    12.2532     0.0026    -0.0004     9.5277     9.5298    124.794    127.421    1453.49    1453.49     0.0576     0.0921     0.7390     1.1820  0.000e+00
      21395    126.500     7.2761     7.2754    1.36517    1.36544          1     0.7471     0.7330      69.02      0.539     0.4084     0.2361  1.000e-12  0.5647000    12.2520    12.2549     0.0029    -0.0007     9.5290     9.5313    125.289    127.925    1453.49    1453.50     0.0571     0.0920     0.7330     1.1810  0.000e+00
      21426    127.000     7.2728     7.2723    1.36534    1.36561          1     0.7468     0.7329      68.49      0.407     0.4067     0.2050  1.000e-12  0.6494000    12.2547    12.2576     0.0028    -0.0006     9.5314     9.5337    125.784    128.430    1453.49    1453.49     0.0552     0.0925     0.7090     1.1880  0.000e+00
      21456    127.500     7.2699     7.2693    1.36555    1.36584          1     0.7467     0.7329      68.17      0.385     0.4038     0.1821  1.000e-12  0.5834000    12.2577    12.2608     0.0031    -0.0007     9.5340     9.5364    126.279    128.934    1453.49    1453.49     0.0565     0.0925     0.7260     1.1870  0.000e+00
      21478    128.000     7.2683     7.2680    1.36574    1.36601          1     0.7465     0.7328      67.61      0.471     0.4108     0.2084  1.000e-12  0.5458000    12.2600    12.2627     0.0027    -0.0003     9.5359     9.5381    126.775    129.438    1453.50    1453.50     0.0549     0.0924     0.7050     1.1870  0.000e+00
      21500    128.500     7.2670     7.2666    1.36594    1.36621          1     0.7465     0.7327      67.03      0.547     0.4123     0.2308  1.000e-12  0.5465000    12.2623    12.2652     0.0028    -0.0004     9.5378     9.5401    127.270    129.943    1453.50    1453.50     0.0564     0.0925     0.7250     1.1880  0.000e+00
      21525    129.000     7.2656     7.2654    1.36616    1.36644          1     0.7464     0.7328      66.44      0.524     0.4150     0.2160  1.000e-12  0.5407000    12.2649    12.2677     0.0028    -0.0003     9.5400     9.5422    127.765    130.447    1453.51    1453.51     0.0546     0.0926     0.7010     1.1890  0.000e+00
      21555    129.500     7.2646     7.2642    1.36651    1.36678          1     0.7463     0.7327      65.86      0.414     0.4060     0.2109  1.000e-12  0.5461000    12.2685    12.2712     0.0027    -0.0003     9.5429     9.5451    128.260    130.952    1453.52    1453.52     0.0556     0.0922     0.7140     1.1840  0.000e+00
      21584    130.000     7.2633     7.2630    1.36684    1.36715          1     0.7463     0.7327      65.46      0.398     0.4232     0.2134  1.000e-12  0.5531000    12.2721    12.2752     0.0031    -0.0003     9.5458     9.5483    128.755    131.456    1453.52    1453.53     0.0552     0.0922     0.7090     1.1840  0.000e+00
      21608    130.500     7.2607     7.2601    1.36736    1.36766          1     0.7462     0.7325      65.06      0.465     0.4138     0.2186  1.000e-12  0.5187000    12.2780    12.2811     0.0031    -0.0006     9.5507     9.5531    129.250    131.961    1453.53    1453.53     0.0550     0.0914     0.7060     1.1740  0.000e+00
      21631    131.000     7.2599     7.2597    1.36774    1.36804          1     0.7462     0.7325      64.04      0.510     0.3920     0.2205  1.000e-12  0.5408000    12.2818    12.2848     0.0030    -0.0003     9.5537     9.5561    129.745    132.465    1453.54    1453.54     0.0548     0.0896     0.7030     1.1500  0.000e+00
      21655    131.500     7.2607     7.2606    1.36823    1.36852          1     0.7461     0.7321      63.90      0.509     0.4047     0.1895  1.000e-12  0.5420000    12.2863    12.2892     0.0029    -0.0002     9.5571     9.5594    130.240    132.970    1453.55    1453.56     0.0551     0.0894     0.7080     1.1480  0.000e+00
      21679    132.000     7.2601     7.2594    1.36848    1.36873          1     0.7461     0.7323      63.02      0.502     0.4058     0.2572  1.000e-12  0.5371000    12.2888    12.2915     0.0027    -0.0007     9.5592     9.5614    130.735    133.474    1453.56    1453.56     0.0546     0.0917     0.7020     1.1780  0.000e+00
      21704    132.500     7.2498     7.2491    1.36818    1.36843          1     0.7461     0.7319      61.49      0.488     0.4110     0.2244  1.000e-12  0.5473000    12.2894    12.2921     0.0027    -0.0007     9.5605     9.5627    131.230    133.979    1453.53    1453.53     0.0554     0.0865     0.7110     1.1110  0.000e+00
      21732    133.000     7.2451     7.2449    1.36808    1.36837          1     0.7461     0.7317      61.67      0.452     0.4040     0.2570  1.000e-12  0.5030000    12.2901    12.2929     0.0029    -0.0002     9.5614     9.5637    131.725    134.483    1453.52    1453.52     0.0547     0.0884     0.7020     1.1350  0.000e+00
      21759    133.500     7.2539     7.2551    1.36873    1.36909          1     0.7460     0.7316      61.41      0.429     0.4041     0.2283  1.000e-12  0.4963000    12.2931    12.2963     0.0031     0.0012     9.5631     9.5654    132.220    134.987    1453.57    1453.57     0.0549     0.0898     0.7050     1.1520  0.000e+00
      21784    134.000     7.2596     7.2595    1.36927    1.36958          1     0.7461     0.7316      61.29      0.458     0.4135     0.1876  1.000e-12  0.5186000    12.2963    12.2993     0.0030    -0.0001     9.5651     9.5674    132.715    135.492    1453.60    1453.60     0.0552     0.0895     0.7100     1.1500  0.000e+00
      21805    134.500     7.2658     7.2655    1.37021    1.37056          1     0.7461     0.7316      60.96      0.527     0.3913     0.2053  1.000e-12  0.5187000    12.3031    12.3066     0.0035    -0.0003     9.5699     9.5727    133.210    135.996    1453.64    1453.65     0.0550     0.0896     0.7070     1.1510  0.000e+00
      21829    135.000     7.2345     7.2320    1.36957    1.36973          1     0.7461     0.7316      60.44      0.545     0.4028     0.1799  1.000e-12  0.5389000    12.3079    12.3104     0.0025    -0.0025     9.5763     9.5784    133.705    136.501    1453.53    1453.52     0.0551     0.0901     0.7070     1.1560  0.000e+00
      21860    135.500     7.2018     7.1999    1.36828    1.36850          1     0.7460     0.7316      59.80      0.421     0.4070     0.2175  1.000e-12  0.4277000    12.3069    12.3096     0.0028    -0.0019     9.5782     9.5806    134.200    137.005    1453.40    1453.40     0.0548     0.0892     0.7030     1.1450  0.000e+00
      21892    136.000     7.1984     7.1984    1.36840    1.36869          1     0.7460     0.7316      59.25      0.349     0.3910     0.2304  1.000e-12  0.3884000    12.3091    12.3120     0.0028    -0.0000     9.5803     9.5825    134.695    137.510    1453.40    1453.40     0.0547     0.0894     0.7010     1.1470  0.000e+00
      21915    136.500     7.2007     7.2004    1.36876    1.36905          1     0.7460     0.7315      58.76      0.455     0.4088     0.1897  1.000e-12  0.4032000    12.3117    12.3147     0.0030    -0.0003     9.5821     9.5845    135.190    138.014    1453.42    1453.42     0.0543     0.0887     0.6970     1.1380  0.000e+00
      21935    137.000     7.2042     7.2041    1.36910    1.36938          1     0.7458     0.7315      58.26      0.556     0.4167     0.1914  1.000e-12  0.4132000    12.3137    12.3165     0.0028    -0.0002     9.5834     9.5856    135.685    138.519    1453.44    1453.45     0.0539     0.0892     0.6910     1.1440  0.000e+00
      21958    137.500     7.2056     7.2055    1.36924    1.36952          1     0.7457     0.7314      57.78      0.560     0.4225     0.2436  1.000e-12  0.4246000    12.3145    12.3172     0.0027    -0.0001     9.5839     9.5861    136.180    139.023    1453.46    1453.46     0.0531     0.0887     0.6800     1.1380  0.000e+00
      21987    138.000     7.2073     7.2072    1.36938    1.36966          1     0.7456     0.7315      57.12      0.452     0.4116     0.2031  1.000e-12  0.4265000    12.3152    12.3179     0.0028    -0.0001     9.5843     9.5865    136.675    139.527    1453.47    1453.48     0.0533     0.0894     0.6840     1.1460  0.000e+00
      22018    138.500     7.2074     7.2071    1.36943    1.36971          1     0.7454     0.7312      56.56      0.379     0.4192     0.2535  1.000e-12  0.4317000    12.3155    12.3183     0.0028    -0.0002     9.5846     9.5868    137.171    140.032    1453.48    1453.49     0.0525     0.0867     0.6740     1.1120  0.000e+00
      22043    139.000     7.2056     7.2053    1.36942    1.36970          1     0.7453     0.7312      56.13      0.430     0.4156     0.1735  1.000e-12  0.4317000    12.3159    12.3188     0.0028    -0.0003     9.5850     9.5873    137.666    140.536    1453.48    1453.49     0.0526     0.0880     0.6750     1.1280  0.000e+00
      22064    139.500     7.2135     7.2135    1.37010    1.37042          1     0.7453     0.7310      55.68      0.528     0.4054     0.2507  1.000e-12  0.4433000    12.3197    12.3228     0.0031    -0.0001     9.5873     9.5898    138.160    141.041    1453.53    1453.53     0.0528     0.0843     0.6780     1.0810  0.000e+00
      22084    140.000     7.2184     7.2181    1.37080    1.37110          1     0.7452     0.7307      55.16      0.587     0.4147     0.2239  1.000e-12  0.4792000    12.3246    12.3277     0.0031    -0.0003     9.5908     9.5932    138.656    141.545    1453.56    1453.57     0.0521     0.0876     0.6680     1.1240  0.000e+00
      22109    140.500     7.2171     7.2169    1.37119    1.37148          1     0.7451     0.7309      54.59      0.531     0.4238     0.2368  1.000e-12  0.5204000    12.3288    12.3317     0.0029    -0.0002     9.5941     9.5965    139.151    142.050    1453.57    1453.57     0.0524     0.0861     0.6730     1.1050  0.000e+00
      22138    141.000     7.2158     7.2155    1.37141    1.37170          1     0.7452     0.7306      54.02      0.429     0.4104     0.1920  1.000e-12  0.4654000    12.3313    12.3342     0.0029    -0.0004     9.5962     9.5985    139.646    142.554    1453.58    1453.58     0.0530     0.0874     0.6800     1.1220  0.000e+00
      22166    141.500     7.2130     7.2125    1.37170    1.37198          1     0.7450     0.7309      53.55      0.414     0.4163     0.1709  1.000e-12  0.4579000    12.3350    12.3380     0.0030    -0.0005     9.5993     9.6017    140.141    143.058    1453.58    1453.58     0.0513     0.0867     0.6590     1.1120  0.000e+00
      22191    142.000     7.2091     7.2088    1.37190    1.37219          1     0.7449     0.7303      53.11      0.464     0.4209     0.2078  1.000e-12  0.4941000    12.3382    12.3412     0.0030    -0.0003     9.6022     9.6046    140.636    143.563    1453.57    1453.58     0.0517     0.0833     0.6640     1.0690  0.000e+00
      22214    142.500     7.2091     7.2088    1.37214    1.37242          1     0.7449     0.7304      52.58      0.506     0.4131     0.2313  1.000e-12  0.4861000    12.3405    12.3434     0.0029    -0.0003     9.6040     9.6063    141.131    144.067    1453.58    1453.59     0.0520     0.0857     0.6670     1.0990  0.000e+00
      22239    143.000     7.2129     7.2129    1.37263    1.37294          1     0.7449     0.7303      52.05      0.504     0.4140     0.2122  1.000e-12  0.4204000    12.3438    12.3468     0.0030     0.0000     9.6063     9.6086    141.626    144.572    1453.61    1453.62     0.0512     0.0861     0.6570     1.1050  0.000e+00
      22268    143.500     7.2190     7.2191    1.37306    1.37337          1     0.7448     0.7303      51.54      0.445     0.4212     0.2086  1.000e-12  0.4231000    12.3458    12.3487     0.0029     0.0001     9.6073     9.6096    142.121    145.076    1453.65    1453.65     0.0519     0.0853     0.6660     1.0940  0.000e+00
      22298    144.000     7.2299     7.2301    1.37402    1.37434          1     0.7446     0.7302      50.98      0.384     0.4174     0.1866  1.000e-12  0.4490000    12.3511    12.3541     0.0030     0.0002     9.6105     9.6129    142.616    145.581    1453.71    1453.71     0.0504     0.0860     0.6470     1.1040  0.000e+00
      22324    144.500     7.2316     7.2313    1.37427    1.37457          1     0.7447     0.7302      49.30      0.430     0.4167     0.1757  1.000e-12  0.4505000    12.3528    12.3558     0.0030    -0.0003     9.6117     9.6141    143.111    146.085    1453.73    1453.73     0.0518     0.0856     0.6650     1.0980  0.000e+00
      22345    145.000     7.2280     7.2273    1.37439    1.37468          1     0.7447     0.7302      46.01      0.520     0.4086     0.2148  1.000e-12  0.4750000    12.3552    12.3582     0.0030    -0.0008     9.6139     9.6164    143.606    146.589    1453.72    1453.72     0.0508     0.0856     0.6520     1.0990  0.000e+00
      22366    145.500     7.2209     7.2209    1.37434    1.37463          1     0.7445     0.7302      47.45      0.573     0.4165     0.2173  1.000e-12  0.4515000    12.3571    12.3600     0.0029     0.0000     9.6161     9.6183    144.101    147.094    1453.70    1453.71     0.0510     0.0846     0.6540     1.0860  0.000e+00
      22392    146.000     7.2256     7.2259    1.37473    1.37504          1     0.7446     0.7301      47.96      0.509     0.4190     0.1889  1.000e-12  0.4232000    12.3591    12.3620     0.0029     0.0003     9.6172     9.6195    144.596    147.598    1453.73    1453.74     0.0507     0.0843     0.6500     1.0830  0.000e+00
