ctdpy/tests/etc/exprapp_april_2020/SBE09_1387_20200414_1911_77_10_0340.cnv
* Sea-Bird SBE 9 Data File:
* FileName = L:\2020\sv20d0340.hex
* Software Version Seasave V 7.26.7.121
* Temperature SN = 6378
* Conductivity SN = 4824
* Number of Bytes Per Scan = 41
* Number of Voltage Words = 4
* Number of Scans Averaged by the Deck Unit = 1
* NMEA Latitude = 58 16.05 N
* NMEA Longitude = 010 43.52 E
* NMEA UTC (Time) = Apr 14 2020  19:11:02
* NMEA baud rate = 4800
** Station:  A16
** Operator:  JKro
** Ship: SVEA
** Average sound velocity: 1480.18 m/s
** True-depth calculation Tue, 14 Apr 2020 19:49:14 +0000
** CTD Python Module SMHI /ver 3-12/ feb 2012 
** LIMS Job: 20207710-0340
** Cruise: SMHI-07-2020
** Latitude [GG MM.mm N] :
** Longitude [GGG MM.mm E]:
# nquan = 30
# nvalues = 399                         
# units = specified
# name 0 = scan: Scan Count
# name 1 = prDM: Pressure, Digiquartz [db]
# name 2 = t090C: Temperature [ITS-90, deg C]
# name 3 = t190C: Temperature, 2 [ITS-90, deg C]
# name 4 = c0S/m: Conductivity [S/m]
# name 5 = c1S/m: Conductivity, 2 [S/m]
# name 6 = pumps: Pump Status
# name 7 = sbeox0V: Oxygen raw, SBE 43 [V]
# name 8 = sbeox1V: Oxygen raw, SBE 43, 2 [V]
# name 9 = altM: Altimeter [m]
# name 10 = dz/dtM: Descent Rate [m/s]
# name 11 = flECO-AFL: Chl-a Fluorescence, WET Labs ECO-AFL/FL [mg/m^3]
# name 12 = flECO-AFL1: Phycocyanin Fluorescence, WET Labs ECO-AFL/FL, 2 [mg/m^3]
# name 13 = par: PAR/Irradiance, Biospherical/Lico [µE/(cm^2*s)]
# name 14 = turbWETntu0: Turbidity, WET Labs ECO [NTU]
# name 15 = sal00: Salinity, Practical [PSU]
# name 16 = sal11: Salinity, Practical, 2 [PSU]
# name 17 = secS-priS: Salinity, Practical, Difference, 2 - 1 [PSU]
# name 18 = T2-T190C: Temperature Difference, 2 - 1 [ITS-90, deg C]
# name 19 = sigma-t00: Density [sigma-t, kg/m^3 ]
# name 20 = sigma-t11: Density, 2 [sigma-t, kg/m^3 ]
# name 21 = depSM: Depth [salt water, m], lat = 58.2675
# name 22 = depFM: Depth [true depth, m], lat = 58.2675
# name 23 = svCM: Sound Velocity [Chen-Millero, m/s]
# name 24 = svCM1: Sound Velocity, 2 [Chen-Millero, m/s]
# name 25 = sbeox0ML/L: Oxygen, SBE 43 [ml/l], WS = 2
# name 26 = sbeox1ML/L: Oxygen, SBE 43, 2 [ml/l], WS = 2
# name 27 = sbeox0PS: Oxygen, SBE 43 [% saturation], WS = 2
# name 28 = sbeox1PS: Oxygen, SBE 43, 2 [% saturation], WS = 2
# name 29 = flag: flag
# span 0 =      17889,      30151       
# span 1 =      1.500,    200.500       
# span 2 =     6.4192,     7.5674       
# span 3 =     6.4109,     7.5670       
# span 4 =   2.846693,   3.593739       
# span 5 =   2.845683,   3.593495       
# span 6 =          1,          1       
# span 7 =     3.3696,     3.6910       
# span 8 =     3.1530,     3.4455       
# span 9 =       3.06,      97.08       
# span 10 =     -0.403,      0.705      
# span 11 =     0.1805,     1.8322      
# span 12 =     0.1144,     0.4646      
# span 13 = -1.490e-06, 2.1775e+00      
# span 14 =     0.1463,     1.1760      
# span 15 =    27.9993,    35.1192      
# span 16 =    27.9882,    35.1165      
# span 17 =    -0.3882,     0.1621      
# span 18 =    -0.0141,     0.0097      
# span 19 =    21.9691,    27.4965      
# span 20 =    21.9604,    27.4941      
# span 21 =      1.486,    198.541      
# span 22 =      1.495,    198.842      
# span 23 =    1467.96,    1482.51      
# span 24 =    1467.95,    1482.50      
# span 25 =     5.8360,     6.9267      
# span 26 =     5.9450,     7.0532      
# span 27 =     87.627,     97.986      
# span 28 =     89.265,     99.882      
# span 29 = 0.0000e+00, 0.0000e+00      
# interval = decibars: 0.5              
# start_time = Apr 14 2020 19:11:02 [NMEA time, first data scan]
# bad_flag = -9.990e-29
*END*
[from data line 49]
      19374     26.000     6.8603     6.8639    3.46367    3.46427          1     3.4999     3.2661      96.48      0.601     0.4334     0.2388  1.000e-12  0.1688000    34.4131    34.4161     0.0030     0.0036    26.9756    26.9775     25.757     25.855    1477.81    1477.82     6.1868     6.2767    90.9970    92.3280  0.000e+00
      19396     26.500     6.9135     6.9187    3.47653    3.47767          1     3.4923     3.2606      96.55      0.625     0.4069     0.2092  1.000e-12  0.1745000    34.5013    34.5087     0.0074     0.0052    27.0379    27.0430     26.252     26.351    1478.13    1478.16     6.1747     6.2761    90.9820    92.4920  0.000e+00
      19425     27.000     6.9546     6.9543    3.48568    3.48499          1     3.4864     3.2562      96.65      0.457     0.4000     0.2702  1.000e-12  0.1807000    34.5607    34.5534    -0.0073    -0.0003    27.0790    27.0733     26.747     26.847    1478.38    1478.36     6.1708     6.2790    91.0470    92.6380  0.000e+00
      19456     27.500     6.9675     6.9667    3.48957    3.48923          1     3.4833     3.2536      96.66      0.362     0.3991     0.2621  1.000e-12  0.1910000    34.5903    34.5874    -0.0029    -0.0008    27.1005    27.0984     27.243     27.343    1478.47    1478.46     6.1724     6.2802    91.1140    92.7020  0.000e+00
      19478     28.000     6.9768     6.9768    3.49158    3.49129          1     3.4840     3.2531      96.70      0.463     0.3914     0.2339  1.000e-12  0.1844000    34.6029    34.5997    -0.0032     0.0000    27.1092    27.1067     27.738     27.839    1478.53    1478.53     6.1998     6.3020    91.5460    93.0530  0.000e+00
      19495     28.500     6.9848     6.9856    3.49344    3.49331          1     3.4897     3.2556      96.76      0.595     0.3860     0.2355  1.000e-12  0.1840000    34.6150    34.6128    -0.0022     0.0008    27.1176    27.1158     28.233     28.335    1478.58    1478.58     6.2296     6.3394    92.0110    93.6320  0.000e+00
      19513     29.000     7.0029     7.0040    3.49790    3.49788          1     3.4967     3.2615      96.76      0.681     0.3861     0.2286  1.000e-12  0.1987000    34.6457    34.6443    -0.0014     0.0011    27.1393    27.1380     28.729     28.830    1478.70    1478.70     6.2445     6.3697    92.2870    94.1390  0.000e+00
      19536     29.500     7.0151     7.0145    3.50153    3.50117          1     3.5047     3.2693      96.76      0.614     0.3663     0.2009  1.000e-12  0.1897000    34.6732    34.6698    -0.0034    -0.0006    27.1592    27.1567     29.224     29.326    1478.79    1478.79     6.2459     6.3737    92.3510    94.2370  0.000e+00
      19569     30.000     7.0246     7.0258    3.50425    3.50411          1     3.5097     3.2753      96.75      0.385     0.3578     0.1930  1.000e-12  0.1815000    34.6932    34.6904    -0.0028     0.0012    27.1737    27.1713     29.719     29.822    1478.86    1478.86     6.2299     6.3436    92.1450    93.8290  0.000e+00
      19597     30.500     7.0488     7.0498    3.50842    3.50825          1     3.5085     3.2738      96.75      0.381     0.3432     0.2133  1.000e-12  0.1626000    34.7145    34.7117    -0.0028     0.0009    27.1871    27.1848     30.214     30.318    1478.99    1478.99     6.2027     6.3012    91.8080    93.2660  0.000e+00
      19618     31.000     7.0772     7.0785    3.51334    3.51333          1     3.5044     3.2708      96.76      0.499     0.3527     0.2048  1.000e-12  0.1756000    34.7397    34.7383    -0.0014     0.0014    27.2030    27.2017     30.710     30.814    1479.14    1479.14     6.1778     6.2800    91.5130    93.0300  0.000e+00
      19639     31.500     7.1125     7.1155    3.52003    3.52021          1     3.4991     3.2669      96.75      0.576     0.3512     0.1812  1.000e-12  0.1803000    34.7773    34.7763    -0.0011     0.0030    27.2277    27.2264     31.205     31.309    1479.33    1479.34     6.1568     6.2596    91.2990    92.8280  0.000e+00
      19667     32.000     7.1394     7.1368    3.52415    3.52343          1     3.4934     3.2624      96.77      0.486     0.3302     0.2301  1.000e-12  0.1892000    34.7952    34.7900    -0.0053    -0.0026    27.2380    27.2342     31.700     31.805    1479.47    1479.45     6.1555     6.2637    91.3460    92.9430  0.000e+00
      19703     32.500     7.1576     7.1564    3.52738    3.52679          1     3.4932     3.2625      96.79      0.320     0.3280     0.1754  1.000e-12  0.1926000    34.8120    34.8067    -0.0053    -0.0012    27.2486    27.2447     32.196     32.301    1479.56    1479.55     6.1750     6.2937    91.6830    93.4400  0.000e+00
      19726     33.000     7.1653     7.1647    3.52878    3.52845          1     3.4961     3.2648      96.78      0.415     0.3135     0.2032  1.000e-12  0.1807000    34.8194    34.8163    -0.0030    -0.0006    27.2534    27.2511     32.691     32.797    1479.61    1479.61     6.1826     6.2943    91.8170    93.4730  0.000e+00
      19745     33.500     7.1634     7.1628    3.52898    3.52866          1     3.4980     3.2653      96.79      0.562     0.2987     0.2369  1.000e-12  0.1685000    34.8233    34.8204    -0.0029    -0.0006    27.2567    27.2545     33.186     33.292    1479.62    1479.61     6.1824     6.2951    91.8120    93.4840  0.000e+00
      19764     34.000     7.1639     7.1636    3.52966    3.52931          1     3.4986     3.2669      96.78      0.637     0.2841     0.2392  1.000e-12  0.1566000    34.8299    34.8265    -0.0034    -0.0003    27.2619    27.2592     33.681     33.788    1479.64    1479.63     6.1779     6.2992    91.7510    93.5490  0.000e+00
      19787     34.500     7.1704     7.1700    3.53098    3.53064          1     3.4987     3.2676      96.82      0.587     0.2886     0.2198  1.000e-12  0.1632000    34.8376    34.8343    -0.0033    -0.0004    27.2670    27.2645     34.177     34.284    1479.68    1479.67     6.1758     6.2920    91.7380    93.4610  0.000e+00
      19812     35.000     7.1800     7.1803    3.53276    3.53253          1     3.4986     3.2677      96.80      0.492     0.2721     0.2162  1.000e-12  0.1649000    34.8472    34.8444    -0.0028     0.0003    27.2732    27.2710     34.672     34.780    1479.74    1479.73     6.1748     6.2903    91.7490    93.4640  0.000e+00
      19838     35.500     7.1996     7.2002    3.53663    3.53646          1     3.4990     3.2686      96.80      0.463     0.2775     0.1971  1.000e-12  0.1771000    34.8696    34.8671    -0.0025     0.0006    27.2881    27.2860     35.167     35.275    1479.85    1479.85     6.1659     6.2874    91.6710    93.4780  0.000e+00
      19862     36.000     7.2129     7.2133    3.53875    3.53846          1     3.4965     3.2676      96.81      0.481     0.2602     0.1858  1.000e-12  0.1615000    34.8791    34.8756    -0.0035     0.0004    27.2937    27.2909     35.663     35.771    1479.92    1479.92     6.1454     6.2621    91.3990    93.1340  0.000e+00
      19885     36.500     7.2249     7.2258    3.54060    3.54044          1     3.4919     3.2643      96.81      0.507     0.2714     0.2141  1.000e-12  0.1498000    34.8871    34.8844    -0.0027     0.0009    27.2983    27.2961     36.158     36.267    1479.98    1479.98     6.1261     6.2367    91.1430    92.7870  0.000e+00
      19906     37.000     7.2490     7.2506    3.54466    3.54456          1     3.4871     3.2600      96.80      0.546     0.2487     0.2263  1.000e-12  0.1738000    34.9069    34.9042    -0.0027     0.0015    27.3104    27.3081     36.653     36.763    1480.11    1480.11     6.1153     6.2153    91.0430    92.5340  0.000e+00
      19926     37.500     7.2714     7.2713    3.54782    3.54751          1     3.4840     3.2555      96.80      0.581     0.2476     0.2031  1.000e-12  0.1602000    34.9186    34.9153    -0.0033    -0.0001    27.3165    27.3139     37.148     37.258    1480.22    1480.21     6.1108     6.2086    91.0300    92.4840  0.000e+00
      19951     38.000     7.2785     7.2786    3.54901    3.54875          1     3.4808     3.2527      96.82      0.543     0.2476     0.1761  1.000e-12  0.1728000    34.9243    34.9213    -0.0031     0.0001    27.3200    27.3176     37.644     37.754    1480.26    1480.26     6.1007     6.2142    90.8970    92.5880  0.000e+00
      19980     38.500     7.2849     7.2849    3.55002    3.54974          1     3.4759     3.2492      96.79      0.437     0.2470     0.2270  1.000e-12  0.1616000    34.9285    34.9255    -0.0030    -0.0000    27.3224    27.3200     38.139     38.250    1480.30    1480.29     6.0878     6.1984    90.7210    92.3670  0.000e+00
      20009     39.000     7.3010     7.3014    3.55274    3.55245          1     3.4714     3.2447      96.83      0.402     0.2465     0.2096  1.000e-12  0.2076000    34.9417    34.9383    -0.0034     0.0003    27.3305    27.3277     38.634     38.745    1480.38    1480.38     6.0796     6.1804    90.6400    92.1410  0.000e+00
      20032     39.500     7.3300     7.3314    3.55730    3.55725          1     3.4690     3.2411      96.81      0.464     0.2360     0.1803  1.000e-12  0.1745000    34.9622    34.9602    -0.0019     0.0014    27.3424    27.3407     39.129     39.241    1480.53    1480.53     6.0737     6.1766    90.6250    92.1610  0.000e+00
      20054     40.000     7.3406     7.3403    3.55870    3.55839          1     3.4673     3.2396      96.83      0.528     0.2353     0.1248  1.000e-12  0.1639000    34.9665    34.9634    -0.0031    -0.0003    27.3443    27.3420     39.625     39.737    1480.58    1480.58     6.0716     6.1831    90.6170    92.2790  0.000e+00
      20076     40.500     7.3413     7.3412    3.55887    3.55856          1     3.4664     3.2386      96.81      0.553     0.2264     0.1716  1.000e-12  0.1714000    34.9673    34.9641    -0.0032    -0.0001    27.3449    27.3424     40.120     40.233    1480.60    1480.59     6.0756     6.1785    90.6790    92.2130  0.000e+00
      20100     41.000     7.3419     7.3417    3.55901    3.55869          1     3.4667     3.2368      96.83      0.536     0.2315     0.1984  1.000e-12  0.1780000    34.9680    34.9647    -0.0034    -0.0001    27.3454    27.3427     40.615     40.728    1480.61    1480.60     6.0787     6.1726    90.7260    92.1260  0.000e+00
      20128     41.500     7.3427     7.3425    3.55920    3.55888          1     3.4672     3.2355      96.81      0.449     0.2538     0.2049  1.000e-12  0.1668000    34.9691    34.9657    -0.0033    -0.0002    27.3460    27.3435     41.110     41.224    1480.62    1480.61     6.0830     6.1854    90.7930    92.3190  0.000e+00
      20154     42.000     7.3429     7.3425    3.55942    3.55910          1     3.4685     3.2368      96.83      0.425     0.2374     0.1627  1.000e-12  0.1852000    34.9710    34.9680    -0.0031    -0.0004    27.3476    27.3452     41.606     41.720    1480.63    1480.63     6.0894     6.1992    90.8910    92.5260  0.000e+00
      20174     42.500     7.3413     7.3407    3.55940    3.55907          1     3.4697     3.2382      96.82      0.513     0.2255     0.2077  1.000e-12  0.1814000    34.9722    34.9692    -0.0030    -0.0006    27.3487    27.3464     42.101     42.215    1480.63    1480.63     6.0898     6.2061    90.8940    92.6260  0.000e+00
      20193     43.000     7.3391     7.3386    3.55921    3.55888          1     3.4700     3.2399      96.82      0.612     0.2288     0.2209  1.000e-12  0.1690000    34.9720    34.9689    -0.0031    -0.0005    27.3489    27.3465     42.596     42.711    1480.64    1480.63     6.0857     6.2115    90.8280    92.7030  0.000e+00
      20215     43.500     7.3334     7.3330    3.55873    3.55839          1     3.4695     3.2413      96.81      0.613     0.2356     0.1720  1.000e-12  0.1651000    34.9723    34.9690    -0.0033    -0.0004    27.3499    27.3474     43.091     43.207    1480.62    1480.61     6.0874     6.2095    90.8420    92.6600  0.000e+00
      20244     44.000     7.3314     7.3310    3.55858    3.55826          1     3.4700     3.2420      96.80      0.444     0.2355     0.1144  1.000e-12  0.1713000    34.9724    34.9693    -0.0031    -0.0004    27.3503    27.3479     43.587     43.703    1480.62    1480.62     6.0900     6.2060    90.8770    92.6050  0.000e+00
      20272     44.500     7.3367     7.3372    3.55953    3.55933          1     3.4700     3.2424      96.82      0.395     0.2354     0.1610  1.000e-12  0.1658000    34.9772    34.9745    -0.0027     0.0005    27.3533    27.3511     44.082     44.198    1480.66    1480.65     6.0864     6.2028    90.8360    92.5730  0.000e+00
      20292     45.000     7.3415     7.3427    3.56039    3.56028          1     3.4693     3.2420      96.80      0.499     0.2307     0.1912  1.000e-12  0.1718000    34.9815    34.9791    -0.0024     0.0011    27.3560    27.3540     44.577     44.694    1480.69    1480.69     6.0820     6.1985    90.7830    92.5230  0.000e+00
      20311     45.500     7.3492     7.3483    3.56144    3.56108          1     3.4685     3.2418      96.83      0.607     0.2232     0.2358  1.000e-12  0.1750000    34.9850    34.9819    -0.0031    -0.0008    27.3577    27.3553     45.072     45.190    1480.73    1480.72     6.0812     6.1981    90.7890    92.5310  0.000e+00
      20333     46.000     7.3512     7.3505    3.56176    3.56138          1     3.4685     3.2417      96.83      0.612     0.2255     0.2582  1.000e-12  0.1770000    34.9862    34.9827    -0.0035    -0.0007    27.3583    27.3557     45.568     45.685    1480.75    1480.74     6.0827     6.2020    90.8160    92.5940  0.000e+00
      20365     46.500     7.3517     7.3515    3.56186    3.56158          1     3.4680     3.2422      96.84      0.411     0.2354     0.1449  1.000e-12  0.1651000    34.9866    34.9836    -0.0030    -0.0001    27.3586    27.3562     46.063     46.181    1480.76    1480.75     6.0814     6.2033    90.7980    92.6160  0.000e+00
      20398     47.000     7.3535     7.3530    3.56224    3.56187          1     3.4681     3.2421      96.85      0.338     0.2276     0.1456  1.000e-12  0.1642000    34.9887    34.9850    -0.0036    -0.0005    27.3599    27.3572     46.558     46.677    1480.77    1480.77     6.0855     6.1959    90.8650    92.5100  0.000e+00
      20419     47.500     7.3546     7.3541    3.56240    3.56209          1     3.4688     3.2410      96.85      0.464     0.2371     0.1549  1.000e-12  0.1736000    34.9891    34.9861    -0.0029    -0.0004    27.3601    27.3578     47.053     47.173    1480.79    1480.78     6.0882     6.1849    90.9060    92.3480  0.000e+00
      20437     48.000     7.3551     7.3550    3.56258    3.56235          1     3.4694     3.2393      96.85      0.591     0.2419     0.1796  1.000e-12  0.1899000    34.9903    34.9877    -0.0026    -0.0000    27.3610    27.3590     47.549     47.668    1480.80    1480.80     6.0901     6.1871    90.9370    92.3830  0.000e+00
      20457     48.500     7.3578     7.3576    3.56337    3.56309          1     3.4700     3.2394      96.86      0.641     0.2237     0.1826  1.000e-12  0.2172000    34.9958    34.9930    -0.0029    -0.0002    27.3650    27.3627     48.044     48.164    1480.83    1480.82     6.0897     6.1949    90.9400    92.5100  0.000e+00
      20483     49.000     7.3587     7.3585    3.56381    3.56352          1     3.4702     3.2391      96.87      0.534     0.2237     0.1809  1.000e-12  0.1672000    34.9995    34.9965    -0.0030    -0.0002    27.3677    27.3654     48.539     48.660    1480.84    1480.84     6.0882     6.1927    90.9220    92.4810  0.000e+00
