ctdpy/tests/etc/exprapp_april_2020/SBE09_1387_20200416_1300_77_10_0349.cnv
* Sea-Bird SBE 9 Data File:
* FileName = L:\2020\sv20d0349.hex
* Software Version Seasave V 7.26.7.121
* Temperature SN = 6378
* Conductivity SN = 4824
* Number of Bytes Per Scan = 41
* Number of Voltage Words = 4
* Number of Scans Averaged by the Deck Unit = 1
* NMEA Latitude = 55 37.10 N
* NMEA Longitude = 014 51.96 E
* NMEA UTC (Time) = Apr 16 2020  13:00:59
* NMEA baud rate = 4800
** Station:  Hanobukten
** Operator:  SSip
** Ship: SVEA
** Average sound velocity: 1446.51 m/s
** True-depth calculation Thu, 16 Apr 2020 14:03:24 +0000
** CTD Python Module SMHI /ver 3-12/ feb 2012 
** LIMS Job: 20207710-0349
** Cruise: SMHI-07-2020
** Latitude [GG MM.mm N] :
** Longitude [GGG MM.mm E]:
# nquan = 30
# nvalues = 148                         
# units = specified
# name 0 = scan: Scan Count
# name 1 = prDM: Pressure, Digiquartz [db]
# name 2 = t090C: Temperature [ITS-90, deg C]
# name 3 = t190C: Temperature, 2 [ITS-90, deg C]
# name 4 = c0S/m: Conductivity [S/m]
# name 5 = c1S/m: Conductivity, 2 [S/m]
# name 6 = pumps: Pump Status
# name 7 = sbeox0V: Oxygen raw, SBE 43 [V]
# name 8 = sbeox1V: Oxygen raw, SBE 43, 2 [V]
# name 9 = altM: Altimeter [m]
# name 10 = dz/dtM: Descent Rate [m/s]
# name 11 = flECO-AFL: Chl-a Fluorescence, WET Labs ECO-AFL/FL [mg/m^3]
# name 12 = flECO-AFL1: Phycocyanin Fluorescence, WET Labs ECO-AFL/FL, 2 [mg/m^3]
# name 13 = par: PAR/Irradiance, Biospherical/Lico [µE/(cm^2*s)]
# name 14 = turbWETntu0: Turbidity, WET Labs ECO [NTU]
# name 15 = sal00: Salinity, Practical [PSU]
# name 16 = sal11: Salinity, Practical, 2 [PSU]
# name 17 = secS-priS: Salinity, Practical, Difference, 2 - 1 [PSU]
# name 18 = T2-T190C: Temperature Difference, 2 - 1 [ITS-90, deg C]
# name 19 = sigma-t00: Density [sigma-t, kg/m^3 ]
# name 20 = sigma-t11: Density, 2 [sigma-t, kg/m^3 ]
# name 21 = depSM: Depth [salt water, m], lat = 55.6183
# name 22 = depFM: Depth [true depth, m], lat = 55.6183
# name 23 = svCM: Sound Velocity [Chen-Millero, m/s]
# name 24 = svCM1: Sound Velocity, 2 [Chen-Millero, m/s]
# name 25 = sbeox0ML/L: Oxygen, SBE 43 [ml/l], WS = 2
# name 26 = sbeox1ML/L: Oxygen, SBE 43, 2 [ml/l], WS = 2
# name 27 = sbeox0PS: Oxygen, SBE 43 [% saturation], WS = 2
# name 28 = sbeox1PS: Oxygen, SBE 43, 2 [% saturation], WS = 2
# name 29 = flag: flag
# span 0 =      43929,      48046       
# span 1 =      1.500,     75.000       
# span 2 =     5.5821,     8.3398       
# span 3 =     5.5819,     8.3398       
# span 4 =   0.901014,   1.810289       
# span 5 =   0.901108,   1.810371       
# span 6 =          1,          1       
# span 7 =     1.3894,     3.7358       
# span 8 =     1.3265,     3.4871       
# span 9 =       1.03,      96.34       
# span 10 =     -0.002,      0.755      
# span 11 =     0.3187,     1.2194      
# span 12 =     0.1474,     0.4006      
# span 13 = 1.0000e-12, 9.2153e+01      
# span 14 =     0.1292,     0.4801      
# span 15 =     8.1510,    16.1605      
# span 16 =     8.1516,    16.1613      
# span 17 =    -0.0127,     0.0910      
# span 18 =    -0.0271,     0.0492      
# span 19 =     6.3877,    12.4832      
# span 20 =     6.3886,    12.4838      
# span 21 =      1.486,     74.306      
# span 22 =      1.518,     75.783      
# span 23 =    1440.09,    1461.78      
# span 24 =    1440.09,    1461.78      
# span 25 =     1.6218,     8.1797      
# span 26 =     1.6842,     8.3314      
# span 27 =     21.910,     99.464      
# span 28 =     22.754,    101.310      
# span 29 = 0.0000e+00, 0.0000e+00      
# interval = decibars: 0.5              
# start_time = Apr 16 2020 13:00:59 [NMEA time, first data scan]
# bad_flag = -9.990e-29
*END*
      43929      1.500     6.1394     6.1409    0.90607    0.90618          1     3.7348     3.4868      93.26     -0.002     1.1787     0.3126  9.215e+01  0.2104000     8.1523     8.1529     0.0007     0.0015     6.3892     6.3897      1.486      1.518    1441.61    1441.61     8.1702     8.3165    99.3330   101.1160  0.000e+00
      44049      2.000     6.1416     6.1377    0.90614    0.90612          1     3.7357     3.4860      93.34      0.045     1.1579     0.3627  8.092e+01  0.1964000     8.1523     8.1531     0.0008    -0.0039     6.3891     6.3900      1.982      2.024    1441.63    1441.61     8.1729     8.3235    99.3720   101.1940  0.000e+00
      44080      2.500     6.1429     6.1403    0.90618    0.90619          1     3.7357     3.4860      93.42      0.344     1.1382     0.3536  6.123e+01  0.2056000     8.1523     8.1530     0.0007    -0.0026     6.3891     6.3898      2.477      2.530    1441.64    1441.63     8.1732     8.3225    99.3790   101.1890  0.000e+00
      44105      3.000     6.1404     6.1401    0.90612    0.90619          1     3.7352     3.4860      93.55      0.535     1.1649     0.3536  5.440e+01  0.2219000     8.1523     8.1530     0.0007    -0.0002     6.3892     6.3898      2.973      3.036    1441.63    1441.63     8.1732     8.3204    99.3730   101.1630  0.000e+00
      44161      3.500     6.1407     6.1405    0.90614    0.90621          1     3.7351     3.4856      84.94      0.175     1.1745     0.3736  4.808e+01  0.2075000     8.1523     8.1530     0.0007    -0.0002     6.3892     6.3898      3.468      3.542    1441.65    1441.64     8.1745     8.3242    99.3890   101.2090  0.000e+00
      44191      4.000     6.1420     6.1454    0.90619    0.90635          1     3.7349     3.4860      93.56      0.338     1.1484     0.3393  4.121e+01  0.2219000     8.1524     8.1532     0.0007     0.0034     6.3892     6.3896      3.964      4.048    1441.66    1441.67     8.1756     8.3311    99.4060   101.3060  0.000e+00
      44215      4.500     6.1468     6.1457    0.90631    0.90636          1     3.7351     3.4871      93.51      0.480     1.1839     0.3470  3.628e+01  0.2246000     8.1524     8.1531     0.0007    -0.0012     6.3889     6.3895      4.459      4.554    1441.69    1441.68     8.1772     8.3314    99.4380   101.3100  0.000e+00
      44242      5.000     6.1484     6.1481    0.90636    0.90643          1     3.7358     3.4866      62.62      0.476     1.1907     0.3832  3.122e+01  0.2045000     8.1523     8.1531     0.0007    -0.0003     6.3888     6.3894      4.955      5.060    1441.70    1441.70     8.1781     8.3169    99.4530   101.1400  0.000e+00
      44268      5.500     6.1492     6.1489    0.90638    0.90645          1     3.7355     3.4859      94.36      0.431     1.1846     0.3654  2.637e+01  0.2196000     8.1523     8.1530     0.0007    -0.0002     6.3887     6.3893      5.450      5.566    1441.71    1441.71     8.1743     8.3225    99.4080   101.2100  0.000e+00
      44290      6.000     6.1470     6.1468    0.90631    0.90640          1     3.7351     3.4861      93.80      0.501     1.1923     0.3455  2.386e+01  0.2336000     8.1521     8.1530     0.0008    -0.0001     6.3887     6.3894      5.945      6.072    1441.71    1441.71     8.1750     8.3264    99.4110   101.2530  0.000e+00
      44311      6.500     6.1494     6.1488    0.90639    0.90645          1     3.7350     3.4861      93.93      0.561     1.2060     0.3675  2.106e+01  0.2219000     8.1522     8.1530     0.0008    -0.0005     6.3886     6.3893      6.441      6.578    1441.73    1441.73     8.1758     8.3253    99.4260   101.2440  0.000e+00
      44338      7.000     6.1489     6.1489    0.90639    0.90646          1     3.7352     3.4860      93.92      0.500     1.2138     0.3552  1.838e+01  0.2155000     8.1522     8.1529     0.0007    -0.0000     6.3887     6.3892      6.936      7.084    1441.74    1441.74     8.1767     8.3196    99.4370   101.1740  0.000e+00
      44371      7.500     6.1479     6.1482    0.90636    0.90645          1     3.7347     3.4848      94.01      0.366     1.1833     0.3503  1.624e+01  0.2179000     8.1522     8.1530     0.0008     0.0002     6.3887     6.3893      7.432      7.591    1441.74    1441.74     8.1739     8.3140    99.4000   101.1050  0.000e+00
      44397      8.000     6.1482     6.1480    0.90638    0.90646          1     3.7343     3.4838      86.73      0.404     1.1678     0.3294  1.413e+01  0.2205000     8.1522     8.1530     0.0008    -0.0002     6.3887     6.3893      7.927      8.097    1441.75    1441.75     8.1735     8.3127    99.3960   101.0890  0.000e+00
      44416      8.500     6.1472     6.1479    0.90636    0.90646          1     3.7338     3.4836      80.71      0.526     1.1729     0.2993  1.236e+01  0.2203000     8.1522     8.1530     0.0008     0.0006     6.3887     6.3893      8.423      8.603    1441.75    1441.76     8.1733     8.3174    99.3910   101.1460  0.000e+00
      44434      9.000     6.1431     6.1423    0.90627    0.90631          1     3.7339     3.4834      94.95      0.635     1.1946     0.3688  1.094e+01  0.2102000     8.1522     8.1528     0.0006    -0.0009     6.3890     6.3895      8.918      9.109    1441.74    1441.74     8.1772     8.3138    99.4290   101.0870  0.000e+00
      44454      9.500     6.1433     6.1415    0.90628    0.90631          1     3.7339     3.4824      94.82      0.657     1.1877     0.3423  9.702e+00  0.2053000     8.1522     8.1529     0.0007    -0.0018     6.3890     6.3896      9.414      9.615    1441.75    1441.74     8.1767     8.3113    99.4230   101.0550  0.000e+00
      44484     10.000     6.1445     6.1451    0.90631    0.90640          1     3.7333     3.4820      83.40      0.469     1.1908     0.3384  8.684e+00  0.2147000     8.1522     8.1529     0.0007     0.0006     6.3889     6.3894      9.909     10.121    1441.76    1441.77     8.1719     8.3177    99.3680   101.1420  0.000e+00
      44519     10.500     6.1450     6.1440    0.90634    0.90638          1     3.7320     3.4824      58.72      0.322     1.1812     0.3827  7.908e+00  0.2090000     8.1522     8.1529     0.0007    -0.0010     6.3889     6.3895     10.405     10.627    1441.77    1441.77     8.1679     8.3217    99.3200   101.1870  0.000e+00
      44544     11.000     6.1449     6.1423    0.90635    0.90635          1     3.7314     3.4825      96.34      0.419     1.1742     0.3979  6.961e+00  0.2173000     8.1522     8.1530     0.0007    -0.0027     6.3889     6.3896     10.900     11.133    1441.78    1441.77     8.1707     8.3241    99.3540   101.2130  0.000e+00
      44563     11.500     6.1416     6.1415    0.90628    0.90636          1     3.7314     3.4830      95.56      0.540     1.2194     0.3751  6.095e+00  0.2079000     8.1523     8.1531     0.0008    -0.0001     6.3891     6.3898     11.395     11.639    1441.78    1441.78     8.1747     8.3282    99.3940   101.2610  0.000e+00
      44581     12.000     6.1414     6.1418    0.90629    0.90638          1     3.7318     3.4833      93.68      0.630     1.1827     0.3452  5.414e+00  0.2144000     8.1524     8.1531     0.0008     0.0004     6.3892     6.3898     11.891     12.145    1441.78    1441.79     8.1792     8.3287    99.4490   101.2680  0.000e+00
      44600     12.500     6.1452     6.1427    0.90638    0.90640          1     3.7325     3.4836      67.83      0.662     1.1728     0.2956  4.867e+00  0.2229000     8.1523     8.1531     0.0008    -0.0025     6.3890     6.3897     12.386     12.651    1441.81    1441.80     8.1797     8.3277    99.4640   101.2580  0.000e+00
      44626     13.000     6.1450     6.1448    0.90639    0.90646          1     3.7326     3.4836      94.56      0.545     1.1615     0.2993  4.399e+00  0.2272000     8.1524     8.1531     0.0007    -0.0002     6.3890     6.3896     12.882     13.157    1441.81    1441.81     8.1759     8.3246    99.4170   101.2260  0.000e+00
      44663     13.500     6.1546     6.1499    0.90662    0.90660          1     3.7321     3.4831      95.72      0.323     1.1633     0.3057  4.000e+00  0.2129000     8.1522     8.1532     0.0010    -0.0048     6.3883     6.3894     13.377     13.663    1441.86    1441.85     8.1744     8.3186    99.4220   101.1660  0.000e+00
      44689     14.000     6.1698     6.1650    0.90704    0.90699          1     3.7322     3.4824      89.45      0.379     1.1833     0.2986  3.588e+00  0.2254000     8.1525     8.1533     0.0007    -0.0048     6.3877     6.3886     13.873     14.169    1441.93    1441.91     8.1718     8.3141    99.4290   101.1490  0.000e+00
      44709     14.500     6.1651     6.1592    0.90693    0.90685          1     3.7323     3.4823      95.72      0.521     1.1823     0.3160  3.194e+00  0.2149000     8.1526     8.1532     0.0006    -0.0059     6.3880     6.3888     14.368     14.675    1441.92    1441.90     8.1721     8.3200    99.4210   101.2050  0.000e+00
      44728     15.000     6.1536     6.1504    0.90664    0.90663          1     3.7318     3.4824      95.73      0.613     1.1700     0.3660  2.853e+00  0.2146000     8.1524     8.1531     0.0007    -0.0032     6.3885     6.3893     14.863     15.181    1441.88    1441.87     8.1717     8.3215    99.3870   101.2020  0.000e+00
      44750     15.500     6.1568     6.1530    0.90673    0.90671          1     3.7312     3.4820      69.28      0.596     1.1665     0.3936  2.567e+00  0.2150000     8.1525     8.1532     0.0007    -0.0038     6.3884     6.3892     15.359     15.687    1441.90    1441.89     8.1705     8.3154    99.3810   101.1340  0.000e+00
      44778     16.000     6.1481     6.1470    0.90650    0.90655          1     3.7310     3.4813      89.13      0.474     1.1599     0.3720  2.327e+00  0.2213000     8.1522     8.1531     0.0008    -0.0011     6.3887     6.3894     15.854     16.193    1441.87    1441.87     8.1748     8.3178    99.4120   101.1480  0.000e+00
      44805     16.500     6.1464     6.1465    0.90646    0.90655          1     3.7309     3.4811      95.62      0.424     1.1669     0.3548  2.128e+00  0.2209000     8.1522     8.1530     0.0008     0.0000     6.3888     6.3895     16.350     16.699    1441.87    1441.88     8.1743     8.3219    99.4010   101.1960  0.000e+00
      44829     17.000     6.1485     6.1488    0.90652    0.90661          1     3.7302     3.4813      39.35      0.476     1.1468     0.3806  1.940e+00  0.2166000     8.1523     8.1531     0.0008     0.0003     6.3887     6.3893     16.845     17.205    1441.89    1441.89     8.1688     8.3213    99.3400   101.1950  0.000e+00
      44855     17.500     6.1507     6.1517    0.90660    0.90670          1     3.7293     3.4807      90.93      0.484     1.1639     0.3834  1.749e+00  0.2773000     8.1524     8.1532     0.0008     0.0009     6.3887     6.3893     17.341     17.711    1441.91    1441.91     8.1679     8.3098    99.3350   101.0620  0.000e+00
      44883     18.000     6.1520     6.1517    0.90664    0.90672          1     3.7285     3.4794      61.96      0.433     1.1568     0.3986  1.586e+00  0.2159000     8.1524     8.1532     0.0008    -0.0003     6.3887     6.3893     17.836     18.217    1441.92    1441.92     8.1654     8.3101    99.3070   101.0670  0.000e+00
      44905     18.500     6.1557     6.1542    0.90674    0.90678          1     3.7278     3.4791      76.54      0.471     1.1420     0.3245  1.440e+00  0.2268000     8.1524     8.1532     0.0008    -0.0015     6.3884     6.3891     18.331     18.723    1441.95    1441.94     8.1633     8.3133    99.2910   101.1120  0.000e+00
      44925     19.000     6.1446     6.1457    0.90648    0.90659          1     3.7272     3.4789      75.55      0.564     1.1346     0.3470  1.315e+00  0.2136000     8.1525     8.1534     0.0008     0.0012     6.3891     6.3897     18.827     19.229    1441.91    1441.91     8.1630     8.3118    99.2590   101.0720  0.000e+00
      44945     19.500     6.1291     6.1346    0.90612    0.90633          1     3.7263     3.4782      94.27      0.618     1.1260     0.3843  1.200e+00  0.2219000     8.1527     8.1534     0.0007     0.0055     6.3902     6.3904     19.322     19.735    1441.85    1441.87     8.1679     8.3108    99.2810   101.0320  0.000e+00
      44970     20.000     6.1274     6.1293    0.90612    0.90624          1     3.7262     3.4775      88.88      0.533     1.1314     0.4006  1.100e+00  0.2156000     8.1530     8.1537     0.0007     0.0020     6.3905     6.3910     19.818     20.241    1441.85    1441.86     8.1649     8.3083    99.2410   100.9890  0.000e+00
      45003     20.500     6.1355     6.1405    0.90633    0.90653          1     3.7230     3.4754      75.21      0.375     1.1233     0.3485  1.018e+00  0.2016000     8.1530     8.1538     0.0008     0.0050     6.3901     6.3904     20.313     20.747    1441.89    1441.92     8.1405     8.2887    98.9640   100.7780  0.000e+00
      45030     21.000     6.1134     6.1076    0.90577    0.90565          1     3.7189     3.4727      85.53      0.399     1.0845     0.3419  9.339e-01  0.2212000     8.1529     8.1530     0.0001    -0.0058     6.3912     6.3917     20.809     21.253    1441.81    1441.78     8.1295     8.2773    98.7750   100.5570  0.000e+00
      45051     21.500     6.1173     6.1140    0.90587    0.90587          1     3.7145     3.4695      95.56      0.507     1.0403     0.3530  8.532e-01  0.2457000     8.1528     8.1536     0.0008    -0.0033     6.3910     6.3918     21.304     21.760    1441.83    1441.82     8.1172     8.2605    98.6360   100.3690  0.000e+00
      45070     22.000     6.0970     6.0879    0.90536    0.90516          1     3.7119     3.4663      95.38      0.595     1.0538     0.3242  7.715e-01  0.2239000     8.1527     8.1529     0.0003    -0.0092     6.3920     6.3927     21.799     22.266    1441.75    1441.71     8.1163     8.2522    98.5750   100.2030  0.000e+00
      45090     22.500     6.0494     6.0493    0.90415    0.90422          1     3.7081     3.4625      49.83      0.621     1.0600     0.3769  7.118e-01  0.2083000     8.1523     8.1530     0.0007    -0.0001     6.3944     6.3950     22.295     22.772    1441.56    1441.56     8.1156     8.2501    98.4500   100.0820  0.000e+00
      45115     23.000     6.0198     6.0105    0.90332    0.90317          1     3.7035     3.4582      92.99      0.536     1.0079     0.3358  6.557e-01  0.2044000     8.1514     8.1521     0.0007    -0.0092     6.3954     6.3965     22.790     23.278    1441.44    1441.40     8.1107     8.2510    98.3180    99.9960  0.000e+00
      45150     23.500     5.9978     5.9887    0.90278    0.90261          1     3.6978     3.4533      65.05      0.362     0.9732     0.3117  6.200e-01  0.1978000     8.1513     8.1519     0.0005    -0.0092     6.3966     6.3975     23.286     23.784    1441.35    1441.31     8.1012     8.2510    98.1490    99.9410  0.000e+00
      45181     24.000     5.9773     5.9795    0.90225    0.90239          1     3.6923     3.4500      71.25      0.355     0.9521     0.3198  5.952e-01  0.1904000     8.1510     8.1519     0.0009     0.0022     6.3975     6.3980     23.781     24.290    1441.27    1441.28     8.0911     8.2425    97.9750    99.8150  0.000e+00
      45201     24.500     5.9697     5.9715    0.90207    0.90221          1     3.6889     3.4468      52.33      0.475     0.9542     0.3097  5.307e-01  0.1964000     8.1510     8.1519     0.0009     0.0018     6.3979     6.3985     24.276     24.796    1441.25    1441.25     8.0873     8.2295    97.9120    99.6380  0.000e+00
      45219     25.000     5.9642     5.9622    0.90194    0.90198          1     3.6866     3.4443      51.89      0.604     0.9508     0.2962  4.843e-01  0.1964000     8.1510     8.1519     0.0008    -0.0019     6.3982     6.3990     24.772     25.302    1441.23    1441.22     8.0857     8.2242    97.8780    99.5520  0.000e+00
