ctdpy/tests/etc/exprapp_april_2020/SBE09_1387_20200415_2002_77_10_0346.cnv
* Sea-Bird SBE 9 Data File:
* FileName = L:\2020\sv20d0346.hex
* Software Version Seasave V 7.26.7.121
* Temperature SN = 6378
* Conductivity SN = 4824
* Number of Bytes Per Scan = 41
* Number of Voltage Words = 4
* Number of Scans Averaged by the Deck Unit = 1
* NMEA Latitude = 55 51.97 N
* NMEA Longitude = 012 44.88 E
* NMEA UTC (Time) = Apr 15 2020  20:02:19
* NMEA baud rate = 4800
** Station:  W Landskrona
** Operator:  SSip
** Ship: SVEA
** Average sound velocity: 1465.68 m/s
** True-depth calculation Wed, 15 Apr 2020 20:51:24 +0000
** CTD Python Module SMHI /ver 3-12/ feb 2012 
** LIMS Job: 20207710-0346
** Cruise: SMHI-07-2020
** Latitude [GG MM.mm N] :
** Longitude [GGG MM.mm E]:
# nquan = 30
# nvalues = 96                          
# units = specified
# name 0 = scan: Scan Count
# name 1 = prDM: Pressure, Digiquartz [db]
# name 2 = t090C: Temperature [ITS-90, deg C]
# name 3 = t190C: Temperature, 2 [ITS-90, deg C]
# name 4 = c0S/m: Conductivity [S/m]
# name 5 = c1S/m: Conductivity, 2 [S/m]
# name 6 = pumps: Pump Status
# name 7 = sbeox0V: Oxygen raw, SBE 43 [V]
# name 8 = sbeox1V: Oxygen raw, SBE 43, 2 [V]
# name 9 = altM: Altimeter [m]
# name 10 = dz/dtM: Descent Rate [m/s]
# name 11 = flECO-AFL: Chl-a Fluorescence, WET Labs ECO-AFL/FL [mg/m^3]
# name 12 = flECO-AFL1: Phycocyanin Fluorescence, WET Labs ECO-AFL/FL, 2 [mg/m^3]
# name 13 = par: PAR/Irradiance, Biospherical/Lico [µE/(cm^2*s)]
# name 14 = turbWETntu0: Turbidity, WET Labs ECO [NTU]
# name 15 = sal00: Salinity, Practical [PSU]
# name 16 = sal11: Salinity, Practical, 2 [PSU]
# name 17 = secS-priS: Salinity, Practical, Difference, 2 - 1 [PSU]
# name 18 = T2-T190C: Temperature Difference, 2 - 1 [ITS-90, deg C]
# name 19 = sigma-t00: Density [sigma-t, kg/m^3 ]
# name 20 = sigma-t11: Density, 2 [sigma-t, kg/m^3 ]
# name 21 = depSM: Depth [salt water, m], lat = 55.8662
# name 22 = depFM: Depth [true depth, m], lat = 55.8662
# name 23 = svCM: Sound Velocity [Chen-Millero, m/s]
# name 24 = svCM1: Sound Velocity, 2 [Chen-Millero, m/s]
# name 25 = sbeox0ML/L: Oxygen, SBE 43 [ml/l], WS = 2
# name 26 = sbeox1ML/L: Oxygen, SBE 43, 2 [ml/l], WS = 2
# name 27 = sbeox0PS: Oxygen, SBE 43 [% saturation], WS = 2
# name 28 = sbeox1PS: Oxygen, SBE 43, 2 [% saturation], WS = 2
# name 29 = flag: flag
# span 0 =      27902,      31119       
# span 1 =      1.500,     49.000       
# span 2 =     5.9492,     7.2289       
# span 3 =     5.9491,     7.2286       
# span 4 =   2.005442,   3.008012       
# span 5 =   2.005422,   3.007897       
# span 6 =          1,          1       
# span 7 =     2.7082,     3.6536       
# span 8 =     2.5380,     3.4053       
# span 9 =       1.27,      48.92       
# span 10 =     -0.109,      0.488      
# span 11 =     0.3828,     1.0795      
# span 12 =     0.1696,     0.3694      
# span 13 = 1.0000e-12, 2.2980e+00      
# span 14 =     0.4344,     3.8576      
# span 15 =    18.6722,    30.1725      
# span 16 =    18.6724,    30.1716      
# span 17 =    -0.2072,     0.0752      
# span 18 =    -0.0135,     0.0330      
# span 19 =    14.5645,    23.7397      
# span 20 =    14.5647,    23.7391      
# span 21 =      1.486,     48.549      
# span 22 =      1.506,     48.910      
# span 23 =    1459.26,    1469.47      
# span 24 =    1459.25,    1469.47      
# span 25 =     4.7024,     7.2111      
# span 26 =     4.7895,     7.3299      
# span 27 =     65.926,     96.470      
# span 28 =     67.138,     98.059      
# span 29 = 0.0000e+00, 0.0000e+00      
# interval = decibars: 0.5              
# start_time = Apr 15 2020 20:02:20 [NMEA time, first data scan]
# bad_flag = -9.990e-29
*END*
      27902      1.500     7.2267     7.2269    2.00564    2.00549          1     3.6518     3.4048      48.92      0.166     1.0729     0.3080  2.298e+00  0.4481000    18.6758    18.6741    -0.0017     0.0002    14.5675    14.5662      1.486      1.506    1459.26    1459.25     7.2031     7.3194    96.3610    97.9160  0.000e+00
      27942      2.000     7.2274     7.2270    2.00551    2.00554          1     3.6521     3.4044      48.51      0.295     1.0571     0.3097  1.833e+00  0.4567000    18.6739    18.6745     0.0005    -0.0004    14.5660    14.5665      1.982      2.008    1459.26    1459.26     7.2064     7.3258    96.4050    98.0020  0.000e+00
      27975      2.500     7.2289     7.2284    2.00546    2.00542          1     3.6524     3.4053      48.03      0.357     1.0663     0.3171  1.407e+00  0.4618000    18.6725    18.6724    -0.0001    -0.0005    14.5647    14.5647      2.477      2.510    1459.28    1459.27     7.2075     7.3299    96.4220    98.0590  0.000e+00
      28009      3.000     7.2288     7.2286    2.00544    2.00546          1     3.6530     3.4052      47.53      0.353     1.0657     0.3490  9.847e-01  0.4496000    18.6722    18.6725     0.0003    -0.0001    14.5645    14.5647      2.973      3.012    1459.28    1459.28     7.2111     7.3215    96.4700    97.9480  0.000e+00
      28041      3.500     7.2270     7.2280    2.00681    2.00619          1     3.6536     3.4044      47.05      0.368     1.0554     0.3407  7.604e-01  0.4544000    18.6869    18.6801    -0.0068     0.0009    14.5762    14.5708      3.468      3.514    1459.30    1459.30     7.2097     7.3214    96.4570    97.9490  0.000e+00
      28072      4.000     7.2256     7.2254    2.00770    2.00770          1     3.6531     3.4042      46.51      0.388     1.0620     0.3263  5.700e-01  0.4757000    18.6966    18.6967     0.0001    -0.0001    14.5839    14.5840      3.964      4.016    1459.32    1459.32     7.2067     7.3211    96.4190    97.9490  0.000e+00
      28101      4.500     7.2255     7.2241    2.00780    2.00849          1     3.6526     3.4037      46.01      0.407     1.0795     0.2839  4.812e-01  0.4344000    18.6976    18.7053     0.0077    -0.0013    14.5847    14.5909      4.459      4.518    1459.33    1459.33     7.2050     7.3182    96.3970    97.9130  0.000e+00
      28129      5.000     7.2220     7.2206    2.00987    2.01058          1     3.6518     3.4031      45.51      0.422     1.0643     0.3221  3.625e-01  0.4483000    18.7203    18.7283     0.0080    -0.0014    14.6028    14.6093      4.955      5.020    1459.35    1459.35     7.2030     7.3184    96.3770    97.9220  0.000e+00
      28158      5.500     7.2191     7.2172    2.01152    2.01235          1     3.6512     3.4030      45.00      0.419     1.0723     0.3238  2.954e-01  0.4569000    18.7385    18.7480     0.0095    -0.0019    14.6175    14.6251      5.450      5.521    1459.37    1459.37     7.2022     7.3228    96.3720    97.9870  0.000e+00
      28185      6.000     7.2171     7.2153    2.01248    2.01311          1     3.6509     3.4034      44.52      0.432     1.0679     0.3222  2.143e-01  0.4498000    18.7492    18.7566     0.0074    -0.0018    14.6260    14.6320      5.945      6.023    1459.38    1459.38     7.2035     7.3220    96.3910    97.9760  0.000e+00
      28213      6.500     7.2152     7.2143    2.01342    2.01359          1     3.6507     3.4027      44.04      0.436     1.0663     0.3131  1.602e-01  0.4586000    18.7596    18.7619     0.0022    -0.0009    14.6344    14.6362      6.441      6.525    1459.39    1459.39     7.2007     7.3136    96.3550    97.8650  0.000e+00
      28240      7.000     7.2148     7.2146    2.01375    2.01394          1     3.6496     3.4017      43.56      0.442     1.0651     0.3204  1.177e-01  0.4564000    18.7631    18.7651     0.0020    -0.0002    14.6372    14.6388      6.936      7.027    1459.40    1459.41     7.1986     7.3126    96.3280    97.8550  0.000e+00
      28267      7.500     7.2142     7.2059    2.01467    2.02161          1     3.6489     3.4008      43.06      0.444     1.0559     0.3019  7.418e-02  0.4832000    18.7725    18.8477     0.0752    -0.0084    14.6446    14.7044      7.432      7.529    1459.42    1459.48     7.1942     7.2966    96.2740    97.6740  0.000e+00
      28294      8.000     7.2060     7.2018    2.02269    2.02732          1     3.6471     3.3973      42.48      0.444     1.0602     0.2945  5.360e-02  0.4680000    18.8584    18.9079     0.0494    -0.0043    14.7128    14.7520      7.927      8.031    1459.50    1459.55     7.1840     7.2750    96.1730    97.4120  0.000e+00
      28322      8.500     7.2035     7.2001    2.02592    2.03211          1     3.6447     3.3944      41.97      0.434     1.0460     0.3426  2.364e-02  0.4467000    18.8926    18.9575     0.0649    -0.0035    14.7398    14.7910      8.423      8.533    1459.54    1459.61     7.1764     7.2810    96.0870    97.5220  0.000e+00
      28349      9.000     7.2012     7.2014    2.03240    2.03479          1     3.6428     3.3931      41.46      0.432     1.0595     0.3694  2.083e-03  0.4607000    18.9597    18.9838     0.0242     0.0003    14.7926    14.8115      8.918      9.035    1459.62    1459.66     7.1744     7.2743    96.0970    97.4510  0.000e+00
      28377      9.500     7.2011     7.2019    2.03422    2.03504          1     3.6421     3.3909      40.97      0.434     1.0526     0.3395  8.388e-06  0.4583000    18.9780    18.9860     0.0080     0.0007    14.8070    14.8132      9.413      9.537    1459.66    1459.67     7.1757     7.2725    96.1260    97.4300  0.000e+00
      28404     10.000     7.2029     7.2028    2.03617    2.03628          1     3.6413     3.3904      40.50      0.437     1.0489     0.3002  1.000e-12  0.4658000    18.9969    18.9980     0.0012    -0.0001    14.8216    14.8225      9.909     10.038    1459.69    1459.69     7.1698     7.2824    96.0630    97.5730  0.000e+00
      28430     10.500     7.2018     7.2012    2.03502    2.03450          1     3.6399     3.3905      40.00      0.451     1.0459     0.3090  1.000e-12  0.4603000    18.9856    18.9807    -0.0049    -0.0007    14.8128    14.8091     10.404     10.540    1459.68    1459.67     7.1666     7.2796    96.0110    97.5200  0.000e+00
      28456     11.000     7.2027     7.2027    2.03589    2.03601          1     3.6388     3.3897      39.49      0.463     1.0515     0.3354  1.000e-12  0.4940000    18.9938    18.9950     0.0013    -0.0000    14.8192    14.8202     10.900     11.042    1459.71    1459.71     7.1661     7.2742    96.0120    97.4600  0.000e+00
      28482     11.500     7.2044     7.2048    2.03756    2.03794          1     3.6379     3.3888      39.07      0.465     1.0437     0.3440  1.000e-12  0.5640000    19.0097    19.0134     0.0037     0.0003    14.8315    14.8344     11.395     11.544    1459.74    1459.75     7.1601     7.2723    95.9440    97.4510  0.000e+00
      28507     12.000     7.2066     7.2069    2.03873    2.03890          1     3.6360     3.3884      38.59      0.473     1.0520     0.3391  1.000e-12  0.4877000    19.0203    19.0218     0.0016     0.0003    14.8396    14.8408     11.891     12.046    1459.77    1459.77     7.1529     7.2683    95.8590    97.4080  0.000e+00
      28533     12.500     7.2103     7.2108    2.03994    2.04015          1     3.6344     3.3868      38.00      0.475     1.0633     0.3238  1.000e-12  0.4802000    19.0304    19.0323     0.0019     0.0005    14.8471    14.8486     12.386     12.548    1459.81    1459.81     7.1491     7.2557    95.8240    97.2550  0.000e+00
      28560     13.000     7.2117     7.2115    2.04131    2.04130          1     3.6313     3.3843      37.47      0.453     1.0440     0.3294  1.000e-12  0.4637000    19.0435    19.0434    -0.0001    -0.0002    14.8572    14.8572     12.881     13.049    1459.84    1459.84     7.1235     7.2335    95.4910    96.9660  0.000e+00
      28587     13.500     7.2121     7.2121    2.04287    2.04289          1     3.6227     3.3785      36.97      0.437     1.0301     0.3377  1.000e-12  0.5189000    19.0590    19.0592     0.0001     0.0000    14.8694    14.8695     13.377     13.551    1459.86    1459.86     7.0759     7.1847    94.8640    96.3230  0.000e+00
      28614     14.000     7.2035     7.2036    2.05148    2.05120          1     3.6093     3.3680      36.47      0.439     1.0269     0.2964  1.000e-12  0.4817000    19.1512    19.1484    -0.0028     0.0001    14.9426    14.9403     13.872     14.053    1459.95    1459.95     7.0246     7.1224    94.2140    95.5250  0.000e+00
      28642     14.500     7.1630     7.1620    2.08350    2.08508          1     3.5914     3.3536      35.99      0.437     1.0045     0.3231  1.000e-12  0.5185000    19.5007    19.5173     0.0167    -0.0010    15.2206    15.2338     14.368     14.555    1460.23    1460.25     6.9096     7.0200    92.7950    94.2860  0.000e+00
      28668     15.000     7.1245     7.1208    2.10837    2.11007          1     3.5506     3.3293      35.48      0.449     0.9675     0.3351  1.000e-12  0.5069000    19.7769    19.7964     0.0195    -0.0037    15.4412    15.4569     14.863     15.056    1460.43    1460.44     6.6660     6.8281    89.6030    91.7860  0.000e+00
      28695     15.500     7.1002     7.0867    2.12073    2.12694          1     3.4732     3.2792      34.98      0.446     0.9625     0.3168  1.000e-12  0.5291000    19.9174    19.9890     0.0716    -0.0135    15.5539    15.6114     15.359     15.558    1460.51    1460.55     6.2930     6.3736    84.6200    85.7150  0.000e+00
      28721     16.000     6.8773     6.8966    2.21272    2.20471          1     3.3713     3.1902      34.53      0.459     0.9144     0.3169  1.000e-12  0.5612000    21.0036    20.9074    -0.0962     0.0193    16.4293    16.3517     15.854     16.059    1460.97    1460.93     6.0064     5.9475    80.9140    80.1060  0.000e+00
      28746     16.500     6.3496     6.3827    2.54549    2.52830          1     3.2852     3.1040      34.02      0.478     0.7851     0.2597  1.000e-12  0.6818000    24.8659    24.6587    -0.2072     0.0330    19.5199    19.3534     16.349     16.559    1463.67    1463.54     5.8064     5.7349    79.2370    78.2160  0.000e+00
      28770     17.000     6.2755     6.2744    2.61684    2.62041          1     3.2177     3.0368      33.55      0.485     0.6692     0.2409  1.000e-12  0.9144000    25.6857    25.7250     0.0393    -0.0012    20.1730    20.2041     16.845     17.059    1464.40    1464.45     5.6896     5.6705    77.9290    77.6840  0.000e+00
      28795     17.500     6.2574     6.2597    2.63507    2.63482          1     3.1575     2.9813      33.09      0.488     0.6419     0.2611  1.000e-12  1.0796000    25.8960    25.8916    -0.0045     0.0023    20.3406    20.3368     17.340     17.558    1464.60    1464.60     5.5421     5.5542    75.9810    76.1490  0.000e+00
      28820     18.000     6.2412     6.2464    2.65203    2.64877          1     3.0917     2.9220      32.58      0.483     0.6070     0.2516  1.000e-12  1.1220000    26.0915    26.0524    -0.0392     0.0052    20.4963    20.4649     17.836     18.057    1464.79    1464.76     5.3666     5.3672    73.6420    73.6400  0.000e+00
      28846     18.500     6.1727     6.1702    2.71892    2.72397          1     3.0254     2.8600      32.07      0.471     0.5879     0.2323  1.000e-12  1.2580000    26.8707    26.9275     0.0569    -0.0025    21.1174    21.1625     18.331     18.556    1465.50    1465.56     5.2222     5.2127    71.9140    71.8050  0.000e+00
      28872     19.000     6.0897     6.0878    2.78801    2.79140          1     2.9718     2.8066      31.53      0.465     0.5607     0.2546  1.000e-12  1.4103000    27.6907    27.7292     0.0385    -0.0019    21.7728    21.8033     18.826     19.054    1466.20    1466.24     5.1505     5.1515    71.1720    71.2020  0.000e+00
      28898     19.500     6.0317     6.0329    2.82546    2.82492          1     2.9317     2.7651      31.00      0.459     0.5610     0.2673  1.000e-12  1.4938000    28.1484    28.1414    -0.0070     0.0012    22.1400    22.1344     19.322     19.553    1466.55    1466.55     5.1084     5.1348    70.7080    71.0720  0.000e+00
      28925     20.000     6.0055     6.0059    2.83897    2.83897          1     2.9008     2.7331      30.51      0.447     0.5975     0.2312  1.000e-12  1.4487000    28.3183    28.3180    -0.0003     0.0004    22.2770    22.2767     19.817     20.051    1466.67    1466.67     5.0553     5.1034    70.0080    70.6750  0.000e+00
      28952     20.500     5.9843     5.9857    2.84992    2.84937          1     2.8699     2.7039      30.03      0.445     0.6173     0.2842  1.000e-12  1.3334000    28.4563    28.4491    -0.0072     0.0014    22.3881    22.3822     20.313     20.549    1466.76    1466.76     4.9784     5.0294    68.9720    69.6780  0.000e+00
      28978     21.000     5.9529     5.9516    2.87765    2.88022          1     2.8417     2.6765      29.59      0.455     0.6313     0.2622  1.000e-12  1.2931000    28.7883    28.8178     0.0295    -0.0013    22.6535    22.6769     20.808     21.047    1467.06    1467.09     4.9287     4.9825    68.3830    69.1400  0.000e+00
      29005     21.500     5.9492     5.9491    2.90309    2.90357          1     2.8200     2.6545      29.06      0.454     0.5835     0.2301  1.000e-12  1.4091000    29.0721    29.0774     0.0053    -0.0001    22.8778    22.8820     21.303     21.545    1467.41    1467.42     4.9042     4.9647    68.1660    69.0080  0.000e+00
      29030     22.000     5.9520     5.9518    2.91580    2.91599          1     2.8062     2.6390      28.56      0.460     0.5633     0.2390  1.000e-12  1.5508000    29.2098    29.2121     0.0023    -0.0002    22.9861    22.9880     21.799     22.043    1467.61    1467.61     4.8972     4.9683    68.1350    69.1250  0.000e+00
      29056     22.500     5.9539     5.9539    2.92939    2.92981          1     2.7973     2.6285      28.07      0.471     0.4942     0.2482  1.000e-12  1.7356000    29.3582    29.3628     0.0046    -0.0001    23.1030    23.1067     22.294     22.541    1467.81    1467.81     4.8931     4.9704    68.1490    69.2260  0.000e+00
      29082     23.000     5.9544     5.9543    2.93301    2.93299          1     2.7921     2.6216      27.61      0.465     0.4536     0.2389  1.000e-12  1.6750000    29.3976    29.3975    -0.0000    -0.0002    23.1340    23.1340     22.790     23.038    1467.87    1467.87     4.8940     4.9799    68.1790    69.3760  0.000e+00
      29108     23.500     5.9547     5.9545    2.93423    2.93401          1     2.7887     2.6174      27.12      0.460     0.4407     0.2377  1.000e-12  1.6804000    29.4106    29.4083    -0.0023    -0.0002    23.1442    23.1425     23.285     23.536    1467.89    1467.89     4.8878     4.9795    68.1000    69.3750  0.000e+00
      29134     24.000     5.9554     5.9553    2.93626    2.93650          1     2.7848     2.6131      26.59      0.459     0.4378     0.2639  1.000e-12  1.5794000    29.4323    29.4350     0.0027    -0.0001    23.1613    23.1634     23.780     24.034    1467.93    1467.94     4.8782     4.9696    67.9760    69.2510  0.000e+00
      29161     24.500     5.9596     5.9594    2.94527    2.94547          1     2.7809     2.6096      26.07      0.452     0.4268     0.2821  1.000e-12  1.5642000    29.5281    29.5304     0.0023    -0.0002    23.2364    23.2382     24.276     24.532    1468.08    1468.08     4.8628     4.9596    67.8110    69.1630  0.000e+00
      29187     25.000     5.9631     5.9627    2.95054    2.95042          1     2.7764     2.6055      25.58      0.453     0.4184     0.2441  1.000e-12  1.5625000    29.5832    29.5821    -0.0010    -0.0003    23.2795    23.2787     24.771     25.029    1468.17    1468.17     4.8508     4.9433    67.6740    68.9640  0.000e+00
