ctdpy/tests/etc/exprapp_april_2020/SBE09_1387_20200414_1152_77_10_0336.cnv
* Sea-Bird SBE 9 Data File:
* FileName = L:\2020\sv20d0336.hex
* Software Version Seasave V 7.26.7.121
* Temperature SN = 6378
* Conductivity SN = 4824
* Number of Bytes Per Scan = 41
* Number of Voltage Words = 4
* Number of Scans Averaged by the Deck Unit = 1
* NMEA Latitude = 58 15.59 N
* NMEA Longitude = 011 26.12 E
* NMEA UTC (Time) = Apr 14 2020  11:52:42
* NMEA baud rate = 4800
** Station:  Slaggo
** Operator:  SSip
** Ship: SVEA
** Average sound velocity: 1473.79 m/s
** True-depth calculation Tue, 14 Apr 2020 13:34:02 +0000
** CTD Python Module SMHI /ver 3-12/ feb 2012 
** LIMS Job: 20207710-0336
** Cruise: SMHI-07-2020
** Latitude [GG MM.mm N] :
** Longitude [GGG MM.mm E]:
# nquan = 30
# nvalues = 143                         
# units = specified
# name 0 = scan: Scan Count
# name 1 = prDM: Pressure, Digiquartz [db]
# name 2 = t090C: Temperature [ITS-90, deg C]
# name 3 = t190C: Temperature, 2 [ITS-90, deg C]
# name 4 = c0S/m: Conductivity [S/m]
# name 5 = c1S/m: Conductivity, 2 [S/m]
# name 6 = pumps: Pump Status
# name 7 = sbeox0V: Oxygen raw, SBE 43 [V]
# name 8 = sbeox1V: Oxygen raw, SBE 43, 2 [V]
# name 9 = altM: Altimeter [m]
# name 10 = dz/dtM: Descent Rate [m/s]
# name 11 = flECO-AFL: Chl-a Fluorescence, WET Labs ECO-AFL/FL [mg/m^3]
# name 12 = flECO-AFL1: Phycocyanin Fluorescence, WET Labs ECO-AFL/FL, 2 [mg/m^3]
# name 13 = par: PAR/Irradiance, Biospherical/Lico [µE/(cm^2*s)]
# name 14 = turbWETntu0: Turbidity, WET Labs ECO [NTU]
# name 15 = sal00: Salinity, Practical [PSU]
# name 16 = sal11: Salinity, Practical, 2 [PSU]
# name 17 = secS-priS: Salinity, Practical, Difference, 2 - 1 [PSU]
# name 18 = T2-T190C: Temperature Difference, 2 - 1 [ITS-90, deg C]
# name 19 = sigma-t00: Density [sigma-t, kg/m^3 ]
# name 20 = sigma-t11: Density, 2 [sigma-t, kg/m^3 ]
# name 21 = depSM: Depth [salt water, m], lat = 58.2598
# name 22 = depFM: Depth [true depth, m], lat = 58.2598
# name 23 = svCM: Sound Velocity [Chen-Millero, m/s]
# name 24 = svCM1: Sound Velocity, 2 [Chen-Millero, m/s]
# name 25 = sbeox0ML/L: Oxygen, SBE 43 [ml/l], WS = 2
# name 26 = sbeox1ML/L: Oxygen, SBE 43, 2 [ml/l], WS = 2
# name 27 = sbeox0PS: Oxygen, SBE 43 [% saturation], WS = 2
# name 28 = sbeox1PS: Oxygen, SBE 43, 2 [% saturation], WS = 2
# name 29 = flag: flag
# span 0 =      40653,      45116       
# span 1 =      1.500,     72.500       
# span 2 =     5.9935,     6.7297       
# span 3 =     5.9798,     6.7288       
# span 4 =   2.676373,   3.383715       
# span 5 =   2.676801,   3.380629       
# span 6 =          1,          1       
# span 7 =     3.4053,     3.7456       
# span 8 =     3.1862,     3.4960       
# span 9 =       1.12,      97.25       
# span 10 =     -0.205,      0.506      
# span 11 =     0.2794,     2.1098      
# span 12 =     0.1491,     0.5517      
# span 13 = 1.0000e-12, 1.8665e+02      
# span 14 =     0.4361,     1.4774      
# span 15 =    25.9946,    33.8382      
# span 16 =    26.0002,    33.8125      
# span 17 =    -0.0291,     0.1879      
# span 18 =    -0.0284,     0.0098      
# span 19 =    20.3668,    26.5672      
# span 20 =    20.3706,    26.5480      
# span 21 =      1.486,     71.814      
# span 22 =      1.497,     72.004      
# span 23 =    1466.12,    1476.55      
# span 24 =    1466.12,    1476.47      
# span 25 =     6.2262,     7.1842      
# span 26 =     6.3293,     7.3186      
# span 27 =     88.336,     99.642      
# span 28 =     89.738,    101.507      
# span 29 = 0.0000e+00, 0.0000e+00      
# interval = decibars: 0.5              
# start_time = Apr 14 2020 11:52:43 [NMEA time, first data scan]
# bad_flag = -9.990e-29
*END*
      40653      1.500     6.7204     6.7191    2.67637    2.67680          1     3.7448     3.4926      77.93      0.160     1.8080     0.4787  1.867e+02  0.5162000    25.9946    26.0002     0.0055    -0.0013    20.3668    20.3713      1.486      1.497    1466.32    1466.33     7.1842     7.3186    99.6420   101.5070  0.000e+00
      40695      2.000     6.7230     6.7251    2.67702    2.67738          1     3.7456     3.4949      57.64      0.279     2.0605     0.4406  1.478e+02  0.5226000    25.9994    26.0017     0.0023     0.0021    20.3703    20.3718      1.981      1.996    1466.35    1466.36     7.1786     7.3173    99.5730   101.5040  0.000e+00
      40729      2.500     6.7264     6.7275    2.67751    2.67746          1     3.7446     3.4960      92.73      0.344     2.0797     0.4631  1.160e+02  0.5193000    26.0018    26.0005    -0.0013     0.0010    20.3717    20.3706      2.477      2.496    1466.38    1466.38     7.1693     7.3097    99.4540   101.4040  0.000e+00
      40759      3.000     6.7297     6.7276    2.67765    2.67762          1     3.7430     3.4951      96.83      0.394     2.1098     0.4621  9.238e+01  0.5265000    26.0006    26.0018     0.0012    -0.0021    20.3704    20.3716      2.972      2.995    1466.40    1466.39     7.1691     7.3017    99.4590   101.2940  0.000e+00
      40789      3.500     6.7229     6.7288    2.67779    2.67775          1     3.7415     3.4941      96.92      0.395     2.0915     0.4351  7.306e+01  0.5069000    26.0070    26.0022    -0.0048     0.0059    20.3762    20.3718      3.467      3.494    1466.38    1466.40     7.1582     7.2964    99.2950   101.2230  0.000e+00
      40817      4.000     6.7110     6.7150    2.67806    2.67785          1     3.7380     3.4928      96.91      0.416     2.0915     0.4729  5.804e+01  0.5138000    26.0187    26.0135    -0.0053     0.0040    20.3868    20.3822      3.963      3.993    1466.36    1466.37     7.1346     7.2741    98.9480   100.8890  0.000e+00
      40842      4.500     6.6912     6.6907    2.67792    2.67776          1     3.7265     3.4848      96.36      0.463     2.0972     0.5517  4.658e+01  0.5180000    26.0321    26.0308    -0.0013    -0.0005    20.3996    20.3986      4.458      4.492    1466.30    1466.30     7.0479     7.1840    97.7090    99.5930  0.000e+00
      40868      5.000     6.6404     6.6207    2.68053    2.68103          1     3.6993     3.4667      96.92      0.467     2.0908     0.5174  3.777e+01  0.5137000    26.0985    26.1189     0.0204    -0.0197    20.4575    20.4758      4.953      4.991    1466.19    1466.14     6.9082     7.0282    95.6990    97.3290  0.000e+00
      40895      5.500     6.5830     6.5779    2.68783    2.68873          1     3.6532     3.4289      96.92      0.452     2.0466     0.4547  3.121e+01  0.5005000    26.2204    26.2340     0.0136    -0.0051    20.5599    20.5712      5.449      5.490    1466.12    1466.12     6.7345     6.7969    93.2410    94.1040  0.000e+00
      40921      6.000     6.3432     6.3167    2.74870    2.75521          1     3.5982     3.3795      89.74      0.459     1.7613     0.4755  2.552e+01  0.4759000    27.0652    27.1567     0.0916    -0.0265    21.2518    21.3269      5.944      5.989    1466.23    1466.23     6.5716     6.5874    90.9800    91.1960  0.000e+00
      40946      6.500     6.1557     6.1272    2.82725    2.84016          1     3.5436     3.3270      96.93      0.475     1.0874     0.3701  2.109e+01  0.4361000    28.0717    28.2374     0.1657    -0.0284    22.0658    22.1996      6.440      6.487    1466.74    1466.84     6.4611     6.4648    89.6480    89.7380  0.000e+00
      40970      7.000     5.9935     5.9798    3.02136    3.03720          1     3.5025     3.2864      96.44      0.489     0.5820     0.2207  1.746e+01  0.4609000    30.3501    30.5380     0.1879    -0.0137    23.8812    24.0311      6.935      6.985    1468.97    1469.15     6.3599     6.3926    89.2440    89.7870  0.000e+00
      40995      7.500     6.0368     6.0467    3.10783    3.11056          1     3.4735     3.2578      68.85      0.491     0.4552     0.1884  1.509e+01  0.6498000    31.2707    31.2919     0.0213     0.0098    24.6025    24.6182      7.430      7.482    1470.31    1470.37     6.2992     6.3668    89.0250    90.0140  0.000e+00
      41020      8.000     6.0630     6.0629    3.12222    3.12258          1     3.4515     3.2369      96.70      0.479     0.4017     0.1895  1.353e+01  0.8609000    31.4064    31.4104     0.0040    -0.0001    24.7065    24.7097      7.926      7.979    1470.59    1470.60     6.2679     6.3586    88.7170    90.0030  0.000e+00
      41045      8.500     6.0769     6.0758    3.13979    3.14005          1     3.4334     3.2197      83.43      0.472     0.3817     0.1858  1.232e+01  0.9592000    31.5888    31.5927     0.0039    -0.0011    24.8488    24.8521      8.421      8.476    1470.88    1470.88     6.2358     6.3315    88.3980    89.7550  0.000e+00
      41070      9.000     6.0682     6.0707    3.15151    3.15156          1     3.4204     3.2063      56.85      0.476     0.3692     0.1727  1.115e+01  0.9765000    31.7273    31.7255    -0.0018     0.0025    24.9592    24.9575      8.916      8.973    1471.03    1471.04     6.2270     6.3293    88.3360    89.7920  0.000e+00
      41094      9.500     6.0545     6.0547    3.15676    3.15675          1     3.4126     3.1977      96.82      0.490     0.3519     0.1602  9.973e+00  0.9292000    31.7983    31.7980    -0.0003     0.0001    25.0169    25.0166      9.412      9.470    1471.08    1471.08     6.2339     6.3404    88.4480    89.9590  0.000e+00
      41119     10.000     6.0566     6.0558    3.16013    3.15993          1     3.4094     3.1922      96.92      0.489     0.3328     0.1785  8.958e+00  0.9013000    31.8337    31.8322    -0.0015    -0.0008    25.0446    25.0435      9.907      9.967    1471.14    1471.13     6.2369     6.3485    88.5160    90.0970  0.000e+00
      41144     10.500     6.0711     6.0693    3.16559    3.16562          1     3.4063     3.1887      96.91      0.481     0.3332     0.1699  8.043e+00  0.9209000    31.8807    31.8827     0.0020    -0.0018    25.0799    25.0817     10.402     10.464    1471.26    1471.26     6.2303     6.3463    88.4790    90.1250  0.000e+00
      41170     11.000     6.0811     6.0804    3.17238    3.17243          1     3.4053     3.1862      96.92      0.471     0.3388     0.1526  7.184e+00  0.9534000    31.9467    31.9480     0.0012    -0.0007    25.1308    25.1319     10.898     10.961    1471.39    1471.39     6.2411     6.3569    88.6920    90.3380  0.000e+00
      41195     11.500     6.0811     6.0806    3.17781    3.17776          1     3.4087     3.1877      96.90      0.471     0.3251     0.1746  6.401e+00  0.9902000    32.0070    32.0070    -0.0000    -0.0006    25.1784    25.1784     11.393     11.457    1471.48    1471.48     6.2638     6.3879    89.0500    90.8140  0.000e+00
      41220     12.000     6.0939     6.0937    3.18569    3.18571          1     3.4140     3.1913      96.91      0.482     0.3152     0.2003  5.736e+00  1.0032000    32.0825    32.0830     0.0004    -0.0002    25.2365    25.2368     11.888     11.954    1471.63    1471.63     6.2710     6.3986    89.2250    91.0390  0.000e+00
      41244     12.500     6.1191     6.1193    3.19276    3.19295          1     3.4174     3.1945      96.48      0.491     0.3268     0.1727  5.192e+00  1.0133000    32.1372    32.1392     0.0020     0.0001    25.2766    25.2781     12.384     12.451    1471.81    1471.81     6.2624     6.3933    89.1870    91.0530  0.000e+00
      41269     13.000     6.1283     6.1279    3.19572    3.19560          1     3.4188     3.1966      96.88      0.489     0.3322     0.1874  4.705e+00  1.0534000    32.1614    32.1604    -0.0010    -0.0004    25.2945    25.2938     12.879     12.947    1471.88    1471.88     6.2546     6.3861    89.1100    90.9810  0.000e+00
      41294     13.500     6.1296     6.1292    3.19673    3.19642          1     3.4191     3.1978      96.91      0.481     0.3329     0.1889  4.265e+00  1.0894000    32.1712    32.1681    -0.0030    -0.0005    25.3021    25.2997     13.374     13.444    1471.91    1471.91     6.2548     6.3847    89.1220    90.9690  0.000e+00
      41319     14.000     6.1326     6.1323    3.20079    3.20068          1     3.4198     3.1987      69.22      0.481     0.3428     0.1772  3.842e+00  1.1938000    32.2133    32.2122    -0.0011    -0.0002    25.3350    25.3342     13.870     13.941    1471.98    1471.98     6.2508     6.3810    89.0950    90.9500  0.000e+00
      41343     14.500     6.1352     6.1350    3.20532    3.20526          1     3.4186     3.1983      97.25      0.494     0.3458     0.2043  3.452e+00  1.2747000    32.2611    32.2606    -0.0005    -0.0002    25.3724    25.3720     14.365     14.438    1472.06    1472.06     6.2380     6.3663    88.9460    90.7750  0.000e+00
      41367     15.000     6.1339     6.1334    3.20619    3.20607          1     3.4165     3.1971      96.92      0.497     0.3315     0.1948  3.109e+00  1.1844000    32.2717    32.2709    -0.0008    -0.0005    25.3809    25.3803     14.860     14.934    1472.08    1472.08     6.2281     6.3536    88.8090    90.5970  0.000e+00
      41392     15.500     6.1301     6.1295    3.20645    3.20630          1     3.4134     3.1946      59.83      0.484     0.3255     0.2126  2.794e+00  1.1008000    32.2780    32.2769    -0.0010    -0.0006    25.3863    25.3856     15.355     15.431    1472.08    1472.08     6.2262     6.3520    88.7770    90.5680  0.000e+00
      41418     16.000     6.1280     6.1297    3.20856    3.21010          1     3.4123     3.1938      96.99      0.474     0.3266     0.1987  2.514e+00  1.0872000    32.3034    32.3189     0.0155     0.0017    25.4066    25.4187     15.851     15.928    1472.11    1472.14     6.2270     6.3557    88.8000    90.6480  0.000e+00
      41442     16.500     6.1380     6.1387    3.21771    3.21810          1     3.4114     3.1932      78.30      0.480     0.3208     0.2348  2.269e+00  1.0815000    32.3956    32.3992     0.0036     0.0007    25.4782    25.4809     16.346     16.424    1472.28    1472.28     6.2283     6.3523    88.8920    90.6670  0.000e+00
      41467     17.000     6.1401     6.1401    3.21882    3.21884          1     3.4133     3.1931      89.39      0.490     0.3160     0.2129  2.043e+00  1.1193000    32.4058    32.4059     0.0001     0.0001    25.4860    25.4860     16.841     16.921    1472.31    1472.31     6.2424     6.3606    89.1050    90.7920  0.000e+00
      41492     17.500     6.1401     6.1402    3.21858    3.21861          1     3.4161     3.1942      90.97      0.486     0.3212     0.2018  1.838e+00  1.1268000    32.4028    32.4031     0.0003     0.0001    25.4836    25.4838     17.337     17.417    1472.31    1472.31     6.2507     6.3656    89.2210    90.8620  0.000e+00
      41517     18.000     6.1451     6.1432    3.22092    3.21998          1     3.4188     3.1950      76.58      0.476     0.3217     0.2177  1.659e+00  1.0960000    32.4239    32.4152    -0.0087    -0.0019    25.4996    25.4930     17.832     17.914    1472.36    1472.35     6.2523     6.3713    89.2660    90.9570  0.000e+00
      41542     18.500     6.1473     6.1471    3.22204    3.22189          1     3.4204     3.1966      96.93      0.473     0.3210     0.2033  1.498e+00  1.1018000    32.4340    32.4326    -0.0014    -0.0002    25.5073    25.5063     18.327     18.411    1472.39    1472.39     6.2548     6.3767    89.3120    91.0520  0.000e+00
      41567     19.000     6.1480     6.1476    3.22234    3.22212          1     3.4228     3.1983      96.46      0.479     0.3264     0.2073  1.355e+00  1.1199000    32.4364    32.4344    -0.0020    -0.0004    25.5092    25.5077     18.823     18.907    1472.41    1472.40     6.2665     6.3922    89.4830    91.2760  0.000e+00
      41592     19.500     6.1486     6.1483    3.22280    3.22257          1     3.4267     3.2022      96.91      0.488     0.3250     0.2175  1.214e+00  1.0921000    32.4407    32.4385    -0.0022    -0.0004    25.5125    25.5108     19.318     19.404    1472.42    1472.42     6.2843     6.4155    89.7410    91.6130  0.000e+00
      41616     20.000     6.1527     6.1532    3.22539    3.22574          1     3.4318     3.2068      90.00      0.491     0.3204     0.1948  1.096e+00  1.0955000    32.4655    32.4690     0.0035     0.0005    25.5316    25.5342     19.813     19.900    1472.48    1472.49     6.2935     6.4203    89.8970    91.7110  0.000e+00
      41641     20.500     6.1667     6.1672    3.23388    3.23443          1     3.4356     3.2095      88.80      0.487     0.3196     0.1901  9.944e-01  1.1318000    32.5465    32.5521     0.0057     0.0005    25.5937    25.5981     20.309     20.397    1472.65    1472.65     6.2894     6.4079    89.9160    91.6130  0.000e+00
      41666     21.000     6.1754     6.1765    3.24109    3.24181          1     3.4382     3.2116      96.89      0.473     0.3345     0.1637  8.967e-01  1.0466000    32.6183    32.6252     0.0069     0.0011    25.6494    25.6547     20.804     20.894    1472.78    1472.79     6.2864     6.4090    89.9330    91.6940  0.000e+00
      41691     21.500     6.1846     6.1853    3.24669    3.24697          1     3.4398     3.2136      70.02      0.475     0.3323     0.2015  8.142e-01  0.9917000    32.6716    32.6741     0.0025     0.0007    25.6903    25.6922     21.299     21.390    1472.89    1472.90     6.2823     6.4072    89.9250    91.7160  0.000e+00
      41716     22.000     6.1910     6.1912    3.25051    3.25056          1     3.4402     3.2150      72.43      0.488     0.3266     0.1803  7.376e-01  0.9846000    32.7079    32.7083     0.0004     0.0002    25.7181    25.7184     21.795     21.887    1472.97    1472.97     6.2761     6.4044    89.8720    91.7100  0.000e+00
      41740     22.500     6.1974     6.1959    3.25436    3.25345          1     3.4406     3.2161      63.38      0.490     0.3278     0.1980  6.668e-01  0.9173000    32.7445    32.7356    -0.0088    -0.0014    25.7462    25.7394     22.290     22.383    1473.05    1473.03     6.2763     6.4007    89.9100    91.6840  0.000e+00
      41766     23.000     6.2018     6.2018    3.25664    3.25660          1     3.4410     3.2163      96.45      0.481     0.3208     0.2449  6.096e-01  0.9179000    32.7653    32.7650    -0.0004     0.0000    25.7621    25.7618     22.785     22.880    1473.10    1473.10     6.2775     6.3982    89.9490    91.6780  0.000e+00
      41790     23.500     6.2046     6.2062    3.25818    3.25858          1     3.4420     3.2172      39.88      0.478     0.3223     0.1779  5.598e-01  0.9450000    32.7795    32.7825     0.0030     0.0015    25.7729    25.7751     23.280     23.376    1473.14    1473.15     6.2789     6.4013    89.9840    91.7420  0.000e+00
      41815     24.000     6.2126     6.2137    3.26172    3.26215          1     3.4423     3.2175      71.01      0.491     0.3336     0.1491  5.106e-01  0.9354000    32.8111    32.8148     0.0037     0.0011    25.7968    25.7997     23.776     23.872    1473.22    1473.23     6.2755     6.3963    89.9700    91.7060  0.000e+00
      41839     24.500     6.2176     6.2174    3.26414    3.26397          1     3.4428     3.2178      49.24      0.494     0.3275     0.2136  4.626e-01  0.9728000    32.8330    32.8313    -0.0017    -0.0002    25.8135    25.8122     24.271     24.369    1473.27    1473.27     6.2784     6.3977    90.0350    91.7440  0.000e+00
      41864     25.000     6.2220     6.2237    3.26639    3.26717          1     3.4438     3.2184      49.84      0.482     0.3201     0.2341  4.237e-01  0.9932000    32.8535    32.8606     0.0071     0.0017    25.8292    25.8345     24.766     24.865    1473.33    1473.34     6.2792     6.3991    90.0680    91.7960  0.000e+00
