ctdpy/tests/etc/exprapp_april_2020/SBE09_1387_20200414_1152_77_10_0336.cnv
* Sea-Bird SBE 9 Data File:
* FileName = L:\2020\sv20d0336.hex
* Software Version Seasave V 7.26.7.121
* Temperature SN = 6378
* Conductivity SN = 4824
* Number of Bytes Per Scan = 41
* Number of Voltage Words = 4
* Number of Scans Averaged by the Deck Unit = 1
* NMEA Latitude = 58 15.59 N
* NMEA Longitude = 011 26.12 E
* NMEA UTC (Time) = Apr 14 2020  11:52:42
* NMEA baud rate = 4800
** Station:  Slaggo
** Operator:  SSip
** Ship: SVEA
** Average sound velocity: 1473.79 m/s
** True-depth calculation Tue, 14 Apr 2020 13:34:02 +0000
** CTD Python Module SMHI /ver 3-12/ feb 2012 
** LIMS Job: 20207710-0336
** Cruise: SMHI-07-2020
** Latitude [GG MM.mm N] :
** Longitude [GGG MM.mm E]:
# nquan = 30
# nvalues = 143                         
# units = specified
# name 0 = scan: Scan Count
# name 1 = prDM: Pressure, Digiquartz [db]
# name 2 = t090C: Temperature [ITS-90, deg C]
# name 3 = t190C: Temperature, 2 [ITS-90, deg C]
# name 4 = c0S/m: Conductivity [S/m]
# name 5 = c1S/m: Conductivity, 2 [S/m]
# name 6 = pumps: Pump Status
# name 7 = sbeox0V: Oxygen raw, SBE 43 [V]
# name 8 = sbeox1V: Oxygen raw, SBE 43, 2 [V]
# name 9 = altM: Altimeter [m]
# name 10 = dz/dtM: Descent Rate [m/s]
# name 11 = flECO-AFL: Chl-a Fluorescence, WET Labs ECO-AFL/FL [mg/m^3]
# name 12 = flECO-AFL1: Phycocyanin Fluorescence, WET Labs ECO-AFL/FL, 2 [mg/m^3]
# name 13 = par: PAR/Irradiance, Biospherical/Lico [µE/(cm^2*s)]
# name 14 = turbWETntu0: Turbidity, WET Labs ECO [NTU]
# name 15 = sal00: Salinity, Practical [PSU]
# name 16 = sal11: Salinity, Practical, 2 [PSU]
# name 17 = secS-priS: Salinity, Practical, Difference, 2 - 1 [PSU]
# name 18 = T2-T190C: Temperature Difference, 2 - 1 [ITS-90, deg C]
# name 19 = sigma-t00: Density [sigma-t, kg/m^3 ]
# name 20 = sigma-t11: Density, 2 [sigma-t, kg/m^3 ]
# name 21 = depSM: Depth [salt water, m], lat = 58.2598
# name 22 = depFM: Depth [true depth, m], lat = 58.2598
# name 23 = svCM: Sound Velocity [Chen-Millero, m/s]
# name 24 = svCM1: Sound Velocity, 2 [Chen-Millero, m/s]
# name 25 = sbeox0ML/L: Oxygen, SBE 43 [ml/l], WS = 2
# name 26 = sbeox1ML/L: Oxygen, SBE 43, 2 [ml/l], WS = 2
# name 27 = sbeox0PS: Oxygen, SBE 43 [% saturation], WS = 2
# name 28 = sbeox1PS: Oxygen, SBE 43, 2 [% saturation], WS = 2
# name 29 = flag: flag
# span 0 =      40653,      45116       
# span 1 =      1.500,     72.500       
# span 2 =     5.9935,     6.7297       
# span 3 =     5.9798,     6.7288       
# span 4 =   2.676373,   3.383715       
# span 5 =   2.676801,   3.380629       
# span 6 =          1,          1       
# span 7 =     3.4053,     3.7456       
# span 8 =     3.1862,     3.4960       
# span 9 =       1.12,      97.25       
# span 10 =     -0.205,      0.506      
# span 11 =     0.2794,     2.1098      
# span 12 =     0.1491,     0.5517      
# span 13 = 1.0000e-12, 1.8665e+02      
# span 14 =     0.4361,     1.4774      
# span 15 =    25.9946,    33.8382      
# span 16 =    26.0002,    33.8125      
# span 17 =    -0.0291,     0.1879      
# span 18 =    -0.0284,     0.0098      
# span 19 =    20.3668,    26.5672      
# span 20 =    20.3706,    26.5480      
# span 21 =      1.486,     71.814      
# span 22 =      1.497,     72.004      
# span 23 =    1466.12,    1476.55      
# span 24 =    1466.12,    1476.47      
# span 25 =     6.2262,     7.1842      
# span 26 =     6.3293,     7.3186      
# span 27 =     88.336,     99.642      
# span 28 =     89.738,    101.507      
# span 29 = 0.0000e+00, 0.0000e+00      
# interval = decibars: 0.5              
# start_time = Apr 14 2020 11:52:43 [NMEA time, first data scan]
# bad_flag = -9.990e-29
*END*
[from data line 49]
      41915     26.000     6.2370     6.2365    3.27377    3.27354          1     3.4462     3.2201      49.08      0.475     0.3114     0.2148  3.499e-01  0.9550000    32.9209    32.9187    -0.0021    -0.0005    25.8805    25.8788     25.757     25.858    1473.48    1473.48     6.2844     6.4048    90.2150    91.9410  0.000e+00
      41939     26.500     6.2525     6.2507    3.28173    3.28112          1     3.4479     3.2212      54.19      0.487     0.3153     0.1991  3.216e-01  0.9420000    32.9943    32.9893    -0.0050    -0.0017    25.9365    25.9327     26.252     26.355    1473.65    1473.63     6.2807     6.4001    90.2380    91.9460  0.000e+00
      41964     27.000     6.2608     6.2620    3.28602    3.28669          1     3.4485     3.2222      95.76      0.493     0.3164     0.2043  2.865e-01  0.9651000    33.0337    33.0402     0.0064     0.0012    25.9665    25.9715     26.747     26.851    1473.74    1473.75     6.2743     6.4011    90.1870    92.0150  0.000e+00
      41988     27.500     6.2733     6.2717    3.29216    3.29169          1     3.4482     3.2235      49.52      0.491     0.3165     0.2250  2.600e-01  0.9502000    33.0898    33.0861    -0.0037    -0.0016    26.0092    26.0065     27.243     27.347    1473.87    1473.86     6.2691     6.4009    90.1710    92.0620  0.000e+00
      42014     28.000     6.2900     6.2899    3.30056    3.30074          1     3.4484     3.2247      53.65      0.475     0.3039     0.2310  2.334e-01  0.9623000    33.1670    33.1690     0.0020    -0.0001    26.0680    26.0696     27.738     27.844    1474.04    1474.04     6.2639     6.3926    90.1780    92.0330  0.000e+00
      42040     28.500     6.2918     6.2912    3.30165    3.30136          1     3.4482     3.2244      46.33      0.466     0.2922     0.1870  2.143e-01  1.0223000    33.1771    33.1744    -0.0027    -0.0005    26.0758    26.0737     28.233     28.340    1474.07    1474.06     6.2641     6.3806    90.1910    91.8650  0.000e+00
      42064     29.000     6.2918     6.2915    3.30176    3.30156          1     3.4488     3.2237      46.32      0.480     0.3004     0.1676  1.977e-01  1.0056000    33.1781    33.1761    -0.0020    -0.0003    26.0765    26.0750     28.729     28.836    1474.08    1474.07     6.2683     6.3860    90.2520    91.9440  0.000e+00
      42088     29.500     6.2919     6.2915    3.30184    3.30165          1     3.4493     3.2239      45.62      0.494     0.2939     0.2026  1.749e-01  0.9621000    33.1786    33.1769    -0.0018    -0.0004    26.0770    26.0756     29.224     29.333    1474.09    1474.08     6.2674     6.3855    90.2400    91.9370  0.000e+00
      42113     30.000     6.2917     6.2925    3.30185    3.30212          1     3.4491     3.2237      44.99      0.492     0.2794     0.2241  1.593e-01  0.9752000    33.1787    33.1809     0.0023     0.0008    26.0770    26.0787     29.719     29.829    1474.09    1474.10     6.2658     6.3883    90.2160    91.9820  0.000e+00
      42138     30.500     6.2922     6.2926    3.30220    3.30224          1     3.4494     3.2246      44.47      0.476     0.2997     0.2121  1.453e-01  1.0006000    33.1818    33.1818     0.0000     0.0004    26.0794    26.0794     30.214     30.325    1474.11    1474.11     6.2685     6.3940    90.2580    92.0670  0.000e+00
      42163     31.000     6.2918     6.2918    3.30207    3.30194          1     3.4495     3.2248      44.09      0.475     0.3030     0.2279  1.259e-01  0.9824000    33.1805    33.1792    -0.0013    -0.0001    26.0784    26.0774     30.710     30.822    1474.11    1474.11     6.2704     6.3906    90.2830    92.0130  0.000e+00
      42188     31.500     6.2922     6.2914    3.30235    3.30191          1     3.4505     3.2248      43.71      0.489     0.2989     0.2492  1.131e-01  0.9622000    33.1830    33.1788    -0.0042    -0.0008    26.0804    26.0772     31.205     31.318    1474.13    1474.12     6.2795     6.3915    90.4170    92.0250  0.000e+00
      42212     32.000     6.2946     6.2928    3.30334    3.30258          1     3.4526     3.2253      43.25      0.491     0.3171     0.1606  1.013e-01  0.9386000    33.1915    33.1847    -0.0068    -0.0018    26.0868    26.0816     31.700     31.814    1474.15    1474.14     6.2849     6.4008    90.5050    92.1660  0.000e+00
      42237     32.500     6.2972     6.2961    3.30452    3.30398          1     3.4545     3.2268      51.35      0.481     0.3074     0.2029  8.636e-02  0.9354000    33.2018    33.1969    -0.0050    -0.0012    26.0946    26.0908     32.196     32.311    1474.19    1474.17     6.2868     6.4066    90.5440    92.2640  0.000e+00
      42262     33.000     6.3023     6.3064    3.30639    3.30793          1     3.4554     3.2281      61.12      0.478     0.3053     0.1766  7.649e-02  0.9328000    33.2174    33.2306     0.0132     0.0041    26.1062    26.1161     32.691     32.807    1474.23    1474.27     6.2824     6.4055    90.5010    92.2910  0.000e+00
      42286     33.500     6.3218     6.3213    3.31376    3.31363          1     3.4557     3.2293      41.73      0.491     0.3154     0.2642  6.619e-02  0.9429000    33.2802    33.2792    -0.0010    -0.0005    26.1533    26.1526     33.186     33.303    1474.40    1474.39     6.2802     6.4063    90.5470    92.3640  0.000e+00
      42310     34.000     6.3373     6.3376    3.31999    3.32004          1     3.4573     3.2306      41.14      0.501     0.3106     0.1938  4.761e-02  0.9438000    33.3342    33.3345     0.0002     0.0003    26.1939    26.1941     33.681     33.800    1474.53    1474.54     6.2819     6.4023    90.6380    92.3760  0.000e+00
      42335     34.500     6.3445     6.3447    3.32250    3.32253          1     3.4586     3.2320      40.90      0.493     0.3167     0.2131  3.935e-02  0.9128000    33.3549    33.3549     0.0000     0.0003    26.2093    26.2093     34.177     34.296    1474.60    1474.60     6.2847     6.4079    90.7050    92.4840  0.000e+00
      42361     35.000     6.3506     6.3547    3.32454    3.32568          1     3.4606     3.2332      40.17      0.476     0.3164     0.2487  2.409e-02  0.8948000    33.3714    33.3800     0.0086     0.0041    26.2216    26.2278     34.672     34.792    1474.65    1474.68     6.2875     6.4017    90.7680    92.4310  0.000e+00
      42385     35.500     6.3646     6.3646    3.32908    3.32893          1     3.4616     3.2339      39.73      0.477     0.3052     0.2272  1.644e-02  0.9291000    33.4079    33.4063    -0.0016    -0.0000    26.2486    26.2473     35.167     35.288    1474.76    1474.76     6.2810     6.4018    90.7260    92.4700  0.000e+00
      42409     36.000     6.3709     6.3698    3.33080    3.33052          1     3.4620     3.2344      39.19      0.496     0.3054     0.2094  7.566e-03  0.9664000    33.4206    33.4185    -0.0021    -0.0010    26.2578    26.2563     35.663     35.785    1474.81    1474.80     6.2793     6.4001    90.7220    92.4640  0.000e+00
      42433     36.500     6.3927     6.3928    3.33793    3.33811          1     3.4619     3.2354      38.41      0.502     0.3096     0.1955  4.239e-03  0.9689000    33.4783    33.4803     0.0020     0.0001    26.3005    26.3021     36.158     36.281    1474.98    1474.98     6.2722     6.4010    90.7000    92.5650  0.000e+00
      42458     37.000     6.3985     6.3973    3.34026    3.33961          1     3.4619     3.2365      37.89      0.494     0.3190     0.2062  5.236e-04  1.0195000    33.4983    33.4923    -0.0060    -0.0012    26.3156    26.3109     36.653     36.777    1475.03    1475.02     6.2710     6.4014    90.7080    92.5870  0.000e+00
      42482     37.500     6.3964     6.3956    3.33945    3.33901          1     3.4620     3.2370      37.51      0.493     0.3196     0.2263  2.035e-04  1.0282000    33.4911    33.4870    -0.0041    -0.0008    26.3101    26.3070     37.148     37.273    1475.02    1475.01     6.2735     6.3970    90.7340    92.5170  0.000e+00
      42505     38.000     6.3962     6.3959    3.33943    3.33925          1     3.4624     3.2369      37.17      0.504     0.3028     0.2357  1.376e-06  0.9814000    33.4908    33.4891    -0.0017    -0.0003    26.3100    26.3086     37.644     37.769    1475.03    1475.03     6.2767     6.3945    90.7800    92.4820  0.000e+00
      42529     38.500     6.3970     6.3961    3.34010    3.33964          1     3.4627     3.2368      36.51      0.506     0.3008     0.2376  1.252e-11  1.0138000    33.4973    33.4931    -0.0042    -0.0009    26.3149    26.3118     38.139     38.266    1475.05    1475.04     6.2744     6.3972    90.7520    92.5240  0.000e+00
      42554     39.000     6.3995     6.3999    3.34151    3.34152          1     3.4626     3.2370      35.90      0.493     0.3138     0.2271  1.000e-12  0.9834000    33.5104    33.5100    -0.0004     0.0004    26.3249    26.3246     38.634     38.762    1475.08    1475.08     6.2730     6.3955    90.7450    92.5180  0.000e+00
      42578     39.500     6.4034     6.4027    3.34319    3.34279          1     3.4626     3.2369      35.35      0.487     0.3062     0.1774  1.000e-12  0.9828000    33.5249    33.5211    -0.0038    -0.0007    26.3359    26.3330     39.129     39.258    1475.12    1475.12     6.2733     6.3961    90.7670    92.5400  0.000e+00
      42602     40.000     6.4064     6.4058    3.34396    3.34368          1     3.4626     3.2374      34.75      0.496     0.3057     0.1911  1.000e-12  0.9778000    33.5303    33.5278    -0.0026    -0.0005    26.3398    26.3378     39.625     39.754    1475.15    1475.15     6.2713     6.3978    90.7470    92.5750  0.000e+00
      42626     40.500     6.4068     6.4060    3.34425    3.34370          1     3.4623     3.2371      34.28      0.505     0.3057     0.2398  1.000e-12  0.9564000    33.5329    33.5275    -0.0054    -0.0008    26.3418    26.3376     40.120     40.250    1475.16    1475.15     6.2700     6.3930    90.7320    92.5060  0.000e+00
      42650     41.000     6.4070     6.4067    3.34441    3.34424          1     3.4620     3.2370      33.82      0.500     0.3037     0.2231  1.000e-12  0.9395000    33.5341    33.5326    -0.0015    -0.0003    26.3427    26.3416     40.615     40.747    1475.18    1475.17     6.2728     6.3947    90.7720    92.5350  0.000e+00
      42675     41.500     6.4067     6.4066    3.34437    3.34425          1     3.4625     3.2370      33.42      0.489     0.3051     0.2218  1.000e-12  0.9015000    33.5339    33.5325    -0.0014    -0.0000    26.3425    26.3415     41.110     41.243    1475.18    1475.18     6.2755     6.3956    90.8110    92.5470  0.000e+00
      42699     42.000     6.4059     6.4056    3.34439    3.34418          1     3.4626     3.2370      33.03      0.493     0.3027     0.2596  1.000e-12  0.9192000    33.5345    33.5325    -0.0020    -0.0003    26.3432    26.3416     41.606     41.739    1475.19    1475.19     6.2746     6.3968    90.7960    92.5630  0.000e+00
      42724     42.500     6.4058     6.4059    3.34415    3.34392          1     3.4630     3.2373      32.48      0.495     0.2959     0.2484  1.000e-12  0.9768000    33.5317    33.5291    -0.0026     0.0001    26.3409    26.3389     42.101     42.235    1475.19    1475.19     6.2761     6.3999    90.8160    92.6070  0.000e+00
      42748     43.000     6.4062     6.4060    3.34407    3.34387          1     3.4628     3.2374      31.75      0.489     0.3071     0.2695  1.000e-12  1.0246000    33.5302    33.5282    -0.0020    -0.0002    26.3397    26.3382     42.596     42.731    1475.20    1475.20     6.2750     6.3958    90.8000    92.5460  0.000e+00
      42773     43.500     6.4069     6.4069    3.34450    3.34432          1     3.4625     3.2368      31.21      0.485     0.3140     0.2488  1.000e-12  0.9592000    33.5340    33.5321    -0.0020     0.0000    26.3426    26.3411     43.091     43.228    1475.22    1475.21     6.2706     6.3897    90.7410    92.4630  0.000e+00
      42797     44.000     6.4135     6.4146    3.34699    3.34733          1     3.4614     3.2356      30.80      0.487     0.3056     0.2141  1.000e-12  1.0107000    33.5550    33.5576     0.0026     0.0012    26.3584    26.3603     43.587     43.724    1475.28    1475.28     6.2652     6.3809    90.6890    92.3670  0.000e+00
      42821     44.500     6.4193     6.4178    3.34916    3.34850          1     3.4601     3.2346      30.32      0.497     0.2948     0.2120  1.000e-12  1.1136000    33.5732    33.5673    -0.0060    -0.0015    26.3720    26.3675     44.082     44.220    1475.33    1475.32     6.2600     6.3817    90.6360    92.3920  0.000e+00
      42845     45.000     6.4285     6.4264    3.35273    3.35181          1     3.4588     3.2337      29.72      0.499     0.2901     0.2096  1.000e-12  1.0384000    33.6036    33.5954    -0.0082    -0.0021    26.3947    26.3885     44.577     44.716    1475.41    1475.39     6.2544     6.3783    90.5930    92.3790  0.000e+00
      42870     45.500     6.4308     6.4304    3.35356    3.35320          1     3.4574     3.2333      29.10      0.495     0.2948     0.2031  1.000e-12  1.0770000    33.6102    33.6067    -0.0035    -0.0004    26.3997    26.3969     45.072     45.212    1475.44    1475.43     6.2522     6.3808    90.5700    92.4300  0.000e+00
      42894     46.000     6.4353     6.4349    3.35513    3.35475          1     3.4567     3.2333      28.59      0.491     0.2940     0.2282  1.000e-12  1.1753000    33.6230    33.6193    -0.0037    -0.0004    26.4092    26.4063     45.568     45.709    1475.48    1475.47     6.2518     6.3773    90.5810    92.3970  0.000e+00
      42918     46.500     6.4367     6.4368    3.35561    3.35551          1     3.4559     3.2323      28.02      0.497     0.2932     0.1836  1.000e-12  1.0950000    33.6267    33.6255    -0.0012     0.0001    26.4119    26.4109     46.063     46.205    1475.50    1475.50     6.2500     6.3728    90.5600    92.3390  0.000e+00
      42942     47.000     6.4363     6.4372    3.35549    3.35559          1     3.4553     3.2320      27.40      0.505     0.2949     0.2706  1.000e-12  1.1379000    33.6255    33.6259     0.0004     0.0008    26.4110    26.4112     46.558     46.701    1475.50    1475.51     6.2495     6.3752    90.5520    92.3750  0.000e+00
      42966     47.500     6.4365     6.4371    3.35554    3.35557          1     3.4550     3.2312      26.92      0.502     0.3021     0.1631  1.000e-12  1.1632000    33.6257    33.6255    -0.0002     0.0006    26.4111    26.4109     47.053     47.197    1475.51    1475.52     6.2536     6.3677    90.6110    92.2660  0.000e+00
      42991     48.000     6.4381     6.4377    3.35608    3.35580          1     3.4553     3.2301      26.28      0.492     0.3042     0.2352  1.000e-12  1.1393000    33.6299    33.6271    -0.0027    -0.0004    26.4142    26.4121     47.549     47.693    1475.53    1475.53     6.2543     6.3679    90.6270    92.2710  0.000e+00
      43015     48.500     6.4388     6.4382    3.35632    3.35598          1     3.4556     3.2296      25.77      0.485     0.2844     0.2231  1.000e-12  1.1463000    33.6317    33.6284    -0.0033    -0.0006    26.4155    26.4131     48.044     48.189    1475.55    1475.54     6.2548     6.3667    90.6370    92.2550  0.000e+00
      43039     49.000     6.4387     6.4390    3.35627    3.35622          1     3.4556     3.2287      25.26      0.492     0.2817     0.2321  1.000e-12  1.0859000    33.6309    33.6301    -0.0009     0.0003    26.4150    26.4143     48.539     48.686    1475.55    1475.55     6.2516     6.3673    90.5910    92.2670  0.000e+00
