ctdpy/tests/etc/exprapp_april_2020/SBE09_1387_20200415_1326_77_10_0345.cnv
* Sea-Bird SBE 9 Data File:
* FileName = L:\2020\sv20d0345.hex
* Software Version Seasave V 7.26.7.121
* Temperature SN = 6378
* Conductivity SN = 4824
* Number of Bytes Per Scan = 41
* Number of Voltage Words = 4
* Number of Scans Averaged by the Deck Unit = 1
* NMEA Latitude = 56 40.11 N
* NMEA Longitude = 012 06.63 E
* NMEA UTC (Time) = Apr 15 2020  13:26:07
* NMEA baud rate = 4800
** Station:  Anholt
** Operator:  JKro
** Ship: SVEA
** Average sound velocity: 1467.60 m/s
** True-depth calculation Wed, 15 Apr 2020 16:23:54 +0000
** CTD Python Module SMHI /ver 3-12/ feb 2012 
** LIMS Job: 20207710-0345
** Cruise: SMHI-07-2020
** Latitude [GG MM.mm N] :
** Longitude [GGG MM.mm E]:
# nquan = 30
# nvalues = 116                         
# units = specified
# name 0 = scan: Scan Count
# name 1 = prDM: Pressure, Digiquartz [db]
# name 2 = t090C: Temperature [ITS-90, deg C]
# name 3 = t190C: Temperature, 2 [ITS-90, deg C]
# name 4 = c0S/m: Conductivity [S/m]
# name 5 = c1S/m: Conductivity, 2 [S/m]
# name 6 = pumps: Pump Status
# name 7 = sbeox0V: Oxygen raw, SBE 43 [V]
# name 8 = sbeox1V: Oxygen raw, SBE 43, 2 [V]
# name 9 = altM: Altimeter [m]
# name 10 = dz/dtM: Descent Rate [m/s]
# name 11 = flECO-AFL: Chl-a Fluorescence, WET Labs ECO-AFL/FL [mg/m^3]
# name 12 = flECO-AFL1: Phycocyanin Fluorescence, WET Labs ECO-AFL/FL, 2 [mg/m^3]
# name 13 = par: PAR/Irradiance, Biospherical/Lico [µE/(cm^2*s)]
# name 14 = turbWETntu0: Turbidity, WET Labs ECO [NTU]
# name 15 = sal00: Salinity, Practical [PSU]
# name 16 = sal11: Salinity, Practical, 2 [PSU]
# name 17 = secS-priS: Salinity, Practical, Difference, 2 - 1 [PSU]
# name 18 = T2-T190C: Temperature Difference, 2 - 1 [ITS-90, deg C]
# name 19 = sigma-t00: Density [sigma-t, kg/m^3 ]
# name 20 = sigma-t11: Density, 2 [sigma-t, kg/m^3 ]
# name 21 = depSM: Depth [salt water, m], lat = 56.6685
# name 22 = depFM: Depth [true depth, m], lat = 56.6685
# name 23 = svCM: Sound Velocity [Chen-Millero, m/s]
# name 24 = svCM1: Sound Velocity, 2 [Chen-Millero, m/s]
# name 25 = sbeox0ML/L: Oxygen, SBE 43 [ml/l], WS = 2
# name 26 = sbeox1ML/L: Oxygen, SBE 43, 2 [ml/l], WS = 2
# name 27 = sbeox0PS: Oxygen, SBE 43 [% saturation], WS = 2
# name 28 = sbeox1PS: Oxygen, SBE 43, 2 [% saturation], WS = 2
# name 29 = flag: flag
# span 0 =      49551,      52934       
# span 1 =      1.000,     58.500       
# span 2 =     5.6359,     6.9692       
# span 3 =     5.6732,     6.9695       
# span 4 =   2.122930,   3.260375       
# span 5 =   2.122911,   3.259986       
# span 6 =          1,          1       
# span 7 =     2.8745,     3.6493       
# span 8 =     2.7024,     3.4153       
# span 9 =       0.06,      95.87       
# span 10 =     -0.791,      0.666      
# span 11 =     0.2790,     0.9499      
# span 12 =     0.1485,     0.2909      
# span 13 = 1.0000e-12, 9.8043e+02      
# span 14 =     0.1664,     2.7971      
# span 15 =    20.0216,    32.8324      
# span 16 =    20.0199,    32.8283      
# span 17 =    -0.1796,     0.2527      
# span 18 =    -0.0696,     0.0538      
# span 19 =    15.6490,    25.8206      
# span 20 =    15.6476,    25.8174      
# span 21 =      0.991,     57.956      
# span 22 =      1.003,     58.309      
# span 23 =    1459.26,    1473.59      
# span 24 =    1459.26,    1473.58      
# span 25 =     4.9843,     7.2017      
# span 26 =     5.1056,     7.3478      
# span 27 =     71.372,     96.396      
# span 28 =     73.110,     98.437      
# span 29 = 0.0000e+00, 0.0000e+00      
# interval = decibars: 0.5              
# start_time = Apr 15 2020 13:26:08 [NMEA time, first data scan]
# bad_flag = -9.990e-29
*END*
[from data line 97]
      52166     49.500     6.1543     6.1540    3.25790    3.25754          1     2.8854     2.7140      11.75      0.581     0.3030     0.2122  1.000e-12  2.4831000    32.8123    32.8086    -0.0038    -0.0003    25.8051    25.8022     49.041     49.373    1473.41    1473.40     5.0091     5.1290    71.7170    73.4320  0.000e+00
      52190     50.000     6.1547     6.1544    3.25837    3.25797          1     2.8852     2.7127      11.20      0.532     0.3026     0.1967  1.000e-12  2.4952000    32.8169    32.8127    -0.0041    -0.0003    25.8086    25.8054     49.536     49.870    1473.42    1473.42     5.0112     5.1235    71.7500    73.3550  0.000e+00
      52222     50.500     6.1549     6.1547    3.25852    3.25815          1     2.8848     2.7105      10.63      0.401     0.3127     0.2213  1.000e-12  2.4127000    32.8181    32.8142    -0.0040    -0.0001    25.8096    25.8065     50.031     50.366    1473.43    1473.43     5.0060     5.1194    71.6760    73.2980  0.000e+00
      52252     51.000     6.1554     6.1553    3.25883    3.25854          1     2.8830     2.7094      10.13      0.369     0.3209     0.2271  1.000e-12  2.3469000    32.8210    32.8178    -0.0032    -0.0001    25.8118    25.8093     50.527     50.863    1473.45    1473.44     5.0008     5.1254    71.6040    73.3850  0.000e+00
      52275     51.500     6.1559     6.1558    3.25915    3.25883          1     2.8821     2.7092       9.73      0.471     0.2981     0.2376  1.000e-12  2.6290000    32.8237    32.8203    -0.0034    -0.0001    25.8139    25.8112     51.022     51.359    1473.46    1473.46     5.0014     5.1247    71.6150    73.3780  0.000e+00
      52296     52.000     6.1564     6.1562    3.25942    3.25905          1     2.8817     2.7088       9.29      0.552     0.3072     0.2375  1.000e-12  2.5526000    32.8260    32.8221    -0.0039    -0.0002    25.8157    25.8126     51.517     51.856    1473.47    1473.47     5.0011     5.1217    71.6120    73.3370  0.000e+00
      52321     52.500     6.1563     6.1561    3.25944    3.25904          1     2.8808     2.7078       8.72      0.528     0.3086     0.2475  1.000e-12  2.5872000    32.8261    32.8219    -0.0042    -0.0002    25.8158    25.8125     52.013     52.352    1473.48    1473.47     4.9962     5.1152    71.5420    73.2440  0.000e+00
      52355     53.000     6.1566     6.1565    3.25954    3.25915          1     2.8780     2.7059       8.13      0.363     0.2991     0.2401  1.000e-12  2.5960000    32.8266    32.8223    -0.0043    -0.0001    25.8161    25.8128     52.508     52.848    1473.49    1473.48     4.9843     5.1099    71.3720    73.1680  0.000e+00
      52383     53.500     6.1575     6.1578    3.25969    3.25946          1     2.8758     2.7046       7.70      0.386     0.3118     0.1890  1.000e-12  2.4938000    32.8273    32.8244    -0.0029     0.0003    25.8165    25.8142     53.003     53.345    1473.50    1473.50     4.9849     5.1056    71.3830    73.1100  0.000e+00
      52405     54.000     6.1583     6.1579    3.25994    3.25956          1     2.8752     2.7034       7.25      0.499     0.3174     0.1726  1.000e-12  2.6642000    32.8290    32.8252    -0.0038    -0.0004    25.8178    25.8148     53.499     53.841    1473.52    1473.51     4.9929     5.1093    71.5000    73.1640  0.000e+00
      52438     54.500     6.1580     6.1573    3.25990    3.25944          1     2.8771     2.7034       6.64      0.425     0.3096     0.1795  1.000e-12  2.5824000    32.8287    32.8241    -0.0045    -0.0007    25.8176    25.8141     53.994     54.338    1473.52    1473.51     5.0013     5.1184    71.6190    73.2930  0.000e+00
      52481     55.000     6.1569     6.1568    3.25973    3.25940          1     2.8789     2.7046       6.12      0.237     0.2949     0.2647  1.000e-12  2.2850000    32.8275    32.8239    -0.0036    -0.0001    25.8168    25.8139     54.489     54.834    1473.52    1473.52     5.0047     5.1229    71.6660    73.3560  0.000e+00
      52505     55.500     6.1570     6.1569    3.26009    3.25977          1     2.8800     2.7049       5.72      0.394     0.2963     0.2319  1.000e-12  2.5464000    32.8312    32.8277    -0.0035    -0.0000    25.8197    25.8170     54.984     55.331    1473.54    1473.53     5.0037     5.1267    71.6530    73.4130  0.000e+00
      52526     56.000     6.1571     6.1568    3.26016    3.25979          1     2.8793     2.7058       5.32      0.542     0.2969     0.2375  1.000e-12  2.5480000    32.8317    32.8279    -0.0038    -0.0003    25.8201    25.8171     55.480     55.827    1473.55    1473.54     4.9979     5.1261    71.5700    73.4040  0.000e+00
      52560     56.500     6.1571     6.1570    3.26020    3.25982          1     2.8785     2.7055       4.75      0.419     0.3077     0.1959  1.000e-12  2.4418000    32.8318    32.8277    -0.0042    -0.0001    25.8201    25.8169     55.975     56.324    1473.56    1473.55     4.9965     5.1183    71.5500    73.2930  0.000e+00
      52610     57.000     6.1573     6.1572    3.26025    3.25989          1     2.8775     2.7043       4.24      0.208     0.2963     0.2269  1.000e-12  2.2109000    32.8320    32.8280    -0.0040    -0.0000    25.8203    25.8172     56.470     56.820    1473.57    1473.56     4.9956     5.1134    71.5380    73.2220  0.000e+00
      52640     57.500     6.1574     6.1573    3.26030    3.25993          1     2.8771     2.7032       3.81      0.360     0.3040     0.1955  1.000e-12  2.4214000    32.8321    32.8282    -0.0039    -0.0002    25.8203    25.8173     56.966     57.317    1473.57    1473.57     4.9978     5.1090    71.5700    73.1600  0.000e+00
      52668     58.000     6.1577     6.1575    3.26037    3.25999          1     2.8776     2.7024       3.31      0.427     0.3082     0.2241  1.000e-12  2.5161000    32.8324    32.8283    -0.0041    -0.0003    25.8206    25.8174     57.461     57.813    1473.58    1473.58     4.9990     5.1139    71.5870    73.2310  0.000e+00
      52934     58.500     6.1580     6.1581    3.26030    3.25976          1     2.8745     2.7032      18.08      0.076     0.3160     0.2195  1.000e-12  2.2273000    32.8311    32.8251    -0.0060     0.0001    25.8195    25.8147     57.956     58.309    1473.59    1473.58     4.9880     5.1189    71.4300    73.3020  0.000e+00
