ctdpy/tests/etc/exprapp_april_2020/SBE09_1387_20200418_0846_77_10_0356.cnv
* Sea-Bird SBE 9 Data File:
* FileName = L:\2020\sv20d0356.hex
* Software Version Seasave V 7.26.7.121
* Temperature SN = 6378
* Conductivity SN = 4824
* Number of Bytes Per Scan = 41
* Number of Voltage Words = 4
* Number of Scans Averaged by the Deck Unit = 1
* NMEA Latitude = 57 59.96 N
* NMEA Longitude = 019 52.80 E
* NMEA UTC (Time) = Apr 18 2020  08:46:28
* NMEA baud rate = 4800
** Station:  BY20
** Operator:  SSip
** Ship: SVEA
** Average sound velocity: 1445.98 m/s
** True-depth calculation Sat, 18 Apr 2020 10:07:50 +0000
** CTD Python Module SMHI /ver 3-12/ feb 2012 
** LIMS Job: 20207710-0356
** Cruise: SMHI-07-2020
** Latitude [GG MM.mm N] :
** Longitude [GGG MM.mm E]:
# nquan = 30
# nvalues = 378                         
# units = specified
# name 0 = scan: Scan Count
# name 1 = prDM: Pressure, Digiquartz [db]
# name 2 = t090C: Temperature [ITS-90, deg C]
# name 3 = t190C: Temperature, 2 [ITS-90, deg C]
# name 4 = c0S/m: Conductivity [S/m]
# name 5 = c1S/m: Conductivity, 2 [S/m]
# name 6 = pumps: Pump Status
# name 7 = sbeox0V: Oxygen raw, SBE 43 [V]
# name 8 = sbeox1V: Oxygen raw, SBE 43, 2 [V]
# name 9 = altM: Altimeter [m]
# name 10 = dz/dtM: Descent Rate [m/s]
# name 11 = flECO-AFL: Chl-a Fluorescence, WET Labs ECO-AFL/FL [mg/m^3]
# name 12 = flECO-AFL1: Phycocyanin Fluorescence, WET Labs ECO-AFL/FL, 2 [mg/m^3]
# name 13 = par: PAR/Irradiance, Biospherical/Lico [µE/(cm^2*s)]
# name 14 = turbWETntu0: Turbidity, WET Labs ECO [NTU]
# name 15 = sal00: Salinity, Practical [PSU]
# name 16 = sal11: Salinity, Practical, 2 [PSU]
# name 17 = secS-priS: Salinity, Practical, Difference, 2 - 1 [PSU]
# name 18 = T2-T190C: Temperature Difference, 2 - 1 [ITS-90, deg C]
# name 19 = sigma-t00: Density [sigma-t, kg/m^3 ]
# name 20 = sigma-t11: Density, 2 [sigma-t, kg/m^3 ]
# name 21 = depSM: Depth [salt water, m], lat = 57.9993
# name 22 = depFM: Depth [true depth, m], lat = 57.9993
# name 23 = svCM: Sound Velocity [Chen-Millero, m/s]
# name 24 = svCM1: Sound Velocity, 2 [Chen-Millero, m/s]
# name 25 = sbeox0ML/L: Oxygen, SBE 43 [ml/l], WS = 2
# name 26 = sbeox1ML/L: Oxygen, SBE 43, 2 [ml/l], WS = 2
# name 27 = sbeox0PS: Oxygen, SBE 43 [% saturation], WS = 2
# name 28 = sbeox1PS: Oxygen, SBE 43, 2 [% saturation], WS = 2
# name 29 = flag: flag
# span 0 =      14760,      27713       
# span 1 =      1.500,    190.000       
# span 2 =     4.5421,     7.3196       
# span 3 =     4.5413,     7.3192       
# span 4 =   0.780541,   1.391829       
# span 5 =   0.780597,   1.392137       
# span 6 =          1,          1       
# span 7 =     0.7396,     3.7923       
# span 8 =     0.7230,     3.5346       
# span 9 =       3.59,      97.43       
# span 10 =     -0.308,      0.742      
# span 11 =     0.3230,     2.5335      
# span 12 =     0.1180,     0.6482      
# span 13 = -6.612e-06, 1.5688e+03      
# span 14 =     0.0939,     1.0309      
# span 15 =     7.2131,    12.4935      
# span 16 =     7.2134,    12.4964      
# span 17 =    -0.0116,     0.0236      
# span 18 =    -0.0062,     0.0071      
# span 19 =     5.7077,     9.7169      
# span 20 =     5.7081,     9.7193      
# span 21 =      1.486,    188.153      
# span 22 =      1.519,    191.984      
# span 23 =    1434.36,    1454.88      
# span 24 =    1434.35,    1454.88      
# span 25 =     0.0379,     8.6839      
# span 26 =     0.0651,     8.8364      
# span 27 =      0.488,    101.626      
# span 28 =      0.837,    103.409      
# span 29 = 0.0000e+00, 0.0000e+00      
# interval = decibars: 0.5              
# start_time = Apr 18 2020 08:46:28 [NMEA time, first data scan]
# bad_flag = -9.990e-29
*END*
[from data line 291]
      22451    147.000     7.2346     7.2344    1.37540    1.37570          1     0.7444     0.7299      47.67      0.407     0.4156     0.2000  1.000e-12  0.4441000    12.3622    12.3653     0.0031    -0.0002     9.6189     9.6213    145.586    148.607    1453.79    1453.79     0.0504     0.0842     0.6470     1.0810  0.000e+00
      22470    147.500     7.2367     7.2364    1.37576    1.37605          1     0.7445     0.7295      47.38      0.526     0.4155     0.1903  1.000e-12  0.4540000    12.3649    12.3679     0.0030    -0.0003     9.6208     9.6232    146.081    149.111    1453.81    1453.81     0.0510     0.0835     0.6550     1.0720  0.000e+00
      22491    148.000     7.2308     7.2291    1.37573    1.37597          1     0.7445     0.7299      46.98      0.595     0.4141     0.1949  1.000e-12  0.4525000    12.3667    12.3696     0.0029    -0.0017     9.6227     9.6251    146.576    149.616    1453.80    1453.79     0.0514     0.0837     0.6600     1.0750  0.000e+00
      22519    148.500     7.2224     7.2220    1.37553    1.37581          1     0.7446     0.7295      46.43      0.496     0.4226     0.2205  1.000e-12  0.4304000    12.3677    12.3705     0.0028    -0.0004     9.6242     9.6264    147.071    150.120    1453.77    1453.77     0.0509     0.0821     0.6530     1.0540  0.000e+00
      22550    149.000     7.2203     7.2199    1.37554    1.37582          1     0.7443     0.7295      45.67      0.384     0.4287     0.2459  1.000e-12  0.4236000    12.3683    12.3712     0.0029    -0.0004     9.6248     9.6271    147.566    150.625    1453.77    1453.77     0.0493     0.0838     0.6320     1.0760  0.000e+00
      22575    149.500     7.2236     7.2237    1.37597    1.37634          1     0.7443     0.7293      45.24      0.429     0.4131     0.2325  1.000e-12  0.4197000    12.3712    12.3749     0.0036     0.0002     9.6269     9.6297    148.061    151.129    1453.80    1453.80     0.0503     0.0818     0.6450     1.0500  0.000e+00
      22597    150.000     7.2264     7.2275    1.37669    1.37703          1     0.7442     0.7293      44.79      0.512     0.4252     0.1544  1.000e-12  0.4748000    12.3772    12.3801     0.0029     0.0012     9.6313     9.6335    148.556    151.634    1453.82    1453.83     0.0503     0.0827     0.6460     1.0620  0.000e+00
      22622    150.500     7.2226     7.2225    1.37666    1.37695          1     0.7441     0.7292      44.23      0.520     0.4172     0.1908  1.000e-12  0.4408000    12.3781    12.3810     0.0029    -0.0001     9.6324     9.6346    149.051    152.138    1453.82    1453.82     0.0496     0.0819     0.6370     1.0520  0.000e+00
      22652    151.000     7.2194     7.2191    1.37672    1.37701          1     0.7441     0.7292      43.64      0.423     0.4156     0.2147  1.000e-12  0.4019000    12.3798    12.3827     0.0029    -0.0003     9.6339     9.6362    149.546    152.642    1453.81    1453.81     0.0500     0.0827     0.6420     1.0620  0.000e+00
      22679    151.500     7.2222     7.2222    1.37705    1.37735          1     0.7442     0.7291      43.09      0.416     0.4269     0.2391  1.000e-12  0.4027000    12.3819    12.3849     0.0030    -0.0001     9.6353     9.6377    150.041    153.147    1453.84    1453.84     0.0497     0.0822     0.6390     1.0550  0.000e+00
      22701    152.000     7.2229     7.2227    1.37720    1.37749          1     0.7440     0.7291      42.61      0.494     0.4138     0.1922  1.000e-12  0.4195000    12.3830    12.3859     0.0029    -0.0002     9.6361     9.6384    150.536    153.651    1453.85    1453.85     0.0489     0.0826     0.6270     1.0600  0.000e+00
      22724    152.500     7.2190     7.2186    1.37716    1.37745          1     0.7438     0.7291      42.09      0.539     0.4152     0.1908  1.000e-12  0.3966000    12.3839    12.3869     0.0030    -0.0004     9.6372     9.6395    151.031    154.156    1453.84    1453.84     0.0488     0.0826     0.6270     1.0600  0.000e+00
      22750    153.000     7.2172     7.2170    1.37735    1.37765          1     0.7438     0.7291      41.64      0.486     0.4177     0.2079  1.000e-12  0.4147000    12.3863    12.3893     0.0030    -0.0003     9.6392     9.6416    151.526    154.660    1453.84    1453.85     0.0488     0.0826     0.6260     1.0600  0.000e+00
      22777    153.500     7.2176     7.2175    1.37765    1.37796          1     0.7437     0.7291      41.18      0.436     0.4273     0.2214  1.000e-12  0.3761000    12.3890    12.3921     0.0031    -0.0001     9.6413     9.6437    152.021    155.164    1453.86    1453.86     0.0489     0.0824     0.6280     1.0580  0.000e+00
      22801    154.000     7.2179     7.2176    1.37802    1.37832          1     0.7438     0.7290      40.65      0.468     0.4160     0.2204  1.000e-12  0.3762000    12.3924    12.3954     0.0030    -0.0002     9.6440     9.6463    152.516    155.669    1453.87    1453.87     0.0494     0.0823     0.6340     1.0570  0.000e+00
      22823    154.500     7.2174     7.2171    1.37812    1.37841          1     0.7438     0.7291      40.25      0.525     0.4401     0.1757  1.000e-12  0.3710000    12.3934    12.3963     0.0029    -0.0003     9.6448     9.6471    153.011    156.173    1453.88    1453.88     0.0494     0.0830     0.6340     1.0650  0.000e+00
      22845    155.000     7.2172     7.2169    1.37815    1.37843          1     0.7439     0.7291      39.71      0.557     0.4174     0.2179  1.000e-12  0.3705000    12.3937    12.3966     0.0029    -0.0003     9.6450     9.6473    153.506    156.678    1453.89    1453.89     0.0496     0.0822     0.6370     1.0540  0.000e+00
      22869    155.500     7.2161     7.2157    1.37819    1.37849          1     0.7438     0.7290      39.15      0.527     0.4250     0.1797  1.000e-12  0.3648000    12.3944    12.3974     0.0030    -0.0004     9.6457     9.6481    154.001    157.182    1453.89    1453.89     0.0489     0.0820     0.6280     1.0530  0.000e+00
      22900    156.000     7.2115     7.2111    1.37818    1.37847          1     0.7439     0.7291      38.59      0.420     0.4254     0.2096  1.000e-12  0.3652000    12.3959    12.3989     0.0030    -0.0004     9.6472     9.6496    154.496    157.686    1453.88    1453.88     0.0499     0.0828     0.6400     1.0630  0.000e+00
      22929    156.500     7.2023     7.2020    1.37797    1.37826          1     0.7440     0.7290      37.95      0.385     0.4084     0.2640  1.000e-12  0.3321000    12.3970    12.4000     0.0030    -0.0003     9.6489     9.6512    154.991    158.191    1453.85    1453.86     0.0496     0.0815     0.6370     1.0460  0.000e+00
      22952    157.000     7.2029     7.2027    1.37818    1.37848          1     0.7438     0.7290      37.35      0.467     0.4267     0.2272  1.000e-12  0.3276000    12.3987    12.4018     0.0031    -0.0002     9.6502     9.6526    155.486    158.695    1453.87    1453.87     0.0482     0.0818     0.6190     1.0500  0.000e+00
      22972    157.500     7.2011     7.2007    1.37827    1.37856          1     0.7437     0.7288      36.61      0.558     0.4281     0.1946  1.000e-12  0.3278000    12.4002    12.4031     0.0029    -0.0004     9.6515     9.6538    155.981    159.200    1453.87    1453.87     0.0490     0.0811     0.6290     1.0410  0.000e+00
      22994    158.000     7.1994     7.1991    1.37829    1.37858          1     0.7438     0.7289      35.89      0.576     0.4381     0.1943  1.000e-12  0.3118000    12.4009    12.4038     0.0029    -0.0003     9.6521     9.6545    156.476    159.704    1453.87    1453.87     0.0490     0.0820     0.6290     1.0520  0.000e+00
      23024    158.500     7.1995     7.1993    1.37837    1.37866          1     0.7437     0.7288      35.21      0.453     0.4033     0.2035  1.000e-12  0.3103000    12.4015    12.4044     0.0029    -0.0002     9.6526     9.6550    156.971    160.208    1453.88    1453.88     0.0489     0.0813     0.6270     1.0430  0.000e+00
      23055    159.000     7.2004     7.2002    1.37853    1.37882          1     0.7437     0.7286      29.89      0.364     0.4220     0.2225  1.000e-12  0.3092000    12.4026    12.4055     0.0029    -0.0002     9.6534     9.6557    157.466    160.713    1453.89    1453.90     0.0491     0.0784     0.6300     1.0070  0.000e+00
      23078    159.500     7.2026     7.2027    1.37877    1.37908          1     0.7437     0.7284      33.68      0.449     0.4161     0.2168  1.000e-12  0.3101000    12.4040    12.4071     0.0030     0.0000     9.6543     9.6567    157.961    161.217    1453.91    1453.91     0.0483     0.0781     0.6200     1.0030  0.000e+00
      23098    160.000     7.2045     7.2042    1.37890    1.37919          1     0.7435     0.7280      34.21      0.554     0.4128     0.2044  1.000e-12  0.3157000    12.4046    12.4075     0.0030    -0.0003     9.6546     9.6570    158.456    161.722    1453.93    1453.93     0.0476     0.0769     0.6110     0.9870  0.000e+00
      23120    160.500     7.2063     7.2061    1.37908    1.37938          1     0.7434     0.7280      33.78      0.585     0.4149     0.1999  1.000e-12  0.3329000    12.4056    12.4085     0.0030    -0.0002     9.6552     9.6576    158.951    162.226    1453.94    1453.95     0.0471     0.0803     0.6040     1.0300  0.000e+00
      23145    161.000     7.2111     7.2109    1.37953    1.37983          1     0.7431     0.7282      33.23      0.518     0.4257     0.1948  1.000e-12  0.3390000    12.4081    12.4111     0.0030    -0.0002     9.6569     9.6592    159.446    162.730    1453.98    1453.98     0.0463     0.0803     0.5940     1.0310  0.000e+00
      23172    161.500     7.2140     7.2139    1.37984    1.38014          1     0.7433     0.7280      32.80      0.453     0.4254     0.2776  1.000e-12  0.3517000    12.4100    12.4130     0.0030    -0.0001     9.6581     9.6605    159.941    163.235    1454.00    1454.00     0.0492     0.0782     0.6310     1.0030  0.000e+00
      23201    162.000     7.2148     7.2149    1.38003    1.38036          1     0.7434     0.7279      32.34      0.418     0.4135     0.2531  1.000e-12  0.3561000    12.4115    12.4147     0.0032     0.0001     9.6592     9.6617    160.436    163.739    1454.01    1454.02     0.0477     0.0794     0.6120     1.0190  0.000e+00
      23227    162.500     7.2172     7.2170    1.38040    1.38069          1     0.7433     0.7279      31.82      0.435     0.4177     0.2342  1.000e-12  0.3485000    12.4141    12.4170     0.0029    -0.0002     9.6610     9.6633    160.931    164.244    1454.03    1454.03     0.0478     0.0790     0.6140     1.0140  0.000e+00
      23249    163.000     7.2177     7.2176    1.38044    1.38074          1     0.7432     0.7280      31.26      0.504     0.4293     0.2198  1.000e-12  0.3592000    12.4142    12.4172     0.0030    -0.0002     9.6611     9.6634    161.426    164.748    1454.04    1454.05     0.0466     0.0796     0.5980     1.0230  0.000e+00
      23269    163.500     7.2186     7.2184    1.38052    1.38083          1     0.7430     0.7279      30.69      0.570     0.4283     0.2390  1.000e-12  0.3592000    12.4146    12.4177     0.0031    -0.0002     9.6613     9.6637    161.921    165.252    1454.05    1454.06     0.0468     0.0789     0.6000     1.0130  0.000e+00
      23292    164.000     7.2209     7.2209    1.38080    1.38111          1     0.7431     0.7279      29.96      0.563     0.4278     0.2254  1.000e-12  0.3637000    12.4164    12.4194     0.0030     0.0000     9.6625     9.6649    162.416    165.757    1454.07    1454.08     0.0464     0.0791     0.5960     1.0160  0.000e+00
      23322    164.500     7.2333     7.2335    1.38207    1.38241          1     0.7429     0.7279      29.21      0.444     0.4200     0.2308  1.000e-12  0.3689000    12.4242    12.4275     0.0032     0.0002     9.6676     9.6701    162.911    166.261    1454.14    1454.15     0.0466     0.0792     0.5990     1.0170  0.000e+00
      23353    165.000     7.2468     7.2468    1.38354    1.38385          1     0.7429     0.7279      26.71      0.372     0.4362     0.1612  1.000e-12  0.3994000    12.4336    12.4367     0.0030    -0.0000     9.6738     9.6762    163.406    166.766    1454.22    1454.22     0.0474     0.0792     0.6090     1.0170  0.000e+00
      23377    165.500     7.2470     7.2467    1.38368    1.38398          1     0.7429     0.7279      22.00      0.438     0.4291     0.1894  1.000e-12  0.4071000    12.4349    12.4379     0.0030    -0.0003     9.6748     9.6772    163.901    167.270    1454.23    1454.23     0.0462     0.0792     0.5940     1.0170  0.000e+00
      23399    166.000     7.2458     7.2457    1.38374    1.38410          1     0.7429     0.7279      23.57      0.530     0.4374     0.1749  1.000e-12  0.4067000    12.4358    12.4393     0.0035    -0.0001     9.6756     9.6783    164.396    167.774    1454.23    1454.24     0.0471     0.0792     0.6050     1.0170  0.000e+00
      23420    166.500     7.2448     7.2443    1.38417    1.38449          1     0.7429     0.7279      26.61      0.568     0.4286     0.2059  1.000e-12  0.3953000    12.4403    12.4435     0.0032    -0.0005     9.6792     9.6817    164.891    168.279    1454.24    1454.24     0.0470     0.0792     0.6040     1.0180  0.000e+00
      23444    167.000     7.2374     7.2370    1.38413    1.38441          1     0.7430     0.7279      26.95      0.531     0.4383     0.2287  1.000e-12  0.3880000    12.4423    12.4453     0.0030    -0.0004     9.6814     9.6838    165.386    168.783    1454.22    1454.22     0.0470     0.0789     0.6040     1.0140  0.000e+00
      23470    167.500     7.2347     7.2343    1.38417    1.38446          1     0.7429     0.7278      26.84      0.473     0.4266     0.2380  1.000e-12  0.3707000    12.4436    12.4466     0.0030    -0.0004     9.6827     9.6851    165.881    169.287    1454.22    1454.22     0.0466     0.0778     0.5980     1.0000  0.000e+00
      23497    168.000     7.2338     7.2339    1.38434    1.38467          1     0.7429     0.7278      26.43      0.447     0.4260     0.2397  1.000e-12  0.3694000    12.4456    12.4487     0.0031     0.0002     9.6843     9.6867    166.375    169.792    1454.23    1454.23     0.0472     0.0798     0.6060     1.0250  0.000e+00
      23522    168.500     7.2377     7.2375    1.38476    1.38508          1     0.7430     0.7278      25.99      0.466     0.4275     0.2364  1.000e-12  0.3648000    12.4481    12.4513     0.0032    -0.0002     9.6860     9.6885    166.870    170.296    1454.25    1454.26     0.0466     0.0781     0.5990     1.0030  0.000e+00
      23544    169.000     7.2337     7.2334    1.38494    1.38524          1     0.7427     0.7277      25.53      0.508     0.4403     0.2172  1.000e-12  0.3771000    12.4512    12.4542     0.0031    -0.0004     9.6887     9.6911    167.365    170.801    1454.25    1454.25     0.0464     0.0784     0.5960     1.0070  0.000e+00
      23568    169.500     7.2364     7.2365    1.38546    1.38579          1     0.7429     0.7277      25.03      0.529     0.4286     0.1993  1.000e-12  0.3476000    12.4552    12.4583     0.0031     0.0001     9.6916     9.6941    167.860    171.305    1454.28    1454.28     0.0463     0.0778     0.5940     1.0000  0.000e+00
      23593    170.000     7.2375     7.2371    1.38574    1.38604          1     0.7426     0.7276      24.49      0.490     0.4275     0.2093  1.000e-12  0.3639000    12.4574    12.4604     0.0030    -0.0004     9.6932     9.6957    168.355    171.809    1454.29    1454.29     0.0457     0.0776     0.5870     0.9970  0.000e+00
