ctdpy/tests/etc/exprapp_april_2020/SBE09_1387_20200416_1915_77_10_0351.cnv
* Sea-Bird SBE 9 Data File:
* FileName = L:\2020\sv20d0351.hex
* Software Version Seasave V 7.26.7.121
* Temperature SN = 6378
* Conductivity SN = 4824
* Number of Bytes Per Scan = 41
* Number of Voltage Words = 4
* Number of Scans Averaged by the Deck Unit = 1
* NMEA Latitude = 55 15.00 N
* NMEA Longitude = 015 59.05 E
* NMEA UTC (Time) = Apr 16 2020  19:15:13
* NMEA baud rate = 4800
** Station:  BY5
** Operator:  JKro
** Ship: SVEA
** Average sound velocity: 1446.91 m/s
** True-depth calculation Thu, 16 Apr 2020 21:09:14 +0000
** CTD Python Module SMHI /ver 3-12/ feb 2012 
** LIMS Job: 20207710-0351
** Cruise: SMHI-07-2020
** Latitude [GG MM.mm N] :
** Longitude [GGG MM.mm E]:
# nquan = 30
# nvalues = 172                         
# units = specified
# name 0 = scan: Scan Count
# name 1 = prDM: Pressure, Digiquartz [db]
# name 2 = t090C: Temperature [ITS-90, deg C]
# name 3 = t190C: Temperature, 2 [ITS-90, deg C]
# name 4 = c0S/m: Conductivity [S/m]
# name 5 = c1S/m: Conductivity, 2 [S/m]
# name 6 = pumps: Pump Status
# name 7 = sbeox0V: Oxygen raw, SBE 43 [V]
# name 8 = sbeox1V: Oxygen raw, SBE 43, 2 [V]
# name 9 = altM: Altimeter [m]
# name 10 = dz/dtM: Descent Rate [m/s]
# name 11 = flECO-AFL: Chl-a Fluorescence, WET Labs ECO-AFL/FL [mg/m^3]
# name 12 = flECO-AFL1: Phycocyanin Fluorescence, WET Labs ECO-AFL/FL, 2 [mg/m^3]
# name 13 = par: PAR/Irradiance, Biospherical/Lico [µE/(cm^2*s)]
# name 14 = turbWETntu0: Turbidity, WET Labs ECO [NTU]
# name 15 = sal00: Salinity, Practical [PSU]
# name 16 = sal11: Salinity, Practical, 2 [PSU]
# name 17 = secS-priS: Salinity, Practical, Difference, 2 - 1 [PSU]
# name 18 = T2-T190C: Temperature Difference, 2 - 1 [ITS-90, deg C]
# name 19 = sigma-t00: Density [sigma-t, kg/m^3 ]
# name 20 = sigma-t11: Density, 2 [sigma-t, kg/m^3 ]
# name 21 = depSM: Depth [salt water, m], lat = 55.25
# name 22 = depFM: Depth [true depth, m], lat = 55.25
# name 23 = svCM: Sound Velocity [Chen-Millero, m/s]
# name 24 = svCM1: Sound Velocity, 2 [Chen-Millero, m/s]
# name 25 = sbeox0ML/L: Oxygen, SBE 43 [ml/l], WS = 2
# name 26 = sbeox1ML/L: Oxygen, SBE 43, 2 [ml/l], WS = 2
# name 27 = sbeox0PS: Oxygen, SBE 43 [% saturation], WS = 2
# name 28 = sbeox1PS: Oxygen, SBE 43, 2 [% saturation], WS = 2
# name 29 = flag: flag
# span 0 =      43147,      48848       
# span 1 =      1.500,     87.000       
# span 2 =     5.4081,     8.4802       
# span 3 =     5.4072,     8.4796       
# span 4 =   0.886595,   1.869463       
# span 5 =   0.886373,   1.869694       
# span 6 =          1,          1       
# span 7 =     1.3286,     3.7481       
# span 8 =     1.2711,     3.5019       
# span 9 =     -10.33,      97.32       
# span 10 =     -0.321,      0.590      
# span 11 =     0.3129,     1.4455      
# span 12 =     0.1562,     0.4735      
# span 13 = -5.766e-06, 1.6593e+00      
# span 14 =     0.1399,     0.4030      
# span 15 =     8.0349,    16.7526      
# span 16 =     8.0357,    16.7545      
# span 17 =    -0.0028,     0.0601      
# span 18 =    -0.0230,     0.0423      
# span 19 =     6.3064,    12.9498      
# span 20 =     6.3071,    12.9512      
# span 21 =      1.486,     86.196      
# span 22 =      1.518,     87.889      
# span 23 =    1439.18,    1462.55      
# span 24 =    1439.18,    1462.55      
# span 25 =     1.4800,     8.2556      
# span 26 =     1.5421,     8.4205      
# span 27 =     20.053,     99.866      
# span 28 =     20.894,    101.862      
# span 29 = 0.0000e+00, 0.0000e+00      
# interval = decibars: 0.5              
# start_time = Apr 16 2020 19:15:13 [NMEA time, first data scan]
# bad_flag = -9.990e-29
*END*
[from data line 49]
      44741     26.000     5.7660     5.7649    0.89053    0.89058          1     3.6635     3.4243      89.60      0.533     0.9719     0.3079  1.000e-12  0.1897000     8.0872     8.0880     0.0008    -0.0011     6.3586     6.3593     25.763     26.315    1440.31    1440.31     8.0770     8.2381    97.2500    99.1880  0.000e+00
      44764     26.500     5.7646     5.7655    0.89052    0.89059          1     3.6611     3.4233      96.33      0.547     0.9144     0.2959  1.000e-12  0.1975000     8.0874     8.0879     0.0005     0.0009     6.3588     6.3591     26.259     26.822    1440.32    1440.32     8.0727     8.2354    97.1950    99.1560  0.000e+00
      44791     27.000     5.7643     5.7626    0.89052    0.89059          1     3.6598     3.4215      86.25      0.477     0.9451     0.3071  1.000e-12  0.2271000     8.0874     8.0885     0.0010    -0.0017     6.3588     6.3597     26.754     27.328    1440.32    1440.32     8.0745     8.2244    97.2170    99.0170  0.000e+00
      44820     27.500     5.7542     5.7535    0.89043    0.89048          1     3.6582     3.4192      52.03      0.414     0.9178     0.2891  1.000e-12  0.1944000     8.0889     8.0896     0.0007    -0.0006     6.3605     6.3611     27.250     27.834    1440.29    1440.29     8.0684     8.2188    97.1190    98.9280  0.000e+00
      44843     28.000     5.7489     5.7486    0.89036    0.89042          1     3.6564     3.4172      84.48      0.463     0.9079     0.3156  1.000e-12  0.1945000     8.0894     8.0901     0.0007    -0.0003     6.3612     6.3617     27.745     28.340    1440.27    1440.28     8.0643     8.2173    97.0570    98.8990  0.000e+00
      44866     28.500     5.7441     5.7474    0.89029    0.89041          1     3.6545     3.4159      96.20      0.526     0.8917     0.3097  1.000e-12  0.1945000     8.0897     8.0902     0.0004     0.0033     6.3617     6.3619     28.240     28.846    1440.26    1440.28     8.0620     8.2197    97.0190    98.9250  0.000e+00
      44892     29.000     5.7428     5.7431    0.89028    0.89035          1     3.6531     3.4148      96.51      0.495     0.8615     0.2915  1.000e-12  0.1959000     8.0900     8.0906     0.0006     0.0003     6.3620     6.3624     28.736     29.352    1440.26    1440.27     8.0612     8.2190    97.0050    98.9050  0.000e+00
      44919     29.500     5.7399     5.7395    0.89024    0.89030          1     3.6515     3.4135      96.51      0.436     0.8584     0.3268  1.000e-12  0.2009000     8.0902     8.0909     0.0007    -0.0004     6.3623     6.3629     29.231     29.858    1440.26    1440.26     8.0593     8.2146    96.9760    98.8440  0.000e+00
      44943     30.000     5.7384     5.7371    0.89022    0.89027          1     3.6508     3.4123      95.84      0.464     0.8503     0.3253  1.000e-12  0.1992000     8.0903     8.0910     0.0007    -0.0013     6.3625     6.3631     29.727     30.364    1440.26    1440.26     8.0604     8.2145    96.9860    98.8370  0.000e+00
      44965     30.500     5.7343     5.7350    0.89016    0.89024          1     3.6499     3.4116      96.51      0.530     0.8568     0.3117  1.000e-12  0.1945000     8.0906     8.0912     0.0007     0.0007     6.3629     6.3633     30.222     30.870    1440.25    1440.25     8.0551     8.2146    96.9120    98.8330  0.000e+00
      44987     31.000     5.7302     5.7304    0.89004    0.89010          1     3.6484     3.4106      96.52      0.554     0.8354     0.3157  1.000e-12  0.1945000     8.0903     8.0909     0.0006     0.0002     6.3629     6.3633     30.718     31.376    1440.24    1440.24     8.0545     8.2155    96.8940    98.8320  0.000e+00
      45015     31.500     5.7281     5.7273    0.88996    0.89002          1     3.6475     3.4104      68.33      0.478     0.8397     0.2897  1.000e-12  0.1948000     8.0900     8.0907     0.0007    -0.0008     6.3628     6.3634     31.213     31.882    1440.24    1440.24     8.0540     8.2180    96.8830    98.8540  0.000e+00
      45045     32.000     5.7239     5.7255    0.88986    0.88998          1     3.6462     3.4089      97.32      0.390     0.8573     0.3716  1.000e-12  0.1946000     8.0900     8.0908     0.0008     0.0016     6.3629     6.3635     31.708     32.388    1440.23    1440.24     8.0531     8.2066    96.8620    98.7130  0.000e+00
      45070     32.500     5.7229     5.7228    0.88987    0.88994          1     3.6456     3.4081      92.82      0.439     0.8691     0.2804  1.000e-12  0.1964000     8.0902     8.0909     0.0007    -0.0001     6.3632     6.3638     32.204     32.894    1440.24    1440.24     8.0513     8.2128    96.8380    98.7810  0.000e+00
      45090     33.000     5.7235     5.7225    0.88990    0.88994          1     3.6446     3.4079      31.45      0.537     0.8624     0.3073  1.000e-12  0.1983000     8.0903     8.0909     0.0006    -0.0010     6.3632     6.3638     32.699     33.400    1440.24    1440.24     8.0484     8.2137    96.8050    98.7910  0.000e+00
      45111     33.500     5.7211     5.7208    0.88985    0.88990          1     3.6440     3.4072      95.44      0.590     0.8606     0.2971  1.000e-12  0.1776000     8.0903     8.0909     0.0006    -0.0003     6.3634     6.3639     33.195     33.906    1440.24    1440.24     8.0450     8.2045    96.7590    98.6770  0.000e+00
      45135     34.000     5.7195     5.7196    0.88981    0.88987          1     3.6421     3.4056      96.43      0.534     0.8253     0.2910  1.000e-12  0.1991000     8.0903     8.0908     0.0005     0.0001     6.3634     6.3638     33.690     34.412    1440.24    1440.25     8.0403     8.1919    96.6980    98.5220  0.000e+00
      45164     34.500     5.7173     5.7144    0.88975    0.88975          1     3.6404     3.4027      96.41      0.434     0.8360     0.3174  1.000e-12  0.1935000     8.0901     8.0908     0.0007    -0.0029     6.3634     6.3641     34.185     34.918    1440.24    1440.23     8.0327     8.1798    96.6010    98.3630  0.000e+00
      45189     35.000     5.7096     5.7070    0.88959    0.88960          1     3.6375     3.4003      87.35      0.440     0.8327     0.3186  1.000e-12  0.1879000     8.0903     8.0911     0.0008    -0.0027     6.3640     6.3647     34.681     35.424    1440.22    1440.21     8.0188     8.1774    96.4160    98.3160  0.000e+00
      45212     35.500     5.7016     5.7017    0.88951    0.88957          1     3.6340     3.3982      52.74      0.508     0.8095     0.2958  1.000e-12  0.1834000     8.0914     8.0920     0.0006     0.0002     6.3652     6.3657     35.176     35.930    1440.19    1440.19     8.0091     8.1702    96.2810    98.2170  0.000e+00
      45234     36.000     5.6906     5.6901    0.88945    0.88953          1     3.6308     3.3959      52.42      0.540     0.7894     0.2679  1.000e-12  0.1885000     8.0934     8.0943     0.0009    -0.0005     6.3674     6.3681     35.672     36.436    1440.16    1440.15     8.0068     8.1667    96.2280    98.1480  0.000e+00
      45259     36.500     5.6764     5.6767    0.88967    0.88972          1     3.6280     3.3937      82.02      0.505     0.7628     0.3000  1.000e-12  0.1884000     8.0989     8.0993     0.0004     0.0003     6.3724     6.3727     36.167     36.943    1440.11    1440.11     8.0085     8.1696    96.2170    98.1540  0.000e+00
      45287     37.000     5.6732     5.6732    0.89006    0.89002          1     3.6260     3.3917      65.89      0.447     0.7730     0.3012  1.000e-12  0.1900000     8.1034     8.1030    -0.0004    -0.0000     6.3762     6.3759     36.662     37.449    1440.11    1440.11     8.0097     8.1679    96.2260    98.1270  0.000e+00
      45311     37.500     5.6761     5.6765    0.89027    0.89036          1     3.6251     3.3907      50.74      0.458     0.7756     0.2706  1.000e-12  0.1978000     8.1047     8.1055     0.0008     0.0004     6.3770     6.3776     37.158     37.955    1440.13    1440.13     8.0102     8.1709    96.2400    98.1720  0.000e+00
      45334     38.000     5.6788     5.6788    0.89044    0.89052          1     3.6245     3.3898      67.96      0.505     0.7872     0.2830  1.000e-12  0.1703000     8.1056     8.1064     0.0008     0.0000     6.3776     6.3782     37.653     38.461    1440.15    1440.15     8.0093     8.1697    96.2370    98.1640  0.000e+00
      45357     38.500     5.6803     5.6801    0.89058    0.89065          1     3.6239     3.3892      66.44      0.525     0.7504     0.2964  1.000e-12  0.1764000     8.1066     8.1073     0.0007    -0.0002     6.3783     6.3789     38.149     38.967    1440.17    1440.17     8.0087     8.1659    96.2340    98.1220  0.000e+00
      45380     39.000     5.6808     5.6806    0.89071    0.89077          1     3.6236     3.3880      77.68      0.519     0.7856     0.2401  1.000e-12  0.1933000     8.1077     8.1083     0.0006    -0.0002     6.3791     6.3796     38.644     39.473    1440.18    1440.18     8.0089     8.1615    96.2380    98.0720  0.000e+00
      45403     39.500     5.6816     5.6813    0.89079    0.89085          1     3.6233     3.3874      48.51      0.524     0.7647     0.2620  1.000e-12  0.1950000     8.1081     8.1089     0.0007    -0.0002     6.3795     6.3800     39.139     39.979    1440.19    1440.19     8.0103     8.1667    96.2570    98.1360  0.000e+00
      45426     40.000     5.6835     5.6836    0.89098    0.89107          1     3.6234     3.3872      48.19      0.529     0.7609     0.2675  1.000e-12  0.1862000     8.1095     8.1103     0.0008     0.0001     6.3804     6.3811     39.635     40.485    1440.21    1440.21     8.0136     8.1640    96.3030    98.1110  0.000e+00
      45452     40.500     5.6850     5.6848    0.89114    0.89120          1     3.6240     3.3860      81.17      0.490     0.7613     0.2652  1.000e-12  0.1832000     8.1106     8.1113     0.0007    -0.0002     6.3813     6.3818     40.130     40.991    1440.23    1440.22     8.0118     8.1557    96.2850    98.0140  0.000e+00
      45480     41.000     5.6869     5.6869    0.89134    0.89141          1     3.6231     3.3849      77.90      0.432     0.7064     0.2971  1.000e-12  0.2038000     8.1121     8.1128     0.0007    -0.0000     6.3823     6.3828     40.626     41.497    1440.24    1440.24     8.0040     8.1564    96.1960    98.0280  0.000e+00
      45505     41.500     5.6895     5.6893    0.89150    0.89156          1     3.6218     3.3842      45.65      0.448     0.6758     0.3248  1.000e-12  0.1948000     8.1129     8.1136     0.0007    -0.0002     6.3828     6.3834     41.121     42.003    1440.26    1440.26     8.0019     8.1462    96.1770    97.9130  0.000e+00
      45527     42.000     5.6891     5.6885    0.89166    0.89171          1     3.6216     3.3825      45.76      0.516     0.6742     0.3096  1.000e-12  0.2000000     8.1145     8.1152     0.0007    -0.0006     6.3841     6.3847     41.616     42.509    1440.27    1440.27     8.0041     8.1457    96.2050    97.9050  0.000e+00
      45547     42.500     5.6835     5.6827    0.89158    0.89163          1     3.6211     3.3823      45.46      0.573     0.6754     0.2779  1.000e-12  0.2006000     8.1150     8.1157     0.0007    -0.0007     6.3848     6.3854     42.112     43.015    1440.26    1440.25     8.0033     8.1564    96.1810    98.0210  0.000e+00
      45571     43.000     5.6868     5.6876    0.89184    0.89195          1     3.6205     3.3820      45.01      0.553     0.6539     0.2593  1.000e-12  0.1935000     8.1168     8.1176     0.0008     0.0008     6.3860     6.3866     42.607     43.521    1440.28    1440.28     7.9974     8.1448    96.1200    97.8950  0.000e+00
      45600     43.500     5.6961     5.6960    0.89229    0.89234          1     3.6179     3.3800      52.26      0.442     0.6461     0.2539  1.000e-12  0.1883000     8.1188     8.1193     0.0005    -0.0001     6.3871     6.3875     43.102     44.027    1440.33    1440.33     7.9754     8.1292    95.8790    97.7280  0.000e+00
      45628     44.000     5.6960     5.6956    0.89231    0.89234          1     3.6126     3.3768      91.82      0.408     0.6506     0.2235  1.000e-12  0.1677000     8.1189     8.1194     0.0005    -0.0004     6.3873     6.3876     43.598     44.533    1440.34    1440.34     7.9338     8.0899    95.3790    97.2540  0.000e+00
      45650     44.500     5.6795     5.6768    0.89185    0.89183          1     3.6029     3.3713      43.10      0.485     0.6301     0.2334  1.000e-12  0.1689000     8.1184     8.1188     0.0004    -0.0027     6.3876     6.3881     44.093     45.039    1440.27    1440.26     7.8860     8.0596    94.7650    96.8450  0.000e+00
      45672     45.000     5.6549     5.6531    0.89121    0.89121          1     3.5917     3.3650      42.68      0.550     0.5949     0.2053  1.000e-12  0.1701000     8.1180     8.1184     0.0004    -0.0018     6.3886     6.3890     44.589     45.545    1440.18    1440.17     7.8441     8.0090    94.2030    96.1800  0.000e+00
      45695     45.500     5.6257     5.6218    0.89031    0.89025          1     3.5759     3.3522      42.48      0.538     0.5631     0.2604  1.000e-12  0.1629000     8.1161     8.1164     0.0004    -0.0039     6.3886     6.3891     45.084     46.051    1440.06    1440.04     7.7843     7.9124    93.4150    94.9440  0.000e+00
      45721     46.000     5.4869     5.4764    0.88660    0.88637          1     3.5543     3.3313      67.74      0.476     0.5130     0.2378  1.000e-12  0.1545000     8.1130     8.1134     0.0003    -0.0104     6.3930     6.3938     45.579     46.557    1439.46    1439.41     7.7325     7.8220    92.4690    93.5150  0.000e+00
      45746     46.500     5.4139     5.4136    0.88724    0.88749          1     3.5327     3.3091      41.46      0.468     0.4457     0.2893  1.000e-12  0.1521000     8.1370     8.1395     0.0025    -0.0003     6.4155     6.4175     46.075     47.063    1439.18    1439.18     7.7128     7.7963    92.0800    93.0770  0.000e+00
      45768     47.000     5.4081     5.4072    0.89212    0.89208          1     3.5209     3.2957      40.66      0.515     0.4195     0.1977  1.000e-12  0.1453000     8.1864     8.1863    -0.0001    -0.0010     6.4548     6.4548     46.570     47.569    1439.23    1439.22     7.7351     7.8476    92.3630    93.7040  0.000e+00
      45792     47.500     5.5326     5.5140    0.90119    0.90044          1     3.5169     3.2904      40.24      0.526     0.4245     0.2215  1.000e-12  0.1464000     8.2453     8.2425    -0.0028    -0.0186     6.4953     6.4940     47.065     48.075    1439.85    1439.76     7.7454     7.8932    92.8120    94.5370  0.000e+00
      45819     48.000     5.6272     5.6286    0.90821    0.90871          1     3.5204     3.2927      38.65      0.466     0.4227     0.2435  1.000e-12  0.1587000     8.2911     8.2957     0.0046     0.0014     6.5266     6.5302     47.561     48.581    1440.32    1440.33     7.7813     7.9465    93.4910    95.4820  0.000e+00
      45843     48.500     5.6218     5.6257    0.91185    0.91211          1     3.5304     3.2994      38.81      0.461     0.4024     0.2184  1.000e-12  0.1544000     8.3282     8.3297     0.0016     0.0039     6.5562     6.5572     48.056     49.087    1440.35    1440.37     7.8356     8.0010    94.1550    96.1520  0.000e+00
      45865     49.000     5.6366     5.6461    0.91263    0.91304          1     3.5411     3.3078      38.54      0.521     0.3993     0.2251  1.000e-12  0.1416000     8.3320     8.3338     0.0018     0.0095     6.5585     6.5594     48.552     49.593    1440.43    1440.47     7.8601     8.0346    94.4870    96.6080  0.000e+00
