ctdpy/tests/etc/exprapp_april_2020/SBE09_1387_20200415_1326_77_10_0345.cnv
* Sea-Bird SBE 9 Data File:
* FileName = L:\2020\sv20d0345.hex
* Software Version Seasave V 7.26.7.121
* Temperature SN = 6378
* Conductivity SN = 4824
* Number of Bytes Per Scan = 41
* Number of Voltage Words = 4
* Number of Scans Averaged by the Deck Unit = 1
* NMEA Latitude = 56 40.11 N
* NMEA Longitude = 012 06.63 E
* NMEA UTC (Time) = Apr 15 2020  13:26:07
* NMEA baud rate = 4800
** Station:  Anholt
** Operator:  JKro
** Ship: SVEA
** Average sound velocity: 1467.60 m/s
** True-depth calculation Wed, 15 Apr 2020 16:23:54 +0000
** CTD Python Module SMHI /ver 3-12/ feb 2012 
** LIMS Job: 20207710-0345
** Cruise: SMHI-07-2020
** Latitude [GG MM.mm N] :
** Longitude [GGG MM.mm E]:
# nquan = 30
# nvalues = 116                         
# units = specified
# name 0 = scan: Scan Count
# name 1 = prDM: Pressure, Digiquartz [db]
# name 2 = t090C: Temperature [ITS-90, deg C]
# name 3 = t190C: Temperature, 2 [ITS-90, deg C]
# name 4 = c0S/m: Conductivity [S/m]
# name 5 = c1S/m: Conductivity, 2 [S/m]
# name 6 = pumps: Pump Status
# name 7 = sbeox0V: Oxygen raw, SBE 43 [V]
# name 8 = sbeox1V: Oxygen raw, SBE 43, 2 [V]
# name 9 = altM: Altimeter [m]
# name 10 = dz/dtM: Descent Rate [m/s]
# name 11 = flECO-AFL: Chl-a Fluorescence, WET Labs ECO-AFL/FL [mg/m^3]
# name 12 = flECO-AFL1: Phycocyanin Fluorescence, WET Labs ECO-AFL/FL, 2 [mg/m^3]
# name 13 = par: PAR/Irradiance, Biospherical/Lico [µE/(cm^2*s)]
# name 14 = turbWETntu0: Turbidity, WET Labs ECO [NTU]
# name 15 = sal00: Salinity, Practical [PSU]
# name 16 = sal11: Salinity, Practical, 2 [PSU]
# name 17 = secS-priS: Salinity, Practical, Difference, 2 - 1 [PSU]
# name 18 = T2-T190C: Temperature Difference, 2 - 1 [ITS-90, deg C]
# name 19 = sigma-t00: Density [sigma-t, kg/m^3 ]
# name 20 = sigma-t11: Density, 2 [sigma-t, kg/m^3 ]
# name 21 = depSM: Depth [salt water, m], lat = 56.6685
# name 22 = depFM: Depth [true depth, m], lat = 56.6685
# name 23 = svCM: Sound Velocity [Chen-Millero, m/s]
# name 24 = svCM1: Sound Velocity, 2 [Chen-Millero, m/s]
# name 25 = sbeox0ML/L: Oxygen, SBE 43 [ml/l], WS = 2
# name 26 = sbeox1ML/L: Oxygen, SBE 43, 2 [ml/l], WS = 2
# name 27 = sbeox0PS: Oxygen, SBE 43 [% saturation], WS = 2
# name 28 = sbeox1PS: Oxygen, SBE 43, 2 [% saturation], WS = 2
# name 29 = flag: flag
# span 0 =      49551,      52934       
# span 1 =      1.000,     58.500       
# span 2 =     5.6359,     6.9692       
# span 3 =     5.6732,     6.9695       
# span 4 =   2.122930,   3.260375       
# span 5 =   2.122911,   3.259986       
# span 6 =          1,          1       
# span 7 =     2.8745,     3.6493       
# span 8 =     2.7024,     3.4153       
# span 9 =       0.06,      95.87       
# span 10 =     -0.791,      0.666      
# span 11 =     0.2790,     0.9499      
# span 12 =     0.1485,     0.2909      
# span 13 = 1.0000e-12, 9.8043e+02      
# span 14 =     0.1664,     2.7971      
# span 15 =    20.0216,    32.8324      
# span 16 =    20.0199,    32.8283      
# span 17 =    -0.1796,     0.2527      
# span 18 =    -0.0696,     0.0538      
# span 19 =    15.6490,    25.8206      
# span 20 =    15.6476,    25.8174      
# span 21 =      0.991,     57.956      
# span 22 =      1.003,     58.309      
# span 23 =    1459.26,    1473.59      
# span 24 =    1459.26,    1473.58      
# span 25 =     4.9843,     7.2017      
# span 26 =     5.1056,     7.3478      
# span 27 =     71.372,     96.396      
# span 28 =     73.110,     98.437      
# span 29 = 0.0000e+00, 0.0000e+00      
# interval = decibars: 0.5              
# start_time = Apr 15 2020 13:26:08 [NMEA time, first data scan]
# bad_flag = -9.990e-29
*END*
[from data line 49]
      50958     25.500     5.8582     5.8596    2.92299    2.92153          1     3.0519     2.8772      35.69      0.365     0.3369     0.1934  2.597e+00  0.5603000    29.3691    29.3517    -0.0174     0.0014    23.1224    23.1085     25.265     25.533    1467.49    1467.47     5.4992     5.5996    76.4220    77.8110  0.000e+00
      50987     26.000     5.8669     5.8665    2.93179    2.93174          1     3.0473     2.8689      61.47      0.377     0.3444     0.2054  2.509e+00  0.6037000    29.4589    29.4587    -0.0002    -0.0004    23.1923    23.1921     25.760     26.031    1467.64    1467.64     5.5224     5.6442    76.8050    78.4990  0.000e+00
      51008     26.500     5.8620     5.8619    2.93886    2.93893          1     3.0455     2.8656      42.97      0.498     0.3326     0.1933  2.342e+00  0.5183000    29.5414    29.5423     0.0009    -0.0001    23.2579    23.2586     26.256     26.528    1467.73    1467.73     5.5100     5.6345    76.6660    78.3980  0.000e+00
      51030     27.000     5.8715     5.8710    2.96230    2.96199          1     3.0418     2.8609      34.36      0.558     0.3594     0.2050  2.162e+00  0.4068000    29.7930    29.7899    -0.0030    -0.0004    23.4555    23.4531     26.751     27.026    1468.10    1468.09     5.4913     5.6044    76.5510    78.1250  0.000e+00
      51056     27.500     5.8915     5.8906    2.99227    2.99114          1     3.0400     2.8562      33.69      0.502     0.3317     0.1848  1.957e+00  0.2999000    30.1080    30.0962    -0.0118    -0.0009    23.7018    23.6926     27.246     27.524    1468.58    1468.57     5.5017     5.6193    76.8920    78.5290  0.000e+00
      51084     28.000     5.9361     5.9383    3.03993    3.04230          1     3.0497     2.8619      33.11      0.438     0.3601     0.2038  1.865e+00  1.9752000    30.5976    30.6220     0.0244     0.0022    24.0831    24.1021     27.742     28.021    1469.39    1469.43     5.5615     5.7049    78.0640    80.0950  0.000e+00
      51112     28.500     6.0088     6.0103    3.12631    3.12872          1     3.0683     2.8773      32.57      0.421     0.3306     0.1953  1.788e+00  0.3117000    31.4925    31.5180     0.0255     0.0015    24.7810    24.8009     28.237     28.518    1470.82    1470.86     5.5539     5.7116    78.5560    80.8020  0.000e+00
      51137     29.000     6.0375     6.0374    3.16487    3.16507          1     3.0753     2.8850      32.16      0.459     0.2970     0.2199  1.659e+00  0.2512000    31.8954    31.8978     0.0023    -0.0001    25.0956    25.0975     28.732     29.015    1471.45    1471.45     5.5035     5.6455    78.1040    80.1200  0.000e+00
      51160     29.500     6.0465     6.0461    3.17528    3.17512          1     3.0761     2.8866      31.76      0.502     0.3097     0.2012  1.518e+00  0.3585000    32.0029    32.0015    -0.0014    -0.0004    25.1794    25.1783     29.228     29.512    1471.63    1471.62     5.4902     5.6261    77.9870    79.9160  0.000e+00
      51182     30.000     6.0582     6.0580    3.18576    3.18597          1     3.0768     2.8878      31.51      0.526     0.3080     0.1766  1.427e+00  0.2665000    32.1084    32.1111     0.0027    -0.0003    25.2612    25.2634     29.723     30.008    1471.82    1471.82     5.4772     5.6104    77.8790    79.7730  0.000e+00
      51206     30.500     6.0656     6.0658    3.19619    3.19678          1     3.0743     2.8866      30.82      0.521     0.2882     0.2171  1.357e+00  0.2804000    32.2176    32.2241     0.0064     0.0001    25.3466    25.3516     30.219     30.505    1471.99    1472.00     5.4483     5.5760    77.5380    79.3580  0.000e+00
      51235     31.000     6.0730     6.0733    3.20404    3.20402          1     3.0662     2.8804      30.19      0.445     0.2980     0.2069  1.303e+00  0.3049000    32.2980    32.2975    -0.0004     0.0002    25.4091    25.4087     30.714     31.002    1472.13    1472.13     5.4008     5.5166    76.9160    78.5640  0.000e+00
      51266     31.500     6.0787     6.0790    3.20755    3.20758          1     3.0511     2.8681      59.88      0.377     0.3090     0.2008  1.230e+00  0.3151000    32.3315    32.3316     0.0002     0.0003    25.4349    25.4349     31.209     31.498    1472.20    1472.21     5.3447     5.4536    76.1440    77.6960  0.000e+00
      51291     32.000     6.0846     6.0845    3.21197    3.21207          1     3.0382     2.8570      28.49      0.440     0.3085     0.1789  1.152e+00  0.3575000    32.3750    32.3762     0.0011    -0.0000    25.4685    25.4694     31.705     31.995    1472.29    1472.29     5.3224     5.4313    75.8570    77.4100  0.000e+00
      51312     32.500     6.0894     6.0892    3.21712    3.21696          1     3.0300     2.8491      28.65      0.527     0.3052     0.1935  1.077e+00  0.3818000    32.4276    32.4260    -0.0016    -0.0002    25.5094    25.5082     32.200     32.492    1472.38    1472.38     5.3168     5.4267    75.8140    77.3790  0.000e+00
      51336     33.000     6.0913     6.0911    3.21892    3.21863          1     3.0232     2.8423      28.32      0.538     0.2790     0.1807  1.002e+00  0.3890000    32.4457    32.4426    -0.0031    -0.0002    25.5235    25.5211     32.695     32.988    1472.42    1472.42     5.3090     5.4209    75.7140    77.3080  0.000e+00
      51369     33.500     6.0950     6.0950    3.22110    3.22077          1     3.0157     2.8348      27.70      0.399     0.2976     0.2011  9.532e-01  0.5159000    32.4662    32.4625    -0.0037     0.0000    25.5393    25.5363     33.191     33.485    1472.47    1472.47     5.3014     5.4193    75.6230    77.3030  0.000e+00
      51402     34.000     6.0992     6.0989    3.22213    3.22182          1     3.0114     2.8300      27.11      0.336     0.3046     0.1921  9.102e-01  0.6118000    32.4734    32.4703    -0.0032    -0.0003    25.5444    25.5419     33.686     33.981    1472.51    1472.50     5.3018     5.4220    75.6390    77.3530  0.000e+00
      51422     34.500     6.0997     6.0993    3.22233    3.22211          1     3.0099     2.8283      26.70      0.461     0.3003     0.2204  8.550e-01  0.6909000    32.4751    32.4730    -0.0021    -0.0004    25.5457    25.5441     34.181     34.478    1472.52    1472.51     5.3033     5.4284    75.6630    77.4460  0.000e+00
      51440     35.000     6.0996     6.0996    3.22250    3.22225          1     3.0092     2.8277      26.29      0.602     0.2960     0.2132  7.820e-01  0.7364000    32.4768    32.4740    -0.0029    -0.0000    25.5470    25.5448     34.677     34.975    1472.53    1472.52     5.3036     5.4315    75.6670    77.4920  0.000e+00
      51459     35.500     6.0999     6.0998    3.22258    3.22236          1     3.0084     2.8269      25.84      0.665     0.2967     0.2072  7.175e-01  0.7863000    32.4772    32.4747    -0.0025    -0.0001    25.5473    25.5454     35.172     35.471    1472.54    1472.53     5.3017     5.4331    75.6420    77.5140  0.000e+00
      51485     36.000     6.1002     6.1000    3.22238    3.22214          1     3.0078     2.8271      25.19      0.542     0.3032     0.1856  6.442e-01  0.8145000    32.4743    32.4719    -0.0025    -0.0002    25.5450    25.5431     35.667     35.968    1472.54    1472.54     5.3098     5.4486    75.7560    77.7340  0.000e+00
      51517     36.500     6.0996     6.0997    3.22265    3.22229          1     3.0100     2.8297      24.62      0.380     0.2939     0.1524  5.826e-01  0.7847000    32.4777    32.4736    -0.0041     0.0000    25.5477    25.5445     36.163     36.464    1472.55    1472.55     5.3139     5.4533    75.8160    77.8020  0.000e+00
      51544     37.000     6.0973     6.0969    3.22377    3.22354          1     3.0071     2.8278      24.19      0.409     0.3086     0.1862  5.210e-01  0.7138000    32.4921    32.4900    -0.0022    -0.0004    25.5594    25.5577     36.658     36.961    1472.57    1472.57     5.2693     5.3969    75.1830    77.0000  0.000e+00
      51569     37.500     6.0988     6.0988    3.22584    3.22569          1     2.9967     2.8197      23.65      0.468     0.3139     0.1926  4.667e-01  0.6798000    32.5136    32.5120    -0.0016    -0.0000    25.5762    25.5749     37.153     37.457    1472.61    1472.61     5.2089     5.3245    74.3340    75.9820  0.000e+00
      51592     38.000     6.1093     6.1090    3.22932    3.22906          1     2.9803     2.8069      23.28      0.507     0.3248     0.2012  4.219e-01  0.7856000    32.5421    32.5396    -0.0026    -0.0003    25.5974    25.5954     37.649     37.954    1472.70    1472.69     5.1332     5.2395    73.2850    74.8010  0.000e+00
      51615     38.500     6.1154     6.1158    3.23108    3.23093          1     2.9584     2.7885      22.85      0.530     0.3283     0.2181  3.874e-01  1.0829000    32.5557    32.5537    -0.0020     0.0003    25.6073    25.6057     38.144     38.451    1472.75    1472.75     5.0735     5.1642    72.4500    73.7450  0.000e+00
      51644     39.000     6.1307     6.1308    3.23793    3.23784          1     2.9341     2.7649      22.20      0.450     0.3201     0.2118  3.695e-01  1.7269000    32.6172    32.6162    -0.0010     0.0001    25.6540    25.6532     38.639     38.947    1472.89    1472.89     5.0380     5.1197    71.9970    73.1650  0.000e+00
      51673     39.500     6.1415     6.1413    3.24454    3.24421          1     2.9159     2.7474      21.63      0.390     0.3204     0.2047  3.521e-01  2.4153000    32.6804    32.6769    -0.0034    -0.0002    25.7025    25.6999     39.135     39.444    1473.03    1473.02     5.0202     5.1256    71.7910    73.2970  0.000e+00
      51696     40.000     6.1441     6.1438    3.24640    3.24612          1     2.9070     2.7385      21.18      0.467     0.3125     0.1818  3.086e-01  2.6335000    32.6983    32.6955    -0.0028    -0.0003    25.7164    25.7142     39.630     39.940    1473.07    1473.06     5.0215     5.1288    71.8230    73.3550  0.000e+00
      51717     40.500     6.1461     6.1455    3.24808    3.24745          1     2.9016     2.7323      20.67      0.549     0.3194     0.1825  2.495e-01  2.7320000    32.7149    32.7085    -0.0063    -0.0006    25.7292    25.7243     40.125     40.437    1473.10    1473.09     5.0226     5.1323    71.8490    73.4160  0.000e+00
      51741     41.000     6.1466     6.1462    3.24850    3.24812          1     2.8979     2.7273      20.19      0.544     0.3278     0.2113  1.996e-01  2.7510000    32.7189    32.7151    -0.0039    -0.0003    25.7324    25.7294     40.621     40.933    1473.12    1473.11     5.0216     5.1306    71.8390    73.3960  0.000e+00
      51769     41.500     6.1470     6.1467    3.24883    3.24848          1     2.8941     2.7225      19.63      0.457     0.3270     0.1753  1.541e-01  2.7188000    32.7220    32.7183    -0.0036    -0.0003    25.7347    25.7319     41.116     41.430    1473.13    1473.13     5.0160     5.1307    71.7600    73.3990  0.000e+00
      51795     42.000     6.1476     6.1476    3.24928    3.24898          1     2.8918     2.7197      19.18      0.437     0.3186     0.2066  1.194e-01  2.7698000    32.7262    32.7228    -0.0033    -0.0001    25.7379    25.7353     41.611     41.926    1473.15    1473.14     5.0198     5.1388    71.8180    73.5190  0.000e+00
      51818     42.500     6.1485     6.1482    3.24988    3.24955          1     2.8913     2.7187      18.72      0.488     0.3208     0.2364  9.120e-02  2.7421000    32.7318    32.7285    -0.0033    -0.0003    25.7423    25.7397     42.107     42.423    1473.17    1473.16     5.0214     5.1454    71.8450    73.6170  0.000e+00
      51842     43.000     6.1485     6.1483    3.25012    3.24977          1     2.8903     2.7185      18.18      0.517     0.3131     0.2308  6.678e-02  2.7171000    32.7342    32.7304    -0.0038    -0.0002    25.7442    25.7412     42.602     42.919    1473.18    1473.17     5.0169     5.1474    71.7820    73.6460  0.000e+00
      51868     43.500     6.1484     6.1481    3.25030    3.25002          1     2.8890     2.7181      17.63      0.477     0.3091     0.2297  3.839e-02  2.7971000    32.7360    32.7333    -0.0028    -0.0003    25.7456    25.7435     43.097     43.416    1473.19    1473.18     5.0188     5.1489    71.8090    73.6690  0.000e+00
      51894     44.000     6.1481     6.1479    3.25060    3.25022          1     2.8903     2.7180      17.18      0.445     0.3201     0.2630  1.285e-02  2.7450000    32.7394    32.7355    -0.0040    -0.0002    25.7484    25.7452     43.592     43.912    1473.20    1473.19     5.0340     5.1532    72.0280    73.7310  0.000e+00
      51916     44.500     6.1481     6.1477    3.25067    3.25034          1     2.8925     2.7190      16.73      0.500     0.3202     0.2316  8.631e-06  2.6413000    32.7400    32.7366    -0.0034    -0.0003    25.7488    25.7462     44.088     44.409    1473.21    1473.20     5.0385     5.1651    72.0930    73.9030  0.000e+00
      51939     45.000     6.1478     6.1477    3.25083    3.25040          1     2.8938     2.7203      16.16      0.538     0.3198     0.2027  3.090e-08  2.5855000    32.7419    32.7372    -0.0047    -0.0001    25.7503    25.7466     44.583     44.905    1473.22    1473.21     5.0376     5.1656    72.0800    73.9090  0.000e+00
      51968     45.500     6.1471     6.1468    3.25127    3.25100          1     2.8951     2.7217      15.61      0.456     0.3271     0.1904  1.000e-12  2.5591000    32.7473    32.7444    -0.0028    -0.0002    25.7547    25.7524     45.078     45.402    1473.23    1473.23     5.0416     5.1709    72.1400    73.9870  0.000e+00
      52000     46.000     6.1469     6.1467    3.25151    3.25115          1     2.8968     2.7229      15.09      0.371     0.3331     0.2176  1.000e-12  2.4874000    32.7498    32.7460    -0.0039    -0.0002    25.7567    25.7537     45.574     45.898    1473.24    1473.23     5.0453     5.1657    72.1920    73.9130  0.000e+00
      52025     46.500     6.1470     6.1468    3.25197    3.25156          1     2.8976     2.7227      14.66      0.434     0.3201     0.2612  1.000e-12  2.4799000    32.7546    32.7502    -0.0044    -0.0002    25.7605    25.7570     46.069     46.395    1473.25    1473.25     5.0386     5.1546    72.0990    73.7570  0.000e+00
      52047     47.000     6.1476     6.1472    3.25285    3.25248          1     2.8958     2.7212      14.22      0.515     0.3208     0.2415  1.000e-12  2.3679000    32.7636    32.7599    -0.0038    -0.0004    25.7675    25.7646     46.564     46.891    1473.28    1473.27     5.0255     5.1465    71.9170    73.6460  0.000e+00
      52073     47.500     6.1492     6.1491    3.25435    3.25410          1     2.8930     2.7198      13.71      0.500     0.3114     0.2353  1.000e-12  2.3133000    32.7786    32.7759    -0.0026    -0.0002    25.7791    25.7771     47.060     47.387    1473.31    1473.31     5.0136     5.1435    71.7570    73.6150  0.000e+00
      52100     48.000     6.1519     6.1516    3.25632    3.25599          1     2.8893     2.7181      13.14      0.442     0.3086     0.2378  1.000e-12  2.3592000    32.7977    32.7943    -0.0034    -0.0003    25.7939    25.7912     47.555     47.884    1473.35    1473.35     5.0082     5.1342    71.6920    73.4950  0.000e+00
      52124     48.500     6.1534     6.1532    3.25729    3.25694          1     2.8876     2.7162      12.72      0.467     0.3085     0.2369  1.000e-12  2.4441000    32.8068    32.8031    -0.0036    -0.0003    25.8009    25.7980     48.050     48.380    1473.38    1473.37     5.0090     5.1311    71.7120    73.4580  0.000e+00
