ctdpy/tests/etc/exprapp_april_2020/SBE09_1387_20200414_1911_77_10_0340.cnv
* Sea-Bird SBE 9 Data File:
* FileName = L:\2020\sv20d0340.hex
* Software Version Seasave V 7.26.7.121
* Temperature SN = 6378
* Conductivity SN = 4824
* Number of Bytes Per Scan = 41
* Number of Voltage Words = 4
* Number of Scans Averaged by the Deck Unit = 1
* NMEA Latitude = 58 16.05 N
* NMEA Longitude = 010 43.52 E
* NMEA UTC (Time) = Apr 14 2020  19:11:02
* NMEA baud rate = 4800
** Station:  A16
** Operator:  JKro
** Ship: SVEA
** Average sound velocity: 1480.18 m/s
** True-depth calculation Tue, 14 Apr 2020 19:49:14 +0000
** CTD Python Module SMHI /ver 3-12/ feb 2012 
** LIMS Job: 20207710-0340
** Cruise: SMHI-07-2020
** Latitude [GG MM.mm N] :
** Longitude [GGG MM.mm E]:
# nquan = 30
# nvalues = 399                         
# units = specified
# name 0 = scan: Scan Count
# name 1 = prDM: Pressure, Digiquartz [db]
# name 2 = t090C: Temperature [ITS-90, deg C]
# name 3 = t190C: Temperature, 2 [ITS-90, deg C]
# name 4 = c0S/m: Conductivity [S/m]
# name 5 = c1S/m: Conductivity, 2 [S/m]
# name 6 = pumps: Pump Status
# name 7 = sbeox0V: Oxygen raw, SBE 43 [V]
# name 8 = sbeox1V: Oxygen raw, SBE 43, 2 [V]
# name 9 = altM: Altimeter [m]
# name 10 = dz/dtM: Descent Rate [m/s]
# name 11 = flECO-AFL: Chl-a Fluorescence, WET Labs ECO-AFL/FL [mg/m^3]
# name 12 = flECO-AFL1: Phycocyanin Fluorescence, WET Labs ECO-AFL/FL, 2 [mg/m^3]
# name 13 = par: PAR/Irradiance, Biospherical/Lico [µE/(cm^2*s)]
# name 14 = turbWETntu0: Turbidity, WET Labs ECO [NTU]
# name 15 = sal00: Salinity, Practical [PSU]
# name 16 = sal11: Salinity, Practical, 2 [PSU]
# name 17 = secS-priS: Salinity, Practical, Difference, 2 - 1 [PSU]
# name 18 = T2-T190C: Temperature Difference, 2 - 1 [ITS-90, deg C]
# name 19 = sigma-t00: Density [sigma-t, kg/m^3 ]
# name 20 = sigma-t11: Density, 2 [sigma-t, kg/m^3 ]
# name 21 = depSM: Depth [salt water, m], lat = 58.2675
# name 22 = depFM: Depth [true depth, m], lat = 58.2675
# name 23 = svCM: Sound Velocity [Chen-Millero, m/s]
# name 24 = svCM1: Sound Velocity, 2 [Chen-Millero, m/s]
# name 25 = sbeox0ML/L: Oxygen, SBE 43 [ml/l], WS = 2
# name 26 = sbeox1ML/L: Oxygen, SBE 43, 2 [ml/l], WS = 2
# name 27 = sbeox0PS: Oxygen, SBE 43 [% saturation], WS = 2
# name 28 = sbeox1PS: Oxygen, SBE 43, 2 [% saturation], WS = 2
# name 29 = flag: flag
# span 0 =      17889,      30151       
# span 1 =      1.500,    200.500       
# span 2 =     6.4192,     7.5674       
# span 3 =     6.4109,     7.5670       
# span 4 =   2.846693,   3.593739       
# span 5 =   2.845683,   3.593495       
# span 6 =          1,          1       
# span 7 =     3.3696,     3.6910       
# span 8 =     3.1530,     3.4455       
# span 9 =       3.06,      97.08       
# span 10 =     -0.403,      0.705      
# span 11 =     0.1805,     1.8322      
# span 12 =     0.1144,     0.4646      
# span 13 = -1.490e-06, 2.1775e+00      
# span 14 =     0.1463,     1.1760      
# span 15 =    27.9993,    35.1192      
# span 16 =    27.9882,    35.1165      
# span 17 =    -0.3882,     0.1621      
# span 18 =    -0.0141,     0.0097      
# span 19 =    21.9691,    27.4965      
# span 20 =    21.9604,    27.4941      
# span 21 =      1.486,    198.541      
# span 22 =      1.495,    198.842      
# span 23 =    1467.96,    1482.51      
# span 24 =    1467.95,    1482.50      
# span 25 =     5.8360,     6.9267      
# span 26 =     5.9450,     7.0532      
# span 27 =     87.627,     97.986      
# span 28 =     89.265,     99.882      
# span 29 = 0.0000e+00, 0.0000e+00      
# interval = decibars: 0.5              
# start_time = Apr 14 2020 19:11:02 [NMEA time, first data scan]
# bad_flag = -9.990e-29
*END*
[from data line 339]
      26413    171.000     7.1163     7.1159    3.55770    3.55741          1     3.4789     3.2531      29.80      0.507     0.2473     0.2370  1.000e-12  0.6600000    35.1175    35.1147    -0.0027    -0.0004    27.4951    27.4930    169.341    169.599    1482.06    1482.06     6.2330     6.3603    92.6430    94.5330  0.000e+00
      26432    171.500     7.1162     7.1159    3.55771    3.55743          1     3.4786     3.2531      30.37      0.602     0.2354     0.1916  1.000e-12  0.6887000    35.1175    35.1148    -0.0027    -0.0004    27.4951    27.4930    169.836    170.095    1482.07    1482.06     6.2362     6.3611    92.6910    94.5440  0.000e+00
      26455    172.000     7.1158     7.1151    3.55769    3.55736          1     3.4790     3.2531      30.06      0.587     0.2438     0.2016  1.000e-12  0.6635000    35.1174    35.1145    -0.0029    -0.0007    27.4951    27.4929    170.331    170.590    1482.08    1482.07     6.2415     6.3626    92.7680    94.5650  0.000e+00
      26487    172.500     7.1136     7.1134    3.55753    3.55725          1     3.4800     3.2534      29.54      0.416     0.2438     0.2496  1.000e-12  0.6814000    35.1177    35.1148    -0.0029    -0.0003    27.4956    27.4934    170.826    171.086    1482.08    1482.07     6.2425     6.3657    92.7790    94.6080  0.000e+00
      26516    173.000     7.1134     7.1132    3.55752    3.55723          1     3.4799     3.2540      29.08      0.371     0.2357     0.2180  1.000e-12  0.6527000    35.1175    35.1146    -0.0029    -0.0003    27.4955    27.4932    171.321    171.582    1482.08    1482.08     6.2394     6.3684    92.7320    94.6470  0.000e+00
      26537    173.500     7.1130     7.1127    3.55750    3.55721          1     3.4796     3.2542      28.59      0.486     0.2355     0.2169  1.000e-12  0.6896000    35.1174    35.1145    -0.0029    -0.0003    27.4955    27.4933    171.816    172.077    1482.09    1482.09     6.2385     6.3676    92.7180    94.6340  0.000e+00
      26554    174.000     7.1125     7.1122    3.55745    3.55719          1     3.4792     3.2543      28.02      0.611     0.2469     0.1825  1.000e-12  0.7409000    35.1172    35.1146    -0.0026    -0.0003    27.4954    27.4935    172.311    172.573    1482.10    1482.09     6.2367     6.3668    92.6900    94.6220  0.000e+00
      26572    174.500     7.1122     7.1118    3.55746    3.55717          1     3.4784     3.2542      27.60      0.681     0.2440     0.1686  1.000e-12  0.7363000    35.1173    35.1146    -0.0027    -0.0004    27.4955    27.4935    172.806    173.069    1482.10    1482.10     6.2339     6.3682    92.6480    94.6420  0.000e+00
      26602    175.000     7.1115     7.1113    3.55743    3.55715          1     3.4774     3.2544      25.89      0.500     0.2547     0.2374  1.000e-12  0.7608000    35.1175    35.1146    -0.0029    -0.0002    27.4958    27.4935    173.301    173.564    1482.11    1482.10     6.2337     6.3665    92.6440    94.6160  0.000e+00
      26639    175.500     7.1112     7.1110    3.55742    3.55714          1     3.4762     3.2536      22.62      0.282     0.2568     0.2256  1.000e-12  0.6893000    35.1174    35.1145    -0.0030    -0.0002    27.4958    27.4935    173.796    174.060    1482.12    1482.11     6.2316     6.3599    92.6130    94.5170  0.000e+00
      26660    176.000     7.1112     7.1109    3.55743    3.55714          1     3.4759     3.2532      26.14      0.432     0.2472     0.2200  1.000e-12  0.7139000    35.1173    35.1144    -0.0028    -0.0004    27.4956    27.4935    174.291    174.555    1482.12    1482.12     6.2327     6.3645    92.6290    94.5840  0.000e+00
      26677    176.500     7.1109     7.1104    3.55743    3.55712          1     3.4754     3.2532      25.88      0.596     0.2581     0.2054  1.000e-12  0.7638000    35.1173    35.1144    -0.0029    -0.0005    27.4957    27.4935    174.786    175.051    1482.13    1482.13     6.2313     6.3667    92.6070    94.6160  0.000e+00
      26693    177.000     7.1108     7.1103    3.55743    3.55713          1     3.4751     3.2532      25.34      0.705     0.2589     0.2184  1.000e-12  0.8041000    35.1172    35.1144    -0.0028    -0.0005    27.4957    27.4936    175.281    175.547    1482.14    1482.13     6.2331     6.3665    92.6330    94.6130  0.000e+00
      26715    177.500     7.1099     7.1096    3.55737    3.55709          1     3.4752     3.2531      24.72      0.655     0.2543     0.2013  1.000e-12  0.8261000    35.1173    35.1144    -0.0029    -0.0003    27.4958    27.4936    175.776    176.042    1482.14    1482.14     6.2346     6.3634    92.6530    94.5640  0.000e+00
      26750    178.000     7.1093     7.1092    3.55736    3.55706          1     3.4753     3.2521      24.10      0.384     0.2541     0.2436  1.000e-12  0.7627000    35.1174    35.1143    -0.0031    -0.0002    27.4960    27.4936    176.271    176.538    1482.15    1482.14     6.2359     6.3625    92.6710    94.5510  0.000e+00
      26779    178.500     7.1092     7.1090    3.55735    3.55708          1     3.4755     3.2524      23.66      0.355     0.2584     0.2211  1.000e-12  0.7839000    35.1172    35.1144    -0.0028    -0.0003    27.4958    27.4937    176.765    177.034    1482.16    1482.15     6.2359     6.3643    92.6720    94.5770  0.000e+00
      26800    179.000     7.1090     7.1087    3.55736    3.55706          1     3.4751     3.2516      23.18      0.493     0.2488     0.2399  1.000e-12  0.8062000    35.1172    35.1143    -0.0029    -0.0003    27.4959    27.4936    177.260    177.529    1482.17    1482.16     6.2331     6.3537    92.6290    94.4190  0.000e+00
      26820    179.500     7.1078     7.1069    3.55725    3.55690          1     3.4747     3.2504      22.72      0.591     0.2538     0.2365  1.000e-12  0.8460000    35.1170    35.1141    -0.0030    -0.0009    27.4959    27.4937    177.755    178.025    1482.17    1482.16     6.2351     6.3534    92.6560    94.4100  0.000e+00
      26843    180.000     7.1062     7.1060    3.55714    3.55685          1     3.4752     3.2498      22.20      0.571     0.2569     0.2353  1.000e-12  0.8846000    35.1172    35.1142    -0.0030    -0.0002    27.4963    27.4940    178.250    178.521    1482.17    1482.17     6.2367     6.3594    92.6780    94.4980  0.000e+00
      26871    180.500     7.1062     7.1061    3.55717    3.55689          1     3.4742     3.2497      21.67      0.459     0.2578     0.2183  1.000e-12  0.8869000    35.1173    35.1143    -0.0030    -0.0001    27.4964    27.4940    178.745    179.016    1482.18    1482.17     6.2320     6.3635    92.6070    94.5590  0.000e+00
      26900    181.000     7.1068     7.1067    3.55726    3.55698          1     3.4742     3.2506      21.24      0.409     0.2493     0.2608  1.000e-12  0.8648000    35.1174    35.1144    -0.0031    -0.0001    27.4964    27.4940    179.240    179.512    1482.19    1482.19     6.2355     6.3682    92.6610    94.6310  0.000e+00
      26927    181.500     7.1064     7.1060    3.55722    3.55692          1     3.4737     3.2506      20.76      0.428     0.2462     0.2099  1.000e-12  0.8727000    35.1171    35.1143    -0.0028    -0.0005    27.4962    27.4940    179.735    180.008    1482.20    1482.19     6.2306     6.3607    92.5870    94.5170  0.000e+00
      26949    182.000     7.1058     7.1060    3.55717    3.55694          1     3.4727     3.2498      20.29      0.482     0.2475     0.2007  1.000e-12  0.8575000    35.1170    35.1141    -0.0029     0.0003    27.4962    27.4939    180.230    180.503    1482.20    1482.20     6.2285     6.3570    92.5540    94.4630  0.000e+00
      26968    182.500     7.1062     7.1059    3.55724    3.55696          1     3.4722     3.2495      19.83      0.569     0.2474     0.2081  1.000e-12  0.9038000    35.1171    35.1142    -0.0029    -0.0003    27.4962    27.4940    180.725    180.999    1482.21    1482.21     6.2313     6.3609    92.5970    94.5190  0.000e+00
      26985    183.000     7.1063     7.1059    3.55728    3.55697          1     3.4725     3.2494      19.36      0.660     0.2483     0.2214  1.000e-12  0.9525000    35.1171    35.1141    -0.0029    -0.0005    27.4962    27.4939    181.220    181.494    1482.22    1482.22     6.2326     6.3622    92.6150    94.5400  0.000e+00
      27004    183.500     7.1058     7.1053    3.55725    3.55694          1     3.4718     3.2493      18.84      0.679     0.2585     0.1965  1.000e-12  0.9694000    35.1171    35.1142    -0.0029    -0.0005    27.4962    27.4941    181.715    181.990    1482.23    1482.22     6.2302     6.3601    92.5790    94.5070  0.000e+00
      27037    184.000     7.1057     7.1055    3.55728    3.55699          1     3.4716     3.2490      18.17      0.436     0.2613     0.2134  1.000e-12  0.9144000    35.1173    35.1142    -0.0031    -0.0001    27.4965    27.4940    182.210    182.486    1482.23    1482.23     6.2342     6.3603    92.6390    94.5100  0.000e+00
      27072    184.500     7.1061     7.1058    3.55733    3.55703          1     3.4729     3.2483      17.69      0.295     0.2607     0.2196  1.000e-12  0.8735000    35.1171    35.1142    -0.0030    -0.0003    27.4962    27.4940    182.705    182.981    1482.24    1482.24     6.2363     6.3589    92.6700    94.4910  0.000e+00
      27092    185.000     7.1060     7.1060    3.55734    3.55708          1     3.4721     3.2483      17.29      0.467     0.2527     0.2186  1.000e-12  0.9207000    35.1171    35.1142    -0.0028    -0.0000    27.4962    27.4940    183.200    183.477    1482.25    1482.25     6.2311     6.3581    92.5930    94.4790  0.000e+00
      27109    185.500     7.1059     7.1055    3.55734    3.55705          1     3.4719     3.2477      16.92      0.619     0.2581     0.1952  1.000e-12  0.9734000    35.1169    35.1142    -0.0027    -0.0004    27.4961    27.4940    183.694    183.973    1482.26    1482.25     6.2332     6.3496    92.6240    94.3500  0.000e+00
      27128    186.000     7.1056     7.1054    3.55736    3.55707          1     3.4719     3.2463      16.36      0.675     0.2489     0.1699  1.000e-12  1.0362000    35.1172    35.1142    -0.0029    -0.0003    27.4963    27.4941    184.189    184.468    1482.27    1482.26     6.2330     6.3423    92.6200    94.2420  0.000e+00
      27157    186.500     7.1055     7.1054    3.55737    3.55709          1     3.4707     3.2445      15.73      0.498     0.2586     0.1956  1.000e-12  0.9802000    35.1172    35.1142    -0.0030    -0.0001    27.4964    27.4940    184.684    184.964    1482.27    1482.27     6.2270     6.3486    92.5310    94.3360  0.000e+00
      27195    187.000     7.1056     7.1054    3.55740    3.55710          1     3.4700     3.2452      15.20      0.295     0.2595     0.2370  1.000e-12  0.8935000    35.1172    35.1141    -0.0031    -0.0002    27.4964    27.4940    185.179    185.460    1482.28    1482.28     6.2326     6.3590    92.6140    94.4900  0.000e+00
      27218    187.500     7.1063     7.1057    3.55748    3.55717          1     3.4700     3.2446      14.79      0.409     0.2522     0.2377  1.000e-12  0.9573000    35.1171    35.1143    -0.0029    -0.0006    27.4963    27.4941    185.674    185.955    1482.29    1482.29     6.2302     6.3507    92.5810    94.3670  0.000e+00
      27236    188.000     7.1061     7.1067    3.55750    3.55729          1     3.4701     3.2446      14.38      0.557     0.2502     0.2086  1.000e-12  1.0111000    35.1173    35.1143    -0.0029     0.0006    27.4963    27.4940    186.169    186.451    1482.30    1482.30     6.2319     6.3540    92.6060    94.4190  0.000e+00
      27253    188.500     7.1069     7.1065    3.55758    3.55728          1     3.4701     3.2445      13.97      0.667     0.2600     0.1890  1.000e-12  1.0251000    35.1171    35.1142    -0.0029    -0.0004    27.4961    27.4939    186.664    186.946    1482.31    1482.31     6.2291     6.3548    92.5650    94.4300  0.000e+00
      27274    189.000     7.1062     7.1059    3.55754    3.55724          1     3.4688     3.2445      13.39      0.664     0.2400     0.1764  1.000e-12  0.9759000    35.1171    35.1141    -0.0030    -0.0003    27.4963    27.4939    187.159    187.442    1482.32    1482.31     6.2252     6.3554    92.5060    94.4380  0.000e+00
      27305    189.500     7.1055     7.1052    3.55750    3.55721          1     3.4683     3.2445      12.77      0.442     0.2576     0.1894  1.000e-12  1.0218000    35.1171    35.1143    -0.0028    -0.0003    27.4963    27.4941    187.654    187.938    1482.32    1482.32     6.2287     6.3547    92.5570    94.4260  0.000e+00
      27334    190.000     7.1056     7.1052    3.55752    3.55722          1     3.4688     3.2440      12.31      0.372     0.2603     0.1973  1.000e-12  0.9647000    35.1170    35.1141    -0.0028    -0.0004    27.4962    27.4940    188.149    188.433    1482.33    1482.33     6.2345     6.3521    92.6430    94.3870  0.000e+00
      27354    190.500     7.1057     7.1053    3.55756    3.55727          1     3.4693     3.2439      11.90      0.487     0.2603     0.2184  1.000e-12  0.9894000    35.1171    35.1142    -0.0028    -0.0004    27.4963    27.4941    188.643    188.929    1482.34    1482.34     6.2315     6.3579    92.5980    94.4730  0.000e+00
      27372    191.000     7.1057     7.1054    3.55758    3.55729          1     3.4686     3.2444      11.47      0.608     0.2597     0.1761  1.000e-12  1.1222000    35.1169    35.1141    -0.0028    -0.0004    27.4961    27.4940    189.138    189.425    1482.35    1482.34     6.2286     6.3568    92.5560    94.4570  0.000e+00
      27393    191.500     7.1055     7.1052    3.55759    3.55729          1     3.4687     3.2438      10.92      0.641     0.2534     0.1833  1.000e-12  1.1155000    35.1171    35.1141    -0.0029    -0.0003    27.4963    27.4940    189.633    189.920    1482.36    1482.35     6.2305     6.3528    92.5840    94.3980  0.000e+00
      27434    192.000     7.1055     7.1052    3.55762    3.55732          1     3.4678     3.2442      10.25      0.345     0.2567     0.1730  1.000e-12  0.9556000    35.1172    35.1142    -0.0030    -0.0003    27.4964    27.4941    190.128    190.416    1482.36    1482.36     6.2286     6.3600    92.5550    94.5050  0.000e+00
      27481    192.500     7.1056     7.1053    3.55764    3.55734          1     3.4674     3.2448       9.76      0.232     0.2574     0.1853  1.000e-12  0.9362000    35.1171    35.1140    -0.0031    -0.0003    27.4963    27.4939    190.623    190.912    1482.37    1482.37     6.2274     6.3594    92.5370    94.4960  0.000e+00
      27507    193.000     7.1056     7.1053    3.55768    3.55737          1     3.4665     3.2446       9.37      0.413     0.2514     0.2050  1.000e-12  1.0203000    35.1172    35.1141    -0.0031    -0.0003    27.4963    27.4940    191.118    191.407    1482.38    1482.38     6.2236     6.3569    92.4800    94.4590  0.000e+00
      27549    193.500     7.1057     7.1054    3.55771    3.55740          1     3.4660     3.2438       8.79      0.319     0.2533     0.2081  1.000e-12  1.0016000    35.1172    35.1141    -0.0031    -0.0002    27.4964    27.4940    191.613    191.903    1482.39    1482.38     6.2276     6.3541    92.5410    94.4170  0.000e+00
      27600    194.000     7.1056     7.1053    3.55772    3.55741          1     3.4670     3.2434       8.28      0.223     0.2481     0.1879  1.000e-12  0.8787000    35.1171    35.1140    -0.0031    -0.0003    27.4963    27.4939    192.108    192.399    1482.40    1482.39     6.2328     6.3566    92.6180    94.4540  0.000e+00
