ctdpy/tests/etc/exprapp_april_2020/SBE09_1387_20200414_1911_77_10_0340.cnv
* Sea-Bird SBE 9 Data File:
* FileName = L:\2020\sv20d0340.hex
* Software Version Seasave V 7.26.7.121
* Temperature SN = 6378
* Conductivity SN = 4824
* Number of Bytes Per Scan = 41
* Number of Voltage Words = 4
* Number of Scans Averaged by the Deck Unit = 1
* NMEA Latitude = 58 16.05 N
* NMEA Longitude = 010 43.52 E
* NMEA UTC (Time) = Apr 14 2020  19:11:02
* NMEA baud rate = 4800
** Station:  A16
** Operator:  JKro
** Ship: SVEA
** Average sound velocity: 1480.18 m/s
** True-depth calculation Tue, 14 Apr 2020 19:49:14 +0000
** CTD Python Module SMHI /ver 3-12/ feb 2012 
** LIMS Job: 20207710-0340
** Cruise: SMHI-07-2020
** Latitude [GG MM.mm N] :
** Longitude [GGG MM.mm E]:
# nquan = 30
# nvalues = 399                         
# units = specified
# name 0 = scan: Scan Count
# name 1 = prDM: Pressure, Digiquartz [db]
# name 2 = t090C: Temperature [ITS-90, deg C]
# name 3 = t190C: Temperature, 2 [ITS-90, deg C]
# name 4 = c0S/m: Conductivity [S/m]
# name 5 = c1S/m: Conductivity, 2 [S/m]
# name 6 = pumps: Pump Status
# name 7 = sbeox0V: Oxygen raw, SBE 43 [V]
# name 8 = sbeox1V: Oxygen raw, SBE 43, 2 [V]
# name 9 = altM: Altimeter [m]
# name 10 = dz/dtM: Descent Rate [m/s]
# name 11 = flECO-AFL: Chl-a Fluorescence, WET Labs ECO-AFL/FL [mg/m^3]
# name 12 = flECO-AFL1: Phycocyanin Fluorescence, WET Labs ECO-AFL/FL, 2 [mg/m^3]
# name 13 = par: PAR/Irradiance, Biospherical/Lico [µE/(cm^2*s)]
# name 14 = turbWETntu0: Turbidity, WET Labs ECO [NTU]
# name 15 = sal00: Salinity, Practical [PSU]
# name 16 = sal11: Salinity, Practical, 2 [PSU]
# name 17 = secS-priS: Salinity, Practical, Difference, 2 - 1 [PSU]
# name 18 = T2-T190C: Temperature Difference, 2 - 1 [ITS-90, deg C]
# name 19 = sigma-t00: Density [sigma-t, kg/m^3 ]
# name 20 = sigma-t11: Density, 2 [sigma-t, kg/m^3 ]
# name 21 = depSM: Depth [salt water, m], lat = 58.2675
# name 22 = depFM: Depth [true depth, m], lat = 58.2675
# name 23 = svCM: Sound Velocity [Chen-Millero, m/s]
# name 24 = svCM1: Sound Velocity, 2 [Chen-Millero, m/s]
# name 25 = sbeox0ML/L: Oxygen, SBE 43 [ml/l], WS = 2
# name 26 = sbeox1ML/L: Oxygen, SBE 43, 2 [ml/l], WS = 2
# name 27 = sbeox0PS: Oxygen, SBE 43 [% saturation], WS = 2
# name 28 = sbeox1PS: Oxygen, SBE 43, 2 [% saturation], WS = 2
# name 29 = flag: flag
# span 0 =      17889,      30151       
# span 1 =      1.500,    200.500       
# span 2 =     6.4192,     7.5674       
# span 3 =     6.4109,     7.5670       
# span 4 =   2.846693,   3.593739       
# span 5 =   2.845683,   3.593495       
# span 6 =          1,          1       
# span 7 =     3.3696,     3.6910       
# span 8 =     3.1530,     3.4455       
# span 9 =       3.06,      97.08       
# span 10 =     -0.403,      0.705      
# span 11 =     0.1805,     1.8322      
# span 12 =     0.1144,     0.4646      
# span 13 = -1.490e-06, 2.1775e+00      
# span 14 =     0.1463,     1.1760      
# span 15 =    27.9993,    35.1192      
# span 16 =    27.9882,    35.1165      
# span 17 =    -0.3882,     0.1621      
# span 18 =    -0.0141,     0.0097      
# span 19 =    21.9691,    27.4965      
# span 20 =    21.9604,    27.4941      
# span 21 =      1.486,    198.541      
# span 22 =      1.495,    198.842      
# span 23 =    1467.96,    1482.51      
# span 24 =    1467.95,    1482.50      
# span 25 =     5.8360,     6.9267      
# span 26 =     5.9450,     7.0532      
# span 27 =     87.627,     97.986      
# span 28 =     89.265,     99.882      
# span 29 = 0.0000e+00, 0.0000e+00      
# interval = decibars: 0.5              
# start_time = Apr 14 2020 19:11:02 [NMEA time, first data scan]
# bad_flag = -9.990e-29
*END*
[from data line 194]
      22863     98.500     7.1639     7.1634    3.55730    3.55702          1     3.4940     3.2661      97.05      0.507     0.2261     0.2010  1.000e-12  0.2902000    35.1011    35.0985    -0.0026    -0.0005    27.4754    27.4735     97.562     97.731    1481.03    1481.03     6.2128     6.3398    92.4330    94.3200  0.000e+00
      22887     99.000     7.1610     7.1606    3.55701    3.55675          1     3.4958     3.2674      97.04      0.496     0.2353     0.2196  1.000e-12  0.2969000    35.1006    35.0981    -0.0025    -0.0003    27.4755    27.4736     98.057     98.226    1481.03    1481.03     6.2173     6.3415    92.4940    94.3400  0.000e+00
      22910     99.500     7.1578     7.1574    3.55671    3.55641          1     3.4963     3.2687      97.04      0.503     0.2258     0.1981  1.000e-12  0.3086000    35.1002    35.0973    -0.0029    -0.0004    27.4756    27.4734     98.552     98.722    1481.03    1481.02     6.2171     6.3362    92.4840    94.2540  0.000e+00
      22931    100.000     7.1551     7.1546    3.55647    3.55621          1     3.4975     3.2677      97.05      0.541     0.2249     0.2596  1.000e-12  0.3356000    35.1001    35.0977    -0.0024    -0.0004    27.4759    27.4741     99.047     99.218    1481.02    1481.02     6.2172     6.3215    92.4800    94.0280  0.000e+00
      22951    100.500     7.1567     7.1566    3.55672    3.55649          1     3.4964     3.2662      97.05      0.588     0.2328     0.2387  1.000e-12  0.3429000    35.1010    35.0986    -0.0024    -0.0001    27.4764    27.4745     99.542     99.713    1481.04    1481.04     6.1995     6.3096    92.2210    93.8570  0.000e+00
      22977    101.000     7.1584     7.1584    3.55695    3.55675          1     3.4908     3.2626      97.06      0.540     0.2293     0.2373  1.000e-12  0.3449000    35.1016    35.0993    -0.0023     0.0001    27.4766    27.4748    100.037    100.209    1481.05    1481.05     6.1682     6.2834    91.7580    93.4710  0.000e+00
      23009    101.500     7.1834     7.1869    3.56021    3.56024          1     3.4797     3.2543      97.03      0.376     0.2341     0.2559  1.000e-12  0.2858000    35.1116    35.1084    -0.0032     0.0035    27.4810    27.4779    100.532    100.704    1481.17    1481.18     6.1319     6.2395    91.2770    92.8850  0.000e+00
      23035    102.000     7.2048     7.2049    3.56239    3.56216          1     3.4707     3.2472      97.02      0.405     0.2358     0.2191  1.000e-12  0.2854000    35.1135    35.1109    -0.0026     0.0000    27.4794    27.4774    101.028    101.200    1481.26    1481.26     6.1137     6.2253    91.0510    92.7110  0.000e+00
      23054    102.500     7.2149     7.2147    3.56347    3.56324          1     3.4658     3.2424      97.02      0.536     0.2352     0.2102  1.000e-12  0.2624000    35.1149    35.1125    -0.0024    -0.0002    27.4791    27.4772    101.523    101.696    1481.31    1481.31     6.1111     6.2178    91.0340    92.6220  0.000e+00
      23073    103.000     7.2175     7.2177    3.56386    3.56364          1     3.4619     3.2384      97.05      0.626     0.2295     0.2189  1.000e-12  0.2528000    35.1161    35.1136    -0.0026     0.0002    27.4797    27.4777    102.018    102.191    1481.33    1481.33     6.1060     6.2147    90.9640    92.5840  0.000e+00
      23097    103.500     7.2207     7.2206    3.56424    3.56398          1     3.4572     3.2341      97.03      0.564     0.2243     0.2163  1.000e-12  0.2412000    35.1169    35.1142    -0.0027    -0.0001    27.4799    27.4778    102.513    102.687    1481.35    1481.35     6.0959     6.2107    90.8210    92.5300  0.000e+00
      23128    104.000     7.2253     7.2250    3.56481    3.56452          1     3.4516     3.2300      97.01      0.409     0.2237     0.1798  1.000e-12  0.2303000    35.1182    35.1154    -0.0028    -0.0003    27.4802    27.4780    103.008    103.183    1481.38    1481.38     6.0876     6.2099    90.7080    92.5280  0.000e+00
      23158    104.500     7.2268     7.2266    3.56499    3.56473          1     3.4484     3.2268      97.02      0.390     0.2345     0.1949  1.000e-12  0.2223000    35.1184    35.1157    -0.0027    -0.0002    27.4801    27.4781    103.503    103.678    1481.40    1481.39     6.0914     6.2039    90.7680    92.4430  0.000e+00
      23182    105.000     7.2281     7.2278    3.56516    3.56488          1     3.4476     3.2247      97.01      0.455     0.2135     0.1961  1.000e-12  0.2279000    35.1187    35.1160    -0.0028    -0.0003    27.4802    27.4781    103.998    104.174    1481.41    1481.41     6.0905     6.2070    90.7580    92.4920  0.000e+00
      23204    105.500     7.2281     7.2277    3.56517    3.56489          1     3.4462     3.2236      97.00      0.513     0.2229     0.2017  1.000e-12  0.2390000    35.1186    35.1159    -0.0027    -0.0003    27.4801    27.4780    104.493    104.670    1481.42    1481.41     6.0877     6.2084    90.7160    92.5110  0.000e+00
      23223    106.000     7.2284     7.2280    3.56522    3.56496          1     3.4454     3.2227      96.94      0.572     0.2232     0.2213  1.000e-12  0.2365000    35.1186    35.1162    -0.0024    -0.0004    27.4801    27.4782    104.988    105.165    1481.43    1481.42     6.0879     6.2084    90.7200    92.5120  0.000e+00
      23240    106.500     7.2282     7.2278    3.56526    3.56500          1     3.4447     3.2225      96.94      0.645     0.2242     0.2203  1.000e-12  0.2354000    35.1190    35.1165    -0.0025    -0.0004    27.4804    27.4785    105.484    105.661    1481.43    1481.43     6.0901     6.2106    90.7520    92.5440  0.000e+00
      23259    107.000     7.2283     7.2280    3.56531    3.56504          1     3.4451     3.2219      96.93      0.678     0.2241     0.1958  1.000e-12  0.2396000    35.1192    35.1165    -0.0027    -0.0003    27.4805    27.4785    105.979    106.157    1481.44    1481.44     6.0923     6.2088    90.7840    92.5180  0.000e+00
      23289    107.500     7.2275     7.2273    3.56526    3.56499          1     3.4449     3.2217      96.91      0.490     0.2173     0.1884  1.000e-12  0.2352000    35.1192    35.1165    -0.0028    -0.0002    27.4807    27.4786    106.474    106.652    1481.45    1481.44     6.0950     6.2169    90.8240    92.6380  0.000e+00
      23327    108.000     7.2260     7.2255    3.56510    3.56480          1     3.4468     3.2233      96.92      0.265     0.2145     0.2646  1.000e-12  0.2229000    35.1188    35.1159    -0.0028    -0.0005    27.4806    27.4784    106.969    107.148    1481.45    1481.45     6.1063     6.2315    90.9880    92.8510  0.000e+00
      23347    108.500     7.2197     7.2200    3.56444    3.56423          1     3.4485     3.2246      96.95      0.435     0.2260     0.1886  1.000e-12  0.2405000    35.1175    35.1150    -0.0026     0.0003    27.4805    27.4784    107.464    107.644    1481.43    1481.43     6.1159     6.2367    91.1170    92.9170  0.000e+00
      23364    109.000     7.2158     7.2151    3.56407    3.56378          1     3.4508     3.2259      96.93      0.609     0.2320     0.1993  1.000e-12  0.2513000    35.1173    35.1148    -0.0024    -0.0007    27.4809    27.4790    107.959    108.139    1481.43    1481.42     6.1228     6.2407    91.2120    92.9660  0.000e+00
      23382    109.500     7.2102     7.2097    3.56355    3.56325          1     3.4528     3.2270      96.93      0.693     0.2140     0.2152  1.000e-12  0.2478000    35.1169    35.1143    -0.0027    -0.0006    27.4814    27.4794    108.454    108.635    1481.41    1481.41     6.1224     6.2393    91.1940    92.9330  0.000e+00
      23408    110.000     7.2063     7.2060    3.56321    3.56295          1     3.4534     3.2280      96.91      0.557     0.2194     0.2260  1.000e-12  0.2484000    35.1171    35.1145    -0.0025    -0.0003    27.4820    27.4801    108.949    109.130    1481.41    1481.40     6.1193     6.2450    91.1410    93.0100  0.000e+00
      23444    110.500     7.2043     7.2038    3.56302    3.56272          1     3.4541     3.2297      96.88      0.327     0.2122     0.1907  1.000e-12  0.2460000    35.1167    35.1139    -0.0028    -0.0006    27.4820    27.4799    109.444    109.626    1481.41    1481.40     6.1224     6.2496    91.1820    93.0730  0.000e+00
      23470    111.000     7.1986     7.1980    3.56247    3.56219          1     3.4552     3.2314      96.86      0.387     0.2192     0.1967  1.000e-12  0.2553000    35.1161    35.1137    -0.0024    -0.0006    27.4824    27.4806    109.939    110.122    1481.39    1481.39     6.1314     6.2582    91.3040    93.1890  0.000e+00
      23489    111.500     7.1974     7.1970    3.56242    3.56215          1     3.4569     3.2324      96.88      0.530     0.2237     0.1962  1.000e-12  0.2668000    35.1166    35.1140    -0.0026    -0.0004    27.4829    27.4809    110.434    110.617    1481.40    1481.39     6.1379     6.2619    91.3980    93.2420  0.000e+00
      23505    112.000     7.1975     7.1972    3.56247    3.56221          1     3.4583     3.2338      96.85      0.660     0.2242     0.2192  1.000e-12  0.2777000    35.1168    35.1143    -0.0025    -0.0003    27.4831    27.4812    110.930    111.113    1481.40    1481.40     6.1394     6.2648    91.4220    93.2860  0.000e+00
      23524    112.500     7.1976     7.1972    3.56253    3.56225          1     3.4594     3.2346      96.88      0.704     0.2239     0.2198  1.000e-12  0.2681000    35.1172    35.1144    -0.0027    -0.0004    27.4834    27.4813    111.425    111.609    1481.41    1481.41     6.1384     6.2583    91.4060    93.1900  0.000e+00
      23554    113.000     7.1967     7.1968    3.56248    3.56223          1     3.4598     3.2345      96.86      0.481     0.2335     0.2339  1.000e-12  0.2613000    35.1172    35.1144    -0.0028     0.0001    27.4835    27.4813    111.920    112.104    1481.42    1481.42     6.1370     6.2552    91.3830    93.1420  0.000e+00
      23590    113.500     7.1966     7.1963    3.56250    3.56221          1     3.4607     3.2346      96.87      0.302     0.2305     0.2376  1.000e-12  0.2642000    35.1173    35.1145    -0.0027    -0.0004    27.4836    27.4815    112.415    112.600    1481.43    1481.42     6.1391     6.2540    91.4150    93.1230  0.000e+00
      23612    114.000     7.1968     7.1963    3.56252    3.56224          1     3.4605     3.2342      96.87      0.438     0.2269     0.2203  1.000e-12  0.2680000    35.1171    35.1145    -0.0026    -0.0005    27.4834    27.4814    112.910    113.096    1481.44    1481.43     6.1360     6.2527    91.3700    93.1050  0.000e+00
      23630    114.500     7.1964     7.1961    3.56251    3.56224          1     3.4603     3.2342      96.88      0.580     0.2352     0.2079  1.000e-12  0.2755000    35.1171    35.1145    -0.0026    -0.0004    27.4834    27.4814    113.405    113.591    1481.44    1481.44     6.1344     6.2558    91.3440    93.1490  0.000e+00
      23648    115.000     7.1962     7.1960    3.56252    3.56225          1     3.4596     3.2343      96.88      0.659     0.2257     0.2201  1.000e-12  0.2727000    35.1171    35.1145    -0.0026    -0.0003    27.4835    27.4815    113.900    114.087    1481.45    1481.44     6.1311     6.2559    91.2940    93.1510  0.000e+00
      23671    115.500     7.1954     7.1951    3.56246    3.56219          1     3.4587     3.2343      96.89      0.610     0.2238     0.2357  1.000e-12  0.2743000    35.1172    35.1144    -0.0028    -0.0002    27.4837    27.4815    114.395    114.583    1481.45    1481.45     6.1331     6.2614    91.3230    93.2320  0.000e+00
      23703    116.000     7.1946     7.1943    3.56242    3.56215          1     3.4593     3.2360      96.88      0.404     0.2315     0.2028  1.000e-12  0.2754000    35.1173    35.1146    -0.0027    -0.0003    27.4839    27.4818    114.890    115.078    1481.46    1481.45     6.1439     6.2733    91.4820    93.4060  0.000e+00
      23733    116.500     7.1949     7.1947    3.56250    3.56224          1     3.4620     3.2378      96.86      0.363     0.2118     0.1596  1.000e-12  0.2648000    35.1176    35.1149    -0.0026    -0.0002    27.4841    27.4820    115.385    115.574    1481.47    1481.46     6.1545     6.2776    91.6420    93.4710  0.000e+00
      23754    117.000     7.1957     7.1954    3.56262    3.56236          1     3.4641     3.2390      96.87      0.488     0.2245     0.1842  1.000e-12  0.2719000    35.1177    35.1152    -0.0025    -0.0003    27.4840    27.4821    115.880    116.070    1481.48    1481.48     6.1608     6.2813    91.7360    93.5290  0.000e+00
      23772    117.500     7.1960     7.1956    3.56268    3.56240          1     3.4662     3.2402      96.87      0.599     0.2251     0.2235  1.000e-12  0.2755000    35.1179    35.1153    -0.0026    -0.0003    27.4841    27.4821    116.376    116.565    1481.49    1481.49     6.1641     6.2845    91.7860    93.5770  0.000e+00
      23795    118.000     7.1961     7.1959    3.56272    3.56248          1     3.4677     3.2413      96.87      0.601     0.2233     0.2777  1.000e-12  0.2823000    35.1180    35.1155    -0.0025    -0.0001    27.4843    27.4823    116.871    117.061    1481.50    1481.50     6.1600     6.2789    91.7260    93.4940  0.000e+00
      23826    118.500     7.1960     7.1952    3.56276    3.56244          1     3.4667     3.2402      96.88      0.426     0.2247     0.2376  1.000e-12  0.2684000    35.1183    35.1155    -0.0027    -0.0008    27.4844    27.4824    117.366    117.556    1481.51    1481.50     6.1476     6.2637    91.5400    93.2670  0.000e+00
      23858    119.000     7.1926     7.1924    3.56240    3.56216          1     3.4646     3.2388      96.86      0.351     0.2339     0.2141  1.000e-12  0.2606000    35.1176    35.1151    -0.0024    -0.0002    27.4844    27.4825    117.861    118.052    1481.50    1481.50     6.1459     6.2643    91.5090    93.2690  0.000e+00
      23879    119.500     7.1909     7.1903    3.56228    3.56196          1     3.4639     3.2383      96.87      0.461     0.2218     0.1864  1.000e-12  0.2722000    35.1177    35.1147    -0.0029    -0.0006    27.4847    27.4825    118.356    118.548    1481.50    1481.50     6.1491     6.2705    91.5520    93.3570  0.000e+00
      23897    120.000     7.1892     7.1877    3.56209    3.56172          1     3.4641     3.2388      96.87      0.583     0.2342     0.1749  1.000e-12  0.2876000    35.1171    35.1146    -0.0025    -0.0015    27.4845    27.4827    118.851    119.043    1481.50    1481.50     6.1541     6.2783    91.6230    93.4670  0.000e+00
      23915    120.500     7.1864     7.1859    3.56187    3.56158          1     3.4649     3.2394      96.87      0.662     0.2290     0.2035  1.000e-12  0.2958000    35.1172    35.1146    -0.0026    -0.0006    27.4850    27.4830    119.346    119.539    1481.50    1481.50     6.1601     6.2818    91.7070    93.5150  0.000e+00
      23937    121.000     7.1852     7.1844    3.56180    3.56147          1     3.4660     3.2402      96.87      0.626     0.2234     0.1893  1.000e-12  0.3017000    35.1174    35.1147    -0.0027    -0.0008    27.4853    27.4833    119.841    120.035    1481.51    1481.50     6.1622     6.2832    91.7350    93.5320  0.000e+00
      23966    121.500     7.1826     7.1827    3.56161    3.56136          1     3.4673     3.2407      96.88      0.456     0.2241     0.1853  1.000e-12  0.2992000    35.1177    35.1150    -0.0027     0.0001    27.4859    27.4837    120.336    120.530    1481.50    1481.50     6.1671     6.2835    91.8030    93.5340  0.000e+00
