ctdpy/tests/etc/exprapp_april_2020/SBE09_1387_20200419_0604_77_10_0359.cnv
* Sea-Bird SBE 9 Data File:
* FileName = L:\2020\sv20d0359.hex
* Software Version Seasave V 7.26.7.121
* Temperature SN = 6378
* Conductivity SN = 4824
* Number of Bytes Per Scan = 41
* Number of Voltage Words = 4
* Number of Scans Averaged by the Deck Unit = 1
* NMEA Latitude = 56 06.92 N
* NMEA Longitude = 016 32.09 E
* NMEA UTC (Time) = Apr 19 2020  06:04:23
* NMEA baud rate = 4800
** Station:  BY39
** Operator:  JKro
** Ship: SVEA
** Average sound velocity: 1438.22 m/s
** True-depth calculation Sun, 19 Apr 2020 06:47:04 +0000
** CTD Python Module SMHI /ver 3-12/ feb 2012 
** LIMS Job: 20207710-0359
** Cruise: SMHI-07-2020
** Latitude [GG MM.mm N] :
** Longitude [GGG MM.mm E]:
# nquan = 30
# nvalues = 94                          
# units = specified
# name 0 = scan: Scan Count
# name 1 = prDM: Pressure, Digiquartz [db]
# name 2 = t090C: Temperature [ITS-90, deg C]
# name 3 = t190C: Temperature, 2 [ITS-90, deg C]
# name 4 = c0S/m: Conductivity [S/m]
# name 5 = c1S/m: Conductivity, 2 [S/m]
# name 6 = pumps: Pump Status
# name 7 = sbeox0V: Oxygen raw, SBE 43 [V]
# name 8 = sbeox1V: Oxygen raw, SBE 43, 2 [V]
# name 9 = altM: Altimeter [m]
# name 10 = dz/dtM: Descent Rate [m/s]
# name 11 = flECO-AFL: Chl-a Fluorescence, WET Labs ECO-AFL/FL [mg/m^3]
# name 12 = flECO-AFL1: Phycocyanin Fluorescence, WET Labs ECO-AFL/FL, 2 [mg/m^3]
# name 13 = par: PAR/Irradiance, Biospherical/Lico [µE/(cm^2*s)]
# name 14 = turbWETntu0: Turbidity, WET Labs ECO [NTU]
# name 15 = sal00: Salinity, Practical [PSU]
# name 16 = sal11: Salinity, Practical, 2 [PSU]
# name 17 = secS-priS: Salinity, Practical, Difference, 2 - 1 [PSU]
# name 18 = T2-T190C: Temperature Difference, 2 - 1 [ITS-90, deg C]
# name 19 = sigma-t00: Density [sigma-t, kg/m^3 ]
# name 20 = sigma-t11: Density, 2 [sigma-t, kg/m^3 ]
# name 21 = depSM: Depth [salt water, m], lat = 56.1153
# name 22 = depFM: Depth [true depth, m], lat = 56.1153
# name 23 = svCM: Sound Velocity [Chen-Millero, m/s]
# name 24 = svCM1: Sound Velocity, 2 [Chen-Millero, m/s]
# name 25 = sbeox0ML/L: Oxygen, SBE 43 [ml/l], WS = 2
# name 26 = sbeox1ML/L: Oxygen, SBE 43, 2 [ml/l], WS = 2
# name 27 = sbeox0PS: Oxygen, SBE 43 [% saturation], WS = 2
# name 28 = sbeox1PS: Oxygen, SBE 43, 2 [% saturation], WS = 2
# name 29 = flag: flag
# span 0 =      33172,      39062       
# span 1 =      1.500,     49.000       
# span 2 =     5.3190,     5.5220       
# span 3 =     5.3200,     5.5220       
# span 4 =   0.814336,   0.824952       
# span 5 =   0.814505,   0.825118       
# span 6 =          1,          1       
# span 7 =     3.6144,     3.8633       
# span 8 =     3.3763,     3.6039       
# span 9 =      -0.00,      49.64       
# span 10 =     -0.084,      0.489      
# span 11 =     0.4820,     3.5667      
# span 12 =     0.1878,     0.7594      
# span 13 = -1.806e-05, 7.8898e+02      
# span 14 =     0.1442,     0.3696      
# span 15 =     7.4039,     7.5106      
# span 16 =     7.4054,     7.5122      
# span 17 =    -0.0008,     0.0056      
# span 18 =    -0.0170,     0.0178      
# span 19 =     5.8314,     5.9181      
# span 20 =     5.8326,     5.9193      
# span 21 =      1.486,     48.548      
# span 22 =      1.519,     49.617      
# span 23 =    1431.92,    1444.24      
# span 24 =    1431.93,    1444.24      
# span 25 =     8.0888,     8.7161      
# span 26 =     8.2395,     8.8718      
# span 27 =     96.278,    103.816      
# span 28 =     98.071,    105.690      
# span 29 = 0.0000e+00, 0.0000e+00      
# interval = decibars: 0.5              
# start_time = Apr 19 2020 06:04:24 [NMEA time, first data scan]
# bad_flag = -9.990e-29
*END*
      33172      1.500     5.5203     5.5220    0.81451    0.81471          1     3.8631     3.6039      49.64      0.120     1.8350     0.5650  7.890e+02  0.2894000     7.4042     7.4058     0.0016     0.0017     5.8316     5.8328      1.486      1.519    1438.00    1438.01     8.7072     8.8718   103.7230   105.6900  0.000e+00
      33258      2.000     5.5220     5.5210    0.81453    0.81467          1     3.8627     3.6034      49.15      0.143     1.8510     0.4972  7.613e+02  0.2778000     7.4041     7.4056     0.0015    -0.0010     5.8314     5.8326      1.982      2.025    1438.01    1438.01     8.7085     8.8681   103.7430   105.6430  0.000e+00
      33313      2.500     5.5171     5.5154    0.81442    0.81454          1     3.8622     3.6029      48.73      0.250     1.9033     0.4912  3.921e+02  0.2946000     7.4040     7.4056     0.0016    -0.0018     5.8315     5.8329      2.477      2.532    1438.00    1437.99     8.7069     8.8576   103.7110   105.5020  0.000e+00
      33390      3.000     5.5176     5.5151    0.81443    0.81453          1     3.8615     3.6031      48.07      0.160     2.2370     0.5154  3.710e+02  0.2978000     7.4039     7.4054     0.0015    -0.0025     5.8314     5.8328      2.973      3.038    1438.01    1438.00     8.7080     8.8718   103.7260   105.6710  0.000e+00
      33432      3.500     5.5132     5.5135    0.81434    0.81451          1     3.8614     3.6032      47.64      0.309     2.2390     0.6152  2.978e+02  0.3136000     7.4039     7.4055     0.0016     0.0004     5.8316     5.8329      3.468      3.544    1438.00    1438.00     8.7118     8.8664   103.7590   105.6030  0.000e+00
      33507      4.000     5.5150     5.5147    0.81443    0.81458          1     3.8632     3.6027      47.08      0.149     2.7405     0.6493  2.432e+02  0.2713000     7.4043     7.4059     0.0016    -0.0004     5.8319     5.8331      3.964      4.051    1438.02    1438.02     8.7161     8.8637   103.8160   105.5740  0.000e+00
      33543      4.500     5.5159     5.5155    0.81447    0.81463          1     3.8633     3.6013      46.75      0.315     3.0098     0.6637  2.207e+02  0.2909000     7.4045     7.4061     0.0016    -0.0004     5.8320     5.8333      4.459      4.557    1438.03    1438.03     8.7144     8.8589   103.7970   105.5190  0.000e+00
      33596      5.000     5.5154     5.5160    0.81446    0.81466          1     3.8626     3.6019      46.13      0.204     3.3136     0.7229  1.734e+02  0.2761000     7.4045     7.4062     0.0017     0.0006     5.8320     5.8333      4.954      5.063    1438.03    1438.04     8.7110     8.8708   103.7560   105.6620  0.000e+00
      33630      5.500     5.5138     5.5141    0.81443    0.81461          1     3.8620     3.6020      45.68      0.329     3.5667     0.7594  1.387e+02  0.3074000     7.4044     7.4061     0.0017     0.0003     5.8320     5.8333      5.450      5.569    1438.03    1438.04     8.7097     8.8681   103.7360   105.6250  0.000e+00
      33661      6.000     5.5130     5.5140    0.81443    0.81463          1     3.8609     3.6016      45.20      0.395     3.4476     0.7311  1.139e+02  0.3102000     7.4045     7.4062     0.0017     0.0009     5.8321     5.8335      5.945      6.076    1438.04    1438.04     8.7047     8.8590   103.6750   105.5170  0.000e+00
      33703      6.500     5.5156     5.5158    0.81459    0.81477          1     3.8591     3.6007      44.59      0.288     3.2507     0.6753  9.568e+01  0.3031000     7.4054     7.4072     0.0018     0.0002     5.8327     5.8341      6.441      6.582    1438.06    1438.06     8.7007     8.8601   103.6340   105.5350  0.000e+00
      33740      7.000     5.5152     5.5157    0.81461    0.81478          1     3.8583     3.5996      43.75      0.310     3.0479     0.6686  8.492e+01  0.2875000     7.4056     7.4072     0.0016     0.0005     5.8329     5.8342      6.936      7.088    1438.06    1438.07     8.7005     8.8500   103.6310   105.4150  0.000e+00
      33772      7.500     5.5156     5.5152    0.81463    0.81479          1     3.8572     3.5985      43.54      0.374     2.9809     0.7017  7.118e+01  0.3061000     7.4057     7.4074     0.0017    -0.0004     5.8330     5.8343      7.432      7.595    1438.07    1438.08     8.6970     8.8544   103.5910   105.4650  0.000e+00
      33809      8.000     5.5153     5.5147    0.81462    0.81478          1     3.8563     3.5982      42.83      0.328     3.0109     0.7272  5.804e+01  0.2895000     7.4056     7.4073     0.0017    -0.0006     5.8329     5.8343      7.927      8.101    1438.08    1438.08     8.6981     8.8562   103.6030   105.4850  0.000e+00
      33845      8.500     5.5131     5.5132    0.81459    0.81477          1     3.8559     3.5979      42.51      0.326     2.9222     0.6430  4.988e+01  0.2946000     7.4057     7.4074     0.0017     0.0001     5.8331     5.8345      8.422      8.607    1438.08    1438.08     8.6946     8.8553   103.5560   105.4710  0.000e+00
      33879      9.000     5.5129     5.5128    0.81463    0.81480          1     3.8543     3.5968      42.10      0.355     2.8449     0.5787  4.198e+01  0.3002000     7.4061     7.4078     0.0017    -0.0002     5.8334     5.8347      8.918      9.114    1438.09    1438.09     8.6892     8.8413   103.4910   105.3040  0.000e+00
      33912      9.500     5.5126     5.5123    0.81467    0.81483          1     3.8533     3.5952      41.45      0.366     2.8385     0.6073  3.724e+01  0.2943000     7.4065     7.4082     0.0017    -0.0002     5.8337     5.8351      9.413      9.620    1438.09    1438.10     8.6901     8.8467   103.5020   105.3670  0.000e+00
      33947     10.000     5.5123     5.5123    0.81468    0.81483          1     3.8523     3.5951      40.73      0.349     2.8389     0.5829  3.125e+01  0.2911000     7.4066     7.4080     0.0015    -0.0000     5.8338     5.8350      9.909     10.126    1438.10    1438.10     8.6858     8.8480   103.4500   105.3820  0.000e+00
      33981     10.500     5.5123     5.5122    0.81470    0.81487          1     3.8504     3.5946      40.30      0.343     2.8318     0.6246  2.702e+01  0.2930000     7.4068     7.4084     0.0016    -0.0001     5.8340     5.8352     10.404     10.633    1438.11    1438.11     8.6793     8.8460   103.3720   105.3590  0.000e+00
      34013     11.000     5.5124     5.5123    0.81477    0.81493          1     3.8497     3.5936      39.86      0.366     2.8380     0.6545  2.445e+01  0.2922000     7.4073     7.4089     0.0016    -0.0001     5.8344     5.8356     10.900     11.139    1438.12    1438.12     8.6842     8.8423   103.4310   105.3150  0.000e+00
      34047     11.500     5.5124     5.5123    0.81479    0.81494          1     3.8498     3.5930      39.08      0.368     2.8749     0.6307  1.966e+01  0.2972000     7.4075     7.4089     0.0014    -0.0001     5.8345     5.8357     11.395     11.645    1438.13    1438.13     8.6876     8.8426   103.4720   105.3190  0.000e+00
      34081     12.000     5.5127     5.5128    0.81476    0.81489          1     3.8503     3.5931      38.79      0.345     2.9059     0.5990  1.897e+01  0.2758000     7.4070     7.4082     0.0012     0.0001     5.8342     5.8351     11.890     12.152    1438.13    1438.14     8.6922     8.8479   103.5260   105.3830  0.000e+00
      34116     12.500     5.5127     5.5127    0.81476    0.81487          1     3.8507     3.5925      38.34      0.347     2.9765     0.6193  1.563e+01  0.2857000     7.4069     7.4080     0.0011    -0.0000     5.8340     5.8349     12.386     12.658    1438.14    1438.14     8.6849     8.8400   103.4400   105.2890  0.000e+00
      34149     13.000     5.5128     5.5128    0.81468    0.81486          1     3.8483     3.5913      37.85      0.356     3.0756     0.6721  1.394e+01  0.2966000     7.4061     7.4078     0.0018    -0.0001     5.8334     5.8348     12.881     13.164    1438.15    1438.15     8.6669     8.8228   103.2260   105.0840  0.000e+00
      34177     13.500     5.5121     5.5127    0.81472    0.81493          1     3.8443     3.5879      37.47      0.404     3.2271     0.6709  1.188e+01  0.3676000     7.4066     7.4085     0.0019     0.0006     5.8338     5.8353     13.377     13.671    1438.16    1438.16     8.6514     8.8034   103.0390   104.8520  0.000e+00
      34205     14.000     5.5079     5.5038    0.81491    0.81514          1     3.8413     3.5851      36.94      0.438     3.3679     0.6608  1.070e+01  0.3221000     7.4093     7.4124     0.0032    -0.0041     5.8361     5.8388     13.872     14.177    1438.15    1438.13     8.6591     8.8029   103.1210   104.8260  0.000e+00
      34238     14.500     5.5046     5.5031    0.81498    0.81515          1     3.8409     3.5824      36.33      0.378     3.3628     0.7444  9.415e+00  0.3696000     7.4107     7.4126     0.0020    -0.0015     5.8374     5.8390     14.367     14.683    1438.14    1438.14     8.6655     8.8035   103.1910   104.8310  0.000e+00
      34268     15.000     5.5055     5.5002    0.81496    0.81516          1     3.8409     3.5810      35.80      0.374     3.0473     0.7558  8.315e+00  0.3114000     7.4102     7.4133     0.0031    -0.0053     5.8370     5.8397     14.863     15.189    1438.16    1438.14     8.6628     8.8085   103.1600   104.8830  0.000e+00
      34294     15.500     5.5079     5.5029    0.81498    0.81518          1     3.8394     3.5803      35.20      0.447     3.1570     0.7446  7.240e+00  0.2997000     7.4098     7.4129     0.0030    -0.0049     5.8366     5.8392     15.358     15.696    1438.17    1438.16     8.6511     8.8021   103.0270   104.8140  0.000e+00
      34321     16.000     5.5054     5.5039    0.81502    0.81520          1     3.8368     3.5786      34.81      0.458     3.0704     0.7285  6.409e+00  0.3055000     7.4107     7.4127     0.0020    -0.0015     5.8374     5.8391     15.854     16.202    1438.17    1438.17     8.6423     8.7982   102.9160   104.7710  0.000e+00
      34350     16.500     5.5028     5.5018    0.81511    0.81529          1     3.8348     3.5780      34.30      0.424     2.9693     0.6828  5.567e+00  0.2864000     7.4120     7.4141     0.0020    -0.0010     5.8386     5.8402     16.349     16.708    1438.17    1438.17     8.6469     8.8043   102.9650   104.8380  0.000e+00
      34379     17.000     5.5026     5.5031    0.81520    0.81534          1     3.8345     3.5771      33.85      0.410     2.9511     0.6451  5.024e+00  0.2944000     7.4129     7.4142     0.0013     0.0004     5.8392     5.8403     16.844     17.215    1438.18    1438.18     8.6496     8.7968   102.9980   104.7520  0.000e+00
      34409     17.500     5.5040     5.5030    0.81520    0.81534          1     3.8334     3.5759      33.35      0.400     2.9907     0.6079  4.401e+00  0.3013000     7.4125     7.4141     0.0017    -0.0010     5.8389     5.8402     17.340     17.721    1438.19    1438.19     8.6405     8.7884   102.8920   104.6530  0.000e+00
      34438     18.000     5.5054     5.5040    0.81525    0.81538          1     3.8317     3.5738      32.88      0.404     2.9692     0.6727  3.927e+00  0.2892000     7.4127     7.4142     0.0016    -0.0014     5.8389     5.8402     17.835     18.227    1438.21    1438.20     8.6374     8.7810   102.8590   104.5660  0.000e+00
      34463     18.500     5.5000     5.4985    0.81516    0.81531          1     3.8304     3.5726      32.41      0.453     2.9637     0.7322  3.481e+00  0.2923000     7.4129     7.4147     0.0018    -0.0015     5.8394     5.8409     18.331     18.734    1438.19    1438.19     8.6333     8.7830   102.7970   104.5760  0.000e+00
      34488     19.000     5.4975     5.4968    0.81515    0.81532          1     3.8288     3.5713      31.91      0.489     2.8866     0.6072  2.992e+00  0.3034000     7.4133     7.4151     0.0018    -0.0006     5.8398     5.8413     18.826     19.240    1438.19    1438.19     8.6263     8.7799   102.7070   104.5350  0.000e+00
      34517     19.500     5.4983     5.4975    0.81516    0.81532          1     3.8255     3.5695      31.33      0.434     2.7743     0.6423  2.692e+00  0.2784000     7.4132     7.4149     0.0018    -0.0008     5.8397     5.8411     19.321     19.746    1438.20    1438.20     8.6096     8.7651   102.5100   104.3610  0.000e+00
      34549     20.000     5.4960     5.4967    0.81523    0.81541          1     3.8206     3.5664      30.82      0.377     2.7642     0.6551  2.390e+00  0.2850000     7.4142     7.4159     0.0016     0.0007     5.8406     5.8419     19.817     20.253    1438.20    1438.20     8.5972     8.7541   102.3570   104.2280  0.000e+00
      34576     20.500     5.4905     5.4874    0.81524    0.81539          1     3.8176     3.5641      30.24      0.416     2.6065     0.6790  2.103e+00  0.2708000     7.4155     7.4177     0.0022    -0.0032     5.8419     5.8438     20.312     20.759    1438.18    1438.17     8.5984     8.7537   102.3580   104.2010  0.000e+00
      34602     21.000     5.4880     5.4880    0.81524    0.81541          1     3.8162     3.5624      29.77      0.458     2.5830     0.6576  1.862e+00  0.2743000     7.4160     7.4176     0.0016    -0.0000     5.8424     5.8437     20.808     21.265    1438.18    1438.18     8.6029     8.7589   102.4060   104.2630  0.000e+00
      34629     21.500     5.4871     5.4870    0.81524    0.81541          1     3.8154     3.5618      29.23      0.449     2.5649     0.6237  1.652e+00  0.2942000     7.4162     7.4178     0.0016    -0.0001     5.8426     5.8439     21.303     21.772    1438.19    1438.19     8.6030     8.7659   102.4050   104.3450  0.000e+00
      34657     22.000     5.4876     5.4878    0.81526    0.81542          1     3.8146     3.5614      28.72      0.430     2.6087     0.6572  1.458e+00  0.2919000     7.4161     7.4177     0.0016     0.0002     5.8425     5.8438     21.798     22.278    1438.20    1438.20     8.6020     8.7590   102.3940   104.2640  0.000e+00
      34686     22.500     5.4878     5.4880    0.81527    0.81543          1     3.8139     3.5602      28.20      0.424     2.5420     0.6608  1.291e+00  0.2679000     7.4161     7.4177     0.0016     0.0002     5.8425     5.8437     22.294     22.784    1438.21    1438.21     8.5984     8.7506   102.3520   104.1650  0.000e+00
      34718     23.000     5.4885     5.4879    0.81527    0.81544          1     3.8119     3.5576      27.60      0.385     2.5039     0.6181  1.153e+00  0.2595000     7.4160     7.4177     0.0018    -0.0006     5.8423     5.8438     22.789     23.290    1438.22    1438.22     8.5827     8.7260   102.1670   103.8720  0.000e+00
      34745     23.500     5.4877     5.4863    0.81528    0.81543          1     3.8079     3.5536      27.18      0.404     2.4934     0.6030  1.024e+00  0.2847000     7.4162     7.4180     0.0018    -0.0014     5.8426     5.8440     23.285     23.797    1438.22    1438.22     8.5536     8.7028   101.8180   103.5920  0.000e+00
      34769     24.000     5.4812     5.4784    0.81526    0.81543          1     3.8004     3.5493      26.70      0.479     2.4805     0.5640  9.056e-01  0.2593000     7.4174     7.4196     0.0022    -0.0027     5.8438     5.8457     23.780     24.303    1438.20    1438.19     8.5016     8.6739   101.1830   103.2280  0.000e+00
      34796     24.500     5.4746     5.4743    0.81523    0.81540          1     3.7850     3.5406      26.11      0.476     2.3747     0.5543  7.960e-01  0.2655000     7.4185     7.4201     0.0017    -0.0003     5.8450     5.8463     24.275     24.809    1438.18    1438.18     8.4327     8.6009   100.3480   102.3490  0.000e+00
      34829     25.000     5.4328     5.4506    0.81485    0.81517          1     3.7636     3.5234      25.56      0.381     2.3054     0.5447  7.075e-01  0.2613000     7.4239     7.4231    -0.0008     0.0178     5.8512     5.8497     24.771     25.316    1438.01    1438.09     8.3790     8.5037    99.6080   101.1350  0.000e+00
