ctdpy/tests/etc/exprapp_april_2020/SBE09_1387_20200414_1152_77_10_0336.cnv
* Sea-Bird SBE 9 Data File:
* FileName = L:\2020\sv20d0336.hex
* Software Version Seasave V 7.26.7.121
* Temperature SN = 6378
* Conductivity SN = 4824
* Number of Bytes Per Scan = 41
* Number of Voltage Words = 4
* Number of Scans Averaged by the Deck Unit = 1
* NMEA Latitude = 58 15.59 N
* NMEA Longitude = 011 26.12 E
* NMEA UTC (Time) = Apr 14 2020  11:52:42
* NMEA baud rate = 4800
** Station:  Slaggo
** Operator:  SSip
** Ship: SVEA
** Average sound velocity: 1473.79 m/s
** True-depth calculation Tue, 14 Apr 2020 13:34:02 +0000
** CTD Python Module SMHI /ver 3-12/ feb 2012 
** LIMS Job: 20207710-0336
** Cruise: SMHI-07-2020
** Latitude [GG MM.mm N] :
** Longitude [GGG MM.mm E]:
# nquan = 30
# nvalues = 143                         
# units = specified
# name 0 = scan: Scan Count
# name 1 = prDM: Pressure, Digiquartz [db]
# name 2 = t090C: Temperature [ITS-90, deg C]
# name 3 = t190C: Temperature, 2 [ITS-90, deg C]
# name 4 = c0S/m: Conductivity [S/m]
# name 5 = c1S/m: Conductivity, 2 [S/m]
# name 6 = pumps: Pump Status
# name 7 = sbeox0V: Oxygen raw, SBE 43 [V]
# name 8 = sbeox1V: Oxygen raw, SBE 43, 2 [V]
# name 9 = altM: Altimeter [m]
# name 10 = dz/dtM: Descent Rate [m/s]
# name 11 = flECO-AFL: Chl-a Fluorescence, WET Labs ECO-AFL/FL [mg/m^3]
# name 12 = flECO-AFL1: Phycocyanin Fluorescence, WET Labs ECO-AFL/FL, 2 [mg/m^3]
# name 13 = par: PAR/Irradiance, Biospherical/Lico [µE/(cm^2*s)]
# name 14 = turbWETntu0: Turbidity, WET Labs ECO [NTU]
# name 15 = sal00: Salinity, Practical [PSU]
# name 16 = sal11: Salinity, Practical, 2 [PSU]
# name 17 = secS-priS: Salinity, Practical, Difference, 2 - 1 [PSU]
# name 18 = T2-T190C: Temperature Difference, 2 - 1 [ITS-90, deg C]
# name 19 = sigma-t00: Density [sigma-t, kg/m^3 ]
# name 20 = sigma-t11: Density, 2 [sigma-t, kg/m^3 ]
# name 21 = depSM: Depth [salt water, m], lat = 58.2598
# name 22 = depFM: Depth [true depth, m], lat = 58.2598
# name 23 = svCM: Sound Velocity [Chen-Millero, m/s]
# name 24 = svCM1: Sound Velocity, 2 [Chen-Millero, m/s]
# name 25 = sbeox0ML/L: Oxygen, SBE 43 [ml/l], WS = 2
# name 26 = sbeox1ML/L: Oxygen, SBE 43, 2 [ml/l], WS = 2
# name 27 = sbeox0PS: Oxygen, SBE 43 [% saturation], WS = 2
# name 28 = sbeox1PS: Oxygen, SBE 43, 2 [% saturation], WS = 2
# name 29 = flag: flag
# span 0 =      40653,      45116       
# span 1 =      1.500,     72.500       
# span 2 =     5.9935,     6.7297       
# span 3 =     5.9798,     6.7288       
# span 4 =   2.676373,   3.383715       
# span 5 =   2.676801,   3.380629       
# span 6 =          1,          1       
# span 7 =     3.4053,     3.7456       
# span 8 =     3.1862,     3.4960       
# span 9 =       1.12,      97.25       
# span 10 =     -0.205,      0.506      
# span 11 =     0.2794,     2.1098      
# span 12 =     0.1491,     0.5517      
# span 13 = 1.0000e-12, 1.8665e+02      
# span 14 =     0.4361,     1.4774      
# span 15 =    25.9946,    33.8382      
# span 16 =    26.0002,    33.8125      
# span 17 =    -0.0291,     0.1879      
# span 18 =    -0.0284,     0.0098      
# span 19 =    20.3668,    26.5672      
# span 20 =    20.3706,    26.5480      
# span 21 =      1.486,     71.814      
# span 22 =      1.497,     72.004      
# span 23 =    1466.12,    1476.55      
# span 24 =    1466.12,    1476.47      
# span 25 =     6.2262,     7.1842      
# span 26 =     6.3293,     7.3186      
# span 27 =     88.336,     99.642      
# span 28 =     89.738,    101.507      
# span 29 = 0.0000e+00, 0.0000e+00      
# interval = decibars: 0.5              
# start_time = Apr 14 2020 11:52:43 [NMEA time, first data scan]
# bad_flag = -9.990e-29
*END*
[from data line 97]
      43087     50.000     6.4395     6.4397    3.35656    3.35652          1     3.4546     3.2273      24.36      0.501     0.2954     0.2066  1.000e-12  1.1976000    33.6330    33.6322    -0.0007     0.0002    26.4165    26.4159     49.530     49.678    1475.57    1475.58     6.2524     6.3637    90.6040    92.2170  0.000e+00
      43112     50.500     6.4399     6.4399    3.35668    3.35655          1     3.4545     3.2272      23.80      0.493     0.2921     0.2241  1.000e-12  1.1922000    33.6335    33.6320    -0.0015    -0.0000    26.4169    26.4157     50.025     50.174    1475.58    1475.58     6.2520     6.3685    90.6010    92.2880  0.000e+00
      43137     51.000     6.4415     6.4420    3.35720    3.35728          1     3.4542     3.2272      23.20      0.482     0.2914     0.2241  1.000e-12  1.1361000    33.6375    33.6378     0.0003     0.0006    26.4198    26.4200     50.520     50.670    1475.61    1475.61     6.2510     6.3681    90.5910    92.2900  0.000e+00
      43162     51.500     6.4471     6.4495    3.35915    3.35987          1     3.4540     3.2271      22.58      0.483     0.3035     0.1934  1.000e-12  1.2420000    33.6534    33.6590     0.0056     0.0024    26.4316    26.4358     51.015     51.166    1475.66    1475.67     6.2486     6.3646    90.5780    92.2680  0.000e+00
      43186     52.000     6.4504     6.4501    3.36020    3.36001          1     3.4535     3.2266      22.01      0.492     0.2857     0.1820  1.000e-12  1.1993000    33.6615    33.6598    -0.0017    -0.0004    26.4376    26.4363     51.511     51.663    1475.69    1475.69     6.2451     6.3635    90.5390    92.2540  0.000e+00
      43210     52.500     6.4501     6.4499    3.36013    3.35992          1     3.4527     3.2269      21.41      0.495     0.2986     0.2049  1.000e-12  1.2300000    33.6608    33.6587    -0.0021    -0.0002    26.4371    26.4354     52.006     52.159    1475.69    1475.69     6.2447     6.3706    90.5320    92.3560  0.000e+00
      43235     53.000     6.4490     6.4469    3.35978    3.35892          1     3.4525     3.2272      20.92      0.488     0.3046     0.2388  1.000e-12  1.2512000    33.6578    33.6503    -0.0075    -0.0021    26.4348    26.4292     52.501     52.655    1475.69    1475.68     6.2492     6.3708    90.5930    92.3460  0.000e+00
      43260     53.500     6.4493     6.4479    3.35995    3.35938          1     3.4528     3.2276      20.36      0.486     0.2948     0.2325  1.000e-12  1.2124000    33.6591    33.6542    -0.0050    -0.0014    26.4358    26.4321     52.996     53.151    1475.70    1475.69     6.2486     6.3751    90.5870    92.4140  0.000e+00
      43284     54.000     6.4494     6.4484    3.35997    3.35945          1     3.4528     3.2280      19.81      0.495     0.2909     0.2185  1.000e-12  1.2764000    33.6590    33.6542    -0.0048    -0.0010    26.4357    26.4320     53.491     53.647    1475.71    1475.70     6.2478     6.3672    90.5750    92.3010  0.000e+00
      43307     54.500     6.4498     6.4473    3.36011    3.35918          1     3.4522     3.2272      19.28      0.501     0.2923     0.2063  1.000e-12  1.3969000    33.6599    33.6520    -0.0079    -0.0025    26.4364    26.4305     53.987     54.143    1475.72    1475.70     6.2477     6.3666    90.5740    92.2880  0.000e+00
      43331     55.000     6.4517     6.4509    3.36072    3.36034          1     3.4525     3.2269      18.67      0.505     0.3013     0.1617  1.000e-12  1.3175000    33.6646    33.6612    -0.0034    -0.0008    26.4398    26.4373     54.482     54.639    1475.75    1475.74     6.2483     6.3621    90.5890    92.2360  0.000e+00
      43355     55.500     6.4546     6.4515    3.36159    3.36053          1     3.4522     3.2260      18.10      0.504     0.3040     0.1854  1.000e-12  1.3194000    33.6712    33.6624    -0.0088    -0.0031    26.4447    26.4382     54.977     55.136    1475.77    1475.75     6.2469     6.3631    90.5790    92.2520  0.000e+00
      43379     56.000     6.4525     6.4509    3.36098    3.36034          1     3.4523     3.2260      17.57      0.503     0.3052     0.2248  1.000e-12  1.3762000    33.6662    33.6607    -0.0055    -0.0016    26.4410    26.4369     55.472     55.632    1475.77    1475.75     6.2490     6.3677    90.6030    92.3160  0.000e+00
      43403     56.500     6.4517     6.4516    3.36075    3.36058          1     3.4519     3.2262      16.97      0.502     0.3025     0.2777  1.000e-12  1.4753000    33.6641    33.6623    -0.0018    -0.0001    26.4395    26.4381     55.968     56.128    1475.77    1475.77     6.2451     6.3680    90.5430    92.3240  0.000e+00
      43427     57.000     6.4523     6.4512    3.36099    3.36045          1     3.4513     3.2260      16.57      0.500     0.2998     0.2607  1.000e-12  1.4507000    33.6660    33.6611    -0.0049    -0.0011    26.4409    26.4371     56.463     56.624    1475.78    1475.77     6.2456     6.3656    90.5530    92.2880  0.000e+00
      43452     57.500     6.4537     6.4550    3.36144    3.36176          1     3.4513     3.2256      16.11      0.491     0.2940     0.1957  1.000e-12  1.2721000    33.6694    33.6716     0.0022     0.0013    26.4434    26.4449     56.958     57.120    1475.80    1475.81     6.2485     6.3629    90.6000    92.2630  0.000e+00
      43477     58.000     6.4555     6.4545    3.36197    3.36149          1     3.4513     3.2253      15.59      0.478     0.2979     0.1831  1.000e-12  1.2842000    33.6733    33.6688    -0.0044    -0.0010    26.4462    26.4428     57.453     57.616    1475.82    1475.81     6.2451     6.3658    90.5560    92.3020  0.000e+00
      43503     58.500     6.4537     6.4534    3.36145    3.36118          1     3.4507     3.2255      15.18      0.470     0.2972     0.2197  1.000e-12  1.2743000    33.6690    33.6663    -0.0026    -0.0003    26.4430    26.4410     57.948     58.112    1475.82    1475.81     6.2457     6.3686    90.5590    92.3390  0.000e+00
      43528     59.000     6.4546     6.4546    3.36174    3.36158          1     3.4507     3.2257      14.69      0.470     0.2995     0.2282  1.000e-12  1.2064000    33.6711    33.6693    -0.0018    -0.0000    26.4446    26.4432     58.444     58.609    1475.83    1475.83     6.2452     6.3695    90.5550    92.3560  0.000e+00
      43553     59.500     6.4537     6.4548    3.36137    3.36162          1     3.4498     3.2256      12.64      0.478     0.3106     0.1931  1.000e-12  1.2282000    33.6677    33.6692     0.0015     0.0012    26.4420    26.4431     58.939     59.105    1475.83    1475.84     6.2422     6.3621    90.5080    92.2490  0.000e+00
      43578     60.000     6.4493     6.4489    3.36004    3.35977          1     3.4495     3.2247      11.93      0.482     0.3099     0.1773  1.000e-12  1.2275000    33.6569    33.6543    -0.0025    -0.0004    26.4341    26.4321     59.434     59.601    1475.81    1475.80     6.2477     6.3638    90.5720    92.2520  0.000e+00
      43603     60.500     6.4488     6.4495    3.35985    3.35994          1     3.4502     3.2246      11.51      0.477     0.3210     0.2369  1.000e-12  1.2322000    33.6551    33.6553     0.0002     0.0007    26.4328    26.4328     59.929     60.097    1475.81    1475.82     6.2502     6.3694    90.6060    92.3350  0.000e+00
      43628     61.000     6.4501     6.4497    3.36027    3.36005          1     3.4502     3.2248      10.98      0.474     0.3194     0.2358  1.000e-12  1.2986000    33.6582    33.6561    -0.0021    -0.0003    26.4350    26.4334     60.424     60.593    1475.83    1475.83     6.2496     6.3679    90.6010    92.3140  0.000e+00
      43653     61.500     6.4534     6.4540    3.36144    3.36149          1     3.4504     3.2246      10.51      0.482     0.3038     0.2240  1.000e-12  1.3256000    33.6677    33.6676    -0.0001     0.0006    26.4421    26.4420     60.920     61.089    1475.86    1475.86     6.2494     6.3677    90.6120    92.3270  0.000e+00
      43677     62.000     6.4769     6.4662    3.36876    3.36518          1     3.4506     3.2248      10.09      0.497     0.3028     0.1689  1.000e-12  1.3975000    33.7255    33.6964    -0.0291    -0.0108    26.4846    26.4631     61.415     61.586    1476.04    1475.96     6.2442     6.3671    90.6200    92.3630  0.000e+00
      43702     62.500     6.4517     6.4494    3.36082    3.35996          1     3.4507     3.2253       9.56      0.494     0.3109     0.2199  1.000e-12  1.4330000    33.6619    33.6547    -0.0072    -0.0024    26.4377    26.4324     61.910     62.082    1475.87    1475.85     6.2512     6.3763    90.6310    92.4340  0.000e+00
      43728     63.000     6.4539     6.4539    3.36157    3.36157          1     3.4511     3.2260       9.13      0.470     0.3154     0.2240  1.000e-12  1.2838000    33.6679    33.6679    -0.0001    -0.0000    26.4422    26.4421     62.405     62.578    1475.89    1475.89     6.2556     6.3802    90.7020    92.5080  0.000e+00
      43754     63.500     6.4761     6.4776    3.36873    3.36914          1     3.4522     3.2271       8.68      0.452     0.3081     0.2545  1.000e-12  1.3650000    33.7253    33.7283     0.0030     0.0015    26.4846    26.4868     62.901     63.074    1476.06    1476.07     6.2525     6.3728    90.7390    92.4900  0.000e+00
      43782     64.000     6.4872     6.4887    3.37208    3.37243          1     3.4527     3.2272       8.33      0.442     0.2959     0.1841  1.000e-12  1.3850000    33.7513    33.7538     0.0025     0.0015    26.5036    26.5054     63.396     63.570    1476.14    1476.15     6.2471     6.3676    90.7000    92.4520  0.000e+00
      43812     64.500     6.4854     6.4864    3.37165    3.37172          1     3.4525     3.2277       7.90      0.414     0.3007     0.2266  1.000e-12  1.4774000    33.7480    33.7478    -0.0002     0.0010    26.5013    26.5010     63.891     64.066    1476.14    1476.14     6.2470     6.3755    90.6920    92.5590  0.000e+00
      43845     65.000     6.4891     6.4910    3.37276    3.37321          1     3.4524     3.2282       7.46      0.371     0.3136     0.2134  1.000e-12  1.3994000    33.7564    33.7596     0.0032     0.0019    26.5074    26.5097     64.386     64.562    1476.17    1476.18     6.2466     6.3682    90.6990    92.4710  0.000e+00
      43881     65.500     6.4925     6.4927    3.37374    3.37364          1     3.4527     3.2279       7.07      0.333     0.3183     0.2287  1.000e-12  1.4154000    33.7637    33.7626    -0.0012     0.0002    26.5127    26.5118     64.881     65.058    1476.20    1476.20     6.2468     6.3647    90.7130    92.4240  0.000e+00
      43918     66.000     6.4890     6.4870    3.37273    3.37202          1     3.4520     3.2273       6.63      0.331     0.3149     0.2525  1.000e-12  1.3498000    33.7558    33.7498    -0.0059    -0.0020    26.5069    26.5025     65.377     65.555    1476.19    1476.17     6.2454     6.3685    90.6810    92.4600  0.000e+00
      43953     66.500     6.4875     6.4868    3.37231    3.37191          1     3.4524     3.2275       6.21      0.335     0.3128     0.2529  1.000e-12  1.4250000    33.7523    33.7486    -0.0036    -0.0008    26.5044    26.5016     65.872     66.051    1476.19    1476.18     6.2506     6.3710    90.7520    92.4960  0.000e+00
      43989     67.000     6.4855     6.4853    3.37172    3.37153          1     3.4525     3.2275       5.59      0.342     0.3127     0.2063  1.000e-12  1.4751000    33.7475    33.7456    -0.0019    -0.0001    26.5009    26.4993     66.367     66.547    1476.18    1476.18     6.2466     6.3691    90.6860    92.4630  0.000e+00
      44027     67.500     6.4856     6.4856    3.37177    3.37161          1     3.4515     3.2269       5.29      0.314     0.3112     0.2146  1.000e-12  1.4620000    33.7478    33.7459    -0.0018     0.0000    26.5010    26.4996     66.862     67.043    1476.19    1476.19     6.2465     6.3644    90.6840    92.3950  0.000e+00
      44068     68.000     6.4857     6.4854    3.37180    3.37155          1     3.4513     3.2260       4.92      0.292     0.3132     0.2056  1.000e-12  1.3147000    33.7477    33.7453    -0.0025    -0.0003    26.5010    26.4991     67.357     67.539    1476.20    1476.19     6.2468     6.3662    90.6900    92.4200  0.000e+00
      44112     68.500     6.4854     6.4852    3.37173    3.37152          1     3.4509     3.2259       4.46      0.273     0.3171     0.2099  1.000e-12  1.3572000    33.7470    33.7448    -0.0022    -0.0002    26.5005    26.4988     67.853     68.035    1476.20    1476.20     6.2457     6.3692    90.6720    92.4640  0.000e+00
      44155     69.000     6.4854     6.4859    3.37176    3.37175          1     3.4510     3.2269       4.07      0.282     0.3124     0.2400  1.000e-12  1.4148000    33.7471    33.7464    -0.0006     0.0005    26.5005    26.5000     68.348     68.531    1476.21    1476.21     6.2483     6.3745    90.7100    92.5420  0.000e+00
      44206     69.500     6.4854     6.4854    3.37178    3.37157          1     3.4507     3.2262       3.62      0.236     0.3042     0.2459  1.000e-12  1.4426000    33.7470    33.7448    -0.0022    -0.0001    26.5005    26.4987     68.843     69.027    1476.22    1476.22     6.2454     6.3657    90.6670    92.4120  0.000e+00
      44524     70.000     6.4933     6.4934    3.37410    3.37399          1     3.4521     3.2276       3.36      0.106     0.3045     0.1799  1.000e-12  1.3718000    33.7647    33.7634    -0.0013     0.0001    26.5134    26.5124     69.338     69.523    1476.28    1476.28     6.2495     6.3702    90.7550    92.5070  0.000e+00
      44654     70.500     6.4969     6.4960    3.37517    3.37479          1     3.4528     3.2282       3.08      0.260     0.3061     0.2051  1.000e-12  1.3611000    33.7728    33.7695    -0.0034    -0.0009    26.5193    26.5168     69.833     70.020    1476.31    1476.31     6.2478     6.3740    90.7420    92.5720  0.000e+00
      44697     71.000     6.4957     6.4939    3.37484    3.37418          1     3.4518     3.2278       2.60      0.283     0.3113     0.2368  1.000e-12  1.3795000    33.7701    33.7645    -0.0056    -0.0017    26.5174    26.5132     70.328     70.516    1476.31    1476.30     6.2489     6.3673    90.7540    92.4670  0.000e+00
      44739     71.500     6.4920     6.4908    3.37377    3.37336          1     3.4528     3.2276       2.14      0.285     0.3086     0.2356  1.000e-12  1.3981000    33.7617    33.7583    -0.0034    -0.0012    26.5112    26.5087     70.824     71.012    1476.30    1476.29     6.2544     6.3781    90.8210    92.6140  0.000e+00
      44782     72.000     6.4980     6.5047    3.37569    3.37747          1     3.4532     3.2291       1.73      0.276     0.3078     0.2522  1.000e-12  1.3564000    33.7768    33.7899     0.0131     0.0067    26.5223    26.5318     71.319     71.508    1476.35    1476.39     6.2545     6.3805    90.8450    92.6980  0.000e+00
      45116     72.500     6.5257     6.5170    3.38372    3.38063          1     3.4575     3.2302       1.12     -0.205     0.3439     0.1761  1.000e-12  0.9382000    33.8382    33.8125    -0.0256    -0.0087    26.5672    26.5480     71.814     72.004    1476.55    1476.47     6.2477     6.3780    90.8400    92.7010  0.000e+00
