ctdpy/tests/etc/exprapp_april_2020/SBE09_1387_20200418_2216_77_10_0358.cnv
* Sea-Bird SBE 9 Data File:
* FileName = L:\2020\sv20d0358.hex
* Software Version Seasave V 7.26.7.121
* Temperature SN = 6378
* Conductivity SN = 4824
* Number of Bytes Per Scan = 41
* Number of Voltage Words = 4
* Number of Scans Averaged by the Deck Unit = 1
* NMEA Latitude = 57 06.99 N
* NMEA Longitude = 017 40.11 E
* NMEA UTC (Time) = Apr 18 2020  22:16:57
* NMEA baud rate = 4800
** Station:  BY38
** Operator:  SSip
** Ship: SVEA
** Average sound velocity: 1438.55 m/s
** True-depth calculation Sat, 18 Apr 2020 23:37:07 +0000
** CTD Python Module SMHI /ver 3-12/ feb 2012 
** LIMS Job: 20207710-0358
** Cruise: SMHI-07-2020
** Latitude [GG MM.mm N] :
** Longitude [GGG MM.mm E]:
# nquan = 30
# nvalues = 207                         
# units = specified
# name 0 = scan: Scan Count
# name 1 = prDM: Pressure, Digiquartz [db]
# name 2 = t090C: Temperature [ITS-90, deg C]
# name 3 = t190C: Temperature, 2 [ITS-90, deg C]
# name 4 = c0S/m: Conductivity [S/m]
# name 5 = c1S/m: Conductivity, 2 [S/m]
# name 6 = pumps: Pump Status
# name 7 = sbeox0V: Oxygen raw, SBE 43 [V]
# name 8 = sbeox1V: Oxygen raw, SBE 43, 2 [V]
# name 9 = altM: Altimeter [m]
# name 10 = dz/dtM: Descent Rate [m/s]
# name 11 = flECO-AFL: Chl-a Fluorescence, WET Labs ECO-AFL/FL [mg/m^3]
# name 12 = flECO-AFL1: Phycocyanin Fluorescence, WET Labs ECO-AFL/FL, 2 [mg/m^3]
# name 13 = par: PAR/Irradiance, Biospherical/Lico [µE/(cm^2*s)]
# name 14 = turbWETntu0: Turbidity, WET Labs ECO [NTU]
# name 15 = sal00: Salinity, Practical [PSU]
# name 16 = sal11: Salinity, Practical, 2 [PSU]
# name 17 = secS-priS: Salinity, Practical, Difference, 2 - 1 [PSU]
# name 18 = T2-T190C: Temperature Difference, 2 - 1 [ITS-90, deg C]
# name 19 = sigma-t00: Density [sigma-t, kg/m^3 ]
# name 20 = sigma-t11: Density, 2 [sigma-t, kg/m^3 ]
# name 21 = depSM: Depth [salt water, m], lat = 57.1165
# name 22 = depFM: Depth [true depth, m], lat = 57.1165
# name 23 = svCM: Sound Velocity [Chen-Millero, m/s]
# name 24 = svCM1: Sound Velocity, 2 [Chen-Millero, m/s]
# name 25 = sbeox0ML/L: Oxygen, SBE 43 [ml/l], WS = 2
# name 26 = sbeox1ML/L: Oxygen, SBE 43, 2 [ml/l], WS = 2
# name 27 = sbeox0PS: Oxygen, SBE 43 [% saturation], WS = 2
# name 28 = sbeox1PS: Oxygen, SBE 43, 2 [% saturation], WS = 2
# name 29 = flag: flag
# span 0 =      55582,      61814       
# span 1 =      1.500,    105.000       
# span 2 =     4.6078,     5.7435       
# span 3 =     4.6086,     5.7428       
# span 4 =   0.788695,   1.116875       
# span 5 =   0.788841,   1.116653       
# span 6 =          1,          1       
# span 7 =     0.7511,     3.8210       
# span 8 =     0.7413,     3.5657       
# span 9 =       1.82,      98.74       
# span 10 =     -0.542,      0.611      
# span 11 =     0.3140,     3.0639      
# span 12 =     0.1316,     0.8203      
# span 13 = 1.0000e-12, 1.5077e+00      
# span 14 =     0.1067,     3.0402      
# span 15 =     7.2622,    10.3175      
# span 16 =     7.2637,    10.3155      
# span 17 =    -0.0020,     0.0080      
# span 18 =    -0.0090,     0.0037      
# span 19 =     5.7379,     8.1191      
# span 20 =     5.7391,     8.1176      
# span 21 =      1.486,    104.008      
# span 22 =      1.519,    106.254      
# span 23 =    1434.88,    1446.21      
# span 24 =    1434.89,    1446.20      
# span 25 =     0.0689,     8.7058      
# span 26 =     0.1115,     8.8687      
# span 27 =      0.842,    102.475      
# span 28 =      1.361,    104.394      
# span 29 = 0.0000e+00, 0.0000e+00      
# interval = decibars: 0.5              
# start_time = Apr 18 2020 22:16:57 [NMEA time, first data scan]
# bad_flag = -9.990e-29
*END*
[from data line 146]
      59673     74.500     5.4104     5.4108    0.99848    0.99891          1     1.3665     1.3293      33.53      0.534     0.3730     0.2059  1.000e-12  0.1664000     9.2372     9.2415     0.0042     0.0004     7.2846     7.2879     73.802     75.429    1441.00    1441.01     1.5616     1.5641    18.7780    18.8090  0.000e+00
      59695     75.000     5.4300     5.4307    1.00332    1.00367          1     1.3384     1.3017      32.98      0.567     0.3748     0.2179  1.000e-12  0.1695000     9.2801     9.2833     0.0033     0.0007     7.3174     7.3200     74.297     75.935    1441.15    1441.16     1.5067     1.5155    18.1320    18.2390  0.000e+00
      59721     75.500     5.4409     5.4413    1.00585    1.00615          1     1.3067     1.2715      32.41      0.504     0.3589     0.2542  1.000e-12  0.1667000     9.3022     9.3050     0.0028     0.0004     7.3343     7.3366     74.792     76.440    1441.23    1441.24     1.4177     1.4316    17.0690    17.2360  0.000e+00
      59749     76.000     5.4469     5.4470    1.00835    1.00876          1     1.2699     1.2375      31.89      0.431     0.3598     0.1798  1.000e-12  0.1838000     9.3253     9.3294     0.0040     0.0001     7.3523     7.3555     75.287     76.946    1441.30    1441.30     1.2916     1.2983    15.5550    15.6360  0.000e+00
      59773     76.500     5.4559     5.4556    1.01197    1.01237          1     1.2332     1.2038      31.39      0.454     0.3801     0.1499  1.000e-12  0.1988000     9.3588     9.3629     0.0041    -0.0003     7.3782     7.3815     75.783     77.451    1441.39    1441.39     1.1690     1.1641    14.0850    14.0260  0.000e+00
      59795     77.000     5.4590     5.4605    1.01547    1.01599          1     1.1994     1.1730      30.89      0.521     0.3797     0.2015  1.000e-12  0.1785000     9.3928     9.3975     0.0047     0.0015     7.4049     7.4086     76.278     77.957    1441.45    1441.47     1.0765     1.0735    12.9740    12.9390  0.000e+00
      59817     77.500     5.4815     5.4821    1.02148    1.02195          1     1.1662     1.1424      30.35      0.553     0.3808     0.2120  1.000e-12  0.1891000     9.4464     9.4509     0.0045     0.0006     7.4461     7.4496     76.773     78.462    1441.62    1441.63     1.0009     0.9938    12.0740    11.9890  0.000e+00
      59844     78.000     5.4896     5.4896    1.02548    1.02597          1     1.1300     1.1079      29.79      0.487     0.3807     0.1612  1.000e-12  0.1867000     9.4839     9.4887     0.0048    -0.0000     7.4752     7.4790     77.268     78.968    1441.72    1441.72     0.9190     0.9196    11.0920    11.0980  0.000e+00
      59872     78.500     5.4982     5.4993    1.02920    1.02973          1     1.0953     1.0756      29.31      0.429     0.3856     0.1941  1.000e-12  0.1880000     9.5185     9.5234     0.0050     0.0011     7.5021     7.5059     77.763     79.473    1441.80    1441.81     0.8228     0.8247     9.9340     9.9580  0.000e+00
      59895     79.000     5.5069     5.5073    1.03219    1.03252          1     1.0628     1.0455      28.89      0.470     0.3930     0.2260  1.000e-12  0.1899000     9.5457     9.5489     0.0031     0.0004     7.5231     7.5256     78.259     79.979    1441.89    1441.89     0.7158     0.7134     8.6460     8.6180  0.000e+00
      59919     79.500     5.5153     5.5158    1.03524    1.03578          1     1.0297     1.0156      28.36      0.517     0.3809     0.2194  1.000e-12  0.2088000     9.5737     9.5789     0.0052     0.0006     7.5448     7.5489     78.754     80.484    1441.96    1441.97     0.6341     0.6349     7.6620     7.6720  0.000e+00
      59944     80.000     5.5354     5.5362    1.04219    1.04281          1     0.9977     0.9856      27.79      0.490     0.3824     0.2070  1.000e-12  0.2161000     9.6372     9.6431     0.0059     0.0009     7.5938     7.5984     79.249     80.990    1442.14    1442.15     0.5804     0.5870     7.0190     7.1000  0.000e+00
      59970     80.500     5.5481     5.5481    1.04547    1.04572          1     0.9717     0.9602      27.24      0.453     0.3884     0.2024  1.000e-12  0.2292000     9.6661     9.6686     0.0025    -0.0000     7.6160     7.6179     79.744     81.495    1442.24    1442.24     0.5454     0.5617     6.6000     6.7970  0.000e+00
      59993     81.000     5.5499     5.5498    1.04659    1.04688          1     0.9535     0.9421      26.76      0.488     0.4047     0.2290  1.000e-12  0.2381000     9.6768     9.6796     0.0029    -0.0000     7.6242     7.6265     80.240     82.001    1442.27    1442.27     0.5166     0.5443     6.2510     6.5880  0.000e+00
      60015     81.500     5.5550     5.5549    1.04825    1.04845          1     0.9388     0.9278      26.31      0.546     0.3710     0.2573  1.000e-12  0.2442000     9.6917     9.6938     0.0021    -0.0002     7.6357     7.6374     80.735     82.506    1442.32    1442.32     0.4915     0.5258     5.9490     6.3650  0.000e+00
      60038     82.000     5.5569     5.5569    1.04920    1.04944          1     0.9250     0.9139      25.73      0.544     0.3958     0.1768  1.000e-12  0.2510000     9.7005     9.7030     0.0024    -0.0000     7.6426     7.6445     81.230     83.011    1442.34    1442.35     0.4621     0.4992     5.5940     6.0430  0.000e+00
      60067     82.500     5.5657     5.5661    1.05144    1.05177          1     0.9078     0.8978      25.18      0.446     0.3733     0.1864  1.000e-12  0.2603000     9.7202     9.7234     0.0032     0.0004     7.6577     7.6602     81.725     83.517    1442.41    1442.42     0.4058     0.4449     4.9150     5.3880  0.000e+00
      60094     83.000     5.5759     5.5758    1.05372    1.05394          1     0.8897     0.8809      24.68      0.419     0.3832     0.1738  1.000e-12  0.2776000     9.7399     9.7422     0.0023    -0.0002     7.6727     7.6745     82.220     84.022    1442.49    1442.49     0.3486     0.3775     4.2230     4.5740  0.000e+00
      60115     83.500     5.5856     5.5857    1.05619    1.05652          1     0.8750     0.8668      24.32      0.498     0.3841     0.1480  1.000e-12  0.2880000     9.7617     9.7650     0.0033     0.0002     7.6893     7.6919     82.716     84.528    1442.57    1442.57     0.3106     0.3406     3.7650     4.1280  0.000e+00
      60134     84.000     5.5917     5.5915    1.05842    1.05867          1     0.8624     0.8552      23.83      0.585     0.3856     0.1785  1.000e-12  0.2699000     9.7821     9.7847     0.0025    -0.0002     7.7051     7.7071     83.211     85.033    1442.63    1442.63     0.2782     0.3116     3.3730     3.7770  0.000e+00
      60158     84.500     5.5956     5.5958    1.06020    1.06045          1     0.8463     0.8403      23.21      0.575     0.3838     0.2063  1.000e-12  0.2698000     9.7986     9.8010     0.0024     0.0002     7.7179     7.7198     83.706     85.538    1442.68    1442.68     0.2147     0.2407     2.6030     2.9180  0.000e+00
      60190     85.000     5.6075     5.6077    1.06313    1.06355          1     0.8194     0.8160      22.56      0.409     0.3891     0.2180  1.000e-12  0.2950000     9.8243     9.8284     0.0040     0.0002     7.7375     7.7407     84.201     86.044    1442.77    1442.77     0.1348     0.1553     1.6350     1.8840  0.000e+00
      60219     85.500     5.6075     5.6073    1.06723    1.06752          1     0.7975     0.7954      22.06      0.374     0.4063     0.1887  1.000e-12  0.3447000     9.8651     9.8680     0.0030    -0.0002     7.7697     7.7720     84.696     86.549    1442.83    1442.83     0.1063     0.1303     1.2900     1.5810  0.000e+00
      60240     86.000     5.6127     5.6127    1.06946    1.06978          1     0.7870     0.7840      21.65      0.482     0.3993     0.2015  1.000e-12  0.3303000     9.8857     9.8889     0.0032     0.0000     7.7857     7.7882     85.192     87.054    1442.88    1442.89     0.1049     0.1357     1.2730     1.6480  0.000e+00
      60259     86.500     5.6261     5.6262    1.07303    1.07344          1     0.7801     0.7770      21.17      0.590     0.4084     0.2040  1.000e-12  0.3006000     9.9173     9.9213     0.0040     0.0002     7.8098     7.8130     85.687     87.560    1442.99    1442.99     0.1035     0.1449     1.2570     1.7600  0.000e+00
      60280     87.000     5.6344     5.6345    1.07688    1.07719          1     0.7745     0.7709      20.62      0.611     0.4187     0.2151  1.000e-12  0.6662000     9.9531     9.9563     0.0031     0.0001     7.8376     7.8401     86.182     88.065    1443.08    1443.08     0.1022     0.1495     1.2420     1.8170  0.000e+00
      60310     87.500     5.6447     5.6447    1.07904    1.07929          1     0.7695     0.7652      20.00      0.465     0.4231     0.2178  1.000e-12  1.2951000     9.9716     9.9740     0.0024     0.0000     7.8516     7.8535     86.677     88.570    1443.15    1443.16     0.1007     0.1548     1.2240     1.8820  0.000e+00
      60341     88.000     5.6512     5.6511    1.08082    1.08107          1     0.7661     0.7612      19.39      0.360     0.4405     0.1795  1.000e-12  1.3046000     9.9873     9.9898     0.0025    -0.0001     7.8636     7.8656     87.172     89.076    1443.21    1443.21     0.1006     0.1589     1.2230     1.9320  0.000e+00
      60365     88.500     5.6542     5.6540    1.08193    1.08213          1     0.7644     0.7591      19.04      0.445     0.4576     0.1935  1.000e-12  1.7104000     9.9974     9.9995     0.0021    -0.0003     7.8714     7.8731     87.668     89.581    1443.24    1443.24     0.0984     0.1547     1.1970     1.8810  0.000e+00
      60384     89.000     5.6549     5.6546    1.08254    1.08272          1     0.7632     0.7575      18.58      0.551     0.4478     0.2316  1.000e-12  2.0401000    10.0031    10.0051     0.0020    -0.0003     7.8759     7.8775     88.163     90.086    1443.26    1443.26     0.0971     0.1552     1.1810     1.8870  0.000e+00
      60404     89.500     5.6557     5.6554    1.08313    1.08333          1     0.7623     0.7564      18.08      0.606     0.4561     0.2804  1.000e-12  2.3353000    10.0088    10.0109     0.0021    -0.0003     7.8803     7.8819     88.658     90.592    1443.28    1443.28     0.0957     0.1555     1.1640     1.8910  0.000e+00
      60427     90.000     5.6576     5.6575    1.08383    1.08404          1     0.7614     0.7553      17.50      0.572     0.4413     0.1879  1.000e-12  2.4984000    10.0152    10.0172     0.0020    -0.0000     7.8852     7.8868     89.153     91.097    1443.30    1443.31     0.0948     0.1552     1.1530     1.8880  0.000e+00
      60456     90.500     5.6608     5.6606    1.08424    1.08442          1     0.7608     0.7543      16.92      0.458     0.4430     0.1614  1.000e-12  2.5909000    10.0182    10.0200     0.0018    -0.0002     7.8874     7.8889     89.648     91.602    1443.33    1443.33     0.0955     0.1530     1.1610     1.8610  0.000e+00
      60485     91.000     5.6631     5.6631    1.08456    1.08477          1     0.7600     0.7532      16.39      0.401     0.4585     0.1918  1.000e-12  2.8374000    10.0206    10.0227     0.0020    -0.0001     7.8892     7.8908     90.144     92.107    1443.35    1443.35     0.0922     0.1505     1.1210     1.8300  0.000e+00
      60509     91.500     5.6613     5.6609    1.08533    1.08553          1     0.7595     0.7524      15.94      0.455     0.4456     0.2370  1.000e-12  2.7529000    10.0287    10.0308     0.0021    -0.0005     7.8957     7.8974     90.639     92.613    1443.36    1443.36     0.0905     0.1494     1.1010     1.8180  0.000e+00
      60530     92.000     5.6574     5.6571    1.08596    1.08617          1     0.7587     0.7517      15.40      0.525     0.4366     0.2207  1.000e-12  3.0402000    10.0360    10.0383     0.0023    -0.0003     7.9017     7.9035     91.134     93.118    1443.36    1443.36     0.0889     0.1480     1.0820     1.8000  0.000e+00
      60553     92.500     5.6581     5.6579    1.08710    1.08732          1     0.7584     0.7512      14.91      0.551     0.4628     0.2311  1.000e-12  2.9804000    10.0471    10.0494     0.0023    -0.0002     7.9104     7.9122     91.629     93.623    1443.38    1443.39     0.0898     0.1488     1.0920     1.8100  0.000e+00
      60579     93.000     5.6642     5.6640    1.08839    1.08862          1     0.7582     0.7506      14.34      0.493     0.4433     0.2677  1.000e-12  2.8189000    10.0581    10.0604     0.0023    -0.0002     7.9187     7.9206     92.124     94.129    1443.43    1443.44     0.0902     0.1452     1.0980     1.7670  0.000e+00
      60607     93.500     5.6645     5.6644    1.08916    1.08936          1     0.7578     0.7499      13.81      0.436     0.4470     0.2505  1.000e-12  2.6745000    10.0656    10.0676     0.0020    -0.0001     7.9246     7.9262     92.619     94.634    1443.45    1443.45     0.0866     0.1443     1.0530     1.7550  0.000e+00
      60632     94.000     5.6648     5.6645    1.08948    1.08968          1     0.7573     0.7497      13.30      0.451     0.4484     0.2029  1.000e-12  2.6715000    10.0687    10.0707     0.0021    -0.0003     7.9270     7.9287     93.115     95.139    1443.46    1443.47     0.0872     0.1456     1.0610     1.7720  0.000e+00
      60656     94.500     5.6602     5.6598    1.08985    1.09006          1     0.7571     0.7490      12.82      0.487     0.4483     0.2001  1.000e-12  2.5483000    10.0736    10.0758     0.0022    -0.0004     7.9312     7.9329     93.610     95.644    1443.46    1443.46     0.0866     0.1405     1.0540     1.7090  0.000e+00
      60678     95.000     5.6572     5.6569    1.09064    1.09084          1     0.7567     0.7486      12.31      0.521     0.4490     0.2216  1.000e-12  2.3014000    10.0823    10.0844     0.0022    -0.0003     7.9382     7.9399     94.105     96.150    1443.47    1443.47     0.0839     0.1411     1.0200     1.7170  0.000e+00
      60701     95.500     5.6584     5.6583    1.09188    1.09218          1     0.7562     0.7481      11.82      0.542     0.4466     0.2311  1.000e-12  2.0787000    10.0942    10.0973     0.0031    -0.0001     7.9475     7.9500     94.600     96.655    1443.49    1443.50     0.0832     0.1381     1.0130     1.6810  0.000e+00
      60725     96.000     5.6682     5.6682    1.09423    1.09448          1     0.7559     0.7476      11.28      0.518     0.4569     0.2236  1.000e-12  1.8179000    10.1147    10.1172     0.0025     0.0000     7.9631     7.9651     95.095     97.160    1443.57    1443.57     0.0839     0.1385     1.0210     1.6870  0.000e+00
      60752     96.500     5.6868     5.6872    1.09823    1.09868          1     0.7557     0.7472      10.75      0.450     0.4403     0.2532  1.000e-12  1.5214000    10.1488    10.1532     0.0044     0.0003     7.9890     7.9924     95.590     97.665    1443.70    1443.71     0.0825     0.1397     1.0050     1.7020  0.000e+00
      60776     97.000     5.6970     5.6967    1.10284    1.10319          1     0.7554     0.7471      10.27      0.462     0.4355     0.2773  1.000e-12  1.3248000    10.1917    10.1952     0.0035    -0.0003     8.0222     8.0250     96.086     98.171    1443.81    1443.81     0.0813     0.1344     0.9910     1.6380  0.000e+00
      60798     97.500     5.7000     5.6997    1.10456    1.10478          1     0.7551     0.7464       9.78      0.535     0.4417     0.2553  1.000e-12  1.2359000    10.2079    10.2101     0.0023    -0.0003     8.0348     8.0366     96.581     98.676    1443.85    1443.85     0.0809     0.1350     0.9870     1.6460  0.000e+00
