ctdpy/tests/etc/exprapp_april_2020/SBE09_1387_20200415_0210_77_10_0342.cnv
* Sea-Bird SBE 9 Data File:
* FileName = L:\2020\sv20d0342.hex
* Software Version Seasave V 7.26.7.121
* Temperature SN = 6378
* Conductivity SN = 4824
* Number of Bytes Per Scan = 41
* Number of Voltage Words = 4
* Number of Scans Averaged by the Deck Unit = 1
* NMEA Latitude = 57 52.00 N
* NMEA Longitude = 011 17.66 E
* NMEA UTC (Time) = Apr 15 2020  02:10:49
* NMEA baud rate = 4800
** Station:  P2
** Operator:  SSip
** Ship: SVEA
** Average sound velocity: 1476.14 m/s
** True-depth calculation Wed, 15 Apr 2020 03:16:35 +0000
** CTD Python Module SMHI /ver 3-12/ feb 2012 
** LIMS Job: 20207710-0342
** Cruise: SMHI-07-2020
** Latitude [GG MM.mm N] :
** Longitude [GGG MM.mm E]:
# nquan = 30
# nvalues = 178                         
# units = specified
# name 0 = scan: Scan Count
# name 1 = prDM: Pressure, Digiquartz [db]
# name 2 = t090C: Temperature [ITS-90, deg C]
# name 3 = t190C: Temperature, 2 [ITS-90, deg C]
# name 4 = c0S/m: Conductivity [S/m]
# name 5 = c1S/m: Conductivity, 2 [S/m]
# name 6 = pumps: Pump Status
# name 7 = sbeox0V: Oxygen raw, SBE 43 [V]
# name 8 = sbeox1V: Oxygen raw, SBE 43, 2 [V]
# name 9 = altM: Altimeter [m]
# name 10 = dz/dtM: Descent Rate [m/s]
# name 11 = flECO-AFL: Chl-a Fluorescence, WET Labs ECO-AFL/FL [mg/m^3]
# name 12 = flECO-AFL1: Phycocyanin Fluorescence, WET Labs ECO-AFL/FL, 2 [mg/m^3]
# name 13 = par: PAR/Irradiance, Biospherical/Lico [µE/(cm^2*s)]
# name 14 = turbWETntu0: Turbidity, WET Labs ECO [NTU]
# name 15 = sal00: Salinity, Practical [PSU]
# name 16 = sal11: Salinity, Practical, 2 [PSU]
# name 17 = secS-priS: Salinity, Practical, Difference, 2 - 1 [PSU]
# name 18 = T2-T190C: Temperature Difference, 2 - 1 [ITS-90, deg C]
# name 19 = sigma-t00: Density [sigma-t, kg/m^3 ]
# name 20 = sigma-t11: Density, 2 [sigma-t, kg/m^3 ]
# name 21 = depSM: Depth [salt water, m], lat = 57.8667
# name 22 = depFM: Depth [true depth, m], lat = 57.8667
# name 23 = svCM: Sound Velocity [Chen-Millero, m/s]
# name 24 = svCM1: Sound Velocity, 2 [Chen-Millero, m/s]
# name 25 = sbeox0ML/L: Oxygen, SBE 43 [ml/l], WS = 2
# name 26 = sbeox1ML/L: Oxygen, SBE 43, 2 [ml/l], WS = 2
# name 27 = sbeox0PS: Oxygen, SBE 43 [% saturation], WS = 2
# name 28 = sbeox1PS: Oxygen, SBE 43, 2 [% saturation], WS = 2
# name 29 = flag: flag
# span 0 =      47713,      52752       
# span 1 =      1.000,     89.500       
# span 2 =     6.4500,     6.9913       
# span 3 =     6.4495,     6.9897       
# span 4 =   2.825486,   3.518184       
# span 5 =   2.825986,   3.517745       
# span 6 =          1,          1       
# span 7 =     3.4200,     3.6728       
# span 8 =     3.2007,     3.4273       
# span 9 =       0.75,     140.73       
# span 10 =     -0.616,      0.918      
# span 11 =     0.2732,     1.4542      
# span 12 =     0.0992,     0.3685      
# span 13 = 1.0000e-12, 4.3908e+00      
# span 14 =     0.1454,     2.3966      
# span 15 =    27.8124,    34.8755      
# span 16 =    27.8157,    34.8712      
# span 17 =    -0.1244,     0.3921      
# span 18 =    -0.0099,     0.0746      
# span 19 =    21.8280,    27.3254      
# span 20 =    21.8305,    27.3220      
# span 21 =      0.991,     88.653      
# span 22 =      0.997,     88.851      
# span 23 =    1467.51,    1479.83      
# span 24 =    1467.51,    1479.82      
# span 25 =     6.0825,     6.8559      
# span 26 =     6.1891,     6.9878      
# span 27 =     89.481,     97.494      
# span 28 =     91.050,     99.371      
# span 29 = 0.0000e+00, 0.0000e+00      
# interval = decibars: 0.5              
# start_time = Apr 15 2020 02:10:50 [NMEA time, first data scan]
# bad_flag = -9.990e-29
*END*
[from data line 49]
      49149     25.500     6.7410     6.7438    3.34632    3.34594          1     3.6279     3.3935      76.30      0.319     0.5296     0.2075  1.000e-12  0.1682000    33.2367    33.2297    -0.0069     0.0029    26.0645    26.0586     25.262     25.370    1475.86    1475.86     6.5658     6.6692    95.5620    97.0690  0.000e+00
      49168     26.000     6.7380     6.7388    3.35847    3.35818          1     3.6224     3.3877      68.47      0.485     0.5019     0.2272  1.000e-12  0.1994000    33.3731    33.3692    -0.0039     0.0008    26.1724    26.1692     25.758     25.867    1476.03    1476.03     6.5457     6.6592    95.3490    97.0020  0.000e+00
      49185     26.500     6.7644     6.7637    3.36740    3.36706          1     3.6180     3.3839      88.18      0.625     0.4794     0.2354  1.000e-12  0.1668000    33.4457    33.4426    -0.0031    -0.0007    26.2261    26.2238     26.253     26.363    1476.23    1476.22     6.5325     6.6522    95.2590    97.0020  0.000e+00
      49204     27.000     6.7679     6.7670    3.37559    3.37505          1     3.6142     3.3803      64.84      0.691     0.4597     0.2203  1.000e-12  0.1676000    33.5323    33.5273    -0.0050    -0.0009    26.2939    26.2901     26.748     26.859    1476.36    1476.35     6.5319     6.6566    95.3140    97.1280  0.000e+00
      49231     27.500     6.7909     6.7880    3.38359    3.38074          1     3.6130     3.3788      78.87      0.534     0.4857     0.2370  1.000e-12  0.5643000    33.5978    33.5691    -0.0286    -0.0028    26.3424    26.3202     27.244     27.355    1476.54    1476.49     6.5353     6.6644    95.4540    97.3150  0.000e+00
      49268     28.000     6.8024     6.7976    3.38763    3.38445          1     3.6108     3.3765      89.85      0.312     0.4483     0.2365  1.000e-12  0.2719000    33.6307    33.6004    -0.0303    -0.0048    26.3669    26.3436     27.739     27.851    1476.63    1476.58     6.5141     6.6483    95.1910    97.1220  0.000e+00
      49295     28.500     6.8036     6.8032    3.38902    3.38854          1     3.6051     3.3735      78.37      0.392     0.4257     0.2473  1.000e-12  0.2154000    33.6446    33.6398    -0.0048    -0.0004    26.3776    26.3739     28.234     28.348    1476.66    1476.66     6.4868     6.6192    94.8040    96.7340  0.000e+00
      49318     29.000     6.7924     6.7917    3.38944    3.38891          1     3.5982     3.3676      73.42      0.499     0.4257     0.2372  1.000e-12  0.1920000    33.6600    33.6549    -0.0051    -0.0007    26.3913    26.3873     28.730     28.844    1476.65    1476.64     6.4655     6.5749    94.4770    96.0710  0.000e+00
      49341     29.500     6.7407     6.7413    3.38680    3.38631          1     3.5898     3.3579      94.47      0.517     0.3915     0.1952  1.000e-12  0.1640000    33.6815    33.6754    -0.0061     0.0006    26.4151    26.4102     29.225     29.340    1476.48    1476.48     6.4449     6.5443    94.0780    95.5250  0.000e+00
      49366     30.000     6.7130     6.7135    3.38658    3.38624          1     3.5785     3.3477      62.71      0.494     0.3912     0.2349  1.000e-12  0.1454000    33.7060    33.7018    -0.0042     0.0005    26.4381    26.4347     29.720     29.836    1476.41    1476.41     6.4161     6.5202    93.6120    95.1300  0.000e+00
      49390     30.500     6.6993     6.6995    3.38681    3.38633          1     3.5675     3.3371      97.67      0.484     0.4258     0.3100  1.000e-12  0.1507000    33.7219    33.7163    -0.0055     0.0002    26.4525    26.4481     30.216     30.332    1476.39    1476.38     6.3984     6.4980    93.3330    94.7840  0.000e+00
      49413     31.000     6.6259     6.6246    3.38240    3.38175          1     3.5589     3.3287      90.57      0.512     0.4157     0.2315  1.000e-12  0.1841000    33.7452    33.7392    -0.0060    -0.0013    26.4806    26.4760     30.711     30.828    1476.14    1476.12     6.4013     6.5049    93.2330    94.7350  0.000e+00
      49433     31.500     6.6034     6.6031    3.38166    3.38122          1     3.5536     3.3230      59.72      0.563     0.4117     0.2552  1.000e-12  0.2136000    33.7589    33.7543    -0.0045    -0.0004    26.4943    26.4908     31.206     31.325    1476.07    1476.07     6.4059     6.5114    93.2590    94.7920  0.000e+00
      49455     32.000     6.6004     6.6002    3.38157    3.38114          1     3.5499     3.3184      59.09      0.580     0.4073     0.2469  1.000e-12  0.2057000    33.7606    33.7560    -0.0045    -0.0002    26.4961    26.4925     31.701     31.821    1476.07    1476.07     6.4039     6.5145    93.2260    94.8320  0.000e+00
      49486     32.500     6.5999     6.6010    3.38160    3.38132          1     3.5448     3.3140      55.86      0.443     0.4230     0.2536  1.000e-12  0.1924000    33.7612    33.7570    -0.0042     0.0011    26.4967    26.4932     32.197     32.317    1476.08    1476.08     6.3947     6.5099    93.0910    94.7680  0.000e+00
      49521     33.000     6.6002     6.6007    3.38253    3.38249          1     3.5397     3.3082      76.52      0.314     0.4115     0.2385  1.000e-12  0.1906000    33.7710    33.7700    -0.0010     0.0006    26.5043    26.5035     32.692     32.813    1476.10    1476.10     6.3843     6.4932    92.9460    94.5310  0.000e+00
      49546     33.500     6.6037     6.6035    3.38554    3.38521          1     3.5362     3.3050      57.34      0.421     0.4078     0.2603  1.000e-12  0.2056000    33.8006    33.7971    -0.0035    -0.0002    26.5272    26.5245     33.187     33.309    1476.16    1476.16     6.3731     6.4884    92.8090    94.4850  0.000e+00
      49568     34.000     6.6066     6.6066    3.38784    3.38766          1     3.5325     3.3017      57.08      0.524     0.3915     0.2572  1.000e-12  0.2358000    33.8230    33.8210    -0.0020    -0.0000    26.5445    26.5429     33.682     33.805    1476.21    1476.21     6.3611     6.4775    92.6530    94.3480  0.000e+00
      49591     34.500     6.6026     6.6023    3.38903    3.38868          1     3.5281     3.2987      56.56      0.532     0.4111     0.1762  1.000e-12  0.2302000    33.8399    33.8363    -0.0037    -0.0003    26.5584    26.5555     34.178     34.301    1476.22    1476.22     6.3532     6.4788    92.5410    94.3670  0.000e+00
      49613     35.000     6.5994     6.5993    3.39072    3.39041          1     3.5254     3.2970      68.81      0.525     0.4120     0.1968  1.000e-12  0.2539000    33.8616    33.8581    -0.0034    -0.0001    26.5758    26.5731     34.673     34.797    1476.24    1476.24     6.3547     6.4832    92.5690    94.4370  0.000e+00
      49634     35.500     6.6007     6.6004    3.39180    3.39144          1     3.5236     3.2961      68.42      0.558     0.4023     0.2112  1.000e-12  0.2798000    33.8720    33.8683    -0.0037    -0.0003    26.5839    26.5810     35.168     35.293    1476.27    1476.27     6.3564     6.4793    92.6020    94.3890  0.000e+00
      49655     36.000     6.6009     6.6007    3.39213    3.39174          1     3.5232     3.2942      55.45      0.576     0.3845     0.2128  1.000e-12  0.2859000    33.8752    33.8710    -0.0042    -0.0002    26.5864    26.5831     35.664     35.789    1476.28    1476.28     6.3581     6.4730    92.6300    94.3010  0.000e+00
      49681     36.500     6.6009     6.6007    3.39226    3.39187          1     3.5223     3.2925      54.66      0.509     0.3842     0.2362  1.000e-12  0.2765000    33.8764    33.8723    -0.0042    -0.0002    26.5873    26.5841     36.159     36.286    1476.29    1476.29     6.3569     6.4740    92.6130    94.3160  0.000e+00
      49714     37.000     6.6007     6.6007    3.39235    3.39196          1     3.5215     3.2916      54.12      0.394     0.3981     0.2360  1.000e-12  0.2664000    33.8774    33.8730    -0.0044     0.0001    26.5882    26.5847     36.654     36.782    1476.30    1476.30     6.3565     6.4765    92.6070    94.3530  0.000e+00
      49747     37.500     6.6008     6.6008    3.39254    3.39216          1     3.5209     3.2904      53.57      0.345     0.3833     0.2378  1.000e-12  0.2718000    33.8791    33.8749    -0.0042    -0.0000    26.5895    26.5862     37.150     37.278    1476.31    1476.31     6.3541     6.4757    92.5740    94.3420  0.000e+00
      49772     38.000     6.6014     6.6012    3.39293    3.39256          1     3.5201     3.2903      67.91      0.419     0.3795     0.2373  1.000e-12  0.2893000    33.8826    33.8787    -0.0039    -0.0002    26.5922    26.5891     37.645     37.774    1476.33    1476.32     6.3520     6.4739    92.5470    94.3200  0.000e+00
      49791     38.500     6.6009     6.6008    3.39422    3.39398          1     3.5195     3.2892      96.95      0.535     0.3865     0.2289  1.000e-12  0.2861000    33.8971    33.8946    -0.0025    -0.0001    26.6037    26.6017     38.140     38.270    1476.35    1476.35     6.3478     6.4595    92.4940    94.1190  0.000e+00
      49808     39.000     6.6041     6.6039    3.39597    3.39562          1     3.5182     3.2873      60.91      0.642     0.3893     0.2212  1.000e-12  0.2893000    33.9131    33.9095    -0.0036    -0.0002    26.6158    26.6130     38.635     38.766    1476.39    1476.39     6.3386     6.4542    92.3760    94.0580  0.000e+00
      49825     39.500     6.6076     6.6072    3.39707    3.39667          1     3.5160     3.2862      51.81      0.700     0.3894     0.1939  1.000e-12  0.3059000    33.9215    33.9175    -0.0041    -0.0004    26.6221    26.6189     39.131     39.262    1476.43    1476.42     6.3222     6.4650    92.1480    94.2270  0.000e+00
      49848     40.000     6.6109     6.6104    3.39825    3.39778          1     3.5100     3.2869      68.14      0.633     0.3939     0.2449  1.000e-12  0.3205000    33.9311    33.9264    -0.0047    -0.0005    26.6291    26.6255     39.626     39.758    1476.46    1476.45     6.3010     6.4729    91.8530    94.3540  0.000e+00
      49888     40.500     6.6125     6.6120    3.39892    3.39823          1     3.5022     3.2865      51.20      0.317     0.3868     0.2030  1.000e-12  0.3157000    33.9366    33.9296    -0.0070    -0.0006    26.6333    26.6279     40.121     40.254    1476.48    1476.47     6.2982     6.4611    91.8190    94.1880  0.000e+00
      49920     41.000     6.6142     6.6139    3.40027    3.39995          1     3.4996     3.2852      49.99      0.313     0.3997     0.1829  1.000e-12  0.3399000    33.9498    33.9464    -0.0033    -0.0002    26.6434    26.6409     40.616     40.750    1476.51    1476.51     6.3074     6.4590    91.9640    94.1720  0.000e+00
      49939     41.500     6.6172     6.6171    3.40144    3.40109          1     3.5010     3.2849      49.68      0.495     0.3883     0.1764  1.000e-12  0.3520000    33.9595    33.9557    -0.0038    -0.0001    26.6507    26.6477     41.112     41.246    1476.55    1476.54     6.3172     6.4627    92.1200    94.2390  0.000e+00
      49958     42.000     6.6230     6.6229    3.40269    3.40240          1     3.5022     3.2852      49.21      0.620     0.3860     0.2323  1.000e-12  0.3517000    33.9673    33.9643    -0.0030    -0.0002    26.6561    26.6538     41.607     41.742    1476.59    1476.58     6.3146     6.4692    92.0980    94.3510  0.000e+00
      49980     42.500     6.6297     6.6295    3.40447    3.40415          1     3.5015     3.2859      48.67      0.606     0.3804     0.2252  1.000e-12  0.3336000    33.9802    33.9769    -0.0033    -0.0002    26.6653    26.6628     42.102     42.238    1476.64    1476.63     6.3018     6.4655    91.9340    94.3190  0.000e+00
      50013     43.000     6.6310     6.6306    3.40542    3.40497          1     3.4991     3.2847      48.19      0.410     0.3743     0.1637  1.000e-12  0.3301000    33.9892    33.9847    -0.0045    -0.0004    26.6723    26.6688     42.598     42.734    1476.66    1476.65     6.2955     6.4482    91.8500    94.0740  0.000e+00
      50042     43.500     6.6311     6.6307    3.40622    3.40589          1     3.4975     3.2833      47.61      0.362     0.3773     0.2381  1.000e-12  0.3512000    33.9977    33.9945    -0.0032    -0.0004    26.6790    26.6765     43.093     43.230    1476.68    1476.67     6.2977     6.4542    91.8880    94.1690  0.000e+00
      50060     44.000     6.6312     6.6311    3.40802    3.40777          1     3.4982     3.2833      47.22      0.496     0.3897     0.1952  1.000e-12  0.3774000    34.0173    34.0146    -0.0027    -0.0002    26.6944    26.6924     43.588     43.726    1476.71    1476.71     6.3032     6.4571    91.9800    94.2250  0.000e+00
      50076     44.500     6.6367     6.6363    3.40939    3.40903          1     3.4982     3.2834      46.88      0.647     0.3883     0.1954  1.000e-12  0.3494000    34.0267    34.0231    -0.0036    -0.0004    26.7011    26.6984     44.083     44.222    1476.76    1476.75     6.3029     6.4561    91.9940    94.2260  0.000e+00
      50091     45.000     6.6458     6.6454    3.41182    3.41160          1     3.4989     3.2834      46.64      0.754     0.3854     0.2183  1.000e-12  0.3310000    34.0443    34.0423    -0.0020    -0.0004    26.7138    26.7123     44.579     44.718    1476.82    1476.82     6.3003     6.4491    91.9850    94.1550  0.000e+00
      50112     45.500     6.6522     6.6521    3.41389    3.41360          1     3.4981     3.2825      45.91      0.709     0.3772     0.2634  1.000e-12  0.3060000    34.0607    34.0576    -0.0031    -0.0001    26.7259    26.7234     45.074     45.215    1476.87    1476.87     6.2901     6.4447    91.8590    94.1160  0.000e+00
      50154     46.000     6.6528     6.6513    3.41418    3.41338          1     3.4975     3.2824      45.11      0.316     0.3832     0.2349  1.000e-12  0.3250000    34.0631    34.0557    -0.0074    -0.0015    26.7277    26.7221     45.569     45.711    1476.89    1476.87     6.3016     6.4538    92.0300    94.2450  0.000e+00
      50193     46.500     6.6565     6.6562    3.41551    3.41510          1     3.5014     3.2834      44.59      0.275     0.3908     0.2234  1.000e-12  0.3534000    34.0738    34.0696    -0.0042    -0.0003    26.7357    26.7324     46.064     46.207    1476.92    1476.92     6.3157     6.4600    92.2510    94.3560  0.000e+00
      50216     47.000     6.6636     6.6638    3.41783    3.41767          1     3.5032     3.2844      44.23      0.448     0.3997     0.1917  1.000e-12  0.3678000    34.0922    34.0903    -0.0019     0.0002    26.7492    26.7476     46.560     46.703    1476.98    1476.98     6.3158     6.4609    92.2790    94.3980  0.000e+00
      50236     47.500     6.6747     6.6743    3.42046    3.42012          1     3.5049     3.2850      43.78      0.552     0.3881     0.1853  1.000e-12  0.3588000    34.1101    34.1067    -0.0033    -0.0005    26.7618    26.7592     47.055     47.199    1477.06    1477.05     6.3138     6.4600    92.2840    94.4180  0.000e+00
      50255     48.000     6.6792     6.6788    3.42173    3.42133          1     3.5053     3.2858      43.31      0.610     0.3667     0.1755  1.000e-12  0.3697000    34.1194    34.1153    -0.0041    -0.0004    26.7685    26.7654     47.550     47.695    1477.09    1477.09     6.3074     6.4523    92.2050    94.3210  0.000e+00
      50275     48.500     6.6804     6.6801    3.42207    3.42168          1     3.5046     3.2847      42.81      0.625     0.3629     0.2040  1.000e-12  0.3816000    34.1217    34.1177    -0.0040    -0.0003    26.7702    26.7671     48.045     48.191    1477.11    1477.11     6.3022     6.4504    92.1330    94.2970  0.000e+00
