ctdpy/tests/etc/exprapp_april_2020/SBE09_1387_20200416_1300_77_10_0349.cnv
* Sea-Bird SBE 9 Data File:
* FileName = L:\2020\sv20d0349.hex
* Software Version Seasave V 7.26.7.121
* Temperature SN = 6378
* Conductivity SN = 4824
* Number of Bytes Per Scan = 41
* Number of Voltage Words = 4
* Number of Scans Averaged by the Deck Unit = 1
* NMEA Latitude = 55 37.10 N
* NMEA Longitude = 014 51.96 E
* NMEA UTC (Time) = Apr 16 2020  13:00:59
* NMEA baud rate = 4800
** Station:  Hanobukten
** Operator:  SSip
** Ship: SVEA
** Average sound velocity: 1446.51 m/s
** True-depth calculation Thu, 16 Apr 2020 14:03:24 +0000
** CTD Python Module SMHI /ver 3-12/ feb 2012 
** LIMS Job: 20207710-0349
** Cruise: SMHI-07-2020
** Latitude [GG MM.mm N] :
** Longitude [GGG MM.mm E]:
# nquan = 30
# nvalues = 148                         
# units = specified
# name 0 = scan: Scan Count
# name 1 = prDM: Pressure, Digiquartz [db]
# name 2 = t090C: Temperature [ITS-90, deg C]
# name 3 = t190C: Temperature, 2 [ITS-90, deg C]
# name 4 = c0S/m: Conductivity [S/m]
# name 5 = c1S/m: Conductivity, 2 [S/m]
# name 6 = pumps: Pump Status
# name 7 = sbeox0V: Oxygen raw, SBE 43 [V]
# name 8 = sbeox1V: Oxygen raw, SBE 43, 2 [V]
# name 9 = altM: Altimeter [m]
# name 10 = dz/dtM: Descent Rate [m/s]
# name 11 = flECO-AFL: Chl-a Fluorescence, WET Labs ECO-AFL/FL [mg/m^3]
# name 12 = flECO-AFL1: Phycocyanin Fluorescence, WET Labs ECO-AFL/FL, 2 [mg/m^3]
# name 13 = par: PAR/Irradiance, Biospherical/Lico [µE/(cm^2*s)]
# name 14 = turbWETntu0: Turbidity, WET Labs ECO [NTU]
# name 15 = sal00: Salinity, Practical [PSU]
# name 16 = sal11: Salinity, Practical, 2 [PSU]
# name 17 = secS-priS: Salinity, Practical, Difference, 2 - 1 [PSU]
# name 18 = T2-T190C: Temperature Difference, 2 - 1 [ITS-90, deg C]
# name 19 = sigma-t00: Density [sigma-t, kg/m^3 ]
# name 20 = sigma-t11: Density, 2 [sigma-t, kg/m^3 ]
# name 21 = depSM: Depth [salt water, m], lat = 55.6183
# name 22 = depFM: Depth [true depth, m], lat = 55.6183
# name 23 = svCM: Sound Velocity [Chen-Millero, m/s]
# name 24 = svCM1: Sound Velocity, 2 [Chen-Millero, m/s]
# name 25 = sbeox0ML/L: Oxygen, SBE 43 [ml/l], WS = 2
# name 26 = sbeox1ML/L: Oxygen, SBE 43, 2 [ml/l], WS = 2
# name 27 = sbeox0PS: Oxygen, SBE 43 [% saturation], WS = 2
# name 28 = sbeox1PS: Oxygen, SBE 43, 2 [% saturation], WS = 2
# name 29 = flag: flag
# span 0 =      43929,      48046       
# span 1 =      1.500,     75.000       
# span 2 =     5.5821,     8.3398       
# span 3 =     5.5819,     8.3398       
# span 4 =   0.901014,   1.810289       
# span 5 =   0.901108,   1.810371       
# span 6 =          1,          1       
# span 7 =     1.3894,     3.7358       
# span 8 =     1.3265,     3.4871       
# span 9 =       1.03,      96.34       
# span 10 =     -0.002,      0.755      
# span 11 =     0.3187,     1.2194      
# span 12 =     0.1474,     0.4006      
# span 13 = 1.0000e-12, 9.2153e+01      
# span 14 =     0.1292,     0.4801      
# span 15 =     8.1510,    16.1605      
# span 16 =     8.1516,    16.1613      
# span 17 =    -0.0127,     0.0910      
# span 18 =    -0.0271,     0.0492      
# span 19 =     6.3877,    12.4832      
# span 20 =     6.3886,    12.4838      
# span 21 =      1.486,     74.306      
# span 22 =      1.518,     75.783      
# span 23 =    1440.09,    1461.78      
# span 24 =    1440.09,    1461.78      
# span 25 =     1.6218,     8.1797      
# span 26 =     1.6842,     8.3314      
# span 27 =     21.910,     99.464      
# span 28 =     22.754,    101.310      
# span 29 = 0.0000e+00, 0.0000e+00      
# interval = decibars: 0.5              
# start_time = Apr 16 2020 13:00:59 [NMEA time, first data scan]
# bad_flag = -9.990e-29
*END*
[from data line 49]
      45264     26.000     5.9413     5.9399    0.90138    0.90143          1     3.6808     3.4378      50.98      0.547     0.9057     0.2908  4.478e-01  0.1936000     8.1510     8.1518     0.0008    -0.0014     6.3994     6.4001     25.763     26.314    1441.15    1441.14     8.0778     8.2234    97.7270    99.4860  0.000e+00
      45301     26.500     5.9393     5.9395    0.90137    0.90147          1     3.6777     3.4353      94.59      0.305     0.8752     0.3168  4.345e-01  0.1923000     8.1512     8.1522     0.0009     0.0002     6.3997     6.4005     26.258     26.820    1441.15    1441.15     8.0793     8.2241    97.7410    99.4930  0.000e+00
      45325     27.000     5.9334     5.9323    0.90124    0.90129          1     3.6762     3.4331      94.87      0.399     0.8453     0.3095  4.380e-01  0.1798000     8.1513     8.1521     0.0007    -0.0011     6.4002     6.4008     26.753     27.326    1441.13    1441.12     8.0737     8.2112    97.6580    99.3200  0.000e+00
      45342     27.500     5.9306     5.9309    0.90119    0.90128          1     3.6749     3.4312      50.70      0.561     0.8519     0.3097  4.027e-01  0.1834000     8.1514     8.1522     0.0008     0.0003     6.4004     6.4010     27.249     27.832    1441.13    1441.13     8.0729     8.2136    97.6420    99.3450  0.000e+00
      45359     28.000     5.9301     5.9302    0.90119    0.90128          1     3.6739     3.4305      40.24      0.678     0.8631     0.3100  3.482e-01  0.1898000     8.1515     8.1523     0.0009     0.0000     6.4004     6.4011     27.744     28.338    1441.13    1441.13     8.0731     8.2180    97.6430    99.3970  0.000e+00
      45382     28.500     5.9306     5.9306    0.90123    0.90131          1     3.6731     3.4295      86.40      0.635     0.8618     0.3232  3.413e-01  0.1851000     8.1517     8.1525     0.0008     0.0000     6.4006     6.4012     28.240     28.844    1441.14    1441.14     8.0743     8.2193    97.6590    99.4140  0.000e+00
      45421     29.000     5.9307     5.9302    0.90126    0.90133          1     3.6717     3.4283      69.06      0.316     0.8437     0.3107  3.630e-01  0.1748000     8.1519     8.1527     0.0008    -0.0005     6.4008     6.4014     28.735     29.350    1441.15    1441.15     8.0703     8.2173    97.6120    99.3880  0.000e+00
      45449     29.500     5.9272     5.9270    0.90119    0.90127          1     3.6710     3.4274      67.31      0.340     0.8276     0.3202  3.443e-01  0.1849000     8.1520     8.1529     0.0009    -0.0002     6.4010     6.4017     29.230     29.856    1441.14    1441.14     8.0733     8.2204    97.6390    99.4180  0.000e+00
      45466     30.000     5.9277     5.9266    0.90122    0.90127          1     3.6710     3.4274      46.61      0.523     0.8130     0.3380  3.156e-01  0.1860000     8.1521     8.1529     0.0008    -0.0011     6.4011     6.4017     29.726     30.362    1441.15    1441.15     8.0717     8.2228    97.6210    99.4460  0.000e+00
      45482     30.500     5.9193     5.9198    0.90101    0.90111          1     3.6702     3.4274      46.12      0.681     0.8040     0.3246  2.809e-01  0.1861000     8.1520     8.1528     0.0008     0.0005     6.4015     6.4021     30.221     30.868    1441.12    1441.13     8.0690     8.2250    97.5690    99.4550  0.000e+00
      45503     31.000     5.9207     5.9204    0.90107    0.90114          1     3.6695     3.4270      65.60      0.685     0.8162     0.2779  2.714e-01  0.1972000     8.1522     8.1529     0.0008    -0.0003     6.4015     6.4021     30.717     31.374    1441.14    1441.14     8.0678     8.2205    97.5570    99.4030  0.000e+00
      45544     31.500     5.9216     5.9217    0.90112    0.90120          1     3.6675     3.4256      76.04      0.301     0.8205     0.2996  2.802e-01  0.1809000     8.1524     8.1531     0.0008     0.0002     6.4016     6.4022     31.212     31.880    1441.15    1441.15     8.0601     8.2076    97.4670    99.2510  0.000e+00
      45574     32.000     5.9188     5.9189    0.90107    0.90114          1     3.6658     3.4234      43.45      0.326     0.7776     0.2866  2.755e-01  0.1678000     8.1525     8.1531     0.0007     0.0001     6.4018     6.4024     31.707     32.386    1441.15    1441.15     8.0604     8.2004    97.4630    99.1560  0.000e+00
      45591     32.500     5.9196     5.9189    0.90111    0.90117          1     3.6657     3.4226      41.59      0.521     0.7767     0.2658  2.589e-01  0.1652000     8.1526     8.1534     0.0008    -0.0007     6.4019     6.4025     32.203     32.892    1441.16    1441.16     8.0637     8.2080    97.5060    99.2480  0.000e+00
      45607     33.000     5.9178     5.9175    0.90111    0.90118          1     3.6655     3.4225      41.68      0.675     0.7802     0.2750  2.349e-01  0.1674000     8.1530     8.1537     0.0007    -0.0002     6.4023     6.4029     32.698     33.398    1441.16    1441.16     8.0618     8.2135    97.4780    99.3120  0.000e+00
      45625     33.500     5.9162     5.9157    0.90110    0.90117          1     3.6647     3.4225      42.00      0.731     0.8017     0.2879  2.064e-01  0.1774000     8.1532     8.1540     0.0008    -0.0005     6.4026     6.4033     33.194     33.904    1441.16    1441.16     8.0584     8.2122    97.4330    99.2920  0.000e+00
      45651     34.000     5.9143     5.9143    0.90111    0.90119          1     3.6639     3.4217      60.14      0.568     0.7562     0.2923  1.927e-01  0.1773000     8.1537     8.1544     0.0008     0.0001     6.4030     6.4036     33.689     34.410    1441.16    1441.16     8.0602     8.2084    97.4500    99.2430  0.000e+00
      45689     34.500     5.9171     5.9167    0.90129    0.90136          1     3.6641     3.4214      40.19      0.306     0.7164     0.2840  2.055e-01  0.1705000     8.1547     8.1555     0.0008    -0.0003     6.4037     6.4044     34.184     34.916    1441.18    1441.18     8.0651     8.2163    97.5170    99.3450  0.000e+00
      45715     35.000     5.9271     5.9267    0.90179    0.90188          1     3.6643     3.4222      41.12      0.375     0.7037     0.3073  1.947e-01  0.1745000     8.1571     8.1581     0.0010    -0.0004     6.4051     6.4058     34.680     35.422    1441.24    1441.24     8.0620     8.2211    97.5060    99.4290  0.000e+00
      45733     35.500     5.9268     5.9264    0.90194    0.90197          1     3.6642     3.4226      41.60      0.533     0.7059     0.3097  1.812e-01  0.1840000     8.1585     8.1590     0.0004    -0.0005     6.4062     6.4065     35.175     35.928    1441.25    1441.24     8.0617     8.2177    97.5020    99.3880  0.000e+00
      45749     36.000     5.9268     5.9264    0.90193    0.90198          1     3.6640     3.4225      41.24      0.668     0.7165     0.3097  1.586e-01  0.1737000     8.1584     8.1589     0.0006    -0.0004     6.4061     6.4065     35.671     36.434    1441.25    1441.25     8.0638     8.2156    97.5280    99.3630  0.000e+00
      45767     36.500     5.9273     5.9281    0.90197    0.90211          1     3.6646     3.4225      40.81      0.730     0.6906     0.3090  1.402e-01  0.1693000     8.1586     8.1598     0.0012     0.0008     6.4062     6.4071     36.166     36.940    1441.26    1441.27     8.0676     8.2174    97.5750    99.3900  0.000e+00
      45795     37.000     5.9327     5.9433    0.90231    0.90280          1     3.6651     3.4232      40.06      0.540     0.6436     0.2495  1.368e-01  0.1694000     8.1605     8.1627     0.0022     0.0106     6.4075     6.4086     36.661     37.446    1441.30    1441.35     8.0670     8.2219    97.5820    99.4830  0.000e+00
      45836     37.500     5.9432     5.9460    0.90274    0.90296          1     3.6653     3.4238      39.41      0.241     0.6130     0.2851  1.392e-01  0.1527000     8.1621     8.1636     0.0015     0.0028     6.4081     6.4091     37.157     37.952    1441.35    1441.37     8.0647     8.2125    97.5810    99.3770  0.000e+00
      45857     38.000     5.9542     5.9518    0.90319    0.90320          1     3.6655     3.4234      39.05      0.406     0.6033     0.3193  1.269e-01  0.1622000     8.1638     8.1645     0.0006    -0.0023     6.4088     6.4095     37.652     38.459    1441.41    1441.40     8.0624     8.2158    97.5800    99.4320  0.000e+00
      45874     38.500     5.9556     5.9551    0.90324    0.90329          1     3.6656     3.4237      38.83      0.586     0.6044     0.2206  1.143e-01  0.1942000     8.1638     8.1645     0.0007    -0.0005     6.4088     6.4093     38.147     38.965    1441.42    1441.42     8.0647     8.2182    97.6120    99.4690  0.000e+00
      45891     39.000     5.9571     5.9570    0.90330    0.90337          1     3.6659     3.4238      38.32      0.700     0.6051     0.2335  9.934e-02  0.1751000     8.1640     8.1647     0.0007    -0.0001     6.4088     6.4094     38.643     39.471    1441.44    1441.44     8.0679     8.2164    97.6550    99.4530  0.000e+00
      45913     39.500     5.9588     5.9599    0.90337    0.90347          1     3.6665     3.4238      55.22      0.653     0.6042     0.2264  9.094e-02  0.1637000     8.1642     8.1649     0.0008     0.0011     6.4089     6.4094     39.138     39.977    1441.45    1441.46     8.0670     8.2142    97.6470    99.4320  0.000e+00
      45945     40.000     5.9645     5.9673    0.90362    0.90381          1     3.6665     3.4236      43.54      0.409     0.6050     0.2468  8.861e-02  0.1608000     8.1652     8.1663     0.0011     0.0028     6.4093     6.4101     39.633     40.483    1441.49    1441.50     8.0602     8.2120    97.5800    99.4260  0.000e+00
      45975     40.500     5.9797     5.9792    0.90444    0.90449          1     3.6640     3.4227      36.42      0.359     0.5793     0.2739  7.930e-02  0.1617000     8.1695     8.1700     0.0006    -0.0004     6.4119     6.4123     40.129     40.989    1441.57    1441.56     8.0250     8.1797    97.1940    99.0650  0.000e+00
      45996     41.000     5.9818     5.9814    0.90492    0.90501          1     3.6582     3.4192      36.37      0.487     0.5683     0.2481  6.689e-02  0.1606000     8.1735     8.1745     0.0010    -0.0004     6.4149     6.4157     40.624     41.495    1441.59    1441.59     7.9799     8.1403    96.6550    98.5970  0.000e+00
      46014     41.500     5.9715     5.9695    0.90505    0.90510          1     3.6491     3.4139      35.78      0.604     0.5505     0.2398  5.175e-02  0.1607000     8.1772     8.1781     0.0009    -0.0019     6.4184     6.4193     41.120     42.001    1441.56    1441.55     7.9248     8.0762    95.9650    97.7940  0.000e+00
      46035     42.000     5.9486     5.9462    0.90478    0.90483          1     3.6337     3.4019      35.11      0.630     0.5310     0.2944  4.732e-02  0.1682000     8.1800     8.1811     0.0010    -0.0025     6.4219     6.4229     41.615     42.507    1441.47    1441.46     7.8617     7.9953    95.1490    96.7610  0.000e+00
      46062     42.500     5.8399     5.8136    0.90516    0.90564          1     3.6111     3.3827      34.40      0.497     0.4962     0.2604  4.175e-02  0.1619000     8.2100     8.2211     0.0111    -0.0264     6.4515     6.4617     42.110     43.013    1441.05    1440.95     7.8240     7.9424    94.4550    95.8280  0.000e+00
      46092     43.000     5.7162     5.7106    0.90677    0.90693          1     3.5898     3.3613      33.81      0.383     0.4495     0.2793  3.476e-02  0.1472000     8.2558     8.2588     0.0030    -0.0055     6.4942     6.4969     42.606     43.519    1440.58    1440.56     7.8075     7.9057    93.9940    95.1640  0.000e+00
      46114     43.500     5.6127     5.6098    0.90805    0.90820          1     3.5759     3.3469      33.36      0.464     0.4185     0.1753  2.905e-02  0.1342000     8.2938     8.2960     0.0022    -0.0029     6.5295     6.5314     43.101     44.025    1440.19    1440.18     7.7958     7.8992    93.6330    94.8700  0.000e+00
      46133     44.000     5.5821     5.5819    0.90904    0.90922          1     3.5649     3.3359      32.93      0.575     0.4071     0.2219  2.157e-02  0.1292000     8.3110     8.3128     0.0018    -0.0002     6.5447     6.5461     43.596     44.531    1440.09    1440.09     7.7776     7.8860    93.3540    94.6550  0.000e+00
      46154     44.500     5.5973     5.5988    0.91152    0.91184          1     3.5536     3.3250      32.40      0.619     0.3983     0.2361  1.398e-02  0.1305000     8.3316     8.3344     0.0028     0.0015     6.5601     6.5622     44.092     45.037    1440.19    1440.20     7.7463     7.8547    93.0270    94.3330  0.000e+00
      46180     45.000     5.6137     5.6152    0.91416    0.91447          1     3.5385     3.3107      31.76      0.521     0.3876     0.2219  8.014e-03  0.1392000     8.3533     8.3560     0.0027     0.0016     6.5765     6.5785     44.587     45.543    1440.29    1440.31     7.6740     7.7813    92.2080    93.5040  0.000e+00
      46214     45.500     5.6226     5.6238    0.91714    0.91769          1     3.5056     3.2832      31.15      0.356     0.3838     0.2895  3.455e-03  0.1396000     8.3804     8.3856     0.0051     0.0012     6.5974     6.6014     45.082     46.048    1440.38    1440.39     7.4823     7.5706    89.9420    91.0090  0.000e+00
      46237     46.000     5.6235     5.6230    0.92160    0.92220          1     3.4686     3.2526      30.78      0.417     0.4005     0.2308  1.337e-03  0.1370000     8.4240     8.4300     0.0060    -0.0005     6.6317     6.6365     45.578     46.554    1440.44    1440.45     7.3399     7.4130    88.2580    89.1380  0.000e+00
      46254     46.500     5.6365     5.6374    0.92824    0.92869          1     3.4406     3.2292      30.49      0.562     0.4074     0.2157  2.645e-05  0.1410000     8.4860     8.4902     0.0042     0.0010     6.6800     6.6833     46.073     47.060    1440.59    1440.59     7.2924     7.3397    87.7510    88.3240  0.000e+00
      46270     47.000     5.6614     5.6617    0.93552    0.93582          1     3.4220     3.2082      29.91      0.693     0.4075     0.2359  1.033e-12  0.1411000     8.5513     8.5542     0.0029     0.0002     6.7302     6.7325     46.569     47.566    1440.78    1440.79     7.2891     7.2726    87.8040    87.6080  0.000e+00
      46291     47.500     5.6742     5.6762    0.94047    0.94130          1     3.4037     3.1804      29.29      0.694     0.3810     0.2573  1.000e-12  0.1461000     8.5967     8.6044     0.0077     0.0020     6.7654     6.7714     47.064     48.072    1440.90    1440.92     7.2037     7.1569    86.8290    86.2730  0.000e+00
      46331     48.000     5.6868     5.7165    0.94269    0.94970          1     3.3209     3.1073      28.51      0.313     0.3746     0.2395  1.000e-12  0.1397000     8.6152     8.6766     0.0614     0.0296     6.7793     6.8262     47.559     48.578    1440.99    1441.19     6.6682     6.6373    80.4090    80.1270  0.000e+00
      46363     48.500     5.7733     5.7780    0.96707    0.96925          1     3.1877     3.0021      28.15      0.315     0.3920     0.1909  1.000e-12  0.1442000     8.8327     8.8529     0.0202     0.0047     6.9462     6.9619     48.055     49.084    1441.65    1441.69     6.0172     5.9078    72.8210    71.5150  0.000e+00
      46380     49.000     5.8280     5.8339    0.98366    0.98620          1     3.0970     2.9248      27.86      0.509     0.3871     0.1929  1.000e-12  0.1525000     8.9814     9.0048     0.0234     0.0059     7.0605     7.0786     48.550     49.589    1442.07    1442.13     5.7804     5.6330    70.1200    68.3520  0.000e+00
