ctdpy/tests/etc/exprapp_april_2020/SBE09_1387_20200419_0604_77_10_0359.cnv
* Sea-Bird SBE 9 Data File:
* FileName = L:\2020\sv20d0359.hex
* Software Version Seasave V 7.26.7.121
* Temperature SN = 6378
* Conductivity SN = 4824
* Number of Bytes Per Scan = 41
* Number of Voltage Words = 4
* Number of Scans Averaged by the Deck Unit = 1
* NMEA Latitude = 56 06.92 N
* NMEA Longitude = 016 32.09 E
* NMEA UTC (Time) = Apr 19 2020  06:04:23
* NMEA baud rate = 4800
** Station:  BY39
** Operator:  JKro
** Ship: SVEA
** Average sound velocity: 1438.22 m/s
** True-depth calculation Sun, 19 Apr 2020 06:47:04 +0000
** CTD Python Module SMHI /ver 3-12/ feb 2012 
** LIMS Job: 20207710-0359
** Cruise: SMHI-07-2020
** Latitude [GG MM.mm N] :
** Longitude [GGG MM.mm E]:
# nquan = 30
# nvalues = 94                          
# units = specified
# name 0 = scan: Scan Count
# name 1 = prDM: Pressure, Digiquartz [db]
# name 2 = t090C: Temperature [ITS-90, deg C]
# name 3 = t190C: Temperature, 2 [ITS-90, deg C]
# name 4 = c0S/m: Conductivity [S/m]
# name 5 = c1S/m: Conductivity, 2 [S/m]
# name 6 = pumps: Pump Status
# name 7 = sbeox0V: Oxygen raw, SBE 43 [V]
# name 8 = sbeox1V: Oxygen raw, SBE 43, 2 [V]
# name 9 = altM: Altimeter [m]
# name 10 = dz/dtM: Descent Rate [m/s]
# name 11 = flECO-AFL: Chl-a Fluorescence, WET Labs ECO-AFL/FL [mg/m^3]
# name 12 = flECO-AFL1: Phycocyanin Fluorescence, WET Labs ECO-AFL/FL, 2 [mg/m^3]
# name 13 = par: PAR/Irradiance, Biospherical/Lico [µE/(cm^2*s)]
# name 14 = turbWETntu0: Turbidity, WET Labs ECO [NTU]
# name 15 = sal00: Salinity, Practical [PSU]
# name 16 = sal11: Salinity, Practical, 2 [PSU]
# name 17 = secS-priS: Salinity, Practical, Difference, 2 - 1 [PSU]
# name 18 = T2-T190C: Temperature Difference, 2 - 1 [ITS-90, deg C]
# name 19 = sigma-t00: Density [sigma-t, kg/m^3 ]
# name 20 = sigma-t11: Density, 2 [sigma-t, kg/m^3 ]
# name 21 = depSM: Depth [salt water, m], lat = 56.1153
# name 22 = depFM: Depth [true depth, m], lat = 56.1153
# name 23 = svCM: Sound Velocity [Chen-Millero, m/s]
# name 24 = svCM1: Sound Velocity, 2 [Chen-Millero, m/s]
# name 25 = sbeox0ML/L: Oxygen, SBE 43 [ml/l], WS = 2
# name 26 = sbeox1ML/L: Oxygen, SBE 43, 2 [ml/l], WS = 2
# name 27 = sbeox0PS: Oxygen, SBE 43 [% saturation], WS = 2
# name 28 = sbeox1PS: Oxygen, SBE 43, 2 [% saturation], WS = 2
# name 29 = flag: flag
# span 0 =      33172,      39062       
# span 1 =      1.500,     49.000       
# span 2 =     5.3190,     5.5220       
# span 3 =     5.3200,     5.5220       
# span 4 =   0.814336,   0.824952       
# span 5 =   0.814505,   0.825118       
# span 6 =          1,          1       
# span 7 =     3.6144,     3.8633       
# span 8 =     3.3763,     3.6039       
# span 9 =      -0.00,      49.64       
# span 10 =     -0.084,      0.489      
# span 11 =     0.4820,     3.5667      
# span 12 =     0.1878,     0.7594      
# span 13 = -1.806e-05, 7.8898e+02      
# span 14 =     0.1442,     0.3696      
# span 15 =     7.4039,     7.5106      
# span 16 =     7.4054,     7.5122      
# span 17 =    -0.0008,     0.0056      
# span 18 =    -0.0170,     0.0178      
# span 19 =     5.8314,     5.9181      
# span 20 =     5.8326,     5.9193      
# span 21 =      1.486,     48.548      
# span 22 =      1.519,     49.617      
# span 23 =    1431.92,    1444.24      
# span 24 =    1431.93,    1444.24      
# span 25 =     8.0888,     8.7161      
# span 26 =     8.2395,     8.8718      
# span 27 =     96.278,    103.816      
# span 28 =     98.071,    105.690      
# span 29 = 0.0000e+00, 0.0000e+00      
# interval = decibars: 0.5              
# start_time = Apr 19 2020 06:04:24 [NMEA time, first data scan]
# bad_flag = -9.990e-29
*END*
[from data line 49]
      34883     26.000     5.3823     5.3806    0.81469    0.81489          1     3.7294     3.4886      24.44      0.451     1.9663     0.4721  5.629e-01  0.2456000     7.4334     7.4358     0.0023    -0.0017     5.8610     5.8629     25.762     26.328    1437.82    1437.82     8.2823     8.3915    98.3390    99.6330  0.000e+00
      34909     26.500     5.3805     5.3791    0.81482    0.81499          1     3.7077     3.4686      23.85      0.469     1.9139     0.5267  4.993e-01  0.2301000     7.4350     7.4370     0.0020    -0.0014     5.8623     5.8639     26.257     26.835    1437.83    1437.82     8.2049     8.3016    97.4170    98.5630  0.000e+00
      34937     27.000     5.3396     5.3227    0.81497    0.81515          1     3.6853     3.4466      23.51      0.438     1.5041     0.5023  4.372e-01  0.1981000     7.4454     7.4510     0.0056    -0.0170     5.8724     5.8776     26.752     27.341    1437.67    1437.60     8.1756     8.2774    96.9760    98.1450  0.000e+00
      34966     27.500     5.3190     5.3200    0.81599    0.81623          1     3.6689     3.4301      22.99      0.417     1.3145     0.3979  3.808e-01  0.2016000     7.4601     7.4621     0.0021     0.0011     5.8849     5.8865     27.248     27.847    1437.61    1437.61     8.1708     8.2823    96.8770    98.2040  0.000e+00
      34996     28.000     5.3680     5.3719    0.81805    0.81839          1     3.6586     3.4191      22.47      0.411     1.4843     0.4116  3.369e-01  0.2075000     7.4693     7.4717     0.0024     0.0039     5.8900     5.8917     27.743     28.353    1437.84    1437.86     8.1592     8.2875    96.8660    98.4000  0.000e+00
      35024     28.500     5.3979     5.3993    0.81922    0.81944          1     3.6526     3.4131      21.98      0.414     1.4486     0.4055  3.003e-01  0.1946000     7.4740     7.4758     0.0018     0.0014     5.8924     5.8937     28.238     28.860    1437.98    1437.99     8.1544     8.2964    96.8850    98.5770  0.000e+00
      35052     29.000     5.4094     5.4096    0.81963    0.81981          1     3.6497     3.4100      21.48      0.433     1.2314     0.3673  2.644e-01  0.1891000     7.4753     7.4772     0.0018     0.0002     5.8929     5.8943     28.734     29.366    1438.04    1438.05     8.1540     8.3040    96.9080    98.6940  0.000e+00
      35079     29.500     5.4308     5.4332    0.82039    0.82065          1     3.6474     3.4081      20.97      0.442     1.0210     0.3312  2.294e-01  0.1910000     7.4780     7.4800     0.0020     0.0025     5.8940     5.8955     29.229     29.872    1438.15    1438.16     8.1449     8.2976    96.8550    98.6780  0.000e+00
      35108     30.000     5.4449     5.4449    0.82088    0.82104          1     3.6453     3.4066      20.47      0.422     0.7672     0.3047  2.048e-01  0.1770000     7.4796     7.4812     0.0016    -0.0000     5.8946     5.8959     29.725     30.379    1438.22    1438.22     8.1387     8.3011    96.8160    98.7490  0.000e+00
      35136     30.500     5.4503     5.4514    0.82107    0.82128          1     3.6440     3.4060      19.96      0.423     0.6100     0.3056  1.837e-01  0.1808000     7.4802     7.4820     0.0018     0.0011     5.8949     5.8962     30.220     30.885    1438.25    1438.26     8.1413     8.2950    96.8610    98.6940  0.000e+00
      35166     31.000     5.4563     5.4561    0.82127    0.82143          1     3.6440     3.4047      19.47      0.413     0.5468     0.2622  1.620e-01  0.1572000     7.4807     7.4824     0.0016    -0.0002     5.8950     5.8963     30.715     31.391    1438.28    1438.28     8.1443     8.2922    96.9110    98.6710  0.000e+00
      35194     31.500     5.4593     5.4585    0.82136    0.82150          1     3.6441     3.4042      18.94      0.414     0.5411     0.2765  1.402e-01  0.1532000     7.4809     7.4825     0.0015    -0.0007     5.8950     5.8963     31.211     31.897    1438.31    1438.30     8.1414     8.2956    96.8840    98.7180  0.000e+00
      35219     32.000     5.4603     5.4618    0.82139    0.82161          1     3.6437     3.4036      18.45      0.461     0.5232     0.2435  1.293e-01  0.1449000     7.4809     7.4827     0.0018     0.0015     5.8950     5.8963     31.706     32.404    1438.32    1438.33     8.1394     8.2903    96.8630    98.6630  0.000e+00
      35246     32.500     5.4623     5.4624    0.82145    0.82162          1     3.6428     3.4033      17.89      0.465     0.5366     0.2274  1.156e-01  0.1626000     7.4810     7.4826     0.0016     0.0001     5.8950     5.8962     32.201     32.910    1438.34    1438.34     8.1370     8.2964    96.8390    98.7370  0.000e+00
      35277     33.000     5.4646     5.4645    0.82152    0.82169          1     3.6426     3.4031      17.30      0.389     0.5077     0.2417  1.033e-01  0.1533000     7.4811     7.4828     0.0016    -0.0001     5.8949     5.8962     32.697     33.416    1438.35    1438.36     8.1396     8.2934    96.8750    98.7060  0.000e+00
      35305     33.500     5.4650     5.4645    0.82154    0.82169          1     3.6428     3.4028      16.80      0.401     0.5020     0.1878  9.456e-02  0.1471000     7.4811     7.4827     0.0015    -0.0005     5.8949     5.8962     33.192     33.923    1438.36    1438.36     8.1390     8.2916    96.8690    98.6860  0.000e+00
      35329     34.000     5.4646     5.4642    0.82152    0.82168          1     3.6419     3.4022      16.27      0.479     0.5155     0.2527  8.154e-02  0.1503000     7.4810     7.4826     0.0016    -0.0004     5.8948     5.8961     33.687     34.429    1438.37    1438.37     8.1330     8.2880    96.7970    98.6420  0.000e+00
      35357     34.500     5.4639     5.4642    0.82150    0.82167          1     3.6412     3.4018      15.75      0.467     0.5176     0.2603  5.967e-02  0.1522000     7.4808     7.4825     0.0017     0.0003     5.8947     5.8960     34.183     34.935    1438.37    1438.38     8.1355     8.2927    96.8250    98.6980  0.000e+00
      35388     35.000     5.4644     5.4640    0.82152    0.82167          1     3.6411     3.4018      15.23      0.389     0.5187     0.2295  5.156e-02  0.1442000     7.4809     7.4825     0.0016    -0.0004     5.8948     5.8960     34.678     35.441    1438.38    1438.38     8.1374     8.2942    96.8490    98.7150  0.000e+00
      35415     35.500     5.4647     5.4642    0.82153    0.82168          1     3.6411     3.4018      14.11      0.412     0.5190     0.2285  4.326e-02  0.1481000     7.4809     7.4824     0.0016    -0.0004     5.8947     5.8960     35.174     35.948    1438.39    1438.39     8.1382     8.2898    96.8590    98.6630  0.000e+00
      35440     36.000     5.4647     5.4640    0.82153    0.82167          1     3.6412     3.4008      13.94      0.463     0.5072     0.2490  3.141e-02  0.1487000     7.4808     7.4824     0.0015    -0.0007     5.8947     5.8959     35.669     36.454    1438.40    1438.40     8.1399     8.2852    96.8790    98.6070  0.000e+00
      35466     36.500     5.4653     5.4650    0.82155    0.82171          1     3.6412     3.4006      13.68      0.483     0.5271     0.2423  2.229e-02  0.1639000     7.4808     7.4824     0.0017    -0.0003     5.8946     5.8959     36.164     36.960    1438.41    1438.41     8.1381     8.2868    96.8590    98.6290  0.000e+00
      35495     37.000     5.4654     5.4651    0.82156    0.82172          1     3.6406     3.3995      13.09      0.436     0.5163     0.2546  1.024e-02  0.1482000     7.4808     7.4824     0.0016    -0.0003     5.8946     5.8959     36.660     37.467    1438.42    1438.42     8.1349     8.2833    96.8220    98.5880  0.000e+00
      35524     37.500     5.4650     5.4648    0.82155    0.82171          1     3.6402     3.3994      12.30      0.397     0.5496     0.2235  3.713e-03  0.1651000     7.4807     7.4823     0.0016    -0.0001     5.8946     5.8959     37.155     37.973    1438.43    1438.43     8.1331     8.2894    96.7990    98.6600  0.000e+00
      35552     38.000     5.4651     5.4648    0.82156    0.82172          1     3.6391     3.3994      12.06      0.424     0.5371     0.2151 -1.806e-05  0.1696000     7.4807     7.4823     0.0016    -0.0003     5.8946     5.8959     37.650     38.479    1438.43    1438.43     8.1316     8.2906    96.7810    98.6750  0.000e+00
      35577     38.500     5.4644     5.4638    0.82154    0.82169          1     3.6388     3.3995      11.62      0.459     0.5047     0.2514 -3.134e-07  0.1510000     7.4806     7.4822     0.0016    -0.0005     5.8945     5.8958     38.146     38.985    1438.44    1438.44     8.1351     8.2926    96.8220    98.6960  0.000e+00
      35603     39.000     5.4636     5.4637    0.82153    0.82170          1     3.6391     3.3997      11.09      0.473     0.5014     0.2511  1.000e-12  0.1476000     7.4806     7.4823     0.0017     0.0001     5.8946     5.8959     38.641     39.492    1438.44    1438.44     8.1360     8.2913    96.8300    98.6800  0.000e+00
      35631     39.500     5.4632     5.4633    0.82152    0.82169          1     3.6387     3.3994      10.56      0.446     0.5313     0.2489  1.000e-12  0.1486000     7.4806     7.4822     0.0016     0.0001     5.8946     5.8959     39.136     39.998    1438.45    1438.45     8.1348     8.2910    96.8150    98.6750  0.000e+00
      35660     40.000     5.4640     5.4638    0.82156    0.82172          1     3.6389     3.3994      10.06      0.407     0.5110     0.2610  1.000e-12  0.1942000     7.4807     7.4823     0.0016    -0.0001     5.8946     5.8959     39.632     40.504    1438.46    1438.46     8.1390     8.2948    96.8660    98.7220  0.000e+00
      35687     40.500     5.4640     5.4638    0.82156    0.82171          1     3.6392     3.3998       9.57      0.432     0.5065     0.2201  1.000e-12  0.1611000     7.4807     7.4822     0.0015    -0.0002     5.8946     5.8958     40.127     41.011    1438.47    1438.47     8.1377     8.2941    96.8510    98.7130  0.000e+00
      35713     41.000     5.4642     5.4640    0.82157    0.82174          1     3.6386     3.3994       8.69      0.467     0.5068     0.2233  1.000e-12  0.1602000     7.4807     7.4823     0.0016    -0.0002     5.8946     5.8959     40.622     41.517    1438.48    1438.48     8.1304     8.2913    96.7650    98.6800  0.000e+00
      35741     41.500     5.4644     5.4642    0.82160    0.82175          1     3.6371     3.3993       8.31      0.438     0.5065     0.2339  1.000e-12  0.1530000     7.4808     7.4823     0.0015    -0.0001     5.8947     5.8959     41.118     42.023    1438.49    1438.49     8.1263     8.2909    96.7160    98.6760  0.000e+00
      35773     42.000     5.4644     5.4645    0.82160    0.82177          1     3.6363     3.3987       7.92      0.391     0.5077     0.2561  1.000e-12  0.1549000     7.4807     7.4824     0.0016     0.0001     5.8946     5.8959     41.613     42.529    1438.49    1438.50     8.1318     8.2862    96.7820    98.6210  0.000e+00
      35815     42.500     5.4655     5.4656    0.82165    0.82182          1     3.6368     3.3981       7.35      0.290     0.5024     0.2175  1.000e-12  0.1589000     7.4809     7.4825     0.0016     0.0000     5.8947     5.8960     42.109     43.036    1438.51    1438.51     8.1328     8.2898    96.7970    98.6660  0.000e+00
      35867     43.000     5.4654     5.4652    0.82165    0.82180          1     3.6365     3.3982       6.73      0.234     0.5064     0.2448  1.000e-12  0.1535000     7.4809     7.4824     0.0015    -0.0002     5.8947     5.8959     42.604     43.542    1438.52    1438.52     8.1338     8.2906    96.8080    98.6750  0.000e+00
      35932     43.500     5.4655     5.4660    0.82166    0.82183          1     3.6368     3.3973       6.20      0.172     0.5083     0.2241  1.000e-12  0.1481000     7.4809     7.4825     0.0016     0.0005     5.8947     5.8959     43.099     44.048    1438.52    1438.53     8.1332     8.2844    96.8020    98.6030  0.000e+00
      36270     44.500     5.4879     5.4882    0.82495    0.82512          1     3.6495     3.4104       5.30      0.128     0.4913     0.2177  1.004e-12  0.1727000     7.5106     7.5122     0.0016     0.0003     5.9181     5.9193     44.090     45.061    1444.24    1444.24     8.1612     8.3200    97.1370    99.0280  0.000e+00
      36259     45.000     5.4667     5.4665    0.82172    0.82188          1     3.6347     3.3969       4.65      0.150     0.4997     0.2275  1.000e-12  0.1454000     7.4810     7.4826     0.0016    -0.0002     5.8948     5.8960     44.585     45.567    1438.55    1438.55     8.1241     8.2919    96.6960    98.6940  0.000e+00
      36341     45.500     5.4667     5.4665    0.82172    0.82188          1     3.6340     3.3958       4.15      0.144     0.5090     0.2092  1.000e-12  0.1576000     7.4810     7.4826     0.0016    -0.0002     5.8947     5.8960     45.081     46.073    1438.56    1438.56     8.1287     8.2844    96.7510    98.6040  0.000e+00
      36407     46.000     5.4666     5.4664    0.82171    0.82188          1     3.6344     3.3952       3.63      0.226     0.5411     0.2313  1.000e-12  0.2083000     7.4808     7.4825     0.0017    -0.0001     5.8946     5.8959     45.576     46.580    1438.57    1438.58     8.1343     8.2771    96.8170    98.5180  0.000e+00
      36498     46.500     5.4666     5.4665    0.82173    0.82189          1     3.6342     3.3946       3.14      0.163     0.5106     0.2468  1.000e-12  0.1483000     7.4809     7.4825     0.0016    -0.0001     5.8947     5.8959     46.071     47.086    1438.58    1438.58     8.1291     8.2813    96.7550    98.5680  0.000e+00
      36558     47.000     5.4667     5.4665    0.82174    0.82190          1     3.6334     3.3936       2.65      0.228     0.5036     0.2107  1.000e-12  0.1452000     7.4810     7.4826     0.0016    -0.0002     5.8947     5.8960     46.567     47.592    1438.58    1438.58     8.1263     8.2767    96.7220    98.5130  0.000e+00
      36659     47.500     5.4666     5.4665    0.82175    0.82191          1     3.6334     3.3952       2.04      0.141     0.5036     0.2748  1.000e-12  0.1823000     7.4810     7.4826     0.0016    -0.0001     5.8948     5.8960     47.062     48.099    1438.59    1438.59     8.1274     8.2890    96.7350    98.6600  0.000e+00
      36750     48.500     5.4417     5.4415    0.81799    0.81815          1     3.6144     3.3763       0.76      0.097     0.4931     0.2353  9.953e-13  0.1600000     7.4465     7.4481     0.0016    -0.0002     5.8676     5.8688     48.052     49.111    1431.92    1431.93     8.0888     8.2395    96.2780    98.0710  0.000e+00
      39062     49.000     5.4669     5.4669    0.82180    0.82197          1     3.6289     3.3923      -0.00     -0.084     0.4820     0.2249  1.000e-12  0.1512000     7.4813     7.4829     0.0016     0.0000     5.8949     5.8962     48.548     49.617    1438.62    1438.62     8.1209     8.2848    96.6590    98.6110  0.000e+00
