ctdpy/tests/etc/exprapp_april_2020/SBE09_1387_20200416_0639_77_10_0348.cnv
* Sea-Bird SBE 9 Data File:
* FileName = L:\2020\sv20d0348.hex
* Software Version Seasave V 7.26.7.121
* Temperature SN = 6378
* Conductivity SN = 4824
* Number of Bytes Per Scan = 41
* Number of Voltage Words = 4
* Number of Scans Averaged by the Deck Unit = 1
* NMEA Latitude = 54 58.30 N
* NMEA Longitude = 014 05.87 E
* NMEA UTC (Time) = Apr 16 2020  06:39:21
* NMEA baud rate = 4800
** Station:  BY2
** Operator:  SSip
** Ship: SVEA
** Average sound velocity: 1443.00 m/s
** True-depth calculation Thu, 16 Apr 2020 11:59:44 +0000
** CTD Python Module SMHI /ver 3-12/ feb 2012 
** LIMS Job: 20207710-0348
** Cruise: SMHI-07-2020
** Latitude [GG MM.mm N] :
** Longitude [GGG MM.mm E]:
# nquan = 30
# nvalues = 85                          
# units = specified
# name 0 = scan: Scan Count
# name 1 = prDM: Pressure, Digiquartz [db]
# name 2 = t090C: Temperature [ITS-90, deg C]
# name 3 = t190C: Temperature, 2 [ITS-90, deg C]
# name 4 = c0S/m: Conductivity [S/m]
# name 5 = c1S/m: Conductivity, 2 [S/m]
# name 6 = pumps: Pump Status
# name 7 = sbeox0V: Oxygen raw, SBE 43 [V]
# name 8 = sbeox1V: Oxygen raw, SBE 43, 2 [V]
# name 9 = altM: Altimeter [m]
# name 10 = dz/dtM: Descent Rate [m/s]
# name 11 = flECO-AFL: Chl-a Fluorescence, WET Labs ECO-AFL/FL [mg/m^3]
# name 12 = flECO-AFL1: Phycocyanin Fluorescence, WET Labs ECO-AFL/FL, 2 [mg/m^3]
# name 13 = par: PAR/Irradiance, Biospherical/Lico [µE/(cm^2*s)]
# name 14 = turbWETntu0: Turbidity, WET Labs ECO [NTU]
# name 15 = sal00: Salinity, Practical [PSU]
# name 16 = sal11: Salinity, Practical, 2 [PSU]
# name 17 = secS-priS: Salinity, Practical, Difference, 2 - 1 [PSU]
# name 18 = T2-T190C: Temperature Difference, 2 - 1 [ITS-90, deg C]
# name 19 = sigma-t00: Density [sigma-t, kg/m^3 ]
# name 20 = sigma-t11: Density, 2 [sigma-t, kg/m^3 ]
# name 21 = depSM: Depth [salt water, m], lat = 54.9717
# name 22 = depFM: Depth [true depth, m], lat = 54.9717
# name 23 = svCM: Sound Velocity [Chen-Millero, m/s]
# name 24 = svCM1: Sound Velocity, 2 [Chen-Millero, m/s]
# name 25 = sbeox0ML/L: Oxygen, SBE 43 [ml/l], WS = 2
# name 26 = sbeox1ML/L: Oxygen, SBE 43, 2 [ml/l], WS = 2
# name 27 = sbeox0PS: Oxygen, SBE 43 [% saturation], WS = 2
# name 28 = sbeox1PS: Oxygen, SBE 43, 2 [% saturation], WS = 2
# name 29 = flag: flag
# span 0 =      72895,      75790       
# span 1 =      0.500,     42.500       
# span 2 =     5.6573,     6.3055       
# span 3 =     5.6569,     6.3053       
# span 4 =   0.956324,   1.201861       
# span 5 =   0.956281,   1.223270       
# span 6 =          1,          1       
# span 7 =     2.9379,     3.6361       
# span 8 =     2.7608,     3.3957       
# span 9 =       1.27,      69.61       
# span 10 =     -0.259,      0.678      
# span 11 =     0.3282,     1.4126      
# span 12 =     0.1856,     0.5624      
# span 13 = 8.4148e-02, 1.1638e+03      
# span 14 =     0.1472,     0.9670      
# span 15 =     8.6102,    11.1746      
# span 16 =     8.6104,    11.3908      
# span 17 =    -0.0014,     0.2162      
# span 18 =    -0.1099,     0.0088      
# span 19 =     6.7431,     8.7936      
# span 20 =     6.7432,     8.9642      
# span 21 =      0.495,     42.113      
# span 22 =      0.506,     42.993      
# span 23 =    1441.25,    1444.43      
# span 24 =    1441.29,    1444.69      
# span 25 =     5.9809,     7.8688      
# span 26 =     6.1890,     8.0178      
# span 27 =     73.482,     96.354      
# span 28 =     75.750,     98.196      
# span 29 = 0.0000e+00, 0.0000e+00      
# interval = decibars: 0.5              
# start_time = Apr 16 2020 06:39:22 [NMEA time, first data scan]
# bad_flag = -9.990e-29
*END*
[from data line 49]
      74327     25.000     6.3006     6.3005    0.96117    0.96121          1     3.6350     3.3947      19.54      0.457     1.2982     0.3617  2.579e+00  0.2304000     8.6427     8.6432     0.0004    -0.0000     6.7659     6.7662     24.773     25.293    1443.28    1443.28     7.8679     8.0132    96.3530    98.1330  0.000e+00
      74350     25.500     6.2998     6.2992    0.96119    0.96127          1     3.6355     3.3949      17.33      0.510     1.3139     0.2936  2.388e+00  0.2285000     8.6431     8.6439     0.0009    -0.0006     6.7662     6.7669     25.269     25.799    1443.29    1443.29     7.8661     8.0162    96.3280    98.1660  0.000e+00
      74376     26.000     6.2978     6.2985    0.96127    0.96131          1     3.6346     3.3948      16.92      0.490     1.3135     0.3119  2.246e+00  0.2261000     8.6442     8.6445     0.0003     0.0007     6.7672     6.7674     25.764     26.304    1443.29    1443.29     7.8622     8.0100    96.2770    98.0890  0.000e+00
      74414     26.500     6.2950     6.2935    0.96134    0.96144          1     3.6340     3.3940      15.64      0.336     1.3172     0.3449  2.105e+00  0.2263000     8.6456     8.6469     0.0013    -0.0014     6.7685     6.7696     26.260     26.810    1443.29    1443.28     7.8631     8.0023    96.2820    97.9840  0.000e+00
      74447     27.000     6.2908     6.2902    0.96145    0.96153          1     3.6337     3.3920      16.32      0.325     1.3413     0.3088  1.893e+00  0.2235000     8.6477     8.6485     0.0009    -0.0006     6.7703     6.7711     26.755     27.316    1443.28    1443.28     7.8661     7.9979    96.3110    97.9230  0.000e+00
      74469     27.500     6.2906     6.2908    0.96147    0.96152          1     3.6340     3.3914      17.18      0.461     1.3359     0.3309  1.678e+00  0.2235000     8.6478     8.6483     0.0005     0.0002     6.7705     6.7708     27.250     27.822    1443.29    1443.29     7.8688     8.0014    96.3430    97.9680  0.000e+00
      74492     28.000     6.2903     6.2904    0.96147    0.96153          1     3.6341     3.3911      16.67      0.544     1.3276     0.3314  1.492e+00  0.2292000     8.6479     8.6484     0.0005     0.0001     6.7705     6.7709     27.746     28.328    1443.29    1443.29     7.8661     8.0040    96.3090    97.9990  0.000e+00
      74521     28.500     6.2920     6.2926    0.96144    0.96150          1     3.6329     3.3910      16.04      0.461     1.3346     0.3624  1.361e+00  0.2266000     8.6470     8.6474     0.0004     0.0006     6.7698     6.7700     28.241     28.834    1443.31    1443.31     7.8563     8.0033    96.1930    97.9940  0.000e+00
      74554     29.000     6.2913     6.2901    0.96148    0.96161          1     3.6311     3.3900      15.49      0.348     1.3657     0.3479  1.239e+00  0.2308000     8.6475     8.6490     0.0015    -0.0012     6.7702     6.7715     28.737     29.339    1443.31    1443.31     7.8537     7.9912    96.1600    97.8410  0.000e+00
      74580     29.500     6.2881     6.2875    0.96175    0.96183          1     3.6297     3.3884      15.01      0.421     1.3736     0.3128  1.126e+00  0.2278000     8.6509     8.6518     0.0009    -0.0006     6.7730     6.7738     29.232     29.845    1443.31    1443.31     7.8509     7.9869    96.1200    97.7840  0.000e+00
      74604     30.000     6.2824     6.2836    0.96182    0.96186          1     3.6288     3.3871      14.52      0.490     1.3753     0.3705  1.022e+00  0.2330000     8.6529     8.6530     0.0001     0.0012     6.7750     6.7750     29.727     30.351    1443.30    1443.30     7.8503     7.9835    96.1000    97.7340  0.000e+00
      74629     30.500     6.2773     6.2756    0.96191    0.96201          1     3.6275     3.3860      13.93      0.488     1.3613     0.3402  9.168e-01  0.2226000     8.6550     8.6564     0.0014    -0.0018     6.7770     6.7782     30.223     30.857    1443.29    1443.28     7.8482     7.9927    96.0630    97.8290  0.000e+00
      74660     31.000     6.2733     6.2745    0.96198    0.96202          1     3.6263     3.3860      13.36      0.422     1.3557     0.3352  8.195e-01  0.2245000     8.6566     8.6567     0.0001     0.0013     6.7785     6.7785     30.718     31.363    1443.28    1443.29     7.8477     7.9970    96.0500    97.8790  0.000e+00
      74693     31.500     6.2797     6.2806    0.96189    0.96195          1     3.6252     3.3857      12.91      0.350     1.3471     0.3648  7.428e-01  0.2205000     8.6541     8.6544     0.0003     0.0009     6.7761     6.7763     31.214     31.869    1443.31    1443.32     7.8443     7.9903    96.0210    97.8110  0.000e+00
      74719     32.000     6.2756     6.2733    0.96197    0.96207          1     3.6243     3.3851      12.44      0.420     1.3523     0.3559  6.758e-01  0.2240000     8.6558     8.6573     0.0016    -0.0023     6.7777     6.7790     31.709     32.375    1443.31    1443.30     7.8446     7.9911    96.0170    97.8050  0.000e+00
      74743     32.500     6.2720     6.2732    0.96202    0.96207          1     3.6240     3.3847      11.91      0.490     1.3711     0.3693  6.252e-01  0.2252000     8.6571     8.6573     0.0002     0.0011     6.7789     6.7790     32.205     32.880    1443.30    1443.31     7.8456     7.9885    96.0210    97.7720  0.000e+00
      74772     33.000     6.2726     6.2711    0.96202    0.96214          1     3.6230     3.3837      11.35      0.451     1.3912     0.3645  5.736e-01  0.2223000     8.6569     8.6585     0.0016    -0.0015     6.7787     6.7801     32.700     33.386    1443.31    1443.31     7.8385     7.9894    95.9350    97.7790  0.000e+00
      74804     33.500     6.2697     6.2689    0.96213    0.96222          1     3.6211     3.3835      10.82      0.377     1.4058     0.3159  5.142e-01  0.2151000     8.6586     8.6597     0.0012    -0.0008     6.7802     6.7812     33.195     33.892    1443.31    1443.31     7.8360     7.9872    95.8980    97.7480  0.000e+00
      74837     34.000     6.2672     6.2665    0.96218    0.96225          1     3.6204     3.3820      10.33      0.357     1.4002     0.3619  4.542e-01  0.2198000     8.6597     8.6605     0.0008    -0.0006     6.7813     6.7820     33.691     34.398    1443.31    1443.30     7.8367     7.9781    95.9020    97.6310  0.000e+00
      74865     34.500     6.2633     6.2629    0.96221    0.96229          1     3.6191     3.3809       9.82      0.410     1.3972     0.3360  4.193e-01  0.2257000     8.6609     8.6618     0.0009    -0.0003     6.7825     6.7832     34.186     34.904    1443.30    1443.30     7.8332     7.9806    95.8510    97.6540  0.000e+00
      74888     35.000     6.2622     6.2608    0.96224    0.96231          1     3.6183     3.3805       9.38      0.471     1.4100     0.3241  3.857e-01  0.2140000     8.6614     8.6625     0.0011    -0.0015     6.7829     6.7839     34.682     35.410    1443.30    1443.30     7.8329     7.9823    95.8450    97.6700  0.000e+00
      74909     35.500     6.2615     6.2620    0.96225    0.96232          1     3.6179     3.3798       8.87      0.540     1.3786     0.3451  3.549e-01  0.2131000     8.6616     8.6622     0.0006     0.0006     6.7831     6.7836     35.177     35.915    1443.31    1443.31     7.8331     7.9749    95.8460    97.5830  0.000e+00
      74934     36.000     6.2596     6.2594    0.96228    0.96235          1     3.6171     3.3786       8.25      0.546     1.3399     0.3672  3.245e-01  0.2167000     8.6623     8.6630     0.0007    -0.0002     6.7838     6.7843     35.672     36.421    1443.31    1443.31     7.8288     7.9704    95.7890    97.5210  0.000e+00
      74988     36.500     6.2478     6.2428    0.96236    0.96245          1     3.6066     3.3674       7.61      0.193     1.4126     0.3205  2.858e-01  0.2051000     8.6660     8.6682     0.0022    -0.0051     6.7874     6.7895     36.168     36.927    1443.27    1443.25     7.7653     7.8623    94.9860    96.1630  0.000e+00
      75020     37.000     6.2342     6.2407    0.96243    0.96246          1     3.5943     3.3524       7.22      0.336     1.3009     0.3028  2.554e-01  0.2133000     8.6701     8.6687    -0.0014     0.0065     6.7915     6.7900     36.663     37.433    1443.23    1443.25     7.6862     7.7412    93.9900    94.6770  0.000e+00
      75049     37.500     6.1336     6.0236    0.96367    0.96517          1     3.5699     3.3282       6.67      0.425     1.1406     0.3465  2.367e-01  0.2081000     8.7079     8.7510     0.0432    -0.1099     6.8272     6.8675     37.159     37.939    1442.85    1442.44     7.6009     7.6631    92.7400    93.2700  0.000e+00
      75109     38.000     5.8272     5.7358    0.97104    0.97328          1     3.4835     3.2523       6.04      0.174     0.6187     0.3157  2.111e-01  0.1603000     8.8595     8.9055     0.0460    -0.0914     6.9643     7.0056     37.654     38.444    1441.74    1441.41     7.2639     7.2379    88.0460    87.5580  0.000e+00
      75142     38.500     5.6573     5.6569    0.98515    0.98813          1     3.4255     3.1878       5.60      0.324     0.4832     0.2702  1.866e-01  0.1587000     9.0434     9.0730     0.0296    -0.0004     7.1187     7.1421     38.149     38.950    1441.25    1441.29     7.2081     6.9932    87.1030    84.5220  0.000e+00
      75179     39.000     5.6674     5.6762    1.00550    1.00731          1     3.3745     3.1237       5.05      0.371     0.4199     0.2148  1.700e-01  0.1573000     9.2420     9.2575     0.0155     0.0088     7.2749     7.2866     38.645     39.456    1441.56    1441.61     7.0395     6.9329    85.1990    83.9370  0.000e+00
      75241     39.500     5.6825     5.6781    1.02438    1.02684          1     3.2876     3.0664       4.52      0.182     0.3827     0.2613  1.508e-01  0.1472000     9.4250     9.4506     0.0256    -0.0044     7.4184     7.4388     39.140     39.961    1441.86    1441.87     6.8784     6.9761    83.3820    84.5710  0.000e+00
      75275     40.000     5.6748     5.6767    1.03231    1.03314          1     3.2550     3.0390       4.10      0.333     0.3563     0.2326  1.308e-01  0.1566000     9.5057     9.5135     0.0078     0.0020     7.4825     7.4885     39.636     40.467    1441.94    1441.95     6.7510     6.7792    81.8650    82.2160  0.000e+00
      75318     40.500     5.6918     5.6998    1.04773    1.05960          1     3.2023     2.9893      26.32      0.288     0.3434     0.2067  1.239e-01  0.1606000     9.6540     9.7698     0.1158     0.0080     7.5985     7.6893     40.131     40.972    1442.20    1442.39     6.6313     6.6063    80.5270    80.3010  0.000e+00
      75378     41.000     5.7132     5.7118    1.09514    1.10738          1     3.1520     2.9347       1.98      0.194     0.3486     0.2024  1.108e-01  0.1660000    10.1196    10.2422     0.1226    -0.0015     7.9644     8.0612     40.627     41.478    1442.89    1443.04     6.4852     6.4791    79.0380    79.0260  0.000e+00
      75451     41.500     5.7239     5.7316    1.13984    1.15299          1     3.0588     2.8604       2.60      0.204     0.3466     0.2224  9.538e-02  0.1793000    10.5630    10.6922     0.1292     0.0077     8.3133     8.4147     41.122     41.983    1443.51    1443.70     6.1853     6.1890    75.6270    75.7500  0.000e+00
      75491     42.000     5.7567     5.7587    1.18759    1.18884          1     3.0377     2.8279       2.15      0.345     0.3545     0.2813  8.861e-02  0.2150000    11.0307    11.0428     0.0120     0.0020     8.6801     8.6894     41.617     42.488    1444.24    1444.27     6.2458     6.1973    76.6650    76.0790  0.000e+00
      75790     42.500     5.7550     5.7517    1.20186    1.22327          1     2.9379     2.7608       1.27     -0.259     0.3282     0.1856  8.415e-02  0.1502000    11.1746    11.3908     0.2162    -0.0033     8.7936     8.9642     42.113     42.993    1444.43    1444.69     5.9809     6.1901    73.4820    76.1540  0.000e+00
