ctdpy/tests/etc/exprapp_april_2020/SBE09_1387_20200415_2002_77_10_0346.cnv
* Sea-Bird SBE 9 Data File:
* FileName = L:\2020\sv20d0346.hex
* Software Version Seasave V 7.26.7.121
* Temperature SN = 6378
* Conductivity SN = 4824
* Number of Bytes Per Scan = 41
* Number of Voltage Words = 4
* Number of Scans Averaged by the Deck Unit = 1
* NMEA Latitude = 55 51.97 N
* NMEA Longitude = 012 44.88 E
* NMEA UTC (Time) = Apr 15 2020  20:02:19
* NMEA baud rate = 4800
** Station:  W Landskrona
** Operator:  SSip
** Ship: SVEA
** Average sound velocity: 1465.68 m/s
** True-depth calculation Wed, 15 Apr 2020 20:51:24 +0000
** CTD Python Module SMHI /ver 3-12/ feb 2012 
** LIMS Job: 20207710-0346
** Cruise: SMHI-07-2020
** Latitude [GG MM.mm N] :
** Longitude [GGG MM.mm E]:
# nquan = 30
# nvalues = 96                          
# units = specified
# name 0 = scan: Scan Count
# name 1 = prDM: Pressure, Digiquartz [db]
# name 2 = t090C: Temperature [ITS-90, deg C]
# name 3 = t190C: Temperature, 2 [ITS-90, deg C]
# name 4 = c0S/m: Conductivity [S/m]
# name 5 = c1S/m: Conductivity, 2 [S/m]
# name 6 = pumps: Pump Status
# name 7 = sbeox0V: Oxygen raw, SBE 43 [V]
# name 8 = sbeox1V: Oxygen raw, SBE 43, 2 [V]
# name 9 = altM: Altimeter [m]
# name 10 = dz/dtM: Descent Rate [m/s]
# name 11 = flECO-AFL: Chl-a Fluorescence, WET Labs ECO-AFL/FL [mg/m^3]
# name 12 = flECO-AFL1: Phycocyanin Fluorescence, WET Labs ECO-AFL/FL, 2 [mg/m^3]
# name 13 = par: PAR/Irradiance, Biospherical/Lico [µE/(cm^2*s)]
# name 14 = turbWETntu0: Turbidity, WET Labs ECO [NTU]
# name 15 = sal00: Salinity, Practical [PSU]
# name 16 = sal11: Salinity, Practical, 2 [PSU]
# name 17 = secS-priS: Salinity, Practical, Difference, 2 - 1 [PSU]
# name 18 = T2-T190C: Temperature Difference, 2 - 1 [ITS-90, deg C]
# name 19 = sigma-t00: Density [sigma-t, kg/m^3 ]
# name 20 = sigma-t11: Density, 2 [sigma-t, kg/m^3 ]
# name 21 = depSM: Depth [salt water, m], lat = 55.8662
# name 22 = depFM: Depth [true depth, m], lat = 55.8662
# name 23 = svCM: Sound Velocity [Chen-Millero, m/s]
# name 24 = svCM1: Sound Velocity, 2 [Chen-Millero, m/s]
# name 25 = sbeox0ML/L: Oxygen, SBE 43 [ml/l], WS = 2
# name 26 = sbeox1ML/L: Oxygen, SBE 43, 2 [ml/l], WS = 2
# name 27 = sbeox0PS: Oxygen, SBE 43 [% saturation], WS = 2
# name 28 = sbeox1PS: Oxygen, SBE 43, 2 [% saturation], WS = 2
# name 29 = flag: flag
# span 0 =      27902,      31119       
# span 1 =      1.500,     49.000       
# span 2 =     5.9492,     7.2289       
# span 3 =     5.9491,     7.2286       
# span 4 =   2.005442,   3.008012       
# span 5 =   2.005422,   3.007897       
# span 6 =          1,          1       
# span 7 =     2.7082,     3.6536       
# span 8 =     2.5380,     3.4053       
# span 9 =       1.27,      48.92       
# span 10 =     -0.109,      0.488      
# span 11 =     0.3828,     1.0795      
# span 12 =     0.1696,     0.3694      
# span 13 = 1.0000e-12, 2.2980e+00      
# span 14 =     0.4344,     3.8576      
# span 15 =    18.6722,    30.1725      
# span 16 =    18.6724,    30.1716      
# span 17 =    -0.2072,     0.0752      
# span 18 =    -0.0135,     0.0330      
# span 19 =    14.5645,    23.7397      
# span 20 =    14.5647,    23.7391      
# span 21 =      1.486,     48.549      
# span 22 =      1.506,     48.910      
# span 23 =    1459.26,    1469.47      
# span 24 =    1459.25,    1469.47      
# span 25 =     4.7024,     7.2111      
# span 26 =     4.7895,     7.3299      
# span 27 =     65.926,     96.470      
# span 28 =     67.138,     98.059      
# span 29 = 0.0000e+00, 0.0000e+00      
# interval = decibars: 0.5              
# start_time = Apr 15 2020 20:02:20 [NMEA time, first data scan]
# bad_flag = -9.990e-29
*END*
[from data line 49]
      29241     26.000     5.9669     5.9666    2.95714    2.95669          1     2.7693     2.5982      24.54      0.447     0.4134     0.2636  1.000e-12  1.5569000    29.6523    29.6477    -0.0047    -0.0004    23.3336    23.3299     25.762     26.025    1468.29    1468.28     4.8402     4.9302    67.5640    68.8170  0.000e+00
      29268     26.500     5.9681     5.9678    2.95940    2.95923          1     2.7675     2.5953      24.03      0.452     0.4158     0.2287  1.000e-12  1.5604000    29.6761    29.6745    -0.0016    -0.0003    23.3522    23.3509     26.257     26.522    1468.33    1468.33     4.8383     4.9256    67.5490    68.7680  0.000e+00
      29294     27.000     5.9703     5.9699    2.96233    2.96205          1     2.7650     2.5927      23.56      0.453     0.4107     0.2285  1.000e-12  1.6368000    29.7064    29.7037    -0.0028    -0.0003    23.3759    23.3737     26.753     27.020    1468.39    1468.38     4.8221     4.9150    67.3410    68.6360  0.000e+00
      29320     27.500     5.9748     5.9748    2.96890    2.96929          1     2.7604     2.5891      23.07      0.459     0.4068     0.2380  1.000e-12  1.6623000    29.7750    29.7793     0.0043     0.0000    23.4295    23.4329     27.248     27.518    1468.50    1468.50     4.8018     4.8937    67.0950    68.3820  0.000e+00
      29346     28.000     5.9786     5.9786    2.97405    2.97409          1     2.7548     2.5845      22.57      0.458     0.4060     0.2066  1.000e-12  1.7033000    29.8283    29.8289     0.0006    -0.0001    23.4711    23.4716     27.744     28.015    1468.59    1468.59     4.7850     4.8744    66.8900    68.1400  0.000e+00
      29372     28.500     5.9822     5.9815    2.97902    2.97838          1     2.7498     2.5798      22.02      0.459     0.3968     0.2009  1.000e-12  1.8570000    29.8801    29.8736    -0.0065    -0.0007    23.5116    23.5065     28.239     28.513    1468.68    1468.67     4.7768     4.8628    66.8040    68.0020  0.000e+00
      29399     29.000     5.9873     5.9872    2.98746    2.98767          1     2.7459     2.5755      21.54      0.459     0.3915     0.2436  1.000e-12  1.9419000    29.9688    29.9713     0.0025    -0.0002    23.5809    23.5829     28.734     29.010    1468.82    1468.82     4.7686     4.8543    66.7370    67.9360  0.000e+00
      29426     29.500     5.9903     5.9901    2.99180    2.99165          1     2.7426     2.5720      20.99      0.446     0.4031     0.2361  1.000e-12  1.8146000    30.0141    30.0126    -0.0015    -0.0002    23.6164    23.6152     29.230     29.508    1468.90    1468.89     4.7601     4.8470    66.6420    67.8580  0.000e+00
      29452     30.000     5.9920     5.9916    2.99427    2.99389          1     2.7392     2.5689      20.54      0.452     0.3951     0.2187  1.000e-12  1.9249000    30.0397    30.0358    -0.0039    -0.0004    23.6363    23.6333     29.725     30.005    1468.94    1468.94     4.7517     4.8418    66.5390    67.7980  0.000e+00
      29479     30.500     5.9938     5.9936    2.99666    2.99640          1     2.7357     2.5658      20.01      0.454     0.4052     0.2444  1.000e-12  1.8208000    30.0643    30.0616    -0.0027    -0.0002    23.6555    23.6534     30.221     30.503    1468.99    1468.99     4.7431     4.8350    66.4310    67.7180  0.000e+00
      29505     31.000     5.9950     5.9949    2.99796    2.99791          1     2.7329     2.5634      19.53      0.451     0.3936     0.2449  1.000e-12  1.7518000    30.0774    30.0769    -0.0004    -0.0001    23.6657    23.6654     30.716     31.000    1469.02    1469.02     4.7394     4.8315    66.3880    67.6770  0.000e+00
      29532     31.500     5.9959     5.9956    2.99888    2.99856          1     2.7305     2.5610      19.01      0.455     0.4052     0.2522  1.000e-12  1.7759000    30.0866    30.0833    -0.0033    -0.0003    23.6729    23.6703     31.211     31.498    1469.04    1469.04     4.7374     4.8285    66.3650    67.6390  0.000e+00
      29559     32.000     5.9963     5.9961    2.99931    2.99910          1     2.7293     2.5595      18.53      0.446     0.4032     0.2972  1.000e-12  1.9765000    30.0907    30.0886    -0.0021    -0.0002    23.6761    23.6744     31.707     31.995    1469.06    1469.05     4.7391     4.8310    66.3910    67.6770  0.000e+00
      29585     32.500     5.9963     5.9960    2.99924    2.99902          1     2.7284     2.5584      18.05      0.448     0.3923     0.2799  1.000e-12  1.9539000    30.0898    30.0876    -0.0022    -0.0002    23.6754    23.6737     32.202     32.493    1469.06    1469.06     4.7375     4.8280    66.3680    67.6350  0.000e+00
      29612     33.000     5.9963     5.9960    2.99918    2.99902          1     2.7276     2.5571      17.59      0.452     0.3919     0.2662  1.000e-12  1.9054000    30.0889    30.0873    -0.0016    -0.0002    23.6747    23.6735     32.697     32.990    1469.07    1469.07     4.7345     4.8254    66.3270    67.5980  0.000e+00
      29638     33.500     5.9965     5.9963    2.99936    2.99919          1     2.7262     2.5559      17.12      0.455     0.3980     0.1945  1.000e-12  1.9131000    30.0905    30.0888    -0.0017    -0.0002    23.6759    23.6746     33.193     33.488    1469.08    1469.08     4.7309     4.8247    66.2770    67.5900  0.000e+00
      29664     34.000     5.9967     5.9964    2.99957    2.99935          1     2.7252     2.5553      16.62      0.468     0.4007     0.1696  1.000e-12  1.8794000    30.0924    30.0902    -0.0022    -0.0003    23.6774    23.6757     33.688     33.985    1469.09    1469.09     4.7306     4.8240    66.2740    67.5810  0.000e+00
      29690     34.500     5.9967     5.9966    2.99961    2.99941          1     2.7244     2.5542      16.05      0.457     0.3936     0.1843  1.000e-12  1.8665000    30.0926    30.0905    -0.0021    -0.0001    23.6775    23.6759     34.184     34.483    1469.10    1469.10     4.7290     4.8220    66.2510    67.5530  0.000e+00
      29716     35.000     5.9969     5.9966    2.99967    2.99944          1     2.7237     2.5535      15.59      0.454     0.3923     0.2642  1.000e-12  1.9252000    30.0929    30.0906    -0.0023    -0.0002    23.6777    23.6760     34.679     34.980    1469.11    1469.11     4.7279     4.8218    66.2360    67.5510  0.000e+00
      29742     35.500     5.9970     5.9968    2.99978    2.99964          1     2.7228     2.5531      15.06      0.464     0.4007     0.2725  1.000e-12  2.0196000    30.0938    30.0923    -0.0014    -0.0002    23.6784    23.6773     35.174     35.478    1469.12    1469.12     4.7263     4.8248    66.2150    67.5930  0.000e+00
      29769     36.000     5.9972     5.9971    2.99992    2.99980          1     2.7220     2.5532      14.58      0.455     0.4069     0.2656  1.000e-12  2.0051000    30.0949    30.0937    -0.0012    -0.0001    23.6793    23.6784     35.670     35.975    1469.13    1469.13     4.7246     4.8256    66.1920    67.6050  0.000e+00
      29794     36.500     5.9973     5.9970    3.00004    2.99972          1     2.7216     2.5526      14.06      0.464     0.3989     0.2646  1.000e-12  2.0389000    30.0959    30.0926    -0.0033    -0.0003    23.6801    23.6775     36.165     36.473    1469.14    1469.14     4.7254     4.8197    66.2040    67.5230  0.000e+00
      29820     37.000     5.9975     5.9972    3.00020    2.99990          1     2.7208     2.5520      13.57      0.467     0.3923     0.2627  1.000e-12  2.1227000    30.0973    30.0942    -0.0031    -0.0002    23.6812    23.6788     36.660     36.970    1469.15    1469.15     4.7223     4.8180    66.1610    67.5000  0.000e+00
      29847     37.500     5.9977     5.9974    3.00053    3.00033          1     2.7204     2.5510      13.07      0.452     0.3828     0.2758  1.000e-12  1.9865000    30.1005    30.0986    -0.0019    -0.0003    23.6837    23.6822     37.156     37.468    1469.16    1469.16     4.7230     4.8111    66.1720    67.4050  0.000e+00
      29873     38.000     5.9978     5.9976    3.00068    3.00051          1     2.7199     2.5496      12.10      0.460     0.4012     0.2535  1.000e-12  1.9072000    30.1018    30.1001    -0.0017    -0.0002    23.6847    23.6834     37.651     37.965    1469.18    1469.17     4.7220     4.8106    66.1590    67.3990  0.000e+00
      29898     38.500     5.9981     5.9979    3.00099    3.00082          1     2.7193     2.5490      11.99      0.472     0.4067     0.2183  1.000e-12  2.3673000    30.1049    30.1032    -0.0017    -0.0001    23.6871    23.6858     38.147     38.463    1469.19    1469.19     4.7209     4.8100    66.1450    67.3920  0.000e+00
      29924     39.000     5.9983     5.9981    3.00124    3.00098          1     2.7190     2.5481      11.58      0.465     0.3951     0.2241  1.000e-12  2.2143000    30.1072    30.1045    -0.0027    -0.0002    23.6889    23.6868     38.642     38.960    1469.20    1469.20     4.7203     4.8069    66.1380    67.3510  0.000e+00
      29950     39.500     5.9984     5.9983    3.00133    3.00117          1     2.7183     2.5471      11.09      0.466     0.4055     0.2263  1.000e-12  2.3255000    30.1080    30.1062    -0.0017    -0.0001    23.6895    23.6881     39.137     39.458    1469.21    1469.21     4.7167     4.8072    66.0890    67.3560  0.000e+00
      29975     40.000     5.9988     5.9985    3.00172    3.00136          1     2.7175     2.5469      10.61      0.470     0.4162     0.2318  1.000e-12  2.4133000    30.1117    30.1079    -0.0038    -0.0003    23.6924    23.6894     39.633     39.955    1469.22    1469.22     4.7161     4.8097    66.0820    67.3920  0.000e+00
      30001     40.500     5.9995     5.9992    3.00265    3.00222          1     2.7168     2.5464      10.09      0.469     0.4176     0.2364  1.000e-12  2.3528000    30.1211    30.1165    -0.0046    -0.0003    23.6997    23.6961     40.128     40.453    1469.25    1469.24     4.7146     4.8049    66.0660    67.3290  0.000e+00
      30026     41.000     5.9996     5.9996    3.00268    3.00258          1     2.7164     2.5458       9.60      0.467     0.3928     0.2354  1.000e-12  2.4655000    30.1211    30.1200    -0.0010    -0.0000    23.6997    23.6988     40.623     40.950    1469.26    1469.26     4.7141     4.8025    66.0600    67.2980  0.000e+00
      30051     41.500     5.9999     5.9996    3.00303    3.00267          1     2.7157     2.5446       9.11      0.476     0.3935     0.2502  1.000e-12  2.2653000    30.1245    30.1208    -0.0037    -0.0003    23.7024    23.6995     41.119     41.448    1469.27    1469.26     4.7137     4.8012    66.0550    67.2790  0.000e+00
      30078     42.000     6.0001     5.9999    3.00318    3.00297          1     2.7155     2.5446       8.57      0.468     0.4056     0.2519  1.000e-12  2.4758000    30.1258    30.1237    -0.0021    -0.0002    23.7033    23.7017     41.614     41.945    1469.28    1469.28     4.7133     4.8066    66.0510    67.3580  0.000e+00
      30104     42.500     6.0002     6.0001    3.00331    3.00314          1     2.7147     2.5446       8.10      0.447     0.4068     0.2372  1.000e-12  2.5371000    30.1268    30.1251    -0.0017    -0.0001    23.7042    23.7028     42.109     42.443    1469.29    1469.29     4.7090     4.8060    65.9910    67.3490  0.000e+00
      30130     43.000     6.0003     6.0002    3.00343    3.00331          1     2.7141     2.5442       7.62      0.468     0.4063     0.2370  1.000e-12  2.5047000    30.1279    30.1267    -0.0012    -0.0001    23.7050    23.7040     42.605     42.940    1469.30    1469.30     4.7125     4.8006    66.0410    67.2750  0.000e+00
      30157     43.500     6.0006     6.0006    3.00377    3.00371          1     2.7144     2.5435       7.09      0.456     0.4086     0.2389  1.000e-12  2.6663000    30.1311    30.1305    -0.0006    -0.0000    23.7075    23.7070     43.100     43.438    1469.31    1469.31     4.7128     4.7999    66.0460    67.2680  0.000e+00
      30186     44.000     6.0011     6.0008    3.00433    3.00402          1     2.7136     2.5428       6.55      0.414     0.4205     0.2384  1.000e-12  2.8859000    30.1367    30.1335    -0.0032    -0.0002    23.7118    23.7094     43.595     43.935    1469.33    1469.33     4.7073     4.7965    65.9740    67.2210  0.000e+00
      30217     44.500     6.0014     6.0010    3.00479    3.00421          1     2.7128     2.5421       6.04      0.399     0.4215     0.2730  1.000e-12  2.9007000    30.1413    30.1352    -0.0061    -0.0004    23.7154    23.7107     44.091     44.432    1469.35    1469.34     4.7057     4.7991    65.9540    67.2590  0.000e+00
      30252     45.000     6.0019     6.0016    3.00531    3.00500          1     2.7118     2.5420       5.54      0.345     0.4327     0.2482  1.000e-12  2.8419000    30.1464    30.1431    -0.0033    -0.0002    23.7194    23.7169     44.586     44.930    1469.36    1469.36     4.7061     4.7998    65.9620    67.2730  0.000e+00
      30289     45.500     6.0020     6.0019    3.00544    3.00529          1     2.7118     2.5416       5.06      0.334     0.4115     0.2547  1.000e-12  2.8935000    30.1474    30.1459    -0.0015    -0.0001    23.7202    23.7190     45.082     45.427    1469.37    1469.37     4.7071     4.7970    65.9770    67.2360  0.000e+00
      30330     46.000     6.0021     6.0020    3.00559    3.00537          1     2.7115     2.5411       4.52      0.294     0.4240     0.2368  1.000e-12  2.8614000    30.1488    30.1465    -0.0023    -0.0001    23.7213    23.7195     45.577     45.925    1469.38    1469.38     4.7073     4.7968    65.9800    67.2340  0.000e+00
      30372     46.500     6.0021     6.0020    3.00564    3.00535          1     2.7117     2.5409       4.03      0.288     0.4232     0.2544  1.000e-12  3.0465000    30.1492    30.1461    -0.0031    -0.0002    23.7216    23.7191     46.072     46.422    1469.39    1469.39     4.7074     4.7988    65.9820    67.2610  0.000e+00
      30417     47.000     6.0022     6.0021    3.00573    3.00556          1     2.7111     2.5409       3.52      0.264     0.4243     0.2520  1.000e-12  2.7855000    30.1498    30.1480    -0.0018    -0.0001    23.7221    23.7207     46.568     46.920    1469.40    1469.40     4.7050     4.7979    65.9490    67.2500  0.000e+00
      30464     47.500     6.0024     6.0024    3.00608    3.00604          1     2.7107     2.5400       3.04      0.255     0.4248     0.2721  1.000e-12  2.9670000    30.1533    30.1529    -0.0004    -0.0000    23.7248    23.7245     47.063     47.417    1469.41    1469.41     4.7055     4.7920    65.9580    67.1700  0.000e+00
      30515     48.000     6.0026     6.0025    3.00652    3.00624          1     2.7103     2.5392       2.51      0.237     0.4519     0.2897  1.000e-12  3.2712000    30.1578    30.1547    -0.0031    -0.0001    23.7283    23.7259     47.558     47.915    1469.43    1469.42     4.7034     4.7908    65.9310    67.1540  0.000e+00
      30577     48.500     6.0027     6.0028    3.00660    3.00652          1     2.7096     2.5380       2.01      0.186     0.4405     0.2377  1.000e-12  3.3528000    30.1583    30.1574    -0.0009     0.0001    23.7287    23.7280     48.054     48.412    1469.44    1469.44     4.7031     4.7895    65.9260    67.1380  0.000e+00
      31119     49.000     6.0041     6.0037    3.00801    3.00790          1     2.7082     2.5381       1.27     -0.109     0.4926     0.2482  1.000e-12  3.8576000    30.1725    30.1716    -0.0009    -0.0005    23.7397    23.7391     48.549     48.910    1469.47    1469.47     4.7024     4.7945    65.9260    67.2150  0.000e+00
