ctdpy/tests/etc/exprapp_april_2020/SBE09_1387_20200417_1857_77_10_0354.cnv
* Sea-Bird SBE 9 Data File:
* FileName = L:\2020\sv20d0354.hex
* Software Version Seasave V 7.26.7.121
* Temperature SN = 6378
* Conductivity SN = 4824
* Number of Bytes Per Scan = 41
* Number of Voltage Words = 4
* Number of Scans Averaged by the Deck Unit = 1
* NMEA Latitude = 57 18.72 N
* NMEA Longitude = 020 04.57 E
* NMEA UTC (Time) = Apr 17 2020  18:57:15
* NMEA baud rate = 4800
** Station:  BY15
** Operator:  SSip
** Ship: SVEA
** Average sound velocity: 1449.03 m/s
** True-depth calculation Fri, 17 Apr 2020 20:52:33 +0000
** CTD Python Module SMHI /ver 3-12/ feb 2012 
** LIMS Job: 20207710-0354
** Cruise: SMHI-07-2020
** Latitude [GG MM.mm N] :
** Longitude [GGG MM.mm E]:
# nquan = 30
# nvalues = 467                         
# units = specified
# name 0 = scan: Scan Count
# name 1 = prDM: Pressure, Digiquartz [db]
# name 2 = t090C: Temperature [ITS-90, deg C]
# name 3 = t190C: Temperature, 2 [ITS-90, deg C]
# name 4 = c0S/m: Conductivity [S/m]
# name 5 = c1S/m: Conductivity, 2 [S/m]
# name 6 = pumps: Pump Status
# name 7 = sbeox0V: Oxygen raw, SBE 43 [V]
# name 8 = sbeox1V: Oxygen raw, SBE 43, 2 [V]
# name 9 = altM: Altimeter [m]
# name 10 = dz/dtM: Descent Rate [m/s]
# name 11 = flECO-AFL: Chl-a Fluorescence, WET Labs ECO-AFL/FL [mg/m^3]
# name 12 = flECO-AFL1: Phycocyanin Fluorescence, WET Labs ECO-AFL/FL, 2 [mg/m^3]
# name 13 = par: PAR/Irradiance, Biospherical/Lico [µE/(cm^2*s)]
# name 14 = turbWETntu0: Turbidity, WET Labs ECO [NTU]
# name 15 = sal00: Salinity, Practical [PSU]
# name 16 = sal11: Salinity, Practical, 2 [PSU]
# name 17 = secS-priS: Salinity, Practical, Difference, 2 - 1 [PSU]
# name 18 = T2-T190C: Temperature Difference, 2 - 1 [ITS-90, deg C]
# name 19 = sigma-t00: Density [sigma-t, kg/m^3 ]
# name 20 = sigma-t11: Density, 2 [sigma-t, kg/m^3 ]
# name 21 = depSM: Depth [salt water, m], lat = 57.312
# name 22 = depFM: Depth [true depth, m], lat = 57.312
# name 23 = svCM: Sound Velocity [Chen-Millero, m/s]
# name 24 = svCM1: Sound Velocity, 2 [Chen-Millero, m/s]
# name 25 = sbeox0ML/L: Oxygen, SBE 43 [ml/l], WS = 2
# name 26 = sbeox1ML/L: Oxygen, SBE 43, 2 [ml/l], WS = 2
# name 27 = sbeox0PS: Oxygen, SBE 43 [% saturation], WS = 2
# name 28 = sbeox1PS: Oxygen, SBE 43, 2 [% saturation], WS = 2
# name 29 = flag: flag
# span 0 =      33005,      45352       
# span 1 =      2.000,    235.000       
# span 2 =     5.0088,     7.4616       
# span 3 =     5.0100,     7.4610       
# span 4 =   0.821070,   1.455410       
# span 5 =   0.821144,   1.455622       
# span 6 =          1,          1       
# span 7 =     0.7399,     3.6856       
# span 8 =     0.7232,     3.4376       
# span 9 =       2.32,      98.72       
# span 10 =     -0.108,      0.943      
# span 11 =     0.3526,     1.2727      
# span 12 =     0.1008,     0.4018      
# span 13 = -2.070e-04, 2.0361e+00      
# span 14 =     0.1064,     0.8081      
# span 15 =     7.5457,    13.1304      
# span 16 =     7.5464,    13.1327      
# span 17 =    -0.0413,     0.1035      
# span 18 =    -0.0222,     0.0123      
# span 19 =     5.9581,    10.2220      
# span 20 =     5.9586,    10.2238      
# span 21 =      1.982,    232.703      
# span 22 =      2.025,    237.309      
# span 23 =    1436.76,    1456.10      
# span 24 =    1436.76,    1456.11      
# span 25 =     0.0382,     8.2861      
# span 26 =     0.0655,     8.4333      
# span 27 =      0.493,     97.988      
# span 28 =      0.845,     99.727      
# span 29 = 0.0000e+00, 0.0000e+00      
# interval = decibars: 0.5              
# start_time = Apr 17 2020 18:57:16 [NMEA time, first data scan]
# bad_flag = -9.990e-29
*END*
[from data line 97]
      35670     50.500     5.1414     5.1411    0.82114    0.82121          1     3.6428     3.3986      96.62      0.551     0.4971     0.2958  1.000e-12  0.1465000     7.5476     7.5484     0.0008    -0.0003     5.9618     5.9624     50.029     51.131    1437.31    1437.30     8.2271     8.3580    97.1640    98.7100  0.000e+00
      35683     51.000     5.1394     5.1388    0.82112    0.82118          1     3.6430     3.3979      96.59      0.752     0.4949     0.3175  1.000e-12  0.1463000     7.5477     7.5485     0.0007    -0.0006     5.9620     5.9626     50.524     51.638    1437.30    1437.30     8.2285     8.3537    97.1770    98.6530  0.000e+00
      35695     51.500     5.1372     5.1368    0.82108    0.82115          1     3.6428     3.3967      96.60      0.899     0.4747     0.2426  1.000e-12  0.1232000     7.5478     7.5487     0.0008    -0.0004     5.9621     5.9628     51.019     52.144    1437.30    1437.30     8.2291     8.3547    97.1770    98.6610  0.000e+00
      35709     52.000     5.1360     5.1354    0.82108    0.82115          1     3.6426     3.3964      96.56      0.943     0.4619     0.2080  1.000e-12  0.1230000     7.5481     7.5489     0.0008    -0.0006     5.9624     5.9630     51.515     52.650    1437.31    1437.30     8.2295     8.3581    97.1800    98.6980  0.000e+00
      35738     52.500     5.1340     5.1342    0.82107    0.82115          1     3.6418     3.3953      96.58      0.641     0.4382     0.1808  1.000e-12  0.1197000     7.5483     7.5490     0.0007     0.0003     5.9627     5.9632     52.010     53.156    1437.30    1437.31     8.2241     8.3580    97.1110    98.6940  0.000e+00
      35796     53.000     5.1340     5.1382    0.82110    0.82122          1     3.6383     3.3940      96.56      0.121     0.4126     0.2433  1.000e-12  0.1114000     7.5485     7.5488     0.0003     0.0042     5.9628     5.9629     52.505     53.663    1437.31    1437.33     8.2118     8.3543    96.9660    98.6600  0.000e+00
      35814     53.500     5.1279     5.1282    0.82108    0.82114          1     3.6376     3.3933      39.42      0.410     0.4103     0.1902  1.000e-12  0.1128000     7.5497     7.5502     0.0005     0.0003     5.9640     5.9644     53.000     54.169    1437.30    1437.30     8.2133     8.3571    96.9700    98.6690  0.000e+00
      35829     54.000     5.1280     5.1275    0.82109    0.82116          1     3.6367     3.3933      35.26      0.628     0.4127     0.1780  1.000e-12  0.1165000     7.5497     7.5505     0.0008    -0.0005     5.9639     5.9646     53.496     54.675    1437.30    1437.30     8.2120     8.3630    96.9550    98.7370  0.000e+00
      35846     54.500     5.1278     5.1273    0.82110    0.82118          1     3.6362     3.3933      82.65      0.734     0.4113     0.2126  1.000e-12  0.1281000     7.5498     7.5507     0.0009    -0.0005     5.9641     5.9648     53.991     55.181    1437.31    1437.31     8.2139     8.3630    96.9770    98.7360  0.000e+00
      35869     55.000     5.1275     5.1272    0.82114    0.82121          1     3.6360     3.3931      96.06      0.639     0.4301     0.2560  1.000e-12  0.1333000     7.5502     7.5509     0.0008    -0.0003     5.9644     5.9650     54.486     55.688    1437.32    1437.32     8.2152     8.3583    96.9920    98.6810  0.000e+00
      35899     55.500     5.1272     5.1270    0.82116    0.82123          1     3.6353     3.3921      96.49      0.423     0.4328     0.2060  1.000e-12  0.1187000     7.5504     7.5511     0.0007    -0.0001     5.9646     5.9651     54.981     56.194    1437.33    1437.33     8.2106     8.3523    96.9360    98.6090  0.000e+00
      35923     56.000     5.1261     5.1258    0.82118    0.82125          1     3.6343     3.3914      96.52      0.435     0.4243     0.2381  1.000e-12  0.1227000     7.5507     7.5515     0.0007    -0.0003     5.9649     5.9655     55.477     56.700    1437.33    1437.33     8.2087     8.3479    96.9120    98.5540  0.000e+00
      35944     56.500     5.1254     5.1250    0.82119    0.82126          1     3.6337     3.3902      96.55      0.536     0.4035     0.2403  1.000e-12  0.1222000     7.5509     7.5518     0.0008    -0.0004     5.9651     5.9657     55.972     57.206    1437.33    1437.33     8.2074     8.3388    96.8950    98.4460  0.000e+00
      35968     57.000     5.1243     5.1239    0.82120    0.82127          1     3.6328     3.3884      96.53      0.550     0.4233     0.2262  1.000e-12  0.1273000     7.5512     7.5521     0.0008    -0.0004     5.9654     5.9660     56.467     57.713    1437.34    1437.34     8.2028     8.3342    96.8380    98.3890  0.000e+00
      36002     57.500     5.1228     5.1233    0.82123    0.82130          1     3.6300     3.3862      37.95      0.371     0.3929     0.2573  1.000e-12  0.1241000     7.5518     7.5523     0.0005     0.0005     5.9658     5.9663     56.963     58.219    1437.34    1437.34     8.1906     8.3251    96.6910    98.2810  0.000e+00
      36032     58.000     5.1194     5.1194    0.82129    0.82135          1     3.6278     3.3837      53.24      0.355     0.4102     0.2164  1.000e-12  0.1241000     7.5531     7.5537     0.0006     0.0000     5.9670     5.9675     57.458     58.725    1437.33    1437.33     8.1841     8.3216    96.6060    98.2290  0.000e+00
      36050     58.500     5.1140     5.1139    0.82137    0.82144          1     3.6256     3.3828       6.00      0.504     0.4336     0.1890  1.000e-12  0.1288000     7.5550     7.5557     0.0007    -0.0001     5.9688     5.9693     57.953     59.231    1437.32    1437.32     8.1798     8.3255    96.5430    98.2630  0.000e+00
      36066     59.000     5.1107     5.1106    0.82141    0.82148          1     3.6244     3.3821      13.31      0.649     0.4030     0.2634  1.000e-12  0.1139000     7.5561     7.5568     0.0007    -0.0001     5.9697     5.9703     58.448     59.738    1437.32    1437.32     8.1811     8.3216    96.5510    98.2100  0.000e+00
      36082     59.500     5.1099     5.1094    0.82144    0.82152          1     3.6234     3.3809      85.14      0.738     0.3992     0.2651  1.000e-12  0.1148000     7.5565     7.5574     0.0009    -0.0005     5.9701     5.9708     58.943     60.244    1437.32    1437.32     8.1783     8.3118    96.5180    98.0920  0.000e+00
      36104     60.000     5.1074     5.1075    0.82150    0.82156          1     3.6213     3.3788      95.84      0.673     0.3923     0.2553  1.000e-12  0.1190000     7.5576     7.5582     0.0006     0.0001     5.9711     5.9716     59.439     60.750    1437.32    1437.32     8.1653     8.2997    96.3580    97.9450  0.000e+00
      36141     60.500     5.1047     5.1057    0.82157    0.82161          1     3.6143     3.3733      96.53      0.352     0.3762     0.2099  1.000e-12  0.1149000     7.5589     7.5590     0.0002     0.0011     5.9722     5.9723     59.934     61.256    1437.32    1437.32     8.1226     8.2511    95.8480    97.3670  0.000e+00
      36173     61.000     5.0929     5.0924    0.82190    0.82197          1     3.6025     3.3633      96.58      0.334     0.4000     0.1784  1.000e-12  0.1111000     7.5647     7.5655     0.0008    -0.0004     5.9773     5.9780     60.429     61.763    1437.28    1437.28     8.0405     8.1577    94.8550    96.2370  0.000e+00
      36196     61.500     5.0798     5.0793    0.82231    0.82240          1     3.5819     3.3481      80.85      0.466     0.3879     0.2243  1.000e-12  0.1109000     7.5717     7.5727     0.0010    -0.0005     5.9834     5.9842     60.925     62.269    1437.24    1437.24     7.7572     7.8450    91.4870    92.5220  0.000e+00
      36219     62.000     5.0700     5.0700    0.82279    0.82288          1     3.5024     3.2911      96.66      0.526     0.3998     0.2270  1.000e-12  0.1168000     7.5786     7.5795     0.0009    -0.0000     5.9892     5.9899     61.420     62.775    1437.21    1437.21     6.6109     6.5201    77.9530    76.8830  0.000e+00
      36241     62.500     5.0339     5.0318    0.82584    0.82651          1     3.2276     3.0867      96.56      0.533     0.3799     0.2251  1.000e-12  0.1130000     7.6170     7.6242     0.0072    -0.0021     6.0211     6.0269     61.915     63.281    1437.11    1437.11     4.4782     3.9715    52.7710    46.8000  0.000e+00
      36262     63.000     5.0088     5.0100    0.84235    0.84491          1     2.8259     2.7601      96.58      0.551     0.3744     0.2378  1.000e-12  0.1064000     7.7866     7.8117     0.0251     0.0012     6.1563     6.1762     62.410     63.788    1437.23    1437.26     2.8928     2.0431    34.1020    24.0890  0.000e+00
      36282     63.500     5.1207     5.1308    0.93035    0.94097          1     2.4545     2.4341      96.55      0.581     0.3804     0.2387  1.000e-12  0.1074000     8.6364     8.7399     0.1035     0.0101     6.8236     6.9050     62.905     64.294    1438.81    1438.98     2.1765     1.2778    25.8730    15.2020  0.000e+00
      36304     64.000     5.2998     5.3042    0.99772    0.99916          1     2.1288     2.1322      96.58      0.582     0.3789     0.2094  1.000e-12  0.1163000     9.2617     9.2749     0.0131     0.0044     7.3094     7.3196     63.401     64.799    1440.39    1440.42     1.7937     1.0256    21.5090    12.3010  0.000e+00
      36335     64.500     5.5155     5.5279    1.02589    1.02629          1     1.7800     1.7977      87.50      0.444     0.3808     0.2274  1.000e-12  0.1257000     9.4827     9.4832     0.0005     0.0123     7.4729     7.4726     63.896     65.305    1441.61    1441.66     1.3871     0.8513    16.7460    10.2820  0.000e+00
      36374     65.000     5.7070     5.7053    1.04924    1.04896          1     1.4386     1.4707      92.51      0.281     0.3654     0.2500  1.000e-12  0.1287000     9.6606     9.6584    -0.0022    -0.0017     7.6028     7.6012     64.391     65.810    1442.67    1442.66     0.7629     0.3944     9.2690     4.7910  0.000e+00
      36396     65.500     5.8228     5.8238    1.06845    1.06933          1     1.2733     1.3117      96.51      0.405     0.3526     0.2603  1.000e-12  0.1278000     9.8178     9.8262     0.0084     0.0010     7.7201     7.7267     64.886     66.316    1443.37    1443.39     0.4858     0.1572     5.9250     1.9170  0.000e+00
      36411     66.000     5.9108     5.9123    1.08675    1.08765          1     1.1776     1.2163      95.82      0.577     0.3659     0.2053  1.000e-12  0.1153000     9.9733     9.9817     0.0084     0.0015     7.8375     7.8440     65.382     66.821    1443.95    1443.97     0.4268     0.1730     5.2220     2.1170  0.000e+00
      36424     66.500     5.9539     5.9541    1.09969    1.10021          1     1.1147     1.1524      96.69      0.742     0.3777     0.2210  1.000e-12  0.1102000    10.0885    10.0937     0.0051     0.0002     7.9256     7.9297     65.877     67.326    1444.29    1444.30     0.4690     0.3080     5.7500     3.7760  0.000e+00
      36438     67.000     5.9817     5.9812    1.11156    1.11180          1     1.0728     1.1069      96.66      0.862     0.3901     0.2374  1.000e-12  0.1262000    10.1977    10.2002     0.0025    -0.0005     8.0100     8.0120     66.372     67.831    1444.55    1444.55     0.5533     0.4680     6.7920     5.7450  0.000e+00
      36458     67.500     5.9925     5.9883    1.11714    1.11617          1     1.0368     1.0612      96.66      0.795     0.3909     0.1911  1.000e-12  0.1481000    10.2497    10.2413    -0.0083    -0.0042     8.0502     8.0439     66.867     68.337    1444.67    1444.64     0.6130     0.5710     7.5290     7.0130  0.000e+00
      36526     68.000     5.9414     5.9412    1.10182    1.10137          1     0.9156     0.9328      96.65      0.047     0.4075     0.2581  1.000e-12  0.1787000    10.1131    10.1087    -0.0044    -0.0002     7.9458     7.9423     67.363     68.842    1444.29    1444.28     0.2178     0.1888     2.6680     2.3130  0.000e+00
      36542     68.500     6.0335     6.0214    1.12613    1.12334          1     0.8852     0.9014      96.66      0.380     0.3961     0.1897  1.000e-12  0.1704000    10.3261    10.3021    -0.0239    -0.0121     8.1078     8.0897     67.858     69.347    1444.96    1444.88     0.1952     0.1657     2.4010     2.0370  0.000e+00
      36556     69.000     6.0788     6.0731    1.13446    1.13375          1     0.8652     0.8791      96.66      0.630     0.3970     0.1886  1.000e-12  0.2001000    10.3946    10.3894    -0.0053    -0.0057     8.1589     8.1551     68.353     69.852    1445.25    1445.21     0.1880     0.1829     2.3160     2.2520  0.000e+00
      36571     69.500     6.1095     6.1093    1.14047    1.14077          1     0.8488     0.8619      96.67      0.801     0.3975     0.1893  1.000e-12  0.2317000    10.4445    10.4476     0.0031    -0.0001     8.1963     8.1987     68.848     70.357    1445.45    1445.45     0.1842     0.2174     2.2720     2.6820  0.000e+00
      36592     70.000     6.1304     6.1286    1.14414    1.14435          1     0.8310     0.8438      96.65      0.731     0.3863     0.1903  1.000e-12  0.2571000    10.4743    10.4770     0.0027    -0.0018     8.2184     8.2206     69.344     70.863    1445.58    1445.58     0.1757     0.2242     2.1680     2.7670  0.000e+00
      36632     70.500     6.1369     6.1147    1.14563    1.14077          1     0.8071     0.8152      32.65      0.288     0.3913     0.2129  1.000e-12  0.2620000    10.4870    10.4457    -0.0413    -0.0222     8.2279     8.1969     69.839     71.368    1445.63    1445.49     0.1531     0.1885     1.8900     2.3260  0.000e+00
      36657     71.000     6.1609     6.1607    1.15175    1.15206          1     0.7970     0.8018      55.86      0.364     0.3836     0.2032  1.000e-12  0.3108000    10.5400    10.5431     0.0031    -0.0002     8.2681     8.2705     70.334     71.873    1445.81    1445.81     0.1436     0.1871     1.7750     2.3120  0.000e+00
      36675     71.500     6.1689     6.1687    1.15762    1.15792          1     0.7916     0.7944      95.78      0.553     0.3903     0.2373  1.000e-12  0.3371000    10.5954    10.5984     0.0029    -0.0001     8.3112     8.3135     70.829     72.378    1445.92    1445.92     0.1401     0.1841     1.7320     2.2770  0.000e+00
      36695     72.000     6.1752     6.1754    1.16148    1.16174          1     0.7871     0.7878      72.03      0.649     0.4181     0.1986  1.000e-12  0.3114000    10.6315    10.6341     0.0025     0.0002     8.3392     8.3412     71.324     72.883    1446.00    1446.01     0.1364     0.1842     1.6880     2.2790  0.000e+00
      36724     72.500     6.1928     6.1912    1.16501    1.16476          1     0.7820     0.7803      67.50      0.490     0.4088     0.2273  1.000e-12  0.4588000    10.6609    10.6589    -0.0020    -0.0015     8.3612     8.3597     71.820     73.388    1446.12    1446.11     0.1304     0.1801     1.6140     2.2300  0.000e+00
      36756     73.000     6.2320     6.2307    1.16983    1.16989          1     0.7773     0.7738      94.51      0.333     0.4082     0.2032  1.000e-12  0.2913000    10.6961    10.6970     0.0009    -0.0013     8.3863     8.3871     72.315     73.893    1446.34    1446.33     0.1234     0.1764     1.5290     2.1860  0.000e+00
      36775     73.500     6.2660     6.2659    1.17449    1.17469          1     0.7753     0.7709      86.34      0.466     0.4048     0.1595  1.000e-12  0.2784000    10.7313    10.7333     0.0020    -0.0001     8.4117     8.4133     72.810     74.398    1446.53    1446.54     0.1198     0.1757     1.4860     2.1800  0.000e+00
      36790     74.000     6.2927     6.2940    1.17843    1.17881          1     0.7738     0.7693      78.77      0.631     0.3970     0.1833  1.000e-12  0.2501000    10.7617    10.7651     0.0034     0.0012     8.4338     8.4364     73.305     74.903    1446.69    1446.70     0.1177     0.1781     1.4610     2.2120  0.000e+00
