ctdpy/tests/etc/exprapp_april_2020/SBE09_1387_20200416_1915_77_10_0351.cnv
* Sea-Bird SBE 9 Data File:
* FileName = L:\2020\sv20d0351.hex
* Software Version Seasave V 7.26.7.121
* Temperature SN = 6378
* Conductivity SN = 4824
* Number of Bytes Per Scan = 41
* Number of Voltage Words = 4
* Number of Scans Averaged by the Deck Unit = 1
* NMEA Latitude = 55 15.00 N
* NMEA Longitude = 015 59.05 E
* NMEA UTC (Time) = Apr 16 2020  19:15:13
* NMEA baud rate = 4800
** Station:  BY5
** Operator:  JKro
** Ship: SVEA
** Average sound velocity: 1446.91 m/s
** True-depth calculation Thu, 16 Apr 2020 21:09:14 +0000
** CTD Python Module SMHI /ver 3-12/ feb 2012 
** LIMS Job: 20207710-0351
** Cruise: SMHI-07-2020
** Latitude [GG MM.mm N] :
** Longitude [GGG MM.mm E]:
# nquan = 30
# nvalues = 172                         
# units = specified
# name 0 = scan: Scan Count
# name 1 = prDM: Pressure, Digiquartz [db]
# name 2 = t090C: Temperature [ITS-90, deg C]
# name 3 = t190C: Temperature, 2 [ITS-90, deg C]
# name 4 = c0S/m: Conductivity [S/m]
# name 5 = c1S/m: Conductivity, 2 [S/m]
# name 6 = pumps: Pump Status
# name 7 = sbeox0V: Oxygen raw, SBE 43 [V]
# name 8 = sbeox1V: Oxygen raw, SBE 43, 2 [V]
# name 9 = altM: Altimeter [m]
# name 10 = dz/dtM: Descent Rate [m/s]
# name 11 = flECO-AFL: Chl-a Fluorescence, WET Labs ECO-AFL/FL [mg/m^3]
# name 12 = flECO-AFL1: Phycocyanin Fluorescence, WET Labs ECO-AFL/FL, 2 [mg/m^3]
# name 13 = par: PAR/Irradiance, Biospherical/Lico [µE/(cm^2*s)]
# name 14 = turbWETntu0: Turbidity, WET Labs ECO [NTU]
# name 15 = sal00: Salinity, Practical [PSU]
# name 16 = sal11: Salinity, Practical, 2 [PSU]
# name 17 = secS-priS: Salinity, Practical, Difference, 2 - 1 [PSU]
# name 18 = T2-T190C: Temperature Difference, 2 - 1 [ITS-90, deg C]
# name 19 = sigma-t00: Density [sigma-t, kg/m^3 ]
# name 20 = sigma-t11: Density, 2 [sigma-t, kg/m^3 ]
# name 21 = depSM: Depth [salt water, m], lat = 55.25
# name 22 = depFM: Depth [true depth, m], lat = 55.25
# name 23 = svCM: Sound Velocity [Chen-Millero, m/s]
# name 24 = svCM1: Sound Velocity, 2 [Chen-Millero, m/s]
# name 25 = sbeox0ML/L: Oxygen, SBE 43 [ml/l], WS = 2
# name 26 = sbeox1ML/L: Oxygen, SBE 43, 2 [ml/l], WS = 2
# name 27 = sbeox0PS: Oxygen, SBE 43 [% saturation], WS = 2
# name 28 = sbeox1PS: Oxygen, SBE 43, 2 [% saturation], WS = 2
# name 29 = flag: flag
# span 0 =      43147,      48848       
# span 1 =      1.500,     87.000       
# span 2 =     5.4081,     8.4802       
# span 3 =     5.4072,     8.4796       
# span 4 =   0.886595,   1.869463       
# span 5 =   0.886373,   1.869694       
# span 6 =          1,          1       
# span 7 =     1.3286,     3.7481       
# span 8 =     1.2711,     3.5019       
# span 9 =     -10.33,      97.32       
# span 10 =     -0.321,      0.590      
# span 11 =     0.3129,     1.4455      
# span 12 =     0.1562,     0.4735      
# span 13 = -5.766e-06, 1.6593e+00      
# span 14 =     0.1399,     0.4030      
# span 15 =     8.0349,    16.7526      
# span 16 =     8.0357,    16.7545      
# span 17 =    -0.0028,     0.0601      
# span 18 =    -0.0230,     0.0423      
# span 19 =     6.3064,    12.9498      
# span 20 =     6.3071,    12.9512      
# span 21 =      1.486,     86.196      
# span 22 =      1.518,     87.889      
# span 23 =    1439.18,    1462.55      
# span 24 =    1439.18,    1462.55      
# span 25 =     1.4800,     8.2556      
# span 26 =     1.5421,     8.4205      
# span 27 =     20.053,     99.866      
# span 28 =     20.894,    101.862      
# span 29 = 0.0000e+00, 0.0000e+00      
# interval = decibars: 0.5              
# start_time = Apr 16 2020 19:15:13 [NMEA time, first data scan]
# bad_flag = -9.990e-29
*END*
[from data line 146]
      47194     74.500     7.9576     7.9625    1.77412    1.77517          1     1.7998     1.7132      11.94      0.284     0.3349     0.2386  1.000e-12  0.2202000    15.9820    15.9900     0.0080     0.0049    12.3842    12.3899     73.814     75.318    1460.04    1460.07     2.4924     2.5134    33.3320    33.6190  0.000e+00
      47224     75.000     8.0911     8.0963    1.78945    1.79048          1     1.7649     1.6820      11.80      0.384     0.3346     0.2179  1.000e-12  0.2383000    16.0711    16.0787     0.0076     0.0052    12.4399    12.4453     74.309     75.821    1460.69    1460.72     2.4600     2.4967    33.0210    33.5200  0.000e+00
      47263     75.500     8.0758     8.0749    1.79429    1.79445          1     1.7386     1.6569      11.37      0.324     0.3283     0.1803  1.000e-12  0.2424000    16.1252    16.1272     0.0020    -0.0009    12.4838    12.4855     74.804     76.324    1460.70    1460.70     2.4328     2.4827    32.6560    33.3260  0.000e+00
      47307     76.000     8.0832     8.0860    1.79654    1.79685          1     1.7142     1.6328      10.85      0.267     0.3458     0.2037  1.000e-12  0.2339000    16.1437    16.1455     0.0018     0.0028    12.4975    12.4986     75.299     76.827    1460.76    1460.77     2.3673     2.4096    31.7860    32.3570  0.000e+00
      47340     76.500     8.1089     8.1082    1.79983    1.79997          1     1.6887     1.6091      10.57      0.344     0.3403     0.1859  1.000e-12  0.2274000    16.1640    16.1657     0.0017    -0.0008    12.5106    12.5120     75.795     77.330    1460.90    1460.90     2.2764     2.3048    30.5880    30.9700  0.000e+00
      47374     77.000     8.1339     8.1381    1.80643    1.80716          1     1.6583     1.5806      10.06      0.361     0.3473     0.2082  1.000e-12  0.2425000    16.2169    16.2221     0.0052     0.0042    12.5493    12.5529     76.290     77.833    1461.07    1461.09     2.1922     2.2170    29.4840    29.8220  0.000e+00
      47418     77.500     8.2102     8.2189    1.81688    1.81816          1     1.6186     1.5446       9.55      0.267     0.3505     0.2066  1.000e-12  0.2294000    16.2836    16.2921     0.0085     0.0087    12.5933    12.5990     76.785     78.336    1461.46    1461.51     2.0915     2.1204    28.1920    28.5900  0.000e+00
      47453     78.000     8.2757     8.2842    1.82663    1.82761          1     1.5881     1.5170       8.97      0.325     0.3447     0.1917  1.000e-12  0.2256000    16.3483    16.3539     0.0056     0.0085    12.6367    12.6402     77.281     78.839    1461.81    1461.85     2.0235     2.0566    27.3290    27.7830  0.000e+00
      47484     78.500     8.3427     8.3435    1.83472    1.83515          1     1.5672     1.4974       7.54      0.386     0.3321     0.2228  1.000e-12  0.2067000    16.3959    16.3997     0.0038     0.0008    12.6666    12.6695     77.776     79.342    1462.14    1462.15     1.9981     2.0427    27.0360    27.6410  0.000e+00
      47530     79.000     8.3485     8.3468    1.83893    1.83898          1     1.5455     1.4769       6.47      0.272     0.3393     0.2113  1.000e-12  0.2151000    16.4340    16.4353     0.0013    -0.0017    12.6958    12.6969     78.271     79.845    1462.22    1462.21     1.9590     2.0105    26.5170    27.2140  0.000e+00
      47575     79.500     8.3449     8.3442    1.84138    1.84167          1     1.5308     1.4619       6.11      0.249     0.3461     0.2079  1.000e-12  0.2173000    16.4595    16.4626     0.0031    -0.0007    12.7160    12.7185     78.767     80.348    1462.24    1462.25     1.9609     2.0202    26.5450    27.3490  0.000e+00
      47604     80.000     8.3419     8.3417    1.84588    1.84633          1     1.5302     1.4598       5.72      0.384     0.3392     0.2369  1.000e-12  0.2281000    16.5046    16.5091     0.0045    -0.0002    12.7516    12.7551     79.262     80.850    1462.30    1462.30     1.9722     2.0392    26.7050    27.6130  0.000e+00
      47651     80.500     8.3399     8.3392    1.84696    1.84931          1     1.5285     1.4576       5.78      0.284     0.3465     0.1890  1.000e-12  0.2156000    16.5159    16.5391     0.0232    -0.0007    12.7606    12.7788     79.757     81.353    1462.31    1462.34     1.9569     2.0234    26.4980    27.4020  0.000e+00
      47707     81.000     8.3401     8.3397    1.85342    1.85471          1     1.5189     1.4494       5.97      0.210     0.3516     0.1752  1.000e-12  0.2163000    16.5786    16.5914     0.0128    -0.0004    12.8095    12.8196     80.252     81.856    1462.40    1462.41     1.9062     1.9602    25.8220    26.5560  0.000e+00
      47739     81.500     8.3370     8.3365    1.85971    1.86007          1     1.5072     1.4381       5.49      0.356     0.3412     0.1953  1.000e-12  0.2199000    16.6413    16.6450     0.0037    -0.0005    12.8588    12.8618     80.748     82.359    1462.47    1462.47     1.8699     1.9104    25.3390    25.8880  0.000e+00
      47787     82.000     8.3346     8.3334    1.86370    1.86443          1     1.4792     1.4125       4.94      0.254     0.3586     0.2279  1.000e-12  0.2230000    16.6812    16.6889     0.0077    -0.0012    12.8903    12.8964     81.243     82.862    1462.52    1462.52     1.7478     1.7749    23.6890    24.0560  0.000e+00
      47837     82.500     8.3218     8.3204    1.86767    1.86788          1     1.4283     1.3690       4.52      0.231     0.3519     0.1838  1.000e-12  0.2308000    16.7258    16.7286     0.0028    -0.0014    12.9265    12.9288     81.738     83.365    1462.53    1462.53     1.5928     1.6095    21.5890    21.8140  0.000e+00
      47868     83.000     8.3107     8.3094    1.86802    1.86816          1     1.3996     1.3436       5.21      0.364     0.3608     0.2212  1.000e-12  0.2715000    16.7344    16.7363     0.0020    -0.0013    12.9344    12.9361     82.233     83.867    1462.50    1462.50     1.5717     1.6013    21.2980    21.6980  0.000e+00
      47919     83.500     8.3072     8.3043    1.86804    1.86847          1     1.3755     1.3178      90.01      0.249     0.3555     0.1598  1.000e-12  0.3181000    16.7361    16.7416     0.0055    -0.0028    12.9361    12.9408     82.729     84.370    1462.50    1462.50     1.5426     1.5738    20.9030    21.3240  0.000e+00
      47973     84.000     8.3029     8.3025    1.86875    1.86889          1     1.3531     1.2968      54.30      0.233     0.3690     0.2013  1.000e-12  0.3578000    16.7449    16.7465     0.0016    -0.0004    12.9435    12.9448     83.224     84.873    1462.50    1462.50     1.5005     1.5518    20.3310    21.0260  0.000e+00
      48009     84.500     8.3018     8.3014    1.86910    1.86925          1     1.3445     1.2892       2.72      0.340     0.3674     0.2011  1.000e-12  0.3712000    16.7488    16.7504     0.0016    -0.0004    12.9466    12.9479     83.719     85.376    1462.51    1462.51     1.4982     1.5532    20.2990    21.0440  0.000e+00
      48078     85.000     8.3015     8.3013    1.86923    1.86935          1     1.3379     1.2818       2.23      0.175     0.3714     0.1628  1.000e-12  0.3676000    16.7500    16.7513     0.0013    -0.0002    12.9476    12.9487     84.215     85.878    1462.52    1462.52     1.4938     1.5529    20.2400    21.0410  0.000e+00
      48138     85.500     8.3015     8.3012    1.86930    1.86940          1     1.3352     1.2789       1.35      0.197     0.3693     0.1815  1.000e-12  0.3849000    16.7506    16.7517     0.0011    -0.0003    12.9481    12.9490     84.710     86.381    1462.53    1462.53     1.4917     1.5522    20.2120    21.0310  0.000e+00
      48194     86.000     8.3015     8.3013    1.86936    1.86949          1     1.3339     1.2770      20.60      0.222     0.3653     0.2410  1.000e-12  0.4030000    16.7511    16.7524     0.0013    -0.0002    12.9485    12.9495     85.205     86.884    1462.54    1462.54     1.4900     1.5495    20.1890    20.9950  0.000e+00
      48264     86.500     8.3015     8.3012    1.86940    1.86951          1     1.3327     1.2754      13.44      0.164     0.3639     0.2004  1.000e-12  0.3734000    16.7513    16.7525     0.0012    -0.0003    12.9486    12.9496     85.700     87.387    1462.55    1462.55     1.4882     1.5488    20.1640    20.9850  0.000e+00
      48848     87.000     8.2999     8.3006    1.86946    1.86969          1     1.3286     1.2711     -10.33      0.020     0.3649     0.2601  1.000e-12  0.3965000    16.7526    16.7545     0.0019     0.0008    12.9498    12.9512     86.196     87.889    1462.55    1462.55     1.4800     1.5421    20.0530    20.8940  0.000e+00
