ctdpy/tests/etc/exprapp_april_2020/SBE09_1387_20200418_2216_77_10_0358.cnv
* Sea-Bird SBE 9 Data File:
* FileName = L:\2020\sv20d0358.hex
* Software Version Seasave V 7.26.7.121
* Temperature SN = 6378
* Conductivity SN = 4824
* Number of Bytes Per Scan = 41
* Number of Voltage Words = 4
* Number of Scans Averaged by the Deck Unit = 1
* NMEA Latitude = 57 06.99 N
* NMEA Longitude = 017 40.11 E
* NMEA UTC (Time) = Apr 18 2020  22:16:57
* NMEA baud rate = 4800
** Station:  BY38
** Operator:  SSip
** Ship: SVEA
** Average sound velocity: 1438.55 m/s
** True-depth calculation Sat, 18 Apr 2020 23:37:07 +0000
** CTD Python Module SMHI /ver 3-12/ feb 2012 
** LIMS Job: 20207710-0358
** Cruise: SMHI-07-2020
** Latitude [GG MM.mm N] :
** Longitude [GGG MM.mm E]:
# nquan = 30
# nvalues = 207                         
# units = specified
# name 0 = scan: Scan Count
# name 1 = prDM: Pressure, Digiquartz [db]
# name 2 = t090C: Temperature [ITS-90, deg C]
# name 3 = t190C: Temperature, 2 [ITS-90, deg C]
# name 4 = c0S/m: Conductivity [S/m]
# name 5 = c1S/m: Conductivity, 2 [S/m]
# name 6 = pumps: Pump Status
# name 7 = sbeox0V: Oxygen raw, SBE 43 [V]
# name 8 = sbeox1V: Oxygen raw, SBE 43, 2 [V]
# name 9 = altM: Altimeter [m]
# name 10 = dz/dtM: Descent Rate [m/s]
# name 11 = flECO-AFL: Chl-a Fluorescence, WET Labs ECO-AFL/FL [mg/m^3]
# name 12 = flECO-AFL1: Phycocyanin Fluorescence, WET Labs ECO-AFL/FL, 2 [mg/m^3]
# name 13 = par: PAR/Irradiance, Biospherical/Lico [µE/(cm^2*s)]
# name 14 = turbWETntu0: Turbidity, WET Labs ECO [NTU]
# name 15 = sal00: Salinity, Practical [PSU]
# name 16 = sal11: Salinity, Practical, 2 [PSU]
# name 17 = secS-priS: Salinity, Practical, Difference, 2 - 1 [PSU]
# name 18 = T2-T190C: Temperature Difference, 2 - 1 [ITS-90, deg C]
# name 19 = sigma-t00: Density [sigma-t, kg/m^3 ]
# name 20 = sigma-t11: Density, 2 [sigma-t, kg/m^3 ]
# name 21 = depSM: Depth [salt water, m], lat = 57.1165
# name 22 = depFM: Depth [true depth, m], lat = 57.1165
# name 23 = svCM: Sound Velocity [Chen-Millero, m/s]
# name 24 = svCM1: Sound Velocity, 2 [Chen-Millero, m/s]
# name 25 = sbeox0ML/L: Oxygen, SBE 43 [ml/l], WS = 2
# name 26 = sbeox1ML/L: Oxygen, SBE 43, 2 [ml/l], WS = 2
# name 27 = sbeox0PS: Oxygen, SBE 43 [% saturation], WS = 2
# name 28 = sbeox1PS: Oxygen, SBE 43, 2 [% saturation], WS = 2
# name 29 = flag: flag
# span 0 =      55582,      61814       
# span 1 =      1.500,    105.000       
# span 2 =     4.6078,     5.7435       
# span 3 =     4.6086,     5.7428       
# span 4 =   0.788695,   1.116875       
# span 5 =   0.788841,   1.116653       
# span 6 =          1,          1       
# span 7 =     0.7511,     3.8210       
# span 8 =     0.7413,     3.5657       
# span 9 =       1.82,      98.74       
# span 10 =     -0.542,      0.611      
# span 11 =     0.3140,     3.0639      
# span 12 =     0.1316,     0.8203      
# span 13 = 1.0000e-12, 1.5077e+00      
# span 14 =     0.1067,     3.0402      
# span 15 =     7.2622,    10.3175      
# span 16 =     7.2637,    10.3155      
# span 17 =    -0.0020,     0.0080      
# span 18 =    -0.0090,     0.0037      
# span 19 =     5.7379,     8.1191      
# span 20 =     5.7391,     8.1176      
# span 21 =      1.486,    104.008      
# span 22 =      1.519,    106.254      
# span 23 =    1434.88,    1446.21      
# span 24 =    1434.89,    1446.20      
# span 25 =     0.0689,     8.7058      
# span 26 =     0.1115,     8.8687      
# span 27 =      0.842,    102.475      
# span 28 =      1.361,    104.394      
# span 29 = 0.0000e+00, 0.0000e+00      
# interval = decibars: 0.5              
# start_time = Apr 18 2020 22:16:57 [NMEA time, first data scan]
# bad_flag = -9.990e-29
*END*
[from data line 194]
      60854     98.500     5.7007     5.7003    1.10530    1.10547          1     0.7545     0.7460       8.60      0.403     0.4500     0.2536  1.000e-12  1.1595000    10.2149    10.2167     0.0018    -0.0004     8.0403     8.0417     97.571     99.686    1443.88    1443.88     0.0795     0.1330     0.9690     1.6220  0.000e+00
      60887     99.000     5.7035     5.7034    1.10569    1.10593          1     0.7543     0.7451       8.10      0.352     0.4691     0.1772  1.000e-12  1.1356000    10.2178    10.2203     0.0025    -0.0001     8.0424     8.0444     98.066    100.191    1443.90    1443.90     0.0790     0.1306     0.9630     1.5920  0.000e+00
      60917     99.500     5.7099     5.7095    1.10662    1.10681          1     0.7540     0.7450       7.60      0.398     0.4483     0.2063  1.000e-12  1.1300000    10.2251    10.2271     0.0020    -0.0004     8.0477     8.0493     98.561    100.697    1443.94    1443.95     0.0780     0.1339     0.9510     1.6320  0.000e+00
      60952    100.000     5.7111     5.7110    1.10677    1.10698          1     0.7538     0.7447       7.04      0.363     0.4514     0.2052  1.000e-12  1.1353000    10.2262    10.2283     0.0021    -0.0002     8.0485     8.0502     99.057    101.202    1443.96    1443.96     0.0785     0.1291     0.9570     1.5740  0.000e+00
      60993    100.500     5.7120     5.7119    1.10705    1.10729          1     0.7535     0.7439       6.47      0.292     0.4474     0.2232  1.000e-12  1.1091000    10.2285    10.2310     0.0024    -0.0000     8.0504     8.0523     99.552    101.707    1443.97    1443.98     0.0772     0.1294     0.9410     1.5780  0.000e+00
      61029    101.000     5.7137     5.7136    1.10738    1.10761          1     0.7533     0.7438       6.01      0.317     0.4455     0.2166  1.000e-12  1.1162000    10.2313    10.2335     0.0023    -0.0002     8.0524     8.0542    100.047    102.212    1443.99    1443.99     0.0770     0.1300     0.9390     1.5860  0.000e+00
      61058    101.500     5.7161     5.7162    1.10764    1.10789          1     0.7532     0.7437       5.54      0.396     0.4637     0.2039  1.000e-12  1.1065000    10.2330    10.2355     0.0024     0.0001     8.0537     8.0556    100.542    102.717    1444.01    1444.02     0.0764     0.1273     0.9330     1.5520  0.000e+00
      61096    102.000     5.7209     5.7212    1.10896    1.10939          1     0.7530     0.7430       5.02      0.334     0.4536     0.2249  1.000e-12  1.1017000    10.2446    10.2488     0.0042     0.0003     8.0625     8.0658    101.037    103.223    1444.06    1444.06     0.0760     0.1254     0.9280     1.5300  0.000e+00
      61137    102.500     5.7330     5.7332    1.11286    1.11325          1     0.7526     0.7427       4.48      0.280     0.4585     0.2490  1.000e-12  1.0156000    10.2798    10.2836     0.0038     0.0002     8.0895     8.0925    101.532    103.728    1444.16    1444.17     0.0737     0.1261     0.8990     1.5390  0.000e+00
      61174    103.000     5.7354     5.7353    1.11394    1.11420          1     0.7523     0.7426       3.99      0.332     0.4436     0.1932  1.000e-12  0.9742000    10.2897    10.2923     0.0026    -0.0001     8.0972     8.0993    102.028    104.233    1444.19    1444.19     0.0740     0.1266     0.9030     1.5460  0.000e+00
      61227    103.500     5.7362     5.7362    1.11462    1.11500          1     0.7520     0.7421       3.37      0.218     0.4493     0.2143  1.000e-12  0.9254000    10.2962    10.3000     0.0038    -0.0000     8.1023     8.1053    102.523    104.738    1444.21    1444.21     0.0734     0.1220     0.8960     1.4890  0.000e+00
      61287    104.000     5.7365     5.7363    1.11512    1.11539          1     0.7517     0.7413       2.90      0.204     0.4614     0.2390  1.000e-12  0.9159000    10.3010    10.3038     0.0028    -0.0001     8.1061     8.1083    103.018    105.243    1444.22    1444.23     0.0719     0.1231     0.8770     1.5040  0.000e+00
      61814    105.000     5.7435     5.7428    1.11688    1.11665          1     0.7511     0.7413       1.82      0.074     0.4562     0.1903  1.001e-12  0.9891000    10.3175    10.3155    -0.0020    -0.0007     8.1191     8.1176    104.008    106.254    1446.21    1446.20     0.0689     0.1115     0.8420     1.3610  0.000e+00
