ctdpy/tests/etc/exprapp_april_2020/SBE09_1387_20200417_1857_77_10_0354.cnv
* Sea-Bird SBE 9 Data File:
* FileName = L:\2020\sv20d0354.hex
* Software Version Seasave V 7.26.7.121
* Temperature SN = 6378
* Conductivity SN = 4824
* Number of Bytes Per Scan = 41
* Number of Voltage Words = 4
* Number of Scans Averaged by the Deck Unit = 1
* NMEA Latitude = 57 18.72 N
* NMEA Longitude = 020 04.57 E
* NMEA UTC (Time) = Apr 17 2020  18:57:15
* NMEA baud rate = 4800
** Station:  BY15
** Operator:  SSip
** Ship: SVEA
** Average sound velocity: 1449.03 m/s
** True-depth calculation Fri, 17 Apr 2020 20:52:33 +0000
** CTD Python Module SMHI /ver 3-12/ feb 2012 
** LIMS Job: 20207710-0354
** Cruise: SMHI-07-2020
** Latitude [GG MM.mm N] :
** Longitude [GGG MM.mm E]:
# nquan = 30
# nvalues = 467                         
# units = specified
# name 0 = scan: Scan Count
# name 1 = prDM: Pressure, Digiquartz [db]
# name 2 = t090C: Temperature [ITS-90, deg C]
# name 3 = t190C: Temperature, 2 [ITS-90, deg C]
# name 4 = c0S/m: Conductivity [S/m]
# name 5 = c1S/m: Conductivity, 2 [S/m]
# name 6 = pumps: Pump Status
# name 7 = sbeox0V: Oxygen raw, SBE 43 [V]
# name 8 = sbeox1V: Oxygen raw, SBE 43, 2 [V]
# name 9 = altM: Altimeter [m]
# name 10 = dz/dtM: Descent Rate [m/s]
# name 11 = flECO-AFL: Chl-a Fluorescence, WET Labs ECO-AFL/FL [mg/m^3]
# name 12 = flECO-AFL1: Phycocyanin Fluorescence, WET Labs ECO-AFL/FL, 2 [mg/m^3]
# name 13 = par: PAR/Irradiance, Biospherical/Lico [µE/(cm^2*s)]
# name 14 = turbWETntu0: Turbidity, WET Labs ECO [NTU]
# name 15 = sal00: Salinity, Practical [PSU]
# name 16 = sal11: Salinity, Practical, 2 [PSU]
# name 17 = secS-priS: Salinity, Practical, Difference, 2 - 1 [PSU]
# name 18 = T2-T190C: Temperature Difference, 2 - 1 [ITS-90, deg C]
# name 19 = sigma-t00: Density [sigma-t, kg/m^3 ]
# name 20 = sigma-t11: Density, 2 [sigma-t, kg/m^3 ]
# name 21 = depSM: Depth [salt water, m], lat = 57.312
# name 22 = depFM: Depth [true depth, m], lat = 57.312
# name 23 = svCM: Sound Velocity [Chen-Millero, m/s]
# name 24 = svCM1: Sound Velocity, 2 [Chen-Millero, m/s]
# name 25 = sbeox0ML/L: Oxygen, SBE 43 [ml/l], WS = 2
# name 26 = sbeox1ML/L: Oxygen, SBE 43, 2 [ml/l], WS = 2
# name 27 = sbeox0PS: Oxygen, SBE 43 [% saturation], WS = 2
# name 28 = sbeox1PS: Oxygen, SBE 43, 2 [% saturation], WS = 2
# name 29 = flag: flag
# span 0 =      33005,      45352       
# span 1 =      2.000,    235.000       
# span 2 =     5.0088,     7.4616       
# span 3 =     5.0100,     7.4610       
# span 4 =   0.821070,   1.455410       
# span 5 =   0.821144,   1.455622       
# span 6 =          1,          1       
# span 7 =     0.7399,     3.6856       
# span 8 =     0.7232,     3.4376       
# span 9 =       2.32,      98.72       
# span 10 =     -0.108,      0.943      
# span 11 =     0.3526,     1.2727      
# span 12 =     0.1008,     0.4018      
# span 13 = -2.070e-04, 2.0361e+00      
# span 14 =     0.1064,     0.8081      
# span 15 =     7.5457,    13.1304      
# span 16 =     7.5464,    13.1327      
# span 17 =    -0.0413,     0.1035      
# span 18 =    -0.0222,     0.0123      
# span 19 =     5.9581,    10.2220      
# span 20 =     5.9586,    10.2238      
# span 21 =      1.982,    232.703      
# span 22 =      2.025,    237.309      
# span 23 =    1436.76,    1456.10      
# span 24 =    1436.76,    1456.11      
# span 25 =     0.0382,     8.2861      
# span 26 =     0.0655,     8.4333      
# span 27 =      0.493,     97.988      
# span 28 =      0.845,     99.727      
# span 29 = 0.0000e+00, 0.0000e+00      
# interval = decibars: 0.5              
# start_time = Apr 17 2020 18:57:16 [NMEA time, first data scan]
# bad_flag = -9.990e-29
*END*
      33005      2.000     5.1923     5.1919    0.82147    0.82153          1     3.6847     3.4373      96.58     -0.108     1.1924     0.3720  2.036e+00  0.1733000     7.5458     7.5465     0.0007    -0.0004     5.9581     5.9587      1.982      2.025    1436.76    1436.76     8.2852     8.4333    97.9760    99.7270  0.000e+00
      33025      2.500     5.1929     5.1923    0.82149    0.82154          1     3.6850     3.4374      96.57      0.341     1.2116     0.3554  1.844e+00  0.1770000     7.5457     7.5464     0.0007    -0.0006     5.9581     5.9587      2.477      2.531    1436.77    1436.77     8.2861     8.4324    97.9880    99.7170  0.000e+00
      33268      3.000     5.1926     5.1924    0.82149    0.82155          1     3.6856     3.4372      96.58      0.257     1.2659     0.3594  1.160e+00  0.1800000     7.5457     7.5464     0.0007    -0.0002     5.9581     5.9586      2.972      3.038    1436.78    1436.77     8.2850     8.4317    97.9740    99.7090  0.000e+00
      33336      3.500     5.1929     5.1922    0.82149    0.82155          1     3.6851     3.4376      96.58      0.272     1.2727     0.3870  9.309e-01  0.1701000     7.5457     7.5464     0.0007    -0.0006     5.9581     5.9586      3.468      3.544    1436.78    1436.78     8.2827     8.4219    97.9480    99.5920  0.000e+00
      33368      4.000     5.1931     5.1926    0.82151    0.82156          1     3.6841     3.4360      96.58      0.363     1.2272     0.3813  6.620e-01  0.1828000     7.5457     7.5464     0.0007    -0.0005     5.9581     5.9586      3.963      4.050    1436.79    1436.79     8.2792     8.4123    97.9070    99.4800  0.000e+00
      33395      4.500     5.1900     5.1900    0.82146    0.82153          1     3.6836     3.4344      96.60      0.418     1.1906     0.3726  5.535e-01  0.1724000     7.5458     7.5465     0.0007     0.0001     5.9583     5.9589      4.459      4.556    1436.79    1436.79     8.2786     8.4080    97.8920    99.4230  0.000e+00
      33416      5.000     5.1905     5.1903    0.82147    0.82154          1     3.6828     3.4337      96.59      0.509     1.2268     0.3795  5.867e-01  0.1894000     7.5458     7.5465     0.0007    -0.0002     5.9583     5.9588      4.954      5.063    1436.80    1436.80     8.2804     8.4145    97.9150    99.5010  0.000e+00
      33439      5.500     5.1906     5.1898    0.82149    0.82154          1     3.6831     3.4335      96.59      0.544     1.1187     0.3924  4.547e-01  0.1857000     7.5459     7.5466     0.0007    -0.0008     5.9583     5.9589      5.449      5.569    1436.80    1436.80     8.2830     8.4153    97.9450    99.5080  0.000e+00
      33464      6.000     5.1916     5.1899    0.82151    0.82155          1     3.6829     3.4325      96.61      0.502     1.1352     0.3879  3.207e-01  0.1736000     7.5458     7.5466     0.0008    -0.0017     5.9582     5.9589      5.945      6.075    1436.82    1436.81     8.2814     8.4110    97.9290    99.4580  0.000e+00
      33494      6.500     5.1907     5.1902    0.82151    0.82156          1     3.6826     3.4323      96.61      0.428     1.1589     0.3907  2.717e-01  0.1842000     7.5459     7.5466     0.0007    -0.0006     5.9583     5.9589      6.440      6.581    1436.82    1436.82     8.2787     8.4214    97.8950    99.5820  0.000e+00
      33526      7.000     5.1912     5.1909    0.82152    0.82158          1     3.6815     3.4333      85.04      0.370     1.1779     0.3826  2.525e-01  0.2064000     7.5458     7.5466     0.0007    -0.0003     5.9582     5.9588      6.935      7.088    1436.83    1436.83     8.2763     8.4280    97.8680    99.6620  0.000e+00
      33549      7.500     5.1904     5.1901    0.82151    0.82158          1     3.6813     3.4335      40.18      0.439     1.1398     0.3506  1.585e-01  0.1918000     7.5459     7.5466     0.0007    -0.0003     5.9583     5.9589      7.431      7.594    1436.84    1436.84     8.2789     8.4233    97.8970    99.6040  0.000e+00
      33570      8.000     5.1897     5.1895    0.82150    0.82157          1     3.6811     3.4336      96.14      0.546     1.1035     0.3453  1.155e-01  0.1948000     7.5459     7.5466     0.0007    -0.0002     5.9584     5.9589      7.926      8.100    1436.84    1436.84     8.2757     8.4234    97.8560    99.6030  0.000e+00
      33593      8.500     5.1901     5.1893    0.82151    0.82158          1     3.6803     3.4333      96.62      0.553     1.1051     0.4000  1.202e-01  0.1872000     7.5459     7.5466     0.0008    -0.0008     5.9583     5.9590      8.422      8.606    1436.85    1436.85     8.2751     8.4156    97.8520    99.5110  0.000e+00
      33623      9.000     5.1889     5.1886    0.82150    0.82157          1     3.6800     3.4319      77.39      0.432     1.1318     0.4018  7.721e-02  0.1807000     7.5459     7.5467     0.0007    -0.0003     5.9584     5.9590      8.917      9.113    1436.85    1436.85     8.2761     8.4103    97.8600    99.4470  0.000e+00
      33649      9.500     5.1884     5.1885    0.82150    0.82157          1     3.6793     3.4316      96.87      0.408     1.1381     0.3827  6.889e-02  0.1741000     7.5460     7.5467     0.0007     0.0001     5.9585     5.9590      9.412      9.619    1436.86    1436.86     8.2733     8.4180    97.8260    99.5370  0.000e+00
      33668     10.000     5.1864     5.1856    0.82146    0.82152          1     3.6791     3.4315      96.63      0.525     1.0656     0.3835  4.246e-02  0.1774000     7.5460     7.5467     0.0007    -0.0008     5.9586     5.9592      9.908     10.125    1436.86    1436.86     8.2755     8.4166    97.8470    99.5130  0.000e+00
      33687     10.500     5.1879     5.1869    0.82150    0.82156          1     3.6789     3.4311      96.64      0.638     1.0339     0.3224  1.691e-02  0.1728000     7.5459     7.5467     0.0008    -0.0010     5.9585     5.9591     10.403     10.631    1436.87    1436.87     8.2753     8.4151    97.8480    99.5000  0.000e+00
      33715     11.000     5.1875     5.1880    0.82150    0.82159          1     3.6782     3.4306      96.65      0.527     1.0472     0.3406  4.914e-03  0.1777000     7.5460     7.5467     0.0007     0.0005     5.9586     5.9591     10.898     11.138    1436.88    1436.88     8.2707     8.4132    97.7930    99.4800  0.000e+00
      33759     11.500     5.1870     5.1878    0.82150    0.82159          1     3.6766     3.4296      96.64      0.203     1.0689     0.3803 -2.070e-04  0.1843000     7.5460     7.5467     0.0007     0.0009     5.9586     5.9591     11.394     11.644    1436.89    1436.89     8.2680     8.4073    97.7590    99.4100  0.000e+00
      33778     12.000     5.1860     5.1874    0.82149    0.82158          1     3.6764     3.4290      96.66      0.379     1.0289     0.3709  3.266e-04  0.1950000     7.5461     7.5467     0.0006     0.0013     5.9587     5.9591     11.889     12.150    1436.89    1436.90     8.2697     8.4048    97.7770    99.3780  0.000e+00
      33792     12.500     5.1868     5.1866    0.82151    0.82159          1     3.6764     3.4284      96.66      0.611     1.0066     0.3287  9.133e-06  0.1899000     7.5460     7.5468     0.0008    -0.0002     5.9586     5.9592     12.385     12.656    1436.90    1436.90     8.2667     8.4013    97.7430    99.3350  0.000e+00
      33806     13.000     5.1864     5.1861    0.82152    0.82158          1     3.6753     3.4278      96.65      0.789     1.0145     0.3370  1.008e-12  0.1804000     7.5461     7.5468     0.0006    -0.0003     5.9587     5.9592     12.880     13.163    1436.91    1436.91     8.2626     8.3961    97.6940    99.2720  0.000e+00
      33824     13.500     5.1840     5.1848    0.82147    0.82156          1     3.6746     3.4265      96.66      0.807     1.0172     0.3616  1.000e-12  0.1797000     7.5462     7.5468     0.0006     0.0009     5.9588     5.9593     13.375     13.669    1436.90    1436.91     8.2621     8.3979    97.6830    99.2910  0.000e+00
      33857     14.000     5.1827     5.1840    0.82145    0.82155          1     3.6732     3.4258      96.66      0.468     1.0000     0.3295  1.000e-12  0.1766000     7.5462     7.5469     0.0007     0.0014     5.9589     5.9594     13.871     14.175    1436.91    1436.91     8.2602     8.4014    97.6560    99.3300  0.000e+00
      33897     14.500     5.1803     5.1821    0.82142    0.82152          1     3.6723     3.4248      96.66      0.259     0.9682     0.3396  1.000e-12  0.1682000     7.5463     7.5470     0.0006     0.0018     5.9591     5.9596     14.366     14.681    1436.90    1436.91     8.2642     8.3953    97.6990    99.2530  0.000e+00
      33920     15.000     5.1797     5.1802    0.82141    0.82149          1     3.6722     3.4239      96.66      0.424     1.0075     0.3082  1.000e-12  0.1782000     7.5463     7.5470     0.0007     0.0005     5.9591     5.9597     14.861     15.188    1436.91    1436.91     8.2598     8.3966    97.6440    99.2640  0.000e+00
      33941     15.500     5.1789     5.1787    0.82140    0.82147          1     3.6710     3.4235      96.66      0.546     1.0149     0.3041  1.000e-12  0.2090000     7.5464     7.5470     0.0006    -0.0002     5.9592     5.9597     15.357     15.694    1436.91    1436.91     8.2546     8.3980    97.5810    99.2760  0.000e+00
      33963     16.000     5.1796     5.1787    0.82142    0.82148          1     3.6703     3.4230      96.68      0.561     0.9170     0.3250  1.000e-12  0.4686000     7.5463     7.5471     0.0008    -0.0009     5.9591     5.9598     15.852     16.200    1436.92    1436.92     8.2570     8.3930    97.6110    99.2170  0.000e+00
      33991     16.500     5.1783     5.1769    0.82141    0.82145          1     3.6697     3.4218      96.38      0.476     0.9228     0.3172  1.000e-12  0.1693000     7.5464     7.5471     0.0007    -0.0015     5.9593     5.9599     16.347     16.706    1436.93    1436.92     8.2555     8.3867    97.5910    99.1380  0.000e+00
      34018     17.000     5.1773     5.1763    0.82139    0.82145          1     3.6691     3.4205      96.67      0.425     0.9666     0.3108  1.000e-12  0.1639000     7.5464     7.5472     0.0007    -0.0009     5.9593     5.9599     16.843     17.213    1436.93    1436.93     8.2571     8.3877    97.6070    99.1480  0.000e+00
      34043     17.500     5.1773     5.1767    0.82140    0.82146          1     3.6689     3.4202      96.68      0.468     0.9568     0.3472  1.000e-12  0.1711000     7.5464     7.5472     0.0007    -0.0006     5.9593     5.9599     17.338     17.719    1436.94    1436.94     8.2573     8.3936    97.6100    99.2200  0.000e+00
      34070     18.000     5.1763     5.1764    0.82138    0.82146          1     3.6683     3.4200      96.70      0.455     0.9760     0.3445  1.000e-12  0.1833000     7.5464     7.5472     0.0008     0.0001     5.9594     5.9600     17.833     18.225    1436.94    1436.94     8.2560     8.3913    97.5920    99.1920  0.000e+00
      34096     18.500     5.1760     5.1757    0.82139    0.82146          1     3.6685     3.4192      96.68      0.448     0.9545     0.3259  1.000e-12  0.2028000     7.5465     7.5472     0.0007    -0.0003     5.9594     5.9600     18.329     18.731    1436.95    1436.95     8.2592     8.3846    97.6290    99.1100  0.000e+00
      34116     19.000     5.1763     5.1750    0.82139    0.82144          1     3.6682     3.4186      96.67      0.510     0.9493     0.3287  1.000e-12  0.1516000     7.5464     7.5472     0.0008    -0.0013     5.9593     5.9600     18.824     19.238    1436.96    1436.95     8.2560     8.3818    97.5910    99.0750  0.000e+00
      34132     19.500     5.1765     5.1751    0.82142    0.82146          1     3.6679     3.4177      96.69      0.629     0.9280     0.2600  1.000e-12  0.1648000     7.5465     7.5473     0.0008    -0.0014     5.9594     5.9601     19.319     19.744    1436.97    1436.96     8.2544     8.3851    97.5730    99.1150  0.000e+00
      34148     20.000     5.1755     5.1752    0.82140    0.82147          1     3.6673     3.4180      96.68      0.731     0.9237     0.2899  1.000e-12  0.1648000     7.5465     7.5473     0.0008    -0.0003     5.9594     5.9601     19.815     20.250    1436.97    1436.97     8.2533     8.3936    97.5580    99.2160  0.000e+00
      34175     20.500     5.1753     5.1748    0.82140    0.82146          1     3.6668     3.4179      96.69      0.572     0.9197     0.3092  1.000e-12  0.1662000     7.5465     7.5472     0.0007    -0.0005     5.9595     5.9600     20.310     20.756    1436.98    1436.97     8.2526     8.3916    97.5490    99.1910  0.000e+00
      34227     21.000     5.1753     5.1751    0.82141    0.82148          1     3.6652     3.4180      96.68      0.182     0.9068     0.3063  1.000e-12  0.1632000     7.5465     7.5472     0.0008    -0.0001     5.9594     5.9601     20.806     21.263    1436.98    1436.98     8.2491     8.3932    97.5070    99.2110  0.000e+00
      34255     21.500     5.1745     5.1738    0.82140    0.82146          1     3.6646     3.4178      96.31      0.335     0.8982     0.3255  1.000e-12  0.1811000     7.5465     7.5473     0.0007    -0.0007     5.9595     5.9601     21.301     21.769    1436.99    1436.99     8.2493     8.3872    97.5080    99.1370  0.000e+00
      34271     22.000     5.1746     5.1738    0.82141    0.82147          1     3.6646     3.4171      96.51      0.534     0.9012     0.3567  1.000e-12  0.1760000     7.5466     7.5473     0.0008    -0.0009     5.9595     5.9602     21.796     22.275    1437.00    1437.00     8.2518     8.3903    97.5380    99.1740  0.000e+00
      34285     22.500     5.1743     5.1735    0.82141    0.82147          1     3.6645     3.4176      96.67      0.702     0.9024     0.3314  1.000e-12  0.1540000     7.5465     7.5473     0.0007    -0.0008     5.9596     5.9602     22.292     22.781    1437.00    1437.00     8.2507     8.3972    97.5240    99.2540  0.000e+00
      34300     23.000     5.1739     5.1737    0.82141    0.82147          1     3.6642     3.4178      96.69      0.806     0.8795     0.3265  1.000e-12  0.1642000     7.5465     7.5472     0.0007    -0.0001     5.9596     5.9601     22.787     23.288    1437.01    1437.01     8.2490     8.3972    97.5030    99.2540  0.000e+00
      34320     23.500     5.1714     5.1722    0.82136    0.82145          1     3.6637     3.4177      96.68      0.756     0.8640     0.3133  1.000e-12  0.1689000     7.5465     7.5472     0.0007     0.0008     5.9597     5.9602     23.282     23.794    1437.01    1437.01     8.2476     8.3941    97.4800    99.2140  0.000e+00
      34358     24.000     5.1719     5.1719    0.82137    0.82145          1     3.6629     3.4170      79.82      0.392     0.9060     0.3878  1.000e-12  0.1670000     7.5465     7.5473     0.0007     0.0000     5.9596     5.9602     23.778     24.300    1437.02    1437.02     8.2477     8.3880    97.4830    99.1420  0.000e+00
      34413     24.500     5.1738     5.1736    0.82143    0.82150          1     3.6616     3.4164      98.36      0.177     0.8875     0.3032  1.000e-12  0.1619000     7.5466     7.5473     0.0007    -0.0002     5.9596     5.9602     24.273     24.806    1437.03    1437.03     8.2455     8.3934    97.4610    99.2090  0.000e+00
      34434     25.000     5.1730     5.1733    0.82142    0.82150          1     3.6619     3.4164      96.65      0.385     0.9007     0.2959  1.000e-12  0.1651000     7.5465     7.5473     0.0008     0.0002     5.9596     5.9602     24.768     25.313    1437.04    1437.04     8.2492     8.3924    97.5030    99.1970  0.000e+00
      34450     25.500     5.1713     5.1712    0.82138    0.82146          1     3.6619     3.4164      96.66      0.574     0.9010     0.3279  1.000e-12  0.1658000     7.5466     7.5474     0.0008    -0.0000     5.9597     5.9603     25.263     25.819    1437.04    1437.04     8.2491     8.3935    97.4970    99.2050  0.000e+00
