ctdpy/tests/etc/exprapp_april_2020/SBE09_1387_20200418_2216_77_10_0358.cnv
* Sea-Bird SBE 9 Data File:
* FileName = L:\2020\sv20d0358.hex
* Software Version Seasave V 7.26.7.121
* Temperature SN = 6378
* Conductivity SN = 4824
* Number of Bytes Per Scan = 41
* Number of Voltage Words = 4
* Number of Scans Averaged by the Deck Unit = 1
* NMEA Latitude = 57 06.99 N
* NMEA Longitude = 017 40.11 E
* NMEA UTC (Time) = Apr 18 2020  22:16:57
* NMEA baud rate = 4800
** Station:  BY38
** Operator:  SSip
** Ship: SVEA
** Average sound velocity: 1438.55 m/s
** True-depth calculation Sat, 18 Apr 2020 23:37:07 +0000
** CTD Python Module SMHI /ver 3-12/ feb 2012 
** LIMS Job: 20207710-0358
** Cruise: SMHI-07-2020
** Latitude [GG MM.mm N] :
** Longitude [GGG MM.mm E]:
# nquan = 30
# nvalues = 207                         
# units = specified
# name 0 = scan: Scan Count
# name 1 = prDM: Pressure, Digiquartz [db]
# name 2 = t090C: Temperature [ITS-90, deg C]
# name 3 = t190C: Temperature, 2 [ITS-90, deg C]
# name 4 = c0S/m: Conductivity [S/m]
# name 5 = c1S/m: Conductivity, 2 [S/m]
# name 6 = pumps: Pump Status
# name 7 = sbeox0V: Oxygen raw, SBE 43 [V]
# name 8 = sbeox1V: Oxygen raw, SBE 43, 2 [V]
# name 9 = altM: Altimeter [m]
# name 10 = dz/dtM: Descent Rate [m/s]
# name 11 = flECO-AFL: Chl-a Fluorescence, WET Labs ECO-AFL/FL [mg/m^3]
# name 12 = flECO-AFL1: Phycocyanin Fluorescence, WET Labs ECO-AFL/FL, 2 [mg/m^3]
# name 13 = par: PAR/Irradiance, Biospherical/Lico [µE/(cm^2*s)]
# name 14 = turbWETntu0: Turbidity, WET Labs ECO [NTU]
# name 15 = sal00: Salinity, Practical [PSU]
# name 16 = sal11: Salinity, Practical, 2 [PSU]
# name 17 = secS-priS: Salinity, Practical, Difference, 2 - 1 [PSU]
# name 18 = T2-T190C: Temperature Difference, 2 - 1 [ITS-90, deg C]
# name 19 = sigma-t00: Density [sigma-t, kg/m^3 ]
# name 20 = sigma-t11: Density, 2 [sigma-t, kg/m^3 ]
# name 21 = depSM: Depth [salt water, m], lat = 57.1165
# name 22 = depFM: Depth [true depth, m], lat = 57.1165
# name 23 = svCM: Sound Velocity [Chen-Millero, m/s]
# name 24 = svCM1: Sound Velocity, 2 [Chen-Millero, m/s]
# name 25 = sbeox0ML/L: Oxygen, SBE 43 [ml/l], WS = 2
# name 26 = sbeox1ML/L: Oxygen, SBE 43, 2 [ml/l], WS = 2
# name 27 = sbeox0PS: Oxygen, SBE 43 [% saturation], WS = 2
# name 28 = sbeox1PS: Oxygen, SBE 43, 2 [% saturation], WS = 2
# name 29 = flag: flag
# span 0 =      55582,      61814       
# span 1 =      1.500,    105.000       
# span 2 =     4.6078,     5.7435       
# span 3 =     4.6086,     5.7428       
# span 4 =   0.788695,   1.116875       
# span 5 =   0.788841,   1.116653       
# span 6 =          1,          1       
# span 7 =     0.7511,     3.8210       
# span 8 =     0.7413,     3.5657       
# span 9 =       1.82,      98.74       
# span 10 =     -0.542,      0.611      
# span 11 =     0.3140,     3.0639      
# span 12 =     0.1316,     0.8203      
# span 13 = 1.0000e-12, 1.5077e+00      
# span 14 =     0.1067,     3.0402      
# span 15 =     7.2622,    10.3175      
# span 16 =     7.2637,    10.3155      
# span 17 =    -0.0020,     0.0080      
# span 18 =    -0.0090,     0.0037      
# span 19 =     5.7379,     8.1191      
# span 20 =     5.7391,     8.1176      
# span 21 =      1.486,    104.008      
# span 22 =      1.519,    106.254      
# span 23 =    1434.88,    1446.21      
# span 24 =    1434.89,    1446.20      
# span 25 =     0.0689,     8.7058      
# span 26 =     0.1115,     8.8687      
# span 27 =      0.842,    102.475      
# span 28 =      1.361,    104.394      
# span 29 = 0.0000e+00, 0.0000e+00      
# interval = decibars: 0.5              
# start_time = Apr 18 2020 22:16:57 [NMEA time, first data scan]
# bad_flag = -9.990e-29
*END*
[from data line 49]
      57286     26.000     5.0560     5.0544    0.79009    0.79020          1     3.7870     3.5352      46.89      0.454     1.8891     0.5327  1.000e-12  0.2900000     7.2631     7.2645     0.0014    -0.0016     5.7401     5.7413     25.759     26.331    1436.18    1436.18     8.6378     8.7988   101.6020   103.4920  0.000e+00
      57315     26.500     5.0543     5.0538    0.79006    0.79019          1     3.7854     3.5338      98.74      0.389     1.7403     0.5003  1.000e-12  0.2542000     7.2631     7.2645     0.0014    -0.0005     5.7402     5.7414     26.255     26.837    1436.18    1436.18     8.6332     8.7868   101.5430   103.3490  0.000e+00
      57337     27.000     5.0555     5.0547    0.79009    0.79023          1     3.7842     3.5326      96.82      0.477     1.6910     0.5106  1.000e-12  0.2648000     7.2631     7.2646     0.0015    -0.0008     5.7401     5.7414     26.750     27.344    1436.19    1436.19     8.6296     8.7930   101.5040   103.4240  0.000e+00
      57358     27.500     5.0520     5.0506    0.79002    0.79014          1     3.7831     3.5323      96.82      0.559     1.5441     0.5108  1.000e-12  0.2884000     7.2631     7.2645     0.0014    -0.0014     5.7403     5.7415     27.245     27.850    1436.19    1436.18     8.6269     8.7927   101.4630   103.4110  0.000e+00
      57384     28.000     5.0482     5.0481    0.78994    0.79009          1     3.7813     3.5312      96.82      0.508     1.5654     0.4585  1.000e-12  0.2798000     7.2630     7.2645     0.0015    -0.0002     5.7404     5.7416     27.741     28.356    1436.18    1436.18     8.6253     8.7873   101.4350   103.3410  0.000e+00
      57414     28.500     5.0439     5.0433    0.78985    0.78999          1     3.7802     3.5298      96.84      0.413     1.5502     0.4595  1.000e-12  0.2925000     7.2630     7.2645     0.0015    -0.0007     5.7405     5.7417     28.236     28.863    1436.17    1436.17     8.6266     8.7811   101.4390   103.2550  0.000e+00
      57440     29.000     5.0405     5.0401    0.78978    0.78992          1     3.7795     3.5284      96.83      0.432     1.3838     0.4787  1.000e-12  0.2712000     7.2630     7.2645     0.0015    -0.0003     5.7407     5.7419     28.731     29.369    1436.16    1436.16     8.6237     8.7797   101.3960   103.2310  0.000e+00
      57464     29.500     5.0378     5.0377    0.78973    0.78988          1     3.7778     3.5273      94.02      0.480     1.2937     0.4403  1.000e-12  0.2759000     7.2631     7.2645     0.0014    -0.0001     5.7408     5.7420     29.227     29.875    1436.16    1436.16     8.6191     8.7743   101.3340   103.1600  0.000e+00
      57487     30.000     5.0353     5.0346    0.78969    0.78982          1     3.7770     3.5256      85.40      0.510     1.2768     0.3829  1.000e-12  0.2316000     7.2631     7.2646     0.0015    -0.0007     5.7410     5.7421     29.722     30.382    1436.15    1436.15     8.6192     8.7703   101.3300   103.1050  0.000e+00
      57512     30.500     5.0336     5.0333    0.78966    0.78980          1     3.7756     3.5248      96.59      0.506     1.2012     0.3373  1.000e-12  0.2474000     7.2631     7.2646     0.0015    -0.0003     5.7410     5.7422     30.217     30.888    1436.15    1436.15     8.6158     8.7778   101.2850   103.1900  0.000e+00
      57539     31.000     5.0319     5.0313    0.78963    0.78977          1     3.7747     3.5240      96.84      0.461     1.1652     0.3761  1.000e-12  0.2412000     7.2632     7.2647     0.0015    -0.0006     5.7411     5.7424     30.713     31.394    1436.15    1436.15     8.6149     8.7741   101.2710   103.1420  0.000e+00
      57564     31.500     5.0299     5.0288    0.78960    0.78973          1     3.7731     3.5229      96.84      0.452     1.1345     0.4034  1.000e-12  0.2557000     7.2632     7.2647     0.0015    -0.0010     5.7413     5.7425     31.208     31.901    1436.15    1436.15     8.6064     8.7668   101.1650   103.0500  0.000e+00
      57588     32.000     5.0263     5.0258    0.78953    0.78966          1     3.7712     3.5213      96.81      0.498     1.0973     0.3477  1.000e-12  0.2534000     7.2632     7.2647     0.0014    -0.0005     5.7414     5.7426     31.703     32.407    1436.14    1436.14     8.6024     8.7593   101.1090   102.9540  0.000e+00
      57612     32.500     5.0231     5.0219    0.78946    0.78959          1     3.7695     3.5198      96.82      0.512     1.0468     0.3420  1.000e-12  0.2477000     7.2632     7.2647     0.0015    -0.0012     5.7415     5.7428     32.199     32.914    1436.14    1436.13     8.5999     8.7564   101.0720   102.9090  0.000e+00
      57638     33.000     5.0175     5.0170    0.78935    0.78949          1     3.7676     3.5179      84.20      0.470     1.0503     0.3696  1.000e-12  0.2074000     7.2633     7.2648     0.0015    -0.0005     5.7418     5.7430     32.694     33.420    1436.12    1436.12     8.5962     8.7498   101.0140   102.8190  0.000e+00
      57662     33.500     5.0149     5.0143    0.78932    0.78945          1     3.7660     3.5161      84.40      0.471     1.0855     0.3452  1.000e-12  0.2322000     7.2634     7.2649     0.0014    -0.0006     5.7420     5.7432     33.189     33.926    1436.12    1436.12     8.5914     8.7464   100.9500   102.7710  0.000e+00
      57685     34.000     5.0120     5.0117    0.78928    0.78942          1     3.7639     3.5146      96.67      0.512     1.0466     0.3587  1.000e-12  0.2559000     7.2636     7.2651     0.0015    -0.0003     5.7423     5.7435     33.685     34.433    1436.11    1436.11     8.5845     8.7474   100.8630   102.7760  0.000e+00
      57710     34.500     5.0081     5.0075    0.78920    0.78934          1     3.7615     3.5133      96.83      0.505     1.0376     0.3288  1.000e-12  0.2438000     7.2637     7.2651     0.0015    -0.0006     5.7425     5.7436     34.180     34.939    1436.10    1436.10     8.5794     8.7423   100.7920   102.7060  0.000e+00
      57737     35.000     5.0045     5.0034    0.78914    0.78926          1     3.7593     3.5113      96.84      0.458     0.9825     0.3776  1.000e-12  0.2325000     7.2637     7.2652     0.0014    -0.0010     5.7427     5.7439     34.675     35.445    1436.10    1436.09     8.5809     8.7333   100.8000   102.5890  0.000e+00
      57763     35.500     5.0003     4.9995    0.78909    0.78921          1     3.7585     3.5090      87.22      0.454     0.9594     0.3855  1.000e-12  0.2244000     7.2641     7.2655     0.0014    -0.0008     5.7431     5.7443     35.171     35.952    1436.09    1436.09     8.5811     8.7276   100.7930   102.5130  0.000e+00
      57786     36.000     4.9981     4.9973    0.78905    0.78919          1     3.7568     3.5072      73.36      0.486     0.9683     0.3179  1.000e-12  0.2191000     7.2642     7.2656     0.0015    -0.0008     5.7432     5.7445     35.666     36.458    1436.09    1436.08     8.5734     8.7234   100.6970   102.4580  0.000e+00
      57810     36.500     4.9927     4.9919    0.78897    0.78909          1     3.7553     3.5055      81.72      0.509     0.9417     0.3394  1.000e-12  0.2300000     7.2644     7.2659     0.0014    -0.0008     5.7437     5.7448     36.161     36.964    1436.07    1436.07     8.5753     8.7266   100.7060   102.4810  0.000e+00
      57833     37.000     4.9876     4.9873    0.78892    0.78905          1     3.7545     3.5043      77.54      0.512     0.9352     0.3229  1.000e-12  0.2111000     7.2650     7.2664     0.0014    -0.0003     5.7443     5.7455     36.657     37.471    1436.06    1436.06     8.5729     8.7221   100.6650   102.4170  0.000e+00
      57859     37.500     4.9876     4.9872    0.78894    0.78908          1     3.7523     3.5023      71.84      0.496     0.9846     0.3346  1.000e-12  0.2806000     7.2651     7.2666     0.0015    -0.0004     5.7444     5.7456     37.152     37.977    1436.06    1436.06     8.5585     8.7133   100.4960   102.3130  0.000e+00
      57887     38.000     4.9887     4.9886    0.78899    0.78914          1     3.7488     3.5003      71.29      0.441     1.0362     0.3317  1.000e-12  0.2502000     7.2653     7.2669     0.0015    -0.0001     5.7445     5.7458     37.647     38.484    1436.08    1436.08     8.5486     8.7048   100.3820   102.2170  0.000e+00
      57911     38.500     4.9847     4.9838    0.78897    0.78910          1     3.7463     3.4977      70.75      0.447     1.0003     0.3639  1.000e-12  0.2444000     7.2659     7.2674     0.0015    -0.0009     5.7452     5.7464     38.142     38.990    1436.07    1436.07     8.5436     8.6882   100.3140   102.0110  0.000e+00
      57932     39.000     4.9764     4.9758    0.78886    0.78900          1     3.7438     3.4947      70.29      0.524     0.8818     0.3185  1.000e-12  0.2205000     7.2667     7.2681     0.0014    -0.0006     5.7461     5.7472     38.638     39.496    1436.04    1436.04     8.5366     8.6757   100.2110   101.8430  0.000e+00
      57952     39.500     4.9706     4.9698    0.78880    0.78894          1     3.7413     3.4919      69.80      0.588     0.8945     0.2754  1.000e-12  0.2023000     7.2672     7.2688     0.0016    -0.0008     5.7467     5.7480     39.133     40.003    1436.02    1436.02     8.5322     8.6790   100.1450   101.8670  0.000e+00
      57976     40.000     4.9623     4.9619    0.78871    0.78885          1     3.7387     3.4900      69.25      0.562     0.9031     0.3321  1.000e-12  0.2221000     7.2681     7.2696     0.0015    -0.0004     5.7477     5.7490     39.628     40.509    1435.99    1435.99     8.5298     8.6809   100.0960   101.8700  0.000e+00
      58006     40.500     4.9593     4.9590    0.78872    0.78887          1     3.7360     3.4876      70.43      0.420     0.8322     0.3310  1.000e-12  0.2174000     7.2688     7.2703     0.0015    -0.0003     5.7484     5.7496     40.124     41.015    1435.99    1435.99     8.5281     8.6786   100.0700   101.8350  0.000e+00
      58034     41.000     4.9567     4.9563    0.78871    0.78885          1     3.7341     3.4856      81.88      0.401     0.8326     0.2878  1.000e-12  0.2091000     7.2692     7.2707     0.0015    -0.0004     5.7489     5.7500     40.619     41.522    1435.99    1435.99     8.5239     8.6747   100.0140   101.7830  0.000e+00
      58055     41.500     4.9556     4.9552    0.78872    0.78886          1     3.7325     3.4842      67.82      0.497     0.8528     0.2994  1.000e-12  0.2379000     7.2694     7.2709     0.0015    -0.0004     5.7491     5.7503     41.114     42.028    1435.99    1435.99     8.5186     8.6741    99.9490   101.7730  0.000e+00
      58075     42.000     4.9522     4.9518    0.78870    0.78884          1     3.7306     3.4832      67.12      0.578     0.8531     0.3244  1.000e-12  0.1950000     7.2699     7.2714     0.0015    -0.0004     5.7495     5.7508     41.610     42.534    1435.98    1435.98     8.5152     8.6737    99.9010   101.7600  0.000e+00
      58099     42.500     4.9505     4.9502    0.78871    0.78886          1     3.7291     3.4818      66.55      0.559     0.8418     0.2698  1.000e-12  0.1951000     7.2704     7.2719     0.0015    -0.0003     5.7500     5.7512     42.105     43.041    1435.99    1435.99     8.5120     8.6649    99.8600   101.6530  0.000e+00
      58129     43.000     4.9493     4.9493    0.78874    0.78889          1     3.7266     3.4790      80.63      0.425     0.8675     0.3197  1.000e-12  0.2239000     7.2709     7.2723     0.0015    -0.0001     5.7504     5.7516     42.600     43.547    1435.99    1435.99     8.5064     8.6473    99.7910   101.4440  0.000e+00
      58158     43.500     4.9467     4.9464    0.78877    0.78891          1     3.7238     3.4757      96.99      0.393     0.8812     0.2669  1.000e-12  0.2584000     7.2716     7.2731     0.0015    -0.0003     5.7511     5.7523     43.095     44.053    1435.99    1435.99     8.4909     8.6318    99.6030   101.2560  0.000e+00
      58179     44.000     4.9440     4.9436    0.78878    0.78892          1     3.7208     3.4729      91.77      0.485     0.8932     0.2815  1.000e-12  0.2272000     7.2723     7.2738     0.0015    -0.0005     5.7517     5.7530     43.591     44.560    1435.98    1435.98     8.4794     8.6287    99.4610   101.2120  0.000e+00
      58199     44.500     4.9389     4.9384    0.78880    0.78895          1     3.7176     3.4708      64.83      0.573     0.8801     0.3164  1.000e-12  0.2150000     7.2736     7.2751     0.0016    -0.0005     5.7530     5.7542     44.086     45.066    1435.97    1435.97     8.4729     8.6329    99.3720   101.2490  0.000e+00
      58223     45.000     4.9329     4.9325    0.78883    0.78897          1     3.7144     3.4693      63.46      0.558     0.8121     0.3001  1.000e-12  0.1995000     7.2751     7.2765     0.0014    -0.0003     5.7544     5.7556     44.581     45.573    1435.95    1435.96     8.4725     8.6318    99.3540   101.2230  0.000e+00
      58252     45.500     4.9298     4.9296    0.78886    0.78900          1     3.7121     3.4667      62.25      0.441     0.8226     0.2932  1.000e-12  0.1870000     7.2759     7.2774     0.0015    -0.0003     5.7552     5.7564     45.077     46.079    1435.95    1435.95     8.4724     8.6210    99.3460   101.0890  0.000e+00
      58278     46.000     4.9288     4.9283    0.78889    0.78903          1     3.7102     3.4644      62.19      0.425     0.7940     0.3237  1.000e-12  0.1879000     7.2765     7.2780     0.0015    -0.0004     5.7557     5.7568     45.572     46.585    1435.95    1435.95     8.4686     8.6192    99.2990   101.0650  0.000e+00
      58300     46.500     4.9291     4.9289    0.78891    0.78905          1     3.7088     3.4631      62.73      0.503     0.7214     0.3266  1.000e-12  0.2090000     7.2764     7.2779     0.0015    -0.0002     5.7556     5.7568     46.067     47.092    1435.96    1435.97     8.4633     8.6187    99.2380   101.0610  0.000e+00
      58321     47.000     4.9285     4.9283    0.78893    0.78907          1     3.7067     3.4617      62.17      0.566     0.7846     0.3339  1.000e-12  0.1993000     7.2767     7.2782     0.0015    -0.0002     5.7559     5.7571     46.563     47.598    1435.97    1435.97     8.4531     8.6110    99.1170   100.9680  0.000e+00
      58345     47.500     4.9244     4.9243    0.78897    0.78911          1     3.7038     3.4596      79.41      0.537     0.7580     0.3383  1.000e-12  0.1881000     7.2779     7.2794     0.0014    -0.0001     5.7570     5.7581     47.058     48.104    1435.96    1435.96     8.4390     8.5946    98.9420   100.7660  0.000e+00
      58373     48.000     4.9211     4.9207    0.78900    0.78914          1     3.6975     3.4549      60.81      0.446     0.7841     0.3272  1.000e-12  0.1955000     7.2790     7.2805     0.0015    -0.0004     5.7579     5.7591     47.553     48.611    1435.96    1435.96     8.3966     8.5510    98.4380   100.2480  0.000e+00
      58400     48.500     4.9150     4.9142    0.78911    0.78925          1     3.6872     3.4473      56.46      0.434     0.7682     0.3108  1.000e-12  0.1954000     7.2813     7.2829     0.0016    -0.0008     5.7600     5.7613     48.048     49.117    1435.94    1435.94     8.3435     8.4909    97.8020    99.5280  0.000e+00
      58423     49.000     4.8950     4.8919    0.78906    0.78919          1     3.6746     3.4373      48.52      0.488     0.7331     0.2812  1.000e-12  0.1961000     7.2851     7.2870     0.0019    -0.0032     5.7638     5.7654     48.544     49.623    1435.86    1435.85     8.2946     8.4315    97.1810    98.7780  0.000e+00
