ctdpy/tests/etc/exprapp_april_2020/SBE09_1387_20200416_0639_77_10_0348.cnv
* Sea-Bird SBE 9 Data File:
* FileName = L:\2020\sv20d0348.hex
* Software Version Seasave V 7.26.7.121
* Temperature SN = 6378
* Conductivity SN = 4824
* Number of Bytes Per Scan = 41
* Number of Voltage Words = 4
* Number of Scans Averaged by the Deck Unit = 1
* NMEA Latitude = 54 58.30 N
* NMEA Longitude = 014 05.87 E
* NMEA UTC (Time) = Apr 16 2020  06:39:21
* NMEA baud rate = 4800
** Station:  BY2
** Operator:  SSip
** Ship: SVEA
** Average sound velocity: 1443.00 m/s
** True-depth calculation Thu, 16 Apr 2020 11:59:44 +0000
** CTD Python Module SMHI /ver 3-12/ feb 2012 
** LIMS Job: 20207710-0348
** Cruise: SMHI-07-2020
** Latitude [GG MM.mm N] :
** Longitude [GGG MM.mm E]:
# nquan = 30
# nvalues = 85                          
# units = specified
# name 0 = scan: Scan Count
# name 1 = prDM: Pressure, Digiquartz [db]
# name 2 = t090C: Temperature [ITS-90, deg C]
# name 3 = t190C: Temperature, 2 [ITS-90, deg C]
# name 4 = c0S/m: Conductivity [S/m]
# name 5 = c1S/m: Conductivity, 2 [S/m]
# name 6 = pumps: Pump Status
# name 7 = sbeox0V: Oxygen raw, SBE 43 [V]
# name 8 = sbeox1V: Oxygen raw, SBE 43, 2 [V]
# name 9 = altM: Altimeter [m]
# name 10 = dz/dtM: Descent Rate [m/s]
# name 11 = flECO-AFL: Chl-a Fluorescence, WET Labs ECO-AFL/FL [mg/m^3]
# name 12 = flECO-AFL1: Phycocyanin Fluorescence, WET Labs ECO-AFL/FL, 2 [mg/m^3]
# name 13 = par: PAR/Irradiance, Biospherical/Lico [µE/(cm^2*s)]
# name 14 = turbWETntu0: Turbidity, WET Labs ECO [NTU]
# name 15 = sal00: Salinity, Practical [PSU]
# name 16 = sal11: Salinity, Practical, 2 [PSU]
# name 17 = secS-priS: Salinity, Practical, Difference, 2 - 1 [PSU]
# name 18 = T2-T190C: Temperature Difference, 2 - 1 [ITS-90, deg C]
# name 19 = sigma-t00: Density [sigma-t, kg/m^3 ]
# name 20 = sigma-t11: Density, 2 [sigma-t, kg/m^3 ]
# name 21 = depSM: Depth [salt water, m], lat = 54.9717
# name 22 = depFM: Depth [true depth, m], lat = 54.9717
# name 23 = svCM: Sound Velocity [Chen-Millero, m/s]
# name 24 = svCM1: Sound Velocity, 2 [Chen-Millero, m/s]
# name 25 = sbeox0ML/L: Oxygen, SBE 43 [ml/l], WS = 2
# name 26 = sbeox1ML/L: Oxygen, SBE 43, 2 [ml/l], WS = 2
# name 27 = sbeox0PS: Oxygen, SBE 43 [% saturation], WS = 2
# name 28 = sbeox1PS: Oxygen, SBE 43, 2 [% saturation], WS = 2
# name 29 = flag: flag
# span 0 =      72895,      75790       
# span 1 =      0.500,     42.500       
# span 2 =     5.6573,     6.3055       
# span 3 =     5.6569,     6.3053       
# span 4 =   0.956324,   1.201861       
# span 5 =   0.956281,   1.223270       
# span 6 =          1,          1       
# span 7 =     2.9379,     3.6361       
# span 8 =     2.7608,     3.3957       
# span 9 =       1.27,      69.61       
# span 10 =     -0.259,      0.678      
# span 11 =     0.3282,     1.4126      
# span 12 =     0.1856,     0.5624      
# span 13 = 8.4148e-02, 1.1638e+03      
# span 14 =     0.1472,     0.9670      
# span 15 =     8.6102,    11.1746      
# span 16 =     8.6104,    11.3908      
# span 17 =    -0.0014,     0.2162      
# span 18 =    -0.1099,     0.0088      
# span 19 =     6.7431,     8.7936      
# span 20 =     6.7432,     8.9642      
# span 21 =      0.495,     42.113      
# span 22 =      0.506,     42.993      
# span 23 =    1441.25,    1444.43      
# span 24 =    1441.29,    1444.69      
# span 25 =     5.9809,     7.8688      
# span 26 =     6.1890,     8.0178      
# span 27 =     73.482,     96.354      
# span 28 =     75.750,     98.196      
# span 29 = 0.0000e+00, 0.0000e+00      
# interval = decibars: 0.5              
# start_time = Apr 16 2020 06:39:22 [NMEA time, first data scan]
# bad_flag = -9.990e-29
*END*
      72895      0.500     6.2555     6.2551    0.95634    0.95628          1     3.5915     3.3164      69.61      0.239     1.1693     0.5624  1.164e+03  0.9670000     8.6109     8.6104    -0.0004    -0.0004     6.7436     6.7432      0.495      0.506    1442.66    1442.66     7.7986     7.9304    95.3770    96.9880  0.000e+00
      72961      1.000     6.2549     6.2546    0.95632    0.95637          1     3.6135     3.3606      45.11      0.314     0.9182     0.3501  7.035e+02  0.2382000     8.6108     8.6113     0.0005    -0.0003     6.7436     6.7440      0.991      1.012    1442.67    1442.67     7.8251     7.9926    95.7000    97.7480  0.000e+00
      72998      1.500     6.2555     6.2548    0.95636    0.95639          1     3.6202     3.3735      43.76      0.300     0.9488     0.3840  3.207e+02  0.2272000     8.6109     8.6114     0.0005    -0.0007     6.7436     6.7440      1.486      1.518    1442.68    1442.68     7.8321     8.0000    95.7870    97.8390  0.000e+00
      73018      2.000     6.2557     6.2552    0.95638    0.95644          1     3.6228     3.3779      43.50      0.447     1.0426     0.3689  3.125e+02  0.2269000     8.6111     8.6117     0.0007    -0.0005     6.7437     6.7443      1.982      2.023    1442.69    1442.69     7.8339     7.9984    95.8100    97.8200  0.000e+00
      73037      2.500     6.2555     6.2552    0.95639    0.95645          1     3.6239     3.3812      43.15      0.602     1.1506     0.3539  2.564e+02  0.2320000     8.6110     8.6118     0.0008    -0.0004     6.7437     6.7443      2.477      2.529    1442.70    1442.69     7.8355     7.9959    95.8290    97.7910  0.000e+00
      73075      3.000     6.2555     6.2551    0.95639    0.95645          1     3.6260     3.3851      42.42      0.393     1.2186     0.3487  2.160e+02  0.2184000     8.6111     8.6117     0.0006    -0.0003     6.7437     6.7442      2.973      3.035    1442.70    1442.70     7.8343     7.9914    95.8140    97.7350  0.000e+00
      73122      3.500     6.2555     6.2551    0.95639    0.95645          1     3.6258     3.3873      41.66      0.230     1.2620     0.3655  2.101e+02  0.2210000     8.6110     8.6116     0.0007    -0.0003     6.7436     6.7442      3.468      3.541    1442.71    1442.71     7.8259     7.9795    95.7110    97.5900  0.000e+00
      73147      4.000     6.2556     6.2551    0.95641    0.95647          1     3.6254     3.3873      41.29      0.419     1.2592     0.3510  1.808e+02  0.2206000     8.6110     8.6117     0.0007    -0.0004     6.7437     6.7442      3.964      4.047    1442.72    1442.72     7.8269     7.9834    95.7240    97.6370  0.000e+00
      73167      4.500     6.2556     6.2551    0.95642    0.95648          1     3.6249     3.3879      40.95      0.520     1.2493     0.3066  1.496e+02  0.2208000     8.6111     8.6117     0.0007    -0.0004     6.7437     6.7443      4.459      4.553    1442.73    1442.73     7.8275     7.9958    95.7310    97.7890  0.000e+00
      73188      5.000     6.2554     6.2551    0.95641    0.95648          1     3.6252     3.3894      40.80      0.599     1.2691     0.3037  1.306e+02  0.2255000     8.6109     8.6117     0.0007    -0.0004     6.7436     6.7442      4.955      5.059    1442.73    1442.73     7.8336     7.9991    95.8050    97.8290  0.000e+00
      73232      5.500     6.2554     6.2552    0.95642    0.95648          1     3.6257     3.3908      39.78      0.283     1.2936     0.3216  1.136e+02  0.2357000     8.6109     8.6116     0.0007    -0.0003     6.7436     6.7442      5.450      5.564    1442.74    1442.74     7.8311     7.9963    95.7740    97.7940  0.000e+00
      73261      6.000     6.2553     6.2547    0.95641    0.95646          1     3.6255     3.3910      39.14      0.324     1.2871     0.3418  1.053e+02  0.2594000     8.6108     8.6115     0.0007    -0.0006     6.7435     6.7441      5.946      6.070    1442.75    1442.75     7.8308     7.9934    95.7710    97.7590  0.000e+00
      73289      6.500     6.2549     6.2545    0.95638    0.95644          1     3.6254     3.3910      38.86      0.465     1.2584     0.3378  9.500e+01  0.2311000     8.6106     8.6112     0.0006    -0.0004     6.7434     6.7439      6.441      6.576    1442.76    1442.75     7.8349     7.9913    95.8200    97.7320  0.000e+00
      73326      7.000     6.2544     6.2543    0.95634    0.95642          1     3.6273     3.3906      38.27      0.301     1.2526     0.3768  8.012e+01  0.2330000     8.6102     8.6111     0.0008    -0.0001     6.7431     6.7438      6.937      7.082    1442.76    1442.76     7.8478     7.9959    95.9760    97.7870  0.000e+00
      73347      7.500     6.2542     6.2538    0.95634    0.95640          1     3.6288     3.3913      37.81      0.425     1.2366     0.3049  7.373e+01  0.2197000     8.6102     8.6109     0.0007    -0.0005     6.7431     6.7437      7.432      7.588    1442.77    1442.77     7.8493     8.0044    95.9940    97.8910  0.000e+00
      73367      8.000     6.2541     6.2537    0.95634    0.95641          1     3.6293     3.3921      37.35      0.575     1.2371     0.2954  6.614e+01  0.2131000     8.6102     8.6109     0.0008    -0.0004     6.7431     6.7437      7.928      8.094    1442.78    1442.77     7.8473     8.0010    95.9700    97.8480  0.000e+00
      73394      8.500     6.2543     6.2540    0.95635    0.95642          1     3.6293     3.3917      36.82      0.517     1.2371     0.3199  5.753e+01  0.2154000     8.6102     8.6109     0.0007    -0.0003     6.7431     6.7437      8.423      8.600    1442.78    1442.78     7.8436     7.9989    95.9250    97.8230  0.000e+00
      73446      9.000     6.2546     6.2543    0.95638    0.95645          1     3.6296     3.3922      35.94      0.189     1.2403     0.3240  5.573e+01  0.2353000     8.6103     8.6110     0.0007    -0.0003     6.7432     6.7438      8.919      9.105    1442.79    1442.79     7.8495     8.0013    95.9980    97.8540  0.000e+00
      73472      9.500     6.2552     6.2549    0.95644    0.95652          1     3.6300     3.3923      35.66      0.339     1.2495     0.3549  4.924e+01  0.2345000     8.6106     8.6115     0.0009    -0.0003     6.7434     6.7441      9.414      9.611    1442.80    1442.80     7.8493     8.0030    95.9960    97.8770  0.000e+00
      73489     10.000     6.2557     6.2552    0.95648    0.95656          1     3.6303     3.3926      35.36      0.542     1.2485     0.3628  4.349e+01  0.2218000     8.6108     8.6117     0.0009    -0.0005     6.7435     6.7442      9.910     10.117    1442.81    1442.81     7.8545     8.0049    96.0620    97.9000  0.000e+00
      73507     10.500     6.2558     6.2555    0.95648    0.95655          1     3.6315     3.3927      34.90      0.678     1.2399     0.2831  3.734e+01  0.2158000     8.6107     8.6115     0.0008    -0.0003     6.7434     6.7440     10.405     10.623    1442.82    1442.82     7.8613     7.9976    96.1450    97.8120  0.000e+00
      73531     11.000     6.2559     6.2557    0.95648    0.95656          1     3.6326     3.3919      34.25      0.601     1.2288     0.3243  3.346e+01  0.2216000     8.6107     8.6114     0.0008    -0.0001     6.7434     6.7440     10.901     11.129    1442.83    1442.83     7.8569     7.9943    96.0910    97.7720  0.000e+00
      73579     11.500     6.2557     6.2562    0.95647    0.95658          1     3.6322     3.3917      33.37      0.228     1.2314     0.3547  3.312e+01  0.2286000     8.6106     8.6115     0.0009     0.0005     6.7433     6.7440     11.396     11.635    1442.84    1442.84     7.8592     8.0091    96.1190    97.9550  0.000e+00
      73612     12.000     6.2559     6.2554    0.95649    0.95655          1     3.6337     3.3934      33.06      0.312     1.2478     0.3253  2.979e+01  0.2218000     8.6106     8.6113     0.0007    -0.0004     6.7433     6.7439     11.892     12.141    1442.85    1442.85     7.8634     8.0152    96.1710    98.0260  0.000e+00
      73632     12.500     6.2560     6.2583    0.95651    0.95677          1     3.6338     3.3939      59.15      0.497     1.2285     0.3351  2.589e+01  0.2490000     8.6107     8.6126     0.0019     0.0024     6.7433     6.7447     12.387     12.646    1442.85    1442.87     7.8594     8.0110    96.1220    97.9830  0.000e+00
      73651     13.000     6.2661     6.2664    0.95720    0.95733          1     3.6335     3.3938      23.44      0.610     1.2302     0.3397  2.284e+01  0.2433000     8.6147     8.6159     0.0012     0.0003     6.7459     6.7469     12.882     13.152    1442.91    1442.91     7.8559     8.0021    96.1060    97.8960  0.000e+00
      73673     13.500     6.2788     6.2751    0.95814    0.95796          1     3.6334     3.3934      31.02      0.602     1.2364     0.3269  2.055e+01  0.2300000     8.6205     8.6198    -0.0008    -0.0037     6.7497     6.7494     13.378     13.658    1442.98    1442.96     7.8556     8.0010    96.1360    97.9070  0.000e+00
      73706     14.000     6.2813     6.2808    0.95832    0.95839          1     3.6336     3.3933      30.94      0.404     1.2524     0.2952  1.931e+01  0.2294000     8.6216     8.6224     0.0008    -0.0005     6.7504     6.7511     13.873     14.164    1443.00    1443.00     7.8562     7.9974    96.1500    97.8780  0.000e+00
      73745     14.500     6.2821     6.2849    0.95837    0.95866          1     3.6334     3.3916      30.37      0.309     1.2482     0.3013  1.788e+01  0.2550000     8.6218     8.6239     0.0022     0.0028     6.7505     6.7520     14.369     14.670    1443.01    1443.03     7.8531     7.9895    96.1140    97.7920  0.000e+00
      73777     15.000     6.2870     6.2834    0.95872    0.95855          1     3.6335     3.3924      29.92      0.353     1.2552     0.3439  1.584e+01  0.2299000     8.6239     8.6231    -0.0008    -0.0036     6.7519     6.7515     14.864     15.176    1443.04    1443.03     7.8607     8.0081    96.2200    98.0160  0.000e+00
      73800     15.500     6.2838     6.2839    0.95845    0.95856          1     3.6348     3.3926      29.58      0.444     1.2511     0.2949  1.394e+01  0.2296000     8.6220     8.6230     0.0010     0.0001     6.7506     6.7514     15.360     15.682    1443.03    1443.04     7.8652     8.0027    96.2670    97.9500  0.000e+00
      73819     16.000     6.2829     6.2823    0.95839    0.95845          1     3.6352     3.3929      29.13      0.560     1.2385     0.3253  1.256e+01  0.2352000     8.6216     8.6223     0.0007    -0.0005     6.7503     6.7509     15.855     16.187    1443.04    1443.04     7.8626     8.0068    96.2320    97.9960  0.000e+00
      73841     16.500     6.2868     6.2862    0.95873    0.95876          1     3.6349     3.3932      28.53      0.594     1.2489     0.3289  1.136e+01  0.2392000     8.6238     8.6242     0.0005    -0.0007     6.7518     6.7522     16.351     16.693    1443.07    1443.06     7.8579     8.0046    96.1850    97.9800  0.000e+00
      73880     17.000     6.2919     6.2904    0.95915    0.95913          1     3.6347     3.3934      27.77      0.346     1.2516     0.3298  1.072e+01  0.2242000     8.6265     8.6267     0.0002    -0.0015     6.7536     6.7539     16.846     17.199    1443.10    1443.09     7.8603     8.0052    96.2280    98.0000  0.000e+00
      73919     17.500     6.3007     6.3000    0.95991    0.95994          1     3.6356     3.3938      27.34      0.271     1.2750     0.3474  9.908e+00  0.2269000     8.6316     8.6320     0.0004    -0.0007     6.7571     6.7575     17.342     17.705    1443.15    1443.15     7.8648     7.9998    96.3080    97.9600  0.000e+00
      73940     18.000     6.3009     6.3007    0.95992    0.95999          1     3.6361     3.3932      26.94      0.449     1.2731     0.3404  8.876e+00  0.2264000     8.6315     8.6323     0.0008    -0.0002     6.7570     6.7577     17.837     18.211    1443.16    1443.16     7.8581     7.9981    96.2270    97.9400  0.000e+00
      73959     18.500     6.3034     6.3026    0.96018    0.96018          1     3.6351     3.3932      26.49      0.578     1.2623     0.2931  7.880e+00  0.2346000     8.6334     8.6335     0.0002    -0.0008     6.7583     6.7585     18.332     18.717    1443.18    1443.18     7.8545     8.0017    96.1890    97.9890  0.000e+00
      73982     19.000     6.3042     6.3039    0.96027    0.96033          1     3.6349     3.3935      25.79      0.588     1.2521     0.2938  7.123e+00  0.2232000     8.6340     8.6346     0.0006    -0.0003     6.7588     6.7593     18.828     19.223    1443.19    1443.19     7.8601     8.0062    96.2610    98.0480  0.000e+00
      74016     19.500     6.3031     6.3031    0.96017    0.96024          1     3.6356     3.3942      25.26      0.394     1.2680     0.3062  6.601e+00  0.2360000     8.6332     8.6339     0.0007     0.0000     6.7582     6.7588     19.323     19.728    1443.20    1443.20     7.8636     8.0105    96.3000    98.0990  0.000e+00
      74051     20.000     6.3050     6.3043    0.96042    0.96041          1     3.6360     3.3953      24.80      0.316     1.2935     0.3343  6.232e+00  0.2349000     8.6351     8.6352     0.0000    -0.0007     6.7596     6.7597     19.819     20.234    1443.21    1443.21     7.8634     8.0147    96.3030    98.1550  0.000e+00
      74078     20.500     6.3055     6.3053    0.96047    0.96054          1     3.6361     3.3953      23.81      0.413     1.2897     0.3170  5.650e+00  0.2262000     8.6354     8.6361     0.0007    -0.0002     6.7598     6.7603     20.314     20.740    1443.22    1443.22     7.8601     8.0028    96.2650    98.0120  0.000e+00
      74104     21.000     6.3055     6.3045    0.96069    0.96077          1     3.6351     3.3946      23.64      0.461     1.2859     0.3421  5.058e+00  0.2215000     8.6374     8.6385     0.0011    -0.0010     6.7614     6.7623     20.810     21.246    1443.23    1443.23     7.8584     8.0035    96.2450    98.0200  0.000e+00
      74130     21.500     6.3055     6.3050    0.96067    0.96078          1     3.6352     3.3945      23.24      0.466     1.2770     0.3329  4.569e+00  0.2300000     8.6372     8.6383     0.0011    -0.0005     6.7612     6.7621     21.305     21.752    1443.24    1443.24     7.8624     8.0080    96.2930    98.0760  0.000e+00
      74157     22.000     6.3050     6.3043    0.96077    0.96089          1     3.6354     3.3951      22.76      0.454     1.2842     0.3146  4.235e+00  0.2330000     8.6382     8.6395     0.0013    -0.0007     6.7620     6.7631     21.801     22.258    1443.25    1443.25     7.8639     8.0178    96.3110    98.1960  0.000e+00
      74186     22.500     6.3044     6.3043    0.96089    0.96095          1     3.6359     3.3957      22.21      0.424     1.2872     0.3739  3.947e+00  0.2359000     8.6394     8.6400     0.0006    -0.0001     6.7630     6.7635     22.296     22.763    1443.26    1443.26     7.8674     8.0120    96.3540    98.1240  0.000e+00
      74212     23.000     6.3038     6.3031    0.96095    0.96107          1     3.6361     3.3957      21.71      0.438     1.3101     0.3484  3.629e+00  0.2151000     8.6401     8.6414     0.0013    -0.0006     6.7636     6.7646     22.791     23.269    1443.26    1443.26     7.8646     8.0107    96.3180    98.1070  0.000e+00
      74241     23.500     6.3005     6.2997    0.96117    0.96128          1     3.6360     3.3949      21.20      0.438     1.3029     0.3568  3.336e+00  0.2239000     8.6430     8.6442     0.0012    -0.0008     6.7661     6.7671     23.287     23.775    1443.26    1443.26     7.8660     8.0042    96.3290    98.0210  0.000e+00
      74273     24.000     6.2988     6.2989    0.96124    0.96130          1     3.6355     3.3945      20.63      0.380     1.2983     0.3443  3.098e+00  0.2259000     8.6440     8.6445     0.0005     0.0001     6.7670     6.7674     23.782     24.281    1443.26    1443.26     7.8622     8.0106    96.2790    98.0970  0.000e+00
