ctdpy/tests/etc/exprapp_april_2020/SBE09_1387_20200415_1326_77_10_0345.cnv
* Sea-Bird SBE 9 Data File:
* FileName = L:\2020\sv20d0345.hex
* Software Version Seasave V 7.26.7.121
* Temperature SN = 6378
* Conductivity SN = 4824
* Number of Bytes Per Scan = 41
* Number of Voltage Words = 4
* Number of Scans Averaged by the Deck Unit = 1
* NMEA Latitude = 56 40.11 N
* NMEA Longitude = 012 06.63 E
* NMEA UTC (Time) = Apr 15 2020  13:26:07
* NMEA baud rate = 4800
** Station:  Anholt
** Operator:  JKro
** Ship: SVEA
** Average sound velocity: 1467.60 m/s
** True-depth calculation Wed, 15 Apr 2020 16:23:54 +0000
** CTD Python Module SMHI /ver 3-12/ feb 2012 
** LIMS Job: 20207710-0345
** Cruise: SMHI-07-2020
** Latitude [GG MM.mm N] :
** Longitude [GGG MM.mm E]:
# nquan = 30
# nvalues = 116                         
# units = specified
# name 0 = scan: Scan Count
# name 1 = prDM: Pressure, Digiquartz [db]
# name 2 = t090C: Temperature [ITS-90, deg C]
# name 3 = t190C: Temperature, 2 [ITS-90, deg C]
# name 4 = c0S/m: Conductivity [S/m]
# name 5 = c1S/m: Conductivity, 2 [S/m]
# name 6 = pumps: Pump Status
# name 7 = sbeox0V: Oxygen raw, SBE 43 [V]
# name 8 = sbeox1V: Oxygen raw, SBE 43, 2 [V]
# name 9 = altM: Altimeter [m]
# name 10 = dz/dtM: Descent Rate [m/s]
# name 11 = flECO-AFL: Chl-a Fluorescence, WET Labs ECO-AFL/FL [mg/m^3]
# name 12 = flECO-AFL1: Phycocyanin Fluorescence, WET Labs ECO-AFL/FL, 2 [mg/m^3]
# name 13 = par: PAR/Irradiance, Biospherical/Lico [µE/(cm^2*s)]
# name 14 = turbWETntu0: Turbidity, WET Labs ECO [NTU]
# name 15 = sal00: Salinity, Practical [PSU]
# name 16 = sal11: Salinity, Practical, 2 [PSU]
# name 17 = secS-priS: Salinity, Practical, Difference, 2 - 1 [PSU]
# name 18 = T2-T190C: Temperature Difference, 2 - 1 [ITS-90, deg C]
# name 19 = sigma-t00: Density [sigma-t, kg/m^3 ]
# name 20 = sigma-t11: Density, 2 [sigma-t, kg/m^3 ]
# name 21 = depSM: Depth [salt water, m], lat = 56.6685
# name 22 = depFM: Depth [true depth, m], lat = 56.6685
# name 23 = svCM: Sound Velocity [Chen-Millero, m/s]
# name 24 = svCM1: Sound Velocity, 2 [Chen-Millero, m/s]
# name 25 = sbeox0ML/L: Oxygen, SBE 43 [ml/l], WS = 2
# name 26 = sbeox1ML/L: Oxygen, SBE 43, 2 [ml/l], WS = 2
# name 27 = sbeox0PS: Oxygen, SBE 43 [% saturation], WS = 2
# name 28 = sbeox1PS: Oxygen, SBE 43, 2 [% saturation], WS = 2
# name 29 = flag: flag
# span 0 =      49551,      52934       
# span 1 =      1.000,     58.500       
# span 2 =     5.6359,     6.9692       
# span 3 =     5.6732,     6.9695       
# span 4 =   2.122930,   3.260375       
# span 5 =   2.122911,   3.259986       
# span 6 =          1,          1       
# span 7 =     2.8745,     3.6493       
# span 8 =     2.7024,     3.4153       
# span 9 =       0.06,      95.87       
# span 10 =     -0.791,      0.666      
# span 11 =     0.2790,     0.9499      
# span 12 =     0.1485,     0.2909      
# span 13 = 1.0000e-12, 9.8043e+02      
# span 14 =     0.1664,     2.7971      
# span 15 =    20.0216,    32.8324      
# span 16 =    20.0199,    32.8283      
# span 17 =    -0.1796,     0.2527      
# span 18 =    -0.0696,     0.0538      
# span 19 =    15.6490,    25.8206      
# span 20 =    15.6476,    25.8174      
# span 21 =      0.991,     57.956      
# span 22 =      1.003,     58.309      
# span 23 =    1459.26,    1473.59      
# span 24 =    1459.26,    1473.58      
# span 25 =     4.9843,     7.2017      
# span 26 =     5.1056,     7.3478      
# span 27 =     71.372,     96.396      
# span 28 =     73.110,     98.437      
# span 29 = 0.0000e+00, 0.0000e+00      
# interval = decibars: 0.5              
# start_time = Apr 15 2020 13:26:08 [NMEA time, first data scan]
# bad_flag = -9.990e-29
*END*
      49551      1.000     6.9692     6.9683    2.12308    2.12310          1     3.6454     3.4153       0.80     -0.791     0.7546     0.2826  9.804e+02  0.2400000    20.0218    20.0225     0.0007    -0.0009    15.6492    15.6498      0.991      1.003    1459.87    1459.88     7.1693     7.3282    96.1690    98.2990  0.000e+00
      49569      1.500     6.9691     6.9695    2.12307    2.12292          1     3.6459     3.4141       0.35     -0.322     0.7449     0.2673  3.149e+02  0.2735000    20.0216    20.0199    -0.0017     0.0004    15.6490    15.6476      1.486      1.504    1459.89    1459.88     7.1724     7.3280    96.2110    98.2970  0.000e+00
      49583      2.000     6.9679     6.9677    2.12303    2.12298          1     3.6457     3.4141       0.19      0.271     0.7559     0.2705  2.182e+02  0.2467000    20.0218    20.0214    -0.0004    -0.0001    15.6493    15.6490      1.982      2.006    1459.89    1459.89     7.1729     7.3291    96.2140    98.3090  0.000e+00
      49669      2.500     6.9615     6.9603    2.12293    2.12295          1     3.6476     3.4121       0.15      0.326     0.8259     0.2909  2.026e+02  0.2056000    20.0243    20.0252     0.0009    -0.0012    15.6519    15.6527      2.477      2.507    1459.87    1459.87     7.1853     7.3235    96.3680    98.2190  0.000e+00
      49716      3.000     6.9614     6.9617    2.12302    2.12291          1     3.6493     3.4114       0.19      0.408     0.8420     0.2486  1.815e+02  0.2300000    20.0251    20.0238    -0.0012     0.0003    15.6525    15.6515      2.972      3.009    1459.88    1459.88     7.1874     7.3254    96.3960    98.2460  0.000e+00
      49740      3.500     6.9623     6.9622    2.12300    2.12294          1     3.6489     3.4106       0.42      0.521     0.8411     0.2525  1.475e+02  0.2295000    20.0243    20.0237    -0.0005    -0.0002    15.6518    15.6514      3.468      3.510    1459.89    1459.89     7.1836     7.3224    96.3460    98.2080  0.000e+00
      49817      4.000     6.9625     6.9617    2.12305    2.12294          1     3.6457     3.4115       0.09      0.084     0.8421     0.2539  1.314e+02  0.4210000    20.0245    20.0238    -0.0007    -0.0008    15.6519    15.6514      3.963      4.011    1459.90    1459.90     7.1667     7.3371    96.1210    98.4040  0.000e+00
      49837      4.500     6.9627     6.9619    2.12306    2.12301          1     3.6434     3.4121       0.06      0.401     0.8294     0.2193  1.141e+02  0.3000000    20.0244    20.0243    -0.0000    -0.0009    15.6518    15.6518      4.459      4.513    1459.91    1459.91     7.1620     7.3395    96.0580    98.4370  0.000e+00
      49857      5.000     6.9622     6.9619    2.12307    2.12299          1     3.6426     3.4128       0.08      0.666     0.8395     0.1877  9.795e+01  0.2475000    20.0246    20.0239    -0.0007    -0.0003    15.6520    15.6515      4.954      5.014    1459.92    1459.92     7.1666     7.3377    96.1190    98.4120  0.000e+00
      49907      5.500     6.9621     6.9623    2.12312    2.12303          1     3.6424     3.4128       0.97      0.279     0.8582     0.2655  9.062e+01  0.2099000    20.0250    20.0240    -0.0010     0.0002    15.6524    15.6515      5.450      5.516    1459.93    1459.93     7.1727     7.3325    96.2010    98.3430  0.000e+00
      49946      6.000     6.9634     6.9629    2.12318    2.12308          1     3.6438     3.4120       3.79      0.272     0.8130     0.2575  8.538e+01  0.2040000    20.0247    20.0240    -0.0007    -0.0005    15.6520    15.6515      5.945      6.017    1459.94    1459.94     7.1820     7.3247    96.3270    98.2400  0.000e+00
      49967      6.500     6.9648     6.9652    2.12324    2.12316          1     3.6450     3.4113       2.04      0.489     0.7925     0.2815  7.023e+01  0.2092000    20.0244    20.0233    -0.0011     0.0004    15.6516    15.6507      6.440      6.518    1459.95    1459.95     7.1802     7.3264    96.3070    98.2670  0.000e+00
      49989      7.000     6.9654     6.9655    2.12329    2.12321          1     3.6447     3.4108       1.66      0.565     0.8101     0.2747  5.941e+01  0.2107000    20.0243    20.0235    -0.0009     0.0001    15.6515    15.6508      6.936      7.020    1459.96    1459.96     7.1724     7.3241    96.2040    98.2380  0.000e+00
      50029      7.500     6.9637     6.9640    2.12330    2.12321          1     3.6411     3.4088       2.29      0.341     0.8263     0.2276  5.554e+01  0.2099000    20.0253    20.0242    -0.0011     0.0004    15.6524    15.6515      7.431      7.521    1459.97    1459.97     7.1558     7.3079    95.9780    98.0180  0.000e+00
      50070      8.000     6.9669     6.9680    2.12328    2.12319          1     3.6376     3.4047       3.57      0.238     0.8277     0.2391  5.247e+01  0.1975000    20.0231    20.0215    -0.0015     0.0011    15.6503    15.6491      7.927      8.023    1459.98    1459.99     7.1590     7.3062    96.0270    98.0020  0.000e+00
      50086      8.500     6.9390     6.9468    2.12363    2.12348          1     3.6383     3.4053       3.80      0.457     0.8379     0.2572  4.633e+01  0.2085000    20.0427    20.0367    -0.0061     0.0078    15.6686    15.6631      8.422      8.524    1459.90    1459.93     7.1746     7.3279    96.1850    98.2540  0.000e+00
      50104      9.000     6.8602     6.9075    2.12553    2.12425          1     3.6399     3.4062       1.61      0.655     0.8581     0.2668  3.981e+01  0.2127000    20.1081    20.0673    -0.0409     0.0473    15.7279    15.6911      8.917      9.026    1459.67    1459.81     7.1855     7.3339    96.1910    98.2630  0.000e+00
      50133      9.500     6.8210     6.8261    2.12718    2.12690          1     3.6402     3.4065       1.99      0.520     0.9129     0.2802  3.448e+01  0.2153000    20.1481    20.1421    -0.0060     0.0052    15.7631    15.7579      9.413      9.527    1459.57    1459.59     7.1921     7.3414    96.2160    98.2200  0.000e+00
      50171     10.000     6.8292     6.8111    2.12717    2.12772          1     3.6400     3.4053       0.93      0.301     0.9499     0.2678  3.288e+01  0.2174000    20.1430    20.1593     0.0163    -0.0182    15.7583    15.7729      9.908     10.028    1459.61    1459.55     7.1892     7.3365    96.1920    98.1310  0.000e+00
      50197     10.500     6.7969     6.8330    2.12816    2.12708          1     3.6412     3.4055       0.14      0.381     0.9184     0.2568  3.003e+01  0.2003000    20.1719    20.1397    -0.0323     0.0361    15.7843    15.7554     10.404     10.530    1459.52    1459.63     7.2017     7.3436    96.3030    98.2650  0.000e+00
      50216     11.000     6.8830     6.8595    2.12582    2.12658          1     3.6419     3.4063       3.77      0.541     0.9380     0.2646  2.646e+01  0.2394000    20.0973    20.1189     0.0216    -0.0235    15.7171    15.7364     10.899     11.031    1459.78    1459.72     7.1851     7.3478    96.2310    98.3690  0.000e+00
      50237     11.500     6.8330     6.8237    2.12807    2.12828          1     3.6407     3.4071       4.44      0.604     0.9185     0.2658  2.331e+01  0.2403000    20.1496    20.1572     0.0076    -0.0092    15.7632    15.7701     11.394     11.532    1459.65    1459.63     7.1755     7.3372    96.0220    98.1680  0.000e+00
      50264     12.000     6.9006     6.9116    2.12551    2.12501          1     3.6358     3.4041       5.00      0.488     0.8827     0.2665  2.121e+01  0.2187000    20.0834    20.0719    -0.0115     0.0109    15.7044    15.6943     11.890     12.034    1459.85    1459.89     7.1434     7.3010    95.7040    97.8340  0.000e+00
      50296     12.500     6.9438     6.9501    2.12412    2.12382          1     3.6288     3.4010       5.34      0.382     0.8521     0.2871  1.975e+01  0.1963000    20.0438    20.0369    -0.0068     0.0063    15.6690    15.6629     12.385     12.535    1459.99    1460.01     7.1227     7.2989    95.5000    97.8730  0.000e+00
      50322     13.000     6.9180     6.9256    2.12504    2.12491          1     3.6256     3.4008       4.80      0.417     0.8828     0.2722  1.781e+01  0.2104000    20.0681    20.0623    -0.0057     0.0076    15.6906    15.6854     12.881     13.037    1459.92    1459.95     7.1362     7.3170    95.6380    98.0750  0.000e+00
      50343     13.500     6.8608     6.8306    2.12724    2.12876          1     3.6258     3.4010      65.83      0.516     0.8543     0.2664  1.588e+01  0.2095000    20.1241    20.1575     0.0334    -0.0303    15.7403    15.7696     13.376     13.538    1459.77    1459.69     7.1564     7.3274    95.8140    98.0540  0.000e+00
      50367     14.000     6.7558     6.7211    2.13379    2.13594          1     3.6275     3.4003      95.87      0.535     0.8922     0.2835  1.426e+01  0.2098000    20.2535    20.2962     0.0427    -0.0346    15.8524    15.8894     13.871     14.039    1459.51    1459.42     7.1771     7.3330    95.9320    97.9620  0.000e+00
      50394     14.500     6.6765     6.6893    2.13878    2.13775          1     3.6285     3.3989      48.15      0.471     0.9288     0.2842  1.321e+01  0.2035000    20.3520    20.3337    -0.0183     0.0128    15.9376    15.9220     14.367     14.541    1459.32    1459.35     7.1825     7.3283    95.8850    97.8500  0.000e+00
      50422     15.000     6.6530     6.6515    2.14062    2.14067          1     3.6271     3.3967      46.24      0.431     0.9372     0.2643  1.224e+01  0.2134000    20.3849    20.3863     0.0014    -0.0014    15.9658    15.9670     14.862     15.042    1459.27    1459.27     7.1753     7.3286    95.7550    97.7990  0.000e+00
      50448     15.500     6.6411     6.6402    2.14211    2.14236          1     3.6264     3.3954      70.15      0.439     0.9024     0.2539  1.093e+01  0.2281000    20.4073    20.4105     0.0032    -0.0009    15.9846    15.9872     15.358     15.543    1459.26    1459.26     7.1849     7.3216    95.8710    97.6950  0.000e+00
      50474     16.000     6.6281     6.6268    2.14547    2.14577          1     3.6273     3.3927      45.27      0.467     0.8936     0.2569  9.795e+00  0.2537000    20.4499    20.4538     0.0039    -0.0013    16.0193    16.0224     15.853     16.044    1459.27    1459.27     7.1845     7.3238    95.8640    97.7210  0.000e+00
      50498     16.500     6.6097     6.6109    2.14901    2.14902          1     3.6262     3.3930      44.67      0.485     0.8453     0.2696  8.966e+00  0.3008000    20.4976    20.4970    -0.0007     0.0013    16.0586    16.0579     16.348     16.546    1459.26    1459.27     7.1723     7.3234    95.6880    97.7070  0.000e+00
      50521     17.000     6.6226     6.6764    2.14883    2.14444          1     3.6209     3.3879      49.70      0.512     0.8296     0.2476  8.295e+00  0.2092000    20.4879    20.4101    -0.0778     0.0538    16.0497    15.9833     16.844     17.047    1459.31    1459.43     7.0889     7.2159    94.5990    96.3670  0.000e+00
      50548     17.500     6.6658     6.6236    2.15555    2.16044          1     3.5934     3.3716      62.69      0.478     0.8383     0.2242  7.648e+00  0.2190000    20.5319    20.6082     0.0763    -0.0423    16.0800    16.1441     17.339     17.548    1459.55    1459.47     6.9430     7.1246    92.7730    95.1520  0.000e+00
      50575     18.000     6.7260     6.7430    2.15475    2.15272          1     3.5600     3.3503      30.00      0.439     0.8123     0.2445  6.867e+00  0.2329000    20.4874    20.4562    -0.0312     0.0170    16.0391    16.0129     17.834     18.049    1459.75    1459.78     6.8278     6.9878    91.3380    93.4980  0.000e+00
      50602     18.500     6.5707     6.5010    2.20798    2.22786          1     3.5233     3.3204      42.38      0.446     0.6871     0.2230  6.181e+00  0.2269000    21.1426    21.3953     0.2527    -0.0696    16.5694    16.7749     18.330     18.550    1459.94    1459.97     6.7472     6.8451    90.3150    91.6270  0.000e+00
      50628     19.000     6.0581     6.1050    2.35668    2.34280          1     3.4921     3.2850      79.75      0.455     0.6926     0.2073  5.710e+00  0.2212000    23.0442    22.8646    -0.1796     0.0469    18.1156    17.9696     18.825     19.051    1460.24    1460.20     6.6438     6.6840    88.9580    89.4910  0.000e+00
      50652     19.500     5.8691     5.8289    2.42306    2.44161          1     3.4482     3.2431      63.31      0.476     0.7281     0.2357  5.385e+00  0.2186000    23.8914    24.1210     0.2296    -0.0402    18.8016    18.9865     19.321     19.551    1460.53    1460.66     6.4580     6.4874    86.5640    87.0050  0.000e+00
      50677     20.000     5.6359     5.6732    2.52494    2.53822          1     3.3960     3.1960      41.42      0.493     0.5752     0.2566  5.024e+00  0.2150000    25.1663    25.2836     0.1172     0.0373    19.8296    19.9184     19.816     20.051    1461.19    1461.49     6.2935     6.3205    84.6010    85.1070  0.000e+00
      50703     20.500     5.6852     5.6945    2.65319    2.65238          1     3.3409     3.1477      40.74      0.474     0.4303     0.2121  4.595e+00  0.1842000    26.5352    26.5188    -0.0164     0.0093    20.9046    20.8907     20.311     20.550    1463.12    1463.14     6.1249     6.1826    83.1840    83.9780  0.000e+00
      50730     21.000     5.7242     5.7316    2.69947    2.71381          1     3.2953     3.1057      81.99      0.440     0.4354     0.1872  4.171e+00  0.1664000    27.0135    27.1656     0.1521     0.0074    21.2780    21.3972     20.807     21.048    1463.90    1464.12     6.0669     6.1318    82.7370    83.7220  0.000e+00
      50755     21.500     5.7072     5.7098    2.74985    2.74777          1     3.2687     3.0788      93.53      0.452     0.4349     0.1530  3.878e+00  0.1825000    27.5821    27.5570    -0.0251     0.0026    21.7285    21.7084     21.302     21.547    1464.55    1464.53     6.0482     6.1399    82.7620    84.0070  0.000e+00
      50776     22.000     5.7073     5.7082    2.75017    2.75016          1     3.2547     3.0635      38.93      0.519     0.4306     0.2037  3.661e+00  0.1836000    27.5855    27.5846    -0.0009     0.0009    21.7311    21.7303     21.797     22.045    1464.56    1464.57     6.0496     6.1575    82.7830    84.2610  0.000e+00
      50797     22.500     5.7075     5.7080    2.75019    2.75000          1     3.2449     3.0532      38.67      0.579     0.4132     0.1485  3.488e+00  0.1769000    27.5853    27.5828    -0.0025     0.0006    21.7310    21.7289     22.293     22.544    1464.57    1464.57     6.0519     6.1748    82.8150    84.4960  0.000e+00
      50822     23.000     5.7074     5.7087    2.74940    2.74914          1     3.2357     3.0434      38.13      0.532     0.3934     0.2512  3.313e+00  0.1832000    27.5765    27.5725    -0.0039     0.0013    21.7240    21.7208     22.788     23.042    1464.57    1464.57     5.9835     6.0998    81.8740    83.4650  0.000e+00
      50853     23.500     5.7068     5.7090    2.74820    2.74697          1     3.1955     3.0112      63.58      0.403     0.3984     0.1497  3.128e+00  0.1725000    27.5635    27.5481    -0.0154     0.0022    21.7139    21.7015     23.283     23.541    1464.56    1464.55     5.7408     5.8257    78.5440    79.7020  0.000e+00
      50878     24.000     5.7333     5.7360    2.78761    2.79382          1     3.1455     2.9693      36.94      0.429     0.4204     0.1779  2.936e+00  0.1746000    27.9770    28.0435     0.0665     0.0026    22.0373    22.0895     23.779     24.039    1465.20    1465.29     5.5988     5.6584    76.8590    77.7170  0.000e+00
      50899     24.500     5.8207     5.8193    2.89201    2.89080          1     3.1100     2.9367      36.80      0.530     0.4436     0.2246  2.742e+00  0.2919000    29.0585    29.0464    -0.0122    -0.0015    22.8815    22.8720     24.274     24.537    1466.92    1466.90     5.5073     5.5704    76.3080    77.1730  0.000e+00
