ctdpy/tests/etc/exprapp_april_2020/SBE09_1387_20200415_0708_77_10_0343.cnv
* Sea-Bird SBE 9 Data File:
* FileName = L:\2020\sv20d0343.hex
* Software Version Seasave V 7.26.7.121
* Temperature SN = 6378
* Conductivity SN = 4824
* Number of Bytes Per Scan = 41
* Number of Voltage Words = 4
* Number of Scans Averaged by the Deck Unit = 1
* NMEA Latitude = 57 11.48 N
* NMEA Longitude = 011 39.54 E
* NMEA UTC (Time) = Apr 15 2020  07:08:48
* NMEA baud rate = 4800
** Station:  Fladen
** Operator:  JKro
** Ship: SVEA
** Average sound velocity: 1470.96 m/s
** True-depth calculation Wed, 15 Apr 2020 08:07:19 +0000
** CTD Python Module SMHI /ver 3-12/ feb 2012 
** LIMS Job: 20207710-0343
** Cruise: SMHI-07-2020
** Latitude [GG MM.mm N] :
** Longitude [GGG MM.mm E]:
# nquan = 30
# nvalues = 156                         
# units = specified
# name 0 = scan: Scan Count
# name 1 = prDM: Pressure, Digiquartz [db]
# name 2 = t090C: Temperature [ITS-90, deg C]
# name 3 = t190C: Temperature, 2 [ITS-90, deg C]
# name 4 = c0S/m: Conductivity [S/m]
# name 5 = c1S/m: Conductivity, 2 [S/m]
# name 6 = pumps: Pump Status
# name 7 = sbeox0V: Oxygen raw, SBE 43 [V]
# name 8 = sbeox1V: Oxygen raw, SBE 43, 2 [V]
# name 9 = altM: Altimeter [m]
# name 10 = dz/dtM: Descent Rate [m/s]
# name 11 = flECO-AFL: Chl-a Fluorescence, WET Labs ECO-AFL/FL [mg/m^3]
# name 12 = flECO-AFL1: Phycocyanin Fluorescence, WET Labs ECO-AFL/FL, 2 [mg/m^3]
# name 13 = par: PAR/Irradiance, Biospherical/Lico [µE/(cm^2*s)]
# name 14 = turbWETntu0: Turbidity, WET Labs ECO [NTU]
# name 15 = sal00: Salinity, Practical [PSU]
# name 16 = sal11: Salinity, Practical, 2 [PSU]
# name 17 = secS-priS: Salinity, Practical, Difference, 2 - 1 [PSU]
# name 18 = T2-T190C: Temperature Difference, 2 - 1 [ITS-90, deg C]
# name 19 = sigma-t00: Density [sigma-t, kg/m^3 ]
# name 20 = sigma-t11: Density, 2 [sigma-t, kg/m^3 ]
# name 21 = depSM: Depth [salt water, m], lat = 57.1913
# name 22 = depFM: Depth [true depth, m], lat = 57.1913
# name 23 = svCM: Sound Velocity [Chen-Millero, m/s]
# name 24 = svCM1: Sound Velocity, 2 [Chen-Millero, m/s]
# name 25 = sbeox0ML/L: Oxygen, SBE 43 [ml/l], WS = 2
# name 26 = sbeox1ML/L: Oxygen, SBE 43, 2 [ml/l], WS = 2
# name 27 = sbeox0PS: Oxygen, SBE 43 [% saturation], WS = 2
# name 28 = sbeox1PS: Oxygen, SBE 43, 2 [% saturation], WS = 2
# name 29 = flag: flag
# span 0 =      33040,      37503       
# span 1 =      1.500,     79.000       
# span 2 =     5.8791,     6.5290       
# span 3 =     5.8791,     6.5290       
# span 4 =   2.500010,   3.366976       
# span 5 =   2.499834,   3.366655       
# span 6 =          1,          1       
# span 7 =     3.1413,     3.6052       
# span 8 =     2.9551,     3.3859       
# span 9 =       2.43,      97.23       
# span 10 =     -0.438,      0.786      
# span 11 =     0.2582,     1.0256      
# span 12 =     0.1478,     0.3181      
# span 13 = -3.987e-12, 4.3944e+02      
# span 14 =     0.1896,     1.6950      
# span 15 =    24.2541,    33.8294      
# span 16 =    24.2528,    33.8259      
# span 17 =    -0.4757,     0.0599      
# span 18 =    -0.0111,     0.0660      
# span 19 =    19.0198,    26.5839      
# span 20 =    19.0188,    26.5812      
# span 21 =      1.486,     78.258      
# span 22 =      1.499,     78.573      
# span 23 =    1463.39,    1475.92      
# span 24 =    1463.38,    1475.91      
# span 25 =     5.5499,     6.9670      
# span 26 =     5.6867,     7.1422      
# span 27 =     80.337,     95.100      
# span 28 =     82.322,     97.480      
# span 29 = 0.0000e+00, 0.0000e+00      
# interval = decibars: 0.5              
# start_time = Apr 15 2020 07:08:49 [NMEA time, first data scan]
# bad_flag = -9.990e-29
*END*
[from data line 49]
      34494     26.000     6.0301     6.0190    3.16229    3.14165          1     3.2283     3.0431      96.72      0.669     0.3117     0.1698  3.203e+00  0.3550000    31.8750    31.6552    -0.2198    -0.0111    25.0804    24.9082     25.759     25.957    1471.34    1471.02     5.8170     5.9839    82.5280    84.7500  0.000e+00
      34532     26.500     6.0310     6.0221    3.16205    3.14752          1     3.2224     3.0359      96.67      0.344     0.3053     0.2014  2.932e+00  0.3548000    31.8713    31.7176    -0.1538    -0.0088    25.0774    24.9571     26.255     26.454    1471.35    1471.12     5.8145     5.9722    82.4920    84.6240  0.000e+00
      34570     27.000     6.0374     6.0384    3.17116    3.17251          1     3.2172     3.0300      96.30      0.287     0.3012     0.2554  2.784e+00  0.3473000    31.9667    31.9808     0.0141     0.0010    25.1519    25.1629     26.750     26.951    1471.51    1471.53     5.8047     5.9533    82.4170    84.5370  0.000e+00
      34591     27.500     6.0415     6.0413    3.17688    3.17703          1     3.2169     3.0281      95.64      0.438     0.2995     0.2140  2.704e+00  0.3574000    32.0263    32.0282     0.0019    -0.0001    25.1985    25.2000     27.245     27.447    1471.61    1471.61     5.8177     5.9695    82.6420    84.8000  0.000e+00
      34608     28.000     6.0398     6.0395    3.18050    3.18011          1     3.2184     3.0289      95.53      0.584     0.3004     0.1526  2.605e+00  0.3746000    32.0681    32.0641    -0.0040    -0.0003    25.2317    25.2285     27.741     27.944    1471.66    1471.65     5.8206     5.9813    82.7030    84.9840  0.000e+00
      34624     28.500     6.0389     6.0386    3.18087    3.18065          1     3.2188     3.0294      54.13      0.697     0.3032     0.1613  2.432e+00  0.3708000    32.0729    32.0707    -0.0022    -0.0002    25.2356    25.2338     28.236     28.441    1471.67    1471.67     5.8139     5.9743    82.6100    84.8860  0.000e+00
      34643     29.000     6.0386     6.0385    3.18153    3.18150          1     3.2178     3.0285      95.31      0.720     0.3090     0.1927  2.225e+00  0.3618000    32.0804    32.0800    -0.0004    -0.0000    25.2415    25.2412     28.731     28.937    1471.69    1471.69     5.8094     5.9647    82.5490    84.7550  0.000e+00
      34677     29.500     6.0392     6.0430    3.17972    3.18540          1     3.2196     3.0294      82.77      0.442     0.3051     0.2196  2.000e+00  0.3517000    32.0593    32.1192     0.0598     0.0038    25.2248    25.2716     29.227     29.434    1471.67    1471.76     5.8360     5.9989    82.9160    85.2720  0.000e+00
      34722     30.000     6.0493     6.0502    3.19328    3.19406          1     3.2316     3.0416      91.37      0.229     0.2864     0.2115  1.855e+00  0.3207000    32.2008    32.2087     0.0079     0.0009    25.3353    25.3414     29.722     29.931    1471.90    1471.91     5.9134     6.1287    84.1150    87.1830  0.000e+00
      34747     30.500     6.0542     6.0542    3.19831    3.19822          1     3.2527     3.0621      68.37      0.388     0.2868     0.1478  1.746e+00  0.3741000    32.2521    32.2512    -0.0010    -0.0000    25.3752    25.3744     30.217     30.428    1471.99    1471.99     6.0270     6.2679    85.7700    89.1980  0.000e+00
      34765     31.000     6.0590     6.0583    3.20459    3.20473          1     3.2759     3.0827      78.27      0.547     0.2882     0.1918  1.646e+00  0.4679000    32.3175    32.3197     0.0022    -0.0006    25.4262    25.4280     30.713     30.924    1472.10    1472.10     6.1065     6.3483    86.9490    90.3920  0.000e+00
      34782     31.500     6.0557     6.0552    3.20908    3.20906          1     3.2995     3.1026      87.15      0.663     0.3006     0.1888  1.542e+00  0.4909000    32.3706    32.3708     0.0002    -0.0005    25.4685    25.4688     31.208     31.421    1472.16    1472.16     6.1561     6.3988    87.6790    91.1350  0.000e+00
      34800     32.000     6.0598     6.0611    3.21224    3.21234          1     3.3221     3.1238      44.06      0.696     0.3125     0.1839  1.406e+00  0.4732000    32.4017    32.4016    -0.0002     0.0013    25.4926    25.4924     31.703     31.918    1472.22    1472.23     6.1895     6.4309    88.1810    91.6230  0.000e+00
      34830     32.500     6.0703     6.0724    3.21512    3.21517          1     3.3522     3.1511      57.99      0.505     0.3299     0.2070  1.243e+00  0.4346000    32.4236    32.4221    -0.0015     0.0021    25.5086    25.5072     32.198     32.414    1472.30    1472.31     6.2153     6.4351    88.5830    91.7200  0.000e+00
      34869     33.000     6.0797     6.0818    3.21805    3.21857          1     3.3742     3.1721      45.09      0.273     0.3415     0.2168  1.159e+00  0.4467000    32.4470    32.4509     0.0038     0.0020    25.5259    25.5287     32.694     32.911    1472.38    1472.39     6.1950     6.3755    88.3270    90.9080  0.000e+00
      34893     33.500     6.0893     6.0887    3.22564    3.22552          1     3.3785     3.1749      72.21      0.407     0.3226     0.2213  1.099e+00  0.4467000    32.5224    32.5217    -0.0007    -0.0006    25.5843    25.5838     33.189     33.407    1472.52    1472.52     6.1803     6.3425    88.1820    90.4940  0.000e+00
      34911     34.000     6.0903     6.0899    3.22861    3.22831          1     3.3796     3.1758      89.67      0.553     0.3244     0.2227  1.011e+00  0.4937000    32.5544    32.5514    -0.0030    -0.0004    25.6094    25.6071     33.684     33.904    1472.57    1472.57     6.1717     6.3346    88.0790    90.4020  0.000e+00
      34928     34.500     6.0904     6.0900    3.22901    3.22870          1     3.3797     3.1760      49.74      0.658     0.3165     0.2218  9.077e-01  0.5076000    32.5586    32.5554    -0.0032    -0.0003    25.6127    25.6102     34.180     34.400    1472.59    1472.58     6.1677     6.3361    88.0250    90.4260  0.000e+00
      34947     35.000     6.0906     6.0903    3.22907    3.22869          1     3.3794     3.1771      66.97      0.684     0.3111     0.1879  8.236e-01  0.5225000    32.5588    32.5548    -0.0040    -0.0002    25.6129    25.6098     34.675     34.897    1472.60    1472.59     6.1631     6.3410    87.9590    90.4960  0.000e+00
      34975     35.500     6.0906     6.0906    3.22929    3.22897          1     3.3788     3.1780      60.13      0.522     0.3134     0.1789  7.592e-01  0.5224000    32.5610    32.5574    -0.0036    -0.0000    25.6146    25.6117     35.170     35.394    1472.61    1472.60     6.1660     6.3376    88.0020    90.4490  0.000e+00
      35015     36.000     6.0917     6.0921    3.22995    3.22996          1     3.3789     3.1784      42.74      0.284     0.3230     0.2080  6.974e-01  0.4916000    32.5671    32.5668    -0.0002     0.0004    25.6193    25.6190     35.666     35.890    1472.63    1472.63     6.1690     6.3381    88.0510    90.4650  0.000e+00
      35044     36.500     6.0933     6.0931    3.23115    3.23084          1     3.3805     3.1790      42.76      0.359     0.3146     0.1895  6.453e-01  0.5116000    32.5787    32.5754    -0.0033    -0.0002    25.6282    25.6256     36.161     36.387    1472.66    1472.65     6.1795     6.3471    88.2120    90.6000  0.000e+00
      35065     37.000     6.0936     6.0931    3.23196    3.23167          1     3.3822     3.1808      44.26      0.502     0.3141     0.1650  5.888e-01  0.5390000    32.5871    32.5845    -0.0026    -0.0006    25.6349    25.6328     36.656     36.883    1472.68    1472.67     6.1919     6.3733    88.3940    90.9800  0.000e+00
      35083     37.500     6.0921     6.0917    3.23214    3.23179          1     3.3861     3.1847      43.86      0.603     0.3160     0.1925  5.321e-01  0.5728000    32.5904    32.5869    -0.0035    -0.0004    25.6376    25.6349     37.152     37.380    1472.68    1472.68     6.2069     6.3896    88.6060    91.2120  0.000e+00
      35102     38.000     6.0930     6.0928    3.23345    3.23323          1     3.3891     3.1876      74.54      0.638     0.3236     0.1714  4.854e-01  0.5323000    32.6039    32.6016    -0.0023    -0.0002    25.6482    25.6464     37.647     37.876    1472.71    1472.71     6.1904     6.3566    88.3800    90.7520  0.000e+00
      35126     38.500     6.0965     6.0963    3.23487    3.23452          1     3.3841     3.1820      43.61      0.572     0.3268     0.1896  4.419e-01  0.4889000    32.6161    32.6124    -0.0037    -0.0002    25.6574    25.6545     38.142     38.373    1472.75    1472.74     6.1199     6.2479    87.3880    89.2140  0.000e+00
      35158     39.000     6.0963     6.0944    3.23626    3.23755          1     3.3593     3.1604      81.03      0.401     0.3217     0.2280  3.997e-01  0.4786000    32.6316    32.6479     0.0163    -0.0019    25.6696    25.6828     38.638     38.869    1472.78    1472.79     6.0077     6.1323    85.7940    87.5790  0.000e+00
      35187     39.500     6.0892     6.0888    3.24321    3.24313          1     3.3346     3.1405      83.55      0.371     0.2875     0.2369  3.619e-01  0.4345000    32.7159    32.7154    -0.0005    -0.0004    25.7371    25.7367     39.133     39.366    1472.86    1472.86     5.9728     6.1104    85.3300    87.2950  0.000e+00
      35206     40.000     6.0884     6.0881    3.24607    3.24586          1     3.3237     3.1308      40.38      0.505     0.2931     0.2090  3.244e-01  0.4000000    32.7485    32.7463    -0.0021    -0.0003    25.7629    25.7612     39.628     39.862    1472.91    1472.90     5.9744     6.1198    85.3700    87.4450  0.000e+00
      35224     40.500     6.0899     6.0897    3.24797    3.24769          1     3.3170     3.1249      40.90      0.633     0.2891     0.1875  2.892e-01  0.3929000    32.7680    32.7650    -0.0029    -0.0003    25.7781    25.7758     40.123     40.359    1472.95    1472.94     5.9799     6.1320    85.4630    87.6330  0.000e+00
      35245     41.000     6.0907     6.0909    3.24855    3.24835          1     3.3125     3.1200      40.37      0.635     0.2923     0.1593  2.568e-01  0.4111000    32.7735    32.7711    -0.0024     0.0002    25.7824    25.7805     40.619     40.855    1472.97    1472.96     5.9877     6.1385    85.5780    87.7320  0.000e+00
      35274     41.500     6.0919     6.0920    3.24915    3.24892          1     3.3096     3.1153      39.78      0.460     0.2891     0.1965  2.367e-01  0.4160000    32.7788    32.7760    -0.0027     0.0001    25.7864    25.7842     41.114     41.352    1472.98    1472.98     5.9926     6.1416    85.6530    87.7820  0.000e+00
      35300     42.000     6.0925     6.0922    3.24962    3.24922          1     3.3083     3.1127      39.38      0.414     0.2793     0.1907  2.223e-01  0.3883000    32.7831    32.7791    -0.0040    -0.0004    25.7897    25.7866     41.609     41.848    1473.00    1472.99     5.9917     6.1481    85.6450    87.8770  0.000e+00
      35321     42.500     6.0928     6.0927    3.24977    3.24946          1     3.3070     3.1117      39.04      0.511     0.2795     0.2243  1.970e-01  0.3853000    32.7843    32.7809    -0.0034    -0.0001    25.7906    25.7880     42.105     42.345    1473.01    1473.01     5.9895     6.1535    85.6150    87.9560  0.000e+00
      35341     43.000     6.0953     6.0949    3.25045    3.25007          1     3.3065     3.1112      38.41      0.593     0.2761     0.2264  1.730e-01  0.3923000    32.7893    32.7854    -0.0039    -0.0004    25.7943    25.7913     42.600     42.841    1473.04    1473.03     5.9929     6.1554    85.6710    87.9900  0.000e+00
      35369     43.500     6.0964     6.0965    3.25073    3.25054          1     3.3066     3.1107      37.74      0.506     0.2773     0.1811  1.582e-01  0.4113000    32.7911    32.7888    -0.0023     0.0002    25.7955    25.7937     43.095     43.338    1473.05    1473.05     5.9943     6.1532    85.6940    87.9650  0.000e+00
      35415     44.000     6.0968     6.0967    3.25080    3.25064          1     3.3062     3.1097      57.72      0.227     0.2964     0.2451  1.465e-01  0.4076000    32.7913    32.7896    -0.0017    -0.0001    25.7957    25.7943     43.591     43.834    1473.06    1473.06     5.9899     6.1473    85.6320    87.8820  0.000e+00
      35440     44.500     6.0972     6.0964    3.25121    3.25082          1     3.3045     3.1081      36.57      0.352     0.2846     0.2191  1.360e-01  0.4091000    32.7951    32.7916    -0.0036    -0.0008    25.7986    25.7959     44.086     44.330    1473.07    1473.07     5.9827     6.1387    85.5320    87.7590  0.000e+00
      35456     45.000     6.0964     6.0962    3.25125    3.25086          1     3.3040     3.1073      36.46      0.550     0.2645     0.2006  1.230e-01  0.4176000    32.7961    32.7920    -0.0041    -0.0003    25.7995    25.7963     44.581     44.827    1473.08    1473.08     5.9894     6.1433    85.6270    87.8240  0.000e+00
      35470     45.500     6.0961     6.0957    3.25150    3.25115          1     3.3043     3.1069      35.99      0.724     0.2863     0.1885  1.053e-01  0.4223000    32.7990    32.7955    -0.0035    -0.0005    25.8018    25.7991     45.076     45.323    1473.09    1473.09     5.9957     6.1532    85.7190    87.9670  0.000e+00
      35488     46.000     6.1002     6.1000    3.25342    3.25311          1     3.3055     3.1080      35.51      0.786     0.2971     0.1970  9.121e-02  0.4269000    32.8162    32.8130    -0.0032    -0.0002    25.8149    25.8124     45.572     45.820    1473.14    1473.13     6.0008     6.1701    85.8090    88.2280  0.000e+00
      35522     46.500     6.1023     6.1021    3.25464    3.25412          1     3.3089     3.1131      34.87      0.443     0.2952     0.2098  8.107e-02  0.6649000    32.8276    32.8220    -0.0056    -0.0002    25.8237    25.8193     46.067     46.316    1473.17    1473.16     6.0165     6.1995    86.0440    88.6580  0.000e+00
      35557     47.000     6.1056     6.1056    3.25602    3.25598          1     3.3144     3.1190      34.40      0.283     0.2757     0.2140  7.212e-02  0.4220000    32.8396    32.8392    -0.0004     0.0000    25.8327    25.8324     46.562     46.813    1473.20    1473.21     6.0335     6.2130    86.3010    88.8680  0.000e+00
      35575     47.500     6.1063     6.1067    3.25733    3.25724          1     3.3178     3.1220      33.93      0.468     0.2881     0.2345  6.164e-02  0.4360000    32.8533    32.8519    -0.0014     0.0004    25.8434    25.8423     47.058     47.309    1473.23    1473.23     6.0489     6.2279    86.5300    89.0900  0.000e+00
      35591     48.000     6.1125     6.1128    3.25958    3.25942          1     3.3222     3.1257      33.44      0.645     0.2927     0.2492  4.488e-02  0.4501000    32.8722    32.8701    -0.0021     0.0003    25.8576    25.8559     47.553     47.806    1473.29    1473.29     6.0655     6.2472    86.7910    89.3910  0.000e+00
      35610     48.500     6.1177     6.1179    3.26199    3.26184          1     3.3280     3.1309      32.87      0.715     0.2971     0.2797  3.397e-02  0.4760000    32.8939    32.8921    -0.0018     0.0002    25.8741    25.8726     48.048     48.302    1473.35    1473.35     6.0838     6.2732    87.0760    89.7870  0.000e+00
      35641     49.000     6.1234     6.1235    3.26456    3.26433          1     3.3413     3.1433      32.17      0.475     0.2896     0.2576  2.420e-02  0.5357000    32.9169    32.9142    -0.0027     0.0002    25.8915    25.8894     48.543     48.798    1473.41    1473.40     6.1316     6.3290    87.7860    90.6110  0.000e+00
