ctdpy/tests/etc/exprapp_april_2020/SBE09_1387_20200418_0846_77_10_0356.cnv
* Sea-Bird SBE 9 Data File:
* FileName = L:\2020\sv20d0356.hex
* Software Version Seasave V 7.26.7.121
* Temperature SN = 6378
* Conductivity SN = 4824
* Number of Bytes Per Scan = 41
* Number of Voltage Words = 4
* Number of Scans Averaged by the Deck Unit = 1
* NMEA Latitude = 57 59.96 N
* NMEA Longitude = 019 52.80 E
* NMEA UTC (Time) = Apr 18 2020  08:46:28
* NMEA baud rate = 4800
** Station:  BY20
** Operator:  SSip
** Ship: SVEA
** Average sound velocity: 1445.98 m/s
** True-depth calculation Sat, 18 Apr 2020 10:07:50 +0000
** CTD Python Module SMHI /ver 3-12/ feb 2012 
** LIMS Job: 20207710-0356
** Cruise: SMHI-07-2020
** Latitude [GG MM.mm N] :
** Longitude [GGG MM.mm E]:
# nquan = 30
# nvalues = 378                         
# units = specified
# name 0 = scan: Scan Count
# name 1 = prDM: Pressure, Digiquartz [db]
# name 2 = t090C: Temperature [ITS-90, deg C]
# name 3 = t190C: Temperature, 2 [ITS-90, deg C]
# name 4 = c0S/m: Conductivity [S/m]
# name 5 = c1S/m: Conductivity, 2 [S/m]
# name 6 = pumps: Pump Status
# name 7 = sbeox0V: Oxygen raw, SBE 43 [V]
# name 8 = sbeox1V: Oxygen raw, SBE 43, 2 [V]
# name 9 = altM: Altimeter [m]
# name 10 = dz/dtM: Descent Rate [m/s]
# name 11 = flECO-AFL: Chl-a Fluorescence, WET Labs ECO-AFL/FL [mg/m^3]
# name 12 = flECO-AFL1: Phycocyanin Fluorescence, WET Labs ECO-AFL/FL, 2 [mg/m^3]
# name 13 = par: PAR/Irradiance, Biospherical/Lico [µE/(cm^2*s)]
# name 14 = turbWETntu0: Turbidity, WET Labs ECO [NTU]
# name 15 = sal00: Salinity, Practical [PSU]
# name 16 = sal11: Salinity, Practical, 2 [PSU]
# name 17 = secS-priS: Salinity, Practical, Difference, 2 - 1 [PSU]
# name 18 = T2-T190C: Temperature Difference, 2 - 1 [ITS-90, deg C]
# name 19 = sigma-t00: Density [sigma-t, kg/m^3 ]
# name 20 = sigma-t11: Density, 2 [sigma-t, kg/m^3 ]
# name 21 = depSM: Depth [salt water, m], lat = 57.9993
# name 22 = depFM: Depth [true depth, m], lat = 57.9993
# name 23 = svCM: Sound Velocity [Chen-Millero, m/s]
# name 24 = svCM1: Sound Velocity, 2 [Chen-Millero, m/s]
# name 25 = sbeox0ML/L: Oxygen, SBE 43 [ml/l], WS = 2
# name 26 = sbeox1ML/L: Oxygen, SBE 43, 2 [ml/l], WS = 2
# name 27 = sbeox0PS: Oxygen, SBE 43 [% saturation], WS = 2
# name 28 = sbeox1PS: Oxygen, SBE 43, 2 [% saturation], WS = 2
# name 29 = flag: flag
# span 0 =      14760,      27713       
# span 1 =      1.500,    190.000       
# span 2 =     4.5421,     7.3196       
# span 3 =     4.5413,     7.3192       
# span 4 =   0.780541,   1.391829       
# span 5 =   0.780597,   1.392137       
# span 6 =          1,          1       
# span 7 =     0.7396,     3.7923       
# span 8 =     0.7230,     3.5346       
# span 9 =       3.59,      97.43       
# span 10 =     -0.308,      0.742      
# span 11 =     0.3230,     2.5335      
# span 12 =     0.1180,     0.6482      
# span 13 = -6.612e-06, 1.5688e+03      
# span 14 =     0.0939,     1.0309      
# span 15 =     7.2131,    12.4935      
# span 16 =     7.2134,    12.4964      
# span 17 =    -0.0116,     0.0236      
# span 18 =    -0.0062,     0.0071      
# span 19 =     5.7077,     9.7169      
# span 20 =     5.7081,     9.7193      
# span 21 =      1.486,    188.153      
# span 22 =      1.519,    191.984      
# span 23 =    1434.36,    1454.88      
# span 24 =    1434.35,    1454.88      
# span 25 =     0.0379,     8.6839      
# span 26 =     0.0651,     8.8364      
# span 27 =      0.488,    101.626      
# span 28 =      0.837,    103.409      
# span 29 = 0.0000e+00, 0.0000e+00      
# interval = decibars: 0.5              
# start_time = Apr 18 2020 08:46:28 [NMEA time, first data scan]
# bad_flag = -9.990e-29
*END*
[from data line 97]
      17606     50.000     4.5617     4.5615    0.79617    0.79622          1     3.5546     3.3172      96.63      0.400     0.4069     0.2034  1.000e-12  0.1146000     7.4298     7.4304     0.0006    -0.0003     5.8902     5.8907     49.531     50.636    1434.59    1434.59     8.1098     8.2520    94.3030    95.9560  0.000e+00
      17627     50.500     4.5613     4.5610    0.79625    0.79630          1     3.5532     3.3165      96.63      0.492     0.4020     0.2130  1.000e-12  0.1082000     7.4307     7.4313     0.0006    -0.0003     5.8909     5.8914     50.026     51.142    1434.60    1434.60     8.1027     8.2474    94.2200    95.9010  0.000e+00
      17648     51.000     4.5590     4.5588    0.79627    0.79633          1     3.5517     3.3155      96.63      0.568     0.3985     0.1917  1.000e-12  0.1041000     7.4314     7.4320     0.0006    -0.0002     5.8915     5.8920     50.521     51.648    1434.60    1434.60     8.1003     8.2452    94.1860    95.8720  0.000e+00
      17675     51.500     4.5568     4.5568    0.79629    0.79634          1     3.5503     3.3143      96.63      0.505     0.3841     0.1532  1.000e-12  0.1039000     7.4319     7.4325     0.0006    -0.0000     5.8920     5.8925     51.016     52.155    1434.59    1434.60     8.1003     8.2422    94.1810    95.8310  0.000e+00
      17707     52.000     4.5512     4.5514    0.79627    0.79633          1     3.5492     3.3132      96.64      0.377     0.3897     0.1846  1.000e-12  0.1023000     7.4330     7.4335     0.0005     0.0001     5.8931     5.8935     51.512     52.661    1434.58    1434.58     8.1007     8.2414    94.1730    95.8090  0.000e+00
      17731     52.500     4.5470     4.5469    0.79636    0.79642          1     3.5481     3.3121      96.64      0.438     0.3788     0.2032  1.000e-12  0.0997000     7.4348     7.4354     0.0006    -0.0001     5.8946     5.8951     52.007     53.167    1434.57    1434.57     8.0982     8.2385    94.1350    95.7660  0.000e+00
      17753     53.000     4.5465     4.5462    0.79645    0.79651          1     3.5474     3.3113      96.64      0.524     0.3664     0.1742  1.000e-12  0.1072000     7.4357     7.4363     0.0006    -0.0003     5.8954     5.8959     52.502     53.673    1434.58    1434.58     8.0955     8.2381    94.1040    95.7610  0.000e+00
      17776     53.500     4.5468     4.5465    0.79651    0.79656          1     3.5459     3.3103      96.64      0.532     0.3674     0.1740  1.000e-12  0.1020000     7.4362     7.4368     0.0006    -0.0003     5.8958     5.8962     52.997     54.180    1434.59    1434.59     8.0862     8.2309    93.9960    95.6770  0.000e+00
      17802     54.000     4.5490     4.5487    0.79667    0.79673          1     3.5438     3.3087      96.64      0.480     0.3568     0.2304  1.000e-12  0.0976000     7.4372     7.4379     0.0006    -0.0002     5.8965     5.8970     53.493     54.686    1434.61    1434.61     8.0819     8.2239    93.9510    95.6030  0.000e+00
      17828     54.500     4.5510     4.5507    0.79686    0.79691          1     3.5423     3.3072      96.63      0.460     0.3712     0.1940  1.000e-12  0.1185000     7.4386     7.4392     0.0006    -0.0003     5.8975     5.8980     53.988     55.192    1434.62    1434.62     8.0783     8.2179    93.9160    95.5380  0.000e+00
      17851     55.000     4.5513     4.5510    0.79695    0.79701          1     3.5405     3.3055      96.64      0.494     0.3691     0.2156  1.000e-12  0.1102000     7.4394     7.4401     0.0006    -0.0003     5.8982     5.8987     54.483     55.699    1434.63    1434.63     8.0685     8.2058    93.8030    95.3990  0.000e+00
      17875     55.500     4.5534     4.5532    0.79715    0.79722          1     3.5380     3.3030      96.62      0.515     0.3671     0.2089  1.000e-12  0.1165000     7.4408     7.4416     0.0008    -0.0002     5.8992     5.8998     54.978     56.205    1434.65    1434.65     8.0572     8.1903    93.6780    95.2250  0.000e+00
      17899     56.000     4.5576     4.5571    0.79753    0.79758          1     3.5346     3.2999      96.61      0.507     0.3723     0.2243  1.000e-12  0.1160000     7.4436     7.4442     0.0006    -0.0005     5.9013     5.9018     55.474     56.711    1434.68    1434.68     8.0382     8.1714    93.4680    95.0160  0.000e+00
      17923     56.500     4.5619     4.5615    0.79788    0.79795          1     3.5298     3.2958      96.59      0.490     0.3702     0.2274  1.000e-12  0.1054000     7.4461     7.4469     0.0007    -0.0004     5.9031     5.9037     55.969     57.217    1434.71    1434.71     8.0169     8.1464    93.2330    94.7380  0.000e+00
      17948     57.000     4.5665     4.5662    0.79832    0.79839          1     3.5241     3.2908      72.99      0.481     0.3672     0.2273  1.000e-12  0.1017000     7.4494     7.4502     0.0008    -0.0003     5.9056     5.9062     56.464     57.724    1434.75    1434.75     7.9957     8.1257    92.9990    94.5120  0.000e+00
      17973     57.500     4.5716     4.5716    0.79883    0.79890          1     3.5184     3.2859      96.30      0.489     0.3547     0.2217  1.000e-12  0.1090000     7.4533     7.4541     0.0008    -0.0000     5.9085     5.9091     56.959     58.230    1434.78    1434.78     7.9838     8.1097    92.8750    94.3400  0.000e+00
      17997     58.000     4.5795     4.5789    0.79953    0.79957          1     3.5138     3.2812      96.60      0.490     0.3551     0.1937  1.000e-12  0.1106000     7.4585     7.4590     0.0006    -0.0006     5.9123     5.9128     57.454     58.736    1434.83    1434.83     7.9729     8.1010    92.7700    94.2600  0.000e+00
      18022     58.500     4.5834     4.5830    0.79985    0.79990          1     3.5096     3.2772      96.60      0.488     0.3471     0.2023  1.000e-12  0.1026000     7.4607     7.4614     0.0006    -0.0004     5.9140     5.9145     57.950     59.243    1434.86    1434.86     7.9658     8.0940    92.6980    94.1900  0.000e+00
      18047     59.000     4.5888     4.5887    0.80026    0.80034          1     3.5062     3.2733      96.59      0.477     0.3357     0.2508  1.000e-12  0.1053000     7.4636     7.4644     0.0008    -0.0001     5.9161     5.9167     58.445     59.749    1434.90    1434.90     7.9572     8.0798    92.6130    94.0400  0.000e+00
      18072     59.500     4.5983     4.5983    0.80103    0.80113          1     3.5029     3.2698      96.59      0.479     0.3477     0.2206  1.000e-12  0.1080000     7.4690     7.4701     0.0011    -0.0000     5.9201     5.9209     58.940     60.255    1434.95    1434.95     7.9481     8.0732    92.5330    93.9900  0.000e+00
      18097     60.000     4.6056     4.6055    0.80162    0.80170          1     3.4996     3.2662      96.60      0.484     0.3582     0.2212  1.000e-12  0.1157000     7.4733     7.4741     0.0008    -0.0001     5.9232     5.9239     59.435     60.761    1435.00    1435.00     7.9224     8.0441    92.2530    93.6700  0.000e+00
      18125     60.500     4.6125     4.6130    0.80223    0.80236          1     3.4914     3.2596      96.59      0.449     0.3529     0.2142  1.000e-12  0.1236000     7.4778     7.4789     0.0012     0.0005     5.9265     5.9274     59.931     61.268    1435.04    1435.05     7.8820     8.0036    91.8020    93.2200  0.000e+00
      18150     61.000     4.6357     4.6366    0.80453    0.80479          1     3.4840     3.2534      96.60      0.450     0.3480     0.1676  1.000e-12  0.1225000     7.4954     7.4979     0.0024     0.0009     5.9397     5.9416     60.426     61.774    1435.18    1435.18     7.8567     7.9806    91.5730    93.0200  0.000e+00
      18172     61.500     4.6648     4.6645    0.80748    0.80759          1     3.4770     3.2476      96.59      0.508     0.3468     0.2047  1.000e-12  0.1096000     7.5183     7.5195     0.0012    -0.0003     5.9569     5.9578     60.921     62.280    1435.34    1435.34     7.8203     7.9401    91.2300    92.6280  0.000e+00
      18193     62.000     4.6778     4.6775    0.80858    0.80871          1     3.4692     3.2408      96.60      0.565     0.3466     0.2587  1.000e-12  0.1069000     7.5263     7.5277     0.0014    -0.0003     5.9628     5.9639     61.416     62.786    1435.42    1435.42     7.7922     7.9150    90.9370    92.3700  0.000e+00
      18216     62.500     4.6935     4.6943    0.81081    0.81112          1     3.4613     3.2348      96.59      0.560     0.3530     0.2205  1.000e-12  0.1147000     7.5449     7.5479     0.0029     0.0007     5.9769     5.9793     61.911     63.293    1435.52    1435.53     7.7849     7.9207    90.8990    92.4890  0.000e+00
      18245     63.000     4.7097     4.7097    0.81339    0.81329          1     3.4569     3.2307      96.59      0.452     0.3587     0.2178  1.000e-12  0.1076000     7.5670     7.5660    -0.0011     0.0000     5.9939     5.9931     62.407     63.799    1435.63    1435.63     7.7679     7.8939    90.7520    92.2240  0.000e+00
      18276     63.500     4.7228     4.7221    0.81547    0.81555          1     3.4382     3.2155      96.59      0.374     0.3381     0.2200  1.000e-12  0.1163000     7.5847     7.5857     0.0010    -0.0007     6.0074     6.0082     62.902     64.305    1435.72    1435.71     7.5317     7.6212    88.0320    89.0770  0.000e+00
      18299     64.000     4.7383     4.7393    0.81863    0.81897          1     3.3943     3.1821      96.60      0.449     0.3428     0.1889  1.000e-12  0.1052000     7.6127     7.6159     0.0032     0.0010     6.0290     6.0315     63.397     64.811    1435.83    1435.84     7.2823     7.3545    85.1660    86.0150  0.000e+00
      18319     64.500     4.7805     4.7814    0.82499    0.82562          1     3.3520     3.1493      96.61      0.556     0.3459     0.2219  1.000e-12  0.0989000     7.6664     7.6726     0.0062     0.0008     6.0700     6.0749     63.892     65.318    1436.09    1436.10     7.1349     7.1903    83.5630    84.2170  0.000e+00
      18341     65.000     4.8590     4.8564    0.83811    0.83779          1     3.2995     3.1041      96.61      0.576     0.3370     0.2349  1.000e-12  0.0982000     7.7792     7.7765    -0.0026    -0.0026     6.1564     6.1544     64.387     65.824    1436.59    1436.57     6.8660     6.8633    80.6340    80.5960  0.000e+00
      18373     65.500     4.8894     4.8902    0.84257    0.84143          1     3.1809     3.0047      96.63      0.422     0.3295     0.1937  1.000e-12  0.0979000     7.8165     7.8049    -0.0116     0.0008     6.1847     6.1755     64.883     66.330    1436.78    1436.77     6.1285     6.0139    72.0460    70.6920  0.000e+00
      18402     66.000     4.9851     4.9876    0.85845    0.85964          1     2.9897     2.8459      96.62      0.367     0.3336     0.2508  1.000e-12  0.1143000     7.9519     7.9632     0.0113     0.0025     6.2881     6.2970     65.378     66.836    1437.38    1437.40     5.1536     4.8820    60.7880    57.5920  0.000e+00
      18423     66.500     5.1086     5.1158    0.88357    0.88612          1     2.8169     2.6977      96.65      0.490     0.3315     0.2330  1.000e-12  0.1082000     8.1721     8.1957     0.0236     0.0071     6.4571     6.4755     65.873     67.342    1438.21    1438.27     4.5773     4.2338    54.2390    50.1840  0.000e+00
      18442     67.000     5.2281     5.2332    0.90945    0.91119          1     2.6637     2.5599      96.63      0.597     0.3274     0.2244  1.000e-12  0.1068000     8.3999     8.4159     0.0160     0.0051     6.6319     6.6443     66.368     67.848    1439.03    1439.07     4.2698     3.9252    50.8250    46.7340  0.000e+00
      18464     67.500     5.3487     5.3510    0.93747    0.93839          1     2.5182     2.4230      96.64      0.596     0.3230     0.2260  1.000e-12  0.1102000     8.6476     8.6561     0.0086     0.0023     6.8220     6.8286     66.863     68.354    1439.88    1439.90     4.0476     3.7541    48.4060    44.9020  0.000e+00
      18491     68.000     5.4093     5.4123    0.95109    0.95176          1     2.3661     2.2780      96.63      0.479     0.3280     0.2045  1.000e-12  0.1128000     8.7670     8.7729     0.0059     0.0030     6.9133     6.9179     67.359     68.860    1440.30    1440.32     3.7262     3.4925    44.6660    41.8690  0.000e+00
      18520     68.500     5.4484     5.4516    0.96046    0.96156          1     2.2076     2.1321      96.63      0.406     0.3284     0.2276  1.000e-12  0.1267000     8.8497     8.8597     0.0100     0.0032     6.9767     6.9845     67.854     69.365    1440.58    1440.61     3.2061     2.9884    38.4900    35.8820  0.000e+00
      18544     69.000     5.4893     5.4906    0.97476    0.97622          1     2.0617     2.0026      96.63      0.461     0.3388     0.2176  1.000e-12  0.1237000     8.9807     8.9948     0.0141     0.0013     7.0781     7.0892     68.349     69.871    1440.93    1440.96     2.7682     2.5441    33.2970    30.6040  0.000e+00
      18566     69.500     5.5496     5.5515    0.99775    0.99898          1     1.9288     1.8811      96.64      0.524     0.3404     0.2552  1.000e-12  0.1195000     9.1925     9.2043     0.0117     0.0019     7.2421     7.2513     68.844     70.377    1441.47    1441.49     2.4558     2.2219    29.6250    26.8060  0.000e+00
      18590     70.000     5.6315     5.6312    1.01662    1.01692          1     1.8017     1.7618      96.60      0.523     0.3436     0.2369  1.000e-12  0.1258000     9.3572     9.3604     0.0031    -0.0004     7.3677     7.3702     69.340     70.882    1442.04    1442.04     2.1905     1.9654    26.5080    23.7840  0.000e+00
      18613     70.500     5.6822     5.6840    1.02783    1.02858          1     1.6913     1.6547      96.61      0.510     0.3593     0.2181  1.000e-12  0.1347000     9.4543     9.4612     0.0069     0.0019     7.4415     7.4468     69.835     71.388    1442.39    1442.41     2.0098     1.8177    24.3670    22.0410  0.000e+00
      18638     71.000     5.7366     5.7387    1.04036    1.04124          1     1.5972     1.5623      96.59      0.500     0.3563     0.2532  1.000e-12  0.1469000     9.5631     9.5712     0.0082     0.0021     7.5242     7.5306     70.330     71.893    1442.77    1442.79     1.8604     1.7161    22.6040    20.8520  0.000e+00
      18665     71.500     5.7688     5.7716    1.04713    1.04780          1     1.5081     1.4755      96.60      0.458     0.3609     0.1983  1.000e-12  0.1448000     9.6210     9.6268     0.0057     0.0029     7.5681     7.5725     70.825     72.399    1442.99    1443.01     1.6616     1.5492    20.2120    18.8460  0.000e+00
      18692     72.000     5.8041     5.8061    1.05435    1.05512          1     1.4223     1.3944      96.58      0.438     0.3547     0.2317  1.000e-12  0.1441000     9.6824     9.6894     0.0070     0.0021     7.6145     7.6198     71.320     72.904    1443.22    1443.24     1.4225     1.3222    17.3250    16.1050  0.000e+00
      18717     72.500     5.8443     5.8460    1.06338    1.06405          1     1.3437     1.3215      96.54      0.471     0.3570     0.1662  1.000e-12  0.1500000     9.7602     9.7663     0.0062     0.0016     7.6734     7.6782     71.815     73.410    1443.50    1443.52     1.2229     1.1247    14.9170    13.7210  0.000e+00
      18741     73.000     5.8949     5.8992    1.07465    1.07572          1     1.2709     1.2526      96.09      0.499     0.3787     0.2207  1.000e-12  0.1564000     9.8569     9.8663     0.0094     0.0043     7.7467     7.7538     72.311     73.915    1443.85    1443.88     1.0542     0.9666    12.8830    11.8150  0.000e+00
      18767     73.500     5.9382     5.9398    1.08483    1.08543          1     1.1969     1.1836      96.31      0.469     0.3824     0.2113  1.000e-12  0.1538000     9.9450     9.9504     0.0054     0.0016     7.8135     7.8177     72.806     74.420    1444.15    1444.17     0.8994     0.8357    11.0110    10.2320  0.000e+00
