ctdpy/tests/etc/exprapp_april_2020/SBE09_1387_20200416_1915_77_10_0351.cnv
* Sea-Bird SBE 9 Data File:
* FileName = L:\2020\sv20d0351.hex
* Software Version Seasave V 7.26.7.121
* Temperature SN = 6378
* Conductivity SN = 4824
* Number of Bytes Per Scan = 41
* Number of Voltage Words = 4
* Number of Scans Averaged by the Deck Unit = 1
* NMEA Latitude = 55 15.00 N
* NMEA Longitude = 015 59.05 E
* NMEA UTC (Time) = Apr 16 2020  19:15:13
* NMEA baud rate = 4800
** Station:  BY5
** Operator:  JKro
** Ship: SVEA
** Average sound velocity: 1446.91 m/s
** True-depth calculation Thu, 16 Apr 2020 21:09:14 +0000
** CTD Python Module SMHI /ver 3-12/ feb 2012 
** LIMS Job: 20207710-0351
** Cruise: SMHI-07-2020
** Latitude [GG MM.mm N] :
** Longitude [GGG MM.mm E]:
# nquan = 30
# nvalues = 172                         
# units = specified
# name 0 = scan: Scan Count
# name 1 = prDM: Pressure, Digiquartz [db]
# name 2 = t090C: Temperature [ITS-90, deg C]
# name 3 = t190C: Temperature, 2 [ITS-90, deg C]
# name 4 = c0S/m: Conductivity [S/m]
# name 5 = c1S/m: Conductivity, 2 [S/m]
# name 6 = pumps: Pump Status
# name 7 = sbeox0V: Oxygen raw, SBE 43 [V]
# name 8 = sbeox1V: Oxygen raw, SBE 43, 2 [V]
# name 9 = altM: Altimeter [m]
# name 10 = dz/dtM: Descent Rate [m/s]
# name 11 = flECO-AFL: Chl-a Fluorescence, WET Labs ECO-AFL/FL [mg/m^3]
# name 12 = flECO-AFL1: Phycocyanin Fluorescence, WET Labs ECO-AFL/FL, 2 [mg/m^3]
# name 13 = par: PAR/Irradiance, Biospherical/Lico [µE/(cm^2*s)]
# name 14 = turbWETntu0: Turbidity, WET Labs ECO [NTU]
# name 15 = sal00: Salinity, Practical [PSU]
# name 16 = sal11: Salinity, Practical, 2 [PSU]
# name 17 = secS-priS: Salinity, Practical, Difference, 2 - 1 [PSU]
# name 18 = T2-T190C: Temperature Difference, 2 - 1 [ITS-90, deg C]
# name 19 = sigma-t00: Density [sigma-t, kg/m^3 ]
# name 20 = sigma-t11: Density, 2 [sigma-t, kg/m^3 ]
# name 21 = depSM: Depth [salt water, m], lat = 55.25
# name 22 = depFM: Depth [true depth, m], lat = 55.25
# name 23 = svCM: Sound Velocity [Chen-Millero, m/s]
# name 24 = svCM1: Sound Velocity, 2 [Chen-Millero, m/s]
# name 25 = sbeox0ML/L: Oxygen, SBE 43 [ml/l], WS = 2
# name 26 = sbeox1ML/L: Oxygen, SBE 43, 2 [ml/l], WS = 2
# name 27 = sbeox0PS: Oxygen, SBE 43 [% saturation], WS = 2
# name 28 = sbeox1PS: Oxygen, SBE 43, 2 [% saturation], WS = 2
# name 29 = flag: flag
# span 0 =      43147,      48848       
# span 1 =      1.500,     87.000       
# span 2 =     5.4081,     8.4802       
# span 3 =     5.4072,     8.4796       
# span 4 =   0.886595,   1.869463       
# span 5 =   0.886373,   1.869694       
# span 6 =          1,          1       
# span 7 =     1.3286,     3.7481       
# span 8 =     1.2711,     3.5019       
# span 9 =     -10.33,      97.32       
# span 10 =     -0.321,      0.590      
# span 11 =     0.3129,     1.4455      
# span 12 =     0.1562,     0.4735      
# span 13 = -5.766e-06, 1.6593e+00      
# span 14 =     0.1399,     0.4030      
# span 15 =     8.0349,    16.7526      
# span 16 =     8.0357,    16.7545      
# span 17 =    -0.0028,     0.0601      
# span 18 =    -0.0230,     0.0423      
# span 19 =     6.3064,    12.9498      
# span 20 =     6.3071,    12.9512      
# span 21 =      1.486,     86.196      
# span 22 =      1.518,     87.889      
# span 23 =    1439.18,    1462.55      
# span 24 =    1439.18,    1462.55      
# span 25 =     1.4800,     8.2556      
# span 26 =     1.5421,     8.4205      
# span 27 =     20.053,     99.866      
# span 28 =     20.894,    101.862      
# span 29 = 0.0000e+00, 0.0000e+00      
# interval = decibars: 0.5              
# start_time = Apr 16 2020 19:15:13 [NMEA time, first data scan]
# bad_flag = -9.990e-29
*END*
      43147      1.500     5.9621     5.9615    0.88967    0.88971          1     3.7470     3.4994      96.44     -0.321     1.2794     0.3980  1.659e+00  0.2111000     8.0354     8.0360     0.0006    -0.0007     6.3072     6.3077      1.486      1.518    1440.70    1440.70     8.2513     8.4140    99.8020   101.7690  0.000e+00
      43322      2.000     5.9659     5.9655    0.88975    0.88981          1     3.7477     3.5005      96.45      0.113     1.3363     0.3918  1.293e+00  0.2206000     8.0352     8.0359     0.0007    -0.0005     6.3068     6.3074      1.982      2.024    1440.73    1440.72     8.2551     8.4149    99.8570   101.7890  0.000e+00
      43449      2.500     5.9671     5.9671    0.88978    0.88984          1     3.7479     3.5012      96.46      0.145     1.3751     0.3404  1.171e+00  0.2293000     8.0352     8.0357     0.0006    -0.0000     6.3067     6.3071      2.477      2.530    1440.74    1440.74     8.2556     8.4205    99.8660   101.8620  0.000e+00
      43521      3.000     5.9673     5.9672    0.88978    0.88985          1     3.7481     3.5019      96.16      0.155     1.2926     0.4008  7.207e-01  0.2318000     8.0351     8.0358     0.0007    -0.0001     6.3066     6.3072      2.973      3.036    1440.75    1440.75     8.2546     8.4181    99.8540   101.8320  0.000e+00
      43560      3.500     5.9674     5.9671    0.88980    0.88986          1     3.7476     3.5018      91.84      0.302     1.2947     0.4164  5.412e-01  0.2507000     8.0351     8.0358     0.0007    -0.0004     6.3067     6.3072      3.468      3.543    1440.76    1440.76     8.2532     8.4123    99.8380   101.7620  0.000e+00
      43631      4.000     5.9678     5.9672    0.88979    0.88986          1     3.7463     3.5011      67.07      0.094     1.3390     0.3991  6.019e-01  0.2284000     8.0350     8.0357     0.0008    -0.0005     6.3065     6.3071      3.964      4.049    1440.77    1440.76     8.2488     8.4197    99.7850   101.8520  0.000e+00
      43652      4.500     5.9678     5.9676    0.88979    0.88987          1     3.7465     3.5016      95.76      0.399     1.3271     0.4204  5.251e-01  0.2313000     8.0349     8.0357     0.0008    -0.0002     6.3064     6.3071      4.459      4.555    1440.77    1440.77     8.2540     8.4199    99.8480   101.8550  0.000e+00
      43681      5.000     5.9675     5.9669    0.88981    0.88989          1     3.7464     3.5018      96.47      0.472     1.3437     0.3698  3.730e-01  0.2432000     8.0350     8.0360     0.0009    -0.0006     6.3066     6.3073      4.955      5.061    1440.78    1440.78     8.2511     8.4199    99.8130   101.8530  0.000e+00
      43717      5.500     5.9674     5.9670    0.88980    0.88987          1     3.7461     3.5015      96.49      0.310     1.4074     0.4462  3.319e-01  0.2226000     8.0350     8.0357     0.0007    -0.0004     6.3065     6.3071      5.450      5.567    1440.79    1440.79     8.2515     8.4102    99.8180   101.7360  0.000e+00
      43742      6.000     5.9675     5.9672    0.88982    0.88988          1     3.7458     3.5002      96.48      0.416     1.4455     0.4028  2.636e-01  0.2458000     8.0350     8.0357     0.0007    -0.0002     6.3065     6.3071      5.946      6.073    1440.80    1440.80     8.2522     8.4035    99.8250   101.6560  0.000e+00
      43766      6.500     5.9658     5.9671    0.88982    0.88989          1     3.7460     3.4995      96.49      0.499     1.4164     0.4191  2.081e-01  0.2289000     8.0354     8.0357     0.0003     0.0013     6.3069     6.3071      6.441      6.579    1440.80    1440.80     8.2534     8.4093    99.8370   101.7260  0.000e+00
      43793      7.000     5.9649     5.9647    0.88984    0.88990          1     3.7459     3.4993      96.50      0.467     1.4326     0.3828  1.469e-01  0.2461000     8.0357     8.0363     0.0006    -0.0002     6.3072     6.3077      6.937      7.085    1440.80    1440.80     8.2537     8.4094    99.8390   101.7220  0.000e+00
      43823      7.500     5.9644     5.9644    0.88984    0.88991          1     3.7458     3.4983      96.50      0.405     1.4243     0.4172  1.296e-01  0.2446000     8.0358     8.0364     0.0006     0.0001     6.3073     6.3078      7.432      7.591    1440.81    1440.81     8.2504     8.4069    99.7970   101.6910  0.000e+00
      43850      8.000     5.9636     5.9631    0.88985    0.88992          1     3.7442     3.4983      96.50      0.424     1.4323     0.4020  7.573e-02  0.2467000     8.0360     8.0367     0.0008    -0.0005     6.3075     6.3081      7.928      8.097    1440.81    1440.81     8.2432     8.4113    99.7080   101.7410  0.000e+00
      43875      8.500     5.9632     5.9631    0.88986    0.88992          1     3.7435     3.4981      91.48      0.468     1.4104     0.4116  6.709e-02  0.2341000     8.0361     8.0367     0.0007    -0.0002     6.3076     6.3081      8.423      8.603    1440.82    1440.82     8.2470     8.4110    99.7520   101.7360  0.000e+00
      43901      9.000     5.9627     5.9627    0.88987    0.88993          1     3.7433     3.4980      94.81      0.470     1.4034     0.4023  3.448e-02  0.2301000     8.0363     8.0368     0.0005     0.0000     6.3078     6.3082      8.919      9.109    1440.82    1440.82     8.2495     8.4139    99.7820   101.7710  0.000e+00
      43926      9.500     5.9635     5.9649    0.88988    0.88992          1     3.7435     3.4983      96.52      0.467     1.4146     0.3936  2.588e-02  0.2404000     8.0360     8.0361     0.0001     0.0014     6.3076     6.3076      9.414      9.615    1440.84    1440.84     8.2492     8.4129    99.7800   101.7640  0.000e+00
      43949     10.000     5.9646     5.9644    0.88989    0.88995          1     3.7429     3.4977      65.27      0.497     1.4166     0.4735  1.336e-02  0.2332000     8.0359     8.0365     0.0006    -0.0003     6.3074     6.3079      9.909     10.122    1440.85    1440.85     8.2427     8.3986    99.7040   101.5900  0.000e+00
      43975     10.500     5.9638     5.9633    0.88990    0.88996          1     3.7407     3.4956      92.68      0.492     1.4352     0.4578  7.001e-04  0.2374000     8.0361     8.0368     0.0007    -0.0005     6.3076     6.3082     10.405     10.628    1440.85    1440.85     8.2233     8.3801    99.4680   101.3640  0.000e+00
      44001     11.000     5.9631     5.9617    0.88992    0.88998          1     3.7359     3.4920      96.54      0.455     1.4362     0.4207 -5.766e-06  0.2436000     8.0363     8.0372     0.0009    -0.0013     6.3078     6.3086     10.900     11.134    1440.86    1440.85     8.1989     8.3529    99.1720   101.0310  0.000e+00
      44025     11.500     5.9636     5.9597    0.88992    0.88998          1     3.7302     3.4869      44.71      0.476     1.4396     0.4497  8.682e-13  0.2490000     8.0362     8.0377     0.0015    -0.0038     6.3077     6.3091     11.396     11.640    1440.87    1440.85     8.1837     8.3285    98.9880   100.7310  0.000e+00
      44048     12.000     5.9249     5.9168    0.88992    0.88999          1     3.7256     3.4823      96.19      0.520     1.3982     0.4212  1.000e-12  0.2333000     8.0453     8.0479     0.0026    -0.0081     6.3170     6.3195     11.891     12.146    1440.72    1440.69     8.1814     8.3307    98.8720   100.6570  0.000e+00
      44073     12.500     5.8979     5.8954    0.88993    0.88999          1     3.7203     3.4775      96.50      0.508     1.3073     0.3859  1.000e-12  0.2296000     8.0517     8.0529     0.0012    -0.0025     6.3235     6.3246     12.387     12.652    1440.62    1440.61     8.1730     8.3211    98.7070   100.4900  0.000e+00
      44100     13.000     5.8852     5.8833    0.88982    0.88986          1     3.7151     3.4724      96.50      0.450     1.1858     0.4158  1.000e-12  0.2069000     8.0536     8.0545     0.0009    -0.0019     6.3257     6.3265     12.882     13.158    1440.58    1440.57     8.1707     8.3151    98.6500   100.3890  0.000e+00
      44126     13.500     5.8707     5.8701    0.88967    0.88972          1     3.7119     3.4688      96.51      0.449     1.1292     0.4372  1.000e-12  0.2156000     8.0556     8.0562     0.0007    -0.0006     6.3280     6.3286     13.378     13.664    1440.52    1440.52     8.1702     8.3221    98.6090   100.4410  0.000e+00
      44148     14.000     5.8691     5.8688    0.88977    0.88982          1     3.7092     3.4669      96.52      0.503     1.1347     0.3488  1.000e-12  0.2264000     8.0568     8.0574     0.0006    -0.0003     6.3291     6.3296     13.873     14.170    1440.53    1440.53     8.1645     8.3290    98.5380   100.5220  0.000e+00
      44169     14.500     5.8677     5.8679    0.88982    0.88987          1     3.7072     3.4659      96.51      0.551     1.1629     0.3279  1.000e-12  0.2081000     8.0575     8.0580     0.0004     0.0002     6.3298     6.3301     14.368     14.676    1440.53    1440.53     8.1664     8.3257    98.5570   100.4810  0.000e+00
      44194     15.000     5.8664     5.8665    0.88986    0.88992          1     3.7058     3.4639      93.68      0.532     1.1411     0.3274  1.000e-12  0.2207000     8.0582     8.0588     0.0006     0.0001     6.3303     6.3308     14.864     15.182    1440.54    1440.54     8.1639     8.3175    98.5240   100.3780  0.000e+00
      44224     15.500     5.8626     5.8615    0.88997    0.89005          1     3.7031     3.4615      65.19      0.424     1.1515     0.3171  1.000e-12  0.2295000     8.0601     8.0611     0.0010    -0.0011     6.3321     6.3329     15.359     15.688    1440.53    1440.52     8.1501     8.3067    98.3500   100.2370  0.000e+00
      44252     16.000     5.8570     5.8559    0.89004    0.89011          1     3.6996     3.4581      97.18      0.400     1.1317     0.3135  1.000e-12  0.2254000     8.0620     8.0630     0.0010    -0.0011     6.3339     6.3347     15.855     16.194    1440.51    1440.51     8.1384     8.2899    98.1960   100.0220  0.000e+00
      44273     16.500     5.8455     5.8437    0.89011    0.89017          1     3.6960     3.4552      96.52      0.489     1.1026     0.3309  1.000e-12  0.2250000     8.0655     8.0664     0.0009    -0.0018     6.3372     6.3380     16.350     16.700    1440.48    1440.47     8.1321     8.2861    98.0940    99.9480  0.000e+00
      44294     17.000     5.8320     5.8302    0.89007    0.89014          1     3.6936     3.4529      96.53      0.571     1.1034     0.3410  1.000e-12  0.2253000     8.0682     8.0693     0.0011    -0.0017     6.3401     6.3411     16.846     17.206    1440.43    1440.42     8.1330     8.2865    98.0730    99.9210  0.000e+00
      44317     17.500     5.8240     5.8243    0.89011    0.89018          1     3.6914     3.4502      96.36      0.553     1.1099     0.3459  1.000e-12  0.2179000     8.0705     8.0710     0.0005     0.0003     6.3423     6.3427     17.341     17.713    1440.41    1440.41     8.1335     8.2809    98.0610    99.8400  0.000e+00
      44346     18.000     5.8214     5.8201    0.89016    0.89023          1     3.6894     3.4475      96.40      0.443     1.0817     0.3480  1.000e-12  0.2054000     8.0715     8.0725     0.0010    -0.0013     6.3432     6.3441     17.837     18.219    1440.41    1440.40     8.1311     8.2796    98.0270    99.8150  0.000e+00
      44373     18.500     5.8187     5.8189    0.89023    0.89028          1     3.6876     3.4454      96.53      0.425     1.0824     0.3313  1.000e-12  0.2059000     8.0727     8.0732     0.0005     0.0003     6.3443     6.3447     18.332     18.725    1440.40    1440.40     8.1267     8.2778    97.9680    99.7900  0.000e+00
      44396     19.000     5.8154     5.8148    0.89028    0.89035          1     3.6857     3.4439      70.55      0.489     1.0694     0.3400  1.000e-12  0.2136000     8.0739     8.0748     0.0009    -0.0006     6.3455     6.3462     18.827     19.231    1440.40    1440.40     8.1215     8.2765    97.8980    99.7660  0.000e+00
      44419     19.500     5.8114     5.8112    0.89034    0.89041          1     3.6840     3.4426      91.93      0.519     1.0784     0.3281  1.000e-12  0.1980000     8.0754     8.0761     0.0007    -0.0001     6.3469     6.3474     19.323     19.737    1440.39    1440.39     8.1194     8.2772    97.8640    99.7660  0.000e+00
      44443     20.000     5.8095     5.8092    0.89037    0.89043          1     3.6823     3.4416      96.54      0.506     1.0783     0.3275  1.000e-12  0.2129000     8.0761     8.0768     0.0007    -0.0003     6.3475     6.3480     19.818     20.243    1440.39    1440.39     8.1139     8.2753    97.7930    99.7390  0.000e+00
      44467     20.500     5.8088     5.8078    0.89038    0.89043          1     3.6801     3.4402      69.34      0.505     1.0876     0.3567  1.000e-12  0.2124000     8.0762     8.0770     0.0008    -0.0010     6.3477     6.3483     20.314     20.749    1440.40    1440.39     8.1108     8.2707    97.7540    99.6800  0.000e+00
      44492     21.000     5.8058     5.8048    0.89037    0.89044          1     3.6789     3.4391      79.03      0.500     1.0647     0.3196  1.000e-12  0.2070000     8.0768     8.0778     0.0010    -0.0011     6.3483     6.3491     20.809     21.255    1440.39    1440.39     8.1066     8.2707    97.6970    99.6730  0.000e+00
      44520     21.500     5.8035     5.8016    0.89040    0.89048          1     3.6759     3.4379      52.93      0.448     1.0644     0.3838  1.000e-12  0.2052000     8.0776     8.0788     0.0013    -0.0019     6.3490     6.3501     21.305     21.761    1440.39    1440.39     8.0979     8.2657    97.5870    99.6050  0.000e+00
      44546     22.000     5.7993     5.7985    0.89044    0.89050          1     3.6741     3.4360      97.12      0.427     1.0547     0.3450  1.000e-12  0.2020000     8.0789     8.0797     0.0007    -0.0008     6.3503     6.3509     21.800     22.267    1440.38    1440.38     8.1019     8.2561    97.6250    99.4820  0.000e+00
      44569     22.500     5.7906     5.7895    0.89047    0.89054          1     3.6735     3.4342      96.50      0.486     1.0291     0.3591  1.000e-12  0.2067000     8.0813     8.0822     0.0009    -0.0011     6.3526     6.3534     22.295     22.773    1440.36    1440.35     8.1051     8.2516    97.6440    99.4080  0.000e+00
      44592     23.000     5.7865     5.7866    0.89049    0.89055          1     3.6730     3.4323      93.01      0.533     1.0327     0.3367  1.000e-12  0.2064000     8.0824     8.0829     0.0005     0.0002     6.3537     6.3541     22.791     23.279    1440.35    1440.35     8.1031     8.2491    97.6110    99.3700  0.000e+00
      44616     23.500     5.7857     5.7854    0.89051    0.89058          1     3.6718     3.4312      68.52      0.518     0.9940     0.3389  1.000e-12  0.2005000     8.0826     8.0834     0.0008    -0.0004     6.3539     6.3545     23.286     23.785    1440.35    1440.35     8.0990     8.2558    97.5600    99.4490  0.000e+00
      44642     24.000     5.7846     5.7849    0.89053    0.89060          1     3.6705     3.4300      96.43      0.476     0.9975     0.3264  1.000e-12  0.1994000     8.0830     8.0836     0.0006     0.0003     6.3543     6.3547     23.782     24.291    1440.36    1440.36     8.0935     8.2466    97.4910    99.3370  0.000e+00
      44669     24.500     5.7812     5.7802    0.89057    0.89063          1     3.6684     3.4282      96.51      0.446     0.9864     0.2944  1.000e-12  0.2051000     8.0842     8.0850     0.0009    -0.0010     6.3554     6.3561     24.277     24.797    1440.35    1440.35     8.0861     8.2442    97.3960    99.2980  0.000e+00
      44696     25.000     5.7773     5.7765    0.89058    0.89064          1     3.6662     3.4271      96.52      0.440     0.9918     0.2816  1.000e-12  0.2216000     8.0852     8.0860     0.0008    -0.0008     6.3564     6.3570     24.773     25.303    1440.34    1440.34     8.0830     8.2433    97.3490    99.2780  0.000e+00
