ctdpy/tests/etc/exprapp_april_2020/SBE09_1387_20200416_1300_77_10_0349.cnv
* Sea-Bird SBE 9 Data File:
* FileName = L:\2020\sv20d0349.hex
* Software Version Seasave V 7.26.7.121
* Temperature SN = 6378
* Conductivity SN = 4824
* Number of Bytes Per Scan = 41
* Number of Voltage Words = 4
* Number of Scans Averaged by the Deck Unit = 1
* NMEA Latitude = 55 37.10 N
* NMEA Longitude = 014 51.96 E
* NMEA UTC (Time) = Apr 16 2020  13:00:59
* NMEA baud rate = 4800
** Station:  Hanobukten
** Operator:  SSip
** Ship: SVEA
** Average sound velocity: 1446.51 m/s
** True-depth calculation Thu, 16 Apr 2020 14:03:24 +0000
** CTD Python Module SMHI /ver 3-12/ feb 2012 
** LIMS Job: 20207710-0349
** Cruise: SMHI-07-2020
** Latitude [GG MM.mm N] :
** Longitude [GGG MM.mm E]:
# nquan = 30
# nvalues = 148                         
# units = specified
# name 0 = scan: Scan Count
# name 1 = prDM: Pressure, Digiquartz [db]
# name 2 = t090C: Temperature [ITS-90, deg C]
# name 3 = t190C: Temperature, 2 [ITS-90, deg C]
# name 4 = c0S/m: Conductivity [S/m]
# name 5 = c1S/m: Conductivity, 2 [S/m]
# name 6 = pumps: Pump Status
# name 7 = sbeox0V: Oxygen raw, SBE 43 [V]
# name 8 = sbeox1V: Oxygen raw, SBE 43, 2 [V]
# name 9 = altM: Altimeter [m]
# name 10 = dz/dtM: Descent Rate [m/s]
# name 11 = flECO-AFL: Chl-a Fluorescence, WET Labs ECO-AFL/FL [mg/m^3]
# name 12 = flECO-AFL1: Phycocyanin Fluorescence, WET Labs ECO-AFL/FL, 2 [mg/m^3]
# name 13 = par: PAR/Irradiance, Biospherical/Lico [µE/(cm^2*s)]
# name 14 = turbWETntu0: Turbidity, WET Labs ECO [NTU]
# name 15 = sal00: Salinity, Practical [PSU]
# name 16 = sal11: Salinity, Practical, 2 [PSU]
# name 17 = secS-priS: Salinity, Practical, Difference, 2 - 1 [PSU]
# name 18 = T2-T190C: Temperature Difference, 2 - 1 [ITS-90, deg C]
# name 19 = sigma-t00: Density [sigma-t, kg/m^3 ]
# name 20 = sigma-t11: Density, 2 [sigma-t, kg/m^3 ]
# name 21 = depSM: Depth [salt water, m], lat = 55.6183
# name 22 = depFM: Depth [true depth, m], lat = 55.6183
# name 23 = svCM: Sound Velocity [Chen-Millero, m/s]
# name 24 = svCM1: Sound Velocity, 2 [Chen-Millero, m/s]
# name 25 = sbeox0ML/L: Oxygen, SBE 43 [ml/l], WS = 2
# name 26 = sbeox1ML/L: Oxygen, SBE 43, 2 [ml/l], WS = 2
# name 27 = sbeox0PS: Oxygen, SBE 43 [% saturation], WS = 2
# name 28 = sbeox1PS: Oxygen, SBE 43, 2 [% saturation], WS = 2
# name 29 = flag: flag
# span 0 =      43929,      48046       
# span 1 =      1.500,     75.000       
# span 2 =     5.5821,     8.3398       
# span 3 =     5.5819,     8.3398       
# span 4 =   0.901014,   1.810289       
# span 5 =   0.901108,   1.810371       
# span 6 =          1,          1       
# span 7 =     1.3894,     3.7358       
# span 8 =     1.3265,     3.4871       
# span 9 =       1.03,      96.34       
# span 10 =     -0.002,      0.755      
# span 11 =     0.3187,     1.2194      
# span 12 =     0.1474,     0.4006      
# span 13 = 1.0000e-12, 9.2153e+01      
# span 14 =     0.1292,     0.4801      
# span 15 =     8.1510,    16.1605      
# span 16 =     8.1516,    16.1613      
# span 17 =    -0.0127,     0.0910      
# span 18 =    -0.0271,     0.0492      
# span 19 =     6.3877,    12.4832      
# span 20 =     6.3886,    12.4838      
# span 21 =      1.486,     74.306      
# span 22 =      1.518,     75.783      
# span 23 =    1440.09,    1461.78      
# span 24 =    1440.09,    1461.78      
# span 25 =     1.6218,     8.1797      
# span 26 =     1.6842,     8.3314      
# span 27 =     21.910,     99.464      
# span 28 =     22.754,    101.310      
# span 29 = 0.0000e+00, 0.0000e+00      
# interval = decibars: 0.5              
# start_time = Apr 16 2020 13:00:59 [NMEA time, first data scan]
# bad_flag = -9.990e-29
*END*
[from data line 97]
      46412     50.000     6.0118     6.0150    1.03627    1.03731          1     2.9636     2.8004      26.81      0.755     0.3696     0.2053  1.000e-12  0.1957000     9.4487     9.4581     0.0094     0.0031     7.4181     7.4253     49.541     50.601    1443.47    1443.49     5.5480     5.3954    67.8180    65.9620  0.000e+00
      46434     50.500     6.0653     6.0773    1.04681    1.04895          1     2.8928     2.7303      26.13      0.672     0.3735     0.1953  1.000e-12  0.2478000     9.5373     9.5549     0.0176     0.0120     7.4847     7.4978     50.036     51.106    1443.82    1443.89     5.4458     5.3430    66.6960    65.4640  0.000e+00
      46471     51.000     6.1384     6.1469    1.06155    1.06464          1     2.7948     2.6392      25.23      0.351     0.3734     0.1759  1.000e-12  0.2517000     9.6614     9.6893     0.0279     0.0085     7.5779     7.5993     50.531     51.612    1444.29    1444.36     5.2177     5.1875    64.0710    63.7260  0.000e+00
      46504     51.500     6.1792     6.1816    1.07525    1.07636          1     2.7056     2.5596      24.62      0.324     0.3579     0.2087  1.000e-12  0.1983000     9.7841     9.7943     0.0103     0.0024     7.6719     7.6798     51.027     52.117    1444.63    1444.65     4.9057     4.8604    60.3490    59.7990  0.000e+00
      46524     52.000     6.2446     6.2475    1.09031    1.09129          1     2.6359     2.4990      24.27      0.469     0.3637     0.2194  1.000e-12  0.2185000     9.9129     9.9217     0.0087     0.0029     7.7692     7.7758     51.522     52.622    1445.07    1445.10     4.6731     4.6266    57.6290    57.0630  0.000e+00
      46542     52.500     6.3107     6.3143    1.10470    1.10584          1     2.5806     2.4501      24.05      0.599     0.3568     0.2036  1.000e-12  0.2862000    10.0346    10.0448     0.0102     0.0036     7.8606     7.8684     52.017     53.128    1445.51    1445.54     4.6223     4.5946    57.1420    56.8090  0.000e+00
      46559     53.000     6.4172     6.4203    1.12567    1.12688          1     2.5484     2.4171      23.46      0.683     0.3558     0.1633  1.000e-12  0.3542000    10.2084    10.2193     0.0109     0.0031     7.9901     7.9985     52.513     53.633    1446.19    1446.22     4.6072     4.5736    57.1700    56.7610  0.000e+00
      46579     53.500     6.5510     6.5511    1.16380    1.16568          1     2.5103     2.3767      22.92      0.674     0.3652     0.2090  1.000e-12  0.3907000    10.5409    10.5593     0.0184     0.0001     8.2424     8.2568     53.008     54.138    1447.18    1447.20     4.4122     4.3411    55.0480    54.1680  0.000e+00
      46605     54.000     6.5898     6.6069    1.22161    1.22958          1     2.4308     2.3028      22.28      0.525     0.3700     0.2311  1.000e-12  0.3157000    11.0952    11.1679     0.0726     0.0171     8.6752     8.7310     53.503     54.643    1448.04    1448.20     4.0628     3.9616    50.9220    49.6970  0.000e+00
      46638     54.500     6.9394     6.9713    1.31418    1.32459          1     2.3219     2.2035      21.45      0.374     0.3577     0.2211  1.000e-12  0.2471000    11.8855    11.9765     0.0910     0.0319     9.2690     9.3380     53.999     55.148    1450.49    1450.74     3.7362     3.6399    47.4750    46.3160  0.000e+00
      46665     55.000     7.2078     7.2145    1.38889    1.39282          1     2.2403     2.1281      20.77      0.400     0.3476     0.2208  1.000e-12  0.2575000    12.5215    12.5576     0.0360     0.0066     9.7460     9.7737     54.494     55.652    1452.40    1452.47     3.4882     3.3987    44.8000    43.6670  0.000e+00
      46686     55.500     7.3604     7.3639    1.45358    1.45739          1     2.1673     2.0626      20.52      0.505     0.3544     0.1926  1.000e-12  0.2829000    13.0971    13.1330     0.0360     0.0035    10.1838    10.2117     54.989     56.157    1453.75    1453.81     3.2557     3.1718    42.1250    41.0530  0.000e+00
      46705     56.000     7.5249     7.5288    1.50306    1.50479          1     2.1075     2.0084      20.57      0.590     0.3561     0.1909  1.000e-12  0.3102000    13.5171    13.5325     0.0154     0.0039    10.4980    10.5097     55.485     56.661    1454.95    1454.98     3.2497     3.2203    42.3320    41.9560  0.000e+00
      46725     56.500     7.6296     7.6456    1.53160    1.53522          1     2.0861     1.9836      20.03      0.611     0.3514     0.2150  1.000e-12  0.3304000    13.7544    13.7832     0.0288     0.0160    10.6740    10.6950     55.980     57.165    1455.67    1455.78     3.3330     3.3432    43.5920    43.7510  0.000e+00
      46749     57.000     7.7661     7.7504    1.56718    1.56826          1     2.0664     1.9609      19.46      0.563     0.3513     0.2377  1.000e-12  0.3319000    14.0466    14.0634     0.0168    -0.0157    10.8897    10.9043     56.475     57.668    1456.60    1456.55     3.2414     3.2563    42.6130    42.7980  0.000e+00
      46777     57.500     7.5853     7.5918    1.57337    1.57521          1     2.0367     1.9314      18.90      0.458     0.3518     0.2064  1.000e-12  0.3554000    14.1799    14.1952     0.0153     0.0065    11.0112    11.0226     56.971     58.172    1456.04    1456.08     3.2966     3.3566    43.1910    43.9890  0.000e+00
      46806     58.000     7.7133     7.7261    1.60997    1.61597          1     2.0653     1.9504      18.36      0.405     0.3452     0.2398  1.000e-12  0.3682000    14.4852    14.5385     0.0533     0.0128    11.2379    11.2784     57.466     58.676    1456.94    1457.06     3.6133     3.7729    47.5790    49.7130  0.000e+00
      46830     58.500     7.7528     7.7520    1.63093    1.63248          1     2.1218     1.9959      17.92      0.457     0.3452     0.2135  1.000e-12  0.3805000    14.6735    14.6889     0.0154    -0.0008    11.3815    11.3936     57.961     59.179    1457.34    1457.36     3.8094     3.9998    50.2690    52.7860  0.000e+00
      46851     59.000     7.7039     7.6950    1.65636    1.65861          1     2.1722     2.0385      17.42      0.530     0.3493     0.2301  1.000e-12  0.3417000    14.9431    14.9689     0.0258    -0.0090    11.5972    11.6182     58.457     59.683    1457.49    1457.48     3.8067     3.9754    50.2640    52.4890  0.000e+00
      46872     59.500     7.7038     7.6988    1.66898    1.66911          1     2.1783     2.0493      16.95      0.564     0.3557     0.1914  1.000e-12  0.2535000    15.0668    15.0702     0.0034    -0.0050    11.6940    11.6971     58.952     60.186    1457.65    1457.63     3.5657     3.6635    47.1180    48.4070  0.000e+00
      46895     60.000     7.7942     7.7852    1.67936    1.67890          1     2.1454     2.0260      16.48      0.555     0.3434     0.2349  1.000e-12  0.2253000    15.1294    15.1287    -0.0007    -0.0090    11.7340    11.7344     59.447     60.690    1458.10    1458.06     3.3350     3.3591    44.1830    44.4920  0.000e+00
      46919     60.500     8.0310     8.0395    1.70209    1.70343          1     2.0955     1.9852      15.90      0.513     0.3213     0.2142  1.000e-12  0.2183000    15.2485    15.2579     0.0094     0.0085    11.8032    11.8097     59.943     61.193    1459.20    1459.25     3.1658     3.1833    42.2090    42.4530  0.000e+00
      46946     61.000     8.1782     8.1831    1.71449    1.71495          1     2.0612     1.9560      15.33      0.465     0.3290     0.1839  1.000e-12  0.1975000    15.3052    15.3076     0.0023     0.0049    11.8324    11.8337     60.438     61.696    1459.87    1459.89     3.3521     3.4528    44.8660    46.2190  0.000e+00
      46971     61.500     8.1871     8.1817    1.72555    1.72635          1     2.1097     1.9914      14.84      0.456     0.3207     0.2109  1.000e-12  0.1793000    15.4086    15.4188     0.0102    -0.0054    11.9122    11.9207     60.933     62.200    1460.04    1460.03     3.7199     3.9086    49.8310    52.3550  0.000e+00
      46994     62.000     7.8081     7.7810    1.72273    1.72103          1     2.1674     2.0391      14.37      0.495     0.3317     0.2361  1.000e-12  0.1914000    15.5480    15.5433    -0.0047    -0.0271    12.0597    12.0587     61.429     62.703    1458.70    1458.58     3.8619     4.0578    51.3180    53.8850  0.000e+00
      47016     62.500     7.3508     7.3449    1.70136    1.70094          1     2.2050     2.0721      13.92      0.537     0.3334     0.2411  1.000e-12  0.2204000    15.5408    15.5393    -0.0015    -0.0059    12.0990    12.0984     61.924     63.206    1456.85    1456.83     3.9133     4.0793    51.4390    53.6130  0.000e+00
      47040     63.000     7.3024     7.3030    1.70008    1.70022          1     2.2302     2.0953      13.38      0.526     0.3335     0.2172  1.000e-12  0.2605000    15.5497    15.5509     0.0012     0.0005    12.1105    12.1114     62.419     63.709    1456.68    1456.68     3.9093     4.0485    51.3300    53.1590  0.000e+00
      47063     63.500     7.3186     7.3200    1.70212    1.70239          1     2.2434     2.1088      12.91      0.506     0.3199     0.1694  1.000e-12  0.2855000    15.5626    15.5647     0.0022     0.0013    12.1191    12.1207     62.915     64.212    1456.77    1456.77     3.8823     4.0031    51.0000    52.5890  0.000e+00
      47084     64.000     7.3165     7.3165    1.70357    1.70363          1     2.2474     2.1143      12.41      0.536     0.3384     0.1474  1.000e-12  0.3061000    15.5779    15.5785     0.0007    -0.0000    12.1313    12.1318     63.410     64.716    1456.78    1456.79     3.8563     3.9669    50.6600    52.1140  0.000e+00
      47106     64.500     7.3307     7.3316    1.70522    1.70538          1     2.2472     2.1160      11.91      0.569     0.3273     0.2169  1.000e-12  0.3008000    15.5878    15.5890     0.0012     0.0009    12.1377    12.1386     63.905     65.219    1456.86    1456.87     3.8374     3.9381    50.4330    51.7580  0.000e+00
      47134     65.000     7.3523     7.3540    1.70725    1.70739          1     2.2430     2.1139      11.31      0.482     0.3330     0.2150  1.000e-12  0.2940000    15.5982    15.5988     0.0006     0.0018    12.1438    12.1441     64.401     65.722    1456.97    1456.98     3.7715     3.8531    49.5960    50.6710  0.000e+00
      47168     65.500     7.3699     7.3719    1.70887    1.70904          1     2.2031     2.0838      10.76      0.342     0.3277     0.2539  1.000e-12  0.2909000    15.6061    15.6070     0.0009     0.0019    12.1483    12.1489     64.896     66.225    1457.06    1457.07     3.3945     3.3968    44.6590    44.6920  0.000e+00
      47193     66.000     7.4226     7.4283    1.71324    1.71394          1     2.1121     2.0107      10.33      0.414     0.3305     0.2188  1.000e-12  0.3178000    15.6258    15.6301     0.0043     0.0057    12.1587    12.1616     65.391     66.728    1457.31    1457.33     2.9574     2.8867    38.9620    38.0370  0.000e+00
      47211     66.500     7.5813     7.5896    1.72777    1.72899          1     2.0312     1.9439       9.92      0.544     0.3236     0.2071  1.000e-12  0.2872000    15.6980    15.7064     0.0084     0.0083    12.1999    12.2056     65.886     67.231    1458.05    1458.09     2.7751     2.7450    36.7160    36.3260  0.000e+00
      47229     67.000     7.7880     7.7941    1.74655    1.74749          1     1.9688     1.8947       9.42      0.652     0.3187     0.1872  1.000e-12  0.2797000    15.7899    15.7964     0.0065     0.0061    12.2513    12.2557     66.382     67.734    1459.00    1459.03     2.7467     2.7215    36.5410    36.2110  0.000e+00
      47253     67.500     7.9488     7.9381    1.76007    1.75876          1     1.9173     1.8354       8.84      0.595     0.3302     0.1845  1.000e-12  0.2818000    15.8500    15.8419    -0.0081    -0.0107    12.2819    12.2767     66.877     68.238    1459.73    1459.67     2.6761     2.5802    35.7510    34.4590  0.000e+00
      47296     68.000     7.9362     7.9854    1.76028    1.76125          1     1.7984     1.7209       8.15      0.276     0.3597     0.2190  1.000e-12  0.2933000    15.8575    15.8448    -0.0127     0.0492    12.2890    12.2740     67.372     68.741    1459.69    1459.87     2.2553     2.1713    30.1210    29.0280  0.000e+00
      47328     68.500     8.0662     8.0689    1.77081    1.77151          1     1.6886     1.6236       7.78      0.319     0.3574     0.1792  1.000e-12  0.2959000    15.9017    15.9074     0.0056     0.0027    12.3102    12.3143     67.868     69.244    1460.27    1460.29     2.0240     1.9524    27.1230    26.1660  0.000e+00
      47348     69.000     8.1834     8.1881    1.78415    1.78508          1     1.6383     1.5761       7.33      0.493     0.3569     0.1613  1.000e-12  0.3258000    15.9788    15.9857     0.0069     0.0047    12.3580    12.3629     68.363     69.747    1460.84    1460.87     1.9725     1.9410    26.5190    26.1000  0.000e+00
      47366     69.500     8.2020     8.2026    1.78811    1.78816          1     1.6016     1.5438       6.88      0.621     0.3515     0.2193  1.000e-12  0.3726000    16.0088    16.0089     0.0002     0.0006    12.3795    12.3795     68.858     70.250    1460.96    1460.97     1.9678     1.9739    26.4730    26.5560  0.000e+00
      47387     70.000     8.2068     8.2064    1.78971    1.78978          1     1.5805     1.5184       6.33      0.636     0.3631     0.2363  1.000e-12  0.4016000    16.0220    16.0229     0.0008    -0.0004    12.3893    12.3900     69.354     70.753    1461.01    1461.01     2.0072     1.9610    27.0070    26.3870  0.000e+00
      47423     70.500     8.2031     8.2131    1.78923    1.78992          1     1.5402     1.4675       5.67      0.391     0.3695     0.1994  1.000e-12  0.4172000    16.0189    16.0211     0.0022     0.0101    12.3873    12.3879     69.849     71.256    1461.00    1461.04     1.8275     1.7785    24.5890    23.9340  0.000e+00
      47468     71.000     8.2538     8.2786    1.79523    1.79825          1     1.4703     1.4072       5.18      0.235     0.3852     0.1766  1.000e-12  0.4320000    16.0541    16.0723     0.0182     0.0248    12.4093    12.4209     70.344     71.759    1461.25    1461.37     1.7022     1.7237    22.9340    23.2400  0.000e+00
      47494     71.500     8.3075     8.3058    1.80241    1.80247          1     1.4510     1.3899       4.79      0.394     0.3840     0.2248  1.000e-12  0.4729000    16.0994    16.1008     0.0014    -0.0018    12.4390    12.4402     70.839     72.262    1461.53    1461.52     1.7094     1.7507    23.0670    23.6230  0.000e+00
      47516     72.000     8.3036     8.3033    1.80287    1.80303          1     1.4406     1.3801       4.39      0.506     0.3755     0.2543  1.000e-12  0.4801000    16.1056    16.1072     0.0016    -0.0003    12.4442    12.4455     71.335     72.765    1461.52    1461.53     1.7255     1.7816    23.2830    24.0400  0.000e+00
      47544     72.500     8.3206     8.3202    1.80582    1.80583          1     1.4402     1.3779       3.82      0.486     0.3867     0.2365  1.000e-12  0.4604000    16.1264    16.1266     0.0002    -0.0004    12.4586    12.4588     71.830     73.268    1461.63    1461.63     1.7630     1.8194    23.8010    24.5620  0.000e+00
      47623     73.000     8.3078     8.3213    1.80444    1.80647          1     1.4220     1.3589      19.38      0.152     0.3875     0.2059  1.000e-12  0.3882000    16.1187    16.1323     0.0136     0.0135    12.4539    12.4631     72.325     73.771    1461.57    1461.64     1.6685     1.7150    22.5180    23.1550  0.000e+00
      47663     73.500     8.3356     8.3358    1.80872    1.80896          1     1.4097     1.3481       3.02      0.309     0.3865     0.1828  1.000e-12  0.4054000    16.1475    16.1497     0.0022     0.0002    12.4734    12.4751     72.821     74.274    1461.73    1461.73     1.6529     1.7005    22.3260    22.9690  0.000e+00
