ctdpy/tests/etc/exprapp_april_2020/SBE09_1387_20200415_0708_77_10_0343.cnv
* Sea-Bird SBE 9 Data File:
* FileName = L:\2020\sv20d0343.hex
* Software Version Seasave V 7.26.7.121
* Temperature SN = 6378
* Conductivity SN = 4824
* Number of Bytes Per Scan = 41
* Number of Voltage Words = 4
* Number of Scans Averaged by the Deck Unit = 1
* NMEA Latitude = 57 11.48 N
* NMEA Longitude = 011 39.54 E
* NMEA UTC (Time) = Apr 15 2020  07:08:48
* NMEA baud rate = 4800
** Station:  Fladen
** Operator:  JKro
** Ship: SVEA
** Average sound velocity: 1470.96 m/s
** True-depth calculation Wed, 15 Apr 2020 08:07:19 +0000
** CTD Python Module SMHI /ver 3-12/ feb 2012 
** LIMS Job: 20207710-0343
** Cruise: SMHI-07-2020
** Latitude [GG MM.mm N] :
** Longitude [GGG MM.mm E]:
# nquan = 30
# nvalues = 156                         
# units = specified
# name 0 = scan: Scan Count
# name 1 = prDM: Pressure, Digiquartz [db]
# name 2 = t090C: Temperature [ITS-90, deg C]
# name 3 = t190C: Temperature, 2 [ITS-90, deg C]
# name 4 = c0S/m: Conductivity [S/m]
# name 5 = c1S/m: Conductivity, 2 [S/m]
# name 6 = pumps: Pump Status
# name 7 = sbeox0V: Oxygen raw, SBE 43 [V]
# name 8 = sbeox1V: Oxygen raw, SBE 43, 2 [V]
# name 9 = altM: Altimeter [m]
# name 10 = dz/dtM: Descent Rate [m/s]
# name 11 = flECO-AFL: Chl-a Fluorescence, WET Labs ECO-AFL/FL [mg/m^3]
# name 12 = flECO-AFL1: Phycocyanin Fluorescence, WET Labs ECO-AFL/FL, 2 [mg/m^3]
# name 13 = par: PAR/Irradiance, Biospherical/Lico [µE/(cm^2*s)]
# name 14 = turbWETntu0: Turbidity, WET Labs ECO [NTU]
# name 15 = sal00: Salinity, Practical [PSU]
# name 16 = sal11: Salinity, Practical, 2 [PSU]
# name 17 = secS-priS: Salinity, Practical, Difference, 2 - 1 [PSU]
# name 18 = T2-T190C: Temperature Difference, 2 - 1 [ITS-90, deg C]
# name 19 = sigma-t00: Density [sigma-t, kg/m^3 ]
# name 20 = sigma-t11: Density, 2 [sigma-t, kg/m^3 ]
# name 21 = depSM: Depth [salt water, m], lat = 57.1913
# name 22 = depFM: Depth [true depth, m], lat = 57.1913
# name 23 = svCM: Sound Velocity [Chen-Millero, m/s]
# name 24 = svCM1: Sound Velocity, 2 [Chen-Millero, m/s]
# name 25 = sbeox0ML/L: Oxygen, SBE 43 [ml/l], WS = 2
# name 26 = sbeox1ML/L: Oxygen, SBE 43, 2 [ml/l], WS = 2
# name 27 = sbeox0PS: Oxygen, SBE 43 [% saturation], WS = 2
# name 28 = sbeox1PS: Oxygen, SBE 43, 2 [% saturation], WS = 2
# name 29 = flag: flag
# span 0 =      33040,      37503       
# span 1 =      1.500,     79.000       
# span 2 =     5.8791,     6.5290       
# span 3 =     5.8791,     6.5290       
# span 4 =   2.500010,   3.366976       
# span 5 =   2.499834,   3.366655       
# span 6 =          1,          1       
# span 7 =     3.1413,     3.6052       
# span 8 =     2.9551,     3.3859       
# span 9 =       2.43,      97.23       
# span 10 =     -0.438,      0.786      
# span 11 =     0.2582,     1.0256      
# span 12 =     0.1478,     0.3181      
# span 13 = -3.987e-12, 4.3944e+02      
# span 14 =     0.1896,     1.6950      
# span 15 =    24.2541,    33.8294      
# span 16 =    24.2528,    33.8259      
# span 17 =    -0.4757,     0.0599      
# span 18 =    -0.0111,     0.0660      
# span 19 =    19.0198,    26.5839      
# span 20 =    19.0188,    26.5812      
# span 21 =      1.486,     78.258      
# span 22 =      1.499,     78.573      
# span 23 =    1463.39,    1475.92      
# span 24 =    1463.38,    1475.91      
# span 25 =     5.5499,     6.9670      
# span 26 =     5.6867,     7.1422      
# span 27 =     80.337,     95.100      
# span 28 =     82.322,     97.480      
# span 29 = 0.0000e+00, 0.0000e+00      
# interval = decibars: 0.5              
# start_time = Apr 15 2020 07:08:49 [NMEA time, first data scan]
# bad_flag = -9.990e-29
*END*
[from data line 146]
      36933     74.500     6.3120     6.3125    3.35228    3.35254          1     3.1802     2.9938       6.89      0.384     0.2815     0.1712  1.000e-12  1.5466000    33.6990    33.7014     0.0023     0.0006    26.4851    26.4868     73.801     74.108    1475.56    1475.56     5.6243     5.7732    81.2970    83.4520  0.000e+00
      36955     75.000     6.3182     6.3182    3.35540    3.35503          1     3.1755     2.9913       6.43      0.524     0.2785     0.2107  1.000e-12  1.6641000    33.7274    33.7234    -0.0041    -0.0000    26.5067    26.5035     74.297     74.605    1475.62    1475.62     5.6234     5.7902    81.3120    83.7210  0.000e+00
      37007     75.500     6.3206     6.3148    3.35653    3.35380          1     3.1668     2.9837       5.78      0.233     0.2782     0.2077  1.000e-12  1.5548000    33.7374    33.7126    -0.0248    -0.0057    26.5143    26.4955     74.792     75.101    1475.66    1475.60     5.5980     5.7372    80.9540    82.9420  0.000e+00
      37041     76.000     6.3228     6.3222    3.35752    3.35698          1     3.1587     2.9743       5.38      0.288     0.2825     0.2436  1.000e-12  1.5028000    33.7460    33.7406    -0.0054    -0.0006    26.5208    26.5166     75.287     75.597    1475.68    1475.67     5.5733     5.7085    80.6050    82.5580  0.000e+00
      37059     76.500     6.3360     6.3361    3.36372    3.36355          1     3.1541     2.9706       5.02      0.515     0.2860     0.2371  1.000e-12  1.5729000    33.8018    33.7998    -0.0020     0.0001    26.5631    26.5616     75.782     76.093    1475.82    1475.81     5.5703     5.7153    80.6170    82.7140  0.000e+00
      37081     77.000     6.3346     6.3382    3.36303    3.36448          1     3.1523     2.9681       4.61      0.622     0.2906     0.2118  1.000e-12  1.6950000    33.7953    33.8079     0.0126     0.0036    26.5582    26.5676     76.277     76.589    1475.81    1475.84     5.5824     5.7233    80.7850    82.8380  0.000e+00
      37151     77.500     6.3329     6.3363    3.36244    3.36365          1     3.1466     2.9604       3.86      0.094     0.2826     0.1614  1.000e-12  1.3578000    33.7900    33.8002     0.0102     0.0034    26.5542    26.5618     76.773     77.085    1475.80    1475.83     5.5574     5.6982    80.4180    82.4670  0.000e+00
      37171     78.000     6.3400     6.3407    3.36552    3.36551          1     3.1430     2.9579       3.60      0.378     0.2733     0.1973  1.000e-12  1.6388000    33.8172    33.8164    -0.0009     0.0007    26.5748    26.5740     77.268     77.581    1475.87    1475.88     5.5499     5.6869    80.3370    82.3220  0.000e+00
      37188     78.500     6.3424     6.3437    3.36649    3.36666          1     3.1413     2.9551       3.33      0.597     0.2742     0.2152  1.000e-12  1.6539000    33.8254    33.8259     0.0005     0.0013    26.5809    26.5812     77.763     78.077    1475.90    1475.91     5.5539     5.6867    80.4040    82.3290  0.000e+00
      37503     79.000     6.3436     6.3425    3.36698    3.36613          1     3.1425     2.9596       2.43      0.307     0.2827     0.2061  1.000e-12  1.6000000    33.8294    33.8210    -0.0084    -0.0011    26.5839    26.5774     78.258     78.573    1475.92    1475.90     5.5851     5.7432    80.8600    83.1420  0.000e+00
