ctdpy/tests/etc/exprapp_april_2020/SBE09_1387_20200418_2216_77_10_0358.cnv
* Sea-Bird SBE 9 Data File:
* FileName = L:\2020\sv20d0358.hex
* Software Version Seasave V 7.26.7.121
* Temperature SN = 6378
* Conductivity SN = 4824
* Number of Bytes Per Scan = 41
* Number of Voltage Words = 4
* Number of Scans Averaged by the Deck Unit = 1
* NMEA Latitude = 57 06.99 N
* NMEA Longitude = 017 40.11 E
* NMEA UTC (Time) = Apr 18 2020  22:16:57
* NMEA baud rate = 4800
** Station:  BY38
** Operator:  SSip
** Ship: SVEA
** Average sound velocity: 1438.55 m/s
** True-depth calculation Sat, 18 Apr 2020 23:37:07 +0000
** CTD Python Module SMHI /ver 3-12/ feb 2012 
** LIMS Job: 20207710-0358
** Cruise: SMHI-07-2020
** Latitude [GG MM.mm N] :
** Longitude [GGG MM.mm E]:
# nquan = 30
# nvalues = 207                         
# units = specified
# name 0 = scan: Scan Count
# name 1 = prDM: Pressure, Digiquartz [db]
# name 2 = t090C: Temperature [ITS-90, deg C]
# name 3 = t190C: Temperature, 2 [ITS-90, deg C]
# name 4 = c0S/m: Conductivity [S/m]
# name 5 = c1S/m: Conductivity, 2 [S/m]
# name 6 = pumps: Pump Status
# name 7 = sbeox0V: Oxygen raw, SBE 43 [V]
# name 8 = sbeox1V: Oxygen raw, SBE 43, 2 [V]
# name 9 = altM: Altimeter [m]
# name 10 = dz/dtM: Descent Rate [m/s]
# name 11 = flECO-AFL: Chl-a Fluorescence, WET Labs ECO-AFL/FL [mg/m^3]
# name 12 = flECO-AFL1: Phycocyanin Fluorescence, WET Labs ECO-AFL/FL, 2 [mg/m^3]
# name 13 = par: PAR/Irradiance, Biospherical/Lico [µE/(cm^2*s)]
# name 14 = turbWETntu0: Turbidity, WET Labs ECO [NTU]
# name 15 = sal00: Salinity, Practical [PSU]
# name 16 = sal11: Salinity, Practical, 2 [PSU]
# name 17 = secS-priS: Salinity, Practical, Difference, 2 - 1 [PSU]
# name 18 = T2-T190C: Temperature Difference, 2 - 1 [ITS-90, deg C]
# name 19 = sigma-t00: Density [sigma-t, kg/m^3 ]
# name 20 = sigma-t11: Density, 2 [sigma-t, kg/m^3 ]
# name 21 = depSM: Depth [salt water, m], lat = 57.1165
# name 22 = depFM: Depth [true depth, m], lat = 57.1165
# name 23 = svCM: Sound Velocity [Chen-Millero, m/s]
# name 24 = svCM1: Sound Velocity, 2 [Chen-Millero, m/s]
# name 25 = sbeox0ML/L: Oxygen, SBE 43 [ml/l], WS = 2
# name 26 = sbeox1ML/L: Oxygen, SBE 43, 2 [ml/l], WS = 2
# name 27 = sbeox0PS: Oxygen, SBE 43 [% saturation], WS = 2
# name 28 = sbeox1PS: Oxygen, SBE 43, 2 [% saturation], WS = 2
# name 29 = flag: flag
# span 0 =      55582,      61814       
# span 1 =      1.500,    105.000       
# span 2 =     4.6078,     5.7435       
# span 3 =     4.6086,     5.7428       
# span 4 =   0.788695,   1.116875       
# span 5 =   0.788841,   1.116653       
# span 6 =          1,          1       
# span 7 =     0.7511,     3.8210       
# span 8 =     0.7413,     3.5657       
# span 9 =       1.82,      98.74       
# span 10 =     -0.542,      0.611      
# span 11 =     0.3140,     3.0639      
# span 12 =     0.1316,     0.8203      
# span 13 = 1.0000e-12, 1.5077e+00      
# span 14 =     0.1067,     3.0402      
# span 15 =     7.2622,    10.3175      
# span 16 =     7.2637,    10.3155      
# span 17 =    -0.0020,     0.0080      
# span 18 =    -0.0090,     0.0037      
# span 19 =     5.7379,     8.1191      
# span 20 =     5.7391,     8.1176      
# span 21 =      1.486,    104.008      
# span 22 =      1.519,    106.254      
# span 23 =    1434.88,    1446.21      
# span 24 =    1434.89,    1446.20      
# span 25 =     0.0689,     8.7058      
# span 26 =     0.1115,     8.8687      
# span 27 =      0.842,    102.475      
# span 28 =      1.361,    104.394      
# span 29 = 0.0000e+00, 0.0000e+00      
# interval = decibars: 0.5              
# start_time = Apr 18 2020 22:16:57 [NMEA time, first data scan]
# bad_flag = -9.990e-29
*END*
      55582      1.500     5.0856     5.0892    0.79036    0.79059          1     3.8198     3.5654       7.56     -0.542     2.6378     0.7285  1.508e+00  0.2835000     7.2625     7.2639     0.0015     0.0036     5.7384     5.7395      1.486      1.519    1435.92    1435.94     8.6986     8.8653   102.3930   104.3660  0.000e+00
      55898      2.000     5.0846     5.0845    0.79034    0.79048          1     3.8210     3.5657       6.66      0.201     2.9274     0.6860  1.138e+00  0.3381000     7.2624     7.2638     0.0014    -0.0002     5.7384     5.7395      1.982      2.025    1435.92    1435.93     8.7058     8.8687   102.4750   104.3940  0.000e+00
      56065      2.500     5.1036     5.1037    0.79080    0.79095          1     3.8200     3.5655       6.29      0.131     2.9322     0.7118  9.309e-01  0.3263000     7.2627     7.2642     0.0015     0.0001     5.7379     5.7391      2.477      2.532    1436.02    1436.02     8.6976     8.8621   102.4290   104.3670  0.000e+00
      56108      3.000     5.0871     5.0908    0.79041    0.79063          1     3.8191     3.5650       6.10      0.310     3.0277     0.6539  7.163e-01  0.3600000     7.2623     7.2638     0.0015     0.0037     5.7383     5.7393      2.972      3.038    1435.95    1435.97     8.6983     8.8562   102.3930   104.2630  0.000e+00
      56145      3.500     5.0843     5.0846    0.79034    0.79050          1     3.8185     3.5640       5.72      0.314     3.0559     0.7885  5.665e-01  0.3428000     7.2623     7.2638     0.0015     0.0004     5.7384     5.7395      3.468      3.545    1435.95    1435.95     8.7016     8.8611   102.4250   104.3040  0.000e+00
      56174      4.000     5.0826     5.0834    0.79032    0.79049          1     3.8185     3.5641       6.07      0.388     3.0639     0.7459  4.893e-01  0.3411000     7.2624     7.2638     0.0015     0.0008     5.7385     5.7396      3.963      4.051    1435.95    1435.95     8.7021     8.8662   102.4260   104.3610  0.000e+00
      56206      4.500     5.0891     5.0891    0.79047    0.79062          1     3.8180     3.5643       6.49      0.395     3.0171     0.7583  3.430e-01  0.3544000     7.2624     7.2638     0.0014     0.0000     5.7382     5.7394      4.459      4.557    1435.98    1435.99     8.6982     8.8601   102.3980   104.3050  0.000e+00
      56235      5.000     5.0896     5.0882    0.79049    0.79061          1     3.8180     3.5632       6.21      0.375     3.0103     0.7332  2.734e-01  0.3419000     7.2624     7.2639     0.0015    -0.0014     5.7382     5.7395      4.954      5.064    1435.99    1435.99     8.7015     8.8572   102.4380   104.2690  0.000e+00
      56260      5.500     5.0907     5.0896    0.79052    0.79065          1     3.8181     3.5633       6.43      0.462     3.0301     0.7467  1.585e-01  0.3726000     7.2624     7.2639     0.0015    -0.0011     5.7382     5.7394      5.449      5.570    1436.01    1436.01     8.7037     8.8619   102.4660   104.3270  0.000e+00
      56283      6.000     5.0851     5.0853    0.79039    0.79055          1     3.8185     3.5633       6.10      0.501     3.0315     0.7796  1.429e-01  0.3551000     7.2623     7.2638     0.0015     0.0002     5.7383     5.7395      5.945      6.076    1435.99    1435.99     8.7049     8.8620   102.4660   104.3170  0.000e+00
      56307      6.500     5.0803     5.0803    0.79029    0.79043          1     3.8182     3.5631       6.05      0.511     3.0474     0.8002  1.039e-01  0.3601000     7.2622     7.2637     0.0014     0.0000     5.7385     5.7396      6.440      6.583    1435.98    1435.98     8.7029     8.8622   102.4310   104.3060  0.000e+00
      56332      7.000     5.0800     5.0801    0.79029    0.79044          1     3.8176     3.5629       6.08      0.495     2.9529     0.8203  5.619e-02  0.3412000     7.2623     7.2637     0.0015     0.0001     5.7385     5.7397      6.936      7.089    1435.98    1435.99     8.7016     8.8649   102.4140   104.3370  0.000e+00
      56363      7.500     5.0801     5.0804    0.79030    0.79046          1     3.8174     3.5630      64.54      0.405     2.8467     0.7711  3.385e-02  0.3190000     7.2623     7.2637     0.0015     0.0003     5.7385     5.7397      7.431      7.595    1435.99    1435.99     8.7041     8.8665   102.4440   104.3560  0.000e+00
      56389      8.000     5.0810     5.0804    0.79033    0.79046          1     3.8173     3.5630      92.14      0.416     2.8617     0.7718  1.809e-02  0.3454000     7.2623     7.2637     0.0015    -0.0006     5.7385     5.7396      7.926      8.102    1436.01    1436.00     8.7040     8.8654   102.4450   104.3440  0.000e+00
      56408      8.500     5.0815     5.0814    0.79034    0.79050          1     3.8172     3.5629      95.08      0.528     2.9098     0.7858  3.986e-04  0.5757000     7.2623     7.2638     0.0015    -0.0001     5.7384     5.7397      8.422      8.608    1436.01    1436.02     8.7030     8.8663   102.4340   104.3570  0.000e+00
      56429      9.000     5.0818     5.0816    0.79037    0.79050          1     3.8170     3.5630      96.62      0.603     2.9851     0.7499  1.779e-05  0.5123000     7.2623     7.2637     0.0014    -0.0003     5.7385     5.7396      8.917      9.115    1436.02    1436.02     8.7010     8.8684   102.4110   104.3820  0.000e+00
      56457      9.500     5.0818     5.0817    0.79037    0.79052          1     3.8161     3.5631      96.71      0.503     2.8705     0.7729  1.963e-07  0.3527000     7.2623     7.2638     0.0015    -0.0002     5.7385     5.7397      9.412      9.621    1436.03    1436.03     8.6994     8.8673   102.3930   104.3700  0.000e+00
      56490     10.000     5.0820     5.0818    0.79038    0.79053          1     3.8159     3.5630      96.72      0.343     3.0552     0.7571  1.000e-12  0.3539000     7.2623     7.2638     0.0015    -0.0002     5.7385     5.7397      9.908     10.127    1436.04    1436.04     8.7013     8.8649   102.4160   104.3410  0.000e+00
      56514     10.500     5.0821     5.0817    0.79039    0.79053          1     3.8156     3.5623      96.73      0.420     2.9821     0.7430  1.000e-12  0.3834000     7.2623     7.2638     0.0015    -0.0004     5.7385     5.7397     10.403     10.634    1436.05    1436.05     8.7024     8.8571   102.4290   104.2500  0.000e+00
      56533     11.000     5.0816     5.0806    0.79039    0.79051          1     3.8159     3.5617      28.26      0.556     2.9733     0.7167  1.000e-12  0.3647000     7.2623     7.2638     0.0014    -0.0010     5.7385     5.7397     10.899     11.140    1436.05    1436.05     8.7044     8.8556   102.4510   104.2290  0.000e+00
      56554     11.500     5.0810     5.0805    0.79038    0.79052          1     3.8158     3.5608      82.85      0.610     2.9858     0.7315  1.000e-12  0.3810000     7.2623     7.2638     0.0015    -0.0005     5.7385     5.7397     11.394     11.646    1436.06    1436.06     8.7043     8.8565   102.4480   104.2400  0.000e+00
      56582     12.000     5.0810     5.0807    0.79039    0.79053          1     3.8158     3.5605      96.50      0.493     2.8984     0.7090  1.000e-12  0.3472000     7.2624     7.2639     0.0015    -0.0003     5.7386     5.7397     11.889     12.153    1436.07    1436.07     8.7022     8.8586   102.4240   104.2650  0.000e+00
      56613     12.500     5.0812     5.0808    0.79040    0.79054          1     3.8147     3.5597      96.77      0.370     2.8920     0.6920  1.000e-12  0.3421000     7.2624     7.2639     0.0015    -0.0003     5.7385     5.7397     12.385     12.659    1436.08    1436.08     8.6979     8.8545   102.3740   104.2170  0.000e+00
      56637     13.000     5.0805     5.0802    0.79040    0.79054          1     3.8144     3.5593      96.77      0.444     2.8266     0.7795  1.000e-12  0.3669000     7.2624     7.2639     0.0014    -0.0003     5.7386     5.7398     12.880     13.165    1436.08    1436.08     8.6990     8.8595   102.3850   104.2740  0.000e+00
      56658     13.500     5.0800     5.0794    0.79039    0.79053          1     3.8138     3.5593      96.78      0.536     2.8949     0.7273  1.000e-12  0.3489000     7.2624     7.2640     0.0015    -0.0005     5.7387     5.7399     13.375     13.672    1436.09    1436.09     8.6984     8.8614   102.3760   104.2940  0.000e+00
      56682     14.000     5.0809     5.0803    0.79042    0.79055          1     3.8136     3.5594      96.79      0.546     2.9454     0.7293  1.000e-12  0.3650000     7.2624     7.2639     0.0014    -0.0005     5.7386     5.7398     13.871     14.178    1436.10    1436.10     8.6996     8.8582   102.3930   104.2600  0.000e+00
      56710     14.500     5.0799     5.0796    0.79041    0.79055          1     3.8135     3.5585      96.80      0.459     2.9969     0.7443  1.000e-12  0.3750000     7.2624     7.2640     0.0015    -0.0003     5.7386     5.7399     14.366     14.685    1436.10    1436.10     8.6983     8.8533   102.3750   104.2000  0.000e+00
      56738     15.000     5.0797     5.0796    0.79041    0.79056          1     3.8127     3.5582      96.81      0.412     2.9389     0.7127  1.000e-12  0.4208000     7.2625     7.2640     0.0014    -0.0001     5.7387     5.7399     14.862     15.191    1436.11    1436.11     8.6962     8.8552   102.3500   104.2220  0.000e+00
      56762     15.500     5.0788     5.0785    0.79041    0.79055          1     3.8123     3.5575      60.45      0.462     2.8624     0.7274  1.000e-12  0.3511000     7.2626     7.2640     0.0015    -0.0003     5.7388     5.7400     15.357     15.697    1436.11    1436.11     8.6986     8.8536   102.3760   104.2000  0.000e+00
      56783     16.000     5.0798     5.0793    0.79043    0.79057          1     3.8124     3.5573      83.84      0.533     2.7778     0.7423  1.000e-12  0.3503000     7.2625     7.2640     0.0015    -0.0006     5.7387     5.7399     15.852     16.204    1436.12    1436.12     8.6998     8.8543   102.3930   104.2100  0.000e+00
      56806     16.500     5.0811     5.0806    0.79047    0.79061          1     3.8122     3.5572      95.94      0.547     2.8538     0.7408  1.000e-12  0.3677000     7.2625     7.2640     0.0015    -0.0005     5.7387     5.7399     16.348     16.710    1436.14    1436.14     8.6964     8.8563   102.3560   104.2370  0.000e+00
      56835     17.000     5.0805     5.0804    0.79047    0.79061          1     3.8115     3.5569      96.82      0.457     2.8073     0.7036  1.000e-12  0.3297000     7.2626     7.2640     0.0014    -0.0001     5.7388     5.7399     16.843     17.216    1436.14    1436.15     8.6951     8.8546   102.3390   104.2160  0.000e+00
      56864     17.500     5.0802     5.0798    0.79046    0.79061          1     3.8108     3.5563      96.83      0.401     2.7902     0.7106  1.000e-12  0.3206000     7.2626     7.2641     0.0015    -0.0003     5.7387     5.7399     17.338     17.723    1436.15    1436.15     8.6914     8.8482   102.2940   104.1400  0.000e+00
      56887     18.000     5.0803     5.0800    0.79047    0.79062          1     3.8096     3.5557      96.82      0.467     2.7916     0.7346  1.000e-12  0.3440000     7.2626     7.2641     0.0015    -0.0003     5.7387     5.7400     17.834     18.229    1436.16    1436.16     8.6851     8.8454   102.2210   104.1070  0.000e+00
      56908     18.500     5.0792     5.0791    0.79046    0.79061          1     3.8085     3.5544      96.84      0.546     2.7039     0.7298  1.000e-12  0.3289000     7.2626     7.2641     0.0014    -0.0001     5.7388     5.7400     18.329     18.735    1436.16    1436.16     8.6818     8.8314   102.1790   103.9410  0.000e+00
      56931     19.000     5.0782     5.0774    0.79045    0.79059          1     3.8067     3.5524      96.82      0.549     2.6374     0.7058  1.000e-12  0.3395000     7.2627     7.2642     0.0015    -0.0008     5.7389     5.7402     18.824     19.242    1436.17    1436.16     8.6757     8.8230   102.1040   103.8370  0.000e+00
      56960     19.500     5.0719     5.0751    0.79033    0.79054          1     3.8045     3.5500      96.84      0.445     2.2994     0.6202  1.000e-12  0.3377000     7.2628     7.2642     0.0014     0.0032     5.7392     5.7402     19.320     19.748    1436.15    1436.16     8.6724     8.8218   102.0500   103.8170  0.000e+00
      56989     20.000     5.0701     5.0667    0.79029    0.79036          1     3.8026     3.5482      96.83      0.396     2.3354     0.5409  1.000e-12  0.3119000     7.2628     7.2642     0.0014    -0.0034     5.7393     5.7406     19.815     20.255    1436.15    1436.13     8.6674     8.8212   101.9870   103.7880  0.000e+00
      57012     20.500     5.0678     5.0689    0.79024    0.79042          1     3.8009     3.5468      96.85      0.472     2.3229     0.5614  1.000e-12  0.3008000     7.2627     7.2642     0.0015     0.0010     5.7394     5.7405     20.310     20.761    1436.15    1436.15     8.6648     8.8156   101.9500   103.7280  0.000e+00
      57033     21.000     5.0650     5.0665    0.79019    0.79037          1     3.7995     3.5454      96.62      0.547     1.9449     0.6458  1.000e-12  0.3125000     7.2627     7.2642     0.0015     0.0015     5.7395     5.7405     20.806     21.267    1436.14    1436.15     8.6610     8.8062   101.8980   103.6110  0.000e+00
      57059     21.500     5.0637     5.0630    0.79016    0.79029          1     3.7974     3.5425      88.49      0.505     2.2093     0.5502  1.000e-12  0.3024000     7.2627     7.2641     0.0014    -0.0007     5.7395     5.7406     21.301     21.774    1436.14    1436.14     8.6545     8.7984   101.8180   103.5100  0.000e+00
      57088     22.000     5.0601     5.0597    0.79011    0.79026          1     3.7951     3.5410      88.02      0.418     2.0203     0.5801  1.000e-12  0.3002000     7.2629     7.2644     0.0015    -0.0004     5.7398     5.7410     21.797     22.280    1436.14    1436.13     8.6508     8.8148   101.7650   103.6950  0.000e+00
      57113     22.500     5.0594     5.0579    0.79011    0.79022          1     3.7931     3.5409      87.50      0.449     2.0445     0.5627  1.000e-12  0.3007000     7.2629     7.2644     0.0015    -0.0015     5.7399     5.7411     22.292     22.786    1436.14    1436.13     8.6467     8.8123   101.7150   103.6600  0.000e+00
      57136     23.000     5.0584     5.0588    0.79009    0.79025          1     3.7920     3.5399      86.95      0.511     2.0674     0.5997  1.000e-12  0.3013000     7.2630     7.2644     0.0015     0.0003     5.7399     5.7411     22.787     23.293    1436.14    1436.15     8.6508     8.8108   101.7610   103.6440  0.000e+00
      57161     23.500     5.0588     5.0601    0.79012    0.79029          1     3.7917     3.5398      91.88      0.509     2.0779     0.5866  1.000e-12  0.2904000     7.2631     7.2645     0.0015     0.0012     5.7400     5.7411     23.283     23.799    1436.15    1436.16     8.6518     8.8147   101.7730   103.6940  0.000e+00
      57188     24.000     5.0611     5.0620    0.79018    0.79035          1     3.7908     3.5392      91.88      0.455     2.0580     0.5839  1.000e-12  0.3141000     7.2631     7.2646     0.0015     0.0009     5.7399     5.7411     23.778     24.305    1436.17    1436.18     8.6469     8.8045   101.7220   103.5790  0.000e+00
      57213     24.500     5.0614     5.0611    0.79019    0.79034          1     3.7899     3.5380      85.16      0.453     1.9744     0.5555  1.000e-12  0.3062000     7.2631     7.2646     0.0015    -0.0003     5.7399     5.7411     24.273     24.812    1436.18    1436.18     8.6437     8.7966   101.6850   103.4840  0.000e+00
      57234     25.000     5.0599     5.0591    0.79017    0.79030          1     3.7888     3.5365      86.49      0.519     1.8752     0.5657  1.000e-12  0.2769000     7.2631     7.2646     0.0015    -0.0007     5.7400     5.7412     24.769     25.318    1436.18    1436.18     8.6416     8.7967   101.6570   103.4810  0.000e+00
