ctdpy/tests/etc/CTD_SMHI/SBE09_1044_20171113_1254_34_07_0042.cnv
* Sea-Bird SBE 9 Data File:
* FileName = C:\ctd\temp\2017\AU17D042.hex
* Software Version Seasave V 7.26.6.26
* Temperature SN = 5351
* Conductivity SN = 3941
* Number of Bytes Per Scan = 41
* Number of Voltage Words = 4
* Number of Scans Averaged by the Deck Unit = 1
* NMEA Latitude = 55 52.01 N
* NMEA Longitude = 012 44.91 E
* NMEA UTC (Time) = Nov 13 2017  12:55:08
* NMEA baud rate = 4800
** Station:  W Landskrona
** Operator:  SSip
** Ship: AURA
** Average sound velocity: 1487.08 m/s
** True-depth calculation Mon, 13 Nov 2017 15:09:29 +0000
** CTD Python Module SMHI /ver 3-12/ feb 2012 
** LIMS Job: 20173407-0042
** Cruise: SMHI-02-2017
** Latitude [GG MM.mm N] :
** Longitude [GG MM.mm E]:
# nquan = 26
# nvalues = 94                          
# units = specified
# name 0 = scan: Scan Count
# name 1 = prDM: Pressure, Digiquartz [db]
# name 2 = t090C: Temperature [ITS-90, deg C]
# name 3 = t190C: Temperature, 2 [ITS-90, deg C]
# name 4 = T2-T190C: Temperature Difference, 2 - 1 [ITS-90, deg C]
# name 5 = c0S/m: Conductivity [S/m]
# name 6 = c1S/m: Conductivity, 2 [S/m]
# name 7 = pumps: Pump Status
# name 8 = sbeox0ML/L: Oxygen, SBE 43 [ml/l]
# name 9 = sbeox1ML/L: Oxygen, SBE 43, 2 [ml/l]
# name 10 = altM: Altimeter [m]
# name 11 = flECO-AFL: Fluorescence, WET Labs ECO-AFL/FL [mg/m^3]
# name 12 = flECO-AFL1: Fluorescence, WET Labs ECO-AFL/FL, 2 [mg/m^3]
# name 13 = par: PAR/Irradiance, Biospherical/Licor
# name 14 = turbWETntu0: Turbidity, WET Labs ECO [NTU]
# name 15 = sal00: Salinity, Practical [PSU]
# name 16 = sal11: Salinity, Practical, 2 [PSU]
# name 17 = secS-priS: Salinity, Practical, Difference, 2 - 1 [PSU]
# name 18 = sigma-t00: Density [sigma-t, Kg/m^3 ]
# name 19 = sigma-t11: Density, 2 [sigma-t, Kg/m^3 ]
# name 20 = depSM: Depth [salt water, m], lat = 55.8668
# name 21 = depFM: Depth [true depth, m], lat = 55.8668
# name 22 = dz/dtM: Descent Rate [m/s], WS = 2
# name 23 = svCM: Sound Velocity [Chen-Millero, m/s]
# name 24 = svCM1: Sound Velocity, 2 [Chen-Millero, m/s]
# name 25 = flag: flag
# span 0 =       5871,       8203       
# span 1 =      1.000,     47.500       
# span 2 =     8.8961,    13.5754       
# span 3 =     8.9026,    13.5753       
# span 4 =    -0.0841,     0.0612       
# span 5 =   1.868501,   3.803331       
# span 6 =   1.871202,   3.803188       
# span 7 =          1,          1       
# span 8 =    2.85658,    6.67638       
# span 9 =    2.87209,    6.65014       
# span 10 =       2.56,      42.64      
# span 11 =     0.3162,     1.6876      
# span 12 =     0.2893,     0.5115      
# span 13 = 1.0000e-12, 3.9794e+02      
# span 14 =     0.4365,     2.6729      
# span 15 =    16.4850,    31.7169      
# span 16 =    16.5080,    31.7157      
# span 17 =    -0.2153,     0.1703      
# span 18 =    12.6738,    23.7372      
# span 19 =    12.6909,    23.7363      
# span 20 =      0.991,     47.063      
# span 21 =      1.006,     47.435      
# span 22 =      0.003,      0.592      
# span 23 =    1463.18,    1499.00      
# span 24 =    1463.23,    1499.00      
# span 25 = 0.0000e+00, 0.0000e+00      
# interval = decibars: 0.5              
# start_time = Nov 13 2017 12:55:09 [NMEA time, first data scan]
# bad_flag = -9.990e-29
*END*
[from data line 56]
       7374     29.000    12.9444    12.9491     0.0048    3.52411    3.52548          1     3.1125     3.2145      22.32     0.4240     0.3361  1.000e-12  2.1806000    29.6336    29.6426     0.0089    22.2502    22.2562     28.734     29.019      0.575    1494.13    1494.16  0.000e+00
       7395     29.500    13.0248    13.0292     0.0044    3.55384    3.55449          1     3.0855     3.1764      21.87     0.3829     0.3332  1.000e-12  2.2431000    29.8476    29.8503     0.0027    22.4003    22.4015     29.230     29.518      0.575    1494.67    1494.68  0.000e+00
       7416     30.000    13.0518    13.0547     0.0029    3.56546    3.56693          1     3.0946     3.1637      21.39     0.3953     0.3930  1.000e-12  2.1406000    29.9345    29.9459     0.0114    22.4623    22.4705     29.725     30.016      0.578    1494.87    1494.89  0.000e+00
       7437     30.500    13.0744    13.0819     0.0074    3.57660    3.57896          1     3.1103     3.1492      20.91     0.3738     0.3389  1.000e-12  2.1835000    30.0202    30.0363     0.0161    22.5242    22.5352     30.221     30.514      0.582    1495.05    1495.10  0.000e+00
       7457     31.000    13.1144    13.1102    -0.0042    3.59539    3.59260          1     3.1114     3.1332      20.45     0.3471     0.3540  1.000e-12  2.1196000    30.1635    30.1409    -0.0226    22.6273    22.6106     30.716     31.012      0.586    1495.37    1495.32  0.000e+00
       7478     31.500    13.1371    13.1340    -0.0032    3.60429    3.60260          1     3.0956     3.1263      20.00     0.3396     0.3667  1.000e-12  2.1313000    30.2281    30.2149    -0.0133    22.6728    22.6632     31.211     31.510      0.592    1495.53    1495.50  0.000e+00
       7498     32.000    13.1538    13.1542     0.0004    3.61158    3.61176          1     3.0771     3.1118      19.51     0.3487     0.3804  1.000e-12  2.2018000    30.2826    30.2839     0.0013    22.7117    22.7126     31.707     32.008      0.588    1495.66    1495.66  0.000e+00
       7519     32.500    13.1638    13.1644     0.0006    3.61600    3.61538          1     3.0769     3.1023      19.03     0.3601     0.3950  1.000e-12  2.1180000    30.3155    30.3093    -0.0062    22.7352    22.7303     32.202     32.506      0.572    1495.74    1495.73  0.000e+00
       7540     33.000    13.1699    13.1716     0.0017    3.61866    3.61935          1     3.0737     3.0995      18.56     0.3609     0.3699  1.000e-12  2.0770000    30.3353    30.3404     0.0051    22.7493    22.7529     32.697     33.004      0.565    1495.79    1495.80  0.000e+00
       7561     33.500    13.2038    13.2068     0.0030    3.63615    3.63682          1     3.0489     3.0711      18.09     0.3345     0.3854  1.000e-12  2.1327000    30.4709    30.4747     0.0038    22.8475    22.8499     33.193     33.501      0.566    1496.07    1496.08  0.000e+00
       7582     34.000    13.2321    13.2333     0.0012    3.64636    3.64644          1     3.0121     3.0364      17.66     0.3371     0.3884  1.000e-12  2.1418000    30.5430    30.5428    -0.0003    22.8978    22.8974     33.688     33.999      0.575    1496.26    1496.26  0.000e+00
       7603     34.500    13.2442    13.2450     0.0009    3.65211    3.65198          1     2.9767     3.0010      17.18     0.3481     0.3676  1.000e-12  2.1588000    30.5866    30.5848    -0.0018    22.9292    22.9276     34.184     34.497      0.581    1496.36    1496.36  0.000e+00
       7623     35.000    13.2678    13.2677    -0.0001    3.66359    3.66273          1     2.9490     2.9787      16.69     0.3498     0.2893  1.000e-12  2.2511000    30.6743    30.6663    -0.0080    22.9923    22.9862     34.679     34.995      0.576    1496.55    1496.54  0.000e+00
       7645     35.500    13.2908    13.2903    -0.0005    3.67385    3.67324          1     2.9585     2.9835      16.24     0.3373     0.3432  1.000e-12  2.1913000    30.7510    30.7457    -0.0053    23.0471    23.0431     35.174     35.493      0.572    1496.72    1496.72  0.000e+00
       7665     36.000    13.2971    13.2983     0.0011    3.67665    3.67671          1     2.9697     2.9871      15.72     0.3488     0.3273  1.000e-12  2.3537000    30.7717    30.7714    -0.0003    23.0619    23.0614     35.670     35.991      0.578    1496.78    1496.78  0.000e+00
       7686     36.500    13.3166    13.3190     0.0024    3.68663    3.68709          1     2.9300     2.9526      15.25     0.3382     0.3182  1.000e-12  2.3291000    30.8487    30.8510     0.0023    23.1175    23.1189     36.165     36.488      0.589    1496.94    1496.95  0.000e+00
       7706     37.000    13.3486    13.3501     0.0015    3.70034    3.70047          1     2.8887     2.9169      14.79     0.3293     0.3184  1.000e-12  2.3526000    30.9500    30.9500     0.0000    23.1896    23.1893     36.660     36.986      0.584    1497.18    1497.18  0.000e+00
       7727     37.500    13.3588    13.3585    -0.0003    3.70415    3.70355          1     2.8827     2.9098      14.32     0.3376     0.3069  1.000e-12  2.4622000    30.9770    30.9717    -0.0053    23.2084    23.2044     37.156     37.484      0.578    1497.25    1497.24  0.000e+00
       7748     38.000    13.3717    13.3711    -0.0006    3.71008    3.70956          1     2.8929     2.9138      13.85     0.3272     0.3192  1.000e-12  2.2463000    31.0215    31.0171    -0.0044    23.2403    23.2370     37.651     37.982      0.577    1497.36    1497.35  0.000e+00
       7769     38.500    13.3990    13.3996     0.0006    3.72288    3.72276          1     2.8903     2.9069      13.39     0.3397     0.3208  1.000e-12  2.3039000    31.1180    31.1164    -0.0016    23.3094    23.3081     38.147     38.479      0.575    1497.57    1497.57  0.000e+00
       7790     39.000    13.4241    13.4259     0.0018    3.73441    3.73503          1     2.8879     2.8994      12.87     0.3325     0.3211  1.000e-12  2.2352000    31.2045    31.2087     0.0042    23.3713    23.3743     38.642     38.977      0.573    1497.76    1497.77  0.000e+00
       7811     39.500    13.4398    13.4397    -0.0001    3.74075    3.74069          1     2.8928     2.9010      12.39     0.3272     0.3296  1.000e-12  2.2908000    31.2504    31.2499    -0.0004    23.4037    23.4034     39.137     39.475      0.569    1497.88    1497.88  0.000e+00
       7832     40.000    13.4483    13.4475    -0.0008    3.74529    3.74513          1     2.8961     2.9088      11.96     0.3306     0.4083  1.000e-12  2.3553000    31.2854    31.2845    -0.0009    23.4291    23.4286     39.633     39.972      0.569    1497.95    1497.95  0.000e+00
       7853     40.500    13.4788    13.4793     0.0005    3.75942    3.75975          1     2.8909     2.9050      11.51     0.3404     0.3838  1.000e-12  2.2029000    31.3914    31.3941     0.0026    23.5050    23.5069     40.128     40.470      0.571    1498.19    1498.19  0.000e+00
       7874     41.000    13.4871    13.4870    -0.0001    3.76239    3.76228          1     2.8879     2.8996      11.04     0.3376     0.3899  1.000e-12  2.6729000    31.4120    31.4110    -0.0010    23.5192    23.5185     40.623     40.967      0.568    1498.25    1498.25  0.000e+00
       7895     41.500    13.4880    13.4880     0.0001    3.76271    3.76265          1     2.8898     2.8940      10.56     0.3312     0.4073  1.000e-12  2.1720000    31.4141    31.4134    -0.0007    23.5206    23.5201     41.119     41.465      0.562    1498.26    1498.26  0.000e+00
       7917     42.000    13.4888    13.4890     0.0002    3.76317    3.76315          1     2.8905     2.8933      10.08     0.3369     0.4103  1.000e-12  2.1658000    31.4174    31.4172    -0.0003    23.5231    23.5228     41.614     41.963      0.554    1498.28    1498.28  0.000e+00
       7938     42.500    13.4919    13.4926     0.0007    3.76476    3.76494          1     2.8847     2.8887       9.65     0.3335     0.3196  1.000e-12  2.1645000    31.4295    31.4306     0.0011    23.5317    23.5324     42.109     42.460      0.563    1498.31    1498.31  0.000e+00
       7959     43.000    13.5176    13.5177     0.0000    3.77815    3.77782          1     2.8757     2.8858       9.10     0.3274     0.3349  1.000e-12  2.1609000    31.5325    31.5294    -0.0031    23.6062    23.6038     42.605     42.958      0.558    1498.53    1498.52  0.000e+00
       7981     43.500    13.5386    13.5388     0.0002    3.78597    3.78592          1     2.8738     2.8884       8.65     0.3259     0.3671  1.000e-12  2.4450000    31.5875    31.5869    -0.0006    23.6445    23.6440     43.100     43.455      0.558    1498.67    1498.67  0.000e+00
       8002     44.000    13.5511    13.5527     0.0016    3.79287    3.79349          1     2.8700     2.8855       8.13     0.3280     0.3667  1.000e-12  2.1171000    31.6411    31.6455     0.0045    23.6834    23.6866     43.595     43.953      0.542    1498.78    1498.79  0.000e+00
       8025     44.500    13.5688    13.5689     0.0001    3.80064    3.80058          1     2.8607     2.8819       7.65     0.3162     0.3554  1.000e-12  2.0882000    31.6984    31.6977    -0.0006    23.7242    23.7237     44.091     44.450      0.511    1498.92    1498.91  0.000e+00
       8049     45.000    13.5724    13.5726     0.0001    3.80204    3.80195          1     2.8607     2.8827       7.16     0.3482     0.3755  1.000e-12  1.9742000    31.7082    31.7072    -0.0010    23.7311    23.7303     44.586     44.948      0.507    1498.95    1498.95  0.000e+00
       8073     45.500    13.5734    13.5735     0.0001    3.80241    3.80240          1     2.8606     2.8769       6.67     0.3536     0.3925  1.000e-12  2.2242000    31.7106    31.7104    -0.0002    23.7327    23.7325     45.082     45.445      0.502    1498.96    1498.96  0.000e+00
       8097     46.000    13.5743    13.5746     0.0003    3.80279    3.80290          1     2.8566     2.8721       6.19     0.3180     0.3087  1.000e-12  2.3017000    31.7132    31.7140     0.0007    23.7346    23.7351     45.577     45.942      0.517    1498.98    1498.98  0.000e+00
       8120     46.500    13.5751    13.5751     0.0000    3.80319    3.80309          1     2.8600     2.8721       5.74     0.3186     0.3211  1.000e-12  2.1485000    31.7161    31.7151    -0.0009    23.7366    23.7358     46.072     46.440      0.519    1498.99    1498.99  0.000e+00
       8143     47.000    13.5754    13.5753    -0.0001    3.80333    3.80319          1     2.8728     2.8838       5.23     0.3303     0.3185  1.000e-12  1.9986000    31.7169    31.7157    -0.0012    23.7372    23.7363     46.568     46.937      0.488    1499.00    1499.00  0.000e+00
       8203     47.500    13.5692    13.5612    -0.0079    3.80002    3.79636          1     2.8849     2.8818       4.49     0.3334     0.3971  1.000e-12  1.9752000    31.6911    31.6638    -0.0273    23.7184    23.6990     47.063     47.435      0.003    1498.96    1498.90  0.000e+00
