ctdpy/tests/etc/CTD_SMHI/SBE09_0827_20180123_1115_26_01_0179.cnv
* Sea-Bird SBE 9 Data File:
* FileName = D:\CTD_SBE911\DAT\26DA.2018.1.79.hex
* Software Version Seasave V 7.21d
* Temperature SN = 034757
* Conductivity SN = 041844
* Number of Bytes Per Scan = 48
* Number of Voltage Words = 5
* Number of Scans Averaged by the Deck Unit = 1
* NMEA Latitude = 58 06.89 N
* NMEA Longitude = 010 43.93 E
* NMEA UTC (Time) = Jan 23 2018  11:15:15
* NMEA baud rate = 4800
** Ship: DANA
** Average sound velocity: 1483.95 m/s
** True-depth calculation Wed, 24 Jan 2018 11:58:10 +0000
** CTD Python Module SMHI /ver 3-12/ feb 2012 
** LIMS Job: 20182601-0179
** 19W Maseskar
** Operator: Ronny Sørensen
** Cruise: 01/2018
# nquan = 26
# nvalues = 453                         
# units = specified
# name 0 = scan: Scan Count
# name 1 = prDM: Pressure, Digiquartz [db]
# name 2 = t090C: Temperature [ITS-90, deg C]
# name 3 = t190C: Temperature, 2 [ITS-90, deg C]
# name 4 = T2-T190C: Temperature Difference, 2 - 1 [ITS-90, deg C]
# name 5 = c0S/m: Conductivity [S/m]
# name 6 = c1S/m: Conductivity, 2 [S/m]
# name 7 = pumps: Pump Status
# name 8 = sbeox1ML/L: Oxygen, SBE 43, 2 [ml/l]
# name 9 = sbeox0ML/L: Oxygen, SBE 43 [ml/l]
# name 10 = altM: Altimeter [m]
# name 11 = chloroflTC0: Chlorophyll, Turner Cyclops [ug/l]
# name 12 = cpar: CPAR/Corrected Irradiance [%]
# name 13 = par: PAR/Irradiance, Biospherical/Licor
# name 14 = spar: SPAR/Surface Irradiance
# name 15 = sal00: Salinity, Practical [PSU]
# name 16 = sal11: Salinity, Practical, 2 [PSU]
# name 17 = secS-priS: Salinity, Practical, Difference, 2 - 1 [PSU]
# name 18 = sigma-t00: Density [sigma-t, kg/m^3 ]
# name 19 = sigma-t11: Density, 2 [sigma-t, kg/m^3 ]
# name 20 = depSM: Depth [salt water, m], lat = 58.1148
# name 21 = depFM: Depth [true depth, m], lat = 58.1148
# name 22 = dz/dtM: Descent Rate [m/s], WS = 2
# name 23 = svCM: Sound Velocity [Chen-Millero, m/s]
# name 24 = svCM1: Sound Velocity, 2 [Chen-Millero, m/s]
# name 25 = flag: flag
# span 0 =         -3,      16458       
# span 1 =      1.500,    227.500       
# span 2 =     5.3860,     8.9047       
# span 3 =     5.3856,     8.8951       
# span 4 =    -0.3739,     0.4170       
# span 5 =   3.240894,   3.709899       
# span 6 =   3.241108,   3.706510       
# span 7 =          1,          1       
# span 8 =     4.9503,     6.4142       
# span 9 =     5.0783,     6.8540       
# span 10 =       2.53,      10.10      
# span 11 =     0.0208,     0.0416      
# span 12 = 6.2327e-13, 8.6994e+00      
# span 13 = 1.0000e-12, 1.2544e+01      
# span 14 = 1.2885e+02, 1.6045e+02      
# span 15 =    33.3941,    35.1072      
# span 16 =    33.3968,    35.1111      
# span 17 =    -0.1685,     0.0971      
# span 18 =    26.3578,    27.2838      
# span 19 =    26.3553,    27.2864      
# span 20 =      1.486,    225.266      
# span 21 =      1.489,    225.622      
# span 22 =     -0.176,      0.918      
# span 23 =    1470.31,    1488.19      
# span 24 =    1470.31,    1488.19      
# span 25 = 0.0000e+00, 0.0000e+00      
# interval = decibars: 0.5              
# start_time = Jan 23 2018 11:15:16 [NMEA time, first data scan]
# bad_flag = -9.990e-29
*END*
[from data line 56]
       3048     29.500     7.5480     7.5388    -0.0092    3.52453    3.52323          1     5.9241     6.0731       9.96     0.0317  6.935e-13  1.000e-12  1.442e+02    34.3919    34.3870    -0.0049    26.8625    26.8599     29.224     29.269      0.385    1480.49    1480.45  0.000e+00
       3083     30.000     7.5546     7.5401    -0.0145    3.52533    3.52361          1     5.9333     6.0680       9.96     0.0317  6.935e-13  1.000e-12  1.442e+02    34.3938    34.3896    -0.0043    26.8630    26.8617     29.720     29.765      0.286    1480.52    1480.46  0.000e+00
       3137     30.500     7.5593     7.5411    -0.0182    3.52591    3.52379          1     5.9411     6.0718       9.96     0.0312  6.935e-13  1.000e-12  1.442e+02    34.3952    34.3902    -0.0050    26.8634    26.8621     30.215     30.261      0.215    1480.55    1480.48  0.000e+00
       3183     31.000     7.5624     7.5449    -0.0174    3.52629    3.52424          1     5.9572     6.0694       9.96     0.0314  6.935e-13  1.000e-12  1.442e+02    34.3960    34.3911    -0.0049    26.8636    26.8623     30.710     30.757      0.312    1480.57    1480.50  0.000e+00
       3229     31.500     7.5793     7.5529    -0.0264    3.52843    3.52508          1     5.9258     6.0650       9.96     0.0316  6.935e-13  1.000e-12  1.442e+02    34.4023    34.3920    -0.0102    26.8661    26.8619     31.205     31.253      0.229    1480.65    1480.54  0.000e+00
       3288     32.000     7.6048     7.5768    -0.0280    3.53155    3.52776          1     5.8863     6.0623       9.96     0.0317  6.939e-13  1.000e-12  1.441e+02    34.4106    34.3972    -0.0134    26.8690    26.8624     31.701     31.749      0.304    1480.77    1480.65  0.000e+00
       3344     32.500     7.6111     7.5936    -0.0174    3.53244    3.52998          1     5.8905     6.0556       9.96     0.0317  7.006e-13  1.000e-12  1.428e+02    34.4137    34.4043    -0.0094    26.8705    26.8657     32.196     32.245      0.245    1480.81    1480.73  0.000e+00
       3403     33.000     7.6152     7.6079    -0.0073    3.53318    3.53213          1     5.9251     6.0526       9.96     0.0317  7.035e-13  1.000e-12  1.422e+02    34.4174    34.4132    -0.0042    26.8728    26.8706     32.691     32.740      0.451    1480.84    1480.80  0.000e+00
       3426     33.500     7.6153     7.6096    -0.0056    3.53326    3.53242          1     5.9284     6.0542       9.96     0.0317  7.034e-13  1.000e-12  1.422e+02    34.4180    34.4145    -0.0035    26.8732    26.8713     33.187     33.236      0.468    1480.84    1480.82  0.000e+00
       3459     34.000     7.6162     7.6080    -0.0082    3.53341    3.53245          1     5.9047     6.0547       9.96     0.0317  7.034e-13  1.000e-12  1.422e+02    34.4184    34.4161    -0.0023    26.8734    26.8728     33.682     33.732      0.281    1480.86    1480.82  0.000e+00
       3519     34.500     7.6172     7.6124    -0.0048    3.53355    3.53304          1     5.9169     6.0535       9.96     0.0318  7.034e-13  1.000e-12  1.422e+02    34.4187    34.4179    -0.0008    26.8735    26.8736     34.177     34.228      0.225    1480.87    1480.85  0.000e+00
       3563     35.000     7.6179     7.6129    -0.0050    3.53368    3.53319          1     5.9203     6.0482       9.96     0.0317  7.034e-13  1.000e-12  1.422e+02    34.4191    34.4188    -0.0004    26.8738    26.8742     34.672     34.724      0.317    1480.88    1480.86  0.000e+00
       3602     35.500     7.6193     7.6128    -0.0066    3.53387    3.53326          1     5.9116     6.0570       9.96     0.0317  7.034e-13  1.000e-12  1.422e+02    34.4196    34.4195    -0.0001    26.8739    26.8748     35.168     35.220      0.229    1480.90    1480.87  0.000e+00
       3681     36.000     7.6277     7.6161    -0.0116    3.53494    3.53371          1     5.8994     6.0537       9.96     0.0317  7.034e-13  1.000e-12  1.422e+02    34.4226    34.4208    -0.0018    26.8751    26.8753     35.663     35.716      0.297    1480.94    1480.89  0.000e+00
       3712     36.500     7.6391     7.6198    -0.0193    3.53635    3.53408          1     5.8885     6.0409       9.96     0.0318  7.034e-13  1.000e-12  1.422e+02    34.4264    34.4208    -0.0056    26.8764    26.8748     36.158     36.212      0.354    1480.99    1480.91  0.000e+00
       3759     37.000     7.6658     7.6250    -0.0408    3.53961    3.53476          1     5.8989     6.0428       9.96     0.0318  7.034e-13  1.000e-12  1.422e+02    34.4349    34.4228    -0.0121    26.8792    26.8757     36.653     36.708      0.226    1481.12    1480.94  0.000e+00
       3807     37.500     7.6633     7.6459    -0.0174    3.53950    3.53699          1     5.9291     6.0391       9.96     0.0317  7.034e-13  1.000e-12  1.422e+02    34.4360    34.4260    -0.0100    26.8804    26.8751     37.149     37.204      0.317    1481.12    1481.04  0.000e+00
       3850     38.000     7.6545     7.6520    -0.0024    3.53861    3.53814          1     5.8948     6.0467       9.96     0.0320  7.034e-13  1.000e-12  1.422e+02    34.4349    34.4321    -0.0027    26.8808    26.8790     37.644     37.700      0.235    1481.09    1481.08  0.000e+00
       3901     38.500     7.6483     7.6539     0.0055    3.53800    3.53864          1     5.8967     6.0462       9.96     0.0318  7.034e-13  1.000e-12  1.422e+02    34.4341    34.4356     0.0015    26.8811    26.8815     38.139     38.196      0.281    1481.07    1481.09  0.000e+00
       3951     39.000     7.6439     7.6510     0.0071    3.53756    3.53852          1     5.8879     6.0412       9.96     0.0324  7.034e-13  1.000e-12  1.422e+02    34.4335    34.4368     0.0034    26.8813    26.8829     38.635     38.692      0.222    1481.06    1481.09  0.000e+00
       4008     39.500     7.6337     7.6387     0.0050    3.53651    3.53758          1     5.9021     6.0438       9.96     0.0332  7.034e-13  1.000e-12  1.422e+02    34.4319    34.4387     0.0067    26.8815    26.8861     39.130     39.188      0.388    1481.03    1481.06  0.000e+00
       4033     40.000     7.6173     7.6324     0.0150    3.53498    3.53686          1     5.9168     6.0535       9.96     0.0331  7.034e-13  1.000e-12  1.422e+02    34.4314    34.4368     0.0054    26.8835    26.8856     39.625     39.684      0.417    1480.98    1481.04  0.000e+00
       4097     40.500     7.6065     7.6212     0.0148    3.53404    3.53601          1     5.8855     6.0471       9.96     0.0330  7.034e-13  1.000e-12  1.422e+02    34.4317    34.4385     0.0068    26.8853    26.8885     40.120     40.180      0.287    1480.94    1481.01  0.000e+00
       4140     41.000     7.6011     7.6029     0.0018    3.53359    3.53438          1     5.8749     6.0382       9.96     0.0330  7.034e-13  1.000e-12  1.422e+02    34.4319    34.4387     0.0068    26.8863    26.8914     40.616     40.676      0.516    1480.93    1480.94  0.000e+00
       4163     41.500     7.6018     7.6023     0.0005    3.53376    3.53415          1     5.8959     6.0386       9.96     0.0336  7.034e-13  1.000e-12  1.422e+02    34.4328    34.4366     0.0038    26.8868    26.8898     41.111     41.171      0.410    1480.94    1480.95  0.000e+00
       4253     42.000     7.6032     7.6027    -0.0005    3.53402    3.53423          1     5.8748     6.0472       9.96     0.0332  6.980e-13  1.000e-12  1.433e+02    34.4340    34.4368     0.0028    26.8876    26.8899     41.606     41.667      0.391    1480.96    1480.96  0.000e+00
       4276     42.500     7.6020     7.6022     0.0002    3.53406    3.53436          1     5.8817     6.0478       9.96     0.0331  6.942e-13  1.000e-12  1.440e+02    34.4353    34.4384     0.0031    26.8888    26.8912     42.101     42.163      0.615    1480.96    1480.97  0.000e+00
       4296     43.000     7.6017     7.6013    -0.0003    3.53414    3.53439          1     5.9050     6.0459       9.96     0.0334  6.942e-13  1.000e-12  1.441e+02    34.4363    34.4393     0.0030    26.8896    26.8920     42.597     42.659      0.427    1480.97    1480.97  0.000e+00
       4395     43.500     7.6043     7.6024    -0.0020    3.53447    3.53446          1     5.8809     6.0472       9.96     0.0335  6.935e-13  1.000e-12  1.442e+02    34.4370    34.4388     0.0018    26.8898    26.8915     43.092     43.155      0.410    1480.99    1480.98  0.000e+00
       4420     44.000     7.6273     7.6095    -0.0179    3.53687    3.53525          1     5.8799     6.0418       9.96     0.0341  6.938e-13  1.000e-12  1.441e+02    34.4399    34.4401     0.0002    26.8888    26.8915     43.587     43.651      0.333    1481.09    1481.02  0.000e+00
       4473     44.500     7.6530     7.6276    -0.0254    3.54005    3.53670          1     5.9030     6.0413       9.96     0.0338  6.940e-13  1.000e-12  1.441e+02    34.4487    34.4376    -0.0110    26.8919    26.8869     44.082     44.147      0.261    1481.21    1481.10  0.000e+00
       4511     45.000     7.7601     7.6868    -0.0732    3.55212    3.54349          1     5.8868     6.0126       9.96     0.0335  6.936e-13  1.000e-12  1.442e+02    34.4728    34.4522    -0.0206    26.8952    26.8897     44.578     44.643      0.303    1481.65    1481.35  0.000e+00
       4558     45.500     7.7764     7.7066    -0.0698    3.55430    3.54588          1     5.8620     6.0037       9.96     0.0337  6.935e-13  1.000e-12  1.442e+02    34.4800    34.4581    -0.0219    26.8985    26.8915     45.073     45.139      0.228    1481.73    1481.44  0.000e+00
       4612     46.000     7.7418     7.7391    -0.0027    3.55068    3.54954          1     5.8623     6.0120       9.96     0.0332  6.938e-13  1.000e-12  1.442e+02    34.4749    34.4652    -0.0097    26.8996    26.8924     45.568     45.635      0.260    1481.60    1481.58  0.000e+00
       4648     46.500     7.7295     7.7297     0.0002    3.54960    3.54961          1     5.8411     6.0209       9.96     0.0337  6.935e-13  1.000e-12  1.442e+02    34.4752    34.4751    -0.0001    26.9016    26.9015     46.063     46.131      0.396    1481.56    1481.56  0.000e+00
       4710     47.000     7.7556     7.7378    -0.0177    3.55256    3.55018          1     5.8605     6.0032       9.96     0.0336  6.987e-13  1.000e-12  1.431e+02    34.4811    34.4729    -0.0082    26.9024    26.8986     46.559     46.627      0.326    1481.68    1481.60  0.000e+00
       4771     47.500     7.7564     7.7530    -0.0034    3.55281    3.55193          1     5.8654     6.0000       9.96     0.0346  7.015e-13  1.000e-12  1.426e+02    34.4828    34.4767    -0.0061    26.9036    26.8993     47.054     47.123      0.576    1481.69    1481.67  0.000e+00
       4790     48.000     7.7462     7.7502     0.0040    3.55178    3.55234          1     5.8611     6.0020       9.96     0.0343  7.025e-13  1.000e-12  1.424e+02    34.4814    34.4836     0.0022    26.9041    26.9052     47.549     47.619      0.524    1481.66    1481.68  0.000e+00
       4852     48.500     7.7251     7.7438     0.0187    3.54963    3.55179          1     5.8563     6.0023       9.96     0.0341  7.034e-13  1.000e-12  1.422e+02    34.4790    34.4837     0.0048    26.9052    26.9062     48.044     48.114      0.290    1481.58    1481.66  0.000e+00
       4903     49.000     7.6917     7.7136     0.0219    3.54611    3.54960          1     5.8504     6.0057       9.96     0.0341  7.034e-13  1.000e-12  1.422e+02    34.4737    34.4897     0.0160    26.9059    26.9153     48.540     48.610      0.479    1481.46    1481.56  0.000e+00
       4929     49.500     7.6799     7.6977     0.0179    3.54493    3.54743          1     5.8431     6.0103       9.96     0.0339  7.034e-13  1.000e-12  1.422e+02    34.4724    34.4817     0.0094    26.9066    26.9114     49.035     49.106      0.383    1481.42    1481.50  0.000e+00
       5030     50.000     7.6765     7.6835     0.0070    3.54460    3.54613          1     5.8485     6.0131       9.96     0.0342  7.034e-13  1.000e-12  1.422e+02    34.4719    34.4816     0.0097    26.9068    26.9134     49.530     49.602      0.402    1481.41    1481.45  0.000e+00
       5050     50.500     7.6851     7.6805    -0.0046    3.54580    3.54548          1     5.8602     6.0162       9.96     0.0342  7.034e-13  1.000e-12  1.422e+02    34.4762    34.4773     0.0011    26.9089    26.9104     50.025     50.098      0.472    1481.46    1481.44  0.000e+00
       5084     51.000     7.6906     7.6833    -0.0072    3.54642    3.54587          1     5.8833     6.0086       9.96     0.0342  7.034e-13  1.000e-12  1.422e+02    34.4772    34.4785     0.0012    26.9089    26.9109     50.521     50.594      0.270    1481.49    1481.46  0.000e+00
       5169     51.500     7.6926     7.6889    -0.0038    3.54679    3.54642          1     5.8218     6.0101       9.96     0.0341  7.034e-13  1.000e-12  1.422e+02    34.4789    34.4787    -0.0002    26.9099    26.9103     51.016     51.090      0.394    1481.51    1481.49  0.000e+00
       5186     52.000     7.7012     7.6967    -0.0045    3.54794    3.54730          1     5.8401     6.0108       9.96     0.0339  7.034e-13  1.000e-12  1.422e+02    34.4827    34.4802    -0.0026    26.9117    26.9103     51.511     51.586      0.652    1481.55    1481.53  0.000e+00
       5203     52.500     7.7111     7.7047    -0.0064    3.54905    3.54818          1     5.8630     6.0097       9.96     0.0342  7.040e-13  1.000e-12  1.420e+02    34.4845    34.4815    -0.0030    26.9116    26.9102     52.006     52.082      0.629    1481.60    1481.57  0.000e+00
       5259     53.000     7.7136     7.7080    -0.0056    3.54926    3.54888          1     5.8501     6.0073       9.96     0.0342  7.088e-13  1.000e-12  1.411e+02    34.4841    34.4856     0.0014    26.9110    26.9129     52.502     52.578      0.419    1481.62    1481.60  0.000e+00
       5345     53.500     7.7210     7.7138    -0.0072    3.55030    3.54937          1     5.8362     6.0036       9.96     0.0342  7.136e-13  1.000e-12  1.401e+02    34.4878    34.4849    -0.0029    26.9127    26.9115     52.997     53.074      0.585    1481.66    1481.63  0.000e+00
       5370     54.000     7.7312     7.7217    -0.0096    3.55132    3.55031          1     5.8561     6.0000       9.96     0.0342  7.136e-13  1.000e-12  1.401e+02    34.4884    34.4870    -0.0014    26.9117    26.9120     53.492     53.570      0.409    1481.71    1481.67  0.000e+00
       5458     54.500     7.7374     7.7292    -0.0083    3.55204    3.55097          1     5.8110     6.0030       9.96     0.0342  7.136e-13  1.000e-12  1.401e+02    34.4898    34.4864    -0.0035    26.9119    26.9104     53.987     54.066      0.427    1481.74    1481.71  0.000e+00
       5473     55.000     7.7413     7.7397    -0.0016    3.55251    3.55220          1     5.7921     6.0037       9.96     0.0342  7.136e-13  1.000e-12  1.401e+02    34.4909    34.4891    -0.0018    26.9122    26.9110     54.482     54.561      0.638    1481.77    1481.76  0.000e+00
       5491     55.500     7.7478     7.7422    -0.0056    3.55326    3.55267          1     5.8102     6.0075       9.96     0.0342  7.136e-13  1.000e-12  1.401e+02    34.4922    34.4913    -0.0008    26.9123    26.9124     54.978     55.057      0.553    1481.80    1481.78  0.000e+00
       5575     56.000     7.7490     7.7437    -0.0054    3.55337    3.55286          1     5.8654     6.0010       9.96     0.0342  7.136e-13  1.000e-12  1.401e+02    34.4920    34.4918    -0.0002    26.9119    26.9126     55.473     55.553      0.285    1481.81    1481.79  0.000e+00
       5636     56.500     7.7592     7.7460    -0.0132    3.55456    3.55325          1     5.8755     5.9900       9.96     0.0340  7.136e-13  1.000e-12  1.401e+02    34.4945    34.4934    -0.0011    26.9124    26.9135     55.968     56.049      0.327    1481.86    1481.81  0.000e+00
