ctdpy/tests/etc/CTD_SMHI/SBE09_0827_20180123_0610_26_01_0176.cnv
* Sea-Bird SBE 9 Data File:
* FileName = D:\CTD_SBE911\DAT\26DA.2018.1.76.hex
* Software Version Seasave V 7.21d
* Temperature SN = 034757
* Conductivity SN = 041844
* Number of Bytes Per Scan = 48
* Number of Voltage Words = 5
* Number of Scans Averaged by the Deck Unit = 1
* NMEA Latitude = 57 49.79 N
* NMEA Longitude = 010 37.55 E
* NMEA UTC (Time) = Jan 23 2018  06:10:20
* NMEA baud rate = 4800
** Ship: DANA
** Average sound velocity: 1473.95 m/s
** True-depth calculation Wed, 24 Jan 2018 11:56:58 +0000
** CTD Python Module SMHI /ver 3-12/ feb 2012 
** LIMS Job: 20182601-0176
** 4.5N Skagen
** Operator: Ronny Sørensen
** Cruise: 01/2018
# nquan = 26
# nvalues = 204                         
# units = specified
# name 0 = scan: Scan Count
# name 1 = prDM: Pressure, Digiquartz [db]
# name 2 = t090C: Temperature [ITS-90, deg C]
# name 3 = t190C: Temperature, 2 [ITS-90, deg C]
# name 4 = T2-T190C: Temperature Difference, 2 - 1 [ITS-90, deg C]
# name 5 = c0S/m: Conductivity [S/m]
# name 6 = c1S/m: Conductivity, 2 [S/m]
# name 7 = pumps: Pump Status
# name 8 = sbeox1ML/L: Oxygen, SBE 43, 2 [ml/l]
# name 9 = sbeox0ML/L: Oxygen, SBE 43 [ml/l]
# name 10 = altM: Altimeter [m]
# name 11 = chloroflTC0: Chlorophyll, Turner Cyclops [ug/l]
# name 12 = cpar: CPAR/Corrected Irradiance [%]
# name 13 = par: PAR/Irradiance, Biospherical/Licor
# name 14 = spar: SPAR/Surface Irradiance
# name 15 = sal00: Salinity, Practical [PSU]
# name 16 = sal11: Salinity, Practical, 2 [PSU]
# name 17 = secS-priS: Salinity, Practical, Difference, 2 - 1 [PSU]
# name 18 = sigma-t00: Density [sigma-t, kg/m^3 ]
# name 19 = sigma-t11: Density, 2 [sigma-t, kg/m^3 ]
# name 20 = depSM: Depth [salt water, m], lat = 57.8298
# name 21 = depFM: Depth [true depth, m], lat = 57.8298
# name 22 = dz/dtM: Descent Rate [m/s], WS = 2
# name 23 = svCM: Sound Velocity [Chen-Millero, m/s]
# name 24 = svCM1: Sound Velocity, 2 [Chen-Millero, m/s]
# name 25 = flag: flag
# span 0 =        262,      11531       
# span 1 =      2.000,    103.500       
# span 2 =     4.4056,     7.4329       
# span 3 =     4.4036,     7.4308       
# span 4 =    -0.1682,     0.0609       
# span 5 =   2.991157,   3.535847       
# span 6 =   2.991207,   3.535852       
# span 7 =          1,          1       
# span 8 =     5.8418,     6.5961       
# span 9 =     6.0301,     6.7889       
# span 10 =       2.39,       9.96      
# span 11 =     0.0302,     0.0438      
# span 12 = 4.9241e-11, 4.9241e-11      
# span 13 = 1.0000e-12, 1.0000e-12      
# span 14 = 2.0308e+00, 2.0308e+00      
# span 15 =    31.4729,    34.5933      
# span 16 =    31.4752,    34.5952      
# span 17 =    -0.3789,     0.0253      
# span 18 =    24.9390,    27.0375      
# span 19 =    24.9425,    27.0392      
# span 20 =      1.981,    102.517      
# span 21 =      1.988,    102.707      
# span 22 =      0.013,      0.621      
# span 23 =    1463.86,    1481.51      
# span 24 =    1463.85,    1481.51      
# span 25 = 0.0000e+00, 0.0000e+00      
# interval = decibars: 0.5              
# start_time = Jan 23 2018 06:10:21 [NMEA time, first data scan]
# bad_flag = -9.990e-29
*END*
        262      2.000     4.4206     4.4201    -0.0005    2.99217    2.99223          1     6.5848     6.7423       9.96     0.0362  4.924e-11  1.000e-12  2.031e+00    31.4751    31.4763     0.0012    24.9420    24.9429      1.981      1.988      0.223    1463.88    1463.88  0.000e+00
        547      2.500     4.4414     4.4311    -0.0102    2.99381    2.99347          1     6.5600     6.7767       9.96     0.0362  4.924e-11  1.000e-12  2.031e+00    31.4740    31.4799     0.0059    24.9390    24.9447      2.477      2.484      0.295    1463.97    1463.94  0.000e+00
        604      3.000     4.4268     4.4101    -0.0167    2.99254    2.99173          1     6.5734     6.7816       9.96     0.0364  4.924e-11  1.000e-12  2.031e+00    31.4729    31.4794     0.0065    24.9396    24.9465      2.972      2.981      0.270    1463.92    1463.86  0.000e+00
        661      3.500     4.4115     4.4083    -0.0033    2.99139    2.99134          1     6.5630     6.7766       9.96     0.0380  4.924e-11  1.000e-12  2.031e+00    31.4739    31.4764     0.0025    24.9419    24.9442      3.468      3.478      0.454    1463.86    1463.85  0.000e+00
        693      4.000     4.4115     4.4125     0.0010    2.99146    2.99162          1     6.5421     6.7698       9.96     0.0406  4.924e-11  1.000e-12  2.031e+00    31.4744    31.4754     0.0010    24.9424    24.9430      3.963      3.975      0.388    1463.87    1463.88  0.000e+00
        777      4.500     4.4180     4.4156    -0.0023    2.99190    2.99188          1     6.5039     6.7781       9.96     0.0413  4.924e-11  1.000e-12  2.031e+00    31.4731    31.4752     0.0020    24.9407    24.9425      4.458      4.472      0.621    1463.91    1463.90  0.000e+00
        810      5.000     4.4166     4.4153    -0.0013    2.99184    2.99191          1     6.5203     6.7770       9.96     0.0416  4.924e-11  1.000e-12  2.031e+00    31.4735    31.4756     0.0020    24.9411    24.9429      4.954      4.969      0.421    1463.91    1463.91  0.000e+00
        883      5.500     4.4132     4.4077    -0.0054    2.99159    2.99151          1     6.5599     6.7665       9.95     0.0422  4.924e-11  1.000e-12  2.031e+00    31.4736    31.4779     0.0044    24.9415    24.9455      5.449      5.466      0.463    1463.90    1463.89  0.000e+00
        925      6.000     4.4116     4.4105    -0.0010    2.99150    2.99156          1     6.5273     6.7773       9.96     0.0419  4.924e-11  1.000e-12  2.031e+00    31.4739    31.4756     0.0017    24.9419    24.9434      5.944      5.963      0.316    1463.91    1463.90  0.000e+00
        992      6.500     4.4091     4.4062    -0.0029    2.99134    2.99146          1     6.5130     6.7889       9.96     0.0422  4.924e-11  1.000e-12  2.031e+00    31.4741    31.4783     0.0042    24.9424    24.9460      6.440      6.459      0.472    1463.90    1463.90  0.000e+00
       1012      7.000     4.4058     4.4036    -0.0021    2.99116    2.99121          1     6.5303     6.7885       9.96     0.0420  4.924e-11  1.000e-12  2.031e+00    31.4749    31.4775     0.0026    24.9433    24.9456      6.935      6.956      0.491    1463.90    1463.89  0.000e+00
       1070      7.500     4.4069     4.4070     0.0001    2.99129    2.99148          1     6.5698     6.7784       9.96     0.0423  4.924e-11  1.000e-12  2.031e+00    31.4752    31.4773     0.0021    24.9435    24.9451      7.430      7.453      0.268    1463.91    1463.92  0.000e+00
       1137      8.000     4.4070     4.4054    -0.0015    2.99132    2.99143          1     6.5758     6.7752       9.96     0.0429  4.924e-11  1.000e-12  2.031e+00    31.4752    31.4779     0.0027    24.9434    24.9457      7.926      7.950      0.314    1463.92    1463.92  0.000e+00
       1180      8.500     4.4056     4.4048    -0.0008    2.99128    2.99133          1     6.5549     6.7839       9.96     0.0438  4.924e-11  1.000e-12  2.031e+00    31.4758    31.4771     0.0014    24.9440    24.9452      8.421      8.447      0.240    1463.92    1463.92  0.000e+00
       1228      9.000     4.4283     4.4065    -0.0218    2.99622    2.99160          1     6.5279     6.7735       9.95     0.0427  4.924e-11  1.000e-12  2.031e+00    31.5112    31.4784    -0.0328    24.9699    24.9460      8.917      8.944      0.311    1464.07    1463.94  0.000e+00
       1271      9.500     4.4159     4.4199     0.0041    2.99319    2.99392          1     6.5181     6.7698       9.96     0.0412  4.924e-11  1.000e-12  2.031e+00    31.4877    31.4923     0.0046    24.9524    24.9557      9.412      9.441      0.245    1464.00    1464.02  0.000e+00
       1351     10.000     4.4286     4.4209    -0.0077    2.99559    2.99392          1     6.5492     6.7781       9.96     0.0419  4.924e-11  1.000e-12  2.031e+00    31.5031    31.4911    -0.0120    24.9634    24.9546      9.907      9.937      0.300    1464.08    1464.03  0.000e+00
       1381     10.500     4.4433     4.4377    -0.0056    2.99860    2.99755          1     6.5756     6.7727       9.96     0.0421  4.924e-11  1.000e-12  2.031e+00    31.5239    31.5170    -0.0069    24.9784    24.9735     10.403     10.434      0.375    1464.18    1464.14  0.000e+00
       1418     11.000     4.4316     4.4392     0.0075    2.99627    2.99781          1     6.5806     6.7746       9.96     0.0420  4.924e-11  1.000e-12  2.031e+00    31.5078    31.5183     0.0105    24.9668    24.9744     10.898     10.931      0.241    1464.11    1464.16  0.000e+00
       1499     11.500     4.4355     4.4507     0.0153    2.99694    2.99997          1     6.5797     6.7698       9.96     0.0432  4.924e-11  1.000e-12  2.031e+00    31.5115    31.5321     0.0206    24.9694    24.9842     11.393     11.428      0.180    1464.14    1464.23  0.000e+00
       1560     12.000     4.4499     4.4616     0.0117    3.00041    3.00151          1     6.5164     6.7796       9.96     0.0423  4.924e-11  1.000e-12  2.031e+00    31.5377    31.5394     0.0016    24.9887    24.9888     11.889     11.925      0.314    1464.24    1464.30  0.000e+00
       1589     12.500     4.4946     4.4899    -0.0047    3.00897    3.00771          1     6.5486     6.7547       9.96     0.0416  4.924e-11  1.000e-12  2.031e+00    31.5941    31.5841    -0.0100    25.0289    25.0214     12.384     12.422      0.425    1464.51    1464.48  0.000e+00
       1630     13.000     4.4611     4.4692     0.0080    3.00161    3.00445          1     6.5504     6.7661       9.95     0.0421  4.924e-11  1.000e-12  2.031e+00    31.5404    31.5658     0.0253    24.9897    25.0090     12.879     12.919      0.265    1464.31    1464.38  0.000e+00
       1711     13.500     4.4984     4.4819    -0.0165    3.01023    3.00667          1     6.5961     6.7572       9.96     0.0435  4.924e-11  1.000e-12  2.031e+00    31.6046    31.5791    -0.0255    25.0369    25.0183     13.375     13.415      0.332    1464.56    1464.46  0.000e+00
       1744     14.000     4.4945     4.4754    -0.0190    3.00954    3.00612          1     6.5714     6.7582       9.96     0.0418  4.924e-11  1.000e-12  2.031e+00    31.6001    31.5787    -0.0214    25.0337    25.0187     13.870     13.912      0.272    1464.54    1464.43  0.000e+00
       1806     14.500     4.5224     4.4953    -0.0271    3.01539    3.00866          1     6.5665     6.7531       9.95     0.0433  4.924e-11  1.000e-12  2.031e+00    31.6409    31.5889    -0.0521    25.0632    25.0247     14.365     14.409      0.247    1464.72    1464.54  0.000e+00
       1843     15.000     4.5327     4.5186    -0.0142    3.01743    3.01390          1     6.5787     6.7382       9.95     0.0431  4.924e-11  1.000e-12  2.031e+00    31.6545    31.6272    -0.0274    25.0730    25.0527     14.861     14.906      0.359    1464.79    1464.69  0.000e+00
       1883     15.500     4.5449     4.5239    -0.0209    3.01973    3.01535          1     6.5792     6.7270       9.95     0.0418  4.924e-11  1.000e-12  2.031e+00    31.6693    31.6386    -0.0306    25.0834    25.0613     15.356     15.403      0.237    1464.86    1464.74  0.000e+00
       1942     16.000     4.5955     4.5471    -0.0483    3.03099    3.01921          1     6.5437     6.7323       9.95     0.0416  4.924e-11  1.000e-12  2.031e+00    31.7509    31.6609    -0.0900    25.1430    25.0766     15.851     15.900      0.345    1465.19    1464.87  0.000e+00
       1967     16.500     4.6870     4.6017    -0.0853    3.05182    3.02894          1     6.5249     6.7099       9.96     0.0416  4.924e-11  1.000e-12  2.031e+00    31.9035    31.7210    -0.1825    25.2545    25.1187     16.347     16.396      0.450    1465.77    1465.18  0.000e+00
       1999     17.000     4.7490     4.6669    -0.0821    3.06299    3.04215          1     6.5114     6.6874       9.96     0.0411  4.924e-11  1.000e-12  2.031e+00    31.9727    31.8109    -0.1618    25.3028    25.1832     16.842     16.893      0.290    1466.12    1465.58  0.000e+00
       2057     17.500     4.7627     4.7337    -0.0290    3.06618    3.05868          1     6.4989     6.6675       9.96     0.0410  4.924e-11  1.000e-12  2.031e+00    31.9962    31.9375    -0.0587    25.3200    25.2765     17.337     17.390      0.228    1466.22    1466.02  0.000e+00
       2102     18.000     4.8683     4.7867    -0.0817    3.09161    3.06763          1     6.4686     6.6582       9.95     0.0398  4.924e-11  1.000e-12  2.031e+00    32.1867    31.9893    -0.1973    25.4596    25.3120     17.833     17.886      0.311    1466.90    1466.31  0.000e+00
       2139     18.500     5.0038     4.9372    -0.0666    3.11875    3.09834          1     6.4682     6.6127       9.95     0.0403  4.924e-11  1.000e-12  2.031e+00    32.3672    32.1974    -0.1698    25.5880    25.4607     18.328     18.383      0.325    1467.69    1467.21  0.000e+00
       2178     19.000     5.0329     4.9952    -0.0377    3.12578    3.11432          1     6.4479     6.5930       9.95     0.0392  4.924e-11  1.000e-12  2.031e+00    32.4195    32.3245    -0.0949    25.6262    25.5552     18.823     18.879      0.278    1467.89    1467.61  0.000e+00
       2229     19.500     5.2168     5.0580    -0.1584    3.17530    3.12864          1     6.4301     6.5658       9.95     0.0388  4.924e-11  1.000e-12  2.031e+00    32.8064    32.4275    -0.3789    25.9120    25.6298     19.319     19.376      0.210    1469.14    1468.01  0.000e+00
       2284     20.000     5.3307     5.2274    -0.1034    3.20646    3.17078          1     6.4230     6.5398       9.95     0.0368  4.924e-11  1.000e-12  2.031e+00    33.0507    32.7446    -0.3061    26.0924    25.8619     19.814     19.872      0.253    1469.92    1469.11  0.000e+00
       2331     20.500     5.4263     5.3533    -0.0728    3.23343    3.20798          1     6.3805     6.5177       9.95     0.0341  4.924e-11  1.000e-12  2.031e+00    33.2636    33.0455    -0.2181    26.2498    26.0857     20.309     20.369      0.223    1470.59    1470.01  0.000e+00
       2389     21.000     5.4689     5.4308    -0.0382    3.24178    3.22993          1     6.3382     6.4905       9.95     0.0322  4.924e-11  1.000e-12  2.031e+00    33.3162    33.2190    -0.0973    26.2864    26.2140     20.805     20.865      0.254    1470.83    1470.55  0.000e+00
       2433     21.500     5.4800     5.4642    -0.0158    3.24387    3.23873          1     6.3456     6.5013       9.96     0.0317  4.924e-11  1.000e-12  2.031e+00    33.3288    33.2859    -0.0428    26.2951    26.2630     21.300     21.361      0.236    1470.90    1470.78  0.000e+00
       2486     22.000     5.4900     5.4788    -0.0112    3.24530    3.24222          1     6.3319     6.4988       9.95     0.0315  4.924e-11  1.000e-12  2.031e+00    33.3348    33.3108    -0.0240    26.2987    26.2810     21.795     21.857      0.283    1470.96    1470.88  0.000e+00
       2522     22.500     5.5023     5.4904    -0.0120    3.24705    3.24400          1     6.3097     6.5016       9.96     0.0306  4.924e-11  1.000e-12  2.031e+00    33.3422    33.3194    -0.0229    26.3031    26.2864     22.291     22.354      0.293    1471.02    1470.95  0.000e+00
       2597     23.000     5.5064     5.5029    -0.0035    3.24776    3.24630          1     6.3197     6.4995       9.95     0.0310  4.924e-11  1.000e-12  2.031e+00    33.3460    33.3329    -0.0131    26.3056    26.2956     22.786     22.850      0.262    1471.05    1471.02  0.000e+00
       2638     23.500     5.5034     5.5024    -0.0011    3.24761    3.24683          1     6.3239     6.5094       9.96     0.0305  4.924e-11  1.000e-12  2.031e+00    33.3469    33.3392    -0.0078    26.3067    26.3007     23.281     23.346      0.345    1471.05    1471.04  0.000e+00
       2678     24.000     5.5072     5.5026    -0.0046    3.24819    3.24701          1     6.3314     6.5061       9.95     0.0308  4.924e-11  1.000e-12  2.031e+00    33.3497    33.3408    -0.0089    26.3084    26.3019     23.777     23.842      0.248    1471.08    1471.05  0.000e+00
       2745     24.500     5.5211     5.5131    -0.0079    3.25060    3.24870          1     6.3373     6.5007       9.95     0.0306  4.924e-11  1.000e-12  2.031e+00    33.3630    33.3493    -0.0137    26.3173    26.3074     24.272     24.338      0.264    1471.16    1471.11  0.000e+00
       2784     25.000     5.5386     5.5288    -0.0098    3.25366    3.25101          1     6.3405     6.4901       9.95     0.0311  4.924e-11  1.000e-12  2.031e+00    33.3801    33.3597    -0.0203    26.3287    26.3138     24.767     24.835      0.389    1471.26    1471.19  0.000e+00
       2827     25.500     5.5477     5.5405    -0.0073    3.25534    3.25344          1     6.3498     6.4860       9.96     0.0317  4.924e-11  1.000e-12  2.031e+00    33.3899    33.3755    -0.0144    26.3354    26.3249     25.263     25.331      0.252    1471.32    1471.27  0.000e+00
       2884     26.000     5.5581     5.5517    -0.0064    3.25712    3.25542          1     6.3239     6.4788       9.95     0.0305  4.924e-11  1.000e-12  2.031e+00    33.3996    33.3867    -0.0129    26.3419    26.3324     25.758     25.827      0.356    1471.38    1471.34  0.000e+00
       2934     26.500     5.5601     5.5573    -0.0028    3.25754    3.25680          1     6.3052     6.4815       9.96     0.0302  4.924e-11  1.000e-12  2.031e+00    33.4021    33.3965    -0.0056    26.3436    26.3395     26.253     26.323      0.263    1471.40    1471.38  0.000e+00
       2994     27.000     5.5580     5.5571    -0.0009    3.25762    3.25721          1     6.2997     6.4842       9.95     0.0304  4.924e-11  1.000e-12  2.031e+00    33.4049    33.4011    -0.0038    26.3461    26.3431     26.748     26.819      0.409    1471.40    1471.39  0.000e+00
       3021     27.500     5.5643     5.5590    -0.0054    3.25865    3.25762          1     6.3079     6.4802       9.95     0.0305  4.924e-11  1.000e-12  2.031e+00    33.4101    33.4036    -0.0064    26.3494    26.3450     27.244     27.316      0.356    1471.44    1471.41  0.000e+00
       3069     28.000     5.5744     5.5669    -0.0075    3.26043    3.25882          1     6.3120     6.4768       9.95     0.0308  4.924e-11  1.000e-12  2.031e+00    33.4200    33.4092    -0.0108    26.3560    26.3484     27.739     27.812      0.220    1471.50    1471.46  0.000e+00
       3117     28.500     5.5851     5.5764    -0.0087    3.26278    3.26064          1     6.3145     6.4770       9.95     0.0309  4.924e-11  1.000e-12  2.031e+00    33.4358    33.4201    -0.0157    26.3673    26.3559     28.234     28.308      0.301    1471.58    1471.52  0.000e+00
       3156     29.000     5.6189     5.5954    -0.0236    3.26851    3.26371          1     6.3022     6.4695       9.95     0.0316  4.924e-11  1.000e-12  2.031e+00    33.4669    33.4359    -0.0310    26.3878    26.3662     28.730     28.804      0.269    1471.76    1471.62  0.000e+00
