ctdpy/tests/etc/CTD_SMHI/SBE09_0827_20180123_0610_26_01_0176.cnv
* Sea-Bird SBE 9 Data File:
* FileName = D:\CTD_SBE911\DAT\26DA.2018.1.76.hex
* Software Version Seasave V 7.21d
* Temperature SN = 034757
* Conductivity SN = 041844
* Number of Bytes Per Scan = 48
* Number of Voltage Words = 5
* Number of Scans Averaged by the Deck Unit = 1
* NMEA Latitude = 57 49.79 N
* NMEA Longitude = 010 37.55 E
* NMEA UTC (Time) = Jan 23 2018  06:10:20
* NMEA baud rate = 4800
** Ship: DANA
** Average sound velocity: 1473.95 m/s
** True-depth calculation Wed, 24 Jan 2018 11:56:58 +0000
** CTD Python Module SMHI /ver 3-12/ feb 2012 
** LIMS Job: 20182601-0176
** 4.5N Skagen
** Operator: Ronny Sørensen
** Cruise: 01/2018
# nquan = 26
# nvalues = 204                         
# units = specified
# name 0 = scan: Scan Count
# name 1 = prDM: Pressure, Digiquartz [db]
# name 2 = t090C: Temperature [ITS-90, deg C]
# name 3 = t190C: Temperature, 2 [ITS-90, deg C]
# name 4 = T2-T190C: Temperature Difference, 2 - 1 [ITS-90, deg C]
# name 5 = c0S/m: Conductivity [S/m]
# name 6 = c1S/m: Conductivity, 2 [S/m]
# name 7 = pumps: Pump Status
# name 8 = sbeox1ML/L: Oxygen, SBE 43, 2 [ml/l]
# name 9 = sbeox0ML/L: Oxygen, SBE 43 [ml/l]
# name 10 = altM: Altimeter [m]
# name 11 = chloroflTC0: Chlorophyll, Turner Cyclops [ug/l]
# name 12 = cpar: CPAR/Corrected Irradiance [%]
# name 13 = par: PAR/Irradiance, Biospherical/Licor
# name 14 = spar: SPAR/Surface Irradiance
# name 15 = sal00: Salinity, Practical [PSU]
# name 16 = sal11: Salinity, Practical, 2 [PSU]
# name 17 = secS-priS: Salinity, Practical, Difference, 2 - 1 [PSU]
# name 18 = sigma-t00: Density [sigma-t, kg/m^3 ]
# name 19 = sigma-t11: Density, 2 [sigma-t, kg/m^3 ]
# name 20 = depSM: Depth [salt water, m], lat = 57.8298
# name 21 = depFM: Depth [true depth, m], lat = 57.8298
# name 22 = dz/dtM: Descent Rate [m/s], WS = 2
# name 23 = svCM: Sound Velocity [Chen-Millero, m/s]
# name 24 = svCM1: Sound Velocity, 2 [Chen-Millero, m/s]
# name 25 = flag: flag
# span 0 =        262,      11531       
# span 1 =      2.000,    103.500       
# span 2 =     4.4056,     7.4329       
# span 3 =     4.4036,     7.4308       
# span 4 =    -0.1682,     0.0609       
# span 5 =   2.991157,   3.535847       
# span 6 =   2.991207,   3.535852       
# span 7 =          1,          1       
# span 8 =     5.8418,     6.5961       
# span 9 =     6.0301,     6.7889       
# span 10 =       2.39,       9.96      
# span 11 =     0.0302,     0.0438      
# span 12 = 4.9241e-11, 4.9241e-11      
# span 13 = 1.0000e-12, 1.0000e-12      
# span 14 = 2.0308e+00, 2.0308e+00      
# span 15 =    31.4729,    34.5933      
# span 16 =    31.4752,    34.5952      
# span 17 =    -0.3789,     0.0253      
# span 18 =    24.9390,    27.0375      
# span 19 =    24.9425,    27.0392      
# span 20 =      1.981,    102.517      
# span 21 =      1.988,    102.707      
# span 22 =      0.013,      0.621      
# span 23 =    1463.86,    1481.51      
# span 24 =    1463.85,    1481.51      
# span 25 = 0.0000e+00, 0.0000e+00      
# interval = decibars: 0.5              
# start_time = Jan 23 2018 06:10:21 [NMEA time, first data scan]
# bad_flag = -9.990e-29
*END*
[from data line 56]
       3267     30.000     5.6594     5.6478    -0.0115    3.27697    3.27322          1     6.2752     6.4555       9.95     0.0316  4.924e-11  1.000e-12  2.031e+00    33.5222    33.4912    -0.0311    26.4267    26.4036     29.720     29.796      0.345    1472.01    1471.92  0.000e+00
       3306     30.500     5.6621     5.6570    -0.0051    3.27870    3.27651          1     6.2873     6.4532       9.95     0.0314  4.924e-11  1.000e-12  2.031e+00    33.5389    33.5190    -0.0199    26.4396    26.4245     30.216     30.293      0.265    1472.05    1472.00  0.000e+00
       3377     31.000     5.6781     5.6682    -0.0099    3.28180    3.27942          1     6.3060     6.4581       9.95     0.0313  4.924e-11  1.000e-12  2.031e+00    33.5578    33.5407    -0.0171    26.4526    26.4403     30.711     30.789      0.354    1472.14    1472.08  0.000e+00
       3402     31.500     5.6914     5.6828    -0.0085    3.28481    3.28203          1     6.2697     6.4450       9.95     0.0307  4.924e-11  1.000e-12  2.031e+00    33.5785    33.5555    -0.0230    26.4673    26.4502     31.206     31.285      0.457    1472.23    1472.17  0.000e+00
       3432     32.000     5.6940     5.6900    -0.0040    3.28577    3.28431          1     6.2505     6.4517       9.95     0.0306  4.924e-11  1.000e-12  2.031e+00    33.5864    33.5739    -0.0125    26.4733    26.4639     31.701     31.781      0.293    1472.26    1472.23  0.000e+00
       3514     32.500     5.7514     5.7218    -0.0296    3.29428    3.28879          1     6.2572     6.4426       9.95     0.0321  4.924e-11  1.000e-12  2.031e+00    33.6254    33.5928    -0.0326    26.4971    26.4749     32.197     32.277      0.305    1472.55    1472.39  0.000e+00
       3545     33.000     5.7597     5.7508    -0.0089    3.29698    3.29375          1     6.2491     6.4408       9.95     0.0352  4.924e-11  1.000e-12  2.031e+00    33.6474    33.6197    -0.0278    26.5135    26.4927     32.692     32.773      0.323    1472.62    1472.55  0.000e+00
       3603     33.500     5.7583     5.7579    -0.0005    3.29852    3.29673          1     6.2652     6.4374       9.95     0.0369  4.924e-11  1.000e-12  2.031e+00    33.6659    33.6462    -0.0197    26.5283    26.5128     33.187     33.269      0.227    1472.64    1472.62  0.000e+00
       3651     34.000     5.7678     5.7608    -0.0070    3.30054    3.29846          1     6.2460     6.4247       9.95     0.0364  4.924e-11  1.000e-12  2.031e+00    33.6791    33.6625    -0.0167    26.5376    26.5253     33.683     33.766      0.273    1472.71    1472.66  0.000e+00
       3702     34.500     5.7879     5.7691    -0.0188    3.30344    3.30041          1     6.2853     6.4273       9.95     0.0366  4.924e-11  1.000e-12  2.031e+00    33.6916    33.6761    -0.0155    26.5450    26.5351     34.178     34.262      0.249    1472.81    1472.72  0.000e+00
       3741     35.000     5.7991     5.7881    -0.0109    3.30481    3.30282          1     6.2774     6.4367       9.95     0.0358  4.924e-11  1.000e-12  2.031e+00    33.6956    33.6842    -0.0115    26.5468    26.5391     34.673     34.758      0.328    1472.87    1472.81  0.000e+00
       3789     35.500     5.7993     5.7977    -0.0016    3.30485    3.30442          1     6.2694     6.4321       9.95     0.0358  4.924e-11  1.000e-12  2.031e+00    33.6956    33.6924    -0.0033    26.5468    26.5444     35.169     35.254      0.209    1472.88    1472.87  0.000e+00
       3846     36.000     5.7936     5.7926    -0.0010    3.30462    3.30433          1     6.2593     6.4174       9.95     0.0354  4.924e-11  1.000e-12  2.031e+00    33.6985    33.6962    -0.0023    26.5498    26.5481     35.664     35.750      0.239    1472.87    1472.86  0.000e+00
       3894     36.500     5.8033     5.7967    -0.0066    3.30571    3.30488          1     6.2597     6.4243       9.95     0.0355  4.924e-11  1.000e-12  2.031e+00    33.7008    33.6980    -0.0028    26.5504    26.5490     36.159     36.246      0.261    1472.92    1472.89  0.000e+00
       3942     37.000     5.8023     5.8006    -0.0016    3.30567    3.30544          1     6.2298     6.4290       9.95     0.0359  4.924e-11  1.000e-12  2.031e+00    33.7012    33.7002    -0.0009    26.5508    26.5503     36.654     36.742      0.226    1472.92    1472.91  0.000e+00
       3993     37.500     5.8063     5.8008    -0.0055    3.30626    3.30560          1     6.2741     6.4305       9.95     0.0354  4.924e-11  1.000e-12  2.031e+00    33.7036    33.7016    -0.0020    26.5522    26.5513     37.150     37.238      0.304    1472.95    1472.92  0.000e+00
       4025     38.000     5.8239     5.8079    -0.0159    3.30853    3.30621          1     6.2622     6.4332       9.95     0.0344  4.924e-11  1.000e-12  2.031e+00    33.7115    33.7012    -0.0103    26.5563    26.5501     37.645     37.734      0.361    1473.04    1472.96  0.000e+00
       4088     38.500     5.8613     5.8415    -0.0197    3.31291    3.31014          1     6.2491     6.4121       9.95     0.0351  4.924e-11  1.000e-12  2.031e+00    33.7232    33.7118    -0.0114    26.5610    26.5544     38.140     38.230      0.252    1473.21    1473.12  0.000e+00
       4136     39.000     5.8803     5.8685    -0.0118    3.31497    3.31310          1     6.1977     6.4061       9.95     0.0344  4.924e-11  1.000e-12  2.031e+00    33.7273    33.7180    -0.0093    26.5618    26.5559     38.636     38.726      0.413    1473.30    1473.24  0.000e+00
       4168     39.500     5.8922     5.8810    -0.0112    3.31654    3.31468          1     6.2457     6.4117       9.95     0.0347  4.924e-11  1.000e-12  2.031e+00    33.7328    33.7231    -0.0097    26.5648    26.5584     39.131     39.223      0.284    1473.36    1473.30  0.000e+00
       4245     40.000     5.9043     5.8990    -0.0053    3.31805    3.31734          1     6.2530     6.4101       9.96     0.0351  4.924e-11  1.000e-12  2.031e+00    33.7376    33.7349    -0.0027    26.5671    26.5656     39.626     39.719      0.304    1473.43    1473.40  0.000e+00
       4278     40.500     5.9157     5.9056    -0.0101    3.31948    3.31796          1     6.2622     6.4106       9.95     0.0342  4.924e-11  1.000e-12  2.031e+00    33.7422    33.7350    -0.0072    26.5692    26.5648     40.121     40.215      0.442    1473.48    1473.43  0.000e+00
       4307     41.000     5.9419     5.9268    -0.0151    3.32258    3.32004          1     6.2495     6.4095       9.95     0.0343  4.924e-11  1.000e-12  2.031e+00    33.7507    33.7370    -0.0136    26.5727    26.5638     40.617     40.711      0.330    1473.61    1473.53  0.000e+00
       4380     41.500     5.9304     5.9311     0.0007    3.32185    3.32173          1     6.2027     6.4098       9.96     0.0343  4.924e-11  1.000e-12  2.031e+00    33.7536    33.7516    -0.0020    26.5764    26.5748     41.112     41.207      0.273    1473.57    1473.57  0.000e+00
       4420     42.000     5.9150     5.9188     0.0037    3.32055    3.32115          1     6.2152     6.4061       9.95     0.0354  4.924e-11  1.000e-12  2.031e+00    33.7541    33.7571     0.0029    26.5788    26.5806     41.607     41.703      0.350    1473.52    1473.54  0.000e+00
       4470     42.500     5.9076     5.9105     0.0029    3.32067    3.32057          1     6.2431     6.4097       9.95     0.0343  4.924e-11  1.000e-12  2.031e+00    33.7625    33.7586    -0.0040    26.5863    26.5828     42.102     42.199      0.230    1473.51    1473.52  0.000e+00
       4525     43.000     5.9048     5.9051     0.0004    3.32124    3.32091          1     6.2302     6.4105       9.95     0.0342  4.924e-11  1.000e-12  2.031e+00    33.7717    33.7675    -0.0041    26.5939    26.5906     42.598     42.695      0.372    1473.52    1473.51  0.000e+00
       4556     43.500     5.9050     5.9039    -0.0011    3.32145    3.32139          1     6.2088     6.4097       9.95     0.0342  4.924e-11  1.000e-12  2.031e+00    33.7735    33.7739     0.0003    26.5953    26.5957     43.093     43.191      0.293    1473.53    1473.52  0.000e+00
       4637     44.000     5.9090     5.9068    -0.0022    3.32190    3.32180          1     6.2696     6.4017       9.95     0.0342  4.924e-11  1.000e-12  2.031e+00    33.7743    33.7754     0.0012    26.5954    26.5966     43.588     43.687      0.355    1473.55    1473.55  0.000e+00
       4660     44.500     5.9091     5.9077    -0.0014    3.32195    3.32194          1     6.2543     6.4048       9.95     0.0342  4.924e-11  1.000e-12  2.031e+00    33.7745    33.7758     0.0013    26.5956    26.5968     44.083     44.183      0.479    1473.56    1473.56  0.000e+00
       4689     45.000     5.9081     5.9075    -0.0006    3.32197    3.32203          1     6.2731     6.4152       9.95     0.0342  4.924e-11  1.000e-12  2.031e+00    33.7755    33.7768     0.0013    26.5965    26.5976     44.579     44.679      0.289    1473.57    1473.57  0.000e+00
       4761     45.500     5.9090     5.9079    -0.0011    3.32208    3.32215          1     6.2665     6.4017       9.95     0.0342  4.924e-11  1.000e-12  2.031e+00    33.7757    33.7775     0.0018    26.5966    26.5981     45.074     45.176      0.244    1473.58    1473.58  0.000e+00
       4819     46.000     5.9107     5.9086    -0.0021    3.32229    3.32226          1     6.2614     6.4080       9.95     0.0336  4.924e-11  1.000e-12  2.031e+00    33.7760    33.7777     0.0017    26.5966    26.5982     45.569     45.672      0.235    1473.59    1473.59  0.000e+00
       4860     46.500     5.9138     5.9096    -0.0042    3.32268    3.32237          1     6.2539     6.4108       9.95     0.0342  4.924e-11  1.000e-12  2.031e+00    33.7770    33.7778     0.0007    26.5970    26.5981     46.065     46.168      0.401    1473.62    1473.60  0.000e+00
       4891     47.000     5.9270     5.9167    -0.0103    3.32428    3.32300          1     6.2390     6.4080       9.95     0.0341  4.924e-11  1.000e-12  2.031e+00    33.7817    33.7776    -0.0041    26.5991    26.5971     46.560     46.664      0.311    1473.68    1473.64  0.000e+00
       4952     47.500     5.9346     5.9275    -0.0072    3.32538    3.32437          1     6.2522     6.4005       9.95     0.0342  4.924e-11  1.000e-12  2.031e+00    33.7862    33.7819    -0.0043    26.6017    26.5992     47.055     47.160      0.233    1473.73    1473.70  0.000e+00
       4998     48.000     5.9316     5.9316    -0.0000    3.32525    3.32524          1     6.2499     6.3915       9.95     0.0344  4.924e-11  1.000e-12  2.031e+00    33.7874    33.7874    -0.0000    26.6030    26.6030     47.550     47.656      0.303    1473.73    1473.73  0.000e+00
       5046     48.500     5.9300     5.9287    -0.0013    3.32539    3.32527          1     6.2363     6.3990       9.95     0.0339  4.924e-11  1.000e-12  2.031e+00    33.7905    33.7904    -0.0001    26.6057    26.6057     48.046     48.152      0.224    1473.73    1473.73  0.000e+00
       5092     49.000     5.9490     5.9356    -0.0134    3.32823    3.32598          1     6.2529     6.4103       9.95     0.0342  4.924e-11  1.000e-12  2.031e+00    33.8033    33.7912    -0.0121    26.6134    26.6055     48.541     48.648      0.331    1473.83    1473.76  0.000e+00
       5135     49.500     5.9751     5.9601    -0.0150    3.33187    3.32930          1     6.2417     6.3961       9.95     0.0344  4.924e-11  1.000e-12  2.031e+00    33.8179    33.8039    -0.0139    26.6216    26.6125     49.036     49.144      0.228    1473.96    1473.89  0.000e+00
       5204     50.000     6.0294     5.9925    -0.0369    3.33897    3.33311          1     6.2198     6.3844       9.95     0.0339  4.924e-11  1.000e-12  2.031e+00    33.8433    33.8142    -0.0291    26.6350    26.6166     49.531     49.640      0.275    1474.22    1474.03  0.000e+00
       5242     50.500     6.0464     6.0313    -0.0151    3.34118    3.33844          1     6.2461     6.3799       9.95     0.0333  4.924e-11  1.000e-12  2.031e+00    33.8508    33.8351    -0.0157    26.6387    26.6282     50.027     50.136      0.316    1474.30    1474.22  0.000e+00
       5280     51.000     6.0669     6.0447    -0.0222    3.34398    3.34048          1     6.2315     6.3813       9.95     0.0338  4.924e-11  1.000e-12  2.031e+00    33.8616    33.8444    -0.0172    26.6447    26.6339     50.522     50.632      0.304    1474.41    1474.30  0.000e+00
       5323     51.500     6.1624     6.0799    -0.0824    3.35494    3.34425          1     6.1816     6.3644       9.95     0.0338  4.924e-11  1.000e-12  2.031e+00    33.8890    33.8514    -0.0376    26.6542    26.6349     51.017     51.128      0.256    1474.83    1474.45  0.000e+00
       5388     52.000     6.2340     6.1783    -0.0557    3.36297    3.35515          1     6.1881     6.3409       9.95     0.0347  4.924e-11  1.000e-12  2.031e+00    33.9072    33.8752    -0.0321    26.6595    26.6412     51.512     51.624      0.222    1475.14    1474.88  0.000e+00
       5440     52.500     6.2480     6.2318    -0.0162    3.36497    3.36162          1     6.2107     6.3310       9.95     0.0342  4.924e-11  1.000e-12  2.031e+00    33.9154    33.8940    -0.0214    26.6641    26.6493     52.008     52.120      0.363    1475.22    1475.13  0.000e+00
       5474     53.000     6.2328     6.2374     0.0045    3.36393    3.36353          1     6.1988     6.3465       9.95     0.0342  4.924e-11  1.000e-12  2.031e+00    33.9186    33.9096    -0.0091    26.6686    26.6609     52.503     52.616      0.278    1475.17    1475.18  0.000e+00
       5541     53.500     6.2255     6.2269     0.0015    3.36374    3.36335          1     6.1972     6.3563       9.95     0.0349  4.924e-11  1.000e-12  2.031e+00    33.9236    33.9178    -0.0058    26.6735    26.6687     52.998     53.112      0.262    1475.16    1475.15  0.000e+00
       5576     54.000     6.2215     6.2216     0.0000    3.36388    3.36340          1     6.2073     6.3454       9.95     0.0342  4.924e-11  1.000e-12  2.031e+00    33.9288    33.9234    -0.0054    26.6781    26.6738     53.493     53.609      0.391    1475.15    1475.15  0.000e+00
       5611     54.500     6.2226     6.2212    -0.0013    3.36481    3.36390          1     6.1850     6.3474       9.95     0.0344  4.924e-11  1.000e-12  2.031e+00    33.9379    33.9292    -0.0088    26.6852    26.6784     53.989     54.105      0.259    1475.18    1475.16  0.000e+00
       5677     55.000     6.2238     6.2213    -0.0025    3.36580    3.36489          1     6.1777     6.3541       9.95     0.0360  4.924e-11  1.000e-12  2.031e+00    33.9476    33.9398    -0.0077    26.6926    26.6868     54.484     54.601      0.239    1475.20    1475.18  0.000e+00
       5719     55.500     6.2255     6.2243    -0.0013    3.36670    3.36601          1     6.1858     6.3493       9.95     0.0350  4.924e-11  1.000e-12  2.031e+00    33.9556    33.9492    -0.0064    26.6988    26.6939     54.979     55.097      0.285    1475.23    1475.21  0.000e+00
       5785     56.000     6.2108     6.2190     0.0083    3.36578    3.36636          1     6.1570     6.3483       9.95     0.0348  4.924e-11  1.000e-12  2.031e+00    33.9599    33.9581    -0.0018    26.7040    26.7016     55.474     55.593      0.249    1475.18    1475.21  0.000e+00
       5827     56.500     6.2024     6.2077     0.0053    3.36514    3.36582          1     6.1820     6.3493       9.95     0.0342  4.924e-11  1.000e-12  2.031e+00    33.9608    33.9631     0.0023    26.7058    26.7070     55.970     56.089      0.374    1475.16    1475.18  0.000e+00
       5867     57.000     6.2003     6.2014     0.0011    3.36501    3.36534          1     6.1854     6.3552       9.95     0.0342  4.924e-11  1.000e-12  2.031e+00    33.9612    33.9638     0.0026    26.7064    26.7083     56.465     56.585      0.240    1475.16    1475.17  0.000e+00
