ctdpy/tests/etc/CTD_SMHI/SBE09_0827_20180123_0610_26_01_0176.cnv
* Sea-Bird SBE 9 Data File:
* FileName = D:\CTD_SBE911\DAT\26DA.2018.1.76.hex
* Software Version Seasave V 7.21d
* Temperature SN = 034757
* Conductivity SN = 041844
* Number of Bytes Per Scan = 48
* Number of Voltage Words = 5
* Number of Scans Averaged by the Deck Unit = 1
* NMEA Latitude = 57 49.79 N
* NMEA Longitude = 010 37.55 E
* NMEA UTC (Time) = Jan 23 2018  06:10:20
* NMEA baud rate = 4800
** Ship: DANA
** Average sound velocity: 1473.95 m/s
** True-depth calculation Wed, 24 Jan 2018 11:56:58 +0000
** CTD Python Module SMHI /ver 3-12/ feb 2012 
** LIMS Job: 20182601-0176
** 4.5N Skagen
** Operator: Ronny Sørensen
** Cruise: 01/2018
# nquan = 26
# nvalues = 204                         
# units = specified
# name 0 = scan: Scan Count
# name 1 = prDM: Pressure, Digiquartz [db]
# name 2 = t090C: Temperature [ITS-90, deg C]
# name 3 = t190C: Temperature, 2 [ITS-90, deg C]
# name 4 = T2-T190C: Temperature Difference, 2 - 1 [ITS-90, deg C]
# name 5 = c0S/m: Conductivity [S/m]
# name 6 = c1S/m: Conductivity, 2 [S/m]
# name 7 = pumps: Pump Status
# name 8 = sbeox1ML/L: Oxygen, SBE 43, 2 [ml/l]
# name 9 = sbeox0ML/L: Oxygen, SBE 43 [ml/l]
# name 10 = altM: Altimeter [m]
# name 11 = chloroflTC0: Chlorophyll, Turner Cyclops [ug/l]
# name 12 = cpar: CPAR/Corrected Irradiance [%]
# name 13 = par: PAR/Irradiance, Biospherical/Licor
# name 14 = spar: SPAR/Surface Irradiance
# name 15 = sal00: Salinity, Practical [PSU]
# name 16 = sal11: Salinity, Practical, 2 [PSU]
# name 17 = secS-priS: Salinity, Practical, Difference, 2 - 1 [PSU]
# name 18 = sigma-t00: Density [sigma-t, kg/m^3 ]
# name 19 = sigma-t11: Density, 2 [sigma-t, kg/m^3 ]
# name 20 = depSM: Depth [salt water, m], lat = 57.8298
# name 21 = depFM: Depth [true depth, m], lat = 57.8298
# name 22 = dz/dtM: Descent Rate [m/s], WS = 2
# name 23 = svCM: Sound Velocity [Chen-Millero, m/s]
# name 24 = svCM1: Sound Velocity, 2 [Chen-Millero, m/s]
# name 25 = flag: flag
# span 0 =        262,      11531       
# span 1 =      2.000,    103.500       
# span 2 =     4.4056,     7.4329       
# span 3 =     4.4036,     7.4308       
# span 4 =    -0.1682,     0.0609       
# span 5 =   2.991157,   3.535847       
# span 6 =   2.991207,   3.535852       
# span 7 =          1,          1       
# span 8 =     5.8418,     6.5961       
# span 9 =     6.0301,     6.7889       
# span 10 =       2.39,       9.96      
# span 11 =     0.0302,     0.0438      
# span 12 = 4.9241e-11, 4.9241e-11      
# span 13 = 1.0000e-12, 1.0000e-12      
# span 14 = 2.0308e+00, 2.0308e+00      
# span 15 =    31.4729,    34.5933      
# span 16 =    31.4752,    34.5952      
# span 17 =    -0.3789,     0.0253      
# span 18 =    24.9390,    27.0375      
# span 19 =    24.9425,    27.0392      
# span 20 =      1.981,    102.517      
# span 21 =      1.988,    102.707      
# span 22 =      0.013,      0.621      
# span 23 =    1463.86,    1481.51      
# span 24 =    1463.85,    1481.51      
# span 25 = 0.0000e+00, 0.0000e+00      
# interval = decibars: 0.5              
# start_time = Jan 23 2018 06:10:21 [NMEA time, first data scan]
# bad_flag = -9.990e-29
*END*
[from data line 168]
       8674     86.000     7.0508     7.0449    -0.0059    3.48265    3.48128          1     6.0333     6.1670       9.95     0.0358  4.924e-11  1.000e-12  2.031e+00    34.4016    34.3925    -0.0091    26.9404    26.9340     85.186     85.351      0.367    1479.52    1479.48  0.000e+00
       8733     86.500     7.0356     7.0371     0.0015    3.48115    3.48110          1     6.0184     6.1729       9.95     0.0347  4.924e-11  1.000e-12  2.031e+00    34.4000    34.3980    -0.0020    26.9412    26.9394     85.682     85.847      0.256    1479.46    1479.47  0.000e+00
       8786     87.000     7.0306     7.0327     0.0019    3.48060    3.48056          1     6.0172     6.1729       9.95     0.0350  4.924e-11  1.000e-12  2.031e+00    34.3987    34.3962    -0.0025    26.9409    26.9386     86.177     86.343      0.401    1479.45    1479.46  0.000e+00
       8823     87.500     7.0802     7.0658    -0.0138    3.48611    3.48377          1     6.0153     6.1507       9.95     0.0352  4.924e-11  1.000e-12  2.031e+00    34.4095    34.3981    -0.0114    26.9425    26.9355     86.672     86.838      0.268    1479.67    1479.59  0.000e+00
       8890     88.000     7.1435     7.1197    -0.0241    3.49334    3.48785          1     5.9966     6.1295       9.95     0.0353  4.924e-11  1.000e-12  2.031e+00    34.4252    34.3889    -0.0363    26.9461    26.9208     87.167     87.334      0.350    1479.94    1479.80  0.000e+00
       8918     88.500     7.1441     7.1429    -0.0012    3.49325    3.49256          1     6.0181     6.1323       9.95     0.0349  4.924e-11  1.000e-12  2.031e+00    34.4235    34.4171    -0.0064    26.9446    26.9398     87.662     87.830      0.354    1479.95    1479.93  0.000e+00
       8976     89.000     7.1706     7.1437    -0.0269    3.49632    3.49220          1     6.0012     6.1368       9.95     0.0345  4.924e-11  1.000e-12  2.031e+00    34.4304    34.4121    -0.0183    26.9464    26.9357     88.157     88.326      0.229    1480.06    1479.94  0.000e+00
       9027     89.500     7.2060     7.1867    -0.0193    3.50035    3.49716          1     5.9767     6.1238       9.95     0.0358  4.924e-11  1.000e-12  2.031e+00    34.4390    34.4233    -0.0156    26.9481    26.9385     88.653     88.822      0.319    1480.22    1480.13  0.000e+00
       9091     90.000     7.2349     7.2000    -0.0351    3.50378    3.49846          1     5.9705     6.1156       9.95     0.0399  4.924e-11  1.000e-12  2.031e+00    34.4473    34.4240    -0.0233    26.9507    26.9372     89.148     89.318      0.247    1480.35    1480.19  0.000e+00
       9144     90.500     7.2748     7.2638    -0.0109    3.50842    3.50514          1     5.9502     6.1140       9.95     0.0366  4.924e-11  1.000e-12  2.031e+00    34.4581    34.4332    -0.0250    26.9535    26.9354     89.643     89.814      0.458    1480.53    1480.45  0.000e+00
       9168     91.000     7.2901     7.2801    -0.0100    3.51029    3.50805          1     5.9300     6.0985       9.95     0.0344  4.924e-11  1.000e-12  2.031e+00    34.4630    34.4485    -0.0145    26.9552    26.9451     90.138     90.310      0.424    1480.60    1480.54  0.000e+00
       9231     91.500     7.3125     7.2747    -0.0378    3.51288    3.50736          1     5.9192     6.0958       9.95     0.0351  4.924e-11  1.000e-12  2.031e+00    34.4687    34.4461    -0.0226    26.9565    26.9441     90.633     90.806      0.288    1480.70    1480.53  0.000e+00
       9274     92.000     7.3701     7.3526    -0.0175    3.51958    3.51460          1     5.9402     6.0708       9.95     0.0352  4.924e-11  1.000e-12  2.031e+00    34.4841    34.4473    -0.0368    26.9604    26.9340     91.128     91.302      0.438    1480.95    1480.83  0.000e+00
       9323     92.500     7.4182     7.3623    -0.0559    3.52462    3.51759          1     5.9343     6.0538       9.95     0.0343  4.924e-11  1.000e-12  2.031e+00    34.4909    34.4700    -0.0209    26.9590    26.9505     91.624     91.797      0.285    1481.15    1480.91  0.000e+00
       9389     93.000     7.3976     7.3846    -0.0131    3.52285    3.51950          1     5.9302     6.0592       9.95     0.0340  4.924e-11  1.000e-12  2.031e+00    34.4919    34.4684    -0.0235    26.9627    26.9460     92.119     92.293      0.381    1481.08    1481.00  0.000e+00
       9419     93.500     7.3212     7.3565     0.0353    3.51548    3.51932          1     5.9330     6.0744       9.95     0.0343  4.924e-11  1.000e-12  2.031e+00    34.4875    34.4941     0.0067    26.9701    26.9703     92.614     92.789      0.298    1480.79    1480.93  0.000e+00
       9489     94.000     7.3027     7.3265     0.0239    3.51387    3.51652          1     5.9136     6.0894       9.95     0.0342  4.924e-11  1.000e-12  2.031e+00    34.4880    34.4932     0.0052    26.9731    26.9738     93.109     93.285      0.244    1480.73    1480.82  0.000e+00
       9533     94.500     7.2998     7.3051     0.0053    3.51443    3.51443          1     5.9223     6.0949       9.95     0.0343  4.924e-11  1.000e-12  2.031e+00    34.4967    34.4915    -0.0053    26.9804    26.9755     93.604     93.781      0.282    1480.73    1480.75  0.000e+00
       9573     95.000     7.3374     7.3101    -0.0273    3.51943    3.51524          1     5.9326     6.0715       9.95     0.0347  4.924e-11  1.000e-12  2.031e+00    34.5136    34.4951    -0.0185    26.9883    26.9776     94.099     94.277      0.321    1480.91    1480.78  0.000e+00
       9612     95.500     7.3895     7.3263    -0.0634    3.52607    3.51730          1     5.9636     6.0448       9.95     0.0341  4.924e-11  1.000e-12  2.031e+00    34.5338    34.5012    -0.0326    26.9968    26.9802     94.594     94.773      0.226    1481.14    1480.86  0.000e+00
       9690     96.000     7.4321     7.3999    -0.0323    3.53484    3.52764          1     5.9259     6.0392       9.79     0.0351  4.924e-11  1.000e-12  2.031e+00    34.5866    34.5403    -0.0463    27.0322    27.0004     95.090     95.269      0.226    1481.38    1481.20  0.000e+00
       9738     96.500     7.4329     7.4268    -0.0060    3.53517    3.53361          1     5.8919     6.0348       9.32     0.0360  4.924e-11  1.000e-12  2.031e+00    34.5892    34.5782    -0.0110    27.0342    27.0264     95.585     95.765      0.272    1481.39    1481.36  0.000e+00
       9778     97.000     7.4327     7.4279    -0.0047    3.53523    3.53421          1     5.8975     6.0326       8.84     0.0356  4.924e-11  1.000e-12  2.031e+00    34.5897    34.5834    -0.0063    27.0346    27.0303     96.080     96.260      0.322    1481.40    1481.38  0.000e+00
       9817     97.500     7.4322     7.4294    -0.0027    3.53524    3.53459          1     5.9131     6.0324       8.32     0.0360  4.924e-11  1.000e-12  2.031e+00    34.5900    34.5858    -0.0043    27.0350    27.0320     96.575     96.756      0.233    1481.41    1481.39  0.000e+00
       9894     98.000     7.4303     7.4275    -0.0028    3.53514    3.53474          1     5.8538     6.0319       7.85     0.0355  4.924e-11  1.000e-12  2.031e+00    34.5906    34.5891    -0.0016    27.0357    27.0349     97.070     97.252      0.284    1481.41    1481.40  0.000e+00
       9928     98.500     7.4301     7.4283    -0.0019    3.53516    3.53496          1     5.8468     6.0336       7.34     0.0368  4.924e-11  1.000e-12  2.031e+00    34.5908    34.5905    -0.0003    27.0358    27.0359     97.565     97.748      0.350    1481.42    1481.41  0.000e+00
       9975     99.000     7.4291     7.4281    -0.0010    3.53514    3.53503          1     5.8715     6.0385       6.84     0.0355  4.924e-11  1.000e-12  2.031e+00    34.5913    34.5911    -0.0002    27.0364    27.0364     98.060     98.244      0.209    1481.42    1481.42  0.000e+00
      10044     99.500     7.4294     7.4273    -0.0021    3.53518    3.53507          1     5.8418     6.0360       6.35     0.0364  4.924e-11  1.000e-12  2.031e+00    34.5911    34.5921     0.0010    27.0362    27.0373     98.556     98.740      0.270    1481.43    1481.42  0.000e+00
      10088    100.000     7.4293     7.4280    -0.0014    3.53520    3.53517          1     5.8785     6.0382       5.86     0.0364  4.924e-11  1.000e-12  2.031e+00    34.5913    34.5923     0.0010    27.0363    27.0373     99.051     99.236      0.248    1481.44    1481.44  0.000e+00
      10137    100.500     7.4295     7.4281    -0.0014    3.53525    3.53523          1     5.8857     6.0315       5.37     0.0360  4.924e-11  1.000e-12  2.031e+00    34.5914    34.5926     0.0012    27.0364    27.0375     99.546     99.731      0.270    1481.45    1481.45  0.000e+00
      10177    101.000     7.4298     7.4281    -0.0017    3.53533    3.53529          1     5.8851     6.0315       4.86     0.0379  4.924e-11  1.000e-12  2.031e+00    34.5917    34.5930     0.0012    27.0366    27.0378    100.041    100.227      0.270    1481.46    1481.45  0.000e+00
      10240    101.500     7.4301     7.4274    -0.0027    3.53541    3.53531          1     5.8771     6.0431       4.37     0.0375  4.924e-11  1.000e-12  2.031e+00    34.5921    34.5937     0.0016    27.0368    27.0385    100.536    100.723      0.235    1481.47    1481.46  0.000e+00
      10284    102.000     7.4307     7.4285    -0.0022    3.53551    3.53543          1     5.8937     6.0314       3.88     0.0371  4.924e-11  1.000e-12  2.031e+00    34.5923    34.5936     0.0014    27.0369    27.0383    101.031    101.219      0.272    1481.48    1481.47  0.000e+00
      10349    102.500     7.4322     7.4290    -0.0032    3.53570    3.53554          1     5.8986     6.0301       3.38     0.0368  4.924e-11  1.000e-12  2.031e+00    34.5926    34.5941     0.0014    27.0370    27.0386    101.526    101.715      0.226    1481.50    1481.48  0.000e+00
      10397    103.000     7.4320     7.4303    -0.0017    3.53570    3.53569          1     5.8958     6.0304       2.90     0.0372  4.924e-11  1.000e-12  2.031e+00    34.5926    34.5942     0.0016    27.0370    27.0385    102.021    102.211      0.357    1481.50    1481.50  0.000e+00
      11531    103.500     7.4326     7.4308    -0.0018    3.53585    3.53585          1     5.8802     6.0391       2.39     0.0389  4.924e-11  1.000e-12  2.031e+00    34.5933    34.5952     0.0019    27.0375    27.0392    102.517    102.707      0.013    1481.51    1481.51  0.000e+00
