ctdpy/tests/etc/CTD_SMHI/SBE09_0827_20180122_1216_26_01_0161.cnv
* Sea-Bird SBE 9 Data File:
* FileName = D:\CTD_SBE911\DAT\26DA.2018.1.61.hex
* Software Version Seasave V 7.21d
* Temperature SN = 034757
* Conductivity SN = 041844
* Number of Bytes Per Scan = 48
* Number of Voltage Words = 5
* Number of Scans Averaged by the Deck Unit = 1
* NMEA Latitude = 58 31.45 N
* NMEA Longitude = 010 48.58 E
* NMEA UTC (Time) = Jan 22 2018  12:16:40
* NMEA baud rate = 4800
** Ship: DANA
** Average sound velocity: 1475.91 m/s
** True-depth calculation Wed, 24 Jan 2018 11:48:04 +0000
** CTD Python Module SMHI /ver 3-12/ feb 2012 
** LIMS Job: 20182601-0161
** 5W Vaderoarna
** Operator: Ronny Sørensen
** Cruise: 01/2018
# nquan = 26
# nvalues = 204                         
# units = specified
# name 0 = scan: Scan Count
# name 1 = prDM: Pressure, Digiquartz [db]
# name 2 = t090C: Temperature [ITS-90, deg C]
# name 3 = t190C: Temperature, 2 [ITS-90, deg C]
# name 4 = T2-T190C: Temperature Difference, 2 - 1 [ITS-90, deg C]
# name 5 = c0S/m: Conductivity [S/m]
# name 6 = c1S/m: Conductivity, 2 [S/m]
# name 7 = pumps: Pump Status
# name 8 = sbeox1ML/L: Oxygen, SBE 43, 2 [ml/l]
# name 9 = sbeox0ML/L: Oxygen, SBE 43 [ml/l]
# name 10 = altM: Altimeter [m]
# name 11 = chloroflTC0: Chlorophyll, Turner Cyclops [ug/l]
# name 12 = cpar: CPAR/Corrected Irradiance [%]
# name 13 = par: PAR/Irradiance, Biospherical/Licor
# name 14 = spar: SPAR/Surface Irradiance
# name 15 = sal00: Salinity, Practical [PSU]
# name 16 = sal11: Salinity, Practical, 2 [PSU]
# name 17 = secS-priS: Salinity, Practical, Difference, 2 - 1 [PSU]
# name 18 = sigma-t00: Density [sigma-t, kg/m^3 ]
# name 19 = sigma-t11: Density, 2 [sigma-t, kg/m^3 ]
# name 20 = depSM: Depth [salt water, m], lat = 58.5242
# name 21 = depFM: Depth [true depth, m], lat = 58.5242
# name 22 = dz/dtM: Descent Rate [m/s], WS = 2
# name 23 = svCM: Sound Velocity [Chen-Millero, m/s]
# name 24 = svCM1: Sound Velocity, 2 [Chen-Millero, m/s]
# name 25 = flag: flag
# span 0 =        245,      10284       
# span 1 =      2.000,    103.500       
# span 2 =     4.8220,     7.2708       
# span 3 =     4.8193,     7.2705       
# span 4 =    -0.0107,     0.0815       
# span 5 =   3.021741,   3.494500       
# span 6 =   3.020799,   3.494652       
# span 7 =          1,          1       
# span 8 =     5.8962,     6.5405       
# span 9 =     6.0885,     6.7321       
# span 10 =       2.87,       9.99      
# span 11 =     0.0208,     0.0427      
# span 12 = 1.6863e-13, 3.3087e+00      
# span 13 = 1.0000e-12, 1.7178e+01      
# span 14 = 4.9235e+02, 5.9300e+02      
# span 15 =    31.4352,    34.3064      
# span 16 =    31.4270,    34.3084      
# span 17 =    -0.1311,     0.1462      
# span 18 =    24.8690,    26.8347      
# span 19 =    24.8628,    26.8363      
# span 20 =      1.981,    102.511      
# span 21 =      1.988,    102.699      
# span 22 =      0.163,      0.499      
# span 23 =    1465.49,    1480.48      
# span 24 =    1465.47,    1480.49      
# span 25 = 0.0000e+00, 0.0000e+00      
# interval = decibars: 0.5              
# start_time = Jan 22 2018 12:16:40 [NMEA time, first data scan]
# bad_flag = -9.990e-29
*END*
[from data line 56]
       3206     30.000     6.0566     6.0566    -0.0001    3.32829    3.32828          1     6.1977     6.3998       9.96     0.0259  2.019e-13  1.000e-12  4.953e+02    33.7061    33.7061    -0.0000    26.5231    26.5231     29.719     29.786      0.260    1473.83    1473.83  0.000e+00
       3245     30.500     6.0556     6.0548    -0.0008    3.32832    3.32830          1     6.2134     6.4026       9.96     0.0263  2.026e-13  1.000e-12  4.936e+02    33.7072    33.7078     0.0006    26.5241    26.5247     30.214     30.282      0.296    1473.83    1473.83  0.000e+00
       3309     31.000     6.0537     6.0528    -0.0010    3.32817    3.32818          1     6.1946     6.3962       9.96     0.0258  2.031e-13  1.000e-12  4.924e+02    33.7072    33.7083     0.0010    26.5244    26.5253     30.709     30.779      0.229    1473.83    1473.83  0.000e+00
       3362     31.500     6.0508     6.0502    -0.0007    3.32802    3.32808          1     6.1742     6.3880       9.96     0.0256  2.016e-13  1.000e-12  4.959e+02    33.7082    33.7095     0.0013    26.5255    26.5266     31.204     31.275      0.402    1473.83    1473.83  0.000e+00
       3391     32.000     6.0511     6.0509    -0.0003    3.32812    3.32816          1     6.1950     6.3892       9.96     0.0263  1.983e-13  1.000e-12  5.044e+02    33.7087    33.7094     0.0006    26.5259    26.5264     31.700     31.771      0.328    1473.84    1473.84  0.000e+00
       3462     32.500     6.0552     6.0553     0.0001    3.32882    3.32881          1     6.1851     6.3980       9.96     0.0299  1.931e-13  1.000e-12  5.178e+02    33.7122    33.7120    -0.0002    26.5281    26.5280     32.195     32.267      0.247    1473.87    1473.87  0.000e+00
       3508     33.000     6.0610     6.0617     0.0007    3.32974    3.32970          1     6.2124     6.3958       9.96     0.0304  1.907e-13  1.000e-12  5.245e+02    33.7166    33.7154    -0.0012    26.5308    26.5298     32.690     32.763      0.290    1473.91    1473.91  0.000e+00
       3563     33.500     6.0760     6.0811     0.0051    3.33202    3.33240          1     6.1941     6.3781       9.96     0.0301  1.904e-13  1.000e-12  5.251e+02    33.7270    33.7262    -0.0008    26.5372    26.5359     33.185     33.259      0.201    1473.99    1474.01  0.000e+00
       3617     34.000     6.0883     6.0900     0.0017    3.33389    3.33394          1     6.1890     6.3957       9.96     0.0294  1.903e-13  1.000e-12  5.255e+02    33.7354    33.7344    -0.0010    26.5423    26.5413     33.681     33.755      0.283    1474.06    1474.06  0.000e+00
       3668     34.500     6.0977     6.1001     0.0024    3.33540    3.33555          1     6.2139     6.3937       9.96     0.0296  1.890e-13  1.000e-12  5.291e+02    33.7428    33.7421    -0.0007    26.5470    26.5461     34.176     34.251      0.216    1474.11    1474.12  0.000e+00
       3719     35.000     6.1039     6.1043     0.0004    3.33638    3.33644          1     6.2016     6.3952       9.96     0.0300  1.882e-13  1.000e-12  5.314e+02    33.7474    33.7477     0.0003    26.5498    26.5500     34.671     34.747      0.334    1474.15    1474.15  0.000e+00
       3754     35.500     6.1071     6.1073     0.0002    3.33693    3.33689          1     6.1757     6.3868       9.96     0.0297  1.879e-13  1.000e-12  5.323e+02    33.7502    33.7495    -0.0007    26.5516    26.5510     35.166     35.243      0.274    1474.17    1474.17  0.000e+00
       3826     36.000     6.1119     6.1119    -0.0000    3.33765    3.33765          1     6.1926     6.3782       9.96     0.0304  1.922e-13  1.000e-12  5.202e+02    33.7532    33.7532    -0.0000    26.5534    26.5534     35.662     35.740      0.278    1474.20    1474.20  0.000e+00
       3864     36.500     6.1137     6.1143     0.0007    3.33799    3.33807          1     6.1858     6.3776       9.96     0.0308  1.950e-13  1.000e-12  5.129e+02    33.7550    33.7552     0.0002    26.5545    26.5546     36.157     36.236      0.287    1474.22    1474.22  0.000e+00
       3928     37.000     6.1179     6.1182     0.0003    3.33868    3.33865          1     6.1533     6.3881       9.96     0.0296  1.965e-13  1.000e-12  5.090e+02    33.7582    33.7576    -0.0006    26.5566    26.5561     36.652     36.732      0.268    1474.25    1474.25  0.000e+00
       3965     37.500     6.1246     6.1248     0.0002    3.33981    3.33957          1     6.1529     6.3745       9.96     0.0293  1.943e-13  1.000e-12  5.146e+02    33.7641    33.7612    -0.0029    26.5603    26.5581     37.147     37.228      0.394    1474.29    1474.29  0.000e+00
       4005     38.000     6.1403     6.1424     0.0021    3.34195    3.34174          1     6.1609     6.3789       9.96     0.0294  1.926e-13  1.000e-12  5.191e+02    33.7721    33.7677    -0.0045    26.5647    26.5609     37.643     37.724      0.258    1474.37    1474.38  0.000e+00
       4070     38.500     6.1529     6.1538     0.0010    3.34359    3.34348          1     6.1921     6.3738       9.96     0.0302  1.952e-13  1.000e-12  5.123e+02    33.7777    33.7756    -0.0021    26.5676    26.5658     38.138     38.220      0.340    1474.44    1474.44  0.000e+00
       4098     39.000     6.1520     6.1537     0.0016    3.34420    3.34408          1     6.1831     6.3852       9.96     0.0295  1.949e-13  1.000e-12  5.130e+02    33.7852    33.7823    -0.0029    26.5736    26.5710     38.633     38.716      0.362    1474.45    1474.46  0.000e+00
       4154     39.500     6.1754     6.1762     0.0008    3.34753    3.34730          1     6.1619     6.3754       9.96     0.0291  1.939e-13  1.000e-12  5.158e+02    33.7990    33.7956    -0.0034    26.5815    26.5787     39.128     39.212      0.209    1474.57    1474.57  0.000e+00
       4216     40.000     6.1790     6.1791     0.0001    3.34834    3.34839          1     6.1440     6.3670       9.96     0.0292  1.919e-13  1.000e-12  5.212e+02    33.8042    33.8046     0.0004    26.5852    26.5855     39.624     39.708      0.285    1474.60    1474.60  0.000e+00
       4255     40.500     6.1787     6.1790     0.0003    3.34852    3.34862          1     6.1283     6.3703       9.96     0.0293  1.898e-13  1.000e-12  5.269e+02    33.8064    33.8072     0.0008    26.5869    26.5875     40.119     40.204      0.283    1474.61    1474.61  0.000e+00
       4305     41.000     6.1817     6.1822     0.0005    3.34903    3.34912          1     6.1687     6.3675       9.96     0.0295  1.877e-13  1.000e-12  5.328e+02    33.8088    33.8093     0.0005    26.5884    26.5888     40.614     40.700      0.226    1474.63    1474.63  0.000e+00
       4353     41.500     6.1844     6.1847     0.0003    3.34947    3.34953          1     6.1747     6.3691       9.96     0.0294  1.867e-13  1.000e-12  5.355e+02    33.8108    33.8111     0.0003    26.5896    26.5898     41.109     41.197      0.298    1474.65    1474.66  0.000e+00
       4394     42.000     6.1858     6.1854    -0.0004    3.34970    3.34978          1     6.1514     6.3630       9.96     0.0292  1.868e-13  1.000e-12  5.354e+02    33.8116    33.8130     0.0014    26.5901    26.5913     41.605     41.693      0.238    1474.67    1474.67  0.000e+00
       4457     42.500     6.1934     6.2008     0.0073    3.35111    3.35142          1     6.1666     6.3632       9.96     0.0294  1.870e-13  1.000e-12  5.347e+02    33.8196    33.8158    -0.0038    26.5955    26.5915     42.100     42.189      0.260    1474.72    1474.74  0.000e+00
       4497     43.000     6.2194     6.2284     0.0090    3.35508    3.35567          1     6.1886     6.3572       9.96     0.0288  1.850e-13  1.000e-12  5.405e+02    33.8379    33.8356    -0.0023    26.6066    26.6036     42.595     42.685      0.262    1474.85    1474.88  0.000e+00
       4561     43.500     6.2381     6.2396     0.0015    3.35758    3.35759          1     6.1715     6.3550       9.96     0.0291  1.834e-13  1.000e-12  5.452e+02    33.8470    33.8457    -0.0013    26.6114    26.6102     43.090     43.181      0.255    1474.95    1474.95  0.000e+00
       4598     44.000     6.2412     6.2436     0.0024    3.35830    3.35844          1     6.1661     6.3543       9.96     0.0302  1.819e-13  1.000e-12  5.498e+02    33.8518    33.8510    -0.0008    26.6147    26.6138     43.586     43.677      0.395    1474.97    1474.98  0.000e+00
       4632     44.500     6.2504     6.2563     0.0059    3.35992    3.36037          1     6.1436     6.3540       9.96     0.0295  1.795e-13  1.000e-12  5.572e+02    33.8605    33.8596    -0.0008    26.6204    26.6190     44.081     44.173      0.258    1475.03    1475.05  0.000e+00
       4700     45.000     6.2576     6.2568    -0.0008    3.36091    3.36057          1     6.1701     6.3536       9.96     0.0294  1.767e-13  1.000e-12  5.660e+02    33.8641    33.8612    -0.0029    26.6224    26.6202     44.576     44.669      0.314    1475.07    1475.06  0.000e+00
       4729     45.500     6.2630     6.2630    -0.0000    3.36177    3.36167          1     6.1593     6.3584       9.96     0.0298  1.754e-13  1.000e-12  5.701e+02    33.8681    33.8670    -0.0011    26.6248    26.6240     45.071     45.165      0.358    1475.10    1475.10  0.000e+00
       4801     46.000     6.2630     6.2628    -0.0002    3.36189    3.36191          1     6.1564     6.3476       9.96     0.0287  1.731e-13  1.000e-12  5.778e+02    33.8692    33.8697     0.0005    26.6257    26.6261     45.567     45.661      0.259    1475.11    1475.11  0.000e+00
       4848     46.500     6.2662     6.2662    -0.0000    3.36234    3.36230          1     6.1527     6.3499       9.96     0.0287  1.718e-13  1.000e-12  5.822e+02    33.8708    33.8704    -0.0003    26.6266    26.6263     46.062     46.157      0.410    1475.14    1475.13  0.000e+00
       4879     47.000     6.2723     6.2743     0.0019    3.36318    3.36321          1     6.1630     6.3550       9.96     0.0290  1.716e-13  1.000e-12  5.828e+02    33.8739    33.8723    -0.0016    26.6282    26.6267     46.557     46.653      0.334    1475.17    1475.18  0.000e+00
       4928     47.500     6.2745     6.2725    -0.0020    3.36341    3.36336          1     6.1735     6.3520       9.96     0.0292  1.718e-13  1.000e-12  5.821e+02    33.8740    33.8755     0.0015    26.6280    26.6295     47.052     47.149      0.225    1475.19    1475.18  0.000e+00
       4971     48.000     6.2696     6.2684    -0.0012    3.36282    3.36279          1     6.1752     6.3559       9.96     0.0309  1.720e-13  1.000e-12  5.814e+02    33.8720    33.8729     0.0009    26.6271    26.6279     47.548     47.645      0.354    1475.17    1475.17  0.000e+00
       5004     48.500     6.2802     6.2830     0.0028    3.36438    3.36419          1     6.1527     6.3456       9.96     0.0297  1.718e-13  1.000e-12  5.821e+02    33.8786    33.8737    -0.0049    26.6309    26.6267     48.043     48.141      0.312    1475.23    1475.24  0.000e+00
       5059     49.000     6.2948     6.3014     0.0065    3.36624    3.36632          1     6.1345     6.3358       9.96     0.0290  1.726e-13  1.000e-12  5.795e+02    33.8847    33.8791    -0.0056    26.6338    26.6286     48.538     48.637      0.196    1475.31    1475.32  0.000e+00
       5113     49.500     6.3508     6.3609     0.0102    3.37336    3.37355          1     6.1256     6.3324       9.96     0.0290  1.733e-13  1.000e-12  5.770e+02    33.9081    33.9002    -0.0080    26.6451    26.6375     49.033     49.134      0.279    1475.56    1475.60  0.000e+00
       5154     50.000     6.3779     6.3846     0.0068    3.37676    3.37674          1     6.1476     6.3243       9.96     0.0285  1.732e-13  1.000e-12  5.773e+02    33.9188    33.9120    -0.0069    26.6501    26.6437     49.528     49.630      0.285    1475.69    1475.71  0.000e+00
       5200     50.500     6.3960     6.4091     0.0132    3.37899    3.37985          1     6.1618     6.3287       9.96     0.0277  1.734e-13  1.000e-12  5.768e+02    33.9254    33.9219    -0.0035    26.6529    26.6484     50.024     50.126      0.250    1475.78    1475.83  0.000e+00
       5245     51.000     6.4078     6.4168     0.0090    3.38050    3.38126          1     6.1486     6.3367       9.96     0.0277  1.734e-13  1.000e-12  5.768e+02    33.9303    33.9298    -0.0005    26.6552    26.6536     50.519     50.622      0.287    1475.84    1475.88  0.000e+00
       5286     51.500     6.4155     6.4201     0.0046    3.38138    3.38169          1     6.1399     6.3282       9.96     0.0269  1.734e-13  1.000e-12  5.768e+02    33.9321    33.9310    -0.0012    26.6556    26.6541     51.014     51.118      0.273    1475.88    1475.90  0.000e+00
       5334     52.000     6.4227     6.4238     0.0011    3.38226    3.38220          1     6.1456     6.3178       9.96     0.0281  1.734e-13  1.000e-12  5.768e+02    33.9345    33.9328    -0.0017    26.6566    26.6551     51.509     51.614      0.243    1475.92    1475.92  0.000e+00
       5384     52.500     6.4333     6.4373     0.0040    3.38366    3.38368          1     6.1550     6.3120       9.96     0.0288  1.736e-13  1.000e-12  5.760e+02    33.9394    33.9356    -0.0038    26.6590    26.6555     52.005     52.110      0.229    1475.98    1475.99  0.000e+00
       5435     53.000     6.4465     6.4501     0.0036    3.38530    3.38539          1     6.1091     6.3155       9.96     0.0309  1.756e-13  1.000e-12  5.695e+02    33.9441    33.9417    -0.0025    26.6611    26.6587     52.500     52.606      0.270    1476.04    1476.06  0.000e+00
       5475     53.500     6.4579     6.4628     0.0049    3.38670    3.38689          1     6.1174     6.3103       9.96     0.0275  1.781e-13  1.000e-12  5.615e+02    33.9482    33.9455    -0.0027    26.6628    26.6600     52.995     53.102      0.289    1476.10    1476.12  0.000e+00
       5522     54.000     6.4660     6.4796     0.0136    3.38775    3.38870          1     6.0684     6.2980       9.96     0.0280  1.791e-13  1.000e-12  5.584e+02    33.9516    33.9486    -0.0030    26.6644    26.6603     53.490     53.598      0.246    1476.15    1476.20  0.000e+00
       5565     54.500     6.5329     6.5823     0.0494    3.39697    3.39864          1     6.0601     6.2961       9.96     0.0272  1.785e-13  1.000e-12  5.602e+02    33.9871    33.9565    -0.0306    26.6836    26.6530     53.985     54.094      0.338    1476.46    1476.62  0.000e+00
       5600     55.000     6.6396     6.6798     0.0401    3.40969    3.41194          1     6.1084     6.2665       9.96     0.0271  1.779e-13  1.000e-12  5.620e+02    34.0220    34.0069    -0.0151    26.6970    26.6797     54.481     54.590      0.286    1476.93    1477.07  0.000e+00
       5668     55.500     6.7363     6.7565     0.0200    3.42159    3.42225          1     6.0777     6.2550       9.96     0.0281  1.789e-13  1.000e-12  5.590e+02    34.0573    34.0446    -0.0127    26.7119    26.6992     54.976     55.086      0.262    1477.36    1477.43  0.000e+00
       5708     56.000     6.8016     6.8189     0.0172    3.42967    3.42919          1     6.0578     6.2466       9.96     0.0273  1.791e-13  1.000e-12  5.585e+02    34.0814    34.0589    -0.0224    26.7221    26.7021     55.471     55.582      0.351    1477.66    1477.69  0.000e+00
       5749     56.500     6.8549     6.8706     0.0158    3.43598    3.43629          1     6.0575     6.2304       9.96     0.0263  1.792e-13  1.000e-12  5.580e+02    34.0979    34.0857    -0.0123    26.7280    26.7162     55.966     56.078      0.234    1477.89    1477.94  0.000e+00
       5804     57.000     6.8746     6.8842     0.0096    3.43856    3.43826          1     6.0200     6.2367       9.96     0.0267  1.802e-13  1.000e-12  5.550e+02    34.1065    34.0936    -0.0129    26.7320    26.7206     56.462     56.574      0.275    1477.99    1478.01  0.000e+00
