ctdpy/tests/etc/CTD_SMHI/SBE09_0827_20180122_0612_26_01_0156.cnv
* Sea-Bird SBE 9 Data File:
* FileName = D:\CTD_SBE911\DAT\26DA.2018.1.56.hex
* Software Version Seasave V 7.21d
* Temperature SN = 034757
* Conductivity SN = 041844
* Number of Bytes Per Scan = 48
* Number of Voltage Words = 5
* Number of Scans Averaged by the Deck Unit = 1
* NMEA Latitude = 58 41.41 N
* NMEA Longitude = 010 48.52 E
* NMEA UTC (Time) = Jan 22 2018  06:12:17
* NMEA baud rate = 4800
** Ship: DANA
** Average sound velocity: 1472.26 m/s
** True-depth calculation Wed, 24 Jan 2018 11:46:13 +0000
** CTD Python Module SMHI /ver 3-12/ feb 2012 
** LIMS Job: 20182601-0156
** Persgrund
** Operator: Ronny Sørensen
** Cruise: 01/2018
# nquan = 26
# nvalues = 190                         
# units = specified
# name 0 = scan: Scan Count
# name 1 = prDM: Pressure, Digiquartz [db]
# name 2 = t090C: Temperature [ITS-90, deg C]
# name 3 = t190C: Temperature, 2 [ITS-90, deg C]
# name 4 = T2-T190C: Temperature Difference, 2 - 1 [ITS-90, deg C]
# name 5 = c0S/m: Conductivity [S/m]
# name 6 = c1S/m: Conductivity, 2 [S/m]
# name 7 = pumps: Pump Status
# name 8 = sbeox1ML/L: Oxygen, SBE 43, 2 [ml/l]
# name 9 = sbeox0ML/L: Oxygen, SBE 43 [ml/l]
# name 10 = altM: Altimeter [m]
# name 11 = chloroflTC0: Chlorophyll, Turner Cyclops [ug/l]
# name 12 = cpar: CPAR/Corrected Irradiance [%]
# name 13 = par: PAR/Irradiance, Biospherical/Licor
# name 14 = spar: SPAR/Surface Irradiance
# name 15 = sal00: Salinity, Practical [PSU]
# name 16 = sal11: Salinity, Practical, 2 [PSU]
# name 17 = secS-priS: Salinity, Practical, Difference, 2 - 1 [PSU]
# name 18 = sigma-t00: Density [sigma-t, kg/m^3 ]
# name 19 = sigma-t11: Density, 2 [sigma-t, kg/m^3 ]
# name 20 = depSM: Depth [salt water, m], lat = 58.6902
# name 21 = depFM: Depth [true depth, m], lat = 58.6902
# name 22 = dz/dtM: Descent Rate [m/s], WS = 2
# name 23 = svCM: Sound Velocity [Chen-Millero, m/s]
# name 24 = svCM1: Sound Velocity, 2 [Chen-Millero, m/s]
# name 25 = flag: flag
# span 0 =        187,      10316       
# span 1 =      1.000,     95.500       
# span 2 =     3.3377,     7.3475       
# span 3 =     3.3906,     7.3435       
# span 4 =    -0.1775,     0.1879       
# span 5 =   2.192146,   3.484191       
# span 6 =   2.205310,   3.484036       
# span 7 =          1,          1       
# span 8 =     5.8672,     7.1880       
# span 9 =     6.7234,     7.7530       
# span 10 =       3.74,       9.96      
# span 11 =     0.0171,     0.0380      
# span 12 = -1.388e+03, 9.9881e+04      
# span 13 = 1.0000e-12, 1.0000e-12      
# span 14 = 2.4065e-03, 2.0590e+00      
# span 15 =    23.1160,    34.1391      
# span 16 =    23.2292,    34.1431      
# span 17 =    -0.5597,     0.3586      
# span 18 =    18.3919,    26.7009      
# span 19 =    18.4785,    26.7017      
# span 20 =      0.991,     94.588      
# span 21 =      1.000,     94.847      
# span 22 =      0.039,      0.301      
# span 23 =    1448.51,    1480.35      
# span 24 =    1448.89,    1480.36      
# span 25 = 0.0000e+00, 0.0000e+00      
# interval = decibars: 0.5              
# start_time = Jan 22 2018 06:12:17 [NMEA time, first data scan]
# bad_flag = -9.990e-29
*END*
[from data line 112]
       6449     57.000     6.1746     6.1734    -0.0012    3.33452    3.33437          1     6.1924     7.7151       9.95     0.0369  1.923e+03  1.000e-12  1.992e+00    33.6453    33.6449    -0.0005    26.4603    26.4600     56.461     56.649      0.207    1474.66    1474.65  0.000e+00
       6510     57.500     6.1752     6.1744    -0.0008    3.33472    3.33467          1     6.2057     7.7083       9.95     0.0365 -5.297e+01  1.000e-12  2.032e+00    33.6467    33.6469     0.0002    26.4612    26.4615     56.956     57.146      0.194    1474.67    1474.67  0.000e+00
       6567     58.000     6.1759     6.1750    -0.0009    3.33490    3.33487          1     6.1885     7.7213       9.95     0.0368 -7.802e-08  1.000e-12  2.031e+00    33.6478    33.6483     0.0005    26.4620    26.4626     57.451     57.642      0.233    1474.68    1474.68  0.000e+00
       6621     58.500     6.1760     6.1752    -0.0008    3.33497    3.33498          1     6.1916     7.7267       9.95     0.0365  4.924e-11  1.000e-12  2.031e+00    33.6482    33.6491     0.0010    26.4623    26.4632     57.946     58.138      0.194    1474.69    1474.69  0.000e+00
       6689     59.000     6.1758     6.1751    -0.0006    3.33493    3.33502          1     6.2036     7.7491       9.95     0.0363  4.924e-11  1.000e-12  2.031e+00    33.6478    33.6494     0.0016    26.4620    26.4634     58.442     58.634      0.200    1474.70    1474.70  0.000e+00
       6746     59.500     6.1760     6.1751    -0.0009    3.33505    3.33504          1     6.1913     7.7330       9.95     0.0364  4.924e-11  1.000e-12  2.031e+00    33.6486    33.6494     0.0007    26.4627    26.4634     58.937     59.130      0.208    1474.71    1474.71  0.000e+00
       6807     60.000     6.1762     6.1754    -0.0008    3.33512    3.33516          1     6.1823     7.7226       9.95     0.0365  4.924e-11  1.000e-12  2.031e+00    33.6490    33.6503     0.0013    26.4629    26.4640     59.432     59.626      0.194    1474.72    1474.72  0.000e+00
       6862     60.500     6.1763     6.1755    -0.0008    3.33525    3.33525          1     6.1870     7.7137       9.95     0.0367  4.924e-11  1.000e-12  2.031e+00    33.6500    33.6509     0.0009    26.4638    26.4646     59.927     60.122      0.265    1474.73    1474.73  0.000e+00
       6906     61.000     6.1765     6.1756    -0.0008    3.33536    3.33537          1     6.1805     7.7268       9.95     0.0363  4.924e-11  1.000e-12  2.031e+00    33.6509    33.6518     0.0009    26.4644    26.4652     60.422     60.619      0.243    1474.74    1474.74  0.000e+00
       6969     61.500     6.1766     6.1759    -0.0008    3.33548    3.33549          1     6.1852     7.7362       9.95     0.0364  2.111e+04  1.000e-12  1.602e+00    33.6517    33.6527     0.0010    26.4651    26.4659     60.918     61.115      0.200    1474.75    1474.75  0.000e+00
       7022     62.000     6.1767     6.1760    -0.0007    3.33557    3.33559          1     6.1916     7.7417       9.95     0.0361  6.697e+04  1.000e-12  6.708e-01    33.6525    33.6535     0.0010    26.4656    26.4665     61.413     61.611      0.255    1474.76    1474.76  0.000e+00
       7074     62.500     6.1762     6.1757    -0.0004    3.33566    3.33570          1     6.1980     7.7246       9.95     0.0360 -1.388e+03  1.000e-12  2.059e+00    33.6538    33.6547     0.0009    26.4667    26.4675     61.908     62.107      0.205    1474.77    1474.77  0.000e+00
       7131     63.000     6.1750     6.1743    -0.0007    3.33570    3.33578          1     6.1988     7.7262       9.95     0.0363 -1.030e-10  1.000e-12  2.031e+00    33.6552    33.6567     0.0015    26.4680    26.4692     62.403     62.603      0.257    1474.77    1474.77  0.000e+00
       7173     63.500     6.1740     6.1735    -0.0005    3.33572    3.33580          1     6.1813     7.7391       9.95     0.0366  4.924e-11  1.000e-12  2.031e+00    33.6561    33.6575     0.0014    26.4688    26.4700     62.898     63.099      0.277    1474.78    1474.78  0.000e+00
       7220     64.000     6.1734     6.1728    -0.0006    3.33582    3.33590          1     6.1713     7.7473       9.95     0.0364  4.924e-11  1.000e-12  2.031e+00    33.6576    33.6591     0.0015    26.4701    26.4713     63.393     63.595      0.241    1474.79    1474.78  0.000e+00
       7273     64.500     6.1732     6.1726    -0.0005    3.33596    3.33600          1     6.1832     7.7385       9.95     0.0358  4.924e-11  1.000e-12  2.031e+00    33.6591    33.6601     0.0010    26.4713    26.4721     63.889     64.092      0.210    1474.79    1474.79  0.000e+00
       7330     65.000     6.1740     6.1725    -0.0015    3.33630    3.33618          1     6.1567     7.7349       9.95     0.0369  4.924e-11  1.000e-12  2.031e+00    33.6618    33.6620     0.0002    26.4733    26.4736     64.384     64.588      0.244    1474.81    1474.80  0.000e+00
       7372     65.500     6.1779     6.1762    -0.0018    3.33701    3.33679          1     6.1586     7.7374       9.95     0.0366  4.924e-11  1.000e-12  2.031e+00    33.6657    33.6650    -0.0007    26.4759    26.4755     64.879     65.084      0.301    1474.84    1474.83  0.000e+00
       7415     66.000     6.1792     6.1781    -0.0011    3.33725    3.33719          1     6.1997     7.7527       9.95     0.0356  4.924e-11  1.000e-12  2.031e+00    33.6668    33.6673     0.0005    26.4766    26.4771     65.374     65.580      0.253    1474.85    1474.85  0.000e+00
       7466     66.500     6.1822     6.1807    -0.0015    3.33800    3.33774          1     6.1743     7.7523       9.95     0.0357  4.924e-11  1.000e-12  2.031e+00    33.6720    33.6707    -0.0014    26.4804    26.4795     65.869     66.076      0.239    1474.88    1474.87  0.000e+00
       7511     67.000     6.1833     6.1822    -0.0011    3.33834    3.33825          1     6.1434     7.7470       9.95     0.0354  4.924e-11  1.000e-12  2.031e+00    33.6745    33.6746     0.0001    26.4822    26.4824     66.365     66.572      0.287    1474.89    1474.89  0.000e+00
       7556     67.500     6.1842     6.1831    -0.0010    3.33864    3.33858          1     6.1785     7.7320       9.95     0.0347  4.924e-11  1.000e-12  2.031e+00    33.6768    33.6771     0.0003    26.4839    26.4842     66.860     67.068      0.230    1474.91    1474.91  0.000e+00
       7612     68.000     6.1853     6.1841    -0.0013    3.33892    3.33883          1     6.1966     7.7530       9.95     0.0349  4.924e-11  1.000e-12  2.031e+00    33.6784    33.6787     0.0003    26.4850    26.4854     67.355     67.564      0.245    1474.93    1474.92  0.000e+00
       7653     68.500     6.1994     6.1934    -0.0061    3.34109    3.33990          1     6.1796     7.7491       9.95     0.0354  4.924e-11  1.000e-12  2.031e+00    33.6885    33.6811    -0.0074    26.4912    26.4861     67.850     68.061      0.300    1475.00    1474.97  0.000e+00
       7698     69.000     6.2476     6.2342    -0.0134    3.34757    3.34469          1     6.1622     7.7135       9.95     0.0351  4.924e-11  1.000e-12  2.031e+00    33.7130    33.6941    -0.0189    26.5043    26.4911     68.345     68.557      0.234    1475.23    1475.15  0.000e+00
       7753     69.500     6.3236     6.2936    -0.0300    3.35882    3.35224          1     6.1327     7.7006       9.95     0.0345  4.924e-11  1.000e-12  2.031e+00    33.7629    33.7193    -0.0436    26.5340    26.5035     68.840     69.053      0.229    1475.60    1475.43  0.000e+00
       7800     70.000     6.4708     6.4376    -0.0332    3.37907    3.37075          1     6.1474     7.6633       9.95     0.0341  4.924e-11  1.000e-12  2.031e+00    33.8423    33.7826    -0.0597    26.5776    26.5348     69.336     69.549      0.284    1476.29    1476.08  0.000e+00
       7840     70.500     6.5093     6.4929    -0.0164    3.38387    3.37965          1     6.1055     7.6416       9.95     0.0338  4.924e-11  1.000e-12  2.031e+00    33.8572    33.8266    -0.0307    26.5843    26.5623     69.831     70.045      0.287    1476.47    1476.36  0.000e+00
       7889     71.000     6.6632     6.6111    -0.0521    3.40361    3.39238          1     6.0861     7.6156       9.95     0.0325  1.767e+03  1.000e-12  1.995e+00    33.9232    33.8504    -0.0728    26.6160    26.5655     70.326     70.541      0.224    1477.16    1476.87  0.000e+00
       7942     71.500     6.7834     6.7630    -0.0204    3.41670    3.41116          1     6.0895     7.5831       9.95     0.0331 -1.807e+01  1.000e-12  2.031e+00    33.9487    33.9077    -0.0410    26.6200    26.5905     70.821     71.037      0.248    1477.67    1477.54  0.000e+00
       7988     72.000     6.7951     6.7956     0.0005    3.41787    3.41621          1     6.0710     7.5729       9.95     0.0317 -9.751e-08  1.000e-12  2.031e+00    33.9498    33.9309    -0.0189    26.6193    26.6043     71.316     71.533      0.254    1477.73    1477.71  0.000e+00
       8037     72.500     6.7867     6.7857    -0.0009    3.41695    3.41566          1     6.0307     7.5791       9.95     0.0317  4.924e-11  1.000e-12  2.031e+00    33.9476    33.9344    -0.0133    26.6187    26.6084     71.811     72.029      0.249    1477.70    1477.68  0.000e+00
       8081     73.000     6.8093     6.7992    -0.0102    3.41970    3.41693          1     6.0376     7.5734       9.95     0.0322  4.924e-11  1.000e-12  2.031e+00    33.9554    33.9348    -0.0206    26.6218    26.6069     72.307     72.525      0.291    1477.81    1477.74  0.000e+00
       8124     73.500     6.8994     6.8637    -0.0356    3.42998    3.42323          1     6.0522     7.5327       9.95     0.0322  4.924e-11  1.000e-12  2.031e+00    33.9793    33.9402    -0.0391    26.6284    26.6025     72.802     73.021      0.265    1478.20    1478.01  0.000e+00
       8172     74.000     6.9504     6.9364    -0.0140    3.43598    3.43211          1     6.0201     7.5267       9.95     0.0317  4.924e-11  1.000e-12  2.031e+00    33.9946    33.9658    -0.0288    26.6335    26.6128     73.297     73.517      0.234    1478.42    1478.33  0.000e+00
       8224     74.500     6.9773     6.9719    -0.0054    3.43894    3.43682          1     5.9943     7.5106       9.96     0.0316  4.924e-11  1.000e-12  2.031e+00    34.0002    33.9823    -0.0179    26.6343    26.6209     73.792     74.013      0.243    1478.54    1478.50  0.000e+00
       8269     75.000     6.9905     6.9845    -0.0059    3.44058    3.43855          1     6.0296     7.5155       9.95     0.0315  4.924e-11  1.000e-12  2.031e+00    34.0050    33.9886    -0.0164    26.6362    26.6241     74.287     74.510      0.276    1478.61    1478.56  0.000e+00
       8317     75.500     7.0241     7.0144    -0.0096    3.44446    3.44185          1     6.0005     7.4923       9.95     0.0317  4.924e-11  1.000e-12  2.031e+00    34.0141    33.9950    -0.0191    26.6388    26.6251     74.782     75.006      0.236    1478.76    1478.69  0.000e+00
       8366     76.000     7.0415     7.0365    -0.0051    3.44646    3.44479          1     5.9855     7.4996       9.95     0.0317  4.924e-11  1.000e-12  2.031e+00    34.0186    34.0053    -0.0133    26.6400    26.6302     75.278     75.502      0.259    1478.84    1478.80  0.000e+00
       8411     76.500     7.0408     7.0394    -0.0014    3.44642    3.44558          1     5.9688     7.5030       9.95     0.0317  4.924e-11  1.000e-12  2.031e+00    34.0187    34.0108    -0.0080    26.6402    26.6341     75.773     75.998      0.260    1478.84    1478.83  0.000e+00
       8459     77.000     7.0442     7.0401    -0.0041    3.44682    3.44584          1     5.9926     7.4928       9.95     0.0320  4.924e-11  1.000e-12  2.031e+00    34.0194    34.0126    -0.0068    26.6402    26.6355     76.268     76.494      0.249    1478.86    1478.84  0.000e+00
       8507     77.500     7.0402     7.0390    -0.0011    3.44653    3.44594          1     6.0092     7.5083       9.95     0.0318  4.924e-11  1.000e-12  2.031e+00    34.0200    34.0146    -0.0054    26.6413    26.6372     76.763     76.990      0.257    1478.86    1478.85  0.000e+00
       8554     78.000     7.0538     7.0481    -0.0057    3.44833    3.44698          1     5.9910     7.4921       9.95     0.0317  4.924e-11  1.000e-12  2.031e+00    34.0260    34.0169    -0.0091    26.6441    26.6377     77.258     77.486      0.237    1478.93    1478.89  0.000e+00
       8607     78.500     7.0780     7.0728    -0.0053    3.45124    3.44975          1     5.9631     7.4698       9.95     0.0320  4.924e-11  1.000e-12  2.031e+00    34.0338    34.0226    -0.0113    26.6469    26.6388     77.753     77.982      0.235    1479.04    1479.00  0.000e+00
       8657     79.000     7.1605     7.1281    -0.0323    3.46109    3.45544          1     5.9711     7.4446       9.95     0.0322  4.924e-11  1.000e-12  2.031e+00    34.0599    34.0300    -0.0299    26.6560    26.6370     78.248     78.478      0.237    1479.40    1479.24  0.000e+00
       8708     79.500     7.1532     7.1570     0.0037    3.45992    3.46005          1     5.9712     7.4406       9.95     0.0322  4.924e-11  1.000e-12  2.031e+00    34.0540    34.0518    -0.0023    26.6524    26.6501     78.744     78.974      0.246    1479.37    1479.38  0.000e+00
       8751     80.000     7.1368     7.1450     0.0083    3.45794    3.45904          1     5.9397     7.4474       9.95     0.0316  4.924e-11  1.000e-12  2.031e+00    34.0483    34.0523     0.0039    26.6502    26.6522     79.239     79.470      0.299    1479.31    1479.34  0.000e+00
       8796     80.500     7.1630     7.1502    -0.0128    3.46139    3.45904          1     5.9496     7.4437       9.95     0.0319  4.924e-11  1.000e-12  2.031e+00    34.0600    34.0468    -0.0131    26.6557    26.6472     79.734     79.966      0.221    1479.43    1479.37  0.000e+00
       8858     81.000     7.2399     7.2199    -0.0200    3.47053    3.46644          1     5.9297     7.3940       9.95     0.0318  4.924e-11  1.000e-12  2.031e+00    34.0837    34.0588    -0.0250    26.6637    26.6469     80.229     80.462      0.227    1479.77    1479.66  0.000e+00
       8902     81.500     7.2698     7.2573    -0.0124    3.47414    3.47130          1     5.9319     7.4012       9.95     0.0319  4.924e-11  1.000e-12  2.031e+00    34.0934    34.0747    -0.0187    26.6672    26.6542     80.724     80.958      0.281    1479.90    1479.83  0.000e+00
       8953     82.000     7.2712     7.2727     0.0015    3.47422    3.47391          1     5.9151     7.3996       9.95     0.0320  4.924e-11  1.000e-12  2.031e+00    34.0925    34.0877    -0.0048    26.6663    26.6623     81.219     81.454      0.207    1479.92    1479.91  0.000e+00
       9009     82.500     7.2724     7.2691    -0.0033    3.47433    3.47355          1     5.9353     7.4007       9.95     0.0322  4.924e-11  1.000e-12  2.031e+00    34.0924    34.0872    -0.0052    26.6660    26.6623     81.714     81.950      0.262    1479.93    1479.91  0.000e+00
       9051     83.000     7.2899     7.2818    -0.0081    3.47661    3.47493          1     5.9242     7.3640       9.95     0.0325  4.924e-11  1.000e-12  2.031e+00    34.0998    34.0894    -0.0104    26.6693    26.6623     82.210     82.446      0.263    1480.01    1479.97  0.000e+00
       9103     83.500     7.3015     7.2944    -0.0070    3.47805    3.47669          1     5.9193     7.3715       9.95     0.0329  4.924e-11  1.000e-12  2.031e+00    34.1037    34.0959    -0.0079    26.6708    26.6656     82.705     82.942      0.219    1480.07    1480.03  0.000e+00
       9158     84.000     7.3334     7.3190    -0.0145    3.48267    3.47990          1     5.9120     7.3551       9.95     0.0324  4.924e-11  1.000e-12  2.031e+00    34.1224    34.1065    -0.0159    26.6810    26.6705     83.200     83.438      0.217    1480.22    1480.15  0.000e+00
