ctdpy/tests/etc/CTD_SMHI/SBE09_0827_20180123_1115_26_01_0179.cnv
* Sea-Bird SBE 9 Data File:
* FileName = D:\CTD_SBE911\DAT\26DA.2018.1.79.hex
* Software Version Seasave V 7.21d
* Temperature SN = 034757
* Conductivity SN = 041844
* Number of Bytes Per Scan = 48
* Number of Voltage Words = 5
* Number of Scans Averaged by the Deck Unit = 1
* NMEA Latitude = 58 06.89 N
* NMEA Longitude = 010 43.93 E
* NMEA UTC (Time) = Jan 23 2018  11:15:15
* NMEA baud rate = 4800
** Ship: DANA
** Average sound velocity: 1483.95 m/s
** True-depth calculation Wed, 24 Jan 2018 11:58:10 +0000
** CTD Python Module SMHI /ver 3-12/ feb 2012 
** LIMS Job: 20182601-0179
** 19W Maseskar
** Operator: Ronny Sørensen
** Cruise: 01/2018
# nquan = 26
# nvalues = 453                         
# units = specified
# name 0 = scan: Scan Count
# name 1 = prDM: Pressure, Digiquartz [db]
# name 2 = t090C: Temperature [ITS-90, deg C]
# name 3 = t190C: Temperature, 2 [ITS-90, deg C]
# name 4 = T2-T190C: Temperature Difference, 2 - 1 [ITS-90, deg C]
# name 5 = c0S/m: Conductivity [S/m]
# name 6 = c1S/m: Conductivity, 2 [S/m]
# name 7 = pumps: Pump Status
# name 8 = sbeox1ML/L: Oxygen, SBE 43, 2 [ml/l]
# name 9 = sbeox0ML/L: Oxygen, SBE 43 [ml/l]
# name 10 = altM: Altimeter [m]
# name 11 = chloroflTC0: Chlorophyll, Turner Cyclops [ug/l]
# name 12 = cpar: CPAR/Corrected Irradiance [%]
# name 13 = par: PAR/Irradiance, Biospherical/Licor
# name 14 = spar: SPAR/Surface Irradiance
# name 15 = sal00: Salinity, Practical [PSU]
# name 16 = sal11: Salinity, Practical, 2 [PSU]
# name 17 = secS-priS: Salinity, Practical, Difference, 2 - 1 [PSU]
# name 18 = sigma-t00: Density [sigma-t, kg/m^3 ]
# name 19 = sigma-t11: Density, 2 [sigma-t, kg/m^3 ]
# name 20 = depSM: Depth [salt water, m], lat = 58.1148
# name 21 = depFM: Depth [true depth, m], lat = 58.1148
# name 22 = dz/dtM: Descent Rate [m/s], WS = 2
# name 23 = svCM: Sound Velocity [Chen-Millero, m/s]
# name 24 = svCM1: Sound Velocity, 2 [Chen-Millero, m/s]
# name 25 = flag: flag
# span 0 =         -3,      16458       
# span 1 =      1.500,    227.500       
# span 2 =     5.3860,     8.9047       
# span 3 =     5.3856,     8.8951       
# span 4 =    -0.3739,     0.4170       
# span 5 =   3.240894,   3.709899       
# span 6 =   3.241108,   3.706510       
# span 7 =          1,          1       
# span 8 =     4.9503,     6.4142       
# span 9 =     5.0783,     6.8540       
# span 10 =       2.53,      10.10      
# span 11 =     0.0208,     0.0416      
# span 12 = 6.2327e-13, 8.6994e+00      
# span 13 = 1.0000e-12, 1.2544e+01      
# span 14 = 1.2885e+02, 1.6045e+02      
# span 15 =    33.3941,    35.1072      
# span 16 =    33.3968,    35.1111      
# span 17 =    -0.1685,     0.0971      
# span 18 =    26.3578,    27.2838      
# span 19 =    26.3553,    27.2864      
# span 20 =      1.486,    225.266      
# span 21 =      1.489,    225.622      
# span 22 =     -0.176,      0.918      
# span 23 =    1470.31,    1488.19      
# span 24 =    1470.31,    1488.19      
# span 25 = 0.0000e+00, 0.0000e+00      
# interval = decibars: 0.5              
# start_time = Jan 23 2018 11:15:16 [NMEA time, first data scan]
# bad_flag = -9.990e-29
*END*
[from data line 279]
      11886    141.000     8.8491     8.8491     0.0002    3.70580    3.70501          1     5.3991     5.5225       9.95     0.0341  6.479e-13  1.000e-12  1.543e+02    34.9883    34.9799    -0.0083    27.1332    27.1266    139.644    139.854      0.686    1487.95    1487.94  0.000e+00
      11903    141.500     8.7619     8.8111     0.0488    3.69619    3.70363          1     5.3731     5.5341       9.95     0.0342  6.479e-13  1.000e-12  1.543e+02    34.9728    35.0026     0.0298    27.1349    27.1505    140.139    140.350      0.717    1487.61    1487.83  0.000e+00
      11919    142.000     8.7447     8.7689     0.0243    3.69531    3.69866          1     5.3675     5.5404       9.95     0.0339  6.479e-13  1.000e-12  1.543e+02    34.9803    34.9918     0.0115    27.1435    27.1487    140.634    140.845      0.652    1487.57    1487.67  0.000e+00
      11942    142.500     8.7515     8.7848     0.0332    3.69604    3.69908          1     5.3880     5.5441       9.95     0.0334  6.475e-13  1.000e-12  1.544e+02    34.9811    34.9802    -0.0009    27.1431    27.1371    141.129    141.341      0.396    1487.60    1487.72  0.000e+00
      12011    143.000     8.7558     8.7755     0.0198    3.69655    3.69897          1     5.3722     5.5378       9.95     0.0333  6.391e-13  1.000e-12  1.564e+02    34.9820    34.9880     0.0060    27.1431    27.1446    141.624    141.837      0.380    1487.63    1487.71  0.000e+00
      12030    143.500     8.7587     8.7581    -0.0006    3.69689    3.69725          1     5.3530     5.5346       9.95     0.0342  6.395e-13  1.000e-12  1.564e+02    34.9825    34.9869     0.0044    27.1430    27.1465    142.119    142.333      0.680    1487.65    1487.65  0.000e+00
      12046    144.000     8.7573     8.7573     0.0000    3.69679    3.69712          1     5.3570     5.5405       9.95     0.0340  6.395e-13  1.000e-12  1.564e+02    34.9826    34.9861     0.0035    27.1433    27.1461    142.614    142.829      0.720    1487.65    1487.65  0.000e+00
      12064    144.500     8.7514     8.7517     0.0003    3.69622    3.69666          1     5.3828     5.5420       9.95     0.0341  6.395e-13  1.000e-12  1.564e+02    34.9821    34.9865     0.0044    27.1439    27.1473    143.109    143.325      0.601    1487.64    1487.64  0.000e+00
      12091    145.000     8.7441     8.7529     0.0088    3.69540    3.69663          1     5.4026     5.5334       9.95     0.0343  6.395e-13  1.000e-12  1.564e+02    34.9805    34.9847     0.0043    27.1437    27.1457    143.604    143.820      0.368    1487.62    1487.65  0.000e+00
      12126    145.500     8.7331     8.7462     0.0130    3.69437    3.69626          1     5.3582     5.5280       9.95     0.0373  6.395e-13  1.000e-12  1.564e+02    34.9802    34.9873     0.0071    27.1453    27.1488    144.100    144.316      0.526    1487.58    1487.64  0.000e+00
      12143    146.000     8.7237     8.7273     0.0036    3.69335    3.69483          1     5.3504     5.5141       9.95     0.0344  6.395e-13  1.000e-12  1.564e+02    34.9786    34.9906     0.0121    27.1454    27.1543    144.595    144.812      0.805    1487.55    1487.58  0.000e+00
      12156    146.500     8.7254     8.7246    -0.0007    3.69364    3.69405          1     5.3695     5.5120       9.95     0.0342  6.387e-13  1.000e-12  1.566e+02    34.9797    34.9848     0.0051    27.1461    27.1502    145.090    145.308      0.908    1487.57    1487.57  0.000e+00
      12168    147.000     8.7149     8.7208     0.0059    3.69186    3.69405          1     5.3834     5.5148       9.95     0.0342  6.367e-13  1.000e-12  1.571e+02    34.9711    34.9883     0.0172    27.1410    27.1536    145.585    145.804      0.854    1487.53    1487.57  0.000e+00
      12185    147.500     8.6653     8.6952     0.0298    3.68705    3.69131          1     5.3903     5.5152       9.95     0.0342  6.338e-13  1.000e-12  1.578e+02    34.9689    34.9844     0.0155    27.1471    27.1546    146.080    146.299      0.580    1487.35    1487.48  0.000e+00
      12243    148.000     8.6647     8.6959     0.0312    3.68709    3.69126          1     5.3776     5.5230       9.95     0.0343  6.312e-13  1.000e-12  1.584e+02    34.9698    34.9830     0.0132    27.1479    27.1533    146.575    146.795      0.333    1487.36    1487.49  0.000e+00
      12273    148.500     8.6657     8.6650    -0.0007    3.68698    3.68821          1     5.3906     5.5211       9.95     0.0343  6.313e-13  1.000e-12  1.584e+02    34.9673    34.9811     0.0138    27.1458    27.1567    147.070    147.291      0.674    1487.37    1487.38  0.000e+00
      12287    149.000     8.6515     8.6633     0.0118    3.68556    3.68779          1     5.3861     5.5253       9.95     0.0343  6.313e-13  1.000e-12  1.584e+02    34.9662    34.9780     0.0118    27.1472    27.1546    147.565    147.787      0.758    1487.32    1487.38  0.000e+00
      12303    149.500     8.6462     8.6530     0.0068    3.68515    3.68675          1     5.3806     5.5229       9.95     0.0344  6.313e-13  1.000e-12  1.584e+02    34.9668    34.9770     0.0101    27.1485    27.1554    148.060    148.283      0.665    1487.31    1487.35  0.000e+00
      12328    150.000     8.6489     8.6540     0.0051    3.68555    3.68650          1     5.3692     5.5082       9.95     0.0348  6.309e-13  1.000e-12  1.585e+02    34.9681    34.9732     0.0051    27.1491    27.1523    148.555    148.778      0.383    1487.33    1487.35  0.000e+00
      12372    150.500     8.6580     8.6558    -0.0022    3.68680    3.68674          1     5.3475     5.4991       9.95     0.0347  6.244e-13  1.000e-12  1.602e+02    34.9722    34.9737     0.0015    27.1508    27.1524    149.050    149.274      0.303    1487.38    1487.37  0.000e+00
      12401    151.000     8.6893     8.6684    -0.0209    3.69080    3.68779          1     5.3522     5.4881       9.95     0.0343  6.233e-13  1.000e-12  1.604e+02    34.9832    34.9721    -0.0111    27.1545    27.1491    149.545    149.770      0.535    1487.51    1487.42  0.000e+00
      12421    151.500     8.7052     8.6890    -0.0161    3.69301    3.69016          1     5.3720     5.4726       9.95     0.0350  6.233e-13  1.000e-12  1.604e+02    34.9907    34.9765    -0.0142    27.1579    27.1493    150.040    150.266      0.669    1487.59    1487.51  0.000e+00
      12437    152.000     8.7101     8.7034    -0.0067    3.69380    3.69238          1     5.3688     5.4603       9.95     0.0350  6.233e-13  1.000e-12  1.604e+02    34.9938    34.9854    -0.0084    27.1596    27.1541    150.535    150.762      0.742    1487.62    1487.59  0.000e+00
      12453    152.500     8.7003     8.7003    -0.0000    3.69283    3.69296          1     5.3620     5.4620       9.96     0.0351  6.233e-13  1.000e-12  1.604e+02    34.9930    34.9944     0.0014    27.1605    27.1616    151.030    151.257      0.762    1487.59    1487.59  0.000e+00
      12469    153.000     8.6797     8.6859     0.0063    3.69070    3.69205          1     5.3568     5.4719       9.95     0.0351  6.233e-13  1.000e-12  1.604e+02    34.9907    34.9988     0.0082    27.1619    27.1673    151.525    151.753      0.692    1487.52    1487.55  0.000e+00
      12489    153.500     8.6562     8.6724     0.0161    3.68851    3.69061          1     5.3444     5.4777       9.95     0.0350  6.233e-13  1.000e-12  1.604e+02    34.9905    34.9967     0.0062    27.1655    27.1678    152.020    152.249      0.467    1487.44    1487.51  0.000e+00
      12535    154.000     8.6461     8.6708     0.0248    3.68759    3.69055          1     5.3303     5.4763       9.95     0.0347  6.233e-13  1.000e-12  1.604e+02    34.9906    34.9974     0.0068    27.1671    27.1686    152.515    152.745      0.268    1487.41    1487.51  0.000e+00
      12571    154.500     8.6213     8.6278     0.0065    3.68524    3.68722          1     5.3003     5.4749       9.95     0.0350  6.233e-13  1.000e-12  1.604e+02    34.9900    35.0045     0.0145    27.1706    27.1809    153.010    153.241      0.555    1487.33    1487.37  0.000e+00
      12588    155.000     8.6172     8.6216     0.0044    3.68505    3.68612          1     5.3125     5.4756       9.95     0.0354  6.233e-13  1.000e-12  1.604e+02    34.9919    34.9988     0.0069    27.1727    27.1774    153.504    153.736      0.697    1487.32    1487.35  0.000e+00
      12605    155.500     8.6234     8.6238     0.0004    3.68601    3.68624          1     5.3302     5.4706       9.95     0.0354  6.233e-13  1.000e-12  1.604e+02    34.9956    34.9976     0.0020    27.1747    27.1761    154.000    154.232      0.690    1487.36    1487.36  0.000e+00
      12624    156.000     8.6383     8.6290    -0.0093    3.68807    3.68688          1     5.3426     5.4636       9.95     0.0352  6.233e-13  1.000e-12  1.604e+02    35.0024    34.9990    -0.0034    27.1776    27.1764    154.495    154.728      0.562    1487.43    1487.39  0.000e+00
      12651    156.500     8.6676     8.6326    -0.0350    3.69156    3.68730          1     5.3429     5.4386       9.95     0.0354  6.233e-13  1.000e-12  1.604e+02    35.0100    34.9996    -0.0104    27.1789    27.1763    154.989    155.224      0.369    1487.56    1487.42  0.000e+00
      12688    157.000     8.6501     8.6429    -0.0071    3.69007    3.68854          1     5.3174     5.4218       9.95     0.0354  6.233e-13  1.000e-12  1.604e+02    35.0114    35.0023    -0.0091    27.1828    27.1768    155.484    155.720      0.359    1487.50    1487.47  0.000e+00
      12716    157.500     8.6175     8.6367     0.0192    3.68683    3.68908          1     5.2980     5.4291       9.95     0.0353  6.233e-13  1.000e-12  1.604e+02    35.0092    35.0140     0.0048    27.1862    27.1870    155.979    156.215      0.505    1487.39    1487.46  0.000e+00
      12737    158.000     8.6099     8.6318     0.0218    3.68661    3.68847          1     5.2884     5.4255       9.95     0.0359  6.233e-13  1.000e-12  1.604e+02    35.0142    35.0122    -0.0020    27.1913    27.1863    156.474    156.711      0.604    1487.37    1487.45  0.000e+00
      12756    158.500     8.6056     8.6198     0.0143    3.68642    3.68810          1     5.2753     5.4196       9.95     0.0354  6.233e-13  1.000e-12  1.604e+02    35.0161    35.0198     0.0037    27.1935    27.1941    156.969    157.207      0.644    1487.37    1487.43  0.000e+00
      12775    159.000     8.6081     8.6139     0.0058    3.68695    3.68754          1     5.2757     5.4153       9.95     0.0354  6.233e-13  1.000e-12  1.604e+02    35.0191    35.0196     0.0006    27.1954    27.1950    157.464    157.703      0.601    1487.39    1487.41  0.000e+00
      12798    159.500     8.6084     8.6139     0.0055    3.68707    3.68763          1     5.2969     5.4159       9.95     0.0355  6.233e-13  1.000e-12  1.604e+02    35.0197    35.0202     0.0005    27.1959    27.1954    157.959    158.199      0.447    1487.40    1487.42  0.000e+00
      12835    160.000     8.6106     8.6125     0.0020    3.68742    3.68762          1     5.3092     5.4142       9.95     0.0360  6.233e-13  1.000e-12  1.604e+02    35.0210    35.0212     0.0002    27.1966    27.1964    158.454    158.694      0.287    1487.42    1487.42  0.000e+00
      12871    160.500     8.6166     8.6117    -0.0049    3.68823    3.68780          1     5.2890     5.4121       9.95     0.0361  6.233e-13  1.000e-12  1.604e+02    35.0234    35.0237     0.0003    27.1975    27.1985    158.949    159.190      0.456    1487.45    1487.43  0.000e+00
      12894    161.000     8.6286     8.6163    -0.0124    3.68998    3.68827          1     5.2770     5.3995       9.95     0.0358  6.233e-13  1.000e-12  1.604e+02    35.0298    35.0239    -0.0059    27.2006    27.1979    159.444    159.686      0.597    1487.51    1487.46  0.000e+00
      12912    161.500     8.6512     8.6319    -0.0193    3.69276    3.68974          1     5.2849     5.3809       9.95     0.0357  6.233e-13  1.000e-12  1.604e+02    35.0365    35.0238    -0.0127    27.2023    27.1954    159.939    160.182      0.655    1487.61    1487.52  0.000e+00
      12930    162.000     8.6555     8.6413    -0.0141    3.69330    3.69138          1     5.2666     5.3714       9.95     0.0354  6.233e-13  1.000e-12  1.604e+02    35.0379    35.0316    -0.0062    27.2027    27.2001    160.434    160.677      0.636    1487.64    1487.58  0.000e+00
      12950    162.500     8.6520     8.6372    -0.0149    3.69304    3.69139          1     5.2358     5.3691       9.95     0.0366  6.233e-13  1.000e-12  1.604e+02    35.0383    35.0355    -0.0028    27.2036    27.2037    160.929    161.173      0.534    1487.63    1487.57  0.000e+00
      12978    163.000     8.6434     8.6408    -0.0026    3.69224    3.69163          1     5.2163     5.3709       9.95     0.0363  6.233e-13  1.000e-12  1.604e+02    35.0381    35.0342    -0.0039    27.2048    27.2022    161.424    161.669      0.373    1487.61    1487.60  0.000e+00
      13013    163.500     8.6319     8.6432     0.0113    3.69132    3.69219          1     5.1818     5.3693       9.95     0.0356  6.233e-13  1.000e-12  1.604e+02    35.0395    35.0375    -0.0020    27.2077    27.2044    161.919    162.165      0.414    1487.58    1487.62  0.000e+00
      13037    164.000     8.6317     8.6381     0.0065    3.69137    3.69208          1     5.2033     5.3642       9.95     0.0354  6.233e-13  1.000e-12  1.604e+02    35.0400    35.0411     0.0011    27.2082    27.2080    162.414    162.661      0.592    1487.58    1487.61  0.000e+00
      13055    164.500     8.6353     8.6354     0.0001    3.69188    3.69193          1     5.2360     5.3633       9.95     0.0354  6.233e-13  1.000e-12  1.604e+02    35.0417    35.0421     0.0004    27.2089    27.2092    162.909    163.156      0.675    1487.61    1487.61  0.000e+00
      13072    165.000     8.6374     8.6364    -0.0010    3.69211    3.69209          1     5.2475     5.3583       9.96     0.0354  6.237e-13  1.000e-12  1.603e+02    35.0417    35.0424     0.0007    27.2086    27.2093    163.404    163.652      0.637    1487.63    1487.62  0.000e+00
      13094    165.500     8.6388     8.6357    -0.0031    3.69229    3.69212          1     5.2259     5.3561       9.95     0.0354  6.266e-13  1.000e-12  1.596e+02    35.0419    35.0432     0.0013    27.2085    27.2100    163.899    164.148      0.457    1487.64    1487.63  0.000e+00
      13128    166.000     8.6449     8.6359    -0.0090    3.69307    3.69214          1     5.2259     5.3651       9.95     0.0355  6.311e-13  1.000e-12  1.584e+02    35.0440    35.0431    -0.0009    27.2092    27.2099    164.394    164.644      0.360    1487.67    1487.64  0.000e+00
      13157    166.500     8.6486     8.6399    -0.0085    3.69368    3.69260          1     5.2235     5.3567       9.95     0.0360  6.313e-13  1.000e-12  1.584e+02    35.0466    35.0436    -0.0029    27.2106    27.2097    164.889    165.139      0.514    1487.70    1487.66  0.000e+00
      13177    167.000     8.6388     8.6411     0.0023    3.69307    3.69302          1     5.2037     5.3461       9.95     0.0361  6.313e-13  1.000e-12  1.584e+02    35.0495    35.0468    -0.0028    27.2145    27.2120    165.384    165.635      0.589    1487.67    1487.68  0.000e+00
      13198    167.500     8.6353     8.6415     0.0062    3.69292    3.69319          1     5.1992     5.3423       9.95     0.0354  6.313e-13  1.000e-12  1.584e+02    35.0512    35.0479    -0.0033    27.2163    27.2128    165.879    166.131      0.511    1487.67    1487.69  0.000e+00
      13227    168.000     8.6325     8.6397     0.0072    3.69281    3.69328          1     5.2333     5.3524       9.95     0.0354  6.322e-13  1.000e-12  1.582e+02    35.0526    35.0503    -0.0022    27.2179    27.2150    166.374    166.627      0.382    1487.67    1487.69  0.000e+00
