ctdpy/tests/etc/CTD_SMHI/SBE09_0827_20180122_1216_26_01_0161.cnv
* Sea-Bird SBE 9 Data File:
* FileName = D:\CTD_SBE911\DAT\26DA.2018.1.61.hex
* Software Version Seasave V 7.21d
* Temperature SN = 034757
* Conductivity SN = 041844
* Number of Bytes Per Scan = 48
* Number of Voltage Words = 5
* Number of Scans Averaged by the Deck Unit = 1
* NMEA Latitude = 58 31.45 N
* NMEA Longitude = 010 48.58 E
* NMEA UTC (Time) = Jan 22 2018  12:16:40
* NMEA baud rate = 4800
** Ship: DANA
** Average sound velocity: 1475.91 m/s
** True-depth calculation Wed, 24 Jan 2018 11:48:04 +0000
** CTD Python Module SMHI /ver 3-12/ feb 2012 
** LIMS Job: 20182601-0161
** 5W Vaderoarna
** Operator: Ronny Sørensen
** Cruise: 01/2018
# nquan = 26
# nvalues = 204                         
# units = specified
# name 0 = scan: Scan Count
# name 1 = prDM: Pressure, Digiquartz [db]
# name 2 = t090C: Temperature [ITS-90, deg C]
# name 3 = t190C: Temperature, 2 [ITS-90, deg C]
# name 4 = T2-T190C: Temperature Difference, 2 - 1 [ITS-90, deg C]
# name 5 = c0S/m: Conductivity [S/m]
# name 6 = c1S/m: Conductivity, 2 [S/m]
# name 7 = pumps: Pump Status
# name 8 = sbeox1ML/L: Oxygen, SBE 43, 2 [ml/l]
# name 9 = sbeox0ML/L: Oxygen, SBE 43 [ml/l]
# name 10 = altM: Altimeter [m]
# name 11 = chloroflTC0: Chlorophyll, Turner Cyclops [ug/l]
# name 12 = cpar: CPAR/Corrected Irradiance [%]
# name 13 = par: PAR/Irradiance, Biospherical/Licor
# name 14 = spar: SPAR/Surface Irradiance
# name 15 = sal00: Salinity, Practical [PSU]
# name 16 = sal11: Salinity, Practical, 2 [PSU]
# name 17 = secS-priS: Salinity, Practical, Difference, 2 - 1 [PSU]
# name 18 = sigma-t00: Density [sigma-t, kg/m^3 ]
# name 19 = sigma-t11: Density, 2 [sigma-t, kg/m^3 ]
# name 20 = depSM: Depth [salt water, m], lat = 58.5242
# name 21 = depFM: Depth [true depth, m], lat = 58.5242
# name 22 = dz/dtM: Descent Rate [m/s], WS = 2
# name 23 = svCM: Sound Velocity [Chen-Millero, m/s]
# name 24 = svCM1: Sound Velocity, 2 [Chen-Millero, m/s]
# name 25 = flag: flag
# span 0 =        245,      10284       
# span 1 =      2.000,    103.500       
# span 2 =     4.8220,     7.2708       
# span 3 =     4.8193,     7.2705       
# span 4 =    -0.0107,     0.0815       
# span 5 =   3.021741,   3.494500       
# span 6 =   3.020799,   3.494652       
# span 7 =          1,          1       
# span 8 =     5.8962,     6.5405       
# span 9 =     6.0885,     6.7321       
# span 10 =       2.87,       9.99      
# span 11 =     0.0208,     0.0427      
# span 12 = 1.6863e-13, 3.3087e+00      
# span 13 = 1.0000e-12, 1.7178e+01      
# span 14 = 4.9235e+02, 5.9300e+02      
# span 15 =    31.4352,    34.3064      
# span 16 =    31.4270,    34.3084      
# span 17 =    -0.1311,     0.1462      
# span 18 =    24.8690,    26.8347      
# span 19 =    24.8628,    26.8363      
# span 20 =      1.981,    102.511      
# span 21 =      1.988,    102.699      
# span 22 =      0.163,      0.499      
# span 23 =    1465.49,    1480.48      
# span 24 =    1465.47,    1480.49      
# span 25 = 0.0000e+00, 0.0000e+00      
# interval = decibars: 0.5              
# start_time = Jan 22 2018 12:16:40 [NMEA time, first data scan]
# bad_flag = -9.990e-29
*END*
        245      2.000     4.8220     4.8193    -0.0028    3.02174    3.02080          1     6.4745     6.7260       9.99     0.0248  3.309e+00  1.718e+01  5.215e+02    31.4352    31.4270    -0.0082    24.8690    24.8628      1.981      1.988      0.163    1465.49    1465.47  0.000e+00
        520      2.500     4.8289     4.8281    -0.0008    3.02444    3.02375          1     6.4696     6.7300       9.98     0.0236  2.523e+00  1.488e+01  5.885e+02    31.4595    31.4522    -0.0072    24.8876    24.8819      2.477      2.485      0.324    1465.56    1465.55  0.000e+00
        553      3.000     4.8304     4.8301    -0.0003    3.02504    3.02493          1     6.4993     6.7289       9.98     0.0223  2.172e+00  1.284e+01  5.913e+02    31.4647    31.4637    -0.0010    24.8915    24.8908      2.972      2.981      0.270    1465.58    1465.58  0.000e+00
        601      3.500     4.8313     4.8312    -0.0001    3.02542    3.02538          1     6.5405     6.7255       9.97     0.0231  1.830e+00  1.085e+01  5.930e+02    31.4680    31.4677    -0.0003    24.8941    24.8938      3.467      3.478      0.356    1465.60    1465.60  0.000e+00
        644      4.000     4.8312     4.8308    -0.0004    3.02556    3.02584          1     6.5229     6.7321       9.97     0.0208  1.603e+00  9.498e+00  5.924e+02    31.4694    31.4730     0.0035    24.8952    24.8980      3.963      3.975      0.237    1465.61    1465.61  0.000e+00
        696      4.500     4.8307     4.8298    -0.0008    3.02551    3.02556          1     6.5307     6.7257       9.97     0.0211  1.378e+00  8.113e+00  5.888e+02    31.4691    31.4704     0.0014    24.8950    24.8961      4.458      4.472      0.218    1465.61    1465.61  0.000e+00
        756      5.000     4.8475     4.8434    -0.0041    3.03105    3.02840          1     6.4939     6.7272       9.96     0.0222  1.197e+00  6.951e+00  5.807e+02    31.5165    31.4900    -0.0265    24.9308    24.9102      4.953      4.969      0.310    1465.75    1465.70  0.000e+00
        792      5.500     4.8885     4.8785    -0.0101    3.04499    3.03949          1     6.4793     6.7087       9.96     0.0274  1.070e+00  6.126e+00  5.725e+02    31.6375    31.5839    -0.0536    25.0223    24.9809      5.449      5.466      0.261    1466.08    1465.97  0.000e+00
        871      6.000     4.8893     4.8861    -0.0031    3.04549    3.04318          1     6.4514     6.7083       9.96     0.0266  9.525e-01  5.266e+00  5.526e+02    31.6423    31.6188    -0.0236    25.0261    25.0077      5.944      5.963      0.299    1466.10    1466.06  0.000e+00
        903      6.500     4.9081     4.9100     0.0020    3.05275    3.04983          1     6.4338     6.6939       9.96     0.0214  8.232e-01  4.543e+00  5.520e+02    31.7075    31.6722    -0.0354    25.0757    25.0475      6.439      6.460      0.467    1466.27    1466.23  0.000e+00
        947      7.000     4.9236     4.9188    -0.0048    3.05770    3.05535          1     6.4139     6.6928       9.96     0.0213  7.126e-01  4.005e+00  5.625e+02    31.7493    31.7269    -0.0224    25.1072    25.0899      6.935      6.956      0.298    1466.39    1466.34  0.000e+00
       1011      7.500     4.9764     4.9656    -0.0107    3.07758    3.06525          1     6.3791     6.6771       9.96     0.0220  6.049e-01  3.472e+00  5.739e+02    31.9266    31.7955    -0.1311    25.2419    25.1392      7.430      7.453      0.423    1466.84    1466.63  0.000e+00
       1034      8.000     5.0102     5.0539     0.0437    3.08643    3.09157          1     6.3626     6.6593       9.96     0.0220  5.310e-01  3.054e+00  5.753e+02    31.9955    32.0123     0.0168    25.2929    25.3014      7.925      7.950      0.441    1467.08    1467.28  0.000e+00
       1101      8.500     5.0574     5.1319     0.0746    3.10466    3.12370          1     6.3571     6.6225       9.96     0.0227  4.677e-01  2.686e+00  5.743e+02    32.1586    32.3048     0.1462    25.4168    25.5244      8.421      8.447      0.298    1467.49    1467.97  0.000e+00
       1154      9.000     5.1397     5.2008     0.0611    3.13264    3.14021          1     6.3349     6.5897       9.95     0.0235  4.123e-01  2.367e+00  5.741e+02    32.3992    32.4265     0.0273    25.5983    25.6131      8.916      8.943      0.499    1468.14    1468.42  0.000e+00
       1178      9.500     5.1870     5.2685     0.0815    3.14636    3.16380          1     6.3328     6.5718       9.95     0.0245  3.631e-01  2.092e+00  5.762e+02    32.5100    32.6300     0.1200    25.6807    25.7665      9.411      9.440      0.376    1468.48    1468.96  0.000e+00
       1266     10.000     5.2734     5.2913     0.0178    3.17345    3.17596          1     6.3373     6.5480       9.95     0.0255  3.229e-01  1.849e+00  5.725e+02    32.7351    32.7463     0.0112    25.8491    25.8560      9.907      9.936      0.339    1469.12    1469.21  0.000e+00
       1287     10.500     5.2966     5.3060     0.0095    3.17873    3.17819          1     6.3125     6.5481       9.95     0.0254  2.772e-01  1.591e+00  5.740e+02    32.7724    32.7570    -0.0154    25.8761    25.8628     10.402     10.433      0.498    1469.27    1469.29  0.000e+00
       1323     11.000     5.3167     5.3284     0.0117    3.18406    3.18477          1     6.3202     6.5528       9.95     0.0256  2.361e-01  1.357e+00  5.744e+02    32.8133    32.8100    -0.0033    25.9062    25.9022     10.897     10.929      0.308    1469.41    1469.46  0.000e+00
       1401     11.500     5.3398     5.3405     0.0007    3.19052    3.18939          1     6.2813     6.5497       9.96     0.0266  2.052e-01  1.173e+00  5.714e+02    32.8641    32.8504    -0.0137    25.9437    25.9328     11.393     11.425      0.330    1469.58    1469.57  0.000e+00
       1436     12.000     5.3456     5.3484     0.0027    3.19168    3.19136          1     6.3012     6.5420       9.96     0.0264  1.716e-01  9.761e-01  5.688e+02    32.8713    32.8651    -0.0063    25.9487    25.9434     11.888     11.922      0.272    1469.62    1469.63  0.000e+00
       1495     12.500     5.3483     5.3527     0.0044    3.19233    3.19261          1     6.2734     6.5404       9.96     0.0260  1.456e-01  8.185e-01  5.620e+02    32.8759    32.8748    -0.0011    25.9521    25.9507     12.383     12.418      0.276    1469.65    1469.66  0.000e+00
       1529     13.000     5.3573     5.3627     0.0053    3.19414    3.19396          1     6.3095     6.5324       9.96     0.0259  1.249e-01  6.985e-01  5.593e+02    32.8874    32.8801    -0.0073    25.9601    25.9537     12.879     12.915      0.401    1469.71    1469.72  0.000e+00
       1565     13.500     5.3740     5.3879     0.0139    3.19756    3.19862          1     6.3293     6.5271       9.96     0.0268  1.032e-01  5.745e-01  5.564e+02    32.9098    32.9082    -0.0017    25.9759    25.9730     13.374     13.411      0.256    1469.81    1469.86  0.000e+00
       1631     14.000     5.4482     5.4552     0.0071    3.21139    3.20830          1     6.3151     6.5249       9.96     0.0259  8.428e-02  4.645e-01  5.512e+02    32.9942    32.9520    -0.0422    26.0340    25.9998     13.869     13.907      0.309    1470.23    1470.20  0.000e+00
       1665     14.500     5.5595     5.5783     0.0188    3.23061    3.22921          1     6.3319     6.4977       9.96     0.0254  6.913e-02  3.800e-01  5.496e+02    33.1028    33.0684    -0.0344    26.1069    26.0775     14.364     14.404      0.275    1470.82    1470.85  0.000e+00
       1738     15.000     5.5995     5.6061     0.0066    3.23759    3.23707          1     6.2459     6.4800       9.96     0.0266  5.632e-02  3.054e-01  5.421e+02    33.1424    33.1300    -0.0124    26.1335    26.1229     14.860     14.900      0.255    1471.04    1471.05  0.000e+00
       1779     15.500     5.6109     5.6132     0.0023    3.23942    3.23885          1     6.2251     6.4711       9.96     0.0267  4.358e-02  2.372e-01  5.445e+02    33.1516    33.1429    -0.0088    26.1394    26.1322     15.355     15.396      0.349    1471.11    1471.10  0.000e+00
       1818     16.000     5.6122     5.6178     0.0056    3.23979    3.23980          1     6.2663     6.4770       9.96     0.0262  3.393e-02  1.852e-01  5.458e+02    33.1543    33.1488    -0.0054    26.1413    26.1364     15.850     15.893      0.251    1471.12    1471.14  0.000e+00
       1879     16.500     5.6449     5.6524     0.0077    3.24491    3.24497          1     6.2706     6.4759       9.96     0.0269  2.473e-02  1.346e-01  5.443e+02    33.1799    33.1732    -0.0066    26.1577    26.1516     16.346     16.389      0.253    1471.29    1471.32  0.000e+00
       1917     17.000     5.6556     5.6576     0.0020    3.24649    3.24610          1     6.2532     6.4613       9.96     0.0267  1.710e-02  9.308e-02  5.443e+02    33.1870    33.1806    -0.0064    26.1620    26.1567     16.841     16.885      0.316    1471.35    1471.35  0.000e+00
       1973     17.500     5.6584     5.6594     0.0011    3.24682    3.24655          1     6.2767     6.4638       9.96     0.0273  1.060e-02  5.746e-02  5.417e+02    33.1877    33.1835    -0.0041    26.1622    26.1589     17.336     17.381      0.210    1471.37    1471.37  0.000e+00
       2028     18.000     5.6618     5.6632     0.0014    3.24742    3.24709          1     6.2904     6.4663       9.96     0.0275  3.880e-03  2.102e-02  5.419e+02    33.1909    33.1858    -0.0051    26.1644    26.1602     17.832     17.878      0.322    1471.40    1471.40  0.000e+00
       2064     18.500     5.6762     5.6809     0.0046    3.25034    3.24985          1     6.2546     6.4617       9.96     0.0269  2.745e-04  1.486e-03  5.388e+02    33.2095    33.1993    -0.0102    26.1774    26.1688     18.327     18.374      0.289    1471.49    1471.50  0.000e+00
       2122     19.000     5.6969     5.6993     0.0024    3.25448    3.25440          1     6.2758     6.4831       9.96     0.0267  6.689e-06  3.618e-05  5.298e+02    33.2357    33.2324    -0.0033    26.1956    26.1928     18.822     18.870      0.240    1471.62    1471.62  0.000e+00
       2164     19.500     5.7002     5.7009     0.0007    3.25522    3.25503          1     6.2515     6.4681       9.96     0.0269  1.890e-13  1.000e-12  5.291e+02    33.2406    33.2378    -0.0028    26.1991    26.1968     19.318     19.366      0.334    1471.64    1471.64  0.000e+00
       2203     20.000     5.7004     5.7005     0.0001    3.25538    3.25524          1     6.2657     6.4716       9.96     0.0267  1.873e-13  1.000e-12  5.339e+02    33.2419    33.2402    -0.0017    26.2001    26.1988     19.813     19.863      0.239    1471.65    1471.65  0.000e+00
       2272     20.500     5.7027     5.7030     0.0002    3.25710    3.25695          1     6.2250     6.4596       9.96     0.0267  1.834e-13  1.000e-12  5.451e+02    33.2589    33.2569    -0.0020    26.2132    26.2117     20.308     20.359      0.258    1471.69    1471.69  0.000e+00
       2309     21.000     5.7183     5.7245     0.0063    3.26101    3.26067          1     6.2488     6.4675       9.96     0.0256  1.824e-13  1.000e-12  5.481e+02    33.2875    33.2775    -0.0100    26.2340    26.2253     20.803     20.855      0.318    1471.80    1471.81  0.000e+00
       2366     21.500     5.7653     5.7726     0.0073    3.26938    3.26928          1     6.2694     6.4637       9.96     0.0255  1.819e-13  1.000e-12  5.496e+02    33.3353    33.3270    -0.0083    26.2661    26.2587     21.299     21.351      0.216    1472.06    1472.08  0.000e+00
       2418     22.000     5.8108     5.8145     0.0037    3.27702    3.27613          1     6.2539     6.4534       9.96     0.0254  1.817e-13  1.000e-12  5.504e+02    33.3764    33.3627    -0.0137    26.2931    26.2818     21.794     21.848      0.330    1472.30    1472.30  0.000e+00
       2453     22.500     5.8264     5.8306     0.0043    3.27971    3.27950          1     6.2682     6.4450       9.96     0.0260  1.817e-13  1.000e-12  5.504e+02    33.3912    33.3846    -0.0066    26.3028    26.2971     22.289     22.344      0.298    1472.39    1472.40  0.000e+00
       2506     23.000     5.8390     5.8418     0.0028    3.28247    3.28232          1     6.2545     6.4481       9.96     0.0262  1.817e-13  1.000e-12  5.504e+02    33.4097    33.4051    -0.0045    26.3159    26.3120     22.785     22.840      0.217    1472.47    1472.48  0.000e+00
       2554     23.500     5.8707     5.8753     0.0046    3.28846    3.28750          1     6.2462     6.4325       9.96     0.0262  1.822e-13  1.000e-12  5.489e+02    33.4456    33.4303    -0.0154    26.3404    26.3277     23.280     23.336      0.279    1472.65    1472.65  0.000e+00
       2604     24.000     5.9233     5.9308     0.0075    3.29722    3.29692          1     6.2309     6.4285       9.96     0.0250  1.820e-13  1.000e-12  5.494e+02    33.4920    33.4812    -0.0108    26.3706    26.3612     23.775     23.833      0.209    1472.93    1472.94  0.000e+00
       2659     24.500     5.9500     5.9515     0.0014    3.30169    3.30122          1     6.2192     6.4188       9.96     0.0261  1.819e-13  1.000e-12  5.496e+02    33.5156    33.5088    -0.0067    26.3859    26.3804     24.270     24.329      0.257    1473.07    1473.07  0.000e+00
       2704     25.000     5.9612     5.9644     0.0032    3.30381    3.30345          1     6.2403     6.4153       9.96     0.0275  1.822e-13  1.000e-12  5.487e+02    33.5281    33.5209    -0.0072    26.3944    26.3883     24.766     24.825      0.254    1473.14    1473.14  0.000e+00
       2753     25.500     5.9959     6.0018     0.0058    3.30879    3.30792          1     6.2341     6.4103       9.96     0.0271  1.818e-13  1.000e-12  5.501e+02    33.5495    33.5339    -0.0156    26.4070    26.3939     25.261     25.321      0.244    1473.31    1473.32  0.000e+00
       2800     26.000     6.0433     6.0503     0.0070    3.31579    3.31553          1     6.2012     6.3970       9.96     0.0270  1.828e-13  1.000e-12  5.471e+02    33.5809    33.5711    -0.0097    26.4259    26.4173     25.756     25.817      0.268    1473.55    1473.56  0.000e+00
       2843     26.500     6.0530     6.0562     0.0032    3.31818    3.31782          1     6.2061     6.3951       9.96     0.0292  1.831e-13  1.000e-12  5.463e+02    33.5979    33.5907    -0.0072    26.4381    26.4321     26.252     26.313      0.278    1473.62    1473.62  0.000e+00
       2894     27.000     6.0520     6.0504    -0.0016    3.31970    3.31944          1     6.2080     6.3808       9.96     0.0281  1.838e-13  1.000e-12  5.441e+02    33.6157    33.6144    -0.0013    26.4523    26.4515     26.747     26.810      0.203    1473.64    1473.64  0.000e+00
       2952     27.500     6.0366     6.0352    -0.0014    3.31897    3.31888          1     6.1877     6.4001       9.96     0.0281  1.862e-13  1.000e-12  5.370e+02    33.6225    33.6229     0.0003    26.4596    26.4601     27.242     27.306      0.265    1473.60    1473.59  0.000e+00
       2999     28.000     6.0247     6.0240    -0.0007    3.31895    3.31900          1     6.2199     6.3988       9.96     0.0279  1.900e-13  1.000e-12  5.264e+02    33.6338    33.6352     0.0014    26.4700    26.4712     27.737     27.802      0.209    1473.58    1473.58  0.000e+00
       3061     28.500     6.0518     6.0636     0.0118    3.32438    3.32480          1     6.2140     6.3883       9.96     0.0269  1.930e-13  1.000e-12  5.180e+02    33.6677    33.6607    -0.0070    26.4934    26.4864     28.233     28.298      0.292    1473.73    1473.77  0.000e+00
       3094     29.000     6.0674     6.0669    -0.0005    3.32823    3.32834          1     6.2155     6.3921       9.96     0.0269  1.938e-13  1.000e-12  5.160e+02    33.6952    33.6969     0.0017    26.5131    26.5145     28.728     28.794      0.349    1473.84    1473.84  0.000e+00
