ctdpy/tests/etc/CTD_SMHI/SBE09_0827_20180122_0612_26_01_0156.cnv
* Sea-Bird SBE 9 Data File:
* FileName = D:\CTD_SBE911\DAT\26DA.2018.1.56.hex
* Software Version Seasave V 7.21d
* Temperature SN = 034757
* Conductivity SN = 041844
* Number of Bytes Per Scan = 48
* Number of Voltage Words = 5
* Number of Scans Averaged by the Deck Unit = 1
* NMEA Latitude = 58 41.41 N
* NMEA Longitude = 010 48.52 E
* NMEA UTC (Time) = Jan 22 2018  06:12:17
* NMEA baud rate = 4800
** Ship: DANA
** Average sound velocity: 1472.26 m/s
** True-depth calculation Wed, 24 Jan 2018 11:46:13 +0000
** CTD Python Module SMHI /ver 3-12/ feb 2012 
** LIMS Job: 20182601-0156
** Persgrund
** Operator: Ronny Sørensen
** Cruise: 01/2018
# nquan = 26
# nvalues = 190                         
# units = specified
# name 0 = scan: Scan Count
# name 1 = prDM: Pressure, Digiquartz [db]
# name 2 = t090C: Temperature [ITS-90, deg C]
# name 3 = t190C: Temperature, 2 [ITS-90, deg C]
# name 4 = T2-T190C: Temperature Difference, 2 - 1 [ITS-90, deg C]
# name 5 = c0S/m: Conductivity [S/m]
# name 6 = c1S/m: Conductivity, 2 [S/m]
# name 7 = pumps: Pump Status
# name 8 = sbeox1ML/L: Oxygen, SBE 43, 2 [ml/l]
# name 9 = sbeox0ML/L: Oxygen, SBE 43 [ml/l]
# name 10 = altM: Altimeter [m]
# name 11 = chloroflTC0: Chlorophyll, Turner Cyclops [ug/l]
# name 12 = cpar: CPAR/Corrected Irradiance [%]
# name 13 = par: PAR/Irradiance, Biospherical/Licor
# name 14 = spar: SPAR/Surface Irradiance
# name 15 = sal00: Salinity, Practical [PSU]
# name 16 = sal11: Salinity, Practical, 2 [PSU]
# name 17 = secS-priS: Salinity, Practical, Difference, 2 - 1 [PSU]
# name 18 = sigma-t00: Density [sigma-t, kg/m^3 ]
# name 19 = sigma-t11: Density, 2 [sigma-t, kg/m^3 ]
# name 20 = depSM: Depth [salt water, m], lat = 58.6902
# name 21 = depFM: Depth [true depth, m], lat = 58.6902
# name 22 = dz/dtM: Descent Rate [m/s], WS = 2
# name 23 = svCM: Sound Velocity [Chen-Millero, m/s]
# name 24 = svCM1: Sound Velocity, 2 [Chen-Millero, m/s]
# name 25 = flag: flag
# span 0 =        187,      10316       
# span 1 =      1.000,     95.500       
# span 2 =     3.3377,     7.3475       
# span 3 =     3.3906,     7.3435       
# span 4 =    -0.1775,     0.1879       
# span 5 =   2.192146,   3.484191       
# span 6 =   2.205310,   3.484036       
# span 7 =          1,          1       
# span 8 =     5.8672,     7.1880       
# span 9 =     6.7234,     7.7530       
# span 10 =       3.74,       9.96      
# span 11 =     0.0171,     0.0380      
# span 12 = -1.388e+03, 9.9881e+04      
# span 13 = 1.0000e-12, 1.0000e-12      
# span 14 = 2.4065e-03, 2.0590e+00      
# span 15 =    23.1160,    34.1391      
# span 16 =    23.2292,    34.1431      
# span 17 =    -0.5597,     0.3586      
# span 18 =    18.3919,    26.7009      
# span 19 =    18.4785,    26.7017      
# span 20 =      0.991,     94.588      
# span 21 =      1.000,     94.847      
# span 22 =      0.039,      0.301      
# span 23 =    1448.51,    1480.35      
# span 24 =    1448.89,    1480.36      
# span 25 = 0.0000e+00, 0.0000e+00      
# interval = decibars: 0.5              
# start_time = Jan 22 2018 06:12:17 [NMEA time, first data scan]
# bad_flag = -9.990e-29
*END*
[from data line 56]
       3546     29.000     5.6925     5.6878    -0.0047    3.25260    3.25040          1     6.2940     7.5787       9.96     0.0336  5.938e+02  1.000e-12  2.019e+00    33.2137    33.1935    -0.0203    26.1788    26.1633     28.728     28.863      0.210    1471.73    1471.69  0.000e+00
       3598     29.500     5.7048     5.6997    -0.0051    3.25465    3.25271          1     6.3195     7.5974       9.96     0.0338  4.924e-11  1.000e-12  2.031e+00    33.2245    33.2076    -0.0169    26.1858    26.1731     29.223     29.359      0.236    1471.81    1471.76  0.000e+00
       3652     30.000     5.7106     5.7084    -0.0021    3.25553    3.25446          1     6.3129     7.6033       9.96     0.0339  4.939e-11  1.000e-12  2.031e+00    33.2285    33.2185    -0.0100    26.1883    26.1807     29.718     29.855      0.211    1471.84    1471.82  0.000e+00
       3708     30.500     5.7142     5.7115    -0.0027    3.25625    3.25526          1     6.2930     7.6114       9.96     0.0339  2.705e+04  1.000e-12  1.482e+00    33.2328    33.2243    -0.0085    26.1912    26.1848     30.213     30.352      0.230    1471.87    1471.85  0.000e+00
       3758     31.000     5.7239     5.7204    -0.0035    3.25855    3.25697          1     6.3261     7.6064       9.96     0.0341  1.339e+02  1.000e-12  2.028e+00    33.2491    33.2347    -0.0144    26.2029    26.1920     30.709     30.848      0.244    1471.94    1471.90  0.000e+00
       3809     31.500     5.7332     5.7306    -0.0026    3.26066    3.25950          1     6.2985     7.6227       9.96     0.0343  4.875e-11  1.000e-12  2.031e+00    33.2634    33.2529    -0.0105    26.2132    26.2052     31.204     31.344      0.216    1472.00    1471.98  0.000e+00
       3866     32.000     5.7379     5.7355    -0.0023    3.26185    3.26089          1     6.2725     7.6215       9.96     0.0342  4.924e-11  1.000e-12  2.031e+00    33.2721    33.2636    -0.0085    26.2195    26.2130     31.699     31.840      0.245    1472.04    1472.02  0.000e+00
       3907     32.500     5.7467     5.7437    -0.0030    3.26391    3.26268          1     6.2721     7.6183       9.96     0.0342  4.924e-11  1.000e-12  2.031e+00    33.2864    33.2755    -0.0110    26.2297    26.2214     32.194     32.337      0.286    1472.10    1472.07  0.000e+00
       3962     33.000     5.7517     5.7496    -0.0021    3.26533    3.26445          1     6.2951     7.6103       9.96     0.0344  4.924e-11  1.000e-12  2.031e+00    33.2973    33.2894    -0.0079    26.2377    26.2317     32.690     32.833      0.197    1472.14    1472.12  0.000e+00
       4018     33.500     5.7668     5.7610    -0.0059    3.26866    3.26673          1     6.2913     7.6325       9.95     0.0351  4.924e-11  1.000e-12  2.031e+00    33.3198    33.3037    -0.0161    26.2536    26.2416     33.185     33.329      0.286    1472.24    1472.20  0.000e+00
       4059     34.000     5.7993     5.7899    -0.0093    3.27439    3.27141          1     6.2910     7.6278       9.96     0.0354  4.924e-11  1.000e-12  2.031e+00    33.3521    33.3277    -0.0244    26.2752    26.2571     33.680     33.825      0.257    1472.42    1472.35  0.000e+00
       4116     34.500     5.8174     5.8153    -0.0021    3.27746    3.27654          1     6.2912     7.6155       9.95     0.0358  4.924e-11  1.000e-12  2.031e+00    33.3687    33.3604    -0.0084    26.2862    26.2798     34.175     34.322      0.217    1472.52    1472.50  0.000e+00
       4164     35.000     5.8183     5.8170    -0.0013    3.27769    3.27721          1     6.2576     7.6357       9.96     0.0364  4.924e-11  1.000e-12  2.031e+00    33.3701    33.3659    -0.0041    26.2871    26.2840     34.671     34.818      0.275    1472.53    1472.52  0.000e+00
       4212     35.500     5.8182     5.8174    -0.0008    3.27772    3.27743          1     6.2645     7.6126       9.96     0.0359  4.924e-11  1.000e-12  2.031e+00    33.3704    33.3678    -0.0026    26.2874    26.2855     35.166     35.314      0.221    1472.54    1472.54  0.000e+00
       4268     36.000     5.8211     5.8188    -0.0023    3.27832    3.27772          1     6.2766     7.6365       9.96     0.0360  4.924e-11  1.000e-12  2.031e+00    33.3739    33.3694    -0.0046    26.2898    26.2865     35.661     35.810      0.233    1472.57    1472.55  0.000e+00
       4315     36.500     5.8339     5.8299    -0.0040    3.28041    3.27933          1     6.2739     7.6432       9.96     0.0356  4.924e-11  1.000e-12  2.031e+00    33.3846    33.3764    -0.0082    26.2967    26.2907     36.157     36.306      0.268    1472.64    1472.61  0.000e+00
       4359     37.000     5.8654     5.8569    -0.0085    3.28550    3.28308          1     6.2682     7.6460       9.96     0.0357  4.924e-11  1.000e-12  2.031e+00    33.4107    33.3918    -0.0189    26.3135    26.2996     36.652     36.803      0.259    1472.80    1472.75  0.000e+00
       4412     37.500     5.8946     5.8877    -0.0070    3.28955    3.28788          1     6.2765     7.6309       9.96     0.0355  4.924e-11  1.000e-12  2.031e+00    33.4271    33.4152    -0.0120    26.3229    26.3143     37.147     37.299      0.216    1472.95    1472.91  0.000e+00
       4461     38.000     5.9646     5.9396    -0.0250    3.29904    3.29314          1     6.2460     7.6196       9.96     0.0354  4.924e-11  1.000e-12  2.031e+00    33.4645    33.4229    -0.0416    26.3437    26.3140     37.642     37.795      0.279    1473.29    1473.13  0.000e+00
       4507     38.500     6.0254     6.0170    -0.0084    3.30664    3.30407          1     6.2244     7.5861       9.96     0.0354  4.924e-11  1.000e-12  2.031e+00    33.4896    33.4691    -0.0205    26.3560    26.3409     38.137     38.291      0.236    1473.57    1473.51  0.000e+00
       4559     39.000     6.0434     6.0392    -0.0042    3.30883    3.30724          1     6.2332     7.5871       9.96     0.0355  4.924e-11  1.000e-12  2.031e+00    33.4961    33.4825    -0.0136    26.3589    26.3487     38.633     38.787      0.236    1473.66    1473.62  0.000e+00
       4608     39.500     6.0525     6.0491    -0.0035    3.30990    3.30886          1     6.2054     7.6057       9.96     0.0354  4.924e-11  1.000e-12  2.031e+00    33.4988    33.4906    -0.0082    26.3599    26.3538     39.128     39.284      0.256    1473.70    1473.68  0.000e+00
       4655     40.000     6.0597     6.0600     0.0003    3.31079    3.31017          1     6.1835     7.6110       9.96     0.0355  4.924e-11  1.000e-12  2.031e+00    33.5015    33.4944    -0.0071    26.3612    26.3555     39.623     39.780      0.247    1473.74    1473.74  0.000e+00
       4706     40.500     6.0815     6.0679    -0.0136    3.31334    3.31093          1     6.1970     7.6040       9.96     0.0354  4.924e-11  1.000e-12  2.031e+00    33.5084    33.4948    -0.0136    26.3638    26.3548     40.118     40.276      0.237    1473.85    1473.78  0.000e+00
       4752     41.000     6.1126     6.1070    -0.0056    3.31682    3.31529          1     6.1978     7.5833       9.96     0.0359  4.924e-11  1.000e-12  2.031e+00    33.5164    33.5048    -0.0116    26.3663    26.3578     40.614     40.772      0.274    1473.99    1473.95  0.000e+00
       4799     41.500     6.1153     6.1112    -0.0041    3.31716    3.31616          1     6.1870     7.5999       9.96     0.0355  4.924e-11  1.000e-12  2.031e+00    33.5173    33.5101    -0.0072    26.3666    26.3615     41.109     41.268      0.233    1474.01    1473.98  0.000e+00
       4853     42.000     6.1377     6.1224    -0.0153    3.31995    3.31737          1     6.1918     7.6046       9.96     0.0363  4.924e-11  1.000e-12  2.031e+00    33.5261    33.5123    -0.0138    26.3707    26.3618     41.604     41.765      0.233    1474.12    1474.04  0.000e+00
       4899     42.500     6.1638     6.1557    -0.0082    3.32294    3.32113          1     6.1861     7.5995       9.95     0.0361  4.924e-11  1.000e-12  2.031e+00    33.5335    33.5213    -0.0122    26.3733    26.3647     42.099     42.261      0.286    1474.24    1474.19  0.000e+00
       4944     43.000     6.1775     6.1691    -0.0084    3.32507    3.32322          1     6.1784     7.6064       9.96     0.0357  4.924e-11  1.000e-12  2.031e+00    33.5436    33.5313    -0.0123    26.3796    26.3709     42.595     42.757      0.230    1474.31    1474.26  0.000e+00
       4997     43.500     6.1734     6.1745     0.0011    3.32472    3.32456          1     6.1733     7.6139       9.96     0.0361  4.000e-03  1.000e-12  2.031e+00    33.5435    33.5406    -0.0029    26.3800    26.3776     43.090     43.253      0.260    1474.31    1474.31  0.000e+00
       5038     44.000     6.1469     6.1574     0.0105    3.32280    3.32363          1     6.1749     7.6211       9.96     0.0363  2.506e+03  1.000e-12  1.980e+00    33.5480    33.5469    -0.0011    26.3869    26.3847     43.585     43.749      0.296    1474.21    1474.25  0.000e+00
       5086     44.500     6.1296     6.1304     0.0009    3.32171    3.32177          1     6.1832     7.6216       9.96     0.0367 -1.382e+02  1.000e-12  2.034e+00    33.5526    33.5524    -0.0002    26.3927    26.3925     44.080     44.245      0.205    1474.16    1474.16  0.000e+00
       5146     45.000     6.1386     6.1361    -0.0025    3.32314    3.32251          1     6.1647     7.6357       9.96     0.0368  4.924e-11  1.000e-12  2.031e+00    33.5595    33.5549    -0.0046    26.3970    26.3937     44.576     44.742      0.255    1474.21    1474.20  0.000e+00
       5187     45.500     6.1405     6.1389    -0.0016    3.32355    3.32320          1     6.1815     7.6415       9.96     0.0368  4.924e-11  1.000e-12  2.031e+00    33.5620    33.5596    -0.0024    26.3987    26.3970     45.071     45.238      0.289    1474.23    1474.22  0.000e+00
       5235     46.000     6.1478     6.1456    -0.0021    3.32447    3.32404          1     6.1786     7.6451       9.96     0.0370  7.805e-07  1.000e-12  2.031e+00    33.5649    33.5622    -0.0027    26.4001    26.3982     45.566     45.734      0.218    1474.27    1474.26  0.000e+00
       5289     46.500     6.1442     6.1424    -0.0018    3.32442    3.32429          1     6.1863     7.6327       9.96     0.0372  4.270e+03  1.000e-12  1.944e+00    33.5675    33.5679     0.0003    26.4027    26.4031     46.061     46.230      0.251    1474.27    1474.26  0.000e+00
       5335     47.000     6.1380     6.1365    -0.0015    3.32404    3.32393          1     6.1549     7.6597       9.96     0.0371  8.321e+01  1.000e-12  2.029e+00    33.5693    33.5695     0.0002    26.4048    26.4052     46.556     46.726      0.249    1474.26    1474.25  0.000e+00
       5391     47.500     6.1430     6.1427    -0.0004    3.32436    3.32431          1     6.1780     7.6662       9.96     0.0379  4.924e-11  1.000e-12  2.031e+00    33.5676    33.5674    -0.0002    26.4029    26.4027     47.052     47.222      0.204    1474.28    1474.28  0.000e+00
       5445     48.000     6.1358     6.1358    -0.0000    3.32394    3.32401          1     6.2087     7.6636       9.96     0.0380  4.924e-11  1.000e-12  2.031e+00    33.5698    33.5705     0.0008    26.4055    26.4061     47.547     47.719      0.245    1474.26    1474.26  0.000e+00
       5493     48.500     6.1355     6.1349    -0.0006    3.32391    3.32396          1     6.1838     7.6768       9.96     0.0376  4.924e-11  1.000e-12  2.031e+00    33.5695    33.5706     0.0011    26.4053    26.4063     48.042     48.215      0.241    1474.27    1474.27  0.000e+00
       5547     49.000     6.1353     6.1346    -0.0007    3.32389    3.32389          1     6.1784     7.6740       9.96     0.0372  4.924e-11  1.000e-12  2.031e+00    33.5692    33.5699     0.0007    26.4051    26.4057     48.537     48.711      0.212    1474.28    1474.28  0.000e+00
       5600     49.500     6.1356     6.1347    -0.0009    3.32391    3.32390          1     6.1775     7.6898       9.96     0.0368  4.924e-11  1.000e-12  2.031e+00    33.5688    33.5696     0.0008    26.4048    26.4055     49.033     49.207      0.253    1474.29    1474.28  0.000e+00
       5648     50.000     6.1372     6.1358    -0.0015    3.32414    3.32403          1     6.1828     7.6898       9.96     0.0369  4.924e-11  1.000e-12  2.031e+00    33.5695    33.5697     0.0002    26.4051    26.4055     49.528     49.703      0.220    1474.30    1474.30  0.000e+00
       5707     50.500     6.1370     6.1364    -0.0005    3.32447    3.32433          1     6.1763     7.6943       9.96     0.0362  4.924e-11  1.000e-12  2.031e+00    33.5732    33.5722    -0.0010    26.4081    26.4074     50.023     50.199      0.224    1474.31    1474.31  0.000e+00
       5756     51.000     6.1363     6.1355    -0.0008    3.32451    3.32449          1     6.2089     7.6910       9.96     0.0365  4.924e-11  1.000e-12  2.031e+00    33.5742    33.5748     0.0006    26.4089    26.4095     50.518     50.696      0.231    1474.32    1474.32  0.000e+00
       5816     51.500     6.1347     6.1343    -0.0004    3.32483    3.32470          1     6.1932     7.6909       9.96     0.0365  4.924e-11  1.000e-12  2.031e+00    33.5790    33.5780    -0.0011    26.4129    26.4121     51.013     51.192      0.194    1474.33    1474.32  0.000e+00
       5869     52.000     6.1354     6.1335    -0.0019    3.32603    3.32544          1     6.1909     7.7037       9.95     0.0366  4.924e-11  1.000e-12  2.031e+00    33.5916    33.5868    -0.0048    26.4227    26.4192     51.509     51.688      0.263    1474.35    1474.34  0.000e+00
       5916     52.500     6.1405     6.1387    -0.0017    3.32701    3.32669          1     6.1618     7.7161       9.95     0.0370  4.924e-11  1.000e-12  2.031e+00    33.5973    33.5954    -0.0019    26.4266    26.4254     52.004     52.184      0.226    1474.39    1474.38  0.000e+00
       5975     53.000     6.1451     6.1432    -0.0020    3.32822    3.32771          1     6.1927     7.7012       9.95     0.0364  1.878e+03  1.000e-12  1.993e+00    33.6059    33.6022    -0.0037    26.4328    26.4302     52.499     52.680      0.206    1474.43    1474.42  0.000e+00
       6029     53.500     6.1560     6.1524    -0.0036    3.33074    3.32970          1     6.1836     7.6908       9.96     0.0366  3.310e+01  1.000e-12  2.030e+00    33.6231    33.6151    -0.0081    26.4451    26.4392     52.994     53.176      0.222    1474.50    1474.48  0.000e+00
       6094     54.000     6.1602     6.1587    -0.0015    3.33173    3.33145          1     6.1998     7.7063       9.95     0.0366  4.924e-11  1.000e-12  2.031e+00    33.6299    33.6282    -0.0017    26.4499    26.4487     53.490     53.673      0.189    1474.53    1474.53  0.000e+00
       6151     54.500     6.1645     6.1627    -0.0018    3.33251    3.33219          1     6.1794     7.7227       9.95     0.0366  4.924e-11  1.000e-12  2.031e+00    33.6340    33.6323    -0.0017    26.4526    26.4515     53.985     54.169      0.238    1474.56    1474.56  0.000e+00
       6206     55.000     6.1651     6.1643    -0.0009    3.33260    3.33255          1     6.1916     7.7158       9.95     0.0363  4.924e-11  1.000e-12  2.031e+00    33.6342    33.6345     0.0003    26.4526    26.4530     54.480     54.665      0.192    1474.57    1474.57  0.000e+00
       6270     55.500     6.1673     6.1662    -0.0010    3.33295    3.33286          1     6.1882     7.7105       9.95     0.0363  4.924e-11  1.000e-12  2.031e+00    33.6358    33.6358     0.0000    26.4536    26.4538     54.975     55.161      0.218    1474.59    1474.59  0.000e+00
       6323     56.000     6.1703     6.1690    -0.0013    3.33352    3.33336          1     6.2001     7.7056       9.95     0.0360  4.924e-11  1.000e-12  2.031e+00    33.6389    33.6384    -0.0005    26.4557    26.4555     55.470     55.657      0.211    1474.62    1474.61  0.000e+00
