ctdpy/tests/etc/CTD_SMHI/SBE09_0827_20180121_1525_26_01_0148.cnv
* Sea-Bird SBE 9 Data File:
* FileName = D:\CTD_SBE911\DAT\26DA.2018.1.48.hex
* Software Version Seasave V 7.21d
* Temperature SN = 034757
* Conductivity SN = 041844
* Number of Bytes Per Scan = 48
* Number of Voltage Words = 5
* Number of Scans Averaged by the Deck Unit = 1
* NMEA Latitude = 57 45.06 N
* NMEA Longitude = 010 13.22 E
* NMEA UTC (Time) = Jan 21 2018  15:25:55
* NMEA baud rate = 4800
** Ship: DANA
** Average sound velocity: 1470.01 m/s
** True-depth calculation Wed, 24 Jan 2018 11:45:02 +0000
** CTD Python Module SMHI /ver 3-12/ feb 2012 
** LIMS Job: 20182601-0148
** 7.5N Hirtshals
** Operator: RSor
** Cruise: 01/2018
# nquan = 26
# nvalues = 157                         
# units = specified
# name 0 = scan: Scan Count
# name 1 = prDM: Pressure, Digiquartz [db]
# name 2 = t090C: Temperature [ITS-90, deg C]
# name 3 = t190C: Temperature, 2 [ITS-90, deg C]
# name 4 = T2-T190C: Temperature Difference, 2 - 1 [ITS-90, deg C]
# name 5 = c0S/m: Conductivity [S/m]
# name 6 = c1S/m: Conductivity, 2 [S/m]
# name 7 = pumps: Pump Status
# name 8 = sbeox1ML/L: Oxygen, SBE 43, 2 [ml/l]
# name 9 = sbeox0ML/L: Oxygen, SBE 43 [ml/l]
# name 10 = altM: Altimeter [m]
# name 11 = chloroflTC0: Chlorophyll, Turner Cyclops [ug/l]
# name 12 = cpar: CPAR/Corrected Irradiance [%]
# name 13 = par: PAR/Irradiance, Biospherical/Licor
# name 14 = spar: SPAR/Surface Irradiance
# name 15 = sal00: Salinity, Practical [PSU]
# name 16 = sal11: Salinity, Practical, 2 [PSU]
# name 17 = secS-priS: Salinity, Practical, Difference, 2 - 1 [PSU]
# name 18 = sigma-t00: Density [sigma-t, kg/m^3 ]
# name 19 = sigma-t11: Density, 2 [sigma-t, kg/m^3 ]
# name 20 = depSM: Depth [salt water, m], lat = 57.751
# name 21 = depFM: Depth [true depth, m], lat = 57.751
# name 22 = dz/dtM: Descent Rate [m/s], WS = 2
# name 23 = svCM: Sound Velocity [Chen-Millero, m/s]
# name 24 = svCM1: Sound Velocity, 2 [Chen-Millero, m/s]
# name 25 = flag: flag
# span 0 =        196,       8982       
# span 1 =      1.500,     79.500       
# span 2 =     4.6419,     6.7813       
# span 3 =     4.6316,     6.8050       
# span 4 =    -0.1799,     0.0303       
# span 5 =   2.998552,   3.436062       
# span 6 =   2.998095,   3.441733       
# span 7 =          1,          1       
# span 8 =     5.9101,     6.5470       
# span 9 =     6.6458,     7.9183       
# span 10 =       0.65,       9.96      
# span 11 =     0.0292,     0.0503      
# span 12 = -7.150e-04, 3.7907e+00      
# span 13 = -7.260e-05, 3.8492e-01      
# span 14 = 5.3217e+00, 1.0154e+01      
# span 15 =    31.3381,    34.1605      
# span 16 =    31.3393,    34.1998      
# span 17 =    -0.2240,     0.0532      
# span 18 =    24.8108,    26.7872      
# span 19 =    24.8077,    26.8151      
# span 20 =      1.486,     78.750      
# span 21 =      1.491,     78.946      
# span 22 =     -0.055,      0.486      
# span 23 =    1464.64,    1478.06      
# span 24 =    1464.60,    1478.21      
# span 25 = 0.0000e+00, 0.0000e+00      
# interval = decibars: 0.5              
# start_time = Jan 21 2018 15:25:56 [NMEA time, first data scan]
# bad_flag = -9.990e-29
*END*
[from data line 56]
       3072     29.500     4.9821     4.9745    -0.0076    3.08722    3.08374          1     6.4373 -9.990e-29       9.95     0.0379  9.851e-12  1.000e-12  1.015e+01    32.0209    31.9883    -0.0326    25.3160    25.2910     29.225     29.314      0.271    1467.34    1467.27  0.000e+00
       3107     30.000     4.9973     4.9908    -0.0065    3.09119    3.08833          1     6.4222 -9.990e-29       9.95     0.0385  1.039e-11  1.000e-12  9.710e+00    32.0515    32.0250    -0.0265    25.3386    25.3183     29.720     29.811      0.383    1467.45    1467.39  0.000e+00
       3141     30.500     5.0139     4.9943    -0.0196    3.09674    3.09091          1     6.4064 -9.990e-29       9.95     0.0383  1.007e-11  1.000e-12  9.974e+00    32.0989    32.0510    -0.0479    25.3744    25.3385     30.216     30.308      0.277    1467.59    1467.45  0.000e+00
       3212     31.000     5.0825     5.0522    -0.0307    3.10807    3.10006          1     6.3679 -9.990e-29       9.96     0.0397  1.062e-11  1.000e-12  9.520e+00    32.1624    32.0999    -0.0625    25.4171    25.3710     30.711     30.804      0.267    1467.96    1467.76  0.000e+00
       3252     31.500     5.1617     5.0929    -0.0690    3.12573    3.10978          1     6.3682 -9.990e-29       9.95     0.0381  1.065e-11  1.000e-12  9.494e+00    32.2876    32.1717    -0.1159    25.5074    25.4233     31.206     31.301      0.388    1468.45    1468.02  0.000e+00
       3283     32.000     5.3761     5.1961    -0.1799    3.15776    3.12284          1     6.4259 -9.990e-29       9.95     0.0359  1.047e-11  1.000e-12  9.643e+00    32.4452    32.2212    -0.2240    25.6080    25.4510     31.702     31.797      0.329    1469.53    1468.51  0.000e+00
       3335     32.500     5.4152     5.3456    -0.0694    3.16539    3.14963          1     6.4059 -9.990e-29       9.95     0.0362  1.082e-11  1.000e-12  9.353e+00    32.4939    32.3820    -0.1119    25.6420    25.5614     32.197     32.294      0.220    1469.76    1469.34  0.000e+00
       3382     33.000     5.4023     5.3942    -0.0081    3.16646    3.16168          1     6.3747 -9.990e-29       9.95     0.0369  1.160e-11  1.000e-12  8.710e+00    32.5183    32.4718    -0.0465    25.6628    25.6270     32.692     32.790      0.339    1469.75    1469.65  0.000e+00
       3416     33.500     5.4254     5.4035    -0.0219    3.17046    3.16527          1     6.3500 -9.990e-29       9.95     0.0345  1.119e-11  1.000e-12  9.049e+00    32.5412    32.5034    -0.0378    25.6783    25.6509     33.188     33.287      0.318    1469.88    1469.74  0.000e+00
       3467     34.000     5.5146     5.4424    -0.0721    3.18228    3.17087          1     6.2822 -9.990e-29       9.95     0.0359  1.132e-11  1.000e-12  8.942e+00    32.5886    32.5290    -0.0596    25.7054    25.6667     33.683     33.784      0.200    1470.31    1469.94  0.000e+00
       3525     34.500     5.5498     5.5274    -0.0224    3.18716    3.18191          1     6.3133 -9.990e-29       9.95     0.0361  1.198e-11  1.000e-12  8.398e+00    32.6095    32.5717    -0.0378    25.7179    25.6906     34.178     34.280      0.246    1470.48    1470.35  0.000e+00
       3566     35.000     5.5494     5.5422    -0.0072    3.18740    3.18539          1     6.3158 -9.990e-29       9.95     0.0345  1.193e-11  1.000e-12  8.437e+00    32.6123    32.5966    -0.0158    25.7202    25.7085     34.673     34.777      0.322    1470.49    1470.44  0.000e+00
       3604     35.500     5.5640     5.5521    -0.0119    3.18945    3.18679          1     6.3194 -9.990e-29       9.95     0.0344  1.216e-11  1.000e-12  8.244e+00    32.6211    32.6026    -0.0185    25.7254    25.7121     35.169     35.273      0.307    1470.57    1470.50  0.000e+00
       3644     36.000     5.5589     5.5577    -0.0013    3.18903    3.18818          1     6.3503 -9.990e-29       9.95     0.0349  1.231e-11  1.000e-12  8.125e+00    32.6211    32.6127    -0.0084    25.7260    25.7194     35.664     35.770      0.279    1470.56    1470.54  0.000e+00
       3691     36.500     5.5456     5.5498     0.0042    3.18789    3.18789          1     6.2817 -9.990e-29       9.95     0.0359  1.231e-11  1.000e-12  8.123e+00    32.6208    32.6168    -0.0040    25.7273    25.7236     36.159     36.266      0.257    1470.51    1470.52  0.000e+00
       3736     37.000     5.5451     5.5443    -0.0007    3.18797    3.18758          1     6.3079 -9.990e-29       9.95     0.0355  1.225e-11  1.000e-12  8.170e+00    32.6220    32.6183    -0.0037    25.7283    25.7254     36.655     36.762      0.273    1470.52    1470.51  0.000e+00
       3781     37.500     5.5464     5.5434    -0.0031    3.18832    3.18766          1     6.3315 -9.990e-29       9.95     0.0352  1.231e-11  1.000e-12  8.123e+00    32.6244    32.6198    -0.0046    25.7300    25.7268     37.150     37.259      0.238    1470.54    1470.52  0.000e+00
       3839     38.000     5.5565     5.5477    -0.0088    3.18967    3.18828          1     6.3569 -9.990e-29       9.95     0.0357  1.231e-11  1.000e-12  8.123e+00    32.6297    32.6225    -0.0073    25.7331    25.7284     37.645     37.755      0.244    1470.59    1470.55  0.000e+00
       3880     38.500     5.5401     5.5510     0.0109    3.18844    3.18926          1     6.3481 -9.990e-29       9.95     0.0351  1.231e-11  1.000e-12  8.123e+00    32.6314    32.6301    -0.0013    25.7363    25.7340     38.140     38.252      0.349    1470.54    1470.58  0.000e+00
       3914     39.000     5.5366     5.5281    -0.0085    3.18927    3.18792          1     6.3289 -9.990e-29       9.95     0.0349  1.231e-11  1.000e-12  8.123e+00    32.6440    32.6369    -0.0070    25.7467    25.7421     38.636     38.748      0.327    1470.55    1470.50  0.000e+00
       3959     39.500     5.5708     5.5537    -0.0171    3.19273    3.19032          1     6.3445 -9.990e-29       9.95     0.0353  1.231e-11  1.000e-12  8.123e+00    32.6497    32.6390    -0.0107    25.7472    25.7408     39.131     39.245      0.234    1470.70    1470.62  0.000e+00
       4009     40.000     5.5809     5.5705    -0.0104    3.19398    3.19251          1     6.3375 -9.990e-29       9.95     0.0360  1.231e-11  1.000e-12  8.123e+00    32.6538    32.6472    -0.0065    25.7492    25.7453     39.626     39.741      0.282    1470.76    1470.70  0.000e+00
       4047     40.500     5.5811     5.5789    -0.0023    3.19428    3.19372          1     6.3140 -9.990e-29       9.95     0.0342  1.231e-11  1.000e-12  8.123e+00    32.6567    32.6525    -0.0042    25.7515    25.7485     40.122     40.238      0.296    1470.77    1470.75  0.000e+00
       4098     41.000     5.5849     5.5807    -0.0042    3.19528    3.19435          1     6.3226 -9.990e-29       9.95     0.0341  1.231e-11  1.000e-12  8.123e+00    32.6641    32.6578    -0.0063    25.7569    25.7524     40.617     40.734      0.201    1470.80    1470.78  0.000e+00
       4155     41.500     5.5921     5.5855    -0.0066    3.19674    3.19537          1     6.3355 -9.990e-29       9.95     0.0349  1.231e-11  1.000e-12  8.123e+00    32.6734    32.6644    -0.0091    25.7635    25.7571     41.112     41.231      0.286    1470.85    1470.81  0.000e+00
       4189     42.000     5.6031     5.5978    -0.0053    3.19833    3.19727          1     6.3493 -9.990e-29       9.95     0.0342  1.231e-11  1.000e-12  8.123e+00    32.6805    32.6736    -0.0069    25.7678    25.7629     41.607     41.727      0.356    1470.91    1470.88  0.000e+00
       4225     42.500     5.6036     5.6008    -0.0028    3.19860    3.19803          1     6.3673 -9.990e-29       9.95     0.0341  1.231e-11  1.000e-12  8.123e+00    32.6829    32.6792    -0.0037    25.7696    25.7670     42.103     42.224      0.314    1470.92    1470.91  0.000e+00
       4269     43.000     5.6102     5.6040    -0.0062    3.20056    3.19893          1     6.3471 -9.990e-29       9.96     0.0344  1.231e-11  1.000e-12  8.123e+00    32.6984    32.6860    -0.0124    25.7811    25.7720     42.598     42.720      0.240    1470.98    1470.94  0.000e+00
       4320     43.500     5.5664     5.5849     0.0184    3.19890    3.19978          1     6.3381 -9.990e-29       9.95     0.0350  1.231e-11  1.000e-12  8.123e+00    32.7219    32.7139    -0.0080    25.8048    25.7963     43.093     43.217      0.250    1470.84    1470.90  0.000e+00
       4365     44.000     5.5496     5.5560     0.0063    3.20020    3.19944          1     6.3183 -9.990e-29       9.95     0.0355  1.231e-11  1.000e-12  8.123e+00    32.7527    32.7379    -0.0148    25.8312    25.8187     43.589     43.713      0.278    1470.82    1470.83  0.000e+00
       4409     44.500     5.5483     5.5502     0.0018    3.20260    3.20169          1     6.3073 -9.990e-29       9.95     0.0349  1.231e-11  1.000e-12  8.123e+00    32.7810    32.7688    -0.0121    25.8537    25.8438     44.084     44.210      0.263    1470.86    1470.85  0.000e+00
       4458     45.000     5.5449     5.5445    -0.0004    3.20335    3.20294          1     6.3316 -9.990e-29       9.95     0.0347  1.231e-11  1.000e-12  8.123e+00    32.7925    32.7882    -0.0044    25.8632    25.8598     44.579     44.706      0.248    1470.87    1470.86  0.000e+00
       4499     45.500     5.5494     5.5476    -0.0019    3.20432    3.20389          1     6.3370 -9.990e-29       9.96     0.0332  1.231e-11  1.000e-12  8.123e+00    32.7989    32.7958    -0.0032    25.8677    25.8654     45.074     45.203      0.322    1470.90    1470.89  0.000e+00
       4539     46.000     5.5491     5.5483    -0.0008    3.20456    3.20448          1     6.3174 -9.990e-29       9.95     0.0320  1.231e-11  1.000e-12  8.123e+00    32.8017    32.8015    -0.0002    25.8699    25.8699     45.570     45.699      0.265    1470.91    1470.91  0.000e+00
       4587     46.500     5.5412     5.5454     0.0041    3.20405    3.20456          1     6.2965 -9.990e-29       9.95     0.0313  1.231e-11  1.000e-12  8.123e+00    32.8034    32.8051     0.0017    25.8722    25.8731     46.065     46.195      0.277    1470.89    1470.91  0.000e+00
       4625     47.000     5.5268     5.5316     0.0048    3.20363    3.20407          1     6.3234 -9.990e-29       9.95     0.0312  1.231e-11  1.000e-12  8.123e+00    32.8124    32.8128     0.0004    25.8811    25.8808     46.560     46.692      0.320    1470.85    1470.87  0.000e+00
       4670     47.500     5.5284     5.5261    -0.0023    3.20554    3.20432          1     6.3495 -9.990e-29       9.95     0.0328  1.231e-11  1.000e-12  8.123e+00    32.8323    32.8207    -0.0117    25.8966    25.8877     47.055     47.188      0.233    1470.89    1470.87  0.000e+00
       4722     48.000     5.5700     5.5464    -0.0236    3.21331    3.20782          1     6.3316 -9.990e-29       9.95     0.0326  1.231e-11  1.000e-12  8.123e+00    32.8794    32.8404    -0.0390    25.9290    25.9009     47.551     47.685      0.260    1471.13    1470.98  0.000e+00
       4764     48.500     5.5778     5.5718    -0.0059    3.21545    3.21354          1     6.3151 -9.990e-29       9.95     0.0313  1.231e-11  1.000e-12  8.123e+00    32.8959    32.8800    -0.0158    25.9411    25.9292     48.046     48.181      0.281    1471.19    1471.14  0.000e+00
       4811     49.000     5.5799     5.5763    -0.0037    3.21623    3.21532          1     6.3030 -9.990e-29       9.95     0.0315  1.231e-11  1.000e-12  8.123e+00    32.9024    32.8957    -0.0067    25.9460    25.9411     48.541     48.677      0.247    1471.21    1471.19  0.000e+00
       4855     49.500     5.5689     5.5749     0.0059    3.21593    3.21601          1     6.3252 -9.990e-29       9.95     0.0323  1.231e-11  1.000e-12  8.123e+00    32.9095    32.9046    -0.0049    25.9529    25.9483     49.036     49.174      0.316    1471.19    1471.20  0.000e+00
       4890     50.000     5.5438     5.5570     0.0132    3.21505    3.21588          1     6.3634 -9.990e-29       9.95     0.0317  1.231e-11  1.000e-12  8.123e+00    32.9238    32.9204    -0.0034    25.9672    25.9629     49.532     49.670      0.342    1471.11    1471.16  0.000e+00
       4930     50.500     5.5207     5.5350     0.0143    3.21383    3.21503          1     6.3542 -9.990e-29       9.95     0.0321  1.231e-11  1.000e-12  8.123e+00    32.9323    32.9320    -0.0004    25.9766    25.9747     50.027     50.167      0.264    1471.04    1471.09  0.000e+00
       4980     51.000     5.5239     5.5232    -0.0007    3.21500    3.21459          1     6.3410 -9.990e-29       9.95     0.0319  1.231e-11  1.000e-12  8.123e+00    32.9423    32.9384    -0.0040    25.9842    25.9811     50.522     50.663      0.230    1471.07    1471.06  0.000e+00
       5032     51.500     5.5442     5.5337    -0.0106    3.21952    3.21675          1     6.3197 -9.990e-29       9.95     0.0320  1.231e-11  1.000e-12  8.123e+00    32.9734    32.9523    -0.0211    26.0063    25.9909     51.017     51.159      0.241    1471.20    1471.13  0.000e+00
       5078     52.000     5.5646     5.5531    -0.0115    3.22313    3.22066          1     6.3010 -9.990e-29       9.95     0.0322  1.231e-11  1.000e-12  8.123e+00    32.9940    32.9774    -0.0167    26.0203    26.0084     51.513     51.656      0.287    1471.32    1471.25  0.000e+00
       5119     52.500     5.5764     5.5702    -0.0062    3.22497    3.22371          1     6.3402 -9.990e-29       9.95     0.0311  1.231e-11  1.000e-12  8.123e+00    33.0031    32.9949    -0.0082    26.0260    26.0203     52.008     52.152      0.282    1471.38    1471.35  0.000e+00
       5161     53.000     5.5823     5.5771    -0.0053    3.22592    3.22505          1     6.3517 -9.990e-29       9.95     0.0335  1.231e-11  1.000e-12  8.123e+00    33.0078    33.0031    -0.0047    26.0291    26.0260     52.503     52.648      0.300    1471.42    1471.40  0.000e+00
       5200     53.500     5.5924     5.5853    -0.0071    3.22746    3.22621          1     6.3080 -9.990e-29       9.95     0.0311  1.231e-11  1.000e-12  8.123e+00    33.0152    33.0079    -0.0072    26.0337    26.0288     52.998     53.145      0.297    1471.48    1471.44  0.000e+00
       5245     54.000     5.6146     5.6014    -0.0132    3.23173    3.22862          1     6.2981 -9.990e-29       9.95     0.0310  1.231e-11  1.000e-12  8.123e+00    33.0415    33.0193    -0.0222    26.0519    26.0359     53.494     53.641      0.243    1471.61    1471.53  0.000e+00
       5297     54.500     5.6270     5.6182    -0.0088    3.23479    3.23243          1     6.3183 -9.990e-29       9.95     0.0308  1.231e-11  1.000e-12  8.123e+00    33.0637    33.0457    -0.0181    26.0680    26.0548     53.989     54.137      0.234    1471.70    1471.64  0.000e+00
       5346     55.000     5.6290     5.6264    -0.0026    3.23538    3.23474          1     6.3299 -9.990e-29       9.95     0.0332  1.231e-11  1.000e-12  8.123e+00    33.0683    33.0636    -0.0047    26.0714    26.0679     54.484     54.634      0.256    1471.72    1471.70  0.000e+00
       5389     55.500     5.5909     5.6121     0.0211    3.23272    3.23461          1     6.3350 -9.990e-29       9.95     0.0311  1.231e-11  1.000e-12  8.123e+00    33.0753    33.0758     0.0005    26.0814    26.0793     54.979     55.130      0.296    1471.58    1471.67  0.000e+00
       5430     56.000     5.5358     5.5556     0.0198    3.22968    3.23148          1     6.3566 -9.990e-29       9.95     0.0303  1.231e-11  1.000e-12  8.123e+00    33.0947    33.0957     0.0010    26.1033    26.1018     55.475     55.626      0.282    1471.39    1471.47  0.000e+00
       5474     56.500     5.5222     5.5346     0.0124    3.22887    3.23045          1     6.3508 -9.990e-29       9.95     0.0318  1.231e-11  1.000e-12  8.123e+00    33.0987    33.1044     0.0057    26.1081    26.1111     55.970     56.123      0.275    1471.35    1471.41  0.000e+00
