ctdpy/tests/etc/CTD_SMHI/SBE09_0827_20180123_1115_26_01_0179.cnv
* Sea-Bird SBE 9 Data File:
* FileName = D:\CTD_SBE911\DAT\26DA.2018.1.79.hex
* Software Version Seasave V 7.21d
* Temperature SN = 034757
* Conductivity SN = 041844
* Number of Bytes Per Scan = 48
* Number of Voltage Words = 5
* Number of Scans Averaged by the Deck Unit = 1
* NMEA Latitude = 58 06.89 N
* NMEA Longitude = 010 43.93 E
* NMEA UTC (Time) = Jan 23 2018  11:15:15
* NMEA baud rate = 4800
** Ship: DANA
** Average sound velocity: 1483.95 m/s
** True-depth calculation Wed, 24 Jan 2018 11:58:10 +0000
** CTD Python Module SMHI /ver 3-12/ feb 2012 
** LIMS Job: 20182601-0179
** 19W Maseskar
** Operator: Ronny Sørensen
** Cruise: 01/2018
# nquan = 26
# nvalues = 453                         
# units = specified
# name 0 = scan: Scan Count
# name 1 = prDM: Pressure, Digiquartz [db]
# name 2 = t090C: Temperature [ITS-90, deg C]
# name 3 = t190C: Temperature, 2 [ITS-90, deg C]
# name 4 = T2-T190C: Temperature Difference, 2 - 1 [ITS-90, deg C]
# name 5 = c0S/m: Conductivity [S/m]
# name 6 = c1S/m: Conductivity, 2 [S/m]
# name 7 = pumps: Pump Status
# name 8 = sbeox1ML/L: Oxygen, SBE 43, 2 [ml/l]
# name 9 = sbeox0ML/L: Oxygen, SBE 43 [ml/l]
# name 10 = altM: Altimeter [m]
# name 11 = chloroflTC0: Chlorophyll, Turner Cyclops [ug/l]
# name 12 = cpar: CPAR/Corrected Irradiance [%]
# name 13 = par: PAR/Irradiance, Biospherical/Licor
# name 14 = spar: SPAR/Surface Irradiance
# name 15 = sal00: Salinity, Practical [PSU]
# name 16 = sal11: Salinity, Practical, 2 [PSU]
# name 17 = secS-priS: Salinity, Practical, Difference, 2 - 1 [PSU]
# name 18 = sigma-t00: Density [sigma-t, kg/m^3 ]
# name 19 = sigma-t11: Density, 2 [sigma-t, kg/m^3 ]
# name 20 = depSM: Depth [salt water, m], lat = 58.1148
# name 21 = depFM: Depth [true depth, m], lat = 58.1148
# name 22 = dz/dtM: Descent Rate [m/s], WS = 2
# name 23 = svCM: Sound Velocity [Chen-Millero, m/s]
# name 24 = svCM1: Sound Velocity, 2 [Chen-Millero, m/s]
# name 25 = flag: flag
# span 0 =         -3,      16458       
# span 1 =      1.500,    227.500       
# span 2 =     5.3860,     8.9047       
# span 3 =     5.3856,     8.8951       
# span 4 =    -0.3739,     0.4170       
# span 5 =   3.240894,   3.709899       
# span 6 =   3.241108,   3.706510       
# span 7 =          1,          1       
# span 8 =     4.9503,     6.4142       
# span 9 =     5.0783,     6.8540       
# span 10 =       2.53,      10.10      
# span 11 =     0.0208,     0.0416      
# span 12 = 6.2327e-13, 8.6994e+00      
# span 13 = 1.0000e-12, 1.2544e+01      
# span 14 = 1.2885e+02, 1.6045e+02      
# span 15 =    33.3941,    35.1072      
# span 16 =    33.3968,    35.1111      
# span 17 =    -0.1685,     0.0971      
# span 18 =    26.3578,    27.2838      
# span 19 =    26.3553,    27.2864      
# span 20 =      1.486,    225.266      
# span 21 =      1.489,    225.622      
# span 22 =     -0.176,      0.918      
# span 23 =    1470.31,    1488.19      
# span 24 =    1470.31,    1488.19      
# span 25 = 0.0000e+00, 0.0000e+00      
# interval = decibars: 0.5              
# start_time = Jan 23 2018 11:15:16 [NMEA time, first data scan]
# bad_flag = -9.990e-29
*END*
[from data line 168]
       8426     85.500     7.7369     7.7163    -0.0206    3.55595    3.55365          1     5.8519     5.9826       9.96     0.0354  6.839e-13  1.000e-12  1.462e+02    34.5174    34.5130    -0.0044    26.9337    26.9333     84.689     84.812      0.229    1482.28    1482.20  0.000e+00
       8476     86.000     7.7392     7.7205    -0.0186    3.55620    3.55408          1     5.8530     5.9799       9.96     0.0361  6.839e-13  1.000e-12  1.462e+02    34.5177    34.5132    -0.0045    26.9336    26.9328     85.184     85.308      0.314    1482.30    1482.22  0.000e+00
       8508     86.500     7.7349     7.7290    -0.0059    3.55581    3.55505          1     5.8030     5.9688       9.96     0.0363  6.839e-13  1.000e-12  1.462e+02    34.5175    34.5151    -0.0024    26.9341    26.9330     85.680     85.804      0.309    1482.29    1482.27  0.000e+00
       8594     87.000     7.7336     7.7314    -0.0022    3.55570    3.55573          1     5.8265     5.9794       9.95     0.0365  6.839e-13  1.000e-12  1.462e+02    34.5173    34.5198     0.0025    26.9341    26.9364     86.175     86.300      0.380    1482.30    1482.29  0.000e+00
       8619     87.500     7.7250     7.7268     0.0018    3.55487    3.55547          1     5.8477     5.9809       9.96     0.0366  6.839e-13  1.000e-12  1.462e+02    34.5166    34.5213     0.0048    26.9348    26.9383     86.670     86.796      0.578    1482.27    1482.28  0.000e+00
       8640     88.000     7.7226     7.7266     0.0040    3.55467    3.55536          1     5.8472     5.9866       9.96     0.0366  6.839e-13  1.000e-12  1.462e+02    34.5166    34.5200     0.0035    26.9351    26.9373     87.165     87.292      0.437    1482.27    1482.29  0.000e+00
       8730     88.500     7.7235     7.7224    -0.0011    3.55476    3.55498          1     5.8323     5.9799       9.96     0.0363  6.836e-13  1.000e-12  1.463e+02    34.5165    34.5199     0.0035    26.9349    26.9378     87.660     87.788      0.322    1482.28    1482.28  0.000e+00
       8755     89.000     7.7224     7.7224    -0.0000    3.55469    3.55499          1     5.8232     5.9807       9.96     0.0366  6.798e-13  1.000e-12  1.471e+02    34.5165    34.5198     0.0033    26.9351    26.9377     88.155     88.284      0.430    1482.29    1482.29  0.000e+00
       8791     89.500     7.7219     7.7224     0.0005    3.55466    3.55500          1     5.8196     5.9828       9.96     0.0366  6.751e-13  1.000e-12  1.481e+02    34.5165    34.5197     0.0032    26.9352    26.9376     88.651     88.780      0.250    1482.29    1482.30  0.000e+00
       8855     90.000     7.7217     7.7218     0.0002    3.55466    3.55498          1     5.8058     5.9740       9.95     0.0366  6.745e-13  1.000e-12  1.482e+02    34.5164    34.5197     0.0033    26.9352    26.9377     89.146     89.276      0.206    1482.30    1482.30  0.000e+00
       8904     90.500     7.7217     7.7215    -0.0001    3.55468    3.55497          1     5.8206     5.9937       9.96     0.0366  6.745e-13  1.000e-12  1.482e+02    34.5164    34.5197     0.0033    26.9352    26.9378     89.641     89.772      0.295    1482.31    1482.31  0.000e+00
       8943     91.000     7.7217     7.7213    -0.0004    3.55472    3.55496          1     5.8451     5.9776       9.96     0.0365  6.745e-13  1.000e-12  1.482e+02    34.5166    34.5196     0.0030    26.9353    26.9377     90.136     90.267      0.255    1482.32    1482.32  0.000e+00
       9014     91.500     7.7218     7.7211    -0.0007    3.55475    3.55497          1     5.8372     5.9820       9.96     0.0372  6.742e-13  1.000e-12  1.483e+02    34.5166    34.5197     0.0031    26.9352    26.9378     90.631     90.763      0.288    1482.32    1482.33  0.000e+00
       9048     92.000     7.7228     7.7210    -0.0018    3.55490    3.55500          1     5.8598     5.9703       9.96     0.0367  6.680e-13  1.000e-12  1.497e+02    34.5169    34.5198     0.0029    26.9354    26.9379     91.126     91.259      0.378    1482.34    1482.33  0.000e+00
       9088     92.500     7.7222     7.7212    -0.0011    3.55486    3.55504          1     5.8434     5.9757       9.96     0.0368  6.653e-13  1.000e-12  1.503e+02    34.5168    34.5198     0.0030    26.9353    26.9378     91.621     91.755      0.225    1482.34    1482.34  0.000e+00
       9152     93.000     7.7241     7.7212    -0.0030    3.55509    3.55506          1     5.8273     5.9856       9.96     0.0365  6.654e-13  1.000e-12  1.503e+02    34.5172    34.5198     0.0026    26.9354    26.9379     92.117     92.251      0.215    1482.36    1482.35  0.000e+00
       9209     93.500     7.7247     7.7215    -0.0032    3.55518    3.55511          1     5.8228     5.9821       9.96     0.0365  6.654e-13  1.000e-12  1.503e+02    34.5173    34.5198     0.0024    26.9354    26.9378     92.612     92.747      0.210    1482.37    1482.36  0.000e+00
       9258     94.000     7.7302     7.7223    -0.0079    3.55573    3.55522          1     5.8274     5.9649       9.96     0.0371  6.654e-13  1.000e-12  1.503e+02    34.5176    34.5198     0.0023    26.9348    26.9377     93.107     93.243      0.273    1482.40    1482.37  0.000e+00
       9311     94.500     7.7709     7.7236    -0.0473    3.56074    3.55531          1     5.8071     5.9531       9.96     0.0373  6.654e-13  1.000e-12  1.503e+02    34.5311    34.5194    -0.0117    26.9394    26.9372     93.602     93.739      0.218    1482.58    1482.39  0.000e+00
       9361     95.000     7.8642     7.7561    -0.1082    3.57169    3.55843          1     5.7996     5.9239       9.96     0.0366  6.654e-13  1.000e-12  1.503e+02    34.5565    34.5206    -0.0359    26.9457    26.9334     94.097     94.235      0.386    1482.97    1482.52  0.000e+00
       9387     95.500     7.8809     7.7824    -0.0985    3.57357    3.56100          1     5.8235     5.9201       9.95     0.0366  6.654e-13  1.000e-12  1.503e+02    34.5599    34.5220    -0.0379    26.9459    26.9307     94.592     94.731      0.420    1483.05    1482.63  0.000e+00
       9445     96.000     7.8923     7.8370    -0.0554    3.57492    3.56792          1     5.8107     5.9172       9.96     0.0369  6.654e-13  1.000e-12  1.503e+02    34.5629    34.5423    -0.0206    26.9466    26.9386     95.087     95.227      0.240    1483.10    1482.87  0.000e+00
       9512     96.500     7.8977     7.8826    -0.0151    3.57564    3.57357          1     5.7877     5.9149       9.96     0.0367  6.654e-13  1.000e-12  1.503e+02    34.5650    34.5577    -0.0073    26.9474    26.9439     95.583     95.722      0.350    1483.14    1483.07  0.000e+00
       9544     97.000     7.8959     7.8818    -0.0140    3.57542    3.57373          1     5.7806     5.9177       9.96     0.0367  6.654e-13  1.000e-12  1.503e+02    34.5643    34.5600    -0.0043    26.9471    26.9458     96.078     96.218      0.297    1483.13    1483.08  0.000e+00
       9610     97.500     7.8954     7.8909    -0.0046    3.57542    3.57486          1     5.7677     5.9163       9.96     0.0379  6.654e-13  1.000e-12  1.503e+02    34.5645    34.5630    -0.0015    26.9473    26.9468     96.573     96.714      0.270    1483.14    1483.12  0.000e+00
       9648     98.000     7.9198     7.8931    -0.0266    3.57865    3.57519          1     5.7828     5.9106       9.96     0.0377  6.654e-13  1.000e-12  1.503e+02    34.5748    34.5640    -0.0108    26.9519    26.9473     97.068     97.210      0.438    1483.25    1483.14  0.000e+00
       9674     98.500     7.9694     7.9015    -0.0679    3.58456    3.57596          1     5.7877     5.9064       9.96     0.0373  6.654e-13  1.000e-12  1.503e+02    34.5890    34.5638    -0.0252    26.9556    26.9459     97.563     97.706      0.444    1483.47    1483.18  0.000e+00
       9707     99.000     7.9912     7.9159    -0.0753    3.58723    3.57767          1     5.7946     5.8982       9.96     0.0381  6.654e-13  1.000e-12  1.503e+02    34.5960    34.5677    -0.0282    26.9578    26.9469     98.058     98.202      0.293    1483.57    1483.25  0.000e+00
       9762     99.500     8.0279     7.9562    -0.0719    3.59182    3.58181          1     5.8052     5.8907       9.96     0.0372  6.654e-13  1.000e-12  1.503e+02    34.6086    34.5721    -0.0365    26.9623    26.9443     98.553     98.698      0.168    1483.73    1483.41  0.000e+00
       9840    100.000     8.0464     8.0139    -0.0324    3.59397    3.58915          1     5.7484     5.8894       9.96     0.0373  6.654e-13  1.000e-12  1.503e+02    34.6132    34.5936    -0.0196    26.9631    26.9526     99.048     99.194      0.285    1483.81    1483.67  0.000e+00
       9874    100.500     8.0557     8.0250    -0.0307    3.59495    3.59109          1     5.7610     5.9037       9.96     0.0375  6.654e-13  1.000e-12  1.503e+02    34.6142    34.6032    -0.0110    26.9625    26.9584     99.544     99.690      0.298    1483.86    1483.73  0.000e+00
       9921    101.000     8.1231     8.0420    -0.0810    3.60294    3.59263          1     5.7605     5.9116       9.95     0.0365  6.654e-13  1.000e-12  1.503e+02    34.6329    34.6026    -0.0303    26.9671    26.9555    100.039    100.186      0.288    1484.14    1483.80  0.000e+00
       9952    101.500     8.1556     8.0734    -0.0821    3.60654    3.59637          1     5.7236     5.9116       9.96     0.0367  6.654e-13  1.000e-12  1.503e+02    34.6390    34.6114    -0.0276    26.9669    26.9577    100.534    100.681      0.512    1484.28    1483.94  0.000e+00
       9972    102.000     8.1823     8.1075    -0.0749    3.60957    3.59943          1     5.7095     5.9143       9.96     0.0366  6.654e-13  1.000e-12  1.503e+02    34.6447    34.6102    -0.0346    26.9674    26.9516    101.029    101.177      0.554    1484.40    1484.07  0.000e+00
       9996    102.500     8.1918     8.1179    -0.0739    3.61068    3.60119          1     5.7311     5.9122       9.96     0.0366  6.654e-13  1.000e-12  1.503e+02    34.6470    34.6185    -0.0285    26.9677    26.9566    101.524    101.673      0.452    1484.44    1484.13  0.000e+00
      10027    103.000     8.1929     8.1542    -0.0387    3.61091    3.60511          1     5.7486     5.8989       9.96     0.0364  6.654e-13  1.000e-12  1.503e+02    34.6482    34.6244    -0.0239    26.9685    26.9557    102.019    102.169      0.391    1484.46    1484.28  0.000e+00
      10054    103.500     8.1993     8.1738    -0.0258    3.61181    3.60795          1     5.7705     5.8690       9.96     0.0364  6.654e-13  1.000e-12  1.503e+02    34.6512    34.6352    -0.0161    26.9699    26.9612    102.514    102.665      0.556    1484.49    1484.38  0.000e+00
      10073    104.000     8.2571     8.1900    -0.0669    3.61859    3.60948          1     5.7702     5.8749       9.95     0.0365  6.654e-13  1.000e-12  1.503e+02    34.6663    34.6353    -0.0311    26.9730    26.9588    103.009    103.161      0.630    1484.74    1484.45  0.000e+00
      10092    104.500     8.3291     8.2035    -0.1256    3.62740    3.61128          1     5.7515     5.8440       9.96     0.0360  6.654e-13  1.000e-12  1.503e+02    34.6888    34.6409    -0.0479    26.9796    26.9612    103.504    103.657      0.580    1485.04    1484.51  0.000e+00
      10116    105.000     8.5546     8.2347    -0.3199    3.65334    3.61411          1     5.7212     5.7337       9.96     0.0365  6.654e-13  1.000e-12  1.503e+02    34.7418    34.6401    -0.1017    26.9863    26.9558    103.999    104.153      0.430    1485.96    1484.64  0.000e+00
      10153    105.500     8.6757     8.3018    -0.3739    3.66691    3.62108          1     5.6795     5.6645       9.96     0.0355  6.656e-13  1.000e-12  1.502e+02    34.7660    34.6481    -0.1179    26.9864    26.9518    104.495    104.649      0.301    1486.45    1484.91  0.000e+00
      10188    106.000     8.7487     8.4131    -0.3356    3.67573    3.63225          1     5.6565     5.6525       9.96     0.0354  6.680e-13  1.000e-12  1.497e+02    34.7871    34.6569    -0.1302    26.9914    26.9417    104.990    105.144      0.472    1486.75    1485.34  0.000e+00
      10209    106.500     8.8168     8.5363    -0.2806    3.68362    3.64340          1     5.6309     5.6334       9.96     0.0347  6.726e-13  1.000e-12  1.487e+02    34.8030    34.6538    -0.1492    26.9932    26.9202    105.485    105.640      0.615    1487.03    1485.81  0.000e+00
      10227    107.000     8.8406     8.6241    -0.2165    3.68637    3.65635          1     5.6086     5.6281       9.96     0.0342  6.730e-13  1.000e-12  1.486e+02    34.8083    34.7044    -0.1039    26.9935    26.9462    105.980    106.136      0.646    1487.14    1486.21  0.000e+00
      10246    107.500     8.8618     8.6830    -0.1787    3.68925    3.66378          1     5.5703     5.6264       9.96     0.0342  6.741e-13  1.000e-12  1.483e+02    34.8177    34.7249    -0.0928    26.9975    26.9530    106.475    106.632      0.586    1487.23    1486.46  0.000e+00
      10269    108.000     8.8840     8.7534    -0.1306    3.69215    3.67242          1     5.5348     5.6245       9.96     0.0342  6.745e-13  1.000e-12  1.482e+02    34.8261    34.7467    -0.0794    27.0005    26.9591    106.970    107.128      0.488    1487.33    1486.75  0.000e+00
      10295    108.500     8.8886     8.7975    -0.0913    3.69318    3.67797          1     5.5401     5.6255       9.96     0.0342  6.745e-13  1.000e-12  1.482e+02    34.8322    34.7616    -0.0706    27.0046    26.9637    107.465    107.624      0.520    1487.37    1486.94  0.000e+00
      10316    109.000     8.9007     8.8266    -0.0739    3.69537    3.68231          1     5.5288     5.6220       9.96     0.0342  6.745e-13  1.000e-12  1.482e+02    34.8431    34.7785    -0.0647    27.0112    26.9723    107.960    108.120      0.610    1487.43    1487.08  0.000e+00
      10334    109.500     8.8765     8.8407    -0.0358    3.69301    3.68535          1     5.5134     5.6301       9.96     0.0342  6.745e-13  1.000e-12  1.482e+02    34.8418    34.7965    -0.0454    27.0141    26.9842    108.456    108.616      0.604    1487.35    1487.16  0.000e+00
      10356    110.000     8.8435     8.8481     0.0045    3.69034    3.68727          1     5.5201     5.6435       9.96     0.0345  6.745e-13  1.000e-12  1.482e+02    34.8458    34.8091    -0.0368    27.0224    26.9929    108.951    109.112      0.493    1487.24    1487.21  0.000e+00
      10387    110.500     8.8349     8.8521     0.0172    3.68955    3.68888          1     5.5251     5.6728       9.96     0.0343  6.745e-13  1.000e-12  1.482e+02    34.8458    34.8219    -0.0239    27.0238    27.0024    109.446    109.607      0.340    1487.22    1487.25  0.000e+00
      10422    111.000     8.8315     8.8521     0.0205    3.68922    3.68955          1     5.5202     5.6468       9.96     0.0342  6.745e-13  1.000e-12  1.482e+02    34.8455    34.8287    -0.0168    27.0241    27.0077    109.941    110.103      0.445    1487.21    1487.27  0.000e+00
      10444    111.500     8.7872     8.8373     0.0504    3.68318    3.68892          1     5.5372     5.6475       9.96     0.0355  6.745e-13  1.000e-12  1.482e+02    34.8251    34.8363     0.0112    27.0151    27.0160    110.436    110.599      0.606    1487.03    1487.23  0.000e+00
      10462    112.000     8.5272     8.7973     0.2704    3.65323    3.68625          1     5.5252     5.7304       9.96     0.0390  6.745e-13  1.000e-12  1.482e+02    34.7643    34.8474     0.0830    27.0082    27.0310    110.931    111.095      0.634    1486.00    1487.11  0.000e+00
