ctdpy/tests/etc/CTD_SMHI/SBE09_0827_20180123_0610_26_01_0176.cnv
* Sea-Bird SBE 9 Data File:
* FileName = D:\CTD_SBE911\DAT\26DA.2018.1.76.hex
* Software Version Seasave V 7.21d
* Temperature SN = 034757
* Conductivity SN = 041844
* Number of Bytes Per Scan = 48
* Number of Voltage Words = 5
* Number of Scans Averaged by the Deck Unit = 1
* NMEA Latitude = 57 49.79 N
* NMEA Longitude = 010 37.55 E
* NMEA UTC (Time) = Jan 23 2018  06:10:20
* NMEA baud rate = 4800
** Ship: DANA
** Average sound velocity: 1473.95 m/s
** True-depth calculation Wed, 24 Jan 2018 11:56:58 +0000
** CTD Python Module SMHI /ver 3-12/ feb 2012 
** LIMS Job: 20182601-0176
** 4.5N Skagen
** Operator: Ronny Sørensen
** Cruise: 01/2018
# nquan = 26
# nvalues = 204                         
# units = specified
# name 0 = scan: Scan Count
# name 1 = prDM: Pressure, Digiquartz [db]
# name 2 = t090C: Temperature [ITS-90, deg C]
# name 3 = t190C: Temperature, 2 [ITS-90, deg C]
# name 4 = T2-T190C: Temperature Difference, 2 - 1 [ITS-90, deg C]
# name 5 = c0S/m: Conductivity [S/m]
# name 6 = c1S/m: Conductivity, 2 [S/m]
# name 7 = pumps: Pump Status
# name 8 = sbeox1ML/L: Oxygen, SBE 43, 2 [ml/l]
# name 9 = sbeox0ML/L: Oxygen, SBE 43 [ml/l]
# name 10 = altM: Altimeter [m]
# name 11 = chloroflTC0: Chlorophyll, Turner Cyclops [ug/l]
# name 12 = cpar: CPAR/Corrected Irradiance [%]
# name 13 = par: PAR/Irradiance, Biospherical/Licor
# name 14 = spar: SPAR/Surface Irradiance
# name 15 = sal00: Salinity, Practical [PSU]
# name 16 = sal11: Salinity, Practical, 2 [PSU]
# name 17 = secS-priS: Salinity, Practical, Difference, 2 - 1 [PSU]
# name 18 = sigma-t00: Density [sigma-t, kg/m^3 ]
# name 19 = sigma-t11: Density, 2 [sigma-t, kg/m^3 ]
# name 20 = depSM: Depth [salt water, m], lat = 57.8298
# name 21 = depFM: Depth [true depth, m], lat = 57.8298
# name 22 = dz/dtM: Descent Rate [m/s], WS = 2
# name 23 = svCM: Sound Velocity [Chen-Millero, m/s]
# name 24 = svCM1: Sound Velocity, 2 [Chen-Millero, m/s]
# name 25 = flag: flag
# span 0 =        262,      11531       
# span 1 =      2.000,    103.500       
# span 2 =     4.4056,     7.4329       
# span 3 =     4.4036,     7.4308       
# span 4 =    -0.1682,     0.0609       
# span 5 =   2.991157,   3.535847       
# span 6 =   2.991207,   3.535852       
# span 7 =          1,          1       
# span 8 =     5.8418,     6.5961       
# span 9 =     6.0301,     6.7889       
# span 10 =       2.39,       9.96      
# span 11 =     0.0302,     0.0438      
# span 12 = 4.9241e-11, 4.9241e-11      
# span 13 = 1.0000e-12, 1.0000e-12      
# span 14 = 2.0308e+00, 2.0308e+00      
# span 15 =    31.4729,    34.5933      
# span 16 =    31.4752,    34.5952      
# span 17 =    -0.3789,     0.0253      
# span 18 =    24.9390,    27.0375      
# span 19 =    24.9425,    27.0392      
# span 20 =      1.981,    102.517      
# span 21 =      1.988,    102.707      
# span 22 =      0.013,      0.621      
# span 23 =    1463.86,    1481.51      
# span 24 =    1463.85,    1481.51      
# span 25 = 0.0000e+00, 0.0000e+00      
# interval = decibars: 0.5              
# start_time = Jan 23 2018 06:10:21 [NMEA time, first data scan]
# bad_flag = -9.990e-29
*END*
[from data line 112]
       5964     58.000     6.1853     6.1891     0.0038    3.36360    3.36432          1     6.2038     6.3638       9.95     0.0349  4.924e-11  1.000e-12  2.031e+00    33.9599    33.9642     0.0042    26.7073    26.7102     57.455     57.577      0.234    1475.12    1475.14  0.000e+00
       6020     58.500     6.1821     6.1844     0.0023    3.36335    3.36390          1     6.2036     6.3602       9.95     0.0345  4.924e-11  1.000e-12  2.031e+00    33.9601    33.9639     0.0038    26.7079    26.7105     57.951     58.073      0.326    1475.11    1475.13  0.000e+00
       6061     59.000     6.1673     6.1771     0.0098    3.36212    3.36334          1     6.2130     6.3673       9.95     0.0352  4.924e-11  1.000e-12  2.031e+00    33.9608    33.9646     0.0038    26.7103    26.7121     58.446     58.569      0.239    1475.06    1475.11  0.000e+00
       6116     59.500     6.1631     6.1648     0.0018    3.36183    3.36239          1     6.2302     6.3617       9.95     0.0354  4.924e-11  1.000e-12  2.031e+00    33.9615    33.9660     0.0045    26.7114    26.7147     58.941     59.065      0.228    1475.05    1475.07  0.000e+00
       6169     60.000     6.1592     6.1604     0.0013    3.36153    3.36196          1     6.2217     6.3566       9.95     0.0348  4.924e-11  1.000e-12  2.031e+00    33.9618    33.9654     0.0035    26.7121    26.7148     59.436     59.561      0.243    1475.05    1475.06  0.000e+00
       6210     60.500     6.1525     6.1567     0.0042    3.36123    3.36180          1     6.2195     6.3472       9.95     0.0342  4.924e-11  1.000e-12  2.031e+00    33.9649    33.9670     0.0021    26.7154    26.7165     59.931     60.057      0.385    1475.03    1475.05  0.000e+00
       6237     61.000     6.1462     6.1506     0.0043    3.36094    3.36155          1     6.2166     6.3637       9.95     0.0342  4.924e-11  1.000e-12  2.031e+00    33.9677    33.9702     0.0026    26.7184    26.7199     60.427     60.553      0.428    1475.02    1475.04  0.000e+00
       6298     61.500     6.1401     6.1436     0.0036    3.36075    3.36125          1     6.2036     6.3640       9.95     0.0348  4.924e-11  1.000e-12  2.031e+00    33.9715    33.9735     0.0020    26.7222    26.7233     60.922     61.049      0.263    1475.01    1475.02  0.000e+00
       6362     62.000     6.1374     6.1377     0.0002    3.36092    3.36110          1     6.1873     6.3664       9.95     0.0346  4.924e-11  1.000e-12  2.031e+00    33.9758    33.9775     0.0018    26.7259    26.7273     61.417     61.545      0.285    1475.01    1475.01  0.000e+00
       6408     62.500     6.1351     6.1362     0.0011    3.36157    3.36126          1     6.1978     6.3718       9.95     0.0346  4.924e-11  1.000e-12  2.031e+00    33.9852    33.9806    -0.0046    26.7336    26.7299     61.912     62.041      0.300    1475.02    1475.02  0.000e+00
       6440     63.000     6.1354     6.1347    -0.0007    3.36281    3.36191          1     6.2277     6.3750       9.95     0.0342  4.924e-11  1.000e-12  2.031e+00    33.9985    33.9891    -0.0094    26.7441    26.7368     62.408     62.537      0.389    1475.05    1475.03  0.000e+00
       6487     63.500     6.1410     6.1353    -0.0057    3.36433    3.36281          1     6.2310     6.3771       9.95     0.0342  4.924e-11  1.000e-12  2.031e+00    34.0097    33.9983    -0.0113    26.7522    26.7440     62.903     63.033      0.245    1475.09    1475.06  0.000e+00
       6552     64.000     6.1613     6.1514    -0.0099    3.36781    3.36545          1     6.2258     6.3708       9.95     0.0342  4.924e-11  1.000e-12  2.031e+00    34.0281    34.0115    -0.0165    26.7642    26.7524     63.398     63.529      0.393    1475.20    1475.14  0.000e+00
       6576     64.500     6.1685     6.1627    -0.0059    3.36882    3.36760          1     6.2367     6.3694       9.95     0.0342  4.924e-11  1.000e-12  2.031e+00    34.0319    34.0242    -0.0078    26.7663    26.7609     63.893     64.025      0.424    1475.25    1475.21  0.000e+00
       6626     65.000     6.1838     6.1677    -0.0161    3.37107    3.36865          1     6.2333     6.3714       9.95     0.0344  4.924e-11  1.000e-12  2.031e+00    34.0416    34.0307    -0.0110    26.7720    26.7654     64.388     64.521      0.225    1475.33    1475.25  0.000e+00
       6698     65.500     6.2037     6.1919    -0.0118    3.37412    3.37189          1     6.1965     6.3650       9.95     0.0343  4.924e-11  1.000e-12  2.031e+00    34.0556    34.0424    -0.0132    26.7805    26.7716     64.884     65.017      0.213    1475.43    1475.37  0.000e+00
       6754     66.000     6.2159     6.2075    -0.0084    3.37600    3.37438          1     6.2166     6.3730       9.95     0.0361  4.924e-11  1.000e-12  2.031e+00    34.0642    34.0545    -0.0097    26.7857    26.7792     65.379     65.513      0.396    1475.50    1475.45  0.000e+00
       6778     66.500     6.2259     6.2186    -0.0074    3.37754    3.37609          1     6.2280     6.3687       9.95     0.0346  4.924e-11  1.000e-12  2.031e+00    34.0712    34.0623    -0.0089    26.7899    26.7839     65.874     66.009      0.426    1475.56    1475.52  0.000e+00
       6818     67.000     6.2352     6.2214    -0.0138    3.37895    3.37691          1     6.2080     6.3553       9.95     0.0342  4.924e-11  1.000e-12  2.031e+00    34.0774    34.0683    -0.0091    26.7937    26.7883     66.369     66.505      0.250    1475.61    1475.54  0.000e+00
       6868     67.500     6.2465     6.2318    -0.0147    3.38067    3.37832          1     6.1983     6.3574       9.95     0.0338  4.924e-11  1.000e-12  2.031e+00    34.0851    34.0735    -0.0116    26.7983    26.7910     66.864     67.001      0.257    1475.67    1475.60  0.000e+00
       6926     68.000     6.2482     6.2415    -0.0067    3.38122    3.37990          1     6.2255     6.3553       9.95     0.0332  4.924e-11  1.000e-12  2.031e+00    34.0892    34.0812    -0.0080    26.8013    26.7959     67.360     67.497      0.224    1475.69    1475.65  0.000e+00
       6972     68.500     6.2505     6.2462    -0.0043    3.38165    3.38091          1     6.1947     6.3655       9.95     0.0336  4.924e-11  1.000e-12  2.031e+00    34.0916    34.0876    -0.0040    26.8029    26.8003     67.855     67.993      0.344    1475.71    1475.69  0.000e+00
       7011     69.000     6.2546     6.2492    -0.0054    3.38238    3.38153          1     6.2016     6.3589       9.95     0.0342  4.924e-11  1.000e-12  2.031e+00    34.0953    34.0912    -0.0041    26.8053    26.8027     68.350     68.489      0.235    1475.74    1475.71  0.000e+00
       7083     69.500     6.2585     6.2534    -0.0051    3.38321    3.38242          1     6.2120     6.3608       9.95     0.0339  4.924e-11  1.000e-12  2.031e+00    34.1004    34.0967    -0.0037    26.8088    26.8066     68.845     68.985      0.267    1475.77    1475.75  0.000e+00
       7118     70.000     6.2615     6.2587    -0.0028    3.38380    3.38329          1     6.2295     6.3611       9.95     0.0330  4.924e-11  1.000e-12  2.031e+00    34.1038    34.1008    -0.0030    26.8111    26.8091     69.341     69.481      0.368    1475.80    1475.78  0.000e+00
       7151     70.500     6.2631     6.2601    -0.0030    3.38425    3.38376          1     6.2287     6.3623       9.95     0.0336  4.924e-11  1.000e-12  2.031e+00    34.1070    34.1045    -0.0025    26.8134    26.8119     69.836     69.977      0.330    1475.81    1475.80  0.000e+00
       7192     71.000     6.2637     6.2596    -0.0041    3.38459    3.38396          1     6.1815     6.3562       9.95     0.0341  4.924e-11  1.000e-12  2.031e+00    34.1099    34.1070    -0.0029    26.8157    26.8139     70.331     70.473      0.227    1475.83    1475.81  0.000e+00
       7263     71.500     6.2691     6.2649    -0.0042    3.38597    3.38481          1     6.1537     6.3565       9.95     0.0337  4.924e-11  1.000e-12  2.031e+00    34.1197    34.1109    -0.0089    26.8227    26.8163     70.826     70.969      0.246    1475.87    1475.84  0.000e+00
       7314     72.000     6.2840     6.2710    -0.0129    3.38849    3.38645          1     6.1655     6.3434       9.95     0.0338  4.924e-11  1.000e-12  2.031e+00    34.1328    34.1230    -0.0098    26.8311    26.8250     71.321     71.465      0.224    1475.95    1475.89  0.000e+00
       7364     72.500     6.3017     6.2915    -0.0103    3.39080    3.38863          1     6.1555     6.3527       9.95     0.0335  4.924e-11  1.000e-12  2.031e+00    34.1405    34.1265    -0.0140    26.8349    26.8252     71.817     71.960      0.373    1476.04    1475.98  0.000e+00
       7393     73.000     6.3355     6.3195    -0.0161    3.39469    3.39219          1     6.1421     6.3396       9.95     0.0332  4.924e-11  1.000e-12  2.031e+00    34.1497    34.1380    -0.0118    26.8378    26.8306     72.312     72.456      0.343    1476.19    1476.12  0.000e+00
       7453     73.500     6.3471     6.3255    -0.0216    3.39603    3.39310          1     6.1727     6.3373       9.95     0.0333  4.924e-11  1.000e-12  2.031e+00    34.1529    34.1418    -0.0111    26.8388    26.8328     72.807     72.952      0.234    1476.25    1476.15  0.000e+00
       7500     74.000     6.3604     6.3538    -0.0066    3.39756    3.39643          1     6.1960     6.3344       9.95     0.0333  4.924e-11  1.000e-12  2.031e+00    34.1564    34.1504    -0.0060    26.8398    26.8360     73.302     73.448      0.305    1476.32    1476.28  0.000e+00
       7538     74.500     6.3701     6.3581    -0.0120    3.39873    3.39715          1     6.1698     6.3394       9.95     0.0341  4.924e-11  1.000e-12  2.031e+00    34.1595    34.1538    -0.0056    26.8410    26.8381     73.797     73.944      0.324    1476.37    1476.31  0.000e+00
       7576     75.000     6.3853     6.3610    -0.0243    3.40067    3.39771          1     6.1672     6.3335       9.95     0.0343  4.924e-11  1.000e-12  2.031e+00    34.1656    34.1570    -0.0086    26.8438    26.8402     74.293     74.440      0.256    1476.44    1476.34  0.000e+00
       7658     75.500     6.3845     6.3758    -0.0087    3.40078    3.39920          1     6.1610     6.3184       9.95     0.0344  4.924e-11  1.000e-12  2.031e+00    34.1674    34.1585    -0.0089    26.8454    26.8394     74.788     74.936      0.271    1476.45    1476.40  0.000e+00
       7698     76.000     6.3623     6.3752     0.0129    3.39892    3.39998          1     6.1497     6.3140       9.95     0.0342  4.924e-11  1.000e-12  2.031e+00    34.1686    34.1676    -0.0011    26.8492    26.8467     75.283     75.432      0.266    1476.37    1476.42  0.000e+00
       7739     76.500     6.4049     6.3935    -0.0116    3.40436    3.40128          1     6.1366     6.3527       9.95     0.0340  4.924e-11  1.000e-12  2.031e+00    34.1864    34.1635    -0.0230    26.8577    26.8411     75.778     75.928      0.379    1476.57    1476.50  0.000e+00
       7768     77.000     6.6014     6.5178    -0.0836    3.42563    3.41282          1     6.1728     6.2813       9.95     0.0342  4.924e-11  1.000e-12  2.031e+00    34.2258    34.1672    -0.0586    26.8628    26.8277     76.273     76.424      0.347    1477.40    1477.00  0.000e+00
       7845     77.500     6.6948     6.5265    -0.1682    3.43584    3.41312          1     6.1577     6.2616       9.95     0.0342  4.924e-11  1.000e-12  2.031e+00    34.2454    34.1616    -0.0838    26.8658    26.8221     76.768     76.920      0.289    1477.80    1477.03  0.000e+00
       7881     78.000     6.7544     6.7013    -0.0531    3.44289    3.43399          1     6.1551     6.2435       9.95     0.0342  4.924e-11  1.000e-12  2.031e+00    34.2636    34.2181    -0.0455    26.8721    26.8434     77.264     77.416      0.323    1478.06    1477.80  0.000e+00
       7938     78.500     6.7980     6.7179    -0.0801    3.44773    3.43656          1     6.0924     6.2374       9.95     0.0353  4.924e-11  1.000e-12  2.031e+00    34.2733    34.2298    -0.0435    26.8739    26.8504     77.759     77.912      0.267    1478.25    1477.88  0.000e+00
       7976     79.000     6.8796     6.8376    -0.0421    3.45718    3.44926          1     6.0894     6.2090       9.95     0.0345  4.924e-11  1.000e-12  2.031e+00    34.2958    34.2504    -0.0454    26.8805    26.8505     78.254     78.408      0.400    1478.61    1478.39  0.000e+00
       8036     79.500     6.9023     6.8301    -0.0721    3.45973    3.44991          1     6.0666     6.2154       9.95     0.0332  4.924e-11  1.000e-12  2.031e+00    34.3010    34.2648    -0.0363    26.8816    26.8628     78.749     78.904      0.288    1478.71    1478.38  0.000e+00
       8090     80.000     7.0316     6.9776    -0.0542    3.47527    3.46207          1     6.1031     6.1641       9.95     0.0332  4.924e-11  1.000e-12  2.031e+00    34.3426    34.2513    -0.0913    26.8965    26.8320     79.244     79.400      0.455    1479.27    1478.95  0.000e+00
       8130     80.500     7.1067     6.9831    -0.1230    3.48306    3.46792          1     6.0511     6.1617       9.95     0.0330  4.924e-11  1.000e-12  2.031e+00    34.3531    34.3100    -0.0431    26.8944    26.8775     79.740     79.896      0.284    1479.58    1479.05  0.000e+00
       8182     81.000     7.1002     7.0493    -0.0513    3.48389    3.47214          1     6.0246     6.1678       9.95     0.0332  4.924e-11  1.000e-12  2.031e+00    34.3684    34.2902    -0.0782    26.9074    26.8528     80.235     80.392      0.376    1479.58    1479.29  0.000e+00
       8239     81.500     7.0686     7.0605    -0.0082    3.48091    3.47823          1     6.0365     6.1743       9.95     0.0331  4.924e-11  1.000e-12  2.031e+00    34.3669    34.3457    -0.0212    26.9105    26.8949     80.730     80.888      0.285    1479.47    1479.41  0.000e+00
       8293     82.000     7.0484     7.0540     0.0055    3.47904    3.47809          1     6.0276     6.1698       9.95     0.0331  4.924e-11  1.000e-12  2.031e+00    34.3663    34.3504    -0.0159    26.9129    26.8996     81.225     81.383      0.519    1479.40    1479.40  0.000e+00
       8313     82.500     6.9918     7.0185     0.0266    3.47354    3.47714          1     5.9903     6.2014       9.95     0.0329  4.924e-11  1.000e-12  2.031e+00    34.3621    34.3751     0.0130    26.9174    26.9240     81.720     81.879      0.526    1479.18    1479.30  0.000e+00
       8359     83.000     6.9206     6.9814     0.0609    3.46750    3.47288          1     6.0071     6.2093       9.95     0.0331  4.924e-11  1.000e-12  2.031e+00    34.3666    34.3650    -0.0016    26.9307    26.9211     82.216     82.375      0.277    1478.92    1479.15  0.000e+00
       8436     83.500     6.9091     6.9588     0.0497    3.46600    3.47135          1     6.0453     6.2088       9.95     0.0333  4.924e-11  1.000e-12  2.031e+00    34.3613    34.3706     0.0093    26.9281    26.9286     82.711     82.871      0.265    1478.88    1479.08  0.000e+00
       8490     84.000     6.9103     6.9327     0.0223    3.46627    3.46874          1     6.0292     6.2159       9.95     0.0346  4.924e-11  1.000e-12  2.031e+00    34.3628    34.3677     0.0049    26.9291    26.9299     83.206     83.367      0.236    1478.89    1478.98  0.000e+00
       8531     84.500     6.9352     6.9251    -0.0102    3.46946    3.46751          1     6.0233     6.2145       9.95     0.0358  4.924e-11  1.000e-12  2.031e+00    34.3728    34.3614    -0.0114    26.9336    26.9260     83.701     83.863      0.392    1479.01    1478.95  0.000e+00
       8562     85.000     7.0211     7.0305     0.0094    3.47936    3.47847          1     6.0433     6.1751       9.95     0.0351  4.924e-11  1.000e-12  2.031e+00    34.3957    34.3764    -0.0193    26.9398    26.9233     84.196     84.359      0.334    1479.38    1479.39  0.000e+00
