ctdpy/tests/etc/CTD_SMHI/SBE09_0827_20180122_0612_26_01_0156.cnv
* Sea-Bird SBE 9 Data File:
* FileName = D:\CTD_SBE911\DAT\26DA.2018.1.56.hex
* Software Version Seasave V 7.21d
* Temperature SN = 034757
* Conductivity SN = 041844
* Number of Bytes Per Scan = 48
* Number of Voltage Words = 5
* Number of Scans Averaged by the Deck Unit = 1
* NMEA Latitude = 58 41.41 N
* NMEA Longitude = 010 48.52 E
* NMEA UTC (Time) = Jan 22 2018  06:12:17
* NMEA baud rate = 4800
** Ship: DANA
** Average sound velocity: 1472.26 m/s
** True-depth calculation Wed, 24 Jan 2018 11:46:13 +0000
** CTD Python Module SMHI /ver 3-12/ feb 2012 
** LIMS Job: 20182601-0156
** Persgrund
** Operator: Ronny Sørensen
** Cruise: 01/2018
# nquan = 26
# nvalues = 190                         
# units = specified
# name 0 = scan: Scan Count
# name 1 = prDM: Pressure, Digiquartz [db]
# name 2 = t090C: Temperature [ITS-90, deg C]
# name 3 = t190C: Temperature, 2 [ITS-90, deg C]
# name 4 = T2-T190C: Temperature Difference, 2 - 1 [ITS-90, deg C]
# name 5 = c0S/m: Conductivity [S/m]
# name 6 = c1S/m: Conductivity, 2 [S/m]
# name 7 = pumps: Pump Status
# name 8 = sbeox1ML/L: Oxygen, SBE 43, 2 [ml/l]
# name 9 = sbeox0ML/L: Oxygen, SBE 43 [ml/l]
# name 10 = altM: Altimeter [m]
# name 11 = chloroflTC0: Chlorophyll, Turner Cyclops [ug/l]
# name 12 = cpar: CPAR/Corrected Irradiance [%]
# name 13 = par: PAR/Irradiance, Biospherical/Licor
# name 14 = spar: SPAR/Surface Irradiance
# name 15 = sal00: Salinity, Practical [PSU]
# name 16 = sal11: Salinity, Practical, 2 [PSU]
# name 17 = secS-priS: Salinity, Practical, Difference, 2 - 1 [PSU]
# name 18 = sigma-t00: Density [sigma-t, kg/m^3 ]
# name 19 = sigma-t11: Density, 2 [sigma-t, kg/m^3 ]
# name 20 = depSM: Depth [salt water, m], lat = 58.6902
# name 21 = depFM: Depth [true depth, m], lat = 58.6902
# name 22 = dz/dtM: Descent Rate [m/s], WS = 2
# name 23 = svCM: Sound Velocity [Chen-Millero, m/s]
# name 24 = svCM1: Sound Velocity, 2 [Chen-Millero, m/s]
# name 25 = flag: flag
# span 0 =        187,      10316       
# span 1 =      1.000,     95.500       
# span 2 =     3.3377,     7.3475       
# span 3 =     3.3906,     7.3435       
# span 4 =    -0.1775,     0.1879       
# span 5 =   2.192146,   3.484191       
# span 6 =   2.205310,   3.484036       
# span 7 =          1,          1       
# span 8 =     5.8672,     7.1880       
# span 9 =     6.7234,     7.7530       
# span 10 =       3.74,       9.96      
# span 11 =     0.0171,     0.0380      
# span 12 = -1.388e+03, 9.9881e+04      
# span 13 = 1.0000e-12, 1.0000e-12      
# span 14 = 2.4065e-03, 2.0590e+00      
# span 15 =    23.1160,    34.1391      
# span 16 =    23.2292,    34.1431      
# span 17 =    -0.5597,     0.3586      
# span 18 =    18.3919,    26.7009      
# span 19 =    18.4785,    26.7017      
# span 20 =      0.991,     94.588      
# span 21 =      1.000,     94.847      
# span 22 =      0.039,      0.301      
# span 23 =    1448.51,    1480.35      
# span 24 =    1448.89,    1480.36      
# span 25 = 0.0000e+00, 0.0000e+00      
# interval = decibars: 0.5              
# start_time = Jan 22 2018 06:12:17 [NMEA time, first data scan]
# bad_flag = -9.990e-29
*END*
        187      1.000     3.3377     3.5263     0.1879    2.19215    2.23511          1     7.1880 -9.990e-29       9.96     0.0182  4.924e-11  1.000e-12  2.031e+00    23.1160    23.4746     0.3586    18.3919    18.6646      0.991      1.000      0.039    1448.51    1449.80  0.000e+00
        642      1.500     3.4651     3.3906    -0.0745    2.23005    2.20531          1     7.1440 -9.990e-29       9.96     0.0171  4.924e-11  1.000e-12  2.031e+00    23.4603    23.2292    -0.2311    18.6572    18.4785      1.486      1.500      0.228    1449.52    1448.89  0.000e+00
        693      2.000     3.5871     3.4289    -0.1582    2.26377    2.21207          1     7.1495 -9.990e-29       9.96     0.0171  4.924e-11  1.000e-12  2.031e+00    23.7592    23.2793    -0.4799    18.8866    18.5158      1.981      2.000      0.239    1450.44    1449.13  0.000e+00
        740      2.500     3.6700     3.4975    -0.1725    2.28875    2.23463          1     7.1200 -9.990e-29       9.96     0.0183  4.924e-11  1.000e-12  2.031e+00    23.9851    23.4893    -0.4957    19.0603    18.6782      2.477      2.500      0.286    1451.10    1449.71  0.000e+00
        779      3.000     3.7519     3.5745    -0.1775    2.31598    2.25583          1     7.0805 -9.990e-29       9.96     0.0209  4.924e-11  1.000e-12  2.031e+00    24.2366    23.6769    -0.5597    19.2542    18.8221      2.972      3.000      0.283    1451.78    1450.30  0.000e+00
        831      3.500     3.8390     3.6799    -0.1592    2.33569    2.28678          1     7.0813 -9.990e-29       9.96     0.0215  4.924e-11  1.000e-12  2.031e+00    24.3972    23.9548    -0.4424    19.3754    19.0356      3.467      3.499      0.236    1452.37    1451.12  0.000e+00
        877      4.000     3.8765     3.7702    -0.1063    2.34855    2.31348          1     7.0381 -9.990e-29       9.96     0.0213  4.924e-11  1.000e-12  2.031e+00    24.5160    24.1939    -0.3221    19.4670    19.2191      3.963      3.999      0.256    1452.70    1451.82  0.000e+00
        922      4.500     3.9549     3.8451    -0.1098    2.38027    2.33311          1     6.9739     6.8961       9.96     0.0222  4.924e-11  1.000e-12  2.031e+00    24.8193    24.3626    -0.4567    19.7018    19.3475      4.458      4.498      0.262    1453.43    1452.37  0.000e+00
        973      5.000     4.0337     3.9544    -0.0793    2.43213    2.38226          1     6.9277     6.9551       9.96     0.0223  4.924e-11  1.000e-12  2.031e+00    25.3515    24.8422    -0.5094    20.1180    19.7199      4.953      4.998      0.226    1454.46    1453.47  0.000e+00
       1025      5.500     4.2828     4.1564    -0.1262    2.48643    2.44619          1     6.9323     6.9435       9.96     0.0232  4.924e-11  1.000e-12  2.031e+00    25.7769    25.4169    -0.3600    20.4352    20.1601      5.449      5.497      0.246    1456.07    1455.07  0.000e+00
       1072      6.000     4.3006     4.2368    -0.0638    2.51344    2.48078          1     6.8456     6.9704       9.96     0.0240  4.924e-11  1.000e-12  2.031e+00    26.0698    25.7483    -0.3215    20.6659    20.4163      5.944      5.996      0.234    1456.53    1455.85  0.000e+00
       1126      6.500     4.3352     4.3132    -0.0220    2.54076    2.51198          1     6.8342     6.9529       9.96     0.0247  4.924e-11  1.000e-12  2.031e+00    26.3535    26.0432    -0.3103    20.8879    20.6438      6.439      6.495      0.236    1457.05    1456.56  0.000e+00
       1175      7.000     4.2915     4.2928     0.0013    2.56175    2.53767          1     6.7846     7.0432       9.96     0.0246  4.924e-11  1.000e-12  2.031e+00    26.6278    26.3519    -0.2758    21.1090    20.8902      6.935      6.993      0.251    1457.22    1456.87  0.000e+00
       1224      7.500     4.4154     4.3484    -0.0670    2.58644    2.56353          1     6.7788     7.0653       9.96     0.0273  4.924e-11  1.000e-12  2.031e+00    26.8087    26.6018    -0.2069    21.2417    21.0835      7.430      7.492      0.223    1457.98    1457.43  0.000e+00
       1278      8.000     4.4797     4.4419    -0.0377    2.63166    2.59343          1     6.7614     7.1299       9.96     0.0274  4.924e-11  1.000e-12  2.031e+00    27.2711    26.8664    -0.4046    21.6025    21.2852      7.925      7.991      0.251    1458.85    1458.18  0.000e+00
       1325      8.500     4.3998     4.4542     0.0544    2.67185    2.63556          1     6.7359     7.1993       9.96     0.0286  4.924e-11  1.000e-12  2.031e+00    27.7965    27.3363    -0.4601    22.0261    21.6565      8.421      8.489      0.241    1459.19    1458.84  0.000e+00
       1381      9.000     4.3269     4.3573     0.0304    2.68105    2.67071          1     6.7088     7.2871       9.96     0.0285  2.048e-05  1.000e-12  2.031e+00    27.9632    27.8190    -0.1442    22.1648    22.0478      8.916      8.987      0.212    1459.11    1459.05  0.000e+00
       1431      9.500     4.3306     4.3272    -0.0034    2.70000    2.68193          1     6.6790     7.3629       9.96     0.0292  2.298e+03  1.000e-12  1.984e+00    28.1773    27.9727    -0.2046    22.3343    22.1724      9.411      9.486      0.266    1459.41    1459.13  0.000e+00
       1480     10.000     4.3683     4.3415    -0.0267    2.73361    2.70237          1     6.6881     7.3851       9.96     0.0294  1.904e+01  1.000e-12  2.030e+00    28.5308    28.1950    -0.3358    22.6113    22.3474      9.906      9.984      0.220    1460.02    1459.48  0.000e+00
       1533     10.500     4.3948     4.3779    -0.0169    2.78944    2.74118          1     6.7084     7.4322       9.96     0.0299  4.924e-11  1.000e-12  2.031e+00    29.1495    28.6092    -0.5403    23.0995    22.6725     10.402     10.481      0.256    1460.94    1460.17  0.000e+00
       1577     11.000     4.3633     4.3839     0.0205    2.81752    2.78022          1     6.7059     7.4851       9.96     0.0321  4.924e-11  1.000e-12  2.031e+00    29.5010    29.0529    -0.4482    23.3812    23.0238     10.897     10.979      0.265    1461.26    1460.77  0.000e+00
       1629     11.500     4.3727     4.3679    -0.0049    2.84061    2.82116          1     6.7009     7.5368       9.96     0.0339  4.924e-11  1.000e-12  2.031e+00    29.7588    29.5387    -0.2202    23.5849    23.4107     11.392     11.477      0.209    1461.64    1461.34  0.000e+00
       1685     12.000     4.3980     4.3850    -0.0131    2.84999    2.84225          1     6.6872     7.5406       9.96     0.0342  4.924e-11  1.000e-12  2.031e+00    29.8441    29.7665    -0.0777    23.6501    23.5898     11.888     11.974      0.242    1461.86    1461.71  0.000e+00
       1732     12.500     4.4503     4.4051    -0.0452    2.86095    2.84843          1     6.6075     7.5832       9.96     0.0332  4.924e-11  1.000e-12  2.031e+00    29.9228    29.8195    -0.1034    23.7075    23.6299     12.383     12.472      0.248    1462.19    1461.87  0.000e+00
       1786     13.000     4.7948     4.6364    -0.1583    2.94646    2.89441          1     6.6061     7.5163       9.96     0.0328  4.924e-11  1.000e-12  2.031e+00    30.5909    30.1384    -0.4525    24.2028    23.8601     12.878     12.969      0.213    1464.48    1463.25  0.000e+00
       1837     13.500     4.8598     4.8066    -0.0532    2.96685    2.94363          1     6.5654     7.5079       9.96     0.0317  4.924e-11  1.000e-12  2.031e+00    30.7644    30.5474    -0.2169    24.3336    24.1672     13.374     13.466      0.262    1464.98    1464.48  0.000e+00
       1884     14.000     4.8862     4.8586    -0.0276    2.97764    2.96446          1     6.5432     7.5304       9.96     0.0317  4.924e-11  1.000e-12  2.031e+00    30.8633    30.7379    -0.1253    24.4091    24.3127     13.869     13.963      0.231    1465.22    1464.95  0.000e+00
       1939     14.500     4.9115     4.9000    -0.0114    2.98723    2.97860          1     6.5142     7.5524       9.96     0.0321  4.924e-11  1.000e-12  2.031e+00    30.9493    30.8612    -0.0881    24.4746    24.4060     14.364     14.461      0.215    1465.44    1465.28  0.000e+00
       1995     15.000     4.9159     4.9105    -0.0054    3.00209    2.99021          1     6.5017     7.5774       9.96     0.0323  4.924e-11  1.000e-12  2.031e+00    31.1150    30.9840    -0.1310    24.6054    24.5023     14.860     14.958      0.225    1465.68    1465.49  0.000e+00
       2044     15.500     4.9189     4.9097    -0.0093    3.01441    3.00366          1     6.5181     7.5889       9.96     0.0321  4.924e-11  1.000e-12  2.031e+00    31.2531    31.1386    -0.1145    24.7145    24.6248     15.355     15.455      0.259    1465.88    1465.69  0.000e+00
       2093     16.000     4.9370     4.9288    -0.0082    3.02600    3.01747          1     6.5115     7.5799       9.95     0.0325  4.924e-11  1.000e-12  2.031e+00    31.3685    31.2785    -0.0900    24.8041    24.7336     15.850     15.952      0.221    1466.11    1465.96  0.000e+00
       2148     16.500     4.9584     4.9413    -0.0170    3.04049    3.02908          1     6.4822     7.5786       9.96     0.0325  4.924e-11  1.000e-12  2.031e+00    31.5141    31.3995    -0.1146    24.9171    24.8281     16.346     16.449      0.241    1466.39    1466.17  0.000e+00
       2195     17.000     4.9992     4.9808    -0.0185    3.05163    3.04427          1     6.4420     7.5770       9.96     0.0323  4.924e-11  1.000e-12  2.031e+00    31.6027    31.5359    -0.0669    24.9829    24.9319     16.841     16.945      0.245    1466.68    1466.52  0.000e+00
       2253     17.500     5.2666     5.1648    -0.1021    3.09352    3.07048          1     6.4706     7.5404       9.95     0.0324  4.924e-11  1.000e-12  2.031e+00    31.8263    31.6606    -0.1657    25.1305    25.0106     17.336     17.442      0.192    1468.06    1467.44  0.000e+00
       2311     18.000     5.2826     5.3185     0.0358    3.10252    3.10127          1     6.4533     7.5308       9.96     0.0307  4.924e-11  1.000e-12  2.031e+00    31.9135    31.8651    -0.0484    25.1978    25.1555     17.831     17.939      0.235    1468.25    1468.33  0.000e+00
       2361     18.500     5.1207     5.1590     0.0383    3.09306    3.09454          1     6.3985     7.6236       9.96     0.0323  4.924e-11  1.000e-12  2.031e+00    31.9601    31.9404    -0.0196    25.2527    25.2329     18.327     18.436      0.222    1467.66    1467.79  0.000e+00
       2419     19.000     5.1345     5.1316    -0.0030    3.09705    3.09537          1     6.4473     7.6086       9.96     0.0342  4.924e-11  1.000e-12  2.031e+00    31.9923    31.9759    -0.0164    25.2767    25.2640     18.822     18.932      0.214    1467.76    1467.73  0.000e+00
       2471     19.500     5.1525     5.1466    -0.0059    3.10309    3.09990          1     6.4567     7.6205       9.96     0.0339  4.924e-11  1.000e-12  2.031e+00    32.0438    32.0130    -0.0308    25.3155    25.2917     19.317     19.429      0.239    1467.91    1467.84  0.000e+00
       2522     20.000     5.1630     5.1590    -0.0040    3.10702    3.10479          1     6.4665     7.6224       9.96     0.0338  4.924e-11  1.000e-12  2.031e+00    32.0783    32.0566    -0.0216    25.3416    25.3249     19.813     19.926      0.216    1468.00    1467.96  0.000e+00
       2583     20.500     5.1764     5.1705    -0.0059    3.11439    3.11092          1     6.4507     7.6260       9.95     0.0340  4.924e-11  1.000e-12  2.031e+00    32.1494    32.1154    -0.0339    25.3964    25.3702     20.308     20.423      0.209    1468.16    1468.09  0.000e+00
       2637     21.000     5.1789     5.1770    -0.0019    3.11757    3.11611          1     6.4373     7.6350       9.96     0.0343  4.924e-11  1.000e-12  2.031e+00    32.1830    32.1682    -0.0148    25.4227    25.4112     20.803     20.919      0.222    1468.22    1468.19  0.000e+00
       2693     21.500     5.2124     5.2073    -0.0051    3.12486    3.12216          1     6.4607     7.6353       9.96     0.0344  4.924e-11  1.000e-12  2.031e+00    32.2337    32.2079    -0.0258    25.4591    25.4393     21.298     21.416      0.221    1468.43    1468.37  0.000e+00
       2745     22.000     5.2122     5.2104    -0.0018    3.12769    3.12610          1     6.4388     7.6229       9.96     0.0347  4.924e-11  1.000e-12  2.031e+00    32.2660    32.2496    -0.0164    25.4847    25.4720     21.794     21.912      0.231    1468.47    1468.45  0.000e+00
       2797     22.500     5.2460     5.2365    -0.0095    3.13459    3.13104          1     6.4385     7.6145       9.96     0.0348  4.924e-11  1.000e-12  2.031e+00    32.3119    32.2805    -0.0313    25.5172    25.4935     22.289     22.409      0.233    1468.68    1468.60  0.000e+00
       2852     23.000     5.2669     5.2662    -0.0007    3.14143    3.13970          1     6.4140     7.6255       9.96     0.0347  4.924e-11  1.000e-12  2.031e+00    32.3695    32.3504    -0.0191    25.5605    25.5455     22.784     22.906      0.198    1468.84    1468.82  0.000e+00
       2911     23.500     5.2718     5.2683    -0.0035    3.14534    3.14312          1     6.3961     7.6389       9.96     0.0342  4.924e-11  1.000e-12  2.031e+00    32.4089    32.3871    -0.0218    25.5912    25.5743     23.280     23.402      0.224    1468.92    1468.88  0.000e+00
       2965     24.000     5.2831     5.2790    -0.0041    3.14850    3.14696          1     6.4088     7.6346       9.96     0.0342  4.924e-11  1.000e-12  2.031e+00    32.4338    32.4202    -0.0136    25.6096    25.5993     23.775     23.899      0.209    1469.01    1468.97  0.000e+00
       3021     24.500     5.3390     5.3209    -0.0180    3.16393    3.15630          1     6.4213     7.6362       9.96     0.0345  4.924e-11  1.000e-12  2.031e+00    32.5552    32.4858    -0.0694    25.6993    25.6464     24.270     24.395      0.231    1469.40    1469.24  0.000e+00
       3074     25.000     5.3961     5.3814    -0.0147    3.17949    3.17262          1     6.3730     7.6185       9.96     0.0342  4.924e-11  1.000e-12  2.031e+00    32.6767    32.6127    -0.0639    25.7888    25.7399     24.765     24.892      0.209    1469.79    1469.65  0.000e+00
       3133     25.500     5.4855     5.4703    -0.0153    3.20012    3.19304          1     6.3864     7.5998       9.96     0.0343  4.924e-11  1.000e-12  2.031e+00    32.8235    32.7580    -0.0655    25.8947    25.8446     25.261     25.388      0.214    1470.35    1470.20  0.000e+00
       3193     26.000     5.5026     5.5020    -0.0005    3.20623    3.20427          1     6.3833     7.5948       9.96     0.0342  4.924e-11  1.000e-12  2.031e+00    32.8761    32.8544    -0.0217    25.9343    25.9172     25.756     25.885      0.177    1470.49    1470.46  0.000e+00
       3258     26.500     5.4885     5.4901     0.0016    3.20664    3.20592          1     6.3657     7.6197       9.96     0.0336  4.924e-11  1.000e-12  2.031e+00    32.8943    32.8845    -0.0098    25.9503    25.9424     26.251     26.381      0.218    1470.47    1470.46  0.000e+00
       3314     27.000     5.4562     5.4600     0.0038    3.20413    3.20446          1     6.3551     7.6261       9.96     0.0338  1.376e-04  1.000e-12  2.031e+00    32.8971    32.8971     0.0001    25.9563    25.9559     26.747     26.877      0.201    1470.35    1470.36  0.000e+00
       3375     27.500     5.4518     5.4451    -0.0067    3.20553    3.20365          1     6.3486     7.6204       9.96     0.0332  1.599e+04  1.000e-12  1.706e+00    32.9172    32.9023    -0.0149    25.9727    25.9617     27.242     27.374      0.212    1470.36    1470.32  0.000e+00
       3427     28.000     5.5437     5.5131    -0.0306    3.22580    3.21508          1     6.3304     7.6116       9.96     0.0335  9.988e+04  1.000e-12  2.406e-03    33.0569    32.9653    -0.0916    26.0725    26.0036     27.737     27.870      0.236    1470.92    1470.68  0.000e+00
