ctdpy/tests/etc/CTD_SMHI/SBE09_0827_20180122_1216_26_01_0161.cnv
* Sea-Bird SBE 9 Data File:
* FileName = D:\CTD_SBE911\DAT\26DA.2018.1.61.hex
* Software Version Seasave V 7.21d
* Temperature SN = 034757
* Conductivity SN = 041844
* Number of Bytes Per Scan = 48
* Number of Voltage Words = 5
* Number of Scans Averaged by the Deck Unit = 1
* NMEA Latitude = 58 31.45 N
* NMEA Longitude = 010 48.58 E
* NMEA UTC (Time) = Jan 22 2018  12:16:40
* NMEA baud rate = 4800
** Ship: DANA
** Average sound velocity: 1475.91 m/s
** True-depth calculation Wed, 24 Jan 2018 11:48:04 +0000
** CTD Python Module SMHI /ver 3-12/ feb 2012 
** LIMS Job: 20182601-0161
** 5W Vaderoarna
** Operator: Ronny Sørensen
** Cruise: 01/2018
# nquan = 26
# nvalues = 204                         
# units = specified
# name 0 = scan: Scan Count
# name 1 = prDM: Pressure, Digiquartz [db]
# name 2 = t090C: Temperature [ITS-90, deg C]
# name 3 = t190C: Temperature, 2 [ITS-90, deg C]
# name 4 = T2-T190C: Temperature Difference, 2 - 1 [ITS-90, deg C]
# name 5 = c0S/m: Conductivity [S/m]
# name 6 = c1S/m: Conductivity, 2 [S/m]
# name 7 = pumps: Pump Status
# name 8 = sbeox1ML/L: Oxygen, SBE 43, 2 [ml/l]
# name 9 = sbeox0ML/L: Oxygen, SBE 43 [ml/l]
# name 10 = altM: Altimeter [m]
# name 11 = chloroflTC0: Chlorophyll, Turner Cyclops [ug/l]
# name 12 = cpar: CPAR/Corrected Irradiance [%]
# name 13 = par: PAR/Irradiance, Biospherical/Licor
# name 14 = spar: SPAR/Surface Irradiance
# name 15 = sal00: Salinity, Practical [PSU]
# name 16 = sal11: Salinity, Practical, 2 [PSU]
# name 17 = secS-priS: Salinity, Practical, Difference, 2 - 1 [PSU]
# name 18 = sigma-t00: Density [sigma-t, kg/m^3 ]
# name 19 = sigma-t11: Density, 2 [sigma-t, kg/m^3 ]
# name 20 = depSM: Depth [salt water, m], lat = 58.5242
# name 21 = depFM: Depth [true depth, m], lat = 58.5242
# name 22 = dz/dtM: Descent Rate [m/s], WS = 2
# name 23 = svCM: Sound Velocity [Chen-Millero, m/s]
# name 24 = svCM1: Sound Velocity, 2 [Chen-Millero, m/s]
# name 25 = flag: flag
# span 0 =        245,      10284       
# span 1 =      2.000,    103.500       
# span 2 =     4.8220,     7.2708       
# span 3 =     4.8193,     7.2705       
# span 4 =    -0.0107,     0.0815       
# span 5 =   3.021741,   3.494500       
# span 6 =   3.020799,   3.494652       
# span 7 =          1,          1       
# span 8 =     5.8962,     6.5405       
# span 9 =     6.0885,     6.7321       
# span 10 =       2.87,       9.99      
# span 11 =     0.0208,     0.0427      
# span 12 = 1.6863e-13, 3.3087e+00      
# span 13 = 1.0000e-12, 1.7178e+01      
# span 14 = 4.9235e+02, 5.9300e+02      
# span 15 =    31.4352,    34.3064      
# span 16 =    31.4270,    34.3084      
# span 17 =    -0.1311,     0.1462      
# span 18 =    24.8690,    26.8347      
# span 19 =    24.8628,    26.8363      
# span 20 =      1.981,    102.511      
# span 21 =      1.988,    102.699      
# span 22 =      0.163,      0.499      
# span 23 =    1465.49,    1480.48      
# span 24 =    1465.47,    1480.49      
# span 25 = 0.0000e+00, 0.0000e+00      
# interval = decibars: 0.5              
# start_time = Jan 22 2018 12:16:40 [NMEA time, first data scan]
# bad_flag = -9.990e-29
*END*
[from data line 168]
       8587     86.000     7.2502     7.2514     0.0011    3.49128    3.49154          1     5.9385     6.1000       9.96     0.0391  1.716e-13  1.000e-12  5.829e+02    34.2975    34.2993     0.0018    26.8306    26.8318     85.182     85.341      0.256    1480.16    1480.16  0.000e+00
       8628     86.500     7.2493     7.2483    -0.0010    3.49114    3.49126          1     5.9487     6.0950       9.96     0.0395  1.732e-13  1.000e-12  5.774e+02    34.2967    34.2990     0.0023    26.8301    26.8320     85.677     85.837      0.311    1480.16    1480.16  0.000e+00
       8673     87.000     7.2479     7.2475    -0.0005    3.49098    3.49110          1     5.9098     6.1052       9.96     0.0419  1.744e-13  1.000e-12  5.733e+02    34.2961    34.2979     0.0018    26.8298    26.8312     86.172     86.333      0.214    1480.16    1480.16  0.000e+00
       8734     87.500     7.2457     7.2449    -0.0008    3.49073    3.49082          1     5.9151     6.1122       9.96     0.0398  1.767e-13  1.000e-12  5.660e+02    34.2953    34.2971     0.0018    26.8294    26.8310     86.667     86.828      0.289    1480.16    1480.16  0.000e+00
       8771     88.000     7.2470     7.2474     0.0003    3.49090    3.49110          1     5.9192     6.1152       9.96     0.0397  1.779e-13  1.000e-12  5.622e+02    34.2956    34.2974     0.0018    26.8295    26.8309     87.162     87.324      0.273    1480.17    1480.18  0.000e+00
       8842     88.500     7.2466     7.2462    -0.0004    3.49086    3.49103          1     5.9344     6.1182       9.96     0.0407  1.800e-13  1.000e-12  5.555e+02    34.2954    34.2976     0.0022    26.8294    26.8312     87.657     87.820      0.304    1480.18    1480.18  0.000e+00
       8872     89.000     7.2465     7.2460    -0.0005    3.49087    3.49101          1     5.9349     6.1126       9.96     0.0389  1.809e-13  1.000e-12  5.528e+02    34.2954    34.2974     0.0020    26.8294    26.8310     88.152     88.316      0.399    1480.19    1480.19  0.000e+00
       8916     89.500     7.2483     7.2515     0.0031    3.49115    3.49157          1     5.9105     6.1054       9.96     0.0378  1.814e-13  1.000e-12  5.514e+02    34.2963    34.2978     0.0014    26.8299    26.8306     88.648     88.812      0.233    1480.20    1480.22  0.000e+00
       8978     90.000     7.2504     7.2504    -0.0001    3.49147    3.49162          1     5.9449     6.1214       9.96     0.0393  1.818e-13  1.000e-12  5.501e+02    34.2975    34.2992     0.0017    26.8305    26.8319     89.143     89.308      0.317    1480.22    1480.23  0.000e+00
       9014     90.500     7.2488     7.2472    -0.0017    3.49122    3.49137          1     5.9483     6.1116       9.96     0.0404  1.823e-13  1.000e-12  5.484e+02    34.2961    34.2993     0.0032    26.8297    26.8324     89.638     89.804      0.283    1480.22    1480.22  0.000e+00
       9071     91.000     7.2501     7.2518     0.0018    3.49148    3.49177          1     5.9623     6.1015       9.96     0.0419  1.819e-13  1.000e-12  5.498e+02    34.2975    34.2988     0.0013    26.8306    26.8313     90.133     90.300      0.212    1480.24    1480.25  0.000e+00
       9124     91.500     7.2608     7.2607    -0.0001    3.49293    3.49295          1     5.8984     6.0988       9.96     0.0390  1.810e-13  1.000e-12  5.524e+02    34.3024    34.3027     0.0003    26.8329    26.8332     90.628     90.796      0.248    1480.29    1480.29  0.000e+00
       9168     92.000     7.2610     7.2604    -0.0006    3.49295    3.49308          1     5.9176     6.1094       9.96     0.0389  1.810e-13  1.000e-12  5.526e+02    34.3022    34.3041     0.0019    26.8328    26.8343     91.123     91.292      0.308    1480.30    1480.30  0.000e+00
       9205     92.500     7.2615     7.2618     0.0003    3.49305    3.49322          1     5.9295     6.1142       9.96     0.0394  1.801e-13  1.000e-12  5.552e+02    34.3025    34.3042     0.0016    26.8329    26.8342     91.618     91.788      0.286    1480.31    1480.31  0.000e+00
       9262     93.000     7.2629     7.2626    -0.0002    3.49324    3.49339          1     5.9231     6.1087       9.96     0.0389  1.795e-13  1.000e-12  5.572e+02    34.3030    34.3049     0.0018    26.8331    26.8346     92.113     92.284      0.203    1480.33    1480.33  0.000e+00
       9314     93.500     7.2628     7.2625    -0.0004    3.49326    3.49339          1     5.9309     6.1006       9.96     0.0427  1.790e-13  1.000e-12  5.587e+02    34.3031    34.3048     0.0017    26.8331    26.8346     92.609     92.780      0.274    1480.33    1480.33  0.000e+00
       9360     94.000     7.2643     7.2638    -0.0005    3.49349    3.49360          1     5.9042     6.1135       9.96     0.0407  1.784e-13  1.000e-12  5.606e+02    34.3037    34.3054     0.0017    26.8335    26.8349     93.104     93.276      0.238    1480.35    1480.35  0.000e+00
       9415     94.500     7.2641     7.2639    -0.0002    3.49349    3.49363          1     5.9105     6.1121       9.95     0.0388  1.776e-13  1.000e-12  5.631e+02    34.3037    34.3055     0.0018    26.8335    26.8349     93.599     93.772      0.229    1480.36    1480.36  0.000e+00
       9462     95.000     7.2645     7.2641    -0.0003    3.49356    3.49370          1     5.9131     6.1108       9.71     0.0390  1.767e-13  1.000e-12  5.659e+02    34.3039    34.3058     0.0019    26.8336    26.8351     94.094     94.268      0.271    1480.37    1480.37  0.000e+00
       9509     95.500     7.2655     7.2652    -0.0003    3.49372    3.49384          1     5.9343     6.1046       9.21     0.0393  1.759e-13  1.000e-12  5.687e+02    34.3044    34.3059     0.0016    26.8338    26.8351     94.589     94.764      0.222    1480.38    1480.38  0.000e+00
       9565     96.000     7.2666     7.2666    -0.0000    3.49390    3.49404          1     5.9399     6.1012       8.74     0.0397  1.757e-13  1.000e-12  5.692e+02    34.3050    34.3066     0.0016    26.8341    26.8354     95.084     95.260      0.273    1480.39    1480.39  0.000e+00
       9603     96.500     7.2670     7.2665    -0.0005    3.49395    3.49409          1     5.9273     6.1057       8.25     0.0387  1.744e-13  1.000e-12  5.733e+02    34.3049    34.3069     0.0020    26.8340    26.8357     95.579     95.756      0.298    1480.40    1480.40  0.000e+00
       9658     97.000     7.2671     7.2668    -0.0003    3.49399    3.49413          1     5.9330     6.1082       7.74     0.0393  1.735e-13  1.000e-12  5.763e+02    34.3050    34.3069     0.0019    26.8340    26.8356     96.074     96.252      0.196    1480.41    1480.41  0.000e+00
       9715     97.500     7.2686     7.2688     0.0003    3.49421    3.49438          1     5.9190     6.1004       7.26     0.0387  1.725e-13  1.000e-12  5.798e+02    34.3057    34.3073     0.0016    26.8344    26.8357     96.569     96.748      0.281    1480.42    1480.43  0.000e+00
       9755     98.000     7.2708     7.2705    -0.0003    3.49450    3.49465          1     5.9360     6.1063       6.76     0.0376  1.709e-13  1.000e-12  5.852e+02    34.3064    34.3084     0.0020    26.8347    26.8363     97.065     97.244      0.257    1480.44    1480.44  0.000e+00
       9818     98.500     7.2665     7.2648    -0.0017    3.49395    3.49405          1     5.9256     6.0982       6.27     0.0391  1.704e-13  1.000e-12  5.868e+02    34.3044    34.3072     0.0028    26.8337    26.8361     97.560     97.740      0.222    1480.43    1480.43  0.000e+00
       9862     99.000     7.2611     7.2606    -0.0004    3.49327    3.49339          1     5.9410     6.1121       5.79     0.0404  1.699e-13  1.000e-12  5.887e+02    34.3021    34.3039     0.0018    26.8327    26.8342     98.055     98.236      0.318    1480.42    1480.42  0.000e+00
       9902     99.500     7.2628     7.2581    -0.0047    3.49345    3.49319          1     5.9530     6.1161       5.30     0.0388  1.691e-13  1.000e-12  5.912e+02    34.3022    34.3041     0.0018    26.8325    26.8346     98.550     98.732      0.237    1480.43    1480.42  0.000e+00
       9969    100.000     7.2558     7.2544    -0.0013    3.49256    3.49265          1     5.8989     6.1019       4.83     0.0407  1.692e-13  1.000e-12  5.910e+02    34.2992    34.3015     0.0023    26.8311    26.8331     99.045     99.228      0.254    1480.41    1480.41  0.000e+00
      10010    100.500     7.2552     7.2545    -0.0007    3.49249    3.49265          1     5.9163     6.1055       4.34     0.0406  1.687e-13  1.000e-12  5.929e+02    34.2988    34.3012     0.0024    26.8309    26.8328     99.540     99.723      0.285    1480.41    1480.41  0.000e+00
      10069    101.000     7.2544     7.2536    -0.0009    3.49241    3.49256          1     5.9223     6.1071       3.84     0.0393  1.686e-13  1.000e-12  5.930e+02    34.2984    34.3009     0.0025    26.8307    26.8328    100.035    100.219      0.208    1480.42    1480.42  0.000e+00
      10115    101.500     7.2541     7.2535    -0.0007    3.49241    3.49254          1     5.9004     6.0885       3.36     0.0410  1.686e-13  1.000e-12  5.930e+02    34.2985    34.3004     0.0020    26.8308    26.8324    100.530    100.715      0.341    1480.43    1480.43  0.000e+00
      10151    102.000     7.2544     7.2537    -0.0007    3.49247    3.49260          1     5.9443     6.0980       2.87     0.0407  1.687e-13  1.000e-12  5.926e+02    34.2985    34.3006     0.0021    26.8308    26.8325    101.025    101.211      0.279    1480.43    1480.44  0.000e+00
      10208    102.500     7.2557     7.2549    -0.0007    3.49266    3.49276          1     5.9715     6.1048       3.22     0.0408  1.697e-13  1.000e-12  5.894e+02    34.2991    34.3009     0.0018    26.8311    26.8326    101.521    101.707      0.234    1480.45    1480.45  0.000e+00
      10248    103.000     7.2569     7.2573     0.0004    3.49288    3.49308          1     5.9506     6.0956       3.96     0.0427  1.698e-13  1.000e-12  5.889e+02    34.3001    34.3018     0.0017    26.8316    26.8330    102.016    102.203      0.352    1480.46    1480.47  0.000e+00
      10284    103.500     7.2596     7.2594    -0.0002    3.49325    3.49335          1     5.9129     6.0959       4.19     0.0383  1.703e-13  1.000e-12  5.870e+02    34.3012    34.3025     0.0013    26.8321    26.8332    102.511    102.699      0.233    1480.48    1480.49  0.000e+00
