ctdpy/tests/etc/CTD_SMHI/SBE09_0827_20180121_1525_26_01_0148.cnv
* Sea-Bird SBE 9 Data File:
* FileName = D:\CTD_SBE911\DAT\26DA.2018.1.48.hex
* Software Version Seasave V 7.21d
* Temperature SN = 034757
* Conductivity SN = 041844
* Number of Bytes Per Scan = 48
* Number of Voltage Words = 5
* Number of Scans Averaged by the Deck Unit = 1
* NMEA Latitude = 57 45.06 N
* NMEA Longitude = 010 13.22 E
* NMEA UTC (Time) = Jan 21 2018  15:25:55
* NMEA baud rate = 4800
** Ship: DANA
** Average sound velocity: 1470.01 m/s
** True-depth calculation Wed, 24 Jan 2018 11:45:02 +0000
** CTD Python Module SMHI /ver 3-12/ feb 2012 
** LIMS Job: 20182601-0148
** 7.5N Hirtshals
** Operator: RSor
** Cruise: 01/2018
# nquan = 26
# nvalues = 157                         
# units = specified
# name 0 = scan: Scan Count
# name 1 = prDM: Pressure, Digiquartz [db]
# name 2 = t090C: Temperature [ITS-90, deg C]
# name 3 = t190C: Temperature, 2 [ITS-90, deg C]
# name 4 = T2-T190C: Temperature Difference, 2 - 1 [ITS-90, deg C]
# name 5 = c0S/m: Conductivity [S/m]
# name 6 = c1S/m: Conductivity, 2 [S/m]
# name 7 = pumps: Pump Status
# name 8 = sbeox1ML/L: Oxygen, SBE 43, 2 [ml/l]
# name 9 = sbeox0ML/L: Oxygen, SBE 43 [ml/l]
# name 10 = altM: Altimeter [m]
# name 11 = chloroflTC0: Chlorophyll, Turner Cyclops [ug/l]
# name 12 = cpar: CPAR/Corrected Irradiance [%]
# name 13 = par: PAR/Irradiance, Biospherical/Licor
# name 14 = spar: SPAR/Surface Irradiance
# name 15 = sal00: Salinity, Practical [PSU]
# name 16 = sal11: Salinity, Practical, 2 [PSU]
# name 17 = secS-priS: Salinity, Practical, Difference, 2 - 1 [PSU]
# name 18 = sigma-t00: Density [sigma-t, kg/m^3 ]
# name 19 = sigma-t11: Density, 2 [sigma-t, kg/m^3 ]
# name 20 = depSM: Depth [salt water, m], lat = 57.751
# name 21 = depFM: Depth [true depth, m], lat = 57.751
# name 22 = dz/dtM: Descent Rate [m/s], WS = 2
# name 23 = svCM: Sound Velocity [Chen-Millero, m/s]
# name 24 = svCM1: Sound Velocity, 2 [Chen-Millero, m/s]
# name 25 = flag: flag
# span 0 =        196,       8982       
# span 1 =      1.500,     79.500       
# span 2 =     4.6419,     6.7813       
# span 3 =     4.6316,     6.8050       
# span 4 =    -0.1799,     0.0303       
# span 5 =   2.998552,   3.436062       
# span 6 =   2.998095,   3.441733       
# span 7 =          1,          1       
# span 8 =     5.9101,     6.5470       
# span 9 =     6.6458,     7.9183       
# span 10 =       0.65,       9.96      
# span 11 =     0.0292,     0.0503      
# span 12 = -7.150e-04, 3.7907e+00      
# span 13 = -7.260e-05, 3.8492e-01      
# span 14 = 5.3217e+00, 1.0154e+01      
# span 15 =    31.3381,    34.1605      
# span 16 =    31.3393,    34.1998      
# span 17 =    -0.2240,     0.0532      
# span 18 =    24.8108,    26.7872      
# span 19 =    24.8077,    26.8151      
# span 20 =      1.486,     78.750      
# span 21 =      1.491,     78.946      
# span 22 =     -0.055,      0.486      
# span 23 =    1464.64,    1478.06      
# span 24 =    1464.60,    1478.21      
# span 25 = 0.0000e+00, 0.0000e+00      
# interval = decibars: 0.5              
# start_time = Jan 21 2018 15:25:56 [NMEA time, first data scan]
# bad_flag = -9.990e-29
*END*
        196      1.500     4.6555     4.6496    -0.0059    3.00074    3.00049          1     6.4068 -9.990e-29       9.96     0.0421  3.791e+00  3.849e-01  1.015e+01    31.3512    31.3539     0.0027    24.8198    24.8226      1.486      1.491      0.031    1464.69    1464.67  0.000e+00
        610      2.000     4.6452     4.6427    -0.0024    2.99926    2.99917          1     6.4076 -9.990e-29       9.96     0.0424  2.654e+00  2.695e-01  1.015e+01    31.3436    31.3449     0.0013    24.8149    24.8161      1.982      1.988      0.400    1464.64    1464.63  0.000e+00
        651      2.500     4.6421     4.6553     0.0132    2.99881    3.00028          1     6.4132 -9.990e-29       9.96     0.0413  1.490e+00  1.513e-01  1.015e+01    31.3411    31.3456     0.0045    24.8132    24.8153      2.477      2.485      0.486    1464.64    1464.70  0.000e+00
        678      3.000     4.6419     4.6316    -0.0101    2.99855    2.99810          1     6.4149 -9.990e-29       9.96     0.0407  4.709e-01  4.781e-02  1.015e+01    31.3381    31.3426     0.0045    24.8108    24.8154      2.972      2.982      0.418    1464.64    1464.60  0.000e+00
        710      3.500     4.6601     4.6811     0.0208    3.00087    3.00189          1     6.4369 -9.990e-29       9.96     0.0407  7.206e-03  7.317e-04  1.015e+01    31.3474    31.3393    -0.0081    24.8163    24.8077      3.468      3.479      0.342    1464.73    1464.81  0.000e+00
        749      4.000     4.6816     4.6933     0.0117    3.00373    3.00496          1     6.4731 -9.990e-29       9.96     0.0412 -7.150e-04 -7.260e-05  1.015e+01    31.3598    31.3629     0.0031    24.8239    24.8252      3.963      3.975      0.242    1464.85    1464.90  0.000e+00
        812      4.500     4.6869     4.6996     0.0127    3.00464    3.00605          1     6.4525 -9.990e-29       9.96     0.0410  9.848e-12  1.000e-12  1.015e+01    31.3650    31.3693     0.0043    24.8275    24.8296      4.458      4.472      0.263    1464.89    1464.94  0.000e+00
        848      5.000     4.6922     4.7057     0.0136    3.00544    3.00705          1     6.4246 -9.990e-29       9.96     0.0412  9.848e-12  1.000e-12  1.015e+01    31.3690    31.3746     0.0057    24.8301    24.8332      4.954      4.969      0.378    1464.92    1464.98  0.000e+00
        882      5.500     4.7018     4.7073     0.0055    3.00677    3.00745          1     6.4359 -9.990e-29       9.96     0.0426  9.848e-12  1.000e-12  1.015e+01    31.3749    31.3776     0.0027    24.8338    24.8353      5.449      5.466      0.289    1464.98    1465.00  0.000e+00
        938      6.000     4.7056     4.7053    -0.0003    3.00729    3.00728          1     6.4987 -9.990e-29       9.96     0.0438  9.848e-12  1.000e-12  1.015e+01    31.3771    31.3772     0.0001    24.8352    24.8353      5.944      5.963      0.214    1465.00    1465.00  0.000e+00
        984      6.500     4.7036     4.6924    -0.0112    3.00698    3.00594          1     6.4890 -9.990e-29       9.96     0.0445  9.848e-12  1.000e-12  1.015e+01    31.3752    31.3737    -0.0015    24.8338    24.8338      6.440      6.460      0.309    1465.00    1464.95  0.000e+00
       1025      7.000     4.6994     4.6850    -0.0143    3.00644    3.00503          1     6.5218 -9.990e-29       9.96     0.0473  9.848e-12  1.000e-12  1.015e+01    31.3728    31.3701    -0.0027    24.8324    24.8317      6.935      6.957      0.263    1464.99    1464.92  0.000e+00
       1073      7.500     4.6866     4.6806    -0.0060    3.00474    3.00436          1     6.5470 -9.990e-29       9.96     0.0477  9.848e-12  1.000e-12  1.015e+01    31.3650    31.3663     0.0013    24.8275    24.8291      7.431      7.454      0.271    1464.93    1464.91  0.000e+00
       1115      8.000     4.6818     4.6854     0.0037    3.00423    3.00450          1     6.5429 -9.990e-29       9.96     0.0476  9.848e-12  1.000e-12  1.015e+01    31.3633    31.3631    -0.0003    24.8267    24.8261      7.926      7.951      0.262    1464.92    1464.93  0.000e+00
       1164      8.500     4.6983     4.7126     0.0141    3.00684    3.00889          1     6.5194 -9.990e-29       9.96     0.0481  9.848e-12  1.000e-12  1.015e+01    31.3775    31.3878     0.0103    24.8362    24.8429      8.421      8.448      0.258    1465.01    1465.08  0.000e+00
       1207      9.000     4.7030     4.7003    -0.0027    3.00762    3.00738          1     6.5362 -9.990e-29       9.96     0.0464  9.848e-12  1.000e-12  1.015e+01    31.3819    31.3818    -0.0002    24.8392    24.8394      8.917      8.945      0.283    1465.05    1465.04  0.000e+00
       1251      9.500     4.7059     4.7198     0.0138    3.00814    3.00901          1     6.4813 -9.990e-29       9.96     0.0464  9.848e-12  1.000e-12  1.015e+01    31.3849    31.3817    -0.0032    24.8413    24.8373      9.412      9.442      0.263    1465.07    1465.12  0.000e+00
       1301     10.000     4.7425     4.7433     0.0009    3.01396    3.01397          1     6.4362 -9.990e-29       9.96     0.0459  9.848e-12  1.000e-12  1.015e+01    31.4171    31.4163    -0.0007    24.8630    24.8624      9.907      9.939      0.222    1465.27    1465.27  0.000e+00
       1351     10.500     4.7626     4.7597    -0.0029    3.01694    3.01537          1     6.4763 -9.990e-29       9.96     0.0450  9.848e-12  1.000e-12  1.015e+01    31.4320    31.4167    -0.0153    24.8728    24.8609     10.403     10.436      0.276    1465.38    1465.35  0.000e+00
       1392     11.000     4.7843     4.8009     0.0165    3.02062    3.02234          1     6.4946 -9.990e-29       9.96     0.0439  9.848e-12  1.000e-12  1.015e+01    31.4536    31.4577     0.0041    24.8876    24.8891     10.898     10.932      0.285    1465.51    1465.58  0.000e+00
       1438     11.500     4.7909     4.7952     0.0043    3.02232    3.02401          1     6.5066 -9.990e-29       9.96     0.0450  9.848e-12  1.000e-12  1.015e+01    31.4666    31.4820     0.0153    24.8972    24.9089     11.393     11.429      0.248    1465.56    1465.60  0.000e+00
       1484     12.000     4.7669     4.7290    -0.0378    3.01850    3.01391          1     6.4899 -9.990e-29       9.96     0.0453  9.848e-12  1.000e-12  1.015e+01    31.4452    31.4283    -0.0169    24.8828    24.8733     11.889     11.926      0.279    1465.44    1465.26  0.000e+00
       1529     12.500     4.7258     4.7177    -0.0081    3.01131    3.01054          1     6.4934 -9.990e-29       9.96     0.0454  9.848e-12  1.000e-12  1.015e+01    31.4011    31.3999    -0.0012    24.8521    24.8520     12.384     12.423      0.241    1465.22    1465.19  0.000e+00
       1579     13.000     4.7236     4.7540     0.0303    3.01113    3.01497          1     6.5218 -9.990e-29       9.96     0.0477  9.848e-12  1.000e-12  1.015e+01    31.4008    31.4163     0.0155    24.8521    24.8612     12.879     12.920      0.269    1465.22    1465.37  0.000e+00
       1621     13.500     4.7557     4.7739     0.0183    3.01749    3.02313          1     6.5055 -9.990e-29       9.96     0.0461  9.848e-12  1.000e-12  1.015e+01    31.4435    31.4912     0.0477    24.8825    24.9185     13.375     13.417      0.268    1465.42    1465.55  0.000e+00
       1670     14.000     4.7541     4.7535    -0.0006    3.02019    3.02475          1     6.4790 -9.990e-29       9.96     0.0443  9.848e-12  1.000e-12  1.015e+01    31.4758    31.5289     0.0532    24.9083    24.9505     13.870     13.914      0.241    1465.46    1465.52  0.000e+00
       1716     14.500     4.7629     4.7708     0.0079    3.02471    3.02747          1     6.4983 -9.990e-29       9.96     0.0454  9.848e-12  1.000e-12  1.015e+01    31.5194    31.5436     0.0242    24.9420    24.9603     14.365     14.411      0.287    1465.56    1465.62  0.000e+00
       1757     15.000     4.7854     4.7879     0.0025    3.02930    3.02977          1     6.4850 -9.990e-29       9.96     0.0441  9.848e-12  1.000e-12  1.015e+01    31.5505    31.5535     0.0030    24.9643    24.9664     14.861     14.908      0.277    1465.70    1465.71  0.000e+00
       1807     15.500     4.7949     4.8048     0.0099    3.03049    3.03170          1     6.4759 -9.990e-29       9.96     0.0427  9.848e-12  1.000e-12  1.015e+01    31.5549    31.5594     0.0045    24.9667    24.9693     15.356     15.405      0.226    1465.75    1465.80  0.000e+00
       1856     16.000     4.8168     4.8185     0.0016    3.03326    3.03334          1     6.4620 -9.990e-29       9.96     0.0434  9.848e-12  1.000e-12  1.015e+01    31.5657    31.5650    -0.0007    24.9730    24.9723     15.851     15.901      0.267    1465.86    1465.87  0.000e+00
       1901     16.500     4.8228     4.8217    -0.0011    3.03392    3.03376          1     6.4819 -9.990e-29       9.96     0.0453  9.848e-12  1.000e-12  1.015e+01    31.5674    31.5665    -0.0009    24.9738    24.9732     16.347     16.398      0.267    1465.90    1465.89  0.000e+00
       1943     17.000     4.8260     4.8252    -0.0009    3.03431    3.03417          1     6.4813 -9.990e-29       9.96     0.0472  9.848e-12  1.000e-12  1.015e+01    31.5686    31.5678    -0.0008    24.9743    24.9738     16.842     16.895      0.291    1465.92    1465.92  0.000e+00
       1990     17.500     4.8285     4.8331     0.0045    3.03465    3.03499          1     6.4999 -9.990e-29       9.96     0.0452  9.848e-12  1.000e-12  1.015e+01    31.5698    31.5694    -0.0004    24.9750    24.9742     17.337     17.392      0.226    1465.94    1465.96  0.000e+00
       2041     18.000     4.8544     4.8531    -0.0012    3.03843    3.03762          1     6.4837 -9.990e-29       9.96     0.0458  9.848e-12  1.000e-12  1.015e+01    31.5885    31.5803    -0.0082    24.9871    24.9807     17.833     17.889      0.283    1466.08    1466.07  0.000e+00
       2078     18.500     4.8739     4.8695    -0.0044    3.04522    3.04237          1     6.4524 -9.990e-29       9.95     0.0437  9.848e-12  1.000e-12  1.015e+01    31.6476    31.6191    -0.0285    25.0319    25.0098     18.328     18.386      0.328    1466.25    1466.19  0.000e+00
       2120     19.000     4.8991     4.8888    -0.0103    3.05258    3.04922          1     6.4491 -9.990e-29       9.96     0.0453  9.848e-12  1.000e-12  1.015e+01    31.7078    31.6791    -0.0287    25.0769    25.0553     18.823     18.882      0.239    1466.43    1466.35  0.000e+00
       2176     19.500     4.9093     4.9012    -0.0081    3.05793    3.05484          1     6.4971 -9.990e-29       9.96     0.0443  9.848e-12  1.000e-12  1.015e+01    31.7594    31.7316    -0.0278    25.1166    25.0955     19.319     19.379      0.244    1466.55    1466.48  0.000e+00
       2218     20.000     4.9051     4.9049    -0.0002    3.06057    3.05996          1     6.4643 -9.990e-29       9.96     0.0441  9.848e-12  1.000e-12  1.015e+01    31.7935    31.7867    -0.0068    25.1441    25.1388     19.814     19.876      0.315    1466.58    1466.57  0.000e+00
       2259     20.500     4.9058     4.9047    -0.0010    3.06089    3.06039          1     6.4655 -9.990e-29       9.96     0.0418  9.848e-12  1.000e-12  1.015e+01    31.7963    31.7915    -0.0048    25.1463    25.1426     20.309     20.373      0.264    1466.60    1466.59  0.000e+00
       2306     21.000     4.9048     4.9031    -0.0017    3.06119    3.06051          1     6.4593 -9.990e-29       9.96     0.0420  9.848e-12  1.000e-12  1.015e+01    31.8004    31.7942    -0.0062    25.1497    25.1449     20.805     20.870      0.263    1466.61    1466.59  0.000e+00
       2349     21.500     4.9026     4.9023    -0.0004    3.06164    3.06119          1     6.4500 -9.990e-29       9.96     0.0409  9.848e-12  1.000e-12  1.015e+01    31.8074    31.8025    -0.0048    25.1554    25.1516     21.300     21.366      0.284    1466.61    1466.61  0.000e+00
       2395     22.000     4.8967     4.8981     0.0015    3.06156    3.06126          1     6.4719 -9.990e-29       9.95     0.0409  9.848e-12  1.000e-12  1.015e+01    31.8119    31.8071    -0.0048    25.1597    25.1557     21.795     21.863      0.232    1466.60    1466.60  0.000e+00
       2447     22.500     4.8977     4.8973    -0.0004    3.06225    3.06146          1     6.4472 -9.990e-29       9.96     0.0404  9.848e-12  1.000e-12  1.015e+01    31.8186    31.8099    -0.0087    25.1648    25.1580     22.291     22.360      0.269    1466.63    1466.61  0.000e+00
       2485     23.000     4.8903     4.8926     0.0023    3.06257    3.06230          1     6.5011 -9.990e-29       9.96     0.0457  9.848e-12  1.000e-12  1.015e+01    31.8291    31.8238    -0.0053    25.1740    25.1695     22.786     22.857      0.340    1466.62    1466.62  0.000e+00
       2525     23.500     4.9001     4.8932    -0.0069    3.06436    3.06276          1     6.4325 -9.990e-29       9.96     0.0410  9.848e-12  1.000e-12  1.015e+01    31.8401    31.8282    -0.0118    25.1816    25.1729     23.281     23.353      0.251    1466.68    1466.64  0.000e+00
       2579     24.000     4.9159     4.8985    -0.0174    3.06704    3.06354          1     6.4594 -9.990e-29       9.95     0.0398  9.848e-12  1.000e-12  1.015e+01    31.8554    31.8319    -0.0235    25.1920    25.1753     23.777     23.850      0.241    1466.77    1466.67  0.000e+00
       2619     24.500     4.9211     4.9140    -0.0071    3.06899    3.06672          1     6.4760 -9.990e-29       9.95     0.0401  9.848e-12  1.000e-12  1.015e+01    31.8727    31.8533    -0.0194    25.2052    25.1906     24.272     24.347      0.335    1466.82    1466.77  0.000e+00
       2660     25.000     4.9250     4.9152    -0.0098    3.07101    3.06811          1     6.4501 -9.990e-29       9.95     0.0391  9.848e-12  1.000e-12  1.015e+01    31.8919    31.8680    -0.0239    25.2200    25.2021     24.767     24.844      0.250    1466.87    1466.80  0.000e+00
       2715     25.500     4.9434     4.9237    -0.0197    3.07435    3.07004          1     6.4784 -9.990e-29       9.95     0.0394  9.848e-12  1.000e-12  1.015e+01    31.9124    31.8817    -0.0307    25.2342    25.2120     25.263     25.340      0.224    1466.98    1466.86  0.000e+00
       2759     26.000     4.9468     4.9368    -0.0100    3.07486    3.07259          1     6.4735 -9.990e-29       9.96     0.0390  9.848e-12  1.000e-12  1.015e+01    31.9146    31.8982    -0.0165    25.2357    25.2237     25.758     25.837      0.343    1467.01    1466.94  0.000e+00
       2792     26.500     4.9532     4.9455    -0.0077    3.07609    3.07434          1     6.4538 -9.990e-29       9.96     0.0394  9.848e-12  1.000e-12  1.015e+01    31.9224    31.9097    -0.0127    25.2411    25.2319     26.253     26.334      0.355    1467.05    1467.00  0.000e+00
       2830     27.000     4.9578     4.9479    -0.0099    3.07755    3.07525          1     6.4105 -9.990e-29       9.96     0.0394  9.848e-12  1.000e-12  1.015e+01    31.9344    31.9176    -0.0168    25.2501    25.2379     26.749     26.831      0.255    1467.09    1467.03  0.000e+00
       2892     27.500     4.9684     4.9575    -0.0110    3.08089    3.07747          1     6.3911 -9.990e-29       9.95     0.0395  9.848e-12  1.000e-12  1.015e+01    31.9624    31.9336    -0.0288    25.2711    25.2495     27.244     27.327      0.220    1467.18    1467.10  0.000e+00
       2939     28.000     4.9706     4.9658    -0.0048    3.08185    3.08008          1     6.4288 -9.990e-29       9.95     0.0395  9.848e-12  1.000e-12  1.015e+01    31.9710    31.9554    -0.0157    25.2777    25.2659     27.739     27.824      0.303    1467.21    1467.17  0.000e+00
       2976     28.500     4.9739     4.9709    -0.0029    3.08323    3.08205          1     6.4372 -9.990e-29       9.96     0.0385  9.979e-12  1.000e-12  1.005e+01    31.9834    31.9727    -0.0107    25.2872    25.2790     28.235     28.321      0.323    1467.25    1467.22  0.000e+00
