ctdpy/tests/etc/CTD_SMHI/SBE09_0827_20180121_1525_26_01_0148.cnv
* Sea-Bird SBE 9 Data File:
* FileName = D:\CTD_SBE911\DAT\26DA.2018.1.48.hex
* Software Version Seasave V 7.21d
* Temperature SN = 034757
* Conductivity SN = 041844
* Number of Bytes Per Scan = 48
* Number of Voltage Words = 5
* Number of Scans Averaged by the Deck Unit = 1
* NMEA Latitude = 57 45.06 N
* NMEA Longitude = 010 13.22 E
* NMEA UTC (Time) = Jan 21 2018  15:25:55
* NMEA baud rate = 4800
** Ship: DANA
** Average sound velocity: 1470.01 m/s
** True-depth calculation Wed, 24 Jan 2018 11:45:02 +0000
** CTD Python Module SMHI /ver 3-12/ feb 2012 
** LIMS Job: 20182601-0148
** 7.5N Hirtshals
** Operator: RSor
** Cruise: 01/2018
# nquan = 26
# nvalues = 157                         
# units = specified
# name 0 = scan: Scan Count
# name 1 = prDM: Pressure, Digiquartz [db]
# name 2 = t090C: Temperature [ITS-90, deg C]
# name 3 = t190C: Temperature, 2 [ITS-90, deg C]
# name 4 = T2-T190C: Temperature Difference, 2 - 1 [ITS-90, deg C]
# name 5 = c0S/m: Conductivity [S/m]
# name 6 = c1S/m: Conductivity, 2 [S/m]
# name 7 = pumps: Pump Status
# name 8 = sbeox1ML/L: Oxygen, SBE 43, 2 [ml/l]
# name 9 = sbeox0ML/L: Oxygen, SBE 43 [ml/l]
# name 10 = altM: Altimeter [m]
# name 11 = chloroflTC0: Chlorophyll, Turner Cyclops [ug/l]
# name 12 = cpar: CPAR/Corrected Irradiance [%]
# name 13 = par: PAR/Irradiance, Biospherical/Licor
# name 14 = spar: SPAR/Surface Irradiance
# name 15 = sal00: Salinity, Practical [PSU]
# name 16 = sal11: Salinity, Practical, 2 [PSU]
# name 17 = secS-priS: Salinity, Practical, Difference, 2 - 1 [PSU]
# name 18 = sigma-t00: Density [sigma-t, kg/m^3 ]
# name 19 = sigma-t11: Density, 2 [sigma-t, kg/m^3 ]
# name 20 = depSM: Depth [salt water, m], lat = 57.751
# name 21 = depFM: Depth [true depth, m], lat = 57.751
# name 22 = dz/dtM: Descent Rate [m/s], WS = 2
# name 23 = svCM: Sound Velocity [Chen-Millero, m/s]
# name 24 = svCM1: Sound Velocity, 2 [Chen-Millero, m/s]
# name 25 = flag: flag
# span 0 =        196,       8982       
# span 1 =      1.500,     79.500       
# span 2 =     4.6419,     6.7813       
# span 3 =     4.6316,     6.8050       
# span 4 =    -0.1799,     0.0303       
# span 5 =   2.998552,   3.436062       
# span 6 =   2.998095,   3.441733       
# span 7 =          1,          1       
# span 8 =     5.9101,     6.5470       
# span 9 =     6.6458,     7.9183       
# span 10 =       0.65,       9.96      
# span 11 =     0.0292,     0.0503      
# span 12 = -7.150e-04, 3.7907e+00      
# span 13 = -7.260e-05, 3.8492e-01      
# span 14 = 5.3217e+00, 1.0154e+01      
# span 15 =    31.3381,    34.1605      
# span 16 =    31.3393,    34.1998      
# span 17 =    -0.2240,     0.0532      
# span 18 =    24.8108,    26.7872      
# span 19 =    24.8077,    26.8151      
# span 20 =      1.486,     78.750      
# span 21 =      1.491,     78.946      
# span 22 =     -0.055,      0.486      
# span 23 =    1464.64,    1478.06      
# span 24 =    1464.60,    1478.21      
# span 25 = 0.0000e+00, 0.0000e+00      
# interval = decibars: 0.5              
# start_time = Jan 21 2018 15:25:56 [NMEA time, first data scan]
# bad_flag = -9.990e-29
*END*
[from data line 112]
       5561     57.500     5.5109     5.5129     0.0019    3.22833    3.22883          1     6.3277 -9.990e-29       9.95     0.0304  1.231e-11  1.000e-12  8.123e+00    33.1032    33.1069     0.0037    26.1129    26.1157     56.960     57.115      0.290    1471.33    1471.34  0.000e+00
       5605     58.000     5.5103     5.5109     0.0005    3.22855    3.22890          1     6.3327 -9.990e-29       9.95     0.0309  1.231e-11  1.000e-12  8.123e+00    33.1061    33.1094     0.0034    26.1153    26.1179     57.456     57.612      0.238    1471.34    1471.34  0.000e+00
       5658     58.500     5.5132     5.5105    -0.0027    3.22970    3.22904          1     6.3212 -9.990e-29       9.95     0.0321  1.231e-11  1.000e-12  8.123e+00    33.1160    33.1112    -0.0048    26.1228    26.1193     57.951     58.108      0.261    1471.37    1471.35  0.000e+00
       5699     59.000     5.5268     5.5201    -0.0067    3.23312    3.23128          1     6.3322 -9.990e-29       9.95     0.0311  1.231e-11  1.000e-12  8.123e+00    33.1412    33.1269    -0.0143    26.1411    26.1306     58.446     58.604      0.301    1471.47    1471.42  0.000e+00
       5740     59.500     5.5526     5.5344    -0.0182    3.23759    3.23403          1     6.3299 -9.990e-29       9.95     0.0301  1.231e-11  1.000e-12  8.123e+00    33.1663    33.1438    -0.0225    26.1580    26.1423     58.941     59.100      0.276    1471.61    1471.51  0.000e+00
       5785     60.000     5.6144     5.5817    -0.0328    3.24696    3.24059          1     6.2890 -9.990e-29       9.95     0.0295  1.231e-11  1.000e-12  8.123e+00    33.2114    33.1714    -0.0400    26.1862    26.1585     59.437     59.597      0.270    1471.92    1471.74  0.000e+00
       5827     60.500     5.6411     5.6225    -0.0186    3.25146    3.24737          1     6.3247 -9.990e-29       9.95     0.0320  1.231e-11  1.000e-12  8.123e+00    33.2358    33.2077    -0.0281    26.2024    26.1824     59.932     60.093      0.319    1472.07    1471.96  0.000e+00
       5863     61.000     5.6609     5.6466    -0.0143    3.25599    3.25205          1     6.3047 -9.990e-29       9.95     0.0313  1.231e-11  1.000e-12  8.123e+00    33.2673    33.2368    -0.0305    26.2249    26.2025     60.427     60.589      0.303    1472.20    1472.10  0.000e+00
       5913     61.500     5.6805     5.6662    -0.0144    3.25933    3.25640          1     6.2888 -9.990e-29       9.95     0.0343  1.231e-11  1.000e-12  8.123e+00    33.2854    33.2664    -0.0190    26.2369    26.2235     60.922     61.086      0.205    1472.31    1472.23  0.000e+00
       5969     62.000     5.6990     5.6799    -0.0191    3.26174    3.25863          1     6.3063 -9.990e-29       9.95     0.0304  1.231e-11  1.000e-12  8.123e+00    33.2941    33.2778    -0.0163    26.2416    26.2310     61.418     61.582      0.270    1472.40    1472.30  0.000e+00
       6007     62.500     5.7144     5.7013    -0.0131    3.26351    3.26147          1     6.2921 -9.990e-29       9.95     0.0302  1.231e-11  1.000e-12  8.123e+00    33.2987    33.2887    -0.0101    26.2433    26.2369     61.913     62.078      0.321    1472.48    1472.41  0.000e+00
       6047     63.000     5.7843     5.7309    -0.0533    3.27308    3.26438          1     6.2526 -9.990e-29       9.95     0.0293  1.231e-11  1.000e-12  8.123e+00    33.3375    33.2921    -0.0454    26.2655    26.2361     62.408     62.574      0.263    1472.81    1472.54  0.000e+00
       6096     63.500     5.9118     5.8372    -0.0747    3.28959    3.27687          1     6.2757 -9.990e-29       9.95     0.0292  1.231e-11  1.000e-12  8.123e+00    33.3977    33.3279    -0.0698    26.2975    26.2515     62.903     63.071      0.273    1473.41    1473.02  0.000e+00
       6135     64.000     5.9690     5.9328    -0.0362    3.29843    3.28990          1     6.2636 -9.990e-29       9.95     0.0292  1.231e-11  1.000e-12  8.123e+00    33.4403    33.3801    -0.0603    26.3241    26.2810     63.398     63.567      0.317    1473.70    1473.48  0.000e+00
       6174     64.500     6.0032     5.9795    -0.0237    3.30425    3.29847          1     6.2237 -9.990e-29       9.95     0.0312  1.231e-11  1.000e-12  8.123e+00    33.4717    33.4301    -0.0416    26.3447    26.3147     63.894     64.063      0.294    1473.88    1473.73  0.000e+00
       6220     65.000     6.0264     6.0092    -0.0172    3.30825    3.30408          1     6.2472 -9.990e-29       9.95     0.0322  1.231e-11  1.000e-12  8.123e+00    33.4934    33.4636    -0.0299    26.3589    26.3375     64.389     64.559      0.232    1474.01    1473.90  0.000e+00
       6274     65.500     6.0490     6.0297    -0.0193    3.31191    3.30782          1     6.2515 -9.990e-29       9.95     0.0322  1.231e-11  1.000e-12  8.123e+00    33.5120    33.4850    -0.0270    26.3708    26.3518     64.884     65.055      0.223    1474.13    1474.02  0.000e+00
       6326     66.000     6.0604     6.0499    -0.0106    3.31401    3.31141          1     6.2576 -9.990e-29       9.95     0.0321  1.231e-11  1.000e-12  8.123e+00    33.5240    33.5053    -0.0187    26.3788    26.3653     65.379     65.551      0.272    1474.20    1474.14  0.000e+00
       6361     66.500     6.0627     6.0563    -0.0064    3.31442    3.31285          1     6.2459 -9.990e-29       9.95     0.0313  1.231e-11  1.000e-12  8.123e+00    33.5261    33.5148    -0.0113    26.3802    26.3721     65.875     66.048      0.384    1474.22    1474.18  0.000e+00
       6393     67.000     6.0665     6.0608    -0.0056    3.31506    3.31374          1     6.2232 -9.990e-29       9.95     0.0311  1.231e-11  1.000e-12  8.123e+00    33.5292    33.5201    -0.0091    26.3822    26.3757     66.370     66.544      0.333    1474.25    1474.21  0.000e+00
       6439     67.500     6.0705     6.0648    -0.0057    3.31572    3.31451          1     6.2355 -9.990e-29       9.95     0.0317  1.231e-11  1.000e-12  8.123e+00    33.5325    33.5245    -0.0080    26.3842    26.3787     66.865     67.040      0.227    1474.28    1474.24  0.000e+00
       6489     68.000     6.0786     6.0706    -0.0080    3.31710    3.31550          1     6.2352 -9.990e-29       9.95     0.0320  1.231e-11  1.000e-12  8.123e+00    33.5397    33.5296    -0.0101    26.3889    26.3819     67.360     67.536      0.281    1474.33    1474.28  0.000e+00
       6528     68.500     6.0926     6.0830    -0.0096    3.31950    3.31735          1     6.2350 -9.990e-29       9.95     0.0311  1.231e-11  1.000e-12  8.123e+00    33.5524    33.5379    -0.0146    26.3973    26.3870     67.855     68.032      0.302    1474.41    1474.35  0.000e+00
       6576     69.000     6.1142     6.0980    -0.0162    3.32299    3.31998          1     6.2335 -9.990e-29       9.95     0.0311  1.231e-11  1.000e-12  8.123e+00    33.5699    33.5522    -0.0177    26.4083    26.3964     68.351     68.529      0.211    1474.52    1474.44  0.000e+00
       6630     69.500     6.1349     6.1155    -0.0194    3.32657    3.32261          1     6.2426 -9.990e-29       9.95     0.0302  1.231e-11  1.000e-12  8.123e+00    33.5894    33.5642    -0.0253    26.4211    26.4036     68.846     69.025      0.287    1474.64    1474.53  0.000e+00
       6665     70.000     6.1548     6.1402    -0.0146    3.33013    3.32669          1     6.2114 -9.990e-29       9.95     0.0296  1.231e-11  1.000e-12  8.123e+00    33.6093    33.5853    -0.0241    26.4343    26.4172     69.341     69.521      0.356    1474.75    1474.66  0.000e+00
       6701     70.500     6.1700     6.1572    -0.0128    3.33293    3.32991          1     6.2061 -9.990e-29       9.92     0.0312  1.231e-11  1.000e-12  8.123e+00    33.6253    33.6043    -0.0211    26.4450    26.4300     69.836     70.017      0.297    1474.84    1474.76  0.000e+00
       6747     71.000     6.1814     6.1717    -0.0097    3.33471    3.33266          1     6.1860 -9.990e-29       9.54     0.0320  1.231e-11  1.000e-12  8.123e+00    33.6337    33.6204    -0.0133    26.4502    26.4409     70.331     70.513      0.251    1474.90    1474.85  0.000e+00
       6792     71.500     6.1866     6.1816    -0.0050    3.33551    3.33444          1     6.1797 -9.990e-29       9.05     0.0317  1.231e-11  1.000e-12  8.123e+00    33.6372    33.6302    -0.0070    26.4523    26.4474     70.827     71.009      0.281    1474.93    1474.91  0.000e+00
       6835     72.000     6.2064     6.1908    -0.0156    3.33915    3.33580          1     6.1945 -9.990e-29       8.55     0.0321  1.231e-11  1.000e-12  8.123e+00    33.6582    33.6361    -0.0221    26.4663    26.4509     71.322     71.505      0.286    1475.05    1474.96  0.000e+00
       6881     72.500     6.2804     6.2524    -0.0280    3.35115    3.34492          1     6.1635 -9.990e-29       8.03     0.0323  1.231e-11  1.000e-12  8.123e+00    33.7187    33.6769    -0.0418    26.5047    26.4752     71.817     72.002      0.226    1475.42    1475.26  0.000e+00
       6934     73.000     6.2965     6.2839    -0.0127    3.35387    3.35096          1     6.1485 -9.990e-29       7.53     0.0342  1.231e-11  1.000e-12  8.123e+00    33.7328    33.7129    -0.0199    26.5138    26.4997     72.312     72.498      0.257    1475.51    1475.44  0.000e+00
       6975     73.500     6.3296     6.3043    -0.0254    3.35926    3.35403          1     6.1150 -9.990e-29       7.06     0.0346  1.231e-11  1.000e-12  8.123e+00    33.7599    33.7267    -0.0332    26.5309    26.5080     72.807     72.994      0.340    1475.69    1475.54  0.000e+00
       7008     74.000     6.3489     6.3315    -0.0174    3.36246    3.35853          1     6.1477 -9.990e-29       6.56     0.0338  1.231e-11  1.000e-12  8.123e+00    33.7763    33.7497    -0.0266    26.5413    26.5225     73.303     73.490      0.339    1475.79    1475.69  0.000e+00
       7051     74.500     6.3845     6.3465    -0.0380    3.36876    3.36153          1     6.1152 -9.990e-29       6.07     0.0340  1.231e-11  1.000e-12  8.123e+00    33.8108    33.7680    -0.0428    26.5640    26.5351     73.798     73.986      0.250    1475.98    1475.78  0.000e+00
       7096     75.000     6.4141     6.3876    -0.0264    3.37347    3.36759          1     6.1166 -9.990e-29       5.57     0.0337  1.231e-11  1.000e-12  8.123e+00    33.8337    33.7945    -0.0392    26.5782    26.5507     74.293     74.482      0.295    1476.14    1475.98  0.000e+00
       7138     75.500     6.4099     6.4078    -0.0021    3.37266    3.37189          1     6.0972 -9.990e-29       5.06     0.0337  1.231e-11  1.000e-12  8.123e+00    33.8286    33.8222    -0.0064    26.5747    26.5699     74.788     74.978      0.260    1476.12    1476.11  0.000e+00
       7188     76.000     6.4270     6.4114    -0.0157    3.37583    3.37277          1     6.0847 -9.990e-29       4.56     0.0339  1.231e-11  1.000e-12  8.123e+00    33.8467    33.8282    -0.0185    26.5867    26.5742     75.283     75.474      0.235    1476.22    1476.14  0.000e+00
       7236     76.500     6.4779     6.4407    -0.0372    3.38482    3.37675          1     6.0811 -9.990e-29       4.07     0.0346  1.231e-11  1.000e-12  8.123e+00    33.8959    33.8431    -0.0528    26.6189    26.5821     75.779     75.970      0.285    1476.49    1476.28  0.000e+00
       7274     77.000     6.5060     6.4702    -0.0358    3.38970    3.38240          1     6.0635 -9.990e-29       3.57     0.0342  1.231e-11  1.000e-12  8.123e+00    33.9221    33.8765    -0.0456    26.6359    26.6046     76.274     76.466      0.331    1476.64    1476.45  0.000e+00
       7311     77.500     6.5953     6.5011    -0.0942    3.40625    3.38708          1     6.0074 -9.990e-29       3.08     0.0356  1.251e-11  1.000e-12  8.023e+00    34.0167    33.8975    -0.1192    26.6988    26.6171     76.769     76.962      0.303    1477.12    1476.60  0.000e+00
       7354     78.000     6.6855     6.5494    -0.1362    3.42075    3.39514          1     5.9854 -9.990e-29       2.59     0.0349  1.268e-11  1.000e-12  7.940e+00    34.0874    33.9388    -0.1486    26.7425    26.6433     77.264     77.458      0.269    1477.57    1476.85  0.000e+00
       7397     78.500     6.7051     6.6373    -0.0678    3.42401    3.41005          1     5.9908 -9.990e-29       2.10     0.0365  1.284e-11  1.000e-12  7.862e+00    34.1036    34.0166    -0.0870    26.7526    26.6931     77.759     77.954      0.308    1477.68    1477.30  0.000e+00
       7448     79.000     6.7259     6.6873    -0.0386    3.42743    3.41908          1     5.9649 -9.990e-29       2.09     0.0364  1.301e-11  1.000e-12  7.777e+00    34.1206    34.0666    -0.0540    26.7632    26.7258     78.255     78.450      0.250    1477.79    1477.57  0.000e+00
       8982     79.500     6.7813     6.8050     0.0236    3.43606    3.44173          1     5.9101 -9.990e-29       0.65     0.0503  1.797e-11  1.000e-12  5.322e+00    34.1605    34.1998     0.0392    26.7872    26.8151     78.750     78.946     -0.055    1478.06    1478.21  0.000e+00
