ctdpy/tests/etc/CTD_SMHI/SBE09_0827_20180123_1115_26_01_0179.cnv
* Sea-Bird SBE 9 Data File:
* FileName = D:\CTD_SBE911\DAT\26DA.2018.1.79.hex
* Software Version Seasave V 7.21d
* Temperature SN = 034757
* Conductivity SN = 041844
* Number of Bytes Per Scan = 48
* Number of Voltage Words = 5
* Number of Scans Averaged by the Deck Unit = 1
* NMEA Latitude = 58 06.89 N
* NMEA Longitude = 010 43.93 E
* NMEA UTC (Time) = Jan 23 2018  11:15:15
* NMEA baud rate = 4800
** Ship: DANA
** Average sound velocity: 1483.95 m/s
** True-depth calculation Wed, 24 Jan 2018 11:58:10 +0000
** CTD Python Module SMHI /ver 3-12/ feb 2012 
** LIMS Job: 20182601-0179
** 19W Maseskar
** Operator: Ronny Sørensen
** Cruise: 01/2018
# nquan = 26
# nvalues = 453                         
# units = specified
# name 0 = scan: Scan Count
# name 1 = prDM: Pressure, Digiquartz [db]
# name 2 = t090C: Temperature [ITS-90, deg C]
# name 3 = t190C: Temperature, 2 [ITS-90, deg C]
# name 4 = T2-T190C: Temperature Difference, 2 - 1 [ITS-90, deg C]
# name 5 = c0S/m: Conductivity [S/m]
# name 6 = c1S/m: Conductivity, 2 [S/m]
# name 7 = pumps: Pump Status
# name 8 = sbeox1ML/L: Oxygen, SBE 43, 2 [ml/l]
# name 9 = sbeox0ML/L: Oxygen, SBE 43 [ml/l]
# name 10 = altM: Altimeter [m]
# name 11 = chloroflTC0: Chlorophyll, Turner Cyclops [ug/l]
# name 12 = cpar: CPAR/Corrected Irradiance [%]
# name 13 = par: PAR/Irradiance, Biospherical/Licor
# name 14 = spar: SPAR/Surface Irradiance
# name 15 = sal00: Salinity, Practical [PSU]
# name 16 = sal11: Salinity, Practical, 2 [PSU]
# name 17 = secS-priS: Salinity, Practical, Difference, 2 - 1 [PSU]
# name 18 = sigma-t00: Density [sigma-t, kg/m^3 ]
# name 19 = sigma-t11: Density, 2 [sigma-t, kg/m^3 ]
# name 20 = depSM: Depth [salt water, m], lat = 58.1148
# name 21 = depFM: Depth [true depth, m], lat = 58.1148
# name 22 = dz/dtM: Descent Rate [m/s], WS = 2
# name 23 = svCM: Sound Velocity [Chen-Millero, m/s]
# name 24 = svCM1: Sound Velocity, 2 [Chen-Millero, m/s]
# name 25 = flag: flag
# span 0 =         -3,      16458       
# span 1 =      1.500,    227.500       
# span 2 =     5.3860,     8.9047       
# span 3 =     5.3856,     8.8951       
# span 4 =    -0.3739,     0.4170       
# span 5 =   3.240894,   3.709899       
# span 6 =   3.241108,   3.706510       
# span 7 =          1,          1       
# span 8 =     4.9503,     6.4142       
# span 9 =     5.0783,     6.8540       
# span 10 =       2.53,      10.10      
# span 11 =     0.0208,     0.0416      
# span 12 = 6.2327e-13, 8.6994e+00      
# span 13 = 1.0000e-12, 1.2544e+01      
# span 14 = 1.2885e+02, 1.6045e+02      
# span 15 =    33.3941,    35.1072      
# span 16 =    33.3968,    35.1111      
# span 17 =    -0.1685,     0.0971      
# span 18 =    26.3578,    27.2838      
# span 19 =    26.3553,    27.2864      
# span 20 =      1.486,    225.266      
# span 21 =      1.489,    225.622      
# span 22 =     -0.176,      0.918      
# span 23 =    1470.31,    1488.19      
# span 24 =    1470.31,    1488.19      
# span 25 = 0.0000e+00, 0.0000e+00      
# interval = decibars: 0.5              
# start_time = Jan 23 2018 11:15:16 [NMEA time, first data scan]
# bad_flag = -9.990e-29
*END*
[from data line 112]
       5726     57.500     7.7792     7.7627    -0.0165    3.55699    3.55510          1     5.8611     5.9893       9.96     0.0342  7.136e-13  1.000e-12  1.401e+02    34.5003    34.4963    -0.0040    26.9141    26.9133     56.959     57.041      0.366    1481.96    1481.90  0.000e+00
       5760     58.000     7.7777     7.7703    -0.0074    3.55689    3.55602          1     5.8443     5.9955       9.96     0.0342  7.126e-13  1.000e-12  1.403e+02    34.5006    34.4986    -0.0020    26.9145    26.9140     57.454     57.537      0.313    1481.97    1481.94  0.000e+00
       5803     58.500     7.7724     7.7714    -0.0010    3.55641    3.55635          1     5.8244     5.9988       9.96     0.0342  7.118e-13  1.000e-12  1.405e+02    34.5004    34.5008     0.0004    26.9151    26.9156     57.949     58.033      0.290    1481.95    1481.95  0.000e+00
       5841     59.000     7.7663     7.7713     0.0050    3.55581    3.55644          1     5.8504     5.9925       9.96     0.0346  7.069e-13  1.000e-12  1.415e+02    34.4997    34.5017     0.0019    26.9155    26.9163     58.444     58.529      0.283    1481.94    1481.96  0.000e+00
       5928     59.500     7.7626     7.7665     0.0039    3.55550    3.55619          1     5.8354     5.9859       9.96     0.0343  7.039e-13  1.000e-12  1.421e+02    34.4998    34.5034     0.0036    26.9161    26.9184     58.940     59.025      0.279    1481.93    1481.95  0.000e+00
       5967     60.000     7.7610     7.7634     0.0024    3.55540    3.55589          1     5.8327     5.9871       9.96     0.0344  7.035e-13  1.000e-12  1.422e+02    34.5000    34.5029     0.0029    26.9165    26.9185     59.435     59.521      0.336    1481.94    1481.95  0.000e+00
       6030     60.500     7.7594     7.7602     0.0007    3.55537    3.55569          1     5.8498     5.9957       9.96     0.0344  7.034e-13  1.000e-12  1.422e+02    34.5011    34.5038     0.0027    26.9176    26.9196     59.930     60.017      0.311    1481.94    1481.94  0.000e+00
       6061     61.000     7.7652     7.7625    -0.0026    3.55617    3.55587          1     5.8555     5.9862       9.96     0.0342  7.034e-13  1.000e-12  1.422e+02    34.5037    34.5031    -0.0006    26.9188    26.9187     60.425     60.513      0.568    1481.97    1481.96  0.000e+00
       6081     61.500     7.7593     7.7619     0.0026    3.55568    3.55621          1     5.8326     5.9843       9.96     0.0345  7.034e-13  1.000e-12  1.422e+02    34.5041    34.5071     0.0031    26.9200    26.9220     60.920     61.008      0.461    1481.96    1481.97  0.000e+00
       6156     62.000     7.7563     7.7588     0.0025    3.55548    3.55594          1     5.8262     5.9967       9.96     0.0345  7.034e-13  1.000e-12  1.422e+02    34.5046    34.5071     0.0025    26.9208    26.9224     61.416     61.504      0.314    1481.96    1481.97  0.000e+00
       6188     62.500     7.7634     7.7589    -0.0044    3.55633    3.55596          1     5.8563     5.9872       9.96     0.0349  7.034e-13  1.000e-12  1.422e+02    34.5066    34.5070     0.0004    26.9213    26.9223     61.911     62.000      0.473    1481.99    1481.98  0.000e+00
       6254     63.000     7.7660     7.7617    -0.0043    3.55663    3.55638          1     5.8352     5.9914       9.96     0.0347  7.027e-13  1.000e-12  1.423e+02    34.5069    34.5085     0.0016    26.9212    26.9231     62.406     62.496      0.298    1482.01    1482.00  0.000e+00
       6316     63.500     7.7681     7.7661    -0.0020    3.55690    3.55690          1     5.8352     5.9980       9.96     0.0350  6.947e-13  1.000e-12  1.439e+02    34.5076    34.5095     0.0020    26.9214    26.9232     62.901     62.992      0.492    1482.03    1482.02  0.000e+00
       6338     64.000     7.7676     7.7661    -0.0014    3.55690    3.55701          1     5.8457     5.9883       9.96     0.0347  6.948e-13  1.000e-12  1.439e+02    34.5078    34.5104     0.0025    26.9217    26.9239     63.396     63.488      0.477    1482.04    1482.03  0.000e+00
       6377     64.500     7.7679     7.7661    -0.0019    3.55696    3.55703          1     5.8429     5.9818       9.96     0.0345  6.935e-13  1.000e-12  1.442e+02    34.5079    34.5105     0.0026    26.9217    26.9240     63.892     63.984      0.259    1482.04    1482.04  0.000e+00
       6440     65.000     7.7719     7.7679    -0.0040    3.55747    3.55725          1     5.8139     5.9810       9.96     0.0354  6.935e-13  1.000e-12  1.442e+02    34.5091    34.5108     0.0016    26.9221    26.9239     64.387     64.480      0.358    1482.07    1482.06  0.000e+00
       6467     65.500     7.7726     7.7693    -0.0033    3.55757    3.55747          1     5.8554     5.9844       9.96     0.0349  6.935e-13  1.000e-12  1.442e+02    34.5094    34.5116     0.0022    26.9222    26.9244     64.882     64.976      0.397    1482.08    1482.07  0.000e+00
       6512     66.000     7.7754     7.7699    -0.0055    3.55792    3.55756          1     5.8605     5.9864       9.96     0.0370  6.935e-13  1.000e-12  1.442e+02    34.5101    34.5116     0.0016    26.9223    26.9243     65.377     65.472      0.208    1482.10    1482.08  0.000e+00
       6598     66.500     7.7752     7.7729    -0.0023    3.55794    3.55794          1     5.8410     5.9893       9.96     0.0348  6.935e-13  1.000e-12  1.442e+02    34.5103    34.5126     0.0023    26.9225    26.9247     65.873     65.968      0.219    1482.11    1482.10  0.000e+00
       6651     67.000     7.7751     7.7729    -0.0022    3.55795    3.55802          1     5.8654     5.9779       9.96     0.0343  6.935e-13  1.000e-12  1.442e+02    34.5102    34.5131     0.0029    26.9224    26.9251     66.368     66.464      0.292    1482.12    1482.11  0.000e+00
       6681     67.500     7.7729     7.7731     0.0002    3.55773    3.55807          1     5.8611     5.9800       9.96     0.0343  6.935e-13  1.000e-12  1.442e+02    34.5098    34.5132     0.0035    26.9224    26.9251     66.863     66.959      0.454    1482.12    1482.12  0.000e+00
       6708     68.000     7.7680     7.7724     0.0044    3.55725    3.55804          1     5.8781     5.9822       9.96     0.0343  6.935e-13  1.000e-12  1.442e+02    34.5092    34.5133     0.0041    26.9227    26.9253     67.358     67.455      0.351    1482.10    1482.13  0.000e+00
       6777     68.500     7.7663     7.7676     0.0014    3.55706    3.55762          1     5.8224     5.9801       9.96     0.0343  6.935e-13  1.000e-12  1.442e+02    34.5086    34.5133     0.0047    26.9225    26.9260     67.853     67.951      0.285    1482.10    1482.12  0.000e+00
       6815     69.000     7.7620     7.7664     0.0044    3.55664    3.55747          1     5.8189     5.9863       9.96     0.0345  6.935e-13  1.000e-12  1.442e+02    34.5080    34.5127     0.0046    26.9226    26.9256     68.348     68.447      0.397    1482.10    1482.12  0.000e+00
       6878     69.500     7.7600     7.7625     0.0024    3.55646    3.55713          1     5.8472     5.9933       9.96     0.0355  6.935e-13  1.000e-12  1.442e+02    34.5078    34.5126     0.0048    26.9228    26.9262     68.844     68.943      0.280    1482.10    1482.11  0.000e+00
       6936     70.000     7.7528     7.7564     0.0036    3.55567    3.55659          1     5.8556     5.9948       9.96     0.0360  6.935e-13  1.000e-12  1.442e+02    34.5063    34.5126     0.0063    26.9227    26.9271     69.339     69.439      0.432    1482.08    1482.10  0.000e+00
       6962     70.500     7.7442     7.7545     0.0103    3.55483    3.55634          1     5.8511     5.9892       9.96     0.0351  6.935e-13  1.000e-12  1.442e+02    34.5054    34.5116     0.0062    26.9232    26.9266     69.834     69.935      0.419    1482.05    1482.10  0.000e+00
       7009     71.000     7.7398     7.7504     0.0106    3.55440    3.55602          1     5.8454     5.9889       9.96     0.0353  6.935e-13  1.000e-12  1.442e+02    34.5049    34.5119     0.0070    26.9235    26.9274     70.329     70.431      0.252    1482.04    1482.09  0.000e+00
       7058     71.500     7.7355     7.7399     0.0044    3.55394    3.55501          1     5.8560     5.9879       9.96     0.0350  6.935e-13  1.000e-12  1.442e+02    34.5040    34.5112     0.0072    26.9234    26.9284     70.824     70.927      0.410    1482.03    1482.06  0.000e+00
       7090     72.000     7.7304     7.7370     0.0066    3.55345    3.55464          1     5.8449     5.9893       9.96     0.0352  6.935e-13  1.000e-12  1.442e+02    34.5035    34.5098     0.0063    26.9237    26.9277     71.320     71.423      0.340    1482.02    1482.05  0.000e+00
       7188     72.500     7.7245     7.7257     0.0012    3.55281    3.55357          1     5.8061     5.9813       9.96     0.0354  6.935e-13  1.000e-12  1.442e+02    34.5022    34.5092     0.0070    26.9236    26.9289     71.815     71.919      0.410    1482.00    1482.02  0.000e+00
       7208     73.000     7.7171     7.7223     0.0052    3.55209    3.55313          1     5.8271     5.9842       9.96     0.0354  6.935e-13  1.000e-12  1.442e+02    34.5014    34.5075     0.0061    26.9240    26.9280     72.310     72.415      0.438    1481.98    1482.01  0.000e+00
       7272     73.500     7.7126     7.7179     0.0052    3.55165    3.55269          1     5.8381     5.9754       9.96     0.0354  6.935e-13  1.000e-12  1.442e+02    34.5009    34.5070     0.0060    26.9243    26.9283     72.805     72.910      0.290    1481.97    1482.00  0.000e+00
       7315     74.000     7.7092     7.7114     0.0022    3.55136    3.55212          1     5.8487     5.9774       9.96     0.0354  6.935e-13  1.000e-12  1.442e+02    34.5009    34.5070     0.0061    26.9248    26.9292     73.300     73.406      0.547    1481.97    1481.99  0.000e+00
       7334     74.500     7.7020     7.7087     0.0068    3.55061    3.55186          1     5.8691     5.9876       9.96     0.0354  6.935e-13  1.000e-12  1.442e+02    34.4997    34.5065     0.0068    26.9249    26.9292     73.796     73.902      0.553    1481.95    1481.98  0.000e+00
       7372     75.000     7.6939     7.7056     0.0116    3.54990    3.55152          1     5.8633     5.9909       9.96     0.0354  6.935e-13  1.000e-12  1.442e+02    34.4997    34.5058     0.0060    26.9261    26.9291     74.291     74.398      0.301    1481.92    1481.98  0.000e+00
       7454     75.500     7.6957     7.6959     0.0003    3.55007    3.55054          1     5.8341     5.9832       9.96     0.0354  6.935e-13  1.000e-12  1.442e+02    34.4997    34.5045     0.0049    26.9258    26.9296     74.786     74.894      0.269    1481.94    1481.95  0.000e+00
       7498     76.000     7.6872     7.6964     0.0092    3.54923    3.55056          1     5.8406     5.9892       9.96     0.0354  6.935e-13  1.000e-12  1.442e+02    34.4987    34.5041     0.0054    26.9263    26.9292     75.281     75.390      0.228    1481.92    1481.96  0.000e+00
       7568     76.500     7.6846     7.6913     0.0066    3.54902    3.55018          1     5.8452     5.9878       9.96     0.0354  6.935e-13  1.000e-12  1.442e+02    34.4988    34.5047     0.0059    26.9267    26.9304     75.776     75.886      0.268    1481.91    1481.95  0.000e+00
       7603     77.000     7.6858     7.6877     0.0018    3.54921    3.54980          1     5.8599     5.9890       9.96     0.0357  6.935e-13  1.000e-12  1.442e+02    34.4994    34.5039     0.0045    26.9270    26.9303     76.271     76.382      0.485    1481.93    1481.94  0.000e+00
       7625     77.500     7.6861     7.6867     0.0006    3.54926    3.54970          1     5.8689     5.9975       9.96     0.0359  6.935e-13  1.000e-12  1.442e+02    34.4994    34.5036     0.0042    26.9269    26.9302     76.767     76.878      0.476    1481.94    1481.94  0.000e+00
       7685     78.000     7.6842     7.6852     0.0010    3.54912    3.54958          1     5.8355     5.9896       9.96     0.0357  6.935e-13  1.000e-12  1.442e+02    34.4995    34.5035     0.0040    26.9273    26.9303     77.262     77.374      0.293    1481.94    1481.95  0.000e+00
       7737     78.500     7.6899     7.6850    -0.0049    3.54981    3.54958          1     5.8365     5.9871       9.96     0.0356  6.935e-13  1.000e-12  1.442e+02    34.5011    34.5034     0.0023    26.9277    26.9303     77.757     77.870      0.434    1481.97    1481.95  0.000e+00
       7791     79.000     7.6949     7.6887    -0.0062    3.55037    3.54995          1     5.8545     5.9897       9.96     0.0354  6.935e-13  1.000e-12  1.442e+02    34.5019    34.5035     0.0016    26.9277    26.9298     78.252     78.366      0.297    1482.00    1481.98  0.000e+00
       7863     79.500     7.6960     7.6948    -0.0012    3.55053    3.55066          1     5.8473     5.9744       9.96     0.0354  6.935e-13  1.000e-12  1.442e+02    34.5024    34.5050     0.0027    26.9279    26.9301     78.747     78.861      0.458    1482.01    1482.01  0.000e+00
       7885     80.000     7.6947     7.6944    -0.0003    3.55043    3.55071          1     5.8379     5.9809       9.96     0.0362  6.935e-13  1.000e-12  1.442e+02    34.5023    34.5056     0.0033    26.9280    26.9306     79.242     79.357      0.487    1482.01    1482.02  0.000e+00
       7917     80.500     7.6869     7.6938     0.0069    3.54970    3.55068          1     5.8378     5.9921       9.96     0.0361  6.935e-13  1.000e-12  1.442e+02    34.5019    34.5056     0.0037    26.9288    26.9307     79.738     79.853      0.279    1481.99    1482.02  0.000e+00
       7979     81.000     7.6879     7.6889     0.0010    3.55006    3.55029          1     5.8511     5.9901       9.96     0.0360  6.935e-13  1.000e-12  1.442e+02    34.5046    34.5061     0.0015    26.9308    26.9318     80.233     80.349      0.198    1482.01    1482.01  0.000e+00
       8029     81.500     7.7006     7.6882    -0.0125    3.55147    3.55027          1     5.8530     5.9861       9.96     0.0358  6.935e-13  1.000e-12  1.442e+02    34.5069    34.5063    -0.0006    26.9308    26.9321     80.728     80.845      0.297    1482.07    1482.02  0.000e+00
       8069     82.000     7.7076     7.6881    -0.0195    3.55230    3.55030          1     5.8269     5.9806       9.96     0.0356  6.935e-13  1.000e-12  1.442e+02    34.5088    34.5065    -0.0023    26.9312    26.9323     81.223     81.341      0.246    1482.10    1482.03  0.000e+00
       8140     82.500     7.7071     7.6959    -0.0111    3.55225    3.55119          1     5.8509     5.9853       9.96     0.0362  6.935e-13  1.000e-12  1.442e+02    34.5085    34.5081    -0.0004    26.9311    26.9324     81.718     81.837      0.224    1482.11    1482.07  0.000e+00
       8188     83.000     7.7074     7.7013    -0.0061    3.55230    3.55182          1     5.8610     5.9902       9.96     0.0360  6.935e-13  1.000e-12  1.442e+02    34.5085    34.5093     0.0009    26.9310    26.9326     82.214     82.333      0.316    1482.12    1482.10  0.000e+00
       8220     83.500     7.7066     7.7037    -0.0029    3.55225    3.55214          1     5.8222     5.9765       9.96     0.0363  6.935e-13  1.000e-12  1.442e+02    34.5085    34.5101     0.0017    26.9311    26.9328     82.709     82.829      0.394    1482.12    1482.12  0.000e+00
       8254     84.000     7.7069     7.7045    -0.0024    3.55229    3.55230          1     5.8610     5.9726       9.96     0.0360  6.927e-13  1.000e-12  1.444e+02    34.5083    34.5109     0.0025    26.9310    26.9333     83.204     83.325      0.292    1482.13    1482.13  0.000e+00
       8309     84.500     7.7131     7.7055    -0.0075    3.55306    3.55244          1     5.8386     5.9752       9.96     0.0362  6.874e-13  1.000e-12  1.455e+02    34.5104    34.5111     0.0007    26.9317    26.9333     83.699     83.821      0.192    1482.17    1482.14  0.000e+00
