ctdpy/tests/etc/CTD_SMHI/SBE09_0827_20180124_0606_26_01_0182.cnv
* Sea-Bird SBE 9 Data File:
* FileName = D:\CTD_SBE911\DAT\26DA.2018.1.82.hex
* Software Version Seasave V 7.21d
* Temperature SN = 034757
* Conductivity SN = 041844
* Number of Bytes Per Scan = 48
* Number of Voltage Words = 5
* Number of Scans Averaged by the Deck Unit = 1
* NMEA Latitude = 57 39.48 N
* NMEA Longitude = 010 59.67 E
* NMEA UTC (Time) = Jan 24 2018  06:06:59
* NMEA baud rate = 4800
** Ship: DANA
** Average sound velocity: 1462.99 m/s
** True-depth calculation Wed, 24 Jan 2018 12:00:20 +0000
** CTD Python Module SMHI /ver 3-12/ feb 2012 
** LIMS Job: 20182601-0182
** Hertas flak
** Operator: Ronny Sørensen
** Cruise: 01/2018
# nquan = 26
# nvalues = 56                          
# units = specified
# name 0 = scan: Scan Count
# name 1 = prDM: Pressure, Digiquartz [db]
# name 2 = t090C: Temperature [ITS-90, deg C]
# name 3 = t190C: Temperature, 2 [ITS-90, deg C]
# name 4 = T2-T190C: Temperature Difference, 2 - 1 [ITS-90, deg C]
# name 5 = c0S/m: Conductivity [S/m]
# name 6 = c1S/m: Conductivity, 2 [S/m]
# name 7 = pumps: Pump Status
# name 8 = sbeox1ML/L: Oxygen, SBE 43, 2 [ml/l]
# name 9 = sbeox0ML/L: Oxygen, SBE 43 [ml/l]
# name 10 = altM: Altimeter [m]
# name 11 = chloroflTC0: Chlorophyll, Turner Cyclops [ug/l]
# name 12 = cpar: CPAR/Corrected Irradiance [%]
# name 13 = par: PAR/Irradiance, Biospherical/Licor
# name 14 = spar: SPAR/Surface Irradiance
# name 15 = sal00: Salinity, Practical [PSU]
# name 16 = sal11: Salinity, Practical, 2 [PSU]
# name 17 = secS-priS: Salinity, Practical, Difference, 2 - 1 [PSU]
# name 18 = sigma-t00: Density [sigma-t, kg/m^3 ]
# name 19 = sigma-t11: Density, 2 [sigma-t, kg/m^3 ]
# name 20 = depSM: Depth [salt water, m], lat = 57.658
# name 21 = depFM: Depth [true depth, m], lat = 57.658
# name 22 = dz/dtM: Descent Rate [m/s], WS = 2
# name 23 = svCM: Sound Velocity [Chen-Millero, m/s]
# name 24 = svCM1: Sound Velocity, 2 [Chen-Millero, m/s]
# name 25 = flag: flag
# span 0 =          9,       3687       
# span 1 =      2.000,     29.500       
# span 2 =     4.3123,     6.2442       
# span 3 =     4.3109,     6.2423       
# span 4 =    -0.3630,     0.0620       
# span 5 =   2.502521,   3.280039       
# span 6 =   2.501423,   3.278415       
# span 7 =          1,          1       
# span 8 =     5.7578,     6.7862       
# span 9 =     2.9019,     6.9252       
# span 10 =       2.48,      10.02      
# span 11 =     0.0231,     0.0602      
# span 12 = 4.9241e-11, 1.2045e+04      
# span 13 = 1.0000e-12, 1.0000e-12      
# span 14 = 1.7862e+00, 2.0308e+00      
# span 15 =    25.9372,    32.9823      
# span 16 =    25.9257,    32.9658      
# span 17 =    -1.4398,     0.0233      
# span 18 =    20.5598,    25.9280      
# span 19 =    20.5508,    25.9152      
# span 20 =      1.982,     29.225      
# span 21 =      1.996,     29.385      
# span 22 =     -0.059,      0.496      
# span 23 =    1456.35,    1473.65      
# span 24 =    1456.35,    1473.62      
# span 25 = 0.0000e+00, 0.0000e+00      
# interval = decibars: 0.5              
# start_time = Jan 24 2018 06:06:59 [NMEA time, first data scan]
# bad_flag = -9.990e-29
*END*
          9      2.000     4.3139     4.3146     0.0007    2.50299    2.50221          1     6.7799 -9.990e-29       2.99     0.0232  4.924e-11  1.000e-12  2.031e+00    25.9422    25.9328    -0.0094    20.5637    20.5562      1.982      1.996     -0.059    1456.35    1456.35  0.000e+00
         28      2.500     4.3145     4.3134    -0.0011    2.50309    2.50207          1     6.7839 -9.990e-29       4.65     0.0231  4.924e-11  1.000e-12  2.031e+00    25.9428    25.9319    -0.0109    20.5641    20.5556      2.477      2.495      0.463    1456.37    1456.35  0.000e+00
        121      3.000     4.3164     4.3139    -0.0025    2.50351    2.50197          1     6.7577     6.6529       2.95     0.0231  4.924e-11  1.000e-12  2.031e+00    25.9458    25.9303    -0.0154    20.5663    20.5542      2.972      2.994      0.442    1456.39    1456.36  0.000e+00
        290      3.500     4.3138     4.3121    -0.0017    2.50283    2.50163          1     6.6921     6.6802       8.34     0.0232  4.924e-11  1.000e-12  2.031e+00    25.9400    25.9276    -0.0124    20.5619    20.5522      3.468      3.493      0.340    1456.38    1456.35  0.000e+00
        372      4.000     4.3139     4.3128    -0.0011    2.50274    2.50162          1     6.6828     6.8485      10.02     0.0232  4.924e-11  1.000e-12  2.031e+00    25.9386    25.9268    -0.0119    20.5608    20.5515      3.963      3.992      0.484    1456.38    1456.36  0.000e+00
        392      4.500     4.3123     4.3109    -0.0013    2.50252    2.50142          1     6.6901     6.8581       9.95     0.0242  4.924e-11  1.000e-12  2.031e+00    25.9372    25.9257    -0.0114    20.5598    20.5508      4.458      4.491      0.410    1456.38    1456.36  0.000e+00
        463      5.000     4.3137     4.3121    -0.0016    2.50293    2.50168          1     6.7147     6.8805       9.95     0.0247  4.924e-11  1.000e-12  2.031e+00    25.9405    25.9275    -0.0130    20.5623    20.5521      4.954      4.990      0.224    1456.40    1456.38  0.000e+00
        527      5.500     4.3157     4.3121    -0.0035    2.50350    2.50172          1     6.7226     6.8961       9.95     0.0233  4.924e-11  1.000e-12  2.031e+00    25.9452    25.9277    -0.0175    20.5659    20.5523      5.449      5.489      0.259    1456.43    1456.39  0.000e+00
        568      6.000     4.3169     4.3133    -0.0037    2.50397    2.50191          1     6.7280     6.8967       9.95     0.0231  4.924e-11  1.000e-12  2.031e+00    25.9493    25.9288    -0.0205    20.5690    20.5530      5.944      5.988      0.253    1456.44    1456.40  0.000e+00
        645      6.500     4.3203     4.3183    -0.0020    2.50472    2.50306          1     6.6885     6.9003       9.95     0.0232  4.924e-11  1.000e-12  2.031e+00    25.9550    25.9377    -0.0173    20.5733    20.5597      6.440      6.487      0.334    1456.47    1456.44  0.000e+00
        673      7.000     4.3240     4.3199    -0.0041    2.50559    2.50369          1     6.6988     6.9008       9.95     0.0236  4.924e-11  1.000e-12  2.031e+00    25.9618    25.9434    -0.0184    20.5783    20.5641      6.935      6.986      0.357    1456.51    1456.47  0.000e+00
        761      7.500     4.3239     4.3210    -0.0030    2.50556    2.50381          1     6.7657     6.9059       9.95     0.0256  4.924e-11  1.000e-12  2.031e+00    25.9613    25.9438    -0.0175    20.5779    20.5643      7.431      7.485      0.335    1456.51    1456.48  0.000e+00
        789      8.000     4.3256     4.3223    -0.0033    2.50682    2.50427          1     6.7862     6.9103       9.95     0.0271  4.924e-11  1.000e-12  2.031e+00    25.9741    25.9477    -0.0264    20.5879    20.5673      7.926      7.984      0.496    1456.55    1456.50  0.000e+00
        852      8.500     4.3287     4.3251    -0.0035    2.50767    2.50548          1     6.7677     6.9164       9.95     0.0281  4.924e-11  1.000e-12  2.031e+00    25.9812    25.9590    -0.0222    20.5933    20.5760      8.421      8.483      0.333    1456.57    1456.53  0.000e+00
        914      9.000     4.3316     4.3271    -0.0046    2.50780    2.50648          1     6.7564     6.9252       9.95     0.0281  4.924e-11  1.000e-12  2.031e+00    25.9800    25.9687    -0.0113    20.5921    20.5835      8.917      8.982      0.475    1456.59    1456.56  0.000e+00
        955      9.500     4.3310     4.3286    -0.0024    2.50736    2.50650          1     6.7551     6.9245       9.95     0.0283  4.924e-11  1.000e-12  2.031e+00    25.9753    25.9674    -0.0079    20.5884    20.5824      9.412      9.481      0.302    1456.59    1456.57  0.000e+00
       1028     10.000     4.3269     4.3288     0.0019    2.50722    2.50601          1     6.7449     6.9201       9.95     0.0288  4.924e-11  1.000e-12  2.031e+00    25.9767    25.9615    -0.0152    20.5899    20.5777      9.907      9.980      0.338    1456.59    1456.57  0.000e+00
       1062     10.500     4.3254     4.3280     0.0026    2.50803    2.50590          1     6.7451     6.9173       9.95     0.0296  4.924e-11  1.000e-12  2.031e+00    25.9870    25.9607    -0.0262    20.5982    20.5772     10.403     10.479      0.271    1456.60    1456.58  0.000e+00
       1137     11.000     4.3217     4.3243     0.0026    2.51009    2.50694          1     6.7343     6.9118       9.95     0.0303  4.924e-11  1.000e-12  2.031e+00    26.0131    25.9753    -0.0378    20.6192    20.5890     10.898     10.978      0.293    1456.63    1456.59  0.000e+00
       1169     11.500     4.3259     4.3224    -0.0034    2.51672    2.50783          1     6.6976     6.9190       9.95     0.0305  4.924e-11  1.000e-12  2.031e+00    26.0850    25.9866    -0.0984    20.6758    20.5981     11.393     11.477      0.306    1456.74    1456.60  0.000e+00
       1253     12.000     4.3310     4.3273    -0.0037    2.52157    2.51775          1     6.7743     6.9122       9.95     0.0313  4.924e-11  1.000e-12  2.031e+00    26.1360    26.0954    -0.0405    20.7158    20.6840     11.889     11.976      0.325    1456.84    1456.77  0.000e+00
       1287     12.500     4.3231     4.3272     0.0041    2.51664    2.51898          1     6.7654     6.9102       9.95     0.0333  4.924e-11  1.000e-12  2.031e+00    26.0859    26.1092     0.0233    20.6768    20.6949     12.384     12.475      0.297    1456.75    1456.80  0.000e+00
       1345     13.000     4.3432     4.3286    -0.0145    2.53003    2.51973          1     6.7758     6.8877       9.95     0.0346  4.924e-11  1.000e-12  2.031e+00    26.2221    26.1164    -0.1056    20.7830    20.7005     12.879     12.974      0.203    1457.02    1456.82  0.000e+00
       1404     13.500     4.3709     4.3379    -0.0330    2.54619    2.52481          1     6.7413     6.8707       9.95     0.0362  4.924e-11  1.000e-12  2.031e+00    26.3837    26.1667    -0.2170    20.9087    20.7396     13.375     13.473      0.217    1457.35    1456.93  0.000e+00
       1461     14.000     4.4377     4.3667    -0.0709    2.58470    2.53958          1     6.7210     6.8376       9.95     0.0361  4.924e-11  1.000e-12  2.031e+00    26.7680    26.3116    -0.4564    21.2075    20.8519     13.870     13.971      0.196    1458.13    1457.25  0.000e+00
       1525     14.500     4.5180     4.4326    -0.0855    2.62809    2.57428          1     6.6801     6.7944       9.95     0.0366  4.924e-11  1.000e-12  2.031e+00    27.1958    26.6533    -0.5424    21.5394    21.1171     14.366     14.470      0.243    1459.02    1457.97  0.000e+00
       1576     15.000     4.5771     4.4925    -0.0846    2.65999    2.60402          1     6.6578     6.7593       9.95     0.0374  4.924e-11  1.000e-12  2.031e+00    27.5097    26.9427    -0.5671    21.7828    21.3411     14.861     14.969      0.207    1459.68    1458.60  0.000e+00
       1640     15.500     4.5987     4.5638    -0.0350    2.67504    2.64821          1     6.6110     6.7583       9.95     0.0379  4.924e-11  1.000e-12  2.031e+00    27.6626    27.3866    -0.2760    21.9019    21.6864     15.356     15.467      0.211    1459.97    1459.47  0.000e+00
       1717     16.000     4.6333     4.6086    -0.0248    2.69333    2.67440          1     6.5976     6.7428       9.95     0.0470  4.924e-11  1.000e-12  2.031e+00    27.8414    27.6468    -0.1946    22.0403    21.8885     15.852     15.965      0.178    1460.35    1460.00  0.000e+00
       1786     16.500     4.6598     4.6356    -0.0242    2.70626    2.69087          1     6.5909     6.7287       9.95     0.0386  4.924e-11  1.000e-12  2.031e+00    27.9660    27.8114    -0.1546    22.1366    22.0163     16.347     16.464      0.195    1460.63    1460.33  0.000e+00
       1840     17.000     4.6914     4.6567    -0.0347    2.72057    2.70162          1     6.5860     6.6972       9.95     0.0369  4.924e-11  1.000e-12  2.031e+00    28.1017    27.9157    -0.1860    22.2411    22.0970     16.842     16.962      0.248    1460.94    1460.56  0.000e+00
       1895     17.500     4.7667     4.6901    -0.0766    2.74357    2.71530          1     6.5600     6.6938       9.95     0.0369  4.924e-11  1.000e-12  2.031e+00    28.2988    28.0428    -0.2560    22.3899    22.1945     17.338     17.460      0.187    1461.52    1460.87  0.000e+00
       1959     18.000     4.9269     4.7886    -0.1383    2.77720    2.74057          1     6.4996     6.6197       9.95     0.0366  4.924e-11  1.000e-12  2.031e+00    28.5431    28.2459    -0.2972    22.5678    22.3460     17.833     17.958      0.226    1462.50    1461.55  0.000e+00
       2013     18.500     5.0024     4.9097    -0.0928    2.79316    2.76757          1     6.5030     6.6006       9.95     0.0363  4.924e-11  1.000e-12  2.031e+00    28.6585    28.4486    -0.2099    22.6516    22.4946     18.328     18.456      0.190    1462.97    1462.32  0.000e+00
       2084     19.000     5.1653     5.0336    -0.1318    2.84422    2.79467          1     6.4241     6.4758       9.95     0.0352  4.924e-11  1.000e-12  2.031e+00    29.0937    28.6485    -0.4452    22.9794    22.6406     18.824     18.954      0.209    1464.20    1463.09  0.000e+00
       2132     19.500     5.3633     5.1273    -0.2361    2.91989    2.82138          1     6.3452     6.4508       9.95     0.0347  4.924e-11  1.000e-12  2.031e+00    29.7714    28.8691    -0.9023    23.4944    22.8056     19.319     19.452      0.317    1465.88    1463.77  0.000e+00
       2169     20.000     5.6531     5.2899    -0.3630    3.02870    2.87161          1     6.2891     6.3621       9.95     0.0353  4.924e-11  1.000e-12  2.031e+00    30.7327    29.2928    -1.4398    24.2222    23.1239     19.814     19.949      0.299    1468.29    1464.98  0.000e+00
       2214     20.500     5.7734     5.5488    -0.2246    3.07793    2.96647          1     6.2551     6.3214       9.95     0.0354  4.924e-11  1.000e-12  2.031e+00    31.1738    30.1288    -1.0451    24.5570    23.7567     20.310     20.446      0.245    1469.34    1467.11  0.000e+00
       2264     21.000     5.7903     5.7291    -0.0612    3.10003    3.04568          1     6.2349     6.3209       9.95     0.0358  4.924e-11  1.000e-12  2.031e+00    31.4057    30.8532    -0.5525    24.7382    24.3088     20.805     20.943      0.254    1469.71    1468.76  0.000e+00
       2308     21.500     5.7493     5.7826     0.0332    3.10306    3.08186          1     6.2357     6.3417       9.91     0.0380  4.924e-11  1.000e-12  2.031e+00    31.4776    31.2090    -0.2685    24.7998    24.5838     21.300     21.440      0.263    1469.64    1469.44  0.000e+00
       2363     22.000     5.7407     5.7521     0.0113    3.10595    3.09645          1     6.2067     6.3274       9.51     0.0365  4.924e-11  1.000e-12  2.031e+00    31.5177    31.4006    -0.1172    24.8325    24.7386     21.796     21.937      0.202    1469.67    1469.56  0.000e+00
       2413     22.500     5.7495     5.7395    -0.0100    3.11323    3.10161          1     6.1221     6.3102       8.95     0.0365  4.924e-11  1.000e-12  2.031e+00    31.5910    31.4699    -0.1211    24.8894    24.7949     22.291     22.434      0.358    1469.80    1469.61  0.000e+00
       2443     23.000     5.8308     5.7388    -0.0920    3.13916    3.10397          1     6.1136     6.2879       8.49     0.0366  4.924e-11  1.000e-12  2.031e+00    31.8052    31.4968    -0.3084    25.0490    24.8162     22.786     22.931      0.354    1470.41    1469.65  0.000e+00
       2510     23.500     5.9630     5.8424    -0.1206    3.17561    3.13252          1     6.1247     6.2417       7.96     0.0370  4.924e-11  1.000e-12  2.031e+00    32.0883    31.7196    -0.3686    25.2569    24.9801     23.282     23.428      0.275    1471.30    1470.36  0.000e+00
       2552     24.000     6.0778     5.9517    -0.1260    3.19857    3.16387          1     6.1138     6.1941       7.53     0.0380  4.924e-11  1.000e-12  2.031e+00    32.2357    31.9676    -0.2681    25.3594    25.1629     23.777     23.924      0.418    1471.96    1471.12  0.000e+00
       2583     24.500     5.9856     5.9804    -0.0055    3.20141    3.17313          1     6.0883     6.2177       7.04     0.0381  4.924e-11  1.000e-12  2.031e+00    32.3551    32.0438    -0.3114    25.4649    25.2196     24.272     24.421      0.297    1471.75    1471.33  0.000e+00
       2655     25.000     6.1427     6.0253    -0.1176    3.23034    3.19827          1     6.0614     6.1526       6.46     0.0389  4.924e-11  1.000e-12  2.031e+00    32.5277    32.2818    -0.2459    25.5819    25.4022     24.768     24.918      0.225    1472.60    1471.82  0.000e+00
       2710     25.500     6.1449     6.0939    -0.0509    3.24041    3.21600          1     6.0414     6.1344       6.00     0.0389  4.924e-11  1.000e-12  2.031e+00    32.6378    32.4143    -0.2236    25.6685    25.4984     25.263     25.414      0.207    1472.76    1472.27  0.000e+00
       2766     26.000     6.1516     6.1376    -0.0140    3.25033    3.23271          1     6.0060     6.0771       5.46     0.0391  4.924e-11  1.000e-12  2.031e+00    32.7419    32.5587    -0.1832    25.7499    25.6070     25.758     25.911      0.273    1472.92    1472.64  0.000e+00
       2804     26.500     6.0753     6.1373     0.0620    3.25267    3.23900          1     6.0116     6.0230       4.99     0.0404  4.924e-11  1.000e-12  2.031e+00    32.8416    32.6289    -0.2127    25.8380    25.6624     26.253     26.407      0.330    1472.75    1472.73  0.000e+00
       2846     27.000     6.1113     6.1090    -0.0021    3.26247    3.24670          1     5.9498     5.9966       4.50     0.0430  4.924e-11  1.000e-12  2.031e+00    32.9159    32.7419    -0.1740    25.8923    25.7551     26.749     26.903      0.216    1473.00    1472.77  0.000e+00
       2922     27.500     6.2115     6.1393    -0.0721    3.27590    3.26100          1     5.8857     5.9390       3.98     0.0502  4.924e-11  1.000e-12  2.031e+00    32.9686    32.8722    -0.0964    25.9213    25.8542     27.244     27.400      0.278    1473.47    1473.06  0.000e+00
       2956     28.000     6.2354     6.1810    -0.0544    3.27894    3.26720          1     5.8519     5.9313       3.49     0.0537  4.924e-11  1.000e-12  2.031e+00    32.9791    32.9008    -0.0783    25.9266    25.8716     27.739     27.896      0.328    1473.59    1473.27  0.000e+00
       3033     28.500     6.2401     6.2229    -0.0172    3.27953    3.27463          1     5.8135     5.9420       2.96     0.0574  4.924e-11  1.000e-12  2.031e+00    32.9809    32.9429    -0.0380    25.9274    25.8996     28.235     28.393      0.247    1473.62    1473.50  0.000e+00
       3082     29.000     6.2442     6.2341    -0.0101    3.28004    3.27666          1     5.7994     5.9422       2.48     0.0591  4.924e-11  1.000e-12  2.031e+00    32.9823    32.9544    -0.0279    25.9280    25.9073     28.730     28.889      0.299    1473.64    1473.57  0.000e+00
