ctdpy/tests/etc/CTD_SMHI/SBE09_1044_20171113_1254_34_07_0042.cnv
* Sea-Bird SBE 9 Data File:
* FileName = C:\ctd\temp\2017\AU17D042.hex
* Software Version Seasave V 7.26.6.26
* Temperature SN = 5351
* Conductivity SN = 3941
* Number of Bytes Per Scan = 41
* Number of Voltage Words = 4
* Number of Scans Averaged by the Deck Unit = 1
* NMEA Latitude = 55 52.01 N
* NMEA Longitude = 012 44.91 E
* NMEA UTC (Time) = Nov 13 2017  12:55:08
* NMEA baud rate = 4800
** Station:  W Landskrona
** Operator:  SSip
** Ship: AURA
** Average sound velocity: 1487.08 m/s
** True-depth calculation Mon, 13 Nov 2017 15:09:29 +0000
** CTD Python Module SMHI /ver 3-12/ feb 2012 
** LIMS Job: 20173407-0042
** Cruise: SMHI-02-2017
** Latitude [GG MM.mm N] :
** Longitude [GG MM.mm E]:
# nquan = 26
# nvalues = 94                          
# units = specified
# name 0 = scan: Scan Count
# name 1 = prDM: Pressure, Digiquartz [db]
# name 2 = t090C: Temperature [ITS-90, deg C]
# name 3 = t190C: Temperature, 2 [ITS-90, deg C]
# name 4 = T2-T190C: Temperature Difference, 2 - 1 [ITS-90, deg C]
# name 5 = c0S/m: Conductivity [S/m]
# name 6 = c1S/m: Conductivity, 2 [S/m]
# name 7 = pumps: Pump Status
# name 8 = sbeox0ML/L: Oxygen, SBE 43 [ml/l]
# name 9 = sbeox1ML/L: Oxygen, SBE 43, 2 [ml/l]
# name 10 = altM: Altimeter [m]
# name 11 = flECO-AFL: Fluorescence, WET Labs ECO-AFL/FL [mg/m^3]
# name 12 = flECO-AFL1: Fluorescence, WET Labs ECO-AFL/FL, 2 [mg/m^3]
# name 13 = par: PAR/Irradiance, Biospherical/Licor
# name 14 = turbWETntu0: Turbidity, WET Labs ECO [NTU]
# name 15 = sal00: Salinity, Practical [PSU]
# name 16 = sal11: Salinity, Practical, 2 [PSU]
# name 17 = secS-priS: Salinity, Practical, Difference, 2 - 1 [PSU]
# name 18 = sigma-t00: Density [sigma-t, Kg/m^3 ]
# name 19 = sigma-t11: Density, 2 [sigma-t, Kg/m^3 ]
# name 20 = depSM: Depth [salt water, m], lat = 55.8668
# name 21 = depFM: Depth [true depth, m], lat = 55.8668
# name 22 = dz/dtM: Descent Rate [m/s], WS = 2
# name 23 = svCM: Sound Velocity [Chen-Millero, m/s]
# name 24 = svCM1: Sound Velocity, 2 [Chen-Millero, m/s]
# name 25 = flag: flag
# span 0 =       5871,       8203       
# span 1 =      1.000,     47.500       
# span 2 =     8.8961,    13.5754       
# span 3 =     8.9026,    13.5753       
# span 4 =    -0.0841,     0.0612       
# span 5 =   1.868501,   3.803331       
# span 6 =   1.871202,   3.803188       
# span 7 =          1,          1       
# span 8 =    2.85658,    6.67638       
# span 9 =    2.87209,    6.65014       
# span 10 =       2.56,      42.64      
# span 11 =     0.3162,     1.6876      
# span 12 =     0.2893,     0.5115      
# span 13 = 1.0000e-12, 3.9794e+02      
# span 14 =     0.4365,     2.6729      
# span 15 =    16.4850,    31.7169      
# span 16 =    16.5080,    31.7157      
# span 17 =    -0.2153,     0.1703      
# span 18 =    12.6738,    23.7372      
# span 19 =    12.6909,    23.7363      
# span 20 =      0.991,     47.063      
# span 21 =      1.006,     47.435      
# span 22 =      0.003,      0.592      
# span 23 =    1463.18,    1499.00      
# span 24 =    1463.23,    1499.00      
# span 25 = 0.0000e+00, 0.0000e+00      
# interval = decibars: 0.5              
# start_time = Nov 13 2017 12:55:09 [NMEA time, first data scan]
# bad_flag = -9.990e-29
*END*
       5871      1.000     9.0165     9.0128    -0.0034    1.90718    1.91182          1     6.6764     6.6501       2.62     1.3740     0.4128  3.979e+02  0.4365000    16.8003    16.8465     0.0463    12.9052    12.9417      0.991      1.006      0.158    1464.02    1464.06  0.000e+00
       6101      1.500     8.8961     8.9026     0.0062    1.86850    1.87120          1     6.6584     6.6133       2.56     1.3357     0.4382  3.578e+02  0.4866000    16.4850    16.5080     0.0230    12.6738    12.6909      1.486      1.508      0.428    1463.18    1463.23  0.000e+00
       6122      2.000     8.9353     8.9328    -0.0024    1.88781    1.88530          1     6.6407     6.5998       2.98     1.3611     0.4403  1.018e+02  0.5388000    16.6522    16.6293    -0.0230    12.7995    12.7819      1.982      2.011      0.462    1463.54    1463.50  0.000e+00
       6150      2.500     9.0059     8.9846    -0.0211    1.92488    1.91356          1     6.6078     6.5915       2.93     1.4419     0.4000  8.093e+01  0.5675000    16.9751    16.8765    -0.0986    13.0428    12.9684      2.477      2.514      0.435    1464.22    1464.02  0.000e+00
       6176      3.000     9.1456     9.1361    -0.0096    1.98425    1.98437          1     6.5280     6.5354       3.63     1.3813     0.3930  5.881e+01  0.5585000    17.4783    17.4840     0.0057    13.4180    13.4235      2.973      3.017      0.474    1465.38    1465.35  0.000e+00
       6202      3.500     9.2181     9.2466     0.0284    2.01749    2.02857          1     6.4055     6.4260       3.82     1.4010     0.4392  5.165e+01  0.5754000    17.7618    17.8540     0.0922    13.6299    13.6982      3.468      3.519      0.456    1466.01    1466.23  0.000e+00
       6228      4.000     9.2679     9.2742     0.0063    2.03526    2.03734          1     6.3280     6.3138       3.79     1.4372     0.5059  4.323e+01  0.6012000    17.9076    17.9244     0.0169    13.7373    13.7496      3.964      4.022      0.493    1466.39    1466.44  0.000e+00
       6251      4.500     9.2687     9.2825     0.0135    2.03690    2.04324          1     6.3605     6.3523       3.73     1.4079     0.5115  3.925e+01  0.5888000    17.9228    17.9768     0.0539    13.7490    13.7893      4.459      4.524      0.537    1466.42    1466.54  0.000e+00
       6272      5.000     9.4135     9.4283     0.0153    2.11286    2.12140          1     6.2731     6.3089       3.77     1.4202     0.4949  3.136e+01  0.5803000    18.5783    18.6527     0.0744    14.2410    14.2970      4.955      5.026      0.548    1467.78    1467.93  0.000e+00
       6294      5.500     9.7228     9.7708     0.0477    2.26118    2.27673          1     6.1347     6.1938       4.04     1.4946     0.4832  2.721e+01  0.6060000    19.8373    19.9601     0.1228    15.1801    15.2692      5.450      5.528      0.563    1470.49    1470.82  0.000e+00
       6315      6.000     9.8796     9.9031     0.0234    2.31703    2.32526          1     6.0521     6.0974       3.99     1.6195     0.4560  2.241e+01  0.6174000    20.2864    20.3521     0.0657    15.5081    15.5560      5.945      6.030      0.577    1471.64    1471.80  0.000e+00
       6336      6.500     9.9714     9.9822     0.0109    2.35322    2.35875          1     5.9933     6.0409       3.88     1.5153     0.4694  1.949e+01  0.6043000    20.5812    20.6280     0.0469    15.7246    15.7596      6.441      6.531      0.576    1472.35    1472.44  0.000e+00
       6357      7.000    10.0047    10.0135     0.0087    2.36745    2.37030          1     5.9749     5.9928      19.55     1.5058     0.4704  1.654e+01  0.6173000    20.6985    20.7208     0.0223    15.8112    15.8273      6.936      7.032      0.576    1472.62    1472.68  0.000e+00
       6378      7.500     9.9871    10.0044     0.0173    2.36310    2.37076          1     6.0186     5.9932      42.57     1.5622     0.4755  1.456e+01  0.6279000    20.6667    20.7302     0.0635    15.7889    15.8359      7.432      7.534      0.577    1472.52    1472.67  0.000e+00
       6398      8.000    10.0142    10.0123    -0.0018    2.37709    2.37542          1     5.9537     5.9407      42.64     1.6186     0.4859  1.262e+01  0.6087000    20.7851    20.7702    -0.0149    15.8772    15.8659      7.927      8.035      0.572    1472.78    1472.75  0.000e+00
       6420      8.500    10.1093    10.1375     0.0282    2.41784    2.43109          1     5.8897     5.9491      42.18     1.6876     0.4884  1.124e+01  0.6317000    21.1201    21.2303     0.1102    16.1241    16.2057      8.423      8.536      0.560    1473.54    1473.78  0.000e+00
       6441      9.000    10.1219    10.1798     0.0575    2.42610    2.44745          1     5.7840     5.9028      41.70     1.5025     0.4654  9.903e+00  0.5934000    21.1919    21.3622     0.1703    16.1781    16.3022      8.918      9.037      0.554    1473.69    1474.11  0.000e+00
       6463      9.500    10.4146    10.4715     0.0573    2.54144    2.55908          1     5.6504     5.7475      41.21     1.4947     0.4912  8.516e+00  0.5910000    22.1204    22.2544     0.1340    16.8570    16.9526      9.413      9.538      0.551    1475.90    1476.27  0.000e+00
       6485     10.000    10.5590    10.5380    -0.0206    2.58290    2.57259          1     5.6000     5.6222      40.75     1.4621     0.4726  7.465e+00  0.5945000    22.4283    22.3428    -0.0855    17.0747    17.0115      9.909     10.039      0.533    1476.81    1476.63  0.000e+00
       6508     10.500    10.5855    10.5961     0.0105    2.58600    2.59045          1     5.5838     5.5905      40.25     1.4204     0.4356  6.393e+00  0.5981000    22.4415    22.4774     0.0359    17.0810    17.1073     10.404     10.540      0.522    1476.93    1477.02  0.000e+00
       6531     11.000    10.6497    10.6646     0.0146    2.61189    2.61943          1     5.5244     5.5664      39.75     1.4070     0.4365  5.530e+00  0.6085000    22.6485    22.7110     0.0626    17.2320    17.2783     10.900     11.041      0.524    1477.43    1477.56  0.000e+00
       6554     11.500    10.7011    10.7390     0.0383    2.62963    2.63941          1     5.4951     5.5376      39.25     1.3507     0.4238  4.822e+00  0.6215000    22.7854    22.8548     0.0694    17.3305    17.3786     11.395     11.541      0.518    1477.79    1478.01  0.000e+00
       6577     12.000    10.7305    10.7523     0.0214    2.64129    2.64818          1     5.5032     5.5174      38.69     1.2656     0.3953  4.201e+00  0.6397000    22.8779    22.9298     0.0520    17.3978    17.4348     11.891     12.042      0.509    1478.01    1478.16  0.000e+00
       6601     12.500    10.7940    10.7730    -0.0208    2.66231    2.65452          1     5.4774     5.4745      38.19     1.3815     0.4931  3.726e+00  0.6545000    23.0379    22.9771    -0.0608    17.5122    17.4683     12.386     12.542      0.494    1478.45    1478.30  0.000e+00
       6626     13.000    10.8216    10.8190    -0.0029    2.67094    2.66869          1     5.4133     5.4319      37.67     1.3836     0.4745  3.321e+00  0.6367000    23.1025    23.0828    -0.0198    17.5581    17.5432     12.881     13.043      0.479    1478.63    1478.60  0.000e+00
       6651     13.500    10.8203    10.8253     0.0051    2.66840    2.67095          1     5.4000     5.4324      37.17     1.3719     0.4826  2.977e+00  0.6199000    23.0790    23.1001     0.0211    17.5401    17.5557     13.377     13.543      0.471    1478.61    1478.65  0.000e+00
       6677     14.000    10.8440    10.8409    -0.0030    2.67932    2.67669          1     5.3049     5.3281      36.69     1.2143     0.4392  2.653e+00  0.6427000    23.1677    23.1447    -0.0230    17.6052    17.5879     13.872     14.044      0.452    1478.81    1478.77  0.000e+00
       6704     14.500    11.0069    11.0151     0.0079    2.73421    2.73486          1     5.1520     5.1833      36.19     1.2131     0.4513  2.349e+00  0.6488000    23.5853    23.5863     0.0010    17.9038    17.9033     14.368     14.544      0.446    1479.91    1479.94  0.000e+00
       6731     15.000    11.2468    11.1620    -0.0841    2.81995    2.79133          1     4.8774     4.9659      35.72     1.1077     0.4314  2.088e+00  0.7041000    24.2417    24.0263    -0.2153    18.3744    18.2211     14.863     15.044      0.453    1481.57    1481.01  0.000e+00
       6757     15.500    11.5764    11.6381     0.0612    2.93024    2.95077          1     4.5314     4.7050      35.21     1.0087     0.4147  1.845e+00  0.7482000    25.0644    25.2161     0.1517    18.9580    19.0653     15.359     15.544      0.454    1483.74    1484.14  0.000e+00
       6784     16.000    11.7395    11.7458     0.0062    2.98914    2.99074          1     4.4172     4.5465      34.73     0.7446     0.3993  1.638e+00  0.9364000    25.5085    25.5193     0.0109    19.2747    19.2821     15.854     16.044      0.445    1484.85    1484.89  0.000e+00
       6811     16.500    11.8403    11.8364    -0.0038    3.03607    3.03309          1     4.3915     4.4698      34.24     0.6807     0.3726  1.463e+00  1.0043000    25.8805    25.8551    -0.0254    19.5457    19.5266     16.349     16.544      0.438    1485.66    1485.62  0.000e+00
       6839     17.000    11.8641    11.8651     0.0010    3.04396    3.04401          1     4.4244     4.4773      33.75     0.6587     0.3541  1.314e+00  1.0766000    25.9380    25.9378    -0.0003    19.5861    19.5858     16.845     17.043      0.444    1485.82    1485.82  0.000e+00
       6865     17.500    11.8723    11.8728     0.0005    3.04934    3.04881          1     4.4563     4.4799      33.30     0.6467     0.3547  1.183e+00  1.1328000    25.9827    25.9774    -0.0053    19.6193    19.6152     17.340     17.543      0.467    1485.91    1485.91  0.000e+00
       6890     18.000    11.8893    11.8903     0.0010    3.05617    3.05601          1     4.4587     4.4695      32.80     0.6673     0.3411  1.050e+00  1.1690000    26.0349    26.0328    -0.0021    19.6568    19.6550     17.836     18.042      0.470    1486.04    1486.04  0.000e+00
       6916     18.500    11.8970    11.8978     0.0008    3.05986    3.05984          1     4.4665     4.4692      32.32     0.7127     0.3978  9.142e-01  1.1385000    26.0641    26.0634    -0.0007    19.6781    19.6774     18.331     18.542      0.474    1486.11    1486.11  0.000e+00
       6941     19.000    11.9011    11.9002    -0.0008    3.06412    3.06320          1     4.4475     4.4703      31.83     0.7077     0.3884  7.992e-01  1.1613000    26.1011    26.0931    -0.0080    19.7061    19.7000     18.826     19.041      0.490    1486.18    1486.17  0.000e+00
       6965     19.500    11.9356    11.9357     0.0001    3.07845    3.07824          1     4.3804     4.4174      31.38     0.7036     0.3364  6.820e-01  1.2023000    26.2115    26.2095    -0.0020    19.7856    19.7840     19.322     19.540      0.509    1486.44    1486.44  0.000e+00
       6988     20.000    11.9725    11.9733     0.0008    3.09034    3.09013          1     4.3129     4.3503      30.92     0.7079     0.3486  5.873e-01  1.2141000    26.2972    26.2947    -0.0025    19.8455    19.8435     19.817     20.040      0.518    1486.68    1486.68  0.000e+00
       7011     20.500    12.0171    12.0192     0.0021    3.11051    3.11142          1     4.2159     4.2627      30.47     0.6866     0.3414  5.058e-01  1.2643000    26.4551    26.4621     0.0070    19.9600    19.9650     20.313     20.539      0.538    1487.03    1487.05  0.000e+00
       7033     21.000    12.0995    12.1029     0.0035    3.14114    3.14173          1     4.1490     4.1991      30.00     0.6262     0.3498  4.299e-01  1.3845000    26.6840    26.6870     0.0030    20.1228    20.1246     20.808     21.038      0.555    1487.60    1487.61  0.000e+00
       7054     21.500    12.1475    12.1493     0.0017    3.15688    3.15698          1     4.1307     4.1715      29.55     0.5752     0.3763  3.571e-01  1.4121000    26.7973    26.7969    -0.0004    20.2020    20.2014     21.303     21.538      0.560    1487.91    1487.92  0.000e+00
       7076     22.000    12.2043    12.2073     0.0030    3.17691    3.17763          1     4.0994     4.1374      28.96     0.5524     0.3185  2.995e-01  1.3539000    26.9441    26.9488     0.0047    20.3056    20.3087     21.799     22.037      0.558    1488.29    1488.31  0.000e+00
       7097     22.500    12.2540    12.2563     0.0023    3.19686    3.19720          1     4.0322     4.0759      28.48     0.5340     0.3990  2.481e-01  1.2618000    27.0952    27.0967     0.0015    20.4138    20.4145     22.294     22.536      0.562    1488.65    1488.66  0.000e+00
       7118     23.000    12.2617    12.2616    -0.0001    3.20542    3.20484          1     3.9286     3.9833      28.00     0.5212     0.3633  1.959e-01  1.2943000    27.1696    27.1644    -0.0053    20.4700    20.4659     22.790     23.035      0.564    1488.77    1488.77  0.000e+00
       7140     23.500    12.3295    12.3318     0.0023    3.23853    3.23848          1     3.8300     3.8967      27.54     0.5208     0.3339  1.519e-01  1.5652000    27.4304    27.4283    -0.0021    20.6597    20.6576     23.285     23.534      0.558    1489.33    1489.33  0.000e+00
       7161     24.000    12.3814    12.3807    -0.0008    3.26223    3.26146          1     3.7738     3.8380      27.06     0.5001     0.3443  1.184e-01  1.8627000    27.6142    27.6075    -0.0067    20.7925    20.7875     23.781     24.033      0.559    1489.73    1489.72  0.000e+00
       7183     24.500    12.4145    12.4146     0.0000    3.27774    3.27729          1     3.7559     3.8032      26.57     0.5027     0.4032  9.215e-02  1.8242000    27.7349    27.7307    -0.0043    20.8800    20.8766     24.276     24.532      0.564    1490.00    1489.99  0.000e+00
       7204     25.000    12.4274    12.4276     0.0003    3.28362    3.28320          1     3.7599     3.7955      26.11     0.4848     0.3636  6.011e-02  1.8770000    27.7804    27.7762    -0.0041    20.9128    20.9095     24.771     25.031      0.564    1490.11    1490.10  0.000e+00
       7225     25.500    12.4362    12.4369     0.0007    3.28775    3.28768          1     3.7575     3.7813      25.61     0.4840     0.3279  3.368e-02  1.8939000    27.8123    27.8111    -0.0011    20.9359    20.9348     25.267     25.529      0.559    1490.18    1490.18  0.000e+00
       7247     26.000    12.4561    12.4570     0.0009    3.29721    3.29698          1     3.7274     3.7391      25.16     0.4945     0.3659  1.516e-02  1.8742000    27.8859    27.8831    -0.0028    20.9892    20.9869     25.762     26.028      0.560    1490.35    1490.35  0.000e+00
       7268     26.500    12.4754    12.4761     0.0008    3.30713    3.30712          1     3.7064     3.7152      24.68     0.5046     0.3655  8.397e-04  1.8483000    27.9643    27.9637    -0.0007    21.0464    21.0457     26.257     26.527      0.564    1490.51    1490.52  0.000e+00
       7289     27.000    12.5030    12.5031     0.0000    3.32477    3.32357          1     3.6049     3.6424      24.23     0.5139     0.3256  3.516e-06  1.8702000    28.1087    28.0974    -0.0113    21.1530    21.1442     26.753     27.026      0.563    1490.79    1490.77  0.000e+00
       7311     27.500    12.6341    12.6283    -0.0057    3.39087    3.38750          1     3.4477     3.5172      23.72     0.4688     0.3490  1.000e-12  1.9563000    28.6283    28.6011    -0.0272    21.5309    21.5109     27.248     27.524      0.560    1491.86    1491.81  0.000e+00
       7332     28.000    12.7226    12.7224    -0.0003    3.42719    3.42555          1     3.3083     3.3923      23.26     0.4566     0.3662  1.000e-12  2.0027000    28.9004    28.8853    -0.0152    21.7249    21.7133     27.744     28.023      0.561    1492.50    1492.48  0.000e+00
