ctdpy/tests/etc/CTD_SMHI/SBE09_0827_20180122_1216_26_01_0161.cnv
* Sea-Bird SBE 9 Data File:
* FileName = D:\CTD_SBE911\DAT\26DA.2018.1.61.hex
* Software Version Seasave V 7.21d
* Temperature SN = 034757
* Conductivity SN = 041844
* Number of Bytes Per Scan = 48
* Number of Voltage Words = 5
* Number of Scans Averaged by the Deck Unit = 1
* NMEA Latitude = 58 31.45 N
* NMEA Longitude = 010 48.58 E
* NMEA UTC (Time) = Jan 22 2018  12:16:40
* NMEA baud rate = 4800
** Ship: DANA
** Average sound velocity: 1475.91 m/s
** True-depth calculation Wed, 24 Jan 2018 11:48:04 +0000
** CTD Python Module SMHI /ver 3-12/ feb 2012 
** LIMS Job: 20182601-0161
** 5W Vaderoarna
** Operator: Ronny Sørensen
** Cruise: 01/2018
# nquan = 26
# nvalues = 204                         
# units = specified
# name 0 = scan: Scan Count
# name 1 = prDM: Pressure, Digiquartz [db]
# name 2 = t090C: Temperature [ITS-90, deg C]
# name 3 = t190C: Temperature, 2 [ITS-90, deg C]
# name 4 = T2-T190C: Temperature Difference, 2 - 1 [ITS-90, deg C]
# name 5 = c0S/m: Conductivity [S/m]
# name 6 = c1S/m: Conductivity, 2 [S/m]
# name 7 = pumps: Pump Status
# name 8 = sbeox1ML/L: Oxygen, SBE 43, 2 [ml/l]
# name 9 = sbeox0ML/L: Oxygen, SBE 43 [ml/l]
# name 10 = altM: Altimeter [m]
# name 11 = chloroflTC0: Chlorophyll, Turner Cyclops [ug/l]
# name 12 = cpar: CPAR/Corrected Irradiance [%]
# name 13 = par: PAR/Irradiance, Biospherical/Licor
# name 14 = spar: SPAR/Surface Irradiance
# name 15 = sal00: Salinity, Practical [PSU]
# name 16 = sal11: Salinity, Practical, 2 [PSU]
# name 17 = secS-priS: Salinity, Practical, Difference, 2 - 1 [PSU]
# name 18 = sigma-t00: Density [sigma-t, kg/m^3 ]
# name 19 = sigma-t11: Density, 2 [sigma-t, kg/m^3 ]
# name 20 = depSM: Depth [salt water, m], lat = 58.5242
# name 21 = depFM: Depth [true depth, m], lat = 58.5242
# name 22 = dz/dtM: Descent Rate [m/s], WS = 2
# name 23 = svCM: Sound Velocity [Chen-Millero, m/s]
# name 24 = svCM1: Sound Velocity, 2 [Chen-Millero, m/s]
# name 25 = flag: flag
# span 0 =        245,      10284       
# span 1 =      2.000,    103.500       
# span 2 =     4.8220,     7.2708       
# span 3 =     4.8193,     7.2705       
# span 4 =    -0.0107,     0.0815       
# span 5 =   3.021741,   3.494500       
# span 6 =   3.020799,   3.494652       
# span 7 =          1,          1       
# span 8 =     5.8962,     6.5405       
# span 9 =     6.0885,     6.7321       
# span 10 =       2.87,       9.99      
# span 11 =     0.0208,     0.0427      
# span 12 = 1.6863e-13, 3.3087e+00      
# span 13 = 1.0000e-12, 1.7178e+01      
# span 14 = 4.9235e+02, 5.9300e+02      
# span 15 =    31.4352,    34.3064      
# span 16 =    31.4270,    34.3084      
# span 17 =    -0.1311,     0.1462      
# span 18 =    24.8690,    26.8347      
# span 19 =    24.8628,    26.8363      
# span 20 =      1.981,    102.511      
# span 21 =      1.988,    102.699      
# span 22 =      0.163,      0.499      
# span 23 =    1465.49,    1480.48      
# span 24 =    1465.47,    1480.49      
# span 25 = 0.0000e+00, 0.0000e+00      
# interval = decibars: 0.5              
# start_time = Jan 22 2018 12:16:40 [NMEA time, first data scan]
# bad_flag = -9.990e-29
*END*
[from data line 112]
       5896     58.000     6.9190     6.9252     0.0061    3.44400    3.44373          1     6.0356     6.2215       9.96     0.0280  1.797e-13  1.000e-12  5.565e+02    34.1217    34.1126    -0.0091    26.7380    26.7300     57.452     57.566      0.264    1478.20    1478.21  0.000e+00
       5937     58.500     6.9448     6.9526     0.0078    3.44722    3.44690          1     6.0115     6.2166       9.96     0.0264  1.802e-13  1.000e-12  5.551e+02    34.1314    34.1201    -0.0112    26.7421    26.7321     57.947     58.062      0.263    1478.32    1478.33  0.000e+00
       5995     59.000     6.9749     6.9875     0.0125    3.45106    3.45130          1     5.9995     6.2186       9.96     0.0272  1.793e-13  1.000e-12  5.577e+02    34.1434    34.1336    -0.0098    26.7474    26.7379     58.442     58.558      0.248    1478.46    1478.49  0.000e+00
       6038     59.500     7.0275     7.0383     0.0109    3.45792    3.45743          1     6.0014     6.1969       9.96     0.0261  1.789e-13  1.000e-12  5.589e+02    34.1664    34.1502    -0.0162    26.7583    26.7441     58.938     59.054      0.280    1478.70    1478.72  0.000e+00
       6091     60.000     7.0610     7.0682     0.0073    3.46211    3.46224          1     6.0025     6.1800       9.96     0.0274  1.789e-13  1.000e-12  5.589e+02    34.1789    34.1731    -0.0058    26.7635    26.7580     59.433     59.550      0.229    1478.85    1478.87  0.000e+00
       6132     60.500     7.0703     7.0751     0.0048    3.46359    3.46322          1     6.0185     6.1891       9.96     0.0256  1.778e-13  1.000e-12  5.623e+02    34.1857    34.1768    -0.0089    26.7676    26.7599     59.928     60.046      0.333    1478.90    1478.91  0.000e+00
       6172     61.000     7.0860     7.0941     0.0081    3.46572    3.46586          1     5.9998     6.1837       9.96     0.0260  1.773e-13  1.000e-12  5.641e+02    34.1931    34.1867    -0.0064    26.7713    26.7651     60.423     60.542      0.262    1478.98    1479.00  0.000e+00
       6223     61.500     7.1043     7.1082     0.0039    3.46807    3.46793          1     5.9975     6.1805       9.96     0.0265  1.775e-13  1.000e-12  5.633e+02    34.2004    34.1951    -0.0053    26.7745    26.7698     60.918     61.038      0.230    1479.07    1479.08  0.000e+00
       6277     62.000     7.1102     7.1100    -0.0002    3.46883    3.46852          1     5.9779     6.1822       9.96     0.0255  1.762e-13  1.000e-12  5.676e+02    34.2027    34.1995    -0.0032    26.7755    26.7730     61.414     61.534      0.226    1479.10    1479.10  0.000e+00
       6322     62.500     7.1070     7.1063    -0.0007    3.46853    3.46830          1     5.9812     6.1757       9.96     0.0276  1.765e-13  1.000e-12  5.667e+02    34.2024    34.2005    -0.0019    26.7757    26.7743     61.909     62.030      0.300    1479.10    1479.09  0.000e+00
       6368     63.000     7.1035     7.1034    -0.0000    3.46825    3.46808          1     5.9561     6.1817       9.96     0.0271  1.758e-13  1.000e-12  5.688e+02    34.2025    34.2007    -0.0018    26.7763    26.7749     62.404     62.526      0.214    1479.09    1479.09  0.000e+00
       6431     63.500     7.1015     7.1007    -0.0008    3.46813    3.46802          1     5.9421     6.1805       9.96     0.0261  1.758e-13  1.000e-12  5.688e+02    34.2030    34.2026    -0.0004    26.7769    26.7767     62.899     63.022      0.309    1479.09    1479.09  0.000e+00
       6460     64.000     7.1002     7.1101     0.0099    3.46816    3.46873          1     5.9665     6.1847       9.96     0.0258  1.759e-13  1.000e-12  5.686e+02    34.2043    34.2007    -0.0035    26.7781    26.7739     63.394     63.518      0.404    1479.10    1479.13  0.000e+00
       6498     64.500     7.1208     7.1374     0.0166    3.47100    3.47237          1     5.9823     6.1674       9.96     0.0265  1.759e-13  1.000e-12  5.685e+02    34.2148    34.2133    -0.0015    26.7835    26.7800     63.890     64.014      0.236    1479.20    1479.26  0.000e+00
       6569     65.000     7.1465     7.1513     0.0047    3.47416    3.47423          1     5.9691     6.1684       9.96     0.0264  1.765e-13  1.000e-12  5.665e+02    34.2236    34.2196    -0.0039    26.7868    26.7831     64.385     64.510      0.306    1479.32    1479.33  0.000e+00
       6602     65.500     7.1502     7.1455    -0.0047    3.47485    3.47459          1     5.9872     6.1656       9.96     0.0266  1.761e-13  1.000e-12  5.679e+02    34.2273    34.2291     0.0018    26.7893    26.7914     64.880     65.006      0.303    1479.35    1479.33  0.000e+00
       6665     66.000     7.1419     7.1419     0.0001    3.47429    3.47434          1     5.9625     6.1595       9.96     0.0272  1.765e-13  1.000e-12  5.665e+02    34.2292    34.2297     0.0005    26.7919    26.7923     65.375     65.502      0.259    1479.32    1479.32  0.000e+00
       6706     66.500     7.1437     7.1538     0.0101    3.47474    3.47534          1     5.9363     6.1632       9.96     0.0286  1.770e-13  1.000e-12  5.650e+02    34.2321    34.2286    -0.0035    26.7939    26.7898     65.870     65.998      0.403    1479.34    1479.38  0.000e+00
       6739     67.000     7.1621     7.1729     0.0107    3.47717    3.47846          1     5.9642     6.1481       9.96     0.0280  1.769e-13  1.000e-12  5.653e+02    34.2401    34.2435     0.0034    26.7977    26.7988     66.365     66.494      0.272    1479.43    1479.48  0.000e+00
       6800     67.500     7.1680     7.1725     0.0045    3.47898    3.47959          1     5.9485     6.1358       9.96     0.0296  1.783e-13  1.000e-12  5.609e+02    34.2539    34.2560     0.0022    26.8077    26.8088     66.861     66.990      0.294    1479.48    1479.50  0.000e+00
       6832     68.000     7.1787     7.1829     0.0042    3.48109    3.48145          1     5.9424     6.1047       9.96     0.0315  1.784e-13  1.000e-12  5.605e+02    34.2660    34.2658    -0.0002    26.8158    26.8150     67.356     67.486      0.336    1479.55    1479.56  0.000e+00
       6893     68.500     7.1829     7.1839     0.0009    3.48179    3.48190          1     5.9565     6.1129       9.96     0.0345  1.788e-13  1.000e-12  5.591e+02    34.2692    34.2695     0.0003    26.8177    26.8178     67.851     67.982      0.230    1479.58    1479.58  0.000e+00
       6942     69.000     7.1840     7.1844     0.0004    3.48203    3.48208          1     5.9321     6.1240       9.96     0.0360  1.792e-13  1.000e-12  5.580e+02    34.2705    34.2707     0.0001    26.8186    26.8186     68.346     68.478      0.285    1479.59    1479.59  0.000e+00
       6999     69.500     7.1843     7.1844     0.0002    3.48208    3.48215          1     5.9149     6.1151       9.96     0.0379  1.806e-13  1.000e-12  5.538e+02    34.2706    34.2712     0.0006    26.8186    26.8191     68.841     68.974      0.246    1479.60    1479.60  0.000e+00
       7039     70.000     7.1846     7.1849     0.0002    3.48216    3.48224          1     5.8962     6.1175       9.96     0.0395  1.810e-13  1.000e-12  5.524e+02    34.2709    34.2715     0.0006    26.8188    26.8193     69.337     69.470      0.418    1479.61    1479.61  0.000e+00
       7068     70.500     7.1851     7.1852     0.0000    3.48224    3.48232          1     5.9410     6.1208       9.96     0.0381  1.811e-13  1.000e-12  5.521e+02    34.2711    34.2719     0.0008    26.8189    26.8195     69.832     69.966      0.333    1479.62    1479.62  0.000e+00
       7133     71.000     7.1852     7.1851    -0.0001    3.48229    3.48238          1     5.9531     6.1067       9.96     0.0371  1.822e-13  1.000e-12  5.488e+02    34.2712    34.2723     0.0011    26.8190    26.8198     70.327     70.462      0.271    1479.63    1479.63  0.000e+00
       7171     71.500     7.1854     7.1858     0.0004    3.48235    3.48247          1     5.9417     6.0983       9.96     0.0387  1.820e-13  1.000e-12  5.494e+02    34.2714    34.2723     0.0009    26.8191    26.8198     70.822     70.958      0.366    1479.63    1479.64  0.000e+00
       7234     72.000     7.1863     7.1871     0.0008    3.48251    3.48264          1     5.9260     6.1150       9.96     0.0375  1.821e-13  1.000e-12  5.492e+02    34.2720    34.2727     0.0007    26.8194    26.8198     71.317     71.454      0.239    1479.65    1479.65  0.000e+00
       7289     72.500     7.1917     7.1930     0.0013    3.48325    3.48338          1     5.9093     6.1119       9.96     0.0408  1.820e-13  1.000e-12  5.495e+02    34.2746    34.2747     0.0002    26.8207    26.8206     71.812     71.950      0.396    1479.68    1479.69  0.000e+00
       7319     73.000     7.1934     7.1929    -0.0006    3.48347    3.48348          1     5.9214     6.1126       9.96     0.0394  1.817e-13  1.000e-12  5.503e+02    34.2750    34.2756     0.0007    26.8208    26.8214     72.308     72.446      0.326    1479.70    1479.69  0.000e+00
       7374     73.500     7.1937     7.1936    -0.0001    3.48350    3.48360          1     5.9203     6.1117       9.96     0.0387  1.817e-13  1.000e-12  5.504e+02    34.2748    34.2760     0.0011    26.8206    26.8215     72.803     72.941      0.232    1479.70    1479.71  0.000e+00
       7416     74.000     7.1964     7.1975     0.0011    3.48392    3.48408          1     5.9282     6.1048       9.96     0.0401  1.816e-13  1.000e-12  5.506e+02    34.2764    34.2771     0.0007    26.8215    26.8219     73.298     73.437      0.360    1479.73    1479.73  0.000e+00
       7450     74.500     7.1981     7.1986     0.0005    3.48411    3.48427          1     5.9515     6.0958       9.96     0.0409  1.810e-13  1.000e-12  5.525e+02    34.2766    34.2779     0.0013    26.8214    26.8223     73.793     73.933      0.277    1479.74    1479.74  0.000e+00
       7528     75.000     7.1993     7.2008     0.0014    3.48430    3.48456          1     5.9166     6.1083       9.96     0.0394  1.799e-13  1.000e-12  5.560e+02    34.2773    34.2786     0.0013    26.8217    26.8226     74.288     74.429      0.279    1479.75    1479.76  0.000e+00
       7566     75.500     7.2024     7.2052     0.0028    3.48474    3.48514          1     5.9348     6.1079       9.96     0.0390  1.796e-13  1.000e-12  5.568e+02    34.2787    34.2802     0.0015    26.8224    26.8233     74.783     74.925      0.297    1479.78    1479.79  0.000e+00
       7621     76.000     7.2061     7.2068     0.0007    3.48522    3.48541          1     5.9277     6.1073       9.96     0.0396  1.790e-13  1.000e-12  5.586e+02    34.2801    34.2814     0.0013    26.8231    26.8240     75.279     75.421      0.223    1479.80    1479.80  0.000e+00
       7664     76.500     7.2079     7.2077    -0.0002    3.48548    3.48558          1     5.9244     6.1019       9.96     0.0424  1.788e-13  1.000e-12  5.593e+02    34.2809    34.2822     0.0013    26.8234    26.8245     75.774     75.917      0.369    1479.82    1479.82  0.000e+00
       7697     77.000     7.2078     7.2077    -0.0001    3.48548    3.48562          1     5.9376     6.1039       9.96     0.0406  1.791e-13  1.000e-12  5.585e+02    34.2807    34.2823     0.0016    26.8233    26.8246     76.269     76.413      0.292    1479.82    1479.83  0.000e+00
       7755     77.500     7.2095     7.2092    -0.0003    3.48570    3.48578          1     5.9267     6.1110       9.96     0.0419  1.786e-13  1.000e-12  5.598e+02    34.2813    34.2824     0.0011    26.8235    26.8244     76.764     76.909      0.217    1479.84    1479.84  0.000e+00
       7805     78.000     7.2108     7.2110     0.0002    3.48586    3.48604          1     5.9309     6.1076       9.96     0.0408  1.784e-13  1.000e-12  5.605e+02    34.2815    34.2832     0.0017    26.8235    26.8248     77.259     77.405      0.258    1479.85    1479.85  0.000e+00
       7859     78.500     7.2092     7.2087    -0.0005    3.48570    3.48585          1     5.9455     6.1067       9.96     0.0396  1.784e-13  1.000e-12  5.605e+02    34.2809    34.2831     0.0021    26.8232    26.8250     77.754     77.901      0.196    1479.85    1479.85  0.000e+00
       7915     79.000     7.2093     7.2102     0.0009    3.48575    3.48595          1     5.9489     6.1122       9.96     0.0412  1.784e-13  1.000e-12  5.605e+02    34.2813    34.2826     0.0013    26.8235    26.8244     78.250     78.397      0.297    1479.86    1479.87  0.000e+00
       7950     79.500     7.2132     7.2164     0.0031    3.48627    3.48668          1     5.9522     6.1024       9.96     0.0399  1.792e-13  1.000e-12  5.579e+02    34.2827    34.2841     0.0014    26.8241    26.8248     78.745     78.893      0.334    1479.89    1479.90  0.000e+00
       7992     80.000     7.2220     7.2257     0.0037    3.48747    3.48770          1     5.9672     6.1099       9.96     0.0408  1.796e-13  1.000e-12  5.567e+02    34.2869    34.2857    -0.0012    26.8262    26.8247     79.240     79.389      0.255    1479.94    1479.95  0.000e+00
       8041     80.500     7.2374     7.2334    -0.0039    3.48932    3.48907          1     5.9194     6.1187       9.96     0.0382  1.795e-13  1.000e-12  5.571e+02    34.2916    34.2928     0.0012    26.8277    26.8292     79.735     79.885      0.236    1480.01    1480.00  0.000e+00
       8098     81.000     7.2240     7.2205    -0.0035    3.48761    3.48744          1     5.9258     6.1059       9.96     0.0397  1.795e-13  1.000e-12  5.570e+02    34.2860    34.2876     0.0016    26.8251    26.8269     80.230     80.381      0.216    1479.96    1479.95  0.000e+00
       8149     81.500     7.2192     7.2187    -0.0005    3.48704    3.48719          1     5.9363     6.1161       9.96     0.0407  1.785e-13  1.000e-12  5.604e+02    34.2842    34.2864     0.0022    26.8245    26.8262     80.725     80.877      0.223    1479.94    1479.95  0.000e+00
       8206     82.000     7.2192     7.2204     0.0012    3.48709    3.48738          1     5.9201     6.1049       9.96     0.0401  1.776e-13  1.000e-12  5.630e+02    34.2845    34.2864     0.0020    26.8246    26.8260     81.220     81.373      0.264    1479.95    1479.96  0.000e+00
       8243     82.500     7.2232     7.2238     0.0006    3.48762    3.48782          1     5.9638     6.0980       9.96     0.0392  1.767e-13  1.000e-12  5.660e+02    34.2861    34.2877     0.0016    26.8254    26.8265     81.716     81.869      0.328    1479.98    1479.99  0.000e+00
       8286     83.000     7.2260     7.2265     0.0005    3.48799    3.48813          1     5.9441     6.1163       9.96     0.0380  1.755e-13  1.000e-12  5.698e+02    34.2871    34.2882     0.0011    26.8258    26.8266     82.211     82.365      0.241    1480.00    1480.00  0.000e+00
       8339     83.500     7.2309     7.2308    -0.0001    3.48862    3.48868          1     5.9340     6.1134       9.96     0.0370  1.743e-13  1.000e-12  5.737e+02    34.2888    34.2897     0.0008    26.8264    26.8271     82.706     82.861      0.247    1480.03    1480.03  0.000e+00
       8384     84.000     7.2319     7.2312    -0.0006    3.48872    3.48879          1     5.9246     6.1174       9.96     0.0365  1.732e-13  1.000e-12  5.774e+02    34.2888    34.2902     0.0014    26.8263    26.8275     83.201     83.357      0.257    1480.04    1480.04  0.000e+00
       8438     84.500     7.2348     7.2350     0.0003    3.48913    3.48926          1     5.9316     6.1200       9.96     0.0362  1.715e-13  1.000e-12  5.830e+02    34.2902    34.2913     0.0012    26.8269    26.8278     83.696     83.853      0.204    1480.06    1480.06  0.000e+00
       8493     85.000     7.2407     7.2428     0.0021    3.49001    3.49017          1     5.9433     6.1222       9.96     0.0378  1.710e-13  1.000e-12  5.849e+02    34.2936    34.2933    -0.0003    26.8288    26.8283     84.191     84.349      0.255    1480.10    1480.11  0.000e+00
