ctdpy/tests/etc/CTD_SMHI/SBE09_0827_20180122_0612_26_01_0156.cnv
* Sea-Bird SBE 9 Data File:
* FileName = D:\CTD_SBE911\DAT\26DA.2018.1.56.hex
* Software Version Seasave V 7.21d
* Temperature SN = 034757
* Conductivity SN = 041844
* Number of Bytes Per Scan = 48
* Number of Voltage Words = 5
* Number of Scans Averaged by the Deck Unit = 1
* NMEA Latitude = 58 41.41 N
* NMEA Longitude = 010 48.52 E
* NMEA UTC (Time) = Jan 22 2018  06:12:17
* NMEA baud rate = 4800
** Ship: DANA
** Average sound velocity: 1472.26 m/s
** True-depth calculation Wed, 24 Jan 2018 11:46:13 +0000
** CTD Python Module SMHI /ver 3-12/ feb 2012 
** LIMS Job: 20182601-0156
** Persgrund
** Operator: Ronny Sørensen
** Cruise: 01/2018
# nquan = 26
# nvalues = 190                         
# units = specified
# name 0 = scan: Scan Count
# name 1 = prDM: Pressure, Digiquartz [db]
# name 2 = t090C: Temperature [ITS-90, deg C]
# name 3 = t190C: Temperature, 2 [ITS-90, deg C]
# name 4 = T2-T190C: Temperature Difference, 2 - 1 [ITS-90, deg C]
# name 5 = c0S/m: Conductivity [S/m]
# name 6 = c1S/m: Conductivity, 2 [S/m]
# name 7 = pumps: Pump Status
# name 8 = sbeox1ML/L: Oxygen, SBE 43, 2 [ml/l]
# name 9 = sbeox0ML/L: Oxygen, SBE 43 [ml/l]
# name 10 = altM: Altimeter [m]
# name 11 = chloroflTC0: Chlorophyll, Turner Cyclops [ug/l]
# name 12 = cpar: CPAR/Corrected Irradiance [%]
# name 13 = par: PAR/Irradiance, Biospherical/Licor
# name 14 = spar: SPAR/Surface Irradiance
# name 15 = sal00: Salinity, Practical [PSU]
# name 16 = sal11: Salinity, Practical, 2 [PSU]
# name 17 = secS-priS: Salinity, Practical, Difference, 2 - 1 [PSU]
# name 18 = sigma-t00: Density [sigma-t, kg/m^3 ]
# name 19 = sigma-t11: Density, 2 [sigma-t, kg/m^3 ]
# name 20 = depSM: Depth [salt water, m], lat = 58.6902
# name 21 = depFM: Depth [true depth, m], lat = 58.6902
# name 22 = dz/dtM: Descent Rate [m/s], WS = 2
# name 23 = svCM: Sound Velocity [Chen-Millero, m/s]
# name 24 = svCM1: Sound Velocity, 2 [Chen-Millero, m/s]
# name 25 = flag: flag
# span 0 =        187,      10316       
# span 1 =      1.000,     95.500       
# span 2 =     3.3377,     7.3475       
# span 3 =     3.3906,     7.3435       
# span 4 =    -0.1775,     0.1879       
# span 5 =   2.192146,   3.484191       
# span 6 =   2.205310,   3.484036       
# span 7 =          1,          1       
# span 8 =     5.8672,     7.1880       
# span 9 =     6.7234,     7.7530       
# span 10 =       3.74,       9.96      
# span 11 =     0.0171,     0.0380      
# span 12 = -1.388e+03, 9.9881e+04      
# span 13 = 1.0000e-12, 1.0000e-12      
# span 14 = 2.4065e-03, 2.0590e+00      
# span 15 =    23.1160,    34.1391      
# span 16 =    23.2292,    34.1431      
# span 17 =    -0.5597,     0.3586      
# span 18 =    18.3919,    26.7009      
# span 19 =    18.4785,    26.7017      
# span 20 =      0.991,     94.588      
# span 21 =      1.000,     94.847      
# span 22 =      0.039,      0.301      
# span 23 =    1448.51,    1480.35      
# span 24 =    1448.89,    1480.36      
# span 25 = 0.0000e+00, 0.0000e+00      
# interval = decibars: 0.5              
# start_time = Jan 22 2018 06:12:17 [NMEA time, first data scan]
# bad_flag = -9.990e-29
*END*
[from data line 168]
       9261     85.000     7.3035     7.3153     0.0118    3.47994    3.48146          1     5.9071     7.3585       9.96     0.0328  4.924e-11  1.000e-12  2.031e+00    34.1216    34.1266     0.0050    26.6846    26.6869     84.190     84.430      0.223    1480.13    1480.18  0.000e+00
       9321     85.500     7.2966     7.2980     0.0013    3.47944    3.47971          1     5.8879     7.3548       9.95     0.0331  4.924e-11  1.000e-12  2.031e+00    34.1227    34.1243     0.0016    26.6865    26.6875     84.685     84.926      0.230    1480.11    1480.12  0.000e+00
       9365     86.000     7.2921     7.2927     0.0006    3.47908    3.47918          1     5.8923     7.3618       9.95     0.0338  4.924e-11  1.000e-12  2.031e+00    34.1231    34.1236     0.0005    26.6874    26.6877     85.180     85.423      0.286    1480.10    1480.10  0.000e+00
       9414     86.500     7.2893     7.2913     0.0020    3.47888    3.47909          1     5.8984     7.3562       9.95     0.0329  4.924e-11  1.000e-12  2.031e+00    34.1234    34.1237     0.0003    26.6880    26.6880     85.676     85.919      0.202    1480.10    1480.10  0.000e+00
       9478     87.000     7.2982     7.2957    -0.0025    3.47983    3.47969          1     5.8846     7.3349       9.79     0.0331  4.924e-11  1.000e-12  2.031e+00    34.1247    34.1257     0.0010    26.6878    26.6889     86.171     86.415      0.217    1480.14    1480.13  0.000e+00
       9528     87.500     7.2952     7.2911    -0.0042    3.47967    3.47932          1     5.8810     7.3367       9.36     0.0329  4.924e-11  1.000e-12  2.031e+00    34.1256    34.1259     0.0002    26.6890    26.6897     86.666     86.911      0.249    1480.14    1480.12  0.000e+00
       9577     88.000     7.2948     7.2972     0.0023    3.47956    3.48005          1     5.8959     7.3389       8.92     0.0328  4.924e-11  1.000e-12  2.031e+00    34.1246    34.1276     0.0031    26.6882    26.6903     87.161     87.407      0.247    1480.14    1480.16  0.000e+00
       9625     88.500     7.2772     7.2743    -0.0029    3.47796    3.47781          1     5.8875     7.3384       8.48     0.0327  4.924e-11  1.000e-12  2.031e+00    34.1243    34.1256     0.0013    26.6904    26.6918     87.656     87.903      0.249    1480.08    1480.07  0.000e+00
       9672     89.000     7.3283     7.3076    -0.0207    3.48363    3.48070          1     5.9044     7.2990       8.01     0.0329  4.924e-11  1.000e-12  2.031e+00    34.1354    34.1239    -0.0115    26.6920    26.6859     88.151     88.399      0.268    1480.30    1480.21  0.000e+00
       9719     89.500     7.3325     7.3323    -0.0002    3.48414    3.48380          1     5.8944     7.3086       7.55     0.0337  4.924e-11  1.000e-12  2.031e+00    34.1366    34.1331    -0.0035    26.6923    26.6896     88.646     88.895      0.225    1480.33    1480.32  0.000e+00
       9779     90.000     7.3152     7.3157     0.0006    3.48230    3.48269          1     5.8986     7.3291       7.09     0.0330  1.249e-01  1.000e-12  2.031e+00    34.1334    34.1372     0.0038    26.6922    26.6952     89.141     89.391      0.214    1480.27    1480.27  0.000e+00
       9827     90.500     7.2988     7.2993     0.0005    3.48064    3.48111          1     5.9008     7.3197       6.81     0.0338  4.718e+03  1.000e-12  1.935e+00    34.1312    34.1359     0.0047    26.6928    26.6965     89.637     89.887      0.280    1480.21    1480.22  0.000e+00
       9871     91.000     7.2756     7.2853     0.0097    3.47809    3.47975          1     5.8930     7.3349       6.18     0.0336  1.237e+02  1.000e-12  2.028e+00    34.1260    34.1346     0.0086    26.6920    26.6974     90.132     90.383      0.255    1480.12    1480.17  0.000e+00
       9922     91.500     7.3142     7.2935    -0.0207    3.48269    3.47987          1     5.8789     7.3192       5.93     0.0327  4.924e-11  1.000e-12  2.031e+00    34.1379    34.1275    -0.0104    26.6959    26.6907     90.627     90.879      0.226    1480.29    1480.20  0.000e+00
       9974     92.000     7.3276     7.3284     0.0008    3.48397    3.48404          1     5.8697     7.3112       5.25     0.0333  4.924e-11  1.000e-12  2.031e+00    34.1384    34.1383    -0.0001    26.6944    26.6942     91.122     91.375      0.246    1480.35    1480.36  0.000e+00
      10020     92.500     7.3238     7.3217    -0.0021    3.48369    3.48348          1     5.8672     7.3150       5.08     0.0336  4.924e-11  1.000e-12  2.031e+00    34.1388    34.1386    -0.0003    26.6953    26.6954     91.617     91.871      0.255    1480.35    1480.34  0.000e+00
      10073     93.000     7.3217     7.3224     0.0007    3.48355    3.48372          1     5.8911     7.2946       4.60     0.0332  4.924e-11  1.000e-12  2.031e+00    34.1391    34.1402     0.0011    26.6958    26.6966     92.112     92.367      0.212    1480.35    1480.35  0.000e+00
      10125     93.500     7.3009     7.3093     0.0084    3.48130    3.48282          1     5.8783     7.2876       3.91     0.0330  4.924e-11  1.000e-12  2.031e+00    34.1348    34.1431     0.0083    26.6954    26.7007     92.607     92.863      0.267    1480.27    1480.31  0.000e+00
      10169     94.000     7.2736     7.2847     0.0111    3.47840    3.48028          1     5.8833     7.3018       4.57     0.0328  4.924e-11  1.000e-12  2.031e+00    34.1300    34.1395     0.0095    26.6955    26.7014     93.102     93.359      0.240    1480.17    1480.22  0.000e+00
      10226     94.500     7.2686     7.2700     0.0015    3.47802    3.47860          1     5.8770     7.3134       3.99     0.0336  4.924e-11  1.000e-12  2.031e+00    34.1305    34.1354     0.0048    26.6965    26.7001     93.597     93.855      0.222    1480.16    1480.17  0.000e+00
      10273     95.000     7.2652     7.2650    -0.0003    3.47820    3.47825          1     5.8832     7.2937       4.28     0.0326  4.924e-11  1.000e-12  2.031e+00    34.1355    34.1364     0.0009    26.7009    26.7017     94.093     94.351      0.278    1480.16    1480.16  0.000e+00
      10316     95.500     7.2860     7.2715    -0.0144    3.48022    3.47890          1     5.9102     7.2699       3.74     0.0339  4.924e-11  1.000e-12  2.031e+00    34.1368    34.1367    -0.0001    26.6991    26.7010     94.588     94.847      0.209    1480.25    1480.19  0.000e+00
