ctdpy/tests/etc/SHARK_CTD_2018_IBT_SMHI/received_data/SBE09_0827_20180120_0910_26_01_0126.cnv
* Sea-Bird SBE 9 Data File:
* FileName = D:\CTD_SBE911\DAT\26DA.2018.1.26.hex
* Software Version Seasave V 7.21d
* Temperature SN = 034757
* Conductivity SN = 041844
* Number of Bytes Per Scan = 48
* Number of Voltage Words = 5
* Number of Scans Averaged by the Deck Unit = 1
* NMEA Latitude = 57 31.52 N
* NMEA Longitude = 008 35.15 E
* NMEA UTC (Time) = Jan 20 2018  09:10:43
* NMEA baud rate = 4800
** Ship: DANA
** Average sound velocity: 1478.37 m/s
** True-depth calculation Wed, 24 Jan 2018 11:37:22 +0000
** CTD Python Module SMHI /ver 3-12/ feb 2012 
** LIMS Job: 20182601-0126
** 24N Hanstholm
** Operator: RSor
** Cruise: 01/2018
# nquan = 26
# nvalues = 134                         
# units = specified
# name 0 = scan: Scan Count
# name 1 = prDM: Pressure, Digiquartz [db]
# name 2 = t090C: Temperature [ITS-90, deg C]
# name 3 = t190C: Temperature, 2 [ITS-90, deg C]
# name 4 = T2-T190C: Temperature Difference, 2 - 1 [ITS-90, deg C]
# name 5 = c0S/m: Conductivity [S/m]
# name 6 = c1S/m: Conductivity, 2 [S/m]
# name 7 = pumps: Pump Status
# name 8 = sbeox1ML/L: Oxygen, SBE 43, 2 [ml/l]
# name 9 = sbeox0ML/L: Oxygen, SBE 43 [ml/l]
# name 10 = altM: Altimeter [m]
# name 11 = chloroflTC0: Chlorophyll, Turner Cyclops [ug/l]
# name 12 = cpar: CPAR/Corrected Irradiance [%]
# name 13 = par: PAR/Irradiance, Biospherical/Licor
# name 14 = spar: SPAR/Surface Irradiance
# name 15 = sal00: Salinity, Practical [PSU]
# name 16 = sal11: Salinity, Practical, 2 [PSU]
# name 17 = secS-priS: Salinity, Practical, Difference, 2 - 1 [PSU]
# name 18 = sigma-t00: Density [sigma-t, kg/m^3 ]
# name 19 = sigma-t11: Density, 2 [sigma-t, kg/m^3 ]
# name 20 = depSM: Depth [salt water, m], lat = 57.5253
# name 21 = depFM: Depth [true depth, m], lat = 57.5253
# name 22 = dz/dtM: Descent Rate [m/s], WS = 2
# name 23 = svCM: Sound Velocity [Chen-Millero, m/s]
# name 24 = svCM1: Sound Velocity, 2 [Chen-Millero, m/s]
# name 25 = flag: flag
# span 0 =        118,       7216       
# span 1 =      2.000,     68.500       
# span 2 =     6.8942,     6.9314       
# span 3 =     6.8965,     6.9306       
# span 4 =    -0.0087,     0.0029       
# span 5 =   3.477566,   3.484526       
# span 6 =   3.478222,   3.484884       
# span 7 =          1,          1       
# span 8 =     5.9803,     6.1575       
# span 9 =     6.1333,     6.3592       
# span 10 =       2.69,       9.97      
# span 11 =     0.0292,     0.0727      
# span 12 = -1.462e-04, 6.1388e+00      
# span 13 = -2.346e-04, 9.8564e+00      
# span 14 = 1.5434e+02, 1.6056e+02      
# span 15 =    34.5445,    34.5523      
# span 16 =    34.5468,    34.5566      
# span 17 =     0.0004,     0.0064      
# span 18 =    27.0722,    27.0758      
# span 19 =    27.0747,    27.0793      
# span 20 =      1.982,     67.857      
# span 21 =      1.983,     67.931      
# span 22 =     -0.057,      0.666      
# span 23 =    1477.71,    1478.95      
# span 24 =    1477.73,    1478.95      
# span 25 = 0.0000e+00, 0.0000e+00      
# interval = decibars: 0.5              
# start_time = Jan 20 2018 09:10:43 [NMEA time, first data scan]
# bad_flag = -9.990e-29
*END*
[from data line 112]
       6113     58.000     6.9297     6.9290    -0.0006    3.48398    3.48433          1     6.0553     6.2490       9.95     0.0530  6.395e-13  1.000e-12  1.564e+02    34.5516    34.5561     0.0045    27.0752    27.0789     57.457     57.518      0.339    1478.78    1478.78  0.000e+00
       6198     58.500     6.9306     6.9298    -0.0008    3.48407    3.48439          1     6.0736     6.2297       9.95     0.0534  6.395e-13  1.000e-12  1.564e+02    34.5513    34.5557     0.0043    27.0749    27.0784     57.952     58.014      0.526    1478.79    1478.79  0.000e+00
       6213     59.000     6.9303     6.9296    -0.0007    3.48407    3.48440          1     6.0366     6.3034       9.96     0.0524  6.395e-13  1.000e-12  1.564e+02    34.5514    34.5557     0.0043    27.0750    27.0785     58.447     58.510      0.666    1478.79    1478.80  0.000e+00
       6231     59.500     6.9304     6.9298    -0.0007    3.48410    3.48443          1     6.0985     6.2979       9.96     0.0531  6.395e-13  1.000e-12  1.564e+02    34.5514    34.5557     0.0043    27.0750    27.0784     58.942     59.005      0.551    1478.80    1478.81  0.000e+00
       6308     60.000     6.9304     6.9298    -0.0007    3.48413    3.48446          1     6.0713     6.2029       9.95     0.0549  6.395e-13  1.000e-12  1.564e+02    34.5515    34.5557     0.0043    27.0750    27.0785     59.438     59.501      0.374    1478.81    1478.81  0.000e+00
       6367     60.500     6.9308     6.9299    -0.0009    3.48418    3.48448          1     6.0480     6.2606       9.95     0.0532  6.395e-13  1.000e-12  1.564e+02    34.5513    34.5556     0.0043    27.0749    27.0784     59.933     59.997      0.467    1478.82    1478.82  0.000e+00
       6401     61.000     6.9306     6.9300    -0.0006    3.48420    3.48452          1     6.0594     6.3267       9.95     0.0535  6.395e-13  1.000e-12  1.564e+02    34.5515    34.5556     0.0042    27.0750    27.0784     60.428     60.493      0.251    1478.83    1478.83  0.000e+00
       6469     61.500     6.9303     6.9297    -0.0006    3.48420    3.48452          1     6.0474     6.2535       9.57     0.0547  6.408e-13  1.000e-12  1.561e+02    34.5515    34.5556     0.0041    27.0751    27.0784     60.923     60.989      0.212    1478.84    1478.84  0.000e+00
       6516     62.000     6.9304     6.9298    -0.0006    3.48423    3.48455          1     6.0624     6.2091       9.10     0.0559  6.403e-13  1.000e-12  1.562e+02    34.5516    34.5556     0.0040    27.0751    27.0784     61.419     61.485      0.315    1478.84    1478.85  0.000e+00
       6550     62.500     6.9301     6.9297    -0.0003    3.48422    3.48457          1     6.0653     6.2907       8.62     0.0554  6.395e-13  1.000e-12  1.564e+02    34.5516    34.5557     0.0042    27.0752    27.0785     61.914     61.981      0.336    1478.85    1478.85  0.000e+00
       6600     63.000     6.9296     6.9293    -0.0003    3.48421    3.48456          1     6.0844     6.3329       8.12     0.0571  6.395e-13  1.000e-12  1.564e+02    34.5516    34.5558     0.0042    27.0753    27.0786     62.409     62.476      0.218    1478.86    1478.86  0.000e+00
       6650     63.500     6.9290     6.9288    -0.0002    3.48419    3.48455          1     6.0540     6.2341       7.64     0.0548  6.408e-13  1.000e-12  1.561e+02    34.5518    34.5560     0.0042    27.0755    27.0788     62.904     62.972      0.327    1478.86    1478.87  0.000e+00
       6685     64.000     6.9288     6.9284    -0.0005    3.48421    3.48454          1     6.0486     6.2274       7.14     0.0555  6.477e-13  1.000e-12  1.544e+02    34.5519    34.5560     0.0041    27.0756    27.0789     63.400     63.468      0.279    1478.87    1478.87  0.000e+00
       6766     64.500     6.9288     6.9282    -0.0006    3.48422    3.48456          1     6.0361     6.2507       6.65     0.0610  6.468e-13  1.000e-12  1.546e+02    34.5518    34.5561     0.0043    27.0756    27.0790     63.895     63.964      0.282    1478.88    1478.88  0.000e+00
       6799     65.000     6.9289     6.9281    -0.0008    3.48426    3.48456          1     6.0741     6.2501       6.16     0.0620  6.471e-13  1.000e-12  1.546e+02    34.5519    34.5560     0.0041    27.0756    27.0789     64.390     64.460      0.395    1478.89    1478.89  0.000e+00
       6829     65.500     6.9292     6.9283    -0.0009    3.48432    3.48461          1     6.0522     6.2761       5.66     0.0605  6.479e-13  1.000e-12  1.543e+02    34.5520    34.5562     0.0042    27.0757    27.0791     64.885     64.956      0.378    1478.90    1478.90  0.000e+00
       6885     66.000     6.9293     6.9287    -0.0006    3.48438    3.48468          1     6.0660     6.3097       5.16     0.0623  6.479e-13  1.000e-12  1.543e+02    34.5522    34.5563     0.0040    27.0758    27.0791     65.380     65.451      0.243    1478.90    1478.91  0.000e+00
       6953     66.500     6.9297     6.9290    -0.0007    3.48445    3.48475          1     6.0359     6.2567       4.69     0.0607  6.479e-13  1.000e-12  1.543e+02    34.5523    34.5565     0.0042    27.0758    27.0792     65.876     65.947      0.377    1478.92    1478.92  0.000e+00
       6981     67.000     6.9296     6.9289    -0.0007    3.48443    3.48477          1     6.0492     6.2738       4.21     0.0616  6.479e-13  1.000e-12  1.543e+02    34.5521    34.5565     0.0044    27.0756    27.0792     66.371     66.443      0.356    1478.92    1478.93  0.000e+00
       7042     67.500     6.9296     6.9291    -0.0005    3.48448    3.48481          1     6.0642     6.2197       3.71     0.0727  6.479e-13  1.000e-12  1.543e+02    34.5523    34.5565     0.0042    27.0758    27.0792     66.866     66.939      0.242    1478.93    1478.94  0.000e+00
       7093     68.000     6.9299     6.9293    -0.0006    3.48453    3.48486          1     6.0534     6.2634       3.24     0.0571  6.479e-13  1.000e-12  1.543e+02    34.5523    34.5566     0.0043    27.0758    27.0792     67.361     67.435      0.422    1478.94    1478.94  0.000e+00
       7216     68.500     6.9296     6.9293    -0.0003    3.48449    3.48488          1     6.0427     6.2326       2.69     0.0605  6.479e-13  1.000e-12  1.543e+02    34.5520    34.5566     0.0046    27.0756    27.0793     67.857     67.931     -0.057    1478.95    1478.95  0.000e+00
