ctdpy/tests/etc/SHARK_CTD_2018_IBT_SMHI/received_data/SBE09_0827_20180120_0910_26_01_0126.cnv
* Sea-Bird SBE 9 Data File:
* FileName = D:\CTD_SBE911\DAT\26DA.2018.1.26.hex
* Software Version Seasave V 7.21d
* Temperature SN = 034757
* Conductivity SN = 041844
* Number of Bytes Per Scan = 48
* Number of Voltage Words = 5
* Number of Scans Averaged by the Deck Unit = 1
* NMEA Latitude = 57 31.52 N
* NMEA Longitude = 008 35.15 E
* NMEA UTC (Time) = Jan 20 2018  09:10:43
* NMEA baud rate = 4800
** Ship: DANA
** Average sound velocity: 1478.37 m/s
** True-depth calculation Wed, 24 Jan 2018 11:37:22 +0000
** CTD Python Module SMHI /ver 3-12/ feb 2012 
** LIMS Job: 20182601-0126
** 24N Hanstholm
** Operator: RSor
** Cruise: 01/2018
# nquan = 26
# nvalues = 134                         
# units = specified
# name 0 = scan: Scan Count
# name 1 = prDM: Pressure, Digiquartz [db]
# name 2 = t090C: Temperature [ITS-90, deg C]
# name 3 = t190C: Temperature, 2 [ITS-90, deg C]
# name 4 = T2-T190C: Temperature Difference, 2 - 1 [ITS-90, deg C]
# name 5 = c0S/m: Conductivity [S/m]
# name 6 = c1S/m: Conductivity, 2 [S/m]
# name 7 = pumps: Pump Status
# name 8 = sbeox1ML/L: Oxygen, SBE 43, 2 [ml/l]
# name 9 = sbeox0ML/L: Oxygen, SBE 43 [ml/l]
# name 10 = altM: Altimeter [m]
# name 11 = chloroflTC0: Chlorophyll, Turner Cyclops [ug/l]
# name 12 = cpar: CPAR/Corrected Irradiance [%]
# name 13 = par: PAR/Irradiance, Biospherical/Licor
# name 14 = spar: SPAR/Surface Irradiance
# name 15 = sal00: Salinity, Practical [PSU]
# name 16 = sal11: Salinity, Practical, 2 [PSU]
# name 17 = secS-priS: Salinity, Practical, Difference, 2 - 1 [PSU]
# name 18 = sigma-t00: Density [sigma-t, kg/m^3 ]
# name 19 = sigma-t11: Density, 2 [sigma-t, kg/m^3 ]
# name 20 = depSM: Depth [salt water, m], lat = 57.5253
# name 21 = depFM: Depth [true depth, m], lat = 57.5253
# name 22 = dz/dtM: Descent Rate [m/s], WS = 2
# name 23 = svCM: Sound Velocity [Chen-Millero, m/s]
# name 24 = svCM1: Sound Velocity, 2 [Chen-Millero, m/s]
# name 25 = flag: flag
# span 0 =        118,       7216       
# span 1 =      2.000,     68.500       
# span 2 =     6.8942,     6.9314       
# span 3 =     6.8965,     6.9306       
# span 4 =    -0.0087,     0.0029       
# span 5 =   3.477566,   3.484526       
# span 6 =   3.478222,   3.484884       
# span 7 =          1,          1       
# span 8 =     5.9803,     6.1575       
# span 9 =     6.1333,     6.3592       
# span 10 =       2.69,       9.97      
# span 11 =     0.0292,     0.0727      
# span 12 = -1.462e-04, 6.1388e+00      
# span 13 = -2.346e-04, 9.8564e+00      
# span 14 = 1.5434e+02, 1.6056e+02      
# span 15 =    34.5445,    34.5523      
# span 16 =    34.5468,    34.5566      
# span 17 =     0.0004,     0.0064      
# span 18 =    27.0722,    27.0758      
# span 19 =    27.0747,    27.0793      
# span 20 =      1.982,     67.857      
# span 21 =      1.983,     67.931      
# span 22 =     -0.057,      0.666      
# span 23 =    1477.71,    1478.95      
# span 24 =    1477.73,    1478.95      
# span 25 = 0.0000e+00, 0.0000e+00      
# interval = decibars: 0.5              
# start_time = Jan 20 2018 09:10:43 [NMEA time, first data scan]
# bad_flag = -9.990e-29
*END*
        118      2.000     6.8942     6.8967     0.0025    3.47757    3.47822          1     6.1404     6.2375       9.97     0.0296  6.139e+00  9.856e+00  1.606e+02    34.5445    34.5492     0.0047    27.0745    27.0779      1.982      1.983      0.189    1477.71    1477.73  0.000e+00
        318      2.500     6.9036     6.9010    -0.0026    3.47847    3.47854          1     6.0624     6.2324       9.97     0.0337  5.907e+00  9.477e+00  1.604e+02    34.5448    34.5481     0.0034    27.0735    27.0765      2.477      2.479      0.342    1477.76    1477.75  0.000e+00
        359      3.000     6.9039     6.9026    -0.0012    3.47853    3.47872          1     6.1017     6.2458       9.97     0.0307  4.886e+00  7.838e+00  1.604e+02    34.5449    34.5483     0.0034    27.0735    27.0763      2.972      2.975      0.361    1477.76    1477.76  0.000e+00
        426      3.500     6.9077     6.9049    -0.0027    3.47890    3.47892          1     6.0944     6.1886       9.96     0.0313  4.213e+00  6.760e+00  1.604e+02    34.5449    34.5479     0.0030    27.0730    27.0757      3.468      3.471      0.602    1477.79    1477.78  0.000e+00
        447      4.000     6.9069     6.9066    -0.0003    3.47885    3.47917          1     6.0687     6.2410       9.96     0.0306  3.401e+00  5.457e+00  1.604e+02    34.5448    34.5487     0.0039    27.0730    27.0762      3.963      3.967      0.482    1477.79    1477.80  0.000e+00
        498      4.500     6.9041     6.9041    -0.0000    3.47860    3.47900          1     6.0909     6.2600       9.96     0.0304  2.873e+00  4.609e+00  1.604e+02    34.5447    34.5492     0.0044    27.0734    27.0769      4.458      4.463      0.209    1477.79    1477.79  0.000e+00
        599      5.000     6.9046     6.9023    -0.0022    3.47870    3.47886          1     6.0578     6.2519       9.96     0.0324  2.472e+00  3.966e+00  1.604e+02    34.5450    34.5491     0.0041    27.0735    27.0770      4.954      4.958      0.251    1477.80    1477.80  0.000e+00
        641      5.500     6.9040     6.9037    -0.0004    3.47867    3.47900          1     6.0043     6.2413       9.96     0.0294  2.013e+00  3.230e+00  1.604e+02    34.5450    34.5491     0.0040    27.0736    27.0768      5.449      5.454      0.480    1477.81    1477.81  0.000e+00
        662      6.000     6.9053     6.9035    -0.0017    3.47878    3.47900          1     6.0930     6.2279       9.96     0.0297  1.685e+00  2.704e+00  1.604e+02    34.5447    34.5490     0.0042    27.0732    27.0768      5.945      5.950      0.588    1477.82    1477.82  0.000e+00
        683      6.500     6.9019     6.9032     0.0013    3.47848    3.47904          1     6.1188     6.2291       9.96     0.0313  1.481e+00  2.376e+00  1.604e+02    34.5446    34.5494     0.0048    27.0736    27.0771      6.440      6.446      0.447    1477.81    1477.83  0.000e+00
        803      7.000     6.9009     6.9009    -0.0000    3.47843    3.47885          1     6.0519     6.2555       9.96     0.0305  1.301e+00  2.087e+00  1.604e+02    34.5448    34.5494     0.0046    27.0739    27.0775      6.935      6.942      0.596    1477.82    1477.83  0.000e+00
        821      7.500     6.9023     6.9009    -0.0014    3.47858    3.47884          1     6.0524     6.2726       9.95     0.0303  1.053e+00  1.690e+00  1.604e+02    34.5448    34.5491     0.0043    27.0736    27.0772      7.431      7.438      0.567    1477.83    1477.83  0.000e+00
        879      8.000     6.9025     6.9023    -0.0002    3.47862    3.47898          1     6.0496     6.2762       9.95     0.0313  9.273e-01  1.488e+00  1.604e+02    34.5447    34.5490     0.0043    27.0735    27.0770      7.926      7.934      0.329    1477.84    1477.85  0.000e+00
        960      8.500     6.9022     6.9017    -0.0005    3.47861    3.47897          1     6.0079     6.2651       9.95     0.0324  8.154e-01  1.308e+00  1.604e+02    34.5447    34.5492     0.0045    27.0736    27.0772      8.421      8.429      0.455    1477.85    1477.85  0.000e+00
        983      9.000     6.9015     6.9015    -0.0001    3.47856    3.47897          1     6.0576     6.2628       9.95     0.0303  6.734e-01  1.080e+00  1.604e+02    34.5446    34.5492     0.0046    27.0736    27.0772      8.917      8.925      0.482    1477.85    1477.86  0.000e+00
       1021      9.500     6.9044     6.9022    -0.0022    3.47889    3.47903          1     6.0587     6.2510       9.96     0.0303  5.731e-01  9.195e-01  1.604e+02    34.5451    34.5489     0.0038    27.0736    27.0769      9.412      9.421      0.305    1477.87    1477.87  0.000e+00
       1115     10.000     6.9017     6.9033     0.0016    3.47863    3.47921          1     5.9997     6.2379       9.95     0.0376  5.098e-01  8.178e-01  1.604e+02    34.5447    34.5495     0.0048    27.0737    27.0772      9.908      9.917      0.305    1477.87    1477.88  0.000e+00
       1146     10.500     6.9008     6.9007    -0.0001    3.47859    3.47901          1     5.9803     6.2435       9.96     0.0347  4.016e-01  6.443e-01  1.604e+02    34.5449    34.5497     0.0048    27.0740    27.0777     10.403     10.413      0.339    1477.88    1477.88  0.000e+00
       1189     11.000     6.9005     6.8998    -0.0008    3.47856    3.47893          1     6.0253     6.2380       9.96     0.0292  3.387e-01  5.434e-01  1.604e+02    34.5447    34.5494     0.0048    27.0738    27.0777     10.898     10.909      0.200    1477.88    1477.89  0.000e+00
       1268     11.500     6.8997     6.8965    -0.0031    3.47858    3.47866          1     6.0278     6.2667       9.96     0.0321  2.949e-01  4.732e-01  1.604e+02    34.5454    34.5495     0.0041    27.0744    27.0781     11.394     11.404      0.309    1477.89    1477.88  0.000e+00
       1296     12.000     6.9150     6.9063    -0.0087    3.48005    3.47933          1     6.0580     6.2277       9.96     0.0326  2.280e-01  3.657e-01  1.604e+02    34.5459    34.5468     0.0009    27.0728    27.0747     11.889     11.900      0.404    1477.96    1477.92  0.000e+00
       1334     12.500     6.9179     6.9149    -0.0030    3.48031    3.48031          1     6.0465     6.2588       9.96     0.0325  1.802e-01  2.892e-01  1.604e+02    34.5456    34.5487     0.0031    27.0722    27.0750     12.384     12.396      0.239    1477.98    1477.97  0.000e+00
       1416     13.000     6.9156     6.9161     0.0006    3.48012    3.48053          1     6.0445     6.2458       9.96     0.0319  1.488e-01  2.387e-01  1.604e+02    34.5457    34.5497     0.0041    27.0725    27.0756     12.880     12.892      0.198    1477.98    1477.98  0.000e+00
       1468     13.500     6.9174     6.9163    -0.0010    3.48032    3.48056          1     6.0434     6.2401       9.96     0.0319  1.065e-01  1.708e-01  1.604e+02    34.5458    34.5495     0.0037    27.0724    27.0754     13.375     13.388      0.308    1477.99    1477.99  0.000e+00
       1503     14.000     6.9190     6.9179    -0.0011    3.48054    3.48078          1     6.0251     6.1934       9.96     0.0354  7.639e-02  1.226e-01  1.604e+02    34.5463    34.5502     0.0038    27.0726    27.0758     13.870     13.884      0.285    1478.01    1478.01  0.000e+00
       1579     14.500     6.9179     6.9182     0.0003    3.48043    3.48088          1     6.0402     6.2657       9.96     0.0437  5.647e-02  9.060e-02  1.604e+02    34.5460    34.5506     0.0046    27.0724    27.0760     14.366     14.379      0.316    1478.01    1478.02  0.000e+00
       1610     15.000     6.9180     6.9172    -0.0008    3.48046    3.48080          1     6.0172     6.2353       9.96     0.0448  2.658e-02  4.265e-02  1.604e+02    34.5460    34.5505     0.0045    27.0724    27.0761     14.861     14.875      0.421    1478.02    1478.02  0.000e+00
       1663     15.500     6.9158     6.9162     0.0004    3.48027    3.48067          1     6.0312     6.2666       9.96     0.0444  2.727e-03  4.376e-03  1.604e+02    34.5459    34.5499     0.0040    27.0726    27.0757     15.356     15.371      0.251    1478.02    1478.02  0.000e+00
       1733     16.000     6.9137     6.9133    -0.0005    3.48009    3.48047          1     6.0437     6.2603       9.96     0.0433 -1.462e-04 -2.346e-04  1.604e+02    34.5458    34.5503     0.0046    27.0728    27.0765     15.852     15.867      0.242    1478.02    1478.02  0.000e+00
       1799     16.500     6.9121     6.9128     0.0007    3.47997    3.48045          1     6.0678     6.2474       9.96     0.0438  6.233e-13  1.000e-12  1.604e+02    34.5458    34.5503     0.0045    27.0731    27.0765     16.347     16.363      0.338    1478.02    1478.03  0.000e+00
       1826     17.000     6.9139     6.9126    -0.0014    3.48015    3.48043          1     6.0863     6.2109       9.96     0.0430  6.233e-13  1.000e-12  1.604e+02    34.5456    34.5500     0.0044    27.0727    27.0763     16.842     16.859      0.516    1478.03    1478.04  0.000e+00
       1864     17.500     6.9132     6.9117    -0.0015    3.48010    3.48037          1     6.1446     6.2844       9.96     0.0428  6.233e-13  1.000e-12  1.604e+02    34.5456    34.5501     0.0046    27.0728    27.0766     17.338     17.355      0.374    1478.04    1478.04  0.000e+00
       1951     18.000     6.9131     6.9114    -0.0017    3.48012    3.48035          1     6.0730     6.2724       9.96     0.0467  6.233e-13  1.000e-12  1.604e+02    34.5456    34.5499     0.0042    27.0728    27.0764     17.833     17.850      0.504    1478.05    1478.05  0.000e+00
       1970     18.500     6.9146     6.9123    -0.0024    3.48026    3.48045          1     6.1251     6.2421       9.96     0.0462  6.233e-13  1.000e-12  1.604e+02    34.5454    34.5498     0.0044    27.0725    27.0763     18.328     18.346      0.497    1478.06    1478.06  0.000e+00
       2036     19.000     6.9130     6.9114    -0.0016    3.48015    3.48040          1     6.1075     6.3592       9.96     0.0461  6.256e-13  1.000e-12  1.599e+02    34.5456    34.5499     0.0044    27.0728    27.0765     18.824     18.842      0.264    1478.06    1478.06  0.000e+00
       2118     19.500     6.9131     6.9119    -0.0012    3.48018    3.48046          1     6.1151     6.2627       9.96     0.0471  6.268e-13  1.000e-12  1.596e+02    34.5455    34.5498     0.0043    27.0728    27.0763     19.319     19.338      0.373    1478.07    1478.07  0.000e+00
       2145     20.000     6.9123     6.9122    -0.0001    3.48012    3.48052          1     6.1277     6.2638       9.96     0.0450  6.246e-13  1.000e-12  1.601e+02    34.5454    34.5500     0.0045    27.0728    27.0764     19.814     19.834      0.400    1478.08    1478.08  0.000e+00
       2187     20.500     6.9130     6.9112    -0.0017    3.48021    3.48044          1     6.0736     6.2785       9.96     0.0453  6.244e-13  1.000e-12  1.602e+02    34.5455    34.5498     0.0043    27.0727    27.0763     20.310     20.330      0.237    1478.09    1478.09  0.000e+00
       2239     21.000     6.9094     6.9115     0.0020    3.47989    3.48050          1     6.1093     6.2412       9.96     0.0468  6.242e-13  1.000e-12  1.602e+02    34.5453    34.5500     0.0047    27.0731    27.0765     20.805     20.825      0.318    1478.08    1478.10  0.000e+00
       2298     21.500     6.9109     6.9105    -0.0004    3.48007    3.48043          1     6.1040     6.2502       9.96     0.0457  6.296e-13  1.000e-12  1.588e+02    34.5456    34.5499     0.0044    27.0731    27.0766     21.301     21.321      0.300    1478.10    1478.10  0.000e+00
       2370     22.000     6.9189     6.9155    -0.0034    3.48092    3.48087          1     6.0714     6.2602       9.96     0.0445  6.309e-13  1.000e-12  1.585e+02    34.5466    34.5495     0.0029    27.0728    27.0756     21.796     21.817      0.553    1478.14    1478.13  0.000e+00
       2388     22.500     6.9193     6.9180    -0.0014    3.48097    3.48117          1     6.0930     6.2444       9.96     0.0452  6.313e-13  1.000e-12  1.584e+02    34.5466    34.5501     0.0036    27.0727    27.0757     22.291     22.313      0.558    1478.15    1478.15  0.000e+00
       2458     23.000     6.9182     6.9180    -0.0002    3.48089    3.48125          1     6.0684     6.2683       9.96     0.0454  6.313e-13  1.000e-12  1.584e+02    34.5466    34.5508     0.0042    27.0729    27.0762     22.787     22.809      0.350    1478.15    1478.16  0.000e+00
       2533     23.500     6.9170     6.9168    -0.0002    3.48079    3.48118          1     6.0431     6.1802       9.96     0.0474  6.313e-13  1.000e-12  1.584e+02    34.5463    34.5508     0.0045    27.0728    27.0764     23.282     23.305      0.525    1478.15    1478.16  0.000e+00
       2552     24.000     6.9244     6.9186    -0.0057    3.48178    3.48130          1     6.1076     6.2662       9.95     0.0464  6.313e-13  1.000e-12  1.584e+02    34.5497    34.5501     0.0004    27.0745    27.0756     23.777     23.801      0.621    1478.19    1478.17  0.000e+00
       2571     24.500     6.9253     6.9234    -0.0020    3.48186    3.48192          1     6.1237     6.2764       9.96     0.0460  6.313e-13  1.000e-12  1.584e+02    34.5493    34.5519     0.0026    27.0741    27.0764     24.272     24.296      0.556    1478.21    1478.20  0.000e+00
       2642     25.000     6.9199     6.9201     0.0002    3.48124    3.48171          1     6.1364     6.2432       9.96     0.0458  6.313e-13  1.000e-12  1.584e+02    34.5476    34.5526     0.0050    27.0735    27.0774     24.768     24.792      0.460    1478.19    1478.20  0.000e+00
       2714     25.500     6.9109     6.9139     0.0029    3.48023    3.48106          1     6.1575     6.3531       9.96     0.0461  6.313e-13  1.000e-12  1.584e+02    34.5453    34.5515     0.0062    27.0729    27.0774     25.263     25.288      0.596    1478.16    1478.18  0.000e+00
       2776     26.000     6.9151     6.9139    -0.0012    3.48073    3.48103          1     6.1091     6.3108       9.96     0.0463  6.313e-13  1.000e-12  1.584e+02    34.5464    34.5509     0.0045    27.0732    27.0769     25.758     25.784      0.301    1478.19    1478.19  0.000e+00
       2861     26.500     6.9205     6.9178    -0.0027    3.48133    3.48142          1     6.0729     6.2314       9.96     0.0455  6.313e-13  1.000e-12  1.584e+02    34.5473    34.5509     0.0036    27.0731    27.0764     26.254     26.280      0.388    1478.22    1478.21  0.000e+00
       2885     27.000     6.9196     6.9188    -0.0007    3.48121    3.48156          1     6.1289     6.2761       9.96     0.0457  6.313e-13  1.000e-12  1.584e+02    34.5467    34.5512     0.0045    27.0727    27.0764     26.749     26.776      0.514    1478.22    1478.22  0.000e+00
       2907     27.500     6.9178     6.9177     0.0000    3.48103    3.48149          1     6.0883     6.3109       9.96     0.0457  6.313e-13  1.000e-12  1.584e+02    34.5462    34.5514     0.0051    27.0727    27.0767     27.244     27.271      0.522    1478.22    1478.23  0.000e+00
       2956     28.000     6.9183     6.9175    -0.0007    3.48113    3.48144          1     6.1003     6.2171       9.96     0.0476  6.319e-13  1.000e-12  1.583e+02    34.5465    34.5508     0.0042    27.0728    27.0763     27.740     27.767      0.376    1478.23    1478.24  0.000e+00
       3059     28.500     6.9193     6.9186    -0.0007    3.48124    3.48157          1     6.0680     6.2063       9.96     0.0460  6.336e-13  1.000e-12  1.578e+02    34.5465    34.5508     0.0043    27.0727    27.0762     28.235     28.263      0.488    1478.25    1478.25  0.000e+00
       3094     29.000     6.9187     6.9182    -0.0004    3.48122    3.48155          1     6.0842     6.2948       9.96     0.0477  6.378e-13  1.000e-12  1.568e+02    34.5466    34.5507     0.0041    27.0728    27.0761     28.730     28.759      0.311    1478.25    1478.25  0.000e+00
