ctdpy/tests/etc/SHARK_CTD_2018_IBT_SMHI/received_data/SBE09_0827_20180120_0910_26_01_0126.cnv
* Sea-Bird SBE 9 Data File:
* FileName = D:\CTD_SBE911\DAT\26DA.2018.1.26.hex
* Software Version Seasave V 7.21d
* Temperature SN = 034757
* Conductivity SN = 041844
* Number of Bytes Per Scan = 48
* Number of Voltage Words = 5
* Number of Scans Averaged by the Deck Unit = 1
* NMEA Latitude = 57 31.52 N
* NMEA Longitude = 008 35.15 E
* NMEA UTC (Time) = Jan 20 2018  09:10:43
* NMEA baud rate = 4800
** Ship: DANA
** Average sound velocity: 1478.37 m/s
** True-depth calculation Wed, 24 Jan 2018 11:37:22 +0000
** CTD Python Module SMHI /ver 3-12/ feb 2012 
** LIMS Job: 20182601-0126
** 24N Hanstholm
** Operator: RSor
** Cruise: 01/2018
# nquan = 26
# nvalues = 134                         
# units = specified
# name 0 = scan: Scan Count
# name 1 = prDM: Pressure, Digiquartz [db]
# name 2 = t090C: Temperature [ITS-90, deg C]
# name 3 = t190C: Temperature, 2 [ITS-90, deg C]
# name 4 = T2-T190C: Temperature Difference, 2 - 1 [ITS-90, deg C]
# name 5 = c0S/m: Conductivity [S/m]
# name 6 = c1S/m: Conductivity, 2 [S/m]
# name 7 = pumps: Pump Status
# name 8 = sbeox1ML/L: Oxygen, SBE 43, 2 [ml/l]
# name 9 = sbeox0ML/L: Oxygen, SBE 43 [ml/l]
# name 10 = altM: Altimeter [m]
# name 11 = chloroflTC0: Chlorophyll, Turner Cyclops [ug/l]
# name 12 = cpar: CPAR/Corrected Irradiance [%]
# name 13 = par: PAR/Irradiance, Biospherical/Licor
# name 14 = spar: SPAR/Surface Irradiance
# name 15 = sal00: Salinity, Practical [PSU]
# name 16 = sal11: Salinity, Practical, 2 [PSU]
# name 17 = secS-priS: Salinity, Practical, Difference, 2 - 1 [PSU]
# name 18 = sigma-t00: Density [sigma-t, kg/m^3 ]
# name 19 = sigma-t11: Density, 2 [sigma-t, kg/m^3 ]
# name 20 = depSM: Depth [salt water, m], lat = 57.5253
# name 21 = depFM: Depth [true depth, m], lat = 57.5253
# name 22 = dz/dtM: Descent Rate [m/s], WS = 2
# name 23 = svCM: Sound Velocity [Chen-Millero, m/s]
# name 24 = svCM1: Sound Velocity, 2 [Chen-Millero, m/s]
# name 25 = flag: flag
# span 0 =        118,       7216       
# span 1 =      2.000,     68.500       
# span 2 =     6.8942,     6.9314       
# span 3 =     6.8965,     6.9306       
# span 4 =    -0.0087,     0.0029       
# span 5 =   3.477566,   3.484526       
# span 6 =   3.478222,   3.484884       
# span 7 =          1,          1       
# span 8 =     5.9803,     6.1575       
# span 9 =     6.1333,     6.3592       
# span 10 =       2.69,       9.97      
# span 11 =     0.0292,     0.0727      
# span 12 = -1.462e-04, 6.1388e+00      
# span 13 = -2.346e-04, 9.8564e+00      
# span 14 = 1.5434e+02, 1.6056e+02      
# span 15 =    34.5445,    34.5523      
# span 16 =    34.5468,    34.5566      
# span 17 =     0.0004,     0.0064      
# span 18 =    27.0722,    27.0758      
# span 19 =    27.0747,    27.0793      
# span 20 =      1.982,     67.857      
# span 21 =      1.983,     67.931      
# span 22 =     -0.057,      0.666      
# span 23 =    1477.71,    1478.95      
# span 24 =    1477.73,    1478.95      
# span 25 = 0.0000e+00, 0.0000e+00      
# interval = decibars: 0.5              
# start_time = Jan 20 2018 09:10:43 [NMEA time, first data scan]
# bad_flag = -9.990e-29
*END*
[from data line 56]
       3203     30.000     6.9225     6.9206    -0.0019    3.48179    3.48191          1     6.1149     6.2862       9.95     0.0474  6.352e-13  1.000e-12  1.574e+02    34.5486    34.5519     0.0033    27.0739    27.0767     29.721     29.751      0.415    1478.28    1478.28  0.000e+00
       3243     30.500     6.9233     6.9221    -0.0012    3.48194    3.48215          1     6.0788     6.2603       9.95     0.0514  6.387e-13  1.000e-12  1.566e+02    34.5492    34.5528     0.0036    27.0742    27.0772     30.216     30.247      0.207    1478.30    1478.29  0.000e+00
       3327     31.000     6.9218     6.9216    -0.0002    3.48175    3.48216          1     6.1135     6.2464       9.96     0.0496  6.387e-13  1.000e-12  1.566e+02    34.5484    34.5531     0.0047    27.0738    27.0775     30.712     30.742      0.204    1478.30    1478.30  0.000e+00
       3377     31.500     6.9233     6.9212    -0.0021    3.48193    3.48209          1     6.1002     6.2648       9.96     0.0472  6.393e-13  1.000e-12  1.564e+02    34.5486    34.5525     0.0039    27.0737    27.0771     31.207     31.238      0.282    1478.31    1478.31  0.000e+00
       3424     32.000     6.9205     6.9206     0.0002    3.48162    3.48206          1     6.0982     6.2917       9.96     0.0492  6.395e-13  1.000e-12  1.564e+02    34.5478    34.5525     0.0047    27.0735    27.0772     31.702     31.734      0.215    1478.31    1478.32  0.000e+00
       3483     32.500     6.9240     6.9214    -0.0026    3.48209    3.48213          1     6.0915     6.2155       9.96     0.0477  6.382e-13  1.000e-12  1.567e+02    34.5492    34.5523     0.0030    27.0742    27.0769     32.198     32.230      0.263    1478.33    1478.33  0.000e+00
       3520     33.000     6.9268     6.9249    -0.0020    3.48245    3.48257          1     6.1178     6.2740       9.96     0.0490  6.369e-13  1.000e-12  1.570e+02    34.5501    34.5532     0.0032    27.0744    27.0772     32.693     32.726      0.299    1478.35    1478.35  0.000e+00
       3577     33.500     6.9280     6.9271    -0.0010    3.48263    3.48289          1     6.1287     6.3072       9.96     0.0552  6.373e-13  1.000e-12  1.569e+02    34.5506    34.5544     0.0038    27.0747    27.0778     33.188     33.222      0.192    1478.37    1478.37  0.000e+00
       3636     34.000     6.9292     6.9279    -0.0012    3.48282    3.48303          1     6.1069     6.2692       9.96     0.0567  6.385e-13  1.000e-12  1.566e+02    34.5512    34.5549     0.0036    27.0750    27.0781     33.683     33.717      0.239    1478.38    1478.38  0.000e+00
       3698     34.500     6.9292     6.9285    -0.0006    3.48282    3.48314          1     6.0652     6.2875       9.96     0.0523  6.389e-13  1.000e-12  1.565e+02    34.5510    34.5552     0.0042    27.0748    27.0783     34.179     34.213      0.208    1478.39    1478.39  0.000e+00
       3747     35.000     6.9270     6.9275     0.0004    3.48254    3.48306          1     6.0867     6.2199       9.96     0.0498  6.381e-13  1.000e-12  1.567e+02    34.5498    34.5551     0.0053    27.0742    27.0783     34.674     34.709      0.342    1478.39    1478.39  0.000e+00
       3780     35.500     6.9249     6.9253     0.0003    3.48234    3.48282          1     6.1014     6.2631       9.96     0.0492  6.358e-13  1.000e-12  1.573e+02    34.5494    34.5544     0.0050    27.0742    27.0781     35.169     35.205      0.310    1478.39    1478.39  0.000e+00
       3837     36.000     6.9269     6.9258    -0.0012    3.48263    3.48288          1     6.0789     6.2865       9.96     0.0483  6.380e-13  1.000e-12  1.567e+02    34.5504    34.5543     0.0040    27.0747    27.0780     35.665     35.701      0.177    1478.40    1478.40  0.000e+00
       3905     36.500     6.9273     6.9267    -0.0007    3.48270    3.48299          1     6.0822     6.2250       9.95     0.0702  6.389e-13  1.000e-12  1.565e+02    34.5505    34.5544     0.0038    27.0747    27.0778     36.160     36.197      0.201    1478.41    1478.42  0.000e+00
       3953     37.000     6.9281     6.9277    -0.0005    3.48278    3.48314          1     6.0769     6.2735       9.95     0.0505  6.390e-13  1.000e-12  1.565e+02    34.5503    34.5547     0.0045    27.0744    27.0780     36.655     36.692      0.314    1478.42    1478.43  0.000e+00
       3990     37.500     6.9228     6.9252     0.0024    3.48213    3.48293          1     6.0660     6.2526       9.96     0.0480  6.395e-13  1.000e-12  1.564e+02    34.5483    34.5547     0.0064    27.0736    27.0783     37.151     37.188      0.286    1478.41    1478.43  0.000e+00
       4068     38.000     6.9250     6.9255     0.0004    3.48246    3.48292          1     6.0327     6.2215       9.96     0.0481  6.395e-13  1.000e-12  1.564e+02    34.5495    34.5541     0.0046    27.0743    27.0778     37.646     37.684      0.241    1478.43    1478.43  0.000e+00
       4123     38.500     6.9282     6.9272    -0.0010    3.48288    3.48312          1     6.0446     6.1945       9.96     0.0485  6.395e-13  1.000e-12  1.564e+02    34.5506    34.5543     0.0037    27.0747    27.0778     38.141     38.180      0.509    1478.45    1478.45  0.000e+00
       4141     39.000     6.9288     6.9277    -0.0011    3.48294    3.48321          1     6.0667     6.2319       9.96     0.0499  6.395e-13  1.000e-12  1.564e+02    34.5504    34.5545     0.0042    27.0744    27.0778     38.636     38.676      0.590    1478.46    1478.46  0.000e+00
       4187     39.500     6.9274     6.9274    -0.0001    3.48281    3.48323          1     6.0871     6.2605       9.96     0.0502  6.395e-13  1.000e-12  1.564e+02    34.5502    34.5547     0.0046    27.0744    27.0780     39.132     39.172      0.399    1478.46    1478.47  0.000e+00
       4283     40.000     6.9269     6.9263    -0.0007    3.48277    3.48312          1     6.0709     6.2733       9.96     0.0488  6.395e-13  1.000e-12  1.564e+02    34.5499    34.5544     0.0045    27.0743    27.0779     39.627     39.668      0.418    1478.47    1478.47  0.000e+00
       4324     40.500     6.9271     6.9265    -0.0006    3.48285    3.48315          1     6.0942     6.2858       9.96     0.0512  6.395e-13  1.000e-12  1.564e+02    34.5504    34.5543     0.0039    27.0746    27.0778     40.122     40.163      0.248    1478.48    1478.48  0.000e+00
       4377     41.000     6.9257     6.9258     0.0001    3.48270    3.48313          1     6.0688     6.2826       9.95     0.0555  6.395e-13  1.000e-12  1.564e+02    34.5499    34.5545     0.0046    27.0745    27.0781     40.618     40.659      0.218    1478.48    1478.49  0.000e+00
       4434     41.500     6.9250     6.9244    -0.0005    3.48263    3.48299          1     6.0359     6.2386       9.95     0.0485  6.395e-13  1.000e-12  1.564e+02    34.5497    34.5541     0.0044    27.0744    27.0779     41.113     41.155      0.268    1478.48    1478.49  0.000e+00
       4469     42.000     6.9293     6.9259    -0.0034    3.48320    3.48313          1     6.0889     6.2261       9.96     0.0500  6.395e-13  1.000e-12  1.564e+02    34.5514    34.5540     0.0026    27.0751    27.0776     41.608     41.651      0.330    1478.51    1478.50  0.000e+00
       4547     42.500     6.9299     6.9289    -0.0010    3.48331    3.48357          1     6.0669     6.2448       9.96     0.0524  6.395e-13  1.000e-12  1.564e+02    34.5516    34.5556     0.0039    27.0753    27.0785     42.104     42.147      0.252    1478.52    1478.52  0.000e+00
       4595     43.000     6.9303     6.9293    -0.0010    3.48337    3.48365          1     6.0799     6.2891       9.95     0.0525  6.395e-13  1.000e-12  1.564e+02    34.5516    34.5558     0.0042    27.0752    27.0786     42.599     42.643      0.361    1478.53    1478.53  0.000e+00
       4632     43.500     6.9304     6.9297    -0.0007    3.48340    3.48371          1     6.1102     6.2411       9.96     0.0535  6.395e-13  1.000e-12  1.564e+02    34.5517    34.5558     0.0041    27.0752    27.0785     43.094     43.138      0.237    1478.54    1478.54  0.000e+00
       4707     44.000     6.9307     6.9300    -0.0006    3.48346    3.48379          1     6.0414     6.2156       9.95     0.0529  6.395e-13  1.000e-12  1.564e+02    34.5518    34.5561     0.0043    27.0753    27.0787     43.589     43.634      0.326    1478.55    1478.55  0.000e+00
       4731     44.500     6.9310     6.9301    -0.0009    3.48350    3.48381          1     6.0892     6.2466       9.96     0.0526  6.395e-13  1.000e-12  1.564e+02    34.5517    34.5560     0.0043    27.0752    27.0787     44.085     44.130      0.464    1478.56    1478.56  0.000e+00
       4762     45.000     6.9310     6.9302    -0.0008    3.48353    3.48385          1     6.1031     6.2309       9.95     0.0535  6.395e-13  1.000e-12  1.564e+02    34.5517    34.5560     0.0043    27.0752    27.0787     44.580     44.626      0.281    1478.57    1478.57  0.000e+00
       4869     45.500     6.9304     6.9298    -0.0005    3.48347    3.48381          1     6.0362     6.1333       9.95     0.0527  6.395e-13  1.000e-12  1.564e+02    34.5515    34.5558     0.0043    27.0751    27.0785     45.075     45.122      0.194    1478.57    1478.58  0.000e+00
       4930     46.000     6.9302     6.9298    -0.0004    3.48346    3.48383          1     6.0163     6.1846       9.96     0.0552  6.395e-13  1.000e-12  1.564e+02    34.5512    34.5558     0.0046    27.0749    27.0785     45.571     45.618      0.383    1478.58    1478.58  0.000e+00
       4954     46.500     6.9305     6.9297    -0.0008    3.48352    3.48384          1     6.0790     6.2283       9.96     0.0526  6.395e-13  1.000e-12  1.564e+02    34.5514    34.5557     0.0043    27.0750    27.0785     46.066     46.114      0.493    1478.59    1478.59  0.000e+00
       4981     47.000     6.9298     6.9293    -0.0004    3.48346    3.48383          1     6.0718     6.2488       9.96     0.0539  6.395e-13  1.000e-12  1.564e+02    34.5511    34.5557     0.0045    27.0749    27.0785     46.561     46.609      0.356    1478.60    1478.60  0.000e+00
       5062     47.500     6.9300     6.9293    -0.0007    3.48351    3.48383          1     6.0525     6.2511       9.95     0.0515  6.395e-13  1.000e-12  1.564e+02    34.5513    34.5555     0.0041    27.0750    27.0784     47.056     47.105      0.337    1478.60    1478.61  0.000e+00
       5090     48.000     6.9303     6.9293    -0.0010    3.48357    3.48386          1     6.0572     6.2506       9.96     0.0534  6.395e-13  1.000e-12  1.564e+02    34.5513    34.5556     0.0043    27.0749    27.0785     47.552     47.601      0.419    1478.61    1478.62  0.000e+00
       5175     48.500     6.9305     6.9299    -0.0007    3.48363    3.48396          1     6.0390     6.2327       9.95     0.0539  6.395e-13  1.000e-12  1.564e+02    34.5516    34.5558     0.0043    27.0751    27.0786     48.047     48.097      0.345    1478.62    1478.63  0.000e+00
       5223     49.000     6.9310     6.9300    -0.0009    3.48369    3.48400          1     6.0236     6.2373       9.96     0.0536  6.395e-13  1.000e-12  1.564e+02    34.5515    34.5559     0.0044    27.0750    27.0786     48.542     48.593      0.500    1478.63    1478.63  0.000e+00
       5250     49.500     6.9306     6.9300    -0.0005    3.48364    3.48403          1     6.0437     6.2233       9.96     0.0553  6.395e-13  1.000e-12  1.564e+02    34.5511    34.5560     0.0048    27.0747    27.0786     49.037     49.089      0.377    1478.64    1478.64  0.000e+00
       5319     50.000     6.9299     6.9292    -0.0006    3.48359    3.48394          1     6.0715     6.2342       9.95     0.0533  6.395e-13  1.000e-12  1.564e+02    34.5510    34.5556     0.0046    27.0748    27.0785     49.533     49.584      0.241    1478.65    1478.65  0.000e+00
       5372     50.500     6.9304     6.9292    -0.0012    3.48370    3.48394          1     6.0765     6.2578       9.96     0.0520  6.395e-13  1.000e-12  1.564e+02    34.5515    34.5554     0.0039    27.0751    27.0783     50.028     50.080      0.321    1478.66    1478.66  0.000e+00
       5417     51.000     6.9309     6.9301    -0.0008    3.48377    3.48407          1     6.0587     6.3026       9.95     0.0529  6.395e-13  1.000e-12  1.564e+02    34.5515    34.5557     0.0042    27.0750    27.0784     50.523     50.576      0.232    1478.66    1478.67  0.000e+00
       5471     51.500     6.9304     6.9300    -0.0004    3.48371    3.48409          1     6.0581     6.2770       9.95     0.0540  6.395e-13  1.000e-12  1.564e+02    34.5511    34.5557     0.0046    27.0748    27.0785     51.018     51.072      0.291    1478.67    1478.68  0.000e+00
       5529     52.000     6.9306     6.9298    -0.0008    3.48379    3.48409          1     6.0847     6.3130       9.95     0.0529  6.395e-13  1.000e-12  1.564e+02    34.5515    34.5556     0.0041    27.0750    27.0784     51.514     51.568      0.222    1478.68    1478.68  0.000e+00
       5581     52.500     6.9309     6.9303    -0.0006    3.48384    3.48416          1     6.0427     6.2614       9.96     0.0528  6.395e-13  1.000e-12  1.564e+02    34.5515    34.5557     0.0042    27.0750    27.0784     52.009     52.064      0.278    1478.69    1478.69  0.000e+00
       5629     53.000     6.9308     6.9302    -0.0006    3.48386    3.48419          1     6.0659     6.2660       9.95     0.0571  6.395e-13  1.000e-12  1.564e+02    34.5516    34.5558     0.0042    27.0751    27.0785     52.504     52.559      0.290    1478.70    1478.70  0.000e+00
       5660     53.500     6.9314     6.9304    -0.0010    3.48392    3.48422          1     6.0798     6.2561       9.96     0.0541  6.395e-13  1.000e-12  1.564e+02    34.5513    34.5557     0.0043    27.0748    27.0784     52.999     53.055      0.484    1478.71    1478.71  0.000e+00
       5690     54.000     6.9314     6.9306    -0.0008    3.48395    3.48427          1     6.0510     6.2293       9.95     0.0527  6.395e-13  1.000e-12  1.564e+02    34.5515    34.5558     0.0043    27.0749    27.0784     53.495     53.551      0.373    1478.72    1478.72  0.000e+00
       5796     54.500     6.9314     6.9304    -0.0009    3.48394    3.48428          1     6.0406     6.2746       9.96     0.0531  6.395e-13  1.000e-12  1.564e+02    34.5512    34.5558     0.0046    27.0747    27.0784     53.990     54.047      0.654    1478.72    1478.73  0.000e+00
       5812     55.000     6.9313     6.9305    -0.0007    3.48397    3.48431          1     6.0825     6.2052       9.95     0.0529  6.395e-13  1.000e-12  1.564e+02    34.5513    34.5558     0.0045    27.0748    27.0784     54.485     54.543      0.576    1478.73    1478.74  0.000e+00
       5877     55.500     6.9311     6.9305    -0.0006    3.48400    3.48433          1     6.0250     6.2734       9.95     0.0537  6.395e-13  1.000e-12  1.564e+02    34.5516    34.5558     0.0042    27.0750    27.0784     54.980     55.039      0.379    1478.74    1478.74  0.000e+00
       5929     56.000     6.9312     6.9304    -0.0008    3.48404    3.48434          1     6.0908     6.1983       9.95     0.0528  6.395e-13  1.000e-12  1.564e+02    34.5516    34.5558     0.0042    27.0750    27.0784     55.476     55.535      0.575    1478.75    1478.75  0.000e+00
       5951     56.500     6.9311     6.9304    -0.0007    3.48406    3.48438          1     6.0776     6.3054       9.95     0.0541  6.395e-13  1.000e-12  1.564e+02    34.5517    34.5559     0.0042    27.0751    27.0785     55.971     56.030      0.436    1478.76    1478.76  0.000e+00
       6041     57.000     6.9307     6.9301    -0.0005    3.48404    3.48438          1     6.0481     6.1812       9.95     0.0523  6.395e-13  1.000e-12  1.564e+02    34.5516    34.5559     0.0043    27.0752    27.0786     56.466     56.526      0.355    1478.76    1478.77  0.000e+00
