ctdpy/exports/archive_20191121_122431/received_data/SBE09_1044_20180530_2203_34_07_0048.cnv
* Sea-Bird SBE 9 Data File:
* FileName = C:\ctd\temp\2018\AU18D048.hex
* Software Version Seasave V 7.26.6.26
* Temperature SN = 5351
* Conductivity SN = 3941
* Number of Bytes Per Scan = 41
* Number of Voltage Words = 4
* Number of Scans Averaged by the Deck Unit = 1
* NMEA Latitude = 57 59.90 N
* NMEA Longitude = 019 52.73 E
* NMEA UTC (Time) = May 30 2018  22:03:34
* NMEA baud rate = 4800
** Station:  BY20
** Operator:  JKro
** Ship: AURA
** Average sound velocity: 1444.70 m/s
** True-depth calculation Wed, 30 May 2018 23:06:51 +0000
** CTD Python Module SMHI /ver 3-12/ feb 2012 
** LIMS Job: 20183407-0048
** Cruise: SMHI-02-2018
** Latitude [GG MM.mm N] :
** Longitude [GG MM.mm E]:
# nquan = 26
# nvalues = 384                         
# units = specified
# name 0 = scan: Scan Count
# name 1 = prDM: Pressure, Digiquartz [db]
# name 2 = t090C: Temperature [ITS-90, deg C]
# name 3 = t190C: Temperature, 2 [ITS-90, deg C]
# name 4 = T2-T190C: Temperature Difference, 2 - 1 [ITS-90, deg C]
# name 5 = c0S/m: Conductivity [S/m]
# name 6 = c1S/m: Conductivity, 2 [S/m]
# name 7 = pumps: Pump Status
# name 8 = sbeox0ML/L: Oxygen, SBE 43 [ml/l]
# name 9 = sbeox1ML/L: Oxygen, SBE 43, 2 [ml/l]
# name 10 = altM: Altimeter [m]
# name 11 = flECO-AFL: Chl-a Fluorescence, WET Labs ECO-AFL/FL [mg/m^3]
# name 12 = flECO-AFL1: Phycocyanin Fluorescence, WET Labs ECO-AFL/FL, 2 [mg/m^3]
# name 13 = par: PAR/Irradiance, Biospherical/Lico [µE/(cm^2*s)]
# name 14 = turbWETntu0: Turbidity, WET Labs ECO [NTU]
# name 15 = sal00: Salinity, Practical [PSU]
# name 16 = sal11: Salinity, Practical, 2 [PSU]
# name 17 = secS-priS: Salinity, Practical, Difference, 2 - 1 [PSU]
# name 18 = sigma-t00: Density [sigma-t, Kg/m^3 ]
# name 19 = sigma-t11: Density, 2 [sigma-t, Kg/m^3 ]
# name 20 = depSM: Depth [salt water, m], lat = 57.9983
# name 21 = depFM: Depth [true depth, m], lat = 57.9983
# name 22 = dz/dtM: Descent Rate [m/s], WS = 2
# name 23 = svCM: Sound Velocity [Chen-Millero, m/s]
# name 24 = svCM1: Sound Velocity, 2 [Chen-Millero, m/s]
# name 25 = flag: flag
# span 0 =      10419,      23152       
# span 1 =      1.000,    192.500       
# span 2 =     2.3992,    13.8879       
# span 3 =     2.3940,    13.8885       
# span 4 =    -0.0281,     0.0546       
# span 5 =   0.711120,   1.392293       
# span 6 =   0.711003,   1.392281       
# span 7 =          1,          1       
# span 8 =    0.01845,    9.48117       
# span 9 =    0.01974,    9.60668       
# span 10 =      -0.00,      99.05      
# span 11 =     0.2395,    13.8245      
# span 12 =     0.1473,     1.3898      
# span 13 = -1.574e-04, 1.0911e+00      
# span 14 =     0.1293,     0.6040      
# span 15 =     6.6623,    12.6891      
# span 16 =     6.6607,    12.6887      
# span 17 =    -0.0230,     0.0059      
# span 18 =     4.4243,     9.9138      
# span 19 =     4.4241,     9.9134      
# span 20 =      0.991,    190.627      
# span 21 =      1.014,    194.531      
# span 22 =     -0.011,      0.610      
# span 23 =    1423.77,    1470.07      
# span 24 =    1423.74,    1470.07      
# span 25 = 0.0000e+00, 0.0000e+00      
# interval = decibars: 0.5              
# start_time = May 30 2018 22:03:34 [NMEA time, first data scan]
# bad_flag = -9.990e-29
*END*
[from data line 223]
      16921    112.500     6.4455     6.4449    -0.0006    1.25987    1.25981          1     0.3144     0.3453      85.41     0.4586     0.2269  1.000e-12  0.1664000    11.5091    11.5086    -0.0005     9.0109     9.0106    111.427    113.835      0.530    1448.89    1448.89  0.000e+00
      16944    113.000     6.4878     6.4881     0.0004    1.26532    1.26534          1     0.3763     0.3950      84.82     0.4542     0.2147  1.000e-12  0.1574000    11.5486    11.5486     0.0000     9.0389     9.0389    111.922    114.340      0.496    1449.13    1449.13  0.000e+00
      16969    113.500     6.4910     6.4919     0.0009    1.26828    1.26829          1     0.3930     0.3805      84.29     0.3915     0.2071  1.000e-12  0.1365000    11.5766    11.5764    -0.0002     9.0607     9.0605    112.417    114.845      0.487    1449.18    1449.19  0.000e+00
      16993    114.000     6.4574     6.4577     0.0003    1.26923    1.26922          1     0.3415     0.2987      83.85     0.4318     0.2035  1.000e-12  0.1382000    11.5973    11.5971    -0.0002     9.0794     9.0792    112.912    115.349      0.492    1449.08    1449.08  0.000e+00
      17018    114.500     6.4012     6.4019     0.0008    1.26978    1.26981          1     0.2679     0.2238      83.29     0.3123     0.1979  1.000e-12  0.1548000    11.6217    11.6218     0.0000     9.1026     9.1026    113.407    115.854      0.493    1448.88    1448.88  0.000e+00
      17042    115.000     6.4079     6.4086     0.0007    1.27260    1.27260          1     0.2243     0.1966      88.31     0.4213     0.2320  1.000e-12  0.1550000    11.6473    11.6470    -0.0003     9.1222     9.1220    113.903    116.359      0.508    1448.95    1448.95  0.000e+00
      17065    115.500     6.4208     6.4214     0.0006    1.27579    1.27579          1     0.2099     0.1899      98.83     0.4663     0.2465  1.000e-12  0.1842000    11.6744    11.6741    -0.0003     9.1426     9.1423    114.398    116.863      0.534    1449.04    1449.04  0.000e+00
      17087    116.000     6.4138     6.4149     0.0010    1.27789    1.27789          1     0.1984     0.1767      98.69     0.3805     0.2633  1.000e-12  0.1656000    11.6974    11.6971    -0.0003     9.1612     9.1609    114.893    117.368      0.541    1449.05    1449.06  0.000e+00
      17109    116.500     6.4172     6.4179     0.0008    1.28076    1.28077          1     0.1817     0.1650      98.69     0.3677     0.2244  1.000e-12  0.1739000    11.7246    11.7244    -0.0002     9.1824     9.1821    115.388    117.873      0.510    1449.11    1449.11  0.000e+00
      17134    117.000     6.4267     6.4277     0.0009    1.28573    1.28576          1     0.1711     0.1544      97.57     0.3487     0.2447  1.000e-12  0.1752000    11.7704    11.7704    -0.0000     9.2177     9.2176    115.883    118.377      0.466    1449.21    1449.22  0.000e+00
      17160    117.500     6.4484     6.4496     0.0012    1.29309    1.29323          1     0.1734     0.1670      79.97     0.3149     0.2083  1.000e-12  0.1872000    11.8358    11.8367     0.0009     9.2675     9.2681    116.378    118.882      0.481    1449.39    1449.40  0.000e+00
      17184    118.000     6.4662     6.4670     0.0008    1.29769    1.29766          1     0.1845     0.1776      79.86     0.3700     0.1772  1.000e-12  0.1704000    11.8751    11.8745    -0.0006     9.2971     9.2966    116.873    119.386      0.538    1449.52    1449.53  0.000e+00
      17205    118.500     6.4627     6.4637     0.0010    1.29953    1.29952          1     0.1803     0.1664      79.34     0.3861     0.1877  1.000e-12  0.1631000    11.8945    11.8940    -0.0004     9.3126     9.3121    117.368    119.891      0.551    1449.54    1449.55  0.000e+00
      17228    119.000     6.4664     6.4672     0.0009    1.30170    1.30170          1     0.1698     0.1593      78.80     0.3293     0.2069  1.000e-12  0.1683000    11.9145    11.9143    -0.0003     9.3281     9.3278    117.863    120.396      0.508    1449.59    1449.59  0.000e+00
      17253    119.500     6.4737     6.4745     0.0008    1.30358    1.30359          1     0.1760     0.1691      78.29     0.3188     0.2071  1.000e-12  0.1565000    11.9305    11.9304    -0.0001     9.3401     9.3399    118.358    120.900      0.472    1449.65    1449.65  0.000e+00
      17278    120.000     6.4807     6.4815     0.0008    1.30552    1.30553          1     0.1802     0.1696      77.80     0.3317     0.2089  1.000e-12  0.1574000    11.9472    11.9470    -0.0002     9.3527     9.3525    118.853    121.405      0.486    1449.71    1449.71  0.000e+00
      17302    120.500     6.4855     6.4864     0.0009    1.30785    1.30785          1     0.1643     0.1471      77.32     0.3399     0.2221  1.000e-12  0.1527000    11.9685    11.9682    -0.0003     9.3691     9.3688    119.349    121.909      0.524    1449.76    1449.77  0.000e+00
      17324    121.000     6.4939     6.4947     0.0008    1.31109    1.31108          1     0.1460     0.1205      76.83     0.4081     0.2446  1.000e-12  0.1684000    11.9976    11.9972    -0.0004     9.3914     9.3910    119.844    122.414      0.558    1449.84    1449.84  0.000e+00
      17345    121.500     6.5022     6.5028     0.0007    1.31376    1.31373          1     0.1253     0.1041      76.30     0.3508     0.2281  1.000e-12  0.1741000    12.0210    12.0205    -0.0005     9.4091     9.4087    120.339    122.918      0.546    1449.91    1449.92  0.000e+00
      17368    122.000     6.5069     6.5078     0.0009    1.31538    1.31537          1     0.1085     0.0871      75.62     0.3693     0.2126  1.000e-12  0.2191000    12.0353    12.0349    -0.0004     9.4200     9.4196    120.834    123.423      0.489    1449.96    1449.96  0.000e+00
      17395    122.500     6.5133     6.5142     0.0009    1.31744    1.31749          1     0.0933     0.0722      75.07     0.3017     0.1895  1.000e-12  0.1884000    12.0534    12.0535     0.0001     9.4338     9.4338    121.329    123.927      0.457    1450.02    1450.02  0.000e+00
      17420    123.000     6.5212     6.5221     0.0009    1.32030    1.32031          1     0.0787     0.0628      74.77     0.3180     0.2074  1.000e-12  0.1949000    12.0788    12.0786    -0.0002     9.4532     9.4529    121.824    124.432      0.509    1450.09    1450.09  0.000e+00
      17442    123.500     6.5271     6.5279     0.0008    1.32209    1.32207          1     0.0730     0.0565      95.41     0.3085     0.2288  1.000e-12  0.1848000    12.0943    12.0939    -0.0004     9.4649     9.4645    122.319    124.936      0.554    1450.14    1450.15  0.000e+00
      17464    124.000     6.5335     6.5342     0.0006    1.32386    1.32382          1     0.0622     0.0485      84.65     0.3281     0.2237  1.000e-12  0.1830000    12.1095    12.1089    -0.0006     9.4763     9.4758    122.814    125.441      0.538    1450.20    1450.20  0.000e+00
      17487    124.500     6.5402     6.5407     0.0005    1.32590    1.32587          1     0.0529     0.0369      72.75     0.3481     0.2304  1.000e-12  0.1998000    12.1273    12.1268    -0.0004     9.4898     9.4894    123.309    125.945      0.507    1450.25    1450.26  0.000e+00
      17511    125.000     6.5472     6.5480     0.0008    1.32798    1.32797          1     0.0465     0.0335      72.48     0.3350     0.2069  1.000e-12  0.2116000    12.1453    12.1449    -0.0004     9.5034     9.5031    123.804    126.450      0.509    1450.32    1450.32  0.000e+00
      17534    125.500     6.5503     6.5512     0.0009    1.32882    1.32882          1     0.0420     0.0320      72.02     0.3171     0.2071  1.000e-12  0.2046000    12.1524    12.1520    -0.0004     9.5088     9.5084    124.299    126.954      0.522    1450.35    1450.35  0.000e+00
      17557    126.000     6.5616     6.5622     0.0007    1.33244    1.33238          1     0.0446     0.0348      71.67     0.3223     0.2392  1.000e-12  0.2016000    12.1842    12.1833    -0.0009     9.5329     9.5322    124.794    127.459      0.522    1450.44    1450.44  0.000e+00
      17580    126.500     6.5704     6.5711     0.0007    1.33517    1.33514          1     0.0464     0.0357      76.30     0.3099     0.2066  1.000e-12  0.1909000    12.2079    12.2074    -0.0006     9.5509     9.5504    125.289    127.963      0.506    1450.51    1450.52  0.000e+00
      17604    127.000     6.5786     6.5791     0.0005    1.33769    1.33763          1     0.0438     0.0353      80.96     0.2941     0.2180  1.000e-12  0.1843000    12.2299    12.2291    -0.0008     9.5675     9.5669    125.784    128.468      0.503    1450.58    1450.59  0.000e+00
      17627    127.500     6.5847     6.5855     0.0007    1.33952    1.33950          1     0.0435     0.0330      70.03     0.3712     0.2590  1.000e-12  0.2727000    12.2457    12.2453    -0.0005     9.5795     9.5791    126.279    128.972      0.536    1450.64    1450.64  0.000e+00
      17649    128.000     6.5923     6.5930     0.0007    1.34177    1.34174          1     0.0463     0.0350      68.64     0.4911     0.2608  1.000e-12  0.3426000    12.2652    12.2646    -0.0006     9.5942     9.5937    126.775    129.476      0.566    1450.70    1450.70  0.000e+00
      17670    128.500     6.6008     6.6014     0.0006    1.34408    1.34403          1     0.0421     0.0364      67.72     0.4068     0.1781  1.000e-12  0.3196000    12.2849    12.2841    -0.0008     9.6091     9.6084    127.270    129.981      0.558    1450.77    1450.77  0.000e+00
      17692    129.000     6.6110     6.6118     0.0008    1.34708    1.34705          1     0.0438     0.0370      67.02     0.3304     0.2067  1.000e-12  0.2994000    12.3108    12.3103    -0.0005     9.6286     9.6282    127.765    130.485      0.510    1450.85    1450.86  0.000e+00
      17717    129.500     6.6183     6.6193     0.0010    1.34931    1.34932          1     0.0449     0.0364      66.41     0.3251     0.2322  1.000e-12  0.3243000    12.3302    12.3299    -0.0002     9.6433     9.6430    128.260    130.990      0.475    1450.91    1450.92  0.000e+00
      17742    130.000     6.6274     6.6283     0.0009    1.35211    1.35210          1     0.0441     0.0354      65.94     0.4292     0.2219  1.000e-12  0.3491000    12.3545    12.3541    -0.0004     9.6617     9.6614    128.755    131.494      0.505    1450.99    1451.00  0.000e+00
      17765    130.500     6.6338     6.6348     0.0010    1.35383    1.35381          1     0.0413     0.0348      65.57     0.4509     0.2218  1.000e-12  0.3274000    12.3691    12.3686    -0.0005     9.6727     9.6722    129.250    131.999      0.557    1451.04    1451.05  0.000e+00
      17786    131.000     6.6428     6.6437     0.0009    1.35641    1.35638          1     0.0399     0.0342      65.07     0.3241     0.2137  1.000e-12  0.3008000    12.3913    12.3907    -0.0006     9.6895     9.6889    129.745    132.503      0.577    1451.12    1451.12  0.000e+00
      17807    131.500     6.6503     6.6511     0.0007    1.35837    1.35832          1     0.0410     0.0321      64.58     0.3229     0.2166  1.000e-12  0.3515000    12.4079    12.4071    -0.0008     9.7019     9.7012    130.240    133.007      0.539    1451.18    1451.18  0.000e+00
      17831    132.000     6.6540     6.6552     0.0012    1.35947    1.35954          1     0.0424     0.0358      63.93     0.3488     0.2338  1.000e-12  0.3981000    12.4173    12.4176     0.0003     9.7090     9.7092    130.735    133.512      0.483    1451.21    1451.22  0.000e+00
      17856    132.500     6.6577     6.6589     0.0011    1.36055    1.36065          1     0.0407     0.0327      63.37     0.3237     0.2317  1.000e-12  0.3662000    12.4266    12.4272     0.0006     9.7160     9.7164    131.230    134.016      0.494    1451.25    1451.25  0.000e+00
      17879    133.000     6.6609     6.6616     0.0007    1.36168    1.36155          1     0.0420     0.0322      63.01     0.3149     0.2343  1.000e-12  0.3933000    12.4365    12.4349    -0.0016     9.7236     9.7223    131.725    134.520      0.554    1451.28    1451.28  0.000e+00
      17900    133.500     6.6632     6.6640     0.0008    1.36257    1.36255          1     0.0420     0.0325      62.55     0.3459     0.2914  1.000e-12  0.4437000    12.4444    12.4439    -0.0005     9.7296     9.7292    132.220    135.025      0.567    1451.31    1451.31  0.000e+00
      17922    134.000     6.6685     6.6692     0.0006    1.36428    1.36426          1     0.0414     0.0323      61.93     0.3343     0.2428  1.000e-12  0.4814000    12.4593    12.4589    -0.0004     9.7409     9.7405    132.715    135.529      0.508    1451.36    1451.36  0.000e+00
      17948    134.500     6.6739     6.6748     0.0008    1.36570    1.36573          1     0.0411     0.0334      61.57     0.2986     0.2633  1.000e-12  0.4924000    12.4713    12.4713     0.0000     9.7498     9.7498    133.210    136.033      0.455    1451.40    1451.41  0.000e+00
      17973    135.000     6.6796     6.6803     0.0007    1.36721    1.36717          1     0.0402     0.0310      60.99     0.2877     0.2524  1.000e-12  0.5055000    12.4839    12.4834    -0.0006     9.7594     9.7589    133.705    136.538      0.515    1451.45    1451.45  0.000e+00
      17995    135.500     6.6835     6.6844     0.0009    1.36807    1.36805          1     0.0393     0.0323      60.34     0.2920     0.2592  1.000e-12  0.5119000    12.4910    12.4905    -0.0005     9.7646     9.7641    134.200    137.042      0.598    1451.49    1451.49  0.000e+00
      18014    136.000     6.6851     6.6860     0.0009    1.36845    1.36843          1     0.0405     0.0329      59.97     0.3025     0.2730  1.000e-12  0.5023000    12.4941    12.4936    -0.0005     9.7669     9.7664    134.695    137.547      0.603    1451.50    1451.51  0.000e+00
      18035    136.500     6.6861     6.6871     0.0010    1.36876    1.36875          1     0.0377     0.0326      59.43     0.3222     0.2612  1.000e-12  0.4977000    12.4967    12.4962    -0.0005     9.7689     9.7684    135.190    138.051      0.517    1451.52    1451.52  0.000e+00
      18061    137.000     6.6895     6.6903     0.0009    1.36962    1.36960          1     0.0384     0.0323      58.68     0.3573     0.2164  1.000e-12  0.5104000    12.5038    12.5034    -0.0005     9.7742     9.7738    135.685    138.555      0.435    1451.55    1451.55  0.000e+00
      18089    137.500     6.6938     6.6946     0.0008    1.37065    1.37064          1     0.0388     0.0328      58.26     0.3250     0.1794  1.000e-12  0.4603000    12.5124    12.5120    -0.0004     9.7806     9.7802    136.180    139.060      0.488    1451.59    1451.59  0.000e+00
      18111    138.000     6.6971     6.6980     0.0009    1.37142    1.37142          1     0.0376     0.0326      57.91     0.2883     0.2076  1.000e-12  0.4559000    12.5187    12.5183    -0.0004     9.7853     9.7849    136.675    139.564      0.577    1451.62    1451.62  0.000e+00
      18131    138.500     6.6990     6.7000     0.0009    1.37191    1.37190          1     0.0372     0.0322      57.43     0.3258     0.1946  1.000e-12  0.4474000    12.5227    12.5223    -0.0004     9.7883     9.7879    137.170    140.068      0.595    1451.64    1451.64  0.000e+00
      18152    139.000     6.7003     6.7012     0.0008    1.37222    1.37221          1     0.0389     0.0322      56.84     0.3214     0.2007  1.000e-12  0.4397000    12.5252    12.5248    -0.0004     9.7901     9.7898    137.666    140.573      0.524    1451.65    1451.66  0.000e+00
      18177    139.500     6.7017     6.7026     0.0008    1.37261    1.37260          1     0.0377     0.0319      56.13     0.3053     0.2071  1.000e-12  0.4338000    12.5285    12.5281    -0.0004     9.7926     9.7922    138.161    141.077      0.446    1451.67    1451.67  0.000e+00
