ctdpy/exports/archive_20191121_122431/received_data/SBE09_1044_20180418_2202_34_07_0018.cnv
* Sea-Bird SBE 9 Data File:
* FileName = C:\ctd\temp\2018\AU18D018.hex
* Software Version Seasave V 7.26.6.26
* Temperature SN = 5351
* Conductivity SN = 3941
* Number of Bytes Per Scan = 41
* Number of Voltage Words = 4
* Number of Scans Averaged by the Deck Unit = 1
* NMEA Latitude = 57 18.73 N
* NMEA Longitude = 020 04.57 E
* NMEA UTC (Time) = Apr 18 2018  22:02:19
* NMEA baud rate = 4800
** Station:  BY15
** Operator:  A-KTh
** Ship: AURA
** Average sound velocity: 1444.69 m/s
** True-depth calculation Thu, 19 Apr 2018 01:10:31 +0000
** CTD Python Module SMHI /ver 3-12/ feb 2012 
** LIMS Job: 20183407-0018
** Cruise: SMHI-01-2018
** Latitude [GG MM.mm N] :
** Longitude [GG MM.mm E]:
# nquan = 26
# nvalues = 471                         
# units = specified
# name 0 = scan: Scan Count
# name 1 = prDM: Pressure, Digiquartz [db]
# name 2 = t090C: Temperature [ITS-90, deg C]
# name 3 = t190C: Temperature, 2 [ITS-90, deg C]
# name 4 = T2-T190C: Temperature Difference, 2 - 1 [ITS-90, deg C]
# name 5 = c0S/m: Conductivity [S/m]
# name 6 = c1S/m: Conductivity, 2 [S/m]
# name 7 = pumps: Pump Status
# name 8 = sbeox0ML/L: Oxygen, SBE 43 [ml/l]
# name 9 = sbeox1ML/L: Oxygen, SBE 43, 2 [ml/l]
# name 10 = altM: Altimeter [m]
# name 11 = flECO-AFL: Chl-a Fluorescence, WET Labs ECO-AFL/FL [mg/m^3]
# name 12 = flECO-AFL1: Phycocyanin Fluorescence, WET Labs ECO-AFL/FL, 2 [mg/m^3]
# name 13 = par: PAR/Irradiance, Biospherical/Lico [µE/(cm^2*s)]
# name 14 = turbWETntu0: Turbidity, WET Labs ECO [NTU]
# name 15 = sal00: Salinity, Practical [PSU]
# name 16 = sal11: Salinity, Practical, 2 [PSU]
# name 17 = secS-priS: Salinity, Practical, Difference, 2 - 1 [PSU]
# name 18 = sigma-t00: Density [sigma-t, Kg/m^3 ]
# name 19 = sigma-t11: Density, 2 [sigma-t, Kg/m^3 ]
# name 20 = depSM: Depth [salt water, m], lat = 57.3122
# name 21 = depFM: Depth [true depth, m], lat = 57.3122
# name 22 = dz/dtM: Descent Rate [m/s], WS = 2
# name 23 = svCM: Sound Velocity [Chen-Millero, m/s]
# name 24 = svCM1: Sound Velocity, 2 [Chen-Millero, m/s]
# name 25 = flag: flag
# span 0 =       9503,      22126       
# span 1 =      0.500,    235.500       
# span 2 =     2.6906,     6.9110       
# span 3 =     2.6929,     6.9117       
# span 4 =    -0.0354,     0.0090       
# span 5 =   0.756967,   1.460449       
# span 6 =   0.756993,   1.460443       
# span 7 =          1,          1       
# span 8 =    0.01987,   10.09863       
# span 9 =    0.02342,    9.92654       
# span 10 =       0.81,     114.31      
# span 11 =     0.2492,     7.5163      
# span 12 =     0.1329,     1.2641      
# span 13 = -2.410e-04, 2.1874e+00      
# span 14 =     0.1093,     0.4493      
# span 15 =     7.3529,    13.2985      
# span 16 =     7.3524,    13.2981      
# span 17 =    -0.0130,     0.0018      
# span 18 =     5.8581,    10.3802      
# span 19 =     5.8576,    10.3798      
# span 20 =      0.495,    233.198      
# span 21 =      0.506,    237.813      
# span 22 =      0.129,      0.727      
# span 23 =    1426.30,    1455.04      
# span 24 =    1426.31,    1455.05      
# span 25 = 0.0000e+00, 0.0000e+00      
# interval = decibars: 0.5              
# start_time = Apr 18 2018 22:02:19 [NMEA time, first data scan]
# bad_flag = -9.990e-29
*END*
       9503      0.500     3.3347     3.3366     0.0019    0.76091    0.76089          1    10.0719     9.9120     114.31     6.4336     1.0992  2.187e+00  0.3951000     7.3546     7.3540    -0.0007     5.8595     5.8590      0.495      0.506      0.214    1428.18    1428.19  0.000e+00
      10171      1.000     3.3430     3.3447     0.0017    0.76095    0.76092          1    10.0889     9.9265      15.52     6.6008     1.1677  2.056e+00  0.3941000     7.3531     7.3525    -0.0006     5.8582     5.8577      0.991      1.013      0.166    1428.23    1428.23  0.000e+00
      10304      1.500     3.3434     3.3450     0.0017    0.76095    0.76093          1    10.0986     9.9173      37.00     6.9757     1.2335  6.056e-01  0.3922000     7.3529     7.3524    -0.0005     5.8581     5.8576      1.486      1.519      0.261    1428.23    1428.24  0.000e+00
      10346      2.000     3.3374     3.3359    -0.0016    0.76093    0.76090          1    10.0949     9.8985       0.81     7.5163     1.2543  4.931e-01  0.4118000     7.3540     7.3540    -0.0000     5.8590     5.8590      1.982      2.025      0.255    1428.22    1428.21  0.000e+00
      10424      2.500     3.3416     3.3397    -0.0019    0.76097    0.76092          1    10.0880     9.9091       7.91     7.2313     1.2641  3.555e-01  0.3911000     7.3534     7.3534    -0.0001     5.8585     5.8585      2.477      2.532      0.284    1428.24    1428.23  0.000e+00
      10456      3.000     3.3359     3.3356    -0.0003    0.76095    0.76092          1    10.0802     9.9173       7.75     7.2699     1.2498  2.252e-01  0.4240000     7.3544     7.3542    -0.0002     5.8594     5.8592      2.972      3.038      0.364    1428.23    1428.23  0.000e+00
      10501      3.500     3.3364     3.3357    -0.0007    0.76096    0.76093          1    10.0751     9.9094      42.45     7.0605     1.1802  1.589e-01  0.3973000     7.3543     7.3542    -0.0001     5.8593     5.8592      3.468      3.544      0.211    1428.24    1428.23  0.000e+00
      10564      4.000     3.3237     3.3327     0.0090    0.76087    0.76091          1    10.0581     9.9137      96.29     6.5495     1.1600  1.180e-01  0.3999000     7.3563     7.3546    -0.0016     5.8610     5.8596      3.963      4.050      0.268    1428.19    1428.23  0.000e+00
      10599      4.500     3.3251     3.3264     0.0013    0.76090    0.76087          1    10.0476     9.9202      98.00     6.5275     1.2302  7.453e-02  0.4493000     7.3561     7.3556    -0.0006     5.8609     5.8604      4.458      4.557      0.407    1428.20    1428.21  0.000e+00
      10631      5.000     3.3243     3.3226    -0.0016    0.76090    0.76085          1    10.0481     9.9160      98.00     5.9914     1.1552  4.183e-02  0.3929000     7.3563     7.3562    -0.0001     5.8610     5.8610      4.954      5.063      0.305    1428.21    1428.20  0.000e+00
      10684      5.500     3.3276     3.3293     0.0017    0.76094    0.76092          1    10.0643     9.8790      98.00     6.4860     1.1657  6.369e-03  0.3870000     7.3559     7.3553    -0.0006     5.8606     5.8602      5.449      5.569      0.241    1428.23    1428.24  0.000e+00
      10720      6.000     3.3193     3.3208     0.0015    0.76090    0.76087          1    10.0504     9.8472      98.00     6.4720     1.2046 -2.410e-04  0.4117000     7.3573     7.3567    -0.0006     5.8618     5.8614      5.945      6.076      0.471    1428.20    1428.21  0.000e+00
      10742      6.500     3.3113     3.3083    -0.0030    0.76083    0.76079          1    10.0391     9.8411      98.00     6.2634     1.1702  1.000e-12  0.3854000     7.3584     7.3586     0.0003     5.8628     5.8631      6.440      6.582      0.502    1428.18    1428.16  0.000e+00
      10772      7.000     3.3151     3.3146    -0.0005    0.76086    0.76083          1    10.0363     9.8657      98.00     5.9977     1.1281  1.000e-12  0.3876000     7.3577     7.3575    -0.0002     5.8623     5.8621      6.935      7.088      0.314    1428.20    1428.20  0.000e+00
      10822      7.500     3.3198     3.3210     0.0012    0.76091    0.76089          1    10.0436     9.8995      98.00     6.7428     1.1104  1.000e-12  0.3922000     7.3571     7.3566    -0.0005     5.8617     5.8613      7.431      7.595      0.292    1428.23    1428.23  0.000e+00
      10851      8.000     3.3174     3.3198     0.0025    0.76090    0.76089          1    10.0357     9.8587      98.00     6.7532     1.1512  1.000e-12  0.4135000     7.3575     7.3568    -0.0006     5.8620     5.8615      7.926      8.101      0.500    1428.23    1428.23  0.000e+00
      10873      8.500     3.3127     3.3173     0.0045    0.76089    0.76088          1    10.0164     9.8307      98.00     6.5637     1.1275  1.000e-12  0.3889000     7.3583     7.3572    -0.0011     5.8628     5.8618      8.422      8.607      0.519    1428.21    1428.23  0.000e+00
      10899      9.000     3.2892     3.2923     0.0031    0.76075    0.76075          1     9.9903     9.8323      98.00     5.8977     1.0351  1.000e-12  0.3716000     7.3622     7.3615    -0.0007     5.8662     5.8656      8.917      9.113      0.393    1428.12    1428.13  0.000e+00
      10939      9.500     3.2687     3.2737     0.0049    0.76067    0.76066          1     9.9168     9.7548      97.99     5.6168     0.9390  1.000e-12  0.3552000     7.3660     7.3647    -0.0012     5.8695     5.8684      9.412      9.620      0.289    1428.04    1428.06  0.000e+00
      10973     10.000     3.2281     3.2228    -0.0051    0.76113    0.76119          1     9.8175     9.6228      98.00     5.1443     0.9817  1.000e-12  0.3373000     7.3799     7.3818     0.0018     5.8811     5.8827      9.908     10.126      0.490    1427.88    1427.85  0.000e+00
      10993     10.500     3.2100     3.2167     0.0065    0.76138    0.76135          1     9.7388     9.5445      98.00     4.2091     0.8951  1.000e-12  0.3056000     7.3866     7.3848    -0.0018     5.8867     5.8852     10.403     10.632      0.603    1427.81    1427.84  0.000e+00
      11013     11.000     3.1956     3.1933    -0.0022    0.76136    0.76129          1     9.7012     9.5267      97.99     3.7191     0.8835  1.000e-12  0.2913000     7.3896     7.3895    -0.0001     5.8893     5.8892     10.898     11.139      0.562    1427.76    1427.75  0.000e+00
      11039     11.500     3.1849     3.1809    -0.0041    0.76146    0.76147          1     9.6538     9.4809      98.00     3.2309     0.7118  1.000e-12  0.2703000     7.3932     7.3941     0.0010     5.8922     5.8930     11.394     11.645      0.393    1427.72    1427.70  0.000e+00
      11074     12.000     3.1670     3.1651    -0.0018    0.76200    0.76202          1     9.5919     9.4090      97.99     3.0469     0.6064  1.000e-12  0.2578000     7.4028     7.4034     0.0006     5.9001     5.9006     11.889     12.151      0.376    1427.66    1427.65  0.000e+00
      11101     12.500     3.1518     3.1485    -0.0033    0.76229    0.76237          1     9.5312     9.3703      97.98     2.8916     0.6404  1.000e-12  0.2378000     7.4092     7.4108     0.0016     5.9054     5.9067     12.384     12.657      0.551    1427.60    1427.59  0.000e+00
      11120     13.000     3.1566     3.1580     0.0015    0.76220    0.76218          1     9.5145     9.3546      97.99     2.1851     0.4706  1.000e-12  0.2130000     7.4071     7.4066    -0.0005     5.9037     5.9033     12.880     13.164      0.627    1427.63    1427.64  0.000e+00
      11139     13.500     3.1501     3.1523     0.0023    0.76219    0.76224          1     9.5127     9.3564      98.01     1.9832     0.4699  1.000e-12  0.2150000     7.4085     7.4085     0.0000     5.9048     5.9048     13.375     13.670      0.601    1427.61    1427.62  0.000e+00
      11161     14.000     3.1467     3.1492     0.0025    0.76216    0.76204          1     9.5214     9.3763      98.01     2.1381     0.4544  1.000e-12  0.2313000     7.4088     7.4070    -0.0018     5.9051     5.9037     13.871     14.176      0.501    1427.61    1427.61  0.000e+00
      11188     14.500     3.1576     3.1586     0.0010    0.76210    0.76206          1     9.5491     9.3948      97.97     2.2310     0.4395  1.000e-12  0.2211000     7.4057     7.4050    -0.0007     5.9025     5.9020     14.366     14.683      0.425    1427.66    1427.66  0.000e+00
      11216     15.000     3.1615     3.1661     0.0046    0.76213    0.76206          1     9.5570     9.3923      97.96     2.4531     0.4610  1.000e-12  0.2224000     7.4050     7.4033    -0.0017     5.9019     5.9005     14.861     15.189      0.478    1427.68    1427.70  0.000e+00
      11238     15.500     3.1408     3.1407    -0.0001    0.76289    0.76267          1     9.5078     9.3382      97.95     2.5100     0.5115  1.000e-12  0.2200000     7.4176     7.4153    -0.0023     5.9122     5.9104     15.357     15.695      0.579    1427.61    1427.61  0.000e+00
      11258     16.000     3.1216     3.1229     0.0013    0.76347    0.76344          1     9.4293     9.2534      97.95     2.1147     0.5550  1.000e-12  0.1921000     7.4281     7.4274    -0.0007     5.9208     5.9202     15.852     16.201      0.631    1427.54    1427.55  0.000e+00
      11276     16.500     3.1237     3.1250     0.0012    0.76374    0.76371          1     9.3686     9.2041      97.95     1.1430     0.3856  1.000e-12  0.1805000     7.4303     7.4297    -0.0006     5.9225     5.9221     16.347     16.708      0.613    1427.57    1427.57  0.000e+00
      11297     17.000     3.1210     3.1220     0.0010    0.76373    0.76370          1     9.3457     9.1926      97.95     0.9594     0.3007  1.000e-12  0.1803000     7.4308     7.4302    -0.0005     5.9230     5.9225     16.843     17.214      0.542    1427.56    1427.57  0.000e+00
      11321     17.500     3.1183     3.1193     0.0010    0.76374    0.76372          1     9.3323     9.1799      97.81     0.9263     0.2738  1.000e-12  0.1771000     7.4314     7.4310    -0.0005     5.9235     5.9231     17.338     17.720      0.467    1427.56    1427.56  0.000e+00
      11348     18.000     3.1168     3.1189     0.0021    0.76384    0.76383          1     9.3144     9.1629      97.83     0.8479     0.2740  1.000e-12  0.1656000     7.4327     7.4321    -0.0005     5.9245     5.9241     17.833     18.226      0.464    1427.56    1427.57  0.000e+00
      11373     18.500     3.0830     3.0842     0.0012    0.76309    0.76308          1     9.2889     9.1395      97.84     0.7084     0.2690  1.000e-12  0.1617000     7.4327     7.4323    -0.0004     5.9249     5.9245     18.329     18.733      0.543    1427.41    1427.42  0.000e+00
      11393     19.000     3.0713     3.0733     0.0020    0.76289    0.76289          1     9.2630     9.1215      97.85     0.6184     0.2690  1.000e-12  0.1555000     7.4332     7.4327    -0.0005     5.9254     5.9250     18.824     19.239      0.638    1427.37    1427.37  0.000e+00
      11410     19.500     3.0353     3.0341    -0.0012    0.76205    0.76197          1     9.2451     9.1042      97.83     0.5640     0.2421  1.000e-12  0.1426000     7.4327     7.4321    -0.0005     5.9254     5.9249     19.320     19.745      0.691    1427.21    1427.20  0.000e+00
      11427     20.000     3.0228     3.0232     0.0004    0.76183    0.76180          1     9.2276     9.0908      97.84     0.5364     0.2286  1.000e-12  0.1338000     7.4332     7.4327    -0.0005     5.9259     5.9255     19.815     20.252      0.666    1427.16    1427.16  0.000e+00
      11447     20.500     3.0078     3.0102     0.0024    0.76155    0.76156          1     9.2068     9.0862      97.89     0.5292     0.2420  1.000e-12  0.1340000     7.4337     7.4332    -0.0005     5.9264     5.9261     20.310     20.758      0.536    1427.10    1427.11  0.000e+00
      11475     21.000     2.9992     3.0009     0.0017    0.76140    0.76139          1     9.1862     9.0714      98.23     0.5017     0.2461  1.000e-12  0.1362000     7.4340     7.4335    -0.0005     5.9268     5.9264     20.806     21.264      0.388    1427.07    1427.07  0.000e+00
      11506     21.500     3.0001     3.0008     0.0007    0.76147    0.76144          1     9.1962     9.0697      98.46     0.5647     0.2218  1.000e-12  0.1275000     7.4344     7.4339    -0.0005     5.9271     5.9267     21.301     21.770      0.454    1427.08    1427.08  0.000e+00
      11529     22.000     3.0136     3.0153     0.0017    0.76191    0.76190          1     9.2011     9.0593      98.49     0.5284     0.2233  1.000e-12  0.1287000     7.4359     7.4353    -0.0006     5.9282     5.9277     21.796     22.277      0.602    1427.15    1427.16  0.000e+00
      11547     22.500     3.0545     3.0565     0.0020    0.76309    0.76309          1     9.1938     9.0529      98.53     0.5095     0.2239  1.000e-12  0.1318000     7.4387     7.4382    -0.0005     5.9300     5.9295     22.292     22.783      0.680    1427.35    1427.36  0.000e+00
      11564     23.000     3.0653     3.0669     0.0016    0.76342    0.76340          1     9.1845     9.0372      98.58     0.5167     0.2603  1.000e-12  0.1368000     7.4395     7.4390    -0.0005     5.9305     5.9301     22.787     23.289      0.671    1427.41    1427.42  0.000e+00
      11583     23.500     3.0678     3.0693     0.0015    0.76351    0.76349          1     9.1770     9.0250      98.59     0.4965     0.2857  1.000e-12  0.1207000     7.4398     7.4393    -0.0005     5.9307     5.9303     23.282     23.795      0.554    1427.43    1427.44  0.000e+00
      11611     24.000     3.0581     3.0599     0.0018    0.76329    0.76328          1     9.1852     9.0359      98.59     0.4882     0.2435  1.000e-12  0.1245000     7.4397     7.4392    -0.0005     5.9307     5.9303     23.778     24.302      0.378    1427.39    1427.40  0.000e+00
      11644     24.500     3.0518     3.0554     0.0036    0.76316    0.76319          1     9.1532     9.0061      98.60     0.5515     0.2358  1.000e-12  0.1346000     7.4397     7.4392    -0.0006     5.9308     5.9304     24.273     24.808      0.437    1427.37    1427.39  0.000e+00
      11667     25.000     3.0042     3.0070     0.0028    0.76198    0.76201          1     9.1227     8.9799      98.60     0.5291     0.2628  1.000e-12  0.1491000     7.4383     7.4380    -0.0003     5.9301     5.9299     24.768     25.314      0.633    1427.16    1427.17  0.000e+00
      11684     25.500     2.9297     2.9304     0.0007    0.76018    0.76014          1     9.1173     8.9721      98.60     0.4846     0.2565  1.000e-12  0.1212000     7.4367     7.4361    -0.0006     5.9295     5.9290     25.264     25.820      0.727    1426.82    1426.82  0.000e+00
      11700     26.000     2.8828     2.8825    -0.0002    0.75904    0.75900          1     9.1164     8.9748      98.61     0.4688     0.2443  1.000e-12  0.1205000     7.4355     7.4351    -0.0004     5.9289     5.9287     25.759     26.327      0.703    1426.61    1426.61  0.000e+00
      11718     26.500     2.8556     2.8566     0.0009    0.75844    0.75841          1     9.1123     8.9862      98.61     0.4459     0.2603  1.000e-12  0.1238000     7.4354     7.4349    -0.0005     5.9291     5.9287     26.254     26.833      0.571    1426.49    1426.50  0.000e+00
      11745     27.000     2.8508     2.8518     0.0010    0.75840    0.75837          1     9.1048     8.9686      98.61     0.4707     0.2327  1.000e-12  0.1289000     7.4360     7.4355    -0.0005     5.9296     5.9292     26.750     27.339      0.395    1426.48    1426.48  0.000e+00
      11778     27.500     2.8465     2.8485     0.0019    0.75838    0.75838          1     9.0934     8.9201      98.61     0.4751     0.2427  1.000e-12  0.1214000     7.4367     7.4363    -0.0004     5.9302     5.9299     27.245     27.846      0.422    1426.47    1426.48  0.000e+00
