ctdpy/exports/archive_20191121_122431/received_data/SBE09_1044_20181015_1317_34_01_0094.cnv
* Sea-Bird SBE 9 Data File:
* FileName = C:\ctd\temp\ar18d094.hex
* Software Version Seasave V 7.21e
* Temperature SN = 5351
* Conductivity SN = 3941
* Number of Bytes Per Scan = 41
* Number of Voltage Words = 4
* Number of Scans Averaged by the Deck Unit = 1
* NMEA Latitude = 57 18.74 N
* NMEA Longitude = 020 04.58 E
* NMEA UTC (Time) = Oct 15 2018  16:17:23
* NMEA baud rate = 4800
** Station:  BY15
** Operator:  OBac
** Ship: ARANDA
** Average sound velocity: 1450.21 m/s
** True-depth calculation Mon, 15 Oct 2018 17:26:16 +0000
** CTD Python Module SMHI /ver 3-12/ feb 2012 
** LIMS Job: 20183401-0094
** Cruise: SMHI-4-2018
** Latitude [GG MM.mm N]:
** Longitude [GG MM.mm E]
# nquan = 26
# nvalues = 468                         
# units = specified
# name 0 = scan: Scan Count
# name 1 = prDM: Pressure, Digiquartz [db]
# name 2 = t090C: Temperature [ITS-90, deg C]
# name 3 = t190C: Temperature, 2 [ITS-90, deg C]
# name 4 = T2-T190C: Temperature Difference, 2 - 1 [ITS-90, deg C]
# name 5 = c0S/m: Conductivity [S/m]
# name 6 = c1S/m: Conductivity, 2 [S/m]
# name 7 = pumps: Pump Status
# name 8 = sbeox0ML/L: Oxygen, SBE 43 [ml/l]
# name 9 = sbeox1ML/L: Oxygen, SBE 43, 2 [ml/l]
# name 10 = altM: Altimeter [m]
# name 11 = flECO-AFL: Chl-a Fluorescence, WET Labs ECO-AFL/FL [mg/m^3]
# name 12 = flECO-AFL1: Phycocyanin Fluorescence, WET Labs ECO-AFL/FL, 2 [mg/m^3]
# name 13 = par: PAR/Irradiance, Biospherical/Lico [µE/(cm^2*s)]
# name 14 = turbWETntu0: Turbidity, WET Labs ECO [NTU]
# name 15 = sal00: Salinity, Practical [PSU]
# name 16 = sal11: Salinity, Practical, 2 [PSU]
# name 17 = secS-priS: Salinity, Practical, Difference, 2 - 1 [PSU]
# name 18 = sigma-t00: Density [sigma-t, Kg/m^3 ]
# name 19 = sigma-t11: Density, 2 [sigma-t, Kg/m^3 ]
# name 20 = depSM: Depth [salt water, m], lat = 57.3123
# name 21 = depFM: Depth [true depth, m], lat = 57.3123
# name 22 = dz/dtM: Descent Rate [m/s], WS = 2
# name 23 = svCM: Sound Velocity [Chen-Millero, m/s]
# name 24 = svCM1: Sound Velocity, 2 [Chen-Millero, m/s]
# name 25 = flag: flag
# span 0 =      17128,      28165       
# span 1 =      2.000,    235.500       
# span 2 =     3.5745,    11.3845       
# span 3 =     3.5769,    11.3846       
# span 4 =    -0.1889,     0.1191       
# span 5 =   0.766242,   1.455787       
# span 6 =   0.766398,   1.455787       
# span 7 =          1,          1       
# span 8 =    0.04451,    7.02034       
# span 9 =    0.04183,    7.61863       
# span 10 =       3.01,     100.02      
# span 11 =     0.2144,     1.1424      
# span 12 =     0.1385,     0.3946      
# span 13 = -1.223e-04, 1.8350e-01      
# span 14 =     0.1089,     1.3995      
# span 15 =     6.9679,    13.2568      
# span 16 =     6.9674,    13.2563      
# span 17 =    -0.0106,     0.0085      
# span 18 =     5.0001,    10.3484      
# span 19 =     4.9998,    10.3479      
# span 20 =      1.982,    233.198      
# span 21 =      2.027,    237.876      
# span 22 =     -0.230,      0.827      
# span 23 =    1430.36,    1461.52      
# span 24 =    1430.37,    1461.52      
# span 25 = 0.0000e+00, 0.0000e+00      
# interval = decibars: 0.5              
# start_time = Oct 15 2018 16:17:23 [NMEA time, first data scan]
# bad_flag = -9.990e-29
*END*
[from data line 223]
      21838    113.500     6.6411     6.6425     0.0014    1.28336    1.28333          1     0.1500     0.1375      97.42     0.2652     0.2071  1.000e-12  0.1306000    11.6743    11.6736    -0.0007     9.1264     9.1258    112.424    114.849      0.806    1449.93    1449.94  0.000e+00
      21853    114.000     6.6421     6.6434     0.0013    1.28380    1.28377          1     0.1471     0.1374      90.92     0.2736     0.2196  1.000e-12  0.1389000    11.6783    11.6775    -0.0008     9.1295     9.1288    112.919    115.354      0.682    1449.95    1449.96  0.000e+00
      21876    114.500     6.6440     6.6455     0.0015    1.28468    1.28467          1     0.1382     0.1264      96.58     0.2838     0.2132  1.000e-12  0.1402000    11.6862    11.6856    -0.0006     9.1355     9.1349    113.414    115.858      0.475    1449.98    1449.98  0.000e+00
      21905    115.000     6.6481     6.6493     0.0012    1.28688    1.28680          1     0.1225     0.0995      97.40     0.2905     0.2065  1.000e-12  0.1314000    11.7063    11.7051    -0.0012     9.1510     9.1500    113.909    116.363      0.439    1450.03    1450.03  0.000e+00
      21929    115.500     6.6522     6.6533     0.0011    1.28947    1.28935          1     0.1061     0.0825      97.41     0.2914     0.1982  1.000e-12  0.1340000    11.7304    11.7288    -0.0016     9.1696     9.1683    114.404    116.868      0.586    1450.08    1450.09  0.000e+00
      21947    116.000     6.6538     6.6550     0.0012    1.29253    1.29245          1     0.0982     0.0744      96.89     0.2933     0.1924  1.000e-12  0.1429000    11.7598    11.7587    -0.0011     9.1926     9.1916    114.899    117.372      0.697    1450.13    1450.14  0.000e+00
      21963    116.500     6.6537     6.6551     0.0014    1.29503    1.29499          1     0.0948     0.0707      97.14     0.3128     0.1925  1.000e-12  0.1428000    11.7844    11.7835    -0.0009     9.2119     9.2111    115.394    117.877      0.739    1450.17    1450.18  0.000e+00
      21980    117.000     6.6538     6.6552     0.0014    1.29726    1.29722          1     0.0934     0.0729      97.35     0.2938     0.2007  1.000e-12  0.1357000    11.8062    11.8053    -0.0009     9.2290     9.2282    115.890    118.382      0.722    1450.21    1450.21  0.000e+00
      21997    117.500     6.6520     6.6533     0.0014    1.29889    1.29884          1     0.0930     0.0751      62.44     0.2816     0.2040  1.000e-12  0.1315000    11.8228    11.8219    -0.0009     9.2422     9.2414    116.385    118.886      0.658    1450.23    1450.23  0.000e+00
      22016    118.000     6.6515     6.6528     0.0013    1.30106    1.30098          1     0.0960     0.0767      96.50     0.2767     0.1785  1.000e-12  0.1302000    11.8443    11.8430    -0.0013     9.2591     9.2580    116.880    119.391      0.571    1450.26    1450.27  0.000e+00
      22039    118.500     6.6463     6.6480     0.0017    1.30256    1.30251          1     0.1016     0.0834      97.40     0.2776     0.2161  1.000e-12  0.1297000    11.8607    11.8596    -0.0011     9.2725     9.2715    117.375    119.895      0.503    1450.27    1450.28  0.000e+00
      22064    119.000     6.6417     6.6426     0.0009    1.30432    1.30424          1     0.1038     0.0931      91.05     0.2596     0.2420  1.000e-12  0.1458000    11.8796    11.8785    -0.0011     9.2876     9.2867    117.870    120.400      0.521    1450.28    1450.28  0.000e+00
      22085    119.500     6.6480     6.6489     0.0009    1.30516    1.30511          1     0.0985     0.0828      97.26     0.2905     0.1954  1.000e-12  0.1714000    11.8856    11.8848    -0.0007     9.2918     9.2912    118.365    120.904      0.598    1450.32    1450.33  0.000e+00
      22104    120.000     6.6518     6.6530     0.0012    1.30638    1.30630          1     0.0916     0.0728      97.43     0.2981     0.1901  1.000e-12  0.2088000    11.8963    11.8951    -0.0012     9.2999     9.2989    118.860    121.409      0.654    1450.36    1450.36  0.000e+00
      22122    120.500     6.6514     6.6527     0.0013    1.30911    1.30901          1     0.0859     0.0715      97.42     0.2883     0.2778  1.000e-12  0.2603000    11.9232    11.9217    -0.0014     9.3211     9.3199    119.355    121.914      0.678    1450.40    1450.40  0.000e+00
      22140    121.000     6.6501     6.6514     0.0014    1.31177    1.31167          1     0.0853     0.0694      97.41     0.2942     0.2265  1.000e-12  0.3542000    11.9498    11.9483    -0.0014     9.3421     9.3409    119.850    122.418      0.668    1450.44    1450.44  0.000e+00
      22158    121.500     6.6465     6.6479     0.0014    1.31436    1.31426          1     0.0869     0.0663      97.41     0.3014     0.2192  1.000e-12  0.4530000    11.9765    11.9750    -0.0015     9.3633     9.3620    120.346    122.923      0.622    1450.46    1450.47  0.000e+00
      22179    122.000     6.6426     6.6441     0.0015    1.31634    1.31628          1     0.0844     0.0698      86.80     0.3063     0.2440  1.000e-12  0.7719000    11.9972    11.9961    -0.0011     9.3799     9.3789    120.841    123.427      0.553    1450.48    1450.48  0.000e+00
      22202    122.500     6.6426     6.6439     0.0014    1.31722    1.31717          1     0.0836     0.0667      96.63     0.2880     0.2218  1.000e-12  1.3648000    12.0058    12.0049    -0.0010     9.3867     9.3859    121.336    123.932      0.507    1450.50    1450.50  0.000e+00
      22225    123.000     6.6428     6.6440     0.0013    1.31861    1.31855          1     0.0847     0.0654      97.43     0.2970     0.2487  1.000e-12  1.3566000    12.0194    12.0183    -0.0011     9.3973     9.3964    121.831    124.436      0.544    1450.52    1450.53  0.000e+00
      22246    123.500     6.6434     6.6446     0.0013    1.31997    1.31993          1     0.0833     0.0701      97.42     0.3263     0.2488  1.000e-12  1.3995000    12.0325    12.0317    -0.0009     9.4076     9.4069    122.326    124.941      0.623    1450.55    1450.56  0.000e+00
      22264    124.000     6.6437     6.6450     0.0013    1.32143    1.32134          1     0.0802     0.0691      97.43     0.3068     0.2329  1.000e-12  1.3193000    12.0466    12.0454    -0.0013     9.4187     9.4176    122.821    125.445      0.668    1450.58    1450.58  0.000e+00
      22282    124.500     6.6414     6.6428     0.0014    1.32353    1.32348          1     0.0819     0.0683      97.42     0.3029     0.2067  1.000e-12  1.2179000    12.0681    12.0671    -0.0010     9.4357     9.4348    123.316    125.950      0.668    1450.60    1450.61  0.000e+00
      22300    125.000     6.6410     6.6423     0.0013    1.32435    1.32425          1     0.0828     0.0695      97.43     0.3001     0.2203  1.000e-12  1.0388000    12.0762    12.0748    -0.0014     9.4421     9.4409    123.811    126.454      0.620    1450.62    1450.62  0.000e+00
      22321    125.500     6.6402     6.6416     0.0014    1.32699    1.32685          1     0.0811     0.0683      96.44     0.2910     0.2122  1.000e-12  0.8366000    12.1026    12.1007    -0.0018     9.4629     9.4613    124.306    126.959      0.526    1450.66    1450.66  0.000e+00
      22347    126.000     6.6383     6.6399     0.0016    1.32845    1.32838          1     0.0815     0.0654      66.48     0.3088     0.2409  1.000e-12  0.6641000    12.1175    12.1163    -0.0012     9.4747     9.4736    124.801    127.463      0.454    1450.68    1450.68  0.000e+00
      22373    126.500     6.6371     6.6385     0.0013    1.32966    1.32960          1     0.0838     0.0677      97.77     0.3127     0.2407  1.000e-12  0.5206000    12.1298    12.1287    -0.0011     9.4845     9.4835    125.297    127.968      0.511    1450.70    1450.70  0.000e+00
      22394    127.000     6.6363     6.6375     0.0012    1.33155    1.33148          1     0.0786     0.0650      97.42     0.2944     0.2254  1.000e-12  0.5253000    12.1487    12.1475    -0.0012     9.4994     9.4984    125.792    128.472      0.627    1450.72    1450.73  0.000e+00
      22412    127.500     6.6364     6.6377     0.0013    1.33276    1.33273          1     0.0767     0.0640      97.44     0.3046     0.2297  1.000e-12  0.5239000    12.1604    12.1597    -0.0007     9.5086     9.5080    126.287    128.977      0.707    1450.75    1450.75  0.000e+00
      22428    128.000     6.6369     6.6382     0.0013    1.33433    1.33427          1     0.0800     0.0628      97.41     0.3112     0.1882  1.000e-12  0.5147000    12.1757    12.1746    -0.0011     9.5206     9.5196    126.782    129.481      0.715    1450.78    1450.78  0.000e+00
      22445    128.500     6.6371     6.6385     0.0013    1.33634    1.33627          1     0.0811     0.0629      77.39     0.3058     0.1908  1.000e-12  0.5094000    12.1954    12.1941    -0.0012     9.5360     9.5349    127.277    129.986      0.639    1450.81    1450.81  0.000e+00
      22467    129.000     6.6385     6.6398     0.0014    1.33835    1.33829          1     0.0789     0.0680      75.41     0.2922     0.2154  1.000e-12  0.4810000    12.2147    12.2136    -0.0011     9.5511     9.5501    127.772    130.490      0.493    1450.85    1450.85  0.000e+00
      22495    129.500     6.6386     6.6399     0.0013    1.33940    1.33933          1     0.0782     0.0635      97.64     0.2880     0.1963  1.000e-12  0.4483000    12.2249    12.2237    -0.0012     9.5590     9.5580    128.267    130.995      0.419    1450.87    1450.87  0.000e+00
      22522    130.000     6.6381     6.6395     0.0014    1.34023    1.34020          1     0.0793     0.0632      97.28     0.3003     0.2042  1.000e-12  0.4421000    12.2332    12.2324    -0.0008     9.5656     9.5649    128.762    131.499      0.557    1450.89    1450.89  0.000e+00
      22540    130.500     6.6371     6.6383     0.0011    1.34108    1.34102          1     0.0790     0.0654      97.43     0.2976     0.1924  1.000e-12  0.4211000    12.2419    12.2408    -0.0010     9.5725     9.5716    129.257    132.004      0.716    1450.90    1450.90  0.000e+00
      22555    131.000     6.6395     6.6406     0.0011    1.34201    1.34196          1     0.0792     0.0649      97.42     0.2960     0.2008  1.000e-12  0.3963000    12.2502    12.2492    -0.0010     9.5788     9.5780    129.752    132.508      0.775    1450.93    1450.93  0.000e+00
      22571    131.500     6.6394     6.6407     0.0013    1.34331    1.34322          1     0.0798     0.0637      97.42     0.3019     0.2071  1.000e-12  0.4333000    12.2628    12.2615    -0.0013     9.5888     9.5877    130.247    133.012      0.724    1450.95    1450.96  0.000e+00
      22589    132.000     6.6384     6.6399     0.0015    1.34507    1.34501          1     0.0775     0.0637      37.41     0.2954     0.2205  1.000e-12  0.4343000    12.2805    12.2793    -0.0011     9.6027     9.6017    130.742    133.517      0.573    1450.98    1450.98  0.000e+00
      22616    132.500     6.6342     6.6354     0.0013    1.34650    1.34635          1     0.0765     0.0644      87.18     0.2926     0.2571  1.000e-12  0.3605000    12.2960    12.2941    -0.0019     9.6153     9.6137    131.238    134.021      0.415    1450.99    1450.99  0.000e+00
      22645    133.000     6.6388     6.6399     0.0010    1.34861    1.34845          1     0.0750     0.0628      97.05     0.2888     0.2638  1.000e-12  0.2832000    12.3152    12.3132    -0.0020     9.6300     9.6284    131.733    134.526      0.471    1451.04    1451.04  0.000e+00
      22667    133.500     6.6411     6.6422     0.0011    1.34991    1.34986          1     0.0739     0.0647      34.30     0.2911     0.1554  1.000e-12  0.2648000    12.3271    12.3262    -0.0009     9.6392     9.6384    132.228    135.030      0.631    1451.07    1451.07  0.000e+00
      22684    134.000     6.6451     6.6462     0.0012    1.35178    1.35170          1     0.0742     0.0631      96.93     0.3044     0.2029  1.000e-12  0.2481000    12.3441    12.3429    -0.0012     9.6522     9.6511    132.723    135.535      0.710    1451.12    1451.12  0.000e+00
      22701    134.500     6.6513     6.6522     0.0009    1.35437    1.35422          1     0.0755     0.0630      97.43     0.2900     0.2646  1.000e-12  0.2247000    12.3673    12.3656    -0.0018     9.6700     9.6685    133.218    136.039      0.697    1451.18    1451.18  0.000e+00
      22719    135.000     6.6609     6.6618     0.0009    1.35780    1.35769          1     0.0757     0.0639      97.45     0.2860     0.2245  1.000e-12  0.2213000    12.3977    12.3963    -0.0013     9.6931     9.6919    133.713    136.543      0.620    1451.27    1451.27  0.000e+00
      22740    135.500     6.6655     6.6667     0.0012    1.35960    1.35953          1     0.0755     0.0640      95.96     0.2932     0.1848  1.000e-12  0.2273000    12.4138    12.4127    -0.0011     9.7053     9.7044    134.208    137.048      0.543    1451.31    1451.32  0.000e+00
      22763    136.000     6.6686     6.6697     0.0011    1.36115    1.36107          1     0.0750     0.0625      89.10     0.3059     0.1990  1.000e-12  0.2407000    12.4279    12.4267    -0.0012     9.7162     9.7152    134.703    137.552      0.513    1451.35    1451.35  0.000e+00
      22787    136.500     6.6756     6.6765     0.0009    1.36383    1.36370          1     0.0747     0.0640      45.31     0.2786     0.1926  1.000e-12  0.2161000    12.4518    12.4502    -0.0016     9.7344     9.7331    135.198    138.056      0.517    1451.42    1451.42  0.000e+00
      22809    137.000     6.6810     6.6819     0.0009    1.36558    1.36550          1     0.0746     0.0637      98.43     0.2765     0.1385  1.000e-12  0.2031000    12.4670    12.4659    -0.0011     9.7460     9.7450    135.693    138.561      0.568    1451.47    1451.47  0.000e+00
      22829    137.500     6.6871     6.6882     0.0010    1.36751    1.36748          1     0.0743     0.0603      97.44     0.2783     0.1634  1.000e-12  0.2052000    12.4838    12.4831    -0.0007     9.7586     9.7580    136.188    139.065      0.642    1451.52    1451.53  0.000e+00
      22847    138.000     6.7003     6.7011     0.0009    1.37214    1.37205          1     0.0737     0.0589      97.45     0.2868     0.1983  1.000e-12  0.2077000    12.5247    12.5234    -0.0012     9.7897     9.7887    136.683    139.569      0.675    1451.64    1451.64  0.000e+00
      22865    138.500     6.7083     6.7093     0.0010    1.37488    1.37478          1     0.0721     0.0590      73.90     0.2898     0.2069  1.000e-12  0.2089000    12.5488    12.5473    -0.0014     9.8080     9.8068    137.178    140.074      0.639    1451.71    1451.71  0.000e+00
      22885    139.000     6.7159     6.7171     0.0012    1.37768    1.37762          1     0.0715     0.0635      78.75     0.3064     0.2116  1.000e-12  0.2030000    12.5735    12.5725    -0.0010     9.8268     9.8260    137.673    140.578      0.550    1451.78    1451.78  0.000e+00
      22909    139.500     6.7205     6.7215     0.0010    1.37940    1.37929          1     0.0705     0.0611      59.90     0.3159     0.2486  1.000e-12  0.1920000    12.5888    12.5873    -0.0015     9.8385     9.8372    138.168    141.082      0.490    1451.83    1451.83  0.000e+00
      22933    140.000     6.7253     6.7265     0.0012    1.38110    1.38105          1     0.0729     0.0582      85.50     0.3140     0.2314  1.000e-12  0.1915000    12.6037    12.6027    -0.0010     9.8499     9.8490    138.664    141.587      0.542    1451.87    1451.88  0.000e+00
      22953    140.500     6.7274     6.7285     0.0010    1.38182    1.38176          1     0.0721     0.0592      97.75     0.3129     0.2105  1.000e-12  0.1873000    12.6099    12.6089    -0.0010     9.8545     9.8537    139.159    142.091      0.620    1451.90    1451.90  0.000e+00
