ctdpy/exports/archive_20191121_122431/received_data/SBE09_1044_20181112_0813_34_01_0136.cnv
* Sea-Bird SBE 9 Data File:
* FileName = C:\ctd\temp\ar18d136.hex
* Software Version Seasave V 7.26.7.107
* Temperature SN = 5351
* Conductivity SN = 3941
* Number of Bytes Per Scan = 41
* Number of Voltage Words = 4
* Number of Scans Averaged by the Deck Unit = 1
* NMEA Latitude = 58 18.96 N
* NMEA Longitude = 010 56.50 E
* NMEA UTC (Time) = Nov 12 2018  08:13:30
* NMEA baud rate = 4800
** Station:  A14
** Operator:  A-KTh
** Ship: ARANDA
** Average sound velocity: 1490.64 m/s
** True-depth calculation Tue, 13 Nov 2018 15:01:41 +0000
** CTD Python Module SMHI /ver 3-12/ feb 2012 
** LIMS Job: 20183401-0136
** Cruise: SMHI-6-2018
** Latitude [GG MM.mm N]:
** Longitude [GG MM.mm E]
# nquan = 26
# nvalues = 215                         
# units = specified
# name 0 = scan: Scan Count
# name 1 = prDM: Pressure, Digiquartz [db]
# name 2 = t090C: Temperature [ITS-90, deg C]
# name 3 = t190C: Temperature, 2 [ITS-90, deg C]
# name 4 = T2-T190C: Temperature Difference, 2 - 1 [ITS-90, deg C]
# name 5 = c0S/m: Conductivity [S/m]
# name 6 = c1S/m: Conductivity, 2 [S/m]
# name 7 = pumps: Pump Status
# name 8 = sbeox0ML/L: Oxygen, SBE 43 [ml/l]
# name 9 = sbeox1ML/L: Oxygen, SBE 43, 2 [ml/l]
# name 10 = altM: Altimeter [m]
# name 11 = flECO-AFL: Chl-a Fluorescence, WET Labs ECO-AFL/FL [mg/m^3]
# name 12 = flECO-AFL1: Phycocyanin Fluorescence, WET Labs ECO-AFL/FL, 2 [mg/m^3]
# name 13 = par: PAR/Irradiance, Biospherical/Lico [µE/(cm^2*s)]
# name 14 = turbWETntu0: Turbidity, WET Labs ECO [NTU]
# name 15 = sal00: Salinity, Practical [PSU]
# name 16 = sal11: Salinity, Practical, 2 [PSU]
# name 17 = secS-priS: Salinity, Practical, Difference, 2 - 1 [PSU]
# name 18 = sigma-t00: Density [sigma-t, Kg/m^3 ]
# name 19 = sigma-t11: Density, 2 [sigma-t, Kg/m^3 ]
# name 20 = depSM: Depth [salt water, m], lat = 58.316
# name 21 = depFM: Depth [true depth, m], lat = 58.316
# name 22 = dz/dtM: Descent Rate [m/s], WS = 2
# name 23 = svCM: Sound Velocity [Chen-Millero, m/s]
# name 24 = svCM1: Sound Velocity, 2 [Chen-Millero, m/s]
# name 25 = flag: flag
# span 0 =      12858,      17841       
# span 1 =      1.000,    108.000       
# span 2 =     8.2833,    10.8376       
# span 3 =     8.2895,    10.8383       
# span 4 =    -0.0092,     0.0464       
# span 5 =   3.532586,   3.879330       
# span 6 =   3.532738,   3.879392       
# span 7 =          1,          1       
# span 8 =    4.97074,    6.03168       
# span 9 =    4.78100,    5.76892       
# span 10 =      -0.42,      98.80      
# span 11 =     0.0658,     0.8867      
# span 12 =     0.1209,     0.3412      
# span 13 = -2.322e-05, 1.8895e+02      
# span 14 =     0.3157,     1.4386      
# span 15 =    31.9594,    35.0490      
# span 16 =    31.9599,    35.0482      
# span 17 =    -0.0522,     0.0330      
# span 18 =    24.5364,    27.2694      
# span 19 =    24.5365,    27.2677      
# span 20 =      0.991,    106.968      
# span 21 =      0.994,    107.178      
# span 22 =     -0.017,      1.160      
# span 23 =    1485.38,    1493.47      
# span 24 =    1485.39,    1493.48      
# span 25 = 0.0000e+00, 0.0000e+00      
# interval = decibars: 0.5              
# start_time = Nov 12 2018 08:13:30 [NMEA time, first data scan]
# bad_flag = -9.990e-29
*END*
      12858      1.000    10.2558    10.2572     0.0014    3.53380    3.53366          1     5.9886     5.7308       0.01     0.8687     0.3412  1.889e+02  0.4065000    31.9708    31.9682    -0.0026    24.5450    24.5427      0.991      0.994      0.200    1487.08    1487.09  0.000e+00
      12876      1.500    10.2546    10.2558     0.0012    3.53259    3.53274          1     5.9912     5.7326       0.01     0.8800     0.3093  8.022e+01  0.4174000    31.9594    31.9599     0.0005    24.5364    24.5365      1.486      1.491      0.633    1487.08    1487.08  0.000e+00
      12894      2.000    10.2548    10.2558     0.0010    3.53288    3.53297          1     5.9821     5.7348       0.04     0.8829     0.2919  5.860e+01  0.4272000    31.9620    31.9620    -0.0001    24.5383    24.5381      1.981      1.988      0.545    1487.09    1487.09  0.000e+00
      12994      2.500    10.2569    10.2567    -0.0001    3.53387    3.53367          1     5.9630     5.7358      -0.00     0.8867     0.2684  5.220e+01  0.4176000    31.9699    31.9680    -0.0019    24.5441    24.5427      2.477      2.485      0.440    1487.11    1487.11  0.000e+00
      13062      3.000    10.2563    10.2571     0.0007    3.53442    3.53364          1     5.9698     5.7367      24.46     0.8867     0.2974  5.226e+01  0.4185000    31.9757    31.9673    -0.0084    24.5487    24.5420      2.972      2.982      0.432    1487.13    1487.12  0.000e+00
      13140      3.500    10.2588    10.2599     0.0011    3.55049    3.54873          1     5.9899     5.7179      79.70     0.8241     0.2579  4.863e+01  0.3945000    32.1348    32.1162    -0.0187    24.6724    24.6576      3.467      3.479      0.390    1487.34    1487.32  0.000e+00
      13168      4.000    10.2575    10.2589     0.0014    3.55582    3.55586          1     5.9686     5.7111      -0.42     0.7974     0.2638  4.282e+01  0.3783000    32.1894    32.1885    -0.0008    24.7151    24.7142      3.963      3.976      0.733    1487.40    1487.41  0.000e+00
      13182      4.500    10.2574    10.2585     0.0011    3.54341    3.54678          1     5.9667     5.7176       0.00     0.7458     0.2661  3.653e+01  0.4150000    32.0644    32.0974     0.0330    24.6177    24.6433      4.458      4.473      0.827    1487.26    1487.31  0.000e+00
      13196      5.000    10.2575    10.2588     0.0013    3.53627    3.53785          1     5.9815     5.7242       0.00     0.7560     0.2924  3.272e+01  0.4225000    31.9925    32.0072     0.0147    24.5616    24.5729      4.953      4.971      0.705    1487.18    1487.21  0.000e+00
      13225      5.500    10.2576    10.2587     0.0011    3.54409    3.54512          1     5.9842     5.7174      59.51     0.8373     0.2870  2.896e+01  0.4227000    32.0707    32.0801     0.0093    24.6226    24.6297      5.449      5.468      0.350    1487.29    1487.30  0.000e+00
      13278      6.000    10.2578    10.2585     0.0007    3.55259    3.55334          1     5.9611     5.7097      62.67     0.7607     0.2659  2.770e+01  0.3799000    32.1558    32.1627     0.0070    24.6889    24.6942      5.944      5.965      0.379    1487.40    1487.41  0.000e+00
      13302      6.500    10.2567    10.2577     0.0009    3.55541    3.55658          1     5.9604     5.7154      97.44     0.7446     0.2769  2.506e+01  0.3977000    32.1849    32.1958     0.0110    24.7117    24.7201      6.439      6.462      0.552    1487.44    1487.46  0.000e+00
      13322      7.000    10.2556    10.2570     0.0014    3.56361    3.56212          1     5.9690     5.7152      59.23     0.7384     0.2804  2.203e+01  0.4262000    32.2682    32.2520    -0.0162    24.7768    24.7640      6.935      6.959      0.617    1487.55    1487.53  0.000e+00
      13341      7.500    10.2523    10.2541     0.0018    3.56832    3.56775          1     5.9747     5.7122      75.74     0.7609     0.2583  1.997e+01  0.4213000    32.3182    32.3110    -0.0073    24.8165    24.8105      7.430      7.455      0.626    1487.60    1487.60  0.000e+00
      13360      8.000    10.2519    10.2529     0.0011    3.57329    3.57323          1     5.9749     5.7135      66.80     0.7876     0.1997  1.820e+01  0.4155000    32.3685    32.3669    -0.0016    24.8557    24.8543      7.926      7.952      0.604    1487.67    1487.67  0.000e+00
      13381      8.500    10.2529    10.2541     0.0012    3.57730    3.57741          1     5.9710     5.7087      96.16     0.7575     0.2336  1.668e+01  0.4066000    32.4077    32.4077     0.0000    24.8861    24.8859      8.421      8.449      0.581    1487.73    1487.73  0.000e+00
      13402      9.000    10.2592    10.2597     0.0005    3.58621    3.58525          1     5.9716     5.6994      97.47     0.7014     0.2571  1.490e+01  0.3999000    32.4916    32.4814    -0.0101    24.9504    24.9424      8.916      8.946      0.574    1487.86    1487.85  0.000e+00
      13423      9.500    10.2619    10.2631     0.0012    3.59135    3.59152          1     5.9679     5.6953      69.06     0.6637     0.2728  1.297e+01  0.4116000    32.5407    32.5413     0.0006    24.9883    24.9886      9.412      9.443      0.501    1487.94    1487.94  0.000e+00
      13453     10.000    10.2633    10.2641     0.0008    3.59893    3.59793          1     5.9445     5.6951      94.35     0.6483     0.2810  1.212e+01  0.3893000    32.6156    32.6049    -0.0108    25.0465    25.0379      9.907      9.940      0.349    1488.04    1488.03  0.000e+00
      13488     10.500    10.2658    10.2661     0.0003    3.62004    3.61489          1     5.9626     5.6911      69.29     0.6465     0.2268  1.213e+01  0.3775000    32.8259    32.7737    -0.0522    25.2100    25.1692     10.402     10.437      0.516    1488.31    1488.25  0.000e+00
      13505     11.000    10.2658    10.2672     0.0014    3.63121    3.62992          1     5.9816     5.6996      98.64     0.6430     0.2344  1.116e+01  0.3863000    32.9383    32.9240    -0.0144    25.2977    25.2862     10.897     10.933      0.829    1488.46    1488.45  0.000e+00
      13518     11.500    10.2647    10.2664     0.0017    3.63515    3.63398          1     5.9867     5.7085      97.46     0.6039     0.2373  1.008e+01  0.4283000    32.9789    32.9655    -0.0133    25.3295    25.3188     11.393     11.430      0.967    1488.51    1488.50  0.000e+00
      13529     12.000    10.2647    10.2660     0.0013    3.63575    3.63538          1     5.9886     5.7117      67.72     0.6044     0.2514  9.008e+00  0.4266000    32.9846    32.9798    -0.0048    25.3340    25.3300     11.888     11.927      0.948    1488.53    1488.53  0.000e+00
      13543     12.500    10.2645    10.2656     0.0011    3.63638    3.63671          1     5.9817     5.7138      69.57     0.6272     0.2603  8.060e+00  0.4378000    32.9910    32.9933     0.0023    25.3390    25.3405     12.383     12.423      0.752    1488.54    1488.55  0.000e+00
      13569     13.000    10.2643    10.2654     0.0011    3.63719    3.63725          1     5.9678     5.7135      87.40     0.6090     0.2676  7.310e+00  0.4072000    32.9991    32.9987    -0.0004    25.3453    25.3448     12.879     12.920      0.362    1488.56    1488.56  0.000e+00
      13615     13.500    10.2634    10.2645     0.0011    3.63762    3.63752          1     5.9823     5.7012      83.81     0.6185     0.2782  7.267e+00  0.3636000    33.0041    33.0021    -0.0020    25.3494    25.3476     13.374     13.417      0.445    1488.57    1488.57  0.000e+00
      13631     14.000    10.2618    10.2629     0.0010    3.63983    3.63931          1     5.9851     5.7017      97.88     0.6179     0.2744  6.917e+00  0.3755000    33.0276    33.0214    -0.0062    25.3679    25.3629     13.869     13.914      0.846    1488.60    1488.60  0.000e+00
      13643     14.500    10.2621    10.2600    -0.0021    3.64023    3.64143          1     5.9829     5.7051      69.16     0.6514     0.2477  6.402e+00  0.4196000    33.0311    33.0451     0.0140    25.3707    25.3819     14.365     14.410      0.993    1488.62    1488.63  0.000e+00
      13654     15.000    10.2558    10.2564     0.0006    3.64233    3.64271          1     5.9832     5.7101      47.68     0.6510     0.2433  5.861e+00  0.4202000    33.0579    33.0612     0.0033    25.3926    25.3951     14.860     14.907      1.003    1488.63    1488.64  0.000e+00
      13666     15.500    10.2483    10.2493     0.0010    3.64437    3.64447          1     5.9820     5.7143      95.46     0.6214     0.2165  5.336e+00  0.4216000    33.0851    33.0853     0.0002    25.4151    25.4151     15.355     15.403      0.883    1488.65    1488.65  0.000e+00
      13683     16.000    10.2399    10.2420     0.0021    3.64648    3.64627          1     5.9759     5.7225      97.44     0.6338     0.2446  4.833e+00  0.4181000    33.1139    33.1098    -0.0041    25.4390    25.4354     15.851     15.900      0.629    1488.66    1488.66  0.000e+00
      13711     16.500    10.2307    10.2310     0.0004    3.64863    3.64888          1     5.9820     5.7314      53.28     0.6695     0.2837  4.508e+00  0.3894000    33.1438    33.1460     0.0022    25.4639    25.4655     16.346     16.397      0.364    1488.67    1488.68  0.000e+00
      13746     17.000    10.2279    10.2289     0.0010    3.64934    3.64940          1     5.9982     5.7269      98.80     0.6728     0.2542  4.353e+00  0.3732000    33.1533    33.1530    -0.0003    25.4718    25.4714     16.841     16.893      0.451    1488.68    1488.69  0.000e+00
      13767     17.500    10.2261    10.2278     0.0017    3.64967    3.64966          1     5.9945     5.7238      36.55     0.6845     0.2593  4.074e+00  0.3824000    33.1580    33.1564    -0.0016    25.4757    25.4742     17.337     17.390      0.648    1488.69    1488.69  0.000e+00
      13784     18.000    10.2254    10.2270     0.0017    3.64972    3.64987          1     5.9957     5.7247      46.96     0.6869     0.2697  3.774e+00  0.3841000    33.1590    33.1589    -0.0001    25.4766    25.4763     17.832     17.887      0.737    1488.70    1488.70  0.000e+00
      13799     18.500    10.2277    10.2281     0.0004    3.64950    3.64961          1     5.9870     5.7290      97.25     0.6762     0.3094  3.525e+00  0.3828000    33.1544    33.1552     0.0008    25.4727    25.4732     18.327     18.383      0.766    1488.71    1488.71  0.000e+00
      13815     19.000    10.2271    10.2286     0.0014    3.64964    3.64961          1     5.9847     5.7322      67.56     0.6599     0.2843  3.310e+00  0.3956000    33.1562    33.1545    -0.0016    25.4741    25.4726     18.823     18.880      0.749    1488.72    1488.72  0.000e+00
      13831     19.500    10.2274    10.2283     0.0009    3.64955    3.64962          1     6.0019     5.7374      63.28     0.6395     0.2503  3.082e+00  0.4083000    33.1548    33.1546    -0.0001    25.4730    25.4727     19.318     19.376      0.684    1488.72    1488.73  0.000e+00
      13851     20.000    10.2264    10.2278     0.0015    3.64961    3.64970          1     6.0141     5.7430      96.61     0.6983     0.2373  2.862e+00  0.3906000    33.1561    33.1557    -0.0004    25.4742    25.4736     19.813     19.873      0.572    1488.73    1488.73  0.000e+00
      13874     20.500    10.2227    10.2252     0.0025    3.64982    3.64984          1     5.9966     5.7450      89.58     0.6909     0.2679  2.691e+00  0.3882000    33.1613    33.1593    -0.0020    25.4788    25.4769     20.308     20.370      0.488    1488.73    1488.74  0.000e+00
      13899     21.000    10.2179    10.2219     0.0040    3.65007    3.65006          1     5.9844     5.7453      89.35     0.6785     0.2502  2.545e+00  0.3857000    33.1681    33.1643    -0.0037    25.4850    25.4814     20.804     20.866      0.508    1488.73    1488.74  0.000e+00
      13922     21.500    10.2099    10.2089    -0.0009    3.65035    3.65057          1     5.9968     5.7490      83.83     0.6843     0.2598  2.375e+00  0.3720000    33.1780    33.1812     0.0032    25.4941    25.4967     21.299     21.363      0.557    1488.72    1488.72  0.000e+00
      13942     22.000    10.2106    10.2145     0.0039    3.65011    3.65018          1     6.0057     5.7453      26.19     0.6988     0.2776  2.202e+00  0.3788000    33.1747    33.1718    -0.0029    25.4914    25.4885     21.794     21.860      0.615    1488.73    1488.74  0.000e+00
      13961     22.500    10.2022    10.2076     0.0053    3.65021    3.65029          1     6.0114     5.7453      59.83     0.7133     0.2657  2.067e+00  0.3955000    33.1831    33.1791    -0.0041    25.4994    25.4953     22.290     22.356      0.640    1488.72    1488.73  0.000e+00
      13980     23.000    10.1962    10.1981     0.0019    3.65026    3.65034          1     6.0130     5.7542      87.97     0.7240     0.2778  1.950e+00  0.3942000    33.1889    33.1880    -0.0008    25.5049    25.5039     22.785     22.853      0.600    1488.71    1488.72  0.000e+00
      14001     23.500    10.1969    10.1981     0.0013    3.65004    3.65012          1     6.0192     5.7584      49.70     0.7248     0.2976  1.806e+00  0.3895000    33.1859    33.1855    -0.0004    25.5024    25.5019     23.280     23.349      0.524    1488.72    1488.72  0.000e+00
      14026     24.000    10.1915    10.1918     0.0003    3.65020    3.65026          1     6.0104     5.7557      86.00     0.7155     0.2710  1.673e+00  0.3856000    33.1921    33.1926     0.0005    25.5082    25.5085     23.776     23.846      0.467    1488.71    1488.72  0.000e+00
      14052     24.500    10.1928    10.1891    -0.0037    3.65014    3.65027          1     6.0018     5.7587      86.02     0.7500     0.2650  1.589e+00  0.3790000    33.1902    33.1949     0.0047    25.5065    25.5108     24.271     24.343      0.501    1488.73    1488.72  0.000e+00
      14074     25.000    10.1926    10.1939     0.0013    3.65018    3.65024          1     6.0206     5.7557      87.35     0.7374     0.2717  1.510e+00  0.3781000    33.1905    33.1899    -0.0006    25.5068    25.5061     24.766     24.839      0.617    1488.73    1488.74  0.000e+00
      14092     25.500    10.1906    10.1916     0.0010    3.65024    3.65035          1     6.0317     5.7497      49.10     0.7272     0.2129  1.413e+00  0.3815000    33.1928    33.1930     0.0002    25.5088    25.5088     25.262     25.336      0.736    1488.74    1488.74  0.000e+00
      14107     26.000    10.1831    10.1846     0.0015    3.65033    3.65037          1     6.0202     5.7527      59.54     0.7367     0.2712  1.305e+00  0.3908000    33.2003    33.1994    -0.0009    25.5160    25.5150     25.757     25.832      0.806    1488.73    1488.73  0.000e+00
      14121     26.500    10.1714    10.1745     0.0030    3.65054    3.65049          1     5.9913     5.7603      97.87     0.7258     0.2979  1.203e+00  0.3880000    33.2130    33.2097    -0.0033    25.5279    25.5248     26.252     26.329      0.785    1488.71    1488.72  0.000e+00
      14138     27.000    10.1662    10.1688     0.0026    3.65125    3.65117          1     5.9821     5.7627      72.17     0.7137     0.2968  1.115e+00  0.3891000    33.2247    33.2215    -0.0032    25.5379    25.5349     26.747     26.826      0.632    1488.71    1488.72  0.000e+00
      14167     27.500    10.1644    10.1660     0.0015    3.65190    3.65237          1     6.0052     5.7689      84.24     0.7624     0.2371  1.046e+00  0.3718000    33.2327    33.2361     0.0034    25.5444    25.5468     27.243     27.322      0.319    1488.72    1488.73  0.000e+00
      14214     28.000    10.1649    10.1676     0.0027    3.65329    3.65341          1     6.0222     5.7565      66.94     0.7871     0.2478  1.012e+00  0.3157000    33.2461    33.2448    -0.0013    25.5548    25.5534     27.738     27.819      0.420    1488.75    1488.76  0.000e+00
