ctdpy/exports/archive_20191121_122431/received_data/SBE09_1044_20180201_1313_34_02_0042.cnv
* Sea-Bird SBE 9 Data File:
* FileName = C:\ctd\temp\2018\ME18D042.hex
* Software Version Seasave V 7.26.6.26
* Temperature SN = 5351
* Conductivity SN = 3941
* Number of Bytes Per Scan = 41
* Number of Voltage Words = 4
* Number of Scans Averaged by the Deck Unit = 1
* NMEA Latitude = 56 06.99 N
* NMEA Longitude = 016 32.19 E
* NMEA UTC (Time) = Feb 01 2018  13:13:09
* NMEA baud rate = 4800
** Station:  BY39
** Operator:  JKro
** Ship: MERI
** Average sound velocity: 1433.03 m/s
** True-depth calculation Thu, 01 Feb 2018 14:05:31 +0000
** CTD Python Module SMHI /ver 3-12/ feb 2012 
** LIMS Job: 20183402-0042
** Cruise: SMHI-01-2018
** Latitude [GG MM.mm N] :
** Longitude [GG MM.mm E]:
# nquan = 26
# nvalues = 96                          
# units = specified
# name 0 = scan: Scan Count
# name 1 = prDM: Pressure, Digiquartz [db]
# name 2 = t090C: Temperature [ITS-90, deg C]
# name 3 = t190C: Temperature, 2 [ITS-90, deg C]
# name 4 = T2-T190C: Temperature Difference, 2 - 1 [ITS-90, deg C]
# name 5 = c0S/m: Conductivity [S/m]
# name 6 = c1S/m: Conductivity, 2 [S/m]
# name 7 = pumps: Pump Status
# name 8 = sbeox0ML/L: Oxygen, SBE 43 [ml/l]
# name 9 = sbeox1ML/L: Oxygen, SBE 43, 2 [ml/l]
# name 10 = altM: Altimeter [m]
# name 11 = flECO-AFL: Chl-a Fluorescence, WET Labs ECO-AFL/FL [mg/m^3]
# name 12 = flECO-AFL1: Phycocyanin Fluorescence, WET Labs ECO-AFL/FL, 2 [mg/m^3]
# name 13 = par: PAR/Irradiance, Biospherical/Lico [µE/(cm^2*s)]
# name 14 = turbWETntu0: Turbidity, WET Labs ECO [NTU]
# name 15 = sal00: Salinity, Practical [PSU]
# name 16 = sal11: Salinity, Practical, 2 [PSU]
# name 17 = secS-priS: Salinity, Practical, Difference, 2 - 1 [PSU]
# name 18 = sigma-t00: Density [sigma-t, Kg/m^3 ]
# name 19 = sigma-t11: Density, 2 [sigma-t, Kg/m^3 ]
# name 20 = depSM: Depth [salt water, m], lat = 56.1165
# name 21 = depFM: Depth [true depth, m], lat = 56.1165
# name 22 = dz/dtM: Descent Rate [m/s], WS = 2
# name 23 = svCM: Sound Velocity [Chen-Millero, m/s]
# name 24 = svCM1: Sound Velocity, 2 [Chen-Millero, m/s]
# name 25 = flag: flag
# span 0 =      13732,      17732       
# span 1 =      1.000,     48.500       
# span 2 =     4.1182,     5.0429       
# span 3 =     4.1198,     5.0423       
# span 4 =    -0.0209,     0.0239       
# span 5 =   0.765728,   0.906193       
# span 6 =   0.765665,   0.906060       
# span 7 =          1,          1       
# span 8 =    3.34331,    8.14028       
# span 9 =    3.44475,    8.07910       
# span 10 =       2.11,      51.63      
# span 11 =     0.2898,     0.4307      
# span 12 =     0.2273,     0.3851      
# span 13 = -3.636e-06, 3.3536e+02      
# span 14 =     0.1171,     0.2522      
# span 15 =     7.2125,     8.4169      
# span 16 =     7.2121,     8.4156      
# span 17 =    -0.0326,     0.0224      
# span 18 =     5.7290,     6.6535      
# span 19 =     5.7286,     6.6526      
# span 20 =      0.991,     48.053      
# span 21 =      1.013,     49.110      
# span 22 =     -0.269,      0.790      
# span 23 =    1431.88,    1437.94      
# span 24 =    1431.87,    1437.94      
# span 25 = 0.0000e+00, 0.0000e+00      
# interval = decibars: 0.5              
# start_time = Feb 01 2018 13:13:09 [NMEA time, first data scan]
# bad_flag = -9.990e-29
*END*
      13732      1.000     4.1903     4.1885    -0.0019    0.76582    0.76567          1     8.1212     8.0526      51.63     0.3584     0.2631  3.354e+02  0.1389000     7.2133     7.2121    -0.0012     5.7295     5.7286      0.991      1.013      0.099    1431.88    1431.87  0.000e+00
      13767      1.500     4.1926     4.1873    -0.0052    0.76592    0.76576          1     8.1138     8.0602      51.57     0.3988     0.3251  1.197e+02  0.1368000     7.2138     7.2133    -0.0005     5.7299     5.7296      1.486      1.519      0.375    1431.90    1431.88  0.000e+00
      13794      2.000     4.1868     4.1875     0.0006    0.76574    0.76569          1     8.1095     8.0610      51.36     0.3902     0.2875  1.054e+02  0.1365000     7.2132     7.2125    -0.0007     5.7295     5.7290      1.982      2.025      0.398    1431.88    1431.88  0.000e+00
      13871      2.500     4.1891     4.1878    -0.0013    0.76582    0.76572          1     8.1087     8.0501      50.30     0.4024     0.2882  9.094e+01  0.1327000     7.2134     7.2126    -0.0008     5.7296     5.7290      2.477      2.532      0.530    1431.90    1431.89  0.000e+00
      13901      3.000     4.1879     4.1876    -0.0002    0.76579    0.76570          1     8.1206     8.0566      50.05     0.3974     0.2934  7.419e+01  0.1308000     7.2133     7.2125    -0.0008     5.7296     5.7289      2.973      3.038      0.786    1431.90    1431.90  0.000e+00
      13916      3.500     4.1854     4.1878     0.0025    0.76578    0.76568          1     8.1403     8.0571      50.00     0.3826     0.3308  6.268e+01  0.1310000     7.2137     7.2122    -0.0016     5.7300     5.7287      3.468      3.545      0.511    1431.90    1431.91  0.000e+00
      14029      4.000     4.1919     4.1917    -0.0002    0.76591    0.76585          1     8.1240     8.0669      48.52     0.3777     0.3134  6.029e+01  0.1212000     7.2135     7.2129    -0.0006     5.7296     5.7292      3.964      4.051      0.347    1431.93    1431.93  0.000e+00
      14053      4.500     4.1877     4.1885     0.0009    0.76573    0.76570          1     8.1275     8.0621      48.48     0.3831     0.2732  4.926e+01  0.1239000     7.2125     7.2121    -0.0005     5.7290     5.7286      4.459      4.557      0.368    1431.92    1431.93  0.000e+00
      14128      5.000     4.1849     4.1868     0.0019    0.76582    0.76574          1     8.1271     8.0536      47.92     0.3913     0.3223  4.930e+01  0.1279000     7.2140     7.2128    -0.0012     5.7302     5.7292      4.954      5.064      0.266    1431.92    1431.93  0.000e+00
      14170      5.500     4.1859     4.1866     0.0007    0.76579    0.76576          1     8.1221     8.0528      47.29     0.3973     0.2987  4.151e+01  0.1409000     7.2134     7.2130    -0.0005     5.7297     5.7293      5.450      5.570      0.284    1431.93    1431.94  0.000e+00
      14222      6.000     4.1818     4.1848     0.0029    0.76596    0.76585          1     8.1191     8.0666      46.81     0.3925     0.3346  3.699e+01  0.1378000     7.2159     7.2142    -0.0018     5.7318     5.7304      5.945      6.076      0.226    1431.93    1431.94  0.000e+00
      14268      6.500     4.1815     4.1822     0.0007    0.76597    0.76594          1     8.1213     8.0602      46.54     0.3929     0.3070  3.265e+01  0.1703000     7.2161     7.2156    -0.0005     5.7320     5.7316      6.441      6.583      0.241    1431.93    1431.93  0.000e+00
      14328      7.000     4.1786     4.1798     0.0012    0.76610    0.76606          1     8.1145     8.0483      45.74     0.3826     0.3080  3.057e+01  0.1469000     7.2180     7.2172    -0.0008     5.7336     5.7329      6.936      7.089      0.262    1431.93    1431.93  0.000e+00
      14363      7.500     4.1777     4.1783     0.0007    0.76618    0.76616          1     8.1244     8.0561      45.00     0.4023     0.2991  2.605e+01  0.1581000     7.2189     7.2186    -0.0003     5.7343     5.7341      7.432      7.596      0.308    1431.93    1431.94  0.000e+00
      14421      8.000     4.1775     4.1782     0.0007    0.76620    0.76616          1     8.1150     8.0601      44.80     0.4002     0.2946  2.371e+01  0.1504000     7.2191     7.2186    -0.0005     5.7344     5.7340      7.927      8.102      0.248    1431.94    1431.94  0.000e+00
      14461      8.500     4.1772     4.1783     0.0011    0.76625    0.76618          1     8.1194     8.0551      44.24     0.3844     0.2945  2.233e+01  0.1467000     7.2196     7.2187    -0.0009     5.7348     5.7341      8.422      8.608      0.361    1431.95    1431.95  0.000e+00
      14497      9.000     4.1784     4.1787     0.0003    0.76615    0.76616          1     8.1282     8.0592      43.67     0.3918     0.3653  1.909e+01  0.1389000     7.2182     7.2183     0.0001     5.7337     5.7338      8.918      9.115      0.242    1431.96    1431.96  0.000e+00
      14565      9.500     4.1797     4.1805     0.0008    0.76609    0.76607          1     8.1357     8.0756      43.27     0.3986     0.3078  1.759e+01  0.1407000     7.2173     7.2169    -0.0004     5.7330     5.7326      9.413      9.621      0.292    1431.97    1431.98  0.000e+00
      14598     10.000     4.1795     4.1804     0.0009    0.76611    0.76608          1     8.1212     8.0618      42.76     0.3761     0.3021  1.621e+01  0.1323000     7.2174     7.2170    -0.0004     5.7331     5.7327      9.909     10.127      0.338    1431.98    1431.98  0.000e+00
      14649     10.500     4.1792     4.1801     0.0009    0.76612    0.76610          1     8.1218     8.0632      42.16     0.3899     0.2885  1.462e+01  0.1276000     7.2176     7.2171    -0.0005     5.7332     5.7328     10.404     10.634      0.214    1431.99    1431.99  0.000e+00
      14705     11.000     4.1793     4.1803     0.0010    0.76613    0.76609          1     8.1149     8.0690      41.57     0.3832     0.3175  1.355e+01  0.1171000     7.2176     7.2170    -0.0006     5.7332     5.7327     10.900     11.140      0.332    1431.99    1432.00  0.000e+00
      14736     11.500     4.1803     4.1811     0.0008    0.76610    0.76608          1     8.1195     8.0751      41.00     0.3849     0.3180  1.228e+01  0.1475000     7.2170     7.2166    -0.0004     5.7327     5.7324     11.395     11.646      0.392    1432.01    1432.01  0.000e+00
      14773     12.000     4.1800     4.1809     0.0009    0.76612    0.76609          1     8.1223     8.0672      40.36     0.3932     0.3066  1.116e+01  0.1447000     7.2172     7.2167    -0.0005     5.7329     5.7325     11.890     12.153      0.260    1432.01    1432.02  0.000e+00
      14824     12.500     4.1802     4.1809     0.0007    0.76613    0.76610          1     8.1271     8.0567      39.90     0.3978     0.3781  1.050e+01  0.1282000     7.2172     7.2168    -0.0004     5.7329     5.7325     12.386     12.659      0.320    1432.02    1432.02  0.000e+00
      14852     13.000     4.1808     4.1815     0.0007    0.76614    0.76612          1     8.1204     8.0682      39.70     0.3713     0.3483  9.427e+00  0.1346000     7.2171     7.2168    -0.0003     5.7328     5.7325     12.881     13.166      0.494    1432.03    1432.03  0.000e+00
      14876     13.500     4.1816     4.1826     0.0009    0.76614    0.76610          1     8.1215     8.0646      39.24     0.3824     0.3381  8.503e+00  0.1474000     7.2168     7.2163    -0.0005     5.7325     5.7321     13.377     13.672      0.435    1432.05    1432.05  0.000e+00
      14915     14.000     4.1823     4.1833     0.0010    0.76612    0.76609          1     8.1242     8.0693      38.37     0.3883     0.3174  7.872e+00  0.1502000     7.2165     7.2160    -0.0005     5.7322     5.7318     13.872     14.178      0.249    1432.06    1432.06  0.000e+00
      14962     14.500     4.1829     4.1837     0.0008    0.76612    0.76610          1     8.1238     8.0614      37.78     0.3990     0.2859  7.198e+00  0.1342000     7.2162     7.2158    -0.0004     5.7320     5.7317     14.367     14.685      0.334    1432.06    1432.07  0.000e+00
      14992     15.000     4.1829     4.1838     0.0009    0.76612    0.76609          1     8.1249     8.0495      37.31     0.3877     0.2995  6.646e+00  0.1433000     7.2162     7.2157    -0.0005     5.7320     5.7316     14.863     15.191      0.438    1432.07    1432.08  0.000e+00
      15018     15.500     4.1826     4.1835     0.0008    0.76613    0.76609          1     8.1199     8.0502      37.02     0.3927     0.3601  6.150e+00  0.1413000     7.2162     7.2157    -0.0005     5.7320     5.7316     15.358     15.697      0.440    1432.08    1432.08  0.000e+00
      15053     16.000     4.1825     4.1833     0.0009    0.76613    0.76610          1     8.1226     8.0633      36.44     0.3797     0.3438  5.723e+00  0.1610000     7.2162     7.2157    -0.0005     5.7320     5.7316     15.854     16.204      0.277    1432.09    1432.09  0.000e+00
      15103     16.500     4.1825     4.1832     0.0007    0.76613    0.76611          1     8.1239     8.0538      35.70     0.3948     0.3317  5.333e+00  0.1359000     7.2162     7.2158    -0.0004     5.7320     5.7317     16.349     16.710      0.302    1432.09    1432.10  0.000e+00
      15133     17.000     4.1825     4.1832     0.0008    0.76614    0.76612          1     8.1233     8.0638      35.35     0.4078     0.3130  4.784e+00  0.1698000     7.2162     7.2158    -0.0004     5.7320     5.7317     16.844     17.216      0.442    1432.10    1432.11  0.000e+00
      15159     17.500     4.1826     4.1834     0.0008    0.76614    0.76611          1     8.1141     8.0579      34.97     0.3989     0.3316  4.552e+00  0.1526000     7.2161     7.2157    -0.0005     5.7320     5.7316     17.340     17.723      0.439    1432.11    1432.11  0.000e+00
      15192     18.000     4.1829     4.1837     0.0009    0.76614    0.76611          1     8.1144     8.0585      34.36     0.4045     0.3439  4.176e+00  0.1451000     7.2160     7.2155    -0.0004     5.7318     5.7314     17.835     18.229      0.309    1432.12    1432.12  0.000e+00
      15238     18.500     4.1828     4.1838     0.0010    0.76614    0.76611          1     8.1193     8.0519      33.72     0.3885     0.3293  3.773e+00  0.1474000     7.2160     7.2155    -0.0005     5.7318     5.7314     18.331     18.736      0.272    1432.13    1432.13  0.000e+00
      15275     19.000     4.1836     4.1843     0.0008    0.76615    0.76613          1     8.1235     8.0768      33.42     0.3767     0.3332  3.497e+00  0.1395000     7.2158     7.2154    -0.0003     5.7316     5.7314     18.826     19.242      0.380    1432.14    1432.14  0.000e+00
      15304     19.500     4.1816     4.1822     0.0006    0.76620    0.76619          1     8.1239     8.0791      32.81     0.3653     0.3232  3.255e+00  0.1312000     7.2167     7.2165    -0.0002     5.7324     5.7322     19.321     19.748      0.419    1432.14    1432.14  0.000e+00
      15334     20.000     4.1802     4.1819     0.0017    0.76626    0.76620          1     8.1163     8.0719      32.12     0.3789     0.3201  3.058e+00  0.1379000     7.2176     7.2166    -0.0010     5.7332     5.7323     19.817     20.255      0.366    1432.14    1432.15  0.000e+00
      15369     20.500     4.1812     4.1834     0.0021    0.76623    0.76616          1     8.1181     8.0723      31.48     0.3924     0.3089  2.823e+00  0.1443000     7.2170     7.2158    -0.0012     5.7327     5.7317     20.312     20.761      0.342    1432.15    1432.16  0.000e+00
      15406     21.000     4.1822     4.1831     0.0009    0.76621    0.76618          1     8.1106     8.0701      30.98     0.3797     0.3084  2.501e+00  0.1486000     7.2165     7.2160    -0.0006     5.7323     5.7318     20.808     21.267      0.280    1432.17    1432.17  0.000e+00
      15456     21.500     4.1796     4.1807     0.0010    0.76629    0.76626          1     8.1092     8.0727      30.51     0.3915     0.3088  2.296e+00  0.1448000     7.2178     7.2172    -0.0006     5.7334     5.7329     21.303     21.774      0.282    1432.16    1432.17  0.000e+00
      15486     22.000     4.1803     4.1815     0.0012    0.76629    0.76625          1     8.1191     8.0674      30.06     0.3703     0.2953  2.232e+00  0.1426000     7.2176     7.2169    -0.0007     5.7332     5.7326     21.798     22.280      0.527    1432.17    1432.18  0.000e+00
      15506     22.500     4.1816     4.1818     0.0002    0.76626    0.76624          1     8.1199     8.0619      29.62     0.3728     0.3151  2.076e+00  0.1386000     7.2169     7.2166    -0.0002     5.7326     5.7324     22.294     22.786      0.597    1432.19    1432.19  0.000e+00
      15527     23.000     4.1822     4.1830     0.0007    0.76625    0.76622          1     8.1127     8.0685      29.03     0.4078     0.3169  1.829e+00  0.1434000     7.2166     7.2161    -0.0005     5.7323     5.7319     22.789     23.293      0.464    1432.20    1432.20  0.000e+00
      15603     23.500     4.1821     4.1830     0.0009    0.76626    0.76623          1     8.1115     8.0691      28.35     0.3989     0.3607  1.621e+00  0.1313000     7.2167     7.2161    -0.0006     5.7324     5.7319     23.285     23.799      0.332    1432.20    1432.21  0.000e+00
      15636     24.000     4.1822     4.1831     0.0009    0.76626    0.76622          1     8.1234     8.0712      28.15     0.3921     0.3554  1.545e+00  0.1234000     7.2166     7.2159    -0.0006     5.7323     5.7318     23.780     24.306      0.702    1432.21    1432.22  0.000e+00
      15651     24.500     4.1829     4.1835     0.0006    0.76624    0.76622          1     8.1330     8.0650      27.73     0.3866     0.3386  1.473e+00  0.1264000     7.2162     7.2158    -0.0004     5.7320     5.7317     24.275     24.812      0.790    1432.22    1432.22  0.000e+00
      15666     25.000     4.1826     4.1835     0.0008    0.76626    0.76622          1     8.1321     8.0537      27.19     0.3860     0.3008  1.357e+00  0.1363000     7.2163     7.2158    -0.0006     5.7321     5.7316     24.771     25.318      0.687    1432.23    1432.23  0.000e+00
      15716     25.500     4.1826     4.1838     0.0012    0.76626    0.76623          1     8.1202     8.0659      26.37     0.3768     0.3150  1.206e+00  0.1392000     7.2163     7.2157    -0.0006     5.7321     5.7316     25.266     25.825      0.365    1432.24    1432.24  0.000e+00
      15782     26.000     4.1820     4.1833     0.0014    0.76630    0.76625          1     8.1090     8.0647      25.83     0.3855     0.3237  1.107e+00  0.1317000     7.2167     7.2159    -0.0008     5.7325     5.7318     25.762     26.331      0.557    1432.24    1432.25  0.000e+00
      15800     26.500     4.1826     4.1833     0.0007    0.76629    0.76627          1     8.1135     8.0638      25.47     0.3839     0.3106  1.042e+00  0.1736000     7.2165     7.2160    -0.0004     5.7322     5.7319     26.257     26.837      0.687    1432.25    1432.26  0.000e+00
      15816     27.000     4.1825     4.1831     0.0006    0.76630    0.76627          1     8.1180     8.0716      24.99     0.3844     0.3331  9.803e-01  0.1547000     7.2165     7.2161    -0.0005     5.7323     5.7319     26.752     27.344      0.659    1432.26    1432.26  0.000e+00
      15838     27.500     4.1826     4.1832     0.0005    0.76629    0.76626          1     8.1191     8.0757      24.43     0.3807     0.3366  8.746e-01  0.1378000     7.2163     7.2159    -0.0004     5.7321     5.7318     27.248     27.850      0.433    1432.27    1432.27  0.000e+00
      15923     28.000     4.1823     4.1830     0.0006    0.76630    0.76627          1     8.1218     8.0714      23.59     0.3918     0.3239  7.779e-01  0.1434000     7.2164     7.2160    -0.0005     5.7322     5.7318     27.743     28.357      0.343    1432.28    1432.28  0.000e+00
