ctdpy/exports/archive_20191121_122431/received_data/SBE09_1044_20180528_2041_34_07_0040.cnv
* Sea-Bird SBE 9 Data File:
* FileName = C:\ctd\temp\2018\AU18D040.hex
* Software Version Seasave V 7.26.6.26
* Temperature SN = 5351
* Conductivity SN = 3941
* Number of Bytes Per Scan = 41
* Number of Voltage Words = 4
* Number of Scans Averaged by the Deck Unit = 1
* NMEA Latitude = 55 22.99 N
* NMEA Longitude = 015 20.05 E
* NMEA UTC (Time) = May 28 2018  20:41:39
* NMEA baud rate = 4800
** Station:  BY4
** Operator:  JKro
** Ship: AURA
** Average sound velocity: 1443.49 m/s
** True-depth calculation Mon, 28 May 2018 21:35:14 +0000
** CTD Python Module SMHI /ver 3-12/ feb 2012 
** LIMS Job: 20183407-0040
** Cruise: SMHI-02-2018
** Latitude [GG MM.mm N] :
** Longitude [GG MM.mm E]:
# nquan = 26
# nvalues = 174                         
# units = specified
# name 0 = scan: Scan Count
# name 1 = prDM: Pressure, Digiquartz [db]
# name 2 = t090C: Temperature [ITS-90, deg C]
# name 3 = t190C: Temperature, 2 [ITS-90, deg C]
# name 4 = T2-T190C: Temperature Difference, 2 - 1 [ITS-90, deg C]
# name 5 = c0S/m: Conductivity [S/m]
# name 6 = c1S/m: Conductivity, 2 [S/m]
# name 7 = pumps: Pump Status
# name 8 = sbeox0ML/L: Oxygen, SBE 43 [ml/l]
# name 9 = sbeox1ML/L: Oxygen, SBE 43, 2 [ml/l]
# name 10 = altM: Altimeter [m]
# name 11 = flECO-AFL: Chl-a Fluorescence, WET Labs ECO-AFL/FL [mg/m^3]
# name 12 = flECO-AFL1: Phycocyanin Fluorescence, WET Labs ECO-AFL/FL, 2 [mg/m^3]
# name 13 = par: PAR/Irradiance, Biospherical/Lico [µE/(cm^2*s)]
# name 14 = turbWETntu0: Turbidity, WET Labs ECO [NTU]
# name 15 = sal00: Salinity, Practical [PSU]
# name 16 = sal11: Salinity, Practical, 2 [PSU]
# name 17 = secS-priS: Salinity, Practical, Difference, 2 - 1 [PSU]
# name 18 = sigma-t00: Density [sigma-t, Kg/m^3 ]
# name 19 = sigma-t11: Density, 2 [sigma-t, Kg/m^3 ]
# name 20 = depSM: Depth [salt water, m], lat = 55.3832
# name 21 = depFM: Depth [true depth, m], lat = 55.3832
# name 22 = dz/dtM: Descent Rate [m/s], WS = 2
# name 23 = svCM: Sound Velocity [Chen-Millero, m/s]
# name 24 = svCM1: Sound Velocity, 2 [Chen-Millero, m/s]
# name 25 = flag: flag
# span 0 =      15787,      20778       
# span 1 =      1.000,     87.500       
# span 2 =     2.7438,    13.4384       
# span 3 =     2.7452,    13.4401       
# span 4 =    -0.0693,     0.5184       
# span 5 =   0.788996,   1.815397       
# span 6 =   0.788996,   1.815404       
# span 7 =          1,          1       
# span 8 =    0.04536,    9.62599       
# span 9 =   -0.06228,    9.70045       
# span 10 =       1.21,      97.38      
# span 11 =     0.2330,     2.4178      
# span 12 =     0.1591,     0.4182      
# span 13 = -1.240e-04, 1.3380e+00      
# span 14 =     0.1144,     0.6482      
# span 15 =     7.4478,    16.8622      
# span 16 =     7.4444,    16.8617      
# span 17 =    -0.0107,     0.0229      
# span 18 =     5.1626,    13.1717      
# span 19 =     5.1623,    13.1712      
# span 20 =      0.991,     86.690      
# span 21 =      1.013,     88.428      
# span 22 =     -0.277,      0.494      
# span 23 =    1427.44,    1469.42      
# span 24 =    1427.44,    1469.45      
# span 25 = 0.0000e+00, 0.0000e+00      
# interval = decibars: 0.5              
# start_time = May 28 2018 20:41:40 [NMEA time, first data scan]
# bad_flag = -9.990e-29
*END*
      15787      1.000    13.4121    13.3830    -0.0291    1.01866    1.01790          1     7.6937     7.6256       2.28     1.6819     0.3413  1.338e+00  0.4124000     7.5614     7.5611    -0.0003     5.1662     5.1703      0.991      1.013      0.296    1469.32    1469.22  0.000e+00
      15827      1.500    13.4384    13.3924    -0.0459    1.01936    1.01813          1     7.6814     7.6212       2.38     1.6769     0.3362  5.115e-01  0.4738000     7.5618     7.5610    -0.0008     5.1626     5.1688      1.486      1.520      0.243    1469.42    1469.26  0.000e+00
      15874      2.000    13.4202    13.4335     0.0133    1.01879    1.01923          1     7.6889     7.6241       2.83     1.6701     0.3608  8.951e-02  0.4722000     7.5607     7.5617     0.0010     5.1645     5.1632      1.982      2.027      0.373    1469.36    1469.41  0.000e+00
      15900      2.500    13.3968    13.4401     0.0431    1.01821    1.01942          1     7.7084     7.6294       1.91     1.6475     0.3604  1.341e-02  0.5252000     7.5606     7.5618     0.0012     5.1679     5.1623      2.477      2.533      0.423    1469.29    1469.45  0.000e+00
      15930      3.000    13.4196    13.4185    -0.0010    1.01881    1.01878          1     7.6892     7.6276       3.36     1.6510     0.3403 -1.240e-04  0.5660000     7.5609     7.5609     0.0000     5.1647     5.1649      2.973      3.040      0.418    1469.38    1469.38  0.000e+00
      15958      3.500    13.4146    13.4077    -0.0069    1.01867    1.01850          1     7.6916     7.6160      72.87     1.6535     0.3227  1.000e-12  0.6033000     7.5607     7.5608     0.0000     5.1653     5.1664      3.468      3.547      0.425    1469.37    1469.34  0.000e+00
      15987      4.000    13.3826    13.3733    -0.0093    1.01785    1.01756          1     7.6908     7.6403      92.15     1.6394     0.3237  1.000e-12  0.6301000     7.5604     7.5599    -0.0004     5.1698     5.1709      3.964      4.053      0.391    1469.26    1469.23  0.000e+00
      16019      4.500    13.3656    13.3578    -0.0078    1.01740    1.01718          1     7.7144     7.6615      92.52     1.6338     0.3612  1.000e-12  0.6018000     7.5601     7.5599    -0.0002     5.1721     5.1731      4.459      4.560      0.404    1469.21    1469.18  0.000e+00
      16046      5.000    13.3650    13.3705     0.0054    1.01739    1.01753          1     7.7270     7.6361      97.30     1.6207     0.3231  1.000e-12  0.5948000     7.5601     7.5601     0.0000     5.1722     5.1714      4.955      5.067      0.473    1469.22    1469.24  0.000e+00
      16070      5.500    13.3568    13.3525    -0.0041    1.01718    1.01703          1     7.7419     7.6337      90.82     1.6555     0.3231  1.000e-12  0.5743000     7.5600     7.5596    -0.0003     5.1733     5.1737      5.450      5.573      0.494    1469.20    1469.18  0.000e+00
      16094      6.000    13.3580    13.3570    -0.0012    1.01723    1.01719          1     7.7336     7.6382      97.23     1.6676     0.3231  1.000e-12  0.5854000     7.5601     7.5600    -0.0001     5.1732     5.1733      5.946      6.080      0.470    1469.21    1469.20  0.000e+00
      16122      6.500    13.3249    13.3408     0.0160    1.01633    1.01673          1     7.7235     7.6409      97.36     1.6856     0.3288  1.000e-12  0.5791000     7.5593     7.5594     0.0001     5.1775     5.1753      6.441      6.586      0.409    1469.10    1469.15  0.000e+00
      16152      7.000    13.2452    13.2511     0.0062    1.01422    1.01433          1     7.7471     7.6997      97.37     1.6990     0.4124  1.000e-12  0.6093000     7.5581     7.5578    -0.0003     5.1884     5.1872      6.937      7.093      0.430    1468.82    1468.84  0.000e+00
      16178      7.500    13.2438    13.2429    -0.0011    1.01423    1.01425          1     7.7541     7.7044      96.06     1.6761     0.4128  1.000e-12  0.6463000     7.5584     7.5588     0.0004     5.1888     5.1892      7.432      7.600      0.458    1468.82    1468.82  0.000e+00
      16204      8.000    13.1942    13.1901    -0.0042    1.01292    1.01286          1     7.8074     7.7292      91.19     1.6687     0.4141  1.000e-12  0.6482000     7.5576     7.5580     0.0003     5.1955     5.1963      7.927      8.106      0.462    1468.65    1468.64  0.000e+00
      16231      8.500    13.1599    13.1572    -0.0027    1.01207    1.01197          1     7.8032     7.7212      97.38     1.6588     0.3439  1.000e-12  0.5599000     7.5575     7.5572    -0.0003     5.2004     5.2006      8.423      8.613      0.458    1468.53    1468.52  0.000e+00
      16257      9.000    13.1224    13.1176    -0.0053    1.01106    1.01087          1     7.9511     7.8819      97.37     1.6715     0.3792  1.000e-12  0.5521000     7.5567     7.5561    -0.0006     5.2053     5.2055      8.918      9.120      0.453    1468.41    1468.39  0.000e+00
      16284      9.500    12.7863    12.8139     0.0279    1.00202    1.00289          1     8.1677     8.1914      97.38     1.6828     0.3621  1.000e-12  0.5843000     7.5502     7.5517     0.0016     5.2484     5.2458      9.414      9.626      0.433    1467.19    1467.29  0.000e+00
      16312     10.000    12.6449    12.7565     0.1148    0.99856    1.00139          1     7.8280     8.1541      97.37     1.6970     0.3495  1.000e-12  0.5745000     7.5501     7.5509     0.0009     5.2683     5.2533      9.909     10.133      0.423    1466.69    1467.09  0.000e+00
      16340     10.500    10.4490    10.9716     0.5184    0.93980    0.95232          1     8.2904     8.7544      97.37     1.7808     0.3876  1.000e-12  0.6098000     7.5016     7.5015    -0.0001     5.5053     5.4435     10.405     10.639      0.462    1458.39    1460.38  0.000e+00
      16365     11.000     9.2376     9.3839     0.1477    0.90935    0.91258          1     8.8260     9.4592      97.37     1.9818     0.4050  1.000e-12  0.5320000     7.4871     7.4851    -0.0020     5.6254     5.6092     10.900     11.146      0.470    1453.67    1454.25  0.000e+00
      16391     11.500     8.0246     7.9551    -0.0693    0.87852    0.87645          1     9.0274     9.6674      97.37     2.1714     0.4182  1.000e-12  0.4678000     7.4652     7.4611    -0.0042     5.7170     5.7194     11.396     11.652      0.445    1448.77    1448.48  0.000e+00
      16419     12.000     7.0868     7.2033     0.1162    0.85586    0.85776          1     9.2229     9.6078      97.37     2.4178     0.3876  1.000e-12  0.4399000     7.4565     7.4491    -0.0074     5.7806     5.7669     11.891     12.159      0.438    1444.89    1445.37  0.000e+00
      16445     12.500     5.7871     5.9227     0.1352    0.82517    0.82791          1     9.6079     9.7005      83.76     2.1150     0.3672  1.000e-12  0.3807000     7.4478     7.4444    -0.0034     5.8528     5.8428     12.387     12.665      0.449    1439.38    1439.96  0.000e+00
      16472     13.000     5.5894     5.5972     0.0079    0.82205    0.82208          1     9.6260     9.4410      81.25     1.4854     0.3678  1.000e-12  0.3431000     7.4611     7.4597    -0.0015     5.8732     5.8717     12.882     13.171      0.447    1438.55    1438.58  0.000e+00
      16499     13.500     5.5605     5.5626     0.0021    0.82304    0.82293          1     9.4350     9.0349      97.37     1.2344     0.3417  1.000e-12  0.3162000     7.4772     7.4756    -0.0016     5.8873     5.8859     13.377     13.678      0.447    1438.46    1438.46  0.000e+00
      16526     14.000     5.5928     5.5944     0.0016    0.82630    0.82619          1     9.1279     8.6735      82.95     1.0829     0.2956  1.000e-12  0.3175000     7.5017     7.5002    -0.0014     5.9051     5.9039     13.873     14.184      0.445    1438.63    1438.64  0.000e+00
      16553     14.500     5.5878     5.5909     0.0031    0.82758    0.82753          1     8.9044     8.5244      97.04     0.9182     0.2984  1.000e-12  0.3364000     7.5153     7.5141    -0.0012     5.9161     5.9150     14.368     14.690      0.445    1438.64    1438.65  0.000e+00
      16580     15.000     5.5674     5.5709     0.0035    0.82815    0.82811          1     8.8106     8.5266      87.88     0.8822     0.3235  1.000e-12  0.3502000     7.5253     7.5241    -0.0012     5.9250     5.9239     14.864     15.196      0.454    1438.57    1438.58  0.000e+00
      16606     15.500     5.5258     5.5279     0.0021    0.82805    0.82801          1     8.8129     8.6017      86.88     0.8622     0.3228  1.000e-12  0.3874000     7.5336     7.5328    -0.0009     5.9335     5.9327     15.359     15.703      0.461    1438.41    1438.42  0.000e+00
      16632     16.000     5.4646     5.4677     0.0032    0.82719    0.82716          1     8.8572     8.6454      75.79     0.8372     0.3007  1.000e-12  0.3543000     7.5388     7.5379    -0.0009     5.9405     5.9396     15.855     16.209      0.442    1438.16    1438.17  0.000e+00
      16660     16.500     5.4500     5.4527     0.0027    0.82756    0.82755          1     8.8486     8.6256      75.38     0.7894     0.3036  1.000e-12  0.3811000     7.5457     7.5450    -0.0007     5.9466     5.9460     16.350     16.715      0.418    1438.11    1438.12  0.000e+00
      16689     17.000     5.4050     5.4126     0.0076    0.82703    0.82713          1     8.8171     8.6362      82.94     0.7932     0.2740  1.000e-12  0.3867000     7.5505     7.5499    -0.0006     5.9525     5.9516     16.846     17.221      0.439    1437.93    1437.96  0.000e+00
      16715     17.500     5.2875     5.2952     0.0077    0.82415    0.82424          1     8.8187     8.6660      91.62     0.7558     0.2485  1.000e-12  0.3580000     7.5486     7.5478    -0.0009     5.9563     5.9553     17.341     17.728      0.476    1437.42    1437.45  0.000e+00
      16740     18.000     5.1544     5.1696     0.0152    0.82070    0.82111          1     8.8158     8.6728      79.88     0.7067     0.2932  1.000e-12  0.3419000     7.5446     7.5452     0.0006     5.9588     5.9587     17.836     18.234      0.468    1436.84    1436.91  0.000e+00
      16767     18.500     4.9816     4.9943     0.0128    0.81604    0.81632          1     8.8617     8.7346      97.02     0.6414     0.3018  1.000e-12  0.2848000     7.5375     7.5374    -0.0000     5.9602     5.9597     18.332     18.740      0.415    1436.08    1436.14  0.000e+00
      16797     19.000     4.8532     4.8624     0.0090    0.81282    0.81300          1     8.9320     8.8077      77.67     0.6018     0.2929  1.000e-12  0.2457000     7.5345     7.5342    -0.0003     5.9628     5.9623     18.827     19.246      0.406    1435.52    1435.56  0.000e+00
      16825     19.500     4.8068     4.8093     0.0025    0.81196    0.81196          1     8.9550     8.8114      72.09     0.5873     0.3048  1.000e-12  0.2169000     7.5365     7.5359    -0.0006     5.9662     5.9656     19.323     19.753      0.464    1435.33    1435.34  0.000e+00
      16850     20.000     4.8115     4.8161     0.0047    0.81251    0.81258          1     8.9284     8.7619      86.50     0.5517     0.2369  1.000e-12  0.2161000     7.5408     7.5404    -0.0004     5.9694     5.9689     19.818     20.259      0.486    1435.36    1435.38  0.000e+00
      16875     20.500     4.8271     4.8310     0.0039    0.81334    0.81339          1     8.9018     8.7195      71.31     0.5244     0.2326  1.000e-12  0.2181000     7.5455     7.5451    -0.0004     5.9725     5.9721     20.314     20.765      0.431    1435.45    1435.46  0.000e+00
      16905     21.000     4.8909     4.8952     0.0043    0.81568    0.81575          1     8.8324     8.6227      70.66     0.5107     0.2836  1.000e-12  0.2315000     7.5542     7.5539    -0.0003     5.9770     5.9766     20.809     21.271      0.405    1435.75    1435.76  0.000e+00
      16934     21.500     4.9374     4.9402     0.0028    0.81735    0.81737          1     8.7446     8.5592      70.13     0.5224     0.3231  1.000e-12  0.2712000     7.5601     7.5597    -0.0004     5.9799     5.9795     21.304     21.778      0.448    1435.97    1435.98  0.000e+00
      16959     22.000     4.9302     4.9334     0.0032    0.81740    0.81741          1     8.6848     8.5161      84.00     0.5209     0.3219  1.000e-12  0.2804000     7.5622     7.5616    -0.0007     5.9819     5.9812     21.800     22.284      0.458    1435.94    1435.96  0.000e+00
      16987     22.500     4.9234     4.9259     0.0025    0.81737    0.81738          1     8.6399     8.4928      82.37     0.4913     0.2529  1.000e-12  0.2856000     7.5634     7.5629    -0.0005     5.9831     5.9826     22.295     22.790      0.422    1435.92    1435.93  0.000e+00
      17016     23.000     4.9091     4.9137     0.0046    0.81711    0.81722          1     8.6653     8.5178      68.29     0.4712     0.2781  1.000e-12  0.2421000     7.5640     7.5640     0.0000     5.9841     5.9839     22.791     23.296      0.412    1435.87    1435.89  0.000e+00
      17044     23.500     5.0274     5.0344     0.0069    0.82118    0.82139          1     8.6650     8.5162      67.99     0.4976     0.2648  1.000e-12  0.2725000     7.5775     7.5779     0.0005     5.9901     5.9902     23.286     23.803      0.438    1436.42    1436.45  0.000e+00
      17072     24.000     5.1322     5.1276    -0.0045    0.82467    0.82453          1     8.6499     8.5352      67.48     0.5451     0.2582  1.000e-12  0.3719000     7.5881     7.5878    -0.0003     5.9942     5.9941     23.781     24.309      0.426    1436.90    1436.88  0.000e+00
      17101     24.500     5.1471     5.1491     0.0020    0.82538    0.82537          1     8.6777     8.5576      72.49     0.5620     0.2744  1.000e-12  0.4346000     7.5917     7.5911    -0.0006     5.9964     5.9958     24.277     24.815      0.402    1436.98    1436.98  0.000e+00
      17131     25.000     5.1211     5.1249     0.0038    0.82468    0.82472          1     8.6839     8.5670      91.22     0.5590     0.2104  1.000e-12  0.4033000     7.5906     7.5901    -0.0005     5.9966     5.9961     24.772     25.321      0.422    1436.87    1436.88  0.000e+00
      17158     25.500     5.0821     5.0847     0.0026    0.82362    0.82363          1     8.6851     8.5681      65.64     0.5599     0.2150  1.000e-12  0.3778000     7.5890     7.5884    -0.0005     5.9969     5.9964     25.268     25.828      0.453    1436.70    1436.71  0.000e+00
      17184     26.000     5.0394     5.0414     0.0020    0.82250    0.82247          1     8.6761     8.5692      80.58     0.5413     0.2600  1.000e-12  0.3682000     7.5875     7.5867    -0.0008     5.9975     5.9968     25.763     26.334      0.440    1436.52    1436.53  0.000e+00
      17213     26.500     4.9717     4.9755     0.0039    0.82073    0.82072          1     8.6447     8.5377      64.97     0.5290     0.2886  1.000e-12  0.3754000     7.5853     7.5843    -0.0010     5.9985     5.9976     26.259     26.840      0.413    1436.23    1436.24  0.000e+00
      17242     27.000     4.8857     4.8917     0.0060    0.81843    0.81848          1     8.6172     8.5044      64.33     0.5050     0.2593  1.000e-12  0.3712000     7.5820     7.5811    -0.0009     5.9992     5.9983     26.754     27.346      0.413    1435.85    1435.88  0.000e+00
      17271     27.500     4.8214     4.8251     0.0037    0.81688    0.81690          1     8.5934     8.4742      70.46     0.4848     0.2719  1.000e-12  0.3240000     7.5811     7.5805    -0.0006     6.0010     6.0004     27.249     27.852      0.427    1435.58    1435.59  0.000e+00
      17298     28.000     4.8057     4.8083     0.0026    0.81666    0.81666          1     8.5499     8.4314      73.23     0.4263     0.2261  1.000e-12  0.2811000     7.5824     7.5819    -0.0006     6.0026     6.0021     27.745     28.359      0.445    1435.52    1435.53  0.000e+00
