ctdpy/exports/archive_20191121_122431/received_data/SBE09_1044_20180530_0318_34_07_0044.cnv
* Sea-Bird SBE 9 Data File:
* FileName = C:\ctd\temp\2018\AU18D044.hex
* Software Version Seasave V 7.26.6.26
* Temperature SN = 5351
* Conductivity SN = 3941
* Number of Bytes Per Scan = 41
* Number of Voltage Words = 4
* Number of Scans Averaged by the Deck Unit = 1
* NMEA Latitude = 57 07.04 N
* NMEA Longitude = 017 40.12 E
* NMEA UTC (Time) = May 30 2018  03:18:07
* NMEA baud rate = 4800
** Station:  BY38
** Operator:  JKro
** Ship: AURA
** Average sound velocity: 1439.64 m/s
** True-depth calculation Wed, 30 May 2018 04:25:25 +0000
** CTD Python Module SMHI /ver 3-12/ feb 2012 
** LIMS Job: 20183407-0044
** Cruise: SMHI-02-2018
** Latitude [GG MM.mm N] :
** Longitude [GG MM.mm E]:
# nquan = 26
# nvalues = 208                         
# units = specified
# name 0 = scan: Scan Count
# name 1 = prDM: Pressure, Digiquartz [db]
# name 2 = t090C: Temperature [ITS-90, deg C]
# name 3 = t190C: Temperature, 2 [ITS-90, deg C]
# name 4 = T2-T190C: Temperature Difference, 2 - 1 [ITS-90, deg C]
# name 5 = c0S/m: Conductivity [S/m]
# name 6 = c1S/m: Conductivity, 2 [S/m]
# name 7 = pumps: Pump Status
# name 8 = sbeox0ML/L: Oxygen, SBE 43 [ml/l]
# name 9 = sbeox1ML/L: Oxygen, SBE 43, 2 [ml/l]
# name 10 = altM: Altimeter [m]
# name 11 = flECO-AFL: Chl-a Fluorescence, WET Labs ECO-AFL/FL [mg/m^3]
# name 12 = flECO-AFL1: Phycocyanin Fluorescence, WET Labs ECO-AFL/FL, 2 [mg/m^3]
# name 13 = par: PAR/Irradiance, Biospherical/Lico [µE/(cm^2*s)]
# name 14 = turbWETntu0: Turbidity, WET Labs ECO [NTU]
# name 15 = sal00: Salinity, Practical [PSU]
# name 16 = sal11: Salinity, Practical, 2 [PSU]
# name 17 = secS-priS: Salinity, Practical, Difference, 2 - 1 [PSU]
# name 18 = sigma-t00: Density [sigma-t, Kg/m^3 ]
# name 19 = sigma-t11: Density, 2 [sigma-t, Kg/m^3 ]
# name 20 = depSM: Depth [salt water, m], lat = 57.1173
# name 21 = depFM: Depth [true depth, m], lat = 57.1173
# name 22 = dz/dtM: Descent Rate [m/s], WS = 2
# name 23 = svCM: Sound Velocity [Chen-Millero, m/s]
# name 24 = svCM1: Sound Velocity, 2 [Chen-Millero, m/s]
# name 25 = flag: flag
# span 0 =      13489,      19770       
# span 1 =      1.000,    104.500       
# span 2 =     2.9319,    11.9219       
# span 3 =     2.9332,    11.6967       
# span 4 =    -0.2519,     0.1986       
# span 5 =   0.749741,   1.124216       
# span 6 =   0.749730,   1.124203       
# span 7 =          1,          1       
# span 8 =   -0.10428,    9.41826       
# span 9 =   -0.42224,    9.41450       
# span 10 =       1.96,      97.47      
# span 11 =     0.2100,     9.1847      
# span 12 =     0.1652,     0.9662      
# span 13 = 2.9648e-13, 2.1014e+03      
# span 14 =     0.1195,     1.0721      
# span 15 =     7.0553,    10.4119      
# span 16 =     7.0512,    10.4114      
# span 17 =    -0.0108,     0.0146      
# span 18 =     5.0630,     8.1973      
# span 19 =     5.0873,     8.1969      
# span 20 =      0.991,    103.513      
# span 21 =      1.013,    105.748      
# span 22 =     -0.139,      0.482      
# span 23 =    1427.11,    1463.42      
# span 24 =    1427.11,    1462.57      
# span 25 = 0.0000e+00, 0.0000e+00      
# interval = decibars: 0.5              
# start_time = May 30 2018 03:18:07 [NMEA time, first data scan]
# bad_flag = -9.990e-29
*END*
      13489      1.000    11.8571    11.6967    -0.1613    0.93200    0.92765          1     8.5712     8.5018      97.43     1.6126     0.3076  2.101e+03  0.4450000     7.1585     7.1532    -0.0053     5.0721     5.0887      0.991      1.013      0.309    1463.18    1462.57  0.000e+00
      13517      1.500    11.9219    11.6684    -0.2519    0.93340    0.92626          1     8.5505     8.5981      97.44     1.6914     0.3791  7.415e+02  0.4573000     7.1576     7.1469    -0.0107     5.0630     5.0873      1.486      1.520      0.463    1463.42    1462.47  0.000e+00
      13542      2.000    11.7747    11.6508    -0.1256    0.92912    0.92587          1     8.5945     8.5834      97.44     1.7436     0.3656  2.469e+02  0.4038000     7.1503     7.1470    -0.0033     5.0765     5.0897      1.982      2.027      0.473    1462.88    1462.41  0.000e+00
      13567      2.500    11.6107    11.6187     0.0083    0.92428    0.92465          1     8.6282     8.5997      97.43     1.6062     0.3262  1.723e+02  0.4193000     7.1415     7.1430     0.0015     5.0905     5.0907      2.477      2.533      0.461    1462.26    1462.29  0.000e+00
      13594      3.000    11.3982    11.4002     0.0021    0.91771    0.91814          1     8.6812     8.7203      97.45     1.6260     0.3344  1.311e+02  0.4553000     7.1273     7.1305     0.0032     5.1062     5.1084      2.972      3.040      0.457    1461.46    1461.47  0.000e+00
      13620      3.500    11.2166    11.4153     0.1986    0.91213    0.91843          1     8.7629     8.6975      97.43     1.6784     0.3596  1.109e+02  0.4382000     7.1154     7.1300     0.0146     5.1193     5.1062      3.468      3.547      0.458    1460.76    1461.53  0.000e+00
      13646      4.000    11.0969    11.2275     0.1303    0.90850    0.91243          1     8.7903     8.7351      97.45     1.6496     0.3641  9.114e+01  0.4073000     7.1079     7.1158     0.0079     5.1280     5.1182      3.963      4.054      0.452    1460.31    1460.81  0.000e+00
      13674      4.500    11.0114    11.0135     0.0025    0.90597    0.90611          1     8.8458     8.8356      97.44     1.7427     0.3905  7.719e+01  0.3991000     7.1030     7.1037     0.0007     5.1345     5.1347      4.459      4.560      0.413    1459.99    1460.00  0.000e+00
      13704      5.000    10.8426    10.8369    -0.0059    0.90120    0.90081          1     8.9048     8.8978      97.43     1.8478     0.3998  6.048e+01  0.4189000     7.0951     7.0929    -0.0022     5.1483     5.1472      4.954      5.067      0.403    1459.34    1459.32  0.000e+00
      13733      5.500    10.8731    10.9537     0.0805    0.90230    0.90451          1     8.9671     8.8583      97.43     1.8629     0.4107  5.298e+01  0.4058000     7.0984     7.1016     0.0032     5.1472     5.1403      5.449      5.574      0.423    1459.47    1459.78  0.000e+00
      13761      6.000    10.6537    10.6422    -0.0114    0.89621    0.89569          1     8.9952     9.0287      97.43     1.8841     0.3394  4.386e+01  0.3943000     7.0891     7.0868    -0.0023     5.1655     5.1649      5.945      6.080      0.411    1458.63    1458.58  0.000e+00
      13790      6.500    10.4169    10.4586     0.0417    0.88982    0.89101          1     8.9730     9.0529      97.43     2.0112     0.3458  3.584e+01  0.3755000     7.0802     7.0823     0.0021     5.1853     5.1823      6.440      6.587      0.427    1457.72    1457.88  0.000e+00
      13818      7.000     9.8540     9.8752     0.0218    0.87525    0.87582          1     9.0413     9.2346      97.43     2.1260     0.3971  3.089e+01  0.3653000     7.0639     7.0648     0.0008     5.2336     5.2320      6.935      7.093      0.439    1455.52    1455.61  0.000e+00
      13845      7.500     9.2851     9.2154    -0.0700    0.86151    0.85949          1     9.2577     9.4145      97.42     2.3780     0.3905  2.705e+01  0.3662000     7.0553     7.0512    -0.0041     5.2843     5.2879      7.431      7.600      0.440    1453.28    1453.00  0.000e+00
      13872      8.000     9.1847     9.2176     0.0328    0.85994    0.86046          1     9.3535     9.3501      97.44     2.6396     0.3991  2.353e+01  0.3665000     7.0612     7.0593    -0.0019     5.2988     5.2942      7.926      8.107      0.443    1452.90    1453.02  0.000e+00
      13899      8.500     9.0483     9.0572     0.0090    0.85843    0.85848          1     9.3881     9.3314      97.43     2.7064     0.4119  1.983e+01  0.3686000     7.0748     7.0734    -0.0014     5.3224     5.3205      8.422      8.613      0.457    1452.38    1452.41  0.000e+00
      13925      9.000     8.9829     8.9867     0.0035    0.85712    0.85699          1     9.3571     9.2880      97.43     2.8182     0.4059  1.736e+01  0.3561000     7.0760     7.0741    -0.0019     5.3295     5.3277      8.917      9.120      0.457    1452.13    1452.14  0.000e+00
      13952      9.500     8.9229     8.9194    -0.0036    0.85611    0.85618          1     9.3880     9.3101      97.42     2.8804     0.4862  1.485e+01  0.3529000     7.0789     7.0802     0.0014     5.3373     5.3387      9.412      9.626      0.438    1451.90    1451.89  0.000e+00
      13980     10.000     8.8606     8.8416    -0.0186    0.85544    0.85531          1     9.4038     9.3305      97.42     3.0353     0.4758  1.278e+01  0.3623000     7.0852     7.0879     0.0026     5.3480     5.3518      9.908     10.133      0.428    1451.67    1451.59  0.000e+00
      14008     10.500     8.8364     8.8281    -0.0090    0.85445    0.85447          1     9.4085     9.3197      97.43     3.0293     0.4529  1.129e+01  0.3618000     7.0812     7.0830     0.0017     5.3471     5.3492     10.403     10.639      0.432    1451.57    1451.54  0.000e+00
      14036     11.000     8.7950     8.7241    -0.0700    0.85423    0.85316          1     9.4098     9.3075      97.43     2.9818     0.4176  9.723e+00  0.3609000     7.0874     7.0921     0.0047     5.3557     5.3658     10.899     11.146      0.427    1451.42    1451.14  0.000e+00
      14064     11.500     8.6912     8.6236    -0.0680    0.85292    0.85221          1     9.3950     9.2779      97.43     3.1579     0.4318  8.434e+00  0.3795000     7.0964     7.1036     0.0072     5.3721     5.3838     11.394     11.653      0.408    1451.02    1450.76  0.000e+00
      14094     12.000     8.6582     8.5725    -0.0856    0.85337    0.85239          1     9.3825     9.2742      97.43     3.3112     0.4549  7.282e+00  0.3768000     7.1070     7.1154     0.0084     5.3833     5.3975     11.889     12.159      0.399    1450.91    1450.58  0.000e+00
      14124     12.500     8.5760     8.5320    -0.0441    0.85309    0.85237          1     9.4183     9.2690      97.44     3.5048     0.4588  6.370e+00  0.3680000     7.1209     7.1233     0.0024     5.4015     5.4073     12.385     12.666      0.407    1450.61    1450.43  0.000e+00
      14153     13.000     8.5975     8.5918    -0.0058    0.85377    0.85374          1     9.3500     9.2021      97.42     3.7699     0.4230  5.646e+00  0.3785000     7.1226     7.1235     0.0009     5.4010     5.4022     12.880     13.172      0.412    1450.70    1450.68  0.000e+00
      14183     13.500     8.4197     8.4555     0.0362    0.85014    0.85065          1     9.3486     9.3217      97.15     3.6827     0.4564  4.893e+00  0.3785000     7.1257     7.1231    -0.0026     5.4188     5.4138     13.375     13.679      0.404    1450.00    1450.14  0.000e+00
      14213     14.000     8.2959     8.4227     0.1265    0.84836    0.85025          1     9.3174     9.2855      97.41     3.5614     0.4802  4.224e+00  0.3786000     7.1346     7.1261    -0.0086     5.4364     5.4189     13.871     14.185      0.408    1449.51    1450.02  0.000e+00
      14241     14.500     8.1635     8.2834     0.1200    0.84638    0.84838          1     9.2747     9.2058      96.80     3.6474     0.4912  3.737e+00  0.3833000     7.1434     7.1373    -0.0062     5.4544     5.4395     14.366     14.692      0.424    1448.99    1449.47  0.000e+00
      14269     15.000     8.0360     8.0666     0.0306    0.84443    0.84482          1     9.2408     9.1522      97.16     3.8704     0.4658  3.279e+00  0.3884000     7.1516     7.1489    -0.0027     5.4713     5.4667     14.862     15.198      0.429    1448.49    1448.61  0.000e+00
      14297     15.500     8.0146     8.0171     0.0025    0.84455    0.84441          1     9.2138     9.1151      95.90     4.0875     0.5255  2.847e+00  0.3933000     7.1570     7.1552    -0.0018     5.4773     5.4756     15.357     15.705      0.421    1448.42    1448.43  0.000e+00
      14326     16.000     8.0070     8.0124     0.0054    0.84568    0.84564          1     9.1875     9.0655      96.30     4.4302     0.4978  2.492e+00  0.3854000     7.1688     7.1673    -0.0014     5.4871     5.4855     15.852     16.211      0.420    1448.41    1448.43  0.000e+00
      14354     16.500     7.9454     7.9510     0.0056    0.84431    0.84433          1     9.1496     9.0083      94.86     5.3427     0.6340  2.176e+00  0.4223000     7.1688     7.1679    -0.0010     5.4921     5.4909     16.348     16.718      0.446    1448.17    1448.19  0.000e+00
      14380     17.000     7.9906     7.9879    -0.0027    0.84724    0.84701          1     9.1044     8.9656      94.90     6.0187     0.6522  1.900e+00  0.4362000     7.1862     7.1847    -0.0015     5.5020     5.5011     16.843     17.224      0.463    1448.38    1448.37  0.000e+00
      14406     17.500     7.9981     7.9999     0.0018    0.84790    0.84785          1     9.0595     8.9471      94.51     6.7374     0.7013  1.655e+00  0.4478000     7.1906     7.1899    -0.0008     5.5049     5.5042     17.338     17.731      0.459    1448.42    1448.43  0.000e+00
      14432     18.000     7.9610     7.9654     0.0044    0.84706    0.84706          1     9.0299     8.9189      93.29     7.1198     0.7739  1.425e+00  0.4534000     7.1905     7.1897    -0.0009     5.5078     5.5068     17.834     18.237      0.455    1448.28    1448.30  0.000e+00
      14459     18.500     7.8984     7.9030     0.0047    0.84544    0.84546          1     9.0023     8.8889      97.47     7.2127     0.7917  1.221e+00  0.4523000     7.1885     7.1877    -0.0008     5.5112     5.5103     18.329     18.744      0.465    1448.03    1448.05  0.000e+00
      14484     19.000     7.8329     7.8391     0.0061    0.84366    0.84376          1     8.9901     8.8979      97.43     7.2592     0.8343  1.043e+00  0.4506000     7.1856     7.1852    -0.0004     5.5141     5.5134     18.824     19.250      0.476    1447.76    1447.79  0.000e+00
      14509     19.500     7.7834     7.7846     0.0012    0.84233    0.84225          1     8.9482     8.8612      97.42     7.4308     0.7970  8.790e-01  0.4414000     7.1836     7.1826    -0.0010     5.5164     5.5155     19.320     19.757      0.475    1447.57    1447.57  0.000e+00
      14535     20.000     7.7160     7.7220     0.0060    0.84048    0.84054          1     8.9237     8.8545      97.44     7.9316     0.8181  7.368e-01  0.4535000     7.1804     7.1797    -0.0007     5.5191     5.5181     19.815     20.263      0.467    1447.29    1447.32  0.000e+00
      14561     20.500     7.5637     7.5758     0.0121    0.83635    0.83659          1     8.9194     8.8430      97.43     8.6259     0.9474  6.246e-01  0.4763000     7.1737     7.1734    -0.0002     5.5254     5.5243     20.311     20.770      0.463    1446.67    1446.71  0.000e+00
      14586     21.000     7.5011     7.5112     0.0104    0.83478    0.83495          1     8.9136     8.8245      97.44     8.5305     0.9072  5.264e-01  0.4713000     7.1721     7.1715    -0.0006     5.5288     5.5276     20.806     21.276      0.465    1446.41    1446.46  0.000e+00
      14612     21.500     7.4004     7.4238     0.0234    0.83206    0.83267          1     8.9215     8.8317      89.61     8.2468     0.8358  4.431e-01  0.4589000     7.1676     7.1684     0.0008     5.5327     5.5316     21.301     21.783      0.467    1446.00    1446.10  0.000e+00
      14638     22.000     7.3763     7.3827     0.0066    0.83156    0.83168          1     8.9137     8.8411      88.40     8.3156     0.8939  3.639e-01  0.4586000     7.1679     7.1677    -0.0002     5.5346     5.5340     21.797     22.289      0.473    1445.91    1445.93  0.000e+00
      14663     22.500     7.2967     7.2990     0.0018    0.82946    0.82936          1     8.9845     8.9086      87.91     8.8396     0.8764  2.967e-01  0.4691000     7.1648     7.1634    -0.0014     5.5379     5.5366     22.292     22.795      0.475    1445.58    1445.59  0.000e+00
      14688     23.000     7.2172     7.2240     0.0067    0.82728    0.82739          1     8.9956     8.9455      87.40     9.1847     0.9629  2.467e-01  0.4675000     7.1609     7.1605    -0.0004     5.5405     5.5397     22.787     23.302      0.468    1445.25    1445.28  0.000e+00
      14714     23.500     7.0885     7.1035     0.0151    0.82409    0.82436          1     8.7953     8.7923      86.86     9.0116     0.9662  1.968e-01  0.4526000     7.1578     7.1572    -0.0006     5.5470     5.5455     23.283     23.808      0.462    1444.72    1444.78  0.000e+00
      14740     24.000     6.4801     6.5148     0.0346    0.80920    0.81019          1     8.8228     8.8713      86.35     7.4565     0.9009  1.579e-01  0.4094000     7.1442     7.1462     0.0021     5.5747     5.5742     23.778     24.315      0.461    1442.14    1442.29  0.000e+00
      14766     24.500     6.1339     6.1339     0.0000    0.80115    0.80108          1     8.9430     8.9594      85.82     3.4124     0.4501  1.240e-01  0.2793000     7.1401     7.1394    -0.0007     5.5919     5.5913     24.273     24.821      0.467    1440.67    1440.67  0.000e+00
      14792     25.000     6.1298     6.1302     0.0003    0.80186    0.80175          1     8.9978     8.9319      85.28     0.9091     0.2827  9.479e-02  0.1922000     7.1477     7.1465    -0.0012     5.5981     5.5971     24.769     25.328      0.465    1440.67    1440.67  0.000e+00
      14818     25.500     6.2065     6.2054    -0.0010    0.80555    0.80537          1     8.9423     8.8178      84.85     0.8849     0.3014  6.645e-02  0.1950000     7.1667     7.1652    -0.0015     5.6088     5.6077     25.264     25.834      0.464    1441.03    1441.03  0.000e+00
      14843     26.000     6.1190     6.1269     0.0078    0.80473    0.80483          1     8.9114     8.7820      91.52     0.8315     0.3154  4.803e-02  0.1964000     7.1773     7.1765    -0.0007     5.6220     5.6210     25.759     26.341      0.467    1440.68    1440.71  0.000e+00
      14869     26.500     5.9799     5.9814     0.0015    0.80246    0.80246          1     8.9029     8.8027      83.73     0.7598     0.2630  3.307e-02  0.1907000     7.1849     7.1846    -0.0003     5.6355     5.6352     26.255     26.847      0.461    1440.10    1440.11  0.000e+00
      14896     27.000     5.8018     5.8072     0.0055    0.79876    0.79888          1     8.8688     8.8327      90.80     0.6557     0.2421  2.148e-02  0.1867000     7.1870     7.1870     0.0000     5.6464     5.6461     26.750     27.353      0.458    1439.34    1439.37  0.000e+00
      14921     27.500     5.5231     5.5367     0.0134    0.79256    0.79287          1     8.9104     8.9199      82.64     0.5811     0.2972  1.150e-02  0.1834000     7.1862     7.1863     0.0001     5.6591     5.6586     27.245     27.860      0.469    1438.15    1438.20  0.000e+00
      14947     28.000     5.2264     5.2321     0.0058    0.78614    0.78623          1     8.9351     8.9083      82.18     0.5169     0.2784  5.454e-03  0.1822000     7.1870     7.1867    -0.0003     5.6729     5.6724     27.741     28.366      0.482    1436.86    1436.89  0.000e+00
