ctdpy/exports/archive_20191121_122431/received_data/SBE09_1044_20181112_0652_34_01_0135.cnv
* Sea-Bird SBE 9 Data File:
* FileName = C:\ctd\temp\ar18d135.hex
* Software Version Seasave V 7.26.7.107
* Temperature SN = 5351
* Conductivity SN = 3941
* Number of Bytes Per Scan = 41
* Number of Voltage Words = 4
* Number of Scans Averaged by the Deck Unit = 1
* NMEA Latitude = 58 17.68 N
* NMEA Longitude = 010 50.70 E
* NMEA UTC (Time) = Nov 12 2018  06:52:26
* NMEA baud rate = 4800
** Station:  A15
** Operator:  JKro
** Ship: ARANDA
** Average sound velocity: 1489.34 m/s
** True-depth calculation Mon, 12 Nov 2018 07:50:16 +0000
** CTD Python Module SMHI /ver 3-12/ feb 2012 
** LIMS Job: 20183401-0135
** Cruise: SMHI-6-2018
** Latitude [GG MM.mm N]:
** Longitude [GG MM.mm E]
# nquan = 26
# nvalues = 264                         
# units = specified
# name 0 = scan: Scan Count
# name 1 = prDM: Pressure, Digiquartz [db]
# name 2 = t090C: Temperature [ITS-90, deg C]
# name 3 = t190C: Temperature, 2 [ITS-90, deg C]
# name 4 = T2-T190C: Temperature Difference, 2 - 1 [ITS-90, deg C]
# name 5 = c0S/m: Conductivity [S/m]
# name 6 = c1S/m: Conductivity, 2 [S/m]
# name 7 = pumps: Pump Status
# name 8 = sbeox0ML/L: Oxygen, SBE 43 [ml/l]
# name 9 = sbeox1ML/L: Oxygen, SBE 43, 2 [ml/l]
# name 10 = altM: Altimeter [m]
# name 11 = flECO-AFL: Chl-a Fluorescence, WET Labs ECO-AFL/FL [mg/m^3]
# name 12 = flECO-AFL1: Phycocyanin Fluorescence, WET Labs ECO-AFL/FL, 2 [mg/m^3]
# name 13 = par: PAR/Irradiance, Biospherical/Lico [µE/(cm^2*s)]
# name 14 = turbWETntu0: Turbidity, WET Labs ECO [NTU]
# name 15 = sal00: Salinity, Practical [PSU]
# name 16 = sal11: Salinity, Practical, 2 [PSU]
# name 17 = secS-priS: Salinity, Practical, Difference, 2 - 1 [PSU]
# name 18 = sigma-t00: Density [sigma-t, Kg/m^3 ]
# name 19 = sigma-t11: Density, 2 [sigma-t, Kg/m^3 ]
# name 20 = depSM: Depth [salt water, m], lat = 58.2947
# name 21 = depFM: Depth [true depth, m], lat = 58.2947
# name 22 = dz/dtM: Descent Rate [m/s], WS = 2
# name 23 = svCM: Sound Velocity [Chen-Millero, m/s]
# name 24 = svCM1: Sound Velocity, 2 [Chen-Millero, m/s]
# name 25 = flag: flag
# span 0 =      19926,      25956       
# span 1 =      1.500,    133.000       
# span 2 =     7.5934,    10.6301       
# span 3 =     7.6127,    10.6308       
# span 4 =    -0.0038,     0.0546       
# span 5 =   3.595279,   3.802230       
# span 6 =   3.597082,   3.802447       
# span 7 =          1,          1       
# span 8 =    5.13016,    5.97069       
# span 9 =    4.95494,    5.67316       
# span 10 =      -0.44,     119.96      
# span 11 =     0.0417,     0.6488      
# span 12 =     0.1342,     0.3084      
# span 13 = -6.752e-06, 2.1416e+01      
# span 14 =     0.2332,     0.8094      
# span 15 =    33.6451,    35.0650      
# span 16 =    33.6450,    35.0637      
# span 17 =    -0.0089,     0.0068      
# span 18 =    25.8395,    27.3842      
# span 19 =    25.8393,    27.3814      
# span 20 =      1.486,    131.722      
# span 21 =      1.489,    131.935      
# span 22 =     -0.025,      1.038      
# span 23 =    1483.19,    1491.48      
# span 24 =    1483.26,    1491.48      
# span 25 = 0.0000e+00, 0.0000e+00      
# interval = decibars: 0.5              
# start_time = Nov 12 2018 06:52:27 [NMEA time, first data scan]
# bad_flag = -9.990e-29
*END*
[from data line 56]
      21385     29.500    10.1639    10.1648     0.0009    3.78251    3.78264          1     5.9077     5.6708      97.41     0.4756     0.2295  3.033e-01  0.2555000    34.5583    34.5588     0.0005    26.5790    26.5792     29.224     29.279      0.647    1490.37    1490.37  0.000e+00
      21403     30.000    10.1637    10.1649     0.0012    3.78260    3.78267          1     5.9203     5.6712      97.42     0.4975     0.2407  2.886e-01  0.2562000    34.5592    34.5588    -0.0004    26.5797    26.5792     29.719     29.775      0.689    1490.37    1490.38  0.000e+00
      21420     30.500    10.1631    10.1641     0.0009    3.78273    3.78282          1     5.9282     5.6684      97.39     0.5044     0.2796  2.720e-01  0.2558000    34.5609    34.5609    -0.0000    26.5812    26.5810     30.214     30.271      0.667    1490.38    1490.39  0.000e+00
      21439     31.000    10.1627    10.1640     0.0013    3.78282    3.78288          1     5.9229     5.6655      97.40     0.5074     0.2619  2.551e-01  0.2558000    34.5620    34.5615    -0.0006    26.5821    26.5814     30.710     30.767      0.579    1490.39    1490.39  0.000e+00
      21463     31.500    10.1616    10.1628     0.0013    3.78302    3.78309          1     5.9197     5.6625      97.40     0.4923     0.2648  2.444e-01  0.2555000    34.5648    34.5644    -0.0005    26.5845    26.5839     31.205     31.263      0.451    1490.40    1490.40  0.000e+00
      21492     32.000    10.1611    10.1621     0.0010    3.78317    3.78327          1     5.9119     5.6558      97.40     0.5210     0.2690  2.310e-01  0.2624000    34.5666    34.5667     0.0001    26.5859    26.5858     31.700     31.759      0.440    1490.41    1490.41  0.000e+00
      21516     32.500    10.1612    10.1624     0.0012    3.78326    3.78333          1     5.9165     5.6525      97.40     0.4872     0.2432  2.214e-01  0.2672000    34.5673    34.5668    -0.0006    26.5865    26.5858     32.196     32.255      0.639    1490.42    1490.42  0.000e+00
      21532     33.000    10.1598    10.1611     0.0012    3.78344    3.78350          1     5.9184     5.6560      97.39     0.4999     0.2752  2.009e-01  0.2594000    34.5702    34.5696    -0.0006    26.5889    26.5883     32.691     32.751      0.815    1490.42    1490.43  0.000e+00
      21546     33.500    10.1585    10.1595     0.0009    3.78359    3.78368          1     5.9253     5.6608      97.40     0.4943     0.2436  1.886e-01  0.2632000    34.5727    34.5728     0.0001    26.5911    26.5910     33.186     33.247      0.892    1490.43    1490.43  0.000e+00
      21559     34.000    10.1574    10.1594     0.0020    3.78367    3.78370          1     5.9310     5.6667      97.43     0.4751     0.2224  1.748e-01  0.2725000    34.5743    34.5727    -0.0016    26.5926    26.5910     33.681     33.743      0.860    1490.44    1490.44  0.000e+00
      21573     34.500    10.1552    10.1568     0.0016    3.78389    3.78394          1     5.9230     5.6662      97.42     0.4847     0.2500  1.602e-01  0.2636000    34.5785    34.5775    -0.0010    26.5962    26.5952     34.177     34.240      0.692    1490.44    1490.45  0.000e+00
      21600     35.000    10.1526    10.1541     0.0015    3.78415    3.78422          1     5.9015     5.6672      97.40     0.5161     0.2296  1.441e-01  0.2536000    34.5834    34.5827    -0.0007    26.6005    26.5997     34.672     34.736      0.369    1490.45    1490.45  0.000e+00
      21640     35.500    10.1510    10.1525     0.0015    3.78430    3.78438          1     5.8970     5.6681      97.40     0.6488     0.2211  1.366e-01  0.2433000    34.5862    34.5856    -0.0006    26.6029    26.6022     35.167     35.232      0.436    1490.45    1490.46  0.000e+00
      21660     36.000    10.1474    10.1486     0.0012    3.78458    3.78464          1     5.8942     5.6670      97.40     0.5971     0.2218  1.282e-01  0.2488000    34.5922    34.5917    -0.0005    26.6083    26.6077     35.662     35.728      0.723    1490.46    1490.46  0.000e+00
      21674     36.500    10.1412    10.1427     0.0015    3.78490    3.78499          1     5.9020     5.6647      97.42     0.5699     0.2447  1.224e-01  0.2486000    34.6012    34.6006    -0.0006    26.6163    26.6157     36.158     36.224      0.861    1490.45    1490.46  0.000e+00
      21687     37.000    10.1259    10.1276     0.0017    3.78541    3.78548          1     5.9103     5.6637      97.42     0.4983     0.2777  1.128e-01  0.2472000    34.6208    34.6199    -0.0009    26.6343    26.6333     36.653     36.720      0.895    1490.43    1490.43  0.000e+00
      21701     37.500    10.1230    10.1240     0.0011    3.78544    3.78553          1     5.9069     5.6642      97.41     0.4799     0.2510  9.993e-02  0.2510000    34.6236    34.6236     0.0000    26.6370    26.6368     37.148     37.216      0.826    1490.43    1490.43  0.000e+00
      21717     38.000    10.1201    10.1210     0.0009    3.78554    3.78563          1     5.9005     5.6653      97.41     0.4424     0.2234  9.418e-02  0.2552000    34.6272    34.6272     0.0001    26.6403    26.6402     37.644     37.712      0.626    1490.43    1490.44  0.000e+00
      21748     38.500    10.1177    10.1189     0.0011    3.78557    3.78566          1     5.9176     5.6606      97.41     0.5040     0.2453  8.463e-02  0.2337000    34.6296    34.6294    -0.0002    26.6425    26.6422     38.139     38.208      0.328    1490.44    1490.44  0.000e+00
      21784     39.000    10.1154    10.1163     0.0009    3.78563    3.78572          1     5.9215     5.6501      97.41     0.5547     0.2107  8.075e-02  0.2332000    34.6322    34.6323     0.0001    26.6450    26.6449     38.634     38.704      0.529    1490.44    1490.44  0.000e+00
      21802     39.500    10.1127    10.1135     0.0008    3.78579    3.78588          1     5.9200     5.6548      97.41     0.5152     0.2256  6.930e-02  0.2362000    34.6362    34.6363     0.0001    26.6486    26.6485     39.129     39.200      0.744    1490.44    1490.45  0.000e+00
      21817     40.000    10.1110    10.1123     0.0013    3.78583    3.78593          1     5.9093     5.6609      97.16     0.4652     0.2892  6.193e-02  0.2378000    34.6380    34.6378    -0.0002    26.6503    26.6499     39.624     39.696      0.804    1490.45    1490.45  0.000e+00
      21831     40.500    10.1101    10.1112     0.0011    3.78589    3.78597          1     5.8970     5.6638      96.58     0.4474     0.2702  5.218e-02  0.2366000    34.6392    34.6390    -0.0002    26.6514    26.6510     40.120     40.192      0.747    1490.45    1490.46  0.000e+00
      21849     41.000    10.1033    10.1039     0.0006    3.78552    3.78557          1     5.8931     5.6656      97.40     0.4483     0.2465  4.064e-02  0.2381000    34.6417    34.6417    -0.0000    26.6545    26.6544     40.615     40.688      0.610    1490.44    1490.44  0.000e+00
      21872     41.500    10.0905    10.0914     0.0009    3.78456    3.78462          1     5.9035     5.6658      95.28     0.4840     0.2636  3.935e-02  0.2428000    34.6439    34.6438    -0.0001    26.6584    26.6582     41.110     41.184      0.488    1490.40    1490.41  0.000e+00
      21898     42.000    10.0882    10.0893     0.0010    3.78439    3.78452          1     5.9146     5.6709      91.42     0.5236     0.2325  3.683e-02  0.2448000    34.6442    34.6445     0.0003    26.6590    26.6591     41.606     41.680      0.480    1490.41    1490.41  0.000e+00
      21922     42.500    10.0873    10.0886     0.0013    3.78444    3.78453          1     5.9156     5.6678      97.44     0.5310     0.2471  3.443e-02  0.2483000    34.6454    34.6450    -0.0004    26.6601    26.6596     42.101     42.176      0.514    1490.41    1490.42  0.000e+00
      21945     43.000    10.0869    10.0880     0.0011    3.78447    3.78456          1     5.9050     5.6681      90.87     0.5352     0.2942  2.769e-02  0.2621000    34.6458    34.6457    -0.0001    26.6605    26.6602     42.596     42.673      0.535    1490.42    1490.42  0.000e+00
      21967     43.500    10.0871    10.0881     0.0010    3.78452    3.78462          1     5.9146     5.6688      97.40     0.5104     0.2762  2.047e-02  0.2373000    34.6460    34.6460    -0.0000    26.6606    26.6604     43.091     43.169      0.572    1490.43    1490.43  0.000e+00
      21987     44.000    10.0876    10.0887     0.0011    3.78462    3.78474          1     5.9219     5.6675      97.41     0.5009     0.2599  1.521e-02  0.2407000    34.6463    34.6464     0.0001    26.6608    26.6607     43.587     43.665      0.657    1490.44    1490.44  0.000e+00
      22004     44.500    10.0880    10.0892     0.0012    3.78474    3.78484          1     5.9201     5.6682      97.44     0.4898     0.2471  9.399e-03  0.2441000    34.6469    34.6468    -0.0001    26.6611    26.6609     44.082     44.161      0.739    1490.45    1490.45  0.000e+00
      22019     45.000    10.0886    10.0897     0.0011    3.78488    3.78496          1     5.9124     5.6677      97.42     0.4539     0.2375  3.372e-03  0.2497000    34.6475    34.6472    -0.0002    26.6615    26.6611     44.577     44.657      0.749    1490.46    1490.46  0.000e+00
      22036     45.500    10.0889    10.0899     0.0010    3.78497    3.78502          1     5.9115     5.6687      97.43     0.4730     0.2458  6.023e-04  0.2489000    34.6478    34.6474    -0.0005    26.6617    26.6612     45.072     45.153      0.644    1490.47    1490.47  0.000e+00
      22060     46.000    10.0891    10.0901     0.0010    3.78502    3.78507          1     5.9209     5.6685      90.77     0.4927     0.2635  1.600e-04  0.2421000    34.6480    34.6476    -0.0004    26.6618    26.6613     45.568     45.649      0.411    1490.48    1490.48  0.000e+00
      22095     46.500    10.0889    10.0900     0.0011    3.78498    3.78507          1     5.9033     5.6634      97.87     0.5975     0.2324 -6.752e-06  0.2360000    34.6475    34.6474    -0.0002    26.6615    26.6612     46.063     46.145      0.440    1490.49    1490.49  0.000e+00
      22116     47.000    10.0893    10.0903     0.0010    3.78508    3.78515          1     5.8895     5.6598      97.43     0.5582     0.2661 -2.792e-08  0.2434000    34.6479    34.6476    -0.0003    26.6617    26.6613     46.558     46.641      0.714    1490.50    1490.50  0.000e+00
      22130     47.500    10.0897    10.0909     0.0012    3.78519    3.78526          1     5.8912     5.6593      97.42     0.5327     0.2657  1.000e-12  0.2419000    34.6484    34.6481    -0.0003    26.6621    26.6616     47.053     47.137      0.830    1490.51    1490.51  0.000e+00
      22144     48.000    10.0898    10.0909     0.0011    3.78522    3.78529          1     5.9004     5.6609      97.43     0.4414     0.2809  1.000e-12  0.2359000    34.6484    34.6481    -0.0004    26.6621    26.6616     47.548     47.633      0.802    1490.52    1490.52  0.000e+00
      22161     48.500    10.0897    10.0909     0.0012    3.78522    3.78532          1     5.9199     5.6670      91.36     0.4414     0.3047  1.000e-12  0.2365000    34.6483    34.6482    -0.0002    26.6620    26.6617     48.044     48.129      0.607    1490.52    1490.53  0.000e+00
      22195     49.000    10.0898    10.0909     0.0011    3.78526    3.78534          1     5.9272     5.6696      92.72     0.4982     0.2360  1.000e-12  0.2449000    34.6484    34.6481    -0.0003    26.6621    26.6616     48.539     48.625      0.301    1490.53    1490.53  0.000e+00
      22232     49.500    10.0900    10.0911     0.0011    3.78532    3.78541          1     5.9159     5.6674      79.16     0.5326     0.2394  1.000e-12  0.2498000    34.6486    34.6484    -0.0002    26.6621    26.6618     49.034     49.121      0.598    1490.54    1490.54  0.000e+00
      22247     50.000    10.0905    10.0917     0.0013    3.78541    3.78553          1     5.9101     5.6662      97.60     0.4996     0.2319  1.000e-12  0.2469000    34.6488    34.6488    -0.0000    26.6623    26.6620     49.530     49.617      0.867    1490.55    1490.55  0.000e+00
      22259     50.500    10.0909    10.0918     0.0010    3.78551    3.78557          1     5.9092     5.6643      97.47     0.4824     0.2351  1.000e-12  0.2473000    34.6491    34.6489    -0.0002    26.6624    26.6621     50.025     50.113      0.978    1490.56    1490.56  0.000e+00
      22271     51.000    10.0909    10.0921     0.0012    3.78552    3.78561          1     5.9093     5.6620      97.43     0.4190     0.2323  1.000e-12  0.2506000    34.6491    34.6489    -0.0002    26.6624    26.6620     50.520     50.609      0.964    1490.57    1490.57  0.000e+00
      22284     51.500    10.0913    10.0926     0.0013    3.78559    3.78570          1     5.9087     5.6598      78.26     0.4190     0.2088  1.000e-12  0.2495000    34.6492    34.6491    -0.0001    26.6624    26.6620     51.015     51.105      0.812    1490.58    1490.58  0.000e+00
      22304     52.000    10.0913    10.0926     0.0013    3.78562    3.78573          1     5.9077     5.6592      91.98     0.4311     0.1746  1.000e-12  0.2466000    34.6492    34.6491    -0.0001    26.6624    26.6621     51.510     51.601      0.472    1490.59    1490.59  0.000e+00
      22343     52.500    10.0915    10.0926     0.0011    3.78567    3.78573          1     5.9119     5.6545      97.83     0.4685     0.1982  1.000e-12  0.2394000    34.6494    34.6489    -0.0005    26.6625    26.6619     52.006     52.097      0.342    1490.60    1490.60  0.000e+00
      22368     53.000    10.0918    10.0928     0.0010    3.78572    3.78578          1     5.8943     5.6543      97.43     0.4698     0.2340  1.000e-12  0.2445000    34.6493    34.6490    -0.0003    26.6624    26.6620     52.501     52.593      0.594    1490.61    1490.61  0.000e+00
      22386     53.500    10.0926    10.0935     0.0010    3.78585    3.78592          1     5.8905     5.6566      97.46     0.4558     0.2770  1.000e-12  0.2513000    34.6496    34.6495    -0.0002    26.6625    26.6622     52.996     53.089      0.687    1490.62    1490.62  0.000e+00
      22403     54.000    10.0930    10.0939     0.0009    3.78594    3.78601          1     5.9064     5.6622      68.36     0.4261     0.2815  1.000e-12  0.2551000    34.6499    34.6497    -0.0002    26.6626    26.6624     53.491     53.585      0.686    1490.63    1490.63  0.000e+00
      22421     54.500    10.0930    10.0939     0.0009    3.78595    3.78603          1     5.9165     5.6660      96.43     0.4292     0.2487  1.000e-12  0.2419000    34.6498    34.6498    -0.0000    26.6626    26.6624     53.986     54.082      0.599    1490.64    1490.64  0.000e+00
      22444     55.000    10.0923    10.0933     0.0010    3.78601    3.78609          1     5.9134     5.6635      96.88     0.4215     0.2619  1.000e-12  0.2378000    34.6509    34.6507    -0.0002    26.6636    26.6633     54.482     54.578      0.462    1490.64    1490.65  0.000e+00
      22473     55.500    10.0874    10.0890     0.0016    3.78597    3.78606          1     5.8991     5.6542      97.46     0.4254     0.2345  1.000e-12  0.2404000    34.6549    34.6543    -0.0006    26.6676    26.6668     54.977     55.074      0.474    1490.64    1490.64  0.000e+00
      22495     56.000    10.0842    10.0851     0.0009    3.78591    3.78598          1     5.8999     5.6496      91.42     0.4292     0.2885  1.000e-12  0.2457000    34.6572    34.6569    -0.0002    26.6699    26.6695     55.472     55.570      0.652    1490.64    1490.64  0.000e+00
      22511     56.500    10.0838    10.0846     0.0008    3.78591    3.78598          1     5.9103     5.6530      97.43     0.4296     0.2702  1.000e-12  0.2475000    34.6573    34.6572    -0.0001    26.6701    26.6698     55.967     56.066      0.773    1490.64    1490.65  0.000e+00
