ctdpy/exports/archive_20191121_122431/received_data/SBE09_1044_20180419_0001_34_07_0019.cnv
* Sea-Bird SBE 9 Data File:
* FileName = C:\ctd\temp\2018\AU18D019.hex
* Software Version Seasave V 7.26.6.26
* Temperature SN = 5351
* Conductivity SN = 3941
* Number of Bytes Per Scan = 41
* Number of Voltage Words = 4
* Number of Scans Averaged by the Deck Unit = 1
* NMEA Latitude = 57 18.73 N
* NMEA Longitude = 020 04.57 E
* NMEA UTC (Time) = Apr 19 2018  00:01:32
* NMEA baud rate = 4800
** Station:  BY15 extra
** Operator:  A-KTh
** Ship: AURA
** Average sound velocity: 1444.66 m/s
** True-depth calculation Thu, 19 Apr 2018 01:11:04 +0000
** CTD Python Module SMHI /ver 3-12/ feb 2012 
** LIMS Job: 20183407-0019
** Cruise: SMHI-01-2018
** Latitude [GG MM.mm N] :
** Longitude [GG MM.mm E]:
# nquan = 26
# nvalues = 469                         
# units = specified
# name 0 = scan: Scan Count
# name 1 = prDM: Pressure, Digiquartz [db]
# name 2 = t090C: Temperature [ITS-90, deg C]
# name 3 = t190C: Temperature, 2 [ITS-90, deg C]
# name 4 = T2-T190C: Temperature Difference, 2 - 1 [ITS-90, deg C]
# name 5 = c0S/m: Conductivity [S/m]
# name 6 = c1S/m: Conductivity, 2 [S/m]
# name 7 = pumps: Pump Status
# name 8 = sbeox0ML/L: Oxygen, SBE 43 [ml/l]
# name 9 = sbeox1ML/L: Oxygen, SBE 43, 2 [ml/l]
# name 10 = altM: Altimeter [m]
# name 11 = flECO-AFL: Chl-a Fluorescence, WET Labs ECO-AFL/FL [mg/m^3]
# name 12 = flECO-AFL1: Phycocyanin Fluorescence, WET Labs ECO-AFL/FL, 2 [mg/m^3]
# name 13 = par: PAR/Irradiance, Biospherical/Lico [µE/(cm^2*s)]
# name 14 = turbWETntu0: Turbidity, WET Labs ECO [NTU]
# name 15 = sal00: Salinity, Practical [PSU]
# name 16 = sal11: Salinity, Practical, 2 [PSU]
# name 17 = secS-priS: Salinity, Practical, Difference, 2 - 1 [PSU]
# name 18 = sigma-t00: Density [sigma-t, Kg/m^3 ]
# name 19 = sigma-t11: Density, 2 [sigma-t, Kg/m^3 ]
# name 20 = depSM: Depth [salt water, m], lat = 57.3122
# name 21 = depFM: Depth [true depth, m], lat = 57.3122
# name 22 = dz/dtM: Descent Rate [m/s], WS = 2
# name 23 = svCM: Sound Velocity [Chen-Millero, m/s]
# name 24 = svCM1: Sound Velocity, 2 [Chen-Millero, m/s]
# name 25 = flag: flag
# span 0 =       7601,      19727       
# span 1 =      0.500,    234.500       
# span 2 =     2.7380,     6.9109       
# span 3 =     2.7384,     6.9114       
# span 4 =    -0.0583,     0.0153       
# span 5 =   0.755572,   1.460423       
# span 6 =   0.755439,   1.460410       
# span 7 =          1,          1       
# span 8 =    0.02092,    9.89899       
# span 9 =    0.02471,    9.74129       
# span 10 =       4.19,      99.07      
# span 11 =     0.2506,     6.4826      
# span 12 =     0.1522,     1.1213      
# span 13 = 1.0000e-12, 2.4460e+00      
# span 14 =     0.1171,     0.5351      
# span 15 =     7.3378,    13.2983      
# span 16 =     7.3371,    13.2981      
# span 17 =    -0.0424,     0.0056      
# span 18 =     5.8483,    10.3801      
# span 19 =     5.8478,    10.3798      
# span 20 =      0.495,    232.208      
# span 21 =      0.506,    236.806      
# span 22 =      0.170,      0.656      
# span 23 =    1426.41,    1455.03      
# span 24 =    1426.42,    1455.03      
# span 25 = 0.0000e+00, 0.0000e+00      
# interval = decibars: 0.5              
# start_time = Apr 19 2018 00:01:32 [NMEA time, first data scan]
# bad_flag = -9.990e-29
*END*
[from data line 112]
      11183     56.500     2.8666     2.8675     0.0010    0.76003    0.76002          1     8.9818     8.8540      98.63     0.4419     0.2076  1.000e-12  0.1301000     7.4454     7.4451    -0.0003     5.9370     5.9367     55.972     57.209      0.583    1427.03    1427.03  0.000e+00
      11204     57.000     2.8706     2.8712     0.0006    0.76018    0.76016          1     8.9820     8.8544      98.63     0.4221     0.2553  1.000e-12  0.1272000     7.4459     7.4456    -0.0003     5.9374     5.9371     56.467     57.715      0.558    1427.06    1427.06  0.000e+00
      11227     57.500     2.8760     2.8778     0.0017    0.76038    0.76037          1     8.9918     8.8657      98.63     0.4361     0.2656  1.000e-12  0.1479000     7.4467     7.4463    -0.0004     5.9379     5.9376     56.962     58.221      0.474    1427.09    1427.10  0.000e+00
      11255     58.000     2.8569     2.8588     0.0019    0.75994    0.75994          1     8.9854     8.8509      98.63     0.4377     0.2353  1.000e-12  0.1413000     7.4465     7.4461    -0.0004     5.9379     5.9376     57.458     58.728      0.418    1427.01    1427.02  0.000e+00
      11283     58.500     2.8273     2.8315     0.0042    0.75925    0.75929          1     8.9947     8.8498      98.63     0.4115     0.2098  1.000e-12  0.1252000     7.4460     7.4454    -0.0006     5.9378     5.9372     57.953     59.234      0.502    1426.88    1426.90  0.000e+00
      11304     59.000     2.8157     2.8186     0.0029    0.75900    0.75905          1     8.9891     8.8579      98.63     0.4067     0.2494  1.000e-12  0.1309000     7.4461     7.4459    -0.0002     5.9379     5.9377     58.448     59.740      0.598    1426.83    1426.85  0.000e+00
      11323     59.500     2.8265     2.8280     0.0015    0.75931    0.75931          1     8.9907     8.8484      98.63     0.4023     0.2753  1.000e-12  0.1274000     7.4468     7.4464    -0.0004     5.9383     5.9380     58.944     60.247      0.620    1426.89    1426.90  0.000e+00
      11343     60.000     2.8195     2.8213     0.0017    0.75918    0.75918          1     8.9966     8.8471      98.63     0.4039     0.2074  1.000e-12  0.1178000     7.4469     7.4465    -0.0005     5.9385     5.9381     59.439     60.753      0.562    1426.87    1426.87  0.000e+00
      11367     60.500     2.8098     2.8111     0.0013    0.75898    0.75896          1     8.9761     8.8443      98.63     0.4113     0.2643  1.000e-12  0.1297000     7.4470     7.4465    -0.0005     5.9386     5.9382     59.934     61.259      0.456    1426.83    1426.84  0.000e+00
      11396     61.000     2.7773     2.7827     0.0054    0.75827    0.75833          1     8.9673     8.8386      98.63     0.4935     0.2275  1.000e-12  0.1291000     7.4470     7.4464    -0.0006     5.9388     5.9383     60.429     61.765      0.421    1426.69    1426.71  0.000e+00
      11422     61.500     2.7383     2.7397     0.0014    0.75755    0.75753          1     8.9686     8.8487      98.63     0.4009     0.2270  1.000e-12  0.1252000     7.4484     7.4479    -0.0005     5.9402     5.9398     60.925     62.272      0.498    1426.52    1426.52  0.000e+00
      11445     62.000     2.7445     2.7447     0.0002    0.75791    0.75787          1     8.9590     8.8138      98.63     0.3799     0.2211  1.000e-12  0.1310000     7.4507     7.4502    -0.0004     5.9419     5.9416     61.420     62.778      0.575    1426.56    1426.56  0.000e+00
      11464     62.500     2.7485     2.7499     0.0013    0.75826    0.75824          1     8.9078     8.7528      98.63     0.3891     0.2476  1.000e-12  0.1251000     7.4534     7.4528    -0.0006     5.9441     5.9437     61.915     63.284      0.603    1426.59    1426.59  0.000e+00
      11484     63.000     2.7425     2.7444     0.0019    0.75879    0.75874          1     8.7512     8.6000      98.63     0.3769     0.2474  1.000e-12  0.1243000     7.4604     7.4593    -0.0010     5.9497     5.9489     62.410     63.790      0.576    1426.58    1426.58  0.000e+00
      11507     63.500     2.7380     2.7384     0.0004    0.76000    0.75991          1     8.6083     8.4077      98.63     0.3852     0.2495  1.000e-12  0.1245000     7.4740     7.4730    -0.0010     5.9607     5.9598     62.905     64.297      0.498    1426.58    1426.58  0.000e+00
      11534     64.000     2.8410     2.8246    -0.0165    0.76631    0.76562          1     8.4934     8.1452      88.36     0.3849     0.2795  1.000e-12  0.1278000     7.5164     7.5129    -0.0035     5.9938     5.9911     63.401     64.803      0.428    1427.12    1427.04  0.000e+00
      11562     64.500     3.5082     3.4500    -0.0583    0.83839    0.83293          1     7.2519     6.5916      82.63     0.3600     0.2326  1.000e-12  0.1426000     8.1070     8.0646    -0.0424     6.4548     6.4221     63.896     65.309      0.467    1430.95    1430.63  0.000e+00
      11585     65.000     4.1713     4.1439    -0.0273    0.89760    0.89660          1     5.4061     4.6907      99.07     0.3134     0.2318  1.000e-12  0.1423000     8.5509     8.5478    -0.0031     6.7919     6.7903     64.391     65.815      0.546    1434.52    1434.40  0.000e+00
      11606     65.500     4.5382     4.5280    -0.0103    0.93016    0.92936          1     4.0857     3.4950      98.63     0.2786     0.2722  1.000e-12  0.1331000     8.7867     8.7812    -0.0054     6.9665     6.9626     64.886     66.321      0.592    1436.47    1436.42  0.000e+00
      11626     66.000     4.6990     4.6862    -0.0128    0.95676    0.95585          1     3.1438     2.6703      98.63     0.2959     0.2442  1.000e-12  0.1249000     9.0136     9.0078    -0.0058     7.1400     7.1359     65.382     66.826      0.589    1437.48    1437.41  0.000e+00
      11647     66.500     4.8809     4.8765    -0.0043    0.98250    0.98194          1     2.4041     2.0405      98.63     0.2847     0.2383  1.000e-12  0.1188000     9.2244     9.2198    -0.0046     7.2994     7.2959     65.877     67.332      0.527    1438.55    1438.53  0.000e+00
      11672     67.000     4.9554     4.9478    -0.0076    0.99935    0.99859          1     1.8280     1.5847      98.63     0.2626     0.2286  1.000e-12  0.1397000     9.3738     9.3683    -0.0055     7.4143     7.4103     66.372     67.838      0.444    1439.08    1439.04  0.000e+00
      11700     67.500     5.1121     5.1023    -0.0099    1.01449    1.01394          1     1.5328     1.4050      98.63     0.3129     0.1822  1.000e-12  0.1527000     9.4822     9.4795    -0.0028     7.4928     7.4911     66.867     68.343      0.453    1439.91    1439.86  0.000e+00
      11725     68.000     5.2439     5.2357    -0.0082    1.02548    1.02512          1     1.4141     1.3122      98.63     0.3074     0.2028  1.000e-12  0.1171000     9.5552     9.5539    -0.0013     7.5441     7.5435     67.363     68.849      0.532    1440.58    1440.54  0.000e+00
      11746     68.500     5.3320     5.3280    -0.0040    1.03492    1.03456          1     1.2990     1.2104      98.63     0.2877     0.2335  1.000e-12  0.1226000     9.6246     9.6222    -0.0024     7.5945     7.5928     67.858     69.354      0.579    1441.06    1441.04  0.000e+00
      11766     69.000     5.4101     5.4067    -0.0033    1.04584    1.04555          1     1.1833     1.1183      98.63     0.2853     0.2415  1.000e-12  0.1241000     9.7116     9.7096    -0.0020     7.6591     7.6577     68.353     69.859      0.568    1441.52    1441.50  0.000e+00
      11788     69.500     5.4551     5.4524    -0.0027    1.05403    1.05376          1     1.0955     1.0483      98.63     0.3013     0.2592  1.000e-12  0.1238000     9.7804     9.7785    -0.0019     7.7111     7.7097     68.848     70.365      0.516    1441.81    1441.79  0.000e+00
      11813     70.000     5.5186     5.5149    -0.0037    1.06425    1.06387          1     1.0165     0.9588      98.63     0.3244     0.2077  1.000e-12  0.1341000     9.8639     9.8613    -0.0027     7.7736     7.7717     69.344     70.870      0.470    1442.19    1442.17  0.000e+00
      11839     70.500     5.5802     5.5778    -0.0024    1.07245    1.07211          1     0.8995     0.8299      98.63     0.3330     0.2265  1.000e-12  0.1434000     9.9277     9.9251    -0.0026     7.8206     7.8186     69.839     71.375      0.484    1442.55    1442.54  0.000e+00
      11863     71.000     5.6246     5.6221    -0.0025    1.07968    1.07936          1     0.7992     0.7278      98.62     0.3225     0.2652  1.000e-12  0.1355000     9.9867     9.9843    -0.0025     7.8647     7.8629     70.334     71.881      0.519    1442.82    1442.81  0.000e+00
      11885     71.500     5.6654     5.6636    -0.0018    1.08686    1.08662          1     0.7129     0.6431      88.10     0.3186     0.2947  1.000e-12  0.1244000    10.0462    10.0443    -0.0019     7.9092     7.9078     70.829     72.386      0.537    1443.08    1443.07  0.000e+00
      11907     72.000     5.6876     5.6870    -0.0006    1.09218    1.09203          1     0.6473     0.5878      78.79     0.3430     0.2511  1.000e-12  0.1242000    10.0925    10.0912    -0.0013     7.9445     7.9435     71.324     72.891      0.543    1443.24    1443.24  0.000e+00
      11930     72.500     5.7111     5.7095    -0.0016    1.09836    1.09811          1     0.6324     0.5814      23.49     0.3216     0.2152  1.000e-12  0.1256000    10.1470    10.1450    -0.0020     7.9861     7.9846     71.820     73.397      0.525    1443.42    1443.41  0.000e+00
      11953     73.000     5.7413     5.7401    -0.0012    1.10645    1.10615          1     0.6792     0.6468      22.41     0.3334     0.2139  1.000e-12  0.1301000    10.2184    10.2159    -0.0026     8.0407     8.0387     72.315     73.902      0.503    1443.65    1443.64  0.000e+00
      11977     73.500     5.7724     5.7707    -0.0017    1.11468    1.11439          1     0.7335     0.6990      21.89     0.3002     0.2241  1.000e-12  0.1351000    10.2909    10.2885    -0.0023     8.0960     8.0942     72.810     74.407      0.501    1443.88    1443.87  0.000e+00
      12001     74.000     5.8026     5.8021    -0.0005    1.11955    1.11945          1     0.7403     0.6955      20.78     0.3175     0.2055  1.000e-12  0.1371000    10.3302    10.3294    -0.0008     8.1252     8.1246     73.305     74.912      0.504    1444.07    1444.06  0.000e+00
      12025     74.500     5.8161     5.8155    -0.0006    1.12247    1.12235          1     0.7228     0.6692      32.94     0.3017     0.2067  1.000e-12  0.1366000    10.3550    10.3540    -0.0010     8.1440     8.1432     73.801     75.417      0.504    1444.16    1444.16  0.000e+00
      12049     75.000     5.8380     5.8366    -0.0014    1.12613    1.12597          1     0.6769     0.6157      87.06     0.3154     0.2210  1.000e-12  0.1457000    10.3847    10.3836    -0.0012     8.1661     8.1652     74.296     75.922      0.511    1444.30    1444.30  0.000e+00
      12072     75.500     5.8552     5.8546    -0.0007    1.12970    1.12955          1     0.6214     0.5639      98.77     0.2994     0.2391  1.000e-12  0.1490000    10.4148    10.4136    -0.0012     8.1888     8.1878     74.791     76.428      0.535    1444.42    1444.42  0.000e+00
      12094     76.000     5.8792     5.8777    -0.0015    1.13387    1.13369          1     0.5995     0.5485      98.57     0.2963     0.1931  1.000e-12  0.1521000    10.4489    10.4476    -0.0013     8.2141     8.2132     75.286     76.933      0.552    1444.58    1444.57  0.000e+00
      12115     76.500     5.9015     5.9007    -0.0007    1.13739    1.13726          1     0.5878     0.5384      98.57     0.3091     0.2046  1.000e-12  0.1553000    10.4770    10.4758    -0.0011     8.2349     8.2340     75.781     77.438      0.540    1444.72    1444.71  0.000e+00
      12138     77.000     5.9172     5.9164    -0.0008    1.14023    1.14010          1     0.5594     0.5094      98.57     0.3091     0.2112  1.000e-12  0.1595000    10.5002    10.4992    -0.0011     8.2522     8.2514     76.277     77.943      0.499    1444.82    1444.82  0.000e+00
      12164     77.500     5.9354     5.9347    -0.0007    1.14403    1.14383          1     0.5365     0.4896      98.56     0.3064     0.2203  1.000e-12  0.1718000    10.5322    10.5305    -0.0017     8.2763     8.2750     76.772     78.448      0.458    1444.94    1444.94  0.000e+00
      12190     78.000     5.9551     5.9543    -0.0008    1.14800    1.14786          1     0.5223     0.4850      93.50     0.3027     0.2353  1.000e-12  0.1475000    10.5655    10.5644    -0.0011     8.3013     8.3005     77.267     78.953      0.474    1445.08    1445.07  0.000e+00
      12214     78.500     5.9843     5.9829    -0.0014    1.15209    1.15190          1     0.5326     0.4970      73.98     0.3190     0.1967  1.000e-12  0.1491000    10.5969    10.5955    -0.0014     8.3242     8.3232     77.762     79.458      0.546    1445.25    1445.24  0.000e+00
      12235     79.000     6.0128     6.0120    -0.0008    1.15653    1.15642          1     0.5341     0.5014      98.84     0.2967     0.2213  1.000e-12  0.1486000    10.6320    10.6312    -0.0008     8.3501     8.3494     78.257     79.963      0.597    1445.42    1445.42  0.000e+00
      12254     79.500     6.0326     6.0327     0.0001    1.16003    1.15991          1     0.4845     0.4247      98.57     0.3073     0.2269  1.000e-12  0.1643000    10.6605    10.6593    -0.0012     8.3713     8.3703     78.753     80.468      0.586    1445.55    1445.55  0.000e+00
      12276     80.000     5.9801     5.9850     0.0050    1.16046    1.16048          1     0.3220     0.2289      98.55     0.3171     0.2268  1.000e-12  0.1913000    10.6812    10.6799    -0.0014     8.3909     8.3895     79.248     80.973      0.510    1445.36    1445.38  0.000e+00
      12303     80.500     5.9607     5.9595    -0.0012    1.16157    1.16144          1     0.1687     0.1018      98.57     0.3370     0.2262  1.000e-12  0.2282000    10.6983    10.6974    -0.0009     8.4055     8.4049     79.743     81.478      0.430    1445.31    1445.30  0.000e+00
      12331     81.000     6.0155     6.0118    -0.0036    1.16551    1.16531          1     0.2065     0.1976      98.57     0.3276     0.2223  1.000e-12  0.2357000    10.7201    10.7192    -0.0009     8.4192     8.4188     80.238     81.983      0.449    1445.58    1445.56  0.000e+00
      12356     81.500     6.0637     6.0609    -0.0027    1.16926    1.16909          1     0.3532     0.3675      98.57     0.3122     0.2346  1.000e-12  0.2319000    10.7420    10.7412    -0.0008     8.4334     8.4329     80.733     82.488      0.557    1445.82    1445.81  0.000e+00
      12375     82.000     6.1328     6.1307    -0.0022    1.17535    1.17519          1     0.4751     0.4886      77.74     0.3104     0.2232  1.000e-12  0.2173000    10.7803    10.7795    -0.0009     8.4591     8.4586     81.229     82.993      0.633    1446.17    1446.16  0.000e+00
      12394     82.500     6.1546     6.1546    -0.0001    1.17882    1.17874          1     0.5399     0.5363      92.05     0.3073     0.2100  1.000e-12  0.1990000    10.8078    10.8070    -0.0007     8.4793     8.4787     81.724     83.498      0.622    1446.30    1446.30  0.000e+00
      12414     83.000     6.1617     6.1617     0.0000    1.18054    1.18047          1     0.5551     0.5343      98.15     0.2983     0.2426  1.000e-12  0.1726000    10.8225    10.8218    -0.0007     8.4904     8.4898     82.219     84.003      0.518    1446.36    1446.36  0.000e+00
      12442     83.500     6.1683     6.1684     0.0002    1.18230    1.18223          1     0.5383     0.5116      98.56     0.3063     0.2129  1.000e-12  0.1714000    10.8378    10.8370    -0.0008     8.5020     8.5013     82.714     84.508      0.395    1446.41    1446.41  0.000e+00
