ctdpy/exports/archive_20191121_122431/received_data/SBE09_0827_20180821_0924_26_01_0822.cnv
* Sea-Bird SBE 9 Data File:
* FileName = D:\CTD_SBE911\DAT\26DA.2018.8.22.hex
* Software Version Seasave V 7.21d
* Temperature SN = 034605
* Conductivity SN = 041844
* Number of Bytes Per Scan = 48
* Number of Voltage Words = 5
* Number of Scans Averaged by the Deck Unit = 1
* NMEA Latitude = 58 36.84 N
* NMEA Longitude = 010 34.91 E
* NMEA UTC (Time) = Aug 21 2018  09:26:32
* NMEA baud rate = 4800
** Ship: DANA
** Average sound velocity: 1490.39 m/s
** True-depth calculation Thu, 28 Mar 2019 09:24:02 +0000
** CTD Python Module SMHI /ver 3-12/ feb 2012 
** LIMS Job: 20182601-0822
**  15 W VÆDERØBOD
** Operator: Christian
** Cruise: 08/2018
# nquan = 26
# nvalues = 300                         
# units = specified
# name 0 = scan: Scan Count
# name 1 = prDM: Pressure, Digiquartz [db]
# name 2 = t090C: Temperature [ITS-90, deg C]
# name 3 = t190C: Temperature, 2 [ITS-90, deg C]
# name 4 = T2-T190C: Temperature Difference, 2 - 1 [ITS-90, deg C]
# name 5 = c0S/m: Conductivity [S/m]
# name 6 = c1S/m: Conductivity, 2 [S/m]
# name 7 = pumps: Pump Status
# name 8 = sbeox1ML/L: Oxygen, SBE 43, 2 [ml/l]
# name 9 = sbeox0ML/L: Oxygen, SBE 43 [ml/l]
# name 10 = altM: Altimeter [m]
# name 11 = chloroflTC0: Chlorophyll, Turner Cyclops [ug/l]
# name 12 = cpar: CPAR/Corrected Irradiance [%]
# name 13 = par: PAR/Irradiance, Biospherical/Lico [µE/(cm^2*s)]
# name 14 = spar: SPAR, Biospherical/Licor
# name 15 = sal00: Salinity, Practical [PSU]
# name 16 = sal11: Salinity, Practical, 2 [PSU]
# name 17 = secS-priS: Salinity, Practical, Difference, 2 - 1 [PSU]
# name 18 = sigma-t00: Density [sigma-t, kg/m^3 ]
# name 19 = sigma-t11: Density, 2 [sigma-t, kg/m^3 ]
# name 20 = depSM: Depth [salt water, m], lat = 58.614
# name 21 = depFM: Depth [true depth, m], lat = 58.614
# name 22 = dz/dtM: Descent Rate [m/s], WS = 2
# name 23 = svCM: Sound Velocity [Chen-Millero, m/s]
# name 24 = svCM1: Sound Velocity, 2 [Chen-Millero, m/s]
# name 25 = flag: flag
# span 0 =        230,      10184       
# span 1 =      1.500,    151.000       
# span 2 =     6.8113,    17.4044       
# span 3 =     6.8103,    17.3433       
# span 4 =    -0.3295,     1.1219       
# span 5 =   3.522184,   4.250189       
# span 6 =   3.522430,   4.242654       
# span 7 =          1,          1       
# span 8 =     5.2710,     6.5290       
# span 9 =     5.3712,     6.5245       
# span 10 =       1.05,       9.98      
# span 11 =     0.0347,     0.2334      
# span 12 = 4.7317e-14, 2.6017e+00      
# span 13 = 9.7933e-13, 4.4818e+01      
# span 14 = 1.1422e+03, 2.1134e+03      
# span 15 =    31.3165,    35.0584      
# span 16 =    31.3271,    35.0847      
# span 17 =    -0.4203,     0.1530      
# span 18 =    22.6103,    27.4836      
# span 19 =    22.6187,    27.4868      
# span 20 =      1.486,    149.539      
# span 21 =      1.494,    149.862      
# span 22 =      0.136,      0.630      
# span 23 =    1480.29,    1511.47      
# span 24 =    1480.30,    1511.30      
# span 25 = 0.0000e+00, 0.0000e+00      
# interval = decibars: 0.5              
# start_time = Aug 21 2018 09:26:32 [NMEA time, first data scan]
# bad_flag = -9.990e-29
*END*
[from data line 112]
       4694     57.500     9.5329     9.5559     0.0230    3.74558    3.74968          1     5.6472     5.6012       9.97     0.0493  5.112e-14  1.000e-12  1.956e+03    34.7737    34.7938     0.0200    26.8539    26.8658     56.956     57.161      0.300    1488.82    1488.92  0.000e+00
       4733     58.000     9.5197     9.5401     0.0204    3.74442    3.74805          1     5.6183     5.6061       9.97     0.0504  5.123e-14  1.000e-12  1.952e+03    34.7743    34.7921     0.0178    26.8566    26.8671     57.452     57.657      0.317    1488.78    1488.87  0.000e+00
       4774     58.500     9.5168     9.5285     0.0116    3.74424    3.74690          1     5.6019     5.5999       9.97     0.0504  5.170e-14  1.000e-12  1.934e+03    34.7750    34.7913     0.0163    26.8576    26.8684     57.947     58.152      0.258    1488.77    1488.84  0.000e+00
       4822     59.000     9.5068     9.5187     0.0119    3.74344    3.74591          1     5.6191     5.6004       9.97     0.0482  5.291e-14  1.000e-12  1.890e+03    34.7763    34.7902     0.0140    26.8603    26.8692     58.442     58.648      0.278    1488.75    1488.81  0.000e+00
       4860     59.500     9.4883     9.4947     0.0064    3.74179    3.74431          1     5.6252     5.5860       9.97     0.0477  5.385e-14  1.000e-12  1.857e+03    34.7768    34.7968     0.0200    26.8638    26.8783     58.937     59.144      0.331    1488.69    1488.74  0.000e+00
       4897     60.000     9.4532     9.4583     0.0051    3.73868    3.74091          1     5.6122     5.5860       9.97     0.0441  5.380e-14  1.000e-12  1.859e+03    34.7785    34.7966     0.0181    26.8709    26.8842     59.432     59.640      0.308    1488.57    1488.61  0.000e+00
       4940     60.500     9.4290     9.4448     0.0158    3.73626    3.73921          1     5.5988     5.5792       9.97     0.0473  5.272e-14  1.000e-12  1.897e+03    34.7767    34.7920     0.0152    26.8735    26.8828     59.928     60.136      0.262    1488.49    1488.57  0.000e+00
       4983     61.000     9.4009     9.3968    -0.0041    3.73359    3.73527          1     5.5833     5.5718       9.97     0.0464  5.193e-14  1.000e-12  1.926e+03    34.7761    34.7975     0.0214    26.8777    26.8951     60.423     60.632      0.321    1488.40    1488.41  0.000e+00
       5019     61.500     9.3739     9.3582    -0.0158    3.73069    3.73144          1     5.5745     5.5555       9.97     0.0462  5.156e-14  1.000e-12  1.940e+03    34.7721    34.7950     0.0230    26.8789    26.8995     60.918     61.128      0.315    1488.30    1488.27  0.000e+00
       5059     62.000     9.3462     9.3338    -0.0122    3.72798    3.72867          1     5.5556     5.5426       9.97     0.0474  5.193e-14  1.000e-12  1.926e+03    34.7706    34.7898     0.0192    26.8823    26.8994     61.413     61.624      0.293    1488.21    1488.18  0.000e+00
       5102     62.500     9.3279     9.3211    -0.0067    3.72643    3.72722          1     5.5569     5.5468       9.97     0.0485  5.292e-14  1.000e-12  1.890e+03    34.7720    34.7869     0.0148    26.8865    26.8992     61.908     62.120      0.269    1488.15    1488.14  0.000e+00
       5147     63.000     9.3238     9.3202    -0.0036    3.72622    3.72698          1     5.5566     5.5442       9.97     0.0531  5.395e-14  1.000e-12  1.854e+03    34.7736    34.7851     0.0115    26.8883    26.8979     62.404     62.616      0.264    1488.14    1488.15  0.000e+00
       5193     63.500     9.3202     9.3175    -0.0026    3.72603    3.72686          1     5.5427     5.5444       9.97     0.0460  5.527e-14  1.000e-12  1.809e+03    34.7749    34.7861     0.0112    26.8900    26.8992     62.899     63.112      0.286    1488.14    1488.15  0.000e+00
       5229     64.000     9.3187     9.3149    -0.0038    3.72600    3.72667          1     5.5521     5.5487       9.97     0.0453  5.649e-14  1.000e-12  1.770e+03    34.7759    34.7865     0.0106    26.8910    26.8999     63.394     63.608      0.354    1488.14    1488.14  0.000e+00
       5264     64.500     9.3167     9.3099    -0.0068    3.72585    3.72628          1     5.5711     5.5546       9.97     0.0463  5.738e-14  1.000e-12  1.743e+03    34.7760    34.7871     0.0111    26.8914    26.9012     63.889     64.104      0.312    1488.15    1488.13  0.000e+00
       5305     65.000     9.3099     9.3030    -0.0069    3.72541    3.72574          1     5.5589     5.5588       9.97     0.0453  5.771e-14  1.000e-12  1.733e+03    34.7779    34.7879     0.0100    26.8940    26.9030     64.384     64.600      0.291    1488.13    1488.12  0.000e+00
       5346     65.500     9.3055     9.2987    -0.0069    3.72518    3.72548          1     5.5609     5.5617       9.97     0.0459  5.774e-14  1.000e-12  1.732e+03    34.7794    34.7893     0.0099    26.8959    26.9047     64.879     65.096      0.296    1488.13    1488.11  0.000e+00
       5387     66.000     9.2941     9.2864    -0.0076    3.72438    3.72467          1     5.5616     5.5628       9.97     0.0480  5.814e-14  1.000e-12  1.720e+03    34.7821    34.7925     0.0105    26.8999    26.9093     65.375     65.592      0.284    1488.10    1488.08  0.000e+00
       5429     66.500     9.2848     9.2773    -0.0075    3.72367    3.72391          1     5.5691     5.5654       9.97     0.0486  5.925e-14  1.000e-12  1.688e+03    34.7834    34.7932     0.0098    26.9024    26.9113     65.870     66.087      0.295    1488.07    1488.06  0.000e+00
       5469     67.000     9.2680     9.2581    -0.0099    3.72210    3.72243          1     5.5691     5.5713       9.97     0.0521  6.079e-14  1.000e-12  1.645e+03    34.7832    34.7963     0.0131    26.9050    26.9169     66.365     66.583      0.297    1488.02    1488.00  0.000e+00
       5513     67.500     9.2320     9.2226    -0.0094    3.71868    3.71909          1     5.5693     5.5479       9.97     0.0447  6.127e-14  1.000e-12  1.632e+03    34.7824    34.7960     0.0135    26.9103    26.9224     66.860     67.079      0.261    1487.89    1487.88  0.000e+00
       5556     68.000     9.1867     9.1787    -0.0079    3.71441    3.71520          1     5.5568     5.5360       9.97     0.0472  5.954e-14  1.000e-12  1.680e+03    34.7819    34.7979     0.0159    26.9172    26.9310     67.355     67.575      0.307    1487.73    1487.72  0.000e+00
       5593     68.500     9.1600     9.1487    -0.0114    3.71187    3.71250          1     5.5488     5.5327       9.97     0.0461  5.757e-14  1.000e-12  1.737e+03    34.7812    34.7988     0.0176    26.9210    26.9366     67.850     68.071      0.317    1487.64    1487.62  0.000e+00
       5633     69.000     9.1225     9.1061    -0.0164    3.70842    3.70863          1     5.5376     5.5158       9.97     0.0474  5.566e-14  1.000e-12  1.797e+03    34.7815    34.7998     0.0182    26.9273    26.9443     68.346     68.567      0.289    1487.52    1487.48  0.000e+00
       5673     69.500     9.0735     9.0579    -0.0156    3.70405    3.70462          1     5.5304     5.5260       9.97     0.0448  5.390e-14  1.000e-12  1.855e+03    34.7835    34.8048     0.0213    26.9368    26.9560     68.841     69.063      0.325    1487.35    1487.32  0.000e+00
       5709     70.000     9.0342     9.0155    -0.0187    3.70057    3.70085          1     5.5137     5.5284       9.97     0.0449  5.328e-14  1.000e-12  1.877e+03    34.7853    34.8066     0.0213    26.9445    26.9642     69.336     69.559      0.311    1487.21    1487.17  0.000e+00
       5755     70.500     8.9768     8.9610    -0.0159    3.69550    3.69584          1     5.5043     5.5058       9.97     0.0444  5.366e-14  1.000e-12  1.864e+03    34.7881    34.8071     0.0191    26.9559    26.9734     69.831     70.055      0.242    1487.01    1486.98  0.000e+00
       5800     71.000     8.9233     8.9094    -0.0138    3.69063    3.69099          1     5.4900     5.5042       9.97     0.0449  5.441e-14  1.000e-12  1.838e+03    34.7892    34.8066     0.0173    26.9654    26.9812     70.326     70.551      0.309    1486.82    1486.80  0.000e+00
       5838     71.500     8.9160     8.9033    -0.0128    3.68995    3.69017          1     5.4850     5.5040       9.97     0.0473  5.444e-14  1.000e-12  1.837e+03    34.7890    34.8038     0.0148    26.9664    26.9800     70.822     71.047      0.294    1486.81    1486.78  0.000e+00
       5882     72.000     8.9087     8.8997    -0.0090    3.68934    3.68966          1     5.4894     5.4968       9.97     0.0520  5.410e-14  1.000e-12  1.848e+03    34.7895    34.8017     0.0122    26.9680    26.9789     71.317     71.542      0.281    1486.79    1486.77  0.000e+00
       5921     72.500     8.9008     8.8947    -0.0061    3.68868    3.68923          1     5.4937     5.4909       9.97     0.0482  5.375e-14  1.000e-12  1.860e+03    34.7900    34.8017     0.0117    26.9696    26.9798     71.812     72.038      0.321    1486.77    1486.76  0.000e+00
       5960     73.000     8.8992     8.8916    -0.0075    3.68855    3.68884          1     5.4910     5.4882       9.97     0.0465  5.339e-14  1.000e-12  1.873e+03    34.7901    34.8005     0.0104    26.9699    26.9792     72.307     72.534      0.275    1486.77    1486.75  0.000e+00
       6006     73.500     8.8885     8.8833    -0.0052    3.68754    3.68825          1     5.5012     5.4789       9.97     0.0415  5.331e-14  1.000e-12  1.876e+03    34.7896    34.8022     0.0125    26.9712    26.9819     72.802     73.030      0.287    1486.74    1486.73  0.000e+00
       6043     74.000     8.8202     8.8145    -0.0057    3.68189    3.68352          1     5.4917     5.4952       9.97     0.0431  5.333e-14  1.000e-12  1.875e+03    34.7970    34.8198     0.0228    26.9879    27.0066     73.297     73.526      0.341    1486.50    1486.51  0.000e+00
       6082     74.500     8.7889     8.7683    -0.0205    3.67980    3.67968          1     5.4762     5.5092       9.97     0.0437  5.299e-14  1.000e-12  1.887e+03    34.8055    34.8245     0.0190    26.9995    27.0177     73.793     74.022      0.263    1486.41    1486.35  0.000e+00
       6131     75.000     8.7640     8.7474    -0.0166    3.67795    3.67789          1     5.4945     5.5121       9.97     0.0429  5.235e-14  1.000e-12  1.910e+03    34.8102    34.8260     0.0158    27.0072    27.0222     74.288     74.518      0.255    1486.33    1486.29  0.000e+00
       6174     75.500     8.7403     8.7194    -0.0208    3.67583    3.67579          1     5.4959     5.5072       9.97     0.0439  5.201e-14  1.000e-12  1.923e+03    34.8109    34.8311     0.0201    27.0115    27.0305     74.783     75.014      0.317    1486.25    1486.20  0.000e+00
       6209     76.000     8.6964     8.6834    -0.0130    3.67299    3.67340          1     5.4890     5.5210       9.97     0.0455  5.171e-14  1.000e-12  1.934e+03    34.8239    34.8411     0.0172    27.0285    27.0441     75.278     75.510      0.346    1486.11    1486.08  0.000e+00
       6248     76.500     8.6985     8.6931    -0.0054    3.67499    3.67567          1     5.5203     5.5907       9.97     0.0452  5.144e-14  1.000e-12  1.944e+03    34.8427    34.8553     0.0126    27.0429    27.0536     75.773     76.005      0.272    1486.15    1486.15  0.000e+00
       6295     77.000     8.6807     8.6613    -0.0194    3.67555    3.67649          1     5.5973     5.6590       9.97     0.0441  5.141e-14  1.000e-12  1.945e+03    34.8660    34.8951     0.0291    27.0640    27.0899     76.268     76.501      0.254    1486.12    1486.08  0.000e+00
       6340     77.500     8.5944     8.5741    -0.0203    3.66797    3.66857          1     5.6482     5.6468       9.97     0.0433  5.144e-14  1.000e-12  1.944e+03    34.8707    34.8972     0.0265    27.0812    27.1052     76.764     76.997      0.306    1485.81    1485.77  0.000e+00
       6376     78.000     8.4757     8.4551    -0.0207    3.65665    3.65869          1     5.6361     5.6119       9.97     0.0450  5.141e-14  1.000e-12  1.945e+03    34.8678    34.9098     0.0420    27.0974    27.1336     77.259     77.493      0.314    1485.38    1485.35  0.000e+00
       6420     78.500     8.4281     8.3828    -0.0452    3.65231    3.65033          1     5.5798     5.5761       9.97     0.0444  5.162e-14  1.000e-12  1.937e+03    34.8686    34.8924     0.0238    27.1054    27.1311     77.754     77.989      0.258    1485.21    1485.07  0.000e+00
       6463     79.000     8.3893     8.3615    -0.0279    3.64886    3.64840          1     5.5554     5.5738       9.97     0.0461  5.153e-14  1.000e-12  1.941e+03    34.8701    34.8928     0.0227    27.1126    27.1347     78.249     78.485      0.293    1485.07    1485.00  0.000e+00
       6504     79.500     8.3567     8.3158    -0.0410    3.64587    3.64534          1     5.5625     5.5562       9.97     0.0505  5.091e-14  1.000e-12  1.964e+03    34.8703    34.9053     0.0350    27.1178    27.1515     78.744     78.980      0.284    1484.96    1484.85  0.000e+00
       6547     80.000     8.2210     8.1261    -0.0948    3.63107    3.62633          1     5.5025     5.4676       9.97     0.0473  5.027e-14  1.000e-12  1.989e+03    34.8468    34.8904     0.0436    27.1201    27.1688     79.239     79.476      0.291    1484.43    1484.13  0.000e+00
       6585     80.500     8.1232     8.1035    -0.0198    3.62226    3.62255          1     5.4342     5.4386       9.97     0.0484  5.026e-14  1.000e-12  1.990e+03    34.8494    34.8722     0.0228    27.1370    27.1579     79.734     79.972      0.329    1484.07    1484.03  0.000e+00
       6624     81.000     8.1143     8.1020    -0.0123    3.62217    3.62297          1     5.4208     5.4392       9.97     0.0448  5.115e-14  1.000e-12  1.955e+03    34.8571    34.8779     0.0209    27.1444    27.1626     80.230     80.468      0.283    1484.06    1484.04  0.000e+00
       6670     81.500     8.0845     8.0633    -0.0212    3.61979    3.62028          1     5.4262     5.4591       9.97     0.0423  5.246e-14  1.000e-12  1.906e+03    34.8611    34.8874     0.0263    27.1520    27.1759     80.725     80.964      0.269    1483.96    1483.91  0.000e+00
       6710     82.000     8.0273     7.9818    -0.0454    3.61496    3.61375          1     5.4314     5.4448       9.97     0.0448  5.370e-14  1.000e-12  1.862e+03    34.8660    34.8983     0.0323    27.1645    27.1967     81.220     81.460      0.301    1483.76    1483.63  0.000e+00
       6753     82.500     7.9719     7.9398    -0.0320    3.61068    3.61011          1     5.4088     5.4407       9.97     0.0447  5.507e-14  1.000e-12  1.816e+03    34.8750    34.9008     0.0258    27.1799    27.2050     81.715     81.955      0.276    1483.57    1483.48  0.000e+00
       6795     83.000     7.9830     7.9870     0.0038    3.61463    3.61502          1     5.4200     5.5539       9.97     0.0498  5.540e-14  1.000e-12  1.805e+03    34.9062    34.9063     0.0002    27.2027    27.2022     82.210     82.451      0.285    1483.66    1483.67  0.000e+00
       6837     83.500     8.0695     8.0895     0.0201    3.62574    3.62881          1     5.5232     5.6718       9.97     0.0454  5.481e-14  1.000e-12  1.824e+03    34.9388    34.9518     0.0130    27.2154    27.2226     82.705     82.947      0.288    1484.03    1484.12  0.000e+00
       6879     84.000     8.0847     8.0842    -0.0004    3.62913    3.63007          1     5.6326     5.7329       9.97     0.0432  5.432e-14  1.000e-12  1.841e+03    34.9598    34.9703     0.0105    27.2296    27.2379     83.200     83.443      0.295    1484.12    1484.14  0.000e+00
       6916     84.500     8.0655     8.0571    -0.0084    3.62823    3.62906          1     5.6795     5.7409       9.97     0.0468  5.481e-14  1.000e-12  1.824e+03    34.9690    34.9864     0.0174    27.2397    27.2546     83.696     83.938      0.335    1484.07    1484.06  0.000e+00
