ctdpy/exports/archive_20191121_122431/received_data/SBE09_0827_20181012_2151_26_01_1086.cnv
* Sea-Bird SBE 9 Data File:
* FileName = D:\CTD_SBE911\DAT\26DA.2018.10.86.hex
* Software Version Seasave V 7.21d
* Temperature SN = 4548
* Conductivity SN = 3062
* Number of Bytes Per Scan = 48
* Number of Voltage Words = 5
* Number of Scans Averaged by the Deck Unit = 1
* NMEA Latitude = 55 54.25 N
* NMEA Longitude = 016 44.27 E
* NMEA UTC (Time) = Oct 12 2018  21:54:00
* NMEA baud rate = 4800
** Ship: DANA
** Average sound velocity: 1447.67 m/s
** True-depth calculation Thu, 28 Mar 2019 12:28:24 +0000
** CTD Python Module SMHI /ver 3-12/ feb 2012 
** LIMS Job: 20182601-1086
** Operator: Christian A-KTh
** Cruise: 10/2018
# nquan = 26
# nvalues = 72                          
# units = specified
# name 0 = scan: Scan Count
# name 1 = prDM: Pressure, Digiquartz [db]
# name 2 = t090C: Temperature [ITS-90, deg C]
# name 3 = t190C: Temperature, 2 [ITS-90, deg C]
# name 4 = T2-T190C: Temperature Difference, 2 - 1 [ITS-90, deg C]
# name 5 = c0S/m: Conductivity [S/m]
# name 6 = c1S/m: Conductivity, 2 [S/m]
# name 7 = pumps: Pump Status
# name 8 = sbeox1ML/L: Oxygen, SBE 43, 2 [ml/l]
# name 9 = sbeox0ML/L: Oxygen, SBE 43 [ml/l]
# name 10 = altM: Altimeter [m]
# name 11 = chloroflTC0: Chlorophyll, Turner Cyclops [ug/l]
# name 12 = cpar: CPAR/Corrected Irradiance [%]
# name 13 = par: PAR/Irradiance, Biospherical/Lico [µE/(cm^2*s)]
# name 14 = spar: SPAR, Biospherical/Licor
# name 15 = sal00: Salinity, Practical [PSU]
# name 16 = sal11: Salinity, Practical, 2 [PSU]
# name 17 = secS-priS: Salinity, Practical, Difference, 2 - 1 [PSU]
# name 18 = sigma-t00: Density [sigma-t, kg/m^3 ]
# name 19 = sigma-t11: Density, 2 [sigma-t, kg/m^3 ]
# name 20 = depSM: Depth [salt water, m], lat = 55.9042
# name 21 = depFM: Depth [true depth, m], lat = 55.9042
# name 22 = dz/dtM: Descent Rate [m/s], WS = 2
# name 23 = svCM: Sound Velocity [Chen-Millero, m/s]
# name 24 = svCM1: Sound Velocity, 2 [Chen-Millero, m/s]
# name 25 = flag: flag
# span 0 =        312,       3875       
# span 1 =      1.500,     37.000       
# span 2 =     4.9162,    10.0138       
# span 3 =     4.9201,    10.0138       
# span 4 =    -0.4028,     0.0729       
# span 5 =   0.843531,   0.944462       
# span 6 =   0.843988,   0.944449       
# span 7 =          1,          1       
# span 8 =     6.0246,     7.6708       
# span 9 =     5.6839,     7.1794       
# span 10 =       1.44,       9.97      
# span 11 =     0.0171,     0.0394      
# span 12 = 4.9241e-11, 4.9241e-11      
# span 13 = 1.0000e-12, 1.0000e-12      
# span 14 = 2.0308e+00, 2.0308e+00      
# span 15 =     7.6126,     8.2274      
# span 16 =     7.6192,     8.2310      
# span 17 =    -0.0016,     0.0297      
# span 18 =     5.6597,     6.4922      
# span 19 =     5.6597,     6.4948      
# span 20 =      1.486,     36.660      
# span 21 =      1.519,     37.465      
# span 22 =      0.013,      0.335      
# span 23 =    1436.63,    1456.83      
# span 24 =    1436.62,    1456.82      
# span 25 = 0.0000e+00, 0.0000e+00      
# interval = decibars: 0.5              
# start_time = Oct 12 2018 21:54:01 [NMEA time, first data scan]
# bad_flag = -9.990e-29
*END*
[from data line 56]
       3056     29.500     5.6993     5.5954    -0.1040    0.85216    0.85014          1     6.9015     6.4742       9.54     0.0195  4.924e-11  1.000e-12  2.031e+00     7.7279     7.7319     0.0040     6.0784     6.0868     29.230     29.873      0.259    1439.63    1439.18  0.000e+00
       3115     30.000     5.5295     5.4390    -0.0900    0.84785    0.84643          1     6.8015     6.3943       9.01     0.0195  4.924e-11  1.000e-12  2.031e+00     7.7246     7.7315     0.0069     6.0842     6.0940     29.725     30.380      0.251    1438.90    1438.51  0.000e+00
       3156     30.500     5.4358     5.4199    -0.0160    0.84675    0.84688          1     6.7709     6.3756       8.50     0.0194  4.924e-11  1.000e-12  2.031e+00     7.7354     7.7403     0.0049     6.0971     6.1018     30.220     30.886      0.306    1438.51    1438.45  0.000e+00
       3201     31.000     5.4264     5.4011    -0.0253    0.84717    0.84721          1     6.7469     6.3518       7.93     0.0195  4.924e-11  1.000e-12  2.031e+00     7.7416     7.7478     0.0062     6.1025     6.1086     30.716     31.392      0.236    1438.49    1438.38  0.000e+00
       3251     31.500     5.3914     5.3826    -0.0088    0.84745    0.84780          1     6.7590     6.3474       7.39     0.0193  4.924e-11  1.000e-12  2.031e+00     7.7523     7.7578     0.0055     6.1126     6.1174     31.211     31.898      0.261    1438.36    1438.32  0.000e+00
       3295     32.000     5.4596     5.4810     0.0213    0.85154    0.85299          1     6.7551     6.3587       6.88     0.0193  4.924e-11  1.000e-12  2.031e+00     7.7766     7.7860     0.0093     6.1286     6.1350     31.707     32.404      0.271    1438.69    1438.80  0.000e+00
       3343     32.500     5.3433     5.2625    -0.0807    0.85027    0.84938          1     6.6823     6.2979       6.32     0.0190  4.924e-11  1.000e-12  2.031e+00     7.7911     7.8012     0.0100     6.1455     6.1570     32.202     32.911      0.232    1438.21    1437.87  0.000e+00
       3392     33.000     5.1862     5.1391    -0.0470    0.85044    0.85119          1     6.6074     6.2279       5.81     0.0185  4.924e-11  1.000e-12  2.031e+00     7.8294     7.8479     0.0185     6.1827     6.1994     32.697     33.417      0.286    1437.58    1437.40  0.000e+00
       3434     33.500     5.1543     5.1367    -0.0177    0.85217    0.85346          1     6.5966     6.1959       5.26     0.0182  4.924e-11  1.000e-12  2.031e+00     7.8540     7.8709     0.0169     6.2036     6.2177     33.193     33.923      0.239    1437.48    1437.43  0.000e+00
       3492     34.000     5.1460     5.0966    -0.0492    0.85491    0.85648          1     6.5400     6.1574       4.73     0.0180  4.924e-11  1.000e-12  2.031e+00     7.8831     7.9103     0.0272     6.2269     6.2505     33.688     34.429      0.250    1437.49    1437.31  0.000e+00
       3531     34.500     5.0072     4.9201    -0.0871    0.85794    0.85835          1     6.4142     6.0662       4.22     0.0174  4.924e-11  1.000e-12  2.031e+00     7.9461     7.9710     0.0249     6.2826     6.3058     34.183     34.935      0.311    1436.97    1436.62  0.000e+00
       3576     35.000     4.9162     4.9324     0.0163    0.85975    0.86269          1     6.3841     6.0145       3.63     0.0171  4.924e-11  1.000e-12  2.031e+00     7.9858     8.0113     0.0255     6.3177     6.3372     34.679     35.441      0.221    1436.63    1436.73  0.000e+00
       3634     35.500     5.1225     5.1789     0.0564    0.87508    0.87945          1     6.2922     5.9423       3.11     0.0171  4.924e-11  1.000e-12  2.031e+00     8.0888     8.1185     0.0297     6.3906     6.4117     35.174     35.947      0.263    1437.67    1437.96  0.000e+00
       3671     36.000     5.2179     5.2365     0.0186    0.88386    0.88562          1     6.1589     5.8342       2.60     0.0171  4.924e-11  1.000e-12  2.031e+00     8.1527     8.1656     0.0129     6.4369     6.4463     35.670     36.453      0.310    1438.18    1438.28  0.000e+00
       3720     36.500     5.2424     5.2637     0.0213    0.88604    0.88811          1     6.1166     5.7580       2.04     0.0171  4.924e-11  1.000e-12  2.031e+00     8.1683     8.1836     0.0152     6.4482     6.4593     36.165     36.959      0.211    1438.31    1438.43  0.000e+00
       3875     37.000     5.3014     5.3064     0.0050    0.89347    0.89396          1     6.0246     5.6839       1.44     0.0172  4.924e-11  1.000e-12  2.031e+00     8.2274     8.2310     0.0036     6.4922     6.4948     36.660     37.465      0.013    1438.65    1438.68  0.000e+00
