ctdpy/exports/archive_20191121_122431/received_data/SBE09_0827_20180830_0440_26_01_0940.cnv
* Sea-Bird SBE 9 Data File:
* FileName = D:\CTD_SBE911\DAT\26DA.2018.8.140.hex
* Software Version Seasave V 7.21d
* Temperature SN = 034605
* Conductivity SN = 041844
* Number of Bytes Per Scan = 48
* Number of Voltage Words = 5
* Number of Scans Averaged by the Deck Unit = 1
* NMEA Latitude = 57 18.36 N
* NMEA Longitude = 011 34.86 E
* NMEA UTC (Time) = Aug 30 2018  04:43:05
* NMEA baud rate = 4800
** Ship: DANA
** Average sound velocity: 1503.69 m/s
** True-depth calculation Wed, 24 Apr 2019 11:52:23 +0000
** CTD Python Module SMHI /ver 3-12/ feb 2012 
** LIMS Job: 20182601-0940
**  10 WNW NIDINGEN
** Operator: Christian
** Cruise: 08/2018
# nquan = 26
# nvalues = 129                         
# units = specified
# name 0 = scan: Scan Count
# name 1 = prDM: Pressure, Digiquartz [db]
# name 2 = t090C: Temperature [ITS-90, deg C]
# name 3 = t190C: Temperature, 2 [ITS-90, deg C]
# name 4 = T2-T190C: Temperature Difference, 2 - 1 [ITS-90, deg C]
# name 5 = c0S/m: Conductivity [S/m]
# name 6 = c1S/m: Conductivity, 2 [S/m]
# name 7 = pumps: Pump Status
# name 8 = sbeox1ML/L: Oxygen, SBE 43, 2 [ml/l]
# name 9 = sbeox0ML/L: Oxygen, SBE 43 [ml/l]
# name 10 = altM: Altimeter [m]
# name 11 = chloroflTC0: Chlorophyll, Turner Cyclops [ug/l]
# name 12 = cpar: CPAR/Corrected Irradiance [%]
# name 13 = par: PAR/Irradiance, Biospherical/Lico [µE/(cm^2*s)]
# name 14 = spar: SPAR, Biospherical/Licor
# name 15 = sal00: Salinity, Practical [PSU]
# name 16 = sal11: Salinity, Practical, 2 [PSU]
# name 17 = secS-priS: Salinity, Practical, Difference, 2 - 1 [PSU]
# name 18 = sigma-t00: Density [sigma-t, kg/m^3 ]
# name 19 = sigma-t11: Density, 2 [sigma-t, kg/m^3 ]
# name 20 = depSM: Depth [salt water, m], lat = 57.306
# name 21 = depFM: Depth [true depth, m], lat = 57.306
# name 22 = dz/dtM: Descent Rate [m/s], WS = 2
# name 23 = svCM: Sound Velocity [Chen-Millero, m/s]
# name 24 = svCM1: Sound Velocity, 2 [Chen-Millero, m/s]
# name 25 = flag: flag
# span 0 =         90,       8761       
# span 1 =      1.000,     65.000       
# span 2 =     9.2424,    18.1683       
# span 3 =     9.2470,    18.1786       
# span 4 =    -0.3151,     0.1055       
# span 5 =   3.438892,   4.239113       
# span 6 =   3.439160,   4.240184       
# span 7 =          1,          1       
# span 8 =     4.0591,     5.9009       
# span 9 =     4.1145,     5.6811       
# span 10 =      -2.14,       9.98      
# span 11 =    -0.0183,     0.0440      
# span 12 = 3.5171e-12, 9.4818e+00      
# span 13 = 1.0000e-12, 2.6959e+00      
# span 14 = 2.6401e+01, 2.8433e+01      
# span 15 =    25.5767,    33.5148      
# span 16 =    25.5802,    33.5280      
# span 17 =    -0.0109,     0.3708      
# span 18 =    18.1439,    25.9167      
# span 19 =    18.1470,    25.9242      
# span 20 =      0.991,     64.391      
# span 21 =      1.000,     64.728      
# span 22 =     -0.397,      0.294      
# span 23 =    1486.33,    1512.67      
# span 24 =    1486.35,    1512.68      
# span 25 = 0.0000e+00, 0.0000e+00      
# interval = decibars: 0.5              
# start_time = Aug 30 2018 04:43:05 [NMEA time, first data scan]
# bad_flag = -9.990e-29
*END*
[from data line 56]
       2833     29.000    17.7053    17.6628    -0.0425    4.23074    4.23280          1     5.2761     5.0431       9.97     0.0311  3.517e-12  1.000e-12  2.843e+01    32.1729    32.2241     0.0512    23.1791    23.2284     28.731     28.941      0.274    1512.19    1512.12  0.000e+00
       2878     29.500    17.6142    17.5617    -0.0522    4.23243    4.23429          1     5.2617     5.0339       9.97     0.0308  3.517e-12  1.000e-12  2.843e+01    32.2593    32.3168     0.0575    23.2669    23.3235     29.226     29.439      0.261    1512.02    1511.93  0.000e+00
       2923     30.000    17.5324    17.4816    -0.0508    4.23609    4.23829          1     5.2786     5.0341       9.97     0.0304  3.517e-12  1.000e-12  2.843e+01    32.3553    32.4146     0.0593    23.3599    23.4175     29.722     29.937      0.272    1511.90    1511.81  0.000e+00
       2967     30.500    17.4967    17.4666    -0.0302    4.23746    4.23913          1     5.2740     5.0237       9.97     0.0303  3.522e-12  1.000e-12  2.840e+01    32.3953    32.4336     0.0383    23.3990    23.4355     30.217     30.434      0.275    1511.85    1511.80  0.000e+00
       3010     31.000    17.4917    17.4606    -0.0312    4.23721    4.23850          1     5.2531     5.0248       9.97     0.0282  3.519e-12  1.000e-12  2.842e+01    32.3969    32.4329     0.0360    23.4015    23.4365     30.712     30.932      0.276    1511.84    1511.79  0.000e+00
       3056     31.500    17.4635    17.4518    -0.0116    4.23713    4.23804          1     5.2519     5.0334       9.97     0.0276  3.517e-12  1.000e-12  2.843e+01    32.4187    32.4357     0.0171    23.4248    23.4407     31.207     31.429      0.261    1511.79    1511.77  0.000e+00
       3100     32.000    17.4402    17.4312    -0.0091    4.23776    4.23864          1     5.2375     5.0205       9.97     0.0256  3.523e-12  1.000e-12  2.839e+01    32.4425    32.4572     0.0147    23.4486    23.4620     31.703     31.927      0.271    1511.76    1511.74  0.000e+00
       3147     32.500    17.4265    17.4158    -0.0107    4.23911    4.24018          1     5.2887     5.0337       9.97     0.0288  3.528e-12  1.000e-12  2.835e+01    32.4648    32.4825     0.0177    23.4690    23.4851     32.198     32.425      0.251    1511.75    1511.74  0.000e+00
       3193     33.000    17.3550    17.3142    -0.0411    4.23607    4.23653          1     5.2631     4.9820       9.97     0.0271  3.529e-12  1.000e-12  2.834e+01    32.4959    32.5327     0.0367    23.5098    23.5475     32.693     32.922      0.263    1511.58    1511.50  0.000e+00
       3240     33.500    17.1594    17.0431    -0.1160    4.21625    4.21067          1     5.1967     4.9514       9.97     0.0289  3.517e-12  1.000e-12  2.843e+01    32.4828    32.5285     0.0457    23.5458    23.6081     33.189     33.420      0.256    1510.98    1510.69  0.000e+00
       3284     34.000    17.0627    17.0158    -0.0469    4.20886    4.20669          1     5.1736     4.9635       9.97     0.0305  3.555e-12  1.000e-12  2.815e+01    32.4968    32.5160     0.0191    23.5793    23.6049     33.684     33.917      0.281    1510.72    1510.60  0.000e+00
       3330     34.500    17.0513    17.0132    -0.0380    4.20770    4.20622          1     5.1702     4.9741       9.97     0.0301  3.523e-12  1.000e-12  2.839e+01    32.4958    32.5138     0.0179    23.5812    23.6038     34.179     34.415      0.250    1510.69    1510.60  0.000e+00
       3375     35.000    17.0355    17.0116    -0.0238    4.20661    4.20593          1     5.1891     4.9578       9.97     0.0293  3.548e-12  1.000e-12  2.820e+01    32.4990    32.5124     0.0133    23.5873    23.6031     34.675     34.912      0.283    1510.65    1510.60  0.000e+00
       3419     35.500    17.0201    17.0122    -0.0078    4.20546    4.20596          1     5.1901     4.9525       9.97     0.0319  3.548e-12  1.000e-12  2.820e+01    32.5014    32.5120     0.0106    23.5927    23.6027     35.170     35.410      0.249    1510.62    1510.61  0.000e+00
       3468     36.000    17.0154    17.0087    -0.0067    4.20521    4.20574          1     5.1767     4.9715       9.97     0.0413  3.576e-12  1.000e-12  2.799e+01    32.5028    32.5127     0.0099    23.5949    23.6041     35.665     35.907      0.263    1510.61    1510.61  0.000e+00
       3513     36.500    17.0103    17.0011    -0.0092    4.20487    4.20515          1     5.1919     4.9791       9.97     0.0417  3.568e-12  1.000e-12  2.805e+01    32.5037    32.5137     0.0099    23.5968    23.6066     36.161     36.405      0.254    1510.61    1510.59  0.000e+00
       3562     37.000    16.9955    16.9803    -0.0152    4.20374    4.20369          1     5.1683     4.9560       9.97     0.0413  3.587e-12  1.000e-12  2.791e+01    32.5058    32.5176     0.0118    23.6019    23.6145     36.656     36.903      0.255    1510.57    1510.54  0.000e+00
       3606     37.500    16.9651    16.9532    -0.0119    4.20129    4.20155          1     5.1675     4.9524       9.97     0.0408  3.607e-12  1.000e-12  2.776e+01    32.5090    32.5209     0.0119    23.6114    23.6233     37.151     37.400      0.276    1510.50    1510.47  0.000e+00
       3651     38.000    16.9330    16.9060    -0.0270    4.19822    4.19751          1     5.1541     4.9541       9.97     0.0417  3.603e-12  1.000e-12  2.779e+01    32.5082    32.5239     0.0157    23.6183    23.6366     37.647     37.898      0.260    1510.40    1510.34  0.000e+00
       3696     38.500    16.8686    16.8416    -0.0270    4.19280    4.19230          1     5.1343     4.8890       9.97     0.0409  3.632e-12  1.000e-12  2.757e+01    32.5131    32.5307     0.0176    23.6370    23.6568     38.142     38.395      0.279    1510.22    1510.16  0.000e+00
       3740     39.000    16.8117    16.7881    -0.0237    4.18936    4.18928          1     5.0988     4.8457       9.97     0.0407  3.635e-12  1.000e-12  2.755e+01    32.5293    32.5477     0.0184    23.6626    23.6822     38.637     38.893      0.263    1510.08    1510.03  0.000e+00
       3786     39.500    16.7741    16.7592    -0.0148    4.18810    4.18841          1     5.0599     4.8266       9.97     0.0423  3.635e-12  1.000e-12  2.755e+01    32.5486    32.5634     0.0148    23.6862    23.7010     39.132     39.390      0.262    1509.99    1509.96  0.000e+00
       3833     40.000    16.7111    16.6688    -0.0420    4.18284    4.18195          1     4.9950     4.7749       9.97     0.0426  3.622e-12  1.000e-12  2.764e+01    32.5538    32.5805     0.0267    23.7047    23.7350     39.628     39.888      0.244    1509.82    1509.72  0.000e+00
       3881     40.500    16.5633    16.4917    -0.0721    4.17242    4.17038          1     4.9347     4.7672       9.97     0.0418  3.676e-12  1.000e-12  2.724e+01    32.5832    32.6238     0.0406    23.7613    23.8089     40.123     40.385      0.263    1509.41    1509.23  0.000e+00
       3927     41.000    16.5011    16.4652    -0.0356    4.17045    4.17007          1     4.9557     4.7956       9.97     0.0420  3.685e-12  1.000e-12  2.718e+01    32.6165    32.6425     0.0260    23.8012    23.8294     40.618     40.882      0.255    1509.26    1509.18  0.000e+00
       3973     41.500    16.4686    16.4227    -0.0459    4.16927    4.16860          1     4.9855     4.7939       9.97     0.0370  3.673e-12  1.000e-12  2.726e+01    32.6325    32.6642     0.0317    23.8209    23.8558     41.114     41.380      0.267    1509.19    1509.09  0.000e+00
       4020     42.000    16.4114    16.3799    -0.0317    4.16610    4.16571          1     4.9920     4.8033       9.97     0.0398  3.731e-12  1.000e-12  2.682e+01    32.6514    32.6738     0.0224    23.8485    23.8729     41.609     41.877      0.255    1509.05    1508.97  0.000e+00
       4064     42.500    16.3758    16.3535    -0.0222    4.16388    4.16400          1     4.9977     4.8129       9.97     0.0389  3.738e-12  1.000e-12  2.678e+01    32.6609    32.6803     0.0193    23.8640    23.8839     42.104     42.375      0.273    1508.96    1508.91  0.000e+00
       4110     43.000    16.3533    16.3366    -0.0167    4.16257    4.16275          1     5.0031     4.8291       9.97     0.0396  3.736e-12  1.000e-12  2.679e+01    32.6677    32.6829     0.0153    23.8742    23.8898     42.600     42.872      0.255    1508.90    1508.87  0.000e+00
       4157     43.500    16.3172    16.2917    -0.0255    4.15961    4.15939          1     5.0378     4.8199       9.97     0.0401  3.776e-12  1.000e-12  2.649e+01    32.6711    32.6901     0.0190    23.8851    23.9055     43.095     43.370      0.257    1508.80    1508.75  0.000e+00
       4203     44.000    16.1086    15.9922    -0.1162    4.14121    4.13816          1     5.0026     4.7668       9.97     0.0399  3.764e-12  1.000e-12  2.658e+01    32.6805    32.7496     0.0691    23.9396    24.0188     43.590     43.867      0.257    1508.18    1507.90  0.000e+00
       4250     44.500    15.7098    15.5247    -0.1855    4.10824    4.09785          1     4.9486     4.7585       9.97     0.0369  3.764e-12  1.000e-12  2.658e+01    32.7177    32.7788     0.0612    24.0575    24.1456     44.085     44.364      0.270    1506.99    1506.48  0.000e+00
       4293     45.000    15.4080    15.2228    -0.1846    4.07925    4.07144          1     4.9639     4.7642       9.97     0.0371  3.779e-12  1.000e-12  2.646e+01    32.7095    32.7940     0.0844    24.1178    24.2233     44.581     44.862      0.272    1506.04    1505.56  0.000e+00
       4338     45.500    15.0252    14.7170    -0.3078    4.04522    4.02834          1     4.9390     4.7444       9.97     0.0359  3.766e-12  1.000e-12  2.657e+01    32.7230    32.8291     0.1062    24.2115    24.3594     45.076     45.359      0.269    1504.86    1503.99  0.000e+00
       4381     46.000    14.5178    14.2197    -0.2993    3.99837    3.98150          1     4.9253     4.7382       9.97     0.0358  3.763e-12  1.000e-12  2.659e+01    32.7241    32.8220     0.0979    24.3207    24.4588     45.571     45.856      0.277    1503.24    1502.39  0.000e+00
       4426     46.500    14.1705    13.9380    -0.2316    3.96774    3.95474          1     4.9586     4.7684       9.97     0.0358  3.788e-12  1.000e-12  2.640e+01    32.7371    32.8150     0.0779    24.4035    24.5118     46.067     46.353      0.260    1502.14    1501.48  0.000e+00
       4472     47.000    13.8133    13.6026    -0.2116    3.93812    3.93116          1     4.8975     4.7013       9.97     0.0348  3.788e-12  1.000e-12  2.640e+01    32.7674    32.8834     0.1160    24.5004    24.6329     46.562     46.850      0.260    1501.02    1500.46  0.000e+00
       4520     47.500    13.1434    12.8277    -0.3151    3.88084    3.86838          1     4.7865     4.6178       9.97     0.0355  3.788e-12  1.000e-12  2.640e+01    32.8073    32.9634     0.1560    24.6661    24.8492     47.057     47.347      0.251    1498.86    1497.99  0.000e+00
       4566     48.000    12.6588    12.5389    -0.1201    3.84467    3.84327          1     4.7521     4.6008       9.97     0.0347  3.788e-12  1.000e-12  2.640e+01    32.8851    32.9767     0.0915    24.8214    24.9156     47.552     47.844      0.267    1497.33    1497.04  0.000e+00
       4612     48.500    12.4053    12.3217    -0.0835    3.82531    3.82745          1     4.7151     4.5742       9.97     0.0355  3.788e-12  1.000e-12  2.640e+01    32.9217    33.0157     0.0940    24.8986    24.9874     48.048     48.341      0.249    1496.53    1496.35  0.000e+00
       4660     49.000    12.1171    11.9940    -0.1224    3.80625    3.80665          1     4.6462     4.4937       9.97     0.0364  3.788e-12  1.000e-12  2.640e+01    32.9917    33.1045     0.1128    25.0075    25.1182     48.543     48.838      0.262    1495.63    1495.35  0.000e+00
       4704     49.500    11.7190    11.6472    -0.0726    3.77527    3.77837          1     4.5792     4.4517       9.97     0.0359  3.782e-12  1.000e-12  2.645e+01    33.0438    33.1381     0.0943    25.1223    25.2088     49.038     49.335      0.270    1494.34    1494.20  0.000e+00
       4750     50.000    11.5292    11.4577    -0.0719    3.76118    3.76289          1     4.5251     4.4195       9.97     0.0347  3.788e-12  1.000e-12  2.640e+01    33.0753    33.1560     0.0807    25.1816    25.2574     49.534     49.832      0.262    1493.72    1493.57  0.000e+00
       4796     50.500    11.4306    11.3840    -0.0464    3.75390    3.75622          1     4.4814     4.4312       9.97     0.0342  3.788e-12  1.000e-12  2.640e+01    33.0919    33.1564     0.0645    25.2125    25.2711     50.029     50.328      0.257    1493.41    1493.33  0.000e+00
       4842     51.000    11.3895    11.3562    -0.0333    3.75100    3.75335          1     4.4640     4.4155       9.97     0.0346  3.788e-12  1.000e-12  2.640e+01    33.1000    33.1530     0.0529    25.2263    25.2735     50.524     50.825      0.266    1493.29    1493.23  0.000e+00
       4888     51.500    11.3505    11.3300    -0.0205    3.74850    3.75123          1     4.4705     4.4183       9.97     0.0331  3.788e-12  1.000e-12  2.640e+01    33.1102    33.1554     0.0452    25.2413    25.2801     51.019     51.322      0.254    1493.17    1493.15  0.000e+00
       4935     52.000    11.2421    11.2019    -0.0403    3.74080    3.74382          1     4.4470     4.3632       9.97     0.0034  3.788e-12  1.000e-12  2.640e+01    33.1315    33.1975     0.0660    25.2774    25.3359     51.515     51.819      0.258    1492.82    1492.76  0.000e+00
       4981     52.500    11.0389    10.9672    -0.0716    3.72637    3.72694          1     4.3987     4.3504       9.97     0.0006  3.788e-12  1.000e-12  2.640e+01    33.1717    33.2422     0.0705    25.3451    25.4127     52.010     52.315      0.259    1492.17    1492.00  0.000e+00
       5027     53.000    10.9289    10.8805    -0.0483    3.71801    3.71910          1     4.3701     4.3643       9.97     0.0003  3.788e-12  1.000e-12  2.640e+01    33.1880    33.2427     0.0547    25.3773    25.4284     52.505     52.812      0.265    1491.81    1491.70  0.000e+00
       5072     53.500    10.7785    10.7178    -0.0606    3.70606    3.70737          1     4.3556     4.3712       9.97     0.0177  3.788e-12  1.000e-12  2.640e+01    33.2050    33.2733     0.0683    25.4170    25.4809     53.000     53.309      0.266    1491.31    1491.17  0.000e+00
       5117     54.000    10.6069    10.5456    -0.0614    3.69332    3.69375          1     4.3881     4.3772       9.97     0.0424  3.788e-12  1.000e-12  2.640e+01    33.2336    33.2939     0.0603    25.4693    25.5269     53.496     53.805      0.273    1490.74    1490.60  0.000e+00
       5162     54.500    10.5179    10.4543    -0.0635    3.68650    3.68630          1     4.3777     4.3771       9.97     0.0423  3.788e-12  1.000e-12  2.640e+01    33.2461    33.3023     0.0562    25.4944    25.5492     53.991     54.302      0.256    1490.45    1490.29  0.000e+00
       5208     55.000    10.4203    10.3606    -0.0600    3.67945    3.67942          1     4.3760     4.3607       9.97     0.0387  3.788e-12  1.000e-12  2.640e+01    33.2643    33.3186     0.0544    25.5254    25.5780     54.486     54.798      0.264    1490.13    1489.98  0.000e+00
       5254     55.500    10.3280    10.2970    -0.0309    3.67302    3.67413          1     4.3727     4.3663       9.96     0.0422  3.788e-12  1.000e-12  2.640e+01    33.2838    33.3233     0.0396    25.5564    25.5926     54.981     55.295      0.256    1489.83    1489.77  0.000e+00
       5302     56.000    10.2459    10.2241    -0.0217    3.66679    3.66884          1     4.3838     4.3679       9.67     0.0420  3.788e-12  1.000e-12  2.640e+01    33.2959    33.3367     0.0407    25.5799    25.6154     55.477     55.792      0.254    1489.56    1489.53  0.000e+00
