ctdpy/exports/archive_20191121_122431/received_data/SBE09_0827_20180302_0607_26_01_0343.cnv
* Sea-Bird SBE 9 Data File:
* FileName = D:\CTD_SBE911\DAT\26DA.2018.3.43.hex
* Software Version Seasave V 7.21d
* Temperature SN = 034757
* Conductivity SN = 041844
* Number of Bytes Per Scan = 48
* Number of Voltage Words = 5
* Number of Scans Averaged by the Deck Unit = 1
* NMEA Latitude = 57 41.70 N
* NMEA Longitude = 019 24.27 E
* NMEA UTC (Time) = Mar 02 2018  06:08:16
* NMEA baud rate = 4800
** Ship: DANA
** Average sound velocity: 1428.89 m/s
** True-depth calculation Tue, 02 Apr 2019 12:09:13 +0000
** CTD Python Module SMHI /ver 3-12/ feb 2012 
** LIMS Job: 20182601-0343
** Operator:
** Cruise: 02/2018
# nquan = 26
# nvalues = 145                         
# units = specified
# name 0 = scan: Scan Count
# name 1 = prDM: Pressure, Digiquartz [db]
# name 2 = t090C: Temperature [ITS-90, deg C]
# name 3 = t190C: Temperature, 2 [ITS-90, deg C]
# name 4 = T2-T190C: Temperature Difference, 2 - 1 [ITS-90, deg C]
# name 5 = c0S/m: Conductivity [S/m]
# name 6 = c1S/m: Conductivity, 2 [S/m]
# name 7 = pumps: Pump Status
# name 8 = sbeox1ML/L: Oxygen, SBE 43, 2 [ml/l]
# name 9 = sbeox0ML/L: Oxygen, SBE 43 [ml/l]
# name 10 = altM: Altimeter [m]
# name 11 = chloroflTC0: Chlorophyll, Turner Cyclops [ug/l]
# name 12 = cpar: CPAR/Corrected Irradiance [%]
# name 13 = par: PAR/Irradiance, Biospherical/Lico [µE/(cm^2*s)]
# name 14 = spar: SPAR, Biospherical/Licor
# name 15 = sal00: Salinity, Practical [PSU]
# name 16 = sal11: Salinity, Practical, 2 [PSU]
# name 17 = secS-priS: Salinity, Practical, Difference, 2 - 1 [PSU]
# name 18 = sigma-t00: Density [sigma-t, kg/m^3 ]
# name 19 = sigma-t11: Density, 2 [sigma-t, kg/m^3 ]
# name 20 = depSM: Depth [salt water, m], lat = 57.695
# name 21 = depFM: Depth [true depth, m], lat = 57.695
# name 22 = dz/dtM: Descent Rate [m/s], WS = 2
# name 23 = svCM: Sound Velocity [Chen-Millero, m/s]
# name 24 = svCM1: Sound Velocity, 2 [Chen-Millero, m/s]
# name 25 = flag: flag
# span 0 =         72,       7932       
# span 1 =      2.000,     74.000       
# span 2 =     3.0343,     5.6376       
# span 3 =     3.0339,     5.6377       
# span 4 =    -0.0030,     0.2797       
# span 5 =   0.756648,   1.039637       
# span 6 =   0.755757,   1.038869       
# span 7 =          1,          1       
# span 8 =     1.2350,     8.6016       
# span 9 =     1.2431,     8.4954       
# span 10 =       0.79,       9.98      
# span 11 =     0.0110,     0.0140      
# span 12 = -9.373e-04, 5.9005e+00      
# span 13 = -2.475e-04, 1.4379e+00      
# span 14 = 2.4370e+01, 3.6640e+01      
# span 15 =     7.3774,     9.5835      
# span 16 =     7.3695,     9.5759      
# span 17 =    -0.0098,     0.1150      
# span 18 =     5.8812,     7.5459      
# span 19 =     5.8749,     7.5398      
# span 20 =      1.982,     73.303      
# span 21 =      2.025,     74.920      
# span 22 =     -0.002,      0.768      
# span 23 =    1426.86,    1442.42      
# span 24 =    1426.84,    1442.41      
# span 25 = 0.0000e+00, 0.0000e+00      
# interval = decibars: 0.5              
# start_time = Mar 02 2018 06:08:17 [NMEA time, first data scan]
# bad_flag = -9.990e-29
*END*
[from data line 56]
       2784     30.000     3.0476     3.0473    -0.0004    0.75724    0.75644          1     8.5752     8.4809       9.98     0.0112  3.338e-12  1.000e-12  2.999e+01     7.3780     7.3697    -0.0083     5.8816     5.8750     29.721     30.377      0.444    1427.36    1427.35  0.000e+00
       2808     30.500     3.0478     3.0472    -0.0006    0.75725    0.75647          1     8.5782     8.4812       9.98     0.0110  3.301e-12  1.000e-12  3.030e+01     7.3780     7.3699    -0.0080     5.8816     5.8752     30.216     30.884      0.433    1427.37    1427.36  0.000e+00
       2848     31.000     3.0481     3.0472    -0.0009    0.75727    0.75647          1     8.5858     8.4909       9.98     0.0114  3.280e-12  1.000e-12  3.048e+01     7.3780     7.3699    -0.0082     5.8817     5.8751     30.711     31.390      0.234    1427.38    1427.36  0.000e+00
       2935     31.500     3.0480     3.0471    -0.0009    0.75728    0.75648          1     8.5891     8.4703       9.98     0.0120  3.283e-12  1.000e-12  3.046e+01     7.3781     7.3700    -0.0082     5.8817     5.8753     31.206     31.896      0.369    1427.38    1427.37  0.000e+00
       2957     32.000     3.0475     3.0476     0.0001    0.75728    0.75649          1     8.5852     8.4796       9.98     0.0110  3.283e-12  1.000e-12  3.046e+01     7.3781     7.3699    -0.0082     5.8818     5.8752     31.702     32.403      0.496    1427.39    1427.38  0.000e+00
       2995     32.500     3.0481     3.0481    -0.0000    0.75729    0.75650          1     8.5804     8.4828       9.98     0.0113  3.283e-12  1.000e-12  3.046e+01     7.3781     7.3698    -0.0083     5.8817     5.8751     32.197     32.909      0.332    1427.40    1427.39  0.000e+00
       3096     33.000     3.0480     3.0469    -0.0011    0.75728    0.75648          1     8.5805     8.4819       9.98     0.0110  3.283e-12  1.000e-12  3.046e+01     7.3780     7.3698    -0.0081     5.8816     5.8751     32.692     33.415      0.392    1427.41    1427.39  0.000e+00
       3117     33.500     3.0475     3.0478     0.0002    0.75728    0.75650          1     8.5723     8.4773       9.98     0.0120  3.283e-12  1.000e-12  3.046e+01     7.3780     7.3697    -0.0083     5.8816     5.8750     33.188     33.921      0.444    1427.41    1427.40  0.000e+00
       3158     34.000     3.0493     3.0492    -0.0001    0.75733    0.75654          1     8.5722     8.4759       9.98     0.0113  3.283e-12  1.000e-12  3.046e+01     7.3779     7.3697    -0.0082     5.8816     5.8750     33.683     34.428      0.244    1427.43    1427.42  0.000e+00
       3214     34.500     3.0495     3.0492    -0.0003    0.75733    0.75653          1     8.5831     8.4712       9.98     0.0122  3.283e-12  1.000e-12  3.046e+01     7.3779     7.3696    -0.0083     5.8815     5.8749     34.178     34.934      0.331    1427.44    1427.43  0.000e+00
       3247     35.000     3.0496     3.0493    -0.0003    0.75734    0.75656          1     8.5835     8.4865       9.98     0.0121  3.283e-12  1.000e-12  3.046e+01     7.3779     7.3698    -0.0081     5.8815     5.8751     34.674     35.440      0.313    1427.45    1427.44  0.000e+00
       3305     35.500     3.0505     3.0492    -0.0014    0.75736    0.75656          1     8.5772     8.4738       9.98     0.0113  3.283e-12  1.000e-12  3.046e+01     7.3778     7.3697    -0.0081     5.8815     5.8750     35.169     35.947      0.232    1427.46    1427.44  0.000e+00
       3351     36.000     3.0494     3.0490    -0.0004    0.75734    0.75656          1     8.5807     8.4779       9.98     0.0112  3.283e-12  1.000e-12  3.046e+01     7.3778     7.3697    -0.0081     5.8815     5.8750     35.664     36.453      0.342    1427.46    1427.45  0.000e+00
       3406     36.500     3.0493     3.0499     0.0006    0.75735    0.75657          1     8.5788     8.4816       9.98     0.0118  3.283e-12  1.000e-12  3.046e+01     7.3779     7.3696    -0.0083     5.8815     5.8749     36.159     36.959      0.236    1427.47    1427.46  0.000e+00
       3469     37.000     3.0514     3.0519     0.0005    0.75740    0.75663          1     8.5825     8.4778       9.98     0.0113  3.283e-12  1.000e-12  3.046e+01     7.3779     7.3697    -0.0082     5.8815     5.8749     36.655     37.466      0.422    1427.49    1427.48  0.000e+00
       3492     37.500     3.0511     3.0513     0.0002    0.75740    0.75664          1     8.5776     8.4745       9.98     0.0110  3.283e-12  1.000e-12  3.046e+01     7.3778     7.3699    -0.0080     5.8815     5.8751     37.150     37.972      0.453    1427.49    1427.48  0.000e+00
       3524     38.000     3.0512     3.0503    -0.0009    0.75740    0.75660          1     8.5723     8.4678       9.98     0.0111  3.283e-12  1.000e-12  3.046e+01     7.3778     7.3696    -0.0082     5.8814     5.8749     37.645     38.478      0.269    1427.50    1427.49  0.000e+00
       3600     38.500     3.0498     3.0492    -0.0006    0.75737    0.75658          1     8.5739     8.4735       9.98     0.0116  3.283e-12  1.000e-12  3.046e+01     7.3777     7.3696    -0.0081     5.8814     5.8749     38.141     38.984      0.204    1427.50    1427.49  0.000e+00
       3663     39.000     3.0493     3.0488    -0.0006    0.75737    0.75659          1     8.5679     8.4741       9.98     0.0118  3.283e-12  1.000e-12  3.046e+01     7.3777     7.3697    -0.0081     5.8814     5.8750     38.636     39.491      0.229    1427.51    1427.50  0.000e+00
       3703     39.500     3.0484     3.0481    -0.0003    0.75736    0.75659          1     8.5764     8.4743       9.98     0.0119  3.283e-12  1.000e-12  3.046e+01     7.3778     7.3698    -0.0080     5.8815     5.8751     39.131     39.997      0.402    1427.51    1427.50  0.000e+00
       3733     40.000     3.0481     3.0477    -0.0005    0.75736    0.75658          1     8.5823     8.4893       9.98     0.0118  3.283e-12  1.000e-12  3.046e+01     7.3778     7.3697    -0.0081     5.8815     5.8750     39.626     40.503      0.311    1427.52    1427.51  0.000e+00
       3810     40.500     3.0489     3.0475    -0.0014    0.75738    0.75658          1     8.5690     8.4711       9.98     0.0120  3.283e-12  1.000e-12  3.046e+01     7.3778     7.3697    -0.0081     5.8814     5.8750     40.122     41.010      0.321    1427.53    1427.51  0.000e+00
       3840     41.000     3.0478     3.0476    -0.0002    0.75736    0.75658          1     8.5624     8.4651       9.98     0.0118  3.283e-12  1.000e-12  3.046e+01     7.3777     7.3696    -0.0081     5.8814     5.8749     40.617     41.516      0.477    1427.53    1427.52  0.000e+00
       3868     41.500     3.0482     3.0482     0.0000    0.75738    0.75663          1     8.5775     8.4644       9.98     0.0120  3.283e-12  1.000e-12  3.046e+01     7.3777     7.3699    -0.0079     5.8814     5.8751     41.112     42.022      0.333    1427.54    1427.53  0.000e+00
       3962     42.000     3.0488     3.0482    -0.0007    0.75741    0.75663          1     8.5757     8.4807       9.98     0.0115  3.283e-12  1.000e-12  3.046e+01     7.3779     7.3698    -0.0081     5.8815     5.8751     41.608     42.528      0.287    1427.55    1427.54  0.000e+00
       3997     42.500     3.0483     3.0480    -0.0003    0.75742    0.75665          1     8.5698     8.4812       9.98     0.0110  3.283e-12  1.000e-12  3.046e+01     7.3780     7.3700    -0.0080     5.8816     5.8752     42.103     43.035      0.380    1427.56    1427.55  0.000e+00
       4034     43.000     3.0481     3.0477    -0.0005    0.75740    0.75662          1     8.5758     8.4874       9.98     0.0116  3.283e-12  1.000e-12  3.046e+01     7.3778     7.3697    -0.0081     5.8815     5.8750     42.598     43.541      0.271    1427.57    1427.55  0.000e+00
       4084     43.500     3.0482     3.0476    -0.0006    0.75740    0.75663          1     8.5783     8.4760       9.98     0.0116  3.283e-12  1.000e-12  3.046e+01     7.3776     7.3697    -0.0079     5.8813     5.8750     43.093     44.047      0.256    1427.57    1427.56  0.000e+00
       4125     44.000     3.0479     3.0474    -0.0005    0.75740    0.75662          1     8.5862     8.4764       9.98     0.0121  3.283e-12  1.000e-12  3.046e+01     7.3776     7.3697    -0.0079     5.8813     5.8750     43.589     44.554      0.293    1427.58    1427.57  0.000e+00
       4172     44.500     3.0479     3.0474    -0.0004    0.75740    0.75663          1     8.5772     8.4824       9.98     0.0118  3.283e-12  1.000e-12  3.046e+01     7.3776     7.3696    -0.0080     5.8813     5.8750     44.084     45.060      0.229    1427.59    1427.58  0.000e+00
       4226     45.000     3.0477     3.0475    -0.0002    0.75740    0.75665          1     8.5855     8.4758       9.98     0.0113  3.283e-12  1.000e-12  3.046e+01     7.3776     7.3697    -0.0079     5.8813     5.8750     44.579     45.566      0.205    1427.59    1427.58  0.000e+00
       4307     45.500     3.0480     3.0474    -0.0006    0.75742    0.75664          1     8.5731     8.4860       9.98     0.0115  3.260e-12  1.000e-12  3.069e+01     7.3776     7.3696    -0.0080     5.8813     5.8749     45.075     46.072      0.276    1427.60    1427.59  0.000e+00
       4341     46.000     3.0478     3.0474    -0.0005    0.75742    0.75666          1     8.5785     8.4843       9.98     0.0111  3.242e-12  1.000e-12  3.086e+01     7.3776     7.3698    -0.0078     5.8813     5.8751     45.570     46.579      0.387    1427.61    1427.60  0.000e+00
       4373     46.500     3.0479     3.0474    -0.0005    0.75742    0.75665          1     8.5753     8.4775       9.98     0.0111  3.151e-12  1.000e-12  3.177e+01     7.3776     7.3696    -0.0079     5.8813     5.8750     46.065     47.085      0.341    1427.62    1427.61  0.000e+00
       4415     47.000     3.0479     3.0475    -0.0004    0.75743    0.75667          1     8.5694     8.4808       9.98     0.0115  3.086e-12  1.000e-12  3.241e+01     7.3776     7.3697    -0.0079     5.8813     5.8750     46.560     47.591      0.234    1427.63    1427.62  0.000e+00
       4479     47.500     3.0482     3.0474    -0.0008    0.75744    0.75667          1     8.5813     8.4815       9.98     0.0112  3.083e-12  1.000e-12  3.244e+01     7.3776     7.3697    -0.0079     5.8813     5.8750     47.056     48.098      0.261    1427.64    1427.62  0.000e+00
       4516     48.000     3.0478     3.0475    -0.0003    0.75744    0.75668          1     8.5771     8.4768       9.98     0.0111  3.078e-12  1.000e-12  3.249e+01     7.3775     7.3697    -0.0079     5.8813     5.8750     47.551     48.604      0.333    1427.64    1427.63  0.000e+00
       4592     48.500     3.0486     3.0478    -0.0008    0.75747    0.75670          1     8.5794     8.4801       9.98     0.0122  3.078e-12  1.000e-12  3.249e+01     7.3776     7.3697    -0.0079     5.8813     5.8750     48.046     49.110      0.246    1427.66    1427.64  0.000e+00
       4655     49.000     3.0483     3.0479    -0.0004    0.75746    0.75670          1     8.5724     8.4845       9.98     0.0111  3.078e-12  1.000e-12  3.249e+01     7.3775     7.3697    -0.0078     5.8813     5.8750     48.541     49.616      0.476    1427.66    1427.65  0.000e+00
       4677     49.500     3.0482     3.0474    -0.0008    0.75747    0.75669          1     8.5692     8.4803       9.98     0.0111  3.078e-12  1.000e-12  3.249e+01     7.3775     7.3696    -0.0079     5.8812     5.8750     49.037     50.123      0.528    1427.67    1427.65  0.000e+00
       4702     50.000     3.0480     3.0477    -0.0003    0.75746    0.75671          1     8.5735     8.4804       9.98     0.0112  3.078e-12  1.000e-12  3.249e+01     7.3775     7.3697    -0.0078     5.8812     5.8750     49.532     50.629      0.371    1427.68    1427.66  0.000e+00
       4786     50.500     3.0477     3.0473    -0.0005    0.75746    0.75670          1     8.5796     8.4723       9.98     0.0115  3.078e-12  1.000e-12  3.249e+01     7.3774     7.3696    -0.0078     5.8812     5.8750     50.027     51.135      0.281    1427.68    1427.67  0.000e+00
       4828     51.000     3.0476     3.0469    -0.0007    0.75746    0.75670          1     8.5766     8.4753       9.98     0.0117  3.078e-12  1.000e-12  3.249e+01     7.3774     7.3696    -0.0078     5.8812     5.8749     50.522     51.642      0.351    1427.69    1427.68  0.000e+00
       4899     51.500     3.0487     3.0499     0.0012    0.75756    0.75688          1     8.5755     8.4790       9.98     0.0111  3.078e-12  1.000e-12  3.249e+01     7.3781     7.3708    -0.0074     5.8817     5.8758     51.018     52.148      0.254    1427.70    1427.70  0.000e+00
       4968     52.000     3.0534     3.0542     0.0008    0.75784    0.75712          1     8.5633     8.4694       9.98     0.0115  3.078e-12  1.000e-12  3.249e+01     7.3799     7.3722    -0.0077     5.8831     5.8770     51.513     52.654      0.457    1427.73    1427.73  0.000e+00
       4991     52.500     3.0543     3.0539    -0.0005    0.75789    0.75712          1     8.5565     8.4667       9.98     0.0115  3.078e-12  1.000e-12  3.249e+01     7.3801     7.3722    -0.0079     5.8833     5.8770     52.008     53.161      0.469    1427.75    1427.73  0.000e+00
       5024     53.000     3.0551     3.0559     0.0008    0.75792    0.75722          1     8.5582     8.4682       9.98     0.0110  3.078e-12  1.000e-12  3.249e+01     7.3803     7.3727    -0.0075     5.8834     5.8773     52.503     53.667      0.268    1427.76    1427.75  0.000e+00
       5089     53.500     3.0531     3.0514    -0.0017    0.75784    0.75705          1     8.5504     8.4717       9.98     0.0110  3.078e-12  1.000e-12  3.249e+01     7.3797     7.3719    -0.0079     5.8830     5.8767     52.999     54.173      0.263    1427.76    1427.74  0.000e+00
       5128     54.000     3.0523     3.0523    -0.0001    0.75782    0.75705          1     8.5748     8.4666       9.98     0.0110  3.078e-12  1.000e-12  3.249e+01     7.3797     7.3717    -0.0080     5.8829     5.8765     53.494     54.679      0.265    1427.76    1427.75  0.000e+00
       5212     54.500     3.0536     3.0534    -0.0002    0.75787    0.75714          1     8.5602     8.4732       9.98     0.0120  3.078e-12  1.000e-12  3.249e+01     7.3799     7.3722    -0.0077     5.8831     5.8769     53.989     55.186      0.220    1427.78    1427.76  0.000e+00
       5271     55.000     3.0540     3.0536    -0.0004    0.75792    0.75716          1     8.5501     8.4687       9.98     0.0118  3.078e-12  1.000e-12  3.249e+01     7.3801     7.3723    -0.0078     5.8833     5.8770     54.484     55.692      0.211    1427.78    1427.77  0.000e+00
       5321     55.500     3.0552     3.0548    -0.0005    0.75798    0.75723          1     8.5618     8.4601       9.98     0.0116  3.078e-12  1.000e-12  3.249e+01     7.3805     7.3727    -0.0078     5.8835     5.8773     54.980     56.198      0.338    1427.80    1427.79  0.000e+00
       5350     56.000     3.0552     3.0547    -0.0005    0.75798    0.75723          1     8.5683     8.4650       9.98     0.0117  3.078e-12  1.000e-12  3.249e+01     7.3804     7.3727    -0.0077     5.8835     5.8774     55.475     56.705      0.452    1427.81    1427.80  0.000e+00
       5379     56.500     3.0554     3.0546    -0.0007    0.75800    0.75724          1     8.5680     8.4750       9.98     0.0113  3.078e-12  1.000e-12  3.249e+01     7.3805     7.3728    -0.0077     5.8836     5.8774     55.970     57.211      0.333    1427.82    1427.80  0.000e+00
       5484     57.000     3.0527     3.0515    -0.0013    0.75782    0.75703          1     8.5716     8.4802       9.98     0.0115  3.078e-12  1.000e-12  3.249e+01     7.3792     7.3712    -0.0080     5.8826     5.8762     56.465     57.717      0.292    1427.81    1427.79  0.000e+00
