ctdpy/exports/archive_20191121_122431/received_data/SBE09_1044_20180131_1127_34_02_0038.cnv
* Sea-Bird SBE 9 Data File:
* FileName = C:\ctd\temp\2018\ME18D038.hex
* Software Version Seasave V 7.26.6.26
* Temperature SN = 5351
* Conductivity SN = 3941
* Number of Bytes Per Scan = 41
* Number of Voltage Words = 4
* Number of Scans Averaged by the Deck Unit = 1
* NMEA Latitude = 58 35.63 N
* NMEA Longitude = 018 14.21 E
* NMEA UTC (Time) = Jan 31 2018  11:27:09
* NMEA baud rate = 4800
** Station:  BY31
** Operator:  SSip
** Ship: MERI
** Average sound velocity: 1446.89 m/s
** True-depth calculation Wed, 31 Jan 2018 13:14:50 +0000
** CTD Python Module SMHI /ver 3-12/ feb 2012 
** LIMS Job: 20183402-0038
** Cruise: SMHI-01-2018
** Latitude [GG MM.mm N] :
** Longitude [GG MM.mm E]:
# nquan = 26
# nvalues = 874                         
# units = specified
# name 0 = scan: Scan Count
# name 1 = prDM: Pressure, Digiquartz [db]
# name 2 = t090C: Temperature [ITS-90, deg C]
# name 3 = t190C: Temperature, 2 [ITS-90, deg C]
# name 4 = T2-T190C: Temperature Difference, 2 - 1 [ITS-90, deg C]
# name 5 = c0S/m: Conductivity [S/m]
# name 6 = c1S/m: Conductivity, 2 [S/m]
# name 7 = pumps: Pump Status
# name 8 = sbeox0ML/L: Oxygen, SBE 43 [ml/l]
# name 9 = sbeox1ML/L: Oxygen, SBE 43, 2 [ml/l]
# name 10 = altM: Altimeter [m]
# name 11 = flECO-AFL: Chl-a Fluorescence, WET Labs ECO-AFL/FL [mg/m^3]
# name 12 = flECO-AFL1: Phycocyanin Fluorescence, WET Labs ECO-AFL/FL, 2 [mg/m^3]
# name 13 = par: PAR/Irradiance, Biospherical/Lico [µE/(cm^2*s)]
# name 14 = turbWETntu0: Turbidity, WET Labs ECO [NTU]
# name 15 = sal00: Salinity, Practical [PSU]
# name 16 = sal11: Salinity, Practical, 2 [PSU]
# name 17 = secS-priS: Salinity, Practical, Difference, 2 - 1 [PSU]
# name 18 = sigma-t00: Density [sigma-t, Kg/m^3 ]
# name 19 = sigma-t11: Density, 2 [sigma-t, Kg/m^3 ]
# name 20 = depSM: Depth [salt water, m], lat = 58.5938
# name 21 = depFM: Depth [true depth, m], lat = 58.5938
# name 22 = dz/dtM: Descent Rate [m/s], WS = 2
# name 23 = svCM: Sound Velocity [Chen-Millero, m/s]
# name 24 = svCM1: Sound Velocity, 2 [Chen-Millero, m/s]
# name 25 = flag: flag
# span 0 =       2112,      20998       
# span 1 =      2.500,    439.000       
# span 2 =     4.1364,     6.2422       
# span 3 =     4.1383,     6.2428       
# span 4 =    -0.0123,     0.0124       
# span 5 =   0.753016,   1.246109       
# span 6 =   0.752990,   1.246088       
# span 7 =          1,          1       
# span 8 =   -0.01448,    8.26377       
# span 9 =    0.00667,    8.21920       
# span 10 =       5.47,      99.08      
# span 11 =     0.2390,     0.4679      
# span 12 =     0.2283,     0.5618      
# span 13 = 1.0000e-12, 7.0462e+01      
# span 14 =     0.1389,     2.1527      
# span 15 =     7.0944,    11.3806      
# span 16 =     7.0942,    11.3801      
# span 17 =    -0.0051,     0.0025      
# span 18 =     5.6365,     8.9241      
# span 19 =     5.6363,     8.9237      
# span 20 =      2.477,    434.449      
# span 21 =      2.532,    443.483      
# span 22 =     -0.220,      0.899      
# span 23 =    1431.52,    1453.11      
# span 24 =    1431.52,    1453.12      
# span 25 = 0.0000e+00, 0.0000e+00      
# interval = decibars: 0.5              
# start_time = Jan 31 2018 11:27:10 [NMEA time, first data scan]
# bad_flag = -9.990e-29
*END*
[from data line 725]
      17726    365.000     6.2252     6.2259     0.0007    1.24199    1.24197          1     0.0019     0.0182      89.04     0.3667     0.3251  1.000e-12  0.1787000    11.3590    11.3585    -0.0004     8.9083     8.9079    361.281    368.777      0.768    1451.82    1451.83  0.000e+00
      17740    365.500     6.2253     6.2260     0.0007    1.24201    1.24198          1     0.0027     0.0180      91.93     0.3713     0.3231  1.000e-12  0.1779000    11.3590    11.3586    -0.0004     8.9083     8.9079    361.775    369.282      0.862    1451.83    1451.84  0.000e+00
      17754    366.000     6.2253     6.2260     0.0006    1.24204    1.24201          1     0.0031     0.0173      80.82     0.3578     0.3203  1.000e-12  0.1737000    11.3592    11.3587    -0.0006     8.9085     8.9080    362.270    369.787      0.829    1451.84    1451.84  0.000e+00
      17769    366.500     6.2254     6.2260     0.0006    1.24205    1.24202          1     0.0031     0.0193      80.60     0.3537     0.3230  1.000e-12  0.1755000    11.3593    11.3587    -0.0005     8.9085     8.9081    362.764    370.291      0.662    1451.85    1451.85  0.000e+00
      17795    367.000     6.2252     6.2259     0.0007    1.24206    1.24204          1     0.0031     0.0205      87.39     0.3466     0.3466  1.000e-12  0.1735000    11.3593    11.3589    -0.0004     8.9085     8.9082    363.259    370.796      0.399    1451.86    1451.86  0.000e+00
      17830    367.500     6.2253     6.2260     0.0006    1.24208    1.24206          1     0.0029     0.0166      99.08     0.3552     0.3518  1.000e-12  0.1713000    11.3594    11.3590    -0.0004     8.9086     8.9082    363.753    371.301      0.423    1451.87    1451.87  0.000e+00
      17852    368.000     6.2257     6.2263     0.0006    1.24212    1.24209          1     0.0023     0.0180      78.21     0.3672     0.3216  1.000e-12  0.1728000    11.3595    11.3590    -0.0005     8.9087     8.9082    364.248    371.806      0.647    1451.88    1451.88  0.000e+00
      17869    368.500     6.2266     6.2272     0.0007    1.24227    1.24226          1     0.0025     0.0203      78.51     0.3664     0.3177  1.000e-12  0.1736000    11.3607    11.3603    -0.0004     8.9095     8.9092    364.742    372.310      0.753    1451.89    1451.89  0.000e+00
      17884    369.000     6.2276     6.2281     0.0005    1.24249    1.24244          1     0.0022     0.0196      78.07     0.3461     0.3234  1.000e-12  0.1716000    11.3624    11.3618    -0.0006     8.9108     8.9103    365.237    372.815      0.758    1451.90    1451.91  0.000e+00
      17900    369.500     6.2281     6.2288     0.0007    1.24259    1.24258          1     0.0028     0.0221      77.56     0.3391     0.3204  1.000e-12  0.1725000    11.3631    11.3628    -0.0004     8.9113     8.9110    365.731    373.320      0.665    1451.92    1451.92  0.000e+00
      17921    370.000     6.2281     6.2289     0.0008    1.24261    1.24262          1     0.0028     0.0183      76.94     0.3427     0.3212  1.000e-12  0.1731000    11.3632    11.3631    -0.0001     8.9114     8.9112    366.225    373.825      0.507    1451.92    1451.93  0.000e+00
      17949    370.500     6.2282     6.2289     0.0007    1.24266    1.24263          1     0.0025     0.0263      76.32     0.3578     0.3105  1.000e-12  0.1786000    11.3636    11.3631    -0.0005     8.9117     8.9113    366.720    374.329      0.419    1451.93    1451.93  0.000e+00
      17977    371.000     6.2284     6.2291     0.0007    1.24269    1.24267          1     0.0027     0.0195      75.96     0.3580     0.2671  1.000e-12  0.1801000    11.3637    11.3633    -0.0004     8.9118     8.9114    367.214    374.834      0.508    1451.94    1451.94  0.000e+00
      17997    371.500     6.2290     6.2296     0.0006    1.24279    1.24276          1     0.0025     0.0067      88.62     0.3580     0.3047  1.000e-12  0.1730000    11.3644    11.3640    -0.0005     8.9123     8.9119    367.709    375.339      0.658    1451.95    1451.95  0.000e+00
      18014    372.000     6.2292     6.2299     0.0007    1.24284    1.24282          1     0.0025     0.0133      98.67     0.3580     0.3152  1.000e-12  0.1725000    11.3647    11.3643    -0.0004     8.9125     8.9122    368.203    375.844      0.741    1451.96    1451.96  0.000e+00
      18030    372.500     6.2294     6.2300     0.0007    1.24287    1.24284          1     0.0032     0.0218      98.66     0.3496     0.3219  1.000e-12  0.1683000    11.3649    11.3644    -0.0005     8.9126     8.9122    368.698    376.349      0.720    1451.97    1451.97  0.000e+00
      18048    373.000     6.2294     6.2300     0.0006    1.24290    1.24286          1     0.0024     0.0200      92.43     0.3567     0.3330  1.000e-12  0.1804000    11.3651    11.3645    -0.0005     8.9128     8.9123    369.192    376.853      0.583    1451.98    1451.98  0.000e+00
      18073    373.500     6.2296     6.2302     0.0006    1.24296    1.24293          1     0.0024     0.0186      73.34     0.3693     0.3094  1.000e-12  0.1924000    11.3655    11.3651    -0.0004     8.9131     8.9127    369.687    377.358      0.434    1451.99    1451.99  0.000e+00
      18101    374.000     6.2298     6.2303     0.0006    1.24299    1.24296          1     0.0019     0.0184      72.79     0.3454     0.3295  1.000e-12  0.1610000    11.3657    11.3652    -0.0005     8.9132     8.9128    370.181    377.863      0.487    1452.00    1452.00  0.000e+00
      18123    374.500     6.2299     6.2305     0.0007    1.24300    1.24297          1     0.0024     0.0176      88.19     0.3438     0.3616  1.000e-12  0.1595000    11.3656    11.3652    -0.0004     8.9132     8.9128    370.676    378.368      0.614    1452.01    1452.01  0.000e+00
      18141    375.000     6.2300     6.2306     0.0007    1.24301    1.24298          1     0.0037     0.0171      75.13     0.3334     0.3554  1.000e-12  0.1658000    11.3656    11.3652    -0.0005     8.9132     8.9128    371.170    378.872      0.682    1452.01    1452.02  0.000e+00
      18158    375.500     6.2300     6.2306     0.0007    1.24303    1.24300          1     0.0034     0.0181      71.36     0.3704     0.3327  1.000e-12  0.1717000    11.3657    11.3653    -0.0005     8.9132     8.9128    371.665    379.377      0.674    1452.02    1452.02  0.000e+00
      18177    376.000     6.2300     6.2306     0.0006    1.24303    1.24300          1     0.0033     0.0206      71.09     0.3732     0.3364  1.000e-12  0.1716000    11.3657    11.3652    -0.0005     8.9132     8.9128    372.159    379.882      0.604    1452.03    1452.03  0.000e+00
      18199    376.500     6.2301     6.2307     0.0006    1.24307    1.24305          1     0.0023     0.0182      70.50     0.3525     0.2940  1.000e-12  0.1717000    11.3660    11.3656    -0.0004     8.9134     8.9131    372.653    380.387      0.524    1452.04    1452.04  0.000e+00
      18223    377.000     6.2305     6.2312     0.0007    1.24317    1.24314          1     0.0013     0.0184      69.86     0.3421     0.2987  1.000e-12  0.1734000    11.3667    11.3662    -0.0005     8.9140     8.9136    373.148    380.891      0.463    1452.05    1452.05  0.000e+00
      18251    377.500     6.2306     6.2313     0.0007    1.24321    1.24317          1     0.0037     0.0183      69.19     0.3669     0.3457  1.000e-12  0.1922000    11.3669    11.3664    -0.0006     8.9142     8.9137    373.642    381.396      0.454    1452.06    1452.06  0.000e+00
      18275    378.000     6.2308     6.2315     0.0007    1.24322    1.24320          1     0.0033     0.0204      68.65     0.3579     0.3370  1.000e-12  0.1904000    11.3669    11.3664    -0.0005     8.9141     8.9137    374.137    381.901      0.590    1452.07    1452.07  0.000e+00
      18293    378.500     6.2310     6.2317     0.0006    1.24325    1.24323          1     0.0026     0.0198      68.21     0.3580     0.3202  1.000e-12  0.1780000    11.3670    11.3666    -0.0004     8.9142     8.9138    374.631    382.406      0.721    1452.08    1452.08  0.000e+00
      18308    379.000     6.2311     6.2317     0.0006    1.24326    1.24323          1     0.0022     0.0181      67.77     0.3506     0.2732  1.000e-12  0.1759000    11.3670    11.3665    -0.0005     8.9142     8.9138    375.126    382.911      0.755    1452.09    1452.09  0.000e+00
      18324    379.500     6.2310     6.2317     0.0007    1.24326    1.24324          1     0.0028     0.0172      67.26     0.3472     0.2954  1.000e-12  0.1744000    11.3669    11.3665    -0.0004     8.9142     8.9137    375.620    383.415      0.666    1452.09    1452.10  0.000e+00
      18346    380.000     6.2308     6.2315     0.0006    1.24325    1.24323          1     0.0021     0.0180      66.64     0.3687     0.3411  1.000e-12  0.1799000    11.3669    11.3664    -0.0004     8.9141     8.9137    376.114    383.920      0.474    1452.10    1452.10  0.000e+00
      18377    380.500     6.2309     6.2315     0.0006    1.24328    1.24326          1     0.0022     0.0179      66.00     0.3580     0.3456  1.000e-12  0.1796000    11.3670    11.3666    -0.0004     8.9142     8.9138    376.609    384.425      0.419    1452.11    1452.11  0.000e+00
      18401    381.000     6.2311     6.2317     0.0006    1.24330    1.24327          1     0.0023     0.0200      65.57     0.3586     0.3403  1.000e-12  0.1602000    11.3670    11.3666    -0.0004     8.9142     8.9138    377.103    384.930      0.569    1452.12    1452.12  0.000e+00
      18420    381.500     6.2313     6.2320     0.0007    1.24334    1.24331          1     0.0040     0.0173      65.17     0.3580     0.3783  1.000e-12  0.1736000    11.3673    11.3668    -0.0005     8.9144     8.9139    377.598    385.434      0.670    1452.13    1452.13  0.000e+00
      18437    382.000     6.2315     6.2321     0.0006    1.24337    1.24334          1     0.0035     0.0183      64.70     0.3506     0.3254  1.000e-12  0.1687000    11.3674    11.3669    -0.0005     8.9145     8.9141    378.092    385.939      0.680    1452.14    1452.14  0.000e+00
      18456    382.500     6.2316     6.2322     0.0006    1.24340    1.24336          1     0.0017     0.0190      64.15     0.3459     0.3202  1.000e-12  0.1678000    11.3676    11.3670    -0.0006     8.9146     8.9141    378.587    386.444      0.609    1452.14    1452.15  0.000e+00
      18478    383.000     6.2317     6.2324     0.0007    1.24345    1.24343          1     0.0038     0.0173      63.56     0.3501     0.3251  1.000e-12  0.1764000    11.3680    11.3675    -0.0004     8.9149     8.9145    379.081    386.949      0.512    1452.15    1452.16  0.000e+00
      18502    383.500     6.2320     6.2325     0.0006    1.24351    1.24347          1     0.0026     0.0186      63.01     0.3686     0.3331  1.000e-12  0.1880000    11.3684    11.3678    -0.0005     8.9152     8.9147    379.575    387.453      0.502    1452.16    1452.16  0.000e+00
      18525    384.000     6.2322     6.2328     0.0005    1.24354    1.24351          1     0.0009     0.0194      62.56     0.3579     0.3348  1.000e-12  0.1666000    11.3685    11.3680    -0.0005     8.9153     8.9148    380.070    387.958      0.558    1452.17    1452.17  0.000e+00
      18546    384.500     6.2322     6.2329     0.0006    1.24355    1.24352          1     0.0004     0.0155      62.11     0.3469     0.3162  1.000e-12  0.1851000    11.3685    11.3680    -0.0005     8.9153     8.9148    380.564    388.463      0.586    1452.18    1452.18  0.000e+00
      18566    385.000     6.2322     6.2329     0.0007    1.24356    1.24353          1     0.0038     0.0170      61.62     0.3546     0.3517  1.000e-12  0.1729000    11.3685    11.3680    -0.0005     8.9153     8.9148    381.059    388.968      0.572    1452.19    1452.19  0.000e+00
      18588    385.500     6.2322     6.2329     0.0006    1.24357    1.24354          1     0.0028     0.0191      61.08     0.3580     0.3660  1.000e-12  0.1651000    11.3685    11.3680    -0.0005     8.9153     8.9149    381.553    389.473      0.545    1452.20    1452.20  0.000e+00
      18610    386.000     6.2323     6.2330     0.0007    1.24358    1.24356          1     0.0025     0.0182      60.56     0.3580     0.3440  1.000e-12  0.1661000    11.3685    11.3680    -0.0005     8.9153     8.9149    382.048    389.977      0.545    1452.21    1452.21  0.000e+00
      18632    386.500     6.2324     6.2330     0.0006    1.24361    1.24357          1     0.0030     0.0187      60.08     0.3580     0.3027  1.000e-12  0.1673000    11.3686    11.3681    -0.0005     8.9154     8.9149    382.542    390.482      0.588    1452.21    1452.22  0.000e+00
      18651    387.000     6.2325     6.2331     0.0006    1.24362    1.24359          1     0.0018     0.0175      59.56     0.3580     0.3213  1.000e-12  0.1718000    11.3687    11.3681    -0.0005     8.9154     8.9149    383.036    390.987      0.628    1452.22    1452.22  0.000e+00
      18670    387.500     6.2326     6.2333     0.0006    1.24366    1.24363          1     0.0015     0.0170      59.03     0.3580     0.3114  1.000e-12  0.1724000    11.3689    11.3684    -0.0005     8.9156     8.9152    383.531    391.492      0.592    1452.23    1452.23  0.000e+00
      18693    388.000     6.2325     6.2332     0.0006    1.24367    1.24364          1     0.0039     0.0171      58.60     0.3657     0.3038  1.000e-12  0.1773000    11.3689    11.3685    -0.0005     8.9156     8.9152    384.025    391.996      0.469    1452.24    1452.24  0.000e+00
      18722    388.500     6.2325     6.2332     0.0006    1.24368    1.24366          1     0.0026     0.0188      58.09     0.3527     0.3117  1.000e-12  0.1801000    11.3690    11.3685    -0.0004     8.9156     8.9152    384.520    392.501      0.440    1452.25    1452.25  0.000e+00
      18745    389.000     6.2327     6.2334     0.0006    1.24371    1.24368          1     0.0017     0.0193      57.55     0.3640     0.3427  1.000e-12  0.1750000    11.3690    11.3686    -0.0005     8.9157     8.9152    385.014    393.006      0.593    1452.26    1452.26  0.000e+00
      18764    389.500     6.2329     6.2335     0.0006    1.24372    1.24369          1     0.0024     0.0188      57.10     0.3534     0.3626  1.000e-12  0.1721000    11.3690    11.3685    -0.0005     8.9157     8.9152    385.508    393.511      0.707    1452.27    1452.27  0.000e+00
      18779    390.000     6.2329     6.2335     0.0006    1.24372    1.24371          1     0.0035     0.0171      56.59     0.3214     0.3328  1.000e-12  0.1731000    11.3690    11.3686    -0.0004     8.9156     8.9153    386.003    394.015      0.733    1452.27    1452.28  0.000e+00
      18796    390.500     6.2329     6.2335     0.0006    1.24374    1.24372          1     0.0028     0.0171      55.96     0.3419     0.3357  1.000e-12  0.1744000    11.3691    11.3686    -0.0004     8.9157     8.9153    386.497    394.520      0.643    1452.28    1452.28  0.000e+00
      18819    391.000     6.2328     6.2335     0.0007    1.24376    1.24374          1     0.0020     0.0173      55.30     0.3599     0.3442  1.000e-12  0.1790000    11.3692    11.3688    -0.0004     8.9158     8.9154    386.992    395.025      0.443    1452.29    1452.29  0.000e+00
      18852    391.500     6.2328     6.2335     0.0006    1.24378    1.24375          1     0.0017     0.0198      54.76     0.3420     0.3260  1.000e-12  0.1748000    11.3693    11.3688    -0.0005     8.9159     8.9154    387.486    395.530      0.389    1452.30    1452.30  0.000e+00
      18878    392.000     6.2331     6.2337     0.0005    1.24380    1.24378          1     0.0050     0.0173      54.39     0.3453     0.3276  1.000e-12  0.1733000    11.3693    11.3689    -0.0004     8.9159     8.9155    387.981    396.035      0.600    1452.31    1452.31  0.000e+00
