ctdpy/exports/archive_20191121_122431/received_data/SBE09_1044_20180417_0441_34_07_0011.cnv
* Sea-Bird SBE 9 Data File:
* FileName = C:\ctd\temp\2018\AU18D011.hex
* Software Version Seasave V 7.26.6.26
* Temperature SN = 5351
* Conductivity SN = 3941
* Number of Bytes Per Scan = 41
* Number of Voltage Words = 4
* Number of Scans Averaged by the Deck Unit = 1
* NMEA Latitude = 55 52.00 N
* NMEA Longitude = 012 44.92 E
* NMEA UTC (Time) = Apr 17 2018  04:41:34
* NMEA baud rate = 4800
** Station:  W Landskrona
** Operator:  A-KTh
** Ship: AURA
** Average sound velocity: 1451.76 m/s
** True-depth calculation Tue, 17 Apr 2018 05:25:42 +0000
** CTD Python Module SMHI /ver 3-12/ feb 2012 
** LIMS Job: 20183407-0011
** Cruise: SMHI-01-2018
** Latitude [GG MM.mm N] :
** Longitude [GG MM.mm E]:
# nquan = 26
# nvalues = 99                          
# units = specified
# name 0 = scan: Scan Count
# name 1 = prDM: Pressure, Digiquartz [db]
# name 2 = t090C: Temperature [ITS-90, deg C]
# name 3 = t190C: Temperature, 2 [ITS-90, deg C]
# name 4 = T2-T190C: Temperature Difference, 2 - 1 [ITS-90, deg C]
# name 5 = c0S/m: Conductivity [S/m]
# name 6 = c1S/m: Conductivity, 2 [S/m]
# name 7 = pumps: Pump Status
# name 8 = sbeox0ML/L: Oxygen, SBE 43 [ml/l]
# name 9 = sbeox1ML/L: Oxygen, SBE 43, 2 [ml/l]
# name 10 = altM: Altimeter [m]
# name 11 = flECO-AFL: Chl-a Fluorescence, WET Labs ECO-AFL/FL [mg/m^3]
# name 12 = flECO-AFL1: Phycocyanin Fluorescence, WET Labs ECO-AFL/FL, 2 [mg/m^3]
# name 13 = par: PAR/Irradiance, Biospherical/Lico [µE/(cm^2*s)]
# name 14 = turbWETntu0: Turbidity, WET Labs ECO [NTU]
# name 15 = sal00: Salinity, Practical [PSU]
# name 16 = sal11: Salinity, Practical, 2 [PSU]
# name 17 = secS-priS: Salinity, Practical, Difference, 2 - 1 [PSU]
# name 18 = sigma-t00: Density [sigma-t, Kg/m^3 ]
# name 19 = sigma-t11: Density, 2 [sigma-t, Kg/m^3 ]
# name 20 = depSM: Depth [salt water, m], lat = 55.8667
# name 21 = depFM: Depth [true depth, m], lat = 55.8667
# name 22 = dz/dtM: Descent Rate [m/s], WS = 2
# name 23 = svCM: Sound Velocity [Chen-Millero, m/s]
# name 24 = svCM1: Sound Velocity, 2 [Chen-Millero, m/s]
# name 25 = flag: flag
# span 0 =       7393,       9934       
# span 1 =      1.000,     50.000       
# span 2 =     4.6607,     5.7549       
# span 3 =     4.6620,     5.7556       
# span 4 =    -0.0135,     0.0225       
# span 5 =   1.001754,   3.311838       
# span 6 =   1.001540,   3.311766       
# span 7 =          1,          1       
# span 8 =    5.33560,    8.86561       
# span 9 =    5.25488,    8.75938       
# span 10 =       1.26,      49.22      
# span 11 =     0.3087,     4.9846      
# span 12 =     0.2118,     0.7998      
# span 13 = -5.479e-11, 1.0050e+02      
# span 14 =     0.3797,     1.5306      
# span 15 =     9.2180,    33.8120      
# span 16 =     9.2145,    33.8105      
# span 17 =    -0.0427,     0.1903      
# span 18 =     7.2574,    26.6443      
# span 19 =     7.2544,    26.6430      
# span 20 =      0.884,     49.540      
# span 21 =     -0.000,     49.784      
# span 22 =     -0.181,      0.561      
# span 23 =    1440.52,    1473.08      
# span 24 =    1440.58,    1473.09      
# span 25 = 0.0000e+00, 0.0000e+00      
# interval = decibars: 0.5              
# start_time = Apr 17 2018 04:41:34 [NMEA time, first data scan]
# bad_flag = -9.990e-29
*END*
       7393      1.000     5.6872     5.7021     0.0150    1.01266    1.01146          1     8.8358     8.7370       1.35     1.6417     0.3429  1.005e+02  0.3855000     9.3136     9.2976    -0.0160     7.3302     7.3168      0.884      1.011      0.135    1441.13    1441.17  0.000e+00
 -9.990e-29      1.500 -9.990e-29 -9.990e-29 -9.990e-29 -9.990e-29 -9.990e-29 -9.990e-29 -9.990e-29 -9.990e-29 -9.990e-29 -9.990e-29 -9.990e-29 -9.990e-29 -9.990e-29 -9.990e-29 -9.990e-29 -9.990e-29 -9.990e-29 -9.990e-29 -9.990e-29 -9.990e-29 -9.990e-29 -9.990e-29 -9.990e-29 -9.990e-29
       7610      2.000     5.6718     5.6794     0.0077    1.02176    1.01994          1     8.8438     8.7360      49.22     1.5928     0.3676  2.762e+01  0.3833000     9.4079     9.3878    -0.0201     7.4055     7.3892      2.092      2.022      0.177    1441.20    1441.21  0.000e+00
       7653      2.500     5.6756     5.6855     0.0099    1.02277    1.01917          1     8.8473     8.7296      48.86     1.6008     0.3751  2.409e+01  0.3819000     9.4168     9.3784    -0.0384     7.4123     7.3814      2.477      2.528      0.255    1441.23    1441.23  0.000e+00
       7696      3.000     5.6811     5.6829     0.0018    1.02037    1.01964          1     8.8656     8.7508      48.36     1.5816     0.3665  2.026e+01  0.3933000     9.3914     9.3837    -0.0077     7.3919     7.3857      2.973      3.033      0.296    1441.23    1441.23  0.000e+00
       7735      3.500     5.6844     5.6860     0.0016    1.01422    1.01590          1     8.8517     8.7594      47.86     1.6214     0.3375  1.716e+01  0.3841000     9.3294     9.3456     0.0162     7.3429     7.3556      3.468      3.539      0.327    1441.17    1441.20  0.000e+00
       7769      4.000     5.6403     5.6453     0.0051    1.00175    1.00154          1     8.7898     8.7101      47.31     1.5617     0.3849  1.464e+01  0.3935000     9.2180     9.2145    -0.0035     7.2574     7.2544      3.964      4.044      0.392    1440.85    1440.87  0.000e+00
       7797      4.500     5.4707     5.4877     0.0169    1.03605    1.03226          1     8.6177     8.5362      46.84     1.4948     0.3728  1.249e+01  0.4007000     9.6068     9.5641    -0.0427     7.5733     7.5387      4.459      4.550      0.455    1440.62    1440.64  0.000e+00
       7823      5.000     5.4101     5.4327     0.0225    1.04638    1.04421          1     8.4854     8.4208      46.34     1.4392     0.3733  1.077e+01  0.4109000     9.7276     9.6993    -0.0283     7.6718     7.6483      4.955      5.055      0.465    1440.52    1440.58  0.000e+00
       7848      5.500     5.2609     5.2715     0.0106    1.15311    1.15111          1     8.4639     8.4005      45.83     1.6071     0.3578  9.249e+00  0.3797000    10.8557    10.8319    -0.0238     8.5704     8.5511      5.450      5.560      0.479    1441.31    1441.33  0.000e+00
       7873      6.000     5.1400     5.1438     0.0038    1.51173    1.51243          1     8.4285     8.3427      45.33     1.6549     0.4147  7.983e+00  0.4490000    14.6021    14.6077     0.0055    11.5350    11.5392      5.945      6.065      0.487    1445.54    1445.56  0.000e+00
       7897      6.500     5.1375     5.1404     0.0029    1.60509    1.60265          1     8.3936     8.2695      44.83     1.8076     0.3983  6.942e+00  0.4675000    15.5816    15.5545    -0.0271    12.3084    12.2868      6.441      6.568      0.500    1446.78    1446.75  0.000e+00
       7921      7.000     5.1467     5.1483     0.0016    1.63186    1.62938          1     8.3066     8.1697      44.31     2.0135     0.3951  6.094e+00  0.4804000    15.8594    15.8324    -0.0270    12.5271    12.5057      6.936      7.071      0.510    1447.17    1447.15  0.000e+00
       7944      7.500     5.1988     5.1994     0.0006    1.70220    1.70010          1     8.1888     8.0578      43.79     2.0109     0.3952  5.421e+00  0.4830000    16.5779    16.5554    -0.0225    13.0906    13.0728      7.432      7.574      0.506    1448.31    1448.29  0.000e+00
       7968      8.000     5.2351     5.2380     0.0028    1.80994    1.81883          1     8.0438     7.9283      43.30     1.8406     0.4127  4.798e+00  0.4668000    17.7036    17.7967     0.0931    13.9765    14.0498      7.927      8.076      0.507    1449.90    1450.03  0.000e+00
       7992      8.500     5.0821     5.0685    -0.0135    2.04046    2.05723          1     7.9000     7.8039      42.78     1.9434     0.4261  4.241e+00  0.5185000    20.2704    20.4607     0.1903    16.0144    16.1658      8.423      8.578      0.511    1452.51    1452.69  0.000e+00
       8015      9.000     4.9054     4.8941    -0.0113    2.22367    2.23318          1     7.7767     7.6891      42.23     2.7690     0.4907  3.745e+00  0.5519000    22.3828    22.4949     0.1121    17.6974    17.7869      8.918      9.079      0.501    1454.44    1454.54  0.000e+00
       8040      9.500     4.8104     4.8064    -0.0041    2.31200    2.31677          1     7.6597     7.5647      41.71     3.7549     0.6358  3.323e+00  0.5477000    23.4233    23.4791     0.0557    18.5279    18.5723      9.413      9.579      0.501    1455.37    1455.42  0.000e+00
       8063     10.000     4.7178     4.7162    -0.0014    2.44005    2.44139          1     7.5934     7.4931      41.23     4.1758     0.6617  2.954e+00  0.5831000    24.9189    24.9349     0.0160    19.7189    19.7317      9.909     10.079      0.515    1456.89    1456.90  0.000e+00
       8086     10.500     4.6607     4.6620     0.0013    2.59673    2.59490          1     7.5622     7.4392      40.71     4.2655     0.7998  2.618e+00  0.6295000    26.7257    26.7040    -0.0218    21.1542    21.1368     10.404     10.578      0.523    1458.96    1458.94  0.000e+00
       8109     11.000     4.6869     4.6934     0.0064    2.73188    2.74012          1     7.4458     7.3025      40.19     4.3234     0.7011  2.302e+00  0.5808000    28.2376    28.3258     0.0882    22.3491    22.4184     10.900     11.076      0.521    1461.00    1461.14  0.000e+00
       8132     11.500     4.7291     4.7308     0.0017    2.83133    2.83767          1     7.3406     7.2030      39.70     3.9758     0.7596  2.002e+00  0.4729000    29.3339    29.4048     0.0709    23.2135    23.2695     11.395     11.574      0.518    1462.58    1462.68  0.000e+00
       8155     12.000     4.7371     4.7426     0.0055    2.87631    2.87933          1     7.3828     7.1993      39.20     4.4709     0.7444  1.735e+00  0.5255000    29.8406    29.8702     0.0296    23.6142    23.6371     11.891     12.072      0.529    1463.27    1463.33  0.000e+00
       8178     12.500     4.8622     4.8845     0.0224    2.94663    2.95525          1     7.1845     6.9048      38.74     4.9846     0.7234  1.524e+00  0.7011000    30.5306    30.6087     0.0781    24.1480    24.2075     12.386     12.569      0.539    1464.67    1464.87  0.000e+00
       8200     13.000     5.1604     5.1627     0.0022    3.07334    3.07179          1     6.7405     6.4277      38.28     4.2039     0.6998  1.329e+00  0.6937000    31.6997    31.6798    -0.0199    25.0421    25.0261     12.881     13.066      0.533    1467.40    1467.38  0.000e+00
       8223     13.500     5.2256     5.2308     0.0052    3.09367    3.09429          1     6.3661     6.1024      37.88     3.2904     0.6722  1.153e+00  0.6035000    31.8693    31.8715     0.0021    25.1692    25.1703     13.377     13.563      0.536    1467.89    1467.91  0.000e+00
       8245     14.000     5.2834     5.2861     0.0027    3.11382    3.11442          1     6.1377     5.9307      37.35     3.2687     0.6869  1.010e+00  0.6005000    32.0433    32.0476     0.0043    25.3004    25.3035     13.872     14.060      0.544    1468.35    1468.37  0.000e+00
       8267     14.500     5.3202     5.3209     0.0007    3.12792    3.12781          1     6.0100     5.8528      36.80     3.1895     0.5375  8.864e-01  0.6309000    32.1682    32.1664    -0.0019    25.3952    25.3936     14.368     14.556      0.547    1468.67    1468.67  0.000e+00
       8289     15.000     5.3391     5.3394     0.0003    3.13483    3.13450          1     5.9589     5.8256      36.28     2.8463     0.5375  7.721e-01  0.6445000    32.2286    32.2245    -0.0041    25.4408    25.4375     14.863     15.053      0.550    1468.83    1468.82  0.000e+00
       8310     15.500     5.3749     5.3775     0.0027    3.14911    3.14955          1     5.8982     5.7610      35.77     3.1021     0.5141  6.794e-01  0.6665000    32.3563    32.3587     0.0025    25.5377    25.5394     15.359     15.550      0.552    1469.14    1469.16  0.000e+00
       8332     16.000     5.4585     5.4568    -0.0018    3.18473    3.18308          1     5.8021     5.6655      35.30     2.6364     0.4995  5.966e-01  0.6604000    32.6798    32.6628    -0.0170    25.7841    25.7708     15.854     16.046      0.556    1469.90    1469.87  0.000e+00
       8354     16.500     5.4984     5.4944    -0.0040    3.20379    3.20145          1     5.7209     5.6018      34.77     1.9156     0.4798  5.227e-01  0.6940000    32.8572    32.8345    -0.0227    25.9198    25.9023     16.349     16.543      0.557    1470.30    1470.25  0.000e+00
       8375     17.000     5.5139     5.5144     0.0006    3.21135    3.21155          1     5.6769     5.5735      34.28     1.8023     0.4075  4.612e-01  0.7402000    32.9277    32.9294     0.0017    25.9738    25.9750     16.845     17.039      0.556    1470.46    1470.46  0.000e+00
       8397     17.500     5.5289     5.5304     0.0014    3.21852    3.21889          1     5.6614     5.5601      33.94     1.7747     0.4078  4.010e-01  0.7582000    32.9941    32.9968     0.0027    26.0245    26.0265     17.340     17.535      0.559    1470.61    1470.62  0.000e+00
       8418     18.000     5.5422     5.5436     0.0014    3.22471    3.22503          1     5.6489     5.5510      33.47     1.7026     0.3633  3.455e-01  0.7465000    33.0511    33.0534     0.0023    26.0681    26.0697     17.836     18.032      0.560    1470.74    1470.75  0.000e+00
       8439     18.500     5.5515     5.5520     0.0005    3.22991    3.22991          1     5.6420     5.5462      32.96     1.5670     0.4028  3.018e-01  0.7333000    33.1007    33.1003    -0.0005    26.1062    26.1058     18.331     18.528      0.561    1470.85    1470.85  0.000e+00
       8461     19.000     5.5569     5.5579     0.0010    3.23331    3.23337          1     5.6444     5.5439      32.57     1.3454     0.4336  2.644e-01  0.7961000    33.1338    33.1335    -0.0003    26.1317    26.1314     18.826     19.024      0.557    1470.92    1470.93  0.000e+00
       8483     19.500     5.5571     5.5582     0.0011    3.23344    3.23350          1     5.6445     5.5425      32.11     1.5171     0.3939  2.255e-01  0.7847000    33.1348    33.1344    -0.0004    26.1325    26.1321     19.322     19.521      0.554    1470.94    1470.94  0.000e+00
       8504     20.000     5.5590     5.5597     0.0007    3.23441    3.23433          1     5.6443     5.5428      31.60     1.4177     0.3953  1.873e-01  0.8342000    33.1437    33.1421    -0.0017    26.1393    26.1380     19.817     20.017      0.555    1470.96    1470.96  0.000e+00
       8526     20.500     5.5607     5.5618     0.0012    3.23560    3.23581          1     5.6471     5.5490      30.99     1.3333     0.3675  1.582e-01  0.8142000    33.1553    33.1565     0.0012    26.1483    26.1491     20.313     20.513      0.554    1470.99    1471.00  0.000e+00
       8548     21.000     5.5609     5.5621     0.0012    3.23620    3.23631          1     5.6531     5.5575      30.48     1.3119     0.3759  1.319e-01  0.7972000    33.1617    33.1617     0.0000    26.1533    26.1532     20.808     21.010      0.548    1471.01    1471.01  0.000e+00
       8570     21.500     5.5610     5.5622     0.0013    3.23694    3.23690          1     5.6600     5.5570      30.03     1.3611     0.4360  1.058e-01  0.8100000    33.1698    33.1680    -0.0018    26.1597    26.1582     21.303     21.506      0.546    1471.03    1471.03  0.000e+00
       8592     22.000     5.5618     5.5626     0.0009    3.23741    3.23737          1     5.6491     5.5490      29.63     1.4486     0.4656  8.820e-02  0.8173000    33.1740    33.1727    -0.0013    26.1630    26.1618     21.799     22.002      0.549    1471.04    1471.05  0.000e+00
       8613     22.500     5.5633     5.5641     0.0008    3.23841    3.23829          1     5.6492     5.5520      29.16     1.4932     0.4007  6.445e-02  0.8375000    33.1836    33.1814    -0.0022    26.1704    26.1686     22.294     22.498      0.547    1471.07    1471.07  0.000e+00
       8635     23.000     5.5668     5.5679     0.0011    3.23973    3.23989          1     5.6527     5.5485      28.72     1.6285     0.4387  4.725e-02  0.8391000    33.1949    33.1956     0.0007    26.1789    26.1793     22.790     22.995      0.542    1471.11    1471.11  0.000e+00
       8658     23.500     5.5847     5.5847    -0.0001    3.24626    3.24600          1     5.6377     5.5194      28.22     1.3856     0.3686  2.666e-02  0.8230000    33.2510    33.2482    -0.0028    26.2211    26.2189     23.285     23.491      0.539    1471.26    1471.25  0.000e+00
       8680     24.000     5.5962     5.5973     0.0011    3.25060    3.25064          1     5.6134     5.4955      27.73     1.3677     0.3669  1.754e-02  0.8462000    33.2886    33.2881    -0.0006    26.2495    26.2490     23.781     23.987      0.542    1471.36    1471.36  0.000e+00
       8702     24.500     5.6032     5.6043     0.0011    3.25357    3.25366          1     5.5903     5.4848      27.24     1.2145     0.3403  4.158e-03  0.8359000    33.3153    33.3152    -0.0001    26.2698    26.2696     24.276     24.483      0.543    1471.43    1471.43  0.000e+00
       8724     25.000     5.6156     5.6161     0.0006    3.25920    3.25909          1     5.5672     5.4743      26.73     1.0388     0.3403  6.053e-05  0.8332000    33.3667    33.3648    -0.0019    26.3089    26.3074     24.771     24.980      0.538    1471.55    1471.55  0.000e+00
       8747     25.500     5.6172     5.6178     0.0006    3.26013    3.26000          1     5.5617     5.4680      26.09     1.1187     0.3636 -5.479e-11  0.9036000    33.3754    33.3733    -0.0021    26.3156    26.3139     25.267     25.476      0.535    1471.58    1471.58  0.000e+00
       8769     26.000     5.6173     5.6173     0.0000    3.26026    3.25989          1     5.5639     5.4651      25.66     1.0720     0.3487  1.000e-12  0.9116000    33.3765    33.3723    -0.0041    26.3165    26.3132     25.762     25.972      0.538    1471.59    1471.58  0.000e+00
       8791     26.500     5.6271     5.6272     0.0001    3.26498    3.26446          1     5.5587     5.4511      25.20     0.9806     0.3233  1.000e-12  0.8585000    33.4200    33.4140    -0.0060    26.3497    26.3450     26.257     26.468      0.538    1471.69    1471.68  0.000e+00
       8814     27.000     5.6333     5.6352     0.0018    3.26807    3.26844          1     5.5474     5.4376      24.72     0.9482     0.3607  1.000e-12  0.9123000    33.4486    33.4511     0.0024    26.3717    26.3734     26.753     26.964      0.533    1471.76    1471.77  0.000e+00
       8836     27.500     5.6422     5.6417    -0.0004    3.27229    3.27155          1     5.5393     5.4361      24.23     1.0741     0.3676  1.000e-12  0.9228000    33.4875    33.4795    -0.0079    26.4013    26.3950     27.248     27.461      0.532    1471.85    1471.84  0.000e+00
       8859     28.000     5.6471     5.6488     0.0017    3.27444    3.27460          1     5.5258     5.4247      23.75     0.9931     0.3757  1.000e-12  0.9247000    33.5067    33.5068     0.0001    26.4159    26.4158     27.744     27.957      0.536    1471.91    1471.91  0.000e+00
