ctdpy/exports/archive_20191121_122431/received_data/SBE09_0827_20181127_0602_26_01_1256.cnv
* Sea-Bird SBE 9 Data File:
* FileName = D:\CTD_SBE911\DAT\26DA.2018.12.56.hex
* Software Version Seasave V 7.21d
* Temperature SN = 4548
* Conductivity SN = 3062
* Number of Bytes Per Scan = 48
* Number of Voltage Words = 5
* Number of Scans Averaged by the Deck Unit = 1
* NMEA Latitude = 55 45.65 N
* NMEA Longitude = 016 29.51 E
* NMEA UTC (Time) = Nov 27 2018  06:03:19
* NMEA baud rate = 4800
** Ship: DANA
** Average sound velocity: 1452.37 m/s
** True-depth calculation Tue, 02 Apr 2019 12:15:49 +0000
** CTD Python Module SMHI /ver 3-12/ feb 2012 
** LIMS Job: 20182601-1256
** Operator: Ronny
** Cruise: 12/2018
# nquan = 26
# nvalues = 112                         
# units = specified
# name 0 = scan: Scan Count
# name 1 = prDM: Pressure, Digiquartz [db]
# name 2 = t090C: Temperature [ITS-90, deg C]
# name 3 = t190C: Temperature, 2 [ITS-90, deg C]
# name 4 = T2-T190C: Temperature Difference, 2 - 1 [ITS-90, deg C]
# name 5 = c0S/m: Conductivity [S/m]
# name 6 = c1S/m: Conductivity, 2 [S/m]
# name 7 = pumps: Pump Status
# name 8 = sbeox1ML/L: Oxygen, SBE 43, 2 [ml/l]
# name 9 = sbeox0ML/L: Oxygen, SBE 43 [ml/l]
# name 10 = altM: Altimeter [m]
# name 11 = chloroflTC0: Chlorophyll, Turner Cyclops [ug/l]
# name 12 = cpar: CPAR/Corrected Irradiance [%]
# name 13 = par: PAR/Irradiance, Biospherical/Lico [µE/(cm^2*s)]
# name 14 = spar: SPAR, Biospherical/Licor
# name 15 = sal00: Salinity, Practical [PSU]
# name 16 = sal11: Salinity, Practical, 2 [PSU]
# name 17 = secS-priS: Salinity, Practical, Difference, 2 - 1 [PSU]
# name 18 = sigma-t00: Density [sigma-t, kg/m^3 ]
# name 19 = sigma-t11: Density, 2 [sigma-t, kg/m^3 ]
# name 20 = depSM: Depth [salt water, m], lat = 55.7608
# name 21 = depFM: Depth [true depth, m], lat = 55.7608
# name 22 = dz/dtM: Descent Rate [m/s], WS = 2
# name 23 = svCM: Sound Velocity [Chen-Millero, m/s]
# name 24 = svCM1: Sound Velocity, 2 [Chen-Millero, m/s]
# name 25 = flag: flag
# span 0 =       -216,       5801       
# span 1 =      0.500,     56.000       
# span 2 =     7.4215,    10.8034       
# span 3 =     7.4639,    10.4621       
# span 4 =    -0.6231,     0.5448       
# span 5 =   0.894187,   1.783492       
# span 6 =   0.894909,   1.774587       
# span 7 =          1,          1       
# span 8 =     0.1280,     7.3081       
# span 9 =     0.0813,     7.5398       
# span 10 =       1.84,       9.96      
# span 11 =     0.0159,     0.0396      
# span 12 = 4.9241e-11, 4.9241e-11      
# span 13 = 1.0000e-12, 1.0000e-12      
# span 14 = 2.0308e+00, 2.0308e+00      
# span 15 =     7.5132,    15.1737      
# span 16 =     7.5157,    15.0547      
# span 17 =    -0.8462,     0.0028      
# span 18 =     5.7166,    11.5166      
# span 19 =     5.7166,    11.4130      
# span 20 =      0.495,     55.484      
# span 21 =      0.506,     56.674      
# span 22 =     -0.038,      0.343      
# span 23 =    1447.72,    1467.35      
# span 24 =    1448.49,    1467.00      
# span 25 = 0.0000e+00, 0.0000e+00      
# interval = decibars: 0.5              
# start_time = Nov 27 2018 06:03:19 [NMEA time, first data scan]
# bad_flag = -9.990e-29
*END*
       -216      0.500     8.5264     8.5183    -0.0081    0.89595    0.89566          1     7.2948     7.5283       9.96     0.0376  4.924e-11  1.000e-12  2.031e+00     7.5184     7.5175    -0.0009     5.7166     5.7166      0.495      0.506     -0.038    1450.71    1450.67  0.000e+00
        352      1.000     8.5028     8.5055     0.0028    0.89521    0.89529          1     7.3011     7.5343       9.96     0.0324  4.924e-11  1.000e-12  2.031e+00     7.5167     7.5168     0.0002     5.7173     5.7172      0.991      1.013      0.191    1450.61    1450.63  0.000e+00
        395      1.500     8.5051     8.5049    -0.0001    0.89532    0.89530          1     7.2974     7.5336       9.96     0.0320  4.924e-11  1.000e-12  2.031e+00     7.5171     7.5169    -0.0002     5.7174     5.7173      1.486      1.519      0.293    1450.63    1450.63  0.000e+00
        436      2.000     8.5025     8.5034     0.0010    0.89521    0.89524          1     7.2969     7.5398       9.96     0.0355  4.924e-11  1.000e-12  2.031e+00     7.5166     7.5167     0.0001     5.7173     5.7173      1.982      2.025      0.199    1450.63    1450.63  0.000e+00
        528      2.500     8.4745     8.4938     0.0193    0.89419    0.89491          1     7.2894     7.5313       9.96     0.0346  4.924e-11  1.000e-12  2.031e+00     7.5132     7.5157     0.0024     5.7171     5.7173      2.477      2.532      0.182    1450.52    1450.60  0.000e+00
        603      3.000     8.4907     8.4961     0.0054    0.89485    0.89497          1     7.2891     7.5383       9.96     0.0329  4.924e-11  1.000e-12  2.031e+00     7.5158     7.5157    -0.0001     5.7177     5.7171      2.973      3.038      0.187    1450.60    1450.62  0.000e+00
        668      3.500     8.5068     8.5004    -0.0064    0.89545    0.89516          1     7.3081     7.5337       9.96     0.0324  4.924e-11  1.000e-12  2.031e+00     7.5176     7.5164    -0.0013     5.7177     5.7173      3.468      3.545      0.194    1450.67    1450.64  0.000e+00
        727      4.000     8.5081     8.5069    -0.0011    0.89550    0.89543          1     7.2984     7.5349       9.96     0.0365  4.924e-11  1.000e-12  2.031e+00     7.5178     7.5174    -0.0004     5.7177     5.7175      3.964      4.051      0.215    1450.69    1450.68  0.000e+00
        789      4.500     8.5089     8.5075    -0.0014    0.89550    0.89545          1     7.2935     7.5286       9.96     0.0339  4.924e-11  1.000e-12  2.031e+00     7.5176     7.5174    -0.0002     5.7175     5.7175      4.459      4.557      0.227    1450.70    1450.69  0.000e+00
        838      5.000     8.5082     8.5078    -0.0003    0.89550    0.89547          1     7.2900     7.5279       9.96     0.0311  4.924e-11  1.000e-12  2.031e+00     7.5176     7.5175    -0.0001     5.7176     5.7175      4.955      5.064      0.224    1450.70    1450.70  0.000e+00
        904      5.500     8.5068     8.5084     0.0016    0.89542    0.89549          1     7.2937     7.5278       9.96     0.0306  4.924e-11  1.000e-12  2.031e+00     7.5172     7.5174     0.0002     5.7174     5.7174      5.450      5.570      0.249    1450.70    1450.71  0.000e+00
        948      6.000     8.4990     8.5042     0.0052    0.89515    0.89533          1     7.3058     7.5322       9.96     0.0329  4.924e-11  1.000e-12  2.031e+00     7.5163     7.5169     0.0005     5.7174     5.7173      5.945      6.076      0.232    1450.68    1450.70  0.000e+00
       1010      6.500     8.5222     8.5087    -0.0135    0.89597    0.89546          1     7.2956     7.5294       9.96     0.0336  4.924e-11  1.000e-12  2.031e+00     7.5188     7.5170    -0.0017     5.7172     5.7171      6.441      6.583      0.244    1450.78    1450.73  0.000e+00
       1054      7.000     8.5243     8.5218    -0.0025    0.89602    0.89594          1     7.2809     7.5223       9.96     0.0349  4.924e-11  1.000e-12  2.031e+00     7.5186     7.5185    -0.0001     5.7169     5.7171      6.936      7.089      0.270    1450.80    1450.79  0.000e+00
       1102      7.500     8.5053     8.5141     0.0088    0.89544    0.89569          1     7.2967     7.5278       9.96     0.0336  4.924e-11  1.000e-12  2.031e+00     7.5174     7.5178     0.0004     5.7177     5.7172      7.432      7.596      0.237    1450.73    1450.77  0.000e+00
       1151      8.000     8.5055     8.5086     0.0032    0.89542    0.89551          1     7.2969     7.5299       9.96     0.0342  4.924e-11  1.000e-12  2.031e+00     7.5171     7.5173     0.0002     5.7174     5.7173      7.927      8.102      0.257    1450.74    1450.75  0.000e+00
       1198      8.500     8.5061     8.5141     0.0080    0.89547    0.89569          1     7.2988     7.5268       9.96     0.0352  4.924e-11  1.000e-12  2.031e+00     7.5174     7.5177     0.0003     5.7176     5.7171      8.423      8.608      0.252    1450.75    1450.78  0.000e+00
       1248      9.000     8.5055     8.5100     0.0044    0.89545    0.89558          1     7.3059     7.5274       9.96     0.0328  4.924e-11  1.000e-12  2.031e+00     7.5173     7.5175     0.0002     5.7176     5.7173      8.918      9.115      0.231    1450.75    1450.77  0.000e+00
       1298      9.500     8.5070     8.5104     0.0034    0.89548    0.89558          1     7.2965     7.5348       9.96     0.0343  4.924e-11  1.000e-12  2.031e+00     7.5172     7.5174     0.0003     5.7173     5.7172      9.414      9.621      0.266    1450.77    1450.78  0.000e+00
       1342     10.000     8.5095     8.5088    -0.0006    0.89557    0.89554          1     7.2874     7.5323       9.96     0.0360  4.924e-11  1.000e-12  2.031e+00     7.5175     7.5172    -0.0002     5.7173     5.7172      9.909     10.127      0.257    1450.79    1450.78  0.000e+00
       1390     10.500     8.5126     8.5106    -0.0020    0.89571    0.89563          1     7.2995     7.5266       9.96     0.0368  4.924e-11  1.000e-12  2.031e+00     7.5180     7.5177    -0.0003     5.7175     5.7174     10.404     10.634      0.269    1450.81    1450.80  0.000e+00
       1433     11.000     8.5127     8.5131     0.0004    0.89571    0.89570          1     7.2975     7.5183       9.96     0.0372  4.924e-11  1.000e-12  2.031e+00     7.5179     7.5178    -0.0001     5.7174     5.7172     10.900     11.140      0.267    1450.82    1450.82  0.000e+00
       1484     11.500     8.5132     8.5133     0.0001    0.89573    0.89572          1     7.2942     7.5156       9.96     0.0349  4.924e-11  1.000e-12  2.031e+00     7.5179     7.5178    -0.0001     5.7173     5.7173     11.395     11.647      0.224    1450.83    1450.83  0.000e+00
       1533     12.000     8.5095     8.5121     0.0027    0.89562    0.89570          1     7.2936     7.5218       9.96     0.0308  4.924e-11  1.000e-12  2.031e+00     7.5176     7.5178     0.0001     5.7174     5.7173     11.891     12.153      0.284    1450.82    1450.83  0.000e+00
       1574     12.500     8.5018     8.5098     0.0080    0.89531    0.89562          1     7.2841     7.5261       9.96     0.0331  4.924e-11  1.000e-12  2.031e+00     7.5164     7.5175     0.0011     5.7172     5.7174     12.386     12.659      0.252    1450.79    1450.83  0.000e+00
       1629     13.000     8.4953     8.5020     0.0067    0.89508    0.89533          1     7.2969     7.5315       9.96     0.0360  4.924e-11  1.000e-12  2.031e+00     7.5156     7.5165     0.0009     5.7171     5.7172     12.882     13.166      0.239    1450.78    1450.80  0.000e+00
       1668     13.500     8.4974     8.5002     0.0028    0.89518    0.89526          1     7.2903     7.5278       9.96     0.0316  4.924e-11  1.000e-12  2.031e+00     7.5160     7.5162     0.0002     5.7173     5.7172     13.377     13.672      0.343    1450.79    1450.80  0.000e+00
       1709     14.000     8.4992     8.4986    -0.0007    0.89527    0.89521          1     7.3037     7.5288       9.96     0.0396  4.924e-11  1.000e-12  2.031e+00     7.5164     7.5161    -0.0004     5.7174     5.7172     13.872     14.178      0.246    1450.81    1450.80  0.000e+00
       1761     14.500     8.5033     8.5018    -0.0014    0.89543    0.89534          1     7.3002     7.5218       9.96     0.0370  4.924e-11  1.000e-12  2.031e+00     7.5170     7.5165    -0.0005     5.7175     5.7172     14.368     14.685      0.261    1450.83    1450.83  0.000e+00
       1802     15.000     8.5131     8.5030    -0.0100    0.89577    0.89541          1     7.2922     7.5291       9.96     0.0348  4.924e-11  1.000e-12  2.031e+00     7.5179     7.5168    -0.0012     5.7174     5.7173     14.863     15.191      0.297    1450.88    1450.84  0.000e+00
       1848     15.500     8.5297     8.5111    -0.0186    0.89628    0.89569          1     7.2851     7.5157       9.96     0.0334  4.924e-11  1.000e-12  2.031e+00     7.5189     7.5175    -0.0013     5.7166     5.7172     15.359     15.698      0.230    1450.96    1450.88  0.000e+00
       1899     16.000     8.5328     8.5191    -0.0138    0.89640    0.89595          1     7.2860     7.5182       9.96     0.0351  4.924e-11  1.000e-12  2.031e+00     7.5192     7.5181    -0.0012     5.7166     5.7169     15.854     16.204      0.273    1450.98    1450.92  0.000e+00
       1940     16.500     8.5232     8.5259     0.0027    0.89605    0.89616          1     7.2893     7.5244       9.96     0.0361  4.924e-11  1.000e-12  2.031e+00     7.5181     7.5185     0.0004     5.7166     5.7166     16.350     16.710      0.276    1450.95    1450.96  0.000e+00
       1987     17.000     8.5185     8.5212     0.0027    0.89590    0.89601          1     7.2889     7.5241       9.96     0.0343  4.924e-11  1.000e-12  2.031e+00     7.5176     7.5181     0.0005     5.7166     5.7168     16.845     17.217      0.257    1450.94    1450.95  0.000e+00
       2030     17.500     8.5021     8.5192     0.0171    0.89535    0.89593          1     7.2960     7.5311       9.96     0.0318  4.924e-11  1.000e-12  2.031e+00     7.5161     7.5177     0.0016     5.7169     5.7167     17.340     17.723      0.294    1450.88    1450.95  0.000e+00
       2072     18.000     8.5212     8.5121    -0.0091    0.89609    0.89570          1     7.2965     7.5237       9.96     0.0336  4.924e-11  1.000e-12  2.031e+00     7.5187     7.5171    -0.0016     5.7172     5.7168     17.836     18.229      0.258    1450.96    1450.92  0.000e+00
       2123     18.500     8.5337     8.5245    -0.0092    0.89659    0.89615          1     7.2884     7.5193       9.96     0.0337  4.924e-11  1.000e-12  2.031e+00     7.5205     7.5185    -0.0020     5.7175     5.7168     18.331     18.736      0.244    1451.02    1450.99  0.000e+00
       2167     19.000     8.5348     8.5254    -0.0094    0.89668    0.89624          1     7.2832     7.5197       9.96     0.0382  4.924e-11  1.000e-12  2.031e+00     7.5210     7.5191    -0.0020     5.7179     5.7172     18.827     19.242      0.283    1451.04    1451.00  0.000e+00
       2212     19.500     8.5349     8.5301    -0.0047    0.89668    0.89646          1     7.2821     7.5188       9.96     0.0351  4.924e-11  1.000e-12  2.031e+00     7.5209     7.5200    -0.0009     5.7178     5.7175     19.322     19.749      0.245    1451.05    1451.02  0.000e+00
       2261     20.000     8.5363     8.5326    -0.0038    0.89672    0.89657          1     7.2735     7.5225       9.96     0.0336  4.924e-11  1.000e-12  2.031e+00     7.5209     7.5203    -0.0006     5.7177     5.7175     19.817     20.255      0.269    1451.06    1451.04  0.000e+00
       2303     20.500     8.5465     8.5360    -0.0105    0.89713    0.89669          1     7.2813     7.5117       9.96     0.0389  4.924e-11  1.000e-12  2.031e+00     7.5224     7.5207    -0.0017     5.7179     5.7175     20.313     20.761      0.281    1451.11    1451.07  0.000e+00
       2351     21.000     8.5541     8.5505    -0.0035    0.89745    0.89724          1     7.2943     7.5049       9.96     0.0369  4.924e-11  1.000e-12  2.031e+00     7.5237     7.5225    -0.0011     5.7182     5.7176     20.808     21.268      0.230    1451.15    1451.13  0.000e+00
       2401     21.500     8.5302     8.5498     0.0195    0.89653    0.89726          1     7.2727     7.5095       9.96     0.0375  4.924e-11  1.000e-12  2.031e+00     7.5203     7.5227     0.0024     5.7177     5.7179     21.304     21.774      0.264    1451.06    1451.14  0.000e+00
       2444     22.000     8.5062     8.5343     0.0281    0.89571    0.89668          1     7.2876     7.5297       9.96     0.0309  4.924e-11  1.000e-12  2.031e+00     7.5179     7.5207     0.0028     5.7180     5.7177     21.799     22.280      0.265    1450.97    1451.08  0.000e+00
       2494     22.500     8.5190     8.5252     0.0063    0.89609    0.89633          1     7.2867     7.5302       9.96     0.0317  4.924e-11  1.000e-12  2.031e+00     7.5186     7.5195     0.0009     5.7174     5.7175     22.295     22.787      0.240    1451.03    1451.05  0.000e+00
       2540     23.000     8.5155     8.5196     0.0041    0.89596    0.89613          1     7.2961     7.5278       9.96     0.0332  4.924e-11  1.000e-12  2.031e+00     7.5181     7.5188     0.0006     5.7173     5.7174     22.790     23.293      0.276    1451.02    1451.04  0.000e+00
       2585     23.500     8.5192     8.5167    -0.0025    0.89611    0.89600          1     7.2885     7.5207       9.96     0.0322  4.924e-11  1.000e-12  2.031e+00     7.5186     7.5182    -0.0005     5.7174     5.7172     23.285     23.800      0.253    1451.04    1451.03  0.000e+00
       2631     24.000     8.5234     8.5174    -0.0060    0.89633    0.89603          1     7.2863     7.5150       9.96     0.0323  4.924e-11  1.000e-12  2.031e+00     7.5196     7.5182    -0.0014     5.7178     5.7172     23.781     24.306      0.275    1451.07    1451.04  0.000e+00
       2674     24.500     8.5326     8.5201    -0.0125    0.89673    0.89615          1     7.2784     7.5153       9.96     0.0333  4.924e-11  1.000e-12  2.031e+00     7.5213     7.5187    -0.0026     5.7183     5.7174     24.276     24.812      0.265    1451.12    1451.06  0.000e+00
       2725     25.000     8.5334     8.5259    -0.0075    0.89689    0.89643          1     7.2856     7.5122       9.96     0.0324  4.924e-11  1.000e-12  2.031e+00     7.5225     7.5199    -0.0026     5.7191     5.7178     24.772     25.319      0.228    1451.13    1451.10  0.000e+00
       2772     25.500     8.5216     8.5252     0.0036    0.89657    0.89655          1     7.2860     7.5141       9.96     0.0328  4.924e-11  1.000e-12  2.031e+00     7.5221     7.5211    -0.0010     5.7198     5.7188     25.267     25.825      0.280    1451.09    1451.10  0.000e+00
       2816     26.000     8.5339     8.5266    -0.0074    0.89726    0.89669          1     7.2858     7.5063       9.96     0.0315  4.924e-11  1.000e-12  2.031e+00     7.5256     7.5220    -0.0037     5.7215     5.7193     25.762     26.331      0.258    1451.15    1451.12  0.000e+00
       2864     26.500     8.5279     8.5272    -0.0008    0.89716    0.89684          1     7.2771     7.5073       9.96     0.0319  4.924e-11  1.000e-12  2.031e+00     7.5259     7.5232    -0.0027     5.7223     5.7202     26.258     26.838      0.255    1451.14    1451.13  0.000e+00
       2909     27.000     8.5299     8.5281    -0.0018    0.89725    0.89701          1     7.2705     7.5022       9.96     0.0299  4.924e-11  1.000e-12  2.031e+00     7.5262     7.5245    -0.0018     5.7224     5.7211     26.753     27.344      0.269    1451.15    1451.14  0.000e+00
       2956     27.500     8.5224     8.5252     0.0029    0.89706    0.89702          1     7.2845     7.5074       9.96     0.0310  4.924e-11  1.000e-12  2.031e+00     7.5260     7.5251    -0.0010     5.7229     5.7219     27.248     27.851      0.245    1451.13    1451.14  0.000e+00
