ctdpy/exports/archive_20191121_122431/received_data/SBE09_1044_20180530_1535_34_07_0046.cnv
* Sea-Bird SBE 9 Data File:
* FileName = C:\ctd\temp\2018\AU18D046.hex
* Software Version Seasave V 7.26.6.26
* Temperature SN = 5351
* Conductivity SN = 3941
* Number of Bytes Per Scan = 41
* Number of Voltage Words = 4
* Number of Scans Averaged by the Deck Unit = 1
* NMEA Latitude = 57 18.74 N
* NMEA Longitude = 020 04.57 E
* NMEA UTC (Time) = May 30 2018  15:35:45
* NMEA baud rate = 4800
** Station:  BY15
** Operator:  JKro
** Ship: AURA
** Average sound velocity: 1447.99 m/s
** True-depth calculation Wed, 30 May 2018 16:55:02 +0000
** CTD Python Module SMHI /ver 3-12/ feb 2012 
** LIMS Job: 20183407-0046
** Cruise: SMHI-02-2018
** Latitude [GG MM.mm N] :
** Longitude [GG MM.mm E]:
# nquan = 26
# nvalues = 471                         
# units = specified
# name 0 = scan: Scan Count
# name 1 = prDM: Pressure, Digiquartz [db]
# name 2 = t090C: Temperature [ITS-90, deg C]
# name 3 = t190C: Temperature, 2 [ITS-90, deg C]
# name 4 = T2-T190C: Temperature Difference, 2 - 1 [ITS-90, deg C]
# name 5 = c0S/m: Conductivity [S/m]
# name 6 = c1S/m: Conductivity, 2 [S/m]
# name 7 = pumps: Pump Status
# name 8 = sbeox0ML/L: Oxygen, SBE 43 [ml/l]
# name 9 = sbeox1ML/L: Oxygen, SBE 43, 2 [ml/l]
# name 10 = altM: Altimeter [m]
# name 11 = flECO-AFL: Chl-a Fluorescence, WET Labs ECO-AFL/FL [mg/m^3]
# name 12 = flECO-AFL1: Phycocyanin Fluorescence, WET Labs ECO-AFL/FL, 2 [mg/m^3]
# name 13 = par: PAR/Irradiance, Biospherical/Lico [µE/(cm^2*s)]
# name 14 = turbWETntu0: Turbidity, WET Labs ECO [NTU]
# name 15 = sal00: Salinity, Practical [PSU]
# name 16 = sal11: Salinity, Practical, 2 [PSU]
# name 17 = secS-priS: Salinity, Practical, Difference, 2 - 1 [PSU]
# name 18 = sigma-t00: Density [sigma-t, Kg/m^3 ]
# name 19 = sigma-t11: Density, 2 [sigma-t, Kg/m^3 ]
# name 20 = depSM: Depth [salt water, m], lat = 57.3123
# name 21 = depFM: Depth [true depth, m], lat = 57.3123
# name 22 = dz/dtM: Descent Rate [m/s], WS = 2
# name 23 = svCM: Sound Velocity [Chen-Millero, m/s]
# name 24 = svCM1: Sound Velocity, 2 [Chen-Millero, m/s]
# name 25 = flag: flag
# span 0 =      11442,      26051       
# span 1 =      1.000,    236.000       
# span 2 =     2.9692,    15.1405       
# span 3 =     2.9703,    15.1466       
# span 4 =    -0.0381,     0.0438       
# span 5 =   0.759898,   1.459491       
# span 6 =   0.759791,   1.459480       
# span 7 =          1,          1       
# span 8 =   -0.01819,    9.87640       
# span 9 =   -0.19286,    9.95841       
# span 10 =       0.00,      98.61      
# span 11 =     0.2129,     8.4804      
# span 12 =     0.1382,     0.8795      
# span 13 = -9.822e-07, 4.8387e+02      
# span 14 =     0.1154,     0.6344      
# span 15 =     7.2409,    13.2904      
# span 16 =     7.2410,    13.2899      
# span 17 =    -0.0027,     0.0011      
# span 18 =     4.6726,    10.3742      
# span 19 =     4.6717,    10.3737      
# span 20 =      0.991,    233.693      
# span 21 =      1.014,    238.331      
# span 22 =     -0.141,      0.561      
# span 23 =    1427.24,    1475.07      
# span 24 =    1427.24,    1475.09      
# span 25 = 0.0000e+00, 0.0000e+00      
# interval = decibars: 0.5              
# start_time = May 30 2018 15:35:46 [NMEA time, first data scan]
# bad_flag = -9.990e-29
*END*
      11442      1.000    15.1234    15.1225    -0.0009    1.02386    1.02383          1     8.0465     8.0067       0.16     0.8987     0.2864  4.839e+02  0.3447000     7.2761     7.2760    -0.0001     4.6760     4.6761      0.991      1.014      0.364    1474.97    1474.96  0.000e+00
      11467      1.500    15.1238    15.1320     0.0081    1.02387    1.02407          1     8.0600     8.0241       0.06     0.9126     0.2945  2.389e+02  0.3641000     7.2760     7.2761     0.0000     4.6758     4.6745      1.486      1.521      0.467    1474.98    1475.00  0.000e+00
      11494      2.000    15.1394    15.1335    -0.0060    1.02424    1.02406          1     8.0755     8.0460       0.07     0.8828     0.2932  9.064e+01  0.3527000     7.2760     7.2757    -0.0003     4.6732     4.6739      1.982      2.028      0.486    1475.04    1475.02  0.000e+00
      11516      2.500    15.1310    15.1263    -0.0047    1.02402    1.02388          1     8.0752     8.0300       0.01     0.9216     0.2908  8.446e+01  0.4618000     7.2758     7.2756    -0.0001     4.6744     4.6751      2.477      2.534      0.561    1475.02    1475.00  0.000e+00
      11537      3.000    15.1333    15.1360     0.0027    1.02406    1.02412          1     8.0881     8.0205       0.00     0.9186     0.2805  6.891e+01  0.4198000     7.2757     7.2756    -0.0000     4.6740     4.6735      2.972      3.041      0.509    1475.03    1475.04  0.000e+00
      11564      3.500    15.1349    15.1379     0.0030    1.02410    1.02417          1     8.0752     8.0269      77.28     0.9041     0.2833  6.002e+01  0.5752000     7.2756     7.2756    -0.0000     4.6737     4.6731      3.468      3.548      0.401    1475.05    1475.06  0.000e+00
      11596      4.000    15.1405    15.1466     0.0062    1.02422    1.02439          1     8.0660     8.0285      97.46     0.8956     0.3263  5.149e+01  0.6344000     7.2755     7.2756     0.0001     4.6726     4.6717      3.963      4.055      0.378    1475.07    1475.09  0.000e+00
      11628      4.500    15.1337    15.1372     0.0034    1.02405    1.02412          1     8.0868     8.0328      97.44     0.9044     0.3470  4.287e+01  0.3569000     7.2754     7.2752    -0.0001     4.6736     4.6730      4.459      4.562      0.368    1475.06    1475.07  0.000e+00
      11661      5.000    15.1285    15.1196    -0.0088    1.02388    1.02361          1     8.0827     8.0695      97.43     0.9205     0.3039  3.640e+01  0.3584000     7.2749     7.2745    -0.0004     4.6742     4.6754      4.954      5.069      0.365    1475.05    1475.02  0.000e+00
      11693      5.500    15.0330    15.0679     0.0346    1.02126    1.02224          1     8.1413     8.0854      97.44     0.9801     0.3092  3.212e+01  0.3858000     7.2724     7.2735     0.0011     4.6882     4.6832      5.449      5.576      0.392    1474.73    1474.85  0.000e+00
      11723      6.000    14.9721    14.9581    -0.0137    1.01979    1.01937          1     8.2086     8.1072      97.43     1.0685     0.3408  2.749e+01  0.3633000     7.2723     7.2717    -0.0006     4.6983     4.7002      5.945      6.083      0.413    1474.53    1474.48  0.000e+00
      11751      6.500    14.9269    14.9028    -0.0244    1.01861    1.01794          1     8.2013     8.1368      97.44     1.1471     0.3447  2.411e+01  0.3859000     7.2715     7.2708    -0.0007     4.7052     4.7086      6.440      6.590      0.422    1474.38    1474.29  0.000e+00
      11780      7.000    14.7107    14.6905    -0.0198    1.01285    1.01232          1     8.2465     8.2142      97.43     1.1932     0.3096  2.103e+01  0.3734000     7.2670     7.2667    -0.0003     4.7373     4.7403      6.935      7.097      0.435    1473.63    1473.56  0.000e+00
      11806      7.500    14.5426    14.5418    -0.0009    1.00859    1.00854          1     8.2937     8.2893      97.43     1.2806     0.3024  1.848e+01  0.3838000     7.2652     7.2650    -0.0002     4.7631     4.7631      7.431      7.603      0.461    1473.06    1473.06  0.000e+00
      11832      8.000    14.3598    14.4037     0.0438    1.00395    1.00509          1     8.3552     8.3367      97.43     1.3231     0.3005  1.639e+01  0.3685000     7.2630     7.2637     0.0007     4.7908     4.7843      7.926      8.110      0.473    1472.43    1472.58  0.000e+00
      11857      8.500    14.1419    14.1517     0.0099    0.99842    0.99865          1     8.2935     8.3437      97.44     1.3624     0.3424  1.447e+01  0.3977000     7.2604     7.2604    -0.0001     4.8232     4.8216      8.422      8.617      0.458    1471.67    1471.71  0.000e+00
      11884      9.000    13.6710    13.6468    -0.0241    0.98613    0.98552          1     8.4123     8.5480      97.43     1.4568     0.3288  1.289e+01  0.3680000     7.2518     7.2514    -0.0003     4.8888     4.8921      8.917      9.124      0.457    1470.01    1469.92  0.000e+00
      11910      9.500    13.1498    13.1455    -0.0044    0.97316    0.97304          1     8.7147     8.8062      97.45     1.6128     0.4116  1.153e+01  0.3864000     7.2467     7.2466    -0.0001     4.9624     4.9630      9.412      9.631      0.476    1468.15    1468.13  0.000e+00
      11934     10.000    12.9396    12.9376    -0.0020    0.96798    0.96793          1     8.8031     8.9006      97.43     1.8201     0.4000  1.030e+01  0.4172000     7.2449     7.2449    -0.0000     4.9913     4.9916      9.908     10.137      0.493    1467.39    1467.39  0.000e+00
      11959     10.500    12.4952    12.4921    -0.0033    0.95704    0.95698          1     8.4133     8.8180      97.43     2.0827     0.3847  9.197e+00  0.4078000     7.2409     7.2410     0.0001     5.0503     5.0507     10.403     10.644      0.493    1465.78    1465.77  0.000e+00
      11983     11.000    11.1483    11.1378    -0.0102    0.92619    0.92601          1     8.7887     9.5403      97.44     2.4707     0.4231  8.190e+00  0.4095000     7.2458     7.2463     0.0005     5.2259     5.2275     10.898     11.151      0.495    1460.76    1460.72  0.000e+00
      12007     11.500     9.5342     9.5268    -0.0075    0.88958    0.88954          1     9.4398     9.9584      97.44     3.1846     0.4532  7.348e+00  0.4343000     7.2519     7.2530     0.0011     5.4125     5.4140     11.394     11.657      0.499    1454.56    1454.54  0.000e+00
      12031     12.000     9.1410     9.1396    -0.0014    0.88150    0.88158          1     9.7798     9.9398      97.42     3.6325     0.5096  6.534e+00  0.3854000     7.2602     7.2612     0.0009     5.4582     5.4591     11.889     12.164      0.496    1453.03    1453.03  0.000e+00
      12055     12.500     8.9817     8.9815    -0.0001    0.88040    0.88043          1     9.8764     9.7994      97.42     3.5076     0.4035  5.772e+00  0.3780000     7.2828     7.2831     0.0003     5.4910     5.4912     12.385     12.670      0.501    1452.43    1452.43  0.000e+00
      12079     13.000     8.9085     8.9065    -0.0020    0.88005    0.88004          1     9.7705     9.5960      97.42     3.5070     0.4482  5.124e+00  0.3377000     7.2945     7.2949     0.0003     5.5070     5.5074     12.880     13.177      0.508    1452.16    1452.16  0.000e+00
      12103     13.500     8.6611     8.6522    -0.0089    0.87427    0.87406          1     9.6335     9.3963      97.42     3.8527     0.4810  4.570e+00  0.3456000     7.2936     7.2935    -0.0001     5.5288     5.5295     13.375     13.683      0.504    1451.18    1451.14  0.000e+00
      12127     14.000     8.3687     8.3642    -0.0046    0.86750    0.86741          1     9.3820     9.1235      97.42     4.6702     0.5090  4.087e+00  0.3978000     7.2928     7.2929     0.0001     5.5539     5.5544     13.871     14.190      0.496    1450.00    1449.99  0.000e+00
      12151     14.500     8.0205     7.9993    -0.0211    0.85935    0.85880          1     8.9968     8.9003      97.43     5.5767     0.5931  3.659e+00  0.4231000     7.2908     7.2901    -0.0006     5.5813     5.5825     14.366     14.696      0.495    1448.59    1448.50  0.000e+00
      12175     15.000     7.2665     7.2282    -0.0381    0.84098    0.84010          1     9.0150     9.0969      97.42     6.6560     0.6936  3.279e+00  0.4523000     7.2789     7.2788    -0.0001     5.6291     5.6317     14.861     15.203      0.501    1445.47    1445.31  0.000e+00
      12199     15.500     6.5109     6.4937    -0.0173    0.82344    0.82308          1     9.2374     9.2772      97.41     7.4218     0.7820  2.939e+00  0.4636000     7.2739     7.2742     0.0003     5.6754     5.6767     15.357     15.709      0.505    1442.30    1442.23  0.000e+00
      12223     16.000     6.2161     6.2122    -0.0040    0.81734    0.81724          1     9.3868     9.2796      97.42     8.2431     0.8795  2.615e+00  0.4622000     7.2786     7.2785    -0.0001     5.6964     5.6966     15.852     16.215      0.509    1441.07    1441.05  0.000e+00
      12246     16.500     5.9677     5.9625    -0.0052    0.81337    0.81329          1     9.4907     9.2934      97.42     8.4804     0.8708  2.295e+00  0.4507000     7.2938     7.2941     0.0004     5.7220     5.7226     16.347     16.722      0.508    1440.03    1440.01  0.000e+00
      12270     17.000     5.8415     5.8407    -0.0008    0.81172    0.81173          1     9.2697     9.0768      97.41     7.9841     0.7925  2.015e+00  0.4403000     7.3050     7.3053     0.0003     5.7375     5.7377     16.843     17.228      0.500    1439.51    1439.50  0.000e+00
      12294     17.500     5.5575     5.5613     0.0039    0.80532    0.80520          1     9.0780     8.9904      97.42     7.3459     0.7756  1.780e+00  0.4311000     7.3044     7.3023    -0.0021     5.7507     5.7488     17.338     17.735      0.489    1438.28    1438.30  0.000e+00
      12319     18.000     4.8330     4.8356     0.0026    0.78763    0.78751          1     9.2047     9.1400      97.40     6.4776     0.7114  1.570e+00  0.3849000     7.2885     7.2867    -0.0018     5.7686     5.7670     17.833     18.241      0.494    1435.10    1435.11  0.000e+00
      12343     18.500     4.5032     4.5088     0.0056    0.78058    0.78064          1     9.3251     9.1897      97.40     4.8489     0.5126  1.391e+00  0.3196000     7.2907     7.2901    -0.0006     5.7818     5.7811     18.329     18.747      0.506    1433.65    1433.68  0.000e+00
      12366     19.000     4.4743     4.4763     0.0019    0.78171    0.78175          1     9.3572     9.1526      97.39     2.1343     0.3266  1.240e+00  0.2322000     7.3084     7.3084     0.0001     5.7967     5.7967     18.824     19.254      0.511    1433.56    1433.57  0.000e+00
      12390     19.500     4.4540     4.4566     0.0026    0.78235    0.78240          1     9.3593     9.1320      97.40     0.9436     0.2622  1.109e+00  0.2100000     7.3192     7.3192    -0.0000     5.8059     5.8058     19.319     19.760      0.508    1433.49    1433.50  0.000e+00
      12414     20.000     4.4956     4.4975     0.0019    0.78451    0.78456          1     9.3824     9.1647      97.41     0.8088     0.2289  1.014e+00  0.1945000     7.3317     7.3317     0.0001     5.8145     5.8145     19.815     20.266      0.497    1433.70    1433.70  0.000e+00
      12438     20.500     4.5354     4.5374     0.0019    0.78658    0.78660          1     9.4131     9.1965      97.41     0.8097     0.2345  9.356e-01  0.2042000     7.3435     7.3433    -0.0002     5.8226     5.8224     20.310     20.773      0.490    1433.90    1433.91  0.000e+00
      12463     21.000     4.5504     4.5524     0.0020    0.78783    0.78786          1     9.4225     9.1929      97.42     0.7494     0.2769  8.706e-01  0.1986000     7.3526     7.3525    -0.0001     5.8294     5.8292     20.806     21.279      0.495    1433.98    1433.99  0.000e+00
      12487     21.500     4.5557     4.5572     0.0015    0.78852    0.78854          1     9.3917     9.1591      97.40     0.7375     0.2765  8.208e-01  0.1992000     7.3583     7.3582    -0.0001     5.8337     5.8336     21.301     21.785      0.509    1434.02    1434.03  0.000e+00
      12510     22.000     4.5986     4.5989     0.0004    0.79034    0.79033          1     9.3324     9.1170      97.41     0.7265     0.2656  7.759e-01  0.1930000     7.3670     7.3667    -0.0002     5.8391     5.8389     21.796     22.292      0.512    1434.23    1434.23  0.000e+00
      12533     22.500     4.6041     4.6069     0.0027    0.79122    0.79124          1     9.2864     9.0785      97.41     0.6969     0.2856  7.188e-01  0.2068000     7.3744     7.3740    -0.0004     5.8449     5.8445     22.292     22.798      0.505    1434.27    1434.28  0.000e+00
      12557     23.000     4.6001     4.6013     0.0013    0.79172    0.79171          1     9.2599     9.0698      97.41     0.6248     0.2451  6.675e-01  0.2010000     7.3803     7.3799    -0.0004     5.8496     5.8493     22.787     23.304      0.496    1434.27    1434.28  0.000e+00
      12582     23.500     4.6101     4.6120     0.0019    0.79245    0.79246          1     9.2531     9.0747      97.42     0.5932     0.2223  6.294e-01  0.1985000     7.3853     7.3850    -0.0003     5.8533     5.8530     23.282     23.810      0.489    1434.33    1434.34  0.000e+00
      12607     24.000     4.6166     4.6183     0.0018    0.79302    0.79301          1     9.2481     9.0639      97.41     0.5777     0.2083  5.924e-01  0.1992000     7.3895     7.3890    -0.0005     5.8564     5.8559     23.778     24.317      0.487    1434.37    1434.38  0.000e+00
      12631     24.500     4.6092     4.6124     0.0032    0.79318    0.79323          1     9.2576     9.0721      97.42     0.5390     0.2183  5.609e-01  0.1891000     7.3926     7.3924    -0.0002     5.8591     5.8588     24.273     24.823      0.506    1434.35    1434.36  0.000e+00
      12654     25.000     4.6210     4.6231     0.0022    0.79375    0.79377          1     9.2261     9.0525      97.43     0.5295     0.2008  5.230e-01  0.1834000     7.3956     7.3953    -0.0003     5.8611     5.8608     24.768     25.329      0.521    1434.41    1434.42  0.000e+00
      12677     25.500     4.6192     4.6226     0.0034    0.79387    0.79389          1     9.1413     8.9873      97.43     0.5344     0.2342  4.855e-01  0.1831000     7.3972     7.3967    -0.0005     5.8624     5.8619     25.264     25.836      0.507    1434.42    1434.43  0.000e+00
      12701     26.000     4.5153     4.5191     0.0038    0.79116    0.79116          1     9.1232     8.9690      97.43     0.5117     0.2107  4.591e-01  0.1804000     7.3932     7.3924    -0.0008     5.8627     5.8619     25.759     26.342      0.489    1433.96    1433.97  0.000e+00
      12726     26.500     4.4397     4.4408     0.0012    0.78927    0.78925          1     9.1417     8.9896      97.45     0.4899     0.1890  4.282e-01  0.1807000     7.3911     7.3907    -0.0004     5.8634     5.8630     26.254     26.848      0.491    1433.63    1433.63  0.000e+00
      12750     27.000     4.5188     4.5173    -0.0016    0.79205    0.79201          1     9.1440     9.0007      97.45     0.4656     0.2372  3.983e-01  0.1794000     7.4012     7.4012    -0.0000     5.8689     5.8690     26.750     27.355      0.494    1434.00    1433.99  0.000e+00
      12775     27.500     4.5299     4.5315     0.0017    0.79261    0.79260          1     9.1444     9.0109      97.47     0.4342     0.2566  3.648e-01  0.1791000     7.4042     7.4038    -0.0004     5.8710     5.8706     27.245     27.861      0.496    1434.06    1434.07  0.000e+00
      12799     28.000     4.4927     4.4999     0.0071    0.79170    0.79184          1     9.1544     9.0160      97.49     0.4164     0.2289  3.392e-01  0.1734000     7.4035     7.4032    -0.0003     5.8715     5.8711     27.740     28.367      0.505    1433.90    1433.93  0.000e+00
