ctdpy/exports/archive_20191121_122431/received_data/SBE09_0827_20180821_0404_26_01_0820.cnv
* Sea-Bird SBE 9 Data File:
* FileName = D:\CTD_SBE911\DAT\26DA.2018.8.20.hex
* Software Version Seasave V 7.21d
* Temperature SN = 034605
* Conductivity SN = 041844
* Number of Bytes Per Scan = 48
* Number of Voltage Words = 5
* Number of Scans Averaged by the Deck Unit = 1
* NMEA Latitude = 58 49.11 N
* NMEA Longitude = 010 13.46 E
* NMEA UTC (Time) = Aug 21 2018  04:07:05
* NMEA baud rate = 4800
** Ship: DANA
** Average sound velocity: 1488.84 m/s
** True-depth calculation Thu, 28 Mar 2019 09:23:52 +0000
** CTD Python Module SMHI /ver 3-12/ feb 2012 
** LIMS Job: 20182601-0820
**  11 SSE Svenner
** Operator: Christian
** Cruise: 08/2018
# nquan = 26
# nvalues = 394                         
# units = specified
# name 0 = scan: Scan Count
# name 1 = prDM: Pressure, Digiquartz [db]
# name 2 = t090C: Temperature [ITS-90, deg C]
# name 3 = t190C: Temperature, 2 [ITS-90, deg C]
# name 4 = T2-T190C: Temperature Difference, 2 - 1 [ITS-90, deg C]
# name 5 = c0S/m: Conductivity [S/m]
# name 6 = c1S/m: Conductivity, 2 [S/m]
# name 7 = pumps: Pump Status
# name 8 = sbeox1ML/L: Oxygen, SBE 43, 2 [ml/l]
# name 9 = sbeox0ML/L: Oxygen, SBE 43 [ml/l]
# name 10 = altM: Altimeter [m]
# name 11 = chloroflTC0: Chlorophyll, Turner Cyclops [ug/l]
# name 12 = cpar: CPAR/Corrected Irradiance [%]
# name 13 = par: PAR/Irradiance, Biospherical/Lico [µE/(cm^2*s)]
# name 14 = spar: SPAR, Biospherical/Licor
# name 15 = sal00: Salinity, Practical [PSU]
# name 16 = sal11: Salinity, Practical, 2 [PSU]
# name 17 = secS-priS: Salinity, Practical, Difference, 2 - 1 [PSU]
# name 18 = sigma-t00: Density [sigma-t, kg/m^3 ]
# name 19 = sigma-t11: Density, 2 [sigma-t, kg/m^3 ]
# name 20 = depSM: Depth [salt water, m], lat = 58.8185
# name 21 = depFM: Depth [true depth, m], lat = 58.8185
# name 22 = dz/dtM: Descent Rate [m/s], WS = 2
# name 23 = svCM: Sound Velocity [Chen-Millero, m/s]
# name 24 = svCM1: Sound Velocity, 2 [Chen-Millero, m/s]
# name 25 = flag: flag
# span 0 =        -34,      21381       
# span 1 =      1.500,    198.000       
# span 2 =     6.4883,    17.6305       
# span 3 =     6.4981,    17.6495       
# span 4 =    -0.1993,     0.2049       
# span 5 =   3.494649,   4.287740       
# span 6 =   3.500969,   4.289735       
# span 7 =          1,          1       
# span 8 =     2.9874,     6.3401       
# span 9 =     5.4279,     6.2958       
# span 10 =      -3.53,      13.83      
# span 11 =     0.0292,     0.2024      
# span 12 = -4.126e-05, 2.8767e+00      
# span 13 = -4.573e-05, 2.9670e+00      
# span 14 = 1.0308e+02, 2.8913e+02      
# span 15 =    30.5651,    35.1512      
# span 16 =    30.5415,    35.1176      
# span 17 =    -0.2457,     0.1938      
# span 18 =    22.0471,    27.6073      
# span 19 =    22.0358,    27.5775      
# span 20 =      1.486,    196.058      
# span 21 =      1.495,    196.474      
# span 22 =     -0.291,      0.579      
# span 23 =    1479.94,    1512.45      
# span 24 =    1479.94,    1512.54      
# span 25 = 0.0000e+00, 0.0000e+00      
# interval = decibars: 0.5              
# start_time = Aug 21 2018 04:07:05 [NMEA time, first data scan]
# bad_flag = -9.990e-29
*END*
[from data line 279]
      10634    141.000     6.9414     6.9396    -0.0018    3.53556    3.53594          1     5.4691     5.5667       9.97     0.0313  5.862e-13  1.000e-12  1.706e+02    35.0669    35.0730     0.0060    27.4797    27.4847    139.636    139.972      0.502    1480.83    1480.83  0.000e+00
      10657    141.500     6.9406     6.9382    -0.0024    3.53554    3.53591          1     5.4683     5.5633       9.97     0.0330  5.864e-13  1.000e-12  1.705e+02    35.0673    35.0738     0.0065    27.4801    27.4856    140.131    140.468      0.503    1480.84    1480.83  0.000e+00
      10681    142.000     6.9375     6.9348    -0.0026    3.53539    3.53576          1     5.4720     5.5636       9.97     0.0322  5.927e-13  1.000e-12  1.687e+02    35.0685    35.0753     0.0068    27.4816    27.4873    140.626    140.964      0.507    1480.83    1480.83  0.000e+00
      10705    142.500     6.9368     6.9340    -0.0028    3.53537    3.53571          1     5.4785     5.5725       9.97     0.0309  5.929e-13  1.000e-12  1.687e+02    35.0688    35.0754     0.0066    27.4819    27.4874    141.121    141.459      0.525    1480.84    1480.84  0.000e+00
      10727    143.000     6.9369     6.9356    -0.0013    3.53540    3.53580          1     5.4801     5.5679       9.97     0.0315  5.861e-13  1.000e-12  1.706e+02    35.0687    35.0745     0.0058    27.4818    27.4865    141.616    141.955      0.537    1480.85    1480.85  0.000e+00
      10749    143.500     6.9372     6.9355    -0.0017    3.53544    3.53583          1     5.4723     5.5677       9.97     0.0316  5.862e-13  1.000e-12  1.706e+02    35.0687    35.0746     0.0059    27.4817    27.4866    142.111    142.451      0.521    1480.86    1480.86  0.000e+00
      10773    144.000     6.9362     6.9323    -0.0039    3.53539    3.53567          1     5.4685     5.5634       9.97     0.0317  5.897e-13  1.000e-12  1.696e+02    35.0689    35.0760     0.0070    27.4820    27.4881    142.606    142.946      0.479    1480.86    1480.85  0.000e+00
      10800    144.500     6.9334     6.9300    -0.0033    3.53522    3.53558          1     5.4755     5.5593       9.97     0.0316  5.969e-13  1.000e-12  1.676e+02    35.0697    35.0770     0.0073    27.4830    27.4893    143.101    143.442      0.451    1480.86    1480.86  0.000e+00
      10826    145.000     6.9223     6.9160    -0.0063    3.53468    3.53504          1     5.4797     5.5597       9.97     0.0317  5.932e-13  1.000e-12  1.686e+02    35.0747    35.0851     0.0105    27.4885    27.4976    143.596    143.937      0.461    1480.83    1480.82  0.000e+00
      10851    145.500     6.9113     6.9060    -0.0053    3.53404    3.53448          1     5.4878     5.5617       9.97     0.0322  5.930e-13  1.000e-12  1.687e+02    35.0786    35.0889     0.0103    27.4931    27.5020    144.091    144.433      0.501    1480.80    1480.79  0.000e+00
      10875    146.000     6.8964     6.8877    -0.0087    3.53285    3.53312          1     5.4909     5.5789       9.97     0.0316  5.915e-13  1.000e-12  1.691e+02    35.0804    35.0923     0.0120    27.4966    27.5072    144.586    144.929      0.501    1480.75    1480.74  0.000e+00
      10900    146.500     6.8869     6.8827    -0.0042    3.53213    3.53255          1     5.4986     5.5942       9.97     0.0324  5.849e-13  1.000e-12  1.710e+02    35.0819    35.0909     0.0090    27.4991    27.5068    145.081    145.424      0.439    1480.73    1480.72  0.000e+00
      10930    147.000     6.8819     6.8784    -0.0035    3.53168    3.53215          1     5.5016     5.5937       9.97     0.0319  5.761e-13  1.000e-12  1.736e+02    35.0818    35.0906     0.0087    27.4997    27.5071    145.576    145.920      0.400    1480.71    1480.71  0.000e+00
      10958    147.500     6.8804     6.8775    -0.0029    3.53160    3.53203          1     5.5018     5.5947       9.97     0.0311  5.726e-13  1.000e-12  1.747e+02    35.0823    35.0898     0.0076    27.5003    27.5067    146.071    146.416      0.467    1480.72    1480.72  0.000e+00
      10982    148.000     6.8799     6.8765    -0.0034    3.53156    3.53198          1     5.4958     5.5811       9.97     0.0314  5.764e-13  1.000e-12  1.735e+02    35.0821    35.0901     0.0080    27.5002    27.5070    146.566    146.911      0.502    1480.72    1480.72  0.000e+00
      11006    148.500     6.8771     6.8737    -0.0033    3.53137    3.53177          1     5.4940     5.5759       9.97     0.0308  5.792e-13  1.000e-12  1.726e+02    35.0826    35.0904     0.0078    27.5010    27.5076    147.061    147.407      0.476    1480.72    1480.72  0.000e+00
      11032    149.000     6.8758     6.8730    -0.0027    3.53130    3.53173          1     5.5021     5.5736       9.97     0.0304  5.734e-13  1.000e-12  1.744e+02    35.0829    35.0904     0.0075    27.5014    27.5077    147.556    147.903      0.469    1480.73    1480.73  0.000e+00
      11057    149.500     6.8749     6.8724    -0.0025    3.53127    3.53168          1     5.5031     5.5773       9.97     0.0317  5.732e-13  1.000e-12  1.744e+02    35.0831    35.0902     0.0072    27.5017    27.5077    148.051    148.398      0.519    1480.73    1480.73  0.000e+00
      11079    150.000     6.8745     6.8729    -0.0016    3.53128    3.53174          1     5.5031     5.5896       9.97     0.0318  5.796e-13  1.000e-12  1.725e+02    35.0833    35.0901     0.0068    27.5020    27.5075    148.546    148.894      0.537    1480.74    1480.74  0.000e+00
      11103    150.500     6.8752     6.8727    -0.0024    3.53142    3.53183          1     5.5052     5.5943       9.97     0.0321  5.861e-13  1.000e-12  1.706e+02    35.0840    35.0911     0.0071    27.5024    27.5083    149.041    149.390      0.464    1480.75    1480.75  0.000e+00
      11132    151.000     6.8745     6.8728    -0.0017    3.53139    3.53183          1     5.5075     5.5875       9.97     0.0312  5.800e-13  1.000e-12  1.724e+02    35.0842    35.0907     0.0066    27.5026    27.5080    149.536    149.885      0.384    1480.76    1480.76  0.000e+00
      11162    151.500     6.8744     6.8728    -0.0016    3.53141    3.53184          1     5.5030     5.5838       9.97     0.0313  5.723e-13  1.000e-12  1.747e+02    35.0843    35.0905     0.0063    27.5027    27.5079    150.031    150.381      0.459    1480.76    1480.77  0.000e+00
      11186    152.000     6.8746     6.8729    -0.0017    3.53146    3.53187          1     5.4986     5.5923       9.97     0.0307  5.747e-13  1.000e-12  1.740e+02    35.0843    35.0906     0.0063    27.5027    27.5079    150.526    150.876      0.552    1480.77    1480.77  0.000e+00
      11206    152.500     6.8744     6.8727    -0.0017    3.53147    3.53189          1     5.4983     5.5948       9.97     0.0317  5.824e-13  1.000e-12  1.717e+02    35.0844    35.0907     0.0064    27.5028    27.5081    151.021    151.372      0.570    1480.78    1480.78  0.000e+00
      11228    153.000     6.8742     6.8725    -0.0017    3.53149    3.53190          1     5.4996     5.5983       9.97     0.0324  5.861e-13  1.000e-12  1.706e+02    35.0845    35.0908     0.0063    27.5029    27.5081    151.516    151.868      0.515    1480.79    1480.79  0.000e+00
      11254    153.500     6.8743     6.8726    -0.0017    3.53153    3.53194          1     5.4930     5.5976       9.97     0.0319  5.804e-13  1.000e-12  1.723e+02    35.0846    35.0910     0.0063    27.5030    27.5082    152.011    152.363      0.420    1480.80    1480.80  0.000e+00
      11285    154.000     6.8734     6.8722    -0.0012    3.53144    3.53191          1     5.5024     5.5867       9.97     0.0328  5.676e-13  1.000e-12  1.762e+02    35.0843    35.0908     0.0065    27.5029    27.5082    152.506    152.859      0.390    1480.80    1480.81  0.000e+00
      11314    154.500     6.8729     6.8710    -0.0019    3.53142    3.53184          1     5.5156     5.5920       9.97     0.0334  5.594e-13  1.000e-12  1.788e+02    35.0844    35.0909     0.0066    27.5030    27.5084    153.001    153.355      0.457    1480.81    1480.81  0.000e+00
      11339    155.000     6.8708     6.8685    -0.0023    3.53124    3.53161          1     5.5069     5.5833       9.97     0.0332  5.595e-13  1.000e-12  1.787e+02    35.0842    35.0907     0.0065    27.5032    27.5086    153.496    153.850      0.510    1480.81    1480.81  0.000e+00
      11361    155.500     6.8696     6.8673    -0.0023    3.53114    3.53152          1     5.4992     5.5804       9.97     0.0317  5.639e-13  1.000e-12  1.773e+02    35.0841    35.0906     0.0065    27.5033    27.5087    153.991    154.346      0.522    1480.81    1480.81  0.000e+00
      11385    156.000     6.8670     6.8639    -0.0031    3.53092    3.53132          1     5.5035     5.5889       9.97     0.0317  5.742e-13  1.000e-12  1.742e+02    35.0841    35.0916     0.0075    27.5036    27.5099    154.486    154.842      0.480    1480.81    1480.81  0.000e+00
      11412    156.500     6.8635     6.8612    -0.0024    3.53064    3.53106          1     5.5072     5.5823       9.97     0.0314  5.785e-13  1.000e-12  1.729e+02    35.0842    35.0913     0.0071    27.5042    27.5101    154.980    155.337      0.443    1480.80    1480.80  0.000e+00
      11439    157.000     6.8605     6.8585    -0.0019    3.53038    3.53081          1     5.5017     5.5804       9.97     0.0318  5.700e-13  1.000e-12  1.754e+02    35.0842    35.0910     0.0067    27.5046    27.5102    155.475    155.833      0.467    1480.80    1480.80  0.000e+00
      11463    157.500     6.8591     6.8561    -0.0030    3.53026    3.53061          1     5.4918     5.5805       9.97     0.0329  5.657e-13  1.000e-12  1.768e+02    35.0840    35.0910     0.0070    27.5046    27.5105    155.970    156.328      0.485    1480.80    1480.80  0.000e+00
      11488    158.000     6.8578     6.8549    -0.0029    3.53014    3.53048          1     5.4924     5.5790       9.97     0.0328  5.596e-13  1.000e-12  1.787e+02    35.0839    35.0905     0.0066    27.5047    27.5103    156.465    156.824      0.461    1480.81    1480.80  0.000e+00
      11516    158.500     6.8564     6.8548    -0.0017    3.53006    3.53047          1     5.4938     5.5833       9.97     0.0321  5.663e-13  1.000e-12  1.766e+02    35.0841    35.0903     0.0062    27.5051    27.5102    156.960    157.320      0.441    1480.81    1480.81  0.000e+00
      11542    159.000     6.8559     6.8526    -0.0033    3.53004    3.53038          1     5.4924     5.5818       9.97     0.0319  5.770e-13  1.000e-12  1.733e+02    35.0842    35.0913     0.0071    27.5052    27.5113    157.455    157.815      0.476    1480.82    1480.81  0.000e+00
      11566    159.500     6.8541     6.8487    -0.0054    3.52990    3.53010          1     5.4979     5.5856       9.97     0.0326  5.862e-13  1.000e-12  1.706e+02    35.0841    35.0919     0.0077    27.5054    27.5122    157.950    158.311      0.515    1480.82    1480.80  0.000e+00
      11589    160.000     6.8508     6.8489    -0.0019    3.52967    3.53005          1     5.4942     5.5847       9.97     0.0334  5.791e-13  1.000e-12  1.727e+02    35.0847    35.0909     0.0062    27.5063    27.5115    158.445    158.807      0.491    1480.81    1480.81  0.000e+00
      11616    160.500     6.8515     6.8500    -0.0015    3.52972    3.53014          1     5.4822     5.5706       9.97     0.0333  5.566e-13  1.000e-12  1.797e+02    35.0844    35.0906     0.0061    27.5060    27.5111    158.940    159.302      0.393    1480.82    1480.83  0.000e+00
      11651    161.000     6.8519     6.8501    -0.0018    3.52977    3.53015          1     5.4786     5.5636       9.97     0.0330  5.464e-13  1.000e-12  1.830e+02    35.0842    35.0903     0.0061    27.5058    27.5108    159.435    159.798      0.364    1480.83    1480.83  0.000e+00
      11679    161.500     6.8511     6.8494    -0.0017    3.52974    3.53013          1     5.4802     5.5692       9.97     0.0345  5.524e-13  1.000e-12  1.810e+02    35.0844    35.0905     0.0061    27.5061    27.5111    159.930    160.294      0.500    1480.84    1480.84  0.000e+00
      11701    162.000     6.8507     6.8485    -0.0022    3.52972    3.53010          1     5.4792     5.5797       9.97     0.0343  5.675e-13  1.000e-12  1.762e+02    35.0845    35.0909     0.0064    27.5061    27.5115    160.425    160.789      0.573    1480.85    1480.84  0.000e+00
      11721    162.500     6.8486     6.8433    -0.0053    3.52958    3.52985          1     5.4799     5.5898       9.97     0.0336  5.771e-13  1.000e-12  1.733e+02    35.0847    35.0932     0.0085    27.5066    27.5141    160.920    161.285      0.552    1480.85    1480.84  0.000e+00
      11745    163.000     6.8420     6.8388    -0.0032    3.52908    3.52947          1     5.4871     5.5919       9.97     0.0326  5.701e-13  1.000e-12  1.754e+02    35.0857    35.0933     0.0076    27.5083    27.5147    161.415    161.780      0.458    1480.83    1480.83  0.000e+00
      11776    163.500     6.8374     6.8335    -0.0038    3.52870    3.52903          1     5.4956     5.6034       9.97     0.0343  5.540e-13  1.000e-12  1.805e+02    35.0860    35.0935     0.0075    27.5092    27.5156    161.910    162.276      0.360    1480.82    1480.81  0.000e+00
      11809    164.000     6.8343     6.8324    -0.0019    3.52846    3.52886          1     5.5008     5.5968       9.97     0.0324  5.478e-13  1.000e-12  1.826e+02    35.0863    35.0926     0.0063    27.5098    27.5151    162.405    162.772      0.412    1480.82    1480.82  0.000e+00
      11835    164.500     6.8342     6.8318    -0.0024    3.52848    3.52889          1     5.5003     5.5852       9.97     0.0322  5.576e-13  1.000e-12  1.793e+02    35.0863    35.0933     0.0070    27.5098    27.5157    162.900    163.267      0.527    1480.82    1480.82  0.000e+00
      11856    165.000     6.8283     6.8245    -0.0038    3.52799    3.52841          1     5.4988     5.5858       9.97     0.0309  5.717e-13  1.000e-12  1.749e+02    35.0867    35.0952     0.0085    27.5110    27.5182    163.395    163.763      0.572    1480.81    1480.81  0.000e+00
      11877    165.500     6.8200     6.8152    -0.0048    3.52728    3.52765          1     5.4932     5.5921       9.97     0.0314  5.794e-13  1.000e-12  1.726e+02    35.0870    35.0961     0.0090    27.5124    27.5202    163.890    164.259      0.517    1480.79    1480.78  0.000e+00
      11904    166.000     6.8144     6.8116    -0.0028    3.52685    3.52732          1     5.4825     5.5917       9.97     0.0317  5.694e-13  1.000e-12  1.756e+02    35.0877    35.0958     0.0082    27.5136    27.5205    164.385    164.754      0.400    1480.78    1480.77  0.000e+00
      11937    166.500     6.8047     6.7982    -0.0064    3.52598    3.52641          1     5.4915     5.5930       9.97     0.0313  5.469e-13  1.000e-12  1.829e+02    35.0878    35.0992     0.0114    27.5151    27.5250    164.879    165.250      0.368    1480.74    1480.73  0.000e+00
      11967    167.000     6.7873     6.7819    -0.0055    3.52461    3.52508          1     5.4933     5.5957       9.97     0.0330  5.411e-13  1.000e-12  1.848e+02    35.0900    35.1009     0.0109    27.5192    27.5286    165.374    165.745      0.453    1480.69    1480.68  0.000e+00
      11991    167.500     6.7748     6.7687    -0.0061    3.52362    3.52400          1     5.4937     5.6029       9.97     0.0318  5.458e-13  1.000e-12  1.832e+02    35.0916    35.1021     0.0105    27.5222    27.5313    165.869    166.241      0.500    1480.65    1480.64  0.000e+00
      12015    168.000     6.7711     6.7664    -0.0047    3.52333    3.52371          1     5.5098     5.6105       9.97     0.0306  5.501e-13  1.000e-12  1.818e+02    35.0921    35.1011     0.0090    27.5231    27.5308    166.364    166.737      0.490    1480.64    1480.64  0.000e+00
