ctdpy/exports/archive_20191121_122431/received_data/SBE09_1044_20180126_1536_34_02_0015.cnv
* Sea-Bird SBE 9 Data File:
* FileName = C:\ctd\temp\2018\ME18D015.hex
* Software Version Seasave V 7.26.6.26
* Temperature SN = 5351
* Conductivity SN = 3941
* Number of Bytes Per Scan = 41
* Number of Voltage Words = 4
* Number of Scans Averaged by the Deck Unit = 1
* NMEA Latitude = 55 19.11 N
* NMEA Longitude = 014 28.94 E
* NMEA UTC (Time) = Jan 26 2018  15:36:40
* NMEA baud rate = 4800
** Station:  BY3
** Operator:  SSip
** Ship: MERI
** Average sound velocity: 1434.11 m/s
** True-depth calculation Sat, 27 Jan 2018 21:59:06 +0000
** CTD Python Module SMHI /ver 3-12/ feb 2012 
** LIMS Job: 20183402-0015
** Cruise: SMHI-01-2018
** Latitude [GG MM.mm N] :
** Longitude [GG MM.mm E]:
# nquan = 26
# nvalues = 87                          
# units = specified
# name 0 = scan: Scan Count
# name 1 = prDM: Pressure, Digiquartz [db]
# name 2 = t090C: Temperature [ITS-90, deg C]
# name 3 = t190C: Temperature, 2 [ITS-90, deg C]
# name 4 = T2-T190C: Temperature Difference, 2 - 1 [ITS-90, deg C]
# name 5 = c0S/m: Conductivity [S/m]
# name 6 = c1S/m: Conductivity, 2 [S/m]
# name 7 = pumps: Pump Status
# name 8 = sbeox0ML/L: Oxygen, SBE 43 [ml/l]
# name 9 = sbeox1ML/L: Oxygen, SBE 43, 2 [ml/l]
# name 10 = altM: Altimeter [m]
# name 11 = flECO-AFL: Chl-a Fluorescence, WET Labs ECO-AFL/FL [mg/m^3]
# name 12 = flECO-AFL1: Phycocyanin Fluorescence, WET Labs ECO-AFL/FL, 2 [mg/m^3]
# name 13 = par: PAR/Irradiance, Biospherical/Lico [µE/(cm^2*s)]
# name 14 = turbWETntu0: Turbidity, WET Labs ECO [NTU]
# name 15 = sal00: Salinity, Practical [PSU]
# name 16 = sal11: Salinity, Practical, 2 [PSU]
# name 17 = secS-priS: Salinity, Practical, Difference, 2 - 1 [PSU]
# name 18 = sigma-t00: Density [sigma-t, Kg/m^3 ]
# name 19 = sigma-t11: Density, 2 [sigma-t, Kg/m^3 ]
# name 20 = depSM: Depth [salt water, m], lat = 55.3185
# name 21 = depFM: Depth [true depth, m], lat = 55.3185
# name 22 = dz/dtM: Descent Rate [m/s], WS = 2
# name 23 = svCM: Sound Velocity [Chen-Millero, m/s]
# name 24 = svCM1: Sound Velocity, 2 [Chen-Millero, m/s]
# name 25 = flag: flag
# span 0 =       8646,      10587       
# span 1 =      1.000,     44.000       
# span 2 =     4.2859,     6.6132       
# span 3 =     4.2866,     6.4942       
# span 4 =    -0.1171,     0.0108       
# span 5 =   0.804361,   1.164800       
# span 6 =   0.804341,   1.138831       
# span 7 =          1,          1       
# span 8 =    6.05275,    8.27545       
# span 9 =    6.42599,    8.23330       
# span 10 =       2.80,      47.41      
# span 11 =     0.4519,     1.2219      
# span 12 =     0.2905,     0.4953      
# span 13 = 9.9953e-13, 1.9984e+00      
# span 14 =     0.1794,     0.4220      
# span 15 =     7.5241,    10.5393      
# span 16 =     7.5235,    10.3196      
# span 17 =    -0.2196,     0.0084      
# span 18 =     5.9654,     8.2389      
# span 19 =     5.9648,     8.0739      
# span 20 =      0.991,     43.598      
# span 21 =      1.012,     44.541      
# span 22 =      0.067,      0.871      
# span 23 =    1433.23,    1447.30      
# span 24 =    1433.22,    1446.52      
# span 25 = 0.0000e+00, 0.0000e+00      
# interval = decibars: 0.5              
# start_time = Jan 26 2018 15:36:40 [NMEA time, first data scan]
# bad_flag = -9.990e-29
*END*
[from data line 56]
       9910     29.000     4.3138     4.3149     0.0010    0.82665    0.82657          1     8.2272     8.2000      17.79     0.7376     0.3690  1.000e-12  0.2175000     7.7973     7.7963    -0.0010     6.1896     6.1887     28.736     29.360      0.538    1433.63    1433.63  0.000e+00
       9932     29.500     4.3121     4.3129     0.0007    0.82706    0.82701          1     8.2339     8.2050      17.78     0.7270     0.3977  1.000e-12  0.2149000     7.8018     7.8012    -0.0006     6.1932     6.1927     29.231     29.866      0.537    1433.63    1433.63  0.000e+00
       9954     30.000     4.3120     4.3129     0.0008    0.82750    0.82744          1     8.2353     8.2162      17.27     0.7391     0.3934  1.000e-12  0.2200000     7.8062     7.8054    -0.0008     6.1967     6.1960     29.727     30.372      0.540    1433.64    1433.65  0.000e+00
       9976     30.500     4.3121     4.3130     0.0008    0.82815    0.82813          1     8.2378     8.2204      16.77     0.7486     0.3473  1.000e-12  0.2138000     7.8127     7.8123    -0.0004     6.2018     6.2015     30.222     30.878      0.541    1433.66    1433.66  0.000e+00
       9999     31.000     4.3121     4.3130     0.0009    0.82830    0.82827          1     8.2342     8.2086      16.26     0.7487     0.3304  1.000e-12  0.2115000     7.8142     7.8137    -0.0005     6.2030     6.2026     30.717     31.384      0.536    1433.67    1433.68  0.000e+00
      10021     31.500     4.3087     4.3097     0.0010    0.82835    0.82832          1     8.2277     8.1912       9.79     0.7466     0.3600  1.000e-12  0.2275000     7.8154     7.8148    -0.0006     6.2041     6.2036     31.213     31.890      0.534    1433.66    1433.67  0.000e+00
      10044     32.000     4.3028     4.3038     0.0010    0.82854    0.82849          1     8.2261     8.1856       6.62     0.7365     0.4018  1.000e-12  0.2277000     7.8187     7.8179    -0.0008     6.2069     6.2062     31.708     32.397      0.539    1433.65    1433.66  0.000e+00
      10066     32.500     4.3000     4.3007     0.0007    0.82964    0.82959          1     8.2217     8.1939      10.32     0.7488     0.4026  1.000e-12  0.2276000     7.8304     7.8297    -0.0007     6.2163     6.2157     32.204     32.903      0.542    1433.66    1433.66  0.000e+00
      10088     33.000     4.3078     4.3098     0.0020    0.83049    0.83053          1     8.2059     8.1889      13.34     0.7380     0.3679  1.000e-12  0.2283000     7.8371     7.8370    -0.0001     6.2213     6.2212     32.699     33.409      0.540    1433.71    1433.72  0.000e+00
      10110     33.500     4.3182     4.3190     0.0008    0.83125    0.83123          1     8.2052     8.1742      13.78     0.7360     0.3548  1.000e-12  0.2201000     7.8422     7.8419    -0.0003     6.2251     6.2248     33.194     33.915      0.537    1433.77    1433.78  0.000e+00
      10132     34.000     4.3195     4.3205     0.0010    0.83129    0.83127          1     8.2068     8.1773      13.30     0.7221     0.4071  1.000e-12  0.2116000     7.8424     7.8419    -0.0005     6.2251     6.2247     33.690     34.421      0.538    1433.79    1433.79  0.000e+00
      10155     34.500     4.3210     4.3219     0.0010    0.83133    0.83130          1     8.2030     8.1800      12.66     0.7221     0.3366  1.000e-12  0.2141000     7.8423     7.8418    -0.0005     6.2250     6.2246     34.185     34.927      0.539    1433.80    1433.81  0.000e+00
      10177     35.000     4.3240     4.3249     0.0009    0.83145    0.83144          1     8.2024     8.1806      11.72     0.7216     0.3539  1.000e-12  0.2184000     7.8428     7.8424    -0.0004     6.2253     6.2250     34.681     35.433      0.536    1433.82    1433.83  0.000e+00
      10200     35.500     4.3342     4.3347     0.0006    0.83218    0.83212          1     8.2050     8.1751      11.63     0.6876     0.3829  1.000e-12  0.2045000     7.8476     7.8469    -0.0007     6.2289     6.2283     35.176     35.939      0.536    1433.88    1433.89  0.000e+00
      10222     36.000     4.3367     4.3375     0.0008    0.83255    0.83252          1     8.1914     8.1693      11.21     0.6876     0.3727  1.000e-12  0.2097000     7.8507     7.8502    -0.0004     6.2312     6.2308     35.671     36.446      0.542    1433.91    1433.91  0.000e+00
      10244     36.500     4.3375     4.3384     0.0010    0.83263    0.83260          1     8.1844     8.1657      10.72     0.6876     0.3555  1.000e-12  0.2340000     7.8513     7.8508    -0.0005     6.2317     6.2312     36.167     36.952      0.541    1433.92    1433.92  0.000e+00
      10266     37.000     4.3374     4.3382     0.0008    0.83265    0.83261          1     8.1868     8.1634       9.77     0.6876     0.3728  1.000e-12  0.1981000     7.8514     7.8508    -0.0006     6.2318     6.2313     36.662     37.458      0.535    1433.93    1433.93  0.000e+00
      10289     37.500     4.3371     4.3379     0.0008    0.83266    0.83263          1     8.1811     8.1610       9.43     0.6876     0.3326  1.000e-12  0.1996000     7.8516     7.8511    -0.0005     6.2319     6.2315     37.158     37.964      0.533    1433.93    1433.94  0.000e+00
      10311     38.000     4.3372     4.3379     0.0007    0.83271    0.83268          1     8.1786     8.1576       9.11     0.6663     0.3475  1.000e-12  0.2114000     7.8519     7.8514    -0.0005     6.2322     6.2317     37.653     38.470      0.542    1433.94    1433.94  0.000e+00
      10333     38.500     4.3373     4.3381     0.0009    0.83274    0.83272          1     8.1807     8.1628       8.64     0.6609     0.3835  1.000e-12  0.2079000     7.8522     7.8517    -0.0005     6.2324     6.2320     38.148     38.976      0.548    1433.95    1433.95  0.000e+00
      10355     39.000     4.3368     4.3377     0.0009    0.83280    0.83277          1     8.1860     8.1634       8.08     0.6723     0.3864  1.000e-12  0.1944000     7.8528     7.8522    -0.0006     6.2329     6.2324     38.644     39.482      0.546    1433.96    1433.96  0.000e+00
      10377     39.500     4.3345     4.3354     0.0009    0.83293    0.83290          1     8.1962     8.1589       7.29     0.6642     0.3703  1.000e-12  0.1953000     7.8547     7.8541    -0.0006     6.2344     6.2339     39.139     39.988      0.538    1433.96    1433.96  0.000e+00
      10400     40.000     4.3276     4.3290     0.0014    0.83304    0.83300          1     8.1967     8.1521       6.98     0.6754     0.3654  1.000e-12  0.2217000     7.8573     7.8566    -0.0007     6.2367     6.2361     39.634     40.494      0.529    1433.94    1433.94  0.000e+00
      10422     40.500     4.3257     4.3261     0.0004    0.83332    0.83326          1     8.1044     8.0882       6.53     0.6754     0.3759  1.000e-12  0.1917000     7.8605     7.8598    -0.0008     6.2394     6.2388     40.130     41.001      0.524    1433.94    1433.94  0.000e+00
      10445     41.000     4.3278     4.3283     0.0005    0.83350    0.83345          1     7.9000     7.8882       6.03     0.7286     0.3322  1.000e-12  0.2069000     7.8617     7.8612    -0.0006     6.2403     6.2398     40.625     41.507      0.534    1433.96    1433.96  0.000e+00
      10467     41.500     4.3302     4.3307     0.0005    0.83365    0.83361          1     7.9654     7.9943       5.51     0.7099     0.3741  1.000e-12  0.2115000     7.8627     7.8621    -0.0006     6.2409     6.2404     41.121     42.013      0.550    1433.98    1433.98  0.000e+00
      10489     42.000     4.4417     4.4225    -0.0189    0.84346    0.84195          1     7.8472     8.0039       4.99     0.6865     0.3982  1.000e-12  0.2100000     7.9348     7.9243    -0.0105     6.2943     6.2867     41.616     42.519      0.557    1434.57    1434.48  0.000e+00
      10511     42.500     5.3024     5.2694    -0.0333    0.94368    0.94159          1     7.3467     7.6130       4.47     0.6438     0.3610  1.000e-12  0.2330000     8.7241     8.7119    -0.0122     6.8841     6.8760     42.111     43.025      0.549    1439.37    1439.21  0.000e+00
      10533     43.000     5.7673     5.7377    -0.0296    0.99986    0.99758          1     6.7508     7.2155       3.95     0.5683     0.3270  1.000e-12  0.2785000     9.1576     9.1432    -0.0145     7.2026     7.1928     42.607     43.530      0.518    1441.94    1441.79  0.000e+00
      10557     43.500     5.9830     5.9662    -0.0167    1.05301    1.04896          1     6.0527     6.5805       3.41     0.4880     0.3374  1.000e-12  0.3209000     9.6223     9.5873    -0.0349     7.5564     7.5300     43.102     44.036      0.412    1443.46    1443.34  0.000e+00
      10587     44.000     6.6132     6.4942    -0.1171    1.16480    1.13883          1     6.1098     6.4260       2.80     0.4519     0.2905  1.000e-12  0.4220000    10.5393    10.3196    -0.2196     8.2389     8.0739     43.598     44.541      0.067    1447.30    1446.52  0.000e+00
