ctdpy/exports/archive_20191121_122431/received_data/SBE09_0827_20180826_0405_26_01_0897.cnv
* Sea-Bird SBE 9 Data File:
* FileName = D:\CTD_SBE911\DAT\93.hex
* Software Version Seasave V 7.21d
* Temperature SN = 034605
* Conductivity SN = 041844
* Number of Bytes Per Scan = 48
* Number of Voltage Words = 5
* Number of Scans Averaged by the Deck Unit = 1
* NMEA Latitude = 57 36.56 N
* NMEA Longitude = 011 08.61 E
* NMEA UTC (Time) = Aug 26 2018  04:07:46
* NMEA baud rate = 4800
** Ship: DANA
** Average sound velocity: 1511.40 m/s
** True-depth calculation Thu, 28 Mar 2019 09:32:13 +0000
** CTD Python Module SMHI /ver 3-12/ feb 2012 
** LIMS Job: 20182601-0897
**  17 W TRUBADUREN
** Operator: Christian
** Cruise: 08/2018
# nquan = 26
# nvalues = 74                          
# units = specified
# name 0 = scan: Scan Count
# name 1 = prDM: Pressure, Digiquartz [db]
# name 2 = t090C: Temperature [ITS-90, deg C]
# name 3 = t190C: Temperature, 2 [ITS-90, deg C]
# name 4 = T2-T190C: Temperature Difference, 2 - 1 [ITS-90, deg C]
# name 5 = c0S/m: Conductivity [S/m]
# name 6 = c1S/m: Conductivity, 2 [S/m]
# name 7 = pumps: Pump Status
# name 8 = sbeox1ML/L: Oxygen, SBE 43, 2 [ml/l]
# name 9 = sbeox0ML/L: Oxygen, SBE 43 [ml/l]
# name 10 = altM: Altimeter [m]
# name 11 = chloroflTC0: Chlorophyll, Turner Cyclops [ug/l]
# name 12 = cpar: CPAR/Corrected Irradiance [%]
# name 13 = par: PAR/Irradiance, Biospherical/Lico [µE/(cm^2*s)]
# name 14 = spar: SPAR, Biospherical/Licor
# name 15 = sal00: Salinity, Practical [PSU]
# name 16 = sal11: Salinity, Practical, 2 [PSU]
# name 17 = secS-priS: Salinity, Practical, Difference, 2 - 1 [PSU]
# name 18 = sigma-t00: Density [sigma-t, kg/m^3 ]
# name 19 = sigma-t11: Density, 2 [sigma-t, kg/m^3 ]
# name 20 = depSM: Depth [salt water, m], lat = 57.6093
# name 21 = depFM: Depth [true depth, m], lat = 57.6093
# name 22 = dz/dtM: Descent Rate [m/s], WS = 2
# name 23 = svCM: Sound Velocity [Chen-Millero, m/s]
# name 24 = svCM1: Sound Velocity, 2 [Chen-Millero, m/s]
# name 25 = flag: flag
# span 0 =        359,       4178       
# span 1 =      2.000,     38.500       
# span 2 =    17.2601,    17.6092       
# span 3 =    17.2605,    17.6027       
# span 4 =    -0.0256,     0.1172       
# span 5 =   4.187809,   4.223115       
# span 6 =   4.188470,   4.222713       
# span 7 =          1,          1       
# span 8 =     5.0563,     5.6159       
# span 9 =     4.8075,     5.3182       
# span 10 =       1.30,       9.97      
# span 11 =    -0.0003,     0.1221      
# span 12 = -1.514e-03, 4.3480e+00      
# span 13 = -5.226e-04, 1.4128e+00      
# span 14 = 3.2493e+01, 3.8586e+01      
# span 15 =    31.9471,    32.4396      
# span 16 =    31.9516,    32.4443      
# span 17 =    -0.0813,     0.0199      
# span 18 =    23.0455,    23.4885      
# span 19 =    23.0483,    23.4919      
# span 20 =      1.982,     38.141      
# span 21 =      1.991,     38.326      
# span 22 =     -0.180,      0.322      
# span 23 =    1511.00,    1511.80      
# span 24 =    1511.02,    1511.81      
# span 25 = 0.0000e+00, 0.0000e+00      
# interval = decibars: 0.5              
# start_time = Aug 26 2018 04:07:46 [NMEA time, first data scan]
# bad_flag = -9.990e-29
*END*
[from data line 56]
       3037     30.000    17.5535    17.5578     0.0042    4.21915    4.21584          1     5.5304     5.1978       9.03     0.0180  2.736e-12  1.000e-12  3.655e+01    32.1941    32.1625    -0.0316    23.2315    23.2063     29.721     29.866      0.259    1511.78    1511.75  0.000e+00
       3087     30.500    17.5480    17.5570     0.0090    4.22058    4.21705          1     5.5177     5.2129       8.56     0.0177  2.736e-12  1.000e-12  3.655e+01    32.2105    32.1733    -0.0373    23.2454    23.2147     30.216     30.364      0.228    1511.79    1511.77  0.000e+00
       3138     31.000    17.5471    17.5535     0.0064    4.22156    4.21873          1     5.5084     5.1844       8.07     0.0172  2.736e-12  1.000e-12  3.655e+01    32.2194    32.1902    -0.0292    23.2524    23.2285     30.711     30.862      0.262    1511.80    1511.79  0.000e+00
       3181     31.500    17.5213    17.5505     0.0291    4.22311    4.22006          1     5.5062     5.1010       7.58     0.0173  2.736e-12  1.000e-12  3.655e+01    32.2530    32.2038    -0.0492    23.2842    23.2396     31.207     31.359      0.279    1511.77    1511.80  0.000e+00
       3226     32.000    17.4484    17.5428     0.0944    4.22211    4.22138          1     5.5075     4.9990       7.11     0.0185  2.736e-12  1.000e-12  3.655e+01    32.3022    32.2209    -0.0813    23.3392    23.2546     31.702     31.857      0.249    1511.62    1511.81  0.000e+00
       3277     32.500    17.3860    17.5031     0.1172    4.22094    4.22270          1     5.4485     4.9404       6.63     0.0172  2.736e-12  1.000e-12  3.655e+01    32.3417    32.2635    -0.0782    23.3843    23.2966     32.197     32.355      0.234    1511.49    1511.75  0.000e+00
       3325     33.000    17.3605    17.4508     0.0902    4.22084    4.22271          1     5.3968     4.9207       6.13     0.0177  2.736e-12  1.000e-12  3.655e+01    32.3611    32.3051    -0.0560    23.4051    23.3409     32.693     32.852      0.272    1511.44    1511.65  0.000e+00
       3369     33.500    17.3150    17.4084     0.0934    4.22094    4.22241          1     5.3121     4.8745       5.63     0.0171  2.729e-12  1.000e-12  3.665e+01    32.3982    32.3362    -0.0621    23.4444    23.3747     33.188     33.350      0.245    1511.36    1511.56  0.000e+00
       3423     34.000    17.2964    17.3616     0.0652    4.22094    4.22211          1     5.2605     4.8501       5.12     0.0737  2.711e-12  1.000e-12  3.691e+01    32.4129    32.3707    -0.0422    23.4600    23.4123     33.683     33.847      0.229    1511.32    1511.47  0.000e+00
       3469     34.500    17.2817    17.3290     0.0473    4.22091    4.22206          1     5.2088     4.8301       4.62     0.0964  2.690e-12  1.000e-12  3.720e+01    32.4242    32.3962    -0.0280    23.4721    23.4395     34.179     34.345      0.278    1511.30    1511.41  0.000e+00
       3515     35.000    17.2750    17.3049     0.0299    4.22096    4.22205          1     5.1835     4.8333       4.73     0.0869  2.611e-12  1.000e-12  3.831e+01    32.4298    32.4152    -0.0146    23.4780    23.4598     34.674     34.843      0.241    1511.30    1511.37  0.000e+00
       3565     35.500    17.2639    17.2875     0.0237    4.22100    4.22197          1     5.1425     4.8237       4.03     0.0833  2.598e-12  1.000e-12  3.850e+01    32.4389    32.4283    -0.0106    23.4876    23.4739     35.169     35.340      0.258    1511.28    1511.34  0.000e+00
       3610     36.000    17.2630    17.2757     0.0127    4.22100    4.22194          1     5.1194     4.8343       3.20     0.0801  2.592e-12  1.000e-12  3.859e+01    32.4394    32.4373    -0.0021    23.4882    23.4836     35.664     35.838      0.253    1511.29    1511.32  0.000e+00
       3659     36.500    17.2630    17.2694     0.0064    4.22103    4.22190          1     5.0979     4.8271       2.84     0.0779  2.592e-12  1.000e-12  3.859e+01    32.4395    32.4419     0.0024    23.4883    23.4886     36.160     36.335      0.253    1511.30    1511.32  0.000e+00
       3705     37.000    17.2625    17.2665     0.0040    4.22101    4.22184          1     5.0996     4.8171       2.91     0.0770  2.592e-12  1.000e-12  3.859e+01    32.4396    32.4435     0.0039    23.4885    23.4905     36.655     36.833      0.254    1511.30    1511.32  0.000e+00
       3755     37.500    17.2623    17.2643     0.0020    4.22098    4.22173          1     5.0896     4.8162       2.95     0.0813  2.592e-12  1.000e-12  3.859e+01    32.4393    32.4442     0.0048    23.4883    23.4915     37.150     37.331      0.245    1511.31    1511.32  0.000e+00
       3800     38.000    17.2617    17.2633     0.0016    4.22093    4.22167          1     5.0776     4.8116       1.32     0.0511  2.592e-12  1.000e-12  3.859e+01    32.4392    32.4443     0.0051    23.4883    23.4919     37.646     37.828      0.275    1511.32    1511.33  0.000e+00
       4178     38.500    17.2601    17.2605     0.0004    4.22074    4.22126          1     5.0563     4.8075       1.30     0.0370  2.592e-12  1.000e-12  3.859e+01    32.4386    32.4428     0.0042    23.4883    23.4914     38.141     38.326     -0.180    1511.32    1511.32  0.000e+00
