ctdpy/exports/archive_20191121_122431/received_data/SBE09_0827_20180129_0952_26_01_0254.cnv
* Sea-Bird SBE 9 Data File:
* FileName = D:\CTD_SBE911\DAT\26DA.2018.1.154.hex
* Software Version Seasave V 7.21d
* Temperature SN = 034757
* Conductivity SN = 041844
* Number of Bytes Per Scan = 48
* Number of Voltage Words = 5
* Number of Scans Averaged by the Deck Unit = 1
* NMEA Latitude = 57 49.78 N
* NMEA Longitude = 011 00.66 E
* NMEA UTC (Time) = Jan 29 2018  09:52:59
* NMEA baud rate = 4800
** Ship: DANA
** Average sound velocity: 1469.81 m/s
** True-depth calculation Thu, 28 Mar 2019 08:33:46 +0000
** CTD Python Module SMHI /ver 3-12/ feb 2012 
** LIMS Job: 20182601-0254
** 6.5 Skagens Rev
** Operator: Ronny Sørensen
** Cruise: 01/2018
# nquan = 26
# nvalues = 97                          
# units = specified
# name 0 = scan: Scan Count
# name 1 = prDM: Pressure, Digiquartz [db]
# name 2 = t090C: Temperature [ITS-90, deg C]
# name 3 = t190C: Temperature, 2 [ITS-90, deg C]
# name 4 = T2-T190C: Temperature Difference, 2 - 1 [ITS-90, deg C]
# name 5 = c0S/m: Conductivity [S/m]
# name 6 = c1S/m: Conductivity, 2 [S/m]
# name 7 = pumps: Pump Status
# name 8 = sbeox1ML/L: Oxygen, SBE 43, 2 [ml/l]
# name 9 = sbeox0ML/L: Oxygen, SBE 43 [ml/l]
# name 10 = altM: Altimeter [m]
# name 11 = chloroflTC0: Chlorophyll, Turner Cyclops [ug/l]
# name 12 = cpar: CPAR/Corrected Irradiance [%]
# name 13 = par: PAR/Irradiance, Biospherical/Lico [µE/(cm^2*s)]
# name 14 = spar: SPAR, Biospherical/Licor
# name 15 = sal00: Salinity, Practical [PSU]
# name 16 = sal11: Salinity, Practical, 2 [PSU]
# name 17 = secS-priS: Salinity, Practical, Difference, 2 - 1 [PSU]
# name 18 = sigma-t00: Density [sigma-t, kg/m^3 ]
# name 19 = sigma-t11: Density, 2 [sigma-t, kg/m^3 ]
# name 20 = depSM: Depth [salt water, m], lat = 57.8297
# name 21 = depFM: Depth [true depth, m], lat = 57.8297
# name 22 = dz/dtM: Descent Rate [m/s], WS = 2
# name 23 = svCM: Sound Velocity [Chen-Millero, m/s]
# name 24 = svCM1: Sound Velocity, 2 [Chen-Millero, m/s]
# name 25 = flag: flag
# span 0 =          5,       4928       
# span 1 =      2.500,     50.500       
# span 2 =     5.1440,     5.6689       
# span 3 =     5.1458,     5.6516       
# span 4 =    -0.2525,     0.0124       
# span 5 =   3.085816,   3.244985       
# span 6 =   3.085465,   3.244507       
# span 7 =          1,          1       
# span 8 =     6.3562,     6.4924       
# span 9 =     6.5067,     7.2011       
# span 10 =       1.95,       9.97      
# span 11 =     0.0525,     0.1409      
# span 12 = -2.423e-05, 4.5703e+00      
# span 13 = -3.513e-05, 6.7055e+00      
# span 14 = 1.4006e+02, 1.5231e+02      
# span 15 =    31.8383,    33.2313      
# span 16 =    31.8334,    33.2268      
# span 17 =    -0.3935,     0.0337      
# span 18 =    25.1507,    26.2068      
# span 19 =    25.1469,    26.2034      
# span 20 =      2.477,     50.027      
# span 21 =      2.484,     50.144      
# span 22 =     -0.021,      0.676      
# span 23 =    1467.44,    1471.64      
# span 24 =    1467.43,    1471.63      
# span 25 = 0.0000e+00, 0.0000e+00      
# interval = decibars: 0.5              
# start_time = Jan 29 2018 09:52:59 [NMEA time, first data scan]
# bad_flag = -9.990e-29
*END*
          5      2.500     5.1680     5.1659    -0.0020    3.08582    3.08558          1     6.3899     7.2011       9.97     0.0525  4.570e+00  6.705e+00  1.467e+02    31.8401    31.8394    -0.0007    25.1525    25.1521      2.477      2.484     -0.007    1467.44    1467.43  0.000e+00
        303      3.000     5.1696     5.1682    -0.0013    3.08613    3.08557          1     6.3913     6.5077       9.96     0.0545  3.927e+00  5.826e+00  1.483e+02    31.8419    31.8369    -0.0051    25.1537    25.1499      2.972      2.981      0.440    1467.45    1467.44  0.000e+00
        320      3.500     5.1689     5.1679    -0.0010    3.08613    3.08563          1     6.4067     6.5478       9.96     0.0525  2.663e+00  3.947e+00  1.482e+02    31.8424    31.8376    -0.0048    25.1542    25.1504      3.468      3.477      0.351    1467.46    1467.45  0.000e+00
        389      4.000     5.1693     5.1683    -0.0010    3.08595    3.08561          1     6.3836     6.5530       9.96     0.0547  2.186e+00  3.240e+00  1.482e+02    31.8397    31.8367    -0.0030    25.1520    25.1498      3.963      3.974      0.371    1467.46    1467.46  0.000e+00
        441      4.500     5.1695     5.1685    -0.0009    3.08594    3.08547          1     6.3904     6.5503       9.95     0.0559  1.474e+00  2.189e+00  1.485e+02    31.8391    31.8346    -0.0045    25.1515    25.1481      4.458      4.471      0.291    1467.47    1467.46  0.000e+00
        488      5.000     5.1698     5.1682    -0.0016    3.08600    3.08547          1     6.3668     6.5528       9.95     0.0587  1.321e+00  1.973e+00  1.494e+02    31.8392    31.8347    -0.0045    25.1516    25.1481      4.954      4.968      0.469    1467.48    1467.47  0.000e+00
        538      5.500     5.1713     5.1698    -0.0015    3.08607    3.08555          1     6.3652     6.5532       9.95     0.0577  8.175e-01  1.226e+00  1.498e+02    31.8383    31.8339    -0.0045    25.1507    25.1473      5.449      5.465      0.380    1467.49    1467.48  0.000e+00
        589      6.000     5.1716     5.1700    -0.0017    3.08614    3.08555          1     6.3597     6.5559       9.95     0.0586  8.158e-01  1.226e+00  1.503e+02    31.8386    31.8334    -0.0052    25.1509    25.1469      5.944      5.961      0.676    1467.50    1467.49  0.000e+00
        611      6.500     5.1657     5.1664     0.0007    3.08639    3.08569          1     6.3821     6.5552       9.95     0.0546  3.678e-01  5.528e-01  1.503e+02    31.8468    31.8383    -0.0085    25.1580    25.1512      6.440      6.458      0.451    1467.50    1467.49  0.000e+00
        681      7.000     5.1662     5.1653    -0.0009    3.08633    3.08583          1     6.3844     6.5456       9.95     0.0543  3.475e-01  5.222e-01  1.503e+02    31.8454    31.8406    -0.0048    25.1569    25.1531      6.935      6.955      0.369    1467.51    1467.50  0.000e+00
        713      7.500     5.1636     5.1631    -0.0005    3.08640    3.08591          1     6.3761     6.5490       9.95     0.0538  1.607e-01  2.415e-01  1.503e+02    31.8485    31.8434    -0.0051    25.1596    25.1556      7.430      7.452      0.344    1467.51    1467.50  0.000e+00
        790      8.000     5.1635     5.1630    -0.0005    3.08652    3.08590          1     6.4000     6.5469       9.95     0.0548  1.237e-01  1.858e-01  1.503e+02    31.8497    31.8431    -0.0065    25.1605    25.1554      7.926      7.948      0.300    1467.52    1467.51  0.000e+00
        824      8.500     5.1614     5.1604    -0.0010    3.08689    3.08638          1     6.4077     6.5525       9.95     0.0535  3.739e-02  5.620e-02  1.504e+02    31.8557    31.8509    -0.0048    25.1655    25.1618      8.421      8.445      0.342    1467.53    1467.52  0.000e+00
        871      9.000     5.1632     5.1630    -0.0002    3.08667    3.08608          1     6.4267     6.5505       9.95     0.0543 -2.423e-05 -3.513e-05  1.522e+02    31.8513    31.8447    -0.0065    25.1618    25.1567      8.917      8.942      0.229    1467.53    1467.53  0.000e+00
        916      9.500     5.1581     5.1600     0.0018    3.08743    3.08639          1     6.3874     6.5419       9.95     0.0551 -3.412e-07 -5.178e-07  1.523e+02    31.8646    31.8508    -0.0138    25.1729    25.1618      9.412      9.439      0.337    1467.54    1467.53  0.000e+00
        953     10.000     5.1440     5.1458     0.0018    3.09305    3.09147          1     6.3864     6.5469       9.95     0.0545  6.565e-13  1.000e-12  1.523e+02    31.9420    31.9222    -0.0198    25.2358    25.2199      9.907      9.935      0.271    1467.59    1467.57  0.000e+00
       1009     10.500     5.1526     5.1524    -0.0002    3.10935    3.11228          1     6.4197     6.5685       9.95     0.0564  6.565e-13  1.000e-12  1.523e+02    32.1197    32.1534     0.0337    25.3755    25.4022     10.403     10.432      0.200    1467.86    1467.90  0.000e+00
       1076     11.000     5.1516     5.1505    -0.0011    3.11838    3.11859          1     6.4353     6.5792       9.95     0.0651  6.565e-13  1.000e-12  1.523e+02    32.2237    32.2271     0.0034    25.4580    25.4608     10.898     10.929      0.224    1467.99    1467.99  0.000e+00
       1118     11.500     5.1710     5.1639    -0.0072    3.13140    3.12605          1     6.4060     6.5804       9.95     0.0633  6.565e-13  1.000e-12  1.523e+02    32.3535    32.2992    -0.0543    25.5586    25.5164     11.393     11.425      0.347    1468.25    1468.15  0.000e+00
       1168     12.000     5.1869     5.1746    -0.0124    3.13858    3.13270          1     6.4323     6.5876       9.95     0.0622  6.565e-13  1.000e-12  1.523e+02    32.4199    32.3646    -0.0553    25.6094    25.5670     11.889     11.922      0.239    1468.40    1468.28  0.000e+00
       1218     12.500     5.1980     5.1930    -0.0050    3.14236    3.13874          1     6.4699     6.5761       9.95     0.0651  6.565e-13  1.000e-12  1.523e+02    32.4521    32.4155    -0.0366    25.6336    25.6052     12.384     12.418      0.370    1468.50    1468.43  0.000e+00
       1250     13.000     5.2160     5.2019    -0.0141    3.14654    3.14216          1     6.4808     6.5737       9.95     0.0654  6.565e-13  1.000e-12  1.523e+02    32.4821    32.4458    -0.0363    25.6554    25.6282     12.879     12.915      0.313    1468.62    1468.51  0.000e+00
       1301     13.500     5.2170     5.2122    -0.0047    3.14730    3.14524          1     6.4924     6.5848       9.95     0.0700  6.565e-13  1.000e-12  1.523e+02    32.4896    32.4707    -0.0189    25.6612    25.6468     13.375     13.412      0.213    1468.64    1468.60  0.000e+00
       1358     14.000     5.2201     5.2150    -0.0051    3.14777    3.14628          1     6.4549     6.5803       9.95     0.0718  6.565e-13  1.000e-12  1.523e+02    32.4917    32.4796    -0.0121    25.6625    25.6535     13.870     13.908      0.208    1468.66    1468.63  0.000e+00
       1410     14.500     5.2216     5.2159    -0.0057    3.14808    3.14669          1     6.4456     6.5808       9.95     0.0726  6.565e-13  1.000e-12  1.523e+02    32.4935    32.4832    -0.0102    25.6637    25.6563     14.365     14.405      0.259    1468.68    1468.64  0.000e+00
       1459     15.000     5.2274     5.2174    -0.0100    3.14898    3.14691          1     6.4406     6.5734       9.95     0.0722  6.565e-13  1.000e-12  1.523e+02    32.4979    32.4840    -0.0139    25.6666    25.6567     14.861     14.901      0.234    1468.72    1468.66  0.000e+00
       1505     15.500     5.2293     5.2209    -0.0084    3.14924    3.14752          1     6.4469     6.5810       9.95     0.0737  6.565e-13  1.000e-12  1.523e+02    32.4988    32.4872    -0.0116    25.6671    25.6589     15.356     15.398      0.291    1468.73    1468.68  0.000e+00
       1548     16.000     5.2382     5.2222    -0.0160    3.15052    3.14776          1     6.4573     6.5812       9.95     0.0721  6.565e-13  1.000e-12  1.523e+02    32.5045    32.4886    -0.0159    25.6706    25.6598     15.851     15.894      0.263    1468.79    1468.70  0.000e+00
       1598     16.500     5.2351     5.2266    -0.0085    3.15011    3.14838          1     6.4342     6.5769       9.95     0.0729  6.565e-13  1.000e-12  1.523e+02    32.5026    32.4911    -0.0116    25.6695    25.6613     16.347     16.391      0.241    1468.78    1468.73  0.000e+00
       1639     17.000     5.2373     5.2330    -0.0044    3.15044    3.14927          1     6.4446     6.5766       9.95     0.0734  6.565e-13  1.000e-12  1.523e+02    32.5039    32.4949    -0.0091    25.6702    25.6636     16.842     16.887      0.328    1468.80    1468.77  0.000e+00
       1678     17.500     5.2374     5.2352    -0.0021    3.15037    3.14976          1     6.4536     6.5930       9.95     0.0736  6.565e-13  1.000e-12  1.523e+02    32.5028    32.4979    -0.0049    25.6694    25.6658     17.337     17.384      0.226    1468.80    1468.79  0.000e+00
       1753     18.000     5.2359     5.2343    -0.0015    3.15016    3.14966          1     6.4830     6.5742       9.95     0.0743  6.595e-13  1.000e-12  1.516e+02    32.5017    32.4974    -0.0043    25.6687    25.6654     17.833     17.880      0.287    1468.80    1468.79  0.000e+00
       1788     18.500     5.2346     5.2344    -0.0003    3.15001    3.14966          1     6.4869     6.5811       9.95     0.0737  6.650e-13  1.000e-12  1.504e+02    32.5009    32.4971    -0.0038    25.6682    25.6652     18.328     18.377      0.295    1468.81    1468.80  0.000e+00
       1835     19.000     5.2357     5.2341    -0.0016    3.15021    3.14964          1     6.4397     6.5791       9.95     0.0744  6.654e-13  1.000e-12  1.503e+02    32.5019    32.4969    -0.0050    25.6688    25.6651     18.823     18.873      0.267    1468.82    1468.81  0.000e+00
       1874     19.500     5.2492     5.2341    -0.0151    3.15206    3.14964          1     6.4323     6.5775       9.95     0.0743  6.654e-13  1.000e-12  1.503e+02    32.5096    32.4966    -0.0130    25.6734    25.6648     19.319     19.370      0.295    1468.89    1468.82  0.000e+00
       1926     20.000     5.2553     5.2395    -0.0158    3.15291    3.15025          1     6.4667     6.5772       9.95     0.0722  6.654e-13  1.000e-12  1.503e+02    32.5132    32.4982    -0.0151    25.6756    25.6655     19.814     19.866      0.227    1468.93    1468.85  0.000e+00
       1971     20.500     5.2570     5.2470    -0.0100    3.15312    3.15128          1     6.4329     6.5806       9.95     0.0742  6.676e-13  1.000e-12  1.498e+02    32.5137    32.5024    -0.0113    25.6758    25.6680     20.309     20.363      0.286    1468.95    1468.89  0.000e+00
       2023     21.000     5.2577     5.2521    -0.0056    3.15328    3.15202          1     6.4386     6.5745       9.95     0.0745  6.745e-13  1.000e-12  1.483e+02    32.5146    32.5056    -0.0090    25.6764    25.6699     20.805     20.859      0.222    1468.96    1468.92  0.000e+00
       2069     21.500     5.2626     5.2559    -0.0067    3.15400    3.15261          1     6.4535     6.5667       9.95     0.0715  6.745e-13  1.000e-12  1.482e+02    32.5177    32.5084    -0.0093    25.6783    25.6717     21.300     21.356      0.333    1468.99    1468.95  0.000e+00
       2111     22.000     5.2684     5.2565    -0.0119    3.15479    3.15274          1     6.4426     6.5683       9.95     0.0751  6.745e-13  1.000e-12  1.482e+02    32.5208    32.5091    -0.0117    25.6801    25.6722     21.795     21.852      0.237    1469.03    1468.97  0.000e+00
       2177     22.500     5.2714     5.2625    -0.0089    3.15528    3.15343          1     6.4635     6.5749       9.95     0.0722  6.745e-13  1.000e-12  1.482e+02    32.5233    32.5108    -0.0125    25.6818    25.6729     22.291     22.349      0.283    1469.05    1469.00  0.000e+00
       2214     23.000     5.2790     5.2643    -0.0147    3.15641    3.15382          1     6.4642     6.5779       9.95     0.0794  6.752e-13  1.000e-12  1.481e+02    32.5286    32.5134    -0.0152    25.6850    25.6747     22.786     22.845      0.269    1469.10    1469.02  0.000e+00
       2268     23.500     5.2760     5.2703    -0.0056    3.15595    3.15461          1     6.4602     6.5799       9.95     0.0730  6.745e-13  1.000e-12  1.482e+02    32.5260    32.5163    -0.0098    25.6834    25.6763     23.281     23.342      0.272    1469.09    1469.05  0.000e+00
       2301     24.000     5.2772     5.2724    -0.0047    3.15619    3.15507          1     6.4489     6.5879       9.95     0.0759  6.745e-13  1.000e-12  1.482e+02    32.5274    32.5192    -0.0082    25.6843    25.6784     23.777     23.838      0.382    1469.10    1469.07  0.000e+00
       2350     24.500     5.2770     5.2740    -0.0029    3.15611    3.15537          1     6.4500     6.5830       9.95     0.0771  6.745e-13  1.000e-12  1.482e+02    32.5263    32.5208    -0.0055    25.6835    25.6795     24.272     24.335      0.242    1469.11    1469.09  0.000e+00
       2416     25.000     5.2630     5.2737     0.0106    3.15402    3.15539          1     6.4738     6.5723       9.95     0.0737  6.745e-13  1.000e-12  1.482e+02    32.5159    32.5211     0.0052    25.6768    25.6798     24.767     24.832      0.343    1469.05    1469.10  0.000e+00
       2448     25.500     5.2704     5.2703    -0.0001    3.15515    3.15492          1     6.4839     6.5735       9.95     0.0751  6.745e-13  1.000e-12  1.482e+02    32.5213    32.5188    -0.0025    25.6802    25.6783     25.263     25.328      0.301    1469.09    1469.09  0.000e+00
       2498     26.000     5.2706     5.2696    -0.0010    3.15514    3.15475          1     6.4405     6.5729       9.95     0.0732  6.749e-13  1.000e-12  1.482e+02    32.5209    32.5173    -0.0036    25.6799    25.6772     25.758     25.825      0.238    1469.10    1469.09  0.000e+00
       2544     26.500     5.2856     5.2686    -0.0170    3.15756    3.15462          1     6.4315     6.5730       9.95     0.0757  6.788e-13  1.000e-12  1.473e+02    32.5335    32.5165    -0.0170    25.6882    25.6767     26.253     26.321      0.261    1469.19    1469.10  0.000e+00
       2592     27.000     5.3016     5.2705    -0.0311    3.16004    3.15482          1     6.4130     6.5656       9.95     0.0759  6.839e-13  1.000e-12  1.462e+02    32.5460    32.5167    -0.0293    25.6963    25.6766     26.748     26.818      0.228    1469.28    1469.11  0.000e+00
       2648     27.500     5.3190     5.2796    -0.0394    3.16288    3.15592          1     6.4475     6.5725       9.95     0.0751  6.839e-13  1.000e-12  1.462e+02    32.5612    32.5201    -0.0411    25.7063    25.6783     27.244     27.314      0.258    1469.37    1469.16  0.000e+00
       2687     28.000     5.3308     5.2884    -0.0424    3.16459    3.15745          1     6.4682     6.5712       9.95     0.0770  6.839e-13  1.000e-12  1.462e+02    32.5690    32.5288    -0.0402    25.7111    25.6842     27.739     27.811      0.309    1469.44    1469.22  0.000e+00
       2737     28.500     5.3382     5.3072    -0.0310    3.16609    3.16012          1     6.4450     6.5584       9.95     0.0767  6.839e-13  1.000e-12  1.462e+02    32.5786    32.5407    -0.0379    25.7179    25.6915     28.234     28.307      0.212    1469.49    1469.32  0.000e+00
       2787     29.000     5.4037     5.3229    -0.0808    3.17995    3.16293          1     6.4614     6.5574       9.95     0.0747  6.839e-13  1.000e-12  1.462e+02    32.6723    32.5573    -0.1150    25.7845    25.7028     28.730     28.804      0.282    1469.88    1469.41  0.000e+00
       2832     29.500     5.5887     5.3358    -0.2525    3.22132    3.16498          1     6.4350     6.5332       9.95     0.0757  6.839e-13  1.000e-12  1.462e+02    32.9612    32.5677    -0.3935    25.9915    25.7096     29.225     29.300      0.213    1471.00    1469.48  0.000e+00
