ctdpy/exports/archive_20191121_122431/received_data/SBE09_0745_20181210_1417_34_01_0178.cnv
* Sea-Bird SBE 9 Data File:
* FileName = C:\ctd\temp\ar18d178.hex
* Software Version Seasave V 7.26.7.107
* Temperature SN = 4387
* Conductivity SN = 2994
* Number of Bytes Per Scan = 41
* Number of Voltage Words = 4
* Number of Scans Averaged by the Deck Unit = 1
* NMEA Latitude = 58 35.62 N
* NMEA Longitude = 018 14.18 E
* NMEA UTC (Time) = Dec 10 2018  14:17:12
* NMEA baud rate = 4800
** Station:  BY31_CTD
** Operator:  JKro
** Ship: ARANDA
** Average sound velocity: 1447.43 m/s
** True-depth calculation Mon, 10 Dec 2018 15:32:04 +0000
** CTD Python Module SMHI /ver 3-12/ feb 2012 
** LIMS Job: 20183401-0178
** Cruise: SMHI-7-2018
** Latitude [GG MM.mm N]:
** Longitude [GG MM.mm E]:
# nquan = 26
# nvalues = 879                         
# units = specified
# name 0 = scan: Scan Count
# name 1 = prDM: Pressure, Digiquartz [db]
# name 2 = t090C: Temperature [ITS-90, deg C]
# name 3 = t190C: Temperature, 2 [ITS-90, deg C]
# name 4 = T2-T190C: Temperature Difference, 2 - 1 [ITS-90, deg C]
# name 5 = c0S/m: Conductivity [S/m]
# name 6 = c1S/m: Conductivity, 2 [S/m]
# name 7 = pumps: Pump Status
# name 8 = sbeox0ML/L: Oxygen, SBE 43 [ml/l]
# name 9 = sbeox1ML/L: Oxygen, SBE 43, 2 [ml/l]
# name 10 = altM: Altimeter [m]
# name 11 = flECO-AFL: Chl-a Fluorescence, WET Labs ECO-AFL/FL [mg/m^3]
# name 12 = flECO-AFL1: Phycocyanin Fluorescence, WET Labs ECO-AFL/FL, 2 [mg/m^3]
# name 13 = par: PAR/Irradiance, Biospherical/Lico [µE/(cm^2*s)]
# name 14 = turbWETntu0: Turbidity, WET Labs ECO [NTU]
# name 15 = sal00: Salinity, Practical [PSU]
# name 16 = sal11: Salinity, Practical, 2 [PSU]
# name 17 = secS-priS: Salinity, Practical, Difference, 2 - 1 [PSU]
# name 18 = sigma-t00: Density [sigma-t, Kg/m^3 ]
# name 19 = sigma-t11: Density, 2 [sigma-t, Kg/m^3 ]
# name 20 = depSM: Depth [salt water, m], lat = 58.5937
# name 21 = depFM: Depth [true depth, m], lat = 58.5937
# name 22 = dz/dtM: Descent Rate [m/s], WS = 2
# name 23 = svCM: Sound Velocity [Chen-Millero, m/s]
# name 24 = svCM1: Sound Velocity, 2 [Chen-Millero, m/s]
# name 25 = flag: flag
# span 0 =      12415,      36126       
# span 1 =      1.000,    440.000       
# span 2 =     4.6555,     6.2339       
# span 3 =     4.6558,     6.2343       
# span 4 =    -0.0032,     0.0162       
# span 5 =   0.778147,   1.245070       
# span 6 =   0.778185,   1.245147       
# span 7 =          1,          1       
# span 8 =    0.00947,    7.97993       
# span 9 =    0.03847,    7.99077       
# span 10 =       3.72,     100.68      
# span 11 =     0.2700,     0.5191      
# span 12 =     0.1074,     0.3448      
# span 13 = -1.774e-04, 1.9217e+00      
# span 14 =     0.1548,     2.4128      
# span 15 =     6.9520,    11.3728      
# span 16 =     6.9526,    11.3735      
# span 17 =    -0.0075,     0.0020      
# span 18 =     5.4503,     8.9186      
# span 19 =     5.4507,     8.9191      
# span 20 =      0.991,    435.438      
# span 21 =      1.013,    444.503      
# span 22 =     -0.147,      0.697      
# span 23 =    1435.80,    1453.09      
# span 24 =    1435.80,    1453.09      
# span 25 = 0.0000e+00, 0.0000e+00      
# interval = decibars: 0.5              
# start_time = Dec 10 2018 14:17:12 [NMEA time, first data scan]
# bad_flag = -9.990e-29
*END*
[from data line 725]
      30986    363.500     6.2249     6.2253     0.0004    1.24234    1.24240          1     0.0121     0.0428      87.80     0.3281     0.2535  1.000e-12  0.1974000    11.3628    11.3633     0.0005     8.9113     8.9117    359.797    367.274      0.560    1451.80    1451.81  0.000e+00
      31006    364.000     6.2251     6.2255     0.0004    1.24238    1.24246          1     0.0171     0.0425      98.59     0.3457     0.1929  1.000e-12  0.1994000    11.3631    11.3637     0.0006     8.9115     8.9119    360.292    367.778      0.558    1451.81    1451.82  0.000e+00
      31029    364.500     6.2252     6.2256     0.0004    1.24242    1.24249          1     0.0165     0.0427      91.82     0.3420     0.1913  1.000e-12  0.1957000    11.3633    11.3639     0.0006     8.9117     8.9121    360.786    368.283      0.479    1451.82    1451.83  0.000e+00
      31059    365.000     6.2252     6.2256     0.0004    1.24242    1.24250          1     0.0149     0.0428      81.69     0.3390     0.2266  1.000e-12  0.2122000    11.3633    11.3639     0.0007     8.9117     8.9121    361.281    368.788      0.367    1451.83    1451.83  0.000e+00
      31092    365.500     6.2252     6.2256     0.0003    1.24244    1.24252          1     0.0154     0.0440      81.12     0.3371     0.2274  1.000e-12  0.1678000    11.3634    11.3640     0.0006     8.9117     8.9122    361.775    369.293      0.404    1451.84    1451.84  0.000e+00
      31118    366.000     6.2253     6.2257     0.0004    1.24246    1.24253          1     0.0146     0.0428      80.67     0.3238     0.1829  1.000e-12  0.1692000    11.3634    11.3640     0.0006     8.9117     8.9122    362.270    369.798      0.523    1451.85    1451.85  0.000e+00
      31140    366.500     6.2253     6.2257     0.0004    1.24246    1.24254          1     0.0134     0.0436      80.20     0.3285     0.2210  1.000e-12  0.1734000    11.3633    11.3640     0.0006     8.9117     8.9122    362.764    370.302      0.548    1451.86    1451.86  0.000e+00
      31162    367.000     6.2253     6.2257     0.0003    1.24248    1.24255          1     0.0156     0.0432      79.57     0.3452     0.2406  1.000e-12  0.1815000    11.3634    11.3640     0.0006     8.9117     8.9122    363.259    370.807      0.496    1451.86    1451.87  0.000e+00
      31188    367.500     6.2253     6.2258     0.0004    1.24248    1.24256          1     0.0152     0.0421      79.02     0.3453     0.2183  1.000e-12  0.1757000    11.3634    11.3640     0.0006     8.9117     8.9122    363.753    371.312      0.455    1451.87    1451.87  0.000e+00
      31214    368.000     6.2254     6.2258     0.0004    1.24249    1.24257          1     0.0150     0.0425      78.54     0.3209     0.1883  1.000e-12  0.1934000    11.3633    11.3640     0.0006     8.9117     8.9122    364.248    371.817      0.475    1451.88    1451.88  0.000e+00
      31239    368.500     6.2255     6.2260     0.0005    1.24251    1.24259          1     0.0151     0.0433      78.06     0.3194     0.2255  1.000e-12  0.2885000    11.3634    11.3641     0.0006     8.9118     8.9122    364.742    372.321      0.486    1451.89    1451.89  0.000e+00
      31265    369.000     6.2256     6.2260     0.0004    1.24255    1.24262          1     0.0171     0.0429      77.52     0.3449     0.1785  1.000e-12  0.2652000    11.3636    11.3642     0.0006     8.9119     8.9123    365.237    372.826      0.440    1451.90    1451.90  0.000e+00
      31294    369.500     6.2256     6.2260     0.0004    1.24256    1.24263          1     0.0130     0.0426      76.81     0.3422     0.1648  1.000e-12  0.1734000    11.3636    11.3642     0.0006     8.9119     8.9123    365.731    373.331      0.398    1451.91    1451.91  0.000e+00
      31324    370.000     6.2257     6.2260     0.0004    1.24257    1.24265          1     0.0147     0.0437      76.26     0.3524     0.2615  1.000e-12  0.1760000    11.3636    11.3643     0.0007     8.9119     8.9124    366.225    373.836      0.427    1451.91    1451.92  0.000e+00
      31350    370.500     6.2257     6.2261     0.0004    1.24259    1.24266          1     0.0129     0.0440      75.81     0.3478     0.2442  1.000e-12  0.1759000    11.3637    11.3643     0.0006     8.9120     8.9124    366.720    374.340      0.514    1451.92    1451.92  0.000e+00
      31371    371.000     6.2259     6.2263     0.0004    1.24264    1.24270          1     0.0157     0.0420      75.35     0.3452     0.2215  1.000e-12  0.1674000    11.3641    11.3646     0.0005     8.9122     8.9126    367.214    374.845      0.577    1451.93    1451.93  0.000e+00
      31392    371.500     6.2260     6.2264     0.0004    1.24266    1.24274          1     0.0153     0.0424      74.98     0.3400     0.2238  1.000e-12  0.1641000    11.3642    11.3648     0.0006     8.9123     8.9128    367.709    375.350      0.560    1451.94    1451.94  0.000e+00
      31415    372.000     6.2260     6.2265     0.0004    1.24270    1.24277          1     0.0154     0.0426      74.34     0.3281     0.2292  1.000e-12  0.1962000    11.3644    11.3650     0.0005     8.9125     8.9129    368.203    375.855      0.452    1451.95    1451.95  0.000e+00
      31447    372.500     6.2262     6.2266     0.0004    1.24273    1.24281          1     0.0141     0.0428      73.85     0.3350     0.2255  1.000e-12  0.2032000    11.3646    11.3652     0.0006     8.9126     8.9131    368.698    376.360      0.368    1451.96    1451.96  0.000e+00
      31477    373.000     6.2263     6.2267     0.0003    1.24277    1.24284          1     0.0159     0.0442      73.34     0.3364     0.2350  1.000e-12  0.1851000    11.3649    11.3654     0.0006     8.9128     8.9133    369.192    376.864      0.458    1451.97    1451.97  0.000e+00
      31501    373.500     6.2264     6.2268     0.0003    1.24278    1.24286          1     0.0149     0.0424      72.87     0.3330     0.2213  1.000e-12  0.1781000    11.3649    11.3655     0.0007     8.9128     8.9133    369.687    377.369      0.505    1451.97    1451.98  0.000e+00
      31525    374.000     6.2264     6.2268     0.0004    1.24280    1.24288          1     0.0156     0.0427      72.25     0.3316     0.2219  1.000e-12  0.2524000    11.3649    11.3656     0.0006     8.9129     8.9133    370.181    377.874      0.485    1451.98    1451.99  0.000e+00
      31550    374.500     6.2265     6.2269     0.0004    1.24282    1.24289          1     0.0135     0.0426      71.77     0.3408     0.2256  1.000e-12  0.2073000    11.3650    11.3656     0.0006     8.9130     8.9134    370.676    378.379      0.500    1451.99    1451.99  0.000e+00
      31573    375.000     6.2266     6.2269     0.0003    1.24284    1.24291          1     0.0143     0.0444      71.29     0.3453     0.2309  1.000e-12  0.1760000    11.3651    11.3656     0.0006     8.9130     8.9134    371.170    378.883      0.530    1452.00    1452.00  0.000e+00
      31596    375.500     6.2266     6.2269     0.0004    1.24284    1.24292          1     0.0165     0.0427      70.74     0.3453     0.2340  1.000e-12  0.1779000    11.3650    11.3657     0.0007     8.9129     8.9134    371.664    379.388      0.482    1452.01    1452.01  0.000e+00
      31624    376.000     6.2266     6.2269     0.0004    1.24285    1.24293          1     0.0140     0.0434      70.20     0.3524     0.2073  1.000e-12  0.1789000    11.3650    11.3657     0.0007     8.9130     8.9134    372.159    379.893      0.399    1452.02    1452.02  0.000e+00
      31655    376.500     6.2266     6.2270     0.0004    1.24286    1.24294          1     0.0155     0.0427      69.69     0.3486     0.1712  1.000e-12  0.1673000    11.3650    11.3657     0.0007     8.9129     8.9134    372.653    380.398      0.407    1452.02    1452.03  0.000e+00
      31682    377.000     6.2266     6.2270     0.0003    1.24288    1.24295          1     0.0157     0.0427      69.18     0.3349     0.2237  1.000e-12  0.1741000    11.3651    11.3657     0.0006     8.9130     8.9134    373.148    380.903      0.485    1452.03    1452.03  0.000e+00
      31705    377.500     6.2267     6.2271     0.0004    1.24289    1.24296          1     0.0142     0.0429      68.66     0.3335     0.2551  1.000e-12  0.1756000    11.3651    11.3657     0.0006     8.9130     8.9134    373.642    381.407      0.565    1452.04    1452.04  0.000e+00
      31725    378.000     6.2268     6.2271     0.0004    1.24291    1.24299          1     0.0139     0.0429      68.25     0.3258     0.2379  1.000e-12  0.1714000    11.3652    11.3658     0.0006     8.9131     8.9135    374.137    381.912      0.590    1452.05    1452.05  0.000e+00
      31746    378.500     6.2268     6.2271     0.0004    1.24292    1.24300          1     0.0163     0.0431      67.77     0.3309     0.2267  1.000e-12  0.1716000    11.3652    11.3659     0.0006     8.9131     8.9136    374.631    382.417      0.515    1452.06    1452.06  0.000e+00
      31774    379.000     6.2268     6.2271     0.0004    1.24293    1.24301          1     0.0150     0.0432      67.19     0.3447     0.2113  1.000e-12  0.1722000    11.3652    11.3659     0.0006     8.9131     8.9136    375.126    382.922      0.395    1452.07    1452.07  0.000e+00
      31805    379.500     6.2268     6.2272     0.0004    1.24295    1.24302          1     0.0126     0.0431      66.67     0.3292     0.2505  1.000e-12  0.1732000    11.3653    11.3658     0.0006     8.9131     8.9135    375.620    383.426      0.417    1452.07    1452.08  0.000e+00
      31831    380.000     6.2269     6.2272     0.0004    1.24297    1.24305          1     0.0167     0.0420      66.21     0.3289     0.2470  1.000e-12  0.1748000    11.3654    11.3660     0.0006     8.9132     8.9137    376.114    383.931      0.496    1452.08    1452.08  0.000e+00
      31854    380.500     6.2269     6.2273     0.0004    1.24297    1.24306          1     0.0141     0.0425      65.80     0.3335     0.2355  1.000e-12  0.1712000    11.3653    11.3660     0.0007     8.9131     8.9137    376.609    384.436      0.534    1452.09    1452.09  0.000e+00
      31876    381.000     6.2270     6.2275     0.0004    1.24300    1.24308          1     0.0137     0.0427      65.21     0.3269     0.2134  1.000e-12  0.1779000    11.3654    11.3661     0.0006     8.9132     8.9137    377.103    384.941      0.539    1452.10    1452.10  0.000e+00
      31899    381.500     6.2272     6.2275     0.0004    1.24303    1.24312          1     0.0151     0.0423      64.50     0.3259     0.1736  1.000e-12  0.1828000    11.3656    11.3663     0.0007     8.9134     8.9139    377.598    385.445      0.504    1452.11    1452.11  0.000e+00
      31925    382.000     6.2272     6.2276     0.0004    1.24304    1.24312          1     0.0128     0.0436      63.88     0.3383     0.1890  1.000e-12  0.1800000    11.3656    11.3663     0.0006     8.9134     8.9139    378.092    385.950      0.444    1452.12    1452.12  0.000e+00
      31953    382.500     6.2272     6.2276     0.0004    1.24306    1.24314          1     0.0127     0.0429      63.33     0.3450     0.2280  1.000e-12  0.1762000    11.3657    11.3664     0.0007     8.9134     8.9139    378.587    386.455      0.443    1452.12    1452.13  0.000e+00
      31978    383.000     6.2273     6.2277     0.0004    1.24308    1.24316          1     0.0176     0.0416      62.92     0.3346     0.1878  1.000e-12  0.1720000    11.3658    11.3664     0.0006     8.9135     8.9140    379.081    386.960      0.511    1452.13    1452.13  0.000e+00
      32000    383.500     6.2274     6.2277     0.0004    1.24310    1.24317          1     0.0150     0.0437      62.54     0.3335     0.2332  1.000e-12  0.1749000    11.3659    11.3664     0.0006     8.9135     8.9140    379.576    387.465      0.524    1452.14    1452.14  0.000e+00
      32025    384.000     6.2274     6.2277     0.0004    1.24311    1.24319          1     0.0140     0.0431      62.03     0.3532     0.2359  1.000e-12  0.1673000    11.3659    11.3665     0.0006     8.9136     8.9140    380.070    387.969      0.457    1452.15    1452.15  0.000e+00
      32054    384.500     6.2274     6.2278     0.0004    1.24312    1.24320          1     0.0156     0.0428      61.41     0.3458     0.2080  1.000e-12  0.1730000    11.3659    11.3666     0.0007     8.9135     8.9141    380.564    388.474      0.413    1452.16    1452.16  0.000e+00
      32081    385.000     6.2275     6.2279     0.0004    1.24314    1.24322          1     0.0127     0.0433      60.88     0.3394     0.2477  1.000e-12  0.1661000    11.3660    11.3666     0.0006     8.9136     8.9141    381.059    388.979      0.481    1452.17    1452.17  0.000e+00
      32104    385.500     6.2276     6.2279     0.0003    1.24316    1.24323          1     0.0153     0.0430      60.37     0.3317     0.2212  1.000e-12  0.1751000    11.3660    11.3666     0.0006     8.9136     8.9141    381.553    389.484      0.557    1452.17    1452.18  0.000e+00
      32125    386.000     6.2277     6.2280     0.0004    1.24318    1.24325          1     0.0154     0.0430      59.85     0.3375     0.1952  1.000e-12  0.1888000    11.3661    11.3667     0.0006     8.9137     8.9142    382.048    389.988      0.575    1452.18    1452.18  0.000e+00
      32146    386.500     6.2276     6.2280     0.0004    1.24319    1.24326          1     0.0145     0.0436      59.35     0.3567     0.1895  1.000e-12  0.1703000    11.3661    11.3667     0.0006     8.9137     8.9142    382.542    390.493      0.519    1452.19    1452.19  0.000e+00
      32172    387.000     6.2277     6.2281     0.0004    1.24322    1.24329          1     0.0134     0.0421      58.88     0.3486     0.2319  1.000e-12  0.1868000    11.3663    11.3669     0.0006     8.9138     8.9143    383.036    390.998      0.412    1452.20    1452.20  0.000e+00
      32204    387.500     6.2277     6.2282     0.0004    1.24324    1.24332          1     0.0139     0.0430      58.27     0.3581     0.2564  1.000e-12  0.2173000    11.3664    11.3670     0.0007     8.9139     8.9144    383.531    391.503      0.391    1452.21    1452.21  0.000e+00
      32232    388.000     6.2279     6.2282     0.0003    1.24326    1.24333          1     0.0138     0.0431      57.75     0.3481     0.2173  1.000e-12  0.1860000    11.3664    11.3671     0.0007     8.9139     8.9144    384.025    392.007      0.499    1452.22    1452.22  0.000e+00
      32254    388.500     6.2281     6.2284     0.0004    1.24329    1.24337          1     0.0134     0.0432      57.30     0.3358     0.2179  1.000e-12  0.1906000    11.3666    11.3673     0.0007     8.9141     8.9146    384.520    392.512      0.575    1452.22    1452.23  0.000e+00
      32274    389.000     6.2281     6.2284     0.0004    1.24330    1.24338          1     0.0162     0.0432      56.91     0.3451     0.2368  1.000e-12  0.1845000    11.3666    11.3672     0.0007     8.9140     8.9146    385.014    393.017      0.558    1452.23    1452.24  0.000e+00
      32298    389.500     6.2280     6.2285     0.0004    1.24332    1.24339          1     0.0125     0.0423      56.41     0.3349     0.2500  1.000e-12  0.2657000    11.3667    11.3672     0.0006     8.9141     8.9146    385.508    393.522      0.469    1452.24    1452.24  0.000e+00
      32326    390.000     6.2281     6.2285     0.0004    1.24333    1.24341          1     0.0139     0.0429      55.74     0.3602     0.2496  1.000e-12  0.1811000    11.3667    11.3673     0.0006     8.9142     8.9146    386.003    394.027      0.406    1452.25    1452.25  0.000e+00
      32355    390.500     6.2282     6.2286     0.0004    1.24335    1.24343          1     0.0140     0.0434      55.20     0.3670     0.2454  1.000e-12  0.1757000    11.3668    11.3674     0.0006     8.9142     8.9147    386.497    394.531      0.459    1452.26    1452.26  0.000e+00
