ctdpy/exports/archive_20191121_122431/received_data/SBE09_1044_20181020_0511_34_01_0114.cnv
* Sea-Bird SBE 9 Data File:
* FileName = C:\ctd\temp\ar18d114.hex
* Software Version Seasave V 7.26.7.107
* Temperature SN = 5351
* Conductivity SN = 3941
* Number of Bytes Per Scan = 41
* Number of Voltage Words = 4
* Number of Scans Averaged by the Deck Unit = 1
* NMEA Latitude = 57 07.03 N
* NMEA Longitude = 017 40.13 E
* NMEA UTC (Time) = Oct 20 2018  05:10:43
* NMEA baud rate = 4800
** Station:  BY38
** Operator:  OBac
** Ship: ARANDA
** Average sound velocity: 1445.45 m/s
** True-depth calculation Sat, 20 Oct 2018 06:04:12 +0000
** CTD Python Module SMHI /ver 3-12/ feb 2012 
** LIMS Job: 20183401-0114
** Cruise: SMHI-4-2018
** Latitude [GG MM.mm N]:
** Longitude [GG MM.mm E]
# nquan = 26
# nvalues = 208                         
# units = specified
# name 0 = scan: Scan Count
# name 1 = prDM: Pressure, Digiquartz [db]
# name 2 = t090C: Temperature [ITS-90, deg C]
# name 3 = t190C: Temperature, 2 [ITS-90, deg C]
# name 4 = T2-T190C: Temperature Difference, 2 - 1 [ITS-90, deg C]
# name 5 = c0S/m: Conductivity [S/m]
# name 6 = c1S/m: Conductivity, 2 [S/m]
# name 7 = pumps: Pump Status
# name 8 = sbeox0ML/L: Oxygen, SBE 43 [ml/l]
# name 9 = sbeox1ML/L: Oxygen, SBE 43, 2 [ml/l]
# name 10 = altM: Altimeter [m]
# name 11 = flECO-AFL: Chl-a Fluorescence, WET Labs ECO-AFL/FL [mg/m^3]
# name 12 = flECO-AFL1: Phycocyanin Fluorescence, WET Labs ECO-AFL/FL, 2 [mg/m^3]
# name 13 = par: PAR/Irradiance, Biospherical/Lico [µE/(cm^2*s)]
# name 14 = turbWETntu0: Turbidity, WET Labs ECO [NTU]
# name 15 = sal00: Salinity, Practical [PSU]
# name 16 = sal11: Salinity, Practical, 2 [PSU]
# name 17 = secS-priS: Salinity, Practical, Difference, 2 - 1 [PSU]
# name 18 = sigma-t00: Density [sigma-t, Kg/m^3 ]
# name 19 = sigma-t11: Density, 2 [sigma-t, Kg/m^3 ]
# name 20 = depSM: Depth [salt water, m], lat = 57.1172
# name 21 = depFM: Depth [true depth, m], lat = 57.1172
# name 22 = dz/dtM: Descent Rate [m/s], WS = 2
# name 23 = svCM: Sound Velocity [Chen-Millero, m/s]
# name 24 = svCM1: Sound Velocity, 2 [Chen-Millero, m/s]
# name 25 = flag: flag
# span 0 =      32973,      38318       
# span 1 =      1.500,    105.000       
# span 2 =     4.0816,    11.4383       
# span 3 =     4.0821,    11.4397       
# span 4 =    -0.0042,     0.0131       
# span 5 =   0.789304,   1.171632       
# span 6 =   0.789466,   1.171596       
# span 7 =          1,          1       
# span 8 =    0.03478,    7.33271       
# span 9 =    0.07212,    6.93829       
# span 10 =       3.13,      98.96      
# span 11 =     0.2457,     1.3251      
# span 12 =     0.1499,     0.4532      
# span 13 = -7.985e-06, 7.5069e+00      
# span 14 =     0.1624,     1.8060      
# span 15 =     6.9402,    10.8191      
# span 16 =     6.9399,    10.8182      
# span 17 =    -0.0058,     0.0012      
# span 18 =     4.9566,     8.5056      
# span 19 =     4.9562,     8.5048      
# span 20 =      1.486,    104.008      
# span 21 =      1.520,    106.226      
# span 22 =      0.008,      0.592      
# span 23 =    1432.89,    1461.57      
# span 24 =    1432.92,    1461.57      
# span 25 = 0.0000e+00, 0.0000e+00      
# interval = decibars: 0.5              
# start_time = Oct 20 2018 05:10:43 [NMEA time, first data scan]
# bad_flag = -9.990e-29
*END*
[from data line 56]
      34339     29.500     7.1341     7.1356     0.0015    0.82643    0.82646          1     6.9586     6.6398      82.04     0.4221     0.3223  1.000e-12  0.1772000     7.1694     7.1694    -0.0000     5.5529     5.5528     29.227     29.895      0.524    1445.02    1445.02  0.000e+00
      34362     30.000     6.8607     6.8609     0.0002    0.82364    0.82366          1     7.0580     6.7159      81.62     0.4430     0.2805  1.000e-12  0.1850000     7.2003     7.2004     0.0001     5.5955     5.5956     29.722     30.402      0.512    1443.92    1443.92  0.000e+00
      34386     30.500     6.7346     6.7377     0.0031    0.82615    0.82615          1     7.0007     6.6991      40.55     0.4393     0.2315  1.000e-12  0.1853000     7.2503     7.2497    -0.0006     5.6430     5.6423     30.217     30.908      0.518    1443.46    1443.47  0.000e+00
      34408     31.000     6.6858     6.6830    -0.0025    0.82911    0.82908          1     6.8237     6.6301      57.83     0.4230     0.2324  1.000e-12  0.1812000     7.2885     7.2888     0.0003     5.6761     5.6765     30.713     31.414      0.536    1443.31    1443.30  0.000e+00
      34430     31.500     6.0837     6.0876     0.0037    0.81537    0.81551          1     6.8553     6.6822      83.38     0.4422     0.2205  1.000e-12  0.1872000     7.2861     7.2867     0.0006     5.7094     5.7096     31.208     31.921      0.551    1440.75    1440.77  0.000e+00
      34452     32.000     5.3934     5.4065     0.0131    0.79822    0.79853          1     6.9958     6.7484      79.55     0.5026     0.2030  1.000e-12  0.2181000     7.2688     7.2690     0.0002     5.7302     5.7298     31.703     32.427      0.552    1437.76    1437.81  0.000e+00
      34474     32.500     5.0010     5.0087     0.0077    0.78930    0.78947          1     7.1596     6.8000      78.97     0.4100     0.2001  1.000e-12  0.1949000     7.2665     7.2664    -0.0001     5.7449     5.7445     32.199     32.934      0.530    1436.05    1436.08  0.000e+00
      34497     33.000     4.8873     4.8892     0.0020    0.78983    0.78978          1     7.2614     6.8201      42.98     0.3761     0.2502  1.000e-12  0.1985000     7.2965     7.2956    -0.0009     5.7731     5.7723     32.694     33.440      0.511    1435.59    1435.60  0.000e+00
      34521     33.500     5.0791     5.0765    -0.0025    0.80208    0.80190          1     6.9754     6.5766      37.85     0.3797     0.2792  1.000e-12  0.1740000     7.3753     7.3741    -0.0012     5.8278     5.8270     33.189     33.946      0.524    1436.54    1436.53  0.000e+00
      34543     34.000     5.3042     5.3076     0.0033    0.81358    0.81361          1     6.6757     6.3800      72.35     0.3509     0.2525  1.000e-12  0.1804000     7.4388     7.4383    -0.0005     5.8688     5.8682     33.685     34.453      0.551    1437.62    1437.63  0.000e+00
      34564     34.500     5.0963     5.0999     0.0036    0.81009    0.81010          1     6.5329     6.2928      16.87     0.3391     0.2597  1.000e-12  0.1901000     7.4507     7.4499    -0.0007     5.8869     5.8862     34.180     34.959      0.558    1436.73    1436.75  0.000e+00
      34586     35.000     5.0427     5.0482     0.0055    0.81063    0.81070          1     6.4642     6.2424      67.87     0.3386     0.2230  1.000e-12  0.1982000     7.4679     7.4674    -0.0005     5.9028     5.9021     34.675     35.465      0.536    1436.53    1436.55  0.000e+00
      34609     35.500     4.8650     4.8699     0.0049    0.80678    0.80688          1     6.4463     6.2222      75.47     0.3188     0.1882  1.000e-12  0.2138000     7.4695     7.4694    -0.0001     5.9109     5.9107     35.171     35.971      0.502    1435.75    1435.78  0.000e+00
      34634     36.000     4.7139     4.7198     0.0058    0.80359    0.80368          1     6.4458     6.2037      75.25     0.3126     0.2310  1.000e-12  0.2216000     7.4717     7.4713    -0.0004     5.9182     5.9177     35.666     36.478      0.501    1435.10    1435.12  0.000e+00
      34657     36.500     4.6487     4.6525     0.0039    0.80296    0.80299          1     6.4577     6.1860      74.94     0.3346     0.2916  1.000e-12  0.2096000     7.4801     7.4795    -0.0006     5.9271     5.9265     36.161     36.984      0.542    1434.83    1434.84  0.000e+00
      34678     37.000     4.5919     4.5953     0.0034    0.80233    0.80236          1     6.4666     6.1777      74.45     0.3471     0.2508  1.000e-12  0.2038000     7.4865     7.4861    -0.0005     5.9342     5.9337     36.657     37.490      0.583    1434.59    1434.61  0.000e+00
      34698     37.500     4.5734     4.5758     0.0024    0.80288    0.80286          1     6.4596     6.1604      73.96     0.3270     0.1893  1.000e-12  0.2084000     7.4962     7.4955    -0.0007     5.9424     5.9418     37.152     37.996      0.585    1434.53    1434.54  0.000e+00
      34719     38.000     4.5775     4.5798     0.0023    0.80392    0.80390          1     6.4443     6.1514      69.13     0.3087     0.2169  1.000e-12  0.2075000     7.5056     7.5049    -0.0007     5.9498     5.9491     37.647     38.503      0.561    1434.57    1434.58  0.000e+00
      34741     38.500     4.5731     4.5758     0.0027    0.80467    0.80465          1     6.4161     6.1376      45.07     0.2993     0.2413  1.000e-12  0.2120000     7.5141     7.5133    -0.0007     5.9566     5.9559     38.142     39.009      0.549    1434.57    1434.58  0.000e+00
      34763     39.000     4.5486     4.5533     0.0048    0.80493    0.80495          1     6.3833     6.1223      71.45     0.3027     0.2336  1.000e-12  0.2198000     7.5222     7.5213    -0.0008     5.9639     5.9631     38.638     39.515      0.554    1434.48    1434.50  0.000e+00
      34784     39.500     4.4682     4.4750     0.0068    0.80365    0.80373          1     6.3887     6.1185      70.36     0.3222     0.2321  1.000e-12  0.2110000     7.5277     7.5268    -0.0008     5.9708     5.9700     39.133     40.022      0.572    1434.13    1434.16  0.000e+00
      34805     40.000     4.3906     4.3957     0.0052    0.80288    0.80290          1     6.4082     6.1239      69.42     0.3352     0.1821  1.000e-12  0.2347000     7.5375     7.5365    -0.0010     5.9811     5.9801     39.628     40.528      0.583    1433.81    1433.83  0.000e+00
      34826     40.500     4.3622     4.3655     0.0033    0.80315    0.80315          1     6.4139     6.1269      69.33     0.3187     0.2754  1.000e-12  0.2256000     7.5467     7.5459    -0.0008     5.9893     5.9885     40.124     41.034      0.568    1433.70    1433.71  0.000e+00
      34847     41.000     4.3466     4.3500     0.0035    0.80365    0.80364          1     6.4051     6.1197      84.62     0.3102     0.2828  1.000e-12  0.2179000     7.5553     7.5544    -0.0009     5.9965     5.9957     40.619     41.540      0.532    1433.65    1433.66  0.000e+00
      34871     41.500     4.3213     4.3258     0.0045    0.80395    0.80395          1     6.4128     6.1283      80.50     0.3060     0.2247  1.000e-12  0.2186000     7.5640     7.5630    -0.0010     6.0042     6.0033     41.114     42.046      0.511    1433.56    1433.58  0.000e+00
      34894     42.000     4.3100     4.3119     0.0020    0.80490    0.80482          1     6.3433     6.0657      70.19     0.2883     0.2192  1.000e-12  0.2128000     7.5761     7.5749    -0.0012     6.0142     6.0132     41.610     42.553      0.531    1433.53    1433.54  0.000e+00
      34916     42.500     4.3042     4.3085     0.0044    0.80632    0.80629          1     6.2854     6.0162      67.37     0.2645     0.2649  1.000e-12  0.2009000     7.5918     7.5905    -0.0013     6.0268     6.0256     42.105     43.059      0.572    1433.53    1433.55  0.000e+00
      34936     43.000     4.1504     4.1583     0.0078    0.80590    0.80585          1     6.2482     5.9676      66.87     0.2676     0.2100  1.000e-12  0.2057000     7.6231     7.6208    -0.0023     6.0560     6.0539     42.600     43.565      0.592    1432.89    1432.92  0.000e+00
      34957     43.500     4.1801     4.1759    -0.0042    0.81155    0.81126          1     6.1283     5.8472      66.34     0.2650     0.2268  1.000e-12  0.2211000     7.6735     7.6715    -0.0020     6.0952     6.0937     43.096     44.071      0.568    1433.10    1433.08  0.000e+00
      34979     44.000     4.2885     4.2875    -0.0009    0.81895    0.81873          1     5.9546     5.7065      65.83     0.2656     0.2346  1.000e-12  0.2096000     7.7231     7.7211    -0.0020     6.1314     6.1299     43.591     44.577      0.520    1433.65    1433.65  0.000e+00
      35003     44.500     4.3314     4.3318     0.0005    0.82261    0.82243          1     5.7670     5.5719      65.27     0.2592     0.2247  1.000e-12  0.2057000     7.7501     7.7482    -0.0019     6.1515     6.1500     44.086     45.084      0.507    1433.89    1433.89  0.000e+00
      35026     45.000     4.3485     4.3523     0.0038    0.82568    0.82561          1     5.6001     5.4421      64.66     0.2569     0.2035  1.000e-12  0.2126000     7.7771     7.7754    -0.0017     6.1725     6.1710     44.581     45.590      0.540    1434.01    1434.02  0.000e+00
      35047     45.500     4.2211     4.2294     0.0083    0.82618    0.82616          1     5.4617     5.3199      64.24     0.2556     0.1918  1.000e-12  0.2207000     7.8123     7.8101    -0.0021     6.2042     6.2023     45.077     46.096      0.565    1433.49    1433.52  0.000e+00
      35068     46.000     4.1247     4.1322     0.0075    0.82747    0.82740          1     5.3587     5.2113      63.70     0.2542     0.1499  1.000e-12  0.2232000     7.8484     7.8458    -0.0025     6.2356     6.2334     45.572     46.602      0.557    1433.11    1433.14  0.000e+00
      35090     46.500     4.0816     4.0821     0.0006    0.83003    0.82984          1     5.2720     5.1068      63.20     0.2586     0.1717  1.000e-12  0.2169000     7.8847     7.8826    -0.0020     6.2656     6.2640     46.067     47.108      0.535    1432.97    1432.97  0.000e+00
      35113     47.000     4.1381     4.1358    -0.0023    0.83621    0.83582          1     5.1151     4.9462      62.70     0.2457     0.2245  1.000e-12  0.2051000     7.9340     7.9307    -0.0034     6.3033     6.3006     46.563     47.614      0.517    1433.30    1433.28  0.000e+00
      35137     47.500     4.2570     4.2532    -0.0037    0.84508    0.84476          1     4.8366     4.7076      61.89     0.2481     0.2111  1.000e-12  0.2228000     7.9955     7.9932    -0.0023     6.3486     6.3469     47.058     48.120      0.515    1433.92    1433.90  0.000e+00
      35160     48.000     4.3654     4.3638    -0.0017    0.85255    0.85226          1     4.5936     4.5061      61.48     0.2571     0.1888  1.000e-12  0.2385000     8.0449     8.0424    -0.0025     6.3844     6.3824     47.553     48.626      0.534    1434.47    1434.46  0.000e+00
      35182     48.500     4.3636     4.3667     0.0031    0.85703    0.85689          1     4.3819     4.3258      60.81     0.2508     0.2072  1.000e-12  0.2549000     8.0908     8.0886    -0.0022     6.4208     6.4190     48.048     49.132      0.558    1434.53    1434.54  0.000e+00
      35203     49.000     4.4286     4.4275    -0.0010    0.86362    0.86339          1     4.2134     4.1756      59.94     0.2585     0.2071  1.000e-12  0.2594000     8.1415     8.1394    -0.0021     6.4589     6.4573     48.544     49.638      0.561    1434.89    1434.89  0.000e+00
      35225     49.500     4.2915     4.2997     0.0081    0.86531    0.86517          1     4.0942     4.0494      59.80     0.2686     0.2204  1.000e-12  0.2576000     8.1927     8.1892    -0.0035     6.5039     6.5009     49.039     50.144      0.544    1434.36    1434.39  0.000e+00
      35247     50.000     4.3184     4.3198     0.0014    0.87393    0.87364          1     3.9047     3.8655      59.44     0.2624     0.2322  1.000e-12  0.2464000     8.2736     8.2703    -0.0032     6.5673     6.5647     49.534     50.650      0.529    1434.59    1434.59  0.000e+00
      35270     50.500     4.3395     4.3401     0.0006    0.88178    0.88135          1     3.5456     3.5486      58.99     0.2724     0.2083  1.000e-12  0.2275000     8.3482     8.3436    -0.0046     6.6258     6.6221     50.030     51.156      0.529    1434.79    1434.78  0.000e+00
      35292     51.000     4.3801     4.3804     0.0003    0.89092    0.89058          1     3.2075     3.2512      58.49     0.2725     0.2158  1.000e-12  0.2671000     8.4308     8.4273    -0.0035     6.6900     6.6872     50.525     51.662      0.534    1435.08    1435.08  0.000e+00
      35315     51.500     4.4296     4.4295    -0.0002    0.90194    0.90137          1     2.9686     3.0247      57.89     0.2607     0.2272  1.000e-12  0.2790000     8.5302     8.5244    -0.0058     6.7671     6.7625     51.020     52.168      0.541    1435.44    1435.43  0.000e+00
      35337     52.000     4.4747     4.4756     0.0009    0.91349    0.91327          1     2.6968     2.7716      57.41     0.2603     0.1821  1.000e-12  0.2577000     8.6359     8.6335    -0.0024     6.8493     6.8474     51.515     52.674      0.552    1435.78    1435.78  0.000e+00
      35358     52.500     4.5030     4.5036     0.0006    0.91880    0.91852          1     2.4340     2.5241      57.06     0.2708     0.2215  1.000e-12  0.2455000     8.6825     8.6795    -0.0030     6.8852     6.8828     52.011     53.180      0.545    1435.97    1435.97  0.000e+00
      35381     53.000     4.5477     4.5485     0.0007    0.92858    0.92829          1     2.0623     2.1844      56.42     0.2751     0.2218  1.000e-12  0.2513000     8.7700     8.7669    -0.0032     6.9530     6.9504     52.506     53.685      0.521    1436.29    1436.29  0.000e+00
      35404     53.500     4.6053     4.6073     0.0020    0.94116    0.94097          1     1.5063     1.6981      55.79     0.2831     0.2323  1.000e-12  0.2713000     8.8825     8.8800    -0.0025     7.0399     7.0378     53.001     54.191      0.516    1436.70    1436.70  0.000e+00
      35427     54.000     4.6530     4.6540     0.0010    0.95055    0.95037          1     1.0748     1.3156      55.27     0.3050     0.2164  1.000e-12  0.2908000     8.9649     8.9629    -0.0020     7.1033     7.1017     53.497     54.697      0.537    1437.02    1437.02  0.000e+00
      35449     54.500     4.6728     4.6745     0.0017    0.95461    0.95453          1     0.9040     1.1441      58.49     0.3407     0.2148  1.000e-12  0.3173000     9.0007     8.9995    -0.0012     7.1309     7.1299     53.992     55.203      0.550    1437.16    1437.17  0.000e+00
      35471     55.000     4.7129     4.7132     0.0003    0.96068    0.96054          1     0.8693     1.0693      56.28     0.3210     0.2151  1.000e-12  0.3220000     9.0513     9.0499    -0.0015     7.1694     7.1682     54.487     55.708      0.546    1437.41    1437.41  0.000e+00
      35493     55.500     4.7512     4.7526     0.0014    0.96719    0.96703          1     0.8180     0.9881      53.61     0.3101     0.1950  1.000e-12  0.3450000     9.1068     9.1048    -0.0021     7.2118     7.2101     54.982     56.214      0.531    1437.66    1437.66  0.000e+00
      35516     56.000     4.7811     4.7828     0.0017    0.97355    0.97346          1     0.7144     0.8655      53.12     0.3091     0.2219  1.000e-12  0.3658000     9.1630     9.1616    -0.0014     7.2550     7.2538     55.478     56.719      0.522    1437.87    1437.87  0.000e+00
      35539     56.500     4.8106     4.8120     0.0013    0.97953    0.97944          1     0.5658     0.7188      52.59     0.3181     0.2350  1.000e-12  0.4050000     9.2154     9.2141    -0.0013     7.2952     7.2942     55.973     57.225      0.535    1438.07    1438.08  0.000e+00
