ctdpy/exports/archive_20191121_122431/received_data/SBE09_0827_20181011_2251_26_01_1074.cnv
* Sea-Bird SBE 9 Data File:
* FileName = D:\CTD_SBE911\DAT\26DA.2018.10.74.hex
* Software Version Seasave V 7.21d
* Temperature SN = 4548
* Conductivity SN = 3062
* Number of Bytes Per Scan = 48
* Number of Voltage Words = 5
* Number of Scans Averaged by the Deck Unit = 1
* NMEA Latitude = 56 21.97 N
* NMEA Longitude = 018 33.73 E
* NMEA UTC (Time) = Oct 11 2018  22:53:53
* NMEA baud rate = 4800
** Ship: DANA
** Average sound velocity: 1444.97 m/s
** True-depth calculation Thu, 28 Mar 2019 12:26:03 +0000
** CTD Python Module SMHI /ver 3-12/ feb 2012 
** LIMS Job: 20182601-1074
** Operator: Christian A-KTh
** Cruise: 10/2018
# nquan = 26
# nvalues = 133                         
# units = specified
# name 0 = scan: Scan Count
# name 1 = prDM: Pressure, Digiquartz [db]
# name 2 = t090C: Temperature [ITS-90, deg C]
# name 3 = t190C: Temperature, 2 [ITS-90, deg C]
# name 4 = T2-T190C: Temperature Difference, 2 - 1 [ITS-90, deg C]
# name 5 = c0S/m: Conductivity [S/m]
# name 6 = c1S/m: Conductivity, 2 [S/m]
# name 7 = pumps: Pump Status
# name 8 = sbeox1ML/L: Oxygen, SBE 43, 2 [ml/l]
# name 9 = sbeox0ML/L: Oxygen, SBE 43 [ml/l]
# name 10 = altM: Altimeter [m]
# name 11 = chloroflTC0: Chlorophyll, Turner Cyclops [ug/l]
# name 12 = cpar: CPAR/Corrected Irradiance [%]
# name 13 = par: PAR/Irradiance, Biospherical/Lico [µE/(cm^2*s)]
# name 14 = spar: SPAR, Biospherical/Licor
# name 15 = sal00: Salinity, Practical [PSU]
# name 16 = sal11: Salinity, Practical, 2 [PSU]
# name 17 = secS-priS: Salinity, Practical, Difference, 2 - 1 [PSU]
# name 18 = sigma-t00: Density [sigma-t, kg/m^3 ]
# name 19 = sigma-t11: Density, 2 [sigma-t, kg/m^3 ]
# name 20 = depSM: Depth [salt water, m], lat = 56.3662
# name 21 = depFM: Depth [true depth, m], lat = 56.3662
# name 22 = dz/dtM: Descent Rate [m/s], WS = 2
# name 23 = svCM: Sound Velocity [Chen-Millero, m/s]
# name 24 = svCM1: Sound Velocity, 2 [Chen-Millero, m/s]
# name 25 = flag: flag
# span 0 =        108,       8616       
# span 1 =      1.500,     67.500       
# span 2 =     3.4895,    10.4296       
# span 3 =     3.5007,    10.4293       
# span 4 =    -0.2207,     0.6538       
# span 5 =   0.775188,   0.975489       
# span 6 =   0.775597,   0.974299       
# span 7 =          1,          1       
# span 8 =     1.3274,     7.6898       
# span 9 =     1.2462,     7.2442       
# span 10 =       0.63,       9.97      
# span 11 =     0.0158,     0.0325      
# span 12 = 4.9241e-11, 4.9241e-11      
# span 13 = 1.0000e-12, 1.0000e-12      
# span 14 = 2.0308e+00, 2.0308e+00      
# span 15 =     7.1520,     9.1638      
# span 16 =     7.1521,     9.1538      
# span 17 =    -0.1964,     0.0084      
# span 18 =     5.2399,     7.2530      
# span 19 =     5.2399,     7.2455      
# span 20 =      1.486,     66.873      
# span 21 =      1.520,     68.355      
# span 22 =     -0.268,      0.430      
# span 23 =    1429.76,    1457.95      
# span 24 =    1429.81,    1457.95      
# span 25 = 0.0000e+00, 0.0000e+00      
# interval = decibars: 0.5              
# start_time = Oct 11 2018 22:53:53 [NMEA time, first data scan]
# bad_flag = -9.990e-29
*END*
        108      1.500    10.4275    10.4284     0.0009    0.89864    0.89862          1     7.4563     6.9808       9.97     0.0303  4.924e-11  1.000e-12  2.031e+00     7.1543     7.1539    -0.0003     5.2418     5.2415      1.486      1.520      0.157    1457.77    1457.77  0.000e+00
        463      2.000    10.4279    10.4282     0.0002    0.89874    0.89874          1     7.4549     6.9792       9.97     0.0315  4.924e-11  1.000e-12  2.031e+00     7.1550     7.1549    -0.0001     5.2423     5.2423      1.982      2.026      0.256    1457.78    1457.78  0.000e+00
        511      2.500    10.4278    10.4282     0.0004    0.89878    0.89878          1     7.4551     6.9793       9.97     0.0317  4.924e-11  1.000e-12  2.031e+00     7.1553     7.1552    -0.0000     5.2426     5.2425      2.477      2.533      0.430    1457.79    1457.79  0.000e+00
        556      3.000    10.4286    10.4283    -0.0002    0.89878    0.89878          1     7.4529     6.9857       9.97     0.0319  4.924e-11  1.000e-12  2.031e+00     7.1551     7.1551     0.0000     5.2423     5.2424      2.973      3.040      0.283    1457.80    1457.80  0.000e+00
        620      3.500    10.4291    10.4287    -0.0005    0.89875    0.89878          1     7.4516     6.9829       9.97     0.0306  4.924e-11  1.000e-12  2.031e+00     7.1547     7.1550     0.0003     5.2420     5.2423      3.468      3.546      0.406    1457.81    1457.81  0.000e+00
        646      4.000    10.4286    10.4289     0.0002    0.89878    0.89881          1     7.4539     6.9742       9.97     0.0308  4.924e-11  1.000e-12  2.031e+00     7.1550     7.1552     0.0002     5.2423     5.2424      3.963      4.053      0.366    1457.81    1457.82  0.000e+00
        715      4.500    10.4204    10.4293     0.0088    0.89892    0.89878          1     7.4610     6.9747       9.97     0.0325  4.924e-11  1.000e-12  2.031e+00     7.1577     7.1548    -0.0029     5.2453     5.2421      4.459      4.560      0.280    1457.79    1457.83  0.000e+00
        752      5.000    10.4267    10.4240    -0.0027    0.89881    0.89885          1     7.4567     6.9749       9.97     0.0314  4.924e-11  1.000e-12  2.031e+00     7.1555     7.1564     0.0009     5.2429     5.2438      4.954      5.066      0.373    1457.82    1457.81  0.000e+00
        808      5.500    10.4273    10.4271    -0.0002    0.89875    0.89879          1     7.4523     6.9804       9.97     0.0313  4.924e-11  1.000e-12  2.031e+00     7.1548     7.1552     0.0003     5.2423     5.2426      5.450      5.573      0.250    1457.84    1457.83  0.000e+00
        858      6.000    10.4296    10.4281    -0.0015    0.89858    0.89872          1     7.4448     6.9794       9.97     0.0295  4.924e-11  1.000e-12  2.031e+00     7.1528     7.1544     0.0016     5.2405     5.2419      5.945      6.079      0.358    1457.85    1457.84  0.000e+00
        896      6.500    10.4266    10.4272     0.0006    0.89854    0.89857          1     7.4460     6.9663       9.97     0.0299  4.924e-11  1.000e-12  2.031e+00     7.1530     7.1532     0.0002     5.2410     5.2410      6.441      6.586      0.251    1457.85    1457.85  0.000e+00
        953      7.000    10.4294    10.4284    -0.0010    0.89849    0.89853          1     7.4495     6.9588       9.97     0.0300  4.924e-11  1.000e-12  2.031e+00     7.1520     7.1526     0.0006     5.2399     5.2404      6.936      7.093      0.247    1457.86    1457.86  0.000e+00
        994      7.500    10.4278    10.4293     0.0015    0.89849    0.89850          1     7.4422     6.9740       9.97     0.0294  4.924e-11  1.000e-12  2.031e+00     7.1522     7.1521    -0.0002     5.2402     5.2399      7.431      7.599      0.284    1457.86    1457.87  0.000e+00
       1047      8.000    10.4217    10.4246     0.0029    0.89857    0.89855          1     7.4437     6.9742       9.97     0.0299  4.924e-11  1.000e-12  2.031e+00     7.1541     7.1533    -0.0007     5.2423     5.2415      7.927      8.106      0.210    1457.85    1457.86  0.000e+00
       1097      8.500    10.4187    10.4211     0.0024    0.89863    0.89860          1     7.4385     6.9708       9.97     0.0301  4.924e-11  1.000e-12  2.031e+00     7.1551     7.1544    -0.0007     5.2435     5.2427      8.422      8.612      0.260    1457.85    1457.86  0.000e+00
       1147      9.000    10.4136    10.4161     0.0025    0.89870    0.89869          1     7.4438     6.9698       9.97     0.0307  4.924e-11  1.000e-12  2.031e+00     7.1567     7.1561    -0.0006     5.2453     5.2446      8.918      9.119      0.233    1457.84    1457.85  0.000e+00
       1195      9.500    10.4137    10.4148     0.0011    0.89873    0.89872          1     7.4447     6.9725       9.97     0.0318  4.924e-11  1.000e-12  2.031e+00     7.1569     7.1566    -0.0003     5.2454     5.2451      9.413      9.626      0.250    1457.85    1457.85  0.000e+00
       1247     10.000    10.4102    10.4127     0.0025    0.89882    0.89878          1     7.4400     6.9794       9.97     0.0323  4.924e-11  1.000e-12  2.031e+00     7.1583     7.1575    -0.0008     5.2469     5.2460      9.908     10.132      0.230    1457.84    1457.85  0.000e+00
       1293     10.500    10.4100    10.4107     0.0007    0.89883    0.89884          1     7.4378     6.9718       9.97     0.0312  4.924e-11  1.000e-12  2.031e+00     7.1583     7.1583    -0.0000     5.2469     5.2468     10.404     10.639      0.281    1457.85    1457.85  0.000e+00
       1343     11.000    10.4091    10.4102     0.0010    0.89882    0.89884          1     7.4418     6.9697       9.97     0.0310  4.924e-11  1.000e-12  2.031e+00     7.1584     7.1583    -0.0001     5.2471     5.2469     10.899     11.145      0.211    1457.86    1457.86  0.000e+00
       1396     11.500    10.4131    10.4119    -0.0012    0.89877    0.89880          1     7.4501     6.9672       9.97     0.0315  4.924e-11  1.000e-12  2.031e+00     7.1571     7.1576     0.0005     5.2457     5.2462     11.395     11.652      0.282    1457.88    1457.87  0.000e+00
       1437     12.000    10.4131    10.4133     0.0003    0.89876    0.89878          1     7.4482     6.9727       9.97     0.0311  4.924e-11  1.000e-12  2.031e+00     7.1570     7.1571     0.0001     5.2456     5.2456     11.890     12.159      0.261    1457.89    1457.89  0.000e+00
       1493     12.500    10.4147    10.4131    -0.0015    0.89875    0.89877          1     7.4477     6.9751       9.97     0.0308  4.924e-11  1.000e-12  2.031e+00     7.1565     7.1570     0.0005     5.2450     5.2456     12.385     12.665      0.215    1457.90    1457.89  0.000e+00
       1539     13.000    10.4239    10.4193    -0.0046    0.89866    0.89874          1     7.4453     6.9714       9.97     0.0307  4.924e-11  1.000e-12  2.031e+00     7.1539     7.1555     0.0016     5.2420     5.2437     12.881     13.172      0.298    1457.94    1457.92  0.000e+00
       1583     13.500    10.4204    10.4209     0.0005    0.89868    0.89870          1     7.4460     6.9724       9.97     0.0306  4.924e-11  1.000e-12  2.031e+00     7.1547     7.1548     0.0001     5.2429     5.2430     13.376     13.679      0.235    1457.94    1457.94  0.000e+00
       1638     14.000    10.4173    10.4218     0.0045    0.89874    0.89868          1     7.4402     6.9784       9.97     0.0312  4.924e-11  1.000e-12  2.031e+00     7.1558     7.1544    -0.0014     5.2442     5.2426     13.872     14.185      0.267    1457.93    1457.95  0.000e+00
       1674     14.500    10.4192    10.4153    -0.0039    0.89868    0.89878          1     7.4333     6.9821       9.97     0.0307  4.924e-11  1.000e-12  2.031e+00     7.1548     7.1564     0.0016     5.2432     5.2449     14.367     14.692      0.333    1457.95    1457.93  0.000e+00
       1720     15.000    10.3997    10.4155     0.0157    0.89907    0.89879          1     7.4263     6.9732       9.97     0.0306  4.924e-11  1.000e-12  2.031e+00     7.1620     7.1565    -0.0055     5.2509     5.2449     14.863     15.198      0.224    1457.89    1457.94  0.000e+00
       1769     15.500    10.3821    10.3854     0.0035    0.89942    0.89934          1     7.4233     6.9614       9.97     0.0305  4.924e-11  1.000e-12  2.031e+00     7.1684     7.1670    -0.0014     5.2579     5.2564     15.358     15.705      0.309    1457.84    1457.85  0.000e+00
       1807     16.000    10.3725    10.3755     0.0030    0.89951    0.89953          1     7.4205     6.9633       9.97     0.0301  4.924e-11  1.000e-12  2.031e+00     7.1709     7.1705    -0.0004     5.2609     5.2603     15.853     16.212      0.289    1457.81    1457.82  0.000e+00
       1853     16.500    10.3595    10.3876     0.0280    0.89968    0.89930          1     7.4131     6.9676       9.97     0.0314  4.924e-11  1.000e-12  2.031e+00     7.1749     7.1661    -0.0088     5.2655     5.2555     16.349     16.718      0.237    1457.77    1457.87  0.000e+00
       1905     17.000    10.3146    10.3433     0.0289    0.90031    0.89991          1     7.3967     6.9631       9.97     0.0311  4.924e-11  1.000e-12  2.031e+00     7.1891     7.1800    -0.0091     5.2815     5.2712     16.844     17.225      0.257    1457.63    1457.73  0.000e+00
       1945     17.500    10.2799    10.3220     0.0418    0.90077    0.90026          1     7.3965     6.9631       9.97     0.0293  4.924e-11  1.000e-12  2.031e+00     7.1998     7.1871    -0.0127     5.2936     5.2791     17.339     17.731      0.327    1457.51    1457.66  0.000e+00
       1983     18.000    10.2584    10.2870     0.0286    0.90103    0.90072          1     7.3673     6.9476       9.97     0.0296  4.924e-11  1.000e-12  2.031e+00     7.2063     7.1979    -0.0084     5.3010     5.2914     17.835     18.238      0.276    1457.44    1457.54  0.000e+00
       2031     18.500    10.1942    10.2280     0.0338    0.90162    0.90137          1     7.3528     6.9140       9.97     0.0295  4.924e-11  1.000e-12  2.031e+00     7.2240     7.2152    -0.0088     5.3218     5.3113     18.330     18.745      0.262    1457.23    1457.35  0.000e+00
       2071     19.000    10.2125    10.2072    -0.0053    0.90150    0.90162          1     7.3781     6.9062       9.97     0.0293  4.924e-11  1.000e-12  2.031e+00     7.2193     7.2214     0.0021     5.3162     5.3184     18.826     19.251      0.325    1457.30    1457.28  0.000e+00
       2110     19.500    10.2304    10.2044    -0.0259    0.90128    0.90166          1     7.3822     6.9054       9.97     0.0296  4.924e-11  1.000e-12  2.031e+00     7.2138     7.2222     0.0084     5.3100     5.3193     19.321     19.758      0.267    1457.37    1457.28  0.000e+00
       2165     20.000    10.1779    10.2012     0.0231    0.90123    0.90134          1     7.3958     6.9182       9.97     0.0299  4.924e-11  1.000e-12  2.031e+00     7.2237     7.2200    -0.0037     5.3234     5.3180     19.816     20.264      0.214    1457.19    1457.27  0.000e+00
       2212     20.500    10.2150    10.1743    -0.0405    0.90141    0.90141          1     7.3667     6.9406       9.97     0.0295  4.924e-11  1.000e-12  2.031e+00     7.2178     7.2259     0.0081     5.3148     5.3255     20.312     20.771      0.317    1457.33    1457.18  0.000e+00
       2249     21.000    10.1422    10.1742     0.0319    0.90221    0.90166          1     7.3202     6.9154       9.97     0.0296  4.924e-11  1.000e-12  2.031e+00     7.2392     7.2281    -0.0111     5.3393     5.3272     20.807     21.277      0.271    1457.08    1457.19  0.000e+00
       2303     21.500    10.1083    10.1306     0.0223    0.90339    0.90253          1     7.3015     6.8729       9.97     0.0297  4.924e-11  1.000e-12  2.031e+00     7.2560     7.2441    -0.0119     5.3561     5.3444     21.303     21.784      0.253    1456.98    1457.05  0.000e+00
       2338     22.000    10.1041    10.1166     0.0125    0.90384    0.90333          1     7.2991     6.8548       9.97     0.0272  4.924e-11  1.000e-12  2.031e+00     7.2607     7.2539    -0.0069     5.3602     5.3535     21.798     22.291      0.388    1456.98    1457.02  0.000e+00
       2373     22.500    10.1010    10.1057     0.0048    0.90384    0.90383          1     7.3075     6.8509       9.97     0.0271  4.924e-11  1.000e-12  2.031e+00     7.2613     7.2603    -0.0010     5.3610     5.3597     22.293     22.797      0.258    1456.97    1456.99  0.000e+00
       2432     23.000    10.0976    10.1031     0.0055    0.90384    0.90394          1     7.3193     6.8565       9.97     0.0274  4.924e-11  1.000e-12  2.031e+00     7.2619     7.2617    -0.0002     5.3619     5.3611     22.789     23.304      0.276    1456.97    1456.99  0.000e+00
       2469     23.500    10.0937    10.0997     0.0060    0.90373    0.90391          1     7.3180     6.8530       9.97     0.0269  4.924e-11  1.000e-12  2.031e+00     7.2616     7.2621     0.0004     5.3621     5.3617     23.284     23.810      0.308    1456.96    1456.99  0.000e+00
       2514     24.000    10.0899    10.0938     0.0039    0.90366    0.90376          1     7.3132     6.8574       9.97     0.0274  4.924e-11  1.000e-12  2.031e+00     7.2618     7.2618     0.0001     5.3626     5.3622     23.779     24.317      0.254    1456.96    1456.97  0.000e+00
       2558     24.500    10.0833    10.0910     0.0077    0.90349    0.90371          1     7.3196     6.8586       9.97     0.0269  4.924e-11  1.000e-12  2.031e+00     7.2615     7.2620     0.0004     5.3631     5.3626     24.275     24.823      0.290    1456.94    1456.97  0.000e+00
       2599     25.000    10.0696    10.0826     0.0130    0.90318    0.90351          1     7.3161     6.8685       9.97     0.0268  4.924e-11  1.000e-12  2.031e+00     7.2616     7.2618     0.0003     5.3646     5.3634     24.770     25.330      0.280    1456.89    1456.94  0.000e+00
       2646     25.500    10.0425    10.0600     0.0175    0.90259    0.90302          1     7.3157     6.8622       9.97     0.0279  4.924e-11  1.000e-12  2.031e+00     7.2618     7.2620     0.0002     5.3677     5.3660     25.266     25.836      0.255    1456.80    1456.86  0.000e+00
       2688     26.000    10.0162    10.0402     0.0240    0.90198    0.90258          1     7.3030     6.8618       9.97     0.0268  4.924e-11  1.000e-12  2.031e+00     7.2617     7.2621     0.0004     5.3705     5.3682     25.761     26.343      0.295    1456.70    1456.79  0.000e+00
       2737     26.500    10.0062    10.0172     0.0110    0.90179    0.90206          1     7.3172     6.8628       9.97     0.0271  4.924e-11  1.000e-12  2.031e+00     7.2621     7.2622     0.0001     5.3718     5.3707     26.256     26.849      0.210    1456.67    1456.71  0.000e+00
       2792     27.000     9.9994    10.0074     0.0080    0.90168    0.90186          1     7.3186     6.8658       9.97     0.0275  4.924e-11  1.000e-12  2.031e+00     7.2623     7.2624     0.0000     5.3728     5.3719     26.752     27.356      0.304    1456.65    1456.68  0.000e+00
       2825     27.500     9.9966    10.0009     0.0044    0.90164    0.90174          1     7.3089     6.8589       9.97     0.0264  4.924e-11  1.000e-12  2.031e+00     7.2625     7.2625     0.0000     5.3732     5.3727     27.247     27.863      0.334    1456.65    1456.67  0.000e+00
       2873     28.000     9.9892     9.9943     0.0051    0.90151    0.90163          1     7.3107     6.8665       9.97     0.0269  4.924e-11  1.000e-12  2.031e+00     7.2629     7.2628    -0.0000     5.3742     5.3737     27.742     28.369      0.215    1456.63    1456.65  0.000e+00
       2923     28.500     9.9856     9.9906     0.0049    0.90147    0.90157          1     7.3048     6.8619       9.97     0.0272  4.924e-11  1.000e-12  2.031e+00     7.2632     7.2631    -0.0001     5.3749     5.3743     28.238     28.876      0.299    1456.62    1456.64  0.000e+00
