ctdpy/exports/archive_20191121_122431/received_data/SBE09_0827_20180129_0608_26_01_0251.cnv
* Sea-Bird SBE 9 Data File:
* FileName = D:\CTD_SBE911\DAT\26DA.2018.1.151.hex
* Software Version Seasave V 7.21d
* Temperature SN = 034757
* Conductivity SN = 041844
* Number of Bytes Per Scan = 48
* Number of Voltage Words = 5
* Number of Scans Averaged by the Deck Unit = 1
* NMEA Latitude = 57 54.44 N
* NMEA Longitude = 011 10.70 E
* NMEA UTC (Time) = Jan 29 2018  06:08:18
* NMEA baud rate = 4800
** Ship: DANA
** Average sound velocity: 1473.24 m/s
** True-depth calculation Thu, 28 Mar 2019 08:33:38 +0000
** CTD Python Module SMHI /ver 3-12/ feb 2012 
** LIMS Job: 20182601-0251
** 13 Marstrand
** Operator: Ronny Sørensen
** Cruise: 01/2018
# nquan = 26
# nvalues = 129                         
# units = specified
# name 0 = scan: Scan Count
# name 1 = prDM: Pressure, Digiquartz [db]
# name 2 = t090C: Temperature [ITS-90, deg C]
# name 3 = t190C: Temperature, 2 [ITS-90, deg C]
# name 4 = T2-T190C: Temperature Difference, 2 - 1 [ITS-90, deg C]
# name 5 = c0S/m: Conductivity [S/m]
# name 6 = c1S/m: Conductivity, 2 [S/m]
# name 7 = pumps: Pump Status
# name 8 = sbeox1ML/L: Oxygen, SBE 43, 2 [ml/l]
# name 9 = sbeox0ML/L: Oxygen, SBE 43 [ml/l]
# name 10 = altM: Altimeter [m]
# name 11 = chloroflTC0: Chlorophyll, Turner Cyclops [ug/l]
# name 12 = cpar: CPAR/Corrected Irradiance [%]
# name 13 = par: PAR/Irradiance, Biospherical/Lico [µE/(cm^2*s)]
# name 14 = spar: SPAR, Biospherical/Licor
# name 15 = sal00: Salinity, Practical [PSU]
# name 16 = sal11: Salinity, Practical, 2 [PSU]
# name 17 = secS-priS: Salinity, Practical, Difference, 2 - 1 [PSU]
# name 18 = sigma-t00: Density [sigma-t, kg/m^3 ]
# name 19 = sigma-t11: Density, 2 [sigma-t, kg/m^3 ]
# name 20 = depSM: Depth [salt water, m], lat = 57.9073
# name 21 = depFM: Depth [true depth, m], lat = 57.9073
# name 22 = dz/dtM: Descent Rate [m/s], WS = 2
# name 23 = svCM: Sound Velocity [Chen-Millero, m/s]
# name 24 = svCM1: Sound Velocity, 2 [Chen-Millero, m/s]
# name 25 = flag: flag
# span 0 =        -30,       7641       
# span 1 =      2.000,     66.000       
# span 2 =     5.8834,     5.9549       
# span 3 =     5.8813,     5.9545       
# span 4 =    -0.0088,     0.0083       
# span 5 =   3.307983,   3.310611       
# span 6 =   3.306919,   3.309924       
# span 7 =          1,          1       
# span 8 =     6.2490,     6.3760       
# span 9 =     6.4271,     6.4615       
# span 10 =       1.85,       9.95      
# span 11 =     0.0225,     0.5551      
# span 12 = -3.761e-02, 5.2066e+01      
# span 13 = 1.0000e-12, 1.0000e-12      
# span 14 = 2.0297e+00, 2.0308e+00      
# span 15 =    33.5968,    33.6482      
# span 16 =    33.5860,    33.6424      
# span 17 =    -0.0132,    -0.0005      
# span 18 =    26.4500,    26.4989      
# span 19 =    26.4417,    26.4945      
# span 20 =      1.982,     65.378      
# span 21 =      1.985,     65.489      
# span 22 =     -0.078,      0.696      
# span 23 =    1472.81,    1473.64      
# span 24 =    1472.79,    1473.63      
# span 25 = 0.0000e+00, 0.0000e+00      
# interval = decibars: 0.5              
# start_time = Jan 29 2018 06:08:18 [NMEA time, first data scan]
# bad_flag = -9.990e-29
*END*
[from data line 56]
       3058     30.000     5.9047     5.9068     0.0021    3.30845    3.30808          1     6.3224     6.4525       9.95     0.0834  4.924e-11  1.000e-12  2.031e+00    33.6340    33.6278    -0.0062    26.4851    26.4799     29.720     29.768      0.285    1473.13    1473.13  0.000e+00
       3091     30.500     5.9027     5.9051     0.0024    3.30841    3.30810          1     6.3040     6.4471       9.95     0.0864  4.924e-11  1.000e-12  2.031e+00    33.6352    33.6293    -0.0059    26.4863    26.4814     30.215     30.264      0.395    1473.13    1473.13  0.000e+00
       3126     31.000     5.9044     5.9043    -0.0001    3.30857    3.30805          1     6.3118     6.4427       9.95     0.0753  4.924e-11  1.000e-12  2.031e+00    33.6351    33.6293    -0.0058    26.4860    26.4815     30.711     30.761      0.249    1473.15    1473.14  0.000e+00
       3188     31.500     5.9051     5.9040    -0.0011    3.30859    3.30801          1     6.3170     6.4416       9.95     0.0747  4.924e-11  1.000e-12  2.031e+00    33.6344    33.6290    -0.0055    26.4854    26.4812     31.206     31.257      0.283    1473.16    1473.15  0.000e+00
       3224     32.000     5.9071     5.9041    -0.0030    3.30871    3.30801          1     6.3216     6.4523       9.95     0.0808  4.924e-11  1.000e-12  2.031e+00    33.6335    33.6286    -0.0050    26.4845    26.4809     31.701     31.753      0.289    1473.17    1473.15  0.000e+00
       3298     32.500     5.9076     5.9065    -0.0011    3.30870    3.30811          1     6.3624     6.4476       9.95     0.0826  4.924e-11  1.000e-12  2.031e+00    33.6326    33.6271    -0.0056    26.4837    26.4794     32.197     32.249      0.260    1473.18    1473.17  0.000e+00
       3340     33.000     5.9092     5.9092    -0.0001    3.30877    3.30825          1     6.3402     6.4448       9.95     0.0834  4.924e-11  1.000e-12  2.031e+00    33.6316    33.6257    -0.0059    26.4827    26.4780     32.692     32.745      0.410    1473.20    1473.19  0.000e+00
       3367     33.500     5.9149     5.9065    -0.0083    3.30905    3.30816          1     6.3460     6.4531       9.95     0.0732  4.924e-11  1.000e-12  2.031e+00    33.6288    33.6271    -0.0017    26.4797    26.4794     33.187     33.241      0.418    1473.22    1473.19  0.000e+00
       3400     34.000     5.9172     5.9085    -0.0088    3.30921    3.30823          1     6.3688     6.4501       9.95     0.0754  4.924e-11  1.000e-12  2.031e+00    33.6281    33.6256    -0.0025    26.4789    26.4780     33.682     33.737      0.274    1473.24    1473.20  0.000e+00
       3492     34.500     5.9188     5.9148    -0.0040    3.30927    3.30841          1     6.3023     6.4394       9.95     0.0767  4.924e-11  1.000e-12  2.031e+00    33.6269    33.6212    -0.0057    26.4777    26.4737     34.178     34.233      0.344    1473.25    1473.23  0.000e+00
       3516     35.000     5.9196     5.9182    -0.0013    3.30931    3.30867          1     6.3216     6.4413       9.95     0.0724  4.924e-11  1.000e-12  2.031e+00    33.6263    33.6204    -0.0059    26.4772    26.4727     34.673     34.730      0.485    1473.26    1473.25  0.000e+00
       3543     35.500     5.9195     5.9178    -0.0016    3.30935    3.30870          1     6.3411     6.4439       9.95     0.0656  4.924e-11  1.000e-12  2.031e+00    33.6266    33.6210    -0.0056    26.4775    26.4732     35.168     35.226      0.332    1473.27    1473.26  0.000e+00
       3626     36.000     5.9193     5.9177    -0.0015    3.30940    3.30869          1     6.2490     6.4467       9.95     0.0664  4.924e-11  1.000e-12  2.031e+00    33.6272    33.6207    -0.0066    26.4780    26.4729     35.664     35.722      0.220    1473.28    1473.26  0.000e+00
       3680     36.500     5.9195     5.9180    -0.0014    3.30947    3.30875          1     6.2904     6.4447       9.95     0.0630  4.924e-11  1.000e-12  2.031e+00    33.6275    33.6208    -0.0067    26.4781    26.4730     36.159     36.218      0.268    1473.29    1473.27  0.000e+00
       3718     37.000     5.9194     5.9185    -0.0009    3.30944    3.30885          1     6.3204     6.4494       9.95     0.0662  4.924e-11  1.000e-12  2.031e+00    33.6270    33.6212    -0.0058    26.4777    26.4733     36.654     36.714      0.378    1473.29    1473.28  0.000e+00
       3746     37.500     5.9188     5.9181    -0.0007    3.30950    3.30887          1     6.3336     6.4439       9.95     0.0648  4.924e-11  1.000e-12  2.031e+00    33.6280    33.6216    -0.0065    26.4787    26.4736     37.149     37.210      0.436    1473.30    1473.29  0.000e+00
       3776     38.000     5.9191     5.9179    -0.0011    3.30954    3.30893          1     6.3509     6.4485       9.95     0.0633  4.924e-11  1.000e-12  2.031e+00    33.6279    33.6222    -0.0057    26.4785    26.4741     37.645     37.706      0.336    1473.31    1473.30  0.000e+00
       3867     38.500     5.9194     5.9181    -0.0013    3.30961    3.30892          1     6.3209     6.4451       9.95     0.0712  4.924e-11  1.000e-12  2.031e+00    33.6282    33.6217    -0.0065    26.4787    26.4737     38.140     38.203      0.277    1473.32    1473.31  0.000e+00
       3912     39.000     5.9194     5.9181    -0.0013    3.30965    3.30900          1     6.3634     6.4396       9.95     0.0687  4.924e-11  1.000e-12  2.031e+00    33.6283    33.6223    -0.0060    26.4788    26.4742     38.635     38.699      0.345    1473.33    1473.32  0.000e+00
       3957     39.500     5.9195     5.9182    -0.0012    3.30969    3.30903          1     6.3523     6.4329       9.95     0.0625  4.924e-11  1.000e-12  2.031e+00    33.6285    33.6223    -0.0063    26.4790    26.4742     39.131     39.195      0.223    1473.34    1473.32  0.000e+00
       4010     40.000     5.9200     5.9184    -0.0016    3.30976    3.30905          1     6.3121     6.4547       9.95     0.0746  4.924e-11  1.000e-12  2.031e+00    33.6284    33.6222    -0.0063    26.4788    26.4741     39.626     39.691      0.439    1473.35    1473.33  0.000e+00
       4029     40.500     5.9201     5.9191    -0.0011    3.30977    3.30915          1     6.3067     6.4615       9.95     0.0679  4.924e-11  1.000e-12  2.031e+00    33.6282    33.6223    -0.0059    26.4786    26.4741     40.121     40.187      0.624    1473.36    1473.35  0.000e+00
       4048     41.000     5.9188     5.9183    -0.0005    3.30969    3.30915          1     6.3058     6.4557       9.95     0.0694  4.924e-11  1.000e-12  2.031e+00    33.6284    33.6227    -0.0057    26.4789    26.4745     40.616     40.683      0.569    1473.36    1473.35  0.000e+00
       4114     41.500     5.9165     5.9156    -0.0008    3.30957    3.30903          1     6.2902     6.4452       9.95     0.0656  4.924e-11  1.000e-12  2.031e+00    33.6291    33.6238    -0.0053    26.4798    26.4757     41.112     41.179      0.442    1473.36    1473.35  0.000e+00
       4187     42.000     5.9051     5.9134     0.0083    3.30894    3.30901          1     6.2888     6.4453       9.95     0.0675  4.924e-11  1.000e-12  2.031e+00    33.6331    33.6256    -0.0075    26.4843    26.4774     41.607     41.675      0.696    1473.33    1473.35  0.000e+00
       4206     42.500     5.9075     5.9079     0.0004    3.30912    3.30869          1     6.2939     6.4483       9.95     0.0661  4.924e-11  1.000e-12  2.031e+00    33.6324    33.6273    -0.0052    26.4835    26.4794     42.102     42.172      0.484    1473.34    1473.34  0.000e+00
       4307     43.000     5.9092     5.9128     0.0036    3.30920    3.30893          1     6.3251     6.4464       9.95     0.0692  4.924e-11  1.000e-12  2.031e+00    33.6314    33.6248    -0.0066    26.4825    26.4768     42.597     42.668      0.504    1473.36    1473.36  0.000e+00
       4328     43.500     5.9084     5.9090     0.0005    3.30918    3.30879          1     6.3254     6.4495       9.95     0.0684  4.924e-11  1.000e-12  2.031e+00    33.6318    33.6268    -0.0050    26.4829    26.4789     43.093     43.164      0.578    1473.36    1473.36  0.000e+00
       4352     44.000     5.9063     5.9065     0.0002    3.30912    3.30867          1     6.3487     6.4510       9.95     0.0686  4.924e-11  1.000e-12  2.031e+00    33.6329    33.6276    -0.0053    26.4840    26.4798     43.588     43.660      0.355    1473.37    1473.36  0.000e+00
       4420     44.500     5.9032     5.9075     0.0042    3.30907    3.30874          1     6.2827     6.4466       9.95     0.0704  4.924e-11  1.000e-12  2.031e+00    33.6351    33.6272    -0.0079    26.4862    26.4794     44.083     44.156      0.268    1473.36    1473.37  0.000e+00
       4456     45.000     5.8998     5.9000     0.0003    3.30907    3.30854          1     6.3350     6.4427       9.95     0.0744  4.924e-11  1.000e-12  2.031e+00    33.6383    33.6321    -0.0062    26.4891    26.4842     44.578     44.652      0.350    1473.36    1473.36  0.000e+00
       4541     45.500     5.9004     5.9014     0.0011    3.30915    3.30863          1     6.3236     6.4401       9.95     0.0710  4.924e-11  1.000e-12  2.031e+00    33.6384    33.6314    -0.0070    26.4891    26.4835     45.074     45.148      0.262    1473.37    1473.37  0.000e+00
       4590     46.000     5.8996     5.8998     0.0002    3.30917    3.30861          1     6.3331     6.4380       9.95     0.0740  4.924e-11  1.000e-12  2.031e+00    33.6391    33.6327    -0.0064    26.4898    26.4847     45.569     45.644      0.435    1473.38    1473.37  0.000e+00
       4619     46.500     5.8981     5.8983     0.0003    3.30915    3.30859          1     6.3357     6.4434       9.95     0.0824  4.924e-11  1.000e-12  2.031e+00    33.6402    33.6336    -0.0066    26.4908    26.4855     46.064     46.141      0.397    1473.38    1473.37  0.000e+00
       4650     47.000     5.8992     5.8992     0.0000    3.30922    3.30868          1     6.3437     6.4548       9.95     0.0800  4.924e-11  1.000e-12  2.031e+00    33.6396    33.6334    -0.0062    26.4902    26.4853     46.560     46.637      0.414    1473.40    1473.39  0.000e+00
       4677     47.500     5.9001     5.8984    -0.0018    3.30928    3.30869          1     6.3419     6.4404       9.95     0.0834  4.924e-11  1.000e-12  2.031e+00    33.6391    33.6342    -0.0049    26.4897    26.4861     47.055     47.133      0.396    1473.41    1473.39  0.000e+00
       4773     48.000     5.8998     5.8983    -0.0015    3.30925    3.30864          1     6.3117     6.4379       9.95     0.0799  4.924e-11  1.000e-12  2.031e+00    33.6387    33.6335    -0.0053    26.4894    26.4855     47.550     47.629      0.256    1473.41    1473.40  0.000e+00
       4823     48.500     5.8967     5.8975     0.0008    3.30914    3.30866          1     6.3049     6.4503       9.95     0.0848  4.924e-11  1.000e-12  2.031e+00    33.6404    33.6343    -0.0062    26.4912    26.4862     48.045     48.125      0.379    1473.41    1473.40  0.000e+00
       4855     49.000     5.8854     5.8859     0.0005    3.30877    3.30831          1     6.3321     6.4547       9.95     0.0837  4.924e-11  1.000e-12  2.031e+00    33.6472    33.6415    -0.0057    26.4979    26.4933     48.541     48.621      0.352    1473.38    1473.37  0.000e+00
       4891     49.500     5.8858     5.8827    -0.0031    3.30867    3.30796          1     6.3461     6.4496       9.95     0.0915  4.924e-11  1.000e-12  2.031e+00    33.6455    33.6406    -0.0049    26.4965    26.4930     49.036     49.117      0.314    1473.39    1473.37  0.000e+00
       4933     50.000     5.8863     5.8823    -0.0040    3.30869    3.30792          1     6.3408     6.4483       9.95     0.0981  4.924e-11  1.000e-12  2.031e+00    33.6449    33.6403    -0.0046    26.4960    26.4928     49.531     49.613      0.230    1473.40    1473.38  0.000e+00
       5016     50.500     5.8880     5.8833    -0.0048    3.30882    3.30804          1     6.3151     6.4450       9.95     0.1114  4.924e-11  1.000e-12  2.031e+00    33.6444    33.6403    -0.0041    26.4954    26.4928     50.026     50.110      0.269    1473.41    1473.39  0.000e+00
       5054     51.000     5.8837     5.8826    -0.0011    3.30873    3.30813          1     6.2711     6.4357       9.95     0.1232  4.924e-11  1.000e-12  2.031e+00    33.6475    33.6417    -0.0058    26.4984    26.4939     50.522     50.606      0.449    1473.41    1473.40  0.000e+00
       5079     51.500     5.8838     5.8829    -0.0009    3.30880    3.30821          1     6.3054     6.4392       9.95     0.1419  4.924e-11  1.000e-12  2.031e+00    33.6479    33.6422    -0.0057    26.4987    26.4943     51.017     51.102      0.471    1473.42    1473.41  0.000e+00
       5108     52.000     5.8839     5.8829    -0.0010    3.30886    3.30826          1     6.3450     6.4461       9.95     0.1439  1.808e-07  1.000e-12  2.031e+00    33.6482    33.6424    -0.0058    26.4989    26.4945     51.512     51.598      0.347    1473.43    1473.41  0.000e+00
       5219     52.500     5.8859     5.8828    -0.0032    3.30888    3.30812          1     6.3332     6.4353       9.95     0.1333  5.553e+00  1.000e-12  2.031e+00    33.6461    33.6408    -0.0054    26.4970    26.4932     52.007     52.094      0.389    1473.44    1473.42  0.000e+00
       5252     53.000     5.8846     5.8827    -0.0019    3.30877    3.30813          1     6.3159     6.4364       9.95     0.1416 -3.761e-02  1.000e-12  2.031e+00    33.6460    33.6406    -0.0053    26.4971    26.4931     52.502     52.590      0.589    1473.44    1473.43  0.000e+00
       5272     53.500     5.8839     5.8829    -0.0010    3.30877    3.30816          1     6.3015     6.4331       9.95     0.1461  4.924e-11  1.000e-12  2.031e+00    33.6464    33.6406    -0.0058    26.4975    26.4930     52.998     53.086      0.535    1473.45    1473.44  0.000e+00
       5300     54.000     5.8839     5.8828    -0.0011    3.30879    3.30819          1     6.3099     6.4271       9.95     0.1473  4.924e-11  1.000e-12  2.031e+00    33.6465    33.6407    -0.0058    26.4975    26.4931     53.493     53.582      0.290    1473.46    1473.44  0.000e+00
       5388     54.500     5.8845     5.8832    -0.0014    3.30885    3.30825          1     6.3021     6.4449       9.95     0.1452  4.924e-11  1.000e-12  2.031e+00    33.6462    33.6408    -0.0055    26.4973    26.4931     53.988     54.079      0.242    1473.47    1473.45  0.000e+00
       5434     55.000     5.8842     5.8832    -0.0010    3.30880    3.30822          1     6.3252     6.4352       9.95     0.1629  4.924e-11  1.000e-12  2.031e+00    33.6457    33.6401    -0.0056    26.4969    26.4926     54.483     54.575      0.287    1473.47    1473.46  0.000e+00
       5477     55.500     5.8843     5.8834    -0.0009    3.30882    3.30821          1     6.3321     6.4399       9.95     0.1656  4.924e-11  1.000e-12  2.031e+00    33.6456    33.6396    -0.0061    26.4968    26.4921     54.979     55.071      0.274    1473.48    1473.47  0.000e+00
       5521     56.000     5.8841     5.8829    -0.0012    3.30881    3.30817          1     6.3567     6.4431       9.95     0.1862  4.924e-11  1.000e-12  2.031e+00    33.6455    33.6394    -0.0061    26.4968    26.4921     55.474     55.567      0.262    1473.49    1473.48  0.000e+00
       5577     56.500     5.8840     5.8830    -0.0010    3.30880    3.30820          1     6.3735     6.4409       9.95     0.1707  4.924e-11  1.000e-12  2.031e+00    33.6452    33.6393    -0.0059    26.4966    26.4920     55.969     56.063      0.198    1473.50    1473.48  0.000e+00
       5631     57.000     5.8839     5.8831    -0.0009    3.30881    3.30819          1     6.3410     6.4442       9.95     0.1644  4.924e-11  1.000e-12  2.031e+00    33.6451    33.6391    -0.0061    26.4965    26.4918     56.464     56.559      0.308    1473.50    1473.49  0.000e+00
