ctdpy/exports/archive_20191121_122431/received_data/SBE09_0827_20180226_1141_26_01_0316.cnv
* Sea-Bird SBE 9 Data File:
* FileName = D:\CTD_SBE911\DAT\26DA.2018.3.16.hex
* Software Version Seasave V 7.21d
* Temperature SN = 034757
* Conductivity SN = 041844
* Number of Bytes Per Scan = 48
* Number of Voltage Words = 5
* Number of Scans Averaged by the Deck Unit = 1
* NMEA Latitude = 55 45.15 N
* NMEA Longitude = 015 20.26 E
* NMEA UTC (Time) = Feb 26 2018  11:42:03
* NMEA baud rate = 4800
** Ship: DANA
** Average sound velocity: 1428.15 m/s
** True-depth calculation Wed, 03 Apr 2019 11:56:08 +0000
** CTD Python Module SMHI /ver 3-12/ feb 2012 
** LIMS Job: 20182601-0316
** Operator:
** Cruise: 02/2018
# nquan = 24
# nvalues = 114                         
# units = specified
# name 0 = scan: Scan Count
# name 1 = prDM: Pressure, Digiquartz [db]
# name 2 = t090C: Temperature [ITS-90, deg C]
# name 3 = t190C: Temperature, 2 [ITS-90, deg C]
# name 4 = T2-T190C: Temperature Difference, 2 - 1 [ITS-90, deg C]
# name 5 = c0S/m: Conductivity [S/m]
# name 6 = c1S/m: Conductivity, 2 [S/m]
# name 7 = pumps: Pump Status
# name 8 = altM: Altimeter [m]
# name 9 = chloroflTC0: Chlorophyll, Turner Cyclops [ug/l]
# name 10 = cpar: CPAR/Corrected Irradiance [%]
# name 11 = par: PAR/Irradiance, Biospherical/Lico [µE/(cm^2*s)]
# name 12 = spar: SPAR, Biospherical/Licor
# name 13 = sal00: Salinity, Practical [PSU]
# name 14 = sal11: Salinity, Practical, 2 [PSU]
# name 15 = secS-priS: Salinity, Practical, Difference, 2 - 1 [PSU]
# name 16 = sigma-t00: Density [sigma-t, kg/m^3 ]
# name 17 = sigma-t11: Density, 2 [sigma-t, kg/m^3 ]
# name 18 = depSM: Depth [salt water, m], lat = 55.7525
# name 19 = depFM: Depth [true depth, m], lat = 55.7525
# name 20 = dz/dtM: Descent Rate [m/s], WS = 2
# name 21 = svCM: Sound Velocity [Chen-Millero, m/s]
# name 22 = svCM1: Sound Velocity, 2 [Chen-Millero, m/s]
# name 23 = flag: flag
# span 0 =         39,       5660       
# span 1 =      0.500,     57.000       
# span 2 =     3.0519,     5.3759       
# span 3 =     3.0514,     5.3860       
# span 4 =    -0.0735,     0.3099       
# span 5 =   0.760429,   1.008067       
# span 6 =   0.759667,   1.002230       
# span 7 =          1,          1       
# span 8 =       1.19,      10.00       
# span 9 =     0.0133,     0.0201       
# span 10 = 1.3491e-13, 2.0053e+01      
# span 11 = 1.0000e-12, 2.4598e+02      
# span 12 = 5.7885e+02, 1.3910e+03      
# span 13 =     7.4141,     9.3456      
# span 14 =     7.4060,     9.3074      
# span 15 =    -0.0382,     0.1663      
# span 16 =     5.9103,     7.3721      
# span 17 =     5.9038,     7.3455      
# span 18 =      0.496,     56.475      
# span 19 =      0.506,     57.712      
# span 20 =     -0.106,      0.509      
# span 21 =    1426.98,    1440.72      
# span 22 =    1426.97,    1440.52      
# span 23 = 0.0000e+00, 0.0000e+00      
# interval = decibars: 0.5              
# start_time = Feb 26 2018 11:42:04 [NMEA time, first data scan]
# bad_flag = -9.990e-29
*END*
[from data line 61]
       3269     31.000     3.0651     3.0676     0.0025    0.76135    0.76077          1       9.95     0.0141  1.364e-13  1.000e-12  7.330e+02     7.4168     7.4103    -0.0066     5.9124     5.9072     30.716     31.389      0.323    1427.51    1427.51  0.000e+00
       3310     31.500     3.0673     3.0653    -0.0020    0.76145    0.76074          1       9.95     0.0134  1.364e-13  1.000e-12  7.332e+02     7.4172     7.4103    -0.0069     5.9127     5.9072     31.212     31.895      0.236    1427.53    1427.51  0.000e+00
       3372     32.000     3.0719     3.0720     0.0001    0.76167    0.76102          1       9.95     0.0140  1.357e-13  1.000e-12  7.371e+02     7.4185     7.4116    -0.0069     5.9137     5.9082     31.707     32.402      0.267    1427.56    1427.55  0.000e+00
       3412     32.500     3.0725     3.0726     0.0001    0.76171    0.76106          1       9.95     0.0135  1.357e-13  1.000e-12  7.372e+02     7.4187     7.4118    -0.0068     5.9138     5.9084     32.202     32.908      0.266    1427.57    1427.56  0.000e+00
       3474     33.000     3.0713     3.0699    -0.0015    0.76165    0.76094          1       9.95     0.0135  1.353e-13  1.000e-12  7.389e+02     7.4182     7.4112    -0.0071     5.9135     5.9079     32.698     33.414      0.218    1427.57    1427.55  0.000e+00
       3519     33.500     3.0724     3.0737     0.0012    0.76171    0.76109          1       9.95     0.0140  1.352e-13  1.000e-12  7.396e+02     7.4186     7.4118    -0.0068     5.9138     5.9083     33.193     33.920      0.283    1427.58    1427.58  0.000e+00
       3574     34.000     3.0775     3.0781     0.0005    0.76196    0.76130          1       9.95     0.0135  1.349e-13  1.000e-12  7.412e+02     7.4199     7.4129    -0.0070     5.9148     5.9092     33.689     34.427      0.225    1427.61    1427.61  0.000e+00
       3618     34.500     3.0794     3.0788    -0.0006    0.76204    0.76136          1       9.95     0.0134  1.349e-13  1.000e-12  7.412e+02     7.4203     7.4133    -0.0069     5.9150     5.9095     34.184     34.933      0.336    1427.63    1427.62  0.000e+00
       3658     35.000     3.0793     3.0781    -0.0012    0.76204    0.76135          1       9.95     0.0140  1.350e-13  1.000e-12  7.409e+02     7.4202     7.4133    -0.0069     5.9150     5.9095     34.679     35.439      0.230    1427.64    1427.62  0.000e+00
       3726     35.500     3.0751     3.0726    -0.0025    0.76185    0.76107          1       9.95     0.0137  1.349e-13  1.000e-12  7.413e+02     7.4192     7.4116    -0.0076     5.9142     5.9081     35.175     35.946      0.240    1427.63    1427.61  0.000e+00
       3772     36.000     3.0795     3.0782    -0.0013    0.76207    0.76133          1       9.95     0.0147  1.352e-13  1.000e-12  7.399e+02     7.4203     7.4129    -0.0074     5.9151     5.9092     35.670     36.452      0.248    1427.66    1427.64  0.000e+00
       3819     36.500     3.0826     3.0830     0.0004    0.76221    0.76157          1       9.95     0.0143  1.353e-13  1.000e-12  7.392e+02     7.4210     7.4143    -0.0068     5.9156     5.9102     36.165     36.958      0.266    1427.68    1427.67  0.000e+00
       3867     37.000     3.0832     3.0835     0.0003    0.76224    0.76159          1       9.95     0.0134  1.355e-13  1.000e-12  7.380e+02     7.4211     7.4143    -0.0069     5.9157     5.9102     36.661     37.464      0.249    1427.69    1427.68  0.000e+00
       3909     37.500     3.0856     3.0858     0.0003    0.76236    0.76170          1       9.95     0.0137  1.361e-13  1.000e-12  7.349e+02     7.4218     7.4148    -0.0070     5.9162     5.9106     37.156     37.971      0.325    1427.71    1427.70  0.000e+00
       3954     38.000     3.0905     3.0930     0.0025    0.76262    0.76204          1       9.95     0.0140  1.365e-13  1.000e-12  7.324e+02     7.4233     7.4167    -0.0066     5.9173     5.9120     37.652     38.477      0.226    1427.74    1427.74  0.000e+00
       4006     38.500     3.0947     3.0962     0.0015    0.76284    0.76223          1       9.95     0.0135  1.370e-13  1.000e-12  7.301e+02     7.4245     7.4178    -0.0068     5.9183     5.9128     38.147     38.983      0.339    1427.77    1427.77  0.000e+00
       4039     39.000     3.0979     3.1045     0.0066    0.76300    0.76257          1       9.95     0.0134  1.375e-13  1.000e-12  7.273e+02     7.4254     7.4194    -0.0060     5.9189     5.9141     38.642     39.489      0.280    1427.79    1427.82  0.000e+00
       4107     39.500     3.1108     3.1132     0.0024    0.76367    0.76308          1       9.95     0.0134  1.385e-13  1.000e-12  7.221e+02     7.4293     7.4226    -0.0067     5.9219     5.9165     39.138     39.996      0.263    1427.87    1427.87  0.000e+00
       4146     40.000     3.1127     3.1131     0.0004    0.76375    0.76309          1       9.95     0.0134  1.392e-13  1.000e-12  7.183e+02     7.4296     7.4227    -0.0069     5.9221     5.9166     39.633     40.502      0.273    1427.88    1427.88  0.000e+00
       4199     40.500     3.1141     3.1147     0.0006    0.76381    0.76316          1       9.95     0.0134  1.407e-13  1.000e-12  7.108e+02     7.4299     7.4230    -0.0069     5.9223     5.9168     40.128     41.008      0.229    1427.90    1427.89  0.000e+00
       4242     41.000     3.1148     3.1149     0.0001    0.76385    0.76320          1       9.95     0.0136  1.423e-13  1.000e-12  7.026e+02     7.4301     7.4233    -0.0069     5.9225     5.9170     40.624     41.515      0.323    1427.91    1427.90  0.000e+00
       4280     41.500     3.1146     3.1131    -0.0016    0.76383    0.76311          1       9.95     0.0135  1.443e-13  1.000e-12  6.930e+02     7.4299     7.4227    -0.0071     5.9223     5.9166     41.119     42.021      0.280    1427.92    1427.90  0.000e+00
       4334     42.000     3.1133     3.1160     0.0026    0.76378    0.76321          1       9.95     0.0134  1.481e-13  1.000e-12  6.755e+02     7.4296     7.4230    -0.0066     5.9221     5.9168     41.614     42.527      0.205    1427.92    1427.92  0.000e+00
       4384     42.500     3.1192     3.1195     0.0002    0.76408    0.76347          1       9.95     0.0134  1.545e-13  1.000e-12  6.472e+02     7.4312     7.4248    -0.0064     5.9233     5.9182     42.110     43.033      0.319    1427.95    1427.95  0.000e+00
       4418     43.000     3.1183     3.1178    -0.0005    0.76403    0.76335          1       9.95     0.0136  1.599e-13  1.000e-12  6.253e+02     7.4309     7.4239    -0.0070     5.9231     5.9175     42.605     43.540      0.295    1427.96    1427.95  0.000e+00
       4489     43.500     3.1311     3.1343     0.0032    0.76469    0.76415          1       9.95     0.0138  1.654e-13  1.000e-12  6.045e+02     7.4347     7.4284    -0.0064     5.9260     5.9209     43.101     44.046      0.319    1428.03    1428.04  0.000e+00
       4521     44.000     3.1360     3.1374     0.0015    0.76494    0.76431          1       9.95     0.0135  1.678e-13  1.000e-12  5.960e+02     7.4361     7.4292    -0.0069     5.9270     5.9215     43.596     44.552      0.466    1428.06    1428.06  0.000e+00
       4549     44.500     3.1364     3.1385     0.0021    0.76494    0.76436          1       9.95     0.0137  1.696e-13  1.000e-12  5.894e+02     7.4361     7.4295    -0.0066     5.9270     5.9217     44.091     45.058      0.323    1428.07    1428.07  0.000e+00
       4619     45.000     3.1451     3.1499     0.0049    0.76543    0.76485          1       9.95     0.0134  1.720e-13  1.000e-12  5.813e+02     7.4390     7.4319    -0.0071     5.9293     5.9235     44.587     45.565      0.314    1428.12    1428.13  0.000e+00
       4646     45.500     3.1617     3.1646     0.0029    0.76624    0.76557          1       9.95     0.0134  1.727e-13  1.000e-12  5.789e+02     7.4436     7.4359    -0.0077     5.9327     5.9266     45.082     46.071      0.426    1428.21    1428.22  0.000e+00
       4689     46.000     3.1707     3.1773     0.0066    0.76665    0.76616          1       9.95     0.0134  1.722e-13  1.000e-12  5.808e+02     7.4458     7.4391    -0.0067     5.9343     5.9289     45.577     46.577      0.254    1428.27    1428.29  0.000e+00
       4756     46.500     3.1910     3.1912     0.0001    0.76769    0.76688          1       9.95     0.0134  1.714e-13  1.000e-12  5.833e+02     7.4518     7.4433    -0.0085     5.9389     5.9321     46.073     47.084      0.335    1428.37    1428.36  0.000e+00
       4790     47.000     3.2021     3.2096     0.0074    0.76821    0.76777          1       9.95     0.0136  1.704e-13  1.000e-12  5.870e+02     7.4546     7.4482    -0.0064     5.9410     5.9358     46.568     47.590      0.270    1428.44    1428.46  0.000e+00
       4854     47.500     3.2129     3.2121    -0.0008    0.76873    0.76796          1       9.95     0.0135  1.686e-13  1.000e-12  5.932e+02     7.4574     7.4496    -0.0078     5.9431     5.9369     47.063     48.096      0.302    1428.50    1428.48  0.000e+00
       4883     48.000     3.2166     3.2169     0.0003    0.76891    0.76815          1       9.95     0.0135  1.683e-13  1.000e-12  5.942e+02     7.4584     7.4504    -0.0080     5.9438     5.9374     47.559     48.602      0.411    1428.52    1428.51  0.000e+00
       4918     48.500     3.2264     3.2321     0.0057    0.76937    0.76883          1       9.95     0.0134  1.664e-13  1.000e-12  6.008e+02     7.4609     7.4539    -0.0069     5.9457     5.9401     48.054     49.109      0.276    1428.58    1428.60  0.000e+00
       4970     49.000     3.2487     3.2551     0.0064    0.77045    0.76990          1       9.92     0.0134  1.636e-13  1.000e-12  6.113e+02     7.4668     7.4597    -0.0071     5.9501     5.9444     48.549     49.615      0.280    1428.70    1428.72  0.000e+00
       5002     49.500     3.2659     3.2696     0.0037    0.77128    0.77062          1       9.56     0.0134  1.642e-13  1.000e-12  6.089e+02     7.4714     7.4637    -0.0077     5.9536     5.9474     49.045     50.121      0.394    1428.79    1428.80  0.000e+00
       5038     50.000     3.2723     3.2737     0.0014    0.77152    0.77085          1       9.08     0.0135  1.638e-13  1.000e-12  6.104e+02     7.4724     7.4651    -0.0073     5.9542     5.9484     49.540     50.627      0.252    1428.83    1428.82  0.000e+00
       5100     50.500     3.2775     3.2796     0.0022    0.77176    0.77110          1       8.52     0.0138  1.617e-13  1.000e-12  6.186e+02     7.4736     7.4663    -0.0073     5.9551     5.9493     50.035     51.134      0.297    1428.86    1428.86  0.000e+00
       5130     51.000     3.2850     3.2891     0.0041    0.77212    0.77151          1       7.92     0.0135  1.611e-13  1.000e-12  6.207e+02     7.4756     7.4683    -0.0073     5.9566     5.9507     50.531     51.640      0.408    1428.91    1428.92  0.000e+00
       5163     51.500     3.2922     3.2938     0.0016    0.77244    0.77176          1       7.41     0.0134  1.604e-13  1.000e-12  6.235e+02     7.4771     7.4697    -0.0074     5.9577     5.9518     51.026     52.146      0.308    1428.95    1428.95  0.000e+00
       5207     52.000     3.2997     3.3083     0.0085    0.77282    0.77237          1       6.97     0.0134  1.598e-13  1.000e-12  6.256e+02     7.4792     7.4726    -0.0067     5.9593     5.9539     51.521     52.652      0.313    1428.99    1429.03  0.000e+00
       5238     52.500     3.3244     3.3339     0.0095    0.77406    0.77349          1       6.45     0.0135  1.595e-13  1.000e-12  6.268e+02     7.4864     7.4783    -0.0081     5.9646     5.9581     52.017     53.159      0.424    1429.12    1429.16  0.000e+00
       5269     53.000     3.3585     3.3753     0.0167    0.77577    0.77549          1       5.87     0.0134  1.587e-13  1.000e-12  6.303e+02     7.4961     7.4893    -0.0067     5.9719     5.9662     52.512     53.665      0.310    1429.30    1429.37  0.000e+00
       5320     53.500     3.4046     3.4267     0.0221    0.77810    0.77812          1       5.27     0.0134  1.568e-13  1.000e-12  6.376e+02     7.5096     7.5046    -0.0049     5.9819     5.9776     53.007     54.171      0.267    1429.54    1429.63  0.000e+00
       5354     54.000     3.4624     3.4973     0.0349    0.78109    0.78089          1       4.79     0.0134  1.560e-13  1.000e-12  6.410e+02     7.5270     7.5169    -0.0102     5.9949     5.9862     53.503     54.677      0.390    1429.83    1429.98  0.000e+00
       5387     54.500     3.6824     3.8734     0.1919    0.79828    0.80518          1       4.83     0.0135  1.552e-13  1.000e-12  6.445e+02     7.6522     7.6769     0.0247     6.0900     6.1046     53.998     55.184      0.307    1431.00    1431.89  0.000e+00
       5433     55.000     4.4119     4.7224     0.3099    0.87580    0.89993          1       3.75     0.0145  1.533e-13  1.000e-12  6.524e+02     8.2683     8.4346     0.1663     6.5600     6.6809     54.493     55.690      0.269    1435.08    1436.67  0.000e+00
       5472     55.500     4.7722     5.0310     0.2578    0.92424    0.94439          1       3.97     0.0150  1.513e-13  1.000e-12  6.609e+02     8.6662     8.8012     0.1349     6.8620     6.9579     54.989     56.195      0.311    1437.19    1438.50  0.000e+00
       5513     56.000     5.0951     5.3052     0.2101    0.95843    0.97689          1       2.97     0.0158  1.490e-13  1.000e-12  6.710e+02     8.9252     9.0534     0.1283     7.0532     7.1447     55.484     56.701      0.296    1438.94    1440.02  0.000e+00
       5550     56.500     5.2125     5.3860     0.1738    0.97486    0.99020          1       2.70     0.0159  1.479e-13  1.000e-12  6.762e+02     9.0582     9.1643     0.1061     7.1528     7.2282     55.979     57.207      0.350    1439.63    1440.52  0.000e+00
       5660     57.000     5.3759     5.3019    -0.0735    1.00807    1.00223          1       1.19     0.0162  1.394e-13  1.000e-12  7.179e+02     9.3456     9.3074    -0.0382     7.3721     7.3455     56.475     57.712     -0.106    1440.72    1440.34  0.000e+00
