ctdpy/exports/archive_20191121_122431/received_data/SBE09_0827_20180227_0602_26_01_0321.cnv
* Sea-Bird SBE 9 Data File:
* FileName = D:\CTD_SBE911\DAT\26DA.2018.3.21.hex
* Software Version Seasave V 7.21d
* Temperature SN = 034757
* Conductivity SN = 041844
* Number of Bytes Per Scan = 48
* Number of Voltage Words = 5
* Number of Scans Averaged by the Deck Unit = 1
* NMEA Latitude = 56 11.75 N
* NMEA Longitude = 019 25.18 E
* NMEA UTC (Time) = Feb 27 2018  06:02:25
* NMEA baud rate = 4800
** Ship: DANA
** Average sound velocity: 1435.51 m/s
** True-depth calculation Tue, 02 Apr 2019 12:03:44 +0000
** CTD Python Module SMHI /ver 3-12/ feb 2012 
** LIMS Job: 20182601-0321
** Operator:
** Cruise: 02/2018
# nquan = 26
# nvalues = 205                         
# units = specified
# name 0 = scan: Scan Count
# name 1 = prDM: Pressure, Digiquartz [db]
# name 2 = t090C: Temperature [ITS-90, deg C]
# name 3 = t190C: Temperature, 2 [ITS-90, deg C]
# name 4 = T2-T190C: Temperature Difference, 2 - 1 [ITS-90, deg C]
# name 5 = c0S/m: Conductivity [S/m]
# name 6 = c1S/m: Conductivity, 2 [S/m]
# name 7 = pumps: Pump Status
# name 8 = sbeox1ML/L: Oxygen, SBE 43, 2 [ml/l]
# name 9 = sbeox0ML/L: Oxygen, SBE 43 [ml/l]
# name 10 = altM: Altimeter [m]
# name 11 = chloroflTC0: Chlorophyll, Turner Cyclops [ug/l]
# name 12 = cpar: CPAR/Corrected Irradiance [%]
# name 13 = par: PAR/Irradiance, Biospherical/Lico [µE/(cm^2*s)]
# name 14 = spar: SPAR, Biospherical/Licor
# name 15 = sal00: Salinity, Practical [PSU]
# name 16 = sal11: Salinity, Practical, 2 [PSU]
# name 17 = secS-priS: Salinity, Practical, Difference, 2 - 1 [PSU]
# name 18 = sigma-t00: Density [sigma-t, kg/m^3 ]
# name 19 = sigma-t11: Density, 2 [sigma-t, kg/m^3 ]
# name 20 = depSM: Depth [salt water, m], lat = 56.1958
# name 21 = depFM: Depth [true depth, m], lat = 56.1958
# name 22 = dz/dtM: Descent Rate [m/s], WS = 2
# name 23 = svCM: Sound Velocity [Chen-Millero, m/s]
# name 24 = svCM1: Sound Velocity, 2 [Chen-Millero, m/s]
# name 25 = flag: flag
# span 0 =        -22,      11032       
# span 1 =      1.500,    103.500       
# span 2 =     3.2526,     6.3919       
# span 3 =     3.2495,     6.3952       
# span 4 =    -0.0070,     0.2074       
# span 5 =   0.764197,   1.234929       
# span 6 =   0.762167,   1.234936       
# span 7 =          1,          1       
# span 8 =     0.1835,     8.4231       
# span 9 =     0.2604,     8.3825       
# span 10 =      -1.09,       9.95      
# span 11 =     0.0110,     0.0167      
# span 12 = 4.4764e-12, 7.9600e+00      
# span 13 = 1.0000e-12, 1.7782e+00      
# span 14 = 1.7954e+01, 2.2339e+01      
# span 15 =     7.4068,    11.2822      
# span 16 =     7.3859,    11.2812      
# span 17 =    -0.0212,     0.1453      
# span 18 =     5.9021,     8.8363      
# span 19 =     5.8856,     8.8353      
# span 20 =      1.486,    102.531      
# span 21 =      1.519,    104.698      
# span 22 =      0.004,      0.824      
# span 23 =    1427.90,    1448.23      
# span 24 =    1427.87,    1448.25      
# span 25 = 0.0000e+00, 0.0000e+00      
# interval = decibars: 0.5              
# start_time = Feb 27 2018 06:02:25 [NMEA time, first data scan]
# bad_flag = -9.990e-29
*END*
[from data line 112]
       5693     57.500     3.4026     3.4056     0.0030    0.77021    0.76958          1     8.3469     8.2896       9.95     0.0116  4.859e-12  1.000e-12  2.060e+01     7.4278     7.4205    -0.0073     5.9168     5.9109     56.968     58.222      0.295    1429.49    1429.49  0.000e+00
       5765     58.000     3.4084     3.4147     0.0062    0.77040    0.76991          1     8.3368     8.2915       9.95     0.0120  4.772e-12  1.000e-12  2.100e+01     7.4283     7.4217    -0.0066     5.9171     5.9118     57.463     58.728      0.208    1429.52    1429.54  0.000e+00
       5820     58.500     3.4173     3.4222     0.0049    0.77074    0.77013          1     8.3073     8.2771       9.95     0.0116  4.866e-12  1.000e-12  2.057e+01     7.4297     7.4223    -0.0074     5.9181     5.9121     57.958     59.235      0.347    1429.57    1429.58  0.000e+00
       5848     59.000     3.4311     3.4576     0.0265    0.77124    0.77112          1     8.2937     8.2717       9.95     0.0119  4.847e-12  1.000e-12  2.066e+01     7.4316     7.4243    -0.0073     5.9194     5.9131     58.454     59.741      0.412    1429.64    1429.75  0.000e+00
       5883     59.500     3.4780     3.5863     0.1083    0.77345    0.77646          1     8.2876     8.2572       9.95     0.0115  4.824e-12  1.000e-12  2.076e+01     7.4436     7.4499     0.0062     5.9282     5.9312     58.949     60.247      0.258    1429.88    1430.38  0.000e+00
       5949     60.000     3.6857     3.7933     0.1072    0.78648    0.79020          1     7.9771     7.9516       9.95     0.0116  4.847e-12  1.000e-12  2.066e+01     7.5299     7.5432     0.0133     5.9930     6.0013     59.444     60.754      0.267    1430.94    1431.45  0.000e+00
       5984     60.500     3.9062     4.0085     0.1027    0.80182    0.80624          1     7.8038     7.5726       9.95     0.0122  4.831e-12  1.000e-12  2.073e+01     7.6360     7.6571     0.0211     6.0725     6.0867     59.940     61.260      0.376    1432.09    1432.57  0.000e+00
       6022     61.000     4.1339     4.3412     0.2074    0.83228    0.85148          1     7.0474     6.7354       9.95     0.0122  4.815e-12  1.000e-12  2.080e+01     7.8927     8.0379     0.1453     6.2704     6.3796     60.435     61.766      0.263    1433.45    1434.56  0.000e+00
       6068     61.500     4.4430     4.5726     0.1296    0.87069    0.87798          1     6.0453     5.6697       9.95     0.0117  4.843e-12  1.000e-12  2.067e+01     8.2075     8.2493     0.0418     6.5106     6.5393     60.930     62.272      0.294    1435.24    1435.87  0.000e+00
       6130     62.000     4.6490     4.8445     0.1951    0.89524    0.91290          1     4.9125     4.8400       9.95     0.0121  4.812e-12  1.000e-12  2.082e+01     8.4042     8.5322     0.1280     6.6593     6.7530     61.426     62.778      0.226    1436.41    1437.44  0.000e+00
       6188     62.500     4.9335     5.0171     0.0836    0.93319    0.93793          1     4.0097     3.8956       9.95     0.0122  4.824e-12  1.000e-12  2.076e+01     8.7133     8.7392     0.0259     6.8927     6.9096     61.921     63.284      0.377    1438.07    1438.47  0.000e+00
       6216     63.000     5.0374     5.0982     0.0608    0.94644    0.95023          1     3.7058     3.3418       9.95     0.0122  4.918e-12  1.000e-12  2.034e+01     8.8191     8.8410     0.0219     6.9719     6.9865     62.416     63.790      0.428    1438.67    1438.96  0.000e+00
       6245     63.500     5.0910     5.1899     0.0990    0.95474    0.96457          1     3.3910     3.1069       9.95     0.0122  4.858e-12  1.000e-12  2.061e+01     8.8881     8.9602     0.0720     7.0241     7.0765     62.911     64.295      0.367    1439.00    1439.52  0.000e+00
       6286     64.000     5.2113     5.3206     0.1092    0.97596    0.98730          1     2.9786     2.7348       9.95     0.0122  4.851e-12  1.000e-12  2.064e+01     9.0681     9.1520     0.0839     7.1608     7.2218     63.407     64.801      0.225    1439.76    1440.34  0.000e+00
       6354     64.500     5.3246     5.3772     0.0525    0.99657    1.00195          1     2.3498     2.2225       9.95     0.0123  4.862e-12  1.000e-12  2.059e+01     9.2434     9.2826     0.0392     7.2938     7.3221     63.902     65.307      0.219    1440.48    1440.76  0.000e+00
       6402     65.000     5.3856     5.4187     0.0331    1.00777    1.01018          1     2.0017     1.8674       9.95     0.0125  4.914e-12  1.000e-12  2.036e+01     9.3384     9.3532     0.0148     7.3658     7.3757     64.397     65.812      0.285    1440.87    1441.04  0.000e+00
       6441     65.500     5.4223     5.4872     0.0649    1.01529    1.02305          1     1.8490     1.8317       9.95     0.0128  4.912e-12  1.000e-12  2.036e+01     9.4031     9.4624     0.0593     7.4150     7.4584     64.893     66.318      0.318    1441.12    1441.48  0.000e+00
       6481     66.000     5.4579     5.5059     0.0481    1.02225    1.02820          1     1.7860     1.8177       9.95     0.0129  4.905e-12  1.000e-12  2.039e+01     9.4625     9.5083     0.0458     7.4600     7.4936     65.388     66.823      0.260    1441.36    1441.63  0.000e+00
       6534     66.500     5.4971     5.5390     0.0419    1.03137    1.03670          1     1.6989     1.7201       9.95     0.0131  4.925e-12  1.000e-12  2.030e+01     9.5424     9.5836     0.0412     7.5210     7.5513     65.883     67.329      0.234    1441.64    1441.87  0.000e+00
       6576     67.000     5.5444     5.5563     0.0119    1.04444    1.04489          1     1.5707     1.5086       9.95     0.0124  4.924e-12  1.000e-12  2.031e+01     9.6592     9.6602     0.0010     7.6107     7.6109     66.378     67.834      0.376    1442.00    1442.05  0.000e+00
       6603     67.500     5.5520     5.5673     0.0153    1.04690    1.04783          1     1.4219     1.3746       9.95     0.0126  4.924e-12  1.000e-12  2.031e+01     9.6814     9.6863     0.0049     7.6278     7.6309     66.874     68.339      0.425    1442.07    1442.14  0.000e+00
       6668     68.000     5.5657     5.5785     0.0127    1.05046    1.05122          1     1.2528     1.2569       9.95     0.0131  4.924e-12  1.000e-12  2.031e+01     9.7129     9.7168     0.0039     7.6519     7.6542     67.369     68.845      0.318    1442.17    1442.23  0.000e+00
       6737     68.500     5.5802     5.6026     0.0224    1.05377    1.05461          1     1.1729     1.2088       9.95     0.0133  4.924e-12  1.000e-12  2.031e+01     9.7416     9.7436     0.0020     7.6737     7.6741     67.864     69.350      0.450    1442.28    1442.38  0.000e+00
       6783     69.000     5.6133     5.6832     0.0699    1.05988    1.06891          1     1.2143     1.2266       9.95     0.0134  4.924e-12  1.000e-12  2.031e+01     9.7929     9.8624     0.0696     7.7124     7.7633     68.360     69.856      0.260    1442.50    1442.89  0.000e+00
       6846     69.500     5.6803     5.6900     0.0097    1.07888    1.08101          1     1.1399     1.1099       9.95     0.0133  4.924e-12  1.000e-12  2.031e+01     9.9625     9.9809     0.0184     7.8424     7.8564     68.855     70.361      0.391    1443.01    1443.07  0.000e+00
       6871     70.000     5.6834     5.6869     0.0035    1.08136    1.08172          1     1.0054     1.0030       9.95     0.0133  4.924e-12  1.000e-12  2.031e+01     9.9862     9.9888     0.0025     7.8609     7.8628     69.350     70.866      0.426    1443.06    1443.08  0.000e+00
       6909     70.500     5.6824     5.6835     0.0011    1.08220    1.08228          1     0.8927     0.9390       9.95     0.0132  4.924e-12  1.000e-12  2.031e+01     9.9948     9.9953     0.0004     7.8678     7.8681     69.845     71.372      0.229    1443.07    1443.08  0.000e+00
       6998     71.000     5.6761     5.6764     0.0002    1.08394    1.08341          1     0.7889     0.8251       9.95     0.0133  4.924e-12  1.000e-12  2.031e+01    10.0140    10.0086    -0.0054     7.8832     7.8790     70.341     71.877      0.208    1443.08    1443.07  0.000e+00
       7061     71.500     5.6682     5.6662    -0.0021    1.08566    1.08512          1     0.6989     0.7219       9.95     0.0134  4.924e-12  1.000e-12  2.031e+01    10.0333    10.0285    -0.0048     7.8989     7.8953     70.836     72.382      0.233    1443.08    1443.06  0.000e+00
       7107     72.000     5.6732     5.6950     0.0218    1.08929    1.09096          1     0.6186     0.6533       9.95     0.0133  4.924e-12  1.000e-12  2.031e+01    10.0679    10.0781     0.0101     7.9260     7.9327     71.331     72.887      0.337    1443.15    1443.26  0.000e+00
       7138     72.500     5.7055     5.7166     0.0111    1.09863    1.10076          1     0.5664     0.5844       9.95     0.0133  4.924e-12  1.000e-12  2.031e+01    10.1514    10.1693     0.0179     7.9899     8.0034     71.826     73.393      0.332    1443.40    1443.47  0.000e+00
       7213     73.000     5.7297     5.7368     0.0071    1.10826    1.10925          1     0.4102     0.4410       9.95     0.0133  4.924e-12  1.000e-12  2.031e+01    10.2400    10.2477     0.0077     8.0583     8.0640     72.322     73.898      0.224    1443.63    1443.67  0.000e+00
       7268     73.500     5.7458     5.7548     0.0090    1.11491    1.11529          1     0.3192     0.3408       9.95     0.0134  4.924e-12  1.000e-12  2.031e+01    10.3013    10.3025     0.0011     8.1058     8.1061     72.817     74.403      0.338    1443.78    1443.82  0.000e+00
       7299     74.000     5.7614     5.7692     0.0079    1.11901    1.11939          1     0.2698     0.3041       9.95     0.0134  4.924e-12  1.000e-12  2.031e+01    10.3375    10.3388     0.0013     8.1333     8.1339     73.312     74.908      0.357    1443.90    1443.94  0.000e+00
       7372     74.500     5.7708     5.7760     0.0052    1.12266    1.12330          1     0.2195     0.2918       9.95     0.0141  4.924e-12  1.000e-12  2.031e+01    10.3708    10.3757     0.0049     8.1591     8.1626     73.808     75.413      0.242    1443.99    1444.02  0.000e+00
       7437     75.000     5.7829     5.7909     0.0080    1.12644    1.12621          1     0.2280     0.3101       9.95     0.0140  4.924e-12  1.000e-12  2.031e+01    10.4048    10.4000    -0.0048     8.1851     8.1809     74.303     75.919      0.419    1444.09    1444.12  0.000e+00
       7461     75.500     5.8007     5.8059     0.0053    1.13016    1.12925          1     0.2378     0.2903       9.95     0.0147  4.924e-12  1.000e-12  2.031e+01    10.4362    10.4256    -0.0107     8.2089     8.2001     74.798     76.424      0.448    1444.22    1444.23  0.000e+00
       7530     76.000     5.8212     5.8348     0.0136    1.13361    1.13416          1     0.1989     0.2604       9.95     0.0144  4.924e-12  1.000e-12  2.031e+01    10.4642    10.4655     0.0014     8.2297     8.2299     75.293     76.929      0.279    1444.35    1444.41  0.000e+00
       7601     76.500     5.8504     5.8649     0.0144    1.13870    1.13873          1     0.1835     0.2811       9.95     0.0147  4.924e-12  1.000e-12  2.031e+01    10.5058    10.5017    -0.0041     8.2607     8.2566     75.789     77.434      0.467    1444.53    1444.59  0.000e+00
       7626     77.000     5.8742     5.9165     0.0423    1.14202    1.14435          1     0.2279     0.3121       9.95     0.0147  4.924e-12  1.000e-12  2.031e+01    10.5314    10.5414     0.0100     8.2795     8.2847     76.284     77.939      0.361    1444.68    1444.87  0.000e+00
       7691     77.500     5.9292     6.0231     0.0938    1.14841    1.15501          1     0.3728     0.3956       9.95     0.0146  4.924e-12  1.000e-12  2.031e+01    10.5778    10.6140     0.0362     8.3126     8.3352     76.779     78.444      0.234    1444.98    1445.42  0.000e+00
       7743     78.000     6.0491     6.0897     0.0406    1.16251    1.16990          1     0.4245     0.4774       9.95     0.0135  4.924e-12  1.000e-12  2.031e+01    10.6802    10.7408     0.0606     8.3857     8.4308     77.274     78.949      0.247    1445.62    1445.87  0.000e+00
       7790     78.500     6.1016     6.1514     0.0497    1.17765    1.18469          1     0.3657     0.4237       9.95     0.0135  4.924e-12  1.000e-12  2.031e+01    10.8137    10.8677     0.0540     8.4874     8.5267     77.770     79.454      0.275    1446.02    1446.30  0.000e+00
       7837     79.000     6.1489     6.1884     0.0395    1.18688    1.19070          1     0.3840     0.4291       9.95     0.0146  4.924e-12  1.000e-12  2.031e+01    10.8902    10.9153     0.0251     8.5445     8.5617     78.265     79.959      0.200    1446.33    1446.53  0.000e+00
       7920     79.500     6.1793     6.2025     0.0232    1.19165    1.19372          1     0.4100     0.4473       9.95     0.0146  4.924e-12  1.000e-12  2.031e+01    10.9276    10.9406     0.0130     8.5719     8.5806     78.760     80.464      0.237    1446.51    1446.62  0.000e+00
       7962     80.000     6.2012     6.2162     0.0150    1.19521    1.19610          1     0.4122     0.4530       9.95     0.0142  4.924e-12  1.000e-12  2.031e+01    10.9557    10.9597     0.0040     8.5926     8.5947     79.255     80.969      0.322    1446.65    1446.72  0.000e+00
       8009     80.500     6.2114     6.2384     0.0270    1.19702    1.19939          1     0.4132     0.4522       9.95     0.0138  4.924e-12  1.000e-12  2.031e+01    10.9703    10.9850     0.0148     8.6034     8.6132     79.751     81.474      0.226    1446.72    1446.85  0.000e+00
       8060     81.000     6.2322     6.2462     0.0140    1.20000    1.20084          1     0.4276     0.4620       9.95     0.0138  4.924e-12  1.000e-12  2.031e+01    10.9930    10.9967     0.0037     8.6199     8.6219     80.246     81.979      0.231    1446.84    1446.91  0.000e+00
       8123     81.500     6.2430     6.2586     0.0155    1.20175    1.20227          1     0.4412     0.4718       9.95     0.0143  4.924e-12  1.000e-12  2.031e+01    11.0067    11.0068     0.0002     8.6299     8.6290     80.741     82.484      0.222    1446.91    1446.98  0.000e+00
       8178     82.000     6.2557     6.2712     0.0155    1.20311    1.20348          1     0.4595     0.4892       9.95     0.0141  4.924e-12  1.000e-12  2.031e+01    11.0160    11.0147    -0.0013     8.6364     8.6343     81.236     82.989      0.206    1446.98    1447.05  0.000e+00
       8233     82.500     6.2682     6.2787     0.0105    1.20438    1.20418          1     0.4838     0.5114       9.95     0.0139  4.924e-12  1.000e-12  2.031e+01    11.0244    11.0191    -0.0054     8.6422     8.6372     81.732     83.494      0.313    1447.06    1447.09  0.000e+00
       8295     83.000     6.2756     6.2878     0.0122    1.20495    1.20496          1     0.5003     0.5335       9.95     0.0139  4.924e-12  1.000e-12  2.031e+01    11.0275    11.0238    -0.0038     8.6441     8.6403     82.227     83.998      0.262    1447.10    1447.15  0.000e+00
       8350     83.500     6.2950     6.3045     0.0095    1.20694    1.20644          1     0.5169     0.5641       9.95     0.0140  4.924e-12  1.000e-12  2.031e+01    11.0409    11.0328    -0.0081     8.6533     8.6463     82.722     84.503      0.494    1447.20    1447.24  0.000e+00
       8372     84.000     6.3073     6.3112     0.0039    1.20826    1.20759          1     0.5373     0.5810       9.95     0.0136  4.924e-12  1.000e-12  2.031e+01    11.0499    11.0420    -0.0079     8.6595     8.6530     83.217     85.008      0.449    1447.28    1447.28  0.000e+00
       8443     84.500     6.2982     6.3065     0.0083    1.20744    1.20740          1     0.5480     0.5658       9.95     0.0139  4.924e-12  1.000e-12  2.031e+01    11.0446    11.0415    -0.0031     8.6560     8.6530     83.713     85.513      0.240    1447.24    1447.27  0.000e+00
