ctdpy/exports/archive_20191121_122431/received_data/SBE09_1044_20181110_0220_34_01_0124.cnv
* Sea-Bird SBE 9 Data File:
* FileName = C:\ctd\temp\ar18d124.hex
* Software Version Seasave V 7.26.7.107
* Temperature SN = 5351
* Conductivity SN = 3941
* Number of Bytes Per Scan = 41
* Number of Voltage Words = 4
* Number of Scans Averaged by the Deck Unit = 1
* NMEA Latitude = 56 38.03 N
* NMEA Longitude = 019 35.08 E
* NMEA UTC (Time) = Nov 10 2018  02:20:16
* NMEA baud rate = 4800
** Station:  BY10
** Operator:  JKro
** Ship: ARANDA
** Average sound velocity: 1448.29 m/s
** True-depth calculation Sat, 10 Nov 2018 03:29:54 +0000
** CTD Python Module SMHI /ver 3-12/ feb 2012 
** LIMS Job: 20183401-0124
** Cruise: SMHI-6-2018
** Latitude [GG MM.mm N]:
** Longitude [GG MM.mm E]
# nquan = 26
# nvalues = 275                         
# units = specified
# name 0 = scan: Scan Count
# name 1 = prDM: Pressure, Digiquartz [db]
# name 2 = t090C: Temperature [ITS-90, deg C]
# name 3 = t190C: Temperature, 2 [ITS-90, deg C]
# name 4 = T2-T190C: Temperature Difference, 2 - 1 [ITS-90, deg C]
# name 5 = c0S/m: Conductivity [S/m]
# name 6 = c1S/m: Conductivity, 2 [S/m]
# name 7 = pumps: Pump Status
# name 8 = sbeox0ML/L: Oxygen, SBE 43 [ml/l]
# name 9 = sbeox1ML/L: Oxygen, SBE 43, 2 [ml/l]
# name 10 = altM: Altimeter [m]
# name 11 = flECO-AFL: Chl-a Fluorescence, WET Labs ECO-AFL/FL [mg/m^3]
# name 12 = flECO-AFL1: Phycocyanin Fluorescence, WET Labs ECO-AFL/FL, 2 [mg/m^3]
# name 13 = par: PAR/Irradiance, Biospherical/Lico [µE/(cm^2*s)]
# name 14 = turbWETntu0: Turbidity, WET Labs ECO [NTU]
# name 15 = sal00: Salinity, Practical [PSU]
# name 16 = sal11: Salinity, Practical, 2 [PSU]
# name 17 = secS-priS: Salinity, Practical, Difference, 2 - 1 [PSU]
# name 18 = sigma-t00: Density [sigma-t, Kg/m^3 ]
# name 19 = sigma-t11: Density, 2 [sigma-t, Kg/m^3 ]
# name 20 = depSM: Depth [salt water, m], lat = 56.6338
# name 21 = depFM: Depth [true depth, m], lat = 56.6338
# name 22 = dz/dtM: Descent Rate [m/s], WS = 2
# name 23 = svCM: Sound Velocity [Chen-Millero, m/s]
# name 24 = svCM1: Sound Velocity, 2 [Chen-Millero, m/s]
# name 25 = flag: flag
# span 0 =      31715,      38767       
# span 1 =      1.000,    138.000       
# span 2 =     3.6630,     9.4046       
# span 3 =     3.6652,     9.4059       
# span 4 =    -0.0052,     0.0323       
# span 5 =   0.785277,   1.374281       
# span 6 =   0.785300,   1.374217       
# span 7 =          1,          1       
# span 8 =    0.02855,    7.39700       
# span 9 =    0.05869,    7.41867       
# span 10 =       3.31,      98.04      
# span 11 =     0.2188,     1.2487      
# span 12 =     0.1547,     0.4645      
# span 13 = -8.732e-05, 5.2316e-02      
# span 14 =     0.1188,     0.8663      
# span 15 =     7.2782,    12.5419      
# span 16 =     7.2778,    12.5409      
# span 17 =    -0.0048,     0.0015      
# span 18 =     5.4467,     9.8025      
# span 19 =     5.4463,     9.8016      
# span 20 =      0.991,    136.691      
# span 21 =      1.013,    139.556      
# span 22 =      0.185,      0.521      
# span 23 =    1430.86,    1454.42      
# span 24 =    1430.87,    1454.43      
# span 25 = 0.0000e+00, 0.0000e+00      
# interval = decibars: 0.5              
# start_time = Nov 10 2018 02:20:17 [NMEA time, first data scan]
# bad_flag = -9.990e-29
*END*
[from data line 223]
      37227    112.500     6.5710     6.5720     0.0010    1.27648    1.27644          1     0.0422     0.0729      29.20     0.2841     0.2346  1.000e-12  0.1364000    11.6306    11.6299    -0.0008     9.0973     9.0966    111.440    113.827      0.499    1449.57    1449.57  0.000e+00
      37251    113.000     6.5766     6.5773     0.0007    1.27811    1.27804          1     0.0419     0.0718      28.67     0.2857     0.2335  1.000e-12  0.1391000    11.6447    11.6437    -0.0010     9.1080     9.1071    111.935    114.332      0.486    1449.62    1449.62  0.000e+00
      37276    113.500     6.5870     6.5876     0.0006    1.28136    1.28120          1     0.0451     0.0748      28.13     0.2984     0.2347  1.000e-12  0.1433000    11.6730    11.6713    -0.0017     9.1295     9.1280    112.430    114.837      0.490    1449.71    1449.71  0.000e+00
      37300    114.000     6.5939     6.5948     0.0009    1.28516    1.28502          1     0.0408     0.0724      27.63     0.2954     0.2346  1.000e-12  0.1308000    11.7080    11.7064    -0.0016     9.1564     9.1551    112.925    115.341      0.499    1449.79    1449.79  0.000e+00
      37324    114.500     6.5974     6.5983     0.0009    1.28782    1.28770          1     0.0431     0.0717      27.18     0.2959     0.2014  1.000e-12  0.1348000    11.7331    11.7315    -0.0016     9.1758     9.1745    113.421    115.846      0.495    1449.84    1449.84  0.000e+00
      37349    115.000     6.6017     6.6025     0.0008    1.29050    1.29040          1     0.0388     0.0677      26.62     0.2959     0.2030  1.000e-12  0.1500000    11.7579    11.7567    -0.0012     9.1950     9.1940    113.916    116.350      0.483    1449.90    1449.90  0.000e+00
      37374    115.500     6.6083     6.6092     0.0009    1.29261    1.29251          1     0.0389     0.0688      26.15     0.3037     0.2341  1.000e-12  0.1529000    11.7763    11.7750    -0.0013     9.2090     9.2079    114.411    116.855      0.477    1449.96    1449.96  0.000e+00
      37399    116.000     6.6107     6.6116     0.0010    1.29473    1.29466          1     0.0403     0.0709      25.62     0.3096     0.1943  1.000e-12  0.1549000    11.7963    11.7953    -0.0011     9.2245     9.2236    114.906    117.360      0.484    1450.00    1450.00  0.000e+00
      37424    116.500     6.6155     6.6162     0.0007    1.29662    1.29656          1     0.0423     0.0711      25.09     0.2974     0.2281  1.000e-12  0.1473000    11.8131    11.8123    -0.0008     9.2374     9.2367    115.401    117.864      0.492    1450.05    1450.05  0.000e+00
      37448    117.000     6.6259     6.6266     0.0007    1.29831    1.29825          1     0.0471     0.0745      24.57     0.2933     0.2563  1.000e-12  0.1334000    11.8262    11.8254    -0.0009     9.2469     9.2462    115.896    118.369      0.496    1450.12    1450.12  0.000e+00
      37472    117.500     6.6263     6.6276     0.0012    1.29968    1.29962          1     0.0509     0.0781      24.07     0.2949     0.2316  1.000e-12  0.1373000    11.8394    11.8385    -0.0010     9.2572     9.2564    116.391    118.874      0.499    1450.14    1450.15  0.000e+00
      37496    118.000     6.6238     6.6252     0.0015    1.30196    1.30191          1     0.0433     0.0714      23.53     0.2752     0.2179  1.000e-12  0.2242000    11.8627    11.8617    -0.0010     9.2757     9.2748    116.886    119.378      0.499    1450.17    1450.17  0.000e+00
      37520    118.500     6.6197     6.6209     0.0012    1.30415    1.30416          1     0.0387     0.0689      22.99     0.2725     0.1812  1.000e-12  0.4195000    11.8857    11.8853    -0.0003     9.2940     9.2937    117.382    119.883      0.493    1450.19    1450.19  0.000e+00
      37545    119.000     6.6227     6.6239     0.0012    1.30586    1.30581          1     0.0390     0.0686      22.47     0.2945     0.1975  1.000e-12  0.3445000    11.9013    11.9004    -0.0008     9.3061     9.3053    117.877    120.387      0.488    1450.23    1450.23  0.000e+00
      37569    119.500     6.6253     6.6266     0.0012    1.30781    1.30776          1     0.0356     0.0652      21.91     0.3087     0.2243  1.000e-12  0.4028000    11.9196    11.9186    -0.0010     9.3202     9.3194    118.372    120.892      0.492    1450.27    1450.27  0.000e+00
      37593    120.000     6.6283     6.6295     0.0012    1.30981    1.30978          1     0.0350     0.0662      21.25     0.3334     0.2480  1.000e-12  0.5677000    11.9382    11.9374    -0.0008     9.3346     9.3339    118.867    121.396      0.496    1450.31    1450.32  0.000e+00
      37618    120.500     6.6306     6.6319     0.0013    1.31179    1.31174          1     0.0360     0.0657      20.85     0.3024     0.3054  1.000e-12  0.6480000    11.9569    11.9559    -0.0009     9.3491     9.3483    119.362    121.901      0.492    1450.36    1450.36  0.000e+00
      37642    121.000     6.6369     6.6380     0.0011    1.31461    1.31455          1     0.0372     0.0665      19.84     0.3047     0.2362  1.000e-12  0.3998000    11.9823    11.9814    -0.0009     9.3687     9.3678    119.857    122.405      0.484    1450.42    1450.42  0.000e+00
      37667    121.500     6.6412     6.6426     0.0014    1.31737    1.31733          1     0.0369     0.0671      19.65     0.2905     0.1969  1.000e-12  0.5703000    12.0080    12.0071    -0.0009     9.3885     9.3877    120.352    122.910      0.483    1450.48    1450.48  0.000e+00
      37692    122.000     6.6412     6.6425     0.0012    1.31990    1.31987          1     0.0364     0.0651      19.32     0.3182     0.2391  1.000e-12  0.6130000    12.0328    12.0321    -0.0007     9.4080     9.4074    120.848    123.415      0.490    1450.52    1450.52  0.000e+00
      37716    122.500     6.6421     6.6434     0.0012    1.32191    1.32188          1     0.0356     0.0640      18.84     0.3118     0.2356  1.000e-12  0.5986000    12.0522    12.0515    -0.0007     9.4232     9.4226    121.343    123.919      0.503    1450.56    1450.56  0.000e+00
      37740    123.000     6.6428     6.6441     0.0013    1.32377    1.32373          1     0.0376     0.0638      18.30     0.3045     0.2163  1.000e-12  0.6000000    12.0702    12.0695    -0.0008     9.4373     9.4366    121.838    124.424      0.502    1450.59    1450.59  0.000e+00
      37764    123.500     6.6415     6.6429     0.0013    1.32558    1.32556          1     0.0357     0.0629      17.85     0.3144     0.2229  1.000e-12  0.5079000    12.0885    12.0878    -0.0007     9.4517     9.4510    122.333    124.928      0.490    1450.61    1450.62  0.000e+00
      37789    124.000     6.6420     6.6434     0.0015    1.32683    1.32685          1     0.0351     0.0654      17.26     0.3060     0.2267  1.000e-12  0.4921000    12.1006    12.1003    -0.0003     9.4612     9.4609    122.828    125.433      0.490    1450.64    1450.64  0.000e+00
      37813    124.500     6.6443     6.6456     0.0013    1.33005    1.33002          1     0.0360     0.0634      16.73     0.2921     0.2087  1.000e-12  0.5221000    12.1315    12.1307    -0.0007     9.4852     9.4846    123.323    125.937      0.498    1450.70    1450.70  0.000e+00
      37837    125.000     6.6494     6.6507     0.0013    1.33319    1.33315          1     0.0331     0.0631      16.22     0.3056     0.2120  1.000e-12  0.5365000    12.1606    12.1597    -0.0008     9.5077     9.5070    123.818    126.442      0.495    1450.76    1450.77  0.000e+00
      37861    125.500     6.6520     6.6533     0.0013    1.33541    1.33536          1     0.0351     0.0642      15.67     0.3096     0.2282  1.000e-12  0.5914000    12.1815    12.1805    -0.0010     9.5240     9.5231    124.314    126.946      0.490    1450.81    1450.81  0.000e+00
      37886    126.000     6.6537     6.6549     0.0012    1.33922    1.33915          1     0.0354     0.0629      15.15     0.3023     0.1892  1.000e-12  0.5926000    12.2184    12.2173    -0.0012     9.5528     9.5518    124.809    127.450      0.490    1450.87    1450.87  0.000e+00
      37910    126.500     6.6591     6.6604     0.0013    1.34223    1.34222          1     0.0332     0.0640      14.66     0.3035     0.1822  1.000e-12  0.5459000    12.2461    12.2456    -0.0005     9.5742     9.5737    125.304    127.955      0.494    1450.93    1450.94  0.000e+00
      37935    127.000     6.6607     6.6620     0.0013    1.34451    1.34450          1     0.0338     0.0632      14.12     0.3143     0.2086  1.000e-12  0.5151000    12.2680    12.2674    -0.0006     9.5912     9.5907    125.799    128.459      0.483    1450.97    1450.98  0.000e+00
      37960    127.500     6.6611     6.6625     0.0014    1.34634    1.34635          1     0.0336     0.0625      13.63     0.3207     0.2331  1.000e-12  0.4715000    12.2859    12.2854    -0.0005     9.6052     9.6048    126.294    128.964      0.483    1451.01    1451.01  0.000e+00
      37984    128.000     6.6613     6.6626     0.0013    1.34732    1.34732          1     0.0326     0.0633      13.10     0.3127     0.2223  1.000e-12  0.4297000    12.2954    12.2949    -0.0005     9.6127     9.6122    126.789    129.468      0.496    1451.03    1451.03  0.000e+00
      38008    128.500     6.6627     6.6640     0.0013    1.34966    1.34959          1     0.0339     0.0640      12.56     0.3144     0.1798  1.000e-12  0.4244000    12.3179    12.3167    -0.0011     9.6302     9.6293    127.284    129.973      0.506    1451.07    1451.07  0.000e+00
      38032    129.000     6.6651     6.6663     0.0012    1.35251    1.35248          1     0.0326     0.0630      12.06     0.3060     0.2252  1.000e-12  0.4054000    12.3451    12.3444    -0.0007     9.6514     9.6508    127.779    130.477      0.504    1451.12    1451.13  0.000e+00
      38056    129.500     6.6664     6.6676     0.0012    1.35370    1.35362          1     0.0348     0.0629      11.57     0.2999     0.2032  1.000e-12  0.3692000    12.3562    12.3551    -0.0011     9.6601     9.6591    128.274    130.981      0.487    1451.15    1451.15  0.000e+00
      38081    130.000     6.6686     6.6698     0.0012    1.35504    1.35500          1     0.0343     0.0630      11.06     0.2959     0.2307  1.000e-12  0.3511000    12.3686    12.3678    -0.0008     9.6697     9.6689    128.770    131.486      0.478    1451.18    1451.19  0.000e+00
      38106    130.500     6.6707     6.6720     0.0013    1.35598    1.35595          1     0.0330     0.0614      10.54     0.3108     0.2123  1.000e-12  0.3029000    12.3771    12.3764    -0.0007     9.6761     9.6755    129.265    131.990      0.495    1451.21    1451.21  0.000e+00
      38130    131.000     6.6730     6.6743     0.0013    1.35731    1.35727          1     0.0326     0.0619      10.01     0.3081     0.1833  1.000e-12  0.3026000    12.3893    12.3884    -0.0009     9.6856     9.6848    129.760    132.495      0.502    1451.24    1451.25  0.000e+00
      38154    131.500     6.6760     6.6773     0.0012    1.35886    1.35884          1     0.0329     0.0640       9.49     0.3216     0.2098  1.000e-12  0.2908000    12.4035    12.4028    -0.0007     9.6965     9.6958    130.255    132.999      0.471    1451.28    1451.28  0.000e+00
      38182    132.000     6.6782     6.6794     0.0013    1.35992    1.35991          1     0.0323     0.0630       8.64     0.3087     0.2374  1.000e-12  0.3004000    12.4130    12.4125    -0.0005     9.7038     9.7033    130.750    133.503      0.381    1451.31    1451.31  0.000e+00
      38217    132.500     6.6801     6.6813     0.0012    1.36070    1.36071          1     0.0335     0.0617       8.09     0.3077     0.2320  1.000e-12  0.2956000    12.4199    12.4196    -0.0004     9.7091     9.7087    131.245    134.008      0.337    1451.33    1451.34  0.000e+00
      38254    133.000     6.6821     6.6833     0.0012    1.36152    1.36153          1     0.0336     0.0615       7.76     0.3116     0.2165  1.000e-12  0.2913000    12.4272    12.4269    -0.0003     9.7146     9.7143    131.740    134.512      0.314    1451.36    1451.36  0.000e+00
      38292    133.500     6.6847     6.6860     0.0013    1.36266    1.36268          1     0.0327     0.0594       7.31     0.3123     0.2157  1.000e-12  0.2967000    12.4375    12.4372    -0.0003     9.7225     9.7221    132.235    135.016      0.311    1451.39    1451.40  0.000e+00
      38332    134.000     6.6896     6.6908     0.0011    1.36444    1.36440          1     0.0330     0.0623       6.80     0.3180     0.2493  1.000e-12  0.3022000    12.4532    12.4524    -0.0008     9.7344     9.7337    132.730    135.521      0.292    1451.44    1451.44  0.000e+00
      38375    134.500     6.6910     6.6923     0.0013    1.36476    1.36476          1     0.0322     0.0606       6.24     0.3269     0.2600  1.000e-12  0.3447000    12.4558    12.4553    -0.0005     9.7364     9.7359    133.225    136.025      0.259    1451.46    1451.46  0.000e+00
      38426    135.000     6.6911     6.6924     0.0013    1.36480    1.36481          1     0.0312     0.0604       5.68     0.3094     0.1814  1.000e-12  0.3481000    12.4560    12.4556    -0.0004     9.7365     9.7361    133.721    136.530      0.218    1451.47    1451.47  0.000e+00
      38484    135.500     6.6916     6.6928     0.0012    1.36496    1.36493          1     0.0318     0.0605       5.15     0.3263     0.2278  1.000e-12  0.3463000    12.4574    12.4566    -0.0008     9.7376     9.7369    134.216    137.034      0.211    1451.48    1451.48  0.000e+00
      38542    136.000     6.6933     6.6946     0.0013    1.36566    1.36566          1     0.0310     0.0596       4.68     0.3131     0.1972  1.000e-12  0.3703000    12.4635    12.4631    -0.0004     9.7423     9.7418    134.711    137.538      0.190    1451.50    1451.50  0.000e+00
      38604    136.500     6.6944     6.6955     0.0012    1.36601    1.36598          1     0.0299     0.0595       4.29     0.3320     0.2175  1.000e-12  0.3724000    12.4665    12.4658    -0.0007     9.7445     9.7439    135.206    138.043      0.202    1451.51    1451.52  0.000e+00
      38687    137.000     6.6971     6.6985     0.0014    1.36736    1.36732          1     0.0308     0.0595       3.70     0.3268     0.1996  1.000e-12  0.3583000    12.4787    12.4779    -0.0008     9.7539     9.7531    135.701    138.547      0.185    1451.55    1451.55  0.000e+00
      38747    137.500     6.7021     6.7029     0.0009    1.36957    1.36944          1     0.0285     0.0592       3.31     0.3124     0.2081  1.000e-12  0.3461000    12.4987    12.4971    -0.0017     9.7692     9.7679    136.196    139.051      0.406    1451.60    1451.61  0.000e+00
      38767    138.000     6.7109     6.7121     0.0012    1.37428    1.37422          1     0.0310     0.0587       3.34     0.3123     0.2270  1.000e-12  0.3543000    12.5419    12.5409    -0.0011     9.8025     9.8016    136.691    139.556      0.291    1451.70    1451.71  0.000e+00
