ctdpy/exports/archive_20191121_122431/received_data/SBE09_0827_20180301_0538_26_01_0335.cnv
* Sea-Bird SBE 9 Data File:
* FileName = D:\CTD_SBE911\DAT\26DA.2018.3.35.hex
* Software Version Seasave V 7.21d
* Temperature SN = 034757
* Conductivity SN = 041844
* Number of Bytes Per Scan = 48
* Number of Voltage Words = 5
* Number of Scans Averaged by the Deck Unit = 1
* NMEA Latitude = 57 14.81 N
* NMEA Longitude = 019 05.90 E
* NMEA UTC (Time) = Mar 01 2018  05:39:20
* NMEA baud rate = 4800
** Ship: DANA
** Average sound velocity: 1430.01 m/s
** True-depth calculation Tue, 02 Apr 2019 12:08:28 +0000
** CTD Python Module SMHI /ver 3-12/ feb 2012 
** LIMS Job: 20182601-0335
** Operator:
** Cruise: 02/2018
# nquan = 26
# nvalues = 170                         
# units = specified
# name 0 = scan: Scan Count
# name 1 = prDM: Pressure, Digiquartz [db]
# name 2 = t090C: Temperature [ITS-90, deg C]
# name 3 = t190C: Temperature, 2 [ITS-90, deg C]
# name 4 = T2-T190C: Temperature Difference, 2 - 1 [ITS-90, deg C]
# name 5 = c0S/m: Conductivity [S/m]
# name 6 = c1S/m: Conductivity, 2 [S/m]
# name 7 = pumps: Pump Status
# name 8 = sbeox1ML/L: Oxygen, SBE 43, 2 [ml/l]
# name 9 = sbeox0ML/L: Oxygen, SBE 43 [ml/l]
# name 10 = altM: Altimeter [m]
# name 11 = chloroflTC0: Chlorophyll, Turner Cyclops [ug/l]
# name 12 = cpar: CPAR/Corrected Irradiance [%]
# name 13 = par: PAR/Irradiance, Biospherical/Lico [µE/(cm^2*s)]
# name 14 = spar: SPAR, Biospherical/Licor
# name 15 = sal00: Salinity, Practical [PSU]
# name 16 = sal11: Salinity, Practical, 2 [PSU]
# name 17 = secS-priS: Salinity, Practical, Difference, 2 - 1 [PSU]
# name 18 = sigma-t00: Density [sigma-t, kg/m^3 ]
# name 19 = sigma-t11: Density, 2 [sigma-t, kg/m^3 ]
# name 20 = depSM: Depth [salt water, m], lat = 57.2468
# name 21 = depFM: Depth [true depth, m], lat = 57.2468
# name 22 = dz/dtM: Descent Rate [m/s], WS = 2
# name 23 = svCM: Sound Velocity [Chen-Millero, m/s]
# name 24 = svCM1: Sound Velocity, 2 [Chen-Millero, m/s]
# name 25 = flag: flag
# span 0 =        -57,       8536       
# span 1 =      2.000,     86.500       
# span 2 =     3.0565,     5.7502       
# span 3 =     3.0547,     5.7492       
# span 4 =    -1.2910,     0.0050       
# span 5 =   0.758396,   1.105407       
# span 6 =   0.757550,   1.104531       
# span 7 =          1,          1       
# span 8 =     0.2071,     8.5756       
# span 9 =     0.2323,     8.4676       
# span 10 =      -0.53,       9.97      
# span 11 =     0.0115,     0.0161      
# span 12 = 7.0344e-12, 3.0332e+00      
# span 13 = 1.0000e-12, 2.4640e-01      
# span 14 = 8.1233e+00, 1.4216e+01      
# span 15 =     7.3906,    10.2034      
# span 16 =     7.3829,    10.1946      
# span 17 =    -1.1741,    -0.0062      
# span 18 =     5.8914,     8.0284      
# span 19 =     5.8854,     8.0214      
# span 20 =      1.982,     85.686      
# span 21 =      2.025,     87.564      
# span 22 =     -0.152,      0.735      
# span 23 =    1426.97,    1443.88      
# span 24 =    1426.96,    1443.87      
# span 25 = 0.0000e+00, 0.0000e+00      
# interval = decibars: 0.5              
# start_time = Mar 01 2018 05:39:20 [NMEA time, first data scan]
# bad_flag = -9.990e-29
*END*
[from data line 56]
       2868     30.000     3.0724     3.0734     0.0009    0.75905    0.75831          1     8.5639     8.4385       9.97     0.0122  1.231e-11  1.000e-12  8.123e+00     7.3912     7.3832    -0.0080     5.8919     5.8856     29.722     30.377      0.224    1427.49    1427.48  0.000e+00
       2915     30.500     3.0717     3.0729     0.0012    0.75903    0.75830          1     8.5756     8.4438       9.97     0.0123  1.231e-11  1.000e-12  8.123e+00     7.3912     7.3833    -0.0079     5.8919     5.8856     30.217     30.883      0.311    1427.49    1427.49  0.000e+00
       2947     31.000     3.0711     3.0726     0.0015    0.75902    0.75830          1     8.5689     8.4574       9.97     0.0122  1.231e-11  1.000e-12  8.123e+00     7.3911     7.3832    -0.0079     5.8919     5.8855     30.712     31.390      0.445    1427.50    1427.50  0.000e+00
       2972     31.500     3.0722     3.0725     0.0003    0.75906    0.75831          1     8.5666     8.4640       9.97     0.0123  1.231e-11  1.000e-12  8.123e+00     7.3912     7.3832    -0.0080     5.8919     5.8856     31.208     31.896      0.417    1427.51    1427.50  0.000e+00
       3054     32.000     3.0740     3.0742     0.0002    0.75913    0.75836          1     8.5625     8.4537       9.97     0.0123  1.231e-11  1.000e-12  8.123e+00     7.3914     7.3833    -0.0081     5.8921     5.8856     31.703     32.402      0.268    1427.53    1427.52  0.000e+00
       3102     32.500     3.0747     3.0755     0.0008    0.75915    0.75840          1     8.5681     8.4522       9.97     0.0144  1.231e-11  1.000e-12  8.123e+00     7.3914     7.3834    -0.0080     5.8921     5.8857     32.198     32.909      0.431    1427.54    1427.54  0.000e+00
       3131     33.000     3.0745     3.0757     0.0011    0.75915    0.75841          1     8.5643     8.4509       9.97     0.0131  1.231e-11  1.000e-12  8.123e+00     7.3914     7.3834    -0.0080     5.8920     5.8857     32.694     33.415      0.348    1427.55    1427.54  0.000e+00
       3179     33.500     3.0749     3.0754     0.0006    0.75916    0.75842          1     8.5663     8.4444       9.97     0.0124  1.231e-11  1.000e-12  8.123e+00     7.3914     7.3834    -0.0079     5.8920     5.8857     33.189     33.921      0.211    1427.56    1427.55  0.000e+00
       3233     34.000     3.0751     3.0755     0.0005    0.75917    0.75842          1     8.5505     8.4509       9.97     0.0122  1.231e-11  1.000e-12  8.123e+00     7.3913     7.3834    -0.0079     5.8920     5.8857     33.684     34.427      0.262    1427.57    1427.56  0.000e+00
       3275     34.500     3.0758     3.0757    -0.0001    0.75919    0.75843          1     8.5643     8.4395       9.97     0.0123  1.231e-11  1.000e-12  8.123e+00     7.3913     7.3834    -0.0079     5.8920     5.8856     34.180     34.934      0.285    1427.58    1427.57  0.000e+00
       3322     35.000     3.0762     3.0761    -0.0001    0.75921    0.75844          1     8.5626     8.4415       9.97     0.0122  1.231e-11  1.000e-12  8.123e+00     7.3913     7.3834    -0.0080     5.8920     5.8856     34.675     35.440      0.227    1427.59    1427.58  0.000e+00
       3373     35.500     3.0767     3.0767     0.0000    0.75923    0.75846          1     8.5580     8.4327       9.97     0.0122  1.231e-11  1.000e-12  8.123e+00     7.3914     7.3833    -0.0081     5.8920     5.8856     35.170     35.946      0.314    1427.60    1427.59  0.000e+00
       3403     36.000     3.0767     3.0772     0.0005    0.75923    0.75848          1     8.5582     8.4326       9.97     0.0122  1.231e-11  1.000e-12  8.123e+00     7.3913     7.3834    -0.0079     5.8920     5.8856     35.666     36.453      0.443    1427.61    1427.60  0.000e+00
       3448     36.500     3.0768     3.0773     0.0005    0.75924    0.75849          1     8.5528     8.4440       9.97     0.0122  1.231e-11  1.000e-12  8.123e+00     7.3913     7.3833    -0.0079     5.8919     5.8856     36.161     36.959      0.318    1427.61    1427.61  0.000e+00
       3525     37.000     3.0759     3.0764     0.0005    0.75922    0.75848          1     8.5621     8.4462       9.97     0.0122  1.231e-11  1.000e-12  8.123e+00     7.3912     7.3834    -0.0078     5.8919     5.8856     36.656     37.465      0.509    1427.62    1427.61  0.000e+00
       3543     37.500     3.0754     3.0771     0.0017    0.75922    0.75850          1     8.5629     8.4419       9.97     0.0122  1.231e-11  1.000e-12  8.123e+00     7.3913     7.3833    -0.0079     5.8919     5.8856     37.152     37.971      0.562    1427.62    1427.62  0.000e+00
       3580     38.000     3.0764     3.0770     0.0006    0.75924    0.75850          1     8.5621     8.4448       9.97     0.0122  1.231e-11  1.000e-12  8.123e+00     7.3912     7.3834    -0.0078     5.8919     5.8856     37.647     38.478      0.317    1427.63    1427.63  0.000e+00
       3652     38.500     3.0754     3.0760     0.0006    0.75923    0.75849          1     8.5475     8.4576       9.97     0.0126  1.231e-11  1.000e-12  8.123e+00     7.3912     7.3833    -0.0079     5.8919     5.8856     38.142     38.984      0.357    1427.64    1427.63  0.000e+00
       3682     39.000     3.0753     3.0772     0.0019    0.75923    0.75852          1     8.5556     8.4595       9.97     0.0122  1.231e-11  1.000e-12  8.123e+00     7.3912     7.3833    -0.0078     5.8919     5.8856     38.637     39.490      0.303    1427.65    1427.64  0.000e+00
       3741     39.500     3.0754     3.0760     0.0006    0.75924    0.75850          1     8.5600     8.4407       9.97     0.0122  1.231e-11  1.000e-12  8.123e+00     7.3912     7.3833    -0.0079     5.8919     5.8856     39.133     39.997      0.287    1427.65    1427.65  0.000e+00
       3772     40.000     3.0760     3.0761     0.0001    0.75925    0.75851          1     8.5711     8.4434       9.97     0.0124  1.231e-11  1.000e-12  8.123e+00     7.3911     7.3833    -0.0078     5.8918     5.8856     39.628     40.503      0.373    1427.66    1427.65  0.000e+00
       3870     40.500     3.0768     3.0773     0.0005    0.75928    0.75853          1     8.5642     8.4415       9.97     0.0122  1.231e-11  1.000e-12  8.123e+00     7.3911     7.3832    -0.0079     5.8918     5.8855     40.123     41.009      0.363    1427.68    1427.67  0.000e+00
       3901     41.000     3.0777     3.0770    -0.0006    0.75931    0.75853          1     8.5506     8.4388       9.97     0.0122  1.231e-11  1.000e-12  8.123e+00     7.3912     7.3833    -0.0079     5.8918     5.8855     40.619     41.515      0.657    1427.69    1427.67  0.000e+00
       3918     41.500     3.0762     3.0771     0.0009    0.75927    0.75854          1     8.5426     8.4453       9.97     0.0127  1.231e-11  1.000e-12  8.123e+00     7.3911     7.3833    -0.0078     5.8918     5.8856     41.114     42.022      0.696    1427.69    1427.68  0.000e+00
       3936     42.000     3.0771     3.0778     0.0007    0.75930    0.75856          1     8.5419     8.4514       9.97     0.0125  1.231e-11  1.000e-12  8.123e+00     7.3911     7.3832    -0.0079     5.8918     5.8855     41.609     42.528      0.527    1427.70    1427.69  0.000e+00
       4023     42.500     3.0752     3.0762     0.0010    0.75925    0.75853          1     8.5552     8.4526       9.97     0.0125  1.226e-11  1.000e-12  8.169e+00     7.3910     7.3833    -0.0077     5.8917     5.8855     42.104     43.034      0.323    1427.70    1427.69  0.000e+00
       4066     43.000     3.0739     3.0758     0.0019    0.75923    0.75853          1     8.5565     8.4418       9.97     0.0122  1.210e-11  1.000e-12  8.300e+00     7.3909     7.3832    -0.0077     5.8917     5.8855     42.600     43.541      0.509    1427.70    1427.70  0.000e+00
       4090     43.500     3.0722     3.0765     0.0043    0.75918    0.75855          1     8.5645     8.4523       9.97     0.0122  1.203e-11  1.000e-12  8.358e+00     7.3908     7.3832    -0.0077     5.8916     5.8855     43.095     44.047      0.448    1427.70    1427.71  0.000e+00
       4157     44.000     3.0726     3.0745     0.0019    0.75921    0.75851          1     8.5628     8.4526       9.97     0.0121  1.161e-11  1.000e-12  8.703e+00     7.3909     7.3832    -0.0077     5.8917     5.8855     43.590     44.553      0.283    1427.71    1427.71  0.000e+00
       4218     44.500     3.0725     3.0726    -0.0000    0.75921    0.75847          1     8.5483     8.4494       9.97     0.0122  1.083e-11  1.000e-12  9.341e+00     7.3909     7.3831    -0.0078     5.8917     5.8855     44.086     45.059      0.522    1427.72    1427.71  0.000e+00
       4238     45.000     3.0728     3.0732     0.0004    0.75923    0.75848          1     8.5467     8.4543       9.97     0.0122  1.019e-11  1.000e-12  9.870e+00     7.3909     7.3830    -0.0079     5.8917     5.8854     44.581     45.566      0.508    1427.73    1427.72  0.000e+00
       4281     45.500     3.0727     3.0739     0.0012    0.75923    0.75852          1     8.5616     8.4583       9.97     0.0122  9.939e-12  1.000e-12  1.008e+01     7.3909     7.3832    -0.0078     5.8917     5.8855     45.076     46.072      0.265    1427.73    1427.73  0.000e+00
       4348     46.000     3.0736     3.0734    -0.0002    0.75926    0.75850          1     8.5665     8.4474       9.97     0.0122  9.917e-12  1.000e-12  1.010e+01     7.3910     7.3831    -0.0079     5.8917     5.8854     45.572     46.578      0.338    1427.75    1427.74  0.000e+00
       4378     46.500     3.0745     3.0742    -0.0003    0.75930    0.75853          1     8.5685     8.4535       9.97     0.0120  9.852e-12  1.000e-12  1.015e+01     7.3911     7.3832    -0.0080     5.8918     5.8855     46.067     47.085      0.332    1427.76    1427.75  0.000e+00
       4435     47.000     3.0742     3.0746     0.0004    0.75930    0.75856          1     8.5589     8.4505       9.97     0.0123  9.848e-12  1.000e-12  1.015e+01     7.3911     7.3833    -0.0078     5.8918     5.8856     46.562     47.591      0.250    1427.77    1427.76  0.000e+00
       4476     47.500     3.0741     3.0747     0.0006    0.75931    0.75857          1     8.5647     8.4401       9.97     0.0123  9.848e-12  1.000e-12  1.015e+01     7.3911     7.3833    -0.0078     5.8918     5.8856     47.057     48.097      0.442    1427.77    1427.77  0.000e+00
       4502     48.000     3.0746     3.0752     0.0006    0.75932    0.75859          1     8.5701     8.4404       9.97     0.0122  9.848e-12  1.000e-12  1.015e+01     7.3911     7.3833    -0.0078     5.8918     5.8856     47.553     48.603      0.374    1427.78    1427.78  0.000e+00
       4575     48.500     3.0740     3.0749     0.0009    0.75931    0.75859          1     8.5599     8.4467       9.97     0.0122  9.848e-12  1.000e-12  1.015e+01     7.3910     7.3833    -0.0077     5.8917     5.8856     48.048     49.110      0.279    1427.79    1427.78  0.000e+00
       4614     49.000     3.0752     3.0748    -0.0003    0.75935    0.75859          1     8.5554     8.4437       9.97     0.0122  9.848e-12  1.000e-12  1.015e+01     7.3911     7.3832    -0.0079     5.8918     5.8855     48.543     49.616      0.487    1427.80    1427.79  0.000e+00
       4637     49.500     3.0763     3.0754    -0.0009    0.75938    0.75861          1     8.5546     8.4439       9.97     0.0122  9.848e-12  1.000e-12  1.015e+01     7.3911     7.3832    -0.0079     5.8918     5.8855     49.038     50.122      0.428    1427.81    1427.80  0.000e+00
       4712     50.000     3.0769     3.0769    -0.0000    0.75942    0.75867          1     8.5562     8.4403       9.97     0.0121  9.848e-12  1.000e-12  1.015e+01     7.3913     7.3835    -0.0079     5.8920     5.8857     49.534     50.629      0.289    1427.83    1427.82  0.000e+00
       4752     50.500     3.0767     3.0774     0.0006    0.75942    0.75870          1     8.5493     8.4367       9.97     0.0122  9.848e-12  1.000e-12  1.015e+01     7.3912     7.3836    -0.0077     5.8919     5.8858     50.029     51.135      0.514    1427.83    1427.83  0.000e+00
       4776     51.000     3.0770     3.0778     0.0008    0.75944    0.75871          1     8.5528     8.4483       9.97     0.0120  9.848e-12  1.000e-12  1.015e+01     7.3913     7.3835    -0.0078     5.8919     5.8857     50.524     51.641      0.426    1427.84    1427.84  0.000e+00
       4829     51.500     3.0766     3.0781     0.0015    0.75943    0.75873          1     8.5580     8.4509       9.97     0.0121  9.848e-12  1.000e-12  1.015e+01     7.3912     7.3836    -0.0077     5.8919     5.8858     51.020     52.147      0.234    1427.85    1427.84  0.000e+00
       4880     52.000     3.0769     3.0774     0.0005    0.75943    0.75871          1     8.5494     8.4518       9.97     0.0122  9.848e-12  1.000e-12  1.015e+01     7.3912     7.3835    -0.0077     5.8918     5.8857     51.515     52.654      0.265    1427.86    1427.85  0.000e+00
       4933     52.500     3.0764     3.0775     0.0010    0.75941    0.75871          1     8.5648     8.4497       9.97     0.0122  9.848e-12  1.000e-12  1.015e+01     7.3910     7.3834    -0.0076     5.8917     5.8857     52.010     53.160      0.228    1427.86    1427.86  0.000e+00
       4977     53.000     3.0758     3.0774     0.0016    0.75941    0.75871          1     8.5659     8.4605       9.97     0.0121  9.848e-12  1.000e-12  1.015e+01     7.3910     7.3834    -0.0077     5.8917     5.8856     52.505     53.666      0.299    1427.87    1427.87  0.000e+00
       5031     53.500     3.0756     3.0774     0.0018    0.75941    0.75872          1     8.5677     8.4554       9.97     0.0122  9.848e-12  1.000e-12  1.015e+01     7.3910     7.3834    -0.0077     5.8917     5.8856     53.001     54.173      0.192    1427.87    1427.87  0.000e+00
       5094     54.000     3.0763     3.0764     0.0001    0.75943    0.75870          1     8.5565     8.4445       9.97     0.0119  9.848e-12  1.000e-12  1.015e+01     7.3910     7.3834    -0.0076     5.8917     5.8856     53.496     54.679      0.312    1427.89    1427.88  0.000e+00
       5124     54.500     3.0770     3.0767    -0.0003    0.75944    0.75872          1     8.5573     8.4488       9.97     0.0120  9.848e-12  1.000e-12  1.015e+01     7.3908     7.3834    -0.0075     5.8916     5.8856     53.991     55.185      0.414    1427.90    1427.89  0.000e+00
       5155     55.000     3.0771     3.0774     0.0003    0.75945    0.75873          1     8.5659     8.4514       9.97     0.0122  9.848e-12  1.000e-12  1.015e+01     7.3909     7.3833    -0.0075     5.8916     5.8856     54.486     55.691      0.308    1427.91    1427.90  0.000e+00
       5247     55.500     3.0771     3.0774     0.0004    0.75945    0.75873          1     8.5559     8.4378       9.97     0.0121  9.848e-12  1.000e-12  1.015e+01     7.3909     7.3832    -0.0076     5.8916     5.8855     54.982     56.198      0.301    1427.91    1427.90  0.000e+00
       5280     56.000     3.0766     3.0775     0.0008    0.75945    0.75874          1     8.5500     8.4430       9.97     0.0122  9.848e-12  1.000e-12  1.015e+01     7.3909     7.3832    -0.0076     5.8916     5.8855     55.477     56.704      0.431    1427.92    1427.91  0.000e+00
       5320     56.500     3.0773     3.0784     0.0011    0.75947    0.75877          1     8.5594     8.4495       9.97     0.0115  9.848e-12  1.000e-12  1.015e+01     7.3909     7.3832    -0.0076     5.8916     5.8855     55.972     57.210      0.300    1427.93    1427.93  0.000e+00
       5406     57.000     3.0773     3.0772    -0.0000    0.75948    0.75875          1     8.5609     8.4426       9.97     0.0122  9.848e-12  1.000e-12  1.015e+01     7.3908     7.3832    -0.0076     5.8916     5.8855     56.468     57.717      0.380    1427.94    1427.93  0.000e+00
