ctdpy/exports/archive_20191121_122431/received_data/SBE09_0827_20180302_1122_26_01_0346.cnv
* Sea-Bird SBE 9 Data File:
* FileName = D:\CTD_SBE911\DAT\26DA.2018.3.46.hex
* Software Version Seasave V 7.21d
* Temperature SN = 034757
* Conductivity SN = 041844
* Number of Bytes Per Scan = 48
* Number of Voltage Words = 5
* Number of Scans Averaged by the Deck Unit = 1
* NMEA Latitude = 57 34.79 N
* NMEA Longitude = 019 10.22 E
* NMEA UTC (Time) = Mar 02 2018  11:22:59
* NMEA baud rate = 4800
** Ship: DANA
** Average sound velocity: 1424.09 m/s
** True-depth calculation Tue, 02 Apr 2019 12:09:23 +0000
** CTD Python Module SMHI /ver 3-12/ feb 2012 
** LIMS Job: 20182601-0346
** Operator:
** Cruise: 02/2018
# nquan = 26
# nvalues = 87                          
# units = specified
# name 0 = scan: Scan Count
# name 1 = prDM: Pressure, Digiquartz [db]
# name 2 = t090C: Temperature [ITS-90, deg C]
# name 3 = t190C: Temperature, 2 [ITS-90, deg C]
# name 4 = T2-T190C: Temperature Difference, 2 - 1 [ITS-90, deg C]
# name 5 = c0S/m: Conductivity [S/m]
# name 6 = c1S/m: Conductivity, 2 [S/m]
# name 7 = pumps: Pump Status
# name 8 = sbeox1ML/L: Oxygen, SBE 43, 2 [ml/l]
# name 9 = sbeox0ML/L: Oxygen, SBE 43 [ml/l]
# name 10 = altM: Altimeter [m]
# name 11 = chloroflTC0: Chlorophyll, Turner Cyclops [ug/l]
# name 12 = cpar: CPAR/Corrected Irradiance [%]
# name 13 = par: PAR/Irradiance, Biospherical/Lico [µE/(cm^2*s)]
# name 14 = spar: SPAR, Biospherical/Licor
# name 15 = sal00: Salinity, Practical [PSU]
# name 16 = sal11: Salinity, Practical, 2 [PSU]
# name 17 = secS-priS: Salinity, Practical, Difference, 2 - 1 [PSU]
# name 18 = sigma-t00: Density [sigma-t, kg/m^3 ]
# name 19 = sigma-t11: Density, 2 [sigma-t, kg/m^3 ]
# name 20 = depSM: Depth [salt water, m], lat = 57.5798
# name 21 = depFM: Depth [true depth, m], lat = 57.5798
# name 22 = dz/dtM: Descent Rate [m/s], WS = 2
# name 23 = svCM: Sound Velocity [Chen-Millero, m/s]
# name 24 = svCM1: Sound Velocity, 2 [Chen-Millero, m/s]
# name 25 = flag: flag
# span 0 =        262,       4321       
# span 1 =      2.500,     45.500       
# span 2 =     2.3301,     2.4785       
# span 3 =     2.3303,     2.4659       
# span 4 =    -0.0320,     0.0174       
# span 5 =   0.741373,   0.745501       
# span 6 =   0.740793,   0.744473       
# span 7 =          1,          1       
# span 8 =     8.6929,     8.7322       
# span 9 =     8.6618,     8.7276       
# span 10 =       2.02,       9.99      
# span 11 =     0.0125,     0.0144      
# span 12 = 3.5172e-13, 7.0643e+00      
# span 13 = 1.0000e-12, 2.0721e+01      
# span 14 = 2.7054e+02, 2.9451e+02      
# span 15 =     7.3785,     7.3835      
# span 16 =     7.3719,     7.3760      
# span 17 =    -0.0099,    -0.0057      
# span 18 =     5.8851,     5.8891      
# span 19 =     5.8799,     5.8832      
# span 20 =      2.477,     45.075      
# span 21 =      2.531,     46.072      
# span 22 =     -0.014,      0.739      
# span 23 =    1423.70,    1424.96      
# span 24 =    1423.69,    1424.90      
# span 25 = 0.0000e+00, 0.0000e+00      
# interval = decibars: 0.5              
# start_time = Mar 02 2018 11:22:59 [NMEA time, first data scan]
# bad_flag = -9.990e-29
*END*
        262      2.500     2.3535     2.3514    -0.0022    0.74179    0.74115          1     8.7029     8.7103       9.99     0.0130  7.064e+00  2.072e+01  2.933e+02     7.3791     7.3727    -0.0064     5.8856     5.8805      2.477      2.531      0.367    1423.71    1423.69  0.000e+00
        353      3.000     2.3508     2.3504    -0.0004    0.74173    0.74114          1     8.7065     8.7100       9.99     0.0134  6.143e+00  1.807e+01  2.942e+02     7.3790     7.3728    -0.0062     5.8855     5.8806      2.972      3.038      0.369    1423.70    1423.69  0.000e+00
        445      3.500     2.3478     2.3490     0.0013    0.74166    0.74111          1     8.7083     8.7076       9.99     0.0139  5.356e+00  1.577e+01  2.945e+02     7.3789     7.3727    -0.0062     5.8854     5.8805      3.468      3.544      0.361    1423.70    1423.69  0.000e+00
        492      4.000     2.3479     2.3484     0.0005    0.74168    0.74110          1     8.6937     8.7091       9.99     0.0140  5.004e+00  1.473e+01  2.945e+02     7.3790     7.3726    -0.0064     5.8855     5.8804      3.963      4.050      0.701    1423.70    1423.70  0.000e+00
        508      4.500     2.3499     2.3491    -0.0008    0.74174    0.74112          1     8.6929     8.7124       9.99     0.0132  4.415e+00  1.300e+01  2.945e+02     7.3790     7.3726    -0.0064     5.8855     5.8804      4.458      4.557      0.617    1423.72    1423.71  0.000e+00
        569      5.000     2.3475     2.3475    -0.0000    0.74168    0.74110          1     8.7109     8.6979       9.98     0.0134  3.794e+00  1.117e+01  2.945e+02     7.3789     7.3727    -0.0062     5.8855     5.8805      4.954      5.063      0.408    1423.72    1423.71  0.000e+00
        616      5.500     2.3454     2.3461     0.0007    0.74163    0.74107          1     8.7130     8.6825       9.98     0.0134  3.449e+00  1.015e+01  2.945e+02     7.3788     7.3727    -0.0061     5.8853     5.8804      5.449      5.569      0.550    1423.72    1423.71  0.000e+00
        653      6.000     2.3403     2.3443     0.0040    0.74151    0.74103          1     8.7147     8.7016       9.98     0.0134  2.977e+00  8.765e+00  2.945e+02     7.3787     7.3726    -0.0061     5.8852     5.8804      5.945      6.075      0.325    1423.70    1423.71  0.000e+00
        731      6.500     2.3462     2.3448    -0.0014    0.74168    0.74104          1     8.7077     8.7171       9.98     0.0135  2.790e+00  8.215e+00  2.945e+02     7.3790     7.3725    -0.0065     5.8855     5.8803      6.440      6.582      0.352    1423.74    1423.72  0.000e+00
        758      7.000     2.3466     2.3458    -0.0008    0.74169    0.74108          1     8.7165     8.7109       9.97     0.0138  2.424e+00  7.137e+00  2.945e+02     7.3789     7.3726    -0.0064     5.8855     5.8804      6.935      7.088      0.411    1423.75    1423.73  0.000e+00
        811      7.500     2.3449     2.3451     0.0001    0.74165    0.74108          1     8.7132     8.7002       9.97     0.0133  2.154e+00  6.344e+00  2.945e+02     7.3788     7.3727    -0.0062     5.8854     5.8805      7.431      7.594      0.317    1423.74    1423.74  0.000e+00
        882      8.000     2.3431     2.3450     0.0019    0.74160    0.74107          1     8.7064     8.7099       9.97     0.0134  2.141e+00  6.305e+00  2.945e+02     7.3786     7.3726    -0.0061     5.8852     5.8804      7.926      8.101      0.684    1423.75    1423.75  0.000e+00
        895      8.500     2.3384     2.3429     0.0044    0.74149    0.74105          1     8.7054     8.7132       9.97     0.0134  1.870e+00  5.508e+00  2.945e+02     7.3785     7.3727    -0.0058     5.8851     5.8805      8.421      8.607      0.738    1423.73    1423.74  0.000e+00
        913      9.000     2.3362     2.3377     0.0015    0.74145    0.74093          1     8.7088     8.7109       9.97     0.0134  1.603e+00  4.720e+00  2.945e+02     7.3785     7.3726    -0.0059     5.8851     5.8804      8.917      9.113      0.519    1423.73    1423.73  0.000e+00
       1007      9.500     2.3377     2.3389     0.0012    0.74149    0.74095          1     8.7172     8.6970       9.96     0.0136  1.512e+00  4.454e+00  2.945e+02     7.3786     7.3725    -0.0060     5.8852     5.8803      9.412      9.619      0.442    1423.74    1423.74  0.000e+00
       1043     10.000     2.3337     2.3370     0.0033    0.74141    0.74092          1     8.7126     8.7065       9.96     0.0134  1.358e+00  3.998e+00  2.945e+02     7.3785     7.3726    -0.0059     5.8851     5.8804      9.907     10.126      0.491    1423.73    1423.74  0.000e+00
       1085     10.500     2.3333     2.3333     0.0001    0.74141    0.74083          1     8.7178     8.7237       9.96     0.0135  1.178e+00  3.469e+00  2.945e+02     7.3785     7.3724    -0.0062     5.8851     5.8802     10.403     10.632      0.260    1423.74    1423.73  0.000e+00
       1151     11.000     2.3349     2.3334    -0.0014    0.74147    0.74084          1     8.7161     8.7276       9.96     0.0133  1.097e+00  3.230e+00  2.945e+02     7.3787     7.3723    -0.0065     5.8853     5.8802     10.898     11.138      0.305    1423.75    1423.74  0.000e+00
       1192     11.500     2.3393     2.3354    -0.0039    0.74158    0.74089          1     8.7119     8.7259       9.96     0.0134  9.599e-01  2.826e+00  2.945e+02     7.3788     7.3723    -0.0065     5.8854     5.8801     11.394     11.645      0.258    1423.78    1423.76  0.000e+00
       1237     12.000     2.3356     2.3374     0.0018    0.74148    0.74094          1     8.7145     8.7198       9.96     0.0133  8.571e-01  2.524e+00  2.945e+02     7.3785     7.3724    -0.0061     5.8851     5.8802     11.889     12.151      0.321    1423.77    1423.77  0.000e+00
       1271     12.500     2.3318     2.3338     0.0020    0.74140    0.74088          1     8.7183     8.7176       9.96     0.0134  7.885e-01  2.317e+00  2.938e+02     7.3785     7.3724    -0.0061     5.8851     5.8803     12.384     12.657      0.322    1423.76    1423.76  0.000e+00
       1324     13.000     2.3301     2.3303     0.0002    0.74137    0.74079          1     8.7225     8.7157       9.96     0.0135  7.060e-01  2.066e+00  2.926e+02     7.3786     7.3723    -0.0062     5.8851     5.8801     12.880     13.164      0.195    1423.76    1423.75  0.000e+00
       1388     13.500     2.3352     2.3308    -0.0045    0.74151    0.74080          1     8.7263     8.7065       9.95     0.0134  6.186e-01  1.811e+00  2.928e+02     7.3787     7.3722    -0.0065     5.8853     5.8801     13.375     13.670      0.294    1423.79    1423.76  0.000e+00
       1427     14.000     2.3333     2.3339     0.0006    0.74146    0.74089          1     8.7223     8.7203       9.95     0.0134  5.735e-01  1.677e+00  2.925e+02     7.3786     7.3723    -0.0062     5.8852     5.8802     13.870     14.176      0.251    1423.79    1423.79  0.000e+00
       1479     14.500     2.3309     2.3311     0.0002    0.74141    0.74082          1     8.7203     8.7146       9.95     0.0137  5.343e-01  1.563e+00  2.924e+02     7.3785     7.3722    -0.0063     5.8851     5.8801     14.366     14.682      0.300    1423.79    1423.78  0.000e+00
       1509     15.000     2.3326     2.3331     0.0005    0.74146    0.74087          1     8.7126     8.7133       9.95     0.0138  4.631e-01  1.354e+00  2.924e+02     7.3786     7.3722    -0.0064     5.8852     5.8801     14.861     15.189      0.433    1423.80    1423.80  0.000e+00
       1555     15.500     2.3355     2.3342    -0.0013    0.74154    0.74091          1     8.7198     8.7181       9.95     0.0135  4.074e-01  1.191e+00  2.924e+02     7.3787     7.3723    -0.0064     5.8853     5.8802     15.356     15.695      0.295    1423.83    1423.81  0.000e+00
       1642     16.000     2.3367     2.3354    -0.0014    0.74158    0.74095          1     8.7187     8.7091       9.95     0.0133  3.912e-01  1.144e+00  2.924e+02     7.3788     7.3723    -0.0064     5.8853     5.8802     15.852     16.201      0.397    1423.84    1423.82  0.000e+00
       1663     16.500     2.3370     2.3357    -0.0013    0.74159    0.74096          1     8.7244     8.7170       9.95     0.0127  3.384e-01  9.896e-01  2.924e+02     7.3787     7.3723    -0.0064     5.8853     5.8802     16.347     16.708      0.485    1423.85    1423.84  0.000e+00
       1691     17.000     2.3375     2.3368    -0.0007    0.74160    0.74099          1     8.7193     8.7273       9.95     0.0141  2.908e-01  8.505e-01  2.924e+02     7.3787     7.3724    -0.0064     5.8853     5.8802     16.842     17.214      0.337    1423.86    1423.85  0.000e+00
       1771     17.500     2.3362     2.3369     0.0007    0.74157    0.74100          1     8.7267     8.7187       9.95     0.0135  2.716e-01  7.893e-01  2.906e+02     7.3787     7.3723    -0.0063     5.8852     5.8802     17.338     17.720      0.278    1423.86    1423.85  0.000e+00
       1810     18.000     2.3345     2.3366     0.0021    0.74154    0.74100          1     8.7245     8.7056       9.95     0.0140  2.365e-01  6.869e-01  2.904e+02     7.3786     7.3724    -0.0063     5.8852     5.8802     17.833     18.226      0.419    1423.86    1423.86  0.000e+00
       1838     18.500     2.3365     2.3364    -0.0002    0.74159    0.74100          1     8.7217     8.7061       9.95     0.0144  2.096e-01  6.087e-01  2.904e+02     7.3786     7.3723    -0.0063     5.8852     5.8802     18.328     18.733      0.380    1423.88    1423.87  0.000e+00
       1894     19.000     2.3376     2.3373    -0.0003    0.74163    0.74103          1     8.7258     8.7138       9.95     0.0132  1.890e-01  5.490e-01  2.904e+02     7.3787     7.3723    -0.0063     5.8853     5.8802     18.824     19.239      0.238    1423.89    1423.88  0.000e+00
       1954     19.500     2.3370     2.3399     0.0028    0.74163    0.74110          1     8.7219     8.7174       9.95     0.0133  1.620e-01  4.705e-01  2.904e+02     7.3787     7.3724    -0.0063     5.8853     5.8802     19.319     19.745      0.399    1423.89    1423.90  0.000e+00
       1981     20.000     2.3435     2.3393    -0.0042    0.74182    0.74108          1     8.7251     8.7193       9.95     0.0134  1.396e-01  4.055e-01  2.904e+02     7.3792     7.3723    -0.0069     5.8857     5.8802     19.814     20.252      0.396    1423.94    1423.91  0.000e+00
       2028     20.500     2.3391     2.3419     0.0029    0.74167    0.74117          1     8.7129     8.7116       9.95     0.0137  1.245e-01  3.615e-01  2.903e+02     7.3785     7.3726    -0.0060     5.8852     5.8804     20.310     20.758      0.233    1423.92    1423.93  0.000e+00
       2084     21.000     2.3365     2.3365     0.0000    0.74164    0.74105          1     8.7050     8.7101       9.95     0.0135  1.050e-01  3.040e-01  2.895e+02     7.3787     7.3725    -0.0063     5.8853     5.8803     20.805     21.264      0.307    1423.92    1423.91  0.000e+00
       2120     21.500     2.3364     2.3357    -0.0007    0.74164    0.74103          1     8.7229     8.7119       9.95     0.0134  8.858e-02  2.555e-01  2.884e+02     7.3787     7.3724    -0.0063     5.8853     5.8802     21.300     21.770      0.313    1423.93    1423.91  0.000e+00
       2164     22.000     2.3417     2.3376    -0.0041    0.74180    0.74108          1     8.7212     8.7141       9.95     0.0134  7.962e-02  2.296e-01  2.884e+02     7.3791     7.3724    -0.0067     5.8856     5.8802     21.796     22.277      0.241    1423.96    1423.93  0.000e+00
       2232     22.500     2.3409     2.3381    -0.0027    0.74178    0.74112          1     8.7245     8.7119       9.95     0.0134  6.230e-02  1.796e-01  2.883e+02     7.3790     7.3727    -0.0063     5.8855     5.8805     22.291     22.783      0.213    1423.96    1423.94  0.000e+00
       2283     23.000     2.3440     2.3379    -0.0062    0.74189    0.74108          1     8.7157     8.7085       9.95     0.0134  5.690e-02  1.631e-01  2.867e+02     7.3794     7.3721    -0.0072     5.8858     5.8800     22.786     23.289      0.382    1423.98    1423.95  0.000e+00
       2309     23.500     2.3597     2.3537    -0.0061    0.74227    0.74148          1     8.7116     8.7100       9.95     0.0135  4.958e-02  1.420e-01  2.864e+02     7.3798     7.3728    -0.0070     5.8861     5.8805     23.282     23.796      0.450    1424.07    1424.03  0.000e+00
       2339     24.000     2.3654     2.3531    -0.0123    0.74244    0.74147          1     8.7199     8.7184       9.95     0.0134  3.392e-02  9.714e-02  2.864e+02     7.3802     7.3727    -0.0074     5.8865     5.8805     23.777     24.302      0.306    1424.10    1424.03  0.000e+00
       2428     24.500     2.3394     2.3488     0.0094    0.74174    0.74140          1     8.7152     8.7172       9.95     0.0134  2.413e-02  6.909e-02  2.864e+02     7.3786     7.3728    -0.0059     5.8852     5.8806     24.272     24.808      0.311    1423.99    1424.02  0.000e+00
       2456     25.000     2.3528     2.3452    -0.0076    0.74212    0.74129          1     8.7162     8.7063       9.95     0.0131  1.990e-02  5.695e-02  2.861e+02     7.3795     7.3725    -0.0070     5.8860     5.8803     24.768     25.314      0.437    1424.06    1424.01  0.000e+00
       2484     25.500     2.3615     2.3527    -0.0088    0.74233    0.74148          1     8.7181     8.6993       9.95     0.0127  1.054e-02  3.014e-02  2.861e+02     7.3797     7.3727    -0.0070     5.8861     5.8805     25.263     25.821      0.372    1424.11    1424.06  0.000e+00
       2523     26.000     2.3653     2.3605    -0.0048    0.74243    0.74168          1     8.7217     8.7134       9.95     0.0134  1.059e-03  3.033e-03  2.863e+02     7.3798     7.3729    -0.0069     5.8862     5.8807     25.758     26.327      0.262    1424.13    1424.10  0.000e+00
       2602     26.500     2.3616     2.3616    -0.0000    0.74233    0.74173          1     8.7223     8.7137       9.95     0.0134  8.151e-05  2.334e-04  2.846e+02     7.3795     7.3731    -0.0064     5.8860     5.8808     26.254     26.833      0.301    1424.12    1424.12  0.000e+00
       2638     27.000     2.3627     2.3614    -0.0013    0.74237    0.74172          1     8.7151     8.7066       9.95     0.0133  3.517e-13  1.000e-12  2.843e+02     7.3796     7.3730    -0.0066     5.8860     5.8807     26.749     27.340      0.502    1424.14    1424.12  0.000e+00
       2660     27.500     2.3638     2.3624    -0.0014    0.74239    0.74174          1     8.7147     8.7019       9.95     0.0134  3.517e-13  1.000e-12  2.843e+02     7.3795     7.3729    -0.0066     5.8860     5.8807     27.244     27.846      0.463    1424.15    1424.13  0.000e+00
       2738     28.000     2.3505     2.3541     0.0035    0.74206    0.74157          1     8.7057     8.7130       9.95     0.0141  3.527e-13  1.000e-12  2.835e+02     7.3790     7.3729    -0.0061     5.8855     5.8807     27.740     28.352      0.355    1424.09    1424.10  0.000e+00
       2787     28.500     2.3582     2.3634     0.0051    0.74230    0.74168          1     8.7011     8.7062       9.95     0.0135  3.543e-13  1.000e-12  2.822e+02     7.3797     7.3719    -0.0078     5.8861     5.8799     28.235     28.858      0.670    1424.14    1424.15  0.000e+00
       2802     29.000     2.3706     2.3758     0.0051    0.74260    0.74203          1     8.7048     8.7204       9.95     0.0134  3.542e-13  1.000e-12  2.823e+02     7.3800     7.3727    -0.0073     5.8863     5.8805     28.730     29.365      0.667    1424.20    1424.22  0.000e+00
       2839     29.500     2.3665     2.3699     0.0035    0.74246    0.74196          1     8.7106     8.7213       9.95     0.0135  3.542e-13  1.000e-12  2.823e+02     7.3793     7.3732    -0.0061     5.8858     5.8809     29.226     29.871      0.445    1424.19    1424.20  0.000e+00
