ctdpy/exports/archive_20191121_122431/received_data/SBE09_0827_20180903_1348_26_01_0955.cnv
* Sea-Bird SBE 9 Data File:
* FileName = D:\CTD_SBE911\DAT\26DA.2018.9.5.hex
* Software Version Seasave V 7.21d
* Temperature SN = 034605
* Conductivity SN = 041844
* Number of Bytes Per Scan = 48
* Number of Voltage Words = 5
* Number of Scans Averaged by the Deck Unit = 1
* NMEA Latitude = 55 18.66 N
* NMEA Longitude = 014 36.13 E
* NMEA UTC (Time) = Sep 03 2018  13:50:43
* NMEA baud rate = 4800
** Ship: DANA
** Average sound velocity: 1468.12 m/s
** True-depth calculation Wed, 03 Apr 2019 09:23:33 +0000
** CTD Python Module SMHI /ver 3-12/ feb 2012 
** LIMS Job: 20182601-0955
**  W HAMMER ODDE
** Operator: Christian
** Cruise: 09/2018
# nquan = 26
# nvalues = 101                         
# units = specified
# name 0 = scan: Scan Count
# name 1 = prDM: Pressure, Digiquartz [db]
# name 2 = t090C: Temperature [ITS-90, deg C]
# name 3 = t190C: Temperature, 2 [ITS-90, deg C]
# name 4 = T2-T190C: Temperature Difference, 2 - 1 [ITS-90, deg C]
# name 5 = c0S/m: Conductivity [S/m]
# name 6 = c1S/m: Conductivity, 2 [S/m]
# name 7 = pumps: Pump Status
# name 8 = sbeox1ML/L: Oxygen, SBE 43, 2 [ml/l]
# name 9 = sbeox0ML/L: Oxygen, SBE 43 [ml/l]
# name 10 = altM: Altimeter [m]
# name 11 = chloroflTC0: Chlorophyll, Turner Cyclops [ug/l]
# name 12 = cpar: CPAR/Corrected Irradiance [%]
# name 13 = par: PAR/Irradiance, Biospherical/Lico [µE/(cm^2*s)]
# name 14 = spar: SPAR, Biospherical/Licor
# name 15 = sal00: Salinity, Practical [PSU]
# name 16 = sal11: Salinity, Practical, 2 [PSU]
# name 17 = secS-priS: Salinity, Practical, Difference, 2 - 1 [PSU]
# name 18 = sigma-t00: Density [sigma-t, kg/m^3 ]
# name 19 = sigma-t11: Density, 2 [sigma-t, kg/m^3 ]
# name 20 = depSM: Depth [salt water, m], lat = 55.311
# name 21 = depFM: Depth [true depth, m], lat = 55.311
# name 22 = dz/dtM: Descent Rate [m/s], WS = 2
# name 23 = svCM: Sound Velocity [Chen-Millero, m/s]
# name 24 = svCM1: Sound Velocity, 2 [Chen-Millero, m/s]
# name 25 = flag: flag
# span 0 =        251,       6550       
# span 1 =      1.500,     51.500       
# span 2 =     5.2070,    18.1138       
# span 3 =     5.3176,    18.1049       
# span 4 =    -3.7388,     1.4896       
# span 5 =   0.844987,   2.077067       
# span 6 =   0.855420,   2.078026       
# span 7 =          1,          1       
# span 8 =     1.5086,     6.8695       
# span 9 =     1.4380,     6.9894       
# span 10 =       0.70,       9.98      
# span 11 =     0.0462,     0.2479      
# span 12 = -8.057e-05, 8.0580e+00      
# span 13 = -3.571e-04, 3.3261e+01      
# span 14 = 4.1285e+02, 4.6672e+02      
# span 15 =     7.6177,    16.0298      
# span 16 =     7.6246,    16.0382      
# span 17 =    -2.1942,     0.0884      
# span 18 =     4.3955,    11.5440      
# span 19 =     4.3938,    11.5505      
# span 20 =      1.486,     51.028      
# span 21 =      1.521,     52.102      
# span 22 =     -0.432,      0.385      
# span 23 =    1437.65,    1485.27      
# span 24 =    1438.25,    1485.24      
# span 25 = 0.0000e+00, 0.0000e+00      
# interval = decibars: 0.5              
# start_time = Sep 03 2018 13:50:43 [NMEA time, first data scan]
# bad_flag = -9.990e-29
*END*
[from data line 56]
       2942     29.500     5.4797     5.3356    -0.1440    0.89145    0.87607          1     6.3905     6.3089       9.98     0.0613  2.248e-13  1.000e-12  4.448e+02     8.1649     8.0479    -0.1170     6.4344     6.3488     29.231     29.894      0.235    1439.23    1438.46  0.000e+00
       2990     30.000     5.5032     5.3877    -0.1154    0.89405    0.88165          1     6.3121     6.2789       9.98     0.0656  2.248e-13  1.000e-12  4.448e+02     8.1847     8.0905    -0.0942     6.4489     6.3800     29.727     30.400      0.303    1439.37    1438.74  0.000e+00
       3028     30.500     5.5110     5.4490    -0.0620    0.89530    0.88720          1     6.2579     6.2552       9.98     0.0623  2.248e-13  1.000e-12  4.448e+02     8.1951     8.1303    -0.0648     6.4567     6.4085     30.222     30.906      0.270    1439.42    1439.07  0.000e+00
       3080     31.000     5.5064     5.4911    -0.0154    0.89596    0.89082          1     6.2042     6.2444       9.98     0.0577  2.248e-13  1.000e-12  4.448e+02     8.2026     8.1557    -0.0469     6.4628     6.4266     30.717     31.412      0.240    1439.42    1439.29  0.000e+00
       3124     31.500     5.5066     5.5117     0.0052    0.89655    0.89369          1     6.1719     6.2352       9.98     0.0574  2.248e-13  1.000e-12  4.448e+02     8.2083     8.1789    -0.0294     6.4673     6.4438     31.213     31.918      0.266    1439.44    1439.42  0.000e+00
       3177     32.000     5.5308     5.5268    -0.0040    0.89948    0.89542          1     6.1383     6.2022       9.98     0.0586  2.248e-13  1.000e-12  4.448e+02     8.2312     8.1922    -0.0391     6.4842     6.4536     31.708     32.424      0.227    1439.58    1439.51  0.000e+00
       3221     32.500     5.6264     5.5256    -0.1008    0.90598    0.89636          1     6.1110     6.1047       9.98     0.0592  2.248e-13  1.000e-12  4.448e+02     8.2716     8.2017    -0.0699     6.5113     6.4612     32.204     32.930      0.276    1440.05    1439.52  0.000e+00
       3273     33.000     6.0505     5.5593    -0.4911    0.92671    0.89892          1     6.0508     6.1831       9.98     0.0583  2.239e-13  1.000e-12  4.467e+02     8.3691     8.2185    -0.1506     6.5646     6.4728     32.699     33.436      0.222    1442.00    1439.70  0.000e+00
       3318     33.500     6.9142     5.7256    -1.1887    0.96764    0.90728          1     6.0087     5.9731       9.98     0.0569  2.241e-13  1.000e-12  4.462e+02     8.5496     8.2599    -0.2897     6.6523     6.4969     33.194     33.942      0.324    1445.89    1440.48  0.000e+00
       3356     34.000     6.8354     6.0760    -0.7597    0.96671    0.92305          1     6.0025     5.8952       9.98     0.0585  2.240e-13  1.000e-12  4.464e+02     8.5602     8.3276    -0.2326     6.6661     6.5309     33.690     34.448      0.266    1445.58    1442.07  0.000e+00
       3408     34.500     6.6223     6.4591    -0.1628    0.96015    0.94319          1     5.9625     5.8719       9.98     0.0552  2.238e-13  1.000e-12  4.468e+02     8.5505     8.4282    -0.1224     6.6728     6.5871     34.185     34.954      0.251    1444.68    1443.84  0.000e+00
       3448     35.000     6.4083     6.6093     0.2009    0.95388    0.95363          1     5.9241     5.8678       9.98     0.0539  2.238e-13  1.000e-12  4.468e+02     8.5437     8.4912    -0.0525     6.6812     6.6270     34.681     35.460      0.300    1443.77    1444.56  0.000e+00
       3498     35.500     6.4327     6.5696     0.1369    0.95934    0.95599          1     5.8575     5.8187       9.97     0.0540  2.236e-13  1.000e-12  4.472e+02     8.5901     8.5236    -0.0665     6.7161     6.6551     35.176     35.966      0.215    1443.95    1444.44  0.000e+00
       3550     36.000     7.8084     6.5012    -1.3070    1.04389    0.95597          1     5.7717     5.5433       9.97     0.0524  2.229e-13  1.000e-12  4.487e+02     9.0388     8.5404    -0.4984     6.9650     6.6727     35.671     36.472      0.256    1450.22    1444.18  0.000e+00
       3598     36.500     8.4024     6.6987    -1.7034    1.07671    0.96748          1     5.7429     5.1219       9.97     0.0551  2.228e-13  1.000e-12  4.488e+02     9.1918     8.6013    -0.5905     7.0352     6.7075     36.167     36.977      0.234    1452.84    1445.10  0.000e+00
       3648     37.000     8.7126     7.3329    -1.3800    1.10682    1.00696          1     5.6449     5.1062       9.98     0.0535  2.228e-13  1.000e-12  4.488e+02     9.3808     8.8165    -0.5642     7.1504     6.8312     36.662     37.483      0.257    1454.30    1448.02  0.000e+00
       3692     37.500    10.8486     7.6431    -3.2068    1.29795    1.02728          1     5.4122     4.5640       9.97     0.0521  2.221e-13  1.000e-12  4.501e+02    10.5089     8.9284    -1.5805     7.7930     6.8944     37.158     37.989      0.274    1464.00    1449.44  0.000e+00
       3738     38.000    12.3109     8.5718    -3.7388    1.44721    1.08876          1     5.3304     4.1413       9.97     0.0540  2.218e-13  1.000e-12  4.509e+02    11.3694     9.2564    -2.1130     8.2613     7.0687     37.653     38.494      0.255    1470.46    1453.62  0.000e+00
       3787     38.500    13.0386     9.7427    -3.2955    1.55248    1.18785          1     5.1107     3.8477       9.97     0.0505  2.218e-13  1.000e-12  4.509e+02    12.0372     9.8431    -2.1942     8.6675     7.4068     38.148     38.999      0.239    1473.88    1458.97  0.000e+00
       3837     39.000    13.6096    10.4585    -3.1501    1.61066    1.25900          1     4.7902     3.6751       9.97     0.0497  2.216e-13  1.000e-12  4.512e+02    12.3418    10.2782    -2.0636     8.8113     7.6630     38.644     39.504      0.246    1476.26    1462.27  0.000e+00
       3886     39.500    14.5104    11.7475    -2.7630    1.73235    1.39267          1     4.5916     3.3078       9.97     0.0474  2.215e-13  1.000e-12  4.516e+02    13.0514    11.0694    -1.9821     9.2054     8.1085     39.139     40.008      0.230    1480.22    1468.06  0.000e+00
       3941     40.000    14.6474    13.1475    -1.5012    1.77119    1.54456          1     4.2499     3.1525       9.97     0.0486  2.208e-13  1.000e-12  4.529e+02    13.3244    11.9353    -1.3891     9.3913     8.5719     39.635     40.513      0.224    1481.01    1474.17  0.000e+00
       3989     40.500    14.4077    13.9054    -0.5026    1.77084    1.65447          1     3.9151     3.0248       9.97     0.0485  2.208e-13  1.000e-12  4.529e+02    13.4034    12.6103    -0.7931     9.4934     8.9696     40.130     41.017      0.274    1480.29    1477.63  0.000e+00
       4034     41.000    14.2446    14.2350    -0.0098    1.78093    1.70955          1     3.6502     2.9398       9.97     0.0466  2.208e-13  1.000e-12  4.529e+02    13.5430    12.9567    -0.5863     9.6286     9.1803     40.625     41.522      0.251    1479.90    1479.19  0.000e+00
       4082     41.500    14.4363    14.3004    -0.1357    1.80884    1.74659          1     3.4436     2.9188       9.97     0.0472  2.208e-13  1.000e-12  4.530e+02    13.7065    13.2401    -0.4663     9.7209     9.3867     41.121     42.026      0.265    1480.76    1479.75  0.000e+00
       4126     42.000    14.4522    14.2984    -0.1539    1.82523    1.76096          1     3.3036     2.8168       9.97     0.0474  2.208e-13  1.000e-12  4.529e+02    13.8361    13.3593    -0.4768     9.8176     9.4784     41.616     42.531      0.260    1480.97    1479.89  0.000e+00
       4177     42.500    14.3814    14.3468    -0.0343    1.83846    1.78545          1     3.1926     2.6257       9.84     0.0464  2.199e-13  1.000e-12  4.547e+02    13.9706    13.5446    -0.4260     9.9330     9.6122     42.111     43.035      0.227    1480.90    1480.28  0.000e+00
       4227     43.000    14.2510    14.3773     0.1261    1.88599    1.81261          1     3.0648     2.2679       9.36     0.0467  2.198e-13  1.000e-12  4.549e+02    14.4124    13.7582    -0.6543    10.2945     9.7708     42.607     43.539      0.240    1480.97    1480.64  0.000e+00
       4282     43.500    14.3133    14.3168     0.0037    1.92499    1.84249          1     2.8913     2.1539       8.86     0.0462  2.198e-13  1.000e-12  4.550e+02    14.7139    14.0270    -0.6869    10.5150     9.9875     43.102     44.043      0.213    1481.55    1480.76  0.000e+00
       4333     44.000    14.2622    14.2862     0.0240    1.94702    1.88585          1     2.6405     1.9745       8.35     0.0465  2.193e-13  1.000e-12  4.559e+02    14.9171    14.3981    -0.5189    10.6798    10.2775     43.598     44.547      0.269    1481.61    1481.09  0.000e+00
       4376     44.500    14.1853    14.2675     0.0823    1.95779    1.91643          1     2.4389     1.8720       7.84     0.0474  2.193e-13  1.000e-12  4.560e+02    15.0366    14.6596    -0.3770    10.7849    10.4813     44.093     45.051      0.267    1481.50    1481.34  0.000e+00
       4423     45.000    14.1911    14.2216     0.0305    1.96448    1.93843          1     2.2616     1.8718       7.35     0.0474  2.188e-13  1.000e-12  4.569e+02    15.0903    14.8606    -0.2297    10.8250    10.6435     44.588     45.555      0.260    1481.59    1481.43  0.000e+00
       4466     45.500    14.2008    14.1960    -0.0048    1.97041    1.95012          1     2.1335     1.8551       6.85     0.0469  2.188e-13  1.000e-12  4.569e+02    15.1361    14.9681    -0.1680    10.8585    10.7304     45.084     46.059      0.295    1481.68    1481.47  0.000e+00
       4508     46.000    14.2111    14.1881    -0.0229    1.97730    1.95895          1     2.0564     1.8489       6.35     0.0480  2.188e-13  1.000e-12  4.569e+02    15.1897    15.0449    -0.1447    10.8979    10.7908     45.579     46.562      0.255    1481.79    1481.54  0.000e+00
       4561     46.500    14.2177    14.1902    -0.0275    1.98473    1.96728          1     1.9982     1.8273       5.85     0.0472  2.187e-13  1.000e-12  4.573e+02    15.2493    15.1138    -0.1355    10.9425    10.8433     46.074     47.066      0.232    1481.89    1481.64  0.000e+00
       4607     47.000    14.2254    14.1966    -0.0288    1.99703    1.97423          1     1.9705     1.7930       5.35     0.0474  2.182e-13  1.000e-12  4.583e+02    15.3492    15.1694    -0.1798    11.0178    10.8849     46.570     47.570      0.265    1482.04    1481.73  0.000e+00
       4660     47.500    14.2280    14.2048    -0.0232    2.00811    1.98273          1     1.9434     1.7596       4.84     0.0481  2.179e-13  1.000e-12  4.590e+02    15.4410    15.2374    -0.2037    11.0878    10.9356     47.065     48.074      0.213    1482.17    1481.85  0.000e+00
       4706     48.000    14.2322    14.2152    -0.0170    2.02302    1.99693          1     1.9085     1.7030       4.34     0.0482  2.179e-13  1.000e-12  4.590e+02    15.5644    15.3522    -0.2122    11.1817    11.0219     47.560     48.577      0.328    1482.33    1482.03  0.000e+00
       4745     48.500    14.2561    14.2186    -0.0376    2.04985    2.00549          1     1.8809     1.6696       3.84     0.0475  2.179e-13  1.000e-12  4.590e+02    15.7799    15.4226    -0.3573    11.3429    11.0753     48.056     49.081      0.263    1482.67    1482.13  0.000e+00
       4795     49.000    14.2487    14.2293    -0.0194    2.05977    2.02209          1     1.8388     1.6032       3.35     0.0477  2.179e-13  1.000e-12  4.590e+02    15.8662    15.5575    -0.3088    11.4105    11.1770     48.551     49.584      0.267    1482.76    1482.33  0.000e+00
       4833     49.500    14.2423    14.2358    -0.0065    2.06306    2.03893          1     1.8013     1.5881       2.86     0.0490  2.179e-13  1.000e-12  4.590e+02    15.8965    15.6963    -0.2002    11.4348    11.2823     49.047     50.088      0.328    1482.78    1482.52  0.000e+00
       4877     50.000    14.2492    14.2341    -0.0151    2.06656    2.04866          1     1.7550     1.5828       2.69     0.0483  2.179e-13  1.000e-12  4.590e+02    15.9229    15.7786    -0.1444    11.4539    11.3458     49.542     50.591      0.228    1482.84    1482.62  0.000e+00
       4945     50.500    14.2278    14.2368     0.0089    2.06678    2.05849          1     1.7089     1.5390       1.85     0.0479  2.171e-13  1.000e-12  4.606e+02    15.9335    15.8601    -0.0734    11.4657    11.4079     50.037     51.095      0.189    1482.79    1482.73  0.000e+00
       5038     51.000    14.2380    14.2298    -0.0082    2.07040    2.06590          1     1.6507     1.5494       1.36     0.0483  2.169e-13  1.000e-12  4.610e+02    15.9596    15.9251    -0.0345    11.4840    11.4590     50.533     51.598      0.202    1482.86    1482.79  0.000e+00
       6550     51.500    14.2036    14.2029    -0.0009    2.07707    2.07803          1     1.5086     1.4380       0.70     0.0645  2.142e-13  1.000e-12  4.667e+02    16.0298    16.0382     0.0084    11.5440    11.5505     51.028     52.102     -0.432    1482.83    1482.84  0.000e+00
