ctdpy/exports/archive_20191121_122431/received_data/SBE09_0827_20181011_2251_26_01_1074.cnv
* Sea-Bird SBE 9 Data File:
* FileName = D:\CTD_SBE911\DAT\26DA.2018.10.74.hex
* Software Version Seasave V 7.21d
* Temperature SN = 4548
* Conductivity SN = 3062
* Number of Bytes Per Scan = 48
* Number of Voltage Words = 5
* Number of Scans Averaged by the Deck Unit = 1
* NMEA Latitude = 56 21.97 N
* NMEA Longitude = 018 33.73 E
* NMEA UTC (Time) = Oct 11 2018  22:53:53
* NMEA baud rate = 4800
** Ship: DANA
** Average sound velocity: 1444.97 m/s
** True-depth calculation Thu, 28 Mar 2019 12:26:03 +0000
** CTD Python Module SMHI /ver 3-12/ feb 2012 
** LIMS Job: 20182601-1074
** Operator: Christian A-KTh
** Cruise: 10/2018
# nquan = 26
# nvalues = 133                         
# units = specified
# name 0 = scan: Scan Count
# name 1 = prDM: Pressure, Digiquartz [db]
# name 2 = t090C: Temperature [ITS-90, deg C]
# name 3 = t190C: Temperature, 2 [ITS-90, deg C]
# name 4 = T2-T190C: Temperature Difference, 2 - 1 [ITS-90, deg C]
# name 5 = c0S/m: Conductivity [S/m]
# name 6 = c1S/m: Conductivity, 2 [S/m]
# name 7 = pumps: Pump Status
# name 8 = sbeox1ML/L: Oxygen, SBE 43, 2 [ml/l]
# name 9 = sbeox0ML/L: Oxygen, SBE 43 [ml/l]
# name 10 = altM: Altimeter [m]
# name 11 = chloroflTC0: Chlorophyll, Turner Cyclops [ug/l]
# name 12 = cpar: CPAR/Corrected Irradiance [%]
# name 13 = par: PAR/Irradiance, Biospherical/Lico [µE/(cm^2*s)]
# name 14 = spar: SPAR, Biospherical/Licor
# name 15 = sal00: Salinity, Practical [PSU]
# name 16 = sal11: Salinity, Practical, 2 [PSU]
# name 17 = secS-priS: Salinity, Practical, Difference, 2 - 1 [PSU]
# name 18 = sigma-t00: Density [sigma-t, kg/m^3 ]
# name 19 = sigma-t11: Density, 2 [sigma-t, kg/m^3 ]
# name 20 = depSM: Depth [salt water, m], lat = 56.3662
# name 21 = depFM: Depth [true depth, m], lat = 56.3662
# name 22 = dz/dtM: Descent Rate [m/s], WS = 2
# name 23 = svCM: Sound Velocity [Chen-Millero, m/s]
# name 24 = svCM1: Sound Velocity, 2 [Chen-Millero, m/s]
# name 25 = flag: flag
# span 0 =        108,       8616       
# span 1 =      1.500,     67.500       
# span 2 =     3.4895,    10.4296       
# span 3 =     3.5007,    10.4293       
# span 4 =    -0.2207,     0.6538       
# span 5 =   0.775188,   0.975489       
# span 6 =   0.775597,   0.974299       
# span 7 =          1,          1       
# span 8 =     1.3274,     7.6898       
# span 9 =     1.2462,     7.2442       
# span 10 =       0.63,       9.97      
# span 11 =     0.0158,     0.0325      
# span 12 = 4.9241e-11, 4.9241e-11      
# span 13 = 1.0000e-12, 1.0000e-12      
# span 14 = 2.0308e+00, 2.0308e+00      
# span 15 =     7.1520,     9.1638      
# span 16 =     7.1521,     9.1538      
# span 17 =    -0.1964,     0.0084      
# span 18 =     5.2399,     7.2530      
# span 19 =     5.2399,     7.2455      
# span 20 =      1.486,     66.873      
# span 21 =      1.520,     68.355      
# span 22 =     -0.268,      0.430      
# span 23 =    1429.76,    1457.95      
# span 24 =    1429.81,    1457.95      
# span 25 = 0.0000e+00, 0.0000e+00      
# interval = decibars: 0.5              
# start_time = Oct 11 2018 22:53:53 [NMEA time, first data scan]
# bad_flag = -9.990e-29
*END*
[from data line 112]
       5653     57.500     4.3597     4.2786    -0.0812    0.87088    0.85549          1     4.3346     5.1515       9.97     0.0163  4.924e-11  1.000e-12  2.031e+00     8.2312     8.0947    -0.1365     6.5324     6.4266     56.967     58.241      0.190    1434.84    1434.30  0.000e+00
       5714     58.000     4.3592     4.3379    -0.0212    0.89490    0.88366          1     3.4697     4.1372       9.97     0.0162  4.924e-11  1.000e-12  2.031e+00     8.4757     8.3666    -0.1091     6.7262     6.6404     57.462     58.747      0.268    1435.15    1434.92  0.000e+00
       5755     58.500     4.4185     4.3891    -0.0294    0.90574    0.89909          1     3.0809     3.5369       9.97     0.0160  4.924e-11  1.000e-12  2.031e+00     8.5707     8.5106    -0.0601     6.7996     6.7529     57.958     59.253      0.250    1435.55    1435.34  0.000e+00
       5808     59.000     4.4647     4.4392    -0.0255    0.91254    0.90788          1     2.9178     3.0992       9.96     0.0164  4.924e-11  1.000e-12  2.031e+00     8.6278     8.5871    -0.0408     6.8433     6.8118     58.453     59.759      0.237    1435.83    1435.67  0.000e+00
       5854     59.500     4.4713     4.4612    -0.0101    0.91487    0.91237          1     2.8881     2.9173       9.65     0.0166  4.924e-11  1.000e-12  2.031e+00     8.6497     8.6270    -0.0227     6.8603     6.8427     58.948     60.265      0.280    1435.90    1435.83  0.000e+00
       5895     60.000     4.4908     4.4770    -0.0138    0.91756    0.91557          1     2.8574     2.8254       9.13     0.0163  4.924e-11  1.000e-12  2.031e+00     8.6719     8.6553    -0.0166     6.8773     6.8646     59.444     60.770      0.282    1436.02    1435.94  0.000e+00
       5948     60.500     4.5203     4.5018    -0.0185    0.92148    0.91872          1     2.7790     2.7330       8.55     0.0162  4.924e-11  1.000e-12  2.031e+00     8.7039     8.6807    -0.0232     6.9015     6.8838     59.939     61.276      0.197    1436.20    1436.09  0.000e+00
       6004     61.000     4.5564     4.5401    -0.0162    0.92728    0.92466          1     2.6211     2.6179       8.05     0.0170  4.924e-11  1.000e-12  2.031e+00     8.7533     8.7309    -0.0224     6.9394     6.9223     60.434     61.782      0.274    1436.43    1436.33  0.000e+00
       6052     61.500     4.5657     4.5568    -0.0089    0.92881    0.92738          1     2.5608     2.5009       7.50     0.0169  4.924e-11  1.000e-12  2.031e+00     8.7663     8.7541    -0.0122     6.9494     6.9400     60.929     62.288      0.215    1436.50    1436.44  0.000e+00
       6105     62.000     4.5810     4.5691    -0.0119    0.93166    0.92943          1     2.4934     2.4241       7.01     0.0170  4.924e-11  1.000e-12  2.031e+00     8.7911     8.7716    -0.0195     6.9684     6.9534     61.425     62.793      0.300    1436.61    1436.53  0.000e+00
       6144     62.500     4.6086     4.5894    -0.0192    0.93717    0.93332          1     2.3637     2.3499       6.48     0.0170  4.924e-11  1.000e-12  2.031e+00     8.8397     8.8057    -0.0340     7.0058     6.9796     61.920     63.299      0.269    1436.80    1436.67  0.000e+00
       6193     63.000     4.6464     4.6203    -0.0262    0.94425    0.93915          1     2.1621     2.2273       5.93     0.0169  4.924e-11  1.000e-12  2.031e+00     8.9013     8.8566    -0.0447     7.0532     7.0188     62.415     63.805      0.271    1437.05    1436.88  0.000e+00
       6231     63.500     4.7306     4.6771    -0.0535    0.95897    0.94904          1     1.8686     2.0859       5.42     0.0169  4.924e-11  1.000e-12  2.031e+00     9.0278     8.9416    -0.0862     7.1501     7.0839     62.911     64.311      0.309    1437.59    1437.25  0.000e+00
       6288     64.000     4.7558     4.7363    -0.0194    0.96272    0.95949          1     1.6838     1.7805       4.83     0.0165  4.924e-11  1.000e-12  2.031e+00     9.0589     9.0315    -0.0274     7.1737     7.1527     63.406     64.816      0.227    1437.75    1437.63  0.000e+00
       6339     64.500     4.7651     4.7573    -0.0078    0.96404    0.96285          1     1.6508     1.6212       4.32     0.0166  4.924e-11  1.000e-12  2.031e+00     9.0697     9.0597    -0.0099     7.1818     7.1743     63.901     65.322      0.330    1437.82    1437.77  0.000e+00
       6377     65.000     4.7746     4.7700    -0.0046    0.96545    0.96471          1     1.6183     1.5682       3.75     0.0167  4.924e-11  1.000e-12  2.031e+00     9.0812     9.0750    -0.0062     7.1906     7.1858     64.396     65.827      0.239    1437.88    1437.85  0.000e+00
       6444     65.500     4.7951     4.7845    -0.0106    0.96852    0.96683          1     1.5332     1.4944       3.26     0.0170  4.924e-11  1.000e-12  2.031e+00     9.1067     9.0925    -0.0142     7.2099     7.1990     64.892     66.333      0.302    1438.01    1437.94  0.000e+00
       6474     66.000     4.8123     4.8003    -0.0119    0.97083    0.96911          1     1.4733     1.4651       2.78     0.0171  4.924e-11  1.000e-12  2.031e+00     9.1253     9.1111    -0.0142     7.2238     7.2131     65.387     66.839      0.387    1438.12    1438.05  0.000e+00
       6510     66.500     4.8335     4.8187    -0.0148    0.97418    0.97176          1     1.4071     1.4033       2.17     0.0171  4.924e-11  1.000e-12  2.031e+00     9.1532     9.1328    -0.0204     7.2451     7.2295     65.882     67.344      0.235    1438.25    1438.16  0.000e+00
       6583     67.000     4.8432     4.8355    -0.0076    0.97549    0.97430          1     1.3554     1.3056       1.65     0.0171  4.924e-11  1.000e-12  2.031e+00     9.1638     9.1538    -0.0099     7.2530     7.2455     66.377     67.850      0.236    1438.32    1438.27  0.000e+00
       8616     67.500     4.8314     4.8325     0.0010    0.97345    0.97353          1     1.3274     1.2462       0.63     0.0169  4.924e-11  1.000e-12  2.031e+00     9.1463     9.1468     0.0005     7.2397     7.2400     66.873     68.355     -0.268    1438.25    1438.26  0.000e+00
