ctdpy/exports/archive_20191121_122431/received_data/SBE09_1044_20180131_1127_34_02_0038.cnv
* Sea-Bird SBE 9 Data File:
* FileName = C:\ctd\temp\2018\ME18D038.hex
* Software Version Seasave V 7.26.6.26
* Temperature SN = 5351
* Conductivity SN = 3941
* Number of Bytes Per Scan = 41
* Number of Voltage Words = 4
* Number of Scans Averaged by the Deck Unit = 1
* NMEA Latitude = 58 35.63 N
* NMEA Longitude = 018 14.21 E
* NMEA UTC (Time) = Jan 31 2018  11:27:09
* NMEA baud rate = 4800
** Station:  BY31
** Operator:  SSip
** Ship: MERI
** Average sound velocity: 1446.89 m/s
** True-depth calculation Wed, 31 Jan 2018 13:14:50 +0000
** CTD Python Module SMHI /ver 3-12/ feb 2012 
** LIMS Job: 20183402-0038
** Cruise: SMHI-01-2018
** Latitude [GG MM.mm N] :
** Longitude [GG MM.mm E]:
# nquan = 26
# nvalues = 874                         
# units = specified
# name 0 = scan: Scan Count
# name 1 = prDM: Pressure, Digiquartz [db]
# name 2 = t090C: Temperature [ITS-90, deg C]
# name 3 = t190C: Temperature, 2 [ITS-90, deg C]
# name 4 = T2-T190C: Temperature Difference, 2 - 1 [ITS-90, deg C]
# name 5 = c0S/m: Conductivity [S/m]
# name 6 = c1S/m: Conductivity, 2 [S/m]
# name 7 = pumps: Pump Status
# name 8 = sbeox0ML/L: Oxygen, SBE 43 [ml/l]
# name 9 = sbeox1ML/L: Oxygen, SBE 43, 2 [ml/l]
# name 10 = altM: Altimeter [m]
# name 11 = flECO-AFL: Chl-a Fluorescence, WET Labs ECO-AFL/FL [mg/m^3]
# name 12 = flECO-AFL1: Phycocyanin Fluorescence, WET Labs ECO-AFL/FL, 2 [mg/m^3]
# name 13 = par: PAR/Irradiance, Biospherical/Lico [µE/(cm^2*s)]
# name 14 = turbWETntu0: Turbidity, WET Labs ECO [NTU]
# name 15 = sal00: Salinity, Practical [PSU]
# name 16 = sal11: Salinity, Practical, 2 [PSU]
# name 17 = secS-priS: Salinity, Practical, Difference, 2 - 1 [PSU]
# name 18 = sigma-t00: Density [sigma-t, Kg/m^3 ]
# name 19 = sigma-t11: Density, 2 [sigma-t, Kg/m^3 ]
# name 20 = depSM: Depth [salt water, m], lat = 58.5938
# name 21 = depFM: Depth [true depth, m], lat = 58.5938
# name 22 = dz/dtM: Descent Rate [m/s], WS = 2
# name 23 = svCM: Sound Velocity [Chen-Millero, m/s]
# name 24 = svCM1: Sound Velocity, 2 [Chen-Millero, m/s]
# name 25 = flag: flag
# span 0 =       2112,      20998       
# span 1 =      2.500,    439.000       
# span 2 =     4.1364,     6.2422       
# span 3 =     4.1383,     6.2428       
# span 4 =    -0.0123,     0.0124       
# span 5 =   0.753016,   1.246109       
# span 6 =   0.752990,   1.246088       
# span 7 =          1,          1       
# span 8 =   -0.01448,    8.26377       
# span 9 =    0.00667,    8.21920       
# span 10 =       5.47,      99.08      
# span 11 =     0.2390,     0.4679      
# span 12 =     0.2283,     0.5618      
# span 13 = 1.0000e-12, 7.0462e+01      
# span 14 =     0.1389,     2.1527      
# span 15 =     7.0944,    11.3806      
# span 16 =     7.0942,    11.3801      
# span 17 =    -0.0051,     0.0025      
# span 18 =     5.6365,     8.9241      
# span 19 =     5.6363,     8.9237      
# span 20 =      2.477,    434.449      
# span 21 =      2.532,    443.483      
# span 22 =     -0.220,      0.899      
# span 23 =    1431.52,    1453.11      
# span 24 =    1431.52,    1453.12      
# span 25 = 0.0000e+00, 0.0000e+00      
# interval = decibars: 0.5              
# start_time = Jan 31 2018 11:27:10 [NMEA time, first data scan]
# bad_flag = -9.990e-29
*END*
[from data line 614]
      15338    309.500     6.2081     6.2086     0.0005    1.23810    1.23807          1     0.0043     0.0206      98.68     0.3463     0.3651  1.000e-12  0.1679000    11.3364    11.3359    -0.0004     8.8917     8.8913    306.387    312.747      0.682    1450.83    1450.83  0.000e+00
      15355    310.000     6.2082     6.2088     0.0006    1.23813    1.23810          1     0.0036     0.0210      98.68     0.3358     0.3929  1.000e-12  0.1773000    11.3365    11.3361    -0.0005     8.8918     8.8914    306.882    313.252      0.648    1450.84    1450.84  0.000e+00
      15375    310.500     6.2082     6.2087     0.0005    1.23815    1.23813          1     0.0042     0.0223      98.68     0.3456     0.3413  1.000e-12  0.1821000    11.3367    11.3362    -0.0004     8.8919     8.8915    307.377    313.756      0.561    1450.85    1450.85  0.000e+00
      15398    311.000     6.2082     6.2088     0.0006    1.23818    1.23816          1     0.0037     0.0211      98.68     0.3488     0.3279  1.000e-12  0.1803000    11.3368    11.3364    -0.0005     8.8920     8.8916    307.871    314.261      0.500    1450.86    1450.86  0.000e+00
      15423    311.500     6.2084     6.2091     0.0006    1.23822    1.23820          1     0.0036     0.0325      98.68     0.3421     0.3259  1.000e-12  0.1732000    11.3371    11.3366    -0.0005     8.8922     8.8918    308.366    314.766      0.510    1450.87    1450.87  0.000e+00
      15445    312.000     6.2085     6.2092     0.0006    1.23824    1.23821          1     0.0052     0.0214      98.67     0.3541     0.3144  1.000e-12  0.1739000    11.3372    11.3366    -0.0005     8.8922     8.8918    308.860    315.271      0.570    1450.87    1450.88  0.000e+00
      15465    312.500     6.2086     6.2092     0.0006    1.23826    1.23822          1     0.0048     0.0149      98.67     0.3335     0.3040  1.000e-12  0.1785000    11.3372    11.3366    -0.0005     8.8922     8.8918    309.355    315.775      0.638    1450.88    1450.89  0.000e+00
      15483    313.000     6.2087     6.2093     0.0006    1.23826    1.23824          1     0.0020     0.0103      98.68     0.3436     0.2882  1.000e-12  0.1952000    11.3371    11.3367    -0.0004     8.8922     8.8918    309.850    316.280      0.674    1450.89    1450.89  0.000e+00
      15501    313.500     6.2087     6.2093     0.0005    1.23827    1.23825          1     0.0041     0.0191      98.67     0.3458     0.3030  1.000e-12  0.1924000    11.3371    11.3366    -0.0005     8.8922     8.8918    310.344    316.785      0.638    1450.90    1450.90  0.000e+00
      15521    314.000     6.2086     6.2093     0.0006    1.23828    1.23826          1     0.0041     0.0255      98.68     0.3458     0.3331  1.000e-12  0.1822000    11.3372    11.3367    -0.0005     8.8922     8.8918    310.839    317.290      0.535    1450.91    1450.91  0.000e+00
      15546    314.500     6.2086     6.2092     0.0006    1.23830    1.23827          1     0.0038     0.0219      98.68     0.3486     0.3673  1.000e-12  0.1763000    11.3372    11.3367    -0.0005     8.8923     8.8919    311.333    317.795      0.476    1450.92    1450.92  0.000e+00
      15571    315.000     6.2086     6.2093     0.0007    1.23830    1.23828          1     0.0039     0.0228      98.67     0.3579     0.3391  1.000e-12  0.1842000    11.3371    11.3367    -0.0004     8.8922     8.8918    311.828    318.299      0.526    1450.92    1450.93  0.000e+00
      15592    315.500     6.2087     6.2094     0.0006    1.23831    1.23829          1     0.0006     0.0211      98.68     0.3580     0.3962  1.000e-12  0.1790000    11.3372    11.3367    -0.0005     8.8922     8.8918    312.322    318.804      0.593    1450.93    1450.93  0.000e+00
      15611    316.000     6.2088     6.2094     0.0006    1.23833    1.23830          1     0.0034     0.0230      98.68     0.3580     0.3588  1.000e-12  0.1842000    11.3372    11.3367    -0.0005     8.8923     8.8918    312.817    319.309      0.610    1450.94    1450.94  0.000e+00
      15632    316.500     6.2088     6.2094     0.0006    1.23833    1.23830          1     0.0064     0.0180      98.68     0.3512     0.3286  1.000e-12  0.1774000    11.3371    11.3367    -0.0004     8.8922     8.8918    313.312    319.814      0.568    1450.95    1450.95  0.000e+00
      15654    317.000     6.2088     6.2094     0.0006    1.23835    1.23832          1     0.0041     0.0232      98.68     0.3511     0.3241  1.000e-12  0.1797000    11.3372    11.3367    -0.0005     8.8923     8.8918    313.806    320.318      0.539    1450.96    1450.96  0.000e+00
      15676    317.500     6.2088     6.2094     0.0006    1.23835    1.23832          1     0.0045     0.0238      98.68     0.3605     0.3583  1.000e-12  0.1879000    11.3371    11.3366    -0.0005     8.8922     8.8918    314.301    320.823      0.581    1450.97    1450.97  0.000e+00
      15695    318.000     6.2089     6.2095     0.0006    1.23836    1.23833          1     0.0033     0.0211      98.67     0.3702     0.3197  1.000e-12  0.1729000    11.3371    11.3366    -0.0005     8.8922     8.8918    314.795    321.328      0.608    1450.97    1450.97  0.000e+00
      15715    318.500     6.2090     6.2095     0.0005    1.23837    1.23834          1     0.0037     0.0204      98.68     0.3589     0.3087  1.000e-12  0.1827000    11.3371    11.3366    -0.0004     8.8921     8.8918    315.290    321.833      0.562    1450.98    1450.98  0.000e+00
      15739    319.000     6.2087     6.2094     0.0007    1.23837    1.23835          1     0.0016     0.0214      98.68     0.3672     0.3126  1.000e-12  0.1850000    11.3371    11.3366    -0.0005     8.8921     8.8917    315.785    322.338      0.470    1450.99    1450.99  0.000e+00
      15766    319.500     6.2088     6.2094     0.0007    1.23838    1.23835          1     0.0055     0.0206      98.67     0.3708     0.3456  1.000e-12  0.1996000    11.3371    11.3366    -0.0005     8.8922     8.8917    316.279    322.842      0.494    1451.00    1451.00  0.000e+00
      15788    320.000     6.2090     6.2095     0.0006    1.23840    1.23836          1     0.0028     0.0202      98.67     0.3616     0.3443  1.000e-12  0.1862000    11.3371    11.3365    -0.0005     8.8921     8.8917    316.774    323.347      0.622    1451.01    1451.01  0.000e+00
      15805    320.500     6.2090     6.2096     0.0005    1.23841    1.23838          1     0.0032     0.0250      98.67     0.3515     0.3209  1.000e-12  0.1808000    11.3371    11.3366    -0.0005     8.8921     8.8917    317.268    323.852      0.707    1451.01    1451.02  0.000e+00
      15821    321.000     6.2091     6.2096     0.0005    1.23842    1.23839          1     0.0039     0.0204      98.67     0.3337     0.2909  1.000e-12  0.1906000    11.3371    11.3366    -0.0005     8.8921     8.8917    317.763    324.357      0.713    1451.02    1451.02  0.000e+00
      15839    321.500     6.2090     6.2096     0.0005    1.23843    1.23840          1     0.0018     0.0176      98.68     0.3614     0.3008  1.000e-12  0.1783000    11.3371    11.3366    -0.0004     8.8921     8.8917    318.257    324.861      0.618    1451.03    1451.03  0.000e+00
      15863    322.000     6.2089     6.2095     0.0006    1.23843    1.23841          1     0.0045     0.0226      98.67     0.3627     0.3214  1.000e-12  0.2065000    11.3371    11.3366    -0.0004     8.8922     8.8918    318.752    325.366      0.419    1451.04    1451.04  0.000e+00
      15897    322.500     6.2089     6.2095     0.0007    1.23845    1.23842          1     0.0043     0.0239      98.67     0.3481     0.3180  1.000e-12  0.1866000    11.3371    11.3366    -0.0005     8.8922     8.8917    319.247    325.871      0.409    1451.04    1451.05  0.000e+00
      15920    323.000     6.2091     6.2098     0.0006    1.23846    1.23843          1     0.0040     0.0174      98.67     0.3581     0.3235  1.000e-12  0.1786000    11.3371    11.3366    -0.0005     8.8921     8.8917    319.741    326.376      0.620    1451.05    1451.06  0.000e+00
      15937    323.500     6.2092     6.2098     0.0006    1.23847    1.23845          1     0.0039     0.0206      98.67     0.3580     0.3322  1.000e-12  0.2336000    11.3370    11.3367    -0.0004     8.8921     8.8918    320.236    326.881      0.730    1451.06    1451.06  0.000e+00
      15953    324.000     6.2093     6.2098     0.0005    1.23848    1.23845          1     0.0021     0.0228      98.68     0.3580     0.3500  1.000e-12  0.2668000    11.3371    11.3366    -0.0005     8.8921     8.8917    320.730    327.385      0.738    1451.07    1451.07  0.000e+00
      15970    324.500     6.2095     6.2101     0.0006    1.23856    1.23852          1     0.0013     0.0186      98.68     0.3462     0.3394  1.000e-12  0.2007000    11.3376    11.3371    -0.0005     8.8926     8.8921    321.225    327.890      0.649    1451.08    1451.08  0.000e+00
      15992    325.000     6.2097     6.2104     0.0006    1.23862    1.23859          1     0.0036     0.0217      98.68     0.3381     0.3041  1.000e-12  0.1892000    11.3381    11.3376    -0.0005     8.8929     8.8925    321.719    328.395      0.491    1451.09    1451.09  0.000e+00
      16020    325.500     6.2098     6.2104     0.0006    1.23864    1.23862          1     0.0047     0.0224      98.67     0.3433     0.2730  1.000e-12  0.1760000    11.3382    11.3378    -0.0005     8.8930     8.8926    322.214    328.900      0.427    1451.10    1451.10  0.000e+00
      16046    326.000     6.2101     6.2106     0.0006    1.23868    1.23866          1     0.0023     0.0235      98.67     0.3571     0.3036  1.000e-12  0.1731000    11.3384    11.3380    -0.0004     8.8931     8.8927    322.709    329.404      0.527    1451.11    1451.11  0.000e+00
      16067    326.500     6.2102     6.2108     0.0006    1.23870    1.23867          1     0.0024     0.0193      98.67     0.3580     0.3467  1.000e-12  0.1925000    11.3385    11.3380    -0.0005     8.8932     8.8928    323.203    329.909      0.615    1451.12    1451.12  0.000e+00
      16085    327.000     6.2104     6.2111     0.0007    1.23875    1.23872          1     0.0050     0.0145      98.67     0.3613     0.3206  1.000e-12  0.1924000    11.3388    11.3383    -0.0005     8.8934     8.8930    323.698    330.414      0.641    1451.13    1451.13  0.000e+00
      16104    327.500     6.2105     6.2111     0.0006    1.23877    1.23875          1     0.0050     0.0198      98.67     0.3700     0.3565  1.000e-12  0.1676000    11.3389    11.3385    -0.0004     8.8935     8.8931    324.192    330.919      0.597    1451.14    1451.14  0.000e+00
      16126    328.000     6.2106     6.2111     0.0006    1.23880    1.23876          1     0.0026     0.0271      98.67     0.3702     0.3513  1.000e-12  0.2150000    11.3391    11.3385    -0.0005     8.8936     8.8931    324.687    331.424      0.544    1451.14    1451.15  0.000e+00
      16148    328.500     6.2106     6.2112     0.0007    1.23881    1.23878          1     0.0026     0.0219      98.67     0.3493     0.2977  1.000e-12  0.1843000    11.3391    11.3386    -0.0005     8.8936     8.8932    325.181    331.928      0.555    1451.15    1451.15  0.000e+00
      16169    329.000     6.2107     6.2113     0.0006    1.23883    1.23880          1     0.0027     0.0164      98.67     0.3458     0.2751  1.000e-12  0.1711000    11.3391    11.3387    -0.0005     8.8936     8.8932    325.676    332.433      0.562    1451.16    1451.16  0.000e+00
      16191    329.500     6.2111     6.2116     0.0005    1.23892    1.23886          1     0.0031     0.0212      98.67     0.3527     0.3156  1.000e-12  0.1695000    11.3398    11.3391    -0.0007     8.8942     8.8936    326.170    332.938      0.519    1451.17    1451.17  0.000e+00
      16215    330.000     6.2117     6.2123     0.0006    1.23905    1.23901          1     0.0036     0.0167      98.67     0.3581     0.2817  1.000e-12  0.1753000    11.3408    11.3403    -0.0006     8.8949     8.8944    326.665    333.443      0.505    1451.18    1451.18  0.000e+00
      16238    330.500     6.2123     6.2129     0.0006    1.23916    1.23913          1     0.0029     0.0243      98.67     0.3549     0.3494  1.000e-12  0.1794000    11.3416    11.3411    -0.0005     8.8955     8.8951    327.160    333.948      0.584    1451.19    1451.20  0.000e+00
      16257    331.000     6.2127     6.2132     0.0006    1.23922    1.23919          1     0.0029     0.0215      98.67     0.3463     0.3715  1.000e-12  0.1785000    11.3420    11.3415    -0.0005     8.8957     8.8953    327.654    334.452      0.654    1451.20    1451.21  0.000e+00
      16275    331.500     6.2127     6.2133     0.0006    1.23924    1.23921          1     0.0047     0.0140      98.67     0.3566     0.3511  1.000e-12  0.1830000    11.3420    11.3416    -0.0004     8.8958     8.8954    328.149    334.957      0.634    1451.21    1451.21  0.000e+00
      16295    332.000     6.2128     6.2133     0.0006    1.23928    1.23924          1     0.0044     0.0208      98.67     0.3580     0.3196  1.000e-12  0.1857000    11.3423    11.3418    -0.0005     8.8960     8.8955    328.643    335.462      0.520    1451.22    1451.22  0.000e+00
      16322    332.500     6.2128     6.2133     0.0006    1.23930    1.23926          1     0.0014     0.0245      98.67     0.3584     0.3198  1.000e-12  0.1814000    11.3424    11.3418    -0.0006     8.8961     8.8956    329.138    335.967      0.436    1451.23    1451.23  0.000e+00
      16348    333.000     6.2131     6.2139     0.0008    1.23934    1.23935          1     0.0050     0.0210      98.67     0.3417     0.3584  1.000e-12  0.1676000    11.3427    11.3425    -0.0002     8.8963     8.8961    329.632    336.471      0.537    1451.24    1451.24  0.000e+00
      16368    333.500     6.2134     6.2140     0.0006    1.23939    1.23938          1     0.0059     0.0188      98.67     0.3596     0.3400  1.000e-12  0.1837000    11.3430    11.3426    -0.0003     8.8965     8.8962    330.127    336.976      0.670    1451.25    1451.25  0.000e+00
      16385    334.000     6.2134     6.2141     0.0007    1.23941    1.23939          1     0.0028     0.0186      98.67     0.3950     0.3412  1.000e-12  0.2162000    11.3431    11.3426    -0.0004     8.8966     8.8962    330.621    337.481      0.718    1451.26    1451.26  0.000e+00
      16402    334.500     6.2136     6.2142     0.0006    1.23943    1.23941          1     0.0013     0.0197      98.67     0.3653     0.3802  1.000e-12  0.2516000    11.3431    11.3427    -0.0005     8.8966     8.8962    331.116    337.986      0.646    1451.27    1451.27  0.000e+00
      16423    335.000     6.2135     6.2142     0.0007    1.23946    1.23944          1     0.0034     0.0211      98.67     0.3507     0.3346  1.000e-12  0.2084000    11.3433    11.3429    -0.0005     8.8968     8.8963    331.610    338.491      0.491    1451.27    1451.28  0.000e+00
      16452    335.500     6.2138     6.2144     0.0006    1.23954    1.23949          1     0.0021     0.0210      98.68     0.3458     0.3308  1.000e-12  0.1704000    11.3440    11.3433    -0.0007     8.8972     8.8966    332.105    338.995      0.421    1451.28    1451.29  0.000e+00
      16479    336.000     6.2151     6.2155     0.0004    1.23977    1.23973          1     0.0059     0.0179      98.67     0.3458     0.3214  1.000e-12  0.1671000    11.3457    11.3451    -0.0006     8.8985     8.8980    332.600    339.500      0.516    1451.30    1451.30  0.000e+00
