ctdpy/exports/archive_20191121_122431/received_data/SBE09_1044_20180528_0238_34_07_0036.cnv
* Sea-Bird SBE 9 Data File:
* FileName = C:\ctd\temp\2018\AU18D036.hex
* Software Version Seasave V 7.26.6.26
* Temperature SN = 5351
* Conductivity SN = 3941
* Number of Bytes Per Scan = 41
* Number of Voltage Words = 4
* Number of Scans Averaged by the Deck Unit = 1
* NMEA Latitude = 55 52.01 N
* NMEA Longitude = 012 44.92 E
* NMEA UTC (Time) = May 28 2018  02:38:37
* NMEA baud rate = 4800
** Station:  W LANDSKRONA
** Operator:  JKro
** Ship: AURA
** Average sound velocity: 1475.75 m/s
** True-depth calculation Mon, 28 May 2018 03:33:51 +0000
** CTD Python Module SMHI /ver 3-12/ feb 2012 
** LIMS Job: 20183407-0036
** Cruise: SMHI-02-2018
** Latitude [GG MM.mm N] :
** Longitude [GG MM.mm E]:
# nquan = 26
# nvalues = 97                          
# units = specified
# name 0 = scan: Scan Count
# name 1 = prDM: Pressure, Digiquartz [db]
# name 2 = t090C: Temperature [ITS-90, deg C]
# name 3 = t190C: Temperature, 2 [ITS-90, deg C]
# name 4 = T2-T190C: Temperature Difference, 2 - 1 [ITS-90, deg C]
# name 5 = c0S/m: Conductivity [S/m]
# name 6 = c1S/m: Conductivity, 2 [S/m]
# name 7 = pumps: Pump Status
# name 8 = sbeox0ML/L: Oxygen, SBE 43 [ml/l]
# name 9 = sbeox1ML/L: Oxygen, SBE 43, 2 [ml/l]
# name 10 = altM: Altimeter [m]
# name 11 = flECO-AFL: Chl-a Fluorescence, WET Labs ECO-AFL/FL [mg/m^3]
# name 12 = flECO-AFL1: Phycocyanin Fluorescence, WET Labs ECO-AFL/FL, 2 [mg/m^3]
# name 13 = par: PAR/Irradiance, Biospherical/Lico [µE/(cm^2*s)]
# name 14 = turbWETntu0: Turbidity, WET Labs ECO [NTU]
# name 15 = sal00: Salinity, Practical [PSU]
# name 16 = sal11: Salinity, Practical, 2 [PSU]
# name 17 = secS-priS: Salinity, Practical, Difference, 2 - 1 [PSU]
# name 18 = sigma-t00: Density [sigma-t, Kg/m^3 ]
# name 19 = sigma-t11: Density, 2 [sigma-t, Kg/m^3 ]
# name 20 = depSM: Depth [salt water, m], lat = 55.8668
# name 21 = depFM: Depth [true depth, m], lat = 55.8668
# name 22 = dz/dtM: Descent Rate [m/s], WS = 2
# name 23 = svCM: Sound Velocity [Chen-Millero, m/s]
# name 24 = svCM1: Sound Velocity, 2 [Chen-Millero, m/s]
# name 25 = flag: flag
# span 0 =      14581,      17352       
# span 1 =      1.000,     49.000       
# span 2 =     6.5311,    15.2857       
# span 3 =     6.5330,    15.2862       
# span 4 =    -0.0264,     0.1696       
# span 5 =   1.056692,   3.403141       
# span 6 =   1.056637,   3.403457       
# span 7 =          1,          1       
# span 8 =    4.30514,    7.27319       
# span 9 =    4.23617,    7.27192       
# span 10 =       3.11,      68.63      
# span 11 =     0.4476,     2.4275      
# span 12 =     0.2148,     0.5774      
# span 13 = 1.0000e-12, 2.0945e+01      
# span 14 =     0.2608,     1.0802      
# span 15 =     7.4983,    34.0184      
# span 16 =     7.4982,    34.0196      
# span 17 =    -0.3687,     0.0169      
# span 18 =     4.8195,    26.7030      
# span 19 =     4.8193,    26.7036      
# span 20 =      0.991,     48.549      
# span 21 =      1.014,     48.917      
# span 22 =      0.033,      0.476      
# span 23 =    1471.65,    1476.57      
# span 24 =    1471.67,    1476.58      
# span 25 = 0.0000e+00, 0.0000e+00      
# interval = decibars: 0.5              
# start_time = May 28 2018 02:38:37 [NMEA time, first data scan]
# bad_flag = -9.990e-29
*END*
[from data line 56]
      16179     29.000     6.5354     6.5372     0.0018    3.39306    3.39317          1     4.3269     4.2712      23.10     0.5100     0.3141  1.000e-12  0.8468000    33.9541    33.9535    -0.0005    26.6573    26.6566     28.734     29.075      0.447    1476.01    1476.02  0.000e+00
      16206     29.500     6.5364     6.5382     0.0018    3.39330    3.39339          1     4.3275     4.2767      22.59     0.5697     0.2856  1.000e-12  0.7953000    33.9554    33.9546    -0.0008    26.6582    26.6573     29.230     29.571      0.441    1476.03    1476.03  0.000e+00
      16233     30.000     6.5374     6.5391     0.0017    3.39344    3.39353          1     4.3306     4.2738      22.08     0.5533     0.2858  1.000e-12  0.7780000    33.9557    33.9550    -0.0007    26.6583    26.6575     29.725     30.068      0.437    1476.04    1476.04  0.000e+00
      16260     30.500     6.5388     6.5404     0.0016    3.39375    3.39381          1     4.3292     4.2759      21.60     0.4822     0.2911  1.000e-12  0.7646000    33.9576    33.9567    -0.0009    26.6596    26.6587     30.221     30.564      0.447    1476.05    1476.06  0.000e+00
      16287     31.000     6.5400     6.5417     0.0017    3.39426    3.39434          1     4.3376     4.2890      21.10     0.5280     0.2474  1.000e-12  0.7647000    33.9617    33.9610    -0.0007    26.6627    26.6619     30.716     31.060      0.445    1476.07    1476.08  0.000e+00
      16314     31.500     6.5408     6.5426     0.0018    3.39467    3.39475          1     4.3430     4.2875      20.59     0.5639     0.2505  1.000e-12  0.7563000    33.9653    33.9645    -0.0008    26.6654    26.6645     31.211     31.556      0.442    1476.09    1476.09  0.000e+00
      16341     32.000     6.5413     6.5431     0.0018    3.39509    3.39517          1     4.3416     4.2772      20.10     0.5995     0.2349  1.000e-12  0.7759000    33.9693    33.9684    -0.0009    26.6685    26.6676     31.707     32.052      0.435    1476.10    1476.11  0.000e+00
      16369     32.500     6.5413     6.5431     0.0018    3.39524    3.39533          1     4.3337     4.2740      19.59     0.5329     0.2755  1.000e-12  0.8237000    33.9705    33.9698    -0.0007    26.6695    26.6686     32.202     32.548      0.434    1476.11    1476.12  0.000e+00
      16397     33.000     6.5417     6.5435     0.0017    3.39537    3.39544          1     4.3341     4.2827      19.11     0.5486     0.3345  1.000e-12  0.8279000    33.9714    33.9705    -0.0010    26.6701    26.6691     32.697     33.044      0.444    1476.12    1476.13  0.000e+00
      16424     33.500     6.5423     6.5440     0.0017    3.39548    3.39559          1     4.3371     4.2903      18.61     0.5117     0.3259  1.000e-12  0.8361000    33.9719    33.9713    -0.0005    26.6704    26.6697     33.193     33.540      0.437    1476.14    1476.14  0.000e+00
      16452     34.000     6.5432     6.5448     0.0017    3.39575    3.39582          1     4.3379     4.2945      18.10     0.5263     0.2886  1.000e-12  0.8480000    33.9737    33.9729    -0.0009    26.6717    26.6708     33.688     34.036      0.430    1476.15    1476.15  0.000e+00
      16479     34.500     6.5444     6.5460     0.0016    3.39605    3.39613          1     4.3409     4.2967      17.61     0.4984     0.3221  1.000e-12  0.8628000    33.9756    33.9748    -0.0008    26.6730    26.6722     34.184     34.532      0.435    1476.17    1476.17  0.000e+00
      16507     35.000     6.5455     6.5470     0.0014    3.39635    3.39637          1     4.3360     4.2985      17.11     0.5301     0.3387  1.000e-12  0.8647000    33.9775    33.9764    -0.0011    26.6744    26.6733     34.679     35.028      0.431    1476.18    1476.18  0.000e+00
      16535     35.500     6.5486     6.5502     0.0016    3.39708    3.39711          1     4.3384     4.2942      16.61     0.4867     0.2636  1.000e-12  0.9001000    33.9823    33.9811    -0.0012    26.6778    26.6767     35.174     35.524      0.433    1476.21    1476.21  0.000e+00
      16562     36.000     6.5501     6.5517     0.0015    3.39744    3.39747          1     4.3422     4.2925      16.11     0.4823     0.2256  1.000e-12  0.9383000    33.9845    33.9833    -0.0011    26.6793    26.6782     35.670     36.020      0.435    1476.22    1476.23  0.000e+00
      16590     36.500     6.5514     6.5526     0.0012    3.39775    3.39770          1     4.3373     4.2935      15.62     0.4665     0.2767  1.000e-12  0.9221000    33.9864    33.9847    -0.0017    26.6807    26.6792     36.165     36.516      0.432    1476.24    1476.24  0.000e+00
      16618     37.000     6.5523     6.5540     0.0016    3.39796    3.39801          1     4.3366     4.2820      15.12     0.4476     0.2816  1.000e-12  0.9416000    33.9876    33.9866    -0.0011    26.6815    26.6805     36.660     37.012      0.434    1476.25    1476.26  0.000e+00
      16646     37.500     6.5529     6.5546     0.0017    3.39809    3.39813          1     4.3387     4.2723      14.61     0.4875     0.2977  1.000e-12  0.9615000    33.9882    33.9870    -0.0011    26.6818    26.6807     37.156     37.508      0.428    1476.26    1476.27  0.000e+00
      16673     38.000     6.5532     6.5549     0.0018    3.39814    3.39820          1     4.3361     4.2845      14.12     0.5393     0.2417  1.000e-12  0.9677000    33.9883    33.9872    -0.0011    26.6819    26.6808     37.651     38.004      0.434    1476.27    1476.28  0.000e+00
      16701     38.500     6.5535     6.5551     0.0016    3.39820    3.39825          1     4.3341     4.2976      13.64     0.5158     0.2716  1.000e-12  0.9839000    33.9884    33.9873    -0.0011    26.6819    26.6809     38.147     38.500      0.433    1476.28    1476.29  0.000e+00
      16729     39.000     6.5537     6.5555     0.0018    3.39825    3.39834          1     4.3340     4.2935      13.13     0.4830     0.2950  1.000e-12  0.9740000    33.9885    33.9877    -0.0008    26.6820    26.6812     38.642     38.996      0.426    1476.29    1476.30  0.000e+00
      16757     39.500     6.5549     6.5566     0.0016    3.39854    3.39858          1     4.3386     4.2899      12.62     0.5289     0.3059  1.000e-12  1.0092000    33.9902    33.9891    -0.0011    26.6832    26.6821     39.137     39.492      0.421    1476.31    1476.31  0.000e+00
      16786     40.000     6.5552     6.5570     0.0018    3.39858    3.39868          1     4.3369     4.2920      12.14     0.5108     0.3152  1.000e-12  0.9851000    33.9902    33.9895    -0.0007    26.6832    26.6823     39.633     39.988      0.421    1476.32    1476.32  0.000e+00
      16814     40.500     6.5558     6.5575     0.0017    3.39874    3.39880          1     4.3397     4.2898      11.64     0.5753     0.3159  1.000e-12  0.9874000    33.9911    33.9901    -0.0009    26.6837    26.6828     40.128     40.484      0.427    1476.33    1476.33  0.000e+00
      16843     41.000     6.5566     6.5583     0.0017    3.39893    3.39899          1     4.3395     4.2991      11.12     0.5748     0.3327  1.000e-12  1.0241000    33.9922    33.9912    -0.0010    26.6846    26.6835     40.623     40.980      0.416    1476.34    1476.34  0.000e+00
      16871     41.500     6.5567     6.5584     0.0017    3.39896    3.39903          1     4.3402     4.2986      10.64     0.4964     0.2925  1.000e-12  1.0098000    33.9921    33.9912    -0.0009    26.6844    26.6835     41.119     41.476      0.416    1476.35    1476.35  0.000e+00
      16900     42.000     6.5569     6.5585     0.0016    3.39900    3.39904          1     4.3384     4.2994      10.13     0.4957     0.2798  1.000e-12  0.9763000    33.9922    33.9910    -0.0011    26.6845    26.6834     41.614     41.972      0.423    1476.36    1476.36  0.000e+00
      16928     42.500     6.5571     6.5588     0.0018    3.39906    3.39915          1     4.3412     4.3025       9.65     0.4962     0.2660  1.000e-12  1.0078000    33.9924    33.9917    -0.0007    26.6846    26.6838     42.109     42.468      0.427    1476.37    1476.37  0.000e+00
      16957     43.000     6.5578     6.5596     0.0018    3.39925    3.39935          1     4.3476     4.2923       9.13     0.5978     0.2758  1.000e-12  1.0060000    33.9935    33.9928    -0.0007    26.6854    26.6846     42.605     42.964      0.405    1476.38    1476.39  0.000e+00
      16987     43.500     6.5584     6.5600     0.0017    3.39942    3.39946          1     4.3430     4.3034       8.62     0.4797     0.2685  1.000e-12  0.9570000    33.9945    33.9934    -0.0012    26.6862    26.6850     43.100     43.460      0.385    1476.39    1476.40  0.000e+00
      17019     44.000     6.5589     6.5605     0.0017    3.39954    3.39959          1     4.3485     4.3117       8.10     0.4714     0.3059  1.000e-12  0.9511000    33.9951    33.9941    -0.0010    26.6865    26.6855     43.595     43.957      0.380    1476.40    1476.41  0.000e+00
      17050     44.500     6.5592     6.5609     0.0018    3.39961    3.39970          1     4.3520     4.3156       7.59     0.5292     0.2794  1.000e-12  0.9702000    33.9954    33.9947    -0.0007    26.6867    26.6859     44.091     44.453      0.383    1476.41    1476.42  0.000e+00
      17082     45.000     6.5602     6.5618     0.0016    3.39989    3.39995          1     4.3503     4.3179       7.10     0.5051     0.3121  1.000e-12  0.9536000    33.9973    33.9963    -0.0009    26.6881    26.6871     44.586     44.949      0.370    1476.43    1476.43  0.000e+00
      17115     45.500     6.5606     6.5623     0.0018    3.40000    3.40008          1     4.3571     4.3140       6.60     0.4997     0.2872  1.000e-12  0.9934000    33.9978    33.9969    -0.0009    26.6885    26.6875     45.081     45.445      0.368    1476.44    1476.44  0.000e+00
      17148     46.000     6.5607     6.5624     0.0017    3.40004    3.40009          1     4.3505     4.3085       6.10     0.5055     0.2515  1.000e-12  1.0002000    33.9979    33.9967    -0.0012    26.6885    26.6873     45.577     45.941      0.362    1476.44    1476.45  0.000e+00
      17181     46.500     6.5610     6.5628     0.0018    3.40011    3.40022          1     4.3490     4.3102       5.61     0.5515     0.2868  1.000e-12  1.0045000    33.9982    33.9976    -0.0006    26.6887    26.6879     46.072     46.437      0.362    1476.45    1476.46  0.000e+00
      17214     47.000     6.5630     6.5647     0.0017    3.40068    3.40075          1     4.3608     4.3359       5.10     0.4982     0.2280  1.000e-12  1.0109000    34.0022    34.0013    -0.0009    26.6916    26.6907     46.568     46.933      0.357    1476.48    1476.48  0.000e+00
      17248     47.500     6.5644     6.5660     0.0017    3.40108    3.40113          1     4.3788     4.3576       4.61     0.4935     0.2652  1.000e-12  0.9473000    34.0050    34.0040    -0.0011    26.6936    26.6926     47.063     47.429      0.361    1476.49    1476.50  0.000e+00
      17281     48.000     6.5671     6.5683     0.0012    3.40171    3.40168          1     4.3788     4.3497       4.12     0.5015     0.2283  1.000e-12  0.9280000    34.0092    34.0076    -0.0016    26.6965    26.6951     47.558     47.925      0.353    1476.52    1476.52  0.000e+00
      17316     48.500     6.5704     6.5714     0.0010    3.40247    3.40214          1     4.3800     4.3433       3.62     0.4872     0.2736  1.000e-12  1.0082000    34.0140    34.0093    -0.0046    26.6999    26.6961     48.054     48.421      0.330    1476.54    1476.54  0.000e+00
      17352     49.000     6.5732     6.5755     0.0023    3.40314    3.40346          1     4.3855     4.3274       3.11     0.5152     0.2527  1.000e-12  1.0802000    34.0184    34.0196     0.0013    26.7030    26.7036     48.549     48.917      0.152    1476.57    1476.58  0.000e+00
