ctdpy/exports/archive_20191121_122431/received_data/SBE09_0827_20180823_0916_26_01_0864.cnv
* Sea-Bird SBE 9 Data File:
* FileName = D:\CTD_SBE911\DAT\26DA.2018.8.64.hex
* Software Version Seasave V 7.21d
* Temperature SN = 034605
* Conductivity SN = 041844
* Number of Bytes Per Scan = 48
* Number of Voltage Words = 5
* Number of Scans Averaged by the Deck Unit = 1
* NMEA Latitude = 57 35.92 N
* NMEA Longitude = 009 15.17 E
* NMEA UTC (Time) = Aug 23 2018  09:18:44
* NMEA baud rate = 4800
** Ship: DANA
** Average sound velocity: 1512.11 m/s
** True-depth calculation Thu, 28 Mar 2019 09:25:34 +0000
** CTD Python Module SMHI /ver 3-12/ feb 2012 
** LIMS Job: 20182601-0864
**  23 W HIRTSHALS
** Operator: Christian
** Cruise: 08/2018
# nquan = 26
# nvalues = 50                          
# units = specified
# name 0 = scan: Scan Count
# name 1 = prDM: Pressure, Digiquartz [db]
# name 2 = t090C: Temperature [ITS-90, deg C]
# name 3 = t190C: Temperature, 2 [ITS-90, deg C]
# name 4 = T2-T190C: Temperature Difference, 2 - 1 [ITS-90, deg C]
# name 5 = c0S/m: Conductivity [S/m]
# name 6 = c1S/m: Conductivity, 2 [S/m]
# name 7 = pumps: Pump Status
# name 8 = sbeox1ML/L: Oxygen, SBE 43, 2 [ml/l]
# name 9 = sbeox0ML/L: Oxygen, SBE 43 [ml/l]
# name 10 = altM: Altimeter [m]
# name 11 = chloroflTC0: Chlorophyll, Turner Cyclops [ug/l]
# name 12 = cpar: CPAR/Corrected Irradiance [%]
# name 13 = par: PAR/Irradiance, Biospherical/Lico [µE/(cm^2*s)]
# name 14 = spar: SPAR, Biospherical/Licor
# name 15 = sal00: Salinity, Practical [PSU]
# name 16 = sal11: Salinity, Practical, 2 [PSU]
# name 17 = secS-priS: Salinity, Practical, Difference, 2 - 1 [PSU]
# name 18 = sigma-t00: Density [sigma-t, kg/m^3 ]
# name 19 = sigma-t11: Density, 2 [sigma-t, kg/m^3 ]
# name 20 = depSM: Depth [salt water, m], lat = 57.5987
# name 21 = depFM: Depth [true depth, m], lat = 57.5987
# name 22 = dz/dtM: Descent Rate [m/s], WS = 2
# name 23 = svCM: Sound Velocity [Chen-Millero, m/s]
# name 24 = svCM1: Sound Velocity, 2 [Chen-Millero, m/s]
# name 25 = flag: flag
# span 0 =         67,       2884       
# span 1 =      1.500,     26.000       
# span 2 =    17.5894,    17.6011       
# span 3 =    17.5886,    17.6004       
# span 4 =    -0.0024,     0.0008       
# span 5 =   4.270985,   4.272367       
# span 6 =   4.271965,   4.272769       
# span 7 =          1,          1       
# span 8 =     5.6406,     5.6961       
# span 9 =     5.3350,     5.3888       
# span 10 =       0.97,       9.98      
# span 11 =     0.2068,     0.2693      
# span 12 = 4.0445e-02, 8.8708e+00      
# span 13 = 2.4470e-01, 5.4046e+01      
# span 14 = 6.0503e+02, 6.0925e+02      
# span 15 =    32.6067,    32.6189      
# span 16 =    32.6211,    32.6226      
# span 17 =     0.0034,     0.0156      
# span 18 =    23.5361,    23.5470      
# span 19 =    23.5480,    23.5504      
# span 20 =      1.486,     25.758      
# span 21 =      1.493,     25.873      
# span 22 =     -0.187,      0.350      
# span 23 =    1511.92,    1512.30      
# span 24 =    1511.92,    1512.30      
# span 25 = 0.0000e+00, 0.0000e+00      
# interval = decibars: 0.5              
# start_time = Aug 23 2018 09:18:45 [NMEA time, first data scan]
# bad_flag = -9.990e-29
*END*
         67      1.500    17.5978    17.5970    -0.0008    4.27182    4.27222          1     5.6449     5.3862       9.98     0.2068  8.871e+00  5.405e+01  6.092e+02    32.6179    32.6219     0.0040    23.5454    23.5487      1.486      1.493      0.214    1511.92    1511.92  0.000e+00
        307      2.000    17.5962    17.5960    -0.0002    4.27170    4.27216          1     5.6406     5.3789       9.97     0.2157  7.589e+00  4.624e+01  6.092e+02    32.6180    32.6221     0.0041    23.5459    23.5491      1.982      1.990      0.276    1511.92    1511.93  0.000e+00
        391      2.500    17.5974    17.5969    -0.0004    4.27183    4.27224          1     5.6491     5.3752       9.97     0.2210  6.654e+00  4.054e+01  6.092e+02    32.6180    32.6218     0.0038    23.5456    23.5486      2.477      2.488      0.326    1511.93    1511.94  0.000e+00
        429      3.000    17.6003    17.5991    -0.0012    4.27213    4.27246          1     5.6808     5.3761       9.97     0.2222  5.695e+00  3.469e+01  6.092e+02    32.6180    32.6218     0.0038    23.5449    23.5481      2.972      2.985      0.276    1511.95    1511.95  0.000e+00
        499      3.500    17.5995    17.6003     0.0008    4.27207    4.27262          1     5.6493     5.3747       9.97     0.2284  5.187e+00  3.160e+01  6.092e+02    32.6180    32.6220     0.0040    23.5451    23.5480      3.468      3.483      0.264    1511.96    1511.96  0.000e+00
        539      4.000    17.6004    17.5994    -0.0011    4.27215    4.27257          1     5.6668     5.3888       9.97     0.2201  4.689e+00  2.857e+01  6.092e+02    32.6177    32.6222     0.0045    23.5446    23.5483      3.963      3.980      0.327    1511.97    1511.97  0.000e+00
        586      4.500    17.6007    17.5998    -0.0009    4.27225    4.27262          1     5.6764     5.3800       9.97     0.2222  4.268e+00  2.600e+01  6.092e+02    32.6181    32.6221     0.0039    23.5449    23.5481      4.458      4.478      0.207    1511.98    1511.98  0.000e+00
        641      5.000    17.6000    17.6003     0.0003    4.27221    4.27268          1     5.6586     5.3729       9.97     0.2225  3.881e+00  2.365e+01  6.092e+02    32.6182    32.6220     0.0039    23.5451    23.5480      4.954      4.976      0.280    1511.98    1511.99  0.000e+00
        679      5.500    17.6011    17.6002    -0.0009    4.27233    4.27272          1     5.6592     5.3846       9.97     0.2203  3.543e+00  2.159e+01  6.092e+02    32.6182    32.6222     0.0040    23.5448    23.5481      5.449      5.473      0.311    1512.00    1512.00  0.000e+00
        724      6.000    17.6009    17.6004    -0.0005    4.27098    4.27277          1     5.6921     5.3767       9.97     0.2276  3.143e+00  1.915e+01  6.092e+02    32.6067    32.6223     0.0156    23.5361    23.5482      5.945      5.971      0.224    1511.99    1512.01  0.000e+00
        780      6.500    17.6001    17.5995    -0.0006    4.27237    4.27271          1     5.6605     5.3764       9.98     0.2222  2.899e+00  1.766e+01  6.092e+02    32.6189    32.6224     0.0034    23.5456    23.5484      6.440      6.468      0.310    1512.01    1512.01  0.000e+00
        811      7.000    17.5988    17.5983    -0.0006    4.27219    4.27264          1     5.6668     5.3736       9.98     0.2225  2.590e+00  1.578e+01  6.092e+02    32.6183    32.6225     0.0042    23.5455    23.5489      6.935      6.966      0.342    1512.01    1512.02  0.000e+00
        874      7.500    17.5980    17.5975    -0.0005    4.27214    4.27259          1     5.6705     5.3695       9.98     0.2228  2.330e+00  1.420e+01  6.092e+02    32.6184    32.6226     0.0042    23.5457    23.5491      7.431      7.463      0.227    1512.02    1512.02  0.000e+00
        926      8.000    17.5970    17.5969    -0.0002    4.27207    4.27255          1     5.6843     5.3768       9.98     0.2292  2.133e+00  1.299e+01  6.092e+02    32.6183    32.6226     0.0043    23.5459    23.5493      7.926      7.961      0.344    1512.02    1512.03  0.000e+00
        961      8.500    17.5960    17.5960    -0.0000    4.27198    4.27248          1     5.6670     5.3775       9.98     0.2355  1.894e+00  1.154e+01  6.092e+02    32.6182    32.6225     0.0043    23.5461    23.5494      8.421      8.458      0.300    1512.03    1512.03  0.000e+00
       1012      9.000    17.5946    17.5949     0.0003    4.27187    4.27240          1     5.6567     5.3759       9.98     0.2424  1.682e+00  1.025e+01  6.092e+02    32.6182    32.6226     0.0044    23.5464    23.5497      8.917      8.956      0.211    1512.03    1512.04  0.000e+00
       1063      9.500    17.5961    17.5937    -0.0024    4.27203    4.27230          1     5.6687     5.3697       9.98     0.2582  1.561e+00  9.511e+00  6.092e+02    32.6183    32.6225     0.0042    23.5461    23.5499      9.412      9.454      0.291    1512.05    1512.04  0.000e+00
       1100     10.000    17.5962    17.5952    -0.0010    4.27207    4.27245          1     5.6939     5.3710       9.98     0.2568  1.393e+00  8.488e+00  6.092e+02    32.6183    32.6223     0.0041    23.5461    23.5494      9.907      9.951      0.309    1512.06    1512.06  0.000e+00
       1147     10.500    17.5960    17.5946    -0.0014    4.27207    4.27242          1     5.6903     5.3635       9.98     0.2353  1.262e+00  7.689e+00  6.092e+02    32.6182    32.6224     0.0041    23.5461    23.5496     10.403     10.449      0.212    1512.06    1512.06  0.000e+00
       1205     11.000    17.5941    17.5938    -0.0002    4.27190    4.27237          1     5.6778     5.3730       9.98     0.2659  1.135e+00  6.917e+00  6.092e+02    32.6182    32.6224     0.0042    23.5465    23.5498     10.898     10.946      0.239    1512.07    1512.07  0.000e+00
       1249     11.500    17.5928    17.5932     0.0004    4.27178    4.27234          1     5.6816     5.3777       9.98     0.2539  1.036e+00  6.312e+00  6.092e+02    32.6180    32.6224     0.0044    23.5467    23.5500     11.393     11.444      0.298    1512.07    1512.08  0.000e+00
       1292     12.000    17.5918    17.5915    -0.0004    4.27167    4.27217          1     5.6623     5.3743       9.98     0.2355  9.428e-01  5.744e+00  6.092e+02    32.6177    32.6222     0.0045    23.5467    23.5502     11.889     11.941      0.240    1512.07    1512.08  0.000e+00
       1349     12.500    17.5918    17.5912    -0.0006    4.27167    4.27213          1     5.6709     5.3734       9.98     0.2670  8.400e-01  5.117e+00  6.092e+02    32.6176    32.6219     0.0044    23.5466    23.5501     12.384     12.439      0.239    1512.08    1512.09  0.000e+00
       1389     13.000    17.5910    17.5908    -0.0002    4.27160    4.27211          1     5.6879     5.3763       9.98     0.2652  7.766e-01  4.731e+00  6.092e+02    32.6174    32.6219     0.0045    23.5466    23.5502     12.880     12.936      0.342    1512.09    1512.09  0.000e+00
       1425     13.500    17.5920    17.5906    -0.0014    4.27173    4.27207          1     5.6813     5.3670       9.98     0.2446  7.114e-01  4.334e+00  6.092e+02    32.6175    32.6215     0.0040    23.5465    23.5499     13.375     13.434      0.297    1512.10    1512.10  0.000e+00
       1475     14.000    17.5940    17.5917    -0.0023    4.27197    4.27220          1     5.6956     5.3683       9.98     0.2427  6.213e-01  3.781e+00  6.085e+02    32.6178    32.6216     0.0038    23.5463    23.5497     13.870     13.932      0.227    1512.12    1512.11  0.000e+00
       1522     14.500    17.5918    17.5923     0.0005    4.27175    4.27233          1     5.6760     5.3630       9.98     0.2436  5.700e-01  3.471e+00  6.089e+02    32.6175    32.6220     0.0045    23.5465    23.5499     14.366     14.429      0.267    1512.12    1512.12  0.000e+00
       1572     15.000    17.5915    17.5910    -0.0006    4.27174    4.27219          1     5.6804     5.3579       9.98     0.2461  5.282e-01  3.215e+00  6.086e+02    32.6174    32.6218     0.0043    23.5466    23.5500     14.861     14.927      0.225    1512.12    1512.13  0.000e+00
       1623     15.500    17.5917    17.5907    -0.0010    4.27179    4.27217          1     5.6913     5.3705       9.97     0.2474  4.698e-01  2.854e+00  6.074e+02    32.6175    32.6217     0.0042    23.5465    23.5500     15.356     15.424      0.253    1512.13    1512.13  0.000e+00
       1667     16.000    17.5901    17.5899    -0.0002    4.27159    4.27211          1     5.6919     5.3625       9.97     0.2635  4.258e-01  2.586e+00  6.073e+02    32.6170    32.6215     0.0046    23.5465    23.5501     15.852     15.922      0.299    1512.14    1512.14  0.000e+00
       1706     16.500    17.5897    17.5887    -0.0010    4.27157    4.27196          1     5.6781     5.3683       9.97     0.2533  3.867e-01  2.349e+00  6.073e+02    32.6169    32.6211     0.0042    23.5466    23.5501     16.347     16.419      0.282    1512.14    1512.14  0.000e+00
       1760     17.000    17.5905    17.5890    -0.0015    4.27171    4.27201          1     5.6768     5.3728       9.75     0.2460  3.487e-01  2.117e+00  6.072e+02    32.6173    32.6211     0.0038    23.5467    23.5500     16.842     16.917      0.213    1512.15    1512.15  0.000e+00
       1805     17.500    17.5906    17.5895    -0.0011    4.27174    4.27213          1     5.6869     5.3570       9.25     0.2562  3.199e-01  1.942e+00  6.072e+02    32.6173    32.6215     0.0042    23.5466    23.5502     17.338     17.414      0.346    1512.16    1512.16  0.000e+00
       1839     18.000    17.5904    17.5898    -0.0007    4.27172    4.27217          1     5.6716     5.3635       8.75     0.2421  2.891e-01  1.755e+00  6.072e+02    32.6171    32.6214     0.0043    23.5466    23.5500     17.833     17.912      0.327    1512.17    1512.17  0.000e+00
       1891     18.500    17.5899    17.5896    -0.0003    4.27170    4.27217          1     5.6660     5.3588       8.30     0.2433  2.559e-01  1.554e+00  6.072e+02    32.6172    32.6214     0.0042    23.5468    23.5501     18.328     18.409      0.200    1512.18    1512.18  0.000e+00
       1949     19.000    17.5894    17.5892    -0.0002    4.27167    4.27215          1     5.6961     5.3516       7.84     0.2650  2.329e-01  1.414e+00  6.072e+02    32.6172    32.6215     0.0043    23.5469    23.5502     18.824     18.907      0.300    1512.18    1512.19  0.000e+00
       1983     19.500    17.5899    17.5888    -0.0011    4.27173    4.27213          1     5.6855     5.3350       7.30     0.2693  2.151e-01  1.306e+00  6.072e+02    32.6171    32.6213     0.0042    23.5467    23.5502     19.319     19.405      0.350    1512.19    1512.19  0.000e+00
       2022     20.000    17.5894    17.5887    -0.0007    4.27172    4.27214          1     5.6860     5.3664       6.82     0.2482  1.905e-01  1.157e+00  6.072e+02    32.6172    32.6213     0.0041    23.5469    23.5502     19.814     19.902      0.254    1512.20    1512.20  0.000e+00
       2076     20.500    17.5894    17.5886    -0.0007    4.27173    4.27216          1     5.6800     5.3639       6.40     0.2483  1.655e-01  1.005e+00  6.072e+02    32.6171    32.6213     0.0042    23.5468    23.5502     20.310     20.400      0.247    1512.21    1512.21  0.000e+00
       2117     21.000    17.5895    17.5886    -0.0010    4.27177    4.27217          1     5.6605     5.3567       5.86     0.2495  1.547e-01  9.394e-01  6.072e+02    32.6172    32.6214     0.0042    23.5468    23.5503     20.805     20.897      0.310    1512.22    1512.22  0.000e+00
       2159     21.500    17.5895    17.5887    -0.0009    4.27179    4.27220          1     5.6617     5.3629       5.36     0.2464  1.398e-01  8.487e-01  6.072e+02    32.6172    32.6214     0.0042    23.5468    23.5503     21.300     21.395      0.253    1512.23    1512.23  0.000e+00
       2215     22.000    17.5899    17.5887    -0.0012    4.27187    4.27223          1     5.6808     5.3657       4.92     0.2659  1.194e-01  7.236e-01  6.061e+02    32.6173    32.6213     0.0040    23.5469    23.5502     21.796     21.892      0.217    1512.24    1512.24  0.000e+00
       2262     22.500    17.5900    17.5889    -0.0010    4.27187    4.27227          1     5.6663     5.3546       4.40     0.2597  1.109e-01  6.730e-01  6.070e+02    32.6172    32.6214     0.0042    23.5467    23.5502     22.291     22.390      0.306    1512.24    1512.24  0.000e+00
       2299     23.000    17.5902    17.5890    -0.0013    4.27194    4.27230          1     5.6639     5.3600       3.90     0.2609  1.004e-01  6.088e-01  6.064e+02    32.6173    32.6214     0.0041    23.5468    23.5502     22.786     22.887      0.303    1512.25    1512.25  0.000e+00
       2350     23.500    17.5895    17.5890    -0.0005    4.27189    4.27233          1     5.6489     5.3552       3.47     0.2386  8.386e-02  5.075e-01  6.052e+02    32.6173    32.6215     0.0042    23.5469    23.5503     23.282     23.385      0.210    1512.26    1512.26  0.000e+00
       2401     24.000    17.5894    17.5886    -0.0009    4.27191    4.27232          1     5.6515     5.3490       2.96     0.2462  7.620e-02  4.611e-01  6.052e+02    32.6174    32.6215     0.0041    23.5470    23.5504     23.777     23.883      0.328    1512.27    1512.27  0.000e+00
       2433     24.500    17.5896    17.5886    -0.0010    4.27196    4.27234          1     5.6558     5.3566       2.41     0.2342  6.978e-02  4.223e-01  6.052e+02    32.6174    32.6215     0.0041    23.5470    23.5504     24.272     24.380      0.350    1512.28    1512.28  0.000e+00
       2481     25.000    17.5897    17.5887    -0.0010    4.27198    4.27237          1     5.6731     5.3623       1.98     0.2464  5.794e-02  3.507e-01  6.052e+02    32.6174    32.6215     0.0041    23.5470    23.5503     24.768     24.878      0.214    1512.28    1512.29  0.000e+00
       2543     25.500    17.5897    17.5888    -0.0010    4.27199    4.27239          1     5.6734     5.3391       1.58     0.2578  4.875e-02  2.950e-01  6.052e+02    32.6172    32.6215     0.0042    23.5469    23.5503     25.263     25.375      0.289    1512.29    1512.29  0.000e+00
       2884     26.000    17.5898    17.5890    -0.0007    4.27202    4.27241          1     5.6796     5.3543       0.97     0.2245  4.045e-02  2.447e-01  6.050e+02    32.6173    32.6213     0.0040    23.5468    23.5501     25.758     25.873     -0.187    1512.30    1512.30  0.000e+00
