ctdpy/exports/archive_20191121_122431/received_data/SBE09_1044_20181112_0813_34_01_0136.cnv
* Sea-Bird SBE 9 Data File:
* FileName = C:\ctd\temp\ar18d136.hex
* Software Version Seasave V 7.26.7.107
* Temperature SN = 5351
* Conductivity SN = 3941
* Number of Bytes Per Scan = 41
* Number of Voltage Words = 4
* Number of Scans Averaged by the Deck Unit = 1
* NMEA Latitude = 58 18.96 N
* NMEA Longitude = 010 56.50 E
* NMEA UTC (Time) = Nov 12 2018  08:13:30
* NMEA baud rate = 4800
** Station:  A14
** Operator:  A-KTh
** Ship: ARANDA
** Average sound velocity: 1490.64 m/s
** True-depth calculation Tue, 13 Nov 2018 15:01:41 +0000
** CTD Python Module SMHI /ver 3-12/ feb 2012 
** LIMS Job: 20183401-0136
** Cruise: SMHI-6-2018
** Latitude [GG MM.mm N]:
** Longitude [GG MM.mm E]
# nquan = 26
# nvalues = 215                         
# units = specified
# name 0 = scan: Scan Count
# name 1 = prDM: Pressure, Digiquartz [db]
# name 2 = t090C: Temperature [ITS-90, deg C]
# name 3 = t190C: Temperature, 2 [ITS-90, deg C]
# name 4 = T2-T190C: Temperature Difference, 2 - 1 [ITS-90, deg C]
# name 5 = c0S/m: Conductivity [S/m]
# name 6 = c1S/m: Conductivity, 2 [S/m]
# name 7 = pumps: Pump Status
# name 8 = sbeox0ML/L: Oxygen, SBE 43 [ml/l]
# name 9 = sbeox1ML/L: Oxygen, SBE 43, 2 [ml/l]
# name 10 = altM: Altimeter [m]
# name 11 = flECO-AFL: Chl-a Fluorescence, WET Labs ECO-AFL/FL [mg/m^3]
# name 12 = flECO-AFL1: Phycocyanin Fluorescence, WET Labs ECO-AFL/FL, 2 [mg/m^3]
# name 13 = par: PAR/Irradiance, Biospherical/Lico [µE/(cm^2*s)]
# name 14 = turbWETntu0: Turbidity, WET Labs ECO [NTU]
# name 15 = sal00: Salinity, Practical [PSU]
# name 16 = sal11: Salinity, Practical, 2 [PSU]
# name 17 = secS-priS: Salinity, Practical, Difference, 2 - 1 [PSU]
# name 18 = sigma-t00: Density [sigma-t, Kg/m^3 ]
# name 19 = sigma-t11: Density, 2 [sigma-t, Kg/m^3 ]
# name 20 = depSM: Depth [salt water, m], lat = 58.316
# name 21 = depFM: Depth [true depth, m], lat = 58.316
# name 22 = dz/dtM: Descent Rate [m/s], WS = 2
# name 23 = svCM: Sound Velocity [Chen-Millero, m/s]
# name 24 = svCM1: Sound Velocity, 2 [Chen-Millero, m/s]
# name 25 = flag: flag
# span 0 =      12858,      17841       
# span 1 =      1.000,    108.000       
# span 2 =     8.2833,    10.8376       
# span 3 =     8.2895,    10.8383       
# span 4 =    -0.0092,     0.0464       
# span 5 =   3.532586,   3.879330       
# span 6 =   3.532738,   3.879392       
# span 7 =          1,          1       
# span 8 =    4.97074,    6.03168       
# span 9 =    4.78100,    5.76892       
# span 10 =      -0.42,      98.80      
# span 11 =     0.0658,     0.8867      
# span 12 =     0.1209,     0.3412      
# span 13 = -2.322e-05, 1.8895e+02      
# span 14 =     0.3157,     1.4386      
# span 15 =    31.9594,    35.0490      
# span 16 =    31.9599,    35.0482      
# span 17 =    -0.0522,     0.0330      
# span 18 =    24.5364,    27.2694      
# span 19 =    24.5365,    27.2677      
# span 20 =      0.991,    106.968      
# span 21 =      0.994,    107.178      
# span 22 =     -0.017,      1.160      
# span 23 =    1485.38,    1493.47      
# span 24 =    1485.39,    1493.48      
# span 25 = 0.0000e+00, 0.0000e+00      
# interval = decibars: 0.5              
# start_time = Nov 12 2018 08:13:30 [NMEA time, first data scan]
# bad_flag = -9.990e-29
*END*
[from data line 56]
      14247     29.000    10.1800    10.1710    -0.0089    3.65593    3.65464          1     6.0104     5.7515      94.71     0.7571     0.2681  8.631e-01  0.3592000    33.2586    33.2537    -0.0049    25.5620    25.5597     28.729     28.812      0.861    1488.84    1488.80  0.000e+00
      14260     29.500    10.1995    10.1939    -0.0056    3.65847    3.65777          1     6.0132     5.7516      40.90     0.7487     0.2712  8.033e-01  0.3716000    33.2661    33.2642    -0.0020    25.5646    25.5640     29.224     29.308      0.867    1488.92    1488.90  0.000e+00
      14275     30.000    10.2006    10.2015     0.0009    3.65867    3.65874          1     6.0127     5.7564      33.69     0.7202     0.2690  7.361e-01  0.3794000    33.2669    33.2668    -0.0001    25.5650    25.5648     29.719     29.805      0.758    1488.94    1488.94  0.000e+00
      14294     30.500    10.2017    10.2013    -0.0003    3.65885    3.65873          1     5.9929     5.7462      76.71     0.6962     0.2068  6.858e-01  0.3830000    33.2675    33.2667    -0.0009    25.5653    25.5647     30.214     30.302      0.517    1488.95    1488.94  0.000e+00
      14327     31.000    10.2049    10.2052     0.0004    3.65935    3.65934          1     5.9634     5.7163      79.47     0.7130     0.2421  6.509e-01  0.3681000    33.2694    33.2689    -0.0005    25.5662    25.5658     30.710     30.798      0.345    1488.97    1488.97  0.000e+00
      14357     31.500    10.2337    10.2311    -0.0026    3.66732    3.66600          1     5.9362     5.6773      89.09     0.6864     0.2841  6.175e-01  0.3629000    33.3233    33.3123    -0.0110    25.6034    25.5952     31.205     31.295      0.516    1489.15    1489.13  0.000e+00
      14377     32.000    10.3327    10.3324    -0.0004    3.69765    3.69595          1     5.8773     5.6284      44.37     0.6363     0.2417  5.733e-01  0.3739000    33.5382    33.5214    -0.0168    25.7541    25.7410     31.700     31.791      0.619    1489.77    1489.75  0.000e+00
      14396     32.500    10.4181    10.4144    -0.0036    3.72857    3.72598          1     5.7854     5.5575      88.86     0.5628     0.2640  5.338e-01  0.3819000    33.7710    33.7482    -0.0228    25.9209    25.9037     32.195     32.288      0.631    1490.37    1490.33  0.000e+00
      14415     33.000    10.5156    10.5167     0.0009    3.75878    3.75833          1     5.6907     5.4815      77.32     0.3823     0.2683  4.972e-01  0.3846000    33.9844    33.9789    -0.0055    26.0703    26.0659     32.691     32.784      0.623    1490.98    1490.98  0.000e+00
      14434     33.500    10.5774    10.5771    -0.0002    3.77974    3.77859          1     5.6335     5.4366      77.10     0.2527     0.2716  4.661e-01  0.3933000    34.1375    34.1261    -0.0113    26.1788    26.1700     33.186     33.280      0.654    1491.39    1491.38  0.000e+00
      14452     34.000    10.5924    10.5938     0.0014    3.79243    3.79175          1     5.6076     5.4214      76.69     0.2122     0.2338  4.310e-01  0.3967000    34.2510    34.2427    -0.0083    26.2647    26.2580     33.681     33.777      0.682    1491.59    1491.59  0.000e+00
      14469     34.500    10.6110    10.6095    -0.0016    3.80497    3.80386          1     5.5922     5.4061      85.99     0.1897     0.2199  3.993e-01  0.4013000    34.3593    34.3497    -0.0096    26.3459    26.3386     34.177     34.273      0.603    1491.80    1491.78  0.000e+00
      14497     35.000    10.6512    10.6437    -0.0073    3.81581    3.81284          1     5.5823     5.3861      41.13     0.1542     0.2310  3.764e-01  0.3992000    34.4303    34.4075    -0.0228    26.3941    26.3776     34.672     34.769      0.336    1492.03    1491.98  0.000e+00
      14544     35.500    10.6944    10.6924    -0.0021    3.82695    3.82606          1     5.5708     5.3643      78.53     0.2193     0.2422  3.673e-01  0.3432000    34.5013    34.4943    -0.0070    26.4418    26.4367     35.167     35.265      0.499    1492.28    1492.27  0.000e+00
      14559     36.000    10.7191    10.7197     0.0005    3.83582    3.83549          1     5.5980     5.3720      81.27     0.1507     0.2315  3.464e-01  0.3699000    34.5667    34.5629    -0.0038    26.4884    26.4854     35.662     35.761      0.864    1492.46    1492.45  0.000e+00
      14571     36.500    10.7536    10.7517    -0.0019    3.84600    3.84538          1     5.6313     5.3919      91.63     0.1256     0.2273  3.221e-01  0.3783000    34.6362    34.6317    -0.0044    26.5364    26.5333     36.158     36.257      1.021    1492.67    1492.66  0.000e+00
      14582     37.000    10.7691    10.7699     0.0008    3.85073    3.85059          1     5.6587     5.4106      55.27     0.1194     0.2073  3.034e-01  0.3824000    34.6687    34.6666    -0.0020    26.5590    26.5572     36.653     36.754      1.049    1492.77    1492.77  0.000e+00
      14593     37.500    10.7633    10.7650     0.0017    3.85306    3.85300          1     5.6745     5.4252      85.81     0.1149     0.2071  2.817e-01  0.3829000    34.6974    34.6951    -0.0023    26.5824    26.5803     37.148     37.250      0.955    1492.79    1492.80  0.000e+00
      14607     38.000    10.7546    10.7559     0.0013    3.85337    3.85345          1     5.6741     5.4349      79.40     0.1214     0.2196  2.599e-01  0.3626000    34.7086    34.7082    -0.0005    26.5927    26.5921     37.643     37.746      0.713    1492.79    1492.79  0.000e+00
      14636     38.500    10.7440    10.7465     0.0024    3.85281    3.85298          1     5.6639     5.4401      56.00     0.1148     0.2332  2.434e-01  0.3509000    34.7128    34.7122    -0.0006    26.5978    26.5969     38.139     38.242      0.344    1492.76    1492.77  0.000e+00
      14676     39.000    10.7269    10.7287     0.0018    3.85117    3.85130          1     5.6460     5.4293      81.80     0.1461     0.2456  2.377e-01  0.3399000    34.7122    34.7119    -0.0003    26.6004    26.5999     38.634     38.738      0.442    1492.71    1492.71  0.000e+00
      14697     39.500    10.7174    10.7177     0.0003    3.85019    3.85020          1     5.6324     5.4279      70.84     0.1130     0.1915  2.276e-01  0.3452000    34.7112    34.7111    -0.0001    26.6013    26.6012     39.129     39.234      0.665    1492.68    1492.68  0.000e+00
      14713     40.000    10.6713    10.6705    -0.0008    3.84592    3.84573          1     5.6303     5.4316      70.74     0.1061     0.2868  2.114e-01  0.3637000    34.7119    34.7108    -0.0011    26.6101    26.6093     39.624     39.730      0.745    1492.53    1492.52  0.000e+00
      14728     40.500    10.6599    10.6608     0.0008    3.84627    3.84626          1     5.6405     5.4318      70.38     0.1085     0.2578  1.928e-01  0.3757000    34.7261    34.7252    -0.0009    26.6231    26.6223     40.120     40.226      0.734    1492.51    1492.52  0.000e+00
      14746     41.000    10.6558    10.6578     0.0020    3.84636    3.84655          1     5.6549     5.4319      69.97     0.1256     0.1798  1.720e-01  0.4066000    34.7307    34.7307    -0.0000    26.6275    26.6271     40.615     40.722      0.658    1492.51    1492.52  0.000e+00
      14766     41.500    10.6557    10.6572     0.0015    3.84656    3.84667          1     5.6648     5.4358      69.53     0.1101     0.1649  1.514e-01  0.4041000    34.7325    34.7322    -0.0003    26.6289    26.6284     41.110     41.218      0.579    1492.52    1492.53  0.000e+00
      14787     42.000    10.6524    10.6537     0.0014    3.84687    3.84695          1     5.6731     5.4424      68.85     0.1249     0.1912  1.423e-01  0.3995000    34.7386    34.7381    -0.0005    26.6343    26.6337     41.605     41.714      0.558    1492.53    1492.53  0.000e+00
      14809     42.500    10.6513    10.6525     0.0012    3.84739    3.84744          1     5.6754     5.4511      68.29     0.1380     0.2068  1.367e-01  0.4035000    34.7447    34.7441    -0.0006    26.6392    26.6385     42.101     42.210      0.533    1492.54    1492.54  0.000e+00
      14832     43.000    10.6512    10.6525     0.0013    3.84755    3.84763          1     5.6710     5.4469      67.73     0.1341     0.2199  1.273e-01  0.4129000    34.7461    34.7458    -0.0004    26.6403    26.6398     42.596     42.706      0.496    1492.55    1492.55  0.000e+00
      14856     43.500    10.6444    10.6461     0.0016    3.84710    3.84724          1     5.6616     5.4412      67.21     0.1264     0.2398  1.182e-01  0.4193000    34.7478    34.7476    -0.0001    26.6428    26.6424     43.091     43.202      0.541    1492.53    1492.54  0.000e+00
      14877     44.000    10.6229    10.6244     0.0016    3.84546    3.84562          1     5.6784     5.4456      66.84     0.1260     0.2066  1.089e-01  0.4192000    34.7516    34.7518     0.0002    26.6496    26.6495     43.586     43.698      0.634    1492.47    1492.48  0.000e+00
      14895     44.500    10.6179    10.6178    -0.0000    3.84675    3.84644          1     5.6775     5.4376      66.54     0.1375     0.1694  9.641e-02  0.4085000    34.7691    34.7661    -0.0031    26.6642    26.6618     44.082     44.194      0.707    1492.48    1492.48  0.000e+00
      14911     45.000    10.6728    10.6698    -0.0030    3.85582    3.85538          1     5.6564     5.4255      66.10     0.1339     0.1709  8.332e-02  0.4113000    34.8079    34.8063    -0.0016    26.6846    26.6839     44.577     44.691      0.703    1492.73    1492.72  0.000e+00
      14929     45.500    10.7038    10.6991    -0.0046    3.85981    3.85926          1     5.6384     5.4116      65.64     0.1268     0.1918  7.701e-02  0.4168000    34.8182    34.8172    -0.0011    26.6872    26.6872     45.072     45.187      0.596    1492.86    1492.84  0.000e+00
      14953     46.000    10.7420    10.7392    -0.0028    3.86550    3.86513          1     5.6247     5.3924      64.90     0.1048     0.1784  6.612e-02  0.3756000    34.8388    34.8378    -0.0010    26.6964    26.6961     45.567     45.683      0.484    1493.03    1493.02  0.000e+00
      14978     46.500    10.7785    10.7786     0.0001    3.87085    3.87085          1     5.6124     5.3807      64.31     0.1140     0.2426  5.803e-02  0.3638000    34.8576    34.8574    -0.0002    26.7045    26.7044     46.063     46.179      0.514    1493.19    1493.19  0.000e+00
      14999     47.000    10.7909    10.7918     0.0009    3.87276    3.87280          1     5.6141     5.3847      63.92     0.0812     0.2156  5.358e-02  0.3599000    34.8647    34.8642    -0.0005    26.7078    26.7073     46.558     46.675      0.571    1493.25    1493.25  0.000e+00
      15020     47.500    10.7991    10.8001     0.0010    3.87417    3.87424          1     5.6132     5.3878      63.34     0.0897     0.2197  4.239e-02  0.3857000    34.8707    34.8705    -0.0003    26.7111    26.7107     47.053     47.171      0.542    1493.29    1493.30  0.000e+00
      15045     48.000    10.8191    10.8171    -0.0019    3.87699    3.87670          1     5.6078     5.3931      62.72     0.0862     0.2217  3.618e-02  0.3790000    34.8798    34.8788    -0.0010    26.7146    26.7141     47.548     47.667      0.475    1493.38    1493.38  0.000e+00
      15069     48.500    10.8340    10.8332    -0.0008    3.87887    3.87876          1     5.6199     5.3990      62.19     0.0953     0.2013  2.975e-02  0.3670000    34.8842    34.8839    -0.0004    26.7153    26.7152     48.044     48.163      0.568    1493.45    1493.45  0.000e+00
      15088     49.000    10.8376    10.8383     0.0007    3.87933    3.87939          1     5.6238     5.4013      61.81     0.1016     0.1925  3.161e-02  0.3728000    34.8852    34.8851    -0.0000    26.7154    26.7153     48.539     48.659      0.705    1493.47    1493.48  0.000e+00
      15104     49.500    10.8343    10.8334    -0.0009    3.87893    3.87882          1     5.6110     5.4038      61.43     0.1016     0.1669  2.107e-02  0.3947000    34.8841    34.8838    -0.0003    26.7152    26.7151     49.034     49.155      0.775    1493.47    1493.46  0.000e+00
      15119     50.000    10.8151    10.8164     0.0013    3.87681    3.87690          1     5.6041     5.4004      60.95     0.0944     0.1575  1.553e-02  0.3938000    34.8808    34.8806    -0.0002    26.7161    26.7157     49.529     49.651      0.759    1493.41    1493.41  0.000e+00
      15135     50.500    10.7909    10.7959     0.0049    3.87416    3.87464          1     5.5993     5.3894      60.09     0.0914     0.1209  8.259e-03  0.3959000    34.8772    34.8772     0.0001    26.7176    26.7167     50.025     50.147      0.636    1493.32    1493.34  0.000e+00
      15159     51.000    10.7619    10.7656     0.0037    3.87105    3.87141          1     5.5838     5.3701      59.59     0.0902     0.2098  4.208e-03  0.3977000    34.8734    34.8734    -0.0000    26.7198    26.7191     50.520     50.643      0.429    1493.22    1493.24  0.000e+00
      15192     51.500    10.7408    10.7416     0.0008    3.86945    3.86951          1     5.5726     5.3518      58.67     0.1027     0.2168 -2.322e-05  0.3686000    34.8772    34.8771    -0.0002    26.7266    26.7263     51.015     51.139      0.379    1493.16    1493.17  0.000e+00
      15220     52.000    10.7319    10.7325     0.0006    3.86878    3.86882          1     5.5799     5.3501      58.46     0.1213     0.1318  7.700e-04  0.3533000    34.8787    34.8786    -0.0002    26.7293    26.7291     51.510     51.635      0.479    1493.14    1493.14  0.000e+00
      15244     52.500    10.7359    10.7365     0.0006    3.86957    3.86961          1     5.5736     5.3470      58.14     0.1109     0.2078 -7.933e-06  0.3691000    34.8826    34.8824    -0.0003    26.7317    26.7314     52.006     52.131      0.534    1493.17    1493.17  0.000e+00
      15265     53.000    10.7257    10.7266     0.0010    3.86865    3.86869          1     5.5689     5.3439      57.84     0.0975     0.1785 -2.512e-10  0.3800000    34.8829    34.8824    -0.0005    26.7337    26.7331     52.501     52.627      0.618    1493.14    1493.14  0.000e+00
      15283     53.500    10.7132    10.7157     0.0025    3.86751    3.86777          1     5.5688     5.3432      57.43     0.1166     0.1959  1.000e-12  0.3838000    34.8832    34.8834     0.0002    26.7361    26.7358     52.996     53.123      0.740    1493.11    1493.11  0.000e+00
      15298     54.000    10.7044    10.7058     0.0014    3.86667    3.86679          1     5.5682     5.3458      57.17     0.0993     0.2075  1.000e-12  0.3704000    34.8828    34.8827    -0.0001    26.7374    26.7371     53.491     53.619      0.836    1493.08    1493.09  0.000e+00
      15311     54.500    10.7068    10.7073     0.0006    3.86715    3.86718          1     5.5702     5.3477      56.68     0.0937     0.2071  1.000e-12  0.3656000    34.8853    34.8849    -0.0003    26.7389    26.7386     53.986     54.115      0.855    1493.10    1493.10  0.000e+00
      15326     55.000    10.7064    10.7074     0.0010    3.86722    3.86730          1     5.5746     5.3471      56.23     0.0910     0.2071  1.000e-12  0.3814000    34.8860    34.8859    -0.0001    26.7395    26.7392     54.482     54.611      0.753    1493.11    1493.11  0.000e+00
      15346     55.500    10.7061    10.7071     0.0011    3.86731    3.86741          1     5.5787     5.3501      55.45     0.1028     0.2072  1.000e-12  0.3781000    34.8871    34.8870    -0.0001    26.7404    26.7402     54.977     55.107      0.436    1493.12    1493.12  0.000e+00
      15412     56.000    10.7075    10.7091     0.0016    3.86756    3.86776          1     5.5490     5.3413      54.52     0.1143     0.1883  1.000e-12  0.4217000    34.8879    34.8884     0.0005    26.7409    26.7410     55.472     55.603      0.421    1493.13    1493.14  0.000e+00
