ctdpy/exports/archive_20191121_122431/received_data/SBE09_0827_20180823_0402_26_01_0861.cnv
* Sea-Bird SBE 9 Data File:
* FileName = D:\CTD_SBE911\DAT\26DA.2018.8.61.hex
* Software Version Seasave V 7.21d
* Temperature SN = 034605
* Conductivity SN = 041844
* Number of Bytes Per Scan = 48
* Number of Voltage Words = 5
* Number of Scans Averaged by the Deck Unit = 1
* NMEA Latitude = 57 31.69 N
* NMEA Longitude = 008 35.23 E
* NMEA UTC (Time) = Aug 23 2018  04:04:42
* NMEA baud rate = 4800
** Ship: DANA
** Average sound velocity: 1495.40 m/s
** True-depth calculation Thu, 28 Mar 2019 09:25:26 +0000
** CTD Python Module SMHI /ver 3-12/ feb 2012 
** LIMS Job: 20182601-0861
**  24 N HANSTHOLM
** Operator: Christian
** Cruise: 08/2018
# nquan = 26
# nvalues = 138                         
# units = specified
# name 0 = scan: Scan Count
# name 1 = prDM: Pressure, Digiquartz [db]
# name 2 = t090C: Temperature [ITS-90, deg C]
# name 3 = t190C: Temperature, 2 [ITS-90, deg C]
# name 4 = T2-T190C: Temperature Difference, 2 - 1 [ITS-90, deg C]
# name 5 = c0S/m: Conductivity [S/m]
# name 6 = c1S/m: Conductivity, 2 [S/m]
# name 7 = pumps: Pump Status
# name 8 = sbeox1ML/L: Oxygen, SBE 43, 2 [ml/l]
# name 9 = sbeox0ML/L: Oxygen, SBE 43 [ml/l]
# name 10 = altM: Altimeter [m]
# name 11 = chloroflTC0: Chlorophyll, Turner Cyclops [ug/l]
# name 12 = cpar: CPAR/Corrected Irradiance [%]
# name 13 = par: PAR/Irradiance, Biospherical/Lico [µE/(cm^2*s)]
# name 14 = spar: SPAR, Biospherical/Licor
# name 15 = sal00: Salinity, Practical [PSU]
# name 16 = sal11: Salinity, Practical, 2 [PSU]
# name 17 = secS-priS: Salinity, Practical, Difference, 2 - 1 [PSU]
# name 18 = sigma-t00: Density [sigma-t, kg/m^3 ]
# name 19 = sigma-t11: Density, 2 [sigma-t, kg/m^3 ]
# name 20 = depSM: Depth [salt water, m], lat = 57.5282
# name 21 = depFM: Depth [true depth, m], lat = 57.5282
# name 22 = dz/dtM: Descent Rate [m/s], WS = 2
# name 23 = svCM: Sound Velocity [Chen-Millero, m/s]
# name 24 = svCM1: Sound Velocity, 2 [Chen-Millero, m/s]
# name 25 = flag: flag
# span 0 =         47,       6566       
# span 1 =      2.000,     70.500       
# span 2 =     8.7345,    17.2713       
# span 3 =     8.7311,    17.2701       
# span 4 =    -0.0844,     0.8622       
# span 5 =   3.662362,   4.297613       
# span 6 =   3.662371,   4.298068       
# span 7 =          1,          1       
# span 8 =     5.1336,     6.5910       
# span 9 =     5.1444,     6.2668       
# span 10 =       1.73,       9.98      
# span 11 =     0.0928,     0.3557      
# span 12 = 1.2287e-11, 4.1925e+00      
# span 13 = 1.0000e-12, 2.5543e-01      
# span 14 = 6.0914e+00, 8.1348e+00      
# span 15 =    31.7451,    34.7383      
# span 16 =    31.7490,    34.7692      
# span 17 =    -0.4940,     0.1502      
# span 18 =    22.9560,    26.9074      
# span 19 =    22.9594,    26.9106      
# span 20 =      1.982,     69.838      
# span 21 =      1.991,     70.000      
# span 22 =     -0.096,      0.954      
# span 23 =    1485.98,    1511.24      
# span 24 =    1485.97,    1511.25      
# span 25 = 0.0000e+00, 0.0000e+00      
# interval = decibars: 0.5              
# start_time = Aug 23 2018 04:04:42 [NMEA time, first data scan]
# bad_flag = -9.990e-29
*END*
[from data line 112]
       4721     58.000     8.8965     8.8969     0.0003    3.67459    3.67507          1     5.1641     5.1595       9.97     0.1109  1.232e-11  1.000e-12  8.118e+00    34.6531    34.6578     0.0047    26.8630    26.8666     57.457     57.601      0.338    1486.34    1486.35  0.000e+00
       4752     58.500     8.8964     8.8954    -0.0009    3.67459    3.67494          1     5.1600     5.1631       9.97     0.1105  1.248e-11  1.000e-12  8.038e+00    34.6530    34.6576     0.0046    26.8630    26.8667     57.952     58.097      0.490    1486.35    1486.35  0.000e+00
       4777     59.000     8.8934     8.8951     0.0017    3.67436    3.67494          1     5.1577     5.1636       9.97     0.1021  1.257e-11  1.000e-12  7.995e+00    34.6533    34.6577     0.0044    26.8637    26.8669     58.447     58.593      0.383    1486.35    1486.36  0.000e+00
       4853     59.500     8.8758     8.8882     0.0123    3.67291    3.67435          1     5.1615     5.1521       9.97     0.1121  1.230e-11  1.000e-12  8.127e+00    34.6550    34.6580     0.0030    26.8678    26.8682     58.942     59.089      0.317    1486.30    1486.34  0.000e+00
       4886     60.000     8.8728     8.8748     0.0020    3.67268    3.67360          1     5.1390     5.1482       9.97     0.1086  1.231e-11  1.000e-12  8.123e+00    34.6552    34.6631     0.0078    26.8684    26.8743     59.438     59.585      0.626    1486.29    1486.31  0.000e+00
       4903     60.500     8.8675     8.8703     0.0027    3.67230    3.67305          1     5.1336     5.1540       9.97     0.1121  1.231e-11  1.000e-12  8.123e+00    34.6562    34.6614     0.0052    26.8700    26.8737     59.933     60.081      0.660    1486.28    1486.30  0.000e+00
       4933     61.000     8.8689     8.8683    -0.0006    3.67244    3.67287          1     5.1486     5.1557       9.97     0.1108  1.231e-11  1.000e-12  8.123e+00    34.6560    34.6611     0.0051    26.8697    26.8738     60.428     60.577      0.441    1486.30    1486.30  0.000e+00
       5019     61.500     8.8696     8.8693    -0.0003    3.67248    3.67284          1     5.1471     5.1580       9.94     0.1330  1.231e-11  1.000e-12  8.123e+00    34.6557    34.6596     0.0039    26.8693    26.8724     60.923     61.073      0.610    1486.31    1486.31  0.000e+00
       5036     62.000     8.8672     8.8696     0.0024    3.67233    3.67293          1     5.1482     5.1566       9.56     0.1189  1.231e-11  1.000e-12  8.123e+00    34.6561    34.6600     0.0039    26.8700    26.8727     61.419     61.569      0.679    1486.30    1486.32  0.000e+00
       5055     62.500     8.8617     8.8674     0.0056    3.67191    3.67279          1     5.1533     5.1573       9.03     0.1107  1.231e-11  1.000e-12  8.123e+00    34.6568    34.6606     0.0037    26.8715    26.8735     61.914     62.065      0.501    1486.29    1486.32  0.000e+00
       5139     63.000     8.8510     8.8557     0.0047    3.67107    3.67201          1     5.1479     5.1488       8.55     0.1178  1.231e-11  1.000e-12  8.123e+00    34.6583    34.6636     0.0053    26.8743    26.8777     62.409     62.561      0.457    1486.27    1486.29  0.000e+00
       5171     63.500     8.8382     8.8472     0.0090    3.67007    3.67134          1     5.1542     5.1444       8.09     0.1049  1.231e-11  1.000e-12  8.123e+00    34.6601    34.6645     0.0044    26.8777    26.8798     62.904     63.057      0.676    1486.23    1486.27  0.000e+00
       5189     64.000     8.8176     8.8386     0.0210    3.66846    3.67077          1     5.1508     5.1513       7.56     0.1003  1.231e-11  1.000e-12  8.123e+00    34.6630    34.6667     0.0037    26.8833    26.8829     63.400     63.553      0.522    1486.16    1486.25  0.000e+00
       5271     64.500     8.8193     8.8225     0.0032    3.66861    3.66931          1     5.1516     5.1491       7.09     0.1007  1.231e-11  1.000e-12  8.123e+00    34.6626    34.6669     0.0042    26.8827    26.8856     63.895     64.049      0.489    1486.18    1486.20  0.000e+00
       5299     65.000     8.8120     8.8221     0.0101    3.66805    3.66937          1     5.1569     5.1563       6.64     0.1031  1.231e-11  1.000e-12  8.123e+00    34.6637    34.6677     0.0040    26.8847    26.8863     64.390     64.545      0.711    1486.16    1486.20  0.000e+00
       5316     65.500     8.8066     8.8129     0.0062    3.66772    3.66878          1     5.1576     5.1615       6.12     0.1027  1.231e-11  1.000e-12  8.123e+00    34.6653    34.6702     0.0049    26.8868    26.8896     64.885     65.040      0.604    1486.15    1486.18  0.000e+00
       5381     66.000     8.8224     8.8163    -0.0061    3.66890    3.66876          1     5.1407     5.1570       5.61     0.0984  1.231e-11  1.000e-12  8.123e+00    34.6620    34.6665     0.0045    26.8817    26.8863     65.380     65.536      0.406    1486.21    1486.20  0.000e+00
       5429     66.500     8.8241     8.8269     0.0027    3.66915    3.66962          1     5.1353     5.1516       5.18     0.0962  1.231e-11  1.000e-12  8.123e+00    34.6627    34.6649     0.0022    26.8820    26.8833     65.876     66.032      0.662    1486.23    1486.24  0.000e+00
       5446     67.000     8.7957     8.8207     0.0250    3.66680    3.66935          1     5.1401     5.1576       4.68     0.0973  1.231e-11  1.000e-12  8.123e+00    34.6655    34.6679     0.0024    26.8887    26.8867     66.371     66.528      0.605    1486.13    1486.23  0.000e+00
       5500     67.500     8.7724     8.7894     0.0170    3.66513    3.66704          1     5.1460     5.1577       4.15     0.1017  1.231e-11  1.000e-12  8.123e+00    34.6705    34.6740     0.0035    26.8963    26.8964     66.866     67.024      0.403    1486.06    1486.13  0.000e+00
       5571     68.000     8.7712     8.7818     0.0105    3.66499    3.66623          1     5.1492     5.1582       3.72     0.1014  1.231e-11  1.000e-12  8.123e+00    34.6699    34.6726     0.0027    26.8961    26.8965     67.361     67.520      0.713    1486.07    1486.11  0.000e+00
       5585     68.500     8.7667     8.7716     0.0050    3.66476    3.66581          1     5.1517     5.1646       3.23     0.2381  1.231e-11  1.000e-12  8.123e+00    34.6717    34.6780     0.0063    26.8982    26.9023     67.857     68.016      0.733    1486.06    1486.09  0.000e+00
       5603     69.000     8.7676     8.7660    -0.0015    3.66483    3.66520          1     5.1581     5.1682       2.69     0.2033  1.231e-11  1.000e-12  8.123e+00    34.6714    34.6768     0.0054    26.8978    26.9022     68.352     68.512      0.499    1486.07    1486.07  0.000e+00
       5951     69.500     8.7622     8.7645     0.0024    3.66445    3.66494          1     5.1511     5.1532       2.22     0.0928  1.231e-11  1.000e-12  8.123e+00    34.6724    34.6752     0.0028    26.8994    26.9012     68.847     69.008      0.405    1486.06    1486.07  0.000e+00
       6262     70.000     8.7505     8.7504    -0.0002    3.66363    3.66399          1     5.1469     5.1505       1.73     0.0990  1.231e-11  1.000e-12  8.123e+00    34.6749    34.6789     0.0040    26.9032    26.9064     69.342     69.504      0.319    1486.03    1486.03  0.000e+00
       6566     70.500     8.7345     8.7311    -0.0034    3.66236    3.66237          1     5.1459     5.1733       2.73     0.0932  1.231e-11  1.000e-12  8.123e+00    34.6770    34.6805     0.0035    26.9074    26.9106     69.838     70.000     -0.096    1485.98    1485.97  0.000e+00
