ctdpy/exports/archive_20191121_122431/received_data/SBE09_0827_20180830_1556_26_01_0949.cnv
* Sea-Bird SBE 9 Data File:
* FileName = D:\CTD_SBE911\DAT\26DA.2018.8.149.hex
* Software Version Seasave V 7.21d
* Temperature SN = 034605
* Conductivity SN = 041844
* Number of Bytes Per Scan = 48
* Number of Voltage Words = 5
* Number of Scans Averaged by the Deck Unit = 1
* NMEA Latitude = 57 40.32 N
* NMEA Longitude = 011 12.92 E
* NMEA UTC (Time) = Aug 30 2018  15:58:27
* NMEA baud rate = 4800
** Ship: DANA
** Average sound velocity: 1511.15 m/s
** True-depth calculation Wed, 24 Apr 2019 11:52:41 +0000
** CTD Python Module SMHI /ver 3-12/ feb 2012 
** LIMS Job: 20182601-0949
**  14 W VINGA
** Operator: Christian
** Cruise: 08/2018
# nquan = 26
# nvalues = 81                          
# units = specified
# name 0 = scan: Scan Count
# name 1 = prDM: Pressure, Digiquartz [db]
# name 2 = t090C: Temperature [ITS-90, deg C]
# name 3 = t190C: Temperature, 2 [ITS-90, deg C]
# name 4 = T2-T190C: Temperature Difference, 2 - 1 [ITS-90, deg C]
# name 5 = c0S/m: Conductivity [S/m]
# name 6 = c1S/m: Conductivity, 2 [S/m]
# name 7 = pumps: Pump Status
# name 8 = sbeox1ML/L: Oxygen, SBE 43, 2 [ml/l]
# name 9 = sbeox0ML/L: Oxygen, SBE 43 [ml/l]
# name 10 = altM: Altimeter [m]
# name 11 = chloroflTC0: Chlorophyll, Turner Cyclops [ug/l]
# name 12 = cpar: CPAR/Corrected Irradiance [%]
# name 13 = par: PAR/Irradiance, Biospherical/Lico [µE/(cm^2*s)]
# name 14 = spar: SPAR, Biospherical/Licor
# name 15 = sal00: Salinity, Practical [PSU]
# name 16 = sal11: Salinity, Practical, 2 [PSU]
# name 17 = secS-priS: Salinity, Practical, Difference, 2 - 1 [PSU]
# name 18 = sigma-t00: Density [sigma-t, kg/m^3 ]
# name 19 = sigma-t11: Density, 2 [sigma-t, kg/m^3 ]
# name 20 = depSM: Depth [salt water, m], lat = 57.672
# name 21 = depFM: Depth [true depth, m], lat = 57.672
# name 22 = dz/dtM: Descent Rate [m/s], WS = 2
# name 23 = svCM: Sound Velocity [Chen-Millero, m/s]
# name 24 = svCM1: Sound Velocity, 2 [Chen-Millero, m/s]
# name 25 = flag: flag
# span 0 =       -384,       3812       
# span 1 =      0.500,     40.500       
# span 2 =    17.1410,    17.5843       
# span 3 =    17.1581,    17.5697       
# span 4 =    -0.0376,     0.1213       
# span 5 =   4.140894,   4.229354       
# span 6 =   4.142731,   4.229953       
# span 7 =          1,          1       
# span 8 =     4.8370,     5.5608       
# span 9 =     4.5606,     5.5620       
# span 10 =       1.54,       9.98      
# span 11 =     0.0674,     0.3120      
# span 12 = 2.2590e-13, 2.7540e+01      
# span 13 = 1.0000e-12, 1.2775e+02      
# span 14 = 4.3742e+02, 4.6520e+02      
# span 15 =    31.5191,    32.6079      
# span 16 =    31.5418,    32.5993      
# span 17 =    -0.1750,     0.1066      
# span 18 =    22.7080,    23.6460      
# span 19 =    22.7282,    23.6354      
# span 20 =      0.495,     40.122      
# span 21 =      0.498,     40.319      
# span 22 =     -0.129,      0.602      
# span 23 =    1510.59,    1511.59      
# span 24 =    1510.59,    1511.56      
# span 25 = 0.0000e+00, 0.0000e+00      
# interval = decibars: 0.5              
# start_time = Aug 30 2018 15:58:28 [NMEA time, first data scan]
# bad_flag = -9.990e-29
*END*
[from data line 56]
       2564     28.500    17.4491    17.4594     0.0103    4.20534    4.20455          1     5.4053     5.1453       9.97     0.1196  4.304e-02  1.914e-01  4.448e+02    32.1597    32.1448    -0.0149    23.2300    23.2161     28.235     28.376      0.275    1511.40    1511.42  0.000e+00
       2607     29.000    17.4375    17.4482     0.0107    4.20634    4.20580          1     5.4102     5.1270       9.97     0.1139  3.696e-02  1.644e-01  4.448e+02    32.1772    32.1641    -0.0131    23.2461    23.2335     28.730     28.873      0.291    1511.39    1511.41  0.000e+00
       2648     29.500    17.4317    17.4361     0.0044    4.20648    4.20670          1     5.4076     5.1162       9.97     0.1089  3.155e-02  1.403e-01  4.448e+02    32.1828    32.1812    -0.0016    23.2518    23.2495     29.225     29.371      0.285    1511.39    1511.40  0.000e+00
       2692     30.000    17.4268    17.4313     0.0045    4.20659    4.20687          1     5.4131     5.1272       9.97     0.1066  2.673e-02  1.189e-01  4.448e+02    32.1875    32.1863    -0.0012    23.2565    23.2546     29.721     29.869      0.268    1511.39    1511.40  0.000e+00
       2733     30.500    17.4210    17.4266     0.0057    4.20722    4.20716          1     5.3957     5.1207       9.97     0.1067  2.211e-02  9.830e-02  4.445e+02    32.1974    32.1924    -0.0050    23.2654    23.2603     30.216     30.367      0.319    1511.39    1511.41  0.000e+00
       2773     31.000    17.4137    17.4193     0.0056    4.20753    4.20760          1     5.3813     5.1086       9.97     0.1021  1.725e-02  7.647e-02  4.432e+02    32.2056    32.2017    -0.0038    23.2735    23.2692     30.711     30.864      0.263    1511.39    1511.40  0.000e+00
       2825     31.500    17.4094    17.4150     0.0056    4.20779    4.20786          1     5.3551     5.1101       9.78     0.0982  1.331e-02  5.892e-02  4.427e+02    32.2110    32.2072    -0.0038    23.2786    23.2744     31.207     31.362      0.247    1511.39    1511.40  0.000e+00
       2864     32.000    17.3966    17.4062     0.0096    4.20806    4.20826          1     5.3540     5.1054       9.31     0.0955  9.697e-03  4.293e-02  4.427e+02    32.2233    32.2175    -0.0059    23.2911    23.2843     31.702     31.860      0.349    1511.38    1511.40  0.000e+00
       2900     32.500    17.3848    17.3950     0.0101    4.20812    4.20848          1     5.3777     5.0773       8.78     0.0897  5.661e-03  2.506e-02  4.427e+02    32.2330    32.2281    -0.0050    23.3013    23.2951     32.197     32.357      0.296    1511.36    1511.38  0.000e+00
       2948     33.000    17.3781    17.3880     0.0100    4.20821    4.20855          1     5.3684     5.0853       8.26     0.0941  2.013e-03  8.911e-03  4.427e+02    32.2390    32.2340    -0.0050    23.3075    23.3013     32.692     32.855      0.243    1511.36    1511.38  0.000e+00
       2991     33.500    17.3773    17.3808     0.0035    4.20825    4.20867          1     5.3334     5.0988       7.78     0.0968  2.219e-05  9.825e-05  4.427e+02    32.2398    32.2406     0.0008    23.3083    23.3081     33.188     33.353      0.327    1511.36    1511.37  0.000e+00
       3026     34.000    17.3766    17.3781     0.0016    4.20837    4.20871          1     5.3158     5.0755       7.29     0.0915  1.214e-06  5.376e-06  4.427e+02    32.2413    32.2428     0.0016    23.3096    23.3104     33.683     33.850      0.320    1511.37    1511.38  0.000e+00
       3071     34.500    17.3748    17.3772     0.0024    4.20866    4.20875          1     5.3576     5.0821       6.78     0.0926  2.259e-13  1.000e-12  4.427e+02    32.2450    32.2438    -0.0012    23.3129    23.3114     34.178     34.348      0.243    1511.38    1511.38  0.000e+00
       3117     35.000    17.3758    17.3762     0.0003    4.21174    4.20897          1     5.3300     5.0993       6.33     0.1077  2.261e-13  1.000e-12  4.423e+02    32.2703    32.2464    -0.0239    23.3320    23.3136     34.674     34.846      0.301    1511.42    1511.39  0.000e+00
       3156     35.500    17.3835    17.3764    -0.0071    4.21645    4.21122          1     5.3220     5.0786       5.85     0.1008  2.269e-13  1.000e-12  4.407e+02    32.3044    32.2652    -0.0392    23.3563    23.3279     35.169     35.343      0.283    1511.49    1511.42  0.000e+00
       3203     36.000    17.3914    17.3800    -0.0114    4.21893    4.21375          1     5.3408     5.0882       5.35     0.0979  2.269e-13  1.000e-12  4.407e+02    32.3189    32.2838    -0.0352    23.3656    23.3413     35.664     35.841      0.254    1511.54    1511.46  0.000e+00
       3244     36.500    17.3986    17.3870    -0.0116    4.22193    4.21675          1     5.3490     5.0683       4.86     0.0904  2.269e-13  1.000e-12  4.407e+02    32.3388    32.3037    -0.0351    23.3791    23.3550     36.160     36.339      0.332    1511.59    1511.51  0.000e+00
       3280     37.000    17.3713    17.3913     0.0200    4.22292    4.21892          1     5.3352     5.0453       4.39     0.0937  2.269e-13  1.000e-12  4.407e+02    32.3688    32.3186    -0.0502    23.4085    23.3654     36.655     36.836      0.305    1511.55    1511.55  0.000e+00
       3328     37.500    17.3383    17.3800     0.0417    4.22236    4.22092          1     5.3296     5.0109       3.92     0.0914  2.269e-13  1.000e-12  4.407e+02    32.3903    32.3447    -0.0456    23.4328    23.3880     37.150     37.334      0.234    1511.48    1511.56  0.000e+00
       3373     38.000    17.2897    17.3320     0.0422    4.22361    4.22247          1     5.3149     4.8309       3.46     0.0861  2.269e-13  1.000e-12  4.407e+02    32.4397    32.3961    -0.0436    23.4821    23.4387     37.645     37.831      0.317    1511.40    1511.48  0.000e+00
       3410     38.500    17.1998    17.2993     0.0995    4.22781    4.22395          1     5.2592     4.6393       3.75     0.0870  2.277e-13  1.000e-12  4.391e+02    32.5479    32.4348    -0.1131    23.5863    23.4761     38.141     38.329      0.300    1511.26    1511.43  0.000e+00
       3454     39.000    17.1625    17.2838     0.1213    4.22905    4.22497          1     5.2172     4.5761       2.45     0.0825  2.280e-13  1.000e-12  4.387e+02    32.5884    32.4558    -0.1326    23.6261    23.4958     38.636     38.826      0.256    1511.21    1511.42  0.000e+00
       3499     39.500    17.1534    17.2307     0.0774    4.22928    4.22734          1     5.1170     4.5871       3.79     0.0793  2.280e-13  1.000e-12  4.387e+02    32.5976    32.5185    -0.0791    23.6353    23.5565     39.131     39.324      0.288    1511.20    1511.34  0.000e+00
       3540     40.000    17.1466    17.1932     0.0466    4.22935    4.22917          1     4.9905     4.5807       1.54     0.0759  2.280e-13  1.000e-12  4.387e+02    32.6035    32.5644    -0.0391    23.6413    23.6004     39.627     39.821      0.277    1511.19    1511.29  0.000e+00
       3812     40.500    17.1410    17.1581     0.0170    4.22935    4.22995          1     4.8370     4.5606       5.22     0.0674  2.286e-13  1.000e-12  4.374e+02    32.6079    32.5993    -0.0087    23.6460    23.6354     40.122     40.319     -0.129    1511.19    1511.23  0.000e+00
