ctdpy/exports/archive_20191121_122431/received_data/SBE09_0827_20181126_1446_26_01_1255.cnv
* Sea-Bird SBE 9 Data File:
* FileName = D:\CTD_SBE911\DAT\26DA.2018.12.55.hex
* Software Version Seasave V 7.21d
* Temperature SN = 4548
* Conductivity SN = 3062
* Number of Bytes Per Scan = 48
* Number of Voltage Words = 5
* Number of Scans Averaged by the Deck Unit = 1
* NMEA Latitude = 56 31.96 N
* NMEA Longitude = 016 52.93 E
* NMEA UTC (Time) = Nov 26 2018  14:47:28
* NMEA baud rate = 4800
** Ship: DANA
** Average sound velocity: 1442.02 m/s
** True-depth calculation Tue, 02 Apr 2019 12:15:40 +0000
** CTD Python Module SMHI /ver 3-12/ feb 2012 
** LIMS Job: 20182601-1255
** Operator: Ronny
** Cruise: 12/2018
# nquan = 26
# nvalues = 134                         
# units = specified
# name 0 = scan: Scan Count
# name 1 = prDM: Pressure, Digiquartz [db]
# name 2 = t090C: Temperature [ITS-90, deg C]
# name 3 = t190C: Temperature, 2 [ITS-90, deg C]
# name 4 = T2-T190C: Temperature Difference, 2 - 1 [ITS-90, deg C]
# name 5 = c0S/m: Conductivity [S/m]
# name 6 = c1S/m: Conductivity, 2 [S/m]
# name 7 = pumps: Pump Status
# name 8 = sbeox1ML/L: Oxygen, SBE 43, 2 [ml/l]
# name 9 = sbeox0ML/L: Oxygen, SBE 43 [ml/l]
# name 10 = altM: Altimeter [m]
# name 11 = chloroflTC0: Chlorophyll, Turner Cyclops [ug/l]
# name 12 = cpar: CPAR/Corrected Irradiance [%]
# name 13 = par: PAR/Irradiance, Biospherical/Lico [µE/(cm^2*s)]
# name 14 = spar: SPAR, Biospherical/Licor
# name 15 = sal00: Salinity, Practical [PSU]
# name 16 = sal11: Salinity, Practical, 2 [PSU]
# name 17 = secS-priS: Salinity, Practical, Difference, 2 - 1 [PSU]
# name 18 = sigma-t00: Density [sigma-t, kg/m^3 ]
# name 19 = sigma-t11: Density, 2 [sigma-t, kg/m^3 ]
# name 20 = depSM: Depth [salt water, m], lat = 56.5327
# name 21 = depFM: Depth [true depth, m], lat = 56.5327
# name 22 = dz/dtM: Descent Rate [m/s], WS = 2
# name 23 = svCM: Sound Velocity [Chen-Millero, m/s]
# name 24 = svCM1: Sound Velocity, 2 [Chen-Millero, m/s]
# name 25 = flag: flag
# span 0 =        394,       6979       
# span 1 =      0.500,     67.000       
# span 2 =     4.3970,     7.1953       
# span 3 =     4.3823,     7.1984       
# span 4 =    -0.5357,     0.0656       
# span 5 =   0.821055,   0.876341       
# span 6 =   0.821036,   0.876551       
# span 7 =          1,          1       
# span 8 =     3.2770,     7.6514       
# span 9 =     3.3323,     7.8881       
# span 10 =       1.25,       9.96      
# span 11 =     0.0159,     0.0275      
# span 12 = -1.232e-01, 5.0120e+00      
# span 13 = -7.504e-03, 3.0536e-01      
# span 14 = 4.0617e+00, 6.0925e+00      
# span 15 =     7.1760,     8.2623      
# span 16 =     7.1759,     8.2641      
# span 17 =    -0.0010,     0.0751      
# span 18 =     5.5749,     6.5539      
# span 19 =     5.5747,     6.5554      
# span 20 =      0.495,     66.377      
# span 21 =      0.506,     67.850      
# span 22 =      0.173,      0.283      
# span 23 =    1434.70,    1445.62      
# span 24 =    1434.62,    1445.62      
# span 25 = 0.0000e+00, 0.0000e+00      
# interval = decibars: 0.5              
# start_time = Nov 26 2018 14:47:29 [NMEA time, first data scan]
# bad_flag = -9.990e-29
*END*
[from data line 112]
       5945     56.500     4.6741     4.6504    -0.0238    0.83197    0.83425          1     5.2523     5.4577       9.96     0.0160  2.462e-11  1.000e-12  4.062e+00     7.7622     7.7906     0.0284     6.1498     6.1732     55.976     57.223      0.238    1435.62    1435.55  0.000e+00
       5996     57.000     4.6203     4.5352    -0.0850    0.83373    0.83485          1     5.0833     5.2997       9.96     0.0160  2.462e-11  1.000e-12  4.062e+00     7.7924     7.8238     0.0314     6.1756     6.2034     56.471     57.729      0.244    1435.42    1435.09  0.000e+00
       6043     57.500     4.5102     4.4528    -0.0574    0.83448    0.83522          1     5.0336     5.1814       9.96     0.0159  2.462e-11  1.000e-12  4.062e+00     7.8260     7.8470     0.0210     6.2060     6.2246     56.966     58.235      0.253    1434.99    1434.76  0.000e+00
       6093     58.000     4.4875     4.4528    -0.0348    0.83610    0.83995          1     4.9130     5.1126       9.96     0.0159  2.462e-11  1.000e-12  4.062e+00     7.8476     7.8948     0.0472     6.2239     6.2625     57.462     58.741      0.231    1434.92    1434.83  0.000e+00
       6143     58.500     4.4559     4.4166    -0.0393    0.84004    0.84215          1     4.7621     4.9583       9.96     0.0159  2.462e-11  1.000e-12  4.062e+00     7.8949     7.9256     0.0307     6.2624     6.2881     57.957     59.247      0.258    1434.85    1434.71  0.000e+00
       6190     59.000     4.4275     4.3900    -0.0375    0.84192    0.84312          1     4.6906     4.8430       9.64     0.0159  2.462e-11  1.000e-12  4.062e+00     7.9206     7.9418     0.0211     6.2838     6.3018     58.452     59.753      0.239    1434.76    1434.62  0.000e+00
       6242     59.500     4.4077     4.3863    -0.0214    0.84354    0.84454          1     4.6421     4.7743       9.12     0.0159  2.462e-11  1.000e-12  4.062e+00     7.9417     7.9569     0.0152     6.3012     6.3139     58.947     60.259      0.241    1434.71    1434.63  0.000e+00
       6290     60.000     4.3997     4.3823    -0.0174    0.84496    0.84649          1     4.5577     4.7071       8.60     0.0159  2.462e-11  1.000e-12  4.062e+00     7.9579     7.9776     0.0197     6.3143     6.3304     59.443     60.766      0.250    1434.70    1434.65  0.000e+00
       6338     60.500     4.4005     4.3994    -0.0010    0.84812    0.85055          1     4.4307     4.5891       8.08     0.0159  2.462e-11  1.000e-12  4.062e+00     7.9897     8.0146     0.0249     6.3395     6.3592     59.938     61.272      0.250    1434.76    1434.78  0.000e+00
       6385     61.000     4.4089     4.4038    -0.0051    0.85142    0.85284          1     4.2850     4.4278       7.55     0.0159  2.462e-11  1.000e-12  4.062e+00     8.0210     8.0366     0.0156     6.3640     6.3766     60.433     61.778      0.267    1434.84    1434.84  0.000e+00
       6428     61.500     4.4127     4.4097    -0.0030    0.85310    0.85406          1     4.2342     4.3463       7.03     0.0159  2.462e-11  1.000e-12  4.062e+00     8.0370     8.0475     0.0105     6.3766     6.3850     60.929     62.284      0.268    1434.89    1434.89  0.000e+00
       6477     62.000     4.4151     4.4056    -0.0096    0.85415    0.85475          1     4.1966     4.3097       6.49     0.0160  2.462e-11  1.000e-12  4.062e+00     8.0470     8.0554     0.0084     6.3844     6.3914     61.424     62.790      0.238    1434.92    1434.89  0.000e+00
       6526     62.500     4.4089     4.3974    -0.0115    0.85469    0.85509          1     4.1781     4.2944       5.96     0.0159  2.462e-11  1.000e-12  4.062e+00     8.0539     8.0608     0.0068     6.3901     6.3959     61.919     63.296      0.253    1434.91    1434.86  0.000e+00
       6574     63.000     4.4018     4.3887    -0.0131    0.85536    0.85570          1     4.1675     4.2723       5.42     0.0159  2.462e-11  1.000e-12  4.062e+00     8.0624     8.0690     0.0066     6.3971     6.4027     62.414     63.802      0.244    1434.89    1434.84  0.000e+00
       6624     63.500     4.3970     4.3934    -0.0036    0.85610    0.85716          1     4.1269     4.2445       4.91     0.0159  2.462e-11  1.000e-12  4.062e+00     8.0710     8.0826     0.0116     6.4040     6.4134     62.910     64.308      0.246    1434.89    1434.89  0.000e+00
       6669     64.000     4.4037     4.4054     0.0017    0.85771    0.85855          1     4.0529     4.1706       4.39     0.0159  2.462e-11  1.000e-12  4.062e+00     8.0855     8.0937     0.0082     6.4154     6.4218     63.405     64.814      0.282    1434.95    1434.97  0.000e+00
       6715     64.500     4.4101     4.4136     0.0035    0.85886    0.85980          1     3.9457     4.0704       3.84     0.0159  2.462e-11  1.000e-12  4.062e+00     8.0956     8.1042     0.0086     6.4231     6.4299     63.900     65.320      0.243    1435.00    1435.02  0.000e+00
       6763     65.000     4.4229     4.4250     0.0021    0.86134    0.86212          1     3.8595     3.9532       3.32     0.0159  2.462e-11  1.000e-12  4.062e+00     8.1175     8.1249     0.0074     6.4401     6.4459     64.395     65.826      0.259    1435.09    1435.11  0.000e+00
       6811     65.500     4.4481     4.4504     0.0023    0.86797    0.87087          1     3.6546     3.7258       2.79     0.0159  2.462e-11  1.000e-12  4.062e+00     8.1784     8.2073     0.0288     6.4876     6.5103     64.891     66.332      0.237    1435.29    1435.34  0.000e+00
       6862     66.000     4.4485     4.4493     0.0008    0.87290    0.87595          1     3.3377     3.4746       2.28     0.0159  2.462e-11  1.000e-12  4.062e+00     8.2282     8.2589     0.0307     6.5270     6.5514     65.386     66.838      0.237    1435.36    1435.40  0.000e+00
       6915     66.500     4.4503     4.4498    -0.0005    0.87498    0.87618          1     3.2770     3.3850       1.74     0.0161  2.462e-11  1.000e-12  4.062e+00     8.2488     8.2611     0.0123     6.5433     6.5531     65.881     67.344      0.206    1435.41    1435.42  0.000e+00
       6979     67.000     4.4514     4.4523     0.0009    0.87634    0.87655          1     3.2801     3.3323       1.25     0.0159  2.462e-11  1.000e-12  4.062e+00     8.2623     8.2641     0.0019     6.5539     6.5554     66.377     67.850      0.173    1435.43    1435.44  0.000e+00
