ctdpy/exports/archive_20191121_122431/received_data/SBE09_1044_20180131_1127_34_02_0038.cnv
* Sea-Bird SBE 9 Data File:
* FileName = C:\ctd\temp\2018\ME18D038.hex
* Software Version Seasave V 7.26.6.26
* Temperature SN = 5351
* Conductivity SN = 3941
* Number of Bytes Per Scan = 41
* Number of Voltage Words = 4
* Number of Scans Averaged by the Deck Unit = 1
* NMEA Latitude = 58 35.63 N
* NMEA Longitude = 018 14.21 E
* NMEA UTC (Time) = Jan 31 2018  11:27:09
* NMEA baud rate = 4800
** Station:  BY31
** Operator:  SSip
** Ship: MERI
** Average sound velocity: 1446.89 m/s
** True-depth calculation Wed, 31 Jan 2018 13:14:50 +0000
** CTD Python Module SMHI /ver 3-12/ feb 2012 
** LIMS Job: 20183402-0038
** Cruise: SMHI-01-2018
** Latitude [GG MM.mm N] :
** Longitude [GG MM.mm E]:
# nquan = 26
# nvalues = 874                         
# units = specified
# name 0 = scan: Scan Count
# name 1 = prDM: Pressure, Digiquartz [db]
# name 2 = t090C: Temperature [ITS-90, deg C]
# name 3 = t190C: Temperature, 2 [ITS-90, deg C]
# name 4 = T2-T190C: Temperature Difference, 2 - 1 [ITS-90, deg C]
# name 5 = c0S/m: Conductivity [S/m]
# name 6 = c1S/m: Conductivity, 2 [S/m]
# name 7 = pumps: Pump Status
# name 8 = sbeox0ML/L: Oxygen, SBE 43 [ml/l]
# name 9 = sbeox1ML/L: Oxygen, SBE 43, 2 [ml/l]
# name 10 = altM: Altimeter [m]
# name 11 = flECO-AFL: Chl-a Fluorescence, WET Labs ECO-AFL/FL [mg/m^3]
# name 12 = flECO-AFL1: Phycocyanin Fluorescence, WET Labs ECO-AFL/FL, 2 [mg/m^3]
# name 13 = par: PAR/Irradiance, Biospherical/Lico [µE/(cm^2*s)]
# name 14 = turbWETntu0: Turbidity, WET Labs ECO [NTU]
# name 15 = sal00: Salinity, Practical [PSU]
# name 16 = sal11: Salinity, Practical, 2 [PSU]
# name 17 = secS-priS: Salinity, Practical, Difference, 2 - 1 [PSU]
# name 18 = sigma-t00: Density [sigma-t, Kg/m^3 ]
# name 19 = sigma-t11: Density, 2 [sigma-t, Kg/m^3 ]
# name 20 = depSM: Depth [salt water, m], lat = 58.5938
# name 21 = depFM: Depth [true depth, m], lat = 58.5938
# name 22 = dz/dtM: Descent Rate [m/s], WS = 2
# name 23 = svCM: Sound Velocity [Chen-Millero, m/s]
# name 24 = svCM1: Sound Velocity, 2 [Chen-Millero, m/s]
# name 25 = flag: flag
# span 0 =       2112,      20998       
# span 1 =      2.500,    439.000       
# span 2 =     4.1364,     6.2422       
# span 3 =     4.1383,     6.2428       
# span 4 =    -0.0123,     0.0124       
# span 5 =   0.753016,   1.246109       
# span 6 =   0.752990,   1.246088       
# span 7 =          1,          1       
# span 8 =   -0.01448,    8.26377       
# span 9 =    0.00667,    8.21920       
# span 10 =       5.47,      99.08      
# span 11 =     0.2390,     0.4679      
# span 12 =     0.2283,     0.5618      
# span 13 = 1.0000e-12, 7.0462e+01      
# span 14 =     0.1389,     2.1527      
# span 15 =     7.0944,    11.3806      
# span 16 =     7.0942,    11.3801      
# span 17 =    -0.0051,     0.0025      
# span 18 =     5.6365,     8.9241      
# span 19 =     5.6363,     8.9237      
# span 20 =      2.477,    434.449      
# span 21 =      2.532,    443.483      
# span 22 =     -0.220,      0.899      
# span 23 =    1431.52,    1453.11      
# span 24 =    1431.52,    1453.12      
# span 25 = 0.0000e+00, 0.0000e+00      
# interval = decibars: 0.5              
# start_time = Jan 31 2018 11:27:10 [NMEA time, first data scan]
# bad_flag = -9.990e-29
*END*
[from data line 112]
       4720     58.500     4.7628     4.7602    -0.0025    0.78581    0.78557          1     7.7769     7.7740      98.72     0.2726     0.3347  1.000e-12  0.1610000     7.2806     7.2788    -0.0018     5.7650     5.7637     57.947     59.249      0.647    1435.43    1435.41  0.000e+00
       4737     59.000     4.7911     4.7915     0.0005    0.78819    0.78816          1     7.7199     7.7210      98.71     0.2697     0.3377  1.000e-12  0.1646000     7.2981     7.2976    -0.0005     5.7778     5.7775     58.442     59.755      0.704    1435.58    1435.58  0.000e+00
       4754     59.500     4.8117     4.8115    -0.0002    0.79011    0.79001          1     7.6691     7.6669      98.71     0.2606     0.3148  1.000e-12  0.1782000     7.3125     7.3116    -0.0009     5.7885     5.7878     58.937     60.261      0.631    1435.70    1435.70  0.000e+00
       4777     60.000     4.8231     4.8228    -0.0003    0.79130    0.79122          1     7.6212     7.6256      98.71     0.2603     0.2956  1.000e-12  0.1731000     7.3217     7.3210    -0.0008     5.7955     5.7949     59.432     60.768      0.433    1435.77    1435.77  0.000e+00
       4812     60.500     4.8450     4.8449    -0.0001    0.79303    0.79296          1     7.5774     7.5790      98.71     0.2545     0.3109  1.000e-12  0.1563000     7.3340     7.3334    -0.0006     5.8044     5.8039     59.928     61.274      0.371    1435.89    1435.89  0.000e+00
       4838     61.000     4.8731     4.8728    -0.0003    0.79530    0.79525          1     7.5145     7.5147      98.71     0.2400     0.3224  1.000e-12  0.1630000     7.3503     7.3499    -0.0005     5.8163     5.8159     60.423     61.780      0.559    1436.04    1436.04  0.000e+00
       4857     61.500     4.9004     4.8996    -0.0008    0.79799    0.79783          1     7.4464     7.4609      98.71     0.2603     0.3280  1.000e-12  0.1482000     7.3708     7.3695    -0.0014     5.8315     5.8304     60.918     62.287      0.654    1436.19    1436.19  0.000e+00
       4875     62.000     4.9282     4.9274    -0.0009    0.80134    0.80122          1     7.3624     7.3922      98.71     0.2864     0.3341  1.000e-12  0.1721000     7.3979     7.3969    -0.0010     5.8518     5.8511     61.413     62.793      0.641    1436.36    1436.36  0.000e+00
       4895     62.500     4.9690     4.9680    -0.0011    0.80551    0.80545          1     7.2368     7.2831      98.71     0.2740     0.3222  1.000e-12  0.1589000     7.4301     7.4297    -0.0004     5.8758     5.8755     61.908     63.299      0.541    1436.59    1436.58  0.000e+00
       4922     63.000     5.0259     5.0264     0.0005    0.81211    0.81210          1     7.0343     7.1123      98.71     0.2530     0.3256  1.000e-12  0.1389000     7.4827     7.4824    -0.0003     5.9151     5.9149     62.404     63.806      0.401    1436.91    1436.92  0.000e+00
       4954     63.500     5.0718     5.0713    -0.0005    0.81811    0.81799          1     6.8421     6.9207      98.71     0.2480     0.3330  1.000e-12  0.1538000     7.5316     7.5306    -0.0010     5.9520     5.9512     62.899     64.312      0.418    1437.18    1437.18  0.000e+00
       4978     64.000     5.0763     5.0766     0.0003    0.81860    0.81856          1     6.8044     6.8686      98.71     0.2576     0.2344  1.000e-12  0.1764000     7.5354     7.5350    -0.0004     5.9548     5.9545     63.394     64.818      0.564    1437.22    1437.22  0.000e+00
       4998     64.500     5.0854     5.0854    -0.0000    0.81996    0.81988          1     6.7280     6.8106      98.71     0.2535     0.3184  1.000e-12  0.1735000     7.5467     7.5459    -0.0008     5.9634     5.9628     63.889     65.324      0.635    1437.28    1437.28  0.000e+00
       5016     65.000     5.1433     5.1421    -0.0011    0.82907    0.82894          1     6.5364     6.6465      98.71     0.2548     0.3201  1.000e-12  0.1630000     7.6236     7.6226    -0.0010     6.0218     6.0210     64.384     65.831      0.593    1437.64    1437.63  0.000e+00
       5039     65.500     5.1901     5.1885    -0.0016    0.83715    0.83679          1     6.2783     6.4080      98.71     0.2746     0.3190  1.000e-12  0.1444000     7.6926     7.6894    -0.0032     6.0744     6.0720     64.880     66.337      0.465    1437.94    1437.93  0.000e+00
       5069     66.000     5.2214     5.2199    -0.0015    0.84192    0.84171          1     6.0162     6.1648      98.71     0.2523     0.2987  1.000e-12  0.1400000     7.7325     7.7308    -0.0017     6.1045     6.1033     65.375     66.843      0.391    1438.14    1438.13  0.000e+00
       5098     66.500     5.2695     5.2681    -0.0014    0.84880    0.84860          1     5.8412     6.0128      98.71     0.2537     0.3008  1.000e-12  0.1416000     7.7892     7.7875    -0.0016     6.1473     6.1460     65.870     67.349      0.491    1438.43    1438.42  0.000e+00
       5120     67.000     5.3953     5.3906    -0.0047    0.86311    0.86247          1     5.5163     5.7495      98.71     0.2554     0.3140  1.000e-12  0.1624000     7.9006     7.8955    -0.0051     6.2296     6.2258     66.365     67.855      0.589    1439.12    1439.10  0.000e+00
       5139     67.500     5.7213     5.7090    -0.0123    0.88655    0.88584          1     5.0722     5.3522      98.71     0.2818     0.3055  1.000e-12  0.1541000     8.0531     8.0491    -0.0040     6.3339     6.3313     66.860     68.361      0.605    1440.74    1440.68  0.000e+00
       5160     68.000     5.8458     5.8472     0.0015    0.90298    0.90290          1     4.6509     4.9413      98.71     0.2390     0.2678  1.000e-12  0.1832000     8.1838     8.1826    -0.0012     6.4305     6.4295     67.355     68.867      0.551    1441.45    1441.45  0.000e+00
       5183     68.500     5.8419     5.8418    -0.0001    0.91509    0.91470          1     4.2600     4.5658      98.71     0.2546     0.3937  1.000e-12  0.1748000     8.3029     8.2990    -0.0038     6.5246     6.5216     67.851     69.373      0.499    1441.59    1441.58  0.000e+00
       5207     69.000     5.8610     5.8610     0.0001    0.92156    0.92138          1     4.0322     4.3244      98.71     0.2694     0.3354  1.000e-12  0.1816000     8.3612     8.3595    -0.0017     6.5696     6.5683     68.346     69.879      0.552    1441.75    1441.75  0.000e+00
       5227     69.500     5.8488     5.8501     0.0013    0.92546    0.92536          1     3.9516     4.2202      98.71     0.2661     0.3109  1.000e-12  0.1917000     8.4023     8.4010    -0.0013     6.6027     6.6016     68.841     70.385      0.612    1441.76    1441.76  0.000e+00
       5246     70.000     5.8176     5.8188     0.0013    0.92801    0.92784          1     3.8532     4.1009      98.71     0.2658     0.3029  1.000e-12  0.2019000     8.4350     8.4330    -0.0020     6.6301     6.6285     69.336     70.891      0.610    1441.67    1441.68  0.000e+00
       5267     70.500     5.8556     5.8552    -0.0004    0.93814    0.93796          1     3.6937     3.9295      98.71     0.2843     0.3059  1.000e-12  0.2154000     8.5245     8.5228    -0.0017     6.6987     6.6974     69.831     71.397      0.577    1441.96    1441.95  0.000e+00
       5288     71.000     5.8586     5.8589     0.0003    0.94284    0.94270          1     3.5132     3.7410      98.72     0.2847     0.3201  1.000e-12  0.2099000     8.5696     8.5681    -0.0015     6.7341     6.7329     70.326     71.903      0.561    1442.04    1442.04  0.000e+00
       5309     71.500     5.8749     5.8754     0.0005    0.95073    0.95056          1     3.2851     3.5221      98.71     0.2572     0.2693  1.000e-12  0.1896000     8.6426     8.6409    -0.0017     6.7907     6.7893     70.822     72.409      0.583    1442.21    1442.21  0.000e+00
       5329     72.000     5.8413     5.8422     0.0009    0.95909    0.95893          1     3.0387     3.2988      98.72     0.2561     0.2803  1.000e-12  0.1844000     8.7331     8.7313    -0.0018     6.8639     6.8625     71.317     72.915      0.597    1442.19    1442.19  0.000e+00
       5349     72.500     5.8221     5.8227     0.0006    0.96478    0.96467          1     2.8410     3.1020      98.72     0.2670     0.2929  1.000e-12  0.1826000     8.7939     8.7926    -0.0013     6.9129     6.9119     71.812     73.420      0.564    1442.19    1442.19  0.000e+00
       5372     73.000     5.8001     5.8014     0.0013    0.96908    0.96895          1     2.7227     2.9661      98.72     0.2794     0.3032  1.000e-12  0.1758000     8.8418     8.8402    -0.0016     6.9520     6.9506     72.307     73.926      0.517    1442.16    1442.16  0.000e+00
       5396     73.500     5.7900     5.7905     0.0006    0.97095    0.97089          1     2.6683     2.8684      98.71     0.2808     0.3023  1.000e-12  0.1839000     8.8628     8.8620    -0.0008     6.9691     6.9684     72.802     74.432      0.535    1442.15    1442.15  0.000e+00
       5417     74.000     5.7607     5.7624     0.0017    0.97409    0.97397          1     2.6014     2.7805      98.72     0.2699     0.2604  1.000e-12  0.1731000     8.9013     8.8997    -0.0016     7.0010     6.9997     73.297     74.938      0.610    1442.08    1442.09  0.000e+00
       5435     74.500     5.7204     5.7219     0.0015    0.97724    0.97716          1     2.4978     2.6736      98.72     0.2718     0.2884  1.000e-12  0.1866000     8.9429     8.9417    -0.0013     7.0361     7.0350     73.793     75.443      0.652    1441.97    1441.97  0.000e+00
       5454     75.000     5.6967     5.6977     0.0010    0.98152    0.98140          1     2.3737     2.5480      98.72     0.2863     0.2959  1.000e-12  0.1921000     8.9913     8.9899    -0.0014     7.0755     7.0743     74.288     75.949      0.614    1441.94    1441.94  0.000e+00
       5475     75.500     5.6619     5.6630     0.0011    0.98464    0.98458          1     2.2530     2.4306      98.72     0.3063     0.2887  1.000e-12  0.1919000     9.0314     9.0305    -0.0009     7.1090     7.1082     74.783     76.455      0.525    1441.85    1441.85  0.000e+00
       5500     76.000     5.6384     5.6390     0.0006    0.98612    0.98608          1     2.1574     2.3274      98.72     0.2937     0.2875  1.000e-12  0.1983000     9.0523     9.0517    -0.0005     7.1267     7.1263     75.278     76.960      0.494    1441.78    1441.78  0.000e+00
       5523     76.500     5.6329     5.6332     0.0003    0.99052    0.99037          1     2.0649     2.2274      98.72     0.2846     0.3146  1.000e-12  0.1984000     9.0972     9.0956    -0.0016     7.1625     7.1612     75.773     77.466      0.548    1441.82    1441.82  0.000e+00
       5544     77.000     5.6375     5.6377     0.0002    0.99433    0.99425          1     2.0020     2.1617      98.72     0.2847     0.2699  1.000e-12  0.2104000     9.1335     9.1327    -0.0008     7.1909     7.1903     76.268     77.972      0.590    1441.89    1441.89  0.000e+00
       5564     77.500     5.6778     5.6775    -0.0002    0.99972    0.99961          1     1.9658     2.1123      98.72     0.2755     0.2856  1.000e-12  0.2133000     9.1759     9.1749    -0.0011     7.2222     7.2214     76.764     78.477      0.597    1442.13    1442.13  0.000e+00
       5584     78.000     5.7308     5.7311     0.0004    1.01112    1.01097          1     1.8566     2.0013      98.72     0.2737     0.3020  1.000e-12  0.2438000     9.2741     9.2726    -0.0016     7.2967     7.2955     77.259     78.983      0.593    1442.49    1442.49  0.000e+00
       5604     78.500     5.7307     5.7312     0.0005    1.02233    1.02223          1     1.6378     1.8045      98.72     0.2766     0.2905  1.000e-12  0.2782000     9.3850     9.3838    -0.0012     7.3841     7.3832     77.754     79.488      0.592    1442.64    1442.64  0.000e+00
       5624     79.000     5.7229     5.7234     0.0005    1.03268    1.03259          1     1.4000     1.5894      98.72     0.2858     0.2733  1.000e-12  0.3006000     9.4895     9.4885    -0.0010     7.4670     7.4662     78.249     79.994      0.595    1442.74    1442.74  0.000e+00
       5644     79.500     5.7251     5.7266     0.0016    1.03866    1.03870          1     1.2490     1.4466      98.72     0.2896     0.2716  1.000e-12  0.3130000     9.5482     9.5481    -0.0001     7.5131     7.5130     78.744     80.499      0.581    1442.84    1442.84  0.000e+00
       5666     80.000     5.7354     5.7358     0.0005    1.04208    1.04204          1     1.1974     1.3822      98.71     0.2927     0.2913  1.000e-12  0.3339000     9.5791     9.5785    -0.0006     7.5370     7.5364     79.239     81.005      0.520    1442.93    1442.93  0.000e+00
       5691     80.500     5.7328     5.7333     0.0005    1.04422    1.04417          1     1.1919     1.3520      98.72     0.2860     0.3216  1.000e-12  0.3634000     9.6009     9.6003    -0.0006     7.5543     7.5538     79.735     81.510      0.471    1442.95    1442.95  0.000e+00
       5716     81.000     5.7326     5.7331     0.0005    1.04536    1.04532          1     1.1768     1.2943      98.71     0.2745     0.2980  1.000e-12  0.3676000     9.6122     9.6116    -0.0006     7.5632     7.5627     80.230     82.016      0.543    1442.97    1442.97  0.000e+00
       5736     81.500     5.7154     5.7152    -0.0002    1.04863    1.04855          1     1.0925     1.2098      98.71     0.2718     0.2635  1.000e-12  0.3712000     9.6494     9.6487    -0.0007     7.5936     7.5930     80.725     82.521      0.662    1442.95    1442.95  0.000e+00
       5753     82.000     5.7009     5.7007    -0.0002    1.05215    1.05208          1     0.9836     1.1272      98.71     0.2725     0.2471  1.000e-12  0.3805000     9.6885     9.6878    -0.0007     7.6251     7.6247     81.220     83.027      0.714    1442.95    1442.95  0.000e+00
       5769     82.500     5.6868     5.6875     0.0008    1.05408    1.05404          1     0.8817     1.0310      98.72     0.2932     0.2427  1.000e-12  0.3437000     9.7117     9.7111    -0.0006     7.6442     7.6437     81.715     83.532      0.659    1442.93    1442.93  0.000e+00
       5790     83.000     5.6842     5.6854     0.0012    1.05759    1.05755          1     0.8059     0.9470      98.71     0.2888     0.2573  1.000e-12  0.3457000     9.7472     9.7465    -0.0007     7.6724     7.6718     82.210     84.037      0.501    1442.97    1442.97  0.000e+00
       5819     83.500     5.7040     5.7044     0.0004    1.06132    1.06129          1     0.7766     0.9133      98.71     0.2921     0.3107  1.000e-12  0.3755000     9.7784     9.7781    -0.0004     7.6959     7.6956     82.705     84.543      0.429    1443.10    1443.10  0.000e+00
       5844     84.000     5.7144     5.7136    -0.0008    1.06768    1.06746          1     0.7295     0.8481      98.71     0.2963     0.3159  1.000e-12  0.3917000     9.8386     9.8367    -0.0019     7.7428     7.7413     83.201     85.048      0.554    1443.23    1443.22  0.000e+00
       5864     84.500     5.7659     5.7662     0.0002    1.07412    1.07411          1     0.6832     0.7924      98.71     0.3089     0.2895  1.000e-12  0.4095000     9.8875     9.8872    -0.0002     7.7784     7.7781     83.696     85.554      0.623    1443.52    1443.52  0.000e+00
       5882     85.000     5.7583     5.7586     0.0002    1.07682    1.07681          1     0.6254     0.7422      98.71     0.3165     0.3138  1.000e-12  0.4271000     9.9164     9.9162    -0.0002     7.8016     7.8015     84.191     86.059      0.624    1443.53    1443.53  0.000e+00
       5903     85.500     5.7363     5.7365     0.0002    1.07923    1.07916          1     0.5320     0.6426      98.71     0.2734     0.3083  1.000e-12  0.4430000     9.9468     9.9460    -0.0008     7.8268     7.8262     84.686     86.564      0.536    1443.48    1443.48  0.000e+00
