ctdpy/exports/archive_20191121_122431/received_data/SBE09_1044_20180526_2340_34_07_0028.cnv
* Sea-Bird SBE 9 Data File:
* FileName = C:\ctd\temp\2018\AU18D028.hex
* Software Version Seasave V 7.26.6.26
* Temperature SN = 5351
* Conductivity SN = 3941
* Number of Bytes Per Scan = 41
* Number of Voltage Words = 4
* Number of Scans Averaged by the Deck Unit = 1
* NMEA Latitude = 58 20.42 N
* NMEA Longitude = 011 01.66 E
* NMEA UTC (Time) = May 26 2018  23:40:56
* NMEA baud rate = 4800
** Station:  A13
** Operator:  SSip
** Ship: AURA
** Average sound velocity: 1478.40 m/s
** True-depth calculation Sun, 27 May 2018 00:18:43 +0000
** CTD Python Module SMHI /ver 3-12/ feb 2012 
** LIMS Job: 20183407-0028
** Cruise: SMHI-02-2018
** Latitude [GG MM.mm N] :
** Longitude [GG MM.mm E]:
# nquan = 26
# nvalues = 188                         
# units = specified
# name 0 = scan: Scan Count
# name 1 = prDM: Pressure, Digiquartz [db]
# name 2 = t090C: Temperature [ITS-90, deg C]
# name 3 = t190C: Temperature, 2 [ITS-90, deg C]
# name 4 = T2-T190C: Temperature Difference, 2 - 1 [ITS-90, deg C]
# name 5 = c0S/m: Conductivity [S/m]
# name 6 = c1S/m: Conductivity, 2 [S/m]
# name 7 = pumps: Pump Status
# name 8 = sbeox0ML/L: Oxygen, SBE 43 [ml/l]
# name 9 = sbeox1ML/L: Oxygen, SBE 43, 2 [ml/l]
# name 10 = altM: Altimeter [m]
# name 11 = flECO-AFL: Chl-a Fluorescence, WET Labs ECO-AFL/FL [mg/m^3]
# name 12 = flECO-AFL1: Phycocyanin Fluorescence, WET Labs ECO-AFL/FL, 2 [mg/m^3]
# name 13 = par: PAR/Irradiance, Biospherical/Lico [µE/(cm^2*s)]
# name 14 = turbWETntu0: Turbidity, WET Labs ECO [NTU]
# name 15 = sal00: Salinity, Practical [PSU]
# name 16 = sal11: Salinity, Practical, 2 [PSU]
# name 17 = secS-priS: Salinity, Practical, Difference, 2 - 1 [PSU]
# name 18 = sigma-t00: Density [sigma-t, Kg/m^3 ]
# name 19 = sigma-t11: Density, 2 [sigma-t, Kg/m^3 ]
# name 20 = depSM: Depth [salt water, m], lat = 58.3403
# name 21 = depFM: Depth [true depth, m], lat = 58.3403
# name 22 = dz/dtM: Descent Rate [m/s], WS = 2
# name 23 = svCM: Sound Velocity [Chen-Millero, m/s]
# name 24 = svCM1: Sound Velocity, 2 [Chen-Millero, m/s]
# name 25 = flag: flag
# span 0 =       6079,       9821       
# span 1 =      1.000,     94.500       
# span 2 =     5.9839,    18.2264       
# span 3 =     5.9872,    18.2241       
# span 4 =    -0.0228,     0.2130       
# span 5 =   2.675725,   3.528218       
# span 6 =   2.677859,   3.528940       
# span 7 =          1,          1       
# span 8 =    5.81044,    7.29365       
# span 9 =    5.76198,    7.25981       
# span 10 =       3.36,      98.39      
# span 11 =     0.1721,     2.2763      
# span 12 =     0.1513,     0.4657      
# span 13 = -9.128e-03, 5.1849e-01      
# span 14 =     0.1937,     0.9848      
# span 15 =    19.8561,    34.9351      
# span 16 =    19.8557,    34.9340      
# span 17 =    -0.1691,     0.0271      
# span 18 =    13.6627,    27.4437      
# span 19 =    13.6629,    27.4426      
# span 20 =      0.991,     93.600      
# span 21 =      1.005,     93.855      
# span 22 =     -0.171,      0.684      
# span 23 =    1474.57,    1499.61      
# span 24 =    1474.58,    1499.69      
# span 25 = 0.0000e+00, 0.0000e+00      
# interval = decibars: 0.5              
# start_time = May 26 2018 23:40:56 [NMEA time, first data scan]
# bad_flag = -9.990e-29
*END*
[from data line 56]
       7183     29.000     6.8487     6.8552     0.0065    3.39005    3.39049          1     6.7641     6.7437      79.90     0.2133     0.2330  1.000e-12  0.3172000    33.6116    33.6101    -0.0015    26.3456    26.3435     28.728     28.902      0.609    1476.81    1476.83  0.000e+00
       7203     29.500     6.7063     6.7159     0.0096    3.38001    3.38075          1     6.8109     6.7874      68.84     0.2132     0.2230  1.000e-12  0.3301000    33.6403    33.6391    -0.0013    26.3872    26.3849     29.224     29.398      0.609    1476.29    1476.33  0.000e+00
       7223     30.000     6.6578     6.6552    -0.0024    3.37975    3.37919          1     6.8443     6.8413      68.30     0.2095     0.2218  1.000e-12  0.3304000    33.6849    33.6811    -0.0038    26.4288    26.4262     29.719     29.895      0.631    1476.17    1476.16  0.000e+00
       7241     30.500     6.7039     6.7092     0.0052    3.38891    3.38932          1     6.8860     6.8907      90.03     0.2100     0.2114  1.000e-12  0.3204000    33.7406    33.7398    -0.0007    26.4666    26.4653     30.214     30.391      0.655    1476.43    1476.45  0.000e+00
       7259     31.000     6.5173     6.5284     0.0111    3.37541    3.37611          1     6.9155     6.8964      66.25     0.2121     0.1928  1.000e-12  0.2916000    33.7749    33.7717    -0.0032    26.5183    26.5143     30.710     30.887      0.657    1475.75    1475.79  0.000e+00
       7278     31.500     6.3881     6.3936     0.0055    3.36749    3.36790          1     6.9089     6.8818      65.67     0.1918     0.2319  1.000e-12  0.3105000    33.8146    33.8137    -0.0009    26.5665    26.5650     31.205     31.383      0.638    1475.30    1475.32  0.000e+00
       7297     32.000     6.3077     6.3135     0.0058    3.36290    3.36328          1     6.9048     6.8810      65.09     0.1838     0.2423  1.000e-12  0.3126000    33.8431    33.8415    -0.0016    26.5993    26.5973     31.700     31.879      0.612    1475.02    1475.05  0.000e+00
       7317     32.500     6.2477     6.2522     0.0045    3.35933    3.35966          1     6.9285     6.8884      63.86     0.1927     0.2500  1.000e-12  0.3030000    33.8626    33.8619    -0.0007    26.6224    26.6213     32.195     32.375      0.603    1474.82    1474.84  0.000e+00
       7337     33.000     6.2001     6.2032     0.0031    3.35703    3.35719          1     6.9869     6.9227      63.92     0.1913     0.2496  1.000e-12  0.2797000    33.8841    33.8828    -0.0013    26.6455    26.6441     32.691     32.871      0.617    1474.67    1474.68  0.000e+00
       7356     33.500     6.1978     6.2000     0.0022    3.35873    3.35883          1     7.0256     6.9660      63.10     0.1839     0.2640  1.000e-12  0.2770000    33.9051    33.9042    -0.0010    26.6624    26.6614     33.186     33.367      0.642    1474.70    1474.70  0.000e+00
       7374     34.000     6.2268     6.2262    -0.0006    3.36393    3.36368          1     7.0645     7.0260      70.92     0.1798     0.2458  1.000e-12  0.2716000    33.9341    33.9320    -0.0021    26.6816    26.6800     33.681     33.863      0.672    1474.85    1474.85  0.000e+00
       7392     34.500     6.2922     6.2938     0.0016    3.37364    3.37365          1     7.0951     7.0579      80.13     0.1721     0.2220  1.000e-12  0.2677000    33.9773    33.9757    -0.0015    26.7073    26.7059     34.176     34.359      0.684    1475.17    1475.18  0.000e+00
       7409     35.000     6.2991     6.3007     0.0016    3.37707    3.37706          1     7.1333     7.0828      61.54     0.1907     0.2350  1.000e-12  0.2599000    34.0085    34.0068    -0.0016    26.7310    26.7295     34.672     34.855      0.666    1475.25    1475.25  0.000e+00
       7428     35.500     6.2928     6.2962     0.0034    3.37888    3.37909          1     7.1489     7.0940      85.81     0.1871     0.2592  1.000e-12  0.2664000    34.0347    34.0336    -0.0011    26.7525    26.7512     35.167     35.351      0.628    1475.27    1475.28  0.000e+00
       7447     36.000     6.2471     6.2488     0.0018    3.37676    3.37684          1     7.1470     7.0817      60.47     0.1840     0.2760  1.000e-12  0.2740000    34.0566    34.0557    -0.0008    26.7757    26.7748     35.662     35.847      0.600    1475.12    1475.13  0.000e+00
       7468     36.500     6.2415     6.2456     0.0041    3.37787    3.37816          1     7.1405     7.0700      59.91     0.1839     0.2656  1.000e-12  0.2734000    34.0744    34.0735    -0.0008    26.7904    26.7893     36.158     36.343      0.609    1475.13    1475.14  0.000e+00
       7487     37.000     6.1815     6.1835     0.0020    3.37295    3.37300          1     7.1452     7.1144      59.68     0.2061     0.2260  1.000e-12  0.2604000    34.0791    34.0777    -0.0014    26.8019    26.8005     36.653     36.839      0.641    1474.91    1474.91  0.000e+00
       7505     37.500     6.1987     6.1997     0.0009    3.37673    3.37665          1     7.1719     7.1827      71.22     0.2381     0.2295  1.000e-12  0.2565000    34.1041    34.1021    -0.0019    26.8194    26.8177     37.148     37.335      0.664    1475.01    1475.02  0.000e+00
       7523     38.000     6.2151     6.2171     0.0020    3.37966    3.37975          1     7.2169     7.2119      97.38     0.2725     0.2357  1.000e-12  0.2568000    34.1202    34.1191    -0.0010    26.8300    26.8289     37.643     37.831      0.658    1475.11    1475.11  0.000e+00
       7542     38.500     6.1756     6.1788     0.0033    3.37680    3.37695          1     7.2442     7.1906      94.70     0.3313     0.2499  1.000e-12  0.2608000    34.1275    34.1260    -0.0015    26.8409    26.8393     38.139     38.327      0.632    1474.97    1474.98  0.000e+00
       7561     39.000     6.1574     6.1598     0.0025    3.37590    3.37602          1     7.2333     7.1582      57.65     0.3623     0.2698  1.000e-12  0.2665000    34.1354    34.1343    -0.0011    26.8495    26.8483     38.634     38.823      0.588    1474.91    1474.92  0.000e+00
       7583     39.500     6.1354     6.1395     0.0041    3.37498    3.37527          1     7.2247     7.1645      56.82     0.3552     0.2650  1.000e-12  0.2586000    34.1470    34.1461    -0.0009    26.8614    26.8602     39.129     39.319      0.552    1474.85    1474.87  0.000e+00
       7604     40.000     6.0957     6.0984     0.0027    3.37140    3.37157          1     7.2399     7.1865      56.21     0.3458     0.2352  1.000e-12  0.2516000    34.1464    34.1457    -0.0008    26.8660    26.8651     39.624     39.815      0.564    1474.70    1474.71  0.000e+00
       7625     40.500     6.0814     6.0834     0.0021    3.37017    3.37031          1     7.2577     7.2045      55.95     0.3413     0.1926  1.000e-12  0.2479000    34.1469    34.1463    -0.0006    26.8682    26.8675     40.120     40.311      0.616    1474.65    1474.66  0.000e+00
       7644     41.000     6.0783     6.0804     0.0021    3.36998    3.37010          1     7.2586     7.2022      55.44     0.3212     0.2309  1.000e-12  0.2414000    34.1475    34.1468    -0.0007    26.8691    26.8683     40.615     40.807      0.646    1474.65    1474.66  0.000e+00
       7662     41.500     6.0763     6.0780     0.0017    3.36999    3.37006          1     7.2356     7.1690      55.41     0.3213     0.2434  1.000e-12  0.2277000    34.1495    34.1485    -0.0010    26.8709    26.8699     41.110     41.303      0.648    1474.65    1474.66  0.000e+00
       7681     42.000     6.0856     6.0879     0.0022    3.37181    3.37191          1     7.2044     7.1294      55.63     0.3213     0.2479  1.000e-12  0.2322000    34.1602    34.1591    -0.0011    26.8782    26.8770     41.605     41.799      0.627    1474.71    1474.72  0.000e+00
       7701     42.500     6.0515     6.0540     0.0025    3.36921    3.36937          1     7.1794     7.1137      55.25     0.3162     0.2225  1.000e-12  0.2403000    34.1652    34.1644    -0.0007    26.8864    26.8856     42.101     42.295      0.579    1474.59    1474.60  0.000e+00
       7722     43.000     6.0416     6.0435     0.0019    3.36902    3.36911          1     7.1606     7.1010      54.86     0.2970     0.2582  1.000e-12  0.2361000    34.1727    34.1719    -0.0008    26.8937    26.8928     42.596     42.791      0.548    1474.57    1474.58  0.000e+00
       7744     43.500     6.0520     6.0534     0.0014    3.37080    3.37080          1     7.1514     7.0863      53.76     0.2969     0.2455  1.000e-12  0.2364000    34.1820    34.1806    -0.0014    26.8997    26.8984     43.091     43.287      0.579    1474.63    1474.63  0.000e+00
       7764     44.000     6.0498     6.0521     0.0023    3.37159    3.37169          1     7.1585     7.0921      52.71     0.2969     0.2303  1.000e-12  0.2248000    34.1929    34.1918    -0.0011    26.9086    26.9074     43.586     43.782      0.621    1474.64    1474.65  0.000e+00
       7783     44.500     6.0468     6.0489     0.0021    3.37199    3.37209          1     7.1649     7.1095      52.29     0.2914     0.2226  1.000e-12  0.2216000    34.2002    34.1991    -0.0010    26.9147    26.9136     44.082     44.278      0.640    1474.65    1474.66  0.000e+00
       7801     45.000     6.0439     6.0459     0.0020    3.37207    3.37217          1     7.1668     7.1091      52.66     0.2819     0.2343  1.000e-12  0.2228000    34.2038    34.2028    -0.0010    26.9179    26.9169     44.577     44.774      0.633    1474.65    1474.66  0.000e+00
       7821     45.500     6.0436     6.0454     0.0018    3.37351    3.37354          1     7.1629     7.1196      52.02     0.2124     0.2357  1.000e-12  0.2368000    34.2200    34.2185    -0.0015    26.9308    26.9294     45.072     45.270      0.608    1474.68    1474.68  0.000e+00
       7841     46.000     6.0496     6.0514     0.0018    3.37566    3.37571          1     7.1734     7.1407      51.68     0.2132     0.2357  1.000e-12  0.2222000    34.2379    34.2367    -0.0012    26.9441    26.9429     45.567     45.766      0.580    1474.73    1474.74  0.000e+00
       7862     46.500     6.0395     6.0418     0.0022    3.37531    3.37533          1     7.1774     7.1360      51.33     0.2097     0.2336  1.000e-12  0.2199000    34.2439    34.2419    -0.0020    26.9502    26.9483     46.063     46.262      0.572    1474.71    1474.72  0.000e+00
       7883     47.000     6.0342     6.0367     0.0024    3.37495    3.37507          1     7.1681     7.1052      50.54     0.2077     0.2224  1.000e-12  0.2226000    34.2449    34.2439    -0.0010    26.9516    26.9505     46.558     46.758      0.592    1474.70    1474.71  0.000e+00
       7903     47.500     6.0228     6.0249     0.0021    3.37413    3.37422          1     7.1557     7.0832      50.28     0.2077     0.2540  1.000e-12  0.2228000    34.2469    34.2459    -0.0011    26.9547    26.9536     47.053     47.254      0.619    1474.66    1474.67  0.000e+00
       7922     48.000     6.0105     6.0126     0.0022    3.37362    3.37371          1     7.1379     7.0710      49.70     0.2132     0.2708  1.000e-12  0.2099000    34.2535    34.2524    -0.0011    26.9614    26.9603     47.548     47.750      0.619    1474.63    1474.64  0.000e+00
       7941     48.500     5.9910     5.9931     0.0021    3.37369    3.37376          1     7.1078     7.0539      49.36     0.2084     0.2757  1.000e-12  0.2116000    34.2738    34.2724    -0.0014    26.9799    26.9786     48.044     48.246      0.586    1474.59    1474.59  0.000e+00
       7963     49.000     5.9943     5.9964     0.0020    3.37448    3.37455          1     7.1032     7.0642      48.67     0.2109     0.2491  1.000e-12  0.2112000    34.2790    34.2778    -0.0013    26.9837    26.9824     48.539     48.742      0.560    1474.61    1474.62  0.000e+00
       7984     49.500     6.0038     6.0063     0.0026    3.37586    3.37601          1     7.1184     7.1071      48.16     0.2126     0.2363  1.000e-12  0.2160000    34.2848    34.2839    -0.0009    26.9870    26.9860     49.034     49.237      0.569    1474.67    1474.68  0.000e+00
       8005     50.000     6.0575     6.0605     0.0029    3.38270    3.38272          1     7.1827     7.1985      47.75     0.2126     0.2275  1.000e-12  0.2227000    34.3071    34.3043    -0.0027    26.9978    26.9952     49.529     49.733      0.609    1474.92    1474.92  0.000e+00
       8024     50.500     6.1028     6.1046     0.0018    3.38996    3.38997          1     7.2648     7.2598      47.35     0.2245     0.2184  1.000e-12  0.2174000    34.3427    34.3410    -0.0017    27.0201    27.0186     50.024     50.229      0.645    1475.15    1475.15  0.000e+00
       8042     51.000     6.0563     6.0588     0.0025    3.38683    3.38694          1     7.2937     7.2313      46.73     0.2796     0.2071  1.000e-12  0.2286000    34.3544    34.3531    -0.0013    27.0354    27.0340     50.520     50.725      0.656    1474.99    1475.00  0.000e+00
       8060     51.500     6.0331     6.0361     0.0030    3.38570    3.38587          1     7.2532     7.1755      46.23     0.2961     0.2304  1.000e-12  0.2337000    34.3648    34.3638    -0.0010    27.0465    27.0453     51.015     51.221      0.640    1474.92    1474.93  0.000e+00
       8080     52.000     6.0292     6.0309     0.0017    3.38614    3.38618          1     7.1983     7.1382      45.78     0.2601     0.2225  1.000e-12  0.2294000    34.3737    34.3723    -0.0014    27.0540    27.0527     51.510     51.717      0.599    1474.92    1474.93  0.000e+00
       8101     52.500     6.0434     6.0447     0.0013    3.38769    3.38769          1     7.1910     7.1303      45.24     0.2720     0.2131  1.000e-12  0.2415000    34.3764    34.3750    -0.0014    27.0544    27.0531     52.005     52.213      0.566    1474.99    1474.99  0.000e+00
       8122     53.000     6.0276     6.0313     0.0036    3.38675    3.38701          1     7.1730     7.1081      44.67     0.2540     0.2356  1.000e-12  0.2413000    34.3815    34.3807    -0.0008    27.0604    27.0593     52.501     52.708      0.573    1474.94    1474.95  0.000e+00
       8142     53.500     6.0613     6.0640     0.0027    3.39110    3.39123          1     7.1415     7.0872      44.16     0.2554     0.2357  1.000e-12  0.2401000    34.3961    34.3949    -0.0013    27.0677    27.0663     52.996     53.204      0.602    1475.10    1475.11  0.000e+00
       8162     54.000     6.0446     6.0471     0.0025    3.38931    3.38949          1     7.1266     7.0818      43.53     0.2666     0.2637  1.000e-12  0.2338000    34.3927    34.3922    -0.0005    27.0671    27.0664     53.491     53.700      0.624    1475.04    1475.05  0.000e+00
       8181     54.500     6.0136     6.0147     0.0012    3.38652    3.38655          1     7.1067     7.0705      43.23     0.2845     0.2637  1.000e-12  0.2237000    34.3925    34.3916    -0.0009    27.0709    27.0701     53.986     54.196      0.629    1474.92    1474.93  0.000e+00
       8200     55.000     6.0027     6.0064     0.0037    3.38558    3.38582          1     7.0935     7.0560      42.48     0.2623     0.2219  1.000e-12  0.2395000    34.3926    34.3915    -0.0011    27.0724    27.0710     54.482     54.692      0.619    1474.89    1474.90  0.000e+00
       8220     55.500     5.9873     5.9925     0.0051    3.38395    3.38435          1     7.0944     7.0519      40.96     0.2603     0.2461  1.000e-12  0.2304000    34.3896    34.3890    -0.0006    27.0719    27.0708     54.977     55.188      0.595    1474.83    1474.85  0.000e+00
       8240     56.000     5.9839     5.9888     0.0049    3.38374    3.38406          1     7.1016     7.0519      40.50     0.2647     0.2504  1.000e-12  0.2230000    34.3905    34.3892    -0.0014    27.0731    27.0714     55.472     55.684      0.571    1474.83    1474.85  0.000e+00
