ctdpy/exports/archive_20191121_122431/received_data/SBE09_0827_20180304_0925_26_01_0359.cnv
* Sea-Bird SBE 9 Data File:
* FileName = D:\CTD_SBE911\DAT\26DA.2018.3.59.hex
* Software Version Seasave V 7.21d
* Temperature SN = 034757
* Conductivity SN = 041844
* Number of Bytes Per Scan = 48
* Number of Voltage Words = 5
* Number of Scans Averaged by the Deck Unit = 1
* NMEA Latitude = 55 40.71 N
* NMEA Longitude = 014 28.73 E
* NMEA UTC (Time) = Mar 04 2018  09:25:38
* NMEA baud rate = 4800
** Ship: DANA
** Average sound velocity: 1423.31 m/s
** True-depth calculation Tue, 02 Apr 2019 12:10:29 +0000
** CTD Python Module SMHI /ver 3-12/ feb 2012 
** LIMS Job: 20182601-0359
** Operator:
** Cruise: 02/2018
# nquan = 26
# nvalues = 93                          
# units = specified
# name 0 = scan: Scan Count
# name 1 = prDM: Pressure, Digiquartz [db]
# name 2 = t090C: Temperature [ITS-90, deg C]
# name 3 = t190C: Temperature, 2 [ITS-90, deg C]
# name 4 = T2-T190C: Temperature Difference, 2 - 1 [ITS-90, deg C]
# name 5 = c0S/m: Conductivity [S/m]
# name 6 = c1S/m: Conductivity, 2 [S/m]
# name 7 = pumps: Pump Status
# name 8 = sbeox1ML/L: Oxygen, SBE 43, 2 [ml/l]
# name 9 = sbeox0ML/L: Oxygen, SBE 43 [ml/l]
# name 10 = altM: Altimeter [m]
# name 11 = chloroflTC0: Chlorophyll, Turner Cyclops [ug/l]
# name 12 = cpar: CPAR/Corrected Irradiance [%]
# name 13 = par: PAR/Irradiance, Biospherical/Lico [µE/(cm^2*s)]
# name 14 = spar: SPAR, Biospherical/Licor
# name 15 = sal00: Salinity, Practical [PSU]
# name 16 = sal11: Salinity, Practical, 2 [PSU]
# name 17 = secS-priS: Salinity, Practical, Difference, 2 - 1 [PSU]
# name 18 = sigma-t00: Density [sigma-t, kg/m^3 ]
# name 19 = sigma-t11: Density, 2 [sigma-t, kg/m^3 ]
# name 20 = depSM: Depth [salt water, m], lat = 55.6785
# name 21 = depFM: Depth [true depth, m], lat = 55.6785
# name 22 = dz/dtM: Descent Rate [m/s], WS = 2
# name 23 = svCM: Sound Velocity [Chen-Millero, m/s]
# name 24 = svCM1: Sound Velocity, 2 [Chen-Millero, m/s]
# name 25 = flag: flag
# span 0 =        116,       4761       
# span 1 =      1.000,     47.000       
# span 2 =     2.1897,     2.3165       
# span 3 =     2.1891,     2.3170       
# span 4 =    -0.0035,     0.0121       
# span 5 =   0.730451,   0.738712       
# span 6 =   0.729842,   0.738118       
# span 7 =          1,          1       
# span 8 =     8.7286,     8.7730       
# span 9 =     8.7297,     8.8023       
# span 10 =       0.97,      10.00      
# span 11 =     0.0212,     0.0460      
# span 12 = 1.7212e-13, 8.0760e+00      
# span 13 = 1.0000e-12, 4.4517e+01      
# span 14 = 5.4841e+02, 5.8099e+02      
# span 15 =     7.2950,     7.3485      
# span 16 =     7.2886,     7.3420      
# span 17 =    -0.0074,    -0.0027      
# span 18 =     5.8179,     5.8611      
# span 19 =     5.8128,     5.8559      
# span 20 =      0.991,     46.568      
# span 21 =      1.013,     47.594      
# span 22 =     -0.038,      0.372      
# span 23 =    1422.83,    1424.19      
# span 24 =    1422.82,    1424.19      
# span 25 = 0.0000e+00, 0.0000e+00      
# interval = decibars: 0.5              
# start_time = Mar 04 2018 09:25:39 [NMEA time, first data scan]
# bad_flag = -9.990e-29
*END*
        116      1.000     2.1941     2.1930    -0.0010    0.73054    0.72989          1     8.7620     8.7750      10.00     0.0212  8.076e+00  4.452e+01  5.513e+02     7.2959     7.2892    -0.0067     5.8186     5.8132      0.991      1.013      0.172    1422.83    1422.82  0.000e+00
        185      1.500     2.1933     2.1932    -0.0001    0.73046    0.72986          1     8.7688     8.7825      10.00     0.0227  6.958e+00  3.829e+01  5.504e+02     7.2951     7.2887    -0.0064     5.8180     5.8129      1.486      1.519      0.215    1422.83    1422.82  0.000e+00
        243      2.000     2.1934     2.1925    -0.0009    0.73046    0.72985          1     8.7605     8.7738      10.00     0.0236  5.971e+00  3.286e+01  5.504e+02     7.2950     7.2887    -0.0063     5.8179     5.8129      1.982      2.025      0.229    1422.84    1422.83  0.000e+00
        290      2.500     2.1929     2.1919    -0.0009    0.73045    0.72984          1     8.7574     8.7823      10.00     0.0251  5.144e+00  2.831e+01  5.504e+02     7.2950     7.2887    -0.0063     5.8179     5.8128      2.477      2.532      0.292    1422.84    1422.83  0.000e+00
        346      3.000     2.1923     2.1919    -0.0004    0.73045    0.72985          1     8.7587     8.7849       9.99     0.0247  4.297e+00  2.365e+01  5.504e+02     7.2950     7.2887    -0.0064     5.8179     5.8128      2.973      3.038      0.239    1422.85    1422.84  0.000e+00
        392      3.500     2.1921     2.1918    -0.0003    0.73046    0.72986          1     8.7582     8.7839       9.99     0.0245  3.785e+00  2.083e+01  5.504e+02     7.2951     7.2888    -0.0063     5.8180     5.8129      3.468      3.544      0.372    1422.86    1422.85  0.000e+00
        428      4.000     2.1923     2.1921    -0.0001    0.73047    0.72988          1     8.7693     8.7805       9.99     0.0271  3.191e+00  1.756e+01  5.504e+02     7.2951     7.2888    -0.0063     5.8180     5.8129      3.964      4.051      0.278    1422.87    1422.86  0.000e+00
        483      4.500     2.1922     2.1918    -0.0004    0.73047    0.72989          1     8.7536     8.7809       9.99     0.0279  2.785e+00  1.532e+01  5.504e+02     7.2951     7.2889    -0.0062     5.8180     5.8131      4.459      4.557      0.247    1422.87    1422.86  0.000e+00
        525      5.000     2.1923     2.1912    -0.0010    0.73049    0.72992          1     8.7458     8.8023       9.98     0.0280  2.425e+00  1.334e+01  5.504e+02     7.2951     7.2893    -0.0058     5.8180     5.8133      4.955      5.063      0.289    1422.88    1422.87  0.000e+00
        573      5.500     2.1917     2.1908    -0.0009    0.73051    0.72996          1     8.7514     8.7977       9.98     0.0281  2.094e+00  1.153e+01  5.504e+02     7.2954     7.2898    -0.0057     5.8182     5.8137      5.450      5.570      0.222    1422.89    1422.88  0.000e+00
        629      6.000     2.1913     2.1906    -0.0007    0.73053    0.72996          1     8.7504     8.7843       9.98     0.0298  1.835e+00  1.010e+01  5.504e+02     7.2957     7.2897    -0.0060     5.8185     5.8137      5.945      6.076      0.217    1422.89    1422.88  0.000e+00
        678      6.500     2.1913     2.1903    -0.0010    0.73054    0.72993          1     8.7549     8.7933       9.97     0.0316  1.623e+00  8.929e+00  5.504e+02     7.2958     7.2894    -0.0063     5.8185     5.8134      6.441      6.582      0.297    1422.90    1422.89  0.000e+00
        717      7.000     2.1911     2.1904    -0.0007    0.73054    0.72995          1     8.7578     8.7794       9.97     0.0308  1.387e+00  7.634e+00  5.504e+02     7.2957     7.2895    -0.0062     5.8185     5.8135      6.936      7.089      0.259    1422.91    1422.90  0.000e+00
        773      7.500     2.1911     2.1906    -0.0004    0.73055    0.72996          1     8.7607     8.7836       9.97     0.0316  1.227e+00  6.749e+00  5.502e+02     7.2957     7.2896    -0.0062     5.8185     5.8135      7.432      7.595      0.256    1422.92    1422.90  0.000e+00
        812      8.000     2.1908     2.1905    -0.0002    0.73056    0.72997          1     8.7595     8.7793       9.96     0.0308  1.085e+00  5.965e+00  5.499e+02     7.2959     7.2896    -0.0063     5.8186     5.8136      7.927      8.101      0.306    1422.92    1422.91  0.000e+00
        861      8.500     2.1908     2.1912     0.0004    0.73058    0.73003          1     8.7624     8.7917       9.96     0.0305  9.397e-01  5.165e+00  5.497e+02     7.2960     7.2900    -0.0060     5.8187     5.8139      8.423      8.607      0.205    1422.93    1422.92  0.000e+00
        918      9.000     2.1912     2.1923     0.0011    0.73062    0.73010          1     8.7598     8.7890       9.96     0.0314  8.384e-01  4.613e+00  5.503e+02     7.2962     7.2904    -0.0058     5.8189     5.8143      8.918      9.114      0.244    1422.94    1422.94  0.000e+00
        965      9.500     2.1919     2.1918    -0.0001    0.73067    0.73008          1     8.7550     8.7752       9.96     0.0318  7.290e-01  4.011e+00  5.503e+02     7.2965     7.2903    -0.0063     5.8192     5.8142      9.414      9.620      0.249    1422.95    1422.94  0.000e+00
       1013     10.000     2.1921     2.1922     0.0002    0.73069    0.73011          1     8.7490     8.7723       9.96     0.0330  6.464e-01  3.554e+00  5.499e+02     7.2966     7.2904    -0.0062     5.8192     5.8143      9.909     10.126      0.257    1422.96    1422.95  0.000e+00
       1059     10.500     2.1919     2.1919    -0.0000    0.73069    0.73010          1     8.7622     8.7760       9.95     0.0320  5.687e-01  3.126e+00  5.495e+02     7.2966     7.2903    -0.0063     5.8192     5.8142     10.404     10.633      0.260    1422.97    1422.96  0.000e+00
       1105     11.000     2.1920     2.1917    -0.0003    0.73070    0.73011          1     8.7618     8.7893       9.95     0.0337  4.997e-01  2.741e+00  5.484e+02     7.2966     7.2904    -0.0063     5.8192     5.8142     10.900     11.139      0.267    1422.98    1422.97  0.000e+00
       1151     11.500     2.1921     2.1916    -0.0006    0.73071    0.73011          1     8.7617     8.7830       9.95     0.0337  4.416e-01  2.426e+00  5.494e+02     7.2967     7.2903    -0.0064     5.8193     5.8142     11.395     11.645      0.236    1422.98    1422.97  0.000e+00
       1208     12.000     2.1920     2.1916    -0.0003    0.73071    0.73011          1     8.7606     8.7862       9.95     0.0331  3.880e-01  2.135e+00  5.503e+02     7.2966     7.2903    -0.0063     5.8192     5.8141     11.891     12.152      0.213    1422.99    1422.98  0.000e+00
       1257     12.500     2.1918     2.1895    -0.0023    0.73071    0.72997          1     8.7597     8.7861       9.95     0.0349  3.421e-01  1.883e+00  5.504e+02     7.2966     7.2892    -0.0074     5.8192     5.8133     12.386     12.658      0.267    1423.00    1422.98  0.000e+00
       1306     13.000     2.1909     2.1891    -0.0018    0.73065    0.72993          1     8.7641     8.7824       9.95     0.0348  3.014e-01  1.659e+00  5.504e+02     7.2960     7.2888    -0.0072     5.8187     5.8129     12.882     13.164      0.231    1423.00    1422.98  0.000e+00
       1355     13.500     2.1902     2.1891    -0.0011    0.73059    0.72992          1     8.7581     8.7796       9.95     0.0353  2.649e-01  1.458e+00  5.504e+02     7.2956     7.2886    -0.0070     5.8184     5.8128     13.377     13.671      0.266    1423.01    1422.99  0.000e+00
       1400     14.000     2.1897     2.1895    -0.0002    0.73055    0.72996          1     8.7529     8.7913       9.95     0.0361  2.311e-01  1.272e+00  5.504e+02     7.2952     7.2888    -0.0063     5.8180     5.8130     13.873     14.177      0.257    1423.01    1423.00  0.000e+00
       1449     14.500     2.1897     2.1896    -0.0001    0.73056    0.72998          1     8.7683     8.7949       9.95     0.0381  2.033e-01  1.119e+00  5.504e+02     7.2952     7.2890    -0.0061     5.8181     5.8131     14.368     14.683      0.231    1423.02    1423.01  0.000e+00
       1503     15.000     2.1899     2.1895    -0.0004    0.73057    0.72996          1     8.7682     8.7816       9.95     0.0424  1.772e-01  9.750e-01  5.504e+02     7.2952     7.2888    -0.0064     5.8181     5.8129     14.863     15.190      0.222    1423.03    1423.02  0.000e+00
       1555     15.500     2.1897     2.1896    -0.0001    0.73057    0.73000          1     8.7485     8.7831       9.95     0.0424  1.548e-01  8.518e-01  5.504e+02     7.2952     7.2890    -0.0061     5.8180     5.8131     15.359     15.696      0.235    1423.03    1423.02  0.000e+00
       1607     16.000     2.1901     2.1908     0.0007    0.73063    0.73015          1     8.7512     8.7993       9.95     0.0442  1.360e-01  7.486e-01  5.504e+02     7.2956     7.2903    -0.0053     5.8184     5.8141     15.854     16.202      0.238    1423.04    1423.04  0.000e+00
       1653     16.500     2.1907     2.1913     0.0007    0.73071    0.73018          1     8.7619     8.7875       9.95     0.0439  1.161e-01  6.392e-01  5.504e+02     7.2963     7.2904    -0.0059     5.8189     5.8142     16.350     16.709      0.275    1423.05    1423.05  0.000e+00
       1700     17.000     2.1919     2.1930     0.0011    0.73081    0.73029          1     8.7663     8.7886       9.95     0.0430  1.010e-01  5.561e-01  5.504e+02     7.2970     7.2912    -0.0058     5.8195     5.8148     16.845     17.215      0.230    1423.07    1423.07  0.000e+00
       1752     17.500     2.1928     2.1931     0.0002    0.73087    0.73030          1     8.7555     8.7794       9.95     0.0433  8.709e-02  4.793e-01  5.504e+02     7.2973     7.2912    -0.0061     5.8198     5.8149     17.341     17.721      0.256    1423.08    1423.08  0.000e+00
       1799     18.000     2.1931     2.1925    -0.0006    0.73089    0.73028          1     8.7620     8.7726       9.95     0.0443  7.285e-02  4.019e-01  5.517e+02     7.2975     7.2911    -0.0064     5.8199     5.8148     17.836     18.228      0.232    1423.09    1423.08  0.000e+00
       1855     18.500     2.1933     2.1928    -0.0005    0.73091    0.73030          1     8.7596     8.7776       9.95     0.0441  6.263e-02  3.459e-01  5.524e+02     7.2976     7.2911    -0.0064     5.8200     5.8148     18.331     18.734      0.218    1423.10    1423.09  0.000e+00
       1905     19.000     2.1928     2.1920    -0.0008    0.73088    0.73026          1     8.7708     8.7809       9.95     0.0440  5.172e-02  2.857e-01  5.524e+02     7.2973     7.2908    -0.0065     5.8198     5.8146     18.827     19.240      0.271    1423.11    1423.09  0.000e+00
       1949     19.500     2.1926     2.1921    -0.0005    0.73088    0.73028          1     8.7684     8.7844       9.95     0.0439  4.262e-02  2.354e-01  5.524e+02     7.2973     7.2909    -0.0064     5.8197     5.8146     19.322     19.747      0.245    1423.11    1423.10  0.000e+00
       2002     20.000     2.1927     2.1927    -0.0000    0.73090    0.73031          1     8.7648     8.7777       9.95     0.0440  3.461e-02  1.912e-01  5.524e+02     7.2973     7.2910    -0.0063     5.8198     5.8147     19.818     20.253      0.246    1423.12    1423.11  0.000e+00
       2045     20.500     2.1929     2.1931     0.0002    0.73092    0.73035          1     8.7628     8.7855       9.95     0.0450  2.684e-02  1.483e-01  5.524e+02     7.2974     7.2913    -0.0061     5.8199     5.8150     20.313     20.759      0.277    1423.13    1423.12  0.000e+00
       2093     21.000     2.1933     2.1936     0.0003    0.73095    0.73038          1     8.7554     8.7752       9.95     0.0440  2.006e-02  1.108e-01  5.524e+02     7.2976     7.2915    -0.0061     5.8200     5.8151     20.808     21.266      0.233    1423.14    1423.13  0.000e+00
       2146     21.500     2.1938     2.1936    -0.0002    0.73100    0.73041          1     8.7542     8.7692       9.95     0.0447  1.429e-02  7.893e-02  5.524e+02     7.2980     7.2917    -0.0063     5.8203     5.8153     21.304     21.772      0.234    1423.15    1423.14  0.000e+00
       2193     22.000     2.1939     2.1936    -0.0003    0.73101    0.73042          1     8.7487     8.7724       9.95     0.0430  8.732e-03  4.837e-02  5.540e+02     7.2980     7.2917    -0.0063     5.8203     5.8153     21.799     22.278      0.263    1423.16    1423.15  0.000e+00
       2243     22.500     2.1938     2.1929    -0.0009    0.73102    0.73040          1     8.7612     8.7830       9.95     0.0429  3.995e-03  2.215e-02  5.544e+02     7.2980     7.2916    -0.0064     5.8203     5.8152     22.295     22.785      0.226    1423.17    1423.15  0.000e+00
       2291     23.000     2.1930     2.1914    -0.0016    0.73099    0.73034          1     8.7603     8.7771       9.95     0.0440  3.703e-04  2.053e-03  5.544e+02     7.2978     7.2913    -0.0065     5.8202     5.8149     22.790     23.291      0.285    1423.17    1423.15  0.000e+00
       2335     23.500     2.1923     2.1915    -0.0008    0.73096    0.73033          1     8.7542     8.7704       9.95     0.0439  8.806e-06  4.882e-05  5.544e+02     7.2976     7.2911    -0.0065     5.8200     5.8148     23.286     23.797      0.255    1423.17    1423.16  0.000e+00
       2384     24.000     2.1918     2.1912    -0.0007    0.73094    0.73033          1     8.7539     8.7698       9.95     0.0433  1.804e-13  1.000e-12  5.544e+02     7.2974     7.2910    -0.0064     5.8199     5.8147     23.781     24.303      0.244    1423.18    1423.17  0.000e+00
       2434     24.500     2.1917     2.1917    -0.0001    0.73094    0.73036          1     8.7593     8.7851       9.95     0.0435  1.803e-13  1.000e-12  5.545e+02     7.2974     7.2912    -0.0062     5.8199     5.8149     24.276     24.810      0.240    1423.19    1423.18  0.000e+00
       2482     25.000     2.1927     2.1916    -0.0011    0.73100    0.73037          1     8.7649     8.7826       9.95     0.0434  1.797e-13  1.000e-12  5.564e+02     7.2977     7.2912    -0.0065     5.8201     5.8149     24.772     25.316      0.247    1423.20    1423.19  0.000e+00
       2534     25.500     2.1922     2.1912    -0.0010    0.73098    0.73036          1     8.7666     8.7791       9.95     0.0440  1.797e-13  1.000e-12  5.565e+02     7.2976     7.2912    -0.0064     5.8200     5.8149     25.267     25.822      0.231    1423.20    1423.19  0.000e+00
       2580     26.000     2.1914     2.1917     0.0003    0.73096    0.73038          1     8.7640     8.7738       9.95     0.0445  1.797e-13  1.000e-12  5.565e+02     7.2974     7.2911    -0.0063     5.8199     5.8148     25.762     26.329      0.296    1423.21    1423.20  0.000e+00
       2622     26.500     2.1924     2.1926     0.0002    0.73101    0.73045          1     8.7594     8.7748       9.95     0.0437  1.797e-13  1.000e-12  5.565e+02     7.2977     7.2916    -0.0061     5.8201     5.8152     26.258     26.835      0.254    1423.22    1423.22  0.000e+00
       2674     27.000     2.1931     2.1989     0.0058    0.73105    0.73064          1     8.7586     8.7952       9.95     0.0444  1.797e-13  1.000e-12  5.565e+02     7.2979     7.2922    -0.0057     5.8202     5.8157     26.753     27.341      0.245    1423.23    1423.25  0.000e+00
       2717     27.500     2.1979     2.1992     0.0013    0.73125    0.73073          1     8.7672     8.7902       9.95     0.0437  1.797e-13  1.000e-12  5.565e+02     7.2988     7.2930    -0.0058     5.8210     5.8163     27.249     27.848      0.269    1423.27    1423.26  0.000e+00
       2768     28.000     2.1938     2.1924    -0.0014    0.73108    0.73045          1     8.7609     8.7824       9.95     0.0435  1.792e-13  1.000e-12  5.581e+02     7.2979     7.2915    -0.0064     5.8202     5.8151     27.744     28.354      0.225    1423.25    1423.24  0.000e+00
