ctdpy/exports/archive_20191121_122431/received_data/SBE09_1044_20181112_1105_34_01_0138.cnv
* Sea-Bird SBE 9 Data File:
* FileName = C:\ctd\temp\ar18d138.hex
* Software Version Seasave V 7.26.7.107
* Temperature SN = 5351
* Conductivity SN = 3941
* Number of Bytes Per Scan = 41
* Number of Voltage Words = 4
* Number of Scans Averaged by the Deck Unit = 1
* NMEA Latitude = 58 15.60 N
* NMEA Longitude = 011 26.13 E
* NMEA UTC (Time) = Nov 12 2018  11:05:52
* NMEA baud rate = 4800
** Station:  Slaggo
** Operator:  A-KTh
** Ship: ARANDA
** Average sound velocity: 1488.42 m/s
** True-depth calculation Mon, 12 Nov 2018 14:55:41 +0000
** CTD Python Module SMHI /ver 3-12/ feb 2012 
** LIMS Job: 20183401-0138
** Cruise: SMHI-6-2018
** Latitude [GG MM.mm N]:
** Longitude [GG MM.mm E]
# nquan = 26
# nvalues = 137                         
# units = specified
# name 0 = scan: Scan Count
# name 1 = prDM: Pressure, Digiquartz [db]
# name 2 = t090C: Temperature [ITS-90, deg C]
# name 3 = t190C: Temperature, 2 [ITS-90, deg C]
# name 4 = T2-T190C: Temperature Difference, 2 - 1 [ITS-90, deg C]
# name 5 = c0S/m: Conductivity [S/m]
# name 6 = c1S/m: Conductivity, 2 [S/m]
# name 7 = pumps: Pump Status
# name 8 = sbeox0ML/L: Oxygen, SBE 43 [ml/l]
# name 9 = sbeox1ML/L: Oxygen, SBE 43, 2 [ml/l]
# name 10 = altM: Altimeter [m]
# name 11 = flECO-AFL: Chl-a Fluorescence, WET Labs ECO-AFL/FL [mg/m^3]
# name 12 = flECO-AFL1: Phycocyanin Fluorescence, WET Labs ECO-AFL/FL, 2 [mg/m^3]
# name 13 = par: PAR/Irradiance, Biospherical/Lico [µE/(cm^2*s)]
# name 14 = turbWETntu0: Turbidity, WET Labs ECO [NTU]
# name 15 = sal00: Salinity, Practical [PSU]
# name 16 = sal11: Salinity, Practical, 2 [PSU]
# name 17 = secS-priS: Salinity, Practical, Difference, 2 - 1 [PSU]
# name 18 = sigma-t00: Density [sigma-t, Kg/m^3 ]
# name 19 = sigma-t11: Density, 2 [sigma-t, Kg/m^3 ]
# name 20 = depSM: Depth [salt water, m], lat = 58.26
# name 21 = depFM: Depth [true depth, m], lat = 58.26
# name 22 = dz/dtM: Descent Rate [m/s], WS = 2
# name 23 = svCM: Sound Velocity [Chen-Millero, m/s]
# name 24 = svCM1: Sound Velocity, 2 [Chen-Millero, m/s]
# name 25 = flag: flag
# span 0 =      26790,      30061       
# span 1 =      1.000,     69.000       
# span 2 =     9.8978,    11.8545       
# span 3 =     9.8990,    11.8553       
# span 4 =    -0.0149,     0.0189       
# span 5 =   3.018548,   3.860636       
# span 6 =   3.018604,   3.860735       
# span 7 =          1,          1       
# span 8 =    4.89046,    6.44396       
# span 9 =    4.72565,    6.15826       
# span 10 =       2.63,      98.72      
# span 11 =     0.1034,     2.4521      
# span 12 =     0.1502,     0.5524      
# span 13 = 1.0000e-12, 8.7250e+02      
# span 14 =     0.1921,     2.6970      
# span 15 =    27.1118,    34.2808      
# span 16 =    27.1113,    34.2808      
# span 17 =    -0.0297,     0.0138      
# span 18 =    20.8150,    26.2176      
# span 19 =    20.8144,    26.2174      
# span 20 =      0.991,     68.348      
# span 21 =      0.998,     68.642      
# span 22 =     -0.052,      0.661      
# span 23 =    1479.92,    1495.61      
# span 24 =    1479.93,    1495.62      
# span 25 = 0.0000e+00, 0.0000e+00      
# interval = decibars: 0.5              
# start_time = Nov 12 2018 11:05:53 [NMEA time, first data scan]
# bad_flag = -9.990e-29
*END*
[from data line 56]
      28051     29.000    10.1656    10.1666     0.0010    3.40672    3.40694          1     5.9928     5.7293      36.50     0.2213     0.2363  6.974e-01  0.2580000    30.7622    30.7635     0.0014    23.6179    23.6188     28.729     28.911      0.617    1485.75    1485.76  0.000e+00
      28071     29.500    10.1696    10.1706     0.0010    3.41343    3.41335          1     5.9982     5.7279      41.73     0.2286     0.2063  6.467e-01  0.2684000    30.8257    30.8241    -0.0016    23.6668    23.6654     29.224     29.408      0.612    1485.85    1485.86  0.000e+00
      28091     30.000    10.1719    10.1729     0.0010    3.41683    3.41674          1     5.9952     5.7237      45.04     0.2346     0.2344  5.998e-01  0.2710000    30.8577    30.8559    -0.0018    23.6913    23.6898     29.719     29.906      0.578    1485.91    1485.91  0.000e+00
      28112     30.500    10.1723    10.1734     0.0011    3.41831    3.41837          1     5.9848     5.7147      78.15     0.2249     0.1978  5.521e-01  0.2718000    30.8719    30.8716    -0.0003    23.7024    23.7019     30.214     30.403      0.548    1485.94    1485.94  0.000e+00
      28134     31.000    10.1733    10.1743     0.0010    3.41889    3.41894          1     5.9727     5.7104      83.97     0.2243     0.1799  5.006e-01  0.2851000    30.8766    30.8763    -0.0004    23.7059    23.7054     30.710     30.901      0.551    1485.95    1485.96  0.000e+00
      28156     31.500    10.1759    10.1766     0.0007    3.41963    3.41962          1     5.9586     5.7022      39.21     0.2341     0.2080  4.678e-01  0.2864000    30.8817    30.8810    -0.0007    23.7094    23.7087     31.205     31.398      0.582    1485.98    1485.98  0.000e+00
      28176     32.000    10.1792    10.1798     0.0006    3.42177    3.42157          1     5.9344     5.6855      71.54     0.2174     0.2219  4.287e-01  0.2879000    30.9001    30.8976    -0.0025    23.7232    23.7211     31.700     31.896      0.604    1486.02    1486.02  0.000e+00
      28195     32.500    10.1895    10.1905     0.0011    3.42666    3.42674          1     5.9257     5.6706      64.88     0.2041     0.2301  3.874e-01  0.2955000    30.9401    30.9400    -0.0001    23.7527    23.7524     32.196     32.393      0.594    1486.11    1486.12  0.000e+00
      28216     33.000    10.2108    10.2091    -0.0017    3.43533    3.43440          1     5.8979     5.6366      70.03     0.2113     0.2039  3.495e-01  0.3143000    31.0085    31.0006    -0.0079    23.8024    23.7966     32.691     32.891      0.564    1486.28    1486.27  0.000e+00
      28238     33.500    10.2859    10.2851    -0.0008    3.47036    3.46954          1     5.8496     5.5957      37.12     0.2132     0.1951  3.189e-01  0.3579000    31.2946    31.2870    -0.0076    24.0130    24.0072     33.186     33.388      0.553    1486.91    1486.90  0.000e+00
      28259     34.000    10.3274    10.3254    -0.0020    3.49046    3.48949          1     5.8155     5.5736      36.94     0.2239     0.2273  2.961e-01  0.4100000    31.4596    31.4517    -0.0080    24.1347    24.1288     33.681     33.885      0.569    1487.26    1487.25  0.000e+00
      28280     34.500    10.4363    10.4332    -0.0031    3.52326    3.52275          1     5.7401     5.5087      36.71     0.2001     0.2213  2.669e-01  0.3593000    31.6928    31.6904    -0.0024    24.2980    24.2967     34.177     34.383      0.575    1487.95    1487.93  0.000e+00
      28301     35.000    10.5651    10.5599    -0.0052    3.55742    3.55591          1     5.7062     5.4768      27.02     0.1804     0.1725  2.457e-01  0.3518000    31.9211    31.9106    -0.0105    24.4540    24.4467     34.672     34.880      0.571    1488.69    1488.66  0.000e+00
      28322     35.500    10.6178    10.6171    -0.0008    3.57273    3.57258          1     5.6726     5.4388      35.14     0.1701     0.2051  2.226e-01  0.3692000    32.0273    32.0264    -0.0009    24.5277    24.5272     35.167     35.377      0.578    1489.02    1489.01  0.000e+00
      28343     36.000    10.7850    10.7738    -0.0111    3.61235    3.61034          1     5.5592     5.3406      34.95     0.1792     0.2338  1.970e-01  0.3602000    32.2739    32.2638    -0.0102    24.6909    24.6849     35.663     35.874      0.593    1489.92    1489.86  0.000e+00
      28363     36.500    10.9263    10.9253    -0.0010    3.64600    3.64581          1     5.4801     5.2677      34.65     0.1791     0.2309  1.739e-01  0.4620000    32.4829    32.4818    -0.0011    24.8289    24.8283     36.158     36.371      0.595    1490.68    1490.68  0.000e+00
      28383     37.000    10.9264    10.9254    -0.0010    3.64677    3.64638          1     5.4808     5.2553      34.10     0.1876     0.1790  1.497e-01  0.4891000    32.4902    32.4872    -0.0030    24.8346    24.8324     36.653     36.868      0.584    1490.69    1490.69  0.000e+00
      28404     37.500    11.0289    11.0193    -0.0099    3.67101    3.66897          1     5.4327     5.2116      34.04     0.1818     0.2111  1.337e-01  0.4618000    32.6389    32.6273    -0.0116    24.9322    24.9249     37.148     37.365      0.569    1491.24    1491.20  0.000e+00
      28425     38.000    11.2655    11.2524    -0.0130    3.72492    3.72306          1     5.3366     5.1290      33.29     0.1776     0.2210  1.194e-01  0.4363000    32.9598    32.9532    -0.0066    25.1397    25.1369     37.644     37.861      0.553    1492.47    1492.42  0.000e+00
      28447     38.500    11.3683    11.3644    -0.0040    3.74852    3.74772          1     5.2858     5.0846      32.63     0.1721     0.2165  1.063e-01  0.4489000    33.0999    33.0955    -0.0044    25.2301    25.2274     38.139     38.358      0.547    1493.01    1492.98  0.000e+00
      28469     39.000    11.4300    11.4274    -0.0026    3.76211    3.76167          1     5.2655     5.0641      32.24     0.1475     0.2036  9.453e-02  0.4128000    33.1779    33.1760    -0.0019    25.2795    25.2785     38.634     38.855      0.564    1493.32    1493.31  0.000e+00
      28490     39.500    11.5227    11.5157    -0.0070    3.78064    3.77943          1     5.2406     5.0380      31.81     0.1263     0.1774  8.096e-02  0.3900000    33.2762    33.2706    -0.0056    25.3390    25.3359     39.129     39.352      0.590    1493.77    1493.74  0.000e+00
      28510     40.000    11.6128    11.6102    -0.0026    3.79866    3.79831          1     5.2136     5.0164      31.29     0.1340     0.1778  7.382e-02  0.4189000    33.3714    33.3704    -0.0011    25.3965    25.3961     39.625     39.848      0.605    1494.21    1494.19  0.000e+00
      28530     40.500    11.6356    11.6356     0.0000    3.80329    3.80322          1     5.1975     5.0030      30.77     0.1333     0.1991  6.170e-02  0.4448000    33.3960    33.3953    -0.0007    25.4113    25.4108     40.120     40.345      0.594    1494.32    1494.32  0.000e+00
      28550     41.000    11.6401    11.6411     0.0010    3.80422    3.80439          1     5.1859     4.9932      30.00     0.1259     0.2254  5.159e-02  0.4741000    33.4009    33.4016     0.0007    25.4143    25.4147     40.615     40.842      0.578    1494.35    1494.36  0.000e+00
      28571     41.500    11.6440    11.6444     0.0004    3.80520    3.80516          1     5.1760     4.9841      29.65     0.1260     0.2341  4.002e-02  0.5261000    33.4067    33.4059    -0.0008    25.4181    25.4174     41.110     41.338      0.571    1494.38    1494.38  0.000e+00
      28592     42.000    11.6467    11.6469     0.0002    3.80588    3.80579          1     5.1710     4.9771      29.35     0.1375     0.2084  3.246e-02  0.5729000    33.4106    33.4096    -0.0010    25.4206    25.4198     41.606     41.835      0.557    1494.40    1494.40  0.000e+00
      28614     42.500    11.6541    11.6541     0.0001    3.80742    3.80739          1     5.1726     4.9649      28.55     0.1382     0.2393  2.123e-02  0.6524000    33.4188    33.4185    -0.0003    25.4256    25.4254     42.101     42.332      0.544    1494.44    1494.45  0.000e+00
      28636     43.000    11.6782    11.6758    -0.0024    3.81243    3.81210          1     5.1561     4.9496      28.03     0.1230     0.2069  1.730e-02  0.7515000    33.4458    33.4448    -0.0011    25.4422    25.4418     42.596     42.828      0.563    1494.57    1494.56  0.000e+00
      28657     43.500    11.7050    11.7049    -0.0001    3.81792    3.81786          1     5.1401     4.9386      27.60     0.1137     0.1812  8.901e-03  0.8197000    33.4751    33.4746    -0.0005    25.4600    25.4596     43.091     43.325      0.600    1494.71    1494.71  0.000e+00
      28676     44.000    11.7241    11.7238    -0.0004    3.82164    3.82158          1     5.1325     4.9242      27.04     0.1144     0.1927  2.530e-03  0.8561000    33.4940    33.4938    -0.0002    25.4711    25.4710     43.587     43.821      0.614    1494.80    1494.80  0.000e+00
      28696     44.500    11.7467    11.7457    -0.0009    3.82651    3.82631          1     5.1128     4.9173      26.56     0.1259     0.2063  1.859e-04  0.8446000    33.5210    33.5199    -0.0011    25.4879    25.4872     44.082     44.318      0.597    1494.92    1494.92  0.000e+00
      28717     45.000    11.7781    11.7777    -0.0004    3.83405    3.83405          1     5.1122     4.9182      26.09     0.1073     0.2548  3.853e-06  0.8696000    33.5659    33.5663     0.0004    25.5169    25.5173     44.577     44.815      0.569    1495.09    1495.09  0.000e+00
      28738     45.500    11.8053    11.8056     0.0003    3.83993    3.83994          1     5.1201     4.9188      25.47     0.1181     0.2276  1.000e-12  0.8402000    33.5985    33.5983    -0.0002    25.5372    25.5370     45.072     45.311      0.551    1495.23    1495.23  0.000e+00
      28760     46.000    11.8108    11.8112     0.0004    3.84138    3.84140          1     5.1221     4.9179      25.02     0.1202     0.1806  1.000e-12  0.7757000    33.6075    33.6073    -0.0002    25.5431    25.5429     45.568     45.808      0.557    1495.27    1495.27  0.000e+00
      28781     46.500    11.8141    11.8145     0.0005    3.84391    3.84357          1     5.1248     4.9148      24.53     0.1114     0.1923  1.000e-12  0.7294000    33.6290    33.6253    -0.0037    25.5592    25.5562     46.063     46.304      0.577    1495.32    1495.31  0.000e+00
      28802     47.000    11.8315    11.8332     0.0017    3.84874    3.84909          1     5.1401     4.9197      24.06     0.1034     0.1780  1.000e-12  0.7538000    33.6601    33.6620     0.0019    25.5801    25.5813     46.558     46.801      0.593    1495.42    1495.43  0.000e+00
      28822     47.500    11.8388    11.8391     0.0003    3.85011    3.85019          1     5.1588     4.9255      23.69     0.1256     0.1778  1.000e-12  0.8064000    33.6667    33.6671     0.0004    25.5839    25.5842     47.053     47.298      0.591    1495.46    1495.46  0.000e+00
      28842     48.000    11.8522    11.8516    -0.0007    3.85308    3.85288          1     5.1599     4.9280      23.14     0.1178     0.1905  1.000e-12  0.7280000    33.6832    33.6819    -0.0013    25.5942    25.5933     47.549     47.794      0.572    1495.54    1495.53  0.000e+00
      28864     48.500    11.8545    11.8553     0.0008    3.85645    3.85604          1     5.1338     4.9199      22.48     0.1207     0.1994  1.000e-12  0.6822000    33.7138    33.7090    -0.0048    25.6175    25.6137     48.044     48.291      0.545    1495.59    1495.59  0.000e+00
      28886     49.000    11.8432    11.8466     0.0034    3.86012    3.86010          1     5.0991     4.8967      21.90     0.1266     0.1769  1.000e-12  0.8264000    33.7596    33.7563    -0.0034    25.6553    25.6520     48.539     48.787      0.554    1495.61    1495.62  0.000e+00
      28907     49.500    11.7996    11.8058     0.0063    3.86064    3.86074          1     5.0617     4.8709      21.58     0.1279     0.1629  1.000e-12  1.1751000    33.8040    33.7993    -0.0047    25.6979    25.6931     49.034     49.284      0.597    1495.53    1495.54  0.000e+00
      28926     50.000    11.7430    11.7620     0.0189    3.85919    3.85969          1     5.0423     4.8577      21.15     0.1384     0.1955  1.000e-12  1.7821000    33.8412    33.8288    -0.0124    25.7374    25.7242     49.530     49.780      0.619    1495.38    1495.43  0.000e+00
      28946     50.500    11.7202    11.7228     0.0026    3.85864    3.85866          1     5.0498     4.8614      20.72     0.1289     0.2127  1.000e-12  2.0323000    33.8564    33.8542    -0.0022    25.7534    25.7512     50.025     50.277      0.590    1495.33    1495.34  0.000e+00
      28967     51.000    11.7186    11.7192     0.0006    3.85890    3.85898          1     5.0671     4.8628      20.29     0.1183     0.2072  1.000e-12  1.7792000    33.8602    33.8605     0.0003    25.7567    25.7568     50.520     50.773      0.538    1495.34    1495.34  0.000e+00
      28990     51.500    11.7164    11.7172     0.0008    3.85867    3.85880          1     5.0681     4.8617      19.77     0.1218     0.1502  1.000e-12  1.5211000    33.8597    33.8602     0.0005    25.7567    25.7569     51.015     51.270      0.537    1495.34    1495.34  0.000e+00
      29012     52.000    11.7056    11.7055    -0.0001    3.85855    3.85852          1     5.0659     4.8623      19.24     0.1261     0.2076  1.000e-12  1.4278000    33.8681    33.8679    -0.0002    25.7653    25.7651     51.511     51.766      0.595    1495.32    1495.32  0.000e+00
      29031     52.500    11.6955    11.6992     0.0037    3.85786    3.85793          1     5.0612     4.8579      18.81     0.1260     0.2179  1.000e-12  1.3292000    33.8705    33.8678    -0.0027    25.7689    25.7662     52.006     52.263      0.629    1495.29    1495.30  0.000e+00
      29050     53.000    11.6815    11.6892     0.0073    3.85676    3.85737          1     5.0442     4.8427      18.45     0.1153     0.2110  1.000e-12  1.4723000    33.8723    33.8711    -0.0011    25.7729    25.7706     52.501     52.759      0.601    1495.26    1495.28  0.000e+00
      29071     53.500    11.6505    11.6411    -0.0093    3.85417    3.85335          1     5.0139     4.8172      17.80     0.1072     0.1993  1.000e-12  1.5937000    33.8750    33.8756     0.0006    25.7808    25.7830     52.996     53.256      0.541    1495.16    1495.13  0.000e+00
      29094     54.000    11.6066    11.6014    -0.0051    3.85072    3.85039          1     4.9900     4.7924      17.16     0.1280     0.2316  1.000e-12  1.9892000    33.8811    33.8825     0.0014    25.7937    25.7958     53.491     53.752      0.525    1495.02    1495.01  0.000e+00
      29117     54.500    11.5779    11.5811     0.0033    3.84885    3.84907          1     4.9800     4.7783      16.90     0.1445     0.1918  1.000e-12  2.2330000    33.8887    33.8880    -0.0007    25.8050    25.8038     53.987     54.249      0.573    1494.94    1494.95  0.000e+00
      29136     55.000    11.5474    11.5550     0.0075    3.84672    3.84717          1     4.9743     4.7745      15.98     0.1381     0.1806  1.000e-12  2.1842000    33.8955    33.8930    -0.0025    25.8159    25.8125     54.482     54.745      0.620    1494.86    1494.88  0.000e+00
      29155     55.500    11.5414    11.5388    -0.0025    3.84621    3.84608          1     4.9738     4.7763      15.73     0.1382     0.1895  1.000e-12  2.1433000    33.8959    33.8969     0.0010    25.8173    25.8185     54.977     55.241      0.620    1494.84    1494.83  0.000e+00
      29175     56.000    11.5464    11.5386    -0.0078    3.84657    3.84605          1     4.9692     4.7744      15.41     0.1450     0.2113  1.000e-12  2.1577000    33.8945    33.8966     0.0020    25.8153    25.8183     55.472     55.738      0.568    1494.87    1494.84  0.000e+00
