ctdpy/exports/archive_20191121_122431/received_data/SBE09_0827_20181007_1041_26_01_1035.cnv
* Sea-Bird SBE 9 Data File:
* FileName = D:\CTD_SBE911\DAT\26DA.2018.10.35.hex
* Software Version Seasave V 7.21d
* Temperature SN = 4548
* Conductivity SN = 3062
* Number of Bytes Per Scan = 48
* Number of Voltage Words = 5
* Number of Scans Averaged by the Deck Unit = 1
* NMEA Latitude = 58 29.84 N
* NMEA Longitude = 017 44.78 E
* NMEA UTC (Time) = Oct 07 2018  10:43:48
* NMEA baud rate = 4800
** Ship: DANA
** Average sound velocity: 1437.54 m/s
** True-depth calculation Thu, 28 Mar 2019 12:20:31 +0000
** CTD Python Module SMHI /ver 3-12/ feb 2012 
** LIMS Job: 20182601-1035
** Operator: Christian
** Cruise: 10/2018
# nquan = 26
# nvalues = 165                         
# units = specified
# name 0 = scan: Scan Count
# name 1 = prDM: Pressure, Digiquartz [db]
# name 2 = t090C: Temperature [ITS-90, deg C]
# name 3 = t190C: Temperature, 2 [ITS-90, deg C]
# name 4 = T2-T190C: Temperature Difference, 2 - 1 [ITS-90, deg C]
# name 5 = c0S/m: Conductivity [S/m]
# name 6 = c1S/m: Conductivity, 2 [S/m]
# name 7 = pumps: Pump Status
# name 8 = sbeox1ML/L: Oxygen, SBE 43, 2 [ml/l]
# name 9 = sbeox0ML/L: Oxygen, SBE 43 [ml/l]
# name 10 = altM: Altimeter [m]
# name 11 = chloroflTC0: Chlorophyll, Turner Cyclops [ug/l]
# name 12 = cpar: CPAR/Corrected Irradiance [%]
# name 13 = par: PAR/Irradiance, Biospherical/Lico [µE/(cm^2*s)]
# name 14 = spar: SPAR, Biospherical/Licor
# name 15 = sal00: Salinity, Practical [PSU]
# name 16 = sal11: Salinity, Practical, 2 [PSU]
# name 17 = secS-priS: Salinity, Practical, Difference, 2 - 1 [PSU]
# name 18 = sigma-t00: Density [sigma-t, kg/m^3 ]
# name 19 = sigma-t11: Density, 2 [sigma-t, kg/m^3 ]
# name 20 = depSM: Depth [salt water, m], lat = 58.4973
# name 21 = depFM: Depth [true depth, m], lat = 58.4973
# name 22 = dz/dtM: Descent Rate [m/s], WS = 2
# name 23 = svCM: Sound Velocity [Chen-Millero, m/s]
# name 24 = svCM1: Sound Velocity, 2 [Chen-Millero, m/s]
# name 25 = flag: flag
# span 0 =        155,       8085       
# span 1 =      1.500,     83.500       
# span 2 =     3.7924,     8.2331       
# span 3 =     3.7958,     8.2360       
# span 4 =    -0.1085,     0.2744       
# span 5 =   0.774562,   1.028264       
# span 6 =   0.775076,   1.027287       
# span 7 =          1,          1       
# span 8 =     0.4371,     7.6867       
# span 9 =     0.4204,     7.2175       
# span 10 =       1.13,      10.00      
# span 11 =     0.0159,     0.0321      
# span 12 = -3.631e-06, 1.4850e+00      
# span 13 = -6.237e-05, 2.5485e+01      
# span 14 = 1.7126e+03, 1.7192e+03      
# span 15 =     6.9644,     9.6191      
# span 16 =     6.9644,     9.6108      
# span 17 =    -0.1596,     0.0026      
# span 18 =     5.3085,     7.6011      
# span 19 =     5.3083,     7.5948      
# span 20 =      1.486,     82.706      
# span 21 =      1.520,     84.535      
# span 22 =      0.050,      0.334      
# span 23 =    1430.95,    1448.87      
# span 24 =    1430.98,    1448.87      
# span 25 = 0.0000e+00, 0.0000e+00      
# interval = decibars: 0.5              
# start_time = Oct 07 2018 10:43:49 [NMEA time, first data scan]
# bad_flag = -9.990e-29
*END*
        155      1.500     8.2331     8.2360     0.0029    0.82799    0.82806          1     7.6854     7.1950       9.99     0.0313  1.485e+00  2.548e+01  1.716e+03     6.9644     6.9644     0.0000     5.3085     5.3083      1.486      1.520      0.050    1448.84    1448.86  0.000e+00
        267      2.000     8.2331     8.2342     0.0011    0.82799    0.82802          1     7.6778     7.2061       9.99     0.0310  1.036e+00  1.778e+01  1.716e+03     6.9644     6.9644     0.0000     5.3085     5.3084      1.981      2.026      0.309    1448.86    1448.86  0.000e+00
        312      2.500     8.2287     8.2304     0.0017    0.82794    0.82797          1     7.6790     7.2013       9.99     0.0313  1.104e+00  1.894e+01  1.716e+03     6.9647     6.9647    -0.0000     5.3091     5.3090      2.477      2.533      0.225    1448.85    1448.85  0.000e+00
        364      3.000     8.2303     8.2318     0.0015    0.82797    0.82800          1     7.6860     7.1986       9.99     0.0314  1.019e+00  1.750e+01  1.717e+03     6.9646     6.9645    -0.0001     5.3089     5.3088      2.972      3.039      0.268    1448.86    1448.87  0.000e+00
        410      3.500     8.2304     8.2277    -0.0027    0.82797    0.82795          1     7.6867     7.1929       9.99     0.0313  1.118e+00  1.920e+01  1.717e+03     6.9646     6.9649     0.0003     5.3089     5.3094      3.467      3.546      0.229    1448.87    1448.86  0.000e+00
        466      4.000     8.2135     8.1975    -0.0160    0.82772    0.82749          1     7.6838     7.1952       9.99     0.0317  1.037e+00  1.780e+01  1.716e+03     6.9655     6.9666     0.0011     5.3110     5.3133      3.963      4.053      0.235    1448.81    1448.75  0.000e+00
        517      4.500     8.2080     8.2052    -0.0028    0.82765    0.82763          1     7.6797     7.1995       9.99     0.0310  1.020e+00  1.750e+01  1.716e+03     6.9659     6.9663     0.0003     5.3118     5.3123      4.458      4.559      0.213    1448.79    1448.79  0.000e+00
        570      5.000     8.1927     8.2011     0.0084    0.82741    0.82757          1     7.6778     7.1991       9.99     0.0321  9.938e-01  1.705e+01  1.716e+03     6.9668     6.9665    -0.0002     5.3137     5.3129      4.953      5.066      0.281    1448.74    1448.78  0.000e+00
        613      5.500     8.1868     8.1928     0.0060    0.82734    0.82745          1     7.6735     7.2020       9.99     0.0311  9.504e-01  1.631e+01  1.716e+03     6.9672     6.9671    -0.0001     5.3146     5.3140      5.449      5.572      0.241    1448.73    1448.75  0.000e+00
        665      6.000     8.1810     8.1855     0.0046    0.82726    0.82735          1     7.6782     7.1979       9.99     0.0314  8.834e-01  1.516e+01  1.716e+03     6.9676     6.9676    -0.0001     5.3154     5.3150      5.944      6.079      0.248    1448.71    1448.73  0.000e+00
        710      6.500     8.1851     8.1848    -0.0004    0.82736    0.82735          1     7.6851     7.2146       9.99     0.0305  8.398e-01  1.441e+01  1.716e+03     6.9676     6.9676     0.0001     5.3150     5.3151      6.439      6.586      0.269    1448.74    1448.74  0.000e+00
        761      7.000     8.1476     8.1839     0.0364    0.82671    0.82737          1     7.6580     7.2056      10.00     0.0301  7.554e-01  1.296e+01  1.716e+03     6.9691     6.9679    -0.0013     5.3193     5.3153      6.935      7.092      0.210    1448.59    1448.74  0.000e+00
        815      7.500     8.1351     8.1519     0.0167    0.82654    0.82683          1     7.6718     7.1997      10.00     0.0306  6.771e-01  1.162e+01  1.716e+03     6.9700     6.9693    -0.0006     5.3210     5.3191      7.430      7.599      0.257    1448.55    1448.62  0.000e+00
        861      8.000     8.1461     8.1459    -0.0002    0.82675    0.82674          1     7.6819     7.1960       9.99     0.0310  6.143e-01  1.054e+01  1.716e+03     6.9697     6.9696    -0.0000     5.3199     5.3198      7.925      8.105      0.235    1448.60    1448.60  0.000e+00
        915      8.500     8.1404     8.1378    -0.0026    0.82668    0.82664          1     7.6771     7.2026       9.99     0.0306  5.147e-01  8.833e+00  1.716e+03     6.9701     6.9702     0.0001     5.3207     5.3210      8.421      8.612      0.247    1448.59    1448.58  0.000e+00
        958      9.000     8.1494     8.1499     0.0005    0.82685    0.82686          1     7.6777     7.1967       9.99     0.0305  4.397e-01  7.546e+00  1.716e+03     6.9698     6.9698    -0.0001     5.3197     5.3196      8.916      9.118      0.268    1448.63    1448.64  0.000e+00
       1009      9.500     8.1340     8.1451     0.0111    0.82659    0.82680          1     7.6734     7.1972       9.99     0.0305  3.801e-01  6.523e+00  1.716e+03     6.9704     6.9701    -0.0003     5.3214     5.3203      9.411      9.625      0.220    1448.58    1448.62  0.000e+00
       1060     10.000     8.1132     8.1182     0.0051    0.82625    0.82635          1     7.6699     7.1927       9.99     0.0305  3.371e-01  5.785e+00  1.716e+03     6.9714     6.9714    -0.0000     5.3239     5.3235      9.907     10.132      0.253    1448.50    1448.53  0.000e+00
       1108     10.500     8.1173     8.1132    -0.0042    0.82632    0.82628          1     7.6736     7.1910       9.99     0.0306  2.835e-01  4.865e+00  1.716e+03     6.9712     6.9716     0.0004     5.3234     5.3241     10.402     10.638      0.243    1448.53    1448.51  0.000e+00
       1157     11.000     8.1191     8.1151    -0.0040    0.82639    0.82633          1     7.6733     7.1973       9.99     0.0309  2.275e-01  3.907e+00  1.717e+03     6.9714     6.9717     0.0002     5.3235     5.3240     10.897     11.145      0.254    1448.54    1448.53  0.000e+00
       1203     11.500     8.1247     8.1230    -0.0017    0.82650    0.82648          1     7.6743     7.2064       9.99     0.0312  1.992e-01  3.422e+00  1.718e+03     6.9712     6.9714     0.0002     5.3228     5.3231     11.393     11.651      0.249    1448.58    1448.57  0.000e+00
       1256     12.000     8.0930     8.1038     0.0108    0.82596    0.82618          1     7.6558     7.2175       9.99     0.0314  1.779e-01  3.054e+00  1.716e+03     6.9726     6.9724    -0.0002     5.3265     5.3255     11.888     12.158      0.231    1448.46    1448.50  0.000e+00
       1302     12.500     8.0258     8.0509     0.0252    0.82477    0.82532          1     7.6200     7.2165       9.98     0.0305  1.446e-01  2.482e+00  1.716e+03     6.9751     6.9751    -0.0000     5.3339     5.3319     12.383     12.664      0.276    1448.19    1448.29  0.000e+00
       1350     13.000     7.8572     7.9356     0.0781    0.82212    0.82351          1     7.6156     7.1690       9.98     0.0303  1.300e-01  2.232e+00  1.716e+03     6.9845     6.9815    -0.0030     5.3546     5.3461     12.879     13.171      0.227    1447.52    1447.84  0.000e+00
       1401     13.500     7.8173     7.8492     0.0317    0.82158    0.82214          1     7.6419     7.1510       9.98     0.0298  1.104e-01  1.894e+00  1.716e+03     6.9875     6.9862    -0.0013     5.3601     5.3566     13.374     13.678      0.267    1447.37    1447.50  0.000e+00
       1444     14.000     7.9279     7.8712    -0.0564    0.82349    0.82254          1     7.6482     7.1765       9.98     0.0304  9.403e-02  1.614e+00  1.716e+03     6.9827     6.9854     0.0026     5.3477     5.3542     13.869     14.184      0.252    1447.82    1447.59  0.000e+00
       1497     14.500     7.8821     7.8895     0.0074    0.82272    0.82289          1     7.6206     7.1954       9.98     0.0308  8.074e-02  1.386e+00  1.716e+03     6.9848     6.9849     0.0001     5.3529     5.3524     14.365     14.691      0.226    1447.65    1447.68  0.000e+00
       1546     15.000     7.7639     7.8250     0.0613    0.82087    0.82195          1     7.5834     7.1873       9.98     0.0305  6.860e-02  1.178e+00  1.717e+03     6.9914     6.9891    -0.0023     5.3673     5.3608     14.860     15.197      0.257    1447.18    1447.43  0.000e+00
       1595     15.500     7.6120     7.7193     0.1072    0.81859    0.82037          1     7.5889     7.1417       9.97     0.0305  5.571e-02  9.569e-01  1.718e+03     7.0009     6.9957    -0.0052     5.3863     5.3741     15.355     15.704      0.239    1446.57    1447.01  0.000e+00
       1643     16.000     7.6227     7.6402     0.0175    0.81895    0.81922          1     7.6167     7.1597       9.97     0.0305  4.763e-02  8.174e-01  1.716e+03     7.0021     7.0010    -0.0011     5.3864     5.3843     15.850     16.210      0.264    1446.62    1446.69  0.000e+00
       1688     16.500     7.6712     7.6479    -0.0231    0.81969    0.81941          1     7.5638     7.1684       9.97     0.0305  3.978e-02  6.835e-01  1.718e+03     6.9990     7.0012     0.0021     5.3804     5.3838     16.346     16.717      0.270    1446.83    1446.74  0.000e+00
       1730     17.000     7.4610     7.6059     0.1447    0.81646    0.81884          1     7.5801     7.1378       9.97     0.0296  3.193e-02  5.483e-01  1.717e+03     7.0115     7.0043    -0.0072     5.4058     5.3894     16.841     17.223      0.294    1445.98    1446.57  0.000e+00
       1775     17.500     7.4563     7.4987     0.0425    0.81649    0.81723          1     7.5756     7.1448       9.97     0.0299  2.639e-02  4.530e-01  1.717e+03     7.0127     7.0110    -0.0017     5.4071     5.4026     17.336     17.730      0.234    1445.97    1446.15  0.000e+00
       1827     18.000     7.3964     7.4536     0.0572    0.81562    0.81657          1     7.5645     7.1572       9.97     0.0304  2.036e-02  3.497e-01  1.718e+03     7.0167     7.0140    -0.0027     5.4146     5.4083     17.832     18.236      0.257    1445.74    1445.97  0.000e+00
       1873     18.500     7.3040     7.3753     0.0714    0.81421    0.81541          1     7.5408     7.1357       9.97     0.0301  1.616e-02  2.776e-01  1.718e+03     7.0223     7.0189    -0.0033     5.4255     5.4178     18.327     18.743      0.248    1445.37    1445.66  0.000e+00
       1923     19.000     7.1626     7.2516     0.0889    0.81227    0.81367          1     7.5503     7.1335       9.96     0.0299  1.239e-02  2.129e-01  1.718e+03     7.0329     7.0278    -0.0051     5.4438     5.4336     18.822     19.249      0.239    1444.80    1445.16  0.000e+00
       1968     19.500     7.1038     7.1909     0.0873    0.81156    0.81287          1     7.5273     7.1366       9.96     0.0293  9.300e-03  1.598e-01  1.718e+03     7.0382     7.0327    -0.0055     5.4520     5.4416     19.318     19.756      0.297    1444.57    1444.93  0.000e+00
       2008     20.000     6.9972     7.1001     0.1029    0.80996    0.81163          1     7.5175     7.1252       9.96     0.0290  6.805e-03  1.169e-01  1.718e+03     7.0450     7.0396    -0.0054     5.4645     5.4533     19.813     20.262      0.295    1444.14    1444.56  0.000e+00
       2052     20.500     6.9345     7.0020     0.0675    0.80884    0.81011          1     7.4749     7.1027       9.96     0.0281  4.398e-03  7.557e-02  1.718e+03     7.0473     7.0454    -0.0019     5.4704     5.4645     20.308     20.769      0.256    1443.89    1444.17  0.000e+00
       2102     21.000     6.8235     6.9058     0.0823    0.80728    0.80863          1     7.4589     7.0672       9.96     0.0266  2.350e-03  4.035e-02  1.717e+03     7.0553     7.0511    -0.0042     5.4840     5.4753     20.803     21.275      0.234    1443.44    1443.78  0.000e+00
       2151     21.500     6.7842     6.8503     0.0661    0.80729    0.80803          1     7.5245     7.0479       9.96     0.0256  5.680e-04  9.757e-03  1.718e+03     7.0635     7.0568    -0.0067     5.4929     5.4834     21.299     21.782      0.251    1443.29    1443.56  0.000e+00
       2202     22.000     6.7453     6.7849     0.0397    0.80718    0.80756          1     7.5901     7.1214       9.96     0.0269 -3.631e-06 -6.237e-05  1.718e+03     7.0704     7.0658    -0.0046     5.5008     5.4947     21.794     22.288      0.229    1443.14    1443.30  0.000e+00
       2252     22.500     6.6327     6.7416     0.1090    0.80556    0.80721          1     7.5297     7.1863       9.96     0.0268  5.574e-14  9.574e-13  1.718e+03     7.0782     7.0714    -0.0068     5.5140     5.5018     22.289     22.795      0.252    1442.69    1443.14  0.000e+00
       2295     23.000     6.2952     6.5695     0.2744    0.80064    0.80490          1     7.5170     7.1798       9.96     0.0253  5.827e-14  1.000e-12  1.716e+03     7.1016     7.0851    -0.0165     5.5525     5.5233     22.785     23.301      0.304    1441.29    1442.43  0.000e+00
       2337     23.500     6.1944     6.3655     0.1710    0.79900    0.80196          1     7.4816     7.1851       9.96     0.0235  5.824e-14  1.000e-12  1.717e+03     7.1069     7.0994    -0.0075     5.5624     5.5467     23.280     23.808      0.261    1440.87    1441.59  0.000e+00
       2385     24.000     5.9251     6.1510     0.2256    0.79475    0.79870          1     7.4075     7.1296       9.96     0.0227  5.820e-14  1.000e-12  1.718e+03     7.1226     7.1131    -0.0094     5.5891     5.5696     23.775     24.314      0.261    1439.75    1440.70  0.000e+00
       2429     24.500     5.7315     5.8825     0.1513    0.79192    0.79456          1     7.4046     7.0608       9.96     0.0209  5.827e-14  1.000e-12  1.716e+03     7.1361     7.1297    -0.0064     5.6096     5.5970     24.271     24.821      0.256    1438.94    1439.58  0.000e+00
       2481     25.000     5.6436     5.7197     0.0761    0.79084    0.79217          1     7.4120     7.0866       9.96     0.0203  5.821e-14  1.000e-12  1.718e+03     7.1442     7.1409    -0.0033     5.6203     5.6141     24.766     25.327      0.225    1438.58    1438.90  0.000e+00
       2531     25.500     5.4071     5.5855     0.1783    0.78729    0.79034          1     7.3474     7.0670       9.96     0.0195  5.820e-14  1.000e-12  1.718e+03     7.1599     7.1517    -0.0082     5.6435     5.6290     25.261     25.834      0.260    1437.58    1438.34  0.000e+00
       2575     26.000     5.0677     5.2800     0.2123    0.78235    0.78594          1     7.3622     7.0162       9.96     0.0188  5.821e-14  1.000e-12  1.718e+03     7.1842     7.1738    -0.0104     5.6772     5.6602     25.756     26.340      0.275    1436.13    1437.05  0.000e+00
       2619     26.500     4.9641     5.0825     0.1183    0.78134    0.78322          1     7.3842     6.9792       9.96     0.0180  5.824e-14  1.000e-12  1.717e+03     7.1965     7.1895    -0.0070     5.6910     5.6808     26.252     26.846      0.265    1435.70    1436.21  0.000e+00
       2666     27.000     4.9293     4.9693     0.0403    0.78191    0.78199          1     7.4328     6.9950       9.96     0.0173  5.821e-14  1.000e-12  1.718e+03     7.2096     7.2017    -0.0079     5.7027     5.6949     26.747     27.353      0.255    1435.57    1435.74  0.000e+00
       2714     27.500     4.8443     4.9168     0.0723    0.78209    0.78251          1     7.5073     7.0325       9.96     0.0176  5.823e-14  1.000e-12  1.717e+03     7.2298     7.2181    -0.0116     5.7218     5.7099     27.242     27.859      0.252    1435.23    1435.53  0.000e+00
       2760     28.000     4.7072     4.8004     0.0932    0.78027    0.78179          1     7.4973     7.0799       9.96     0.0180  5.827e-14  1.000e-12  1.716e+03     7.2415     7.2364    -0.0051     5.7360     5.7286     27.738     28.365      0.248    1434.65    1435.05  0.000e+00
       2813     28.500     4.5691     4.6547     0.0857    0.77860    0.77996          1     7.4540     7.0705       9.96     0.0174  5.823e-14  1.000e-12  1.718e+03     7.2551     7.2499    -0.0052     5.7514     5.7444     28.233     28.872      0.218    1434.06    1434.43  0.000e+00
