ctdpy/exports/archive_20191121_122431/received_data/SBE09_0827_20180821_0404_26_01_0820.cnv
* Sea-Bird SBE 9 Data File:
* FileName = D:\CTD_SBE911\DAT\26DA.2018.8.20.hex
* Software Version Seasave V 7.21d
* Temperature SN = 034605
* Conductivity SN = 041844
* Number of Bytes Per Scan = 48
* Number of Voltage Words = 5
* Number of Scans Averaged by the Deck Unit = 1
* NMEA Latitude = 58 49.11 N
* NMEA Longitude = 010 13.46 E
* NMEA UTC (Time) = Aug 21 2018  04:07:05
* NMEA baud rate = 4800
** Ship: DANA
** Average sound velocity: 1488.84 m/s
** True-depth calculation Thu, 28 Mar 2019 09:23:52 +0000
** CTD Python Module SMHI /ver 3-12/ feb 2012 
** LIMS Job: 20182601-0820
**  11 SSE Svenner
** Operator: Christian
** Cruise: 08/2018
# nquan = 26
# nvalues = 394                         
# units = specified
# name 0 = scan: Scan Count
# name 1 = prDM: Pressure, Digiquartz [db]
# name 2 = t090C: Temperature [ITS-90, deg C]
# name 3 = t190C: Temperature, 2 [ITS-90, deg C]
# name 4 = T2-T190C: Temperature Difference, 2 - 1 [ITS-90, deg C]
# name 5 = c0S/m: Conductivity [S/m]
# name 6 = c1S/m: Conductivity, 2 [S/m]
# name 7 = pumps: Pump Status
# name 8 = sbeox1ML/L: Oxygen, SBE 43, 2 [ml/l]
# name 9 = sbeox0ML/L: Oxygen, SBE 43 [ml/l]
# name 10 = altM: Altimeter [m]
# name 11 = chloroflTC0: Chlorophyll, Turner Cyclops [ug/l]
# name 12 = cpar: CPAR/Corrected Irradiance [%]
# name 13 = par: PAR/Irradiance, Biospherical/Lico [µE/(cm^2*s)]
# name 14 = spar: SPAR, Biospherical/Licor
# name 15 = sal00: Salinity, Practical [PSU]
# name 16 = sal11: Salinity, Practical, 2 [PSU]
# name 17 = secS-priS: Salinity, Practical, Difference, 2 - 1 [PSU]
# name 18 = sigma-t00: Density [sigma-t, kg/m^3 ]
# name 19 = sigma-t11: Density, 2 [sigma-t, kg/m^3 ]
# name 20 = depSM: Depth [salt water, m], lat = 58.8185
# name 21 = depFM: Depth [true depth, m], lat = 58.8185
# name 22 = dz/dtM: Descent Rate [m/s], WS = 2
# name 23 = svCM: Sound Velocity [Chen-Millero, m/s]
# name 24 = svCM1: Sound Velocity, 2 [Chen-Millero, m/s]
# name 25 = flag: flag
# span 0 =        -34,      21381       
# span 1 =      1.500,    198.000       
# span 2 =     6.4883,    17.6305       
# span 3 =     6.4981,    17.6495       
# span 4 =    -0.1993,     0.2049       
# span 5 =   3.494649,   4.287740       
# span 6 =   3.500969,   4.289735       
# span 7 =          1,          1       
# span 8 =     2.9874,     6.3401       
# span 9 =     5.4279,     6.2958       
# span 10 =      -3.53,      13.83      
# span 11 =     0.0292,     0.2024      
# span 12 = -4.126e-05, 2.8767e+00      
# span 13 = -4.573e-05, 2.9670e+00      
# span 14 = 1.0308e+02, 2.8913e+02      
# span 15 =    30.5651,    35.1512      
# span 16 =    30.5415,    35.1176      
# span 17 =    -0.2457,     0.1938      
# span 18 =    22.0471,    27.6073      
# span 19 =    22.0358,    27.5775      
# span 20 =      1.486,    196.058      
# span 21 =      1.495,    196.474      
# span 22 =     -0.291,      0.579      
# span 23 =    1479.94,    1512.45      
# span 24 =    1479.94,    1512.54      
# span 25 = 0.0000e+00, 0.0000e+00      
# interval = decibars: 0.5              
# start_time = Aug 21 2018 04:07:05 [NMEA time, first data scan]
# bad_flag = -9.990e-29
*END*
[from data line 223]
       9239    113.000     7.0907     7.0884    -0.0023    3.54191    3.54243          1     5.4518     5.5236       9.97     0.0350  6.347e-13  1.000e-12  1.576e+02    34.9991    35.0072     0.0081    27.4054    27.4121    111.915    112.215      0.503    1480.86    1480.86  0.000e+00
       9264    113.500     7.0896     7.0868    -0.0028    3.54197    3.54246          1     5.4456     5.5108       9.97     0.0350  6.282e-13  1.000e-12  1.592e+02    35.0006    35.0088     0.0082    27.4068    27.4137    112.410    112.711      0.485    1480.87    1480.87  0.000e+00
       9289    114.000     7.0891     7.0872    -0.0019    3.54203    3.54253          1     5.4428     5.5084       9.97     0.0354  6.233e-13  1.000e-12  1.604e+02    35.0015    35.0090     0.0074    27.4076    27.4137    112.905    113.207      0.470    1480.87    1480.88  0.000e+00
       9315    114.500     7.0917     7.0902    -0.0015    3.54247    3.54295          1     5.4345     5.4973       9.97     0.0349  6.233e-13  1.000e-12  1.604e+02    35.0035    35.0102     0.0068    27.4087    27.4143    113.400    113.702      0.456    1480.90    1480.90  0.000e+00
       9341    115.000     7.0951     7.0943    -0.0008    3.54297    3.54345          1     5.4303     5.4894       9.97     0.0331  6.221e-13  1.000e-12  1.608e+02    35.0052    35.0113     0.0060    27.4097    27.4145    113.895    114.198      0.455    1480.92    1480.92  0.000e+00
       9367    115.500     7.0980     7.0967    -0.0013    3.54336    3.54382          1     5.4224     5.4803       9.97     0.0348  6.233e-13  1.000e-12  1.604e+02    35.0064    35.0128     0.0064    27.4102    27.4154    114.390    114.694      0.492    1480.94    1480.94  0.000e+00
       9390    116.000     7.0999     7.0987    -0.0013    3.54364    3.54411          1     5.4130     5.4653       9.97     0.0343  6.312e-13  1.000e-12  1.584e+02    35.0073    35.0136     0.0064    27.4106    27.4158    114.885    115.189      0.528    1480.96    1480.96  0.000e+00
       9413    116.500     7.1008     7.0987    -0.0021    3.54383    3.54425          1     5.3973     5.4577       9.97     0.0349  6.391e-13  1.000e-12  1.565e+02    35.0082    35.0149     0.0067    27.4112    27.4168    115.380    115.685      0.510    1480.97    1480.97  0.000e+00
       9438    117.000     7.0988     7.0958    -0.0030    3.54390    3.54432          1     5.3904     5.4569       9.97     0.0341  6.392e-13  1.000e-12  1.564e+02    35.0107    35.0184     0.0077    27.4135    27.4200    115.875    116.181      0.456    1480.97    1480.97  0.000e+00
       9465    117.500     7.0974     7.0954    -0.0021    3.54391    3.54433          1     5.3866     5.4620       9.97     0.0347  6.326e-13  1.000e-12  1.581e+02    35.0120    35.0186     0.0066    27.4146    27.4202    116.370    116.676      0.474    1480.98    1480.98  0.000e+00
       9489    118.000     7.0929     7.0909    -0.0020    3.54366    3.54420          1     5.3880     5.4581       9.97     0.0343  6.371e-13  1.000e-12  1.570e+02    35.0136    35.0216     0.0080    27.4165    27.4231    116.865    117.172      0.506    1480.97    1480.97  0.000e+00
       9513    118.500     7.0837     7.0779    -0.0058    3.54312    3.54350          1     5.3911     5.4625       9.97     0.0335  6.318e-13  1.000e-12  1.583e+02    35.0167    35.0268     0.0101    27.4203    27.4290    117.360    117.668      0.469    1480.95    1480.94  0.000e+00
       9541    119.000     7.0712     7.0666    -0.0047    3.54230    3.54277          1     5.3962     5.4729       9.97     0.0329  6.237e-13  1.000e-12  1.603e+02    35.0201    35.0300     0.0099    27.4247    27.4332    117.855    118.163      0.419    1480.91    1480.91  0.000e+00
       9569    119.500     7.0569     7.0495    -0.0074    3.54135    3.54180          1     5.3989     5.4805       9.97     0.0340  6.233e-13  1.000e-12  1.604e+02    35.0239    35.0365     0.0126    27.4297    27.4407    118.350    118.659      0.426    1480.87    1480.86  0.000e+00
       9597    120.000     7.0379     7.0321    -0.0058    3.54007    3.54059          1     5.4002     5.4844       9.97     0.0338  6.225e-13  1.000e-12  1.607e+02    35.0289    35.0406     0.0117    27.4363    27.4463    118.845    119.155      0.421    1480.81    1480.80  0.000e+00
       9626    120.500     7.0308     7.0260    -0.0048    3.53964    3.54011          1     5.4034     5.4944       9.97     0.0334  6.133e-13  1.000e-12  1.631e+02    35.0312    35.0413     0.0101    27.4391    27.4477    119.341    119.650      0.414    1480.79    1480.79  0.000e+00
       9654    121.000     7.0249     7.0195    -0.0054    3.53924    3.53968          1     5.4107     5.5046       9.97     0.0336  6.078e-13  1.000e-12  1.645e+02    35.0326    35.0428     0.0102    27.4410    27.4499    119.836    120.146      0.471    1480.78    1480.77  0.000e+00
       9678    121.500     7.0191     7.0137    -0.0054    3.53885    3.53931          1     5.4141     5.4983       9.97     0.0338  6.100e-13  1.000e-12  1.639e+02    35.0339    35.0445     0.0105    27.4429    27.4520    120.331    120.642      0.542    1480.77    1480.76  0.000e+00
       9699    122.000     7.0155     7.0107    -0.0047    3.53865    3.53907          1     5.4120     5.5025       9.97     0.0335  6.162e-13  1.000e-12  1.623e+02    35.0352    35.0446     0.0094    27.4444    27.4525    120.826    121.137      0.566    1480.76    1480.76  0.000e+00
       9721    122.500     7.0151     7.0097    -0.0053    3.53863    3.53899          1     5.4150     5.5154       9.97     0.0330  6.266e-13  1.000e-12  1.596e+02    35.0351    35.0446     0.0094    27.4444    27.4526    121.321    121.633      0.503    1480.77    1480.76  0.000e+00
       9750    123.000     7.0119     7.0083    -0.0036    3.53845    3.53889          1     5.4103     5.5121       9.97     0.0324  6.291e-13  1.000e-12  1.590e+02    35.0360    35.0446     0.0086    27.4456    27.4529    121.816    122.129      0.352    1480.77    1480.77  0.000e+00
       9787    123.500     7.0087     7.0040    -0.0047    3.53825    3.53868          1     5.4327     5.4991       9.97     0.0332  6.117e-13  1.000e-12  1.635e+02    35.0368    35.0464     0.0096    27.4466    27.4548    122.311    122.624      0.380    1480.76    1480.76  0.000e+00
       9813    124.000     7.0009     6.9971    -0.0038    3.53779    3.53826          1     5.4472     5.5165       9.97     0.0346  6.148e-13  1.000e-12  1.627e+02    35.0394    35.0485     0.0091    27.4498    27.4575    122.806    123.120      0.537    1480.75    1480.74  0.000e+00
       9833    124.500     6.9975     6.9949    -0.0026    3.53757    3.53811          1     5.4374     5.5189       9.97     0.0326  6.205e-13  1.000e-12  1.612e+02    35.0402    35.0489     0.0087    27.4509    27.4581    123.301    123.616      0.579    1480.74    1480.74  0.000e+00
       9855    125.000     6.9930     6.9885    -0.0045    3.53729    3.53775          1     5.4256     5.5224       9.97     0.0337  6.283e-13  1.000e-12  1.592e+02    35.0414    35.0512     0.0097    27.4525    27.4608    123.796    124.111      0.504    1480.74    1480.73  0.000e+00
       9884    125.500     6.9886     6.9854    -0.0033    3.53702    3.53749          1     5.4198     5.5222       9.97     0.0341  6.244e-13  1.000e-12  1.602e+02    35.0427    35.0512     0.0085    27.4541    27.4613    124.291    124.607      0.356    1480.73    1480.73  0.000e+00
       9921    126.000     6.9869     6.9850    -0.0019    3.53693    3.53746          1     5.4242     5.5167       9.97     0.0328  6.026e-13  1.000e-12  1.660e+02    35.0433    35.0510     0.0077    27.4548    27.4611    124.786    125.103      0.351    1480.73    1480.73  0.000e+00
       9950    126.500     6.9874     6.9855    -0.0019    3.53709    3.53760          1     5.4329     5.5115       9.97     0.0328  5.931e-13  1.000e-12  1.686e+02    35.0442    35.0518     0.0076    27.4554    27.4617    125.281    125.598      0.478    1480.74    1480.74  0.000e+00
       9973    127.000     6.9872     6.9853    -0.0018    3.53715    3.53764          1     5.4319     5.5131       9.97     0.0320  5.955e-13  1.000e-12  1.679e+02    35.0449    35.0522     0.0073    27.4560    27.4620    125.776    126.094      0.537    1480.75    1480.75  0.000e+00
       9995    127.500     6.9864     6.9837    -0.0027    3.53719    3.53766          1     5.4443     5.5175       9.97     0.0321  6.062e-13  1.000e-12  1.650e+02    35.0458    35.0539     0.0080    27.4569    27.4636    126.271    126.590      0.539    1480.76    1480.76  0.000e+00
      10018    128.000     6.9826     6.9794    -0.0032    3.53701    3.53745          1     5.4491     5.5213       9.97     0.0328  6.188e-13  1.000e-12  1.616e+02    35.0475    35.0555     0.0081    27.4587    27.4655    126.766    127.085      0.517    1480.75    1480.75  0.000e+00
      10042    128.500     6.9796     6.9755    -0.0042    3.53682    3.53723          1     5.4426     5.5189       9.97     0.0330  6.223e-13  1.000e-12  1.607e+02    35.0483    35.0569     0.0086    27.4597    27.4671    127.261    127.581      0.494    1480.75    1480.74  0.000e+00
      10066    129.000     6.9756     6.9712    -0.0043    3.53659    3.53699          1     5.4407     5.5121       9.97     0.0339  6.115e-13  1.000e-12  1.635e+02    35.0495    35.0583     0.0088    27.4613    27.4688    127.756    128.077      0.494    1480.74    1480.74  0.000e+00
      10090    129.500     6.9696     6.9655    -0.0042    3.53623    3.53668          1     5.4455     5.5125       9.97     0.0324  6.079e-13  1.000e-12  1.645e+02    35.0514    35.0605     0.0091    27.4636    27.4713    128.251    128.572      0.519    1480.73    1480.73  0.000e+00
      10112    130.000     6.9639     6.9608    -0.0032    3.53582    3.53628          1     5.4487     5.5207       9.97     0.0316  6.083e-13  1.000e-12  1.644e+02    35.0524    35.0607     0.0083    27.4652    27.4721    128.746    129.068      0.547    1480.72    1480.72  0.000e+00
      10134    130.500     6.9615     6.9579    -0.0036    3.53563    3.53607          1     5.4489     5.5323       9.97     0.0318  6.168e-13  1.000e-12  1.621e+02    35.0525    35.0611     0.0086    27.4656    27.4729    129.241    129.564      0.532    1480.72    1480.71  0.000e+00
      10158    131.000     6.9576     6.9546    -0.0030    3.53533    3.53577          1     5.4513     5.5237       9.97     0.0329  6.233e-13  1.000e-12  1.604e+02    35.0529    35.0608     0.0079    27.4665    27.4731    129.736    130.059      0.486    1480.71    1480.71  0.000e+00
      10184    131.500     6.9512     6.9463    -0.0048    3.53487    3.53531          1     5.4517     5.5176       9.97     0.0333  6.152e-13  1.000e-12  1.626e+02    35.0541    35.0640     0.0099    27.4683    27.4767    130.231    130.555      0.466    1480.70    1480.69  0.000e+00
      10209    132.000     6.9414     6.9380    -0.0034    3.53428    3.53480          1     5.4515     5.5306       9.97     0.0333  6.014e-13  1.000e-12  1.663e+02    35.0574    35.0666     0.0092    27.4722    27.4799    130.726    131.051      0.482    1480.67    1480.67  0.000e+00
      10233    132.500     6.9381     6.9352    -0.0029    3.53412    3.53461          1     5.4431     5.5384       9.97     0.0330  5.939e-13  1.000e-12  1.684e+02    35.0587    35.0671     0.0084    27.4737    27.4807    131.221    131.546      0.514    1480.67    1480.67  0.000e+00
      10256    133.000     6.9373     6.9352    -0.0022    3.53411    3.53458          1     5.4479     5.5385       9.97     0.0329  5.933e-13  1.000e-12  1.686e+02    35.0591    35.0665     0.0075    27.4741    27.4803    131.716    132.042      0.517    1480.67    1480.67  0.000e+00
      10280    133.500     6.9367     6.9344    -0.0022    3.53411    3.53458          1     5.4663     5.5362       9.97     0.0330  5.933e-13  1.000e-12  1.686e+02    35.0596    35.0671     0.0075    27.4746    27.4808    132.211    132.538      0.512    1480.68    1480.68  0.000e+00
      10303    134.000     6.9370     6.9350    -0.0020    3.53415    3.53462          1     5.4683     5.5382       9.97     0.0319  5.933e-13  1.000e-12  1.686e+02    35.0594    35.0666     0.0072    27.4744    27.4804    132.706    133.033      0.515    1480.69    1480.69  0.000e+00
      10326    134.500     6.9372     6.9355    -0.0017    3.53418    3.53464          1     5.4524     5.5375       9.97     0.0319  5.953e-13  1.000e-12  1.680e+02    35.0593    35.0661     0.0068    27.4743    27.4799    133.201    133.529      0.511    1480.70    1480.70  0.000e+00
      10350    135.000     6.9372     6.9351    -0.0021    3.53418    3.53462          1     5.4531     5.5501       9.97     0.0327  5.993e-13  1.000e-12  1.669e+02    35.0591    35.0660     0.0070    27.4741    27.4799    133.696    134.025      0.506    1480.70    1480.71  0.000e+00
      10374    135.500     6.9362     6.9341    -0.0022    3.53416    3.53459          1     5.4581     5.5448       9.97     0.0318  5.933e-13  1.000e-12  1.686e+02    35.0595    35.0664     0.0069    27.4746    27.4804    134.191    134.520      0.518    1480.71    1480.71  0.000e+00
      10396    136.000     6.9363     6.9343    -0.0021    3.53418    3.53460          1     5.4580     5.5289       9.97     0.0317  5.962e-13  1.000e-12  1.677e+02    35.0594    35.0662     0.0067    27.4745    27.4801    134.686    135.016      0.535    1480.72    1480.72  0.000e+00
      10418    136.500     6.9358     6.9338    -0.0020    3.53419    3.53462          1     5.4581     5.5259       9.97     0.0330  6.046e-13  1.000e-12  1.654e+02    35.0598    35.0666     0.0067    27.4749    27.4805    135.181    135.511      0.542    1480.73    1480.73  0.000e+00
      10441    137.000     6.9357     6.9336    -0.0021    3.53429    3.53473          1     5.4612     5.5297       9.97     0.0332  6.152e-13  1.000e-12  1.626e+02    35.0607    35.0678     0.0070    27.4757    27.4815    135.676    136.007      0.541    1480.73    1480.73  0.000e+00
      10463    137.500     6.9353     6.9335    -0.0018    3.53440    3.53480          1     5.4572     5.5405       9.97     0.0334  6.086e-13  1.000e-12  1.643e+02    35.0622    35.0684     0.0063    27.4769    27.4820    136.171    136.503      0.517    1480.74    1480.74  0.000e+00
      10487    138.000     6.9365     6.9354    -0.0011    3.53463    3.53508          1     5.4572     5.5460       9.97     0.0319  6.016e-13  1.000e-12  1.662e+02    35.0632    35.0693     0.0061    27.4775    27.4825    136.666    136.998      0.484    1480.76    1480.76  0.000e+00
      10512    138.500     6.9381     6.9363    -0.0017    3.53486    3.53523          1     5.4582     5.5512       9.97     0.0321  6.005e-13  1.000e-12  1.665e+02    35.0639    35.0697     0.0058    27.4778    27.4826    137.161    137.494      0.478    1480.77    1480.77  0.000e+00
      10537    139.000     6.9392     6.9377    -0.0015    3.53506    3.53543          1     5.4573     5.5536       9.97     0.0317  6.001e-13  1.000e-12  1.666e+02    35.0646    35.0702     0.0056    27.4783    27.4829    137.656    137.990      0.487    1480.79    1480.79  0.000e+00
      10562    139.500     6.9409     6.9395    -0.0014    3.53535    3.53570          1     5.4556     5.5488       9.97     0.0323  5.936e-13  1.000e-12  1.685e+02    35.0659    35.0712     0.0053    27.4790    27.4834    138.151    138.485      0.494    1480.80    1480.80  0.000e+00
      10586    140.000     6.9413     6.9398    -0.0015    3.53543    3.53584          1     5.4662     5.5488       9.97     0.0325  5.870e-13  1.000e-12  1.704e+02    35.0661    35.0722     0.0061    27.4791    27.4842    138.646    138.981      0.503    1480.81    1480.81  0.000e+00
