ctdpy/exports/archive_20191121_122431/received_data/SBE09_0827_20181005_0447_26_01_1013.cnv
* Sea-Bird SBE 9 Data File:
* FileName = D:\CTD_SBE911\DAT\26DA.2018.10.13.hex
* Software Version Seasave V 7.21d
* Temperature SN = 4548
* Conductivity SN = 3062
* Number of Bytes Per Scan = 48
* Number of Voltage Words = 5
* Number of Scans Averaged by the Deck Unit = 1
* NMEA Latitude = 56 07.81 N
* NMEA Longitude = 017 43.91 E
* NMEA UTC (Time) = Oct 05 2018  04:50:10
* NMEA baud rate = 4800
** Ship: DANA
** Average sound velocity: 1450.00 m/s
** True-depth calculation Thu, 28 Mar 2019 12:17:35 +0000
** CTD Python Module SMHI /ver 3-12/ feb 2012 
** LIMS Job: 20182601-1013
** Operator: Christian
** Cruise: 10/2018
# nquan = 26
# nvalues = 126                         
# units = specified
# name 0 = scan: Scan Count
# name 1 = prDM: Pressure, Digiquartz [db]
# name 2 = t090C: Temperature [ITS-90, deg C]
# name 3 = t190C: Temperature, 2 [ITS-90, deg C]
# name 4 = T2-T190C: Temperature Difference, 2 - 1 [ITS-90, deg C]
# name 5 = c0S/m: Conductivity [S/m]
# name 6 = c1S/m: Conductivity, 2 [S/m]
# name 7 = pumps: Pump Status
# name 8 = sbeox1ML/L: Oxygen, SBE 43, 2 [ml/l]
# name 9 = sbeox0ML/L: Oxygen, SBE 43 [ml/l]
# name 10 = altM: Altimeter [m]
# name 11 = chloroflTC0: Chlorophyll, Turner Cyclops [ug/l]
# name 12 = cpar: CPAR/Corrected Irradiance [%]
# name 13 = par: PAR/Irradiance, Biospherical/Lico [µE/(cm^2*s)]
# name 14 = spar: SPAR, Biospherical/Licor
# name 15 = sal00: Salinity, Practical [PSU]
# name 16 = sal11: Salinity, Practical, 2 [PSU]
# name 17 = secS-priS: Salinity, Practical, Difference, 2 - 1 [PSU]
# name 18 = sigma-t00: Density [sigma-t, kg/m^3 ]
# name 19 = sigma-t11: Density, 2 [sigma-t, kg/m^3 ]
# name 20 = depSM: Depth [salt water, m], lat = 56.1302
# name 21 = depFM: Depth [true depth, m], lat = 56.1302
# name 22 = dz/dtM: Descent Rate [m/s], WS = 2
# name 23 = svCM: Sound Velocity [Chen-Millero, m/s]
# name 24 = svCM1: Sound Velocity, 2 [Chen-Millero, m/s]
# name 25 = flag: flag
# span 0 =        -58,       7596       
# span 1 =      1.000,     63.500       
# span 2 =     4.4553,    10.8219       
# span 3 =     4.4556,    10.8227       
# span 4 =    -0.4491,     0.0914       
# span 5 =   0.821010,   0.917550       
# span 6 =   0.820581,   0.917585       
# span 7 =          1,          1       
# span 8 =     6.0670,     7.2447       
# span 9 =     5.6803,     6.7383       
# span 10 =       0.47,       9.97      
# span 11 =     0.0000,     0.0000      
# span 12 = 1.6020e-11, 5.5412e-01      
# span 13 = 1.0000e-12, 2.2506e-02      
# span 14 = 4.0616e+00, 6.1899e+00      
# span 15 =     7.2360,     7.7750      
# span 16 =     7.2364,     7.7749      
# span 17 =    -0.0064,     0.0330      
# span 18 =     5.2602,     6.1673      
# span 19 =     5.2602,     6.1672      
# span 20 =      0.991,     62.912      
# span 21 =      1.013,     64.317      
# span 22 =     -0.324,      0.501      
# span 23 =    1434.75,    1459.68      
# span 24 =    1434.68,    1459.69      
# span 25 = 0.0000e+00, 0.0000e+00      
# interval = decibars: 0.5              
# start_time = Oct 05 2018 04:50:10 [NMEA time, first data scan]
# bad_flag = -9.990e-29
*END*
        -58      1.000    10.8103    10.8041    -0.0061    0.91728    0.91716          1     7.1731     6.7058       9.97     0.0000  5.541e-01  2.251e-02  4.062e+00     7.2382     7.2384     0.0003     5.2631     5.2640      0.991      1.013     -0.010    1459.33    1459.30  0.000e+00
        234      1.500    10.8093    10.8059    -0.0034    0.91726    0.91721          1     7.1858     6.6956       9.97     0.0000  1.501e-01  6.098e-03  4.062e+00     7.2381     7.2384     0.0002     5.2632     5.2638      1.486      1.520      0.421    1459.34    1459.32  0.000e+00
        354      2.000    10.8107    10.8075    -0.0032    0.91730    0.91725          1     7.1880     6.6981       9.97     0.0000  6.907e-03  2.805e-04  4.062e+00     7.2382     7.2384     0.0002     5.2630     5.2636      1.982      2.026      0.294    1459.35    1459.33  0.000e+00
        422      2.500    10.8124    10.8092    -0.0032    0.91734    0.91730          1     7.1822     6.7038       9.97     0.0000  4.580e-09  1.860e-10  4.062e+00     7.2381     7.2384     0.0003     5.2628     5.2634      2.477      2.533      0.276    1459.36    1459.35  0.000e+00
        460      3.000    10.8102    10.8111     0.0009    0.91729    0.91735          1     7.1882     6.6992       9.97     0.0000  2.462e-11  1.000e-12  4.062e+00     7.2381     7.2384     0.0003     5.2630     5.2632      2.973      3.040      0.386    1459.36    1459.36  0.000e+00
        493      3.500    10.8103    10.8083    -0.0020    0.91731    0.91729          1     7.1893     6.7051       9.97     0.0000  2.462e-11  1.000e-12  4.062e+00     7.2381     7.2384     0.0003     5.2630     5.2635      3.468      3.546      0.293    1459.37    1459.36  0.000e+00
        567      4.000    10.8073    10.8059    -0.0013    0.91726    0.91728          1     7.1868     6.7113       9.97     0.0000  2.462e-11  1.000e-12  4.062e+00     7.2382     7.2387     0.0004     5.2635     5.2640      3.964      4.053      0.246    1459.37    1459.36  0.000e+00
        608      4.500    10.8049    10.8064     0.0014    0.91724    0.91733          1     7.1897     6.7129       9.97     0.0000  2.462e-11  1.000e-12  4.062e+00     7.2386     7.2390     0.0005     5.2640     5.2642      4.459      4.559      0.371    1459.37    1459.37  0.000e+00
        637      5.000    10.8042    10.8036    -0.0006    0.91726    0.91729          1     7.1799     6.7067       9.97     0.0000  2.462e-11  1.000e-12  4.062e+00     7.2387     7.2391     0.0004     5.2642     5.2646      4.954      5.066      0.384    1459.37    1459.37  0.000e+00
        698      5.500    10.8035    10.8037     0.0003    0.91692    0.91731          1     7.1776     6.7064       9.97     0.0000  2.462e-11  1.000e-12  4.062e+00     7.2360     7.2392     0.0033     5.2622     5.2647      5.450      5.573      0.276    1459.37    1459.38  0.000e+00
        743      6.000    10.8039    10.8056     0.0018    0.91728    0.91731          1     7.1812     6.7139       9.97     0.0000  2.462e-11  1.000e-12  4.062e+00     7.2389     7.2388    -0.0001     5.2644     5.2641      5.945      6.079      0.462    1459.39    1459.39  0.000e+00
        771      6.500    10.8068    10.8102     0.0033    0.91729    0.91735          1     7.1830     6.7117       9.97     0.0000  2.462e-11  1.000e-12  4.062e+00     7.2384     7.2382    -0.0002     5.2637     5.2631      6.441      6.586      0.314    1459.41    1459.42  0.000e+00
        856      7.000    10.8080    10.8092     0.0012    0.91730    0.91734          1     7.1918     6.7097       9.97     0.0000  2.462e-11  1.000e-12  4.062e+00     7.2381     7.2383     0.0001     5.2633     5.2633      6.936      7.092      0.263    1459.42    1459.42  0.000e+00
        894      7.500    10.8085    10.8101     0.0016    0.91731    0.91736          1     7.1823     6.7128       9.97     0.0000  2.462e-11  1.000e-12  4.062e+00     7.2381     7.2382     0.0001     5.2633     5.2631      7.432      7.599      0.371    1459.43    1459.43  0.000e+00
        930      8.000    10.8093    10.8139     0.0046    0.91732    0.91740          1     7.1860     6.7155       9.97     0.0000  2.462e-11  1.000e-12  4.062e+00     7.2380     7.2377    -0.0003     5.2631     5.2623      7.927      8.106      0.279    1459.44    1459.46  0.000e+00
        979      8.500    10.8141    10.8169     0.0028    0.91737    0.91742          1     7.1861     6.7209       9.97     0.0000  2.462e-11  1.000e-12  4.062e+00     7.2374     7.2373    -0.0001     5.2620     5.2616      8.422      8.612      0.242    1459.46    1459.48  0.000e+00
       1033      9.000    10.8163    10.8170     0.0007    0.91739    0.91742          1     7.1877     6.7170       9.97     0.0000  2.462e-11  1.000e-12  4.062e+00     7.2370     7.2372     0.0002     5.2615     5.2616      8.918      9.119      0.217    1459.48    1459.48  0.000e+00
       1081      9.500    10.8167    10.8170     0.0004    0.91739    0.91743          1     7.1879     6.7157       9.97     0.0000  2.462e-11  1.000e-12  4.062e+00     7.2370     7.2372     0.0003     5.2614     5.2616      9.413      9.625      0.327    1459.49    1459.49  0.000e+00
       1124     10.000    10.8164    10.8148    -0.0017    0.91739    0.91742          1     7.1904     6.7154       9.97     0.0000  2.462e-11  1.000e-12  4.062e+00     7.2369     7.2375     0.0005     5.2614     5.2620      9.909     10.132      0.246    1459.50    1459.49  0.000e+00
       1199     10.500    10.8153    10.8144    -0.0009    0.91739    0.91743          1     7.1871     6.7093       9.97     0.0000  2.462e-11  1.000e-12  4.062e+00     7.2371     7.2376     0.0005     5.2617     5.2622     10.404     10.639      0.350    1459.50    1459.50  0.000e+00
       1226     11.000    10.8141    10.8166     0.0024    0.91738    0.91745          1     7.1855     6.6905       9.97     0.0000  2.462e-11  1.000e-12  4.062e+00     7.2372     7.2373     0.0001     5.2619     5.2617     10.899     11.145      0.398    1459.50    1459.51  0.000e+00
       1271     11.500    10.8152    10.8123    -0.0029    0.91739    0.91742          1     7.1843     6.6961       9.97     0.0000  2.462e-11  1.000e-12  4.062e+00     7.2370     7.2378     0.0008     5.2616     5.2626     11.395     11.652      0.224    1459.52    1459.51  0.000e+00
       1329     12.000    10.8062    10.8063     0.0001    0.91735    0.91740          1     7.1845     6.7102       9.97     0.0000  2.462e-11  1.000e-12  4.062e+00     7.2384     7.2388     0.0004     5.2637     5.2640     11.890     12.158      0.334    1459.49    1459.49  0.000e+00
       1364     12.500    10.8061    10.8065     0.0005    0.91736    0.91740          1     7.1871     6.7068       9.97     0.0000  2.462e-11  1.000e-12  4.062e+00     7.2384     7.2387     0.0003     5.2638     5.2640     12.386     12.665      0.292    1459.50    1459.50  0.000e+00
       1422     13.000    10.8123    10.8151     0.0028    0.91740    0.91746          1     7.1878     6.7130       9.97     0.0000  2.462e-11  1.000e-12  4.062e+00     7.2375     7.2374    -0.0001     5.2624     5.2620     12.881     13.172      0.216    1459.53    1459.54  0.000e+00
       1472     13.500    10.8155    10.8149    -0.0006    0.91743    0.91746          1     7.1939     6.7190       9.97     0.0000  2.462e-11  1.000e-12  4.062e+00     7.2371     7.2375     0.0004     5.2616     5.2620     13.377     13.678      0.276    1459.55    1459.55  0.000e+00
       1513     14.000    10.8130    10.8136     0.0006    0.91742    0.91746          1     7.1843     6.7163       9.97     0.0000  2.462e-11  1.000e-12  4.062e+00     7.2374     7.2377     0.0003     5.2622     5.2623     13.872     14.185      0.294    1459.55    1459.55  0.000e+00
       1559     14.500    10.8168    10.8185     0.0017    0.91745    0.91750          1     7.1871     6.7149       9.97     0.0000  2.462e-11  1.000e-12  4.062e+00     7.2369     7.2369     0.0000     5.2614     5.2612     14.367     14.691      0.233    1459.57    1459.58  0.000e+00
       1610     15.000    10.8213    10.8227     0.0014    0.91748    0.91753          1     7.1834     6.7202       9.97     0.0000  2.462e-11  1.000e-12  4.062e+00     7.2362     7.2364     0.0001     5.2603     5.2602     14.863     15.198      0.298    1459.60    1459.60  0.000e+00
       1642     15.500    10.8219    10.8217    -0.0002    0.91749    0.91753          1     7.1790     6.7082       9.97     0.0000  2.462e-11  1.000e-12  4.062e+00     7.2361     7.2365     0.0004     5.2602     5.2605     15.358     15.705      0.393    1459.61    1459.60  0.000e+00
       1676     16.000    10.8213    10.8223     0.0010    0.91749    0.91754          1     7.1917     6.7045       9.97     0.0000  2.462e-11  1.000e-12  4.062e+00     7.2362     7.2364     0.0002     5.2603     5.2603     15.854     16.211      0.288    1459.61    1459.62  0.000e+00
       1756     16.500    10.8191    10.8178    -0.0014    0.91748    0.91752          1     7.1942     6.7147       9.97     0.0000  2.462e-11  1.000e-12  4.062e+00     7.2365     7.2371     0.0006     5.2607     5.2614     16.349     16.718      0.295    1459.61    1459.61  0.000e+00
       1792     17.000    10.8159    10.8143    -0.0017    0.91747    0.91750          1     7.1899     6.7040       9.97     0.0000  2.462e-11  1.000e-12  4.062e+00     7.2370     7.2376     0.0006     5.2615     5.2622     16.844     17.224      0.410    1459.61    1459.60  0.000e+00
       1826     17.500    10.8146    10.8148     0.0003    0.91747    0.91751          1     7.1825     6.7093       9.97     0.0000  2.462e-11  1.000e-12  4.062e+00     7.2372     7.2375     0.0003     5.2618     5.2620     17.340     17.731      0.264    1459.61    1459.61  0.000e+00
       1899     18.000    10.8153    10.8156     0.0004    0.91748    0.91752          1     7.1882     6.7132       9.97     0.0000  2.462e-11  1.000e-12  4.062e+00     7.2371     7.2374     0.0003     5.2617     5.2619     17.835     18.238      0.281    1459.62    1459.62  0.000e+00
       1934     18.500    10.8145    10.8151     0.0006    0.91748    0.91753          1     7.1857     6.7173       9.97     0.0000  2.462e-11  1.000e-12  4.062e+00     7.2372     7.2375     0.0003     5.2618     5.2620     18.331     18.744      0.429    1459.63    1459.63  0.000e+00
       1960     19.000    10.8153    10.8156     0.0004    0.91750    0.91754          1     7.1773     6.7033       9.97     0.0000  2.462e-11  1.000e-12  4.062e+00     7.2371     7.2374     0.0003     5.2617     5.2619     18.826     19.251      0.395    1459.64    1459.64  0.000e+00
       2045     19.500    10.8172    10.8173     0.0000    0.91752    0.91756          1     7.1795     6.7053       9.97     0.0000  2.462e-11  1.000e-12  4.062e+00     7.2368     7.2372     0.0003     5.2613     5.2615     19.321     19.758      0.321    1459.65    1459.65  0.000e+00
       2087     20.000    10.8152    10.8150    -0.0002    0.91751    0.91755          1     7.1704     6.7041       9.97     0.0000  2.462e-11  1.000e-12  4.062e+00     7.2371     7.2375     0.0004     5.2617     5.2620     19.817     20.264      0.501    1459.65    1459.65  0.000e+00
       2111     20.500    10.8148    10.8151     0.0003    0.91752    0.91756          1     7.1785     6.7113       9.97     0.0000  2.462e-11  1.000e-12  4.062e+00     7.2372     7.2375     0.0003     5.2618     5.2620     20.312     20.771      0.395    1459.66    1459.66  0.000e+00
       2180     21.000    10.8193    10.8200     0.0007    0.91755    0.91758          1     7.1872     6.7279       9.97     0.0000  2.462e-11  1.000e-12  4.062e+00     7.2366     7.2367     0.0002     5.2608     5.2608     20.808     21.277      0.262    1459.68    1459.69  0.000e+00
       2217     21.500    10.8103    10.8112     0.0008    0.91742    0.91749          1     7.1747     6.7178       9.97     0.0000  2.462e-11  1.000e-12  4.062e+00     7.2372     7.2376     0.0003     5.2623     5.2625     21.303     21.784      0.424    1459.66    1459.66  0.000e+00
       2248     22.000    10.7343    10.7214    -0.0128    0.91640    0.91628          1     7.1735     6.7035       9.97     0.0000  2.462e-11  1.000e-12  4.062e+00     7.2434     7.2449     0.0015     5.2760     5.2787     21.798     22.291      0.322    1459.38    1459.34  0.000e+00
       2300     22.500    10.7224    10.7079    -0.0144    0.91637    0.91624          1     7.1848     6.7057       9.97     0.0000  2.462e-11  1.000e-12  4.062e+00     7.2455     7.2472     0.0018     5.2790     5.2821     22.294     22.797      0.205    1459.35    1459.30  0.000e+00
       2356     23.000    10.5862    10.4886    -0.0984    0.91422    0.91302          1     7.1197     6.6662       9.97     0.0000  2.462e-11  1.000e-12  4.062e+00     7.2540     7.2630     0.0090     5.3013     5.3194     22.789     23.304      0.243    1458.85    1458.48  0.000e+00
       2399     23.500    10.4463    10.4053    -0.0411    0.91225    0.91187          1     7.0813     6.6485       9.97     0.0000  2.462e-11  1.000e-12  4.062e+00     7.2648     7.2697     0.0049     5.3255     5.3340     23.285     23.810      0.312    1458.33    1458.18  0.000e+00
       2438     24.000    10.3990    10.3968    -0.0023    0.91152    0.91171          1     7.0763     6.6214       9.97     0.0000  2.462e-11  1.000e-12  4.062e+00     7.2678     7.2700     0.0021     5.3332     5.3351     23.780     24.317      0.280    1458.16    1458.15  0.000e+00
       2490     24.500    10.5206    10.6128     0.0914    0.91369    0.91508          1     7.1780     6.7108       9.97     0.0000  2.462e-11  1.000e-12  4.062e+00     7.2623     7.2559    -0.0064     5.3152     5.2996     24.275     24.823      0.216    1458.63    1458.97  0.000e+00
       2541     25.000    10.3771    10.3630    -0.0124    0.91083    0.91108          1     7.2447     6.7383       9.97     0.0000  2.462e-11  1.000e-12  4.062e+00     7.2662     7.2712     0.0050     5.3343     5.3398     24.771     25.330      0.284    1458.09    1458.04  0.000e+00
       2580     25.500    10.1475     9.7926    -0.3554    0.90708    0.90146          1     6.9831     6.5903       9.97     0.0000  2.462e-11  1.000e-12  4.062e+00     7.2797     7.3022     0.0226     5.3701     5.4252     25.266     25.837      0.306    1457.22    1455.87  0.000e+00
       2622     26.000     9.2135     8.7618    -0.4491    0.88961    0.88289          1     6.7676     6.4415       9.97     0.0000  2.462e-11  1.000e-12  4.062e+00     7.3157     7.3487     0.0330     5.4938     5.5629     25.761     26.343      0.244    1453.61    1451.85  0.000e+00
       2684     26.500     8.6337     8.6015    -0.0333    0.88011    0.88031          1     6.7753     6.4078       9.97     0.0000  2.462e-11  1.000e-12  4.062e+00     7.3501     7.3586     0.0085     5.5755     5.5850     26.257     26.850      0.230    1451.35    1451.23  0.000e+00
       2724     27.000     8.5516     8.5350    -0.0168    0.87908    0.87942          1     6.7888     6.3915       9.97     0.0000  2.462e-11  1.000e-12  4.062e+00     7.3578     7.3644     0.0066     5.5888     5.5955     26.752     27.356      0.378    1451.03    1450.97  0.000e+00
       2759     27.500     8.4996     8.4910    -0.0085    0.87861    0.87903          1     6.8026     6.3833       9.97     0.0000  2.462e-11  1.000e-12  4.062e+00     7.3644     7.3699     0.0055     5.5986     5.6037     27.248     27.862      0.265    1450.84    1450.81  0.000e+00
       2817     28.000     8.4833     8.4738    -0.0095    0.87894    0.87922          1     6.8047     6.3767       9.97     0.0000  2.462e-11  1.000e-12  4.062e+00     7.3707     7.3752     0.0045     5.6049     5.6093     27.743     28.369      0.277    1450.79    1450.76  0.000e+00
