ctdpy/exports/archive_20191121_122431/received_data/SBE09_0827_20180824_1010_26_01_0884.cnv
* Sea-Bird SBE 9 Data File:
* FileName = D:\CTD_SBE911\DAT\26DA.2018.8.84.hex
* Software Version Seasave V 7.21d
* Temperature SN = 034605
* Conductivity SN = 041844
* Number of Bytes Per Scan = 48
* Number of Voltage Words = 5
* Number of Scans Averaged by the Deck Unit = 1
* NMEA Latitude = 58 00.68 N
* NMEA Longitude = 010 51.47 E
* NMEA UTC (Time) = Aug 24 2018  10:12:24
* NMEA baud rate = 4800
** Ship: DANA
** Average sound velocity: 1488.80 m/s
** True-depth calculation Thu, 28 Mar 2019 09:26:37 +0000
** CTD Python Module SMHI /ver 3-12/ feb 2012 
** LIMS Job: 20182601-0884
**  GROPEN VÆST
** Operator: Christian
** Cruise: 08/2018
# nquan = 26
# nvalues = 375                         
# units = specified
# name 0 = scan: Scan Count
# name 1 = prDM: Pressure, Digiquartz [db]
# name 2 = t090C: Temperature [ITS-90, deg C]
# name 3 = t190C: Temperature, 2 [ITS-90, deg C]
# name 4 = T2-T190C: Temperature Difference, 2 - 1 [ITS-90, deg C]
# name 5 = c0S/m: Conductivity [S/m]
# name 6 = c1S/m: Conductivity, 2 [S/m]
# name 7 = pumps: Pump Status
# name 8 = sbeox1ML/L: Oxygen, SBE 43, 2 [ml/l]
# name 9 = sbeox0ML/L: Oxygen, SBE 43 [ml/l]
# name 10 = altM: Altimeter [m]
# name 11 = chloroflTC0: Chlorophyll, Turner Cyclops [ug/l]
# name 12 = cpar: CPAR/Corrected Irradiance [%]
# name 13 = par: PAR/Irradiance, Biospherical/Lico [µE/(cm^2*s)]
# name 14 = spar: SPAR, Biospherical/Licor
# name 15 = sal00: Salinity, Practical [PSU]
# name 16 = sal11: Salinity, Practical, 2 [PSU]
# name 17 = secS-priS: Salinity, Practical, Difference, 2 - 1 [PSU]
# name 18 = sigma-t00: Density [sigma-t, kg/m^3 ]
# name 19 = sigma-t11: Density, 2 [sigma-t, kg/m^3 ]
# name 20 = depSM: Depth [salt water, m], lat = 58.0113
# name 21 = depFM: Depth [true depth, m], lat = 58.0113
# name 22 = dz/dtM: Descent Rate [m/s], WS = 2
# name 23 = svCM: Sound Velocity [Chen-Millero, m/s]
# name 24 = svCM1: Sound Velocity, 2 [Chen-Millero, m/s]
# name 25 = flag: flag
# span 0 =        143,      16801       
# span 1 =      1.500,    188.500       
# span 2 =     6.5809,    17.4775       
# span 3 =     6.5807,    17.4683       
# span 4 =    -0.2836,     1.2332       
# span 5 =   3.508051,   4.325748       
# span 6 =   3.508304,   4.325328       
# span 7 =          1,          1       
# span 8 =     5.3932,     6.7874       
# span 9 =     5.4569,     6.7866       
# span 10 =       3.24,      10.31      
# span 11 =     0.0270,     0.2246      
# span 12 = 7.9937e-14, 9.8239e+00      
# span 13 = 1.0000e-12, 1.2623e+02      
# span 14 = 9.8229e+02, 1.2858e+03      
# span 15 =    31.3082,    35.1865      
# span 16 =    31.3110,    35.1899      
# span 17 =    -0.4315,     0.2220      
# span 18 =    22.6049,    27.5644      
# span 19 =    22.6074,    27.5660      
# span 20 =      1.486,    186.668      
# span 21 =      1.494,    187.029      
# span 22 =     -0.037,      0.715      
# span 23 =    1479.85,    1512.56      
# span 24 =    1479.89,    1512.57      
# span 25 = 0.0000e+00, 0.0000e+00      
# interval = decibars: 0.5              
# start_time = Aug 24 2018 10:12:24 [NMEA time, first data scan]
# bad_flag = -9.990e-29
*END*
[from data line 56]
       2931     29.500    17.3418    17.4063     0.0645    4.32359    4.32519          1     5.7161     5.4911       9.98     0.1629  1.796e-01  2.209e+00  1.230e+03    33.2591    33.2199    -0.0392    24.0977    24.0523     29.225     29.364      0.274    1512.35    1512.50  0.000e+00
       2973     30.000    17.3181    17.3932     0.0751    4.32205    4.32508          1     5.7406     5.5122       9.98     0.1644  1.695e-01  2.079e+00  1.226e+03    33.2653    33.2295    -0.0357    24.1080    24.0628     29.720     29.862      0.276    1512.29    1512.48  0.000e+00
       3022     30.500    17.3175    17.3621     0.0447    4.32244    4.32459          1     5.7386     5.5009       9.98     0.1653  1.594e-01  1.955e+00  1.226e+03    33.2689    33.2507    -0.0182    24.1110    24.0864     30.215     30.359      0.228    1512.31    1512.42  0.000e+00
       3071     31.000    17.3186    17.3357     0.0171    4.32307    4.32376          1     5.7552     5.5138       9.98     0.1652  1.505e-01  1.847e+00  1.227e+03    33.2732    33.2651    -0.0081    24.1140    24.1037     30.710     30.856      0.285    1512.32    1512.37  0.000e+00
       3114     31.500    17.2587    17.3275     0.0688    4.31842    4.32355          1     5.7647     5.5161       9.98     0.1705  1.406e-01  1.716e+00  1.221e+03    33.2823    33.2698    -0.0125    24.1352    24.1093     31.206     31.354      0.237    1512.16    1512.35  0.000e+00
       3168     32.000    17.2082    17.3041     0.0959    4.31494    4.32254          1     5.7683     5.5286       9.97     0.1704  1.306e-01  1.586e+00  1.214e+03    33.2937    33.2802    -0.0135    24.1559    24.1228     31.701     31.851      0.272    1512.03    1512.30  0.000e+00
       3204     32.500    17.1671    17.2720     0.1049    4.31282    4.32062          1     5.7546     5.5534       9.97     0.1767  1.222e-01  1.482e+00  1.212e+03    33.3091    33.2899    -0.0193    24.1775    24.1378     32.196     32.348      0.333    1511.93    1512.23  0.000e+00
       3248     33.000    17.1427    17.2331     0.0903    4.31228    4.31811          1     5.7506     5.5346       9.97     0.1829  1.150e-01  1.397e+00  1.214e+03    33.3244    33.3001    -0.0242    24.1949    24.1549     32.692     32.845      0.230    1511.89    1512.13  0.000e+00
       3302     33.500    17.1284    17.1840     0.0557    4.31165    4.31537          1     5.7651     5.5458       9.97     0.1790  1.079e-01  1.320e+00  1.223e+03    33.3307    33.3168    -0.0139    24.2031    24.1793     33.187     33.343      0.267    1511.86    1512.01  0.000e+00
       3339     34.000    17.1167    17.1685     0.0518    4.31109    4.31450          1     5.7824     5.5351       9.97     0.1797  1.014e-01  1.254e+00  1.236e+03    33.3353    33.3219    -0.0133    24.2094    24.1869     33.682     33.840      0.342    1511.84    1511.98  0.000e+00
       3379     34.500    17.0945    17.1527     0.0582    4.30968    4.31379          1     5.7938     5.5480       9.97     0.1864  9.531e-02  1.191e+00  1.250e+03    33.3412    33.3287    -0.0125    24.2192    24.1958     34.177     34.337      0.236    1511.79    1511.95  0.000e+00
       3441     35.000    17.0488    17.1118     0.0629    4.30698    4.31184          1     5.7755     5.5650       9.97     0.1794  8.996e-02  1.126e+00  1.252e+03    33.3554    33.3454    -0.0100    24.2409    24.2183     34.673     34.834      0.270    1511.67    1511.85  0.000e+00
       3476     35.500    16.9785    17.0851     0.1067    4.30256    4.31039          1     5.7826     5.6002       9.97     0.1781  8.409e-02  1.055e+00  1.255e+03    33.3753    33.3548    -0.0205    24.2727    24.2319     35.168     35.331      0.333    1511.49    1511.79  0.000e+00
       3523     36.000    16.8849    17.0506     0.1657    4.29682    4.30844          1     5.8240     5.6459       9.97     0.1700  7.836e-02  9.882e-01  1.261e+03    33.4030    33.3663    -0.0367    24.3158    24.2488     35.663     35.829      0.215    1511.25    1511.71  0.000e+00
       3576     36.500    16.6847    16.9623     0.2776    4.28266    4.30336          1     5.8394     5.7301       9.97     0.1565  7.344e-02  9.317e-01  1.269e+03    33.4462    33.3953    -0.0510    24.3957    24.2917     36.159     36.326      0.287    1510.70    1511.48  0.000e+00
       3613     37.000    16.4542    16.8792     0.4250    4.26788    4.29873          1     5.8799     5.8146       9.97     0.1596  6.830e-02  8.700e-01  1.274e+03    33.5097    33.4240    -0.0857    24.4978    24.3333     36.654     36.823      0.305    1510.08    1511.27  0.000e+00
       3662     37.500    16.3348    16.7078     0.3730    4.26073    4.28836          1     5.9091     5.8577       9.97     0.1612  6.372e-02  8.122e-01  1.274e+03    33.5470    33.4764    -0.0707    24.5538    24.4134     37.149     37.320      0.219    1509.77    1510.82  0.000e+00
       3709     38.000    16.0923    16.5323     0.4399    4.24527    4.27686          1     5.9689     5.8970       9.97     0.1626  5.930e-02  7.539e-01  1.271e+03    33.6151    33.5225    -0.0925    24.6615    24.4896     37.644     37.817      0.322    1509.11    1510.35  0.000e+00
       3750     38.500    15.5677    16.3608     0.7931    4.21113    4.26726          1     6.0341     6.1105       9.97     0.1560  5.457e-02  6.946e-01  1.273e+03    33.7580    33.5822    -0.1757    24.8893    24.5749     38.140     38.314      0.242    1507.65    1509.90  0.000e+00
       3802     39.000    15.0734    15.9580     0.8846    4.18647    4.24417          1     6.1039     6.2462       9.97     0.1493  5.043e-02  6.399e-01  1.269e+03    33.9620    33.7190    -0.2430    25.1556    24.7718     38.635     38.811      0.261    1506.34    1508.83  0.000e+00
       3847     39.500    14.6722    15.7345     1.0626    4.15029    4.23085          1     6.1981     6.3661       9.97     0.1455  4.637e-02  5.865e-01  1.265e+03    33.9821    33.7910    -0.1911    25.2581    24.8776     39.130     39.308      0.251    1505.10    1508.23  0.000e+00
       3895     40.000    14.3614    15.2379     0.8766    4.12643    4.20213          1     6.2660     6.4085       9.97     0.1474  4.272e-02  5.383e-01  1.260e+03    34.0357    33.9606    -0.0751    25.3658    25.1185     39.625     39.804      0.257    1504.17    1506.88  0.000e+00
       3945     40.500    14.0133    14.8809     0.8676    4.10184    4.17535          1     6.4061     6.3862       9.97     0.1479  3.874e-02  4.844e-01  1.250e+03    34.1156    34.0281    -0.0875    25.5008    25.2485     40.121     40.301      0.233    1503.15    1505.83  0.000e+00
       3990     41.000    13.8028    14.4801     0.6771    4.09752    4.14660          1     6.4932     6.4434       9.97     0.1426  3.529e-02  4.394e-01  1.245e+03    34.2626    34.1164    -0.1462    25.6583    25.4029     40.616     40.797      0.302    1502.64    1504.67  0.000e+00
       4036     41.500    13.5585    14.1655     0.6072    4.08162    4.12667          1     6.5421     6.3762       9.97     0.1524  3.176e-02  3.954e-01  1.245e+03    34.3324    34.2105    -0.1219    25.7624    25.5422     41.111     41.294      0.229    1501.93    1503.77  0.000e+00
       4085     42.000    13.1536    13.7464     0.5927    4.05277    4.09987          1     6.5660     6.5087       9.97     0.1433  2.859e-02  3.525e-01  1.233e+03    34.4254    34.3347    -0.0908    25.9168    25.7256     41.606     41.790      0.297    1500.72    1502.56  0.000e+00
       4125     42.500    13.4066    13.5987     0.1921    4.09319    4.09014          1     6.5572     6.3887       9.97     0.1330  2.556e-02  3.120e-01  1.221e+03    34.5782    34.3760    -0.2022    25.9839    25.7881     42.102     42.287      0.257    1501.74    1502.13  0.000e+00
       4178     43.000    13.3070    13.4380     0.1310    4.08981    4.08550          1     6.5711     6.3178       9.97     0.1323  2.287e-02  2.781e-01  1.216e+03    34.6367    34.4772    -0.1595    26.0494    25.8993     42.597     42.783      0.237    1501.49    1501.73  0.000e+00
       4222     43.500    13.1885    13.3960     0.2074    4.08073    4.09090          1     6.5462     6.3157       9.97     0.1287  2.047e-02  2.488e-01  1.215e+03    34.6585    34.5659    -0.0926    26.0904    25.9765     43.092     43.279      0.281    1501.13    1501.71  0.000e+00
       4267     44.000    13.0145    13.3248     0.3104    4.06816    4.09085          1     6.5182     6.2933       9.97     0.1248  1.829e-02  2.226e-01  1.217e+03    34.6981    34.6299    -0.0682    26.1561    26.0406     43.588     43.776      0.254    1500.61    1501.56  0.000e+00
       4318     44.500    12.9076    13.2496     0.3419    4.06090    4.08883          1     6.4660     6.2980       9.97     0.1156  1.592e-02  1.928e-01  1.211e+03    34.7266    34.6792    -0.0475    26.1996    26.0940     44.083     44.272      0.241    1500.30    1501.38  0.000e+00
       4362     45.000    12.8511    13.1446     0.2935    4.05740    4.08212          1     6.4638     6.2867       9.97     0.1121  1.389e-02  1.660e-01  1.195e+03    34.7450    34.7113    -0.0337    26.2250    26.1401     44.578     44.768      0.285    1500.14    1501.08  0.000e+00
       4411     45.500    12.6213    13.0237     0.4023    4.03715    4.07448          1     6.4703     6.3987       9.97     0.1056  1.191e-02  1.413e-01  1.186e+03    34.7624    34.7491    -0.0132    26.2840    26.1937     45.073     45.265      0.216    1499.40    1500.73  0.000e+00
       4462     46.000    12.0481    12.7731     0.7251    3.97396    4.05526          1     6.4550     6.5103       9.97     0.0979  1.013e-02  1.197e-01  1.182e+03    34.6812    34.7960     0.1148    26.3316    26.2801     45.569     45.761      0.285    1497.36    1499.95  0.000e+00
       4504     46.500    11.3837    12.6169     1.2332    3.90142    4.04046          1     6.4687     6.7213       9.97     0.1012  8.448e-03  9.907e-02  1.172e+03    34.5899    34.7979     0.2080    26.3860    26.3124     46.064     46.257      0.268    1494.98    1499.44  0.000e+00
       4554     47.000    11.1428    12.1658     1.0225    3.87492    3.99483          1     6.5522     6.7707       9.97     0.1078  6.822e-03  7.950e-02  1.165e+03    34.5531    34.7750     0.2220    26.4015    26.3825     46.559     46.753      0.223    1494.11    1497.90  0.000e+00
       4605     47.500    10.9416    11.6866     0.7451    3.85468    3.94500          1     6.6634     6.7866       9.97     0.1012  5.246e-03  6.105e-02  1.164e+03    34.5405    34.7353     0.1949    26.4282    26.4428     47.054     47.249      0.261    1493.40    1496.22  0.000e+00
       4648     48.000    10.8769    11.4141     0.5376    3.85046    3.91587          1     6.7093     6.7811       9.97     0.0945  3.913e-03  4.550e-02  1.163e+03    34.5590    34.7037     0.1447    26.4542    26.4690     47.550     47.745      0.274    1493.20    1495.25  0.000e+00
       4696     48.500    10.8723    11.1118     0.2394    3.85286    3.88176          1     6.7358     6.7368       9.97     0.0861  2.604e-03  3.039e-02  1.168e+03    34.5873    34.6496     0.0623    26.4771    26.4823     48.045     48.242      0.239    1493.23    1494.14  0.000e+00
       4744     49.000    10.8376    10.9890     0.1515    3.85560    3.86792          1     6.7874     6.7028       9.97     0.0823  1.365e-03  1.600e-02  1.172e+03    34.6472    34.6273    -0.0199    26.5300    26.4873     48.540     48.738      0.262    1493.18    1493.69  0.000e+00
       4795     49.500    10.8539    10.9268     0.0729    3.86178    3.86339          1     6.7834     6.6808       9.97     0.0771  1.803e-04  2.117e-03  1.173e+03    34.6935    34.6407    -0.0528    26.5632    26.5089     49.035     49.234      0.225    1493.31    1493.50  0.000e+00
       4843     50.000    10.8992    10.8873    -0.0122    3.86844    3.86311          1     6.7698     6.6703       9.97     0.0806  8.708e-07  1.023e-05  1.170e+03    34.7170    34.6750    -0.0420    26.5733    26.5428     49.531     49.730      0.267    1493.50    1493.41  0.000e+00
       4890     50.500    11.0695    10.8909    -0.1784    3.89531    3.86548          1     6.7239     6.5690       9.97     0.0789  8.573e-14  1.000e-12  1.166e+03    34.8237    34.6951    -0.1287    26.6257    26.5577     50.026     50.226      0.234    1494.23    1493.45  0.000e+00
       4944     51.000    11.0391    10.9477    -0.0914    3.89444    3.87513          1     6.6844     6.4739       9.97     0.0793  8.607e-14  1.000e-12  1.162e+03    34.8438    34.7375    -0.1062    26.6467    26.5805     50.521     50.722      0.239    1494.16    1493.71  0.000e+00
       4989     51.500    10.7945    11.0156     0.2211    3.87577    3.88742          1     6.6669     6.3996       9.97     0.0745  8.653e-14  1.000e-12  1.156e+03    34.8894    34.7957    -0.0937    26.7265    26.6136     51.016     51.218      0.265    1493.37    1494.03  0.000e+00
       5038     52.000    10.6507    10.9857     0.3350    3.86432    3.88987          1     6.6116     6.3964       9.97     0.0694  8.673e-14  1.000e-12  1.153e+03    34.9115    34.8484    -0.0631    26.7694    26.6601     51.512     51.714      0.242    1492.90    1494.00  0.000e+00
       5087     52.500    10.5643    10.8479     0.2836    3.85687    3.88249          1     6.5588     6.3845       9.97     0.0689  8.645e-14  1.000e-12  1.157e+03    34.9188    34.9055    -0.0133    26.7904    26.7294     52.007     52.210      0.241    1492.61    1493.59  0.000e+00
       5136     53.000    10.4550    10.7084     0.2536    3.84918    3.87278          1     6.4687     6.3030       9.97     0.0646  8.623e-14  1.000e-12  1.160e+03    34.9458    34.9409    -0.0049    26.8307    26.7820     52.502     52.706      0.254    1492.26    1493.15  0.000e+00
       5187     53.500    10.1952    10.6048     0.4095    3.82673    3.86376          1     6.4586     6.2746       9.97     0.0640  8.614e-14  1.000e-12  1.161e+03    34.9677    34.9491    -0.0186    26.8931    26.8068     52.997     53.202      0.221    1491.37    1492.80  0.000e+00
       5236     54.000     9.9324    10.3744     0.4420    3.80204    3.84715          1     6.3770     6.2124       9.97     0.0632  8.579e-14  1.000e-12  1.166e+03    34.9693    35.0023     0.0330    26.9396    26.8889     53.493     53.698      0.270    1490.44    1492.06  0.000e+00
       5288     54.500     9.7806    10.1770     0.3966    3.78843    3.82953          1     6.3208     6.2058       9.97     0.0631  8.541e-14  1.000e-12  1.171e+03    34.9767    35.0134     0.0367    26.9711    26.9319     53.988     54.194      0.209    1489.91    1491.38  0.000e+00
       5339     55.000     9.7335     9.9256     0.1921    3.78396    3.80758          1     6.2718     6.2113       9.97     0.0597  8.564e-14  1.000e-12  1.168e+03    34.9763    35.0324     0.0561    26.9788    26.9900     54.483     54.690      0.295    1489.75    1490.51  0.000e+00
       5382     55.500     9.6814     9.8350     0.1537    3.77896    3.79760          1     6.2443     6.2166       9.97     0.0610  8.628e-14  1.000e-12  1.159e+03    34.9753    35.0177     0.0425    26.9867    26.9940     54.978     55.186      0.244    1489.57    1490.17  0.000e+00
       5432     56.000     9.6092     9.7420     0.1326    3.77220    3.78854          1     6.2203     6.2003       9.97     0.0618  8.698e-14  1.000e-12  1.150e+03    34.9755    35.0148     0.0393    26.9990    27.0074     55.473     55.681      0.279    1489.31    1489.84  0.000e+00
       5471     56.500     9.5474     9.6949     0.1475    3.76649    3.78357          1     6.2064     6.1803       9.97     0.0624  8.746e-14  1.000e-12  1.143e+03    34.9765    35.0092     0.0327    27.0101    27.0110     55.969     56.177      0.285    1489.10    1489.67  0.000e+00
