ctdpy/exports/archive_20191121_122431/received_data/SBE09_0827_20181124_1003_26_01_1234.cnv
* Sea-Bird SBE 9 Data File:
* FileName = D:\CTD_SBE911\DAT\26DA.2018.12.34.hex
* Software Version Seasave V 7.21d
* Temperature SN = 4548
* Conductivity SN = 3062
* Number of Bytes Per Scan = 48
* Number of Voltage Words = 5
* Number of Scans Averaged by the Deck Unit = 1
* NMEA Latitude = 57 53.06 N
* NMEA Longitude = 019 27.78 E
* NMEA UTC (Time) = Nov 24 2018  10:04:17
* NMEA baud rate = 4800
** Ship: DANA
** Average sound velocity: 1443.36 m/s
** True-depth calculation Tue, 02 Apr 2019 12:14:02 +0000
** CTD Python Module SMHI /ver 3-12/ feb 2012 
** LIMS Job: 20182601-1234
** Operator: Ronny
** Cruise: 12/2018
# nquan = 26
# nvalues = 117                         
# units = specified
# name 0 = scan: Scan Count
# name 1 = prDM: Pressure, Digiquartz [db]
# name 2 = t090C: Temperature [ITS-90, deg C]
# name 3 = t190C: Temperature, 2 [ITS-90, deg C]
# name 4 = T2-T190C: Temperature Difference, 2 - 1 [ITS-90, deg C]
# name 5 = c0S/m: Conductivity [S/m]
# name 6 = c1S/m: Conductivity, 2 [S/m]
# name 7 = pumps: Pump Status
# name 8 = sbeox1ML/L: Oxygen, SBE 43, 2 [ml/l]
# name 9 = sbeox0ML/L: Oxygen, SBE 43 [ml/l]
# name 10 = altM: Altimeter [m]
# name 11 = chloroflTC0: Chlorophyll, Turner Cyclops [ug/l]
# name 12 = cpar: CPAR/Corrected Irradiance [%]
# name 13 = par: PAR/Irradiance, Biospherical/Lico [µE/(cm^2*s)]
# name 14 = spar: SPAR, Biospherical/Licor
# name 15 = sal00: Salinity, Practical [PSU]
# name 16 = sal11: Salinity, Practical, 2 [PSU]
# name 17 = secS-priS: Salinity, Practical, Difference, 2 - 1 [PSU]
# name 18 = sigma-t00: Density [sigma-t, kg/m^3 ]
# name 19 = sigma-t11: Density, 2 [sigma-t, kg/m^3 ]
# name 20 = depSM: Depth [salt water, m], lat = 57.8843
# name 21 = depFM: Depth [true depth, m], lat = 57.8843
# name 22 = dz/dtM: Descent Rate [m/s], WS = 2
# name 23 = svCM: Sound Velocity [Chen-Millero, m/s]
# name 24 = svCM1: Sound Velocity, 2 [Chen-Millero, m/s]
# name 25 = flag: flag
# span 0 =        256,       5984       
# span 1 =      1.500,     59.500       
# span 2 =     3.9356,     7.9462       
# span 3 =     3.9784,     7.9572       
# span 4 =    -0.0345,     0.4429       
# span 5 =   0.786990,   0.848292       
# span 6 =   0.790178,   0.849742       
# span 7 =          1,          1       
# span 8 =     3.6721,     7.5578       
# span 9 =     3.8331,     7.7824       
# span 10 =       0.79,       9.99      
# span 11 =     0.0159,     0.0235      
# span 12 = -5.134e-06, 7.0372e+00      
# span 13 = -7.820e-06, 1.1004e+01      
# span 14 = 1.2776e+02, 1.5637e+02      
# span 15 =     6.9007,     8.0556      
# span 16 =     6.9007,     8.0699      
# span 17 =    -0.0633,     0.0143      
# span 18 =     5.2824,     6.3997      
# span 19 =     5.2816,     6.4110      
# span 20 =      1.486,     58.941      
# span 21 =      1.520,     60.269      
# span 22 =     -0.282,      0.307      
# span 23 =    1432.06,    1447.67      
# span 24 =    1432.29,    1447.68      
# span 25 = 0.0000e+00, 0.0000e+00      
# interval = decibars: 0.5              
# start_time = Nov 24 2018 10:04:17 [NMEA time, first data scan]
# bad_flag = -9.990e-29
*END*
        256      1.500     7.9400     7.9572     0.0172    0.81470    0.81504          1     7.4804     7.7435       9.99     0.0229  7.037e+00  1.100e+01  1.564e+02     6.9017     6.9013    -0.0003     5.2832     5.2816      1.486      1.520      0.202    1447.57    1447.64  0.000e+00
        302      2.000     7.9401     7.9453     0.0052    0.81470    0.81478          1     7.5035     7.7347       9.99     0.0221  5.911e+00  9.244e+00  1.564e+02     6.9016     6.9013    -0.0003     5.2832     5.2825      1.981      2.026      0.258    1447.58    1447.60  0.000e+00
        353      2.500     7.9341     7.9401     0.0060    0.81467    0.81469          1     7.4873     7.7364       9.99     0.0227  5.066e+00  7.923e+00  1.564e+02     6.9025     6.9014    -0.0010     5.2843     5.2830      2.477      2.533      0.265    1447.57    1447.59  0.000e+00
        392      3.000     7.9347     7.9400     0.0053    0.81468    0.81471          1     7.4919     7.7437       9.99     0.0221  4.382e+00  6.853e+00  1.564e+02     6.9024     6.9016    -0.0008     5.2842     5.2832      2.972      3.040      0.272    1447.58    1447.60  0.000e+00
        442      3.500     7.9456     7.9395    -0.0061    0.81481    0.81472          1     7.5067     7.7422       9.99     0.0221  3.825e+00  5.982e+00  1.564e+02     6.9013     6.9018     0.0004     5.2825     5.2833      3.468      3.546      0.275    1447.63    1447.60  0.000e+00
        481      4.000     7.9462     7.9452    -0.0010    0.81482    0.81479          1     7.5101     7.7325       9.99     0.0229  3.193e+00  4.993e+00  1.564e+02     6.9013     6.9012    -0.0001     5.2825     5.2825      3.963      4.053      0.295    1447.64    1447.63  0.000e+00
        527      4.500     7.9435     7.9455     0.0020    0.81475    0.81479          1     7.4972     7.7402       9.99     0.0229  2.799e+00  4.376e+00  1.564e+02     6.9011     6.9011    -0.0001     5.2825     5.2823      4.458      4.559      0.250    1447.64    1447.64  0.000e+00
        571      5.000     7.9395     7.9420     0.0025    0.81463    0.81469          1     7.5095     7.7361       9.99     0.0224  2.479e+00  3.877e+00  1.564e+02     6.9007     6.9008     0.0001     5.2825     5.2824      4.954      5.066      0.292    1447.63    1447.64  0.000e+00
        612      5.500     7.9390     7.9407     0.0017    0.81463    0.81466          1     7.4918     7.7302       9.99     0.0220  2.127e+00  3.326e+00  1.564e+02     6.9008     6.9007    -0.0000     5.2826     5.2825      5.449      5.573      0.283    1447.63    1447.64  0.000e+00
        660      6.000     7.9429     7.9411    -0.0018    0.81473    0.81467          1     7.4891     7.7433       9.99     0.0222  1.895e+00  2.963e+00  1.564e+02     6.9009     6.9007    -0.0002     5.2824     5.2824      5.944      6.079      0.233    1447.65    1447.65  0.000e+00
        709      6.500     7.9433     7.9440     0.0007    0.81475    0.81475          1     7.4944     7.7436       9.98     0.0220  1.644e+00  2.570e+00  1.564e+02     6.9009     6.9008    -0.0001     5.2824     5.2822      6.440      6.586      0.256    1447.67    1447.67  0.000e+00
        754      7.000     7.9411     7.9421     0.0009    0.81471    0.81471          1     7.4860     7.7450       9.98     0.0220  1.432e+00  2.236e+00  1.561e+02     6.9009     6.9008    -0.0002     5.2826     5.2824      6.935      7.092      0.282    1447.67    1447.67  0.000e+00
        797      7.500     7.9400     7.9424     0.0024    0.81478    0.81475          1     7.4985     7.7379       9.98     0.0220  1.254e+00  1.955e+00  1.559e+02     6.9017     6.9010    -0.0007     5.2833     5.2825      7.430      7.599      0.255    1447.67    1447.68  0.000e+00
        848      8.000     7.9357     7.9368     0.0011    0.81478    0.81479          1     7.4860     7.7358       9.98     0.0220  1.093e+00  1.695e+00  1.550e+02     6.9025     6.9024    -0.0001     5.2842     5.2840      7.926      8.105      0.253    1447.66    1447.66  0.000e+00
        889      8.500     7.9334     7.9314    -0.0020    0.81480    0.81481          1     7.4937     7.7405       9.98     0.0220  9.540e-01  1.474e+00  1.546e+02     6.9031     6.9036     0.0005     5.2849     5.2854      8.421      8.612      0.307    1447.66    1447.65  0.000e+00
        933      9.000     7.9351     7.9344    -0.0007    0.81481    0.81482          1     7.4996     7.7316       9.98     0.0219  8.300e-01  1.282e+00  1.544e+02     6.9028     6.9030     0.0002     5.2845     5.2847      8.916      9.119      0.239    1447.67    1447.67  0.000e+00
        984      9.500     7.9316     7.9325     0.0009    0.81482    0.81483          1     7.4968     7.7435       9.98     0.0220  7.280e-01  1.123e+00  1.543e+02     6.9035     6.9034    -0.0001     5.2853     5.2852      9.412      9.625      0.254    1447.67    1447.67  0.000e+00
       1028     10.000     7.9222     7.9156    -0.0066    0.81483    0.81483          1     7.5038     7.7352       9.97     0.0219  6.270e-01  9.677e-01  1.543e+02     6.9054     6.9067     0.0012     5.2876     5.2891      9.907     10.132      0.276    1447.64    1447.62  0.000e+00
       1074     10.500     7.8906     7.9003     0.0097    0.81480    0.81482          1     7.5128     7.7367       9.97     0.0219  5.478e-01  8.455e-01  1.543e+02     6.9113     6.9096    -0.0017     5.2947     5.2926     10.403     10.638      0.245    1447.53    1447.56  0.000e+00
       1124     11.000     7.8712     7.8762     0.0050    0.81479    0.81481          1     7.5093     7.7467       9.97     0.0218  4.726e-01  7.294e-01  1.543e+02     6.9150     6.9142    -0.0008     5.2991     5.2981     10.898     11.145      0.264    1447.46    1447.48  0.000e+00
       1165     11.500     7.8648     7.8702     0.0055    0.81482    0.81483          1     7.5219     7.7489       9.97     0.0215  4.033e-01  6.224e-01  1.543e+02     6.9165     6.9155    -0.0010     5.3008     5.2996     11.393     11.652      0.285    1447.44    1447.46  0.000e+00
       1212     12.000     7.8154     7.8551     0.0395    0.81487    0.81486          1     7.5192     7.7580       9.97     0.0212  3.492e-01  5.389e-01  1.543e+02     6.9267     6.9187    -0.0079     5.3126     5.3033     11.889     12.158      0.243    1447.26    1447.41  0.000e+00
       1259     12.500     7.7906     7.8051     0.0145    0.81495    0.81494          1     7.5123     7.7658       9.97     0.0209  2.963e-01  4.574e-01  1.543e+02     6.9322     6.9293    -0.0029     5.3188     5.3155     12.384     12.665      0.280    1447.17    1447.23  0.000e+00
       1300     13.000     7.7590     7.7840     0.0251    0.81517    0.81506          1     7.5260     7.7667       9.97     0.0214  2.510e-01  3.875e-01  1.543e+02     6.9405     6.9345    -0.0060     5.3278     5.3212     12.879     13.171      0.276    1447.06    1447.16  0.000e+00
       1348     13.500     7.7306     7.7661     0.0355    0.81550    0.81528          1     7.5320     7.7687       9.97     0.0218  2.105e-01  3.249e-01  1.543e+02     6.9491     6.9400    -0.0091     5.3367     5.3268     13.375     13.678      0.246    1446.96    1447.10  0.000e+00
       1393     14.000     7.7235     7.7429     0.0194    0.81562    0.81551          1     7.5421     7.7702       9.97     0.0213  1.751e-01  2.703e-01  1.543e+02     6.9516     6.9467    -0.0048     5.3392     5.3339     13.870     14.184      0.290    1446.95    1447.02  0.000e+00
       1434     14.500     7.7196     7.7307     0.0111    0.81562    0.81563          1     7.5467     7.7676       9.96     0.0219  1.435e-01  2.214e-01  1.543e+02     6.9523     6.9501    -0.0022     5.3401     5.3375     14.365     14.691      0.278    1446.94    1446.98  0.000e+00
       1478     15.000     7.7176     7.7275     0.0099    0.81564    0.81566          1     7.5396     7.7631       9.96     0.0220  1.150e-01  1.774e-01  1.543e+02     6.9528     6.9510    -0.0019     5.3406     5.3384     14.861     15.198      0.277    1446.94    1446.98  0.000e+00
       1520     15.500     7.7165     7.7226     0.0061    0.81567    0.81568          1     7.5326     7.7684       9.96     0.0219  8.875e-02  1.370e-01  1.543e+02     6.9532     6.9521    -0.0011     5.3410     5.3397     15.356     15.704      0.281    1446.94    1446.97  0.000e+00
       1566     16.000     7.7097     7.7179     0.0081    0.81574    0.81574          1     7.5315     7.7709       9.96     0.0225  6.723e-02  1.034e-01  1.537e+02     6.9552     6.9536    -0.0016     5.3431     5.3412     15.851     16.211      0.256    1446.92    1446.96  0.000e+00
       1611     16.500     7.7082     7.7136     0.0055    0.81578    0.81579          1     7.5346     7.7759       9.96     0.0224  4.652e-02  7.087e-02  1.523e+02     6.9558     6.9548    -0.0010     5.3437     5.3424     16.347     16.717      0.276    1446.93    1446.95  0.000e+00
       1653     17.000     7.7098     7.7124     0.0027    0.81576    0.81580          1     7.5242     7.7704       9.96     0.0224  2.766e-02  4.213e-02  1.523e+02     6.9553     6.9551    -0.0002     5.3431     5.3428     16.842     17.224      0.289    1446.94    1446.95  0.000e+00
       1696     17.500     7.7099     7.7121     0.0022    0.81581    0.81581          1     7.5291     7.7725       9.96     0.0225  1.109e-02  1.689e-02  1.523e+02     6.9556     6.9552    -0.0004     5.3434     5.3429     17.337     17.730      0.273    1446.95    1446.96  0.000e+00
       1741     18.000     7.7084     7.7108     0.0023    0.81608    0.81593          1     7.5426     7.7739       9.96     0.0227  3.657e-04  5.569e-04  1.523e+02     6.9583     6.9565    -0.0019     5.3456     5.3440     17.833     18.237      0.272    1446.96    1446.96  0.000e+00
       1783     18.500     7.7101     7.7107     0.0006    0.81636    0.81610          1     7.5497     7.7704       9.96     0.0223 -5.134e-06 -7.820e-06  1.523e+02     6.9605     6.9580    -0.0025     5.3472     5.3452     18.328     18.744      0.304    1446.97    1446.97  0.000e+00
       1823     19.000     7.7093     7.7105     0.0012    0.81670    0.81630          1     7.5347     7.7636       9.96     0.0220  6.565e-13  1.000e-12  1.523e+02     6.9637     6.9598    -0.0039     5.3498     5.3467     18.823     19.250      0.271    1446.98    1446.98  0.000e+00
       1871     19.500     7.7067     7.7090     0.0023    0.81715    0.81674          1     7.5382     7.7623       9.96     0.0221  6.565e-13  1.000e-12  1.523e+02     6.9683     6.9641    -0.0042     5.3536     5.3501     19.319     19.757      0.250    1446.99    1446.99  0.000e+00
       1915     20.000     7.7067     7.7084     0.0017    0.81737    0.81706          1     7.5427     7.7588       9.96     0.0221  6.565e-13  1.000e-12  1.523e+02     6.9703     6.9671    -0.0032     5.3551     5.3525     19.814     20.263      0.292    1447.00    1447.00  0.000e+00
       1956     20.500     7.7046     7.7073     0.0028    0.81745    0.81728          1     7.5267     7.7647       9.96     0.0226  6.606e-13  1.000e-12  1.514e+02     6.9714     6.9693    -0.0021     5.3562     5.3543     20.309     20.770      0.283    1447.00    1447.00  0.000e+00
       2001     21.000     7.7028     7.7057     0.0028    0.81757    0.81740          1     7.5311     7.7669       9.96     0.0221  6.651e-13  1.000e-12  1.503e+02     6.9727     6.9706    -0.0022     5.3574     5.3554     20.805     21.276      0.270    1447.00    1447.01  0.000e+00
       2043     21.500     7.7015     7.7043     0.0028    0.81766    0.81753          1     7.5464     7.7724       9.96     0.0225  6.653e-13  1.000e-12  1.503e+02     6.9738     6.9720    -0.0017     5.3583     5.3567     21.300     21.783      0.287    1447.00    1447.01  0.000e+00
       2086     22.000     7.6942     7.7013     0.0071    0.81761    0.81761          1     7.5573     7.7671       9.96     0.0221  6.654e-13  1.000e-12  1.503e+02     6.9748     6.9733    -0.0014     5.3596     5.3580     21.795     22.289      0.277    1446.98    1447.01  0.000e+00
       2128     22.500     7.6871     7.6955     0.0084    0.81751    0.81759          1     7.5443     7.7767       9.96     0.0221  6.654e-13  1.000e-12  1.503e+02     6.9752     6.9742    -0.0009     5.3605     5.3591     22.291     22.796      0.287    1446.96    1446.99  0.000e+00
       2171     23.000     7.6839     7.6902     0.0063    0.81745    0.81753          1     7.5282     7.7790       9.96     0.0230  6.654e-13  1.000e-12  1.503e+02     6.9752     6.9747    -0.0005     5.3607     5.3599     22.786     23.303      0.265    1446.95    1446.98  0.000e+00
       2217     23.500     7.6818     7.6867     0.0049    0.81744    0.81750          1     7.5299     7.7763       9.96     0.0228  6.654e-13  1.000e-12  1.503e+02     6.9754     6.9750    -0.0004     5.3611     5.3604     23.281     23.809      0.273    1446.95    1446.97  0.000e+00
       2259     24.000     7.6791     7.6833     0.0042    0.81738    0.81745          1     7.5483     7.7691       9.96     0.0228  6.654e-13  1.000e-12  1.503e+02     6.9754     6.9753    -0.0002     5.3613     5.3608     23.776     24.316      0.291    1446.95    1446.97  0.000e+00
       2301     24.500     7.6754     7.6797     0.0042    0.81730    0.81739          1     7.5356     7.7689       9.96     0.0232  6.654e-13  1.000e-12  1.503e+02     6.9754     6.9753    -0.0001     5.3615     5.3611     24.272     24.822      0.277    1446.94    1446.96  0.000e+00
       2346     25.000     7.6747     7.6778     0.0031    0.81731    0.81735          1     7.5381     7.7754       9.96     0.0225  6.667e-13  1.000e-12  1.500e+02     6.9755     6.9753    -0.0002     5.3617     5.3613     24.767     25.329      0.275    1446.95    1446.96  0.000e+00
       2387     25.500     7.6738     7.6762     0.0023    0.81731    0.81733          1     7.5521     7.7778       9.96     0.0223  6.730e-13  1.000e-12  1.486e+02     6.9756     6.9754    -0.0003     5.3618     5.3615     25.262     25.835      0.278    1446.95    1446.96  0.000e+00
       2435     26.000     7.6732     7.6751     0.0020    0.81731    0.81733          1     7.5485     7.7741       9.96     0.0225  6.745e-13  1.000e-12  1.482e+02     6.9757     6.9755    -0.0003     5.3620     5.3616     25.758     26.342      0.247    1446.96    1446.97  0.000e+00
       2482     26.500     7.6717     7.6740     0.0022    0.81729    0.81733          1     7.5447     7.7779       9.96     0.0233  6.745e-13  1.000e-12  1.482e+02     6.9758     6.9757    -0.0001     5.3621     5.3618     26.253     26.848      0.260    1446.96    1446.97  0.000e+00
       2527     27.000     7.6701     7.6728     0.0027    0.81726    0.81731          1     7.5383     7.7803       9.96     0.0235  6.745e-13  1.000e-12  1.482e+02     6.9757     6.9757    -0.0001     5.3622     5.3619     26.748     27.355      0.275    1446.96    1446.97  0.000e+00
       2569     27.500     7.6658     7.6707     0.0048    0.81715    0.81726          1     7.5454     7.7824       9.96     0.0235  6.745e-13  1.000e-12  1.482e+02     6.9755     6.9756     0.0001     5.3623     5.3620     27.244     27.861      0.288    1446.95    1446.97  0.000e+00
       2615     28.000     7.6649     7.6675     0.0026    0.81713    0.81718          1     7.5537     7.7705       9.96     0.0234  6.745e-13  1.000e-12  1.482e+02     6.9755     6.9755    -0.0000     5.3624     5.3622     27.739     28.368      0.241    1446.96    1446.97  0.000e+00
       2660     28.500     7.6651     7.6668     0.0017    0.81716    0.81718          1     7.5482     7.7716       9.96     0.0230  6.758e-13  1.000e-12  1.480e+02     6.9757     6.9755    -0.0002     5.3625     5.3623     28.234     28.875      0.307    1446.97    1446.97  0.000e+00
