ctdpy/exports/archive_20191121_122431/received_data/SBE09_1044_20180417_1442_34_07_0013.cnv
* Sea-Bird SBE 9 Data File:
* FileName = C:\ctd\temp\2018\AU18D013.hex
* Software Version Seasave V 7.26.6.26
* Temperature SN = 5351
* Conductivity SN = 3941
* Number of Bytes Per Scan = 41
* Number of Voltage Words = 4
* Number of Scans Averaged by the Deck Unit = 1
* NMEA Latitude = 54 58.28 N
* NMEA Longitude = 014 05.93 E
* NMEA UTC (Time) = Apr 17 2018  14:42:18
* NMEA baud rate = 4800
** Station:  BY2
** Operator:  A-KTh
** Ship: AURA
** Average sound velocity: 1427.87 m/s
** True-depth calculation Tue, 17 Apr 2018 16:19:34 +0000
** CTD Python Module SMHI /ver 3-12/ feb 2012 
** LIMS Job: 20183407-0013
** Cruise: SMHI-01-2018
** Latitude [GG MM.mm N] :
** Longitude [GG MM.mm E]:
# nquan = 26
# nvalues = 83                          
# units = specified
# name 0 = scan: Scan Count
# name 1 = prDM: Pressure, Digiquartz [db]
# name 2 = t090C: Temperature [ITS-90, deg C]
# name 3 = t190C: Temperature, 2 [ITS-90, deg C]
# name 4 = T2-T190C: Temperature Difference, 2 - 1 [ITS-90, deg C]
# name 5 = c0S/m: Conductivity [S/m]
# name 6 = c1S/m: Conductivity, 2 [S/m]
# name 7 = pumps: Pump Status
# name 8 = sbeox0ML/L: Oxygen, SBE 43 [ml/l]
# name 9 = sbeox1ML/L: Oxygen, SBE 43, 2 [ml/l]
# name 10 = altM: Altimeter [m]
# name 11 = flECO-AFL: Chl-a Fluorescence, WET Labs ECO-AFL/FL [mg/m^3]
# name 12 = flECO-AFL1: Phycocyanin Fluorescence, WET Labs ECO-AFL/FL, 2 [mg/m^3]
# name 13 = par: PAR/Irradiance, Biospherical/Lico [µE/(cm^2*s)]
# name 14 = turbWETntu0: Turbidity, WET Labs ECO [NTU]
# name 15 = sal00: Salinity, Practical [PSU]
# name 16 = sal11: Salinity, Practical, 2 [PSU]
# name 17 = secS-priS: Salinity, Practical, Difference, 2 - 1 [PSU]
# name 18 = sigma-t00: Density [sigma-t, Kg/m^3 ]
# name 19 = sigma-t11: Density, 2 [sigma-t, Kg/m^3 ]
# name 20 = depSM: Depth [salt water, m], lat = 54.9713
# name 21 = depFM: Depth [true depth, m], lat = 54.9713
# name 22 = dz/dtM: Descent Rate [m/s], WS = 2
# name 23 = svCM: Sound Velocity [Chen-Millero, m/s]
# name 24 = svCM1: Sound Velocity, 2 [Chen-Millero, m/s]
# name 25 = flag: flag
# span 0 =       8204,      10545       
# span 1 =      0.500,     41.500       
# span 2 =     2.6727,     4.1064       
# span 3 =     2.6588,     4.0676       
# span 4 =    -0.0861,     0.0544       
# span 5 =   0.802832,   0.837577       
# span 6 =   0.802837,   0.839127       
# span 7 =          1,          1       
# span 8 =    9.13525,   10.24231       
# span 9 =    9.00464,   10.10198       
# span 10 =       2.65,      67.74      
# span 11 =     1.6011,     4.5584      
# span 12 =     0.3329,     0.9599      
# span 13 = -1.091e-05, 3.1215e+03      
# span 14 =     0.3295,     1.0164      
# span 15 =     7.6411,     8.3142      
# span 16 =     7.6491,     8.3374      
# span 17 =    -0.0124,     0.0240      
# span 18 =     6.0715,     6.6319      
# span 19 =     6.0788,     6.6506      
# span 20 =      0.495,     41.122      
# span 21 =      0.506,     42.003      
# span 22 =     -0.003,      0.581      
# span 23 =    1426.51,    1432.06      
# span 24 =    1426.52,    1431.90      
# span 25 = 0.0000e+00, 0.0000e+00      
# interval = decibars: 0.5              
# start_time = Apr 17 2018 14:42:18 [NMEA time, first data scan]
# bad_flag = -9.990e-29
*END*
[from data line 56]
       9836     28.500     2.8227     2.8236     0.0010    0.80992    0.80990          1     9.3549     9.2184      16.68     1.9546     0.4586  1.660e-01  0.3521000     7.9867     7.9863    -0.0004     6.3694     6.3691     28.241     28.847      0.557    1427.09    1427.09  0.000e+00
       9859     29.000     2.8346     2.8356     0.0009    0.81041    0.81039          1     9.3444     9.2191      16.14     1.6072     0.4521  1.412e-01  0.3661000     7.9889     7.9885    -0.0005     6.3711     6.3707     28.737     29.353      0.504    1427.16    1427.16  0.000e+00
       9884     29.500     2.8452     2.8459     0.0008    0.81090    0.81088          1     9.3354     9.2161      15.58     1.7147     0.4494  1.218e-01  0.3441000     7.9914     7.9909    -0.0005     6.3730     6.3726     29.232     29.860      0.449    1427.21    1427.22  0.000e+00
       9912     30.000     2.8479     2.8490     0.0011    0.81114    0.81112          1     9.3423     9.2247      15.06     1.6953     0.4633  9.730e-02  0.3903000     7.9932     7.9927    -0.0005     6.3744     6.3740     29.728     30.366      0.453    1427.24    1427.24  0.000e+00
       9937     30.500     2.8511     2.8522     0.0011    0.81138    0.81136          1     9.3345     9.2243      14.51     1.8108     0.4158  7.761e-02  0.3641000     7.9948     7.9943    -0.0005     6.3756     6.3752     30.223     30.872      0.512    1427.26    1427.27  0.000e+00
       9959     31.000     2.8677     2.8688     0.0010    0.81242    0.81240          1     9.3229     9.2135      14.05     1.6388     0.3740  6.271e-02  0.3639000     8.0016     8.0011    -0.0006     6.3809     6.3805     30.718     31.378      0.570    1427.36    1427.36  0.000e+00
       9979     31.500     2.8735     2.8746     0.0011    0.81316    0.81314          1     9.3158     9.2078      13.54     1.9643     0.4194  5.079e-02  0.3643000     8.0079     8.0074    -0.0005     6.3859     6.3855     31.214     31.884      0.581    1427.40    1427.40  0.000e+00
      10000     32.000     2.8710     2.8722     0.0011    0.81328    0.81326          1     9.3154     9.2044      12.99     1.9100     0.4179  2.915e-02  0.3664000     8.0097     8.0092    -0.0005     6.3874     6.3869     31.709     32.390      0.532    1427.40    1427.40  0.000e+00
      10025     32.500     2.8744     2.8758     0.0014    0.81372    0.81372          1     9.3186     9.1976      12.39     1.8606     0.4830  1.814e-02  0.3812000     8.0134     8.0131    -0.0003     6.3903     6.3900     32.205     32.896      0.447    1427.43    1427.43  0.000e+00
      10054     33.000     2.8894     2.8911     0.0017    0.81501    0.81504          1     9.3175     9.2063      11.86     2.1840     0.4428  6.611e-03  0.4134000     8.0232     8.0232    -0.0001     6.3980     6.3979     32.700     33.402      0.434    1427.52    1427.52  0.000e+00
      10079     33.500     2.9023     2.9029     0.0006    0.81605    0.81602          1     9.3080     9.2044      11.34     1.9451     0.5378  5.124e-04  0.3545000     8.0310     8.0305    -0.0005     6.4040     6.4036     33.195     33.908      0.516    1427.59    1427.60  0.000e+00
      10101     34.000     2.9095     2.9106     0.0011    0.81809    0.81805          1     9.3119     9.1944      10.87     1.9110     0.5433 -1.091e-05  0.3809000     8.0507     8.0500    -0.0007     6.4197     6.4191     33.691     34.414      0.579    1427.66    1427.66  0.000e+00
      10121     34.500     2.8999     2.9014     0.0015    0.82014    0.82008          1     9.2999     9.1829      10.43     1.9431     0.5350  1.000e-12  0.3999000     8.0747     8.0737    -0.0009     6.4389     6.4381     34.186     34.920      0.578    1427.66    1427.66  0.000e+00
      10143     35.000     2.9061     2.9066     0.0005    0.82113    0.82111          1     9.3012     9.1974       9.86     1.9442     0.5239  1.000e-12  0.3915000     8.0836     8.0832    -0.0004     6.4459     6.4456     34.682     35.426      0.523    1427.70    1427.70  0.000e+00
      10168     35.500     2.9095     2.9101     0.0006    0.82141    0.82136          1     9.3153     9.2231       9.28     1.9025     0.5137  1.000e-12  0.3882000     8.0855     8.0849    -0.0006     6.4475     6.4470     35.177     35.932      0.463    1427.73    1427.73  0.000e+00
      10194     36.000     2.9066     2.9076     0.0011    0.82150    0.82150          1     9.2586     9.1693       8.73     1.9800     0.4995  1.000e-12  0.4051000     8.0872     8.0869    -0.0003     6.4488     6.4485     35.672     36.438      0.454    1427.72    1427.73  0.000e+00
      10220     36.500     2.8157     2.8192     0.0035    0.82447    0.82449          1     9.2299     9.1276       8.22     2.1678     0.4710  1.000e-12  0.4201000     8.1417     8.1410    -0.0007     6.4932     6.4926     36.168     36.944      0.491    1427.38    1427.40  0.000e+00
      10243     37.000     2.7069     2.7092     0.0023    0.82889    0.82886          1     9.2093     9.1002       7.71     2.0794     0.4721  1.000e-12  0.4683000     8.2164     8.2154    -0.0010     6.5537     6.5529     36.663     37.450      0.539    1426.99    1427.00  0.000e+00
      10265     37.500     2.6935     2.6949     0.0014    0.83079    0.83078          1     9.1849     9.0724       7.23     2.1395     0.4375  1.000e-12  0.5933000     8.2400     8.2395    -0.0006     6.5727     6.5722     37.159     37.956      0.565    1426.96    1426.97  0.000e+00
      10286     38.000     2.6908     2.6923     0.0015    0.83185    0.83183          1     9.1801     9.0689       6.70     2.1170     0.5977  1.000e-12  0.6931000     8.2519     8.2512    -0.0006     6.5821     6.5816     37.654     38.462      0.540    1426.97    1426.98  0.000e+00
      10310     38.500     2.6831     2.6849     0.0018    0.83278    0.83277          1     9.1777     9.0744       6.15     2.1261     0.5404  1.000e-12  0.6581000     8.2637     8.2632    -0.0005     6.5916     6.5912     38.149     38.968      0.458    1426.96    1426.97  0.000e+00
      10340     39.000     2.6870     2.6882     0.0013    0.83373    0.83374          1     9.1706     9.0613       5.53     1.9853     0.5722  1.000e-12  0.6740000     8.2728     8.2726    -0.0002     6.5989     6.5987     38.645     39.474      0.370    1427.00    1427.01  0.000e+00
      10373     39.500     2.6770     2.6783     0.0013    0.83464    0.83465          1     9.1624     9.0503       4.99     2.5307     0.5851  1.000e-12  0.7520000     8.2850     8.2848    -0.0002     6.6086     6.6085     39.140     39.980      0.386    1426.97    1426.98  0.000e+00
      10402     40.000     2.6727     2.6742     0.0015    0.83558    0.83556          1     9.1562     9.0391       4.51     2.4687     0.5129  1.000e-12  0.7655000     8.2961     8.2955    -0.0006     6.6175     6.6170     39.636     40.485      0.447    1426.98    1426.98  0.000e+00
      10428     40.500     2.6775     2.6787     0.0012    0.83652    0.83650          1     9.1609     9.0257       4.01     2.1825     0.4676  1.000e-12  0.7810000     8.3048     8.3042    -0.0006     6.6245     6.6240     40.131     40.991      0.442    1427.02    1427.02  0.000e+00
      10458     41.000     2.6843     2.6855     0.0012    0.83758    0.83758          1     9.1352     9.0046       3.42     2.2683     0.4991  1.000e-12  0.8604000     8.3142     8.3140    -0.0002     6.6319     6.6317     40.626     41.497      0.348    1427.07    1427.08  0.000e+00
      10545     41.500     2.6773     2.6588    -0.0185    0.83733    0.83913          1     9.1455     9.0099       2.65     2.6840     0.5405  1.000e-12  0.8100000     8.3133     8.3374     0.0240     6.6313     6.6506     41.122     42.003     -0.003    1427.05    1426.99  0.000e+00
