ctdpy/exports/archive_20191121_122431/received_data/SBE09_1044_20181015_1907_34_01_0095.cnv
* Sea-Bird SBE 9 Data File:
* FileName = C:\ctd\temp\ar18d095.hex
* Software Version Seasave V 7.21e
* Temperature SN = 5351
* Conductivity SN = 3941
* Number of Bytes Per Scan = 30
* Number of Voltage Words = 4
* Number of Scans Averaged by the Deck Unit = 1
* NMEA baud rate = 4800
** Station:  BY10
** Operator:  dbsj
** Ship: ARANDA
** Average sound velocity: 1447.45 m/s
** True-depth calculation Tue, 16 Oct 2018 06:25:20 +0000
** CTD Python Module SMHI /ver 3-12/ feb 2012 
** LIMS Job: 20183401-0095
** Cruise: SMHI-4-2018
** Latitude [GG MM.mm N]: 5638.021
** Longitude [GG MM.mm E] 1935.091
# nquan = 26
# nvalues = 273                         
# units = specified
# name 0 = scan: Scan Count
# name 1 = prDM: Pressure, Digiquartz [db]
# name 2 = t090C: Temperature [ITS-90, deg C]
# name 3 = t190C: Temperature, 2 [ITS-90, deg C]
# name 4 = T2-T190C: Temperature Difference, 2 - 1 [ITS-90, deg C]
# name 5 = c0S/m: Conductivity [S/m]
# name 6 = c1S/m: Conductivity, 2 [S/m]
# name 7 = pumps: Pump Status
# name 8 = sbeox0ML/L: Oxygen, SBE 43 [ml/l]
# name 9 = sbeox1ML/L: Oxygen, SBE 43, 2 [ml/l]
# name 10 = altM: Altimeter [m]
# name 11 = flECO-AFL: Chl-a Fluorescence, WET Labs ECO-AFL/FL [mg/m^3]
# name 12 = flECO-AFL1: Phycocyanin Fluorescence, WET Labs ECO-AFL/FL, 2 [mg/m^3]
# name 13 = par: PAR/Irradiance, Biospherical/Lico [µE/(cm^2*s)]
# name 14 = turbWETntu0: Turbidity, WET Labs ECO [NTU]
# name 15 = sal00: Salinity, Practical [PSU]
# name 16 = sal11: Salinity, Practical, 2 [PSU]
# name 17 = secS-priS: Salinity, Practical, Difference, 2 - 1 [PSU]
# name 18 = sigma-t00: Density [sigma-t, Kg/m^3 ]
# name 19 = sigma-t11: Density, 2 [sigma-t, Kg/m^3 ]
# name 20 = depSM: Depth [salt water, m], lat = 0
# name 21 = depFM: Depth [true depth, m], lat = 0
# name 22 = dz/dtM: Descent Rate [m/s], WS = 2
# name 23 = svCM: Sound Velocity [Chen-Millero, m/s]
# name 24 = svCM1: Sound Velocity, 2 [Chen-Millero, m/s]
# name 25 = flag: flag
# span 0 =       7684,      14241       
# span 1 =      1.500,    137.500       
# span 2 =     3.2716,    11.6833       
# span 3 =     3.2741,    11.6846       
# span 4 =    -0.0204,     0.0285       
# span 5 =   0.770997,   1.407021       
# span 6 =   0.771030,   1.407085       
# span 7 =          1,          1       
# span 8 = -9.990e-29, -9.990e-29       
# span 9 = -9.990e-29, -9.990e-29       
# span 10 =      -0.01,      99.04      
# span 11 =     0.2269,     1.4371      
# span 12 =     0.1360,     0.4639      
# span 13 = -5.052e-04, 2.0238e-01      
# span 14 =     0.1189,     1.2471      
# span 15 =     7.1746,    12.8364      
# span 16 =     7.1743,    12.8366      
# span 17 =    -0.0082,     0.0024      
# span 18 =     5.1070,    10.0273      
# span 19 =     5.1066,    10.0274      
# span 20 =      1.492,    136.699      
# span 21 =      1.520,    139.052      
# span 22 =      0.087,      0.791      
# span 23 =    1428.93,    1462.71      
# span 24 =    1428.94,    1462.72      
# span 25 = 0.0000e+00, 0.0000e+00      
# interval = decibars: 0.5              
# start_time = Oct 15 2018 19:07:49 [System UTC, header]
# bad_flag = -9.990e-29
*END*
[from data line 56]
       9159     29.500    10.6714    10.6800     0.0085    0.91200    0.91215          1 -9.990e-29 -9.990e-29      39.58     0.6490     0.3208  1.000e-12  0.2339000     7.2175     7.2171    -0.0003     5.2632     5.2619     29.336     29.893      0.583    1459.23    1459.27  0.000e+00
       9181     30.000    10.6479    10.6491     0.0014    0.91148    0.91147          1 -9.990e-29 -9.990e-29      84.02     0.6437     0.3174  1.000e-12  0.2547000     7.2176     7.2173    -0.0003     5.2660     5.2656     29.833     30.399      0.535    1459.15    1459.16  0.000e+00
       9205     30.500    10.6267    10.6544     0.0275    0.91101    0.91159          1 -9.990e-29 -9.990e-29       9.83     0.6263     0.2595  1.000e-12  0.2586000     7.2178     7.2173    -0.0005     5.2686     5.2650     30.330     30.906      0.484    1459.08    1459.18  0.000e+00
       9229     31.000    10.6104    10.6253     0.0149    0.91065    0.91099          1 -9.990e-29 -9.990e-29      85.19     0.6331     0.3220  1.000e-12  0.2345000     7.2178     7.2178     0.0000     5.2705     5.2687     30.827     31.413      0.520    1459.02    1459.08  0.000e+00
       9251     31.500    10.5748    10.5792     0.0044    0.90977    0.90982          1 -9.990e-29 -9.990e-29      33.30     0.6315     0.2650  1.000e-12  0.2348000     7.2173     7.2169    -0.0004     5.2741     5.2733     31.325     31.919      0.589    1458.90    1458.91  0.000e+00
       9270     32.000    10.5601    10.5600    -0.0001    0.90952    0.90947          1 -9.990e-29 -9.990e-29       3.80     0.5987     0.2497  1.000e-12  0.2233000     7.2180     7.2176    -0.0004     5.2764     5.2760     31.822     32.426      0.603    1458.85    1458.85  0.000e+00
       9291     32.500    10.4711    10.4506    -0.0204    0.90762    0.90712          1 -9.990e-29 -9.990e-29      13.01     0.6459     0.2757  1.000e-12  0.2246000     7.2192     7.2190    -0.0002     5.2874     5.2895     32.319     32.932      0.547    1458.51    1458.44  0.000e+00
       9315     33.000    10.3318    10.3165    -0.0155    0.90444    0.90406          1 -9.990e-29 -9.990e-29      73.18     0.6515     0.3123  1.000e-12  0.2323000     7.2194     7.2192    -0.0002     5.3031     5.3047     32.816     33.439      0.477    1457.99    1457.93  0.000e+00
       9341     33.500    10.3016    10.2890    -0.0123    0.90386    0.90352          1 -9.990e-29 -9.990e-29      98.13     0.6203     0.3170  1.000e-12  0.2312000     7.2204     7.2199    -0.0005     5.3072     5.3083     33.313     33.945      0.491    1457.88    1457.83  0.000e+00
       9363     34.000    10.2734    10.2795     0.0058    0.90327    0.90338          1 -9.990e-29 -9.990e-29      47.43     0.6078     0.2947  1.000e-12  0.2262000     7.2208     7.2205    -0.0003     5.3107     5.3098     33.810     34.452      0.583    1457.78    1457.80  0.000e+00
       9382     34.500    10.2293    10.2137    -0.0151    0.90226    0.90192          1 -9.990e-29 -9.990e-29      97.12     0.6083     0.2329  1.000e-12  0.2230000     7.2208     7.2209     0.0001     5.3155     5.3173     34.308     34.959      0.637    1457.61    1457.55  0.000e+00
       9401     35.000    10.2073    10.1916    -0.0156    0.90182    0.90146          1 -9.990e-29 -9.990e-29      96.07     0.6095     0.2998  1.000e-12  0.2188000     7.2213     7.2213    -0.0000     5.3183     5.3200     34.805     35.465      0.600    1457.54    1457.48  0.000e+00
       9423     35.500     9.8596     9.8624     0.0026    0.89432    0.89435          1 -9.990e-29 -9.990e-29      58.27     0.6075     0.2979  1.000e-12  0.2399000     7.2255     7.2252    -0.0003     5.3587     5.3582     35.302     35.972      0.477    1456.20    1456.21  0.000e+00
       9453     36.000     9.6587     9.6523    -0.0063    0.89004    0.88976          1 -9.990e-29 -9.990e-29      97.51     0.6728     0.2865  1.000e-12  0.2426000     7.2282     7.2271    -0.0012     5.3819     5.3817     35.799     36.478      0.420    1455.42    1455.40  0.000e+00
       9478     36.500     9.5071     9.5165     0.0092    0.88841    0.88844          1 -9.990e-29 -9.990e-29      42.16     0.6956     0.2750  1.000e-12  0.2483000     7.2444     7.2428    -0.0016     5.4099     5.4076     36.296     36.985      0.560    1454.85    1454.89  0.000e+00
       9497     37.000     9.1796     9.1894     0.0098    0.88148    0.88168          1 -9.990e-29 -9.990e-29      92.49     0.6831     0.2883  1.000e-12  0.2307000     7.2493     7.2491    -0.0002     5.4460     5.4449     36.793     37.491      0.673    1453.57    1453.61  0.000e+00
       9514     37.500     8.7528     8.7814     0.0285    0.87227    0.87279          1 -9.990e-29 -9.990e-29      67.57     0.7122     0.3524  1.000e-12  0.2408000     7.2541     7.2529    -0.0012     5.4893     5.4857     37.291     37.998      0.664    1451.88    1451.99  0.000e+00
       9534     38.000     8.2750     8.2930     0.0181    0.86207    0.86239          1 -9.990e-29 -9.990e-29      96.01     0.7167     0.2813  1.000e-12  0.2528000     7.2602     7.2594    -0.0008     5.5363     5.5342     37.788     38.504      0.523    1449.97    1450.04  0.000e+00
       9563     38.500     8.0118     8.0224     0.0107    0.85629    0.85646          1 -9.990e-29 -9.990e-29      76.34     0.6203     0.2417  1.000e-12  0.2289000     7.2619     7.2613    -0.0006     5.5596     5.5583     38.285     39.011      0.392    1448.91    1448.95  0.000e+00
       9591     39.000     7.8669     7.8690     0.0020    0.85386    0.85388          1 -9.990e-29 -9.990e-29      98.09     0.5401     0.2777  1.000e-12  0.1950000     7.2697     7.2695    -0.0002     5.5773     5.5769     38.782     39.517      0.542    1448.33    1448.34  0.000e+00
       9610     39.500     7.3536     7.3634     0.0101    0.84324    0.84341          1 -9.990e-29 -9.990e-29      96.45     0.5032     0.2550  1.000e-12  0.1866000     7.2788     7.2784    -0.0005     5.6233     5.6222     39.279     40.024      0.677    1446.23    1446.27  0.000e+00
       9627     40.000     6.7702     6.7833     0.0129    0.83010    0.83039          1 -9.990e-29 -9.990e-29      55.09     0.4522     0.2425  1.000e-12  0.1875000     7.2789     7.2789    -0.0000     5.6631     5.6622     39.776     40.530      0.682    1443.80    1443.85  0.000e+00
       9646     40.500     6.5271     6.5299     0.0028    0.82550    0.82558          1 -9.990e-29 -9.990e-29      96.17     0.4319     0.2222  1.000e-12  0.1898000     7.2869     7.2871     0.0001     5.6848     5.6847     40.274     41.037      0.563    1442.79    1442.80  0.000e+00
       9672     41.000     6.3799     6.3909     0.0109    0.82286    0.82295          1 -9.990e-29 -9.990e-29      78.46     0.3788     0.2109  1.000e-12  0.1801000     7.2932     7.2917    -0.0015     5.6985     5.6967     40.771     41.543      0.413    1442.18    1442.22  0.000e+00
       9702     41.500     6.0506     6.0593     0.0088    0.81671    0.81685          1 -9.990e-29 -9.990e-29      90.35     0.3651     0.2313  1.000e-12  0.1741000     7.3049     7.3044    -0.0005     5.7263     5.7254     41.268     42.049      0.454    1440.79    1440.83  0.000e+00
       9725     42.000     5.7421     5.7433     0.0013    0.81088    0.81092          1 -9.990e-29 -9.990e-29      94.41     0.3559     0.2067  1.000e-12  0.1794000     7.3153     7.3154     0.0001     5.7506     5.7506     41.765     42.556      0.613    1439.49    1439.49  0.000e+00
       9743     42.500     5.4553     5.4604     0.0051    0.80567    0.80575          1 -9.990e-29 -9.990e-29      48.69     0.3326     0.1942  1.000e-12  0.1817000     7.3269     7.3266    -0.0004     5.7735     5.7730     42.262     43.062      0.700    1438.27    1438.29  0.000e+00
       9759     43.000     4.9148     4.9269     0.0123    0.79392    0.79417          1 -9.990e-29 -9.990e-29      96.99     0.3061     0.2014  1.000e-12  0.1872000     7.3297     7.3295    -0.0001     5.7982     5.7976     42.759     43.568      0.660    1435.91    1435.96  0.000e+00
       9780     43.500     4.4488     4.4697     0.0207    0.78427    0.78455          1 -9.990e-29 -9.990e-29      90.01     0.2844     0.2208  1.000e-12  0.1806000     7.3365     7.3347    -0.0018     5.8196     5.8175     43.256     44.075      0.487    1433.87    1433.95  0.000e+00
       9811     44.000     4.1241     4.1372     0.0132    0.77836    0.77849          1 -9.990e-29 -9.990e-29      75.80     0.2800     0.2161  1.000e-12  0.1658000     7.3493     7.3477    -0.0016     5.8393     5.8376     43.754     44.581      0.389    1432.44    1432.49  0.000e+00
       9838     44.500     3.8692     3.8716     0.0025    0.77432    0.77436          1 -9.990e-29 -9.990e-29      97.28     0.2706     0.2075  1.000e-12  0.1648000     7.3656     7.3654    -0.0002     5.8584     5.8582     44.251     45.087      0.556    1431.32    1431.33  0.000e+00
       9857     45.000     3.8195     3.8223     0.0028    0.77413    0.77415          1 -9.990e-29 -9.990e-29      43.49     0.2825     0.2085  1.000e-12  0.1868000     7.3748     7.3743    -0.0004     5.8668     5.8664     44.748     45.594      0.686    1431.11    1431.12  0.000e+00
       9873     45.500     3.7906     3.7934     0.0028    0.77407    0.77409          1 -9.990e-29 -9.990e-29      97.08     0.2658     0.1821  1.000e-12  0.1831000     7.3806     7.3802    -0.0004     5.8721     5.8717     45.245     46.100      0.702    1431.00    1431.01  0.000e+00
       9891     46.000     3.7383     3.7401     0.0018    0.77361    0.77365          1 -9.990e-29 -9.990e-29      97.44     0.2550     0.2009  1.000e-12  0.1744000     7.3877     7.3877    -0.0000     5.8788     5.8788     45.742     46.606      0.598    1430.78    1430.79  0.000e+00
       9916     46.500     3.6722     3.6760     0.0038    0.77321    0.77324          1 -9.990e-29 -9.990e-29      65.48     0.2514     0.2175  1.000e-12  0.1652000     7.3985     7.3980    -0.0006     5.8888     5.8882     46.239     47.112      0.428    1430.50    1430.52  0.000e+00
       9948     47.000     3.6164     3.6181     0.0017    0.77287    0.77288          1 -9.990e-29 -9.990e-29      98.09     0.2561     0.1756  1.000e-12  0.1778000     7.4077     7.4074    -0.0003     5.8971     5.8969     46.736     47.619      0.407    1430.27    1430.27  0.000e+00
       9973     47.500     3.6023     3.6040     0.0017    0.77335    0.77334          1 -9.990e-29 -9.990e-29      47.41     0.2392     0.2040  1.000e-12  0.1702000     7.4158     7.4153    -0.0005     5.9038     5.9034     47.234     48.125      0.559    1430.22    1430.23  0.000e+00
       9992     48.000     3.5371     3.5435     0.0064    0.77240    0.77247          1 -9.990e-29 -9.990e-29      98.39     0.2329     0.2388  1.000e-12  0.1740000     7.4209     7.4201    -0.0008     5.9091     5.9083     47.731     48.631      0.674    1429.94    1429.97  0.000e+00
      10009     48.500     3.4278     3.4325     0.0047    0.77100    0.77103          1 -9.990e-29 -9.990e-29      97.43     0.2316     0.2512  1.000e-12  0.1662000     7.4313     7.4306    -0.0007     5.9192     5.9186     48.228     49.138      0.690    1429.46    1429.48  0.000e+00
      10027     49.000     3.4118     3.4143     0.0025    0.77108    0.77109          1 -9.990e-29 -9.990e-29      44.26     0.2401     0.2214  1.000e-12  0.1678000     7.4358     7.4353    -0.0005     5.9231     5.9226     48.725     49.644      0.597    1429.40    1429.41  0.000e+00
      10051     49.500     3.4041     3.4046     0.0005    0.77132    0.77129          1 -9.990e-29 -9.990e-29      95.98     0.2331     0.1837  1.000e-12  0.1681000     7.4399     7.4395    -0.0004     5.9265     5.9261     49.222     50.150      0.436    1429.38    1429.38  0.000e+00
      10083     50.000     3.3747     3.3764     0.0017    0.77126    0.77125          1 -9.990e-29 -9.990e-29      58.00     0.2558     0.1827  1.000e-12  0.1632000     7.4460     7.4456    -0.0004     5.9317     5.9314     49.719     50.656      0.422    1429.26    1429.27  0.000e+00
      10107     50.500     3.3630     3.3642     0.0012    0.77131    0.77129          1 -9.990e-29 -9.990e-29      90.72     0.2517     0.2230  1.000e-12  0.1676000     7.4491     7.4487    -0.0004     5.9344     5.9341     50.216     51.163      0.603    1429.22    1429.23  0.000e+00
      10124     51.000     3.3453     3.3465     0.0011    0.77126    0.77126          1 -9.990e-29 -9.990e-29      67.30     0.2489     0.2110  1.000e-12  0.1706000     7.4527     7.4524    -0.0003     5.9375     5.9373     50.714     51.669      0.716    1429.15    1429.16  0.000e+00
      10140     51.500     3.3366     3.3388     0.0022    0.77138    0.77138          1 -9.990e-29 -9.990e-29      96.60     0.2570     0.1360  1.000e-12  0.1796000     7.4559     7.4554    -0.0005     5.9402     5.9397     51.211     52.175      0.699    1429.12    1429.13  0.000e+00
      10159     52.000     3.3323     3.3346     0.0023    0.77152    0.77152          1 -9.990e-29 -9.990e-29      95.64     0.2377     0.2135  1.000e-12  0.1651000     7.4583     7.4577    -0.0005     5.9421     5.9417     51.708     52.681      0.534    1429.12    1429.13  0.000e+00
      10190     52.500     3.3282     3.3304     0.0021    0.77171    0.77171          1 -9.990e-29 -9.990e-29      79.62     0.2523     0.2286  1.000e-12  0.1734000     7.4611     7.4606    -0.0005     5.9445     5.9440     52.205     53.188      0.366    1429.11    1429.12  0.000e+00
      10220     53.000     3.3197     3.3220     0.0023    0.77197    0.77197          1 -9.990e-29 -9.990e-29      92.83     0.2463     0.1770  1.000e-12  0.1804000     7.4657     7.4651    -0.0005     5.9482     5.9478     52.702     53.694      0.507    1429.08    1429.09  0.000e+00
      10240     53.500     3.3110     3.3138     0.0028    0.77210    0.77210          1 -9.990e-29 -9.990e-29      64.97     0.2700     0.1778  1.000e-12  0.1808000     7.4689     7.4683    -0.0006     5.9509     5.9504     53.199     54.200      0.635    1429.06    1429.07  0.000e+00
      10258     54.000     3.3066     3.3096     0.0030    0.77220    0.77219          1 -9.990e-29 -9.990e-29      96.50     0.2599     0.1960  1.000e-12  0.1800000     7.4710     7.4701    -0.0009     5.9526     5.9519     53.696     54.706      0.648    1429.05    1429.06  0.000e+00
      10277     54.500     3.2976     3.3011     0.0035    0.77228    0.77229          1 -9.990e-29 -9.990e-29      90.68     0.2390     0.2114  1.000e-12  0.1756000     7.4738     7.4730    -0.0008     5.9550     5.9544     54.193     55.213      0.579    1429.02    1429.03  0.000e+00
      10300     55.000     3.2889     3.2919     0.0030    0.77233    0.77234          1 -9.990e-29 -9.990e-29      70.08     0.2285     0.1502  1.000e-12  0.1700000     7.4763     7.4756    -0.0006     5.9571     5.9565     54.691     55.719      0.514    1428.99    1429.00  0.000e+00
      10324     55.500     3.2797     3.2826     0.0030    0.77232    0.77231          1 -9.990e-29 -9.990e-29      97.62     0.2421     0.2475  1.000e-12  0.1742000     7.4782     7.4775    -0.0008     5.9588     5.9581     55.188     56.225      0.515    1428.96    1428.97  0.000e+00
      10346     56.000     3.2716     3.2741     0.0025    0.77251    0.77247          1 -9.990e-29 -9.990e-29      63.53     0.2337     0.1862  1.000e-12  0.1749000     7.4820     7.4810    -0.0010     5.9619     5.9611     55.685     56.731      0.540    1428.93    1428.94  0.000e+00
      10368     56.500     3.2750     3.2771     0.0021    0.77288    0.77288          1 -9.990e-29 -9.990e-29      87.12     0.2452     0.1876  1.000e-12  0.1924000     7.4850     7.4845    -0.0005     5.9643     5.9639     56.182     57.238      0.557    1428.96    1428.97  0.000e+00
