ctdpy/exports/archive_20191121_122431/received_data/SBE09_1044_20180527_0227_34_07_0030.cnv
* Sea-Bird SBE 9 Data File:
* FileName = C:\ctd\temp\2018\AU18D030.hex
* Software Version Seasave V 7.26.6.26
* Temperature SN = 5351
* Conductivity SN = 3941
* Number of Bytes Per Scan = 41
* Number of Voltage Words = 4
* Number of Scans Averaged by the Deck Unit = 1
* NMEA Latitude = 58 17.68 N
* NMEA Longitude = 010 50.79 E
* NMEA UTC (Time) = May 27 2018  02:27:11
* NMEA baud rate = 4800
** Station:  A15
** Operator:  SSip
** Ship: AURA
** Average sound velocity: 1479.55 m/s
** True-depth calculation Sun, 27 May 2018 03:09:43 +0000
** CTD Python Module SMHI /ver 3-12/ feb 2012 
** LIMS Job: 20183407-0030
** Cruise: SMHI-02-2018
** Latitude [GG MM.mm N] :
** Longitude [GG MM.mm E]:
# nquan = 26
# nvalues = 264                         
# units = specified
# name 0 = scan: Scan Count
# name 1 = prDM: Pressure, Digiquartz [db]
# name 2 = t090C: Temperature [ITS-90, deg C]
# name 3 = t190C: Temperature, 2 [ITS-90, deg C]
# name 4 = T2-T190C: Temperature Difference, 2 - 1 [ITS-90, deg C]
# name 5 = c0S/m: Conductivity [S/m]
# name 6 = c1S/m: Conductivity, 2 [S/m]
# name 7 = pumps: Pump Status
# name 8 = sbeox0ML/L: Oxygen, SBE 43 [ml/l]
# name 9 = sbeox1ML/L: Oxygen, SBE 43, 2 [ml/l]
# name 10 = altM: Altimeter [m]
# name 11 = flECO-AFL: Chl-a Fluorescence, WET Labs ECO-AFL/FL [mg/m^3]
# name 12 = flECO-AFL1: Phycocyanin Fluorescence, WET Labs ECO-AFL/FL, 2 [mg/m^3]
# name 13 = par: PAR/Irradiance, Biospherical/Lico [µE/(cm^2*s)]
# name 14 = turbWETntu0: Turbidity, WET Labs ECO [NTU]
# name 15 = sal00: Salinity, Practical [PSU]
# name 16 = sal11: Salinity, Practical, 2 [PSU]
# name 17 = secS-priS: Salinity, Practical, Difference, 2 - 1 [PSU]
# name 18 = sigma-t00: Density [sigma-t, Kg/m^3 ]
# name 19 = sigma-t11: Density, 2 [sigma-t, Kg/m^3 ]
# name 20 = depSM: Depth [salt water, m], lat = 58.2947
# name 21 = depFM: Depth [true depth, m], lat = 58.2947
# name 22 = dz/dtM: Descent Rate [m/s], WS = 2
# name 23 = svCM: Sound Velocity [Chen-Millero, m/s]
# name 24 = svCM1: Sound Velocity, 2 [Chen-Millero, m/s]
# name 25 = flag: flag
# span 0 =       3454,       9664       
# span 1 =      1.000,    132.500       
# span 2 =     6.1572,    18.2583       
# span 3 =     6.1588,    18.2566       
# span 4 =    -0.0630,     0.2285       
# span 5 =   2.734568,   3.849798       
# span 6 =   2.734590,   3.846891       
# span 7 =          1,          1       
# span 8 =    5.66889,    8.70089       
# span 9 =    5.84700,    8.61773       
# span 10 =       4.18,      98.54      
# span 11 =     0.0329,     5.2653      
# span 12 =     0.1536,     0.5996      
# span 13 = 3.3445e-13, 2.1857e+01      
# span 14 =     0.1613,     0.9459      
# span 15 =    19.5894,    35.0102      
# span 16 =    19.5907,    35.0094      
# span 17 =    -0.2961,     0.0141      
# span 18 =    13.4527,    27.5284      
# span 19 =    13.4543,    27.5273      
# span 20 =      0.991,    131.227      
# span 21 =      1.005,    131.450      
# span 22 =      0.055,      0.617      
# span 23 =    1476.18,    1500.45      
# span 24 =    1476.19,    1500.43      
# span 25 = 0.0000e+00, 0.0000e+00      
# interval = decibars: 0.5              
# start_time = May 27 2018 02:27:11 [NMEA time, first data scan]
# bad_flag = -9.990e-29
*END*
[from data line 112]
       6048     57.000     6.5839     6.5837    -0.0002    3.48703    3.48688          1     6.0861     6.0228      97.24     0.9727     0.3021  1.000e-12  0.1991000    34.9364    34.9350    -0.0014    27.4258    27.4247     56.463     56.607      0.493    1477.90    1477.89  0.000e+00
       6073     57.500     6.5939     6.5961     0.0022    3.48830    3.48841          1     6.0775     6.0302      79.95     0.9665     0.2857  1.000e-12  0.2052000    34.9401    34.9391    -0.0010    27.4273    27.4262     56.958     57.103      0.478    1477.95    1477.96  0.000e+00
       6098     58.000     6.5943     6.5978     0.0035    3.48850    3.48873          1     6.0721     6.0156      91.76     1.0049     0.3107  1.000e-12  0.1978000    34.9417    34.9406    -0.0011    27.4285    27.4271     57.453     57.598      0.474    1477.96    1477.97  0.000e+00
       6124     58.500     6.5915     6.5926     0.0011    3.48830    3.48827          1     6.0762     6.0012      97.14     0.8603     0.3241  1.000e-12  0.1855000    34.9421    34.9406    -0.0014    27.4292    27.4279     57.948     58.094      0.483    1477.96    1477.96  0.000e+00
       6148     59.000     6.6064     6.6058    -0.0007    3.49010    3.48989          1     6.0701     5.9951      97.21     0.8825     0.2926  1.000e-12  0.1819000    34.9466    34.9449    -0.0017    27.4307    27.4295     58.443     58.590      0.499    1478.03    1478.03  0.000e+00
       6172     59.500     6.6470     6.6447    -0.0022    3.49468    3.49429          1     6.0526     5.9707      97.19     0.8357     0.2780  1.000e-12  0.1917000    34.9558    34.9538    -0.0020    27.4325    27.4313     58.939     59.085      0.508    1478.21    1478.20  0.000e+00
       6195     60.000     6.6753     6.6761     0.0008    3.49783    3.49779          1     6.0430     5.9525      97.20     0.7917     0.2514  1.000e-12  0.1823000    34.9617    34.9604    -0.0013    27.4333    27.4322     59.434     59.581      0.520    1478.33    1478.34  0.000e+00
       6218     60.500     6.6858     6.6874     0.0016    3.49900    3.49904          1     6.0342     5.9555      97.18     0.7577     0.2221  1.000e-12  0.1839000    34.9637    34.9625    -0.0012    27.4335    27.4323     59.929     60.077      0.539    1478.39    1478.39  0.000e+00
       6240     61.000     6.6878     6.6892     0.0014    3.49925    3.49927          1     6.0313     5.9749      84.18     0.6575     0.2770  1.000e-12  0.1891000    34.9641    34.9629    -0.0012    27.4335    27.4324     60.424     60.572      0.535    1478.40    1478.41  0.000e+00
       6263     61.500     6.6893     6.6908     0.0015    3.49942    3.49946          1     6.0326     5.9921      35.07     0.5916     0.2786  1.000e-12  0.1836000    34.9642    34.9631    -0.0011    27.4334    27.4324     60.920     61.068      0.528    1478.42    1478.42  0.000e+00
       6285     62.000     6.6898     6.6897    -0.0001    3.49947    3.49932          1     6.0274     5.9862      87.74     0.5889     0.2776  1.000e-12  0.1768000    34.9641    34.9625    -0.0016    27.4333    27.4320     61.415     61.564      0.528    1478.43    1478.43  0.000e+00
       6308     62.500     6.6446     6.6499     0.0053    3.49449    3.49496          1     6.0453     5.9979      79.10     0.5958     0.2989  1.000e-12  0.1813000    34.9546    34.9544    -0.0002    27.4319    27.4310     61.910     62.059      0.527    1478.25    1478.27  0.000e+00
       6331     63.000     6.5489     6.5543     0.0055    3.48491    3.48529          1     6.0634     6.0296      97.32     0.5614     0.2553  1.000e-12  0.1797000    34.9455    34.9442    -0.0013    27.4377    27.4359     62.405     62.555      0.524    1477.87    1477.89  0.000e+00
       6354     63.500     6.5312     6.5330     0.0019    3.48299    3.48312          1     6.0642     6.0187      97.19     0.5023     0.2283  1.000e-12  0.1686000    34.9421    34.9416    -0.0005    27.4373    27.4367     62.900     63.051      0.525    1477.80    1477.81  0.000e+00
       6377     64.000     6.4799     6.4834     0.0036    3.47750    3.47780          1     6.0761     6.0102      97.14     0.5245     0.2444  1.000e-12  0.1796000    34.9331    34.9327    -0.0003    27.4371    27.4363     63.396     63.546      0.531    1477.60    1477.61  0.000e+00
       6399     64.500     6.3574     6.3716     0.0141    3.46499    3.46629          1     6.0921     6.0422      97.14     0.4618     0.2621  1.000e-12  0.1750000    34.9183    34.9183     0.0000    27.4417    27.4398     63.891     64.042      0.536    1477.11    1477.16  0.000e+00
       6421     65.000     6.3221     6.3254     0.0033    3.46141    3.46161          1     6.1026     6.0720      97.17     0.3564     0.2491  1.000e-12  0.1793000    34.9142    34.9130    -0.0012    27.4431    27.4417     64.386     64.538      0.537    1476.97    1476.99  0.000e+00
       6444     65.500     6.3183     6.3235     0.0052    3.46101    3.46141          1     6.1083     6.0752      97.16     0.2926     0.1947  1.000e-12  0.1866000    34.9133    34.9125    -0.0008    27.4429    27.4415     64.881     65.033      0.529    1476.97    1476.98  0.000e+00
       6467     66.000     6.3121     6.3135     0.0014    3.46043    3.46048          1     6.1013     6.0522      88.13     0.2727     0.3003  1.000e-12  0.1792000    34.9130    34.9121    -0.0009    27.4435    27.4426     65.376     65.529      0.522    1476.95    1476.95  0.000e+00
       6490     66.500     6.3117     6.3135     0.0018    3.46048    3.46056          1     6.0938     6.0371      68.92     0.2820     0.2711  1.000e-12  0.1751000    34.9137    34.9127    -0.0010    27.4440    27.4430     65.872     66.025      0.522    1476.96    1476.96  0.000e+00
       6513     67.000     6.3152     6.3154     0.0002    3.46094    3.46083          1     6.0821     6.0293      68.58     0.3035     0.2414  1.000e-12  0.1795000    34.9149    34.9136    -0.0013    27.4446    27.4435     66.367     66.520      0.528    1476.98    1476.98  0.000e+00
       6535     67.500     6.3178     6.3219     0.0041    3.46126    3.46156          1     6.0765     6.0313      62.22     0.3195     0.2409  1.000e-12  0.1644000    34.9156    34.9148    -0.0008    27.4448    27.4436     66.862     67.016      0.538    1477.00    1477.01  0.000e+00
       6557     68.000     6.3422     6.3376    -0.0046    3.46415    3.46334          1     6.0912     6.0245      96.95     0.3092     0.2437  1.000e-12  0.1794000    34.9227    34.9184    -0.0043    27.4472    27.4444     67.357     67.512      0.549    1477.11    1477.09  0.000e+00
       6579     68.500     6.4225     6.4032    -0.0191    3.47309    3.47075          1     6.0874     6.0193      46.42     0.3207     0.2221  1.000e-12  0.1927000    34.9402    34.9338    -0.0065    27.4504    27.4478     67.852     68.007      0.553    1477.46    1477.37  0.000e+00
       6601     69.000     6.5317     6.4923    -0.0395    3.48533    3.48065          1     6.0597     5.9987      80.58     0.3687     0.2492  1.000e-12  0.1781000    34.9648    34.9528    -0.0119    27.4551    27.4510     68.347     68.503      0.543    1477.93    1477.76  0.000e+00
       6623     69.500     6.5571     6.5499    -0.0073    3.48802    3.48708          1     6.0485     5.9731      79.99     0.4661     0.2278  1.000e-12  0.1745000    34.9685    34.9654    -0.0031    27.4547    27.4532     68.843     68.999      0.521    1478.04    1478.01  0.000e+00
       6647     70.000     6.5617     6.5525    -0.0090    3.48861    3.48747          1     6.0400     5.9654      53.65     0.5456     0.2406  1.000e-12  0.1734000    34.9702    34.9668    -0.0033    27.4554    27.4540     69.338     69.494      0.498    1478.07    1478.03  0.000e+00
       6671     70.500     6.5666     6.5672     0.0006    3.48916    3.48913          1     6.0348     5.9746      69.56     0.5761     0.2602  1.000e-12  0.1769000    34.9710    34.9700    -0.0010    27.4554    27.4545     69.833     69.990      0.497    1478.09    1478.09  0.000e+00
       6695     71.000     6.5656     6.5675     0.0019    3.48908    3.48916          1     6.0325     5.9867      39.71     0.5900     0.2957  1.000e-12  0.1781000    34.9709    34.9698    -0.0011    27.4554    27.4543     70.328     70.486      0.529    1478.10    1478.10  0.000e+00
       6717     71.500     6.5664     6.5680     0.0016    3.48918    3.48923          1     6.0426     5.9987      94.61     0.6090     0.2915  1.000e-12  0.1749000    34.9710    34.9699    -0.0011    27.4554    27.4543     70.823     70.981      0.562    1478.11    1478.11  0.000e+00
       6738     72.000     6.5672     6.5696     0.0023    3.48926    3.48941          1     6.0415     5.9916      96.70     0.6265     0.2278  1.000e-12  0.1793000    34.9708    34.9700    -0.0008    27.4551    27.4541     71.319     71.477      0.562    1478.12    1478.13  0.000e+00
       6760     72.500     6.5634     6.5674     0.0040    3.48880    3.48919          1     6.0296     5.9677      42.70     0.5589     0.2901  1.000e-12  0.1867000    34.9691    34.9695     0.0003    27.4543    27.4541     71.814     71.973      0.535    1478.11    1478.13  0.000e+00
       6783     73.000     6.5023     6.5126     0.0102    3.48255    3.48329          1     6.0305     5.9563      62.39     0.5786     0.3217  1.000e-12  0.1689000    34.9618    34.9595    -0.0023    27.4568    27.4536     72.309     72.468      0.510    1477.87    1477.91  0.000e+00
       6807     73.500     6.4697     6.4701     0.0004    3.47914    3.47915          1     6.0439     5.9668      82.00     0.5829     0.2762  1.000e-12  0.1842000    34.9569    34.9567    -0.0002    27.4572    27.4570     72.804     72.964      0.504    1477.75    1477.75  0.000e+00
       6830     74.000     6.4573     6.4578     0.0006    3.47804    3.47798          1     6.0479     5.9757      61.79     0.5294     0.2843  1.000e-12  0.1823000    34.9570    34.9559    -0.0012    27.4590    27.4580     73.299     73.460      0.518    1477.71    1477.71  0.000e+00
       6853     74.500     6.4697     6.4693    -0.0003    3.47957    3.47941          1     6.0473     5.9912      62.10     0.5203     0.2675  1.000e-12  0.1720000    34.9613    34.9597    -0.0015    27.4607    27.4595     73.794     73.955      0.524    1477.77    1477.76  0.000e+00
       6876     75.000     6.4926     6.4946     0.0020    3.48226    3.48232          1     6.0523     5.9921      61.72     0.4352     0.2412  1.000e-12  0.1675000    34.9676    34.9662    -0.0014    27.4626    27.4613     74.290     74.451      0.521    1477.87    1477.88  0.000e+00
       6899     75.500     6.5179     6.5229     0.0050    3.48504    3.48541          1     6.0536     5.9673      80.16     0.3103     0.2475  1.000e-12  0.1658000    34.9724    34.9713    -0.0011    27.4631    27.4615     74.785     74.946      0.514    1477.99    1478.01  0.000e+00
       6923     76.000     6.5315     6.5318     0.0004    3.48651    3.48642          1     6.0510     5.9619      85.80     0.2371     0.2700  1.000e-12  0.1613000    34.9745    34.9732    -0.0014    27.4629    27.4618     75.280     75.442      0.509    1478.05    1478.05  0.000e+00
       6946     76.500     6.5336     6.5348     0.0012    3.48675    3.48677          1     6.0427     5.9700      78.04     0.2232     0.2365  1.000e-12  0.1623000    34.9748    34.9737    -0.0011    27.4628    27.4618     75.775     75.938      0.509    1478.07    1478.07  0.000e+00
       6970     77.000     6.5339     6.5360     0.0021    3.48681    3.48691          1     6.0366     5.9761      62.81     0.2459     0.2336  1.000e-12  0.1673000    34.9749    34.9739    -0.0010    27.4629    27.4618     76.270     76.433      0.513    1478.08    1478.09  0.000e+00
       6993     77.500     6.5341     6.5367     0.0025    3.48688    3.48703          1     6.0367     5.9838      59.08     0.2350     0.1944  1.000e-12  0.1666000    34.9752    34.9743    -0.0009    27.4630    27.4620     76.766     76.929      0.512    1478.09    1478.09  0.000e+00
       7017     78.000     6.5425     6.5444     0.0019    3.48783    3.48790          1     6.0400     5.9802      66.28     0.2259     0.2051  1.000e-12  0.1694000    34.9770    34.9759    -0.0012    27.4634    27.4622     77.261     77.425      0.505    1478.13    1478.13  0.000e+00
       7041     78.500     6.5595     6.5596     0.0002    3.48990    3.48978          1     6.0472     5.9821      72.66     0.2257     0.2508  1.000e-12  0.1672000    34.9824    34.9810    -0.0014    27.4653    27.4642     77.756     77.920      0.505    1478.21    1478.21  0.000e+00
       7064     79.000     6.5732     6.5740     0.0008    3.49157    3.49152          1     6.0361     5.9738      73.26     0.2146     0.2547  1.000e-12  0.1809000    34.9867    34.9853    -0.0014    27.4669    27.4656     78.251     78.416      0.509    1478.28    1478.28  0.000e+00
       7088     79.500     6.5803     6.5814     0.0011    3.49240    3.49240          1     6.0174     5.9584      64.38     0.1739     0.2467  1.000e-12  0.1696000    34.9885    34.9873    -0.0012    27.4673    27.4663     78.746     78.912      0.510    1478.32    1478.32  0.000e+00
       7111     80.000     6.5878     6.5890     0.0011    3.49327    3.49327          1     6.0141     5.9455      56.67     0.1824     0.2377  1.000e-12  0.1724000    34.9902    34.9890    -0.0012    27.4676    27.4665     79.241     79.407      0.508    1478.36    1478.36  0.000e+00
       7135     80.500     6.5909     6.5923     0.0013    3.49362    3.49365          1     6.0084     5.9405      62.12     0.1418     0.2252  1.000e-12  0.1734000    34.9907    34.9896    -0.0011    27.4676    27.4666     79.737     79.903      0.503    1478.38    1478.38  0.000e+00
       7159     81.000     6.5910     6.5930     0.0020    3.49365    3.49375          1     5.9962     5.9398      72.74     0.1352     0.2283  1.000e-12  0.1827000    34.9906    34.9896    -0.0010    27.4676    27.4665     80.232     80.399      0.503    1478.39    1478.39  0.000e+00
       7183     81.500     6.5940     6.5949     0.0009    3.49398    3.49396          1     5.9956     5.9309      55.03     0.1245     0.2237  1.000e-12  0.1850000    34.9910    34.9899    -0.0011    27.4675    27.4665     80.727     80.894      0.511    1478.41    1478.41  0.000e+00
       7206     82.000     6.5935     6.5955     0.0020    3.49396    3.49406          1     5.9952     5.9333      54.53     0.1169     0.2335  1.000e-12  0.1808000    34.9910    34.9901    -0.0009    27.4675    27.4666     81.222     81.390      0.520    1478.41    1478.42  0.000e+00
       7229     82.500     6.5946     6.5964     0.0017    3.49410    3.49418          1     5.9925     5.9394      54.07     0.1106     0.2350  1.000e-12  0.1776000    34.9912    34.9903    -0.0009    27.4675    27.4666     81.717     81.886      0.523    1478.43    1478.43  0.000e+00
       7252     83.000     6.6047     6.6034    -0.0013    3.49526    3.49499          1     5.9941     5.9331      53.58     0.1090     0.2473  1.000e-12  0.1749000    34.9935    34.9919    -0.0016    27.4680    27.4669     82.212     82.381      0.515    1478.48    1478.47  0.000e+00
       7276     83.500     6.6219     6.6199    -0.0019    3.49723    3.49685          1     5.9736     5.9113      62.40     0.1123     0.2487  1.000e-12  0.1743000    34.9977    34.9954    -0.0022    27.4690    27.4675     82.707     82.877      0.491    1478.56    1478.55  0.000e+00
       7301     84.000     6.6469     6.6494     0.0025    3.50011    3.50021          1     5.9310     5.8693      66.26     0.1004     0.2390  1.000e-12  0.1806000    35.0039    35.0024    -0.0015    27.4705    27.4690     83.203     83.373      0.470    1478.67    1478.68  0.000e+00
