ctdpy/exports/archive_20191121_122431/received_data/SBE09_1044_20181017_0931_34_01_0101.cnv
* Sea-Bird SBE 9 Data File:
* FileName = C:\LUOTAUS\DATA_IN\hex_in\SMHI\ar18d101.hex
* Software Version Seasave V 7.23.2
* Temperature SN = 5351
* Conductivity SN = 3941
* Number of Bytes Per Scan = 30
* Number of Voltage Words = 4
* Number of Scans Averaged by the Deck Unit = 1
** Station:  W Landskrona
** Operator:  DBSj
** Ship: ARANDA
** Average sound velocity: 1489.95 m/s
** True-depth calculation Wed, 17 Oct 2018 10:17:23 +0000
** CTD Python Module SMHI /ver 3-12/ feb 2012 
** LIMS Job: 20183401-0101
** Cruise: SMHI-4-2018
** Latitude [GG MM.mm N]: 55 52.028 N
** Longitude [GG MM.mm E] 12 44.901 E
# nquan = 26
# nvalues = 91                          
# units = specified
# name 0 = scan: Scan Count
# name 1 = prDM: Pressure, Digiquartz [db]
# name 2 = t090C: Temperature [ITS-90, deg C]
# name 3 = t190C: Temperature, 2 [ITS-90, deg C]
# name 4 = T2-T190C: Temperature Difference, 2 - 1 [ITS-90, deg C]
# name 5 = c0S/m: Conductivity [S/m]
# name 6 = c1S/m: Conductivity, 2 [S/m]
# name 7 = pumps: Pump Status
# name 8 = sbeox0ML/L: Oxygen, SBE 43 [ml/l]
# name 9 = sbeox1ML/L: Oxygen, SBE 43, 2 [ml/l]
# name 10 = altM: Altimeter [m]
# name 11 = flECO-AFL: Chl-a Fluorescence, WET Labs ECO-AFL/FL [mg/m^3]
# name 12 = flECO-AFL1: Phycocyanin Fluorescence, WET Labs ECO-AFL/FL, 2 [mg/m^3]
# name 13 = par: PAR/Irradiance, Biospherical/Lico [µE/(cm^2*s)]
# name 14 = turbWETntu0: Turbidity, WET Labs ECO [NTU]
# name 15 = sal00: Salinity, Practical [PSU]
# name 16 = sal11: Salinity, Practical, 2 [PSU]
# name 17 = secS-priS: Salinity, Practical, Difference, 2 - 1 [PSU]
# name 18 = sigma-t00: Density [sigma-t, Kg/m^3 ]
# name 19 = sigma-t11: Density, 2 [sigma-t, Kg/m^3 ]
# name 20 = depSM: Depth [salt water, m], lat = 0
# name 21 = depFM: Depth [true depth, m], lat = 0
# name 22 = dz/dtM: Descent Rate [m/s], WS = 2
# name 23 = svCM: Sound Velocity [Chen-Millero, m/s]
# name 24 = svCM1: Sound Velocity, 2 [Chen-Millero, m/s]
# name 25 = flag: flag
# span 0 =      16360,      18924       
# span 1 =      1.500,     46.500       
# span 2 =    13.0488,    13.3260       
# span 3 =    13.0497,    13.3278       
# span 4 =    -0.0092,     0.0037       
# span 5 =   1.286301,   3.562353       
# span 6 =   1.286335,   3.562517       
# span 7 =          1,          1       
# span 8 =    4.08003,    7.03379       
# span 9 =    3.85515,    6.58964       
# span 10 =       3.14,      54.84      
# span 11 =     0.3487,     2.2976      
# span 12 =     0.1504,     0.4920      
# span 13 = 1.0000e-12, 6.5082e+02      
# span 14 =     0.2756,     2.5265      
# span 15 =     9.8164,    29.6943      
# span 16 =     9.8160,    29.6948      
# span 17 =    -0.5952,     0.0485      
# span 18 =     6.9531,    22.2262      
# span 19 =     6.9524,    22.2263      
# span 20 =      1.492,     46.239      
# span 21 =      1.517,     46.504      
# span 22 =      0.007,      0.574      
# span 23 =    1470.77,    1495.74      
# span 24 =    1470.77,    1495.74      
# span 25 = 0.0000e+00, 0.0000e+00      
# interval = decibars: 0.5              
# start_time = Oct 17 2018 09:31:20 [System UTC, header]
# bad_flag = -9.990e-29
*END*
[from data line 56]
      17618     29.500    13.3235    13.3247     0.0012    3.54918    3.54858          1     4.2064     4.0156      19.46     0.3730     0.2797  6.375e-01  1.4511000    29.5711    29.5646    -0.0065    22.1291    22.1239     29.336     29.565      0.562    1495.34    1495.34  0.000e+00
      17639     30.000    13.3243    13.3259     0.0017    3.55404    3.55376          1     4.1856     3.9866      19.53     0.3731     0.2629  5.470e-01  1.5421000    29.6152    29.6113    -0.0039    22.1631    22.1598     29.833     30.063      0.562    1495.41    1495.41  0.000e+00
      17660     30.500    13.3231    13.3246     0.0014    3.55481    3.55522          1     4.1689     3.9689      19.18     0.3631     0.2695  4.628e-01  1.7218000    29.6231    29.6258     0.0027    22.1694    22.1712     30.330     30.562      0.565    1495.42    1495.43  0.000e+00
      17682     31.000    13.3218    13.3234     0.0017    3.55519    3.55520          1     4.1645     3.9615      18.72     0.3736     0.2953  3.875e-01  1.7598000    29.6274    29.6262    -0.0012    22.1730    22.1717     30.827     31.060      0.567    1495.43    1495.43  0.000e+00
      17703     31.500    13.3220    13.3233     0.0013    3.55505    3.55527          1     4.1676     3.9564      18.23     0.3937     0.2484  3.147e-01  1.7765000    29.6258    29.6268     0.0010    22.1717    22.1722     31.325     31.558      0.570    1495.44    1495.44  0.000e+00
      17724     32.000    13.3213    13.3224     0.0011    3.55580    3.55595          1     4.1537     3.9473      17.73     0.3866     0.3043  2.565e-01  1.8024000    29.6331    29.6336     0.0005    22.1774    22.1776     31.822     32.056      0.570    1495.45    1495.46  0.000e+00
      17745     32.500    13.3196    13.3205     0.0009    3.55681    3.55707          1     4.1394     3.9369      17.24     0.3744     0.2583  2.012e-01  1.8474000    29.6436    29.6452     0.0017    22.1859    22.1870     32.319     32.554      0.564    1495.47    1495.47  0.000e+00
      17766     33.000    13.3187    13.3195     0.0008    3.55718    3.55740          1     4.1278     3.9284      16.74     0.3772     0.2420  1.510e-01  1.8907000    29.6476    29.6489     0.0013    22.1891    22.1900     32.816     33.053      0.562    1495.48    1495.48  0.000e+00
      17787     33.500    13.3173    13.3185     0.0012    3.55770    3.55794          1     4.1379     3.9253      16.25     0.3741     0.2504  1.153e-01  1.8524000    29.6533    29.6545     0.0013    22.1938    22.1946     33.313     33.551      0.567    1495.49    1495.49  0.000e+00
      17809     34.000    13.3172    13.3186     0.0015    3.55777    3.55788          1     4.1525     3.9274      15.75     0.3640     0.2493  8.590e-02  1.8353000    29.6538    29.6537    -0.0001    22.1942    22.1939     33.810     34.049      0.569    1495.50    1495.50  0.000e+00
      17830     34.500    13.3182    13.3204     0.0022    3.55747    3.55736          1     4.1529     3.9333      15.26     0.3627     0.2783  5.728e-02  1.9087000    29.6501    29.6473    -0.0027    22.1912    22.1887     34.308     34.547      0.562    1495.50    1495.51  0.000e+00
      17851     35.000    13.3180    13.3199     0.0019    3.55763    3.55757          1     4.1515     3.9311      14.77     0.3783     0.2784  3.070e-02  1.9063000    29.6514    29.6495    -0.0020    22.1923    22.1904     34.805     35.045      0.557    1495.51    1495.52  0.000e+00
      17873     35.500    13.3182    13.3195     0.0013    3.55771    3.55780          1     4.1471     3.9226      14.26     0.3927     0.2721  1.170e-02  1.8987000    29.6519    29.6517    -0.0002    22.1926    22.1922     35.302     35.544      0.557    1495.52    1495.52  0.000e+00
      17894     36.000    13.3173    13.3187     0.0014    3.55825    3.55833          1     4.1420     3.9193      13.77     0.3957     0.2545  5.640e-04  1.9618000    29.6573    29.6570    -0.0003    22.1970    22.1965     35.799     36.042      0.556    1495.53    1495.54  0.000e+00
      17916     36.500    13.3171    13.3184     0.0012    3.55833    3.55858          1     4.1341     3.9156      13.29     0.3772     0.2322  9.026e-07  2.1219000    29.6581    29.6594     0.0013    22.1976    22.1984     36.296     36.540      0.552    1495.54    1495.55  0.000e+00
      17938     37.000    13.3170    13.3187     0.0017    3.55839    3.55843          1     4.1267     3.9128      12.78     0.3850     0.2086  1.000e-12  2.0121000    29.6585    29.6576    -0.0010    22.1979    22.1969     36.793     37.038      0.529    1495.55    1495.55  0.000e+00
      17962     37.500    13.3165    13.3183     0.0019    3.55863    3.55856          1     4.1205     3.9072      12.26     0.3858     0.2484  1.000e-12  2.1264000    29.6610    29.6589    -0.0021    22.2000    22.1980     37.291     37.537      0.472    1495.56    1495.56  0.000e+00
      17989     38.000    13.3162    13.3176     0.0015    3.55882    3.55885          1     4.1117     3.9066      11.74     0.3660     0.2737  1.000e-12  1.9434000    29.6628    29.6620    -0.0008    22.2014    22.2005     37.788     38.035      0.416    1495.57    1495.57  0.000e+00
      18020     38.500    13.3152    13.3169     0.0017    3.56001    3.55974          1     4.1025     3.8993      11.20     0.3663     0.2461  1.000e-12  1.9610000    29.6744    29.6706    -0.0039    22.2106    22.2072     38.285     38.533      0.379    1495.59    1495.59  0.000e+00
      18052     39.000    13.3152    13.3168     0.0016    3.56016    3.56009          1     4.1046     3.8926      10.69     0.3699     0.2927  1.000e-12  1.9943000    29.6756    29.6737    -0.0019    22.2115    22.2097     38.782     39.031      0.362    1495.60    1495.60  0.000e+00
      18086     39.500    13.3147    13.3164     0.0017    3.56084    3.56066          1     4.0913     3.8883       9.07     0.3726     0.2894  1.000e-12  2.0963000    29.6821    29.6791    -0.0031    22.2166    22.2139     39.279     39.529      0.341    1495.61    1495.61  0.000e+00
      18123     40.000    13.3144    13.3161     0.0017    3.56124    3.56113          1     4.0941     3.8840       7.82     0.3683     0.2649  1.000e-12  2.0707000    29.6858    29.6835    -0.0023    22.2195    22.2174     39.776     40.028      0.326    1495.62    1495.62  0.000e+00
      18160     40.500    13.3145    13.3160     0.0016    3.56129    3.56131          1     4.0900     3.8798       8.71     0.3679     0.2003  1.000e-12  2.1541000    29.6861    29.6851    -0.0010    22.2197    22.2186     40.274     40.526      0.319    1495.63    1495.63  0.000e+00
      18198     41.000    13.3147    13.3159     0.0012    3.56100    3.56153          1     4.1106     3.8832       8.67     0.3776     0.2639  1.000e-12  2.5265000    29.6831    29.6870     0.0039    22.2173    22.2201     40.771     41.024      0.320    1495.64    1495.65  0.000e+00
      18235     41.500    13.3148    13.3164     0.0016    3.56094    3.56096          1     4.1062     3.8863       8.23     0.3804     0.2500  1.000e-12  2.2754000    29.6822    29.6811    -0.0010    22.2166    22.2155     41.268     41.522      0.326    1495.64    1495.65  0.000e+00
      18271     42.000    13.3145    13.3160     0.0016    3.56094    3.56132          1     4.0881     3.8817       7.77     0.3643     0.2382  1.000e-12  2.2702000    29.6823    29.6846     0.0023    22.2168    22.2183     41.765     42.020      0.333    1495.65    1495.66  0.000e+00
      18308     42.500    13.3148    13.3161     0.0014    3.56090    3.56095          1     4.0989     3.8823       7.28     0.3832     0.2615  1.000e-12  2.1345000    29.6815    29.6809    -0.0006    22.2161    22.2154     42.262     42.519      0.323    1495.66    1495.66  0.000e+00
      18345     43.000    13.3150    13.3165     0.0015    3.56071    3.56086          1     4.0908     3.8813       6.77     0.3929     0.2862  1.000e-12  2.2065000    29.6793    29.6796     0.0003    22.2144    22.2143     42.759     43.017      0.320    1495.67    1495.67  0.000e+00
      18383     43.500    13.3145    13.3161     0.0016    3.56171    3.56169          1     4.0983     3.8758       6.25     0.4046     0.2612  1.000e-12  2.1701000    29.6889    29.6874    -0.0015    22.2219    22.2204     43.256     43.515      0.309    1495.68    1495.69  0.000e+00
      18422     44.000    13.3145    13.3160     0.0015    3.56180    3.56190          1     4.0951     3.8727       5.77     0.4318     0.2358  1.000e-12  2.4185000    29.6895    29.6892    -0.0003    22.2224    22.2219     43.754     44.013      0.314    1495.69    1495.70  0.000e+00
      18460     44.500    13.3146    13.3159     0.0014    3.56185    3.56195          1     4.0960     3.8720       5.26     0.3938     0.2089  1.000e-12  2.2229000    29.6897    29.6896    -0.0001    22.2225    22.2221     44.251     44.511      0.318    1495.70    1495.71  0.000e+00
      18497     45.000    13.3148    13.3163     0.0016    3.56184    3.56179          1     4.0829     3.8770       4.79     0.3989     0.2625  1.000e-12  2.2998000    29.6893    29.6876    -0.0017    22.2221    22.2205     44.748     45.010      0.322    1495.71    1495.71  0.000e+00
      18534     45.500    13.3145    13.3161     0.0017    3.56208    3.56208          1     4.0869     3.8719       4.31     0.3962     0.2793  1.000e-12  2.1683000    29.6915    29.6902    -0.0013    22.2239    22.2226     45.245     45.508      0.323    1495.72    1495.72  0.000e+00
      18572     46.000    13.3140    13.3157     0.0017    3.56235    3.56229          1     4.0854     3.8659       3.82     0.4097     0.2604  1.000e-12  2.3157000    29.6943    29.6923    -0.0019    22.2261    22.2243     45.742     46.006      0.309    1495.73    1495.73  0.000e+00
      18924     46.500    13.3138    13.3151     0.0013    3.56235    3.56252          1     4.0800     3.8552       3.14     0.4040     0.2603  1.000e-12  2.2710000    29.6943    29.6948     0.0005    22.2262    22.2263     46.239     46.504      0.007    1495.74    1495.74  0.000e+00
