ctdpy/exports/archive_20191121_122431/received_data/SBE09_0827_20181121_1345_26_01_1215.cnv
* Sea-Bird SBE 9 Data File:
* FileName = D:\CTD_SBE911\DAT\26DA.2018.12.15.hex
* Software Version Seasave V 7.21d
* Temperature SN = 4548
* Conductivity SN = 3062
* Number of Bytes Per Scan = 48
* Number of Voltage Words = 5
* Number of Scans Averaged by the Deck Unit = 1
* NMEA Latitude = 55 42.92 N
* NMEA Longitude = 014 44.81 E
* NMEA UTC (Time) = Nov 21 2018  13:46:07
* NMEA baud rate = 4800
** Ship: DANA
** Average sound velocity: 1449.24 m/s
** True-depth calculation Tue, 02 Apr 2019 12:12:27 +0000
** CTD Python Module SMHI /ver 3-12/ feb 2012 
** LIMS Job: 20182601-1215
** Operator: Ronny
** Cruise: 12/2018
# nquan = 26
# nvalues = 102                         
# units = specified
# name 0 = scan: Scan Count
# name 1 = prDM: Pressure, Digiquartz [db]
# name 2 = t090C: Temperature [ITS-90, deg C]
# name 3 = t190C: Temperature, 2 [ITS-90, deg C]
# name 4 = T2-T190C: Temperature Difference, 2 - 1 [ITS-90, deg C]
# name 5 = c0S/m: Conductivity [S/m]
# name 6 = c1S/m: Conductivity, 2 [S/m]
# name 7 = pumps: Pump Status
# name 8 = sbeox1ML/L: Oxygen, SBE 43, 2 [ml/l]
# name 9 = sbeox0ML/L: Oxygen, SBE 43 [ml/l]
# name 10 = altM: Altimeter [m]
# name 11 = chloroflTC0: Chlorophyll, Turner Cyclops [ug/l]
# name 12 = cpar: CPAR/Corrected Irradiance [%]
# name 13 = par: PAR/Irradiance, Biospherical/Lico [µE/(cm^2*s)]
# name 14 = spar: SPAR, Biospherical/Licor
# name 15 = sal00: Salinity, Practical [PSU]
# name 16 = sal11: Salinity, Practical, 2 [PSU]
# name 17 = secS-priS: Salinity, Practical, Difference, 2 - 1 [PSU]
# name 18 = sigma-t00: Density [sigma-t, kg/m^3 ]
# name 19 = sigma-t11: Density, 2 [sigma-t, kg/m^3 ]
# name 20 = depSM: Depth [salt water, m], lat = 55.7153
# name 21 = depFM: Depth [true depth, m], lat = 55.7153
# name 22 = dz/dtM: Descent Rate [m/s], WS = 2
# name 23 = svCM: Sound Velocity [Chen-Millero, m/s]
# name 24 = svCM1: Sound Velocity, 2 [Chen-Millero, m/s]
# name 25 = flag: flag
# span 0 =         66,       5305       
# span 1 =      1.000,     51.500       
# span 2 =     8.0093,     8.1860       
# span 3 =     8.0101,     8.2013       
# span 4 =    -0.0255,     0.0456       
# span 5 =   0.893657,   0.920157       
# span 6 =   0.893705,   0.921761       
# span 7 =          1,          1       
# span 8 =     6.8869,     7.3850       
# span 9 =     7.1016,     7.6102       
# span 10 =       1.77,       9.99      
# span 11 =     0.0230,     0.0301      
# span 12 = 2.0517e-12, 1.0389e+01      
# span 13 = 9.6700e-13, 3.7978e+00      
# span 14 = 3.6555e+01, 4.8740e+01      
# span 15 =     7.6078,     7.8236      
# span 16 =     7.6080,     7.8363      
# span 17 =    -0.0025,     0.0261      
# span 18 =     5.8304,     5.9915      
# span 19 =     5.8307,     6.0007      
# span 20 =      0.991,     51.026      
# span 21 =      1.013,     52.150      
# span 22 =      0.172,      0.788      
# span 23 =    1448.74,    1450.32      
# span 24 =    1448.74,    1450.36      
# span 25 = 0.0000e+00, 0.0000e+00      
# interval = decibars: 0.5              
# start_time = Nov 21 2018 13:46:08 [NMEA time, first data scan]
# bad_flag = -9.990e-29
*END*
[from data line 56]
       2898     29.000     8.0187     8.0184    -0.0003    0.89512    0.89497          1     7.3561     7.5901       9.96     0.0269  2.258e-12  1.000e-12  4.431e+01     7.6164     7.6151    -0.0013     5.8366     5.8356     28.735     29.366      0.235    1449.22    1449.22  0.000e+00
       2960     29.500     8.0176     8.0180     0.0004    0.89492    0.89490          1     7.3549     7.5806       9.96     0.0269  2.237e-12  1.000e-12  4.471e+01     7.6148     7.6145    -0.0003     5.8354     5.8351     29.230     29.873      0.337    1449.22    1449.22  0.000e+00
       2989     30.000     8.0175     8.0181     0.0006    0.89491    0.89492          1     7.3612     7.5926       9.96     0.0264  2.238e-12  1.000e-12  4.468e+01     7.6146     7.6146    -0.0000     5.8353     5.8352     29.726     30.379      0.337    1449.23    1449.23  0.000e+00
       3062     30.500     8.0178     8.0187     0.0008    0.89493    0.89494          1     7.3647     7.5953       9.96     0.0269  2.238e-12  1.000e-12  4.468e+01     7.6147     7.6146    -0.0002     5.8354     5.8352     30.221     30.885      0.320    1449.24    1449.24  0.000e+00
       3094     31.000     8.0184     8.0193     0.0010    0.89497    0.89499          1     7.3480     7.5965       9.96     0.0265  2.238e-12  1.000e-12  4.468e+01     7.6148     7.6149     0.0000     5.8354     5.8353     30.716     31.392      0.550    1449.25    1449.25  0.000e+00
       3115     31.500     8.0188     8.0196     0.0008    0.89501    0.89500          1     7.3403     7.5896       9.96     0.0269  2.238e-12  1.000e-12  4.468e+01     7.6151     7.6148    -0.0003     5.8356     5.8353     31.212     31.898      0.467    1449.26    1449.26  0.000e+00
       3170     32.000     8.0188     8.0196     0.0008    0.89499    0.89501          1     7.3519     7.5848       9.96     0.0277  2.238e-12  1.000e-12  4.468e+01     7.6148     7.6149     0.0001     5.8353     5.8353     31.707     32.404      0.242    1449.27    1449.27  0.000e+00
       3227     32.500     8.0189     8.0198     0.0009    0.89502    0.89504          1     7.3524     7.5855       9.96     0.0276  2.238e-12  1.000e-12  4.468e+01     7.6150     7.6151     0.0000     5.8355     5.8354     32.202     32.910      0.345    1449.28    1449.28  0.000e+00
       3269     33.000     8.0192     8.0195     0.0003    0.89505    0.89503          1     7.3655     7.5878       9.96     0.0272  2.227e-12  1.000e-12  4.492e+01     7.6152     7.6150    -0.0002     5.8356     5.8354     32.698     33.417      0.231    1449.29    1449.29  0.000e+00
       3326     33.500     8.0184     8.0190     0.0006    0.89503    0.89504          1     7.3625     7.5898       9.96     0.0280  2.150e-12  1.000e-12  4.652e+01     7.6151     7.6150    -0.0001     5.8356     5.8355     33.193     33.923      0.250    1449.29    1449.29  0.000e+00
       3365     34.000     8.0173     8.0171    -0.0001    0.89511    0.89514          1     7.3484     7.5802       9.96     0.0275  2.141e-12  1.000e-12  4.671e+01     7.6160     7.6163     0.0003     5.8364     5.8367     33.689     34.429      0.346    1449.29    1449.29  0.000e+00
       3398     34.500     8.0153     8.0156     0.0003    0.89526    0.89523          1     7.3364     7.5853       9.96     0.0269  2.141e-12  1.000e-12  4.671e+01     7.6178     7.6175    -0.0003     5.8379     5.8377     34.184     34.936      0.360    1449.30    1449.30  0.000e+00
       3438     35.000     8.0146     8.0147     0.0001    0.89527    0.89528          1     7.3488     7.5899       9.96     0.0270  2.141e-12  1.000e-12  4.671e+01     7.6179     7.6181     0.0001     5.8381     5.8382     34.679     35.442      0.231    1449.30    1449.30  0.000e+00
       3503     35.500     8.0150     8.0156     0.0005    0.89529    0.89530          1     7.3522     7.5872       9.96     0.0277  2.141e-12  1.000e-12  4.671e+01     7.6179     7.6179    -0.0000     5.8381     5.8380     35.175     35.948      0.259    1449.31    1449.31  0.000e+00
       3542     36.000     8.0160     8.0180     0.0019    0.89533    0.89533          1     7.3440     7.5843       9.96     0.0269  2.141e-12  1.000e-12  4.671e+01     7.6181     7.6177    -0.0004     5.8381     5.8377     35.670     36.455      0.294    1449.33    1449.33  0.000e+00
       3592     36.500     8.0177     8.0186     0.0009    0.89532    0.89532          1     7.3676     7.5868       9.96     0.0271  2.141e-12  1.000e-12  4.671e+01     7.6176     7.6174    -0.0002     5.8376     5.8374     36.166     36.961      0.224    1449.34    1449.34  0.000e+00
       3639     37.000     8.0178     8.0184     0.0006    0.89536    0.89535          1     7.3538     7.5754       9.96     0.0270  2.141e-12  1.000e-12  4.671e+01     7.6178     7.6176    -0.0002     5.8377     5.8376     36.661     37.467      0.298    1449.35    1449.35  0.000e+00
       3682     37.500     8.0171     8.0171    -0.0000    0.89544    0.89544          1     7.3621     7.5806       9.96     0.0269  2.141e-12  1.000e-12  4.671e+01     7.6187     7.6187    -0.0000     5.8385     5.8385     37.156     37.974      0.251    1449.35    1449.35  0.000e+00
       3730     38.000     8.0160     8.0183     0.0023    0.89553    0.89562          1     7.3540     7.5810       9.96     0.0281  2.141e-12  1.000e-12  4.671e+01     7.6196     7.6200     0.0004     5.8393     5.8394     37.652     38.480      0.287    1449.36    1449.37  0.000e+00
       3766     38.500     8.0194     8.0199     0.0004    0.89577    0.89578          1     7.3255     7.5681       9.96     0.0272  2.141e-12  1.000e-12  4.671e+01     7.6211     7.6211    -0.0000     5.8402     5.8402     38.147     38.986      0.363    1449.38    1449.38  0.000e+00
       3800     39.000     8.0190     8.0206     0.0017    0.89575    0.89582          1     7.3271     7.5666       9.96     0.0270  2.141e-12  1.000e-12  4.671e+01     7.6209     7.6212     0.0002     5.8401     5.8402     38.642     39.493      0.309    1449.39    1449.39  0.000e+00
       3874     39.500     8.0231     8.0285     0.0054    0.89601    0.89629          1     7.3377     7.5668       9.96     0.0272  2.096e-12  1.000e-12  4.774e+01     7.6223     7.6238     0.0014     5.8409     5.8415     39.138     39.999      0.222    1449.41    1449.44  0.000e+00
       3924     40.000     8.0272     8.0277     0.0005    0.89625    0.89625          1     7.3262     7.5606       9.96     0.0269  2.068e-12  1.000e-12  4.837e+01     7.6236     7.6235    -0.0001     5.8415     5.8414     39.633     40.505      0.370    1449.44    1449.44  0.000e+00
       3956     40.500     8.0256     8.0270     0.0014    0.89616    0.89621          1     7.3321     7.5678       9.96     0.0268  2.058e-12  1.000e-12  4.860e+01     7.6231     7.6232     0.0002     5.8412     5.8412     40.129     41.011      0.337    1449.44    1449.45  0.000e+00
       4000     41.000     8.0255     8.0243    -0.0012    0.89616    0.89605          1     7.3320     7.5663       9.96     0.0275  2.053e-12  1.000e-12  4.871e+01     7.6230     7.6223    -0.0007     5.8412     5.8407     40.624     41.518      0.238    1449.45    1449.44  0.000e+00
       4049     41.500     8.0234     8.0240     0.0006    0.89605    0.89605          1     7.3390     7.5642       9.96     0.0269  2.052e-12  1.000e-12  4.874e+01     7.6224     7.6223    -0.0001     5.8409     5.8407     41.119     42.024      0.270    1449.45    1449.45  0.000e+00
       4093     42.000     8.0237     8.0253     0.0016    0.89607    0.89612          1     7.3417     7.5717       9.96     0.0269  2.052e-12  1.000e-12  4.874e+01     7.6225     7.6226     0.0001     5.8409     5.8409     41.615     42.530      0.265    1449.46    1449.46  0.000e+00
       4138     42.500     8.0264     8.0259    -0.0005    0.89623    0.89616          1     7.3270     7.5623       9.96     0.0272  2.052e-12  1.000e-12  4.874e+01     7.6233     7.6227    -0.0006     5.8413     5.8409     42.110     43.037      0.255    1449.48    1449.47  0.000e+00
       4188     43.000     8.0261     8.0260    -0.0001    0.89622    0.89617          1     7.3308     7.5612       9.96     0.0276  2.052e-12  1.000e-12  4.874e+01     7.6232     7.6227    -0.0004     5.8413     5.8409     42.605     43.543      0.256    1449.48    1449.48  0.000e+00
       4230     43.500     8.0243     8.0324     0.0081    0.89612    0.89652          1     7.3339     7.5671       9.96     0.0270  2.052e-12  1.000e-12  4.874e+01     7.6226     7.6245     0.0019     5.8410     5.8418     43.101     44.049      0.280    1449.48    1449.52  0.000e+00
       4285     44.000     8.0422     8.0506     0.0083    0.89721    0.89762          1     7.3068     7.5436       9.68     0.0274  2.052e-12  1.000e-12  4.874e+01     7.6286     7.6306     0.0020     5.8442     5.8451     43.596     44.556      0.205    1449.57    1449.61  0.000e+00
       4336     44.500     8.0418     8.0353    -0.0065    0.89720    0.89677          1     7.3166     7.5317       9.22     0.0269  2.052e-12  1.000e-12  4.874e+01     7.6285     7.6260    -0.0025     5.8442     5.8428     44.091     45.062      0.350    1449.58    1449.55  0.000e+00
       4365     45.000     8.0415     8.0426     0.0011    0.89716    0.89717          1     7.3187     7.5396       8.73     0.0267  2.052e-12  1.000e-12  4.874e+01     7.6282     7.6280    -0.0002     5.8440     5.8437     44.587     45.568      0.424    1449.58    1449.59  0.000e+00
       4404     45.500     8.0420     8.0478     0.0058    0.89720    0.89746          1     7.3079     7.5415       8.15     0.0266  2.052e-12  1.000e-12  4.874e+01     7.6284     7.6295     0.0011     5.8441     5.8445     45.082     46.075      0.304    1449.59    1449.62  0.000e+00
       4505     46.000     8.0439     8.0480     0.0040    0.89729    0.89751          1     7.2925     7.5325       7.68     0.0269  2.052e-12  1.000e-12  4.874e+01     7.6287     7.6299     0.0011     5.8442     5.8447     45.577     46.581      0.455    1449.61    1449.63  0.000e+00
       4524     46.500     8.0717     8.0909     0.0193    0.89898    0.89982          1     7.2695     7.5160       7.21     0.0257  2.052e-12  1.000e-12  4.874e+01     7.6381     7.6416     0.0036     5.8492     5.8504     46.073     47.087      0.528    1449.74    1449.83  0.000e+00
       4555     47.000     8.1041     8.1496     0.0456    0.90067    0.90334          1     7.2271     7.4788       6.56     0.0264  2.052e-12  1.000e-12  4.874e+01     7.6464     7.6610     0.0146     5.8530     5.8606     46.568     47.593      0.284    1449.89    1450.10  0.000e+00
       4621     47.500     8.1682     8.2013     0.0331    0.90565    0.90817          1     7.1236     7.3914       6.03     0.0259  2.052e-12  1.000e-12  4.874e+01     7.6779     7.6936     0.0158     5.8722     5.8818     47.064     48.100      0.339    1450.20    1450.36  0.000e+00
       4648     48.000     8.1860     8.1604    -0.0255    0.90935    0.91160          1     7.0520     7.2747       5.57     0.0248  2.052e-12  1.000e-12  4.874e+01     7.7077     7.7339     0.0261     5.8941     5.9167     47.559     48.606      0.407    1450.32    1450.25  0.000e+00
       4688     48.500     8.1605     8.1518    -0.0088    0.91143    0.91209          1     6.9777     7.1928       4.97     0.0241  2.052e-12  1.000e-12  4.874e+01     7.7321     7.7401     0.0080     5.9154     5.9223     48.054     49.112      0.232    1450.25    1450.23  0.000e+00
       4756     49.000     8.1454     8.1420    -0.0035    0.91230    0.91253          1     6.9517     7.1614       4.40     0.0244  2.052e-12  1.000e-12  4.874e+01     7.7434     7.7463     0.0029     5.9255     5.9280     48.550     49.619      0.172    1450.22    1450.20  0.000e+00
       4836     49.500     8.1384     8.1276    -0.0108    0.91248    0.91291          1     6.9298     7.1730       3.96     0.0240  2.052e-12  1.000e-12  4.874e+01     7.7465     7.7528     0.0063     5.9285     5.9343     49.045     50.125      0.367    1450.20    1450.16  0.000e+00
       4860     50.000     8.1271     8.1097    -0.0173    0.91294    0.91353          1     6.9098     7.1423       3.49     0.0230  2.052e-12  1.000e-12  4.874e+01     7.7531     7.7624     0.0093     5.9346     5.9433     49.540     50.631      0.444    1450.17    1450.11  0.000e+00
       4891     50.500     8.1127     8.1027    -0.0101    0.91344    0.91374          1     6.9089     7.1176       2.90     0.0230  2.052e-12  1.000e-12  4.874e+01     7.7608     7.7658     0.0050     5.9418     5.9466     50.036     51.137      0.339    1450.13    1450.09  0.000e+00
       4966     51.000     8.1043     8.1007    -0.0036    0.91448    0.91623          1     6.8869     7.1016       2.31     0.0234  2.058e-12  1.000e-12  4.860e+01     7.7722     7.7890     0.0168     5.9514     5.9649     50.531     51.644      0.209    1450.11    1450.12  0.000e+00
       5305     51.500     8.1064     8.1151     0.0089    0.92016    0.92176          1 -9.990e-29 -9.990e-29       1.77     0.0232  2.146e-12  1.000e-12  4.659e+01     7.8236     7.8363     0.0127     5.9915     6.0007     51.026     52.150      0.172    1450.20    1450.25  0.000e+00
