ctdpy/exports/archive_20191121_122431/received_data/SBE09_0827_20181003_2258_26_01_1003.cnv
* Sea-Bird SBE 9 Data File:
* FileName = D:\CTD_SBE911\DAT\26DA.2018.10.3.hex
* Software Version Seasave V 7.21d
* Temperature SN = 4548
* Conductivity SN = 3062
* Number of Bytes Per Scan = 48
* Number of Voltage Words = 5
* Number of Scans Averaged by the Deck Unit = 1
* NMEA Latitude = 55 24.65 N
* NMEA Longitude = 014 43.81 E
* NMEA UTC (Time) = Oct 03 2018  23:01:27
* NMEA baud rate = 4800
** Ship: DANA
** Average sound velocity: 1476.22 m/s
** True-depth calculation Thu, 28 Mar 2019 12:16:27 +0000
** CTD Python Module SMHI /ver 3-12/ feb 2012 
** LIMS Job: 20182601-1003
** Operator: Christian A-KTh
** Cruise: 09/2018
# nquan = 26
# nvalues = 131                         
# units = specified
# name 0 = scan: Scan Count
# name 1 = prDM: Pressure, Digiquartz [db]
# name 2 = t090C: Temperature [ITS-90, deg C]
# name 3 = t190C: Temperature, 2 [ITS-90, deg C]
# name 4 = T2-T190C: Temperature Difference, 2 - 1 [ITS-90, deg C]
# name 5 = c0S/m: Conductivity [S/m]
# name 6 = c1S/m: Conductivity, 2 [S/m]
# name 7 = pumps: Pump Status
# name 8 = sbeox1ML/L: Oxygen, SBE 43, 2 [ml/l]
# name 9 = sbeox0ML/L: Oxygen, SBE 43 [ml/l]
# name 10 = altM: Altimeter [m]
# name 11 = chloroflTC0: Chlorophyll, Turner Cyclops [ug/l]
# name 12 = cpar: CPAR/Corrected Irradiance [%]
# name 13 = par: PAR/Irradiance, Biospherical/Lico [µE/(cm^2*s)]
# name 14 = spar: SPAR, Biospherical/Licor
# name 15 = sal00: Salinity, Practical [PSU]
# name 16 = sal11: Salinity, Practical, 2 [PSU]
# name 17 = secS-priS: Salinity, Practical, Difference, 2 - 1 [PSU]
# name 18 = sigma-t00: Density [sigma-t, kg/m^3 ]
# name 19 = sigma-t11: Density, 2 [sigma-t, kg/m^3 ]
# name 20 = depSM: Depth [salt water, m], lat = 55.4108
# name 21 = depFM: Depth [true depth, m], lat = 55.4108
# name 22 = dz/dtM: Descent Rate [m/s], WS = 2
# name 23 = svCM: Sound Velocity [Chen-Millero, m/s]
# name 24 = svCM1: Sound Velocity, 2 [Chen-Millero, m/s]
# name 25 = flag: flag
# span 0 =       -118,       6354       
# span 1 =      1.500,     66.500       
# span 2 =     9.7376,    15.4721       
# span 3 =     9.6808,    15.4735       
# span 4 =    -0.7562,     0.1777       
# span 5 =   1.020547,   2.392889       
# span 6 =   1.021596,   2.393554       
# span 7 =          1,          1       
# span 8 =     2.1584,     7.0538       
# span 9 =     2.0180,     6.6009       
# span 10 =       1.73,       9.97      
# span 11 =     0.0000,     0.0000      
# span 12 = 4.9241e-11, 4.9241e-11      
# span 13 = 1.0000e-12, 1.0000e-12      
# span 14 = 2.0308e+00, 2.0308e+00      
# span 15 =     7.7028,    18.1142      
# span 16 =     7.7033,    18.1191      
# span 17 =    -0.0017,     0.2329      
# span 18 =     5.2740,    12.9075      
# span 19 =     5.2743,    12.9110      
# span 20 =      1.486,     65.888      
# span 21 =      1.520,     67.170      
# span 22 =     -0.098,      0.577      
# span 23 =    1456.92,    1489.75      
# span 24 =    1456.72,    1489.76      
# span 25 = 0.0000e+00, 0.0000e+00      
# interval = decibars: 0.5              
# start_time = Oct 03 2018 23:01:27 [NMEA time, first data scan]
# bad_flag = -9.990e-29
*END*
[from data line 56]
       2964     29.500    14.1123    14.0704    -0.0418    1.43916    1.43910          1     4.9531     4.7075       9.97     0.0000  4.924e-11  1.000e-12  2.031e+00    10.7837    10.7947     0.0111     7.5331     7.5485     29.231     29.875      0.394    1476.04    1475.90  0.000e+00
       3001     30.000    13.7179    13.5829    -0.1330    1.42694    1.42453          1     4.9243     4.5937       9.97     0.0000  4.924e-11  1.000e-12  2.031e+00    10.7938    10.8117     0.0179     7.6046     7.6397     29.726     30.380      0.250    1474.68    1474.22  0.000e+00
       3061     30.500    14.1011    14.1897     0.0886    1.47167    1.47883          1     5.1876     4.8261       9.97     0.0000  4.924e-11  1.000e-12  2.031e+00    11.0506    11.0835     0.0329     7.7397     7.7504     30.222     30.885      0.312    1476.32    1476.67  0.000e+00
       3093     31.000    14.2375    14.1096    -0.1281    1.51184    1.51167          1     4.7724     4.5629       9.97     0.0000  4.924e-11  1.000e-12  2.031e+00    11.3386    11.3745     0.0359     7.9382     7.9865     30.717     31.391      0.373    1477.14    1476.74  0.000e+00
       3135     31.500    12.9663    12.2090    -0.7562    1.46070    1.43503          1     4.3493     4.1654       9.97     0.0000  4.924e-11  1.000e-12  2.031e+00    11.2889    11.2983     0.0094     8.1007     8.2217     31.213     31.896      0.239    1472.61    1469.90  0.000e+00
       3197     32.000    11.2462    11.1322    -0.1139    1.39216    1.39011          1     3.9226     3.8961       9.97     0.0000  4.924e-11  1.000e-12  2.031e+00    11.2192    11.2358     0.0166     8.2938     8.3213     31.708     32.401      0.360    1466.27    1465.86  0.000e+00
       3225     32.500    11.4218    11.5116     0.0894    1.44889    1.46334          1     3.5791     3.5691       9.97     0.0000  4.924e-11  1.000e-12  2.031e+00    11.6593    11.7569     0.0975     8.6100     8.6732     32.203     32.906      0.380    1467.45    1467.90  0.000e+00
       3264     33.000    11.7935    11.8688     0.0759    1.49678    1.50848          1     3.3602     3.2490       9.97     0.0000  4.924e-11  1.000e-12  2.031e+00    11.9578    12.0351     0.0773     8.7896     8.8387     32.699     33.411      0.267    1469.19    1469.56  0.000e+00
       3312     33.500    12.2544    12.2814     0.0269    1.55198    1.55523          1     3.1841     3.0627       9.97     0.0000  4.924e-11  1.000e-12  2.031e+00    12.2857    12.3047     0.0191     8.9770     8.9878     33.194     33.916      0.248    1471.27    1471.39  0.000e+00
       3360     34.000    12.6883    12.8086     0.1201    1.60726    1.61772          1     3.1167     2.9740       9.97     0.0000  4.924e-11  1.000e-12  2.031e+00    12.6154    12.6644     0.0490     9.1664     9.1858     33.690     34.420      0.288    1473.23    1473.72  0.000e+00
       3394     34.500    13.0355    13.1052     0.0698    1.64195    1.64754          1     3.0645     2.9176       9.97     0.0000  4.924e-11  1.000e-12  2.031e+00    12.7944    12.8183     0.0239     9.2510     9.2585     34.185     34.925      0.388    1474.69    1474.97  0.000e+00
       3427     35.000    13.4020    13.5791     0.1777    1.68052    1.69696          1     2.9545     2.8082       9.97     0.0000  4.924e-11  1.000e-12  2.031e+00    12.9959    13.0735     0.0776     9.3479     9.3788     34.680     35.430      0.288    1476.24    1476.95  0.000e+00
       3496     35.500    13.7929    13.9109     0.1178    1.72375    1.73474          1     2.7893     2.6190       9.97     0.0000  4.924e-11  1.000e-12  2.031e+00    13.2246    13.2759     0.0513     9.4599     9.4798     35.176     35.934      0.261    1477.88    1478.35  0.000e+00
       3535     36.000    14.0197    14.0650     0.0452    1.74845    1.75074          1     2.7233     2.5782       9.97     0.0000  4.924e-11  1.000e-12  2.031e+00    13.3525    13.3560     0.0034     9.5205     9.5155     35.671     36.439      0.419    1478.82    1478.99  0.000e+00
       3562     36.500    14.0909    14.1202     0.0295    1.75456    1.75647          1     2.7034     2.5479       9.97     0.0000  4.924e-11  1.000e-12  2.031e+00    13.3787    13.3844     0.0057     9.5286     9.5280     36.166     36.943      0.402    1479.11    1479.22  0.000e+00
       3599     37.000    14.1287    14.1662     0.0375    1.75931    1.76265          1     2.7000     2.5272       9.97     0.0000  4.924e-11  1.000e-12  2.031e+00    13.4049    13.4196     0.0147     9.5423     9.5472     36.662     37.448      0.251    1479.28    1479.42  0.000e+00
       3660     37.500    14.2029    14.2224     0.0197    1.76927    1.77118          1     2.6590     2.4977       9.97     0.0000  4.924e-11  1.000e-12  2.031e+00    13.4616    13.4707     0.0091     9.5732     9.5769     37.157     37.952      0.252    1479.61    1479.69  0.000e+00
       3696     38.000    14.2446    14.2583     0.0137    1.77647    1.77731          1     2.6276     2.4703       9.97     0.0000  4.924e-11  1.000e-12  2.031e+00    13.5067    13.5089     0.0022     9.6007     9.6000     37.653     38.456      0.385    1479.81    1479.86  0.000e+00
       3727     38.500    14.2867    14.3074     0.0206    1.78259    1.78550          1     2.5998     2.4391       9.97     0.0000  4.924e-11  1.000e-12  2.031e+00    13.5426    13.5595     0.0169     9.6210     9.6305     38.148     38.961      0.311    1480.01    1480.10  0.000e+00
       3798     39.000    14.3254    14.3368     0.0114    1.79120    1.79283          1     2.5577     2.3919       9.97     0.0000  4.924e-11  1.000e-12  2.031e+00    13.6002    13.6096     0.0094     9.6586     9.6639     38.643     39.465      0.274    1480.21    1480.26  0.000e+00
       3835     39.500    14.3381    14.3406     0.0025    1.79551    1.79596          1     2.5313     2.3761       9.97     0.0000  4.924e-11  1.000e-12  2.031e+00    13.6312    13.6341     0.0029     9.6802     9.6820     39.139     39.970      0.426    1480.30    1480.31  0.000e+00
       3861     40.000    14.3173    14.3170    -0.0003    1.79677    1.79698          1     2.5285     2.3707       9.97     0.0000  4.924e-11  1.000e-12  2.031e+00    13.6489    13.6507     0.0018     9.6973     9.6988     39.634     40.474      0.451    1480.26    1480.26  0.000e+00
       3889     40.500    14.3093    14.3007    -0.0086    1.79736    1.79804          1     2.5720     2.4040       9.97     0.0000  4.924e-11  1.000e-12  2.031e+00    13.6565    13.6651     0.0086     9.7045     9.7126     40.130     40.978      0.375    1480.25    1480.23  0.000e+00
       3950     41.000    14.3018    14.3055     0.0037    1.79985    1.80055          1     2.6218     2.4516       9.97     0.0000  4.924e-11  1.000e-12  2.031e+00    13.6796    13.6840     0.0045     9.7235     9.7263     40.625     41.483      0.215    1480.26    1480.28  0.000e+00
       4011     41.500    14.3317    14.3488     0.0171    1.80445    1.80594          1     2.5861     2.4259       9.97     0.0000  4.924e-11  1.000e-12  2.031e+00    13.7070    13.7133     0.0063     9.7394     9.7414     41.120     41.987      0.394    1480.40    1480.47  0.000e+00
       4038     42.000    14.3805    14.3966     0.0162    1.81272    1.81623          1     2.5381     2.3748       9.97     0.0000  4.924e-11  1.000e-12  2.031e+00    13.7581    13.7814     0.0233     9.7702     9.7853     41.616     42.491      0.363    1480.64    1480.72  0.000e+00
       4086     42.500    14.3691    14.3627    -0.0064    1.81775    1.82187          1     2.4390     2.2816       9.97     0.0000  4.924e-11  1.000e-12  2.031e+00    13.8037    13.8400     0.0363     9.8071     9.8361     42.111     42.996      0.228    1480.66    1480.68  0.000e+00
       4130     43.000    14.3353    14.3399     0.0047    1.82871    1.82999          1     2.3417     2.2194       9.97     0.0000  4.924e-11  1.000e-12  2.031e+00    13.9062    13.9152     0.0089     9.8916     9.8977     42.606     43.500      0.340    1480.67    1480.70  0.000e+00
       4166     43.500    14.3834    14.4036     0.0201    1.83578    1.83833          1     2.3523     2.2139       9.97     0.0000  4.924e-11  1.000e-12  2.031e+00    13.9474    13.9613     0.0139     9.9149     9.9221     43.102     44.004      0.292    1480.89    1480.98  0.000e+00
       4211     44.000    14.3651    14.3591    -0.0060    1.83821    1.83889          1     2.3232     2.1951       9.97     0.0000  4.924e-11  1.000e-12  2.031e+00    13.9740    13.9818     0.0078     9.9385     9.9455     43.597     44.509      0.259    1480.87    1480.86  0.000e+00
       4254     44.500    14.1976    14.1507    -0.0467    1.83106    1.82972          1     2.2674     2.1451       9.97     0.0000  4.924e-11  1.000e-12  2.031e+00    13.9748    13.9806     0.0058     9.9679     9.9803     44.093     45.013      0.332    1480.30    1480.15  0.000e+00
       4288     45.000    14.0074    13.9959    -0.0116    1.82720    1.82904          1     2.2574     2.1203       9.97     0.0000  4.924e-11  1.000e-12  2.031e+00    14.0112    14.0307     0.0195    10.0283    10.0452     44.588     45.517      0.352    1479.70    1479.68  0.000e+00
       4325     45.500    14.0998    14.1147     0.0146    1.83973    1.84233          1     2.2516     2.1037       9.97     0.0000  4.924e-11  1.000e-12  2.031e+00    14.0821    14.0984     0.0163    10.0670    10.0770     45.083     46.021      0.244    1480.11    1480.18  0.000e+00
       4407     46.000    14.0513    14.0487    -0.0026    1.83825    1.83927          1     2.2308     2.0875       9.97     0.0000  4.924e-11  1.000e-12  2.031e+00    14.0873    14.0968     0.0094    10.0793    10.0869     45.579     46.526      0.277    1479.95    1479.96  0.000e+00
       4441     46.500    14.1445    14.1814     0.0366    1.84933    1.85220          1     2.2207     2.0873       9.97     0.0000  4.924e-11  1.000e-12  2.031e+00    14.1457    14.1561     0.0104    10.1082    10.1098     46.074     47.030      0.476    1480.35    1480.49  0.000e+00
       4463     47.000    14.1740    14.1603    -0.0136    1.85212    1.85203          1     2.2060     2.0744       9.97     0.0000  4.924e-11  1.000e-12  2.031e+00    14.1581    14.1623     0.0043    10.1126    10.1182     46.569     47.534      0.530    1480.48    1480.44  0.000e+00
       4487     47.500    14.1582    14.1699     0.0123    1.85160    1.85335          1     2.1870     2.0562       9.97     0.0000  4.924e-11  1.000e-12  2.031e+00    14.1595    14.1697     0.0103    10.1164    10.1223     47.065     48.038      0.431    1480.43    1480.48  0.000e+00
       4572     48.000    14.3312    14.4863     0.1546    1.87295    1.89021          1     2.1584     2.0180       9.97     0.0000  4.924e-11  1.000e-12  2.031e+00    14.2734    14.3597     0.0864    10.1739    10.2132     47.560     48.542      0.324    1481.17    1481.80  0.000e+00
       4615     48.500    14.4702    14.4974     0.0277    1.89231    1.90169          1     2.1721     2.0369       9.97     0.0000  4.924e-11  1.000e-12  2.031e+00    14.3829    14.4505     0.0675    10.2337    10.2808     48.055     49.046      0.577    1481.78    1481.95  0.000e+00
       4636     49.000    14.5187    14.6631     0.1441    1.90587    1.92950          1     2.1907     2.0589       9.97     0.0000  4.924e-11  1.000e-12  2.031e+00    14.4771    14.6187     0.1416    10.2975    10.3805     48.551     49.550      0.472    1482.06    1482.72  0.000e+00
       4693     49.500    14.6191    14.7235     0.1041    1.92649    1.94991          1     2.2012     2.0673       9.97     0.0000  4.924e-11  1.000e-12  2.031e+00    14.6102    14.7645     0.1543    10.3818    10.4815     49.046     50.054      0.236    1482.56    1483.10  0.000e+00
       4756     50.000    14.7566    14.8314     0.0748    1.96110    1.97519          1     2.2123     2.0619       9.97     0.0000  4.924e-11  1.000e-12  2.031e+00    14.8442    14.9321     0.0879    10.5366    10.5905     49.542     50.558      0.350    1483.31    1483.66  0.000e+00
       4782     50.500    14.8481    14.8708     0.0227    1.98047    1.98584          1     2.2153     2.0675       9.97     0.0000  4.924e-11  1.000e-12  2.031e+00    14.9692    15.0047     0.0356    10.6159    10.6391     50.037     51.062      0.436    1483.77    1483.89  0.000e+00
       4813     51.000    14.8576    14.8766     0.0190    1.98497    1.99055          1     2.2224     2.0846       9.97     0.0000  4.924e-11  1.000e-12  2.031e+00    15.0026    15.0412     0.0387    10.6398    10.6660     50.532     51.566      0.316    1483.85    1483.96  0.000e+00
       4876     51.500    14.8496    14.8768     0.0272    1.98556    1.99374          1     2.2374     2.1079       9.97     0.0000  4.924e-11  1.000e-12  2.031e+00    15.0104    15.0674     0.0571    10.6472    10.6860     51.028     52.070      0.219    1483.84    1484.00  0.000e+00
       4928     52.000    14.8678    14.8774     0.0096    1.99325    1.99548          1     2.2701     2.1190       9.97     0.0000  4.924e-11  1.000e-12  2.031e+00    15.0667    15.0814     0.0147    10.6871    10.6966     51.523     52.574      0.311    1483.98    1484.03  0.000e+00
       4966     52.500    14.8734    14.8856     0.0121    1.99586    2.00127          1     2.2846     2.1507       9.97     0.0000  4.924e-11  1.000e-12  2.031e+00    15.0860    15.1259     0.0400    10.7008    10.7293     52.018     53.078      0.279    1484.03    1484.11  0.000e+00
       5016     53.000    14.8820    14.8967     0.0147    2.00142    2.00739          1     2.3153     2.1844       9.97     0.0000  4.924e-11  1.000e-12  2.031e+00    15.1284    15.1720     0.0436    10.7318    10.7625     52.514     53.582      0.229    1484.11    1484.21  0.000e+00
       5062     53.500    14.8991    14.9123     0.0131    2.00936    2.01320          1     2.3524     2.2021       9.97     0.0000  4.924e-11  1.000e-12  2.031e+00    15.1872    15.2138     0.0266    10.7737    10.7917     53.009     54.086      0.341    1484.25    1484.32  0.000e+00
       5092     54.000    14.9126    14.9189     0.0064    2.01403    2.01537          1     2.3722     2.2172       9.97     0.0000  4.924e-11  1.000e-12  2.031e+00    15.2204    15.2289     0.0085    10.7967    10.8021     53.504     54.590      0.429    1484.34    1484.37  0.000e+00
       5121     54.500    14.9244    14.9456     0.0212    2.01822    2.02497          1     2.3884     2.2501       9.97     0.0000  4.924e-11  1.000e-12  2.031e+00    15.2502    15.2977     0.0475    10.8174    10.8499     54.000     55.093      0.305    1484.42    1484.55  0.000e+00
       5207     55.000    14.9578    14.9687     0.0108    2.03020    2.03293          1     2.4487     2.2795       9.97     0.0000  4.924e-11  1.000e-12  2.031e+00    15.3359    15.3542     0.0183    10.8770    10.8890     54.495     55.597      0.287    1484.64    1484.70  0.000e+00
       5240     55.500    14.9862    15.0035     0.0174    2.04013    2.04495          1     2.4825     2.3071       9.97     0.0000  4.924e-11  1.000e-12  2.031e+00    15.4065    15.4395     0.0330    10.9259    10.9480     54.990     56.101      0.475    1484.82    1484.92  0.000e+00
       5267     56.000    15.0139    15.0439     0.0301    2.04970    2.05829          1     2.4941     2.3406       9.97     0.0000  4.924e-11  1.000e-12  2.031e+00    15.4745    15.5334     0.0589    10.9729    11.0125     55.486     56.605      0.356    1485.00    1485.17  0.000e+00
       5329     56.500    15.0503    15.0894     0.0390    2.06226    2.07287          1     2.5307     2.3688       9.97     0.0000  4.924e-11  1.000e-12  2.031e+00    15.5634    15.6353     0.0719    11.0343    11.0822     55.981     57.108      0.265    1485.24    1485.45  0.000e+00
