ctdpy/exports/archive_20191121_122431/received_data/SBE09_1044_20180922_1429_34_01_0039.cnv
* Sea-Bird SBE 9 Data File:
* FileName = C:\ctd\temp\2018\AR18D039.hex
* Software Version Seasave V 7.26.6.26
* Temperature SN = 5351
* Conductivity SN = 3941
* Number of Bytes Per Scan = 41
* Number of Voltage Words = 4
* Number of Scans Averaged by the Deck Unit = 1
* NMEA Latitude = 55 37.04 N
* NMEA Longitude = 014 52.07 E
* NMEA UTC (Time) = Sep 22 2018  14:29:12
* NMEA baud rate = 4800
** Station:  Hanöbukten
** Operator:  Obac
** Ship: ARANDA
** Average sound velocity: 1463.77 m/s
** True-depth calculation Sat, 22 Sep 2018 15:18:08 +0000
** CTD Python Module SMHI /ver 3-12/ feb 2012 
** LIMS Job: 20183401-0039
** Cruise: SMHI-02-2018
** Latitude [GG MM.mm N] :
** Longitude [GG MM.mm E]:
# nquan = 26
# nvalues = 144                         
# units = specified
# name 0 = scan: Scan Count
# name 1 = prDM: Pressure, Digiquartz [db]
# name 2 = t090C: Temperature [ITS-90, deg C]
# name 3 = t190C: Temperature, 2 [ITS-90, deg C]
# name 4 = T2-T190C: Temperature Difference, 2 - 1 [ITS-90, deg C]
# name 5 = c0S/m: Conductivity [S/m]
# name 6 = c1S/m: Conductivity, 2 [S/m]
# name 7 = pumps: Pump Status
# name 8 = sbeox0ML/L: Oxygen, SBE 43 [ml/l]
# name 9 = sbeox1ML/L: Oxygen, SBE 43, 2 [ml/l]
# name 10 = altM: Altimeter [m]
# name 11 = flECO-AFL: Chl-a Fluorescence, WET Labs ECO-AFL/FL [mg/m^3]
# name 12 = flECO-AFL1: Phycocyanin Fluorescence, WET Labs ECO-AFL/FL, 2 [mg/m^3]
# name 13 = par: PAR/Irradiance, Biospherical/Lico [µE/(cm^2*s)]
# name 14 = turbWETntu0: Turbidity, WET Labs ECO [NTU]
# name 15 = sal00: Salinity, Practical [PSU]
# name 16 = sal11: Salinity, Practical, 2 [PSU]
# name 17 = secS-priS: Salinity, Practical, Difference, 2 - 1 [PSU]
# name 18 = sigma-t00: Density [sigma-t, Kg/m^3 ]
# name 19 = sigma-t11: Density, 2 [sigma-t, Kg/m^3 ]
# name 20 = depSM: Depth [salt water, m], lat = 55.6173
# name 21 = depFM: Depth [true depth, m], lat = 55.6173
# name 22 = dz/dtM: Descent Rate [m/s], WS = 2
# name 23 = svCM: Sound Velocity [Chen-Millero, m/s]
# name 24 = svCM1: Sound Velocity, 2 [Chen-Millero, m/s]
# name 25 = flag: flag
# span 0 =      26928,      30492       
# span 1 =      1.500,     73.000       
# span 2 =     6.2428,    16.8935       
# span 3 =     6.2523,    16.8961       
# span 4 =    -0.0713,     0.1533       
# span 5 =   0.917139,   1.785607       
# span 6 =   0.917214,   1.785586       
# span 7 =          1,          1       
# span 8 =    0.06113,    6.50050       
# span 9 =    2.09702,    4.61414       
# span 10 =       0.56,     100.34      
# span 11 =     0.2236,     2.2027      
# span 12 =     0.1369,     0.5869      
# span 13 = 9.8436e-13, 5.5548e+02      
# span 14 =     0.1374,     1.4413      
# span 15 =     7.6981,    16.2082      
# span 16 =     7.6980,    16.2079      
# span 17 =    -0.0732,     0.1420      
# span 18 =     4.6844,    12.6319      
# span 19 =     4.6837,    12.6315      
# span 20 =      1.486,     72.325      
# span 21 =      1.521,     73.776      
# span 22 =     -0.392,      1.466      
# span 23 =    1443.75,    1481.50      
# span 24 =    1443.78,    1481.50      
# span 25 = 0.0000e+00, 0.0000e+00      
# interval = decibars: 0.5              
# start_time = Sep 22 2018 14:29:12 [NMEA time, first data scan]
# bad_flag = -9.990e-29
*END*
      26928      1.500    16.8864    16.8871     0.0007    1.12389    1.12385          1     6.4169     4.5744       1.08     2.1898     0.4984  5.555e+02  0.3288000     7.6990     7.6985    -0.0004     4.6856     4.6851      1.486      1.521      0.288    1481.35    1481.36  0.000e+00
      26944      2.000    16.8863    16.8908     0.0044    1.12389    1.12397          1     6.4133     4.5822       0.56     2.0615     0.5003  2.616e+02  0.3285000     7.6989     7.6986    -0.0003     4.6856     4.6845      1.982      2.028      0.662    1481.36    1481.38  0.000e+00
      27064      2.500    16.8864    16.8878     0.0015    1.12389    1.12389          1     6.4058     4.5654       1.22     2.0685     0.5196  3.672e+02  0.3394000     7.6988     7.6986    -0.0003     4.6855     4.6850      2.477      2.534      0.452    1481.37    1481.38  0.000e+00
      27348      3.000    16.8870    16.8864    -0.0006    1.12392    1.12385          1     6.3994     4.5385      26.35     2.1271     0.5332  3.371e+02  0.3336000     7.6989     7.6985    -0.0004     4.6854     4.6852      2.973      3.041      0.363    1481.38    1481.38  0.000e+00
      27426      3.500    16.8915    16.8929     0.0013    1.12408    1.12407          1     6.3938     4.3983     100.34     2.1527     0.4722  3.105e+02  0.3267000     7.6992     7.6989    -0.0003     4.6848     4.6843      3.468      3.548      0.515    1481.40    1481.41  0.000e+00
      27442      4.000    16.8924    16.8934     0.0010    1.12411    1.12410          1     6.3915     4.3937      26.95     2.1302     0.4567  1.869e+02  0.3407000     7.6992     7.6989    -0.0002     4.6846     4.6842      3.964      4.055      0.611    1481.42    1481.42  0.000e+00
      27465      4.500    16.8935    16.8961     0.0026    1.12414    1.12417          1     6.3902     4.3804      58.93     2.1647     0.5299  1.781e+02  0.3647000     7.6991     7.6988    -0.0003     4.6844     4.6837      4.459      4.562      0.432    1481.43    1481.44  0.000e+00
      27502      5.000    16.8913    16.8932     0.0020    1.12408    1.12410          1     6.3938     4.2855      55.53     2.2027     0.4898  1.807e+02  0.3476000     7.6991     7.6989    -0.0002     4.6848     4.6842      4.955      5.069      0.363    1481.43    1481.43  0.000e+00
      27526      5.500    16.8908    16.8919     0.0011    1.12408    1.12406          1     6.3994     4.2739      90.76     2.1323     0.5424  1.350e+02  0.3514000     7.6991     7.6988    -0.0003     4.6849     4.6844      5.450      5.576      0.673    1481.43    1481.44  0.000e+00
      27542      6.000    16.8904    16.8908     0.0004    1.12406    1.12403          1     6.3948     4.2616      74.74     2.0676     0.5438  9.336e+01  0.3489000     7.6990     7.6987    -0.0002     4.6849     4.6846      5.945      6.083      0.812    1481.44    1481.44  0.000e+00
      27555      6.500    16.8902    16.8918     0.0016    1.12405    1.12406          1     6.3885     4.2524      47.93     1.9915     0.4963  7.250e+01  0.3371000     7.6989     7.6987    -0.0002     4.6848     4.6844      6.441      6.590      0.806    1481.45    1481.45  0.000e+00
      27571      7.000    16.8894    16.8925     0.0031    1.12405    1.12409          1     6.3895     4.2368      51.11     1.9866     0.4703  6.703e+01  0.3379000     7.6990     7.6988    -0.0002     4.6850     4.6843      6.936      7.097      0.631    1481.46    1481.47  0.000e+00
      27604      7.500    16.8803    16.8823     0.0020    1.12373    1.12375          1     6.3932     4.1883      73.53     1.9959     0.4998  6.344e+01  0.3373000     7.6983     7.6981    -0.0002     4.6862     4.6857      7.432      7.603      0.319    1481.43    1481.44  0.000e+00
      27641      8.000    16.8706    16.8733     0.0027    1.12351    1.12351          1     6.3888     4.1405      87.12     2.0199     0.4418  3.127e+01  0.3185000     7.6985     7.6980    -0.0005     4.6882     4.6873      7.927      8.110      0.553    1481.41    1481.42  0.000e+00
      27658      8.500    16.8688    16.8690     0.0001    1.12351    1.12353          1     6.3756     4.1146      85.23     1.9976     0.4981  2.697e+01  0.3442000     7.6988     7.6989     0.0001     4.6888     4.6888      8.423      8.617      0.697    1481.41    1481.41  0.000e+00
      27675      9.000    16.8721    16.8710    -0.0011    1.12351    1.12349          1     6.3804     4.0974      29.19     1.9942     0.5583  2.507e+01  0.3529000     7.6981     7.6982     0.0000     4.6877     4.6879      8.918      9.124      0.651    1481.43    1481.43  0.000e+00
      27696      9.500    16.8653    16.8679     0.0025    1.12371    1.12365          1     6.3975     4.0744      19.52     1.9983     0.5608  2.258e+01  0.3630000     7.7009     7.6999    -0.0010     4.6910     4.6898      9.414      9.631      0.500    1481.42    1481.43  0.000e+00
      27723     10.000    16.8595    16.8595     0.0001    1.12380    1.12380          1     6.3968     4.0391      62.04     2.0083     0.4947  1.636e+01  0.3630000     7.7026     7.7026     0.0000     4.6934     4.6934      9.909     10.138      0.499    1481.41    1481.41  0.000e+00
      27744     10.500    16.8658    16.8687     0.0028    1.12378    1.12374          1     6.3933     4.0335      73.66     2.0062     0.4715  1.282e+01  0.3266000     7.7011     7.7003    -0.0008     4.6911     4.6900     10.405     10.645      0.684    1481.44    1481.45  0.000e+00
      27759     11.000    16.8653    16.8655     0.0001    1.12382    1.12382          1     6.3981     4.0343      66.94     2.0071     0.4651  1.238e+01  0.3440000     7.7015     7.7015    -0.0001     4.6915     4.6914     10.900     11.152      0.761    1481.45    1481.45  0.000e+00
      27775     11.500    16.8652    16.8661     0.0009    1.12374    1.12375          1     6.4011     4.0329      53.91     2.0092     0.4473  1.228e+01  0.3497000     7.7009     7.7008    -0.0002     4.6911     4.6908     11.395     11.659      0.717    1481.45    1481.46  0.000e+00
      27793     12.000    16.8692    16.8712     0.0020    1.12374    1.12366          1     6.3928     4.0172      31.91     2.0199     0.4641  1.182e+01  0.3534000     7.7001     7.6991    -0.0009     4.6896     4.6886     11.891     12.165      0.578    1481.47    1481.48  0.000e+00
      27819     12.500    16.8748    16.8750     0.0002    1.12371    1.12371          1     6.3928     3.9827      19.60     2.0323     0.4794  9.697e+00  0.3368000     7.6988     7.6988     0.0000     4.6876     4.6876     12.386     12.672      0.449    1481.50    1481.50  0.000e+00
      27845     13.000    16.8576    16.8657     0.0081    1.12389    1.12382          1     6.3969     3.9583      57.73     2.0440     0.5047  7.485e+00  0.3489000     7.7033     7.7012    -0.0021     4.6943     4.6912     12.882     13.179      0.511    1481.46    1481.48  0.000e+00
      27867     13.500    16.8516    16.8587     0.0071    1.12394    1.12387          1     6.3876     3.9499      42.32     2.0309     0.5209  6.729e+00  0.3605000     7.7048     7.7029    -0.0018     4.6965     4.6938     13.377     13.686      0.538    1481.44    1481.47  0.000e+00
      27891     14.000    16.8525    16.8555     0.0030    1.12395    1.12392          1     6.3934     3.9612      63.24     2.0205     0.4970  6.343e+00  0.3568000     7.7046     7.7038    -0.0008     4.6962     4.6951     13.873     14.193      0.431    1481.46    1481.46  0.000e+00
      27923     14.500    16.8510    16.8407    -0.0102    1.12394    1.12403          1     6.3818     3.9432      58.75     2.0578     0.4790  5.935e+00  0.3395000     7.7048     7.7075     0.0026     4.6967     4.7006     14.368     14.700      0.438    1481.46    1481.43  0.000e+00
      27945     15.000    16.8386    16.8424     0.0037    1.12407    1.12407          1     6.3722     3.9195      20.51     2.0597     0.4822  5.836e+00  0.3349000     7.7081     7.7073    -0.0008     4.7015     4.7002     14.863     15.207      0.692    1481.43    1481.44  0.000e+00
      27960     15.500    16.8133    16.8197     0.0061    1.12408    1.12404          1     6.3717     3.9177      30.21     2.0587     0.4556  5.753e+00  0.3426000     7.7129     7.7114    -0.0015     4.7099     4.7076     15.359     15.714      0.846    1481.36    1481.38  0.000e+00
      27973     16.000    16.7794    16.7830     0.0038    1.12406    1.12404          1     6.3831     3.9274      14.01     2.0562     0.5335  5.396e+00  0.3471000     7.7192     7.7183    -0.0008     4.7210     4.7197     15.854     16.221      0.879    1481.27    1481.28  0.000e+00
      27987     16.500    16.7778    16.7767    -0.0014    1.12417    1.12416          1     6.4056     3.9453      60.31     1.9959     0.5869  4.762e+00  0.3574000     7.7202     7.7204     0.0001     4.7221     4.7224     16.350     16.727      0.793    1481.27    1481.27  0.000e+00
      28004     17.000    16.7413    16.7272    -0.0138    1.12430    1.12431          1     6.3842     3.9510      66.99     1.9819     0.5218  3.830e+00  0.3557000     7.7281     7.7308     0.0028     4.7349     4.7397     16.845     17.234      0.589    1481.17    1481.12  0.000e+00
      28032     17.500    16.6267    16.6436     0.0170    1.12421    1.12431          1     6.3639     3.9479      39.99     2.0294     0.5269  2.937e+00  0.3392000     7.7493     7.7468    -0.0025     4.7724     4.7674     17.341     17.741      0.368    1480.82    1480.88  0.000e+00
      28067     18.000    16.2835    16.3018     0.0183    1.12164    1.12176          1     6.4764     4.0218      60.28     2.0141     0.4822  2.864e+00  0.3487000     7.7962     7.7936    -0.0026     4.8711     4.8658     17.836     18.248      0.385    1479.75    1479.81  0.000e+00
      28095     18.500    16.1890    16.1942     0.0054    1.11974    1.11983          1     6.3516     4.0411      59.60     1.9326     0.3870  2.795e+00  0.3330000     7.8002     7.7998    -0.0003     4.8912     4.8900     18.331     18.755      0.506    1479.45    1479.47  0.000e+00
      28116     19.000    15.8692    15.9039     0.0345    1.11216    1.11292          1     6.3994     4.1271      59.17     1.8167     0.4326  2.447e+00  0.4006000     7.8053     7.8042    -0.0010     4.9521     4.9452     18.827     19.262      0.625    1478.40    1478.51  0.000e+00
      28133     19.500    14.8984    14.9282     0.0296    1.08759    1.08827          1     6.3483     4.1511      58.68     1.7087     0.3992  2.141e+00  0.3998000     7.8082     7.8075    -0.0007     5.1212     5.1157     19.322     19.768      0.691    1475.11    1475.22  0.000e+00
      28150     20.000    14.6416    14.6750     0.0335    1.08100    1.08182          1     6.2473     4.1427      58.21     1.5406     0.3816  1.934e+00  0.3353000     7.8080     7.8077    -0.0003     5.1635     5.1578     19.818     20.275      0.678    1474.24    1474.35  0.000e+00
      28169     20.500    14.0900    14.1509     0.0614    1.06585    1.06693          1     6.2380     4.1391      57.93     1.4676     0.3614  1.761e+00  0.3304000     7.7994     7.7957    -0.0037     5.2450     5.2326     20.313     20.782      0.598    1472.31    1472.52  0.000e+00
      28192     21.000    12.9129    13.0067     0.0930    1.03194    1.03409          1     6.3571     4.1510      57.29     1.4724     0.3894  1.572e+00  0.3222000     7.7663     7.7645    -0.0017     5.3967     5.3817     20.809     21.288      0.489    1468.09    1468.43  0.000e+00
      28218     21.500    12.4472    12.5018     0.0547    1.01730    1.01890          1     6.4306     4.1099      56.68     1.5214     0.3941  1.362e+00  0.3006000     7.7420     7.7439     0.0019     5.4438     5.4378     21.304     21.795      0.447    1466.38    1466.58  0.000e+00
      28244     22.000    12.2314    12.2465     0.0151    1.01203    1.01223          1     6.5005     4.1009      56.12     1.4971     0.3205  1.195e+00  0.2836000     7.7429     7.7414    -0.0015     5.4740     5.4708     21.799     22.301      0.535    1465.60    1465.65  0.000e+00
      28264     22.500    12.0312    12.0353     0.0043    1.01111    1.01106          1     6.4763     4.0937      55.60     1.3173     0.3092  1.081e+00  0.2697000     7.7765     7.7752    -0.0013     5.5270     5.5255     22.295     22.808      0.655    1464.91    1464.92  0.000e+00
      28281     23.000    11.9953    12.0031     0.0078    1.01234    1.01242          1     6.4354     4.0974      55.15     1.1229     0.3150  1.000e+00  0.2620000     7.7941     7.7931    -0.0009     5.5454     5.5436     22.790     23.314      0.704    1464.80    1464.83  0.000e+00
      28298     23.500    11.8379    11.8314    -0.0063    1.00953    1.00927          1     6.4097     4.1139      54.70     1.0172     0.3539  9.226e-01  0.2677000     7.8034     7.8026    -0.0008     5.5733     5.5736     23.286     23.821      0.682    1464.24    1464.21  0.000e+00
      28317     24.000    11.4514    11.4401    -0.0117    1.00265    1.00224          1     6.3532     4.1294      54.12     0.9515     0.3633  8.364e-01  0.2638000     7.8267     7.8257    -0.0010     5.6410     5.6417     23.781     24.327      0.561    1462.83    1462.79  0.000e+00
      28345     24.500    10.9367    10.9501     0.0136    0.99211    0.99236          1     6.3378     4.1762      53.53     0.8656     0.3352  7.147e-01  0.2498000     7.8463     7.8456    -0.0007     5.7194     5.7172     24.276     24.833      0.375    1460.92    1460.97  0.000e+00
      28379     25.000    10.2742    10.2952     0.0212    0.97862    0.97887          1     6.3814     4.2614      52.87     0.8122     0.3150  6.158e-01  0.2484000     7.8723     7.8699    -0.0024     5.8169     5.8127     24.772     25.340      0.413    1458.43    1458.51  0.000e+00
      28403     25.500     9.8713     9.8739     0.0022    0.96972    0.96962          1     6.3131     4.2827      52.56     0.7527     0.2044  5.679e-01  0.2300000     7.8821     7.8806    -0.0015     5.8685     5.8671     25.267     25.846      0.601    1456.88    1456.89  0.000e+00
      28421     26.000     9.5977     9.6124     0.0149    0.96427    0.96458          1     6.3221     4.3201      52.22     0.7077     0.2265  5.192e-01  0.2313000     7.8938     7.8934    -0.0004     5.9064     5.9046     25.763     26.352      0.736    1455.84    1455.89  0.000e+00
      28436     26.500     9.1756     9.1783     0.0027    0.95678    0.95698          1     6.3612     4.3693      51.81     0.6790     0.2387  4.753e-01  0.2292000     7.9203     7.9215     0.0012     5.9695     5.9702     26.258     26.859      0.799    1454.21    1454.22  0.000e+00
      28450     27.000     8.8326     8.8396     0.0070    0.95306    0.95321          1     6.3423     4.4090      51.19     0.5764     0.2797  4.356e-01  0.2289000     7.9632     7.9630    -0.0003     6.0360     6.0352     26.753     27.365      0.795    1452.91    1452.93  0.000e+00
      28466     27.500     8.6649     8.6686     0.0035    0.95274    0.95289          1     6.2942     4.4377      50.70     0.5476     0.2546  3.964e-01  0.2266000     7.9980     7.9985     0.0005     6.0787     6.0788     27.249     27.871      0.731    1452.28    1452.30  0.000e+00
      28484     28.000     8.3991     8.4106     0.0109    0.94765    0.94795          1     6.2698     4.4561      50.33     0.4934     0.2081  3.602e-01  0.2180000     8.0117     8.0118     0.0001     6.1133     6.1124     27.744     28.377      0.633    1451.24    1451.29  0.000e+00
      28505     28.500     7.8810     7.8951     0.0146    0.93112    0.93121          1     6.3715     4.5078      49.51     0.4923     0.2331  3.176e-01  0.2120000     7.9779     7.9755    -0.0024     6.1307     6.1277     28.240     28.883      0.510    1449.10    1449.15  0.000e+00
