ctdpy/exports/archive_20191121_122431/received_data/SBE09_0827_20180129_1028_26_01_0255.cnv
* Sea-Bird SBE 9 Data File:
* FileName = D:\CTD_SBE911\DAT\26DA.2018.1.155.hex
* Software Version Seasave V 7.21d
* Temperature SN = 034757
* Conductivity SN = 041844
* Number of Bytes Per Scan = 48
* Number of Voltage Words = 5
* Number of Scans Averaged by the Deck Unit = 1
* NMEA Latitude = 57 50.58 N
* NMEA Longitude = 010 57.48 E
* NMEA UTC (Time) = Jan 29 2018  10:28:36
* NMEA baud rate = 4800
** Ship: DANA
** Average sound velocity: 1471.12 m/s
** True-depth calculation Thu, 28 Mar 2019 08:33:55 +0000
** CTD Python Module SMHI /ver 3-12/ feb 2012 
** LIMS Job: 20182601-0255
** 7.5 Skagens Rev
** Operator: Ronny Sørensen
** Cruise: 01/2018
# nquan = 26
# nvalues = 126                         
# units = specified
# name 0 = scan: Scan Count
# name 1 = prDM: Pressure, Digiquartz [db]
# name 2 = t090C: Temperature [ITS-90, deg C]
# name 3 = t190C: Temperature, 2 [ITS-90, deg C]
# name 4 = T2-T190C: Temperature Difference, 2 - 1 [ITS-90, deg C]
# name 5 = c0S/m: Conductivity [S/m]
# name 6 = c1S/m: Conductivity, 2 [S/m]
# name 7 = pumps: Pump Status
# name 8 = sbeox1ML/L: Oxygen, SBE 43, 2 [ml/l]
# name 9 = sbeox0ML/L: Oxygen, SBE 43 [ml/l]
# name 10 = altM: Altimeter [m]
# name 11 = chloroflTC0: Chlorophyll, Turner Cyclops [ug/l]
# name 12 = cpar: CPAR/Corrected Irradiance [%]
# name 13 = par: PAR/Irradiance, Biospherical/Lico [µE/(cm^2*s)]
# name 14 = spar: SPAR, Biospherical/Licor
# name 15 = sal00: Salinity, Practical [PSU]
# name 16 = sal11: Salinity, Practical, 2 [PSU]
# name 17 = secS-priS: Salinity, Practical, Difference, 2 - 1 [PSU]
# name 18 = sigma-t00: Density [sigma-t, kg/m^3 ]
# name 19 = sigma-t11: Density, 2 [sigma-t, kg/m^3 ]
# name 20 = depSM: Depth [salt water, m], lat = 57.843
# name 21 = depFM: Depth [true depth, m], lat = 57.843
# name 22 = dz/dtM: Descent Rate [m/s], WS = 2
# name 23 = svCM: Sound Velocity [Chen-Millero, m/s]
# name 24 = svCM1: Sound Velocity, 2 [Chen-Millero, m/s]
# name 25 = flag: flag
# span 0 =         49,       7455       
# span 1 =      1.500,     64.000       
# span 2 =     5.2453,     5.8894       
# span 3 =     5.2590,     5.8879       
# span 4 =    -0.0569,     0.0382       
# span 5 =   3.129179,   3.291006       
# span 6 =   3.128215,   3.290333       
# span 7 =          1,          1       
# span 8 =     6.2375,     6.5034       
# span 9 =     6.3502,     7.4991       
# span 10 =       0.72,       9.99      
# span 11 =     0.0431,     0.1112      
# span 12 = 3.5942e-13, 9.0618e+00      
# span 13 = 1.0000e-12, 2.1899e+01      
# span 14 = 2.3766e+02, 2.7822e+02      
# span 15 =    32.1804,    33.4734      
# span 16 =    32.1589,    33.4813      
# span 17 =    -0.1463,     0.0098      
# span 18 =    25.4026,    26.3747      
# span 19 =    25.3857,    26.3777      
# span 20 =      1.486,     63.398      
# span 21 =      1.490,     63.534      
# span 22 =     -0.366,      0.472      
# span 23 =    1468.45,    1472.94      
# span 24 =    1468.50,    1472.92      
# span 25 = 0.0000e+00, 0.0000e+00      
# interval = decibars: 0.5              
# start_time = Jan 29 2018 10:28:37 [NMEA time, first data scan]
# bad_flag = -9.990e-29
*END*
         49      1.500     5.3371     5.3349    -0.0020    3.12999    3.12952          1     6.3358     6.3502       9.99     0.0524  9.062e+00  2.190e+01  2.417e+02    32.1821    32.1788    -0.0033    25.4042    25.4019      1.486      1.490      0.172    1468.54    1468.53  0.000e+00
         79      2.000     5.3385     5.3360    -0.0025    3.13002    3.12955          1     6.3615     7.0317       9.99     0.0519  6.786e+00  1.640e+01  2.417e+02    32.1808    32.1779    -0.0029    25.4030    25.4011      1.981      1.987      0.359    1468.55    1468.54  0.000e+00
        585      2.500     5.3399     5.3393    -0.0006    3.13013    3.12942          1     6.3145     7.4991       9.98     0.0552  4.655e+00  1.124e+01  2.413e+02    32.1804    32.1730    -0.0074    25.4026    25.3967      2.477      2.483      0.403    1468.57    1468.55  0.000e+00
       1191      3.000     5.3397     5.3391    -0.0006    3.13034    3.12866          1     6.3682     6.3958       9.97     0.0549  3.714e+00  8.828e+00  2.377e+02    32.1829    32.1643    -0.0186    25.4045    25.3899      2.972      2.980      0.386    1468.58    1468.55  0.000e+00
       1241      3.500     5.3400     5.3391    -0.0008    3.13031    3.12821          1     6.4242     6.4114       9.97     0.0544  2.794e+00  6.646e+00  2.379e+02    32.1820    32.1589    -0.0231    25.4038    25.3857      3.468      3.477      0.441    1468.59    1468.55  0.000e+00
       1294      4.000     5.3404     5.3394    -0.0010    3.13028    3.12968          1     6.4147     6.4409       9.96     0.0498  2.049e+00  4.914e+00  2.398e+02    32.1810    32.1751    -0.0059    25.4030    25.3984      3.963      3.973      0.259    1468.59    1468.58  0.000e+00
       1340      4.500     5.3391     5.3396     0.0005    3.13043    3.12974          1     6.4137     6.4478       9.96     0.0500  1.539e+00  3.720e+00  2.416e+02    32.1837    32.1754    -0.0083    25.4053    25.3987      4.458      4.470      0.280    1468.60    1468.59  0.000e+00
       1422      5.000     5.3289     5.3372     0.0083    3.13056    3.12984          1     6.3532     6.4549       9.96     0.0503  1.306e+00  3.177e+00  2.434e+02    32.1947    32.1784    -0.0163    25.4151    25.4013      4.954      4.967      0.316    1468.58    1468.60  0.000e+00
       1456      5.500     5.3343     5.3352     0.0009    3.13058    3.12999          1     6.3535     6.4653       9.96     0.0527  9.541e-01  2.329e+00  2.442e+02    32.1894    32.1820    -0.0075    25.4103    25.4044      5.449      5.463      0.472    1468.60    1468.60  0.000e+00
       1495      6.000     5.3247     5.3353     0.0106    3.13067    3.13003          1     6.3882     6.4770       9.95     0.0537  6.090e-01  1.501e+00  2.464e+02    32.1995    32.1820    -0.0175    25.4194    25.4043      5.944      5.960      0.301    1468.59    1468.61  0.000e+00
       1548      6.500     5.3229     5.3294     0.0066    3.13076    3.13011          1     6.3998     6.4671       9.95     0.0520  5.838e-01  1.447e+00  2.478e+02    32.2021    32.1883    -0.0137    25.4217    25.4101      6.440      6.456      0.453    1468.59    1468.60  0.000e+00
       1574      7.000     5.3207     5.3270     0.0063    3.13076    3.13021          1     6.4146     6.4791       9.95     0.0534  3.350e-01  8.360e-01  2.497e+02    32.2038    32.1915    -0.0123    25.4233    25.4129      6.935      6.953      0.369    1468.59    1468.60  0.000e+00
       1648      7.500     5.3199     5.3224     0.0025    3.13077    3.13028          1     6.3636     6.4935       9.95     0.0539  2.871e-01  7.237e-01  2.521e+02    32.2046    32.1966    -0.0080    25.4240    25.4174      7.430      7.450      0.260    1468.60    1468.60  0.000e+00
       1692      8.000     5.3160     5.3200     0.0039    3.13101    3.13040          1     6.3833     6.4897       9.95     0.0546  1.675e-01  4.251e-01  2.538e+02    32.2107    32.2000    -0.0107    25.4292    25.4203      7.926      7.946      0.292    1468.60    1468.60  0.000e+00
       1754      8.500     5.3126     5.3193     0.0067    3.13098    3.13049          1     6.3691     6.4925       9.95     0.0552  1.441e-01  3.697e-01  2.566e+02    32.2134    32.2014    -0.0120    25.4318    25.4215      8.421      8.443      0.284    1468.59    1468.61  0.000e+00
       1789      9.000     5.3087     5.3110     0.0023    3.13092    3.13056          1     6.3197     6.5030       9.95     0.0572  8.197e-02  2.114e-01  2.579e+02    32.2162    32.2099    -0.0064    25.4345    25.4292      8.916      8.940      0.413    1468.59    1468.59  0.000e+00
       1821      9.500     5.3013     5.3097     0.0084    3.13077    3.13056          1     6.3568     6.5107       9.95     0.0574  2.923e-02  7.556e-02  2.588e+02    32.2215    32.2109    -0.0105    25.4394    25.4301      9.412      9.436      0.295    1468.58    1468.60  0.000e+00
       1874     10.000     5.3023     5.3049     0.0026    3.13075    3.13051          1     6.3779     6.5042       9.95     0.0591  1.443e-02  3.754e-02  2.606e+02    32.2199    32.2147    -0.0052    25.4381    25.4337      9.907      9.933      0.236    1468.59    1468.59  0.000e+00
       1919     10.500     5.3034     5.3022    -0.0012    3.13075    3.13043          1     6.3757     6.5048       9.95     0.0586  4.230e-04  1.100e-03  2.620e+02    32.2187    32.2163    -0.0024    25.4370    25.4352     10.403     10.430      0.241    1468.60    1468.59  0.000e+00
       1984     11.000     5.2988     5.3030     0.0041    3.13065    3.13040          1     6.4142     6.5053       9.95     0.0560  5.224e-09  1.368e-08  2.638e+02    32.2217    32.2149    -0.0068    25.4399    25.4341     10.898     10.926      0.171    1468.59    1468.60  0.000e+00
       2047     11.500     5.2923     5.2998     0.0075    3.13047    3.13033          1     6.4099     6.5210       9.95     0.0596  3.774e-13  1.000e-12  2.650e+02    32.2257    32.2168    -0.0088    25.4438    25.4359     11.393     11.423      0.253    1468.58    1468.60  0.000e+00
       2084     12.000     5.2680     5.2840     0.0160    3.12964    3.13003          1     6.3970     6.5337       9.95     0.0612  3.759e-13  1.000e-12  2.660e+02    32.2393    32.2284    -0.0110    25.4573    25.4468     11.889     11.919      0.362    1468.51    1468.56  0.000e+00
       2118     12.500     5.2530     5.2704     0.0174    3.12918    3.12954          1     6.4189     6.5450       9.95     0.0597  3.759e-13  1.000e-12  2.661e+02    32.2483    32.2356    -0.0127    25.4662    25.4541     12.384     12.416      0.328    1468.46    1468.52  0.000e+00
       2163     13.000     5.2453     5.2662     0.0209    3.12932    3.12945          1     6.4674     6.5276       9.95     0.0616  3.732e-13  1.000e-12  2.680e+02    32.2571    32.2384    -0.0187    25.4740    25.4568     12.879     12.913      0.227    1468.45    1468.51  0.000e+00
       2224     13.500     5.2669     5.2590    -0.0078    3.13572    3.12972          1     6.4720     6.5365       9.95     0.0635  3.713e-13  1.000e-12  2.693e+02    32.3091    32.2482    -0.0608    25.5127    25.4654     13.375     13.409      0.195    1468.61    1468.50  0.000e+00
       2277     14.000     5.2709     5.2723     0.0014    3.13689    3.13611          1     6.4368     6.5340       9.95     0.0654  3.683e-13  1.000e-12  2.715e+02    32.3183    32.3080    -0.0103    25.5195    25.5112     13.870     13.906      0.295    1468.65    1468.64  0.000e+00
       2320     14.500     5.2785     5.2717    -0.0068    3.13842    3.13668          1     6.3852     6.5195       9.95     0.0635  3.662e-13  1.000e-12  2.731e+02    32.3281    32.3148    -0.0133    25.5264    25.5166     14.365     14.403      0.225    1468.70    1468.66  0.000e+00
       2387     15.000     5.2717     5.2770     0.0052    3.13722    3.13753          1     6.4426     6.5180       9.95     0.0661  3.625e-13  1.000e-12  2.759e+02    32.3207    32.3192    -0.0016    25.5213    25.5195     14.861     14.899      0.294    1468.67    1468.69  0.000e+00
       2425     15.500     5.2937     5.2719    -0.0217    3.14082    3.13694          1     6.4026     6.5228       9.95     0.0670  3.621e-13  1.000e-12  2.762e+02    32.3403    32.3171    -0.0232    25.5343    25.5185     15.356     15.396      0.281    1468.79    1468.68  0.000e+00
       2471     16.000     5.3670     5.3308    -0.0362    3.15137    3.14344          1     6.3836     6.4887       9.95     0.0666  3.604e-13  1.000e-12  2.775e+02    32.3893    32.3340    -0.0552    25.5648    25.5252     15.851     15.892      0.284    1469.16    1468.94  0.000e+00
       2508     16.500     5.3643     5.3591    -0.0052    3.15168    3.14953          1     6.4198     6.4819       9.95     0.0681  3.594e-13  1.000e-12  2.782e+02    32.3952    32.3758    -0.0194    25.5697    25.5550     16.347     16.389      0.320    1469.17    1469.12  0.000e+00
       2558     17.000     5.3604     5.3589    -0.0016    3.15324    3.15067          1     6.3962     6.4913       9.95     0.0651  3.594e-13  1.000e-12  2.782e+02    32.4165    32.3887    -0.0278    25.5870    25.5652     16.842     16.885      0.206    1469.19    1469.15  0.000e+00
       2617     17.500     5.3552     5.3541    -0.0011    3.15509    3.15357          1     6.3573     6.4951       9.95     0.0647  3.594e-13  1.000e-12  2.782e+02    32.4424    32.4261    -0.0163    25.6081    25.5954     17.337     17.382      0.228    1469.21    1469.18  0.000e+00
       2675     18.000     5.3490     5.3507     0.0017    3.15808    3.15560          1     6.4039     6.4886       9.95     0.0668  3.594e-13  1.000e-12  2.782e+02    32.4822    32.4522    -0.0300    25.6404    25.6164     17.833     17.879      0.233    1469.24    1469.21  0.000e+00
       2717     18.500     5.3432     5.3448     0.0017    3.16036    3.15824          1     6.4147     6.5087       9.95     0.0681  3.594e-13  1.000e-12  2.782e+02    32.5135    32.4877    -0.0258    25.6658    25.6452     18.328     18.375      0.342    1469.26    1469.24  0.000e+00
       2750     19.000     5.3418     5.3417    -0.0001    3.16072    3.15975          1     6.4276     6.5189       9.95     0.0681  3.595e-13  1.000e-12  2.782e+02    32.5187    32.5077    -0.0110    25.6701    25.6614     18.823     18.872      0.362    1469.27    1469.26  0.000e+00
       2788     19.500     5.3402     5.3404     0.0002    3.16104    3.16020          1     6.4234     6.5165       9.95     0.0681  3.617e-13  1.000e-12  2.765e+02    32.5236    32.5138    -0.0098    25.6741    25.6664     19.319     19.368      0.251    1469.28    1469.27  0.000e+00
       2849     20.000     5.3406     5.3392    -0.0014    3.16196    3.16094          1     6.4360     6.5162       9.95     0.0722  3.623e-13  1.000e-12  2.760e+02    32.5335    32.5232    -0.0103    25.6819    25.6739     19.814     19.865      0.234    1469.30    1469.28  0.000e+00
       2897     20.500     5.3422     5.3405    -0.0018    3.16248    3.16173          1     6.4122     6.5038       9.95     0.0736  3.652e-13  1.000e-12  2.739e+02    32.5376    32.5308    -0.0068    25.6850    25.6798     20.309     20.361      0.224    1469.32    1469.31  0.000e+00
       2963     21.000     5.3444     5.3422    -0.0022    3.16304    3.16217          1     6.4334     6.5226       9.95     0.0725  3.692e-13  1.000e-12  2.708e+02    32.5416    32.5338    -0.0078    25.6879    25.6820     20.805     20.858      0.297    1469.35    1469.33  0.000e+00
       2993     21.500     5.3466     5.3452    -0.0014    3.16370    3.16292          1     6.4464     6.4996       9.95     0.0730  3.712e-13  1.000e-12  2.694e+02    32.5467    32.5392    -0.0075    25.6917    25.6859     21.300     21.354      0.373    1469.37    1469.35  0.000e+00
       3037     22.000     5.3471     5.3458    -0.0013    3.16401    3.16334          1     6.4121     6.5027       9.95     0.0742  3.744e-13  1.000e-12  2.671e+02    32.5495    32.5431    -0.0064    25.6939    25.6889     21.795     21.851      0.228    1469.38    1469.37  0.000e+00
       3088     22.500     5.3472     5.3462    -0.0011    3.16426    3.16365          1     6.4088     6.5231       9.95     0.0734  3.775e-13  1.000e-12  2.649e+02    32.5520    32.5460    -0.0060    25.6958    25.6912     22.291     22.347      0.286    1469.40    1469.38  0.000e+00
       3136     23.000     5.3475     5.3465    -0.0010    3.16448    3.16395          1     6.4290     6.5145       9.95     0.0750  3.804e-13  1.000e-12  2.629e+02    32.5540    32.5489    -0.0050    25.6973    25.6935     22.786     22.844      0.209    1469.41    1469.40  0.000e+00
       3191     23.500     5.3474     5.3465    -0.0009    3.16449    3.16402          1     6.3974     6.5220       9.95     0.0767  3.841e-13  1.000e-12  2.603e+02    32.5538    32.5494    -0.0044    25.6972    25.6939     23.281     23.340      0.273    1469.41    1469.40  0.000e+00
       3241     24.000     5.3499     5.3473    -0.0026    3.16514    3.16424          1     6.3970     6.5103       9.95     0.0760  3.857e-13  1.000e-12  2.593e+02    32.5586    32.5509    -0.0077    25.7007    25.6949     23.777     23.837      0.212    1469.44    1469.42  0.000e+00
       3301     24.500     5.3516     5.3499    -0.0018    3.16557    3.16480          1     6.4250     6.5103       9.95     0.0749  3.878e-13  1.000e-12  2.579e+02    32.5616    32.5545    -0.0071    25.7029    25.6975     24.272     24.333      0.341    1469.46    1469.44  0.000e+00
       3332     25.000     5.3797     5.3611    -0.0186    3.17132    3.16654          1     6.4013     6.5130       9.95     0.0750  3.877e-13  1.000e-12  2.579e+02    32.5996    32.5633    -0.0364    25.7298    25.7031     24.767     24.830      0.328    1469.63    1469.51  0.000e+00
       3383     25.500     5.4385     5.4117    -0.0268    3.18198    3.17500          1     6.3898     6.5008       9.95     0.0740  3.877e-13  1.000e-12  2.579e+02    32.6633    32.6100    -0.0533    25.7734    25.7343     25.262     25.326      0.217    1469.95    1469.78  0.000e+00
       3429     26.000     5.4706     5.4507    -0.0199    3.18801    3.18258          1     6.3799     6.5015       9.95     0.0731  3.877e-13  1.000e-12  2.579e+02    32.7004    32.6579    -0.0424    25.7990    25.7677     25.758     25.823      0.303    1470.14    1470.00  0.000e+00
       3470     26.500     5.5189     5.4945    -0.0245    3.19672    3.19016          1     6.3851     6.5066       9.95     0.0715  3.865e-13  1.000e-12  2.588e+02    32.7518    32.7013    -0.0505    25.8340    25.7969     26.253     26.319      0.262    1470.41    1470.25  0.000e+00
       3521     27.000     5.6099     5.5750    -0.0350    3.21225    3.20304          1     6.4178     6.5057       9.95     0.0654  3.847e-13  1.000e-12  2.599e+02    32.8390    32.7687    -0.0703    25.8923    25.8408     26.748     26.816      0.232    1470.89    1470.66  0.000e+00
       3575     27.500     5.6796     5.6407    -0.0390    3.22342    3.21443          1     6.4037     6.5089       9.95     0.0609  3.835e-13  1.000e-12  2.607e+02    32.8970    32.8332    -0.0637    25.9299    25.8841     27.244     27.312      0.201    1471.26    1471.02  0.000e+00
       3632     28.000     5.7846     5.7277    -0.0569    3.24719    3.22930          1     6.3890     6.4991       9.95     0.0582  3.815e-13  1.000e-12  2.621e+02    33.0625    32.9161    -0.1463    26.0481    25.9392     27.739     27.808      0.286    1471.89    1471.48  0.000e+00
       3667     28.500     5.8346     5.7999    -0.0347    3.25931    3.24629          1     6.3756     6.4802       9.95     0.0530  3.789e-13  1.000e-12  2.639e+02    33.1500    33.0371    -0.1129    26.1112    26.0262     28.234     28.305      0.313    1472.21    1471.93  0.000e+00
