ctdpy/exports/archive_20191121_122431/received_data/SBE09_0827_20180305_1121_26_01_0368.cnv
* Sea-Bird SBE 9 Data File:
* FileName = D:\CTD_SBE911\DAT\26DA.2018.3.68.hex
* Software Version Seasave V 7.21d
* Temperature SN = 034757
* Conductivity SN = 041844
* Number of Bytes Per Scan = 48
* Number of Voltage Words = 5
* Number of Scans Averaged by the Deck Unit = 1
* NMEA Latitude = 55 12.68 N
* NMEA Longitude = 013 34.13 E
* NMEA UTC (Time) = Mar 05 2018  11:21:25
* NMEA baud rate = 4800
** Ship: DANA
** Average sound velocity: 1424.72 m/s
** True-depth calculation Tue, 02 Apr 2019 12:11:13 +0000
** CTD Python Module SMHI /ver 3-12/ feb 2012 
** LIMS Job: 20182601-0368
** Operator:
** Cruise: 02/2018
# nquan = 26
# nvalues = 80                          
# units = specified
# name 0 = scan: Scan Count
# name 1 = prDM: Pressure, Digiquartz [db]
# name 2 = t090C: Temperature [ITS-90, deg C]
# name 3 = t190C: Temperature, 2 [ITS-90, deg C]
# name 4 = T2-T190C: Temperature Difference, 2 - 1 [ITS-90, deg C]
# name 5 = c0S/m: Conductivity [S/m]
# name 6 = c1S/m: Conductivity, 2 [S/m]
# name 7 = pumps: Pump Status
# name 8 = sbeox1ML/L: Oxygen, SBE 43, 2 [ml/l]
# name 9 = sbeox0ML/L: Oxygen, SBE 43 [ml/l]
# name 10 = altM: Altimeter [m]
# name 11 = chloroflTC0: Chlorophyll, Turner Cyclops [ug/l]
# name 12 = cpar: CPAR/Corrected Irradiance [%]
# name 13 = par: PAR/Irradiance, Biospherical/Lico [µE/(cm^2*s)]
# name 14 = spar: SPAR, Biospherical/Licor
# name 15 = sal00: Salinity, Practical [PSU]
# name 16 = sal11: Salinity, Practical, 2 [PSU]
# name 17 = secS-priS: Salinity, Practical, Difference, 2 - 1 [PSU]
# name 18 = sigma-t00: Density [sigma-t, kg/m^3 ]
# name 19 = sigma-t11: Density, 2 [sigma-t, kg/m^3 ]
# name 20 = depSM: Depth [salt water, m], lat = 55.2113
# name 21 = depFM: Depth [true depth, m], lat = 55.2113
# name 22 = dz/dtM: Descent Rate [m/s], WS = 2
# name 23 = svCM: Sound Velocity [Chen-Millero, m/s]
# name 24 = svCM1: Sound Velocity, 2 [Chen-Millero, m/s]
# name 25 = flag: flag
# span 0 =         68,       4205       
# span 1 =      1.000,     40.500       
# span 2 =     2.3208,     2.3725       
# span 3 =     2.3212,     2.3719       
# span 4 =    -0.0078,     0.0052       
# span 5 =   0.792688,   0.796216       
# span 6 =   0.791960,   0.795494       
# span 7 =          1,          1       
# span 8 =     8.7637,     8.8147       
# span 9 =     8.7220,     8.7665       
# span 10 =       1.66,       9.99      
# span 11 =     0.0123,     0.0313      
# span 12 = -7.165e-05, 9.7427e+00      
# span 13 = -1.054e-04, 1.4246e+01      
# span 14 = 1.4612e+02, 1.5028e+02      
# span 15 =     7.9321,     7.9514      
# span 16 =     7.9240,     7.9438      
# span 17 =    -0.0108,    -0.0052      
# span 18 =     6.3280,     6.3434      
# span 19 =     6.3215,     6.3373      
# span 20 =      0.991,     40.130      
# span 21 =      1.012,     40.991      
# span 22 =     -0.074,      0.475      
# span 23 =    1424.27,    1425.14      
# span 24 =    1424.26,    1425.13      
# span 25 = 0.0000e+00, 0.0000e+00      
# interval = decibars: 0.5              
# start_time = Mar 05 2018 11:21:26 [NMEA time, first data scan]
# bad_flag = -9.990e-29
*END*
         68      1.000     2.3239     2.3247     0.0008    0.79273    0.79200          1     8.7787     8.7425       9.99     0.0129  9.743e+00  1.425e+01  1.462e+02     7.9321     7.9240    -0.0081     6.3280     6.3215      0.991      1.012      0.375    1424.27    1424.26  0.000e+00
        129      1.500     2.3233     2.3247     0.0014    0.79274    0.79202          1     8.7637     8.7406       9.99     0.0129  8.343e+00  1.220e+01  1.462e+02     7.9323     7.9241    -0.0081     6.3281     6.3216      1.486      1.518      0.475    1424.27    1424.27  0.000e+00
        250      2.000     2.3216     2.3230     0.0014    0.79270    0.79200          1     8.7756     8.7321       9.98     0.0130  7.152e+00  1.046e+01  1.462e+02     7.9322     7.9243    -0.0079     6.3280     6.3217      1.982      2.024      0.304    1424.27    1424.27  0.000e+00
        304      2.500     2.3209     2.3214     0.0005    0.79269    0.79196          1     8.7897     8.7365       9.98     0.0127  6.074e+00  8.882e+00  1.462e+02     7.9322     7.9242    -0.0079     6.3280     6.3217      2.477      2.530      0.360    1424.28    1424.27  0.000e+00
        341      3.000     2.3208     2.3212     0.0003    0.79270    0.79196          1     8.7872     8.7505       9.98     0.0127  5.245e+00  7.669e+00  1.462e+02     7.9322     7.9242    -0.0079     6.3280     6.3217      2.973      3.036      0.244    1424.28    1424.28  0.000e+00
        411      3.500     2.3215     2.3215     0.0000    0.79272    0.79198          1     8.7942     8.7504       9.97     0.0134  4.641e+00  6.783e+00  1.462e+02     7.9322     7.9243    -0.0079     6.3281     6.3217      3.468      3.542      0.263    1424.30    1424.29  0.000e+00
        450      4.000     2.3217     2.3218     0.0001    0.79273    0.79200          1     8.8016     8.7611       9.97     0.0129  4.017e+00  5.870e+00  1.461e+02     7.9322     7.9243    -0.0079     6.3281     6.3218      3.964      4.049      0.302    1424.30    1424.29  0.000e+00
        506      4.500     2.3239     2.3226    -0.0013    0.79285    0.79202          1     8.8038     8.7618       9.97     0.0144  3.470e+00  5.074e+00  1.462e+02     7.9329     7.9243    -0.0086     6.3286     6.3217      4.459      4.555      0.199    1424.32    1424.31  0.000e+00
        560      5.000     2.3280     2.3236    -0.0044    0.79312    0.79209          1     8.8024     8.7452       9.97     0.0133  3.126e+00  4.571e+00  1.462e+02     7.9347     7.9246    -0.0100     6.3300     6.3220      4.955      5.061      0.360    1424.35    1424.32  0.000e+00
        591      5.500     2.3263     2.3263     0.0000    0.79303    0.79224          1     8.8075     8.7393       9.96     0.0134  2.692e+00  3.936e+00  1.462e+02     7.9341     7.9255    -0.0085     6.3295     6.3227      5.450      5.567      0.325    1424.35    1424.34  0.000e+00
        644      6.000     2.3277     2.3272    -0.0005    0.79311    0.79232          1     8.8019     8.7471       9.96     0.0127  2.348e+00  3.433e+00  1.462e+02     7.9345     7.9262    -0.0083     6.3299     6.3232      5.946      6.073      0.189    1424.37    1424.35  0.000e+00
        706      6.500     2.3254     2.3265     0.0011    0.79297    0.79231          1     8.8036     8.7665       9.96     0.0130  2.192e+00  3.205e+00  1.462e+02     7.9335     7.9262    -0.0073     6.3291     6.3232      6.441      6.579      0.249    1424.36    1424.36  0.000e+00
        743      7.000     2.3322     2.3264    -0.0058    0.79341    0.79230          1     8.8060     8.7578       9.96     0.0134  1.869e+00  2.734e+00  1.462e+02     7.9364     7.9260    -0.0104     6.3314     6.3231      6.937      7.085      0.325    1424.41    1424.37  0.000e+00
        804      7.500     2.3329     2.3310    -0.0019    0.79344    0.79255          1     8.8136     8.7572       9.96     0.0133  1.679e+00  2.455e+00  1.462e+02     7.9365     7.9274    -0.0091     6.3315     6.3242      7.432      7.591      0.244    1424.42    1424.40  0.000e+00
        849      8.000     2.3328     2.3329     0.0001    0.79341    0.79270          1     8.8095     8.7469       9.96     0.0134  1.553e+00  2.271e+00  1.462e+02     7.9361     7.9285    -0.0076     6.3312     6.3251      7.928      8.097      0.392    1424.42    1424.42  0.000e+00
        884      8.500     2.3312     2.3320     0.0008    0.79332    0.79265          1     8.8057     8.7543       9.96     0.0130  1.324e+00  1.936e+00  1.462e+02     7.9355     7.9281    -0.0074     6.3307     6.3247      8.423      8.603      0.265    1424.42    1424.42  0.000e+00
        942      9.000     2.3285     2.3309     0.0024    0.79314    0.79259          1     8.8106     8.7571       9.95     0.0134  1.180e+00  1.725e+00  1.462e+02     7.9341     7.9276    -0.0065     6.3296     6.3244      8.918      9.109      0.267    1424.42    1424.42  0.000e+00
        978      9.500     2.3275     2.3280     0.0005    0.79309    0.79241          1     8.8113     8.7442       9.95     0.0134  1.069e+00  1.564e+00  1.462e+02     7.9338     7.9263    -0.0075     6.3293     6.3233      9.414      9.615      0.331    1424.42    1424.41  0.000e+00
       1045     10.000     2.3321     2.3311    -0.0010    0.79342    0.79259          1     8.8103     8.7506       9.95     0.0131  9.341e-01  1.366e+00  1.462e+02     7.9361     7.9275    -0.0086     6.3311     6.3243      9.909     10.121      0.247    1424.45    1424.44  0.000e+00
       1097     10.500     2.3341     2.3331    -0.0010    0.79353    0.79274          1     8.8147     8.7563       9.95     0.0129  8.285e-01  1.212e+00  1.462e+02     7.9367     7.9285    -0.0082     6.3317     6.3251     10.405     10.627      0.412    1424.47    1424.45  0.000e+00
       1125     11.000     2.3340     2.3337    -0.0002    0.79353    0.79279          1     8.8076     8.7463       9.95     0.0131  7.323e-01  1.071e+00  1.462e+02     7.9367     7.9288    -0.0079     6.3316     6.3253     10.900     11.133      0.320    1424.48    1424.47  0.000e+00
       1210     11.500     2.3285     2.3300     0.0015    0.79330    0.79267          1     8.8109     8.7446       9.95     0.0133  6.458e-01  9.443e-01  1.462e+02     7.9355     7.9283    -0.0072     6.3307     6.3249     11.396     11.640      0.278    1424.46    1424.45  0.000e+00
       1245     12.000     2.3278     2.3284     0.0006    0.79328    0.79259          1     8.8010     8.7485       9.95     0.0127  5.562e-01  8.132e-01  1.462e+02     7.9353     7.9278    -0.0075     6.3306     6.3245     11.891     12.146      0.393    1424.46    1424.46  0.000e+00
       1279     12.500     2.3281     2.3279    -0.0002    0.79331    0.79258          1     8.7972     8.7441       9.95     0.0123  4.993e-01  7.301e-01  1.462e+02     7.9355     7.9277    -0.0078     6.3307     6.3245     12.387     12.652      0.275    1424.47    1424.46  0.000e+00
       1354     13.000     2.3374     2.3326    -0.0048    0.79383    0.79280          1     8.8009     8.7579       9.95     0.0133  4.259e-01  6.227e-01  1.462e+02     7.9388     7.9289    -0.0099     6.3333     6.3254     12.882     13.158      0.265    1424.53    1424.49  0.000e+00
       1395     13.500     2.3490     2.3451    -0.0039    0.79451    0.79343          1     8.8001     8.7506       9.95     0.0128  3.788e-01  5.539e-01  1.462e+02     7.9431     7.9325    -0.0106     6.3367     6.3282     13.378     13.664      0.358    1424.60    1424.56  0.000e+00
       1431     14.000     2.3570     2.3539    -0.0031    0.79494    0.79397          1     8.8010     8.7295       9.95     0.0132  3.429e-01  5.014e-01  1.462e+02     7.9456     7.9359    -0.0097     6.3387     6.3310     13.873     14.170      0.281    1424.64    1424.62  0.000e+00
       1507     14.500     2.3570     2.3560    -0.0010    0.79493    0.79413          1     8.8021     8.7535       9.95     0.0133  2.784e-01  4.071e-01  1.462e+02     7.9455     7.9370    -0.0084     6.3386     6.3319     14.369     14.676      0.224    1424.65    1424.64  0.000e+00
       1557     15.000     2.3558     2.3559     0.0001    0.79486    0.79416          1     8.7936     8.7476       9.95     0.0134  2.492e-01  3.644e-01  1.462e+02     7.9449     7.9373    -0.0076     6.3382     6.3321     14.864     15.182      0.337    1424.65    1424.64  0.000e+00
       1590     15.500     2.3557     2.3557     0.0001    0.79486    0.79414          1     8.7985     8.7287       9.95     0.0133  2.209e-01  3.231e-01  1.462e+02     7.9448     7.9371    -0.0077     6.3381     6.3320     15.359     15.688      0.332    1424.66    1424.65  0.000e+00
       1644     16.000     2.3544     2.3558     0.0014    0.79479    0.79415          1     8.8030     8.7283       9.95     0.0146  1.708e-01  2.497e-01  1.462e+02     7.9443     7.9371    -0.0072     6.3377     6.3319     15.855     16.194      0.210    1424.66    1424.66  0.000e+00
       1701     16.500     2.3538     2.3551     0.0012    0.79475    0.79410          1     8.7984     8.7446       9.95     0.0191  1.440e-01  2.105e-01  1.462e+02     7.9440     7.9367    -0.0073     6.3375     6.3317     16.350     16.700      0.277    1424.67    1424.66  0.000e+00
       1742     17.000     2.3540     2.3540    -0.0000    0.79477    0.79406          1     8.7952     8.7484       9.95     0.0184  1.203e-01  1.759e-01  1.462e+02     7.9441     7.9364    -0.0077     6.3375     6.3314     16.846     17.206      0.288    1424.67    1424.66  0.000e+00
       1787     17.500     2.3544     2.3547     0.0003    0.79479    0.79408          1     8.7915     8.7425       9.95     0.0215  9.240e-02  1.351e-01  1.462e+02     7.9441     7.9364    -0.0077     6.3375     6.3314     17.341     17.712      0.209    1424.68    1424.68  0.000e+00
       1859     18.000     2.3550     2.3550     0.0001    0.79483    0.79410          1     8.7926     8.7467       9.95     0.0233  7.095e-02  1.037e-01  1.462e+02     7.9443     7.9365    -0.0078     6.3377     6.3314     17.837     18.218      0.246    1424.69    1424.69  0.000e+00
       1901     18.500     2.3543     2.3548     0.0005    0.79479    0.79410          1     8.7907     8.7399       9.95     0.0232  5.001e-02  7.314e-02  1.463e+02     7.9440     7.9365    -0.0075     6.3374     6.3315     18.332     18.724      0.275    1424.70    1424.69  0.000e+00
       1949     19.000     2.3541     2.3549     0.0008    0.79479    0.79411          1     8.8009     8.7303       9.95     0.0231  3.146e-02  4.612e-02  1.466e+02     7.9439     7.9364    -0.0075     6.3374     6.3314     18.828     19.230      0.243    1424.71    1424.70  0.000e+00
       1995     19.500     2.3565     2.3554    -0.0010    0.79495    0.79413          1     8.7902     8.7316       9.95     0.0237  1.516e-02  2.230e-02  1.472e+02     7.9450     7.9364    -0.0086     6.3383     6.3314     19.323     19.737      0.289    1424.73    1424.71  0.000e+00
       2041     20.000     2.3575     2.3559    -0.0015    0.79500    0.79417          1     8.7912     8.7328       9.95     0.0288  2.610e-04  3.837e-04  1.473e+02     7.9453     7.9367    -0.0086     6.3385     6.3316     19.818     20.243      0.211    1424.74    1424.72  0.000e+00
       2103     20.500     2.3567     2.3569     0.0002    0.79497    0.79423          1     8.7951     8.7495       9.95     0.0294 -7.165e-05 -1.054e-04  1.476e+02     7.9450     7.9370    -0.0080     6.3383     6.3319     20.314     20.749      0.259    1424.74    1424.73  0.000e+00
       2142     21.000     2.3577     2.3571    -0.0007    0.79505    0.79427          1     8.7965     8.7524       9.95     0.0265  6.757e-13  1.000e-12  1.480e+02     7.9455     7.9373    -0.0082     6.3386     6.3321     20.809     21.255      0.275    1424.76    1424.74  0.000e+00
       2202     21.500     2.3579     2.3578    -0.0002    0.79506    0.79432          1     8.7893     8.7536       9.95     0.0247  6.749e-13  1.000e-12  1.482e+02     7.9455     7.9376    -0.0078     6.3387     6.3324     21.305     21.761      0.234    1424.77    1424.76  0.000e+00
       2247     22.000     2.3574     2.3575     0.0001    0.79504    0.79433          1     8.7924     8.7412       9.95     0.0242  6.745e-13  1.000e-12  1.482e+02     7.9453     7.9377    -0.0076     6.3385     6.3325     21.800     22.267      0.280    1424.77    1424.76  0.000e+00
       2297     22.500     2.3562     2.3582     0.0020    0.79497    0.79436          1     8.7891     8.7419       9.95     0.0251  6.745e-13  1.000e-12  1.482e+02     7.9448     7.9378    -0.0070     6.3381     6.3325     22.296     22.773      0.234    1424.77    1424.77  0.000e+00
       2341     23.000     2.3572     2.3574     0.0002    0.79504    0.79434          1     8.7865     8.7505       9.95     0.0268  6.745e-13  1.000e-12  1.482e+02     7.9453     7.9377    -0.0076     6.3385     6.3324     22.791     23.279      0.298    1424.79    1424.78  0.000e+00
       2390     23.500     2.3572     2.3580     0.0008    0.79504    0.79436          1     8.7947     8.7443       9.95     0.0313  6.745e-13  1.000e-12  1.482e+02     7.9452     7.9377    -0.0076     6.3384     6.3324     23.286     23.785      0.218    1424.79    1424.79  0.000e+00
       2440     24.000     2.3572     2.3577     0.0004    0.79505    0.79436          1     8.7910     8.7415       9.95     0.0299  6.745e-13  1.000e-12  1.482e+02     7.9452     7.9376    -0.0076     6.3384     6.3324     23.782     24.291      0.246    1424.80    1424.79  0.000e+00
       2511     24.500     2.3576     2.3577     0.0000    0.79508    0.79438          1     8.8047     8.7355       9.95     0.0283  6.745e-13  1.000e-12  1.482e+02     7.9453     7.9378    -0.0076     6.3385     6.3325     24.277     24.797      0.242    1424.81    1424.80  0.000e+00
       2553     25.000     2.3568     2.3572     0.0004    0.79504    0.79437          1     8.8048     8.7310       9.95     0.0280  6.745e-13  1.000e-12  1.482e+02     7.9450     7.9377    -0.0073     6.3383     6.3324     24.773     25.303      0.314    1424.81    1424.81  0.000e+00
       2593     25.500     2.3575     2.3576     0.0001    0.79509    0.79437          1     8.8071     8.7301       9.95     0.0272  6.745e-13  1.000e-12  1.482e+02     7.9454     7.9375    -0.0078     6.3386     6.3323     25.268     25.809      0.301    1424.83    1424.82  0.000e+00
       2634     26.000     2.3580     2.3578    -0.0003    0.79513    0.79438          1     8.7950     8.7414       9.95     0.0269  6.745e-13  1.000e-12  1.482e+02     7.9455     7.9375    -0.0080     6.3387     6.3323     25.764     26.315      0.255    1424.84    1424.82  0.000e+00
       2694     26.500     2.3571     2.3575     0.0005    0.79506    0.79439          1     8.7953     8.7469       9.95     0.0261  6.738e-13  1.000e-12  1.484e+02     7.9450     7.9377    -0.0073     6.3383     6.3324     26.259     26.821      0.247    1424.84    1424.83  0.000e+00
       2731     27.000     2.3572     2.3576     0.0004    0.79510    0.79440          1     8.7985     8.7507       9.95     0.0261  6.744e-13  1.000e-12  1.483e+02     7.9453     7.9377    -0.0076     6.3385     6.3324     26.754     27.327      0.356    1424.85    1424.84  0.000e+00
       2799     27.500     2.3588     2.3584    -0.0004    0.79517    0.79444          1     8.7933     8.7398       9.95     0.0255  6.690e-13  1.000e-12  1.495e+02     7.9456     7.9378    -0.0077     6.3387     6.3325     27.250     27.833      0.239    1424.86    1424.85  0.000e+00
       2858     28.000     2.3530     2.3581     0.0052    0.79484    0.79447          1     8.7924     8.7337       9.95     0.0251  6.660e-13  1.000e-12  1.502e+02     7.9434     7.9381    -0.0052     6.3370     6.3328     27.745     28.340      0.336    1424.84    1424.86  0.000e+00
