ctdpy/exports/archive_20191121_122431/received_data/SBE09_0827_20180121_1116_26_01_0145.cnv
* Sea-Bird SBE 9 Data File:
* FileName = D:\CTD_SBE911\DAT\26DA.2018.1.45.hex
* Software Version Seasave V 7.21d
* Temperature SN = 034757
* Conductivity SN = 041844
* Number of Bytes Per Scan = 48
* Number of Voltage Words = 5
* Number of Scans Averaged by the Deck Unit = 1
* NMEA Latitude = 57 59.40 N
* NMEA Longitude = 009 54.41 E
* NMEA UTC (Time) = Jan 21 2018  11:16:22
* NMEA baud rate = 4800
** Ship: DANA
** Average sound velocity: 1478.24 m/s
** True-depth calculation Thu, 28 Mar 2019 08:25:29 +0000
** CTD Python Module SMHI /ver 3-12/ feb 2012 
** LIMS Job: 20182601-0145
** Operator:
** Cruise: 01/2018
# nquan = 26
# nvalues = 206                         
# units = specified
# name 0 = scan: Scan Count
# name 1 = prDM: Pressure, Digiquartz [db]
# name 2 = t090C: Temperature [ITS-90, deg C]
# name 3 = t190C: Temperature, 2 [ITS-90, deg C]
# name 4 = T2-T190C: Temperature Difference, 2 - 1 [ITS-90, deg C]
# name 5 = c0S/m: Conductivity [S/m]
# name 6 = c1S/m: Conductivity, 2 [S/m]
# name 7 = pumps: Pump Status
# name 8 = sbeox1ML/L: Oxygen, SBE 43, 2 [ml/l]
# name 9 = sbeox0ML/L: Oxygen, SBE 43 [ml/l]
# name 10 = altM: Altimeter [m]
# name 11 = chloroflTC0: Chlorophyll, Turner Cyclops [ug/l]
# name 12 = cpar: CPAR/Corrected Irradiance [%]
# name 13 = par: PAR/Irradiance, Biospherical/Lico [µE/(cm^2*s)]
# name 14 = spar: SPAR, Biospherical/Licor
# name 15 = sal00: Salinity, Practical [PSU]
# name 16 = sal11: Salinity, Practical, 2 [PSU]
# name 17 = secS-priS: Salinity, Practical, Difference, 2 - 1 [PSU]
# name 18 = sigma-t00: Density [sigma-t, kg/m^3 ]
# name 19 = sigma-t11: Density, 2 [sigma-t, kg/m^3 ]
# name 20 = depSM: Depth [salt water, m], lat = 57.99
# name 21 = depFM: Depth [true depth, m], lat = 57.99
# name 22 = dz/dtM: Descent Rate [m/s], WS = 2
# name 23 = svCM: Sound Velocity [Chen-Millero, m/s]
# name 24 = svCM1: Sound Velocity, 2 [Chen-Millero, m/s]
# name 25 = flag: flag
# span 0 =        314,      10919       
# span 1 =      2.000,    104.500       
# span 2 =     6.7882,     6.8171       
# span 3 =     6.7878,     6.8167       
# span 4 =    -0.0044,     0.0031       
# span 5 =   3.470923,   3.475460       
# span 6 =   3.471141,   3.475662       
# span 7 =          1,          1       
# span 8 =     6.0510,     6.2058       
# span 9 =     6.2449,     6.3004       
# span 10 =       1.23,      10.00      
# span 11 =     0.0226,     0.0398      
# span 12 = 1.7277e-13, 4.4797e+00      
# span 13 = 1.0000e-12, 2.3668e+01      
# span 14 = 5.0566e+02, 5.7879e+02      
# span 15 =    34.5676,    34.5698      
# span 16 =    34.5703,    34.5730      
# span 17 =     0.0021,     0.0036      
# span 18 =    27.1047,    27.1074      
# span 19 =    27.1070,    27.1099      
# span 20 =      1.981,    103.506      
# span 21 =      1.983,    103.628      
# span 22 =      0.184,      0.447      
# span 23 =    1477.37,    1479.01      
# span 24 =    1477.36,    1479.01      
# span 25 = 0.0000e+00, 0.0000e+00      
# interval = decibars: 0.5              
# start_time = Jan 21 2018 11:16:22 [NMEA time, first data scan]
# bad_flag = -9.990e-29
*END*
[from data line 168]
       9051     86.000     6.8004     6.7997    -0.0007    3.47503    3.47522          1     6.1794     6.2679       9.95     0.0346  1.837e-13  1.000e-12  5.442e+02    34.5688    34.5716     0.0028    27.1065    27.1088     85.185     85.283      0.224    1478.76    1478.76  0.000e+00
       9111     86.500     6.8004     6.8003    -0.0001    3.47505    3.47530          1     6.1953     6.2585       9.95     0.0350  1.837e-13  1.000e-12  5.443e+02    34.5689    34.5717     0.0028    27.1066    27.1088     85.681     85.778      0.227    1478.76    1478.77  0.000e+00
       9156     87.000     6.8010     6.8006    -0.0004    3.47513    3.47534          1     6.1889     6.2449       9.95     0.0338  1.837e-13  1.000e-12  5.443e+02    34.5689    34.5716     0.0027    27.1065    27.1087     86.176     86.274      0.314    1478.77    1478.78  0.000e+00
       9192     87.500     6.8011     6.7967    -0.0044    3.47516    3.47508          1     6.1972     6.2539       9.95     0.0355  1.837e-13  1.000e-12  5.443e+02    34.5688    34.5723     0.0035    27.1064    27.1098     86.671     86.770      0.285    1478.78    1478.77  0.000e+00
       9265     88.000     6.7956     6.7945    -0.0011    3.47464    3.47482          1     6.1805     6.2589       9.95     0.0398  1.828e-13  1.000e-12  5.472e+02    34.5684    34.5715     0.0031    27.1068    27.1095     87.166     87.266      0.251    1478.77    1478.77  0.000e+00
       9311     88.500     6.7947     6.7941    -0.0006    3.47458    3.47479          1     6.1588     6.2584       9.95     0.0354  1.824e-13  1.000e-12  5.482e+02    34.5683    34.5713     0.0030    27.1069    27.1093     87.661     87.762      0.315    1478.77    1478.77  0.000e+00
       9355     89.000     6.7943     6.7938    -0.0005    3.47456    3.47478          1     6.1768     6.2509       9.95     0.0347  1.823e-13  1.000e-12  5.485e+02    34.5683    34.5712     0.0029    27.1069    27.1093     88.156     88.258      0.246    1478.78    1478.78  0.000e+00
       9402     89.500     6.7930     6.7913    -0.0017    3.47445    3.47460          1     6.1961     6.2549       9.95     0.0359  1.822e-13  1.000e-12  5.487e+02    34.5681    34.5714     0.0033    27.1070    27.1098     88.651     88.753      0.265    1478.78    1478.78  0.000e+00
       9452     90.000     6.7914     6.7907    -0.0007    3.47432    3.47452          1     6.1955     6.2615       9.95     0.0351  1.823e-13  1.000e-12  5.486e+02    34.5680    34.5710     0.0030    27.1071    27.1095     89.147     89.249      0.231    1478.78    1478.79  0.000e+00
       9498     90.500     6.7909     6.7902    -0.0007    3.47430    3.47450          1     6.1899     6.2629       9.95     0.0376  1.818e-13  1.000e-12  5.499e+02    34.5680    34.5709     0.0029    27.1072    27.1096     89.642     89.745      0.297    1478.79    1478.79  0.000e+00
       9539     91.000     6.7906     6.7898    -0.0008    3.47428    3.47447          1     6.1909     6.2545       9.95     0.0377  1.817e-13  1.000e-12  5.504e+02    34.5679    34.5708     0.0029    27.1071    27.1095     90.137     90.241      0.228    1478.80    1478.80  0.000e+00
       9613     91.500     6.7911     6.7907    -0.0004    3.47437    3.47458          1     6.1868     6.2650       9.95     0.0354  1.805e-13  1.000e-12  5.542e+02    34.5681    34.5709     0.0028    27.1072    27.1095     90.632     90.737      0.254    1478.81    1478.81  0.000e+00
       9655     92.000     6.7910     6.7907    -0.0003    3.47438    3.47461          1     6.1785     6.2526       9.95     0.0347  1.804e-13  1.000e-12  5.544e+02    34.5681    34.5709     0.0028    27.1072    27.1094     91.127     91.233      0.293    1478.82    1478.82  0.000e+00
       9698     92.500     6.7911     6.7908    -0.0004    3.47442    3.47463          1     6.1986     6.2555       9.95     0.0345  1.804e-13  1.000e-12  5.544e+02    34.5682    34.5708     0.0026    27.1073    27.1094     91.622     91.728      0.271    1478.82    1478.83  0.000e+00
       9748     93.000     6.7913     6.7907    -0.0006    3.47445    3.47465          1     6.1962     6.2528       9.95     0.0360  1.804e-13  1.000e-12  5.544e+02    34.5681    34.5710     0.0029    27.1072    27.1095     92.117     92.224      0.218    1478.83    1478.83  0.000e+00
       9800     93.500     6.7912     6.7916     0.0004    3.47446    3.47474          1     6.1980     6.2587       9.95     0.0346  1.798e-13  1.000e-12  5.562e+02    34.5681    34.5708     0.0027    27.1072    27.1093     92.613     92.720      0.253    1478.84    1478.85  0.000e+00
       9848     94.000     6.7919     6.7911    -0.0008    3.47455    3.47474          1     6.1836     6.2504       9.95     0.0344  1.795e-13  1.000e-12  5.570e+02    34.5680    34.5710     0.0030    27.1070    27.1095     93.108     93.216      0.241    1478.85    1478.85  0.000e+00
       9900     94.500     6.7910     6.7904    -0.0006    3.47448    3.47469          1     6.1753     6.2560       9.95     0.0364  1.790e-13  1.000e-12  5.588e+02    34.5680    34.5709     0.0029    27.1071    27.1095     93.603     93.712      0.204    1478.86    1478.86  0.000e+00
       9963     95.000     6.7912     6.7909    -0.0003    3.47453    3.47475          1     6.1772     6.2509       9.95     0.0370  1.784e-13  1.000e-12  5.605e+02    34.5681    34.5708     0.0027    27.1072    27.1094     94.098     94.207      0.232    1478.87    1478.87  0.000e+00
      10004     95.500     6.7909     6.7911     0.0001    3.47453    3.47479          1     6.1681     6.2531       9.95     0.0370  1.784e-13  1.000e-12  5.605e+02    34.5680    34.5707     0.0027    27.1072    27.1093     94.593     94.703      0.339    1478.87    1478.88  0.000e+00
      10042     96.000     6.7916     6.7907    -0.0010    3.47461    3.47478          1     6.1818     6.2606       9.65     0.0355  1.783e-13  1.000e-12  5.607e+02    34.5681    34.5709     0.0028    27.1071    27.1095     95.088     95.199      0.265    1478.88    1478.88  0.000e+00
      10109     96.500     6.7909     6.7903    -0.0006    3.47457    3.47477          1     6.1811     6.2535       9.16     0.0355  1.778e-13  1.000e-12  5.623e+02    34.5680    34.5708     0.0028    27.1072    27.1095     95.583     95.695      0.259    1478.89    1478.89  0.000e+00
      10149     97.000     6.7905     6.7901    -0.0004    3.47455    3.47477          1     6.1674     6.2518       8.67     0.0360  1.778e-13  1.000e-12  5.625e+02    34.5680    34.5708     0.0028    27.1072    27.1095     96.079     96.191      0.340    1478.89    1478.90  0.000e+00
      10202     97.500     6.7909     6.7902    -0.0007    3.47460    3.47477          1     6.1728     6.2507       8.14     0.0357  1.770e-13  1.000e-12  5.650e+02    34.5680    34.5705     0.0026    27.1071    27.1092     96.574     96.687      0.213    1478.90    1478.90  0.000e+00
      10265     98.000     6.7903     6.7893    -0.0010    3.47458    3.47475          1     6.1879     6.2549       7.64     0.0349  1.765e-13  1.000e-12  5.666e+02    34.5680    34.5709     0.0029    27.1073    27.1097     97.069     97.182      0.282    1478.91    1478.91  0.000e+00
      10302     98.500     6.7900     6.7892    -0.0008    3.47457    3.47475          1     6.1834     6.2514       7.15     0.0355  1.765e-13  1.000e-12  5.666e+02    34.5679    34.5707     0.0028    27.1072    27.1095     97.564     97.678      0.321    1478.92    1478.92  0.000e+00
      10346     99.000     6.7898     6.7886    -0.0012    3.47457    3.47471          1     6.1855     6.2577       6.64     0.0376  1.764e-13  1.000e-12  5.669e+02    34.5679    34.5706     0.0027    27.1073    27.1096     98.059     98.174      0.215    1478.93    1478.92  0.000e+00
      10407     99.500     6.7888     6.7880    -0.0009    3.47449    3.47467          1     6.1812     6.2573       6.17     0.0362  1.762e-13  1.000e-12  5.677e+02    34.5677    34.5706     0.0029    27.1072    27.1096     98.554     98.670      0.289    1478.93    1478.93  0.000e+00
      10445    100.000     6.7884     6.7879    -0.0006    3.47447    3.47467          1     6.1936     6.2569       5.68     0.0385  1.762e-13  1.000e-12  5.675e+02    34.5677    34.5704     0.0028    27.1073    27.1095     99.049     99.166      0.269    1478.94    1478.94  0.000e+00
      10511    100.500     6.7883     6.7879    -0.0004    3.47448    3.47470          1     6.1986     6.2544       5.18     0.0370  1.749e-13  1.000e-12  5.717e+02    34.5677    34.5704     0.0027    27.1073    27.1095     99.545     99.662      0.212    1478.94    1478.95  0.000e+00
      10566    101.000     6.7885     6.7881    -0.0004    3.47453    3.47474          1     6.1913     6.2548       4.68     0.0378  1.746e-13  1.000e-12  5.727e+02    34.5677    34.5704     0.0027    27.1073    27.1095    100.040    100.157      0.238    1478.95    1478.95  0.000e+00
      10608    101.500     6.7884     6.7880    -0.0004    3.47454    3.47475          1     6.1882     6.2562       4.20     0.0361  1.746e-13  1.000e-12  5.727e+02    34.5678    34.5705     0.0027    27.1074    27.1095    100.535    100.653      0.340    1478.96    1478.96  0.000e+00
      10643    102.000     6.7884     6.7880    -0.0004    3.47457    3.47477          1     6.1808     6.2558       3.70     0.0368  1.746e-13  1.000e-12  5.727e+02    34.5677    34.5704     0.0027    27.1073    27.1095    101.030    101.149      0.309    1478.97    1478.97  0.000e+00
      10708    102.500     6.7886     6.7882    -0.0003    3.47460    3.47480          1     6.1890     6.2491       3.20     0.0361  1.744e-13  1.000e-12  5.735e+02    34.5677    34.5703     0.0026    27.1072    27.1094    101.525    101.645      0.231    1478.98    1478.98  0.000e+00
      10758    103.000     6.7885     6.7880    -0.0005    3.47461    3.47482          1     6.1895     6.2492       2.70     0.0361  1.745e-13  1.000e-12  5.730e+02    34.5677    34.5704     0.0027    27.1073    27.1095    102.020    102.141      0.362    1478.99    1478.99  0.000e+00
      10792    103.500     6.7886     6.7882    -0.0004    3.47464    3.47486          1     6.1986     6.2484       2.19     0.0382  1.741e-13  1.000e-12  5.745e+02    34.5677    34.5704     0.0028    27.1072    27.1095    102.515    102.637      0.259    1478.99    1479.00  0.000e+00
      10874    104.000     6.7882     6.7879    -0.0003    3.47464    3.47485          1     6.1869     6.2596       1.70     0.0363  1.728e-13  1.000e-12  5.787e+02    34.5677    34.5703     0.0026    27.1073    27.1094    103.010    103.132      0.232    1479.00    1479.00  0.000e+00
      10919    104.500     6.7882     6.7878    -0.0005    3.47465    3.47486          1     6.1948     6.2548       1.23     0.0376  1.728e-13  1.000e-12  5.788e+02    34.5676    34.5703     0.0027    27.1073    27.1094    103.506    103.628      0.229    1479.01    1479.01  0.000e+00
