ctdpy/exports/archive_20191121_122431/received_data/SBE09_1044_20180129_0445_34_02_0029.cnv
* Sea-Bird SBE 9 Data File:
* FileName = C:\ctd\temp\2018\ME18D029.hex
* Software Version Seasave V 7.26.6.26
* Temperature SN = 5351
* Conductivity SN = 3941
* Number of Bytes Per Scan = 41
* Number of Voltage Words = 4
* Number of Scans Averaged by the Deck Unit = 1
* NMEA Latitude = 57 33.02 N
* NMEA Longitude = 020 09.69 E
* NMEA UTC (Time) = Jan 29 2018  04:45:40
* NMEA baud rate = 4800
** Station:  BY19
** Operator:  JKro
** Ship: MERI
** Average sound velocity: 1442.68 m/s
** True-depth calculation Mon, 29 Jan 2018 05:59:01 +0000
** CTD Python Module SMHI /ver 3-12/ feb 2012 
** LIMS Job: 20183402-0029
** Cruise: SMHI-01-2018
** Latitude [GG MM.mm N] :
** Longitude [GG MM.mm E]:
# nquan = 26
# nvalues = 307                         
# units = specified
# name 0 = scan: Scan Count
# name 1 = prDM: Pressure, Digiquartz [db]
# name 2 = t090C: Temperature [ITS-90, deg C]
# name 3 = t190C: Temperature, 2 [ITS-90, deg C]
# name 4 = T2-T190C: Temperature Difference, 2 - 1 [ITS-90, deg C]
# name 5 = c0S/m: Conductivity [S/m]
# name 6 = c1S/m: Conductivity, 2 [S/m]
# name 7 = pumps: Pump Status
# name 8 = sbeox0ML/L: Oxygen, SBE 43 [ml/l]
# name 9 = sbeox1ML/L: Oxygen, SBE 43, 2 [ml/l]
# name 10 = altM: Altimeter [m]
# name 11 = flECO-AFL: Chl-a Fluorescence, WET Labs ECO-AFL/FL [mg/m^3]
# name 12 = flECO-AFL1: Phycocyanin Fluorescence, WET Labs ECO-AFL/FL, 2 [mg/m^3]
# name 13 = par: PAR/Irradiance, Biospherical/Lico [µE/(cm^2*s)]
# name 14 = turbWETntu0: Turbidity, WET Labs ECO [NTU]
# name 15 = sal00: Salinity, Practical [PSU]
# name 16 = sal11: Salinity, Practical, 2 [PSU]
# name 17 = secS-priS: Salinity, Practical, Difference, 2 - 1 [PSU]
# name 18 = sigma-t00: Density [sigma-t, Kg/m^3 ]
# name 19 = sigma-t11: Density, 2 [sigma-t, Kg/m^3 ]
# name 20 = depSM: Depth [salt water, m], lat = 57.5503
# name 21 = depFM: Depth [true depth, m], lat = 57.5503
# name 22 = dz/dtM: Descent Rate [m/s], WS = 2
# name 23 = svCM: Sound Velocity [Chen-Millero, m/s]
# name 24 = svCM1: Sound Velocity, 2 [Chen-Millero, m/s]
# name 25 = flag: flag
# span 0 =      16932,      28347       
# span 1 =      1.500,    154.500       
# span 2 =     4.7756,     6.8803       
# span 3 =     4.7762,     6.8804       
# span 4 =    -0.0333,     0.0778       
# span 5 =   0.797334,   1.437936       
# span 6 =   0.797321,   1.437751       
# span 7 =          1,          1       
# span 8 =    0.00951,    8.03503       
# span 9 =    0.02964,    7.98304       
# span 10 =       4.08,      99.24      
# span 11 =     0.2481,     0.4452      
# span 12 =     0.1589,     0.3186      
# span 13 = -8.950e-06, 1.1058e-01      
# span 14 =     0.0944,     1.1247      
# span 15 =     7.3986,    13.1046      
# span 16 =     7.3984,    13.1028      
# span 17 =    -0.1730,     0.1349      
# span 18 =     5.8570,    10.2306      
# span 19 =     5.8568,    10.2291      
# span 20 =      1.486,    153.017      
# span 21 =      1.519,    156.169      
# span 22 =     -0.156,      1.404      
# span 23 =    1434.79,    1453.37      
# span 24 =    1434.79,    1453.37      
# span 25 = 0.0000e+00, 0.0000e+00      
# interval = decibars: 0.5              
# start_time = Jan 29 2018 04:45:40 [NMEA time, first data scan]
# bad_flag = -9.990e-29
*END*
[from data line 223]
      24368    113.000     6.3901     6.3870    -0.0029    1.28419    1.28259          1     0.5045     0.5454      83.73     0.2813     0.2275  1.000e-12  0.1298000    11.7685    11.7537    -0.0148     9.2188     9.2074    111.926    114.312      0.536    1448.99    1448.96  0.000e+00
      24389    113.500     6.4171     6.4128    -0.0044    1.29370    1.29208          1     0.5338     0.5634      46.25     0.2481     0.1902  1.000e-12  0.1314000    11.8535    11.8389    -0.0145     9.2837     9.2725    112.421    114.816      0.582    1449.22    1449.18  0.000e+00
      24409    114.000     6.4318     6.4323     0.0005    1.29776    1.29780          1     0.5328     0.5600      46.01     0.2792     0.2693  1.000e-12  0.1368000    11.8885    11.8888     0.0003     9.3101     9.3103    112.917    115.321      0.564    1449.33    1449.34  0.000e+00
      24431    114.500     6.4493     6.4499     0.0006    1.30147    1.30148          1     0.4266     0.4671      45.55     0.2685     0.2353  1.000e-12  0.1353000    11.9191    11.9190    -0.0001     9.3329     9.3328    113.412    115.825      0.516    1449.45    1449.46  0.000e+00
      24457    115.000     6.4659     6.4662     0.0002    1.30540    1.30537          1     0.3521     0.4000      65.51     0.2767     0.2242  1.000e-12  0.1586000    11.9521    11.9518    -0.0003     9.3577     9.3574    113.907    116.330      0.374    1449.57    1449.57  0.000e+00
      24563    115.500     6.4235     6.4419     0.0183    1.29444    1.29927          1     0.4606     0.5056      72.09     0.2726     0.2249  1.000e-12  0.1533000    11.8582    11.8997     0.0414     9.2869     9.3182    114.402    116.834      0.677    1449.29    1449.41  0.000e+00
      24590    116.000     6.4544     6.4617     0.0076    1.30442    1.30598          1     0.4434     0.4948      61.05     0.2847     0.2218  1.000e-12  0.1557000    11.9463    11.9592     0.0130     9.3539     9.3635    114.897    117.339      0.993    1449.53    1449.58  0.000e+00
      24601    116.500     6.4838     6.4846     0.0007    1.31138    1.31138          1     0.4261     0.4710      42.90     0.2847     0.2255  1.000e-12  0.1545000    12.0049    12.0046    -0.0003     9.3978     9.3975    115.392    117.844      1.024    1449.74    1449.74  0.000e+00
      24613    117.000     6.4935     6.4939     0.0004    1.31356    1.31352          1     0.4296     0.4651      42.64     0.2847     0.2407  1.000e-12  0.1436000    12.0229    12.0225    -0.0004     9.4113     9.4109    115.887    118.348      0.901    1449.81    1449.81  0.000e+00
      24637    117.500     6.4929     6.4933     0.0005    1.31504    1.31484          1     0.4565     0.4856      41.93     0.2721     0.2095  1.000e-12  0.1584000    12.0377    12.0356    -0.0021     9.4230     9.4212    116.382    118.853      0.512    1449.83    1449.83  0.000e+00
      24733    118.000     6.4544     6.4617     0.0073    1.30338    1.30485          1     0.4370     0.4613      40.67     0.2620     0.2035  1.000e-12  0.1564000    11.9356    11.9476     0.0121     9.3455     9.3544    116.877    119.357      0.297    1449.55    1449.60  0.000e+00
      24767    118.500     6.4711     6.4774     0.0063    1.30822    1.31015          1     0.4670     0.4753      40.28     0.2672     0.2386  1.000e-12  0.1434000    11.9776    11.9945     0.0169     9.3773     9.3901    117.373    119.862      0.308    1449.68    1449.73  0.000e+00
      24805    119.000     6.5193     6.5282     0.0088    1.32385    1.32613          1     0.5235     0.5199      39.73     0.2599     0.1934  1.000e-12  0.1396000    12.1154    12.1349     0.0195     9.4820     9.4967    117.868    120.366      0.409    1450.06    1450.13  0.000e+00
      24828    119.500     6.5339     6.5338    -0.0000    1.32761    1.32750          1     0.5416     0.5398      39.28     0.2603     0.2218  1.000e-12  0.1659000    12.1475    12.1464    -0.0011     9.5061     9.5053    118.363    120.871      0.644    1450.17    1450.17  0.000e+00
      24844    120.000     6.5402     6.5405     0.0003    1.32951    1.32945          1     0.5387     0.5450      38.89     0.2603     0.2506  1.000e-12  0.1278000    12.1639    12.1632    -0.0007     9.5186     9.5180    118.858    121.375      0.751    1450.23    1450.23  0.000e+00
      24860    120.500     6.5496     6.5499     0.0004    1.33218    1.33213          1     0.5307     0.5421      38.60     0.2547     0.2594  1.000e-12  0.1280000    12.1869    12.1863    -0.0007     9.5360     9.5354    119.353    121.880      0.668    1450.30    1450.31  0.000e+00
      24914    121.000     6.5499     6.5504     0.0003    1.33217    1.33212          1     0.5114     0.5298      38.14     0.2602     0.2014  1.000e-12  0.1282000    12.1866    12.1860    -0.0007     9.5357     9.5352    119.848    122.384      0.498    1450.31    1450.32  0.000e+00
      24993    121.500     6.5415     6.5414    -0.0001    1.32975    1.32963          1     0.4827     0.5077      37.92     0.2687     0.1589  1.000e-12  0.1373000    12.1655    12.1644    -0.0011     9.5198     9.5189    120.343    122.889      0.951    1450.26    1450.26  0.000e+00
      25003    122.000     6.5639     6.5671     0.0033    1.33623    1.33703          1     0.4600     0.4897      37.25     0.2602     0.2340  1.000e-12  0.1418000    12.2216    12.2284     0.0068     9.5622     9.5673    120.838    123.393      0.971    1450.43    1450.46  0.000e+00
      25015    122.500     6.5793     6.5799     0.0005    1.34034    1.34032          1     0.4356     0.4674      36.90     0.2677     0.2422  1.000e-12  0.1319000    12.2567    12.2563    -0.0004     9.5886     9.5882    121.333    123.897      0.863    1450.55    1450.55  0.000e+00
      25039    123.000     6.5846     6.5853     0.0007    1.34171    1.34167          1     0.4218     0.4522      36.23     0.2687     0.2041  1.000e-12  0.1273000    12.2683    12.2677    -0.0006     9.5973     9.5967    121.828    124.402      0.518    1450.59    1450.60  0.000e+00
      25147    123.500     6.5605     6.5573    -0.0030    1.33511    1.33395          1     0.4465     0.4701      35.01     0.2602     0.2227  1.000e-12  0.1366000    12.2115    12.2011    -0.0104     9.5545     9.5465    122.324    124.906      0.426    1450.43    1450.40  0.000e+00
      25172    124.000     6.5718     6.5732     0.0012    1.33824    1.33893          1     0.4117     0.4345      34.48     0.2691     0.1644  1.000e-12  0.1409000    12.2383    12.2446     0.0063     9.5747     9.5795    122.819    125.411      0.467    1450.52    1450.53  0.000e+00
      25197    124.500     6.6116     6.6041    -0.0074    1.35000    1.34777          1     0.3586     0.3876      33.99     0.2908     0.2351  1.000e-12  0.1507000    12.3404    12.3210    -0.0194     9.6519     9.6372    123.314    125.915      0.515    1450.82    1450.76  0.000e+00
      25219    125.000     6.6374     6.6370    -0.0004    1.35663    1.35655          1     0.3229     0.3588      33.50     0.2840     0.3033  1.000e-12  0.1653000    12.3966    12.3960    -0.0007     9.6941     9.6936    123.809    126.420      0.601    1451.01    1451.00  0.000e+00
      25238    125.500     6.6503     6.6502    -0.0001    1.36035    1.36027          1     0.3045     0.3466      33.04     0.2745     0.2768  1.000e-12  0.1685000    12.4287    12.4279    -0.0008     9.7183     9.7176    124.304    126.924      0.638    1451.11    1451.11  0.000e+00
      25257    126.000     6.6617     6.6616    -0.0001    1.36261    1.36255          1     0.2996     0.3399      32.51     0.2847     0.2363  1.000e-12  0.1441000    12.4468    12.4462    -0.0006     9.7316     9.7311    124.799    127.428      0.501    1451.19    1451.18  0.000e+00
      25355    126.500     6.6647     6.6557    -0.0089    1.36336    1.36106          1     0.3326     0.3494      31.94     0.2805     0.2077  1.000e-12  0.1311000    12.4530    12.4335    -0.0195     9.7362     9.7216    125.294    127.933      0.712    1451.21    1451.15  0.000e+00
      25391    127.000     6.6656     6.6671     0.0013    1.36398    1.36434          1     0.3149     0.3355      31.61     0.2724     0.2227  1.000e-12  0.1368000    12.4588    12.4618     0.0030     9.7407     9.7429    125.789    128.437      1.075    1451.24    1451.24  0.000e+00
      25401    127.500     6.6870     6.6873     0.0003    1.36898    1.36895          1     0.2879     0.3171      31.14     0.2605     0.2275  1.000e-12  0.1248000    12.5004    12.4999    -0.0004     9.7717     9.7713    126.284    128.941      1.117    1451.38    1451.38  0.000e+00
      25412    128.000     6.6953     6.6956     0.0003    1.37132    1.37126          1     0.2650     0.2988      30.70     0.2603     0.2325  1.000e-12  0.1232000    12.5204    12.5197    -0.0007     9.7868     9.7862    126.779    129.446      1.032    1451.45    1451.45  0.000e+00
      25424    128.500     6.7032     6.7033     0.0001    1.37359    1.37354          1     0.2437     0.2832      30.12     0.2519     0.2688  1.000e-12  0.1236000    12.5398    12.5393    -0.0005     9.8014     9.8010    127.274    129.950      0.740    1451.52    1451.52  0.000e+00
      25517    129.000     6.7082     6.6996    -0.0084    1.37495    1.37265          1     0.2641     0.2821      30.13     0.2657     0.2450  1.000e-12  0.1278000    12.5514    12.5317    -0.0197     9.8101     9.7953    127.769    130.454      0.579    1451.56    1451.50  0.000e+00
      25563    129.500     6.6981     6.7032     0.0050    1.37213    1.37359          1     0.2366     0.2678      30.02     0.2603     0.2645  1.000e-12  0.1359000    12.5271    12.5397     0.0126     9.7918     9.8013    128.264    130.959      0.720    1451.49    1451.53  0.000e+00
      25581    130.000     6.7167     6.7211     0.0044    1.37764    1.37876          1     0.1940     0.2390      29.49     0.2702     0.2466  1.000e-12  0.1407000    12.5746    12.5841     0.0094     9.8277     9.8348    128.760    131.463      0.561    1451.64    1451.67  0.000e+00
      25620    130.500     6.7188     6.7236     0.0048    1.37818    1.37971          1     0.1729     0.2282      28.78     0.2727     0.2339  1.000e-12  0.1411000    12.5791    12.5925     0.0134     9.8310     9.8412    129.255    131.967      0.245    1451.66    1451.70  0.000e+00
      25698    131.000     6.7023     6.7138     0.0115    1.37376    1.37704          1     0.2110     0.2584      28.19     0.2630     0.2323  1.000e-12  0.1322000    12.5414    12.5696     0.0282     9.8027     9.8239    129.750    132.472      0.360    1451.55    1451.64  0.000e+00
      25721    131.500     6.7439     6.7444     0.0005    1.38536    1.38533          1     0.1605     0.1972      27.81     0.2724     0.1897  1.000e-12  0.1451000    12.6407    12.6402    -0.0005     9.8775     9.8770    130.245    132.976      0.506    1451.86    1451.86  0.000e+00
      25745    132.000     6.7507     6.7510     0.0003    1.38715    1.38710          1     0.1383     0.1703      27.32     0.2775     0.1804  1.000e-12  0.1526000    12.6558    12.6552    -0.0006     9.8888     9.8883    130.740    133.480      0.452    1451.91    1451.91  0.000e+00
      25780    132.500     6.7561     6.7563     0.0002    1.38878    1.38873          1     0.1400     0.1704      26.70     0.2956     0.2105  1.000e-12  0.1391000    12.6698    12.6692    -0.0006     9.8993     9.8988    131.235    133.985      0.274    1451.96    1451.96  0.000e+00
      25839    133.000     6.7617     6.7627     0.0010    1.39051    1.39053          1     0.1510     0.1755      26.09     0.2729     0.2325  1.000e-12  0.1464000    12.6848    12.6846    -0.0002     9.9106     9.9104    131.730    134.489      0.243    1452.01    1452.02  0.000e+00
      25876    133.500     6.7703     6.7706     0.0003    1.39278    1.39274          1     0.1466     0.1680      25.69     0.2794     0.2413  1.000e-12  0.1538000    12.7039    12.7034    -0.0005     9.9250     9.9246    132.225    134.993      0.449    1452.08    1452.08  0.000e+00
      25900    134.000     6.7777     6.7781     0.0003    1.39482    1.39478          1     0.1292     0.1552      25.23     0.2889     0.1962  1.000e-12  0.1485000    12.7212    12.7207    -0.0006     9.9380     9.9375    132.720    135.497      0.435    1452.14    1452.14  0.000e+00
      25947    134.500     6.7825     6.7826     0.0002    1.39619    1.39608          1     0.1304     0.1553      24.58     0.2870     0.2167  1.000e-12  0.1481000    12.7329    12.7318    -0.0012     9.9468     9.9458    133.215    136.002      0.266    1452.18    1452.18  0.000e+00
      25991    135.000     6.7868     6.7871     0.0002    1.39745    1.39743          1     0.1354     0.1610      24.12     0.2980     0.2174  1.000e-12  0.1484000    12.7437    12.7433    -0.0003     9.9549     9.9546    133.710    136.506      0.429    1452.22    1452.22  0.000e+00
      26016    135.500     6.7898     6.7901     0.0003    1.39844    1.39842          1     0.1347     0.1543      23.67     0.2773     0.2497  1.000e-12  0.1435000    12.7523    12.7519    -0.0004     9.9614     9.9611    134.205    137.010      0.404    1452.25    1452.25  0.000e+00
      26060    136.000     6.7924     6.7928     0.0003    1.39941    1.39938          1     0.1237     0.1466      23.04     0.2768     0.2315  1.000e-12  0.1548000    12.7607    12.7603    -0.0004     9.9678     9.9674    134.700    137.514      0.241    1452.28    1452.28  0.000e+00
      26102    136.500     6.7956     6.7959     0.0004    1.40057    1.40053          1     0.1091     0.1314      22.58     0.2679     0.2305  1.000e-12  0.1469000    12.7709    12.7704    -0.0005     9.9755     9.9751    135.195    138.019      0.419    1452.32    1452.32  0.000e+00
      26127    137.000     6.7980     6.7984     0.0003    1.40138    1.40134          1     0.0981     0.1245      22.14     0.3038     0.2324  1.000e-12  0.1423000    12.7780    12.7774    -0.0005     9.9809     9.9804    135.690    138.523      0.442    1452.34    1452.34  0.000e+00
      26159    137.500     6.8002     6.8005     0.0003    1.40213    1.40209          1     0.0884     0.1121      21.58     0.2691     0.1983  1.000e-12  0.1442000    12.7845    12.7839    -0.0005     9.9858     9.9853    136.186    139.027      0.268    1452.37    1452.37  0.000e+00
      26227    138.000     6.8030     6.8036     0.0005    1.40330    1.40332          1     0.0898     0.1149      20.93     0.2770     0.2355  1.000e-12  0.1586000    12.7948    12.7948     0.0000     9.9937     9.9937    136.681    139.531      0.274    1452.40    1452.40  0.000e+00
      26260    138.500     6.8065     6.8068     0.0003    1.40477    1.40472          1     0.0837     0.1064      20.53     0.2645     0.2234  1.000e-12  0.1517000    12.8080    12.8074    -0.0006    10.0037    10.0033    137.176    140.035      0.419    1452.44    1452.44  0.000e+00
      26287    139.000     6.8077     6.8080     0.0003    1.40559    1.40556          1     0.0605     0.0875      20.07     0.2668     0.2530  1.000e-12  0.1548000    12.8155    12.8151    -0.0004    10.0096    10.0092    137.671    140.540      0.431    1452.46    1452.46  0.000e+00
      26316    139.500     6.8096     6.8099     0.0003    1.40689    1.40686          1     0.0384     0.0686      19.53     0.2608     0.2015  1.000e-12  0.1630000    12.8276    12.8272    -0.0004    10.0189    10.0186    138.166    141.044      0.379    1452.49    1452.49  0.000e+00
      26356    140.000     6.8125     6.8129     0.0005    1.40822    1.40822          1     0.0203     0.0500      18.93     0.2820     0.2241  1.000e-12  0.1859000    12.8395    12.8394    -0.0001    10.0280    10.0279    138.661    141.548      0.227    1452.53    1452.53  0.000e+00
