ctdpy/exports/archive_20191121_122431/received_data/SBE09_0827_20180830_0440_26_01_0940.cnv
* Sea-Bird SBE 9 Data File:
* FileName = D:\CTD_SBE911\DAT\26DA.2018.8.140.hex
* Software Version Seasave V 7.21d
* Temperature SN = 034605
* Conductivity SN = 041844
* Number of Bytes Per Scan = 48
* Number of Voltage Words = 5
* Number of Scans Averaged by the Deck Unit = 1
* NMEA Latitude = 57 18.36 N
* NMEA Longitude = 011 34.86 E
* NMEA UTC (Time) = Aug 30 2018  04:43:05
* NMEA baud rate = 4800
** Ship: DANA
** Average sound velocity: 1503.69 m/s
** True-depth calculation Wed, 24 Apr 2019 11:52:23 +0000
** CTD Python Module SMHI /ver 3-12/ feb 2012 
** LIMS Job: 20182601-0940
**  10 WNW NIDINGEN
** Operator: Christian
** Cruise: 08/2018
# nquan = 26
# nvalues = 129                         
# units = specified
# name 0 = scan: Scan Count
# name 1 = prDM: Pressure, Digiquartz [db]
# name 2 = t090C: Temperature [ITS-90, deg C]
# name 3 = t190C: Temperature, 2 [ITS-90, deg C]
# name 4 = T2-T190C: Temperature Difference, 2 - 1 [ITS-90, deg C]
# name 5 = c0S/m: Conductivity [S/m]
# name 6 = c1S/m: Conductivity, 2 [S/m]
# name 7 = pumps: Pump Status
# name 8 = sbeox1ML/L: Oxygen, SBE 43, 2 [ml/l]
# name 9 = sbeox0ML/L: Oxygen, SBE 43 [ml/l]
# name 10 = altM: Altimeter [m]
# name 11 = chloroflTC0: Chlorophyll, Turner Cyclops [ug/l]
# name 12 = cpar: CPAR/Corrected Irradiance [%]
# name 13 = par: PAR/Irradiance, Biospherical/Lico [µE/(cm^2*s)]
# name 14 = spar: SPAR, Biospherical/Licor
# name 15 = sal00: Salinity, Practical [PSU]
# name 16 = sal11: Salinity, Practical, 2 [PSU]
# name 17 = secS-priS: Salinity, Practical, Difference, 2 - 1 [PSU]
# name 18 = sigma-t00: Density [sigma-t, kg/m^3 ]
# name 19 = sigma-t11: Density, 2 [sigma-t, kg/m^3 ]
# name 20 = depSM: Depth [salt water, m], lat = 57.306
# name 21 = depFM: Depth [true depth, m], lat = 57.306
# name 22 = dz/dtM: Descent Rate [m/s], WS = 2
# name 23 = svCM: Sound Velocity [Chen-Millero, m/s]
# name 24 = svCM1: Sound Velocity, 2 [Chen-Millero, m/s]
# name 25 = flag: flag
# span 0 =         90,       8761       
# span 1 =      1.000,     65.000       
# span 2 =     9.2424,    18.1683       
# span 3 =     9.2470,    18.1786       
# span 4 =    -0.3151,     0.1055       
# span 5 =   3.438892,   4.239113       
# span 6 =   3.439160,   4.240184       
# span 7 =          1,          1       
# span 8 =     4.0591,     5.9009       
# span 9 =     4.1145,     5.6811       
# span 10 =      -2.14,       9.98      
# span 11 =    -0.0183,     0.0440      
# span 12 = 3.5171e-12, 9.4818e+00      
# span 13 = 1.0000e-12, 2.6959e+00      
# span 14 = 2.6401e+01, 2.8433e+01      
# span 15 =    25.5767,    33.5148      
# span 16 =    25.5802,    33.5280      
# span 17 =    -0.0109,     0.3708      
# span 18 =    18.1439,    25.9167      
# span 19 =    18.1470,    25.9242      
# span 20 =      0.991,     64.391      
# span 21 =      1.000,     64.728      
# span 22 =     -0.397,      0.294      
# span 23 =    1486.33,    1512.67      
# span 24 =    1486.35,    1512.68      
# span 25 = 0.0000e+00, 0.0000e+00      
# interval = decibars: 0.5              
# start_time = Aug 30 2018 04:43:05 [NMEA time, first data scan]
# bad_flag = -9.990e-29
*END*
[from data line 112]
       5392     57.000     9.8162     9.7571    -0.0589    3.63670    3.63729          1     4.2944     4.3060       8.71     0.0440  3.788e-12  1.000e-12  2.640e+01    33.3861    33.4470     0.0609    25.7225    25.7798     56.467     56.785      0.265    1488.14    1488.00  0.000e+00
       5436     57.500     9.7594     9.7151    -0.0443    3.63279    3.63372          1     4.2829     4.2950       8.20     0.0197  3.788e-12  1.000e-12  2.640e+01    33.3986    33.4493     0.0508    25.7417    25.7887     56.963     57.281      0.283    1487.96    1487.86  0.000e+00
       5479     58.000     9.6840     9.6484    -0.0357    3.62758    3.62881          1     4.2831     4.2812       7.69     0.0335  3.788e-12  1.000e-12  2.640e+01    33.4151    33.4608     0.0457    25.7670    25.8086     57.458     57.778      0.272    1487.71    1487.64  0.000e+00
       5524     58.500     9.6215     9.5797    -0.0418    3.62311    3.62377          1     4.2785     4.2613       7.20     0.0380  3.788e-12  1.000e-12  2.640e+01    33.4272    33.4729     0.0457    25.7867    25.8293     57.953     58.274      0.268    1487.51    1487.41  0.000e+00
       5567     59.000     9.5435     9.4957    -0.0477    3.61766    3.61785          1     4.2437     4.2489       6.71     0.0379  3.788e-12  1.000e-12  2.640e+01    33.4436    33.4902     0.0466    25.8123    25.8565     58.448     58.771      0.290    1487.25    1487.13  0.000e+00
       5609     59.500     9.4936     9.4485    -0.0452    3.61427    3.61407          1     4.2271     4.2382       6.23     0.0380  3.788e-12  1.000e-12  2.640e+01    33.4550    33.4951     0.0401    25.8294    25.8680     58.944     59.267      0.270    1487.09    1486.98  0.000e+00
       5653     60.000     9.4587     9.4256    -0.0332    3.61176    3.61211          1     4.2081     4.2243       5.79     0.0376  3.788e-12  1.000e-12  2.640e+01    33.4615    33.4961     0.0346    25.8401    25.8725     59.439     59.763      0.284    1486.98    1486.90  0.000e+00
       5694     60.500     9.4376     9.4148    -0.0228    3.61057    3.61111          1     4.2110     4.2243       5.54     0.0386  3.788e-12  1.000e-12  2.640e+01    33.4687    33.4957     0.0270    25.8492    25.8740     59.934     60.260      0.294    1486.92    1486.87  0.000e+00
       5736     61.000     9.4223     9.3997    -0.0226    3.60965    3.60999          1     4.2065     4.2196       4.76     0.0383  3.788e-12  1.000e-12  2.640e+01    33.4733    33.4980     0.0247    25.8553    25.8782     60.429     60.756      0.280    1486.88    1486.83  0.000e+00
       5780     61.500     9.3989     9.3757    -0.0233    3.60806    3.60840          1     4.1990     4.2086       4.56     0.0383  3.788e-12  1.000e-12  2.640e+01    33.4786    33.5039     0.0253    25.8632    25.8867     60.925     61.253      0.275    1486.81    1486.75  0.000e+00
       5821     62.000     9.3539     9.3304    -0.0235    3.60524    3.60556          1     4.1803     4.1838       5.17     0.0375  3.788e-12  1.000e-12  2.640e+01    33.4914    33.5166     0.0253    25.8804    25.9040     61.420     61.749      0.293    1486.67    1486.61  0.000e+00
       5865     62.500     9.3293     9.3085    -0.0207    3.60358    3.60379          1     4.1635     4.1700       3.66     0.0395  3.788e-12  1.000e-12  2.640e+01    33.4971    33.5188     0.0217    25.8889    25.9092     61.915     62.246      0.262    1486.59    1486.54  0.000e+00
       5910     63.000     9.3009     9.2842    -0.0167    3.60182    3.60219          1     4.1417     4.1650       3.90     0.0397  3.788e-12  1.000e-12  2.640e+01    33.5052    33.5247     0.0195    25.8998    25.9177     62.410     62.742      0.265    1486.51    1486.47  0.000e+00
       5956     63.500     9.2773     9.2632    -0.0141    3.60025    3.60062          1     4.1285     4.1491       2.73     0.0403  3.788e-12  1.000e-12  2.640e+01    33.5108    33.5280     0.0171    25.9080    25.9237     62.906     63.238      0.269    1486.43    1486.40  0.000e+00
       6001     64.000     9.2705     9.2577    -0.0128    3.59981    3.60011          1     4.1246     4.1357       1.80     0.0397  3.788e-12  1.000e-12  2.640e+01    33.5125    33.5275     0.0151    25.9104    25.9242     63.401     63.735      0.254    1486.42    1486.39  0.000e+00
       6049     64.500     9.2655     9.2544    -0.0111    3.59952    3.59970          1     4.1093     4.1145       4.45     0.0395  3.788e-12  1.000e-12  2.640e+01    33.5140    33.5263     0.0123    25.9123    25.9237     63.896     64.231      0.242    1486.41    1486.39  0.000e+00
       8761     65.000     9.2424     9.2470     0.0047    3.59753    3.59759          1     4.0591     4.1220      -2.14    -0.0183  3.788e-12  1.000e-12  2.640e+01    33.5148    33.5111    -0.0037    25.9167    25.9130     64.391     64.728     -0.397    1486.33    1486.35  0.000e+00
