ctdpy/exports/archive_20191121_122431/received_data/SBE09_0827_20181122_0559_26_01_1216.cnv
* Sea-Bird SBE 9 Data File:
* FileName = D:\CTD_SBE911\DAT\26DA.2018.12.16.hex
* Software Version Seasave V 7.21d
* Temperature SN = 4548
* Conductivity SN = 3062
* Number of Bytes Per Scan = 48
* Number of Voltage Words = 5
* Number of Scans Averaged by the Deck Unit = 1
* NMEA Latitude = 57 03.13 N
* NMEA Longitude = 018 53.83 E
* NMEA UTC (Time) = Nov 22 2018  06:00:51
* NMEA baud rate = 4800
** Ship: DANA
** Average sound velocity: 1441.94 m/s
** True-depth calculation Tue, 02 Apr 2019 12:12:37 +0000
** CTD Python Module SMHI /ver 3-12/ feb 2012 
** LIMS Job: 20182601-1216
** Operator: Ronny
** Cruise: 12/2018
# nquan = 26
# nvalues = 184                         
# units = specified
# name 0 = scan: Scan Count
# name 1 = prDM: Pressure, Digiquartz [db]
# name 2 = t090C: Temperature [ITS-90, deg C]
# name 3 = t190C: Temperature, 2 [ITS-90, deg C]
# name 4 = T2-T190C: Temperature Difference, 2 - 1 [ITS-90, deg C]
# name 5 = c0S/m: Conductivity [S/m]
# name 6 = c1S/m: Conductivity, 2 [S/m]
# name 7 = pumps: Pump Status
# name 8 = sbeox1ML/L: Oxygen, SBE 43, 2 [ml/l]
# name 9 = sbeox0ML/L: Oxygen, SBE 43 [ml/l]
# name 10 = altM: Altimeter [m]
# name 11 = chloroflTC0: Chlorophyll, Turner Cyclops [ug/l]
# name 12 = cpar: CPAR/Corrected Irradiance [%]
# name 13 = par: PAR/Irradiance, Biospherical/Lico [µE/(cm^2*s)]
# name 14 = spar: SPAR, Biospherical/Licor
# name 15 = sal00: Salinity, Practical [PSU]
# name 16 = sal11: Salinity, Practical, 2 [PSU]
# name 17 = secS-priS: Salinity, Practical, Difference, 2 - 1 [PSU]
# name 18 = sigma-t00: Density [sigma-t, kg/m^3 ]
# name 19 = sigma-t11: Density, 2 [sigma-t, kg/m^3 ]
# name 20 = depSM: Depth [salt water, m], lat = 57.0522
# name 21 = depFM: Depth [true depth, m], lat = 57.0522
# name 22 = dz/dtM: Descent Rate [m/s], WS = 2
# name 23 = svCM: Sound Velocity [Chen-Millero, m/s]
# name 24 = svCM1: Sound Velocity, 2 [Chen-Millero, m/s]
# name 25 = flag: flag
# span 0 =        330,       8935       
# span 1 =      1.500,     93.000       
# span 2 =     4.0297,     8.0368       
# span 3 =     4.1145,     8.0352       
# span 4 =    -0.1193,     0.6049       
# span 5 =   0.796147,   1.186277       
# span 6 =   0.797727,   1.188850       
# span 7 =          1,          1       
# span 8 =     0.0943,     7.5163       
# span 9 =     0.0467,     7.7412       
# span 10 =       0.95,       9.96      
# span 11 =     0.0159,     0.0319      
# span 12 = 4.9241e-11, 4.9241e-11      
# span 13 = 1.0000e-12, 1.0000e-12      
# span 14 = 2.0308e+00, 2.0308e+00      
# span 15 =     7.1936,    10.9056      
# span 16 =     7.1936,    10.9273      
# span 17 =    -0.1482,     0.0285      
# span 18 =     5.5044,     8.5615      
# span 19 =     5.5044,     8.5780      
# span 20 =      1.486,     92.125      
# span 21 =      1.519,     94.124      
# span 22 =      0.155,      0.313      
# span 23 =    1432.38,    1448.44      
# span 24 =    1432.94,    1448.45      
# span 25 = 0.0000e+00, 0.0000e+00      
# interval = decibars: 0.5              
# start_time = Nov 22 2018 06:00:52 [NMEA time, first data scan]
# bad_flag = -9.990e-29
*END*
[from data line 168]
       8084     85.500     5.8234     5.8190    -0.0044    1.13902    1.13805          1     0.1068     0.0625       8.70     0.0161  4.924e-11  1.000e-12  2.031e+00    10.5158    10.5075    -0.0083     8.2702     8.2639     84.697     86.549      0.252    1444.58    1444.54  0.000e+00
       8133     86.000     5.8235     5.8199    -0.0037    1.14114    1.14028          1     0.1042     0.0604       8.17     0.0162  4.924e-11  1.000e-12  2.031e+00    10.5368    10.5294    -0.0074     8.2867     8.2811     85.192     87.054      0.235    1444.61    1444.58  0.000e+00
       8182     86.500     5.8574     5.8550    -0.0024    1.14660    1.14581          1     0.1024     0.0585       7.68     0.0161  4.924e-11  1.000e-12  2.031e+00    10.5806    10.5735    -0.0072     8.3192     8.3137     85.687     87.559      0.263    1444.82    1444.80  0.000e+00
       8227     87.000     5.8921     5.8913    -0.0007    1.15217    1.15173          1     0.1046     0.0562       7.14     0.0161  4.924e-11  1.000e-12  2.031e+00    10.6251    10.6210    -0.0041     8.3522     8.3490     86.182     88.064      0.264    1445.03    1445.02  0.000e+00
       8273     87.500     5.9069     5.9072     0.0003    1.15467    1.15440          1     0.1047     0.0563       6.62     0.0160  4.924e-11  1.000e-12  2.031e+00    10.6453    10.6425    -0.0028     8.3671     8.3649     86.678     88.569      0.249    1445.13    1445.12  0.000e+00
       8323     88.000     5.9247     5.9248     0.0001    1.15734    1.15687          1     0.1051     0.0564       6.11     0.0161  4.924e-11  1.000e-12  2.031e+00    10.6662    10.6615    -0.0048     8.3825     8.3788     87.173     89.074      0.245    1445.24    1445.23  0.000e+00
       8369     88.500     5.9525     5.9536     0.0010    1.16186    1.16152          1     0.1036     0.0558       5.59     0.0160  4.924e-11  1.000e-12  2.031e+00    10.7023    10.6986    -0.0038     8.4092     8.4062     87.668     89.579      0.269    1445.41    1445.41  0.000e+00
       8415     89.000     5.9639     5.9648     0.0009    1.16430    1.16412          1     0.1039     0.0550       5.05     0.0159  4.924e-11  1.000e-12  2.031e+00    10.7229    10.7209    -0.0020     8.4247     8.4231     88.163     90.084      0.258    1445.49    1445.49  0.000e+00
       8460     89.500     5.9749     5.9758     0.0009    1.16614    1.16595          1     0.1033     0.0525       4.54     0.0160  4.924e-11  1.000e-12  2.031e+00    10.7376    10.7354    -0.0022     8.4356     8.4338     88.658     90.589      0.270    1445.56    1445.57  0.000e+00
       8505     90.000     6.0006     6.0035     0.0029    1.17122    1.17075          1     0.1025     0.0528       4.01     0.0160  4.924e-11  1.000e-12  2.031e+00    10.7799    10.7743    -0.0056     8.4673     8.4627     89.154     91.094      0.266    1445.73    1445.74  0.000e+00
       8550     90.500     6.0435     6.0452     0.0018    1.17944    1.17890          1     0.1027     0.0504       3.50     0.0161  4.924e-11  1.000e-12  2.031e+00    10.8480    10.8420    -0.0060     8.5181     8.5133     89.649     91.599      0.268    1446.01    1446.01  0.000e+00
       8596     91.000     6.0602     6.0617     0.0015    1.18279    1.18262          1     0.1018     0.0515       3.01     0.0161  4.924e-11  1.000e-12  2.031e+00    10.8757    10.8736    -0.0021     8.5389     8.5372     90.144     92.104      0.250    1446.12    1446.13  0.000e+00
       8645     91.500     6.0673     6.0686     0.0012    1.18457    1.18446          1     0.0976     0.0516       2.47     0.0159  4.924e-11  1.000e-12  2.031e+00    10.8911    10.8896    -0.0015     8.5505     8.5493     90.639     92.609      0.243    1446.18    1446.19  0.000e+00
       8692     92.000     6.0747     6.0757     0.0010    1.18628    1.18605          1     0.1012     0.0503       1.94     0.0159  4.924e-11  1.000e-12  2.031e+00    10.9056    10.9030    -0.0026     8.5615     8.5593     91.134     93.114      0.259    1446.24    1446.24  0.000e+00
       8831     92.500     6.0623     6.0640     0.0019    1.18465    1.18430          1     0.1020     0.0467       1.39     0.0160  4.924e-11  1.000e-12  2.031e+00    10.8933    10.8893    -0.0040     8.5526     8.5493     91.629     93.619      0.163    1446.18    1446.18  0.000e+00
       8935     93.000     6.0687     6.0858     0.0177    1.18543    1.18885          1     0.0943     0.0506       0.95     0.0160  4.924e-11  1.000e-12  2.031e+00    10.8990    10.9273     0.0285     8.5566     8.5780     92.125     94.124      0.155    1446.22    1446.33  0.000e+00
