ctdpy/exports/archive_20191121_122431/received_data/SBE09_1044_20181108_1217_34_01_0117.cnv
* Sea-Bird SBE 9 Data File:
* FileName = C:\ctd\temp\ar18d117.hex
* Software Version Seasave V 7.26.7.107
* Temperature SN = 5351
* Conductivity SN = 3941
* Number of Bytes Per Scan = 30
* Number of Voltage Words = 4
* Number of Scans Averaged by the Deck Unit = 1
* NMEA Latitude = 59 50.80 N
* NMEA Longitude = 024 50.26 E
* NMEA UTC (Time) = Nov 08 2018 12:17:10
* NMEA baud rate = 4800
** Station:  BY23
** Operator:  JKro
** Ship: ARANDA
** Average sound velocity: 1449.63 m/s
** True-depth calculation Thu, 08 Nov 2018 17:14:36 +0000
** CTD Python Module SMHI /ver 3-12/ feb 2012 
** LIMS Job: 20183401-0117
** Cruise: SMHI-6-2018
** Latitude [GG MM.mm N]:
** Longitude [GG MM.mm E]
# nquan = 26
# nvalues = 192                         
# units = specified
# name 0 = scan: Scan Count
# name 1 = prDM: Pressure, Digiquartz [db]
# name 2 = t090C: Temperature [ITS-90, deg C]
# name 3 = t190C: Temperature, 2 [ITS-90, deg C]
# name 4 = T2-T190C: Temperature Difference, 2 - 1 [ITS-90, deg C]
# name 5 = c0S/m: Conductivity [S/m]
# name 6 = c1S/m: Conductivity, 2 [S/m]
# name 7 = pumps: Pump Status
# name 8 = sbeox0ML/L: Oxygen, SBE 43 [ml/l]
# name 9 = sbeox1ML/L: Oxygen, SBE 43, 2 [ml/l]
# name 10 = altM: Altimeter [m]
# name 11 = flECO-AFL: Chl-a Fluorescence, WET Labs ECO-AFL/FL [mg/m^3]
# name 12 = flECO-AFL1: Phycocyanin Fluorescence, WET Labs ECO-AFL/FL, 2 [mg/m^3]
# name 13 = par: PAR/Irradiance, Biospherical/Lico [µE/(cm^2*s)]
# name 14 = turbWETntu0: Turbidity, WET Labs ECO [NTU]
# name 15 = sal00: Salinity, Practical [PSU]
# name 16 = sal11: Salinity, Practical, 2 [PSU]
# name 17 = secS-priS: Salinity, Practical, Difference, 2 - 1 [PSU]
# name 18 = sigma-t00: Density [sigma-t, Kg/m^3 ]
# name 19 = sigma-t11: Density, 2 [sigma-t, Kg/m^3 ]
# name 20 = depSM: Depth [salt water, m], lat = 59.8467
# name 21 = depFM: Depth [true depth, m], lat = 59.8467
# name 22 = dz/dtM: Descent Rate [m/s], WS = 2
# name 23 = svCM: Sound Velocity [Chen-Millero, m/s]
# name 24 = svCM1: Sound Velocity, 2 [Chen-Millero, m/s]
# name 25 = flag: flag
# span 0 =      23259,      28561       
# span 1 =      0.500,     96.000       
# span 2 =     6.0765,     9.4900       
# span 3 =     6.0776,     9.4917       
# span 4 =    -0.0192,     0.0113       
# span 5 =   0.739415,   1.136707       
# span 6 =   0.739365,   1.136785       
# span 7 =          1,          1       
# span 8 =    0.05933,    7.10179       
# span 9 =    0.10061,    6.84337       
# span 10 =       4.44,      97.68      
# span 11 =     0.3978,     1.1300      
# span 12 =     0.1699,     0.3793      
# span 13 = 1.0000e-12, 6.3824e+01      
# span 14 =     0.2893,     8.1802      
# span 15 =     5.9944,    10.4130      
# span 16 =     5.9940,    10.4135      
# span 17 =    -0.0121,     0.0027      
# span 18 =     4.4569,     8.1736      
# span 19 =     4.4591,     8.1739      
# span 20 =      0.495,     95.074      
# span 21 =      0.507,     97.220      
# span 22 =      0.123,      0.798      
# span 23 =    1445.60,    1453.26      
# span 24 =    1445.61,    1453.26      
# span 25 = 0.0000e+00, 0.0000e+00      
# interval = decibars: 0.5              
# start_time = Nov 08 2018 12:17:10 [NMEA time, header]
# bad_flag = -9.990e-29
*END*
[from data line 56]
      25068     28.500     9.4665     9.4681     0.0016    0.76281    0.76279          1     6.8338     6.5426      74.98     0.6413     0.3107  1.000e-12  0.3649000     6.1574     6.1571    -0.0004     4.5668     4.5664     28.230     28.898      0.735    1453.23    1453.24  0.000e+00
      25084     29.000     9.4699     9.4707     0.0008    0.76305    0.76298          1     6.8278     6.5389      74.51     0.6396     0.2920  1.000e-12  0.3605000     6.1589     6.1582    -0.0007     4.5677     4.5670     28.725     29.405      0.722    1453.26    1453.26  0.000e+00
      25102     29.500     9.4655     9.4678     0.0023    0.76297    0.76297          1     6.8315     6.5332      73.97     0.6420     0.2451  1.000e-12  0.3538000     6.1589     6.1585    -0.0004     4.5681     4.5676     29.220     29.912      0.633    1453.25    1453.26  0.000e+00
      25123     30.000     9.4577     9.4595     0.0018    0.76284    0.76281          1     6.8258     6.5402      73.25     0.6299     0.2327  1.000e-12  0.3694000     6.1591     6.1585    -0.0005     4.5689     4.5683     29.715     30.419      0.492    1453.23    1453.23  0.000e+00
      25152     30.500     9.4467     9.4498     0.0031    0.76272    0.76274          1     6.8201     6.5355      72.58     0.6309     0.2689  1.000e-12  0.4057000     6.1599     6.1595    -0.0004     4.5706     4.5700     30.211     30.926      0.408    1453.19    1453.20  0.000e+00
      25180     31.000     9.4396     9.4416     0.0020    0.76267    0.76265          1     6.7939     6.5030      71.97     0.6450     0.2735  1.000e-12  0.3707000     6.1606     6.1601    -0.0005     4.5719     4.5713     30.706     31.433      0.511    1453.17    1453.18  0.000e+00
      25200     31.500     9.4299     9.4326     0.0027    0.76250    0.76251          1     6.7638     6.4863      71.57     0.6524     0.2562  1.000e-12  0.3725000     6.1607     6.1604    -0.0003     4.5729     4.5724     31.201     31.940      0.645    1453.14    1453.15  0.000e+00
      25217     32.000     9.4041     9.4072     0.0030    0.76193    0.76194          1     6.7479     6.4888      71.20     0.6351     0.2475  1.000e-12  0.3569000     6.1602     6.1597    -0.0004     4.5750     4.5744     31.696     32.447      0.710    1453.05    1453.06  0.000e+00
      25234     32.500     9.3943     9.3964     0.0021    0.76173    0.76173          1     6.7519     6.4930      70.31     0.6288     0.2872  1.000e-12  0.3584000     6.1601     6.1597    -0.0004     4.5759     4.5754     32.191     32.953      0.689    1453.02    1453.03  0.000e+00
      25253     33.000     9.3880     9.3906     0.0025    0.76160    0.76161          1     6.7652     6.4890      69.92     0.6295     0.2996  1.000e-12  0.3785000     6.1600     6.1596    -0.0004     4.5764     4.5759     32.687     33.460      0.588    1453.00    1453.01  0.000e+00
      25276     33.500     9.3787     9.3810     0.0023    0.76150    0.76149          1     6.7701     6.4837      69.50     0.6284     0.2777  1.000e-12  0.3770000     6.1606     6.1602    -0.0004     4.5778     4.5772     33.182     33.967      0.468    1452.97    1452.98  0.000e+00
      25304     34.000     9.3719     9.3740     0.0020    0.76148    0.76147          1     6.7610     6.4799      68.98     0.6435     0.2211  1.000e-12  0.3784000     6.1616     6.1611    -0.0005     4.5792     4.5787     33.677     34.474      0.465    1452.95    1452.96  0.000e+00
      25327     34.500     9.3613     9.3638     0.0025    0.76145    0.76144          1     6.7371     6.4729      68.51     0.6305     0.2345  1.000e-12  0.3637000     6.1632     6.1626    -0.0005     4.5814     4.5808     34.172     34.981      0.554    1452.92    1452.93  0.000e+00
      25347     35.000     9.3510     9.3535     0.0026    0.76142    0.76140          1     6.6980     6.4434      68.09     0.6502     0.3084  1.000e-12  0.3941000     6.1646     6.1640    -0.0006     4.5835     4.5828     34.668     35.488      0.617    1452.89    1452.90  0.000e+00
      25366     35.500     9.3360     9.3391     0.0031    0.76131    0.76131          1     6.6363     6.3902      67.61     0.6334     0.3217  1.000e-12  0.3977000     6.1662     6.1657    -0.0005     4.5862     4.5855     35.163     35.995      0.628    1452.84    1452.85  0.000e+00
      25386     36.000     9.2883     9.2943     0.0059    0.76067    0.76069          1     6.5323     6.3072      67.13     0.6074     0.2782  1.000e-12  0.3929000     6.1687     6.1679    -0.0009     4.5927     4.5915     35.658     36.502      0.608    1452.66    1452.69  0.000e+00
      25406     36.500     9.2552     9.2576     0.0024    0.76056    0.76052          1     6.4345     6.2271      66.67     0.6051     0.2547  1.000e-12  0.3827000     6.1734     6.1727    -0.0008     4.5996     4.5987     36.153     37.009      0.588    1452.54    1452.55  0.000e+00
      25427     37.000     9.2523     9.2537     0.0014    0.76088    0.76084          1     6.3816     6.1857      66.10     0.5863     0.2679  1.000e-12  0.4113000     6.1767     6.1760    -0.0006     4.6024     4.6018     36.648     37.516      0.573    1452.54    1452.55  0.000e+00
      25448     37.500     9.2467     9.2490     0.0023    0.76104    0.76102          1     6.3689     6.1570      65.56     0.5677     0.3184  1.000e-12  0.3988000     6.1789     6.1784    -0.0005     4.6046     4.6040     37.143     38.023      0.545    1452.53    1452.54  0.000e+00
      25471     38.000     9.2369     9.2396     0.0027    0.76111    0.76109          1     6.3689     6.1373      65.05     0.5948     0.2560  1.000e-12  0.3946000     6.1812     6.1806    -0.0006     4.6074     4.6067     37.639     38.530      0.499    1452.51    1452.52  0.000e+00
      25496     38.500     9.2226     9.2245     0.0019    0.76170    0.76169          1     6.3395     6.1070      64.41     0.5860     0.2705  1.000e-12  0.3997000     6.1888     6.1884    -0.0004     4.6146     4.6141     38.134     39.037      0.477    1452.47    1452.47  0.000e+00
      25521     39.000     9.2295     9.2307     0.0012    0.76283    0.76280          1     6.3221     6.0834      63.80     0.5742     0.2695  1.000e-12  0.3956000     6.1974     6.1969    -0.0005     4.6207     4.6202     38.629     39.544      0.527    1452.51    1452.51  0.000e+00
      25542     39.500     9.2115     9.2135     0.0021    0.76377    0.76387          1     6.3217     6.0762      63.38     0.5759     0.2716  1.000e-12  0.3907000     6.2087     6.2092     0.0005     4.6312     4.6314     39.124     40.051      0.613    1452.46    1452.47  0.000e+00
      25560     40.000     9.2405     9.2374    -0.0032    0.76596    0.76575          1     6.3180     6.0769      62.94     0.5518     0.2739  1.000e-12  0.3953000     6.2227     6.2214    -0.0013     4.6394     4.6387     39.620     40.558      0.679    1452.60    1452.59  0.000e+00
      25577     40.500     9.2615     9.2631     0.0016    0.76723    0.76725          1     6.2957     6.0613      62.45     0.5598     0.2220  1.000e-12  0.3937000     6.2301     6.2300    -0.0001     4.6432     4.6429     40.115     41.064      0.700    1452.70    1452.71  0.000e+00
      25594     41.000     9.2063     9.2116     0.0052    0.76723    0.76724          1     6.2354     6.0199      62.01     0.5554     0.2516  1.000e-12  0.3901000     6.2397     6.2388    -0.0008     4.6559     4.6547     40.610     41.571      0.650    1452.50    1452.52  0.000e+00
      25615     41.500     9.1297     9.1334     0.0037    0.76618    0.76619          1     6.1401     5.9498      61.41     0.5484     0.2610  1.000e-12  0.3847000     6.2437     6.2432    -0.0005     4.6662     4.6655     41.105     42.078      0.507    1452.21    1452.22  0.000e+00
      25645     42.000     9.0603     9.0709     0.0106    0.76496    0.76513          1     5.9993     5.8404      60.67     0.5369     0.2386  1.000e-12  0.3858000     6.2451     6.2447    -0.0004     4.6737     4.6725     41.600     42.585      0.373    1451.94    1451.99  0.000e+00
      25675     42.500     8.9625     8.9691     0.0066    0.76336    0.76334          1     5.8807     5.7245      60.17     0.5460     0.2662  1.000e-12  0.3891000     6.2481     6.2468    -0.0013     4.6850     4.6834     42.095     43.092      0.538    1451.56    1451.59  0.000e+00
      25693     43.000     8.9660     8.9643    -0.0017    0.77040    0.77020          1     5.8185     5.6590      59.77     0.5461     0.2676  1.000e-12  0.4026000     6.3093     6.3079    -0.0015     4.7325     4.7315     42.591     43.599      0.717    1451.66    1451.65  0.000e+00
      25708     43.500     8.9698     8.9721     0.0023    0.77336    0.77331          1     5.7855     5.6233      59.39     0.5289     0.2353  1.000e-12  0.4025000     6.3347     6.3339    -0.0009     4.7520     4.7511     43.086     44.106      0.768    1451.72    1451.72  0.000e+00
      25724     44.000     8.9452     8.9477     0.0025    0.77410    0.77406          1     5.7657     5.5995      58.97     0.5216     0.2492  1.000e-12  0.3823000     6.3455     6.3447    -0.0008     4.7626     4.7618     43.581     44.613      0.682    1451.64    1451.65  0.000e+00
      25746     44.500     8.9320     8.9348     0.0028    0.77449    0.77443          1     5.7498     5.5863      40.32     0.5164     0.2679  1.000e-12  0.3632000     6.3512     6.3502    -0.0010     4.7683     4.7673     44.076     45.120      0.484    1451.60    1451.61  0.000e+00
      25776     45.000     8.9128     8.9154     0.0026    0.77563    0.77556          1     5.6930     5.5315      29.07     0.5102     0.2752  1.000e-12  0.3690000     6.3646     6.3636    -0.0010     4.7805     4.7795     44.571     45.626      0.399    1451.55    1451.56  0.000e+00
      25803     45.500     8.8195     8.8269     0.0074    0.77702    0.77692          1     5.5699     5.4268      57.25     0.5183     0.2985  1.000e-12  0.3746000     6.3936     6.3914    -0.0022     4.8116     4.8092     45.067     46.133      0.499    1451.22    1451.24  0.000e+00
      25825     46.000     8.7680     8.7705     0.0025    0.78125    0.78116          1     5.5105     5.3721      56.52     0.5235     0.2844  1.000e-12  0.3531000     6.4402     6.4390    -0.0012     4.8526     4.8514     45.562     46.640      0.517    1451.08    1451.09  0.000e+00
      25850     46.500     8.7460     8.7486     0.0026    0.78577    0.78561          1     5.4919     5.3389      55.88     0.5109     0.2320  1.000e-12  0.3599000     6.4842     6.4824    -0.0019     4.8889     4.8873     46.057     47.147      0.474    1451.05    1451.06  0.000e+00
      25876     47.000     8.7265     8.7289     0.0024    0.78814    0.78804          1     5.4492     5.2936      55.48     0.4943     0.2544  1.000e-12  0.3665000     6.5087     6.5074    -0.0013     4.9098     4.9086     46.552     47.654      0.506    1451.01    1451.02  0.000e+00
      25897     47.500     8.6457     8.6443    -0.0014    0.78853    0.78844          1     5.3838     5.2359      54.53     0.4845     0.2730  1.000e-12  0.3362000     6.5269     6.5264    -0.0005     4.9312     4.9309     47.047     48.160      0.605    1450.71    1450.71  0.000e+00
      25916     48.000     8.6121     8.6127     0.0005    0.78846    0.78835          1     5.3443     5.1943      54.16     0.5047     0.3205  1.000e-12  0.3438000     6.5325     6.5314    -0.0011     4.9384     4.9375     47.543     48.667      0.643    1450.59    1450.59  0.000e+00
      25935     48.500     8.6202     8.6192    -0.0010    0.78944    0.78928          1     5.3381     5.1758      53.90     0.5045     0.2638  1.000e-12  0.3620000     6.5397     6.5384    -0.0013     4.9434     4.9425     48.038     49.174      0.574    1450.64    1450.64  0.000e+00
      25960     49.000     8.6125     8.6166     0.0042    0.79100    0.79090          1     5.3294     5.1708      53.26     0.4962     0.2376  1.000e-12  0.3478000     6.5549     6.5532    -0.0017     4.9559     4.9543     48.533     49.681      0.410    1450.64    1450.65  0.000e+00
      25994     49.500     8.5225     8.5313     0.0089    0.79177    0.79173          1     5.2446     5.1015      52.74     0.4921     0.2185  1.000e-12  0.3458000     6.5784     6.5764    -0.0019     4.9821     4.9798     49.028     50.187      0.400    1450.31    1450.34  0.000e+00
      26018     50.000     8.4867     8.4912     0.0045    0.79231    0.79224          1     5.1754     5.0460      52.12     0.4929     0.2070  1.000e-12  0.3487000     6.5898     6.5883    -0.0015     4.9941     4.9925     49.523     50.694      0.562    1450.19    1450.21  0.000e+00
      26038     50.500     8.4287     8.4334     0.0047    0.79563    0.79550          1     5.1264     5.0014      51.58     0.4821     0.2194  1.000e-12  0.3686000     6.6303     6.6283    -0.0020     5.0307     5.0287     50.018     51.201      0.589    1450.01    1450.03  0.000e+00
      26059     51.000     8.3713     8.3747     0.0034    0.79871    0.79863          1     5.1010     4.9617      51.27     0.4877     0.2382  1.000e-12  0.3589000     6.6686     6.6673    -0.0013     5.0655     5.0642     50.514     51.708      0.519    1449.83    1449.85  0.000e+00
      26084     51.500     8.3434     8.3452     0.0018    0.80086    0.80075          1     5.0899     4.9410      50.78     0.4854     0.2446  1.000e-12  0.3613000     6.6931     6.6918    -0.0013     5.0871     5.0859     51.009     52.214      0.504    1449.76    1449.77  0.000e+00
      26106     52.000     8.3717     8.3735     0.0018    0.80447    0.80434          1     5.0756     4.9268      50.34     0.4865     0.2460  1.000e-12  0.3593000     6.7201     6.7186    -0.0015     5.1058     5.1044     51.504     52.721      0.600    1449.92    1449.92  0.000e+00
      26125     52.500     8.3317     8.3343     0.0025    0.80602    0.80591          1     5.0585     4.9065      49.89     0.4967     0.2748  1.000e-12  0.3529000     6.7416     6.7402    -0.0015     5.1260     5.1246     51.999     53.228      0.618    1449.79    1449.80  0.000e+00
      26146     53.000     8.2929     8.2878    -0.0051    0.80562    0.80541          1     5.0446     4.8920      49.35     0.5139     0.2037  1.000e-12  0.3540000     6.7453     6.7444    -0.0009     5.1321     5.1319     52.494     53.734      0.471    1449.64    1449.62  0.000e+00
      26182     53.500     8.2625     8.2632     0.0007    0.80568    0.80564          1     4.9835     4.8413      48.64     0.4971     0.2440  1.000e-12  0.3677000     6.7517     6.7512    -0.0005     5.1397     5.1392     52.989     54.241      0.327    1449.53    1449.54  0.000e+00
      26211     54.000     8.1435     8.1490     0.0055    0.81255    0.81240          1     4.8993     4.7641      48.23     0.5054     0.2648  1.000e-12  0.3685000     6.8366     6.8341    -0.0025     5.2159     5.2135     53.485     54.748      0.585    1449.16    1449.18  0.000e+00
      26228     54.500     8.1413     8.1447     0.0034    0.81507    0.81511          1     4.8563     4.7372      47.81     0.5053     0.1966  1.000e-12  0.3688000     6.8597     6.8594    -0.0003     5.2342     5.2337     53.980     55.254      0.737    1449.19    1449.20  0.000e+00
      26243     55.000     8.1349     8.1373     0.0024    0.81584    0.81585          1     4.8037     4.6969      47.42     0.4932     0.2133  1.000e-12  0.4434000     6.8679     6.8675    -0.0004     5.2411     5.2406     54.475     55.761      0.745    1449.18    1449.19  0.000e+00
      26260     55.500     8.0421     8.0436     0.0015    0.81802    0.81804          1     4.7114     4.6193      46.89     0.5003     0.2733  1.000e-12  0.4225000     6.9058     6.9056    -0.0002     5.2783     5.2780     54.970     56.268      0.628    1448.86    1448.87  0.000e+00
