ctdpy/exports/archive_20191121_122431/received_data/SBE09_0827_20180129_1550_26_01_0258.cnv
* Sea-Bird SBE 9 Data File:
* FileName = D:\CTD_SBE911\DAT\26DA.2018.1.158.hex
* Software Version Seasave V 7.21d
* Temperature SN = 034757
* Conductivity SN = 041844
* Number of Bytes Per Scan = 48
* Number of Voltage Words = 5
* Number of Scans Averaged by the Deck Unit = 1
* NMEA Latitude = 58 01.60 N
* NMEA Longitude = 011 09.26 E
* NMEA UTC (Time) = Jan 29 2018  15:50:40
* NMEA baud rate = 4800
** Ship: DANA
** Average sound velocity: 1473.88 m/s
** True-depth calculation Thu, 28 Mar 2019 08:34:11 +0000
** CTD Python Module SMHI /ver 3-12/ feb 2012 
** LIMS Job: 20182601-0258
** 8Sw Måseskær
** Operator: Ronny Sørensen
** Cruise: 01/2018
# nquan = 26
# nvalues = 220                         
# units = specified
# name 0 = scan: Scan Count
# name 1 = prDM: Pressure, Digiquartz [db]
# name 2 = t090C: Temperature [ITS-90, deg C]
# name 3 = t190C: Temperature, 2 [ITS-90, deg C]
# name 4 = T2-T190C: Temperature Difference, 2 - 1 [ITS-90, deg C]
# name 5 = c0S/m: Conductivity [S/m]
# name 6 = c1S/m: Conductivity, 2 [S/m]
# name 7 = pumps: Pump Status
# name 8 = sbeox1ML/L: Oxygen, SBE 43, 2 [ml/l]
# name 9 = sbeox0ML/L: Oxygen, SBE 43 [ml/l]
# name 10 = altM: Altimeter [m]
# name 11 = chloroflTC0: Chlorophyll, Turner Cyclops [ug/l]
# name 12 = cpar: CPAR/Corrected Irradiance [%]
# name 13 = par: PAR/Irradiance, Biospherical/Lico [µE/(cm^2*s)]
# name 14 = spar: SPAR, Biospherical/Licor
# name 15 = sal00: Salinity, Practical [PSU]
# name 16 = sal11: Salinity, Practical, 2 [PSU]
# name 17 = secS-priS: Salinity, Practical, Difference, 2 - 1 [PSU]
# name 18 = sigma-t00: Density [sigma-t, kg/m^3 ]
# name 19 = sigma-t11: Density, 2 [sigma-t, kg/m^3 ]
# name 20 = depSM: Depth [salt water, m], lat = 58.0267
# name 21 = depFM: Depth [true depth, m], lat = 58.0267
# name 22 = dz/dtM: Descent Rate [m/s], WS = 2
# name 23 = svCM: Sound Velocity [Chen-Millero, m/s]
# name 24 = svCM1: Sound Velocity, 2 [Chen-Millero, m/s]
# name 25 = flag: flag
# span 0 =        201,      12535       
# span 1 =      2.000,    111.500       
# span 2 =     5.9135,     6.0519       
# span 3 =     5.9092,     6.0504       
# span 4 =    -0.0201,     0.0405       
# span 5 =   3.261143,   3.336137       
# span 6 =   3.260745,   3.335859       
# span 7 =          1,          1       
# span 8 =     6.1975,     6.3744       
# span 9 =     6.2044,     6.4501       
# span 10 =       2.17,       9.96      
# span 11 =     0.0221,     0.3594      
# span 12 = 2.4605e-11, 1.0628e+05      
# span 13 = 1.0000e-12, 1.0000e-12      
# span 14 = -1.275e-01, 4.0630e+00      
# span 15 =    33.1051,    33.8284      
# span 16 =    33.1049,    33.8262      
# span 17 =    -0.0691,    -0.0001      
# span 18 =    26.0661,    26.6292      
# span 19 =    26.0665,    26.6276      
# span 20 =      1.981,    110.437      
# span 21 =      1.985,    110.631      
# span 22 =      0.006,      0.813      
# span 23 =    1472.08,    1475.02      
# span 24 =    1472.06,    1475.01      
# span 25 = 0.0000e+00, 0.0000e+00      
# interval = decibars: 0.5              
# start_time = Jan 29 2018 15:50:41 [NMEA time, first data scan]
# bad_flag = -9.990e-29
*END*
[from data line 56]
       3207     30.000     5.9169     5.9158    -0.0012    3.31976    3.31948          1     6.2955     6.4150       9.95     0.0617  3.304e-11  1.000e-12  3.367e+00    33.7493    33.7473    -0.0020    26.5747    26.5733     29.720     29.772      0.363    1473.33    1473.32  0.000e+00
       3247     30.500     5.9166     5.9158    -0.0008    3.31969    3.31951          1     6.2799     6.4176       9.95     0.0626  3.194e-11  1.000e-12  3.458e+00    33.7486    33.7474    -0.0012    26.5742    26.5733     30.215     30.268      0.308    1473.33    1473.33  0.000e+00
       3278     31.000     5.9164     5.9159    -0.0006    3.31969    3.31954          1     6.2928     6.4131       9.95     0.0621  3.649e-11  1.000e-12  3.082e+00    33.7485    33.7474    -0.0011    26.5741    26.5733     30.710     30.764      0.454    1473.34    1473.33  0.000e+00
       3304     31.500     5.9167     5.9159    -0.0008    3.31977    3.31955          1     6.2909     6.4121       9.95     0.0630  3.210e-11  1.000e-12  3.445e+00    33.7489    33.7473    -0.0017    26.5745    26.5732     31.206     31.260      0.361    1473.35    1473.34  0.000e+00
       3415     32.000     5.9168     5.9158    -0.0011    3.31980    3.31953          1     6.2713     6.4127       9.95     0.0624  3.617e-11  1.000e-12  3.109e+00    33.7489    33.7469    -0.0020    26.5744    26.5730     31.701     31.756      0.260    1473.36    1473.35  0.000e+00
       3452     32.500     5.9170     5.9159    -0.0011    3.31982    3.31958          1     6.2765     6.4133       9.95     0.0612  3.378e-11  1.000e-12  3.306e+00    33.7487    33.7471    -0.0017    26.5742    26.5731     32.196     32.252      0.343    1473.37    1473.36  0.000e+00
       3487     33.000     5.9171     5.9160    -0.0012    3.31983    3.31960          1     6.3160     6.4073       9.95     0.0599  3.134e-11  1.000e-12  3.507e+00    33.7484    33.7470    -0.0014    26.5740    26.5730     32.692     32.748      0.360    1473.37    1473.37  0.000e+00
       3517     33.500     5.9170     5.9161    -0.0010    3.31986    3.31964          1     6.3230     6.4063       9.95     0.0617  3.378e-11  1.000e-12  3.307e+00    33.7486    33.7470    -0.0016    26.5742    26.5730     33.187     33.244      0.461    1473.38    1473.38  0.000e+00
       3541     34.000     5.9173     5.9162    -0.0011    3.31992    3.31967          1     6.3177     6.3985       9.95     0.0629  3.676e-11  1.000e-12  3.061e+00    33.7487    33.7471    -0.0017    26.5742    26.5731     33.682     33.740      0.435    1473.39    1473.39  0.000e+00
       3632     34.500     5.9179     5.9163    -0.0016    3.32011    3.31969          1     6.2942     6.4118       9.95     0.0602  3.847e-11  1.000e-12  2.920e+00    33.7501    33.7469    -0.0031    26.5752    26.5729     34.177     34.237      0.272    1473.41    1473.39  0.000e+00
       3692     35.000     5.9188     5.9166    -0.0022    3.32035    3.31977          1     6.2904     6.4160       9.95     0.0678  3.848e-11  1.000e-12  2.919e+00    33.7516    33.7472    -0.0043    26.5763    26.5731     34.673     34.733      0.408    1473.42    1473.40  0.000e+00
       3721     35.500     5.9188     5.9170    -0.0018    3.32037    3.31987          1     6.2964     6.4131       9.95     0.0629  3.584e-11  1.000e-12  3.136e+00    33.7517    33.7477    -0.0039    26.5764    26.5735     35.168     35.229      0.417    1473.43    1473.41  0.000e+00
       3750     36.000     5.9188     5.9173    -0.0015    3.32039    3.32000          1     6.2765     6.4135       9.95     0.0594  3.698e-11  1.000e-12  3.042e+00    33.7515    33.7485    -0.0029    26.5762    26.5741     35.663     35.725      0.425    1473.43    1473.42  0.000e+00
       3785     36.500     5.9189     5.9175    -0.0014    3.32043    3.32008          1     6.2666     6.4093       9.95     0.0601  4.286e-11  1.000e-12  2.557e+00    33.7516    33.7490    -0.0026    26.5763    26.5744     36.158     36.221      0.295    1473.44    1473.43  0.000e+00
       3877     37.000     5.9190     5.9179    -0.0011    3.32049    3.32018          1     6.3003     6.3998       9.95     0.0647  4.293e-11  1.000e-12  2.551e+00    33.7519    33.7496    -0.0023    26.5765    26.5749     36.654     36.717      0.333    1473.45    1473.44  0.000e+00
       3901     37.500     5.9191     5.9180    -0.0011    3.32051    3.32023          1     6.3116     6.4064       9.95     0.0617  4.400e-11  1.000e-12  2.463e+00    33.7519    33.7498    -0.0021    26.5765    26.5750     37.149     37.213      0.409    1473.46    1473.45  0.000e+00
       3962     38.000     5.9191     5.9181    -0.0010    3.32054    3.32027          1     6.3094     6.4129       9.95     0.0619  4.252e-11  1.000e-12  2.585e+00    33.7519    33.7499    -0.0020    26.5765    26.5750     37.644     37.709      0.252    1473.47    1473.46  0.000e+00
       4023     38.500     5.9194     5.9181    -0.0013    3.32057    3.32029          1     6.3109     6.4128       9.95     0.0628  4.355e-11  1.000e-12  2.500e+00    33.7517    33.7499    -0.0018    26.5763    26.5751     38.140     38.205      0.467    1473.48    1473.47  0.000e+00
       4043     39.000     5.9193     5.9182    -0.0010    3.32057    3.32032          1     6.2934     6.4125       9.95     0.0642  4.551e-11  1.000e-12  2.339e+00    33.7516    33.7499    -0.0017    26.5762    26.5750     38.635     38.701      0.560    1473.49    1473.48  0.000e+00
       4066     39.500     5.9193     5.9183    -0.0009    3.32057    3.32035          1     6.2861     6.4072       9.95     0.0648  4.143e-11  1.000e-12  2.675e+00    33.7513    33.7497    -0.0015    26.5760    26.5749     39.130     39.197      0.437    1473.49    1473.49  0.000e+00
       4149     40.000     5.9191     5.9184    -0.0007    3.32057    3.32035          1     6.2909     6.4039       9.95     0.0684  4.230e-11  1.000e-12  2.603e+00    33.7512    33.7495    -0.0017    26.5759    26.5747     39.625     39.694      0.242    1473.50    1473.50  0.000e+00
       4215     40.500     5.9194     5.9182    -0.0012    3.32062    3.32037          1     6.3278     6.4123       9.95     0.0694  4.459e-11  1.000e-12  2.414e+00    33.7513    33.7496    -0.0017    26.5760    26.5748     40.121     40.190      0.349    1473.51    1473.50  0.000e+00
       4244     41.000     5.9197     5.9183    -0.0014    3.32066    3.32039          1     6.3466     6.4191       9.95     0.0672  4.198e-11  1.000e-12  2.630e+00    33.7512    33.7496    -0.0017    26.5759    26.5747     40.616     40.686      0.438    1473.52    1473.51  0.000e+00
       4270     41.500     5.9182     5.9185     0.0003    3.32045    3.32043          1     6.3302     6.4133       9.95     0.0668  4.331e-11  1.000e-12  2.520e+00    33.7501    33.7496    -0.0005    26.5751    26.5747     41.111     41.182      0.444    1473.52    1473.52  0.000e+00
       4299     42.000     5.9185     5.9186     0.0001    3.32052    3.32045          1     6.2822     6.4032       9.95     0.0688  4.056e-11  1.000e-12  2.747e+00    33.7503    33.7495    -0.0009    26.5753    26.5746     41.606     41.678      0.367    1473.53    1473.53  0.000e+00
       4380     42.500     5.9190     5.9181    -0.0009    3.32064    3.32041          1     6.3001     6.4038       9.95     0.0672  4.774e-11  1.000e-12  2.155e+00    33.7509    33.7492    -0.0017    26.5757    26.5745     42.102     42.174      0.239    1473.54    1473.53  0.000e+00
       4453     43.000     5.9203     5.9182    -0.0021    3.32093    3.32043          1     6.3115     6.4154       9.95     0.0647  4.755e-11  1.000e-12  2.171e+00    33.7526    33.7491    -0.0034    26.5769    26.5744     42.597     42.670      0.415    1473.55    1473.54  0.000e+00
       4479     43.500     5.9213     5.9186    -0.0027    3.32113    3.32050          1     6.2686     6.4137       9.95     0.0662  4.442e-11  1.000e-12  2.429e+00    33.7537    33.7492    -0.0044    26.5776    26.5745     43.092     43.166      0.455    1473.57    1473.55  0.000e+00
       4506     44.000     5.9229     5.9191    -0.0038    3.32142    3.32062          1     6.3015     6.4032       9.95     0.0660  4.508e-11  1.000e-12  2.374e+00    33.7550    33.7499    -0.0052    26.5785    26.5749     43.588     43.662      0.406    1473.59    1473.56  0.000e+00
       4537     44.500     5.9226     5.9199    -0.0027    3.32141    3.32078          1     6.2783     6.4072       9.95     0.0692  4.520e-11  1.000e-12  2.364e+00    33.7549    33.7506    -0.0043    26.5785    26.5754     44.083     44.158      0.404    1473.59    1473.58  0.000e+00
       4577     45.000     5.9248     5.9207    -0.0042    3.32172    3.32094          1     6.2719     6.4136       9.95     0.0700  4.820e-11  1.000e-12  2.116e+00    33.7560    33.7513    -0.0047    26.5790    26.5758     44.578     44.654      0.326    1473.61    1473.59  0.000e+00
       4697     45.500     5.9267     5.9253    -0.0014    3.32207    3.32161          1     6.2679     6.4142       9.95     0.0710  4.676e-11  1.000e-12  2.235e+00    33.7578    33.7541    -0.0037    26.5802    26.5774     45.073     45.150      0.677    1473.63    1473.62  0.000e+00
       4713     46.000     5.9267     5.9254    -0.0013    3.32210    3.32175          1     6.2920     6.4159       9.95     0.0702  4.785e-11  1.000e-12  2.145e+00    33.7578    33.7552    -0.0026    26.5803    26.5784     45.569     45.647      0.658    1473.64    1473.63  0.000e+00
       4735     46.500     5.9274     5.9255    -0.0019    3.32222    3.32179          1     6.3070     6.4121       9.95     0.0698  4.752e-11  1.000e-12  2.173e+00    33.7583    33.7553    -0.0030    26.5805    26.5784     46.064     46.143      0.448    1473.65    1473.64  0.000e+00
       4775     47.000     5.9284     5.9257    -0.0028    3.32240    3.32183          1     6.2679     6.4085       9.95     0.0748  4.800e-11  1.000e-12  2.133e+00    33.7591    33.7553    -0.0037    26.5810    26.5784     46.559     46.639      0.260    1473.66    1473.65  0.000e+00
       4846     47.500     5.9293     5.9270    -0.0023    3.32258    3.32207          1     6.2898     6.4065       9.95     0.0728  4.849e-11  1.000e-12  2.093e+00    33.7600    33.7565    -0.0035    26.5816    26.5791     47.054     47.135      0.256    1473.68    1473.66  0.000e+00
       4923     48.000     5.9276     5.9284     0.0008    3.32231    3.32237          1     6.3278     6.4044       9.95     0.0746  4.926e-11  1.000e-12  2.029e+00    33.7583    33.7582    -0.0001    26.5805    26.5803     47.550     47.631      0.501    1473.67    1473.68  0.000e+00
       4942     48.500     5.9281     5.9279    -0.0002    3.32244    3.32232          1     6.3045     6.4071       9.95     0.0758  4.924e-11  1.000e-12  2.031e+00    33.7591    33.7579    -0.0012    26.5810    26.5801     48.045     48.127      0.597    1473.68    1473.68  0.000e+00
       4962     49.000     5.9295     5.9280    -0.0014    3.32273    3.32233          1     6.2879     6.4069       9.95     0.0711  4.924e-11  1.000e-12  2.031e+00    33.7607    33.7576    -0.0031    26.5822    26.5799     48.540     48.623      0.540    1473.70    1473.69  0.000e+00
       4993     49.500     5.9323     5.9283    -0.0040    3.32327    3.32239          1     6.3083     6.4122       9.95     0.0722  4.924e-11  1.000e-12  2.031e+00    33.7638    33.7579    -0.0059    26.5843    26.5801     49.035     49.119      0.306    1473.73    1473.70  0.000e+00
       5117     50.000     5.9339     5.9314    -0.0025    3.32358    3.32298          1     6.3223     6.4062       9.95     0.0762  4.860e-11  1.000e-12  2.084e+00    33.7654    33.7611    -0.0043    26.5853    26.5822     49.531     49.615      0.283    1473.74    1473.73  0.000e+00
       5147     50.500     5.9357     5.9319    -0.0038    3.32397    3.32312          1     6.3120     6.4054       9.95     0.0726  4.926e-11  1.000e-12  2.029e+00    33.7676    33.7619    -0.0058    26.5869    26.5828     50.026     50.111      0.467    1473.76    1473.74  0.000e+00
       5169     51.000     5.9381     5.9330    -0.0051    3.32436    3.32331          1     6.2917     6.4046       9.95     0.0707  4.924e-11  1.000e-12  2.031e+00    33.7695    33.7627    -0.0068    26.5880    26.5833     50.521     50.607      0.598    1473.78    1473.75  0.000e+00
       5187     51.500     5.9380     5.9338    -0.0042    3.32438    3.32347          1     6.2926     6.4065       9.95     0.0725  4.924e-11  1.000e-12  2.031e+00    33.7696    33.7635    -0.0061    26.5881    26.5838     51.016     51.103      0.642    1473.79    1473.76  0.000e+00
       5206     52.000     5.9386     5.9347    -0.0040    3.32454    3.32365          1     6.3112     6.4049       9.95     0.0725  4.924e-11  1.000e-12  2.031e+00    33.7704    33.7644    -0.0060    26.5887    26.5845     51.511     51.599      0.517    1473.80    1473.78  0.000e+00
       5320     52.500     5.9405     5.9378    -0.0028    3.32497    3.32427          1     6.2938     6.4029       9.95     0.0726  4.924e-11  1.000e-12  2.031e+00    33.7731    33.7680    -0.0051    26.5906    26.5869     52.007     52.096      0.520    1473.82    1473.80  0.000e+00
       5366     53.000     5.9446     5.9387    -0.0059    3.32565    3.32446          1     6.2980     6.4027       9.95     0.0700  4.924e-11  1.000e-12  2.031e+00    33.7765    33.7690    -0.0075    26.5927    26.5876     52.502     52.592      0.518    1473.85    1473.81  0.000e+00
       5396     53.500     5.9461     5.9393    -0.0068    3.32608    3.32459          1     6.2993     6.4001       9.95     0.0709  4.924e-11  1.000e-12  2.031e+00    33.7796    33.7696    -0.0099    26.5950    26.5880     52.997     53.088      0.349    1473.87    1473.82  0.000e+00
       5434     54.000     5.9460     5.9413    -0.0046    3.32617    3.32495          1     6.3060     6.3926       9.95     0.0742  8.379e+03  1.000e-12  1.861e+00    33.7805    33.7714    -0.0091    26.5957    26.5891     53.492     53.584      0.328    1473.87    1473.84  0.000e+00
       5471     54.500     5.9459     5.9421    -0.0038    3.32620    3.32517          1     6.3116     6.3973       9.95     0.0805  1.063e+05  1.000e-12 -1.275e-01    33.7806    33.7727    -0.0079    26.5958    26.5901     53.988     54.080      0.266    1473.88    1473.86  0.000e+00
       5559     55.000     5.9468     5.9447    -0.0020    3.32633    3.32580          1     6.2801     6.3905       9.95     0.0813  1.000e+05  1.000e-12  1.312e-03    33.7810    33.7770    -0.0039    26.5960    26.5932     54.483     54.576      0.263    1473.89    1473.88  0.000e+00
       5600     55.500     5.9471     5.9453    -0.0018    3.32641    3.32597          1     6.2364     6.3969       9.95     0.0800  9.999e+04  1.000e-12  6.384e-02    33.7813    33.7781    -0.0032    26.5963    26.5939     54.978     55.072      0.271    1473.90    1473.89  0.000e+00
       5648     56.000     5.9475     5.9457    -0.0018    3.32649    3.32605          1     6.2785     6.4048       9.95     0.0791  5.818e+02  1.000e-12  2.014e+00    33.7815    33.7783    -0.0032    26.5964    26.5941     55.473     55.568      0.309    1473.91    1473.90  0.000e+00
       5679     56.500     5.9481     5.9460    -0.0021    3.32660    3.32613          1     6.2787     6.3985       9.95     0.0859  3.163e+02  1.000e-12  2.024e+00    33.7818    33.7787    -0.0031    26.5966    26.5944     55.969     56.064      0.365    1473.92    1473.91  0.000e+00
       5752     57.000     5.9483     5.9467    -0.0016    3.32662    3.32626          1     6.2932     6.3980       9.95     0.0841  4.924e-11  1.000e-12  2.031e+00    33.7817    33.7793    -0.0024    26.5965    26.5947     56.464     56.560      0.271    1473.93    1473.92  0.000e+00
