ctdpy/exports/archive_20191121_122431/received_data/SBE09_0827_20180129_1550_26_01_0258.cnv
* Sea-Bird SBE 9 Data File:
* FileName = D:\CTD_SBE911\DAT\26DA.2018.1.158.hex
* Software Version Seasave V 7.21d
* Temperature SN = 034757
* Conductivity SN = 041844
* Number of Bytes Per Scan = 48
* Number of Voltage Words = 5
* Number of Scans Averaged by the Deck Unit = 1
* NMEA Latitude = 58 01.60 N
* NMEA Longitude = 011 09.26 E
* NMEA UTC (Time) = Jan 29 2018  15:50:40
* NMEA baud rate = 4800
** Ship: DANA
** Average sound velocity: 1473.88 m/s
** True-depth calculation Thu, 28 Mar 2019 08:34:11 +0000
** CTD Python Module SMHI /ver 3-12/ feb 2012 
** LIMS Job: 20182601-0258
** 8Sw Måseskær
** Operator: Ronny Sørensen
** Cruise: 01/2018
# nquan = 26
# nvalues = 220                         
# units = specified
# name 0 = scan: Scan Count
# name 1 = prDM: Pressure, Digiquartz [db]
# name 2 = t090C: Temperature [ITS-90, deg C]
# name 3 = t190C: Temperature, 2 [ITS-90, deg C]
# name 4 = T2-T190C: Temperature Difference, 2 - 1 [ITS-90, deg C]
# name 5 = c0S/m: Conductivity [S/m]
# name 6 = c1S/m: Conductivity, 2 [S/m]
# name 7 = pumps: Pump Status
# name 8 = sbeox1ML/L: Oxygen, SBE 43, 2 [ml/l]
# name 9 = sbeox0ML/L: Oxygen, SBE 43 [ml/l]
# name 10 = altM: Altimeter [m]
# name 11 = chloroflTC0: Chlorophyll, Turner Cyclops [ug/l]
# name 12 = cpar: CPAR/Corrected Irradiance [%]
# name 13 = par: PAR/Irradiance, Biospherical/Lico [µE/(cm^2*s)]
# name 14 = spar: SPAR, Biospherical/Licor
# name 15 = sal00: Salinity, Practical [PSU]
# name 16 = sal11: Salinity, Practical, 2 [PSU]
# name 17 = secS-priS: Salinity, Practical, Difference, 2 - 1 [PSU]
# name 18 = sigma-t00: Density [sigma-t, kg/m^3 ]
# name 19 = sigma-t11: Density, 2 [sigma-t, kg/m^3 ]
# name 20 = depSM: Depth [salt water, m], lat = 58.0267
# name 21 = depFM: Depth [true depth, m], lat = 58.0267
# name 22 = dz/dtM: Descent Rate [m/s], WS = 2
# name 23 = svCM: Sound Velocity [Chen-Millero, m/s]
# name 24 = svCM1: Sound Velocity, 2 [Chen-Millero, m/s]
# name 25 = flag: flag
# span 0 =        201,      12535       
# span 1 =      2.000,    111.500       
# span 2 =     5.9135,     6.0519       
# span 3 =     5.9092,     6.0504       
# span 4 =    -0.0201,     0.0405       
# span 5 =   3.261143,   3.336137       
# span 6 =   3.260745,   3.335859       
# span 7 =          1,          1       
# span 8 =     6.1975,     6.3744       
# span 9 =     6.2044,     6.4501       
# span 10 =       2.17,       9.96      
# span 11 =     0.0221,     0.3594      
# span 12 = 2.4605e-11, 1.0628e+05      
# span 13 = 1.0000e-12, 1.0000e-12      
# span 14 = -1.275e-01, 4.0630e+00      
# span 15 =    33.1051,    33.8284      
# span 16 =    33.1049,    33.8262      
# span 17 =    -0.0691,    -0.0001      
# span 18 =    26.0661,    26.6292      
# span 19 =    26.0665,    26.6276      
# span 20 =      1.981,    110.437      
# span 21 =      1.985,    110.631      
# span 22 =      0.006,      0.813      
# span 23 =    1472.08,    1475.02      
# span 24 =    1472.06,    1475.01      
# span 25 = 0.0000e+00, 0.0000e+00      
# interval = decibars: 0.5              
# start_time = Jan 29 2018 15:50:41 [NMEA time, first data scan]
# bad_flag = -9.990e-29
*END*
[from data line 112]
       5823     58.000     5.9483     5.9473    -0.0011    3.32669    3.32638          1     6.2555     6.4003       9.95     0.0846  4.924e-11  1.000e-12  2.031e+00    33.7820    33.7795    -0.0025    26.5967    26.5948     57.454     57.552      0.596    1473.95    1473.94  0.000e+00
       5844     58.500     5.9490     5.9474    -0.0016    3.32677    3.32642          1     6.2450     6.3940       9.95     0.0850  4.924e-11  1.000e-12  2.031e+00    33.7820    33.7796    -0.0024    26.5966    26.5949     57.950     58.048      0.471    1473.96    1473.95  0.000e+00
       5950     59.000     5.9491     5.9479    -0.0012    3.32684    3.32650          1     6.2681     6.3922       9.95     0.0870  4.924e-11  1.000e-12  2.031e+00    33.7824    33.7798    -0.0025    26.5968    26.5950     58.445     58.545      0.249    1473.97    1473.96  0.000e+00
       6026     59.500     5.9498     5.9481    -0.0016    3.32696    3.32658          1     6.2777     6.3795       9.95     0.0906  4.924e-11  1.000e-12  2.031e+00    33.7828    33.7802    -0.0026    26.5971    26.5953     58.940     59.041      0.468    1473.98    1473.97  0.000e+00
       6046     60.000     5.9501     5.9484    -0.0017    3.32701    3.32662          1     6.2687     6.3796       9.95     0.0875  4.924e-11  1.000e-12  2.031e+00    33.7828    33.7801    -0.0027    26.5970    26.5951     59.435     59.537      0.626    1473.99    1473.98  0.000e+00
       6063     60.500     5.9503     5.9486    -0.0017    3.32709    3.32669          1     6.2668     6.3923       9.95     0.0878  4.924e-11  1.000e-12  2.031e+00    33.7833    33.7804    -0.0028    26.5974    26.5954     59.930     60.033      0.648    1474.00    1473.99  0.000e+00
       6083     61.000     5.9506     5.9489    -0.0017    3.32721    3.32669          1     6.2807     6.3997       9.95     0.0892  4.924e-11  1.000e-12  2.031e+00    33.7840    33.7799    -0.0041    26.5979    26.5949     60.426     60.529      0.488    1474.01    1474.00  0.000e+00
       6203     61.500     5.9519     5.9501    -0.0018    3.32746    3.32699          1     6.2722     6.4002       9.95     0.0942  4.924e-11  1.000e-12  2.031e+00    33.7853    33.7818    -0.0035    26.5988    26.5963     60.921     61.025      0.301    1474.03    1474.02  0.000e+00
       6289     62.000     5.9527     5.9516    -0.0010    3.32766    3.32728          1     6.2718     6.3990       9.95     0.0966  4.924e-11  1.000e-12  2.031e+00    33.7866    33.7833    -0.0032    26.5997    26.5973     61.416     61.521      0.664    1474.04    1474.03  0.000e+00
       6302     62.500     5.9528     5.9519    -0.0010    3.32769    3.32736          1     6.2857     6.3938       9.95     0.0946  4.924e-11  1.000e-12  2.031e+00    33.7865    33.7837    -0.0028    26.5997    26.5976     61.911     62.017      0.813    1474.05    1474.04  0.000e+00
       6316     63.000     5.9533     5.9521    -0.0012    3.32776    3.32741          1     6.2815     6.3937       9.95     0.0946  4.924e-11  1.000e-12  2.031e+00    33.7866    33.7838    -0.0028    26.5997    26.5976     62.407     62.513      0.794    1474.06    1474.05  0.000e+00
       6333     63.500     5.9539     5.9523    -0.0016    3.32787    3.32746          1     6.2870     6.3933       9.95     0.0977  4.924e-11  1.000e-12  2.031e+00    33.7869    33.7839    -0.0030    26.5999    26.5977     62.902     63.009      0.555    1474.07    1474.06  0.000e+00
       6425     64.000     5.9537     5.9531    -0.0006    3.32786    3.32761          1     6.3096     6.3934       9.95     0.0941  4.924e-11  1.000e-12  2.031e+00    33.7868    33.7846    -0.0022    26.5997    26.5981     63.397     63.505      0.309    1474.08    1474.07  0.000e+00
       6474     64.500     5.9538     5.9528    -0.0010    3.32789    3.32761          1     6.2911     6.3931       9.95     0.0966  4.924e-11  1.000e-12  2.031e+00    33.7867    33.7846    -0.0021    26.5997    26.5981     63.892     64.001      0.263    1474.08    1474.08  0.000e+00
       6551     65.000     5.9538     5.9526    -0.0011    3.32793    3.32764          1     6.2341     6.3904       9.95     0.0921  4.924e-11  1.000e-12  2.031e+00    33.7870    33.7849    -0.0022    26.5999    26.5984     64.387     64.497      0.324    1474.09    1474.08  0.000e+00
       6583     65.500     5.9539     5.9527    -0.0011    3.32797    3.32766          1     6.2558     6.3955       9.95     0.0978  4.924e-11  1.000e-12  2.031e+00    33.7871    33.7847    -0.0023    26.5999    26.5982     64.883     64.993      0.288    1474.10    1474.09  0.000e+00
       6634     66.000     5.9542     5.9528    -0.0013    3.32807    3.32769          1     6.2818     6.3948       9.95     0.0998  4.924e-11  1.000e-12  2.031e+00    33.7877    33.7848    -0.0029    26.6004    26.5983     65.378     65.490      0.266    1474.11    1474.10  0.000e+00
       6668     66.500     5.9565     5.9531    -0.0035    3.32841    3.32777          1     6.3013     6.3960       9.95     0.0983  4.924e-11  1.000e-12  2.031e+00    33.7889    33.7852    -0.0037    26.6011    26.5986     65.873     65.986      0.380    1474.13    1474.11  0.000e+00
       6704     67.000     5.9579     5.9533    -0.0046    3.32871    3.32780          1     6.2562     6.3936       9.95     0.1002  4.924e-11  1.000e-12  2.031e+00    33.7907    33.7850    -0.0057    26.6023    26.5984     66.368     66.482      0.265    1474.15    1474.12  0.000e+00
       6798     67.500     5.9569     5.9554    -0.0015    3.32868    3.32823          1     6.2716     6.3936       9.95     0.1062  4.924e-11  1.000e-12  2.031e+00    33.7911    33.7875    -0.0036    26.6027    26.6001     66.863     66.978      0.304    1474.15    1474.14  0.000e+00
       6840     68.000     5.9564     5.9556    -0.0008    3.32867    3.32840          1     6.2658     6.3961       9.95     0.1103  4.924e-11  1.000e-12  2.031e+00    33.7912    33.7889    -0.0022    26.6029    26.6012     67.359     67.474      0.628    1474.16    1474.15  0.000e+00
       6855     68.500     5.9564     5.9556    -0.0008    3.32870    3.32842          1     6.2542     6.4046       9.95     0.1126  4.924e-11  1.000e-12  2.031e+00    33.7913    33.7889    -0.0023    26.6030    26.6012     67.854     67.970      0.777    1474.17    1474.16  0.000e+00
       6870     69.000     5.9563     5.9556    -0.0007    3.32872    3.32844          1     6.2313     6.4046       9.95     0.1152  4.924e-11  1.000e-12  2.031e+00    33.7913    33.7888    -0.0025    26.6030    26.6011     68.349     68.466      0.722    1474.17    1474.17  0.000e+00
       6925     69.500     5.9566     5.9555    -0.0010    3.32875    3.32846          1     6.2306     6.4037       9.95     0.1108  4.924e-11  1.000e-12  2.031e+00    33.7912    33.7889    -0.0022    26.6029    26.6012     68.844     68.962      0.496    1474.18    1474.18  0.000e+00
       7029     70.000     5.9558     5.9555    -0.0004    3.32869    3.32846          1     6.2787     6.3914       9.95     0.1100  4.924e-11  1.000e-12  2.031e+00    33.7910    33.7887    -0.0023    26.6028    26.6011     69.339     69.458      0.696    1474.19    1474.18  0.000e+00
       7047     70.500     5.9558     5.9555    -0.0003    3.32871    3.32850          1     6.2735     6.3871       9.95     0.1110  4.924e-11  1.000e-12  2.031e+00    33.7910    33.7889    -0.0021    26.6029    26.6012     69.835     69.954      0.623    1474.20    1474.19  0.000e+00
       7071     71.000     5.9559     5.9554    -0.0005    3.32875    3.32851          1     6.2891     6.3887       9.95     0.1134  4.924e-11  1.000e-12  2.031e+00    33.7911    33.7889    -0.0022    26.6029    26.6012     70.330     70.450      0.403    1474.21    1474.20  0.000e+00
       7143     71.500     5.9542     5.9543     0.0000    3.32878    3.32854          1     6.2953     6.3835       9.95     0.1123  4.924e-11  1.000e-12  2.031e+00    33.7929    33.7900    -0.0028    26.6045    26.6023     70.825     70.946      0.241    1474.21    1474.21  0.000e+00
       7197     72.000     5.9535     5.9535    -0.0001    3.32888    3.32860          1     6.3009     6.3796       9.95     0.1154  4.924e-11  1.000e-12  2.031e+00    33.7944    33.7912    -0.0032    26.6058    26.6033     71.320     71.442      0.295    1474.22    1474.21  0.000e+00
       7275     72.500     5.9528     5.9529     0.0001    3.32888    3.32861          1     6.2530     6.3955       9.95     0.1073  4.924e-11  1.000e-12  2.031e+00    33.7950    33.7917    -0.0033    26.6063    26.6037     71.815     71.939      0.256    1474.22    1474.22  0.000e+00
       7319     73.000     5.9525     5.9524    -0.0001    3.32892    3.32859          1     6.2329     6.3877       9.95     0.1091  4.924e-11  1.000e-12  2.031e+00    33.7953    33.7918    -0.0036    26.6067    26.6039     72.311     72.435      0.465    1474.23    1474.22  0.000e+00
       7341     73.500     5.9525     5.9521    -0.0005    3.32911    3.32864          1     6.2624     6.3896       9.95     0.1071  4.924e-11  1.000e-12  2.031e+00    33.7972    33.7924    -0.0048    26.6081    26.6044     72.806     72.931      0.517    1474.24    1474.23  0.000e+00
       7366     74.000     5.9522     5.9522    -0.0000    3.32911    3.32866          1     6.2709     6.3963       9.95     0.1043  4.924e-11  1.000e-12  2.031e+00    33.7973    33.7922    -0.0051    26.6082    26.6042     73.301     73.427      0.439    1474.25    1474.24  0.000e+00
       7399     74.500     5.9514     5.9521     0.0006    3.32919    3.32872          1     6.2844     6.3970       9.95     0.1042  4.924e-11  1.000e-12  2.031e+00    33.7987    33.7928    -0.0059    26.6095    26.6047     73.796     73.923      0.299    1474.25    1474.25  0.000e+00
       7455     75.000     5.9502     5.9514     0.0012    3.32931    3.32881          1     6.3135     6.3976       9.95     0.0980  4.924e-11  1.000e-12  2.031e+00    33.8010    33.7942    -0.0068    26.6114    26.6059     74.291     74.419      0.146    1474.26    1474.25  0.000e+00
       7551     75.500     5.9512     5.9495    -0.0017    3.32944    3.32894          1     6.3206     6.3877       9.95     0.0927  4.924e-11  1.000e-12  2.031e+00    33.8012    33.7973    -0.0039    26.6115    26.6086     74.786     74.915      0.289    1474.27    1474.26  0.000e+00
       7583     76.000     5.9513     5.9496    -0.0017    3.32949    3.32900          1     6.3040     6.3971       9.95     0.0902  4.924e-11  1.000e-12  2.031e+00    33.8015    33.7976    -0.0039    26.6117    26.6088     75.282     75.411      0.395    1474.28    1474.27  0.000e+00
       7613     76.500     5.9510     5.9498    -0.0011    3.32953    3.32907          1     6.2690     6.3991       9.95     0.0918  4.924e-11  1.000e-12  2.031e+00    33.8020    33.7979    -0.0040    26.6121    26.6091     75.777     75.907      0.363    1474.29    1474.28  0.000e+00
       7663     77.000     5.9511     5.9501    -0.0010    3.32956    3.32918          1     6.2844     6.3934       9.95     0.0878  4.924e-11  1.000e-12  2.031e+00    33.8019    33.7987    -0.0033    26.6121    26.6096     76.272     76.403      0.247    1474.30    1474.29  0.000e+00
       7707     77.500     5.9516     5.9502    -0.0014    3.32960    3.32930          1     6.2607     6.3908       9.95     0.0863  4.924e-11  1.000e-12  2.031e+00    33.8016    33.7997    -0.0019    26.6117    26.6104     76.767     76.899      0.491    1474.31    1474.30  0.000e+00
       7727     78.000     5.9535     5.9505    -0.0030    3.33005    3.32938          1     6.2512     6.3915       9.95     0.0885  4.924e-11  1.000e-12  2.031e+00    33.8046    33.8000    -0.0045    26.6138    26.6106     77.262     77.395      0.587    1474.33    1474.31  0.000e+00
       7758     78.500     5.9572     5.9520    -0.0052    3.33060    3.32960          1     6.2430     6.3877       9.95     0.0923  4.924e-11  1.000e-12  2.031e+00    33.8069    33.8008    -0.0061    26.6152    26.6110     77.758     77.891      0.389    1474.35    1474.32  0.000e+00
       7884     79.000     5.9581     5.9576    -0.0005    3.33073    3.33055          1     6.2664     6.3971       9.95     0.1010  4.924e-11  1.000e-12  2.031e+00    33.8071    33.8056    -0.0015    26.6153    26.6141     78.253     78.387      0.278    1474.37    1474.36  0.000e+00
       7912     79.500     5.9596     5.9578    -0.0018    3.33106    3.33062          1     6.2855     6.3907       9.95     0.1029  4.924e-11  1.000e-12  2.031e+00    33.8092    33.8060    -0.0032    26.6167    26.6144     78.748     78.883      0.465    1474.38    1474.37  0.000e+00
       7935     80.000     5.9604     5.9578    -0.0026    3.33125    3.33064          1     6.2783     6.3845       9.95     0.1032  4.924e-11  1.000e-12  2.031e+00    33.8102    33.8059    -0.0043    26.6174    26.6143     79.243     79.380      0.508    1474.39    1474.38  0.000e+00
       7961     80.500     5.9607     5.9580    -0.0026    3.33137    3.33068          1     6.2804     6.3862       9.95     0.0998  4.924e-11  1.000e-12  2.031e+00    33.8110    33.8059    -0.0051    26.6180    26.6144     79.738     79.876      0.410    1474.40    1474.39  0.000e+00
       7996     81.000     5.9611     5.9584    -0.0027    3.33145    3.33077          1     6.2873     6.3881       9.95     0.1006  4.924e-11  1.000e-12  2.031e+00    33.8113    33.8063    -0.0050    26.6182    26.6146     80.233     80.372      0.315    1474.42    1474.40  0.000e+00
       8034     81.500     5.9599     5.9589    -0.0011    3.33127    3.33091          1     6.2797     6.3863       9.95     0.1014  4.924e-11  1.000e-12  2.031e+00    33.8101    33.8071    -0.0030    26.6174    26.6152     80.729     80.868      0.320    1474.42    1474.41  0.000e+00
       8111     82.000     5.9599     5.9590    -0.0009    3.33128    3.33099          1     6.2981     6.3951       9.95     0.0985  4.924e-11  1.000e-12  2.031e+00    33.8100    33.8077    -0.0023    26.6173    26.6156     81.224     81.364      0.219    1474.42    1474.42  0.000e+00
       8197     82.500     5.9609     5.9589    -0.0020    3.33159    3.33103          1     6.2910     6.3936       9.95     0.0966  4.924e-11  1.000e-12  2.031e+00    33.8123    33.8080    -0.0043    26.6191    26.6159     81.719     81.860      0.325    1474.44    1474.43  0.000e+00
       8227     83.000     5.9625     5.9591    -0.0033    3.33196    3.33109          1     6.2972     6.3876       9.95     0.0940  4.924e-11  1.000e-12  2.031e+00    33.8146    33.8082    -0.0064    26.6207    26.6160     82.214     82.356      0.466    1474.46    1474.44  0.000e+00
       8250     83.500     5.9620     5.9596    -0.0023    3.33188    3.33121          1     6.3228     6.3840       9.95     0.0976  4.924e-11  1.000e-12  2.031e+00    33.8140    33.8088    -0.0052    26.6202    26.6164     82.709     82.852      0.547    1474.46    1474.45  0.000e+00
       8271     84.000     5.9620     5.9599    -0.0021    3.33192    3.33133          1     6.3124     6.3815       9.95     0.0988  4.924e-11  1.000e-12  2.031e+00    33.8141    33.8096    -0.0046    26.6203    26.6170     83.204     83.348      0.516    1474.47    1474.46  0.000e+00
       8298     84.500     5.9635     5.9604    -0.0031    3.33218    3.33146          1     6.2914     6.3948       9.95     0.1034  4.924e-11  1.000e-12  2.031e+00    33.8153    33.8104    -0.0050    26.6211    26.6176     83.700     83.844      0.388    1474.49    1474.47  0.000e+00
       8336     85.000     5.9650     5.9611    -0.0039    3.33240    3.33164          1     6.2805     6.3887       9.95     0.1078  4.924e-11  1.000e-12  2.031e+00    33.8160    33.8113    -0.0047    26.6215    26.6183     84.195     84.340      0.270    1474.50    1474.48  0.000e+00
