ctdpy/exports/archive_20191121_122431/received_data/SBE09_1044_20180530_2203_34_07_0048.cnv
* Sea-Bird SBE 9 Data File:
* FileName = C:\ctd\temp\2018\AU18D048.hex
* Software Version Seasave V 7.26.6.26
* Temperature SN = 5351
* Conductivity SN = 3941
* Number of Bytes Per Scan = 41
* Number of Voltage Words = 4
* Number of Scans Averaged by the Deck Unit = 1
* NMEA Latitude = 57 59.90 N
* NMEA Longitude = 019 52.73 E
* NMEA UTC (Time) = May 30 2018  22:03:34
* NMEA baud rate = 4800
** Station:  BY20
** Operator:  JKro
** Ship: AURA
** Average sound velocity: 1444.70 m/s
** True-depth calculation Wed, 30 May 2018 23:06:51 +0000
** CTD Python Module SMHI /ver 3-12/ feb 2012 
** LIMS Job: 20183407-0048
** Cruise: SMHI-02-2018
** Latitude [GG MM.mm N] :
** Longitude [GG MM.mm E]:
# nquan = 26
# nvalues = 384                         
# units = specified
# name 0 = scan: Scan Count
# name 1 = prDM: Pressure, Digiquartz [db]
# name 2 = t090C: Temperature [ITS-90, deg C]
# name 3 = t190C: Temperature, 2 [ITS-90, deg C]
# name 4 = T2-T190C: Temperature Difference, 2 - 1 [ITS-90, deg C]
# name 5 = c0S/m: Conductivity [S/m]
# name 6 = c1S/m: Conductivity, 2 [S/m]
# name 7 = pumps: Pump Status
# name 8 = sbeox0ML/L: Oxygen, SBE 43 [ml/l]
# name 9 = sbeox1ML/L: Oxygen, SBE 43, 2 [ml/l]
# name 10 = altM: Altimeter [m]
# name 11 = flECO-AFL: Chl-a Fluorescence, WET Labs ECO-AFL/FL [mg/m^3]
# name 12 = flECO-AFL1: Phycocyanin Fluorescence, WET Labs ECO-AFL/FL, 2 [mg/m^3]
# name 13 = par: PAR/Irradiance, Biospherical/Lico [µE/(cm^2*s)]
# name 14 = turbWETntu0: Turbidity, WET Labs ECO [NTU]
# name 15 = sal00: Salinity, Practical [PSU]
# name 16 = sal11: Salinity, Practical, 2 [PSU]
# name 17 = secS-priS: Salinity, Practical, Difference, 2 - 1 [PSU]
# name 18 = sigma-t00: Density [sigma-t, Kg/m^3 ]
# name 19 = sigma-t11: Density, 2 [sigma-t, Kg/m^3 ]
# name 20 = depSM: Depth [salt water, m], lat = 57.9983
# name 21 = depFM: Depth [true depth, m], lat = 57.9983
# name 22 = dz/dtM: Descent Rate [m/s], WS = 2
# name 23 = svCM: Sound Velocity [Chen-Millero, m/s]
# name 24 = svCM1: Sound Velocity, 2 [Chen-Millero, m/s]
# name 25 = flag: flag
# span 0 =      10419,      23152       
# span 1 =      1.000,    192.500       
# span 2 =     2.3992,    13.8879       
# span 3 =     2.3940,    13.8885       
# span 4 =    -0.0281,     0.0546       
# span 5 =   0.711120,   1.392293       
# span 6 =   0.711003,   1.392281       
# span 7 =          1,          1       
# span 8 =    0.01845,    9.48117       
# span 9 =    0.01974,    9.60668       
# span 10 =      -0.00,      99.05      
# span 11 =     0.2395,    13.8245      
# span 12 =     0.1473,     1.3898      
# span 13 = -1.574e-04, 1.0911e+00      
# span 14 =     0.1293,     0.6040      
# span 15 =     6.6623,    12.6891      
# span 16 =     6.6607,    12.6887      
# span 17 =    -0.0230,     0.0059      
# span 18 =     4.4243,     9.9138      
# span 19 =     4.4241,     9.9134      
# span 20 =      0.991,    190.627      
# span 21 =      1.014,    194.531      
# span 22 =     -0.011,      0.610      
# span 23 =    1423.77,    1470.07      
# span 24 =    1423.74,    1470.07      
# span 25 = 0.0000e+00, 0.0000e+00      
# interval = decibars: 0.5              
# start_time = May 30 2018 22:03:34 [NMEA time, first data scan]
# bad_flag = -9.990e-29
*END*
[from data line 112]
      13898     57.000     3.0153     3.0169     0.0016    0.76718    0.76717          1     8.0006     7.9017      98.71     0.2847     0.2451  1.000e-12  0.1446000     7.4858     7.4853    -0.0005     5.9679     5.9675     56.464     57.741      0.440    1427.77    1427.78  0.000e+00
      13927     57.500     3.0166     3.0177     0.0011    0.76733    0.76729          1     7.9897     7.8800      98.70     0.2757     0.1724  1.000e-12  0.1451000     7.4870     7.4863    -0.0006     5.9689     5.9683     56.959     58.247      0.415    1427.79    1427.80  0.000e+00
      13955     58.000     3.0210     3.0224     0.0015    0.76758    0.76755          1     7.9788     7.8774      98.71     0.2395     0.2342  1.000e-12  0.1490000     7.4885     7.4879    -0.0006     5.9700     5.9695     57.454     58.753      0.475    1427.82    1427.83  0.000e+00
      13978     58.500     3.0146     3.0166     0.0020    0.76756    0.76755          1     7.9737     7.8726      98.70     0.2779     0.2069  1.000e-12  0.1487000     7.4897     7.4891    -0.0006     5.9711     5.9706     57.950     59.259      0.538    1427.80    1427.81  0.000e+00
      14000     59.000     3.0155     3.0167     0.0012    0.76779    0.76775          1     7.9630     7.8642      98.71     0.2845     0.2071  1.000e-12  0.1446000     7.4918     7.4911    -0.0007     5.9727     5.9722     58.445     59.766      0.503    1427.81    1427.82  0.000e+00
      14027     59.500     3.0170     3.0189     0.0019    0.76819    0.76817          1     7.9459     7.8498      98.71     0.2851     0.2267  1.000e-12  0.1611000     7.4957     7.4950    -0.0007     5.9758     5.9752     58.940     60.272      0.405    1427.84    1427.84  0.000e+00
      14058     60.000     3.0208     3.0216     0.0008    0.76848    0.76843          1     7.9359     7.8380      98.71     0.2751     0.2280  1.000e-12  0.1466000     7.4976     7.4970    -0.0006     5.9773     5.9769     59.435     60.778      0.403    1427.86    1427.87  0.000e+00
      14085     60.500     3.0257     3.0274     0.0017    0.76873    0.76871          1     7.9245     7.8307      98.71     0.2969     0.2721  1.000e-12  0.1383000     7.4991     7.4985    -0.0006     5.9784     5.9780     59.931     61.284      0.488    1427.90    1427.90  0.000e+00
      14108     61.000     3.0118     3.0135     0.0017    0.76851    0.76849          1     7.9113     7.8237      98.71     0.2969     0.2076  1.000e-12  0.1566000     7.4999     7.4994    -0.0006     5.9792     5.9788     60.426     61.791      0.525    1427.84    1427.85  0.000e+00
      14132     61.500     3.0013     3.0033     0.0020    0.76850    0.76849          1     7.8951     7.7974      98.71     0.2862     0.2281  1.000e-12  0.1496000     7.5022     7.5016    -0.0006     5.9812     5.9807     60.921     62.297      0.477    1427.80    1427.81  0.000e+00
      14160     62.000     2.9957     2.9977     0.0020    0.76863    0.76861          1     7.8786     7.7777      98.71     0.2847     0.2466  1.000e-12  0.1538000     7.5049     7.5042    -0.0007     5.9834     5.9828     61.416     62.803      0.415    1427.79    1427.80  0.000e+00
      14188     62.500     2.9837     2.9856     0.0019    0.76894    0.76890          1     7.8685     7.7844      98.70     0.2838     0.2226  1.000e-12  0.1468000     7.5108     7.5100    -0.0009     5.9882     5.9875     61.911     63.309      0.452    1427.75    1427.76  0.000e+00
      14213     63.000     2.9750     2.9771     0.0020    0.76912    0.76910          1     7.8620     7.7652      98.70     0.2726     0.2342  1.000e-12  0.1374000     7.5147     7.5140    -0.0007     5.9914     5.9908     62.407     63.816      0.486    1427.72    1427.73  0.000e+00
      14238     63.500     2.9754     2.9766     0.0012    0.76960    0.76955          1     7.8366     7.7271      98.71     0.2720     0.2336  1.000e-12  0.1445000     7.5196     7.5187    -0.0008     5.9953     5.9946     62.902     64.322      0.458    1427.74    1427.74  0.000e+00
      14266     64.000     2.9784     2.9799     0.0015    0.77011    0.77007          1     7.7931     7.6798      98.71     0.2690     0.2225  1.000e-12  0.1717000     7.5241     7.5234    -0.0007     5.9989     5.9983     63.397     64.828      0.439    1427.76    1427.77  0.000e+00
      14292     64.500     2.9821     2.9832     0.0012    0.77066    0.77061          1     7.7805     7.6511      98.71     0.3166     0.2481  1.000e-12  0.1610000     7.5290     7.5282    -0.0008     6.0027     6.0021     63.892     65.334      0.470    1427.80    1427.80  0.000e+00
      14317     65.000     2.9910     2.9910     0.0000    0.77127    0.77120          1     7.7450     7.5995      98.71     0.2830     0.2739  1.000e-12  0.1576000     7.5332     7.5325    -0.0007     6.0060     6.0054     64.387     65.841      0.472    1427.85    1427.85  0.000e+00
      14343     65.500     3.0314     3.0318     0.0004    0.77298    0.77288          1     7.6592     7.5051      98.71     0.2706     0.2260  1.000e-12  0.1727000     7.5416     7.5404    -0.0011     6.0123     6.0114     64.883     66.347      0.454    1428.05    1428.06  0.000e+00
      14370     66.000     3.0397     3.0385    -0.0012    0.77419    0.77402          1     7.5557     7.4181      98.71     0.2697     0.2890  1.000e-12  0.1652000     7.5523     7.5507    -0.0015     6.0207     6.0195     65.378     66.853      0.461    1428.12    1428.11  0.000e+00
      14395     66.500     3.0694     3.0703     0.0009    0.77601    0.77596          1     7.4723     7.3462      98.71     0.3037     0.2384  1.000e-12  0.1541000     7.5643     7.5635    -0.0007     6.0300     6.0294     65.873     67.359      0.463    1428.28    1428.28  0.000e+00
      14422     67.000     3.0423     3.0466     0.0044    0.77570    0.77572          1     7.4467     7.3426      98.71     0.2911     0.1951  1.000e-12  0.1565000     7.5674     7.5665    -0.0008     6.0327     6.0320     66.368     67.865      0.443    1428.16    1428.18  0.000e+00
      14449     67.500     3.0406     3.0404    -0.0001    0.77624    0.77612          1     7.4268     7.3210      98.71     0.3133     0.2089  1.000e-12  0.1612000     7.5733     7.5721    -0.0012     6.0375     6.0365     66.864     68.372      0.441    1428.17    1428.17  0.000e+00
      14476     68.000     3.0559     3.0566     0.0008    0.77708    0.77702          1     7.3770     7.2606      98.71     0.3137     0.2741  1.000e-12  0.1609000     7.5784     7.5776    -0.0008     6.0414     6.0408     67.359     68.878      0.481    1428.26    1428.26  0.000e+00
      14500     68.500     3.0718     3.0719     0.0001    0.77804    0.77794          1     7.3175     7.1923      98.71     0.2943     0.2336  1.000e-12  0.1688000     7.5846     7.5836    -0.0010     6.0462     6.0454     67.854     69.384      0.503    1428.34    1428.34  0.000e+00
      14524     69.000     3.0974     3.0982     0.0007    0.77968    0.77961          1     7.2407     7.1151      98.71     0.2920     0.2337  1.000e-12  0.1851000     7.5957     7.5948    -0.0009     6.0548     6.0540     68.349     69.890      0.446    1428.48    1428.49  0.000e+00
      14554     69.500     3.1170     3.1172     0.0003    0.78065    0.78056          1     7.1647     7.0604      98.71     0.3044     0.1842  1.000e-12  0.1777000     7.6012     7.6001    -0.0010     6.0589     6.0581     68.844     70.396      0.407    1428.59    1428.59  0.000e+00
      14581     70.000     3.1536     3.1484    -0.0052    0.78380    0.78310          1     7.0985     6.9705      98.71     0.3082     0.2354  1.000e-12  0.1833000     7.6253     7.6193    -0.0061     6.0777     6.0729     69.340     70.903      0.480    1428.80    1428.77  0.000e+00
      14605     70.500     3.2217     3.2177    -0.0041    0.79054    0.79022          1     6.9515     6.7314      98.71     0.3165     0.2221  1.000e-12  0.1829000     7.6795     7.6771    -0.0024     6.1200     6.1181     69.835     71.409      0.502    1429.19    1429.17  0.000e+00
      14630     71.000     3.4270     3.4189    -0.0080    0.80549    0.80492          1     6.5785     6.2551      98.71     0.3144     0.2219  1.000e-12  0.1606000     7.7859     7.7819    -0.0039     6.2015     6.1985     70.330     71.915      0.445    1430.27    1430.23  0.000e+00
      14659     71.500     3.6613     3.6488    -0.0126    0.82277    0.82179          1     6.0467     5.6864      98.71     0.3148     0.2593  1.000e-12  0.1594000     7.9082     7.9011    -0.0071     6.2944     6.2890     70.825     72.421      0.400    1431.50    1431.44  0.000e+00
      14688     72.000     3.8911     3.8828    -0.0083    0.84429    0.84300          1     5.4536     5.0432      98.71     0.3173     0.2288  1.000e-12  0.1610000     8.0735     8.0623    -0.0112     6.4205     6.4118     71.320     72.927      0.455    1432.76    1432.71  0.000e+00
      14712     72.500     4.1529     4.1447    -0.0081    0.86900    0.86842          1     4.8085     4.3068      98.71     0.3457     0.2068  1.000e-12  0.1626000     8.2616     8.2577    -0.0038     6.5628     6.5600     71.816     73.433      0.523    1434.19    1434.15  0.000e+00
      14735     73.000     4.3235     4.3222    -0.0014    0.88817    0.88774          1     4.1629     3.6337      98.71     0.3383     0.1792  1.000e-12  0.1638000     8.4139     8.4099    -0.0041     6.6784     6.6752     72.311     73.939      0.483    1435.15    1435.14  0.000e+00
      14765     73.500     4.6055     4.5802    -0.0252    0.92820    0.92528          1     3.1875     2.6647      98.71     0.3624     0.2543  1.000e-12  0.1985000     8.7473     8.7243    -0.0230     6.9326     6.9153     72.806     74.445      0.352    1436.84    1436.70  0.000e+00
      14801     74.000     4.8742     4.8582    -0.0160    0.96019    0.95865          1     2.1384     1.6707      98.71     0.3689     0.2294  1.000e-12  0.2072000     8.9994     8.9882    -0.0112     7.1216     7.1134     73.301     74.951      0.375    1438.36    1438.27  0.000e+00
      14829     74.500     4.9954     4.9953    -0.0000    0.97837    0.97786          1     1.4765     1.0561      98.71     0.3828     0.1998  1.000e-12  0.2164000     9.1498     9.1447    -0.0052     7.2354     7.2313     73.796     75.456      0.466    1439.09    1439.08  0.000e+00
      14854     75.000     5.0984     5.0961    -0.0023    0.99647    0.99619          1     0.9333     0.5704      98.71     0.3528     0.2116  1.000e-12  0.2265000     9.3034     9.3013    -0.0021     7.3521     7.3505     74.292     75.962      0.437    1439.74    1439.73  0.000e+00
      14886     75.500     5.1868     5.1864    -0.0004    1.00670    1.00632          1     0.5059     0.2791      98.71     0.3627     0.2165  1.000e-12  0.2379000     9.3815     9.3779    -0.0037     7.4097     7.4068     74.787     76.467      0.333    1440.23    1440.23  0.000e+00
      14923     76.000     5.2529     5.2478    -0.0051    1.01864    1.01762          1     0.2781     0.1426      59.88     0.3953     0.2651  1.000e-12  0.2609000     9.4826     9.4739    -0.0088     7.4863     7.4796     75.282     76.973      0.362    1440.66    1440.62  0.000e+00
      14953     76.500     5.3042     5.3028    -0.0014    1.03208    1.03181          1     0.1852     0.0841      84.85     0.3189     0.2758  1.000e-12  0.2798000     9.6028     9.6005    -0.0023     7.5787     7.5769     75.777     77.478      0.422    1441.04    1441.03  0.000e+00
      14981     77.000     5.4263     5.4233    -0.0029    1.04822    1.04781          1     0.1476     0.0672      56.49     0.3012     0.2589  1.000e-12  0.2367000     9.7293     9.7261    -0.0032     7.6723     7.6699     76.272     77.984      0.397    1441.74    1441.72  0.000e+00
      15014     77.500     5.5034     5.5036     0.0002    1.06195    1.06172          1     0.1338     0.0741      90.70     0.3215     0.2327  1.000e-12  0.2592000     9.8442     9.8418    -0.0024     7.7588     7.7569     76.767     78.489      0.361    1442.22    1442.22  0.000e+00
      15047     78.000     5.5261     5.5276     0.0015    1.06958    1.06942          1     0.1601     0.1085      98.72     0.3347     0.2103  1.000e-12  0.2531000     9.9138     9.9117    -0.0020     7.8125     7.8109     77.263     78.994      0.379    1442.42    1442.42  0.000e+00
      15078     78.500     5.5476     5.5490     0.0015    1.07530    1.07522          1     0.1887     0.1371      98.71     0.3472     0.2560  1.000e-12  0.2061000     9.9645     9.9633    -0.0012     7.8514     7.8504     77.758     79.500      0.386    1442.58    1442.59  0.000e+00
      15109     79.000     5.5822     5.5817    -0.0005    1.08113    1.08079          1     0.1742     0.1130      98.71     0.3395     0.2281  1.000e-12  0.2223000    10.0125    10.0092    -0.0033     7.8873     7.8847     78.253     80.005      0.383    1442.80    1442.79  0.000e+00
      15140     79.500     5.6360     5.6329    -0.0030    1.09001    1.08940          1     0.1614     0.1056      98.71     0.3466     0.2450  1.000e-12  0.2071000    10.0850    10.0798    -0.0052     7.9415     7.9376     78.748     80.510      0.387    1443.13    1443.11  0.000e+00
      15171     80.000     5.7185     5.7167    -0.0017    1.10232    1.10193          1     0.1620     0.1100      98.71     0.3405     0.2664  1.000e-12  0.2244000    10.1830    10.1796    -0.0034     8.0141     8.0115     79.243     81.016      0.374    1443.62    1443.61  0.000e+00
      15204     80.500     5.7750     5.7744    -0.0006    1.11103    1.11072          1     0.1516     0.0973      98.71     0.3488     0.2664  1.000e-12  0.2121000    10.2526    10.2497    -0.0029     8.0656     8.0634     79.738     81.521      0.371    1443.96    1443.95  0.000e+00
      15235     81.000     5.7990     5.8000     0.0010    1.11673    1.11658          1     0.1671     0.1263      98.71     0.4153     0.2279  1.000e-12  0.2377000    10.3020    10.3001    -0.0019     8.1032     8.1017     80.234     82.026      0.409    1444.13    1444.13  0.000e+00
      15265     81.500     5.8232     5.8233     0.0001    1.12237    1.12220          1     0.1748     0.1231      98.71     0.4226     0.2140  1.000e-12  0.1784000    10.3507    10.3490    -0.0017     8.1401     8.1387     80.729     82.531      0.374    1444.30    1444.30  0.000e+00
      15299     82.000     5.8493     5.8492    -0.0000    1.12714    1.12700          1     0.1388     0.0808      98.71     0.4693     0.2377  1.000e-12  0.1755000    10.3901    10.3887    -0.0014     8.1696     8.1685     81.224     83.036      0.357    1444.47    1444.47  0.000e+00
      15330     82.500     5.8903     5.8901    -0.0002    1.13211    1.13195          1     0.1192     0.0731      98.71     0.4877     0.2004  1.000e-12  0.2108000    10.4268    10.4253    -0.0016     8.1961     8.1948     81.719     83.541      0.420    1444.70    1444.70  0.000e+00
      15358     83.000     5.9070     5.9076     0.0006    1.13592    1.13581          1     0.1142     0.0703      98.71     0.5824     0.2670  1.000e-12  0.2787000    10.4595    10.4582    -0.0012     8.2207     8.2197     82.214     84.047      0.388    1444.82    1444.82  0.000e+00
      15394     83.500     5.9127     5.9136     0.0009    1.13850    1.13837          1     0.1085     0.0697      98.71     0.6136     0.2668  1.000e-12  0.2961000    10.4833    10.4817    -0.0017     8.2392     8.2378     82.709     84.552      0.333    1444.88    1444.88  0.000e+00
      15426     84.000     5.9211     5.9212     0.0001    1.14131    1.14118          1     0.1074     0.0667      98.71     0.6255     0.2635  1.000e-12  0.2995000    10.5085    10.5072    -0.0013     8.2585     8.2574     83.205     85.057      0.443    1444.96    1444.96  0.000e+00
