ctdpy/exports/archive_20191121_122431/received_data/SBE09_0827_20181013_1256_26_01_1092.cnv
* Sea-Bird SBE 9 Data File:
* FileName = D:\CTD_SBE911\DAT\26DA.2018.10.92.hex
* Software Version Seasave V 7.21d
* Temperature SN = 4548
* Conductivity SN = 3062
* Number of Bytes Per Scan = 48
* Number of Voltage Words = 5
* Number of Scans Averaged by the Deck Unit = 1
* NMEA Latitude = 55 23.97 N
* NMEA Longitude = 015 13.34 E
* NMEA UTC (Time) = Oct 13 2018  12:58:50
* NMEA baud rate = 4800
** Ship: DANA
** Average sound velocity: 1459.86 m/s
** True-depth calculation Thu, 28 Mar 2019 12:29:29 +0000
** CTD Python Module SMHI /ver 3-12/ feb 2012 
** LIMS Job: 20182601-1092
** Operator: Christian A-KTh
** Cruise: 10/2018
# nquan = 26
# nvalues = 165                         
# units = specified
# name 0 = scan: Scan Count
# name 1 = prDM: Pressure, Digiquartz [db]
# name 2 = t090C: Temperature [ITS-90, deg C]
# name 3 = t190C: Temperature, 2 [ITS-90, deg C]
# name 4 = T2-T190C: Temperature Difference, 2 - 1 [ITS-90, deg C]
# name 5 = c0S/m: Conductivity [S/m]
# name 6 = c1S/m: Conductivity, 2 [S/m]
# name 7 = pumps: Pump Status
# name 8 = sbeox1ML/L: Oxygen, SBE 43, 2 [ml/l]
# name 9 = sbeox0ML/L: Oxygen, SBE 43 [ml/l]
# name 10 = altM: Altimeter [m]
# name 11 = chloroflTC0: Chlorophyll, Turner Cyclops [ug/l]
# name 12 = cpar: CPAR/Corrected Irradiance [%]
# name 13 = par: PAR/Irradiance, Biospherical/Lico [µE/(cm^2*s)]
# name 14 = spar: SPAR, Biospherical/Licor
# name 15 = sal00: Salinity, Practical [PSU]
# name 16 = sal11: Salinity, Practical, 2 [PSU]
# name 17 = secS-priS: Salinity, Practical, Difference, 2 - 1 [PSU]
# name 18 = sigma-t00: Density [sigma-t, kg/m^3 ]
# name 19 = sigma-t11: Density, 2 [sigma-t, kg/m^3 ]
# name 20 = depSM: Depth [salt water, m], lat = 55.3995
# name 21 = depFM: Depth [true depth, m], lat = 55.3995
# name 22 = dz/dtM: Descent Rate [m/s], WS = 2
# name 23 = svCM: Sound Velocity [Chen-Millero, m/s]
# name 24 = svCM1: Sound Velocity, 2 [Chen-Millero, m/s]
# name 25 = flag: flag
# span 0 =        -80,       9302       
# span 1 =      1.000,     83.000       
# span 2 =     4.3853,    13.6175       
# span 3 =     4.3387,    13.6800       
# span 4 =    -1.5759,     0.5594       
# span 5 =   0.801309,   2.400830       
# span 6 =   0.799321,   2.404210       
# span 7 =          1,          1       
# span 8 =     0.0585,     7.3095       
# span 9 =     0.0555,     6.7581       
# span 10 =       0.98,       9.99      
# span 11 =     0.0159,     0.0436      
# span 12 = -5.166e-06, 1.2670e+00      
# span 13 = -7.879e-05, 1.9441e+01      
# span 14 = 1.5082e+03, 1.5345e+03      
# span 15 =     7.4605,    19.0687      
# span 16 =     7.4710,    19.0646      
# span 17 =    -0.0133,     0.2974      
# span 18 =     5.2607,    13.9851      
# span 19 =     5.2609,    13.9699      
# span 20 =      0.991,     82.232      
# span 21 =      1.013,     83.871      
# span 22 =     -0.129,      0.341      
# span 23 =    1433.89,    1484.92      
# span 24 =    1433.72,    1485.12      
# span 25 = 0.0000e+00, 0.0000e+00      
# interval = decibars: 0.5              
# start_time = Oct 13 2018 12:58:50 [NMEA time, first data scan]
# bad_flag = -9.990e-29
*END*
[from data line 56]
       2903     29.000    10.7789    10.5132    -0.2656    0.95716    0.95086          1     6.8943     6.4162       9.98     0.0252  6.568e-14  1.000e-12  1.522e+03     7.5809     7.5819     0.0010     5.5326     5.5642     28.736     29.382      0.252    1460.08    1459.06  0.000e+00
       2950     29.500    10.5347    10.2269    -0.3076    0.95104    0.94410          1     6.9364     6.4343       9.98     0.0245  6.561e-14  1.000e-12  1.524e+03     7.5789     7.5829     0.0041     5.5594     5.5971     29.231     29.888      0.269    1459.15    1457.97  0.000e+00
       2996     30.000    10.1831     9.7275    -0.4555    0.94197    0.93086          1     6.9422     6.4255       9.98     0.0244  6.571e-14  1.000e-12  1.522e+03     7.5736     7.5719    -0.0017     5.5947     5.6422     29.726     30.394      0.243    1457.79    1456.02  0.000e+00
       3046     30.500     9.6670     9.2306    -0.4367    0.92831    0.91754          1     6.9845     6.4498       9.98     0.0239  6.551e-14  1.000e-12  1.526e+03     7.5622     7.5590    -0.0032     5.6410     5.6824     30.222     30.901      0.264    1455.78    1454.05  0.000e+00
       3086     31.000     9.2594     8.6674    -0.5918    0.91701    0.90275          1     7.0155     6.4686       9.98     0.0222  6.560e-14  1.000e-12  1.524e+03     7.5481     7.5460    -0.0021     5.6710     5.7253     30.717     31.407      0.294    1454.16    1451.79  0.000e+00
       3131     31.500     8.7140     8.0614    -0.6527    0.90250    0.88719          1     7.1216     6.5280       9.98     0.0208  6.561e-14  1.000e-12  1.524e+03     7.5339     7.5343     0.0004     5.7118     5.7686     31.213     31.914      0.267    1451.97    1449.33  0.000e+00
       3172     32.000     8.1598     7.3466    -0.8134    0.88837    0.87023          1     7.3095     6.5808       9.98     0.0197  6.562e-14  1.000e-12  1.524e+03     7.5239     7.5322     0.0082     5.7522     5.8224     31.708     32.420      0.306    1449.73    1446.39  0.000e+00
       3215     32.500     7.4266     6.2160    -1.2107    0.87039    0.84168          1     7.2719     6.6269       9.98     0.0194  6.574e-14  1.000e-12  1.521e+03     7.5162     7.5094    -0.0068     5.8038     5.8763     32.203     32.926      0.252    1446.71    1441.60  0.000e+00
       3262     33.000     6.2407     4.6643    -1.5759    0.83963    0.80237          1     7.0848     6.7581       9.98     0.0183  6.567e-14  1.000e-12  1.523e+03     7.4843     7.4710    -0.0133     5.8561     5.9191     32.699     33.433      0.270    1441.69    1434.83  0.000e+00
       3308     33.500     4.9555     4.4270    -0.5287    0.80789    0.79932          1     7.0619     6.7354       9.98     0.0171  6.572e-14  1.000e-12  1.522e+03     7.4605     7.4942     0.0338     5.8998     5.9456     33.194     33.939      0.246    1436.10    1433.81  0.000e+00
       3356     34.000     4.5275     4.4045    -0.1231    0.80131    0.80237          1     6.9338     6.5620       9.98     0.0171  6.564e-14  1.000e-12  1.524e+03     7.4913     7.5300     0.0387     5.9401     5.9747     33.690     34.445      0.272    1434.26    1433.77  0.000e+00
       3398     34.500     4.4634     4.4222    -0.0411    0.80247    0.80473          1     6.8439     6.5162       9.98     0.0170  6.569e-14  1.000e-12  1.522e+03     7.5175     7.5496     0.0322     5.9629     5.9897     34.185     34.951      0.277    1434.02    1433.88  0.000e+00
       3443     35.000     4.4875     4.7537     0.2659    0.80579    0.81748          1     7.0271     6.5647       9.98     0.0169  6.568e-14  1.000e-12  1.522e+03     7.5454     7.6014     0.0560     5.9842     6.0191     34.680     35.458      0.283    1434.17    1435.42  0.000e+00
       3483     35.500     4.8012     4.7750    -0.0260    0.81887    0.82182          1     7.0080     6.5069       9.98     0.0171  6.572e-14  1.000e-12  1.522e+03     7.6045     7.6400     0.0355     6.0201     6.0491     35.176     35.964      0.286    1435.64    1435.57  0.000e+00
       3530     36.000     4.7335     4.4626    -0.2708    0.81924    0.81496          1     6.9232     6.4899       9.98     0.0169  6.571e-14  1.000e-12  1.522e+03     7.6237     7.6433     0.0196     6.0378     6.0627     35.671     36.470      0.248    1435.38    1434.20  0.000e+00
       3576     36.500     4.5095     4.3497    -0.1598    0.81564    0.81456          1     6.8431     6.4288       9.98     0.0160  6.573e-14  1.000e-12  1.521e+03     7.6392     7.6654     0.0262     6.0580     6.0838     36.167     36.976      0.265    1434.41    1433.73  0.000e+00
       3623     37.000     4.3853     4.3387    -0.0465    0.81479    0.81646          1     6.6957     6.2820       9.98     0.0162  6.569e-14  1.000e-12  1.522e+03     7.6594     7.6872     0.0278     6.0779     6.1014     36.662     37.483      0.242    1433.89    1433.72  0.000e+00
       3671     37.500     4.4115     4.5299     0.1184    0.81830    0.82495          1     6.6421     6.2534       9.98     0.0160  6.571e-14  1.000e-12  1.522e+03     7.6887     7.7280     0.0394     6.1003     6.1277     37.157     37.989      0.273    1434.06    1434.63  0.000e+00
       3713     38.000     4.5541     4.6107     0.0566    0.82550    0.83084          1     6.6565     6.3201       9.98     0.0165  6.573e-14  1.000e-12  1.521e+03     7.7278     7.7683     0.0404     6.1267     6.1568     37.653     38.495      0.274    1434.75    1435.05  0.000e+00
       3759     38.500     4.6040     4.6731     0.0693    0.83027    0.83691          1     6.5637     6.2722       9.98     0.0164  6.569e-14  1.000e-12  1.522e+03     7.7641     7.8145     0.0504     6.1538     6.1912     38.148     39.001      0.268    1435.02    1435.39  0.000e+00
       3801     39.000     4.7241     5.1009     0.3764    0.83817    0.85456          1     6.5041     6.1921       9.98     0.0163  6.578e-14  1.000e-12  1.520e+03     7.8149     7.8893     0.0744     6.1897     6.2334     38.643     39.507      0.293    1435.63    1437.38  0.000e+00
       3847     39.500     5.2453     5.8044     0.5594    0.86083    0.88340          1     6.4179     6.0841       9.98     0.0165  6.576e-14  1.000e-12  1.521e+03     7.9172     8.0064     0.0892     6.2493     6.2926     39.139     40.013      0.234    1438.05    1440.59  0.000e+00
       3898     40.000     5.9524     6.4217     0.4691    0.89092    0.91143          1     6.3040     5.9646       9.98     0.0168  6.574e-14  1.000e-12  1.521e+03     8.0444     8.1308     0.0864     6.3145     6.3551     39.634     40.519      0.248    1441.28    1443.39  0.000e+00
       3944     40.500     6.4608     6.9737     0.5125    0.91575    0.94284          1     6.2556     5.8399       9.98     0.0170  6.579e-14  1.000e-12  1.520e+03     8.1629     8.2983     0.1353     6.3781     6.4505     40.130     41.026      0.270    1443.61    1445.93  0.000e+00
       3990     41.000     6.9576     7.1321     0.1747    0.94514    0.95766          1     6.0853     5.6885       9.98     0.0170  6.570e-14  1.000e-12  1.522e+03     8.3241     8.4004     0.0763     6.4721     6.5196     40.625     41.532      0.247    1445.91    1446.73  0.000e+00
       4037     41.500     7.0406     7.0599     0.0193    0.95484    0.95876          1     5.9543     5.6298       9.98     0.0171  6.577e-14  1.000e-12  1.520e+03     8.3959     8.4283     0.0325     6.5227     6.5468     41.120     42.038      0.285    1446.35    1446.47  0.000e+00
       4077     42.000     7.0650     7.1840     0.1191    0.95887    0.96444          1     5.9582     5.6147       9.98     0.0170  6.575e-14  1.000e-12  1.521e+03     8.4281     8.4516     0.0236     6.5462     6.5561     41.616     42.543      0.295    1446.50    1447.03  0.000e+00
       4123     42.500     7.1981     7.3909     0.1926    0.96596    0.97584          1     5.9872     5.5999       9.98     0.0171  6.577e-14  1.000e-12  1.520e+03     8.4624     8.5083     0.0459     6.5635     6.5851     42.111     43.049      0.241    1447.11    1447.96  0.000e+00
       4170     43.000     7.2931     7.1723    -0.1207    0.97303    0.97155          1     5.8830     5.5314       9.98     0.0171  6.579e-14  1.000e-12  1.520e+03     8.5058     8.5216     0.0158     6.5905     6.6118     42.606     43.555      0.277    1447.56    1447.08  0.000e+00
       4215     43.500     7.1161     7.0478    -0.0683    0.97433    0.98234          1     5.8742     5.4683       9.98     0.0170  6.574e-14  1.000e-12  1.521e+03     8.5617     8.6546     0.0928     6.6474     6.7253     43.102     44.061      0.239    1446.91    1446.74  0.000e+00
       4267     44.000     7.0533     6.9138    -0.1393    0.98884    0.99462          1     5.6791     5.3056       9.98     0.0167  6.579e-14  1.000e-12  1.520e+03     8.7148     8.8054     0.0906     6.7722     6.8530     43.597     44.567      0.252    1446.84    1446.37  0.000e+00
       4310     44.500     6.6627     6.2700    -0.3925    0.98878    0.98832          1     5.4309     5.0951       9.98     0.0163  6.575e-14  1.000e-12  1.521e+03     8.8138     8.9113     0.0975     6.8770     6.9791     44.093     45.073      0.286    1445.34    1443.80  0.000e+00
       4355     45.000     6.3737     6.3976     0.0236    0.99199    1.00658          1     5.1756     4.8980       9.98     0.0159  6.581e-14  1.000e-12  1.520e+03     8.9196     9.0546     0.1351     6.9792     7.0839     44.588     45.579      0.252    1444.26    1444.53  0.000e+00
       4401     45.500     6.4502     6.6355     0.1852    1.01159    1.03063          1     5.1139     4.8597       9.98     0.0159  6.583e-14  1.000e-12  1.519e+03     9.0892     9.2236     0.1344     7.1077     7.2010     45.083     46.084      0.278    1444.80    1445.75  0.000e+00
       4444     46.000     6.6630     6.8930     0.2300    1.03196    1.04839          1     5.0895     4.8017       9.98     0.0159  6.587e-14  1.000e-12  1.518e+03     9.2290     9.3250     0.0960     7.2034     7.2628     45.579     46.590      0.264    1445.88    1446.97  0.000e+00
       4494     46.500     6.9179     7.0379     0.1201    1.05062    1.05970          1     5.0080     4.7152       9.98     0.0159  6.586e-14  1.000e-12  1.518e+03     9.3395     9.3939     0.0544     7.2724     7.3063     46.074     47.096      0.232    1447.10    1447.67  0.000e+00
       4542     47.000     7.0491     7.1394     0.0902    1.06113    1.06835          1     4.9717     4.6920       9.98     0.0160  6.583e-14  1.000e-12  1.519e+03     9.4044     9.4487     0.0443     7.3137     7.3418     46.569     47.601      0.265    1447.73    1448.17  0.000e+00
       4591     47.500     7.1599     7.2532     0.0934    1.07175    1.08036          1     4.9121     4.6274       9.98     0.0159  6.581e-14  1.000e-12  1.520e+03     9.4755     9.5319     0.0564     7.3613     7.3984     47.065     48.107      0.231    1448.29    1448.75  0.000e+00
       4638     48.000     7.2756     7.4345     0.1589    1.08347    1.09585          1     4.8298     4.5499       9.98     0.0159  6.583e-14  1.000e-12  1.519e+03     9.5553     9.6289     0.0736     7.4150     7.4602     47.560     48.612      0.286    1448.88    1449.63  0.000e+00
       4681     48.500     7.4642     7.6454     0.1812    1.09920    1.11260          1     4.7251     4.4714       9.98     0.0159  6.583e-14  1.000e-12  1.519e+03     9.6524     9.7288     0.0764     7.4762     7.5213     48.055     49.118      0.264    1449.79    1450.62  0.000e+00
       4727     49.000     7.6566     7.9295     0.2729    1.11428    1.13758          1     4.6604     4.4166       9.98     0.0160  6.583e-14  1.000e-12  1.519e+03     9.7415     9.8837     0.1423     7.5303     7.6183     48.551     49.623      0.262    1450.69    1451.98  0.000e+00
       4773     49.500     7.9523     8.2753     0.3231    1.14461    1.18325          1     4.5454     4.2624       9.98     0.0161  6.589e-14  1.000e-12  1.518e+03     9.9434    10.2123     0.2689     7.6631     7.8442     49.046     50.129      0.253    1452.16    1453.80  0.000e+00
       4821     50.000     8.1793     8.5416     0.3623    1.17574    1.21691          1     4.4138     4.0951       9.98     0.0159  6.587e-14  1.000e-12  1.518e+03    10.1699    10.4476     0.2777     7.8200     8.0029     49.542     50.634      0.251    1453.37    1455.16  0.000e+00
       4872     50.500     8.4880     8.7082     0.2201    1.21378    1.24199          1     4.2489     3.9889       9.98     0.0161  6.583e-14  1.000e-12  1.519e+03    10.4343    10.6305     0.1962     7.9976     8.1293     50.037     51.139      0.230    1454.94    1456.06  0.000e+00
       4918     51.000     8.7383     8.9466     0.2086    1.25027    1.27746          1     4.0688     3.8535       9.98     0.0159  6.583e-14  1.000e-12  1.519e+03    10.6981    10.8859     0.1878     8.1791     8.3044     50.532     51.645      0.281    1456.27    1457.33  0.000e+00
       4965     51.500     9.0421     9.4695     0.4273    1.29407    1.34108          1     3.8609     3.6011       9.98     0.0159  6.588e-14  1.000e-12  1.518e+03    11.0094    11.3068     0.2974     8.3906     8.5761     51.028     52.150      0.237    1457.87    1459.90  0.000e+00
       5012     52.000     9.6195     9.9180     0.2986    1.36271    1.39634          1     3.5793     3.3548       9.98     0.0159  6.583e-14  1.000e-12  1.519e+03    11.4575    11.6674     0.2099     8.6769     8.8059     51.523     52.655      0.290    1460.68    1462.09  0.000e+00
       5055     52.500     9.9309    10.2207     0.2900    1.39936    1.42933          1     3.4502     3.2361       9.98     0.0159  6.590e-14  1.000e-12  1.517e+03    11.6903    11.8668     0.1765     8.8220     8.9246     52.018     53.160      0.248    1462.18    1463.50  0.000e+00
       5106     53.000    10.1111    10.1618     0.0506    1.42822    1.44054          1     3.3303     3.1209       9.98     0.0159  6.592e-14  1.000e-12  1.517e+03    11.8927    11.9873     0.0946     8.9581     9.0254     52.514     53.664      0.245    1463.12    1463.43  0.000e+00
       5155     53.500    10.0058     9.9619    -0.0440    1.43164    1.43107          1     3.2568     3.0823       9.98     0.0159  6.583e-14  1.000e-12  1.519e+03    11.9581    11.9675     0.0094     9.0214     9.0339     53.009     54.169      0.243    1462.81    1462.65  0.000e+00
       5203     54.000     9.8229     9.8012    -0.0217    1.42907    1.43274          1     3.1921     3.0258       9.98     0.0160  6.588e-14  1.000e-12  1.518e+03    11.9953    12.0358     0.0405     9.0718     9.1058     53.504     54.674      0.259    1462.15    1462.12  0.000e+00
       5248     54.500     9.9067     9.9556     0.0489    1.45391    1.46235          1     3.0783     2.9128       9.98     0.0159  6.582e-14  1.000e-12  1.519e+03    12.1930    12.2533     0.0603     9.2156     9.2566     54.000     55.178      0.273    1462.73    1462.99  0.000e+00
       5292     55.000     9.9721     9.9968     0.0247    1.47092    1.47770          1     3.0082     2.8331       9.98     0.0159  6.587e-14  1.000e-12  1.518e+03    12.3255    12.3787     0.0532     9.3108     9.3492     54.495     55.683      0.270    1463.15    1463.31  0.000e+00
       5336     55.500     9.9941    10.0169     0.0228    1.48352    1.49162          1     2.9503     2.7729       9.98     0.0159  6.590e-14  1.000e-12  1.517e+03    12.4325    12.4983     0.0658     9.3913     9.4396     54.990     56.188      0.277    1463.37    1463.54  0.000e+00
       5380     56.000     9.9911     9.9847    -0.0064    1.49712    1.50134          1     2.8922     2.7245       9.98     0.0159  6.587e-14  1.000e-12  1.518e+03    12.5570    12.5977     0.0406     9.4884     9.5207     55.486     56.692      0.262    1463.52    1463.54  0.000e+00
