ctdpy/exports/archive_20191121_122431/received_data/SBE09_1044_20180129_0445_34_02_0029.cnv
* Sea-Bird SBE 9 Data File:
* FileName = C:\ctd\temp\2018\ME18D029.hex
* Software Version Seasave V 7.26.6.26
* Temperature SN = 5351
* Conductivity SN = 3941
* Number of Bytes Per Scan = 41
* Number of Voltage Words = 4
* Number of Scans Averaged by the Deck Unit = 1
* NMEA Latitude = 57 33.02 N
* NMEA Longitude = 020 09.69 E
* NMEA UTC (Time) = Jan 29 2018  04:45:40
* NMEA baud rate = 4800
** Station:  BY19
** Operator:  JKro
** Ship: MERI
** Average sound velocity: 1442.68 m/s
** True-depth calculation Mon, 29 Jan 2018 05:59:01 +0000
** CTD Python Module SMHI /ver 3-12/ feb 2012 
** LIMS Job: 20183402-0029
** Cruise: SMHI-01-2018
** Latitude [GG MM.mm N] :
** Longitude [GG MM.mm E]:
# nquan = 26
# nvalues = 307                         
# units = specified
# name 0 = scan: Scan Count
# name 1 = prDM: Pressure, Digiquartz [db]
# name 2 = t090C: Temperature [ITS-90, deg C]
# name 3 = t190C: Temperature, 2 [ITS-90, deg C]
# name 4 = T2-T190C: Temperature Difference, 2 - 1 [ITS-90, deg C]
# name 5 = c0S/m: Conductivity [S/m]
# name 6 = c1S/m: Conductivity, 2 [S/m]
# name 7 = pumps: Pump Status
# name 8 = sbeox0ML/L: Oxygen, SBE 43 [ml/l]
# name 9 = sbeox1ML/L: Oxygen, SBE 43, 2 [ml/l]
# name 10 = altM: Altimeter [m]
# name 11 = flECO-AFL: Chl-a Fluorescence, WET Labs ECO-AFL/FL [mg/m^3]
# name 12 = flECO-AFL1: Phycocyanin Fluorescence, WET Labs ECO-AFL/FL, 2 [mg/m^3]
# name 13 = par: PAR/Irradiance, Biospherical/Lico [µE/(cm^2*s)]
# name 14 = turbWETntu0: Turbidity, WET Labs ECO [NTU]
# name 15 = sal00: Salinity, Practical [PSU]
# name 16 = sal11: Salinity, Practical, 2 [PSU]
# name 17 = secS-priS: Salinity, Practical, Difference, 2 - 1 [PSU]
# name 18 = sigma-t00: Density [sigma-t, Kg/m^3 ]
# name 19 = sigma-t11: Density, 2 [sigma-t, Kg/m^3 ]
# name 20 = depSM: Depth [salt water, m], lat = 57.5503
# name 21 = depFM: Depth [true depth, m], lat = 57.5503
# name 22 = dz/dtM: Descent Rate [m/s], WS = 2
# name 23 = svCM: Sound Velocity [Chen-Millero, m/s]
# name 24 = svCM1: Sound Velocity, 2 [Chen-Millero, m/s]
# name 25 = flag: flag
# span 0 =      16932,      28347       
# span 1 =      1.500,    154.500       
# span 2 =     4.7756,     6.8803       
# span 3 =     4.7762,     6.8804       
# span 4 =    -0.0333,     0.0778       
# span 5 =   0.797334,   1.437936       
# span 6 =   0.797321,   1.437751       
# span 7 =          1,          1       
# span 8 =    0.00951,    8.03503       
# span 9 =    0.02964,    7.98304       
# span 10 =       4.08,      99.24      
# span 11 =     0.2481,     0.4452      
# span 12 =     0.1589,     0.3186      
# span 13 = -8.950e-06, 1.1058e-01      
# span 14 =     0.0944,     1.1247      
# span 15 =     7.3986,    13.1046      
# span 16 =     7.3984,    13.1028      
# span 17 =    -0.1730,     0.1349      
# span 18 =     5.8570,    10.2306      
# span 19 =     5.8568,    10.2291      
# span 20 =      1.486,    153.017      
# span 21 =      1.519,    156.169      
# span 22 =     -0.156,      1.404      
# span 23 =    1434.79,    1453.37      
# span 24 =    1434.79,    1453.37      
# span 25 = 0.0000e+00, 0.0000e+00      
# interval = decibars: 0.5              
# start_time = Jan 29 2018 04:45:40 [NMEA time, first data scan]
# bad_flag = -9.990e-29
*END*
      16932      1.500     4.8232     4.8119    -0.0113    0.79835    0.79805          1     8.0197     7.9594      98.71     0.4093     0.2977  1.106e-01  0.1202000     7.3995     7.3990    -0.0005     5.8570     5.8571      1.486      1.519      0.305    1434.94    1434.89  0.000e+00
      16955      2.000     4.8203     4.8311     0.0106    0.79829    0.79855          1     8.0201     7.9558      98.71     0.4146     0.2817  4.676e-02  0.1276000     7.3995     7.3996     0.0001     5.8572     5.8568      1.982      2.025      0.678    1434.94    1434.98  0.000e+00
      16970      2.500     4.8176     4.8102    -0.0073    0.79820    0.79801          1     8.0307     7.9684      98.71     0.3997     0.2655  2.061e-02  0.1191000     7.3992     7.3989    -0.0003     5.8570     5.8570      2.477      2.532      0.594    1434.93    1434.90  0.000e+00
      17013      3.000     4.8047     4.8129     0.0081    0.79794    0.79808          1     8.0244     7.9554      98.71     0.4245     0.2642  2.288e-02  0.1107000     7.3993     7.3990    -0.0004     5.8576     5.8570      2.972      3.038      0.396    1434.88    1434.92  0.000e+00
      17037      3.500     4.7854     4.7830    -0.0022    0.79744    0.79737          1     8.0268     7.9556      98.71     0.4207     0.2708  1.109e-02  0.1183000     7.3986     7.3984    -0.0002     5.8577     5.8577      3.468      3.544      0.799    1434.81    1434.79  0.000e+00
      17049      4.000     4.7803     4.7807     0.0005    0.79733    0.79732          1     8.0243     7.9593      98.71     0.4079     0.2490  3.449e-02  0.1232000     7.3986     7.3984    -0.0002     5.8579     5.8577      3.963      4.050      0.854    1434.79    1434.79  0.000e+00
      17065      4.500     4.7801     4.7806     0.0006    0.79734    0.79732          1     8.0236     7.9661      98.71     0.4028     0.2597  2.135e-02  0.1202000     7.3987     7.3984    -0.0003     5.8580     5.8577      4.458      4.557      0.635    1434.80    1434.80  0.000e+00
      17124      5.000     4.8016     4.7994    -0.0022    0.79788    0.79779          1     8.0331     7.9593      98.71     0.4029     0.2983  9.528e-03  0.1095000     7.3992     7.3988    -0.0005     5.8576     5.8573      4.954      5.063      0.318    1434.90    1434.89  0.000e+00
      17166      5.500     4.7845     4.7887     0.0042    0.79746    0.79753          1     8.0322     7.9556      98.71     0.4069     0.3020  6.104e-04  0.1057000     7.3988     7.3985    -0.0003     5.8579     5.8575      5.449      5.569      0.604    1434.83    1434.85  0.000e+00
      17183      6.000     4.7817     4.7821     0.0003    0.79741    0.79738          1     8.0312     7.9675      98.71     0.3988     0.2770 -8.950e-06  0.1112000     7.3988     7.3984    -0.0003     5.8580     5.8577      5.945      6.076      0.694    1434.83    1434.83  0.000e+00
      17200      6.500     4.7827     4.7825    -0.0002    0.79744    0.79740          1     8.0299     7.9727      98.71     0.3721     0.2694  1.000e-12  0.1298000     7.3988     7.3985    -0.0003     5.8580     5.8577      6.440      6.582      0.644    1434.84    1434.84  0.000e+00
      17222      7.000     4.7823     4.7833     0.0010    0.79744    0.79743          1     8.0310     7.9684      98.71     0.3939     0.2713  1.000e-12  0.1154000     7.3989     7.3985    -0.0003     5.8580     5.8577      6.935      7.088      0.437    1434.85    1434.85  0.000e+00
      17284      7.500     4.7850     4.7850    -0.0000    0.79753    0.79749          1     8.0331     7.9600      98.71     0.4053     0.2997  1.000e-12  0.1240000     7.3990     7.3986    -0.0004     5.8581     5.8578      7.431      7.595      0.263    1434.87    1434.87  0.000e+00
      17326      8.000     4.7848     4.7831    -0.0017    0.79752    0.79745          1     8.0244     7.9496      98.71     0.3865     0.2653  1.000e-12  0.1084000     7.3990     7.3986    -0.0004     5.8581     5.8578      7.926      8.101      0.523    1434.88    1434.87  0.000e+00
      17345      8.500     4.7832     4.7830    -0.0001    0.79750    0.79746          1     8.0252     7.9536      98.71     0.3675     0.3186  1.000e-12  0.1055000     7.3990     7.3986    -0.0004     5.8581     5.8578      8.421      8.607      0.674    1434.87    1434.88  0.000e+00
      17361      9.000     4.7843     4.7837    -0.0006    0.79753    0.79748          1     8.0308     7.9570      98.71     0.3687     0.2727  1.000e-12  0.1104000     7.3990     7.3987    -0.0003     5.8581     5.8578      8.917      9.113      0.693    1434.89    1434.88  0.000e+00
      17379      9.500     4.7839     4.7841     0.0002    0.79753    0.79749          1     8.0318     7.9567      98.71     0.3969     0.2381  1.000e-12  0.1242000     7.3990     7.3986    -0.0004     5.8581     5.8578      9.412      9.620      0.551    1434.89    1434.90  0.000e+00
      17428     10.000     4.7839     4.7844     0.0005    0.79754    0.79751          1     8.0305     7.9610      98.71     0.4149     0.2599  1.000e-12  0.1152000     7.3991     7.3987    -0.0004     5.8582     5.8578      9.907     10.126      0.293    1434.90    1434.90  0.000e+00
      17477     10.500     4.7833     4.7837     0.0004    0.79753    0.79751          1     8.0176     7.9646      98.71     0.4229     0.2756  1.000e-12  0.1273000     7.3991     7.3987    -0.0003     5.8581     5.8579     10.403     10.632      0.576    1434.91    1434.91  0.000e+00
      17492     11.000     4.7834     4.7839     0.0004    0.79754    0.79752          1     8.0071     7.9650      98.71     0.4109     0.2883  1.000e-12  0.1303000     7.3991     7.3987    -0.0004     5.8582     5.8579     10.898     11.139      0.804    1434.92    1434.92  0.000e+00
      17505     11.500     4.7831     4.7838     0.0007    0.79754    0.79752          1     7.9993     7.9543      98.71     0.3962     0.3025  1.000e-12  0.1286000     7.3990     7.3987    -0.0004     5.8581     5.8578     11.394     11.645      0.864    1434.92    1434.92  0.000e+00
      17519     12.000     4.7834     4.7838     0.0003    0.79755    0.79752          1     8.0016     7.9610      98.71     0.3995     0.2747  1.000e-12  0.1203000     7.3991     7.3987    -0.0004     5.8581     5.8578     11.889     12.151      0.760    1434.93    1434.93  0.000e+00
      17557     12.500     4.7836     4.7841     0.0004    0.79757    0.79754          1     8.0164     7.9690      98.71     0.3952     0.2779  1.000e-12  0.1116000     7.3991     7.3987    -0.0004     5.8582     5.8579     12.384     12.658      0.424    1434.94    1434.94  0.000e+00
      17636     13.000     4.7838     4.7848     0.0010    0.79758    0.79757          1     8.0228     7.9735      98.71     0.4342     0.2722  1.000e-12  0.1127000     7.3991     7.3988    -0.0003     5.8582     5.8579     12.880     13.164      0.628    1434.95    1434.95  0.000e+00
      17648     13.500     4.7830     4.7838     0.0008    0.79757    0.79755          1     8.0203     7.9744      98.71     0.4251     0.2909  1.000e-12  0.1112000     7.3991     7.3987    -0.0004     5.8582     5.8579     13.375     13.670      0.853    1434.95    1434.96  0.000e+00
      17660     14.000     4.7829     4.7837     0.0008    0.79758    0.79755          1     8.0159     7.9719      98.71     0.4191     0.3018  1.000e-12  0.1112000     7.3991     7.3987    -0.0004     5.8582     5.8579     13.870     14.176      0.947    1434.96    1434.96  0.000e+00
      17672     14.500     4.7831     4.7837     0.0006    0.79759    0.79756          1     8.0120     7.9727      98.71     0.4070     0.2978  1.000e-12  0.1094000     7.3991     7.3988    -0.0004     5.8582     5.8579     14.366     14.683      0.943    1434.97    1434.97  0.000e+00
      17685     15.000     4.7832     4.7838     0.0006    0.79760    0.79757          1     8.0128     7.9797      98.72     0.3983     0.2897  1.000e-12  0.1057000     7.3992     7.3988    -0.0004     5.8583     5.8579     14.861     15.189      0.810    1434.98    1434.98  0.000e+00
      17719     15.500     4.7833     4.7839     0.0006    0.79760    0.79758          1     8.0252     7.9779      98.71     0.4137     0.2870  1.000e-12  0.1221000     7.3991     7.3987    -0.0004     5.8582     5.8579     15.356     15.695      0.480    1434.99    1434.99  0.000e+00
      17802     16.000     4.7837     4.7843     0.0007    0.79761    0.79760          1     8.0137     7.9679      98.72     0.4252     0.2727  1.000e-12  0.1171000     7.3991     7.3988    -0.0003     5.8582     5.8579     15.852     16.202      0.722    1435.00    1435.00  0.000e+00
      17816     16.500     4.7828     4.7835     0.0007    0.79761    0.79758          1     8.0171     7.9680      98.72     0.4328     0.2415  1.000e-12  0.1164000     7.3992     7.3988    -0.0004     5.8583     5.8579     16.347     16.708      0.806    1435.00    1435.00  0.000e+00
      17831     17.000     4.7832     4.7838     0.0006    0.79762    0.79760          1     8.0193     7.9622      98.72     0.4224     0.2579  1.000e-12  0.1230000     7.3991     7.3988    -0.0004     5.8582     5.8579     16.842     17.214      0.741    1435.01    1435.01  0.000e+00
      17850     17.500     4.7830     4.7837     0.0006    0.79763    0.79760          1     8.0275     7.9585      98.71     0.4095     0.2647  1.000e-12  0.1259000     7.3992     7.3987    -0.0004     5.8582     5.8579     17.338     17.721      0.509    1435.02    1435.02  0.000e+00
      17888     18.000     4.7826     4.7833     0.0007    0.79762    0.79760          1     8.0293     7.9544      98.71     0.3981     0.2541  1.000e-12  0.1223000     7.3991     7.3988    -0.0004     5.8582     5.8579     17.833     18.227      0.277    1435.02    1435.03  0.000e+00
      17924     18.500     4.7830     4.7840     0.0010    0.79764    0.79763          1     8.0280     7.9658      98.71     0.4052     0.2613  1.000e-12  0.1219000     7.3991     7.3988    -0.0003     5.8582     5.8579     18.328     18.733      0.418    1435.03    1435.04  0.000e+00
      17950     19.000     4.7833     4.7843     0.0010    0.79765    0.79764          1     8.0314     7.9725      98.71     0.4108     0.2294  1.000e-12  0.1190000     7.3992     7.3988    -0.0004     5.8582     5.8579     18.824     19.240      0.463    1435.04    1435.05  0.000e+00
      17978     19.500     4.7837     4.7843     0.0007    0.79767    0.79764          1     8.0274     7.9822      98.71     0.4084     0.2436  1.000e-12  0.1234000     7.3992     7.3988    -0.0004     5.8582     5.8579     19.319     19.746      0.385    1435.05    1435.05  0.000e+00
      18015     20.000     4.7850     4.7855     0.0006    0.79770    0.79767          1     8.0214     7.9813      98.71     0.4046     0.2610  1.000e-12  0.1250000     7.3991     7.3987    -0.0004     5.8582     5.8578     19.814     20.252      0.309    1435.06    1435.07  0.000e+00
      18051     20.500     4.7850     4.7855     0.0005    0.79771    0.79768          1     8.0165     7.9662      98.71     0.3989     0.2788  1.000e-12  0.1103000     7.3991     7.3987    -0.0004     5.8581     5.8578     20.310     20.758      0.400    1435.07    1435.07  0.000e+00
      18077     21.000     4.7849     4.7854     0.0004    0.79771    0.79768          1     8.0180     7.9670      98.71     0.4044     0.2430  1.000e-12  0.1161000     7.3991     7.3987    -0.0004     5.8581     5.8578     20.805     21.265      0.477    1435.08    1435.08  0.000e+00
      18102     21.500     4.7850     4.7852     0.0003    0.79771    0.79768          1     8.0214     7.9714      98.71     0.4109     0.2803  1.000e-12  0.1136000     7.3990     7.3987    -0.0004     5.8581     5.8578     21.300     21.771      0.489    1435.09    1435.09  0.000e+00
      18127     22.000     4.7848     4.7855     0.0007    0.79772    0.79770          1     8.0210     7.9718      98.71     0.4122     0.2664  1.000e-12  0.1135000     7.3990     7.3987    -0.0003     5.8581     5.8578     21.796     22.277      0.449    1435.10    1435.10  0.000e+00
      18156     22.500     4.7847     4.7854     0.0008    0.79772    0.79770          1     8.0226     7.9776      98.71     0.4027     0.2333  1.000e-12  0.1278000     7.3990     7.3987    -0.0003     5.8581     5.8578     22.291     22.784      0.381    1435.10    1435.11  0.000e+00
      18188     23.000     4.7844     4.7852     0.0008    0.79772    0.79770          1     8.0210     7.9711      98.71     0.4157     0.2729  1.000e-12  0.1301000     7.3990     7.3987    -0.0004     5.8581     5.8578     22.786     23.290      0.387    1435.11    1435.11  0.000e+00
      18218     23.500     4.7844     4.7851     0.0007    0.79773    0.79771          1     8.0154     7.9632      98.71     0.4089     0.2841  1.000e-12  0.1239000     7.3990     7.3987    -0.0003     5.8581     5.8578     23.282     23.796      0.391    1435.12    1435.12  0.000e+00
      18257     24.000     4.7849     4.7855     0.0006    0.79775    0.79772          1     8.0267     7.9630      98.72     0.4081     0.2597  1.000e-12  0.1213000     7.3991     7.3987    -0.0004     5.8581     5.8578     23.777     24.303      0.253    1435.13    1435.13  0.000e+00
      18304     24.500     4.7835     4.7841     0.0007    0.79772    0.79770          1     8.0308     7.9641      98.72     0.4175     0.2380  1.000e-12  0.1393000     7.3991     7.3987    -0.0004     5.8582     5.8578     24.272     24.809      0.463    1435.13    1435.13  0.000e+00
      18322     25.000     4.7792     4.7801     0.0009    0.79764    0.79763          1     8.0270     7.9697      98.72     0.3962     0.2544  1.000e-12  0.1173000     7.3992     7.3988    -0.0003     5.8584     5.8581     24.768     25.315      0.757    1435.12    1435.12  0.000e+00
      18336     25.500     4.7774     4.7777     0.0003    0.79761    0.79758          1     8.0247     7.9718      98.72     0.3807     0.2286  1.000e-12  0.1240000     7.3992     7.3988    -0.0004     5.8585     5.8582     25.263     25.821      0.884    1435.12    1435.12  0.000e+00
      18349     26.000     4.7774     4.7779     0.0005    0.79762    0.79759          1     8.0261     7.9755      98.72     0.3723     0.2278  1.000e-12  0.1305000     7.3993     7.3988    -0.0004     5.8585     5.8582     25.758     26.328      0.882    1435.13    1435.13  0.000e+00
      18363     26.500     4.7769     4.7773     0.0004    0.79762    0.79759          1     8.0276     7.9830      98.72     0.3947     0.2280  1.000e-12  0.1264000     7.3993     7.3989    -0.0004     5.8585     5.8582     26.254     26.834      0.731    1435.13    1435.13  0.000e+00
      18410     27.000     4.7772     4.7782     0.0010    0.79763    0.79761          1     8.0233     7.9726      98.72     0.4111     0.2362  1.000e-12  0.1230000     7.3993     7.3989    -0.0004     5.8585     5.8582     26.749     27.340      0.536    1435.14    1435.15  0.000e+00
      18491     27.500     4.7783     4.7797     0.0014    0.79767    0.79766          1     8.0087     7.9529      98.73     0.4187     0.2644  1.000e-12  0.1175000     7.3993     7.3989    -0.0004     5.8585     5.8582     27.244     27.847      1.148    1435.15    1435.16  0.000e+00
      18502     28.000     4.7775     4.7782     0.0007    0.79765    0.79764          1     8.0122     7.9534      98.72     0.4190     0.2573  1.000e-12  0.1196000     7.3993     7.3990    -0.0003     5.8585     5.8583     27.740     28.353      1.303    1435.16    1435.16  0.000e+00
      18511     28.500     4.7781     4.7778    -0.0003    0.79768    0.79763          1     8.0169     7.9579      98.72     0.4204     0.2657  1.000e-12  0.1135000     7.3993     7.3989    -0.0004     5.8585     5.8582     28.235     28.859      1.352    1435.17    1435.17  0.000e+00
