ctdpy/exports/archive_20191121_122431/received_data/SBE09_0827_20180227_0602_26_01_0321.cnv
* Sea-Bird SBE 9 Data File:
* FileName = D:\CTD_SBE911\DAT\26DA.2018.3.21.hex
* Software Version Seasave V 7.21d
* Temperature SN = 034757
* Conductivity SN = 041844
* Number of Bytes Per Scan = 48
* Number of Voltage Words = 5
* Number of Scans Averaged by the Deck Unit = 1
* NMEA Latitude = 56 11.75 N
* NMEA Longitude = 019 25.18 E
* NMEA UTC (Time) = Feb 27 2018  06:02:25
* NMEA baud rate = 4800
** Ship: DANA
** Average sound velocity: 1435.51 m/s
** True-depth calculation Tue, 02 Apr 2019 12:03:44 +0000
** CTD Python Module SMHI /ver 3-12/ feb 2012 
** LIMS Job: 20182601-0321
** Operator:
** Cruise: 02/2018
# nquan = 26
# nvalues = 205                         
# units = specified
# name 0 = scan: Scan Count
# name 1 = prDM: Pressure, Digiquartz [db]
# name 2 = t090C: Temperature [ITS-90, deg C]
# name 3 = t190C: Temperature, 2 [ITS-90, deg C]
# name 4 = T2-T190C: Temperature Difference, 2 - 1 [ITS-90, deg C]
# name 5 = c0S/m: Conductivity [S/m]
# name 6 = c1S/m: Conductivity, 2 [S/m]
# name 7 = pumps: Pump Status
# name 8 = sbeox1ML/L: Oxygen, SBE 43, 2 [ml/l]
# name 9 = sbeox0ML/L: Oxygen, SBE 43 [ml/l]
# name 10 = altM: Altimeter [m]
# name 11 = chloroflTC0: Chlorophyll, Turner Cyclops [ug/l]
# name 12 = cpar: CPAR/Corrected Irradiance [%]
# name 13 = par: PAR/Irradiance, Biospherical/Lico [µE/(cm^2*s)]
# name 14 = spar: SPAR, Biospherical/Licor
# name 15 = sal00: Salinity, Practical [PSU]
# name 16 = sal11: Salinity, Practical, 2 [PSU]
# name 17 = secS-priS: Salinity, Practical, Difference, 2 - 1 [PSU]
# name 18 = sigma-t00: Density [sigma-t, kg/m^3 ]
# name 19 = sigma-t11: Density, 2 [sigma-t, kg/m^3 ]
# name 20 = depSM: Depth [salt water, m], lat = 56.1958
# name 21 = depFM: Depth [true depth, m], lat = 56.1958
# name 22 = dz/dtM: Descent Rate [m/s], WS = 2
# name 23 = svCM: Sound Velocity [Chen-Millero, m/s]
# name 24 = svCM1: Sound Velocity, 2 [Chen-Millero, m/s]
# name 25 = flag: flag
# span 0 =        -22,      11032       
# span 1 =      1.500,    103.500       
# span 2 =     3.2526,     6.3919       
# span 3 =     3.2495,     6.3952       
# span 4 =    -0.0070,     0.2074       
# span 5 =   0.764197,   1.234929       
# span 6 =   0.762167,   1.234936       
# span 7 =          1,          1       
# span 8 =     0.1835,     8.4231       
# span 9 =     0.2604,     8.3825       
# span 10 =      -1.09,       9.95      
# span 11 =     0.0110,     0.0167      
# span 12 = 4.4764e-12, 7.9600e+00      
# span 13 = 1.0000e-12, 1.7782e+00      
# span 14 = 1.7954e+01, 2.2339e+01      
# span 15 =     7.4068,    11.2822      
# span 16 =     7.3859,    11.2812      
# span 17 =    -0.0212,     0.1453      
# span 18 =     5.9021,     8.8363      
# span 19 =     5.8856,     8.8353      
# span 20 =      1.486,    102.531      
# span 21 =      1.519,    104.698      
# span 22 =      0.004,      0.824      
# span 23 =    1427.90,    1448.23      
# span 24 =    1427.87,    1448.25      
# span 25 = 0.0000e+00, 0.0000e+00      
# interval = decibars: 0.5              
# start_time = Feb 27 2018 06:02:25 [NMEA time, first data scan]
# bad_flag = -9.990e-29
*END*
[from data line 56]
       3105     29.500     3.2654     3.2626    -0.0028    0.76481    0.76409          1     8.4025     8.3672       9.95     0.0110  4.476e-12  1.000e-12  2.234e+01     7.4070     7.4002    -0.0068     5.9022     5.8968     29.229     29.871      0.427    1428.39    1428.37  0.000e+00
       3133     30.000     3.2634     3.2616    -0.0018    0.76476    0.76407          1     8.4086     8.3736       9.95     0.0117  4.476e-12  1.000e-12  2.234e+01     7.4069     7.4001    -0.0068     5.9022     5.8968     29.724     30.377      0.378    1428.39    1428.37  0.000e+00
       3176     30.500     3.2633     3.2628    -0.0005    0.76476    0.76409          1     8.4150     8.3825       9.95     0.0122  4.476e-12  1.000e-12  2.234e+01     7.4069     7.4000    -0.0069     5.9022     5.8967     30.220     30.883      0.223    1428.40    1428.39  0.000e+00
       3237     31.000     3.2633     3.2632    -0.0001    0.76477    0.76411          1     8.4159     8.3695       9.95     0.0122  4.476e-12  1.000e-12  2.234e+01     7.4069     7.4001    -0.0068     5.9022     5.8967     30.715     31.389      0.225    1428.40    1428.39  0.000e+00
       3281     31.500     3.2638     3.2639     0.0001    0.76479    0.76413          1     8.4123     8.3763       9.95     0.0115  4.476e-12  1.000e-12  2.234e+01     7.4069     7.4000    -0.0069     5.9022     5.8967     31.210     31.896      0.335    1428.41    1428.40  0.000e+00
       3325     32.000     3.2642     3.2634    -0.0008    0.76480    0.76413          1     8.4096     8.3730       9.95     0.0115  4.476e-12  1.000e-12  2.234e+01     7.4069     7.4001    -0.0068     5.9021     5.8968     31.706     32.402      0.253    1428.42    1428.41  0.000e+00
       3403     32.500     3.2645     3.2633    -0.0012    0.76482    0.76414          1     8.4231     8.3745       9.95     0.0122  4.476e-12  1.000e-12  2.234e+01     7.4069     7.4001    -0.0067     5.9021     5.8968     32.201     32.908      0.385    1428.43    1428.42  0.000e+00
       3426     33.000     3.2649     3.2641    -0.0007    0.76484    0.76416          1     8.4231     8.3734       9.95     0.0122  4.476e-12  1.000e-12  2.234e+01     7.4069     7.4001    -0.0068     5.9022     5.8968     32.697     33.415      0.470    1428.44    1428.43  0.000e+00
       3455     33.500     3.2657     3.2643    -0.0014    0.76487    0.76418          1     8.4138     8.3686       9.95     0.0118  4.476e-12  1.000e-12  2.234e+01     7.4070     7.4002    -0.0068     5.9022     5.8968     33.192     33.921      0.341    1428.45    1428.44  0.000e+00
       3506     34.000     3.2661     3.2640    -0.0021    0.76487    0.76418          1     8.4170     8.3688       9.95     0.0119  4.476e-12  1.000e-12  2.234e+01     7.4069     7.4002    -0.0068     5.9022     5.8968     33.687     34.427      0.261    1428.46    1428.45  0.000e+00
       3542     34.500     3.2651     3.2635    -0.0015    0.76485    0.76417          1     8.4120     8.3703       9.95     0.0122  4.476e-12  1.000e-12  2.234e+01     7.4069     7.4001    -0.0067     5.9021     5.8968     34.183     34.933      0.402    1428.47    1428.45  0.000e+00
       3602     35.000     3.2647     3.2639    -0.0008    0.76485    0.76419          1     8.4124     8.3628       9.95     0.0122  4.476e-12  1.000e-12  2.234e+01     7.4068     7.4001    -0.0067     5.9021     5.8968     34.678     35.440      0.273    1428.47    1428.46  0.000e+00
       3665     35.500     3.2651     3.2642    -0.0009    0.76487    0.76420          1     8.4051     8.3696       9.95     0.0121  4.476e-12  1.000e-12  2.234e+01     7.4069     7.4001    -0.0068     5.9021     5.8967     35.173     35.946      0.423    1428.48    1428.47  0.000e+00
       3694     36.000     3.2652     3.2649    -0.0003    0.76488    0.76422          1     8.4121     8.3811       9.95     0.0122  4.476e-12  1.000e-12  2.234e+01     7.4069     7.4001    -0.0068     5.9021     5.8967     35.669     36.452      0.349    1428.49    1428.48  0.000e+00
       3740     36.500     3.2654     3.2656     0.0002    0.76489    0.76424          1     8.4150     8.3683       9.95     0.0121  4.476e-12  1.000e-12  2.234e+01     7.4069     7.4001    -0.0068     5.9022     5.8967     36.164     36.958      0.239    1428.50    1428.49  0.000e+00
       3783     37.000     3.2662     3.2656    -0.0006    0.76492    0.76426          1     8.4055     8.3584       9.95     0.0114  4.476e-12  1.000e-12  2.234e+01     7.4070     7.4002    -0.0068     5.9022     5.8968     36.659     37.465      0.308    1428.51    1428.50  0.000e+00
       3824     37.500     3.2666     3.2653    -0.0012    0.76494    0.76426          1     8.4061     8.3605       9.95     0.0122  4.476e-12  1.000e-12  2.234e+01     7.4070     7.4002    -0.0067     5.9022     5.8968     37.155     37.971      0.284    1428.52    1428.51  0.000e+00
       3863     38.000     3.2664     3.2659    -0.0005    0.76494    0.76428          1     8.4164     8.3617       9.95     0.0112  4.476e-12  1.000e-12  2.234e+01     7.4070     7.4002    -0.0067     5.9022     5.8968     37.650     38.477      0.362    1428.53    1428.52  0.000e+00
       3909     38.500     3.2673     3.2672    -0.0001    0.76497    0.76433          1     8.4200     8.3673       9.95     0.0117  4.476e-12  1.000e-12  2.234e+01     7.4071     7.4004    -0.0067     5.9022     5.8969     38.145     38.984      0.288    1428.54    1428.53  0.000e+00
       4000     39.000     3.2682     3.2679    -0.0003    0.76501    0.76435          1     8.4046     8.3642       9.95     0.0122  4.476e-12  1.000e-12  2.234e+01     7.4071     7.4004    -0.0067     5.9023     5.8969     38.641     39.490      0.414    1428.55    1428.54  0.000e+00
       4021     39.500     3.2698     3.2702     0.0004    0.76506    0.76441          1     8.4068     8.3682       9.95     0.0118  4.476e-12  1.000e-12  2.234e+01     7.4072     7.4004    -0.0068     5.9024     5.8969     39.136     39.996      0.490    1428.57    1428.56  0.000e+00
       4050     40.000     3.2703     3.2669    -0.0034    0.76507    0.76435          1     8.4010     8.3737       9.95     0.0120  4.476e-12  1.000e-12  2.234e+01     7.4072     7.4005    -0.0067     5.9023     5.8970     39.631     40.502      0.338    1428.58    1428.55  0.000e+00
       4096     40.500     3.2695     3.2700     0.0005    0.76506    0.76441          1     8.4034     8.3770       9.95     0.0126  4.476e-12  1.000e-12  2.234e+01     7.4072     7.4003    -0.0069     5.9023     5.8968     40.127     41.009      0.264    1428.58    1428.57  0.000e+00
       4133     41.000     3.2691     3.2720     0.0029    0.76506    0.76448          1     8.4063     8.3792       9.95     0.0128  4.476e-12  1.000e-12  2.234e+01     7.4071     7.4005    -0.0067     5.9023     5.8969     40.622     41.515      0.329    1428.59    1428.59  0.000e+00
       4177     41.500     3.2715     3.2746     0.0030    0.76513    0.76455          1     8.4131     8.3659       9.95     0.0121  4.476e-12  1.000e-12  2.234e+01     7.4073     7.4006    -0.0067     5.9024     5.8970     41.118     42.021      0.237    1428.61    1428.61  0.000e+00
       4228     42.000     3.2739     3.2745     0.0006    0.76520    0.76457          1     8.4165     8.3555       9.95     0.0119  4.476e-12  1.000e-12  2.234e+01     7.4074     7.4007    -0.0067     5.9024     5.8971     41.613     42.528      0.224    1428.63    1428.62  0.000e+00
       4307     42.500     3.2742     3.2737    -0.0006    0.76521    0.76455          1     8.4016     8.3810       9.95     0.0121  4.476e-12  1.000e-12  2.234e+01     7.4074     7.4007    -0.0067     5.9024     5.8971     42.108     43.034      0.288    1428.63    1428.62  0.000e+00
       4340     43.000     3.2740     3.2709    -0.0031    0.76521    0.76449          1     8.3988     8.3696       9.95     0.0118  4.476e-12  1.000e-12  2.234e+01     7.4073     7.4006    -0.0067     5.9023     5.8970     42.604     43.540      0.404    1428.64    1428.62  0.000e+00
       4375     43.500     3.2724     3.2685    -0.0039    0.76517    0.76443          1     8.4096     8.3673       9.95     0.0119  4.476e-12  1.000e-12  2.234e+01     7.4072     7.4004    -0.0068     5.9023     5.8969     43.099     44.046      0.286    1428.64    1428.62  0.000e+00
       4421     44.000     3.2695     3.2643    -0.0052    0.76510    0.76431          1     8.4081     8.3702       9.95     0.0118  4.476e-12  1.000e-12  2.234e+01     7.4071     7.4001    -0.0070     5.9022     5.8967     43.594     44.553      0.304    1428.64    1428.60  0.000e+00
       4456     44.500     3.2665     3.2639    -0.0025    0.76501    0.76432          1     8.3995     8.3607       9.95     0.0121  4.476e-12  1.000e-12  2.234e+01     7.4068     7.4002    -0.0067     5.9021     5.8968     44.090     45.059      0.335    1428.63    1428.61  0.000e+00
       4499     45.000     3.2664     3.2676     0.0012    0.76502    0.76440          1     8.4114     8.3681       9.95     0.0119  4.484e-12  1.000e-12  2.230e+01     7.4068     7.4001    -0.0068     5.9021     5.8967     44.585     45.565      0.230    1428.64    1428.64  0.000e+00
       4571     45.500     3.2693     3.2720     0.0026    0.76511    0.76453          1     8.4108     8.3692       9.95     0.0120  4.477e-12  1.000e-12  2.234e+01     7.4070     7.4004    -0.0066     5.9022     5.8969     45.080     46.072      0.185    1428.66    1428.66  0.000e+00
       4633     46.000     3.2712     3.2722     0.0010    0.76516    0.76453          1     8.4048     8.3698       9.95     0.0118  4.476e-12  1.000e-12  2.234e+01     7.4071     7.4003    -0.0068     5.9022     5.8968     45.576     46.578      0.382    1428.67    1428.67  0.000e+00
       4658     46.500     3.2729     3.2728    -0.0001    0.76522    0.76457          1     8.4043     8.3702       9.95     0.0120  4.493e-12  1.000e-12  2.226e+01     7.4072     7.4005    -0.0067     5.9023     5.8969     46.071     47.084      0.447    1428.69    1428.68  0.000e+00
       4690     47.000     3.2721     3.2677    -0.0044    0.76520    0.76446          1     8.4019     8.3669       9.95     0.0120  4.477e-12  1.000e-12  2.234e+01     7.4071     7.4004    -0.0067     5.9022     5.8969     46.566     47.590      0.307    1428.70    1428.67  0.000e+00
       4751     47.500     3.2713     3.2710    -0.0003    0.76518    0.76453          1     8.3984     8.3687       9.95     0.0120  4.511e-12  1.000e-12  2.218e+01     7.4070     7.4004    -0.0067     5.9022     5.8969     47.062     48.097      0.194    1428.70    1428.69  0.000e+00
       4805     48.000     3.2730     3.2706    -0.0025    0.76523    0.76452          1     8.3928     8.3663       9.95     0.0118  4.508e-12  1.000e-12  2.220e+01     7.4071     7.4003    -0.0068     5.9022     5.8968     47.557     48.603      0.324    1428.72    1428.69  0.000e+00
       4836     48.500     3.2721     3.2726     0.0005    0.76521    0.76458          1     8.3913     8.3626       9.95     0.0122  4.566e-12  1.000e-12  2.193e+01     7.4070     7.4003    -0.0067     5.9022     5.8968     48.052     49.109      0.372    1428.72    1428.71  0.000e+00
       4906     49.000     3.2737     3.2738     0.0001    0.76526    0.76461          1     8.3964     8.3684       9.95     0.0120  4.686e-12  1.000e-12  2.139e+01     7.4071     7.4003    -0.0068     5.9022     5.8968     48.548     49.615      0.273    1428.73    1428.73  0.000e+00
       4961     49.500     3.2752     3.2748    -0.0005    0.76532    0.76466          1     8.3820     8.3764       9.95     0.0120  4.763e-12  1.000e-12  2.104e+01     7.4073     7.4006    -0.0067     5.9023     5.8970     49.043     50.122      0.481    1428.75    1428.74  0.000e+00
       4984     50.000     3.2771     3.2860     0.0089    0.76539    0.76496          1     8.3977     8.3779       9.95     0.0122  4.705e-12  1.000e-12  2.130e+01     7.4076     7.4010    -0.0066     5.9025     5.8972     49.538     50.628      0.418    1428.77    1428.80  0.000e+00
       5041     50.500     3.2860     3.2881     0.0021    0.76570    0.76512          1     8.4068     8.3641       9.95     0.0122  4.680e-12  1.000e-12  2.142e+01     7.4087     7.4021    -0.0066     5.9033     5.8980     50.033     51.134      0.269    1428.82    1428.82  0.000e+00
       5083     51.000     3.2868     3.2892     0.0023    0.76574    0.76511          1     8.4042     8.3660       9.95     0.0122  4.763e-12  1.000e-12  2.104e+01     7.4088     7.4017    -0.0071     5.9033     5.8977     50.529     51.641      0.445    1428.83    1428.83  0.000e+00
       5110     51.500     3.2901     3.2882    -0.0019    0.76585    0.76514          1     8.3948     8.3627       9.95     0.0122  4.775e-12  1.000e-12  2.099e+01     7.4091     7.4022    -0.0069     5.9036     5.8981     51.024     52.147      0.365    1428.85    1428.83  0.000e+00
       5210     52.000     3.2866     3.2849    -0.0017    0.76572    0.76503          1     8.3885     8.3553       9.95     0.0120  4.623e-12  1.000e-12  2.168e+01     7.4086     7.4017    -0.0068     5.9032     5.8977     51.519     52.653      0.288    1428.84    1428.83  0.000e+00
       5245     52.500     3.2847     3.2839    -0.0008    0.76566    0.76501          1     8.3923     8.3644       9.95     0.0122  4.821e-12  1.000e-12  2.077e+01     7.4083     7.4016    -0.0066     5.9030     5.8977     52.015     53.159      0.427    1428.84    1428.83  0.000e+00
       5277     53.000     3.2850     3.2866     0.0016    0.76569    0.76507          1     8.3991     8.3661       9.95     0.0118  4.821e-12  1.000e-12  2.077e+01     7.4084     7.4016    -0.0068     5.9031     5.8977     52.510     53.666      0.279    1428.85    1428.85  0.000e+00
       5345     53.500     3.2938     3.3029     0.0091    0.76601    0.76560          1     8.3906     8.3609       9.95     0.0122  4.714e-12  1.000e-12  2.126e+01     7.4097     7.4033    -0.0064     5.9040     5.8987     53.005     54.172      0.326    1428.90    1428.93  0.000e+00
       5370     54.000     3.3013     3.3003    -0.0010    0.76624    0.76557          1     8.3911     8.3479       9.95     0.0121  4.700e-12  1.000e-12  2.132e+01     7.4103     7.4035    -0.0068     5.9044     5.8990     53.501     54.678      0.479    1428.94    1428.93  0.000e+00
       5398     54.500     3.3019     3.3050     0.0031    0.76628    0.76568          1     8.3954     8.3502       9.95     0.0122  4.852e-12  1.000e-12  2.063e+01     7.4105     7.4035    -0.0069     5.9045     5.8989     53.996     55.185      0.323    1428.95    1428.96  0.000e+00
       5487     55.000     3.3114     3.3122     0.0008    0.76662    0.76595          1     8.3734     8.3369       9.95     0.0122  4.707e-12  1.000e-12  2.129e+01     7.4118     7.4046    -0.0071     5.9054     5.8997     54.491     55.691      0.276    1429.01    1429.00  0.000e+00
       5526     55.500     3.3175     3.3203     0.0029    0.76685    0.76622          1     8.3843     8.3443       9.95     0.0122  4.795e-12  1.000e-12  2.089e+01     7.4127     7.4055    -0.0072     5.9060     5.9003     54.987     56.197      0.353    1429.04    1429.05  0.000e+00
       5564     56.000     3.3410     3.3882     0.0469    0.76788    0.76861          1     8.3845     8.3446       9.95     0.0117  4.842e-12  1.000e-12  2.068e+01     7.4179     7.4146    -0.0033     5.9099     5.9065     55.482     56.703      0.236    1429.17    1429.38  0.000e+00
       5631     56.500     3.3786     3.3859     0.0075    0.76935    0.76882          1     8.3609     8.3004       9.95     0.0122  4.599e-12  1.000e-12  2.178e+01     7.4245     7.4173    -0.0072     5.9145     5.9087     55.977     57.210      0.305    1429.35    1429.38  0.000e+00
