ctdpy/exports/archive_20191121_122431/received_data/SBE09_1044_20181109_2143_34_01_0123.cnv
* Sea-Bird SBE 9 Data File:
* FileName = C:\ctd\temp\ar18d123.hex
* Software Version Seasave V 7.26.7.107
* Temperature SN = 5351
* Conductivity SN = 3941
* Number of Bytes Per Scan = 41
* Number of Voltage Words = 4
* Number of Scans Averaged by the Deck Unit = 1
* NMEA Latitude = 57 18.73 N
* NMEA Longitude = 020 04.55 E
* NMEA UTC (Time) = Nov 09 2018  21:43:38
* NMEA baud rate = 4800
** Station:  BY15-X
** Operator:  A-KTh
** Ship: ARANDA
** Average sound velocity: 1449.38 m/s
** True-depth calculation Sat, 10 Nov 2018 13:06:12 +0000
** CTD Python Module SMHI /ver 3-12/ feb 2012 
** LIMS Job: 20183401-0123
** Cruise: SMHI-6-2018
** Latitude [GG MM.mm N]:
** Longitude [GG MM.mm E]
# nquan = 26
# nvalues = 471                         
# units = specified
# name 0 = scan: Scan Count
# name 1 = prDM: Pressure, Digiquartz [db]
# name 2 = t090C: Temperature [ITS-90, deg C]
# name 3 = t190C: Temperature, 2 [ITS-90, deg C]
# name 4 = T2-T190C: Temperature Difference, 2 - 1 [ITS-90, deg C]
# name 5 = c0S/m: Conductivity [S/m]
# name 6 = c1S/m: Conductivity, 2 [S/m]
# name 7 = pumps: Pump Status
# name 8 = sbeox0ML/L: Oxygen, SBE 43 [ml/l]
# name 9 = sbeox1ML/L: Oxygen, SBE 43, 2 [ml/l]
# name 10 = altM: Altimeter [m]
# name 11 = flECO-AFL: Chl-a Fluorescence, WET Labs ECO-AFL/FL [mg/m^3]
# name 12 = flECO-AFL1: Phycocyanin Fluorescence, WET Labs ECO-AFL/FL, 2 [mg/m^3]
# name 13 = par: PAR/Irradiance, Biospherical/Lico [µE/(cm^2*s)]
# name 14 = turbWETntu0: Turbidity, WET Labs ECO [NTU]
# name 15 = sal00: Salinity, Practical [PSU]
# name 16 = sal11: Salinity, Practical, 2 [PSU]
# name 17 = secS-priS: Salinity, Practical, Difference, 2 - 1 [PSU]
# name 18 = sigma-t00: Density [sigma-t, Kg/m^3 ]
# name 19 = sigma-t11: Density, 2 [sigma-t, Kg/m^3 ]
# name 20 = depSM: Depth [salt water, m], lat = 57.3122
# name 21 = depFM: Depth [true depth, m], lat = 57.3122
# name 22 = dz/dtM: Descent Rate [m/s], WS = 2
# name 23 = svCM: Sound Velocity [Chen-Millero, m/s]
# name 24 = svCM1: Sound Velocity, 2 [Chen-Millero, m/s]
# name 25 = flag: flag
# span 0 =      11696,      23068       
# span 1 =      1.000,    236.000       
# span 2 =     3.4292,     9.2027       
# span 3 =     3.4296,     9.2022       
# span 4 =    -0.0145,     0.0595       
# span 5 =   0.772828,   1.454983       
# span 6 =   0.772764,   1.454992       
# span 7 =          1,          1       
# span 8 =    0.01476,    7.66829       
# span 9 =    0.04654,    7.96903       
# span 10 =       2.69,      99.27      
# span 11 =     0.2058,     0.9905      
# span 12 =     0.1203,     0.4067      
# span 13 = -6.434e-06, 4.7544e-01      
# span 14 =     0.1173,     0.5272      
# span 15 =     7.0033,    13.2489      
# span 16 =     7.0031,    13.2485      
# span 17 =    -0.0075,     0.0004      
# span 18 =     5.2730,    10.3423      
# span 19 =     5.2727,    10.3419      
# span 20 =      0.991,    233.693      
# span 21 =      1.013,    238.369      
# span 22 =      0.005,      0.573      
# span 23 =    1429.74,    1454.94      
# span 24 =    1429.75,    1454.94      
# span 25 = 0.0000e+00, 0.0000e+00      
# interval = decibars: 0.5              
# start_time = Nov 09 2018 21:43:38 [NMEA time, first data scan]
# bad_flag = -9.990e-29
*END*
[from data line 223]
      16922    112.500     6.6120     6.6130     0.0010    1.30216    1.30207          1     0.0283     0.0645      74.34     0.2864     0.2045  1.000e-12  0.1545000    11.8698    11.8685    -0.0012     9.2821     9.2811    111.433    113.834      0.543    1450.04    1450.04  0.000e+00
      16945    113.000     6.6119     6.6130     0.0012    1.30274    1.30277          1     0.0299     0.0664      97.66     0.2695     0.1955  1.000e-12  0.1653000    11.8755    11.8754    -0.0001     9.2866     9.2865    111.929    114.339      0.527    1450.05    1450.06  0.000e+00
      16968    113.500     6.6118     6.6130     0.0012    1.30306    1.30308          1     0.0334     0.0652      97.95     0.2735     0.2481  1.000e-12  0.1670000    11.8786    11.8784    -0.0002     9.2891     9.2888    112.424    114.843      0.505    1450.07    1450.07  0.000e+00
      16992    114.000     6.6121     6.6133     0.0012    1.30331    1.30332          1     0.0320     0.0645      97.97     0.2848     0.2224  1.000e-12  0.1606000    11.8809    11.8806    -0.0003     9.2908     9.2905    112.919    115.348      0.506    1450.08    1450.08  0.000e+00
      17015    114.500     6.6146     6.6156     0.0010    1.30484    1.30479          1     0.0326     0.0673      53.45     0.2809     0.1840  1.000e-12  0.1578000    11.8950    11.8942    -0.0008     9.3017     9.3010    113.414    115.853      0.522    1450.12    1450.12  0.000e+00
      17038    115.000     6.6165     6.6176     0.0011    1.30647    1.30641          1     0.0332     0.0632      72.77     0.2911     0.1778  1.000e-12  0.2063000    11.9102    11.9093    -0.0010     9.3136     9.3128    113.909    116.357      0.535    1450.15    1450.15  0.000e+00
      17060    115.500     6.6170     6.6181     0.0011    1.30883    1.30875          1     0.0330     0.0620      97.27     0.3057     0.1930  1.000e-12  0.2928000    11.9333    11.9322    -0.0011     9.3316     9.3307    114.404    116.862      0.539    1450.19    1450.19  0.000e+00
      17083    116.000     6.6176     6.6187     0.0011    1.31062    1.31058          1     0.0327     0.0642      97.73     0.2762     0.2072  1.000e-12  0.3374000    11.9507    11.9499    -0.0009     9.3453     9.3445    114.899    117.366      0.535    1450.22    1450.22  0.000e+00
      17105    116.500     6.6177     6.6189     0.0011    1.31246    1.31238          1     0.0311     0.0667      97.97     0.2897     0.2073  1.000e-12  0.3093000    11.9687    11.9675    -0.0012     9.3595     9.3584    115.394    117.871      0.523    1450.25    1450.26  0.000e+00
      17129    117.000     6.6176     6.6186     0.0011    1.31435    1.31429          1     0.0297     0.0635      59.19     0.2668     0.2141  1.000e-12  0.3161000    11.9873    11.9863    -0.0009     9.3740     9.3732    115.890    118.375      0.509    1450.28    1450.29  0.000e+00
      17152    117.500     6.6199     6.6207     0.0008    1.31682    1.31673          1     0.0326     0.0624      68.26     0.3020     0.2758  1.000e-12  0.3500000    12.0108    12.0096    -0.0012     9.3923     9.3914    116.385    118.880      0.502    1450.33    1450.33  0.000e+00
      17176    118.000     6.6247     6.6257     0.0011    1.31959    1.31952          1     0.0320     0.0656      92.87     0.3113     0.2753  1.000e-12  0.4529000    12.0364    12.0353    -0.0010     9.4120     9.4111    116.880    119.384      0.517    1450.39    1450.39  0.000e+00
      17199    118.500     6.6263     6.6273     0.0010    1.32135    1.32130          1     0.0331     0.0634      96.12     0.3057     0.2362  1.000e-12  0.4329000    12.0530    12.0522    -0.0008     9.4250     9.4243    117.375    119.889      0.544    1450.43    1450.43  0.000e+00
      17220    119.000     6.6277     6.6287     0.0010    1.32327    1.32320          1     0.0322     0.0630      97.96     0.2958     0.2426  1.000e-12  0.4143000    12.0714    12.0704    -0.0010     9.4393     9.4385    117.870    120.393      0.552    1450.46    1450.47  0.000e+00
      17242    119.500     6.6305     6.6314     0.0009    1.32617    1.32606          1     0.0315     0.0635      98.03     0.2936     0.2390  1.000e-12  0.4512000    12.0990    12.0976    -0.0014     9.4608     9.4596    118.365    120.898      0.531    1450.52    1450.52  0.000e+00
      17266    120.000     6.6321     6.6332     0.0011    1.32815    1.32814          1     0.0326     0.0628      98.08     0.3098     0.2368  1.000e-12  0.5184000    12.1179    12.1174    -0.0005     9.4755     9.4751    118.860    121.402      0.503    1450.56    1450.56  0.000e+00
      17290    120.500     6.6321     6.6333     0.0012    1.32830    1.32827          1     0.0294     0.0636      90.39     0.3120     0.2339  1.000e-12  0.5204000    12.1193    12.1186    -0.0007     9.4766     9.4759    119.355    121.907      0.500    1450.56    1450.57  0.000e+00
      17314    121.000     6.6304     6.6317     0.0013    1.32920    1.32916          1     0.0289     0.0645      95.21     0.2893     0.1956  1.000e-12  0.5223000    12.1287    12.1279    -0.0008     9.4841     9.4834    119.850    122.411      0.523    1450.58    1450.58  0.000e+00
      17336    121.500     6.6304     6.6310     0.0006    1.32935    1.32929          1     0.0336     0.0638      98.40     0.2888     0.2071  1.000e-12  0.5272000    12.1301    12.1293    -0.0008     9.4853     9.4846    120.346    122.916      0.549    1450.59    1450.59  0.000e+00
      17358    122.000     6.6291     6.6303     0.0011    1.32941    1.32937          1     0.0299     0.0630      98.33     0.2875     0.2071  1.000e-12  0.5144000    12.1310    12.1303    -0.0008     9.4861     9.4854    120.841    123.420      0.549    1450.59    1450.59  0.000e+00
      17380    122.500     6.6243     6.6255     0.0012    1.33015    1.33019          1     0.0296     0.0638      98.19     0.3005     0.2388  1.000e-12  0.4823000    12.1399    12.1399    -0.0000     9.4934     9.4933    121.336    123.925      0.520    1450.59    1450.59  0.000e+00
      17404    123.000     6.6220     6.6230     0.0010    1.33215    1.33205          1     0.0271     0.0636      89.03     0.3025     0.2777  1.000e-12  0.3903000    12.1605    12.1591    -0.0014     9.5097     9.5086    121.831    124.429      0.499    1450.61    1450.62  0.000e+00
      17428    123.500     6.6243     6.6253     0.0009    1.33434    1.33428          1     0.0308     0.0623      91.85     0.3204     0.2522  1.000e-12  0.4023000    12.1812    12.1802    -0.0009     9.5258     9.5250    122.326    124.934      0.516    1450.66    1450.66  0.000e+00
      17450    124.000     6.6281     6.6289     0.0008    1.33675    1.33666          1     0.0292     0.0633      98.05     0.3038     0.2163  1.000e-12  0.4471000    12.2035    12.2024    -0.0011     9.5431     9.5421    122.821    125.438      0.539    1450.71    1450.71  0.000e+00
      17472    124.500     6.6338     6.6346     0.0008    1.34024    1.34019          1     0.0283     0.0631      98.29     0.2981     0.2118  1.000e-12  0.4588000    12.2359    12.2351    -0.0008     9.5681     9.5674    123.316    125.943      0.538    1450.78    1450.79  0.000e+00
      17495    125.000     6.6339     6.6350     0.0012    1.34107    1.34106          1     0.0313     0.0630      98.24     0.3170     0.2306  1.000e-12  0.4199000    12.2440    12.2435    -0.0005     9.5744     9.5739    123.811    126.447      0.520    1450.80    1450.80  0.000e+00
      17518    125.500     6.6344     6.6355     0.0011    1.34168    1.34164          1     0.0283     0.0626      87.16     0.3233     0.1929  1.000e-12  0.3615000    12.2497    12.2489    -0.0008     9.5789     9.5782    124.306    126.952      0.509    1450.82    1450.82  0.000e+00
      17542    126.000     6.6360     6.6369     0.0009    1.34282    1.34272          1     0.0291     0.0629      89.79     0.3144     0.2062  1.000e-12  0.3503000    12.2603    12.2590    -0.0012     9.5871     9.5860    124.801    127.456      0.520    1450.85    1450.85  0.000e+00
      17564    126.500     6.6436     6.6442     0.0006    1.34687    1.34672          1     0.0283     0.0637      98.40     0.3124     0.2078  1.000e-12  0.3333000    12.2975    12.2959    -0.0016     9.6157     9.6144    125.297    127.960      0.543    1450.93    1450.93  0.000e+00
      17586    127.000     6.6502     6.6511     0.0008    1.34939    1.34935          1     0.0268     0.0630      98.38     0.3042     0.2326  1.000e-12  0.3395000    12.3200    12.3193    -0.0007     9.6329     9.6323    125.792    128.465      0.544    1451.00    1451.00  0.000e+00
      17609    127.500     6.6525     6.6535     0.0010    1.35028    1.35024          1     0.0296     0.0629      98.52     0.2922     0.2126  1.000e-12  0.3196000    12.3279    12.3271    -0.0008     9.6389     9.6382    126.287    128.969      0.519    1451.02    1451.03  0.000e+00
      17633    128.000     6.6554     6.6565     0.0012    1.35276    1.35267          1     0.0293     0.0630      86.41     0.3148     0.1893  1.000e-12  0.3184000    12.3513    12.3499    -0.0014     9.6571     9.6559    126.782    129.474      0.499    1451.07    1451.08  0.000e+00
      17657    128.500     6.6563     6.6573     0.0010    1.35498    1.35488          1     0.0288     0.0628      86.86     0.3183     0.2073  1.000e-12  0.3211000    12.3728    12.3714    -0.0014     9.6739     9.6727    127.277    129.978      0.505    1451.11    1451.11  0.000e+00
      17680    129.000     6.6610     6.6618     0.0008    1.35783    1.35771          1     0.0287     0.0625      98.68     0.3149     0.2071  1.000e-12  0.2539000    12.3992    12.3977    -0.0015     9.6942     9.6930    127.772    130.482      0.534    1451.17    1451.17  0.000e+00
      17702    129.500     6.6653     6.6660     0.0007    1.35967    1.35960          1     0.0270     0.0633      98.71     0.3023     0.2077  1.000e-12  0.2037000    12.4157    12.4148    -0.0009     9.7069     9.7061    128.267    130.987      0.556    1451.22    1451.22  0.000e+00
      17723    130.000     6.6706     6.6713     0.0007    1.36175    1.36167          1     0.0287     0.0620      95.37     0.2887     0.1664  1.000e-12  0.1991000    12.4343    12.4333    -0.0011     9.7211     9.7202    128.762    131.491      0.549    1451.27    1451.27  0.000e+00
      17746    130.500     6.6731     6.6740     0.0009    1.36279    1.36274          1     0.0271     0.0621      93.85     0.2921     0.1970  1.000e-12  0.1883000    12.4436    12.4427    -0.0009     9.7282     9.7274    129.257    131.996      0.518    1451.30    1451.31  0.000e+00
      17770    131.000     6.6776     6.6783     0.0007    1.36402    1.36393          1     0.0289     0.0620      98.66     0.2886     0.1780  1.000e-12  0.2087000    12.4540    12.4528    -0.0012     9.7360     9.7350    129.752    132.500      0.489    1451.34    1451.34  0.000e+00
      17794    131.500     6.6844     6.6850     0.0006    1.36615    1.36601          1     0.0285     0.0599      98.71     0.2883     0.1717  1.000e-12  0.1918000    12.4725    12.4709    -0.0016     9.7500     9.7487    130.247    133.004      0.497    1451.40    1451.40  0.000e+00
      17818    132.000     6.6913     6.6923     0.0010    1.36854    1.36848          1     0.0277     0.0625      98.71     0.2756     0.2111  1.000e-12  0.1987000    12.4935    12.4925    -0.0010     9.7660     9.7651    130.742    133.509      0.536    1451.46    1451.47  0.000e+00
      17839    132.500     6.6953     6.6960     0.0008    1.37003    1.36996          1     0.0275     0.0612      93.33     0.3014     0.2355  1.000e-12  0.1924000    12.5067    12.5058    -0.0009     9.7760     9.7752    131.238    134.013      0.564    1451.51    1451.51  0.000e+00
      17861    133.000     6.6987     6.6997     0.0010    1.37152    1.37149          1     0.0281     0.0620      90.83     0.3164     0.2070  1.000e-12  0.1880000    12.5201    12.5195    -0.0006     9.7863     9.7857    131.733    134.517      0.552    1451.54    1451.55  0.000e+00
      17883    133.500     6.6991     6.7002     0.0012    1.37202    1.37200          1     0.0276     0.0647      98.74     0.3064     0.2071  1.000e-12  0.1760000    12.5248    12.5242    -0.0006     9.7899     9.7894    132.228    135.022      0.516    1451.56    1451.56  0.000e+00
      17907    134.000     6.6999     6.7010     0.0011    1.37275    1.37273          1     0.0273     0.0619      98.71     0.2963     0.1936  1.000e-12  0.1611000    12.5317    12.5310    -0.0006     9.7952     9.7947    132.723    135.526      0.495    1451.58    1451.58  0.000e+00
      17931    134.500     6.7010     6.7020     0.0009    1.37313    1.37306          1     0.0261     0.0611      98.71     0.2893     0.2174  1.000e-12  0.1548000    12.5349    12.5338    -0.0011     9.7977     9.7968    133.218    136.030      0.504    1451.60    1451.60  0.000e+00
      17955    135.000     6.7028     6.7039     0.0010    1.37370    1.37368          1     0.0302     0.0582      91.46     0.2774     0.2218  1.000e-12  0.1555000    12.5397    12.5391    -0.0006     9.8014     9.8008    133.713    136.535      0.530    1451.62    1451.62  0.000e+00
      17977    135.500     6.7047     6.7058     0.0011    1.37429    1.37433          1     0.0262     0.0611      89.80     0.2764     0.2218  1.000e-12  0.1553000    12.5448    12.5448    -0.0000     9.8052     9.8051    134.208    137.039      0.549    1451.64    1451.65  0.000e+00
      17998    136.000     6.7093     6.7102     0.0009    1.37581    1.37577          1     0.0274     0.0626      98.71     0.2769     0.2264  1.000e-12  0.1607000    12.5580    12.5573    -0.0008     9.8152     9.8146    134.703    137.543      0.545    1451.68    1451.69  0.000e+00
      18021    136.500     6.7149     6.7158     0.0008    1.37759    1.37754          1     0.0274     0.0611      98.71     0.3015     0.2363  1.000e-12  0.1489000    12.5735    12.5727    -0.0008     9.8269     9.8262    135.198    138.048      0.528    1451.73    1451.74  0.000e+00
      18044    137.000     6.7217     6.7223     0.0006    1.37963    1.37954          1     0.0275     0.0600      98.71     0.3107     0.2396  1.000e-12  0.1613000    12.5911    12.5900    -0.0011     9.8402     9.8393    135.693    138.552      0.512    1451.79    1451.79  0.000e+00
      18068    137.500     6.7263     6.7271     0.0008    1.38127    1.38122          1     0.0287     0.0577      91.56     0.3040     0.2068  1.000e-12  0.1571000    12.6055    12.6048    -0.0008     9.8512     9.8505    136.188    139.056      0.513    1451.84    1451.84  0.000e+00
      18091    138.000     6.7321     6.7328     0.0007    1.38347    1.38335          1     0.0267     0.0597      86.35     0.2991     0.1789  1.000e-12  0.1592000    12.6250    12.6236    -0.0014     9.8660     9.8648    136.683    139.560      0.517    1451.89    1451.90  0.000e+00
      18114    138.500     6.7389     6.7396     0.0007    1.38584    1.38576          1     0.0256     0.0586      98.72     0.3027     0.2148  1.000e-12  0.1693000    12.6458    12.6448    -0.0010     9.8818     9.8810    137.178    140.065      0.523    1451.96    1451.96  0.000e+00
      18137    139.000     6.7440     6.7447     0.0007    1.38767    1.38758          1     0.0290     0.0596      98.71     0.3019     0.2212  1.000e-12  0.1851000    12.6620    12.6609    -0.0011     9.8941     9.8932    137.673    140.569      0.536    1452.01    1452.01  0.000e+00
      18159    139.500     6.7512     6.7516     0.0005    1.39040    1.39025          1     0.0255     0.0602      98.71     0.3054     0.2142  1.000e-12  0.1910000    12.6862    12.6846    -0.0016     9.9126     9.9113    138.168    141.073      0.538    1452.08    1452.08  0.000e+00
