ctdpy/exports/archive_20191121_122431/received_data/SBE09_0827_20181005_0447_26_01_1013.cnv
* Sea-Bird SBE 9 Data File:
* FileName = D:\CTD_SBE911\DAT\26DA.2018.10.13.hex
* Software Version Seasave V 7.21d
* Temperature SN = 4548
* Conductivity SN = 3062
* Number of Bytes Per Scan = 48
* Number of Voltage Words = 5
* Number of Scans Averaged by the Deck Unit = 1
* NMEA Latitude = 56 07.81 N
* NMEA Longitude = 017 43.91 E
* NMEA UTC (Time) = Oct 05 2018  04:50:10
* NMEA baud rate = 4800
** Ship: DANA
** Average sound velocity: 1450.00 m/s
** True-depth calculation Thu, 28 Mar 2019 12:17:35 +0000
** CTD Python Module SMHI /ver 3-12/ feb 2012 
** LIMS Job: 20182601-1013
** Operator: Christian
** Cruise: 10/2018
# nquan = 26
# nvalues = 126                         
# units = specified
# name 0 = scan: Scan Count
# name 1 = prDM: Pressure, Digiquartz [db]
# name 2 = t090C: Temperature [ITS-90, deg C]
# name 3 = t190C: Temperature, 2 [ITS-90, deg C]
# name 4 = T2-T190C: Temperature Difference, 2 - 1 [ITS-90, deg C]
# name 5 = c0S/m: Conductivity [S/m]
# name 6 = c1S/m: Conductivity, 2 [S/m]
# name 7 = pumps: Pump Status
# name 8 = sbeox1ML/L: Oxygen, SBE 43, 2 [ml/l]
# name 9 = sbeox0ML/L: Oxygen, SBE 43 [ml/l]
# name 10 = altM: Altimeter [m]
# name 11 = chloroflTC0: Chlorophyll, Turner Cyclops [ug/l]
# name 12 = cpar: CPAR/Corrected Irradiance [%]
# name 13 = par: PAR/Irradiance, Biospherical/Lico [µE/(cm^2*s)]
# name 14 = spar: SPAR, Biospherical/Licor
# name 15 = sal00: Salinity, Practical [PSU]
# name 16 = sal11: Salinity, Practical, 2 [PSU]
# name 17 = secS-priS: Salinity, Practical, Difference, 2 - 1 [PSU]
# name 18 = sigma-t00: Density [sigma-t, kg/m^3 ]
# name 19 = sigma-t11: Density, 2 [sigma-t, kg/m^3 ]
# name 20 = depSM: Depth [salt water, m], lat = 56.1302
# name 21 = depFM: Depth [true depth, m], lat = 56.1302
# name 22 = dz/dtM: Descent Rate [m/s], WS = 2
# name 23 = svCM: Sound Velocity [Chen-Millero, m/s]
# name 24 = svCM1: Sound Velocity, 2 [Chen-Millero, m/s]
# name 25 = flag: flag
# span 0 =        -58,       7596       
# span 1 =      1.000,     63.500       
# span 2 =     4.4553,    10.8219       
# span 3 =     4.4556,    10.8227       
# span 4 =    -0.4491,     0.0914       
# span 5 =   0.821010,   0.917550       
# span 6 =   0.820581,   0.917585       
# span 7 =          1,          1       
# span 8 =     6.0670,     7.2447       
# span 9 =     5.6803,     6.7383       
# span 10 =       0.47,       9.97      
# span 11 =     0.0000,     0.0000      
# span 12 = 1.6020e-11, 5.5412e-01      
# span 13 = 1.0000e-12, 2.2506e-02      
# span 14 = 4.0616e+00, 6.1899e+00      
# span 15 =     7.2360,     7.7750      
# span 16 =     7.2364,     7.7749      
# span 17 =    -0.0064,     0.0330      
# span 18 =     5.2602,     6.1673      
# span 19 =     5.2602,     6.1672      
# span 20 =      0.991,     62.912      
# span 21 =      1.013,     64.317      
# span 22 =     -0.324,      0.501      
# span 23 =    1434.75,    1459.68      
# span 24 =    1434.68,    1459.69      
# span 25 = 0.0000e+00, 0.0000e+00      
# interval = decibars: 0.5              
# start_time = Oct 05 2018 04:50:10 [NMEA time, first data scan]
# bad_flag = -9.990e-29
*END*
[from data line 112]
       5470     57.000     5.0361     5.0191    -0.0172    0.82271    0.82271          1     6.5872     6.1760       7.75     0.0000  2.462e-11  1.000e-12  4.062e+00     7.5862     7.5900     0.0038     5.9966     6.0003     56.473     57.736      0.335    1437.00    1436.92  0.000e+00
       5531     57.500     4.9509     4.9188    -0.0323    0.82101    0.82058          1     6.6219     6.1923       7.16     0.0000  2.462e-11  1.000e-12  4.062e+00     7.5887     7.5917     0.0031     6.0020     6.0056     56.968     58.242      0.243    1436.63    1436.49  0.000e+00
       5588     58.000     4.9004     4.9103     0.0099    0.82111    0.82180          1     6.6205     6.2132       6.71     0.0000  2.462e-11  1.000e-12  4.062e+00     7.6011     7.6057     0.0046     6.0137     6.0170     57.463     58.749      0.390    1436.43    1436.48  0.000e+00
       5618     58.500     5.0242     5.0013    -0.0229    0.82749    0.82811          1     6.4901     6.1280       6.15     0.0000  2.462e-11  1.000e-12  4.062e+00     7.6361     7.6475     0.0113     6.0366     6.0465     57.959     59.255      0.324    1437.03    1436.94  0.000e+00
       5686     59.000     4.8392     4.7945    -0.0451    0.82608    0.82589          1     6.3104     5.9847       5.60     0.0000  2.462e-11  1.000e-12  4.062e+00     7.6646     7.6730     0.0085     6.0663     6.0747     58.454     59.761      0.292    1436.26    1436.07  0.000e+00
       5720     59.500     4.5358     4.4808    -0.0546    0.82192    0.82148          1     6.2684     5.9368       5.14     0.0000  2.462e-11  1.000e-12  4.062e+00     7.6931     7.7016     0.0084     6.0998     6.1083     58.949     60.267      0.456    1434.96    1434.73  0.000e+00
       5748     60.000     4.4804     4.4612    -0.0193    0.82301    0.82338          1     6.2284     5.8935       4.58     0.0000  2.462e-11  1.000e-12  4.062e+00     7.7170     7.7252     0.0082     6.1206     6.1277     59.445     60.773      0.324    1434.75    1434.68  0.000e+00
       5813     60.500     4.4822     4.4776    -0.0046    0.82501    0.82548          1     6.1690     5.8067       3.98     0.0000  2.462e-11  1.000e-12  4.062e+00     7.7367     7.7425     0.0059     6.1361     6.1409     59.940     61.280      0.249    1434.80    1434.78  0.000e+00
       5859     61.000     4.4828     4.4778    -0.0050    0.82618    0.82654          1     6.1374     5.7804       3.43     0.0000  2.462e-11  1.000e-12  4.062e+00     7.7482     7.7531     0.0048     6.1453     6.1493     60.435     61.786      0.240    1434.82    1434.80  0.000e+00
       5920     61.500     4.4748     4.4669    -0.0079    0.82688    0.82723          1     6.1178     5.7533       2.90     0.0000  2.426e-11  1.000e-12  4.150e+00     7.7571     7.7625     0.0055     6.1526     6.1571     60.931     62.292      0.224    1434.80    1434.78  0.000e+00
       5973     62.000     4.4681     4.4621    -0.0060    0.82733    0.82754          1     6.1018     5.7367       2.35     0.0000  2.462e-11  1.000e-12  4.062e+00     7.7632     7.7667     0.0035     6.1576     6.1606     61.426     62.798      0.224    1434.79    1434.77  0.000e+00
       6020     62.500     4.4630     4.4587    -0.0043    0.82761    0.82779          1     6.0957     5.7270       1.84     0.0000  2.462e-11  1.000e-12  4.062e+00     7.7671     7.7699     0.0028     6.1609     6.1633     61.921     63.304      0.308    1434.78    1434.76  0.000e+00
       6056     63.000     4.4553     4.4556     0.0003    0.82792    0.82800          1     6.0800     5.7166       1.36     0.0000  2.462e-11  1.000e-12  4.062e+00     7.7720     7.7727     0.0008     6.1650     6.1656     62.417     63.810      0.260    1434.76    1434.76  0.000e+00
       7596     63.500     4.4612     4.4618     0.0006    0.82837    0.82837          1     6.0670     5.6803       0.47     0.0000  1.602e-11  1.000e-12  6.190e+00     7.7750     7.7749    -0.0001     6.1673     6.1672     62.912     64.317     -0.324    1434.79    1434.80  0.000e+00
