ctdpy/exports/archive_20191121_122431/received_data/SBE09_1044_20180130_1737_34_02_0035.cnv
* Sea-Bird SBE 9 Data File:
* FileName = C:\ctd\temp\2018\ME18D035.hex
* Software Version Seasave V 7.26.6.26
* Temperature SN = 5351
* Conductivity SN = 3941
* Number of Bytes Per Scan = 41
* Number of Voltage Words = 4
* Number of Scans Averaged by the Deck Unit = 1
* NMEA Latitude = 60 10.99 N
* NMEA Longitude = 019 08.99 E
* NMEA UTC (Time) = Jan 30 2018  17:38:05
* NMEA baud rate = 4800
** Station:  F64 Solovjeva
** Operator:  SSip
** Ship: MERI
** Average sound velocity: 1439.03 m/s
** True-depth calculation Tue, 30 Jan 2018 18:41:15 +0000
** CTD Python Module SMHI /ver 3-12/ feb 2012 
** LIMS Job: 20183402-0035
** Cruise: SMHI-01-2018
** Latitude [GG MM.mm N] :
** Longitude [GG MM.mm E]:
# nquan = 26
# nvalues = 562                         
# units = specified
# name 0 = scan: Scan Count
# name 1 = prDM: Pressure, Digiquartz [db]
# name 2 = t090C: Temperature [ITS-90, deg C]
# name 3 = t190C: Temperature, 2 [ITS-90, deg C]
# name 4 = T2-T190C: Temperature Difference, 2 - 1 [ITS-90, deg C]
# name 5 = c0S/m: Conductivity [S/m]
# name 6 = c1S/m: Conductivity, 2 [S/m]
# name 7 = pumps: Pump Status
# name 8 = sbeox0ML/L: Oxygen, SBE 43 [ml/l]
# name 9 = sbeox1ML/L: Oxygen, SBE 43, 2 [ml/l]
# name 10 = altM: Altimeter [m]
# name 11 = flECO-AFL: Chl-a Fluorescence, WET Labs ECO-AFL/FL [mg/m^3]
# name 12 = flECO-AFL1: Phycocyanin Fluorescence, WET Labs ECO-AFL/FL, 2 [mg/m^3]
# name 13 = par: PAR/Irradiance, Biospherical/Lico [µE/(cm^2*s)]
# name 14 = turbWETntu0: Turbidity, WET Labs ECO [NTU]
# name 15 = sal00: Salinity, Practical [PSU]
# name 16 = sal11: Salinity, Practical, 2 [PSU]
# name 17 = secS-priS: Salinity, Practical, Difference, 2 - 1 [PSU]
# name 18 = sigma-t00: Density [sigma-t, Kg/m^3 ]
# name 19 = sigma-t11: Density, 2 [sigma-t, Kg/m^3 ]
# name 20 = depSM: Depth [salt water, m], lat = 60.1832
# name 21 = depFM: Depth [true depth, m], lat = 60.1832
# name 22 = dz/dtM: Descent Rate [m/s], WS = 2
# name 23 = svCM: Sound Velocity [Chen-Millero, m/s]
# name 24 = svCM1: Sound Velocity, 2 [Chen-Millero, m/s]
# name 25 = flag: flag
# span 0 =       2643,      14297       
# span 1 =      1.000,    281.500       
# span 2 =     2.7951,     6.3779       
# span 3 =     2.7821,     6.3781       
# span 4 =    -0.0227,     0.0169       
# span 5 =   0.585744,   0.792226       
# span 6 =   0.585448,   0.792204       
# span 7 =          1,          1       
# span 8 =    5.65707,    8.61836       
# span 9 =    5.64442,    8.56534       
# span 10 =       4.30,      99.11      
# span 11 =     0.2599,     0.7116      
# span 12 =     0.2425,     0.4564      
# span 13 = -1.631e-05, 6.4165e-01      
# span 14 =     0.3185,     2.6395      
# span 15 =     5.6450,     6.9853      
# span 16 =     5.6455,     6.9850      
# span 17 =    -0.0084,     0.0074      
# span 18 =     4.4988,     5.4592      
# span 19 =     4.4992,     5.4591      
# span 20 =      0.991,    278.652      
# span 21 =      1.014,    285.244      
# span 22 =      0.111,      0.990      
# span 23 =    1423.53,    1445.38      
# span 24 =    1423.47,    1445.38      
# span 25 = 0.0000e+00, 0.0000e+00      
# interval = decibars: 0.5              
# start_time = Jan 30 2018 17:38:05 [NMEA time, first data scan]
# bad_flag = -9.990e-29
*END*
[from data line 168]
       6343     85.000     5.2501     5.2506     0.0005    0.71531    0.71531          1     7.2709     7.2293      95.66     0.3055     0.4034  1.000e-12  0.3891000     6.4832     6.4831    -0.0001     5.1152     5.1151     84.180     86.167      0.521    1436.97    1436.97  0.000e+00
       6368     85.500     5.2511     5.2512     0.0001    0.71548    0.71543          1     7.2471     7.2244      58.53     0.3235     0.3146  1.000e-12  0.3820000     6.4846     6.4841    -0.0005     5.1162     5.1158     84.675     86.674      0.507    1436.99    1436.98  0.000e+00
       6390     86.000     5.2536     5.2542     0.0005    0.71580    0.71580          1     7.2303     7.2051      96.30     0.3144     0.3163  1.000e-12  0.3947000     6.4872     6.4871    -0.0001     5.1181     5.1181     85.170     87.180      0.600    1437.01    1437.01  0.000e+00
       6408     86.500     5.2567     5.2564    -0.0002    0.71605    0.71600          1     7.2291     7.2002      97.95     0.3054     0.3235  1.000e-12  0.4490000     6.4889     6.4885    -0.0005     5.1194     5.1191     85.665     87.687      0.671    1437.03    1437.03  0.000e+00
       6426     87.000     5.2801     5.2807     0.0005    0.71722    0.71723          1     7.2322     7.2101      97.94     0.3207     0.3289  1.000e-12  0.4616000     6.4957     6.4957    -0.0000     5.1238     5.1238     86.160     88.194      0.655    1437.15    1437.15  0.000e+00
       6445     87.500     5.3284     5.3283    -0.0001    0.71959    0.71948          1     7.2049     7.2034      98.00     0.3136     0.2694  1.000e-12  0.4460000     6.5092     6.5083    -0.0010     5.1326     5.1318     86.655     88.700      0.549    1437.39    1437.38  0.000e+00
       6471     88.000     5.4340     5.4456     0.0117    0.72422    0.72446          1     7.1426     7.1631      98.07     0.3016     0.3118  1.000e-12  0.4171000     6.5336     6.5337     0.0000     5.1474     5.1469     87.150     89.207      0.442    1437.89    1437.94  0.000e+00
       6498     88.500     5.4841     5.4872     0.0031    0.72605    0.72610          1     7.1060     7.1271      72.50     0.3116     0.2873  1.000e-12  0.4072000     6.5414     6.5413    -0.0001     5.1514     5.1512     87.645     89.714      0.495    1438.12    1438.14  0.000e+00
       6520     89.000     5.5216     5.5205    -0.0010    0.72724    0.72718          1     7.1056     7.1172      83.18     0.3053     0.3130  1.000e-12  0.3986000     6.5457     6.5453    -0.0004     5.1531     5.1529     88.141     90.220      0.625    1438.30    1438.30  0.000e+00
       6537     89.500     5.5418     5.5435     0.0016    0.72791    0.72791          1     7.1099     7.1115      98.11     0.2940     0.3285  1.000e-12  0.4002000     6.5481     6.5478    -0.0003     5.1541     5.1538     88.636     90.727      0.706    1438.40    1438.41  0.000e+00
       6554     90.000     5.5716     5.5695    -0.0020    0.72881    0.72870          1     7.1069     7.1040      98.32     0.3046     0.3453  1.000e-12  0.4045000     6.5509     6.5503    -0.0006     5.1550     5.1546     89.131     91.234      0.698    1438.54    1438.53  0.000e+00
       6572     90.500     5.5906     5.5910     0.0004    0.72933    0.72932          1     7.1094     7.0920      98.35     0.2966     0.3208  1.000e-12  0.4220000     6.5522     6.5520    -0.0001     5.1551     5.1550     89.626     91.740      0.598    1438.63    1438.63  0.000e+00
       6596     91.000     5.6032     5.6038     0.0005    0.72969    0.72965          1     7.1089     7.0832      98.45     0.2978     0.3030  1.000e-12  0.4311000     6.5532     6.5527    -0.0005     5.1554     5.1549     90.121     92.247      0.457    1438.70    1438.70  0.000e+00
       6624     91.500     5.6100     5.6086    -0.0012    0.72985    0.72978          1     7.1116     7.0923      98.26     0.3226     0.3111  1.000e-12  0.4142000     6.5534     6.5529    -0.0005     5.1552     5.1549     90.616     92.754      0.458    1438.73    1438.73  0.000e+00
       6647     92.000     5.6150     5.6231     0.0080    0.72999    0.73020          1     7.1002     7.0747      98.51     0.3150     0.3040  1.000e-12  0.4453000     6.5536     6.5541     0.0005     5.1552     5.1552     91.111     93.260      0.591    1438.76    1438.80  0.000e+00
       6666     92.500     5.6246     5.6256     0.0009    0.73028    0.73028          1     7.0906     7.0650      98.49     0.3166     0.3056  1.000e-12  0.4668000     6.5545     6.5543    -0.0002     5.1554     5.1552     91.606     93.767      0.681    1438.82    1438.82  0.000e+00
       6682     93.000     5.6288     5.6287    -0.0001    0.73043    0.73039          1     7.0920     7.0698      98.50     0.3251     0.3185  1.000e-12  0.4350000     6.5551     6.5547    -0.0004     5.1557     5.1554     92.101     94.274      0.695    1438.84    1438.84  0.000e+00
       6700     93.500     5.6309     5.6300    -0.0008    0.73049    0.73041          1     7.0969     7.0718      98.50     0.3264     0.3156  1.000e-12  0.4397000     6.5552     6.5546    -0.0006     5.1557     5.1552     92.596     94.780      0.632    1438.86    1438.85  0.000e+00
       6721     94.000     5.6376     5.6381     0.0005    0.73076    0.73074          1     7.0976     7.0667      98.53     0.3239     0.3225  1.000e-12  0.4380000     6.5564     6.5561    -0.0003     5.1563     5.1561     93.091     95.287      0.517    1438.90    1438.90  0.000e+00
       6747     94.500     5.6557     5.6570     0.0013    0.73165    0.73163          1     7.0883     7.0681      98.54     0.3174     0.3327  1.000e-12  0.3891000     6.5614     6.5610    -0.0004     5.1594     5.1591     93.586     95.794      0.449    1438.99    1439.00  0.000e+00
       6774     95.000     5.6697     5.6703     0.0006    0.73228    0.73228          1     7.0668     7.0595      98.57     0.3147     0.3634  1.000e-12  0.3956000     6.5648     6.5646    -0.0001     5.1614     5.1613     94.081     96.300      0.501    1439.06    1439.06  0.000e+00
       6796     95.500     5.6903     5.6902    -0.0001    0.73328    0.73326          1     7.0467     7.0407      98.58     0.2943     0.3575  1.000e-12  0.4019000     6.5703     6.5701    -0.0002     5.1649     5.1647     94.576     96.807      0.594    1439.17    1439.17  0.000e+00
       6814     96.000     5.6894     5.6890    -0.0004    0.73381    0.73377          1     7.0324     7.0319      98.59     0.3063     0.2703  1.000e-12  0.4237000     6.5755     6.5751    -0.0004     5.1690     5.1687     95.071     97.314      0.660    1439.18    1439.18  0.000e+00
       6832     96.500     5.6985     5.6983    -0.0003    0.73477    0.73474          1     7.0306     7.0178      98.60     0.2962     0.2629  1.000e-12  0.4295000     6.5829     6.5826    -0.0003     5.1744     5.1742     95.566     97.820      0.675    1439.24    1439.23  0.000e+00
       6850     97.000     5.7185     5.7164    -0.0021    0.73554    0.73542          1     7.0262     7.0110      98.60     0.2975     0.2981  1.000e-12  0.4211000     6.5863     6.5856    -0.0007     5.1761     5.1757     96.061     98.327      0.636    1439.33    1439.32  0.000e+00
       6870     97.500     5.7224     5.7222    -0.0002    0.73566    0.73561          1     7.0232     7.0178      98.59     0.3056     0.3434  1.000e-12  0.3983000     6.5866     6.5862    -0.0004     5.1762     5.1759     96.556     98.833      0.556    1439.36    1439.36  0.000e+00
       6894     98.000     5.7386     5.7369    -0.0017    0.73628    0.73617          1     7.0292     7.0014      98.59     0.2926     0.3134  1.000e-12  0.4817000     6.5894     6.5886    -0.0008     5.1777     5.1771     97.052     99.340      0.489    1439.44    1439.43  0.000e+00
       6919     98.500     5.7517     5.7461    -0.0056    0.73679    0.73654          1     7.0262     6.9887      98.58     0.3047     0.3014  1.000e-12  0.4226000     6.5916     6.5903    -0.0013     5.1788     5.1780     97.547     99.847      0.501    1439.51    1439.48  0.000e+00
       6942     99.000     5.7635     5.7618    -0.0017    0.73721    0.73713          1     7.0116     6.9913      98.59     0.3116     0.3173  1.000e-12  0.3641000     6.5934     6.5929    -0.0005     5.1796     5.1793     98.042    100.353      0.561    1439.57    1439.56  0.000e+00
       6962     99.500     5.7775     5.7782     0.0007    0.73777    0.73777          1     6.9954     6.9916      98.56     0.2991     0.3050  1.000e-12  0.4083000     6.5959     6.5958    -0.0001     5.1809     5.1808     98.537    100.860      0.602    1439.64    1439.64  0.000e+00
       6981    100.000     5.7834     5.7838     0.0004    0.73803    0.73801          1     6.9975     6.9877      98.57     0.3036     0.2989  1.000e-12  0.4167000     6.5972     6.5970    -0.0002     5.1817     5.1815     99.032    101.367      0.609    1439.68    1439.68  0.000e+00
       7001    100.500     5.7896     5.7897     0.0001    0.73831    0.73829          1     6.9980     6.9824      98.58     0.3163     0.3028  1.000e-12  0.4060000     6.5986     6.5984    -0.0002     5.1825     5.1823     99.527    101.873      0.591    1439.71    1439.71  0.000e+00
       7022    101.000     5.8109     5.8086    -0.0022    0.73935    0.73922          1     6.9848     6.9735      98.58     0.3152     0.2989  1.000e-12  0.4067000     6.6044     6.6036    -0.0008     5.1860     5.1855    100.022    102.380      0.560    1439.82    1439.81  0.000e+00
       7044    101.500     5.8238     5.8259     0.0021    0.73999    0.74007          1     6.9741     6.9612      98.59     0.2923     0.3191  1.000e-12  0.4229000     6.6080     6.6083     0.0003     5.1882     5.1884    100.517    102.887      0.544    1439.89    1439.90  0.000e+00
       7066    102.000     5.8362     5.8364     0.0002    0.74057    0.74055          1     6.9679     6.9602      98.59     0.3121     0.3202  1.000e-12  0.3794000     6.6110     6.6108    -0.0002     5.1900     5.1898    101.012    103.393      0.567    1439.95    1439.96  0.000e+00
       7086    102.500     5.8465     5.8448    -0.0017    0.74106    0.74096          1     6.9690     6.9517      98.59     0.3000     0.2978  1.000e-12  0.4382000     6.6137     6.6130    -0.0007     5.1916     5.1912    101.507    103.900      0.606    1440.01    1440.00  0.000e+00
       7106    103.000     5.8536     5.8539     0.0003    0.74147    0.74147          1     6.9622     6.9422      98.60     0.2912     0.2832  1.000e-12  0.4694000     6.6162     6.6160    -0.0001     5.1932     5.1931    102.002    104.407      0.608    1440.05    1440.05  0.000e+00
       7126    103.500     5.8606     5.8604    -0.0002    0.74195    0.74190          1     6.9509     6.9342      98.59     0.2934     0.3656  1.000e-12  0.4360000     6.6193     6.6189    -0.0004     5.1954     5.1950    102.497    104.913      0.567    1440.09    1440.09  0.000e+00
       7148    104.000     5.8653     5.8657     0.0005    0.74234    0.74234          1     6.9423     6.9227      98.55     0.3159     0.2964  1.000e-12  0.4299000     6.6221     6.6220    -0.0001     5.1973     5.1972    102.992    105.420      0.528    1440.13    1440.13  0.000e+00
       7171    104.500     5.8713     5.8721     0.0007    0.74289    0.74291          1     6.9287     6.9134      98.49     0.3053     0.2769  1.000e-12  0.4299000     6.6261     6.6261     0.0001     5.2001     5.2002    103.487    105.926      0.547    1440.17    1440.17  0.000e+00
       7192    105.000     5.8727     5.8725    -0.0002    0.74299    0.74292          1     6.9272     6.9111      98.42     0.2943     0.2972  1.000e-12  0.4101000     6.6268     6.6261    -0.0007     5.2006     5.2001    103.982    106.433      0.604    1440.18    1440.18  0.000e+00
       7211    105.500     5.8762     5.8772     0.0010    0.74326    0.74332          1     6.9233     6.9036      98.43     0.3034     0.3154  1.000e-12  0.4306000     6.6286     6.6289     0.0003     5.2019     5.2021    104.477    106.940      0.635    1440.20    1440.21  0.000e+00
       7230    106.000     5.9005     5.8993    -0.0012    0.74477    0.74468          1     6.9091     6.8905      98.40     0.3123     0.2997  1.000e-12  0.4569000     6.6382     6.6376    -0.0006     5.2082     5.2079    104.972    107.446      0.621    1440.33    1440.32  0.000e+00
       7250    106.500     5.9197     5.9196    -0.0001    0.74567    0.74563          1     6.8888     6.8786      98.47     0.2819     0.3124  1.000e-12  0.4246000     6.6430     6.6426    -0.0003     5.2111     5.2108    105.467    107.953      0.571    1440.43    1440.43  0.000e+00
       7272    107.000     5.9418     5.9460     0.0042    0.74665    0.74681          1     6.8736     6.8583      98.52     0.3124     0.3194  1.000e-12  0.4349000     6.6480     6.6487     0.0006     5.2139     5.2142    105.962    108.460      0.515    1440.54    1440.56  0.000e+00
       7297    107.500     5.9613     5.9619     0.0006    0.74744    0.74743          1     6.8706     6.8472      98.58     0.3076     0.3111  1.000e-12  0.4559000     6.6516     6.6514    -0.0002     5.2158     5.2156    106.457    108.966      0.510    1440.63    1440.63  0.000e+00
       7319    108.000     5.9736     5.9756     0.0019    0.74794    0.74798          1     6.8685     6.8483      98.60     0.3041     0.3216  1.000e-12  0.4377000     6.6539     6.6539    -0.0000     5.2170     5.2169    106.952    109.473      0.592    1440.70    1440.71  0.000e+00
       7338    108.500     5.9862     5.9870     0.0007    0.74850    0.74851          1     6.8552     6.8466      98.61     0.2976     0.3632  1.000e-12  0.4494000     6.6567     6.6568     0.0000     5.2185     5.2185    107.447    109.979      0.675    1440.76    1440.77  0.000e+00
       7354    109.000     6.0227     6.0245     0.0017    0.75068    0.75074          1     6.8380     6.8288      98.60     0.2817     0.3171  1.000e-12  0.4795000     6.6704     6.6705     0.0001     5.2274     5.2275    107.942    110.486      0.694    1440.94    1440.95  0.000e+00
       7372    109.500     6.0330     6.0334     0.0004    0.75131    0.75131          1     6.8236     6.8072      98.58     0.2834     0.3072  1.000e-12  0.4807000     6.6743     6.6742    -0.0001     5.2299     5.2299    108.437    110.993      0.636    1441.00    1441.00  0.000e+00
       7393    110.000     6.0344     6.0344    -0.0000    0.75159    0.75157          1     6.8202     6.8028      48.94     0.2961     0.3205  1.000e-12  0.4645000     6.6766     6.6764    -0.0002     5.2317     5.2316    108.932    111.499      0.525    1441.02    1441.02  0.000e+00
       7419    110.500     6.0330     6.0337     0.0007    0.75165    0.75162          1     6.8160     6.7953      93.01     0.3077     0.3373  1.000e-12  0.4548000     6.6774     6.6770    -0.0004     5.2324     5.2320    109.427    112.006      0.465    1441.02    1441.02  0.000e+00
       7444    111.000     6.0338     6.0341     0.0003    0.75170    0.75167          1     6.8124     6.7937      98.71     0.3053     0.3606  1.000e-12  0.4685000     6.6777     6.6773    -0.0003     5.2326     5.2323    109.922    112.513      0.542    1441.03    1441.04  0.000e+00
       7463    111.500     6.0322     6.0329     0.0007    0.75165    0.75164          1     6.8181     6.8022      98.55     0.3026     0.3029  1.000e-12  0.4779000     6.6775     6.6772    -0.0003     5.2325     5.2323    110.417    113.019      0.674    1441.03    1441.04  0.000e+00
