ctdpy/exports/archive_20191121_122431/received_data/SBE09_1044_20180530_2203_34_07_0048.cnv
* Sea-Bird SBE 9 Data File:
* FileName = C:\ctd\temp\2018\AU18D048.hex
* Software Version Seasave V 7.26.6.26
* Temperature SN = 5351
* Conductivity SN = 3941
* Number of Bytes Per Scan = 41
* Number of Voltage Words = 4
* Number of Scans Averaged by the Deck Unit = 1
* NMEA Latitude = 57 59.90 N
* NMEA Longitude = 019 52.73 E
* NMEA UTC (Time) = May 30 2018  22:03:34
* NMEA baud rate = 4800
** Station:  BY20
** Operator:  JKro
** Ship: AURA
** Average sound velocity: 1444.70 m/s
** True-depth calculation Wed, 30 May 2018 23:06:51 +0000
** CTD Python Module SMHI /ver 3-12/ feb 2012 
** LIMS Job: 20183407-0048
** Cruise: SMHI-02-2018
** Latitude [GG MM.mm N] :
** Longitude [GG MM.mm E]:
# nquan = 26
# nvalues = 384                         
# units = specified
# name 0 = scan: Scan Count
# name 1 = prDM: Pressure, Digiquartz [db]
# name 2 = t090C: Temperature [ITS-90, deg C]
# name 3 = t190C: Temperature, 2 [ITS-90, deg C]
# name 4 = T2-T190C: Temperature Difference, 2 - 1 [ITS-90, deg C]
# name 5 = c0S/m: Conductivity [S/m]
# name 6 = c1S/m: Conductivity, 2 [S/m]
# name 7 = pumps: Pump Status
# name 8 = sbeox0ML/L: Oxygen, SBE 43 [ml/l]
# name 9 = sbeox1ML/L: Oxygen, SBE 43, 2 [ml/l]
# name 10 = altM: Altimeter [m]
# name 11 = flECO-AFL: Chl-a Fluorescence, WET Labs ECO-AFL/FL [mg/m^3]
# name 12 = flECO-AFL1: Phycocyanin Fluorescence, WET Labs ECO-AFL/FL, 2 [mg/m^3]
# name 13 = par: PAR/Irradiance, Biospherical/Lico [µE/(cm^2*s)]
# name 14 = turbWETntu0: Turbidity, WET Labs ECO [NTU]
# name 15 = sal00: Salinity, Practical [PSU]
# name 16 = sal11: Salinity, Practical, 2 [PSU]
# name 17 = secS-priS: Salinity, Practical, Difference, 2 - 1 [PSU]
# name 18 = sigma-t00: Density [sigma-t, Kg/m^3 ]
# name 19 = sigma-t11: Density, 2 [sigma-t, Kg/m^3 ]
# name 20 = depSM: Depth [salt water, m], lat = 57.9983
# name 21 = depFM: Depth [true depth, m], lat = 57.9983
# name 22 = dz/dtM: Descent Rate [m/s], WS = 2
# name 23 = svCM: Sound Velocity [Chen-Millero, m/s]
# name 24 = svCM1: Sound Velocity, 2 [Chen-Millero, m/s]
# name 25 = flag: flag
# span 0 =      10419,      23152       
# span 1 =      1.000,    192.500       
# span 2 =     2.3992,    13.8879       
# span 3 =     2.3940,    13.8885       
# span 4 =    -0.0281,     0.0546       
# span 5 =   0.711120,   1.392293       
# span 6 =   0.711003,   1.392281       
# span 7 =          1,          1       
# span 8 =    0.01845,    9.48117       
# span 9 =    0.01974,    9.60668       
# span 10 =      -0.00,      99.05      
# span 11 =     0.2395,    13.8245      
# span 12 =     0.1473,     1.3898      
# span 13 = -1.574e-04, 1.0911e+00      
# span 14 =     0.1293,     0.6040      
# span 15 =     6.6623,    12.6891      
# span 16 =     6.6607,    12.6887      
# span 17 =    -0.0230,     0.0059      
# span 18 =     4.4243,     9.9138      
# span 19 =     4.4241,     9.9134      
# span 20 =      0.991,    190.627      
# span 21 =      1.014,    194.531      
# span 22 =     -0.011,      0.610      
# span 23 =    1423.77,    1470.07      
# span 24 =    1423.74,    1470.07      
# span 25 = 0.0000e+00, 0.0000e+00      
# interval = decibars: 0.5              
# start_time = May 30 2018 22:03:34 [NMEA time, first data scan]
# bad_flag = -9.990e-29
*END*
      10419      1.000    13.8879    13.8879    -0.0000    0.91971    0.91968          1     8.5179     8.4286      -0.00     1.6407     0.3615  1.091e+00  0.3396000     6.6904     6.6901    -0.0003     4.4244     4.4242      0.991      1.014      0.124    1469.98    1469.99  0.000e+00
      10529      1.500    13.8877    13.8884     0.0008    0.91971    0.91970          1     8.5375     8.4546       0.07     1.6739     0.3427  3.607e-01  0.3033000     6.6904     6.6901    -0.0002     4.4244     4.4241      1.486      1.521      0.340    1469.99    1470.00  0.000e+00
      10607      2.000    13.8879    13.8885     0.0006    0.91972    0.91970          1     8.4981     8.4441      -0.00     1.7363     0.3389  1.362e-02  0.3449000     6.6903     6.6901    -0.0002     4.4243     4.4241      1.981      2.028      0.342    1470.00    1470.00  0.000e+00
      10635      2.500    13.8876    13.8885     0.0009    0.91972    0.91970          1     8.4913     8.4423       0.00     1.7000     0.3748  8.984e-03  0.3571000     6.6903     6.6901    -0.0002     4.4244     4.4241      2.477      2.535      0.404    1470.01    1470.01  0.000e+00
      10706      3.000    13.8877    13.8884     0.0007    0.91972    0.91971          1     8.5403     8.4519       0.04     1.6560     0.3354 -1.574e-04  0.2966000     6.6903     6.6901    -0.0002     4.4244     4.4241      2.972      3.042      0.323    1470.02    1470.02  0.000e+00
      10734      3.500    13.8876    13.8883     0.0007    0.91973    0.91971          1     8.5226     8.4449      36.13     1.7072     0.3225  1.000e-12  0.3250000     6.6903     6.6901    -0.0002     4.4244     4.4241      3.468      3.549      0.449    1470.02    1470.03  0.000e+00
      10762      4.000    13.8864    13.8871     0.0007    0.91970    0.91970          1     8.5108     8.4532      94.38     1.7031     0.3403  1.000e-12  0.3459000     6.6903     6.6901    -0.0002     4.4246     4.4243      3.963      4.056      0.363    1470.03    1470.03  0.000e+00
      10804      4.500    13.8851    13.8875     0.0025    0.91969    0.91971          1     8.5253     8.4447      96.64     1.6699     0.3548  1.000e-12  0.3058000     6.6904     6.6901    -0.0003     4.4248     4.4242      4.458      4.563      0.313    1470.03    1470.04  0.000e+00
      10831      5.000    13.8820    13.8836     0.0016    0.91963    0.91964          1     8.5262     8.4427      19.39     1.6528     0.3258  1.000e-12  0.3227000     6.6904     6.6902    -0.0002     4.4253     4.4249      4.954      5.070      0.523    1470.03    1470.03  0.000e+00
      10854      5.500    13.8821    13.8823     0.0002    0.91966    0.91963          1     8.5229     8.4398      93.61     1.6356     0.3818  1.000e-12  0.3331000     6.6905     6.6903    -0.0002     4.4254     4.4252      5.449      5.577      0.435    1470.04    1470.04  0.000e+00
      10889      6.000    13.8830    13.8841     0.0010    0.91968    0.91968          1     8.5289     8.4427      97.37     1.6344     0.3727  1.000e-12  0.3046000     6.6906     6.6903    -0.0002     4.4253     4.4249      5.944      6.084      0.351    1470.05    1470.05  0.000e+00
      10918      6.500    13.8865    13.8864    -0.0000    0.91976    0.91972          1     8.5175     8.4411      97.37     1.6386     0.3669  1.000e-12  0.3424000     6.6905     6.6902    -0.0003     4.4247     4.4245      6.440      6.591      0.461    1470.07    1470.07  0.000e+00
      10944      7.000    13.8837    13.8844     0.0006    0.91970    0.91969          1     8.5311     8.4541      97.36     1.6296     0.2995  1.000e-12  0.3284000     6.6905     6.6903    -0.0002     4.4251     4.4248      6.935      7.098      0.424    1470.07    1470.07  0.000e+00
      10975      7.500    13.8662    13.8762     0.0100    0.91935    0.91953          1     8.5744     8.4635      97.38     1.6221     0.3351  1.000e-12  0.3626000     6.6907     6.6904    -0.0003     4.4279     4.4261      7.430      7.605      0.388    1470.01    1470.05  0.000e+00
      11004      8.000    13.8644    13.8694     0.0051    0.91930    0.91937          1     8.6866     8.5876      97.37     1.5958     0.3374  1.000e-12  0.3270000     6.6906     6.6903    -0.0003     4.4281     4.4271      7.926      8.112      0.426    1470.01    1470.03  0.000e+00
      11031      8.500    13.8480    13.8510     0.0030    0.91890    0.91896          1     8.6294     8.6226      97.36     1.6187     0.3676  1.000e-12  0.3089000     6.6902     6.6902    -0.0000     4.4303     4.4298      8.421      8.619      0.439    1469.97    1469.98  0.000e+00
      11060      9.000    13.3897    13.4164     0.0261    0.90804    0.90877          1     8.8488     8.9634      97.38     1.6410     0.3987  1.000e-12  0.3376000     6.6841     6.6852     0.0011     4.4935     4.4904      8.916      9.126      0.410    1468.33    1468.43  0.000e+00
      11090      9.500    12.8325    12.8321     0.0002    0.89539    0.89522          1     9.0504     9.1626      97.38     1.7672     0.4094  1.000e-12  0.3720000     6.6807     6.6793    -0.0013     4.5714     4.5705      9.412      9.633      0.399    1466.33    1466.33  0.000e+00
      11119     10.000    12.4188    12.4261     0.0073    0.88595    0.88607          1     9.1306     9.2552      97.38     1.9845     0.4210  1.000e-12  0.4045000     6.6773     6.6769    -0.0003     4.6257     4.6245      9.907     10.140      0.417    1464.82    1464.85  0.000e+00
      11147     10.500    11.8695    11.8840     0.0144    0.87374    0.87383          1     9.2353     9.3921      97.37     2.1231     0.4630  1.000e-12  0.4131000     6.6750     6.6732    -0.0019     4.6964     4.6931     10.403     10.647      0.424    1462.79    1462.85  0.000e+00
      11176     11.000    11.2969    11.3113     0.0144    0.86106    0.86097          1     9.2096     9.4048      97.37     2.1187     0.4229  1.000e-12  0.4086000     6.6726     6.6692    -0.0033     4.7663     4.7620     10.898     11.154      0.410    1460.65    1460.70  0.000e+00
      11206     11.500    10.5907    10.6246     0.0338    0.84521    0.84569          1     9.2179     9.4452      97.38     2.2899     0.5194  1.000e-12  0.4289000     6.6670     6.6649    -0.0021     4.8446     4.8391     11.393     11.661      0.418    1457.96    1458.09  0.000e+00
      11234     12.000     9.6516     9.6761     0.0245    0.82462    0.82495          1     9.2884     9.4385      97.37     2.3409     0.3984  1.000e-12  0.4741000     6.6623     6.6607    -0.0017     4.9415     4.9377     11.888     12.168      0.413    1454.32    1454.41  0.000e+00
      11264     12.500     9.0754     9.0884     0.0129    0.81270    0.81284          1     9.2244     9.2518      97.36     2.2843     0.4957  1.000e-12  0.4067000     6.6649     6.6638    -0.0012     4.9999     4.9978     12.384     12.674      0.392    1452.05    1452.10  0.000e+00
      11294     13.000     8.7011     8.7054     0.0043    0.80517    0.80530          1     9.1472     9.1065      97.37     2.3363     0.4191  1.000e-12  0.3826000     6.6682     6.6686     0.0004     5.0367     5.0366     12.879     13.181      0.441    1450.56    1450.58  0.000e+00
      11319     13.500     8.5251     8.5302     0.0051    0.80207    0.80211          1     9.1377     9.0041      97.37     2.4258     0.3861  1.000e-12  0.3710000     6.6737     6.6731    -0.0007     5.0564     5.0554     13.374     13.688      0.472    1449.86    1449.88  0.000e+00
      11346     14.000     8.3883     8.3898     0.0015    0.80036    0.80031          1     9.0788     8.8918      97.37     2.4157     0.4124  1.000e-12  0.3536000     6.6842     6.6834    -0.0007     5.0763     5.0756     13.870     14.195      0.417    1449.33    1449.34  0.000e+00
      11379     14.500     8.3697     8.3624    -0.0072    0.80154    0.80127          1     9.0164     8.7934      97.38     2.6610     0.4586  1.000e-12  0.3706000     6.6982     6.6972    -0.0010     5.0888     5.0886     14.365     14.701      0.346    1449.28    1449.25  0.000e+00
      11411     15.000     8.4234     8.4189    -0.0044    0.80536    0.80511          1     8.8841     8.6830      97.38     3.2502     0.5070  1.000e-12  0.3420000     6.7223     6.7208    -0.0014     5.1031     5.1023     14.860     15.208      0.440    1449.54    1449.52  0.000e+00
      11435     15.500     8.4363     8.4376     0.0012    0.80744    0.80741          1     8.8321     8.6329      97.38     4.5311     0.6323  1.000e-12  0.3621000     6.7384     6.7379    -0.0005     5.1146     5.1141     15.356     15.715      0.503    1449.62    1449.62  0.000e+00
      11459     16.000     8.4462     8.4427    -0.0035    0.80992    0.80960          1     8.9864     8.7927      97.38     6.4188     0.7829  1.000e-12  0.4044000     6.7587     6.7564    -0.0023     5.1296     5.1282     15.851     16.221      0.463    1449.69    1449.67  0.000e+00
      11489     16.500     8.5502     8.5436    -0.0066    0.81758    0.81697          1     9.1362     8.9615      97.39     7.3490     0.8586  1.000e-12  0.4332000     6.8072     6.8031    -0.0042     5.1586     5.1559     16.346     16.728      0.383    1450.18    1450.15  0.000e+00
      11520     17.000     8.2729     8.3113     0.0386    0.81506    0.81618          1     8.8867     8.9192      97.39     8.9828     0.9173  1.000e-12  0.4625000     6.8381     6.8407     0.0026     5.2059     5.2047     16.842     17.235      0.392    1449.10    1449.26  0.000e+00
      11550     17.500     6.8702     6.9078     0.0379    0.78253    0.78356          1     8.4835     8.8915      97.40    13.8245     1.3898  1.000e-12  0.6040000     6.8141     6.8161     0.0020     5.2889     5.2880     17.337     17.741      0.417    1443.26    1443.42  0.000e+00
      11578     18.000     5.3116     5.3669     0.0546    0.75575    0.75751          1     8.7296     9.2695      97.41     6.8835     0.8884  1.000e-12  0.4413000     6.8723     6.8782     0.0059     5.4175     5.4199     17.832     18.248      0.432    1436.65    1436.90  0.000e+00
      11605     18.500     3.7758     3.7775     0.0020    0.72377    0.72352          1     9.3190     9.6067      97.40     1.3020     0.3122  1.000e-12  0.2543000     6.8736     6.8707    -0.0029     5.4692     5.4667     18.328     18.754      0.447    1429.85    1429.86  0.000e+00
      11632     19.000     3.8390     3.8491     0.0100    0.73157    0.73180          1     9.4812     9.5027      97.39     0.8771     0.2745  1.000e-12  0.2249000     6.9395     6.9397     0.0002     5.5202     5.5202     18.823     19.261      0.441    1430.23    1430.28  0.000e+00
      11660     19.500     3.3695     3.3809     0.0115    0.72328    0.72377          1     9.3230     9.1035      97.41     0.6700     0.2535  1.000e-12  0.1918000     6.9550     6.9577     0.0027     5.5404     5.5424     19.318     19.767      0.399    1428.12    1428.18  0.000e+00
      11693     20.000     2.8341     2.8462     0.0120    0.71529    0.71549          1     9.0277     8.6907      98.43     0.5577     0.2359  1.000e-12  0.1682000     6.9879     6.9875    -0.0005     5.5718     5.5714     19.814     20.274      0.365    1425.71    1425.76  0.000e+00
      11725     20.500     2.6554     2.6549    -0.0007    0.71434    0.71427          1     8.6451     8.3085      98.68     0.3836     0.2684  1.000e-12  0.1605000     7.0171     7.0165    -0.0006     5.5959     5.5954     20.309     20.780      0.409    1424.93    1424.92  0.000e+00
      11751     21.000     2.3992     2.3940    -0.0051    0.71112    0.71100          1     8.6590     8.2985      98.68     0.3803     0.2299  1.000e-12  0.1554000     7.0395     7.0395    -0.0001     5.6140     5.6139     20.804     21.287      0.472    1423.77    1423.74  0.000e+00
      11776     21.500     2.6246     2.6037    -0.0206    0.71845    0.71778          1     8.7315     8.3717      98.68     0.3814     0.2310  1.000e-12  0.1414000     7.0670     7.0646    -0.0024     5.6356     5.6338     21.300     21.793      0.472    1424.86    1424.76  0.000e+00
      11803     22.000     3.0535     3.0479    -0.0057    0.73034    0.73004          1     8.7422     8.5229      98.68     0.3868     0.2584  1.000e-12  0.1465000     7.0968     7.0949    -0.0019     5.6572     5.6557     21.795     22.299      0.405    1426.90    1426.87  0.000e+00
      11836     22.500     3.2569     3.2792     0.0217    0.73698    0.73743          1     8.7683     8.6006      98.68     0.3764     0.2473  1.000e-12  0.1518000     7.1209     7.1206    -0.0003     5.6741     5.6736     22.290     22.806      0.357    1427.87    1427.97  0.000e+00
      11868     23.000     3.1966     3.1844    -0.0115    0.73779    0.73730          1     8.7996     8.6270      98.68     0.3906     0.2491  1.000e-12  0.1315000     7.1426     7.1402    -0.0024     5.6923     5.6905     22.786     23.312      0.406    1427.63    1427.57  0.000e+00
      11896     23.500     3.2252     3.2240    -0.0012    0.73977    0.73968          1     8.9103     8.7234      98.68     0.3648     0.2370  1.000e-12  0.1378000     7.1568     7.1561    -0.0007     5.7033     5.7027     23.281     23.819      0.441    1427.79    1427.78  0.000e+00
      11923     24.000     3.3495     3.3428    -0.0066    0.74427    0.74395          1     8.8332     8.7120      98.68     0.3456     0.2267  1.000e-12  0.1377000     7.1757     7.1738    -0.0019     5.7167     5.7153     23.776     24.325      0.440    1428.39    1428.35  0.000e+00
      11950     24.500     3.2693     3.2777     0.0084    0.74330    0.74371          1     8.7373     8.6057      98.68     0.3419     0.2389  1.000e-12  0.1379000     7.1833     7.1857     0.0024     5.7237     5.7255     24.272     24.831      0.435    1428.04    1428.08  0.000e+00
      11979     25.000     2.9692     2.9651    -0.0041    0.73661    0.73648          1     8.8335     8.6128      98.68     0.3279     0.2253  1.000e-12  0.1403000     7.1806     7.1802    -0.0004     5.7248     5.7245     24.767     25.338      0.387    1426.66    1426.64  0.000e+00
      12012     25.500     3.1214     3.1047    -0.0169    0.74145    0.74084          1     8.7317     8.5757      98.68     0.3213     0.2396  1.000e-12  0.1471000     7.1971     7.1944    -0.0026     5.7365     5.7345     25.262     25.844      0.369    1427.39    1427.31  0.000e+00
      12043     26.000     3.1267     3.1506     0.0240    0.74266    0.74348          1     8.6324     8.5325      98.68     0.3107     0.3146  1.000e-12  0.1333000     7.2083     7.2115     0.0032     5.7451     5.7475     25.757     26.350      0.410    1427.44    1427.55  0.000e+00
      12071     26.500     2.6104     2.6008    -0.0096    0.73105    0.73096          1     8.5672     8.4073      97.77     0.3200     0.2228  1.000e-12  0.1539000     7.2027     7.2039     0.0012     5.7444     5.7453     26.253     26.857      0.442    1425.05    1425.01  0.000e+00
      12098     27.000     2.5552     2.5544    -0.0008    0.73052    0.73049          1     8.4441     8.2816      97.47     0.2993     0.2358  1.000e-12  0.1377000     7.2095     7.2094    -0.0001     5.7499     5.7498     26.748     27.363      0.444    1424.81    1424.81  0.000e+00
      12126     27.500     2.5073     2.5079     0.0006    0.73040    0.73037          1     8.3596     8.2008      97.47     0.3210     0.2319  1.000e-12  0.1399000     7.2190     7.2186    -0.0004     5.7576     5.7572     27.243     27.870      0.413    1424.61    1424.61  0.000e+00
      12157     28.000     2.5031     2.5027    -0.0005    0.73122    0.73116          1     8.2507     8.0592      97.47     0.3063     0.2105  1.000e-12  0.1412000     7.2286     7.2281    -0.0005     5.7652     5.7648     27.739     28.376      0.371    1424.61    1424.61  0.000e+00
