ctdpy/exports/archive_20191121_122431/received_data/SBE09_0827_20180128_1305_26_01_0246.cnv
* Sea-Bird SBE 9 Data File:
* FileName = D:\CTD_SBE911\DAT\26DA.2018.1.146.hex
* Software Version Seasave V 7.21d
* Temperature SN = 034757
* Conductivity SN = 041844
* Number of Bytes Per Scan = 48
* Number of Voltage Words = 5
* Number of Scans Averaged by the Deck Unit = 1
* NMEA Latitude = 56 33.29 N
* NMEA Longitude = 012 34.19 E
* NMEA UTC (Time) = Jan 28 2018  13:05:11
* NMEA baud rate = 4800
** Ship: DANA
** Average sound velocity: 1453.83 m/s
** True-depth calculation Thu, 28 Mar 2019 08:33:14 +0000
** CTD Python Module SMHI /ver 3-12/ feb 2012 
** LIMS Job: 20182601-0246
** Laholm 3
** Operator: Ronny Sørensen
** Cruise: 01/2018
# nquan = 26
# nvalues = 43                          
# units = specified
# name 0 = scan: Scan Count
# name 1 = prDM: Pressure, Digiquartz [db]
# name 2 = t090C: Temperature [ITS-90, deg C]
# name 3 = t190C: Temperature, 2 [ITS-90, deg C]
# name 4 = T2-T190C: Temperature Difference, 2 - 1 [ITS-90, deg C]
# name 5 = c0S/m: Conductivity [S/m]
# name 6 = c1S/m: Conductivity, 2 [S/m]
# name 7 = pumps: Pump Status
# name 8 = sbeox1ML/L: Oxygen, SBE 43, 2 [ml/l]
# name 9 = sbeox0ML/L: Oxygen, SBE 43 [ml/l]
# name 10 = altM: Altimeter [m]
# name 11 = chloroflTC0: Chlorophyll, Turner Cyclops [ug/l]
# name 12 = cpar: CPAR/Corrected Irradiance [%]
# name 13 = par: PAR/Irradiance, Biospherical/Lico [µE/(cm^2*s)]
# name 14 = spar: SPAR, Biospherical/Licor
# name 15 = sal00: Salinity, Practical [PSU]
# name 16 = sal11: Salinity, Practical, 2 [PSU]
# name 17 = secS-priS: Salinity, Practical, Difference, 2 - 1 [PSU]
# name 18 = sigma-t00: Density [sigma-t, kg/m^3 ]
# name 19 = sigma-t11: Density, 2 [sigma-t, kg/m^3 ]
# name 20 = depSM: Depth [salt water, m], lat = 56.5548
# name 21 = depFM: Depth [true depth, m], lat = 56.5548
# name 22 = dz/dtM: Descent Rate [m/s], WS = 2
# name 23 = svCM: Sound Velocity [Chen-Millero, m/s]
# name 24 = svCM1: Sound Velocity, 2 [Chen-Millero, m/s]
# name 25 = flag: flag
# span 0 =          7,       2547       
# span 1 =      1.500,     22.500       
# span 2 =     3.4631,     7.1969       
# span 3 =     3.4622,     7.1953       
# span 4 =    -0.2583,     0.2446       
# span 5 =   1.730383,   3.342006       
# span 6 =   1.729809,   3.340926       
# span 7 =          1,          1       
# span 8 =     5.4319,     7.6312       
# span 9 =     5.4374,     8.1918       
# span 10 =       0.57,       9.98      
# span 11 =     0.0191,     0.2289      
# span 12 = -9.754e-04, 6.4735e+00      
# span 13 = -6.763e-03, 3.9852e+01      
# span 14 = 5.7844e+02, 8.3507e+02      
# span 15 =    17.7880,    32.7567      
# span 16 =    17.7822,    32.7435      
# span 17 =    -2.5896,    -0.0022      
# span 18 =    14.1507,    25.6270      
# span 19 =    14.1458,    25.6152      
# span 20 =      1.486,     22.293      
# span 21 =      1.506,     22.520      
# span 22 =     -0.158,      0.931      
# span 23 =    1442.28,    1476.98      
# span 24 =    1442.26,    1476.96      
# span 25 = 0.0000e+00, 0.0000e+00      
# interval = decibars: 0.5              
# start_time = Jan 28 2018 13:05:12 [NMEA time, first data scan]
# bad_flag = -9.990e-29
*END*
          7      1.500     3.4774     3.4778     0.0003    1.73082    1.73027          1     7.5630     7.7106       5.51     0.0220  6.473e+00  3.985e+01  6.156e+02    17.7887    17.7822    -0.0064    14.1509    14.1458      1.486      1.506     -0.038    1442.28    1442.27  0.000e+00
         22      2.000     3.4755     3.4738    -0.0016    1.73073    1.73022          1     7.5899     7.9598       3.00     0.0220  5.866e+00  3.600e+01  6.138e+02    17.7885    17.7837    -0.0048    14.1509    14.1472      1.982      2.009      0.206    1442.28    1442.27  0.000e+00
         35      2.500     3.4731     3.4745     0.0014    1.73059    1.73016          1     7.6081     8.1918       9.45     0.0218  5.136e+00  3.134e+01  6.101e+02    17.7881    17.7825    -0.0056    14.1507    14.1462      2.477      2.511      0.579    1442.28    1442.28  0.000e+00
        182      3.000     3.4730     3.4732     0.0002    1.73063    1.73009          1     7.5423     7.7781       6.33     0.0221  4.065e+00  2.482e+01  6.106e+02    17.7885    17.7823    -0.0062    14.1510    14.1461      2.973      3.013      0.454    1442.28    1442.28  0.000e+00
        335      3.500     3.4711     3.4676    -0.0035    1.73058    1.72998          1     7.5419     7.6845       3.79     0.0200  3.469e+00  2.105e+01  6.070e+02    17.7888    17.7840    -0.0048    14.1513    14.1477      3.468      3.515      0.531    1442.28    1442.26  0.000e+00
        427      4.000     3.4695     3.4687    -0.0007    1.73056    1.73001          1     7.5632     7.7153       5.61     0.0194  3.181e+00  1.902e+01  5.981e+02    17.7892    17.7836    -0.0057    14.1517    14.1473      3.963      4.017      0.931    1442.29    1442.28  0.000e+00
        442      4.500     3.4691     3.4663    -0.0028    1.73054    1.72990          1     7.5955     7.7225       9.83     0.0192  2.417e+00  1.454e+01  6.019e+02    17.7892    17.7835    -0.0056    14.1517    14.1474      4.459      4.519      0.755    1442.29    1442.27  0.000e+00
        492      5.000     3.4676     3.4660    -0.0016    1.73047    1.72985          1     7.6158     7.7218       9.98     0.0191  1.996e+00  1.200e+01  6.023e+02    17.7890    17.7829    -0.0061    14.1516    14.1469      4.954      5.022      0.483    1442.29    1442.28  0.000e+00
        595      5.500     3.4670     3.4654    -0.0016    1.73043    1.72981          1     7.6070     7.7192       9.98     0.0195  2.053e+00  1.212e+01  5.904e+02    17.7887    17.7827    -0.0060    14.1514    14.1467      5.450      5.524      0.789    1442.30    1442.28  0.000e+00
        614      6.000     3.4668     3.4647    -0.0021    1.73049    1.72995          1     7.6149     7.7215       9.97     0.0194  1.663e+00  9.920e+00  5.969e+02    17.7894    17.7844    -0.0049    14.1520    14.1482      5.945      6.026      0.599    1442.31    1442.29  0.000e+00
        704      6.500     3.4674     3.4661    -0.0013    1.73044    1.72990          1     7.6131     7.7295       9.97     0.0198  1.554e+00  9.139e+00  5.892e+02    17.7883    17.7830    -0.0053    14.1511    14.1469      6.440      6.528      0.438    1442.32    1442.30  0.000e+00
        780      7.000     3.4665     3.4658    -0.0007    1.73038    1.72990          1     7.6312     7.7354       9.97     0.0196  1.420e+00  8.275e+00  5.830e+02    17.7880    17.7830    -0.0051    14.1509    14.1469      6.936      7.030      0.595    1442.32    1442.31  0.000e+00
        800      7.500     3.4640     3.4631    -0.0008    1.73077    1.73019          1     7.6116     7.7380       9.97     0.0196  1.145e+00  6.756e+00  5.900e+02    17.7935    17.7876    -0.0060    14.1555    14.1508      7.431      7.532      0.444    1442.32    1442.31  0.000e+00
        924      8.000     3.4631     3.4622    -0.0010    1.73059    1.73029          1     7.5973     7.7314       9.96     0.0231  1.042e+00  6.053e+00  5.811e+02    17.7919    17.7890    -0.0029    14.1542    14.1520      7.927      8.035      0.696    1442.33    1442.32  0.000e+00
        957      8.500     3.4634     3.4623    -0.0011    1.73103    1.73039          1     7.6056     7.7257       9.96     0.0229  9.072e-01  5.269e+00  5.808e+02    17.7965    17.7900    -0.0066    14.1578    14.1527      8.422      8.537      0.764    1442.34    1442.33  0.000e+00
        998      9.000     3.4635     3.4629    -0.0006    1.73157    1.73065          1     7.5860     7.7242       9.96     0.0225  7.836e-01  4.530e+00  5.784e+02    17.8024    17.7923    -0.0100    14.1625    14.1545      8.918      9.039      0.489    1442.36    1442.34  0.000e+00
       1118      9.500     3.4679     3.4708     0.0030    1.73428    1.73410          1     7.5906     7.7164       9.96     0.0220  6.900e-01  4.016e+00  5.824e+02    17.8300    17.8264    -0.0036    14.1842    14.1812      9.413      9.541      0.502    1442.42    1442.43  0.000e+00
       1235     10.000     3.4764     3.4780     0.0016    1.73741    1.73680          1     7.5424     7.7179       9.96     0.0220  6.325e-01  3.712e+00  5.869e+02    17.8602    17.8525    -0.0078    14.2078    14.2015      9.908     10.043      0.604    1442.50    1442.50  0.000e+00
       1295     10.500     3.4835     3.4851     0.0016    1.73944    1.73869          1     7.5561     7.7133       8.80     0.0220  5.363e-01  3.158e+00  5.889e+02    17.8789    17.8695    -0.0094    14.2222    14.2147     10.404     10.545      0.376    1442.57    1442.56  0.000e+00
       1364     11.000     3.4863     3.4853    -0.0009    1.73963    1.73913          1     7.5779     7.7069       7.84     0.0220  4.920e-01  2.900e+00  5.895e+02    17.8792    17.8742    -0.0050    14.2224    14.2185     10.899     11.047      0.483    1442.59    1442.58  0.000e+00
       1391     11.500     3.4872     3.4876     0.0004    1.74010    1.73940          1     7.5498     7.7075       6.61     0.0220  4.261e-01  2.523e+00  5.923e+02    17.8839    17.8758    -0.0081    14.2260    14.2196     11.394     11.550      0.363    1442.61    1442.60  0.000e+00
       1441     12.000     3.4990     3.5032     0.0042    1.74265    1.74266          1     7.5345     7.6827       4.67     0.0220  3.564e-01  2.121e+00  5.950e+02    17.9057    17.9035    -0.0022    14.2428    14.2408     11.890     12.052      0.231    1442.69    1442.71  0.000e+00
       1486     12.500     3.5016     3.5130     0.0114    1.74348    1.74371          1     7.5425     7.6909       8.34     0.0218  3.142e-01  1.873e+00  5.963e+02    17.9134    17.9097    -0.0037    14.2488    14.2453     12.385     12.554      0.262    1442.72    1442.77  0.000e+00
       1540     13.000     3.5630     3.5653     0.0024    1.75529    1.75409          1     7.5611     7.6454       9.97     0.0220  2.785e-01  1.677e+00  6.021e+02    18.0112    17.9965    -0.0147    14.3234    14.3116     12.881     13.056      0.227    1443.13    1443.12  0.000e+00
       1584     13.500     3.5801     3.5781    -0.0020    1.75794    1.75654          1     7.4713     7.6305       8.88     0.0220  2.525e-01  1.528e+00  6.052e+02    18.0311    18.0167    -0.0144    14.3383    14.3269     13.376     13.558      0.337    1443.24    1443.21  0.000e+00
       1617     14.000     3.5817     3.5822     0.0004    1.76086    1.75934          1     7.4650     7.6208       9.58     0.0225  2.152e-01  1.303e+00  6.056e+02    18.0627    18.0455    -0.0172    14.3633    14.3496     13.871     14.060      0.331    1443.29    1443.27  0.000e+00
       1672     14.500     3.5877     3.5875    -0.0003    1.76293    1.76253          1     7.3440     7.5020       9.10     0.0221  1.860e-01  1.137e+00  6.111e+02    18.0823    18.0779    -0.0044    14.3786    14.3751     14.367     14.562      0.191    1443.35    1443.35  0.000e+00
       1743     15.000     3.6200     3.6314     0.0116    1.77660    1.77261          1     6.3940     6.6773       8.47     0.0222  1.674e-01  1.033e+00  6.169e+02    18.2165    18.1656    -0.0509    14.4834    14.4424     14.862     15.064      0.304    1443.68    1443.66  0.000e+00
       1773     15.500     4.1840     4.4300     0.2446    2.06086    2.01771          1     6.5236     6.8062       7.90     0.0236  1.483e-01  9.250e-01  6.237e+02    21.0420    20.3985    -0.6435    16.6881    16.1595     15.358     15.566      0.392    1449.75    1449.98  0.000e+00
       1806     16.000     6.7315     6.4722    -0.2583    3.24226    2.98368          1     6.4545     5.7793       7.24     0.0279  1.288e-01  8.172e-01  6.344e+02    32.0861    29.4965    -2.5896    25.1545    23.1490     15.853     16.064      0.360    1474.19    1469.94  0.000e+00
       1837     16.500     7.1429     7.0372    -0.1058    3.33101    3.24347          1     5.9746     5.4374       6.79     0.0601  1.123e-01  7.234e-01  6.444e+02    32.6873    31.8334    -0.8539    25.5779    24.9200     16.348     16.561      0.389    1476.59    1475.11  0.000e+00
       1872     17.000     7.1551     7.1702     0.0152    3.33476    3.31858          1     5.6141     5.4680       6.31     0.0962  9.480e-02  6.263e-01  6.607e+02    32.7170    32.5268    -0.1902    25.5998    25.4481     16.844     17.058      0.246    1476.68    1476.50  0.000e+00
       1947     17.500     7.1810     7.1809    -0.0001    3.34045    3.33160          1     5.4546     5.5765       5.63     0.1183  6.306e-02  4.319e-01  6.843e+02    32.7540    32.6579    -0.0961    25.6254    25.5498     17.339     17.554      0.364    1476.84    1476.72  0.000e+00
       1968     18.000     7.1786     7.1822     0.0035    3.34018    3.33261          1     5.4542     5.5961       5.16     0.1215  3.517e-02  2.427e-01  6.902e+02    32.7531    32.6674    -0.0857    25.6250    25.5571     17.835     18.051      0.539    1476.84    1476.74  0.000e+00
       1991     18.500     7.1848     7.1844    -0.0005    3.34108    3.33392          1     5.4451     5.6010       4.63     0.1315  8.826e-03  6.116e-02  6.951e+02    32.7567    32.6794    -0.0773    25.6270    25.5662     18.330     18.547      0.450    1476.87    1476.77  0.000e+00
       2065     19.000     7.1871     7.1887     0.0015    3.34080    3.33568          1     5.4785     5.6011       4.10     0.1406 -9.754e-04 -6.763e-03  7.031e+02    32.7513    32.6943    -0.0571    25.6225    25.5773     18.825     19.044      0.398    1476.88    1476.82  0.000e+00
       2105     19.500     7.1850     7.1927     0.0077    3.34077    3.33721          1     5.4725     5.5995       3.64     0.1501 -5.628e-12 -3.924e-11  7.055e+02    32.7527    32.7068    -0.0459    25.6238    25.5867     19.321     19.540      0.795    1476.88    1476.86  0.000e+00
       2118     20.000     7.1888     7.1935     0.0047    3.34125    3.33752          1     5.4666     5.5998       3.17     0.1558  1.405e-13  1.000e-12  7.117e+02    32.7542    32.7092    -0.0450    25.6245    25.5885     19.816     20.037      0.872    1476.91    1476.87  0.000e+00
       2131     20.500     7.1905     7.1939     0.0034    3.34142    3.33777          1     5.4658     5.5965       2.64     0.1608  1.382e-13  1.000e-12  7.237e+02    32.7542    32.7113    -0.0428    25.6242    25.5901     20.311     20.533      0.708    1476.92    1476.88  0.000e+00
       2208     21.000     7.1906     7.1930     0.0025    3.34111    3.33859          1     5.4423     5.5917       2.07     0.1692  1.330e-13  1.000e-12  7.520e+02    32.7505    32.7208    -0.0298    25.6214    25.5976     20.807     21.030      0.600    1476.93    1476.90  0.000e+00
       2270     21.500     7.1895     7.1930     0.0035    3.34069    3.33872          1     5.4319     5.5856       1.51     0.1677  1.308e-13  1.000e-12  7.646e+02    32.7467    32.7220    -0.0247    25.6185    25.5986     21.302     21.527      0.768    1476.93    1476.91  0.000e+00
       2371     22.000     7.1941     7.1953     0.0012    3.34158    3.33994          1     5.4513     5.5870       1.00     0.1935  1.248e-13  1.000e-12  8.025e+02    32.7518    32.7328    -0.0191    25.6219    25.6067     21.798     22.023      0.387    1476.96    1476.94  0.000e+00
       2547     22.500     7.1969     7.1950    -0.0018    3.34201    3.34093          1     5.4410     5.5754       0.57     0.2289  1.197e-13  1.000e-12  8.351e+02    32.7536    32.7435    -0.0100    25.6229    25.6152     22.293     22.520     -0.158    1476.98    1476.96  0.000e+00
