ctdpy/exports/archive_20191121_122431/received_data/SBE09_1044_20181020_0511_34_01_0114.cnv
* Sea-Bird SBE 9 Data File:
* FileName = C:\ctd\temp\ar18d114.hex
* Software Version Seasave V 7.26.7.107
* Temperature SN = 5351
* Conductivity SN = 3941
* Number of Bytes Per Scan = 41
* Number of Voltage Words = 4
* Number of Scans Averaged by the Deck Unit = 1
* NMEA Latitude = 57 07.03 N
* NMEA Longitude = 017 40.13 E
* NMEA UTC (Time) = Oct 20 2018  05:10:43
* NMEA baud rate = 4800
** Station:  BY38
** Operator:  OBac
** Ship: ARANDA
** Average sound velocity: 1445.45 m/s
** True-depth calculation Sat, 20 Oct 2018 06:04:12 +0000
** CTD Python Module SMHI /ver 3-12/ feb 2012 
** LIMS Job: 20183401-0114
** Cruise: SMHI-4-2018
** Latitude [GG MM.mm N]:
** Longitude [GG MM.mm E]
# nquan = 26
# nvalues = 208                         
# units = specified
# name 0 = scan: Scan Count
# name 1 = prDM: Pressure, Digiquartz [db]
# name 2 = t090C: Temperature [ITS-90, deg C]
# name 3 = t190C: Temperature, 2 [ITS-90, deg C]
# name 4 = T2-T190C: Temperature Difference, 2 - 1 [ITS-90, deg C]
# name 5 = c0S/m: Conductivity [S/m]
# name 6 = c1S/m: Conductivity, 2 [S/m]
# name 7 = pumps: Pump Status
# name 8 = sbeox0ML/L: Oxygen, SBE 43 [ml/l]
# name 9 = sbeox1ML/L: Oxygen, SBE 43, 2 [ml/l]
# name 10 = altM: Altimeter [m]
# name 11 = flECO-AFL: Chl-a Fluorescence, WET Labs ECO-AFL/FL [mg/m^3]
# name 12 = flECO-AFL1: Phycocyanin Fluorescence, WET Labs ECO-AFL/FL, 2 [mg/m^3]
# name 13 = par: PAR/Irradiance, Biospherical/Lico [µE/(cm^2*s)]
# name 14 = turbWETntu0: Turbidity, WET Labs ECO [NTU]
# name 15 = sal00: Salinity, Practical [PSU]
# name 16 = sal11: Salinity, Practical, 2 [PSU]
# name 17 = secS-priS: Salinity, Practical, Difference, 2 - 1 [PSU]
# name 18 = sigma-t00: Density [sigma-t, Kg/m^3 ]
# name 19 = sigma-t11: Density, 2 [sigma-t, Kg/m^3 ]
# name 20 = depSM: Depth [salt water, m], lat = 57.1172
# name 21 = depFM: Depth [true depth, m], lat = 57.1172
# name 22 = dz/dtM: Descent Rate [m/s], WS = 2
# name 23 = svCM: Sound Velocity [Chen-Millero, m/s]
# name 24 = svCM1: Sound Velocity, 2 [Chen-Millero, m/s]
# name 25 = flag: flag
# span 0 =      32973,      38318       
# span 1 =      1.500,    105.000       
# span 2 =     4.0816,    11.4383       
# span 3 =     4.0821,    11.4397       
# span 4 =    -0.0042,     0.0131       
# span 5 =   0.789304,   1.171632       
# span 6 =   0.789466,   1.171596       
# span 7 =          1,          1       
# span 8 =    0.03478,    7.33271       
# span 9 =    0.07212,    6.93829       
# span 10 =       3.13,      98.96      
# span 11 =     0.2457,     1.3251      
# span 12 =     0.1499,     0.4532      
# span 13 = -7.985e-06, 7.5069e+00      
# span 14 =     0.1624,     1.8060      
# span 15 =     6.9402,    10.8191      
# span 16 =     6.9399,    10.8182      
# span 17 =    -0.0058,     0.0012      
# span 18 =     4.9566,     8.5056      
# span 19 =     4.9562,     8.5048      
# span 20 =      1.486,    104.008      
# span 21 =      1.520,    106.226      
# span 22 =      0.008,      0.592      
# span 23 =    1432.89,    1461.57      
# span 24 =    1432.92,    1461.57      
# span 25 = 0.0000e+00, 0.0000e+00      
# interval = decibars: 0.5              
# start_time = Oct 20 2018 05:10:43 [NMEA time, first data scan]
# bad_flag = -9.990e-29
*END*
      32973      1.500    11.4349    11.4358     0.0009    0.89612    0.89609          1     7.3327     6.9261      98.91     1.2796     0.4137  7.507e+00  0.2931000     6.9404     6.9400    -0.0004     4.9570     4.9565      1.486      1.520      0.095    1461.34    1461.35  0.000e+00
      33055      2.000    11.4322    11.4350     0.0028    0.89606    0.89608          1     7.2992     6.9362      97.67     1.2528     0.3830  5.856e+00  0.2846000     6.9403     6.9400    -0.0003     4.9572     4.9566      1.982      2.027      0.238    1461.34    1461.35  0.000e+00
      33096      2.500    11.4350    11.4371     0.0021    0.89613    0.89614          1     7.3016     6.9368      78.72     1.2795     0.4053  5.072e+00  0.3003000     6.9404     6.9400    -0.0003     4.9569     4.9564      2.477      2.534      0.359    1461.36    1461.37  0.000e+00
      33127      3.000    11.4339    11.4366     0.0027    0.89611    0.89613          1     7.3239     6.9285      95.53     1.2445     0.4367  4.162e+00  0.2990000     6.9403     6.9400    -0.0003     4.9570     4.9564      2.972      3.041      0.416    1461.36    1461.37  0.000e+00
      33155      3.500    11.4335    11.4346     0.0012    0.89610    0.89608          1     7.3174     6.9312      55.16     1.2747     0.3916  3.571e+00  0.3060000     6.9403     6.9399    -0.0004     4.9571     4.9566      3.468      3.547      0.436    1461.37    1461.38  0.000e+00
      33182      4.000    11.4339    11.4351     0.0012    0.89612    0.89610          1     7.3039     6.9196      98.86     1.2628     0.3573  2.983e+00  0.3110000     6.9403     6.9399    -0.0004     4.9570     4.9566      3.963      4.054      0.440    1461.38    1461.38  0.000e+00
      33209      4.500    11.4339    11.4355     0.0016    0.89612    0.89611          1     7.2916     6.9233      49.30     1.2738     0.4012  2.533e+00  0.3079000     6.9403     6.9399    -0.0003     4.9570     4.9565      4.459      4.561      0.477    1461.39    1461.39  0.000e+00
      33232      5.000    11.4338    11.4354     0.0016    0.89612    0.89612          1     7.2885     6.9297      97.69     1.2820     0.4245  2.121e+00  0.3037000     6.9403     6.9399    -0.0004     4.9570     4.9565      4.954      5.068      0.516    1461.40    1461.40  0.000e+00
      33255      5.500    11.4349    11.4360     0.0011    0.89616    0.89614          1     7.3019     6.9347      98.71     1.2527     0.4116  1.791e+00  0.3052000     6.9403     6.9399    -0.0004     4.9569     4.9564      5.449      5.574      0.522    1461.41    1461.41  0.000e+00
      33279      6.000    11.4346    11.4360     0.0014    0.89615    0.89614          1     7.3197     6.9349      96.02     1.2651     0.3718  1.501e+00  0.3096000     6.9403     6.9399    -0.0004     4.9569     4.9564      5.945      6.081      0.516    1461.42    1461.42  0.000e+00
      33302      6.500    11.4343    11.4357     0.0014    0.89616    0.89614          1     7.3276     6.9383      92.25     1.2895     0.3428  1.264e+00  0.2986000     6.9403     6.9399    -0.0004     4.9570     4.9565      6.440      6.588      0.505    1461.42    1461.43  0.000e+00
      33326      7.000    11.4338    11.4350     0.0013    0.89614    0.89613          1     7.3077     6.9292      98.69     1.2981     0.3650  1.104e+00  0.3106000     6.9402     6.9399    -0.0004     4.9570     4.9565      6.936      7.095      0.510    1461.43    1461.43  0.000e+00
      33349      7.500    11.4339    11.4355     0.0015    0.89616    0.89615          1     7.2989     6.9245      86.15     1.2715     0.4240  9.332e-01  0.2962000     6.9403     6.9399    -0.0004     4.9570     4.9565      7.431      7.601      0.535    1461.44    1461.44  0.000e+00
      33371      8.000    11.4345    11.4360     0.0015    0.89618    0.89617          1     7.2920     6.9301      98.96     1.2799     0.4358  8.079e-01  0.2965000     6.9403     6.9399    -0.0004     4.9569     4.9565      7.926      8.108      0.547    1461.45    1461.45  0.000e+00
      33393      8.500    11.4354    11.4374     0.0019    0.89620    0.89620          1     7.2959     6.9283      95.67     1.2801     0.3978  6.815e-01  0.3079000     6.9403     6.9399    -0.0004     4.9568     4.9563      8.422      8.615      0.532    1461.46    1461.47  0.000e+00
      33416      9.000    11.4361    11.4375     0.0014    0.89623    0.89621          1     7.2916     6.9180      85.92     1.2694     0.3934  5.846e-01  0.3079000     6.9404     6.9399    -0.0005     4.9568     4.9563      8.917      9.122      0.515    1461.47    1461.47  0.000e+00
      33439      9.500    11.4362    11.4373     0.0011    0.89624    0.89622          1     7.2951     6.9179      98.14     1.2879     0.4111  5.058e-01  0.2981000     6.9403     6.9399    -0.0004     4.9567     4.9563      9.413      9.628      0.517    1461.48    1461.48  0.000e+00
      33462     10.000    11.4357    11.4379     0.0022    0.89624    0.89625          1     7.3153     6.9279      82.57     1.2975     0.4235  4.301e-01  0.3018000     6.9404     6.9400    -0.0004     4.9569     4.9563      9.908     10.135      0.531    1461.48    1461.49  0.000e+00
      33485     10.500    11.4377    11.4393     0.0016    0.89631    0.89631          1     7.3239     6.9253      93.13     1.2668     0.4356  3.630e-01  0.3149000     6.9405     6.9402    -0.0003     4.9567     4.9563     10.403     10.642      0.545    1461.50    1461.51  0.000e+00
      33506     11.000    11.4383    11.4392     0.0009    0.89633    0.89631          1     7.3209     6.9227      97.21     1.2908     0.4522  3.044e-01  0.3160000     6.9405     6.9402    -0.0003     4.9566     4.9563     10.899     11.149      0.550    1461.51    1461.51  0.000e+00
      33528     11.500    11.4366    11.4376     0.0010    0.89629    0.89626          1     7.3015     6.9242      77.16     1.3251     0.4532  2.640e-01  0.3047000     6.9405     6.9400    -0.0004     4.9568     4.9563     11.394     11.655      0.536    1461.51    1461.52  0.000e+00
      33551     12.000    11.4361    11.4374     0.0013    0.89628    0.89627          1     7.2891     6.9256      95.29     1.2720     0.3995  2.187e-01  0.2933000     6.9404     6.9401    -0.0003     4.9568     4.9564     11.889     12.162      0.516    1461.52    1461.52  0.000e+00
      33575     12.500    11.4352    11.4384     0.0031    0.89626    0.89630          1     7.3004     6.9263      98.74     1.2782     0.4211  1.815e-01  0.2894000     6.9404     6.9402    -0.0003     4.9570     4.9564     12.385     12.669      0.527    1461.52    1461.54  0.000e+00
      33597     13.000    11.4354    11.4368     0.0015    0.89628    0.89626          1     7.3056     6.9322      88.00     1.2759     0.4148  1.495e-01  0.2902000     6.9405     6.9401    -0.0004     4.9570     4.9565     12.880     13.176      0.543    1461.53    1461.54  0.000e+00
      33619     13.500    11.4353    11.4361     0.0008    0.89627    0.89624          1     7.3161     6.9299      55.40     1.2780     0.4448  1.182e-01  0.3028000     6.9404     6.9400    -0.0004     4.9569     4.9565     13.375     13.682      0.532    1461.54    1461.54  0.000e+00
      33642     14.000    11.4366    11.4388     0.0023    0.89631    0.89633          1     7.2943     6.9274      24.58     1.2896     0.4518  9.897e-02  0.3121000     6.9404     6.9401    -0.0003     4.9568     4.9563     13.871     14.189      0.525    1461.55    1461.56  0.000e+00
      33665     14.500    11.4382    11.4397     0.0015    0.89636    0.89636          1     7.2828     6.9273      97.28     1.2663     0.3991  8.089e-02  0.3050000     6.9405     6.9402    -0.0003     4.9566     4.9562     14.366     14.696      0.531    1461.57    1461.57  0.000e+00
      33687     15.000    11.4341    11.4351     0.0011    0.89633    0.89632          1     7.3030     6.9196      74.87     1.2808     0.4098  5.906e-02  0.3043000     6.9409     6.9406    -0.0003     4.9575     4.9571     14.862     15.203      0.523    1461.56    1461.56  0.000e+00
      33711     15.500    11.4203    11.4189    -0.0014    0.89629    0.89627          1     7.3023     6.9093      60.94     1.2301     0.3823  4.356e-02  0.3167000     6.9432     6.9432     0.0001     4.9609     4.9611     15.357     15.709      0.524    1461.52    1461.51  0.000e+00
      33733     16.000    11.4225    11.4225     0.0001    0.89631    0.89630          1     7.3016     6.9164      98.25     1.2600     0.4085  3.160e-02  0.2948000     6.9429     6.9428    -0.0001     4.9604     4.9603     15.852     16.216      0.539    1461.53    1461.53  0.000e+00
      33755     16.500    11.4269    11.4274     0.0006    0.89635    0.89633          1     7.3075     6.9351      96.39     1.2293     0.4338  1.610e-02  0.3015000     6.9423     6.9421    -0.0002     4.9594     4.9592     16.348     16.723      0.547    1461.56    1461.56  0.000e+00
      33777     17.000    11.4274    11.4286     0.0012    0.89635    0.89635          1     7.2850     6.9198      95.56     1.2713     0.4082  2.142e-03  0.3035000     6.9422     6.9419    -0.0003     4.9593     4.9589     16.843     17.230      0.550    1461.57    1461.57  0.000e+00
      33799     17.500    11.4048    11.4161     0.0109    0.89616    0.89624          1     7.2377     6.9049      94.76     1.2810     0.4028 -7.985e-06  0.3069000     6.9447     6.9433    -0.0014     4.9640     4.9616     17.338     17.736      0.546    1461.50    1461.53  0.000e+00
      33821     18.000    11.2345    11.2312    -0.0029    0.89442    0.89434          1     7.1266     6.8229      94.18     1.1676     0.4216  1.075e-08  0.3017000     6.9620     6.9620    -0.0000     4.9983     4.9987     17.834     18.243      0.531    1460.88    1460.87  0.000e+00
      33844     18.500    11.1668    11.1778     0.0108    0.89363    0.89373          1     7.0174     6.7310      95.31     0.9344     0.3366  1.000e-12  0.2758000     6.9681     6.9669    -0.0012     5.0112     5.0090     18.329     18.750      0.517    1460.64    1460.68  0.000e+00
      33867     19.000    10.8918    10.8909    -0.0008    0.89031    0.89027          1     6.9448     6.6637      94.73     0.8501     0.3235  1.000e-12  0.2543000     6.9920     6.9919    -0.0002     5.0626     5.0625     18.824     19.257      0.521    1459.63    1459.63  0.000e+00
      33890     19.500    10.6623    10.6670     0.0048    0.88730    0.88735          1     6.9200     6.6390      77.61     0.7485     0.3096  1.000e-12  0.2533000     7.0102     7.0097    -0.0005     5.1033     5.1024     19.320     19.763      0.528    1458.79    1458.80  0.000e+00
      33913     20.000    10.4991    10.5040     0.0049    0.88399    0.88405          1     6.9186     6.6222      92.48     0.6698     0.3091  1.000e-12  0.2309000     7.0132     7.0128    -0.0004     5.1242     5.1233     19.815     20.270      0.527    1458.17    1458.19  0.000e+00
      33936     20.500    10.3682    10.3732     0.0050    0.88148    0.88154          1     6.9249     6.6089      91.10     0.7266     0.3183  1.000e-12  0.2405000     7.0168     7.0163    -0.0004     5.1416     5.1407     20.310     20.777      0.531    1457.68    1457.70  0.000e+00
      33958     21.000    10.2356    10.2387     0.0031    0.87894    0.87897          1     6.9465     6.6175      90.86     0.6533     0.3092  1.000e-12  0.2411000     7.0204     7.0201    -0.0003     5.1591     5.1585     20.806     21.283      0.536    1457.18    1457.19  0.000e+00
      33980     21.500    10.1493    10.1539     0.0046    0.87751    0.87756          1     6.9823     6.6426      89.89     0.6516     0.2856  1.000e-12  0.2406000     7.0247     7.0242    -0.0004     5.1718     5.1710     21.301     21.790      0.530    1456.86    1456.88  0.000e+00
      34003     22.000    10.0790    10.0828     0.0039    0.87658    0.87661          1     7.0142     6.6620      89.81     0.6873     0.2733  1.000e-12  0.2428000     7.0302     7.0297    -0.0005     5.1837     5.1829     21.797     22.297      0.538    1456.60    1456.61  0.000e+00
      34025     22.500    10.0532    10.0595     0.0063    0.87646    0.87653          1     7.0317     6.6713      91.98     0.7264     0.3234  1.000e-12  0.2477000     7.0341     7.0335    -0.0006     5.1895     5.1883     22.292     22.803      0.556    1456.51    1456.54  0.000e+00
      34046     23.000    10.0102    10.0152     0.0051    0.87585    0.87591          1     7.0252     6.6698      47.49     0.7951     0.3236  1.000e-12  0.2482000     7.0372     7.0366    -0.0005     5.1964     5.1955     22.787     23.310      0.544    1456.36    1456.37  0.000e+00
      34069     23.500     9.9530     9.9561     0.0032    0.87509    0.87511          1     7.0053     6.6533      84.54     0.7735     0.3128  1.000e-12  0.2579000     7.0416     7.0412    -0.0004     5.2060     5.2053     23.283     23.817      0.518    1456.15    1456.16  0.000e+00
      34093     24.000     9.8629     9.8601    -0.0028    0.87391    0.87381          1     6.9847     6.6410      68.01     0.7613     0.3182  1.000e-12  0.2233000     7.0488     7.0485    -0.0003     5.2211     5.2212     23.778     24.323      0.519    1455.81    1455.80  0.000e+00
      34115     24.500     9.7508     9.7522     0.0012    0.87213    0.87212          1     6.9815     6.6490      54.74     0.7504     0.3157  1.000e-12  0.2446000     7.0551     7.0548    -0.0003     5.2376     5.2372     24.273     24.830      0.539    1455.39    1455.39  0.000e+00
      34137     25.000     9.6245     9.6329     0.0085    0.87052    0.87059          1     7.0054     6.6791      98.28     0.7135     0.3045  1.000e-12  0.2276000     7.0657     7.0648    -0.0010     5.2588     5.2572     24.769     25.336      0.543    1454.91    1454.95  0.000e+00
      34160     25.500     9.4804     9.4869     0.0065    0.86846    0.86852          1     6.9805     6.6836      42.00     0.7074     0.2977  1.000e-12  0.2297000     7.0760     7.0752    -0.0007     5.2814     5.2801     25.264     25.843      0.531    1454.37    1454.39  0.000e+00
      34182     26.000     9.2621     9.2649     0.0031    0.86431    0.86434          1     6.8475     6.6079      76.81     0.6678     0.3233  1.000e-12  0.2259000     7.0825     7.0822    -0.0003     5.3079     5.3074     25.759     26.350      0.526    1453.52    1453.53  0.000e+00
      34205     26.500     8.9229     8.9250     0.0021    0.85922    0.85927          1     6.7577     6.5511      85.37     0.6038     0.3085  1.000e-12  0.2130000     7.1046     7.1047     0.0001     5.3573     5.3572     26.255     26.856      0.529    1452.20    1452.21  0.000e+00
      34228     27.000     8.4115     8.4197     0.0079    0.84899    0.84908          1     6.8073     6.5804      84.73     0.5588     0.2609  1.000e-12  0.2078000     7.1154     7.1146    -0.0008     5.4115     5.4101     26.750     27.363      0.528    1450.17    1450.20  0.000e+00
      34251     27.500     8.0413     8.0381    -0.0030    0.84127    0.84132          1     6.9569     6.6839      84.41     0.4887     0.2317  1.000e-12  0.2009000     7.1203     7.1214     0.0011     5.4463     5.4474     27.245     27.869      0.536    1448.67    1448.66  0.000e+00
      34273     28.000     7.7180     7.7160    -0.0020    0.83418    0.83417          1     7.0514     6.7505      39.51     0.5029     0.2356  1.000e-12  0.1802000     7.1212     7.1216     0.0003     5.4725     5.4730     27.741     28.376      0.548    1447.36    1447.35  0.000e+00
      34294     28.500     7.5540     7.5570     0.0029    0.83211    0.83213          1     7.0755     6.7539      65.14     0.4568     0.2579  1.000e-12  0.1624000     7.1357     7.1353    -0.0004     5.4963     5.4958     28.236     28.882      0.549    1446.71    1446.72  0.000e+00
