ctdpy/exports/archive_20191121_122431/received_data/SBE09_1044_20180124_1606_34_02_0001.cnv
* Sea-Bird SBE 9 Data File:
* FileName = C:\ctd\temp\2018\ME18D001.hex
* Software Version Seasave V 7.26.6.26
* Temperature SN = 5351
* Conductivity SN = 3941
* Number of Bytes Per Scan = 41
* Number of Voltage Words = 4
* Number of Scans Averaged by the Deck Unit = 1
* NMEA Latitude = 57 32.99 N
* NMEA Longitude = 011 31.12 E
* NMEA UTC (Time) = Jan 24 2018  16:06:46
* NMEA baud rate = 4800
** Station:  SW VINGA GF4
** Operator:  SSip
** Ship: MERI
** Average sound velocity: 1469.49 m/s
** True-depth calculation Fri, 26 Jan 2018 18:12:40 +0000
** CTD Python Module SMHI /ver 3-12/ feb 2012 
** LIMS Job: 20183402-0001
** Cruise: SMHI-01-2018
** Latitude [GG MM.mm N] :
** Longitude [GG MM.mm E]:
# nquan = 26
# nvalues = 152                         
# units = specified
# name 0 = scan: Scan Count
# name 1 = prDM: Pressure, Digiquartz [db]
# name 2 = t090C: Temperature [ITS-90, deg C]
# name 3 = t190C: Temperature, 2 [ITS-90, deg C]
# name 4 = T2-T190C: Temperature Difference, 2 - 1 [ITS-90, deg C]
# name 5 = c0S/m: Conductivity [S/m]
# name 6 = c1S/m: Conductivity, 2 [S/m]
# name 7 = pumps: Pump Status
# name 8 = sbeox0ML/L: Oxygen, SBE 43 [ml/l]
# name 9 = sbeox1ML/L: Oxygen, SBE 43, 2 [ml/l]
# name 10 = altM: Altimeter [m]
# name 11 = flECO-AFL: Chl-a Fluorescence, WET Labs ECO-AFL/FL [mg/m^3]
# name 12 = flECO-AFL1: Phycocyanin Fluorescence, WET Labs ECO-AFL/FL, 2 [mg/m^3]
# name 13 = par: PAR/Irradiance, Biospherical/Lico [µE/(cm^2*s)]
# name 14 = turbWETntu0: Turbidity, WET Labs ECO [NTU]
# name 15 = sal00: Salinity, Practical [PSU]
# name 16 = sal11: Salinity, Practical, 2 [PSU]
# name 17 = secS-priS: Salinity, Practical, Difference, 2 - 1 [PSU]
# name 18 = sigma-t00: Density [sigma-t, Kg/m^3 ]
# name 19 = sigma-t11: Density, 2 [sigma-t, Kg/m^3 ]
# name 20 = depSM: Depth [salt water, m], lat = 57.5498
# name 21 = depFM: Depth [true depth, m], lat = 57.5498
# name 22 = dz/dtM: Descent Rate [m/s], WS = 2
# name 23 = svCM: Sound Velocity [Chen-Millero, m/s]
# name 24 = svCM1: Sound Velocity, 2 [Chen-Millero, m/s]
# name 25 = flag: flag
# span 0 =      14268,      17763       
# span 1 =      1.000,     76.500       
# span 2 =     3.8040,     7.9619       
# span 3 =     3.8038,     7.9617       
# span 4 =    -0.0339,     0.0175       
# span 5 =   1.945075,   3.571930       
# span 6 =   1.944941,   3.571630       
# span 7 =          1,          1       
# span 8 =    5.88129,    7.73248       
# span 9 =    5.86656,    7.72839       
# span 10 =       0.00,      93.02      
# span 11 =     0.1034,     0.9109      
# span 12 =     0.2409,     0.4104      
# span 13 = -1.856e-04, 3.3348e-01      
# span 14 =     0.3754,     4.1260      
# span 15 =    19.9968,    34.4769      
# span 16 =    19.9954,    34.4748      
# span 17 =    -0.0504,     0.0820      
# span 18 =    15.8859,    26.8695      
# span 19 =    15.8849,    26.8680      
# span 20 =      0.991,     75.780      
# span 21 =      1.003,     76.128      
# span 22 =     -0.217,      1.038      
# span 23 =    1446.57,    1482.92      
# span 24 =    1446.57,    1482.91      
# span 25 = 0.0000e+00, 0.0000e+00      
# interval = decibars: 0.5              
# start_time = Jan 24 2018 16:06:47 [NMEA time, first data scan]
# bad_flag = -9.990e-29
*END*
[from data line 56]
      15493     29.000     5.1931     5.1918    -0.0014    3.15802    3.15772          1     6.6562     6.6465      50.30     0.4121     0.3188  1.000e-12  1.2670000    32.6278    32.6255    -0.0022    25.7733    25.7717     28.730     29.001      0.512    1468.97    1468.96  0.000e+00
      15521     29.500     5.2168     5.2159    -0.0009    3.16196    3.16164          1     6.6443     6.6244      49.77     0.3820     0.3129  1.000e-12  1.1859000    32.6493    32.6465    -0.0028    25.7877    25.7856     29.226     29.497      0.397    1469.10    1469.10  0.000e+00
      15550     30.000     5.2228     5.2239     0.0010    3.16330    3.16331          1     6.6295     6.6136      49.36     0.3627     0.3075  1.000e-12  1.1031000    32.6585    32.6576    -0.0009    25.7943    25.7935     29.721     29.994      0.530    1469.15    1469.15  0.000e+00
      15569     30.500     5.2299     5.2311     0.0013    3.16487    3.16515          1     6.6191     6.6253      49.09     0.3688     0.3179  1.000e-12  1.1254000    32.6693    32.6713     0.0020    25.8021    25.8034     30.216     30.490      0.650    1469.20    1469.21  0.000e+00
      15587     31.000     5.2519     5.2522     0.0003    3.17036    3.17039          1     6.6076     6.6228      48.65     0.3843     0.3184  1.000e-12  1.2038000    32.7102    32.7102    -0.0000    25.8319    25.8319     30.712     30.986      0.640    1469.35    1469.35  0.000e+00
      15607     31.500     5.3058     5.3032    -0.0025    3.17935    3.17888          1     6.6003     6.6129      48.33     0.3846     0.3107  1.000e-12  1.2883000    32.7599    32.7571    -0.0028    25.8651    25.8632     31.207     31.483      0.553    1469.64    1469.62  0.000e+00
      15631     32.000     5.3523     5.3541     0.0018    3.18640    3.18667          1     6.5919     6.5937      47.74     0.3785     0.2928  1.000e-12  1.2471000    32.7945    32.7959     0.0013    25.8872    25.8880     31.702     31.979      0.470    1469.88    1469.89  0.000e+00
      15657     32.500     5.3956     5.3961     0.0005    3.19384    3.19383          1     6.5876     6.5635      47.25     0.3560     0.3023  1.000e-12  1.1869000    32.8367    32.8361    -0.0006    25.9155    25.9150     32.198     32.476      0.497    1470.12    1470.12  0.000e+00
      15680     33.000     5.4056     5.4059     0.0003    3.19557    3.19548          1     6.5820     6.5598      46.51     0.3531     0.3194  1.000e-12  1.1755000    32.8463    32.8450    -0.0013    25.9220    25.9209     32.693     32.972      0.580    1470.18    1470.18  0.000e+00
      15699     33.500     5.4128     5.4122    -0.0007    3.19675    3.19657          1     6.5840     6.5698      46.09     0.3555     0.3312  1.000e-12  1.2349000    32.8524    32.8510    -0.0014    25.9260    25.9249     33.188     33.469      0.602    1470.22    1470.22  0.000e+00
      15720     34.000     5.4176     5.4176    -0.0000    3.19758    3.19747          1     6.5857     6.5663      45.56     0.3614     0.3026  1.000e-12  1.2838000    32.8569    32.8557    -0.0012    25.9290    25.9281     33.683     33.965      0.565    1470.25    1470.25  0.000e+00
      15742     34.500     5.4196     5.4197     0.0000    3.19792    3.19781          1     6.5817     6.5650      45.00     0.3546     0.3126  1.000e-12  1.2357000    32.8586    32.8573    -0.0013    25.9301    25.9291     34.179     34.461      0.552    1470.27    1470.27  0.000e+00
      15763     35.000     5.4232     5.4228    -0.0004    3.19849    3.19835          1     6.5788     6.5540      44.51     0.3530     0.3170  1.000e-12  1.2692000    32.8613    32.8601    -0.0012    25.9318    25.9309     34.674     34.958      0.547    1470.30    1470.30  0.000e+00
      15786     35.500     5.4392     5.4363    -0.0028    3.20119    3.20061          1     6.5570     6.5407      43.81     0.3548     0.3184  1.000e-12  1.2646000    32.8761    32.8724    -0.0037    25.9417    25.9390     35.169     35.454      0.510    1470.39    1470.37  0.000e+00
      15811     36.000     5.4929     5.4902    -0.0028    3.21007    3.20951          1     6.5495     6.5596      43.19     0.3444     0.3154  1.000e-12  1.3276000    32.9241    32.9205    -0.0036    25.9734    25.9708     35.665     35.951      0.464    1470.68    1470.66  0.000e+00
      15836     36.500     5.5503     5.5464    -0.0039    3.21973    3.21883          1     6.5338     6.5443      42.70     0.3407     0.2997  1.000e-12  1.2852000    32.9773    32.9709    -0.0064    26.0087    26.0041     36.160     36.447      0.538    1470.99    1470.96  0.000e+00
      15856     37.000     5.6472     5.6355    -0.0118    3.23421    3.23229          1     6.4809     6.4838      42.35     0.3288     0.2611  1.000e-12  1.3042000    33.0461    33.0359    -0.0102    26.0516    26.0449     36.655     36.943      0.612    1471.47    1471.41  0.000e+00
      15875     37.500     5.6729     5.6730     0.0001    3.23797    3.23787          1     6.4393     6.4477      41.97     0.3268     0.3010  1.000e-12  1.3300000    33.0632    33.0620    -0.0012    26.0621    26.0612     37.150     37.440      0.643    1471.60    1471.60  0.000e+00
      15894     38.000     5.6782     5.6778    -0.0004    3.23955    3.23923          1     6.4554     6.4726      41.41     0.3391     0.3090  1.000e-12  1.3612000    33.0756    33.0724    -0.0032    26.0712    26.0688     37.646     37.936      0.643    1471.65    1471.64  0.000e+00
      15913     38.500     5.7235     5.7189    -0.0048    3.25161    3.25040          1     6.4681     6.4958      40.94     0.3305     0.3152  1.000e-12  1.3121000    33.1672    33.1580    -0.0092    26.1382    26.1315     38.141     38.432      0.610    1471.95    1471.92  0.000e+00
      15934     39.000     5.9450     5.9105    -0.0339    3.28731    3.28160          1     6.4356     6.4626      40.49     0.3162     0.3166  1.000e-12  1.3249000    33.3512    33.3210    -0.0302    26.2566    26.2370     38.636     38.928      0.507    1473.08    1472.90  0.000e+00
      15962     39.500     6.1286     6.1070    -0.0219    3.31806    3.31445          1     6.3651     6.3825      39.69     0.2895     0.3074  1.000e-12  1.2086000    33.5151    33.4961    -0.0190    26.3632    26.3509     39.132     39.425      0.392    1474.03    1473.92  0.000e+00
      15993     40.000     6.1820     6.1773    -0.0048    3.32651    3.32583          1     6.2992     6.3248      39.12     0.2716     0.2763  1.000e-12  1.0752000    33.5568    33.5539    -0.0030    26.3894    26.3877     39.627     39.921      0.475    1474.30    1474.28  0.000e+00
      16014     40.500     6.2642     6.2610    -0.0033    3.33799    3.33735          1     6.3068     6.3472      38.70     0.2719     0.3018  1.000e-12  1.1327000    33.6037    33.5997    -0.0040    26.4159    26.4132     40.122     40.417      0.641    1474.69    1474.67  0.000e+00
      16031     41.000     6.3840     6.3814    -0.0025    3.35381    3.35317          1     6.2868     6.3382      38.24     0.2774     0.3166  1.000e-12  1.1376000    33.6615    33.6568    -0.0046    26.4462    26.4428     40.617     40.913      0.741    1475.25    1475.23  0.000e+00
      16046     41.500     6.5745     6.5688    -0.0059    3.37932    3.37797          1     6.2412     6.3017      37.78     0.2848     0.3105  1.000e-12  1.1366000    33.7565    33.7471    -0.0093    26.4962    26.4896     41.113     41.409      0.755    1476.12    1476.09  0.000e+00
      16063     42.000     6.7765     6.7725    -0.0038    3.40473    3.40393          1     6.1798     6.2310      37.32     0.2446     0.2715  1.000e-12  1.1917000    33.8379    33.8330    -0.0049    26.5336    26.5302     41.608     41.905      0.655    1477.02    1477.00  0.000e+00
      16085     42.500     6.8976     6.8958    -0.0019    3.41941    3.41914          1     6.1330     6.1653      36.74     0.2160     0.2833  1.000e-12  1.2100000    33.8800    33.8788    -0.0012    26.5504    26.5497     42.103     42.402      0.480    1477.55    1477.55  0.000e+00
      16117     43.000     6.9761     6.9936     0.0175    3.42950    3.43152          1     6.0778     6.1220      36.04     0.1907     0.3000  1.000e-12  1.1265000    33.9132    33.9182     0.0050    26.5660    26.5675     42.599     42.898      0.355    1477.91    1477.98  0.000e+00
      16147     43.500     7.1103     7.1060    -0.0043    3.44598    3.44543          1     6.0566     6.0966      35.52     0.1874     0.3239  1.000e-12  1.0820000    33.9614    33.9597    -0.0017    26.5854    26.5847     43.094     43.394      0.517    1478.50    1478.48  0.000e+00
      16166     44.000     7.2541     7.2404    -0.0136    3.46359    3.46177          1     6.0336     6.0819      35.11     0.1870     0.3793  1.000e-12  1.1095000    34.0120    34.0056    -0.0064    26.6053    26.6022     43.589     43.890      0.672    1479.13    1479.07  0.000e+00
      16183     44.500     7.4197     7.4189    -0.0010    3.48407    3.48353          1     5.9917     6.0432      34.68     0.1839     0.3888  1.000e-12  1.1575000    34.0719    34.0668    -0.0052    26.6291    26.6252     44.085     44.386      0.735    1479.84    1479.84  0.000e+00
      16199     45.000     7.5789     7.5773    -0.0014    3.50356    3.50299          1     5.9504     5.9889      34.26     0.1749     0.3903  1.000e-12  1.2312000    34.1266    34.1219    -0.0047    26.6494    26.6459     44.580     44.882      0.728    1480.53    1480.52  0.000e+00
      16216     45.500     7.6913     7.6914     0.0001    3.51752    3.51727          1     5.9247     5.9485      33.77     0.1594     0.2484  1.000e-12  1.2704000    34.1669    34.1640    -0.0028    26.6648    26.6626     45.075     45.378      0.654    1481.02    1481.01  0.000e+00
      16237     46.000     7.7097     7.7131     0.0034    3.52059    3.52077          1     5.9307     5.9319      33.17     0.1327     0.2612  1.000e-12  1.2461000    34.1817    34.1802    -0.0015    26.6738    26.6722     45.570     45.874      0.495    1481.11    1481.13  0.000e+00
      16270     46.500     7.7053     7.7113     0.0060    3.52100    3.52153          1     5.9424     5.9339      32.51     0.1314     0.2693  1.000e-12  1.2344000    34.1903    34.1900    -0.0002    26.6812    26.6801     46.066     46.370      0.325    1481.12    1481.14  0.000e+00
      16304     47.000     7.6994     7.7022     0.0028    3.52090    3.52095          1     5.9472     5.9431      32.06     0.1384     0.3079  1.000e-12  1.1647000    34.1947    34.1925    -0.0022    26.6856    26.6834     46.561     46.866      0.473    1481.11    1481.12  0.000e+00
      16325     47.500     7.6776     7.6780     0.0004    3.51915    3.51909          1     5.9786     5.9673      31.70     0.1382     0.3273  1.000e-12  1.1694000    34.1970    34.1959    -0.0010    26.6905    26.6896     47.056     47.362      0.655    1481.04    1481.04  0.000e+00
      16342     48.000     7.6741     7.6735    -0.0006    3.51876    3.51859          1     5.9945     5.9795      31.35     0.1413     0.3200  1.000e-12  1.2116000    34.1960    34.1948    -0.0012    26.6902    26.6893     47.551     47.858      0.744    1481.03    1481.03  0.000e+00
      16357     48.500     7.6720     7.6727     0.0006    3.51858    3.51852          1     6.0012     5.9837      31.03     0.1447     0.3095  1.000e-12  1.2265000    34.1958    34.1946    -0.0012    26.6903    26.6893     48.047     48.354      0.751    1481.03    1481.03  0.000e+00
      16373     49.000     7.6721     7.6726     0.0005    3.51860    3.51855          1     6.0042     5.9840      30.49     0.1382     0.2634  1.000e-12  1.2030000    34.1957    34.1946    -0.0011    26.6903    26.6893     48.542     48.850      0.657    1481.04    1481.04  0.000e+00
      16397     49.500     7.6710     7.6720     0.0010    3.51850    3.51849          1     6.0033     5.9786      29.95     0.1382     0.2909  1.000e-12  1.2202000    34.1955    34.1944    -0.0011    26.6902    26.6892     49.037     49.346      0.425    1481.04    1481.04  0.000e+00
      16438     50.000     7.6683     7.6701     0.0018    3.51818    3.51827          1     5.9912     5.9720      29.51     0.1571     0.3024  1.000e-12  1.1348000    34.1945    34.1936    -0.0009    26.6898    26.6889     49.532     49.842      0.308    1481.04    1481.04  0.000e+00
      16466     50.500     7.6705     7.6705    -0.0000    3.51860    3.51844          1     5.9890     5.9874      29.28     0.1402     0.2923  1.000e-12  1.1283000    34.1966    34.1949    -0.0017    26.6912    26.6899     50.028     50.338      0.614    1481.06    1481.05  0.000e+00
      16483     51.000     7.6777     7.6802     0.0026    3.51988    3.52026          1     5.9874     5.9964      29.05     0.1382     0.2694  1.000e-12  1.1626000    34.2030    34.2047     0.0016    26.6952    26.6961     50.523     50.834      0.772    1481.10    1481.11  0.000e+00
      16497     51.500     7.6923     7.6929     0.0006    3.52264    3.52257          1     5.9899     5.9931      28.70     0.1382     0.2716  1.000e-12  1.2521000    34.2183    34.2169    -0.0014    26.7051    26.7039     51.018     51.330      0.832    1481.18    1481.19  0.000e+00
      16511     52.000     7.7160     7.7143    -0.0018    3.52638    3.52595          1     6.0002     5.9899      28.21     0.1382     0.2706  1.000e-12  1.2628000    34.2351    34.2322    -0.0029    26.7148    26.7128     51.514     51.826      0.810    1481.30    1481.29  0.000e+00
      16527     52.500     7.7351     7.7339    -0.0011    3.52937    3.52907          1     6.0162     5.9920      27.71     0.1438     0.2735  1.000e-12  1.2905000    34.2484    34.2464    -0.0020    26.7225    26.7211     52.009     52.322      0.689    1481.40    1481.39  0.000e+00
      16550     53.000     7.7486     7.7516     0.0030    3.53167    3.53207          1     6.0197     5.9961      27.17     0.1465     0.2998  1.000e-12  1.3169000    34.2597    34.2610     0.0013    26.7294    26.7300     52.504     52.818      0.405    1481.47    1481.49  0.000e+00
      16600     53.500     7.7557     7.7620     0.0063    3.53320    3.53392          1     5.9890     5.9734      26.80     0.1311     0.2947  1.000e-12  1.0907000    34.2689    34.2705     0.0016    26.7356    26.7360     52.999     53.314      0.321    1481.52    1481.55  0.000e+00
      16627     54.000     7.7720     7.7729     0.0007    3.53608    3.53611          1     5.9934     5.9792      26.55     0.1371     0.2662  1.000e-12  1.1606000    34.2836    34.2831    -0.0005    26.7448    26.7443     53.495     53.810      0.647    1481.61    1481.61  0.000e+00
      16642     54.500     7.7917     7.7873    -0.0042    3.53958    3.53871          1     5.9936     5.9829      26.18     0.1383     0.2746  1.000e-12  1.2097000    34.3018    34.2967    -0.0051    26.7562    26.7529     53.990     54.306      0.820    1481.72    1481.69  0.000e+00
      16656     55.000     7.8225     7.8224    -0.0001    3.54493    3.54491          1     5.9855     5.9834      25.73     0.1382     0.2832  1.000e-12  1.2831000    34.3289    34.3288    -0.0001    26.7730    26.7730     54.485     54.802      0.879    1481.87    1481.88  0.000e+00
      16669     55.500     7.8646     7.8619    -0.0026    3.55164    3.55131          1     5.9794     5.9796      25.26     0.1326     0.2838  1.000e-12  1.3859000    34.3594    34.3585    -0.0009    26.7908    26.7904     54.980     55.298      0.844    1482.08    1482.07  0.000e+00
      16684     56.000     7.8950     7.8955     0.0005    3.55660    3.55651          1     5.9802     5.9748      24.74     0.1262     0.3238  1.000e-12  1.4904000    34.3827    34.3811    -0.0016    26.8046    26.8033     55.476     55.794      0.689    1482.23    1482.23  0.000e+00
