ctdpy/exports/archive_20191121_122431/received_data/SBE09_1044_20180920_1526_34_01_0034.cnv
* Sea-Bird SBE 9 Data File:
* FileName = C:\ctd\temp\2018\AR18D034.hex
* Software Version Seasave V 7.26.6.26
* Temperature SN = 5351
* Conductivity SN = 3941
* Number of Bytes Per Scan = 41
* Number of Voltage Words = 4
* Number of Scans Averaged by the Deck Unit = 1
* NMEA Latitude = 59 50.79 N
* NMEA Longitude = 024 50.27 E
* NMEA UTC (Time) = Sep 20 2018  15:26:33
* NMEA baud rate = 4800
** Station:  BY23
** Operator:  Obac
** Ship: ARANDA
** Average sound velocity: 1444.51 m/s
** True-depth calculation Thu, 20 Sep 2018 16:11:04 +0000
** CTD Python Module SMHI /ver 3-12/ feb 2012 
** LIMS Job: 20183401-0034
** Cruise: SMHI-02-2018
** Latitude [GG MM.mm N] :
** Longitude [GG MM.mm E]:
# nquan = 26
# nvalues = 191                         
# units = specified
# name 0 = scan: Scan Count
# name 1 = prDM: Pressure, Digiquartz [db]
# name 2 = t090C: Temperature [ITS-90, deg C]
# name 3 = t190C: Temperature, 2 [ITS-90, deg C]
# name 4 = T2-T190C: Temperature Difference, 2 - 1 [ITS-90, deg C]
# name 5 = c0S/m: Conductivity [S/m]
# name 6 = c1S/m: Conductivity, 2 [S/m]
# name 7 = pumps: Pump Status
# name 8 = sbeox0ML/L: Oxygen, SBE 43 [ml/l]
# name 9 = sbeox1ML/L: Oxygen, SBE 43, 2 [ml/l]
# name 10 = altM: Altimeter [m]
# name 11 = flECO-AFL: Chl-a Fluorescence, WET Labs ECO-AFL/FL [mg/m^3]
# name 12 = flECO-AFL1: Phycocyanin Fluorescence, WET Labs ECO-AFL/FL, 2 [mg/m^3]
# name 13 = par: PAR/Irradiance, Biospherical/Lico [µE/(cm^2*s)]
# name 14 = turbWETntu0: Turbidity, WET Labs ECO [NTU]
# name 15 = sal00: Salinity, Practical [PSU]
# name 16 = sal11: Salinity, Practical, 2 [PSU]
# name 17 = secS-priS: Salinity, Practical, Difference, 2 - 1 [PSU]
# name 18 = sigma-t00: Density [sigma-t, Kg/m^3 ]
# name 19 = sigma-t11: Density, 2 [sigma-t, Kg/m^3 ]
# name 20 = depSM: Depth [salt water, m], lat = 59.8465
# name 21 = depFM: Depth [true depth, m], lat = 59.8465
# name 22 = dz/dtM: Descent Rate [m/s], WS = 2
# name 23 = svCM: Sound Velocity [Chen-Millero, m/s]
# name 24 = svCM1: Sound Velocity, 2 [Chen-Millero, m/s]
# name 25 = flag: flag
# span 0 =      37128,      47006       
# span 1 =      2.000,     97.000       
# span 2 =     3.3197,    14.8163       
# span 3 =     3.3238,    14.8179       
# span 4 =    -0.1038,     0.4528       
# span 5 =   0.724511,   0.986804       
# span 6 =   0.725636,   0.986565       
# span 7 =          1,          1       
# span 8 =    0.01220,    6.61849       
# span 9 =    0.07535,   16.46263       
# span 10 =       3.43,      98.45      
# span 11 =     0.3169,     1.7371      
# span 12 =     0.1778,     0.5575      
# span 13 = -8.941e-05, 5.0316e+01      
# span 14 =     0.2385,     2.9162      
# span 15 =     5.9311,     9.2824      
# span 16 =     5.9307,     9.2799      
# span 17 =    -0.0887,     0.0540      
# span 18 =     3.6954,     7.3482      
# span 19 =     3.6948,     7.3462      
# span 20 =      1.981,     96.064      
# span 21 =      2.030,     98.253      
# span 22 =     -0.140,      1.133      
# span 23 =    1428.74,    1472.45      
# span 24 =    1428.76,    1472.48      
# span 25 = 0.0000e+00, 0.0000e+00      
# interval = decibars: 0.5              
# start_time = Sep 20 2018 15:26:33 [NMEA time, first data scan]
# bad_flag = -9.990e-29
*END*
      37128      2.000    14.7778    14.7811     0.0034    0.84021    0.84019          1     6.5911     6.9845      17.91     1.6888     0.5135  5.032e+01  0.4815000     5.9336     5.9330    -0.0006     3.7035     3.7024      1.981      2.030      0.317    1472.23    1472.24  0.000e+00
      37299      2.500    14.7825    14.7846     0.0021    0.84024    0.84023          1     6.5889     7.0003      56.55     1.6841     0.5231  3.753e+01  0.4795000     5.9330     5.9327    -0.0004     3.7023     3.7017      2.476      2.537      0.271    1472.25    1472.26  0.000e+00
      37536      3.000    14.8058    14.7994    -0.0064    0.84056    0.84042          1     6.5869     7.0092      91.27     1.7371     0.4568  3.331e+01  0.4689000     5.9319     5.9319    -0.0001     3.6977     3.6987      2.972      3.044      0.410    1472.34    1472.32  0.000e+00
      37549      3.500    14.8128    14.8146     0.0018    0.84065    0.84064          1     6.5834     7.0145      90.67     1.7145     0.4923  2.423e+01  0.4624000     5.9315     5.9311    -0.0004     3.6962     3.6956      3.467      3.552      0.580    1472.37    1472.37  0.000e+00
      37569      4.000    14.8131    14.8158     0.0027    0.84066    0.84065          1     6.5841     7.0020      51.28     1.7028     0.4816  1.625e+01  0.5037000     5.9315     5.9310    -0.0005     3.6961     3.6954      3.962      4.059      0.479    1472.38    1472.39  0.000e+00
      37621      4.500    14.8121    14.8119    -0.0002    0.84063    0.84059          1     6.5684     6.9939      83.57     1.7034     0.4531  1.534e+01  0.4522000     5.9314     5.9311    -0.0003     3.6962     3.6961      4.458      4.567      0.357    1472.38    1472.38  0.000e+00
      37649      5.000    14.8152    14.8177     0.0024    0.84067    0.84067          1     6.5848     6.9951      21.43     1.7271     0.4649  1.333e+01  0.4639000     5.9312     5.9308    -0.0004     3.6956     3.6949      4.953      5.074      0.727    1472.40    1472.41  0.000e+00
      37662      5.500    14.8140    14.8162     0.0022    0.84066    0.84065          1     6.5983     6.9871      96.50     1.7197     0.4694  1.025e+01  0.4789000     5.9312     5.9309    -0.0004     3.6958     3.6952      5.448      5.581      0.864    1472.41    1472.41  0.000e+00
      37675      6.000    14.8127    14.8157     0.0030    0.84063    0.84064          1     6.6070     6.9967      98.45     1.7142     0.4706  7.748e+00  0.4946000     5.9312     5.9308    -0.0004     3.6960     3.6952      5.943      6.089      0.865    1472.41    1472.42  0.000e+00
      37690      6.500    14.8163    14.8179     0.0017    0.84070    0.84069          1     6.6108     7.0052      98.18     1.7133     0.4744  5.917e+00  0.5263000     5.9311     5.9308    -0.0004     3.6954     3.6948      6.439      6.596      0.745    1472.43    1472.44  0.000e+00
      37710      7.000    14.8146    14.8167     0.0021    0.84066    0.84066          1     6.6146     6.9989      97.81     1.7138     0.4848  4.505e+00  0.5277000     5.9311     5.9307    -0.0004     3.6956     3.6950      6.934      7.103      0.510    1472.43    1472.44  0.000e+00
      37743      7.500    14.8128    14.8158     0.0030    0.84064    0.84064          1     6.5924     6.9962      97.16     1.7061     0.5248  3.561e+00  0.4972000     5.9311     5.9307    -0.0004     3.6959     3.6951      7.429      7.611      0.322    1472.43    1472.44  0.000e+00
      37778      8.000    14.8115    14.8133     0.0018    0.84063    0.84061          1     6.5676     6.9812      96.72     1.7018     0.5575  3.268e+00  0.4575000     5.9312     5.9308    -0.0004     3.6962     3.6956      7.924      8.118      0.481    1472.44    1472.44  0.000e+00
      37798      8.500    14.8110    14.8127     0.0017    0.84062    0.84061          1     6.5678     6.9844      96.31     1.7369     0.5364  2.956e+00  0.5071000     5.9312     5.9308    -0.0003     3.6963     3.6957      8.420      8.626      0.728    1472.44    1472.45  0.000e+00
      37812      9.000    14.8096    14.8105     0.0009    0.84059    0.84056          1     6.5743     6.9882      95.96     1.7271     0.5146  2.418e+00  0.5209000     5.9311     5.9308    -0.0003     3.6964     3.6960      8.915      9.133      0.872    1472.45    1472.45  0.000e+00
      37825      9.500    14.8081    14.8097     0.0015    0.84058    0.84056          1     6.5829     6.9821      95.55     1.6894     0.5077  1.857e+00  0.5587000     5.9312     5.9308    -0.0003     3.6967     3.6962      9.410      9.640      0.908    1472.45    1472.46  0.000e+00
      37838     10.000    14.8057    14.8037    -0.0019    0.84056    0.84053          1     6.5918     6.9782      95.03     1.6855     0.4983  1.425e+00  0.5336000     5.9314     5.9315     0.0000     3.6973     3.6977      9.906     10.148      0.821    1472.45    1472.44  0.000e+00
      37856     10.500    14.8042    14.8085     0.0043    0.84057    0.84057          1     6.6027     6.9846      94.36     1.6777     0.5190  1.088e+00  0.4904000     5.9316     5.9310    -0.0006     3.6977     3.6965     10.401     10.655      0.564    1472.45    1472.47  0.000e+00
      37892     11.000    14.8006    14.8096     0.0090    0.84055    0.84059          1     6.5979     6.9713      93.51     1.6892     0.4970  8.937e-01  0.4919000     5.9320     5.9310    -0.0011     3.6986     3.6963     10.896     11.163      0.290    1472.45    1472.48  0.000e+00
      37925     11.500    14.7763    14.7789     0.0025    0.84042    0.84040          1     6.5869     6.9722      92.74     1.7016     0.4764  7.762e-01  0.4575000     5.9346     5.9341    -0.0005     3.7045     3.7037     11.391     11.670      0.582    1472.38    1472.38  0.000e+00
      37942     12.000    14.7377    14.7273    -0.0104    0.84021    0.84013          1     6.5765     6.9821      92.57     1.6963     0.4999  6.354e-01  0.5080000     5.9389     5.9398     0.0010     3.7139     3.7164     11.887     12.177      0.770    1472.26    1472.22  0.000e+00
      37956     12.500    14.7198    14.7194    -0.0003    0.84006    0.84003          1     6.5722     6.9871      91.90     1.6899     0.4920  5.338e-01  0.5731000     5.9404     5.9402    -0.0002     3.7180     3.7179     12.382     12.685      0.840    1472.20    1472.20  0.000e+00
      37970     13.000    14.7183    14.7231     0.0048    0.84007    0.84009          1     6.5756     6.9879      90.82     1.6813     0.4857  4.470e-01  0.5361000     5.9406     5.9401    -0.0006     3.7184     3.7172     12.877     13.192      0.818    1472.21    1472.22  0.000e+00
      37985     13.500    14.7200    14.7249     0.0050    0.84013    0.84014          1     6.5807     6.9845      90.32     1.6768     0.4855  3.564e-01  0.5103000     5.9408     5.9402    -0.0007     3.7183     3.7170     13.372     13.700      0.714    1472.22    1472.24  0.000e+00
      38005     14.000    14.7036    14.7058     0.0021    0.83988    0.83986          1     6.5853     6.9800      90.16     1.6596     0.4855  2.821e-01  0.4950000     5.9413     5.9409    -0.0004     3.7213     3.7206     13.868     14.207      0.573    1472.17    1472.18  0.000e+00
      38029     14.500    14.7018    14.7081     0.0063    0.83987    0.83993          1     6.5868     6.9844      89.00     1.6846     0.4860  2.100e-01  0.4847000     5.9415     5.9410    -0.0005     3.7218     3.7204     14.363     14.714      0.431    1472.18    1472.20  0.000e+00
      38061     15.000    14.7114    14.7091    -0.0024    0.84002    0.83999          1     6.5647     7.0062      89.04     1.6773     0.5012  1.539e-01  0.4890000     5.9412     5.9413     0.0001     3.7199     3.7204     14.858     15.222      0.381    1472.22    1472.21  0.000e+00
      38089     15.500    14.6959    14.6978     0.0020    0.83981    0.83979          1     6.5754     7.0296      88.80     1.6883     0.4964  1.256e-01  0.5102000     5.9418     5.9415    -0.0004     3.7229     3.7224     15.353     15.729      0.570    1472.17    1472.18  0.000e+00
      38107     16.000    14.6444    14.6575     0.0129    0.83911    0.83922          1     6.5822     7.0010      88.40     1.6761     0.4872  9.999e-02  0.5006000     5.9443     5.9432    -0.0011     3.7331     3.7301     15.849     16.236      0.772    1472.00    1472.05  0.000e+00
      38121     16.500    14.6011    14.6081     0.0070    0.83857    0.83861          1     6.5810     6.9924      88.12     1.6695     0.5151  6.694e-02  0.5003000     5.9467     5.9459    -0.0008     3.7418     3.7401     16.344     16.744      0.860    1471.87    1471.89  0.000e+00
      38134     17.000    14.5909    14.5910    -0.0001    0.83846    0.83842          1     6.5897     7.0153      87.82     1.6620     0.5148  4.238e-02  0.5000000     5.9474     5.9471    -0.0003     3.7440     3.7437     16.839     17.251      0.842    1471.84    1471.84  0.000e+00
      38149     17.500    14.5606    14.5564    -0.0039    0.83811    0.83803          1     6.6092     7.0294      87.34     1.6510     0.5148  2.269e-02  0.4974000     5.9493     5.9493     0.0000     3.7502     3.7509     17.335     17.759      0.726    1471.74    1471.73  0.000e+00
      38169     18.000    14.5451    14.5472     0.0020    0.83797    0.83796          1     6.6185     7.0420      86.48     1.6482     0.5148  1.023e-02  0.4892000     5.9505     5.9501    -0.0004     3.7536     3.7530     17.830     18.266      0.528    1471.70    1471.70  0.000e+00
      38197     18.500    14.5174    14.5145    -0.0028    0.83792    0.83786          1     6.5741     7.0904      85.93     1.6477     0.5252 -8.941e-05  0.4685000     5.9543     5.9543     0.0000     3.7609     3.7614     18.325     18.773      0.416    1471.61    1471.60  0.000e+00
      38225     19.000    14.3651    14.3759     0.0107    0.83738    0.83741          1     6.5433     7.1322      85.43     1.6115     0.4470 -1.382e-10  0.4605000     5.9734     5.9719    -0.0015     3.7995     3.7967     18.820     19.281      0.450    1471.11    1471.15  0.000e+00
      38250     19.500    14.2131    14.2205     0.0074    0.83690    0.83686          1     6.5088     7.0605      85.00     1.5191     0.4752  1.000e-12  0.4544000     5.9929     5.9915    -0.0014     3.8383     3.8360     19.315     19.788      0.558    1470.61    1470.63  0.000e+00
      38269     20.000    14.0663    14.0761     0.0098    0.83664    0.83666          1     6.4980     7.0214      84.52     1.4434     0.4511  1.000e-12  0.4430000     6.0136     6.0122    -0.0014     3.8767     3.8741     19.811     20.295      0.689    1470.13    1470.16  0.000e+00
      38285     20.500    13.9677    13.9675    -0.0002    0.83629    0.83626          1     6.5067     6.9881      83.95     1.3256     0.4121  1.000e-12  0.4343000     6.0261     6.0259    -0.0002     3.9014     3.9013     20.306     20.803      0.779    1469.80    1469.80  0.000e+00
      38300     21.000    13.9384    13.9372    -0.0009    0.83614    0.83611          1     6.5202     6.9437      83.55     1.2562     0.3412  1.000e-12  0.4242000     6.0294     6.0294    -0.0001     3.9084     3.9085     20.801     21.310      0.808    1469.71    1469.71  0.000e+00
      38314     21.500    13.9059    13.9167     0.0107    0.83620    0.83621          1     6.5311     6.9638      83.09     1.1550     0.3307  1.000e-12  0.4153000     6.0350     6.0333    -0.0016     3.9176     3.9147     21.296     21.817      0.745    1469.61    1469.64  0.000e+00
      38333     22.000    13.8947    13.8984     0.0036    0.83628    0.83628          1     6.5430     6.9945      82.37     1.1087     0.4089  1.000e-12  0.4396000     6.0372     6.0367    -0.0006     3.9210     3.9200     21.792     22.324      0.566    1469.58    1469.59  0.000e+00
      38362     22.500    13.8742    13.8809     0.0067    0.83616    0.83625          1     6.5363     6.9741      81.75     1.0497     0.3617  1.000e-12  0.4118000     6.0395     6.0391    -0.0003     3.9258     3.9246     22.287     22.832      0.365    1469.52    1469.54  0.000e+00
      38394     23.000    13.8479    13.8516     0.0037    0.83586    0.83586          1     6.5271     6.9144      81.20     1.0209     0.3735  1.000e-12  0.4028000     6.0413     6.0407    -0.0006     3.9312     3.9302     22.782     23.339      0.519    1469.43    1469.45  0.000e+00
      38412     23.500    13.8242    13.8275     0.0034    0.83572    0.83573          1     6.5265     6.9119      80.84     1.0113     0.3982  1.000e-12  0.4083000     6.0438     6.0434    -0.0004     3.9367     3.9359     23.277     23.846      0.705    1469.36    1469.37  0.000e+00
      38428     24.000    13.8041    13.8069     0.0028    0.83580    0.83578          1     6.5213     6.9282      80.44     0.9937     0.3976  1.000e-12  0.4256000     6.0475     6.0469    -0.0006     3.9426     3.9417     23.773     24.354      0.767    1469.30    1469.31  0.000e+00
      38443     24.500    13.7776    13.7803     0.0027    0.83563    0.83560          1     6.5194     6.9442      80.05     0.9762     0.3971  1.000e-12  0.4451000     6.0503     6.0497    -0.0006     3.9487     3.9478     24.268     24.861      0.729    1469.22    1469.23  0.000e+00
      38461     25.000    13.7394    13.7415     0.0021    0.83551    0.83550          1     6.5185     6.9612      79.52     0.9203     0.3430  1.000e-12  0.4599000     6.0553     6.0549    -0.0004     3.9583     3.9577     24.763     25.368      0.622    1469.10    1469.11  0.000e+00
      38483     25.500    13.6907    13.6900    -0.0007    0.83483    0.83477          1     6.5035     6.9836      78.84     0.8866     0.3289  1.000e-12  0.4675000     6.0576     6.0573    -0.0004     3.9673     3.9672     25.258     25.875      0.549    1468.94    1468.93  0.000e+00
      38505     26.000    13.6457    13.6497     0.0041    0.83384    0.83388          1     6.4595     7.0131      78.26     0.8707     0.3236  1.000e-12  0.4551000     6.0569     6.0566    -0.0003     3.9735     3.9726     25.754     26.383      0.557    1468.78    1468.80  0.000e+00
      38526     26.500    13.4840    13.4953     0.0112    0.83021    0.83040          1     6.4710     7.2130      77.69     0.8633     0.3202  1.000e-12  0.4328000     6.0539     6.0536    -0.0003     3.9949     3.9931     26.249     26.890      0.557    1468.21    1468.25  0.000e+00
      38548     27.000    13.2742    13.2899     0.0157    0.82606    0.82640          1     6.4776     7.5803      77.15     0.8464     0.3110  1.000e-12  0.4237000     6.0543     6.0545     0.0002     4.0257     4.0236     26.744     27.397      0.536    1467.46    1467.52  0.000e+00
      38570     27.500    12.8633    12.8895     0.0274    0.81829    0.81889          1     6.1724     7.9611      76.68     0.8464     0.3245  1.000e-12  0.4393000     6.0579     6.0584     0.0006     4.0867     4.0835     27.239     27.904      0.559    1465.99    1466.09  0.000e+00
      38591     28.000    11.9746    12.0834     0.1078    0.80539    0.80667          1     5.8522     7.8459      75.73     0.9241     0.3369  1.000e-12  0.4341000     6.0969     6.0897    -0.0072     4.2354     4.2156     27.734     28.411      0.573    1462.77    1463.17  0.000e+00
      38613     28.500    10.4699    10.6020     0.1324    0.78537    0.78706          1     5.7546     7.2450      75.45     0.7778     0.3383  1.000e-12  0.4238000     6.1803     6.1722    -0.0081     4.4782     4.4573     28.230     28.918      0.543    1457.17    1457.67  0.000e+00
      38635     29.000     9.2186     9.2569     0.0380    0.76742    0.76797          1     5.8153     6.7591      75.07     0.6483     0.3122  1.000e-12  0.4287000     6.2403     6.2384    -0.0019     4.6552     4.6501     28.725     29.425      0.593    1452.36    1452.51  0.000e+00
