ctdpy/exports/archive_20191121_122431/received_data/SBE09_0745_20181210_0242_34_01_0175.cnv
* Sea-Bird SBE 9 Data File:
* FileName = C:\ctd\temp\ar18d175.hex
* Software Version Seasave V 7.26.7.107
* Temperature SN = 4387
* Conductivity SN = 2994
* Number of Bytes Per Scan = 41
* Number of Voltage Words = 4
* Number of Scans Averaged by the Deck Unit = 1
* NMEA Latitude = 57 07.03 N
* NMEA Longitude = 017 40.13 E
* NMEA UTC (Time) = Dec 10 2018  02:42:32
* NMEA baud rate = 4800
** Station:  BY38 Karlsödj
** Operator:  Obac
** Ship: ARANDA
** Average sound velocity: 1441.11 m/s
** True-depth calculation Mon, 10 Dec 2018 03:46:01 +0000
** CTD Python Module SMHI /ver 3-12/ feb 2012 
** LIMS Job: 20183401-0175
** Cruise: SMHI-7-2018
** Latitude [GG MM.mm N]:
** Longitude [GG MM.mm E]:
# nquan = 26
# nvalues = 207                         
# units = specified
# name 0 = scan: Scan Count
# name 1 = prDM: Pressure, Digiquartz [db]
# name 2 = t090C: Temperature [ITS-90, deg C]
# name 3 = t190C: Temperature, 2 [ITS-90, deg C]
# name 4 = T2-T190C: Temperature Difference, 2 - 1 [ITS-90, deg C]
# name 5 = c0S/m: Conductivity [S/m]
# name 6 = c1S/m: Conductivity, 2 [S/m]
# name 7 = pumps: Pump Status
# name 8 = sbeox0ML/L: Oxygen, SBE 43 [ml/l]
# name 9 = sbeox1ML/L: Oxygen, SBE 43, 2 [ml/l]
# name 10 = altM: Altimeter [m]
# name 11 = flECO-AFL: Chl-a Fluorescence, WET Labs ECO-AFL/FL [mg/m^3]
# name 12 = flECO-AFL1: Phycocyanin Fluorescence, WET Labs ECO-AFL/FL, 2 [mg/m^3]
# name 13 = par: PAR/Irradiance, Biospherical/Lico [µE/(cm^2*s)]
# name 14 = turbWETntu0: Turbidity, WET Labs ECO [NTU]
# name 15 = sal00: Salinity, Practical [PSU]
# name 16 = sal11: Salinity, Practical, 2 [PSU]
# name 17 = secS-priS: Salinity, Practical, Difference, 2 - 1 [PSU]
# name 18 = sigma-t00: Density [sigma-t, Kg/m^3 ]
# name 19 = sigma-t11: Density, 2 [sigma-t, Kg/m^3 ]
# name 20 = depSM: Depth [salt water, m], lat = 57.1172
# name 21 = depFM: Depth [true depth, m], lat = 57.1172
# name 22 = dz/dtM: Descent Rate [m/s], WS = 2
# name 23 = svCM: Sound Velocity [Chen-Millero, m/s]
# name 24 = svCM1: Sound Velocity, 2 [Chen-Millero, m/s]
# name 25 = flag: flag
# span 0 =      32902,      37582       
# span 1 =      2.000,    105.000       
# span 2 =     4.7205,     6.0897       
# span 3 =     4.7215,     6.0898       
# span 4 =    -0.0158,     0.1171       
# span 5 =   0.799144,   1.156951       
# span 6 =   0.799230,   1.157035       
# span 7 =          1,          1       
# span 8 =    0.05486,    7.99125       
# span 9 =    0.04969,    7.99325       
# span 10 =       2.73,      99.00      
# span 11 =     0.2605,     0.7495      
# span 12 =     0.1776,     0.3697      
# span 13 = -1.855e-04, 6.4389e-03      
# span 14 =     0.1467,     5.0479      
# span 15 =     7.1369,    10.6924      
# span 16 =     7.1375,    10.6932      
# span 17 =    -0.0514,     0.0067      
# span 18 =     5.5925,     8.4096      
# span 19 =     5.5930,     8.4102      
# span 20 =      1.982,    104.008      
# span 21 =      2.026,    106.251      
# span 22 =     -0.299,      0.921      
# span 23 =    1436.30,    1445.09      
# span 24 =    1436.30,    1445.09      
# span 25 = 0.0000e+00, 0.0000e+00      
# interval = decibars: 0.5              
# start_time = Dec 10 2018 02:42:32 [NMEA time, first data scan]
# bad_flag = -9.990e-29
*END*
      32902      2.000     6.0799     6.0782    -0.0017    0.79942    0.79944          1     7.9893     7.9864      55.37     0.7495     0.3018  6.439e-03  0.1962000     7.1375     7.1381     0.0006     5.5928     5.5934      1.982      2.026      0.261    1440.08    1440.08  0.000e+00
      33074      2.500     6.0764     6.0787     0.0023    0.79935    0.79946          1     7.9822     7.9813      80.27     0.7245     0.3046  3.876e-03  0.1893000     7.1376     7.1381     0.0005     5.5931     5.5933      2.477      2.532      0.218    1440.07    1440.09  0.000e+00
      33160      3.000     6.0756     6.0733    -0.0022    0.79931    0.79931          1     7.9746     7.9844      98.86     0.6997     0.3056 -1.855e-04  0.1852000     7.1373     7.1378     0.0005     5.5929     5.5934      2.972      3.039      0.438    1440.08    1440.07  0.000e+00
      33176      3.500     6.0746     6.0734    -0.0011    0.79928    0.79931          1     7.9804     7.9905      77.65     0.7121     0.3208  1.000e-12  0.1938000     7.1372     7.1377     0.0005     5.5928     5.5933      3.468      3.545      0.655    1440.08    1440.08  0.000e+00
      33194      4.000     6.0721     6.0732     0.0011    0.79922    0.79929          1     7.9824     7.9873      44.42     0.6671     0.3241  1.000e-12  0.2210000     7.1370     7.1375     0.0005     5.5928     5.5932      3.963      4.051      0.544    1440.08    1440.09  0.000e+00
      33238      4.500     6.0714     6.0716     0.0002    0.79920    0.79927          1     7.9824     7.9770      83.27     0.6940     0.2831  1.000e-12  0.1910000     7.1369     7.1376     0.0007     5.5928     5.5933      4.459      4.558      0.335    1440.08    1440.08  0.000e+00
      33273      5.000     6.0703     6.0718     0.0015    0.79918    0.79928          1     7.9816     7.9756      41.72     0.7226     0.2672  1.000e-12  0.1883000     7.1369     7.1375     0.0007     5.5928     5.5932      4.954      5.064      0.739    1440.09    1440.09  0.000e+00
      33286      5.500     6.0695     6.0700     0.0006    0.79918    0.79926          1     7.9854     7.9801      18.76     0.7140     0.3100  1.000e-12  0.1940000     7.1370     7.1377     0.0006     5.5929     5.5934      5.449      5.571      0.909    1440.09    1440.10  0.000e+00
      33298      6.000     6.0671     6.0680     0.0008    0.79916    0.79923          1     7.9888     7.9846      42.05     0.6990     0.3019  1.000e-12  0.2127000     7.1372     7.1378     0.0005     5.5933     5.5936      5.945      6.077      0.905    1440.09    1440.09  0.000e+00
      33312      6.500     6.0665     6.0681     0.0015    0.79914    0.79924          1     7.9893     7.9850      95.74     0.6889     0.2798  1.000e-12  0.2048000     7.1372     7.1378     0.0006     5.5933     5.5936      6.440      6.584      0.739    1440.09    1440.10  0.000e+00
      33341      7.000     6.0669     6.0678     0.0010    0.79916    0.79924          1     7.9839     7.9839      60.54     0.6779     0.2857  1.000e-12  0.1927000     7.1372     7.1378     0.0006     5.5933     5.5937      6.935      7.090      0.387    1440.10    1440.11  0.000e+00
      33384      7.500     6.0684     6.0688     0.0004    0.79919    0.79927          1     7.9836     7.9884      95.18     0.6868     0.2855  1.000e-12  0.1882000     7.1372     7.1378     0.0007     5.5931     5.5936      7.431      7.597      0.598    1440.12    1440.12  0.000e+00
      33398      8.000     6.0684     6.0689     0.0005    0.79921    0.79928          1     7.9815     7.9868      71.56     0.6753     0.2812  1.000e-12  0.1884000     7.1372     7.1378     0.0006     5.5932     5.5936      7.926      8.103      0.783    1440.13    1440.13  0.000e+00
      33413      8.500     6.0684     6.0689     0.0006    0.79922    0.79929          1     7.9817     7.9847      39.54     0.6698     0.3639  1.000e-12  0.1908000     7.1372     7.1379     0.0006     5.5932     5.5937      8.422      8.609      0.774    1440.13    1440.14  0.000e+00
      33429      9.000     6.0688     6.0695     0.0007    0.79922    0.79930          1     7.9820     7.9805      93.91     0.6633     0.3522  1.000e-12  0.2004000     7.1372     7.1378     0.0006     5.5931     5.5936      8.917      9.116      0.662    1440.14    1440.15  0.000e+00
      33451      9.500     6.0683     6.0697     0.0015    0.79923    0.79931          1     7.9839     7.9751      94.12     0.6722     0.3253  1.000e-12  0.1900000     7.1372     7.1377     0.0004     5.5932     5.5935      9.412      9.622      0.480    1440.15    1440.16  0.000e+00
      33482     10.000     6.0682     6.0688     0.0005    0.79923    0.79931          1     7.9883     7.9704      55.87     0.6800     0.3166  1.000e-12  0.1990000     7.1372     7.1378     0.0006     5.5932     5.5936      9.908     10.129      0.404    1440.16    1440.16  0.000e+00
      33507     10.500     6.0669     6.0672     0.0004    0.79923    0.79930          1     7.9912     7.9832      63.05     0.7128     0.3017  1.000e-12  0.1943000     7.1375     7.1381     0.0006     5.5935     5.5939     10.403     10.635      0.637    1440.16    1440.16  0.000e+00
      33523     11.000     6.0663     6.0676     0.0013    0.79923    0.79932          1     7.9893     7.9916      98.97     0.6920     0.2802  1.000e-12  0.1937000     7.1375     7.1381     0.0006     5.5936     5.5939     10.899     11.142      0.750    1440.17    1440.17  0.000e+00
      33538     11.500     6.0707     6.0705    -0.0002    0.79931    0.79937          1     7.9887     7.9842      45.84     0.6818     0.2729  1.000e-12  0.1927000     7.1373     7.1379     0.0006     5.5931     5.5936     11.394     11.648      0.725    1440.19    1440.19  0.000e+00
      33556     12.000     6.0698     6.0693    -0.0005    0.79931    0.79937          1     7.9874     7.9758      41.77     0.6640     0.2750  1.000e-12  0.1885000     7.1374     7.1381     0.0007     5.5932     5.5938     11.889     12.154      0.587    1440.20    1440.20  0.000e+00
      33581     12.500     6.0698     6.0690    -0.0007    0.79931    0.79937          1     7.9870     7.9797      89.44     0.6839     0.3037  1.000e-12  0.1930000     7.1374     7.1381     0.0008     5.5932     5.5939     12.385     12.661      0.441    1440.21    1440.20  0.000e+00
      33609     13.000     6.0691     6.0689    -0.0003    0.79931    0.79937          1     7.9834     7.9876      52.72     0.6862     0.2818  1.000e-12  0.1945000     7.1374     7.1381     0.0007     5.5933     5.5938     12.880     13.167      0.503    1440.21    1440.21  0.000e+00
      33630     13.500     6.0684     6.0664    -0.0019    0.79930    0.79935          1     7.9817     7.9834      57.61     0.6877     0.2965  1.000e-12  0.2001000     7.1374     7.1383     0.0008     5.5934     5.5941     13.375     13.674      0.618    1440.22    1440.21  0.000e+00
      33648     14.000     6.0652     6.0657     0.0004    0.79926    0.79934          1     7.9824     7.9767      53.99     0.6934     0.2946  1.000e-12  0.2118000     7.1376     7.1383     0.0007     5.5937     5.5942     13.871     14.180      0.652    1440.21    1440.21  0.000e+00
      33666     14.500     6.0643     6.0647     0.0004    0.79925    0.79933          1     7.9868     7.9731      81.30     0.6878     0.3016  1.000e-12  0.2100000     7.1377     7.1384     0.0006     5.5938     5.5943     14.366     14.687      0.616    1440.21    1440.22  0.000e+00
      33688     15.000     6.0641     6.0660     0.0019    0.79926    0.79935          1     7.9852     7.9744      97.08     0.6663     0.2935  1.000e-12  0.1896000     7.1377     7.1382     0.0004     5.5938     5.5941     14.862     15.193      0.513    1440.22    1440.23  0.000e+00
      33715     15.500     6.0670     6.0671     0.0001    0.79930    0.79937          1     7.9884     7.9758      98.35     0.6900     0.2737  1.000e-12  0.1927000     7.1374     7.1381     0.0007     5.5934     5.5939     15.357     15.700      0.425    1440.24    1440.24  0.000e+00
      33742     16.000     6.0683     6.0672    -0.0012    0.79932    0.79938          1     7.9905     7.9682      72.08     0.7000     0.3170  1.000e-12  0.1910000     7.1373     7.1381     0.0008     5.5933     5.5940     15.852     16.206      0.533    1440.25    1440.25  0.000e+00
      33761     16.500     6.0672     6.0676     0.0004    0.79932    0.79938          1     7.9839     7.9675      52.78     0.6998     0.2958  1.000e-12  0.2005000     7.1375     7.1380     0.0006     5.5934     5.5939     16.348     16.712      0.648    1440.26    1440.26  0.000e+00
      33779     17.000     6.0700     6.0712     0.0013    0.79935    0.79943          1     7.9844     7.9729      93.24     0.6998     0.2936  1.000e-12  0.1903000     7.1371     7.1376     0.0005     5.5930     5.5933     16.843     17.219      0.683    1440.28    1440.28  0.000e+00
      33796     17.500     6.0715     6.0722     0.0007    0.79938    0.79946          1     7.9874     7.9744      98.64     0.6890     0.3055  1.000e-12  0.1925000     7.1371     7.1376     0.0006     5.5929     5.5933     17.338     17.725      0.643    1440.29    1440.29  0.000e+00
      33817     18.000     6.0774     6.0812     0.0037    0.79956    0.79973          1     7.9884     7.9828      70.27     0.6777     0.3182  1.000e-12  0.2000000     7.1374     7.1383     0.0008     5.5929     5.5933     17.834     18.232      0.539    1440.32    1440.34  0.000e+00
      33842     18.500     6.0833     6.0845     0.0011    0.79974    0.79983          1     7.9834     7.9754      95.85     0.6892     0.2850  1.000e-12  0.2006000     7.1379     7.1386     0.0007     5.5929     5.5934     18.329     18.738      0.453    1440.36    1440.36  0.000e+00
      33868     19.000     6.0803     6.0817     0.0013    0.79963    0.79976          1     7.9829     7.9702      41.09     0.6999     0.2520  1.000e-12  0.1982000     7.1375     7.1384     0.0009     5.5927     5.5934     18.824     19.245      0.508    1440.35    1440.36  0.000e+00
      33890     19.500     6.0790     6.0786    -0.0003    0.79958    0.79962          1     7.9830     7.9822      77.78     0.6986     0.2660  1.000e-12  0.1882000     7.1371     7.1376     0.0005     5.5925     5.5930     19.320     19.751      0.583    1440.35    1440.35  0.000e+00
      33910     20.000     6.0833     6.0824    -0.0010    0.79977    0.79979          1     7.9815     7.9799      82.67     0.6862     0.3267  1.000e-12  0.1940000     7.1380     7.1384     0.0003     5.5930     5.5933     19.815     20.257      0.603    1440.38    1440.38  0.000e+00
      33930     20.500     6.0846     6.0846    -0.0001    0.79987    0.79991          1     7.9843     7.9730      62.26     0.6963     0.2856  1.000e-12  0.1945000     7.1386     7.1390     0.0004     5.5934     5.5937     20.311     20.764      0.599    1440.40    1440.40  0.000e+00
      33950     21.000     6.0869     6.0874     0.0005    0.80003    0.80008          1     7.9839     7.9715      93.02     0.6937     0.2395  1.000e-12  0.1936000     7.1396     7.1400     0.0004     5.5941     5.5944     20.806     21.270      0.618    1440.42    1440.42  0.000e+00
      33969     21.500     6.0830     6.0851     0.0021    0.79983    0.79999          1     7.9822     7.9725      90.23     0.6871     0.2532  1.000e-12  0.1938000     7.1385     7.1396     0.0011     5.5934     5.5942     21.301     21.777      0.624    1440.40    1440.42  0.000e+00
      33988     22.000     6.0872     6.0870    -0.0002    0.80006    0.80009          1     7.9858     7.9740      89.92     0.6859     0.2992  1.000e-12  0.1886000     7.1397     7.1400     0.0003     5.5942     5.5944     21.797     22.283      0.567    1440.43    1440.43  0.000e+00
      34012     22.500     6.0894     6.0897     0.0002    0.80020    0.80022          1     7.9866     7.9776      92.30     0.6981     0.3204  1.000e-12  0.1932000     7.1405     7.1407     0.0002     5.5947     5.5948     22.292     22.790      0.483    1440.45    1440.45  0.000e+00
      34038     23.000     6.0897     6.0898     0.0001    0.80023    0.80026          1     7.9874     7.9845      41.83     0.6773     0.3139  1.000e-12  0.1940000     7.1407     7.1410     0.0003     5.5948     5.5950     22.787     23.296      0.507    1440.46    1440.46  0.000e+00
      34059     23.500     6.0877     6.0876    -0.0001    0.80015    0.80022          1     7.9861     7.9865      61.84     0.6747     0.2957  1.000e-12  0.1893000     7.1403     7.1410     0.0006     5.5946     5.5951     23.283     23.802      0.600    1440.46    1440.46  0.000e+00
      34078     24.000     6.0886     6.0893     0.0007    0.80023    0.80031          1     7.9872     7.9783      96.86     0.6850     0.2820  1.000e-12  0.1887000     7.1408     7.1414     0.0006     5.5949     5.5954     23.778     24.309      0.633    1440.47    1440.48  0.000e+00
      34097     24.500     6.0881     6.0886     0.0005    0.80022    0.80032          1     7.9819     7.9729      28.37     0.6965     0.2949  1.000e-12  0.1908000     7.1408     7.1416     0.0008     5.5949     5.5955     24.273     24.815      0.605    1440.48    1440.48  0.000e+00
      34118     25.000     6.0879     6.0888     0.0009    0.80024    0.80031          1     7.9826     7.9763      57.98     0.6868     0.3260  1.000e-12  0.2062000     7.1409     7.1414     0.0005     5.5950     5.5954     24.769     25.322      0.545    1440.49    1440.49  0.000e+00
      34142     25.500     6.0873     6.0880     0.0007    0.80023    0.80030          1     7.9849     7.9821      85.47     0.6972     0.3192  1.000e-12  0.2005000     7.1409     7.1415     0.0006     5.5951     5.5955     25.264     25.828      0.496    1440.49    1440.49  0.000e+00
      34166     26.000     6.0854     6.0858     0.0004    0.80021    0.80032          1     7.9804     7.9820      85.17     0.6852     0.2941  1.000e-12  0.2003000     7.1411     7.1420     0.0009     5.5953     5.5960     25.759     26.335      0.526    1440.49    1440.49  0.000e+00
      34187     26.500     6.0856     6.0861     0.0004    0.80024    0.80034          1     7.9829     7.9789      84.92     0.6770     0.2913  1.000e-12  0.2103000     7.1412     7.1421     0.0009     5.5954     5.5961     26.255     26.841      0.563    1440.50    1440.50  0.000e+00
      34209     27.000     6.0858     6.0865     0.0006    0.80024    0.80031          1     7.9854     7.9709      84.30     0.6810     0.3228  1.000e-12  0.2056000     7.1411     7.1416     0.0005     5.5953     5.5957     26.750     27.348      0.546    1440.51    1440.51  0.000e+00
      34231     27.500     6.0844     6.0847     0.0003    0.80032    0.80042          1     7.9848     7.9731      83.49     0.6925     0.3083  1.000e-12  0.1973000     7.1422     7.1431     0.0009     5.5962     5.5969     27.245     27.854      0.558    1440.51    1440.51  0.000e+00
      34252     28.000     6.0835     6.0836     0.0001    0.80043    0.80053          1     7.9851     7.9675      86.14     0.6964     0.2804  1.000e-12  0.1945000     7.1433     7.1443     0.0010     5.5971     5.5980     27.741     28.360      0.668    1440.52    1440.52  0.000e+00
      34268     28.500     6.0830     6.0835     0.0005    0.80047    0.80054          1     7.9885     7.9633      92.20     0.6853     0.2987  1.000e-12  0.2001000     7.1438     7.1444     0.0006     5.5976     5.5980     28.236     28.867      0.744    1440.52    1440.53  0.000e+00
      34283     29.000     6.0830     6.0835     0.0005    0.80047    0.80055          1     7.9821     7.9697      78.47     0.6861     0.3234  1.000e-12  0.2068000     7.1437     7.1443     0.0007     5.5975     5.5980     28.731     29.373      0.685    1440.53    1440.53  0.000e+00
