ctdpy/exports/archive_20191121_122431/received_data/SBE09_1044_20181207_1950_34_01_0164.cnv
* Sea-Bird SBE 9 Data File:
* FileName = C:\ctd\temp\ar18d164.hex
* Software Version Seasave V 7.26.7.107
* Temperature SN = 5351
* Conductivity SN = 3941
* Number of Bytes Per Scan = 30
* Number of Voltage Words = 4
* Number of Scans Averaged by the Deck Unit = 1
* NMEA baud rate = 4800
** Station:  P2
** Operator:  JKro
** Ship: ARANDA
** Average sound velocity: 1481.98 m/s
** True-depth calculation Sun, 09 Dec 2018 17:50:05 +0000
** CTD Python Module SMHI /ver 3-12/ feb 2012 
** LIMS Job: 20183401-0164
** Cruise: SMHI-7-2018
** Latitude [GG MM.mm N]: 57 52.003
** Longitude [GG MM.mm E] 11 17.515
# nquan = 26
# nvalues = 180                         
# units = specified
# name 0 = scan: Scan Count
# name 1 = prDM: Pressure, Digiquartz [db]
# name 2 = t090C: Temperature [ITS-90, deg C]
# name 3 = t190C: Temperature, 2 [ITS-90, deg C]
# name 4 = T2-T190C: Temperature Difference, 2 - 1 [ITS-90, deg C]
# name 5 = c0S/m: Conductivity [S/m]
# name 6 = c1S/m: Conductivity, 2 [S/m]
# name 7 = pumps: Pump Status
# name 8 = sbeox0ML/L: Oxygen, SBE 43 [ml/l]
# name 9 = sbeox1ML/L: Oxygen, SBE 43, 2 [ml/l]
# name 10 = altM: Altimeter [m]
# name 11 = flECO-AFL: Chl-a Fluorescence, WET Labs ECO-AFL/FL [mg/m^3]
# name 12 = flECO-AFL1: Phycocyanin Fluorescence, WET Labs ECO-AFL/FL, 2 [mg/m^3]
# name 13 = par: PAR/Irradiance, Biospherical/Lico [µE/(cm^2*s)]
# name 14 = turbWETntu0: Turbidity, WET Labs ECO [NTU]
# name 15 = sal00: Salinity, Practical [PSU]
# name 16 = sal11: Salinity, Practical, 2 [PSU]
# name 17 = secS-priS: Salinity, Practical, Difference, 2 - 1 [PSU]
# name 18 = sigma-t00: Density [sigma-t, Kg/m^3 ]
# name 19 = sigma-t11: Density, 2 [sigma-t, Kg/m^3 ]
# name 20 = depSM: Depth [salt water, m], lat = 0
# name 21 = depFM: Depth [true depth, m], lat = 0
# name 22 = dz/dtM: Descent Rate [m/s], WS = 2
# name 23 = svCM: Sound Velocity [Chen-Millero, m/s]
# name 24 = svCM1: Sound Velocity, 2 [Chen-Millero, m/s]
# name 25 = flag: flag
# span 0 =      19144,      24855       
# span 1 =      1.000,     90.500       
# span 2 =     7.3816,     8.4794       
# span 3 =     7.3828,     8.4806       
# span 4 =    -0.0055,     0.0094       
# span 5 =   3.390470,   3.615949       
# span 6 =   3.390538,   3.616032       
# span 7 =          1,          1       
# span 8 =    6.22323,    6.60004       
# span 9 =    6.19773,    6.60726       
# span 10 =       2.73,      97.56      
# span 11 =     0.2411,     0.9052      
# span 12 =     0.1491,     0.3295      
# span 13 = 1.0000e-12, 2.7003e-03      
# span 14 =     0.6480,     1.4885      
# span 15 =    33.1129,    34.6886      
# span 16 =    33.1127,    34.6885      
# span 17 =    -0.0064,     0.0074      
# span 18 =    25.8801,    27.0198      
# span 19 =    25.8798,    27.0195      
# span 20 =      0.995,     89.983      
# span 21 =      0.993,     89.799      
# span 22 =     -0.051,      0.759      
# span 23 =    1477.80,    1484.69      
# span 24 =    1477.80,    1484.70      
# span 25 = 0.0000e+00, 0.0000e+00      
# interval = decibars: 0.5              
# start_time = Dec 07 2018 19:50:32 [System UTC, header]
# bad_flag = -9.990e-29
*END*
[from data line 168]
      23983     85.000     8.0626     8.0639     0.0012    3.60175    3.60181          1     6.2373     6.2308       8.43     0.3009     0.2523  1.000e-12  1.1846000    34.6877    34.6870    -0.0006    27.0192    27.0185     84.516     84.344      0.243    1483.72    1483.72  0.000e+00
      24087     85.500     8.0629     8.0642     0.0013    3.60181    3.60182          1     6.2312     6.2329       7.82     0.3534     0.2636  1.000e-12  1.0301000    34.6878    34.6866    -0.0012    27.0192    27.0181     85.013     84.840      0.298    1483.73    1483.73  0.000e+00
      24136     86.000     8.0630     8.0642     0.0012    3.60187    3.60196          1     6.2318     6.2283       7.38     0.3125     0.2331  1.000e-12  1.1771000    34.6881    34.6879    -0.0003    27.0195    27.0191     85.510     85.336      0.264    1483.74    1483.74  0.000e+00
      24221     86.500     8.0631     8.0643     0.0011    3.60194    3.60200          1     6.2280     6.2284       6.87     0.2929     0.2705  1.000e-12  1.0682000    34.6885    34.6880    -0.0005    27.0197    27.0192     86.007     85.832      0.332    1483.75    1483.75  0.000e+00
      24256     87.000     8.0630     8.0642     0.0012    3.60195    3.60204          1     6.2315     6.2298       6.45     0.2816     0.2306  1.000e-12  1.2287000    34.6884    34.6882    -0.0002    27.0197    27.0194     86.504     86.328      0.253    1483.76    1483.76  0.000e+00
      24344     87.500     8.0632     8.0643     0.0011    3.60197    3.60206          1     6.2333     6.2321       5.85     0.2689     0.2652  1.000e-12  1.1186000    34.6883    34.6882    -0.0001    27.0195    27.0193     87.001     86.823      0.261    1483.76    1483.77  0.000e+00
      24384     88.000     8.0632     8.0644     0.0012    3.60200    3.60210          1     6.2296     6.2248       5.46     0.2670     0.2587  1.000e-12  1.2111000    34.6884    34.6882    -0.0001    27.0196    27.0193     87.498     87.319      0.405    1483.77    1483.78  0.000e+00
      24413     88.500     8.0634     8.0644     0.0011    3.60206    3.60213          1     6.2319     6.2202       4.99     0.2638     0.2108  1.000e-12  1.2750000    34.6886    34.6883    -0.0004    27.0198    27.0193     87.995     87.815      0.344    1483.78    1483.79  0.000e+00
      24506     89.000     8.0634     8.0645     0.0011    3.60209    3.60217          1     6.2247     6.2291       4.36     0.3091     0.2171  1.000e-12  1.0952000    34.6886    34.6883    -0.0003    27.0198    27.0194     88.492     88.311      0.297    1483.79    1483.79  0.000e+00
      24536     89.500     8.0635     8.0646     0.0011    3.60212    3.60219          1     6.2270     6.2213       4.01     0.2776     0.2821  1.000e-12  1.2170000    34.6886    34.6883    -0.0004    27.0198    27.0193     88.989     88.807      0.425    1483.80    1483.80  0.000e+00
      24572     90.000     8.0634     8.0646     0.0012    3.60213    3.60223          1     6.2302     6.2171       3.45     0.2635     0.2191  1.000e-12  1.3331000    34.6886    34.6885    -0.0001    27.0198    27.0195     89.486     89.303      0.255    1483.81    1483.81  0.000e+00
      24855     90.500     8.0640     8.0653     0.0012    3.60214    3.60225          1     6.2289     6.2217       2.73     0.3064     0.2612  1.000e-12  1.1912000    34.6878    34.6878    -0.0000    27.0191    27.0188     89.983     89.799     -0.051    1483.82    1483.82  0.000e+00
