ctdpy/exports/archive_20191121_122431/received_data/SBE09_0827_20180121_1116_26_01_0145.cnv
* Sea-Bird SBE 9 Data File:
* FileName = D:\CTD_SBE911\DAT\26DA.2018.1.45.hex
* Software Version Seasave V 7.21d
* Temperature SN = 034757
* Conductivity SN = 041844
* Number of Bytes Per Scan = 48
* Number of Voltage Words = 5
* Number of Scans Averaged by the Deck Unit = 1
* NMEA Latitude = 57 59.40 N
* NMEA Longitude = 009 54.41 E
* NMEA UTC (Time) = Jan 21 2018  11:16:22
* NMEA baud rate = 4800
** Ship: DANA
** Average sound velocity: 1478.24 m/s
** True-depth calculation Thu, 28 Mar 2019 08:25:29 +0000
** CTD Python Module SMHI /ver 3-12/ feb 2012 
** LIMS Job: 20182601-0145
** Operator:
** Cruise: 01/2018
# nquan = 26
# nvalues = 206                         
# units = specified
# name 0 = scan: Scan Count
# name 1 = prDM: Pressure, Digiquartz [db]
# name 2 = t090C: Temperature [ITS-90, deg C]
# name 3 = t190C: Temperature, 2 [ITS-90, deg C]
# name 4 = T2-T190C: Temperature Difference, 2 - 1 [ITS-90, deg C]
# name 5 = c0S/m: Conductivity [S/m]
# name 6 = c1S/m: Conductivity, 2 [S/m]
# name 7 = pumps: Pump Status
# name 8 = sbeox1ML/L: Oxygen, SBE 43, 2 [ml/l]
# name 9 = sbeox0ML/L: Oxygen, SBE 43 [ml/l]
# name 10 = altM: Altimeter [m]
# name 11 = chloroflTC0: Chlorophyll, Turner Cyclops [ug/l]
# name 12 = cpar: CPAR/Corrected Irradiance [%]
# name 13 = par: PAR/Irradiance, Biospherical/Lico [µE/(cm^2*s)]
# name 14 = spar: SPAR, Biospherical/Licor
# name 15 = sal00: Salinity, Practical [PSU]
# name 16 = sal11: Salinity, Practical, 2 [PSU]
# name 17 = secS-priS: Salinity, Practical, Difference, 2 - 1 [PSU]
# name 18 = sigma-t00: Density [sigma-t, kg/m^3 ]
# name 19 = sigma-t11: Density, 2 [sigma-t, kg/m^3 ]
# name 20 = depSM: Depth [salt water, m], lat = 57.99
# name 21 = depFM: Depth [true depth, m], lat = 57.99
# name 22 = dz/dtM: Descent Rate [m/s], WS = 2
# name 23 = svCM: Sound Velocity [Chen-Millero, m/s]
# name 24 = svCM1: Sound Velocity, 2 [Chen-Millero, m/s]
# name 25 = flag: flag
# span 0 =        314,      10919       
# span 1 =      2.000,    104.500       
# span 2 =     6.7882,     6.8171       
# span 3 =     6.7878,     6.8167       
# span 4 =    -0.0044,     0.0031       
# span 5 =   3.470923,   3.475460       
# span 6 =   3.471141,   3.475662       
# span 7 =          1,          1       
# span 8 =     6.0510,     6.2058       
# span 9 =     6.2449,     6.3004       
# span 10 =       1.23,      10.00      
# span 11 =     0.0226,     0.0398      
# span 12 = 1.7277e-13, 4.4797e+00      
# span 13 = 1.0000e-12, 2.3668e+01      
# span 14 = 5.0566e+02, 5.7879e+02      
# span 15 =    34.5676,    34.5698      
# span 16 =    34.5703,    34.5730      
# span 17 =     0.0021,     0.0036      
# span 18 =    27.1047,    27.1074      
# span 19 =    27.1070,    27.1099      
# span 20 =      1.981,    103.506      
# span 21 =      1.983,    103.628      
# span 22 =      0.184,      0.447      
# span 23 =    1477.37,    1479.01      
# span 24 =    1477.36,    1479.01      
# span 25 = 0.0000e+00, 0.0000e+00      
# interval = decibars: 0.5              
# start_time = Jan 21 2018 11:16:22 [NMEA time, first data scan]
# bad_flag = -9.990e-29
*END*
[from data line 56]
       3529     30.000     6.8137     6.8132    -0.0005    3.47377    3.47401          1     6.1794     6.2738       9.95     0.0294  1.965e-13  1.000e-12  5.089e+02    34.5696    34.5727     0.0031    27.1053    27.1079     29.720     29.750      0.245    1477.89    1477.89  0.000e+00
       3582     30.500     6.8136     6.8131    -0.0005    3.47378    3.47401          1     6.1708     6.2734       9.95     0.0310  1.964e-13  1.000e-12  5.093e+02    34.5696    34.5726     0.0030    27.1053    27.1078     30.215     30.246      0.219    1477.90    1477.90  0.000e+00
       3633     31.000     6.8136     6.8129    -0.0007    3.47381    3.47402          1     6.1870     6.2632       9.95     0.0325  1.970e-13  1.000e-12  5.076e+02    34.5696    34.5727     0.0031    27.1054    27.1079     30.710     30.741      0.281    1477.90    1477.91  0.000e+00
       3671     31.500     6.8131     6.8123    -0.0007    3.47378    3.47400          1     6.2003     6.2647       9.95     0.0313  1.977e-13  1.000e-12  5.058e+02    34.5696    34.5728     0.0031    27.1055    27.1080     31.206     31.237      0.314    1477.91    1477.91  0.000e+00
       3714     32.000     6.8128     6.8119    -0.0009    3.47378    3.47398          1     6.1851     6.2741       9.95     0.0316  1.970e-13  1.000e-12  5.076e+02    34.5697    34.5727     0.0031    27.1055    27.1080     31.701     31.733      0.224    1477.92    1477.92  0.000e+00
       3783     32.500     6.8121     6.8117    -0.0004    3.47375    3.47398          1     6.1861     6.2613       9.95     0.0306  1.970e-13  1.000e-12  5.077e+02    34.5697    34.5727     0.0030    27.1056    27.1080     32.196     32.229      0.208    1477.92    1477.93  0.000e+00
       3832     33.000     6.8126     6.8120    -0.0006    3.47381    3.47403          1     6.1736     6.2668       9.95     0.0300  1.970e-13  1.000e-12  5.077e+02    34.5696    34.5726     0.0030    27.1055    27.1080     32.692     32.725      0.320    1477.93    1477.93  0.000e+00
       3867     33.500     6.8127     6.8122    -0.0005    3.47384    3.47407          1     6.2003     6.2705       9.95     0.0308  1.970e-13  1.000e-12  5.077e+02    34.5696    34.5726     0.0030    27.1055    27.1079     33.187     33.221      0.308    1477.94    1477.94  0.000e+00
       3925     34.000     6.8126     6.8120    -0.0005    3.47384    3.47407          1     6.1886     6.2733       9.95     0.0300  1.970e-13  1.000e-12  5.077e+02    34.5695    34.5727     0.0031    27.1054    27.1080     33.682     33.716      0.197    1477.95    1477.95  0.000e+00
       3983     34.500     6.8121     6.8115    -0.0005    3.47384    3.47406          1     6.1782     6.2757       9.95     0.0303  1.976e-13  1.000e-12  5.060e+02    34.5696    34.5727     0.0030    27.1056    27.1080     34.177     34.212      0.309    1477.96    1477.96  0.000e+00
       4018     35.000     6.8120     6.8118    -0.0002    3.47385    3.47409          1     6.1528     6.2819       9.95     0.0309  1.976e-13  1.000e-12  5.061e+02    34.5697    34.5725     0.0029    27.1056    27.1079     34.673     34.708      0.306    1477.96    1477.97  0.000e+00
       4072     35.500     6.8123     6.8120    -0.0003    3.47389    3.47414          1     6.1806     6.2682       9.95     0.0308  1.970e-13  1.000e-12  5.076e+02    34.5696    34.5726     0.0030    27.1055    27.1079     35.168     35.204      0.201    1477.97    1477.98  0.000e+00
       4126     36.000     6.8124     6.8120    -0.0004    3.47393    3.47417          1     6.2009     6.2640       9.95     0.0301  1.970e-13  1.000e-12  5.077e+02    34.5697    34.5727     0.0030    27.1056    27.1080     35.663     35.700      0.278    1477.98    1477.98  0.000e+00
       4169     36.500     6.8133     6.8124    -0.0009    3.47405    3.47421          1     6.1912     6.2665       9.95     0.0295  1.970e-13  1.000e-12  5.077e+02    34.5697    34.5725     0.0028    27.1055    27.1078     36.159     36.195      0.253    1477.99    1477.99  0.000e+00
       4224     37.000     6.8135     6.8118    -0.0016    3.47408    3.47420          1     6.1736     6.2680       9.95     0.0319  1.972e-13  1.000e-12  5.070e+02    34.5697    34.5726     0.0030    27.1054    27.1080     36.654     36.691      0.216    1478.00    1478.00  0.000e+00
       4272     37.500     6.8151     6.8143    -0.0007    3.47425    3.47443          1     6.1751     6.2679       9.95     0.0313  1.978e-13  1.000e-12  5.057e+02    34.5697    34.5725     0.0027    27.1052    27.1075     37.149     37.187      0.295    1478.02    1478.02  0.000e+00
       4312     38.000     6.8150     6.8136    -0.0014    3.47426    3.47441          1     6.1959     6.2751       9.95     0.0307  1.971e-13  1.000e-12  5.073e+02    34.5697    34.5728     0.0031    27.1052    27.1078     37.644     37.683      0.274    1478.03    1478.02  0.000e+00
       4371     38.500     6.8146     6.8141    -0.0006    3.47426    3.47446          1     6.1911     6.2705       9.95     0.0339  1.970e-13  1.000e-12  5.077e+02    34.5698    34.5726     0.0028    27.1053    27.1076     38.140     38.179      0.203    1478.03    1478.03  0.000e+00
       4424     39.000     6.8151     6.8149    -0.0003    3.47433    3.47456          1     6.1973     6.2704       9.95     0.0335  1.970e-13  1.000e-12  5.077e+02    34.5698    34.5726     0.0028    27.1053    27.1075     38.635     38.675      0.294    1478.04    1478.04  0.000e+00
       4464     39.500     6.8155     6.8152    -0.0002    3.47438    3.47461          1     6.1875     6.2619       9.95     0.0319  1.970e-13  1.000e-12  5.077e+02    34.5698    34.5725     0.0028    27.1052    27.1074     39.130     39.170      0.261    1478.05    1478.05  0.000e+00
       4518     40.000     6.8160     6.8156    -0.0005    3.47445    3.47467          1     6.1927     6.2617       9.95     0.0313  1.970e-13  1.000e-12  5.077e+02    34.5698    34.5726     0.0029    27.1051    27.1074     39.626     39.666      0.215    1478.06    1478.06  0.000e+00
       4570     40.500     6.8162     6.8158    -0.0004    3.47449    3.47472          1     6.1677     6.2726       9.95     0.0309  1.970e-13  1.000e-12  5.077e+02    34.5698    34.5727     0.0030    27.1051    27.1075     40.121     40.162      0.254    1478.07    1478.07  0.000e+00
       4612     41.000     6.8162     6.8156    -0.0006    3.47451    3.47473          1     6.1875     6.2712       9.95     0.0310  1.970e-13  1.000e-12  5.077e+02    34.5698    34.5727     0.0029    27.1052    27.1075     40.616     40.658      0.318    1478.08    1478.08  0.000e+00
       4655     41.500     6.8159     6.8151    -0.0007    3.47450    3.47472          1     6.1767     6.2674       9.95     0.0316  1.969e-13  1.000e-12  5.078e+02    34.5697    34.5728     0.0032    27.1051    27.1077     41.111     41.154      0.214    1478.09    1478.09  0.000e+00
       4725     42.000     6.8159     6.8153    -0.0006    3.47453    3.47475          1     6.1919     6.2745       9.95     0.0326  1.970e-13  1.000e-12  5.077e+02    34.5698    34.5728     0.0030    27.1052    27.1076     41.607     41.650      0.228    1478.09    1478.10  0.000e+00
       4766     42.500     6.8154     6.8144    -0.0010    3.47450    3.47469          1     6.1938     6.2681       9.95     0.0314  1.970e-13  1.000e-12  5.077e+02    34.5697    34.5728     0.0031    27.1052    27.1078     42.102     42.145      0.357    1478.10    1478.10  0.000e+00
       4802     43.000     6.8149     6.8143    -0.0005    3.47445    3.47466          1     6.1904     6.2673       9.95     0.0311  1.970e-13  1.000e-12  5.077e+02    34.5693    34.5723     0.0030    27.1050    27.1074     42.597     42.641      0.266    1478.11    1478.11  0.000e+00
       4867     43.500     6.8149     6.8142    -0.0006    3.47446    3.47467          1     6.1790     6.2659       9.95     0.0323  1.970e-13  1.000e-12  5.077e+02    34.5693    34.5723     0.0029    27.1049    27.1074     43.092     43.137      0.219    1478.12    1478.12  0.000e+00
       4917     44.000     6.8151     6.8144    -0.0007    3.47450    3.47471          1     6.1838     6.2651       9.95     0.0321  1.970e-13  1.000e-12  5.077e+02    34.5692    34.5723     0.0030    27.1048    27.1073     43.588     43.633      0.271    1478.12    1478.12  0.000e+00
       4960     44.500     6.8153     6.8148    -0.0005    3.47455    3.47477          1     6.2039     6.2667       9.95     0.0323  1.963e-13  1.000e-12  5.093e+02    34.5693    34.5723     0.0030    27.1049    27.1073     44.083     44.129      0.283    1478.13    1478.13  0.000e+00
       5005     45.000     6.8152     6.8148    -0.0004    3.47456    3.47479          1     6.1988     6.2633       9.95     0.0310  1.962e-13  1.000e-12  5.097e+02    34.5693    34.5722     0.0029    27.1049    27.1072     44.578     44.625      0.231    1478.14    1478.14  0.000e+00
       5068     45.500     6.8154     6.8154    -0.0001    3.47462    3.47487          1     6.1881     6.2683       9.95     0.0329  1.962e-13  1.000e-12  5.097e+02    34.5695    34.5723     0.0029    27.1050    27.1072     45.073     45.120      0.224    1478.15    1478.15  0.000e+00
       5112     46.000     6.8155     6.8153    -0.0003    3.47466    3.47489          1     6.1977     6.2650       9.95     0.0340  1.962e-13  1.000e-12  5.096e+02    34.5695    34.5723     0.0028    27.1050    27.1073     45.569     45.616      0.316    1478.16    1478.16  0.000e+00
       5151     46.500     6.8159     6.8158    -0.0001    3.47472    3.47496          1     6.1890     6.2666       9.95     0.0325  1.964e-13  1.000e-12  5.093e+02    34.5695    34.5724     0.0029    27.1050    27.1072     46.064     46.112      0.267    1478.17    1478.17  0.000e+00
       5216     47.000     6.8167     6.8166    -0.0001    3.47480    3.47505          1     6.1847     6.2753       9.95     0.0331  1.962e-13  1.000e-12  5.098e+02    34.5695    34.5723     0.0028    27.1048    27.1070     46.559     46.608      0.236    1478.18    1478.18  0.000e+00
       5262     47.500     6.8170     6.8167    -0.0003    3.47486    3.47510          1     6.1878     6.2656       9.95     0.0322  1.962e-13  1.000e-12  5.097e+02    34.5695    34.5724     0.0030    27.1048    27.1072     47.054     47.104      0.292    1478.19    1478.19  0.000e+00
       5315     48.000     6.8171     6.8166    -0.0005    3.47489    3.47510          1     6.1956     6.2689       9.95     0.0315  1.961e-13  1.000e-12  5.099e+02    34.5695    34.5724     0.0029    27.1048    27.1071     47.550     47.600      0.237    1478.20    1478.20  0.000e+00
       5355     48.500     6.8169     6.8160    -0.0009    3.47490    3.47509          1     6.1788     6.2649       9.95     0.0306  1.962e-13  1.000e-12  5.098e+02    34.5695    34.5726     0.0030    27.1049    27.1073     48.045     48.095      0.346    1478.21    1478.20  0.000e+00
       5403     49.000     6.8164     6.8156    -0.0007    3.47486    3.47507          1     6.1786     6.2715       9.95     0.0315  1.962e-13  1.000e-12  5.097e+02    34.5694    34.5725     0.0031    27.1048    27.1073     48.540     48.591      0.222    1478.21    1478.21  0.000e+00
       5464     49.500     6.8155     6.8152    -0.0003    3.47479    3.47504          1     6.1734     6.2759       9.95     0.0315  1.962e-13  1.000e-12  5.097e+02    34.5692    34.5723     0.0031    27.1048    27.1072     49.035     49.087      0.296    1478.21    1478.22  0.000e+00
       5501     50.000     6.8154     6.8149    -0.0005    3.47481    3.47504          1     6.1828     6.2778       9.95     0.0315  1.962e-13  1.000e-12  5.097e+02    34.5693    34.5723     0.0030    27.1049    27.1073     49.531     49.583      0.287    1478.22    1478.22  0.000e+00
       5555     50.500     6.8153     6.8146    -0.0007    3.47480    3.47502          1     6.1758     6.2638       9.95     0.0310  1.956e-13  1.000e-12  5.112e+02    34.5691    34.5722     0.0030    27.1047    27.1072     50.026     50.079      0.185    1478.23    1478.23  0.000e+00
       5617     51.000     6.8150     6.8149    -0.0002    3.47482    3.47504          1     6.1725     6.2727       9.95     0.0325  1.954e-13  1.000e-12  5.118e+02    34.5693    34.5719     0.0027    27.1049    27.1070     50.521     50.575      0.240    1478.24    1478.24  0.000e+00
       5660     51.500     6.8156     6.8156    -0.0000    3.47490    3.47517          1     6.1813     6.2746       9.95     0.0306  1.954e-13  1.000e-12  5.117e+02    34.5694    34.5723     0.0030    27.1049    27.1072     51.016     51.070      0.318    1478.25    1478.25  0.000e+00
       5695     52.000     6.8155     6.8149    -0.0007    3.47490    3.47514          1     6.1950     6.2622       9.95     0.0299  1.954e-13  1.000e-12  5.118e+02    34.5693    34.5725     0.0032    27.1048    27.1075     51.512     51.566      0.330    1478.26    1478.26  0.000e+00
       5758     52.500     6.8149     6.8143    -0.0006    3.47487    3.47507          1     6.2007     6.2591       9.95     0.0304  1.954e-13  1.000e-12  5.118e+02    34.5692    34.5721     0.0029    27.1048    27.1072     52.007     52.062      0.249    1478.26    1478.26  0.000e+00
       5816     53.000     6.8144     6.8129    -0.0015    3.47484    3.47502          1     6.1705     6.2608       9.95     0.0312  1.959e-13  1.000e-12  5.104e+02    34.5692    34.5726     0.0035    27.1049    27.1078     52.502     52.558      0.447    1478.27    1478.27  0.000e+00
       5841     53.500     6.8121     6.8097    -0.0024    3.47465    3.47476          1     6.1834     6.2621       9.95     0.0309  1.962e-13  1.000e-12  5.098e+02    34.5692    34.5728     0.0036    27.1052    27.1084     52.997     53.054      0.418    1478.27    1478.26  0.000e+00
       5903     54.000     6.8106     6.8096    -0.0009    3.47454    3.47473          1     6.1996     6.2617       9.95     0.0328  1.952e-13  1.000e-12  5.123e+02    34.5692    34.5723     0.0031    27.1054    27.1080     53.493     53.550      0.228    1478.27    1478.27  0.000e+00
       5968     54.500     6.8120     6.8123     0.0003    3.47470    3.47495          1     6.2056     6.2562       9.95     0.0328  1.946e-13  1.000e-12  5.138e+02    34.5693    34.5718     0.0025    27.1053    27.1072     53.988     54.045      0.294    1478.28    1478.29  0.000e+00
       6005     55.000     6.8133     6.8129    -0.0004    3.47483    3.47505          1     6.1952     6.2570       9.95     0.0316  1.953e-13  1.000e-12  5.120e+02    34.5691    34.5720     0.0029    27.1050    27.1074     54.483     54.541      0.315    1478.30    1478.30  0.000e+00
       6045     55.500     6.8132     6.8115    -0.0017    3.47484    3.47499          1     6.1775     6.2592       9.95     0.0317  1.951e-13  1.000e-12  5.126e+02    34.5691    34.5725     0.0034    27.1050    27.1080     54.978     55.037      0.280    1478.30    1478.30  0.000e+00
       6103     56.000     6.8112     6.8101    -0.0010    3.47469    3.47489          1     6.1829     6.2625       9.95     0.0314  1.949e-13  1.000e-12  5.130e+02    34.5693    34.5724     0.0032    27.1054    27.1080     55.474     55.533      0.199    1478.30    1478.30  0.000e+00
       6162     56.500     6.8108     6.8103    -0.0005    3.47470    3.47492          1     6.1892     6.2562       9.95     0.0333  1.954e-13  1.000e-12  5.117e+02    34.5695    34.5724     0.0029    27.1056    27.1080     55.969     56.029      0.316    1478.31    1478.31  0.000e+00
       6197     57.000     6.8108     6.8104    -0.0004    3.47473    3.47495          1     6.1883     6.2612       9.95     0.0344  1.949e-13  1.000e-12  5.130e+02    34.5695    34.5724     0.0029    27.1056    27.1080     56.464     56.524      0.305    1478.32    1478.32  0.000e+00
