ctdpy/exports/archive_20191121_122431/received_data/SBE09_1044_20180127_1927_34_02_0021.cnv
* Sea-Bird SBE 9 Data File:
* FileName = C:\ctd\temp\2018\ME18D021.hex
* Software Version Seasave V 7.26.6.26
* Temperature SN = 5351
* Conductivity SN = 3941
* Number of Bytes Per Scan = 41
* Number of Voltage Words = 4
* Number of Scans Averaged by the Deck Unit = 1
* NMEA Latitude = 55 21.04 N
* NMEA Longitude = 019 03.53 E
* NMEA UTC (Time) = Jan 27 2018  19:28:07
* NMEA baud rate = 4800
** Station:  PL-P63
** Operator:  JKro
** Ship: MERI
** Average sound velocity: 1437.82 m/s
** True-depth calculation Sat, 27 Jan 2018 22:02:46 +0000
** CTD Python Module SMHI /ver 3-12/ feb 2012 
** LIMS Job: 20183402-0021
** Cruise: SMHI-01-2018
** Latitude [GG MM.mm N] :
** Longitude [GG MM.mm E]:
# nquan = 26
# nvalues = 160                         
# units = specified
# name 0 = scan: Scan Count
# name 1 = prDM: Pressure, Digiquartz [db]
# name 2 = t090C: Temperature [ITS-90, deg C]
# name 3 = t190C: Temperature, 2 [ITS-90, deg C]
# name 4 = T2-T190C: Temperature Difference, 2 - 1 [ITS-90, deg C]
# name 5 = c0S/m: Conductivity [S/m]
# name 6 = c1S/m: Conductivity, 2 [S/m]
# name 7 = pumps: Pump Status
# name 8 = sbeox0ML/L: Oxygen, SBE 43 [ml/l]
# name 9 = sbeox1ML/L: Oxygen, SBE 43, 2 [ml/l]
# name 10 = altM: Altimeter [m]
# name 11 = flECO-AFL: Chl-a Fluorescence, WET Labs ECO-AFL/FL [mg/m^3]
# name 12 = flECO-AFL1: Phycocyanin Fluorescence, WET Labs ECO-AFL/FL, 2 [mg/m^3]
# name 13 = par: PAR/Irradiance, Biospherical/Lico [µE/(cm^2*s)]
# name 14 = turbWETntu0: Turbidity, WET Labs ECO [NTU]
# name 15 = sal00: Salinity, Practical [PSU]
# name 16 = sal11: Salinity, Practical, 2 [PSU]
# name 17 = secS-priS: Salinity, Practical, Difference, 2 - 1 [PSU]
# name 18 = sigma-t00: Density [sigma-t, Kg/m^3 ]
# name 19 = sigma-t11: Density, 2 [sigma-t, Kg/m^3 ]
# name 20 = depSM: Depth [salt water, m], lat = 55.3507
# name 21 = depFM: Depth [true depth, m], lat = 55.3507
# name 22 = dz/dtM: Descent Rate [m/s], WS = 2
# name 23 = svCM: Sound Velocity [Chen-Millero, m/s]
# name 24 = svCM1: Sound Velocity, 2 [Chen-Millero, m/s]
# name 25 = flag: flag
# span 0 =      16014,      21122       
# span 1 =      1.500,     81.000       
# span 2 =     4.7860,     6.3139       
# span 3 =     4.7866,     6.3142       
# span 4 =    -0.0185,     0.0163       
# span 5 =   0.799846,   1.224933       
# span 6 =   0.799804,   1.224929       
# span 7 =          1,          1       
# span 8 =    0.17013,    8.07115       
# span 9 =    0.26122,    8.06551       
# span 10 =       1.36,      83.57      
# span 11 =     0.2753,     0.6617      
# span 12 =     0.2270,     0.3982      
# span 13 = 1.0000e-12, 9.5547e-02      
# span 14 =     0.1439,     0.2822      
# span 15 =     7.3964,    11.2133      
# span 16 =     7.3961,    11.2131      
# span 17 =    -0.0237,     0.0013      
# span 18 =     5.8500,     8.7876      
# span 19 =     5.8495,     8.7874      
# span 20 =      1.486,     80.252      
# span 21 =      1.519,     81.977      
# span 22 =     -0.048,      0.757      
# span 23 =    1435.35,    1447.45      
# span 24 =    1435.36,    1447.46      
# span 25 = 0.0000e+00, 0.0000e+00      
# interval = decibars: 0.5              
# start_time = Jan 27 2018 19:28:08 [NMEA time, first data scan]
# bad_flag = -9.990e-29
*END*
[from data line 56]
      18204     29.500     4.9043     4.9049     0.0006    0.80065    0.80061          1     8.0357     8.0118      55.39     0.5351     0.3471  1.000e-12  0.1620000     7.4006     7.4001    -0.0005     5.8549     5.8545     29.231     29.872      0.598    1435.74    1435.75  0.000e+00
      18223     30.000     4.9045     4.9049     0.0004    0.80067    0.80061          1     8.0375     8.0018      54.97     0.5527     0.3590  1.000e-12  0.1602000     7.4007     7.4001    -0.0006     5.8550     5.8544     29.726     30.378      0.607    1435.75    1435.75  0.000e+00
      18244     30.500     4.9039     4.9045     0.0006    0.80064    0.80059          1     8.0436     8.0055      54.02     0.5727     0.3405  1.000e-12  0.1613000     7.4004     7.3999    -0.0006     5.8548     5.8543     30.222     30.885      0.491    1435.76    1435.76  0.000e+00
      18276     31.000     4.9019     4.9030     0.0011    0.80048    0.80047          1     8.0491     8.0099      53.43     0.5786     0.3281  1.000e-12  0.1655000     7.3992     7.3990    -0.0003     5.8539     5.8536     30.717     31.391      0.335    1435.75    1435.76  0.000e+00
      18312     31.500     4.9029     4.9038     0.0010    0.80055    0.80054          1     8.0443     8.0083      53.17     0.5689     0.3569  1.000e-12  0.1621000     7.3997     7.3993    -0.0003     5.8542     5.8539     31.213     31.897      0.404    1435.77    1435.77  0.000e+00
      18337     32.000     4.9041     4.9042     0.0002    0.80065    0.80056          1     8.0462     8.0156      52.78     0.5530     0.3273  1.000e-12  0.1979000     7.4003     7.3994    -0.0009     5.8547     5.8540     31.708     32.404      0.529    1435.78    1435.78  0.000e+00
      18358     32.500     4.9050     4.9040    -0.0010    0.80073    0.80055          1     8.0441     7.9935      52.30     0.5737     0.3428  1.000e-12  0.1878000     7.4008     7.3993    -0.0015     5.8550     5.8539     32.204     32.910      0.560    1435.79    1435.79  0.000e+00
      18380     33.000     4.9048     4.9052     0.0005    0.80073    0.80067          1     8.0468     7.9969      51.74     0.5695     0.3606  1.000e-12  0.1779000     7.4008     7.4002    -0.0006     5.8550     5.8545     32.699     33.416      0.490    1435.80    1435.80  0.000e+00
      18409     33.500     4.9039     4.9051     0.0012    0.80067    0.80067          1     8.0422     8.0157      17.99     0.5656     0.3863  1.000e-12  0.1686000     7.4004     7.4001    -0.0003     5.8547     5.8545     33.194     33.922      0.391    1435.81    1435.81  0.000e+00
      18440     34.000     4.9048     4.9054     0.0006    0.80076    0.80070          1     8.0404     8.0049       7.52     0.5880     0.3809  1.000e-12  0.1726000     7.4010     7.4003    -0.0007     5.8552     5.8546     33.690     34.429      0.409    1435.82    1435.82  0.000e+00
      18467     34.500     4.9059     4.9065     0.0007    0.80084    0.80079          1     8.0441     7.9703       7.08     0.5641     0.3402  1.000e-12  0.1618000     7.4015     7.4009    -0.0006     5.8555     5.8550     34.185     34.935      0.469    1435.83    1435.83  0.000e+00
      18492     35.000     4.9060     4.9069     0.0008    0.80086    0.80083          1     8.0474     7.9933       6.68     0.5404     0.3215  1.000e-12  0.1678000     7.4016     7.4011    -0.0005     5.8556     5.8552     34.680     35.441      0.518    1435.84    1435.84  0.000e+00
      18514     35.500     4.9062     4.9069     0.0007    0.80088    0.80084          1     8.0338     8.0225       6.31     0.5752     0.3157  1.000e-12  0.1727000     7.4016     7.4012    -0.0005     5.8556     5.8552     35.176     35.948      0.511    1435.85    1435.85  0.000e+00
      18540     36.000     4.9058     4.9071     0.0013    0.80085    0.80086          1     8.0269     7.9791       5.72     0.5470     0.3221  1.000e-12  0.1836000     7.4014     7.4012    -0.0002     5.8555     5.8553     35.671     36.454      0.407    1435.85    1435.86  0.000e+00
      18574     36.500     4.9061     4.9072     0.0011    0.80089    0.80088          1     8.0276     8.0217       5.75     0.5567     0.3192  1.000e-12  0.1706000     7.4017     7.4013    -0.0003     5.8557     5.8554     36.167     36.960      0.377    1435.86    1435.87  0.000e+00
      18601     37.000     4.9064     4.9070     0.0007    0.80090    0.80086          1     8.0309     7.9928       5.80     0.5658     0.3023  1.000e-12  0.1768000     7.4017     7.4011    -0.0005     5.8556     5.8552     36.662     37.467      0.497    1435.87    1435.88  0.000e+00
      18623     37.500     4.9065     4.9071     0.0007    0.80092    0.80088          1     8.0432     7.9901       5.72     0.5638     0.3224  1.000e-12  0.1659000     7.4017     7.4012    -0.0006     5.8557     5.8552     37.157     37.973      0.541    1435.88    1435.88  0.000e+00
      18646     38.000     4.9066     4.9072     0.0006    0.80092    0.80088          1     8.0541     7.9934       5.10     0.5512     0.3214  1.000e-12  0.1638000     7.4017     7.4012    -0.0005     5.8557     5.8552     37.653     38.479      0.462    1435.89    1435.89  0.000e+00
      18680     38.500     4.9070     4.9079     0.0009    0.80099    0.80096          1     8.0439     8.0053       5.09     0.5290     0.3018  1.000e-12  0.1745000     7.4022     7.4017    -0.0005     5.8560     5.8556     38.148     38.986      0.310    1435.90    1435.90  0.000e+00
      18717     39.000     4.9077     4.9078     0.0001    0.80104    0.80095          1     8.0338     8.0190      35.83     0.5485     0.2759  1.000e-12  0.1715000     7.4025     7.4015    -0.0010     5.8563     5.8555     38.644     39.492      0.469    1435.91    1435.91  0.000e+00
      18737     39.500     4.9086     4.9089     0.0004    0.80112    0.80106          1     8.0275     7.9835      45.15     0.5624     0.3184  1.000e-12  0.1731000     7.4030     7.4023    -0.0007     5.8567     5.8561     39.139     39.998      0.641    1435.92    1435.92  0.000e+00
      18755     40.000     4.9096     4.9101     0.0005    0.80119    0.80116          1     8.0244     7.9949      44.50     0.5585     0.3619  1.000e-12  0.1705000     7.4034     7.4030    -0.0004     5.8569     5.8565     39.634     40.504      0.603    1435.94    1435.94  0.000e+00
      18782     40.500     4.9085     4.9094     0.0008    0.80113    0.80111          1     8.0182     8.0001      43.81     0.5483     0.3491  1.000e-12  0.1675000     7.4030     7.4026    -0.0004     5.8566     5.8563     40.130     41.011      0.352    1435.94    1435.94  0.000e+00
      18829     41.000     4.9097     4.9098     0.0001    0.80125    0.80114          1     8.0262     7.9899      43.14     0.5476     0.3423  1.000e-12  0.1587000     7.4039     7.4028    -0.0011     5.8573     5.8564     40.625     41.517      0.324    1435.95    1435.95  0.000e+00
      18853     41.500     4.9113     4.9118     0.0005    0.80136    0.80131          1     8.0259     7.9853      42.83     0.5645     0.3413  1.000e-12  0.1690000     7.4045     7.4039    -0.0006     5.8577     5.8572     41.121     42.023      0.624    1435.97    1435.97  0.000e+00
      18869     42.000     4.9117     4.9133     0.0016    0.80139    0.80144          1     8.0182     7.9777      42.41     0.5291     0.3784  1.000e-12  0.1740000     7.4047     7.4048     0.0001     5.8579     5.8579     41.616     42.530      0.683    1435.98    1435.99  0.000e+00
      18888     42.500     4.9107     4.9119     0.0012    0.80131    0.80133          1     8.0139     7.9876      41.87     0.5147     0.3130  1.000e-12  0.1730000     7.4040     7.4040    -0.0001     5.8574     5.8573     42.111     43.036      0.563    1435.98    1435.99  0.000e+00
      18924     43.000     4.9111     4.9118     0.0006    0.80138    0.80133          1     8.0221     7.9914      41.15     0.5167     0.3346  1.000e-12  0.1757000     7.4046     7.4039    -0.0006     5.8578     5.8572     42.607     43.542      0.284    1435.99    1436.00  0.000e+00
      18970     43.500     4.9120     4.9128     0.0008    0.80145    0.80140          1     8.0181     7.9743      40.60     0.5296     0.3037  1.000e-12  0.1772000     7.4050     7.4044    -0.0006     5.8581     5.8575     43.102     44.049      0.471    1436.00    1436.01  0.000e+00
      18989     44.000     4.9122     4.9131     0.0009    0.80145    0.80144          1     8.0088     7.9673      40.23     0.5351     0.3118  1.000e-12  0.1689000     7.4049     7.4046    -0.0003     5.8580     5.8577     43.597     44.555      0.639    1436.01    1436.02  0.000e+00
      19007     44.500     4.9131     4.9135     0.0004    0.80151    0.80147          1     8.0049     7.9531      39.86     0.5391     0.3178  1.000e-12  0.1680000     7.4053     7.4047    -0.0005     5.8583     5.8578     44.093     45.061      0.645    1436.03    1436.02  0.000e+00
      19027     45.000     4.9142     4.9145     0.0003    0.80162    0.80155          1     8.0124     7.9893      39.28     0.5175     0.3211  1.000e-12  0.1673000     7.4060     7.4053    -0.0007     5.8588     5.8582     44.588     45.567      0.513    1436.04    1436.04  0.000e+00
      19062     45.500     4.9142     4.9152     0.0010    0.80165    0.80163          1     8.0219     7.9898      38.58     0.5345     0.3533  1.000e-12  0.1592000     7.4062     7.4058    -0.0004     5.8589     5.8586     45.084     46.074      0.277    1436.05    1436.05  0.000e+00
      19106     46.000     4.9213     4.9230     0.0016    0.80225    0.80227          1     8.0031     7.9662      37.97     0.5051     0.2360  1.000e-12  0.1439000     7.4105     7.4104    -0.0001     5.8621     5.8619     45.579     46.580      0.407    1436.09    1436.10  0.000e+00
      19129     46.500     4.9268     4.9278     0.0010    0.80268    0.80266          1     7.9834     7.9703      37.59     0.5167     0.3341  1.000e-12  0.1668000     7.4135     7.4131    -0.0004     5.8642     5.8639     46.074     47.086      0.578    1436.13    1436.13  0.000e+00
      19148     47.000     4.9342     4.9354     0.0012    0.80328    0.80329          1     7.9721     7.9479      37.14     0.5065     0.3814  1.000e-12  0.1667000     7.4178     7.4176    -0.0001     5.8673     5.8672     46.570     47.593      0.577    1436.17    1436.18  0.000e+00
      19171     47.500     4.9405     4.9414     0.0008    0.80393    0.80390          1     7.9570     7.9226      36.58     0.4968     0.3191  1.000e-12  0.1747000     7.4228     7.4222    -0.0006     5.8711     5.8706     47.065     48.099      0.476    1436.22    1436.22  0.000e+00
      19201     48.000     4.9447     4.9453     0.0006    0.80491    0.80483          1     7.9285     7.8936      35.99     0.5012     0.3154  1.000e-12  0.1711000     7.4315     7.4305    -0.0010     5.8778     5.8770     47.560     48.605      0.349    1436.25    1436.25  0.000e+00
      19241     48.500     4.9397     4.9419     0.0022    0.80564    0.80556          1     7.8868     7.8655      35.40     0.4868     0.3396  1.000e-12  0.1761000     7.4397     7.4384    -0.0013     5.8845     5.8834     48.056     49.112      0.312    1436.25    1436.26  0.000e+00
      19272     49.000     4.9310     4.9311     0.0002    0.80568    0.80567          1     7.8699     7.8571      34.93     0.4947     0.2975  1.000e-12  0.1833000     7.4421     7.4419    -0.0002     5.8867     5.8866     48.551     49.618      0.523    1436.22    1436.22  0.000e+00
      19292     49.500     4.9267     4.9280     0.0012    0.80581    0.80578          1     7.8723     7.8628      34.50     0.4923     0.2749  1.000e-12  0.1814000     7.4442     7.4437    -0.0005     5.8886     5.8881     49.046     50.124      0.636    1436.21    1436.22  0.000e+00
      19310     50.000     4.9254     4.9262     0.0008    0.80582    0.80579          1     7.8895     7.8674      34.03     0.4697     0.3031  1.000e-12  0.1722000     7.4446     7.4441    -0.0005     5.8889     5.8885     49.542     50.630      0.578    1436.22    1436.22  0.000e+00
      19339     50.500     4.9186     4.9197     0.0011    0.80589    0.80584          1     7.9140     7.8819      33.37     0.4968     0.3515  1.000e-12  0.1594000     7.4467     7.4460    -0.0007     5.8908     5.8902     50.037     51.137      0.325    1436.20    1436.20  0.000e+00
      19386     51.000     4.9051     4.9075     0.0025    0.80583    0.80581          1     7.8958     7.8521      32.68     0.4888     0.3342  1.000e-12  0.1693000     7.4490     7.4483    -0.0007     5.8932     5.8926     50.532     51.643      0.343    1436.15    1436.16  0.000e+00
      19410     51.500     4.8236     4.8243     0.0008    0.80431    0.80429          1     7.8996     7.8710      32.17     0.4675     0.3062  1.000e-12  0.1614000     7.4522     7.4518    -0.0004     5.8988     5.8985     51.028     52.149      0.607    1435.80    1435.80  0.000e+00
      19427     52.000     4.7888     4.7891     0.0003    0.80379    0.80375          1     7.9197     7.8787      31.74     0.4881     0.3269  1.000e-12  0.2016000     7.4547     7.4543    -0.0004     5.9021     5.9017     51.523     52.656      0.660    1435.66    1435.66  0.000e+00
      19447     52.500     4.7860     4.7866     0.0006    0.80394    0.80389          1     7.9207     7.8821      31.24     0.4921     0.3551  1.000e-12  0.1923000     7.4568     7.4562    -0.0006     5.9038     5.9033     52.019     53.162      0.532    1435.66    1435.66  0.000e+00
      19485     53.000     4.8002     4.7992    -0.0010    0.80450    0.80443          1     7.9107     7.8854      30.50     0.4827     0.3181  1.000e-12  0.1646000     7.4591     7.4587    -0.0004     5.9051     5.9048     52.514     53.668      0.280    1435.73    1435.73  0.000e+00
      19527     53.500     4.8572     4.8554    -0.0017    0.80671    0.80653          1     7.8623     7.8420      30.02     0.4687     0.3146  1.000e-12  0.1722000     7.4683     7.4668    -0.0015     5.9103     5.9092     53.009     54.174      0.505    1436.00    1435.99  0.000e+00
      19545     54.000     4.8686     4.8697     0.0010    0.80746    0.80742          1     7.8316     7.8082      29.66     0.4774     0.3177  1.000e-12  0.1812000     7.4731     7.4724    -0.0007     5.9136     5.9130     53.505     54.681      0.667    1436.07    1436.07  0.000e+00
      19563     54.500     4.8776     4.8763    -0.0012    0.80837    0.80830          1     7.8192     7.7925      29.20     0.4686     0.3178  1.000e-12  0.1859000     7.4801     7.4796    -0.0005     5.9188     5.9185     54.000     55.187      0.638    1436.12    1436.12  0.000e+00
      19586     55.000     4.8763     4.8768     0.0005    0.80936    0.80930          1     7.8064     7.7828      28.63     0.4549     0.3480  1.000e-12  0.1757000     7.4901     7.4894    -0.0007     5.9268     5.9262     54.495     55.693      0.405    1436.14    1436.14  0.000e+00
      19630     55.500     4.8877     4.8868    -0.0009    0.81037    0.81025          1     7.7889     7.7526      28.01     0.4613     0.3111  1.000e-12  0.1704000     7.4975     7.4965    -0.0010     5.9322     5.9315     54.991     56.199      0.284    1436.21    1436.20  0.000e+00
      19660     56.000     4.9017     4.9025     0.0008    0.81177    0.81168          1     7.7432     7.7070      27.62     0.4525     0.2732  1.000e-12  0.1820000     7.5082     7.5072    -0.0010     5.9402     5.9393     55.486     56.706      0.531    1436.29    1436.29  0.000e+00
      19680     56.500     4.8921     4.8928     0.0007    0.81638    0.81652          1     7.6473     7.6438      27.17     0.4556     0.3168  1.000e-12  0.1805000     7.5561     7.5574     0.0013     5.9785     5.9795     55.981     57.212      0.565    1436.32    1436.32  0.000e+00
