ctdpy/exports/archive_20191121_122431/received_data/SBE09_0827_20181122_1254_26_01_1223.cnv
* Sea-Bird SBE 9 Data File:
* FileName = D:\CTD_SBE911\DAT\26DA.2018.12.23.hex
* Software Version Seasave V 7.21d
* Temperature SN = 4548
* Conductivity SN = 3062
* Number of Bytes Per Scan = 48
* Number of Voltage Words = 5
* Number of Scans Averaged by the Deck Unit = 1
* NMEA Latitude = 57 19.45 N
* NMEA Longitude = 019 06.78 E
* NMEA UTC (Time) = Nov 22 2018  12:56:00
* NMEA baud rate = 4800
** Ship: DANA
** Average sound velocity: 1444.16 m/s
** True-depth calculation Tue, 02 Apr 2019 12:13:08 +0000
** CTD Python Module SMHI /ver 3-12/ feb 2012 
** LIMS Job: 20182601-1223
** Operator: Ronny
** Cruise: 12/2018
# nquan = 26
# nvalues = 146                         
# units = specified
# name 0 = scan: Scan Count
# name 1 = prDM: Pressure, Digiquartz [db]
# name 2 = t090C: Temperature [ITS-90, deg C]
# name 3 = t190C: Temperature, 2 [ITS-90, deg C]
# name 4 = T2-T190C: Temperature Difference, 2 - 1 [ITS-90, deg C]
# name 5 = c0S/m: Conductivity [S/m]
# name 6 = c1S/m: Conductivity, 2 [S/m]
# name 7 = pumps: Pump Status
# name 8 = sbeox1ML/L: Oxygen, SBE 43, 2 [ml/l]
# name 9 = sbeox0ML/L: Oxygen, SBE 43 [ml/l]
# name 10 = altM: Altimeter [m]
# name 11 = chloroflTC0: Chlorophyll, Turner Cyclops [ug/l]
# name 12 = cpar: CPAR/Corrected Irradiance [%]
# name 13 = par: PAR/Irradiance, Biospherical/Lico [µE/(cm^2*s)]
# name 14 = spar: SPAR, Biospherical/Licor
# name 15 = sal00: Salinity, Practical [PSU]
# name 16 = sal11: Salinity, Practical, 2 [PSU]
# name 17 = secS-priS: Salinity, Practical, Difference, 2 - 1 [PSU]
# name 18 = sigma-t00: Density [sigma-t, kg/m^3 ]
# name 19 = sigma-t11: Density, 2 [sigma-t, kg/m^3 ]
# name 20 = depSM: Depth [salt water, m], lat = 57.3242
# name 21 = depFM: Depth [true depth, m], lat = 57.3242
# name 22 = dz/dtM: Descent Rate [m/s], WS = 2
# name 23 = svCM: Sound Velocity [Chen-Millero, m/s]
# name 24 = svCM1: Sound Velocity, 2 [Chen-Millero, m/s]
# name 25 = flag: flag
# span 0 =        234,       7040       
# span 1 =      1.000,     73.500       
# span 2 =     3.8146,     8.3719       
# span 3 =     3.7988,     8.3730       
# span 4 =    -0.1968,     0.1090       
# span 5 =   0.783714,   1.047976       
# span 6 =   0.783038,   1.047965       
# span 7 =          1,          1       
# span 8 =     0.1381,     7.4872       
# span 9 =     0.1063,     7.7042       
# span 10 =       1.40,       9.99      
# span 11 =     0.0159,     0.0229      
# span 12 = -1.176e-10, 8.7833e+00      
# span 13 = -1.146e-10, 8.3836e+00      
# span 14 = 9.5449e+01, 9.9511e+01      
# span 15 =     7.1178,     9.7752      
# span 16 =     7.1183,     9.7745      
# span 17 =    -0.0007,     0.0393      
# span 18 =     5.4276,     7.7169      
# span 19 =     5.4283,     7.7163      
# span 20 =      0.991,     72.810      
# span 21 =      1.013,     74.426      
# span 22 =      0.200,      0.305      
# span 23 =    1431.37,    1450.15      
# span 24 =    1431.31,    1450.15      
# span 25 = 0.0000e+00, 0.0000e+00      
# interval = decibars: 0.5              
# start_time = Nov 22 2018 12:56:00 [NMEA time, first data scan]
# bad_flag = -9.990e-29
*END*
[from data line 112]
       5424     57.000     4.2666     4.2178    -0.0486    0.81012    0.80990          1     6.0770     6.1968       9.96     0.0159  1.005e-12  1.000e-12  9.951e+01     7.6370     7.6461     0.0092     6.0636     6.0723     56.467     57.736      0.255    1433.65    1433.44  0.000e+00
       5471     57.500     4.2049     4.2221     0.0171    0.81712    0.81875          1     5.8701     5.9626       9.96     0.0159  1.005e-12  1.000e-12  9.951e+01     7.7223     7.7348     0.0125     6.1332     6.1427     56.962     58.243      0.243    1433.49    1433.59  0.000e+00
       5523     58.000     4.2576     4.2588     0.0012    0.82410    0.82583          1     5.5216     5.6153       9.96     0.0159  1.005e-12  1.000e-12  9.951e+01     7.7807     7.7980     0.0172     6.1781     6.1917     57.458     58.749      0.233    1433.81    1433.84  0.000e+00
       5571     58.500     4.2321     4.2201    -0.0120    0.83505    0.83672          1     5.1781     5.2257       9.96     0.0159  1.005e-12  1.000e-12  9.951e+01     7.8980     7.9178     0.0199     6.2719     6.2880     57.953     59.255      0.259    1433.86    1433.83  0.000e+00
       5618     59.000     4.2270     4.2278     0.0008    0.84003    0.84081          1     4.9044     4.9727       9.96     0.0159  1.005e-12  1.000e-12  9.951e+01     7.9498     7.9575     0.0077     6.3131     6.3192     58.448     59.761      0.247    1433.91    1433.92  0.000e+00
       5669     59.500     4.2358     4.2358    -0.0000    0.84256    0.84311          1     4.8118     4.8827       9.96     0.0159  1.005e-12  1.000e-12  9.951e+01     7.9733     7.9790     0.0056     6.3316     6.3361     58.943     60.267      0.227    1433.99    1433.99  0.000e+00
       5721     60.000     4.2420     4.2444     0.0024    0.84503    0.84556          1     4.7372     4.8213       9.96     0.0159  1.005e-12  1.000e-12  9.951e+01     7.9969     8.0017     0.0048     6.3501     6.3538     59.439     60.773      0.253    1434.05    1434.07  0.000e+00
       5767     60.500     4.2534     4.2534    -0.0001    0.84690    0.84721          1     4.6850     4.7675       9.96     0.0159  1.005e-12  1.000e-12  9.951e+01     8.0131     8.0162     0.0032     6.3626     6.3651     59.934     61.279      0.243    1434.13    1434.13  0.000e+00
       5818     61.000     4.2479     4.2475    -0.0004    0.84778    0.84823          1     4.6542     4.7352       9.96     0.0159  1.005e-12  1.000e-12  9.951e+01     8.0233     8.0279     0.0046     6.3709     6.3746     60.429     61.785      0.255    1434.13    1434.13  0.000e+00
       5861     61.500     4.1971     4.1679    -0.0292    0.85046    0.85127          1     4.5136     4.5805       9.96     0.0159  1.005e-12  1.000e-12  9.951e+01     8.0630     8.0784     0.0154     6.4039     6.4170     60.924     62.291      0.276    1433.96    1433.85  0.000e+00
       5909     62.000     4.1580     4.1814     0.0234    0.86404    0.86845          1     4.0893     4.1388       9.96     0.0159  1.005e-12  1.000e-12  9.951e+01     8.2111     8.2503     0.0393     6.5226     6.5531     61.420     62.797      0.238    1433.98    1434.14  0.000e+00
       5958     62.500     4.3032     4.3223     0.0191    0.88301    0.88557          1     3.5733     3.5738       9.96     0.0159  1.005e-12  1.000e-12  9.951e+01     8.3681     8.3893     0.0212     6.6428     6.6589     61.915     63.303      0.246    1434.84    1434.95  0.000e+00
       6006     63.000     4.3580     4.3683     0.0104    0.89324    0.89503          1     3.2294     3.2119       9.96     0.0159  1.005e-12  1.000e-12  9.951e+01     8.4584     8.4739     0.0155     6.7126     6.7245     62.410     63.809      0.255    1435.21    1435.27  0.000e+00
       6055     63.500     4.3858     4.3922     0.0064    0.89916    0.90021          1     3.0216     3.0161       9.96     0.0159  1.005e-12  1.000e-12  9.951e+01     8.5114     8.5204     0.0091     6.7537     6.7606     62.905     64.315      0.233    1435.41    1435.45  0.000e+00
       6107     64.000     4.3945     4.3970     0.0025    0.90198    0.90262          1     2.9416     2.9575       9.96     0.0159  1.005e-12  1.000e-12  9.951e+01     8.5379     8.5436     0.0058     6.7744     6.7789     63.401     64.821      0.253    1435.49    1435.51  0.000e+00
       6150     64.500     4.4165     4.4240     0.0075    0.90565    0.90629          1     2.8692     2.8786       9.96     0.0159  1.005e-12  1.000e-12  9.951e+01     8.5695     8.5740     0.0045     6.7986     6.8020     63.896     65.327      0.265    1435.63    1435.67  0.000e+00
       6201     65.000     4.4625     4.4820     0.0195    0.91265    0.91551          1     2.6792     2.7084       9.96     0.0159  1.005e-12  1.000e-12  9.951e+01     8.6285     8.6526     0.0241     6.8439     6.8623     64.391     65.832      0.227    1435.92    1436.04  0.000e+00
       6251     65.500     4.5382     4.5526     0.0144    0.92468    0.92627          1     2.4203     2.4116       9.75     0.0159  1.005e-12  1.000e-12  9.951e+01     8.7310     8.7433     0.0123     6.9224     6.9316     64.886     66.338      0.253    1436.40    1436.47  0.000e+00
       6299     66.000     4.6120     4.6299     0.0179    0.93720    0.93987          1     2.1415     2.1202       9.23     0.0159  1.005e-12  1.000e-12  9.951e+01     8.8385     8.8608     0.0223     7.0048     7.0218     65.382     66.844      0.237    1436.87    1436.97  0.000e+00
       6352     66.500     4.6934     4.7100     0.0165    0.95236    0.95443          1     1.8315     1.7901       8.69     0.0159  1.005e-12  1.000e-12  9.951e+01     8.9704     8.9869     0.0166     7.1060     7.1185     65.877     67.350      0.234    1437.40    1437.50  0.000e+00
       6401     67.000     4.7694     4.7881     0.0188    0.96666    0.96913          1     1.5367     1.4775       8.18     0.0159  1.005e-12  1.000e-12  9.951e+01     9.0946     9.1145     0.0199     7.2013     7.2163     66.372     67.855      0.240    1437.91    1438.01  0.000e+00
       6453     67.500     4.8533     4.8697     0.0164    0.98126    0.98302          1     1.2383     1.1696       7.65     0.0159  1.005e-12  1.000e-12  9.951e+01     9.2193     9.2326     0.0132     7.2965     7.3063     66.867     68.361      0.239    1438.44    1438.53  0.000e+00
       6499     68.000     4.9648     4.9836     0.0188    0.99883    1.00089          1     0.9542     0.8643       7.15     0.0159  1.005e-12  1.000e-12  9.951e+01     9.3658     9.3813     0.0155     7.4075     7.4189     67.363     68.866      0.266    1439.12    1439.23  0.000e+00
       6550     68.500     5.0251     5.0368     0.0116    1.00890    1.01037          1     0.7204     0.6665       6.61     0.0159  1.005e-12  1.000e-12  9.951e+01     9.4504     9.4620     0.0116     7.4717     7.4803     67.858     69.372      0.217    1439.50    1439.57  0.000e+00
       6602     69.000     5.0624     5.0744     0.0120    1.01499    1.01605          1     0.6348     0.5769       6.10     0.0159  1.005e-12  1.000e-12  9.951e+01     9.5012     9.5085     0.0073     7.5101     7.5154     68.353     69.877      0.256    1439.74    1439.80  0.000e+00
       6649     69.500     5.1090     5.1179     0.0089    1.02228    1.02319          1     0.5365     0.4841       5.58     0.0159  1.005e-12  1.000e-12  9.951e+01     9.5614     9.5680     0.0066     7.5555     7.5603     68.848     70.383      0.236    1440.03    1440.07  0.000e+00
       6702     70.000     5.1371     5.1414     0.0042    1.02684    1.02704          1     0.4556     0.4106       5.02     0.0159  1.005e-12  1.000e-12  9.951e+01     9.5991     9.6000     0.0009     7.5840     7.5845     69.343     70.888      0.242    1440.20    1440.22  0.000e+00
       6749     70.500     5.1494     5.1539     0.0045    1.02902    1.02938          1     0.4057     0.3739       4.52     0.0159  1.005e-12  1.000e-12  9.951e+01     9.6175     9.6199     0.0024     7.5979     7.5996     69.839     71.394      0.264    1440.29    1440.31  0.000e+00
       6797     71.000     5.1696     5.1778     0.0081    1.03251    1.03339          1     0.3531     0.3298       3.98     0.0160  1.005e-12  1.000e-12  9.951e+01     9.6468     9.6533     0.0064     7.6201     7.6248     70.334     71.899      0.238    1440.42    1440.47  0.000e+00
       6846     71.500     5.2041     5.2127     0.0086    1.03814    1.03913          1     0.2820     0.2491       3.47     0.0159  1.005e-12  1.000e-12  9.951e+01     9.6934     9.7010     0.0075     7.6553     7.6608     70.829     72.405      0.252    1440.64    1440.69  0.000e+00
       6894     72.000     5.2210     5.2294     0.0084    1.04106    1.04200          1     0.2236     0.1972       2.96     0.0160  1.005e-12  1.000e-12  9.951e+01     9.7178     9.7249     0.0071     7.6737     7.6789     71.324     72.910      0.242    1440.75    1440.80  0.000e+00
       6945     72.500     5.2320     5.2383     0.0062    1.04291    1.04361          1     0.1929     0.1636       2.42     0.0159  1.005e-12  1.000e-12  9.951e+01     9.7332     9.7384     0.0052     7.6853     7.6891     71.820     73.415      0.231    1440.83    1440.86  0.000e+00
       6995     73.000     5.2482     5.2511     0.0029    1.04560    1.04581          1     0.1536     0.1209       1.91     0.0160  1.005e-12  1.000e-12  9.951e+01     9.7555     9.7567     0.0012     7.7021     7.7029     72.315     73.921      0.263    1440.93    1440.95  0.000e+00
       7040     73.500     5.2624     5.2642     0.0019    1.04798    1.04797          1     0.1381     0.1063       1.40     0.0159  1.005e-12  1.000e-12  9.951e+01     9.7752     9.7745    -0.0007     7.7169     7.7163     72.810     74.426      0.222    1441.03    1441.04  0.000e+00
