ctdpy/exports/archive_20191121_122431/received_data/SBE09_1044_20180320_0034_34_02_0074.cnv
* Sea-Bird SBE 9 Data File:
* FileName = C:\ctd\temp\2018\ME18D074.hex
* Software Version Seasave V 7.26.6.26
* Temperature SN = 5351
* Conductivity SN = 3941
* Number of Bytes Per Scan = 41
* Number of Voltage Words = 4
* Number of Scans Averaged by the Deck Unit = 1
* NMEA Latitude = 58 17.63 N
* NMEA Longitude = 010 50.71 E
* NMEA UTC (Time) = Mar 20 2018  00:34:08
* NMEA baud rate = 4800
** Station:  Å15
** Operator:  MHan
** Ship: MERI
** Average sound velocity: 1474.78 m/s
** True-depth calculation Tue, 20 Mar 2018 01:28:06 +0000
** CTD Python Module SMHI /ver 3-12/ feb 2012 
** LIMS Job: 20183402-0074
** Cruise: SMHI-02-2018
** Latitude [GG MM.mm N] :
** Longitude [GG MM.mm E]:
# nquan = 26
# nvalues = 264                         
# units = specified
# name 0 = scan: Scan Count
# name 1 = prDM: Pressure, Digiquartz [db]
# name 2 = t090C: Temperature [ITS-90, deg C]
# name 3 = t190C: Temperature, 2 [ITS-90, deg C]
# name 4 = T2-T190C: Temperature Difference, 2 - 1 [ITS-90, deg C]
# name 5 = c0S/m: Conductivity [S/m]
# name 6 = c1S/m: Conductivity, 2 [S/m]
# name 7 = pumps: Pump Status
# name 8 = sbeox0ML/L: Oxygen, SBE 43 [ml/l]
# name 9 = sbeox1ML/L: Oxygen, SBE 43, 2 [ml/l]
# name 10 = altM: Altimeter [m]
# name 11 = flECO-AFL: Chl-a Fluorescence, WET Labs ECO-AFL/FL [mg/m^3]
# name 12 = flECO-AFL1: Phycocyanin Fluorescence, WET Labs ECO-AFL/FL, 2 [mg/m^3]
# name 13 = par: PAR/Irradiance, Biospherical/Lico [µE/(cm^2*s)]
# name 14 = turbWETntu0: Turbidity, WET Labs ECO [NTU]
# name 15 = sal00: Salinity, Practical [PSU]
# name 16 = sal11: Salinity, Practical, 2 [PSU]
# name 17 = secS-priS: Salinity, Practical, Difference, 2 - 1 [PSU]
# name 18 = sigma-t00: Density [sigma-t, Kg/m^3 ]
# name 19 = sigma-t11: Density, 2 [sigma-t, Kg/m^3 ]
# name 20 = depSM: Depth [salt water, m], lat = 58.2938
# name 21 = depFM: Depth [true depth, m], lat = 58.2938
# name 22 = dz/dtM: Descent Rate [m/s], WS = 2
# name 23 = svCM: Sound Velocity [Chen-Millero, m/s]
# name 24 = svCM1: Sound Velocity, 2 [Chen-Millero, m/s]
# name 25 = flag: flag
# span 0 =       7720,      14801       
# span 1 =      1.000,    132.500       
# span 2 =    -0.0105,     7.6036       
# span 3 =    -0.0086,     7.6033       
# span 4 =    -0.0320,     0.0557       
# span 5 =   2.141924,   3.589202       
# span 6 =   2.142003,   3.589220       
# span 7 =          1,          1       
# span 8 =    5.61562,    9.16898       
# span 9 =    5.63080,    9.21156       
# span 10 =       0.94,     101.41      
# span 11 =     0.0153,    13.2621      
# span 12 =     0.1333,     2.0572      
# span 13 = -2.150e-07, 5.6219e-01      
# span 14 =     0.1912,     1.5430      
# span 15 =    25.0682,    35.0497      
# span 16 =    25.0678,    35.0499      
# span 17 =    -0.0170,     0.1180      
# span 18 =    20.0965,    27.4487      
# span 19 =    20.0961,    27.4488      
# span 20 =      0.991,    131.227      
# span 21 =      0.998,    131.487      
# span 22 =     -0.446,      0.821      
# span 23 =    1435.86,    1482.13      
# span 24 =    1435.87,    1482.13      
# span 25 = 0.0000e+00, 0.0000e+00      
# interval = decibars: 0.5              
# start_time = Mar 20 2018 00:34:09 [NMEA time, first data scan]
# bad_flag = -9.990e-29
*END*
       7720      1.000    -0.0057    -0.0031     0.0028    2.14222    2.14237          1     9.1525     9.1904       0.94     9.0155     1.5225  5.622e-01  0.6560000    25.0690    25.0687    -0.0003    20.0970    20.0967      0.991      0.998      0.159    1435.87    1435.89  0.000e+00
       7747      1.500    -0.0088    -0.0077     0.0012    2.14201    2.14202          1     9.1552     9.1843       1.26     8.8557     1.4399  1.486e-01  0.6959000    25.0686    25.0679    -0.0007    20.0968    20.0961      1.486      1.498      0.350    1435.86    1435.87  0.000e+00
       7793      2.000    -0.0095    -0.0086     0.0009    2.14195    2.14200          1     9.1546     9.1873       1.41     8.4726     1.4700  5.478e-02  0.7051000    25.0682    25.0681    -0.0001    20.0965    20.0964      1.981      1.997      0.381    1435.87    1435.87  0.000e+00
       7827      2.500    -0.0105    -0.0086     0.0019    2.14192    2.14205          1     9.1524     9.1957      26.05     9.3797     1.5252  4.544e-02  0.9372000    25.0684    25.0684     0.0000    20.0966    20.0966      2.477      2.496      0.311    1435.87    1435.88  0.000e+00
       7864      3.000    -0.0096    -0.0084     0.0012    2.14202    2.14207          1     9.1598     9.1939       2.30     9.5617     1.5272  1.067e-02  0.8855000    25.0687    25.0683    -0.0004    20.0968    20.0965      2.972      2.995      0.411    1435.88    1435.89  0.000e+00
       7892      3.500    -0.0085    -0.0075     0.0010    2.14214    2.14216          1     9.1608     9.1871     101.41     9.4670     1.5254  1.612e-03  0.8758000    25.0690    25.0686    -0.0004    20.0971    20.0967      3.467      3.495      0.449    1435.90    1435.90  0.000e+00
       7917      4.000    -0.0092    -0.0084     0.0008    2.14205    2.14207          1     9.1514     9.1864      98.71     9.7982     1.5592  1.108e-05  0.8696000    25.0683    25.0678    -0.0005    20.0965    20.0961      3.963      3.994      0.478    1435.90    1435.90  0.000e+00
       7943      4.500    -0.0081    -0.0082    -0.0000    2.14217    2.14214          1     9.1560     9.1901      98.71     9.3554     1.6040  6.321e-06  0.8406000    25.0688    25.0683    -0.0005    20.0969    20.0965      4.458      4.493      0.467    1435.91    1435.91  0.000e+00
       7967      5.000    -0.0051    -0.0038     0.0014    2.14245    2.14253          1     9.1608     9.2050      98.71     9.7228     1.5963 -8.754e-08  1.0029000    25.0696    25.0695    -0.0001    20.0975    20.0974      4.954      4.992      0.514    1435.94    1435.95  0.000e+00
       7990      5.500    -0.0046    -0.0031     0.0015    2.14251    2.14259          1     9.1656     9.2116      98.71     9.2055     1.6209  1.000e-12  0.8979000    25.0696    25.0694    -0.0003    20.0975    20.0973      5.449      5.492      0.503    1435.95    1435.96  0.000e+00
       8015      6.000    -0.0044    -0.0035     0.0008    2.14252    2.14252          1     9.1686     9.2007      98.71     9.1947     1.6845  1.000e-12  0.8601000    25.0694    25.0686    -0.0007    20.0973    20.0967      5.944      5.991      0.461    1435.96    1435.96  0.000e+00
       8042      6.500     0.0012    -0.0015    -0.0027    2.14341    2.14285          1     9.1682     9.1977      98.71     9.6204     1.5703  1.000e-12  0.8564000    25.0760    25.0710    -0.0050    20.1025    20.0985      6.439      6.490      0.469    1436.00    1435.98  0.000e+00
       8066      7.000     0.0048     0.0025    -0.0023    2.14402    2.14352          1     9.1496     9.1663      98.71    10.2373     1.5057  1.000e-12  0.9052000    25.0806    25.0761    -0.0045    20.1061    20.1025      6.935      6.989      0.525    1436.03    1436.01  0.000e+00
       8088      7.500     0.0176     0.0170    -0.0006    2.14608    2.14595          1     9.1530     9.1699      98.71    10.1621     1.5078  1.000e-12  0.9191000    25.0962    25.0949    -0.0013    20.1184    20.1174      7.430      7.489      0.605    1436.12    1436.12  0.000e+00
       8106      8.000     0.0332     0.0336     0.0004    2.14932    2.14930          1     9.1690     9.1956      98.71     9.9281     1.5609  1.000e-12  0.9237000    25.1244    25.1239    -0.0005    20.1408    20.1404      7.926      7.988      0.668    1436.24    1436.24  0.000e+00
       8124      8.500     0.0695     0.0617    -0.0079    2.15752    2.15569          1     9.1646     9.1957      98.71     9.6555     1.5917  1.018e-12  0.9397000    25.1990    25.1821    -0.0170    20.2001    20.1866      8.421      8.487      0.695    1436.52    1436.46  0.000e+00
       8141      9.000     0.1322     0.1272    -0.0050    2.17358    2.17227          1     9.1431     9.1782      98.71     9.6653     1.6096  9.391e-06  0.9457000    25.3518    25.3393    -0.0125    20.3216    20.3117      8.916      8.986      0.678    1437.03    1436.98  0.000e+00
       8159      9.500     0.1527     0.1525    -0.0002    2.17807    2.17798          1     9.1288     9.1673      98.71     9.7934     1.6101  2.106e-07  0.9948000    25.3918    25.3909    -0.0010    20.3534    20.3526      9.412      9.485      0.607    1437.18    1437.18  0.000e+00
       8181     10.000     0.1563     0.1573     0.0010    2.17856    2.17862          1     9.1235     9.1637      98.71     9.9495     1.6150  8.222e-12  1.0662000    25.3948    25.3948    -0.0001    20.3557    20.3556      9.907      9.984      0.498    1437.21    1437.22  0.000e+00
       8208     10.500     0.1599     0.1600     0.0001    2.17898    2.17893          1     9.1225     9.1551      98.71    10.2805     1.6104  1.000e-12  1.2484000    25.3971    25.3963    -0.0008    20.3574    20.3568     10.402     10.483      0.452    1437.24    1437.24  0.000e+00
       8233     11.000     0.1632     0.1635     0.0003    2.17931    2.17929          1     9.1097     9.1456      98.71    11.7989     1.6030  1.000e-12  1.5430000    25.3982    25.3977    -0.0005    20.3582    20.3578     10.898     10.983      0.535    1437.26    1437.26  0.000e+00
       8253     11.500     0.1650     0.1648    -0.0002    2.17950    2.17943          1     9.0801     9.1166      98.71    13.2621     1.6305  1.000e-12  1.0531000    25.3989    25.3982    -0.0007    20.3587    20.3582     11.393     11.482      0.655    1437.28    1437.28  0.000e+00
       8270     12.000     0.1664     0.1666     0.0003    2.17988    2.17988          1     8.9870     9.0048      98.71    10.5769     1.7125  1.000e-12  1.0531000    25.4024    25.4021    -0.0003    20.3615    20.3613     11.888     11.981      0.738    1437.30    1437.30  0.000e+00
       8286     12.500     0.1620     0.1626     0.0005    2.18014    2.18010          1     8.7902     8.7934      98.71    10.1100     1.8309  1.000e-12  1.0857000    25.4091    25.4082    -0.0009    20.3670    20.3663     12.384     12.480      0.759    1437.30    1437.30  0.000e+00
       8302     13.000     0.1707     0.1726     0.0019    2.18247    2.18277          1     8.7010     8.6950      98.71     9.6017     2.0186  1.000e-12  1.1838000    25.4313    25.4336     0.0023    20.3847    20.3865     12.879     12.979      0.712    1437.37    1437.39  0.000e+00
       8320     13.500     0.2283     0.2312     0.0030    2.19242    2.19323          1     8.6903     8.6281      98.71    11.3297     1.8938  1.000e-12  1.1812000    25.5099    25.5178     0.0079    20.4464    20.4527     13.374     13.478      0.605    1437.76    1437.78  0.000e+00
       8343     14.000     0.6328     0.6873     0.0541    2.26759    2.27965          1     8.5645     8.3612      98.71    12.8125     2.0572  1.000e-12  1.1738000    26.1189    26.2239     0.1050    20.9231    21.0053     13.869     13.977      0.478    1440.45    1440.84  0.000e+00
       8371     14.500     1.7711     1.8266     0.0557    2.49396    2.50759          1     8.1281     7.7810      98.71    12.4343     1.8479  1.000e-12  1.1127000    27.9495    28.0674     0.1180    22.3393    22.4305     14.365     14.475      0.423    1448.06    1448.46  0.000e+00
       8398     15.000     2.7671     2.7703     0.0032    2.71324    2.71557          1     7.5916     7.2634      98.71     7.9909     1.2434  1.000e-12  0.8004000    29.7211    29.7464     0.0254    23.6909    23.7110     14.860     14.973      0.507    1454.79    1454.83  0.000e+00
       8419     15.500     3.3958     3.3637    -0.0320    2.83604    2.83352          1     7.2419     7.0009      98.71     4.6658     0.7841  1.000e-12  0.6648000    30.6047    30.6051     0.0004    24.3451    24.3482     15.355     15.471      0.656    1458.65    1458.52  0.000e+00
       8435     16.000     3.8562     3.8400    -0.0162    2.91108    2.90900          1     7.0521     6.8871      98.71     3.1679     0.5064  5.909e-07  0.6337000    31.0572    31.0481    -0.0091    24.6645    24.6587     15.851     15.968      0.773    1461.21    1461.12  0.000e+00
       8450     16.500     3.9204     3.9158    -0.0049    2.94550    2.94439          1     6.9358     6.8122      98.71     2.0107     0.4470  1.128e-05  0.4856000    31.4006    31.3920    -0.0086    24.9314    24.9249     16.346     16.465      0.821    1461.93    1461.89  0.000e+00
       8464     17.000     4.2423     4.2248    -0.0171    3.00888    3.00632          1     6.8320     6.7416      98.71     1.9344     0.4275 -2.027e-07  0.4714000    31.8335    31.8205    -0.0130    25.2442    25.2357     16.841     16.961      0.785    1463.84    1463.75  0.000e+00
       8481     17.500     4.4703     4.4604    -0.0100    3.04768    3.04688          1     6.7456     6.6923      98.71     1.6713     0.3199  1.000e-12  0.4324000    32.0647    32.0650     0.0003    25.4048    25.4061     17.337     17.458      0.661    1465.09    1465.05  0.000e+00
       8503     18.000     4.6369     4.6286    -0.0083    3.07713    3.07653          1     6.6743     6.6492      98.71     1.1032     0.5652  1.000e-12  0.4006000    32.2443    32.2454     0.0011    25.5300    25.5317     17.832     17.955      0.469    1466.02    1465.99  0.000e+00
       8534     18.500     4.8819     4.8796    -0.0024    3.12232    3.12308          1     6.5922     6.5706      98.71     0.8581     0.3696  1.000e-12  0.3782000    32.5271    32.5382     0.0111    25.7280    25.7371     18.327     18.451      0.371    1467.40    1467.40  0.000e+00
       8564     19.000     5.1070     5.1003    -0.0068    3.16821    3.16768          1     6.5880     6.5680      98.71     0.8727     0.3141  1.000e-12  0.3600000    32.8339    32.8344     0.0005    25.9462    25.9474     18.823     18.948      0.483    1468.72    1468.69  0.000e+00
       8586     19.500     5.2627     5.2546    -0.0082    3.19354    3.19296          1     6.5625     6.5391      98.71     0.7815     0.3195  1.000e-12  0.4002000    32.9704    32.9718     0.0014    26.0366    26.0387     19.318     19.444      0.624    1469.53    1469.50  0.000e+00
       8603     20.000     5.4875     5.4749    -0.0125    3.22797    3.22684          1     6.5048     6.4914      98.71     0.8718     0.3142  1.000e-12  0.3669000    33.1410    33.1405    -0.0005    26.1456    26.1467     19.813     19.940      0.734    1470.67    1470.62  0.000e+00
       8619     20.500     5.5599     5.5588    -0.0012    3.24493    3.24458          1     6.4604     6.4615      98.71     0.7780     0.3135  1.000e-12  0.3632000    33.2620    33.2592    -0.0027    26.2328    26.2307     20.308     20.437      0.801    1471.12    1471.11  0.000e+00
       8633     21.000     5.5758     5.5754    -0.0004    3.25161    3.25155          1     6.4469     6.4597      98.71     0.5183     0.2756  1.000e-12  0.3692000    33.3219    33.3216    -0.0003    26.2783    26.2781     20.804     20.933      0.805    1471.27    1471.27  0.000e+00
       8648     21.500     5.6120     5.6110    -0.0009    3.25934    3.25915          1     6.4497     6.4609      98.71     0.4816     0.2755  1.000e-12  0.3630000    33.3736    33.3723    -0.0013    26.3148    26.3139     21.299     21.429      0.725    1471.49    1471.49  0.000e+00
       8667     22.000     5.6306     5.6286    -0.0020    3.26350    3.26328          1     6.4421     6.4461      98.71     0.6038     0.3106  1.000e-12  0.3617000    33.4021    33.4016    -0.0005    26.3352    26.3350     21.794     21.925      0.547    1471.61    1471.60  0.000e+00
       8697     22.500     5.7415     5.7398    -0.0017    3.28034    3.28051          1     6.4195     6.4201      98.71     0.7350     0.2348  1.000e-12  0.3498000    33.4824    33.4861     0.0036    26.3853    26.3884     22.290     22.422      0.348    1472.16    1472.16  0.000e+00
       8732     23.000     5.8563     5.8560    -0.0003    3.30123    3.30151          1     6.4094     6.4005      98.71     0.5037     0.2428  1.000e-12  0.3313000    33.6042    33.6076     0.0034    26.4676    26.4703     22.785     22.918      0.440    1472.79    1472.79  0.000e+00
       8754     23.500     5.9569     5.9535    -0.0034    3.31925    3.31887          1     6.3927     6.3817      98.71     0.5187     0.2310  1.000e-12  0.3269000    33.7070    33.7062    -0.0008    26.5363    26.5361     23.280     23.414      0.630    1473.32    1473.31  0.000e+00
       8771     24.000     6.0009     5.9980    -0.0030    3.32648    3.32620          1     6.3775     6.3696      98.71     0.4732     0.2595  1.000e-12  0.3380000    33.7442    33.7440    -0.0003    26.5603    26.5604     23.776     23.910      0.735    1473.55    1473.54  0.000e+00
       8787     24.500     6.0229     6.0213    -0.0015    3.33163    3.33101          1     6.3650     6.3603      98.71     0.3664     0.2892  1.000e-12  0.3559000    33.7800    33.7746    -0.0055    26.5858    26.5816     24.271     24.406      0.763    1473.70    1473.68  0.000e+00
       8802     25.000     6.0056     6.0055    -0.0000    3.33246    3.33236          1     6.3586     6.3563      98.71     0.3442     0.2993  1.000e-12  0.3494000    33.8065    33.8053    -0.0012    26.6088    26.6079     24.766     24.902      0.729    1473.67    1473.67  0.000e+00
       8820     25.500     5.9931     5.9927    -0.0004    3.33431    3.33428          1     6.3641     6.3692      98.71     0.3585     0.2844  1.000e-12  0.3477000    33.8394    33.8396     0.0001    26.6364    26.6366     25.262     25.398      0.657    1473.67    1473.67  0.000e+00
       8840     26.000     5.9870     5.9861    -0.0009    3.33491    3.33483          1     6.3793     6.3873      98.71     0.4501     0.2569  1.000e-12  0.3570000    33.8521    33.8521     0.0000    26.6472    26.6473     25.757     25.894      0.553    1473.67    1473.67  0.000e+00
       8865     26.500     6.0117     6.0095    -0.0022    3.34134    3.34112          1     6.3857     6.3955      98.71     0.3074     0.2740  1.000e-12  0.3354000    33.8995    33.8992    -0.0002    26.6815    26.6816     26.252     26.390      0.440    1473.83    1473.83  0.000e+00
       8894     27.000     6.0764     6.0728    -0.0036    3.35070    3.35034          1     6.3616     6.3777      98.71     0.2556     0.2485  1.000e-12  0.3384000    33.9397    33.9393    -0.0004    26.7051    26.7053     26.747     26.886      0.423    1474.15    1474.14  0.000e+00
       8920     27.500     6.1217     6.1202    -0.0015    3.35653    3.35645          1     6.3232     6.3318      98.71     0.2770     0.2655  1.000e-12  0.3409000    33.9596    33.9603     0.0007    26.7152    26.7159     27.243     27.382      0.510    1474.36    1474.36  0.000e+00
       8942     28.000     6.1539     6.1531    -0.0008    3.36044    3.36044          1     6.3275     6.3344      98.71     0.2352     0.2714  1.000e-12  0.3456000    33.9710    33.9719     0.0008    26.7201    26.7208     27.738     27.878      0.600    1474.51    1474.51  0.000e+00
