ctdpy/exports/archive_20191121_122431/received_data/SBE09_0827_20180122_1550_26_01_0164.cnv
* Sea-Bird SBE 9 Data File:
* FileName = D:\CTD_SBE911\DAT\26DA.2018.1.64.hex
* Software Version Seasave V 7.21d
* Temperature SN = 034757
* Conductivity SN = 041844
* Number of Bytes Per Scan = 48
* Number of Voltage Words = 5
* Number of Scans Averaged by the Deck Unit = 1
* NMEA Latitude = 58 24.85 N
* NMEA Longitude = 011 00.50 E
* NMEA UTC (Time) = Jan 22 2018  15:50:37
* NMEA baud rate = 4800
** Ship: DANA
** Average sound velocity: 1470.22 m/s
** True-depth calculation Thu, 28 Mar 2019 08:26:42 +0000
** CTD Python Module SMHI /ver 3-12/ feb 2012 
** LIMS Job: 20182601-0164
** Nubbahålet
** Operator: Ronny Sørensen
** Cruise: 01/2018
# nquan = 26
# nvalues = 133                         
# units = specified
# name 0 = scan: Scan Count
# name 1 = prDM: Pressure, Digiquartz [db]
# name 2 = t090C: Temperature [ITS-90, deg C]
# name 3 = t190C: Temperature, 2 [ITS-90, deg C]
# name 4 = T2-T190C: Temperature Difference, 2 - 1 [ITS-90, deg C]
# name 5 = c0S/m: Conductivity [S/m]
# name 6 = c1S/m: Conductivity, 2 [S/m]
# name 7 = pumps: Pump Status
# name 8 = sbeox1ML/L: Oxygen, SBE 43, 2 [ml/l]
# name 9 = sbeox0ML/L: Oxygen, SBE 43 [ml/l]
# name 10 = altM: Altimeter [m]
# name 11 = chloroflTC0: Chlorophyll, Turner Cyclops [ug/l]
# name 12 = cpar: CPAR/Corrected Irradiance [%]
# name 13 = par: PAR/Irradiance, Biospherical/Lico [µE/(cm^2*s)]
# name 14 = spar: SPAR, Biospherical/Licor
# name 15 = sal00: Salinity, Practical [PSU]
# name 16 = sal11: Salinity, Practical, 2 [PSU]
# name 17 = secS-priS: Salinity, Practical, Difference, 2 - 1 [PSU]
# name 18 = sigma-t00: Density [sigma-t, kg/m^3 ]
# name 19 = sigma-t11: Density, 2 [sigma-t, kg/m^3 ]
# name 20 = depSM: Depth [salt water, m], lat = 58.4142
# name 21 = depFM: Depth [true depth, m], lat = 58.4142
# name 22 = dz/dtM: Descent Rate [m/s], WS = 2
# name 23 = svCM: Sound Velocity [Chen-Millero, m/s]
# name 24 = svCM1: Sound Velocity, 2 [Chen-Millero, m/s]
# name 25 = flag: flag
# span 0 =        -28,       8210       
# span 1 =      1.500,     67.500       
# span 2 =     3.5973,     6.7446       
# span 3 =     3.5995,     6.7509       
# span 4 =    -0.0778,     0.0683       
# span 5 =   2.403825,   3.423379       
# span 6 =   2.402420,   3.424935       
# span 7 =          1,          1       
# span 8 =     6.0345,     7.0317       
# span 9 =     6.2102,     7.2118       
# span 10 =       1.93,       9.96      
# span 11 =     0.0231,     0.0452      
# span 12 = -3.657e+03, 6.8049e+04      
# span 13 = 1.0000e-12, 1.0000e-12      
# span 14 = 6.4885e-01, 2.1051e+00      
# span 15 =    25.3667,    34.0628      
# span 16 =    25.3487,    34.0738      
# span 17 =    -1.0789,     0.1251      
# span 18 =    20.1631,    26.7152      
# span 19 =    20.1487,    26.7230      
# span 20 =      1.486,     66.861      
# span 21 =      1.498,     67.043      
# span 22 =     -0.204,      0.526      
# span 23 =    1452.54,    1477.60      
# span 24 =    1452.53,    1477.64      
# span 25 = 0.0000e+00, 0.0000e+00      
# interval = decibars: 0.5              
# start_time = Jan 22 2018 15:50:37 [NMEA time, first data scan]
# bad_flag = -9.990e-29
*END*
        -28      1.500     3.5973     3.5995     0.0020    2.40382    2.40242          1     6.9717     7.2118       9.96     0.0240  4.924e-11  1.000e-12  2.031e+00    25.3667    25.3487    -0.0179    20.1631    20.1487      1.486      1.498      0.163    1452.54    1452.53  0.000e+00
        341      2.000     3.6923     3.7005     0.0083    2.45262    2.45194          1     7.0317     7.0844       9.96     0.0231  4.924e-11  1.000e-12  2.031e+00    25.8558    25.8413    -0.0145    20.5446    20.5325      1.981      1.997      0.261    1453.59    1453.61  0.000e+00
        558      2.500     3.7443     3.7429    -0.0013    2.47721    2.47769          1     7.0090     7.0253       9.96     0.0251  4.924e-11  1.000e-12  2.031e+00    26.0986    26.1052     0.0067    20.7335    20.7389      2.477      2.496      0.283    1454.13    1454.14  0.000e+00
        597      3.000     3.7484     3.7492     0.0009    2.48074    2.47435          1     7.0045     7.0885       9.96     0.0235  4.924e-11  1.000e-12  2.031e+00    26.1358    26.0613    -0.0746    20.7628    20.7035      2.972      2.995      0.265    1454.21    1454.12  0.000e+00
        653      3.500     3.7896     3.7882    -0.0013    2.49799    2.49505          1     6.9441     7.0531       9.96     0.0246  4.924e-11  1.000e-12  2.031e+00    26.3020    26.2691    -0.0329    20.8916    20.8655      3.467      3.493      0.196    1454.60    1454.56  0.000e+00
        711      4.000     3.8572     3.8303    -0.0270    2.52812    2.50973          1     6.9073     7.0359       9.96     0.0258  4.924e-11  1.000e-12  2.031e+00    26.5951    26.4045    -0.1906    21.1190    20.9698      3.963      3.992      0.310    1455.28    1454.92  0.000e+00
        746      4.500     3.9841     3.9062    -0.0778    2.59335    2.54509          1     6.8967     6.9814       9.96     0.0250  4.924e-11  1.000e-12  2.031e+00    27.2436    26.7508    -0.4928    21.6235    21.2387      4.458      4.491      0.275    1456.66    1455.70  0.000e+00
        809      5.000     4.0620     3.9952    -0.0668    2.65119    2.59543          1     6.8466     6.9287       9.96     0.0278  4.924e-11  1.000e-12  2.031e+00    27.8459    27.2583    -0.5876    22.0951    21.6343      4.953      4.989      0.241    1457.77    1456.74  0.000e+00
        852      5.500     4.1006     4.0412    -0.0594    2.72466    2.62695          1     6.7948     6.9089       9.96     0.0281  4.924e-11  1.000e-12  2.031e+00    28.6624    27.5835    -1.0789    22.7398    21.8886      5.449      5.487      0.348    1458.99    1457.36  0.000e+00
        885      6.000     4.0882     4.0766    -0.0116    2.73773    2.68103          1     6.7786     6.9218       9.96     0.0288  4.924e-11  1.000e-12  2.031e+00    28.8244    28.1781    -0.6463    22.8695    22.3575      5.944      5.985      0.331    1459.16    1458.28  0.000e+00
        938      6.500     4.0911     4.0888    -0.0023    2.74449    2.73093          1     6.7568     6.8917       9.96     0.0311  4.924e-11  1.000e-12  2.031e+00    28.8999    28.7448    -0.1551    22.9292    22.8063      6.439      6.483      0.221    1459.27    1459.06  0.000e+00
        990      7.000     4.1447     4.1251    -0.0196    2.77101    2.75454          1     6.7469     6.9008       9.96     0.0311  4.924e-11  1.000e-12  2.031e+00    29.1599    28.9863    -0.1736    23.1307    22.9947      6.935      6.981      0.333    1459.84    1459.53  0.000e+00
       1022      7.500     4.2379     4.2848     0.0465    2.81288    2.81616          1     6.7564     6.8795       9.96     0.0294  4.924e-11  1.000e-12  2.031e+00    29.5612    29.5570    -0.0042    23.4407    23.4330      7.430      7.479      0.333    1460.75    1460.95  0.000e+00
       1083      8.000     4.3174     4.3153    -0.0015    2.84335    2.84151          1     6.7348     6.8655       9.96     0.0308  4.924e-11  1.000e-12  2.031e+00    29.8422    29.8229    -0.0193    23.6563    23.6412      7.925      7.976      0.230    1461.46    1461.42  0.000e+00
       1138      8.500     4.3026     4.3092     0.0066    2.83607    2.84171          1     6.6952     6.8569       9.96     0.0303  4.924e-11  1.000e-12  2.031e+00    29.7712    29.8305     0.0594    23.6013    23.6478      8.421      8.474      0.355    1461.31    1461.42  0.000e+00
       1171      9.000     4.2619     4.2708     0.0087    2.81926    2.82638          1     6.7001     6.8904       9.96     0.0302  4.924e-11  1.000e-12  2.031e+00    29.6130    29.6875     0.0745    23.4796    23.5379      8.916      8.971      0.303    1460.95    1461.08  0.000e+00
       1233      9.500     4.2493     4.2580     0.0089    2.81388    2.82197          1     6.6572     6.8399       9.96     0.0316  4.924e-11  1.000e-12  2.031e+00    29.5618    29.6476     0.0858    23.4401    23.5074      9.411      9.469      0.251    1460.84    1460.98  0.000e+00
       1274     10.000     4.3061     4.3163     0.0103    2.84835    2.82910          1     6.6349     6.8410       9.96     0.0303  4.924e-11  1.000e-12  2.031e+00    29.9092    29.6771    -0.2321    23.7105    23.5253      9.907      9.966      0.385    1461.53    1461.27  0.000e+00
       1305     10.500     4.5031     4.5031    -0.0001    2.92997    2.91155          1     6.6632     6.7804       9.96     0.0296  4.924e-11  1.000e-12  2.031e+00    30.6720    30.4593    -0.2127    24.2965    24.1278     10.402     10.464      0.327    1463.33    1463.06  0.000e+00
       1364     11.000     4.5725     4.5695    -0.0030    2.96504    2.95708          1     6.6426     6.7504       9.96     0.0320  4.924e-11  1.000e-12  2.031e+00    31.0125    30.9234    -0.0891    24.5597    24.4893     10.897     10.961      0.218    1464.07    1463.94  0.000e+00
       1412     11.500     4.5947     4.5936    -0.0011    2.97937    2.97580          1     6.5994     6.7476       9.96     0.0311  4.924e-11  1.000e-12  2.031e+00    31.1570    31.1167    -0.0403    24.6720    24.6402     11.393     11.458      0.335    1464.35    1464.30  0.000e+00
       1451     12.000     4.5995     4.5983    -0.0012    2.98395    2.98147          1     6.6145     6.7541       9.96     0.0310  4.924e-11  1.000e-12  2.031e+00    31.2051    31.1775    -0.0276    24.7097    24.6879     11.888     11.955      0.233    1464.44    1464.40  0.000e+00
       1527     12.500     4.6031     4.6021    -0.0010    2.98822    2.98607          1     6.6067     6.7524       9.96     0.0317  4.924e-11  1.000e-12  2.031e+00    31.2508    31.2268    -0.0240    24.7455    24.7266     12.383     12.452      0.287    1464.52    1464.49  0.000e+00
       1561     13.000     4.6023     4.6022    -0.0001    2.98981    2.98896          1     6.5933     6.7376       9.96     0.0316  4.924e-11  1.000e-12  2.031e+00    31.2696    31.2599    -0.0097    24.7605    24.7528     12.879     12.949      0.340    1464.55    1464.54  0.000e+00
       1605     13.500     4.6006     4.5999    -0.0007    2.99096    2.99038          1     6.5607     6.7415       9.96     0.0333  4.924e-11  1.000e-12  2.031e+00    31.2842    31.2782    -0.0060    24.7723    24.7676     13.374     13.446      0.217    1464.57    1464.56  0.000e+00
       1668     14.000     4.5996     4.5994    -0.0002    2.99113    2.99117          1     6.5810     6.7359       9.96     0.0341  4.924e-11  1.000e-12  2.031e+00    31.2869    31.2876     0.0007    24.7746    24.7751     13.869     13.943      0.205    1464.58    1464.58  0.000e+00
       1719     14.500     4.5991     4.5987    -0.0004    2.99255    2.99152          1     6.5710     6.7334       9.96     0.0331  4.924e-11  1.000e-12  2.031e+00    31.3036    31.2920    -0.0116    24.7878    24.7786     14.365     14.440      0.269    1464.61    1464.59  0.000e+00
       1764     15.000     4.6122     4.6096    -0.0025    2.99806    2.99603          1     6.5534     6.7324       9.96     0.0339  4.924e-11  1.000e-12  2.031e+00    31.3546    31.3336    -0.0211    24.8270    24.8105     14.860     14.937      0.240    1464.73    1464.70  0.000e+00
       1833     15.500     4.6456     4.6397    -0.0058    3.00996    3.00673          1     6.4833     6.7151       9.96     0.0323  4.924e-11  1.000e-12  2.031e+00    31.4601    31.4284    -0.0317    24.9072    24.8826     15.355     15.434      0.200    1465.02    1464.95  0.000e+00
       1890     16.000     4.6839     4.7374     0.0535    3.02390    3.03355          1     6.4753     6.6899       9.96     0.0327  4.924e-11  1.000e-12  2.031e+00    31.5843    31.6447     0.0603    25.0017    25.0440     15.851     15.930      0.291    1465.34    1465.64  0.000e+00
       1932     16.500     4.7282     4.7965     0.0683    3.03986    3.05638          1     6.4644     6.6825       9.96     0.0325  4.924e-11  1.000e-12  2.031e+00    31.7259    31.8510     0.1251    25.1093    25.2013     16.346     16.427      0.252    1465.71    1466.15  0.000e+00
       1984     17.000     4.8292     4.8217    -0.0075    3.07036    3.06654          1     6.4630     6.6584       9.96     0.0334  4.924e-11  1.000e-12  2.031e+00    31.9804    31.9437    -0.0367    25.3004    25.2721     16.841     16.924      0.273    1466.46    1466.38  0.000e+00
       2019     17.500     4.8561     4.8456    -0.0105    3.07632    3.07212          1     6.4488     6.6588       9.96     0.0339  4.924e-11  1.000e-12  2.031e+00    32.0228    31.9846    -0.0383    25.3311    25.3019     17.336     17.421      0.337    1466.63    1466.54  0.000e+00
       2092     18.000     4.9138     4.9103    -0.0035    3.09059    3.08723          1     6.4081     6.6399       9.96     0.0328  4.924e-11  1.000e-12  2.031e+00    32.1311    32.0959    -0.0353    25.4108    25.3832     17.832     17.917      0.251    1467.02    1466.96  0.000e+00
       2145     18.500     4.9299     4.9365     0.0066    3.09457    3.09483          1     6.4273     6.6384       9.96     0.0340  4.924e-11  1.000e-12  2.031e+00    32.1611    32.1577    -0.0033    25.4327    25.4294     18.327     18.414      0.437    1467.13    1467.15  0.000e+00
       2171     19.000     4.9457     4.9484     0.0027    3.09868    3.09766          1     6.4373     6.6298       9.96     0.0351  4.924e-11  1.000e-12  2.031e+00    32.1927    32.1784    -0.0143    25.4561    25.4445     18.822     18.911      0.389    1467.24    1467.24  0.000e+00
       2241     19.500     4.9736     4.9722    -0.0014    3.10419    3.10261          1     6.4076     6.6216       9.96     0.0334  4.924e-11  1.000e-12  2.031e+00    32.2289    32.2121    -0.0168    25.4817    25.4686     19.318     19.407      0.261    1467.41    1467.38  0.000e+00
       2288     20.000     4.9904     4.9903    -0.0001    3.10740    3.10653          1     6.4043     6.6150       9.96     0.0337  4.924e-11  1.000e-12  2.031e+00    32.2492    32.2394    -0.0098    25.4960    25.4882     19.813     19.904      0.420    1467.51    1467.50  0.000e+00
       2318     20.500     5.0159     5.0350     0.0191    3.11293    3.11324          1     6.3922     6.6128       9.96     0.0345  4.924e-11  1.000e-12  2.031e+00    32.2876    32.2728    -0.0148    25.5236    25.5098     20.308     20.400      0.309    1467.68    1467.73  0.000e+00
       2393     21.000     5.1051     5.1248     0.0196    3.13068    3.13128          1     6.4059     6.6015       9.96     0.0324  4.924e-11  1.000e-12  2.031e+00    32.4044    32.3921    -0.0123    25.6062    25.5944     20.804     20.897      0.277    1468.20    1468.26  0.000e+00
       2430     21.500     5.1716     5.2123     0.0407    3.14430    3.14558          1     6.4008     6.5908       9.96     0.0321  4.924e-11  1.000e-12  2.031e+00    32.4954    32.4704    -0.0250    25.6709    25.6465     21.299     21.394      0.381    1468.59    1468.73  0.000e+00
       2465     22.000     5.2575     5.2761     0.0186    3.16066    3.16183          1     6.3951     6.5636       9.96     0.0319  4.924e-11  1.000e-12  2.031e+00    32.5985    32.5939    -0.0046    25.7429    25.7371     21.794     21.890      0.256    1469.08    1469.15  0.000e+00
       2533     22.500     5.3024     5.3146     0.0120    3.17096    3.16996          1     6.3092     6.5422       9.96     0.0309  4.924e-11  1.000e-12  2.031e+00    32.6720    32.6488    -0.0232    25.7959    25.7762     22.290     22.387      0.302    1469.37    1469.39  0.000e+00
       2562     23.000     5.4152     5.4503     0.0350    3.19701    3.19097          1     6.3084     6.5254       9.96     0.0317  4.924e-11  1.000e-12  2.031e+00    32.8582    32.7552    -0.1030    25.9303    25.8447     22.785     22.883      0.424    1470.07    1470.08  0.000e+00
       2595     23.500     5.5675     5.5969     0.0294    3.22890    3.22841          1     6.3005     6.4868       9.96     0.0307  4.924e-11  1.000e-12  2.031e+00    33.0710    33.0366    -0.0344    26.0808    26.0501     23.280     23.379      0.268    1470.96    1471.04  0.000e+00
       2674     24.000     5.6030     5.6051     0.0021    3.23526    3.23397          1     6.2780     6.4737       9.96     0.0292  4.924e-11  1.000e-12  2.031e+00    33.1080    33.0912    -0.0167    26.1058    26.0923     23.775     23.876      0.288    1471.16    1471.15  0.000e+00
       2706     24.500     5.6135     5.6195     0.0060    3.23712    3.23592          1     6.2735     6.4710       9.96     0.0294  4.924e-11  1.000e-12  2.031e+00    33.1184    33.0990    -0.0194    26.1128    26.0968     24.271     24.372      0.352    1471.22    1471.22  0.000e+00
       2755     25.000     5.6452     5.6499     0.0047    3.24351    3.24251          1     6.2454     6.4645       9.96     0.0293  4.924e-11  1.000e-12  2.031e+00    33.1594    33.1434    -0.0160    26.1415    26.1283     24.766     24.868      0.219    1471.41    1471.41  0.000e+00
       2808     25.500     5.6590     5.6594     0.0004    3.24631    3.24540          1     6.2693     6.4579       9.96     0.0294  4.924e-11  1.000e-12  2.031e+00    33.1774    33.1666    -0.0108    26.1540    26.1455     25.261     25.365      0.335    1471.50    1471.48  0.000e+00
       2840     26.000     5.6611     5.6678     0.0066    3.24718    3.24688          1     6.2986     6.4637       9.96     0.0296  4.924e-11  1.000e-12  2.031e+00    33.1848    33.1748    -0.0100    26.1597    26.1510     25.757     25.861      0.331    1471.52    1471.54  0.000e+00
       2892     26.500     5.6931     5.6999     0.0068    3.25381    3.25344          1     6.2929     6.4628       9.96     0.0296  4.924e-11  1.000e-12  2.031e+00    33.2281    33.2172    -0.0109    26.1900    26.1806     26.252     26.357      0.216    1471.71    1471.73  0.000e+00
       2941     27.000     5.7217     5.7228     0.0011    3.25944    3.25796          1     6.2679     6.4601       9.96     0.0293  1.300e-06  1.000e-12  2.031e+00    33.2633    33.2454    -0.0179    26.2145    26.2002     26.747     26.853      0.353    1471.88    1471.86  0.000e+00
       2972     27.500     5.7445     5.7456     0.0011    3.26243    3.26143          1     6.2647     6.4393       9.96     0.0298  6.189e+04  1.000e-12  7.739e-01    33.2744    33.2619    -0.0125    26.2204    26.2105     27.242     27.350      0.354    1471.99    1471.98  0.000e+00
       3024     28.000     5.7595     5.7668     0.0073    3.26426    3.26412          1     6.2559     6.4385       9.96     0.0301  6.805e+04  1.000e-12  6.489e-01    33.2801    33.2713    -0.0088    26.2232    26.2153     27.738     27.846      0.209    1472.07    1472.09  0.000e+00
       3088     28.500     5.7969     5.8082     0.0113    3.26917    3.26951          1     6.2441     6.4323       9.96     0.0293 -3.657e+03  1.000e-12  2.105e+00    33.2982    33.2910    -0.0072    26.2329    26.2259     28.233     28.342      0.386    1472.25    1472.29  0.000e+00
