ctdpy/exports/archive_20191121_122431/received_data/SBE09_0827_20180128_1540_26_01_0248.cnv
* Sea-Bird SBE 9 Data File:
* FileName = D:\CTD_SBE911\DAT\26DA.2018.1.148.hex
* Software Version Seasave V 7.21d
* Temperature SN = 034757
* Conductivity SN = 041844
* Number of Bytes Per Scan = 48
* Number of Voltage Words = 5
* Number of Scans Averaged by the Deck Unit = 1
* NMEA Latitude = 56 21.59 N
* NMEA Longitude = 012 34.50 E
* NMEA UTC (Time) = Jan 28 2018  15:40:32
* NMEA baud rate = 4800
** Ship: DANA
** Average sound velocity: 1452.49 m/s
** True-depth calculation Thu, 28 Mar 2019 08:33:24 +0000
** CTD Python Module SMHI /ver 3-12/ feb 2012 
** LIMS Job: 20182601-0248
** Skalderviken
** Operator: Ronny Sørensen
** Cruise: 01/2018
# nquan = 26
# nvalues = 40                          
# units = specified
# name 0 = scan: Scan Count
# name 1 = prDM: Pressure, Digiquartz [db]
# name 2 = t090C: Temperature [ITS-90, deg C]
# name 3 = t190C: Temperature, 2 [ITS-90, deg C]
# name 4 = T2-T190C: Temperature Difference, 2 - 1 [ITS-90, deg C]
# name 5 = c0S/m: Conductivity [S/m]
# name 6 = c1S/m: Conductivity, 2 [S/m]
# name 7 = pumps: Pump Status
# name 8 = sbeox1ML/L: Oxygen, SBE 43, 2 [ml/l]
# name 9 = sbeox0ML/L: Oxygen, SBE 43 [ml/l]
# name 10 = altM: Altimeter [m]
# name 11 = chloroflTC0: Chlorophyll, Turner Cyclops [ug/l]
# name 12 = cpar: CPAR/Corrected Irradiance [%]
# name 13 = par: PAR/Irradiance, Biospherical/Lico [µE/(cm^2*s)]
# name 14 = spar: SPAR, Biospherical/Licor
# name 15 = sal00: Salinity, Practical [PSU]
# name 16 = sal11: Salinity, Practical, 2 [PSU]
# name 17 = secS-priS: Salinity, Practical, Difference, 2 - 1 [PSU]
# name 18 = sigma-t00: Density [sigma-t, kg/m^3 ]
# name 19 = sigma-t11: Density, 2 [sigma-t, kg/m^3 ]
# name 20 = depSM: Depth [salt water, m], lat = 56.3598
# name 21 = depFM: Depth [true depth, m], lat = 56.3598
# name 22 = dz/dtM: Descent Rate [m/s], WS = 2
# name 23 = svCM: Sound Velocity [Chen-Millero, m/s]
# name 24 = svCM1: Sound Velocity, 2 [Chen-Millero, m/s]
# name 25 = flag: flag
# span 0 =        128,       2949       
# span 1 =      2.500,     22.000       
# span 2 =     3.3351,     8.5926       
# span 3 =     3.3335,     8.5842       
# span 4 =    -2.0651,     0.0773       
# span 5 =   1.568093,   3.445460       
# span 6 =   1.567043,   3.442793       
# span 7 =          1,          1       
# span 8 =     4.2316,     7.6871       
# span 9 =     4.3155,     7.8332       
# span 10 =       1.26,       9.96      
# span 11 =     0.0186,     0.2984      
# span 12 = 1.6414e-11, 2.1018e-11      
# span 13 = 1.0000e-12, 1.0000e-12      
# span 14 = 4.9532e+00, 6.0925e+00      
# span 15 =    16.0491,    32.7313      
# span 16 =    16.0385,    32.7071      
# span 17 =    -7.8100,    -0.0101      
# span 18 =    12.7753,    25.4334      
# span 19 =    12.7669,    25.4151      
# span 20 =      2.477,     21.798      
# span 21 =      2.514,     22.051      
# span 22 =     -0.014,      0.722      
# span 23 =    1439.43,    1481.63      
# span 24 =    1439.41,    1481.49      
# span 25 = 0.0000e+00, 0.0000e+00      
# interval = decibars: 0.5              
# start_time = Jan 28 2018 15:40:32 [NMEA time, first data scan]
# bad_flag = -9.990e-29
*END*
        128      2.500     3.3360     3.3335    -0.0025    1.56857    1.56704          1     7.6694     7.8300       9.95     0.0186  1.641e-11  1.000e-12  6.093e+00    16.0542    16.0385    -0.0157    12.7793    12.7669      2.477      2.514      0.149    1439.44    1439.41  0.000e+00
        298      3.000     3.3351     3.3343    -0.0008    1.56809    1.56715          1     7.6464     7.8269       9.95     0.0191  1.641e-11  1.000e-12  6.093e+00    16.0491    16.0391    -0.0101    12.7753    12.7674      2.973      3.017      0.497    1439.43    1439.42  0.000e+00
        341      3.500     3.3351     3.3338    -0.0013    1.56816    1.56711          1     7.6510     7.8265       9.95     0.0194  1.641e-11  1.000e-12  6.093e+00    16.0498    16.0387    -0.0110    12.7758    12.7671      3.468      3.520      0.559    1439.44    1439.42  0.000e+00
        393      4.000     3.3364     3.3343    -0.0021    1.56878    1.56713          1     7.6699     7.8312       9.95     0.0193  1.641e-11  1.000e-12  6.093e+00    16.0559    16.0386    -0.0173    12.7806    12.7670      3.963      4.023      0.381    1439.47    1439.44  0.000e+00
        498      4.500     3.3376     3.3352    -0.0024    1.57013    1.56744          1     7.6551     7.8211       9.96     0.0211  1.641e-11  1.000e-12  6.093e+00    16.0702    16.0414    -0.0287    12.7919    12.7692      4.459      4.526      0.722    1439.50    1439.45  0.000e+00
        516      5.000     3.3394     3.3376    -0.0018    1.57066    1.56871          1     7.6497     7.8262       9.96     0.0211  1.641e-11  1.000e-12  6.093e+00    16.0750    16.0543    -0.0207    12.7957    12.7793      4.954      5.028      0.512    1439.52    1439.48  0.000e+00
        635      5.500     3.3434     3.3400    -0.0034    1.57365    1.57057          1     7.6695     7.8324       9.95     0.0203  1.641e-11  1.000e-12  6.093e+00    16.1060    16.0735    -0.0325    12.8202    12.7945      5.450      5.531      0.347    1439.59    1439.53  0.000e+00
        672      6.000     3.3480     3.3418    -0.0063    1.57729    1.57192          1     7.6617     7.8332       9.95     0.0206  1.641e-11  1.000e-12  6.093e+00    16.1441    16.0875    -0.0566    12.8503    12.8056      5.945      6.034      0.416    1439.66    1439.56  0.000e+00
        702      6.500     3.3545     3.3422    -0.0123    1.58187    1.57241          1     7.6646     7.8255       9.95     0.0200  1.641e-11  1.000e-12  6.093e+00    16.1916    16.0926    -0.0990    12.8877    12.8096      6.441      6.537      0.326    1439.76    1439.58  0.000e+00
        775      7.000     3.3565     3.3494    -0.0071    1.58360    1.57681          1     7.6770     7.8301       9.95     0.0196  1.641e-11  1.000e-12  6.093e+00    16.2096    16.1378    -0.0718    12.9020    12.8452      6.936      7.040      0.304    1439.80    1439.68  0.000e+00
        809      7.500     3.3615     3.3581    -0.0034    1.58723    1.58288          1     7.6435     7.8302       9.95     0.0195  1.641e-11  1.000e-12  6.093e+00    16.2474    16.2006    -0.0467    12.9318    12.8948      7.431      7.542      0.462    1439.88    1439.80  0.000e+00
        836      8.000     3.3626     3.3594    -0.0032    1.58763    1.58510          1     7.6254     7.8270       9.95     0.0193  1.641e-11  1.000e-12  6.093e+00    16.2511    16.2245    -0.0265    12.9347    12.9137      7.927      8.045      0.380    1439.90    1439.85  0.000e+00
        920      8.500     3.3620     3.3591    -0.0029    1.58733    1.58501          1     7.6669     7.8249       9.95     0.0195  1.641e-11  1.000e-12  6.093e+00    16.2479    16.2236    -0.0243    12.9322    12.9130      8.422      8.548      0.263    1439.90    1439.85  0.000e+00
        968      9.000     3.3644     3.3628    -0.0016    1.58949    1.58696          1     7.6765     7.8156       9.95     0.0195  1.641e-11  1.000e-12  6.093e+00    16.2705    16.2432    -0.0273    12.9500    12.9284      8.918      9.051      0.394    1439.95    1439.91  0.000e+00
       1001      9.500     3.3687     3.3643    -0.0043    1.59313    1.58980          1     7.6728     7.8224       9.95     0.0200  1.641e-11  1.000e-12  6.093e+00    16.3087    16.2739    -0.0348    12.9802    12.9527      9.413      9.553      0.277    1440.02    1439.96  0.000e+00
       1077     10.000     3.3676     3.3648    -0.0028    1.59249    1.58953          1     7.6555     7.8186       9.95     0.0199  1.641e-11  1.000e-12  6.093e+00    16.3020    16.2705    -0.0314    12.9749    12.9500      9.908     10.056      0.280    1440.02    1439.96  0.000e+00
       1112     10.500     3.3719     3.3696    -0.0023    1.59718    1.59284          1     7.6396     7.8229       9.95     0.0206  1.641e-11  1.000e-12  6.093e+00    16.3518    16.3047    -0.0470    13.0143    12.9770     10.404     10.559      0.475    1440.11    1440.04  0.000e+00
       1135     11.000     3.3740     3.3721    -0.0018    1.59930    1.59651          1     7.6585     7.8261       9.95     0.0199  1.641e-11  1.000e-12  6.093e+00    16.3742    16.3441    -0.0301    13.0320    13.0082     10.899     11.062      0.479    1440.15    1440.11  0.000e+00
       1199     11.500     3.3735     3.3718    -0.0017    1.60024    1.59740          1     7.6789     7.8264       9.95     0.0197  1.641e-11  1.000e-12  6.093e+00    16.3847    16.3541    -0.0306    13.0404    13.0161     11.395     11.564      0.323    1440.17    1440.13  0.000e+00
       1281     12.000     3.3746     3.3736    -0.0010    1.60326    1.60069          1     7.6871     7.8143       9.95     0.0195  1.641e-11  1.000e-12  6.093e+00    16.4176    16.3896    -0.0281    13.0665    13.0442     11.890     12.067      0.542    1440.23    1440.19  0.000e+00
       1300     12.500     3.3743     3.3741    -0.0002    1.60748    1.60314          1     7.6734     7.8139       9.95     0.0195  1.641e-11  1.000e-12  6.093e+00    16.4646    16.4164    -0.0481    13.1038    13.0656     12.385     12.570      0.550    1440.29    1440.23  0.000e+00
       1353     13.000     3.3731     3.3723    -0.0008    1.61422    1.60667          1     7.6556     7.7989       9.95     0.0196  1.641e-11  1.000e-12  6.093e+00    16.5400    16.4564    -0.0836    13.1638    13.0974     12.881     13.072      0.342    1440.40    1440.28  0.000e+00
       1430     13.500     3.3710     3.3720     0.0009    1.62177    1.61298          1     7.6566     7.7550       9.79     0.0217  1.641e-11  1.000e-12  6.093e+00    16.6249    16.5267    -0.0983    13.2314    13.1533     13.376     13.575      0.511    1440.50    1440.38  0.000e+00
       1450     14.000     3.3814     3.3757    -0.0057    1.62943    1.62069          1     7.6554     7.7460       9.28     0.0222  1.641e-11  1.000e-12  6.093e+00    16.7047    16.6104    -0.0943    13.2943    13.2196     13.872     14.078      0.550    1440.66    1440.51  0.000e+00
       1493     14.500     3.4952     3.4125    -0.0827    1.66463    1.63214          1     7.6100     7.6528       8.67     0.0225  1.641e-11  1.000e-12  6.093e+00    17.0364    16.7186    -0.3178    13.5524    13.3039     14.367     14.580      0.346    1441.60    1440.83  0.000e+00
       1594     15.000     3.8638     3.7109    -0.1535    1.78513    1.71446          1     7.4867     7.0909       8.18     0.0227  1.641e-11  1.000e-12  6.093e+00    18.1757    17.4759    -0.6998    14.4379    13.8909     14.863     15.082      0.393    1444.70    1443.13  0.000e+00
       1615     15.500     4.5162     3.7822    -0.7335    2.04543    1.74036          1     7.2768     6.6867       7.73     0.0243  1.641e-11  1.000e-12  6.093e+00    20.6640    17.7240    -2.9400    16.3668    14.0840     15.358     15.584      0.476    1450.70    1443.77  0.000e+00
       1643     16.000     5.0955     3.9351    -1.1608    2.24989    1.80333          1     7.1829     6.3141       7.15     0.0244  1.641e-11  1.000e-12  6.093e+00    22.5343    18.3369    -4.1974    17.8001    14.5617     15.853     16.085      0.349    1455.54    1445.23  0.000e+00
       1703     16.500     6.4882     4.4189    -2.0651    2.79959    1.95041          1     6.4405     5.2351       6.61     0.0245  1.641e-11  1.000e-12  6.093e+00    27.4809    19.6709    -7.8100    21.5597    15.5860     16.349     16.584      0.213    1467.48    1449.03  0.000e+00
       1754     17.000     7.5019     6.9400    -0.5684    3.09725    2.71801          1     6.1964     4.6722       6.26     0.0254  1.641e-11  1.000e-12  6.093e+00    29.8455    26.2658    -3.5797    23.2958    20.5547     16.844     17.082      0.383    1474.45    1467.79  0.000e+00
       1782     17.500     8.0297     7.7339    -0.2959    3.21575    3.06848          1     5.5342     4.3742       5.73     0.0264  1.641e-11  1.000e-12  6.093e+00    30.6438    29.3401    -1.3037    23.8503    22.8679     17.339     17.580      0.369    1477.48    1474.73  0.000e+00
       1861     18.000     8.3251     8.1919    -0.1333    3.27929    3.22809          1     4.4781     4.3155       5.21     0.0270  1.658e-11  1.000e-12  6.052e+00    31.0532    30.6318    -0.4214    24.1293    23.8180     17.835     18.077      0.261    1479.12    1478.09  0.000e+00
       1913     18.500     8.5926     8.4443    -0.1477    3.34862    3.28404          1     4.2316     4.4845       4.78     0.0269  1.641e-11  1.000e-12  6.092e+00    31.5409    30.9977    -0.5432    24.4721    24.0685     18.330     18.574      0.426    1480.73    1479.51  0.000e+00
       1943     19.000     8.5067     8.5842     0.0773    3.38104    3.34404          1     4.2355     4.9368       4.17     0.0257  1.641e-11  1.000e-12  6.093e+00    31.9579    31.5010    -0.4570    24.8115    24.4421     18.826     19.071      0.327    1480.93    1480.66  0.000e+00
       2004     19.500     8.4397     8.4410     0.0014    3.43020    3.40558          1     4.5646     4.9698       3.73     0.0256  1.641e-11  1.000e-12  6.093e+00    32.5354    32.2755    -0.2599    25.2741    25.0702     19.321     19.568      0.246    1481.40    1481.09  0.000e+00
       2046     20.000     8.4547     8.4395    -0.0152    3.44394    3.42907          1     4.7338     4.9020       3.32     0.0285  1.641e-11  1.000e-12  6.093e+00    32.6659    32.5233    -0.1425    25.3741    25.2647     19.816     20.065      0.390    1481.63    1481.39  0.000e+00
       2077     20.500     8.4382     8.4354    -0.0028    3.44512    3.43549          1     4.7052     4.9007       2.74     0.0426  1.641e-11  1.000e-12  6.093e+00    32.6934    32.5945    -0.0988    25.3981    25.3211     20.312     20.562      0.321    1481.61    1481.47  0.000e+00
       2132     21.000     8.4009     8.4084     0.0074    3.44546    3.43942          1     4.6761     4.9174       2.09     0.0741  1.648e-11  1.000e-12  6.077e+00    32.7313    32.6607    -0.0706    25.4334    25.3770     20.807     21.058      0.103    1481.52    1481.47  0.000e+00
       2236     21.500     8.4027     8.3994    -0.0033    3.44476    3.44014          1     4.6984     4.8967       1.80     0.1869  1.698e-11  1.000e-12  5.954e+00    32.7220    32.6764    -0.0456    25.4259    25.3906     21.303     21.555      0.321    1481.53    1481.46  0.000e+00
       2949     22.000     8.3976     8.3962    -0.0014    3.44488    3.44279          1     4.6716     4.9048       1.26     0.2984  2.102e-11  1.000e-12  4.953e+00    32.7277    32.7071    -0.0207    25.4311    25.4151     21.798     22.051     -0.014    1481.52    1481.49  0.000e+00
