ctdpy/exports/archive_20191121_122431/received_data/SBE09_0827_20181006_1510_26_01_1027.cnv
* Sea-Bird SBE 9 Data File:
* FileName = D:\CTD_SBE911\DAT\26DA.2018.10.27.hex
* Software Version Seasave V 7.21d
* Temperature SN = 4548
* Conductivity SN = 3062
* Number of Bytes Per Scan = 48
* Number of Voltage Words = 5
* Number of Scans Averaged by the Deck Unit = 1
* NMEA Latitude = 57 46.64 N
* NMEA Longitude = 017 46.79 E
* NMEA UTC (Time) = Oct 06 2018  15:12:49
* NMEA baud rate = 4800
** Ship: DANA
** Average sound velocity: 1448.24 m/s
** True-depth calculation Thu, 28 Mar 2019 12:19:04 +0000
** CTD Python Module SMHI /ver 3-12/ feb 2012 
** LIMS Job: 20182601-1027
** Operator: Christian
** Cruise: 10/2018
# nquan = 26
# nvalues = 185                         
# units = specified
# name 0 = scan: Scan Count
# name 1 = prDM: Pressure, Digiquartz [db]
# name 2 = t090C: Temperature [ITS-90, deg C]
# name 3 = t190C: Temperature, 2 [ITS-90, deg C]
# name 4 = T2-T190C: Temperature Difference, 2 - 1 [ITS-90, deg C]
# name 5 = c0S/m: Conductivity [S/m]
# name 6 = c1S/m: Conductivity, 2 [S/m]
# name 7 = pumps: Pump Status
# name 8 = sbeox1ML/L: Oxygen, SBE 43, 2 [ml/l]
# name 9 = sbeox0ML/L: Oxygen, SBE 43 [ml/l]
# name 10 = altM: Altimeter [m]
# name 11 = chloroflTC0: Chlorophyll, Turner Cyclops [ug/l]
# name 12 = cpar: CPAR/Corrected Irradiance [%]
# name 13 = par: PAR/Irradiance, Biospherical/Lico [µE/(cm^2*s)]
# name 14 = spar: SPAR, Biospherical/Licor
# name 15 = sal00: Salinity, Practical [PSU]
# name 16 = sal11: Salinity, Practical, 2 [PSU]
# name 17 = secS-priS: Salinity, Practical, Difference, 2 - 1 [PSU]
# name 18 = sigma-t00: Density [sigma-t, kg/m^3 ]
# name 19 = sigma-t11: Density, 2 [sigma-t, kg/m^3 ]
# name 20 = depSM: Depth [salt water, m], lat = 57.7773
# name 21 = depFM: Depth [true depth, m], lat = 57.7773
# name 22 = dz/dtM: Descent Rate [m/s], WS = 2
# name 23 = svCM: Sound Velocity [Chen-Millero, m/s]
# name 24 = svCM1: Sound Velocity, 2 [Chen-Millero, m/s]
# name 25 = flag: flag
# span 0 =        217,      10992       
# span 1 =      0.500,     92.500       
# span 2 =     3.7434,    12.4491       
# span 3 =     3.7529,    12.4491       
# span 4 =    -0.0767,     0.8836       
# span 5 =   0.769789,   1.158787       
# span 6 =   0.770654,   1.158770       
# span 7 =          1,          1       
# span 8 =     0.0456,     7.4942       
# span 9 =     0.0422,     7.1119       
# span 10 =       0.55,       9.99      
# span 11 =     0.0159,     0.0335      
# span 12 = 2.7292e-12, 1.5438e+01      
# span 13 = 1.0000e-12, 6.4441e+00      
# span 14 = 3.1516e+01, 4.1406e+01      
# span 15 =     6.8679,    10.7073      
# span 16 =     6.8683,    10.7069      
# span 17 =    -0.1267,     0.0019      
# span 18 =     4.7690,     8.4202      
# span 19 =     4.7692,     8.4199      
# span 20 =      0.495,     91.624      
# span 21 =      0.507,     93.618      
# span 22 =     -0.260,      0.350      
# span 23 =    1430.75,    1465.11      
# span 24 =    1430.82,    1465.13      
# span 25 = 0.0000e+00, 0.0000e+00      
# interval = decibars: 0.5              
# start_time = Oct 06 2018 15:12:50 [NMEA time, first data scan]
# bad_flag = -9.990e-29
*END*
[from data line 112]
       5537     56.500     4.3387     4.3165    -0.0222    0.90012    0.89527          1     3.1855     3.2637       9.97     0.0160  3.078e-12  1.000e-12  3.249e+01     8.5344     8.4907    -0.0437     6.7735     6.7396     55.970     57.245      0.255    1435.12    1434.96  0.000e+00
       5579     57.000     4.3600     4.3476    -0.0124    0.90369    0.90149          1     3.0503     3.0438       9.97     0.0160  3.078e-12  1.000e-12  3.249e+01     8.5653     8.5461    -0.0192     6.7973     6.7825     56.465     57.750      0.293    1435.26    1435.18  0.000e+00
       5624     57.500     4.4047     4.3776    -0.0271    0.90966    0.90564          1     2.9369     2.9092       9.97     0.0161  3.078e-12  1.000e-12  3.249e+01     8.6145     8.5805    -0.0339     6.8347     6.8088     56.960     58.256      0.240    1435.53    1435.36  0.000e+00
       5674     58.000     4.4715     4.4401    -0.0314    0.92025    0.91441          1     2.7185     2.7630       9.97     0.0160  3.078e-12  1.000e-12  3.249e+01     8.7047     8.6534    -0.0513     6.9040     6.8644     57.455     58.762      0.280    1435.95    1435.74  0.000e+00
       5713     58.500     4.5914     4.5146    -0.0767    0.94269    0.92822          1     2.3971     2.5880       9.97     0.0160  3.078e-12  1.000e-12  3.249e+01     8.9009     8.7743    -0.1267     7.0550     6.9575     57.951     59.268      0.279    1436.74    1436.24  0.000e+00
       5771     59.000     4.6928     4.6397    -0.0531    0.95948    0.94963          1     1.9700     2.2282       9.97     0.0167  3.078e-12  1.000e-12  3.249e+01     9.0440     8.9583    -0.0856     7.1643     7.0986     58.446     59.773      0.221    1437.38    1437.03  0.000e+00
       5817     59.500     4.7672     4.7331    -0.0341    0.97223    0.96595          1     1.6787     1.9260       9.97     0.0168  3.078e-12  1.000e-12  3.249e+01     9.1529     9.0986    -0.0543     7.2476     7.2060     58.941     60.279      0.338    1437.85    1437.63  0.000e+00
       5854     60.000     4.8157     4.7869    -0.0289    0.97970    0.97485          1     1.4938     1.6713       9.97     0.0165  3.078e-12  1.000e-12  3.249e+01     9.2151     9.1740    -0.0412     7.2948     7.2634     59.436     60.785      0.275    1438.15    1437.97  0.000e+00
       5910     60.500     4.8665     4.8408    -0.0257    0.98827    0.98349          1     1.3056     1.4351       9.97     0.0166  3.078e-12  1.000e-12  3.249e+01     9.2878     9.2465    -0.0413     7.3501     7.3185     59.932     61.290      0.224    1438.47    1438.31  0.000e+00
       5954     61.000     4.9458     4.9017    -0.0440    1.00159    0.99386          1     1.0140     1.2494       9.97     0.0166  3.078e-12  1.000e-12  3.249e+01     9.4002     9.3344    -0.0658     7.4356     7.3855     60.427     61.796      0.317    1438.97    1438.70  0.000e+00
       5995     61.500     5.0591     4.9905    -0.0685    1.01839    1.00746          1     0.6451     0.9959       9.97     0.0169  3.078e-12  1.000e-12  3.249e+01     9.5377     9.4468    -0.0909     7.5391     7.4704     60.922     62.301      0.239    1439.65    1439.24  0.000e+00
       6054     62.000     5.1371     5.0799    -0.0572    1.03153    1.02203          1     0.4230     0.6620       9.97     0.0168  3.078e-12  1.000e-12  3.249e+01     9.6478     9.5684    -0.0794     7.6224     7.5624     61.417     62.807      0.250    1440.14    1439.79  0.000e+00
       6095     62.500     5.2098     5.1734    -0.0364    1.04345    1.03703          1     0.2787     0.4680       9.97     0.0167  3.078e-12  1.000e-12  3.249e+01     9.7468     9.6926    -0.0542     7.6971     7.6561     61.913     63.312      0.279    1440.59    1440.36  0.000e+00
       6145     63.000     5.2592     5.2323    -0.0269    1.05205    1.04727          1     0.2118     0.2815       9.97     0.0168  3.078e-12  1.000e-12  3.249e+01     9.8189     9.7786    -0.0403     7.7516     7.7211     62.408     63.817      0.229    1440.90    1440.74  0.000e+00
       6192     63.500     5.2820     5.2684    -0.0136    1.05580    1.05377          1     0.1989     0.2089       9.97     0.0170  3.078e-12  1.000e-12  3.249e+01     9.8498     9.8334    -0.0164     7.7749     7.7626     62.903     64.323      0.292    1441.05    1440.97  0.000e+00
       6235     64.000     5.2903     5.2804    -0.0099    1.05719    1.05557          1     0.1954     0.1749       9.97     0.0171  3.078e-12  1.000e-12  3.249e+01     9.8613     9.8479    -0.0135     7.7836     7.7734     63.398     64.828      0.245    1441.11    1441.05  0.000e+00
       6290     64.500     5.3244     5.3031    -0.0213    1.06366    1.05980          1     0.1806     0.1536       9.97     0.0169  3.078e-12  1.000e-12  3.249e+01     9.9163     9.8837    -0.0326     7.8252     7.8006     63.894     65.333      0.236    1441.33    1441.20  0.000e+00
       6332     65.000     5.3831     5.3550    -0.0281    1.07374    1.06877          1     0.1752     0.1376       9.97     0.0171  3.078e-12  1.000e-12  3.249e+01    10.0001     9.9584    -0.0417     7.8883     7.8569     64.389     65.839      0.296    1441.70    1441.53  0.000e+00
       6384     65.500     5.4314     5.3988    -0.0325    1.08259    1.07649          1     0.1705     0.1264       9.97     0.0171  3.078e-12  1.000e-12  3.249e+01    10.0744    10.0229    -0.0515     7.9444     7.9055     64.884     66.344      0.215    1442.01    1441.81  0.000e+00
       6435     66.000     5.4755     5.4557    -0.0199    1.09065    1.08737          1     0.1620     0.1205       9.97     0.0171  3.078e-12  1.000e-12  3.249e+01    10.1420    10.1150    -0.0270     7.9954     7.9752     65.379     66.849      0.311    1442.30    1442.18  0.000e+00
       6472     66.500     5.4992     5.4837    -0.0154    1.09408    1.09181          1     0.1613     0.1177       9.97     0.0171  3.078e-12  1.000e-12  3.249e+01    10.1691    10.1510    -0.0181     8.0155     8.0021     65.874     67.355      0.286    1442.44    1442.35  0.000e+00
       6526     67.000     5.5208     5.5057    -0.0151    1.09712    1.09465          1     0.1527     0.1112       9.97     0.0177  3.078e-12  1.000e-12  3.249e+01    10.1930    10.1728    -0.0202     8.0332     8.0180     66.370     67.860      0.208    1442.57    1442.48  0.000e+00
       6574     67.500     5.5517     5.5389    -0.0128    1.10284    1.10056          1     0.1462     0.1033       9.97     0.0172  3.078e-12  1.000e-12  3.249e+01    10.2409    10.2219    -0.0190     8.0692     8.0549     66.865     68.365      0.296    1442.77    1442.70  0.000e+00
       6618     68.000     5.5751     5.5649    -0.0102    1.10686    1.10498          1     0.1439     0.1031       9.97     0.0171  3.078e-12  1.000e-12  3.249e+01    10.2740    10.2582    -0.0158     8.0940     8.0821     67.360     68.870      0.240    1442.92    1442.86  0.000e+00
       6672     68.500     5.6042     5.5907    -0.0135    1.11223    1.10981          1     0.1387     0.0986       9.97     0.0171  3.078e-12  1.000e-12  3.249e+01    10.3188    10.2986    -0.0201     8.1277     8.1126     67.855     69.375      0.252    1443.11    1443.03  0.000e+00
       6717     69.000     5.6218     5.6152    -0.0066    1.11566    1.11445          1     0.1338     0.0960       9.97     0.0171  3.078e-12  1.000e-12  3.249e+01    10.3477    10.3376    -0.0101     8.1495     8.1419     68.350     69.880      0.247    1443.23    1443.19  0.000e+00
       6766     69.500     5.6264     5.6206    -0.0058    1.11643    1.11563          1     0.1299     0.0951       9.97     0.0171  3.078e-12  1.000e-12  3.249e+01    10.3538    10.3476    -0.0062     8.1541     8.1495     68.846     70.386      0.263    1443.27    1443.24  0.000e+00
       6813     70.000     5.6391     5.6335    -0.0057    1.11862    1.11769          1     0.1255     0.0922       9.97     0.0171  3.078e-12  1.000e-12  3.249e+01    10.3717    10.3642    -0.0076     8.1675     8.1618     69.341     70.891      0.232    1443.36    1443.32  0.000e+00
       6865     70.500     5.6516     5.6432    -0.0084    1.12068    1.11950          1     0.1246     0.0890       9.97     0.0171  3.078e-12  1.000e-12  3.249e+01    10.3884    10.3792    -0.0092     8.1799     8.1731     69.836     71.396      0.250    1443.44    1443.39  0.000e+00
       6911     71.000     5.6690     5.6615    -0.0075    1.12401    1.12254          1     0.1193     0.0857       9.97     0.0171  3.078e-12  1.000e-12  3.249e+01    10.4163    10.4039    -0.0125     8.2009     8.1915     70.331     71.901      0.241    1443.56    1443.51  0.000e+00
       6966     71.500     5.6872     5.6760    -0.0111    1.12720    1.12535          1     0.1162     0.0864       9.97     0.0171  3.078e-12  1.000e-12  3.249e+01    10.4425    10.4275    -0.0150     8.2205     8.2093     70.826     72.406      0.231    1443.68    1443.61  0.000e+00
       7009     72.000     5.6981     5.6907    -0.0074    1.12922    1.12788          1     0.1157     0.0843       9.97     0.0171  3.078e-12  1.000e-12  3.249e+01    10.4593    10.4481    -0.0111     8.2331     8.2247     71.322     72.911      0.302    1443.75    1443.71  0.000e+00
       7056     72.500     5.7057     5.7005    -0.0051    1.13091    1.12971          1     0.1119     0.0832       9.97     0.0171  3.078e-12  1.000e-12  3.249e+01    10.4737    10.4633    -0.0104     8.2440     8.2361     71.817     73.416      0.214    1443.81    1443.78  0.000e+00
       7111     73.000     5.7058     5.7037    -0.0021    1.13128    1.13066          1     0.1097     0.0828       9.97     0.0171  3.078e-12  1.000e-12  3.249e+01    10.4773    10.4717    -0.0055     8.2468     8.2426     72.312     73.921      0.288    1443.82    1443.81  0.000e+00
       7149     73.500     5.7070     5.7051    -0.0019    1.13150    1.13118          1     0.1057     0.0806       9.97     0.0171  3.078e-12  1.000e-12  3.249e+01    10.4790    10.4764    -0.0026     8.2482     8.2462     72.807     74.427      0.283    1443.84    1443.83  0.000e+00
       7204     74.000     5.7107     5.7084    -0.0023    1.13229    1.13173          1     0.1076     0.0806       9.97     0.0171  3.078e-12  1.000e-12  3.249e+01    10.4856    10.4808    -0.0048     8.2532     8.2495     73.302     74.932      0.198    1443.87    1443.85  0.000e+00
       7257     74.500     5.7151     5.7120    -0.0031    1.13340    1.13261          1     0.1008     0.0773       9.97     0.0171  3.078e-12  1.000e-12  3.249e+01    10.4953    10.4884    -0.0070     8.2605     8.2552     73.798     75.437      0.276    1443.91    1443.89  0.000e+00
       7300     75.000     5.7201     5.7162    -0.0038    1.13452    1.13371          1     0.1022     0.0787       9.97     0.0171  3.078e-12  1.000e-12  3.249e+01    10.5049    10.4980    -0.0069     8.2678     8.2626     74.293     75.942      0.264    1443.95    1443.93  0.000e+00
       7348     75.500     5.7250     5.7219    -0.0031    1.13531    1.13474          1     0.0975     0.0773       9.97     0.0171  3.078e-12  1.000e-12  3.249e+01    10.5112    10.5065    -0.0047     8.2725     8.2689     74.788     76.447      0.243    1443.99    1443.97  0.000e+00
       7397     76.000     5.7260     5.7246    -0.0014    1.13548    1.13519          1     0.0975     0.0754       9.97     0.0171  3.078e-12  1.000e-12  3.249e+01    10.5125    10.5100    -0.0024     8.2734     8.2716     75.283     76.952      0.248    1444.00    1443.99  0.000e+00
       7444     76.500     5.7279     5.7260    -0.0019    1.13586    1.13547          1     0.0990     0.0748       9.97     0.0171  3.078e-12  1.000e-12  3.249e+01    10.5156    10.5123    -0.0033     8.2757     8.2733     75.778     77.457      0.258    1444.02    1444.01  0.000e+00
       7493     77.000     5.7366     5.7305    -0.0061    1.13757    1.13629          1     0.0918     0.0726       9.97     0.0171  3.078e-12  1.000e-12  3.249e+01    10.5299    10.5189    -0.0109     8.2865     8.2782     76.274     77.962      0.231    1444.08    1444.04  0.000e+00
       7545     77.500     5.7438     5.7372    -0.0066    1.13907    1.13759          1     0.0918     0.0737       9.97     0.0171  3.078e-12  1.000e-12  3.249e+01    10.5425    10.5298    -0.0127     8.2960     8.2864     76.769     78.467      0.243    1444.14    1444.09  0.000e+00
       7593     78.000     5.7511     5.7438    -0.0073    1.14068    1.13905          1     0.0927     0.0704       9.97     0.0171  3.078e-12  1.000e-12  3.249e+01    10.5563    10.5422    -0.0140     8.3064     8.2958     77.264     78.972      0.252    1444.20    1444.15  0.000e+00
       7638     78.500     5.7573     5.7512    -0.0061    1.14191    1.14057          1     0.0885     0.0726       9.97     0.0171  3.078e-12  1.000e-12  3.249e+01    10.5665    10.5550    -0.0115     8.3141     8.3054     77.759     79.477      0.286    1444.24    1444.20  0.000e+00
       7682     79.000     5.7645     5.7604    -0.0041    1.14339    1.14249          1     0.0869     0.0709       9.97     0.0171  3.077e-12  1.000e-12  3.250e+01    10.5790    10.5713    -0.0077     8.3236     8.3177     78.254     79.983      0.233    1444.30    1444.27  0.000e+00
       7741     79.500     5.7688     5.7645    -0.0043    1.14429    1.14338          1     0.0880     0.0690       9.97     0.0171  3.056e-12  1.000e-12  3.273e+01    10.5865    10.5787    -0.0078     8.3292     8.3233     78.750     80.488      0.252    1444.34    1444.31  0.000e+00
       7778     80.000     5.7708     5.7689    -0.0018    1.14472    1.14427          1     0.0879     0.0688       9.97     0.0171  3.067e-12  1.000e-12  3.262e+01    10.5902    10.5862    -0.0040     8.3320     8.3289     79.245     80.993      0.350    1444.36    1444.34  0.000e+00
       7824     80.500     5.7874     5.7773    -0.0101    1.14839    1.14608          1     0.0830     0.0687       9.97     0.0171  3.045e-12  1.000e-12  3.286e+01    10.6215    10.6015    -0.0199     8.3557     8.3406     79.740     81.498      0.213    1444.47    1444.40  0.000e+00
       7892     81.000     5.8083     5.7997    -0.0086    1.15265    1.15070          1     0.0809     0.0675       9.97     0.0171  3.032e-12  1.000e-12  3.301e+01    10.6573    10.6406    -0.0167     8.3827     8.3700     80.235     82.003      0.314    1444.62    1444.56  0.000e+00
       7926     81.500     5.8113     5.8077    -0.0036    1.15324    1.15249          1     0.0825     0.0671       9.97     0.0171  3.016e-12  1.000e-12  3.318e+01    10.6623    10.6559    -0.0064     8.3864     8.3816     80.730     82.508      0.303    1444.64    1444.62  0.000e+00
       7984     82.000     5.8134     5.8113    -0.0021    1.15368    1.15321          1     0.0813     0.0660       9.97     0.0171  3.015e-12  1.000e-12  3.320e+01    10.6658    10.6618    -0.0040     8.3890     8.3860     81.225     83.013      0.235    1444.67    1444.65  0.000e+00
       8028     82.500     5.8155     5.8135    -0.0021    1.15413    1.15365          1     0.0776     0.0659       9.97     0.0171  2.958e-12  1.000e-12  3.383e+01    10.6696    10.6655    -0.0041     8.3919     8.3888     81.721     83.518      0.315    1444.69    1444.67  0.000e+00
       8074     83.000     5.8185     5.8166    -0.0018    1.15474    1.15435          1     0.0778     0.0643       9.97     0.0171  2.945e-12  1.000e-12  3.398e+01    10.6747    10.6713    -0.0033     8.3957     8.3932     82.216     84.023      0.208    1444.71    1444.70  0.000e+00
       8136     83.500     5.8257     5.8200    -0.0057    1.15617    1.15494          1     0.0772     0.0644       9.97     0.0171  2.924e-12  1.000e-12  3.422e+01    10.6866    10.6761    -0.0105     8.4047     8.3967     82.711     84.528      0.260    1444.77    1444.73  0.000e+00
