ctdpy/exports/archive_20191121_122431/received_data/SBE09_1044_20180526_2059_34_07_0027.cnv
* Sea-Bird SBE 9 Data File:
* FileName = C:\ctd\temp\2018\AU18D027.hex
* Software Version Seasave V 7.26.6.26
* Temperature SN = 5351
* Conductivity SN = 3941
* Number of Bytes Per Scan = 41
* Number of Voltage Words = 4
* Number of Scans Averaged by the Deck Unit = 1
* NMEA Latitude = 58 15.59 N
* NMEA Longitude = 011 26.16 E
* NMEA UTC (Time) = May 26 2018  21:00:00
* NMEA baud rate = 4800
** Station:  Slägg
** Operator:  JKro
** Ship: AURA
** Average sound velocity: 1479.23 m/s
** True-depth calculation Thu, 21 Jun 2018 10:39:20 +0000
** CTD Python Module SMHI /ver 3-12/ feb 2012 
** LIMS Job: 20183407-0027
** Cruise: SMHI-02-2018
** Latitude [GG MM.mm N] :
** Longitude [GG MM.mm E]:
# nquan = 26
# nvalues = 102                         
# units = specified
# name 0 = scan: Scan Count
# name 1 = prDM: Pressure, Digiquartz [db]
# name 2 = t090C: Temperature [ITS-90, deg C]
# name 3 = t190C: Temperature, 2 [ITS-90, deg C]
# name 4 = T2-T190C: Temperature Difference, 2 - 1 [ITS-90, deg C]
# name 5 = c0S/m: Conductivity [S/m]
# name 6 = c1S/m: Conductivity, 2 [S/m]
# name 7 = pumps: Pump Status
# name 8 = sbeox0ML/L: Oxygen, SBE 43 [ml/l]
# name 9 = sbeox1ML/L: Oxygen, SBE 43, 2 [ml/l]
# name 10 = altM: Altimeter [m]
# name 11 = flECO-AFL: Fluorescence, WET Labs ECO-AFL/FL [mg/m^3]
# name 12 = flECO-AFL1: Fluorescence, WET Labs ECO-AFL/FL, 2 [mg/m^3]
# name 13 = par: PAR/Irradiance, Biospherical/Licor
# name 14 = turbWETntu0: Turbidity, WET Labs ECO [NTU]
# name 15 = sal00: Salinity, Practical [PSU]
# name 16 = sal11: Salinity, Practical, 2 [PSU]
# name 17 = secS-priS: Salinity, Practical, Difference, 2 - 1 [PSU]
# name 18 = sigma-t00: Density [sigma-t, kg/m^3 ]
# name 19 = sigma-t11: Density, 2 [sigma-t, kg/m^3 ]
# name 20 = depSM: Depth [salt water, m], lat = 58.2598
# name 21 = depFM: Depth [true depth, m], lat = 58.2598
# name 22 = dz/dtM: Descent Rate [m/s], WS = 2
# name 23 = svCM: Sound Velocity [Chen-Millero, m/s]
# name 24 = svCM1: Sound Velocity, 2 [Chen-Millero, m/s]
# name 25 = flag: flag
# span 0 =      15350,      18421       
# span 1 =      1.500,     52.000       
# span 2 =     6.1184,    17.8959       
# span 3 =     6.1201,    17.9247       
# span 4 =    -0.0208,     0.0999       
# span 5 =   2.827480,   3.405867       
# span 6 =   2.827448,   3.405937       
# span 7 =          1,          1       
# span 8 =     5.4988,     6.7163       
# span 9 =     5.4454,     6.7189       
# span 10 =      18.42,      98.24      
# span 11 =     0.1178,     2.8883      
# span 12 =     0.1680,     0.5670      
# span 13 = -1.119e-04, 6.1148e-01      
# span 14 =     0.1886,     1.0636      
# span 15 =    20.9300,    34.2410      
# span 16 =    20.9243,    34.2400      
# span 17 =    -0.0434,     0.0142      
# span 18 =    14.5536,    26.9041      
# span 19 =    14.5428,    26.9030      
# span 20 =      1.486,     51.511      
# span 21 =      1.506,     51.752      
# span 22 =      0.289,      0.419      
# span 23 =    1472.80,    1499.57      
# span 24 =    1472.81,    1499.66      
# span 25 = 0.0000e+00, 0.0000e+00      
# interval = decibars: 0.5              
# start_time = May 26 2018 21:00:00 [NMEA time, first data scan]
# bad_flag = -9.990e-29
*END*
[from data line 56]
      17097     29.500     6.1841     6.1859     0.0017    3.32774    3.32764          1     5.9319     5.8587      41.02     0.1805     0.1751  1.000e-12  0.4614000    33.5737    33.5709    -0.0028    26.4025    26.4000     29.224     29.431      0.417    1474.16    1474.16  0.000e+00
      17126     30.000     6.1867     6.1887     0.0020    3.32993    3.32994          1     5.9366     5.8752      40.63     0.1695     0.1938  1.000e-12  0.4720000    33.5954    33.5936    -0.0018    26.4193    26.4176     29.719     29.928      0.416    1474.20    1474.21  0.000e+00
      17155     30.500     6.1881     6.1900     0.0019    3.33147    3.33144          1     5.9412     5.8671      40.00     0.1556     0.2384  1.000e-12  0.4914000    33.6111    33.6088    -0.0023    26.4315    26.4294     30.214     30.424      0.414    1474.24    1474.24  0.000e+00
      17184     31.000     6.1893     6.1913     0.0020    3.33287    3.33295          1     5.9558     5.8899      39.39     0.1534     0.2148  1.000e-12  0.5224000    33.6252    33.6241    -0.0011    26.4425    26.4414     30.710     30.920      0.413    1474.27    1474.27  0.000e+00
      17213     31.500     6.1906     6.1927     0.0021    3.33423    3.33430          1     5.9848     5.9430      38.98     0.1405     0.2667  1.000e-12  0.5146000    33.6390    33.6378    -0.0012    26.4532    26.4520     31.205     31.416      0.415    1474.30    1474.30  0.000e+00
      17241     32.000     6.1925     6.1944     0.0020    3.33537    3.33538          1     6.0302     5.9924      38.35     0.1660     0.2318  1.000e-12  0.5363000    33.6496    33.6477    -0.0019    26.4614    26.4596     31.700     31.912      0.417    1474.33    1474.33  0.000e+00
      17270     32.500     6.1944     6.1963     0.0019    3.33680    3.33678          1     6.0650     6.0237      38.13     0.1469     0.2069  1.000e-12  0.5626000    33.6635    33.6614    -0.0022    26.4721    26.4701     32.196     32.408      0.415    1474.36    1474.36  0.000e+00
      17299     33.000     6.1957     6.1977     0.0021    3.33786    3.33791          1     6.0699     6.0251      37.84     0.1441     0.2595  1.000e-12  0.5611000    33.6739    33.6723    -0.0016    26.4801    26.4786     32.691     32.904      0.413    1474.39    1474.39  0.000e+00
      17328     33.500     6.1952     6.1973     0.0021    3.33817    3.33824          1     6.0574     6.0003      37.21     0.1611     0.2015  1.000e-12  0.5557000    33.6775    33.6762    -0.0013    26.4830    26.4817     33.186     33.401      0.414    1474.40    1474.40  0.000e+00
      17357     34.000     6.1971     6.1993     0.0022    3.34016    3.34030          1     6.0698     6.0271      36.61     0.1626     0.1869  1.000e-12  0.5759000    33.6977    33.6970    -0.0007    26.4988    26.4979     33.681     33.897      0.417    1474.44    1474.45  0.000e+00
      17386     34.500     6.2100     6.2119     0.0019    3.34600    3.34575          1     6.1054     6.0575      35.95     0.1542     0.2435  1.000e-12  0.6074000    33.7499    33.7453    -0.0046    26.5383    26.5345     34.177     34.393      0.416    1474.56    1474.57  0.000e+00
      17415     35.000     6.2165     6.2180     0.0014    3.35500    3.35483          1     6.1268     6.0872      35.32     0.1341     0.2765  1.000e-12  0.6361000    33.8439    33.8407    -0.0033    26.6117    26.6089     34.672     34.889      0.412    1474.72    1474.72  0.000e+00
      17444     35.500     6.2248     6.2265     0.0017    3.35914    3.35906          1     6.1516     6.0972      34.65     0.1572     0.2566  1.000e-12  0.6639000    33.8818    33.8792    -0.0025    26.6405    26.6383     35.167     35.385      0.413    1474.80    1474.81  0.000e+00
      17473     36.000     6.2302     6.2318     0.0016    3.36310    3.36299          1     6.1012     6.0347      34.10     0.1592     0.1804  1.000e-12  0.7005000    33.9205    33.9176    -0.0029    26.6705    26.6679     35.663     35.881      0.416    1474.88    1474.89  0.000e+00
      17502     36.500     6.2398     6.2416     0.0018    3.36788    3.36788          1     6.0701     6.0291      33.57     0.1266     0.2386  1.000e-12  0.7453000    33.9641    33.9623    -0.0018    26.7036    26.7020     36.158     36.377      0.416    1474.98    1474.99  0.000e+00
      17531     37.000     6.2453     6.2470     0.0017    3.36983    3.36984          1     6.1286     6.1148      33.12     0.1339     0.2499  1.000e-12  0.7622000    33.9803    33.9787    -0.0016    26.7157    26.7142     36.653     36.873      0.416    1475.03    1475.04  0.000e+00
      17560     37.500     6.2559     6.2574     0.0015    3.37253    3.37248          1     6.2560     6.2599      32.32     0.1500     0.2422  1.000e-12  0.7431000    33.9997    33.9975    -0.0021    26.7296    26.7277     37.148     37.369      0.416    1475.11    1475.11  0.000e+00
      17588     38.000     6.2580     6.2600     0.0020    3.37333    3.37340          1     6.3218     6.2745      31.56     0.1602     0.2220  1.000e-12  0.7350000    34.0062    34.0050    -0.0012    26.7345    26.7333     37.644     37.865      0.414    1475.13    1475.14  0.000e+00
      17618     38.500     6.2639     6.2655     0.0016    3.37656    3.37658          1     6.2776     6.1844      31.56     0.1549     0.2184  1.000e-12  0.7609000    34.0362    34.0348    -0.0014    26.7574    26.7561     38.139     38.361      0.411    1475.20    1475.21  0.000e+00
      17647     39.000     6.2689     6.2706     0.0018    3.37823    3.37823          1     6.2486     6.1647      31.74     0.2008     0.2218  1.000e-12  0.7948000    34.0497    34.0479    -0.0017    26.7674    26.7658     38.634     38.857      0.413    1475.25    1475.25  0.000e+00
      17676     39.500     6.2714     6.2733     0.0019    3.37920    3.37926          1     6.2599     6.2089      31.26     0.1538     0.2207  1.000e-12  0.8188000    34.0577    34.0565    -0.0012    26.7735    26.7723     39.129     39.353      0.417    1475.28    1475.28  0.000e+00
      17704     40.000     6.2732     6.2753     0.0021    3.37980    3.37990          1     6.2831     6.2339      30.93     0.1699     0.2124  1.000e-12  0.8208000    34.0624    34.0615    -0.0009    26.7769    26.7759     39.625     39.849      0.417    1475.30    1475.30  0.000e+00
      17733     40.500     6.2773     6.2791     0.0018    3.38115    3.38116          1     6.2869     6.2269      30.21     0.1587     0.2276  1.000e-12  0.8110000    34.0732    34.0715    -0.0017    26.7849    26.7833     40.120     40.345      0.413    1475.34    1475.34  0.000e+00
      17762     41.000     6.2796     6.2814     0.0019    3.38187    3.38191          1     6.2920     6.2295      29.76     0.1724     0.1773  1.000e-12  0.7969000    34.0787    34.0773    -0.0015    26.7890    26.7876     40.615     40.841      0.413    1475.36    1475.36  0.000e+00
      17791     41.500     6.2806     6.2824     0.0018    3.38227    3.38229          1     6.2772     6.2185      29.05     0.1838     0.1947  1.000e-12  0.8258000    34.0818    34.0802    -0.0015    26.7913    26.7898     41.110     41.337      0.413    1475.38    1475.38  0.000e+00
      17820     42.000     6.2885     6.2902     0.0018    3.38421    3.38425          1     6.2331     6.1538      28.40     0.1614     0.2408  1.000e-12  1.0592000    34.0955    34.0941    -0.0014    26.8010    26.7997     41.606     41.833      0.410    1475.43    1475.44  0.000e+00
      17850     42.500     6.2944     6.2961     0.0017    3.38656    3.38652          1     6.2103     6.1152      28.05     0.1697     0.2072  1.000e-12  0.9728000    34.1155    34.1134    -0.0021    26.8161    26.8142     42.101     42.329      0.403    1475.49    1475.49  0.000e+00
      17880     43.000     6.2991     6.3005     0.0015    3.38840    3.38833          1     6.2010     6.1215      27.67     0.1691     0.2081  1.000e-12  0.8861000    34.1311    34.1288    -0.0023    26.8278    26.8258     42.596     42.825      0.402    1475.53    1475.54  0.000e+00
      17910     43.500     6.3072     6.3085     0.0013    3.39070    3.39065          1     6.1385     6.0692      27.00     0.1422     0.2213  1.000e-12  0.8657000    34.1484    34.1466    -0.0019    26.8405    26.8388     43.091     43.321      0.407    1475.60    1475.60  0.000e+00
      17939     44.000     6.3137     6.3154     0.0017    3.39242    3.39244          1     6.0794     6.0282      26.46     0.1618     0.2147  1.000e-12  0.8535000    34.1609    34.1595    -0.0015    26.8495    26.8481     43.587     43.817      0.406    1475.65    1475.65  0.000e+00
      17969     44.500     6.3156     6.3174     0.0018    3.39298    3.39302          1     6.0877     6.0448      25.76     0.1560     0.2657  1.000e-12  0.8423000    34.1650    34.1637    -0.0014    26.8525    26.8512     44.082     44.313      0.402    1475.67    1475.67  0.000e+00
      17999     45.000     6.3176     6.3195     0.0018    3.39344    3.39348          1     6.0808     6.0206      24.32     0.1430     0.2593  1.000e-12  0.8486000    34.1679    34.1665    -0.0013    26.8544    26.8531     44.577     44.809      0.402    1475.69    1475.69  0.000e+00
      18028     45.500     6.3213     6.3228     0.0015    3.39423    3.39423          1     6.0011     5.9410      24.54     0.1471     0.2052  1.000e-12  0.8577000    34.1729    34.1713    -0.0016    26.8579    26.8565     45.072     45.305      0.403    1475.72    1475.72  0.000e+00
      18058     46.000     6.3266     6.3286     0.0020    3.39534    3.39543          1     5.9212     5.8532      24.42     0.1488     0.2373  1.000e-12  0.8646000    34.1796    34.1786    -0.0010    26.8625    26.8615     45.568     45.801      0.397    1475.76    1475.76  0.000e+00
      18089     46.500     6.3301     6.3327     0.0027    3.39610    3.39632          1     5.8741     5.7597      24.03     0.1459     0.1680  1.000e-12  0.9119000    34.1844    34.1841    -0.0002    26.8658    26.8653     46.063     46.297      0.396    1475.78    1475.79  0.000e+00
      18119     47.000     6.3519     6.3544     0.0025    3.40083    3.40101          1     5.7290     5.6005      23.44     0.1311     0.2256  1.000e-12  0.9146000    34.2151    34.2145    -0.0005    26.8872    26.8865     46.558     46.793      0.396    1475.91    1475.92  0.000e+00
      18149     47.500     6.3568     6.3581     0.0013    3.40191    3.40184          1     5.6144     5.5280      22.95     0.1321     0.2649  1.000e-12  0.9258000    34.2219    34.2199    -0.0020    26.8920    26.8902     47.053     47.288      0.396    1475.95    1475.95  0.000e+00
      18180     48.000     6.3584     6.3599     0.0015    3.40234    3.40235          1     5.5653     5.4926      22.43     0.1350     0.2125  1.000e-12  0.9510000    34.2249    34.2234    -0.0015    26.8942    26.8928     47.549     47.784      0.389    1475.97    1475.97  0.000e+00
      18211     48.500     6.3663     6.3681     0.0018    3.40396    3.40402          1     5.5187     5.4454      21.96     0.1178     0.2145  1.000e-12  0.9741000    34.2348    34.2337    -0.0012    26.9010    26.8998     48.044     48.280      0.393    1476.02    1476.03  0.000e+00
      18241     49.000     6.3653     6.3673     0.0020    3.40380    3.40389          1     5.4988     5.4517      21.49     0.1421     0.2246  1.000e-12  0.9518000    34.2337    34.2328    -0.0010    26.9002    26.8992     48.539     48.776      0.398    1476.02    1476.03  0.000e+00
      18271     49.500     6.3690     6.3708     0.0019    3.40436    3.40442          1     5.5019     5.4633      20.99     0.1487     0.2248  1.000e-12  0.9719000    34.2361    34.2349    -0.0012    26.9016    26.9004     49.034     49.272      0.401    1476.05    1476.06  0.000e+00
      18301     50.000     6.3713     6.3738     0.0025    3.40464    3.40477          1     5.5115     5.4534      20.48     0.1368     0.2093  1.000e-12  1.0080000    34.2366    34.2355    -0.0011    26.9017    26.9005     49.530     49.768      0.401    1476.07    1476.08  0.000e+00
      18331     50.500     6.3736     6.3758     0.0021    3.40496    3.40503          1     5.5092     5.4510      19.99     0.1419     0.2632  1.000e-12  1.0241000    34.2375    34.2362    -0.0014    26.9021    26.9008     50.025     50.264      0.404    1476.09    1476.09  0.000e+00
      18360     51.000     6.3734     6.3759     0.0025    3.40497    3.40514          1     5.5094     5.4544      19.48     0.1382     0.2458  1.000e-12  1.0373000    34.2377    34.2370    -0.0007    26.9023    26.9014     50.520     50.760      0.407    1476.09    1476.10  0.000e+00
      18390     51.500     6.3770     6.3800     0.0031    3.40552    3.40576          1     5.5169     5.4484      18.95     0.1279     0.2301  1.000e-12  1.0515000    34.2400    34.2396    -0.0004    26.9036    26.9029     51.015     51.256      0.404    1476.12    1476.13  0.000e+00
      18421     52.000     6.3795     6.3813     0.0018    3.40587    3.40594          1     5.5042     5.4553      18.42     0.1380     0.2355  1.000e-12  1.0636000    34.2410    34.2400    -0.0011    26.9041    26.9030     51.511     51.752      0.313    1476.14    1476.14  0.000e+00
