ctdpy/exports/archive_20191121_122431/received_data/SBE09_0827_20180126_0445_26_01_0210.cnv
* Sea-Bird SBE 9 Data File:
* FileName = D:\CTD_SBE911\DAT\26DA.2018.1.110.hex
* Software Version Seasave V 7.21d
* Temperature SN = 034757
* Conductivity SN = 041844
* Number of Bytes Per Scan = 48
* Number of Voltage Words = 5
* Number of Scans Averaged by the Deck Unit = 1
* NMEA Latitude = 56 40.14 N
* NMEA Longitude = 012 06.57 E
* NMEA UTC (Time) = Jan 26 2018  04:45:52
* NMEA baud rate = 4800
** Ship: DANA
** Average sound velocity: 1468.50 m/s
** True-depth calculation Thu, 28 Mar 2019 08:30:07 +0000
** CTD Python Module SMHI /ver 3-12/ feb 2012 
** LIMS Job: 20182601-0210
**  Anholt E
** Operator:  A-KTh
** Cruise: 01/2018
# nquan = 26
# nvalues = 117                         
# units = specified
# name 0 = scan: Scan Count
# name 1 = prDM: Pressure, Digiquartz [db]
# name 2 = t090C: Temperature [ITS-90, deg C]
# name 3 = t190C: Temperature, 2 [ITS-90, deg C]
# name 4 = T2-T190C: Temperature Difference, 2 - 1 [ITS-90, deg C]
# name 5 = c0S/m: Conductivity [S/m]
# name 6 = c1S/m: Conductivity, 2 [S/m]
# name 7 = pumps: Pump Status
# name 8 = sbeox1ML/L: Oxygen, SBE 43, 2 [ml/l]
# name 9 = sbeox0ML/L: Oxygen, SBE 43 [ml/l]
# name 10 = altM: Altimeter [m]
# name 11 = chloroflTC0: Chlorophyll, Turner Cyclops [ug/l]
# name 12 = cpar: CPAR/Corrected Irradiance [%]
# name 13 = par: PAR/Irradiance, Biospherical/Lico [µE/(cm^2*s)]
# name 14 = spar: SPAR, Biospherical/Licor
# name 15 = sal00: Salinity, Practical [PSU]
# name 16 = sal11: Salinity, Practical, 2 [PSU]
# name 17 = secS-priS: Salinity, Practical, Difference, 2 - 1 [PSU]
# name 18 = sigma-t00: Density [sigma-t, kg/m^3 ]
# name 19 = sigma-t11: Density, 2 [sigma-t, kg/m^3 ]
# name 20 = depSM: Depth [salt water, m], lat = 56.669
# name 21 = depFM: Depth [true depth, m], lat = 56.669
# name 22 = dz/dtM: Descent Rate [m/s], WS = 2
# name 23 = svCM: Sound Velocity [Chen-Millero, m/s]
# name 24 = svCM1: Sound Velocity, 2 [Chen-Millero, m/s]
# name 25 = flag: flag
# span 0 =        193,       6956       
# span 1 =      2.000,     60.000       
# span 2 =     3.7254,     7.4168       
# span 3 =     3.7196,     7.4156       
# span 4 =    -0.3592,     0.0580       
# span 5 =   1.740172,   3.425170       
# span 6 =   1.740911,   3.424865       
# span 7 =          1,          1       
# span 8 =     5.5352,     7.5001       
# span 9 =     5.7411,     7.5799       
# span 10 =       1.94,       9.95      
# span 11 =     0.0159,     0.0789      
# span 12 = -4.444e+01, 4.1827e+03      
# span 13 = 1.0000e-12, 1.0000e-12      
# span 14 = 1.9459e+00, 2.0317e+00      
# span 15 =    17.7532,    33.4298      
# span 16 =    17.7608,    33.4277      
# span 17 =    -2.2276,     0.0361      
# span 18 =    14.1099,    26.1244      
# span 19 =    14.1160,    26.1229      
# span 20 =      1.982,     59.442      
# span 21 =      2.009,     59.771      
# span 22 =     -0.226,      0.416      
# span 23 =    1443.42,    1479.28      
# span 24 =    1443.43,    1479.27      
# span 25 = 0.0000e+00, 0.0000e+00      
# interval = decibars: 0.5              
# start_time = Jan 26 2018 04:45:52 [NMEA time, first data scan]
# bad_flag = -9.990e-29
*END*
        193      2.000     3.7360     3.7345    -0.0015    1.74736    1.74585          1     7.4635     7.5778       9.95     0.0159  4.924e-11  1.000e-12  2.031e+00    17.8311    17.8151    -0.0160    14.1715    14.1589      1.982      2.009      0.153    1443.49    1443.46  0.000e+00
        271      2.500     3.7387     3.7363    -0.0024    1.75118    1.74753          1     7.4840     7.5644       9.95     0.0159  4.924e-11  1.000e-12  2.031e+00    17.8719    17.8326    -0.0393    14.2037    14.1726      2.477      2.511      0.396    1443.56    1443.50  0.000e+00
        300      3.000     3.7386     3.7376    -0.0009    1.75137    1.74967          1     7.4838     7.5470       9.95     0.0181  4.924e-11  1.000e-12  2.031e+00    17.8738    17.8555    -0.0183    14.2052    14.1908      2.973      3.013      0.351    1443.57    1443.54  0.000e+00
        339      3.500     3.7389     3.7380    -0.0009    1.75172    1.75080          1     7.4742     7.5749       9.95     0.0185  4.924e-11  1.000e-12  2.031e+00    17.8775    17.8677    -0.0097    14.2081    14.2004      3.468      3.515      0.320    1443.58    1443.56  0.000e+00
        372      4.000     3.7372     3.7373     0.0002    1.75014    1.75051          1     7.4641     7.5799       9.95     0.0191  4.924e-11  1.000e-12  2.031e+00    17.8606    17.8647     0.0041    14.1948    14.1980      3.963      4.017      0.361    1443.56    1443.56  0.000e+00
        409      4.500     3.7362     3.7359    -0.0004    1.74878    1.74911          1     7.4492     7.5734       9.95     0.0194  4.924e-11  1.000e-12  2.031e+00    17.8460    17.8498     0.0038    14.1833    14.1863      4.459      4.519      0.316    1443.55    1443.55  0.000e+00
        443      5.000     3.7314     3.7320     0.0005    1.74119    1.74447          1     7.4255     7.5765       9.95     0.0189  4.924e-11  1.000e-12  2.031e+00    17.7642    17.8003     0.0361    14.1186    14.1472      4.954      5.021      0.401    1443.43    1443.47  0.000e+00
        471      5.500     3.7305     3.7306     0.0000    1.74017    1.74132          1     7.4414     7.5693       9.95     0.0195  4.924e-11  1.000e-12  2.031e+00    17.7532    17.7659     0.0127    14.1099    14.1200      5.450      5.524      0.416    1443.42    1443.43  0.000e+00
        501      6.000     3.7312     3.7311    -0.0002    1.74025    1.74147          1     7.4855     7.5679       9.95     0.0195  4.924e-11  1.000e-12  2.031e+00    17.7536    17.7672     0.0136    14.1102    14.1210      5.945      6.026      0.390    1443.43    1443.45  0.000e+00
        533      6.500     3.7355     3.7311    -0.0045    1.74679    1.74091          1     7.5001     7.5673       9.95     0.0195  4.924e-11  1.000e-12  2.031e+00    17.8236    17.7608    -0.0628    14.1655    14.1160      6.440      6.528      0.393    1443.55    1443.45  0.000e+00
        562      7.000     3.7435     3.7362    -0.0074    1.76378    1.74751          1     7.4805     7.5593       9.95     0.0204  4.924e-11  1.000e-12  2.031e+00    18.0077    17.8311    -0.1766    14.3112    14.1715      6.936      7.030      0.380    1443.82    1443.57  0.000e+00
        600      7.500     3.7437     3.7403    -0.0035    1.77260    1.75975          1     7.4722     7.5546       9.95     0.0207  7.859e-04  1.000e-12  2.031e+00    18.1054    17.9646    -0.1409    14.3887    14.2771      7.431      7.532      0.292    1443.96    1443.76  0.000e+00
        641      8.000     3.7403     3.7404     0.0001    1.78021    1.77344          1     7.4316     7.5550       9.95     0.0202  2.358e+03  1.000e-12  1.983e+00    18.1919    18.1165    -0.0754    14.4575    14.3977      7.927      8.034      0.288    1444.06    1443.97  0.000e+00
        684      8.500     3.7341     3.7368     0.0027    1.78490    1.77817          1     7.4360     7.5574       9.95     0.0207 -4.444e+01  1.000e-12  2.032e+00    18.2472    18.1709    -0.0764    14.5017    14.4410      8.422      8.536      0.283    1444.11    1444.03  0.000e+00
        724      9.000     3.7293     3.7338     0.0044    1.78911    1.78209          1     7.4685     7.5605       9.95     0.0207  4.924e-11  1.000e-12  2.031e+00    18.2966    18.2161    -0.0805    14.5412    14.4770      8.917      9.038      0.298    1444.16    1444.08  0.000e+00
        766      9.500     3.7296     3.7324     0.0028    1.79158    1.78391          1     7.4622     7.5599       9.95     0.0207  4.924e-11  1.000e-12  2.031e+00    18.3238    18.2369    -0.0869    14.5628    14.4937      9.413      9.540      0.294    1444.21    1444.11  0.000e+00
        805     10.000     3.7304     3.7306     0.0002    1.79279    1.78895          1     7.4517     7.5628       9.95     0.0208  4.924e-11  1.000e-12  2.031e+00    18.3367    18.2939    -0.0428    14.5729    14.5390      9.908     10.042      0.318    1444.24    1444.18  0.000e+00
        843     10.500     3.7301     3.7299    -0.0002    1.79325    1.79121          1     7.4673     7.5616       9.95     0.0208  4.924e-11  1.000e-12  2.031e+00    18.3418    18.3192    -0.0226    14.5770    14.5591     10.404     10.544      0.297    1444.25    1444.22  0.000e+00
        886     11.000     3.7254     3.7276     0.0022    1.79699    1.79336          1     7.4550     7.5088       9.95     0.0208  4.924e-11  1.000e-12  2.031e+00    18.3859    18.3443    -0.0416    14.6123    14.5792     10.899     11.046      0.268    1444.29    1444.25  0.000e+00
        932     11.500     3.7262     3.7196    -0.0067    1.81452    1.80075          1     7.3986     7.5088       9.95     0.0206  4.924e-11  1.000e-12  2.031e+00    18.5807    18.4309    -0.1497    14.7667    14.6483     11.394     11.548      0.259    1444.55    1444.33  0.000e+00
        977     12.000     3.8308     3.7960    -0.0347    1.87878    1.84921          1     7.3873     7.4510       9.95     0.0210  4.924e-11  1.000e-12  2.031e+00    19.2364    18.9270    -0.3094    15.2811    15.0377     11.890     12.050      0.271    1445.86    1445.31  0.000e+00
       1023     12.500     3.8512     3.8232    -0.0281    1.89355    1.87237          1     7.3737     7.4469       9.95     0.0208  4.924e-11  1.000e-12  2.031e+00    19.3889    19.1692    -0.2197    15.4009    15.2282     12.385     12.551      0.259    1446.15    1445.75  0.000e+00
       1066     13.000     3.8796     3.8412    -0.0383    1.91439    1.88356          1     7.3497     7.4294       9.95     0.0217  4.924e-11  1.000e-12  2.031e+00    19.6044    19.2833    -0.3211    15.5701    15.3177     12.881     13.053      0.286    1446.56    1445.98  0.000e+00
       1109     13.500     3.8770     3.8666    -0.0104    1.91368    1.90390          1     7.3306     7.4235       9.95     0.0217  4.924e-11  1.000e-12  2.031e+00    19.5979    19.4949    -0.1030    15.5651    15.4840     13.376     13.554      0.284    1446.55    1446.37  0.000e+00
       1149     14.000     3.8859     3.8743    -0.0115    1.91701    1.91007          1     7.2993     7.4181       9.95     0.0210  4.924e-11  1.000e-12  2.031e+00    19.6295    19.5590    -0.0705    15.5897    15.5345     13.871     14.056      0.299    1446.64    1446.50  0.000e+00
       1193     14.500     3.9275     3.9008    -0.0267    1.93106    1.91986          1     7.2566     7.2934       9.95     0.0210  4.924e-11  1.000e-12  2.031e+00    19.7611    19.6522    -0.1089    15.6915    15.6068     14.367     14.557      0.259    1447.00    1446.74  0.000e+00
       1237     15.000     4.0483     3.9384    -0.1098    1.97514    1.93139          1     6.9615     7.1417       9.95     0.0212  4.924e-11  1.000e-12  2.031e+00    20.1783    19.7579    -0.4204    16.0146    15.6883     14.862     15.058      0.275    1448.06    1447.05  0.000e+00
       1283     15.500     4.6611     4.3016    -0.3592    2.26437    2.04234          1     6.8930     6.9200       9.95     0.0221  4.924e-11  1.000e-12  2.031e+00    22.9901    20.7625    -2.2276    18.1959    16.4594     15.357     15.559      0.271    1454.28    1449.90  0.000e+00
       1325     16.000     5.1200     5.0422    -0.0782    2.47263    2.39563          1     6.8248     6.6198       9.95     0.0211  4.924e-11  1.000e-12  2.031e+00    24.9762    24.1798    -0.7964    19.7283    19.1056     15.853     16.059      0.281    1458.74    1457.41  0.000e+00
       1371     16.500     5.2795     5.3375     0.0580    2.57272    2.57107          1     6.5762     6.5596       9.95     0.0216  4.924e-11  1.000e-12  2.031e+00    25.9646    25.9015    -0.0631    20.4943    20.4390     16.348     16.558      0.254    1460.67    1460.83  0.000e+00
       1414     17.000     5.5338     5.5241    -0.0098    2.69652    2.67493          1     6.4756     6.4986       9.95     0.0221  4.924e-11  1.000e-12  2.031e+00    27.1353    26.9041    -0.2312    21.3938    21.2122     16.844     17.057      0.309    1463.20    1462.87  0.000e+00
       1452     17.500     5.6327     5.5805    -0.0520    2.74300    2.71054          1     6.3524     6.4713       9.95     0.0229  4.924e-11  1.000e-12  2.031e+00    27.5691    27.2525    -0.3166    21.7260    21.4815     17.339     17.555      0.303    1464.16    1463.55  0.000e+00
       1492     18.000     5.7109     5.6766    -0.0344    2.77891    2.75411          1     6.3011     6.4405       9.95     0.0230  4.924e-11  1.000e-12  2.031e+00    27.9019    27.6557    -0.2461    21.9805    21.7899     17.834     18.054      0.303    1464.91    1464.46  0.000e+00
       1535     18.500     5.7743     5.7478    -0.0265    2.80338    2.78660          1     6.2502     6.4012       9.95     0.0228  4.924e-11  1.000e-12  2.031e+00    28.1195    27.9561    -0.1634    22.1454    22.0193     18.330     18.552      0.258    1465.45    1465.14  0.000e+00
       1582     19.000     5.9500     5.8753    -0.0744    2.88759    2.83773          1     6.2546     6.3430       9.95     0.0233  4.924e-11  1.000e-12  2.031e+00    28.9008    28.4138    -0.4871    22.7425    22.3665     18.825     19.050      0.267    1467.16    1466.24  0.000e+00
       1626     19.500     6.0584     5.9811    -0.0777    2.93206    2.89301          1     6.2443     6.2927       9.95     0.0243  4.924e-11  1.000e-12  2.031e+00    29.2986    28.9343    -0.3643    23.0440    22.7655     19.321     19.548      0.274    1468.11    1467.34  0.000e+00
       1669     20.000     6.1405     6.0485    -0.0917    2.96417    2.91934          1     6.2175     6.2655       9.95     0.0243  4.924e-11  1.000e-12  2.031e+00    29.5811    29.1666    -0.4145    23.2574    22.9411     19.816     20.046      0.284    1468.80    1467.91  0.000e+00
       1711     20.500     6.2174     6.1237    -0.0938    2.99418    2.95249          1     6.1763     6.2299       9.95     0.0244  4.924e-11  1.000e-12  2.031e+00    29.8441    29.4668    -0.3773    23.4558    23.1692     20.311     20.543      0.286    1469.45    1468.60  0.000e+00
       1753     21.000     6.2818     6.2105    -0.0713    3.01454    2.98363          1     6.1189     6.1970       9.95     0.0243  4.924e-11  1.000e-12  2.031e+00    30.0113    29.7338    -0.2775    23.5800    23.3696     20.807     21.041      0.289    1469.92    1469.29  0.000e+00
       1793     21.500     6.3323     6.2922    -0.0402    3.03109    3.01129          1     6.1070     6.1991       9.95     0.0245  4.924e-11  1.000e-12  2.031e+00    30.1484    29.9662    -0.1821    23.6820    23.5432     21.302     21.539      0.304    1470.30    1469.91  0.000e+00
       1835     22.000     6.3766     6.3281    -0.0485    3.05056    3.02889          1     6.0885     6.1747       9.95     0.0256  4.924e-11  1.000e-12  2.031e+00    30.3228    30.1277    -0.1951    23.8142    23.6662     21.797     22.036      0.266    1470.71    1470.27  0.000e+00
       1881     22.500     6.4014     6.3573    -0.0442    3.06680    3.04134          1     6.0528     6.1616       9.95     0.0262  7.582e-11  1.000e-12  2.031e+00    30.4788    30.2384    -0.2404    23.9341    23.7500     22.293     22.533      0.264    1471.01    1470.53  0.000e+00
       1926     23.000     6.4110     6.3859    -0.0250    3.07195    3.05736          1     6.0541     6.1472       9.95     0.0256  2.302e+03  1.000e-12  1.984e+00    30.5267    30.3887    -0.1380    23.9707    23.8650     22.788     23.031      0.273    1471.12    1470.84  0.000e+00
       1969     23.500     6.4474     6.4094    -0.0380    3.08320    3.06719          1     6.0592     6.1425       9.95     0.0253  2.294e+00  1.000e-12  2.031e+00    30.6173    30.4755    -0.1417    24.0376    23.9306     23.283     23.528      0.280    1471.38    1471.05  0.000e+00
       2011     24.000     6.5022     6.4608    -0.0414    3.09803    3.08217          1     6.0351     6.1044       9.95     0.0254  4.924e-11  1.000e-12  2.031e+00    30.7306    30.5938    -0.1368    24.1202    24.0175     23.779     24.025      0.291    1471.75    1471.42  0.000e+00
       2052     24.500     6.5141     6.4912    -0.0230    3.10206    3.09293          1     5.9718     6.0779       9.95     0.0250  4.924e-11  1.000e-12  2.031e+00    30.7639    30.6843    -0.0795    24.1449    24.0851     24.274     24.523      0.295    1471.85    1471.66  0.000e+00
       2093     25.000     6.5571     6.5190    -0.0381    3.11894    3.10224          1     5.9154     6.0706       9.95     0.0253  4.924e-11  1.000e-12  2.031e+00    30.9099    30.7612    -0.1487    24.2547    24.1423     24.770     25.020      0.289    1472.21    1471.87  0.000e+00
       2134     25.500     6.6354     6.5857    -0.0497    3.15191    3.12585          1     5.9188     6.0580       9.95     0.0257  4.924e-11  1.000e-12  2.031e+00    31.1999    30.9595    -0.2404    24.4734    24.2902     25.265     25.517      0.300    1472.89    1472.39  0.000e+00
       2175     26.000     6.6821     6.6362    -0.0458    3.16975    3.14860          1     5.9277     6.0328       9.95     0.0255  4.924e-11  1.000e-12  2.031e+00    31.3525    31.1627    -0.1898    24.5876    24.4439     25.760     26.014      0.265    1473.27    1472.86  0.000e+00
       2224     26.500     6.7614     6.7005    -0.0610    3.19671    3.17128          1     5.9042     5.9938       9.95     0.0266  4.924e-11  1.000e-12  2.031e+00    31.5744    31.3521    -0.2222    24.7522    24.5850     26.256     26.511      0.252    1473.87    1473.36  0.000e+00
       2269     27.000     6.8456     6.7766    -0.0690    3.22587    3.19755          1     5.8384     5.9663       9.95     0.0263  4.924e-11  1.000e-12  2.031e+00    31.8151    31.5693    -0.2457    24.9310    24.7464     26.751     27.008      0.279    1474.51    1473.93  0.000e+00
       2310     27.500     6.9110     6.8441    -0.0669    3.24690    3.22022          1     5.8299     5.9411       9.95     0.0266  4.924e-11  1.000e-12  2.031e+00    31.9838    31.7546    -0.2292    25.0552    24.8835     27.246     27.505      0.315    1474.99    1474.44  0.000e+00
       2347     28.000     6.9288     6.9020    -0.0269    3.25167    3.24022          1     5.8672     5.9271       9.95     0.0279  1.580e-07  1.000e-12  2.031e+00    32.0190    31.9190    -0.1000    25.0806    25.0054     27.742     28.002      0.307    1475.11    1474.88  0.000e+00
       2389     28.500     6.9394     6.9207    -0.0187    3.25347    3.24750          1     5.8445     5.9291       9.95     0.0282  2.252e+03  1.000e-12  1.985e+00    32.0286    31.9808    -0.0477    25.0868    25.0516     28.237     28.498      0.277    1475.17    1475.04  0.000e+00
       2432     29.000     6.9369     6.9296    -0.0074    3.25285    3.25019          1     5.7957     5.9186       9.95     0.0281  2.890e+01  1.000e-12  2.030e+00    32.0239    32.0017    -0.0221    25.0834    25.0669     28.732     28.995      0.278    1475.16    1475.11  0.000e+00
