ctdpy/exports/archive_20191121_122431/received_data/SBE09_0827_20181124_0602_26_01_1230.cnv
* Sea-Bird SBE 9 Data File:
* FileName = D:\CTD_SBE911\DAT\26DA.2018.12.30.hex
* Software Version Seasave V 7.21d
* Temperature SN = 4548
* Conductivity SN = 3062
* Number of Bytes Per Scan = 48
* Number of Voltage Words = 5
* Number of Scans Averaged by the Deck Unit = 1
* NMEA Latitude = 57 49.20 N
* NMEA Longitude = 019 33.25 E
* NMEA UTC (Time) = Nov 24 2018  06:02:38
* NMEA baud rate = 4800
** Ship: DANA
** Average sound velocity: 1442.96 m/s
** True-depth calculation Tue, 02 Apr 2019 12:13:43 +0000
** CTD Python Module SMHI /ver 3-12/ feb 2012 
** LIMS Job: 20182601-1230
** Operator: Ronny
** Cruise: 12/2018
# nquan = 26
# nvalues = 159                         
# units = specified
# name 0 = scan: Scan Count
# name 1 = prDM: Pressure, Digiquartz [db]
# name 2 = t090C: Temperature [ITS-90, deg C]
# name 3 = t190C: Temperature, 2 [ITS-90, deg C]
# name 4 = T2-T190C: Temperature Difference, 2 - 1 [ITS-90, deg C]
# name 5 = c0S/m: Conductivity [S/m]
# name 6 = c1S/m: Conductivity, 2 [S/m]
# name 7 = pumps: Pump Status
# name 8 = sbeox1ML/L: Oxygen, SBE 43, 2 [ml/l]
# name 9 = sbeox0ML/L: Oxygen, SBE 43 [ml/l]
# name 10 = altM: Altimeter [m]
# name 11 = chloroflTC0: Chlorophyll, Turner Cyclops [ug/l]
# name 12 = cpar: CPAR/Corrected Irradiance [%]
# name 13 = par: PAR/Irradiance, Biospherical/Lico [µE/(cm^2*s)]
# name 14 = spar: SPAR, Biospherical/Licor
# name 15 = sal00: Salinity, Practical [PSU]
# name 16 = sal11: Salinity, Practical, 2 [PSU]
# name 17 = secS-priS: Salinity, Practical, Difference, 2 - 1 [PSU]
# name 18 = sigma-t00: Density [sigma-t, kg/m^3 ]
# name 19 = sigma-t11: Density, 2 [sigma-t, kg/m^3 ]
# name 20 = depSM: Depth [salt water, m], lat = 57.82
# name 21 = depFM: Depth [true depth, m], lat = 57.82
# name 22 = dz/dtM: Descent Rate [m/s], WS = 2
# name 23 = svCM: Sound Velocity [Chen-Millero, m/s]
# name 24 = svCM1: Sound Velocity, 2 [Chen-Millero, m/s]
# name 25 = flag: flag
# span 0 =        261,       7663       
# span 1 =      1.000,     80.000       
# span 2 =     3.9037,     8.1654       
# span 3 =     3.8689,     8.1692       
# span 4 =    -1.1764,     0.0723       
# span 5 =   0.785450,   1.028869       
# span 6 =   0.783263,   1.030215       
# span 7 =          1,          1       
# span 8 =     0.4653,     7.5294       
# span 9 =     0.4612,     7.7056       
# span 10 =       1.29,       9.96      
# span 11 =     0.0159,     0.0240      
# span 12 = 4.9241e-11, 4.9241e-11      
# span 13 = 1.0000e-12, 1.0000e-12      
# span 14 = 2.0308e+00, 2.0308e+00      
# span 15 =     7.0613,     9.6198      
# span 16 =     7.0613,     9.6300      
# span 17 =    -0.0006,     0.1151      
# span 18 =     5.3930,     7.6007      
# span 19 =     5.3929,     7.6081      
# span 20 =      0.991,     79.244      
# span 21 =      1.013,     81.003      
# span 22 =      0.187,      0.421      
# span 23 =    1431.90,    1449.23      
# span 24 =    1431.71,    1449.35      
# span 25 = 0.0000e+00, 0.0000e+00      
# interval = decibars: 0.5              
# start_time = Nov 24 2018 06:02:38 [NMEA time, first data scan]
# bad_flag = -9.990e-29
*END*
        261      1.000     8.1374     8.1375     0.0002    0.83697    0.83693          1     7.4453     7.7056       9.96     0.0207  4.924e-11  1.000e-12  2.031e+00     7.0649     7.0645    -0.0004     5.3951     5.3948      0.991      1.013      0.187    1448.58    1448.58  0.000e+00
        342      1.500     8.1377     8.1392     0.0015    0.83697    0.83696          1     7.4547     7.6942       9.96     0.0208  4.924e-11  1.000e-12  2.031e+00     7.0648     7.0643    -0.0004     5.3950     5.3945      1.486      1.520      0.251    1448.58    1448.59  0.000e+00
        398      2.000     8.1379     8.1389     0.0010    0.83696    0.83697          1     7.4556     7.6977       9.96     0.0216  4.924e-11  1.000e-12  2.031e+00     7.0645     7.0644    -0.0001     5.3948     5.3946      1.981      2.026      0.221    1448.59    1448.60  0.000e+00
        451      2.500     8.1369     8.1385     0.0016    0.83695    0.83702          1     7.4432     7.6966       9.96     0.0208  4.924e-11  1.000e-12  2.031e+00     7.0646     7.0649     0.0003     5.3949     5.3950      2.477      2.533      0.328    1448.60    1448.60  0.000e+00
        497      3.000     8.1373     8.1397     0.0024    0.83698    0.83704          1     7.4623     7.6954       9.96     0.0212  4.924e-11  1.000e-12  2.031e+00     7.0648     7.0648     0.0000     5.3950     5.3949      2.972      3.039      0.221    1448.61    1448.61  0.000e+00
        550      3.500     8.1379     8.1391     0.0012    0.83700    0.83700          1     7.4586     7.6930       9.96     0.0210  4.924e-11  1.000e-12  2.031e+00     7.0648     7.0645    -0.0003     5.3950     5.3947      3.468      3.546      0.258    1448.62    1448.62  0.000e+00
        595      4.000     8.1380     8.1344    -0.0036    0.83700    0.83685          1     7.4526     7.6949       9.96     0.0205  4.924e-11  1.000e-12  2.031e+00     7.0647     7.0641    -0.0006     5.3949     5.3947      3.963      4.052      0.262    1448.63    1448.61  0.000e+00
        643      4.500     8.1357     8.1346    -0.0011    0.83693    0.83686          1     7.4544     7.6871       9.96     0.0220  4.924e-11  1.000e-12  2.031e+00     7.0644     7.0640    -0.0004     5.3949     5.3947      4.458      4.559      0.245    1448.62    1448.62  0.000e+00
        690      5.000     8.1340     8.1338    -0.0001    0.83687    0.83684          1     7.4618     7.6943       9.96     0.0210  4.924e-11  1.000e-12  2.031e+00     7.0642     7.0640    -0.0002     5.3949     5.3947      4.954      5.065      0.249    1448.62    1448.62  0.000e+00
        739      5.500     8.1334     8.1346     0.0011    0.83687    0.83688          1     7.4634     7.6948       9.96     0.0208  4.924e-11  1.000e-12  2.031e+00     7.0642     7.0641    -0.0001     5.3949     5.3947      5.449      5.572      0.258    1448.63    1448.63  0.000e+00
        785      6.000     8.1335     8.1368     0.0032    0.83688    0.83694          1     7.4601     7.6948       9.96     0.0208  4.924e-11  1.000e-12  2.031e+00     7.0642     7.0642    -0.0001     5.3949     5.3946      5.944      6.078      0.251    1448.64    1448.65  0.000e+00
        835      6.500     8.1351     8.1385     0.0034    0.83692    0.83700          1     7.4596     7.6928       9.96     0.0216  4.924e-11  1.000e-12  2.031e+00     7.0643     7.0642    -0.0000     5.3948     5.3945      6.440      6.585      0.240    1448.65    1448.67  0.000e+00
        884      7.000     8.1359     8.1365     0.0006    0.83695    0.83696          1     7.4608     7.6975       9.96     0.0213  4.924e-11  1.000e-12  2.031e+00     7.0643     7.0643    -0.0000     5.3948     5.3947      6.935      7.092      0.251    1448.66    1448.67  0.000e+00
        929      7.500     8.1362     8.1421     0.0059    0.83697    0.83707          1     7.4620     7.6963       9.96     0.0216  4.924e-11  1.000e-12  2.031e+00     7.0644     7.0641    -0.0002     5.3948     5.3941      7.430      7.598      0.270    1448.67    1448.70  0.000e+00
        979      8.000     8.1379     8.1415     0.0036    0.83701    0.83707          1     7.4518     7.6899       9.96     0.0221  4.924e-11  1.000e-12  2.031e+00     7.0643     7.0642    -0.0001     5.3946     5.3942      7.926      8.105      0.219    1448.69    1448.70  0.000e+00
       1030      8.500     8.1392     8.1411     0.0019    0.83704    0.83706          1     7.4519     7.7019       9.96     0.0239  4.924e-11  1.000e-12  2.031e+00     7.0643     7.0641    -0.0002     5.3945     5.3942      8.421      8.611      0.276    1448.70    1448.71  0.000e+00
       1073      9.000     8.1430     8.1432     0.0002    0.83713    0.83711          1     7.4617     7.6935       9.96     0.0213  4.924e-11  1.000e-12  2.031e+00     7.0643     7.0641    -0.0002     5.3942     5.3940      8.917      9.118      0.255    1448.72    1448.73  0.000e+00
       1128      9.500     8.1432     8.1467     0.0035    0.83713    0.83718          1     7.4551     7.6953       9.96     0.0221  4.924e-11  1.000e-12  2.031e+00     7.0642     7.0639    -0.0002     5.3941     5.3936      9.412      9.624      0.209    1448.73    1448.75  0.000e+00
       1178     10.000     8.1461     8.1469     0.0008    0.83719    0.83719          1     7.4499     7.6948       9.96     0.0223  4.924e-11  1.000e-12  2.031e+00     7.0641     7.0640    -0.0002     5.3938     5.3936      9.907     10.131      0.276    1448.75    1448.75  0.000e+00
       1222     10.500     8.1439     8.1431    -0.0009    0.83715    0.83713          1     7.4619     7.6918       9.96     0.0209  4.924e-11  1.000e-12  2.031e+00     7.0641     7.0641    -0.0000     5.3940     5.3940     10.403     10.637      0.249    1448.75    1448.75  0.000e+00
       1276     11.000     8.1423     8.1415    -0.0008    0.83713    0.83710          1     7.4479     7.6903       9.96     0.0217  4.924e-11  1.000e-12  2.031e+00     7.0642     7.0641    -0.0001     5.3942     5.3941     10.898     11.144      0.230    1448.75    1448.75  0.000e+00
       1320     11.500     8.1414     8.1414     0.0000    0.83711    0.83710          1     7.4622     7.6845       9.96     0.0209  4.924e-11  1.000e-12  2.031e+00     7.0642     7.0640    -0.0001     5.3942     5.3941     11.393     11.650      0.288    1448.76    1448.76  0.000e+00
       1367     12.000     8.1417     8.1474     0.0057    0.83713    0.83722          1     7.4526     7.6975       9.96     0.0217  4.924e-11  1.000e-12  2.031e+00     7.0642     7.0639    -0.0003     5.3942     5.3935     11.889     12.157      0.236    1448.77    1448.79  0.000e+00
       1415     12.500     8.1468     8.1500     0.0031    0.83724    0.83728          1     7.4454     7.6936       9.96     0.0213  4.924e-11  1.000e-12  2.031e+00     7.0641     7.0639    -0.0003     5.3937     5.3933     12.384     12.663      0.272    1448.80    1448.81  0.000e+00
       1462     13.000     8.1495     8.1518     0.0023    0.83729    0.83732          1     7.4481     7.6839       9.96     0.0215  4.924e-11  1.000e-12  2.031e+00     7.0640     7.0638    -0.0002     5.3934     5.3930     12.879     13.170      0.232    1448.81    1448.83  0.000e+00
       1510     13.500     8.1511     8.1528     0.0017    0.83733    0.83735          1     7.4556     7.6896       9.96     0.0216  4.924e-11  1.000e-12  2.031e+00     7.0639     7.0638    -0.0001     5.3932     5.3930     13.375     13.676      0.297    1448.83    1448.84  0.000e+00
       1552     14.000     8.1520     8.1530     0.0010    0.83735    0.83735          1     7.4532     7.6932       9.96     0.0209  4.924e-11  1.000e-12  2.031e+00     7.0639     7.0637    -0.0002     5.3931     5.3929     13.870     14.183      0.237    1448.84    1448.85  0.000e+00
       1607     14.500     8.1523     8.1528     0.0005    0.83736    0.83735          1     7.4583     7.6918       9.96     0.0218  4.924e-11  1.000e-12  2.031e+00     7.0638     7.0637    -0.0002     5.3931     5.3929     14.365     14.690      0.300    1448.85    1448.85  0.000e+00
       1640     15.000     8.1525     8.1526     0.0001    0.83737    0.83736          1     7.4639     7.6932       9.96     0.0210  4.924e-11  1.000e-12  2.031e+00     7.0638     7.0637    -0.0001     5.3930     5.3930     14.861     15.196      0.322    1448.86    1448.86  0.000e+00
       1696     15.500     8.1522     8.1525     0.0003    0.83737    0.83736          1     7.4601     7.6891       9.96     0.0208  4.924e-11  1.000e-12  2.031e+00     7.0638     7.0637    -0.0001     5.3931     5.3930     15.356     15.703      0.229    1448.87    1448.87  0.000e+00
       1738     16.000     8.1525     8.1552     0.0026    0.83739    0.83749          1     7.4534     7.6934       9.96     0.0208  4.924e-11  1.000e-12  2.031e+00     7.0639     7.0643     0.0003     5.3931     5.3932     15.851     16.209      0.381    1448.87    1448.88  0.000e+00
       1777     16.500     8.1590     8.1622     0.0032    0.83769    0.83779          1     7.4524     7.6860       9.96     0.0208  4.924e-11  1.000e-12  2.031e+00     7.0653     7.0656     0.0003     5.3936     5.3936     16.347     16.716      0.247    1448.91    1448.92  0.000e+00
       1842     17.000     8.1571     8.1607     0.0036    0.83763    0.83774          1     7.4498     7.6874       9.96     0.0213  4.924e-11  1.000e-12  2.031e+00     7.0651     7.0654     0.0003     5.3936     5.3936     16.842     17.222      0.332    1448.91    1448.92  0.000e+00
       1870     17.500     8.1654     8.1686     0.0032    0.83798    0.83807          1     7.4465     7.6903       9.96     0.0208  4.924e-11  1.000e-12  2.031e+00     7.0666     7.0667     0.0001     5.3941     5.3940     17.337     17.729      0.395    1448.96    1448.97  0.000e+00
       1916     18.000     8.1637     8.1692     0.0055    0.83790    0.83809          1     7.4461     7.6851       9.96     0.0208  4.924e-11  1.000e-12  2.031e+00     7.0661     7.0667     0.0006     5.3939     5.3939     17.833     18.235      0.218    1448.96    1448.98  0.000e+00
       1973     18.500     8.1600     8.1567    -0.0033    0.83787    0.83782          1     7.4364     7.6811       9.96     0.0211  4.924e-11  1.000e-12  2.031e+00     7.0665     7.0667     0.0002     5.3945     5.3949     18.328     18.742      0.326    1448.95    1448.94  0.000e+00
       2008     19.000     8.1479     8.1478    -0.0001    0.83756    0.83754          1     7.4459     7.6790       9.96     0.0211  4.924e-11  1.000e-12  2.031e+00     7.0660     7.0659    -0.0001     5.3951     5.3950     18.823     19.248      0.281    1448.91    1448.91  0.000e+00
       2062     19.500     8.1519     8.1476    -0.0043    0.83766    0.83754          1     7.4478     7.6818       9.96     0.0219  4.924e-11  1.000e-12  2.031e+00     7.0661     7.0659    -0.0002     5.3949     5.3951     19.319     19.755      0.235    1448.93    1448.91  0.000e+00
       2104     20.000     8.1480     8.1485     0.0005    0.83758    0.83758          1     7.4547     7.6930       9.96     0.0220  4.924e-11  1.000e-12  2.031e+00     7.0661     7.0660    -0.0001     5.3952     5.3951     19.814     20.261      0.311    1448.92    1448.93  0.000e+00
       2145     20.500     8.1490     8.1498     0.0008    0.83762    0.83763          1     7.4551     7.6874       9.96     0.0217  4.924e-11  1.000e-12  2.031e+00     7.0662     7.0661    -0.0001     5.3952     5.3951     20.309     20.768      0.264    1448.93    1448.94  0.000e+00
       2194     21.000     8.1494     8.1481    -0.0012    0.83762    0.83757          1     7.4432     7.6833       9.96     0.0209  4.924e-11  1.000e-12  2.031e+00     7.0660     7.0659    -0.0002     5.3950     5.3950     20.805     21.275      0.253    1448.95    1448.94  0.000e+00
       2236     21.500     8.1483     8.1481    -0.0002    0.83759    0.83757          1     7.4477     7.6764       9.96     0.0210  4.924e-11  1.000e-12  2.031e+00     7.0660     7.0659    -0.0001     5.3951     5.3950     21.300     21.781      0.303    1448.95    1448.95  0.000e+00
       2280     22.000     8.1481     8.1481     0.0001    0.83760    0.83759          1     7.4541     7.6812       9.96     0.0216  4.924e-11  1.000e-12  2.031e+00     7.0660     7.0660    -0.0001     5.3951     5.3951     21.795     22.288      0.244    1448.95    1448.95  0.000e+00
       2331     22.500     8.1397     8.1384    -0.0012    0.83735    0.83733          1     7.4587     7.6854       9.96     0.0214  4.924e-11  1.000e-12  2.031e+00     7.0654     7.0655     0.0001     5.3953     5.3955     22.291     22.794      0.258    1448.93    1448.92  0.000e+00
       2374     23.000     8.1362     8.1364     0.0002    0.83727    0.83727          1     7.4563     7.6849       9.96     0.0214  4.924e-11  1.000e-12  2.031e+00     7.0653     7.0653    -0.0000     5.3956     5.3955     22.786     23.301      0.271    1448.92    1448.92  0.000e+00
       2419     23.500     8.1344     8.1361     0.0017    0.83723    0.83727          1     7.4574     7.6861       9.96     0.0209  4.924e-11  1.000e-12  2.031e+00     7.0653     7.0653    -0.0000     5.3957     5.3955     23.281     23.807      0.279    1448.92    1448.93  0.000e+00
       2461     24.000     8.1359     8.1362     0.0003    0.83729    0.83728          1     7.4508     7.6843       9.96     0.0211  4.924e-11  1.000e-12  2.031e+00     7.0655     7.0653    -0.0001     5.3957     5.3955     23.777     24.314      0.269    1448.94    1448.94  0.000e+00
       2511     24.500     8.1374     8.1360    -0.0014    0.83735    0.83730          1     7.4622     7.6860       9.96     0.0218  4.924e-11  1.000e-12  2.031e+00     7.0656     7.0654    -0.0002     5.3957     5.3957     24.272     24.820      0.250    1448.95    1448.94  0.000e+00
       2550     25.000     8.1326     8.1328     0.0002    0.83721    0.83721          1     7.4505     7.6865       9.96     0.0208  4.924e-11  1.000e-12  2.031e+00     7.0653     7.0652    -0.0001     5.3958     5.3958     24.767     25.327      0.327    1448.94    1448.94  0.000e+00
       2595     25.500     8.1321     8.1317    -0.0004    0.83721    0.83720          1     7.4498     7.6895       9.96     0.0213  4.924e-11  1.000e-12  2.031e+00     7.0653     7.0653    -0.0000     5.3959     5.3959     25.263     25.833      0.223    1448.95    1448.94  0.000e+00
       2649     26.000     8.1248     8.1239    -0.0009    0.83698    0.83696          1     7.4575     7.6884       9.96     0.0218  4.924e-11  1.000e-12  2.031e+00     7.0647     7.0647    -0.0000     5.3960     5.3960     25.758     26.340      0.302    1448.92    1448.92  0.000e+00
       2683     26.500     8.1269     8.1271     0.0002    0.83707    0.83705          1     7.4680     7.6902       9.96     0.0207  4.924e-11  1.000e-12  2.031e+00     7.0650     7.0648    -0.0002     5.3960     5.3959     26.253     26.846      0.307    1448.94    1448.94  0.000e+00
       2737     27.000     8.1223     8.1219    -0.0003    0.83692    0.83693          1     7.4653     7.6867       9.96     0.0211  4.924e-11  1.000e-12  2.031e+00     7.0645     7.0647     0.0002     5.3961     5.3962     26.748     27.353      0.222    1448.93    1448.93  0.000e+00
       2782     27.500     8.1008     8.1039     0.0030    0.83629    0.83640          1     7.4486     7.6908       9.96     0.0208  4.924e-11  1.000e-12  2.031e+00     7.0630     7.0634     0.0004     5.3967     5.3967     27.244     27.859      0.366    1448.85    1448.86  0.000e+00
       2814     28.000     8.0920     8.0935     0.0015    0.83608    0.83612          1     7.4504     7.7000       9.96     0.0203  4.924e-11  1.000e-12  2.031e+00     7.0628     7.0629     0.0001     5.3972     5.3971     27.739     28.366      0.295    1448.82    1448.82  0.000e+00
