ctdpy/exports/archive_20191121_122431/received_data/SBE09_0827_20180121_1116_26_01_0145.cnv
* Sea-Bird SBE 9 Data File:
* FileName = D:\CTD_SBE911\DAT\26DA.2018.1.45.hex
* Software Version Seasave V 7.21d
* Temperature SN = 034757
* Conductivity SN = 041844
* Number of Bytes Per Scan = 48
* Number of Voltage Words = 5
* Number of Scans Averaged by the Deck Unit = 1
* NMEA Latitude = 57 59.40 N
* NMEA Longitude = 009 54.41 E
* NMEA UTC (Time) = Jan 21 2018  11:16:22
* NMEA baud rate = 4800
** Ship: DANA
** Average sound velocity: 1478.24 m/s
** True-depth calculation Thu, 28 Mar 2019 08:25:29 +0000
** CTD Python Module SMHI /ver 3-12/ feb 2012 
** LIMS Job: 20182601-0145
** Operator:
** Cruise: 01/2018
# nquan = 26
# nvalues = 206                         
# units = specified
# name 0 = scan: Scan Count
# name 1 = prDM: Pressure, Digiquartz [db]
# name 2 = t090C: Temperature [ITS-90, deg C]
# name 3 = t190C: Temperature, 2 [ITS-90, deg C]
# name 4 = T2-T190C: Temperature Difference, 2 - 1 [ITS-90, deg C]
# name 5 = c0S/m: Conductivity [S/m]
# name 6 = c1S/m: Conductivity, 2 [S/m]
# name 7 = pumps: Pump Status
# name 8 = sbeox1ML/L: Oxygen, SBE 43, 2 [ml/l]
# name 9 = sbeox0ML/L: Oxygen, SBE 43 [ml/l]
# name 10 = altM: Altimeter [m]
# name 11 = chloroflTC0: Chlorophyll, Turner Cyclops [ug/l]
# name 12 = cpar: CPAR/Corrected Irradiance [%]
# name 13 = par: PAR/Irradiance, Biospherical/Lico [µE/(cm^2*s)]
# name 14 = spar: SPAR, Biospherical/Licor
# name 15 = sal00: Salinity, Practical [PSU]
# name 16 = sal11: Salinity, Practical, 2 [PSU]
# name 17 = secS-priS: Salinity, Practical, Difference, 2 - 1 [PSU]
# name 18 = sigma-t00: Density [sigma-t, kg/m^3 ]
# name 19 = sigma-t11: Density, 2 [sigma-t, kg/m^3 ]
# name 20 = depSM: Depth [salt water, m], lat = 57.99
# name 21 = depFM: Depth [true depth, m], lat = 57.99
# name 22 = dz/dtM: Descent Rate [m/s], WS = 2
# name 23 = svCM: Sound Velocity [Chen-Millero, m/s]
# name 24 = svCM1: Sound Velocity, 2 [Chen-Millero, m/s]
# name 25 = flag: flag
# span 0 =        314,      10919       
# span 1 =      2.000,    104.500       
# span 2 =     6.7882,     6.8171       
# span 3 =     6.7878,     6.8167       
# span 4 =    -0.0044,     0.0031       
# span 5 =   3.470923,   3.475460       
# span 6 =   3.471141,   3.475662       
# span 7 =          1,          1       
# span 8 =     6.0510,     6.2058       
# span 9 =     6.2449,     6.3004       
# span 10 =       1.23,      10.00      
# span 11 =     0.0226,     0.0398      
# span 12 = 1.7277e-13, 4.4797e+00      
# span 13 = 1.0000e-12, 2.3668e+01      
# span 14 = 5.0566e+02, 5.7879e+02      
# span 15 =    34.5676,    34.5698      
# span 16 =    34.5703,    34.5730      
# span 17 =     0.0021,     0.0036      
# span 18 =    27.1047,    27.1074      
# span 19 =    27.1070,    27.1099      
# span 20 =      1.981,    103.506      
# span 21 =      1.983,    103.628      
# span 22 =      0.184,      0.447      
# span 23 =    1477.37,    1479.01      
# span 24 =    1477.36,    1479.01      
# span 25 = 0.0000e+00, 0.0000e+00      
# interval = decibars: 0.5              
# start_time = Jan 21 2018 11:16:22 [NMEA time, first data scan]
# bad_flag = -9.990e-29
*END*
        314      2.000     6.7973     6.7965    -0.0008    3.47092    3.47114          1     6.0725     6.2838      10.00     0.0241  4.480e+00  2.367e+01  5.283e+02    34.5688    34.5719     0.0031    27.1069    27.1095      1.981      1.983      0.184    1477.37    1477.36  0.000e+00
        841      2.500     6.7978     6.7969    -0.0009    3.47100    3.47120          1     6.0510     6.2807       9.99     0.0248  3.889e+00  2.044e+01  5.256e+02    34.5688    34.5719     0.0031    27.1069    27.1094      2.477      2.479      0.333    1477.38    1477.38  0.000e+00
        892      3.000     6.7973     6.7968    -0.0005    3.47097    3.47121          1     6.1219     6.2797       9.99     0.0241  3.442e+00  1.801e+01  5.234e+02    34.5688    34.5719     0.0031    27.1069    27.1094      2.972      2.975      0.294    1477.38    1477.38  0.000e+00
        928      3.500     6.7973     6.7958    -0.0015    3.47100    3.47117          1     6.1370     6.2793       9.99     0.0236  2.995e+00  1.564e+01  5.223e+02    34.5689    34.5723     0.0034    27.1070    27.1099      3.468      3.471      0.343    1477.39    1477.39  0.000e+00
        977      4.000     6.7972     6.7956    -0.0016    3.47100    3.47115          1     6.1388     6.2837       9.98     0.0233  2.665e+00  1.397e+01  5.241e+02    34.5687    34.5719     0.0033    27.1068    27.1096      3.963      3.967      0.203    1477.40    1477.39  0.000e+00
       1038      4.500     6.7973     6.7971    -0.0002    3.47103    3.47129          1     6.1331     6.2793       9.98     0.0235  2.346e+00  1.230e+01  5.244e+02    34.5687    34.5718     0.0031    27.1068    27.1093      4.458      4.462      0.344    1477.41    1477.41  0.000e+00
       1070      5.000     6.7977     6.7956    -0.0021    3.47109    3.47122          1     6.1408     6.3004       9.98     0.0226  2.077e+00  1.092e+01  5.255e+02    34.5687    34.5722     0.0035    27.1068    27.1098      4.954      4.958      0.296    1477.42    1477.41  0.000e+00
       1126      5.500     6.7977     6.7955    -0.0022    3.47114    3.47124          1     6.0965     6.2832       9.97     0.0229  1.841e+00  9.645e+00  5.238e+02    34.5689    34.5723     0.0033    27.1070    27.1099      5.449      5.454      0.271    1477.42    1477.42  0.000e+00
       1159      6.000     6.7973     6.7956    -0.0017    3.47112    3.47126          1     6.1498     6.2796       9.97     0.0230  1.653e+00  8.629e+00  5.220e+02    34.5689    34.5721     0.0032    27.1070    27.1097      5.944      5.950      0.400    1477.43    1477.43  0.000e+00
       1196      6.500     6.7974     6.7966    -0.0009    3.47115    3.47135          1     6.1700     6.2810       9.97     0.0251  1.453e+00  7.569e+00  5.207e+02    34.5688    34.5718     0.0030    27.1069    27.1094      6.440      6.446      0.260    1477.44    1477.44  0.000e+00
       1247      7.000     6.7977     6.7970    -0.0008    3.47121    3.47143          1     6.1282     6.2821       9.97     0.0255  1.327e+00  6.896e+00  5.199e+02    34.5690    34.5721     0.0031    27.1070    27.1095      6.935      6.942      0.291    1477.45    1477.45  0.000e+00
       1285      7.500     6.7977     6.7972    -0.0006    3.47123    3.47147          1     6.1386     6.2857       9.96     0.0227  1.159e+00  6.025e+00  5.199e+02    34.5689    34.5720     0.0031    27.1070    27.1095      7.430      7.437      0.264    1477.46    1477.46  0.000e+00
       1342      8.000     6.7977     6.7974    -0.0004    3.47125    3.47150          1     6.1427     6.2910       9.96     0.0233  1.038e+00  5.416e+00  5.218e+02    34.5688    34.5720     0.0032    27.1069    27.1094      7.926      7.933      0.243    1477.46    1477.47  0.000e+00
       1383      8.500     6.7977     6.7972    -0.0006    3.47128    3.47152          1     6.1460     6.2867       9.96     0.0240  9.503e-01  4.960e+00  5.220e+02    34.5690    34.5721     0.0031    27.1070    27.1096      8.421      8.429      0.305    1477.47    1477.47  0.000e+00
       1428      9.000     6.7975     6.7976     0.0002    3.47129    3.47156          1     6.1675     6.2839       9.96     0.0265  8.271e-01  4.308e+00  5.209e+02    34.5690    34.5719     0.0029    27.1071    27.1093      8.916      8.925      0.242    1477.48    1477.48  0.000e+00
       1475      9.500     6.7974     6.7985     0.0011    3.47129    3.47166          1     6.1629     6.2866       9.96     0.0248  7.419e-01  3.849e+00  5.189e+02    34.5689    34.5718     0.0029    27.1070    27.1092      9.412      9.421      0.308    1477.49    1477.50  0.000e+00
       1513     10.000     6.7981     6.7981     0.0000    3.47139    3.47168          1     6.1669     6.2830       9.96     0.0248  6.696e-01  3.468e+00  5.180e+02    34.5690    34.5723     0.0032    27.1070    27.1096      9.907      9.917      0.278    1477.50    1477.50  0.000e+00
       1578     10.500     6.8004     6.8006     0.0002    3.47164    3.47190          1     6.1582     6.2842       9.96     0.0247  6.096e-01  3.168e+00  5.196e+02    34.5693    34.5719     0.0027    27.1069    27.1089     10.402     10.412      0.211    1477.52    1477.52  0.000e+00
       1633     11.000     6.8021     6.8018    -0.0002    3.47180    3.47204          1     6.1537     6.2850       9.96     0.0248  5.388e-01  2.801e+00  5.199e+02    34.5691    34.5720     0.0028    27.1065    27.1088     10.898     10.908      0.292    1477.53    1477.53  0.000e+00
       1673     11.500     6.8031     6.8037     0.0006    3.47193    3.47221          1     6.1627     6.2762       9.96     0.0232  4.846e-01  2.519e+00  5.198e+02    34.5692    34.5718     0.0025    27.1065    27.1084     11.393     11.404      0.257    1477.54    1477.55  0.000e+00
       1732     12.000     6.8068     6.8046    -0.0022    3.47230    3.47234          1     6.1515     6.2763       9.95     0.0239  4.505e-01  2.341e+00  5.197e+02    34.5694    34.5720     0.0027    27.1061    27.1085     11.888     11.900      0.215    1477.57    1477.56  0.000e+00
       1781     12.500     6.8060     6.8049    -0.0010    3.47225    3.47239          1     6.1608     6.2723       9.95     0.0231  3.956e-01  2.048e+00  5.179e+02    34.5694    34.5720     0.0026    27.1062    27.1084     12.384     12.396      0.269    1477.57    1477.57  0.000e+00
       1824     13.000     6.8056     6.8087     0.0031    3.47223    3.47270          1     6.1410     6.2778       9.95     0.0237  3.499e-01  1.812e+00  5.179e+02    34.5692    34.5713     0.0021    27.1061    27.1073     12.879     12.892      0.285    1477.58    1477.59  0.000e+00
       1868     13.500     6.8077     6.8100     0.0023    3.47246    3.47292          1     6.1442     6.2748       9.95     0.0244  3.214e-01  1.664e+00  5.179e+02    34.5694    34.5722     0.0029    27.1060    27.1079     13.375     13.387      0.227    1477.59    1477.61  0.000e+00
       1940     14.000     6.8082     6.8074    -0.0008    3.47252    3.47269          1     6.1550     6.2764       9.95     0.0244  2.797e-01  1.448e+00  5.179e+02    34.5693    34.5720     0.0027    27.1058    27.1081     13.870     13.883      0.247    1477.61    1477.61  0.000e+00
       1980     14.500     6.8073     6.8069    -0.0004    3.47245    3.47266          1     6.1674     6.2789       9.95     0.0244  2.485e-01  1.287e+00  5.179e+02    34.5691    34.5719     0.0028    27.1058    27.1081     14.365     14.379      0.362    1477.61    1477.61  0.000e+00
       2019     15.000     6.8079     6.8068    -0.0010    3.47251    3.47271          1     6.1789     6.2769       9.95     0.0247  2.202e-01  1.140e+00  5.178e+02    34.5690    34.5723     0.0033    27.1057    27.1084     14.860     14.875      0.240    1477.62    1477.62  0.000e+00
       2093     15.500     6.8095     6.8092    -0.0003    3.47270    3.47291          1     6.1261     6.2709       9.95     0.0253  1.967e-01  1.016e+00  5.167e+02    34.5693    34.5718     0.0026    27.1056    27.1077     15.356     15.371      0.297    1477.63    1477.64  0.000e+00
       2123     16.000     6.8088     6.8100     0.0012    3.47264    3.47302          1     6.1344     6.2757       9.95     0.0245  1.718e-01  8.830e-01  5.139e+02    34.5691    34.5721     0.0031    27.1056    27.1078     15.851     15.867      0.379    1477.64    1477.65  0.000e+00
       2159     16.500     6.8094     6.8110     0.0016    3.47272    3.47315          1     6.1749     6.2720       9.95     0.0250  1.480e-01  7.607e-01  5.141e+02    34.5691    34.5722     0.0030    27.1055    27.1077     16.346     16.362      0.224    1477.65    1477.66  0.000e+00
       2237     17.000     6.8085     6.8077    -0.0007    3.47266    3.47287          1     6.1394     6.2827       9.95     0.0260  1.326e-01  6.841e-01  5.158e+02    34.5691    34.5722     0.0030    27.1056    27.1082     16.842     16.858      0.230    1477.66    1477.66  0.000e+00
       2285     17.500     6.8074     6.8071    -0.0003    3.47256    3.47282          1     6.1483     6.2743       9.95     0.0247  1.145e-01  5.907e-01  5.158e+02    34.5689    34.5720     0.0032    27.1056    27.1081     17.337     17.354      0.285    1477.66    1477.66  0.000e+00
       2325     18.000     6.8078     6.8079     0.0001    3.47265    3.47294          1     6.1817     6.2817       9.95     0.0255  9.876e-02  5.094e-01  5.158e+02    34.5692    34.5723     0.0031    27.1058    27.1082     17.832     17.850      0.278    1477.67    1477.67  0.000e+00
       2383     18.500     6.8080     6.8076    -0.0004    3.47269    3.47293          1     6.1711     6.2792       9.95     0.0267  8.548e-02  4.396e-01  5.142e+02    34.5692    34.5722     0.0030    27.1058    27.1082     18.328     18.346      0.203    1477.68    1477.68  0.000e+00
       2432     19.000     6.8079     6.8072    -0.0007    3.47271    3.47293          1     6.1711     6.2761       9.95     0.0262  7.357e-02  3.775e-01  5.131e+02    34.5692    34.5723     0.0031    27.1058    27.1084     18.823     18.841      0.338    1477.69    1477.69  0.000e+00
       2465     19.500     6.8077     6.8063    -0.0014    3.47270    3.47286          1     6.1710     6.2779       9.95     0.0255  6.123e-02  3.139e-01  5.127e+02    34.5691    34.5723     0.0032    27.1057    27.1084     19.318     19.337      0.326    1477.69    1477.69  0.000e+00
       2535     20.000     6.8068     6.8061    -0.0007    3.47264    3.47286          1     6.1736     6.2791       9.95     0.0254  5.201e-02  2.674e-01  5.142e+02    34.5690    34.5721     0.0031    27.1058    27.1083     19.814     19.833      0.206    1477.70    1477.70  0.000e+00
       2595     20.500     6.8074     6.8076     0.0002    3.47273    3.47300          1     6.1686     6.2720       9.95     0.0260  4.169e-02  2.142e-01  5.138e+02    34.5692    34.5720     0.0028    27.1059    27.1081     20.309     20.329      0.308    1477.71    1477.71  0.000e+00
       2628     21.000     6.8088     6.8089     0.0001    3.47288    3.47314          1     6.1808     6.2765       9.95     0.0264  3.340e-02  1.716e-01  5.138e+02    34.5692    34.5720     0.0027    27.1057    27.1079     20.804     20.825      0.350    1477.72    1477.73  0.000e+00
       2667     21.500     6.8093     6.8082    -0.0011    3.47296    3.47316          1     6.1629     6.2758       9.95     0.0268  2.641e-02  1.357e-01  5.137e+02    34.5693    34.5727     0.0034    27.1057    27.1085     21.300     21.321      0.220    1477.73    1477.73  0.000e+00
       2739     22.000     6.8080     6.8072    -0.0007    3.47285    3.47305          1     6.1728     6.2720       9.95     0.0269  2.070e-02  1.059e-01  5.117e+02    34.5692    34.5721     0.0029    27.1058    27.1082     21.795     21.816      0.260    1477.73    1477.73  0.000e+00
       2775     22.500     6.8083     6.8081    -0.0001    3.47290    3.47312          1     6.1521     6.2683       9.95     0.0251  1.378e-02  7.051e-02  5.118e+02    34.5692    34.5718     0.0026    27.1057    27.1078     22.290     22.312      0.327    1477.74    1477.75  0.000e+00
       2819     23.000     6.8089     6.8116     0.0027    3.47301    3.47352          1     6.1793     6.2717       9.95     0.0252  7.494e-03  3.835e-02  5.118e+02    34.5695    34.5725     0.0030    27.1059    27.1079     22.786     22.808      0.195    1477.76    1477.77  0.000e+00
       2894     23.500     6.8111     6.8103    -0.0007    3.47323    3.47345          1     6.1489     6.2827       9.95     0.0278  3.507e-03  1.795e-02  5.119e+02    34.5695    34.5726     0.0032    27.1056    27.1082     23.281     23.304      0.289    1477.77    1477.77  0.000e+00
       2929     24.000     6.8103     6.8099    -0.0004    3.47317    3.47341          1     6.1569     6.2785       9.95     0.0280  1.393e-04  7.130e-04  5.118e+02    34.5694    34.5725     0.0031    27.1056    27.1081     23.776     23.800      0.302    1477.78    1477.78  0.000e+00
       2982     24.500     6.8105     6.8097    -0.0007    3.47322    3.47343          1     6.1791     6.2761       9.95     0.0297  3.154e-07  1.614e-06  5.118e+02    34.5695    34.5725     0.0030    27.1057    27.1082     24.272     24.296      0.230    1477.79    1477.79  0.000e+00
       3027     25.000     6.8104     6.8101    -0.0003    3.47323    3.47347          1     6.1926     6.2733       9.95     0.0301  1.956e-13  1.000e-12  5.114e+02    34.5695    34.5724     0.0029    27.1057    27.1080     24.767     24.791      0.276    1477.79    1477.80  0.000e+00
       3085     25.500     6.8119     6.8115    -0.0004    3.47340    3.47361          1     6.1932     6.2776       9.95     0.0298  1.961e-13  1.000e-12  5.099e+02    34.5696    34.5723     0.0027    27.1055    27.1077     25.262     25.287      0.233    1477.81    1477.81  0.000e+00
       3127     26.000     6.8125     6.8123    -0.0002    3.47347    3.47371          1     6.1665     6.2806       9.95     0.0293  1.963e-13  1.000e-12  5.093e+02    34.5695    34.5723     0.0028    27.1054    27.1076     25.757     25.783      0.311    1477.82    1477.82  0.000e+00
       3179     26.500     6.8125     6.8121    -0.0005    3.47350    3.47373          1     6.1705     6.2732       9.95     0.0315  1.962e-13  1.000e-12  5.097e+02    34.5695    34.5726     0.0031    27.1054    27.1079     26.253     26.279      0.207    1477.83    1477.83  0.000e+00
       3235     27.000     6.8121     6.8116    -0.0005    3.47349    3.47371          1     6.1715     6.2700       9.95     0.0321  1.962e-13  1.000e-12  5.097e+02    34.5696    34.5725     0.0030    27.1055    27.1079     26.748     26.775      0.270    1477.83    1477.84  0.000e+00
       3277     27.500     6.8123     6.8119    -0.0004    3.47352    3.47376          1     6.1668     6.2741       9.95     0.0296  1.962e-13  1.000e-12  5.097e+02    34.5695    34.5725     0.0030    27.1055    27.1079     27.243     27.271      0.261    1477.84    1477.84  0.000e+00
       3331     28.000     6.8122     6.8118    -0.0004    3.47354    3.47377          1     6.1732     6.2874       9.95     0.0302  1.968e-13  1.000e-12  5.082e+02    34.5695    34.5725     0.0030    27.1055    27.1079     27.739     27.766      0.222    1477.85    1477.85  0.000e+00
       3375     28.500     6.8122     6.8121    -0.0001    3.47356    3.47382          1     6.1787     6.2725       9.95     0.0310  1.970e-13  1.000e-12  5.077e+02    34.5695    34.5725     0.0029    27.1054    27.1078     28.234     28.262      0.316    1477.86    1477.86  0.000e+00
       3424     29.000     6.8131     6.8131    -0.0001    3.47368    3.47393          1     6.1810     6.2705       9.95     0.0302  1.966e-13  1.000e-12  5.086e+02    34.5696    34.5725     0.0029    27.1054    27.1077     28.729     28.758      0.212    1477.87    1477.87  0.000e+00
