ctdpy/exports/archive_20191121_122431/received_data/SBE09_0827_20180903_0113_26_01_0952.cnv
* Sea-Bird SBE 9 Data File:
* FileName = D:\CTD_SBE911\DAT\26DA.2018.9.2.hex
* Software Version Seasave V 7.21d
* Temperature SN = 034605
* Conductivity SN = 041844
* Number of Bytes Per Scan = 48
* Number of Voltage Words = 5
* Number of Scans Averaged by the Deck Unit = 1
* NMEA Latitude = 55 52.05 N
* NMEA Longitude = 012 44.89 E
* NMEA UTC (Time) = Sep 03 2018  01:16:09
* NMEA baud rate = 4800
** Ship: DANA
** Average sound velocity: 1489.81 m/s
** True-depth calculation Wed, 03 Apr 2019 09:22:08 +0000
** CTD Python Module SMHI /ver 3-12/ feb 2012 
** LIMS Job: 20182601-0952
**  W LANDSKRONA
** Operator: Christian JKro
** Cruise: 09/2018
# nquan = 26
# nvalues = 90                          
# units = specified
# name 0 = scan: Scan Count
# name 1 = prDM: Pressure, Digiquartz [db]
# name 2 = t090C: Temperature [ITS-90, deg C]
# name 3 = t190C: Temperature, 2 [ITS-90, deg C]
# name 4 = T2-T190C: Temperature Difference, 2 - 1 [ITS-90, deg C]
# name 5 = c0S/m: Conductivity [S/m]
# name 6 = c1S/m: Conductivity, 2 [S/m]
# name 7 = pumps: Pump Status
# name 8 = sbeox1ML/L: Oxygen, SBE 43, 2 [ml/l]
# name 9 = sbeox0ML/L: Oxygen, SBE 43 [ml/l]
# name 10 = altM: Altimeter [m]
# name 11 = chloroflTC0: Chlorophyll, Turner Cyclops [ug/l]
# name 12 = cpar: CPAR/Corrected Irradiance [%]
# name 13 = par: PAR/Irradiance, Biospherical/Lico [µE/(cm^2*s)]
# name 14 = spar: SPAR, Biospherical/Licor
# name 15 = sal00: Salinity, Practical [PSU]
# name 16 = sal11: Salinity, Practical, 2 [PSU]
# name 17 = secS-priS: Salinity, Practical, Difference, 2 - 1 [PSU]
# name 18 = sigma-t00: Density [sigma-t, kg/m^3 ]
# name 19 = sigma-t11: Density, 2 [sigma-t, kg/m^3 ]
# name 20 = depSM: Depth [salt water, m], lat = 55.8675
# name 21 = depFM: Depth [true depth, m], lat = 55.8675
# name 22 = dz/dtM: Descent Rate [m/s], WS = 2
# name 23 = svCM: Sound Velocity [Chen-Millero, m/s]
# name 24 = svCM1: Sound Velocity, 2 [Chen-Millero, m/s]
# name 25 = flag: flag
# span 0 =        436,       6802       
# span 1 =      2.000,     46.500       
# span 2 =     9.9251,    17.5934       
# span 3 =     9.9327,    17.5888       
# span 4 =    -0.0459,     0.8911       
# span 5 =   1.407657,   3.571170       
# span 6 =   1.408048,   3.573495       
# span 7 =          1,          1       
# span 8 =     2.7977,     6.5916       
# span 9 =     2.6447,     6.2988       
# span 10 =       2.04,       9.97      
# span 11 =     0.0712,     0.3057      
# span 12 = 4.9241e-11, 4.9241e-11      
# span 13 = 1.0000e-12, 1.0000e-12      
# span 14 = 2.0308e+00, 2.0308e+00      
# span 15 =     9.6758,    32.6221      
# span 16 =     9.6771,    32.6176      
# span 17 =    -2.5889,     0.0392      
# span 18 =     6.0745,    25.1081      
# span 19 =     6.0744,    25.1033      
# span 20 =      1.982,     46.072      
# span 21 =      2.025,     46.523      
# span 22 =     -0.268,      0.326      
# span 23 =    1485.63,    1498.05      
# span 24 =    1485.63,    1497.75      
# span 25 = 0.0000e+00, 0.0000e+00      
# interval = decibars: 0.5              
# start_time = Sep 03 2018 01:16:09 [NMEA time, first data scan]
# bad_flag = -9.990e-29
*END*
[from data line 56]
       3014     30.000    10.4813    10.8104     0.3291    3.56719    3.56763          1     2.9505     2.8972       9.97     0.1077  4.924e-11  1.000e-12  2.031e+00    32.0944    31.8109    -0.2835    24.6033    24.3261     29.725     30.126      0.292    1488.52    1489.35  0.000e+00
       3055     30.500    10.3516    10.6841     0.3324    3.56820    3.57058          1     2.9474     2.9590       9.97     0.1059  4.924e-11  1.000e-12  2.031e+00    32.2190    31.9500    -0.2690    24.7223    24.4561     30.221     30.623      0.289    1488.22    1489.08  0.000e+00
       3097     31.000    10.2932    10.5507     0.2576    3.56854    3.57147          1     2.9349     2.9800       9.97     0.0968  4.924e-11  1.000e-12  2.031e+00    32.2740    32.0756    -0.1984    24.7750    24.5768     30.716     31.120      0.282    1488.08    1488.76  0.000e+00
       3140     31.500    10.2898    10.4726     0.1828    3.56872    3.57244          1     2.9376     2.9749       9.97     0.0992  4.924e-11  1.000e-12  2.031e+00    32.2786    32.1539    -0.1247    24.7792    24.6511     31.211     31.617      0.273    1488.08    1488.59  0.000e+00
       3185     32.000    10.2876    10.4001     0.1125    3.56892    3.57349          1     2.9579     2.9723       9.97     0.0986  4.924e-11  1.000e-12  2.031e+00    32.2823    32.2284    -0.0539    24.7825    24.7215     31.707     32.114      0.269    1488.09    1488.43  0.000e+00
       3229     32.500    10.2743    10.3479     0.0736    3.56968    3.57331          1     2.9687     2.9863       9.97     0.0923  4.924e-11  1.000e-12  2.031e+00    32.3016    32.2727    -0.0289    24.7998    24.7649     32.202     32.611      0.272    1488.07    1488.30  0.000e+00
       3273     33.000    10.2728    10.3265     0.0537    3.56979    3.57293          1     2.9804     2.9937       9.97     0.0882  4.924e-11  1.000e-12  2.031e+00    32.3038    32.2876    -0.0163    24.8018    24.7800     32.697     33.108      0.278    1488.08    1488.25  0.000e+00
       3316     33.500    10.2705    10.3202     0.0498    3.56985    3.57335          1     2.9852     2.9930       9.97     0.0963  4.924e-11  1.000e-12  2.031e+00    32.3063    32.2972    -0.0091    24.8041    24.7886     33.193     33.605      0.278    1488.08    1488.25  0.000e+00
       3359     34.000    10.2696    10.3143     0.0447    3.56996    3.57341          1     2.9859     2.9947       9.97     0.0915  4.924e-11  1.000e-12  2.031e+00    32.3079    32.3029    -0.0050    24.8055    24.7941     33.688     34.101      0.275    1488.09    1488.24  0.000e+00
       3404     34.500    10.2660    10.3007     0.0348    3.57005    3.57335          1     2.9856     3.0119       9.97     0.0884  4.924e-11  1.000e-12  2.031e+00    32.3118    32.3142     0.0023    24.8092    24.8051     34.184     34.598      0.264    1488.09    1488.21  0.000e+00
       3450     35.000    10.2558    10.2932     0.0374    3.57013    3.57306          1     3.0049     3.0172       9.97     0.0889  4.924e-11  1.000e-12  2.031e+00    32.3215    32.3176    -0.0038    24.8184    24.8091     34.679     35.095      0.261    1488.07    1488.20  0.000e+00
       3496     35.500    10.1933    10.2863     0.0930    3.57009    3.57292          1     3.0203     3.0195       9.97     0.0887  4.924e-11  1.000e-12  2.031e+00    32.3766    32.3223    -0.0543    24.8719    24.8139     35.174     35.592      0.262    1487.92    1488.19  0.000e+00
       3541     36.000    10.1546    10.2638     0.1092    3.56971    3.57243          1     3.0251     3.0033       9.97     0.0901  4.924e-11  1.000e-12  2.031e+00    32.4071    32.3370    -0.0701    24.9021    24.8292     35.670     36.089      0.267    1487.83    1488.13  0.000e+00
       3585     36.500    10.1363    10.2417     0.1055    3.56940    3.57264          1     3.0415     3.0003       9.97     0.0884  4.924e-11  1.000e-12  2.031e+00    32.4202    32.3587    -0.0615    24.9154    24.8497     36.165     36.586      0.279    1487.78    1488.09  0.000e+00
       3627     37.000    10.0857    10.2049     0.1192    3.56926    3.57231          1     3.0381     3.0497       9.97     0.0861  4.924e-11  1.000e-12  2.031e+00    32.4639    32.3880    -0.0759    24.9580    24.8788     36.660     37.083      0.300    1487.66    1488.00  0.000e+00
       3666     37.500    10.0515    10.1521     0.1007    3.56927    3.57190          1     3.0334     3.0620       9.97     0.0924  4.924e-11  1.000e-12  2.031e+00    32.4946    32.4308    -0.0637    24.9876    24.9211     37.156     37.580      0.300    1487.59    1487.87  0.000e+00
       3708     38.000    10.0305    10.1100     0.0796    3.56926    3.57163          1     3.0423     3.0851       9.97     0.0939  4.924e-11  1.000e-12  2.031e+00    32.5130    32.4656    -0.0474    25.0054    24.9552     37.651     38.077      0.278    1487.54    1487.77  0.000e+00
       3752     38.500    10.0131    10.0925     0.0794    3.56935    3.57162          1     3.0598     3.0925       9.80     0.0978  4.924e-11  1.000e-12  2.031e+00    32.5294    32.4810    -0.0484    25.0211    24.9701     38.147     38.574      0.265    1487.51    1487.73  0.000e+00
       3797     39.000    10.0049    10.0617     0.0568    3.56991    3.57150          1     3.0541     3.1470       9.33     0.0918  4.924e-11  1.000e-12  2.031e+00    32.5423    32.5072    -0.0351    25.0325    24.9957     38.642     39.070      0.266    1487.50    1487.66  0.000e+00
       3844     39.500    10.0004    10.0449     0.0445    3.57044    3.57153          1     3.0829     3.2066       8.85     0.0872  4.924e-11  1.000e-12  2.031e+00    32.5515    32.5225    -0.0290    25.0405    25.0104     39.137     39.567      0.258    1487.50    1487.63  0.000e+00
       3889     40.000    10.0032    10.0326     0.0293    3.57039    3.57153          1     3.1056     3.1913       8.35     0.0843  4.924e-11  1.000e-12  2.031e+00    32.5482    32.5333    -0.0148    25.0374    25.0209     39.633     40.064      0.267    1487.52    1487.60  0.000e+00
       3933     40.500    10.0043    10.0226     0.0183    3.57049    3.57172          1     3.1121     3.1894       7.86     0.0780  4.924e-11  1.000e-12  2.031e+00    32.5479    32.5440    -0.0039    25.0370    25.0309     40.128     40.561      0.281    1487.53    1487.59  0.000e+00
       3975     41.000    10.0060    10.0159     0.0100    3.57059    3.57178          1     3.1435     3.1950       7.37     0.0797  4.924e-11  1.000e-12  2.031e+00    32.5473    32.5504     0.0031    25.0363    25.0371     40.623     41.058      0.291    1487.54    1487.58  0.000e+00
       4016     41.500    10.0067    10.0132     0.0065    3.57064    3.57178          1     3.1610     3.1950       6.87     0.1378  4.924e-11  1.000e-12  2.031e+00    32.5470    32.5527     0.0057    25.0359    25.0393     41.119     41.555      0.290    1487.55    1487.58  0.000e+00
       4059     42.000    10.0040    10.0134     0.0094    3.57070    3.57187          1     3.1794     3.2018       6.37     0.1379  4.924e-11  1.000e-12  2.031e+00    32.5497    32.5531     0.0034    25.0384    25.0396     41.614     42.051      0.271    1487.55    1487.59  0.000e+00
       4104     42.500     9.9981    10.0095     0.0114    3.57077    3.57173          1     3.1901     3.2183       5.87     0.0795  4.924e-11  1.000e-12  2.031e+00    32.5555    32.5550    -0.0006    25.0440    25.0417     42.109     42.548      0.264    1487.55    1487.59  0.000e+00
       4150     43.000     9.9754    10.0065     0.0310    3.57104    3.57183          1     3.2144     3.2661       5.37     0.0797  4.924e-11  1.000e-12  2.031e+00    32.5785    32.5585    -0.0200    25.0657    25.0449     42.605     43.045      0.257    1487.50    1487.59  0.000e+00
       4198     43.500     9.9676     9.9993     0.0317    3.57107    3.57195          1     3.2249     3.2845       4.88     0.1043  4.924e-11  1.000e-12  2.031e+00    32.5857    32.5659    -0.0197    25.0726    25.0519     43.100     43.542      0.253    1487.49    1487.58  0.000e+00
       4244     44.000     9.9621     9.9893     0.0272    3.57109    3.57215          1     3.2331     3.2750       4.37     0.0794  4.924e-11  1.000e-12  2.031e+00    32.5906    32.5768    -0.0138    25.0773    25.0621     43.595     44.039      0.271    1487.49    1487.57  0.000e+00
       4287     44.500     9.9544     9.9786     0.0242    3.57108    3.57208          1     3.2554     3.2602       3.87     0.0712  4.924e-11  1.000e-12  2.031e+00    32.5973    32.5856    -0.0117    25.0838    25.0707     44.091     44.535      0.284    1487.47    1487.55  0.000e+00
       4329     45.000     9.9424     9.9713     0.0288    3.57105    3.57205          1     3.2794     3.2313       3.39     0.0737  4.924e-11  1.000e-12  2.031e+00    32.6075    32.5917    -0.0158    25.0938    25.0767     44.586     45.032      0.285    1487.45    1487.54  0.000e+00
       4371     45.500     9.9315     9.9635     0.0321    3.57101    3.57209          1     3.2715     3.2119       2.90     0.0766  4.924e-11  1.000e-12  2.031e+00    32.6168    32.5988    -0.0180    25.1028    25.0835     45.081     45.529      0.285    1487.43    1487.53  0.000e+00
       4413     46.000     9.9251     9.9545     0.0295    3.57099    3.57199          1     3.2645     3.2126       2.41     0.0836  4.924e-11  1.000e-12  2.031e+00    32.6221    32.6057    -0.0165    25.1081    25.0903     45.577     46.026      0.269    1487.42    1487.51  0.000e+00
       6802     46.500     9.9393     9.9327    -0.0067    3.57117    3.57124          1     3.2267     3.2420       2.04     0.1000  4.924e-11  1.000e-12  2.031e+00    32.6109    32.6176     0.0068    25.0969    25.1033     46.072     46.523     -0.268    1487.47    1487.46  0.000e+00
