ctdpy/exports/archive_20191121_122431/received_data/SBE09_0827_20180122_1550_26_01_0164.cnv
* Sea-Bird SBE 9 Data File:
* FileName = D:\CTD_SBE911\DAT\26DA.2018.1.64.hex
* Software Version Seasave V 7.21d
* Temperature SN = 034757
* Conductivity SN = 041844
* Number of Bytes Per Scan = 48
* Number of Voltage Words = 5
* Number of Scans Averaged by the Deck Unit = 1
* NMEA Latitude = 58 24.85 N
* NMEA Longitude = 011 00.50 E
* NMEA UTC (Time) = Jan 22 2018  15:50:37
* NMEA baud rate = 4800
** Ship: DANA
** Average sound velocity: 1470.22 m/s
** True-depth calculation Thu, 28 Mar 2019 08:26:42 +0000
** CTD Python Module SMHI /ver 3-12/ feb 2012 
** LIMS Job: 20182601-0164
** Nubbahålet
** Operator: Ronny Sørensen
** Cruise: 01/2018
# nquan = 26
# nvalues = 133                         
# units = specified
# name 0 = scan: Scan Count
# name 1 = prDM: Pressure, Digiquartz [db]
# name 2 = t090C: Temperature [ITS-90, deg C]
# name 3 = t190C: Temperature, 2 [ITS-90, deg C]
# name 4 = T2-T190C: Temperature Difference, 2 - 1 [ITS-90, deg C]
# name 5 = c0S/m: Conductivity [S/m]
# name 6 = c1S/m: Conductivity, 2 [S/m]
# name 7 = pumps: Pump Status
# name 8 = sbeox1ML/L: Oxygen, SBE 43, 2 [ml/l]
# name 9 = sbeox0ML/L: Oxygen, SBE 43 [ml/l]
# name 10 = altM: Altimeter [m]
# name 11 = chloroflTC0: Chlorophyll, Turner Cyclops [ug/l]
# name 12 = cpar: CPAR/Corrected Irradiance [%]
# name 13 = par: PAR/Irradiance, Biospherical/Lico [µE/(cm^2*s)]
# name 14 = spar: SPAR, Biospherical/Licor
# name 15 = sal00: Salinity, Practical [PSU]
# name 16 = sal11: Salinity, Practical, 2 [PSU]
# name 17 = secS-priS: Salinity, Practical, Difference, 2 - 1 [PSU]
# name 18 = sigma-t00: Density [sigma-t, kg/m^3 ]
# name 19 = sigma-t11: Density, 2 [sigma-t, kg/m^3 ]
# name 20 = depSM: Depth [salt water, m], lat = 58.4142
# name 21 = depFM: Depth [true depth, m], lat = 58.4142
# name 22 = dz/dtM: Descent Rate [m/s], WS = 2
# name 23 = svCM: Sound Velocity [Chen-Millero, m/s]
# name 24 = svCM1: Sound Velocity, 2 [Chen-Millero, m/s]
# name 25 = flag: flag
# span 0 =        -28,       8210       
# span 1 =      1.500,     67.500       
# span 2 =     3.5973,     6.7446       
# span 3 =     3.5995,     6.7509       
# span 4 =    -0.0778,     0.0683       
# span 5 =   2.403825,   3.423379       
# span 6 =   2.402420,   3.424935       
# span 7 =          1,          1       
# span 8 =     6.0345,     7.0317       
# span 9 =     6.2102,     7.2118       
# span 10 =       1.93,       9.96      
# span 11 =     0.0231,     0.0452      
# span 12 = -3.657e+03, 6.8049e+04      
# span 13 = 1.0000e-12, 1.0000e-12      
# span 14 = 6.4885e-01, 2.1051e+00      
# span 15 =    25.3667,    34.0628      
# span 16 =    25.3487,    34.0738      
# span 17 =    -1.0789,     0.1251      
# span 18 =    20.1631,    26.7152      
# span 19 =    20.1487,    26.7230      
# span 20 =      1.486,     66.861      
# span 21 =      1.498,     67.043      
# span 22 =     -0.204,      0.526      
# span 23 =    1452.54,    1477.60      
# span 24 =    1452.53,    1477.64      
# span 25 = 0.0000e+00, 0.0000e+00      
# interval = decibars: 0.5              
# start_time = Jan 22 2018 15:50:37 [NMEA time, first data scan]
# bad_flag = -9.990e-29
*END*
[from data line 112]
       5808     57.500     6.2588     6.2597     0.0009    3.35096    3.35097          1     6.1438     6.3345       9.96     0.0321  4.924e-11  1.000e-12  2.031e+00    33.7455    33.7447    -0.0008    26.5286    26.5278     56.957     57.121      0.350    1475.13    1475.13  0.000e+00
       5845     58.000     6.2617     6.2636     0.0019    3.35141    3.35145          1     6.1436     6.3395       9.96     0.0325  4.924e-11  1.000e-12  2.031e+00    33.7474    33.7459    -0.0015    26.5297    26.5283     57.452     57.617      0.239    1475.15    1475.16  0.000e+00
       5937     58.500     6.2662     6.2659    -0.0003    3.35200    3.35198          1     6.1552     6.3346       9.96     0.0319  4.924e-11  1.000e-12  2.031e+00    33.7492    33.7493     0.0001    26.5306    26.5307     57.948     58.113      0.281    1475.18    1475.18  0.000e+00
       5971     59.000     6.2708     6.2726     0.0017    3.35260    3.35257          1     6.1406     6.3305       9.96     0.0330  4.924e-11  1.000e-12  2.031e+00    33.7511    33.7491    -0.0020    26.5315    26.5297     58.443     58.609      0.361    1475.21    1475.21  0.000e+00
       6009     59.500     6.2781     6.2782     0.0001    3.35335    3.35335          1     6.1519     6.3322       9.92     0.0335  4.924e-11  1.000e-12  2.031e+00    33.7520    33.7519    -0.0001    26.5312    26.5312     58.938     59.105      0.250    1475.24    1475.24  0.000e+00
       6092     60.000     6.2776     6.2768    -0.0008    3.35337    3.35338          1     6.1663     6.3160       9.51     0.0325  4.924e-11  1.000e-12  2.031e+00    33.7525    33.7534     0.0009    26.5317    26.5325     59.433     59.601      0.274    1475.25    1475.25  0.000e+00
       6130     60.500     6.2745     6.2730    -0.0015    3.35308    3.35314          1     6.1624     6.3183       9.08     0.0329  4.924e-11  1.000e-12  2.031e+00    33.7521    33.7542     0.0021    26.5318    26.5336     59.928     60.097      0.390    1475.25    1475.24  0.000e+00
       6168     61.000     6.2724     6.2715    -0.0009    3.35292    3.35298          1     6.1554     6.3323       8.56     0.0328  4.924e-11  1.000e-12  2.031e+00    33.7521    33.7538     0.0017    26.5321    26.5335     60.424     60.593      0.259    1475.25    1475.24  0.000e+00
       6251     61.500     6.2756     6.2749    -0.0007    3.35333    3.35330          1     6.1602     6.3315       8.04     0.0323  4.924e-11  1.000e-12  2.031e+00    33.7532    33.7537     0.0005    26.5325    26.5330     60.919     61.090      0.308    1475.27    1475.27  0.000e+00
       6282     62.000     6.2842     6.2828    -0.0015    3.35426    3.35399          1     6.1603     6.3202       7.56     0.0333  4.924e-11  1.000e-12  2.031e+00    33.7548    33.7533    -0.0016    26.5327    26.5316     61.414     61.586      0.350    1475.31    1475.31  0.000e+00
       6328     62.500     6.2895     6.2914     0.0019    3.35480    3.35504          1     6.1580     6.3235       7.06     0.0331  4.924e-11  1.000e-12  2.031e+00    33.7555    33.7561     0.0007    26.5325    26.5328     61.909     62.082      0.214    1475.34    1475.35  0.000e+00
       6389     63.000     6.2940     6.2956     0.0016    3.35541    3.35555          1     6.1307     6.3328       6.86     0.0328  4.924e-11  1.000e-12  2.031e+00    33.7575    33.7574    -0.0001    26.5336    26.5333     62.405     62.578      0.255    1475.37    1475.38  0.000e+00
       6432     63.500     6.3034     6.3095     0.0060    3.35677    3.35720          1     6.1339     6.3205       6.02     0.0329  4.924e-11  1.000e-12  2.031e+00    33.7631    33.7619    -0.0011    26.5367    26.5351     62.900     63.074      0.281    1475.42    1475.45  0.000e+00
       6473     64.000     6.3278     6.3457     0.0179    3.36116    3.36274          1     6.1389     6.3059       5.54     0.0331  4.924e-11  1.000e-12  2.031e+00    33.7877    33.7875    -0.0001    26.5530    26.5506     63.395     63.570      0.304    1475.56    1475.63  0.000e+00
       6515     64.500     6.3630     6.3736     0.0108    3.36687    3.36784          1     6.1018     6.2920       5.04     0.0337  4.924e-11  1.000e-12  2.031e+00    33.8162    33.8164     0.0002    26.5710    26.5698     63.890     64.066      0.231    1475.74    1475.78  0.000e+00
       6583     65.000     6.3955     6.4024     0.0068    3.37200    3.37139          1     6.0766     6.2819       5.13     0.0372  4.924e-11  1.000e-12  2.031e+00    33.8407    33.8272    -0.0135    26.5861    26.5745     64.385     64.562      0.306    1475.91    1475.92  0.000e+00
       6613     65.500     6.4541     6.4645     0.0105    3.38072    3.37949          1     6.1057     6.2635       4.98     0.0428  4.924e-11  1.000e-12  2.031e+00    33.8795    33.8554    -0.0241    26.6091    26.5887     64.880     65.058      0.409    1476.20    1476.21  0.000e+00
       6650     66.000     6.5083     6.5319     0.0237    3.38856    3.38925          1     6.0929     6.2577       3.69     0.0452  4.924e-11  1.000e-12  2.031e+00    33.9125    33.8967    -0.0158    26.6280    26.6125     65.376     65.554      0.245    1476.46    1476.53  0.000e+00
       6717     66.500     6.5684     6.5741     0.0057    3.39750    3.39681          1     6.0485     6.2458       4.00     0.0381  4.924e-11  1.000e-12  2.031e+00    33.9519    33.9385    -0.0134    26.6512    26.6398     65.871     66.050      0.329    1476.75    1476.76  0.000e+00
       6747     67.000     6.5930     6.6023     0.0092    3.40127    3.40089          1     6.0345     6.2427       4.03     0.0363  4.924e-11  1.000e-12  2.031e+00    33.9689    33.9556    -0.0133    26.6613    26.6496     66.366     66.547      0.339    1476.88    1476.90  0.000e+00
       8210     67.500     6.7446     6.7509     0.0062    3.42338    3.42494          1     6.0510     6.2102       1.93     0.0313  4.924e-11  1.000e-12  2.031e+00    34.0628    34.0738     0.0110    26.7152    26.7230     66.861     67.043     -0.204    1477.60    1477.64  0.000e+00
