ctdpy/exports/archive_20191121_122431/received_data/SBE09_1044_20180418_2202_34_07_0018.cnv
* Sea-Bird SBE 9 Data File:
* FileName = C:\ctd\temp\2018\AU18D018.hex
* Software Version Seasave V 7.26.6.26
* Temperature SN = 5351
* Conductivity SN = 3941
* Number of Bytes Per Scan = 41
* Number of Voltage Words = 4
* Number of Scans Averaged by the Deck Unit = 1
* NMEA Latitude = 57 18.73 N
* NMEA Longitude = 020 04.57 E
* NMEA UTC (Time) = Apr 18 2018  22:02:19
* NMEA baud rate = 4800
** Station:  BY15
** Operator:  A-KTh
** Ship: AURA
** Average sound velocity: 1444.69 m/s
** True-depth calculation Thu, 19 Apr 2018 01:10:31 +0000
** CTD Python Module SMHI /ver 3-12/ feb 2012 
** LIMS Job: 20183407-0018
** Cruise: SMHI-01-2018
** Latitude [GG MM.mm N] :
** Longitude [GG MM.mm E]:
# nquan = 26
# nvalues = 471                         
# units = specified
# name 0 = scan: Scan Count
# name 1 = prDM: Pressure, Digiquartz [db]
# name 2 = t090C: Temperature [ITS-90, deg C]
# name 3 = t190C: Temperature, 2 [ITS-90, deg C]
# name 4 = T2-T190C: Temperature Difference, 2 - 1 [ITS-90, deg C]
# name 5 = c0S/m: Conductivity [S/m]
# name 6 = c1S/m: Conductivity, 2 [S/m]
# name 7 = pumps: Pump Status
# name 8 = sbeox0ML/L: Oxygen, SBE 43 [ml/l]
# name 9 = sbeox1ML/L: Oxygen, SBE 43, 2 [ml/l]
# name 10 = altM: Altimeter [m]
# name 11 = flECO-AFL: Chl-a Fluorescence, WET Labs ECO-AFL/FL [mg/m^3]
# name 12 = flECO-AFL1: Phycocyanin Fluorescence, WET Labs ECO-AFL/FL, 2 [mg/m^3]
# name 13 = par: PAR/Irradiance, Biospherical/Lico [µE/(cm^2*s)]
# name 14 = turbWETntu0: Turbidity, WET Labs ECO [NTU]
# name 15 = sal00: Salinity, Practical [PSU]
# name 16 = sal11: Salinity, Practical, 2 [PSU]
# name 17 = secS-priS: Salinity, Practical, Difference, 2 - 1 [PSU]
# name 18 = sigma-t00: Density [sigma-t, Kg/m^3 ]
# name 19 = sigma-t11: Density, 2 [sigma-t, Kg/m^3 ]
# name 20 = depSM: Depth [salt water, m], lat = 57.3122
# name 21 = depFM: Depth [true depth, m], lat = 57.3122
# name 22 = dz/dtM: Descent Rate [m/s], WS = 2
# name 23 = svCM: Sound Velocity [Chen-Millero, m/s]
# name 24 = svCM1: Sound Velocity, 2 [Chen-Millero, m/s]
# name 25 = flag: flag
# span 0 =       9503,      22126       
# span 1 =      0.500,    235.500       
# span 2 =     2.6906,     6.9110       
# span 3 =     2.6929,     6.9117       
# span 4 =    -0.0354,     0.0090       
# span 5 =   0.756967,   1.460449       
# span 6 =   0.756993,   1.460443       
# span 7 =          1,          1       
# span 8 =    0.01987,   10.09863       
# span 9 =    0.02342,    9.92654       
# span 10 =       0.81,     114.31      
# span 11 =     0.2492,     7.5163      
# span 12 =     0.1329,     1.2641      
# span 13 = -2.410e-04, 2.1874e+00      
# span 14 =     0.1093,     0.4493      
# span 15 =     7.3529,    13.2985      
# span 16 =     7.3524,    13.2981      
# span 17 =    -0.0130,     0.0018      
# span 18 =     5.8581,    10.3802      
# span 19 =     5.8576,    10.3798      
# span 20 =      0.495,    233.198      
# span 21 =      0.506,    237.813      
# span 22 =      0.129,      0.727      
# span 23 =    1426.30,    1455.04      
# span 24 =    1426.31,    1455.05      
# span 25 = 0.0000e+00, 0.0000e+00      
# interval = decibars: 0.5              
# start_time = Apr 18 2018 22:02:19 [NMEA time, first data scan]
# bad_flag = -9.990e-29
*END*
[from data line 446]
      21184    223.500     6.9087     6.9094     0.0006    1.45598    1.45597          1     0.0242     0.0238      15.54     0.3346     0.2370  1.000e-12  0.2260000    13.2575    13.2572    -0.0003    10.3483    10.3479    221.322    225.716      0.516    1454.79    1454.79  0.000e+00
      21205    224.000     6.9091     6.9097     0.0006    1.45624    1.45623          1     0.0242     0.0235      15.06     0.3330     0.2564  1.000e-12  0.2225000    13.2599    13.2595    -0.0003    10.3500    10.3497    221.817    226.220      0.569    1454.81    1454.81  0.000e+00
      21226    224.500     6.9094     6.9100     0.0005    1.45655    1.45653          1     0.0233     0.0248      14.53     0.3248     0.2367  1.000e-12  0.2307000    13.2627    13.2623    -0.0004    10.3523    10.3519    222.312    226.725      0.528    1454.82    1454.82  0.000e+00
      21251    225.000     6.9096     6.9102     0.0007    1.45703    1.45701          1     0.0231     0.0243      13.97     0.3366     0.2705  1.000e-12  0.2275000    13.2673    13.2668    -0.0004    10.3558    10.3554    222.806    227.229      0.456    1454.83    1454.84  0.000e+00
      21279    225.500     6.9097     6.9104     0.0007    1.45728    1.45727          1     0.0239     0.0234      13.44     0.3506     0.2336  1.000e-12  0.2291000    13.2696    13.2692    -0.0004    10.3576    10.3573    223.301    227.733      0.437    1454.84    1454.85  0.000e+00
      21305    226.000     6.9103     6.9108     0.0006    1.45766    1.45765          1     0.0229     0.0245      12.94     0.3665     0.2121  1.000e-12  0.2339000    13.2730    13.2727    -0.0004    10.3603    10.3600    223.796    228.237      0.490    1454.86    1454.86  0.000e+00
      21328    226.500     6.9107     6.9113     0.0006    1.45806    1.45804          1     0.0227     0.0245      12.48     0.3342     0.2337  1.000e-12  0.2347000    13.2767    13.2763    -0.0004    10.3631    10.3628    224.291    228.741      0.547    1454.87    1454.88  0.000e+00
      21349    227.000     6.9109     6.9115     0.0006    1.45837    1.45836          1     0.0239     0.0243      11.97     0.3484     0.2639  1.000e-12  0.2406000    13.2797    13.2793    -0.0003    10.3654    10.3651    224.786    229.245      0.556    1454.89    1454.89  0.000e+00
      21371    227.500     6.9108     6.9114     0.0006    1.45858    1.45858          1     0.0238     0.0249      11.45     0.3773     0.2349  1.000e-12  0.2562000    13.2816    13.2813    -0.0003    10.3669    10.3667    225.281    229.749      0.542    1454.90    1454.90  0.000e+00
      21394    228.000     6.9110     6.9116     0.0007    1.45891    1.45889          1     0.0235     0.0238      10.90     0.3750     0.2521  1.000e-12  0.2499000    13.2847    13.2843    -0.0004    10.3693    10.3690    225.775    230.253      0.510    1454.91    1454.91  0.000e+00
      21419    228.500     6.9110     6.9117     0.0007    1.45919    1.45917          1     0.0239     0.0239      10.35     0.3707     0.2287  1.000e-12  0.2430000    13.2874    13.2869    -0.0005    10.3715    10.3710    226.270    230.757      0.455    1454.92    1454.92  0.000e+00
      21447    229.000     6.9108     6.9115     0.0007    1.45964    1.45962          1     0.0233     0.0243       9.78     0.3622     0.1872  1.000e-12  0.2447000    13.2917    13.2913    -0.0005    10.3749    10.3745    226.765    231.261      0.404    1454.93    1454.93  0.000e+00
      21477    229.500     6.9108     6.9114     0.0006    1.45997    1.45996          1     0.0235     0.0243       9.27     0.3597     0.2314  1.000e-12  0.2745000    13.2949    13.2946    -0.0003    10.3774    10.3771    227.260    231.765      0.420    1454.94    1454.95  0.000e+00
      21504    230.000     6.9108     6.9114     0.0006    1.46010    1.46009          1     0.0232     0.0238       8.78     0.3707     0.2689  1.000e-12  0.2660000    13.2961    13.2958    -0.0003    10.3783    10.3780    227.755    232.269      0.451    1454.95    1454.96  0.000e+00
      21531    230.500     6.9107     6.9114     0.0007    1.46020    1.46019          1     0.0232     0.0244       8.26     0.3702     0.2289  1.000e-12  0.2596000    13.2970    13.2966    -0.0004    10.3791    10.3787    228.250    232.773      0.417    1454.96    1454.97  0.000e+00
      21563    231.000     6.9106     6.9113     0.0007    1.46024    1.46024          1     0.0233     0.0245       7.71     0.3634     0.2241  1.000e-12  0.2658000    13.2974    13.2971    -0.0003    10.3793    10.3790    228.745    233.277      0.331    1454.97    1454.97  0.000e+00
      21604    231.500     6.9105     6.9113     0.0007    1.46029    1.46028          1     0.0235     0.0240       7.15     0.3635     0.2251  1.000e-12  0.2645000    13.2977    13.2974    -0.0003    10.3796    10.3793    229.239    233.781      0.291    1454.98    1454.98  0.000e+00
      21641    232.000     6.9106     6.9114     0.0007    1.46031    1.46031          1     0.0228     0.0239       6.68     0.3664     0.2637  1.000e-12  0.2673000    13.2978    13.2976    -0.0003    10.3797    10.3794    229.734    234.285      0.377    1454.99    1454.99  0.000e+00
      21671    232.500     6.9106     6.9113     0.0007    1.46036    1.46035          1     0.0237     0.0241       6.22     0.3653     0.2397  1.000e-12  0.2569000    13.2982    13.2978    -0.0004    10.3800    10.3796    230.229    234.789      0.359    1455.00    1455.00  0.000e+00
      21721    233.000     6.9106     6.9113     0.0007    1.46038    1.46037          1     0.0231     0.0241       5.57     0.3675     0.2194  1.000e-12  0.2658000    13.2983    13.2979    -0.0004    10.3801    10.3797    230.724    235.293      0.212    1455.00    1455.01  0.000e+00
      21778    233.500     6.9106     6.9114     0.0007    1.46040    1.46039          1     0.0231     0.0240       5.05     0.3652     0.2642  1.000e-12  0.2510000    13.2984    13.2980    -0.0004    10.3801    10.3798    231.219    235.797      0.291    1455.01    1455.02  0.000e+00
      21819    234.000     6.9106     6.9114     0.0008    1.46041    1.46040          1     0.0229     0.0243       4.57     0.3750     0.3001  1.000e-12  0.2602000    13.2984    13.2980    -0.0004    10.3801    10.3798    231.714    236.301      0.233    1455.02    1455.02  0.000e+00
      21916    234.500     6.9106     6.9114     0.0008    1.46043    1.46042          1     0.0220     0.0240       4.04     0.3727     0.2531  1.000e-12  0.2623000    13.2985    13.2980    -0.0004    10.3802    10.3798    232.208    236.805      0.208    1455.03    1455.03  0.000e+00
      21994    235.000     6.9106     6.9115     0.0008    1.46043    1.46042          1     0.0212     0.0240       3.55     0.3798     0.2577  1.000e-12  0.2603000    13.2984    13.2980    -0.0004    10.3801    10.3797    232.703    237.309      0.199    1455.04    1455.04  0.000e+00
      22126    235.500     6.9107     6.9114     0.0007    1.46045    1.46044          1     0.0199     0.0237       2.99     0.3765     0.2268  1.000e-12  0.2552000    13.2984    13.2981    -0.0003    10.3801    10.3798    233.198    237.813      0.129    1455.04    1455.05  0.000e+00
