ctdpy/exports/archive_20191121_122431/received_data/SBE09_0827_20181011_1330_26_01_1070.cnv
* Sea-Bird SBE 9 Data File:
* FileName = D:\CTD_SBE911\DAT\26DA.2018.10.70.hex
* Software Version Seasave V 7.21d
* Temperature SN = 4548
* Conductivity SN = 3062
* Number of Bytes Per Scan = 48
* Number of Voltage Words = 5
* Number of Scans Averaged by the Deck Unit = 1
* NMEA Latitude = 56 43.61 N
* NMEA Longitude = 018 57.64 E
* NMEA UTC (Time) = Oct 11 2018  13:33:00
* NMEA baud rate = 4800
** Ship: DANA
** Average sound velocity: 1446.46 m/s
** True-depth calculation Thu, 28 Mar 2019 12:25:43 +0000
** CTD Python Module SMHI /ver 3-12/ feb 2012 
** LIMS Job: 20182601-1070
** Operator: Christian
** Cruise: 10/2018
# nquan = 26
# nvalues = 239                         
# units = specified
# name 0 = scan: Scan Count
# name 1 = prDM: Pressure, Digiquartz [db]
# name 2 = t090C: Temperature [ITS-90, deg C]
# name 3 = t190C: Temperature, 2 [ITS-90, deg C]
# name 4 = T2-T190C: Temperature Difference, 2 - 1 [ITS-90, deg C]
# name 5 = c0S/m: Conductivity [S/m]
# name 6 = c1S/m: Conductivity, 2 [S/m]
# name 7 = pumps: Pump Status
# name 8 = sbeox1ML/L: Oxygen, SBE 43, 2 [ml/l]
# name 9 = sbeox0ML/L: Oxygen, SBE 43 [ml/l]
# name 10 = altM: Altimeter [m]
# name 11 = chloroflTC0: Chlorophyll, Turner Cyclops [ug/l]
# name 12 = cpar: CPAR/Corrected Irradiance [%]
# name 13 = par: PAR/Irradiance, Biospherical/Lico [µE/(cm^2*s)]
# name 14 = spar: SPAR, Biospherical/Licor
# name 15 = sal00: Salinity, Practical [PSU]
# name 16 = sal11: Salinity, Practical, 2 [PSU]
# name 17 = secS-priS: Salinity, Practical, Difference, 2 - 1 [PSU]
# name 18 = sigma-t00: Density [sigma-t, kg/m^3 ]
# name 19 = sigma-t11: Density, 2 [sigma-t, kg/m^3 ]
# name 20 = depSM: Depth [salt water, m], lat = 56.7268
# name 21 = depFM: Depth [true depth, m], lat = 56.7268
# name 22 = dz/dtM: Descent Rate [m/s], WS = 2
# name 23 = svCM: Sound Velocity [Chen-Millero, m/s]
# name 24 = svCM1: Sound Velocity, 2 [Chen-Millero, m/s]
# name 25 = flag: flag
# span 0 =        210,      12751       
# span 1 =      1.500,    120.500       
# span 2 =     3.9758,    10.4366       
# span 3 =     3.9654,    10.4466       
# span 4 =    -0.4367,     0.1696       
# span 5 =   0.789001,   1.257982       
# span 6 =   0.788693,   1.257864       
# span 7 =          1,          1       
# span 8 =     0.0382,     7.5603       
# span 9 =     0.0400,     7.0783       
# span 10 =       1.43,      10.42      
# span 11 =     0.0159,     0.0398      
# span 12 = -1.411e-05, 9.5565e-01      
# span 13 = -1.891e-04, 1.2752e+01      
# span 14 = 1.2939e+03, 1.3427e+03      
# span 15 =     7.2049,    11.4792      
# span 16 =     7.2046,    11.4780      
# span 17 =    -0.0015,     0.1997      
# span 18 =     5.2801,     8.9854      
# span 19 =     5.2794,     8.9844      
# span 20 =      1.486,    119.361      
# span 21 =      1.520,    121.899      
# span 22 =     -0.373,      0.477      
# span 23 =    1432.37,    1457.99      
# span 24 =    1432.31,    1458.00      
# span 25 = 0.0000e+00, 0.0000e+00      
# interval = decibars: 0.5              
# start_time = Oct 11 2018 13:33:00 [NMEA time, first data scan]
# bad_flag = -9.990e-29
*END*
[from data line 223]
      10567    113.000     6.3839     6.3912     0.0073    1.23617    1.23723          1     0.0460     0.0476       8.86     0.0166  7.646e-14  1.000e-12  1.308e+03    11.2953    11.3034     0.0080     8.8472     8.8530    111.934    114.328      0.416    1448.37    1448.41  0.000e+00
      10596    113.500     6.3998     6.4106     0.0108    1.23986    1.24164          1     0.0449     0.0467       8.32     0.0166  7.646e-14  1.000e-12  1.308e+03    11.3264    11.3404     0.0140     8.8705     8.8808    112.429    114.833      0.430    1448.49    1448.55  0.000e+00
      10623    114.000     6.4211     6.4322     0.0111    1.24459    1.24626          1     0.0486     0.0468       7.81     0.0169  7.646e-14  1.000e-12  1.308e+03    11.3659    11.3788     0.0128     8.9001     8.9094    112.924    115.337      0.463    1448.63    1448.70  0.000e+00
      10648    114.500     6.4354     6.4446     0.0092    1.24725    1.24848          1     0.0487     0.0482       7.33     0.0167  7.649e-14  1.000e-12  1.307e+03    11.3874    11.3965     0.0091     8.9160     8.9225    113.420    115.842      0.477    1448.73    1448.78  0.000e+00
      10673    115.000     6.4418     6.4509     0.0090    1.24843    1.24972          1     0.0444     0.0495       6.84     0.0162  7.662e-14  1.000e-12  1.305e+03    11.3968    11.4065     0.0097     8.9229     8.9299    113.915    116.347      0.476    1448.77    1448.82  0.000e+00
      10699    115.500     6.4501     6.4579     0.0077    1.24994    1.25095          1     0.0458     0.0493       6.32     0.0161  7.687e-14  1.000e-12  1.301e+03    11.4088    11.4162     0.0074     8.9318     8.9370    114.410    116.852      0.460    1448.83    1448.88  0.000e+00
      10726    116.000     6.4567     6.4603     0.0036    1.25110    1.25141          1     0.0491     0.0509       5.75     0.0164  7.713e-14  1.000e-12  1.297e+03    11.4180    11.4199     0.0019     8.9385     8.9398    114.905    117.356      0.440    1448.88    1448.90  0.000e+00
      10753    116.500     6.4602     6.4645     0.0042    1.25194    1.25252          1     0.0480     0.0500       5.20     0.0159  7.729e-14  1.000e-12  1.294e+03    11.4251    11.4293     0.0042     8.9438     8.9468    115.400    117.861      0.434    1448.91    1448.93  0.000e+00
      10781    117.000     6.4651     6.4681     0.0030    1.25318    1.25358          1     0.0515     0.0504       4.66     0.0162  7.718e-14  1.000e-12  1.296e+03    11.4356    11.4385     0.0029     8.9517     8.9538    115.895    118.366      0.427    1448.95    1448.97  0.000e+00
      10810    117.500     6.4671     6.4688     0.0017    1.25375    1.25372          1     0.0480     0.0502       4.14     0.0169  7.701e-14  1.000e-12  1.299e+03    11.4404    11.4396    -0.0008     8.9554     8.9546    116.390    118.871      0.385    1448.98    1448.98  0.000e+00
      10845    118.000     6.4674     6.4688     0.0015    1.25375    1.25395          1     0.0488     0.0504       3.55     0.0164  7.675e-14  1.000e-12  1.303e+03    11.4402    11.4418     0.0015     8.9552     8.9563    116.886    119.375      0.322    1448.98    1448.99  0.000e+00
      10883    118.500     6.4679     6.4683     0.0005    1.25402    1.25407          1     0.0482     0.0493       3.02     0.0162  7.647e-14  1.000e-12  1.308e+03    11.4426    11.4430     0.0003     8.9571     8.9573    117.381    119.880      0.329    1449.00    1449.00  0.000e+00
      10917    119.000     6.4666     6.4677     0.0011    1.25408    1.25408          1     0.0464     0.0493       2.50     0.0164  7.633e-14  1.000e-12  1.310e+03    11.4436    11.4432    -0.0003     8.9579     8.9576    117.876    120.385      0.369    1449.00    1449.01  0.000e+00
      10948    119.500     6.4672     6.4682     0.0010    1.25479    1.25511          1     0.0440     0.0462       1.96     0.0165  7.649e-14  1.000e-12  1.307e+03    11.4503    11.4531     0.0027     8.9632     8.9653    118.371    120.890      0.391    1449.02    1449.03  0.000e+00
      10979    120.000     6.4670     6.4679     0.0009    1.25597    1.25624          1     0.0456     0.0474       1.43     0.0169  7.672e-14  1.000e-12  1.303e+03    11.4619    11.4643     0.0024     8.9723     8.9741    118.866    121.394      0.307    1449.04    1449.05  0.000e+00
      12751    120.500     6.4743     6.4744     0.0001    1.25798    1.25786          1     0.0382     0.0400       2.88     0.0168  7.715e-14  1.000e-12  1.296e+03    11.4792    11.4780    -0.0012     8.9854     8.9844    119.361    121.899     -0.373    1449.10    1449.10  0.000e+00
