ctdpy/exports/archive_20191121_122431/received_data/SBE09_1044_20180527_0227_34_07_0030.cnv
* Sea-Bird SBE 9 Data File:
* FileName = C:\ctd\temp\2018\AU18D030.hex
* Software Version Seasave V 7.26.6.26
* Temperature SN = 5351
* Conductivity SN = 3941
* Number of Bytes Per Scan = 41
* Number of Voltage Words = 4
* Number of Scans Averaged by the Deck Unit = 1
* NMEA Latitude = 58 17.68 N
* NMEA Longitude = 010 50.79 E
* NMEA UTC (Time) = May 27 2018  02:27:11
* NMEA baud rate = 4800
** Station:  A15
** Operator:  SSip
** Ship: AURA
** Average sound velocity: 1479.55 m/s
** True-depth calculation Sun, 27 May 2018 03:09:43 +0000
** CTD Python Module SMHI /ver 3-12/ feb 2012 
** LIMS Job: 20183407-0030
** Cruise: SMHI-02-2018
** Latitude [GG MM.mm N] :
** Longitude [GG MM.mm E]:
# nquan = 26
# nvalues = 264                         
# units = specified
# name 0 = scan: Scan Count
# name 1 = prDM: Pressure, Digiquartz [db]
# name 2 = t090C: Temperature [ITS-90, deg C]
# name 3 = t190C: Temperature, 2 [ITS-90, deg C]
# name 4 = T2-T190C: Temperature Difference, 2 - 1 [ITS-90, deg C]
# name 5 = c0S/m: Conductivity [S/m]
# name 6 = c1S/m: Conductivity, 2 [S/m]
# name 7 = pumps: Pump Status
# name 8 = sbeox0ML/L: Oxygen, SBE 43 [ml/l]
# name 9 = sbeox1ML/L: Oxygen, SBE 43, 2 [ml/l]
# name 10 = altM: Altimeter [m]
# name 11 = flECO-AFL: Chl-a Fluorescence, WET Labs ECO-AFL/FL [mg/m^3]
# name 12 = flECO-AFL1: Phycocyanin Fluorescence, WET Labs ECO-AFL/FL, 2 [mg/m^3]
# name 13 = par: PAR/Irradiance, Biospherical/Lico [µE/(cm^2*s)]
# name 14 = turbWETntu0: Turbidity, WET Labs ECO [NTU]
# name 15 = sal00: Salinity, Practical [PSU]
# name 16 = sal11: Salinity, Practical, 2 [PSU]
# name 17 = secS-priS: Salinity, Practical, Difference, 2 - 1 [PSU]
# name 18 = sigma-t00: Density [sigma-t, Kg/m^3 ]
# name 19 = sigma-t11: Density, 2 [sigma-t, Kg/m^3 ]
# name 20 = depSM: Depth [salt water, m], lat = 58.2947
# name 21 = depFM: Depth [true depth, m], lat = 58.2947
# name 22 = dz/dtM: Descent Rate [m/s], WS = 2
# name 23 = svCM: Sound Velocity [Chen-Millero, m/s]
# name 24 = svCM1: Sound Velocity, 2 [Chen-Millero, m/s]
# name 25 = flag: flag
# span 0 =       3454,       9664       
# span 1 =      1.000,    132.500       
# span 2 =     6.1572,    18.2583       
# span 3 =     6.1588,    18.2566       
# span 4 =    -0.0630,     0.2285       
# span 5 =   2.734568,   3.849798       
# span 6 =   2.734590,   3.846891       
# span 7 =          1,          1       
# span 8 =    5.66889,    8.70089       
# span 9 =    5.84700,    8.61773       
# span 10 =       4.18,      98.54      
# span 11 =     0.0329,     5.2653      
# span 12 =     0.1536,     0.5996      
# span 13 = 3.3445e-13, 2.1857e+01      
# span 14 =     0.1613,     0.9459      
# span 15 =    19.5894,    35.0102      
# span 16 =    19.5907,    35.0094      
# span 17 =    -0.2961,     0.0141      
# span 18 =    13.4527,    27.5284      
# span 19 =    13.4543,    27.5273      
# span 20 =      0.991,    131.227      
# span 21 =      1.005,    131.450      
# span 22 =      0.055,      0.617      
# span 23 =    1476.18,    1500.45      
# span 24 =    1476.19,    1500.43      
# span 25 = 0.0000e+00, 0.0000e+00      
# interval = decibars: 0.5              
# start_time = May 27 2018 02:27:11 [NMEA time, first data scan]
# bad_flag = -9.990e-29
*END*
       3454      1.000    18.2308    18.2225    -0.0081    2.73549    2.73527          1     6.1611     6.1350      98.15     0.7035     0.2833  2.186e+01  0.1924000    19.6096    19.6118     0.0022    13.4742    13.4777      0.991      1.005      0.195    1499.10    1499.08  0.000e+00
       3484      1.500    18.2487    18.2527     0.0040    2.73457    2.73490          1     6.1504     6.1160      98.19     0.7194     0.2669  9.723e+00  0.2456000    19.5938    19.5944     0.0007    13.4582    13.4578      1.486      1.507      0.414    1499.14    1499.16  0.000e+00
       3512      2.000    18.2583    18.2553    -0.0029    2.73461    2.73459          1     6.1539     6.1219      98.11     0.7163     0.2399  4.857e+00  0.2434000    19.5894    19.5907     0.0013    13.4527    13.4543      1.981      2.010      0.469    1499.18    1499.17  0.000e+00
       3535      2.500    18.2578    18.2566    -0.0012    2.73510    2.73520          1     6.2024     6.1617      98.21     0.7198     0.2457  3.766e+00  0.2146000    19.5934    19.5947     0.0014    13.4558    13.4571      2.477      2.513      0.531    1499.19    1499.18  0.000e+00
       3558      3.000    18.2508    18.2500    -0.0007    2.73567    2.73572          1     6.3568     6.3255      98.22     0.7185     0.2591  3.155e+00  0.2173000    19.6012    19.6019     0.0008    13.4633    13.4641      2.972      3.015      0.520    1499.18    1499.18  0.000e+00
       3582      3.500    18.2166    18.2027    -0.0137    2.73751    2.73776          1     6.3082     6.3100      98.22     0.7175     0.2581  2.869e+00  0.2222000    19.6318    19.6403     0.0085    13.4942    13.5038      3.467      3.518      0.484    1499.12    1499.09  0.000e+00
       3607      4.000    17.8933    17.9125     0.0190    2.75125    2.74999          1     5.6689     6.0076      97.01     0.7537     0.2344  2.544e+00  0.2127000    19.8962    19.8768    -0.0193    13.7669    13.7480      3.963      4.020      0.505    1498.44    1498.48  0.000e+00
       3629      4.500    16.1000    16.0951    -0.0039    2.84408    2.84385          1     6.0653     6.6037      96.87     0.8650     0.2420  2.330e+00  0.2228000    21.5969    21.5977     0.0008    15.4432    15.4448      4.458      4.522      0.553    1494.73    1494.71  0.000e+00
       3651      5.000    13.0258    13.2552     0.2285    3.11632    3.10045          1     6.9809     7.3681      96.90     1.1046     0.3433  2.058e+00  0.2537000    25.8259    25.5298    -0.2961    19.2934    19.0228      4.953      5.022      0.529    1489.52    1489.95  0.000e+00
       3675      5.500    13.3758    13.3340    -0.0416    3.47598    3.44334          1     7.5032     7.6064      96.88     1.3677     0.3985  1.749e+00  0.3203000    28.8579    28.5906    -0.2674    21.5669    21.3690      5.449      5.522      0.500    1494.27    1493.82  0.000e+00
       3698      6.000    14.3196    14.2567    -0.0630    3.76808    3.74134          1     7.4146     7.3810      96.89     1.6929     0.3556  1.514e+00  0.3962000    30.8032    30.6098    -0.1934    22.8809    22.7447      5.944      6.020      0.526    1499.69    1499.26  0.000e+00
       3720      6.500    14.2655    14.2715     0.0060    3.84980    3.84689          1     7.2532     7.2986      96.87     1.9730     0.3712  1.322e+00  0.3674000    31.5925    31.5611    -0.0314    23.5007    23.4753      6.439      6.517      0.580    1500.45    1500.43  0.000e+00
       3740      7.000    13.7262    13.7018    -0.0245    3.84441    3.84317          1     7.2560     7.3272      96.90     1.9456     0.3325  1.137e+00  0.3825000    31.9885    31.9974     0.0089    23.9163    23.9281      6.935      7.015      0.617    1499.15    1499.08  0.000e+00
       3759      7.500    13.0470    13.0508     0.0036    3.83081    3.83125          1     7.2969     7.3523      96.92     1.9749     0.3165  9.656e-01  0.4120000    32.4349    32.4358     0.0009    24.3972    24.3971      7.430      7.512      0.612    1497.44    1497.45  0.000e+00
       3779      8.000    12.7360    12.7426     0.0068    3.82375    3.82441          1     7.3311     7.4068      96.93     2.1124     0.3932  8.389e-01  0.4574000    32.6352    32.6358     0.0006    24.6129    24.6121      7.926      8.009      0.589    1496.64    1496.66  0.000e+00
       3800      8.500    12.4882    12.4992     0.0109    3.80350    3.80482          1     7.3962     7.4657      96.94     2.4807     0.4350  7.225e-01  0.4508000    32.6569    32.6599     0.0030    24.6775    24.6777      8.421      8.506      0.571    1495.83    1495.87  0.000e+00
       3821      9.000    12.2089    12.2121     0.0030    3.78313    3.78384          1     7.3631     7.4476      96.96     2.5565     0.4680  6.293e-01  0.4417000    32.7047    32.7088     0.0041    24.7676    24.7702      8.916      9.003      0.567    1494.95    1494.96  0.000e+00
       3842      9.500    11.9890    11.9934     0.0041    3.77719    3.77757          1     7.3685     7.4661      96.96     2.6554     0.4653  5.431e-01  0.4464000    32.8403    32.8400    -0.0003    24.9141    24.9131      9.412      9.500      0.579    1494.36    1494.38  0.000e+00
       3862     10.000    11.4197    11.4268     0.0074    3.73247    3.73334          1     7.4400     7.4935      96.98     2.7886     0.4453  4.675e-01  0.4570000    32.9085    32.9108     0.0023    25.0718    25.0723      9.907      9.997      0.599    1492.48    1492.51  0.000e+00
       3882     10.500    11.1050    11.1076     0.0027    3.70833    3.70874          1     7.4357     7.4397      97.01     2.9345     0.4830  3.952e-01  0.4650000    32.9517    32.9534     0.0017    25.1620    25.1629     10.402     10.494      0.593    1491.44    1491.45  0.000e+00
       3903     11.000    10.8593    10.8696     0.0102    3.69838    3.69914          1     7.3941     7.3700      97.04     3.0714     0.5192  3.327e-01  0.4773000    33.0739    33.0721    -0.0018    25.3007    25.2975     10.897     10.991      0.566    1490.73    1490.77  0.000e+00
       3925     11.500    10.6649    10.6748     0.0099    3.68549    3.68651          1     7.3082     7.3325      97.06     3.1815     0.4708  2.862e-01  0.4584000    33.1210    33.1222     0.0012    25.3714    25.3707     11.393     11.487      0.527    1490.11    1490.15  0.000e+00
       3949     12.000    10.4316    10.4458     0.0140    3.67361    3.67489          1     7.2303     7.3166      97.07     3.2997     0.4795  2.436e-01  0.4672000    33.2140    33.2140    -0.0000    25.4842    25.4818     11.888     11.984      0.494    1489.40    1489.45  0.000e+00
       3973     12.500     9.9176     9.9590     0.0414    3.63409    3.63778          1     7.3716     7.4603      97.08     3.0112     0.4933  2.044e-01  0.4259000    33.2856    33.2849    -0.0007    25.6269    25.6195     12.384     12.480      0.496    1487.65    1487.80  0.000e+00
       3997     13.000     9.4155     9.4325     0.0172    3.59701    3.59852          1     7.5691     7.6216      97.09     2.9581     0.4849  1.704e-01  0.4060000    33.3711    33.3708    -0.0003    25.7765    25.7734     12.879     12.977      0.512    1485.94    1486.00  0.000e+00
       4020     13.500     9.2300     9.2380     0.0080    3.58650    3.58722          1     7.8140     7.8075      97.10     2.7030     0.4913  1.406e-01  0.3658000    33.4356    33.4356    -0.0000    25.8567    25.8554     13.374     13.473      0.520    1485.35    1485.38  0.000e+00
       4043     14.000     9.0732     9.0766     0.0034    3.57889    3.57936          1     7.7678     7.7451      97.11     2.3884     0.4074  1.157e-01  0.3364000    33.5036    33.5053     0.0017    25.9349    25.9357     13.870     13.970      0.514    1484.86    1484.88  0.000e+00
       4067     14.500     8.8865     8.8888     0.0022    3.57123    3.57140          1     7.4816     7.4547      97.11     2.3510     0.3673  9.483e-02  0.3401000    33.5998    33.5994    -0.0004    26.0396    26.0389     14.365     14.466      0.505    1484.30    1484.30  0.000e+00
       4091     15.000     8.1541     8.1515    -0.0025    3.50215    3.50181          1     7.4616     7.4146      97.15     2.4757     0.3950  7.154e-02  0.3409000    33.5672    33.5661    -0.0011    26.1251    26.1246     14.860     14.963      0.501    1481.52    1481.51  0.000e+00
       4115     15.500     7.8332     7.8485     0.0154    3.49687    3.49957          1     7.8223     7.9058      97.89     2.5814     0.3970  5.618e-02  0.3436000    33.8198    33.8340     0.0141    26.3713    26.3802     15.355     15.459      0.501    1480.63    1480.71  0.000e+00
       4139     16.000     8.1260     8.1252    -0.0007    3.54716    3.54710          1     8.3579     8.3721      98.51     2.9599     0.4681  3.760e-02  0.3974000    34.0747    34.0747     0.0001    26.5283    26.5285     15.851     15.955      0.500    1482.07    1482.06  0.000e+00
       4163     16.500     8.1279     8.1330     0.0051    3.55382    3.55429          1     8.5956     8.4898      98.51     3.1906     0.4641  2.638e-02  0.4449000    34.1437    34.1437    -0.0000    26.5823    26.5815     16.346     16.451      0.505    1482.17    1482.19  0.000e+00
       4186     17.000     8.0811     8.0837     0.0026    3.55446    3.55478          1     8.6123     8.5098      98.52     3.2423     0.4735  1.756e-02  0.4402000    34.1960    34.1968     0.0009    26.6303    26.6306     16.841     16.947      0.517    1482.06    1482.07  0.000e+00
       4209     17.500     7.8951     7.8987     0.0035    3.54634    3.54665          1     8.6477     8.5400      98.51     3.2886     0.4645  4.802e-03  0.4391000    34.2909    34.2907    -0.0002    26.7324    26.7318     17.337     17.443      0.531    1481.49    1481.50  0.000e+00
       4232     18.000     7.7200     7.7253     0.0053    3.53711    3.53761          1     8.6934     8.5735      98.51     3.1925     0.4658  4.291e-04  0.4058000    34.3636    34.3637     0.0001    26.8153    26.8146     17.832     17.939      0.524    1480.92    1480.94  0.000e+00
       4255     18.500     7.6600     7.6635     0.0034    3.53335    3.53371          1     8.6986     8.5983      98.50     3.2691     0.4969  6.511e-06  0.4166000    34.3819    34.3824     0.0005    26.8384    26.8383     18.327     18.435      0.496    1480.72    1480.74  0.000e+00
       4280     19.000     7.6037     7.6070     0.0033    3.53042    3.53064          1     8.7009     8.6177      98.51     3.3266     0.4411  3.345e-13  0.4691000    34.4058    34.4049    -0.0009    26.8653    26.8641     18.823     18.931      0.475    1480.54    1480.56  0.000e+00
       4305     19.500     7.4549     7.4597     0.0048    3.51897    3.51936          1     8.6533     8.4791      98.52     3.2905     0.4493  1.000e-12  0.5085000    34.4287    34.4283    -0.0004    26.9048    26.9038     19.318     19.427      0.492    1480.01    1480.03  0.000e+00
       4329     20.000     7.3239     7.3276     0.0037    3.50936    3.50969          1     8.4778     8.2424      98.52     3.6335     0.5011  1.000e-12  0.5895000    34.4542    34.4541    -0.0000    26.9435    26.9429     19.813     19.923      0.528    1479.55    1479.57  0.000e+00
       4351     20.500     7.2813     7.2848     0.0036    3.50835    3.50861          1     8.2545     8.0083      98.52     4.2028     0.5842  1.000e-12  0.6633000    34.4854    34.4848    -0.0007    26.9741    26.9731     20.309     20.419      0.544    1479.44    1479.45  0.000e+00
       4373     21.000     7.2930     7.2953     0.0024    3.51347    3.51365          1     7.9496     7.6909      98.52     4.6674     0.5996  1.000e-12  0.6579000    34.5295    34.5291    -0.0004    27.0072    27.0065     20.804     20.915      0.524    1479.54    1479.55  0.000e+00
       4397     21.500     7.2718     7.2687    -0.0031    3.51379    3.51352          1     7.6338     7.3952      98.52     4.8265     0.5736  1.000e-12  0.5923000    34.5538    34.5540     0.0001    27.0293    27.0298     21.299     21.411      0.491    1479.50    1479.49  0.000e+00
       4422     22.000     7.1380     7.1450     0.0069    3.50083    3.50146          1     7.5234     7.3814      98.52     4.9750     0.5477  1.000e-12  0.6131000    34.5457    34.5456    -0.0001    27.0417    27.0407     21.794     21.906      0.480    1478.98    1479.01  0.000e+00
       4447     22.500     7.0921     7.0963     0.0042    3.49833    3.49867          1     7.6943     7.6850      98.52     5.2653     0.5605  1.000e-12  0.6801000    34.5639    34.5635    -0.0004    27.0625    27.0616     22.290     22.402      0.509    1478.84    1478.85  0.000e+00
       4469     23.000     7.1386     7.1406     0.0020    3.50573    3.50584          1     7.9472     7.9287      98.52     5.0589     0.5665  1.000e-12  0.6480000    34.5984    34.5976    -0.0008    27.0831    27.0822     22.785     22.898      0.549    1479.07    1479.07  0.000e+00
       4491     23.500     7.0921     7.0959     0.0037    3.50329    3.50359          1     8.0030     7.8941      98.53     4.4097     0.5534  1.000e-12  0.4865000    34.6180    34.6175    -0.0005    27.1050    27.1041     23.280     23.394      0.553    1478.92    1478.94  0.000e+00
       4512     24.000     7.0433     7.0467     0.0034    3.50043    3.50071          1     7.8783     7.7100      98.53     4.0670     0.5291  1.000e-12  0.3962000    34.6354    34.6350    -0.0003    27.1255    27.1248     23.776     23.890      0.543    1478.76    1478.78  0.000e+00
       4535     24.500     7.0027     7.0076     0.0049    3.49862    3.49900          1     7.7199     7.5594      98.53     4.1816     0.5004  1.000e-12  0.3848000    34.6561    34.6553    -0.0008    27.1475    27.1462     24.271     24.386      0.535    1478.64    1478.66  0.000e+00
       4557     25.000     6.9710     6.9741     0.0030    3.49654    3.49680          1     7.5659     7.4064      98.53     3.8929     0.5127  1.000e-12  0.3585000    34.6648    34.6646    -0.0002    27.1588    27.1582     24.766     24.881      0.531    1478.54    1478.55  0.000e+00
       4580     25.500     6.9712     6.9737     0.0025    3.49747    3.49765          1     7.3931     7.2409      98.54     3.7056     0.4642  1.000e-12  0.3509000    34.6747    34.6742    -0.0005    27.1665    27.1658     25.262     25.377      0.539    1478.56    1478.57  0.000e+00
       4602     26.000     6.9640     6.9671     0.0030    3.49740    3.49757          1     7.2479     7.1005      98.54     3.5254     0.3907  1.000e-12  0.3438000    34.6809    34.6797    -0.0012    27.1724    27.1710     25.757     25.873      0.555    1478.55    1478.56  0.000e+00
       4623     26.500     6.9385     6.9414     0.0030    3.49586    3.49609          1     7.1224     6.9721      98.54     3.1862     0.3710  1.000e-12  0.3268000    34.6895    34.6890    -0.0004    27.1827    27.1819     26.252     26.369      0.561    1478.47    1478.48  0.000e+00
       4645     27.000     6.8832     6.8861     0.0029    3.49187    3.49210          1     7.0061     6.8697      98.54     2.9587     0.4707  1.000e-12  0.3097000    34.7011    34.7006    -0.0005    27.1994    27.1987     26.747     26.865      0.548    1478.27    1478.28  0.000e+00
       4667     27.500     6.8511     6.8543     0.0031    3.49022    3.49043          1     6.9285     6.8104      98.49     2.9015     0.4418  1.000e-12  0.2934000    34.7150    34.7141    -0.0009    27.2148    27.2137     27.243     27.360      0.531    1478.18    1478.19  0.000e+00
       4690     28.000     6.8238     6.8269     0.0031    3.48859    3.48880          1     6.8847     6.7735      98.46     2.7846     0.3744  1.000e-12  0.2811000    34.7244    34.7235    -0.0009    27.2259    27.2249     27.738     27.856      0.524    1478.09    1478.10  0.000e+00
