ctdpy/exports/archive_20191121_122431/received_data/SBE09_0827_20180126_1105_26_01_0216.cnv
* Sea-Bird SBE 9 Data File:
* FileName = D:\CTD_SBE911\DAT\26DA.2018.1.116.hex
* Software Version Seasave V 7.21d
* Temperature SN = 034757
* Conductivity SN = 041844
* Number of Bytes Per Scan = 48
* Number of Voltage Words = 5
* Number of Scans Averaged by the Deck Unit = 1
* NMEA Latitude = 56 54.49 N
* NMEA Longitude = 011 42.74 E
* NMEA UTC (Time) = Jan 26 2018  11:05:55
* NMEA baud rate = 4800
** Ship: DANA
** Average sound velocity: 1468.64 m/s
** True-depth calculation Thu, 28 Mar 2019 08:30:37 +0000
** CTD Python Module SMHI /ver 3-12/ feb 2012 
** LIMS Job: 20182601-0216
** Sanden
** Operator: Ronny Sørensen
** Cruise: 01/2018
# nquan = 26
# nvalues = 115                         
# units = specified
# name 0 = scan: Scan Count
# name 1 = prDM: Pressure, Digiquartz [db]
# name 2 = t090C: Temperature [ITS-90, deg C]
# name 3 = t190C: Temperature, 2 [ITS-90, deg C]
# name 4 = T2-T190C: Temperature Difference, 2 - 1 [ITS-90, deg C]
# name 5 = c0S/m: Conductivity [S/m]
# name 6 = c1S/m: Conductivity, 2 [S/m]
# name 7 = pumps: Pump Status
# name 8 = sbeox1ML/L: Oxygen, SBE 43, 2 [ml/l]
# name 9 = sbeox0ML/L: Oxygen, SBE 43 [ml/l]
# name 10 = altM: Altimeter [m]
# name 11 = chloroflTC0: Chlorophyll, Turner Cyclops [ug/l]
# name 12 = cpar: CPAR/Corrected Irradiance [%]
# name 13 = par: PAR/Irradiance, Biospherical/Lico [µE/(cm^2*s)]
# name 14 = spar: SPAR, Biospherical/Licor
# name 15 = sal00: Salinity, Practical [PSU]
# name 16 = sal11: Salinity, Practical, 2 [PSU]
# name 17 = secS-priS: Salinity, Practical, Difference, 2 - 1 [PSU]
# name 18 = sigma-t00: Density [sigma-t, kg/m^3 ]
# name 19 = sigma-t11: Density, 2 [sigma-t, kg/m^3 ]
# name 20 = depSM: Depth [salt water, m], lat = 56.9082
# name 21 = depFM: Depth [true depth, m], lat = 56.9082
# name 22 = dz/dtM: Descent Rate [m/s], WS = 2
# name 23 = svCM: Sound Velocity [Chen-Millero, m/s]
# name 24 = svCM1: Sound Velocity, 2 [Chen-Millero, m/s]
# name 25 = flag: flag
# span 0 =        157,       5876       
# span 1 =      1.500,     58.500       
# span 2 =     3.6082,     7.1906       
# span 3 =     3.6103,     7.1865       
# span 4 =    -0.3631,     0.0166       
# span 5 =   1.720564,   3.404265       
# span 6 =   1.720151,   3.403350       
# span 7 =          1,          1       
# span 8 =     5.6359,     7.5608       
# span 9 =     5.8307,     7.9187       
# span 10 =       1.84,      10.00      
# span 11 =     0.0176,     0.0442      
# span 12 = 6.3552e-14, 6.0945e+00      
# span 13 = 1.0000e-12, 9.5171e+01      
# span 14 = 1.5352e+03, 1.5738e+03      
# span 15 =    17.5816,    33.4201      
# span 16 =    17.5776,    33.4141      
# span 17 =    -2.3177,     0.0003      
# span 18 =    13.9781,    26.1482      
# span 19 =    13.9750,    26.1441      
# span 20 =      1.486,     57.955      
# span 21 =      1.507,     58.255      
# span 22 =      0.096,      0.283      
# span 23 =    1442.76,    1478.38      
# span 24 =    1442.75,    1478.36      
# span 25 = 0.0000e+00, 0.0000e+00      
# interval = decibars: 0.5              
# start_time = Jan 26 2018 11:05:55 [NMEA time, first data scan]
# bad_flag = -9.990e-29
*END*
        157      1.500     3.6453     3.6447    -0.0007    1.72070    1.72025          1     7.5164     7.9187      10.00     0.0176  6.095e+00  9.517e+01  1.562e+03    17.5844    17.5798    -0.0046    13.9804    13.9767      1.486      1.507      0.096    1442.76    1442.75  0.000e+00
        305      2.000     3.6453     3.6438    -0.0015    1.72065    1.72015          1     7.4822     7.3621      10.00     0.0189  5.473e+00  8.559e+01  1.564e+03    17.5837    17.5790    -0.0047    13.9798    13.9761      1.982      2.009      0.243    1442.77    1442.76  0.000e+00
        355      2.500     3.6457     3.6443    -0.0014    1.72061    1.72025          1     7.5065     7.5203      10.00     0.0180  4.234e+00  6.626e+01  1.565e+03    17.5830    17.5796    -0.0033    13.9792    13.9766      2.477      2.511      0.225    1442.78    1442.77  0.000e+00
        412      3.000     3.6458     3.6448    -0.0009    1.72056    1.72027          1     7.4857     7.6055      10.00     0.0181  3.330e+00  5.207e+01  1.564e+03    17.5823    17.5795    -0.0027    13.9786    13.9765      2.972      3.013      0.254    1442.78    1442.78  0.000e+00
        452      3.500     3.6455     3.6449    -0.0006    1.72061    1.72023          1     7.4926     7.6159      10.00     0.0192  2.617e+00  4.092e+01  1.564e+03    17.5827    17.5788    -0.0039    13.9790    13.9760      3.468      3.516      0.283    1442.79    1442.78  0.000e+00
        507      4.000     3.6456     3.6450    -0.0005    1.72060    1.72027          1     7.5380     7.6350      10.00     0.0188  2.471e+00  3.870e+01  1.566e+03    17.5825    17.5790    -0.0034    13.9788    13.9761      3.963      4.018      0.223    1442.80    1442.79  0.000e+00
        557      4.500     3.6454     3.6449    -0.0005    1.72061    1.72024          1     7.5532     7.6350      10.00     0.0193  2.172e+00  3.402e+01  1.566e+03    17.5825    17.5786    -0.0039    13.9789    13.9758      4.459      4.520      0.261    1442.81    1442.80  0.000e+00
        605      5.000     3.6452     3.6449    -0.0003    1.72068    1.72021          1     7.5608     7.6436      10.00     0.0193  1.786e+00  2.799e+01  1.568e+03    17.5832    17.5781    -0.0051    13.9794    13.9754      4.954      5.022      0.234    1442.81    1442.81  0.000e+00
        657      5.500     3.6454     3.6449    -0.0004    1.72068    1.72023          1     7.5192     7.6499       9.99     0.0193  1.509e+00  2.362e+01  1.565e+03    17.5830    17.5783    -0.0047    13.9793    13.9755      5.449      5.525      0.233    1442.82    1442.81  0.000e+00
        706      6.000     3.6450     3.6448    -0.0003    1.72079    1.72028          1     7.5427     7.6426       9.99     0.0194  1.357e+00  2.124e+01  1.565e+03    17.5842    17.5787    -0.0055    13.9802    13.9759      5.945      6.027      0.258    1442.83    1442.82  0.000e+00
        752      6.500     3.6453     3.6447    -0.0007    1.72071    1.72033          1     7.5493     7.6362       9.99     0.0193  1.123e+00  1.760e+01  1.567e+03    17.5830    17.5792    -0.0038    13.9793    13.9763      6.440      6.529      0.254    1442.84    1442.83  0.000e+00
        801      7.000     3.6455     3.6447    -0.0009    1.72064    1.72034          1     7.5367     7.6396       9.98     0.0195  1.027e+00  1.570e+01  1.535e+03    17.5820    17.5791    -0.0029    13.9785    13.9762      6.936      7.031      0.251    1442.85    1442.84  0.000e+00
        844      7.500     3.6456     3.6450    -0.0006    1.72062    1.72023          1     7.5567     7.6501       9.98     0.0196  8.505e-01  1.335e+01  1.570e+03    17.5816    17.5776    -0.0040    13.9781    13.9750      7.431      7.534      0.280    1442.85    1442.85  0.000e+00
        895      8.000     3.6450     3.6450     0.0000    1.72094    1.72029          1     7.5455     7.6480       9.98     0.0197  7.270e-01  1.142e+01  1.571e+03    17.5853    17.5781    -0.0072    13.9811    13.9754      7.926      8.036      0.201    1442.87    1442.85  0.000e+00
        956      8.500     3.6451     3.6448    -0.0003    1.72091    1.72046          1     7.5573     7.6430       9.97     0.0195  6.239e-01  9.762e+00  1.565e+03    17.5847    17.5799    -0.0049    13.9807    13.9768      8.422      8.538      0.221    1442.87    1442.86  0.000e+00
       1008      9.000     3.6422     3.6442     0.0020    1.72186    1.72060          1     7.5372     7.6491       9.97     0.0196  5.469e-01  8.498e+00  1.554e+03    17.5968    17.5816    -0.0152    13.9904    13.9782      8.917      9.040      0.223    1442.88    1442.87  0.000e+00
       1059      9.500     3.6333     3.6392     0.0059    1.72479    1.72197          1     7.5339     7.6450       9.97     0.0198  4.625e-01  7.215e+00  1.560e+03    17.6340    17.5994    -0.0346    14.0203    13.9926      9.413      9.543      0.265    1442.90    1442.88  0.000e+00
       1102     10.000     3.6266     3.6332     0.0066    1.72811    1.72390          1     7.5462     7.6124       9.97     0.0195  4.092e-01  6.401e+00  1.564e+03    17.6743    17.6239    -0.0504    14.0527    14.0124      9.908     10.045      0.271    1442.93    1442.89  0.000e+00
       1148     10.500     3.6082     3.6249     0.0166    1.73968    1.72759          1     7.5141     7.5951       9.96     0.0196  3.596e-01  5.646e+00  1.570e+03    17.8130    17.6693    -0.1437    14.1637    14.0488     10.403     10.547      0.262    1443.03    1442.92  0.000e+00
       1194     11.000     3.6110     3.6103    -0.0007    1.76926    1.74083          1     7.4922     7.5859       9.96     0.0204  3.100e-01  4.873e+00  1.572e+03    18.1409    17.8245    -0.3164    14.4239    14.1727     10.899     11.049      0.246    1443.48    1443.07  0.000e+00
       1247     11.500     3.6789     3.6297    -0.0492    1.79945    1.76763          1     7.4712     7.5091       9.96     0.0209  2.716e-01  4.263e+00  1.570e+03    18.4394    18.1122    -0.3271    14.6572    14.4001     11.394     11.551      0.220    1444.16    1443.53  0.000e+00
       1303     12.000     3.7669     3.6989    -0.0678    1.84133    1.80135          1     7.3482     7.4260       9.96     0.0211  2.397e-01  3.743e+00  1.562e+03    18.8557    18.4492    -0.4065    14.9826    14.6639     11.890     12.053      0.214    1445.09    1444.27  0.000e+00
       1357     12.500     4.1024     3.9334    -0.1691    1.97457    1.89216          1     7.2131     7.1804       9.96     0.0208  2.097e-01  3.282e+00  1.565e+03    20.1396    19.3244    -0.8152    15.9805    15.3447     12.385     12.554      0.234    1448.21    1446.43  0.000e+00
       1405     13.000     4.4680     4.2366    -0.2317    2.09793    1.99512          1     7.0105     6.9663       9.96     0.0206  1.829e-01  2.866e+00  1.567e+03    21.2787    20.2850    -0.9937    16.8575    16.0868     12.880     13.056      0.267    1451.24    1448.98  0.000e+00
       1448     13.500     5.0590     4.6955    -0.3631    2.33479    2.15363          1     6.8310     6.6524       9.96     0.0210  1.671e-01  2.623e+00  1.570e+03    23.4955    21.7450    -1.7505    18.5631    17.2091     13.376     13.556      0.274    1456.57    1452.81  0.000e+00
       1498     14.000     5.5857     5.2493    -0.3363    2.62115    2.38775          1     6.5621     6.3351       9.95     0.0213  1.475e-01  2.320e+00  1.572e+03    26.2618    23.9441    -2.3177    20.6986    18.9008     13.871     14.055      0.216    1462.26    1457.94  0.000e+00
       1555     14.500     5.8359     5.6840    -0.1520    2.81730    2.69074          1     6.3073     6.2369       9.95     0.0227  1.324e-01  2.083e+00  1.573e+03    28.2236    26.9519    -1.2718    22.2209    21.2335     14.366     14.554      0.219    1465.77    1463.55  0.000e+00
       1607     15.000     5.9323     5.8623    -0.0700    2.88395    2.82045          1     6.1766     6.2556       9.95     0.0242  1.192e-01  1.868e+00  1.568e+03    28.8779    28.2360    -0.6419    22.7265    22.2278     14.862     15.052      0.227    1466.99    1465.90  0.000e+00
       1664     15.500     5.9715     5.9421    -0.0293    2.90556    2.88285          1     6.1424     6.2288       9.95     0.0239  1.051e-01  1.647e+00  1.566e+03    29.0828    28.8572    -0.2256    22.8837    22.7090     15.357     15.550      0.213    1467.42    1467.02  0.000e+00
       1714     16.000     6.1158     6.0494    -0.0664    2.98277    2.93418          1     6.1097     6.1850       9.95     0.0239  9.482e-02  1.487e+00  1.568e+03    29.8094    29.3312    -0.4782    23.4403    23.0708     15.853     16.048      0.265    1468.92    1468.05  0.000e+00
       1759     16.500     6.2104     6.1689    -0.0414    3.02963    2.99570          1     6.0763     6.1511       9.95     0.0244  8.385e-02  1.316e+00  1.569e+03    30.2428    29.9053    -0.3375    23.7710    23.5097     16.348     16.545      0.259    1469.85    1469.26  0.000e+00
       1808     17.000     6.2426     6.2173    -0.0253    3.05249    3.03347          1     6.0286     6.1766       9.95     0.0248  7.411e-02  1.166e+00  1.573e+03    30.4659    30.2788    -0.1872    23.9431    23.7985     16.843     17.043      0.230    1470.27    1469.94  0.000e+00
       1862     17.500     6.2938     6.2799    -0.0140    3.06794    3.05832          1     6.0760     6.1440       9.95     0.0253  6.533e-02  1.027e+00  1.572e+03    30.5901    30.4966    -0.0936    24.0349    23.9628     17.339     17.540      0.232    1470.64    1470.47  0.000e+00
       1913     18.000     6.2978     6.2880    -0.0097    3.07574    3.06713          1     6.0591     6.1355       9.95     0.0256  5.771e-02  9.050e-01  1.568e+03    30.6723    30.5862    -0.0861    24.0992    24.0325     17.834     18.037      0.226    1470.77    1470.62  0.000e+00
       1965     18.500     6.3091     6.3042    -0.0049    3.08247    3.07649          1     5.9992     6.1182       9.95     0.0257  4.961e-02  7.777e-01  1.568e+03    30.7360    30.6746    -0.0615    24.1481    24.1002     18.329     18.535      0.245    1470.90    1470.80  0.000e+00
       2011     19.000     6.3165     6.2979    -0.0186    3.09333    3.08069          1     6.0013     6.1225       9.95     0.0258  4.381e-02  6.867e-01  1.568e+03    30.8488    30.7264    -0.1224    24.2361    24.1419     18.825     19.032      0.267    1471.08    1470.85  0.000e+00
       2059     19.500     6.4065     6.3484    -0.0580    3.12137    3.09802          1     6.0207     6.0711       9.95     0.0261  3.803e-02  5.973e-01  1.571e+03    31.0759    30.8714    -0.2044    24.4041    24.2501     19.320     19.529      0.241    1471.73    1471.24  0.000e+00
       2106     20.000     6.4177     6.3981    -0.0197    3.13480    3.11813          1     5.9706     6.0675       9.95     0.0257  3.269e-02  5.138e-01  1.572e+03    31.2134    31.0477    -0.1657    24.5111    24.3829     19.816     20.026      0.274    1471.96    1471.67  0.000e+00
       2152     20.500     6.4471     6.4165    -0.0306    3.14631    3.13315          1     5.9545     6.0696       9.95     0.0270  2.803e-02  4.405e-01  1.572e+03    31.3129    31.1960    -0.1169    24.5860    24.4976     20.311     20.523      0.234    1472.21    1471.94  0.000e+00
       2208     21.000     6.4866     6.4609    -0.0258    3.15960    3.14669          1     5.9301     6.0470       9.95     0.0258  2.380e-02  3.709e-01  1.558e+03    31.4228    31.3043    -0.1186    24.6677    24.5774     20.806     21.020      0.222    1472.51    1472.26  0.000e+00
       2257     21.500     6.4874     6.4621    -0.0253    3.16310    3.15217          1     5.9792     6.0576       9.95     0.0258  1.963e-02  3.079e-01  1.568e+03    31.4603    31.3632    -0.0971    24.6971    24.6238     21.302     21.517      0.260    1472.57    1472.34  0.000e+00
       2302     22.000     6.4861     6.4649    -0.0212    3.16571    3.15452          1     5.9832     6.0612       9.95     0.0259  1.626e-02  2.551e-01  1.569e+03    31.4900    31.3863    -0.1037    24.7207    24.6416     21.797     22.014      0.262    1472.61    1472.39  0.000e+00
       2349     22.500     6.4888     6.4649    -0.0238    3.16811    3.15588          1     5.9508     6.0587       9.95     0.0260  1.297e-02  2.039e-01  1.572e+03    31.5137    31.4011    -0.1126    24.7391    24.6532     22.292     22.511      0.257    1472.66    1472.42  0.000e+00
       2395     23.000     6.5152     6.4762    -0.0390    3.17792    3.16160          1     5.9297     6.0470       9.95     0.0268  1.032e-02  1.624e-01  1.574e+03    31.5971    31.4534    -0.1437    24.8014    24.6931     22.788     23.008      0.266    1472.87    1472.54  0.000e+00
       2441     23.500     6.5916     6.5006    -0.0911    3.21070    3.17041          1     5.9661     6.0390       9.95     0.0259  7.634e-03  1.200e-01  1.572e+03    31.8865    31.5277    -0.3588    25.0199    24.7486     23.283     23.505      0.245    1473.55    1472.74  0.000e+00
       2493     24.000     6.6256     6.5258    -0.0998    3.23088    3.18201          1     5.8804     6.0430       9.95     0.0264  5.314e-03  8.351e-02  1.571e+03    32.0766    31.6318    -0.4447    25.1653    24.8275     23.778     24.002      0.232    1473.93    1472.98  0.000e+00
       2542     24.500     6.6269     6.5844    -0.0426    3.23148    3.20848          1     5.8344     6.0485       9.95     0.0264  3.254e-03  5.104e-02  1.568e+03    32.0816    31.8683    -0.2132    25.1691    25.0065     24.274     24.499      0.254    1473.95    1473.51  0.000e+00
       2591     25.000     6.6271     6.5962    -0.0309    3.23154    3.21671          1     5.8330     6.0481       9.95     0.0268  1.377e-03  2.159e-02  1.568e+03    32.0819    31.9477    -0.1342    25.1693    25.0675     24.769     24.995      0.239    1473.96    1473.67  0.000e+00
       2639     25.500     6.6293     6.6012    -0.0281    3.23208    3.22003          1     5.9399     6.0343       9.95     0.0268  9.024e-05  1.415e-03  1.568e+03    32.0856    31.9793    -0.1063    25.1720    25.0918     25.264     25.492      0.268    1473.98    1473.73  0.000e+00
       2682     26.000     6.6461     6.5947    -0.0514    3.23758    3.21892          1     5.8975     6.0284       9.95     0.0261  1.236e-06  1.937e-05  1.570e+03    32.1300    31.9729    -0.1571    25.2048    25.0876     25.760     25.989      0.269    1474.11    1473.71  0.000e+00
       2731     26.500     6.6855     6.6018    -0.0837    3.24924    3.22193          1     5.9343     6.0271       9.95     0.0256  6.362e-14  1.000e-12  1.572e+03    32.2209    31.9992    -0.2217    25.2713    25.1074     26.255     26.486      0.229    1474.39    1473.78  0.000e+00
       2783     27.000     6.6894     6.6116    -0.0778    3.25043    3.22472          1     5.9316     6.0305       9.95     0.0265  6.362e-14  1.000e-12  1.572e+03    32.2301    32.0204    -0.2097    25.2780    25.1228     26.750     26.982      0.246    1474.42    1473.85  0.000e+00
       2832     27.500     6.6921     6.6321    -0.0601    3.25111    3.23133          1     5.8920     6.0305       9.95     0.0261  6.373e-14  1.000e-12  1.569e+03    32.2347    32.0737    -0.1610    25.2814    25.1622     27.246     27.479      0.231    1474.44    1474.01  0.000e+00
       2886     28.000     6.6808     6.6454    -0.0354    3.25463    3.23570          1     5.9000     6.0324       9.95     0.0268  6.376e-14  1.000e-12  1.568e+03    32.2839    32.1090    -0.1749    25.3216    25.1883     27.741     27.976      0.230    1474.47    1474.11  0.000e+00
       2933     28.500     6.6639     6.6622    -0.0018    3.25582    3.24465          1     5.9040     6.0404       9.95     0.0263  6.378e-14  1.000e-12  1.568e+03    32.3126    32.1914    -0.1212    25.3464    25.2511     28.237     28.472      0.280    1474.45    1474.29  0.000e+00
