ctdpy/exports/archive_20191121_122431/received_data/SBE09_0827_20180824_1010_26_01_0884.cnv
* Sea-Bird SBE 9 Data File:
* FileName = D:\CTD_SBE911\DAT\26DA.2018.8.84.hex
* Software Version Seasave V 7.21d
* Temperature SN = 034605
* Conductivity SN = 041844
* Number of Bytes Per Scan = 48
* Number of Voltage Words = 5
* Number of Scans Averaged by the Deck Unit = 1
* NMEA Latitude = 58 00.68 N
* NMEA Longitude = 010 51.47 E
* NMEA UTC (Time) = Aug 24 2018  10:12:24
* NMEA baud rate = 4800
** Ship: DANA
** Average sound velocity: 1488.80 m/s
** True-depth calculation Thu, 28 Mar 2019 09:26:37 +0000
** CTD Python Module SMHI /ver 3-12/ feb 2012 
** LIMS Job: 20182601-0884
**  GROPEN VÆST
** Operator: Christian
** Cruise: 08/2018
# nquan = 26
# nvalues = 375                         
# units = specified
# name 0 = scan: Scan Count
# name 1 = prDM: Pressure, Digiquartz [db]
# name 2 = t090C: Temperature [ITS-90, deg C]
# name 3 = t190C: Temperature, 2 [ITS-90, deg C]
# name 4 = T2-T190C: Temperature Difference, 2 - 1 [ITS-90, deg C]
# name 5 = c0S/m: Conductivity [S/m]
# name 6 = c1S/m: Conductivity, 2 [S/m]
# name 7 = pumps: Pump Status
# name 8 = sbeox1ML/L: Oxygen, SBE 43, 2 [ml/l]
# name 9 = sbeox0ML/L: Oxygen, SBE 43 [ml/l]
# name 10 = altM: Altimeter [m]
# name 11 = chloroflTC0: Chlorophyll, Turner Cyclops [ug/l]
# name 12 = cpar: CPAR/Corrected Irradiance [%]
# name 13 = par: PAR/Irradiance, Biospherical/Lico [µE/(cm^2*s)]
# name 14 = spar: SPAR, Biospherical/Licor
# name 15 = sal00: Salinity, Practical [PSU]
# name 16 = sal11: Salinity, Practical, 2 [PSU]
# name 17 = secS-priS: Salinity, Practical, Difference, 2 - 1 [PSU]
# name 18 = sigma-t00: Density [sigma-t, kg/m^3 ]
# name 19 = sigma-t11: Density, 2 [sigma-t, kg/m^3 ]
# name 20 = depSM: Depth [salt water, m], lat = 58.0113
# name 21 = depFM: Depth [true depth, m], lat = 58.0113
# name 22 = dz/dtM: Descent Rate [m/s], WS = 2
# name 23 = svCM: Sound Velocity [Chen-Millero, m/s]
# name 24 = svCM1: Sound Velocity, 2 [Chen-Millero, m/s]
# name 25 = flag: flag
# span 0 =        143,      16801       
# span 1 =      1.500,    188.500       
# span 2 =     6.5809,    17.4775       
# span 3 =     6.5807,    17.4683       
# span 4 =    -0.2836,     1.2332       
# span 5 =   3.508051,   4.325748       
# span 6 =   3.508304,   4.325328       
# span 7 =          1,          1       
# span 8 =     5.3932,     6.7874       
# span 9 =     5.4569,     6.7866       
# span 10 =       3.24,      10.31      
# span 11 =     0.0270,     0.2246      
# span 12 = 7.9937e-14, 9.8239e+00      
# span 13 = 1.0000e-12, 1.2623e+02      
# span 14 = 9.8229e+02, 1.2858e+03      
# span 15 =    31.3082,    35.1865      
# span 16 =    31.3110,    35.1899      
# span 17 =    -0.4315,     0.2220      
# span 18 =    22.6049,    27.5644      
# span 19 =    22.6074,    27.5660      
# span 20 =      1.486,    186.668      
# span 21 =      1.494,    187.029      
# span 22 =     -0.037,      0.715      
# span 23 =    1479.85,    1512.56      
# span 24 =    1479.89,    1512.57      
# span 25 = 0.0000e+00, 0.0000e+00      
# interval = decibars: 0.5              
# start_time = Aug 24 2018 10:12:24 [NMEA time, first data scan]
# bad_flag = -9.990e-29
*END*
        143      1.500    17.3347    17.3344    -0.0003    4.09434    4.09460          1     5.6813     5.5393      10.31     0.1292  9.824e+00  1.262e+02  1.286e+03    31.3117    31.3142     0.0025    22.6076    22.6096      1.486      1.494      0.178    1509.64    1509.65  0.000e+00
        370      2.000    17.3345    17.3343    -0.0003    4.09444    4.09471          1     5.7129     5.5380       8.63     0.1230  8.414e+00  1.059e+02  1.258e+03    31.3125    31.3150     0.0024    22.6083    22.6102      1.982      1.992      0.188    1509.65    1509.66  0.000e+00
        436      2.500    17.3350    17.3345    -0.0005    4.09459    4.09480          1     5.7026     5.5360      10.09     0.1284  7.547e+00  9.353e+01  1.239e+03    31.3132    31.3154     0.0022    22.6087    22.6104      2.477      2.490      0.407    1509.66    1509.67  0.000e+00
        472      3.000    17.3359    17.3351    -0.0008    4.09485    4.09496          1     5.7029     5.5425       9.98     0.1321  6.624e+00  8.199e+01  1.238e+03    31.3146    31.3161     0.0015    22.6095    22.6109      2.972      2.988      0.393    1509.68    1509.67  0.000e+00
        543      3.500    17.3361    17.3364     0.0004    4.09487    4.09541          1     5.7367     5.5407       9.98     0.1369  6.175e+00  7.680e+01  1.244e+03    31.3144    31.3188     0.0044    22.6093    22.6126      3.468      3.486      0.715    1509.68    1509.69  0.000e+00
        557      4.000    17.3351    17.3352     0.0001    4.09454    4.09515          1     5.7308     5.5405       9.98     0.1393  5.553e+00  6.924e+01  1.247e+03    31.3122    31.3174     0.0052    22.6079    22.6118      3.963      3.984      0.649    1509.69    1509.69  0.000e+00
        602      4.500    17.3346    17.3344    -0.0003    4.09445    4.09478          1     5.7443     5.5417       9.98     0.1427  5.263e+00  6.606e+01  1.255e+03    31.3116    31.3147     0.0031    22.6075    22.6100      4.458      4.482      0.368    1509.69    1509.70  0.000e+00
        651      5.000    17.3344    17.3335    -0.0009    4.09443    4.09467          1     5.7432     5.5425       9.98     0.1463  5.001e+00  6.311e+01  1.262e+03    31.3115    31.3142     0.0028    22.6075    22.6098      4.954      4.980      0.522    1509.70    1509.70  0.000e+00
        681      5.500    17.3336    17.3334    -0.0002    4.09425    4.09460          1     5.7256     5.5422       9.98     0.1514  4.649e+00  5.889e+01  1.267e+03    31.3104    31.3135     0.0031    22.6068    22.6093      5.449      5.478      0.327    1509.71    1509.71  0.000e+00
        747      6.000    17.3334    17.3327    -0.0007    4.09426    4.09447          1     5.7440     5.5401       9.98     0.1543  4.341e+00  5.503e+01  1.268e+03    31.3104    31.3127     0.0023    22.6069    22.6088      5.944      5.976      0.202    1509.71    1509.71  0.000e+00
        797      6.500    17.3335    17.3332    -0.0003    4.09422    4.09455          1     5.7282     5.5526       9.98     0.1532  3.852e+00  4.921e+01  1.278e+03    31.3098    31.3129     0.0031    22.6065    22.6089      6.440      6.474      0.282    1509.72    1509.72  0.000e+00
        844      7.000    17.3335    17.3331    -0.0004    4.09426    4.09454          1     5.7525     5.5367       9.98     0.1555  3.473e+00  4.454e+01  1.282e+03    31.3100    31.3127     0.0026    22.6066    22.6087      6.935      6.972      0.213    1509.73    1509.73  0.000e+00
        902      7.500    17.3338    17.3332    -0.0006    4.09428    4.09458          1     5.7570     5.5466       9.98     0.1583  3.303e+00  4.240e+01  1.284e+03    31.3098    31.3128     0.0030    22.6064    22.6088      7.430      7.470      0.279    1509.74    1509.74  0.000e+00
        939      8.000    17.3348    17.3333    -0.0015    4.09431    4.09455          1     5.7469     5.5401       9.98     0.1559  2.968e+00  3.808e+01  1.283e+03    31.3091    31.3123     0.0032    22.6056    22.6084      7.926      7.968      0.286    1509.75    1509.75  0.000e+00
        994      8.500    17.3346    17.3347     0.0001    4.09420    4.09465          1     5.7362     5.5191       9.98     0.1576  2.750e+00  3.519e+01  1.280e+03    31.3082    31.3118     0.0037    22.6049    22.6077      8.421      8.466      0.233    1509.76    1509.76  0.000e+00
       1034      9.000    17.3333    17.3332    -0.0001    4.09420    4.09443          1     5.7275     5.5374       9.98     0.1611  2.497e+00  3.187e+01  1.276e+03    31.3090    31.3110     0.0020    22.6059    22.6074      8.916      8.964      0.306    1509.76    1509.76  0.000e+00
       1093      9.500    17.3343    17.3333    -0.0010    4.09439    4.09447          1     5.7418     5.5415       9.97     0.1787  2.293e+00  2.924e+01  1.275e+03    31.3097    31.3112     0.0014    22.6062    22.6075      9.412      9.462      0.235    1509.77    1509.77  0.000e+00
       1139     10.000    17.3353    17.3335    -0.0018    4.09452    4.09461          1     5.7613     5.5399       9.98     0.1840  2.186e+00  2.783e+01  1.273e+03    31.3098    31.3120     0.0022    22.6060    22.6081      9.907      9.960      0.354    1509.78    1509.78  0.000e+00
       1177     10.500    17.3406    17.3341    -0.0064    4.09588    4.09473          1     5.7476     5.5264       9.98     0.1818  2.039e+00  2.584e+01  1.267e+03    31.3171    31.3123    -0.0048    22.6104    22.6082     10.402     10.458      0.254    1509.82    1509.79  0.000e+00
       1241     11.000    17.3501    17.3401    -0.0100    4.09847    4.09598          1     5.7431     5.5272       9.98     0.1901  1.899e+00  2.409e+01  1.268e+03    31.3317    31.3181    -0.0136    22.6193    22.6113     10.898     10.956      0.306    1509.87    1509.83  0.000e+00
       1271     11.500    17.3685    17.3433    -0.0253    4.10463    4.09690          1     5.7549     5.5259       9.98     0.1996  1.734e+00  2.201e+01  1.269e+03    31.3698    31.3235    -0.0463    22.6441    22.6146     11.393     11.454      0.390    1509.98    1509.85  0.000e+00
       1308     12.000    17.3961    17.3499    -0.0462    4.11959    4.09878          1     5.7513     5.5058       9.98     0.2144  1.568e+00  1.993e+01  1.271e+03    31.4757    31.3342    -0.1415    22.7187    22.6212     11.888     11.952      0.247    1510.19    1509.89  0.000e+00
       1368     12.500    17.3931    17.3713    -0.0218    4.13477    4.10743          1     5.7468     5.4994       9.98     0.2174  1.487e+00  1.889e+01  1.270e+03    31.6073    31.3912    -0.2161    22.8202    22.6599     12.384     12.450      0.264    1510.34    1510.03  0.000e+00
       1406     13.000    17.3929    17.3829    -0.0100    4.15168    4.11828          1     5.7505     5.4980       9.98     0.2222  1.358e+00  1.726e+01  1.271e+03    31.7515    31.4744    -0.2771    22.9307    22.7209     12.879     12.948      0.288    1510.51    1510.17  0.000e+00
       1461     13.500    17.3883    17.3888     0.0005    4.16533    4.13429          1     5.7454     5.4945       9.98     0.2246  1.262e+00  1.606e+01  1.273e+03    31.8714    31.6061    -0.2653    23.0235    22.8203     13.374     13.446      0.207    1510.64    1510.34  0.000e+00
       1512     14.000    17.3828    17.3894     0.0067    4.18312    4.14743          1     5.7365     5.4823       9.98     0.2215  1.191e+00  1.516e+01  1.273e+03    32.0275    31.7176    -0.3100    23.1444    22.9055     13.870     13.944      0.255    1510.81    1510.48  0.000e+00
       1560     14.500    17.3684    17.3868     0.0184    4.20342    4.15808          1     5.7201     5.4836       9.98     0.2117  1.102e+00  1.404e+01  1.274e+03    32.2123    31.8103    -0.4020    23.2894    22.9771     14.365     14.441      0.254    1510.99    1510.59  0.000e+00
       1609     15.000    17.3561    17.3817     0.0255    4.22283    4.17476          1     5.7226     5.4810       9.98     0.1966  1.037e+00  1.324e+01  1.277e+03    32.3881    31.9566    -0.4315    23.4269    23.0904     14.860     14.939      0.213    1511.16    1510.74  0.000e+00
       1665     15.500    17.3447    17.3681     0.0233    4.23480    4.19789          1     5.7182     5.4607       9.98     0.1807  9.630e-01  1.230e+01  1.277e+03    32.4996    32.1649    -0.3347    23.5150    23.2531     15.356     15.437      0.264    1511.26    1510.95  0.000e+00
       1710     16.000    17.3401    17.3567     0.0166    4.23565    4.21830          1     5.7124     5.4698       9.98     0.1803  9.084e-01  1.160e+01  1.277e+03    32.5104    32.3485    -0.1619    23.5244    23.3964     15.851     15.934      0.230    1511.27    1511.13  0.000e+00
       1762     16.500    17.3391    17.3467     0.0076    4.23665    4.22939          1     5.6889     5.4647       9.98     0.1733  8.656e-01  1.104e+01  1.276e+03    32.5196    32.4513    -0.0683    23.5317    23.4775     16.346     16.432      0.279    1511.28    1511.23  0.000e+00
       1802     17.000    17.3366    17.3424     0.0058    4.23864    4.23394          1     5.7048     5.4705       9.98     0.1713  8.040e-01  1.025e+01  1.275e+03    32.5385    32.4936    -0.0449    23.5468    23.5110     16.842     16.929      0.274    1511.31    1511.27  0.000e+00
       1852     17.500    17.3338    17.3392     0.0054    4.23994    4.23658          1     5.6947     5.4670       9.98     0.1681  7.676e-01  9.790e+00  1.275e+03    32.5516    32.5186    -0.0330    23.5574    23.5309     17.337     17.427      0.240    1511.32    1511.30  0.000e+00
       1899     18.000    17.3308    17.3366     0.0057    4.24136    4.23846          1     5.6779     5.4696       9.98     0.1662  7.155e-01  9.113e+00  1.274e+03    32.5661    32.5366    -0.0295    23.5692    23.5453     17.832     17.924      0.262    1511.34    1511.32  0.000e+00
       1945     18.500    17.3208    17.3345     0.0137    4.24242    4.23972          1     5.6813     5.4711       9.98     0.1657  6.718e-01  8.501e+00  1.265e+03    32.5831    32.5489    -0.0342    23.5846    23.5552     18.328     18.422      0.251    1511.34    1511.34  0.000e+00
       1997     19.000    17.3156    17.3278     0.0122    4.24376    4.24133          1     5.6853     5.4701       9.98     0.1594  6.336e-01  7.960e+00  1.256e+03    32.5985    32.5679    -0.0307    23.5977    23.5713     18.823     18.919      0.234    1511.35    1511.35  0.000e+00
       2041     19.500    17.3703    17.3218    -0.0485    4.25411    4.24293          1     5.6937     5.4859       9.98     0.1564  5.951e-01  7.403e+00  1.244e+03    32.6430    32.5863    -0.0568    23.6188    23.5868     19.318     19.417      0.295    1511.57    1511.36  0.000e+00
       2085     20.000    17.4293    17.3328    -0.0965    4.26926    4.24521          1     5.6949     5.4877       9.98     0.1586  5.604e-01  6.950e+00  1.240e+03    32.7251    32.5967    -0.1284    23.6677    23.5922     19.814     19.914      0.245    1511.85    1511.41  0.000e+00
       2135     20.500    17.4398    17.3761    -0.0636    4.27532    4.25506          1     5.6804     5.4859       9.98     0.1566  5.276e-01  6.585e+00  1.248e+03    32.7684    32.6462    -0.1222    23.6983    23.6198     20.309     20.412      0.271    1511.93    1511.61  0.000e+00
       2173     21.000    17.4579    17.4109    -0.0471    4.28216    4.26521          1     5.7223     5.4743       9.98     0.1599  4.968e-01  6.229e+00  1.254e+03    32.8120    32.7049    -0.1071    23.7274    23.6566     20.804     20.909      0.318    1512.05    1511.78  0.000e+00
       2216     21.500    17.4689    17.4299    -0.0390    4.29179    4.27156          1     5.7283     5.4569       9.98     0.1589  4.641e-01  5.837e+00  1.258e+03    32.8854    32.7438    -0.1416    23.7810    23.6819     21.300     21.407      0.247    1512.17    1511.89  0.000e+00
       2266     22.000    17.4775    17.4518    -0.0257    4.30096    4.28095          1     5.7345     5.4740       9.98     0.1569  4.396e-01  5.545e+00  1.261e+03    32.9568    32.8063    -0.1505    23.8337    23.7245     21.795     21.904      0.274    1512.29    1512.04  0.000e+00
       2305     22.500    17.4703    17.4621    -0.0081    4.30544    4.28895          1     5.7335     5.4610       9.98     0.1638  4.137e-01  5.230e+00  1.264e+03    33.0008    32.8662    -0.1346    23.8691    23.7680     22.290     22.402      0.304    1512.33    1512.15  0.000e+00
       2351     23.000    17.4605    17.4683     0.0077    4.30723    4.29591          1     5.7003     5.4739       9.98     0.1647  3.899e-01  4.936e+00  1.266e+03    33.0239    32.9207    -0.1032    23.8891    23.8082     22.786     22.899      0.224    1512.33    1512.24  0.000e+00
       2402     23.500    17.4590    17.4665     0.0075    4.30989    4.30286          1     5.7033     5.4635       9.98     0.1632  3.681e-01  4.662e+00  1.266e+03    33.0478    32.9814    -0.0664    23.9079    23.8552     23.281     23.396      0.302    1512.36    1512.31  0.000e+00
       2439     24.000    17.4597    17.4617     0.0019    4.31222    4.30729          1     5.7047     5.4742       9.98     0.1694  3.455e-01  4.364e+00  1.263e+03    33.0670    33.0232    -0.0438    23.9223    23.8883     23.776     23.894      0.283    1512.39    1512.35  0.000e+00
       2493     24.500    17.4636    17.4598    -0.0038    4.31533    4.31020          1     5.7106     5.4607       9.98     0.1594  3.246e-01  4.051e+00  1.248e+03    33.0903    33.0494    -0.0409    23.9393    23.9089     24.271     24.391      0.250    1512.44    1512.38  0.000e+00
       2531     25.000    17.4673    17.4606    -0.0067    4.31905    4.31285          1     5.7033     5.4630       9.98     0.1627  3.061e-01  3.774e+00  1.233e+03    33.1189    33.0713    -0.0477    23.9604    23.9254     24.767     24.889      0.348    1512.49    1512.42  0.000e+00
       2570     25.500    17.4745    17.4627    -0.0117    4.32212    4.31487          1     5.6939     5.4653       9.98     0.1626  2.879e-01  3.532e+00  1.227e+03    33.1393    33.0867    -0.0526    23.9742    23.9367     25.262     25.386      0.262    1512.54    1512.45  0.000e+00
       2618     26.000    17.4595    17.4656     0.0060    4.32251    4.31775          1     5.7236     5.4696       9.98     0.1601  2.716e-01  3.327e+00  1.225e+03    33.1546    33.1089    -0.0457    23.9895    23.9531     25.757     25.883      0.273    1512.53    1512.49  0.000e+00
       2660     26.500    17.4623    17.4656     0.0033    4.32440    4.31999          1     5.7368     5.4717       9.98     0.1628  2.559e-01  3.143e+00  1.228e+03    33.1684    33.1278    -0.0406    23.9994    23.9676     26.253     26.381      0.268    1512.56    1512.52  0.000e+00
       2709     27.000    17.4548    17.4634     0.0086    4.32545    4.32211          1     5.7223     5.4752       9.98     0.1630  2.399e-01  2.958e+00  1.233e+03    33.1834    33.1477    -0.0357    24.0127    23.9833     26.748     26.878      0.254    1512.56    1512.55  0.000e+00
       2754     27.500    17.4439    17.4610     0.0171    4.32575    4.32349          1     5.7152     5.4760       9.98     0.1625  2.274e-01  2.809e+00  1.235e+03    33.1946    33.1613    -0.0334    24.0239    23.9943     27.243     27.375      0.257    1512.55    1512.56  0.000e+00
       2803     28.000    17.4189    17.4559     0.0370    4.32517    4.32468          1     5.7084     5.4915       9.98     0.1613  2.148e-01  2.664e+00  1.240e+03    33.2100    33.1755    -0.0345    24.0417    24.0064     27.739     27.873      0.251    1512.50    1512.57  0.000e+00
       2845     28.500    17.3894    17.4490     0.0596    4.32404    4.32526          1     5.7122     5.4756       9.98     0.1643  2.015e-01  2.505e+00  1.243e+03    33.2242    33.1859    -0.0384    24.0596    24.0160     28.234     28.370      0.317    1512.44    1512.57  0.000e+00
