ctdpy/exports/archive_20191121_122431/received_data/SBE09_1044_20181207_1139_34_01_0162.cnv
* Sea-Bird SBE 9 Data File:
* FileName = C:\ctd\temp\ar18d162.hex
* Software Version Seasave V 7.26.7.107
* Temperature SN = 5351
* Conductivity SN = 3941
* Number of Bytes Per Scan = 41
* Number of Voltage Words = 4
* Number of Scans Averaged by the Deck Unit = 1
* NMEA Latitude = 56 39.85 N
* NMEA Longitude = 012 06.89 E
* NMEA UTC (Time) = Dec 07 2018  11:39:23
* NMEA baud rate = 4800
** Station:  Anholt E
** Operator:  ASkj
** Ship: ARANDA
** Average sound velocity: 1479.58 m/s
** True-depth calculation Sun, 09 Dec 2018 17:15:07 +0000
** CTD Python Module SMHI /ver 3-12/ feb 2012 
** LIMS Job: 20183401-0162
** Cruise: SMHI-7-2018
** Latitude [GG MM.mm N]:
** Longitude [GG MM.mm E]
# nquan = 26
# nvalues = 112                         
# units = specified
# name 0 = scan: Scan Count
# name 1 = prDM: Pressure, Digiquartz [db]
# name 2 = t090C: Temperature [ITS-90, deg C]
# name 3 = t190C: Temperature, 2 [ITS-90, deg C]
# name 4 = T2-T190C: Temperature Difference, 2 - 1 [ITS-90, deg C]
# name 5 = c0S/m: Conductivity [S/m]
# name 6 = c1S/m: Conductivity, 2 [S/m]
# name 7 = pumps: Pump Status
# name 8 = sbeox0ML/L: Oxygen, SBE 43 [ml/l]
# name 9 = sbeox1ML/L: Oxygen, SBE 43, 2 [ml/l]
# name 10 = altM: Altimeter [m]
# name 11 = flECO-AFL: Chl-a Fluorescence, WET Labs ECO-AFL/FL [mg/m^3]
# name 12 = flECO-AFL1: Phycocyanin Fluorescence, WET Labs ECO-AFL/FL, 2 [mg/m^3]
# name 13 = par: PAR/Irradiance, Biospherical/Lico [µE/(cm^2*s)]
# name 14 = turbWETntu0: Turbidity, WET Labs ECO [NTU]
# name 15 = sal00: Salinity, Practical [PSU]
# name 16 = sal11: Salinity, Practical, 2 [PSU]
# name 17 = secS-priS: Salinity, Practical, Difference, 2 - 1 [PSU]
# name 18 = sigma-t00: Density [sigma-t, Kg/m^3 ]
# name 19 = sigma-t11: Density, 2 [sigma-t, Kg/m^3 ]
# name 20 = depSM: Depth [salt water, m], lat = 56.6642
# name 21 = depFM: Depth [true depth, m], lat = 56.6642
# name 22 = dz/dtM: Descent Rate [m/s], WS = 2
# name 23 = svCM: Sound Velocity [Chen-Millero, m/s]
# name 24 = svCM1: Sound Velocity, 2 [Chen-Millero, m/s]
# name 25 = flag: flag
# span 0 =      15456,      19126       
# span 1 =      1.000,     56.500       
# span 2 =     6.4428,     9.8546       
# span 3 =     6.4452,     9.8534       
# span 4 =    -0.0094,     0.0097       
# span 5 =   2.395121,   3.662147       
# span 6 =   2.394763,   3.661552       
# span 7 =          1,          1       
# span 8 =    5.34009,    7.32085       
# span 9 =    5.35172,    7.34615       
# span 10 =       4.90,     101.84      
# span 11 =     0.2190,     3.9126      
# span 12 =     0.1777,     0.6820      
# span 13 = 1.0000e-12, 3.8936e+02      
# span 14 =     0.4755,     3.0581      
# span 15 =    23.1876,    33.6105      
# span 16 =    23.1869,    33.6056      
# span 17 =    -0.0353,     0.0148      
# span 18 =    18.1858,    25.8914      
# span 19 =    18.1869,    25.8878      
# span 20 =      0.991,     55.975      
# span 21 =      1.000,     56.246      
# span 22 =     -0.055,      0.692      
# span 23 =    1461.75,    1488.54      
# span 24 =    1461.75,    1488.53      
# span 25 = 0.0000e+00, 0.0000e+00      
# interval = decibars: 0.5              
# start_time = Dec 07 2018 11:39:24 [NMEA time, first data scan]
# bad_flag = -9.990e-29
*END*
[from data line 56]
      16762     29.000     9.7277     9.7275    -0.0001    3.56085    3.56066          1     5.5836     5.5736      32.56     0.2414     0.2813  1.521e-01  0.8854000    32.7054    32.7035    -0.0019    25.2055    25.2041     28.732     28.938      0.601    1486.53    1486.53  0.000e+00
      16781     29.500     9.7412     9.7409    -0.0004    3.56500    3.56481          1     5.5666     5.5534      32.09     0.2306     0.2062  1.308e-01  0.9096000    32.7351    32.7335    -0.0016    25.2265    25.2253     29.228     29.435      0.619    1486.62    1486.62  0.000e+00
      16801     30.000     9.7659     9.7661     0.0002    3.57299    3.57297          1     5.5335     5.5238      31.60     0.2403     0.1846  1.161e-01  0.9548000    32.7940    32.7936    -0.0004    25.2684    25.2681     29.723     29.931      0.550    1486.79    1486.79  0.000e+00
      16826     30.500     9.7874     9.7882     0.0008    3.58006    3.58018          1     5.5114     5.5036      31.07     0.2672     0.1777  9.786e-02  1.0237000    32.8463    32.8468     0.0005    25.3057    25.3060     30.219     30.428      0.478    1486.94    1486.95  0.000e+00
      16850     31.000     9.7997     9.8006     0.0009    3.58609    3.58635          1     5.4972     5.4897      30.55     0.2478     0.2529  8.124e-02  1.0566000    32.8964    32.8981     0.0018    25.3428    25.3441     30.714     30.925      0.535    1487.06    1487.06  0.000e+00
      16871     31.500     9.8207     9.8218     0.0011    3.60085    3.60160          1     5.4701     5.4756      30.08     0.2385     0.2929  6.329e-02  1.0669000    33.0274    33.0341     0.0067    25.4417    25.4467     31.209     31.422      0.583    1487.30    1487.31  0.000e+00
      16892     32.000     9.8289     9.8292     0.0003    3.60964    3.60960          1     5.4559     5.4593      29.58     0.2491     0.2716  4.878e-02  1.1952000    33.1094    33.1087    -0.0007    25.5043    25.5037     31.705     31.918      0.568    1487.44    1487.44  0.000e+00
      16913     32.500     9.8317     9.8323     0.0006    3.61507    3.61478          1     5.4608     5.4474      29.04     0.2664     0.2650  3.288e-02  1.2600000    33.1620    33.1585    -0.0036    25.5450    25.5421     32.200     32.415      0.556    1487.52    1487.52  0.000e+00
      16935     33.000     9.8312     9.8317     0.0005    3.61798    3.61825          1     5.4677     5.4524      28.54     0.2529     0.2004  2.145e-02  1.2710000    33.1919    33.1941     0.0022    25.5684    25.5700     32.695     32.911      0.571    1487.56    1487.57  0.000e+00
      16956     33.500     9.8282     9.8290     0.0008    3.62129    3.62141          1     5.4698     5.4550      28.00     0.2373     0.2022  1.061e-02  1.2772000    33.2282    33.2287     0.0005    25.5972    25.5975     33.191     33.408      0.567    1487.60    1487.61  0.000e+00
      16977     34.000     9.8215     9.8224     0.0009    3.62447    3.62441          1     5.4699     5.4551      27.49     0.2376     0.2319  2.204e-03  1.3199000    33.2666    33.2651    -0.0015    25.6283    25.6270     33.686     33.904      0.548    1487.63    1487.64  0.000e+00
      16999     34.500     9.8097     9.8114     0.0017    3.62586    3.62587          1     5.4719     5.4633      27.06     0.2387     0.2569  9.130e-06  1.4304000    33.2915    33.2901    -0.0014    25.6497    25.6483     34.181     34.401      0.537    1487.63    1487.63  0.000e+00
      17022     35.000     9.7968     9.7979     0.0011    3.62623    3.62629          1     5.4754     5.4677      26.60     0.2491     0.2353  1.000e-12  1.4357000    33.3070    33.3065    -0.0004    25.6640    25.6634     34.677     34.897      0.530    1487.61    1487.61  0.000e+00
      17045     35.500     9.7913     9.7922     0.0009    3.62680    3.62686          1     5.4757     5.4665      26.24     0.2302     0.2460  1.000e-12  1.4640000    33.3176    33.3174    -0.0002    25.6732    25.6729     35.172     35.394      0.543    1487.61    1487.62  0.000e+00
      17066     36.000     9.7885     9.7891     0.0006    3.62744    3.62744          1     5.4788     5.4674      25.75     0.2190     0.2105  1.000e-12  1.4799000    33.3266    33.3261    -0.0005    25.6806    25.6801     35.667     35.891      0.579    1487.62    1487.62  0.000e+00
      17086     36.500     9.7900     9.7904     0.0004    3.62820    3.62824          1     5.4802     5.4760      13.27     0.2314     0.2329  1.000e-12  1.5226000    33.3327    33.3327    -0.0000    25.6852    25.6851     36.163     36.387      0.580    1487.64    1487.64  0.000e+00
      17108     37.000     9.7925     9.7931     0.0005    3.62884    3.62886          1     5.4751     5.4841       8.85     0.2536     0.2547  1.000e-12  1.6603000    33.3367    33.3364    -0.0003    25.6879    25.6876     36.658     36.884      0.530    1487.66    1487.67  0.000e+00
      17132     37.500     9.7914     9.7926     0.0012    3.62913    3.62924          1     5.4780     5.4794      14.73     0.2608     0.2582  1.000e-12  1.8649000    33.3404    33.3404     0.0000    25.6909    25.6908     37.153     37.380      0.510    1487.67    1487.68  0.000e+00
      17154     38.000     9.7873     9.7878     0.0004    3.62884    3.62889          1     5.4765     5.4792      21.92     0.2603     0.2478  1.000e-12  1.8012000    33.3410    33.3412     0.0002    25.6921    25.6922     37.649     37.877      0.570    1487.67    1487.67  0.000e+00
      17174     38.500     9.7863     9.7870     0.0006    3.62878    3.62886          1     5.4773     5.4782      22.66     0.2257     0.2757  1.000e-12  1.7673000    33.3412    33.3414     0.0002    25.6924    25.6925     38.144     38.373      0.610    1487.67    1487.67  0.000e+00
      17194     39.000     9.7857     9.7864     0.0007    3.62876    3.62885          1     5.4793     5.4777      22.52     0.2346     0.2338  1.000e-12  1.7539000    33.3414    33.3415     0.0002    25.6926    25.6927     38.639     38.870      0.586    1487.68    1487.68  0.000e+00
      17215     39.500     9.7853     9.7859     0.0006    3.62878    3.62885          1     5.4787     5.4795      22.08     0.2297     0.2509  1.000e-12  1.7494000    33.3417    33.3418     0.0001    25.6930    25.6930     39.135     39.366      0.525    1487.69    1487.69  0.000e+00
      17240     40.000     9.7828     9.7838     0.0010    3.62870    3.62880          1     5.4750     5.4727      21.59     0.2439     0.2620  1.000e-12  1.8176000    33.3429    33.3430     0.0001    25.6943    25.6943     39.630     39.863      0.491    1487.69    1487.69  0.000e+00
      17264     40.500     9.7798     9.7819     0.0021    3.62859    3.62873          1     5.4772     5.4746      21.07     0.2464     0.2325  1.000e-12  1.8713000    33.3444    33.3438    -0.0006    25.6960    25.6952     40.125     40.359      0.538    1487.69    1487.69  0.000e+00
      17284     41.000     9.7709     9.7717     0.0008    3.62844    3.62851          1     5.4767     5.4829      20.60     0.2278     0.2088  1.000e-12  1.8557000    33.3509    33.3509    -0.0000    25.7025    25.7024     40.621     40.856      0.613    1487.67    1487.67  0.000e+00
      17303     41.500     9.7608     9.7613     0.0005    3.62866    3.62876          1     5.4796     5.4864      20.16     0.2507     0.2635  1.000e-12  1.9142000    33.3622    33.3627     0.0005    25.7130    25.7134     41.116     41.352      0.635    1487.65    1487.66  0.000e+00
      17322     42.000     9.7584     9.7590     0.0006    3.62883    3.62893          1     5.4825     5.4860      19.70     0.2577     0.2062  1.000e-12  1.8659000    33.3660    33.3664     0.0004    25.7164    25.7166     41.611     41.849      0.573    1487.66    1487.66  0.000e+00
      17346     42.500     9.7570     9.7577     0.0007    3.62900    3.62906          1     5.4854     5.4833      19.19     0.2543     0.2065  1.000e-12  1.9450000    33.3688    33.3687    -0.0001    25.7188    25.7187     42.107     42.345      0.474    1487.67    1487.67  0.000e+00
      17372     43.000     9.7563     9.7571     0.0008    3.62910    3.62916          1     5.4842     5.4827      18.58     0.2361     0.2196  1.000e-12  1.8880000    33.3702    33.3702     0.0000    25.7200    25.7199     42.602     42.842      0.494    1487.67    1487.68  0.000e+00
      17394     43.500     9.7554     9.7561     0.0007    3.62979    3.62982          1     5.4870     5.4859      18.09     0.2320     0.2155  1.000e-12  1.9166000    33.3778    33.3776    -0.0002    25.7261    25.7258     43.097     43.338      0.605    1487.69    1487.69  0.000e+00
      17413     44.000     9.7551     9.7555     0.0005    3.63036    3.63051          1     5.4902     5.4916      17.66     0.2359     0.2343  1.000e-12  2.0157000    33.3839    33.3850     0.0012    25.7309    25.7317     43.592     43.835      0.651    1487.70    1487.71  0.000e+00
      17431     44.500     9.7543     9.7547     0.0004    3.63064    3.63079          1     5.4915     5.4972      17.15     0.2262     0.3111  1.000e-12  2.1844000    33.3872    33.3883     0.0011    25.7336    25.7344     44.088     44.331      0.592    1487.71    1487.71  0.000e+00
      17454     45.000     9.7534     9.7542     0.0008    3.63090    3.63096          1     5.4961     5.4936      16.62     0.2686     0.2535  1.000e-12  2.3825000    33.3904    33.3902    -0.0001    25.7363    25.7360     44.583     44.828      0.481    1487.72    1487.72  0.000e+00
      17481     45.500     9.7532     9.7540     0.0009    3.63102    3.63108          1     5.4947     5.4812      16.06     0.2283     0.2286  1.000e-12  2.2553000    33.3917    33.3915    -0.0002    25.7373    25.7370     45.078     45.324      0.488    1487.73    1487.73  0.000e+00
      17503     46.000     9.7519     9.7534     0.0015    3.63129    3.63129          1     5.4919     5.4775      15.60     0.2367     0.2118  1.000e-12  2.4465000    33.3954    33.3940    -0.0014    25.7405    25.7391     45.574     45.821      0.596    1487.74    1487.74  0.000e+00
      17522     46.500     9.7513     9.7522     0.0009    3.63145    3.63152          1     5.4927     5.4887      15.17     0.2318     0.2006  1.000e-12  2.4013000    33.3973    33.3972    -0.0001    25.7420    25.7418     46.069     46.317      0.646    1487.75    1487.75  0.000e+00
      17540     47.000     9.7533     9.7538     0.0004    3.63199    3.63201          1     5.4870     5.4880      14.67     0.2274     0.2646  1.000e-12  2.3675000    33.4008    33.4006    -0.0002    25.7444    25.7442     46.564     46.814      0.595    1487.77    1487.77  0.000e+00
      17563     47.500     9.7615     9.7606    -0.0008    3.63370    3.63349          1     5.4773     5.4763      13.85     0.2320     0.2501  1.000e-12  2.4585000    33.4105    33.4092    -0.0013    25.7507    25.7497     47.060     47.310      0.497    1487.81    1487.81  0.000e+00
      17589     48.000     9.7636     9.7637     0.0001    3.63413    3.63409          1     5.4688     5.4680      12.65     0.2525     0.2593  1.000e-12  2.5374000    33.4127    33.4122    -0.0006    25.7521    25.7516     47.555     47.807      0.488    1487.83    1487.83  0.000e+00
      17612     48.500     9.7706     9.7709     0.0003    3.63559    3.63559          1     5.4620     5.4556       8.19     0.2611     0.2754  1.000e-12  2.5726000    33.4209    33.4206    -0.0003    25.7573    25.7570     48.050     48.303      0.563    1487.88    1487.88  0.000e+00
      17632     49.000     9.7733     9.7728    -0.0004    3.63607    3.63595          1     5.4592     5.4489       8.88     0.2719     0.2331  1.000e-12  2.7564000    33.4231    33.4222    -0.0008    25.7585    25.7579     48.546     48.800      0.602    1487.90    1487.90  0.000e+00
      17652     49.500     9.7747     9.7738    -0.0009    3.63645    3.63617          1     5.4555     5.4454      10.97     0.2816     0.1906  1.000e-12  2.6577000    33.4254    33.4234    -0.0019    25.7601    25.7587     49.041     49.296      0.573    1487.91    1487.91  0.000e+00
      17674     50.000     9.7775     9.7787     0.0012    3.63703    3.63719          1     5.4499     5.4408      11.33     0.2557     0.2470  1.000e-12  2.6065000    33.4286    33.4291     0.0005    25.7621    25.7623     49.536     49.792      0.518    1487.94    1487.94  0.000e+00
      17698     50.500     9.7805     9.7802    -0.0003    3.63767    3.63754          1     5.4447     5.4418      11.05     0.2305     0.2646  1.000e-12  2.6149000    33.4320    33.4310    -0.0010    25.7643    25.7636     50.031     50.289      0.525    1487.96    1487.96  0.000e+00
      17719     51.000     9.7826     9.7836     0.0010    3.63806    3.63820          1     5.4434     5.4465      10.66     0.2401     0.2702  1.000e-12  2.5997000    33.4339    33.4343     0.0005    25.7654    25.7656     50.527     50.785      0.576    1487.98    1487.98  0.000e+00
      17739     51.500     9.7880     9.7882     0.0002    3.63909    3.63908          1     5.4376     5.4428      10.19     0.2499     0.2424  1.000e-12  2.5248000    33.4392    33.4389    -0.0003    25.7687    25.7684     51.022     51.282      0.585    1488.01    1488.01  0.000e+00
      17761     52.000     9.7985     9.7999     0.0014    3.64106    3.64128          1     5.4319     5.4305       9.66     0.2600     0.2164  1.000e-12  2.6950000    33.4494    33.4503     0.0009    25.7749    25.7753     51.517     51.778      0.506    1488.07    1488.08  0.000e+00
      17789     52.500     9.8094     9.8096     0.0001    3.64310    3.64313          1     5.4129     5.4053       9.10     0.2533     0.2198  1.000e-12  2.5666000    33.4598    33.4599     0.0001    25.7812    25.7813     52.013     52.275      0.396    1488.13    1488.13  0.000e+00
      17819     53.000     9.8226     9.8236     0.0011    3.64548    3.64570          1     5.3968     5.3904       8.56     0.2771     0.1808  1.000e-12  2.5896000    33.4717    33.4729     0.0012    25.7883    25.7891     52.508     52.771      0.428    1488.20    1488.21  0.000e+00
      17845     53.500     9.8237     9.8246     0.0008    3.64584    3.64589          1     5.4004     5.4002       8.12     0.2371     0.2445  1.000e-12  2.5471000    33.4741    33.4738    -0.0002    25.7900    25.7897     53.003     53.268      0.450    1488.22    1488.22  0.000e+00
      17875     54.000     9.8240     9.8252     0.0012    3.64595    3.64608          1     5.3967     5.3994       7.55     0.2539     0.2714  1.000e-12  2.6370000    33.4748    33.4749     0.0001    25.7905    25.7904     53.499     53.764      0.347    1488.23    1488.23  0.000e+00
      17914     54.500     9.8241     9.8250     0.0009    3.64618    3.64621          1     5.3959     5.3871       7.02     0.2730     0.2316  1.000e-12  2.6664000    33.4767    33.4762    -0.0005    25.7919    25.7914     53.994     54.261      0.344    1488.24    1488.24  0.000e+00
      17944     55.000     9.8262     9.8276     0.0014    3.64712    3.64739          1     5.3873     5.3898       6.59     0.2634     0.2757  1.000e-12  2.8311000    33.4842    33.4857     0.0014    25.7975    25.7984     54.489     54.757      0.404    1488.26    1488.27  0.000e+00
      17979     55.500     9.8394     9.8406     0.0012    3.65265    3.65275          1     5.3631     5.3738       6.04     0.2845     0.2366  1.000e-12  2.8603000    33.5281    33.5281    -0.0000    25.8296    25.8294     54.984     55.254      0.290    1488.37    1488.38  0.000e+00
      18022     56.000     9.8485     9.8488     0.0003    3.65748    3.65705          1     5.3401     5.3517       5.50     0.2888     0.2714  1.000e-12  3.0581000    33.5688    33.5642    -0.0046    25.8598    25.8562     55.480     55.750      0.318    1488.46    1488.46  0.000e+00
