ctdpy/exports/archive_20191121_122431/received_data/SBE09_1044_20180420_1146_34_07_0024.cnv
* Sea-Bird SBE 9 Data File:
* FileName = C:\ctd\temp\2018\AU18D024.hex
* Software Version Seasave V 7.26.6.26
* Temperature SN = 5351
* Conductivity SN = 3941
* Number of Bytes Per Scan = 41
* Number of Voltage Words = 4
* Number of Scans Averaged by the Deck Unit = 1
* NMEA Latitude = 55 37.03 N
* NMEA Longitude = 014 52.05 E
* NMEA UTC (Time) = Apr 20 2018  11:46:29
* NMEA baud rate = 4800
** Station:  Hanobukten
** Operator:  A-KTh
** Ship: AURA
** Average sound velocity: 1435.91 m/s
** True-depth calculation Fri, 20 Apr 2018 12:37:39 +0000
** CTD Python Module SMHI /ver 3-12/ feb 2012 
** LIMS Job: 20183407-0024
** Cruise: SMHI-01-2018
** Latitude [GG MM.mm N] :
** Longitude [GG MM.mm E]:
# nquan = 26
# nvalues = 151                         
# units = specified
# name 0 = scan: Scan Count
# name 1 = prDM: Pressure, Digiquartz [db]
# name 2 = t090C: Temperature [ITS-90, deg C]
# name 3 = t190C: Temperature, 2 [ITS-90, deg C]
# name 4 = T2-T190C: Temperature Difference, 2 - 1 [ITS-90, deg C]
# name 5 = c0S/m: Conductivity [S/m]
# name 6 = c1S/m: Conductivity, 2 [S/m]
# name 7 = pumps: Pump Status
# name 8 = sbeox0ML/L: Oxygen, SBE 43 [ml/l]
# name 9 = sbeox1ML/L: Oxygen, SBE 43, 2 [ml/l]
# name 10 = altM: Altimeter [m]
# name 11 = flECO-AFL: Chl-a Fluorescence, WET Labs ECO-AFL/FL [mg/m^3]
# name 12 = flECO-AFL1: Phycocyanin Fluorescence, WET Labs ECO-AFL/FL, 2 [mg/m^3]
# name 13 = par: PAR/Irradiance, Biospherical/Lico [µE/(cm^2*s)]
# name 14 = turbWETntu0: Turbidity, WET Labs ECO [NTU]
# name 15 = sal00: Salinity, Practical [PSU]
# name 16 = sal11: Salinity, Practical, 2 [PSU]
# name 17 = secS-priS: Salinity, Practical, Difference, 2 - 1 [PSU]
# name 18 = sigma-t00: Density [sigma-t, Kg/m^3 ]
# name 19 = sigma-t11: Density, 2 [sigma-t, Kg/m^3 ]
# name 20 = depSM: Depth [salt water, m], lat = 55.6172
# name 21 = depFM: Depth [true depth, m], lat = 55.6172
# name 22 = dz/dtM: Descent Rate [m/s], WS = 2
# name 23 = svCM: Sound Velocity [Chen-Millero, m/s]
# name 24 = svCM1: Sound Velocity, 2 [Chen-Millero, m/s]
# name 25 = flag: flag
# span 0 =       8112,      12385       
# span 1 =      1.000,     76.000       
# span 2 =     2.5436,     7.6257       
# span 3 =     2.5401,     7.6259       
# span 4 =    -0.0443,     0.0521       
# span 5 =   0.764854,   1.733223       
# span 6 =   0.764899,   1.733233       
# span 7 =          1,          1       
# span 8 =    0.45429,   11.01789       
# span 9 =    0.39181,   10.83353       
# span 10 =       1.42,      98.36      
# span 11 =     0.3337,    15.5399      
# span 12 =     0.1983,     3.1669      
# span 13 = 1.0000e-12, 7.1316e+02      
# span 14 =     0.2289,     1.1147      
# span 15 =     7.4205,    16.0062      
# span 16 =     7.4199,    16.0059      
# span 17 =    -0.0304,     0.0034      
# span 18 =     5.8835,    12.4944      
# span 19 =     5.8828,    12.4941      
# span 20 =      0.991,     75.297      
# span 21 =      1.013,     76.839      
# span 22 =     -0.012,      0.604      
# span 23 =    1425.94,    1458.19      
# span 24 =    1425.94,    1458.18      
# span 25 = 0.0000e+00, 0.0000e+00      
# interval = decibars: 0.5              
# start_time = Apr 20 2018 11:46:30 [NMEA time, first data scan]
# bad_flag = -9.990e-29
*END*
       8112      1.000     4.5405     4.5448     0.0043    0.79411    0.79418          1    10.2139    10.0152      88.70     1.3521     0.4447  7.132e+02  0.4135000     7.4205     7.4202    -0.0003     5.8835     5.8832      0.991      1.013      0.185    1433.71    1433.73  0.000e+00
       8187      1.500     4.5303     4.5472     0.0170    0.79396    0.79421          1    10.2257     9.9971      90.81     1.2872     0.4444  3.452e+02  0.3911000     7.4212     7.4199    -0.0013     5.8844     5.8828      1.486      1.519      0.256    1433.67    1433.75  0.000e+00
       8224      2.000     4.5350     4.5341    -0.0009    0.79405    0.79396          1    10.2225    10.0211      90.48     1.2130     0.3697  1.762e+02  0.4051000     7.4210     7.4203    -0.0007     5.8841     5.8836      1.982      2.025      0.339    1433.70    1433.70  0.000e+00
       8260      2.500     4.5294     4.5386     0.0093    0.79407    0.79410          1    10.2669    10.0424      95.87     1.3408     0.4740  1.525e+02  0.4037000     7.4224     7.4207    -0.0017     5.8854     5.8837      2.477      2.531      0.321    1433.69    1433.72  0.000e+00
       8300      3.000     4.5072     4.5041    -0.0031    0.79393    0.79386          1    10.4180    10.2214      86.70     1.9662     0.5248  1.328e+02  0.4885000     7.4259     7.4259    -0.0000     5.8889     5.8890      2.973      3.038      0.298    1433.60    1433.59  0.000e+00
       8337      3.500     4.4973     4.5000     0.0027    0.79402    0.79397          1    10.5229    10.3314      97.80     3.1700     0.5715  1.163e+02  0.6312000     7.4289     7.4278    -0.0011     5.8916     5.8906      3.468      3.544      0.363    1433.57    1433.58  0.000e+00
       8437      4.000     4.4962     4.4975     0.0013    0.79421    0.79419          1    10.6174    10.4222      94.82     4.7265     0.8152  9.933e+01  0.7454000     7.4311     7.4306    -0.0005     5.8934     5.8929      3.964      4.050      0.315    1433.57    1433.58  0.000e+00
       8948      4.500     4.4920     4.4944     0.0024    0.79468    0.79466          1    10.8208    10.6030      74.91     8.5577     1.5742  8.631e+01  0.9601000     7.4367     7.4359    -0.0008     5.8979     5.8972      4.459      4.557      0.337    1433.57    1433.58  0.000e+00
       8974      5.000     4.4522     4.4639     0.0116    0.79420    0.79436          1    10.9314    10.7297      79.25    11.5828     1.9317  6.861e+01  1.0708000     7.4408     7.4397    -0.0011     5.9024     5.9012      4.955      5.063      0.296    1433.41    1433.46  0.000e+00
       9019      5.500     4.4256     4.4234    -0.0020    0.79380    0.79373          1    11.0179    10.8263      86.80    15.4813     2.5898  4.965e+01  1.1147000     7.4427     7.4424    -0.0002     5.9048     5.9046      5.450      5.569      0.296    1433.30    1433.29  0.000e+00
       9051      6.000     4.4118     4.4138     0.0021    0.79355    0.79356          1    10.9985    10.8335      98.04    15.5399     3.1669  3.654e+01  1.0655000     7.4432     7.4428    -0.0004     5.9056     5.9052      5.946      6.075      0.448    1433.24    1433.25  0.000e+00
       9076      6.500     4.3991     4.4039     0.0047    0.79330    0.79337          1    10.9570    10.7574      97.66    15.4218     3.0629  2.744e+01  1.0694000     7.4435     7.4431    -0.0005     5.9063     5.9057      6.441      6.582      0.510    1433.20    1433.22  0.000e+00
       9099      7.000     4.3755     4.3898     0.0142    0.79290    0.79313          1    10.9133    10.6809      97.68    14.8891     2.6558  1.963e+01  1.0488000     7.4447     7.4439    -0.0008     5.9079     5.9068      6.936      7.088      0.506    1433.10    1433.16  0.000e+00
       9123      7.500     4.3470     4.3440    -0.0030    0.79241    0.79228          1    10.8623    10.6180      97.65    13.1598     2.2103  1.422e+01  0.9650000     7.4462     7.4456    -0.0006     5.9099     5.9095      7.432      7.594      0.460    1432.98    1432.97  0.000e+00
       9151      8.000     4.3449     4.3482     0.0033    0.79240    0.79244          1    10.8149    10.5707      83.89    10.8583     1.9224  1.050e+01  0.8432000     7.4465     7.4462    -0.0003     5.9102     5.9099      7.927      8.101      0.438    1432.98    1433.00  0.000e+00
       9177      8.500     4.3419     4.3454     0.0036    0.79236    0.79240          1    10.7983    10.5609      91.81     9.5741     1.7578  8.155e+00  0.8367000     7.4468     7.4463    -0.0004     5.9105     5.9101      8.423      8.607      0.508    1432.98    1432.99  0.000e+00
       9199      9.000     4.3363     4.3505     0.0141    0.79226    0.79254          1    10.7822    10.5396      97.75     8.8892     1.7291  6.557e+00  0.8250000     7.4469     7.4465    -0.0004     5.9108     5.9101      8.918      9.113      0.583    1432.96    1433.02  0.000e+00
       9218      9.500     4.3488     4.3435    -0.0052    0.79255    0.79242          1    10.7544    10.5427      75.49     8.7334     1.6746  5.370e+00  0.8269000     7.4469     7.4468    -0.0001     5.9105     5.9106      9.414      9.619      0.604    1433.02    1433.00  0.000e+00
       9239     10.000     4.2887     4.2958     0.0074    0.79131    0.79141          1    10.7215    10.5362      69.88     8.6593     1.6819  4.384e+00  0.8280000     7.4480     7.4473    -0.0006     5.9131     5.9124      9.909     10.126      0.569    1432.77    1432.80  0.000e+00
       9261     10.500     4.2195     4.2719     0.0521    0.78984    0.79092          1    10.6606    10.4956      69.27     8.5034     1.6229  3.582e+00  0.8052000     7.4487     7.4477    -0.0010     5.9156     5.9134     10.405     10.632      0.509    1432.46    1432.70  0.000e+00
       9286     11.000     4.1914     4.2272     0.0356    0.78927    0.78998          1    10.6180    10.4827      68.70     8.1766     1.4995  2.922e+00  0.7543000     7.4493     7.4483    -0.0010     5.9169     5.9151     10.900     11.138      0.478    1432.35    1432.51  0.000e+00
       9311     11.500     4.1731     4.1651    -0.0077    0.78903    0.78879          1    10.6269    10.4367      90.63     7.1316     1.3651  2.404e+00  0.6730000     7.4509     7.4503    -0.0006     5.9187     5.9184     11.395     11.644      0.509    1432.28    1432.24  0.000e+00
       9333     12.000     4.1819     4.1800    -0.0020    0.78930    0.78920          1    10.6454    10.4059      97.66     6.6716     1.2483  2.004e+00  0.7215000     7.4516     7.4510    -0.0006     5.9190     5.9186     11.891     12.151      0.567    1432.32    1432.31  0.000e+00
       9353     12.500     4.1858     4.1713    -0.0146    0.78938    0.78906          1    10.6260    10.3959      94.03     6.6705     1.1781  1.692e+00  0.6728000     7.4514     7.4515     0.0001     5.9187     5.9192     12.386     12.657      0.598    1432.35    1432.28  0.000e+00
       9373     13.000     4.1774     4.1640    -0.0133    0.78925    0.78896          1    10.6222    10.3983      66.88     6.6405     1.2410  1.426e+00  0.7087000     7.4519     7.4521     0.0002     5.9193     5.9198     12.882     13.163      0.583    1432.32    1432.26  0.000e+00
       9395     13.500     4.1400     4.1444     0.0044    0.78856    0.78860          1    10.6423    10.4205      74.30     6.5445     1.2210  1.192e+00  0.6998000     7.4534     7.4528    -0.0006     5.9215     5.9209     13.377     13.670      0.527    1432.16    1432.18  0.000e+00
       9419     14.000     4.1430     4.1229    -0.0202    0.78867    0.78823          1    10.6349    10.4264      93.45     6.3404     1.2012  9.798e-01  0.6603000     7.4538     7.4539     0.0001     5.9217     5.9224     13.873     14.176      0.482    1432.18    1432.09  0.000e+00
       9444     14.500     4.1675     4.1363    -0.0310    0.78919    0.78853          1    10.6299    10.4311      64.35     6.1638     1.2066  7.881e-01  0.6635000     7.4533     7.4538     0.0004     5.9207     5.9219     14.368     14.682      0.501    1432.30    1432.16  0.000e+00
       9467     15.000     4.1478     4.1370    -0.0108    0.78879    0.78858          1    10.6323    10.4366      86.82     6.1839     1.2140  6.310e-01  0.6531000     7.4537     7.4540     0.0003     5.9216     5.9221     14.863     15.188      0.554    1432.22    1432.17  0.000e+00
       9487     15.500     4.1619     4.1634     0.0013    0.78914    0.78912          1    10.6386    10.4561      97.65     6.3029     1.2318  5.163e-01  0.6444000     7.4540     7.4535    -0.0005     5.9214     5.9210     15.359     15.695      0.588    1432.29    1432.30  0.000e+00
       9508     16.000     4.1654     4.1759     0.0104    0.78920    0.78939          1    10.6540    10.4922      97.68     6.3527     1.4453  4.143e-01  0.6482000     7.4537     7.4533    -0.0004     5.9211     5.9205     15.854     16.201      0.585    1432.32    1432.36  0.000e+00
       9529     16.500     4.1359     4.1342    -0.0017    0.78863    0.78857          1    10.6765    10.5167      67.17     6.5666     1.3568  3.201e-01  0.7093000     7.4547     7.4544    -0.0003     5.9226     5.9225     16.350     16.707      0.544    1432.19    1432.18  0.000e+00
       9552     17.000     4.0984     4.0981    -0.0002    0.78794    0.78792          1    10.6781    10.5200      97.18     6.7846     1.3565  2.513e-01  0.7534000     7.4561     7.4559    -0.0002     5.9248     5.9246     16.845     17.213      0.499    1432.03    1432.03  0.000e+00
       9577     17.500     4.0706     4.0701    -0.0006    0.78745    0.78743          1    10.6877    10.5245      87.50     6.6257     1.3181  1.811e-01  0.7657000     7.4573     7.4573    -0.0001     5.9265     5.9265     17.341     17.720      0.499    1431.92    1431.92  0.000e+00
       9600     18.000     4.0277     4.0483     0.0203    0.78669    0.78708          1    10.7253    10.5477      60.76     6.4347     1.2245  1.227e-01  0.7551000     7.4594     7.4586    -0.0008     5.9292     5.9280     17.836     18.226      0.544    1431.74    1431.83  0.000e+00
       9621     18.500     4.0314     4.0106    -0.0204    0.78682    0.78646          1    10.7013    10.5120      60.91     6.3096     1.1559  7.834e-02  0.7364000     7.4597     7.4608     0.0011     5.9294     5.9308     18.331     18.732      0.585    1431.76    1431.67  0.000e+00
       9641     19.000     4.0000     3.9983    -0.0021    0.78634    0.78627          1    10.6452    10.4466      60.46     5.7766     1.1440  4.043e-02  0.7233000     7.4620     7.4616    -0.0004     5.9320     5.9317     18.827     19.239      0.585    1431.63    1431.62  0.000e+00
       9662     19.500     3.9046     3.8871    -0.0169    0.78426    0.78389          1    10.5910    10.3666      59.85     5.4857     0.8783  9.419e-03  0.6709000     7.4624     7.4627     0.0002     5.9346     5.9352     19.322     19.745      0.549    1431.21    1431.13  0.000e+00
       9685     20.000     3.7818     3.7805    -0.0017    0.78167    0.78161          1    10.5067    10.2848      80.94     4.2980     0.7764  7.733e-04  0.5530000     7.4640     7.4637    -0.0003     5.9386     5.9384     19.818     20.251      0.509    1430.66    1430.66  0.000e+00
       9709     20.500     3.7628     3.7657     0.0028    0.78134    0.78137          1    10.4147    10.2365      97.44     3.5065     0.7399  7.742e-06  0.4747000     7.4648     7.4645    -0.0003     5.9397     5.9393     20.313     20.757      0.501    1430.59    1430.60  0.000e+00
       9733     21.000     3.7534     3.7591     0.0056    0.78120    0.78130          1    10.3639    10.2043      97.66     3.2939     0.6983  1.000e-12  0.4538000     7.4655     7.4652    -0.0003     5.9404     5.9401     20.808     21.264      0.532    1430.56    1430.58  0.000e+00
       9754     21.500     3.7151     3.7145    -0.0005    0.78045    0.78042          1    10.3258    10.1407      97.68     3.1616     0.6481  1.000e-12  0.4361000     7.4666     7.4664    -0.0002     5.9421     5.9419     21.304     21.770      0.574    1430.39    1430.39  0.000e+00
       9775     22.000     3.6910     3.6807    -0.0106    0.78009    0.77989          1    10.3083    10.0963      65.79     2.8769     0.6164  1.000e-12  0.4051000     7.4683     7.4687     0.0003     5.9439     5.9444     21.799     22.276      0.589    1430.29    1430.24  0.000e+00
       9795     22.500     3.6448     3.6042    -0.0402    0.77933    0.77854          1    10.2564    10.0246      56.75     2.3475     0.5599  1.000e-12  0.3626000     7.4711     7.4722     0.0011     5.9470     5.9487     22.295     22.782      0.565    1430.09    1429.91  0.000e+00
       9817     23.000     3.6313     3.6191    -0.0124    0.77915    0.77887          1    10.2006     9.9781      56.37     1.7887     0.5460  1.000e-12  0.3275000     7.4722     7.4721    -0.0001     5.9482     5.9484     22.790     23.289      0.516    1430.04    1429.98  0.000e+00
       9842     23.500     3.5620     3.5529    -0.0090    0.77788    0.77766          1    10.1862     9.9723      55.75     1.7296     0.5123  1.000e-12  0.3171000     7.4750     7.4749    -0.0002     5.9517     5.9518     23.286     23.795      0.495    1429.74    1429.69  0.000e+00
       9866     24.000     3.5296     3.5310     0.0013    0.77736    0.77735          1    10.1075     9.9180      84.57     1.4475     0.4627  1.000e-12  0.3164000     7.4771     7.4766    -0.0005     5.9540     5.9535     23.781     24.301      0.525    1429.60    1429.61  0.000e+00
       9887     24.500     3.5197     3.5239     0.0042    0.77723    0.77730          1    10.0057     9.8391      97.94     1.4648     0.4269  1.000e-12  0.3022000     7.4779     7.4777    -0.0003     5.9548     5.9545     24.276     24.807      0.567    1429.56    1429.58  0.000e+00
       9908     25.000     3.4016     3.4119     0.0103    0.77493    0.77514          1     9.9287     9.7585      95.95     1.4510     0.4050  1.000e-12  0.2962000     7.4814     7.4811    -0.0002     5.9594     5.9591     24.772     25.314      0.584    1429.04    1429.08  0.000e+00
       9929     25.500     3.2810     3.2825     0.0015    0.77279    0.77281          1     9.8335     9.6613      54.01     1.2597     0.3684  1.000e-12  0.2807000     7.4870     7.4868    -0.0002     5.9658     5.9656     25.267     25.820      0.568    1428.50    1428.51  0.000e+00
       9950     26.000     3.2718     3.2726     0.0008    0.77271    0.77270          1     9.7493     9.5810      53.08     0.9237     0.2997  1.000e-12  0.2557000     7.4882     7.4880    -0.0003     5.9669     5.9667     25.763     26.326      0.529    1428.47    1428.47  0.000e+00
       9974     26.500     3.2474     3.2501     0.0027    0.77230    0.77234          1     9.6843     9.5287      71.00     0.9973     0.3705  1.000e-12  0.2790000     7.4896     7.4893    -0.0002     5.9683     5.9680     26.258     26.832      0.498    1428.37    1428.38  0.000e+00
       9998     27.000     3.1820     3.1868     0.0048    0.77104    0.77111          1     9.6412     9.4665      97.57     1.0117     0.3626  1.000e-12  0.2289000     7.4915     7.4912    -0.0003     5.9707     5.9703     26.753     27.339      0.509    1428.08    1428.10  0.000e+00
      10021     27.500     3.1204     3.1225     0.0022    0.76994    0.76996          1     9.5833     9.3899      97.65     0.8809     0.3334  1.000e-12  0.2347000     7.4943     7.4940    -0.0003     5.9736     5.9734     27.249     27.845      0.549    1427.81    1427.82  0.000e+00
      10042     28.000     3.0600     3.0626     0.0025    0.76884    0.76889          1     9.4981     9.3066      85.41     0.9370     0.3237  1.000e-12  0.2573000     7.4969     7.4967    -0.0001     5.9763     5.9762     27.744     28.351      0.576    1427.54    1427.55  0.000e+00
