ctdpy/exports/archive_20191121_122431/received_data/SBE09_1044_20181015_1317_34_01_0094.cnv
* Sea-Bird SBE 9 Data File:
* FileName = C:\ctd\temp\ar18d094.hex
* Software Version Seasave V 7.21e
* Temperature SN = 5351
* Conductivity SN = 3941
* Number of Bytes Per Scan = 41
* Number of Voltage Words = 4
* Number of Scans Averaged by the Deck Unit = 1
* NMEA Latitude = 57 18.74 N
* NMEA Longitude = 020 04.58 E
* NMEA UTC (Time) = Oct 15 2018  16:17:23
* NMEA baud rate = 4800
** Station:  BY15
** Operator:  OBac
** Ship: ARANDA
** Average sound velocity: 1450.21 m/s
** True-depth calculation Mon, 15 Oct 2018 17:26:16 +0000
** CTD Python Module SMHI /ver 3-12/ feb 2012 
** LIMS Job: 20183401-0094
** Cruise: SMHI-4-2018
** Latitude [GG MM.mm N]:
** Longitude [GG MM.mm E]
# nquan = 26
# nvalues = 468                         
# units = specified
# name 0 = scan: Scan Count
# name 1 = prDM: Pressure, Digiquartz [db]
# name 2 = t090C: Temperature [ITS-90, deg C]
# name 3 = t190C: Temperature, 2 [ITS-90, deg C]
# name 4 = T2-T190C: Temperature Difference, 2 - 1 [ITS-90, deg C]
# name 5 = c0S/m: Conductivity [S/m]
# name 6 = c1S/m: Conductivity, 2 [S/m]
# name 7 = pumps: Pump Status
# name 8 = sbeox0ML/L: Oxygen, SBE 43 [ml/l]
# name 9 = sbeox1ML/L: Oxygen, SBE 43, 2 [ml/l]
# name 10 = altM: Altimeter [m]
# name 11 = flECO-AFL: Chl-a Fluorescence, WET Labs ECO-AFL/FL [mg/m^3]
# name 12 = flECO-AFL1: Phycocyanin Fluorescence, WET Labs ECO-AFL/FL, 2 [mg/m^3]
# name 13 = par: PAR/Irradiance, Biospherical/Lico [µE/(cm^2*s)]
# name 14 = turbWETntu0: Turbidity, WET Labs ECO [NTU]
# name 15 = sal00: Salinity, Practical [PSU]
# name 16 = sal11: Salinity, Practical, 2 [PSU]
# name 17 = secS-priS: Salinity, Practical, Difference, 2 - 1 [PSU]
# name 18 = sigma-t00: Density [sigma-t, Kg/m^3 ]
# name 19 = sigma-t11: Density, 2 [sigma-t, Kg/m^3 ]
# name 20 = depSM: Depth [salt water, m], lat = 57.3123
# name 21 = depFM: Depth [true depth, m], lat = 57.3123
# name 22 = dz/dtM: Descent Rate [m/s], WS = 2
# name 23 = svCM: Sound Velocity [Chen-Millero, m/s]
# name 24 = svCM1: Sound Velocity, 2 [Chen-Millero, m/s]
# name 25 = flag: flag
# span 0 =      17128,      28165       
# span 1 =      2.000,    235.500       
# span 2 =     3.5745,    11.3845       
# span 3 =     3.5769,    11.3846       
# span 4 =    -0.1889,     0.1191       
# span 5 =   0.766242,   1.455787       
# span 6 =   0.766398,   1.455787       
# span 7 =          1,          1       
# span 8 =    0.04451,    7.02034       
# span 9 =    0.04183,    7.61863       
# span 10 =       3.01,     100.02      
# span 11 =     0.2144,     1.1424      
# span 12 =     0.1385,     0.3946      
# span 13 = -1.223e-04, 1.8350e-01      
# span 14 =     0.1089,     1.3995      
# span 15 =     6.9679,    13.2568      
# span 16 =     6.9674,    13.2563      
# span 17 =    -0.0106,     0.0085      
# span 18 =     5.0001,    10.3484      
# span 19 =     4.9998,    10.3479      
# span 20 =      1.982,    233.198      
# span 21 =      2.027,    237.876      
# span 22 =     -0.230,      0.827      
# span 23 =    1430.36,    1461.52      
# span 24 =    1430.37,    1461.52      
# span 25 = 0.0000e+00, 0.0000e+00      
# interval = decibars: 0.5              
# start_time = Oct 15 2018 16:17:23 [NMEA time, first data scan]
# bad_flag = -9.990e-29
*END*
      17128      2.000    11.3714    11.3741     0.0027    0.90073    0.90080          1     6.7367     7.2043      97.35     1.0368     0.3534  1.835e-01  0.2726000     6.9907     6.9908     0.0001     5.0038     5.0035      1.982      2.027      0.228    1461.17    1461.18  0.000e+00
      17186      2.500    11.3674    11.3643    -0.0031    0.90000    0.89984          1     6.7487     7.2108      97.35     1.0691     0.3236  5.780e-02  0.2469000     6.9853     6.9846    -0.0007     5.0001     4.9999      2.477      2.534      0.304    1461.16    1461.15  0.000e+00
      17216      3.000    11.3518    11.3509    -0.0010    0.89958    0.89941          1     6.7527     7.2173      97.36     1.0833     0.3336  4.453e-02  0.2471000     6.9847     6.9834    -0.0013     5.0015     5.0007      2.972      3.040      0.540    1461.11    1461.11  0.000e+00
      17236      3.500    11.3595    11.3592    -0.0004    0.89996    0.89989          1     6.7458     7.2130      97.35     1.0698     0.3904  1.812e-02  0.2485000     6.9864     6.9858    -0.0006     5.0019     5.0015      3.468      3.547      0.586    1461.15    1461.15  0.000e+00
      17258      4.000    11.3630    11.3600    -0.0030    0.90000    0.89983          1     6.7460     7.2077      97.36     1.0582     0.3569  1.036e-02  0.2518000     6.9860     6.9852    -0.0008     5.0011     5.0009      3.963      4.054      0.461    1461.17    1461.16  0.000e+00
      17293      4.500    11.3567    11.3480    -0.0087    0.89982    0.89948          1     6.7475     7.2077      97.34     1.0717     0.3946  4.474e-03  0.2486000     6.9856     6.9844    -0.0012     5.0016     5.0018      4.459      4.561      0.350    1461.15    1461.12  0.000e+00
      17320      5.000    11.3490    11.3513     0.0022    0.89955    0.89961          1     6.7452     7.2071      97.35     1.0588     0.3835 -1.223e-04  0.2410000     6.9848     6.9848     0.0000     5.0020     5.0017      4.954      5.067      0.622    1461.13    1461.14  0.000e+00
      17336      5.500    11.3479    11.3475    -0.0003    0.89938    0.89933          1     6.7399     7.2013      97.37     1.0488     0.3240  1.000e-12  0.2504000     6.9835     6.9831    -0.0003     5.0011     5.0009      5.449      5.574      0.697    1461.13    1461.13  0.000e+00
      17354      6.000    11.3490    11.3491     0.0002    0.89957    0.89957          1     6.7419     7.2079      97.36     1.0349     0.3561  1.000e-12  0.2600000     6.9849     6.9848    -0.0001     5.0020     5.0020      5.945      6.081      0.597    1461.15    1461.15  0.000e+00
      17378      6.500    11.3476    11.3480     0.0004    0.89959    0.89959          1     6.7492     7.2154      97.36     1.0546     0.3682  1.000e-12  0.2449000     6.9852     6.9852    -0.0001     5.0025     5.0024      6.440      6.588      0.465    1461.15    1461.15  0.000e+00
      17404      7.000    11.3499    11.3517     0.0018    0.89975    0.89975          1     6.7473     7.2076      97.35     1.0437     0.3496  1.000e-12  0.2613000     6.9860     6.9857    -0.0003     5.0028     5.0023      6.935      7.094      0.555    1461.17    1461.17  0.000e+00
      17423      7.500    11.3367    11.3407     0.0040    0.89903    0.89917          1     6.7519     7.2109      97.37     1.0339     0.3499  1.000e-12  0.2552000     6.9825     6.9829     0.0004     5.0017     5.0015      7.431      7.601      0.659    1461.12    1461.14  0.000e+00
      17440      8.000    11.3154    11.3181     0.0027    0.89792    0.89798          1     6.7569     7.2168      97.36     1.0383     0.3810  1.000e-12  0.2589000     6.9771     6.9771    -0.0001     5.0002     4.9998      7.926      8.108      0.640    1461.04    1461.05  0.000e+00
      17461      8.500    11.3176    11.3217     0.0041    0.89803    0.89814          1     6.7554     7.2220      97.35     1.0595     0.3216  1.000e-12  0.2666000     6.9776     6.9778     0.0002     5.0002     4.9999      8.422      8.614      0.528    1461.06    1461.08  0.000e+00
      17487      9.000    11.3275    11.3258    -0.0018    0.89851    0.89835          1     6.7581     7.2197      97.34     1.1060     0.3306  1.000e-12  0.2747000     6.9797     6.9787    -0.0010     5.0007     5.0001      8.917      9.121      0.466    1461.11    1461.10  0.000e+00
      17511      9.500    11.3297    11.3302     0.0006    0.89863    0.89860          1     6.7580     7.2168      97.35     1.1192     0.3600  1.000e-12  0.2587000     6.9803     6.9799    -0.0004     5.0008     5.0005      9.412      9.628      0.565    1461.13    1461.13  0.000e+00
      17530     10.000    11.3308    11.3310     0.0001    0.89875    0.89866          1     6.7561     7.2142      97.36     1.0710     0.3560  1.000e-12  0.2549000     6.9810     6.9802    -0.0007     5.0012     5.0007      9.908     10.135      0.688    1461.14    1461.14  0.000e+00
      17546     10.500    11.3392    11.3400     0.0009    0.89923    0.89921          1     6.7534     7.2127      97.36     1.0677     0.3384  1.000e-12  0.2683000     6.9834     6.9831    -0.0003     5.0021     5.0017     10.403     10.641      0.733    1461.18    1461.18  0.000e+00
      17563     11.000    11.3386    11.3411     0.0025    0.89921    0.89929          1     6.7502     7.2157      97.36     1.0641     0.3616  1.000e-12  0.2734000     6.9833     6.9834     0.0002     5.0021     5.0019     10.898     11.148      0.682    1461.19    1461.20  0.000e+00
      17582     11.500    11.3415    11.3414    -0.0001    0.89936    0.89929          1     6.7493     7.2113      97.35     1.0435     0.3681  1.000e-12  0.2727000     6.9840     6.9834    -0.0006     5.0022     5.0018     11.394     11.655      0.532    1461.21    1461.20  0.000e+00
      17611     12.000    11.3417    11.3432     0.0015    0.89933    0.89934          1     6.7458     7.2041      97.34     1.0587     0.3280  1.000e-12  0.2505000     6.9836     6.9834    -0.0002     5.0019     5.0016     11.889     12.162      0.386    1461.21    1461.22  0.000e+00
      17641     12.500    11.3467    11.3464    -0.0003    0.89956    0.89946          1     6.7426     7.2036      97.36     1.1110     0.2811  1.000e-12  0.2533000     6.9845     6.9838    -0.0007     5.0020     5.0015     12.385     12.668      0.519    1461.24    1461.24  0.000e+00
      17660     13.000    11.3470    11.3481     0.0011    0.89950    0.89948          1     6.7432     7.2115      97.35     1.1424     0.2867  1.000e-12  0.2522000     6.9839     6.9836    -0.0003     5.0015     5.0011     12.880     13.175      0.725    1461.25    1461.26  0.000e+00
      17675     13.500    11.3547    11.3557     0.0010    0.90011    0.90007          1     6.7414     7.2101      97.36     1.0568     0.3098  1.000e-12  0.2517000     6.9874     6.9869    -0.0005     5.0033     5.0028     13.375     13.682      0.815    1461.29    1461.30  0.000e+00
      17689     14.000    11.3742    11.3748     0.0006    0.90158    0.90154          1     6.7380     7.2028      97.37     1.0412     0.3244  1.000e-12  0.2551000     6.9960     6.9956    -0.0004     5.0076     5.0072     13.871     14.189      0.795    1461.38    1461.39  0.000e+00
      17705     14.500    11.3742    11.3754     0.0012    0.90163    0.90162          1     6.7329     7.1969      97.36     0.9882     0.3377  1.000e-12  0.2603000     6.9964     6.9961    -0.0003     5.0078     5.0074     14.366     14.695      0.663    1461.39    1461.40  0.000e+00
      17728     15.000    11.3723    11.3776     0.0053    0.90143    0.90172          1     6.7324     7.2008      97.34     1.0130     0.3233  1.000e-12  0.3585000     6.9951     6.9965     0.0014     5.0071     5.0075     14.861     15.202      0.454    1461.39    1461.41  0.000e+00
      17759     15.500    11.3613    11.3653     0.0040    0.90081    0.90095          1     6.7334     7.1998      97.35     1.0345     0.3239  1.000e-12  0.2639000     6.9919     6.9923     0.0004     5.0060     5.0058     15.357     15.709      0.427    1461.36    1461.37  0.000e+00
      17783     16.000    11.3795    11.3806     0.0012    0.90193    0.90190          1     6.7279     7.1938      97.36     1.0834     0.3225  1.000e-12  0.2476000     6.9978     6.9973    -0.0004     5.0082     5.0078     15.852     16.215      0.603    1461.44    1461.44  0.000e+00
      17801     16.500    11.3773    11.3749    -0.0024    0.90176    0.90150          1     6.7237     7.2021      97.35     1.0218     0.3100  1.000e-12  0.2610000     6.9967     6.9950    -0.0017     5.0077     5.0067     16.347     16.722      0.699    1461.44    1461.43  0.000e+00
      17817     17.000    11.3651    11.3595    -0.0057    0.90102    0.90058          1     6.7258     7.2085      97.37     0.9993     0.3276  1.000e-12  0.2663000     6.9927     6.9902    -0.0026     5.0061     5.0048     16.843     17.229      0.693    1461.40    1461.37  0.000e+00
      17835     17.500    11.3538    11.3618     0.0080    0.90031    0.90068          1     6.7281     7.2079      97.36     1.0087     0.3658  1.000e-12  0.2556000     6.9889     6.9905     0.0016     5.0046     5.0048     17.338     17.736      0.615    1461.36    1461.39  0.000e+00
      17857     18.000    11.3508    11.3530     0.0021    0.90012    0.90018          1     6.7324     7.2059      97.35     1.0391     0.2969  1.000e-12  0.2658000     6.9879     6.9879     0.0001     5.0041     5.0039     17.833     18.242      0.541    1461.35    1461.36  0.000e+00
      17880     18.500    11.3467    11.3470     0.0003    0.89989    0.89984          1     6.7383     7.2134      97.34     1.0611     0.3070  1.000e-12  0.2658000     6.9866     6.9862    -0.0004     5.0037     5.0033     18.329     18.749      0.517    1461.34    1461.34  0.000e+00
      17903     19.000    11.3614    11.3590    -0.0024    0.90086    0.90058          1     6.7334     7.2108      97.36     1.0941     0.3300  1.000e-12  0.2593000     6.9920     6.9900    -0.0019     5.0060     5.0048     18.824     19.256      0.534    1461.41    1461.40  0.000e+00
      17925     19.500    11.3845    11.3846     0.0002    0.90227    0.90221          1     6.7298     7.2003      97.37     1.0636     0.3214  1.000e-12  0.2584000     6.9993     6.9988    -0.0005     5.0088     5.0084     19.320     19.763      0.583    1461.52    1461.52  0.000e+00
      17944     20.000    11.3800    11.3827     0.0027    0.90214    0.90217          1     6.7316     7.1939      97.36     1.0125     0.3228  1.000e-12  0.2613000     6.9990     6.9987    -0.0003     5.0092     5.0086     19.815     20.269      0.641    1461.51    1461.52  0.000e+00
      17962     20.500    11.3743    11.3762     0.0019    0.90201    0.90202          1     6.7272     7.1932      97.35     0.9920     0.3942  1.000e-12  0.2662000     6.9989     6.9987    -0.0003     5.0098     5.0094     20.310     20.776      0.657    1461.49    1461.50  0.000e+00
      17981     21.000    11.3720    11.3735     0.0015    0.90196    0.90195          1     6.7265     7.1909      97.36     0.9960     0.3521  1.000e-12  0.2520000     6.9989     6.9986    -0.0004     5.0101     5.0096     20.806     21.283      0.603    1461.49    1461.50  0.000e+00
      18003     21.500    11.3666    11.3684     0.0018    0.90196    0.90195          1     6.7325     7.1919      97.36     0.9747     0.3611  1.000e-12  0.2491000     6.9999     6.9994    -0.0004     5.0115     5.0109     21.301     21.790      0.508    1461.48    1461.49  0.000e+00
      18028     22.000    11.3609    11.3585    -0.0022    0.90192    0.90182          1     6.7298     7.1949      97.36     0.9925     0.3536  1.000e-12  0.2504000     7.0006     7.0002    -0.0004     5.0128     5.0127     21.796     22.296      0.489    1461.47    1461.46  0.000e+00
      18051     22.500    11.3398    11.3409     0.0009    0.90136    0.90136          1     6.7282     7.1933      97.36     1.0117     0.3168  1.000e-12  0.2516000     6.9998     6.9996    -0.0002     5.0147     5.0145     22.292     22.803      0.587    1461.40    1461.40  0.000e+00
      18070     23.000    11.3248    11.3173    -0.0074    0.90095    0.90068          1     6.7353     7.1951      97.38     0.9928     0.3066  1.000e-12  0.2529000     6.9992     6.9984    -0.0008     5.0161     5.0164     22.787     23.310      0.675    1461.35    1461.32  0.000e+00
      18087     23.500    11.3107    11.3037    -0.0069    0.90055    0.90026          1     6.7433     7.1938      97.37     0.9128     0.3195  1.000e-12  0.2425000     6.9984     6.9973    -0.0011     5.0172     5.0172     23.282     23.816      0.684    1461.30    1461.27  0.000e+00
      18105     24.000    11.3087    11.2981    -0.0106    0.90050    0.90002          1     6.7386     7.1921      97.36     0.9193     0.3220  1.000e-12  0.2489000     6.9984     6.9964    -0.0020     5.0174     5.0172     23.778     24.323      0.605    1461.30    1461.26  0.000e+00
      18127     24.500    11.3092    11.2904    -0.0188    0.90054    0.89970          1     6.7318     7.1921      97.37     0.9182     0.3072  1.000e-12  0.2457000     6.9985     6.9950    -0.0035     5.0175     5.0171     24.273     24.830      0.496    1461.31    1461.24  0.000e+00
      18153     25.000    11.2892    11.2802    -0.0090    0.89969    0.89928          1     6.7252     7.1911      97.37     0.9062     0.2763  1.000e-12  0.2399000     6.9952     6.9934    -0.0018     5.0174     5.0171     24.768     25.337      0.496    1461.24    1461.21  0.000e+00
      18175     25.500    11.2827    11.2806    -0.0019    0.89951    0.89935          1     6.7209     7.1871      97.43     0.9098     0.3237  1.000e-12  0.2512000     6.9948     6.9939    -0.0010     5.0179     5.0174     25.264     25.843      0.574    1461.22    1461.22  0.000e+00
      18195     26.000    11.2830    11.2898     0.0067    0.89953    0.89977          1     6.7271     7.1888      97.50     0.9369     0.3228  1.000e-12  0.2614000     6.9949     6.9956     0.0007     5.0179     5.0176     25.759     26.350      0.639    1461.23    1461.26  0.000e+00
      18213     26.500    11.2849    11.2878     0.0028    0.89962    0.89968          1     6.7281     7.1917      97.59     0.8980     0.2975  1.000e-12  0.2377000     6.9952     6.9952    -0.0000     5.0179     5.0176     26.254     26.857      0.662    1461.25    1461.26  0.000e+00
      18231     27.000    11.2860    11.2876     0.0015    0.89970    0.89974          1     6.7296     7.1951      97.58     0.8952     0.2866  1.000e-12  0.2356000     6.9957     6.9956    -0.0000     5.0181     5.0179     26.750     27.364      0.637    1461.26    1461.27  0.000e+00
      18251     27.500    11.2777    11.2837     0.0061    0.89939    0.89957          1     6.7262     7.1901      97.67     0.8952     0.3534  1.000e-12  0.2427000     6.9945     6.9949     0.0004     5.0183     5.0179     27.245     27.870      0.570    1461.24    1461.26  0.000e+00
      18274     28.000    11.2763    11.2852     0.0088    0.89931    0.89965          1     6.7186     7.1904      97.66     0.8981     0.3267  1.000e-12  0.2600000     6.9941     6.9953     0.0011     5.0181     5.0179     27.740     28.377      0.496    1461.24    1461.28  0.000e+00
      18299     28.500    11.2660    11.2684     0.0023    0.89878    0.89884          1     6.7124     7.1923      97.67     0.9123     0.3242  1.000e-12  0.2573000     6.9916     6.9916     0.0000     5.0174     5.0172     28.236     28.884      0.506    1461.21    1461.21  0.000e+00
      18321     29.000    11.2620    11.2685     0.0065    0.89868    0.89892          1     6.7230     7.1881      97.74     0.9229     0.3243  1.000e-12  0.2346000     6.9914     6.9922     0.0008     5.0178     5.0176     28.731     29.390      0.603    1461.20    1461.22  0.000e+00
