ctdpy/exports/archive_20191121_122431/received_data/SBE09_0827_20180826_0405_26_01_0897.cnv
* Sea-Bird SBE 9 Data File:
* FileName = D:\CTD_SBE911\DAT\93.hex
* Software Version Seasave V 7.21d
* Temperature SN = 034605
* Conductivity SN = 041844
* Number of Bytes Per Scan = 48
* Number of Voltage Words = 5
* Number of Scans Averaged by the Deck Unit = 1
* NMEA Latitude = 57 36.56 N
* NMEA Longitude = 011 08.61 E
* NMEA UTC (Time) = Aug 26 2018  04:07:46
* NMEA baud rate = 4800
** Ship: DANA
** Average sound velocity: 1511.40 m/s
** True-depth calculation Thu, 28 Mar 2019 09:32:13 +0000
** CTD Python Module SMHI /ver 3-12/ feb 2012 
** LIMS Job: 20182601-0897
**  17 W TRUBADUREN
** Operator: Christian
** Cruise: 08/2018
# nquan = 26
# nvalues = 74                          
# units = specified
# name 0 = scan: Scan Count
# name 1 = prDM: Pressure, Digiquartz [db]
# name 2 = t090C: Temperature [ITS-90, deg C]
# name 3 = t190C: Temperature, 2 [ITS-90, deg C]
# name 4 = T2-T190C: Temperature Difference, 2 - 1 [ITS-90, deg C]
# name 5 = c0S/m: Conductivity [S/m]
# name 6 = c1S/m: Conductivity, 2 [S/m]
# name 7 = pumps: Pump Status
# name 8 = sbeox1ML/L: Oxygen, SBE 43, 2 [ml/l]
# name 9 = sbeox0ML/L: Oxygen, SBE 43 [ml/l]
# name 10 = altM: Altimeter [m]
# name 11 = chloroflTC0: Chlorophyll, Turner Cyclops [ug/l]
# name 12 = cpar: CPAR/Corrected Irradiance [%]
# name 13 = par: PAR/Irradiance, Biospherical/Lico [µE/(cm^2*s)]
# name 14 = spar: SPAR, Biospherical/Licor
# name 15 = sal00: Salinity, Practical [PSU]
# name 16 = sal11: Salinity, Practical, 2 [PSU]
# name 17 = secS-priS: Salinity, Practical, Difference, 2 - 1 [PSU]
# name 18 = sigma-t00: Density [sigma-t, kg/m^3 ]
# name 19 = sigma-t11: Density, 2 [sigma-t, kg/m^3 ]
# name 20 = depSM: Depth [salt water, m], lat = 57.6093
# name 21 = depFM: Depth [true depth, m], lat = 57.6093
# name 22 = dz/dtM: Descent Rate [m/s], WS = 2
# name 23 = svCM: Sound Velocity [Chen-Millero, m/s]
# name 24 = svCM1: Sound Velocity, 2 [Chen-Millero, m/s]
# name 25 = flag: flag
# span 0 =        359,       4178       
# span 1 =      2.000,     38.500       
# span 2 =    17.2601,    17.6092       
# span 3 =    17.2605,    17.6027       
# span 4 =    -0.0256,     0.1172       
# span 5 =   4.187809,   4.223115       
# span 6 =   4.188470,   4.222713       
# span 7 =          1,          1       
# span 8 =     5.0563,     5.6159       
# span 9 =     4.8075,     5.3182       
# span 10 =       1.30,       9.97      
# span 11 =    -0.0003,     0.1221      
# span 12 = -1.514e-03, 4.3480e+00      
# span 13 = -5.226e-04, 1.4128e+00      
# span 14 = 3.2493e+01, 3.8586e+01      
# span 15 =    31.9471,    32.4396      
# span 16 =    31.9516,    32.4443      
# span 17 =    -0.0813,     0.0199      
# span 18 =    23.0455,    23.4885      
# span 19 =    23.0483,    23.4919      
# span 20 =      1.982,     38.141      
# span 21 =      1.991,     38.326      
# span 22 =     -0.180,      0.322      
# span 23 =    1511.00,    1511.80      
# span 24 =    1511.02,    1511.81      
# span 25 = 0.0000e+00, 0.0000e+00      
# interval = decibars: 0.5              
# start_time = Aug 26 2018 04:07:46 [NMEA time, first data scan]
# bad_flag = -9.990e-29
*END*
        359      2.000    17.5441    17.5490     0.0050    4.18831    4.18958          1     5.5678     5.2821       9.97     0.0212  4.348e+00  1.413e+00  3.249e+01    31.9489    31.9558     0.0069    23.0460    23.0501      1.982      1.991      0.292    1511.00    1511.03  0.000e+00
        393      2.500    17.5406    17.5441     0.0035    4.18781    4.18900          1     5.5737     5.3031       9.97     0.0209  3.844e+00  1.249e+00  3.249e+01    31.9471    31.9545     0.0074    23.0455    23.0502      2.477      2.489      0.284    1511.00    1511.02  0.000e+00
        458      3.000    17.5425    17.5443     0.0017    4.18821    4.18894          1     5.5875     5.3134       9.97     0.0208  3.005e+00  9.763e-01  3.249e+01    31.9488    31.9537     0.0048    23.0463    23.0496      2.972      2.987      0.289    1511.02    1511.03  0.000e+00
        493      3.500    17.5401    17.5410     0.0009    4.18782    4.18847          1     5.5920     5.3065       9.97     0.0208  2.871e+00  9.330e-01  3.249e+01    31.9473    31.9520     0.0048    23.0457    23.0492      3.468      3.485      0.308    1511.02    1511.03  0.000e+00
        546      4.000    17.5469    17.5433    -0.0037    4.18893    4.18865          1     5.5934     5.3079       9.97     0.0202  2.519e+00  8.185e-01  3.249e+01    31.9512    31.9516     0.0005    23.0471    23.0483      3.963      3.982      0.220    1511.05    1511.04  0.000e+00
        593      4.500    17.5481    17.5494     0.0012    4.18930    4.18987          1     5.5884     5.2922       9.97     0.0197  2.240e+00  7.279e-01  3.249e+01    31.9532    31.9571     0.0039    23.0484    23.0510      4.458      4.480      0.322    1511.06    1511.07  0.000e+00
        636      5.000    17.5558    17.5500    -0.0058    4.19056    4.19013          1     5.5697     5.2991       9.97     0.0196  1.901e+00  6.178e-01  3.249e+01    31.9577    31.9586     0.0010    23.0499    23.0521      4.954      4.978      0.226    1511.10    1511.08  0.000e+00
        693      5.500    17.5569    17.5519    -0.0050    4.19093    4.19033          1     5.6070     5.2949       9.97     0.0195  1.642e+00  5.335e-01  3.249e+01    31.9597    31.9586    -0.0011    23.0513    23.0516      5.449      5.476      0.242    1511.11    1511.10  0.000e+00
        737      6.000    17.5631    17.5542    -0.0089    4.19185    4.19066          1     5.6106     5.2990       9.97     0.0195  1.419e+00  4.610e-01  3.249e+01    31.9625    31.9594    -0.0031    23.0519    23.0517      5.945      5.974      0.265    1511.14    1511.11  0.000e+00
        786      6.500    17.5710    17.5574    -0.0136    4.19317    4.19109          1     5.5896     5.3021       9.97     0.0195  1.171e+00  3.806e-01  3.249e+01    31.9675    31.9604    -0.0071    23.0538    23.0516      6.440      6.471      0.239    1511.18    1511.13  0.000e+00
        835      7.000    17.5725    17.5619    -0.0107    4.19342    4.19199          1     5.5878     5.3058       9.97     0.0194  9.920e-01  3.223e-01  3.249e+01    31.9682    31.9644    -0.0038    23.0540    23.0536      6.935      6.969      0.247    1511.19    1511.16  0.000e+00
        882      7.500    17.5707    17.5643    -0.0064    4.19314    4.19252          1     5.5940     5.3068       9.97     0.0188  8.441e-01  2.746e-01  3.254e+01    31.9671    31.9668    -0.0003    23.0536    23.0549      7.431      7.467      0.272    1511.20    1511.18  0.000e+00
        926      8.000    17.5669    17.5659    -0.0010    4.19243    4.19285          1     5.5856     5.2946       9.97     0.0185  6.787e-01  2.206e-01  3.250e+01    31.9638    31.9682     0.0044    23.0520    23.0556      7.926      7.965      0.249    1511.19    1511.19  0.000e+00
        978      8.500    17.5575    17.5644     0.0068    4.19089    4.19259          1     5.5919     5.2995       9.97     0.0183  5.246e-01  1.723e-01  3.289e+01    31.9579    31.9670     0.0090    23.0497    23.0550      8.421      8.463      0.232    1511.16    1511.20  0.000e+00
       1029      9.000    17.5640    17.5612    -0.0028    4.19162    4.19196          1     5.5955     5.3166       9.97     0.0183  4.259e-01  1.414e-01  3.324e+01    31.9589    31.9640     0.0051    23.0489    23.0535      8.917      8.960      0.242    1511.19    1511.19  0.000e+00
       1076      9.500    17.5659    17.5620    -0.0038    4.19206    4.19195          1     5.5981     5.3008       9.97     0.0183  2.964e-01  1.002e-01  3.384e+01    31.9609    31.9630     0.0021    23.0500    23.0525      9.412      9.458      0.263    1511.21    1511.20  0.000e+00
       1124     10.000    17.5678    17.5638    -0.0040    4.19242    4.19220          1     5.6022     5.2981       9.97     0.0178  2.140e-01  7.316e-02  3.421e+01    31.9623    31.9635     0.0012    23.0507    23.0525      9.907      9.956      0.234    1511.23    1511.21  0.000e+00
       1175     10.500    17.5677    17.5655    -0.0022    4.19241    4.19250          1     5.6034     5.3060       9.97     0.0175  1.173e-01  4.048e-02  3.452e+01    31.9622    31.9647     0.0025    23.0506    23.0530     10.403     10.454      0.253    1511.23    1511.23  0.000e+00
       1220     11.000    17.5629    17.5647     0.0018    4.19188    4.19246          1     5.6010     5.3085       9.97     0.0043  5.226e-02  1.804e-02  3.452e+01    31.9612    31.9648     0.0035    23.0510    23.0533     10.898     10.951      0.253    1511.23    1511.23  0.000e+00
       1273     11.500    17.5593    17.5627     0.0034    4.19123    4.19230          1     5.5876     5.2881       9.97     0.0000 -1.514e-03 -5.226e-04  3.452e+01    31.9583    31.9648     0.0064    23.0496    23.0537     11.393     11.449      0.227    1511.22    1511.24  0.000e+00
       1319     12.000    17.5561    17.5585     0.0024    4.19052    4.19159          1     5.5997     5.2981       9.97     0.0261  8.826e-06  3.047e-06  3.452e+01    31.9546    31.9618     0.0072    23.0476    23.0525     11.889     11.947      0.279    1511.21    1511.23  0.000e+00
       1370     12.500    17.5573    17.5558    -0.0014    4.19098    4.19104          1     5.5987     5.2970       9.97     0.0165  2.897e-12  1.000e-12  3.452e+01    31.9575    31.9591     0.0016    23.0494    23.0510     12.384     12.445      0.213    1511.23    1511.23  0.000e+00
       1420     13.000    17.5553    17.5550    -0.0003    4.19068    4.19099          1     5.6026     5.3072       9.97     0.0066  2.897e-12  1.000e-12  3.452e+01    31.9563    31.9592     0.0028    23.0491    23.0513     12.880     12.943      0.275    1511.23    1511.23  0.000e+00
       1468     13.500    17.5540    17.5539    -0.0001    4.19064    4.19088          1     5.5944     5.3091       9.97     0.0008  2.897e-12  1.000e-12  3.452e+01    31.9568    31.9589     0.0021    23.0497    23.0513     13.375     13.440      0.228    1511.23    1511.24  0.000e+00
       1516     14.000    17.5734    17.5540    -0.0194    4.19505    4.19093          1     5.6159     5.2937       9.97     0.0181  2.897e-12  1.000e-12  3.452e+01    31.9789    31.9591    -0.0198    23.0620    23.0515     13.870     13.938      0.289    1511.33    1511.25  0.000e+00
       1559     14.500    17.5702    17.5581    -0.0121    4.19427    4.19192          1     5.6064     5.3001       9.97     0.0121  2.897e-12  1.000e-12  3.452e+01    31.9746    31.9641    -0.0105    23.0595    23.0544     14.366     14.436      0.247    1511.32    1511.27  0.000e+00
       1610     15.000    17.5732    17.5608    -0.0125    4.19512    4.19254          1     5.5761     5.3182       9.97    -0.0003  2.897e-12  1.000e-12  3.452e+01    31.9793    31.9671    -0.0121    23.0623    23.0560     14.861     14.934      0.253    1511.34    1511.29  0.000e+00
       1654     15.500    17.5741    17.5646    -0.0095    4.19520    4.19338          1     5.5902     5.3091       9.97     0.0037  2.897e-12  1.000e-12  3.452e+01    31.9791    31.9711    -0.0080    23.0620    23.0581     15.356     15.432      0.265    1511.35    1511.32  0.000e+00
       1706     16.000    17.5884    17.5670    -0.0214    4.19868    4.19410          1     5.6086     5.2995       9.97     0.0006  2.897e-12  1.000e-12  3.452e+01    31.9973    31.9752    -0.0221    23.0725    23.0607     15.852     15.929      0.228    1511.42    1511.34  0.000e+00
       1751     16.500    17.5956    17.5740    -0.0216    4.20079    4.19549          1     5.6088     5.2998       9.97     0.0104  2.897e-12  1.000e-12  3.452e+01    32.0094    31.9813    -0.0280    23.0800    23.0637     16.347     16.427      0.291    1511.47    1511.37  0.000e+00
       1797     17.000    17.5920    17.5821    -0.0099    4.20062    4.19790          1     5.5931     5.3067       9.97     0.1221  2.897e-12  1.000e-12  3.452e+01    32.0105    31.9952    -0.0153    23.0818    23.0724     16.842     16.925      0.229    1511.47    1511.42  0.000e+00
       1849     17.500    17.5607    17.5836     0.0229    4.19447    4.19892          1     5.5832     5.2909       9.97     0.1145  2.897e-12  1.000e-12  3.452e+01    31.9826    32.0025     0.0199    23.0679    23.0777     17.338     17.423      0.256    1511.35    1511.44  0.000e+00
       1893     18.000    17.5948    17.5804    -0.0145    4.20332    4.19870          1     5.5942     5.2978       9.97     0.1147  2.897e-12  1.000e-12  3.452e+01    32.0309    32.0030    -0.0279    23.0968    23.0788     17.833     17.921      0.276    1511.52    1511.44  0.000e+00
       1940     18.500    17.6092    17.5836    -0.0255    4.20873    4.19985          1     5.6141     5.3132       9.97     0.1120  2.897e-12  1.000e-12  3.452e+01    32.0655    32.0101    -0.0554    23.1198    23.0835     18.328     18.418      0.231    1511.61    1511.47  0.000e+00
       1993     19.000    17.5920    17.5972     0.0052    4.20877    4.20357          1     5.5876     5.2930       9.97     0.0990  2.897e-12  1.000e-12  3.452e+01    32.0792    32.0309    -0.0483    23.1343    23.0961     18.824     18.916      0.258    1511.58    1511.54  0.000e+00
       2034     19.500    17.5612    17.6027     0.0414    4.20590    4.20707          1     5.6094     5.2878       9.97     0.0868  2.897e-12  1.000e-12  3.452e+01    32.0789    32.0561    -0.0227    23.1414    23.1142     19.319     19.414      0.283    1511.50    1511.59  0.000e+00
       2082     20.000    17.5432    17.5925     0.0493    4.20265    4.20743          1     5.5917     5.2938       9.97     0.0651  2.893e-12  1.000e-12  3.456e+01    32.0653    32.0671     0.0018    23.1353    23.1250     19.814     19.912      0.234    1511.43    1511.58  0.000e+00
       2131     20.500    17.5362    17.5806     0.0445    4.20438    4.20663          1     5.6115     5.3074       9.97     0.0204  2.897e-12  1.000e-12  3.452e+01    32.0854    32.0694    -0.0160    23.1524    23.1296     20.310     20.409      0.273    1511.45    1511.56  0.000e+00
       2176     21.000    17.5393    17.5665     0.0272    4.20488    4.20584          1     5.5950     5.2983       9.97     0.0215  2.882e-12  1.000e-12  3.471e+01    32.0870    32.0737    -0.0133    23.1529    23.1362     20.805     20.907      0.242    1511.46    1511.53  0.000e+00
       2226     21.500    17.5511    17.5495    -0.0017    4.20673    4.20547          1     5.6004     5.3098       9.97     0.0236  2.840e-12  1.000e-12  3.523e+01    32.0933    32.0838    -0.0095    23.1549    23.1480     21.300     21.405      0.260    1511.51    1511.50  0.000e+00
       2271     22.000    17.5668    17.5460    -0.0208    4.20907    4.20563          1     5.5953     5.2972       9.97     0.0212  2.809e-12  1.000e-12  3.563e+01    32.1006    32.0877    -0.0129    23.1567    23.1518     21.796     21.903      0.247    1511.58    1511.50  0.000e+00
       2323     22.500    17.5690    17.5469    -0.0221    4.20948    4.20628          1     5.5834     5.2810       9.97     0.0195  2.759e-12  1.000e-12  3.625e+01    32.1022    32.0923    -0.0099    23.1574    23.1551     22.291     22.400      0.237    1511.59    1511.52  0.000e+00
       2369     23.000    17.5726    17.5471    -0.0256    4.21071    4.20647          1     5.5690     5.2840       9.97     0.0195  2.756e-12  1.000e-12  3.630e+01    32.1096    32.0937    -0.0159    23.1623    23.1562     22.786     22.898      0.268    1511.62    1511.53  0.000e+00
       2417     23.500    17.5713    17.5494    -0.0218    4.21117    4.20683          1     5.6097     5.2860       9.97     0.0195  2.740e-12  1.000e-12  3.650e+01    32.1144    32.0948    -0.0197    23.1663    23.1564     23.282     23.396      0.243    1511.63    1511.55  0.000e+00
       2463     24.000    17.5684    17.5567    -0.0117    4.21142    4.20824          1     5.5923     5.2680       9.97     0.0205  2.736e-12  1.000e-12  3.655e+01    32.1187    32.1007    -0.0179    23.1702    23.1592     23.777     23.893      0.283    1511.64    1511.58  0.000e+00
       2509     24.500    17.5586    17.5615     0.0029    4.21128    4.20946          1     5.5893     5.2729       9.97     0.0216  2.736e-12  1.000e-12  3.655e+01    32.1251    32.1073    -0.0178    23.1774    23.1631     24.272     24.391      0.236    1511.62    1511.61  0.000e+00
       2557     25.000    17.5589    17.5646     0.0056    4.21151    4.21095          1     5.6049     5.2866       9.97     0.0205  2.736e-12  1.000e-12  3.655e+01    32.1266    32.1173    -0.0093    23.1785    23.1701     24.768     24.889      0.270    1511.63    1511.64  0.000e+00
       2608     25.500    17.5588    17.5621     0.0033    4.21153    4.21149          1     5.5861     5.2678       9.97     0.0212  2.736e-12  1.000e-12  3.655e+01    32.1267    32.1236    -0.0031    23.1786    23.1755     25.263     25.387      0.215    1511.64    1511.65  0.000e+00
       2658     26.000    17.5588    17.5602     0.0014    4.21156    4.21182          1     5.5746     5.2681       9.97     0.0223  2.736e-12  1.000e-12  3.655e+01    32.1267    32.1277     0.0011    23.1786    23.1791     25.758     25.884      0.278    1511.65    1511.66  0.000e+00
       2704     26.500    17.5582    17.5594     0.0013    4.21155    4.21190          1     5.5798     5.2571       9.97     0.0225  2.736e-12  1.000e-12  3.655e+01    32.1269    32.1289     0.0019    23.1790    23.1801     26.254     26.382      0.239    1511.66    1511.66  0.000e+00
       2754     27.000    17.5540    17.5582     0.0042    4.21170    4.21198          1     5.5744     5.2352       9.97     0.0235  2.736e-12  1.000e-12  3.655e+01    32.1313    32.1304    -0.0009    23.1833    23.1816     26.749     26.880      0.258    1511.66    1511.67  0.000e+00
       2798     27.500    17.5503    17.5573     0.0069    4.21218    4.21201          1     5.5694     5.2561       9.97     0.0331  2.736e-12  1.000e-12  3.655e+01    32.1382    32.1312    -0.0070    23.1895    23.1825     27.244     27.378      0.271    1511.66    1511.68  0.000e+00
       2845     28.000    17.5527    17.5553     0.0026    4.21307    4.21214          1     5.5634     5.2304       9.97     0.0294  2.736e-12  1.000e-12  3.655e+01    32.1437    32.1337    -0.0100    23.1931    23.1849     27.740     27.875      0.247    1511.68    1511.68  0.000e+00
       2891     28.500    17.5580    17.5533    -0.0048    4.21437    4.21254          1     5.5659     5.2150       9.97     0.0277  2.736e-12  1.000e-12  3.655e+01    32.1504    32.1385    -0.0118    23.1969    23.1890     28.235     28.373      0.273    1511.72    1511.69  0.000e+00
       2940     29.000    17.5608    17.5537    -0.0071    4.21552    4.21313          1     5.5629     5.2053       9.91     0.0182  2.736e-12  1.000e-12  3.655e+01    32.1578    32.1431    -0.0147    23.2020    23.1924     28.730     28.871      0.222    1511.74    1511.70  0.000e+00
