ctdpy/exports/archive_20191121_122431/received_data/SBE09_0827_20180821_0404_26_01_0820.cnv
* Sea-Bird SBE 9 Data File:
* FileName = D:\CTD_SBE911\DAT\26DA.2018.8.20.hex
* Software Version Seasave V 7.21d
* Temperature SN = 034605
* Conductivity SN = 041844
* Number of Bytes Per Scan = 48
* Number of Voltage Words = 5
* Number of Scans Averaged by the Deck Unit = 1
* NMEA Latitude = 58 49.11 N
* NMEA Longitude = 010 13.46 E
* NMEA UTC (Time) = Aug 21 2018  04:07:05
* NMEA baud rate = 4800
** Ship: DANA
** Average sound velocity: 1488.84 m/s
** True-depth calculation Thu, 28 Mar 2019 09:23:52 +0000
** CTD Python Module SMHI /ver 3-12/ feb 2012 
** LIMS Job: 20182601-0820
**  11 SSE Svenner
** Operator: Christian
** Cruise: 08/2018
# nquan = 26
# nvalues = 394                         
# units = specified
# name 0 = scan: Scan Count
# name 1 = prDM: Pressure, Digiquartz [db]
# name 2 = t090C: Temperature [ITS-90, deg C]
# name 3 = t190C: Temperature, 2 [ITS-90, deg C]
# name 4 = T2-T190C: Temperature Difference, 2 - 1 [ITS-90, deg C]
# name 5 = c0S/m: Conductivity [S/m]
# name 6 = c1S/m: Conductivity, 2 [S/m]
# name 7 = pumps: Pump Status
# name 8 = sbeox1ML/L: Oxygen, SBE 43, 2 [ml/l]
# name 9 = sbeox0ML/L: Oxygen, SBE 43 [ml/l]
# name 10 = altM: Altimeter [m]
# name 11 = chloroflTC0: Chlorophyll, Turner Cyclops [ug/l]
# name 12 = cpar: CPAR/Corrected Irradiance [%]
# name 13 = par: PAR/Irradiance, Biospherical/Lico [µE/(cm^2*s)]
# name 14 = spar: SPAR, Biospherical/Licor
# name 15 = sal00: Salinity, Practical [PSU]
# name 16 = sal11: Salinity, Practical, 2 [PSU]
# name 17 = secS-priS: Salinity, Practical, Difference, 2 - 1 [PSU]
# name 18 = sigma-t00: Density [sigma-t, kg/m^3 ]
# name 19 = sigma-t11: Density, 2 [sigma-t, kg/m^3 ]
# name 20 = depSM: Depth [salt water, m], lat = 58.8185
# name 21 = depFM: Depth [true depth, m], lat = 58.8185
# name 22 = dz/dtM: Descent Rate [m/s], WS = 2
# name 23 = svCM: Sound Velocity [Chen-Millero, m/s]
# name 24 = svCM1: Sound Velocity, 2 [Chen-Millero, m/s]
# name 25 = flag: flag
# span 0 =        -34,      21381       
# span 1 =      1.500,    198.000       
# span 2 =     6.4883,    17.6305       
# span 3 =     6.4981,    17.6495       
# span 4 =    -0.1993,     0.2049       
# span 5 =   3.494649,   4.287740       
# span 6 =   3.500969,   4.289735       
# span 7 =          1,          1       
# span 8 =     2.9874,     6.3401       
# span 9 =     5.4279,     6.2958       
# span 10 =      -3.53,      13.83      
# span 11 =     0.0292,     0.2024      
# span 12 = -4.126e-05, 2.8767e+00      
# span 13 = -4.573e-05, 2.9670e+00      
# span 14 = 1.0308e+02, 2.8913e+02      
# span 15 =    30.5651,    35.1512      
# span 16 =    30.5415,    35.1176      
# span 17 =    -0.2457,     0.1938      
# span 18 =    22.0471,    27.6073      
# span 19 =    22.0358,    27.5775      
# span 20 =      1.486,    196.058      
# span 21 =      1.495,    196.474      
# span 22 =     -0.291,      0.579      
# span 23 =    1479.94,    1512.45      
# span 24 =    1479.94,    1512.54      
# span 25 = 0.0000e+00, 0.0000e+00      
# interval = decibars: 0.5              
# start_time = Aug 21 2018 04:07:05 [NMEA time, first data scan]
# bad_flag = -9.990e-29
*END*
[from data line 335]
      12070    169.000     6.7602     6.7533    -0.0068    3.52243    3.52276          1     5.5193     5.6125       9.97     0.0317  5.471e-13  1.000e-12  1.828e+02    35.0927    35.1033     0.0106    27.5251    27.5344    167.354    167.728      0.401    1480.62    1480.60  0.000e+00
      12099    169.500     6.7510     6.7478    -0.0032    3.52174    3.52224          1     5.5078     5.6125       9.97     0.0310  5.455e-13  1.000e-12  1.833e+02    35.0942    35.1030     0.0088    27.5275    27.5349    167.849    168.224      0.451    1480.59    1480.59  0.000e+00
      12124    170.000     6.7492     6.7473    -0.0019    3.52160    3.52212          1     5.5153     5.6045       9.97     0.0302  5.487e-13  1.000e-12  1.822e+02    35.0942    35.1019     0.0077    27.5278    27.5341    168.344    168.719      0.499    1480.59    1480.60  0.000e+00
      12147    170.500     6.7506     6.7482    -0.0024    3.52172    3.52222          1     5.5271     5.6031       9.97     0.0312  5.541e-13  1.000e-12  1.805e+02    35.0939    35.1019     0.0080    27.5274    27.5340    168.839    169.215      0.512    1480.61    1480.61  0.000e+00
      12171    171.000     6.7500     6.7495    -0.0005    3.52172    3.52224          1     5.5293     5.6133       9.97     0.0305  5.594e-13  1.000e-12  1.787e+02    35.0942    35.1005     0.0062    27.5277    27.5327    169.334    169.711      0.485    1480.61    1480.62  0.000e+00
      12198    171.500     6.7546     6.7546     0.0000    3.52211    3.52268          1     5.5214     5.6124       9.97     0.0318  5.586e-13  1.000e-12  1.790e+02    35.0936    35.0999     0.0063    27.5266    27.5315    169.829    170.206      0.398    1480.64    1480.65  0.000e+00
      12232    172.000     6.7561     6.7560    -0.0001    3.52227    3.52281          1     5.5266     5.6104       9.97     0.0310  5.488e-13  1.000e-12  1.822e+02    35.0935    35.0997     0.0061    27.5263    27.5311    170.324    170.702      0.351    1480.65    1480.66  0.000e+00
      12263    172.500     6.7576     6.7564    -0.0012    3.52240    3.52286          1     5.5303     5.6023       9.97     0.0310  5.410e-13  1.000e-12  1.848e+02    35.0933    35.0996     0.0063    27.5259    27.5311    170.819    171.197      0.441    1480.66    1480.67  0.000e+00
      12288    173.000     6.7569     6.7571     0.0002    3.52235    3.52301          1     5.5228     5.6059       9.97     0.0313  5.419e-13  1.000e-12  1.845e+02    35.0932    35.1003     0.0071    27.5259    27.5315    171.313    171.693      0.506    1480.67    1480.68  0.000e+00
      12312    173.500     6.7489     6.7476    -0.0014    3.52175    3.52231          1     5.5153     5.6199       9.97     0.0306  5.470e-13  1.000e-12  1.828e+02    35.0944    35.1019     0.0075    27.5280    27.5341    171.808    172.189      0.479    1480.65    1480.65  0.000e+00
      12340    174.000     6.7558     6.7542    -0.0015    3.52233    3.52274          1     5.5125     5.6191       9.97     0.0312  5.391e-13  1.000e-12  1.855e+02    35.0935    35.0997     0.0062    27.5264    27.5314    172.303    172.684      0.390    1480.69    1480.69  0.000e+00
      12372    174.500     6.7480     6.7428    -0.0051    3.52168    3.52201          1     5.5242     5.6234       9.97     0.0310  5.304e-13  1.000e-12  1.885e+02    35.0941    35.1030     0.0089    27.5278    27.5356    172.798    173.180      0.395    1480.66    1480.66  0.000e+00
      12399    175.000     6.7409     6.7360    -0.0049    3.52112    3.52143          1     5.5283     5.6213       9.97     0.0299  5.332e-13  1.000e-12  1.876e+02    35.0949    35.1034     0.0085    27.5295    27.5368    173.293    173.676      0.479    1480.65    1480.63  0.000e+00
      12423    175.500     6.7353     6.7253    -0.0100    3.52065    3.52074          1     5.5317     5.6284       9.97     0.0303  5.377e-13  1.000e-12  1.860e+02    35.0951    35.1064     0.0113    27.5304    27.5407    173.788    174.171      0.491    1480.63    1480.61  0.000e+00
      12449    176.000     6.7230     6.7084    -0.0145    3.51955    3.51939          1     5.5259     5.6316       9.97     0.0305  5.454e-13  1.000e-12  1.834e+02    35.0952    35.1084     0.0132    27.5322    27.5446    174.283    174.667      0.457    1480.59    1480.55  0.000e+00
      12476    176.500     6.7081     6.6936    -0.0145    3.51840    3.51827          1     5.5311     5.6294       9.97     0.0300  5.532e-13  1.000e-12  1.808e+02    35.0975    35.1109     0.0134    27.5360    27.5485    174.778    175.162      0.441    1480.55    1480.51  0.000e+00
      12503    177.000     6.6872     6.6897     0.0024    3.51668    3.51754          1     5.5323     5.6357       9.97     0.0295  5.503e-13  1.000e-12  1.817e+02    35.0995    35.1066     0.0070    27.5404    27.5457    175.273    175.658      0.444    1480.47    1480.49  0.000e+00
      12531    177.500     6.6905     6.6885    -0.0021    3.51697    3.51740          1     5.5212     5.6476       9.97     0.0297  5.405e-13  1.000e-12  1.850e+02    35.0991    35.1060     0.0069    27.5397    27.5454    175.768    176.154      0.411    1480.50    1480.50  0.000e+00
      12562    178.000     6.6949     6.6901    -0.0048    3.51732    3.51766          1     5.5295     5.6262       9.97     0.0300  5.352e-13  1.000e-12  1.868e+02    35.0983    35.1070     0.0087    27.5384    27.5460    176.263    176.649      0.373    1480.52    1480.51  0.000e+00
      12593    178.500     6.6915     6.6863    -0.0052    3.51710    3.51730          1     5.5386     5.6234       9.97     0.0317  5.393e-13  1.000e-12  1.854e+02    35.0991    35.1066     0.0075    27.5395    27.5461    176.758    177.145      0.436    1480.52    1480.50  0.000e+00
      12618    179.000     6.6922     6.6891    -0.0032    3.51717    3.51751          1     5.5284     5.6328       9.97     0.0300  5.484e-13  1.000e-12  1.824e+02    35.0988    35.1057     0.0069    27.5392    27.5451    177.252    177.640      0.480    1480.53    1480.52  0.000e+00
      12718    179.500     6.6957     6.6887    -0.0070    3.51747    3.51754          1     5.5249     5.6349       9.97     0.0303  5.408e-13  1.000e-12  1.849e+02    35.0983    35.1063     0.0079    27.5383    27.5455    177.747    178.136      0.402    1480.55    1480.53  0.000e+00
      12958    180.000     6.6659     6.6570    -0.0089    3.51488    3.51521          1     5.5377     5.6328       9.97     0.0302  5.324e-13  1.000e-12  1.878e+02    35.0999    35.1127     0.0128    27.5436    27.5549    178.242    178.632      0.445    1480.44    1480.42  0.000e+00
      12993    180.500     6.6550     6.6509    -0.0041    3.51400    3.51444          1     5.5392     5.6480       9.97     0.0308  5.249e-13  1.000e-12  1.905e+02    35.1010    35.1101     0.0091    27.5460    27.5537    178.737    179.127      0.356    1480.41    1480.40  0.000e+00
      13029    181.000     6.6491     6.6434    -0.0057    3.51348    3.51383          1     5.5434     5.6517       9.97     0.0296  5.197e-13  1.000e-12  1.924e+02    35.1011    35.1107     0.0096    27.5469    27.5552    179.232    179.623      0.348    1480.39    1480.38  0.000e+00
      13059    181.500     6.6380     6.6316    -0.0064    3.51251    3.51285          1     5.5418     5.6401       9.97     0.0297  5.208e-13  1.000e-12  1.920e+02    35.1014    35.1116     0.0103    27.5486    27.5576    179.727    180.119      0.458    1480.36    1480.35  0.000e+00
      13084    182.000     6.6243     6.6173    -0.0069    3.51126    3.51174          1     5.5458     5.6359       9.97     0.0307  5.242e-13  1.000e-12  1.908e+02    35.1013    35.1138     0.0125    27.5504    27.5612    180.222    180.614      0.509    1480.31    1480.30  0.000e+00
      13107    182.500     6.6170     6.6128    -0.0041    3.51067    3.51114          1     5.5433     5.6407       9.97     0.0305  5.293e-13  1.000e-12  1.889e+02    35.1020    35.1114     0.0095    27.5519    27.5599    180.717    181.110      0.496    1480.29    1480.29  0.000e+00
      13133    183.000     6.6142     6.6109    -0.0034    3.51044    3.51094          1     5.5382     5.6473       9.97     0.0300  5.295e-13  1.000e-12  1.889e+02    35.1019    35.1109     0.0090    27.5522    27.5598    181.212    181.605      0.435    1480.29    1480.29  0.000e+00
      13163    183.500     6.6058     6.6007    -0.0051    3.50969    3.51019          1     5.5437     5.6453       9.85     0.0298  5.328e-13  1.000e-12  1.877e+02    35.1020    35.1129     0.0109    27.5534    27.5627    181.707    182.101      0.367    1480.27    1480.26  0.000e+00
      13197    184.000     6.5834     6.5670    -0.0164    3.50764    3.50754          1     5.5399     5.6403       9.41     0.0309  5.342e-13  1.000e-12  1.872e+02    35.1019    35.1176     0.0157    27.5564    27.5710    182.201    182.597      0.370    1480.19    1480.14  0.000e+00
      13227    184.500     6.5646     6.5516    -0.0130    3.50604    3.50593          1     5.5317     5.6563       8.96     0.0294  5.274e-13  1.000e-12  1.896e+02    35.1032    35.1153     0.0121    27.5600    27.5712    182.696    183.092      0.445    1480.12    1480.09  0.000e+00
      13252    185.000     6.5578     6.5559    -0.0020    3.50548    3.50603          1     5.5344     5.6486       8.48     0.0298  5.238e-13  1.000e-12  1.909e+02    35.1036    35.1117     0.0081    27.5612    27.5678    183.191    183.588      0.502    1480.11    1480.11  0.000e+00
      13276    185.500     6.5560     6.5477    -0.0082    3.50528    3.50561          1     5.5307     5.6364       8.02     0.0305  5.238e-13  1.000e-12  1.909e+02    35.1030    35.1151     0.0121    27.5610    27.5717    183.686    184.083      0.466    1480.11    1480.09  0.000e+00
      13305    186.000     6.5418     6.5346    -0.0072    3.50400    3.50435          1     5.5306     5.6400       7.51     0.0299  5.235e-13  1.000e-12  1.910e+02    35.1030    35.1144     0.0114    27.5629    27.5728    184.181    184.579      0.379    1480.06    1480.05  0.000e+00
      13338    186.500     6.5355     6.5270    -0.0085    3.50349    3.50367          1     5.5388     5.6517       7.00     0.0300  5.148e-13  1.000e-12  1.942e+02    35.1036    35.1143     0.0107    27.5642    27.5738    184.676    185.075      0.375    1480.04    1480.02  0.000e+00
      13368    187.000     6.5299     6.5131    -0.0168    3.50295    3.50257          1     5.5378     5.6510       6.54     0.0294  5.075e-13  1.000e-12  1.971e+02    35.1030    35.1161     0.0131    27.5645    27.5771    185.171    185.570      0.437    1480.03    1479.98  0.000e+00
      13394    187.500     6.5130     6.5037    -0.0093    3.50144    3.50163          1     5.5313     5.6449       6.11     0.0292  5.126e-13  1.000e-12  1.951e+02    35.1033    35.1151     0.0117    27.5670    27.5775    185.666    186.066      0.481    1479.97    1479.95  0.000e+00
      13418    188.000     6.5048     6.4998    -0.0051    3.50076    3.50119          1     5.5215     5.6408       5.59     0.0294  5.207e-13  1.000e-12  1.921e+02    35.1038    35.1138     0.0100    27.5685    27.5770    186.160    186.561      0.506    1479.95    1479.94  0.000e+00
      13441    188.500     6.5016     6.4982    -0.0034    3.50048    3.50102          1     5.5195     5.6364       5.14     0.0306  5.289e-13  1.000e-12  1.891e+02    35.1039    35.1133     0.0095    27.5690    27.5769    186.655    187.057      0.498    1479.94    1479.94  0.000e+00
      13466    189.000     6.5002     6.4981    -0.0021    3.50039    3.50097          1     5.5208     5.6322       4.61     0.0308  5.273e-13  1.000e-12  1.896e+02    35.1040    35.1126     0.0087    27.5692    27.5764    187.150    187.553      0.449    1479.95    1479.95  0.000e+00
      13496    189.500     6.5027     6.5019    -0.0008    3.50065    3.50126          1     5.5215     5.6316       4.11     0.0307  5.190e-13  1.000e-12  1.927e+02    35.1041    35.1116     0.0075    27.5690    27.5751    187.645    188.048      0.373    1479.96    1479.97  0.000e+00
      13528    190.000     6.5030     6.5006    -0.0024    3.50069    3.50121          1     5.5167     5.6391       5.17     0.0311  5.183e-13  1.000e-12  1.929e+02    35.1039    35.1122     0.0082    27.5688    27.5757    188.140    188.544      0.414    1479.97    1479.97  0.000e+00
      13555    190.500     6.5014     6.4987    -0.0027    3.50056    3.50103          1     5.5193     5.6410       3.16     0.0302  5.230e-13  1.000e-12  1.912e+02    35.1040    35.1120     0.0080    27.5691    27.5758    188.635    189.040      0.485    1479.98    1479.97  0.000e+00
      13579    191.000     6.5008     6.4987    -0.0020    3.50055    3.50103          1     5.5243     5.6365       4.01     0.0300  5.290e-13  1.000e-12  1.891e+02    35.1041    35.1117     0.0075    27.5693    27.5755    189.130    189.535      0.469    1479.98    1479.98  0.000e+00
      16857    191.500     6.5047     6.5029    -0.0018    3.50106    3.50139          1     5.5275     5.6447       4.02     0.0302  4.637e-13  1.000e-12  2.179e+02    35.1056    35.1111     0.0055    27.5699    27.5745    189.625    190.031      0.269    1480.01    1480.01  0.000e+00
      18734    192.000     6.5066     6.5055    -0.0011    3.50134    3.50161          1     5.5331     5.6410       4.57     0.0310  4.298e-13  1.000e-12  2.328e+02    35.1065    35.1107     0.0042    27.5704    27.5738    190.120    190.526      0.217    1480.02    1480.03  0.000e+00
      18837    192.500     6.5063     6.5048    -0.0015    3.50135    3.50158          1     5.5328     5.6561       4.42     0.0297  4.359e-13  1.000e-12  2.294e+02    35.1066    35.1107     0.0041    27.5705    27.5739    190.614    191.022      0.297    1480.03    1480.03  0.000e+00
      18879    193.000     6.5062     6.5051    -0.0011    3.50136    3.50162          1     5.5366     5.6534       4.41     0.0296  4.316e-13  1.000e-12  2.317e+02    35.1066    35.1107     0.0041    27.5705    27.5739    191.109    191.518      0.239    1480.04    1480.04  0.000e+00
      18943    193.500     6.5066     6.5054    -0.0011    3.50140    3.50167          1     5.5333     5.6502       3.40     0.0302  4.223e-13  1.000e-12  2.368e+02    35.1065    35.1106     0.0041    27.5704    27.5737    191.604    192.013      0.259    1480.05    1480.05  0.000e+00
      18997    194.000     6.5056     6.5039    -0.0017    3.50136    3.50156          1     5.5338     5.6562       4.92     0.0301  4.285e-13  1.000e-12  2.334e+02    35.1066    35.1107     0.0041    27.5706    27.5741    192.099    192.509      0.217    1480.05    1480.05  0.000e+00
      19073    194.500     6.5050     6.5037    -0.0013    3.50132    3.50157          1     5.5322     5.6552       3.05     0.0307  4.240e-13  1.000e-12  2.358e+02    35.1066    35.1107     0.0041    27.5706    27.5741    192.594    193.004      0.313    1480.06    1480.06  0.000e+00
      19106    195.000     6.5050     6.5037    -0.0013    3.50134    3.50157          1     5.5317     5.6540       1.63     0.0297  4.254e-13  1.000e-12  2.351e+02    35.1066    35.1105     0.0039    27.5707    27.5739    193.089    193.500      0.292    1480.07    1480.07  0.000e+00
      19204    195.500     6.5039     6.5022    -0.0016    3.50126    3.50148          1     5.5259     5.6476       4.71     0.0301  4.159e-13  1.000e-12  2.404e+02    35.1066    35.1107     0.0041    27.5708    27.5743    193.584    193.996      0.268    1480.07    1480.07  0.000e+00
      19245    196.000     6.5033     6.5019    -0.0014    3.50123    3.50146          1     5.5364     5.6544       1.93     0.0303  4.222e-13  1.000e-12  2.369e+02    35.1067    35.1106     0.0040    27.5709    27.5743    194.078    194.491      0.297    1480.08    1480.08  0.000e+00
