ctdpy/exports/archive_20191121_122431/received_data/SBE09_1044_20180920_1526_34_01_0034.cnv
* Sea-Bird SBE 9 Data File:
* FileName = C:\ctd\temp\2018\AR18D034.hex
* Software Version Seasave V 7.26.6.26
* Temperature SN = 5351
* Conductivity SN = 3941
* Number of Bytes Per Scan = 41
* Number of Voltage Words = 4
* Number of Scans Averaged by the Deck Unit = 1
* NMEA Latitude = 59 50.79 N
* NMEA Longitude = 024 50.27 E
* NMEA UTC (Time) = Sep 20 2018  15:26:33
* NMEA baud rate = 4800
** Station:  BY23
** Operator:  Obac
** Ship: ARANDA
** Average sound velocity: 1444.51 m/s
** True-depth calculation Thu, 20 Sep 2018 16:11:04 +0000
** CTD Python Module SMHI /ver 3-12/ feb 2012 
** LIMS Job: 20183401-0034
** Cruise: SMHI-02-2018
** Latitude [GG MM.mm N] :
** Longitude [GG MM.mm E]:
# nquan = 26
# nvalues = 191                         
# units = specified
# name 0 = scan: Scan Count
# name 1 = prDM: Pressure, Digiquartz [db]
# name 2 = t090C: Temperature [ITS-90, deg C]
# name 3 = t190C: Temperature, 2 [ITS-90, deg C]
# name 4 = T2-T190C: Temperature Difference, 2 - 1 [ITS-90, deg C]
# name 5 = c0S/m: Conductivity [S/m]
# name 6 = c1S/m: Conductivity, 2 [S/m]
# name 7 = pumps: Pump Status
# name 8 = sbeox0ML/L: Oxygen, SBE 43 [ml/l]
# name 9 = sbeox1ML/L: Oxygen, SBE 43, 2 [ml/l]
# name 10 = altM: Altimeter [m]
# name 11 = flECO-AFL: Chl-a Fluorescence, WET Labs ECO-AFL/FL [mg/m^3]
# name 12 = flECO-AFL1: Phycocyanin Fluorescence, WET Labs ECO-AFL/FL, 2 [mg/m^3]
# name 13 = par: PAR/Irradiance, Biospherical/Lico [µE/(cm^2*s)]
# name 14 = turbWETntu0: Turbidity, WET Labs ECO [NTU]
# name 15 = sal00: Salinity, Practical [PSU]
# name 16 = sal11: Salinity, Practical, 2 [PSU]
# name 17 = secS-priS: Salinity, Practical, Difference, 2 - 1 [PSU]
# name 18 = sigma-t00: Density [sigma-t, Kg/m^3 ]
# name 19 = sigma-t11: Density, 2 [sigma-t, Kg/m^3 ]
# name 20 = depSM: Depth [salt water, m], lat = 59.8465
# name 21 = depFM: Depth [true depth, m], lat = 59.8465
# name 22 = dz/dtM: Descent Rate [m/s], WS = 2
# name 23 = svCM: Sound Velocity [Chen-Millero, m/s]
# name 24 = svCM1: Sound Velocity, 2 [Chen-Millero, m/s]
# name 25 = flag: flag
# span 0 =      37128,      47006       
# span 1 =      2.000,     97.000       
# span 2 =     3.3197,    14.8163       
# span 3 =     3.3238,    14.8179       
# span 4 =    -0.1038,     0.4528       
# span 5 =   0.724511,   0.986804       
# span 6 =   0.725636,   0.986565       
# span 7 =          1,          1       
# span 8 =    0.01220,    6.61849       
# span 9 =    0.07535,   16.46263       
# span 10 =       3.43,      98.45      
# span 11 =     0.3169,     1.7371      
# span 12 =     0.1778,     0.5575      
# span 13 = -8.941e-05, 5.0316e+01      
# span 14 =     0.2385,     2.9162      
# span 15 =     5.9311,     9.2824      
# span 16 =     5.9307,     9.2799      
# span 17 =    -0.0887,     0.0540      
# span 18 =     3.6954,     7.3482      
# span 19 =     3.6948,     7.3462      
# span 20 =      1.981,     96.064      
# span 21 =      2.030,     98.253      
# span 22 =     -0.140,      1.133      
# span 23 =    1428.74,    1472.45      
# span 24 =    1428.76,    1472.48      
# span 25 = 0.0000e+00, 0.0000e+00      
# interval = decibars: 0.5              
# start_time = Sep 20 2018 15:26:33 [NMEA time, first data scan]
# bad_flag = -9.990e-29
*END*
[from data line 112]
      39832     58.000     3.6496     3.6526     0.0030    0.81850    0.81862          1     3.9022     4.2055      44.14     0.4068     0.2506  1.000e-12  0.4652000     7.8689     7.8695     0.0006     6.2635     6.2639     57.446     58.798      0.930    1431.19    1431.20  0.000e+00
      39844     58.500     3.6550     3.6572     0.0021    0.81970    0.81970          1     3.8791     4.1854      43.83     0.4068     0.2252  1.000e-12  0.4765000     7.8799     7.8794    -0.0005     6.2721     6.2717     57.941     59.304      0.961    1431.23    1431.24  0.000e+00
      39857     59.000     3.6551     3.6575     0.0024    0.82005    0.82006          1     3.8670     4.1658      43.17     0.3949     0.2220  1.000e-12  0.4535000     7.8834     7.8830    -0.0005     6.2749     6.2745     58.436     59.810      0.918    1431.25    1431.26  0.000e+00
      39870     59.500     3.6589     3.6613     0.0024    0.82069    0.82066          1     3.8546     4.1422      42.55     0.3837     0.2598  1.000e-12  0.4335000     7.8890     7.8882    -0.0008     6.2793     6.2786     58.931     60.316      0.790    1431.28    1431.29  0.000e+00
      39889     60.000     3.6674     3.6697     0.0024    0.82182    0.82182          1     3.8359     4.1152      42.11     0.4022     0.2524  1.000e-12  0.4456000     7.8986     7.8981    -0.0005     6.2867     6.2863     59.426     60.822      0.537    1431.34    1431.35  0.000e+00
      39928     60.500     3.6719     3.6755     0.0035    0.82229    0.82256          1     3.8056     4.0706      41.42     0.4161     0.2605  1.000e-12  0.4642000     7.9023     7.9042     0.0019     6.2896     6.2910     59.922     61.328      0.265    1431.37    1431.39  0.000e+00
      39963     61.000     3.6792     3.6807     0.0015    0.82354    0.82347          1     3.7823     4.0189      41.26     0.4167     0.2964  1.000e-12  0.4765000     7.9134     7.9122    -0.0011     6.2982     6.2973     60.417     61.834      0.556    1431.43    1431.43  0.000e+00
      39980     61.500     3.6867     3.6886     0.0019    0.82478    0.82473          1     3.7522     3.9908      40.99     0.4057     0.2950  1.000e-12  0.4852000     7.9243     7.9234    -0.0009     6.3068     6.3060     60.912     62.340      0.728    1431.48    1431.49  0.000e+00
      39995     62.000     3.7129     3.7063    -0.0065    0.82851    0.82733          1     3.7050     3.9665      40.56     0.3977     0.2671  1.000e-12  0.4614000     7.9563     7.9457    -0.0106     6.3316     6.3234     61.407     62.846      0.796    1431.65    1431.61  0.000e+00
      40010     62.500     3.7223     3.7236     0.0013    0.82966    0.82953          1     3.6515     3.9437      40.10     0.3995     0.2364  1.000e-12  0.4770000     7.9658     7.9642    -0.0017     6.3390     6.3376     61.902     63.352      0.802    1431.71    1431.72  0.000e+00
      40025     63.000     3.7286     3.7297     0.0011    0.83045    0.83028          1     3.6024     3.9203      39.55     0.3984     0.2463  1.000e-12  0.4879000     7.9723     7.9704    -0.0020     6.3440     6.3425     62.397     63.859      0.757    1431.76    1431.76  0.000e+00
      40042     63.500     3.7409     3.7400    -0.0008    0.83198    0.83159          1     3.5544     3.8975      39.06     0.4000     0.2502  1.000e-12  0.5018000     7.9851     7.9813    -0.0039     6.3539     6.3509     62.892     64.365      0.662    1431.84    1431.83  0.000e+00
      40062     64.000     3.7584     3.7581    -0.0003    0.83391    0.83375          1     3.5024     3.8717      38.45     0.3994     0.2522  1.000e-12  0.5174000     8.0006     7.9990    -0.0016     6.3658     6.3646     63.388     64.871      0.527    1431.94    1431.94  0.000e+00
      40089     64.500     3.7635     3.7656     0.0021    0.83430    0.83427          1     3.4637     3.8384      37.76     0.3998     0.3044  1.000e-12  0.5444000     8.0033     8.0025    -0.0008     6.3679     6.3672     63.883     65.377      0.435    1431.98    1431.99  0.000e+00
      40117     65.000     3.7670     3.7708     0.0037    0.83441    0.83448          1     3.4527     3.8037      36.84     0.4060     0.2500  1.000e-12  0.5179000     8.0035     8.0033    -0.0002     6.3680     6.3677     64.378     65.883      0.455    1432.00    1432.02  0.000e+00
      40141     65.500     3.7709     3.7715     0.0005    0.83459    0.83453          1     3.4486     3.7765      36.34     0.4279     0.2511  1.000e-12  0.5537000     8.0044     8.0036    -0.0008     6.3685     6.3679     64.873     66.389      0.541    1432.03    1432.03  0.000e+00
      40161     66.000     3.7689     3.7706     0.0018    0.83451    0.83448          1     3.4503     3.7479      35.90     0.4214     0.2511  1.000e-12  0.5455000     8.0039     8.0032    -0.0007     6.3682     6.3676     65.368     66.895      0.651    1432.03    1432.03  0.000e+00
      40178     66.500     3.7726     3.7743     0.0017    0.83459    0.83453          1     3.4548     3.7275      35.42     0.4031     0.2438  1.000e-12  0.4928000     8.0037     8.0028    -0.0010     6.3680     6.3672     65.863     67.401      0.754    1432.05    1432.06  0.000e+00
      40193     67.000     3.7740     3.7759     0.0020    0.83472    0.83472          1     3.4556     3.7064      35.07     0.4094     0.2365  1.000e-12  0.5114000     8.0047     8.0042    -0.0005     6.3688     6.3683     66.358     67.907      0.812    1432.07    1432.07  0.000e+00
      40208     67.500     3.7784     3.7806     0.0022    0.83512    0.83511          1     3.4536     3.6888      34.88     0.4140     0.2431  1.000e-12  0.5154000     8.0076     8.0070    -0.0006     6.3710     6.3704     66.853     68.413      0.796    1432.10    1432.11  0.000e+00
      40223     68.000     3.7799     3.7818     0.0020    0.83522    0.83520          1     3.4492     3.6709      34.34     0.4112     0.2492  1.000e-12  0.5096000     8.0083     8.0076    -0.0007     6.3715     6.3709     67.349     68.919      0.697    1432.11    1432.12  0.000e+00
      40243     68.500     3.7839     3.7861     0.0022    0.83557    0.83556          1     3.4416     3.6468      33.65     0.4080     0.2362  1.000e-12  0.5026000     8.0108     8.0102    -0.0006     6.3734     6.3728     67.844     69.425      0.525    1432.14    1432.15  0.000e+00
      40273     69.000     3.7962     3.7995     0.0033    0.83654    0.83661          1     3.4255     3.6123      32.99     0.4103     0.2335  1.000e-12  0.4994000     8.0177     8.0176    -0.0001     6.3786     6.3784     68.339     69.931      0.371    1432.22    1432.23  0.000e+00
      40305     69.500     3.8036     3.8064     0.0028    0.83710    0.83716          1     3.4065     3.5764      32.40     0.3881     0.2253  1.000e-12  0.5160000     8.0216     8.0215    -0.0001     6.3815     6.3813     68.834     70.437      0.458    1432.26    1432.27  0.000e+00
      40327     70.000     3.8134     3.8159     0.0025    0.83801    0.83807          1     3.3868     3.5471      32.06     0.3775     0.2353  1.000e-12  0.5213000     8.0285     8.0285     0.0000     6.3867     6.3867     69.329     70.943      0.665    1432.32    1432.33  0.000e+00
      40343     70.500     3.8212     3.8226     0.0014    0.83872    0.83866          1     3.3735     3.5275      31.51     0.3745     0.2646  1.000e-12  0.5171000     8.0338     8.0328    -0.0010     6.3908     6.3900     69.824     71.449      0.807    1432.37    1432.38  0.000e+00
      40356     71.000     3.8238     3.8257     0.0020    0.83901    0.83898          1     3.3604     3.5131      30.87     0.3798     0.2625  1.000e-12  0.5168000     8.0361     8.0353    -0.0008     6.3925     6.3918     70.319     71.955      0.843    1432.40    1432.40  0.000e+00
      40371     71.500     3.8311     3.8326     0.0015    0.83988    0.83979          1     3.3460     3.4940      30.40     0.3696     0.2371  1.000e-12  0.5165000     8.0431     8.0418    -0.0013     6.3980     6.3969     70.814     72.461      0.768    1432.45    1432.45  0.000e+00
      40388     72.000     3.8380     3.8398     0.0018    0.84069    0.84065          1     3.3276     3.4730      30.04     0.3685     0.2432  1.000e-12  0.5208000     8.0497     8.0488    -0.0009     6.4030     6.4022     71.310     72.967      0.589    1432.49    1432.50  0.000e+00
      40414     72.500     3.8400     3.8428     0.0028    0.84098    0.84105          1     3.2994     3.4434      29.35     0.3831     0.2360  1.000e-12  0.5245000     8.0522     8.0522     0.0000     6.4049     6.4049     71.805     73.473      0.426    1432.51    1432.53  0.000e+00
      40443     73.000     3.8687     3.8727     0.0040    0.84574    0.84625          1     3.2088     3.3972      28.82     0.3877     0.2220  1.000e-12  0.5414000     8.0940     8.0982     0.0042     6.4374     6.4407     72.300     73.979      0.479    1432.71    1432.73  0.000e+00
      40465     73.500     3.9002     3.9010     0.0008    0.85086    0.85076          1     3.0834     3.3744      28.24     0.3885     0.2326  1.000e-12  0.5819000     8.1387     8.1374    -0.0013     6.4722     6.4712     72.795     74.485      0.655    1432.91    1432.91  0.000e+00
      40481     74.000     3.9194     3.9214     0.0020    0.85364    0.85358          1     2.9463     3.3552      27.74     0.3881     0.2513  1.000e-12  0.5939000     8.1624     8.1614    -0.0010     6.4905     6.4897     73.290     74.991      0.780    1433.04    1433.04  0.000e+00
      40496     74.500     3.9790     3.9880     0.0089    0.86416    0.86507          1     2.7728     3.3378      27.47     0.3806     0.2920  1.000e-12  0.5804000     8.2555     8.2626     0.0072     6.5629     6.5683     73.785     75.497      0.812    1433.43    1433.48  0.000e+00
      40510     75.000     4.0324     4.0355     0.0031    0.87297    0.87309          1     2.5787     3.3231      26.99     0.3786     0.3087  1.000e-12  0.5699000     8.3325     8.3329     0.0005     6.6226     6.6229     74.280     76.003      0.743    1433.78    1433.79  0.000e+00
      40529     75.500     4.0424     4.0439     0.0015    0.87449    0.87449          1     2.4030     3.3050      26.43     0.3775     0.3097  1.000e-12  0.5965000     8.3454     8.3450    -0.0004     6.6326     6.6322     74.775     76.509      0.566    1433.85    1433.86  0.000e+00
      40559     76.000     4.0531     4.0566     0.0035    0.87620    0.87656          1     2.2846     3.2743      25.64     0.4041     0.2690  1.000e-12  0.6088000     8.3602     8.3630     0.0028     6.6440     6.6462     75.270     77.015      0.341    1433.92    1433.94  0.000e+00
      40595     76.500     4.0629     4.0667     0.0038    0.87778    0.87816          1     2.2322     3.2371      25.06     0.3866     0.2651  1.000e-12  0.6159000     8.3739     8.3768     0.0029     6.6546     6.6568     75.766     77.521      0.473    1433.99    1434.01  0.000e+00
      40615     77.000     4.0825     4.0868     0.0043    0.88099    0.88131          1     2.1933     3.2122      24.67     0.3823     0.2957  1.000e-12  0.6438000     8.4017     8.4039     0.0022     6.6761     6.6777     76.261     78.027      0.746    1434.13    1434.15  0.000e+00
      40628     77.500     4.0897     4.0922     0.0025    0.88210    0.88216          1     2.1594     3.1956      24.26     0.3824     0.2794  1.000e-12  0.6096000     8.4112     8.4112     0.0000     6.6834     6.6834     76.756     78.533      0.861    1434.18    1434.19  0.000e+00
      40642     78.000     4.0951     4.0975     0.0023    0.88316    0.88320          1     2.1254     3.1800      23.89     0.3842     0.2798  1.000e-12  0.6042000     8.4206     8.4203    -0.0002     6.6908     6.6905     77.251     79.039      0.859    1434.22    1434.23  0.000e+00
      40656     78.500     4.1060     4.1078     0.0018    0.88497    0.88489          1     2.0818     3.1630      23.35     0.4183     0.2270  1.000e-12  0.5906000     8.4362     8.4350    -0.0012     6.7028     6.7019     77.746     79.545      0.748    1434.30    1434.30  0.000e+00
      40675     79.000     4.1361     4.1358    -0.0003    0.88933    0.88902          1     1.9865     3.1420      22.67     0.4113     0.2079  1.000e-12  0.5881000     8.4731     8.4700    -0.0031     6.7313     6.7288     78.241     80.050      0.542    1434.49    1434.48  0.000e+00
      40704     79.500     4.2179     4.2169    -0.0010    0.90152    0.90112          1     1.7619     3.1122      21.99     0.3901     0.2415  1.000e-12  0.5894000     8.5767     8.5729    -0.0038     6.8109     6.8080     78.736     80.556      0.405    1435.00    1434.99  0.000e+00
      40731     80.000     4.2737     4.2769     0.0032    0.90947    0.90973          1     1.5565     3.0850      21.45     0.4021     0.2711  1.000e-12  0.5928000     8.6433     8.6452     0.0018     6.8620     6.8634     79.231     81.062      0.517    1435.34    1435.35  0.000e+00
      40752     80.500     4.2970     4.2986     0.0016    0.91280    0.91271          1     1.4416     3.0622      21.03     0.3991     0.2533  1.000e-12  0.5859000     8.6712     8.6699    -0.0013     6.8833     6.8823     79.726     81.568      0.594    1435.49    1435.49  0.000e+00
      40772     81.000     4.3305     4.3332     0.0027    0.91756    0.91762          1     1.3521     3.0397      20.53     0.3987     0.2414  1.000e-12  0.5910000     8.7110     8.7109    -0.0001     6.9138     6.9136     80.222     82.074      0.590    1435.69    1435.71  0.000e+00
      40793     81.500     4.3519     4.3532     0.0013    0.92064    0.92054          1     1.2653     3.0058      19.96     0.4068     0.2946  1.000e-12  0.6120000     8.7366     8.7353    -0.0013     6.9334     6.9324     80.717     82.579      0.561    1435.83    1435.83  0.000e+00
      40814     82.000     4.3679     4.3702     0.0022    0.92290    0.92292          1     1.2030     2.9792      19.47     0.4068     0.3067  1.000e-12  0.6551000     8.7554     8.7550    -0.0004     6.9478     6.9474     81.212     83.085      0.589    1435.93    1435.94  0.000e+00
      40834     82.500     4.3799     4.3819     0.0021    0.92454    0.92454          1     1.1427     2.9523      18.98     0.4177     0.2693  1.000e-12  0.6393000     8.7689     8.7683    -0.0006     6.9581     6.9575     81.707     83.591      0.665    1436.01    1436.02  0.000e+00
      40851     83.000     4.4341     4.4369     0.0027    0.93232    0.93249          1     1.0172     2.9318      18.47     0.4144     0.2356  1.000e-12  0.6477000     8.8337     8.8348     0.0011     7.0075     7.0083     82.202     84.097      0.701    1436.34    1436.36  0.000e+00
      40868     83.500     4.5289     4.5284    -0.0007    0.94675    0.94639          1     0.8181     2.9143      18.01     0.4069     0.2643  1.000e-12  0.6702000     8.9553     8.9517    -0.0036     7.1004     7.0976     82.697     84.602      0.642    1436.93    1436.92  0.000e+00
      40889     84.000     4.5788     4.5808     0.0021    0.95483    0.95474          1     0.5497     2.8884      17.43     0.4191     0.2843  1.000e-12  0.9066000     9.0239     9.0224    -0.0015     7.1529     7.1516     83.192     85.108      0.492    1437.24    1437.25  0.000e+00
      40919     84.500     4.6707     4.6686    -0.0021    0.96827    0.96779          1     0.2451     2.8584      16.77     0.4417     0.2610  1.000e-12  1.1499000     9.1353     9.1310    -0.0044     7.2376     7.2342     83.687     85.614      0.397    1437.80    1437.78  0.000e+00
      40947     85.000     4.7021     4.7027     0.0006    0.97218    0.97205          1     0.0927     2.8265      16.29     0.4309     0.2364  1.000e-12  1.2107000     9.1663     9.1648    -0.0015     7.2608     7.2596     84.182     86.119      0.524    1437.99    1437.99  0.000e+00
