ctdpy/exports/archive_20191121_122431/received_data/SBE09_0827_20181007_0146_26_01_1031.cnv
* Sea-Bird SBE 9 Data File:
* FileName = D:\CTD_SBE911\DAT\26DA.2018.10.31.hex
* Software Version Seasave V 7.21d
* Temperature SN = 4548
* Conductivity SN = 3062
* Number of Bytes Per Scan = 48
* Number of Voltage Words = 5
* Number of Scans Averaged by the Deck Unit = 1
* NMEA Latitude = 58 09.72 N
* NMEA Longitude = 018 00.68 E
* NMEA UTC (Time) = Oct 07 2018  01:49:16
* NMEA baud rate = 4800
** Ship: DANA
** Average sound velocity: 1444.25 m/s
** True-depth calculation Thu, 28 Mar 2019 12:20:07 +0000
** CTD Python Module SMHI /ver 3-12/ feb 2012 
** LIMS Job: 20182601-1031
** Operator: Christian A-KTh
** Cruise: 10/2018
# nquan = 26
# nvalues = 349                         
# units = specified
# name 0 = scan: Scan Count
# name 1 = prDM: Pressure, Digiquartz [db]
# name 2 = t090C: Temperature [ITS-90, deg C]
# name 3 = t190C: Temperature, 2 [ITS-90, deg C]
# name 4 = T2-T190C: Temperature Difference, 2 - 1 [ITS-90, deg C]
# name 5 = c0S/m: Conductivity [S/m]
# name 6 = c1S/m: Conductivity, 2 [S/m]
# name 7 = pumps: Pump Status
# name 8 = sbeox1ML/L: Oxygen, SBE 43, 2 [ml/l]
# name 9 = sbeox0ML/L: Oxygen, SBE 43 [ml/l]
# name 10 = altM: Altimeter [m]
# name 11 = chloroflTC0: Chlorophyll, Turner Cyclops [ug/l]
# name 12 = cpar: CPAR/Corrected Irradiance [%]
# name 13 = par: PAR/Irradiance, Biospherical/Lico [µE/(cm^2*s)]
# name 14 = spar: SPAR, Biospherical/Licor
# name 15 = sal00: Salinity, Practical [PSU]
# name 16 = sal11: Salinity, Practical, 2 [PSU]
# name 17 = secS-priS: Salinity, Practical, Difference, 2 - 1 [PSU]
# name 18 = sigma-t00: Density [sigma-t, kg/m^3 ]
# name 19 = sigma-t11: Density, 2 [sigma-t, kg/m^3 ]
# name 20 = depSM: Depth [salt water, m], lat = 58.162
# name 21 = depFM: Depth [true depth, m], lat = 58.162
# name 22 = dz/dtM: Descent Rate [m/s], WS = 2
# name 23 = svCM: Sound Velocity [Chen-Millero, m/s]
# name 24 = svCM1: Sound Velocity, 2 [Chen-Millero, m/s]
# name 25 = flag: flag
# span 0 =        322,      16107       
# span 1 =      1.500,    175.500       
# span 2 =     3.6020,     9.6405       
# span 3 =     3.6077,     9.6401       
# span 4 =    -0.1202,     0.6498       
# span 5 =   0.768212,   1.194009       
# span 6 =   0.769774,   1.193997       
# span 7 =          1,          1       
# span 8 =     0.0264,     7.5608       
# span 9 =     0.0267,     7.2438       
# span 10 =       1.07,      10.02      
# span 11 =     0.0159,     0.0308      
# span 12 = 4.9241e-11, 4.9241e-11      
# span 13 = 1.0000e-12, 1.0000e-12      
# span 14 = 2.0308e+00, 2.0308e+00      
# span 15 =     6.8307,    10.9892      
# span 16 =     6.8307,    10.9888      
# span 17 =    -0.1657,     0.0598      
# span 18 =     5.0747,     8.6317      
# span 19 =     5.0747,     8.6314      
# span 20 =      1.486,    173.798      
# span 21 =      1.520,    177.404      
# span 22 =     -0.320,      0.542      
# span 23 =    1430.19,    1454.47      
# span 24 =    1430.22,    1454.47      
# span 25 = 0.0000e+00, 0.0000e+00      
# interval = decibars: 0.5              
# start_time = Oct 07 2018 01:49:16 [NMEA time, first data scan]
# bad_flag = -9.990e-29
*END*
[from data line 279]
      11856    141.000     5.9951     5.9954     0.0003    1.19121    1.19116          1     0.0360     0.0395       9.96     0.0171  4.924e-11  1.000e-12  2.031e+00    10.9713    10.9708    -0.0006     8.6184     8.6179    139.644    142.565      0.484    1446.77    1446.77  0.000e+00
      11880    141.500     5.9952     5.9954     0.0002    1.19122    1.19118          1     0.0374     0.0359       9.96     0.0171  4.924e-11  1.000e-12  2.031e+00    10.9713    10.9709    -0.0005     8.6184     8.6180    140.139    143.070      0.505    1446.78    1446.78  0.000e+00
      11904    142.000     5.9952     5.9954     0.0002    1.19123    1.19119          1     0.0359     0.0396       9.96     0.0171  4.924e-11  1.000e-12  2.031e+00    10.9713    10.9708    -0.0005     8.6184     8.6180    140.634    143.575      0.510    1446.78    1446.78  0.000e+00
      11927    142.500     5.9952     5.9955     0.0003    1.19124    1.19120          1     0.0368     0.0397       9.96     0.0171  4.924e-11  1.000e-12  2.031e+00    10.9713    10.9709    -0.0005     8.6184     8.6180    141.129    144.080      0.508    1446.79    1446.79  0.000e+00
      11951    143.000     5.9953     5.9955     0.0002    1.19125    1.19121          1     0.0370     0.0387       9.96     0.0171  4.924e-11  1.000e-12  2.031e+00    10.9714    10.9709    -0.0005     8.6184     8.6180    141.624    144.585      0.509    1446.80    1446.80  0.000e+00
      11974    143.500     5.9953     5.9956     0.0002    1.19128    1.19123          1     0.0370     0.0379       9.96     0.0171  4.924e-11  1.000e-12  2.031e+00    10.9715    10.9710    -0.0005     8.6185     8.6181    142.119    145.090      0.503    1446.81    1446.81  0.000e+00
      11998    144.000     5.9953     5.9956     0.0002    1.19129    1.19124          1     0.0374     0.0420       9.96     0.0171  4.924e-11  1.000e-12  2.031e+00    10.9716    10.9710    -0.0006     8.6186     8.6181    142.614    145.594      0.511    1446.82    1446.82  0.000e+00
      12022    144.500     5.9955     5.9956     0.0000    1.19133    1.19126          1     0.0368     0.0408       9.96     0.0171  4.924e-11  1.000e-12  2.031e+00    10.9718    10.9711    -0.0007     8.6187     8.6181    143.109    146.099      0.497    1446.82    1446.82  0.000e+00
      12046    145.000     5.9966     5.9960    -0.0005    1.19157    1.19133          1     0.0362     0.0368       9.96     0.0171  4.924e-11  1.000e-12  2.031e+00    10.9738    10.9715    -0.0022     8.6202     8.6185    143.604    146.604      0.472    1446.84    1446.84  0.000e+00
      12073    145.500     5.9991     5.9978    -0.0013    1.19206    1.19172          1     0.0368     0.0385       9.96     0.0171  4.924e-11  1.000e-12  2.031e+00    10.9777    10.9748    -0.0029     8.6232     8.6209    144.099    147.109      0.467    1446.86    1446.85  0.000e+00
      12098    146.000     5.9989     5.9990     0.0002    1.19204    1.19198          1     0.0368     0.0402       9.96     0.0171  4.924e-11  1.000e-12  2.031e+00    10.9775    10.9769    -0.0006     8.6230     8.6225    144.594    147.614      0.485    1446.87    1446.87  0.000e+00
      12122    146.500     6.0000     5.9996    -0.0004    1.19227    1.19209          1     0.0368     0.0377       9.96     0.0171  4.924e-11  1.000e-12  2.031e+00    10.9794    10.9777    -0.0017     8.6244     8.6231    145.089    148.119      0.493    1446.89    1446.88  0.000e+00
      12146    147.000     6.0005     6.0002    -0.0003    1.19237    1.19223          1     0.0368     0.0380       9.96     0.0171  4.924e-11  1.000e-12  2.031e+00    10.9801    10.9788    -0.0013     8.6249     8.6240    145.584    148.624      0.495    1446.90    1446.89  0.000e+00
      12171    147.500     6.0007     6.0007    -0.0000    1.19241    1.19232          1     0.0368     0.0377       9.96     0.0171  4.924e-11  1.000e-12  2.031e+00    10.9804    10.9794    -0.0009     8.6251     8.6244    146.079    149.129      0.496    1446.91    1446.91  0.000e+00
      12195    148.000     6.0007     6.0007    -0.0000    1.19243    1.19234          1     0.0371     0.0360       9.96     0.0171  4.924e-11  1.000e-12  2.031e+00    10.9804    10.9796    -0.0008     8.6252     8.6245    146.574    149.634      0.479    1446.91    1446.91  0.000e+00
      12220    148.500     6.0008     6.0011     0.0003    1.19246    1.19241          1     0.0372     0.0378       9.96     0.0171  4.924e-11  1.000e-12  2.031e+00    10.9806    10.9800    -0.0005     8.6253     8.6248    147.069    150.139      0.482    1446.92    1446.92  0.000e+00
      12245    149.000     6.0015     6.0013    -0.0001    1.19257    1.19247          1     0.0363     0.0380       9.96     0.0171  4.924e-11  1.000e-12  2.031e+00    10.9814    10.9804    -0.0010     8.6259     8.6251    147.564    150.644      0.500    1446.94    1446.93  0.000e+00
      12268    149.500     6.0016     6.0016     0.0000    1.19259    1.19251          1     0.0375     0.0359       9.96     0.0171  4.924e-11  1.000e-12  2.031e+00    10.9814    10.9807    -0.0007     8.6259     8.6253    148.059    151.148      0.517    1446.94    1446.94  0.000e+00
      12292    150.000     6.0017     6.0017    -0.0000    1.19262    1.19254          1     0.0367     0.0389       9.96     0.0171  4.924e-11  1.000e-12  2.031e+00    10.9816    10.9809    -0.0007     8.6261     8.6255    148.554    151.653      0.510    1446.95    1446.95  0.000e+00
      12316    150.500     6.0016     6.0018     0.0002    1.19262    1.19257          1     0.0365     0.0366       9.96     0.0171  4.924e-11  1.000e-12  2.031e+00    10.9815    10.9810    -0.0006     8.6260     8.6255    149.049    152.158      0.483    1446.96    1446.96  0.000e+00
      12341    151.000     6.0017     6.0019     0.0002    1.19262    1.19259          1     0.0368     0.0365       9.96     0.0171  4.924e-11  1.000e-12  2.031e+00    10.9814    10.9811    -0.0004     8.6259     8.6256    149.544    152.663      0.488    1446.97    1446.97  0.000e+00
      12365    151.500     6.0016     6.0019     0.0003    1.19263    1.19259          1     0.0368     0.0369       9.96     0.0171  4.924e-11  1.000e-12  2.031e+00    10.9814    10.9810    -0.0005     8.6259     8.6255    150.039    153.168      0.521    1446.98    1446.98  0.000e+00
      12387    152.000     6.0017     6.0019     0.0002    1.19263    1.19259          1     0.0368     0.0360       9.96     0.0170  4.924e-11  1.000e-12  2.031e+00    10.9814    10.9809    -0.0005     8.6259     8.6255    150.534    153.673      0.542    1446.98    1446.98  0.000e+00
      12409    152.500     6.0017     6.0019     0.0002    1.19263    1.19260          1     0.0365     0.0349       9.96     0.0172  4.924e-11  1.000e-12  2.031e+00    10.9813    10.9809    -0.0004     8.6258     8.6255    151.029    154.178      0.534    1446.99    1446.99  0.000e+00
      12432    153.000     6.0017     6.0019     0.0002    1.19263    1.19261          1     0.0365     0.0375       9.96     0.0171  4.924e-11  1.000e-12  2.031e+00    10.9812    10.9809    -0.0004     8.6258     8.6255    151.524    154.683      0.508    1447.00    1447.00  0.000e+00
      12457    153.500     6.0017     6.0019     0.0002    1.19264    1.19261          1     0.0373     0.0367       9.96     0.0171  4.924e-11  1.000e-12  2.031e+00    10.9812    10.9808    -0.0004     8.6258     8.6254    152.019    155.188      0.490    1447.01    1447.01  0.000e+00
      12481    154.000     6.0018     6.0019     0.0001    1.19267    1.19262          1     0.0365     0.0360       9.96     0.0171  4.924e-11  1.000e-12  2.031e+00    10.9814    10.9808    -0.0005     8.6259     8.6254    152.514    155.693      0.497    1447.02    1447.02  0.000e+00
      12505    154.500     6.0020     6.0020     0.0001    1.19271    1.19265          1     0.0366     0.0368       9.96     0.0171  4.924e-11  1.000e-12  2.031e+00    10.9816    10.9810    -0.0006     8.6260     8.6255    153.009    156.198      0.513    1447.03    1447.02  0.000e+00
      12528    155.000     6.0021     6.0023     0.0001    1.19275    1.19269          1     0.0374     0.0378       9.96     0.0171  4.924e-11  1.000e-12  2.031e+00    10.9819    10.9812    -0.0006     8.6262     8.6257    153.504    156.703      0.511    1447.03    1447.03  0.000e+00
      12551    155.500     6.0020     6.0023     0.0003    1.19275    1.19272          1     0.0362     0.0350       9.96     0.0171  4.924e-11  1.000e-12  2.031e+00    10.9818    10.9814    -0.0004     8.6262     8.6258    153.999    157.207      0.501    1447.04    1447.04  0.000e+00
      12576    156.000     6.0022     6.0024     0.0002    1.19279    1.19274          1     0.0366     0.0365       9.96     0.0171  4.924e-11  1.000e-12  2.031e+00    10.9820    10.9815    -0.0006     8.6264     8.6259    154.494    157.712      0.476    1447.05    1447.05  0.000e+00
      12602    156.500     6.0024     6.0026     0.0002    1.19284    1.19278          1     0.0366     0.0376       9.96     0.0171  4.924e-11  1.000e-12  2.031e+00    10.9824    10.9818    -0.0006     8.6266     8.6261    154.989    158.217      0.454    1447.06    1447.06  0.000e+00
      12628    157.000     6.0024     6.0026     0.0002    1.19282    1.19279          1     0.0370     0.0376       9.96     0.0171  4.924e-11  1.000e-12  2.031e+00    10.9821    10.9818    -0.0004     8.6264     8.6261    155.484    158.722      0.476    1447.07    1447.07  0.000e+00
      12652    157.500     6.0026     6.0027     0.0002    1.19287    1.19282          1     0.0360     0.0358       9.96     0.0170  4.924e-11  1.000e-12  2.031e+00    10.9825    10.9819    -0.0006     8.6267     8.6262    155.979    159.227      0.525    1447.08    1447.08  0.000e+00
      12674    158.000     6.0027     6.0029     0.0002    1.19290    1.19285          1     0.0363     0.0362       9.96     0.0171  4.924e-11  1.000e-12  2.031e+00    10.9826    10.9821    -0.0005     8.6268     8.6264    156.474    159.732      0.541    1447.09    1447.09  0.000e+00
      12697    158.500     6.0027     6.0029     0.0003    1.19291    1.19286          1     0.0363     0.0362       9.96     0.0171  4.924e-11  1.000e-12  2.031e+00    10.9826    10.9821    -0.0005     8.6268     8.6263    156.969    160.237      0.514    1447.09    1447.09  0.000e+00
      12721    159.000     6.0027     6.0030     0.0003    1.19291    1.19287          1     0.0361     0.0349       9.96     0.0171  4.924e-11  1.000e-12  2.031e+00    10.9825    10.9821    -0.0004     8.6267     8.6264    157.464    160.742      0.497    1447.10    1447.10  0.000e+00
      12745    159.500     6.0028     6.0030     0.0002    1.19295    1.19289          1     0.0360     0.0357       9.96     0.0171  4.924e-11  1.000e-12  2.031e+00    10.9828    10.9822    -0.0006     8.6269     8.6264    157.959    161.247      0.493    1447.11    1447.11  0.000e+00
      12770    160.000     6.0029     6.0031     0.0002    1.19298    1.19293          1     0.0361     0.0367       9.96     0.0171  4.924e-11  1.000e-12  2.031e+00    10.9830    10.9825    -0.0006     8.6271     8.6266    158.454    161.752      0.471    1447.12    1447.12  0.000e+00
      12797    160.500     6.0029     6.0032     0.0003    1.19298    1.19294          1     0.0353     0.0336       9.96     0.0171  4.924e-11  1.000e-12  2.031e+00    10.9830    10.9825    -0.0005     8.6270     8.6266    158.949    162.257      0.410    1447.13    1447.13  0.000e+00
      12830    161.000     6.0028     6.0031     0.0003    1.19298    1.19295          1     0.0360     0.0359       9.96     0.0171  4.924e-11  1.000e-12  2.031e+00    10.9829    10.9824    -0.0004     8.6270     8.6266    159.444    162.761      0.348    1447.13    1447.14  0.000e+00
      12866    161.500     6.0028     6.0031     0.0003    1.19299    1.19295          1     0.0354     0.0344       9.96     0.0171  4.924e-11  1.000e-12  2.031e+00    10.9828    10.9824    -0.0005     8.6269     8.6266    159.939    163.266      0.308    1447.14    1447.14  0.000e+00
      12906    162.000     6.0029     6.0031     0.0003    1.19300    1.19296          1     0.0345     0.0360       9.96     0.0171  4.924e-11  1.000e-12  2.031e+00    10.9828    10.9824    -0.0005     8.6269     8.6265    160.434    163.771      0.311    1447.15    1447.15  0.000e+00
      12944    162.500     6.0030     6.0032     0.0002    1.19304    1.19298          1     0.0345     0.0349       9.96     0.0171  4.924e-11  1.000e-12  2.031e+00    10.9831    10.9825    -0.0006     8.6271     8.6266    160.929    164.276      0.320    1447.16    1447.16  0.000e+00
      12982    163.000     6.0030     6.0032     0.0003    1.19303    1.19300          1     0.0361     0.0354       9.96     0.0171  4.924e-11  1.000e-12  2.031e+00    10.9829    10.9826    -0.0004     8.6270     8.6267    161.424    164.781      0.302    1447.17    1447.17  0.000e+00
      13022    163.500     6.0030     6.0033     0.0004    1.19303    1.19301          1     0.0327     0.0355       9.96     0.0171  4.924e-11  1.000e-12  2.031e+00    10.9829    10.9825    -0.0003     8.6270     8.6267    161.919    165.286      0.308    1447.17    1447.18  0.000e+00
      13062    164.000     6.0031     6.0034     0.0003    1.19307    1.19303          1     0.0336     0.0359       9.96     0.0171  4.924e-11  1.000e-12  2.031e+00    10.9831    10.9826    -0.0006     8.6272     8.6267    162.414    165.791      0.295    1447.18    1447.18  0.000e+00
      13101    164.500     6.0031     6.0034     0.0003    1.19307    1.19304          1     0.0323     0.0352       9.96     0.0171  4.924e-11  1.000e-12  2.031e+00    10.9830    10.9826    -0.0004     8.6270     8.6267    162.909    166.296      0.323    1447.19    1447.19  0.000e+00
      13137    165.000     6.0031     6.0034     0.0003    1.19307    1.19304          1     0.0364     0.0358       9.96     0.0171  4.924e-11  1.000e-12  2.031e+00    10.9829    10.9826    -0.0003     8.6270     8.6267    163.403    166.801      0.317    1447.20    1447.20  0.000e+00
      13179    165.500     6.0030     6.0034     0.0004    1.19307    1.19305          1     0.0324     0.0348       9.96     0.0171  4.924e-11  1.000e-12  2.031e+00    10.9829    10.9825    -0.0003     8.6269     8.6267    163.898    167.306      0.272    1447.21    1447.21  0.000e+00
      13223    166.000     6.0031     6.0034     0.0003    1.19309    1.19306          1     0.0339     0.0357       9.96     0.0171  4.924e-11  1.000e-12  2.031e+00    10.9829    10.9825    -0.0004     8.6270     8.6267    164.393    167.811      0.285    1447.22    1447.22  0.000e+00
      13263    166.500     6.0032     6.0034     0.0003    1.19309    1.19307          1     0.0323     0.0349       9.96     0.0170  4.924e-11  1.000e-12  2.031e+00    10.9829    10.9825    -0.0003     8.6269     8.6267    164.888    168.316      0.306    1447.22    1447.22  0.000e+00
      13302    167.000     6.0032     6.0035     0.0003    1.19311    1.19309          1     0.0314     0.0353       9.85     0.0171  4.924e-11  1.000e-12  2.031e+00    10.9829    10.9826    -0.0003     8.6270     8.6267    165.383    168.820      0.305    1447.23    1447.23  0.000e+00
      13341    167.500     6.0032     6.0035     0.0003    1.19311    1.19308          1     0.0340     0.0349       9.37     0.0171  4.924e-11  1.000e-12  2.031e+00    10.9828    10.9825    -0.0004     8.6269     8.6266    165.878    169.325      0.313    1447.24    1447.24  0.000e+00
      13380    168.000     6.0032     6.0035     0.0003    1.19312    1.19309          1     0.0312     0.0354       8.83     0.0171  4.924e-11  1.000e-12  2.031e+00    10.9828    10.9825    -0.0004     8.6269     8.6266    166.373    169.830      0.301    1447.25    1447.25  0.000e+00
