ctdpy/exports/archive_20191121_122431/received_data/SBE09_0827_20180226_0939_26_01_0314.cnv
* Sea-Bird SBE 9 Data File:
* FileName = D:\CTD_SBE911\DAT\26DA.2018.3.14.hex
* Software Version Seasave V 7.21d
* Temperature SN = 034757
* Conductivity SN = 041844
* Number of Bytes Per Scan = 48
* Number of Voltage Words = 5
* Number of Scans Averaged by the Deck Unit = 1
* NMEA Latitude = 55 40.41 N
* NMEA Longitude = 015 08.41 E
* NMEA UTC (Time) = Feb 26 2018  09:40:06
* NMEA baud rate = 4800
** Ship: DANA
** Average sound velocity: 1431.79 m/s
** True-depth calculation Tue, 02 Apr 2019 08:34:44 +0000
** CTD Python Module SMHI /ver 3-12/ feb 2012 
** LIMS Job: 20182601-0314
** Operator:
** Cruise: 02/2018
# nquan = 26
# nvalues = 126                         
# units = specified
# name 0 = scan: Scan Count
# name 1 = prDM: Pressure, Digiquartz [db]
# name 2 = t090C: Temperature [ITS-90, deg C]
# name 3 = t190C: Temperature, 2 [ITS-90, deg C]
# name 4 = T2-T190C: Temperature Difference, 2 - 1 [ITS-90, deg C]
# name 5 = c0S/m: Conductivity [S/m]
# name 6 = c1S/m: Conductivity, 2 [S/m]
# name 7 = pumps: Pump Status
# name 8 = sbeox1ML/L: Oxygen, SBE 43, 2 [ml/l]
# name 9 = sbeox0ML/L: Oxygen, SBE 43 [ml/l]
# name 10 = altM: Altimeter [m]
# name 11 = chloroflTC0: Chlorophyll, Turner Cyclops [ug/l]
# name 12 = cpar: CPAR/Corrected Irradiance [%]
# name 13 = par: PAR/Irradiance, Biospherical/Lico [µE/(cm^2*s)]
# name 14 = spar: SPAR, Biospherical/Licor
# name 15 = sal00: Salinity, Practical [PSU]
# name 16 = sal11: Salinity, Practical, 2 [PSU]
# name 17 = secS-priS: Salinity, Practical, Difference, 2 - 1 [PSU]
# name 18 = sigma-t00: Density [sigma-t, kg/m^3 ]
# name 19 = sigma-t11: Density, 2 [sigma-t, kg/m^3 ]
# name 20 = depSM: Depth [salt water, m], lat = 55.6735
# name 21 = depFM: Depth [true depth, m], lat = 55.6735
# name 22 = dz/dtM: Descent Rate [m/s], WS = 2
# name 23 = svCM: Sound Velocity [Chen-Millero, m/s]
# name 24 = svCM1: Sound Velocity, 2 [Chen-Millero, m/s]
# name 25 = flag: flag
# span 0 =         15,       6236       
# span 1 =      1.500,     64.000       
# span 2 =     3.1762,     8.2533       
# span 3 =     3.1753,     8.3356       
# span 4 =    -0.0587,     0.3008       
# span 5 =   0.768320,   1.763872       
# span 6 =   0.767701,   1.765696       
# span 7 =          1,          1       
# span 8 =     0.2899,     8.3433       
# span 9 =   -25.4586,    43.8869       
# span 10 =       1.92,      10.00      
# span 11 =     0.0094,     0.0237      
# span 12 = -3.228e-05, 1.0674e+01      
# span 13 = -1.735e-04, 5.0096e+01      
# span 14 = 4.6019e+02, 5.3817e+02      
# span 15 =     7.4681,    16.0555      
# span 16 =     7.4618,    16.0824      
# span 17 =    -0.0148,     0.2638      
# span 18 =     5.9520,    12.4798      
# span 19 =     5.9471,    12.5028      
# span 20 =      1.486,     63.410      
# span 21 =      1.519,     64.771      
# span 22 =     -0.105,      0.595      
# span 23 =    1427.62,    1459.20      
# span 24 =    1427.61,    1459.26      
# span 25 = 0.0000e+00, 0.0000e+00      
# interval = decibars: 0.5              
# start_time = Feb 26 2018 09:40:07 [NMEA time, first data scan]
# bad_flag = -9.990e-29
*END*
[from data line 112]
       5485     57.500     5.8241     6.0165     0.1924    1.05096    1.06097          1     3.6828     4.4146       8.54     0.0146  2.161e-13  1.000e-12  4.627e+02     9.6444     9.6886     0.0441     7.5830     7.6065     56.970     58.216      0.297    1443.03    1443.91  0.000e+00
       5541     58.000     6.2933     6.3351     0.0422    1.11048    1.11024          1     2.8279     2.2034       8.04     0.0156  2.169e-13  1.000e-12  4.611e+02    10.0956    10.0809    -0.0148     7.9098     7.8954     57.466     58.721      0.215    1445.60    1445.76  0.000e+00
       5586     58.500     6.4957     6.7081     0.2117    1.15055    1.16223          1     2.7431     4.9082       7.50     0.0166  2.169e-13  1.000e-12  4.610e+02    10.4260    10.4738     0.0478     8.1554     8.1773     57.961     59.227      0.301    1446.88    1447.82  0.000e+00
       5634     59.000     7.1624     7.4622     0.3008    1.27412    1.31181          1     2.3842     4.8566       7.00     0.0170  2.169e-13  1.000e-12  4.610e+02    11.4191    11.6828     0.2638     8.8852     9.0667     58.456     59.732      0.219    1450.90    1452.46  0.000e+00
       5684     59.500     7.5416     7.6714     0.1295    1.35118    1.36672          1     2.0850    -0.4824       6.54     0.0204  2.169e-13  1.000e-12  4.610e+02    12.0366    12.1415     0.1049     9.3373     9.4080     58.952     60.236      0.310    1453.24    1453.90  0.000e+00
       5720     60.000     7.6701     7.7448     0.0744    1.37116    1.37621          1     2.0930     2.7667       6.01     0.0209  2.169e-13  1.000e-12  4.610e+02    12.1845    12.2069     0.0224     9.4417     9.4525     59.447     60.741      0.306    1453.95    1454.28  0.000e+00
       5761     60.500     7.7875     7.9156     0.1285    1.40551    1.42075          1     2.1550     3.2228       5.54     0.0218  2.170e-13  1.000e-12  4.609e+02    12.4731    12.5737     0.1006     9.6568     9.7235     59.942     61.245      0.305    1454.79    1455.44  0.000e+00
       5801     61.000     8.0260     8.1142     0.0879    1.46983    1.48098          1     2.0494     2.5340       4.98     0.0222  2.173e-13  1.000e-12  4.602e+02    13.0044    13.0786     0.0743    10.0497    10.0992     60.438     61.750      0.261    1456.42    1456.87  0.000e+00
       5854     61.500     8.2533     8.3356     0.0823    1.54763    1.56387          1     1.8391     2.7156       4.51     0.0233  2.169e-13  1.000e-12  4.610e+02    13.6644    13.7883     0.1239    10.5430    10.6314     60.933     62.254      0.257    1458.15    1458.63  0.000e+00
       5892     62.000     8.2031     8.2082     0.0049    1.64780    1.65346          1     1.4311     1.5109       3.97     0.0233  2.169e-13  1.000e-12  4.609e+02    14.6486    14.7011     0.0525    11.3169    11.3574     61.428     62.757      0.326    1459.17    1459.26  0.000e+00
       5942     62.500     8.1651     8.1065    -0.0587    1.66087    1.67687          1     1.0844     1.4071       3.45     0.0237  2.169e-13  1.000e-12  4.610e+02    14.7907    14.9709     0.1802    11.4318    11.5786     61.924     63.261      0.218    1459.20    1459.19  0.000e+00
       5993     63.000     8.0205     7.9959    -0.0246    1.69615    1.70220          1     0.8886     1.4129       2.97     0.0213  2.169e-13  1.000e-12  4.610e+02    15.1947    15.2644     0.0696    11.7623    11.8193     62.419     63.764      0.362    1459.13    1459.12  0.000e+00
       6022     63.500     7.9177     7.8592    -0.0584    1.71611    1.71848          1     0.7961     1.1449       2.46     0.0211  2.169e-13  1.000e-12  4.610e+02    15.4345    15.4836     0.0491    11.9603    12.0046     62.914     64.268      0.354    1459.03    1458.85  0.000e+00
       6236     64.000     7.5808     7.5614    -0.0195    1.76387    1.76570          1     0.2899     1.1070       1.92     0.0193  2.164e-13  1.000e-12  4.621e+02    16.0555    16.0824     0.0269    12.4798    12.5028     63.410     64.771     -0.105    1458.45    1458.40  0.000e+00
