ctdpy/exports/archive_20191121_122431/received_data/SBE09_1044_20181018_0402_34_01_0105.cnv
* Sea-Bird SBE 9 Data File:
* FileName = C:\LUOTAUS\DATA_IN\hex_in\SMHI\ar18d105.hex
* Software Version Seasave V 7.23.2
* Temperature SN = 5351
* Conductivity SN = 3941
* Number of Bytes Per Scan = 30
* Number of Voltage Words = 4
* Number of Scans Averaged by the Deck Unit = 1
* NMEA baud rate = 4800
** Station:  Å16
** Operator:  DBSj
** Ship: ARANDA
** Average sound velocity: 1491.39 m/s
** True-depth calculation Thu, 18 Oct 2018 04:25:24 +0000
** CTD Python Module SMHI /ver 3-12/ feb 2012 
** LIMS Job: 20183401-0105
** Cruise: SMHI-4-2018
** Latitude [GG MM.mm N]: 58 16.037 N
** Longitude [GG MM.mm E] 10 43.446 E
# nquan = 26
# nvalues = 402                         
# units = specified
# name 0 = scan: Scan Count
# name 1 = prDM: Pressure, Digiquartz [db]
# name 2 = t090C: Temperature [ITS-90, deg C]
# name 3 = t190C: Temperature, 2 [ITS-90, deg C]
# name 4 = T2-T190C: Temperature Difference, 2 - 1 [ITS-90, deg C]
# name 5 = c0S/m: Conductivity [S/m]
# name 6 = c1S/m: Conductivity, 2 [S/m]
# name 7 = pumps: Pump Status
# name 8 = sbeox0ML/L: Oxygen, SBE 43 [ml/l]
# name 9 = sbeox1ML/L: Oxygen, SBE 43, 2 [ml/l]
# name 10 = altM: Altimeter [m]
# name 11 = flECO-AFL: Chl-a Fluorescence, WET Labs ECO-AFL/FL [mg/m^3]
# name 12 = flECO-AFL1: Phycocyanin Fluorescence, WET Labs ECO-AFL/FL, 2 [mg/m^3]
# name 13 = par: PAR/Irradiance, Biospherical/Lico [µE/(cm^2*s)]
# name 14 = turbWETntu0: Turbidity, WET Labs ECO [NTU]
# name 15 = sal00: Salinity, Practical [PSU]
# name 16 = sal11: Salinity, Practical, 2 [PSU]
# name 17 = secS-priS: Salinity, Practical, Difference, 2 - 1 [PSU]
# name 18 = sigma-t00: Density [sigma-t, Kg/m^3 ]
# name 19 = sigma-t11: Density, 2 [sigma-t, Kg/m^3 ]
# name 20 = depSM: Depth [salt water, m], lat = 0
# name 21 = depFM: Depth [true depth, m], lat = 0
# name 22 = dz/dtM: Descent Rate [m/s], WS = 2
# name 23 = svCM: Sound Velocity [Chen-Millero, m/s]
# name 24 = svCM1: Sound Velocity, 2 [Chen-Millero, m/s]
# name 25 = flag: flag
# span 0 =       9432,      18876       
# span 1 =      1.000,    201.500       
# span 2 =     7.1834,    13.0145       
# span 3 =     7.1851,    13.0153       
# span 4 =    -0.0158,     0.0291       
# span 5 =   3.559296,   3.993843       
# span 6 =   3.559334,   3.993751       
# span 7 =          1,          1       
# span 8 =    5.05668,    5.84759       
# span 9 =    4.83724,    5.51388       
# span 10 =       3.19,     100.07      
# span 11 =     0.0406,     1.7516      
# span 12 =     0.1447,     0.4266      
# span 13 = -6.733e-03, 4.4792e-01      
# span 14 =     0.1754,     1.1110      
# span 15 =    33.0466,    35.0596      
# span 16 =    33.0450,    35.0584      
# span 17 =    -0.0163,     0.0055      
# span 18 =    24.8781,    27.4400      
# span 19 =    24.8766,    27.4388      
# span 20 =      0.994,    200.295      
# span 21 =      0.994,    199.944      
# span 22 =     -0.060,      0.911      
# span 23 =    1482.26,    1499.37      
# span 24 =    1482.26,    1499.38      
# span 25 = 0.0000e+00, 0.0000e+00      
# interval = decibars: 0.5              
# start_time = Oct 18 2018 04:02:01 [System UTC, header]
# bad_flag = -9.990e-29
*END*
[from data line 335]
      16984    168.500     7.2218     7.2236     0.0018    3.56048    3.56056          1     5.3203     5.0237      36.27     0.0554     0.2187  1.000e-12  0.3836000    35.0421    35.0412    -0.0009    27.4208    27.4198    167.506    167.229      0.526    1482.33    1482.34  0.000e+00
      17003    169.000     7.2216     7.2233     0.0017    3.56049    3.56056          1     5.3196     5.0253      36.03     0.0468     0.1920  1.000e-12  0.3893000    35.0422    35.0412    -0.0009    27.4209    27.4199    168.003    167.725      0.676    1482.34    1482.35  0.000e+00
      17020    169.500     7.2206     7.2225     0.0019    3.56042    3.56051          1     5.3202     5.0260      35.52     0.0406     0.1711  1.000e-12  0.3960000    35.0422    35.0413    -0.0009    27.4210    27.4200    168.500    168.221      0.694    1482.34    1482.35  0.000e+00
      17038    170.000     7.2205     7.2224     0.0019    3.56042    3.56051          1     5.3203     5.0224      34.97     0.0844     0.1862  1.000e-12  0.4021000    35.0421    35.0412    -0.0009    27.4210    27.4200    168.996    168.717      0.575    1482.35    1482.36  0.000e+00
      17065    170.500     7.2206     7.2224     0.0018    3.56047    3.56053          1     5.3192     5.0172      34.32     0.0749     0.2095  1.000e-12  0.4282000    35.0422    35.0411    -0.0011    27.4211    27.4199    169.493    169.212      0.393    1482.36    1482.37  0.000e+00
      17097    171.000     7.2198     7.2218     0.0020    3.56043    3.56052          1     5.3114     5.0201      33.79     0.0734     0.1689  1.000e-12  0.3871000    35.0423    35.0413    -0.0011    27.4213    27.4201    169.990    169.708      0.452    1482.37    1482.37  0.000e+00
      17119    171.500     7.2193     7.2210     0.0018    3.56044    3.56052          1     5.3102     5.0224      33.36     0.0628     0.1576  1.000e-12  0.4141000    35.0428    35.0418    -0.0010    27.4217    27.4207    170.487    170.204      0.609    1482.37    1482.38  0.000e+00
      17137    172.000     7.2182     7.2198     0.0016    3.56037    3.56043          1     5.3103     5.0254      33.05     0.0642     0.1486  1.000e-12  0.4132000    35.0428    35.0418    -0.0010    27.4219    27.4209    170.984    170.699      0.653    1482.38    1482.38  0.000e+00
      17156    172.500     7.2163     7.2183     0.0020    3.56021    3.56029          1     5.3103     5.0247      32.48     0.0637     0.1485  1.000e-12  0.4126000    35.0428    35.0417    -0.0011    27.4221    27.4210    171.481    171.195      0.594    1482.38    1482.38  0.000e+00
      17178    173.000     7.2145     7.2164     0.0020    3.56009    3.56019          1     5.3090     5.0198      31.90     0.0649     0.1697  1.000e-12  0.4159000    35.0430    35.0422    -0.0009    27.4226    27.4216    171.978    171.691      0.520    1482.38    1482.39  0.000e+00
      17202    173.500     7.2155     7.2188     0.0033    3.56021    3.56040          1     5.3042     5.0186      31.37     0.0734     0.1963  1.000e-12  0.4199000    35.0431    35.0418    -0.0013    27.4225    27.4210    172.474    172.186      0.522    1482.39    1482.40  0.000e+00
      17224    174.000     7.2131     7.2173     0.0042    3.56007    3.56032          1     5.3071     5.0194      30.87     0.0948     0.2072  1.000e-12  0.4203000    35.0437    35.0422    -0.0015    27.4233    27.4215    172.971    172.682      0.557    1482.39    1482.41  0.000e+00
      17245    174.500     7.2121     7.2135     0.0014    3.56005    3.56010          1     5.3066     5.0207      30.38     0.0875     0.2120  1.000e-12  0.4252000    35.0442    35.0434    -0.0009    27.4239    27.4230    173.468    173.178      0.583    1482.40    1482.40  0.000e+00
      17265    175.000     7.2117     7.2132     0.0015    3.56004    3.56009          1     5.3070     5.0265      29.95     0.0759     0.2363  1.000e-12  0.4147000    35.0443    35.0433    -0.0010    27.4239    27.4229    173.965    173.673      0.587    1482.40    1482.41  0.000e+00
      17286    175.500     7.2097     7.2116     0.0019    3.55990    3.55998          1     5.2979     5.0309      29.39     0.0738     0.2470  1.000e-12  0.4179000    35.0446    35.0435    -0.0011    27.4244    27.4233    174.462    174.169      0.558    1482.41    1482.41  0.000e+00
      17309    176.000     7.2077     7.2100     0.0022    3.55976    3.55987          1     5.2953     5.0279      28.86     0.0635     0.2397  1.000e-12  0.4224000    35.0448    35.0437    -0.0010    27.4249    27.4238    174.959    174.665      0.521    1482.41    1482.41  0.000e+00
      17332    176.500     7.2016     7.2038     0.0021    3.55941    3.55950          1     5.2998     5.0281      28.35     0.0644     0.1916  1.000e-12  0.4599000    35.0469    35.0457    -0.0012    27.4274    27.4262    175.455    175.160      0.530    1482.39    1482.40  0.000e+00
      17354    177.000     7.1994     7.2012     0.0018    3.55930    3.55936          1     5.3016     5.0244      27.86     0.0865     0.1851  1.000e-12  0.5077000    35.0476    35.0466    -0.0011    27.4283    27.4272    175.952    175.656      0.586    1482.39    1482.40  0.000e+00
      17373    177.500     7.1994     7.2010     0.0017    3.55931    3.55937          1     5.3039     5.0182      27.40     0.0744     0.2225  1.000e-12  0.4550000    35.0476    35.0466    -0.0010    27.4283    27.4273    176.449    176.152      0.614    1482.40    1482.41  0.000e+00
      17393    178.000     7.1993     7.2010     0.0016    3.55932    3.55939          1     5.3082     5.0167      26.94     0.0661     0.2348  1.000e-12  0.4651000    35.0475    35.0466    -0.0009    27.4282    27.4273    176.946    176.647      0.578    1482.41    1482.41  0.000e+00
      17415    178.500     7.1991     7.2009     0.0018    3.55934    3.55941          1     5.3096     5.0199      26.40     0.0720     0.2352  1.000e-12  0.4803000    35.0477    35.0467    -0.0010    27.4284    27.4274    177.443    177.143      0.500    1482.42    1482.42  0.000e+00
      17441    179.000     7.1989     7.2006     0.0017    3.55935    3.55942          1     5.3014     5.0198      25.85     0.0753     0.2332  1.000e-12  0.4800000    35.0477    35.0468    -0.0009    27.4285    27.4275    177.939    177.639      0.459    1482.42    1482.43  0.000e+00
      17467    179.500     7.1989     7.2006     0.0018    3.55937    3.55945          1     5.3029     5.0141      25.38     0.0669     0.1922  1.000e-12  0.4619000    35.0478    35.0468    -0.0010    27.4285    27.4275    178.436    178.134      0.513    1482.43    1482.44  0.000e+00
      17488    180.000     7.1986     7.2003     0.0017    3.55938    3.55945          1     5.3055     5.0142      24.93     0.0686     0.1954  1.000e-12  0.4490000    35.0478    35.0469    -0.0010    27.4286    27.4276    178.933    178.630      0.591    1482.44    1482.44  0.000e+00
      17507    180.500     7.1987     7.1997     0.0010    3.55942    3.55945          1     5.3063     5.0135      24.45     0.0737     0.2125  1.000e-12  0.4507000    35.0480    35.0473    -0.0007    27.4287    27.4281    179.430    179.126      0.654    1482.45    1482.45  0.000e+00
      17525    181.000     7.1988     7.1987     0.0000    3.55945    3.55940          1     5.3052     5.0136      23.97     0.0641     0.2325  1.000e-12  0.4812000    35.0479    35.0475    -0.0005    27.4287    27.4283    179.927    179.621      0.669    1482.46    1482.46  0.000e+00
      17543    181.500     7.1976     7.1993     0.0017    3.55940    3.55947          1     5.3023     5.0173      23.49     0.0862     0.2131  1.000e-12  0.5013000    35.0483    35.0474    -0.0010    27.4291    27.4281    180.424    180.117      0.616    1482.46    1482.47  0.000e+00
      17565    182.000     7.1976     7.1993     0.0017    3.55943    3.55949          1     5.2989     5.0177      22.94     0.0804     0.2009  1.000e-12  0.5702000    35.0485    35.0473    -0.0011    27.4292    27.4281    180.920    180.613      0.526    1482.47    1482.47  0.000e+00
      17589    182.500     7.1972     7.1989     0.0017    3.55942    3.55948          1     5.3042     5.0153      22.37     0.0696     0.2043  1.000e-12  0.5538000    35.0485    35.0475    -0.0010    27.4293    27.4283    181.417    181.108      0.479    1482.48    1482.48  0.000e+00
      17614    183.000     7.1966     7.1985     0.0018    3.55942    3.55949          1     5.3021     5.0110      21.89     0.0761     0.2167  1.000e-12  0.4854000    35.0488    35.0477    -0.0011    27.4296    27.4285    181.914    181.604      0.529    1482.48    1482.49  0.000e+00
      17635    183.500     7.1955     7.1970     0.0015    3.55939    3.55946          1     5.2854     5.0072      21.45     0.0739     0.2093  1.000e-12  0.5053000    35.0494    35.0486    -0.0008    27.4303    27.4295    182.411    182.100      0.620    1482.49    1482.49  0.000e+00
      17653    184.000     7.1950     7.1967     0.0016    3.55941    3.55948          1     5.2708     5.0061      20.97     0.0641     0.2646  1.000e-12  0.4859000    35.0499    35.0489    -0.0010    27.4307    27.4297    182.908    182.595      0.668    1482.49    1482.50  0.000e+00
      17671    184.500     7.1950     7.1966     0.0016    3.55943    3.55948          1     5.2736     5.0060      20.51     0.0643     0.2089  1.000e-12  0.4911000    35.0498    35.0487    -0.0011    27.4307    27.4296    183.404    183.091      0.628    1482.50    1482.51  0.000e+00
      17693    185.000     7.1949     7.1966     0.0017    3.55944    3.55951          1     5.2934     5.0078      19.99     0.0635     0.1818  1.000e-12  0.5030000    35.0499    35.0487    -0.0011    27.4307    27.4296    183.901    183.587      0.487    1482.51    1482.52  0.000e+00
      17722    185.500     7.1947     7.1966     0.0019    3.55945    3.55952          1     5.2950     5.0116      19.37     0.0645     0.1925  1.000e-12  0.5270000    35.0499    35.0487    -0.0012    27.4308    27.4296    184.398    184.082      0.405    1482.52    1482.52  0.000e+00
      17749    186.000     7.1948     7.1966     0.0018    3.55947    3.55955          1     5.2925     5.0074      18.90     0.0711     0.2072  1.000e-12  0.5081000    35.0498    35.0488    -0.0010    27.4307    27.4296    184.895    184.578      0.544    1482.53    1482.53  0.000e+00
      17768    186.500     7.1948     7.1964     0.0016    3.55952    3.55959          1     5.2860     5.0003      18.48     0.0728     0.2318  1.000e-12  0.5054000    35.0500    35.0492    -0.0008    27.4308    27.4300    185.392    185.074      0.671    1482.53    1482.54  0.000e+00
      17785    187.000     7.1949     7.1965     0.0016    3.55959    3.55967          1     5.2798     4.9994      18.06     0.0735     0.2081  1.000e-12  0.5136000    35.0504    35.0497    -0.0007    27.4312    27.4304    185.888    185.569      0.705    1482.54    1482.55  0.000e+00
      17802    187.500     7.1949     7.1966     0.0017    3.55961    3.55947          1     5.2831     5.0022      17.55     0.0737     0.2237  1.000e-12  0.5317000    35.0504    35.0471    -0.0033    27.4312    27.4283    186.385    186.065      0.654    1482.55    1482.55  0.000e+00
      17822    188.000     7.1949     7.1966     0.0017    3.55971    3.55977          1     5.2858     5.0018      17.01     0.0596     0.2272  1.000e-12  0.5325000    35.0513    35.0502    -0.0011    27.4318    27.4307    186.882    186.561      0.561    1482.56    1482.57  0.000e+00
      17846    188.500     7.1952     7.1974     0.0021    3.55981    3.55994          1     5.2847     5.0021      16.46     0.0590     0.2138  1.000e-12  0.5273000    35.0518    35.0511    -0.0007    27.4322    27.4313    187.379    187.056      0.487    1482.57    1482.58  0.000e+00
      17872    189.000     7.1969     7.1985     0.0017    3.56010    3.56014          1     5.2812     4.9914      15.93     0.0649     0.2252  1.000e-12  0.5269000    35.0531    35.0519    -0.0012    27.4330    27.4318    187.876    187.552      0.470    1482.59    1482.59  0.000e+00
      17896    189.500     7.1996     7.2012     0.0016    3.56057    3.56062          1     5.2652     4.9787      15.46     0.0785     0.1933  1.000e-12  0.5598000    35.0552    35.0541    -0.0011    27.4343    27.4332    188.372    188.048      0.544    1482.61    1482.61  0.000e+00
      17916    190.000     7.1997     7.2014     0.0016    3.56067    3.55933          1     5.2628     4.9752      15.01     0.0939     0.2218  1.000e-12  0.6069000    35.0559    35.0396    -0.0163    27.4348    27.4217    188.869    188.543      0.638    1482.62    1482.60  0.000e+00
      17934    190.500     7.1998     7.2014     0.0016    3.56069    3.56073          1     5.2599     4.9751      14.56     0.0738     0.2037  1.000e-12  0.6541000    35.0558    35.0547    -0.0011    27.4347    27.4336    189.366    189.039      0.677    1482.63    1482.63  0.000e+00
      17951    191.000     7.1999     7.2015     0.0015    3.56071    3.56078          1     5.2553     4.9752      14.08     0.0730     0.1952  1.000e-12  0.6552000    35.0557    35.0549    -0.0008    27.4346    27.4337    189.863    189.535      0.640    1482.63    1482.64  0.000e+00
      17972    191.500     7.2001     7.2018     0.0017    3.56076    3.56083          1     5.2592     4.9745      13.53     0.0729     0.2071  1.000e-12  0.6829000    35.0559    35.0548    -0.0010    27.4347    27.4337    190.360    190.030      0.539    1482.64    1482.65  0.000e+00
      17997    192.000     7.2000     7.2017     0.0016    3.56079    3.56086          1     5.2595     4.9730      12.99     0.0800     0.2209  1.000e-12  0.7175000    35.0560    35.0550    -0.0010    27.4348    27.4338    190.856    190.526      0.473    1482.65    1482.66  0.000e+00
      18022    192.500     7.2000     7.2017     0.0017    3.56082    3.56087          1     5.2607     4.9684      12.49     0.0770     0.1638  1.000e-12  0.6952000    35.0561    35.0549    -0.0011    27.4349    27.4337    191.353    191.022      0.533    1482.66    1482.66  0.000e+00
      18042    193.000     7.1998     7.2016     0.0018    3.56083    3.56090          1     5.2614     4.9657      12.01     0.0641     0.1990  1.000e-12  0.6626000    35.0561    35.0551    -0.0011    27.4350    27.4339    191.850    191.517      0.613    1482.67    1482.67  0.000e+00
      18061    193.500     7.1993     7.2009     0.0016    3.56084    3.56090          1     5.2558     4.9675      11.54     0.0840     0.2070  1.000e-12  0.6789000    35.0564    35.0555    -0.0009    27.4353    27.4343    192.347    192.013      0.639    1482.67    1482.68  0.000e+00
      18080    194.000     7.1984     7.1995     0.0011    3.56080    3.56084          1     5.2556     4.9726      11.06     0.0820     0.2114  1.000e-12  0.7333000    35.0567    35.0560    -0.0007    27.4356    27.4349    192.844    192.509      0.591    1482.68    1482.68  0.000e+00
      18102    194.500     7.1975     7.1993     0.0018    3.56077    3.56083          1     5.2627     4.9767      10.50     0.0843     0.2457  1.000e-12  0.7937000    35.0570    35.0559    -0.0012    27.4360    27.4348    193.340    193.004      0.500    1482.69    1482.69  0.000e+00
      18128    195.000     7.1972     7.1987     0.0015    3.56075    3.56081          1     5.2679     4.9737       9.97     0.0847     0.2220  1.000e-12  0.8265000    35.0569    35.0561    -0.0009    27.4360    27.4351    193.837    193.500      0.489    1482.69    1482.70  0.000e+00
      18151    195.500     7.1970     7.1985     0.0016    3.56078    3.56083          1     5.2629     4.9760       9.50     0.0809     0.1943  1.000e-12  0.8433000    35.0572    35.0561    -0.0010    27.4362    27.4351    194.334    193.996      0.561    1482.70    1482.70  0.000e+00
