ctdpy/exports/archive_20191121_122431/received_data/SBE09_0827_20181121_1029_26_01_1212.cnv
* Sea-Bird SBE 9 Data File:
* FileName = D:\CTD_SBE911\DAT\26DA.2018.12.12.hex
* Software Version Seasave V 7.21d
* Temperature SN = 4548
* Conductivity SN = 3062
* Number of Bytes Per Scan = 48
* Number of Voltage Words = 5
* Number of Scans Averaged by the Deck Unit = 1
* NMEA Latitude = 55 40.13 N
* NMEA Longitude = 014 30.35 E
* NMEA UTC (Time) = Nov 21 2018  10:30:00
* NMEA baud rate = 4800
** Ship: DANA
** Average sound velocity: 1448.05 m/s
** True-depth calculation Tue, 02 Apr 2019 12:12:19 +0000
** CTD Python Module SMHI /ver 3-12/ feb 2012 
** LIMS Job: 20182601-1212
** Operator: Ronny
** Cruise: 12/2018
# nquan = 26
# nvalues = 94                          
# units = specified
# name 0 = scan: Scan Count
# name 1 = prDM: Pressure, Digiquartz [db]
# name 2 = t090C: Temperature [ITS-90, deg C]
# name 3 = t190C: Temperature, 2 [ITS-90, deg C]
# name 4 = T2-T190C: Temperature Difference, 2 - 1 [ITS-90, deg C]
# name 5 = c0S/m: Conductivity [S/m]
# name 6 = c1S/m: Conductivity, 2 [S/m]
# name 7 = pumps: Pump Status
# name 8 = sbeox1ML/L: Oxygen, SBE 43, 2 [ml/l]
# name 9 = sbeox0ML/L: Oxygen, SBE 43 [ml/l]
# name 10 = altM: Altimeter [m]
# name 11 = chloroflTC0: Chlorophyll, Turner Cyclops [ug/l]
# name 12 = cpar: CPAR/Corrected Irradiance [%]
# name 13 = par: PAR/Irradiance, Biospherical/Lico [µE/(cm^2*s)]
# name 14 = spar: SPAR, Biospherical/Licor
# name 15 = sal00: Salinity, Practical [PSU]
# name 16 = sal11: Salinity, Practical, 2 [PSU]
# name 17 = secS-priS: Salinity, Practical, Difference, 2 - 1 [PSU]
# name 18 = sigma-t00: Density [sigma-t, kg/m^3 ]
# name 19 = sigma-t11: Density, 2 [sigma-t, kg/m^3 ]
# name 20 = depSM: Depth [salt water, m], lat = 55.6688
# name 21 = depFM: Depth [true depth, m], lat = 55.6688
# name 22 = dz/dtM: Descent Rate [m/s], WS = 2
# name 23 = svCM: Sound Velocity [Chen-Millero, m/s]
# name 24 = svCM1: Sound Velocity, 2 [Chen-Millero, m/s]
# name 25 = flag: flag
# span 0 =         15,       6656       
# span 1 =      1.000,     47.500       
# span 2 =     7.7323,     7.9062       
# span 3 =     7.7327,     7.9067       
# span 4 =    -0.0039,     0.0094       
# span 5 =   0.884282,   0.892189       
# span 6 =   0.884282,   0.892178       
# span 7 =          1,          1       
# span 8 =     7.3706,     7.4288       
# span 9 =     7.6125,     7.6533       
# span 10 =       0.27,       9.99      
# span 11 =     0.0243,     0.0284      
# span 12 = -5.057e-05, 8.2975e+00      
# span 13 = -4.519e-05, 7.9033e+00      
# span 14 = 8.3683e+01, 9.5237e+01      
# span 15 =     7.5799,     7.6117      
# span 16 =     7.5798,     7.6115      
# span 17 =    -0.0010,     0.0010      
# span 18 =     5.8309,     5.8421      
# span 19 =     5.8308,     5.8419      
# span 20 =      0.991,     47.064      
# span 21 =      1.013,     48.100      
# span 22 =     -0.180,      0.603      
# span 23 =    1447.61,    1449.05      
# span 24 =    1447.62,    1449.05      
# span 25 = 0.0000e+00, 0.0000e+00      
# interval = decibars: 0.5              
# start_time = Nov 21 2018 10:30:01 [NMEA time, first data scan]
# bad_flag = -9.990e-29
*END*
         15      1.000     7.7447     7.7462     0.0015    0.88466    0.88471          1     7.4156     7.6459       9.99     0.0253  8.297e+00  7.903e+00  9.524e+01     7.5832     7.5833     0.0001     5.8326     5.8326      0.991      1.013      0.008    1447.61    1447.62  0.000e+00
         33      1.500     7.7460     7.7476     0.0016    0.88472    0.88477          1     7.4105     7.6411       9.99     0.0248  6.637e+00  6.271e+00  9.445e+01     7.5834     7.5835     0.0001     5.8327     5.8326      1.486      1.519      0.603    1447.63    1447.63  0.000e+00
        147      2.000     7.7458     7.7464     0.0006    0.88470    0.88472          1     7.4021     7.6404       9.99     0.0254  5.480e+00  5.131e+00  9.361e+01     7.5833     7.5833     0.0000     5.8326     5.8325      1.982      2.025      0.392    1447.63    1447.63  0.000e+00
        522      2.500     7.7437     7.7444     0.0006    0.88462    0.88464          1     7.3986     7.6458       9.99     0.0254  4.805e+00  4.487e+00  9.338e+01     7.5829     7.5830     0.0000     5.8324     5.8324      2.477      2.532      0.276    1447.63    1447.63  0.000e+00
        586      3.000     7.7438     7.7445     0.0006    0.88463    0.88464          1     7.4138     7.6478       9.99     0.0252  3.970e+00  3.701e+00  9.323e+01     7.5829     7.5828    -0.0001     5.8324     5.8323      2.973      3.038      0.366    1447.64    1447.64  0.000e+00
        609      3.500     7.7441     7.7447     0.0007    0.88465    0.88466          1     7.3929     7.6486       9.99     0.0244  3.401e+00  3.126e+00  9.192e+01     7.5830     7.5829    -0.0000     5.8324     5.8323      3.468      3.544      0.601    1447.65    1447.65  0.000e+00
        628      4.000     7.7442     7.7449     0.0007    0.88466    0.88467          1     7.3837     7.6487       9.99     0.0249  2.894e+00  2.648e+00  9.151e+01     7.5829     7.5829    -0.0001     5.8324     5.8323      3.964      4.051      0.581    1447.66    1447.66  0.000e+00
        652      4.500     7.7444     7.7447     0.0003    0.88467    0.88467          1     7.4074     7.6475       9.98     0.0257  2.376e+00  2.171e+00  9.137e+01     7.5829     7.5829    -0.0001     5.8324     5.8323      4.459      4.557      0.302    1447.66    1447.67  0.000e+00
        802      5.000     7.7429     7.7436     0.0008    0.88464    0.88465          1     7.4121     7.6445       9.98     0.0256  2.468e+00  2.256e+00  9.139e+01     7.5829     7.5829    -0.0001     5.8325     5.8324      4.955      5.063      0.406    1447.66    1447.67  0.000e+00
        822      5.500     7.7437     7.7438     0.0002    0.88467    0.88467          1     7.4014     7.6428       9.98     0.0252  1.992e+00  1.820e+00  9.139e+01     7.5830     7.5829    -0.0001     5.8325     5.8324      5.450      5.569      0.475    1447.68    1447.68  0.000e+00
        856      6.000     7.7436     7.7439     0.0003    0.88467    0.88467          1     7.4052     7.6465       9.98     0.0249  1.660e+00  1.517e+00  9.139e+01     7.5829     7.5829    -0.0000     5.8325     5.8324      5.946      6.076      0.270    1447.69    1447.69  0.000e+00
        913      6.500     7.7422     7.7426     0.0004    0.88463    0.88463          1     7.4045     7.6479       9.98     0.0257  1.536e+00  1.404e+00  9.139e+01     7.5828     7.5828    -0.0001     5.8325     5.8324      6.441      6.582      0.260    1447.69    1447.69  0.000e+00
        950      7.000     7.7425     7.7425     0.0001    0.88460    0.88459          1     7.4145     7.6438       9.98     0.0260  1.371e+00  1.253e+00  9.139e+01     7.5824     7.5824    -0.0000     5.8321     5.8321      6.936      7.088      0.370    1447.70    1447.69  0.000e+00
        979      7.500     7.7435     7.7438     0.0003    0.88467    0.88466          1     7.4231     7.6465       9.98     0.0261  1.106e+00  1.011e+00  9.139e+01     7.5827     7.5826    -0.0001     5.8323     5.8322      7.432      7.595      0.452    1447.71    1447.71  0.000e+00
       1005      8.000     7.7435     7.7441     0.0006    0.88466    0.88468          1     7.4050     7.6433       9.98     0.0255  8.984e-01  8.211e-01  9.139e+01     7.5826     7.5827     0.0000     5.8322     5.8322      7.927      8.101      0.403    1447.72    1447.72  0.000e+00
       1111      8.500     7.7436     7.7448     0.0012    0.88469    0.88473          1     7.4021     7.6443       9.97     0.0255  8.276e-01  7.563e-01  9.139e+01     7.5828     7.5829     0.0002     5.8323     5.8324      8.423      8.607      0.321    1447.72    1447.73  0.000e+00
       1156      9.000     7.7436     7.7438     0.0002    0.88469    0.88469          1     7.4112     7.6417       9.97     0.0266  7.008e-01  6.404e-01  9.139e+01     7.5828     7.5827    -0.0000     5.8323     5.8323      8.918      9.114      0.442    1447.73    1447.73  0.000e+00
       1185      9.500     7.7419     7.7426     0.0007    0.88461    0.88464          1     7.4170     7.6371       9.97     0.0257  5.484e-01  5.012e-01  9.139e+01     7.5823     7.5824     0.0001     5.8321     5.8322      9.414      9.620      0.352    1447.73    1447.74  0.000e+00
       1229     10.000     7.7428     7.7434     0.0006    0.88468    0.88470          1     7.4216     7.6447       9.97     0.0255  4.632e-01  4.234e-01  9.139e+01     7.5827     7.5827    -0.0000     5.8324     5.8323      9.909     10.126      0.239    1447.75    1447.75  0.000e+00
       1276     10.500     7.7433     7.7443     0.0010    0.88472    0.88475          1     7.4128     7.6478       9.97     0.0261  3.948e-01  3.605e-01  9.132e+01     7.5829     7.5830     0.0001     5.8324     5.8324     10.404     10.633      0.309    1447.76    1447.76  0.000e+00
       1313     11.000     7.7433     7.7443     0.0010    0.88472    0.88475          1     7.4198     7.6481       9.97     0.0265  3.058e-01  2.783e-01  9.103e+01     7.5829     7.5829     0.0001     5.8324     5.8324     10.900     11.139      0.276    1447.76    1447.77  0.000e+00
       1388     11.500     7.7382     7.7362    -0.0021    0.88450    0.88440          1     7.4137     7.6444       9.97     0.0261  2.498e-01  2.254e-01  9.016e+01     7.5819     7.5814    -0.0005     5.8320     5.8318     11.395     11.645      0.231    1447.75    1447.74  0.000e+00
       1439     12.000     7.7355     7.7347    -0.0007    0.88438    0.88435          1     7.4283     7.6397       9.97     0.0256  1.827e-01  1.633e-01  8.940e+01     7.5813     7.5812    -0.0002     5.8318     5.8318     11.891     12.152      0.320    1447.75    1447.74  0.000e+00
       1476     12.500     7.7341     7.7350     0.0010    0.88435    0.88440          1     7.4288     7.6476       9.97     0.0256  1.493e-01  1.334e-01  8.936e+01     7.5813     7.5815     0.0002     5.8319     5.8320     12.386     12.658      0.312    1447.75    1447.75  0.000e+00
       1517     13.000     7.7356     7.7364     0.0008    0.88446    0.88448          1     7.4129     7.6522       9.97     0.0256  1.071e-01  9.569e-02  8.936e+01     7.5819     7.5819     0.0001     5.8322     5.8322     12.882     13.164      0.269    1447.76    1447.77  0.000e+00
       1563     13.500     7.7354     7.7355     0.0001    0.88446    0.88445          1     7.4135     7.6471       9.97     0.0256  5.898e-02  5.270e-02  8.936e+01     7.5818     7.5817    -0.0001     5.8322     5.8321     13.377     13.671      0.275    1447.77    1447.77  0.000e+00
       1605     14.000     7.7351     7.7351     0.0000    0.88445    0.88444          1     7.4135     7.6490       9.96     0.0256  2.830e-02  2.528e-02  8.936e+01     7.5818     7.5817    -0.0001     5.8322     5.8321     13.872     14.177      0.279    1447.78    1447.78  0.000e+00
       1654     14.500     7.7336     7.7340     0.0004    0.88437    0.88438          1     7.4092     7.6470       9.96     0.0259  1.122e-03  1.003e-03  8.936e+01     7.5813     7.5813    -0.0000     5.8320     5.8319     14.368     14.683      0.215    1447.78    1447.78  0.000e+00
       1721     15.000     7.7339     7.7341     0.0001    0.88441    0.88438          1     7.4168     7.6532       9.96     0.0258 -5.057e-05 -4.519e-05  8.936e+01     7.5815     7.5812    -0.0002     5.8321     5.8319     14.863     15.189      0.176    1447.79    1447.79  0.000e+00
       1784     15.500     7.7336     7.7331    -0.0005    0.88438    0.88434          1     7.4187     7.6533       9.96     0.0265  1.119e-12  1.000e-12  8.936e+01     7.5813     7.5810    -0.0003     5.8319     5.8317     15.359     15.696      0.327    1447.79    1447.79  0.000e+00
       1812     16.000     7.7328     7.7333     0.0005    0.88437    0.88436          1     7.4188     7.6487       9.96     0.0268  1.119e-12  1.000e-12  8.936e+01     7.5813     7.5811    -0.0002     5.8320     5.8318     15.854     16.202      0.428    1447.80    1447.80  0.000e+00
       1843     16.500     7.7327     7.7328     0.0001    0.88430    0.88429          1     7.4182     7.6505       9.96     0.0259  1.119e-12  1.000e-12  8.936e+01     7.5806     7.5805    -0.0002     5.8315     5.8314     16.350     16.708      0.337    1447.81    1447.81  0.000e+00
       1889     17.000     7.7323     7.7329     0.0006    0.88428    0.88430          1     7.4097     7.6354       9.96     0.0255  1.119e-12  1.000e-12  8.936e+01     7.5805     7.5805     0.0000     5.8314     5.8314     16.845     17.215      0.232    1447.81    1447.81  0.000e+00
       1939     17.500     7.7326     7.7327     0.0001    0.88431    0.88430          1     7.4103     7.6414       9.96     0.0270  1.119e-12  1.000e-12  8.936e+01     7.5806     7.5805    -0.0001     5.8315     5.8314     17.340     17.721      0.225    1447.82    1447.82  0.000e+00
       2007     18.000     7.7338     7.7350     0.0012    0.88435    0.88437          1     7.4171     7.6452       9.96     0.0249  1.125e-12  1.000e-12  8.888e+01     7.5806     7.5806    -0.0001     5.8314     5.8313     17.836     18.227      0.251    1447.83    1447.84  0.000e+00
       2045     18.500     7.7340     7.7339    -0.0002    0.88433    0.88428          1     7.4054     7.6447       9.96     0.0246  1.144e-12  1.000e-12  8.742e+01     7.5803     7.5799    -0.0004     5.8311     5.8309     18.331     18.734      0.397    1447.84    1447.84  0.000e+00
       2077     19.000     7.7333     7.7337     0.0004    0.88428    0.88429          1     7.3841     7.6418       9.96     0.0244  1.143e-12  1.000e-12  8.748e+01     7.5800     7.5800    -0.0001     5.8310     5.8309     18.827     19.240      0.310    1447.85    1447.85  0.000e+00
       2137     19.500     7.7334     7.7340     0.0005    0.88431    0.88431          1     7.4038     7.6419       9.96     0.0246  1.145e-12  1.000e-12  8.734e+01     7.5802     7.5801    -0.0001     5.8311     5.8310     19.322     19.746      0.239    1447.86    1447.86  0.000e+00
       2180     20.000     7.7337     7.7344     0.0007    0.88433    0.88435          1     7.4129     7.6386       9.96     0.0248  1.145e-12  1.000e-12  8.733e+01     7.5802     7.5803     0.0001     5.8311     5.8311     19.818     20.253      0.341    1447.86    1447.87  0.000e+00
       2217     20.500     7.7335     7.7339     0.0003    0.88431    0.88431          1     7.4114     7.6461       9.96     0.0245  1.145e-12  1.000e-12  8.733e+01     7.5801     7.5800    -0.0001     5.8310     5.8309     20.313     20.759      0.260    1447.87    1447.87  0.000e+00
       2285     21.000     7.7329     7.7334     0.0005    0.88429    0.88429          1     7.4119     7.6376       9.96     0.0244  1.145e-12  1.000e-12  8.733e+01     7.5799     7.5798    -0.0001     5.8309     5.8308     20.808     21.265      0.271    1447.88    1447.88  0.000e+00
       2322     21.500     7.7355     7.7358     0.0004    0.88446    0.88445          1     7.3995     7.6389       9.96     0.0250  1.145e-12  1.000e-12  8.733e+01     7.5809     7.5807    -0.0002     5.8315     5.8313     21.304     21.772      0.433    1447.90    1447.90  0.000e+00
       2349     22.000     7.7353     7.7360     0.0007    0.88446    0.88448          1     7.4050     7.6434       9.96     0.0245  1.145e-12  1.000e-12  8.733e+01     7.5808     7.5809     0.0000     5.8315     5.8314     21.799     22.278      0.390    1447.90    1447.91  0.000e+00
       2411     22.500     7.7360     7.7363     0.0004    0.88450    0.88450          1     7.4217     7.6464       9.96     0.0244  1.145e-12  1.000e-12  8.733e+01     7.5810     7.5809    -0.0001     5.8316     5.8315     22.295     22.784      0.238    1447.92    1447.92  0.000e+00
       2466     23.000     7.7348     7.7355     0.0007    0.88445    0.88447          1     7.4152     7.6438       9.96     0.0254  1.145e-12  1.000e-12  8.733e+01     7.5807     7.5808     0.0000     5.8314     5.8314     22.790     23.291      0.359    1447.92    1447.92  0.000e+00
       2497     23.500     7.7342     7.7348     0.0006    0.88443    0.88444          1     7.3920     7.6406       9.96     0.0249  1.145e-12  1.000e-12  8.732e+01     7.5806     7.5806     0.0000     5.8314     5.8313     23.285     23.797      0.340    1447.92    1447.93  0.000e+00
       2540     24.000     7.7346     7.7353     0.0007    0.88445    0.88446          1     7.4142     7.6449       9.96     0.0245  1.148e-12  1.000e-12  8.713e+01     7.5807     7.5806    -0.0001     5.8314     5.8313     23.781     24.303      0.207    1447.93    1447.93  0.000e+00
       2625     24.500     7.7356     7.7382     0.0026    0.88451    0.88460          1     7.4037     7.6408       9.96     0.0254  1.155e-12  1.000e-12  8.660e+01     7.5809     7.5812     0.0003     5.8315     5.8315     24.276     24.809      0.254    1447.95    1447.96  0.000e+00
       2663     25.000     7.7362     7.7361    -0.0001    0.88453    0.88451          1     7.4058     7.6425       9.96     0.0244  1.167e-12  1.000e-12  8.567e+01     7.5809     7.5808    -0.0001     5.8314     5.8314     24.772     25.316      0.385    1447.96    1447.95  0.000e+00
       2692     25.500     7.7351     7.7355     0.0004    0.88449    0.88449          1     7.3933     7.6406       9.96     0.0244  1.172e-12  1.000e-12  8.530e+01     7.5808     7.5806    -0.0001     5.8314     5.8313     25.267     25.822      0.405    1447.96    1447.96  0.000e+00
       2728     26.000     7.7352     7.7353     0.0001    0.88450    0.88448          1     7.3941     7.6411       9.96     0.0244  1.170e-12  1.000e-12  8.546e+01     7.5807     7.5806    -0.0001     5.8314     5.8312     25.763     26.328      0.248    1447.97    1447.97  0.000e+00
       2814     26.500     7.7347     7.7355     0.0008    0.88446    0.88446          1     7.4102     7.6449       9.96     0.0245  1.168e-12  1.000e-12  8.559e+01     7.5804     7.5803    -0.0001     5.8312     5.8310     26.258     26.835      0.181    1447.97    1447.98  0.000e+00
       2870     27.000     7.7351     7.7357     0.0006    0.88450    0.88451          1     7.4188     7.6472       9.96     0.0245  1.173e-12  1.000e-12  8.528e+01     7.5806     7.5806    -0.0000     5.8313     5.8313     26.753     27.341      0.329    1447.98    1447.98  0.000e+00
       2897     27.500     7.7350     7.7354     0.0005    0.88451    0.88452          1     7.4163     7.6438       9.96     0.0249  1.172e-12  1.000e-12  8.530e+01     7.5807     7.5807     0.0000     5.8314     5.8313     27.249     27.847      0.466    1447.99    1447.99  0.000e+00
       2923     28.000     7.7383     7.7409     0.0026    0.88467    0.88475          1     7.4204     7.6394       9.96     0.0244  1.168e-12  1.000e-12  8.565e+01     7.5814     7.5816     0.0002     5.8317     5.8316     27.744     28.354      0.378    1448.01    1448.02  0.000e+00
