ctdpy/exports/archive_20191121_122431/received_data/SBE09_1044_20180526_2340_34_07_0028.cnv
* Sea-Bird SBE 9 Data File:
* FileName = C:\ctd\temp\2018\AU18D028.hex
* Software Version Seasave V 7.26.6.26
* Temperature SN = 5351
* Conductivity SN = 3941
* Number of Bytes Per Scan = 41
* Number of Voltage Words = 4
* Number of Scans Averaged by the Deck Unit = 1
* NMEA Latitude = 58 20.42 N
* NMEA Longitude = 011 01.66 E
* NMEA UTC (Time) = May 26 2018  23:40:56
* NMEA baud rate = 4800
** Station:  A13
** Operator:  SSip
** Ship: AURA
** Average sound velocity: 1478.40 m/s
** True-depth calculation Sun, 27 May 2018 00:18:43 +0000
** CTD Python Module SMHI /ver 3-12/ feb 2012 
** LIMS Job: 20183407-0028
** Cruise: SMHI-02-2018
** Latitude [GG MM.mm N] :
** Longitude [GG MM.mm E]:
# nquan = 26
# nvalues = 188                         
# units = specified
# name 0 = scan: Scan Count
# name 1 = prDM: Pressure, Digiquartz [db]
# name 2 = t090C: Temperature [ITS-90, deg C]
# name 3 = t190C: Temperature, 2 [ITS-90, deg C]
# name 4 = T2-T190C: Temperature Difference, 2 - 1 [ITS-90, deg C]
# name 5 = c0S/m: Conductivity [S/m]
# name 6 = c1S/m: Conductivity, 2 [S/m]
# name 7 = pumps: Pump Status
# name 8 = sbeox0ML/L: Oxygen, SBE 43 [ml/l]
# name 9 = sbeox1ML/L: Oxygen, SBE 43, 2 [ml/l]
# name 10 = altM: Altimeter [m]
# name 11 = flECO-AFL: Chl-a Fluorescence, WET Labs ECO-AFL/FL [mg/m^3]
# name 12 = flECO-AFL1: Phycocyanin Fluorescence, WET Labs ECO-AFL/FL, 2 [mg/m^3]
# name 13 = par: PAR/Irradiance, Biospherical/Lico [µE/(cm^2*s)]
# name 14 = turbWETntu0: Turbidity, WET Labs ECO [NTU]
# name 15 = sal00: Salinity, Practical [PSU]
# name 16 = sal11: Salinity, Practical, 2 [PSU]
# name 17 = secS-priS: Salinity, Practical, Difference, 2 - 1 [PSU]
# name 18 = sigma-t00: Density [sigma-t, Kg/m^3 ]
# name 19 = sigma-t11: Density, 2 [sigma-t, Kg/m^3 ]
# name 20 = depSM: Depth [salt water, m], lat = 58.3403
# name 21 = depFM: Depth [true depth, m], lat = 58.3403
# name 22 = dz/dtM: Descent Rate [m/s], WS = 2
# name 23 = svCM: Sound Velocity [Chen-Millero, m/s]
# name 24 = svCM1: Sound Velocity, 2 [Chen-Millero, m/s]
# name 25 = flag: flag
# span 0 =       6079,       9821       
# span 1 =      1.000,     94.500       
# span 2 =     5.9839,    18.2264       
# span 3 =     5.9872,    18.2241       
# span 4 =    -0.0228,     0.2130       
# span 5 =   2.675725,   3.528218       
# span 6 =   2.677859,   3.528940       
# span 7 =          1,          1       
# span 8 =    5.81044,    7.29365       
# span 9 =    5.76198,    7.25981       
# span 10 =       3.36,      98.39      
# span 11 =     0.1721,     2.2763      
# span 12 =     0.1513,     0.4657      
# span 13 = -9.128e-03, 5.1849e-01      
# span 14 =     0.1937,     0.9848      
# span 15 =    19.8561,    34.9351      
# span 16 =    19.8557,    34.9340      
# span 17 =    -0.1691,     0.0271      
# span 18 =    13.6627,    27.4437      
# span 19 =    13.6629,    27.4426      
# span 20 =      0.991,     93.600      
# span 21 =      1.005,     93.855      
# span 22 =     -0.171,      0.684      
# span 23 =    1474.57,    1499.61      
# span 24 =    1474.58,    1499.69      
# span 25 = 0.0000e+00, 0.0000e+00      
# interval = decibars: 0.5              
# start_time = May 26 2018 23:40:56 [NMEA time, first data scan]
# bad_flag = -9.990e-29
*END*
       6079      1.000    18.2114    18.2004    -0.0110    2.76662    2.76637          1     6.3262     6.2968      96.92     1.0505     0.2762  5.185e-01  0.4098000    19.8643    19.8676     0.0033    13.6723    13.6772      0.991      1.005      0.363    1499.33    1499.30  0.000e+00
       6102      1.500    18.2106    18.2063    -0.0044    2.76658    2.76642          1     6.3409     6.3034      96.61     1.0068     0.2529 -9.128e-03  0.3827000    19.8642    19.8651     0.0009    13.6724    13.6740      1.486      1.507      0.604    1499.33    1499.32  0.000e+00
       6121      2.000    18.2154    18.2144    -0.0011    2.76647    2.76648          1     6.3312     6.3085      97.11     0.9528     0.2872  2.101e-10  0.2550000    19.8610    19.8616     0.0006    13.6688    13.6695      1.981      2.010      0.610    1499.35    1499.35  0.000e+00
       6141      2.500    18.2207    18.2198    -0.0009    2.76640    2.76635          1     6.3143     6.3040      97.12     0.9349     0.2997  1.000e-12  0.2497000    19.8578    19.8579     0.0001    13.6652    13.6655      2.477      2.512      0.628    1499.37    1499.37  0.000e+00
       6159      3.000    18.2200    18.2238     0.0038    2.76628    2.76646          1     6.3333     6.2974      96.79     0.9338     0.2788  1.000e-12  0.2462000    19.8571    19.8567    -0.0004    13.6648    13.6637      2.972      3.014      0.659    1499.38    1499.39  0.000e+00
       6177      3.500    18.2185    18.2188     0.0003    2.76616    2.76613          1     6.3694     6.3093      96.51     0.9210     0.2804  1.000e-12  0.2465000    19.8567    19.8563    -0.0004    13.6649    13.6645      3.468      3.517      0.643    1499.38    1499.38  0.000e+00
       6197      4.000    18.2188    18.2176    -0.0013    2.76614    2.76602          1     6.3139     6.2857      97.10     0.9121     0.2623  1.000e-12  0.2470000    19.8563    19.8560    -0.0003    13.6645    13.6645      3.963      4.019      0.602    1499.39    1499.38  0.000e+00
       6217      4.500    18.2264    18.2241    -0.0023    2.76659    2.76641          1     6.3929     6.3647      97.11     0.9214     0.2592  1.000e-12  0.2611000    19.8561    19.8557    -0.0003    13.6627    13.6629      4.458      4.522      0.582    1499.42    1499.41  0.000e+00
       6238      5.000    18.0927    18.1564     0.0635    2.76309    2.76436          1     6.6662     6.6484      97.11     0.9213     0.2944  1.000e-12  0.2419000    19.8929    19.8721    -0.0208    13.7204    13.6904      4.953      5.024      0.578    1499.06    1499.23  0.000e+00
       6259      5.500    18.0354    18.0124    -0.0228    2.80108    2.79381          1     6.5059     6.5503      97.10     0.9560     0.2530  1.000e-12  0.2362000    20.2215    20.1751    -0.0463    13.9832    13.9530      5.449      5.526      0.582    1499.27    1499.14  0.000e+00
       6280      6.000    18.0684    18.0955     0.0279    2.82989    2.83106          1     6.4052     6.5970      97.10     0.8801     0.2593  1.000e-12  0.2322000    20.4339    20.4298    -0.0042    14.1375    14.1283      5.944      6.029      0.572    1499.61    1499.69  0.000e+00
       6301      6.500    16.4718    16.6859     0.2130    2.73849    2.74821          1     6.7259     7.0141      97.09     0.8367     0.2588  1.000e-12  0.2261000    20.4999    20.4697    -0.0302    14.5295    14.4611      6.440      6.531      0.552    1494.71    1495.35  0.000e+00
       6323      7.000    15.1264    15.2210     0.0948    2.70279    2.70716          1     6.7138     6.9998      97.09     0.9197     0.2626  1.000e-12  0.2138000    20.9007    20.8877    -0.0131    15.1081    15.0796      6.935      7.032      0.545    1490.84    1491.14  0.000e+00
       6345      7.500    14.3810    14.4134     0.0323    2.67958    2.67915          1     6.7371     7.0640      97.11     0.9075     0.2925  1.000e-12  0.1991000    21.1022    21.0808    -0.0214    15.4056    15.3830      7.430      7.534      0.561    1488.61    1488.70  0.000e+00
       6366      8.000    13.3743    13.4411     0.0671    2.67572    2.67786          1     6.7694     7.1093      97.10     0.9097     0.2791  1.000e-12  0.1937000    21.6275    21.6086    -0.0188    15.9924    15.9661      7.925      8.035      0.568    1485.81    1486.02  0.000e+00
       6387      8.500    12.4340    12.4353     0.0012    2.72585    2.71784          1     6.5905     6.9208      97.10     1.1832     0.3145  1.000e-12  0.2361000    22.6227    22.5486    -0.0741    16.9246    16.8671      8.421      8.536      0.570    1483.74    1483.66  0.000e+00
       6408      9.000    11.6885    11.7438     0.0553    2.78741    2.78688          1     6.5149     6.8387      97.01     1.3567     0.3236  1.000e-12  0.2518000    23.6553    23.6152    -0.0401    17.8479    17.8077      8.916      9.037      0.577    1482.34    1482.49  0.000e+00
       6429      9.500    10.5719    10.5775     0.0061    2.85338    2.84663          1     6.6435     6.9202      96.78     1.6582     0.3478  1.000e-12  0.2795000    25.0193    24.9504    -0.0690    19.0849    19.0304      9.411      9.537      0.585    1479.97    1479.90  0.000e+00
       6449     10.000     9.8292     9.8385     0.0090    3.19484    3.17860          1     6.8721     7.0152      96.66     2.1722     0.4111  1.000e-12  0.3328000    28.9443    28.7751    -0.1691    22.2557    22.1224      9.907     10.036      0.591    1482.01    1481.84  0.000e+00
       6469     10.500     9.5300     9.5146    -0.0152    3.45059    3.44984          1     6.9209     6.9056      97.08     2.2615     0.4263  1.000e-12  0.3600000    31.7657    31.7716     0.0059    24.5036    24.5106     10.402     10.534      0.603    1484.36    1484.31  0.000e+00
       6489     11.000     9.5831     9.5737    -0.0095    3.51065    3.50981          1     6.8100     6.6943      97.09     2.2054     0.4575  1.000e-12  0.3600000    32.3310    32.3309    -0.0001    24.9365    24.9380     10.897     11.031      0.611    1485.25    1485.21  0.000e+00
       6508     11.500     9.5287     9.5280    -0.0008    3.52822    3.52894          1     6.5842     6.4638      97.08     2.2763     0.4657  1.000e-12  0.3757000    32.5601    32.5681     0.0080    25.1243    25.1307     11.393     11.527      0.608    1485.34    1485.34  0.000e+00
       6528     12.000     9.1603     9.1581    -0.0022    3.50635    3.50738          1     6.3446     6.2874      97.09     2.2350     0.4525  1.000e-12  0.3833000    32.6707    32.6833     0.0127    25.2693    25.2796     11.888     12.024      0.597    1484.13    1484.14  0.000e+00
       6549     12.500     8.5633     8.5612    -0.0019    3.45197    3.45436          1     6.2598     6.2759      97.08     1.6692     0.3975  1.000e-12  0.3534000    32.6529    32.6799     0.0271    25.3472    25.3687     12.383     12.521      0.598    1481.89    1481.92  0.000e+00
       6568     13.000     7.6713     7.6727     0.0014    3.37012    3.37165          1     6.3206     6.3288      97.09     1.4442     0.3757  1.000e-12  0.3192000    32.6143    32.6293     0.0149    25.4474    25.4589     12.879     13.018      0.616    1478.48    1478.50  0.000e+00
       6588     13.500     7.3904     7.3825    -0.0080    3.35040    3.35005          1     6.3972     6.3446      97.03     1.4623     0.3512  1.000e-12  0.2969000    32.6658    32.6694     0.0036    25.5273    25.5312     13.374     13.514      0.633    1477.47    1477.44  0.000e+00
       6606     14.000     7.3772     7.3744    -0.0028    3.35565    3.35547          1     6.4420     6.3395      96.86     1.4089     0.3238  1.000e-12  0.2846000    32.7348    32.7355     0.0007    25.5834    25.5843     13.869     14.011      0.633    1477.51    1477.51  0.000e+00
       6625     14.500     7.3710     7.3699    -0.0011    3.36006    3.36013          1     6.4719     6.3480      96.74     1.1523     0.3243  1.000e-12  0.2872000    32.7882    32.7899     0.0017    25.6262    25.6277     14.365     14.507      0.620    1477.57    1477.56  0.000e+00
       6645     15.000     7.3613     7.3631     0.0017    3.36323    3.36349          1     6.4944     6.3633      96.77     0.9204     0.3243  1.000e-12  0.3030000    32.8314    32.8326     0.0011    25.6616    25.6622     14.860     15.004      0.601    1477.59    1477.60  0.000e+00
       6665     15.500     7.3157     7.3207     0.0050    3.36324    3.36375          1     6.5073     6.3882      97.08     0.8558     0.3243  1.000e-12  0.3144000    32.8746    32.8754     0.0008    25.7018    25.7017     15.355     15.500      0.591    1477.48    1477.50  0.000e+00
       6686     16.000     7.1952     7.2040     0.0088    3.35537    3.35632          1     6.5322     6.4274      96.96     0.7767     0.3235  1.000e-12  0.3192000    32.9036    32.9055     0.0019    25.7412    25.7414     15.851     15.997      0.601    1477.05    1477.09  0.000e+00
       6705     16.500     7.0957     7.1020     0.0063    3.35044    3.35091          1     6.5726     6.4627      79.26     0.6840     0.3071  1.000e-12  0.3236000    32.9446    32.9436    -0.0009    25.7869    25.7853     16.346     16.493      0.620    1476.73    1476.75  0.000e+00
       6724     17.000     7.0598     7.0638     0.0040    3.34820    3.34863          1     6.5984     6.4698      95.86     0.6379     0.2680  1.000e-12  0.3297000    32.9542    32.9551     0.0009    25.7994    25.7996     16.841     16.990      0.637    1476.61    1476.63  0.000e+00
       6743     17.500     7.0436     7.0469     0.0033    3.34767    3.34800          1     6.5979     6.4515      97.09     0.6388     0.2542  1.000e-12  0.3469000    32.9637    32.9641     0.0004    25.8090    25.8089     17.337     17.486      0.639    1476.57    1476.58  0.000e+00
       6762     18.000     7.0321     7.0354     0.0033    3.34746    3.34768          1     6.5755     6.4179      97.08     0.6394     0.2656  1.000e-12  0.3538000    32.9721    32.9715    -0.0007    25.8172    25.8163     17.832     17.983      0.631    1476.54    1476.55  0.000e+00
       6781     18.500     7.0154     7.0183     0.0028    3.34682    3.34715          1     6.5687     6.4124      96.99     0.6407     0.2487  1.000e-12  0.3554000    32.9810    32.9819     0.0009    25.8265    25.8268     18.327     18.479      0.624    1476.49    1476.51  0.000e+00
       6800     19.000     7.0048     7.0067     0.0018    3.34686    3.34715          1     6.5743     6.4304      96.75     0.6401     0.2842  1.000e-12  0.3676000    32.9913    32.9927     0.0014    25.8360    25.8369     18.823     18.976      0.624    1476.47    1476.48  0.000e+00
       6820     19.500     7.0469     7.0451    -0.0018    3.35278    3.35261          1     6.5374     6.3953      82.81     0.6308     0.3076  1.000e-12  0.3656000    33.0154    33.0153    -0.0001    25.8493    25.8495     19.318     19.472      0.625    1476.68    1476.67  0.000e+00
       6839     20.000     7.1625     7.1590    -0.0035    3.36723    3.36688          1     6.5515     6.4062      94.77     0.6273     0.3089  1.000e-12  0.3742000    33.0620    33.0616    -0.0005    25.8703    25.8704     19.813     19.968      0.631    1477.19    1477.18  0.000e+00
       6858     20.500     7.1975     7.2006     0.0031    3.37176    3.37211          1     6.5800     6.4509      97.10     0.6280     0.3089  1.000e-12  0.3850000    33.0776    33.0783     0.0007    25.8777    25.8779     20.308     20.465      0.644    1477.36    1477.37  0.000e+00
       6876     21.000     7.3117     7.2974    -0.0142    3.38902    3.38701          1     6.6014     6.4904      96.68     0.6395     0.2966  1.000e-12  0.3742000    33.1554    33.1472    -0.0081    25.9232    25.9188     20.804     20.961      0.654    1477.90    1477.83  0.000e+00
       6894     21.500     7.4998     7.4971    -0.0027    3.41396    3.41363          1     6.6127     6.5080      96.64     0.6395     0.2795  1.000e-12  0.3518000    33.2453    33.2442    -0.0011    25.9677    25.9672     21.299     21.458      0.648    1478.74    1478.73  0.000e+00
       6913     22.000     7.5254     7.5264     0.0010    3.41913    3.41914          1     6.6262     6.5180      97.10     0.6298     0.2652  1.000e-12  0.3337000    33.2763    33.2755    -0.0008    25.9885    25.9877     21.794     21.954      0.631    1478.89    1478.89  0.000e+00
       6932     22.500     7.5253     7.5278     0.0025    3.42117    3.42135          1     6.6368     6.5405      83.99     0.5957     0.2657  1.000e-12  0.3042000    33.2983    33.2977    -0.0006    26.0057    26.0049     22.290     22.450      0.617    1478.93    1478.94  0.000e+00
       6952     23.000     7.5182     7.5187     0.0005    3.42306    3.42296          1     6.6571     6.5868      91.60     0.5340     0.2596  1.000e-12  0.3137000    33.3252    33.3237    -0.0014    26.0279    26.0267     22.785     22.947      0.612    1478.94    1478.94  0.000e+00
       6972     23.500     7.5507     7.5518     0.0011    3.43050    3.43053          1     6.6627     6.6086      96.83     0.5105     0.2503  1.000e-12  0.3334000    33.3742    33.3734    -0.0008    26.0618    26.0611     23.280     23.443      0.620    1479.13    1479.14  0.000e+00
       6991     24.000     7.5161     7.5205     0.0044    3.43026    3.43048          1     6.6725     6.6202      96.86     0.4622     0.2511  1.000e-12  0.3339000    33.4046    33.4028    -0.0018    26.0906    26.0886     23.775     23.939      0.636    1479.05    1479.06  0.000e+00
       7009     24.500     7.4458     7.4542     0.0083    3.42565    3.42643          1     6.7088     6.6484      96.93     0.3952     0.2583  1.000e-12  0.3226000    33.4222    33.4226     0.0003    26.1144    26.1135     24.271     24.436      0.644    1478.81    1478.84  0.000e+00
       7028     25.000     7.3393     7.3435     0.0042    3.41748    3.41784          1     6.7374     6.6631      97.43     0.3246     0.2657  1.000e-12  0.3292000    33.4362    33.4360    -0.0002    26.1403    26.1396     24.766     24.932      0.634    1478.42    1478.44  0.000e+00
       7047     25.500     7.3411     7.3431     0.0021    3.41849    3.41872          1     6.7328     6.6588      98.06     0.2912     0.2657  1.000e-12  0.3250000    33.4452    33.4457     0.0005    26.1471    26.1472     25.261     25.428      0.614    1478.45    1478.46  0.000e+00
       7067     26.000     7.3336     7.3366     0.0030    3.41849    3.41879          1     6.7204     6.6557      98.38     0.2729     0.2657  1.000e-12  0.3230000    33.4521    33.4525     0.0004    26.1537    26.1535     25.757     25.925      0.607    1478.44    1478.45  0.000e+00
       7087     26.500     7.2830     7.2862     0.0032    3.41509    3.41534          1     6.7195     6.6757      98.23     0.2712     0.2657  1.000e-12  0.3222000    33.4639    33.4636    -0.0003    26.1699    26.1692     26.252     26.421      0.616    1478.26    1478.28  0.000e+00
       7106     27.000     7.2339     7.2390     0.0052    3.41257    3.41294          1     6.7302     6.7042      98.39     0.2364     0.2634  1.000e-12  0.3305000    33.4839    33.4828    -0.0010    26.1925    26.1909     26.747     26.917      0.625    1478.11    1478.13  0.000e+00
       7125     27.500     7.1774     7.1827     0.0053    3.40963    3.40999          1     6.7425     6.7049      74.13     0.2528     0.2479  1.000e-12  0.3512000    33.5063    33.5051    -0.0012    26.2179    26.2163     27.243     27.413      0.627    1477.93    1477.95  0.000e+00
       7144     28.000     7.0884     7.0957     0.0073    3.40400    3.40447          1     6.7538     6.7114      92.58     0.2426     0.2169  1.000e-12  0.3436000    33.5311    33.5291    -0.0020    26.2497    26.2470     27.738     27.910      0.624    1477.62    1477.65  0.000e+00
