ctdpy/exports/archive_20191121_122431/received_data/SBE09_0827_20181121_1345_26_01_1215.cnv
* Sea-Bird SBE 9 Data File:
* FileName = D:\CTD_SBE911\DAT\26DA.2018.12.15.hex
* Software Version Seasave V 7.21d
* Temperature SN = 4548
* Conductivity SN = 3062
* Number of Bytes Per Scan = 48
* Number of Voltage Words = 5
* Number of Scans Averaged by the Deck Unit = 1
* NMEA Latitude = 55 42.92 N
* NMEA Longitude = 014 44.81 E
* NMEA UTC (Time) = Nov 21 2018  13:46:07
* NMEA baud rate = 4800
** Ship: DANA
** Average sound velocity: 1449.24 m/s
** True-depth calculation Tue, 02 Apr 2019 12:12:27 +0000
** CTD Python Module SMHI /ver 3-12/ feb 2012 
** LIMS Job: 20182601-1215
** Operator: Ronny
** Cruise: 12/2018
# nquan = 26
# nvalues = 102                         
# units = specified
# name 0 = scan: Scan Count
# name 1 = prDM: Pressure, Digiquartz [db]
# name 2 = t090C: Temperature [ITS-90, deg C]
# name 3 = t190C: Temperature, 2 [ITS-90, deg C]
# name 4 = T2-T190C: Temperature Difference, 2 - 1 [ITS-90, deg C]
# name 5 = c0S/m: Conductivity [S/m]
# name 6 = c1S/m: Conductivity, 2 [S/m]
# name 7 = pumps: Pump Status
# name 8 = sbeox1ML/L: Oxygen, SBE 43, 2 [ml/l]
# name 9 = sbeox0ML/L: Oxygen, SBE 43 [ml/l]
# name 10 = altM: Altimeter [m]
# name 11 = chloroflTC0: Chlorophyll, Turner Cyclops [ug/l]
# name 12 = cpar: CPAR/Corrected Irradiance [%]
# name 13 = par: PAR/Irradiance, Biospherical/Lico [µE/(cm^2*s)]
# name 14 = spar: SPAR, Biospherical/Licor
# name 15 = sal00: Salinity, Practical [PSU]
# name 16 = sal11: Salinity, Practical, 2 [PSU]
# name 17 = secS-priS: Salinity, Practical, Difference, 2 - 1 [PSU]
# name 18 = sigma-t00: Density [sigma-t, kg/m^3 ]
# name 19 = sigma-t11: Density, 2 [sigma-t, kg/m^3 ]
# name 20 = depSM: Depth [salt water, m], lat = 55.7153
# name 21 = depFM: Depth [true depth, m], lat = 55.7153
# name 22 = dz/dtM: Descent Rate [m/s], WS = 2
# name 23 = svCM: Sound Velocity [Chen-Millero, m/s]
# name 24 = svCM1: Sound Velocity, 2 [Chen-Millero, m/s]
# name 25 = flag: flag
# span 0 =         66,       5305       
# span 1 =      1.000,     51.500       
# span 2 =     8.0093,     8.1860       
# span 3 =     8.0101,     8.2013       
# span 4 =    -0.0255,     0.0456       
# span 5 =   0.893657,   0.920157       
# span 6 =   0.893705,   0.921761       
# span 7 =          1,          1       
# span 8 =     6.8869,     7.3850       
# span 9 =     7.1016,     7.6102       
# span 10 =       1.77,       9.99      
# span 11 =     0.0230,     0.0301      
# span 12 = 2.0517e-12, 1.0389e+01      
# span 13 = 9.6700e-13, 3.7978e+00      
# span 14 = 3.6555e+01, 4.8740e+01      
# span 15 =     7.6078,     7.8236      
# span 16 =     7.6080,     7.8363      
# span 17 =    -0.0025,     0.0261      
# span 18 =     5.8304,     5.9915      
# span 19 =     5.8307,     6.0007      
# span 20 =      0.991,     51.026      
# span 21 =      1.013,     52.150      
# span 22 =      0.172,      0.788      
# span 23 =    1448.74,    1450.32      
# span 24 =    1448.74,    1450.36      
# span 25 = 0.0000e+00, 0.0000e+00      
# interval = decibars: 0.5              
# start_time = Nov 21 2018 13:46:08 [NMEA time, first data scan]
# bad_flag = -9.990e-29
*END*
         66      1.000     8.0128     8.0137     0.0009    0.89386    0.89387          1     7.3481     7.5976       9.99     0.0264  1.039e+01  3.798e+00  3.655e+01     7.6096     7.6095    -0.0001     5.8317     5.8316      0.991      1.013      0.526    1448.74    1448.74  0.000e+00
         78      1.500     8.0121     8.0131     0.0011    0.89366    0.89386          1     7.3520     7.6001       9.98     0.0256  6.223e+00  2.275e+00  3.655e+01     7.6078     7.6095     0.0017     5.8304     5.8316      1.486      1.519      0.788    1448.74    1448.75  0.000e+00
        159      2.000     8.0113     8.0125     0.0011    0.89379    0.89384          1     7.3618     7.6059       9.98     0.0266  4.890e+00  1.788e+00  3.655e+01     7.6092     7.6094     0.0002     5.8315     5.8316      1.982      2.025      0.529    1448.75    1448.75  0.000e+00
        352      2.500     8.0093     8.0114     0.0021    0.89372    0.89379          1     7.3690     7.6102       9.98     0.0275  3.997e+00  1.461e+00  3.655e+01     7.6089     7.6091     0.0002     5.8314     5.8314      2.477      2.532      0.307    1448.75    1448.76  0.000e+00
        424      3.000     8.0095     8.0110     0.0015    0.89374    0.89377          1     7.3739     7.6030       9.98     0.0269  3.660e+00  1.338e+00  3.655e+01     7.6089     7.6089    -0.0000     5.8315     5.8314      2.973      3.038      0.433    1448.76    1448.76  0.000e+00
        451      3.500     8.0098     8.0106     0.0008    0.89371    0.89372          1     7.3850     7.6013       9.98     0.0269  2.833e+00  1.036e+00  3.655e+01     7.6086     7.6085    -0.0001     5.8312     5.8311      3.468      3.544      0.432    1448.77    1448.77  0.000e+00
        491      4.000     8.0099     8.0106     0.0007    0.89371    0.89371          1     7.3757     7.6069       9.98     0.0279  2.388e+00  8.730e-01  3.655e+01     7.6085     7.6084    -0.0001     5.8311     5.8310      3.964      4.051      0.277    1448.78    1448.78  0.000e+00
        556      4.500     8.0100     8.0106     0.0006    0.89373    0.89374          1     7.3597     7.6088       9.97     0.0288  2.080e+00  7.602e-01  3.655e+01     7.6086     7.6085    -0.0000     5.8311     5.8311      4.459      4.557      0.426    1448.78    1448.79  0.000e+00
        576      5.000     8.0100     8.0106     0.0007    0.89371    0.89373          1     7.3689     7.6037       9.97     0.0277  1.631e+00  5.960e-01  3.655e+01     7.6083     7.6084     0.0001     5.8310     5.8310      4.955      5.063      0.516    1448.79    1448.79  0.000e+00
        627      5.500     8.0101     8.0109     0.0007    0.89373    0.89375          1     7.3743     7.6051       9.97     0.0286  1.390e+00  5.080e-01  3.655e+01     7.6084     7.6084    -0.0000     5.8310     5.8310      5.450      5.569      0.295    1448.80    1448.80  0.000e+00
        703      6.000     8.0102     8.0107     0.0005    0.89373    0.89372          1     7.3776     7.6019       9.97     0.0287  1.152e+00  4.211e-01  3.655e+01     7.6084     7.6082    -0.0002     5.8310     5.8308      5.945      6.076      0.306    1448.81    1448.81  0.000e+00
        744      6.500     8.0102     8.0102    -0.0000    0.89373    0.89371          1     7.3735     7.6019       9.97     0.0281  9.132e-01  3.338e-01  3.655e+01     7.6083     7.6081    -0.0002     5.8309     5.8308      6.441      6.582      0.298    1448.82    1448.82  0.000e+00
        785      7.000     8.0097     8.0101     0.0004    0.89372    0.89370          1     7.3679     7.6048       9.97     0.0288  7.316e-01  2.681e-01  3.665e+01     7.6082     7.6080    -0.0002     5.8309     5.8307      6.936      7.088      0.252    1448.82    1448.82  0.000e+00
        851      7.500     8.0097     8.0104     0.0007    0.89372    0.89373          1     7.3721     7.6091       9.97     0.0300  6.281e-01  2.359e-01  3.761e+01     7.6082     7.6081    -0.0001     5.8309     5.8308      7.432      7.595      0.227    1448.83    1448.83  0.000e+00
        897      8.000     8.0099     8.0104     0.0005    0.89373    0.89377          1     7.3765     7.6027       9.97     0.0300  4.093e-01  1.564e-01  3.825e+01     7.6082     7.6085     0.0003     5.8309     5.8310      7.927      8.101      0.416    1448.84    1448.84  0.000e+00
        921      8.500     8.0097     8.0102     0.0005    0.89375    0.89377          1     7.3693     7.6078       9.97     0.0284  2.555e-01  9.830e-02  3.850e+01     7.6083     7.6084     0.0001     5.8310     5.8310      8.423      8.607      0.432    1448.85    1448.85  0.000e+00
        996      9.000     8.0102     8.0135     0.0033    0.89384    0.89421          1     7.3734     7.6016       9.97     0.0289  2.654e-01  1.023e-01  3.852e+01     7.6090     7.6117     0.0027     5.8315     5.8333      8.918      9.114      0.273    1448.86    1448.87  0.000e+00
       1037      9.500     8.0131     8.0155     0.0023    0.89427    0.89452          1     7.3801     7.5945       9.96     0.0278  1.228e-01  4.738e-02  3.859e+01     7.6122     7.6140     0.0018     5.8337     5.8350      9.414      9.620      0.434    1448.88    1448.89  0.000e+00
       1066     10.000     8.0144     8.0149     0.0005    0.89447    0.89450          1     7.3672     7.5909       9.96     0.0278  1.188e-02  4.583e-03  3.859e+01     7.6138     7.6139     0.0001     5.8349     5.8349      9.909     10.126      0.329    1448.90    1448.90  0.000e+00
       1142     10.500     8.0141     8.0149     0.0008    0.89449    0.89451          1     7.3622     7.5896       9.96     0.0283  2.142e-02  8.266e-03  3.859e+01     7.6139     7.6139    -0.0000     5.8350     5.8349     10.404     10.633      0.232    1448.90    1448.91  0.000e+00
       1193     11.000     8.0144     8.0151     0.0007    0.89450    0.89451          1     7.3573     7.5959       9.96     0.0284  5.313e-05  2.050e-05  3.859e+01     7.6139     7.6138    -0.0001     5.8350     5.8348     10.900     11.139      0.218    1448.91    1448.92  0.000e+00
       1245     11.500     8.0144     8.0150     0.0006    0.89451    0.89451          1     7.3542     7.5971       9.96     0.0294  2.506e-12  9.670e-13  3.859e+01     7.6139     7.6137    -0.0002     5.8350     5.8348     11.395     11.645      0.355    1448.92    1448.92  0.000e+00
       1271     12.000     8.0144     8.0146     0.0002    0.89451    0.89451          1     7.3599     7.5974       9.96     0.0284  2.592e-12  1.000e-12  3.859e+01     7.6138     7.6138    -0.0000     5.8349     5.8349     11.891     12.152      0.470    1448.93    1448.93  0.000e+00
       1299     12.500     8.0141     8.0147     0.0006    0.89451    0.89452          1     7.3696     7.5920       9.96     0.0274  2.592e-12  1.000e-12  3.859e+01     7.6138     7.6138     0.0000     5.8349     5.8349     12.386     12.658      0.333    1448.94    1448.94  0.000e+00
       1388     13.000     8.0141     8.0150     0.0009    0.89452    0.89454          1     7.3630     7.5925       9.96     0.0279  2.592e-12  1.000e-12  3.859e+01     7.6139     7.6138    -0.0000     5.8350     5.8349     12.882     13.164      0.288    1448.94    1448.95  0.000e+00
       1424     13.500     8.0142     8.0148     0.0006    0.89452    0.89453          1     7.3663     7.5889       9.96     0.0274  2.592e-12  1.000e-12  3.859e+01     7.6138     7.6138    -0.0001     5.8349     5.8348     13.377     13.671      0.352    1448.95    1448.95  0.000e+00
       1486     14.000     8.0143     8.0152     0.0008    0.89454    0.89456          1     7.3654     7.5838       9.96     0.0275  2.582e-12  1.000e-12  3.873e+01     7.6139     7.6139     0.0001     5.8350     5.8349     13.872     14.177      0.227    1448.96    1448.96  0.000e+00
       1547     14.500     8.0164     8.0186     0.0022    0.89468    0.89478          1     7.3497     7.5888       9.96     0.0272  2.553e-12  1.000e-12  3.920e+01     7.6147     7.6151     0.0004     5.8354     5.8356     14.368     14.683      0.389    1448.98    1448.99  0.000e+00
       1573     15.000     8.0171     8.0206     0.0035    0.89473    0.89493          1     7.3596     7.5910       9.96     0.0268  2.489e-12  1.000e-12  4.019e+01     7.6149     7.6160     0.0010     5.8355     5.8361     14.863     15.189      0.454    1448.99    1449.00  0.000e+00
       1604     15.500     8.0194     8.0202     0.0008    0.89487    0.89485          1     7.3636     7.5911       9.96     0.0268  2.489e-12  1.000e-12  4.019e+01     7.6157     7.6153    -0.0003     5.8359     5.8356     15.359     15.696      0.291    1449.01    1449.01  0.000e+00
       1677     16.000     8.0200     8.0216     0.0016    0.89490    0.89494          1     7.3539     7.5910       9.96     0.0279  2.466e-12  1.000e-12  4.056e+01     7.6157     7.6158     0.0001     5.8359     5.8359     15.854     16.202      0.246    1449.02    1449.02  0.000e+00
       1721     16.500     8.0225     8.0211    -0.0014    0.89504    0.89491          1     7.3525     7.5825       9.96     0.0271  2.462e-12  1.000e-12  4.062e+01     7.6164     7.6155    -0.0009     5.8362     5.8357     16.350     16.708      0.386    1449.04    1449.03  0.000e+00
       1758     17.000     8.0223     8.0237     0.0014    0.89502    0.89508          1     7.3552     7.5838       9.96     0.0269  2.462e-12  1.000e-12  4.062e+01     7.6162     7.6164     0.0002     5.8361     5.8362     16.845     17.215      0.265    1449.04    1449.05  0.000e+00
       1840     17.500     8.0224     8.0230     0.0006    0.89504    0.89506          1     7.3511     7.5901       9.96     0.0269  2.462e-12  1.000e-12  4.062e+01     7.6163     7.6163    -0.0000     5.8362     5.8362     17.340     17.721      0.357    1449.05    1449.05  0.000e+00
       1866     18.000     8.0223     8.0230     0.0008    0.89506    0.89507          1     7.3580     7.5874       9.96     0.0269  2.462e-12  1.000e-12  4.062e+01     7.6164     7.6163    -0.0001     5.8363     5.8362     17.836     18.227      0.437    1449.06    1449.06  0.000e+00
       1896     18.500     8.0225     8.0230     0.0006    0.89506    0.89506          1     7.3804     7.5799       9.96     0.0277  2.462e-12  1.000e-12  4.062e+01     7.6164     7.6162    -0.0002     5.8362     5.8360     18.331     18.734      0.357    1449.07    1449.07  0.000e+00
       1936     19.000     8.0220     8.0221     0.0002    0.89503    0.89502          1     7.3664     7.5788       9.96     0.0269  2.462e-12  1.000e-12  4.062e+01     7.6161     7.6159    -0.0001     5.8361     5.8359     18.827     19.240      0.221    1449.07    1449.07  0.000e+00
       2013     19.500     8.0213     8.0212    -0.0001    0.89500    0.89498          1     7.3593     7.5927       9.96     0.0292  2.462e-12  1.000e-12  4.062e+01     7.6159     7.6158    -0.0002     5.8360     5.8359     19.322     19.746      0.273    1449.08    1449.08  0.000e+00
       2047     20.000     8.0206     8.0210     0.0003    0.89500    0.89503          1     7.3602     7.5887       9.96     0.0289  2.462e-12  1.000e-12  4.062e+01     7.6160     7.6162     0.0002     5.8361     5.8362     19.818     20.253      0.359    1449.08    1449.09  0.000e+00
       2096     20.500     8.0203     8.0203    -0.0001    0.89500    0.89495          1     7.3568     7.5867       9.96     0.0280  2.462e-12  1.000e-12  4.062e+01     7.6160     7.6156    -0.0005     5.8362     5.8358     20.313     20.759      0.225    1449.09    1449.09  0.000e+00
       2152     21.000     8.0186     8.0183    -0.0002    0.89487    0.89482          1     7.3667     7.5862       9.96     0.0281  2.462e-12  1.000e-12  4.062e+01     7.6151     7.6148    -0.0003     5.8356     5.8353     20.808     21.265      0.338    1449.09    1449.09  0.000e+00
       2186     21.500     8.0178     8.0182     0.0004    0.89481    0.89481          1     7.3653     7.5952       9.96     0.0287  2.462e-12  1.000e-12  4.062e+01     7.6147     7.6146    -0.0001     5.8354     5.8352     21.304     21.772      0.304    1449.10    1449.10  0.000e+00
       2230     22.000     8.0179     8.0178    -0.0001    0.89483    0.89477          1     7.3602     7.5915       9.96     0.0297  2.462e-12  1.000e-12  4.062e+01     7.6148     7.6143    -0.0005     5.8354     5.8350     21.799     22.278      0.291    1449.10    1449.10  0.000e+00
       2270     22.500     8.0176     8.0172    -0.0004    0.89480    0.89473          1     7.3511     7.5867       9.96     0.0282  2.462e-12  1.000e-12  4.062e+01     7.6145     7.6140    -0.0005     5.8352     5.8348     22.295     22.784      0.254    1449.11    1449.11  0.000e+00
       2345     23.000     8.0173     8.0176     0.0004    0.89479    0.89478          1     7.3629     7.5864       9.96     0.0292  2.439e-12  1.000e-12  4.101e+01     7.6144     7.6143    -0.0001     5.8352     5.8350     22.790     23.290      0.332    1449.12    1449.12  0.000e+00
       2370     23.500     8.0172     8.0177     0.0006    0.89478    0.89478          1     7.3673     7.5880       9.96     0.0280  2.391e-12  1.000e-12  4.185e+01     7.6144     7.6142    -0.0001     5.8351     5.8349     23.285     23.797      0.418    1449.12    1449.13  0.000e+00
       2435     24.000     8.0173     8.0182     0.0008    0.89481    0.89485          1     7.3675     7.5903       9.96     0.0290  2.353e-12  1.000e-12  4.250e+01     7.6145     7.6146     0.0002     5.8352     5.8352     23.781     24.303      0.273    1449.13    1449.14  0.000e+00
       2489     24.500     8.0175     8.0181     0.0006    0.89485    0.89496          1     7.3547     7.5898       9.96     0.0273  2.345e-12  1.000e-12  4.265e+01     7.6148     7.6157     0.0009     5.8354     5.8361     24.276     24.809      0.416    1449.14    1449.14  0.000e+00
       2522     25.000     8.0177     8.0179     0.0002    0.89494    0.89493          1     7.3552     7.5859       9.96     0.0283  2.345e-12  1.000e-12  4.265e+01     7.6155     7.6154    -0.0001     5.8360     5.8358     24.772     25.316      0.285    1449.15    1449.15  0.000e+00
       2576     25.500     8.0174     8.0174    -0.0001    0.89496    0.89496          1     7.3517     7.5843       9.96     0.0301  2.345e-12  1.000e-12  4.265e+01     7.6157     7.6157     0.0000     5.8361     5.8361     25.267     25.822      0.273    1449.16    1449.16  0.000e+00
       2611     26.000     8.0171     8.0179     0.0008    0.89496    0.89488          1     7.3543     7.5929       9.96     0.0291  2.345e-12  1.000e-12  4.265e+01     7.6157     7.6148    -0.0009     5.8361     5.8354     25.762     26.328      0.311    1449.17    1449.17  0.000e+00
       2680     26.500     8.0171     8.0184     0.0013    0.89497    0.89497          1     7.3709     7.5879       9.96     0.0293  2.345e-12  1.000e-12  4.265e+01     7.6158     7.6154    -0.0004     5.8362     5.8358     26.258     26.835      0.247    1449.17    1449.18  0.000e+00
       2726     27.000     8.0184     8.0195     0.0011    0.89512    0.89520          1     7.3779     7.5908       9.96     0.0277  2.345e-12  1.000e-12  4.265e+01     7.6168     7.6172     0.0005     5.8369     5.8371     26.753     27.341      0.391    1449.19    1449.19  0.000e+00
       2758     27.500     8.0187     8.0192     0.0005    0.89511    0.89510          1     7.3659     7.5871       9.96     0.0275  2.345e-12  1.000e-12  4.265e+01     7.6166     7.6163    -0.0002     5.8367     5.8365     27.249     27.847      0.303    1449.20    1449.20  0.000e+00
       2817     28.000     8.0187     8.0198     0.0012    0.89509    0.89514          1     7.3561     7.5877       9.96     0.0266  2.342e-12  1.000e-12  4.270e+01     7.6163     7.6165     0.0002     5.8365     5.8366     27.744     28.354      0.248    1449.20    1449.21  0.000e+00
