ctdpy/exports/archive_20191121_122431/received_data/SBE09_0827_20181122_1254_26_01_1223.cnv
* Sea-Bird SBE 9 Data File:
* FileName = D:\CTD_SBE911\DAT\26DA.2018.12.23.hex
* Software Version Seasave V 7.21d
* Temperature SN = 4548
* Conductivity SN = 3062
* Number of Bytes Per Scan = 48
* Number of Voltage Words = 5
* Number of Scans Averaged by the Deck Unit = 1
* NMEA Latitude = 57 19.45 N
* NMEA Longitude = 019 06.78 E
* NMEA UTC (Time) = Nov 22 2018  12:56:00
* NMEA baud rate = 4800
** Ship: DANA
** Average sound velocity: 1444.16 m/s
** True-depth calculation Tue, 02 Apr 2019 12:13:08 +0000
** CTD Python Module SMHI /ver 3-12/ feb 2012 
** LIMS Job: 20182601-1223
** Operator: Ronny
** Cruise: 12/2018
# nquan = 26
# nvalues = 146                         
# units = specified
# name 0 = scan: Scan Count
# name 1 = prDM: Pressure, Digiquartz [db]
# name 2 = t090C: Temperature [ITS-90, deg C]
# name 3 = t190C: Temperature, 2 [ITS-90, deg C]
# name 4 = T2-T190C: Temperature Difference, 2 - 1 [ITS-90, deg C]
# name 5 = c0S/m: Conductivity [S/m]
# name 6 = c1S/m: Conductivity, 2 [S/m]
# name 7 = pumps: Pump Status
# name 8 = sbeox1ML/L: Oxygen, SBE 43, 2 [ml/l]
# name 9 = sbeox0ML/L: Oxygen, SBE 43 [ml/l]
# name 10 = altM: Altimeter [m]
# name 11 = chloroflTC0: Chlorophyll, Turner Cyclops [ug/l]
# name 12 = cpar: CPAR/Corrected Irradiance [%]
# name 13 = par: PAR/Irradiance, Biospherical/Lico [µE/(cm^2*s)]
# name 14 = spar: SPAR, Biospherical/Licor
# name 15 = sal00: Salinity, Practical [PSU]
# name 16 = sal11: Salinity, Practical, 2 [PSU]
# name 17 = secS-priS: Salinity, Practical, Difference, 2 - 1 [PSU]
# name 18 = sigma-t00: Density [sigma-t, kg/m^3 ]
# name 19 = sigma-t11: Density, 2 [sigma-t, kg/m^3 ]
# name 20 = depSM: Depth [salt water, m], lat = 57.3242
# name 21 = depFM: Depth [true depth, m], lat = 57.3242
# name 22 = dz/dtM: Descent Rate [m/s], WS = 2
# name 23 = svCM: Sound Velocity [Chen-Millero, m/s]
# name 24 = svCM1: Sound Velocity, 2 [Chen-Millero, m/s]
# name 25 = flag: flag
# span 0 =        234,       7040       
# span 1 =      1.000,     73.500       
# span 2 =     3.8146,     8.3719       
# span 3 =     3.7988,     8.3730       
# span 4 =    -0.1968,     0.1090       
# span 5 =   0.783714,   1.047976       
# span 6 =   0.783038,   1.047965       
# span 7 =          1,          1       
# span 8 =     0.1381,     7.4872       
# span 9 =     0.1063,     7.7042       
# span 10 =       1.40,       9.99      
# span 11 =     0.0159,     0.0229      
# span 12 = -1.176e-10, 8.7833e+00      
# span 13 = -1.146e-10, 8.3836e+00      
# span 14 = 9.5449e+01, 9.9511e+01      
# span 15 =     7.1178,     9.7752      
# span 16 =     7.1183,     9.7745      
# span 17 =    -0.0007,     0.0393      
# span 18 =     5.4276,     7.7169      
# span 19 =     5.4283,     7.7163      
# span 20 =      0.991,     72.810      
# span 21 =      1.013,     74.426      
# span 22 =      0.200,      0.305      
# span 23 =    1431.37,    1450.15      
# span 24 =    1431.31,    1450.15      
# span 25 = 0.0000e+00, 0.0000e+00      
# interval = decibars: 0.5              
# start_time = Nov 22 2018 12:56:00 [NMEA time, first data scan]
# bad_flag = -9.990e-29
*END*
[from data line 56]
       2812     29.000     8.3394     8.3421     0.0026    0.85060    0.85067          1     7.4342     7.6584       9.96     0.0208  1.007e-12  1.000e-12  9.933e+01     7.1443     7.1444     0.0001     5.4404     5.4402     28.731     29.378      0.284    1449.94    1449.95  0.000e+00
       2856     29.500     8.3550     8.3582     0.0031    0.85161    0.85172          1     7.4241     7.6445       9.96     0.0211  1.005e-12  1.000e-12  9.950e+01     7.1502     7.1506     0.0004     5.4436     5.4437     29.226     29.885      0.252    1450.02    1450.03  0.000e+00
       2904     30.000     8.3626     8.3656     0.0030    0.85211    0.85220          1     7.4244     7.6435       9.96     0.0211  1.005e-12  1.000e-12  9.947e+01     7.1531     7.1534     0.0003     5.4452     5.4452     29.722     30.391      0.272    1450.06    1450.07  0.000e+00
       2946     30.500     8.3695     8.3710     0.0015    0.85256    0.85260          1     7.4156     7.6327       9.96     0.0212  1.005e-12  1.000e-12  9.951e+01     7.1558     7.1558     0.0000     5.4467     5.4466     30.217     30.898      0.285    1450.10    1450.11  0.000e+00
       2990     31.000     8.3711     8.3726     0.0014    0.85289    0.85296          1     7.4000     7.6318       9.96     0.0207  1.005e-12  1.000e-12  9.951e+01     7.1583     7.1587     0.0004     5.4486     5.4488     30.712     31.404      0.254    1450.12    1450.13  0.000e+00
       3038     31.500     8.3718     8.3730     0.0011    0.85305    0.85308          1     7.4047     7.6286       9.96     0.0207  1.005e-12  1.000e-12  9.951e+01     7.1596     7.1597     0.0001     5.4495     5.4495     31.207     31.911      0.264    1450.13    1450.14  0.000e+00
       3081     32.000     8.3719     8.3726     0.0007    0.85312    0.85315          1     7.4074     7.6263       9.96     0.0205  1.005e-12  1.000e-12  9.951e+01     7.1602     7.1603     0.0001     5.4500     5.4500     31.703     32.417      0.276    1450.14    1450.14  0.000e+00
       3126     32.500     8.3708     8.3709     0.0000    0.85329    0.85335          1     7.4045     7.6233       9.96     0.0216  1.005e-12  1.000e-12  9.951e+01     7.1618     7.1623     0.0005     5.4514     5.4518     32.198     32.924      0.258    1450.15    1450.15  0.000e+00
       3173     33.000     8.3603     8.3579    -0.0024    0.85352    0.85356          1     7.4071     7.6100       9.96     0.0203  1.005e-12  1.000e-12  9.951e+01     7.1660     7.1669     0.0009     5.4555     5.4564     32.693     33.430      0.264    1450.12    1450.11  0.000e+00
       3216     33.500     8.3421     8.3384    -0.0037    0.85358    0.85359          1     7.4132     7.6259       9.96     0.0200  1.005e-12  1.000e-12  9.951e+01     7.1701     7.1710     0.0009     5.4603     5.4613     33.189     33.937      0.278    1450.06    1450.04  0.000e+00
       3262     34.000     8.3158     8.3073    -0.0085    0.85330    0.85321          1     7.4098     7.6210       9.96     0.0205  1.005e-12  1.000e-12  9.951e+01     7.1729     7.1738     0.0009     5.4647     5.4661     33.684     34.443      0.251    1449.96    1449.93  0.000e+00
       3309     34.500     8.2440     8.2294    -0.0146    0.85203    0.85187          1     7.4201     7.6194       9.96     0.0198  1.005e-12  1.000e-12  9.951e+01     7.1760     7.1775     0.0015     5.4732     5.4756     34.179     34.950      0.267    1449.68    1449.62  0.000e+00
       3355     35.000     8.1925     8.1787    -0.0138    0.85102    0.85082          1     7.4330     7.6310       9.96     0.0195  1.005e-12  1.000e-12  9.951e+01     7.1773     7.1783     0.0010     5.4785     5.4804     34.675     35.456      0.246    1449.48    1449.43  0.000e+00
       3405     35.500     8.1479     8.1363    -0.0116    0.85022    0.85005          1     7.4212     7.6406       9.96     0.0196  1.005e-12  1.000e-12  9.951e+01     7.1790     7.1799     0.0008     5.4836     5.4852     35.170     35.963      0.245    1449.31    1449.26  0.000e+00
       3452     36.000     8.1350     8.1291    -0.0060    0.85004    0.84996          1     7.4245     7.6478       9.96     0.0195  1.005e-12  1.000e-12  9.951e+01     7.1800     7.1805     0.0005     5.4854     5.4863     35.665     36.469      0.257    1449.27    1449.24  0.000e+00
       3501     36.500     8.1300     8.1262    -0.0038    0.85001    0.84996          1     7.4258     7.6471       9.96     0.0205  1.005e-12  1.000e-12  9.951e+01     7.1806     7.1811     0.0004     5.4863     5.4870     36.161     36.976      0.236    1449.25    1449.24  0.000e+00
       3550     37.000     8.1247     8.1216    -0.0030    0.84997    0.84994          1     7.4275     7.6411       9.96     0.0198  1.005e-12  1.000e-12  9.951e+01     7.1814     7.1817     0.0003     5.4873     5.4878     36.656     37.482      0.258    1449.24    1449.23  0.000e+00
       3597     37.500     8.1194     8.1173    -0.0021    0.84993    0.84991          1     7.4260     7.6428       9.96     0.0197  1.005e-12  1.000e-12  9.951e+01     7.1820     7.1823     0.0003     5.4883     5.4887     37.151     37.989      0.248    1449.23    1449.22  0.000e+00
       3647     38.000     8.1156     8.1126    -0.0030    0.84991    0.84988          1     7.4254     7.6447       9.96     0.0196  1.005e-12  1.000e-12  9.951e+01     7.1826     7.1829     0.0003     5.4890     5.4895     37.647     38.495      0.245    1449.22    1449.21  0.000e+00
       3692     38.500     8.1100     8.1097    -0.0004    0.84986    0.84987          1     7.4240     7.6473       9.96     0.0202  1.005e-12  1.000e-12  9.951e+01     7.1832     7.1834     0.0002     5.4900     5.4901     38.142     39.002      0.270    1449.21    1449.21  0.000e+00
       3740     39.000     8.1072     8.1052    -0.0020    0.84985    0.84983          1     7.4084     7.6415       9.96     0.0196  1.005e-12  1.000e-12  9.951e+01     7.1836     7.1839     0.0003     5.4905     5.4909     38.637     39.508      0.244    1449.21    1449.20  0.000e+00
       3788     39.500     8.0988     8.0963    -0.0026    0.84973    0.84970          1     7.4090     7.6472       9.96     0.0196  1.005e-12  1.000e-12  9.951e+01     7.1842     7.1844     0.0002     5.4916     5.4920     39.132     40.015      0.258    1449.18    1449.17  0.000e+00
       3834     40.000     8.0928     8.0910    -0.0018    0.84963    0.84962          1     7.4054     7.6306       9.96     0.0195  1.005e-12  1.000e-12  9.951e+01     7.1845     7.1847     0.0002     5.4924     5.4927     39.628     40.521      0.265    1449.16    1449.16  0.000e+00
       3878     40.500     8.0859     8.0839    -0.0019    0.84953    0.84950          1     7.4129     7.6246       9.96     0.0195  1.005e-12  1.000e-12  9.951e+01     7.1849     7.1850     0.0002     5.4933     5.4936     40.123     41.028      0.263    1449.14    1449.14  0.000e+00
       3926     41.000     8.0792     8.0763    -0.0029    0.84938    0.84934          1     7.4129     7.6334       9.96     0.0199  1.005e-12  1.000e-12  9.951e+01     7.1848     7.1850     0.0002     5.4938     5.4942     40.618     41.534      0.256    1449.13    1449.11  0.000e+00
       3970     41.500     8.0638     8.0605    -0.0033    0.84909    0.84906          1     7.4205     7.6285       9.96     0.0199  1.005e-12  1.000e-12  9.951e+01     7.1853     7.1856     0.0004     5.4954     5.4959     41.114     42.041      0.285    1449.07    1449.06  0.000e+00
       4012     42.000     7.9772     7.9564    -0.0209    0.84791    0.84774          1     7.3878     7.5776       9.96     0.0195  1.005e-12  1.000e-12  9.951e+01     7.1922     7.1949     0.0028     5.5078     5.5116     41.609     42.547      0.282    1448.73    1448.65  0.000e+00
       4056     42.500     7.8769     7.8451    -0.0318    0.84678    0.84651          1     7.3460     7.5301       9.96     0.0195  1.005e-12  1.000e-12  9.951e+01     7.2024     7.2065     0.0041     5.5238     5.5295     42.104     43.053      0.263    1448.34    1448.22  0.000e+00
       4102     43.000     7.7292     7.6976    -0.0316    0.84477    0.84448          1     7.2900     7.4577       9.96     0.0191  1.005e-12  1.000e-12  9.951e+01     7.2144     7.2182     0.0039     5.5447     5.5502     42.600     43.560      0.261    1447.76    1447.63  0.000e+00
       4147     43.500     7.5735     7.5384    -0.0351    0.84260    0.84233          1     7.2607     7.4205       9.96     0.0190  1.005e-12  1.000e-12  9.951e+01     7.2266     7.2314     0.0047     5.5662     5.5725     43.095     44.066      0.262    1447.14    1447.00  0.000e+00
       4195     44.000     7.4302     7.3682    -0.0619    0.84140    0.84087          1     7.2035     7.3703       9.96     0.0188  1.005e-12  1.000e-12  9.951e+01     7.2452     7.2533     0.0081     5.5914     5.6022     43.590     44.573      0.252    1446.58    1446.33  0.000e+00
       4240     44.500     7.2621     7.2252    -0.0370    0.83954    0.83931          1     7.1751     7.3525       9.96     0.0186  1.005e-12  1.000e-12  9.951e+01     7.2631     7.2687     0.0056     5.6176     5.6246     44.085     45.079      0.274    1445.91    1445.76  0.000e+00
       4284     45.000     7.2055     7.1579    -0.0476    0.83894    0.83850          1     7.1718     7.3358       9.96     0.0183  1.005e-12  1.000e-12  9.951e+01     7.2693     7.2752     0.0059     5.6264     5.6344     44.581     45.586      0.265    1445.69    1445.50  0.000e+00
       4330     45.500     7.0153     6.9310    -0.0839    0.83589    0.83497          1     7.1175     7.2440       9.96     0.0184  1.005e-12  1.000e-12  9.951e+01     7.2808     7.2900     0.0092     5.6485     5.6614     45.076     46.092      0.261    1444.92    1444.57  0.000e+00
       4375     46.000     6.7411     6.6273    -0.1143    0.83208    0.83079          1     7.0552     7.1436       9.96     0.0180  1.005e-12  1.000e-12  9.951e+01     7.3030     7.3151     0.0121     5.6840     5.7007     45.571     46.598      0.274    1443.80    1443.33  0.000e+00
       4420     46.500     6.4236     6.2648    -0.1588    0.82682    0.82448          1     6.9825     7.1070       9.96     0.0173  1.005e-12  1.000e-12  9.951e+01     7.3209     7.3327     0.0118     5.7177     5.7362     46.066     47.105      0.258    1442.48    1441.82  0.000e+00
       4469     47.000     5.9671     5.7701    -0.1968    0.81769    0.81476          1     7.0622     7.1669       9.96     0.0171  1.005e-12  1.000e-12  9.951e+01     7.3317     7.3461     0.0144     5.7519     5.7735     46.562     47.611      0.240    1440.56    1439.73  0.000e+00
       4516     47.500     5.7235     5.6640    -0.0600    0.81569    0.81548          1     7.0326     7.1465       9.96     0.0171  1.005e-12  1.000e-12  9.951e+01     7.3653     7.3763     0.0110     5.7910     5.8026     47.057     48.118      0.264    1439.56    1439.31  0.000e+00
       4562     48.000     5.4068     5.2378    -0.1688    0.80915    0.80655          1     7.0558     7.1535       9.96     0.0170  1.005e-12  1.000e-12  9.951e+01     7.3709     7.3825     0.0117     5.8103     5.8270     47.552     48.624      0.257    1438.20    1437.48  0.000e+00
       4609     48.500     5.0690     4.9024    -0.1662    0.80337    0.80101          1     7.0743     7.1733       9.96     0.0162  1.005e-12  1.000e-12  9.951e+01     7.3885     7.4021     0.0136     5.8388     5.8561     48.048     49.130      0.255    1436.75    1436.04  0.000e+00
       4656     49.000     4.5941     4.4690    -0.1255    0.79353    0.79176          1     7.1069     7.2053       9.96     0.0161  1.005e-12  1.000e-12  9.951e+01     7.3963     7.4066     0.0103     5.8625     5.8747     48.543     49.637      0.262    1434.67    1434.13  0.000e+00
       4701     49.500     4.3315     4.2288    -0.1023    0.78865    0.78724          1     7.1004     7.2348       9.96     0.0159  1.005e-12  1.000e-12  9.951e+01     7.4062     7.4150     0.0088     5.8786     5.8885     49.038     50.143      0.257    1433.53    1433.08  0.000e+00
       4750     50.000     4.0730     3.9975    -0.0756    0.78371    0.78304          1     7.1441     7.3084       9.96     0.0159  1.005e-12  1.000e-12  9.951e+01     7.4144     7.4247     0.0102     5.8923     5.9024     49.533     50.649      0.246    1432.39    1432.06  0.000e+00
       4796     50.500     4.0722     4.0591    -0.0131    0.78647    0.78695          1     7.0577     7.2306       9.96     0.0159  1.005e-12  1.000e-12  9.951e+01     7.4426     7.4504     0.0078     5.9147     5.9213     50.029     51.155      0.273    1432.43    1432.38  0.000e+00
       4843     51.000     4.0083     3.9687    -0.0397    0.78619    0.78608          1     6.9639     7.1574       9.96     0.0159  1.005e-12  1.000e-12  9.951e+01     7.4542     7.4621     0.0079     5.9256     5.9328     50.524     51.662      0.239    1432.16    1431.99  0.000e+00
       4892     51.500     3.8977     3.8685    -0.0290    0.78516    0.78512          1     6.9460     7.1278       9.96     0.0159  1.005e-12  1.000e-12  9.951e+01     7.4689     7.4751     0.0062     5.9399     5.9455     51.019     52.168      0.265    1431.69    1431.57  0.000e+00
       4935     52.000     3.8638     3.8428    -0.0210    0.78575    0.78586          1     6.9269     7.0966       9.96     0.0159  1.005e-12  1.000e-12  9.951e+01     7.4826     7.4885     0.0059     5.9516     5.9568     51.515     52.674      0.274    1431.56    1431.48  0.000e+00
       4983     52.500     3.8146     3.7988    -0.0158    0.78621    0.78648          1     6.8510     7.0363       9.96     0.0159  1.005e-12  1.000e-12  9.951e+01     7.4985     7.5049     0.0064     5.9653     5.9708     52.010     53.180      0.238    1431.37    1431.31  0.000e+00
       5033     53.000     3.8194     3.8204     0.0010    0.78836    0.78895          1     6.7510     6.9331       9.96     0.0159  1.005e-12  1.000e-12  9.951e+01     7.5194     7.5252     0.0058     5.9819     5.9865     52.505     53.687      0.246    1431.43    1431.44  0.000e+00
       5081     53.500     3.8538     3.8499    -0.0039    0.79081    0.79125          1     6.5784     6.7818       9.96     0.0159  1.005e-12  1.000e-12  9.951e+01     7.5364     7.5418     0.0054     5.9946     5.9990     53.000     54.193      0.254    1431.61    1431.60  0.000e+00
       5130     54.000     4.0261     4.1353     0.1090    0.79800    0.80111          1     6.5306     6.7131       9.96     0.0159  1.005e-12  1.000e-12  9.951e+01     7.5699     7.5763     0.0063     6.0169     6.0189     53.496     54.699      0.238    1432.44    1432.93  0.000e+00
       5178     54.500     4.3751     4.4041     0.0292    0.80905    0.81004          1     6.2359     6.3942       9.96     0.0159  1.005e-12  1.000e-12  9.951e+01     7.6014     7.6047     0.0033     6.0323     6.0340     53.991     55.205      0.258    1434.05    1434.18  0.000e+00
       5224     55.000     4.3834     4.3860     0.0028    0.80943    0.80953          1     6.1910     6.3408       9.96     0.0159  1.005e-12  1.000e-12  9.951e+01     7.6033     7.6036     0.0003     6.0335     6.0337     54.486     55.712      0.257    1434.10    1434.11  0.000e+00
       5273     55.500     4.3758     4.3777     0.0020    0.80915    0.80922          1     6.2092     6.3587       9.96     0.0159  1.005e-12  1.000e-12  9.951e+01     7.6020     7.6023     0.0003     6.0327     6.0329     54.981     56.218      0.239    1434.07    1434.08  0.000e+00
       5322     56.000     4.3758     4.3819     0.0060    0.80920    0.80939          1     6.2136     6.3739       9.96     0.0159  1.005e-12  1.000e-12  9.951e+01     7.6026     7.6030     0.0005     6.0331     6.0333     55.477     56.724      0.248    1434.08    1434.11  0.000e+00
