ctdpy/exports/archive_20191121_122431/received_data/SBE09_1044_20181108_1217_34_01_0117.cnv
* Sea-Bird SBE 9 Data File:
* FileName = C:\ctd\temp\ar18d117.hex
* Software Version Seasave V 7.26.7.107
* Temperature SN = 5351
* Conductivity SN = 3941
* Number of Bytes Per Scan = 30
* Number of Voltage Words = 4
* Number of Scans Averaged by the Deck Unit = 1
* NMEA Latitude = 59 50.80 N
* NMEA Longitude = 024 50.26 E
* NMEA UTC (Time) = Nov 08 2018 12:17:10
* NMEA baud rate = 4800
** Station:  BY23
** Operator:  JKro
** Ship: ARANDA
** Average sound velocity: 1449.63 m/s
** True-depth calculation Thu, 08 Nov 2018 17:14:36 +0000
** CTD Python Module SMHI /ver 3-12/ feb 2012 
** LIMS Job: 20183401-0117
** Cruise: SMHI-6-2018
** Latitude [GG MM.mm N]:
** Longitude [GG MM.mm E]
# nquan = 26
# nvalues = 192                         
# units = specified
# name 0 = scan: Scan Count
# name 1 = prDM: Pressure, Digiquartz [db]
# name 2 = t090C: Temperature [ITS-90, deg C]
# name 3 = t190C: Temperature, 2 [ITS-90, deg C]
# name 4 = T2-T190C: Temperature Difference, 2 - 1 [ITS-90, deg C]
# name 5 = c0S/m: Conductivity [S/m]
# name 6 = c1S/m: Conductivity, 2 [S/m]
# name 7 = pumps: Pump Status
# name 8 = sbeox0ML/L: Oxygen, SBE 43 [ml/l]
# name 9 = sbeox1ML/L: Oxygen, SBE 43, 2 [ml/l]
# name 10 = altM: Altimeter [m]
# name 11 = flECO-AFL: Chl-a Fluorescence, WET Labs ECO-AFL/FL [mg/m^3]
# name 12 = flECO-AFL1: Phycocyanin Fluorescence, WET Labs ECO-AFL/FL, 2 [mg/m^3]
# name 13 = par: PAR/Irradiance, Biospherical/Lico [µE/(cm^2*s)]
# name 14 = turbWETntu0: Turbidity, WET Labs ECO [NTU]
# name 15 = sal00: Salinity, Practical [PSU]
# name 16 = sal11: Salinity, Practical, 2 [PSU]
# name 17 = secS-priS: Salinity, Practical, Difference, 2 - 1 [PSU]
# name 18 = sigma-t00: Density [sigma-t, Kg/m^3 ]
# name 19 = sigma-t11: Density, 2 [sigma-t, Kg/m^3 ]
# name 20 = depSM: Depth [salt water, m], lat = 59.8467
# name 21 = depFM: Depth [true depth, m], lat = 59.8467
# name 22 = dz/dtM: Descent Rate [m/s], WS = 2
# name 23 = svCM: Sound Velocity [Chen-Millero, m/s]
# name 24 = svCM1: Sound Velocity, 2 [Chen-Millero, m/s]
# name 25 = flag: flag
# span 0 =      23259,      28561       
# span 1 =      0.500,     96.000       
# span 2 =     6.0765,     9.4900       
# span 3 =     6.0776,     9.4917       
# span 4 =    -0.0192,     0.0113       
# span 5 =   0.739415,   1.136707       
# span 6 =   0.739365,   1.136785       
# span 7 =          1,          1       
# span 8 =    0.05933,    7.10179       
# span 9 =    0.10061,    6.84337       
# span 10 =       4.44,      97.68      
# span 11 =     0.3978,     1.1300      
# span 12 =     0.1699,     0.3793      
# span 13 = 1.0000e-12, 6.3824e+01      
# span 14 =     0.2893,     8.1802      
# span 15 =     5.9944,    10.4130      
# span 16 =     5.9940,    10.4135      
# span 17 =    -0.0121,     0.0027      
# span 18 =     4.4569,     8.1736      
# span 19 =     4.4591,     8.1739      
# span 20 =      0.495,     95.074      
# span 21 =      0.507,     97.220      
# span 22 =      0.123,      0.798      
# span 23 =    1445.60,    1453.26      
# span 24 =    1445.61,    1453.26      
# span 25 = 0.0000e+00, 0.0000e+00      
# interval = decibars: 0.5              
# start_time = Nov 08 2018 12:17:10 [NMEA time, header]
# bad_flag = -9.990e-29
*END*
[from data line 168]
      27617     84.500     6.1240     6.1260     0.0020    1.13051    1.13052          1     0.1171     0.2176      16.61     0.5447     0.3365  1.000e-12  7.6197000    10.3391    10.3386    -0.0005     8.1124     8.1118     83.687     85.602      0.566    1445.62    1445.62  0.000e+00
      27638     85.000     6.1162     6.1193     0.0031    1.13150    1.13135          1     0.1213     0.2115      16.08     0.5475     0.3272  1.000e-12  7.7693000    10.3511    10.3487    -0.0025     8.1223     8.1202     84.182     86.107      0.553    1445.60    1445.62  0.000e+00
      27660     85.500     6.1100     6.1132     0.0032    1.13231    1.13215          1     0.1212     0.1983      15.43     0.5447     0.3450  1.000e-12  7.9262000    10.3609    10.3584    -0.0025     8.1304     8.1283     84.677     86.612      0.506    1445.60    1445.61  0.000e+00
      27686     86.000     6.1071     6.1093     0.0022    1.13269    1.13265          1     0.1135     0.1990      14.80     0.5339     0.3421  1.000e-12  8.0538000    10.3655    10.3645    -0.0010     8.1342     8.1333     85.172     87.117      0.448    1445.60    1445.61  0.000e+00
      27713     86.500     6.1049     6.1074     0.0025    1.13298    1.13290          1     0.1072     0.2044      14.40     0.5412     0.3224  1.000e-12  7.9579000    10.3689    10.3674    -0.0015     8.1370     8.1357     85.668     87.623      0.472    1445.60    1445.61  0.000e+00
      27737     87.000     6.1037     6.1062     0.0026    1.13316    1.13306          1     0.1031     0.1914      14.00     0.5459     0.3212  1.000e-12  7.9577000    10.3711    10.3693    -0.0018     8.1388     8.1372     86.163     88.128      0.519    1445.61    1445.62  0.000e+00
      27760     87.500     6.1024     6.1053     0.0029    1.13338    1.13322          1     0.1004     0.1832      13.47     0.5475     0.3041  1.000e-12  8.0082000    10.3734    10.3710    -0.0024     8.1408     8.1387     86.658     88.633      0.529    1445.62    1445.62  0.000e+00
      27782     88.000     6.1032     6.1054     0.0022    1.13327    1.13323          1     0.0997     0.1750      13.01     0.5305     0.2697  1.000e-12  8.0146000    10.3721    10.3711    -0.0011     8.1397     8.1387     87.153     89.138      0.555    1445.62    1445.63  0.000e+00
      27803     88.500     6.0993     6.1023     0.0030    1.13374    1.13361          1     0.0956     0.1659      12.50     0.5657     0.3235  1.000e-12  7.9864000    10.3778    10.3756    -0.0022     8.1444     8.1425     87.648     89.643      0.575    1445.62    1445.63  0.000e+00
      27824     89.000     6.0965     6.0991     0.0026    1.13406    1.13396          1     0.0890     0.1665      11.96     0.5655     0.3227  1.000e-12  8.0581000    10.3817    10.3800    -0.0018     8.1477     8.1461     88.143     90.148      0.539    1445.62    1445.63  0.000e+00
      27848     89.500     6.0958     6.0980     0.0022    1.13417    1.13413          1     0.0863     0.1680      11.44     0.5395     0.3219  1.000e-12  8.0054000    10.3830    10.3819    -0.0010     8.1487     8.1477     88.638     90.654      0.475    1445.63    1445.64  0.000e+00
      27874     90.000     6.0932     6.0958     0.0026    1.13448    1.13440          1     0.0862     0.1589      10.83     0.5383     0.3529  1.000e-12  8.0035000    10.3867    10.3852    -0.0016     8.1518     8.1504     89.133     91.159      0.465    1445.63    1445.64  0.000e+00
      27900     90.500     6.0920     6.0938     0.0018    1.13466    1.13466          1     0.0899     0.1537      10.22     0.5319     0.3371  1.000e-12  8.1402000    10.3889    10.3882    -0.0006     8.1536     8.1530     89.628     91.664      0.461    1445.64    1445.65  0.000e+00
      27927     91.000     6.0911     6.0925     0.0014    1.13478    1.13481          1     0.0831     0.1494       9.65     0.5289     0.3541  1.000e-12  8.0588000    10.3902    10.3900    -0.0002     8.1547     8.1545     90.123     92.169      0.433    1445.64    1445.65  0.000e+00
      27955     91.500     6.0900     6.0935     0.0034    1.13494    1.13474          1     0.0818     0.1462       9.31     0.5394     0.3435  1.000e-12  8.0339000    10.3920    10.3890    -0.0031     8.1562     8.1535     90.618     92.674      0.413    1445.65    1445.66  0.000e+00
      27987     92.000     6.0893     6.0916     0.0023    1.13503    1.13497          1     0.0740     0.1441       8.72     0.5478     0.2738  1.000e-12  8.0114000    10.3931    10.3917    -0.0013     8.1570     8.1559     91.113     93.179      0.330    1445.66    1445.66  0.000e+00
      28031     92.500     6.0865     6.0889     0.0023    1.13537    1.13531          1     0.0818     0.1397       8.11     0.5343     0.2975  1.000e-12  8.0256000    10.3972    10.3959    -0.0013     8.1605     8.1593     91.608     93.684      0.238    1445.66    1445.67  0.000e+00
      28085     93.000     6.0839     6.0860     0.0021    1.13569    1.13568          1     0.0727     0.1374       7.58     0.5337     0.3241  1.000e-12  8.0824000    10.4011    10.4003    -0.0007     8.1637     8.1630     92.104     94.190      0.247    1445.66    1445.67  0.000e+00
      28132     93.500     6.0824     6.0838     0.0014    1.13590    1.13591          1     0.0721     0.1315       7.09     0.5460     0.3097  1.000e-12  8.1802000    10.4035    10.4032    -0.0002     8.1657     8.1654     92.599     94.695      0.223    1445.66    1445.67  0.000e+00
      28208     94.000     6.0827     6.0846     0.0020    1.13588    1.13584          1     0.0703     0.1200       6.50     0.5457     0.2683  1.000e-12  7.8837000    10.4032    10.4022    -0.0010     8.1654     8.1645     93.094     95.200      0.174    1445.67    1445.68  0.000e+00
      28295     94.500     6.0789     6.0817     0.0028    1.13640    1.13627          1     0.0700     0.1167       5.95     0.5386     0.3073  1.000e-12  7.8021000    10.4094    10.4072    -0.0021     8.1705     8.1687     93.589     95.705      0.207    1445.67    1445.68  0.000e+00
      28351     95.000     6.0765     6.0776     0.0011    1.13671    1.13678          1     0.0618     0.1093       5.63     0.5572     0.3112  1.000e-12  8.0971000    10.4130    10.4135     0.0004     8.1736     8.1739     94.084     96.210      0.220    1445.67    1445.68  0.000e+00
      28463     95.500     6.0778     6.0800     0.0022    1.13658    1.13663          1     0.0593     0.1074       4.99     0.5409     0.3215  1.000e-12  7.7335000    10.4113    10.4111    -0.0002     8.1721     8.1719     94.579     96.715      0.194    1445.69    1445.69  0.000e+00
      28561     96.000     6.0771     6.0790     0.0019    1.13664    1.13667          1     0.0594     0.1006       4.44     0.5230     0.3219  1.000e-12  7.7310000    10.4120    10.4117    -0.0003     8.1727     8.1723     95.074     97.220      0.152    1445.69    1445.70  0.000e+00
