ctdpy/exports/archive_20191121_122431/received_data/SBE09_0827_20180303_0738_26_01_0351.cnv
* Sea-Bird SBE 9 Data File:
* FileName = D:\CTD_SBE911\DAT\26DA.2018.3.51.hex
* Software Version Seasave V 7.21d
* Temperature SN = 034757
* Conductivity SN = 041844
* Number of Bytes Per Scan = 48
* Number of Voltage Words = 5
* Number of Scans Averaged by the Deck Unit = 1
* NMEA Latitude = 56 38.69 N
* NMEA Longitude = 017 00.72 E
* NMEA UTC (Time) = Mar 03 2018  07:38:43
* NMEA baud rate = 4800
** Ship: DANA
** Average sound velocity: 1426.13 m/s
** True-depth calculation Tue, 02 Apr 2019 12:09:52 +0000
** CTD Python Module SMHI /ver 3-12/ feb 2012 
** LIMS Job: 20182601-0351
** Operator:
** Cruise: 02/2018
# nquan = 26
# nvalues = 126                         
# units = specified
# name 0 = scan: Scan Count
# name 1 = prDM: Pressure, Digiquartz [db]
# name 2 = t090C: Temperature [ITS-90, deg C]
# name 3 = t190C: Temperature, 2 [ITS-90, deg C]
# name 4 = T2-T190C: Temperature Difference, 2 - 1 [ITS-90, deg C]
# name 5 = c0S/m: Conductivity [S/m]
# name 6 = c1S/m: Conductivity, 2 [S/m]
# name 7 = pumps: Pump Status
# name 8 = sbeox1ML/L: Oxygen, SBE 43, 2 [ml/l]
# name 9 = sbeox0ML/L: Oxygen, SBE 43 [ml/l]
# name 10 = altM: Altimeter [m]
# name 11 = chloroflTC0: Chlorophyll, Turner Cyclops [ug/l]
# name 12 = cpar: CPAR/Corrected Irradiance [%]
# name 13 = par: PAR/Irradiance, Biospherical/Lico [µE/(cm^2*s)]
# name 14 = spar: SPAR, Biospherical/Licor
# name 15 = sal00: Salinity, Practical [PSU]
# name 16 = sal11: Salinity, Practical, 2 [PSU]
# name 17 = secS-priS: Salinity, Practical, Difference, 2 - 1 [PSU]
# name 18 = sigma-t00: Density [sigma-t, kg/m^3 ]
# name 19 = sigma-t11: Density, 2 [sigma-t, kg/m^3 ]
# name 20 = depSM: Depth [salt water, m], lat = 56.6448
# name 21 = depFM: Depth [true depth, m], lat = 56.6448
# name 22 = dz/dtM: Descent Rate [m/s], WS = 2
# name 23 = svCM: Sound Velocity [Chen-Millero, m/s]
# name 24 = svCM1: Sound Velocity, 2 [Chen-Millero, m/s]
# name 25 = flag: flag
# span 0 =         59,       6244       
# span 1 =      1.000,     63.500       
# span 2 =     2.7933,     2.8180       
# span 3 =     2.7915,     2.8171       
# span 4 =    -0.0100,     0.0040       
# span 5 =   0.742377,   0.743515       
# span 6 =   0.741666,   0.742838       
# span 7 =          1,          1       
# span 8 =     8.5781,     8.6252       
# span 9 =     8.5023,     8.5423       
# span 10 =       1.32,       9.99      
# span 11 =     0.0115,     0.0183      
# span 12 = 5.1832e-13, 9.4392e+00      
# span 13 = 1.0000e-12, 1.9169e+01      
# span 14 = 1.8276e+02, 2.0308e+02      
# span 15 =     7.2829,     7.2842      
# span 16 =     7.2756,     7.2771      
# span 17 =    -0.0075,    -0.0062      
# span 18 =     5.8076,     5.8087      
# span 19 =     5.8017,     5.8031      
# span 20 =      0.991,     62.909      
# span 21 =      1.013,     64.304      
# span 22 =     -0.126,      0.571      
# span 23 =    1425.68,    1426.67      
# span 24 =    1425.65,    1426.65      
# span 25 = 0.0000e+00, 0.0000e+00      
# interval = decibars: 0.5              
# start_time = Mar 03 2018 07:38:44 [NMEA time, first data scan]
# bad_flag = -9.990e-29
*END*
         59      1.000     2.8180     2.8171    -0.0008    0.74279    0.74209          1     8.6159     8.5149       9.99     0.0129  9.439e+00  1.917e+01  2.031e+02     7.2829     7.2757    -0.0072     5.8076     5.8018      0.991      1.013      0.249    1425.72    1425.71  0.000e+00
        161      1.500     2.8165     2.8160    -0.0005    0.74277    0.74205          1     8.5932     8.5316       9.99     0.0123  8.694e+00  1.766e+01  2.031e+02     7.2830     7.2756    -0.0074     5.8076     5.8017      1.486      1.519      0.329    1425.72    1425.71  0.000e+00
        270      2.000     2.8156     2.8169     0.0013    0.74275    0.74208          1     8.5935     8.5327       9.99     0.0120  6.932e+00  1.408e+01  2.031e+02     7.2829     7.2756    -0.0073     5.8076     5.8017      1.982      2.025      0.276    1425.73    1425.72  0.000e+00
        339      2.500     2.8126     2.8147     0.0021    0.74269    0.74207          1     8.6066     8.5303       9.99     0.0122  6.223e+00  1.264e+01  2.031e+02     7.2829     7.2759    -0.0070     5.8076     5.8020      2.477      2.532      0.406    1425.72    1425.72  0.000e+00
        368      3.000     2.8103     2.8100    -0.0002    0.74266    0.74196          1     8.6120     8.5283       9.98     0.0122  5.277e+00  1.072e+01  2.031e+02     7.2830     7.2758    -0.0072     5.8077     5.8019      2.973      3.038      0.311    1425.72    1425.71  0.000e+00
        451      3.500     2.8110     2.8119     0.0008    0.74268    0.74202          1     8.5781     8.5374       9.98     0.0122  4.686e+00  9.517e+00  2.031e+02     7.2830     7.2758    -0.0072     5.8077     5.8019      3.468      3.544      0.358    1425.73    1425.72  0.000e+00
        476      4.000     2.8118     2.8101    -0.0017    0.74271    0.74199          1     8.5847     8.5391       9.98     0.0122  4.190e+00  8.508e+00  2.031e+02     7.2831     7.2759    -0.0071     5.8077     5.8021      3.963      4.051      0.493    1425.74    1425.72  0.000e+00
        517      4.500     2.8079     2.7978    -0.0100    0.74262    0.74181          1     8.6061     8.5365       9.98     0.0122  3.567e+00  7.244e+00  2.031e+02     7.2830     7.2768    -0.0062     5.8077     5.8028      4.459      4.557      0.312    1425.73    1425.67  0.000e+00
        582      5.000     2.7957     2.7915    -0.0042    0.74240    0.74167          1     8.6070     8.5306       9.97     0.0122  3.187e+00  6.471e+00  2.031e+02     7.2834     7.2766    -0.0068     5.8081     5.8027      4.954      5.063      0.433    1425.68    1425.65  0.000e+00
        605      5.500     2.7934     2.7931    -0.0003    0.74238    0.74169          1     8.6018     8.5279       9.97     0.0122  2.845e+00  5.779e+00  2.031e+02     7.2835     7.2764    -0.0072     5.8082     5.8025      5.450      5.570      0.410    1425.68    1425.67  0.000e+00
        694      6.000     2.7972     2.7980     0.0008    0.74247    0.74180          1     8.5890     8.5420       9.97     0.0122  2.486e+00  5.049e+00  2.031e+02     7.2836     7.2763    -0.0073     5.8083     5.8024      5.945      6.076      0.379    1425.70    1425.70  0.000e+00
        724      6.500     2.7983     2.7976    -0.0008    0.74251    0.74180          1     8.5884     8.5423       9.97     0.0119  2.331e+00  4.734e+00  2.031e+02     7.2837     7.2763    -0.0073     5.8083     5.8025      6.440      6.582      0.555    1425.72    1425.70  0.000e+00
        748      7.000     2.7984     2.7967    -0.0018    0.74251    0.74178          1     8.5939     8.5352       9.97     0.0115  2.039e+00  4.141e+00  2.031e+02     7.2836     7.2763    -0.0072     5.8082     5.8024      6.936      7.089      0.365    1425.73    1425.71  0.000e+00
        837      7.500     2.7965     2.7962    -0.0004    0.74248    0.74178          1     8.6098     8.5210       9.96     0.0123  1.843e+00  3.743e+00  2.031e+02     7.2836     7.2763    -0.0073     5.8082     5.8024      7.431      7.595      0.355    1425.72    1425.71  0.000e+00
        857      8.000     2.7968     2.7964    -0.0004    0.74249    0.74179          1     8.5975     8.5260       9.96     0.0122  1.661e+00  3.374e+00  2.031e+02     7.2836     7.2763    -0.0073     5.8083     5.8024      7.927      8.101      0.570    1425.73    1425.72  0.000e+00
        878      8.500     2.7968     2.7954    -0.0015    0.74250    0.74178          1     8.5972     8.5225       9.96     0.0122  1.444e+00  2.933e+00  2.031e+02     7.2836     7.2764    -0.0072     5.8083     5.8025      8.422      8.608      0.490    1425.74    1425.72  0.000e+00
        955      9.000     2.7949     2.7937    -0.0012    0.74248    0.74177          1     8.6037     8.5179       9.96     0.0115  1.315e+00  2.659e+00  2.022e+02     7.2838     7.2767    -0.0071     5.8084     5.8027      8.917      9.114      0.366    1425.74    1425.72  0.000e+00
       1010      9.500     2.7933     2.7925    -0.0008    0.74246    0.74176          1     8.6011     8.5296       9.96     0.0122  1.235e+00  2.482e+00  2.010e+02     7.2839     7.2767    -0.0071     5.8085     5.8028      9.413      9.620      0.571    1425.74    1425.73  0.000e+00
       1033     10.000     2.7934     2.7930    -0.0004    0.74247    0.74177          1     8.6038     8.5339       9.96     0.0163  1.058e+00  2.127e+00  2.011e+02     7.2839     7.2766    -0.0073     5.8085     5.8027      9.908     10.127      0.403    1425.75    1425.74  0.000e+00
       1118     10.500     2.7941     2.7940    -0.0000    0.74249    0.74179          1     8.6097     8.5308       9.96     0.0182  9.376e-01  1.885e+00  2.011e+02     7.2839     7.2765    -0.0074     5.8085     5.8026     10.404     10.633      0.323    1425.76    1425.75  0.000e+00
       1148     11.000     2.7943     2.7959     0.0015    0.74248    0.74182          1     8.6119     8.5349       9.95     0.0183  8.604e-01  1.730e+00  2.011e+02     7.2837     7.2763    -0.0073     5.8083     5.8024     10.899     11.139      0.472    1425.77    1425.77  0.000e+00
       1175     11.500     2.7963     2.7976     0.0012    0.74253    0.74185          1     8.6200     8.5305       9.95     0.0183  7.687e-01  1.546e+00  2.011e+02     7.2837     7.2762    -0.0075     5.8083     5.8024     11.394     11.646      0.376    1425.79    1425.78  0.000e+00
       1224     12.000     2.7994     2.8013     0.0019    0.74260    0.74193          1     8.6148     8.5408       9.95     0.0176  6.625e-01  1.332e+00  2.011e+02     7.2837     7.2762    -0.0074     5.8083     5.8023     11.890     12.152      0.185    1425.81    1425.81  0.000e+00
       1290     12.500     2.8018     2.8013    -0.0005    0.74265    0.74196          1     8.6109     8.5341       9.95     0.0177  5.907e-01  1.188e+00  2.011e+02     7.2836     7.2764    -0.0072     5.8082     5.8024     12.385     12.658      0.210    1425.83    1425.82  0.000e+00
       1342     13.000     2.7977     2.7961    -0.0016    0.74257    0.74186          1     8.6143     8.5234       9.95     0.0177  5.300e-01  1.066e+00  2.011e+02     7.2836     7.2764    -0.0072     5.8082     5.8025     12.881     13.165      0.257    1425.82    1425.80  0.000e+00
       1388     13.500     2.7972     2.7960    -0.0013    0.74257    0.74186          1     8.6252     8.5215       9.95     0.0178  4.732e-01  9.514e-01  2.011e+02     7.2836     7.2764    -0.0072     5.8082     5.8025     13.376     13.671      0.267    1425.82    1425.81  0.000e+00
       1431     14.000     2.7963     2.7935    -0.0028    0.74256    0.74183          1     8.6167     8.5232       9.95     0.0181  4.254e-01  8.552e-01  2.011e+02     7.2836     7.2766    -0.0070     5.8083     5.8027     13.871     14.177      0.277    1425.82    1425.80  0.000e+00
       1476     14.500     2.7949     2.7929    -0.0019    0.74255    0.74183          1     8.6095     8.5271       9.95     0.0176  3.810e-01  7.608e-01  1.997e+02     7.2837     7.2767    -0.0071     5.8084     5.8027     14.367     14.684      0.265    1425.83    1425.81  0.000e+00
       1519     15.000     2.7945     2.7933    -0.0013    0.74255    0.74184          1     8.6063     8.5281       9.95     0.0175  3.410e-01  6.788e-01  1.991e+02     7.2838     7.2766    -0.0072     5.8084     5.8027     14.862     15.190      0.263    1425.83    1425.82  0.000e+00
       1575     15.500     2.7942     2.7930    -0.0012    0.74255    0.74185          1     8.6042     8.5390       9.95     0.0173  3.004e-01  5.978e-01  1.990e+02     7.2839     7.2767    -0.0072     5.8085     5.8027     15.358     15.696      0.211    1425.84    1425.82  0.000e+00
       1626     16.000     2.7933     2.7915    -0.0018    0.74255    0.74182          1     8.6069     8.5307       9.95     0.0171  2.655e-01  5.284e-01  1.990e+02     7.2839     7.2767    -0.0072     5.8085     5.8027     15.853     16.202      0.238    1425.84    1425.83  0.000e+00
       1679     16.500     2.7940     2.7942     0.0002    0.74256    0.74187          1     8.6000     8.5340       9.95     0.0171  2.361e-01  4.700e-01  1.990e+02     7.2839     7.2766    -0.0073     5.8085     5.8026     16.348     16.709      0.249    1425.85    1425.85  0.000e+00
       1722     17.000     2.7950     2.7946    -0.0003    0.74259    0.74189          1     8.6005     8.5260       9.95     0.0173  2.026e-01  4.032e-01  1.990e+02     7.2839     7.2765    -0.0073     5.8085     5.8026     16.844     17.215      0.264    1425.87    1425.85  0.000e+00
       1775     17.500     2.7961     2.7958    -0.0003    0.74262    0.74192          1     8.6043     8.5234       9.95     0.0171  1.782e-01  3.540e-01  1.986e+02     7.2839     7.2766    -0.0073     5.8085     5.8026     17.339     17.721      0.235    1425.88    1425.87  0.000e+00
       1814     18.000     2.7964     2.7962    -0.0002    0.74264    0.74194          1     8.6027     8.5175       9.95     0.0173  1.597e-01  3.147e-01  1.971e+02     7.2839     7.2766    -0.0073     5.8085     5.8027     17.834     18.228      0.371    1425.89    1425.88  0.000e+00
       1849     18.500     2.7962     2.7956    -0.0007    0.74265    0.74194          1     8.6104     8.5301       9.95     0.0167  1.310e-01  2.582e-01  1.970e+02     7.2840     7.2767    -0.0073     5.8086     5.8028     18.330     18.734      0.268    1425.90    1425.88  0.000e+00
       1926     19.000     2.7961     2.7953    -0.0008    0.74265    0.74194          1     8.6160     8.5196       9.95     0.0167  1.132e-01  2.231e-01  1.970e+02     7.2839     7.2767    -0.0072     5.8085     5.8027     18.825     19.240      0.241    1425.90    1425.89  0.000e+00
       1971     19.500     2.7962     2.7959    -0.0004    0.74266    0.74196          1     8.6114     8.5300       9.95     0.0170  9.558e-02  1.877e-01  1.963e+02     7.2839     7.2767    -0.0072     5.8085     5.8027     19.321     19.747      0.349    1425.91    1425.90  0.000e+00
       2004     20.000     2.7967     2.7964    -0.0003    0.74267    0.74197          1     8.6094     8.5353       9.95     0.0159  7.651e-02  1.495e-01  1.954e+02     7.2839     7.2766    -0.0073     5.8085     5.8027     19.816     20.253      0.326    1425.92    1425.91  0.000e+00
       2062     20.500     2.7974     2.7964    -0.0009    0.74268    0.74198          1     8.6067     8.5274       9.95     0.0165  5.902e-02  1.151e-01  1.949e+02     7.2838     7.2765    -0.0073     5.8084     5.8026     20.311     20.759      0.224    1425.93    1425.92  0.000e+00
       2117     21.000     2.7972     2.7966    -0.0006    0.74269    0.74200          1     8.6048     8.5316       9.95     0.0168  4.826e-02  9.409e-02  1.950e+02     7.2838     7.2767    -0.0071     5.8084     5.8027     20.807     21.266      0.409    1425.94    1425.93  0.000e+00
       2141     21.500     2.7969     2.7960    -0.0010    0.74270    0.74199          1     8.6086     8.5224       9.95     0.0159  3.455e-02  6.736e-02  1.950e+02     7.2839     7.2767    -0.0072     5.8085     5.8028     21.302     21.772      0.433    1425.95    1425.93  0.000e+00
       2198     22.000     2.7967     2.7961    -0.0006    0.74269    0.74199          1     8.6181     8.5232       9.95     0.0159  1.983e-02  3.854e-02  1.943e+02     7.2838     7.2765    -0.0073     5.8084     5.8026     21.797     22.278      0.254    1425.95    1425.94  0.000e+00
       2261     22.500     2.7959     2.7952    -0.0007    0.74267    0.74197          1     8.6160     8.5208       9.95     0.0159  1.030e-02  1.986e-02  1.929e+02     7.2837     7.2765    -0.0072     5.8083     5.8026     22.293     22.785      0.370    1425.96    1425.94  0.000e+00
       2293     23.000     2.7963     2.7971     0.0008    0.74268    0.74201          1     8.6122     8.5233       9.95     0.0159  1.291e-03  2.490e-03  1.929e+02     7.2837     7.2764    -0.0073     5.8083     5.8025     22.788     23.291      0.308    1425.96    1425.96  0.000e+00
       2347     23.500     2.7974     2.7957    -0.0017    0.74271    0.74199          1     8.6134     8.5346       9.95     0.0159  3.424e-05  6.606e-05  1.929e+02     7.2836     7.2765    -0.0072     5.8083     5.8026     23.284     23.797      0.221    1425.98    1425.96  0.000e+00
       2393     24.000     2.7979     2.7994     0.0015    0.74272    0.74206          1     8.6140     8.5357       9.95     0.0162  5.183e-13  1.000e-12  1.929e+02     7.2836     7.2763    -0.0073     5.8083     5.8024     23.779     24.304      0.319    1425.99    1425.99  0.000e+00
       2427     24.500     2.7997     2.8014     0.0018    0.74277    0.74211          1     8.6080     8.5380       9.95     0.0151  5.183e-13  1.000e-12  1.929e+02     7.2836     7.2763    -0.0073     5.8083     5.8024     24.274     24.810      0.355    1426.01    1426.00  0.000e+00
       2466     25.000     2.8011     2.8003    -0.0008    0.74280    0.74211          1     8.6090     8.5287       9.95     0.0149  5.183e-13  1.000e-12  1.929e+02     7.2836     7.2764    -0.0072     5.8082     5.8025     24.770     25.316      0.222    1426.02    1426.01  0.000e+00
       2540     25.500     2.8004     2.8012     0.0008    0.74280    0.74212          1     8.6006     8.5265       9.95     0.0147  5.198e-13  1.000e-12  1.924e+02     7.2837     7.2763    -0.0073     5.8083     5.8024     25.265     25.823      0.267    1426.02    1426.02  0.000e+00
       2576     26.000     2.8006     2.8015     0.0008    0.74281    0.74213          1     8.6035     8.5234       9.95     0.0149  5.238e-13  1.000e-12  1.909e+02     7.2836     7.2763    -0.0073     5.8082     5.8024     25.760     26.329      0.346    1426.03    1426.03  0.000e+00
       2613     26.500     2.8019     2.8023     0.0004    0.74284    0.74216          1     8.6063     8.5192       9.95     0.0147  5.238e-13  1.000e-12  1.909e+02     7.2836     7.2764    -0.0072     5.8082     5.8024     26.256     26.835      0.241    1426.05    1426.04  0.000e+00
       2690     27.000     2.7998     2.7962    -0.0036    0.74281    0.74209          1     8.6065     8.5295       9.95     0.0148  5.238e-13  1.000e-12  1.909e+02     7.2837     7.2770    -0.0067     5.8083     5.8029     26.751     27.342      0.334    1426.05    1426.02  0.000e+00
       2715     27.500     2.7970     2.7978     0.0008    0.74278    0.74209          1     8.6000     8.5340       9.95     0.0147  5.238e-13  1.000e-12  1.909e+02     7.2840     7.2765    -0.0074     5.8085     5.8026     27.246     27.848      0.468    1426.04    1426.03  0.000e+00
       2744     28.000     2.7974     2.7959    -0.0015    0.74280    0.74210          1     8.5905     8.5238       9.95     0.0147  5.242e-13  1.000e-12  1.908e+02     7.2840     7.2770    -0.0070     5.8085     5.8030     27.742     28.354      0.311    1426.05    1426.03  0.000e+00
