ctdpy/exports/archive_20191121_122431/received_data/SBE09_1044_20180319_0422_34_02_0067.cnv
* Sea-Bird SBE 9 Data File:
* FileName = C:\ctd\temp\2018\ME18D067.hex
* Software Version Seasave V 7.26.6.26
* Temperature SN = 5351
* Conductivity SN = 3941
* Number of Bytes Per Scan = 41
* Number of Voltage Words = 4
* Number of Scans Averaged by the Deck Unit = 1
* NMEA Latitude = 56 40.10 N
* NMEA Longitude = 012 06.68 E
* NMEA UTC (Time) = Mar 19 2018  04:22:22
* NMEA baud rate = 4800
** Station:  Anholt E
** Operator:  OBac
** Ship: MERI
** Average sound velocity: 1459.44 m/s
** True-depth calculation Mon, 19 Mar 2018 05:19:22 +0000
** CTD Python Module SMHI /ver 3-12/ feb 2012 
** LIMS Job: 20183402-0067
** Cruise: SMHI-02-2018
** Latitude [GG MM.mm N] :
** Longitude [GG MM.mm E]:
# nquan = 26
# nvalues = 116                         
# units = specified
# name 0 = scan: Scan Count
# name 1 = prDM: Pressure, Digiquartz [db]
# name 2 = t090C: Temperature [ITS-90, deg C]
# name 3 = t190C: Temperature, 2 [ITS-90, deg C]
# name 4 = T2-T190C: Temperature Difference, 2 - 1 [ITS-90, deg C]
# name 5 = c0S/m: Conductivity [S/m]
# name 6 = c1S/m: Conductivity, 2 [S/m]
# name 7 = pumps: Pump Status
# name 8 = sbeox0ML/L: Oxygen, SBE 43 [ml/l]
# name 9 = sbeox1ML/L: Oxygen, SBE 43, 2 [ml/l]
# name 10 = altM: Altimeter [m]
# name 11 = flECO-AFL: Chl-a Fluorescence, WET Labs ECO-AFL/FL [mg/m^3]
# name 12 = flECO-AFL1: Phycocyanin Fluorescence, WET Labs ECO-AFL/FL, 2 [mg/m^3]
# name 13 = par: PAR/Irradiance, Biospherical/Lico [µE/(cm^2*s)]
# name 14 = turbWETntu0: Turbidity, WET Labs ECO [NTU]
# name 15 = sal00: Salinity, Practical [PSU]
# name 16 = sal11: Salinity, Practical, 2 [PSU]
# name 17 = secS-priS: Salinity, Practical, Difference, 2 - 1 [PSU]
# name 18 = sigma-t00: Density [sigma-t, Kg/m^3 ]
# name 19 = sigma-t11: Density, 2 [sigma-t, Kg/m^3 ]
# name 20 = depSM: Depth [salt water, m], lat = 56.6683
# name 21 = depFM: Depth [true depth, m], lat = 56.6683
# name 22 = dz/dtM: Descent Rate [m/s], WS = 2
# name 23 = svCM: Sound Velocity [Chen-Millero, m/s]
# name 24 = svCM1: Sound Velocity, 2 [Chen-Millero, m/s]
# name 25 = flag: flag
# span 0 =      12756,      15600       
# span 1 =      1.000,     58.500       
# span 2 =     0.1742,     6.1467       
# span 3 =     0.1769,     6.1463       
# span 4 =    -0.0387,     0.0283       
# span 5 =   1.541918,   3.293438       
# span 6 =   1.542112,   3.293867       
# span 7 =          1,          1       
# span 8 =    5.96796,    9.28149       
# span 9 =    5.98017,    9.30313       
# span 10 =       3.22,      99.21      
# span 11 =     0.2834,    13.9736      
# span 12 =     0.2192,     2.8038      
# span 13 = 1.0000e-12, 6.7755e-01      
# span 14 =     0.3405,     2.5826      
# span 15 =    17.4247,    33.8964      
# span 16 =    17.4253,    33.8992      
# span 17 =    -0.1087,     0.0155      
# span 18 =    13.9399,    26.7468      
# span 19 =    13.9404,    26.7488      
# span 20 =      0.991,     57.956      
# span 21 =      1.005,     58.256      
# span 22 =      0.129,      0.518      
# span 23 =    1426.60,    1473.16      
# span 24 =    1426.61,    1473.16      
# span 25 = 0.0000e+00, 0.0000e+00      
# interval = decibars: 0.5              
# start_time = Mar 19 2018 04:22:23 [NMEA time, first data scan]
# bad_flag = -9.990e-29
*END*
[from data line 56]
      14164     29.000     6.0528     6.0525    -0.0003    3.27038    3.27034          1     6.0595     6.0778      34.22     0.4004     0.2448  1.000e-12  0.7185000    33.0606    33.0604    -0.0002    26.0137    26.0136     28.732     28.988      0.492    1472.98    1472.98  0.000e+00
      14188     29.500     6.0495     6.0500     0.0005    3.27548    3.27530          1     6.0223     6.0570      33.66     0.3972     0.2521  1.000e-12  0.7378000    33.1206    33.1181    -0.0025    26.0616    26.0595     29.228     29.484      0.495    1473.05    1473.05  0.000e+00
      14212     30.000     6.0248     6.0277     0.0034    3.27888    3.27891          1     6.0016     6.0902      33.06     1.3936     0.3359  1.000e-12  0.7428000    33.1827    33.1803    -0.0024    26.1137    26.1115     29.723     29.980      0.511    1473.04    1473.05  0.000e+00
      14235     30.500     5.6291     5.6580     0.0283    3.26236    3.26307          1     6.1664     6.3049      32.62     1.2956     0.2671  1.000e-12  0.7527000    33.3863    33.3658    -0.0205    26.3228    26.3031     30.219     30.477      0.518    1471.72    1471.81  0.000e+00
      14259     31.000     5.4409     5.4434     0.0025    3.24916    3.24931          1     6.3191     6.4340      32.14     1.4822     0.8455  1.000e-12  0.7681000    33.4230    33.4223    -0.0007    26.3743    26.3734     30.714     30.973      0.503    1471.02    1471.03  0.000e+00
      14283     31.500     5.3964     5.4006     0.0043    3.24761    3.24786          1     6.4046     6.4675      31.59     2.2196     0.2468  1.000e-12  0.7321000    33.4496    33.4483    -0.0013    26.4005    26.3990     31.209     31.469      0.490    1470.88    1470.90  0.000e+00
      14308     32.000     5.3388     5.3398     0.0010    3.24390    3.24390          1     6.4419     6.4740      31.05     2.5495     0.7965  1.000e-12  0.7087000    33.4645    33.4635    -0.0010    26.4191    26.4181     31.705     31.965      0.493    1470.67    1470.68  0.000e+00
      14332     32.500     5.3390     5.3397     0.0006    3.24472    3.24474          1     6.4346     6.4606      30.53     4.0573     0.4448  1.000e-12  0.8085000    33.4734    33.4729    -0.0005    26.4261    26.4256     32.200     32.461      0.496    1470.70    1470.70  0.000e+00
      14356     33.000     5.3395     5.3399     0.0004    3.24557    3.24555          1     6.4337     6.4415      29.97     1.8153     0.3490  1.000e-12  0.9020000    33.4822    33.4817    -0.0006    26.4330    26.4326     32.695     32.958      0.498    1470.72    1470.72  0.000e+00
      14380     33.500     5.3293     5.3304     0.0011    3.24592    3.24595          1     6.4270     6.4256      29.28     3.3968     1.1120  1.000e-12  1.0570000    33.4963    33.4955    -0.0008    26.4453    26.4446     33.191     33.454      0.506    1470.70    1470.70  0.000e+00
      14404     34.000     5.3169     5.3177     0.0008    3.24572    3.24576          1     6.4229     6.4303      28.51     0.4194     1.0574  1.000e-12  0.7075000    33.5062    33.5058    -0.0003    26.4547    26.4543     33.686     33.950      0.508    1470.67    1470.68  0.000e+00
      14427     34.500     5.2951     5.2959     0.0008    3.24530    3.24533          1     6.4380     6.4451      28.02     0.5227     0.4361  1.000e-12  0.7032000    33.5230    33.5224    -0.0005    26.4705    26.4699     34.181     34.446      0.501    1470.61    1470.62  0.000e+00
      14451     35.000     5.3040     5.3037    -0.0003    3.24857    3.24852          1     6.4252     6.4316      27.77     0.8453     0.7377  1.000e-12  0.7161000    33.5512    33.5509    -0.0003    26.4918    26.4916     34.677     34.942      0.494    1470.69    1470.69  0.000e+00
      14476     35.500     5.3160     5.3163     0.0003    3.25210    3.25208          1     6.4005     6.4118      27.34     0.4510     1.4410  1.000e-12  0.7555000    33.5793    33.5787    -0.0006    26.5127    26.5121     35.172     35.438      0.494    1470.79    1470.79  0.000e+00
      14500     36.000     5.3160     5.3163     0.0003    3.25332    3.25344          1     6.3874     6.3970      26.85     0.3840     1.1244  1.000e-12  0.7964000    33.5931    33.5941     0.0011    26.5235    26.5243     35.667     35.934      0.495    1470.81    1470.81  0.000e+00
      14524     36.500     5.3179     5.3180     0.0001    3.25498    3.25492          1     6.3750     6.3838      26.06     0.3779     2.4500  1.000e-12  0.8471000    33.6099    33.6090    -0.0008    26.5366    26.5360     36.163     36.430      0.499    1470.85    1470.85  0.000e+00
      14548     37.000     5.3190     5.3192     0.0003    3.25532    3.25536          1     6.3658     6.3718      25.36     0.4144     0.2310  1.000e-12  0.9764000    33.6124    33.6125     0.0001    26.5385    26.5386     36.658     36.927      0.508    1470.87    1470.87  0.000e+00
      14572     37.500     5.3188     5.3192     0.0003    3.25541    3.25550          1     6.3599     6.3702      25.20     0.3905     0.2665  1.000e-12  1.0392000    33.6133    33.6141     0.0007    26.5392    26.5398     37.153     37.423      0.508    1470.87    1470.88  0.000e+00
      14596     38.000     5.3174     5.3177     0.0004    3.25552    3.25556          1     6.3584     6.3687      24.93     0.4455     0.2818  1.000e-12  1.0491000    33.6158    33.6159     0.0001    26.5414    26.5414     37.649     37.919      0.496    1470.88    1470.88  0.000e+00
      14620     38.500     5.3164     5.3168     0.0004    3.25560    3.25564          1     6.3586     6.3683      24.62     0.4215     0.2970  1.000e-12  1.0465000    33.6175    33.6175     0.0001    26.5428    26.5428     38.144     38.415      0.488    1470.89    1470.89  0.000e+00
      14645     39.000     5.3153     5.3158     0.0005    3.25579    3.25579          1     6.3584     6.3647      24.12     0.4699     0.2455  1.000e-12  1.0504000    33.6204    33.6200    -0.0005    26.5453    26.5449     38.639     38.911      0.496    1470.89    1470.89  0.000e+00
      14668     39.500     5.3156     5.3159     0.0003    3.25595    3.25601          1     6.3493     6.3546      23.60     0.5484     0.4136  1.000e-12  1.0643000    33.6217    33.6220     0.0004    26.5462    26.5465     39.135     39.407      0.506    1470.90    1470.91  0.000e+00
      14692     40.000     5.3159     5.3161     0.0002    3.25609    3.25609          1     6.3384     6.3565      23.08     0.5348     0.3670  1.000e-12  1.0700000    33.6227    33.6225    -0.0002    26.5470    26.5469     39.630     39.903      0.509    1470.91    1470.91  0.000e+00
      14716     40.500     5.3175     5.3170    -0.0005    3.25638    3.25629          1     6.3407     6.3515      22.60     0.4334     0.2539  1.000e-12  1.0556000    33.6242    33.6238    -0.0004    26.5480    26.5477     40.125     40.399      0.501    1470.93    1470.93  0.000e+00
      14740     41.000     5.3389     5.3375    -0.0014    3.26137    3.26101          1     6.3158     6.3103      22.08     0.2952     0.2703  1.000e-12  1.0788000    33.6595    33.6568    -0.0027    26.5735    26.5715     40.621     40.895      0.492    1471.07    1471.06  0.000e+00
      14765     41.500     5.3627     5.3637     0.0009    3.26683    3.26695          1     6.2799     6.2704      21.60     0.3329     0.3350  1.000e-12  1.1882000    33.6979    33.6982     0.0004    26.6010    26.6012     41.116     41.391      0.484    1471.22    1471.23  0.000e+00
      14789     42.000     5.3757     5.3764     0.0008    3.26920    3.26928          1     6.2636     6.2580      20.49     0.4115     0.5231  1.000e-12  1.2784000    33.7116    33.7118     0.0001    26.6104    26.6104     41.611     41.888      0.485    1471.30    1471.31  0.000e+00
      14814     42.500     5.3863     5.3866     0.0003    3.27138    3.27135          1     6.2462     6.2514      20.08     0.6480     0.2639  1.000e-12  1.3130000    33.7255    33.7249    -0.0006    26.6202    26.6196     42.107     42.384      0.492    1471.37    1471.37  0.000e+00
      14838     43.000     5.3914     5.3917     0.0003    3.27366    3.27365          1     6.2339     6.2451      20.09     0.9189     0.2406  1.000e-12  1.3808000    33.7463    33.7458    -0.0004    26.6360    26.6356     42.602     42.880      0.501    1471.43    1471.43  0.000e+00
      14862     43.500     5.3950     5.3955     0.0005    3.27540    3.27543          1     6.2277     6.2478      19.59     0.3369     0.2578  1.000e-12  1.5081000    33.7623    33.7621    -0.0002    26.6483    26.6481     43.097     43.376      0.500    1471.47    1471.47  0.000e+00
      14886     44.000     5.4006     5.4011     0.0005    3.27735    3.27738          1     6.2235     6.2443      19.10     0.4255     0.2270  1.000e-12  1.5333000    33.7786    33.7785    -0.0001    26.6604    26.6603     43.592     43.872      0.495    1471.52    1471.52  0.000e+00
      14911     44.500     5.4019     5.4025     0.0006    3.27764    3.27771          1     6.2147     6.2347      18.58     0.3463     0.2265  1.000e-12  1.6132000    33.7804    33.7806     0.0002    26.6618    26.6618     44.088     44.368      0.480    1471.54    1471.54  0.000e+00
      14936     45.000     5.4042     5.4046     0.0004    3.27800    3.27804          1     6.2148     6.2305      18.08     0.3909     0.2895  1.000e-12  1.5658000    33.7820    33.7820    -0.0000    26.6627    26.6627     44.583     44.864      0.481    1471.56    1471.56  0.000e+00
      14960     45.500     5.4109     5.4101    -0.0007    3.27968    3.27938          1     6.2072     6.2209      17.58     0.3698     0.2739  1.000e-12  1.5836000    33.7942    33.7915    -0.0026    26.6716    26.6696     45.078     45.360      0.498    1471.61    1471.60  0.000e+00
      14984     46.000     5.4192     5.4211     0.0019    3.28213    3.28256          1     6.2000     6.2165      17.03     0.4704     0.2628  1.000e-12  1.6747000    33.8136    33.8166     0.0030    26.6859    26.6881     45.574     45.856      0.494    1471.67    1471.68  0.000e+00
      15009     46.500     5.4286     5.4298     0.0012    3.28482    3.28505          1     6.2030     6.2182      15.53     0.6451     0.4706  1.000e-12  1.7990000    33.8345    33.8360     0.0015    26.7014    26.7025     46.069     46.352      0.475    1471.74    1471.75  0.000e+00
      15035     47.000     5.4295     5.4308     0.0013    3.28508    3.28530          1     6.2067     6.2200      15.61     0.6463     0.4168  1.000e-12  1.7157000    33.8363    33.8375     0.0012    26.7028    26.7036     46.564     46.848      0.473    1471.76    1471.77  0.000e+00
      15060     47.500     5.4305     5.4310     0.0005    3.28535    3.28539          1     6.2092     6.2183      15.51     0.7194     0.3160  1.000e-12  1.7177000    33.8382    33.8381    -0.0001    26.7041    26.7040     47.060     47.344      0.483    1471.77    1471.78  0.000e+00
      15085     48.000     5.4306     5.4309     0.0003    3.28539    3.28538          1     6.2120     6.2196      15.11     1.0749     0.3236  1.000e-12  1.7754000    33.8382    33.8379    -0.0003    26.7041    26.7038     47.555     47.840      0.477    1471.78    1471.78  0.000e+00
      15110     48.500     5.4306     5.4311     0.0005    3.28539    3.28544          1     6.2127     6.2234      14.62     0.9050     0.3052  1.000e-12  1.6860000    33.8380    33.8381     0.0001    26.7040    26.7040     48.050     48.336      0.477    1471.79    1471.79  0.000e+00
      15135     49.000     5.4311     5.4315     0.0003    3.28554    3.28556          1     6.2161     6.2305      14.11     1.0331     0.3377  1.000e-12  1.6801000    33.8389    33.8387    -0.0002    26.7046    26.7044     48.546     48.832      0.484    1471.80    1471.80  0.000e+00
      15160     49.500     5.4321     5.4327     0.0006    3.28582    3.28587          1     6.2214     6.2382      13.60     1.3105     0.3489  1.000e-12  1.6605000    33.8409    33.8409    -0.0000    26.7061    26.7060     49.041     49.328      0.491    1471.82    1471.82  0.000e+00
      15184     50.000     5.4328     5.4332     0.0004    3.28601    3.28601          1     6.2223     6.2400      13.09     1.3026     0.2958  1.000e-12  1.6198000    33.8421    33.8417    -0.0004    26.7070    26.7066     49.536     49.824      0.493    1471.83    1471.83  0.000e+00
      15208     50.500     5.4351     5.4366     0.0015    3.28666    3.28696          1     6.2255     6.2436      12.60     1.3363     0.3680  1.000e-12  1.5936000    33.8469    33.8489     0.0020    26.7105    26.7118     50.032     50.320      0.498    1471.85    1471.86  0.000e+00
      15232     51.000     5.4398     5.4402     0.0005    3.28792    3.28796          1     6.2246     6.2409      12.12     2.0267     0.3532  1.000e-12  1.7115000    33.8564    33.8564    -0.0000    26.7174    26.7173     50.527     50.816      0.502    1471.89    1471.89  0.000e+00
      15256     51.500     5.4404     5.4408     0.0004    3.28812    3.28815          1     6.2231     6.2382      11.62     2.1582     0.4306  1.000e-12  1.7127000    33.8578    33.8577    -0.0000    26.7184    26.7184     51.022     51.312      0.492    1471.90    1471.91  0.000e+00
      15281     52.000     5.4431     5.4441     0.0010    3.28887    3.28904          1     6.2205     6.2326      11.09     1.6007     0.7933  1.000e-12  1.6782000    33.8633    33.8643     0.0010    26.7225    26.7231     51.517     51.808      0.485    1471.93    1471.94  0.000e+00
      15306     52.500     5.4449     5.4457     0.0008    3.28934    3.28947          1     6.2231     6.2290      10.60     1.7093     0.4080  1.000e-12  1.7681000    33.8666    33.8672     0.0006    26.7249    26.7253     52.013     52.304      0.489    1471.95    1471.96  0.000e+00
      15330     53.000     5.4459     5.4469     0.0009    3.28963    3.28976          1     6.2126     6.2267      10.09     1.9754     0.4060  1.000e-12  1.7484000    33.8686    33.8692     0.0006    26.7264    26.7267     52.508     52.800      0.495    1471.96    1471.97  0.000e+00
      15354     53.500     5.4470     5.4475     0.0004    3.28990    3.28993          1     6.2079     6.2245       9.59     2.0164     0.4049  1.000e-12  1.6935000    33.8703    33.8702    -0.0001    26.7276    26.7275     53.003     53.296      0.500    1471.98    1471.98  0.000e+00
      15378     54.000     5.4491     5.4504     0.0014    3.29047    3.29074          1     6.2099     6.2179       9.10     2.4733     0.4052  1.000e-12  1.7446000    33.8746    33.8762     0.0016    26.7307    26.7318     53.499     53.792      0.506    1472.00    1472.01  0.000e+00
      15402     54.500     5.4520     5.4520     0.0001    3.29127    3.29121          1     6.2027     6.2108       8.62     1.6100     0.4262  1.000e-12  1.7142000    33.8805    33.8798    -0.0006    26.7350    26.7345     53.994     54.288      0.498    1472.03    1472.03  0.000e+00
      15426     55.000     5.4528     5.4533     0.0005    3.29152    3.29153          1     6.1933     6.2101       8.12     1.4825     0.7317  1.000e-12  1.7270000    33.8823    33.8819    -0.0004    26.7364    26.7360     54.489     54.784      0.484    1472.04    1472.04  0.000e+00
      15451     55.500     5.4537     5.4546     0.0009    3.29179    3.29193          1     6.1945     6.2156       7.61     1.7116     0.7072  1.000e-12  1.7428000    33.8842    33.8849     0.0007    26.7378    26.7382     54.984     55.280      0.485    1472.06    1472.06  0.000e+00
      15475     56.000     5.4541     5.4549     0.0008    3.29189    3.29200          1     6.1964     6.2113       7.10     2.2800     0.4998  1.000e-12  1.9239000    33.8847    33.8851     0.0004    26.7381    26.7383     55.480     55.776      0.496    1472.07    1472.07  0.000e+00
