ctdpy/exports/archive_20191121_122431/received_data/SBE09_1044_20180530_2203_34_07_0048.cnv
* Sea-Bird SBE 9 Data File:
* FileName = C:\ctd\temp\2018\AU18D048.hex
* Software Version Seasave V 7.26.6.26
* Temperature SN = 5351
* Conductivity SN = 3941
* Number of Bytes Per Scan = 41
* Number of Voltage Words = 4
* Number of Scans Averaged by the Deck Unit = 1
* NMEA Latitude = 57 59.90 N
* NMEA Longitude = 019 52.73 E
* NMEA UTC (Time) = May 30 2018  22:03:34
* NMEA baud rate = 4800
** Station:  BY20
** Operator:  JKro
** Ship: AURA
** Average sound velocity: 1444.70 m/s
** True-depth calculation Wed, 30 May 2018 23:06:51 +0000
** CTD Python Module SMHI /ver 3-12/ feb 2012 
** LIMS Job: 20183407-0048
** Cruise: SMHI-02-2018
** Latitude [GG MM.mm N] :
** Longitude [GG MM.mm E]:
# nquan = 26
# nvalues = 384                         
# units = specified
# name 0 = scan: Scan Count
# name 1 = prDM: Pressure, Digiquartz [db]
# name 2 = t090C: Temperature [ITS-90, deg C]
# name 3 = t190C: Temperature, 2 [ITS-90, deg C]
# name 4 = T2-T190C: Temperature Difference, 2 - 1 [ITS-90, deg C]
# name 5 = c0S/m: Conductivity [S/m]
# name 6 = c1S/m: Conductivity, 2 [S/m]
# name 7 = pumps: Pump Status
# name 8 = sbeox0ML/L: Oxygen, SBE 43 [ml/l]
# name 9 = sbeox1ML/L: Oxygen, SBE 43, 2 [ml/l]
# name 10 = altM: Altimeter [m]
# name 11 = flECO-AFL: Chl-a Fluorescence, WET Labs ECO-AFL/FL [mg/m^3]
# name 12 = flECO-AFL1: Phycocyanin Fluorescence, WET Labs ECO-AFL/FL, 2 [mg/m^3]
# name 13 = par: PAR/Irradiance, Biospherical/Lico [µE/(cm^2*s)]
# name 14 = turbWETntu0: Turbidity, WET Labs ECO [NTU]
# name 15 = sal00: Salinity, Practical [PSU]
# name 16 = sal11: Salinity, Practical, 2 [PSU]
# name 17 = secS-priS: Salinity, Practical, Difference, 2 - 1 [PSU]
# name 18 = sigma-t00: Density [sigma-t, Kg/m^3 ]
# name 19 = sigma-t11: Density, 2 [sigma-t, Kg/m^3 ]
# name 20 = depSM: Depth [salt water, m], lat = 57.9983
# name 21 = depFM: Depth [true depth, m], lat = 57.9983
# name 22 = dz/dtM: Descent Rate [m/s], WS = 2
# name 23 = svCM: Sound Velocity [Chen-Millero, m/s]
# name 24 = svCM1: Sound Velocity, 2 [Chen-Millero, m/s]
# name 25 = flag: flag
# span 0 =      10419,      23152       
# span 1 =      1.000,    192.500       
# span 2 =     2.3992,    13.8879       
# span 3 =     2.3940,    13.8885       
# span 4 =    -0.0281,     0.0546       
# span 5 =   0.711120,   1.392293       
# span 6 =   0.711003,   1.392281       
# span 7 =          1,          1       
# span 8 =    0.01845,    9.48117       
# span 9 =    0.01974,    9.60668       
# span 10 =      -0.00,      99.05      
# span 11 =     0.2395,    13.8245      
# span 12 =     0.1473,     1.3898      
# span 13 = -1.574e-04, 1.0911e+00      
# span 14 =     0.1293,     0.6040      
# span 15 =     6.6623,    12.6891      
# span 16 =     6.6607,    12.6887      
# span 17 =    -0.0230,     0.0059      
# span 18 =     4.4243,     9.9138      
# span 19 =     4.4241,     9.9134      
# span 20 =      0.991,    190.627      
# span 21 =      1.014,    194.531      
# span 22 =     -0.011,      0.610      
# span 23 =    1423.77,    1470.07      
# span 24 =    1423.74,    1470.07      
# span 25 = 0.0000e+00, 0.0000e+00      
# interval = decibars: 0.5              
# start_time = May 30 2018 22:03:34 [NMEA time, first data scan]
# bad_flag = -9.990e-29
*END*
[from data line 279]
      18229    140.500     6.7089     6.7097     0.0008    1.37431    1.37430          1     0.0382     0.0321      55.32     0.3028     0.2269  1.000e-12  0.4288000    12.5425    12.5421    -0.0004     9.8031     9.8027    139.151    142.086      0.527    1451.74    1451.74  0.000e+00
      18251    141.000     6.7100     6.7109     0.0008    1.37461    1.37459          1     0.0375     0.0324      54.87     0.3791     0.2405  1.000e-12  0.4223000    12.5449    12.5444    -0.0005     9.8049     9.8044    139.646    142.590      0.556    1451.75    1451.75  0.000e+00
      18272    141.500     6.7115     6.7124     0.0009    1.37501    1.37499          1     0.0374     0.0325      54.18     0.4444     0.2317  1.000e-12  0.4147000    12.5482    12.5477    -0.0005     9.8073     9.8069    140.141    143.094      0.530    1451.77    1451.77  0.000e+00
      18296    142.000     6.7148     6.7156     0.0008    1.37586    1.37584          1     0.0373     0.0313      53.51     0.3285     0.2071  1.000e-12  0.4039000    12.5553    12.5549    -0.0004     9.8127     9.8123    140.636    143.598      0.474    1451.80    1451.80  0.000e+00
      18323    142.500     6.7172     6.7180     0.0009    1.37651    1.37650          1     0.0366     0.0320      52.97     0.3418     0.2114  1.000e-12  0.4008000    12.5608    12.5604    -0.0004     9.8168     9.8164    141.131    144.103      0.448    1451.83    1451.83  0.000e+00
      18349    143.000     6.7192     6.7199     0.0008    1.37700    1.37699          1     0.0368     0.0317      52.51     0.3356     0.2466  1.000e-12  0.4138000    12.5648    12.5644    -0.0004     9.8198     9.8194    141.626    144.607      0.511    1451.85    1451.85  0.000e+00
      18371    143.500     6.7207     6.7216     0.0010    1.37744    1.37742          1     0.0374     0.0308      52.05     0.3744     0.2455  1.000e-12  0.3955000    12.5685    12.5679    -0.0006     9.8225     9.8220    142.121    145.111      0.566    1451.86    1451.87  0.000e+00
      18392    144.000     6.7220     6.7229     0.0009    1.37777    1.37775          1     0.0376     0.0321      51.53     0.4553     0.2282  1.000e-12  0.4119000    12.5711    12.5707    -0.0004     9.8245     9.8241    142.616    145.616      0.544    1451.88    1451.89  0.000e+00
      18416    144.500     6.7238     6.7246     0.0009    1.37828    1.37827          1     0.0368     0.0308      50.96     0.3419     0.2038  1.000e-12  0.3865000    12.5755    12.5750    -0.0005     9.8278     9.8274    143.111    146.120      0.474    1451.90    1451.91  0.000e+00
      18442    145.000     6.7250     6.7259     0.0009    1.37862    1.37861          1     0.0350     0.0298      50.41     0.3229     0.2105  1.000e-12  0.3772000    12.5783    12.5779    -0.0004     9.8299     9.8295    143.606    146.624      0.455    1451.92    1451.92  0.000e+00
      18468    145.500     6.7258     6.7267     0.0010    1.37884    1.37884          1     0.0360     0.0306      49.89     0.3228     0.2296  1.000e-12  0.4611000    12.5801    12.5797    -0.0004     9.8313     9.8309    144.101    147.129      0.502    1451.93    1451.94  0.000e+00
      18490    146.000     6.7265     6.7274     0.0009    1.37905    1.37904          1     0.0354     0.0299      49.36     0.3458     0.2399  1.000e-12  0.4051000    12.5817    12.5813    -0.0004     9.8325     9.8321    144.596    147.633      0.524    1451.95    1451.95  0.000e+00
      18514    146.500     6.7273     6.7282     0.0009    1.37932    1.37932          1     0.0366     0.0314      48.86     0.3396     0.2395  1.000e-12  0.3995000    12.5841    12.5837    -0.0004     9.8343     9.8339    145.091    148.137      0.511    1451.96    1451.96  0.000e+00
      18537    147.000     6.7283     6.7292     0.0008    1.37963    1.37962          1     0.0332     0.0300      48.33     0.3361     0.2255  1.000e-12  0.3912000    12.5866    12.5862    -0.0004     9.8361     9.8358    145.586    148.642      0.501    1451.98    1451.98  0.000e+00
      18561    147.500     6.7294     6.7302     0.0008    1.37991    1.37990          1     0.0344     0.0300      47.83     0.3280     0.2169  1.000e-12  0.3931000    12.5889    12.5886    -0.0004     9.8379     9.8376    146.081    149.146      0.508    1451.99    1451.99  0.000e+00
      18585    148.000     6.7305     6.7314     0.0009    1.38027    1.38027          1     0.0359     0.0296      47.50     0.3298     0.2625  1.000e-12  0.3940000    12.5920    12.5916    -0.0004     9.8402     9.8399    146.576    149.650      0.504    1452.01    1452.01  0.000e+00
      18609    148.500     6.7311     6.7320     0.0009    1.38045    1.38044          1     0.0350     0.0303      46.74     0.3247     0.2064  1.000e-12  0.3938000    12.5935    12.5930    -0.0004     9.8413     9.8409    147.071    150.155      0.480    1452.02    1452.02  0.000e+00
      18635    149.000     6.7315     6.7324     0.0009    1.38058    1.38057          1     0.0338     0.0292      46.23     0.3308     0.1933  1.000e-12  0.3939000    12.5945    12.5941    -0.0004     9.8421     9.8417    147.566    150.659      0.465    1452.03    1452.03  0.000e+00
      18660    149.500     6.7320     6.7329     0.0009    1.38077    1.38076          1     0.0334     0.0286      45.70     0.3341     0.2324  1.000e-12  0.3943000    12.5960    12.5956    -0.0004     9.8433     9.8429    148.061    151.163      0.491    1452.04    1452.05  0.000e+00
      18684    150.000     6.7331     6.7340     0.0009    1.38112    1.38109          1     0.0328     0.0283      45.21     0.3117     0.2224  1.000e-12  0.3916000    12.5990    12.5984    -0.0006     9.8455     9.8450    148.556    151.667      0.536    1452.06    1452.06  0.000e+00
      18705    150.500     6.7343     6.7352     0.0009    1.38148    1.38147          1     0.0345     0.0277      44.80     0.3155     0.1999  1.000e-12  0.3918000    12.6020    12.6015    -0.0004     9.8478     9.8474    149.051    152.172      0.557    1452.08    1452.08  0.000e+00
      18727    151.000     6.7356     6.7365     0.0009    1.38186    1.38184          1     0.0345     0.0296      44.28     0.3352     0.2308  1.000e-12  0.4118000    12.6052    12.6047    -0.0005     9.8502     9.8497    149.546    152.676      0.518    1452.09    1452.10  0.000e+00
      18753    151.500     6.7367     6.7376     0.0009    1.38225    1.38225          1     0.0313     0.0289      43.75     0.3252     0.2483  1.000e-12  0.3828000    12.6086    12.6082    -0.0004     9.8527     9.8524    150.041    153.180      0.439    1452.11    1452.11  0.000e+00
      18781    152.000     6.7376     6.7385     0.0009    1.38255    1.38254          1     0.0343     0.0282      43.15     0.3208     0.2326  1.000e-12  0.3821000    12.6111    12.6106    -0.0005     9.8547     9.8542    150.536    153.685      0.451    1452.12    1452.13  0.000e+00
      18805    152.500     6.7385     6.7392     0.0008    1.38281    1.38279          1     0.0327     0.0285      42.90     0.3124     0.2510  1.000e-12  0.3843000    12.6132    12.6128    -0.0004     9.8563     9.8559    151.031    154.189      0.537    1452.14    1452.14  0.000e+00
      18826    153.000     6.7394     6.7404     0.0009    1.38323    1.38322          1     0.0331     0.0286      42.82     0.3225     0.2649  1.000e-12  0.3924000    12.6169    12.6164    -0.0005     9.8591     9.8586    151.526    154.693      0.570    1452.16    1452.16  0.000e+00
      18848    153.500     6.7405     6.7414     0.0009    1.38357    1.38357          1     0.0329     0.0274      42.67     0.3866     0.2619  1.000e-12  0.3952000    12.6198    12.6195    -0.0003     9.8613     9.8610    152.021    155.198      0.517    1452.17    1452.18  0.000e+00
      18874    154.000     6.7405     6.7414     0.0009    1.38360    1.38360          1     0.0329     0.0283      42.07     0.3274     0.2442  1.000e-12  0.3692000    12.6200    12.6197    -0.0003     9.8614     9.8612    152.516    155.702      0.452    1452.18    1452.18  0.000e+00
      18900    154.500     6.7406     6.7416     0.0010    1.38363    1.38364          1     0.0321     0.0288      41.55     0.3124     0.2508  1.000e-12  0.3811000    12.6201    12.6198    -0.0003     9.8615     9.8612    153.011    156.206      0.472    1452.19    1452.19  0.000e+00
      18924    155.000     6.7412     6.7421     0.0009    1.38374    1.38374          1     0.0327     0.0276      41.12     0.3208     0.2757  1.000e-12  0.3884000    12.6209    12.6206    -0.0003     9.8621     9.8617    153.506    156.710      0.522    1452.20    1452.20  0.000e+00
      18947    155.500     6.7428     6.7437     0.0009    1.38420    1.38420          1     0.0340     0.0279      40.59     0.3224     0.2657  1.000e-12  0.3757000    12.6248    12.6244    -0.0004     9.8650     9.8647    154.001    157.215      0.534    1452.22    1452.22  0.000e+00
      18969    156.000     6.7434     6.7443     0.0009    1.38451    1.38451          1     0.0326     0.0282      40.04     0.3233     0.2177  1.000e-12  0.3709000    12.6275    12.6271    -0.0004     9.8671     9.8668    154.496    157.719      0.505    1452.23    1452.24  0.000e+00
      18994    156.500     6.7437     6.7446     0.0009    1.38468    1.38467          1     0.0325     0.0290      39.46     0.3288     0.2066  1.000e-12  0.3752000    12.6290    12.6285    -0.0005     9.8682     9.8678    154.991    158.223      0.466    1452.24    1452.25  0.000e+00
      19020    157.000     6.7438     6.7446     0.0008    1.38477    1.38478          1     0.0329     0.0278      38.96     0.3361     0.1958  1.000e-12  0.3893000    12.6298    12.6295    -0.0003     9.8689     9.8686    155.486    158.728      0.476    1452.26    1452.26  0.000e+00
      19045    157.500     6.7438     6.7447     0.0009    1.38480    1.38480          1     0.0329     0.0280      38.43     0.3479     0.2128  1.000e-12  0.3891000    12.6299    12.6296    -0.0003     9.8690     9.8686    155.981    159.232      0.512    1452.26    1452.27  0.000e+00
      19068    158.000     6.7439     6.7448     0.0009    1.38488    1.38487          1     0.0324     0.0282      37.98     0.3531     0.2613  1.000e-12  0.3850000    12.6306    12.6302    -0.0004     9.8695     9.8691    156.476    159.736      0.523    1452.27    1452.28  0.000e+00
      19091    158.500     6.7446     6.7455     0.0009    1.38509    1.38507          1     0.0323     0.0282      37.48     0.3370     0.2598  1.000e-12  0.3891000    12.6323    12.6318    -0.0005     9.8707     9.8703    156.971    160.240      0.512    1452.29    1452.29  0.000e+00
      19115    159.000     6.7449     6.7458     0.0009    1.38526    1.38525          1     0.0320     0.0282      36.97     0.3162     0.2171  1.000e-12  0.3886000    12.6338    12.6334    -0.0004     9.8719     9.8715    157.466    160.745      0.488    1452.30    1452.30  0.000e+00
      19140    159.500     6.7451     6.7460     0.0010    1.38541    1.38540          1     0.0318     0.0285      36.42     0.3286     0.2112  1.000e-12  0.3957000    12.6351    12.6346    -0.0004     9.8729     9.8725    157.961    161.249      0.473    1452.31    1452.31  0.000e+00
      19165    160.000     6.7455     6.7464     0.0010    1.38558    1.38556          1     0.0319     0.0283      35.93     0.3345     0.2183  1.000e-12  0.4192000    12.6365    12.6360    -0.0005     9.8740     9.8735    158.456    161.753      0.488    1452.32    1452.32  0.000e+00
      19189    160.500     6.7478     6.7487     0.0008    1.38596    1.38595          1     0.0336     0.0279      35.53     0.3300     0.2121  1.000e-12  0.4136000    12.6393    12.6389    -0.0004     9.8760     9.8756    158.951    162.258      0.495    1452.34    1452.34  0.000e+00
      19214    161.000     6.7506     6.7516     0.0009    1.38644    1.38642          1     0.0334     0.0282      34.96     0.3151     0.2310  1.000e-12  0.3822000    12.6429    12.6424    -0.0005     9.8786     9.8781    159.446    162.762      0.493    1452.36    1452.37  0.000e+00
      19238    161.500     6.7511     6.7520     0.0009    1.38675    1.38674          1     0.0318     0.0278      34.45     0.3347     0.2080  1.000e-12  0.3378000    12.6457    12.6453    -0.0004     9.8808     9.8804    159.941    163.266      0.508    1452.38    1452.38  0.000e+00
      19261    162.000     6.7520     6.7529     0.0009    1.38695    1.38694          1     0.0290     0.0272      34.00     0.3245     0.2634  1.000e-12  0.3385000    12.6472    12.6468    -0.0004     9.8819     9.8815    160.436    163.771      0.516    1452.39    1452.39  0.000e+00
      19285    162.500     6.7527     6.7537     0.0010    1.38715    1.38714          1     0.0321     0.0285      33.43     0.3242     0.2879  1.000e-12  0.3391000    12.6489    12.6484    -0.0005     9.8831     9.8827    160.931    164.275      0.487    1452.40    1452.41  0.000e+00
      19310    163.000     6.7530     6.7539     0.0009    1.38726    1.38725          1     0.0328     0.0271      32.92     0.3139     0.2435  1.000e-12  0.3399000    12.6498    12.6493    -0.0005     9.8838     9.8834    161.426    164.779      0.466    1452.41    1452.42  0.000e+00
      19336    163.500     6.7539     6.7548     0.0009    1.38758    1.38757          1     0.0319     0.0284      32.37     0.3224     0.2585  1.000e-12  0.3337000    12.6524    12.6520    -0.0004     9.8859     9.8854    161.921    165.283      0.483    1452.43    1452.43  0.000e+00
      19360    164.000     6.7542     6.7552     0.0010    1.38786    1.38785          1     0.0292     0.0277      31.91     0.4131     0.2329  1.000e-12  0.3400000    12.6550    12.6545    -0.0005     9.8879     9.8874    162.416    165.788      0.499    1452.44    1452.45  0.000e+00
      19384    164.500     6.7543     6.7553     0.0009    1.38799    1.38799          1     0.0309     0.0268      31.38     0.3618     0.2259  1.000e-12  0.3405000    12.6562    12.6558    -0.0004     9.8887     9.8884    162.911    166.292      0.499    1452.45    1452.46  0.000e+00
      19408    165.000     6.7546     6.7555     0.0010    1.38813    1.38812          1     0.0286     0.0280      30.85     0.3301     0.2423  1.000e-12  0.3490000    12.6573    12.6569    -0.0004     9.8896     9.8892    163.406    166.796      0.500    1452.46    1452.47  0.000e+00
      19432    165.500     6.7550     6.7559     0.0009    1.38829    1.38828          1     0.0298     0.0258      30.28     0.3582     0.2409  1.000e-12  0.3596000    12.6587    12.6583    -0.0004     9.8907     9.8903    163.901    167.300      0.509    1452.47    1452.48  0.000e+00
      19455    166.000     6.7553     6.7563     0.0010    1.38841    1.38840          1     0.0302     0.0277      29.74     0.4101     0.2449  1.000e-12  0.3595000    12.6596    12.6591    -0.0005     9.8914     9.8909    164.396    167.805      0.492    1452.48    1452.49  0.000e+00
      19481    166.500     6.7556     6.7566     0.0010    1.38852    1.38851          1     0.0291     0.0276      29.22     0.3793     0.2272  1.000e-12  0.3539000    12.6605    12.6601    -0.0004     9.8921     9.8916    164.891    168.309      0.454    1452.49    1452.50  0.000e+00
      19508    167.000     6.7560     6.7570     0.0010    1.38865    1.38865          1     0.0290     0.0283      28.70     0.3395     0.1679  1.000e-12  0.3484000    12.6615    12.6612    -0.0003     9.8928     9.8925    165.386    168.813      0.457    1452.51    1452.51  0.000e+00
      19533    167.500     6.7562     6.7573     0.0010    1.38873    1.38872          1     0.0307     0.0248      28.21     0.3500     0.1830  1.000e-12  0.3488000    12.6621    12.6617    -0.0004     9.8933     9.8929    165.881    169.318      0.497    1452.52    1452.52  0.000e+00
