ctdpy/exports/archive_20191121_122431/received_data/SBE09_1044_20181113_1522_34_01_0142.cnv
* Sea-Bird SBE 9 Data File:
* FileName = C:\ctd\temp\ar18d142.hex
* Software Version Seasave V 7.26.7.107
* Temperature SN = 5351
* Conductivity SN = 3941
* Number of Bytes Per Scan = 41
* Number of Voltage Words = 4
* Number of Scans Averaged by the Deck Unit = 1
* NMEA Latitude = 55 36.98 N
* NMEA Longitude = 014 52.45 E
* NMEA UTC (Time) = Nov 13 2018  15:22:28
* NMEA baud rate = 4800
** Station:  Hanobukten
** Operator:  A-KTh
** Ship: ARANDA
** Average sound velocity: 1456.59 m/s
** True-depth calculation Tue, 13 Nov 2018 16:21:29 +0000
** CTD Python Module SMHI /ver 3-12/ feb 2012 
** LIMS Job: 20183401-0142
** Cruise: SMHI-6-2018
** Latitude [GG MM.mm N]:
** Longitude [GG MM.mm E]
# nquan = 26
# nvalues = 150                         
# units = specified
# name 0 = scan: Scan Count
# name 1 = prDM: Pressure, Digiquartz [db]
# name 2 = t090C: Temperature [ITS-90, deg C]
# name 3 = t190C: Temperature, 2 [ITS-90, deg C]
# name 4 = T2-T190C: Temperature Difference, 2 - 1 [ITS-90, deg C]
# name 5 = c0S/m: Conductivity [S/m]
# name 6 = c1S/m: Conductivity, 2 [S/m]
# name 7 = pumps: Pump Status
# name 8 = sbeox0ML/L: Oxygen, SBE 43 [ml/l]
# name 9 = sbeox1ML/L: Oxygen, SBE 43, 2 [ml/l]
# name 10 = altM: Altimeter [m]
# name 11 = flECO-AFL: Chl-a Fluorescence, WET Labs ECO-AFL/FL [mg/m^3]
# name 12 = flECO-AFL1: Phycocyanin Fluorescence, WET Labs ECO-AFL/FL, 2 [mg/m^3]
# name 13 = par: PAR/Irradiance, Biospherical/Lico [µE/(cm^2*s)]
# name 14 = turbWETntu0: Turbidity, WET Labs ECO [NTU]
# name 15 = sal00: Salinity, Practical [PSU]
# name 16 = sal11: Salinity, Practical, 2 [PSU]
# name 17 = secS-priS: Salinity, Practical, Difference, 2 - 1 [PSU]
# name 18 = sigma-t00: Density [sigma-t, Kg/m^3 ]
# name 19 = sigma-t11: Density, 2 [sigma-t, Kg/m^3 ]
# name 20 = depSM: Depth [salt water, m], lat = 55.6163
# name 21 = depFM: Depth [true depth, m], lat = 55.6163
# name 22 = dz/dtM: Descent Rate [m/s], WS = 2
# name 23 = svCM: Sound Velocity [Chen-Millero, m/s]
# name 24 = svCM1: Sound Velocity, 2 [Chen-Millero, m/s]
# name 25 = flag: flag
# span 0 =      30809,      34568       
# span 1 =      1.000,     75.500       
# span 2 =     7.6595,    12.3055       
# span 3 =     7.6565,    12.3066       
# span 4 =    -0.0247,     0.0499       
# span 5 =   0.906242,   1.886219       
# span 6 =   0.906227,   1.886270       
# span 7 =          1,          1       
# span 8 =    0.11160,    7.12730       
# span 9 =    0.05913,    7.45530       
# span 10 =       2.29,      99.95      
# span 11 =     0.2900,     2.0494      
# span 12 =     0.1919,     0.5112      
# span 13 = 1.0000e-12, 9.2824e-01      
# span 14 =     0.2115,     2.0020      
# span 15 =     7.7021,    16.7037      
# span 16 =     7.7018,    16.7032      
# span 17 =    -0.0177,     0.0053      
# span 18 =     5.8544,    12.8607      
# span 19 =     5.8514,    12.8601      
# span 20 =      0.991,     74.802      
# span 21 =      1.013,     76.306      
# span 22 =     -0.001,      0.591      
# span 23 =    1449.31,    1475.14      
# span 24 =    1449.30,    1475.14      
# span 25 = 0.0000e+00, 0.0000e+00      
# interval = decibars: 0.5              
# start_time = Nov 13 2018 15:22:29 [NMEA time, first data scan]
# bad_flag = -9.990e-29
*END*
      30809      1.000     8.7451     8.7443    -0.0009    0.92507    0.92500          1     7.0994     7.4232       7.22     1.9083     0.5025  9.282e-01  0.2593000     7.7338     7.7334    -0.0004     5.8651     5.8648      0.991      1.013      0.216    1451.86    1451.85  0.000e+00
      30864      1.500     8.7439     8.7453     0.0014    0.92505    0.92505          1     7.0889     7.4185      70.01     1.9444     0.4908  2.962e-01  0.2716000     7.7338     7.7335    -0.0004     5.8652     5.8648      1.486      1.519      0.241    1451.86    1451.86  0.000e+00
      30911      2.000     8.7521     8.7544     0.0025    0.92530    0.92537          1     7.0923     7.4251      97.41     1.9205     0.4265  1.202e-01  0.2742000     7.7343     7.7344     0.0001     5.8648     5.8646      1.982      2.025      0.306    1451.90    1451.91  0.000e+00
      30956      2.500     8.8591     8.8557    -0.0034    0.92809    0.92793          1     7.0858     7.4215      54.52     2.0494     0.4573  6.102e-02  0.2934000     7.7360     7.7353    -0.0007     5.8562     5.8559      2.477      2.531      0.306    1452.34    1452.33  0.000e+00
      30984      3.000     8.8285     8.8039    -0.0247    0.92741    0.92671          1     7.1094     7.4467      95.86     1.9623     0.4402  1.429e-02  0.2793000     7.7365     7.7355    -0.0010     5.8594     5.8609      2.973      3.038      0.497    1452.23    1452.13  0.000e+00
      31010      3.500     8.8785     8.9090     0.0306    0.92858    0.92930          1     7.0963     7.4120      54.89     2.0099     0.4381  1.369e-02  0.2935000     7.7360     7.7359    -0.0001     5.8544     5.8514      3.468      3.544      0.401    1452.43    1452.56  0.000e+00
      31042      4.000     8.8045     8.8148     0.0101    0.92649    0.92671          1     7.0971     7.4020      73.67     2.0205     0.4278  8.450e-03  0.2746000     7.7333     7.7330    -0.0003     5.8591     5.8580      3.964      4.050      0.437    1452.14    1452.18  0.000e+00
      31066      4.500     8.7565     8.7583     0.0018    0.92534    0.92534          1     7.1049     7.4210      97.23     1.9606     0.4263  1.458e-04  0.2862000     7.7334     7.7329    -0.0004     5.8637     5.8632      4.459      4.557      0.483    1451.96    1451.96  0.000e+00
      31092      5.000     8.7488     8.7517     0.0029    0.92514    0.92517          1     7.0972     7.4451      98.71     2.0142     0.4144  1.000e-12  0.2884000     7.7331     7.7328    -0.0003     5.8642     5.8637      4.955      5.063      0.455    1451.93    1451.95  0.000e+00
      31118      5.500     8.7582     8.7602     0.0021    0.92545    0.92545          1     7.0951     7.4526      94.32     1.9944     0.5014  1.000e-12  0.2978000     7.7338     7.7334    -0.0005     5.8639     5.8634      5.450      5.569      0.470    1451.98    1451.99  0.000e+00
      31143      6.000     8.7603     8.7612     0.0009    0.92551    0.92549          1     7.0948     7.4347      97.22     1.9598     0.4974  1.000e-12  0.2810000     7.7338     7.7334    -0.0004     5.8637     5.8633      5.946      6.076      0.487    1452.00    1452.00  0.000e+00
      31167      6.500     8.7608     8.7620     0.0012    0.92554    0.92553          1     7.0886     7.4143      58.54     1.9575     0.4646  1.000e-12  0.3036000     7.7340     7.7336    -0.0004     5.8638     5.8633      6.441      6.582      0.504    1452.01    1452.01  0.000e+00
      31191      7.000     8.7595     8.7616     0.0021    0.92551    0.92552          1     7.0852     7.4099      59.83     1.9258     0.4935  1.000e-12  0.2941000     7.7339     7.7336    -0.0003     5.8638     5.8634      6.936      7.088      0.527    1452.01    1452.02  0.000e+00
      31213      7.500     8.7590     8.7606     0.0016    0.92551    0.92551          1     7.0935     7.4093      72.80     1.9121     0.5112  1.000e-12  0.2972000     7.7340     7.7336    -0.0004     5.8639     5.8635      7.432      7.595      0.518    1452.02    1452.02  0.000e+00
      31237      8.000     8.7608     8.7621     0.0014    0.92558    0.92556          1     7.1057     7.4107      97.70     1.9086     0.4709  1.000e-12  0.2992000     7.7341     7.7337    -0.0004     5.8639     5.8634      7.927      8.101      0.495    1452.03    1452.04  0.000e+00
      31262      8.500     8.7536     8.7626     0.0089    0.92537    0.92559          1     7.1026     7.4066      92.20     1.9163     0.4382  1.000e-12  0.2939000     7.7337     7.7338     0.0000     5.8642     5.8634      8.423      8.607      0.492    1452.01    1452.05  0.000e+00
      31285      9.000     8.7485     8.7605     0.0119    0.92523    0.92553          1     7.0944     7.4124      40.58     1.9144     0.4437  1.000e-12  0.2948000     7.7335     7.7336     0.0001     5.8645     5.8635      8.918      9.113      0.522    1452.00    1452.05  0.000e+00
      31308      9.500     8.7484     8.7544     0.0060    0.92526    0.92536          1     7.0959     7.4168      61.36     1.8990     0.4852  1.000e-12  0.2917000     7.7338     7.7334    -0.0004     5.8647     5.8639      9.414      9.620      0.552    1452.01    1452.03  0.000e+00
      31329     10.000     8.7572     8.7570    -0.0001    0.92553    0.92546          1     7.0940     7.4107      81.53     1.8824     0.5107  1.000e-12  0.2858000     7.7342     7.7337    -0.0005     5.8643     5.8639      9.909     10.126      0.560    1452.05    1452.05  0.000e+00
      31351     10.500     8.7588     8.7611     0.0024    0.92553    0.92556          1     7.0989     7.3965      85.55     1.8725     0.4853  1.000e-12  0.3035000     7.7338     7.7336    -0.0002     5.8638     5.8635     10.405     10.632      0.538    1452.06    1452.07  0.000e+00
      31374     11.000     8.7026     8.7012    -0.0013    0.92385    0.92383          1     7.1089     7.4078      39.81     1.8960     0.4697  1.000e-12  0.2872000     7.7309     7.7310     0.0001     5.8667     5.8669     10.900     11.139      0.492    1451.84    1451.84  0.000e+00
      31399     11.500     8.6922     8.6736    -0.0187    0.92357    0.92293          1     7.1101     7.4285      41.19     1.8473     0.4483  1.000e-12  0.2861000     7.7305     7.7289    -0.0017     5.8674     5.8677     11.395     11.645      0.484    1451.81    1451.73  0.000e+00
      31423     12.000     8.6786     8.6912     0.0126    0.92323    0.92364          1     7.0868     7.3836      99.95     1.8108     0.4244  1.000e-12  0.2773000     7.7304     7.7313     0.0010     5.8685     5.8681     11.891     12.151      0.546    1451.76    1451.81  0.000e+00
      31444     12.500     8.6115     8.6351     0.0235    0.92118    0.92185          1     7.0981     7.3856      98.72     1.8004     0.4307  1.000e-12  0.2896000     7.7265     7.7274     0.0009     5.8715     5.8701     12.386     12.657      0.583    1451.50    1451.59  0.000e+00
      31464     13.000     8.5366     8.5421     0.0057    0.91896    0.91910          1     7.1026     7.4300      92.47     1.7645     0.4695  1.000e-12  0.2958000     7.7227     7.7227     0.0000     5.8753     5.8748     12.882     13.164      0.557    1451.20    1451.22  0.000e+00
      31487     13.500     8.5642     8.5723     0.0079    0.92003    0.92015          1     7.0994     7.4388      38.71     1.7276     0.4033  1.000e-12  0.2957000     7.7263     7.7255    -0.0007     5.8756     5.8743     13.377     13.670      0.510    1451.32    1451.35  0.000e+00
      31511     14.000     8.5728     8.6036     0.0308    0.92021    0.92114          1     7.0869     7.4230      64.18     1.7426     0.3716  1.000e-12  0.2931000     7.7260     7.7276     0.0016     5.8746     5.8731     13.873     14.176      0.508    1451.36    1451.49  0.000e+00
      31534     14.500     8.5734     8.5795     0.0061    0.92024    0.92035          1     7.1011     7.4244      98.39     1.7762     0.3844  1.000e-12  0.2971000     7.7260     7.7257    -0.0003     5.8746     5.8738     14.368     14.683      0.528    1451.37    1451.40  0.000e+00
      31557     15.000     8.5517     8.5745     0.0229    0.91970    0.92034          1     7.0976     7.4311      40.81     1.7558     0.3789  1.000e-12  0.3077000     7.7258     7.7266     0.0008     5.8764     5.8750     14.863     15.189      0.525    1451.29    1451.39  0.000e+00
      31580     15.500     8.6333     8.6319    -0.0015    0.92224    0.92206          1     7.0974     7.4309      66.85     1.7866     0.3887  1.000e-12  0.3216000     7.7309     7.7296    -0.0013     5.8730     5.8721     15.359     15.695      0.516    1451.64    1451.63  0.000e+00
      31603     16.000     8.6201     8.6431     0.0230    0.92178    0.92239          1     7.1029     7.4172      65.90     1.7865     0.4378  1.000e-12  0.2858000     7.7296     7.7301     0.0005     5.8732     5.8715     15.854     16.202      0.526    1451.59    1451.68  0.000e+00
      31626     16.500     8.6334     8.6394     0.0058    0.92218    0.92228          1     7.1145     7.4188      63.50     1.7982     0.4636  1.000e-12  0.2867000     7.7302     7.7298    -0.0004     5.8725     5.8716     16.350     16.708      0.547    1451.65    1451.68  0.000e+00
      31647     17.000     8.6178     8.6264     0.0085    0.92165    0.92189          1     7.1112     7.4249      63.09     1.7987     0.3956  1.000e-12  0.2954000     7.7288     7.7290     0.0002     5.8728     5.8722     16.845     17.214      0.541    1451.59    1451.63  0.000e+00
      31670     17.500     8.5721     8.5836     0.0116    0.92039    0.92064          1     7.1003     7.4023      62.66     1.7833     0.4753  1.000e-12  0.2983000     7.7273     7.7270    -0.0003     5.8757     5.8745     17.341     17.720      0.523    1451.42    1451.46  0.000e+00
      31693     18.000     8.4914     8.5286     0.0372    0.91778    0.91887          1     7.0889     7.4102      61.95     1.7426     0.4715  1.000e-12  0.2995000     7.7212     7.7230     0.0017     5.8782     5.8762     17.836     18.227      0.525    1451.09    1451.24  0.000e+00
      31716     18.500     8.4246     8.4255     0.0008    0.91590    0.91586          1     7.0843     7.4255      61.40     1.6678     0.4433  1.000e-12  0.2906000     7.7187     7.7182    -0.0005     5.8821     5.8816     18.331     18.733      0.542    1450.83    1450.83  0.000e+00
      31738     19.000     8.4259     8.4199    -0.0058    0.91600    0.91573          1     7.0980     7.4194      61.97     1.5922     0.4127  1.000e-12  0.2808000     7.7193     7.7181    -0.0012     5.8825     5.8820     18.827     19.239      0.533    1450.84    1450.82  0.000e+00
      31761     19.500     8.3959     8.4045     0.0085    0.91501    0.91525          1     7.1118     7.4187      79.66     1.5738     0.4057  1.000e-12  0.2799000     7.7168     7.7171     0.0002     5.8831     5.8826     19.322     19.746      0.505    1450.73    1450.76  0.000e+00
      31785     20.000     8.3717     8.3722     0.0005    0.91421    0.91425          1     7.1210     7.4242      59.53     1.5327     0.4294  1.000e-12  0.2760000     7.7147     7.7150     0.0003     5.8836     5.8838     19.818     20.252      0.506    1450.63    1450.64  0.000e+00
      31808     20.500     8.3339     8.3423     0.0084    0.91309    0.91323          1     7.1127     7.4287      59.18     1.5322     0.4379  1.000e-12  0.2987000     7.7128     7.7122    -0.0006     5.8854     5.8842     20.313     20.758      0.532    1450.49    1450.52  0.000e+00
      31830     21.000     8.3235     8.3299     0.0064    0.91276    0.91295          1     7.1100     7.4215      58.74     1.5219     0.4101  1.000e-12  0.2919000     7.7120     7.7123     0.0002     5.8857     5.8853     20.809     21.264      0.553    1450.45    1450.48  0.000e+00
      31852     21.500     8.2961     8.2956    -0.0005    0.91190    0.91183          1     7.1166     7.4116      58.20     1.4733     0.3585  1.000e-12  0.2769000     7.7101     7.7096    -0.0005     5.8866     5.8862     21.304     21.771      0.557    1450.34    1450.34  0.000e+00
      31873     22.000     8.2821     8.2832     0.0011    0.91154    0.91151          1     7.1191     7.4137      57.89     1.4143     0.4108  1.000e-12  0.3037000     7.7099     7.7093    -0.0005     5.8876     5.8870     21.799     22.277      0.533    1450.30    1450.30  0.000e+00
      31897     22.500     8.2705     8.2699    -0.0006    0.91118    0.91112          1     7.1269     7.4191      78.97     1.3865     0.3992  1.000e-12  0.3042000     7.7090     7.7086    -0.0004     5.8879     5.8876     22.295     22.783      0.489    1450.26    1450.25  0.000e+00
      31922     23.000     8.2486     8.2517     0.0032    0.91056    0.91059          1     7.1158     7.4248      61.75     1.3885     0.3722  1.000e-12  0.2794000     7.7081     7.7077    -0.0004     5.8891     5.8885     22.790     23.290      0.483    1450.17    1450.19  0.000e+00
      31946     23.500     8.2421     8.2419    -0.0002    0.91039    0.91032          1     7.1121     7.4281      99.10     1.3825     0.3753  1.000e-12  0.2749000     7.7079     7.7073    -0.0006     5.8895     5.8890     23.286     23.796      0.530    1450.16    1450.15  0.000e+00
      31968     24.000     8.2105     8.2114     0.0008    0.90941    0.90939          1     7.1224     7.4354      73.56     1.3652     0.3741  1.000e-12  0.2771000     7.7058     7.7054    -0.0004     5.8905     5.8902     23.781     24.302      0.568    1450.03    1450.04  0.000e+00
      31989     24.500     8.1973     8.2018     0.0045    0.90902    0.90912          1     7.1273     7.4467      35.93     1.3263     0.4078  1.000e-12  0.2746000     7.7051     7.7050    -0.0001     5.8911     5.8907     24.276     24.808      0.571    1449.99    1450.01  0.000e+00
      32010     25.000     8.1844     8.1853     0.0010    0.90866    0.90863          1     7.1216     7.4459      67.81     1.3365     0.3838  1.000e-12  0.2862000     7.7045     7.7041    -0.0005     5.8917     5.8913     24.772     25.315      0.550    1449.94    1449.94  0.000e+00
      32032     25.500     8.1756     8.1796     0.0040    0.90841    0.90849          1     7.1182     7.4476      54.21     1.3068     0.3585  1.000e-12  0.2817000     7.7041     7.7040    -0.0002     5.8922     5.8917     25.267     25.821      0.510    1449.91    1449.93  0.000e+00
      32057     26.000     8.1516     8.1535     0.0020    0.90770    0.90770          1     7.1100     7.4487      53.78     1.2894     0.3401  1.000e-12  0.2754000     7.7029     7.7025    -0.0004     5.8932     5.8927     25.763     26.327      0.477    1449.82    1449.83  0.000e+00
      32082     26.500     8.1377     8.1396     0.0020    0.90733    0.90734          1     7.1033     7.4516      53.18     1.2672     0.3268  1.000e-12  0.2785000     7.7024     7.7021    -0.0003     5.8940     5.8936     26.258     26.834      0.506    1449.77    1449.78  0.000e+00
      32105     27.000     8.1178     8.1212     0.0034    0.90682    0.90687          1     7.1115     7.4460      88.00     1.2553     0.3541  1.000e-12  0.2758000     7.7021     7.7018    -0.0003     5.8955     5.8949     26.753     27.340      0.568    1449.70    1449.71  0.000e+00
      32125     27.500     8.1122     8.1155     0.0033    0.90672    0.90677          1     7.1098     7.4553      59.11     1.2354     0.3856  1.000e-12  0.2837000     7.7024     7.7021    -0.0003     5.8961     5.8956     27.249     27.846      0.581    1449.68    1449.70  0.000e+00
      32146     28.000     8.1015     8.1020     0.0005    0.90651    0.90649          1     7.1066     7.4484      38.80     1.2114     0.3486  1.000e-12  0.2989000     7.7027     7.7024    -0.0003     5.8973     5.8970     27.744     28.352      0.533    1449.65    1449.65  0.000e+00
