ctdpy/exports/archive_20191121_122431/received_data/SBE09_1044_20180130_1737_34_02_0035.cnv
* Sea-Bird SBE 9 Data File:
* FileName = C:\ctd\temp\2018\ME18D035.hex
* Software Version Seasave V 7.26.6.26
* Temperature SN = 5351
* Conductivity SN = 3941
* Number of Bytes Per Scan = 41
* Number of Voltage Words = 4
* Number of Scans Averaged by the Deck Unit = 1
* NMEA Latitude = 60 10.99 N
* NMEA Longitude = 019 08.99 E
* NMEA UTC (Time) = Jan 30 2018  17:38:05
* NMEA baud rate = 4800
** Station:  F64 Solovjeva
** Operator:  SSip
** Ship: MERI
** Average sound velocity: 1439.03 m/s
** True-depth calculation Tue, 30 Jan 2018 18:41:15 +0000
** CTD Python Module SMHI /ver 3-12/ feb 2012 
** LIMS Job: 20183402-0035
** Cruise: SMHI-01-2018
** Latitude [GG MM.mm N] :
** Longitude [GG MM.mm E]:
# nquan = 26
# nvalues = 562                         
# units = specified
# name 0 = scan: Scan Count
# name 1 = prDM: Pressure, Digiquartz [db]
# name 2 = t090C: Temperature [ITS-90, deg C]
# name 3 = t190C: Temperature, 2 [ITS-90, deg C]
# name 4 = T2-T190C: Temperature Difference, 2 - 1 [ITS-90, deg C]
# name 5 = c0S/m: Conductivity [S/m]
# name 6 = c1S/m: Conductivity, 2 [S/m]
# name 7 = pumps: Pump Status
# name 8 = sbeox0ML/L: Oxygen, SBE 43 [ml/l]
# name 9 = sbeox1ML/L: Oxygen, SBE 43, 2 [ml/l]
# name 10 = altM: Altimeter [m]
# name 11 = flECO-AFL: Chl-a Fluorescence, WET Labs ECO-AFL/FL [mg/m^3]
# name 12 = flECO-AFL1: Phycocyanin Fluorescence, WET Labs ECO-AFL/FL, 2 [mg/m^3]
# name 13 = par: PAR/Irradiance, Biospherical/Lico [µE/(cm^2*s)]
# name 14 = turbWETntu0: Turbidity, WET Labs ECO [NTU]
# name 15 = sal00: Salinity, Practical [PSU]
# name 16 = sal11: Salinity, Practical, 2 [PSU]
# name 17 = secS-priS: Salinity, Practical, Difference, 2 - 1 [PSU]
# name 18 = sigma-t00: Density [sigma-t, Kg/m^3 ]
# name 19 = sigma-t11: Density, 2 [sigma-t, Kg/m^3 ]
# name 20 = depSM: Depth [salt water, m], lat = 60.1832
# name 21 = depFM: Depth [true depth, m], lat = 60.1832
# name 22 = dz/dtM: Descent Rate [m/s], WS = 2
# name 23 = svCM: Sound Velocity [Chen-Millero, m/s]
# name 24 = svCM1: Sound Velocity, 2 [Chen-Millero, m/s]
# name 25 = flag: flag
# span 0 =       2643,      14297       
# span 1 =      1.000,    281.500       
# span 2 =     2.7951,     6.3779       
# span 3 =     2.7821,     6.3781       
# span 4 =    -0.0227,     0.0169       
# span 5 =   0.585744,   0.792226       
# span 6 =   0.585448,   0.792204       
# span 7 =          1,          1       
# span 8 =    5.65707,    8.61836       
# span 9 =    5.64442,    8.56534       
# span 10 =       4.30,      99.11      
# span 11 =     0.2599,     0.7116      
# span 12 =     0.2425,     0.4564      
# span 13 = -1.631e-05, 6.4165e-01      
# span 14 =     0.3185,     2.6395      
# span 15 =     5.6450,     6.9853      
# span 16 =     5.6455,     6.9850      
# span 17 =    -0.0084,     0.0074      
# span 18 =     4.4988,     5.4592      
# span 19 =     4.4992,     5.4591      
# span 20 =      0.991,    278.652      
# span 21 =      1.014,    285.244      
# span 22 =      0.111,      0.990      
# span 23 =    1423.53,    1445.38      
# span 24 =    1423.47,    1445.38      
# span 25 = 0.0000e+00, 0.0000e+00      
# interval = decibars: 0.5              
# start_time = Jan 30 2018 17:38:05 [NMEA time, first data scan]
# bad_flag = -9.990e-29
*END*
[from data line 112]
       5126     57.000     4.8157     4.8140    -0.0016    0.67776    0.67758          1     7.6373     7.6622      97.64     0.3564     0.3390  1.000e-12  0.3793000     6.2023     6.2008    -0.0015     4.9086     4.9075     56.454     57.791      0.504    1434.25    1434.25  0.000e+00
       5150     57.500     4.9432     4.9436     0.0003    0.68402    0.68394          1     7.5721     7.5632      97.62     0.3713     0.3195  1.000e-12  0.3648000     6.2396     6.2388    -0.0008     4.9338     4.9332     56.949     58.297      0.512    1434.88    1434.88  0.000e+00
       5172     58.000     4.9542     4.9549     0.0007    0.68438    0.68437          1     7.5562     7.5267      97.64     0.3584     0.3287  1.000e-12  0.3642000     6.2411     6.2408    -0.0002     4.9346     4.9344     57.444     58.804      0.557    1434.93    1434.94  0.000e+00
       5193     58.500     4.9604     4.9604    -0.0000    0.68457    0.68452          1     7.5508     7.5209      97.64     0.3394     0.3781  1.000e-12  0.3579000     6.2417     6.2412    -0.0005     4.9349     4.9345     57.939     59.311      0.603    1434.97    1434.97  0.000e+00
       5212     59.000     4.9623     4.9622    -0.0002    0.68461    0.68457          1     7.5447     7.5189      97.65     0.3493     0.3339  1.000e-12  0.3452000     6.2417     6.2413    -0.0004     4.9348     4.9345     58.435     59.818      0.602    1434.99    1434.99  0.000e+00
       5233     59.500     4.9651     4.9648    -0.0003    0.68476    0.68469          1     7.5444     7.5225      97.64     0.3499     0.3536  1.000e-12  0.3548000     6.2426     6.2420    -0.0006     4.9355     4.9350     58.930     60.324      0.559    1435.01    1435.00  0.000e+00
       5256     60.000     4.9643     4.9648     0.0005    0.68463    0.68462          1     7.5465     7.5170      97.64     0.3497     0.3525  1.000e-12  0.3624000     6.2414     6.2412    -0.0002     4.9345     4.9344     59.425     60.831      0.495    1435.01    1435.01  0.000e+00
       5281     60.500     4.9667     4.9671     0.0004    0.68472    0.68470          1     7.5570     7.5137      97.65     0.3494     0.3161  1.000e-12  0.3387000     6.2417     6.2414    -0.0003     4.9347     4.9345     59.920     61.338      0.497    1435.03    1435.03  0.000e+00
       5304     61.000     4.9753     4.9762     0.0009    0.68516    0.68520          1     7.5648     7.5325      97.66     0.3523     0.2684  1.000e-12  0.3647000     6.2444     6.2446     0.0002     4.9365     4.9366     60.415     61.845      0.571    1435.08    1435.08  0.000e+00
       5323     61.500     4.9902     4.9926     0.0024    0.68605    0.68614          1     7.5522     7.5374      97.67     0.3424     0.2693  1.000e-12  0.3600000     6.2502     6.2506     0.0004     4.9406     4.9409     60.910     62.352      0.616    1435.16    1435.17  0.000e+00
       5343     62.000     5.0243     5.0261     0.0018    0.68796    0.68803          1     7.5308     7.5194      97.65     0.3394     0.3232  1.000e-12  0.3432000     6.2624     6.2628     0.0004     4.9490     4.9493     61.405     62.858      0.590    1435.33    1435.34  0.000e+00
       5364     62.500     5.0441     5.0443     0.0002    0.68912    0.68910          1     7.5183     7.5066      97.68     0.3513     0.3425  1.000e-12  0.3620000     6.2700     6.2697    -0.0003     4.9543     4.9541     61.900     63.365      0.513    1435.44    1435.44  0.000e+00
       5390     63.000     5.0560     5.0560    -0.0000    0.68976    0.68973          1     7.5169     7.4878      97.68     0.3521     0.3547  1.000e-12  0.3633000     6.2739     6.2736    -0.0003     4.9570     4.9567     62.396     63.872      0.468    1435.50    1435.50  0.000e+00
       5415     63.500     5.0742     5.0744     0.0002    0.69098    0.69096          1     7.5138     7.4789      97.67     0.3614     0.3447  1.000e-12  0.4124000     6.2823     6.2821    -0.0002     4.9630     4.9628     62.891     64.379      0.542    1435.60    1435.60  0.000e+00
       5435     64.000     5.0934     5.0935     0.0001    0.69202    0.69198          1     7.5020     7.4730      97.70     0.3618     0.3280  1.000e-12  0.3836000     6.2888     6.2884    -0.0004     4.9674     4.9670     63.386     64.885      0.623    1435.70    1435.70  0.000e+00
       5453     64.500     5.1140     5.1128    -0.0012    0.69339    0.69329          1     7.4901     7.4640      97.71     0.3567     0.3175  1.000e-12  0.4179000     6.2982     6.2974    -0.0008     4.9741     4.9735     63.881     65.392      0.623    1435.81    1435.81  0.000e+00
       5474     65.000     5.1297     5.1316     0.0018    0.69417    0.69427          1     7.4731     7.4584      97.71     0.3453     0.3167  1.000e-12  0.3984000     6.3028     6.3034     0.0006     4.9771     4.9775     64.376     65.899      0.534    1435.90    1435.91  0.000e+00
       5500     65.500     5.1607     5.1609     0.0003    0.69592    0.69588          1     7.4613     7.4484      97.70     0.3283     0.3163  1.000e-12  0.3227000     6.3139     6.3134    -0.0005     4.9847     4.9843     64.871     66.406      0.450    1436.05    1436.05  0.000e+00
       5526     66.000     5.1961     5.1941    -0.0020    0.69794    0.69779          1     7.4509     7.4272      97.71     0.3165     0.3174  1.000e-12  0.3257000     6.3268     6.3257    -0.0011     4.9935     4.9928     65.366     66.912      0.505    1436.23    1436.22  0.000e+00
       5548     66.500     5.2342     5.2311    -0.0032    0.70032    0.70010          1     7.4258     7.3976      97.73     0.3146     0.3484  1.000e-12  0.3348000     6.3427     6.3411    -0.0016     5.0046     5.0035     65.861     67.419      0.588    1436.43    1436.41  0.000e+00
       5567     67.000     5.2421     5.2418    -0.0002    0.70098    0.70093          1     7.4004     7.3791      97.73     0.3271     0.3444  1.000e-12  0.3769000     6.3475     6.3470    -0.0005     5.0081     5.0077     66.357     67.926      0.615    1436.48    1436.48  0.000e+00
       5587     67.500     5.2398     5.2405     0.0006    0.70086    0.70086          1     7.3867     7.3651      97.74     0.3342     0.3158  1.000e-12  0.3595000     6.3467     6.3466    -0.0001     5.0076     5.0075     66.852     68.433      0.592    1436.47    1436.48  0.000e+00
       5608     68.000     5.2406     5.2411     0.0005    0.70090    0.70089          1     7.3884     7.3622      97.72     0.3380     0.3621  1.000e-12  0.3692000     6.3469     6.3467    -0.0002     5.0077     5.0075     67.347     68.939      0.547    1436.49    1436.49  0.000e+00
       5631     68.500     5.2408     5.2413     0.0005    0.70093    0.70091          1     7.3882     7.3716      97.74     0.3438     0.3219  1.000e-12  0.3610000     6.3470     6.3468    -0.0002     5.0078     5.0076     67.842     69.446      0.513    1436.49    1436.50  0.000e+00
       5654     69.000     5.2467     5.2470     0.0003    0.70132    0.70131          1     7.3783     7.3695      97.74     0.3468     0.3176  1.000e-12  0.3582000     6.3497     6.3495    -0.0002     5.0097     5.0095     68.337     69.953      0.506    1436.53    1436.53  0.000e+00
       5678     69.500     5.2528     5.2532     0.0004    0.70173    0.70172          1     7.3811     7.3706      97.74     0.3431     0.3065  1.000e-12  0.3837000     6.3525     6.3523    -0.0002     5.0116     5.0114     68.832     70.459      0.507    1436.57    1436.57  0.000e+00
       5702     70.000     5.2588     5.2594     0.0006    0.70204    0.70205          1     7.3862     7.3655      97.73     0.3360     0.3408  1.000e-12  0.3922000     6.3543     6.3543    -0.0000     5.0128     5.0128     69.327     70.966      0.521    1436.61    1436.61  0.000e+00
       5724     70.500     5.2818     5.2825     0.0007    0.70325    0.70327          1     7.3860     7.3502      97.74     0.3393     0.3642  1.000e-12  0.3791000     6.3616     6.3617     0.0000     5.0177     5.0177     69.822     71.473      0.576    1436.73    1436.73  0.000e+00
       5744     71.000     5.2901     5.2899    -0.0002    0.70386    0.70382          1     7.3820     7.3427      97.70     0.3397     0.3446  1.000e-12  0.4003000     6.3659     6.3656    -0.0003     5.0207     5.0205     70.317     71.980      0.633    1436.78    1436.77  0.000e+00
       5762     71.500     5.2910     5.2914     0.0003    0.70402    0.70400          1     7.3721     7.3345      97.74     0.3380     0.3319  1.000e-12  0.3776000     6.3672     6.3670    -0.0002     5.0217     5.0215     70.813     72.486      0.635    1436.79    1436.79  0.000e+00
       5782     72.000     5.2950     5.2973     0.0022    0.70430    0.70443          1     7.3669     7.3359      97.76     0.3382     0.3508  1.000e-12  0.3919000     6.3691     6.3700     0.0009     5.0231     5.0237     71.308     72.993      0.562    1436.82    1436.83  0.000e+00
       5806     72.500     5.3234     5.3243     0.0009    0.70634    0.70638          1     7.3554     7.3397      97.73     0.3484     0.3558  1.000e-12  0.4137000     6.3834     6.3836     0.0002     5.0333     5.0334     71.803     73.500      0.460    1436.97    1436.97  0.000e+00
       5833     73.000     5.4024     5.4014    -0.0009    0.71021    0.71012          1     7.3322     7.3292      97.75     0.3438     0.3291  1.000e-12  0.3861000     6.4058     6.4051    -0.0007     5.0477     5.0472     72.298     74.006      0.477    1437.35    1437.34  0.000e+00
       5856     73.500     5.4312     5.4327     0.0014    0.71179    0.71184          1     7.3059     7.2908      97.75     0.3241     0.3154  1.000e-12  0.3736000     6.4156     6.4157     0.0001     5.0542     5.0542     72.793     74.513      0.584    1437.50    1437.50  0.000e+00
       5875     74.000     5.4187     5.4203     0.0015    0.71187    0.71184          1     7.2959     7.2698      97.76     0.3384     0.3148  1.000e-12  0.3879000     6.4186     6.4180    -0.0006     5.0571     5.0565     73.288     75.020      0.648    1437.45    1437.46  0.000e+00
       5893     74.500     5.3847     5.3848     0.0003    0.71127    0.71124          1     7.2949     7.2649      97.76     0.3163     0.3158  1.000e-12  0.3767000     6.4193     6.4190    -0.0004     5.0591     5.0588     73.783     75.527      0.640    1437.31    1437.31  0.000e+00
       5913     75.000     5.3265     5.3278     0.0013    0.71015    0.71015          1     7.3027     7.2726      97.76     0.3149     0.2821  1.000e-12  0.3725000     6.4195     6.4193    -0.0002     5.0617     5.0614     74.278     76.033      0.564    1437.07    1437.07  0.000e+00
       5936     75.500     5.3005     5.3008     0.0004    0.71015    0.71017          1     7.3032     7.2809      97.74     0.3157     0.3122  1.000e-12  0.3713000     6.4244     6.4246     0.0002     5.0666     5.0667     74.773     76.540      0.486    1436.97    1436.97  0.000e+00
       5961     76.000     5.2958     5.2967     0.0010    0.71321    0.71325          1     7.2855     7.2797      97.76     0.3257     0.3444  1.000e-12  0.3826000     6.4550     6.4552     0.0002     5.0910     5.0911     75.269     77.047      0.512    1436.99    1437.00  0.000e+00
       5983     76.500     5.3203     5.3217     0.0014    0.71433    0.71435          1     7.2685     7.2581      97.76     0.3362     0.3161  1.000e-12  0.3893000     6.4610     6.4609    -0.0001     5.0948     5.0947     75.764     77.553      0.586    1437.12    1437.12  0.000e+00
       6003     77.000     5.3386     5.3375    -0.0011    0.71506    0.71498          1     7.2614     7.2399      97.79     0.3390     0.3155  1.000e-12  0.3750000     6.4645     6.4640    -0.0005     5.0968     5.0964     76.259     78.060      0.611    1437.21    1437.20  0.000e+00
       6022     77.500     5.3455     5.3422    -0.0032    0.71535    0.71519          1     7.2594     7.2349      97.77     0.3405     0.2711  1.000e-12  0.3743000     6.4660     6.4651    -0.0010     5.0977     5.0971     76.754     78.567      0.575    1437.25    1437.23  0.000e+00
       6045     78.000     5.3544     5.3549     0.0004    0.71575    0.71572          1     7.2655     7.2409      97.78     0.3300     0.2969  1.000e-12  0.3480000     6.4681     6.4677    -0.0004     5.0990     5.0987     77.249     79.073      0.528    1437.30    1437.30  0.000e+00
       6068     78.500     5.3772     5.3740    -0.0032    0.71669    0.71652          1     7.2728     7.2369      97.77     0.3229     0.2939  1.000e-12  0.3536000     6.4727     6.4717    -0.0010     5.1016     5.1010     77.744     79.580      0.534    1437.41    1437.40  0.000e+00
       6089     79.000     5.3774     5.3782     0.0009    0.71665    0.71665          1     7.2657     7.2214      97.79     0.3207     0.2893  1.000e-12  0.3631000     6.4723     6.4721    -0.0002     5.1013     5.1011     78.239     80.087      0.562    1437.42    1437.42  0.000e+00
       6111     79.500     5.3747     5.3796     0.0050    0.71675    0.71679          1     7.2615     7.2315      97.74     0.3169     0.3340  1.000e-12  0.3639000     6.4737     6.4732    -0.0006     5.1026     5.1019     78.734     80.594      0.563    1437.42    1437.44  0.000e+00
       6132     80.000     5.3552     5.3591     0.0039    0.71655    0.71658          1     7.2696     7.2405      97.77     0.3136     0.3484  1.000e-12  0.3636000     6.4755     6.4750    -0.0005     5.1048     5.1042     79.229     81.100      0.550    1437.34    1437.36  0.000e+00
       6154     80.500     5.3299     5.3367     0.0068    0.71618    0.71624          1     7.2644     7.2377      97.76     0.3155     0.3336  1.000e-12  0.3683000     6.4767     6.4759    -0.0008     5.1068     5.1059     79.724     81.607      0.562    1437.24    1437.27  0.000e+00
       6175     81.000     5.3259     5.3212    -0.0044    0.71608    0.71596          1     7.2632     7.2363      97.78     0.3158     0.3128  1.000e-12  0.3803000     6.4765     6.4762    -0.0002     5.1068     5.1068     80.219     82.114      0.598    1437.23    1437.21  0.000e+00
       6194     81.500     5.2889     5.2863    -0.0028    0.71545    0.71537          1     7.2730     7.2455      97.79     0.3164     0.3054  1.000e-12  0.3708000     6.4774     6.4771    -0.0003     5.1090     5.1089     80.715     82.620      0.609    1437.08    1437.07  0.000e+00
       6214     82.000     5.2679     5.2670    -0.0008    0.71519    0.71515          1     7.2780     7.2464      54.54     0.3200     0.3170  1.000e-12  0.3725000     6.4789     6.4787    -0.0002     5.1111     5.1109     81.210     83.127      0.566    1437.00    1436.99  0.000e+00
       6237     82.500     5.2604     5.2635     0.0031    0.71516    0.71511          1     7.2760     7.2427      87.61     0.3263     0.3164  1.000e-12  0.3830000     6.4800     6.4789    -0.0011     5.1122     5.1113     81.705     83.634      0.507    1436.97    1436.99  0.000e+00
       6261     83.000     5.2598     5.2574    -0.0024    0.71508    0.71501          1     7.2700     7.2398      97.92     0.3271     0.3167  1.000e-12  0.3753000     6.4793     6.4791    -0.0002     5.1117     5.1116     82.200     84.140      0.523    1436.98    1436.97  0.000e+00
       6283     83.500     5.2535     5.2534    -0.0000    0.71506    0.71504          1     7.2667     7.2439      97.79     0.3249     0.3172  1.000e-12  0.3753000     6.4803     6.4801    -0.0002     5.1127     5.1126     82.695     84.647      0.591    1436.96    1436.96  0.000e+00
       6302     84.000     5.2506     5.2499    -0.0006    0.71516    0.71519          1     7.2705     7.2445      97.80     0.3161     0.3195  1.000e-12  0.4149000     6.4818     6.4822     0.0004     5.1140     5.1144     83.190     85.154      0.624    1436.96    1436.95  0.000e+00
