ctdpy/exports/archive_20191121_122431/received_data/SBE09_1044_20181112_2153_34_01_0140.cnv
* Sea-Bird SBE 9 Data File:
* FileName = C:\ctd\temp\ar18d140.hex
* Software Version Seasave V 7.26.7.107
* Temperature SN = 5351
* Conductivity SN = 3941
* Number of Bytes Per Scan = 41
* Number of Voltage Words = 4
* Number of Scans Averaged by the Deck Unit = 1
* NMEA Latitude = 56 56.40 N
* NMEA Longitude = 012 12.74 E
* NMEA UTC (Time) = Nov 12 2018  21:53:19
* NMEA baud rate = 4800
** Station:  N14
** Operator:  JKro
** Ship: ARANDA
** Average sound velocity: 1476.48 m/s
** True-depth calculation Mon, 12 Nov 2018 22:39:04 +0000
** CTD Python Module SMHI /ver 3-12/ feb 2012 
** LIMS Job: 20183401-0140
** Cruise: SMHI-6-2018
** Latitude [GG MM.mm N]:
** Longitude [GG MM.mm E]
# nquan = 26
# nvalues = 52                          
# units = specified
# name 0 = scan: Scan Count
# name 1 = prDM: Pressure, Digiquartz [db]
# name 2 = t090C: Temperature [ITS-90, deg C]
# name 3 = t190C: Temperature, 2 [ITS-90, deg C]
# name 4 = T2-T190C: Temperature Difference, 2 - 1 [ITS-90, deg C]
# name 5 = c0S/m: Conductivity [S/m]
# name 6 = c1S/m: Conductivity, 2 [S/m]
# name 7 = pumps: Pump Status
# name 8 = sbeox0ML/L: Oxygen, SBE 43 [ml/l]
# name 9 = sbeox1ML/L: Oxygen, SBE 43, 2 [ml/l]
# name 10 = altM: Altimeter [m]
# name 11 = flECO-AFL: Chl-a Fluorescence, WET Labs ECO-AFL/FL [mg/m^3]
# name 12 = flECO-AFL1: Phycocyanin Fluorescence, WET Labs ECO-AFL/FL, 2 [mg/m^3]
# name 13 = par: PAR/Irradiance, Biospherical/Lico [µE/(cm^2*s)]
# name 14 = turbWETntu0: Turbidity, WET Labs ECO [NTU]
# name 15 = sal00: Salinity, Practical [PSU]
# name 16 = sal11: Salinity, Practical, 2 [PSU]
# name 17 = secS-priS: Salinity, Practical, Difference, 2 - 1 [PSU]
# name 18 = sigma-t00: Density [sigma-t, Kg/m^3 ]
# name 19 = sigma-t11: Density, 2 [sigma-t, Kg/m^3 ]
# name 20 = depSM: Depth [salt water, m], lat = 56.94
# name 21 = depFM: Depth [true depth, m], lat = 56.94
# name 22 = dz/dtM: Descent Rate [m/s], WS = 2
# name 23 = svCM: Sound Velocity [Chen-Millero, m/s]
# name 24 = svCM1: Sound Velocity, 2 [Chen-Millero, m/s]
# name 25 = flag: flag
# span 0 =      28062,      29541       
# span 1 =      1.000,     26.500       
# span 2 =     9.5408,    11.7733       
# span 3 =     9.5424,    11.7745       
# span 4 =    -0.0298,     0.0285       
# span 5 =   2.110861,   3.867911       
# span 6 =   2.110949,   3.867999       
# span 7 =          1,          1       
# span 8 =    4.65832,    6.97545       
# span 9 =    4.54345,    6.62491       
# span 10 =       3.65,      29.28      
# span 11 =     0.2198,     2.3283      
# span 12 =     0.2127,     0.4952      
# span 13 = -2.615e-06, 6.8649e-01      
# span 14 =     0.2002,     1.3573      
# span 15 =    18.4949,    33.9138      
# span 16 =    18.4949,    33.9150      
# span 17 =    -0.1665,     0.0839      
# span 18 =    14.1598,    25.7892      
# span 19 =    14.1596,    25.7901      
# span 20 =      0.991,     26.255      
# span 21 =      1.004,     26.521      
# span 22 =      0.108,      0.520      
# span 23 =    1468.10,    1495.17      
# span 24 =    1468.10,    1495.17      
# span 25 = 0.0000e+00, 0.0000e+00      
# interval = decibars: 0.5              
# start_time = Nov 12 2018 21:53:19 [NMEA time, first data scan]
# bad_flag = -9.990e-29
*END*
      28062      1.000     9.5408     9.5424     0.0017    2.11086    2.11095          1     6.9755     6.6249      29.28     2.3283     0.4070  6.865e-01  0.2401000    18.4949    18.4949     0.0000    14.1598    14.1596      0.991      1.004      0.108    1468.10    1468.10  0.000e+00
      28120      1.500     9.5424     9.5435     0.0010    2.11133    2.11128          1     6.9732     6.6040      28.82     2.0544     0.4165  1.203e-01  0.2474000    18.4984    18.4973    -0.0011    14.1624    14.1614      1.486      1.506      0.231    1468.12    1468.12  0.000e+00
      28166      2.000     9.5547     9.5525    -0.0021    2.11694    2.11498          1     6.9513     6.5911      27.88     2.0906     0.4100  1.182e-01  0.2383000    18.5456    18.5280    -0.0176    14.1976    14.1841      1.982      2.009      0.317    1468.23    1468.20  0.000e+00
      28198      2.500     9.5689     9.5689     0.0000    2.12696    2.12596          1     6.9259     6.5688      27.39     2.1518     0.4082  5.635e-02  0.2504000    18.6341    18.6245    -0.0096    14.2645    14.2571      2.477      2.511      0.397    1468.40    1468.39  0.000e+00
      28228      3.000     9.5915     9.5887    -0.0028    2.14793    2.14344          1     6.9064     6.5504      27.31     2.1561     0.4261  6.333e-02  0.2766000    18.8230    18.7815    -0.0415    14.4086    14.3766      2.972      3.013      0.404    1468.72    1468.66  0.000e+00
      28257      3.500     9.6192     9.6144    -0.0048    2.17915    2.17241          1     6.8962     6.5400      27.08     2.0656     0.4662  6.294e-03  0.2840000    19.1075    19.0453    -0.0621    14.6262    14.5785      3.468      3.515      0.429    1469.18    1469.09  0.000e+00
      28284      4.000     9.6598     9.6542    -0.0055    2.22636    2.21916          1     6.8935     6.5358      26.36     2.0985     0.4952  3.461e-03  0.2839000    19.5383    19.4723    -0.0661    14.9560    14.9054      3.963      4.017      0.447    1469.87    1469.77  0.000e+00
      28311      4.500     9.6730     9.6740     0.0010    2.24311    2.24307          1     6.8921     6.5259      25.93     2.1194     0.4375  2.502e-04  0.3087000    19.6919    19.6909    -0.0010    15.0737    15.0728      4.459      4.518      0.425    1470.11    1470.11  0.000e+00
      28340      5.000     9.6760     9.6786     0.0025    2.24694    2.24748          1     6.8755     6.5220      25.58     2.1102     0.4554 -2.615e-06  0.2728000    19.7268    19.7307     0.0038    15.1005    15.1031      4.954      5.020      0.413    1470.17    1470.19  0.000e+00
      28369      5.500     9.6827     9.6843     0.0017    2.25271    2.25289          1     6.8538     6.5145      24.96     1.9789     0.4520  1.000e-12  0.2543000    19.7785    19.7794     0.0009    15.1398    15.1403      5.449      5.522      0.433    1470.27    1470.28  0.000e+00
      28396      6.000     9.6864     9.6878     0.0014    2.25740    2.25778          1     6.8465     6.5054      24.36     1.9914     0.4619  1.000e-12  0.2845000    19.8213    19.8242     0.0029    15.1726    15.1747      5.945      6.023      0.436    1470.34    1470.35  0.000e+00
      28424      6.500     9.6921     9.6930     0.0010    2.26325    2.26299          1     6.8352     6.5107      23.88     1.9697     0.4951  1.000e-12  0.2617000    19.8743    19.8713    -0.0030    15.2130    15.2106      6.440      6.525      0.450    1470.44    1470.44  0.000e+00
      28450      7.000     9.6981     9.6987     0.0007    2.26881    2.26839          1     6.8352     6.5198      23.62     1.9739     0.4661  1.000e-12  0.2492000    19.9243    19.9199    -0.0044    15.2511    15.2477      6.936      7.027      0.467    1470.53    1470.53  0.000e+00
      28475      7.500     9.7052     9.7058     0.0006    2.27645    2.27595          1     6.8292     6.5086      23.07     2.0224     0.4338  1.000e-12  0.2567000    19.9937    19.9885    -0.0052    15.3042    15.3001      7.431      7.528      0.467    1470.65    1470.64  0.000e+00
      28501      8.000     9.7103     9.7114     0.0010    2.28193    2.28180          1     6.8258     6.5052      22.58     1.9408     0.4415  1.000e-12  0.2658000    20.0433    20.0415    -0.0019    15.3421    15.3405      7.926      8.030      0.469    1470.74    1470.74  0.000e+00
      28526      8.500     9.7179     9.7179     0.0001    2.29007    2.28879          1     6.8163     6.5013      22.29     1.8725     0.4109  1.000e-12  0.2545000    20.1172    20.1049    -0.0123    15.3985    15.3890      8.422      8.531      0.473    1470.86    1470.85  0.000e+00
      28552      9.000     9.7298     9.7303     0.0006    2.30174    2.30108          1     6.8130     6.4867      21.69     1.8855     0.4176  1.000e-12  0.2542000    20.2226    20.2161    -0.0066    15.4789    15.4738      8.917      9.033      0.454    1471.04    1471.04  0.000e+00
      28579      9.500     9.7346     9.7356     0.0010    2.30684    2.30663          1     6.7951     6.4804      21.10     1.8760     0.4335  1.000e-12  0.2467000    20.2689    20.2663    -0.0026    15.5143    15.5121      9.413      9.534      0.435    1471.13    1471.13  0.000e+00
      28607     10.000     9.7398     9.7412     0.0014    2.31799    2.31832          1     6.7784     6.4783      20.65     1.8020     0.4412  1.000e-12  0.2409000    20.3731    20.3755     0.0024    15.5946    15.5963      9.908     10.036      0.438    1471.28    1471.29  0.000e+00
      28634     10.500     9.7502     9.7499    -0.0003    2.33327    2.33174          1     6.7695     6.4681      20.10     1.8774     0.4500  1.000e-12  0.2383000    20.5141    20.4996    -0.0146    15.7029    15.6916     10.403     10.537      0.449    1471.50    1471.48  0.000e+00
      28660     11.000     9.7707     9.7703    -0.0004    2.35903    2.35728          1     6.7498     6.4494      19.66     1.9249     0.4646  1.000e-12  0.2513000    20.7504    20.7338    -0.0166    15.8839    15.8710     10.899     11.039      0.457    1471.87    1471.85  0.000e+00
      28686     11.500     9.7792     9.7802     0.0011    2.37605    2.37548          1     6.7175     6.4332      19.15     1.8595     0.4365  1.000e-12  0.2648000    20.9094    20.9033    -0.0061    16.0064    16.0015     11.394     11.540      0.472    1472.10    1472.10  0.000e+00
      28711     12.000     9.7851     9.7856     0.0005    2.39459    2.39241          1     6.6644     6.4063      18.69     1.8145     0.4191  1.000e-12  0.2710000    21.0846    21.0633    -0.0213    16.1419    16.1252     11.889     12.041      0.484    1472.35    1472.32  0.000e+00
      28736     12.500     9.7909     9.7912     0.0003    2.41088    2.40860          1     6.6505     6.3940      17.99     1.7953     0.4192  1.000e-12  0.2904000    21.2383    21.2161    -0.0222    16.2606    16.2433     12.385     12.542      0.486    1472.56    1472.54  0.000e+00
      28760     13.000     9.8060     9.8035    -0.0024    2.42921    2.42571          1     6.6584     6.3898      17.08     1.7373     0.4239  1.000e-12  0.2864000    21.4063    21.3740    -0.0323    16.3892    16.3644     12.880     13.043      0.500    1472.83    1472.78  0.000e+00
      28784     13.500     9.8231     9.8243     0.0011    2.45134    2.45148          1     6.6618     6.3828      16.93     1.7712     0.4327  1.000e-12  0.2858000    21.6098    21.6105     0.0007    16.5451    16.5455     13.376     13.544      0.507    1473.15    1473.15  0.000e+00
      28808     14.000     9.8279     9.8288     0.0009    2.46386    2.46314          1     6.6612     6.3780      16.44     1.7490     0.4058  1.000e-12  0.2733000    21.7279    21.7204    -0.0075    16.6363    16.6303     13.871     14.045      0.494    1473.32    1473.31  0.000e+00
      28833     14.500     9.8410     9.8399    -0.0011    2.47916    2.47718          1     6.6370     6.3563      15.96     1.7210     0.3780  1.000e-12  0.2731000    21.8678    21.8493    -0.0185    16.7433    16.7290     14.366     14.546      0.482    1473.55    1473.52  0.000e+00
      28858     15.000     9.8483     9.8493     0.0010    2.49444    2.49365          1     6.5917     6.3249      15.42     1.5349     0.3505  1.000e-12  0.2599000    22.0111    22.0029    -0.0082    16.8537    16.8472     14.862     15.047      0.487    1473.75    1473.75  0.000e+00
      28882     15.500     9.8534     9.8543     0.0008    2.52119    2.51760          1     6.5538     6.2875      15.01     1.6180     0.3399  1.000e-12  0.2292000    22.2670    22.2317    -0.0354    17.0520    17.0244     15.357     15.548      0.495    1474.09    1474.05  0.000e+00
      28906     16.000     9.8630     9.8625    -0.0005    2.56151    2.56115          1     6.5255     6.2517      14.47     1.4146     0.3953  1.000e-12  0.2303000    22.6521    22.6489    -0.0032    17.3502    17.3478     15.853     16.049      0.495    1474.60    1474.60  0.000e+00
      28931     16.500     9.9043     9.9029    -0.0014    2.60879    2.60717          1     6.4685     6.2017      13.93     1.3435     0.3683  1.000e-12  0.2310000    23.0851    23.0703    -0.0148    17.6811    17.6698     16.348     16.549      0.477    1475.29    1475.26  0.000e+00
      28956     17.000     9.9754     9.9741    -0.0013    2.67590    2.67411          1     6.4262     6.1654      13.32     1.1451     0.3397  1.000e-12  0.2236000    23.6918    23.6752    -0.0166    18.1428    18.1300     16.843     17.049      0.459    1476.29    1476.27  0.000e+00
      28983     17.500    10.0445    10.0444    -0.0001    2.73562    2.73432          1     6.3602     6.1180      12.87     0.9554     0.3242  1.000e-12  0.2002000    24.2275    24.2149    -0.0125    18.5493    18.5396     17.339     17.550      0.468    1477.21    1477.19  0.000e+00
      29008     18.000    10.1117    10.1076    -0.0042    2.78374    2.78007          1     6.3040     6.0677      12.48     0.9023     0.2983  1.000e-12  0.2049000    24.6510    24.6181    -0.0329    18.8687    18.8438     17.834     18.049      0.479    1477.98    1477.92  0.000e+00
      29033     18.500    10.1422    10.1360    -0.0061    2.80503    2.80037          1     6.2632     6.0325      11.91     0.7602     0.3044  1.000e-12  0.2419000    24.8377    24.7964    -0.0412    19.0094    18.9782     18.329     18.549      0.461    1478.32    1478.25  0.000e+00
      29059     19.000    10.1837    10.1788    -0.0050    2.83554    2.83111          1     6.2089     5.9930      11.42     0.7722     0.2814  1.000e-12  0.2547000    25.1064    25.0666    -0.0399    19.2121    19.1819     18.825     19.049      0.457    1478.81    1478.74  0.000e+00
      29086     19.500    10.2034    10.2017    -0.0017    2.84945    2.84794          1     6.1867     5.9598      10.88     0.8088     0.2772  1.000e-12  0.2487000    25.2282    25.2147    -0.0135    19.3039    19.2936     19.320     19.549      0.465    1479.04    1479.02  0.000e+00
      29111     20.000    10.2338    10.2278    -0.0060    2.86874    2.86485          1     6.1598     5.9191      10.41     0.7012     0.3009  1.000e-12  0.2734000    25.3950    25.3613    -0.0337    19.4289    19.4036     19.815     20.048      0.481    1479.36    1479.30  0.000e+00
      29135     20.500    10.2796    10.2717    -0.0079    2.89715    2.89238          1     6.1029     5.8515       9.86     0.7003     0.3084  1.000e-12  0.2805000    25.6398    25.5990    -0.0408    19.6123    19.5817     20.311     20.548      0.504    1479.83    1479.75  0.000e+00
      29159     21.000    10.3376    10.3308    -0.0069    2.93297    2.92859          1     5.9793     5.7344       9.47     0.6793     0.2515  1.000e-12  0.3004000    25.9480    25.9101    -0.0379    19.8430    19.8146     20.806     21.047      0.519    1480.42    1480.35  0.000e+00
      29182     21.500    10.4175    10.4069    -0.0105    2.97890    2.97356          1     5.8836     5.6604       8.83     0.7048     0.2377  1.000e-12  0.3241000    26.3385    26.2940    -0.0444    20.1341    20.1013     21.302     21.546      0.520    1481.19    1481.10  0.000e+00
      29205     22.000    10.5385    10.5329    -0.0055    3.06178    3.05866          1     5.7161     5.4862       7.57     0.6382     0.2726  1.000e-12  0.3536000    27.0583    27.0320    -0.0263    20.6746    20.6550     21.797     22.046      0.487    1482.51    1482.46  0.000e+00
      29231     22.500    10.8129    10.8413     0.0285    3.22539    3.23565          1     5.5166     5.3137       7.51     0.5283     0.2912  1.000e-12  0.4455000    28.4457    28.5240     0.0783    21.7083    21.7645     22.292     22.544      0.454    1485.18    1485.38  0.000e+00
      29258     23.000    11.0090    11.0248     0.0153    3.33988    3.34980          1     5.2585     5.0920       6.50     0.4459     0.2656  1.000e-12  0.5734000    29.4087    29.4926     0.0839    22.4239    22.4865     22.788     23.042      0.464    1487.05    1487.20  0.000e+00
      29283     23.500    11.2938    11.2975     0.0038    3.50117    3.50575          1     5.0312     4.9031       6.50     0.4205     0.2526  1.000e-12  0.7081000    30.7489    30.7905     0.0416    23.4161    23.4478     23.283     23.540      0.460    1489.67    1489.74  0.000e+00
      29311     24.000    11.3938    11.3877    -0.0059    3.55968    3.55719          1     4.9203     4.7961       5.91     0.3698     0.2694  1.000e-12  0.8169000    31.2350    31.2159    -0.0191    23.7761    23.7624     23.778     24.038      0.396    1490.62    1490.57  0.000e+00
      29345     24.500    11.6953    11.6655    -0.0298    3.78828    3.76850          1     4.7222     4.6210       5.60     0.3307     0.2681  1.000e-12  1.0042000    33.2021    33.0356    -0.1665    25.2496    25.1257     24.274     24.535      0.329    1494.03    1493.73  0.000e+00
      29384     25.000    11.7615    11.7599    -0.0016    3.85684    3.85696          1     4.6583     4.5434       5.09     0.2334     0.2183  1.000e-12  1.1963000    33.8121    33.8148     0.0026    25.7113    25.7137     24.769     25.032      0.293    1495.00    1495.00  0.000e+00
      29428     25.500    11.7673    11.7685     0.0012    3.86117    3.86151          1     4.6872     4.5496       4.60     0.2198     0.2363  1.000e-12  1.2418000    33.8490    33.8512     0.0023    25.7389    25.7404     25.264     25.528      0.245    1495.07    1495.08  0.000e+00
      29484     26.000    11.7733    11.7745     0.0012    3.86603    3.86618          1     4.7066     4.5528       4.11     0.2410     0.2127  1.000e-12  1.2868000    33.8907    33.8912     0.0004    25.7702    25.7703     25.760     26.025      0.203    1495.15    1495.16  0.000e+00
      29541     26.500    11.7679    11.7676    -0.0004    3.86791    3.86800          1     4.7093     4.5523       3.65     0.2261     0.2527  1.000e-12  1.3573000    33.9138    33.9150     0.0012    25.7892    25.7901     26.255     26.521      0.193    1495.17    1495.17  0.000e+00
