ctdpy/exports/archive_20191121_122431/received_data/SBE09_1044_20181109_1414_34_01_0121.cnv
* Sea-Bird SBE 9 Data File:
* FileName = C:\ctd\temp\ar18d121.hex
* Software Version Seasave V 7.26.7.107
* Temperature SN = 5351
* Conductivity SN = 3941
* Number of Bytes Per Scan = 41
* Number of Voltage Words = 4
* Number of Scans Averaged by the Deck Unit = 1
* NMEA Latitude = 57 24.99 N
* NMEA Longitude = 019 03.22 E
* NMEA UTC (Time) = Nov 09 2018  14:14:28
* NMEA baud rate = 4800
** Station:  Ostergarnsholm
** Operator:  JKro
** Ship: ARANDA
** Average sound velocity: 1446.78 m/s
** True-depth calculation Fri, 09 Nov 2018 16:27:07 +0000
** CTD Python Module SMHI /ver 3-12/ feb 2012 
** LIMS Job: 20183401-0121
** Cruise: SMHI-6-2018
** Latitude [GG MM.mm N]:
** Longitude [GG MM.mm E]
# nquan = 26
# nvalues = 72                          
# units = specified
# name 0 = scan: Scan Count
# name 1 = prDM: Pressure, Digiquartz [db]
# name 2 = t090C: Temperature [ITS-90, deg C]
# name 3 = t190C: Temperature, 2 [ITS-90, deg C]
# name 4 = T2-T190C: Temperature Difference, 2 - 1 [ITS-90, deg C]
# name 5 = c0S/m: Conductivity [S/m]
# name 6 = c1S/m: Conductivity, 2 [S/m]
# name 7 = pumps: Pump Status
# name 8 = sbeox0ML/L: Oxygen, SBE 43 [ml/l]
# name 9 = sbeox1ML/L: Oxygen, SBE 43, 2 [ml/l]
# name 10 = altM: Altimeter [m]
# name 11 = flECO-AFL: Chl-a Fluorescence, WET Labs ECO-AFL/FL [mg/m^3]
# name 12 = flECO-AFL1: Phycocyanin Fluorescence, WET Labs ECO-AFL/FL, 2 [mg/m^3]
# name 13 = par: PAR/Irradiance, Biospherical/Lico [µE/(cm^2*s)]
# name 14 = turbWETntu0: Turbidity, WET Labs ECO [NTU]
# name 15 = sal00: Salinity, Practical [PSU]
# name 16 = sal11: Salinity, Practical, 2 [PSU]
# name 17 = secS-priS: Salinity, Practical, Difference, 2 - 1 [PSU]
# name 18 = sigma-t00: Density [sigma-t, Kg/m^3 ]
# name 19 = sigma-t11: Density, 2 [sigma-t, Kg/m^3 ]
# name 20 = depSM: Depth [salt water, m], lat = 57.4165
# name 21 = depFM: Depth [true depth, m], lat = 57.4165
# name 22 = dz/dtM: Descent Rate [m/s], WS = 2
# name 23 = svCM: Sound Velocity [Chen-Millero, m/s]
# name 24 = svCM1: Sound Velocity, 2 [Chen-Millero, m/s]
# name 25 = flag: flag
# span 0 =      12558,      14952       
# span 1 =      1.000,     36.500       
# span 2 =     4.9486,     8.7191       
# span 3 =     4.9492,     8.7214       
# span 4 =    -0.0046,     0.0392       
# span 5 =   0.810242,   0.852947       
# span 6 =   0.810305,   0.852972       
# span 7 =          1,          1       
# span 8 =    6.76631,    7.53909       
# span 9 =    6.58061,    7.25032       
# span 10 =       0.61,      36.73      
# span 11 =     0.2734,     0.7160      
# span 12 =     0.1941,     0.3381      
# span 13 = -5.428e-11, 1.6002e+01      
# span 14 =     0.2104,     0.4349      
# span 15 =     6.9889,     7.5047      
# span 16 =     6.9885,     7.5043      
# span 17 =    -0.0033,     0.0007      
# span 18 =     5.2857,     5.9355      
# span 19 =     5.2851,     5.9353      
# span 20 =      0.991,     36.160      
# span 21 =      1.013,     36.974      
# span 22 =      0.132,      0.565      
# span 23 =    1436.18,    1450.96      
# span 24 =    1436.18,    1450.97      
# span 25 = 0.0000e+00, 0.0000e+00      
# interval = decibars: 0.5              
# start_time = Nov 09 2018 14:14:28 [NMEA time, first data scan]
# bad_flag = -9.990e-29
*END*
      12558      1.000     8.7086     8.7097     0.0011    0.84125    0.84124          1     7.5175     7.1783      36.73     0.6489     0.2755  1.600e+01  0.3102000     6.9898     6.9894    -0.0003     5.2873     5.2869      0.991      1.013      0.179    1450.79    1450.80  0.000e+00
      12834      1.500     8.7116     8.7134     0.0018    0.84133    0.84131          1     7.5221     7.1735      36.29     0.7160     0.2798  9.684e+00  0.3488000     6.9898     6.9893    -0.0005     5.2871     5.2865      1.486      1.520      0.334    1450.82    1450.82  0.000e+00
      12850      2.000     8.7164     8.7175     0.0012    0.84139    0.84136          1     7.5389     7.1537      36.00     0.6883     0.2759  5.208e+00  0.3768000     6.9894     6.9889    -0.0005     5.2863     5.2858      1.982      2.026      0.359    1450.84    1450.84  0.000e+00
      12882      2.500     8.7179     8.7193     0.0014    0.84144    0.84140          1     7.5391     7.1830      35.19     0.6805     0.2741  4.215e+00  0.3450000     6.9895     6.9888    -0.0006     5.2862     5.2856      2.477      2.533      0.450    1450.86    1450.86  0.000e+00
      12906      3.000     8.7169     8.7214     0.0045    0.84141    0.84142          1     7.5309     7.1763      34.98     0.6681     0.3081  3.874e+00  0.3531000     6.9893     6.9885    -0.0008     5.2862     5.2851      2.972      3.040      0.491    1450.86    1450.88  0.000e+00
      12931      3.500     8.7191     8.7214     0.0024    0.84142    0.84145          1     7.5261     7.1626      34.70     0.6771     0.3058  3.127e+00  0.3624000     6.9889     6.9887    -0.0002     5.2857     5.2853      3.468      3.546      0.466    1450.88    1450.88  0.000e+00
      12957      4.000     8.7086     8.7156     0.0071    0.84128    0.84135          1     7.5206     7.1668      34.02     0.6805     0.2855  2.798e+00  0.3575000     6.9897     6.9890    -0.0007     5.2872     5.2860      3.963      4.053      0.470    1450.84    1450.87  0.000e+00
      12982      4.500     8.6989     8.7088     0.0099    0.84116    0.84125          1     7.5110     7.1803      33.59     0.6754     0.3245  2.321e+00  0.3496000     6.9905     6.9894    -0.0011     5.2887     5.2869      4.458      4.559      0.520    1450.81    1450.85  0.000e+00
      13004      5.000     8.6969     8.6997     0.0029    0.84114    0.84115          1     7.5196     7.1811      33.12     0.6664     0.2827  2.039e+00  0.3572000     6.9907     6.9902    -0.0005     5.2890     5.2884      4.954      5.066      0.542    1450.81    1450.82  0.000e+00
      13026      5.500     8.6962     8.7018     0.0055    0.84115    0.84115          1     7.5366     7.1922      32.75     0.6491     0.2702  1.757e+00  0.3666000     6.9908     6.9898    -0.0011     5.2892     5.2879      5.449      5.572      0.552    1450.82    1450.84  0.000e+00
      13047      6.000     8.6993     8.7040     0.0048    0.84115    0.84117          1     7.5373     7.1660      32.13     0.6399     0.2657  1.496e+00  0.3466000     6.9902     6.9894    -0.0008     5.2884     5.2874      5.945      6.079      0.565    1450.84    1450.85  0.000e+00
      13069      6.500     8.6948     8.7006     0.0058    0.84118    0.84115          1     7.5298     7.1591      31.67     0.6510     0.2670  1.292e+00  0.3404000     6.9912     6.9898    -0.0014     5.2897     5.2880      6.440      6.586      0.543    1450.83    1450.85  0.000e+00
      13092      7.000     8.6995     8.7011     0.0016    0.84129    0.84121          1     7.5045     7.1769      31.12     0.6510     0.2663  1.130e+00  0.4041000     6.9913     6.9903    -0.0010     5.2893     5.2883      6.935      7.092      0.514    1450.86    1450.86  0.000e+00
      13115      7.500     8.7011     8.7031     0.0021    0.84123    0.84120          1     7.4943     7.1818      30.65     0.6515     0.2700  9.789e-01  0.3913000     6.9904     6.9897    -0.0006     5.2884     5.2877      7.431      7.599      0.526    1450.87    1450.88  0.000e+00
      13137      8.000     8.6996     8.7027     0.0031    0.84125    0.84123          1     7.5078     7.1720      30.08     0.6521     0.2961  8.534e-01  0.3679000     6.9908     6.9900    -0.0008     5.2889     5.2880      7.926      8.105      0.534    1450.87    1450.88  0.000e+00
      13160      8.500     8.6957     8.6980     0.0023    0.84125    0.84122          1     7.5117     7.1841      29.62     0.6450     0.2718  7.399e-01  0.3567000     6.9915     6.9908    -0.0007     5.2897     5.2890      8.421      8.612      0.507    1450.86    1450.87  0.000e+00
      13185      9.000     8.6946     8.6966     0.0020    0.84120    0.84118          1     7.5196     7.1703      29.05     0.6454     0.2692  6.430e-01  0.3435000     6.9912     6.9907    -0.0005     5.2897     5.2891      8.917      9.119      0.489    1450.87    1450.88  0.000e+00
      13209      9.500     8.6991     8.7040     0.0049    0.84133    0.84135          1     7.5265     7.1712      28.54     0.6407     0.2633  5.567e-01  0.3372000     6.9914     6.9907    -0.0008     5.2894     5.2884      9.412      9.625      0.488    1450.89    1450.91  0.000e+00
      13234     10.000     8.7015     8.6978    -0.0037    0.84138    0.84130          1     7.5322     7.1814      27.96     0.6369     0.2894  4.833e-01  0.3443000     6.9914     6.9913    -0.0000     5.2891     5.2895      9.908     10.132      0.486    1450.91    1450.90  0.000e+00
      13258     10.500     8.6873     8.6900     0.0028    0.84119    0.84117          1     7.5114     7.1655      27.47     0.6351     0.2766  4.211e-01  0.3472000     6.9924     6.9917    -0.0007     5.2912     5.2904     10.403     10.638      0.512    1450.86    1450.87  0.000e+00
      13281     11.000     8.6920     8.6944     0.0024    0.84129    0.84129          1     7.5087     7.1761      27.04     0.6153     0.2674  3.617e-01  0.3535000     6.9923     6.9918    -0.0005     5.2907     5.2901     10.898     11.145      0.532    1450.89    1450.90  0.000e+00
      13304     11.500     8.6983     8.6990     0.0007    0.84141    0.84137          1     7.5259     7.1808      26.52     0.6606     0.2723  3.121e-01  0.3507000     6.9921     6.9916    -0.0005     5.2900     5.2895     11.394     11.652      0.498    1450.92    1450.93  0.000e+00
      13329     12.000     8.7038     8.6993    -0.0045    0.84154    0.84145          1     7.5202     7.1740      25.99     0.6539     0.2943  2.732e-01  0.3418000     6.9921     6.9922     0.0001     5.2895     5.2900     11.889     12.158      0.456    1450.95    1450.94  0.000e+00
      13356     12.500     8.7033     8.7015    -0.0018    0.84154    0.84152          1     7.5126     7.1725      25.37     0.6614     0.3381  2.322e-01  0.3438000     6.9922     6.9923     0.0001     5.2896     5.2899     12.384     12.665      0.481    1450.96    1450.95  0.000e+00
      13379     13.000     8.6976     8.7027     0.0051    0.84149    0.84155          1     7.5190     7.1835      24.93     0.6525     0.3346  1.944e-01  0.3597000     6.9928     6.9923    -0.0005     5.2906     5.2898     12.880     13.171      0.506    1450.95    1450.97  0.000e+00
      13403     13.500     8.6917     8.6933     0.0016    0.84142    0.84141          1     7.5208     7.1878      24.42     0.6626     0.2847  1.617e-01  0.3424000     6.9932     6.9929    -0.0004     5.2915     5.2911     13.375     13.678      0.490    1450.93    1450.94  0.000e+00
      13429     14.000     8.6720     8.6783     0.0064    0.84127    0.84127          1     7.5089     7.1889      23.86     0.6265     0.2702  1.346e-01  0.3581000     6.9957     6.9945    -0.0013     5.2952     5.2936     13.870     14.185      0.465    1450.86    1450.89  0.000e+00
      13455     14.500     8.6623     8.6620    -0.0003    0.84124    0.84123          1     7.5108     7.1850      23.28     0.6158     0.3030  1.143e-01  0.3410000     6.9973     6.9973    -0.0000     5.2973     5.2973     14.366     14.691      0.464    1450.83    1450.83  0.000e+00
      13480     15.000     8.6533     8.6603     0.0070    0.84120    0.84127          1     7.5213     7.1751      22.71     0.6261     0.2906  9.159e-02  0.3528000     6.9987     6.9980    -0.0007     5.2992     5.2980     14.861     15.198      0.470    1450.81    1450.83  0.000e+00
      13505     15.500     8.6575     8.6538    -0.0036    0.84123    0.84121          1     7.5079     7.1884      22.27     0.6164     0.3058  7.820e-02  0.3452000     6.9981     6.9986     0.0005     5.2983     5.2991     15.357     15.704      0.492    1450.83    1450.82  0.000e+00
      13529     16.000     8.6507     8.6543     0.0036    0.84124    0.84127          1     7.5139     7.1909      21.70     0.6144     0.2779  5.449e-02  0.3408000     6.9995     6.9990    -0.0005     5.3000     5.2993     15.852     16.211      0.517    1450.81    1450.83  0.000e+00
      13552     16.500     8.6394     8.6385    -0.0010    0.84136    0.84142          1     7.5146     7.1848      21.28     0.5827     0.3153  3.810e-02  0.3519000     7.0027     7.0034     0.0007     5.3036     5.3042     16.347     16.717      0.508    1450.78    1450.78  0.000e+00
      13577     17.000     8.6233     8.6235     0.0002    0.84220    0.84219          1     7.4939     7.1828      20.48     0.5681     0.2957  2.551e-02  0.3534000     7.0134     7.0132    -0.0001     5.3133     5.3132     16.843     17.224      0.474    1450.74    1450.74  0.000e+00
      13603     17.500     8.5864     8.5840    -0.0023    0.84426    0.84419          1     7.4680     7.1769      19.43     0.5560     0.2770  1.352e-02  0.3682000     7.0391     7.0389    -0.0002     5.3367     5.3367     17.338     17.731      0.465    1450.63    1450.62  0.000e+00
      13628     18.000     8.5554     8.5509    -0.0046    0.84399    0.84388          1     7.4468     7.1529      19.34     0.5342     0.2416  2.349e-03  0.3703000     7.0427     7.0426    -0.0001     5.3422     5.3426     17.833     18.237      0.479    1450.51    1450.50  0.000e+00
      13653     18.500     8.5318     8.5337     0.0019    0.84356    0.84358          1     7.4561     7.1344      18.34     0.5411     0.2143  1.308e-05  0.3770000     7.0435     7.0433    -0.0002     5.3449     5.3446     18.329     18.744      0.485    1450.43    1450.44  0.000e+00
      13678     19.000     8.5271     8.5302     0.0030    0.84342    0.84350          1     7.4801     7.1454      18.19     0.5518     0.2320 -5.428e-11  0.4026000     7.0432     7.0432     0.0001     5.3451     5.3449     18.824     19.250      0.489    1450.42    1450.43  0.000e+00
      13702     19.500     8.5255     8.5252    -0.0003    0.84342    0.84333          1     7.5041     7.1572      17.70     0.5299     0.2399  1.000e-12  0.3897000     7.0434     7.0427    -0.0007     5.3454     5.3449     19.319     19.757      0.491    1450.42    1450.41  0.000e+00
      13727     20.000     8.5236     8.5255     0.0018    0.84340    0.84341          1     7.5072     7.1786      17.30     0.4948     0.2710  1.000e-12  0.3746000     7.0436     7.0433    -0.0003     5.3457     5.3453     19.815     20.263      0.487    1450.42    1450.43  0.000e+00
      13751     20.500     8.5173     8.5167    -0.0005    0.84325    0.84319          1     7.4422     7.1658      16.48     0.5163     0.2885  1.000e-12  0.3968000     7.0434     7.0430    -0.0005     5.3461     5.3458     20.310     20.770      0.489    1450.40    1450.40  0.000e+00
      13776     21.000     8.4189     8.4290     0.0101    0.84363    0.84350          1     7.3367     7.0960      16.20     0.5070     0.2584  1.000e-12  0.4271000     7.0665     7.0632    -0.0033     5.3726     5.3692     20.805     21.276      0.483    1450.04    1450.08  0.000e+00
      13801     21.500     8.2801     8.2834     0.0034    0.84927    0.84928          1     7.2269     7.0017      15.76     0.4823     0.2571  1.000e-12  0.4349000     7.1452     7.1446    -0.0006     5.4460     5.4453     21.301     21.783      0.479    1449.58    1449.60  0.000e+00
      13826     22.000     8.2823     8.2854     0.0030    0.85042    0.85054          1     7.1897     6.9444      15.23     0.4593     0.2620  1.000e-12  0.3799000     7.1551     7.1555     0.0004     5.4536     5.4537     21.796     22.290      0.483    1449.61    1449.62  0.000e+00
      13850     22.500     8.2916     8.2942     0.0025    0.85205    0.85211          1     7.2093     6.9572      14.68     0.4510     0.2408  1.000e-12  0.3322000     7.1679     7.1679    -0.0000     5.4629     5.4626     22.291     22.796      0.487    1449.67    1449.68  0.000e+00
      13875     23.000     8.2862     8.2883     0.0021    0.85278    0.85275          1     7.2269     7.0029      14.33     0.4394     0.2594  1.000e-12  0.3163000     7.1755     7.1748    -0.0007     5.4693     5.4686     22.787     23.303      0.475    1449.67    1449.68  0.000e+00
      13901     23.500     8.2419     8.2500     0.0080    0.85295    0.85297          1     7.1437     7.0167      13.91     0.4266     0.2356  1.000e-12  0.2966000     7.1860     7.1846    -0.0014     5.4812     5.4794     23.282     23.809      0.448    1449.51    1449.54  0.000e+00
      13928     24.000     8.0021     8.0200     0.0180    0.84985    0.85003          1     7.0329     7.0317      13.09     0.4432     0.2375  1.000e-12  0.2865000     7.2069     7.2048    -0.0021     5.5172     5.5142     23.777     24.316      0.449    1448.56    1448.64  0.000e+00
      13955     24.500     7.6492     7.6655     0.0162    0.84584    0.84593          1     6.9596     6.9996      12.73     0.4291     0.2111  1.000e-12  0.2874000     7.2430     7.2404    -0.0026     5.5733     5.5700     24.273     24.822      0.452    1447.17    1447.23  0.000e+00
      13982     25.000     7.4562     7.4652     0.0090    0.84557    0.84555          1     6.9125     6.9812      12.24     0.4098     0.2377  1.000e-12  0.3116000     7.2807     7.2786    -0.0021     5.6174     5.6150     24.768     25.328      0.446    1446.43    1446.46  0.000e+00
      14008     25.500     7.2876     7.2976     0.0099    0.84602    0.84609          1     6.9053     7.0351      11.85     0.3969     0.2654  1.000e-12  0.2994000     7.3203     7.3188    -0.0015     5.6606     5.6588     25.263     25.835      0.464    1445.78    1445.82  0.000e+00
      14033     26.000     7.0396     7.0632     0.0236    0.84310    0.84333          1     6.8896     7.0512      11.30     0.3753     0.2325  1.000e-12  0.2729000     7.3455     7.3426    -0.0029     5.6977     5.6939     25.759     26.341      0.480    1444.79    1444.88  0.000e+00
      14059     26.500     6.7908     6.7987     0.0079    0.83972    0.83970          1     6.8696     7.1353      10.88     0.3608     0.2428  1.000e-12  0.2437000     7.3669     7.3650    -0.0019     5.7311     5.7291     26.254     26.848      0.457    1443.78    1443.81  0.000e+00
      14086     27.000     6.3894     6.4185     0.0290    0.83201    0.83243          1     6.8813     7.2084      10.39     0.3674     0.2537  1.000e-12  0.2591000     7.3801     7.3778    -0.0023     5.7663     5.7628     26.749     27.354      0.448    1442.10    1442.22  0.000e+00
      14112     27.500     6.1142     6.1532     0.0392    0.82590    0.82659          1     6.8750     7.2092       9.80     0.3290     0.2217  1.000e-12  0.2509000     7.3812     7.3794    -0.0019     5.7830     5.7794     27.245     27.860      0.465    1440.94    1441.10  0.000e+00
      14138     28.000     5.7949     5.8168     0.0218    0.81873    0.81908          1     6.9091     7.2503       9.28     0.3213     0.2314  1.000e-12  0.2576000     7.3816     7.3803    -0.0013     5.8003     5.7981     27.740     28.367      0.463    1439.58    1439.67  0.000e+00
