ctdpy/exports/archive_20191121_122431/received_data/SBE09_0827_20180129_1550_26_01_0258.cnv
* Sea-Bird SBE 9 Data File:
* FileName = D:\CTD_SBE911\DAT\26DA.2018.1.158.hex
* Software Version Seasave V 7.21d
* Temperature SN = 034757
* Conductivity SN = 041844
* Number of Bytes Per Scan = 48
* Number of Voltage Words = 5
* Number of Scans Averaged by the Deck Unit = 1
* NMEA Latitude = 58 01.60 N
* NMEA Longitude = 011 09.26 E
* NMEA UTC (Time) = Jan 29 2018  15:50:40
* NMEA baud rate = 4800
** Ship: DANA
** Average sound velocity: 1473.88 m/s
** True-depth calculation Thu, 28 Mar 2019 08:34:11 +0000
** CTD Python Module SMHI /ver 3-12/ feb 2012 
** LIMS Job: 20182601-0258
** 8Sw Måseskær
** Operator: Ronny Sørensen
** Cruise: 01/2018
# nquan = 26
# nvalues = 220                         
# units = specified
# name 0 = scan: Scan Count
# name 1 = prDM: Pressure, Digiquartz [db]
# name 2 = t090C: Temperature [ITS-90, deg C]
# name 3 = t190C: Temperature, 2 [ITS-90, deg C]
# name 4 = T2-T190C: Temperature Difference, 2 - 1 [ITS-90, deg C]
# name 5 = c0S/m: Conductivity [S/m]
# name 6 = c1S/m: Conductivity, 2 [S/m]
# name 7 = pumps: Pump Status
# name 8 = sbeox1ML/L: Oxygen, SBE 43, 2 [ml/l]
# name 9 = sbeox0ML/L: Oxygen, SBE 43 [ml/l]
# name 10 = altM: Altimeter [m]
# name 11 = chloroflTC0: Chlorophyll, Turner Cyclops [ug/l]
# name 12 = cpar: CPAR/Corrected Irradiance [%]
# name 13 = par: PAR/Irradiance, Biospherical/Lico [µE/(cm^2*s)]
# name 14 = spar: SPAR, Biospherical/Licor
# name 15 = sal00: Salinity, Practical [PSU]
# name 16 = sal11: Salinity, Practical, 2 [PSU]
# name 17 = secS-priS: Salinity, Practical, Difference, 2 - 1 [PSU]
# name 18 = sigma-t00: Density [sigma-t, kg/m^3 ]
# name 19 = sigma-t11: Density, 2 [sigma-t, kg/m^3 ]
# name 20 = depSM: Depth [salt water, m], lat = 58.0267
# name 21 = depFM: Depth [true depth, m], lat = 58.0267
# name 22 = dz/dtM: Descent Rate [m/s], WS = 2
# name 23 = svCM: Sound Velocity [Chen-Millero, m/s]
# name 24 = svCM1: Sound Velocity, 2 [Chen-Millero, m/s]
# name 25 = flag: flag
# span 0 =        201,      12535       
# span 1 =      2.000,    111.500       
# span 2 =     5.9135,     6.0519       
# span 3 =     5.9092,     6.0504       
# span 4 =    -0.0201,     0.0405       
# span 5 =   3.261143,   3.336137       
# span 6 =   3.260745,   3.335859       
# span 7 =          1,          1       
# span 8 =     6.1975,     6.3744       
# span 9 =     6.2044,     6.4501       
# span 10 =       2.17,       9.96      
# span 11 =     0.0221,     0.3594      
# span 12 = 2.4605e-11, 1.0628e+05      
# span 13 = 1.0000e-12, 1.0000e-12      
# span 14 = -1.275e-01, 4.0630e+00      
# span 15 =    33.1051,    33.8284      
# span 16 =    33.1049,    33.8262      
# span 17 =    -0.0691,    -0.0001      
# span 18 =    26.0661,    26.6292      
# span 19 =    26.0665,    26.6276      
# span 20 =      1.981,    110.437      
# span 21 =      1.985,    110.631      
# span 22 =      0.006,      0.813      
# span 23 =    1472.08,    1475.02      
# span 24 =    1472.06,    1475.01      
# span 25 = 0.0000e+00, 0.0000e+00      
# interval = decibars: 0.5              
# start_time = Jan 29 2018 15:50:41 [NMEA time, first data scan]
# bad_flag = -9.990e-29
*END*
        201      2.000     5.9226     5.9208    -0.0018    3.26471    3.26437          1     6.3442     6.2044       9.96     0.0231  2.462e-11  1.000e-12  4.062e+00    33.1376    33.1356    -0.0020    26.0907    26.0893      1.981      1.985      0.220    1472.12    1472.11  0.000e+00
        497      2.500     5.9193     5.9173    -0.0021    3.26356    3.26302          1     6.3319     6.3668       9.96     0.0226  2.462e-11  1.000e-12  4.062e+00    33.1277    33.1236    -0.0041    26.0832    26.0802      2.477      2.482      0.324    1472.10    1472.09  0.000e+00
        553      3.000     5.9205     5.9183    -0.0022    3.26380    3.26303          1     6.3405     6.4206       9.96     0.0221  2.462e-11  1.000e-12  4.062e+00    33.1289    33.1225    -0.0064    26.0840    26.0792      2.972      2.978      0.335    1472.11    1472.10  0.000e+00
        647      3.500     5.9204     5.9187    -0.0017    3.26371    3.26303          1     6.3700     6.4501       9.95     0.0224  2.462e-11  1.000e-12  4.062e+00    33.1278    33.1218    -0.0059    26.0832    26.0787      3.468      3.474      0.413    1472.12    1472.10  0.000e+00
        671      4.000     5.9197     5.9180    -0.0017    3.26338    3.26297          1     6.3465     6.4489       9.96     0.0232  2.462e-11  1.000e-12  4.062e+00    33.1244    33.1215    -0.0029    26.0806    26.0785      3.963      3.971      0.592    1472.12    1472.11  0.000e+00
        689      4.500     5.9135     5.9092    -0.0043    3.26114    3.26075          1     6.3316     6.4473       9.96     0.0233  2.462e-11  1.000e-12  4.062e+00    33.1051    33.1049    -0.0002    26.0661    26.0665      4.458      4.467      0.668    1472.08    1472.06  0.000e+00
        707      5.000     5.9247     5.9208    -0.0039    3.26531    3.26221          1     6.3424     6.4460       9.96     0.0283  2.462e-11  1.000e-12  4.062e+00    33.1408    33.1098    -0.0310    26.0929    26.0689      4.954      4.963      0.594    1472.18    1472.12  0.000e+00
        735      5.500     5.9350     5.9291    -0.0060    3.26881    3.26606          1     6.3330     6.4483       9.96     0.0294  2.462e-11  1.000e-12  4.062e+00    33.1699    33.1447    -0.0252    26.1146    26.0955      5.449      5.460      0.386    1472.26    1472.21  0.000e+00
        884      6.000     5.9458     5.9452    -0.0005    3.27270    3.27067          1     6.2681     6.4435       9.95     0.0294  2.462e-11  1.000e-12  4.062e+00    33.2027    33.1806    -0.0222    26.1393    26.1218      5.944      5.956      0.710    1472.36    1472.33  0.000e+00
        890      6.500     5.9497     5.9487    -0.0010    3.27375    3.27258          1     6.2727     6.4492       9.96     0.0294  2.462e-11  1.000e-12  4.062e+00    33.2105    33.1983    -0.0122    26.1449    26.1354      6.440      6.452      0.791    1472.39    1472.37  0.000e+00
        905      7.000     5.9517     5.9478    -0.0039    3.27447    3.27282          1     6.2744     6.4482       9.95     0.0294  2.462e-11  1.000e-12  4.062e+00    33.2163    33.2016    -0.0148    26.1493    26.1381      6.935      6.948      0.628    1472.41    1472.38  0.000e+00
        991      7.500     5.9637     5.9600    -0.0036    3.27837    3.27667          1     6.3489     6.4469       9.95     0.0310  2.462e-11  1.000e-12  4.062e+00    33.2482    33.2326    -0.0155    26.1730    26.1611      7.430      7.445      0.278    1472.51    1472.48  0.000e+00
       1049      8.000     5.9694     5.9667    -0.0027    3.28017    3.27920          1     6.3744     6.4435       9.95     0.0299  2.462e-11  1.000e-12  4.062e+00    33.2626    33.2542    -0.0084    26.1836    26.1774      7.926      7.941      0.331    1472.56    1472.54  0.000e+00
       1095      8.500     5.9707     5.9681    -0.0026    3.28071    3.27965          1     6.3241     6.4441       9.95     0.0301  2.462e-11  1.000e-12  4.062e+00    33.2671    33.2578    -0.0094    26.1871    26.1800      8.421      8.437      0.237    1472.58    1472.55  0.000e+00
       1139      9.000     5.9767     5.9718    -0.0049    3.28275    3.28074          1     6.3130     6.4476       9.95     0.0302  2.462e-11  1.000e-12  4.062e+00    33.2838    33.2661    -0.0177    26.1995    26.1861      8.916      8.934      0.403    1472.63    1472.59  0.000e+00
       1164      9.500     5.9815     5.9758    -0.0057    3.28422    3.28195          1     6.3272     6.4443       9.95     0.0305  2.462e-11  1.000e-12  4.062e+00    33.2954    33.2755    -0.0200    26.2081    26.1930      9.412      9.430      0.450    1472.67    1472.63  0.000e+00
       1217     10.000     5.9879     5.9802    -0.0077    3.28659    3.28357          1     6.3425     6.4405       9.95     0.0307  2.462e-11  1.000e-12  4.062e+00    33.3155    33.2892    -0.0264    26.2232    26.2033      9.907      9.926      0.274    1472.73    1472.67  0.000e+00
       1276     10.500     5.9961     5.9915    -0.0047    3.28946    3.28705          1     6.2933     6.4406       9.96     0.0302  2.533e-11  1.000e-12  4.003e+00    33.3394    33.3169    -0.0225    26.2410    26.2238     10.402     10.422      0.344    1472.80    1472.76  0.000e+00
       1350     11.000     6.0013     5.9966    -0.0047    3.29122    3.28919          1     6.3274     6.4376       9.95     0.0305  2.463e-11  1.000e-12  4.061e+00    33.3539    33.3358    -0.0181    26.2518    26.2381     10.898     10.919      0.265    1472.85    1472.81  0.000e+00
       1398     11.500     6.0062     6.0029    -0.0033    3.29304    3.29140          1     6.3483     6.4341       9.96     0.0307  2.462e-11  1.000e-12  4.062e+00    33.3693    33.3541    -0.0152    26.2634    26.2518     11.393     11.415      0.468    1472.90    1472.87  0.000e+00
       1423     12.000     6.0170     6.0062    -0.0108    3.29685    3.29260          1     6.3214     6.4332       9.96     0.0312  2.462e-11  1.000e-12  4.062e+00    33.4011    33.3641    -0.0371    26.2872    26.2592     11.888     11.911      0.420    1472.99    1472.90  0.000e+00
       1460     12.500     6.0232     6.0085    -0.0147    3.29949    3.29375          1     6.3093     6.4344       9.95     0.0305  2.462e-11  1.000e-12  4.062e+00    33.4244    33.3745    -0.0500    26.3048    26.2672     12.384     12.407      0.277    1473.05    1472.93  0.000e+00
       1505     13.000     6.0309     6.0113    -0.0196    3.30251    3.29467          1     6.3180     6.4342       9.95     0.0304  2.462e-11  1.000e-12  4.062e+00    33.4505    33.3817    -0.0688    26.3244    26.2725     12.879     12.903      0.264    1473.12    1472.96  0.000e+00
       1556     13.500     6.0359     6.0158    -0.0201    3.30482    3.29689          1     6.3001     6.4343       9.95     0.0308  2.462e-11  1.000e-12  4.062e+00    33.4713    33.4021    -0.0691    26.3402    26.2881     13.374     13.400      0.194    1473.18    1473.01  0.000e+00
       1635     14.000     6.0373     6.0255    -0.0118    3.30540    3.30050          1     6.2740     6.4306       9.95     0.0314  2.480e-11  1.000e-12  4.047e+00    33.4761    33.4327    -0.0434    26.3439    26.3111     13.870     13.896      0.195    1473.20    1473.10  0.000e+00
       1694     14.500     6.0387     6.0286    -0.0101    3.30622    3.30174          1     6.2544     6.4252       9.95     0.0315  2.502e-11  1.000e-12  4.029e+00    33.4837    33.4434    -0.0403    26.3497    26.3191     14.365     14.392      0.280    1473.22    1473.13  0.000e+00
       1727     15.000     6.0409     6.0333    -0.0077    3.30746    3.30349          1     6.2576     6.4234       9.95     0.0317  2.460e-11  1.000e-12  4.063e+00    33.4952    33.4582    -0.0370    26.3585    26.3302     14.860     14.888      0.484    1473.25    1473.18  0.000e+00
       1748     15.500     6.0421     6.0378    -0.0044    3.30849    3.30578          1     6.2525     6.4287       9.96     0.0317  2.462e-11  1.000e-12  4.062e+00    33.5053    33.4792    -0.0261    26.3663    26.3462     15.356     15.384      0.551    1473.28    1473.23  0.000e+00
       1780     16.000     6.0435     6.0383    -0.0052    3.30932    3.30680          1     6.2558     6.4306       9.96     0.0317  2.462e-11  1.000e-12  4.062e+00    33.5130    33.4899    -0.0231    26.3722    26.3546     15.851     15.881      0.376    1473.30    1473.25  0.000e+00
       1888     16.500     6.0462     6.0442    -0.0020    3.31089    3.30930          1     6.2562     6.4225       9.96     0.0317  2.462e-11  1.000e-12  4.062e+00    33.5277    33.5119    -0.0158    26.3835    26.3713     16.346     16.377      0.484    1473.34    1473.31  0.000e+00
       1908     17.000     6.0475     6.0456    -0.0019    3.31196    3.31062          1     6.2854     6.4189       9.95     0.0312  2.462e-11  1.000e-12  4.062e+00    33.5382    33.5251    -0.0132    26.3917    26.3815     16.842     16.873      0.490    1473.36    1473.34  0.000e+00
       1976     17.500     6.0477     6.0455    -0.0022    3.31243    3.31116          1     6.3032     6.4223       9.95     0.0315  2.462e-11  1.000e-12  4.062e+00    33.5430    33.5310    -0.0120    26.3954    26.3862     17.337     17.369      0.271    1473.38    1473.36  0.000e+00
       2056     18.000     6.0495     6.0471    -0.0024    3.31397    3.31228          1     6.2573     6.4205       9.95     0.0319  2.462e-11  1.000e-12  4.062e+00    33.5583    33.5417    -0.0166    26.4073    26.3945     17.832     17.865      0.472    1473.41    1473.38  0.000e+00
       2073     18.500     6.0519     6.0497    -0.0022    3.31624    3.31392          1     6.2555     6.4175       9.96     0.0319  2.462e-11  1.000e-12  4.062e+00    33.5811    33.5573    -0.0238    26.4250    26.4065     18.328     18.361      0.668    1473.46    1473.42  0.000e+00
       2089     19.000     6.0519     6.0504    -0.0015    3.31789    3.31551          1     6.2697     6.4128       9.96     0.0319  2.462e-11  1.000e-12  4.062e+00    33.5994    33.5743    -0.0252    26.4395    26.4198     18.823     18.858      0.693    1473.49    1473.46  0.000e+00
       2108     19.500     6.0487     6.0485    -0.0002    3.31968    3.31700          1     6.2678     6.4064       9.95     0.0321  2.462e-11  1.000e-12  4.062e+00    33.6225    33.5926    -0.0299    26.4581    26.4345     19.318     19.354      0.519    1473.52    1473.48  0.000e+00
       2225     20.000     6.0464     6.0460    -0.0004    3.32085    3.31930          1     6.2344     6.4148       9.95     0.0325  2.548e-11  1.000e-12  3.991e+00    33.6377    33.6207    -0.0170    26.4704    26.4570     19.814     19.850      0.374    1473.54    1473.51  0.000e+00
       2296     20.500     6.0437     6.0436    -0.0001    3.32207    3.32089          1     6.2051     6.4019       9.95     0.0321  2.607e-11  1.000e-12  3.942e+00    33.6539    33.6408    -0.0131    26.4835    26.4732     20.309     20.346      0.698    1473.55    1473.54  0.000e+00
       2311     21.000     6.0413     6.0421     0.0008    3.32319    3.32150          1     6.2328     6.3996       9.95     0.0325  2.465e-11  1.000e-12  4.060e+00    33.6686    33.6488    -0.0198    26.4954    26.4797     20.804     20.842      0.783    1473.57    1473.55  0.000e+00
       2326     21.500     6.0223     6.0332     0.0110    3.32394    3.32246          1     6.2695     6.4029       9.95     0.0329  2.462e-11  1.000e-12  4.062e+00    33.6957    33.6682    -0.0275    26.5192    26.4961     21.300     21.338      0.729    1473.54    1473.55  0.000e+00
       2353     22.000     5.9742     6.0147     0.0405    3.32207    3.32269          1     6.2814     6.4088       9.95     0.0341  2.591e-11  1.000e-12  3.955e+00    33.7223    33.6890    -0.0333    26.5463    26.5149     21.795     21.834      0.448    1473.39    1473.51  0.000e+00
       2495     22.500     5.9585     5.9687     0.0101    3.32113    3.32141          1     6.3664     6.4060       9.95     0.0401  2.675e-11  1.000e-12  3.886e+00    33.7271    33.7201    -0.0070    26.5520    26.5452     22.290     22.330      0.216    1473.34    1473.37  0.000e+00
       2543     23.000     5.9279     5.9519     0.0240    3.31888    3.32089          1     6.3163     6.4117       9.95     0.0405  2.542e-11  1.000e-12  3.995e+00    33.7319    33.7307    -0.0012    26.5596    26.5556     22.786     22.827      0.330    1473.23    1473.32  0.000e+00
       2569     23.500     5.9156     5.9479     0.0323    3.31829    3.32056          1     6.2905     6.4040       9.95     0.0435  2.659e-11  1.000e-12  3.899e+00    33.7374    33.7307    -0.0066    26.5654    26.5562     23.281     23.323      0.472    1473.20    1473.32  0.000e+00
       2596     24.000     5.9144     5.9433     0.0289    3.31845    3.32030          1     6.2893     6.4042       9.95     0.0479  2.471e-11  1.000e-12  4.054e+00    33.7401    33.7321    -0.0080    26.5678    26.5578     23.776     23.819      0.386    1473.21    1473.31  0.000e+00
       2642     24.500     5.9146     5.9257     0.0111    3.31849    3.31921          1     6.3111     6.4199       9.95     0.0487  2.537e-11  1.000e-12  4.000e+00    33.7401    33.7372    -0.0029    26.5677    26.5640     24.272     24.315      0.159    1473.21    1473.25  0.000e+00
       2727     25.000     5.9143     5.9162     0.0019    3.31867    3.31863          1     6.3112     6.4111       9.95     0.0519  2.669e-11  1.000e-12  3.891e+00    33.7422    33.7398    -0.0024    26.5695    26.5673     24.767     24.811      0.179    1473.22    1473.23  0.000e+00
       2784     25.500     5.9147     5.9145    -0.0002    3.31892    3.31856          1     6.3098     6.4116       9.95     0.0521  2.800e-11  1.000e-12  3.783e+00    33.7443    33.7404    -0.0039    26.5711    26.5680     25.262     25.307      0.349    1473.24    1473.23  0.000e+00
       2811     26.000     5.9148     5.9145    -0.0003    3.31906    3.31865          1     6.3157     6.4093       9.95     0.0514  2.595e-11  1.000e-12  3.952e+00    33.7456    33.7413    -0.0044    26.5721    26.5687     25.757     25.803      0.489    1473.25    1473.24  0.000e+00
       2835     26.500     5.9152     5.9150    -0.0002    3.31919    3.31872          1     6.3056     6.4105       9.95     0.0533  2.718e-11  1.000e-12  3.850e+00    33.7464    33.7413    -0.0051    26.5727    26.5686     26.253     26.299      0.414    1473.26    1473.25  0.000e+00
       2930     27.000     5.9154     5.9146    -0.0009    3.31928    3.31898          1     6.2899     6.4119       9.95     0.0578  2.931e-11  1.000e-12  3.675e+00    33.7469    33.7444    -0.0025    26.5730    26.5711     26.748     26.795      0.292    1473.27    1473.26  0.000e+00
       2973     27.500     5.9156     5.9147    -0.0010    3.31933    3.31910          1     6.2867     6.4047       9.96     0.0561  3.215e-11  1.000e-12  3.440e+00    33.7471    33.7454    -0.0017    26.5731    26.5719     27.243     27.291      0.484    1473.28    1473.27  0.000e+00
       2998     28.000     5.9156     5.9148    -0.0008    3.31934    3.31914          1     6.2674     6.4034       9.95     0.0573  3.032e-11  1.000e-12  3.592e+00    33.7469    33.7455    -0.0014    26.5730    26.5720     27.739     27.787      0.457    1473.28    1473.28  0.000e+00
       3028     28.500     5.9161     5.9149    -0.0012    3.31949    3.31917          1     6.2864     6.4174       9.95     0.0563  3.299e-11  1.000e-12  3.372e+00    33.7478    33.7455    -0.0023    26.5736    26.5719     28.234     28.284      0.353    1473.29    1473.29  0.000e+00
       3100     29.000     5.9165     5.9151    -0.0013    3.31961    3.31928          1     6.3033     6.4115       9.95     0.0589  2.882e-11  1.000e-12  3.715e+00    33.7486    33.7462    -0.0024    26.5743    26.5725     28.729     28.780      0.246    1473.31    1473.30  0.000e+00
