ctdpy/exports/archive_20191121_122431/received_data/SBE09_1044_20181113_1522_34_01_0142.cnv
* Sea-Bird SBE 9 Data File:
* FileName = C:\ctd\temp\ar18d142.hex
* Software Version Seasave V 7.26.7.107
* Temperature SN = 5351
* Conductivity SN = 3941
* Number of Bytes Per Scan = 41
* Number of Voltage Words = 4
* Number of Scans Averaged by the Deck Unit = 1
* NMEA Latitude = 55 36.98 N
* NMEA Longitude = 014 52.45 E
* NMEA UTC (Time) = Nov 13 2018  15:22:28
* NMEA baud rate = 4800
** Station:  Hanobukten
** Operator:  A-KTh
** Ship: ARANDA
** Average sound velocity: 1456.59 m/s
** True-depth calculation Tue, 13 Nov 2018 16:21:29 +0000
** CTD Python Module SMHI /ver 3-12/ feb 2012 
** LIMS Job: 20183401-0142
** Cruise: SMHI-6-2018
** Latitude [GG MM.mm N]:
** Longitude [GG MM.mm E]
# nquan = 26
# nvalues = 150                         
# units = specified
# name 0 = scan: Scan Count
# name 1 = prDM: Pressure, Digiquartz [db]
# name 2 = t090C: Temperature [ITS-90, deg C]
# name 3 = t190C: Temperature, 2 [ITS-90, deg C]
# name 4 = T2-T190C: Temperature Difference, 2 - 1 [ITS-90, deg C]
# name 5 = c0S/m: Conductivity [S/m]
# name 6 = c1S/m: Conductivity, 2 [S/m]
# name 7 = pumps: Pump Status
# name 8 = sbeox0ML/L: Oxygen, SBE 43 [ml/l]
# name 9 = sbeox1ML/L: Oxygen, SBE 43, 2 [ml/l]
# name 10 = altM: Altimeter [m]
# name 11 = flECO-AFL: Chl-a Fluorescence, WET Labs ECO-AFL/FL [mg/m^3]
# name 12 = flECO-AFL1: Phycocyanin Fluorescence, WET Labs ECO-AFL/FL, 2 [mg/m^3]
# name 13 = par: PAR/Irradiance, Biospherical/Lico [µE/(cm^2*s)]
# name 14 = turbWETntu0: Turbidity, WET Labs ECO [NTU]
# name 15 = sal00: Salinity, Practical [PSU]
# name 16 = sal11: Salinity, Practical, 2 [PSU]
# name 17 = secS-priS: Salinity, Practical, Difference, 2 - 1 [PSU]
# name 18 = sigma-t00: Density [sigma-t, Kg/m^3 ]
# name 19 = sigma-t11: Density, 2 [sigma-t, Kg/m^3 ]
# name 20 = depSM: Depth [salt water, m], lat = 55.6163
# name 21 = depFM: Depth [true depth, m], lat = 55.6163
# name 22 = dz/dtM: Descent Rate [m/s], WS = 2
# name 23 = svCM: Sound Velocity [Chen-Millero, m/s]
# name 24 = svCM1: Sound Velocity, 2 [Chen-Millero, m/s]
# name 25 = flag: flag
# span 0 =      30809,      34568       
# span 1 =      1.000,     75.500       
# span 2 =     7.6595,    12.3055       
# span 3 =     7.6565,    12.3066       
# span 4 =    -0.0247,     0.0499       
# span 5 =   0.906242,   1.886219       
# span 6 =   0.906227,   1.886270       
# span 7 =          1,          1       
# span 8 =    0.11160,    7.12730       
# span 9 =    0.05913,    7.45530       
# span 10 =       2.29,      99.95      
# span 11 =     0.2900,     2.0494      
# span 12 =     0.1919,     0.5112      
# span 13 = 1.0000e-12, 9.2824e-01      
# span 14 =     0.2115,     2.0020      
# span 15 =     7.7021,    16.7037      
# span 16 =     7.7018,    16.7032      
# span 17 =    -0.0177,     0.0053      
# span 18 =     5.8544,    12.8607      
# span 19 =     5.8514,    12.8601      
# span 20 =      0.991,     74.802      
# span 21 =      1.013,     76.306      
# span 22 =     -0.001,      0.591      
# span 23 =    1449.31,    1475.14      
# span 24 =    1449.30,    1475.14      
# span 25 = 0.0000e+00, 0.0000e+00      
# interval = decibars: 0.5              
# start_time = Nov 13 2018 15:22:29 [NMEA time, first data scan]
# bad_flag = -9.990e-29
*END*
[from data line 112]
      33461     57.000    11.8825    11.8844     0.0022    1.67445    1.67377          1     4.3739     4.5468      21.25     0.3673     0.2496  1.000e-12  0.3609000    13.4706    13.4640    -0.0066     9.9456     9.9402     56.475     57.687      0.562    1471.71    1471.71  0.000e+00
      33484     57.500    12.0669    12.0658    -0.0009    1.70897    1.70731          1     4.2840     4.4650      20.79     0.3421     0.2757  1.000e-12  0.3697000    13.7053    13.6911    -0.0141    10.1000    10.0892     56.971     58.191      0.503    1472.67    1472.65  0.000e+00
      33509     58.000    12.2605    12.2613     0.0007    1.78859    1.78920          1     4.0327     4.1566      20.31     0.3429     0.2686  1.000e-12  0.3745000    14.3274    14.3324     0.0051    10.5512    10.5550     57.466     58.695      0.486    1474.11    1474.12  0.000e+00
      33533     58.500    12.2655    12.2645    -0.0010    1.84683    1.84628          1     3.8118     3.8792      19.63     0.3549     0.2308  1.000e-12  0.3778000    14.8339    14.8296    -0.0044    10.9413    10.9381     57.961     59.199      0.534    1474.74    1474.73  0.000e+00
      33554     59.000    12.2995    12.2996     0.0000    1.86242    1.86236          1     3.7782     3.8424      19.28     0.3380     0.2750  1.000e-12  0.3715000    14.9568    14.9563    -0.0005    11.0309    11.0305     58.457     59.703      0.572    1475.02    1475.02  0.000e+00
      33575     59.500    12.3055    12.3066     0.0012    1.87120    1.87091          1     3.6671     3.7241      18.71     0.3177     0.2451  1.000e-12  0.3689000    15.0312    15.0281    -0.0031    11.0874    11.0848     58.952     60.207      0.570    1475.14    1475.14  0.000e+00
      33597     60.000    12.2334    12.2410     0.0076    1.88175    1.88193          1     3.1146     3.0678      18.25     0.3363     0.2198  1.000e-12  0.3824000    15.1524    15.1510    -0.0014    11.1918    11.1896     59.447     60.710      0.551    1475.03    1475.06  0.000e+00
      33619     60.500    11.6235    11.6740     0.0499    1.85023    1.85298          1     2.3066     2.0935      17.78     0.3383     0.2190  1.000e-12  0.4189000    15.1197    15.1237     0.0040    11.2566    11.2524     59.943     61.214      0.526    1472.78    1472.97  0.000e+00
      33642     61.000    10.2779    10.2908     0.0136    1.77574    1.77690          1     1.4557     1.1442      17.23     0.3275     0.2424  1.000e-12  0.4188000    14.9955    15.0008     0.0053    11.3450    11.3475     60.438     61.718      0.500    1467.63    1467.69  0.000e+00
      33666     61.500     9.7516     9.7503    -0.0012    1.75945    1.75881          1     0.8738     0.5087      16.79     0.3315     0.2267  1.000e-12  0.4197000    15.0630    15.0575    -0.0055    11.4646    11.4605     60.933     62.221      0.514    1465.72    1465.71  0.000e+00
      33689     62.000    10.0725    10.0650    -0.0075    1.80559    1.80448          1     0.8590     0.5637      16.33     0.3133     0.2072  1.000e-12  0.3590000    15.3565    15.3494    -0.0072    11.6523    11.6477     61.429     62.725      0.550    1467.31    1467.27  0.000e+00
      33710     62.500    10.2652    10.2656     0.0003    1.84027    1.84001          1     0.8711     0.6666      15.85     0.2981     0.1933  1.000e-12  0.3503000    15.5953    15.5928    -0.0026    11.8129    11.8109     61.924     63.228      0.556    1468.34    1468.34  0.000e+00
      33732     63.000    10.2235    10.2287     0.0053    1.84956    1.84959          1     0.7269     0.5405      15.34     0.2958     0.1919  1.000e-12  0.3644000    15.6990    15.6970    -0.0020    11.8988    11.8965     62.419     63.731      0.542    1468.31    1468.33  0.000e+00
      33755     63.500     9.9933     9.9960     0.0028    1.84487    1.84458          1     0.6133     0.4194      14.86     0.2969     0.1925  1.000e-12  0.4530000    15.7549    15.7510    -0.0039    11.9718    11.9685     62.915     64.234      0.534    1467.52    1467.52  0.000e+00
      33777     64.000     9.5825     9.6048     0.0221    1.83078    1.83155          1     0.5003     0.3093      14.37     0.3017     0.1982  1.000e-12  0.6062000    15.8021    15.7995    -0.0026    12.0596    12.0548     63.410     64.738      0.529    1466.01    1466.09  0.000e+00
      33800     64.500     9.0031     9.0131     0.0100    1.80234    1.80262          1     0.3624     0.1818      13.85     0.3223     0.2064  1.000e-12  0.5701000    15.7880    15.7862    -0.0018    12.1181    12.1156     63.905     65.241      0.529    1463.76    1463.80  0.000e+00
      33822     65.000     8.8552     8.8578     0.0025    1.79837    1.79822          1     0.2923     0.1272      13.32     0.3335     0.2071  1.000e-12  0.5033000    15.8155    15.8130    -0.0025    12.1566    12.1544     64.401     65.744      0.530    1463.23    1463.23  0.000e+00
      33845     65.500     8.8908     8.8907    -0.0000    1.80808    1.80785          1     0.2949     0.1659      12.80     0.3238     0.2072  1.000e-12  0.5324000    15.8925    15.8903    -0.0022    12.2126    12.2109     64.896     66.247      0.526    1463.47    1463.46  0.000e+00
      33868     66.000     8.8536     8.8598     0.0062    1.80992    1.81010          1     0.2857     0.1791      12.29     0.3139     0.2442  1.000e-12  0.4739000    15.9266    15.9255    -0.0011    12.2434    12.2418     65.391     66.750      0.544    1463.37    1463.40  0.000e+00
      33889     66.500     8.6675     8.6753     0.0077    1.80332    1.80345          1     0.2557     0.1450      11.78     0.3102     0.2278  1.000e-12  0.6262000    15.9465    15.9442    -0.0022    12.2800    12.2774     65.886     67.253      0.562    1462.67    1462.70  0.000e+00
      33911     67.000     8.6013     8.6034     0.0021    1.80457    1.80451          1     0.2295     0.1282      11.27     0.3332     0.2277  1.000e-12  0.7902000    15.9882    15.9866    -0.0015    12.3199    12.3185     66.382     67.756      0.543    1462.48    1462.48  0.000e+00
      33934     67.500     8.6035     8.6069     0.0034    1.81060    1.81059          1     0.2185     0.1231      10.73     0.3681     0.2639  1.000e-12  1.0245000    16.0453    16.0436    -0.0016    12.3642    12.3625     66.877     68.260      0.498    1462.56    1462.57  0.000e+00
      33959     68.000     8.4478     8.4559     0.0082    1.80570    1.80585          1     0.2097     0.1183      10.21     0.3923     0.2768  1.000e-12  1.3625000    16.0684    16.0661    -0.0023    12.3995    12.3968     67.372     68.763      0.496    1461.98    1462.01  0.000e+00
      33982     68.500     8.4064     8.4076     0.0012    1.80714    1.80706          1     0.2009     0.1150       9.71     0.4065     0.2246  1.000e-12  1.5551000    16.1011    16.0997    -0.0014    12.4295    12.4283     67.868     69.266      0.543    1461.87    1461.87  0.000e+00
      34003     69.000     8.4712     8.4695    -0.0016    1.81465    1.81438          1     0.1982     0.1146       9.22     0.3991     0.2450  1.000e-12  1.5784000    16.1442    16.1423    -0.0018    12.4560    12.4548     68.363     69.769      0.548    1462.19    1462.18  0.000e+00
      34026     69.500     8.4397     8.4452     0.0055    1.81481    1.81492          1     0.1896     0.1124       8.69     0.3837     0.2302  1.000e-12  1.6002000    16.1600    16.1586    -0.0013    12.4718    12.4702     68.858     70.272      0.488    1462.09    1462.11  0.000e+00
      34053     70.000     8.4053     8.4047    -0.0006    1.81729    1.81690          1     0.1773     0.1032       8.13     0.3856     0.2595  1.000e-12  1.6718000    16.1997    16.1961    -0.0035    12.5066    12.5039     69.354     70.775      0.412    1462.01    1462.00  0.000e+00
      34084     70.500     8.4877     8.4855    -0.0022    1.83246    1.83168          1     0.1691     0.0975       7.60     0.3939     0.2107  1.000e-12  1.6838000    16.3088    16.3022    -0.0066    12.5827    12.5778     69.849     71.278      0.404    1462.48    1462.46  0.000e+00
      34112     71.000     8.5522     8.5528     0.0008    1.84842    1.84813          1     0.1644     0.0939       7.10     0.3933     0.2478  1.000e-12  1.7663000    16.4335    16.4305    -0.0031    12.6728    12.6704     70.344     71.780      0.425    1462.89    1462.89  0.000e+00
      34141     71.500     8.4969     8.5001     0.0032    1.84876    1.84874          1     0.1576     0.0864       6.59     0.4071     0.2703  1.000e-12  1.9054000    16.4624    16.4607    -0.0017    12.7015    12.6998     70.839     72.283      0.404    1462.72    1462.73  0.000e+00
      34174     72.000     8.5993     8.5964    -0.0029    1.85939    1.85908          1     0.1472     0.0819       6.04     0.4163     0.2667  1.000e-12  2.0020000    16.5176    16.5159    -0.0017    12.7331    12.7321     71.335     72.786      0.330    1463.20    1463.18  0.000e+00
      34213     72.500     8.6937     8.6951     0.0014    1.86734    1.86731          1     0.1404     0.0753       5.48     0.4048     0.2882  1.000e-12  1.8672000    16.5503    16.5495    -0.0009    12.7480    12.7471     71.830     73.289      0.311    1463.62    1463.62  0.000e+00
      34248     73.000     8.8014     8.8040     0.0026    1.88187    1.88175          1     0.1389     0.0743       5.00     0.3897     0.2278  1.000e-12  1.5172000    16.6401    16.6377    -0.0024    12.8056    12.8034     72.325     73.792      0.360    1464.15    1464.16  0.000e+00
      34283     73.500     8.7688     8.7701     0.0013    1.88536    1.88539          1     0.1360     0.0726       4.49     0.3921     0.1938  1.000e-12  1.3992000    16.6889    16.6886    -0.0003    12.8474    12.8470     72.821     74.295      0.304    1464.09    1464.10  0.000e+00
      34331     74.000     8.7551     8.7564     0.0013    1.88539    1.88542          1     0.1282     0.0682       3.92     0.4153     0.2270  1.000e-12  1.7186000    16.6955    16.6952    -0.0004    12.8542    12.8537     73.316     74.798      0.234    1464.06    1464.06  0.000e+00
      34377     74.500     8.7522     8.7532     0.0010    1.88546    1.88546          1     0.1265     0.0648       3.44     0.3938     0.2071  1.000e-12  1.7463000    16.6974    16.6970    -0.0005    12.8560    12.8555     73.811     75.300      0.287    1464.06    1464.06  0.000e+00
      34420     75.000     8.7514     8.7524     0.0010    1.88571    1.88564          1     0.1222     0.0613       2.93     0.4099     0.2548  1.000e-12  1.7755000    16.7000    16.6989    -0.0011    12.8581    12.8571     74.306     75.803      0.233    1464.07    1464.07  0.000e+00
      34568     75.500     8.7539     8.7559     0.0021    1.88622    1.88627          1     0.1116     0.0591       2.29     0.4149     0.2399  1.000e-12  1.7238000    16.7037    16.7032    -0.0005    12.8607    12.8601     74.802     76.306     -0.001    1464.09    1464.09  0.000e+00
