ctdpy/exports/archive_20191121_122431/received_data/SBE09_0827_20180822_1138_26_01_0846.cnv
* Sea-Bird SBE 9 Data File:
* FileName = D:\CTD_SBE911\DAT\26DA.2018.8.46.hex
* Software Version Seasave V 7.21d
* Temperature SN = 034605
* Conductivity SN = 041844
* Number of Bytes Per Scan = 48
* Number of Voltage Words = 5
* Number of Scans Averaged by the Deck Unit = 1
* NMEA Latitude = 57 25.37 N
* NMEA Longitude = 008 32.44 E
* NMEA UTC (Time) = Aug 22 2018  11:41:06
* NMEA baud rate = 4800
** Ship: DANA
** Average sound velocity: 1501.94 m/s
** True-depth calculation Thu, 28 Mar 2019 09:25:03 +0000
** CTD Python Module SMHI /ver 3-12/ feb 2012 
** LIMS Job: 20182601-0846
**  16 N Hanstholm
** Operator: Christian
** Cruise: 08/2018
# nquan = 26
# nvalues = 80                          
# units = specified
# name 0 = scan: Scan Count
# name 1 = prDM: Pressure, Digiquartz [db]
# name 2 = t090C: Temperature [ITS-90, deg C]
# name 3 = t190C: Temperature, 2 [ITS-90, deg C]
# name 4 = T2-T190C: Temperature Difference, 2 - 1 [ITS-90, deg C]
# name 5 = c0S/m: Conductivity [S/m]
# name 6 = c1S/m: Conductivity, 2 [S/m]
# name 7 = pumps: Pump Status
# name 8 = sbeox1ML/L: Oxygen, SBE 43, 2 [ml/l]
# name 9 = sbeox0ML/L: Oxygen, SBE 43 [ml/l]
# name 10 = altM: Altimeter [m]
# name 11 = chloroflTC0: Chlorophyll, Turner Cyclops [ug/l]
# name 12 = cpar: CPAR/Corrected Irradiance [%]
# name 13 = par: PAR/Irradiance, Biospherical/Lico [µE/(cm^2*s)]
# name 14 = spar: SPAR, Biospherical/Licor
# name 15 = sal00: Salinity, Practical [PSU]
# name 16 = sal11: Salinity, Practical, 2 [PSU]
# name 17 = secS-priS: Salinity, Practical, Difference, 2 - 1 [PSU]
# name 18 = sigma-t00: Density [sigma-t, kg/m^3 ]
# name 19 = sigma-t11: Density, 2 [sigma-t, kg/m^3 ]
# name 20 = depSM: Depth [salt water, m], lat = 57.4228
# name 21 = depFM: Depth [true depth, m], lat = 57.4228
# name 22 = dz/dtM: Descent Rate [m/s], WS = 2
# name 23 = svCM: Sound Velocity [Chen-Millero, m/s]
# name 24 = svCM1: Sound Velocity, 2 [Chen-Millero, m/s]
# name 25 = flag: flag
# span 0 =        -74,       4180       
# span 1 =      2.000,     41.500       
# span 2 =    11.4558,    17.3314       
# span 3 =    11.4545,    17.3313       
# span 4 =    -0.0060,     0.7093       
# span 5 =   3.827833,   4.314710       
# span 6 =   3.828188,   4.315055       
# span 7 =          1,          1       
# span 8 =     4.8842,     5.9534       
# span 9 =     4.8216,     5.6681       
# span 10 =       2.23,       9.98      
# span 11 =     0.0547,     0.3336      
# span 12 = 2.4734e-02, 9.9782e+00      
# span 13 = 4.1383e-01, 1.6500e+02      
# span 14 = 1.4873e+03, 2.1995e+03      
# span 15 =    33.2014,    33.7998      
# span 16 =    33.2044,    33.8042      
# span 17 =    -0.0165,     0.1417      
# span 18 =    24.0559,    25.7583      
# span 19 =    24.0583,    25.7620      
# span 20 =      1.982,     41.113      
# span 21 =      1.989,     41.240      
# span 22 =     -0.213,      0.429      
# span 23 =    1494.18,    1511.87      
# span 24 =    1494.19,    1511.88      
# span 25 = 0.0000e+00, 0.0000e+00      
# interval = decibars: 0.5              
# start_time = Aug 22 2018 11:41:06 [NMEA time, first data scan]
# bad_flag = -9.990e-29
*END*
        -74      2.000    17.3314    17.3313    -0.0002    4.31471    4.31506          1     5.7996     5.5295       9.98     0.0611  9.978e+00  1.650e+02  1.655e+03    33.2014    33.2044     0.0030    24.0559    24.0583      1.982      1.989      0.166    1511.79    1511.81  0.000e+00
        299      2.500    17.3255    17.3252    -0.0003    4.31424    4.31461          1     5.7735     5.5249       9.98     0.0547  8.587e+00  1.405e+02  1.635e+03    33.2019    33.2054     0.0034    24.0577    24.0605      2.477      2.487      0.312    1511.79    1511.79  0.000e+00
        394      3.000    17.3237    17.3237     0.0001    4.31410    4.31449          1     5.7544     5.5109       9.98     0.0569  7.719e+00  1.256e+02  1.628e+03    33.2021    33.2055     0.0034    24.0583    24.0608      2.972      2.984      0.318    1511.79    1511.80  0.000e+00
        420      3.500    17.3207    17.3222     0.0016    4.31387    4.31443          1     5.7493     5.5143       9.98     0.0565  7.042e+00  1.152e+02  1.636e+03    33.2024    33.2060     0.0036    24.0592    24.0616      3.468      3.481      0.384    1511.79    1511.80  0.000e+00
        477      4.000    17.3174    17.3211     0.0037    4.31358    4.31430          1     5.7792     5.5175       9.98     0.0562  6.612e+00  1.065e+02  1.611e+03    33.2024    33.2056     0.0032    24.0600    24.0616      3.963      3.978      0.236    1511.79    1511.81  0.000e+00
        525      4.500    17.3099    17.3138     0.0039    4.31304    4.31388          1     5.8235     5.5115       9.98     0.0583  6.489e+00  1.053e+02  1.622e+03    33.2038    33.2077     0.0039    24.0629    24.0649      4.458      4.476      0.365    1511.78    1511.79  0.000e+00
        559      5.000    17.3211    17.3150    -0.0060    4.31392    4.31380          1     5.7844     5.5040       9.98     0.0607  6.041e+00  1.016e+02  1.682e+03    33.2020    33.2060     0.0040    24.0588    24.0633      4.954      4.973      0.282    1511.82    1511.80  0.000e+00
        634      5.500    17.3209    17.3197    -0.0012    4.31395    4.31421          1     5.6948     5.5185       9.98     0.0646  6.259e+00  1.144e+02  1.827e+03    33.2022    33.2055     0.0032    24.0591    24.0618      5.449      5.470      0.275    1511.83    1511.83  0.000e+00
        671      6.000    17.3214    17.3200    -0.0014    4.31405    4.31430          1     5.7584     5.5257       9.98     0.0644  5.572e+00  1.002e+02  1.798e+03    33.2024    33.2057     0.0033    24.0591    24.0620      5.945      5.968      0.429    1511.84    1511.84  0.000e+00
        700      6.500    17.3244    17.3213    -0.0031    4.31430    4.31441          1     5.7913     5.5261       9.98     0.0631  5.090e+00  8.980e+01  1.765e+03    33.2020    33.2054     0.0035    24.0580    24.0614      6.440      6.465      0.347    1511.85    1511.85  0.000e+00
        757      7.000    17.3282    17.3259    -0.0022    4.31461    4.31476          1     5.7394     5.5136       9.98     0.0635  4.816e+00  7.653e+01  1.587e+03    33.2014    33.2045     0.0032    24.0566    24.0596      6.935      6.962      0.216    1511.87    1511.87  0.000e+00
        805      7.500    17.3244    17.3279     0.0035    4.31433    4.31498          1     5.8340     5.5169       9.97     0.0638  4.561e+00  6.962e+01  1.526e+03    33.2018    33.2045     0.0027    24.0579    24.0591      7.431      7.460      0.339    1511.87    1511.88  0.000e+00
        836      8.000    17.3169    17.3227     0.0058    4.31370    4.31474          1     5.8236     5.5254       9.98     0.0676  4.081e+00  6.188e+01  1.516e+03    33.2024    33.2066     0.0041    24.0602    24.0619      7.926      7.957      0.383    1511.86    1511.88  0.000e+00
        877      8.500    17.3022    17.3092     0.0070    4.31260    4.31376          1     5.8236     5.5386       9.97     0.0707  3.951e+00  5.963e+01  1.509e+03    33.2048    33.2090     0.0042    24.0655    24.0670      8.421      8.454      0.234    1511.82    1511.85  0.000e+00
        948      9.000    17.2934    17.3004     0.0070    4.31185    4.31310          1     5.8128     5.5266       9.97     0.0761  3.694e+00  5.543e+01  1.500e+03    33.2054    33.2105     0.0051    24.0680    24.0703      8.917      8.951      0.308    1511.80    1511.83  0.000e+00
        979      9.500    17.2850    17.2903     0.0053    4.31112    4.31221          1     5.8411     5.5244       9.97     0.0769  3.511e+00  5.271e+01  1.501e+03    33.2059    33.2109     0.0050    24.0704    24.0730      9.412      9.449      0.340    1511.79    1511.81  0.000e+00
       1030     10.000    17.2860    17.2857    -0.0003    4.31120    4.31172          1     5.7919     5.5242       9.98     0.0781  3.383e+00  5.106e+01  1.509e+03    33.2055    33.2103     0.0048    24.0698    24.0736      9.908      9.946      0.216    1511.80    1511.80  0.000e+00
       1083     10.500    17.2821    17.2842     0.0023    4.31087    4.31156          1     5.7929     5.5043       9.97     0.0783  3.176e+00  4.833e+01  1.522e+03    33.2058    33.2099     0.0042    24.0710    24.0737     10.403     10.443      0.355    1511.80    1511.81  0.000e+00
       1112     11.000    17.2733    17.2807     0.0072    4.31009    4.31134          1     5.8286     5.5145       9.97     0.0798  3.085e+00  4.713e+01  1.528e+03    33.2060    33.2107     0.0047    24.0733    24.0751     10.898     10.941      0.372    1511.78    1511.81  0.000e+00
       1154     11.500    17.2792    17.2758    -0.0034    4.31058    4.31088          1     5.8254     5.5352       9.98     0.0823  2.849e+00  4.366e+01  1.533e+03    33.2053    33.2106     0.0053    24.0713    24.0762     11.394     11.438      0.227    1511.80    1511.80  0.000e+00
       1210     12.000    17.2894    17.2942     0.0048    4.31145    4.31219          1     5.8036     5.5162       9.97     0.0837  2.687e+00  4.160e+01  1.548e+03    33.2041    33.2065     0.0024    24.0680    24.0687     11.889     11.935      0.310    1511.84    1511.86  0.000e+00
       1242     12.500    17.2458    17.2708     0.0250    4.30776    4.31097          1     5.7878     5.5392       9.97     0.0856  2.669e+00  4.168e+01  1.561e+03    33.2080    33.2151     0.0071    24.0813    24.0808     12.384     12.433      0.349    1511.72    1511.81  0.000e+00
       1291     13.000    17.2126    17.2441     0.0314    4.30477    4.30837          1     5.8147     5.5424       9.97     0.0886  2.712e+00  4.215e+01  1.554e+03    33.2094    33.2145     0.0051    24.0902    24.0866     12.880     12.930      0.210    1511.63    1511.74  0.000e+00
       1349     13.500    17.1505    17.1928     0.0424    4.29955    4.30440          1     5.8132     5.5238       9.98     0.0928  2.484e+00  3.868e+01  1.557e+03    33.2152    33.2223     0.0070    24.1094    24.1048     13.375     13.427      0.305    1511.46    1511.60  0.000e+00
       1383     14.000    17.1920    17.1913    -0.0007    4.30290    4.30347          1     5.8242     5.5388       9.98     0.0985  2.395e+00  3.685e+01  1.539e+03    33.2098    33.2153     0.0055    24.0954    24.0997     13.870     13.924      0.338    1511.59    1511.59  0.000e+00
       1425     14.500    17.1529    17.1757     0.0229    4.29933    4.30261          1     5.8057     5.5289       9.97     0.0990  2.228e+00  3.436e+01  1.543e+03    33.2110    33.2205     0.0095    24.1056    24.1075     14.366     14.422      0.255    1511.48    1511.56  0.000e+00
       1473     15.000    16.9849    17.0833     0.0981    4.28925    4.29672          1     5.8466     5.5690       9.98     0.1028  2.081e+00  3.253e+01  1.563e+03    33.2622    33.2457    -0.0165    24.1844    24.1486     14.861     14.919      0.284    1511.04    1511.32  0.000e+00
       1510     15.500    16.7729    16.9486     0.1760    4.27212    4.28990          1     5.8454     5.5685       9.98     0.1133  1.919e+00  3.002e+01  1.564e+03    33.2888    33.2976     0.0088    24.2543    24.2201     15.357     15.416      0.323    1510.44    1510.98  0.000e+00
       1551     16.000    16.4028    16.6230     0.2200    4.24248    4.26680          1     5.8526     5.6424       9.98     0.1311  1.876e+00  2.991e+01  1.594e+03    33.3377    33.3669     0.0292    24.3774    24.3490     15.852     15.913      0.260    1509.38    1510.08  0.000e+00
       1601     16.500    16.2621    16.3458     0.0839    4.22957    4.24189          1     5.9155     5.6681       9.98     0.1518  2.001e+00  3.468e+01  1.733e+03    33.3417    33.3800     0.0383    24.4127    24.4231     16.347     16.411      0.237    1508.96    1509.26  0.000e+00
       1650     17.000    15.8593    16.0853     0.2259    4.19464    4.22067          1     5.9534     5.6158       9.98     0.1646  1.801e+00  3.545e+01  1.972e+03    33.3711    33.4113     0.0403    24.5265    24.5065     16.843     16.908      0.251    1507.76    1508.50  0.000e+00
       1698     17.500    15.0188    15.5397     0.5208    4.12061    4.17959          1     5.9376     5.5481       9.98     0.1904  1.434e+00  3.148e+01  2.196e+03    33.4207    33.5075     0.0868    24.7503    24.7026     17.338     17.405      0.255    1505.18    1506.92  0.000e+00
       1742     18.000    14.5865    14.8286     0.2420    4.08269    4.11709          1     5.8743     5.5088       9.98     0.2435  1.327e+00  2.628e+01  1.981e+03    33.4468    33.5520     0.1052    24.8636    24.8928     17.833     17.902      0.300    1503.84    1504.74  0.000e+00
       1781     18.500    14.5107    14.6072     0.0966    4.07552    4.09302          1     5.8223     5.5485       9.98     0.2840  1.313e+00  2.471e+01  1.882e+03    33.4464    33.5233     0.0769    24.8794    24.9181     18.329     18.398      0.290    1503.61    1504.01  0.000e+00
       1827     19.000    14.1372    14.4426     0.3051    4.04062    4.07783          1     5.8239     5.1791       9.98     0.3139  1.181e+00  2.272e+01  1.926e+03    33.4481    33.5263     0.0781    24.9589    24.9555     18.824     18.895      0.257    1502.41    1503.49  0.000e+00
       1869     19.500    12.9462    13.6553     0.7093    3.93889    4.02045          1     5.6177     4.9714       9.98     0.3336  9.908e-01  1.995e+01  2.013e+03    33.5404    33.6820     0.1417    25.2729    25.2394     19.319     19.392      0.342    1498.61    1501.12  0.000e+00
       1902     20.000    12.8282    13.0039     0.1759    3.92870    3.95930          1     5.3795     5.0004       9.98     0.3076  8.653e-01  1.802e+01  2.083e+03    33.5479    33.6824     0.1345    25.3020    25.3713     19.815     19.889      0.331    1498.23    1498.97  0.000e+00
       1949     20.500    12.7847    12.8439     0.0592    3.92498    3.93944          1     5.2524     5.0323       9.98     0.2424  8.054e-01  1.605e+01  1.992e+03    33.5510    33.6360     0.0850    25.3129    25.3671     20.310     20.386      0.216    1498.09    1498.39  0.000e+00
       2004     21.000    12.7442    12.7808     0.0366    3.92171    3.93056          1     5.2084     5.0397       9.98     0.2274  8.039e-01  1.382e+01  1.719e+03    33.5555    33.6074     0.0519    25.3243    25.3574     20.805     20.882      0.268    1497.97    1498.16  0.000e+00
       2043     21.500    12.6242    12.7268     0.1024    3.91299    3.92730          1     5.1847     5.0414       9.98     0.2118  7.765e-01  1.242e+01  1.599e+03    33.5789    33.6242     0.0453    25.3659    25.3810     21.301     21.379      0.290    1497.60    1498.00  0.000e+00
       2093     22.000    12.4927    12.5834     0.0907    3.90274    3.91658          1     5.1904     5.0223       9.98     0.2067  7.862e-01  1.237e+01  1.573e+03    33.5980    33.6496     0.0516    25.4062    25.4286     21.796     21.876      0.229    1497.19    1497.56  0.000e+00
       2137     22.500    12.3545    12.4679     0.1133    3.89166    3.90700          1     5.1576     4.9918       9.98     0.2427  7.122e-01  1.179e+01  1.658e+03    33.6150    33.6610     0.0459    25.4461    25.4598     22.291     22.372      0.333    1496.75    1497.19  0.000e+00
       2171     23.000    12.2808    12.3541     0.0733    3.88567    3.89798          1     5.1225     4.9827       9.98     0.1973  5.909e-01  1.096e+01  1.858e+03    33.6233    33.6760     0.0528    25.4666    25.4934     22.787     22.869      0.347    1496.52    1496.83  0.000e+00
       2209     23.500    12.2554    12.2963     0.0409    3.88354    3.89207          1     5.1082     4.9561       9.98     0.1865  4.648e-01  9.274e+00  1.997e+03    33.6253    33.6709     0.0456    25.4730    25.5005     23.282     23.365      0.281    1496.44    1496.64  0.000e+00
       2257     24.000    12.1464    12.2385     0.0921    3.87584    3.88739          1     5.0721     4.9597       9.98     0.1719  4.446e-01  7.691e+00  1.732e+03    33.6487    33.6774     0.0287    25.5119    25.5166     23.777     23.862      0.243    1496.11    1496.46  0.000e+00
       2304     24.500    12.1173    12.1440     0.0269    3.87397    3.88025          1     5.0696     4.9614       9.98     0.1479  4.461e-01  7.049e+00  1.580e+03    33.6567    33.6933     0.0366    25.5237    25.5470     24.273     24.359      0.273    1496.02    1496.16  0.000e+00
       2348     25.000    12.1135    12.1261     0.0126    3.87364    3.87823          1     5.0386     4.9747       9.98     0.1240  4.120e-01  6.553e+00  1.591e+03    33.6567    33.6898     0.0330    25.5244    25.5477     24.768     24.855      0.251    1496.02    1496.10  0.000e+00
       2403     25.500    12.0562    12.1085     0.0523    3.86905    3.87651          1     5.0741     4.9361       9.98     0.1232  4.091e-01  6.669e+00  1.630e+03    33.6637    33.6889     0.0251    25.5407    25.5503     25.263     25.352      0.222    1495.84    1496.05  0.000e+00
       2446     26.000    11.9163    12.0112     0.0949    3.85876    3.87007          1     5.0328     4.9022       9.98     0.1331  3.856e-01  6.227e+00  1.614e+03    33.6898    33.7140     0.0241    25.5873    25.5882     25.759     25.848      0.355    1495.40    1495.75  0.000e+00
       2479     26.500    11.8966    11.9263     0.0298    3.85732    3.86327          1     5.0091     4.8894       9.98     0.1499  3.495e-01  5.694e+00  1.630e+03    33.6935    33.7246     0.0311    25.5939    25.6125     26.254     26.345      0.329    1495.35    1495.49  0.000e+00
       2527     27.000    11.8909    11.9024     0.0114    3.85681    3.86050          1     4.9998     4.8887       9.98     0.1452  3.472e-01  5.931e+00  1.709e+03    33.6935    33.7190     0.0255    25.5949    25.6126     26.749     26.842      0.221    1495.33    1495.41  0.000e+00
       2574     27.500    11.8850    11.8956     0.0106    3.85632    3.85961          1     5.0029     4.8985       9.98     0.1474  3.271e-01  6.406e+00  1.963e+03    33.6938    33.7163     0.0225    25.5963    25.6118     27.245     27.338      0.362    1495.32    1495.39  0.000e+00
       2603     28.000    11.8745    11.8854     0.0109    3.85548    3.85871          1     4.9923     4.9001       9.98     0.1478  2.504e-01  5.497e+00  2.200e+03    33.6950    33.7165     0.0215    25.5992    25.6139     27.740     27.835      0.382    1495.30    1495.36  0.000e+00
       2654     28.500    11.8635    11.8702     0.0067    3.85468    3.85718          1     4.9913     4.8883       9.98     0.1508  2.288e-01  4.623e+00  2.042e+03    33.6969    33.7152     0.0183    25.6027    25.6156     28.235     28.331      0.224    1495.27    1495.31  0.000e+00
       2715     29.000    11.8183    11.8476     0.0293    3.85067    3.85553          1     4.9943     4.8416       9.98     0.1616  2.551e-01  4.698e+00  1.842e+03    33.6986    33.7194     0.0209    25.6125    25.6232     28.731     28.828      0.339    1495.12    1495.25  0.000e+00
