ctdpy/exports/archive_20191121_122431/received_data/SBE09_1044_20180528_0238_34_07_0036.cnv
* Sea-Bird SBE 9 Data File:
* FileName = C:\ctd\temp\2018\AU18D036.hex
* Software Version Seasave V 7.26.6.26
* Temperature SN = 5351
* Conductivity SN = 3941
* Number of Bytes Per Scan = 41
* Number of Voltage Words = 4
* Number of Scans Averaged by the Deck Unit = 1
* NMEA Latitude = 55 52.01 N
* NMEA Longitude = 012 44.92 E
* NMEA UTC (Time) = May 28 2018  02:38:37
* NMEA baud rate = 4800
** Station:  W LANDSKRONA
** Operator:  JKro
** Ship: AURA
** Average sound velocity: 1475.75 m/s
** True-depth calculation Mon, 28 May 2018 03:33:51 +0000
** CTD Python Module SMHI /ver 3-12/ feb 2012 
** LIMS Job: 20183407-0036
** Cruise: SMHI-02-2018
** Latitude [GG MM.mm N] :
** Longitude [GG MM.mm E]:
# nquan = 26
# nvalues = 97                          
# units = specified
# name 0 = scan: Scan Count
# name 1 = prDM: Pressure, Digiquartz [db]
# name 2 = t090C: Temperature [ITS-90, deg C]
# name 3 = t190C: Temperature, 2 [ITS-90, deg C]
# name 4 = T2-T190C: Temperature Difference, 2 - 1 [ITS-90, deg C]
# name 5 = c0S/m: Conductivity [S/m]
# name 6 = c1S/m: Conductivity, 2 [S/m]
# name 7 = pumps: Pump Status
# name 8 = sbeox0ML/L: Oxygen, SBE 43 [ml/l]
# name 9 = sbeox1ML/L: Oxygen, SBE 43, 2 [ml/l]
# name 10 = altM: Altimeter [m]
# name 11 = flECO-AFL: Chl-a Fluorescence, WET Labs ECO-AFL/FL [mg/m^3]
# name 12 = flECO-AFL1: Phycocyanin Fluorescence, WET Labs ECO-AFL/FL, 2 [mg/m^3]
# name 13 = par: PAR/Irradiance, Biospherical/Lico [µE/(cm^2*s)]
# name 14 = turbWETntu0: Turbidity, WET Labs ECO [NTU]
# name 15 = sal00: Salinity, Practical [PSU]
# name 16 = sal11: Salinity, Practical, 2 [PSU]
# name 17 = secS-priS: Salinity, Practical, Difference, 2 - 1 [PSU]
# name 18 = sigma-t00: Density [sigma-t, Kg/m^3 ]
# name 19 = sigma-t11: Density, 2 [sigma-t, Kg/m^3 ]
# name 20 = depSM: Depth [salt water, m], lat = 55.8668
# name 21 = depFM: Depth [true depth, m], lat = 55.8668
# name 22 = dz/dtM: Descent Rate [m/s], WS = 2
# name 23 = svCM: Sound Velocity [Chen-Millero, m/s]
# name 24 = svCM1: Sound Velocity, 2 [Chen-Millero, m/s]
# name 25 = flag: flag
# span 0 =      14581,      17352       
# span 1 =      1.000,     49.000       
# span 2 =     6.5311,    15.2857       
# span 3 =     6.5330,    15.2862       
# span 4 =    -0.0264,     0.1696       
# span 5 =   1.056692,   3.403141       
# span 6 =   1.056637,   3.403457       
# span 7 =          1,          1       
# span 8 =    4.30514,    7.27319       
# span 9 =    4.23617,    7.27192       
# span 10 =       3.11,      68.63      
# span 11 =     0.4476,     2.4275      
# span 12 =     0.2148,     0.5774      
# span 13 = 1.0000e-12, 2.0945e+01      
# span 14 =     0.2608,     1.0802      
# span 15 =     7.4983,    34.0184      
# span 16 =     7.4982,    34.0196      
# span 17 =    -0.3687,     0.0169      
# span 18 =     4.8195,    26.7030      
# span 19 =     4.8193,    26.7036      
# span 20 =      0.991,     48.549      
# span 21 =      1.014,     48.917      
# span 22 =      0.033,      0.476      
# span 23 =    1471.65,    1476.57      
# span 24 =    1471.67,    1476.58      
# span 25 = 0.0000e+00, 0.0000e+00      
# interval = decibars: 0.5              
# start_time = May 28 2018 02:38:37 [NMEA time, first data scan]
# bad_flag = -9.990e-29
*END*
      14581      1.000    15.2777    15.2765    -0.0012    1.05669    1.05664          1     7.1090     7.0648      68.63     1.1061     0.2148  2.095e+01  0.2667000     7.4986     7.4984    -0.0002     4.8203     4.8204      0.991      1.014      0.033    1475.76    1475.74  0.000e+00
      14653      1.500    15.2784    15.2781    -0.0004    1.05672    1.05669          1     7.0652     7.0598      24.92     1.1010     0.3139  1.229e+01  0.2716000     7.4987     7.4985    -0.0002     4.8203     4.8202      1.486      1.520      0.294    1475.76    1475.76  0.000e+00
      14694      2.000    15.2786    15.2783    -0.0003    1.05673    1.05670          1     7.0830     7.0662      50.06     1.1212     0.2819  4.656e+00  0.2820000     7.4987     7.4985    -0.0002     4.8202     4.8201      1.982      2.027      0.292    1475.77    1475.77  0.000e+00
      14735      2.500    15.2795    15.2804     0.0009    1.05676    1.05676          1     7.0998     7.0682      49.67     1.1206     0.2520  4.069e+00  0.3070000     7.4987     7.4985    -0.0002     4.8201     4.8198      2.477      2.534      0.307    1475.78    1475.79  0.000e+00
      14773      3.000    15.2813    15.2810    -0.0003    1.05682    1.05678          1     7.0968     7.0670      49.25     1.1149     0.3165  3.296e+00  0.3089000     7.4987     7.4985    -0.0002     4.8198     4.8197      2.973      3.041      0.298    1475.80    1475.80  0.000e+00
      14814      3.500    15.2807    15.2815     0.0008    1.05677    1.05679          1     7.0957     7.0582      48.70     1.0819     0.3314  2.744e+00  0.2717000     7.4984     7.4984     0.0001     4.8196     4.8196      3.468      3.548      0.332    1475.80    1475.81  0.000e+00
      14847      4.000    15.2812    15.2813     0.0001    1.05678    1.05676          1     7.1029     7.0441      48.29     1.0855     0.2956  2.304e+00  0.2608000     7.4983     7.4982    -0.0002     4.8195     4.8194      3.964      4.055      0.386    1475.81    1475.81  0.000e+00
      14877      4.500    15.2817    15.2815    -0.0002    1.05686    1.05679          1     7.1029     7.0556      47.88     1.0710     0.2885  1.930e+00  0.2779000     7.4988     7.4983    -0.0005     4.8198     4.8195      4.459      4.561      0.404    1475.82    1475.82  0.000e+00
      14906      5.000    15.2830    15.2837     0.0007    1.05702    1.05698          1     7.1105     7.0668      47.35     1.0626     0.2719  1.659e+00  0.2893000     7.4997     7.4993    -0.0005     4.8203     4.8198      4.954      5.068      0.411    1475.84    1475.84  0.000e+00
      14935      5.500    15.2841    15.2843     0.0002    1.05704    1.05703          1     7.1084     7.0623      46.81     1.0670     0.2663  1.364e+00  0.2762000     7.4997     7.4995    -0.0001     4.8201     4.8199      5.450      5.575      0.435    1475.85    1475.85  0.000e+00
      14962      6.000    15.2849    15.2852     0.0004    1.05704    1.05704          1     7.1111     7.0587      46.22     1.0795     0.3047  1.150e+00  0.2784000     7.4994     7.4993    -0.0001     4.8197     4.8196      5.945      6.082      0.433    1475.86    1475.86  0.000e+00
      14990      6.500    15.2857    15.2862     0.0004    1.05706    1.05704          1     7.1144     7.0641      45.67     1.0680     0.2920  9.644e-01  0.2922000     7.4994     7.4992    -0.0003     4.8196     4.8193      6.441      6.589      0.438    1475.87    1475.87  0.000e+00
      15017      7.000    15.2837    15.2848     0.0011    1.05712    1.05709          1     7.1032     7.0695      45.27     1.0589     0.3363  8.004e-01  0.2866000     7.5001     7.4997    -0.0004     4.8205     4.8200      6.936      7.096      0.438    1475.87    1475.88  0.000e+00
      15045      7.500    15.2821    15.2832     0.0010    1.05713    1.05711          1     7.1090     7.0661      44.86     1.0899     0.3087  6.935e-01  0.2816000     7.5005     7.5001    -0.0004     4.8210     4.8206      7.432      7.602      0.439    1475.88    1475.88  0.000e+00
      15071      8.000    15.2770    15.2788     0.0018    1.05722    1.05719          1     7.1256     7.0812      44.39     1.0766     0.3165  5.884e-01  0.2840000     7.5021     7.5016    -0.0005     4.8231     4.8224      7.927      8.109      0.462    1475.87    1475.87  0.000e+00
      15097      8.500    15.2719    15.2730     0.0012    1.05732    1.05732          1     7.1259     7.0883      43.77     1.0696     0.3074  5.068e-01  0.2774000     7.5038     7.5035    -0.0002     4.8253     4.8249      8.423      8.616      0.467    1475.86    1475.86  0.000e+00
      15123      9.000    15.2116    15.2169     0.0053    1.05811    1.05805          1     7.1467     7.1058      43.29     1.0766     0.3188  4.295e-01  0.2914000     7.5212     7.5198    -0.0015     4.8489     4.8468      8.918      9.123      0.465    1475.68    1475.70  0.000e+00
      15148      9.500    15.2019    15.2055     0.0037    1.05835    1.05828          1     7.1563     7.1101      42.70     1.0727     0.3596  3.620e-01  0.2814000     7.5249     7.5236    -0.0012     4.8533     4.8518      9.413      9.630      0.469    1475.66    1475.67  0.000e+00
      15174     10.000    15.2020    15.2054     0.0034    1.05838    1.05832          1     7.1591     7.1021      42.30     1.0895     0.3036  3.018e-01  0.2814000     7.5250     7.5239    -0.0011     4.8534     4.8520      9.909     10.136      0.457    1475.67    1475.68  0.000e+00
      15201     10.500    15.1966    15.1995     0.0028    1.05888    1.05865          1     7.1614     7.1133      41.86     1.0793     0.3174  2.636e-01  0.2726000     7.5298     7.5275    -0.0023     4.8580     4.8557     10.404     10.643      0.465    1475.67    1475.67  0.000e+00
      15226     11.000    15.1637    15.1840     0.0203    1.06103    1.05987          1     7.2087     7.1316      41.40     1.0794     0.3605  2.264e-01  0.2843000     7.5525     7.5398    -0.0127     4.8809     4.8678     10.900     11.150      0.473    1475.59    1475.64  0.000e+00
      15251     11.500    15.1230    15.1078    -0.0154    1.06339    1.06381          1     7.2732     7.2253      40.90     1.0821     0.2924  1.922e-01  0.2793000     7.5785     7.5847     0.0062     4.9077     4.9150     11.395     11.657      0.465    1475.49    1475.44  0.000e+00
      15277     12.000    14.9680    14.9413    -0.0264    1.07088    1.07239          1     6.9857     7.0893      40.39     1.1036     0.3135  1.617e-01  0.2907000     7.6661     7.6829     0.0169     5.0008     5.0181     11.891     12.164      0.466    1475.07    1475.00  0.000e+00
      15303     12.500    14.2192    14.3474     0.1272    1.13066    1.11159          1     6.8474     7.1944      39.90     1.1632     0.3335  1.348e-01  0.2924000     8.2964     8.1142    -0.1822     5.6057     5.4456     12.386     12.670      0.470    1473.21    1473.45  0.000e+00
      15328     13.000    12.5275    12.5892     0.0624    1.53149    1.51339          1     6.7197     7.2366      39.43     1.3442     0.3601  1.166e-01  0.3348000    12.0519    11.8772    -0.1746     8.7569     8.6131     12.881     13.176      0.476    1471.65    1471.67  0.000e+00
      15353     13.500    10.8206    10.9902     0.1696    2.06799    2.03763          1     6.6730     7.2719      38.93     1.7405     0.4398  9.695e-02  0.4154000    17.5047    17.1359    -0.3687    13.2188    12.9090     13.377     13.680      0.475    1471.91    1472.10  0.000e+00
      15379     14.000     8.8422     8.9070     0.0652    2.59310    2.58405          1     6.7260     7.1677      38.40     1.6938     0.3692  8.219e-02  0.4255000    23.6332    23.5017    -0.1315    18.2555    18.1443     13.872     14.181      0.461    1471.91    1471.99  0.000e+00
      15405     14.500     8.1185     8.1456     0.0269    2.80872    2.80322          1     6.6726     6.8464      37.88     1.3230     0.3248  6.758e-02  0.4036000    26.3281    26.2511    -0.0770    20.4572    20.3934     14.368     14.681      0.465    1472.44    1472.45  0.000e+00
      15431     15.000     7.7014     7.7353     0.0339    2.97714    2.96826          1     6.5485     6.5118      37.38     1.2438     0.3629  5.578e-02  0.3714000    28.4138    28.2932    -0.1206    22.1466    22.0475     14.863     15.179      0.474    1473.42    1473.40  0.000e+00
      15456     15.500     7.2861     7.3036     0.0173    3.15893    3.15444          1     6.3479     6.1534      36.89     1.2621     0.3444  4.241e-02  0.3981000    30.6972    30.6337    -0.0635    23.9939    23.9417     15.359     15.677      0.464    1474.65    1474.64  0.000e+00
      15482     16.000     7.0656     7.0786     0.0129    3.24181    3.23932          1     6.0324     5.7370      36.39     1.2796     0.3429  3.061e-02  0.3951000    31.7914    31.7524    -0.0390    24.8835    24.8511     15.854     16.174      0.463    1475.16    1475.16  0.000e+00
      15508     16.500     6.9336     6.9353     0.0018    3.28012    3.27943          1     5.7334     5.4507      35.86     1.2403     0.3897  1.548e-02  0.3723000    32.3307    32.3217    -0.0091    25.3254    25.3180     16.349     16.671      0.461    1475.33    1475.33  0.000e+00
      15534     17.000     6.8895     6.8962     0.0067    3.29823    3.29801          1     5.5709     5.3751      35.36     1.5437     0.4307  8.729e-03  0.4192000    32.5701    32.5614    -0.0087    25.5197    25.5120     16.845     17.168      0.452    1475.46    1475.48  0.000e+00
      15561     17.500     6.8015     6.8069     0.0053    3.30738    3.30741          1     5.5482     5.3803      34.75     1.9848     0.3854  1.795e-03  0.4897000    32.7539    32.7491    -0.0048    25.6761    25.6716     17.340     17.664      0.459    1475.36    1475.37  0.000e+00
      15587     18.000     6.7586     6.7621     0.0035    3.31802    3.31803          1     5.4836     5.2932      33.37     1.6620     0.3981  7.037e-06  0.4472000    32.9117    32.9085    -0.0032    25.8061    25.8031     17.836     18.161      0.452    1475.40    1475.41  0.000e+00
      15614     18.500     6.6944     6.6983     0.0040    3.33248    3.33258          1     5.3459     5.1559      32.61     2.0022     0.4557  1.000e-12  0.4767000    33.1327    33.1299    -0.0028    25.9887    25.9860     18.331     18.657      0.447    1475.43    1475.44  0.000e+00
      15640     19.000     6.6726     6.6760     0.0033    3.34435    3.34446          1     5.2024     5.0251      32.26     2.1737     0.5202  1.000e-12  0.5212000    33.2845    33.2824    -0.0020    26.1112    26.1091     18.826     19.153      0.455    1475.55    1475.56  0.000e+00
      15667     19.500     6.6442     6.6473     0.0032    3.35239    3.35243          1     5.0523     4.8511      32.15     2.4275     0.5734  1.000e-12  0.5306000    33.4008    33.3982    -0.0026    26.2066    26.2042     19.322     19.650      0.452    1475.59    1475.60  0.000e+00
      15693     20.000     6.6144     6.6162     0.0018    3.36361    3.36363          1     4.8405     4.6150      31.96     2.3836     0.5774  1.000e-12  0.5196000    33.5537    33.5523    -0.0014    26.3311    26.3298     19.817     20.146      0.451    1475.67    1475.68  0.000e+00
      15720     20.500     6.6052     6.6068     0.0016    3.36773    3.36783          1     4.6909     4.5215      31.53     1.9730     0.4566  1.000e-12  0.5633000    33.6083    33.6077    -0.0006    26.3754    26.3747     20.313     20.642      0.450    1475.71    1475.72  0.000e+00
      15747     21.000     6.5940     6.5960     0.0019    3.37070    3.37082          1     4.6342     4.5059      31.05     1.7252     0.4459  1.000e-12  0.5331000    33.6519    33.6513    -0.0006    26.4112    26.4105     20.808     21.138      0.446    1475.73    1475.74  0.000e+00
      15774     21.500     6.5870     6.5887     0.0017    3.37292    3.37312          1     4.5943     4.4795      30.55     1.6605     0.4456  1.000e-12  0.5220000    33.6832    33.6837     0.0005    26.4368    26.4370     21.303     21.634      0.450    1475.75    1475.76  0.000e+00
      15800     22.000     6.5765     6.5791     0.0025    3.37716    3.37717          1     4.5400     4.4107      30.05     1.6271     0.4416  1.000e-12  0.5372000    33.7402    33.7379    -0.0024    26.4832    26.4810     21.799     22.131      0.450    1475.79    1475.80  0.000e+00
      15827     22.500     6.5557     6.5582     0.0025    3.38355    3.38360          1     4.4459     4.3102      29.59     1.2400     0.3695  1.000e-12  0.5736000    33.8315    33.8295    -0.0020    26.5579    26.5560     22.294     22.627      0.451    1475.83    1475.84  0.000e+00
      15853     23.000     6.5480     6.5498     0.0018    3.38574    3.38587          1     4.3770     4.2603      29.08     0.9597     0.3049  1.000e-12  0.6519000    33.8633    33.8629    -0.0004    26.5840    26.5835     22.790     23.123      0.453    1475.85    1475.86  0.000e+00
      15880     23.500     6.5450     6.5473     0.0023    3.38627    3.38637          1     4.3600     4.2518      28.62     0.9078     0.3070  1.000e-12  0.6401000    33.8718    33.8707    -0.0012    26.5911    26.5899     23.285     23.619      0.437    1475.86    1475.86  0.000e+00
      15908     24.000     6.5349     6.5369     0.0021    3.38874    3.38885          1     4.3407     4.2483      28.18     0.7698     0.2961  1.000e-12  0.6382000    33.9090    33.9082    -0.0008    26.6218    26.6209     23.780     24.115      0.434    1475.87    1475.88  0.000e+00
      15936     24.500     6.5334     6.5351     0.0018    3.38935    3.38947          1     4.3171     4.2362      27.61     0.6013     0.3076  1.000e-12  0.6852000    33.9170    33.9167    -0.0004    26.6283    26.6278     24.276     24.611      0.442    1475.88    1475.89  0.000e+00
      15962     25.000     6.5331     6.5347     0.0016    3.38955    3.38966          1     4.3058     4.2366      27.16     0.5579     0.2932  1.000e-12  0.6903000    33.9193    33.9190    -0.0003    26.6301    26.6297     24.771     25.107      0.450    1475.89    1475.90  0.000e+00
      15989     25.500     6.5321     6.5340     0.0019    3.38971    3.38985          1     4.3108     4.2402      26.71     0.5966     0.3226  1.000e-12  0.7271000    33.9218    33.9215    -0.0003    26.6322    26.6317     25.267     25.603      0.440    1475.90    1475.91  0.000e+00
      16017     26.000     6.5318     6.5337     0.0019    3.38984    3.38998          1     4.3051     4.2431      26.30     0.6057     0.3097  1.000e-12  0.7084000    33.9233    33.9229    -0.0003    26.6334    26.6329     25.762     26.099      0.443    1475.91    1475.92  0.000e+00
      16043     26.500     6.5320     6.5338     0.0019    3.38998    3.39011          1     4.3087     4.2399      24.91     0.5900     0.3214  1.000e-12  0.7178000    33.9245    33.9241    -0.0004    26.6343    26.6338     26.257     26.595      0.446    1475.92    1475.93  0.000e+00
      16070     27.000     6.5311     6.5330     0.0019    3.39097    3.39100          1     4.3087     4.2439      24.21     0.5268     0.2872  1.000e-12  0.7503000    33.9361    33.9346    -0.0015    26.6437    26.6422     26.753     27.091      0.443    1475.94    1475.94  0.000e+00
      16097     27.500     6.5317     6.5336     0.0019    3.39189    3.39199          1     4.3117     4.2494      23.97     0.5294     0.2474  1.000e-12  0.7487000    33.9455    33.9447    -0.0007    26.6509    26.6501     27.248     27.587      0.446    1475.96    1475.97  0.000e+00
      16125     28.000     6.5321     6.5338     0.0017    3.39212    3.39219          1     4.3208     4.2539      23.93     0.5176     0.2421  1.000e-12  0.7555000    33.9474    33.9465    -0.0009    26.6524    26.6515     27.744     28.083      0.438    1475.97    1475.98  0.000e+00
