ctdpy/exports/archive_20191121_122431/received_data/SBE09_0827_20180830_1723_26_01_0950.cnv
* Sea-Bird SBE 9 Data File:
* FileName = D:\CTD_SBE911\DAT\26DA.2018.8.150.hex
* Software Version Seasave V 7.21d
* Temperature SN = 034605
* Conductivity SN = 041844
* Number of Bytes Per Scan = 48
* Number of Voltage Words = 5
* Number of Scans Averaged by the Deck Unit = 1
* NMEA Latitude = 57 51.76 N
* NMEA Longitude = 011 17.70 E
* NMEA UTC (Time) = Aug 30 2018  17:25:42
* NMEA baud rate = 4800
** Ship: DANA
** Average sound velocity: 1505.36 m/s
** True-depth calculation Wed, 24 Apr 2019 11:53:03 +0000
** CTD Python Module SMHI /ver 3-12/ feb 2012 
** LIMS Job: 20182601-0950
**  P2
** Operator: Christian
** Cruise: 08/2018
# nquan = 26
# nvalues = 181                         
# units = specified
# name 0 = scan: Scan Count
# name 1 = prDM: Pressure, Digiquartz [db]
# name 2 = t090C: Temperature [ITS-90, deg C]
# name 3 = t190C: Temperature, 2 [ITS-90, deg C]
# name 4 = T2-T190C: Temperature Difference, 2 - 1 [ITS-90, deg C]
# name 5 = c0S/m: Conductivity [S/m]
# name 6 = c1S/m: Conductivity, 2 [S/m]
# name 7 = pumps: Pump Status
# name 8 = sbeox1ML/L: Oxygen, SBE 43, 2 [ml/l]
# name 9 = sbeox0ML/L: Oxygen, SBE 43 [ml/l]
# name 10 = altM: Altimeter [m]
# name 11 = chloroflTC0: Chlorophyll, Turner Cyclops [ug/l]
# name 12 = cpar: CPAR/Corrected Irradiance [%]
# name 13 = par: PAR/Irradiance, Biospherical/Lico [µE/(cm^2*s)]
# name 14 = spar: SPAR, Biospherical/Licor
# name 15 = sal00: Salinity, Practical [PSU]
# name 16 = sal11: Salinity, Practical, 2 [PSU]
# name 17 = secS-priS: Salinity, Practical, Difference, 2 - 1 [PSU]
# name 18 = sigma-t00: Density [sigma-t, kg/m^3 ]
# name 19 = sigma-t11: Density, 2 [sigma-t, kg/m^3 ]
# name 20 = depSM: Depth [salt water, m], lat = 57.8627
# name 21 = depFM: Depth [true depth, m], lat = 57.8627
# name 22 = dz/dtM: Descent Rate [m/s], WS = 2
# name 23 = svCM: Sound Velocity [Chen-Millero, m/s]
# name 24 = svCM1: Sound Velocity, 2 [Chen-Millero, m/s]
# name 25 = flag: flag
# span 0 =        217,      12412       
# span 1 =      1.500,     91.500       
# span 2 =     9.2537,    17.3937       
# span 3 =     9.2336,    17.3902       
# span 4 =    -0.2796,     1.5179       
# span 5 =   3.690481,   4.273984       
# span 6 =   3.711439,   4.273849       
# span 7 =          1,          1       
# span 8 =     4.6060,     5.8004       
# span 9 =     4.4186,     5.5334       
# span 10 =      -1.78,       9.98      
# span 11 =     0.0392,     0.4237      
# span 12 = -1.346e-06, 6.8427e+00      
# span 13 = -3.291e-06, 1.7093e+01      
# span 14 = 1.4762e+02, 2.4983e+02      
# span 15 =    32.5677,    34.6877      
# span 16 =    32.5734,    34.6941      
# span 17 =    -0.4963,     0.2074      
# span 18 =    23.5556,    26.8326      
# span 19 =    23.5608,    26.8409      
# span 20 =      1.486,     90.633      
# span 21 =      1.493,     90.954      
# span 22 =     -0.475,      0.316      
# span 23 =    1488.26,    1511.34      
# span 24 =    1488.18,    1511.36      
# span 25 = 0.0000e+00, 0.0000e+00      
# interval = decibars: 0.5              
# start_time = Aug 30 2018 17:25:43 [NMEA time, first data scan]
# bad_flag = -9.990e-29
*END*
        217      1.500    17.3231    17.3443     0.0211    4.25246    4.25107          1     5.7456     5.4799       9.98     0.3328  6.843e+00  1.709e+01  2.498e+02    32.6734    32.6444    -0.0290    23.6533    23.6260      1.486      1.493      0.159    1511.16    1511.19  0.000e+00
        340      2.000    17.3277    17.3285     0.0008    4.25191    4.25208          1     5.7454     5.4851       9.98     0.3483  5.800e+00  1.449e+01  2.498e+02    32.6648    32.6658     0.0009    23.6456    23.6462      1.981      1.990      0.243    1511.18    1511.18  0.000e+00
        375      2.500    17.3258    17.3277     0.0019    4.25203    4.25232          1     5.7427     5.4982       9.98     0.3569  5.321e+00  1.329e+01  2.498e+02    32.6672    32.6682     0.0010    23.6479    23.6482      2.477      2.488      0.314    1511.18    1511.19  0.000e+00
        435      3.000    17.3438    17.3443     0.0005    4.25079    4.25105          1     5.7567     5.4994       9.98     0.3770  4.581e+00  1.144e+01  2.498e+02    32.6420    32.6438     0.0018    23.6243    23.6256      2.972      2.985      0.212    1511.21    1511.22  0.000e+00
        488      3.500    17.3732    17.3698    -0.0033    4.24870    4.24925          1     5.7481     5.5252       9.98     0.3986  3.874e+00  9.677e+00  2.498e+02    32.6002    32.6075     0.0074    23.5853    23.5917      3.468      3.483      0.264    1511.26    1511.26  0.000e+00
        537      4.000    17.3850    17.3750    -0.0100    4.24789    4.24862          1     5.7631     5.5243       9.98     0.3658  3.465e+00  8.656e+00  2.498e+02    32.5835    32.5978     0.0143    23.5698    23.5831      3.963      3.980      0.212    1511.29    1511.27  0.000e+00
        596      4.500    17.3915    17.3753    -0.0162    4.24730    4.24869          1     5.7955     5.5242       9.98     0.3817  3.026e+00  7.559e+00  2.498e+02    32.5730    32.5980     0.0250    23.5602    23.5832      4.458      4.478      0.242    1511.30    1511.28  0.000e+00
        639      5.000    17.3937    17.3843    -0.0094    4.24691    4.24793          1     5.8004     5.5334       9.98     0.3621  2.638e+00  6.589e+00  2.498e+02    32.5677    32.5841     0.0163    23.5556    23.5704      4.954      4.975      0.266    1511.31    1511.30  0.000e+00
        689      5.500    17.3919    17.3881    -0.0036    4.24714    4.24745          1     5.7964     5.5162       9.98     0.3352  2.364e+00  5.906e+00  2.498e+02    32.5710    32.5767     0.0057    23.5585    23.5638      5.449      5.473      0.246    1511.32    1511.31  0.000e+00
        732      6.000    17.3410    17.3902     0.0489    4.25151    4.24729          1     5.7949     5.4655       9.98     0.3673  2.071e+00  5.172e+00  2.498e+02    32.6493    32.5734    -0.0758    23.6305    23.5608      5.944      5.970      0.298    1511.26    1511.32  0.000e+00
        774      6.500    17.3404    17.3740     0.0337    4.25148    4.24856          1     5.7726     5.4876       9.98     0.3493  1.832e+00  4.578e+00  2.498e+02    32.6493    32.5972    -0.0521    23.6307    23.5829      6.440      6.468      0.260    1511.27    1511.31  0.000e+00
        823      7.000    17.3481    17.3583     0.0101    4.25049    4.25016          1     5.7611     5.5048       9.98     0.3793  1.647e+00  4.115e+00  2.498e+02    32.6344    32.6234    -0.0110    23.6175    23.6067      6.935      6.965      0.259    1511.28    1511.30  0.000e+00
        864      7.500    17.3501    17.3512     0.0012    4.25070    4.25090          1     5.7611     5.4745       9.98     0.4237  1.437e+00  3.589e+00  2.498e+02    32.6345    32.6352     0.0007    23.6171    23.6174      7.430      7.463      0.301    1511.30    1511.30  0.000e+00
        914      8.000    17.3073    17.3369     0.0297    4.25376    4.25207          1     5.7626     5.4876       9.98     0.3821  1.287e+00  3.214e+00  2.498e+02    32.6950    32.6567    -0.0384    23.6736    23.6372      7.926      7.960      0.205    1511.25    1511.29  0.000e+00
        971      8.500    17.3291    17.3327     0.0037    4.25214    4.25249          1     5.7589     5.4584       9.98     0.3931  1.149e+00  2.869e+00  2.496e+02    32.6634    32.6634    -0.0000    23.6442    23.6434      8.421      8.458      0.274    1511.29    1511.30  0.000e+00
       1010      9.000    17.2483    17.3309     0.0826    4.25687    4.25228          1     5.7578     5.4448       9.98     0.4142  1.024e+00  2.556e+00  2.496e+02    32.7693    32.6630    -0.1063    23.7444    23.6435      8.917      8.955      0.295    1511.17    1511.30  0.000e+00
       1056      9.500    17.1762    17.3008     0.1246    4.25552    4.25375          1     5.7825     5.4343       9.98     0.4034  9.083e-01  2.267e+00  2.495e+02    32.8160    32.6997    -0.1163    23.7972    23.6787      9.412      9.453      0.241    1511.02    1511.26  0.000e+00
       1104     10.000    17.0993    17.2339     0.1346    4.25029    4.25566          1     5.7412     5.4071       9.98     0.3926  8.113e-01  2.023e+00  2.493e+02    32.8332    32.7701    -0.0631    23.8285    23.7485      9.907      9.950      0.263    1510.81    1511.15  0.000e+00
       1152     10.500    17.0491    17.1790     0.1299    4.24490    4.25425          1     5.7274     5.3821       9.98     0.3977  7.328e-01  1.817e+00  2.480e+02    32.8274    32.8023    -0.0251    23.8359    23.7861     10.403     10.448      0.235    1510.66    1511.03  0.000e+00
       1200     11.000    17.0229    17.1210     0.0981    4.24241    4.25064          1     5.7202     5.3320       9.98     0.3864  6.576e-01  1.629e+00  2.478e+02    32.8270    32.8182    -0.0088    23.8418    23.8119     10.898     10.945      0.276    1510.59    1510.88  0.000e+00
       1246     11.500    17.0028    17.0734     0.0706    4.24054    4.24716          1     5.6730     5.3130       9.98     0.3842  5.879e-01  1.457e+00  2.478e+02    32.8271    32.8268    -0.0003    23.8465    23.8297     11.393     11.442      0.231    1510.54    1510.75  0.000e+00
       1303     12.000    16.9945    17.0460     0.0514    4.23990    4.24508          1     5.6365     5.2894       9.98     0.3624  5.299e-01  1.313e+00  2.478e+02    32.8281    32.8310     0.0029    23.8492    23.8394     11.889     11.940      0.245    1510.53    1510.68  0.000e+00
       1343     12.500    16.9855    17.0199     0.0344    4.23944    4.24299          1     5.5942     5.2980       9.97     0.3436  4.765e-01  1.181e+00  2.478e+02    32.8313    32.8340     0.0027    23.8538    23.8478     12.384     12.437      0.315    1510.51    1510.62  0.000e+00
       1388     13.000    16.9816    17.0065     0.0249    4.23933    4.24187          1     5.5834     5.2922       9.97     0.3295  4.248e-01  1.047e+00  2.465e+02    32.8334    32.8350     0.0016    23.8563    23.8517     12.879     12.935      0.227    1510.51    1510.59  0.000e+00
       1444     13.500    16.9763    16.9954     0.0191    4.23890    4.24113          1     5.5759     5.2960       9.97     0.3131  3.837e-01  9.429e-01  2.457e+02    32.8338    32.8375     0.0037    23.8578    23.8562     13.375     13.432      0.244    1510.50    1510.56  0.000e+00
       1486     14.000    16.9727    16.9883     0.0156    4.23889    4.24058          1     5.5730     5.3072       9.97     0.3120  3.457e-01  8.495e-01  2.457e+02    32.8365    32.8383     0.0018    23.8608    23.8585     13.870     13.929      0.297    1510.50    1510.55  0.000e+00
       1529     14.500    16.9704    16.9828     0.0124    4.23949    4.24016          1     5.5757     5.2879       9.97     0.3014  3.075e-01  7.555e-01  2.457e+02    32.8434    32.8390    -0.0044    23.8665    23.8603     14.365     14.427      0.253    1510.51    1510.54  0.000e+00
       1581     15.000    16.9702    16.9778     0.0076    4.23980    4.24009          1     5.5381     5.2985       9.97     0.2862  2.744e-01  6.733e-01  2.454e+02    32.8459    32.8423    -0.0037    23.8686    23.8640     14.861     14.924      0.227    1510.52    1510.54  0.000e+00
       1630     15.500    16.9692    16.9741     0.0049    4.24027    4.24029          1     5.5062     5.2907       9.97     0.2817  2.477e-01  6.040e-01  2.438e+02    32.8507    32.8469    -0.0038    23.8724    23.8684     15.356     15.422      0.268    1510.53    1510.54  0.000e+00
       1675     16.000    16.9644    16.9724     0.0080    4.24088    4.24054          1     5.5608     5.2706       9.97     0.2944  2.197e-01  5.353e-01  2.437e+02    32.8597    32.8503    -0.0095    23.8805    23.8714     15.851     15.919      0.256    1510.54    1510.55  0.000e+00
       1725     16.500    16.9509    16.9698     0.0189    4.24144    4.24090          1     5.5752     5.2668       9.97     0.2619  1.933e-01  4.711e-01  2.437e+02    32.8754    32.8553    -0.0200    23.8957    23.8759     16.347     16.416      0.234    1510.52    1510.56  0.000e+00
       1774     17.000    16.9339    16.9625     0.0286    4.24155    4.24136          1     5.5523     5.2617       9.97     0.2642  1.714e-01  4.178e-01  2.437e+02    32.8901    32.8651    -0.0251    23.9110    23.8851     16.842     16.914      0.257    1510.49    1510.55  0.000e+00
       1819     17.500    16.9282    16.9490     0.0208    4.24176    4.24184          1     5.5323     5.2720       9.97     0.2544  1.521e-01  3.701e-01  2.432e+02    32.8964    32.8801    -0.0163    23.9171    23.8997     17.337     17.411      0.271    1510.49    1510.54  0.000e+00
       1864     18.000    16.9268    16.9416     0.0148    4.24211    4.24208          1     5.5416     5.2510       9.97     0.2336  1.338e-01  3.235e-01  2.417e+02    32.9004    32.8880    -0.0124    23.9205    23.9075     17.833     17.908      0.266    1510.50    1510.53  0.000e+00
       1908     18.500    16.9270    16.9354     0.0084    4.24292    4.24230          1     5.4824     5.2501       9.97     0.2221  1.161e-01  2.804e-01  2.417e+02    32.9070    32.8948    -0.0123    23.9255    23.9142     18.328     18.406      0.281    1510.52    1510.53  0.000e+00
       1952     19.000    16.9205    16.9319     0.0115    4.24439    4.24283          1     5.4908     5.2320       9.97     0.2051  1.000e-01  2.417e-01  2.417e+02    32.9249    32.9021    -0.0229    23.9408    23.9206     18.823     18.903      0.245    1510.53    1510.54  0.000e+00
       2005     19.500    16.9170    16.9267     0.0098    4.24540    4.24377          1     5.5022     5.2536       9.97     0.2091  8.680e-02  2.095e-01  2.414e+02    32.9364    32.9143    -0.0221    23.9504    23.9312     19.319     19.401      0.239    1510.54    1510.54  0.000e+00
       2050     20.000    16.9123    16.9236     0.0114    4.24639    4.24468          1     5.5175     5.2715       9.97     0.2003  7.493e-02  1.796e-01  2.397e+02    32.9486    32.9245    -0.0241    23.9609    23.9397     19.814     19.898      0.289    1510.55    1510.55  0.000e+00
       2092     20.500    16.9111    16.9192     0.0081    4.24698    4.24555          1     5.4969     5.2653       9.97     0.1963  6.163e-02  1.477e-01  2.396e+02    32.9546    32.9355    -0.0191    23.9657    23.9492     20.309     20.395      0.262    1510.56    1510.56  0.000e+00
       2144     21.000    16.9136    16.9166     0.0030    4.24744    4.24629          1     5.5364     5.2585       9.97     0.2016  4.788e-02  1.147e-01  2.395e+02    32.9563    32.9439    -0.0124    23.9665    23.9563     20.805     20.893      0.227    1510.58    1510.57  0.000e+00
       2190     21.500    16.9121    16.9153     0.0033    4.24735    4.24677          1     5.5260     5.2745       9.97     0.2191  3.844e-02  9.150e-02  2.381e+02    32.9565    32.9489    -0.0077    23.9670    23.9603     21.300     21.390      0.302    1510.58    1510.58  0.000e+00
       2228     22.000    16.9105    16.9144     0.0038    4.24719    4.24716          1     5.5224     5.2686       9.97     0.2203  2.841e-02  6.752e-02  2.376e+02    32.9563    32.9529    -0.0034    23.9672    23.9637     21.795     21.887      0.308    1510.58    1510.59  0.000e+00
       2272     22.500    16.9089    16.9136     0.0047    4.24705    4.24758          1     5.5208     5.2844       9.97     0.2238  1.886e-02  4.482e-02  2.376e+02    32.9562    32.9569     0.0007    23.9675    23.9669     22.291     22.385      0.241    1510.59    1510.60  0.000e+00
       2324     23.000    16.9083    16.9118     0.0036    4.24705    4.24764          1     5.5463     5.2900       9.97     0.2401  1.079e-02  2.564e-02  2.376e+02    32.9565    32.9587     0.0022    23.9679    23.9687     22.786     22.882      0.234    1510.59    1510.61  0.000e+00
       2373     23.500    16.9074    16.9105     0.0031    4.24707    4.24761          1     5.5574     5.2852       9.97     0.2306  3.808e-03  8.996e-03  2.360e+02    32.9572    32.9594     0.0022    23.9686    23.9696     23.281     23.379      0.264    1510.60    1510.61  0.000e+00
       2415     24.000    16.9047    16.9097     0.0050    4.24784    4.24762          1     5.5200     5.3095       9.97     0.2114 -1.346e-06 -3.291e-06  2.356e+02    32.9659    32.9599    -0.0060    23.9759    23.9701     23.776     23.877      0.295    1510.61    1510.62  0.000e+00
       2457     24.500    16.9351    16.9084    -0.0267    4.25422    4.24779          1     5.5373     5.3138       9.97     0.2298  3.579e-07  8.431e-07  2.356e+02    32.9961    32.9623    -0.0338    23.9920    23.9723     24.272     24.374      0.259    1510.75    1510.63  0.000e+00
       2509     25.000    16.9657    16.9145    -0.0512    4.25978    4.24937          1     5.5356     5.3431       9.97     0.2342  4.245e-13  1.000e-12  2.356e+02    33.0190    32.9708    -0.0483    24.0023    23.9773     24.767     24.871      0.238    1510.87    1510.66  0.000e+00
       2552     25.500    16.9796    16.9367    -0.0429    4.26179    4.25340          1     5.5698     5.3282       9.97     0.2491  4.245e-13  1.000e-12  2.356e+02    33.0248    32.9874    -0.0374    24.0036    23.9849     25.262     25.369      0.308    1510.93    1510.76  0.000e+00
       2592     26.000    16.9840    16.9572    -0.0268    4.26245    4.25776          1     5.5923     5.3381       9.97     0.2325  4.248e-13  1.000e-12  2.354e+02    33.0267    33.0081    -0.0186    24.0040    23.9960     25.758     25.866      0.269    1510.95    1510.85  0.000e+00
       2644     26.500    16.9906    16.9654    -0.0252    4.26354    4.25942          1     5.6021     5.3069       9.97     0.2139  4.280e-13  1.000e-12  2.337e+02    33.0305    33.0155    -0.0150    24.0054    23.9997     26.253     26.363      0.226    1510.99    1510.89  0.000e+00
       2691     27.000    16.9932    16.9743    -0.0189    4.26421    4.26084          1     5.5966     5.3004       9.97     0.2050  4.282e-13  1.000e-12  2.336e+02    33.0340    33.0204    -0.0136    24.0074    24.0015     26.748     26.861      0.288    1511.01    1510.93  0.000e+00
       2732     27.500    16.9972    16.9824    -0.0148    4.26670    4.26238          1     5.5753     5.3117       9.98     0.1886  4.282e-13  1.000e-12  2.336e+02    33.0522    33.0269    -0.0253    24.0204    24.0045     27.244     27.358      0.287    1511.05    1510.97  0.000e+00
       2777     28.000    16.9934    16.9869    -0.0065    4.26681    4.26366          1     5.5887     5.2937       9.98     0.1966  4.283e-13  1.000e-12  2.335e+02    33.0560    33.0341    -0.0219    24.0242    24.0089     27.739     27.855      0.244    1511.05    1511.00  0.000e+00
       2828     28.500    16.9899    16.9903     0.0004    4.26657    4.26501          1     5.5763     5.2988       9.98     0.1910  4.316e-13  1.000e-12  2.317e+02    33.0566    33.0427    -0.0139    24.0255    24.0148     28.234     28.353      0.240    1511.05    1511.03  0.000e+00
