ctdpy/exports/archive_20191121_122431/received_data/SBE09_1044_20180127_1458_34_02_0020.cnv
* Sea-Bird SBE 9 Data File:
* FileName = C:\ctd\temp\2018\ME18D020.hex
* Software Version Seasave V 7.26.6.26
* Temperature SN = 5351
* Conductivity SN = 3941
* Number of Bytes Per Scan = 41
* Number of Voltage Words = 4
* Number of Scans Averaged by the Deck Unit = 1
* NMEA Latitude = 54 50.01 N
* NMEA Longitude = 019 20.03 E
* NMEA UTC (Time) = Jan 27 2018  14:58:52
* NMEA baud rate = 4800
** Station:  PL-P1
** Operator:  SSip
** Ship: MERI
** Average sound velocity: 1440.68 m/s
** True-depth calculation Sat, 27 Jan 2018 16:16:28 +0000
** CTD Python Module SMHI /ver 3-12/ feb 2012 
** LIMS Job: 20183402-0020
** Cruise: SMHI-01-2018
** Latitude [GG MM.mm N] :
** Longitude [GG MM.mm E]:
# nquan = 26
# nvalues = 202                         
# units = specified
# name 0 = scan: Scan Count
# name 1 = prDM: Pressure, Digiquartz [db]
# name 2 = t090C: Temperature [ITS-90, deg C]
# name 3 = t190C: Temperature, 2 [ITS-90, deg C]
# name 4 = T2-T190C: Temperature Difference, 2 - 1 [ITS-90, deg C]
# name 5 = c0S/m: Conductivity [S/m]
# name 6 = c1S/m: Conductivity, 2 [S/m]
# name 7 = pumps: Pump Status
# name 8 = sbeox0ML/L: Oxygen, SBE 43 [ml/l]
# name 9 = sbeox1ML/L: Oxygen, SBE 43, 2 [ml/l]
# name 10 = altM: Altimeter [m]
# name 11 = flECO-AFL: Chl-a Fluorescence, WET Labs ECO-AFL/FL [mg/m^3]
# name 12 = flECO-AFL1: Phycocyanin Fluorescence, WET Labs ECO-AFL/FL, 2 [mg/m^3]
# name 13 = par: PAR/Irradiance, Biospherical/Lico [µE/(cm^2*s)]
# name 14 = turbWETntu0: Turbidity, WET Labs ECO [NTU]
# name 15 = sal00: Salinity, Practical [PSU]
# name 16 = sal11: Salinity, Practical, 2 [PSU]
# name 17 = secS-priS: Salinity, Practical, Difference, 2 - 1 [PSU]
# name 18 = sigma-t00: Density [sigma-t, Kg/m^3 ]
# name 19 = sigma-t11: Density, 2 [sigma-t, Kg/m^3 ]
# name 20 = depSM: Depth [salt water, m], lat = 54.8335
# name 21 = depFM: Depth [true depth, m], lat = 54.8335
# name 22 = dz/dtM: Descent Rate [m/s], WS = 2
# name 23 = svCM: Sound Velocity [Chen-Millero, m/s]
# name 24 = svCM1: Sound Velocity, 2 [Chen-Millero, m/s]
# name 25 = flag: flag
# span 0 =       9718,      14109       
# span 1 =      1.000,    101.500       
# span 2 =     4.8294,     6.5075       
# span 3 =     4.8301,     6.5081       
# span 4 =    -0.0174,     0.0052       
# span 5 =   0.799368,   1.269850       
# span 6 =   0.799347,   1.269826       
# span 7 =          1,          1       
# span 8 =   -0.25313,    8.08537       
# span 9 =    0.30835,    8.07609       
# span 10 =       4.10,      99.00      
# span 11 =     0.2714,     0.5911      
# span 12 =     0.2336,     0.4110      
# span 13 = -2.629e-05, 1.7832e+01      
# span 14 =     0.1348,     0.2644      
# span 15 =     7.4000,    11.5889      
# span 16 =     7.3994,    11.5885      
# span 17 =    -0.0113,     0.0102      
# span 18 =     5.8558,     9.0691      
# span 19 =     5.8552,     9.0688      
# span 20 =      0.991,    100.562      
# span 21 =      1.013,    102.654      
# span 22 =     -0.149,      0.773      
# span 23 =    1435.14,    1449.07      
# span 24 =    1435.13,    1449.07      
# span 25 = 0.0000e+00, 0.0000e+00      
# interval = decibars: 0.5              
# start_time = Jan 27 2018 14:58:53 [NMEA time, first data scan]
# bad_flag = -9.990e-29
*END*
[from data line 168]
      13354     85.000     6.3763     6.3769     0.0006    1.23119    1.23116          1     0.4821     0.5188      21.49     0.3213     0.3053  1.000e-12  0.1975000    11.2537    11.2533    -0.0005     8.8151     8.8146     84.218     85.996      0.543    1447.84    1447.84  0.000e+00
      13378     85.500     6.3642     6.3650     0.0008    1.23175    1.23172          1     0.4339     0.4805      20.72     0.3013     0.2790  1.000e-12  0.1975000    11.2633    11.2627    -0.0006     8.8234     8.8229     84.713     86.501      0.523    1447.81    1447.81  0.000e+00
      13400     86.000     6.3467     6.3473     0.0006    1.23136    1.23131          1     0.3636     0.4193      19.85     0.3137     0.2978  1.000e-12  0.2144000    11.2650    11.2643    -0.0007     8.8260     8.8254     85.208     87.006      0.552    1447.74    1447.75  0.000e+00
      13421     86.500     6.3287     6.3291     0.0003    1.23107    1.23103          1     0.2935     0.3598      18.66     0.3213     0.3003  1.000e-12  0.2248000    11.2680    11.2676    -0.0005     8.8296     8.8292     85.704     87.511      0.549    1447.68    1447.68  0.000e+00
      13444     87.000     6.3181     6.3185     0.0003    1.23078    1.23075          1     0.2480     0.3199      19.27     0.3213     0.2740  1.000e-12  0.2409000    11.2686    11.2682    -0.0004     8.8308     8.8304     86.199     88.015      0.546    1447.64    1447.65  0.000e+00
      13465     87.500     6.3165     6.3172     0.0007    1.23076    1.23073          1     0.2430     0.3111      19.01     0.3195     0.2875  1.000e-12  0.2632000    11.2688    11.2683    -0.0005     8.8311     8.8306     86.694     88.520      0.592    1447.64    1447.65  0.000e+00
      13484     88.000     6.3216     6.3223     0.0006    1.23110    1.23106          1     0.2488     0.3084      18.44     0.3092     0.2869  1.000e-12  0.2532000    11.2703    11.2697    -0.0006     8.8319     8.8314     87.189     89.025      0.659    1447.68    1447.68  0.000e+00
      13502     88.500     6.3233     6.3237     0.0005    1.23124    1.23121          1     0.2594     0.3140      17.96     0.3007     0.2993  1.000e-12  0.2621000    11.2711    11.2707    -0.0005     8.8324     8.8320     87.685     89.530      0.679    1447.69    1447.70  0.000e+00
      13520     89.000     6.3236     6.3243     0.0008    1.23129    1.23126          1     0.2741     0.3252      17.46     0.3051     0.3172  1.000e-12  0.2633000    11.2714    11.2710    -0.0005     8.8326     8.8322     88.180     90.035      0.609    1447.70    1447.71  0.000e+00
      13543     89.500     6.3367     6.3372     0.0005    1.23270    1.23265          1     0.2922     0.3343      16.89     0.3140     0.2827  1.000e-12  0.2590000    11.2810    11.2803    -0.0007     8.8393     8.8387     88.675     90.540      0.461    1447.78    1447.78  0.000e+00
      13572     90.000     6.3508     6.3512     0.0005    1.23402    1.23399          1     0.3122     0.3459      16.29     0.2963     0.2526  1.000e-12  0.2571000    11.2893    11.2889    -0.0004     8.8448     8.8444     89.171     91.044      0.441    1447.86    1447.86  0.000e+00
      13596     90.500     6.3570     6.3575     0.0005    1.23461    1.23458          1     0.3218     0.3522      15.86     0.2943     0.3229  1.000e-12  0.2607000    11.2929    11.2925    -0.0004     8.8472     8.8469     89.666     91.549      0.630    1447.90    1447.90  0.000e+00
      13612     91.000     6.3586     6.3592     0.0006    1.23473    1.23469          1     0.3251     0.3557      15.45     0.2845     0.3188  1.000e-12  0.2465000    11.2935    11.2930    -0.0005     8.8475     8.8471     90.161     92.054      0.755    1447.91    1447.91  0.000e+00
      13627     91.500     6.3617     6.3623     0.0006    1.23493    1.23489          1     0.3278     0.3597      14.96     0.2847     0.3127  1.000e-12  0.2583000    11.2944    11.2938    -0.0005     8.8480     8.8476     90.656     92.559      0.761    1447.93    1447.94  0.000e+00
      13644     92.000     6.3645     6.3651     0.0005    1.23521    1.23517          1     0.3251     0.3600      14.47     0.2879     0.2633  1.000e-12  0.2628000    11.2961    11.2956    -0.0006     8.8492     8.8487     91.152     93.064      0.658    1447.95    1447.96  0.000e+00
      13666     92.500     6.3673     6.3679     0.0005    1.23554    1.23551          1     0.3226     0.3557      13.85     0.3067     0.3028  1.000e-12  0.2509000    11.2984    11.2978    -0.0006     8.8508     8.8503     91.647     93.568      0.474    1447.98    1447.98  0.000e+00
      13696     93.000     6.3732     6.3736     0.0004    1.23606    1.23603          1     0.3267     0.3563      13.24     0.3001     0.2817  1.000e-12  0.2644000    11.3015    11.3010    -0.0004     8.8528     8.8524     92.142     94.073      0.417    1448.02    1448.02  0.000e+00
      13721     93.500     6.3826     6.3827     0.0002    1.23696    1.23691          1     0.3473     0.3705      12.77     0.3094     0.2449  1.000e-12  0.2599000    11.3072    11.3067    -0.0005     8.8566     8.8562     92.637     94.578      0.560    1448.07    1448.07  0.000e+00
      13740     94.000     6.3981     6.3989     0.0008    1.23823    1.23820          1     0.3807     0.4053      12.38     0.3091     0.2404  1.000e-12  0.2594000    11.3145    11.3139    -0.0005     8.8613     8.8608     93.133     95.083      0.685    1448.15    1448.16  0.000e+00
      13756     94.500     6.3695     6.3701     0.0005    1.24010    1.24008          1     0.3846     0.4117      11.90     0.3091     0.2407  1.000e-12  0.2505000    11.3424    11.3420    -0.0004     8.8852     8.8849     93.628     95.588      0.733    1448.07    1448.08  0.000e+00
      13773     95.000     6.3562     6.3570     0.0008    1.24187    1.24184          1     0.3593     0.3913      11.38     0.3112     0.2439  1.000e-12  0.2453000    11.3642    11.3637    -0.0006     8.9034     8.9029     94.123     96.092      0.697    1448.05    1448.06  0.000e+00
      13791     95.500     6.3849     6.3855     0.0006    1.24392    1.24391          1     0.3609     0.3868      10.80     0.3209     0.2931  1.000e-12  0.2395000    11.3749    11.3745    -0.0004     8.9097     8.9094     94.619     96.597      0.585    1448.20    1448.20  0.000e+00
      13815     96.000     6.4496     6.4496     0.0001    1.25148    1.25132          1     0.4364     0.4474      10.18     0.2776     0.3092  1.000e-12  0.2636000    11.4279    11.4263    -0.0016     8.9468     8.9455     95.114     97.102      0.465    1448.54    1448.54  0.000e+00
      13842     96.500     6.4757     6.4761     0.0004    1.25809    1.25808          1     0.5422     0.5423       9.64     0.3102     0.2792  1.000e-12  0.2469000    11.4843    11.4841    -0.0002     8.9892     8.9890     95.609     97.607      0.473    1448.73    1448.73  0.000e+00
      13866     97.000     6.4919     6.4921     0.0002    1.26365    1.26365          1     0.5875     0.5830       9.17     0.2978     0.2676  1.000e-12  0.2112000    11.5337    11.5336    -0.0001     9.0269     9.0268     96.104     98.111      0.575    1448.87    1448.87  0.000e+00
      13885     97.500     6.5001     6.5005     0.0005    1.26642    1.26639          1     0.5831     0.5808       8.75     0.2976     0.2638  1.000e-12  0.2228000    11.5582    11.5577    -0.0005     9.0456     9.0452     96.600     98.616      0.654    1448.94    1448.94  0.000e+00
      13902     98.000     6.5028     6.5034     0.0006    1.26734    1.26731          1     0.5629     0.5672       8.23     0.2940     0.2702  1.000e-12  0.2300000    11.5663    11.5657    -0.0006     9.0518     9.0513     97.095     99.121      0.682    1448.97    1448.97  0.000e+00
      13920     98.500     6.5012     6.5016     0.0005    1.26779    1.26775          1     0.5414     0.5560       7.73     0.2847     0.2746  1.000e-12  0.2343000    11.5712    11.5706    -0.0005     9.0557     9.0552     97.590     99.625      0.655    1448.98    1448.98  0.000e+00
      13939     99.000     6.5015     6.5020     0.0005    1.26815    1.26812          1     0.5352     0.5523       7.19     0.2745     0.2760  1.000e-12  0.2289000    11.5744    11.5740    -0.0005     9.0582     9.0578     98.085    100.130      0.582    1448.99    1448.99  0.000e+00
      13962     99.500     6.5027     6.5031     0.0004    1.26840    1.26836          1     0.5348     0.5504       6.58     0.2905     0.3161  1.000e-12  0.2410000    11.5765    11.5759    -0.0006     9.0598     9.0593     98.581    100.635      0.479    1449.01    1449.01  0.000e+00
      13990    100.000     6.5039     6.5044     0.0004    1.26864    1.26860          1     0.5291     0.5518       5.98     0.2785     0.2938  1.000e-12  0.2409000    11.5783    11.5778    -0.0005     9.0611     9.0606     99.076    101.140      0.427    1449.02    1449.02  0.000e+00
      14017    100.500     6.5057     6.5061     0.0005    1.26926    1.26922          1     0.5199     0.5481       5.42     0.2838     0.3192  1.000e-12  0.2451000    11.5838    11.5832    -0.0005     9.0653     9.0648     99.571    101.644      0.470    1449.05    1449.05  0.000e+00
      14041    101.000     6.5075     6.5081     0.0005    1.26985    1.26983          1     0.5148     0.5461       4.97     0.2847     0.2980  1.000e-12  0.2313000    11.5889    11.5885    -0.0004     9.0691     9.0688    100.067    102.149      0.508    1449.07    1449.07  0.000e+00
      14109    101.500     6.4891     6.4941     0.0052    1.26530    1.26651          1     0.5002     0.5247       4.10     0.2899     0.2402  1.000e-12  0.2075000    11.5501    11.5603     0.0102     9.0400     9.0476    100.562    102.654     -0.149    1448.95    1448.98  0.000e+00
