ctdpy/exports/archive_20191121_122431/received_data/SBE09_1044_20180415_1848_34_07_0001.cnv
* Sea-Bird SBE 9 Data File:
* FileName = C:\ctd\temp\2018\AU18D001.hex
* Software Version Seasave V 7.26.6.26
* Temperature SN = 5351
* Conductivity SN = 3941
* Number of Bytes Per Scan = 41
* Number of Voltage Words = 4
* Number of Scans Averaged by the Deck Unit = 1
* NMEA Latitude = 57 51.99 N
* NMEA Longitude = 011 17.53 E
* NMEA UTC (Time) = Apr 15 2018  18:48:56
* NMEA baud rate = 4800
** Station:  P2
** Operator:  A-KTh
** Ship: AURA
** Average sound velocity: 1474.79 m/s
** True-depth calculation Sun, 15 Apr 2018 19:47:45 +0000
** CTD Python Module SMHI /ver 3-12/ feb 2012 
** LIMS Job: 20183407-0001
** Cruise: SMHI-01-2018
** Latitude [GG MM.mm N] :
** Longitude [GG MM.mm E]:
# nquan = 26
# nvalues = 184                         
# units = specified
# name 0 = scan: Scan Count
# name 1 = prDM: Pressure, Digiquartz [db]
# name 2 = t090C: Temperature [ITS-90, deg C]
# name 3 = t190C: Temperature, 2 [ITS-90, deg C]
# name 4 = T2-T190C: Temperature Difference, 2 - 1 [ITS-90, deg C]
# name 5 = c0S/m: Conductivity [S/m]
# name 6 = c1S/m: Conductivity, 2 [S/m]
# name 7 = pumps: Pump Status
# name 8 = sbeox0ML/L: Oxygen, SBE 43 [ml/l]
# name 9 = sbeox1ML/L: Oxygen, SBE 43, 2 [ml/l]
# name 10 = altM: Altimeter [m]
# name 11 = flECO-AFL: Chl-a Fluorescence, WET Labs ECO-AFL/FL [mg/m^3]
# name 12 = flECO-AFL1: Phycocyanin Fluorescence, WET Labs ECO-AFL/FL, 2 [mg/m^3]
# name 13 = par: PAR/Irradiance, Biospherical/Lico [µE/(cm^2*s)]
# name 14 = turbWETntu0: Turbidity, WET Labs ECO [NTU]
# name 15 = sal00: Salinity, Practical [PSU]
# name 16 = sal11: Salinity, Practical, 2 [PSU]
# name 17 = secS-priS: Salinity, Practical, Difference, 2 - 1 [PSU]
# name 18 = sigma-t00: Density [sigma-t, Kg/m^3 ]
# name 19 = sigma-t11: Density, 2 [sigma-t, Kg/m^3 ]
# name 20 = depSM: Depth [salt water, m], lat = 57.8665
# name 21 = depFM: Depth [true depth, m], lat = 57.8665
# name 22 = dz/dtM: Descent Rate [m/s], WS = 2
# name 23 = svCM: Sound Velocity [Chen-Millero, m/s]
# name 24 = svCM1: Sound Velocity, 2 [Chen-Millero, m/s]
# name 25 = flag: flag
# span 0 =       6771,      13017       
# span 1 =      0.500,     92.000       
# span 2 =     4.1202,     7.2136       
# span 3 =     4.1229,     7.2132       
# span 4 =    -0.0353,     0.0293       
# span 5 =   2.028766,   3.536613       
# span 6 =   2.028926,   3.536716       
# span 7 =          1,          1       
# span 8 =    5.75514,    8.17453       
# span 9 =    5.68895,    8.12816       
# span 10 =       1.96,      98.82      
# span 11 =     0.0700,    10.7101      
# span 12 =     0.1744,     1.5143      
# span 13 = -2.651e-06, 2.4029e+00      
# span 14 =     0.3609,     2.1447      
# span 15 =    20.3279,    34.9971      
# span 16 =    20.3272,    34.9966      
# span 17 =    -0.1285,     0.0694      
# span 18 =    16.0583,    27.4099      
# span 19 =    16.0572,    27.4092      
# span 20 =      0.495,     91.128      
# span 21 =      0.501,     91.353      
# span 22 =     -0.146,      0.565      
# span 23 =    1450.76,    1480.34      
# span 24 =    1450.75,    1480.34      
# span 25 = 0.0000e+00, 0.0000e+00      
# interval = decibars: 0.5              
# start_time = Apr 15 2018 18:48:56 [NMEA time, first data scan]
# bad_flag = -9.990e-29
*END*
       6771      0.500     5.0963     5.1239     0.0278    2.04859    2.04910          1     8.0654     7.9850      98.72     1.0782     0.3512  2.333e+00  0.3665000    20.3491    20.3378    -0.0113    16.0753    16.0642      0.495      0.501      0.180    1452.54    1452.64  0.000e+00
       6807      1.000     5.1240     5.1349     0.0109    2.04921    2.04943          1     8.0434     7.9864      98.72     1.1072     0.2878  2.403e+00  0.3629000    20.3388    20.3345    -0.0043    16.0650    16.0607      0.991      1.002      0.371    1452.65    1452.69  0.000e+00
       6844      1.500     5.1335     5.1385     0.0050    2.04944    2.04955          1     8.0316     7.9957      98.73     1.0626     0.3568  8.547e-01  0.3609000    20.3354    20.3335    -0.0019    16.0615    16.0596      1.486      1.504      0.293    1452.69    1452.71  0.000e+00
       6880      2.000     5.1406     5.1436     0.0030    2.04971    2.04980          1     8.0352     7.9842      98.72     1.0491     0.3508  4.829e-01  0.3636000    20.3338    20.3329    -0.0009    16.0597    16.0588      1.981      2.005      0.415    1452.73    1452.74  0.000e+00
       6911      2.500     5.1330     5.1376     0.0046    2.04938    2.04947          1     8.0527     7.9865      98.73     1.0373     0.3249  3.492e-01  0.3846000    20.3346    20.3328    -0.0018    16.0610    16.0592      2.477      2.506      0.345    1452.70    1452.72  0.000e+00
       6947      3.000     5.1348     5.1373     0.0025    2.04920    2.04923          1     8.0520     7.9933      98.73     1.0472     0.3770  3.340e-01  0.3949000    20.3314    20.3303    -0.0011    16.0583    16.0572      2.972      3.007      0.349    1452.72    1452.73  0.000e+00
       6980      3.500     5.1323     5.1320    -0.0003    2.04926    2.04928          1     8.0710     8.0166      98.72     1.1607     0.3882  3.211e-01  0.4172000    20.3334    20.3339     0.0005    16.0601    16.0605      3.468      3.509      0.345    1452.72    1452.72  0.000e+00
       7015      4.000     5.1269     5.1282     0.0014    2.04908    2.04907          1     8.0887     8.0181      98.72     1.1285     0.3432  2.600e-01  0.4135000    20.3346    20.3337    -0.0008    16.0614    16.0606      3.963      4.010      0.377    1452.70    1452.71  0.000e+00
       7045      4.500     5.0937     5.0584    -0.0353    2.04704    2.04486          1     8.1064     8.0633      98.73     1.1015     0.3445  3.181e-01  0.4190000    20.3325    20.3304    -0.0021    16.0624    16.0635      4.458      4.511      0.401    1452.57    1452.42  0.000e+00
       7076      5.000     4.9735     4.9635    -0.0102    2.03988    2.03925          1     8.0169     8.0037      98.73     1.0820     0.3162  1.860e-01  0.4317000    20.3279    20.3272    -0.0008    16.0681    16.0683      4.954      5.012      0.358    1452.06    1452.02  0.000e+00
       7111      5.500     4.6604     4.6377    -0.0224    2.02877    2.02893          1     8.0351     8.0586      98.73     0.9747     0.3122  1.512e-01  0.4576000    20.3982    20.4140     0.0158    16.1470    16.1611      5.449      5.513      0.355    1450.83    1450.75  0.000e+00
       7143      6.000     4.5402     4.5349    -0.0052    2.05328    2.05928          1     8.0825     8.1043      98.73     0.9787     0.3420  9.607e-02  0.4359000    20.7425    20.8120     0.0694    16.4282    16.4835      5.944      6.014      0.393    1450.76    1450.82  0.000e+00
       7172      6.500     4.4978     4.4955    -0.0024    2.08910    2.09225          1     8.1285     8.1282      98.72     1.1297     0.3265  8.014e-02  0.4419000    21.1649    21.2011     0.0362    16.7654    16.7943      6.440      6.515      0.439    1451.12    1451.16  0.000e+00
       7198      7.000     4.4775     4.4822     0.0047    2.10391    2.10179          1     8.1724     8.1272      98.73     1.1670     0.3232  4.721e-02  0.4513000    21.3416    21.3151    -0.0265    16.9068    16.8855      6.935      7.016      0.457    1451.27    1451.25  0.000e+00
       7225      7.500     4.4772     4.4851     0.0079    2.10437    2.10135          1     8.1745     8.1119      98.73     1.1008     0.3219  1.857e-02  0.5393000    21.3467    21.3082    -0.0385    16.9109    16.8798      7.430      7.517      0.468    1451.28    1451.27  0.000e+00
       7250      8.000     4.4875     4.4945     0.0070    2.10052    2.09733          1     8.1555     8.1057      98.72     1.0762     0.3571  8.164e-04  0.5429000    21.2973    21.2575    -0.0398    16.8710    16.8390      7.926      8.018      0.489    1451.27    1451.25  0.000e+00
       7274      8.500     4.4193     4.4251     0.0058    2.13165    2.12899          1     8.1634     8.1237      98.73     1.0187     0.3365 -2.651e-06  0.4720000    21.6869    21.6538    -0.0331    17.1844    17.1578      8.421      8.519      0.513    1451.48    1451.47  0.000e+00
       7296      9.000     4.4120     4.4160     0.0039    2.13442    2.13381          1     8.1324     8.0871      98.73     0.9984     0.3409  1.000e-12  0.4198000    21.7223    21.7128    -0.0094    17.2130    17.2052      8.917      9.019      0.525    1451.50    1451.51  0.000e+00
       7319      9.500     4.3460     4.3751     0.0293    2.15685    2.14706          1     8.0954     8.0513      98.73     1.0496     0.3384  1.000e-12  0.4115000    22.0161    21.8877    -0.1285    17.4505    17.3466      9.412      9.520      0.520    1451.60    1451.57  0.000e+00
       7343     10.000     4.2141     4.2193     0.0053    2.19549    2.19418          1     8.0803     8.0589      98.72     1.0174     0.3040  1.000e-12  0.4321000    22.5373    22.5191    -0.0181    17.8730    17.8582      9.907     10.020      0.526    1451.71    1451.71  0.000e+00
       7365     10.500     4.1656     4.1697     0.0039    2.22638    2.22250          1     7.9473     7.9315      98.73     0.9364     0.2785  1.000e-12  0.4530000    22.9179    22.8714    -0.0465    18.1782    18.1410     10.403     10.521      0.552    1452.00    1451.96  0.000e+00
       7386     11.000     4.1616     4.1632     0.0016    2.27873    2.27582          1     7.7907     7.7559      98.72     0.9939     0.3823  1.000e-12  0.3946000    23.5110    23.4771    -0.0340    18.6486    18.6216     10.898     11.021      0.565    1452.75    1452.71  0.000e+00
       7407     11.500     4.1202     4.1229     0.0026    2.38785    2.38448          1     7.7762     7.6685      98.72     1.3813     0.3173  1.000e-12  0.4361000    24.7782    24.7379    -0.0403    19.6565    19.6243     11.393     11.520      0.555    1454.20    1454.16  0.000e+00
       7430     12.000     4.2334     4.2436     0.0102    2.54293    2.54592          1     7.9125     7.7918      98.73     1.1516     0.3891  1.000e-12  0.4623000    26.4564    26.4823     0.0259    20.9777    20.9974     11.889     12.019      0.530    1456.83    1456.91  0.000e+00
       7453     12.500     4.7207     4.7059    -0.0145    2.79154    2.78930          1     8.0238     7.9329      87.49     1.3223     0.4012  1.000e-12  0.4094000    28.8843    28.8719    -0.0125    22.8577    22.8493     12.384     12.518      0.517    1461.99    1461.91  0.000e+00
       7476     13.000     5.1765     5.1754    -0.0013    2.97335    2.97299          1     8.0559     7.9698      98.71     2.1469     0.4586  1.000e-12  0.4080000    30.5471    30.5440    -0.0031    24.1281    24.1257     12.879     13.015      0.519    1466.00    1465.99  0.000e+00
       7499     13.500     5.2474     5.2481     0.0007    2.99948    2.99933          1     8.0503     7.9620      98.73     2.9943     0.5540  1.000e-12  0.4796000    30.7784    30.7761    -0.0023    24.3035    24.3015     13.375     13.513      0.522    1466.59    1466.59  0.000e+00
       7522     14.000     5.2993     5.3037     0.0043    3.02196    3.02289          1     8.0287     7.9454      98.72     3.3996     0.5600  1.000e-12  0.5152000    30.9849    30.9914     0.0065    24.4611    24.4658     13.870     14.010      0.523    1467.07    1467.10  0.000e+00
       7545     14.500     5.3698     5.3678    -0.0018    3.05478    3.05400          1     7.9763     7.8882      98.73     4.0102     0.6573  1.000e-12  0.5400000    31.2910    31.2840    -0.0070    24.6955    24.6902     14.365     14.507      0.531    1467.76    1467.74  0.000e+00
       7567     15.000     5.4534     5.4523    -0.0012    3.10164    3.10125          1     7.8201     7.7018      98.73     5.9818     1.0181  1.000e-12  0.7855000    31.7428    31.7394    -0.0034    25.0434    25.0409     14.861     15.004      0.544    1468.68    1468.67  0.000e+00
       7589     15.500     5.4992     5.4981    -0.0011    3.13966    3.13870          1     7.5924     7.4288      98.72    10.6228     1.3406  1.000e-12  0.6893000    32.1295    32.1196    -0.0099    25.3441    25.3364     15.356     15.500      0.553    1469.36    1469.34  0.000e+00
       7611     16.000     5.5555     5.5540    -0.0016    3.17229    3.17164          1     7.3423     7.1434      98.72    10.7101     1.5138  1.000e-12  0.7900000    32.4446    32.4387    -0.0059    25.5868    25.5823     15.851     15.997      0.548    1470.00    1469.98  0.000e+00
       7633     16.500     5.6861     5.6752    -0.0108    3.21960    3.21731          1     6.9945     6.7936      98.72    10.4039     1.5143  1.000e-12  0.7808000    32.8527    32.8374    -0.0152    25.8940    25.8833     16.347     16.494      0.532    1471.05    1470.98  0.000e+00
       7656     17.000     5.8264     5.8226    -0.0039    3.26130    3.26045          1     6.6461     6.4828      81.18     7.4407     1.2234  1.000e-12  0.6797000    33.1862    33.1804    -0.0059    26.1408    26.1366     16.842     16.990      0.521    1472.04    1472.02  0.000e+00
       7679     17.500     5.8505     5.8522     0.0017    3.27355    3.27314          1     6.4268     6.2958      76.53     4.0924     0.7137  1.000e-12  0.5906000    33.3004    33.2941    -0.0063    26.2282    26.2229     17.337     17.486      0.520    1472.29    1472.29  0.000e+00
       7702     18.000     5.8381     5.8377    -0.0003    3.28906    3.28829          1     6.2226     6.0925      91.69     2.4724     0.5653  1.000e-12  0.5431000    33.4874    33.4792    -0.0082    26.3774    26.3710     17.833     17.982      0.519    1472.48    1472.47  0.000e+00
       7725     18.500     5.9355     5.9312    -0.0043    3.31187    3.31108          1     6.0559     5.9396      98.82     1.1834     0.3218  1.000e-12  0.4738000    33.6477    33.6430    -0.0047    26.4921    26.4890     18.328     18.479      0.536    1473.08    1473.06  0.000e+00
       7747     19.000     5.9992     5.9941    -0.0051    3.32734    3.32653          1     5.9609     5.8703      98.73     0.4700     0.3099  1.000e-12  0.3719000    33.7582    33.7542    -0.0040    26.5715    26.5689     18.823     18.975      0.541    1473.48    1473.46  0.000e+00
       7769     19.500     6.1113     6.1059    -0.0055    3.34979    3.34865          1     5.9113     5.8369      98.73     0.5293     0.2790  1.000e-12  0.4026000    33.8983    33.8909    -0.0074    26.6680    26.6629     19.319     19.471      0.532    1474.11    1474.08  0.000e+00
       7792     20.000     6.2203     6.2176    -0.0027    3.37141    3.37084          1     5.8820     5.8155      98.72     0.4352     0.2657  1.000e-12  0.3997000    34.0315    34.0278    -0.0036    26.7593    26.7568     19.814     19.967      0.523    1474.72    1474.71  0.000e+00
       7815     20.500     6.3036     6.3029    -0.0006    3.38574    3.38539          1     5.8470     5.7806      98.72     0.3167     0.2576  1.000e-12  0.4189000    34.1082    34.1049    -0.0033    26.8092    26.8066     20.309     20.463      0.529    1475.15    1475.15  0.000e+00
       7837     21.000     6.3477     6.3485     0.0007    3.39322    3.39314          1     5.8174     5.7539      98.72     0.2611     0.2490  1.000e-12  0.4496000    34.1473    34.1457    -0.0016    26.8343    26.8329     20.805     20.959      0.541    1475.39    1475.39  0.000e+00
       7859     21.500     6.3499     6.3506     0.0006    3.39435    3.39429          1     5.8217     5.7758      80.49     0.2145     0.2478  1.000e-12  0.4613000    34.1574    34.1562    -0.0012    26.8420    26.8409     21.300     21.455      0.546    1475.42    1475.42  0.000e+00
       7881     22.000     6.3677     6.3674    -0.0003    3.39819    3.39800          1     5.8544     5.8150      71.98     0.1993     0.1788  1.000e-12  0.4558000    34.1823    34.1804    -0.0019    26.8593    26.8579     21.795     21.951      0.541    1475.53    1475.52  0.000e+00
       7904     22.500     6.4113     6.4122     0.0008    3.40559    3.40548          1     5.8737     5.8298      71.43     0.2408     0.2145  1.000e-12  0.4522000    34.2209    34.2188    -0.0021    26.8841    26.8823     22.291     22.447      0.528    1475.76    1475.75  0.000e+00
       7927     23.000     6.4506     6.4509     0.0002    3.41216    3.41207          1     5.8639     5.8120      70.92     0.2612     0.2116  1.000e-12  0.4853000    34.2545    34.2531    -0.0013    26.9054    26.9043     22.786     22.942      0.518    1475.96    1475.96  0.000e+00
       7950     23.500     6.4699     6.4706     0.0007    3.41549    3.41545          1     5.8569     5.8033      70.43     0.2726     0.2071  1.000e-12  0.4810000    34.2718    34.2708    -0.0011    26.9166    26.9156     23.281     23.438      0.514    1476.07    1476.07  0.000e+00
       7973     24.000     6.4907     6.4900    -0.0006    3.41852    3.41834          1     5.8601     5.8031      69.97     0.2250     0.2259  1.000e-12  0.4986000    34.2846    34.2831    -0.0014    26.9239    26.9228     23.776     23.934      0.522    1476.17    1476.17  0.000e+00
       7996     24.500     6.5590     6.5604     0.0015    3.42922    3.42942          1     5.8800     5.8333      85.13     0.2349     0.2531  1.000e-12  0.5075000    34.3347    34.3354     0.0008    26.9544    26.9548     24.272     24.430      0.529    1476.51    1476.52  0.000e+00
       8019     25.000     6.6428     6.6435     0.0007    3.44103    3.44089          1     5.9396     5.8999      70.58     0.2733     0.2656  1.000e-12  0.5129000    34.3814    34.3791    -0.0023    26.9800    26.9781     24.767     24.926      0.526    1476.90    1476.90  0.000e+00
       8042     25.500     6.7462     6.7481     0.0018    3.45491    3.45503          1     6.0248     5.9864      68.39     0.3245     0.2649  1.000e-12  0.5111000    34.4310    34.4305    -0.0005    27.0052    27.0046     25.262     25.422      0.534    1477.38    1477.38  0.000e+00
       8064     26.000     6.8110     6.8125     0.0014    3.46396    3.46400          1     6.0984     6.0622      68.12     0.3638     0.1948  1.000e-12  0.4982000    34.4658    34.4648    -0.0010    27.0238    27.0228     25.758     25.918      0.553    1477.68    1477.69  0.000e+00
       8085     26.500     6.8836     6.8848     0.0012    3.47604    3.47577          1     6.1365     6.0901      67.53     0.3925     0.2823  1.000e-12  0.4888000    34.5260    34.5219    -0.0041    27.0614    27.0580     26.253     26.414      0.556    1478.05    1478.05  0.000e+00
       8107     27.000     6.9686     6.9698     0.0011    3.49111    3.49092          1     6.1127     6.0541      66.99     0.4184     0.3003  1.000e-12  0.4956000    34.6064    34.6032    -0.0032    27.1131    27.1104     26.748     26.910      0.541    1478.49    1478.49  0.000e+00
       8130     27.500     6.9738     6.9720    -0.0018    3.49535    3.49507          1     6.0586     5.9906      89.34     0.4310     0.2860  1.000e-12  0.5155000    34.6477    34.6465    -0.0012    27.1449    27.1442     27.244     27.405      0.522    1478.57    1478.56  0.000e+00
