ctdpy/exports/archive_20191121_122431/received_data/SBE09_1044_20181112_0337_34_01_0133.cnv
* Sea-Bird SBE 9 Data File:
* FileName = C:\ctd\temp\ar18d133.hex
* Software Version Seasave V 7.26.7.107
* Temperature SN = 5351
* Conductivity SN = 3941
* Number of Bytes Per Scan = 41
* Number of Voltage Words = 4
* Number of Scans Averaged by the Deck Unit = 1
* NMEA Latitude = 58 17.06 N
* NMEA Longitude = 010 30.26 E
* NMEA UTC (Time) = Nov 12 2018  03:37:46
* NMEA baud rate = 4800
** Station:  A17
** Operator:  JKro
** Ship: ARANDA
** Average sound velocity: 1483.72 m/s
** True-depth calculation Mon, 12 Nov 2018 05:26:24 +0000
** CTD Python Module SMHI /ver 3-12/ feb 2012 
** LIMS Job: 20183401-0133
** Cruise: SMHI-6-2018
** Latitude [GG MM.mm N]:
** Longitude [GG MM.mm E]
# nquan = 26
# nvalues = 700                         
# units = specified
# name 0 = scan: Scan Count
# name 1 = prDM: Pressure, Digiquartz [db]
# name 2 = t090C: Temperature [ITS-90, deg C]
# name 3 = t190C: Temperature, 2 [ITS-90, deg C]
# name 4 = T2-T190C: Temperature Difference, 2 - 1 [ITS-90, deg C]
# name 5 = c0S/m: Conductivity [S/m]
# name 6 = c1S/m: Conductivity, 2 [S/m]
# name 7 = pumps: Pump Status
# name 8 = sbeox0ML/L: Oxygen, SBE 43 [ml/l]
# name 9 = sbeox1ML/L: Oxygen, SBE 43, 2 [ml/l]
# name 10 = altM: Altimeter [m]
# name 11 = flECO-AFL: Chl-a Fluorescence, WET Labs ECO-AFL/FL [mg/m^3]
# name 12 = flECO-AFL1: Phycocyanin Fluorescence, WET Labs ECO-AFL/FL, 2 [mg/m^3]
# name 13 = par: PAR/Irradiance, Biospherical/Lico [µE/(cm^2*s)]
# name 14 = turbWETntu0: Turbidity, WET Labs ECO [NTU]
# name 15 = sal00: Salinity, Practical [PSU]
# name 16 = sal11: Salinity, Practical, 2 [PSU]
# name 17 = secS-priS: Salinity, Practical, Difference, 2 - 1 [PSU]
# name 18 = sigma-t00: Density [sigma-t, Kg/m^3 ]
# name 19 = sigma-t11: Density, 2 [sigma-t, Kg/m^3 ]
# name 20 = depSM: Depth [salt water, m], lat = 58.2843
# name 21 = depFM: Depth [true depth, m], lat = 58.2843
# name 22 = dz/dtM: Descent Rate [m/s], WS = 2
# name 23 = svCM: Sound Velocity [Chen-Millero, m/s]
# name 24 = svCM1: Sound Velocity, 2 [Chen-Millero, m/s]
# name 25 = flag: flag
# span 0 =      31427,      49915       
# span 1 =      1.500,    351.000       
# span 2 =     6.4253,    10.0970       
# span 3 =     6.4265,    10.0927       
# span 4 =    -0.0080,     0.0391       
# span 5 =   3.503030,   3.783300       
# span 6 =   3.503087,   3.783433       
# span 7 =          1,          1       
# span 8 =    5.11372,    5.99108       
# span 9 =    4.93374,    5.74093       
# span 10 =       2.87,     104.07      
# span 11 =    -0.0083,     0.7981      
# span 12 =     0.1058,     0.3182      
# span 13 = 1.0000e-12, 2.9438e-01      
# span 14 =     0.1782,     0.6183      
# span 15 =    34.4731,    35.1295      
# span 16 =    34.4736,    35.1287      
# span 17 =    -0.0051,     0.0029      
# span 18 =    26.5240,    27.5991      
# span 19 =    26.5251,    27.5984      
# span 20 =      1.486,    347.444      
# span 21 =      1.488,    347.988      
# span 22 =     -0.212,      1.119      
# span 23 =    1481.35,    1489.95      
# span 24 =    1481.36,    1489.96      
# span 25 = 0.0000e+00, 0.0000e+00      
# interval = decibars: 0.5              
# start_time = Nov 12 2018 03:37:47 [NMEA time, first data scan]
# bad_flag = -9.990e-29
*END*
[from data line 558]
      45926    280.500     6.6489     6.6513     0.0023    3.52002    3.52017          1     5.4431     5.2354      98.71     0.0376     0.2359  1.000e-12  0.3596000    35.1237    35.1229    -0.0008    27.5647    27.5638    277.706    278.109      0.599    1482.06    1482.06  0.000e+00
      45943    281.000     6.6484     6.6499     0.0015    3.51999    3.52001          1     5.4453     5.2305      98.71     0.0348     0.2345  1.000e-12  0.3789000    35.1237    35.1223    -0.0013    27.5648    27.5635    278.200    278.604      0.773    1482.06    1482.07  0.000e+00
      45957    281.500     6.6464     6.6471     0.0007    3.51983    3.51983          1     5.4438     5.2281      98.71     0.0283     0.2218  1.000e-12  0.4203000    35.1236    35.1230    -0.0006    27.5650    27.5644    278.695    279.100      0.824    1482.07    1482.07  0.000e+00
      45971    282.000     6.6440     6.6445     0.0006    3.51963    3.51962          1     5.4436     5.2272      98.71     0.0275     0.2172  1.000e-12  0.3911000    35.1237    35.1230    -0.0006    27.5654    27.5648    279.190    279.596      0.747    1482.06    1482.06  0.000e+00
      45991    282.500     6.6436     6.6449     0.0013    3.51963    3.51968          1     5.4383     5.2298      98.71     0.0305     0.2061  1.000e-12  0.4011000    35.1238    35.1230    -0.0007    27.5655    27.5647    279.684    280.091      0.509    1482.07    1482.07  0.000e+00
      46029    283.000     6.6434     6.6446     0.0012    3.51963    3.51967          1     5.4458     5.2298      98.71     0.0391     0.2213  1.000e-12  0.4008000    35.1237    35.1230    -0.0007    27.5655    27.5648    280.179    280.587      0.282    1482.08    1482.08  0.000e+00
      46061    283.500     6.6418     6.6428     0.0011    3.51949    3.51952          1     5.4407     5.2282      98.71     0.0280     0.1900  1.000e-12  0.3513000    35.1236    35.1229    -0.0007    27.5656    27.5649    280.674    281.082      0.573    1482.08    1482.08  0.000e+00
      46078    284.000     6.6404     6.6436     0.0032    3.51940    3.51960          1     5.4420     5.2336      98.68     0.0382     0.2086  1.000e-12  0.3515000    35.1238    35.1228    -0.0009    27.5659    27.5647    281.168    281.578      0.693    1482.08    1482.09  0.000e+00
      46095    284.500     6.6404     6.6421     0.0017    3.51941    3.51951          1     5.4475     5.2307      98.64     0.0445     0.2431  1.000e-12  0.3627000    35.1237    35.1230    -0.0007    27.5659    27.5651    281.663    282.074      0.638    1482.09    1482.09  0.000e+00
      46120    285.000     6.6406     6.6419     0.0013    3.51945    3.51951          1     5.4488     5.2316      98.69     0.0445     0.2275  1.000e-12  0.3936000    35.1237    35.1230    -0.0007    27.5659    27.5651    282.158    282.569      0.398    1482.10    1482.10  0.000e+00
      46160    285.500     6.6388     6.6414     0.0026    3.51932    3.51948          1     5.4559     5.2297      98.71     0.0472     0.1960  1.000e-12  0.3792000    35.1238    35.1229    -0.0009    27.5662    27.5651    282.652    283.065      0.340    1482.10    1482.11  0.000e+00
      46186    286.000     6.6357     6.6377     0.0019    3.51906    3.51915          1     5.4480     5.2322      98.71     0.0165     0.1909  1.000e-12  0.3448000    35.1238    35.1228    -0.0010    27.5666    27.5656    283.147    283.561      0.594    1482.10    1482.10  0.000e+00
      46203    286.500     6.6310     6.6325     0.0014    3.51865    3.51871          1     5.4434     5.2349      98.71     0.0301     0.1796  1.000e-12  0.3453000    35.1238    35.1230    -0.0008    27.5672    27.5664    283.642    284.056      0.739    1482.09    1482.09  0.000e+00
      46218    287.000     6.6282     6.6306     0.0023    3.51842    3.51857          1     5.4386     5.2354      98.71     0.0390     0.1926  1.000e-12  0.3464000    35.1239    35.1231    -0.0007    27.5676    27.5668    284.136    284.552      0.800    1482.08    1482.09  0.000e+00
      46233    287.500     6.6272     6.6293     0.0021    3.51835    3.51846          1     5.4384     5.2339      98.71     0.0477     0.2048  1.000e-12  0.3818000    35.1238    35.1231    -0.0008    27.5678    27.5669    284.631    285.047      0.773    1482.09    1482.10  0.000e+00
      46249    288.000     6.6230     6.6249     0.0019    3.51799    3.51810          1     5.4397     5.2395      98.71     0.0451     0.2325  1.000e-12  0.3728000    35.1239    35.1232    -0.0007    27.5684    27.5676    285.126    285.543      0.622    1482.08    1482.09  0.000e+00
      46296    288.500     6.6247     6.6240    -0.0007    3.51818    3.51804          1     5.4322     5.2381      98.71     0.0383     0.2107  1.000e-12  0.3453000    35.1241    35.1233    -0.0008    27.5683    27.5677    285.620    286.039      0.351    1482.09    1482.09  0.000e+00
      46346    289.000     6.6238     6.6214    -0.0024    3.51812    3.51782          1     5.4279     5.2321      98.71     0.0390     0.2096  1.000e-12  0.3194000    35.1241    35.1232    -0.0009    27.5684    27.5680    286.115    286.534      0.720    1482.10    1482.09  0.000e+00
      46358    289.500     6.6180     6.6192     0.0012    3.51763    3.51766          1     5.4223     5.2327      98.71     0.0405     0.1929  1.000e-12  0.3276000    35.1243    35.1234    -0.0009    27.5694    27.5685    286.610    287.030      0.970    1482.09    1482.09  0.000e+00
      46369    290.000     6.6152     6.6171     0.0019    3.51739    3.51749          1     5.4287     5.2345      98.71     0.0405     0.2012  1.000e-12  0.3269000    35.1243    35.1235    -0.0008    27.5697    27.5689    287.104    287.525      1.045    1482.08    1482.09  0.000e+00
      46380    290.500     6.6127     6.6145     0.0018    3.51720    3.51729          1     5.4339     5.2369      98.71     0.0325     0.2070  1.000e-12  0.3786000    35.1245    35.1236    -0.0009    27.5702    27.5693    287.599    288.021      0.962    1482.08    1482.09  0.000e+00
      46395    291.000     6.6052     6.6077     0.0024    3.51654    3.51668          1     5.4411     5.2411      98.71     0.0266     0.2484  1.000e-12  0.4123000    35.1245    35.1236    -0.0010    27.5713    27.5702    288.094    288.517      0.693    1482.06    1482.07  0.000e+00
      46426    291.500     6.6017     6.5977    -0.0039    3.51627    3.51582          1     5.4545     5.2410      98.71     0.0365     0.2220  1.000e-12  0.4255000    35.1249    35.1240    -0.0010    27.5721    27.5719    288.588    289.012      0.323    1482.05    1482.04  0.000e+00
      46462    292.000     6.5929     6.5932     0.0002    3.51549    3.51546          1     5.4644     5.2439      98.71     0.0244     0.2065  1.000e-12  0.4273000    35.1250    35.1244    -0.0005    27.5733    27.5729    289.083    289.508      0.451    1482.03    1482.03  0.000e+00
      46485    292.500     6.5885     6.5891     0.0006    3.51513    3.51513          1     5.4597     5.2443      98.71     0.0318     0.2073  1.000e-12  0.4098000    35.1252    35.1246    -0.0006    27.5741    27.5735    289.578    290.003      0.490    1482.02    1482.02  0.000e+00
      46515    293.000     6.5853     6.5861     0.0008    3.51488    3.51489          1     5.4479     5.2446      98.71     0.0072     0.2229  1.000e-12  0.3857000    35.1256    35.1248    -0.0007    27.5748    27.5741    290.072    290.499      0.345    1482.02    1482.02  0.000e+00
      46550    293.500     6.5829     6.5848     0.0018    3.51470    3.51480          1     5.4594     5.2404      98.71     0.0340     0.1997  1.000e-12  0.3723000    35.1257    35.1249    -0.0008    27.5752    27.5743    290.567    290.995      0.499    1482.01    1482.02  0.000e+00
      46569    294.000     6.5829     6.5846     0.0016    3.51472    3.51480          1     5.4552     5.2398      98.71     0.0628     0.1938  1.000e-12  0.3953000    35.1257    35.1249    -0.0008    27.5752    27.5743    291.062    291.490      0.731    1482.02    1482.03  0.000e+00
      46583    294.500     6.5826     6.5844     0.0018    3.51471    3.51480          1     5.4477     5.2404      98.71     0.0383     0.2202  1.000e-12  0.4333000    35.1257    35.1248    -0.0009    27.5753    27.5744    291.556    291.986      0.811    1482.03    1482.04  0.000e+00
      46598    295.000     6.5826     6.5842     0.0016    3.51474    3.51482          1     5.4437     5.2408      98.71     0.0166     0.2196  1.000e-12  0.4683000    35.1257    35.1250    -0.0007    27.5753    27.5745    292.051    292.481      0.763    1482.04    1482.04  0.000e+00
      46615    295.500     6.5822     6.5839     0.0017    3.51473    3.51482          1     5.4418     5.2432      98.71     0.0256     0.2076  1.000e-12  0.3890000    35.1258    35.1250    -0.0008    27.5754    27.5745    292.545    292.977      0.584    1482.05    1482.05  0.000e+00
      46646    296.000     6.5821     6.5838     0.0017    3.51476    3.51484          1     5.4481     5.2436      98.71     0.0299     0.2071  1.000e-12  0.3780000    35.1259    35.1251    -0.0008    27.5755    27.5746    293.040    293.473      0.333    1482.05    1482.06  0.000e+00
      46685    296.500     6.5814     6.5823     0.0008    3.51472    3.51472          1     5.4657     5.2440      98.71     0.0346     0.1848  1.000e-12  0.3846000    35.1259    35.1251    -0.0008    27.5756    27.5749    293.535    293.968      0.372    1482.06    1482.06  0.000e+00
      46712    297.000     6.5775     6.5781     0.0006    3.51438    3.51436          1     5.4613     5.2401      98.71     0.0336     0.2129  1.000e-12  0.3857000    35.1259    35.1252    -0.0008    27.5761    27.5755    294.029    294.464      0.510    1482.05    1482.05  0.000e+00
      46733    297.500     6.5762     6.5774     0.0012    3.51429    3.51434          1     5.4524     5.2438      98.71     0.0353     0.2071  1.000e-12  0.3873000    35.1261    35.1254    -0.0007    27.5765    27.5757    294.524    294.959      0.583    1482.06    1482.06  0.000e+00
      46753    298.000     6.5755     6.5764     0.0009    3.51426    3.51427          1     5.4430     5.2456      98.71     0.0283     0.1948  1.000e-12  0.3860000    35.1261    35.1254    -0.0007    27.5766    27.5759    295.019    295.455      0.618    1482.06    1482.06  0.000e+00
      46772    298.500     6.5737     6.5757     0.0021    3.51412    3.51424          1     5.4392     5.2466      98.71     0.0399     0.2072  1.000e-12  0.4429000    35.1262    35.1254    -0.0008    27.5769    27.5760    295.513    295.951      0.635    1482.06    1482.07  0.000e+00
      46791    299.000     6.5696     6.5729     0.0034    3.51380    3.51404          1     5.4511     5.2462      98.71     0.0234     0.2520  1.000e-12  0.4109000    35.1266    35.1258    -0.0008    27.5778    27.5766    296.008    296.446      0.629    1482.05    1482.07  0.000e+00
      46811    299.500     6.5634     6.5668     0.0034    3.51326    3.51350          1     5.4590     5.2431      98.71     0.0265     0.2225  1.000e-12  0.3913000    35.1267    35.1259    -0.0008    27.5787    27.5776    296.503    296.942      0.534    1482.04    1482.05  0.000e+00
      46840    300.000     6.5619     6.5638     0.0019    3.51314    3.51324          1     5.4551     5.2434      98.71     0.0329     0.1951  1.000e-12  0.3906000    35.1267    35.1258    -0.0009    27.5788    27.5779    296.997    297.437      0.360    1482.04    1482.05  0.000e+00
      46873    300.500     6.5607     6.5622     0.0015    3.51305    3.51311          1     5.4520     5.2445      98.71     0.0366     0.2199  1.000e-12  0.3861000    35.1266    35.1257    -0.0009    27.5790    27.5780    297.492    297.933      0.452    1482.04    1482.05  0.000e+00
      46895    301.000     6.5607     6.5619     0.0012    3.51305    3.51311          1     5.4472     5.2426      98.71     0.0204     0.2103  1.000e-12  0.3786000    35.1264    35.1258    -0.0006    27.5788    27.5781    297.987    298.429      0.566    1482.05    1482.06  0.000e+00
      46917    301.500     6.5601     6.5618     0.0018    3.51302    3.51312          1     5.4566     5.2419      98.71     0.0163     0.2072  1.000e-12  0.3836000    35.1265    35.1257    -0.0008    27.5789    27.5781    298.481    298.924      0.487    1482.06    1482.06  0.000e+00
      46950    302.000     6.5600     6.5618     0.0018    3.51305    3.51315          1     5.4593     5.2437      98.71     0.0324     0.2073  1.000e-12  0.4489000    35.1266    35.1258    -0.0008    27.5790    27.5782    298.976    299.420      0.336    1482.07    1482.07  0.000e+00
      46981    302.500     6.5593     6.5611     0.0018    3.51300    3.51311          1     5.4454     5.2419      98.71     0.0276     0.2348  1.000e-12  0.3743000    35.1265    35.1258    -0.0006    27.5790    27.5783    299.470    299.915      0.593    1482.07    1482.08  0.000e+00
      46997    303.000     6.5581     6.5595     0.0014    3.51292    3.51298          1     5.4384     5.2377      98.71     0.0398     0.1646  1.000e-12  0.4017000    35.1266    35.1259    -0.0007    27.5793    27.5785    299.965    300.411      0.828    1482.08    1482.08  0.000e+00
      47010    303.500     6.5566     6.5587     0.0020    3.51281    3.51294          1     5.4402     5.2381      98.71     0.0405     0.1327  1.000e-12  0.4021000    35.1265    35.1259    -0.0006    27.5794    27.5787    300.460    300.907      0.904    1482.08    1482.09  0.000e+00
      47023    304.000     6.5548     6.5562     0.0014    3.51267    3.51272          1     5.4498     5.2391      98.71     0.0288     0.1999  1.000e-12  0.4115000    35.1267    35.1259    -0.0008    27.5798    27.5790    300.954    301.402      0.829    1482.08    1482.08  0.000e+00
      47040    304.500     6.5543     6.5558     0.0014    3.51265    3.51272          1     5.4590     5.2447      98.71     0.0319     0.2074  1.000e-12  0.4507000    35.1268    35.1260    -0.0008    27.5799    27.5791    301.449    301.898      0.563    1482.09    1482.09  0.000e+00
      47091    305.000     6.5560     6.5592     0.0032    3.51283    3.51305          1     5.4586     5.2451      68.26     0.0510     0.1542  1.000e-12  0.4290000    35.1268    35.1258    -0.0009    27.5797    27.5785    301.944    302.393      0.277    1482.10    1482.11  0.000e+00
      47132    305.500     6.5522     6.5533     0.0011    3.51249    3.51252          1     5.4574     5.2432     100.06     0.0499     0.1961  1.000e-12  0.3822000    35.1265    35.1258    -0.0007    27.5800    27.5793    302.438    302.889      0.550    1482.09    1482.10  0.000e+00
      47150    306.000     6.5507     6.5505    -0.0002    3.51238    3.51230          1     5.4655     5.2411      98.71     0.0419     0.2064  1.000e-12  0.3972000    35.1267    35.1260    -0.0007    27.5803    27.5798    302.933    303.385      0.731    1482.10    1482.09  0.000e+00
      47165    306.500     6.5494     6.5512     0.0018    3.51231    3.51240          1     5.4678     5.2413      98.71     0.0387     0.2064  1.000e-12  0.4066000    35.1269    35.1261    -0.0009    27.5807    27.5798    303.427    303.880      0.831    1482.10    1482.11  0.000e+00
      47178    307.000     6.5450     6.5473     0.0023    3.51192    3.51208          1     5.4599     5.2443      98.71     0.0474     0.1839  1.000e-12  0.4555000    35.1269    35.1263    -0.0007    27.5813    27.5805    303.922    304.376      0.855    1482.09    1482.10  0.000e+00
      47192    307.500     6.5426     6.5440     0.0015    3.51173    3.51182          1     5.4593     5.2442      98.71     0.0470     0.1640  1.000e-12  0.4421000    35.1270    35.1265    -0.0005    27.5817    27.5811    304.417    304.871      0.780    1482.09    1482.09  0.000e+00
