ctdpy/exports/archive_20191121_122431/received_data/SBE09_0827_20181126_0849_26_01_1250.cnv
* Sea-Bird SBE 9 Data File:
* FileName = D:\CTD_SBE911\DAT\26DA.2018.12.50.hex
* Software Version Seasave V 7.21d
* Temperature SN = 4548
* Conductivity SN = 3062
* Number of Bytes Per Scan = 48
* Number of Voltage Words = 5
* Number of Scans Averaged by the Deck Unit = 1
* NMEA Latitude = 56 54.76 N
* NMEA Longitude = 017 10.65 E
* NMEA UTC (Time) = Nov 26 2018  08:50:09
* NMEA baud rate = 4800
** Ship: DANA
** Average sound velocity: 1441.78 m/s
** True-depth calculation Tue, 02 Apr 2019 12:15:23 +0000
** CTD Python Module SMHI /ver 3-12/ feb 2012 
** LIMS Job: 20182601-1250
** Operator: Ronny
** Cruise: 12/2018
# nquan = 26
# nvalues = 141                         
# units = specified
# name 0 = scan: Scan Count
# name 1 = prDM: Pressure, Digiquartz [db]
# name 2 = t090C: Temperature [ITS-90, deg C]
# name 3 = t190C: Temperature, 2 [ITS-90, deg C]
# name 4 = T2-T190C: Temperature Difference, 2 - 1 [ITS-90, deg C]
# name 5 = c0S/m: Conductivity [S/m]
# name 6 = c1S/m: Conductivity, 2 [S/m]
# name 7 = pumps: Pump Status
# name 8 = sbeox1ML/L: Oxygen, SBE 43, 2 [ml/l]
# name 9 = sbeox0ML/L: Oxygen, SBE 43 [ml/l]
# name 10 = altM: Altimeter [m]
# name 11 = chloroflTC0: Chlorophyll, Turner Cyclops [ug/l]
# name 12 = cpar: CPAR/Corrected Irradiance [%]
# name 13 = par: PAR/Irradiance, Biospherical/Lico [µE/(cm^2*s)]
# name 14 = spar: SPAR, Biospherical/Licor
# name 15 = sal00: Salinity, Practical [PSU]
# name 16 = sal11: Salinity, Practical, 2 [PSU]
# name 17 = secS-priS: Salinity, Practical, Difference, 2 - 1 [PSU]
# name 18 = sigma-t00: Density [sigma-t, kg/m^3 ]
# name 19 = sigma-t11: Density, 2 [sigma-t, kg/m^3 ]
# name 20 = depSM: Depth [salt water, m], lat = 56.9127
# name 21 = depFM: Depth [true depth, m], lat = 56.9127
# name 22 = dz/dtM: Descent Rate [m/s], WS = 2
# name 23 = svCM: Sound Velocity [Chen-Millero, m/s]
# name 24 = svCM1: Sound Velocity, 2 [Chen-Millero, m/s]
# name 25 = flag: flag
# span 0 =        319,       6800       
# span 1 =      1.000,     71.000       
# span 2 =     4.3650,     7.0449       
# span 3 =     4.3611,     7.0486       
# span 4 =    -0.0833,     0.0221       
# span 5 =   0.811600,   0.858305       
# span 6 =   0.811714,   0.861764       
# span 7 =          1,          1       
# span 8 =     4.0243,     7.6589       
# span 9 =     4.1628,     7.8981       
# span 10 =       1.09,       9.99      
# span 11 =     0.0158,     0.0243      
# span 12 = -8.392e-06, 5.6157e+00      
# span 13 = -8.750e-05, 5.9572e+01      
# span 14 = 9.8420e+02, 1.0819e+03      
# span 15 =     7.1105,     8.0948      
# span 16 =     7.1107,     8.1272      
# span 17 =    -0.0021,     0.0565      
# span 18 =     5.5275,     6.4232      
# span 19 =     5.5276,     6.4486      
# span 20 =      0.991,     70.336      
# span 21 =      1.013,     71.907      
# span 22 =      0.198,      0.315      
# span 23 =    1434.65,    1444.93      
# span 24 =    1434.63,    1444.94      
# span 25 = 0.0000e+00, 0.0000e+00      
# interval = decibars: 0.5              
# start_time = Nov 26 2018 08:50:09 [NMEA time, first data scan]
# bad_flag = -9.990e-29
*END*
[from data line 112]
       5490     57.000     4.8548     4.8634     0.0079    0.81160    0.81183          1     6.1490     6.2622       9.96     0.0160  9.259e-14  1.000e-12  1.080e+03     7.5170     7.5174     0.0004     5.9489     5.9488     56.469     57.735      0.292    1436.11    1436.15  0.000e+00
       5530     57.500     4.7533     4.7300    -0.0225    0.81160    0.81171          1     6.0622     6.1911       9.96     0.0158  9.380e-14  1.000e-12  1.066e+03     7.5399     7.5464     0.0064     5.9709     5.9768     56.964     58.241      0.264    1435.70    1435.60  0.000e+00
       5584     58.000     4.7238     4.6812    -0.0425    0.81225    0.81241          1     5.9467     6.1302       9.96     0.0160  9.243e-14  1.000e-12  1.082e+03     7.5531     7.5644     0.0113     5.9823     5.9928     57.460     58.747      0.237    1435.59    1435.42  0.000e+00
       5628     58.500     4.6678     4.6542    -0.0136    0.81276    0.81293          1     5.9098     6.0691       9.96     0.0159  9.400e-14  1.000e-12  1.064e+03     7.5709     7.5757     0.0048     5.9984     6.0027     57.955     59.254      0.289    1435.37    1435.32  0.000e+00
       5674     59.000     4.6543     4.6292    -0.0251    0.81287    0.81277          1     5.8949     6.0466       9.96     0.0162  9.598e-14  1.000e-12  1.042e+03     7.5750     7.5797     0.0047     6.0022     6.0068     58.450     59.760      0.233    1435.33    1435.22  0.000e+00
       5726     59.500     4.6204     4.5955    -0.0249    0.81296    0.81315          1     5.8827     6.0392       9.96     0.0159  9.460e-14  1.000e-12  1.058e+03     7.5836     7.5912     0.0076     6.0102     6.0170     58.946     60.266      0.250    1435.20    1435.10  0.000e+00
       5773     60.000     4.6010     4.5861    -0.0149    0.81351    0.81385          1     5.8331     6.0106       9.96     0.0159  9.526e-14  1.000e-12  1.050e+03     7.5935     7.6003     0.0068     6.0186     6.0246     59.441     60.772      0.256    1435.13    1435.07  0.000e+00
       5819     60.500     4.6005     4.5974    -0.0031    0.81409    0.81435          1     5.8295     5.9914       9.96     0.0159  9.577e-14  1.000e-12  1.045e+03     7.5994     7.6027     0.0033     6.0233     6.0261     59.936     61.278      0.266    1435.15    1435.14  0.000e+00
       5864     61.000     4.6080     4.6047    -0.0033    0.81464    0.81506          1     5.7958     5.9726       9.96     0.0159  1.010e-13  1.000e-12  9.905e+02     7.6031     7.6081     0.0050     6.0260     6.0301     60.431     61.785      0.269    1435.19    1435.18  0.000e+00
       5908     61.500     4.5922     4.5567    -0.0354    0.81614    0.81794          1     5.6933     5.8960       9.96     0.0159  1.016e-13  1.000e-12  9.842e+02     7.6217     7.6480     0.0263     6.0413     6.0634     60.927     62.291      0.278    1435.15    1435.03  0.000e+00
       5952     62.000     4.5557     4.5399    -0.0158    0.81793    0.81844          1     5.5977     5.7800       9.96     0.0159  1.015e-13  1.000e-12  9.849e+02     7.6481     7.6568     0.0087     6.0635     6.0709     61.422     62.797      0.258    1435.03    1434.97  0.000e+00
       6001     62.500     4.5417     4.5346    -0.0071    0.81842    0.81854          1     5.5865     5.7371       9.95     0.0159  9.900e-14  1.000e-12  1.011e+03     7.6562     7.6590     0.0028     6.0703     6.0728     61.917     63.303      0.243    1434.99    1434.96  0.000e+00
       6048     63.000     4.5371     4.5328    -0.0043    0.81859    0.81863          1     5.5875     5.7307       9.62     0.0159  9.638e-14  1.000e-12  1.038e+03     7.6588     7.6603     0.0015     6.0726     6.0739     62.412     63.810      0.261    1434.98    1434.96  0.000e+00
       6095     63.500     4.5343     4.5311    -0.0032    0.81880    0.81906          1     5.5741     5.7263       9.09     0.0159  9.472e-14  1.000e-12  1.056e+03     7.6616     7.6649     0.0033     6.0749     6.0776     62.908     64.316      0.252    1434.98    1434.97  0.000e+00
       6142     64.000     4.5319     4.5267    -0.0052    0.81913    0.81941          1     5.5750     5.7230       8.57     0.0159  9.487e-14  1.000e-12  1.054e+03     7.6653     7.6694     0.0041     6.0779     6.0814     63.403     64.822      0.274    1434.98    1434.96  0.000e+00
       6184     64.500     4.5233     4.5007    -0.0225    0.81979    0.82105          1     5.5295     5.7027       8.06     0.0159  9.887e-14  1.000e-12  1.012e+03     7.6740     7.6918     0.0179     6.0851     6.1000     63.898     65.328      0.270    1434.96    1434.88  0.000e+00
       6232     65.000     4.4874     4.4383    -0.0490    0.82198    0.82491          1     5.3823     5.5948       7.52     0.0159  9.402e-14  1.000e-12  1.064e+03     7.7043     7.7454     0.0410     6.1103     6.1444     64.393     65.834      0.250    1434.85    1434.68  0.000e+00
       6278     65.500     4.4388     4.4206    -0.0182    0.82538    0.82657          1     5.2461     5.4226       7.00     0.0159  9.455e-14  1.000e-12  1.058e+03     7.7499     7.7662     0.0163     6.1481     6.1615     64.889     66.340      0.263    1434.70    1434.64  0.000e+00
       6327     66.000     4.4228     4.4128    -0.0100    0.82680    0.82778          1     5.1811     5.3385       6.45     0.0159  9.465e-14  1.000e-12  1.057e+03     7.7680     7.7802     0.0122     6.1629     6.1729     65.384     66.847      0.231    1434.66    1434.63  0.000e+00
       6377     66.500     4.4155     4.4093    -0.0062    0.82806    0.82897          1     5.1420     5.2820       5.92     0.0159  9.310e-14  1.000e-12  1.074e+03     7.7823     7.7930     0.0106     6.1745     6.1831     65.879     67.353      0.262    1434.65    1434.64  0.000e+00
       6422     67.000     4.4098     4.4062    -0.0036    0.83046    0.83350          1     5.0198     5.1887       5.40     0.0159  9.554e-14  1.000e-12  1.048e+03     7.8079     7.8394     0.0316     6.1949     6.2201     66.374     67.859      0.252    1434.67    1434.69  0.000e+00
       6471     67.500     4.4088     4.4096     0.0007    0.83596    0.84157          1     4.7435     4.9764       4.87     0.0159  9.394e-14  1.000e-12  1.065e+03     7.8636     7.9202     0.0565     6.2392     6.2840     66.870     68.365      0.263    1434.74    1434.82  0.000e+00
       6514     68.000     4.4090     4.3958    -0.0133    0.84146    0.84342          1     4.5670     4.7291       4.36     0.0159  9.714e-14  1.000e-12  1.031e+03     7.9191     7.9421     0.0230     6.2832     6.3019     67.365     68.871      0.270    1434.82    1434.79  0.000e+00
       6562     68.500     4.3891     4.3648    -0.0242    0.84388    0.84624          1     4.5189     4.6277       3.82     0.0159  9.840e-14  1.000e-12  1.017e+03     7.9484     7.9782     0.0298     6.3070     6.3315     67.860     69.377      0.240    1434.78    1434.71  0.000e+00
       6611     69.000     4.3650     4.3611    -0.0040    0.84688    0.84887          1     4.4512     4.5765       3.31     0.0159  9.337e-14  1.000e-12  1.071e+03     7.9845     8.0056     0.0211     6.3365     6.3534     68.355     69.883      0.243    1434.72    1434.73  0.000e+00
       6661     69.500     4.3669     4.3712     0.0043    0.85072    0.85413          1     4.2989     4.4494       2.73     0.0159  9.665e-14  1.000e-12  1.035e+03     8.0230     8.0565     0.0335     6.3669     6.3934     68.851     70.389      0.247    1434.79    1434.85  0.000e+00
       6708     70.000     4.3732     4.3745     0.0013    0.85432    0.85588          1     4.1754     4.3085       2.20     0.0159  9.573e-14  1.000e-12  1.045e+03     8.0578     8.0733     0.0156     6.3943     6.4066     69.346     70.895      0.255    1434.87    1434.90  0.000e+00
       6755     70.500     4.3760     4.3839     0.0079    0.85600    0.85791          1     4.1176     4.2340       1.67     0.0159  9.609e-14  1.000e-12  1.042e+03     8.0741     8.0916     0.0175     6.4072     6.4208     69.841     71.401      0.264    1434.91    1434.97  0.000e+00
       6800     71.000     4.3866     4.3975     0.0110    0.85830    0.86176          1     4.0243     4.1628       1.09     0.0159  9.411e-14  1.000e-12  1.062e+03     8.0948     8.1272     0.0324     6.4232     6.4486     70.336     71.907      0.198    1435.00    1435.09  0.000e+00
