ctdpy/exports/archive_20191121_122431/received_data/SBE09_1044_20180127_0306_34_02_0018.cnv
* Sea-Bird SBE 9 Data File:
* FileName = C:\ctd\temp\2018\ME18D018.hex
* Software Version Seasave V 7.26.6.26
* Temperature SN = 5351
* Conductivity SN = 3941
* Number of Bytes Per Scan = 41
* Number of Voltage Words = 4
* Number of Scans Averaged by the Deck Unit = 1
* NMEA Latitude = 55 16.49 N
* NMEA Longitude = 016 31.03 E
* NMEA UTC (Time) = Jan 27 2018  03:06:57
* NMEA baud rate = 4800
** Station:  Stolpe Tröskel
** Operator:  JKro
** Ship: MERI
** Average sound velocity: 1437.02 m/s
** True-depth calculation Sat, 27 Jan 2018 03:54:44 +0000
** CTD Python Module SMHI /ver 3-12/ feb 2012 
** LIMS Job: 20183402-0018
** Cruise: SMHI-01-2018
** Latitude [GG MM.mm N] :
** Longitude [GG MM.mm E]:
# nquan = 26
# nvalues = 122                         
# units = specified
# name 0 = scan: Scan Count
# name 1 = prDM: Pressure, Digiquartz [db]
# name 2 = t090C: Temperature [ITS-90, deg C]
# name 3 = t190C: Temperature, 2 [ITS-90, deg C]
# name 4 = T2-T190C: Temperature Difference, 2 - 1 [ITS-90, deg C]
# name 5 = c0S/m: Conductivity [S/m]
# name 6 = c1S/m: Conductivity, 2 [S/m]
# name 7 = pumps: Pump Status
# name 8 = sbeox0ML/L: Oxygen, SBE 43 [ml/l]
# name 9 = sbeox1ML/L: Oxygen, SBE 43, 2 [ml/l]
# name 10 = altM: Altimeter [m]
# name 11 = flECO-AFL: Chl-a Fluorescence, WET Labs ECO-AFL/FL [mg/m^3]
# name 12 = flECO-AFL1: Phycocyanin Fluorescence, WET Labs ECO-AFL/FL, 2 [mg/m^3]
# name 13 = par: PAR/Irradiance, Biospherical/Lico [µE/(cm^2*s)]
# name 14 = turbWETntu0: Turbidity, WET Labs ECO [NTU]
# name 15 = sal00: Salinity, Practical [PSU]
# name 16 = sal11: Salinity, Practical, 2 [PSU]
# name 17 = secS-priS: Salinity, Practical, Difference, 2 - 1 [PSU]
# name 18 = sigma-t00: Density [sigma-t, Kg/m^3 ]
# name 19 = sigma-t11: Density, 2 [sigma-t, Kg/m^3 ]
# name 20 = depSM: Depth [salt water, m], lat = 55.2748
# name 21 = depFM: Depth [true depth, m], lat = 55.2748
# name 22 = dz/dtM: Descent Rate [m/s], WS = 2
# name 23 = svCM: Sound Velocity [Chen-Millero, m/s]
# name 24 = svCM1: Sound Velocity, 2 [Chen-Millero, m/s]
# name 25 = flag: flag
# span 0 =      16040,      20003       
# span 1 =      1.000,     61.500       
# span 2 =     4.0912,     8.1389       
# span 3 =     4.0916,     8.1388       
# span 4 =    -0.0243,     0.0424       
# span 5 =   0.784609,   1.408923       
# span 6 =   0.784611,   1.408899       
# span 7 =          1,          1       
# span 8 =    0.41492,    8.20033       
# span 9 =    0.66894,    8.17852       
# span 10 =       1.59,      64.59      
# span 11 =     0.2565,     0.9608      
# span 12 =     0.2443,     0.4382      
# span 13 = 1.0000e-12, 1.0000e-12      
# span 14 =     0.1356,     0.3058      
# span 15 =     7.3962,    12.3814      
# span 16 =     7.3953,    12.3815      
# span 17 =    -0.0123,     0.0246      
# span 18 =     5.8680,     9.5521      
# span 19 =     5.8676,     9.5522      
# span 20 =      0.991,     60.935      
# span 21 =      1.013,     62.234      
# span 22 =      0.109,      0.483      
# span 23 =    1432.32,    1456.11      
# span 24 =    1432.33,    1456.11      
# span 25 = 0.0000e+00, 0.0000e+00      
# interval = decibars: 0.5              
# start_time = Jan 27 2018 03:06:58 [NMEA time, first data scan]
# bad_flag = -9.990e-29
*END*
      16040      1.000     4.4405     4.4507     0.0102    0.78962    0.78975          1     8.1951     8.1333      64.59     0.9608     0.4382  1.000e-12  0.1356000     7.3978     7.3969    -0.0010     5.8687     5.8676      0.991      1.013      0.109    1433.23    1433.28  0.000e+00
      16099      1.500     4.4342     4.4371     0.0029    0.78948    0.78947          1     8.1652     8.1355      64.18     0.8228     0.3534  1.000e-12  0.1741000     7.3977     7.3970    -0.0007     5.8688     5.8682      1.486      1.519      0.266    1433.22    1433.23  0.000e+00
      16139      2.000     4.4432     4.4477     0.0045    0.78963    0.78968          1     8.1673     8.1313      63.73     0.8503     0.3828  1.000e-12  0.1673000     7.3972     7.3967    -0.0005     5.8682     5.8676      1.982      2.025      0.268    1433.26    1433.28  0.000e+00
      16189      2.500     4.4143     4.4399     0.0256    0.78922    0.78949          1     8.1513     8.1152      63.19     0.9126     0.3789  1.000e-12  0.1607000     7.3995     7.3965    -0.0030     5.8708     5.8677      2.477      2.531      0.284    1433.14    1433.26  0.000e+00
      16222      3.000     4.4060     4.4108     0.0049    0.78909    0.78910          1     8.1693     8.1368      62.80     0.8545     0.3613  1.000e-12  0.1644000     7.4000     7.3991    -0.0010     5.8715     5.8706      2.973      3.038      0.419    1433.12    1433.14  0.000e+00
      16249      3.500     4.4331     4.4319    -0.0012    0.78964    0.78952          1     8.1705     8.1374      62.31     0.8177     0.3580  1.000e-12  0.1764000     7.3994     7.3984    -0.0009     5.8702     5.8695      3.468      3.544      0.444    1433.24    1433.24  0.000e+00
      16275      4.000     4.4745     4.4503    -0.0243    0.79046    0.78992          1     8.1632     8.1142      61.75     0.8157     0.3695  1.000e-12  0.1710000     7.3982     7.3983     0.0001     5.8680     5.8688      3.964      4.050      0.483    1433.44    1433.33  0.000e+00
      16299      4.500     4.4169     4.4238     0.0071    0.78933    0.78944          1     8.1829     8.1208      60.90     0.8135     0.3941  1.000e-12  0.1670000     7.3998     7.3993    -0.0005     5.8710     5.8704      4.459      4.557      0.445    1433.19    1433.22  0.000e+00
      16334      5.000     4.4089     4.4122     0.0032    0.78895    0.78904          1     8.1840     8.1253      60.40     0.8092     0.3211  1.000e-12  0.1625000     7.3977     7.3979     0.0002     5.8696     5.8696      4.955      5.063      0.331    1433.16    1433.17  0.000e+00
      16366      5.500     4.4091     4.4103     0.0013    0.78893    0.78888          1     8.1766     8.1210      60.18     0.8378     0.3558  1.000e-12  0.1680000     7.3973     7.3966    -0.0007     5.8693     5.8687      5.450      5.569      0.397    1433.17    1433.17  0.000e+00
      16397      6.000     4.4085     4.4084    -0.0000    0.78895    0.78892          1     8.1720     8.1358      59.65     0.8427     0.3650  1.000e-12  0.1614000     7.3976     7.3973    -0.0003     5.8695     5.8693      5.946      6.076      0.369    1433.17    1433.17  0.000e+00
      16430      6.500     4.4116     4.4132     0.0016    0.78889    0.78883          1     8.1767     8.1323      59.14     0.8314     0.3442  1.000e-12  0.1708000     7.3962     7.3953    -0.0010     5.8684     5.8676      6.441      6.582      0.355    1433.19    1433.20  0.000e+00
      16465      7.000     4.4105     4.4111     0.0006    0.78892    0.78888          1     8.1707     8.1299      58.45     0.8521     0.3230  1.000e-12  0.1663000     7.3967     7.3962    -0.0005     5.8687     5.8684      6.937      7.088      0.345    1433.20    1433.20  0.000e+00
      16499      7.500     4.4095     4.4123     0.0028    0.78895    0.78887          1     8.1693     8.1316      57.99     0.8336     0.3728  1.000e-12  0.1637000     7.3972     7.3957    -0.0015     5.8692     5.8679      7.432      7.594      0.355    1433.20    1433.21  0.000e+00
      16532      8.000     4.4079     4.4097     0.0017    0.78900    0.78894          1     8.1846     8.1296      57.57     0.8279     0.4244  1.000e-12  0.1666000     7.3979     7.3970    -0.0009     5.8698     5.8690      7.928      8.101      0.374    1433.20    1433.21  0.000e+00
      16564      8.500     4.4050     4.4069     0.0019    0.78909    0.78903          1     8.1789     8.1310      57.03     0.8058     0.3721  1.000e-12  0.1584000     7.3995     7.3984    -0.0011     5.8711     5.8702      8.423      8.607      0.358    1433.20    1433.20  0.000e+00
      16599      9.000     4.4030     4.4038     0.0008    0.78913    0.78910          1     8.1666     8.1222      56.50     0.8315     0.3924  1.000e-12  0.1706000     7.4003     7.3998    -0.0006     5.8718     5.8714      8.918      9.113      0.348    1433.20    1433.20  0.000e+00
      16632      9.500     4.4023     4.4041     0.0017    0.78913    0.78910          1     8.1565     8.1304      56.01     0.8620     0.3798  1.000e-12  0.1677000     7.4004     7.3996    -0.0007     5.8719     5.8713      9.414      9.620      0.372    1433.20    1433.21  0.000e+00
      16664     10.000     4.4048     4.4056     0.0008    0.78908    0.78905          1     8.1676     8.1229      55.49     0.8298     0.4156  1.000e-12  0.1675000     7.3992     7.3988    -0.0005     5.8710     5.8705      9.909     10.126      0.367    1433.22    1433.22  0.000e+00
      16699     10.500     4.4042     4.4054     0.0012    0.78911    0.78906          1     8.1733     8.1193      54.96     0.8342     0.3717  1.000e-12  0.1737000     7.3996     7.3988    -0.0008     5.8713     5.8706     10.405     10.632      0.338    1433.23    1433.23  0.000e+00
      16734     11.000     4.4050     4.4059     0.0008    0.78910    0.78907          1     8.1658     8.1251      54.45     0.8345     0.3654  1.000e-12  0.1577000     7.3992     7.3987    -0.0005     5.8709     5.8705     10.900     11.139      0.359    1433.24    1433.24  0.000e+00
      16766     11.500     4.4052     4.4061     0.0009    0.78911    0.78906          1     8.1767     8.1211      53.87     0.8416     0.3628  1.000e-12  0.1699000     7.3992     7.3985    -0.0007     5.8709     5.8704     11.396     11.645      0.387    1433.25    1433.25  0.000e+00
      16797     12.000     4.4043     4.4088     0.0045    0.78913    0.78902          1     8.1769     8.1278      53.36     0.8013     0.3839  1.000e-12  0.1496000     7.3996     7.3975    -0.0021     5.8712     5.8694     11.891     12.151      0.381    1433.25    1433.27  0.000e+00
      16829     12.500     4.4034     4.4047     0.0013    0.78915    0.78911          1     8.1570     8.1265      52.80     0.8291     0.3749  1.000e-12  0.1614000     7.3999     7.3993    -0.0007     5.8715     5.8710     12.387     12.657      0.359    1433.25    1433.26  0.000e+00
      16863     13.000     4.4054     4.4062     0.0008    0.78912    0.78909          1     8.1447     8.1270      52.31     0.8218     0.4112  1.000e-12  0.1649000     7.3991     7.3986    -0.0005     5.8708     5.8704     12.882     13.164      0.359    1433.27    1433.27  0.000e+00
      16895     13.500     4.4067     4.4087     0.0020    0.78912    0.78907          1     8.1631     8.1307      51.37     0.8175     0.3699  1.000e-12  0.1668000     7.3987     7.3977    -0.0010     5.8705     5.8696     13.377     13.670      0.388    1433.28    1433.29  0.000e+00
      16925     14.000     4.4081     4.4091     0.0010    0.78910    0.78906          1     8.1731     8.1222      51.10     0.8030     0.3546  1.000e-12  0.1962000     7.3982     7.3975    -0.0006     5.8700     5.8695     13.873     14.176      0.407    1433.30    1433.30  0.000e+00
      16955     14.500     4.4070     4.4081     0.0010    0.78911    0.78908          1     8.1744     8.1268      50.74     0.8283     0.3370  1.000e-12  0.1863000     7.3984     7.3979    -0.0005     5.8702     5.8698     14.368     14.683      0.387    1433.30    1433.30  0.000e+00
      16987     15.000     4.4030     4.4072     0.0041    0.78917    0.78908          1     8.1634     8.1323      50.02     0.8007     0.3375  1.000e-12  0.1719000     7.3999     7.3980    -0.0019     5.8715     5.8699     14.864     15.189      0.367    1433.29    1433.31  0.000e+00
      17020     15.500     4.4044     4.4068     0.0024    0.78914    0.78908          1     8.1728     8.1329      49.47     0.8123     0.3760  1.000e-12  0.1606000     7.3992     7.3981    -0.0012     5.8710     5.8699     15.359     15.695      0.371    1433.30    1433.31  0.000e+00
      17052     16.000     4.4062     4.4065     0.0003    0.78912    0.78910          1     8.1672     8.1346      49.19     0.8175     0.4043  1.000e-12  0.1585000     7.3985     7.3983    -0.0003     5.8703     5.8701     15.855     16.201      0.385    1433.32    1433.32  0.000e+00
      17082     16.500     4.4020     4.4034     0.0015    0.78923    0.78921          1     8.1709     8.1224      48.68     0.8012     0.4117  1.000e-12  0.1737000     7.4005     7.4000    -0.0005     5.8720     5.8716     16.350     16.708      0.395    1433.31    1433.32  0.000e+00
      17113     17.000     4.3984     4.4017     0.0033    0.78931    0.78931          1     8.1640     8.1119      48.14     0.7840     0.3491  1.000e-12  0.1700000     7.4020     7.4013    -0.0007     5.8734     5.8727     16.846     17.214      0.396    1433.31    1433.32  0.000e+00
      17143     17.500     4.3904     4.3960     0.0055    0.78942    0.78933          1     8.1657     8.1276      47.60     0.7766     0.3356  1.000e-12  0.1554000     7.4048     7.4027    -0.0021     5.8758     5.8740     17.341     17.720      0.391    1433.28    1433.30  0.000e+00
      17174     18.000     4.3889     4.3920     0.0031    0.78939    0.78932          1     8.1600     8.1318      46.98     0.7731     0.3435  1.000e-12  0.1738000     7.4048     7.4035    -0.0013     5.8759     5.8747     17.837     18.227      0.395    1433.28    1433.30  0.000e+00
      17204     18.500     4.3706     4.3726     0.0020    0.78941    0.78938          1     8.1463     8.1272      46.53     0.7687     0.3434  1.000e-12  0.1590000     7.4091     7.4084    -0.0007     5.8798     5.8792     18.332     18.733      0.391    1433.21    1433.22  0.000e+00
      17235     19.000     4.3643     4.3650     0.0008    0.78941    0.78937          1     8.1361     8.1247      46.07     0.7329     0.3869  1.000e-12  0.1521000     7.4105     7.4099    -0.0005     5.8811     5.8806     18.827     19.239      0.390    1433.20    1433.20  0.000e+00
      17266     19.500     4.3629     4.3635     0.0006    0.78940    0.78936          1     8.1417     8.1175      45.51     0.6872     0.3940  1.000e-12  0.1639000     7.4106     7.4101    -0.0006     5.8813     5.8808     19.323     19.746      0.402    1433.20    1433.20  0.000e+00
      17295     20.000     4.3612     4.3619     0.0007    0.78939    0.78936          1     8.1524     8.1131      45.03     0.6525     0.3179  1.000e-12  0.1594000     7.4109     7.4103    -0.0005     5.8815     5.8810     19.818     20.252      0.403    1433.20    1433.20  0.000e+00
      17326     20.500     4.3606     4.3613     0.0007    0.78940    0.78936          1     8.1527     8.1024      44.51     0.6580     0.3228  1.000e-12  0.1497000     7.4110     7.4104    -0.0006     5.8816     5.8811     20.314     20.758      0.386    1433.20    1433.21  0.000e+00
      17357     21.000     4.3593     4.3599     0.0005    0.78940    0.78936          1     8.1517     8.0980      43.96     0.6825     0.3217  1.000e-12  0.1609000     7.4112     7.4107    -0.0005     5.8818     5.8814     20.809     21.264      0.393    1433.21    1433.21  0.000e+00
      17386     21.500     4.3555     4.3559     0.0004    0.78933    0.78929          1     8.1553     8.1222      43.43     0.6511     0.3156  1.000e-12  0.1631000     7.4113     7.4108    -0.0005     5.8820     5.8816     21.305     21.771      0.409    1433.20    1433.20  0.000e+00
      17416     22.000     4.3521     4.3526     0.0006    0.78927    0.78923          1     8.1535     8.1295      42.91     0.6548     0.3512  1.000e-12  0.1698000     7.4114     7.4109    -0.0005     5.8822     5.8818     21.800     22.277      0.402    1433.19    1433.19  0.000e+00
      17446     22.500     4.3510     4.3507    -0.0002    0.78926    0.78920          1     8.1419     8.1171      42.39     0.6560     0.3556  1.000e-12  0.1664000     7.4115     7.4110    -0.0005     5.8823     5.8819     22.295     22.783      0.383    1433.19    1433.19  0.000e+00
      17478     23.000     4.3436     4.3432    -0.0003    0.78908    0.78902          1     8.1496     8.0999      41.84     0.6510     0.3156  1.000e-12  0.1562000     7.4113     7.4107    -0.0005     5.8823     5.8819     22.791     23.290      0.376    1433.17    1433.17  0.000e+00
      17509     23.500     4.3408     4.3425     0.0016    0.78902    0.78902          1     8.1510     8.1052      41.34     0.6506     0.3195  1.000e-12  0.1593000     7.4113     7.4108    -0.0004     5.8824     5.8820     23.286     23.796      0.399    1433.16    1433.17  0.000e+00
      17539     24.000     4.3435     4.3444     0.0009    0.78911    0.78908          1     8.1318     8.1100      40.83     0.6539     0.3558  1.000e-12  0.1458000     7.4114     7.4110    -0.0005     5.8825     5.8821     23.782     24.302      0.409    1433.18    1433.19  0.000e+00
      17568     24.500     4.3428     4.3421    -0.0007    0.78910    0.78902          1     8.1364     8.1008      40.25     0.6490     0.3659  1.000e-12  0.1532000     7.4114     7.4108    -0.0006     5.8825     5.8820     24.277     24.808      0.404    1433.19    1433.18  0.000e+00
      17599     25.000     4.3304     4.3305     0.0001    0.78877    0.78873          1     8.1441     8.1160      39.27     0.6400     0.3849  1.000e-12  0.1586000     7.4109     7.4104    -0.0005     5.8824     5.8820     24.773     25.315      0.371    1433.14    1433.14  0.000e+00
      17633     25.500     4.3266     4.3285     0.0019    0.78869    0.78869          1     8.1454     8.1282      39.08     0.6606     0.3724  1.000e-12  0.1624000     7.4108     7.4104    -0.0004     5.8825     5.8821     25.268     25.821      0.366    1433.13    1433.14  0.000e+00
      17664     26.000     4.3284     4.3284     0.0000    0.78875    0.78870          1     8.1465     8.1161      38.61     0.6290     0.3349  1.000e-12  0.1611000     7.4110     7.4104    -0.0005     5.8825     5.8821     25.763     26.327      0.393    1433.15    1433.15  0.000e+00
      17694     26.500     4.3263     4.3263    -0.0001    0.78871    0.78865          1     8.1551     8.1094      37.76     0.6387     0.3323  1.000e-12  0.1629000     7.4109     7.4104    -0.0005     5.8826     5.8822     26.259     26.834      0.397    1433.15    1433.14  0.000e+00
      17725     27.000     4.3280     4.3278    -0.0003    0.78877    0.78871          1     8.1465     8.1136      37.42     0.6509     0.3280  1.000e-12  0.1737000     7.4111     7.4105    -0.0006     5.8826     5.8822     26.754     27.340      0.383    1433.16    1433.16  0.000e+00
      17757     27.500     4.3252     4.3260     0.0008    0.78870    0.78867          1     8.1470     8.1317      37.01     0.6547     0.2832  1.000e-12  0.1665000     7.4110     7.4105    -0.0005     5.8826     5.8822     27.250     27.846      0.364    1433.16    1433.16  0.000e+00
      17790     28.000     4.3205     4.3219     0.0014    0.78858    0.78856          1     8.1580     8.1161      36.48     0.6310     0.3565  1.000e-12  0.1549000     7.4108     7.4103    -0.0005     5.8826     5.8822     27.745     28.352      0.377    1433.14    1433.15  0.000e+00
