ctdpy/exports/archive_20191121_122431/received_data/SBE09_1044_20180202_2354_34_02_0048.cnv
* Sea-Bird SBE 9 Data File:
* FileName = C:\ctd\temp\2018\ME18D048.hex
* Software Version Seasave V 7.26.6.26
* Temperature SN = 5351
* Conductivity SN = 3941
* Number of Bytes Per Scan = 41
* Number of Voltage Words = 4
* Number of Scans Averaged by the Deck Unit = 1
* NMEA Latitude = 56 56.38 N
* NMEA Longitude = 012 12.70 E
* NMEA UTC (Time) = Feb 02 2018  23:54:41
* NMEA baud rate = 4800
** Station:  N14 Falkenberg
** Operator:  SSip
** Ship: MERI
** Average sound velocity: 1458.23 m/s
** True-depth calculation Sat, 03 Feb 2018 00:31:19 +0000
** CTD Python Module SMHI /ver 3-12/ feb 2012 
** LIMS Job: 20183402-0048
** Cruise: SMHI-01-2018
** Latitude [GG MM.mm N] :
** Longitude [GG MM.mm E]:
# nquan = 26
# nvalues = 50                          
# units = specified
# name 0 = scan: Scan Count
# name 1 = prDM: Pressure, Digiquartz [db]
# name 2 = t090C: Temperature [ITS-90, deg C]
# name 3 = t190C: Temperature, 2 [ITS-90, deg C]
# name 4 = T2-T190C: Temperature Difference, 2 - 1 [ITS-90, deg C]
# name 5 = c0S/m: Conductivity [S/m]
# name 6 = c1S/m: Conductivity, 2 [S/m]
# name 7 = pumps: Pump Status
# name 8 = sbeox0ML/L: Oxygen, SBE 43 [ml/l]
# name 9 = sbeox1ML/L: Oxygen, SBE 43, 2 [ml/l]
# name 10 = altM: Altimeter [m]
# name 11 = flECO-AFL: Chl-a Fluorescence, WET Labs ECO-AFL/FL [mg/m^3]
# name 12 = flECO-AFL1: Phycocyanin Fluorescence, WET Labs ECO-AFL/FL, 2 [mg/m^3]
# name 13 = par: PAR/Irradiance, Biospherical/Lico [µE/(cm^2*s)]
# name 14 = turbWETntu0: Turbidity, WET Labs ECO [NTU]
# name 15 = sal00: Salinity, Practical [PSU]
# name 16 = sal11: Salinity, Practical, 2 [PSU]
# name 17 = secS-priS: Salinity, Practical, Difference, 2 - 1 [PSU]
# name 18 = sigma-t00: Density [sigma-t, Kg/m^3 ]
# name 19 = sigma-t11: Density, 2 [sigma-t, Kg/m^3 ]
# name 20 = depSM: Depth [salt water, m], lat = 56.9397
# name 21 = depFM: Depth [true depth, m], lat = 56.9397
# name 22 = dz/dtM: Descent Rate [m/s], WS = 2
# name 23 = svCM: Sound Velocity [Chen-Millero, m/s]
# name 24 = svCM1: Sound Velocity, 2 [Chen-Millero, m/s]
# name 25 = flag: flag
# span 0 =       6918,      10736       
# span 1 =      2.500,     27.000       
# span 2 =     2.9572,     7.0825       
# span 3 =     2.9512,     7.0912       
# span 4 =    -0.3759,     0.0095       
# span 5 =   1.498878,   3.388733       
# span 6 =   1.638983,   3.400898       
# span 7 =          1,          1       
# span 8 =    5.53494,    7.69038       
# span 9 =    6.02893,    8.02240       
# span 10 =       3.76,      29.01      
# span 11 =     0.1415,     1.2589      
# span 12 =     0.2631,     0.4605      
# span 13 = 1.0000e-12, 8.9579e-02      
# span 14 =     0.5501,     1.2833      
# span 15 =    15.4624,    33.3704      
# span 16 =    16.9820,    33.4949      
# span 17 =    -7.4705,     1.5779      
# span 18 =    12.3230,    26.1239      
# span 19 =    13.5039,    26.2207      
# span 20 =      2.477,     26.750      
# span 21 =      2.515,     26.980      
# span 22 =     -0.645,      0.717      
# span 23 =    1436.97,    1477.39      
# span 24 =    1438.98,    1477.58      
# span 25 = 0.0000e+00, 0.0000e+00      
# interval = decibars: 0.5              
# start_time = Feb 02 2018 23:54:41 [NMEA time, first data scan]
# bad_flag = -9.990e-29
*END*
       6918      2.500     2.9572     2.9512    -0.0060    1.49888    1.63898          1     7.6904     7.8781      29.01     1.2285     0.4157  8.958e-02  1.0298000    15.4624    17.0403     1.5779    12.3230    13.5791      2.477      2.515      0.475    1436.97    1438.98  0.000e+00
       6936      3.000     2.9643     2.9590    -0.0053    1.52191    1.63977          1     7.6730     7.9468      28.72     1.2421     0.4568  6.107e-02  1.0672000    15.7166    17.0449     1.3283    12.5251    13.5824      2.972      3.018      0.621    1437.34    1439.03  0.000e+00
       6956      3.500     2.9701     2.9703     0.0002    1.55859    1.64077          1     7.6257     8.0224      28.26     1.2486     0.4345  3.854e-02  1.1250000    16.1254    17.0500     0.9246    12.8502    13.5861      3.468      3.521      0.652    1437.91    1439.10  0.000e+00
       6973      4.000     2.9759     2.9770     0.0010    1.63881    1.64215          1     7.5577     8.0223      27.79     1.2370     0.4488  8.262e-04  1.1353000    17.0247    17.0619     0.0372    13.5657    13.5953      3.963      4.024      0.717    1439.10    1439.15  0.000e+00
       6989      4.500     2.9875     2.9780    -0.0094    1.64142    1.64372          1     7.3688     7.9109      27.33     1.2492     0.4605  9.279e-06  1.1357000    17.0480    17.0789     0.0309    13.5838    13.6087      4.459      4.526      0.698    1439.19    1439.19  0.000e+00
       7007      5.000     3.0056     3.0065     0.0009    1.64800    1.64478          1     7.2135     7.7613      26.77     1.2589     0.4102  1.005e-12  1.1371000    17.1125    17.0756    -0.0369    13.6344    13.6050      4.954      5.029      0.601    1439.36    1439.32  0.000e+00
       7030      5.500     3.0089     3.0160     0.0071    1.65037    1.65149          1     7.2389     7.7623      26.17     1.2495     0.3930  1.000e-12  1.1393000    17.1372    17.1462     0.0089    13.6539    13.6608      5.449      5.531      0.541    1439.42    1439.46  0.000e+00
       7051      6.000     3.1303     3.0662    -0.0639    1.69064    1.65457          1     7.2416     7.8387      25.63     1.2493     0.3743  1.000e-12  1.1055000    17.5241    17.1539    -0.3701    13.9561    13.6649      5.945      6.034      0.581    1440.46    1439.70  0.000e+00
       7071      6.500     3.7262     3.6053    -0.1208    1.91745    1.66465          1     7.2049     7.7866      25.13     1.2396     0.3636  1.000e-12  0.9836000    19.7319    16.9820    -2.7499    15.6799    13.5039      6.440      6.535      0.611    1445.95    1441.89  0.000e+00
       7091      7.000     3.9338     3.9227    -0.0113    2.02637    1.74491          1     7.1785     7.6384      24.65     1.0958     0.4020  1.000e-12  0.7875000    20.8258    17.7011    -3.1247    16.5355    14.0583      6.936      7.037      0.607    1448.27    1444.22  0.000e+00
       7111      7.500     3.9529     3.9536     0.0006    2.04037    1.87662          1     7.1849     7.5361      24.19     0.9489     0.3809  1.000e-12  0.5990000    20.9706    19.1422    -1.8284    16.6490    15.1991      7.431      7.537      0.584    1448.54    1446.20  0.000e+00
       7132      8.000     3.8761     3.8857     0.0095    2.07491    1.94372          1     7.2040     7.5046      23.63     0.9568     0.4012  1.000e-12  0.5555000    21.4084    19.9302    -1.4782    17.0013    15.8282      7.926      8.038      0.554    1448.78    1446.93  0.000e+00
       7154      8.500     3.8482     3.8504     0.0023    2.08472    1.99275          1     7.2420     7.5069      23.07     0.9932     0.4092  1.000e-12  0.5659000    21.5371    20.5009    -1.0362    17.1052    16.2830      8.422      8.539      0.524    1448.83    1447.51  0.000e+00
       7178      9.000     3.8397     3.8406     0.0009    2.08850    2.02045          1     7.2579     7.5157      22.52     0.8694     0.3915  1.000e-12  0.5501000    21.5852    20.8180    -0.7671    17.1439    16.5352      8.917      9.040      0.518    1448.86    1447.88  0.000e+00
       7200      9.500     3.8324     3.8337     0.0013    2.09286    2.03540          1     7.2435     7.5181      22.00     0.9092     0.3986  1.000e-12  0.5633000    21.6391    20.9905    -0.6487    17.1872    16.6724      9.413      9.540      0.551    1448.91    1448.08  0.000e+00
       7221     10.000     3.8280     3.8280     0.0001    2.09814    2.04133          1     7.1912     7.5138      21.52     0.9269     0.3397  1.000e-12  0.5904000    21.7015    21.0607    -0.6409    17.2370    16.7285      9.908     10.041      0.600    1448.98    1448.15  0.000e+00
       7240     10.500     3.8285     3.8279    -0.0006    2.10098    2.04674          1     7.1386     7.5235      21.06     0.8936     0.4015  1.000e-12  0.5864000    21.7331    21.1216    -0.6115    17.2620    16.7768     10.403     10.542      0.610    1449.03    1448.24  0.000e+00
       7261     11.000     3.8292     3.8286    -0.0006    2.10335    2.05369          1     7.1154     7.5399      20.57     0.8187     0.3988  1.000e-12  0.5532000    21.7592    21.1991    -0.5601    17.2826    16.8383     10.899     11.042      0.566    1449.07    1448.35  0.000e+00
       7283     11.500     3.8295     3.8291    -0.0004    2.10575    2.06077          1     7.1315     7.5466      20.01     0.8500     0.3719  1.000e-12  0.5956000    21.7859    21.2785    -0.5074    17.3038    16.9012     11.394     11.543      0.512    1449.11    1448.46  0.000e+00
       7308     12.000     3.8295     3.8290    -0.0004    2.10851    2.06781          1     7.1480     7.5422      19.49     0.8183     0.3601  1.000e-12  0.5791000    21.8169    21.3578    -0.4591    17.3284    16.9641     11.889     12.044      0.486    1449.16    1448.57  0.000e+00
       7332     12.500     3.8302     3.8295    -0.0007    2.11148    2.07372          1     7.1359     7.5474      19.00     0.7806     0.3530  1.000e-12  0.5752000    21.8498    21.4239    -0.4259    17.3545    17.0166     12.385     12.544      0.533    1449.22    1448.67  0.000e+00
       7353     13.000     3.8304     3.8303    -0.0002    2.11302    2.07865          1     7.1033     7.5542      18.53     0.7936     0.3428  1.000e-12  0.6056000    21.8669    21.4788    -0.3881    17.3680    17.0601     12.880     13.045      0.602    1449.25    1448.75  0.000e+00
       7372     13.500     3.8401     3.8331    -0.0069    2.11757    2.08225          1     7.0696     7.5433      18.04     0.7969     0.3919  1.000e-12  0.6130000    21.9117    21.5175    -0.3942    17.4029    17.0906     13.376     13.545      0.621    1449.35    1448.82  0.000e+00
       7392     14.000     3.8627     3.8559    -0.0069    2.12553    2.08448          1     7.0496     7.5260      17.51     0.7871     0.4056  1.000e-12  0.6128000    21.9862    21.5274    -0.4589    17.4606    17.0970     13.871     14.046      0.567    1449.56    1448.94  0.000e+00
       7415     14.500     3.8686     3.8665    -0.0021    2.12726    2.09133          1     7.0378     7.5219      16.95     0.7555     0.3790  1.000e-12  0.5890000    22.0017    21.5974    -0.4043    17.4725    17.1519     14.366     14.546      0.473    1449.61    1449.08  0.000e+00
       7443     15.000     3.8742     3.8720    -0.0022    2.12885    2.09877          1     6.9291     7.4910      16.37     0.7500     0.3633  1.000e-12  0.5609000    22.0157    21.6776    -0.3382    17.4832    17.2151     14.862     15.047      0.450    1449.66    1449.22  0.000e+00
       7468     15.500     3.8843     3.8801    -0.0043    2.13130    2.10350          1     6.4679     7.3189      15.88     0.7498     0.3768  1.000e-12  0.6071000    22.0364    21.7254    -0.3110    17.4989    17.2525     15.357     15.547      0.532    1449.74    1449.32  0.000e+00
       7488     16.000     3.9283     3.9035    -0.0248    2.14047    2.10674          1     6.3790     7.4030      15.43     0.7238     0.3583  1.000e-12  0.5504000    22.1101    21.7461    -0.3639    17.5543    17.2674     15.853     16.048      0.608    1450.03    1449.46  0.000e+00
       7507     16.500     4.0682     4.0070    -0.0620    2.17585    2.11075          1     6.2664     7.4062      14.97     0.7351     0.3725  1.000e-12  0.5623000    22.4136    21.7224    -0.6912    17.7854    17.2416     16.348     16.548      0.627    1451.03    1449.88  0.000e+00
       7527     17.000     5.0253     4.6475    -0.3759    2.57517    2.12299          1     6.1954     7.1105      14.45     0.7757     0.3609  1.000e-12  0.5855000    26.1749    21.4412    -4.7337    20.6814    16.9720     16.843     17.048      0.578    1459.87    1452.27  0.000e+00
       7550     17.500     5.7598     5.6914    -0.0693    2.91565    2.22789          1     6.1669     6.7266      13.89     0.6344     0.3773  1.000e-12  0.7897000    29.3753    21.9048    -7.4705    23.1380    17.2521     17.339     17.546      0.499    1466.96    1457.26  0.000e+00
       7575     18.000     6.1158     6.0084    -0.1073    3.06819    2.56947          1     6.1817     6.4355      13.34     0.3846     0.3294  1.000e-12  1.0766000    30.7519    25.3724    -5.3794    24.1835    19.9542     17.834     18.044      0.470    1470.14    1462.94  0.000e+00
       7600     18.500     6.5030     6.4320    -0.0710    3.18656    2.78533          1     6.1470     6.2704      12.83     0.2784     0.2638  1.000e-12  1.2407000    31.7057    27.3844    -4.3214    24.8886    21.4930     18.329     18.541      0.512    1472.89    1467.19  0.000e+00
       7622     19.000     6.6358     6.5996    -0.0362    3.23226    2.92568          1     6.1081     6.2035      12.36     0.2357     0.2631  1.000e-12  1.2833000    32.0844    28.7677    -3.3167    25.1702    22.5624     18.825     19.038      0.561    1473.90    1469.60  0.000e+00
       7643     19.500     6.6751     6.6701    -0.0051    3.24510    3.00194          1     6.1067     6.1902      11.86     0.2342     0.2862  1.000e-12  1.0955000    32.1885    29.5357    -2.6528    25.2472    23.1585     19.320     19.534      0.580    1474.19    1470.85  0.000e+00
       7664     20.000     6.7638     6.7090    -0.0546    3.27987    3.05750          1     6.1271     6.1619      11.36     0.2000     0.2671  1.000e-12  0.9863000    32.4862    30.1057    -2.3805    25.4702    23.6025     19.815     20.031      0.574    1474.92    1471.72  0.000e+00
       7685     20.500     6.9056     6.8683    -0.0374    3.33719    3.09915          1     6.1513     6.1261      10.86     0.1889     0.3021  1.000e-12  1.0631000    32.9797    30.4176    -2.5622    25.8402    23.8280     20.311     20.528      0.560    1476.10    1472.75  0.000e+00
       7707     21.000     6.9339     6.9285    -0.0055    3.34965    3.15215          1     6.1669     6.1051      10.34     0.1579     0.2733  1.000e-12  1.1008000    33.0890    30.9392    -2.1497    25.9224    24.2308     20.806     21.024      0.523    1476.35    1473.64  0.000e+00
       7731     21.500     6.9356     6.9357     0.0001    3.35167    3.19990          1     6.1720     6.1098       9.81     0.1551     0.2736  1.000e-12  1.0843000    33.1093    31.4517    -1.6576    25.9382    24.6331     21.302     21.520      0.473    1476.39    1474.32  0.000e+00
       7757     22.000     6.9587     6.9499    -0.0088    3.36048    3.22708          1     6.0874     6.1118       9.30     0.1558     0.3272  1.000e-12  1.0597000    33.1832    31.7343    -1.4489    25.9933    24.8537     21.797     22.017      0.488    1476.58    1474.74  0.000e+00
       7780     22.500     7.0398     7.0291    -0.0107    3.37892    3.24578          1     5.9271     6.0785       8.83     0.1578     0.3465  1.000e-12  1.0874000    33.3066    31.8644    -1.4422    26.0795    24.9458     22.292     22.513      0.572    1477.06    1475.22  0.000e+00
       7799     23.000     7.0523     7.0482    -0.0041    3.38129    3.26445          1     5.8134     6.0543       8.39     0.1627     0.3593  1.000e-12  1.1251000    33.3201    32.0495    -1.2706    26.0885    25.0889     22.788     23.010      0.624    1477.14    1475.53  0.000e+00
       7818     23.500     7.0563     7.0530    -0.0033    3.38207    3.27584          1     5.7426     6.0489       7.92     0.1638     0.3434  1.000e-12  1.1617000    33.3246    32.1688    -1.1559    26.0915    25.1821     23.283     23.506      0.600    1477.16    1475.71  0.000e+00
       7840     24.000     7.0580     7.0573    -0.0007    3.38240    3.28673          1     5.6799     6.0527       7.38     0.1415     0.3244  1.000e-12  1.1970000    33.3264    32.2831    -1.0433    26.0927    25.2715     23.778     24.002      0.525    1477.18    1475.87  0.000e+00
       7865     24.500     7.0616     7.0596    -0.0020    3.38322    3.29874          1     5.6256     6.0522       6.82     0.1687     0.2943  1.000e-12  1.2020000    33.3315    32.4114    -0.9201    26.0962    25.3722     24.274     24.498      0.479    1477.21    1476.05  0.000e+00
       7889     25.000     7.0671     7.0652    -0.0019    3.38466    3.30801          1     5.5725     6.0537       6.30     0.1555     0.2761  1.000e-12  1.1520000    33.3418    32.5069    -0.8349    26.1035    25.4466     24.769     24.995      0.503    1477.25    1476.20  0.000e+00
       7912     25.500     7.0697     7.0690    -0.0007    3.38533    3.31231          1     5.5349     6.0557       5.81     0.1592     0.2862  1.000e-12  1.1762000    33.3463    32.5500    -0.7963    26.1068    25.4800     25.264     25.491      0.544    1477.28    1476.28  0.000e+00
       7948     26.000     7.0724     7.0706    -0.0017    3.38600    3.31767          1     5.5462     6.0448       5.32     0.1619     0.3112  1.000e-12  1.1855000    33.3508    32.6066    -0.7441    26.1099    25.5243     25.760     25.987      0.423    1477.30    1476.36  0.000e+00
       8364     26.500     7.0781     7.0767    -0.0014    3.38718    3.37115          1     5.6396     6.0289       4.65     0.1500     0.2899  1.000e-12  1.1363000    33.3579    33.1841    -0.1738    26.1147    25.9780     26.255     26.484      0.257    1477.34    1477.12  0.000e+00
      10736     27.000     7.0825     7.0912     0.0086    3.38873    3.40090          1     5.6876     6.0667       3.76     0.1556     0.3069  1.000e-12  0.9089000    33.3704    33.4949     0.1245    26.1239    26.2207     26.750     26.980     -0.645    1477.39    1477.58  0.000e+00
