ctdpy/exports/archive_20191121_122431/received_data/SBE09_0827_20180129_0952_26_01_0254.cnv
* Sea-Bird SBE 9 Data File:
* FileName = D:\CTD_SBE911\DAT\26DA.2018.1.154.hex
* Software Version Seasave V 7.21d
* Temperature SN = 034757
* Conductivity SN = 041844
* Number of Bytes Per Scan = 48
* Number of Voltage Words = 5
* Number of Scans Averaged by the Deck Unit = 1
* NMEA Latitude = 57 49.78 N
* NMEA Longitude = 011 00.66 E
* NMEA UTC (Time) = Jan 29 2018  09:52:59
* NMEA baud rate = 4800
** Ship: DANA
** Average sound velocity: 1469.81 m/s
** True-depth calculation Thu, 28 Mar 2019 08:33:46 +0000
** CTD Python Module SMHI /ver 3-12/ feb 2012 
** LIMS Job: 20182601-0254
** 6.5 Skagens Rev
** Operator: Ronny Sørensen
** Cruise: 01/2018
# nquan = 26
# nvalues = 97                          
# units = specified
# name 0 = scan: Scan Count
# name 1 = prDM: Pressure, Digiquartz [db]
# name 2 = t090C: Temperature [ITS-90, deg C]
# name 3 = t190C: Temperature, 2 [ITS-90, deg C]
# name 4 = T2-T190C: Temperature Difference, 2 - 1 [ITS-90, deg C]
# name 5 = c0S/m: Conductivity [S/m]
# name 6 = c1S/m: Conductivity, 2 [S/m]
# name 7 = pumps: Pump Status
# name 8 = sbeox1ML/L: Oxygen, SBE 43, 2 [ml/l]
# name 9 = sbeox0ML/L: Oxygen, SBE 43 [ml/l]
# name 10 = altM: Altimeter [m]
# name 11 = chloroflTC0: Chlorophyll, Turner Cyclops [ug/l]
# name 12 = cpar: CPAR/Corrected Irradiance [%]
# name 13 = par: PAR/Irradiance, Biospherical/Lico [µE/(cm^2*s)]
# name 14 = spar: SPAR, Biospherical/Licor
# name 15 = sal00: Salinity, Practical [PSU]
# name 16 = sal11: Salinity, Practical, 2 [PSU]
# name 17 = secS-priS: Salinity, Practical, Difference, 2 - 1 [PSU]
# name 18 = sigma-t00: Density [sigma-t, kg/m^3 ]
# name 19 = sigma-t11: Density, 2 [sigma-t, kg/m^3 ]
# name 20 = depSM: Depth [salt water, m], lat = 57.8297
# name 21 = depFM: Depth [true depth, m], lat = 57.8297
# name 22 = dz/dtM: Descent Rate [m/s], WS = 2
# name 23 = svCM: Sound Velocity [Chen-Millero, m/s]
# name 24 = svCM1: Sound Velocity, 2 [Chen-Millero, m/s]
# name 25 = flag: flag
# span 0 =          5,       4928       
# span 1 =      2.500,     50.500       
# span 2 =     5.1440,     5.6689       
# span 3 =     5.1458,     5.6516       
# span 4 =    -0.2525,     0.0124       
# span 5 =   3.085816,   3.244985       
# span 6 =   3.085465,   3.244507       
# span 7 =          1,          1       
# span 8 =     6.3562,     6.4924       
# span 9 =     6.5067,     7.2011       
# span 10 =       1.95,       9.97      
# span 11 =     0.0525,     0.1409      
# span 12 = -2.423e-05, 4.5703e+00      
# span 13 = -3.513e-05, 6.7055e+00      
# span 14 = 1.4006e+02, 1.5231e+02      
# span 15 =    31.8383,    33.2313      
# span 16 =    31.8334,    33.2268      
# span 17 =    -0.3935,     0.0337      
# span 18 =    25.1507,    26.2068      
# span 19 =    25.1469,    26.2034      
# span 20 =      2.477,     50.027      
# span 21 =      2.484,     50.144      
# span 22 =     -0.021,      0.676      
# span 23 =    1467.44,    1471.64      
# span 24 =    1467.43,    1471.63      
# span 25 = 0.0000e+00, 0.0000e+00      
# interval = decibars: 0.5              
# start_time = Jan 29 2018 09:52:59 [NMEA time, first data scan]
# bad_flag = -9.990e-29
*END*
[from data line 56]
       2927     30.500     5.6652     5.5576    -0.1077    3.24055    3.21320          1     6.4185     6.5098       9.95     0.0646  6.935e-13  1.000e-12  1.442e+02    33.1035    32.8991    -0.2043    26.0948    25.9460     30.216     30.293      0.405    1471.51    1470.82  0.000e+00
       2962     31.000     5.6689     5.5947    -0.0741    3.24267    3.22128          1     6.4253     6.5172       9.95     0.0620  6.935e-13  1.000e-12  1.442e+02    33.1236    32.9541    -0.1695    26.1103    25.9851     30.711     30.789      0.253    1471.55    1471.04  0.000e+00
       3023     31.500     5.6580     5.6516    -0.0064    3.24318    3.23716          1     6.4060     6.5155       9.95     0.0640  6.935e-13  1.000e-12  1.442e+02    33.1398    33.0779    -0.0618    26.1244    26.0763     31.206     31.285      0.282    1471.54    1471.44  0.000e+00
       3080     32.000     5.6417     5.6486     0.0069    3.24222    3.24015          1     6.4200     6.5185       9.95     0.0687  6.982e-13  1.000e-12  1.432e+02    33.1448    33.1145    -0.0302    26.1303    26.1056     31.701     31.782      0.240    1471.49    1471.48  0.000e+00
       3138     32.500     5.6357     5.6372     0.0015    3.24212    3.24107          1     6.3845     6.5198       9.95     0.0733  7.035e-13  1.000e-12  1.422e+02    33.1493    33.1359    -0.0134    26.1346    26.1238     32.197     32.278      0.354    1471.48    1471.47  0.000e+00
       3179     33.000     5.6337     5.6354     0.0017    3.24242    3.24108          1     6.4129     6.5200       9.95     0.0715  7.037e-13  1.000e-12  1.421e+02    33.1545    33.1376    -0.0169    26.1390    26.1254     32.692     32.774      0.255    1471.49    1471.47  0.000e+00
       3221     33.500     5.6269     5.6342     0.0073    3.24240    3.24147          1     6.4060     6.5213       9.95     0.0698  7.038e-13  1.000e-12  1.421e+02    33.1606    33.1430    -0.0176    26.1446    26.1298     33.187     33.270      0.384    1471.48    1471.48  0.000e+00
       3252     34.000     5.6222     5.6312     0.0091    3.24215    3.24154          1     6.4174     6.5179       9.95     0.0738  7.094e-13  1.000e-12  1.410e+02    33.1623    33.1464    -0.0159    26.1465    26.1329     33.683     33.767      0.296    1471.47    1471.48  0.000e+00
       3324     34.500     5.6150     5.6194     0.0044    3.24192    3.24143          1     6.3796     6.5186       9.95     0.0776  7.137e-13  1.000e-12  1.401e+02    33.1664    33.1566    -0.0099    26.1506    26.1423     34.178     34.263      0.264    1471.45    1471.46  0.000e+00
       3367     35.000     5.6095     5.6164     0.0068    3.24173    3.24140          1     6.3700     6.5174       9.95     0.0801  7.136e-13  1.000e-12  1.401e+02    33.1694    33.1589    -0.0105    26.1537    26.1445     34.673     34.759      0.233    1471.44    1471.46  0.000e+00
       3418     35.500     5.6104     5.6135     0.0032    3.24179    3.24138          1     6.3816     6.5187       9.95     0.0778  7.136e-13  1.000e-12  1.401e+02    33.1690    33.1611    -0.0079    26.1532    26.1466     35.168     35.256      0.355    1471.45    1471.46  0.000e+00
       3445     36.000     5.6081     5.6114     0.0033    3.24176    3.24134          1     6.4274     6.5197       9.95     0.0779  7.136e-13  1.000e-12  1.401e+02    33.1706    33.1626    -0.0080    26.1548    26.1480     35.664     35.752      0.379    1471.45    1471.46  0.000e+00
       3513     36.500     5.6021     5.6024     0.0002    3.24162    3.24116          1     6.3838     6.5226       9.95     0.0804  7.136e-13  1.000e-12  1.401e+02    33.1747    33.1693    -0.0055    26.1587    26.1544     36.159     36.248      0.257    1471.44    1471.44  0.000e+00
       3559     37.000     5.5880     5.5947     0.0067    3.24129    3.24096          1     6.3849     6.5211       9.95     0.0811  7.136e-13  1.000e-12  1.401e+02    33.1847    33.1743    -0.0104    26.1683    26.1593     36.654     36.745      0.374    1471.41    1471.42  0.000e+00
       3603     37.500     5.5772     5.5895     0.0124    3.24112    3.24095          1     6.4114     6.5177       9.95     0.0892  7.136e-13  1.000e-12  1.401e+02    33.1932    33.1790    -0.0141    26.1763    26.1636     37.150     37.241      0.234    1471.38    1471.41  0.000e+00
       3661     38.000     5.5798     5.5784    -0.0014    3.24138    3.24091          1     6.3603     6.5219       9.95     0.0936  7.140e-13  1.000e-12  1.401e+02    33.1933    33.1893    -0.0039    26.1761    26.1731     37.645     37.737      0.375    1471.40    1471.39  0.000e+00
       3688     38.500     5.5731     5.5799     0.0068    3.24128    3.24096          1     6.3744     6.5245       9.95     0.0871  7.136e-13  1.000e-12  1.401e+02    33.1985    33.1881    -0.0104    26.1810    26.1720     38.140     38.233      0.349    1471.39    1471.40  0.000e+00
       3763     39.000     5.5730     5.5750     0.0019    3.24135    3.24097          1     6.4083     6.5213       9.95     0.0930  7.136e-13  1.000e-12  1.401e+02    33.1991    33.1928    -0.0063    26.1814    26.1762     38.635     38.730      0.290    1471.40    1471.40  0.000e+00
       3798     39.500     5.5739     5.5740     0.0000    3.24165    3.24099          1     6.4266     6.5229       9.95     0.0966  7.136e-13  1.000e-12  1.401e+02    33.2013    33.1938    -0.0075    26.1831    26.1772     39.131     39.226      0.390    1471.41    1471.40  0.000e+00
       3838     40.000     5.5737     5.5751     0.0014    3.24169    3.24108          1     6.3932     6.5224       9.95     0.0984  7.136e-13  1.000e-12  1.401e+02    33.2017    33.1934    -0.0083    26.1835    26.1767     39.626     39.722      0.239    1471.42    1471.42  0.000e+00
       3896     40.500     5.5708     5.5757     0.0049    3.24240    3.24125          1     6.3667     6.5154       9.95     0.0965  7.136e-13  1.000e-12  1.401e+02    33.2124    33.1945    -0.0179    26.1923    26.1775     40.121     40.218      0.287    1471.43    1471.43  0.000e+00
       3933     41.000     5.5694     5.5720     0.0026    3.24315    3.24157          1     6.3970     6.5114       9.95     0.0971  7.136e-13  1.000e-12  1.401e+02    33.2221    33.2016    -0.0205    26.2001    26.1836     40.617     40.715      0.260    1471.44    1471.43  0.000e+00
       4008     41.500     5.5697     5.5692    -0.0006    3.24295    3.24226          1     6.4333     6.5343       9.95     0.1021  7.122e-13  1.000e-12  1.404e+02    33.2193    33.2120    -0.0073    26.1978    26.1921     41.112     41.211      0.299    1471.45    1471.44  0.000e+00
       4036     42.000     5.5698     5.5691    -0.0006    3.24361    3.24244          1     6.4287     6.5207       9.95     0.1031  7.055e-13  1.000e-12  1.417e+02    33.2264    33.2138    -0.0126    26.2035    26.1936     41.607     41.707      0.411    1471.47    1471.45  0.000e+00
       4078     42.500     5.5701     5.5690    -0.0011    3.24384    3.24271          1     6.3921     6.5091       9.85     0.1083  7.034e-13  1.000e-12  1.422e+02    33.2285    33.2167    -0.0118    26.2051    26.1959     42.102     42.204      0.243    1471.48    1471.46  0.000e+00
       4137     43.000     5.5717     5.5694    -0.0023    3.24420    3.24329          1     6.4207     6.5152       9.41     0.1163  7.040e-13  1.000e-12  1.421e+02    33.2307    33.2227    -0.0080    26.2066    26.2006     42.598     42.700      0.305    1471.50    1471.48  0.000e+00
       4173     43.500     5.5708     5.5695    -0.0013    3.24407    3.24351          1     6.4231     6.5242       8.91     0.1129  7.034e-13  1.000e-12  1.422e+02    33.2300    33.2248    -0.0051    26.2062    26.2023     43.093     43.196      0.278    1471.50    1471.49  0.000e+00
       4243     44.000     5.5693     5.5693    -0.0000    3.24393    3.24359          1     6.3899     6.5143       8.41     0.1100  6.953e-13  1.000e-12  1.438e+02    33.2295    33.2257    -0.0039    26.2060    26.2029     43.588     43.692      0.250    1471.50    1471.50  0.000e+00
       4288     44.500     5.5712     5.5687    -0.0024    3.24419    3.24354          1     6.3568     6.5216       7.92     0.1101  6.935e-13  1.000e-12  1.442e+02    33.2304    33.2254    -0.0050    26.2064    26.2028     44.083     44.189      0.339    1471.52    1471.50  0.000e+00
       4332     45.000     5.5696     5.5690    -0.0006    3.24401    3.24363          1     6.3817     6.5289       7.41     0.1179  6.935e-13  1.000e-12  1.442e+02    33.2296    33.2260    -0.0036    26.2060    26.2032     44.579     44.685      0.222    1471.52    1471.51  0.000e+00
       4387     45.500     5.5716     5.5691    -0.0025    3.24431    3.24365          1     6.3920     6.5087       6.92     0.1185  6.875e-13  1.000e-12  1.455e+02    33.2308    33.2258    -0.0050    26.2067    26.2031     45.074     45.181      0.296    1471.54    1471.52  0.000e+00
       4425     46.000     5.5716     5.5692    -0.0023    3.24430    3.24369          1     6.3957     6.5107       6.42     0.1157  6.840e-13  1.000e-12  1.462e+02    33.2305    33.2259    -0.0046    26.2065    26.2031     45.569     45.677      0.298    1471.55    1471.53  0.000e+00
       4466     46.500     5.5738     5.5698    -0.0040    3.24456    3.24376          1     6.3586     6.5190       5.93     0.1259  6.839e-13  1.000e-12  1.462e+02    33.2311    33.2259    -0.0052    26.2067    26.2031     46.065     46.174      0.301    1471.57    1471.54  0.000e+00
       4510     47.000     5.5747     5.5707    -0.0039    3.24469    3.24391          1     6.3692     6.5177       5.44     0.1237  6.839e-13  1.000e-12  1.462e+02    33.2313    33.2264    -0.0049    26.2068    26.2033     46.560     46.670      0.243    1471.58    1471.55  0.000e+00
       4557     47.500     5.5767     5.5724    -0.0043    3.24484    3.24410          1     6.4099     6.5111       4.96     0.1276  6.797e-13  1.000e-12  1.471e+02    33.2308    33.2267    -0.0042    26.2061    26.2033     47.055     47.166      0.296    1471.59    1471.57  0.000e+00
       4600     48.000     5.5775     5.5733    -0.0043    3.24492    3.24421          1     6.3562     6.5170       4.47     0.1323  6.741e-13  1.000e-12  1.483e+02    33.2306    33.2268    -0.0038    26.2059    26.2034     47.550     47.662      0.227    1471.60    1471.58  0.000e+00
       4662     48.500     5.5775     5.5753    -0.0022    3.24493    3.24438          1     6.3687     6.5088       3.98     0.1340  6.745e-13  1.000e-12  1.482e+02    33.2305    33.2264    -0.0042    26.2058    26.2028     48.046     48.159      0.308    1471.61    1471.60  0.000e+00
       4692     49.000     5.5776     5.5759    -0.0018    3.24498    3.24445          1     6.4080     6.5067       3.49     0.1383  6.723e-13  1.000e-12  1.487e+02    33.2308    33.2264    -0.0043    26.2060    26.2028     48.541     48.655      0.350    1471.62    1471.61  0.000e+00
       4765     49.500     5.5772     5.5762    -0.0011    3.24493    3.24450          1     6.3998     6.5102       3.06     0.1405  6.656e-13  1.000e-12  1.502e+02    33.2303    33.2264    -0.0039    26.2057    26.2027     49.036     49.151      0.304    1471.63    1471.62  0.000e+00
       4796     50.000     5.5773     5.5763    -0.0011    3.24497    3.24450          1     6.4007     6.5103       2.60     0.1384  6.654e-13  1.000e-12  1.503e+02    33.2303    33.2261    -0.0042    26.2057    26.2025     49.531     49.647      0.493    1471.63    1471.63  0.000e+00
       4928     50.500     5.5768     5.5760    -0.0008    3.24495    3.24451          1     6.4042     6.5127       1.95     0.1409  6.589e-13  1.000e-12  1.518e+02    33.2304    33.2262    -0.0042    26.2058    26.2025     50.027     50.144     -0.021    1471.64    1471.63  0.000e+00
