ctdpy/exports/archive_20191121_122431/received_data/SBE09_1044_20180416_2319_34_07_0010.cnv
* Sea-Bird SBE 9 Data File:
* FileName = C:\ctd\temp\2018\AU18D010.hex
* Software Version Seasave V 7.26.6.26
* Temperature SN = 5351
* Conductivity SN = 3941
* Number of Bytes Per Scan = 41
* Number of Voltage Words = 4
* Number of Scans Averaged by the Deck Unit = 1
* NMEA Latitude = 56 40.11 N
* NMEA Longitude = 012 06.68 E
* NMEA UTC (Time) = Apr 16 2018  23:19:22
* NMEA baud rate = 4800
** Station:  Anholt E
** Operator:  A-KTh
** Ship: AURA
** Average sound velocity: 1431.76 m/s
** True-depth calculation Tue, 17 Apr 2018 00:30:33 +0000
** CTD Python Module SMHI /ver 3-12/ feb 2012 
** LIMS Job: 20183407-0010
** Cruise: SMHI-01-2018
** Latitude [GG MM.mm N] :
** Longitude [GG MM.mm E]:
# nquan = 26
# nvalues = 120                         
# units = specified
# name 0 = scan: Scan Count
# name 1 = prDM: Pressure, Digiquartz [db]
# name 2 = t090C: Temperature [ITS-90, deg C]
# name 3 = t190C: Temperature, 2 [ITS-90, deg C]
# name 4 = T2-T190C: Temperature Difference, 2 - 1 [ITS-90, deg C]
# name 5 = c0S/m: Conductivity [S/m]
# name 6 = c1S/m: Conductivity, 2 [S/m]
# name 7 = pumps: Pump Status
# name 8 = sbeox0ML/L: Oxygen, SBE 43 [ml/l]
# name 9 = sbeox1ML/L: Oxygen, SBE 43, 2 [ml/l]
# name 10 = altM: Altimeter [m]
# name 11 = flECO-AFL: Chl-a Fluorescence, WET Labs ECO-AFL/FL [mg/m^3]
# name 12 = flECO-AFL1: Phycocyanin Fluorescence, WET Labs ECO-AFL/FL, 2 [mg/m^3]
# name 13 = par: PAR/Irradiance, Biospherical/Lico [µE/(cm^2*s)]
# name 14 = turbWETntu0: Turbidity, WET Labs ECO [NTU]
# name 15 = sal00: Salinity, Practical [PSU]
# name 16 = sal11: Salinity, Practical, 2 [PSU]
# name 17 = secS-priS: Salinity, Practical, Difference, 2 - 1 [PSU]
# name 18 = sigma-t00: Density [sigma-t, Kg/m^3 ]
# name 19 = sigma-t11: Density, 2 [sigma-t, Kg/m^3 ]
# name 20 = depSM: Depth [salt water, m], lat = 56.6685
# name 21 = depFM: Depth [true depth, m], lat = 56.6685
# name 22 = dz/dtM: Descent Rate [m/s], WS = 2
# name 23 = svCM: Sound Velocity [Chen-Millero, m/s]
# name 24 = svCM1: Sound Velocity, 2 [Chen-Millero, m/s]
# name 25 = flag: flag
# span 0 =       7693,      11082       
# span 1 =      0.500,     60.000       
# span 2 =     4.4588,     6.2447       
# span 3 =     4.4614,     6.2457       
# span 4 =    -0.0369,     0.1509       
# span 5 =   1.548967,   3.398742       
# span 6 =   1.536299,   3.398818       
# span 7 =          1,          1       
# span 8 =    5.49133,    8.53827       
# span 9 =    5.42747,    8.40574       
# span 10 =       1.72,      97.67      
# span 11 =     0.1707,    16.0613      
# span 12 =     0.1717,     1.8299      
# span 13 = 1.0000e-12, 3.3213e-01      
# span 14 =     0.2445,     1.4590      
# span 15 =    14.5886,    34.2933      
# span 16 =    14.4381,    34.2931      
# span 17 =    -0.1506,     0.1445      
# span 18 =    11.4613,    26.9629      
# span 19 =    11.3391,    26.9627      
# span 20 =      0.673,     59.442      
# span 21 =     -0.000,     59.695      
# span 22 =     -0.143,      0.568      
# span 23 =    1449.33,    1475.80      
# span 24 =    1449.35,    1475.80      
# span 25 = 0.0000e+00, 0.0000e+00      
# interval = decibars: 0.5              
# start_time = Apr 16 2018 23:19:22 [NMEA time, first data scan]
# bad_flag = -9.990e-29
*END*
       7693      0.500     6.0562     6.1057     0.0478    1.54897    1.53630          1     8.5383     8.4057      97.13     1.0539     0.3484  3.321e-01  0.4206000    14.5886    14.4381    -0.1506    11.4613    11.3391      0.673      0.503      0.108    1449.33    1449.35  0.000e+00
 -9.990e-29      1.000 -9.990e-29 -9.990e-29 -9.990e-29 -9.990e-29 -9.990e-29 -9.990e-29 -9.990e-29 -9.990e-29 -9.990e-29 -9.990e-29 -9.990e-29 -9.990e-29 -9.990e-29 -9.990e-29 -9.990e-29 -9.990e-29 -9.990e-29 -9.990e-29 -9.990e-29 -9.990e-29 -9.990e-29 -9.990e-29 -9.990e-29 -9.990e-29
 -9.990e-29      1.500 -9.990e-29 -9.990e-29 -9.990e-29 -9.990e-29 -9.990e-29 -9.990e-29 -9.990e-29 -9.990e-29 -9.990e-29 -9.990e-29 -9.990e-29 -9.990e-29 -9.990e-29 -9.990e-29 -9.990e-29 -9.990e-29 -9.990e-29 -9.990e-29 -9.990e-29 -9.990e-29 -9.990e-29 -9.990e-29 -9.990e-29 -9.990e-29
 -9.990e-29      2.000 -9.990e-29 -9.990e-29 -9.990e-29 -9.990e-29 -9.990e-29 -9.990e-29 -9.990e-29 -9.990e-29 -9.990e-29 -9.990e-29 -9.990e-29 -9.990e-29 -9.990e-29 -9.990e-29 -9.990e-29 -9.990e-29 -9.990e-29 -9.990e-29 -9.990e-29 -9.990e-29 -9.990e-29 -9.990e-29 -9.990e-29 -9.990e-29
       8329      2.500     6.0048     6.1547     0.1509    1.94641    1.96813          1     8.1233     7.9056      97.16     1.1446     0.4122  1.000e-12  0.4110000    18.7308    18.8754     0.1445    14.7249    14.8257      2.697      2.514      0.189    1454.34    1455.14  0.000e+00
       8357      3.000     5.7285     5.7016    -0.0270    1.97429    1.97295          1     7.9972     7.9472      97.14     1.0081     0.3657  1.000e-12  0.3920000    19.1806    19.1815     0.0009    15.1016    15.1047      2.973      3.016      0.233    1453.75    1453.64  0.000e+00
       8406      3.500     5.1714     5.1767     0.0055    1.96089    1.96123          1     8.1112     8.0726      97.14     1.1469     0.3073  1.000e-12  0.4219000    19.3559    19.3564     0.0005    15.2853    15.2854      3.468      3.518      0.276    1451.65    1451.67  0.000e+00
       8444      4.000     5.1385     5.1404     0.0020    1.96479    1.96505          1     8.1290     8.0492      97.14     1.1376     0.3210  1.000e-12  0.3688000    19.4169    19.4186     0.0018    15.3360    15.3372      3.963      4.019      0.343    1451.59    1451.60  0.000e+00
       8478      4.500     5.1127     5.1109    -0.0020    1.96928    1.96946          1     8.0705     7.9968      97.14     1.2409     0.3219  1.000e-12  0.4284000    19.4801    19.4831     0.0031    15.3878    15.3904      4.459      4.521      0.379    1451.57    1451.57  0.000e+00
       8508      5.000     4.8969     4.8846    -0.0118    1.96341    1.96301          1     8.0446     7.9881      97.14     1.4137     0.3213  1.000e-12  0.4706000    19.5428    19.5457     0.0029    15.4534    15.4567      4.954      5.022      0.402    1450.74    1450.69  0.000e+00
       8537      5.500     4.7856     4.7489    -0.0369    1.96862    1.97954          1     8.0384     8.0047      97.14     1.5304     0.3762  1.000e-12  0.4824000    19.6652    19.8066     0.1413    15.5584    15.6728      5.450      5.524      0.423    1450.43    1450.45  0.000e+00
       8565      6.000     4.6221     4.6179    -0.0043    2.00898    2.01568          1     8.0972     8.0327      97.14     1.6985     0.3591  1.000e-12  0.4707000    20.2045    20.2806     0.0761    15.9966    16.0570      5.945      6.025      0.443    1450.42    1450.50  0.000e+00
       8591      6.500     4.6149     4.6178     0.0029    2.01611    2.01764          1     8.1251     8.0218      97.13     1.7591     0.4000  1.000e-12  0.5549000    20.2868    20.3019     0.0150    16.0622    16.0739      6.440      6.526      0.458    1450.50    1450.54  0.000e+00
       8617      7.000     4.6202     4.6214     0.0011    2.01965    2.01933          1     8.1375     8.0157      97.14     1.8178     0.3722  1.000e-12  0.5079000    20.3223    20.3181    -0.0042    16.0899    16.0865      6.936      7.028      0.467    1450.58    1450.58  0.000e+00
       8643      7.500     4.6096     4.6132     0.0036    2.02489    2.02386          1     8.1207     8.0058      97.13     1.8115     0.3650  1.000e-12  0.5154000    20.3862    20.3727    -0.0135    16.1412    16.1303      7.431      7.529      0.475    1450.62    1450.62  0.000e+00
       8668      8.000     4.6011     4.6102     0.0090    2.02317    2.02417          1     8.1254     8.0119      97.15     1.8335     0.3665  1.000e-12  0.6105000    20.3724    20.3778     0.0054    16.1309    16.1345      7.927      8.030      0.493    1450.58    1450.63  0.000e+00
       8692      8.500     4.5688     4.5745     0.0058    2.01945    2.01793          1     8.1309     8.0268      97.13     1.9192     0.3959  1.000e-12  0.5499000    20.3511    20.3310    -0.0201    16.1164    16.1001      8.422      8.531      0.501    1450.42    1450.42  0.000e+00
       8716      9.000     4.6000     4.5890    -0.0111    2.02930    2.02432          1     8.1060     8.0093      97.12     1.8359     0.4093  1.000e-12  0.5355000    20.4400    20.3921    -0.0479    16.1845    16.1474      8.917      9.032      0.493    1450.68    1450.57  0.000e+00
       8740      9.500     4.5809     4.5784    -0.0025    2.02861    2.02766          1     8.1057     8.0056      96.78     1.8290     0.4330  1.000e-12  0.5199000    20.4442    20.4352    -0.0089    16.1891    16.1822      9.413      9.534      0.483    1450.61    1450.59  0.000e+00
       8765     10.000     4.5666     4.5680     0.0013    2.02956    2.02957          1     8.1116     8.0202      96.82     1.8532     0.4476  1.000e-12  0.5415000    20.4633    20.4625    -0.0007    16.2053    16.2046      9.908     10.035      0.484    1450.58    1450.58  0.000e+00
       8790     10.500     4.5767     4.5736    -0.0031    2.03222    2.03146          1     8.1122     8.0138      96.86     1.8599     0.4760  1.000e-12  0.5395000    20.4861    20.4796    -0.0065    16.2226    16.2177     10.404     10.536      0.504    1450.66    1450.64  0.000e+00
       8813     11.000     4.5746     4.5805     0.0059    2.03374    2.03280          1     8.1277     7.9972      65.00     1.8815     0.5129  1.000e-12  0.5549000    20.5040    20.4900    -0.0140    16.2369    16.2254     10.899     11.037      0.520    1450.68    1450.69  0.000e+00
       8836     11.500     4.5789     4.5789    -0.0001    2.03554    2.03404          1     8.1195     7.9778      96.56     1.9142     0.4656  1.000e-12  0.5961000    20.5209    20.5044    -0.0165    16.2500    16.2370     11.394     11.538      0.526    1450.73    1450.71  0.000e+00
       8859     12.000     4.5845     4.5786    -0.0060    2.03827    2.03521          1     8.1037     7.9804      64.87     1.9145     0.4413  1.000e-12  0.6087000    20.5472    20.5173    -0.0300    16.2704    16.2472     11.890     12.039      0.526    1450.80    1450.73  0.000e+00
       8881     12.500     4.5661     4.5677     0.0016    2.03851    2.03593          1     8.0989     7.9881      96.11     1.9145     0.4239  1.000e-12  0.6045000    20.5613    20.5319    -0.0294    16.2828    16.2595     12.385     12.540      0.524    1450.74    1450.71  0.000e+00
       8904     13.000     4.5555     4.5553    -0.0001    2.04072    2.04068          1     8.0328     7.9409      96.88     1.9982     0.4375  1.000e-12  0.6641000    20.5920    20.5917    -0.0004    16.3080    16.3077     12.881     13.041      0.525    1450.74    1450.74  0.000e+00
       8927     13.500     4.5499     4.5515     0.0016    2.05005    2.04956          1     7.9785     7.8897      88.58     2.0304     0.4598  1.000e-12  0.6838000    20.6981    20.6917    -0.0064    16.3923    16.3872     13.376     13.543      0.531    1450.86    1450.86  0.000e+00
       8950     14.000     4.5512     4.5528     0.0017    2.05235    2.05574          1     7.8769     7.7782      59.14     1.9824     0.4062  1.000e-12  0.5832000    20.7225    20.7588     0.0362    16.4115    16.4401     13.871     14.044      0.545    1450.91    1450.96  0.000e+00
       8971     14.500     4.5543     4.5564     0.0020    2.13297    2.14136          1     7.6542     7.5490      97.14     1.9302     0.3855  1.000e-12  0.5767000    21.6115    21.7028     0.0913    17.1148    17.1868     14.367     14.544      0.556    1452.06    1452.19  0.000e+00
       8993     15.000     4.5541     4.5549     0.0008    2.23068    2.22444          1     7.5960     7.4763      96.78     2.2145     0.4686  1.000e-12  0.6239000    22.6959    22.6258    -0.0701    17.9730    17.9174     14.862     15.045      0.550    1453.45    1453.36  0.000e+00
       9015     15.500     4.5880     4.5902     0.0023    2.33452    2.33673          1     7.4256     7.2873      96.78     2.4140     0.4416  1.000e-12  0.6344000    23.8303    23.8534     0.0231    18.8681    18.8863     15.357     15.545      0.536    1455.04    1455.08  0.000e+00
       9038     16.000     4.4727     4.4725    -0.0003    2.76921    2.77213          1     7.2361     7.0857      96.86     2.2354     0.5656  1.000e-12  0.5896000    28.8496    28.8828     0.0333    22.8545    22.8809     15.853     16.044      0.532    1460.97    1461.01  0.000e+00
       9060     16.500     4.4588     4.4614     0.0027    2.85027    2.85113          1     7.0883     6.9318      93.29     1.7898     0.4910  1.000e-12  0.5093000    29.7901    29.7978     0.0076    23.6014    23.6073     16.348     16.542      0.543    1462.12    1462.14  0.000e+00
       9082     17.000     4.5574     4.5596     0.0022    2.89924    2.89964          1     6.9805     6.8524      62.04     1.5383     0.3979  1.000e-12  0.4007000    30.2644    30.2670     0.0026    23.9679    23.9697     16.844     17.039      0.551    1463.15    1463.16  0.000e+00
       9103     17.500     4.6413     4.6425     0.0012    2.98332    2.98254          1     7.0952     7.0512      56.83     1.2250     0.3449  1.000e-12  0.4019000    31.1558    31.1456    -0.0101    24.6663    24.6581     17.339     17.536      0.552    1464.64    1464.63  0.000e+00
       9125     18.000     4.7381     4.7343    -0.0038    3.03588    3.03488          1     7.3083     7.2833      63.97     0.8479     0.3285  1.000e-12  0.2827000    31.6698    31.6620    -0.0078    25.0638    25.0580     17.834     18.033      0.545    1465.70    1465.68  0.000e+00
       9147     18.500     4.8640     4.8650     0.0010    3.07074    3.07109          1     7.3582     7.2647      96.99     0.6561     0.3025  1.000e-12  0.2529000    31.9505    31.9536     0.0031    25.2729    25.2753     18.330     18.530      0.537    1466.59    1466.60  0.000e+00
       9170     19.000     5.0003     5.0004    -0.0000    3.10753    3.10749          1     7.2439     7.0648      97.03     0.6388     0.2925  1.000e-12  0.2445000    32.2415    32.2409    -0.0005    25.4888    25.4883     18.825     19.027      0.536    1467.53    1467.53  0.000e+00
       9192     19.500     5.1834     5.1791    -0.0042    3.15781    3.15672          1     6.9616     6.7218      97.16     1.2867     0.3173  1.000e-12  0.2884000    32.6394    32.6312    -0.0082    25.7836    25.7775     19.321     19.523      0.546    1468.79    1468.76  0.000e+00
       9214     20.000     5.4154     5.4176     0.0021    3.21706    3.21699          1     6.5897     6.3342      97.28     5.8925     1.4800  1.000e-12  0.5638000    33.0878    33.0847    -0.0030    26.1119    26.1092     19.816     20.019      0.556    1470.31    1470.31  0.000e+00
       9235     20.500     5.6018     5.6023     0.0006    3.25964    3.25973          1     6.2606     6.0432      97.67    16.0613     1.8299  1.000e-12  1.1422000    33.3876    33.3880     0.0004    26.3272    26.3274     20.311     20.516      0.552    1471.45    1471.45  0.000e+00
       9257     21.000     5.7103     5.7102    -0.0001    3.28521    3.28510          1     6.0431     5.8810      66.08     6.4950     1.3270  1.000e-12  0.6804000    33.5694    33.5683    -0.0011    26.4579    26.4570     20.807     21.012      0.541    1472.12    1472.12  0.000e+00
       9280     21.500     5.7449     5.7448    -0.0001    3.29862    3.29860          1     5.9099     5.7899      41.15     3.0848     0.6719  1.000e-12  0.4838000    33.6866    33.6864    -0.0002    26.5463    26.5462     21.302     21.508      0.537    1472.42    1472.42  0.000e+00
       9302     22.000     5.8020     5.8015    -0.0005    3.30999    3.30993          1     5.8405     5.7592      95.86     1.1256     0.3514  1.000e-12  0.4071000    33.7579    33.7578    -0.0001    26.5957    26.5957     21.797     22.004      0.541    1472.75    1472.74  0.000e+00
       9324     22.500     5.8344     5.8346     0.0002    3.31733    3.31724          1     5.8312     5.7663      91.02     0.4317     0.2713  1.000e-12  0.3849000    33.8082    33.8070    -0.0012    26.6315    26.6305     22.293     22.500      0.545    1472.95    1472.95  0.000e+00
       9346     23.000     5.8561     5.8564     0.0003    3.32207    3.32203          1     5.8350     5.7673      40.33     0.2935     0.2724  1.000e-12  0.3890000    33.8398    33.8391    -0.0007    26.6538    26.6532     22.788     22.996      0.545    1473.08    1473.08  0.000e+00
       9368     23.500     5.8747     5.8749     0.0002    3.32647    3.32640          1     5.8458     5.7714      68.88     0.2646     0.2588  1.000e-12  0.3984000    33.8707    33.8697    -0.0010    26.6759    26.6751     23.283     23.492      0.547    1473.20    1473.20  0.000e+00
       9390     24.000     5.8969     5.8974     0.0005    3.33252    3.33249          1     5.8525     5.7761      83.15     0.2527     0.2453  1.000e-12  0.4070000    33.9165    33.9157    -0.0008    26.7094    26.7086     23.779     23.988      0.551    1473.36    1473.36  0.000e+00
       9412     24.500     5.9491     5.9494     0.0003    3.34422    3.34411          1     5.8570     5.7837      38.12     0.2851     0.2424  1.000e-12  0.4140000    33.9958    33.9942    -0.0016    26.7655    26.7642     24.274     24.484      0.547    1473.67    1473.67  0.000e+00
       9434     25.000     5.9828     5.9831     0.0003    3.35044    3.35047          1     5.8629     5.7962      64.53     0.2383     0.2078  1.000e-12  0.4365000    34.0318    34.0318     0.0000    26.7897    26.7897     24.770     24.980      0.541    1473.86    1473.86  0.000e+00
       9456     25.500     5.9881     5.9885     0.0004    3.35172    3.35172          1     5.8697     5.8066      53.51     0.2359     0.2735  1.000e-12  0.4212000    34.0407    34.0403    -0.0004    26.7961    26.7958     25.265     25.476      0.541    1473.90    1473.90  0.000e+00
       9478     26.000     5.9923     5.9926     0.0003    3.35225    3.35226          1     5.8615     5.7897      62.85     0.2529     0.2514  1.000e-12  0.4312000    34.0421    34.0420    -0.0001    26.7967    26.7965     25.760     25.972      0.545    1473.93    1473.93  0.000e+00
       9500     26.500     6.0116     6.0118     0.0002    3.35516    3.35517          1     5.8336     5.7493      37.18     0.3114     0.2814  1.000e-12  0.4416000    34.0552    34.0551    -0.0001    26.8046    26.8045     26.256     26.468      0.542    1474.03    1474.03  0.000e+00
       9522     27.000     6.0120     6.0127     0.0006    3.35629    3.35631          1     5.7924     5.6963      36.52     0.3263     0.2815  1.000e-12  0.4595000    34.0673    34.0669    -0.0004    26.8141    26.8137     26.751     26.964      0.542    1474.06    1474.06  0.000e+00
       9545     27.500     6.0201     6.0206     0.0005    3.35853    3.35854          1     5.7503     5.6483      36.03     0.2641     0.2426  1.000e-12  0.4931000    34.0841    34.0838    -0.0003    26.8264    26.8260     27.246     27.460      0.548    1474.12    1474.12  0.000e+00
