ctdpy/exports/archive_20191121_122431/received_data/SBE09_0827_20181005_0924_26_01_1015.cnv
* Sea-Bird SBE 9 Data File:
* FileName = D:\CTD_SBE911\DAT\26DA.2018.10.15.hex
* Software Version Seasave V 7.21d
* Temperature SN = 4548
* Conductivity SN = 3062
* Number of Bytes Per Scan = 48
* Number of Voltage Words = 5
* Number of Scans Averaged by the Deck Unit = 1
* NMEA Latitude = 56 38.04 N
* NMEA Longitude = 017 39.61 E
* NMEA UTC (Time) = Oct 05 2018  09:27:33
* NMEA baud rate = 4800
** Ship: DANA
** Average sound velocity: 1448.65 m/s
** True-depth calculation Thu, 28 Mar 2019 12:17:47 +0000
** CTD Python Module SMHI /ver 3-12/ feb 2012 
** LIMS Job: 20182601-1015
** Operator: Christian
** Cruise: 10/2018
# nquan = 26
# nvalues = 106                         
# units = specified
# name 0 = scan: Scan Count
# name 1 = prDM: Pressure, Digiquartz [db]
# name 2 = t090C: Temperature [ITS-90, deg C]
# name 3 = t190C: Temperature, 2 [ITS-90, deg C]
# name 4 = T2-T190C: Temperature Difference, 2 - 1 [ITS-90, deg C]
# name 5 = c0S/m: Conductivity [S/m]
# name 6 = c1S/m: Conductivity, 2 [S/m]
# name 7 = pumps: Pump Status
# name 8 = sbeox1ML/L: Oxygen, SBE 43, 2 [ml/l]
# name 9 = sbeox0ML/L: Oxygen, SBE 43 [ml/l]
# name 10 = altM: Altimeter [m]
# name 11 = chloroflTC0: Chlorophyll, Turner Cyclops [ug/l]
# name 12 = cpar: CPAR/Corrected Irradiance [%]
# name 13 = par: PAR/Irradiance, Biospherical/Lico [µE/(cm^2*s)]
# name 14 = spar: SPAR, Biospherical/Licor
# name 15 = sal00: Salinity, Practical [PSU]
# name 16 = sal11: Salinity, Practical, 2 [PSU]
# name 17 = secS-priS: Salinity, Practical, Difference, 2 - 1 [PSU]
# name 18 = sigma-t00: Density [sigma-t, kg/m^3 ]
# name 19 = sigma-t11: Density, 2 [sigma-t, kg/m^3 ]
# name 20 = depSM: Depth [salt water, m], lat = 56.634
# name 21 = depFM: Depth [true depth, m], lat = 56.634
# name 22 = dz/dtM: Descent Rate [m/s], WS = 2
# name 23 = svCM: Sound Velocity [Chen-Millero, m/s]
# name 24 = svCM1: Sound Velocity, 2 [Chen-Millero, m/s]
# name 25 = flag: flag
# span 0 =        178,       6561       
# span 1 =      1.500,     54.000       
# span 2 =     4.1201,    11.4009       
# span 3 =     4.1143,    11.4012       
# span 4 =    -0.4622,     0.1344       
# span 5 =   0.796768,   0.996328       
# span 6 =   0.797335,   1.002252       
# span 7 =          1,          1       
# span 8 =     0.7403,     7.1477       
# span 9 =     0.6656,     6.6739       
# span 10 =       1.84,      10.00      
# span 11 =     0.0159,     0.0299      
# span 12 = -1.460e-05, 8.3265e+00      
# span 13 = -1.818e-04, 1.3587e+02      
# span 14 = 1.0580e+03, 1.6610e+03      
# span 15 =     6.9470,     9.3402      
# span 16 =     6.9472,     9.3909      
# span 17 =    -0.0002,     0.1647      
# span 18 =     4.9664,     7.3868      
# span 19 =     4.9665,     7.4254      
# span 20 =      1.486,     53.499      
# span 21 =      1.520,     54.702      
# span 22 =     -0.028,      0.875      
# span 23 =    1432.96,    1461.48      
# span 24 =    1432.94,    1461.47      
# span 25 = 0.0000e+00, 0.0000e+00      
# interval = decibars: 0.5              
# start_time = Oct 05 2018 09:27:34 [NMEA time, first data scan]
# bad_flag = -9.990e-29
*END*
[from data line 56]
       2865     29.500     8.1615     8.1246    -0.0374    0.84693    0.84723          1     7.0538     6.5981       9.97     0.0201  7.770e-14  1.000e-12  1.287e+03     7.1472     7.1574     0.0102     5.4575     5.4685     29.228     29.897      0.329    1449.23    1449.09  0.000e+00
       2914     30.000     7.5353     7.0708    -0.4622    0.83932    0.83487          1     6.9302     6.5145       9.97     0.0195  7.758e-14  1.000e-12  1.289e+03     7.2061     7.2619     0.0558     5.5520     5.6285     29.723     30.404      0.189    1446.73    1444.87  0.000e+00
       2990     30.500     6.5669     6.3871    -0.1805    0.82852    0.82734          1     6.6807     6.4633       9.97     0.0187  7.849e-14  1.000e-12  1.274e+03     7.3083     7.3357     0.0274     5.6991     5.7315     30.219     30.910      0.301    1442.82    1442.09  0.000e+00
       3020     31.000     5.4122     5.1593    -0.2522    0.80691    0.80531          1     6.6723     6.3810       9.97     0.0188  7.866e-14  1.000e-12  1.271e+03     7.3500     7.3899     0.0399     5.7928     5.8357     30.714     31.417      0.423    1437.92    1436.87  0.000e+00
       3051     31.500     4.8224     4.6841    -0.1381    0.79796    0.79734          1     6.6969     6.4176       9.97     0.0177  7.863e-14  1.000e-12  1.272e+03     7.3919     7.4165     0.0247     5.8509     5.8755     31.209     31.923      0.337    1435.40    1434.82  0.000e+00
       3098     32.000     4.6959     4.6373    -0.0592    0.79720    0.79749          1     6.7133     6.3722       9.97     0.0171  7.859e-14  1.000e-12  1.272e+03     7.4125     7.4285     0.0161     5.8719     5.8866     31.705     32.429      0.229    1434.88    1434.64  0.000e+00
       3144     32.500     4.6049     4.5809    -0.0239    0.79677    0.79743          1     6.7335     6.3395       9.97     0.0170  7.908e-14  1.000e-12  1.264e+03     7.4285     7.4405     0.0120     5.8877     5.8980     32.200     32.936      0.323    1434.50    1434.41  0.000e+00
       3178     33.000     4.5899     4.5793    -0.0107    0.79745    0.79819          1     6.7502     6.3513       9.97     0.0171  7.897e-14  1.000e-12  1.266e+03     7.4386     7.4484     0.0098     5.8962     5.9044     32.695     33.442      0.326    1434.46    1434.42  0.000e+00
       3253     33.500     4.5966     4.5891    -0.0076    0.79909    0.79969          1     6.7239     6.3196       9.97     0.0169  7.969e-14  1.000e-12  1.255e+03     7.4535     7.4612     0.0077     5.9078     5.9142     33.191     33.948      0.219    1434.51    1434.49  0.000e+00
       3310     34.000     4.5989     4.5921    -0.0068    0.80013    0.80056          1     6.7147     6.3080       9.97     0.0169  8.164e-14  1.000e-12  1.225e+03     7.4633     7.4692     0.0059     5.9155     5.9204     33.686     34.454      0.417    1434.54    1434.52  0.000e+00
       3335     34.500     4.6097     4.6033    -0.0063    0.80086    0.80123          1     6.7266     6.3178       9.97     0.0170  8.286e-14  1.000e-12  1.207e+03     7.4681     7.4732     0.0051     5.9190     5.9232     34.181     34.961      0.434    1434.61    1434.59  0.000e+00
       3375     35.000     4.6131     4.6147     0.0016    0.80133    0.80186          1     6.7272     6.3133       9.97     0.0167  8.425e-14  1.000e-12  1.187e+03     7.4720     7.4769     0.0049     5.9220     5.9258     34.677     35.467      0.240    1434.64    1434.65  0.000e+00
       3444     35.500     4.6121     4.6016    -0.0104    0.80176    0.80190          1     6.7209     6.2974       9.97     0.0170  8.616e-14  1.000e-12  1.161e+03     7.4765     7.4803     0.0038     5.9255     5.9289     35.172     35.973      0.407    1434.64    1434.60  0.000e+00
       3467     36.000     4.6158     4.6103    -0.0056    0.80255    0.80285          1     6.7164     6.2959       9.97     0.0169  8.648e-14  1.000e-12  1.156e+03     7.4835     7.4877     0.0043     5.9309     5.9345     35.667     36.480      0.478    1434.68    1434.66  0.000e+00
       3510     36.500     4.6103     4.6078    -0.0024    0.80290    0.80322          1     6.6965     6.2764       9.97     0.0168  8.712e-14  1.000e-12  1.148e+03     7.4882     7.4919     0.0038     5.9348     5.9379     36.163     36.986      0.307    1434.67    1434.66  0.000e+00
       3601     37.000     4.5993     4.5921    -0.0072    0.80297    0.80307          1     6.6691     6.2711       9.97     0.0171  8.805e-14  1.000e-12  1.136e+03     7.4913     7.4939     0.0026     5.9377     5.9400     36.658     37.492      0.436    1434.63    1434.60  0.000e+00
       3624     37.500     4.5886     4.5849    -0.0036    0.80296    0.80317          1     6.6567     6.2678       9.97     0.0171  8.835e-14  1.000e-12  1.132e+03     7.4935     7.4965     0.0030     5.9398     5.9423     37.153     37.998      0.471    1434.59    1434.58  0.000e+00
       3653     38.000     4.5846     4.5795    -0.0052    0.80318    0.80334          1     6.6361     6.2469       9.97     0.0169  8.858e-14  1.000e-12  1.129e+03     7.4966     7.4994     0.0028     5.9424     5.9448     37.649     38.505      0.352    1434.59    1434.57  0.000e+00
       3699     38.500     4.5765     4.5716    -0.0048    0.80322    0.80336          1     6.6245     6.2251       9.97     0.0170  8.925e-14  1.000e-12  1.120e+03     7.4988     7.5013     0.0025     5.9444     5.9465     38.144     39.011      0.223    1434.56    1434.54  0.000e+00
       3750     39.000     4.5608     4.5590    -0.0018    0.80307    0.80321          1     6.6185     6.2116       9.97     0.0168  9.088e-14  1.000e-12  1.100e+03     7.5008     7.5026     0.0017     5.9465     5.9480     38.639     39.517      0.300    1434.50    1434.50  0.000e+00
       3783     39.500     4.5626     4.5589    -0.0036    0.80327    0.80335          1     6.6189     6.2076       9.97     0.0171  9.220e-14  1.000e-12  1.085e+03     7.5023     7.5039     0.0016     5.9477     5.9491     39.135     40.023      0.377    1434.52    1434.51  0.000e+00
       3835     40.000     4.5390     4.5323    -0.0068    0.80270    0.80268          1     6.6142     6.2062       9.97     0.0171  9.234e-14  1.000e-12  1.083e+03     7.5019     7.5032     0.0013     5.9481     5.9493     39.630     40.530      0.238    1434.42    1434.39  0.000e+00
       3914     40.500     4.5178     4.5202     0.0027    0.80246    0.80267          1     6.6468     6.2147       9.97     0.0170  9.212e-14  1.000e-12  1.086e+03     7.5043     7.5058     0.0015     5.9507     5.9518     40.125     41.036      0.357    1434.34    1434.35  0.000e+00
       3940     41.000     4.5934     4.6421     0.0483    0.80507    0.80629          1     6.6288     6.2154       9.97     0.0170  9.201e-14  1.000e-12  1.087e+03     7.5131     7.5144     0.0013     5.9552     5.9545     40.621     41.542      0.462    1434.70    1434.91  0.000e+00
       3967     41.500     4.6898     4.7053     0.0155    0.80785    0.80837          1     6.5369     6.1457       9.97     0.0171  9.107e-14  1.000e-12  1.098e+03     7.5191     7.5207     0.0017     5.9566     5.9574     41.116     42.048      0.389    1435.14    1435.21  0.000e+00
       4019     42.000     4.6234     4.5847    -0.0385    0.80609    0.80533          1     6.5126     6.1195       9.97     0.0170  8.900e-14  1.000e-12  1.124e+03     7.5164     7.5176     0.0011     5.9568     5.9590     41.611     42.555      0.208    1434.85    1434.68  0.000e+00
       4069     42.500     4.5347     4.5245    -0.0102    0.80385    0.80378          1     6.5595     6.1490       9.97     0.0162  8.687e-14  1.000e-12  1.151e+03     7.5141     7.5156     0.0015     5.9579     5.9595     42.107     43.061      0.339    1434.46    1434.42  0.000e+00
       4108     43.000     4.5152     4.5080    -0.0072    0.80378    0.80388          1     6.5762     6.1722       9.97     0.0165  8.543e-14  1.000e-12  1.171e+03     7.5177     7.5204     0.0027     5.9614     5.9638     42.602     43.567      0.227    1434.38    1434.36  0.000e+00
       4182     43.500     4.4926     4.4878    -0.0049    0.80397    0.80405          1     6.5616     6.1685       9.97     0.0166  8.249e-14  1.000e-12  1.212e+03     7.5247     7.5266     0.0019     5.9677     5.9694     43.097     44.073      0.276    1434.30    1434.28  0.000e+00
       4229     44.000     4.4282     4.4117    -0.0164    0.80291    0.80281          1     6.5517     6.1556       9.97     0.0168  8.065e-14  1.000e-12  1.240e+03     7.5287     7.5315     0.0028     5.9729     5.9756     43.593     44.580      0.222    1434.03    1433.96  0.000e+00
       4276     44.500     4.3432     4.3186    -0.0246    0.80148    0.80123          1     6.5399     6.1337       9.77     0.0166  7.862e-14  1.000e-12  1.272e+03     7.5336     7.5367     0.0031     5.9794     5.9826     44.088     45.086      0.406    1433.66    1433.56  0.000e+00
       4301     45.000     4.2943     4.2915    -0.0026    0.80094    0.80132          1     6.5394     6.1383       9.32     0.0171  7.785e-14  1.000e-12  1.284e+03     7.5393     7.5438     0.0045     5.9854     5.9891     44.583     45.592      0.502    1433.46    1433.45  0.000e+00
       4327     45.500     4.3043     4.3009    -0.0033    0.80228    0.80291          1     6.5263     6.1341       8.73     0.0165  7.771e-14  1.000e-12  1.287e+03     7.5505     7.5576     0.0072     5.9940     5.9998     45.079     46.098      0.353    1433.53    1433.52  0.000e+00
       4418     46.000     4.3921     4.4029     0.0108    0.80781    0.80871          1     6.5802     6.1703       8.14     0.0162  8.224e-14  1.000e-12  1.216e+03     7.5861     7.5927     0.0066     6.0196     6.0245     45.574     46.605      0.278    1433.97    1434.03  0.000e+00
       4445     46.500     4.3851     4.3773    -0.0079    0.80891    0.80913          1     6.5445     6.1472       7.73     0.0162  8.561e-14  1.000e-12  1.168e+03     7.5987     7.6028     0.0040     6.0298     6.0333     46.069     47.111      0.424    1433.96    1433.94  0.000e+00
       4499     47.000     4.2800     4.2386    -0.0415    0.80923    0.80938          1     6.4464     6.0656       7.22     0.0163  9.113e-14  1.000e-12  1.099e+03     7.6263     7.6374     0.0111     6.0548     6.0649     46.564     47.617      0.259    1433.54    1433.37  0.000e+00
       4555     47.500     4.1551     4.1352    -0.0199    0.81018    0.81063          1     6.2823     5.9581       6.86     0.0160  9.451e-14  1.000e-12  1.058e+03     7.6649     7.6741     0.0092     6.0891     6.0970     47.060     48.123      0.445    1433.04    1432.96  0.000e+00
       4578     48.000     4.1281     4.1225    -0.0056    0.81203    0.81281          1     6.1800     5.8705       6.35     0.0161  9.310e-14  1.000e-12  1.074e+03     7.6899     7.6992     0.0092     6.1097     6.1172     47.555     48.629      0.415    1432.96    1432.94  0.000e+00
       4628     48.500     4.1251     4.1143    -0.0108    0.81330    0.81437          1     6.0809     5.7350       5.85     0.0163  8.882e-14  1.000e-12  1.126e+03     7.7036     7.7169     0.0134     6.1206     6.1315     48.050     49.136      0.214    1432.97    1432.94  0.000e+00
       4682     49.000     4.1201     4.1204     0.0002    0.81694    0.81731          1     5.9606     5.6258       5.50     0.0165  8.463e-14  1.000e-12  1.182e+03     7.7416     7.7454     0.0038     6.1510     6.1540     48.546     49.642      0.271    1433.00    1433.01  0.000e+00
       4728     49.500     4.1219     4.1209    -0.0010    0.81826    0.81868          1     5.9079     5.5874       5.08     0.0165  8.367e-14  1.000e-12  1.195e+03     7.7546     7.7591     0.0045     6.1613     6.1649     49.041     50.148      0.235    1433.04    1433.04  0.000e+00
       4783     50.000     4.1227     4.1217    -0.0010    0.81929    0.81985          1     5.8477     5.5141       4.78     0.0164  8.346e-14  1.000e-12  1.198e+03     7.7649     7.7709     0.0060     6.1694     6.1741     49.536     50.654      0.225    1433.06    1433.06  0.000e+00
       4832     50.500     4.1277     4.1277     0.0000    0.82035    0.82065          1     5.7681     5.4436       4.38     0.0162  8.085e-14  1.000e-12  1.237e+03     7.7744     7.7775     0.0031     6.1768     6.1793     50.032     51.160      0.261    1433.10    1433.11  0.000e+00
       4876     51.000     4.1247     4.1248     0.0001    0.82209    0.82251          1     5.6870     5.3880       4.00     0.0162  7.576e-14  1.000e-12  1.320e+03     7.7928     7.7971     0.0043     6.1914     6.1949     50.527     51.666      0.280    1433.12    1433.13  0.000e+00
       4918     51.500     4.1327     4.1344     0.0017    0.82613    0.82715          1     5.5474     5.2784       3.63     0.0159  7.210e-14  1.000e-12  1.387e+03     7.8320     7.8420     0.0100     6.2224     6.2303     51.022     52.172      0.280    1433.22    1433.24  0.000e+00
       4965     52.000     4.1359     4.1358    -0.0000    0.82878    0.82969          1     5.3989     5.1197       3.16     0.0161  7.076e-14  1.000e-12  1.413e+03     7.8582     7.8674     0.0093     6.2431     6.2505     51.518     52.679      0.205    1433.27    1433.28  0.000e+00
       5049     52.500     4.1298     4.1268    -0.0030    0.83098    0.83210          1     5.1631     4.9075       2.86     0.0163  7.330e-14  1.000e-12  1.364e+03     7.8820     7.8941     0.0122     6.2621     6.2719     52.013     53.185      0.248    1433.28    1433.28  0.000e+00
       5092     53.000     4.1676     4.1775     0.0100    0.84376    0.84522          1     4.7107     4.6999       2.43     0.0167  7.540e-14  1.000e-12  1.326e+03     8.0030     8.0155     0.0125     6.3571     6.3668     52.508     53.691      0.307    1433.61    1433.67  0.000e+00
       5457     53.500     4.8095     4.9447     0.1344    0.96914    0.98892          1     1.4883     1.7211       2.11     0.0168  8.512e-14  1.000e-12  1.180e+03     9.1068     9.2715     0.1647     7.2078     7.3330     53.003     54.197      0.165    1437.87    1438.68  0.000e+00
       6561     54.000     4.9721     5.0056     0.0335    0.99633    1.00225          1     0.7403     0.6656       1.84     0.0171  8.157e-14  1.000e-12  1.234e+03     9.3402     9.3909     0.0507     7.3868     7.4254     53.499     54.702     -0.028    1438.90    1439.11  0.000e+00
