ctdpy/exports/archive_20191121_122431/received_data/SBE09_1044_20180204_0003_34_02_0057.cnv
* Sea-Bird SBE 9 Data File:
* FileName = C:\ctd\temp\2018\ME18D057.hex
* Software Version Seasave V 7.26.6.26
* Temperature SN = 5351
* Conductivity SN = 3941
* Number of Bytes Per Scan = 41
* Number of Voltage Words = 4
* Number of Scans Averaged by the Deck Unit = 1
* NMEA Latitude = 58 17.05 N
* NMEA Longitude = 010 30.23 E
* NMEA UTC (Time) = Feb 04 2018  00:03:22
* NMEA baud rate = 4800
** Station:  A17
** Operator:  JKro
** Ship: MERI
** Average sound velocity: 1483.03 m/s
** True-depth calculation Sun, 04 Feb 2018 01:41:24 +0000
** CTD Python Module SMHI /ver 3-12/ feb 2012 
** LIMS Job: 20183402-0057
** Cruise: SMHI-01-2018
** Latitude [GG MM.mm N] :
** Longitude [GG MM.mm E]:
# nquan = 26
# nvalues = 696                         
# units = specified
# name 0 = scan: Scan Count
# name 1 = prDM: Pressure, Digiquartz [db]
# name 2 = t090C: Temperature [ITS-90, deg C]
# name 3 = t190C: Temperature, 2 [ITS-90, deg C]
# name 4 = T2-T190C: Temperature Difference, 2 - 1 [ITS-90, deg C]
# name 5 = c0S/m: Conductivity [S/m]
# name 6 = c1S/m: Conductivity, 2 [S/m]
# name 7 = pumps: Pump Status
# name 8 = sbeox0ML/L: Oxygen, SBE 43 [ml/l]
# name 9 = sbeox1ML/L: Oxygen, SBE 43, 2 [ml/l]
# name 10 = altM: Altimeter [m]
# name 11 = flECO-AFL: Chl-a Fluorescence, WET Labs ECO-AFL/FL [mg/m^3]
# name 12 = flECO-AFL1: Phycocyanin Fluorescence, WET Labs ECO-AFL/FL, 2 [mg/m^3]
# name 13 = par: PAR/Irradiance, Biospherical/Lico [µE/(cm^2*s)]
# name 14 = turbWETntu0: Turbidity, WET Labs ECO [NTU]
# name 15 = sal00: Salinity, Practical [PSU]
# name 16 = sal11: Salinity, Practical, 2 [PSU]
# name 17 = secS-priS: Salinity, Practical, Difference, 2 - 1 [PSU]
# name 18 = sigma-t00: Density [sigma-t, Kg/m^3 ]
# name 19 = sigma-t11: Density, 2 [sigma-t, Kg/m^3 ]
# name 20 = depSM: Depth [salt water, m], lat = 58.2842
# name 21 = depFM: Depth [true depth, m], lat = 58.2842
# name 22 = dz/dtM: Descent Rate [m/s], WS = 2
# name 23 = svCM: Sound Velocity [Chen-Millero, m/s]
# name 24 = svCM1: Sound Velocity, 2 [Chen-Millero, m/s]
# name 25 = flag: flag
# span 0 =      15061,      36660       
# span 1 =      2.000,    349.500       
# span 2 =     4.3334,     8.7297       
# span 3 =     4.3331,     8.7289       
# span 4 =    -0.3802,     0.0872       
# span 5 =   2.938489,   3.692944       
# span 6 =   2.938507,   3.693070       
# span 7 =          1,          1       
# span 8 =    5.27037,    7.10026       
# span 9 =    4.50980,    7.28168       
# span 10 =       1.14,     103.00      
# span 11 =     0.0076,     0.8936      
# span 12 =     0.2426,     0.4372      
# span 13 = -2.168e-03, 2.3897e-01      
# span 14 =     0.1460,     1.2177      
# span 15 =    30.9320,    35.0923      
# span 16 =    30.9327,    35.0934      
# span 17 =    -0.4137,     0.1791      
# span 18 =    24.5189,    27.4184      
# span 19 =    24.5194,    27.4191      
# span 20 =      1.981,    345.960      
# span 21 =      1.988,    346.563      
# span 22 =     -0.220,      1.219      
# span 23 =    1462.82,    1486.83      
# span 24 =    1462.82,    1486.84      
# span 25 = 0.0000e+00, 0.0000e+00      
# interval = decibars: 0.5              
# start_time = Feb 04 2018 00:03:23 [NMEA time, first data scan]
# bad_flag = -9.990e-29
*END*
      15061      2.000     4.3334     4.3331    -0.0003    2.93849    2.93851          1     7.0015     7.1953       2.19     0.8664     0.3841  2.390e-01  0.4002000    30.9337    30.9342     0.0005    24.5209    24.5213      1.981      1.988      0.086    1462.82    1462.82  0.000e+00
      15107      2.500     4.3356     4.3364     0.0008    2.93857    2.93875          1     6.9978     6.9937       2.19     0.8149     0.3854  1.764e-01  0.4068000    30.9323    30.9337     0.0013    24.5196    24.5206      2.477      2.485      0.371    1462.84    1462.84  0.000e+00
      15132      3.000     4.3396     4.3400     0.0005    2.93894    2.93905          1     7.0056     6.7676       1.97     0.8541     0.3870  1.380e-01  0.3729000    30.9326    30.9335     0.0009    24.5195    24.5202      2.972      2.982      0.486    1462.87    1462.87  0.000e+00
      15184      3.500     4.3385     4.3394     0.0009    2.93889    2.93904          1     6.9961     6.9302       1.98     0.8657     0.4005  1.103e-01  0.3994000    30.9329    30.9338     0.0009    24.5198    24.5204      3.467      3.480      0.312    1462.87    1462.87  0.000e+00
      15235      4.000     4.3382     4.3378    -0.0004    2.93885    2.93891          1     6.9980     7.0673       1.82     0.8936     0.4001  4.250e-02  0.3899000    30.9324    30.9335     0.0011    24.5194    24.5204      3.963      3.977      0.427    1462.87    1462.87  0.000e+00
      15272      4.500     4.3357     4.3362     0.0006    2.93870    2.93884          1     7.0115     7.0282       1.66     0.8610     0.3397  2.211e-02  0.4207000    30.9329    30.9339     0.0010    24.5201    24.5208      4.458      4.474      0.272    1462.87    1462.88  0.000e+00
      15321      5.000     4.3388     4.3409     0.0021    2.93891    2.93913          1     7.0060     7.1113       1.64     0.8019     0.3634 -2.168e-03  0.3684000    30.9320    30.9327     0.0007    24.5191    24.5194      4.953      4.971      0.217    1462.89    1462.90  0.000e+00
      15389      5.500     4.3383     4.3386     0.0003    2.93894    2.93903          1     6.9916     7.0133       1.26     0.8529     0.4212  1.000e-12  0.3297000    30.9327    30.9334     0.0008    24.5196    24.5202      5.449      5.468      0.312    1462.90    1462.90  0.000e+00
      15415      6.000     4.3378     4.3381     0.0003    2.93891    2.93901          1     6.9879     7.0147       1.14     0.8231     0.4030  1.000e-12  0.3438000    30.9325    30.9334     0.0009    24.5195    24.5202      5.944      5.965      0.455    1462.91    1462.91  0.000e+00
      15451      6.500     4.3388     4.3384    -0.0004    2.93900    2.93906          1     6.9950     7.0076      20.13     0.8558     0.3892  1.000e-12  0.3797000    30.9324    30.9334     0.0010    24.5194    24.5202      6.439      6.462      0.270    1462.92    1462.92  0.000e+00
      15522      7.000     4.3446     4.3430    -0.0015    2.93951    2.93947          1     7.0113     7.0081     103.00     0.7984     0.3597  1.000e-12  0.3415000    30.9326    30.9337     0.0011    24.5190    24.5200      6.935      6.959      0.302    1462.95    1462.94  0.000e+00
      15551      7.500     4.3436     4.3436    -0.0000    2.93943    2.93953          1     6.9853     7.0099      98.71     0.8235     0.4372  1.000e-12  0.3548000    30.9324    30.9335     0.0011    24.5189    24.5198      7.430      7.456      0.422    1462.95    1462.95  0.000e+00
      15583      8.000     4.3444     4.3442    -0.0002    2.93954    2.93960          1     6.9849     7.0087      98.71     0.8256     0.3868  1.000e-12  0.3776000    30.9327    30.9336     0.0010    24.5190    24.5198      7.926      7.953      0.307    1462.97    1462.97  0.000e+00
      15635      8.500     4.3432     4.3430    -0.0002    2.93946    2.93953          1     6.9776     7.0125      63.28     0.7629     0.4207  1.000e-12  0.3342000    30.9326    30.9336     0.0010    24.5191    24.5199      8.421      8.450      0.248    1462.97    1462.97  0.000e+00
      15669      9.000     4.3432     4.3434     0.0002    2.93951    2.93963          1     6.9954     7.0143      99.29     0.8055     0.3801  1.000e-12  0.3439000    30.9329    30.9342     0.0013    24.5193    24.5203      8.916      8.947      0.453    1462.98    1462.98  0.000e+00
      15694      9.500     4.3484     4.3457    -0.0026    2.94034    2.94002          1     6.9902     7.0126      98.71     0.8079     0.3863  1.000e-12  0.3707000    30.9375    30.9362    -0.0013    24.5225    24.5217      9.412      9.445      0.406    1463.01    1463.00  0.000e+00
      15745     10.000     4.3430     4.3428    -0.0002    2.93954    2.93962          1     6.9776     6.6398      98.71     0.7904     0.3886  1.000e-12  0.3552000    30.9331    30.9342     0.0011    24.5195    24.5204      9.907      9.942      0.232    1462.99    1462.99  0.000e+00
      15799     10.500     4.3411     4.3419     0.0008    2.93933    2.93957          1     6.9807     6.7774      98.71     0.7690     0.3676  1.000e-12  0.3544000    30.9321    30.9341     0.0020    24.5190    24.5204     10.402     10.439      0.410    1462.99    1463.00  0.000e+00
      15821     11.000     4.3458     4.3501     0.0043    2.94019    2.94104          1     7.0001     7.2817      98.71     0.8039     0.3431  1.000e-12  0.3634000    30.9375    30.9432     0.0057    24.5227    24.5269     10.898     10.936      0.541    1463.03    1463.05  0.000e+00
      15844     11.500     4.3723     4.3745     0.0022    2.94440    2.94478          1     6.9969     7.0237      98.71     0.7994     0.3460  1.000e-12  0.3735000    30.9611    30.9636     0.0025    24.5389    24.5406     11.393     11.433      0.438    1463.18    1463.19  0.000e+00
      15897     12.000     4.3771     4.3772     0.0001    2.94484    2.94508          1     6.8730     6.8521      98.71     0.7806     0.4076  1.000e-12  0.3601000    30.9615    30.9642     0.0027    24.5387    24.5409     11.888     11.930      0.247    1463.20    1463.21  0.000e+00
      15958     12.500     4.3850     4.3848    -0.0002    2.94649    2.94654          1     6.6163     6.5680      98.71     0.7861     0.4165  1.000e-12  0.3478000    30.9730    30.9738     0.0008    24.5471    24.5477     12.383     12.427      0.501    1463.26    1463.26  0.000e+00
      15975     13.000     4.4079     4.4103     0.0024    2.95053    2.95118          1     6.8241     6.9213      98.71     0.7974     0.3907  1.000e-12  0.3759000    30.9981    31.0034     0.0053    24.5647    24.5687     12.879     12.924      0.669    1463.40    1463.41  0.000e+00
      15992     13.500     4.6287     4.6211    -0.0095    2.99004    2.99154          1     7.1003     7.0531      98.71     0.8034     0.3632  1.000e-12  0.3789000    31.2466    31.2707     0.0241    24.7395    24.7592     13.374     13.421      0.635    1464.64    1464.64  0.000e+00
      16015     14.000     6.1139     6.1985     0.0872    3.24333    3.26681          1     6.5143     6.6088      98.71     0.6737     0.3839  1.000e-12  0.3584000    32.6968    32.8759     0.1791    25.7161    25.8466     13.869     13.918      0.390    1472.50    1473.06  0.000e+00
      16107     14.500     6.9486     6.5678    -0.3802    3.39756    3.32636          1     6.2489     6.3680      98.71     0.3139     0.3861  1.000e-12  0.2737000    33.6017    33.1880    -0.4137    26.3238    26.0484     14.365     14.414      0.394    1476.94    1474.94  0.000e+00
      16123     15.000     7.5508     7.5397    -0.0138    3.50104    3.50015          1     6.1344     6.8478      98.71     0.3684     0.3326  1.000e-12  0.3052000    34.1417    34.1432     0.0015    26.6653    26.6681     14.860     14.910      0.647    1479.95    1479.91  0.000e+00
      16141     15.500     7.4723     7.5493     0.0757    3.48719    3.50175          1     6.1035     6.6284      98.71     0.2914     0.3303  1.000e-12  0.3031000    34.0681    34.1503     0.0822    26.6186    26.6723     15.355     15.406      0.656    1479.56    1479.96  0.000e+00
      16161     16.000     7.6436     7.6106    -0.0325    3.51881    3.51346          1     6.0596     5.9283      98.71     0.1545     0.3343  1.000e-12  0.2854000    34.2418    34.2165    -0.0253    26.7306    26.7155     15.851     15.902      0.493    1480.44    1480.29  0.000e+00
      16218     16.500     7.7224     7.7178    -0.0042    3.53215    3.53159          1     6.0583     6.0652      98.70     0.1305     0.3414  1.000e-12  0.2765000    34.3084    34.3069    -0.0015    26.7715    26.7710     16.346     16.398      0.262    1480.84    1480.82  0.000e+00
      16268     17.000     7.7778     7.7775    -0.0003    3.53969    3.53988          1     6.0770     6.1120      98.68     0.1167     0.3452  1.000e-12  0.2720000    34.3349    34.3372     0.0023    26.7843    26.7861     16.841     16.894      0.501    1481.09    1481.09  0.000e+00
      16287     17.500     7.8015     7.8005    -0.0010    3.54304    3.54312          1     6.0809     5.5309      98.68     0.1260     0.3022  1.000e-12  0.2595000    34.3474    34.3492     0.0018    26.7907    26.7922     17.337     17.390      0.606    1481.20    1481.20  0.000e+00
      16307     18.000     7.8124     7.8109    -0.0015    3.54457    3.54457          1     6.0654     5.8111      98.68     0.1260     0.3185  1.000e-12  0.2828000    34.3530    34.3545     0.0015    26.7934    26.7948     17.832     17.886      0.568    1481.26    1481.25  0.000e+00
      16330     18.500     7.8210     7.8197    -0.0013    3.54578    3.54577          1     6.0517     6.2404      98.68     0.1260     0.3410  1.000e-12  0.2844000    34.3573    34.3584     0.0011    26.7955    26.7966     18.327     18.382      0.454    1481.30    1481.30  0.000e+00
      16362     19.000     7.8257     7.8248    -0.0009    3.54642    3.54645          1     6.0505     6.0674      98.68     0.1260     0.2881  1.000e-12  0.2908000    34.3593    34.3605     0.0013    26.7964    26.7975     18.823     18.878      0.352    1481.33    1481.33  0.000e+00
      16394     19.500     7.8354     7.8350    -0.0004    3.54774    3.54784          1     6.0481     6.0648      98.68     0.1260     0.3235  1.000e-12  0.2750000    34.3637    34.3651     0.0014    26.7985    26.7996     19.318     19.374      0.464    1481.38    1481.38  0.000e+00
      16416     20.000     7.8594     7.8587    -0.0007    3.55154    3.55157          1     6.0424     6.0689      98.68     0.1217     0.3317  1.000e-12  0.2742000    34.3807    34.3817     0.0010    26.8083    26.8092     19.813     19.870      0.584    1481.50    1481.50  0.000e+00
      16436     20.500     7.8849     7.8840    -0.0010    3.55531    3.55532          1     6.0387     6.0709      98.68     0.0896     0.3492  1.000e-12  0.2892000    34.3958    34.3968     0.0010    26.8164    26.8173     20.309     20.366      0.594    1481.63    1481.63  0.000e+00
      16457     21.000     7.9007     7.8994    -0.0014    3.55879    3.55871          1     6.0266     6.0597      98.68     0.0903     0.3375  1.000e-12  0.2840000    34.4175    34.4180     0.0005    26.8311    26.8317     20.804     20.862      0.502    1481.72    1481.72  0.000e+00
      16485     21.500     7.9232     7.9216    -0.0016    3.56268    3.56259          1     6.0229     6.0453      98.67     0.1098     0.3101  1.000e-12  0.2780000    34.4370    34.4376     0.0006    26.8430    26.8438     21.299     21.358      0.408    1481.84    1481.83  0.000e+00
      16515     22.000     7.9319     7.9323     0.0004    3.56435    3.56465          1     6.0277     6.0440      98.67     0.1395     0.3119  1.000e-12  0.2684000    34.4460    34.4489     0.0029    26.8488    26.8510     21.794     21.854      0.432    1481.89    1481.90  0.000e+00
      16540     22.500     7.9468     7.9462    -0.0005    3.56684    3.56690          1     6.0159     6.1785      98.66     0.1446     0.3006  1.000e-12  0.2401000    34.4579    34.4591     0.0012    26.8560    26.8570     22.290     22.350      0.529    1481.97    1481.97  0.000e+00
      16561     23.000     7.9649     7.9647    -0.0002    3.56950    3.56959          1     6.0152     6.1986      98.67     0.1266     0.2795  1.000e-12  0.2466000    34.4683    34.4695     0.0012    26.8615    26.8624     22.785     22.846      0.612    1482.06    1482.06  0.000e+00
      16580     23.500     7.9863     7.9849    -0.0013    3.57232    3.57231          1     6.0199     6.0387      98.66     0.1185     0.2770  1.000e-12  0.2553000    34.4773    34.4785     0.0011    26.8654    26.8665     23.280     23.342      0.642    1482.16    1482.16  0.000e+00
      16598     24.000     8.0085     8.0064    -0.0021    3.57535    3.57524          1     6.0082     5.9804      98.67     0.1181     0.3014  1.000e-12  0.2547000    34.4877    34.4885     0.0009    26.8702    26.8712     23.776     23.838      0.582    1482.27    1482.26  0.000e+00
      16624     24.500     8.0388     8.0350    -0.0038    3.57972    3.57950          1     5.9913     6.1985      98.67     0.1149     0.3441  1.000e-12  0.2494000    34.5043    34.5058     0.0014    26.8787    26.8804     24.271     24.334      0.342    1482.41    1482.40  0.000e+00
      16678     25.000     8.0693     8.0514    -0.0176    3.58404    3.58226          1     6.0145     5.8147      98.66     0.1092     0.2778  1.000e-12  0.2520000    34.5203    34.5189    -0.0014    26.8867    26.8883     24.766     24.830      0.406    1482.55    1482.48  0.000e+00
      16696     25.500     8.1237     8.1212    -0.0025    3.59146    3.59132          1     5.9722     6.3390      98.66     0.1266     0.3575  1.000e-12  0.2341000    34.5459    34.5468     0.0009    26.8987    26.8997     25.261     25.326      0.762    1482.80    1482.79  0.000e+00
      16709     26.000     8.1305     8.1309     0.0004    3.59276    3.59296          1     5.9674     5.8958      98.66     0.0876     0.3591  1.000e-12  0.2507000    34.5529    34.5546     0.0018    26.9031    26.9044     25.757     25.822      0.892    1482.84    1482.84  0.000e+00
      16722     26.500     8.1129     8.1135     0.0006    3.59090    3.59114          1     5.9737     5.9979      98.66     0.0781     0.3181  1.000e-12  0.2534000    34.5502    34.5521     0.0019    26.9036    26.9051     26.252     26.318      0.892    1482.78    1482.78  0.000e+00
      16736     27.000     8.0928     8.0923    -0.0005    3.58908    3.58918          1     5.9866     6.2800      98.66     0.0891     0.3177  1.000e-12  0.2527000    34.5502    34.5518     0.0016    26.9067    26.9080     26.747     26.813      0.763    1482.71    1482.71  0.000e+00
      16756     27.500     8.0918     8.0917    -0.0001    3.58909    3.58923          1     5.9973     5.8233      98.66     0.0968     0.3183  1.000e-12  0.2392000    34.5511    34.5527     0.0017    26.9075    26.9088     27.243     27.309      0.428    1482.72    1482.72  0.000e+00
      16825     28.000     8.0900     8.0795    -0.0105    3.58880    3.58698          1     5.9978     5.7157      98.65     0.1042     0.2852  1.000e-12  0.2291000    34.5494    34.5404    -0.0091    26.9065    26.9009     27.738     27.805      0.401    1482.72    1482.66  0.000e+00
      16845     28.500     8.0942     8.0931    -0.0010    3.58952    3.58958          1     5.9911     6.2151      98.65     0.1141     0.2762  1.000e-12  0.2395000    34.5529    34.5545     0.0016    26.9086    26.9100     28.233     28.301      0.735    1482.74    1482.74  0.000e+00
      16859     29.000     8.1069     8.1057    -0.0012    3.59156    3.59156          1     5.9911     5.9413      98.66     0.1062     0.2861  1.000e-12  0.2367000    34.5619    34.5630     0.0011    26.9137    26.9148     28.729     28.797      0.869    1482.81    1482.81  0.000e+00
