ctdpy/exports/archive_20191121_122431/received_data/SBE09_1044_20180416_2319_34_07_0010.cnv
* Sea-Bird SBE 9 Data File:
* FileName = C:\ctd\temp\2018\AU18D010.hex
* Software Version Seasave V 7.26.6.26
* Temperature SN = 5351
* Conductivity SN = 3941
* Number of Bytes Per Scan = 41
* Number of Voltage Words = 4
* Number of Scans Averaged by the Deck Unit = 1
* NMEA Latitude = 56 40.11 N
* NMEA Longitude = 012 06.68 E
* NMEA UTC (Time) = Apr 16 2018  23:19:22
* NMEA baud rate = 4800
** Station:  Anholt E
** Operator:  A-KTh
** Ship: AURA
** Average sound velocity: 1431.76 m/s
** True-depth calculation Tue, 17 Apr 2018 00:30:33 +0000
** CTD Python Module SMHI /ver 3-12/ feb 2012 
** LIMS Job: 20183407-0010
** Cruise: SMHI-01-2018
** Latitude [GG MM.mm N] :
** Longitude [GG MM.mm E]:
# nquan = 26
# nvalues = 120                         
# units = specified
# name 0 = scan: Scan Count
# name 1 = prDM: Pressure, Digiquartz [db]
# name 2 = t090C: Temperature [ITS-90, deg C]
# name 3 = t190C: Temperature, 2 [ITS-90, deg C]
# name 4 = T2-T190C: Temperature Difference, 2 - 1 [ITS-90, deg C]
# name 5 = c0S/m: Conductivity [S/m]
# name 6 = c1S/m: Conductivity, 2 [S/m]
# name 7 = pumps: Pump Status
# name 8 = sbeox0ML/L: Oxygen, SBE 43 [ml/l]
# name 9 = sbeox1ML/L: Oxygen, SBE 43, 2 [ml/l]
# name 10 = altM: Altimeter [m]
# name 11 = flECO-AFL: Chl-a Fluorescence, WET Labs ECO-AFL/FL [mg/m^3]
# name 12 = flECO-AFL1: Phycocyanin Fluorescence, WET Labs ECO-AFL/FL, 2 [mg/m^3]
# name 13 = par: PAR/Irradiance, Biospherical/Lico [µE/(cm^2*s)]
# name 14 = turbWETntu0: Turbidity, WET Labs ECO [NTU]
# name 15 = sal00: Salinity, Practical [PSU]
# name 16 = sal11: Salinity, Practical, 2 [PSU]
# name 17 = secS-priS: Salinity, Practical, Difference, 2 - 1 [PSU]
# name 18 = sigma-t00: Density [sigma-t, Kg/m^3 ]
# name 19 = sigma-t11: Density, 2 [sigma-t, Kg/m^3 ]
# name 20 = depSM: Depth [salt water, m], lat = 56.6685
# name 21 = depFM: Depth [true depth, m], lat = 56.6685
# name 22 = dz/dtM: Descent Rate [m/s], WS = 2
# name 23 = svCM: Sound Velocity [Chen-Millero, m/s]
# name 24 = svCM1: Sound Velocity, 2 [Chen-Millero, m/s]
# name 25 = flag: flag
# span 0 =       7693,      11082       
# span 1 =      0.500,     60.000       
# span 2 =     4.4588,     6.2447       
# span 3 =     4.4614,     6.2457       
# span 4 =    -0.0369,     0.1509       
# span 5 =   1.548967,   3.398742       
# span 6 =   1.536299,   3.398818       
# span 7 =          1,          1       
# span 8 =    5.49133,    8.53827       
# span 9 =    5.42747,    8.40574       
# span 10 =       1.72,      97.67      
# span 11 =     0.1707,    16.0613      
# span 12 =     0.1717,     1.8299      
# span 13 = 1.0000e-12, 3.3213e-01      
# span 14 =     0.2445,     1.4590      
# span 15 =    14.5886,    34.2933      
# span 16 =    14.4381,    34.2931      
# span 17 =    -0.1506,     0.1445      
# span 18 =    11.4613,    26.9629      
# span 19 =    11.3391,    26.9627      
# span 20 =      0.673,     59.442      
# span 21 =     -0.000,     59.695      
# span 22 =     -0.143,      0.568      
# span 23 =    1449.33,    1475.80      
# span 24 =    1449.35,    1475.80      
# span 25 = 0.0000e+00, 0.0000e+00      
# interval = decibars: 0.5              
# start_time = Apr 16 2018 23:19:22 [NMEA time, first data scan]
# bad_flag = -9.990e-29
*END*
[from data line 56]
       9588     28.500     6.0307     6.0311     0.0005    3.36100    3.36103          1     5.7108     5.6296      34.75     0.1759     0.2073  1.000e-12  0.5389000    34.1008    34.1006    -0.0002    26.8382    26.8380     28.237     28.452      0.554    1474.20    1474.20  0.000e+00
       9610     29.000     6.0363     6.0369     0.0007    3.36204    3.36204          1     5.7103     5.6365      34.31     0.1865     0.1717  1.000e-12  0.5447000    34.1066    34.1060    -0.0007    26.8421    26.8415     28.732     28.948      0.547    1474.24    1474.24  0.000e+00
       9632     29.500     6.0432     6.0445     0.0013    3.36324    3.36333          1     5.7163     5.6486      34.09     0.2224     0.2060  1.000e-12  0.6096000    34.1129    34.1126    -0.0003    26.8462    26.8458     29.228     29.444      0.538    1474.28    1474.28  0.000e+00
       9654     30.000     6.0570     6.0577     0.0007    3.36540    3.36545          1     5.7240     5.6582      68.99     0.1862     0.2208  1.000e-12  0.5895000    34.1231    34.1229    -0.0002    26.8525    26.8523     29.723     29.940      0.533    1474.35    1474.36  0.000e+00
       9677     30.500     6.0621     6.0627     0.0006    3.36641    3.36646          1     5.7271     5.6581      32.18     0.1707     0.2129  1.000e-12  0.5485000    34.1291    34.1290    -0.0002    26.8566    26.8564     30.218     30.436      0.537    1474.39    1474.39  0.000e+00
       9699     31.000     6.0702     6.0707     0.0006    3.36782    3.36785          1     5.7279     5.6469      32.43     0.2064     0.2350  1.000e-12  0.5523000    34.1366    34.1363    -0.0003    26.8615    26.8612     30.714     30.932      0.548    1474.44    1474.44  0.000e+00
       9720     31.500     6.0795     6.0797     0.0002    3.36964    3.36958          1     5.7250     5.6348      31.97     0.2120     0.2636  1.000e-12  0.5776000    34.1473    34.1465    -0.0008    26.8688    26.8682     31.209     31.428      0.559    1474.50    1474.50  0.000e+00
       9742     32.000     6.0883     6.0886     0.0003    3.37150    3.37149          1     5.7123     5.6207      31.45     0.2114     0.2472  1.000e-12  0.5876000    34.1592    34.1588    -0.0004    26.8771    26.8767     31.705     31.924      0.562    1474.56    1474.56  0.000e+00
       9763     32.500     6.1037     6.1040     0.0003    3.37449    3.37450          1     5.6872     5.5966      30.98     0.2329     0.2457  1.000e-12  0.6620000    34.1770    34.1769    -0.0001    26.8892    26.8890     32.200     32.420      0.550    1474.65    1474.65  0.000e+00
       9785     33.000     6.1272     6.1275     0.0003    3.37881    3.37880          1     5.6533     5.5706      30.36     0.1849     0.2517  1.000e-12  0.6651000    34.2016    34.2011    -0.0004    26.9056    26.9052     32.695     32.916      0.535    1474.78    1474.78  0.000e+00
       9808     33.500     6.1418     6.1423     0.0005    3.38142    3.38144          1     5.6191     5.5394      66.64     0.1742     0.2542  1.000e-12  0.7403000    34.2159    34.2157    -0.0003    26.9151    26.9148     33.191     33.412      0.528    1474.87    1474.87  0.000e+00
       9831     34.000     6.1459     6.1467     0.0008    3.38216    3.38221          1     5.5984     5.5154      29.37     0.2228     0.2435  1.000e-12  0.8307000    34.2199    34.2196    -0.0003    26.9177    26.9173     33.686     33.907      0.535    1474.89    1474.90  0.000e+00
       9853     34.500     6.1480     6.1489     0.0009    3.38258    3.38265          1     5.6001     5.5096      63.23     0.2516     0.2926  1.000e-12  0.8611000    34.2222    34.2220    -0.0001    26.9192    26.9190     34.181     34.403      0.547    1474.91    1474.92  0.000e+00
       9875     35.000     6.1516     6.1524     0.0009    3.38321    3.38326          1     5.5978     5.5099      33.75     0.2009     0.2248  1.000e-12  0.8541000    34.2254    34.2252    -0.0002    26.9213    26.9210     34.677     34.899      0.558    1474.94    1474.94  0.000e+00
       9896     35.500     6.1522     6.1530     0.0008    3.38332    3.38336          1     5.5958     5.5123      27.94     0.1893     0.2099  1.000e-12  0.9149000    34.2257    34.2255    -0.0003    26.9215    26.9212     35.172     35.395      0.563    1474.95    1474.95  0.000e+00
       9917     36.000     6.1530     6.1539     0.0008    3.38345    3.38349          1     5.5961     5.5211      27.48     0.1892     0.2279  1.000e-12  0.9312000    34.2262    34.2258    -0.0003    26.9217    26.9213     35.667     35.891      0.553    1474.96    1474.97  0.000e+00
       9939     36.500     6.1538     6.1546     0.0008    3.38359    3.38363          1     5.5984     5.5258      26.90     0.2347     0.2568  1.000e-12  0.9267000    34.2267    34.2264    -0.0003    26.9220    26.9217     36.163     36.387      0.536    1474.98    1474.98  0.000e+00
       9962     37.000     6.1545     6.1554     0.0009    3.38372    3.38379          1     5.5934     5.5168      26.40     0.2123     0.2626  1.000e-12  0.9402000    34.2273    34.2271    -0.0002    26.9224    26.9221     36.658     36.883      0.527    1474.99    1474.99  0.000e+00
       9985     37.500     6.1555     6.1561     0.0007    3.38393    3.38395          1     5.5895     5.5104      25.91     0.2067     0.2102  1.000e-12  0.9530000    34.2283    34.2279    -0.0004    26.9230    26.9227     37.153     37.379      0.535    1475.00    1475.00  0.000e+00
      10007     38.000     6.1569     6.1577     0.0007    3.38426    3.38429          1     5.5850     5.5066      25.44     0.2234     0.2637  1.000e-12  0.9978000    34.2304    34.2299    -0.0005    26.9245    26.9240     37.649     37.875      0.544    1475.02    1475.02  0.000e+00
      10029     38.500     6.1578     6.1586     0.0008    3.38440    3.38446          1     5.5803     5.5010      24.98     0.2219     0.2343  1.000e-12  1.0804000    34.2308    34.2307    -0.0001    26.9248    26.9246     38.144     38.371      0.553    1475.03    1475.03  0.000e+00
      10051     39.000     6.1583     6.1592     0.0008    3.38454    3.38458          1     5.5774     5.5083      24.44     0.2119     0.2158  1.000e-12  1.1338000    34.2315    34.2312    -0.0004    26.9253    26.9249     38.639     38.867      0.559    1475.04    1475.04  0.000e+00
      10072     39.500     6.1591     6.1598     0.0007    3.38469    3.38473          1     5.5766     5.5116      24.01     0.2068     0.2551  1.000e-12  1.0253000    34.2322    34.2319    -0.0003    26.9257    26.9253     39.135     39.363      0.558    1475.05    1475.05  0.000e+00
      10094     40.000     6.1672     6.1675     0.0004    3.38623    3.38621          1     5.5737     5.4961      23.69     0.2070     0.3041  1.000e-12  1.0386000    34.2411    34.2406    -0.0005    26.9317    26.9312     39.630     39.858      0.540    1475.10    1475.10  0.000e+00
      10117     40.500     6.1708     6.1716     0.0008    3.38694    3.38700          1     5.5621     5.4805      23.02     0.1936     0.2435  1.000e-12  1.0744000    34.2452    34.2450    -0.0001    26.9344    26.9342     40.125     40.354      0.515    1475.13    1475.13  0.000e+00
      10140     41.000     6.1711     6.1721     0.0010    3.38705    3.38712          1     5.5551     5.4797      22.45     0.2035     0.2300  1.000e-12  1.0902000    34.2458    34.2456    -0.0002    26.9349    26.9346     40.621     40.850      0.515    1475.14    1475.14  0.000e+00
      10163     41.500     6.1741     6.1743     0.0001    3.38759    3.38751          1     5.5573     5.4832      21.93     0.1960     0.2462  1.000e-12  1.0887000    34.2486    34.2476    -0.0010    26.9367    26.9359     41.116     41.346      0.533    1475.17    1475.16  0.000e+00
      10185     42.000     6.1763     6.1770     0.0008    3.38798    3.38801          1     5.5537     5.4793      21.40     0.2129     0.2333  1.000e-12  1.0921000    34.2506    34.2501    -0.0004    26.9380    26.9375     41.611     41.842      0.545    1475.18    1475.19  0.000e+00
      10207     42.500     6.1766     6.1775     0.0009    3.38807    3.38812          1     5.5510     5.4758      20.90     0.2634     0.2250  1.000e-12  1.0969000    34.2509    34.2506    -0.0003    26.9382    26.9379     42.107     42.338      0.550    1475.19    1475.20  0.000e+00
      10229     43.000     6.1772     6.1779     0.0007    3.38819    3.38822          1     5.5547     5.4776      20.42     0.2133     0.2332  1.000e-12  1.1139000    34.2514    34.2510    -0.0004    26.9386    26.9381     42.602     42.834      0.541    1475.21    1475.21  0.000e+00
      10252     43.500     6.1779     6.1784     0.0006    3.38835    3.38835          1     5.5603     5.4840      19.95     0.2235     0.2258  1.000e-12  1.2657000    34.2523    34.2518    -0.0005    26.9392    26.9387     43.097     43.330      0.519    1475.22    1475.22  0.000e+00
      10275     44.000     6.1782     6.1791     0.0009    3.38844    3.38850          1     5.5585     5.4849      19.40     0.2468     0.1965  1.000e-12  1.1340000    34.2527    34.2525    -0.0002    26.9395    26.9391     43.592     43.826      0.505    1475.23    1475.23  0.000e+00
      10299     44.500     6.1803     6.1808     0.0005    3.38881    3.38882          1     5.5560     5.4796      18.91     0.2112     0.2690  1.000e-12  1.1201000    34.2545    34.2541    -0.0004    26.9406    26.9402     44.088     44.322      0.520    1475.25    1475.25  0.000e+00
      10321     45.000     6.1819     6.1829     0.0010    3.38910    3.38919          1     5.5530     5.4815      18.44     0.2362     0.2476  1.000e-12  1.1191000    34.2559    34.2559     0.0000    26.9415    26.9414     44.583     44.818      0.542    1475.26    1475.27  0.000e+00
      10343     45.500     6.1855     6.1864     0.0009    3.38971    3.38980          1     5.5437     5.4771      17.93     0.2277     0.2611  1.000e-12  1.1510000    34.2589    34.2590     0.0001    26.9434    26.9433     45.078     45.313      0.548    1475.29    1475.29  0.000e+00
      10365     46.000     6.1888     6.1890     0.0002    3.39029    3.39022          1     5.5420     5.4687      17.42     0.2365     0.2257  1.000e-12  1.1466000    34.2618    34.2608    -0.0010    26.9453    26.9445     45.574     45.809      0.530    1475.31    1475.31  0.000e+00
      10388     46.500     6.1895     6.1899     0.0005    3.39043    3.39042          1     5.5476     5.4685      16.92     0.2531     0.2199  1.000e-12  1.0950000    34.2625    34.2619    -0.0006    26.9457    26.9452     46.069     46.305      0.509    1475.32    1475.33  0.000e+00
      10412     47.000     6.1903     6.1909     0.0005    3.39062    3.39063          1     5.5461     5.4685      16.45     0.2111     0.2380  1.000e-12  1.0801000    34.2634    34.2630    -0.0004    26.9463    26.9459     46.564     46.801      0.503    1475.34    1475.34  0.000e+00
      10436     47.500     6.1932     6.1946     0.0014    3.39110    3.39124          1     5.5402     5.4603      15.89     0.2214     0.2330  1.000e-12  1.1188000    34.2657    34.2659     0.0002    26.9478    26.9478     47.060     47.297      0.508    1475.36    1475.37  0.000e+00
      10460     48.000     6.1960     6.1968     0.0007    3.39154    3.39157          1     5.5431     5.4590      15.39     0.2814     0.2044  1.000e-12  1.1329000    34.2675    34.2671    -0.0004    26.9488    26.9484     47.555     47.793      0.527    1475.38    1475.38  0.000e+00
      10482     48.500     6.1995     6.2008     0.0014    3.39207    3.39219          1     5.5439     5.4594      14.90     0.2230     0.1923  1.000e-12  1.4590000    34.2697    34.2697     0.0001    26.9501    26.9500     48.050     48.289      0.541    1475.41    1475.41  0.000e+00
      10504     49.000     6.2037     6.2053     0.0016    3.39266    3.39281          1     5.5362     5.4671      14.39     0.2050     0.2466  1.000e-12  1.2719000    34.2718    34.2720     0.0002    26.9512    26.9512     48.546     48.785      0.532    1475.43    1475.44  0.000e+00
      10527     49.500     6.2054     6.2071     0.0017    3.39292    3.39307          1     5.5275     5.4692      13.91     0.2490     0.1980  1.000e-12  1.1519000    34.2728    34.2728    -0.0000    26.9518    26.9516     49.041     49.281      0.512    1475.45    1475.46  0.000e+00
      10551     50.000     6.2072     6.2082     0.0010    3.39320    3.39329          1     5.5332     5.4663      13.42     0.2439     0.2240  1.000e-12  1.1251000    34.2738    34.2738     0.0000    26.9524    26.9522     49.536     49.777      0.502    1475.47    1475.47  0.000e+00
      10574     50.500     6.2078     6.2088     0.0010    3.39332    3.39339          1     5.5321     5.4593      12.92     0.2514     0.2152  1.000e-12  1.1178000    34.2743    34.2742    -0.0001    26.9527    26.9524     50.032     50.272      0.525    1475.48    1475.48  0.000e+00
      10597     51.000     6.2083     6.2091     0.0009    3.39340    3.39347          1     5.5277     5.4517      12.43     0.2486     0.2193  1.000e-12  1.1126000    34.2745    34.2744    -0.0002    26.9528    26.9525     50.527     50.768      0.554    1475.49    1475.49  0.000e+00
      10618     51.500     6.2090     6.2098     0.0008    3.39352    3.39356          1     5.5262     5.4521      11.93     0.2291     0.2216  1.000e-12  1.1125000    34.2749    34.2745    -0.0004    26.9530    26.9526     51.022     51.264      0.563    1475.50    1475.50  0.000e+00
      10639     52.000     6.2110     6.2121     0.0011    3.39381    3.39389          1     5.5228     5.4537      11.39     0.2154     0.1928  1.000e-12  1.1207000    34.2759    34.2756    -0.0002    26.9535    26.9532     51.517     51.760      0.545    1475.52    1475.52  0.000e+00
      10662     52.500     6.2156     6.2167     0.0011    3.39443    3.39451          1     5.5195     5.4571      10.90     0.2259     0.2065  1.000e-12  1.1716000    34.2778    34.2776    -0.0002    26.9544    26.9541     52.013     52.256      0.513    1475.55    1475.55  0.000e+00
      10686     53.000     6.2190     6.2212     0.0022    3.39490    3.39514          1     5.5185     5.4544      10.43     0.3707     0.2980  1.000e-12  1.3138000    34.2794    34.2800     0.0005    26.9553    26.9554     52.508     52.752      0.496    1475.57    1475.58  0.000e+00
      10710     53.500     6.2260     6.2278     0.0018    3.39585    3.39603          1     5.5237     5.4444       9.91     0.2500     0.2328  1.000e-12  1.1473000    34.2827    34.2829     0.0002    26.9570    26.9569     53.003     53.248      0.517    1475.61    1475.62  0.000e+00
      10733     54.000     6.2334     6.2342     0.0008    3.39683    3.39685          1     5.5271     5.4420       9.40     0.3859     0.2111  1.000e-12  1.3770000    34.2861    34.2856    -0.0005    26.9587    26.9582     53.499     53.744      0.553    1475.65    1475.65  0.000e+00
      10754     54.500     6.2371     6.2379     0.0008    3.39732    3.39738          1     5.5278     5.4509       8.87     0.3063     0.2353  1.000e-12  1.2018000    34.2876    34.2875    -0.0001    26.9594    26.9592     53.994     54.240      0.568    1475.68    1475.68  0.000e+00
      10775     55.000     6.2379     6.2389     0.0011    3.39745    3.39753          1     5.5260     5.4614       7.32     0.2548     0.2565  1.000e-12  1.0934000    34.2880    34.2879    -0.0002    26.9597    26.9594     54.489     54.736      0.550    1475.69    1475.69  0.000e+00
      10798     55.500     6.2383     6.2393     0.0010    3.39756    3.39762          1     5.5246     5.4644       6.48     0.2654     0.2326  1.000e-12  1.0790000    34.2885    34.2882    -0.0003    26.9600    26.9596     54.984     55.231      0.503    1475.70    1475.70  0.000e+00
