ctdpy/exports/archive_20191121_122431/received_data/SBE09_0827_20180129_0608_26_01_0251.cnv
* Sea-Bird SBE 9 Data File:
* FileName = D:\CTD_SBE911\DAT\26DA.2018.1.151.hex
* Software Version Seasave V 7.21d
* Temperature SN = 034757
* Conductivity SN = 041844
* Number of Bytes Per Scan = 48
* Number of Voltage Words = 5
* Number of Scans Averaged by the Deck Unit = 1
* NMEA Latitude = 57 54.44 N
* NMEA Longitude = 011 10.70 E
* NMEA UTC (Time) = Jan 29 2018  06:08:18
* NMEA baud rate = 4800
** Ship: DANA
** Average sound velocity: 1473.24 m/s
** True-depth calculation Thu, 28 Mar 2019 08:33:38 +0000
** CTD Python Module SMHI /ver 3-12/ feb 2012 
** LIMS Job: 20182601-0251
** 13 Marstrand
** Operator: Ronny Sørensen
** Cruise: 01/2018
# nquan = 26
# nvalues = 129                         
# units = specified
# name 0 = scan: Scan Count
# name 1 = prDM: Pressure, Digiquartz [db]
# name 2 = t090C: Temperature [ITS-90, deg C]
# name 3 = t190C: Temperature, 2 [ITS-90, deg C]
# name 4 = T2-T190C: Temperature Difference, 2 - 1 [ITS-90, deg C]
# name 5 = c0S/m: Conductivity [S/m]
# name 6 = c1S/m: Conductivity, 2 [S/m]
# name 7 = pumps: Pump Status
# name 8 = sbeox1ML/L: Oxygen, SBE 43, 2 [ml/l]
# name 9 = sbeox0ML/L: Oxygen, SBE 43 [ml/l]
# name 10 = altM: Altimeter [m]
# name 11 = chloroflTC0: Chlorophyll, Turner Cyclops [ug/l]
# name 12 = cpar: CPAR/Corrected Irradiance [%]
# name 13 = par: PAR/Irradiance, Biospherical/Lico [µE/(cm^2*s)]
# name 14 = spar: SPAR, Biospherical/Licor
# name 15 = sal00: Salinity, Practical [PSU]
# name 16 = sal11: Salinity, Practical, 2 [PSU]
# name 17 = secS-priS: Salinity, Practical, Difference, 2 - 1 [PSU]
# name 18 = sigma-t00: Density [sigma-t, kg/m^3 ]
# name 19 = sigma-t11: Density, 2 [sigma-t, kg/m^3 ]
# name 20 = depSM: Depth [salt water, m], lat = 57.9073
# name 21 = depFM: Depth [true depth, m], lat = 57.9073
# name 22 = dz/dtM: Descent Rate [m/s], WS = 2
# name 23 = svCM: Sound Velocity [Chen-Millero, m/s]
# name 24 = svCM1: Sound Velocity, 2 [Chen-Millero, m/s]
# name 25 = flag: flag
# span 0 =        -30,       7641       
# span 1 =      2.000,     66.000       
# span 2 =     5.8834,     5.9549       
# span 3 =     5.8813,     5.9545       
# span 4 =    -0.0088,     0.0083       
# span 5 =   3.307983,   3.310611       
# span 6 =   3.306919,   3.309924       
# span 7 =          1,          1       
# span 8 =     6.2490,     6.3760       
# span 9 =     6.4271,     6.4615       
# span 10 =       1.85,       9.95      
# span 11 =     0.0225,     0.5551      
# span 12 = -3.761e-02, 5.2066e+01      
# span 13 = 1.0000e-12, 1.0000e-12      
# span 14 = 2.0297e+00, 2.0308e+00      
# span 15 =    33.5968,    33.6482      
# span 16 =    33.5860,    33.6424      
# span 17 =    -0.0132,    -0.0005      
# span 18 =    26.4500,    26.4989      
# span 19 =    26.4417,    26.4945      
# span 20 =      1.982,     65.378      
# span 21 =      1.985,     65.489      
# span 22 =     -0.078,      0.696      
# span 23 =    1472.81,    1473.64      
# span 24 =    1472.79,    1473.63      
# span 25 = 0.0000e+00, 0.0000e+00      
# interval = decibars: 0.5              
# start_time = Jan 29 2018 06:08:18 [NMEA time, first data scan]
# bad_flag = -9.990e-29
*END*
        -30      2.000     5.9510     5.9497    -0.0013    3.30798    3.30692          1     6.3340     6.4461       9.95     0.0225  5.207e+01  1.000e-12  2.030e+00    33.5968    33.5860    -0.0108    26.4500    26.4417      1.982      1.985      0.033    1472.81    1472.79  0.000e+00
        258      2.500     5.9517     5.9537     0.0020    3.30841    3.30855          1     6.3256     6.4532       9.95     0.0249  3.265e+00  1.000e-12  2.031e+00    33.6007    33.6002    -0.0005    26.4530    26.4523      2.477      2.481      0.386    1472.83    1472.83  0.000e+00
        369      3.000     5.9520     5.9534     0.0014    3.30864    3.30867          1     6.2887     6.4522       9.95     0.0249  3.914e-11  1.000e-12  2.031e+00    33.6027    33.6016    -0.0011    26.4545    26.4534      2.972      2.977      0.291    1472.84    1472.84  0.000e+00
        427      3.500     5.9549     5.9528    -0.0021    3.30962    3.30846          1     6.2910     6.4560       9.95     0.0260  4.924e-11  1.000e-12  2.031e+00    33.6105    33.5996    -0.0109    26.4603    26.4520      3.468      3.473      0.321    1472.87    1472.85  0.000e+00
        497      4.000     5.9549     5.9545    -0.0004    3.30970    3.30915          1     6.2806     6.4512       9.95     0.0272  4.924e-11  1.000e-12  2.031e+00    33.6112    33.6054    -0.0058    26.4609    26.4563      3.963      3.969      0.283    1472.88    1472.87  0.000e+00
        536      4.500     5.9537     5.9530    -0.0007    3.30940    3.30902          1     6.3131     6.4585       9.95     0.0283  4.924e-11  1.000e-12  2.031e+00    33.6088    33.6053    -0.0035    26.4591    26.4564      4.458      4.465      0.376    1472.88    1472.87  0.000e+00
        573      5.000     5.9531     5.9525    -0.0006    3.30926    3.30874          1     6.3247     6.4553       9.95     0.0283  4.924e-11  1.000e-12  2.031e+00    33.6075    33.6023    -0.0052    26.4582    26.4541      4.954      4.961      0.283    1472.88    1472.87  0.000e+00
        616      5.500     5.9535     5.9530    -0.0005    3.30931    3.30886          1     6.3207     6.4471       9.95     0.0261  4.924e-11  1.000e-12  2.031e+00    33.6075    33.6030    -0.0046    26.4582    26.4546      5.449      5.458      0.288    1472.89    1472.88  0.000e+00
        700      6.000     5.9539     5.9525    -0.0014    3.30935    3.30863          1     6.3297     6.4517       9.95     0.0267  4.924e-11  1.000e-12  2.031e+00    33.6073    33.6006    -0.0068    26.4579    26.4528      5.944      5.954      0.241    1472.90    1472.89  0.000e+00
        757      6.500     5.9540     5.9526    -0.0013    3.30940    3.30864          1     6.3308     6.4529       9.95     0.0269  4.924e-11  1.000e-12  2.031e+00    33.6075    33.6003    -0.0073    26.4581    26.4525      6.440      6.450      0.398    1472.91    1472.89  0.000e+00
        784      7.000     5.9541     5.9528    -0.0014    3.30946    3.30874          1     6.3116     6.4445       9.95     0.0269  4.924e-11  1.000e-12  2.031e+00    33.6077    33.6010    -0.0067    26.4582    26.4531      6.935      6.946      0.411    1472.92    1472.90  0.000e+00
        817      7.500     5.9545     5.9528    -0.0017    3.30999    3.30877          1     6.2927     6.4520       9.95     0.0268  4.924e-11  1.000e-12  2.031e+00    33.6132    33.6011    -0.0120    26.4625    26.4532      7.430      7.442      0.310    1472.93    1472.91  0.000e+00
        890      8.000     5.9534     5.9529    -0.0005    3.30951    3.30892          1     6.2981     6.4553       9.95     0.0287  4.924e-11  1.000e-12  2.031e+00    33.6086    33.6024    -0.0062    26.4590    26.4542      7.926      7.938      0.212    1472.93    1472.92  0.000e+00
        966      8.500     5.9544     5.9532    -0.0012    3.30970    3.30902          1     6.3136     6.4486       9.95     0.0289  4.924e-11  1.000e-12  2.031e+00    33.6094    33.6029    -0.0065    26.4595    26.4545      8.421      8.434      0.416    1472.95    1472.93  0.000e+00
        989      9.000     5.9542     5.9532    -0.0010    3.30960    3.30898          1     6.3292     6.4528       9.95     0.0272  4.924e-11  1.000e-12  2.031e+00    33.6083    33.6024    -0.0059    26.4586    26.4541      8.916      8.931      0.483    1472.95    1472.94  0.000e+00
       1017      9.500     5.9544     5.9531    -0.0013    3.30973    3.30904          1     6.3286     6.4475       9.95     0.0269  4.924e-11  1.000e-12  2.031e+00    33.6093    33.6028    -0.0065    26.4594    26.4544      9.412      9.427      0.345    1472.96    1472.95  0.000e+00
       1076     10.000     5.9540     5.9531    -0.0009    3.30968    3.30908          1     6.3455     6.4521       9.95     0.0271  4.924e-11  1.000e-12  2.031e+00    33.6089    33.6030    -0.0059    26.4592    26.4546      9.907      9.923      0.166    1472.97    1472.96  0.000e+00
       1172     10.500     5.9531     5.9526    -0.0006    3.30981    3.30907          1     6.3541     6.4485       9.95     0.0291  4.924e-11  1.000e-12  2.031e+00    33.6110    33.6031    -0.0078    26.4609    26.4548     10.402     10.419      0.256    1472.98    1472.96  0.000e+00
       1215     11.000     5.9532     5.9519    -0.0013    3.30981    3.30908          1     6.3265     6.4482       9.95     0.0293  4.924e-11  1.000e-12  2.031e+00    33.6106    33.6037    -0.0069    26.4606    26.4553     10.898     10.915      0.462    1472.98    1472.97  0.000e+00
       1238     11.500     5.9528     5.9519    -0.0010    3.30996    3.30920          1     6.2947     6.4468       9.95     0.0297  4.924e-11  1.000e-12  2.031e+00    33.6124    33.6048    -0.0076    26.4621    26.4562     11.393     11.411      0.527    1472.99    1472.98  0.000e+00
       1262     12.000     5.9538     5.9524    -0.0014    3.30980    3.30925          1     6.3089     6.4458       9.95     0.0295  4.924e-11  1.000e-12  2.031e+00    33.6095    33.6046    -0.0049    26.4596    26.4560     11.889     11.907      0.434    1473.00    1472.99  0.000e+00
       1337     12.500     5.9540     5.9528    -0.0012    3.30985    3.30924          1     6.3162     6.4534       9.95     0.0283  4.924e-11  1.000e-12  2.031e+00    33.6095    33.6038    -0.0057    26.4596    26.4553     12.384     12.404      0.236    1473.01    1473.00  0.000e+00
       1414     13.000     5.9532     5.9531    -0.0001    3.30997    3.30925          1     6.3355     6.4486       9.95     0.0294  4.924e-11  1.000e-12  2.031e+00    33.6113    33.6035    -0.0079    26.4612    26.4550     12.879     12.900      0.252    1473.02    1473.01  0.000e+00
       1465     13.500     5.9511     5.9521     0.0010    3.31031    3.30933          1     6.3325     6.4483       9.95     0.0292  4.924e-11  1.000e-12  2.031e+00    33.6171    33.6051    -0.0120    26.4660    26.4564     13.375     13.396      0.267    1473.02    1473.01  0.000e+00
       1500     14.000     5.9492     5.9482    -0.0011    3.31038    3.30962          1     6.3168     6.4513       9.95     0.0293  4.924e-11  1.000e-12  2.031e+00    33.6195    33.6120    -0.0076    26.4682    26.4623     13.870     13.892      0.431    1473.03    1473.01  0.000e+00
       1526     14.500     5.9487     5.9472    -0.0015    3.31019    3.30970          1     6.3527     6.4449       9.95     0.0311  4.924e-11  1.000e-12  2.031e+00    33.6176    33.6135    -0.0040    26.4667    26.4637     14.365     14.388      0.441    1473.03    1473.02  0.000e+00
       1583     15.000     5.9504     5.9490    -0.0014    3.31018    3.30961          1     6.3493     6.4467       9.95     0.0315  4.924e-11  1.000e-12  2.031e+00    33.6155    33.6106    -0.0050    26.4649    26.4611     14.861     14.884      0.271    1473.04    1473.03  0.000e+00
       1673     15.500     5.9502     5.9475    -0.0027    3.31018    3.30972          1     6.3440     6.4485       9.95     0.0350  4.924e-11  1.000e-12  2.031e+00    33.6155    33.6130    -0.0025    26.4648    26.4632     15.356     15.380      0.327    1473.05    1473.04  0.000e+00
       1711     16.000     5.9450     5.9486     0.0035    3.31055    3.30969          1     6.3537     6.4446       9.95     0.0359  4.924e-11  1.000e-12  2.031e+00    33.6246    33.6114    -0.0132    26.4726    26.4618     15.851     15.877      0.285    1473.05    1473.05  0.000e+00
       1753     16.500     5.9444     5.9449     0.0005    3.31061    3.30987          1     6.3345     6.4528       9.95     0.0367  4.924e-11  1.000e-12  2.031e+00    33.6256    33.6169    -0.0088    26.4736    26.4666     16.347     16.373      0.343    1473.06    1473.05  0.000e+00
       1783     17.000     5.9481     5.9472    -0.0009    3.31047    3.30992          1     6.3286     6.4462       9.95     0.0432  4.924e-11  1.000e-12  2.031e+00    33.6201    33.6149    -0.0052    26.4687    26.4647     16.842     16.869      0.374    1473.07    1473.06  0.000e+00
       1854     17.500     5.9487     5.9471    -0.0016    3.31048    3.30986          1     6.3470     6.4418       9.95     0.0388  4.924e-11  1.000e-12  2.031e+00    33.6193    33.6140    -0.0053    26.4681    26.4641     17.337     17.365      0.232    1473.08    1473.07  0.000e+00
       1922     18.000     5.9502     5.9478    -0.0025    3.31045    3.30991          1     6.3174     6.4517       9.95     0.0379  4.924e-11  1.000e-12  2.031e+00    33.6173    33.6136    -0.0037    26.4663    26.4636     17.833     17.861      0.352    1473.09    1473.08  0.000e+00
       1953     18.500     5.9496     5.9500     0.0003    3.31053    3.30980          1     6.2926     6.4498       9.95     0.0366  4.924e-11  1.000e-12  2.031e+00    33.6185    33.6099    -0.0085    26.4673    26.4605     18.328     18.357      0.348    1473.10    1473.09  0.000e+00
       1990     19.000     5.9506     5.9497    -0.0009    3.31044    3.30983          1     6.3085     6.4509       9.95     0.0373  4.924e-11  1.000e-12  2.031e+00    33.6163    33.6102    -0.0061    26.4654    26.4607     18.823     18.853      0.320    1473.11    1473.10  0.000e+00
       2027     19.500     5.9506     5.9498    -0.0008    3.31044    3.30983          1     6.3176     6.4561       9.95     0.0330  4.924e-11  1.000e-12  2.031e+00    33.6160    33.6099    -0.0061    26.4652    26.4605     19.319     19.349      0.289    1473.12    1473.11  0.000e+00
       2111     20.000     5.9511     5.9500    -0.0011    3.31040    3.30975          1     6.3622     6.4479       9.95     0.0321  4.924e-11  1.000e-12  2.031e+00    33.6148    33.6085    -0.0062    26.4642    26.4594     19.814     19.846      0.245    1473.13    1473.12  0.000e+00
       2157     20.500     5.9503     5.9500    -0.0003    3.31042    3.30972          1     6.3240     6.4501       9.95     0.0313  4.924e-11  1.000e-12  2.031e+00    33.6156    33.6080    -0.0076    26.4649    26.4590     20.309     20.342      0.375    1473.13    1473.12  0.000e+00
       2186     21.000     5.9515     5.9509    -0.0006    3.31033    3.30968          1     6.3138     6.4533       9.95     0.0319  4.924e-11  1.000e-12  2.031e+00    33.6131    33.6064    -0.0067    26.4628    26.4576     20.804     20.838      0.429    1473.14    1473.13  0.000e+00
       2214     21.500     5.9509     5.9482    -0.0027    3.31042    3.30988          1     6.3395     6.4560       9.95     0.0338  4.924e-11  1.000e-12  2.031e+00    33.6145    33.6111    -0.0033    26.4640    26.4617     21.300     21.334      0.405    1473.15    1473.14  0.000e+00
       2268     22.000     5.9493     5.9488    -0.0005    3.31033    3.30992          1     6.3533     6.4515       9.95     0.0334  4.924e-11  1.000e-12  2.031e+00    33.6148    33.6107    -0.0041    26.4644    26.4612     21.795     21.830      0.242    1473.16    1473.15  0.000e+00
       2357     22.500     5.9363     5.9402     0.0039    3.30983    3.30946          1     6.3465     6.4431       9.95     0.0331  4.924e-11  1.000e-12  2.031e+00    33.6219    33.6138    -0.0081    26.4716    26.4648     22.290     22.326      0.371    1473.12    1473.12  0.000e+00
       2382     23.000     5.9297     5.9279    -0.0018    3.30964    3.30911          1     6.3477     6.4470       9.95     0.0338  4.924e-11  1.000e-12  2.031e+00    33.6260    33.6219    -0.0041    26.4757    26.4727     22.786     22.822      0.437    1473.11    1473.09  0.000e+00
       2414     23.500     5.9281     5.9261    -0.0020    3.30949    3.30898          1     6.3476     6.4447       9.95     0.0371  4.924e-11  1.000e-12  2.031e+00    33.6258    33.6219    -0.0038    26.4757    26.4729     23.281     23.319      0.316    1473.11    1473.10  0.000e+00
       2472     24.000     5.9215     5.9250     0.0034    3.30897    3.30889          1     6.3520     6.4453       9.95     0.0490  4.924e-11  1.000e-12  2.031e+00    33.6261    33.6218    -0.0043    26.4768    26.4730     23.776     23.815      0.224    1473.09    1473.10  0.000e+00
       2519     24.500     5.9164     5.9191     0.0027    3.30847    3.30838          1     6.3471     6.4438       9.95     0.0555  4.924e-11  1.000e-12  2.031e+00    33.6254    33.6216    -0.0038    26.4768    26.4735     24.272     24.311      0.303    1473.08    1473.08  0.000e+00
       2561     25.000     5.9168     5.9162    -0.0006    3.30864    3.30807          1     6.3036     6.4389       9.95     0.0568  4.924e-11  1.000e-12  2.031e+00    33.6266    33.6208    -0.0058    26.4778    26.4733     24.767     24.807      0.221    1473.09    1473.08  0.000e+00
       2636     25.500     5.9186     5.9181    -0.0005    3.30893    3.30830          1     6.3382     6.4521       9.95     0.0657  4.924e-11  1.000e-12  2.031e+00    33.6278    33.6212    -0.0066    26.4785    26.4733     25.262     25.303      0.285    1473.10    1473.09  0.000e+00
       2669     26.000     5.9200     5.9195    -0.0004    3.30906    3.30849          1     6.2959     6.4447       9.95     0.0624  4.924e-11  1.000e-12  2.031e+00    33.6277    33.6217    -0.0060    26.4783    26.4736     25.758     25.799      0.452    1473.12    1473.11  0.000e+00
       2696     26.500     5.9195     5.9188    -0.0007    3.30906    3.30852          1     6.3016     6.4461       9.95     0.0619  4.924e-11  1.000e-12  2.031e+00    33.6279    33.6225    -0.0054    26.4785    26.4743     26.253     26.295      0.356    1473.12    1473.11  0.000e+00
       2763     27.000     5.9188     5.9183    -0.0005    3.30904    3.30851          1     6.2847     6.4460       9.95     0.0680  4.924e-11  1.000e-12  2.031e+00    33.6281    33.6226    -0.0055    26.4787    26.4744     26.748     26.792      0.271    1473.13    1473.12  0.000e+00
       2801     27.500     5.9200     5.9183    -0.0017    3.30915    3.30856          1     6.3188     6.4507       9.95     0.0791  4.924e-11  1.000e-12  2.031e+00    33.6280    33.6229    -0.0050    26.4784    26.4747     27.244     27.288      0.399    1473.14    1473.13  0.000e+00
       2855     28.000     5.9187     5.9183    -0.0004    3.30917    3.30854          1     6.3255     6.4474       9.95     0.0695  4.924e-11  1.000e-12  2.031e+00    33.6292    33.6225    -0.0067    26.4796    26.4743     27.739     27.784      0.262    1473.15    1473.14  0.000e+00
       2916     28.500     5.9174     5.9136    -0.0037    3.30914    3.30843          1     6.2934     6.4518       9.95     0.0689  4.924e-11  1.000e-12  2.031e+00    33.6299    33.6257    -0.0042    26.4803    26.4774     28.234     28.280      0.410    1473.15    1473.13  0.000e+00
       2942     29.000     5.9123     5.9100    -0.0023    3.30883    3.30829          1     6.3328     6.4572       9.95     0.0723  4.924e-11  1.000e-12  2.031e+00    33.6312    33.6274    -0.0038    26.4820    26.4792     28.729     28.776      0.395    1473.14    1473.13  0.000e+00
