ctdpy/exports/archive_20191121_122431/received_data/SBE09_1044_20180319_2217_34_02_0072.cnv
* Sea-Bird SBE 9 Data File:
* FileName = C:\ctd\temp\2018\ME18D072.hex
* Software Version Seasave V 7.26.6.26
* Temperature SN = 5351
* Conductivity SN = 3941
* Number of Bytes Per Scan = 41
* Number of Voltage Words = 4
* Number of Scans Averaged by the Deck Unit = 1
* NMEA Latitude = 58 20.37 N
* NMEA Longitude = 011 01.65 E
* NMEA UTC (Time) = Mar 19 2018  22:17:19
* NMEA baud rate = 4800
** Station:  Å13
** Operator:  A-KTh
** Ship: MERI
** Average sound velocity: 1472.22 m/s
** True-depth calculation Mon, 19 Mar 2018 22:55:50 +0000
** CTD Python Module SMHI /ver 3-12/ feb 2012 
** LIMS Job: 20183402-0072
** Cruise: SMHI-02-2018
** Latitude [GG MM.mm N] :
** Longitude [GG MM.mm E]:
# nquan = 26
# nvalues = 198                         
# units = specified
# name 0 = scan: Scan Count
# name 1 = prDM: Pressure, Digiquartz [db]
# name 2 = t090C: Temperature [ITS-90, deg C]
# name 3 = t190C: Temperature, 2 [ITS-90, deg C]
# name 4 = T2-T190C: Temperature Difference, 2 - 1 [ITS-90, deg C]
# name 5 = c0S/m: Conductivity [S/m]
# name 6 = c1S/m: Conductivity, 2 [S/m]
# name 7 = pumps: Pump Status
# name 8 = sbeox0ML/L: Oxygen, SBE 43 [ml/l]
# name 9 = sbeox1ML/L: Oxygen, SBE 43, 2 [ml/l]
# name 10 = altM: Altimeter [m]
# name 11 = flECO-AFL: Chl-a Fluorescence, WET Labs ECO-AFL/FL [mg/m^3]
# name 12 = flECO-AFL1: Phycocyanin Fluorescence, WET Labs ECO-AFL/FL, 2 [mg/m^3]
# name 13 = par: PAR/Irradiance, Biospherical/Lico [µE/(cm^2*s)]
# name 14 = turbWETntu0: Turbidity, WET Labs ECO [NTU]
# name 15 = sal00: Salinity, Practical [PSU]
# name 16 = sal11: Salinity, Practical, 2 [PSU]
# name 17 = secS-priS: Salinity, Practical, Difference, 2 - 1 [PSU]
# name 18 = sigma-t00: Density [sigma-t, Kg/m^3 ]
# name 19 = sigma-t11: Density, 2 [sigma-t, Kg/m^3 ]
# name 20 = depSM: Depth [salt water, m], lat = 58.3395
# name 21 = depFM: Depth [true depth, m], lat = 58.3395
# name 22 = dz/dtM: Descent Rate [m/s], WS = 2
# name 23 = svCM: Sound Velocity [Chen-Millero, m/s]
# name 24 = svCM1: Sound Velocity, 2 [Chen-Millero, m/s]
# name 25 = flag: flag
# span 0 =       4210,       9063       
# span 1 =      1.000,     99.500       
# span 2 =    -0.0282,     7.2488       
# span 3 =    -0.0276,     7.2488       
# span 4 =    -0.0292,     0.0112       
# span 5 =   2.137106,   3.554586       
# span 6 =   2.136986,   3.554616       
# span 7 =          1,          1       
# span 8 =    5.64260,    9.18743       
# span 9 =    5.66587,    9.23090       
# span 10 =       2.55,      98.84      
# span 11 =     0.0206,    22.5444      
# span 12 =     0.1822,     3.1408      
# span 13 = -2.006e-06, 3.6088e-01      
# span 14 =     0.4106,     2.4183      
# span 15 =    25.0218,    35.0268      
# span 16 =    25.0198,    35.0272      
# span 17 =    -0.0422,     0.0295      
# span 18 =    20.0594,    27.4343      
# span 19 =    20.0578,    27.4345      
# span 20 =      0.991,     98.551      
# span 21 =      0.999,     98.759      
# span 22 =     -0.031,      0.743      
# span 23 =    1435.71,    1480.53      
# span 24 =    1435.71,    1480.53      
# span 25 = 0.0000e+00, 0.0000e+00      
# interval = decibars: 0.5              
# start_time = Mar 19 2018 22:17:20 [NMEA time, first data scan]
# bad_flag = -9.990e-29
*END*
[from data line 112]
       6965     57.000     7.2356     7.2359     0.0003    3.55448    3.55453          1     5.7148     5.7202      46.93     0.0255     0.2471  1.000e-12  0.5080000    35.0180    35.0184     0.0004    27.3999    27.4001     56.462     56.627      0.666    1480.53    1480.53  0.000e+00
       6982     57.500     7.2303     7.2305     0.0003    3.55448    3.55452          1     5.7173     5.7198      46.25     0.0347     0.2706  1.000e-12  0.4739000    35.0232    35.0234     0.0002    27.4047    27.4048     56.958     57.123      0.678    1480.52    1480.52  0.000e+00
       7000     58.000     7.2290     7.2292     0.0002    3.55446    3.55451          1     5.7126     5.7160      78.38     0.0440     0.2483  1.000e-12  0.4418000    35.0240    35.0244     0.0003    27.4055    27.4058     57.453     57.618      0.616    1480.52    1480.53  0.000e+00
       7022     58.500     7.2267     7.2267     0.0000    3.55439    3.55443          1     5.7075     5.7133      46.31     0.0444     0.2487  1.000e-12  0.4360000    35.0254    35.0258     0.0004    27.4070    27.4073     57.948     58.114      0.492    1480.52    1480.52  0.000e+00
       7051     59.000     7.2208     7.2212     0.0004    3.55389    3.55397          1     5.7129     5.7192      80.05     0.0409     0.2304  1.000e-12  0.4351000    35.0257    35.0261     0.0005    27.4080    27.4083     58.443     58.610      0.399    1480.51    1480.51  0.000e+00
       7080     59.500     7.2154     7.2158     0.0004    3.55341    3.55347          1     5.7179     5.7268      87.76     0.0324     0.2155  1.000e-12  0.4248000    35.0255    35.0259     0.0004    27.4087    27.4089     58.938     59.105      0.470    1480.50    1480.50  0.000e+00
       7103     60.000     7.2143     7.2144     0.0001    3.55335    3.55339          1     5.7130     5.7268      43.85     0.0533     0.2204  1.000e-12  0.4198000    35.0257    35.0261     0.0004    27.4090    27.4092     59.434     59.601      0.574    1480.50    1480.50  0.000e+00
       7122     60.500     7.2139     7.2140     0.0000    3.55334    3.55340          1     5.7107     5.7302      43.12     0.0792     0.2171  1.000e-12  0.4500000    35.0258    35.0264     0.0006    27.4091    27.4095     59.929     60.097      0.612    1480.51    1480.51  0.000e+00
       7142     61.000     7.2137     7.2137     0.0001    3.55334    3.55340          1     5.7083     5.7301      42.79     0.0418     0.2066  1.000e-12  0.4704000    35.0258    35.0264     0.0006    27.4091    27.4096     60.424     60.592      0.573    1480.52    1480.52  0.000e+00
       7165     61.500     7.2123     7.2125     0.0002    3.55328    3.55334          1     5.7076     5.7312      42.46     0.0357     0.2526  1.000e-12  0.4448000    35.0263    35.0267     0.0004    27.4097    27.4100     60.919     61.088      0.498    1480.52    1480.52  0.000e+00
       7190     62.000     7.2022     7.2031     0.0008    3.55241    3.55253          1     5.7062     5.7309      41.04     0.0419     0.1963  1.000e-12  0.4402000    35.0268    35.0272     0.0004    27.4115    27.4117     61.414     61.584      0.469    1480.49    1480.49  0.000e+00
       7215     62.500     7.1901     7.1910     0.0011    3.55129    3.55144          1     5.6958     5.7177      39.94     0.0373     0.2052  1.000e-12  0.4592000    35.0265    35.0272     0.0006    27.4130    27.4134     61.910     62.079      0.519    1480.45    1480.45  0.000e+00
       7237     63.000     7.1248     7.1362     0.0112    3.54489    3.54613          1     5.6847     5.7160      39.27     0.0529     0.2188  1.000e-12  0.4891000    35.0223    35.0243     0.0021    27.4189    27.4189     62.405     62.575      0.582    1480.20    1480.25  0.000e+00
       7257     63.500     7.0602     7.0692     0.0091    3.53858    3.53950          1     5.6891     5.7194      38.09     0.0631     0.2237  1.000e-12  0.5380000    35.0183    35.0193     0.0010    27.4249    27.4244     62.900     63.071      0.599    1479.95    1479.99  0.000e+00
       7277     64.000     7.0340     7.0316    -0.0024    3.53593    3.53575          1     5.6975     5.7211      38.79     0.0579     0.2248  1.000e-12  0.6383000    35.0154    35.0160     0.0006    27.4263    27.4270     63.395     63.566      0.564    1479.86    1479.85  0.000e+00
       7300     64.500     7.0222     7.0226     0.0005    3.53477    3.53483          1     5.7011     5.7219      38.78     0.0585     0.2186  1.000e-12  0.7263000    35.0145    35.0146     0.0001    27.4272    27.4272     63.891     64.062      0.490    1479.82    1479.82  0.000e+00
       7327     65.000     7.0116     7.0136     0.0020    3.53368    3.53390          1     5.6960     5.7119      38.17     0.0465     0.2128  1.000e-12  0.7262000    35.0130    35.0134     0.0003    27.4275    27.4275     64.386     64.558      0.426    1479.79    1479.79  0.000e+00
       7355     65.500     6.9839     6.9835    -0.0003    3.53097    3.53094          1     5.6878     5.7073      37.25     0.0543     0.1897  1.000e-12  0.7762000    35.0111    35.0111     0.0001    27.4298    27.4299     64.881     65.054      0.459    1479.68    1479.68  0.000e+00
       7379     66.000     6.9730     6.9730    -0.0001    3.52993    3.52996          1     5.6936     5.7030      36.73     0.0460     0.2579  1.000e-12  0.8022000    35.0104    35.0108     0.0004    27.4308    27.4312     65.376     65.549      0.558    1479.65    1479.65  0.000e+00
       7399     66.500     6.9713     6.9705    -0.0008    3.52979    3.52974          1     5.6948     5.6951      36.52     0.0774     0.2066  1.000e-12  0.8616000    35.0103    35.0106     0.0003    27.4309    27.4313     65.871     66.045      0.627    1479.65    1479.65  0.000e+00
       7417     67.000     6.9666     6.9669     0.0003    3.52935    3.52942          1     5.6903     5.6915      36.03     0.0525     0.2133  1.000e-12  0.8653000    35.0101    35.0105     0.0005    27.4314    27.4318     66.366     66.541      0.638    1479.64    1479.64  0.000e+00
       7436     67.500     6.9614     6.9616     0.0002    3.52886    3.52893          1     5.6821     5.6912      35.15     0.0454     0.2305  1.000e-12  0.8792000    35.0096    35.0102     0.0006    27.4318    27.4323     66.862     67.036      0.590    1479.63    1479.63  0.000e+00
       7458     68.000     6.9593     6.9588    -0.0005    3.52869    3.52868          1     5.6805     5.6911      34.38     0.0653     0.2608  1.000e-12  0.9069000    35.0097    35.0101     0.0004    27.4321    27.4325     67.357     67.532      0.508    1479.63    1479.63  0.000e+00
       7484     68.500     6.9572     6.9573     0.0000    3.52853    3.52857          1     5.6779     5.6898      33.73     0.0567     0.2674  1.000e-12  0.9033000    35.0098    35.0102     0.0004    27.4325    27.4328     67.852     68.028      0.453    1479.63    1479.63  0.000e+00
       7511     69.000     6.9577     6.9564    -0.0012    3.52862    3.52852          1     5.6644     5.6856      33.26     0.0574     0.2564  1.000e-12  0.9039000    35.0101    35.0102     0.0001    27.4327    27.4329     68.347     68.523      0.456    1479.64    1479.63  0.000e+00
       7537     69.500     6.9558     6.9566     0.0008    3.52843    3.52858          1     5.6657     5.6861      33.02     0.0588     0.2386  1.000e-12  0.9320000    35.0097    35.0104     0.0008    27.4326    27.4331     68.842     69.019      0.481    1479.64    1479.64  0.000e+00
       7560     70.000     6.9504     6.9518     0.0014    3.52793    3.52810          1     5.6719     5.6850      32.27     0.0416     0.2256  1.000e-12  0.9490000    35.0093    35.0098     0.0005    27.4331    27.4333     69.338     69.515      0.543    1479.63    1479.63  0.000e+00
       7581     70.500     6.9437     6.9464     0.0027    3.52724    3.52756          1     5.6723     5.6848      31.98     0.0340     0.2266  1.000e-12  1.0094000    35.0083    35.0090     0.0007    27.4332    27.4334     69.833     70.010      0.612    1479.61    1479.62  0.000e+00
       7600     71.000     6.9468     6.9474     0.0006    3.52761    3.52771          1     5.6648     5.6811      31.04     0.0430     0.2157  1.000e-12  1.0352000    35.0090    35.0094     0.0005    27.4333    27.4336     70.328     70.506      0.632    1479.63    1479.63  0.000e+00
       7619     71.500     6.9452     6.9456     0.0004    3.52747    3.52756          1     5.6636     5.6785      27.44     0.0507     0.2016  1.000e-12  1.0315000    35.0089    35.0094     0.0005    27.4335    27.4338     70.823     71.002      0.582    1479.63    1479.63  0.000e+00
       7642     72.000     6.9422     6.9418    -0.0003    3.52718    3.52718          1     5.6708     5.6802      22.75     0.0564     0.1932  1.000e-12  1.0473000    35.0084    35.0088     0.0003    27.4335    27.4338     71.318     71.497      0.469    1479.63    1479.62  0.000e+00
       7671     72.500     6.9400     6.9387    -0.0013    3.52701    3.52690          1     5.6745     5.6749      27.83     0.0510     0.2334  1.000e-12  1.1163000    35.0085    35.0086     0.0000    27.4339    27.4341     71.814     71.993      0.413    1479.63    1479.62  0.000e+00
       7698     73.000     6.9407     6.9389    -0.0018    3.52710    3.52692          1     5.6720     5.6736      19.65     0.0564     0.2817  1.000e-12  1.1401000    35.0085    35.0084    -0.0001    27.4338    27.4340     72.309     72.489      0.500    1479.64    1479.63  0.000e+00
       7720     73.500     6.9322     6.9354     0.0032    3.52621    3.52656          1     5.6739     5.6778      26.97     0.0601     0.2237  1.000e-12  1.1447000    35.0072    35.0077     0.0006    27.4339    27.4339     72.804     72.984      0.596    1479.61    1479.62  0.000e+00
       7739     74.000     6.9369     6.9401     0.0032    3.52671    3.52710          1     5.6704     5.6816      25.96     0.0560     0.2267  1.000e-12  1.1595000    35.0076    35.0086     0.0010    27.4337    27.4340     73.299     73.480      0.642    1479.64    1479.65  0.000e+00
       7757     74.500     6.9423     6.9419    -0.0003    3.52734    3.52733          1     5.6720     5.6811      18.80     0.0667     0.2446  1.000e-12  1.1795000    35.0089    35.0091     0.0003    27.4339    27.4341     73.794     73.976      0.619    1479.67    1479.67  0.000e+00
       7778     75.000     6.9431     6.9433     0.0002    3.52747    3.52752          1     5.6749     5.6780      18.92     0.0660     0.2434  1.000e-12  1.1001000    35.0092    35.0095     0.0003    27.4340    27.4342     74.289     74.471      0.533    1479.68    1479.68  0.000e+00
       7804     75.500     6.9420     6.9418    -0.0002    3.52738    3.52738          1     5.6723     5.6786      18.31     0.0753     0.2167  1.000e-12  1.0598000    35.0091    35.0093     0.0002    27.4341    27.4342     74.785     74.967      0.424    1479.68    1479.68  0.000e+00
       7834     76.000     6.9427     6.9426    -0.0001    3.52749    3.52751          1     5.6712     5.6786      17.28     0.0885     0.2213  1.000e-12  1.0790000    35.0094    35.0096     0.0002    27.4342    27.4344     75.280     75.463      0.424    1479.70    1479.70  0.000e+00
       7860     76.500     6.9420     6.9426     0.0006    3.52745    3.52754          1     5.6685     5.6792      16.67     0.0675     0.2223  1.000e-12  1.0460000    35.0093    35.0097     0.0004    27.4342    27.4344     75.775     75.958      0.538    1479.70    1479.70  0.000e+00
       7880     77.000     6.9418     6.9419     0.0000    3.52743    3.52747          1     5.6639     5.6790      16.33     0.0592     0.2151  1.000e-12  1.0750000    35.0091    35.0094     0.0003    27.4341    27.4343     76.270     76.454      0.621    1479.71    1479.71  0.000e+00
       7898     77.500     6.9413     6.9414     0.0001    3.52741    3.52745          1     5.6571     5.6738      15.99     0.0676     0.1893  1.000e-12  1.0833000    35.0090    35.0094     0.0004    27.4341    27.4344     76.765     76.950      0.633    1479.71    1479.71  0.000e+00
       7918     78.000     6.9407     6.9401    -0.0006    3.52737    3.52733          1     5.6544     5.6718      15.49     0.0759     0.2134  1.000e-12  1.0898000    35.0090    35.0092     0.0001    27.4342    27.4344     77.260     77.445      0.583    1479.72    1479.72  0.000e+00
       7940     78.500     6.9393     6.9396     0.0003    3.52725    3.52730          1     5.6604     5.6761      15.13     0.0561     0.2403  1.000e-12  1.1213000    35.0088    35.0091     0.0003    27.4342    27.4344     77.756     77.941      0.517    1479.72    1479.72  0.000e+00
       7965     79.000     6.9398     6.9392    -0.0006    3.52733    3.52729          1     5.6595     5.6750      14.63     0.0604     0.2330  1.000e-12  1.1369000    35.0089    35.0091     0.0002    27.4342    27.4345     78.251     78.437      0.482    1479.73    1479.73  0.000e+00
       7990     79.500     6.9390     6.9364    -0.0026    3.52725    3.52698          1     5.6556     5.6710      14.31     0.1003     0.2205  1.000e-12  1.1287000    35.0088    35.0083    -0.0004    27.4342    27.4343     78.746     78.932      0.478    1479.74    1479.73  0.000e+00
       8015     80.000     6.9337     6.9361     0.0024    3.52670    3.52698          1     5.6544     5.6736      13.86     0.0571     0.2199  1.000e-12  1.1867000    35.0077    35.0084     0.0007    27.4341    27.4344     79.241     79.428      0.490    1479.72    1479.73  0.000e+00
       8039     80.500     6.9377     6.9386     0.0009    3.52714    3.52728          1     5.6526     5.6803      13.58     0.0547     0.1933  1.000e-12  1.1921000    35.0083    35.0088     0.0006    27.4340    27.4343     79.736     79.924      0.493    1479.75    1479.75  0.000e+00
       8063     81.000     6.9345     6.9371     0.0026    3.52683    3.52716          1     5.6584     5.6792      13.11     0.0676     0.2033  1.000e-12  1.1689000    35.0077    35.0088     0.0010    27.4341    27.4345     80.231     80.419      0.513    1479.74    1479.76  0.000e+00
       8086     81.500     6.9366     6.9385     0.0018    3.52710    3.52733          1     5.6617     5.6781      12.81     0.0497     0.1925  1.000e-12  1.1468000    35.0084    35.0090     0.0006    27.4343    27.4345     80.727     80.915      0.532    1479.76    1479.77  0.000e+00
       8108     82.000     6.9372     6.9381     0.0008    3.52718    3.52702          1     5.6612     5.6726      12.53     0.0593     0.2266  1.000e-12  1.1400000    35.0084    35.0058    -0.0025    27.4342    27.4321     81.222     81.411      0.512    1479.77    1479.77  0.000e+00
       8133     82.500     6.9332     6.9328    -0.0004    3.52675    3.52674          1     5.6596     5.6659      11.40     0.0667     0.2384  1.000e-12  1.1899000    35.0076    35.0078     0.0002    27.4341    27.4344     81.717     81.906      0.463    1479.76    1479.76  0.000e+00
       8161     83.000     6.9318     6.9321     0.0003    3.52664    3.52669          1     5.6617     5.6730      11.43     0.0591     0.2210  1.000e-12  1.2599000    35.0075    35.0077     0.0002    27.4343    27.4344     82.212     82.402      0.421    1479.77    1479.77  0.000e+00
       8189     83.500     6.9311     6.9318     0.0007    3.52656    3.52669          1     5.6618     5.6792      11.24     0.0545     0.1926  1.000e-12  1.2941000    35.0071    35.0077     0.0006    27.4341    27.4344     82.707     82.898      0.463    1479.77    1479.77  0.000e+00
       8213     84.000     6.9312     6.9317     0.0005    3.52660    3.52668          1     5.6650     5.6693      11.05     0.0729     0.2074  1.000e-12  1.3305000    35.0072    35.0076     0.0004    27.4341    27.4343     83.202     83.393      0.553    1479.78    1479.78  0.000e+00
