ctdpy/exports/archive_20191121_122431/received_data/SBE09_1044_20180131_2342_34_02_0040.cnv
* Sea-Bird SBE 9 Data File:
* FileName = C:\ctd\temp\2018\ME18D040.hex
* Software Version Seasave V 7.26.6.26
* Temperature SN = 5351
* Conductivity SN = 3941
* Number of Bytes Per Scan = 41
* Number of Voltage Words = 4
* Number of Scans Averaged by the Deck Unit = 1
* NMEA Latitude = 57 43.03 N
* NMEA Longitude = 017 22.01 E
* NMEA UTC (Time) = Jan 31 2018  23:42:48
* NMEA baud rate = 4800
** Station:  BY36
** Operator:  SSip
** Ship: MERI
** Average sound velocity: 1438.96 m/s
** True-depth calculation Thu, 01 Feb 2018 00:30:53 +0000
** CTD Python Module SMHI /ver 3-12/ feb 2012 
** LIMS Job: 20183402-0040
** Cruise: SMHI-01-2018
** Latitude [GG MM.mm N] :
** Longitude [GG MM.mm E]:
# nquan = 26
# nvalues = 263                         
# units = specified
# name 0 = scan: Scan Count
# name 1 = prDM: Pressure, Digiquartz [db]
# name 2 = t090C: Temperature [ITS-90, deg C]
# name 3 = t190C: Temperature, 2 [ITS-90, deg C]
# name 4 = T2-T190C: Temperature Difference, 2 - 1 [ITS-90, deg C]
# name 5 = c0S/m: Conductivity [S/m]
# name 6 = c1S/m: Conductivity, 2 [S/m]
# name 7 = pumps: Pump Status
# name 8 = sbeox0ML/L: Oxygen, SBE 43 [ml/l]
# name 9 = sbeox1ML/L: Oxygen, SBE 43, 2 [ml/l]
# name 10 = altM: Altimeter [m]
# name 11 = flECO-AFL: Chl-a Fluorescence, WET Labs ECO-AFL/FL [mg/m^3]
# name 12 = flECO-AFL1: Phycocyanin Fluorescence, WET Labs ECO-AFL/FL, 2 [mg/m^3]
# name 13 = par: PAR/Irradiance, Biospherical/Lico [µE/(cm^2*s)]
# name 14 = turbWETntu0: Turbidity, WET Labs ECO [NTU]
# name 15 = sal00: Salinity, Practical [PSU]
# name 16 = sal11: Salinity, Practical, 2 [PSU]
# name 17 = secS-priS: Salinity, Practical, Difference, 2 - 1 [PSU]
# name 18 = sigma-t00: Density [sigma-t, Kg/m^3 ]
# name 19 = sigma-t11: Density, 2 [sigma-t, Kg/m^3 ]
# name 20 = depSM: Depth [salt water, m], lat = 57.7172
# name 21 = depFM: Depth [true depth, m], lat = 57.7172
# name 22 = dz/dtM: Descent Rate [m/s], WS = 2
# name 23 = svCM: Sound Velocity [Chen-Millero, m/s]
# name 24 = svCM1: Sound Velocity, 2 [Chen-Millero, m/s]
# name 25 = flag: flag
# span 0 =       6174,      11599       
# span 1 =      2.000,    133.000       
# span 2 =     4.5896,     5.7373       
# span 3 =     4.5904,     5.7382       
# span 4 =    -0.0099,     0.0046       
# span 5 =   0.776981,   1.134298       
# span 6 =   0.776957,   1.134212       
# span 7 =          1,          1       
# span 8 =    0.02591,    8.05922       
# span 9 =    0.05223,    8.00406       
# span 10 =       4.40,      98.72      
# span 11 =     0.2341,     0.3950      
# span 12 =     0.2274,     0.3820      
# span 13 = 1.0000e-12, 8.9117e-02      
# span 14 =     0.1005,     2.6488      
# span 15 =     7.2371,    10.5044      
# span 16 =     7.2367,    10.5035      
# span 17 =    -0.0174,     0.0131      
# span 18 =     5.7365,     8.2697      
# span 19 =     5.7361,     8.2689      
# span 20 =      1.981,    131.728      
# span 21 =      2.025,    134.547      
# span 22 =     -0.290,      1.034      
# span 23 =    1433.72,    1444.71      
# span 24 =    1433.72,    1444.71      
# span 25 = 0.0000e+00, 0.0000e+00      
# interval = decibars: 0.5              
# start_time = Jan 31 2018 23:42:49 [NMEA time, first data scan]
# bad_flag = -9.990e-29
*END*
       6174      2.000     4.5909     4.5918     0.0009    0.77698    0.77696          1     8.0498     7.9704      98.71     0.3184     0.2997  8.912e-02  0.1138000     7.2375     7.2371    -0.0004     5.7368     5.7364      1.981      2.025      0.262    1433.72    1433.72  0.000e+00
       6199      2.500     4.5909     4.5916     0.0007    0.77699    0.77696          1     8.0432     7.9777      98.71     0.3200     0.3068  2.668e-02  0.1020000     7.2376     7.2371    -0.0004     5.7368     5.7365      2.477      2.532      0.603    1433.72    1433.72  0.000e+00
       6216      3.000     4.5911     4.5920     0.0009    0.77701    0.77698          1     8.0312     7.9991      98.71     0.3179     0.3141  2.472e-02  0.1089000     7.2376     7.2372    -0.0005     5.7368     5.7364      2.972      3.038      0.574    1433.73    1433.74  0.000e+00
       6243      3.500     4.5905     4.5916     0.0011    0.77700    0.77697          1     8.0262     7.9852      98.71     0.3051     0.3192  1.382e-02  0.1215000     7.2376     7.2371    -0.0005     5.7369     5.7364      3.468      3.545      0.431    1433.74    1433.74  0.000e+00
       6267      4.000     4.5912     4.5917     0.0004    0.77702    0.77698          1     8.0409     7.9712      98.71     0.3059     0.3256  1.511e-02  0.1238000     7.2375     7.2371    -0.0004     5.7368     5.7364      3.963      4.051      0.634    1433.75    1433.75  0.000e+00
       6284      4.500     4.5916     4.5923     0.0007    0.77703    0.77700          1     8.0513     7.9778      98.71     0.3164     0.2672  1.374e-02  0.1240000     7.2375     7.2371    -0.0004     5.7367     5.7364      4.458      4.557      0.755    1433.76    1433.76  0.000e+00
       6299      5.000     4.5913     4.5921     0.0008    0.77703    0.77701          1     8.0527     7.9842      98.71     0.3148     0.2860  5.213e-03  0.1234000     7.2375     7.2371    -0.0004     5.7367     5.7364      4.954      5.064      0.770    1433.76    1433.77  0.000e+00
       6315      5.500     4.5916     4.5922     0.0007    0.77704    0.77701          1     8.0487     7.9696      98.71     0.3220     0.3122  1.825e-05  0.1212000     7.2375     7.2371    -0.0004     5.7367     5.7364      5.449      5.570      0.704    1433.77    1433.78  0.000e+00
       6334      6.000     4.5915     4.5922     0.0007    0.77704    0.77702          1     8.0495     7.9743      98.71     0.3282     0.3167  1.147e-12  0.1120000     7.2375     7.2371    -0.0004     5.7367     5.7364      5.944      6.076      0.587    1433.78    1433.78  0.000e+00
       6356      6.500     4.5915     4.5923     0.0008    0.77705    0.77702          1     8.0592     7.9898      98.71     0.2929     0.3127  1.000e-12  0.1179000     7.2375     7.2370    -0.0004     5.7367     5.7363      6.440      6.583      0.541    1433.79    1433.79  0.000e+00
       6377      7.000     4.5921     4.5927     0.0006    0.77708    0.77704          1     8.0483     7.9947      98.71     0.3166     0.3168  1.000e-12  0.1122000     7.2376     7.2371    -0.0005     5.7368     5.7364      6.935      7.089      0.630    1433.80    1433.80  0.000e+00
       6395      7.500     4.5919     4.5926     0.0007    0.77707    0.77705          1     8.0361     7.9908      98.71     0.3234     0.3163  1.000e-12  0.1132000     7.2375     7.2371    -0.0004     5.7367     5.7364      7.431      7.595      0.665    1433.81    1433.81  0.000e+00
       6414      8.000     4.5919     4.5927     0.0007    0.77707    0.77706          1     8.0392     7.9853      98.71     0.3292     0.3017  1.000e-12  0.1114000     7.2374     7.2371    -0.0003     5.7367     5.7364      7.926      8.102      0.611    1433.81    1433.82  0.000e+00
       6435      8.500     4.5920     4.5928     0.0008    0.77709    0.77706          1     8.0485     7.9767      98.71     0.3293     0.3029  1.000e-12  0.1067000     7.2375     7.2371    -0.0004     5.7367     5.7364      8.421      8.608      0.519    1433.82    1433.83  0.000e+00
       6461      9.000     4.5917     4.5926     0.0008    0.77709    0.77707          1     8.0570     7.9734      98.71     0.3178     0.2932  1.000e-12  0.1102000     7.2375     7.2371    -0.0004     5.7367     5.7364      8.917      9.115      0.435    1433.83    1433.83  0.000e+00
       6488      9.500     4.5905     4.5915     0.0010    0.77704    0.77703          1     8.0547     7.9723      98.71     0.3094     0.2957  1.000e-12  0.1075000     7.2372     7.2369    -0.0004     5.7366     5.7362      9.412      9.621      0.507    1433.83    1433.84  0.000e+00
       6510     10.000     4.5912     4.5918     0.0006    0.77707    0.77704          1     8.0571     7.9780      98.71     0.3299     0.2990  1.000e-12  0.1186000     7.2373     7.2369    -0.0005     5.7366     5.7362      9.907     10.127      0.551    1433.84    1433.84  0.000e+00
       6531     10.500     4.5904     4.5919     0.0015    0.77706    0.77705          1     8.0553     7.9856      98.71     0.2977     0.3089  1.000e-12  0.1122000     7.2373     7.2369    -0.0004     5.7366     5.7362     10.403     10.634      0.551    1433.85    1433.85  0.000e+00
       6554     11.000     4.5897     4.5905     0.0008    0.77704    0.77701          1     8.0477     7.9803      98.71     0.3129     0.3312  1.000e-12  0.1109000     7.2372     7.2368    -0.0005     5.7366     5.7362     10.898     11.140      0.484    1433.85    1433.85  0.000e+00
       6583     11.500     4.5896     4.5905     0.0009    0.77704    0.77702          1     8.0335     8.0041      98.71     0.3175     0.3199  1.000e-12  0.1175000     7.2372     7.2367    -0.0004     5.7365     5.7362     11.393     11.646      0.380    1433.86    1433.86  0.000e+00
       6615     12.000     4.5896     4.5904     0.0008    0.77705    0.77703          1     8.0391     7.9921      98.71     0.3100     0.3210  1.000e-12  0.1027000     7.2372     7.2368    -0.0004     5.7366     5.7362     11.889     12.153      0.406    1433.87    1433.87  0.000e+00
       6642     12.500     4.5897     4.5906     0.0009    0.77706    0.77704          1     8.0306     7.9785      98.71     0.3150     0.3381  1.000e-12  0.1129000     7.2373     7.2368    -0.0005     5.7366     5.7362     12.384     12.659      0.515    1433.87    1433.88  0.000e+00
       6663     13.000     4.5899     4.5906     0.0007    0.77707    0.77705          1     8.0437     7.9770      98.71     0.2949     0.3286  1.000e-12  0.1179000     7.2372     7.2369    -0.0004     5.7366     5.7363     12.879     13.165      0.623    1433.88    1433.89  0.000e+00
       6681     13.500     4.5900     4.5906     0.0006    0.77708    0.77706          1     8.0521     7.9852      98.71     0.3065     0.3157  1.000e-12  0.1188000     7.2372     7.2369    -0.0004     5.7366     5.7363     13.375     13.672      0.695    1433.89    1433.89  0.000e+00
       6697     14.000     4.5900     4.5906     0.0006    0.77709    0.77706          1     8.0495     7.9914      98.71     0.2990     0.3174  1.000e-12  0.1199000     7.2373     7.2368    -0.0005     5.7366     5.7362     13.870     14.178      0.699    1433.90    1433.90  0.000e+00
       6715     14.500     4.5899     4.5905     0.0006    0.77710    0.77706          1     8.0456     7.9850      98.71     0.2848     0.3184  1.000e-12  0.1298000     7.2373     7.2368    -0.0005     5.7366     5.7362     14.365     14.685      0.634    1433.91    1433.91  0.000e+00
       6736     15.000     4.5898     4.5905     0.0008    0.77709    0.77707          1     8.0469     7.9741      98.71     0.3070     0.3299  1.000e-12  0.1248000     7.2372     7.2368    -0.0004     5.7366     5.7362     14.861     15.191      0.524    1433.91    1433.92  0.000e+00
       6761     15.500     4.5898     4.5906     0.0008    0.77711    0.77708          1     8.0484     7.9745      98.71     0.3081     0.3319  1.000e-12  0.1095000     7.2372     7.2368    -0.0004     5.7366     5.7362     15.356     15.697      0.495    1433.92    1433.93  0.000e+00
       6784     16.000     4.5898     4.5906     0.0008    0.77711    0.77709          1     8.0409     7.9739      98.71     0.3171     0.3136  1.000e-12  0.1113000     7.2373     7.2368    -0.0004     5.7366     5.7362     15.852     16.204      0.579    1433.93    1433.93  0.000e+00
       6803     16.500     4.5900     4.5906     0.0006    0.77712    0.77709          1     8.0365     7.9848      98.71     0.3187     0.3476  1.000e-12  0.1095000     7.2372     7.2367    -0.0004     5.7365     5.7362     16.347     16.710      0.625    1433.94    1433.94  0.000e+00
       6822     17.000     4.5900     4.5909     0.0008    0.77712    0.77710          1     8.0415     7.9819      98.71     0.3165     0.3381  1.000e-12  0.1083000     7.2372     7.2367    -0.0004     5.7365     5.7362     16.842     17.216      0.581    1433.95    1433.95  0.000e+00
       6845     17.500     4.5900     4.5909     0.0009    0.77713    0.77710          1     8.0450     7.9833      98.71     0.3038     0.3119  1.000e-12  0.1173000     7.2372     7.2367    -0.0005     5.7365     5.7361     17.337     17.723      0.499    1433.96    1433.96  0.000e+00
       6870     18.000     4.5900     4.5909     0.0009    0.77713    0.77711          1     8.0390     7.9870      98.71     0.2864     0.3296  1.000e-12  0.1113000     7.2372     7.2367    -0.0004     5.7365     5.7361     17.833     18.229      0.502    1433.96    1433.97  0.000e+00
       6892     18.500     4.5901     4.5909     0.0008    0.77714    0.77712          1     8.0464     7.9903      98.71     0.3178     0.3119  1.000e-12  0.1185000     7.2371     7.2367    -0.0004     5.7365     5.7362     18.328     18.735      0.589    1433.97    1433.97  0.000e+00
       6911     19.000     4.5901     4.5908     0.0007    0.77715    0.77713          1     8.0543     7.9927      98.71     0.3069     0.2880  1.000e-12  0.1023000     7.2372     7.2368    -0.0004     5.7365     5.7362     18.823     19.242      0.671    1433.98    1433.98  0.000e+00
       6928     19.500     4.5901     4.5907     0.0006    0.77716    0.77713          1     8.0526     7.9904      98.71     0.3106     0.2790  1.000e-12  0.1079000     7.2372     7.2368    -0.0004     5.7365     5.7362     19.319     19.748      0.702    1433.99    1433.99  0.000e+00
       6945     20.000     4.5901     4.5907     0.0006    0.77716    0.77714          1     8.0421     7.9943      98.71     0.3178     0.2722  1.000e-12  0.1181000     7.2372     7.2368    -0.0004     5.7365     5.7362     19.814     20.255      0.689    1433.99    1434.00  0.000e+00
       6963     20.500     4.5900     4.5907     0.0007    0.77716    0.77714          1     8.0309     8.0014      98.71     0.3159     0.3437  1.000e-12  0.1349000     7.2372     7.2368    -0.0004     5.7365     5.7362     20.310     20.761      0.648    1434.00    1434.01  0.000e+00
       6983     21.000     4.5901     4.5909     0.0008    0.77718    0.77715          1     8.0347     7.9931      98.71     0.3172     0.3466  1.000e-12  0.1284000     7.2372     7.2367    -0.0005     5.7365     5.7361     20.805     21.267      0.571    1434.01    1434.01  0.000e+00
       7006     21.500     4.5906     4.5913     0.0006    0.77721    0.77717          1     8.0461     7.9852      98.71     0.3128     0.3071  1.000e-12  0.1202000     7.2373     7.2368    -0.0005     5.7366     5.7362     21.300     21.774      0.449    1434.02    1434.02  0.000e+00
       7038     22.000     4.5908     4.5919     0.0012    0.77722    0.77720          1     8.0381     7.9649      98.71     0.3156     0.2942  1.000e-12  0.1183000     7.2374     7.2369    -0.0004     5.7366     5.7363     21.795     22.280      0.370    1434.03    1434.03  0.000e+00
       7068     22.500     4.5913     4.5921     0.0009    0.77724    0.77722          1     8.0362     7.9759      98.71     0.3078     0.3562  1.000e-12  0.1114000     7.2374     7.2370    -0.0004     5.7367     5.7363     22.291     22.786      0.492    1434.04    1434.04  0.000e+00
       7089     23.000     4.5907     4.5915     0.0008    0.77723    0.77719          1     8.0349     7.9849      98.71     0.3165     0.3305  1.000e-12  0.1075000     7.2373     7.2368    -0.0005     5.7366     5.7362     22.786     23.293      0.704    1434.05    1434.05  0.000e+00
       7104     23.500     4.5929     4.5931     0.0002    0.77732    0.77728          1     8.0280     7.9832      98.71     0.3161     0.3157  1.000e-12  0.1070000     7.2376     7.2373    -0.0004     5.7368     5.7365     23.281     23.799      0.846    1434.06    1434.06  0.000e+00
       7117     24.000     4.5963     4.5968     0.0006    0.77746    0.77743          1     8.0242     7.9833      98.71     0.3092     0.2869  1.000e-12  0.1110000     7.2383     7.2379    -0.0004     5.7372     5.7369     23.777     24.305      0.903    1434.09    1434.09  0.000e+00
       7130     24.500     4.5960     4.5968     0.0008    0.77746    0.77743          1     8.0237     7.9818      98.71     0.3091     0.2847  1.000e-12  0.1141000     7.2382     7.2378    -0.0004     5.7372     5.7368     24.272     24.812      0.870    1434.09    1434.10  0.000e+00
       7144     25.000     4.5959     4.5965     0.0005    0.77746    0.77742          1     8.0284     7.9878      98.71     0.3196     0.3407  1.000e-12  0.1187000     7.2382     7.2378    -0.0005     5.7371     5.7368     24.767     25.318      0.729    1434.10    1434.10  0.000e+00
       7166     25.500     4.5956     4.5961     0.0006    0.77745    0.77741          1     8.0342     7.9927      98.71     0.3182     0.3561  1.000e-12  0.1172000     7.2381     7.2376    -0.0005     5.7371     5.7367     25.263     25.825      0.456    1434.11    1434.11  0.000e+00
       7204     26.000     4.5953     4.5964     0.0011    0.77744    0.77743          1     8.0417     7.9773      98.71     0.3258     0.3450  1.000e-12  0.1239000     7.2381     7.2377    -0.0004     5.7371     5.7367     25.758     26.331      0.315    1434.11    1434.12  0.000e+00
       7234     26.500     4.5957     4.5965     0.0007    0.77746    0.77743          1     8.0358     7.9811      98.71     0.3223     0.3163  1.000e-12  0.1116000     7.2381     7.2377    -0.0004     5.7371     5.7367     26.253     26.837      0.513    1434.12    1434.13  0.000e+00
       7254     27.000     4.5952     4.5964     0.0012    0.77744    0.77743          1     8.0397     7.9763      98.71     0.3252     0.3317  1.000e-12  0.1126000     7.2379     7.2376    -0.0003     5.7370     5.7366     26.749     27.344      0.617    1434.13    1434.13  0.000e+00
       7273     27.500     4.5937     4.5953     0.0016    0.77738    0.77740          1     8.0484     7.9745      98.71     0.3085     0.2981  1.000e-12  0.1235000     7.2376     7.2374    -0.0002     5.7367     5.7366     27.244     27.850      0.656    1434.13    1434.14  0.000e+00
       7291     28.000     4.5935     4.5948     0.0013    0.77738    0.77738          1     8.0471     7.9716      98.71     0.3091     0.2959  1.000e-12  0.1118000     7.2375     7.2373    -0.0002     5.7367     5.7365     27.739     28.356      0.675    1434.14    1434.14  0.000e+00
       7309     28.500     4.5935     4.5937     0.0002    0.77739    0.77734          1     8.0440     7.9732      98.71     0.3132     0.3314  1.000e-12  0.1072000     7.2376     7.2371    -0.0005     5.7368     5.7363     28.235     28.863      0.684    1434.14    1434.14  0.000e+00
       7326     29.000     4.5942     4.5949     0.0007    0.77743    0.77740          1     8.0423     7.9767      98.71     0.3313     0.3169  1.000e-12  0.1128000     7.2378     7.2373    -0.0004     5.7369     5.7365     28.730     29.369      0.680    1434.16    1434.16  0.000e+00
