ctdpy/exports/archive_20191121_122431/received_data/SBE09_0827_20181122_0559_26_01_1216.cnv
* Sea-Bird SBE 9 Data File:
* FileName = D:\CTD_SBE911\DAT\26DA.2018.12.16.hex
* Software Version Seasave V 7.21d
* Temperature SN = 4548
* Conductivity SN = 3062
* Number of Bytes Per Scan = 48
* Number of Voltage Words = 5
* Number of Scans Averaged by the Deck Unit = 1
* NMEA Latitude = 57 03.13 N
* NMEA Longitude = 018 53.83 E
* NMEA UTC (Time) = Nov 22 2018  06:00:51
* NMEA baud rate = 4800
** Ship: DANA
** Average sound velocity: 1441.94 m/s
** True-depth calculation Tue, 02 Apr 2019 12:12:37 +0000
** CTD Python Module SMHI /ver 3-12/ feb 2012 
** LIMS Job: 20182601-1216
** Operator: Ronny
** Cruise: 12/2018
# nquan = 26
# nvalues = 184                         
# units = specified
# name 0 = scan: Scan Count
# name 1 = prDM: Pressure, Digiquartz [db]
# name 2 = t090C: Temperature [ITS-90, deg C]
# name 3 = t190C: Temperature, 2 [ITS-90, deg C]
# name 4 = T2-T190C: Temperature Difference, 2 - 1 [ITS-90, deg C]
# name 5 = c0S/m: Conductivity [S/m]
# name 6 = c1S/m: Conductivity, 2 [S/m]
# name 7 = pumps: Pump Status
# name 8 = sbeox1ML/L: Oxygen, SBE 43, 2 [ml/l]
# name 9 = sbeox0ML/L: Oxygen, SBE 43 [ml/l]
# name 10 = altM: Altimeter [m]
# name 11 = chloroflTC0: Chlorophyll, Turner Cyclops [ug/l]
# name 12 = cpar: CPAR/Corrected Irradiance [%]
# name 13 = par: PAR/Irradiance, Biospherical/Lico [µE/(cm^2*s)]
# name 14 = spar: SPAR, Biospherical/Licor
# name 15 = sal00: Salinity, Practical [PSU]
# name 16 = sal11: Salinity, Practical, 2 [PSU]
# name 17 = secS-priS: Salinity, Practical, Difference, 2 - 1 [PSU]
# name 18 = sigma-t00: Density [sigma-t, kg/m^3 ]
# name 19 = sigma-t11: Density, 2 [sigma-t, kg/m^3 ]
# name 20 = depSM: Depth [salt water, m], lat = 57.0522
# name 21 = depFM: Depth [true depth, m], lat = 57.0522
# name 22 = dz/dtM: Descent Rate [m/s], WS = 2
# name 23 = svCM: Sound Velocity [Chen-Millero, m/s]
# name 24 = svCM1: Sound Velocity, 2 [Chen-Millero, m/s]
# name 25 = flag: flag
# span 0 =        330,       8935       
# span 1 =      1.500,     93.000       
# span 2 =     4.0297,     8.0368       
# span 3 =     4.1145,     8.0352       
# span 4 =    -0.1193,     0.6049       
# span 5 =   0.796147,   1.186277       
# span 6 =   0.797727,   1.188850       
# span 7 =          1,          1       
# span 8 =     0.0943,     7.5163       
# span 9 =     0.0467,     7.7412       
# span 10 =       0.95,       9.96      
# span 11 =     0.0159,     0.0319      
# span 12 = 4.9241e-11, 4.9241e-11      
# span 13 = 1.0000e-12, 1.0000e-12      
# span 14 = 2.0308e+00, 2.0308e+00      
# span 15 =     7.1936,    10.9056      
# span 16 =     7.1936,    10.9273      
# span 17 =    -0.1482,     0.0285      
# span 18 =     5.5044,     8.5615      
# span 19 =     5.5044,     8.5780      
# span 20 =      1.486,     92.125      
# span 21 =      1.519,     94.124      
# span 22 =      0.155,      0.313      
# span 23 =    1432.38,    1448.44      
# span 24 =    1432.94,    1448.45      
# span 25 = 0.0000e+00, 0.0000e+00      
# interval = decibars: 0.5              
# start_time = Nov 22 2018 06:00:52 [NMEA time, first data scan]
# bad_flag = -9.990e-29
*END*
[from data line 112]
       5478     57.500     4.2799     4.3179     0.0379    0.82566    0.82472          1     5.5639     5.6002       9.96     0.0161  4.924e-11  1.000e-12  2.031e+00     7.7913     7.7728    -0.0185     6.1858     6.1700     56.964     58.234      0.250    1433.92    1434.06  0.000e+00
       5521     58.000     4.2892     4.3003     0.0111    0.82633    0.82534          1     5.5164     5.5980       9.96     0.0160  4.924e-11  1.000e-12  2.031e+00     7.7958     7.7831    -0.0127     6.1891     6.1787     57.459     58.740      0.284    1433.97    1434.00  0.000e+00
       5568     58.500     4.3103     4.3037    -0.0065    0.82805    0.82663          1     5.4771     5.5633       9.96     0.0159  4.924e-11  1.000e-12  2.031e+00     7.8082     7.7954    -0.0129     6.1983     6.1883     57.954     59.247      0.244    1434.09    1434.04  0.000e+00
       5613     59.000     4.3218     4.3134    -0.0084    0.82964    0.82779          1     5.4493     5.5068       9.96     0.0159  4.924e-11  1.000e-12  2.031e+00     7.8215     7.8048    -0.0167     6.2085     6.1955     58.450     59.753      0.280    1434.17    1434.11  0.000e+00
       5660     59.500     4.3166     4.3188     0.0022    0.83090    0.82930          1     5.3977     5.4516       9.96     0.0159  4.924e-11  1.000e-12  2.031e+00     7.8354     7.8187    -0.0167     6.2197     6.2064     58.945     60.259      0.241    1434.17    1434.16  0.000e+00
       5707     60.000     4.3110     4.3181     0.0071    0.83267    0.83039          1     5.3532     5.3786       9.96     0.0159  4.924e-11  1.000e-12  2.031e+00     7.8547     7.8299    -0.0248     6.2352     6.2153     59.440     60.765      0.273    1434.17    1434.18  0.000e+00
       5753     60.500     4.2731     4.3066     0.0335    0.83451    0.83254          1     5.2915     5.2329       9.96     0.0159  4.924e-11  1.000e-12  2.031e+00     7.8823     7.8543    -0.0280     6.2582     6.2350     59.935     61.271      0.251    1434.05    1434.16  0.000e+00
       5799     61.000     4.1988     4.2708     0.0720    0.83611    0.83406          1     5.1698     5.0587       9.96     0.0159  4.924e-11  1.000e-12  2.031e+00     7.9164     7.8782    -0.0382     6.2875     6.2551     60.431     61.777      0.274    1433.77    1434.04  0.000e+00
       5845     61.500     4.0672     4.1690     0.1019    0.83812    0.83573          1     5.0283     4.8959       9.96     0.0159  4.924e-11  1.000e-12  2.031e+00     7.9687     7.9197    -0.0490     6.3328     6.2910     60.926     62.283      0.235    1433.25    1433.65  0.000e+00
       5897     62.000     4.0892     4.1299     0.0407    0.84582    0.83949          1     4.8642     4.6294       9.96     0.0159  4.924e-11  1.000e-12  2.031e+00     8.0420     7.9674    -0.0746     6.3903     6.3299     61.421     62.789      0.260    1433.46    1433.54  0.000e+00
       5941     62.500     4.1384     4.1145    -0.0240    0.85137    0.84516          1     4.6689     4.5064       9.96     0.0159  4.924e-11  1.000e-12  2.031e+00     8.0865     8.0290    -0.0575     6.4243     6.3793     61.916     63.295      0.256    1433.74    1433.56  0.000e+00
       5991     63.000     4.3054     4.1860    -0.1193    0.85942    0.85067          1     4.5025     4.3848       9.96     0.0159  4.924e-11  1.000e-12  2.031e+00     8.1273     8.0676    -0.0598     6.4517     6.4079     62.412     63.801      0.246    1434.55    1433.94  0.000e+00
       6037     63.500     4.3405     4.2780    -0.0625    0.86455    0.85750          1     4.3844     4.2363       9.96     0.0159  4.924e-11  1.000e-12  2.031e+00     8.1707     8.1145    -0.0562     6.4849     6.4423     62.907     64.307      0.260    1434.77    1434.42  0.000e+00
       6086     64.000     4.3519     4.3046    -0.0473    0.86872    0.86194          1     4.2396     4.0995       9.96     0.0159  4.924e-11  1.000e-12  2.031e+00     8.2101     8.1530    -0.0572     6.5159     6.4720     63.402     64.813      0.241    1434.88    1434.59  0.000e+00
       6133     64.500     4.3594     4.3355    -0.0239    0.87278    0.86704          1     4.1187     3.9612       9.96     0.0159  4.924e-11  1.000e-12  2.031e+00     8.2495     8.1971    -0.0523     6.5468     6.5061     63.897     65.319      0.258    1434.97    1434.80  0.000e+00
       6182     65.000     4.3663     4.3495    -0.0168    0.87793    0.87143          1     3.9750     3.8011       9.96     0.0159  4.924e-11  1.000e-12  2.031e+00     8.3000     8.2382    -0.0618     6.5867     6.5382     64.393     65.825      0.241    1435.07    1434.92  0.000e+00
       6231     65.500     4.3758     4.3639    -0.0119    0.88280    0.87709          1     3.8094     3.6332       9.96     0.0159  4.924e-11  1.000e-12  2.031e+00     8.3471     8.2921    -0.0550     6.6237     6.5805     64.888     66.331      0.239    1435.18    1435.06  0.000e+00
       6281     66.000     4.3948     4.3787    -0.0162    0.89083    0.88293          1     3.6422     3.4242       9.96     0.0159  4.924e-11  1.000e-12  2.031e+00     8.4239     8.3476    -0.0763     6.6840     6.6240     65.383     66.837      0.249    1435.38    1435.20  0.000e+00
       6329     66.500     4.4115     4.3965    -0.0150    0.89780    0.89092          1     3.4396     3.1823       9.96     0.0159  4.924e-11  1.000e-12  2.031e+00     8.4905     8.4244    -0.0662     6.7363     6.6843     65.878     67.343      0.249    1435.54    1435.39  0.000e+00
       6379     67.000     4.3871     4.3964     0.0092    0.90334    0.89473          1     3.2440     2.9500       9.96     0.0162  4.924e-11  1.000e-12  2.031e+00     8.5531     8.4631    -0.0901     6.7867     6.7150     66.374     67.849      0.237    1435.52    1435.45  0.000e+00
       6428     67.500     4.3644     4.3793     0.0149    0.90711    0.90201          1     3.0479     2.7004       9.96     0.0159  4.924e-11  1.000e-12  2.031e+00     8.5974     8.5415    -0.0559     6.8226     6.7778     66.869     68.355      0.253    1435.48    1435.48  0.000e+00
       6474     68.000     4.3769     4.3733    -0.0036    0.91138    0.90654          1     2.7642     2.4747       9.96     0.0160  4.924e-11  1.000e-12  2.031e+00     8.6376     8.5892    -0.0483     6.8540     6.8158     67.364     68.860      0.262    1435.60    1435.52  0.000e+00
       6521     68.500     4.4028     4.3840    -0.0188    0.91542    0.91031          1     2.5897     2.3788       9.96     0.0159  4.924e-11  1.000e-12  2.031e+00     8.6720     8.6248    -0.0472     6.8804     6.8436     67.859     69.366      0.246    1435.77    1435.62  0.000e+00
       6572     69.000     4.4508     4.3968    -0.0538    0.92147    0.91274          1     2.4884     2.2013       9.96     0.0159  4.924e-11  1.000e-12  2.031e+00     8.7208     8.6461    -0.0748     6.9175     6.8601     68.355     69.872      0.242    1436.05    1435.72  0.000e+00
       6617     69.500     4.4967     4.4503    -0.0464    0.92932    0.92088          1     2.3273     1.9829       9.96     0.0159  4.924e-11  1.000e-12  2.031e+00     8.7885     8.7149    -0.0736     6.9695     6.9128     68.850     70.378      0.283    1436.35    1436.05  0.000e+00
       6659     70.000     4.5630     4.5007    -0.0623    0.94000    0.92934          1     2.0636     1.7127       9.96     0.0159  4.924e-11  1.000e-12  2.031e+00     8.8794     8.7877    -0.0918     7.0391     6.9686     69.345     70.883      0.271    1436.77    1436.37  0.000e+00
       6707     70.500     4.6182     4.5151    -0.1032    0.95026    0.93297          1     1.9097     1.3683       9.96     0.0159  4.924e-11  1.000e-12  2.031e+00     8.9689     8.8207    -0.1482     7.1078     6.9943     69.840     71.389      0.256    1437.13    1436.49  0.000e+00
       6750     71.000     4.6885     4.6106    -0.0778    0.96045    0.94838          1     1.6142     1.1001       9.96     0.0159  4.924e-11  1.000e-12  2.031e+00     9.0532     8.9516    -0.1015     7.1718     7.0945     70.336     71.895      0.282    1437.56    1437.08  0.000e+00
       6797     71.500     4.7984     4.6800    -0.1183    0.97364    0.95862          1     1.2850     1.0820       9.96     0.0159  4.924e-11  1.000e-12  2.031e+00     9.1567     9.0368    -0.1198     7.2493     7.1592     70.831     72.400      0.248    1438.18    1437.51  0.000e+00
       6842     72.000     4.8579     4.7746    -0.0835    0.98232    0.97073          1     1.2140     0.9950       9.96     0.0159  4.924e-11  1.000e-12  2.031e+00     9.2280     9.1336    -0.0944     7.3032     7.2320     71.326     72.906      0.284    1438.54    1438.06  0.000e+00
       6886     72.500     4.9506     4.8610    -0.0895    0.99600    0.98319          1     1.0305     0.7335       9.96     0.0159  4.924e-11  1.000e-12  2.031e+00     9.3404     9.2359    -0.1045     7.3881     7.3093     71.821     73.412      0.255    1439.10    1438.58  0.000e+00
       6933     73.000     5.0168     4.9258    -0.0909    1.00632    0.99260          1     0.8340     0.5377       9.96     0.0160  4.924e-11  1.000e-12  2.031e+00     9.4259     9.3130    -0.1130     7.4527     7.3675     72.316     73.917      0.267    1439.51    1438.97  0.000e+00
       6976     73.500     5.0685     4.9962    -0.0722    1.01389    1.00251          1     0.7000     0.4520       9.96     0.0159  4.924e-11  1.000e-12  2.031e+00     9.4877     9.3932    -0.0945     7.4992     7.4278     72.812     74.423      0.288    1439.82    1439.38  0.000e+00
       7017     74.000     5.1156     5.0623    -0.0533    1.02165    1.01283          1     0.5697     0.3706       9.96     0.0159  4.924e-11  1.000e-12  2.031e+00     9.5524     9.4786    -0.0738     7.5481     7.4922     73.307     74.928      0.290    1440.12    1439.79  0.000e+00
       7061     74.500     5.1587     5.1059    -0.0528    1.02824    1.02033          1     0.4488     0.2885       9.96     0.0159  4.924e-11  1.000e-12  2.031e+00     9.6064     9.5418    -0.0646     7.5887     7.5402     73.802     75.433      0.259    1440.38    1440.07  0.000e+00
       7107     75.000     5.2029     5.1523    -0.0505    1.03509    1.02756          1     0.3647     0.2212       9.96     0.0164  4.924e-11  1.000e-12  2.031e+00     9.6625     9.6013    -0.0612     7.6309     7.5850     74.297     75.939      0.275    1440.65    1440.35  0.000e+00
       7151     75.500     5.2328     5.1899    -0.0429    1.03919    1.03302          1     0.2990     0.2006       9.96     0.0159  4.924e-11  1.000e-12  2.031e+00     9.6950     9.6453    -0.0497     7.6551     7.6180     74.793     76.444      0.263    1440.83    1440.58  0.000e+00
       7197     76.000     5.2705     5.2309    -0.0396    1.04534    1.03940          1     0.2470     0.1529       9.96     0.0159  4.924e-11  1.000e-12  2.031e+00     9.7458     9.6976    -0.0482     7.6934     7.6573     75.288     76.950      0.263    1441.07    1440.83  0.000e+00
       7241     76.500     5.3052     5.2550    -0.0503    1.05094    1.04294          1     0.2129     0.1254       9.96     0.0159  4.924e-11  1.000e-12  2.031e+00     9.7919     9.7261    -0.0658     7.7280     7.6786     75.783     77.455      0.275    1441.28    1440.98  0.000e+00
       7287     77.000     5.3338     5.3056    -0.0283    1.05576    1.05135          1     0.1802     0.1180       9.96     0.0159  4.924e-11  1.000e-12  2.031e+00     9.8319     9.7959    -0.0361     7.7581     7.7311     76.278     77.960      0.259    1441.47    1441.30  0.000e+00
       7330     77.500     5.3713     5.3187    -0.0525    1.06129    1.05361          1     0.1597     0.1033       9.96     0.0159  4.924e-11  1.000e-12  2.031e+00     9.8764     9.8147    -0.0617     7.7913     7.7453     76.773     78.466      0.289    1441.69    1441.39  0.000e+00
       7374     78.000     5.3871     5.3533    -0.0338    1.06483    1.05921          1     0.1475     0.0942       9.96     0.0159  4.924e-11  1.000e-12  2.031e+00     9.9072     9.8607    -0.0465     7.8147     7.7798     77.269     78.971      0.257    1441.81    1441.60  0.000e+00
       7421     78.500     5.4171     5.3867    -0.0305    1.07035    1.06562          1     0.1314     0.0916       9.96     0.0159  4.924e-11  1.000e-12  2.031e+00     9.9536     9.9151    -0.0385     7.8498     7.8210     77.764     79.476      0.270    1442.00    1441.82  0.000e+00
       7466     79.000     5.4536     5.4144    -0.0391    1.07635    1.07047          1     0.1276     0.0889       9.96     0.0159  4.924e-11  1.000e-12  2.031e+00    10.0029     9.9555    -0.0473     7.8868     7.8515     78.259     79.982      0.243    1442.23    1442.00  0.000e+00
       7516     79.500     5.4988     5.4516    -0.0472    1.08382    1.07707          1     0.1194     0.0868       9.96     0.0162  4.924e-11  1.000e-12  2.031e+00    10.0642    10.0106    -0.0536     7.9327     7.8930     78.754     80.487      0.266    1442.51    1442.24  0.000e+00
       7559     80.000     5.5337     5.4909    -0.0429    1.08972    1.08296          1     0.1210     0.0835       9.96     0.0159  4.924e-11  1.000e-12  2.031e+00    10.1127    10.0578    -0.0548     7.9690     7.9281     79.250     80.992      0.264    1442.73    1442.48  0.000e+00
       7608     80.500     5.5640     5.5346    -0.0293    1.09463    1.09060          1     0.1184     0.0807       9.96     0.0160  4.924e-11  1.000e-12  2.031e+00    10.1527    10.1212    -0.0315     7.9989     7.9757     79.745     81.497      0.245    1442.92    1442.76  0.000e+00
       7654     81.000     5.5939     5.5609    -0.0330    1.09955    1.09502          1     0.1160     0.0784       9.96     0.0159  4.924e-11  1.000e-12  2.031e+00    10.1927    10.1574    -0.0353     8.0289     8.0029     80.240     82.003      0.263    1443.11    1442.92  0.000e+00
       7701     81.500     5.6142     5.5865    -0.0277    1.10285    1.09920          1     0.1174     0.0732       9.96     0.0162  4.924e-11  1.000e-12  2.031e+00    10.2195    10.1915    -0.0280     8.0488     8.0283     80.735     82.508      0.256    1443.24    1443.08  0.000e+00
       7747     82.000     5.6295     5.6118    -0.0177    1.10524    1.10303          1     0.1115     0.0735       9.96     0.0164  4.924e-11  1.000e-12  2.031e+00    10.2387    10.2220    -0.0166     8.0631     8.0510     81.230     83.013      0.255    1443.34    1443.24  0.000e+00
       7798     82.500     5.6624     5.6331    -0.0292    1.11056    1.10646          1     0.1117     0.0712       9.96     0.0160  4.924e-11  1.000e-12  2.031e+00    10.2818    10.2497    -0.0321     8.0953     8.0716     81.726     83.518      0.230    1443.54    1443.37  0.000e+00
       7847     83.000     5.7005     5.6686    -0.0320    1.11720    1.11229          1     0.1101     0.0696       9.96     0.0160  4.924e-11  1.000e-12  2.031e+00    10.3364    10.2971    -0.0393     8.1361     8.1069     82.221     84.023      0.261    1443.78    1443.59  0.000e+00
       7892     83.500     5.7322     5.7060    -0.0261    1.12291    1.11912          1     0.1075     0.0661       9.96     0.0160  4.924e-11  1.000e-12  2.031e+00    10.3836    10.3538    -0.0299     8.1715     8.1494     82.716     84.529      0.270    1443.98    1443.83  0.000e+00
       7938     84.000     5.7576     5.7376    -0.0201    1.12759    1.12459          1     0.1086     0.0663       9.96     0.0160  4.924e-11  1.000e-12  2.031e+00    10.4225    10.3986    -0.0239     8.2006     8.1830     83.211     85.034      0.247    1444.15    1444.03  0.000e+00
       7987     84.500     5.7878     5.7676    -0.0202    1.13262    1.12977          1     0.1084     0.0651       9.74     0.0160  4.924e-11  1.000e-12  2.031e+00    10.4631    10.4410    -0.0221     8.2309     8.2146     83.706     85.539      0.254    1444.34    1444.23  0.000e+00
