ctdpy/exports/archive_20191121_122431/received_data/SBE09_1044_20180530_0318_34_07_0044.cnv
* Sea-Bird SBE 9 Data File:
* FileName = C:\ctd\temp\2018\AU18D044.hex
* Software Version Seasave V 7.26.6.26
* Temperature SN = 5351
* Conductivity SN = 3941
* Number of Bytes Per Scan = 41
* Number of Voltage Words = 4
* Number of Scans Averaged by the Deck Unit = 1
* NMEA Latitude = 57 07.04 N
* NMEA Longitude = 017 40.12 E
* NMEA UTC (Time) = May 30 2018  03:18:07
* NMEA baud rate = 4800
** Station:  BY38
** Operator:  JKro
** Ship: AURA
** Average sound velocity: 1439.64 m/s
** True-depth calculation Wed, 30 May 2018 04:25:25 +0000
** CTD Python Module SMHI /ver 3-12/ feb 2012 
** LIMS Job: 20183407-0044
** Cruise: SMHI-02-2018
** Latitude [GG MM.mm N] :
** Longitude [GG MM.mm E]:
# nquan = 26
# nvalues = 208                         
# units = specified
# name 0 = scan: Scan Count
# name 1 = prDM: Pressure, Digiquartz [db]
# name 2 = t090C: Temperature [ITS-90, deg C]
# name 3 = t190C: Temperature, 2 [ITS-90, deg C]
# name 4 = T2-T190C: Temperature Difference, 2 - 1 [ITS-90, deg C]
# name 5 = c0S/m: Conductivity [S/m]
# name 6 = c1S/m: Conductivity, 2 [S/m]
# name 7 = pumps: Pump Status
# name 8 = sbeox0ML/L: Oxygen, SBE 43 [ml/l]
# name 9 = sbeox1ML/L: Oxygen, SBE 43, 2 [ml/l]
# name 10 = altM: Altimeter [m]
# name 11 = flECO-AFL: Chl-a Fluorescence, WET Labs ECO-AFL/FL [mg/m^3]
# name 12 = flECO-AFL1: Phycocyanin Fluorescence, WET Labs ECO-AFL/FL, 2 [mg/m^3]
# name 13 = par: PAR/Irradiance, Biospherical/Lico [µE/(cm^2*s)]
# name 14 = turbWETntu0: Turbidity, WET Labs ECO [NTU]
# name 15 = sal00: Salinity, Practical [PSU]
# name 16 = sal11: Salinity, Practical, 2 [PSU]
# name 17 = secS-priS: Salinity, Practical, Difference, 2 - 1 [PSU]
# name 18 = sigma-t00: Density [sigma-t, Kg/m^3 ]
# name 19 = sigma-t11: Density, 2 [sigma-t, Kg/m^3 ]
# name 20 = depSM: Depth [salt water, m], lat = 57.1173
# name 21 = depFM: Depth [true depth, m], lat = 57.1173
# name 22 = dz/dtM: Descent Rate [m/s], WS = 2
# name 23 = svCM: Sound Velocity [Chen-Millero, m/s]
# name 24 = svCM1: Sound Velocity, 2 [Chen-Millero, m/s]
# name 25 = flag: flag
# span 0 =      13489,      19770       
# span 1 =      1.000,    104.500       
# span 2 =     2.9319,    11.9219       
# span 3 =     2.9332,    11.6967       
# span 4 =    -0.2519,     0.1986       
# span 5 =   0.749741,   1.124216       
# span 6 =   0.749730,   1.124203       
# span 7 =          1,          1       
# span 8 =   -0.10428,    9.41826       
# span 9 =   -0.42224,    9.41450       
# span 10 =       1.96,      97.47      
# span 11 =     0.2100,     9.1847      
# span 12 =     0.1652,     0.9662      
# span 13 = 2.9648e-13, 2.1014e+03      
# span 14 =     0.1195,     1.0721      
# span 15 =     7.0553,    10.4119      
# span 16 =     7.0512,    10.4114      
# span 17 =    -0.0108,     0.0146      
# span 18 =     5.0630,     8.1973      
# span 19 =     5.0873,     8.1969      
# span 20 =      0.991,    103.513      
# span 21 =      1.013,    105.748      
# span 22 =     -0.139,      0.482      
# span 23 =    1427.11,    1463.42      
# span 24 =    1427.11,    1462.57      
# span 25 = 0.0000e+00, 0.0000e+00      
# interval = decibars: 0.5              
# start_time = May 30 2018 03:18:07 [NMEA time, first data scan]
# bad_flag = -9.990e-29
*END*
[from data line 56]
      14997     29.000     4.7577     4.7658     0.0081    0.77730    0.77742          1     8.9191     8.8389      84.61     0.4299     0.2853  1.547e-06  0.1613000     7.2008     7.2003    -0.0006     5.7020     5.7012     28.731     29.379      0.459    1434.83    1434.87  0.000e+00
      15024     29.500     4.6231     4.6239     0.0010    0.77514    0.77511          1     8.8974     8.7949      89.74     0.3997     0.2468  2.965e-13  0.1566000     7.2085     7.2080    -0.0005     5.7127     5.7123     29.227     29.885      0.452    1434.25    1434.26  0.000e+00
      15050     30.000     4.5130     4.5143     0.0013    0.77370    0.77370          1     8.8636     8.7679      80.11     0.3684     0.2290  1.000e-12  0.1502000     7.2181     7.2178    -0.0003     5.7239     5.7236     29.722     30.392      0.465    1433.79    1433.79  0.000e+00
      15075     30.500     4.4179     4.4168    -0.0012    0.77220    0.77217          1     8.8722     8.7703      79.95     0.3741     0.2129  1.000e-12  0.1580000     7.2238     7.2238    -0.0000     5.7314     5.7314     30.217     30.898      0.478    1433.38    1433.37  0.000e+00
      15100     31.000     4.3470     4.3465    -0.0005    0.77102    0.77099          1     8.8732     8.7542      89.44     0.3643     0.1917  1.000e-12  0.1536000     7.2275     7.2272    -0.0002     5.7364     5.7362     30.713     31.404      0.478    1433.07    1433.07  0.000e+00
      15125     31.500     4.2960     4.3006     0.0046    0.77055    0.77061          1     8.8907     8.7719      88.41     0.3458     0.2252  1.000e-12  0.1484000     7.2338     7.2335    -0.0003     5.7429     5.7425     31.208     31.911      0.469    1432.86    1432.88  0.000e+00
      15151     32.000     4.1600     4.1650     0.0050    0.76824    0.76828          1     8.8361     8.7293      78.47     0.3458     0.2173  1.000e-12  0.1491000     7.2404     7.2398    -0.0006     5.7519     5.7512     31.703     32.417      0.461    1432.27    1432.29  0.000e+00
      15178     32.500     4.0548     4.0643     0.0095    0.76666    0.76684          1     8.7588     8.6548      87.41     0.3571     0.2082  1.000e-12  0.1496000     7.2476     7.2473    -0.0003     5.7602     5.7598     32.199     32.924      0.457    1431.81    1431.86  0.000e+00
      15204     33.000     3.8425     3.8465     0.0040    0.76230    0.76238          1     8.7280     8.6048      77.91     0.3561     0.2316  1.000e-12  0.1521000     7.2503     7.2502    -0.0001     5.7674     5.7672     32.694     33.430      0.465    1430.87    1430.89  0.000e+00
      15229     33.500     3.7823     3.7816    -0.0007    0.76168    0.76162          1     8.7180     8.5974      76.70     0.3138     0.2357  1.000e-12  0.1407000     7.2573     7.2569    -0.0004     5.7742     5.7739     33.189     33.936      0.476    1430.61    1430.61  0.000e+00
      15254     34.000     3.7913     3.7912    -0.0001    0.76268    0.76259          1     8.7310     8.6192      76.32     0.2904     0.2537  1.000e-12  0.1303000     7.2654     7.2645    -0.0009     5.7805     5.7798     33.685     34.443      0.477    1430.67    1430.67  0.000e+00
      15280     34.500     3.8037     3.8045     0.0008    0.76383    0.76376          1     8.7286     8.6130      75.63     0.3030     0.2115  1.000e-12  0.1436000     7.2744     7.2735    -0.0008     5.7873     5.7866     34.180     34.949      0.468    1430.75    1430.75  0.000e+00
      15305     35.000     3.7937     3.7968     0.0031    0.76428    0.76432          1     8.7703     8.6584      75.04     0.3091     0.2312  1.000e-12  0.1523000     7.2812     7.2809    -0.0003     5.7930     5.7926     34.675     35.455      0.462    1430.72    1430.73  0.000e+00
      15331     35.500     3.7550     3.7554     0.0004    0.76405    0.76399          1     8.8716     8.7780      74.47     0.2964     0.2220  1.000e-12  0.1474000     7.2874     7.2867    -0.0007     5.7987     5.7981     35.171     35.962      0.463    1430.56    1430.56  0.000e+00
      15357     36.000     3.7635     3.7650     0.0015    0.76496    0.76491          1     8.7462     8.6860      73.86     0.2783     0.1682  1.000e-12  0.1433000     7.2948     7.2939    -0.0009     5.8044     5.8036     35.666     36.468      0.467    1430.62    1430.62  0.000e+00
      15383     36.500     3.5255     3.5500     0.0244    0.75961    0.76035          1     8.6756     8.6019      73.32     0.2856     0.1894  1.000e-12  0.1367000     7.2931     7.2951     0.0020     5.8073     5.8085     36.161     36.974      0.471    1429.54    1429.65  0.000e+00
      15408     37.000     3.1314     3.1312    -0.0001    0.75076    0.75076          1     8.6252     8.5192      72.81     0.2833     0.2215  1.000e-12  0.1345000     7.2903     7.2903    -0.0000     5.8108     5.8108     36.657     37.481      0.472    1427.74    1427.74  0.000e+00
      15434     37.500     3.0918     3.0905    -0.0013    0.75031    0.75023          1     8.5694     8.4536      72.35     0.2659     0.2251  1.000e-12  0.1292000     7.2945     7.2939    -0.0005     5.8145     5.8141     37.152     37.987      0.472    1427.57    1427.57  0.000e+00
      15459     38.000     3.0499     3.0519     0.0020    0.74974    0.74973          1     8.5485     8.4183      71.80     0.2604     0.2220  1.000e-12  0.1318000     7.2980     7.2974    -0.0006     5.8178     5.8173     37.647     38.493      0.465    1427.39    1427.40  0.000e+00
      15485     38.500     3.0434     3.0448     0.0014    0.75011    0.75010          1     8.5572     8.4241      71.23     0.2603     0.1781  1.000e-12  0.1271000     7.3032     7.3028    -0.0004     5.8220     5.8217     38.142     39.000      0.454    1427.38    1427.38  0.000e+00
      15512     39.000     3.0228     3.0241     0.0012    0.75000    0.74999          1     8.5660     8.4328      70.70     0.2464     0.2005  1.000e-12  0.1265000     7.3067     7.3063    -0.0004     5.8250     5.8247     38.638     39.506      0.456    1427.29    1427.30  0.000e+00
      15538     39.500     3.0386     3.0395     0.0009    0.75073    0.75069          1     8.5658     8.4419      70.25     0.2437     0.2688  1.000e-12  0.1352000     7.3107     7.3101    -0.0006     5.8280     5.8275     39.133     40.012      0.463    1427.38    1427.38  0.000e+00
      15564     40.000     3.0324     3.0334     0.0010    0.75084    0.75082          1     8.5617     8.4411      69.67     0.2404     0.2340  1.000e-12  0.1370000     7.3132     7.3127    -0.0005     5.8301     5.8297     39.628     40.518      0.458    1427.36    1427.37  0.000e+00
      15590     40.500     3.0260     3.0276     0.0016    0.75093    0.75092          1     8.5542     8.4385      69.22     0.2364     0.2247  1.000e-12  0.1356000     7.3155     7.3151    -0.0004     5.8320     5.8316     40.124     41.025      0.456    1427.34    1427.35  0.000e+00
      15617     41.000     3.0056     3.0071     0.0015    0.75076    0.75074          1     8.5592     8.4385      68.70     0.2448     0.2015  1.000e-12  0.1367000     7.3183     7.3178    -0.0005     5.8344     5.8340     40.619     41.531      0.458    1427.26    1427.27  0.000e+00
      15643     41.500     2.9955     2.9964     0.0009    0.75078    0.75074          1     8.5574     8.4448      68.33     0.2231     0.2355  1.000e-12  0.1408000     7.3207     7.3201    -0.0006     5.8364     5.8359     41.114     42.037      0.460    1427.23    1427.23  0.000e+00
      15669     42.000     2.9998     3.0010     0.0012    0.75154    0.75150          1     8.5322     8.4239      67.66     0.2398     0.2296  1.000e-12  0.1300000     7.3276     7.3269    -0.0007     5.8419     5.8413     41.610     42.544      0.457    1427.26    1427.27  0.000e+00
      15695     42.500     2.9929     2.9951     0.0022    0.75177    0.75177          1     8.4997     8.3851      67.11     0.2581     0.2103  1.000e-12  0.1286000     7.3315     7.3310    -0.0005     5.8451     5.8447     42.105     43.050      0.456    1427.24    1427.25  0.000e+00
      15721     43.000     2.9684     2.9701     0.0017    0.75142    0.75140          1     8.4857     8.3655      66.69     0.2309     0.2184  1.000e-12  0.1256000     7.3334     7.3328    -0.0006     5.8468     5.8463     42.600     43.556      0.460    1427.14    1427.15  0.000e+00
      15747     43.500     2.9624     2.9629     0.0005    0.75166    0.75162          1     8.4818     8.3511      66.11     0.2340     0.2161  1.000e-12  0.1348000     7.3372     7.3367    -0.0005     5.8499     5.8495     43.096     44.063      0.459    1427.13    1427.13  0.000e+00
      15774     44.000     2.9900     2.9907     0.0007    0.75281    0.75276          1     8.4707     8.3619      65.46     0.2256     0.2443  1.000e-12  0.1316000     7.3430     7.3422    -0.0007     5.8542     5.8536     43.591     44.569      0.453    1427.27    1427.27  0.000e+00
      15800     44.500     2.9977     2.9992     0.0015    0.75350    0.75347          1     8.4694     8.3593      64.87     0.2467     0.2280  1.000e-12  0.1253000     7.3483     7.3477    -0.0007     5.8584     5.8579     44.086     45.075      0.449    1427.32    1427.32  0.000e+00
      15827     45.000     3.0070     3.0069    -0.0001    0.75423    0.75415          1     8.4461     8.3101      64.34     0.2127     0.1993  1.000e-12  0.1195000     7.3537     7.3530    -0.0008     5.8627     5.8620     44.581     45.582      0.458    1427.38    1427.38  0.000e+00
      15853     45.500     3.0400     3.0418     0.0019    0.75546    0.75544          1     8.3740     8.2259      63.83     0.2358     0.2017  1.000e-12  0.1364000     7.3590     7.3584    -0.0006     5.8666     5.8661     45.077     46.088      0.461    1427.54    1427.55  0.000e+00
      15879     46.000     3.0527     3.0547     0.0020    0.75628    0.75627          1     8.3102     8.1688      63.37     0.2350     0.2657  1.000e-12  0.1358000     7.3646     7.3640    -0.0005     5.8708     5.8704     45.572     46.594      0.455    1427.62    1427.63  0.000e+00
      15906     46.500     3.0211     3.0238     0.0027    0.75572    0.75572          1     8.2607     8.1293      62.77     0.2130     0.2378  1.000e-12  0.1374000     7.3659     7.3653    -0.0006     5.8722     5.8717     46.067     47.100      0.446    1427.48    1427.49  0.000e+00
      15933     47.000     2.9744     2.9775     0.0031    0.75478    0.75478          1     8.2149     8.0920      62.33     0.2236     0.2257  1.000e-12  0.1353000     7.3667     7.3660    -0.0007     5.8733     5.8728     46.563     47.607      0.442    1427.28    1427.29  0.000e+00
      15960     47.500     2.9452     2.9471     0.0019    0.75427    0.75426          1     8.1891     8.0731      61.82     0.2261     0.1869  1.000e-12  0.1339000     7.3680     7.3674    -0.0006     5.8746     5.8741     47.058     48.113      0.450    1427.15    1427.16  0.000e+00
      15986     48.000     2.9351     2.9367     0.0016    0.75419    0.75418          1     8.1659     8.0629      61.26     0.2305     0.2166  1.000e-12  0.1470000     7.3695     7.3689    -0.0006     5.8758     5.8754     47.553     48.619      0.454    1427.11    1427.12  0.000e+00
      16013     48.500     2.9319     2.9332     0.0014    0.75426    0.75424          1     8.1496     8.0515      60.70     0.2187     0.2239  1.000e-12  0.1372000     7.3708     7.3703    -0.0006     5.8769     5.8765     48.048     49.126      0.445    1427.11    1427.11  0.000e+00
      16040     49.000     2.9538     2.9550     0.0012    0.75496    0.75492          1     8.1617     8.0607      60.15     0.2271     0.2254  1.000e-12  0.1357000     7.3730     7.3723    -0.0007     5.8785     5.8780     48.544     49.632      0.434    1427.22    1427.22  0.000e+00
      16068     49.500     3.0017     3.0019     0.0002    0.75636    0.75627          1     8.2171     8.1485      59.71     0.2101     0.2148  1.000e-12  0.1429000     7.3767     7.3756    -0.0010     5.8810     5.8802     49.039     50.138      0.437    1427.45    1427.45  0.000e+00
      16095     50.000     3.0517     3.0523     0.0007    0.75792    0.75786          1     8.3092     8.2536      59.33     0.2228     0.2283  1.000e-12  0.1340000     7.3814     7.3807    -0.0007     5.8843     5.8837     49.534     50.645      0.446    1427.70    1427.70  0.000e+00
      16122     50.500     3.0614     3.0648     0.0033    0.75835    0.75837          1     8.3753     8.2896      58.71     0.2295     0.2606  1.000e-12  0.1267000     7.3836     7.3831    -0.0005     5.8860     5.8855     50.030     51.151      0.449    1427.75    1427.77  0.000e+00
      16149     51.000     3.0489     3.0495     0.0006    0.75831    0.75824          1     8.3607     8.2474      58.06     0.2390     0.2259  1.000e-12  0.1345000     7.3859     7.3851    -0.0008     5.8880     5.8873     50.525     51.657      0.442    1427.71    1427.71  0.000e+00
      16176     51.500     3.0096     3.0155     0.0058    0.75771    0.75777          1     8.2937     8.1658      57.54     0.2332     0.2071  1.000e-12  0.1371000     7.3887     7.3880    -0.0007     5.8905     5.8899     51.020     52.163      0.441    1427.54    1427.56  0.000e+00
      16203     52.000     2.9802     2.9819     0.0017    0.75739    0.75736          1     8.2164     8.0857      57.04     0.2119     0.2169  1.000e-12  0.1374000     7.3920     7.3913    -0.0007     5.8934     5.8929     51.515     52.670      0.452    1427.41    1427.42  0.000e+00
      16229     52.500     2.9841     2.9851     0.0010    0.75774    0.75770          1     8.1642     8.0518      56.49     0.2198     0.2553  1.000e-12  0.1382000     7.3947     7.3941    -0.0006     5.8956     5.8951     52.011     53.176      0.455    1427.44    1427.45  0.000e+00
      16256     53.000     2.9902     2.9917     0.0014    0.75810    0.75807          1     8.1743     8.0766      55.92     0.2100     0.2472  1.000e-12  0.1467000     7.3971     7.3964    -0.0007     5.8974     5.8968     52.506     53.682      0.437    1427.48    1427.49  0.000e+00
      16284     53.500     2.9968     2.9981     0.0013    0.75852    0.75848          1     8.1901     8.0901      55.40     0.2322     0.2333  1.000e-12  0.1285000     7.3998     7.3991    -0.0007     5.8995     5.8989     53.001     54.189      0.435    1427.52    1427.53  0.000e+00
      16311     54.000     3.0002     3.0023     0.0021    0.75895    0.75892          1     8.1801     8.0715      54.94     0.2246     0.2246  1.000e-12  0.1373000     7.4035     7.4027    -0.0007     5.9024     5.9018     53.497     54.695      0.453    1427.55    1427.56  0.000e+00
      16337     54.500     2.9873     2.9892     0.0020    0.75912    0.75909          1     8.1331     8.0272      54.49     0.2247     0.2218  1.000e-12  0.1258000     7.4081     7.4074    -0.0008     5.9063     5.9056     53.992     55.201      0.466    1427.51    1427.51  0.000e+00
      16363     55.000     2.9548     2.9581     0.0033    0.75918    0.75917          1     8.0843     7.9615      54.16     0.2349     0.2638  1.000e-12  0.1348000     7.4163     7.4153    -0.0009     5.9130     5.9122     54.487     55.707      0.457    1427.38    1427.39  0.000e+00
      16389     55.500     2.9347     2.9359     0.0012    0.75957    0.75950          1     8.0141     7.8734      54.21     0.2235     0.2449  1.000e-12  0.1438000     7.4250     7.4239    -0.0010     5.9201     5.9193     54.982     56.214      0.447    1427.30    1427.30  0.000e+00
      16416     56.000     2.9332     2.9348     0.0016    0.76086    0.76078          1     7.8977     7.7478      53.94     0.2129     0.2589  1.000e-12  0.1531000     7.4387     7.4375    -0.0012     5.9311     5.9301     55.478     56.720      0.452    1427.32    1427.32  0.000e+00
