ctdpy/exports/archive_20191121_122431/received_data/SBE09_0827_20181012_2151_26_01_1086.cnv
* Sea-Bird SBE 9 Data File:
* FileName = D:\CTD_SBE911\DAT\26DA.2018.10.86.hex
* Software Version Seasave V 7.21d
* Temperature SN = 4548
* Conductivity SN = 3062
* Number of Bytes Per Scan = 48
* Number of Voltage Words = 5
* Number of Scans Averaged by the Deck Unit = 1
* NMEA Latitude = 55 54.25 N
* NMEA Longitude = 016 44.27 E
* NMEA UTC (Time) = Oct 12 2018  21:54:00
* NMEA baud rate = 4800
** Ship: DANA
** Average sound velocity: 1447.67 m/s
** True-depth calculation Thu, 28 Mar 2019 12:28:24 +0000
** CTD Python Module SMHI /ver 3-12/ feb 2012 
** LIMS Job: 20182601-1086
** Operator: Christian A-KTh
** Cruise: 10/2018
# nquan = 26
# nvalues = 72                          
# units = specified
# name 0 = scan: Scan Count
# name 1 = prDM: Pressure, Digiquartz [db]
# name 2 = t090C: Temperature [ITS-90, deg C]
# name 3 = t190C: Temperature, 2 [ITS-90, deg C]
# name 4 = T2-T190C: Temperature Difference, 2 - 1 [ITS-90, deg C]
# name 5 = c0S/m: Conductivity [S/m]
# name 6 = c1S/m: Conductivity, 2 [S/m]
# name 7 = pumps: Pump Status
# name 8 = sbeox1ML/L: Oxygen, SBE 43, 2 [ml/l]
# name 9 = sbeox0ML/L: Oxygen, SBE 43 [ml/l]
# name 10 = altM: Altimeter [m]
# name 11 = chloroflTC0: Chlorophyll, Turner Cyclops [ug/l]
# name 12 = cpar: CPAR/Corrected Irradiance [%]
# name 13 = par: PAR/Irradiance, Biospherical/Lico [µE/(cm^2*s)]
# name 14 = spar: SPAR, Biospherical/Licor
# name 15 = sal00: Salinity, Practical [PSU]
# name 16 = sal11: Salinity, Practical, 2 [PSU]
# name 17 = secS-priS: Salinity, Practical, Difference, 2 - 1 [PSU]
# name 18 = sigma-t00: Density [sigma-t, kg/m^3 ]
# name 19 = sigma-t11: Density, 2 [sigma-t, kg/m^3 ]
# name 20 = depSM: Depth [salt water, m], lat = 55.9042
# name 21 = depFM: Depth [true depth, m], lat = 55.9042
# name 22 = dz/dtM: Descent Rate [m/s], WS = 2
# name 23 = svCM: Sound Velocity [Chen-Millero, m/s]
# name 24 = svCM1: Sound Velocity, 2 [Chen-Millero, m/s]
# name 25 = flag: flag
# span 0 =        312,       3875       
# span 1 =      1.500,     37.000       
# span 2 =     4.9162,    10.0138       
# span 3 =     4.9201,    10.0138       
# span 4 =    -0.4028,     0.0729       
# span 5 =   0.843531,   0.944462       
# span 6 =   0.843988,   0.944449       
# span 7 =          1,          1       
# span 8 =     6.0246,     7.6708       
# span 9 =     5.6839,     7.1794       
# span 10 =       1.44,       9.97      
# span 11 =     0.0171,     0.0394      
# span 12 = 4.9241e-11, 4.9241e-11      
# span 13 = 1.0000e-12, 1.0000e-12      
# span 14 = 2.0308e+00, 2.0308e+00      
# span 15 =     7.6126,     8.2274      
# span 16 =     7.6192,     8.2310      
# span 17 =    -0.0016,     0.0297      
# span 18 =     5.6597,     6.4922      
# span 19 =     5.6597,     6.4948      
# span 20 =      1.486,     36.660      
# span 21 =      1.519,     37.465      
# span 22 =      0.013,      0.335      
# span 23 =    1436.63,    1456.83      
# span 24 =    1436.62,    1456.82      
# span 25 = 0.0000e+00, 0.0000e+00      
# interval = decibars: 0.5              
# start_time = Oct 12 2018 21:54:01 [NMEA time, first data scan]
# bad_flag = -9.990e-29
*END*
        312      1.500     9.9338     9.9381     0.0043    0.94239    0.94251          1     7.6417     7.1674       9.97     0.0373  4.924e-11  1.000e-12  2.031e+00     7.6327     7.6328     0.0001     5.6678     5.6675      1.486      1.519      0.158    1456.44    1456.46  0.000e+00
        419      2.000     9.9386     9.9402     0.0016    0.94254    0.94257          1     7.6406     7.1646       9.97     0.0356  4.924e-11  1.000e-12  2.031e+00     7.6329     7.6328    -0.0001     5.6675     5.6672      1.982      2.026      0.281    1456.46    1456.47  0.000e+00
        463      2.500     9.9364     9.9327    -0.0036    0.94248    0.94240          1     7.6330     7.1546       9.97     0.0394  4.924e-11  1.000e-12  2.031e+00     7.6328     7.6329     0.0001     5.6677     5.6681      2.477      2.532      0.259    1456.47    1456.45  0.000e+00
        517      3.000     9.9322     9.9353     0.0030    0.94239    0.94245          1     7.6413     7.1607       9.97     0.0394  4.924e-11  1.000e-12  2.031e+00     7.6328     7.6327    -0.0001     5.6681     5.6677      2.973      3.038      0.228    1456.46    1456.47  0.000e+00
        559      3.500     9.9419     9.9405    -0.0014    0.94265    0.94259          1     7.6475     7.1679       9.97     0.0370  4.924e-11  1.000e-12  2.031e+00     7.6330     7.6328    -0.0002     5.6672     5.6672      3.468      3.545      0.297    1456.50    1456.50  0.000e+00
        613      4.000     9.9408     9.9427     0.0020    0.94262    0.94266          1     7.6322     7.1604       9.97     0.0381  4.924e-11  1.000e-12  2.031e+00     7.6329     7.6329    -0.0000     5.6672     5.6670      3.964      4.051      0.207    1456.51    1456.51  0.000e+00
        661      4.500     9.9548     9.9881     0.0333    0.94302    0.94378          1     7.6520     7.1617       9.97     0.0390  4.924e-11  1.000e-12  2.031e+00     7.6334     7.6330    -0.0003     5.6661     5.6622      4.459      4.558      0.277    1456.57    1456.70  0.000e+00
        709      5.000     9.9954    10.0115     0.0162    0.94405    0.94441          1     7.6531     7.1588       9.97     0.0379  4.924e-11  1.000e-12  2.031e+00     7.6338     7.6335    -0.0002     5.6621     5.6601      4.954      5.064      0.225    1456.74    1456.80  0.000e+00
        763      5.500    10.0076    10.0124     0.0048    0.94433    0.94443          1     7.6571     7.1748       9.97     0.0381  4.924e-11  1.000e-12  2.031e+00     7.6336     7.6334    -0.0002     5.6606     5.6599      5.450      5.570      0.249    1456.79    1456.81  0.000e+00
        806      6.000    10.0111    10.0138     0.0027    0.94441    0.94445          1     7.6616     7.1752       9.97     0.0361  4.924e-11  1.000e-12  2.031e+00     7.6335     7.6332    -0.0002     5.6602     5.6597      5.945      6.077      0.267    1456.81    1456.82  0.000e+00
        862      6.500    10.0138    10.0104    -0.0034    0.94446    0.94436          1     7.6518     7.1726       9.97     0.0366  4.924e-11  1.000e-12  2.031e+00     7.6333     7.6331    -0.0002     5.6597     5.6599      6.441      6.583      0.215    1456.83    1456.82  0.000e+00
        908      7.000    10.0027    10.0018    -0.0009    0.94415    0.94413          1     7.6563     7.1732       9.97     0.0357  4.924e-11  1.000e-12  2.031e+00     7.6329     7.6329    -0.0000     5.6606     5.6607      6.936      7.090      0.307    1456.80    1456.79  0.000e+00
        957      7.500     9.9965     9.9905    -0.0060    0.94400    0.94384          1     7.6523     7.1702       9.97     0.0368  4.924e-11  1.000e-12  2.031e+00     7.6328     7.6327    -0.0001     5.6612     5.6617      7.432      7.596      0.210    1456.78    1456.76  0.000e+00
       1013      8.000     9.9875     9.9769    -0.0106    0.94376    0.94350          1     7.6484     7.1661       9.97     0.0357  4.924e-11  1.000e-12  2.031e+00     7.6326     7.6326    -0.0000     5.6620     5.6631      7.927      8.102      0.270    1456.75    1456.71  0.000e+00
       1056      8.500     9.9783     9.9628    -0.0156    0.94352    0.94313          1     7.6570     7.1552       9.97     0.0360  4.924e-11  1.000e-12  2.031e+00     7.6324     7.6322    -0.0001     5.6628     5.6644      8.423      8.609      0.253    1456.72    1456.66  0.000e+00
       1111      9.000     9.9467     9.9323    -0.0144    0.94269    0.94235          1     7.6683     7.1794       9.97     0.0389  4.924e-11  1.000e-12  2.031e+00     7.6317     7.6317     0.0000     5.6657     5.6672      8.918      9.115      0.212    1456.61    1456.55  0.000e+00
       1158      9.500     9.9368     9.9150    -0.0219    0.94244    0.94195          1     7.6708     7.1736       9.97     0.0373  4.924e-11  1.000e-12  2.031e+00     7.6316     7.6318     0.0003     5.6666     5.6692      9.413      9.622      0.303    1456.58    1456.49  0.000e+00
       1203     10.000     9.8815     9.8036    -0.0777    0.94101    0.93916          1     7.6699     7.1704       9.97     0.0374  4.924e-11  1.000e-12  2.031e+00     7.6306     7.6309     0.0002     5.6718     5.6803      9.909     10.128      0.217    1456.37    1456.06  0.000e+00
       1267     10.500     9.7643     9.7014    -0.0630    0.93800    0.93660          1     7.6354     7.1717       9.97     0.0366  4.924e-11  1.000e-12  2.031e+00     7.6290     7.6300     0.0011     5.6829     5.6903     10.404     10.634      0.291    1455.92    1455.67  0.000e+00
       1304     11.000     9.6608     9.6212    -0.0395    0.93543    0.93465          1     7.6337     7.1570       9.97     0.0360  4.924e-11  1.000e-12  2.031e+00     7.6282     7.6298     0.0015     5.6931     5.6984     10.900     11.141      0.268    1455.52    1455.36  0.000e+00
       1365     11.500     9.5761     9.5463    -0.0300    0.93333    0.93283          1     7.6162     7.1391       9.97     0.0362  4.924e-11  1.000e-12  2.031e+00     7.6277     7.6296     0.0019     5.7014     5.7060     11.395     11.647      0.243    1455.19    1455.08  0.000e+00
       1409     12.000     9.5164     9.4903    -0.0262    0.93196    0.93153          1     7.6062     7.1329       9.97     0.0356  4.924e-11  1.000e-12  2.031e+00     7.6282     7.6300     0.0017     5.7079     5.7119     11.891     12.154      0.308    1454.97    1454.87  0.000e+00
       1455     12.500     9.4562     9.4137    -0.0426    0.93052    0.92966          1     7.6041     7.1330       9.97     0.0372  4.924e-11  1.000e-12  2.031e+00     7.6282     7.6296     0.0014     5.7140     5.7194     12.386     12.660      0.219    1454.74    1454.57  0.000e+00
       1508     13.000     9.3994     9.3736    -0.0259    0.92918    0.92877          1     7.5881     7.1203       9.97     0.0357  4.924e-11  1.000e-12  2.031e+00     7.6284     7.6302     0.0018     5.7199     5.7239     12.881     13.166      0.270    1454.52    1454.42  0.000e+00
       1550     13.500     9.3493     9.3064    -0.0429    0.92809    0.92725          1     7.5744     7.1142       9.97     0.0368  4.924e-11  1.000e-12  2.031e+00     7.6293     7.6310     0.0017     5.7256     5.7312     13.377     13.673      0.263    1454.33    1454.17  0.000e+00
       1606     14.000     9.2983     9.2649    -0.0332    0.92694    0.92629          1     7.5639     7.0902       9.97     0.0387  4.924e-11  1.000e-12  2.031e+00     7.6299     7.6312     0.0014     5.7311     5.7355     13.872     14.179      0.212    1454.14    1454.01  0.000e+00
       1652     14.500     9.2600     9.2313    -0.0286    0.92598    0.92544          1     7.5542     7.0748       9.97     0.0366  4.924e-11  1.000e-12  2.031e+00     7.6295     7.6307     0.0012     5.7346     5.7384     14.368     14.685      0.318    1454.00    1453.88  0.000e+00
       1692     15.000     9.2230     9.1776    -0.0453    0.92504    0.92404          1     7.5495     7.0666       9.97     0.0383  4.924e-11  1.000e-12  2.031e+00     7.6290     7.6297     0.0008     5.7378     5.7428     14.863     15.192      0.249    1453.86    1453.68  0.000e+00
       1749     15.500     9.1732     9.1204    -0.0528    0.92378    0.92261          1     7.5485     7.0507       9.97     0.0366  4.924e-11  1.000e-12  2.031e+00     7.6283     7.6292     0.0009     5.7422     5.7480     15.359     15.698      0.235    1453.67    1453.46  0.000e+00
       1791     16.000     9.0979     9.0113    -0.0866    0.92173    0.91976          1     7.5310     7.0211       9.97     0.0361  4.924e-11  1.000e-12  2.031e+00     7.6260     7.6270     0.0010     5.7477     5.7568     15.854     16.204      0.292    1453.37    1453.03  0.000e+00
       1839     16.500     8.9256     8.6959    -0.2296    0.91726    0.91160          1     7.5058     6.9533       9.97     0.0371  4.924e-11  1.000e-12  2.031e+00     7.6229     7.6214    -0.0016     5.7617     5.7817     16.349     16.711      0.221    1452.69    1451.77  0.000e+00
       1891     17.000     8.5655     8.2263    -0.3391    0.90768    0.90020          1     7.2623     6.8263       9.97     0.0341  4.924e-11  1.000e-12  2.031e+00     7.6140     7.6192     0.0052     5.7877     5.8209     16.845     17.217      0.262    1451.24    1449.87  0.000e+00
       1934     17.500     7.8157     7.4130    -0.4028    0.88974    0.88184          1     7.3205     6.9186       9.97     0.0334  4.924e-11  1.000e-12  2.031e+00     7.6126     7.6275     0.0149     5.8496     5.8925     17.340     17.724      0.275    1448.20    1446.56  0.000e+00
       1982     18.000     7.3269     7.1842    -0.1427    0.87893    0.87648          1     7.5839     7.1336       9.97     0.0297  4.924e-11  1.000e-12  2.031e+00     7.6193     7.6278     0.0085     5.8924     5.9094     17.836     18.230      0.236    1446.20    1445.62  0.000e+00
       2030     18.500     7.2068     7.1371    -0.0697    0.87669    0.87580          1     7.6412     7.1624       9.97     0.0272  4.924e-11  1.000e-12  2.031e+00     7.6247     7.6317     0.0070     5.9054     5.9158     18.331     18.736      0.281    1445.72    1445.43  0.000e+00
       2071     19.000     7.1550     7.0699    -0.0851    0.87583    0.87444          1     7.6151     7.1455       9.97     0.0274  4.924e-11  1.000e-12  2.031e+00     7.6280     7.6338     0.0058     5.9116     5.9221     18.826     19.242      0.270    1445.51    1445.16  0.000e+00
       2124     19.500     7.0852     7.0348    -0.0503    0.87452    0.87395          1     7.6272     7.1618       9.97     0.0259  4.924e-11  1.000e-12  2.031e+00     7.6311     7.6369     0.0058     5.9190     5.9270     19.322     19.749      0.215    1445.23    1445.03  0.000e+00
       2171     20.000     7.0580     7.0194    -0.0386    0.87423    0.87391          1     7.6217     7.1552       9.97     0.0250  4.924e-11  1.000e-12  2.031e+00     7.6343     7.6399     0.0056     5.9234     5.9304     19.817     20.255      0.309    1445.13    1444.98  0.000e+00
       2213     20.500     7.0314     7.0148    -0.0166    0.87401    0.87405          1     7.6203     7.1474       9.97     0.0251  4.924e-11  1.000e-12  2.031e+00     7.6380     7.6421     0.0041     5.9281     5.9325     20.313     20.761      0.249    1445.03    1444.97  0.000e+00
       2266     21.000     7.0277     7.0154    -0.0123    0.87426    0.87434          1     7.6245     7.1477       9.97     0.0244  4.924e-11  1.000e-12  2.031e+00     7.6411     7.6446     0.0035     5.9308     5.9344     20.808     21.267      0.239    1445.03    1444.98  0.000e+00
       2311     21.500     7.0220     7.0111    -0.0109    0.87436    0.87439          1     7.6226     7.1465       9.97     0.0245  4.924e-11  1.000e-12  2.031e+00     7.6433     7.6460     0.0027     5.9329     5.9358     21.303     21.774      0.280    1445.02    1444.97  0.000e+00
       2354     22.000     7.0172     7.0085    -0.0088    0.87442    0.87451          1     7.6223     7.1556       9.97     0.0247  4.924e-11  1.000e-12  2.031e+00     7.6449     7.6476     0.0027     5.9345     5.9372     21.799     22.280      0.267    1445.01    1444.97  0.000e+00
       2403     22.500     6.9874     6.9654    -0.0219    0.87415    0.87404          1     7.5765     7.1178       9.97     0.0248  4.924e-11  1.000e-12  2.031e+00     7.6489     7.6527     0.0038     5.9397     5.9442     22.294     22.786      0.232    1444.89    1444.81  0.000e+00
       2452     23.000     6.9381     6.9211    -0.0169    0.87438    0.87450          1     7.4706     7.0401       9.97     0.0247  4.924e-11  1.000e-12  2.031e+00     7.6619     7.6669     0.0050     5.9532     5.9583     22.790     23.292      0.267    1444.71    1444.65  0.000e+00
       2496     23.500     6.8979     6.8686    -0.0293    0.87425    0.87410          1     7.3752     6.9541       9.97     0.0247  4.924e-11  1.000e-12  2.031e+00     7.6696     7.6747     0.0051     5.9620     5.9680     23.285     23.799      0.262    1444.56    1444.44  0.000e+00
       2546     24.000     6.8435     6.8123    -0.0311    0.87331    0.87279          1     7.3802     6.9257       9.97     0.0237  4.924e-11  1.000e-12  2.031e+00     7.6728     7.6748     0.0020     5.9681     5.9718     23.780     24.305      0.236    1444.34    1444.22  0.000e+00
       2593     24.500     6.7458     6.6614    -0.0845    0.87019    0.86815          1     7.2673     6.8714       9.97     0.0232  4.924e-11  1.000e-12  2.031e+00     7.6650     7.6644    -0.0006     5.9684     5.9732     24.276     24.811      0.272    1443.93    1443.57  0.000e+00
       2638     25.000     6.4054     6.2609    -0.1445    0.85953    0.85610          1     7.1064     6.7080       9.97     0.0221  4.924e-11  1.000e-12  2.031e+00     7.6396     7.6391    -0.0005     5.9697     5.9778     24.771     25.317      0.257    1442.47    1441.85  0.000e+00
       2684     25.500     6.3262     6.3545     0.0282    0.85998    0.86204          1     7.1261     6.6958       9.97     0.0208  4.924e-11  1.000e-12  2.031e+00     7.6616     7.6749     0.0134     5.9917     6.0005     25.267     25.824      0.259    1442.17    1442.30  0.000e+00
       2733     26.000     6.2884     6.1697    -0.1188    0.86142    0.85901          1     7.1040     6.6916       9.97     0.0208  4.924e-11  1.000e-12  2.031e+00     7.6838     7.6875     0.0037     6.0114     6.0212     25.762     26.330      0.243    1442.04    1441.54  0.000e+00
       2778     26.500     6.0136     5.9109    -0.1025    0.85343    0.85130          1     6.9951     6.6086       9.97     0.0200  4.924e-11  1.000e-12  2.031e+00     7.6689     7.6716     0.0026     6.0154     6.0230     26.257     26.836      0.292    1440.86    1440.42  0.000e+00
       2824     27.000     5.7737     5.6584    -0.1154    0.84664    0.84399          1     6.8753     6.5032       9.97     0.0195  4.924e-11  1.000e-12  2.031e+00     7.6575     7.6578     0.0004     6.0191     6.0252     26.753     27.342      0.216    1439.82    1439.32  0.000e+00
       2881     27.500     5.6344     5.6291    -0.0053    0.84353    0.84401          1     6.8274     6.4353       9.97     0.0195  4.924e-11  1.000e-12  2.031e+00     7.6587     7.6645     0.0058     6.0271     6.0319     27.248     27.849      0.289    1439.23    1439.21  0.000e+00
       2915     28.000     5.7317     5.7531     0.0216    0.84816    0.84971          1     6.8824     6.4745       9.97     0.0195  4.924e-11  1.000e-12  2.031e+00     7.6817     7.6918     0.0102     6.0403     6.0473     27.744     28.355      0.335    1439.68    1439.79  0.000e+00
       2966     28.500     5.7995     5.8727     0.0729    0.85144    0.85478          1     6.9721     6.5543       9.97     0.0195  4.924e-11  1.000e-12  2.031e+00     7.6981     7.7138     0.0157     6.0498     6.0583     28.239     28.861      0.216    1440.01    1440.34  0.000e+00
