ctdpy/exports/archive_20191121_122431/received_data/SBE09_1044_20180127_0306_34_02_0018.cnv
* Sea-Bird SBE 9 Data File:
* FileName = C:\ctd\temp\2018\ME18D018.hex
* Software Version Seasave V 7.26.6.26
* Temperature SN = 5351
* Conductivity SN = 3941
* Number of Bytes Per Scan = 41
* Number of Voltage Words = 4
* Number of Scans Averaged by the Deck Unit = 1
* NMEA Latitude = 55 16.49 N
* NMEA Longitude = 016 31.03 E
* NMEA UTC (Time) = Jan 27 2018  03:06:57
* NMEA baud rate = 4800
** Station:  Stolpe Tröskel
** Operator:  JKro
** Ship: MERI
** Average sound velocity: 1437.02 m/s
** True-depth calculation Sat, 27 Jan 2018 03:54:44 +0000
** CTD Python Module SMHI /ver 3-12/ feb 2012 
** LIMS Job: 20183402-0018
** Cruise: SMHI-01-2018
** Latitude [GG MM.mm N] :
** Longitude [GG MM.mm E]:
# nquan = 26
# nvalues = 122                         
# units = specified
# name 0 = scan: Scan Count
# name 1 = prDM: Pressure, Digiquartz [db]
# name 2 = t090C: Temperature [ITS-90, deg C]
# name 3 = t190C: Temperature, 2 [ITS-90, deg C]
# name 4 = T2-T190C: Temperature Difference, 2 - 1 [ITS-90, deg C]
# name 5 = c0S/m: Conductivity [S/m]
# name 6 = c1S/m: Conductivity, 2 [S/m]
# name 7 = pumps: Pump Status
# name 8 = sbeox0ML/L: Oxygen, SBE 43 [ml/l]
# name 9 = sbeox1ML/L: Oxygen, SBE 43, 2 [ml/l]
# name 10 = altM: Altimeter [m]
# name 11 = flECO-AFL: Chl-a Fluorescence, WET Labs ECO-AFL/FL [mg/m^3]
# name 12 = flECO-AFL1: Phycocyanin Fluorescence, WET Labs ECO-AFL/FL, 2 [mg/m^3]
# name 13 = par: PAR/Irradiance, Biospherical/Lico [µE/(cm^2*s)]
# name 14 = turbWETntu0: Turbidity, WET Labs ECO [NTU]
# name 15 = sal00: Salinity, Practical [PSU]
# name 16 = sal11: Salinity, Practical, 2 [PSU]
# name 17 = secS-priS: Salinity, Practical, Difference, 2 - 1 [PSU]
# name 18 = sigma-t00: Density [sigma-t, Kg/m^3 ]
# name 19 = sigma-t11: Density, 2 [sigma-t, Kg/m^3 ]
# name 20 = depSM: Depth [salt water, m], lat = 55.2748
# name 21 = depFM: Depth [true depth, m], lat = 55.2748
# name 22 = dz/dtM: Descent Rate [m/s], WS = 2
# name 23 = svCM: Sound Velocity [Chen-Millero, m/s]
# name 24 = svCM1: Sound Velocity, 2 [Chen-Millero, m/s]
# name 25 = flag: flag
# span 0 =      16040,      20003       
# span 1 =      1.000,     61.500       
# span 2 =     4.0912,     8.1389       
# span 3 =     4.0916,     8.1388       
# span 4 =    -0.0243,     0.0424       
# span 5 =   0.784609,   1.408923       
# span 6 =   0.784611,   1.408899       
# span 7 =          1,          1       
# span 8 =    0.41492,    8.20033       
# span 9 =    0.66894,    8.17852       
# span 10 =       1.59,      64.59      
# span 11 =     0.2565,     0.9608      
# span 12 =     0.2443,     0.4382      
# span 13 = 1.0000e-12, 1.0000e-12      
# span 14 =     0.1356,     0.3058      
# span 15 =     7.3962,    12.3814      
# span 16 =     7.3953,    12.3815      
# span 17 =    -0.0123,     0.0246      
# span 18 =     5.8680,     9.5521      
# span 19 =     5.8676,     9.5522      
# span 20 =      0.991,     60.935      
# span 21 =      1.013,     62.234      
# span 22 =      0.109,      0.483      
# span 23 =    1432.32,    1456.11      
# span 24 =    1432.33,    1456.11      
# span 25 = 0.0000e+00, 0.0000e+00      
# interval = decibars: 0.5              
# start_time = Jan 27 2018 03:06:58 [NMEA time, first data scan]
# bad_flag = -9.990e-29
*END*
[from data line 56]
      17853     29.000     4.3137     4.3150     0.0013    0.78842    0.78841          1     8.1510     8.1139      35.49     0.6445     0.3233  1.000e-12  0.1580000     7.4105     7.4101    -0.0004     5.8826     5.8823     28.736     29.365      0.376    1433.13    1433.13  0.000e+00
      17885     29.500     4.3129     4.3091    -0.0039    0.78841    0.78825          1     8.1530     8.1169      34.99     0.6291     0.3274  1.000e-12  0.1595000     7.4106     7.4098    -0.0008     5.8827     5.8822     29.231     29.871      0.362    1433.13    1433.12  0.000e+00
      17919     30.000     4.3030     4.3037     0.0007    0.78816    0.78813          1     8.1477     8.1106      34.47     0.6578     0.3369  1.000e-12  0.1597000     7.4101     7.4097    -0.0004     5.8826     5.8822     29.727     30.378      0.362    1433.10    1433.10  0.000e+00
      17951     30.500     4.3016     4.3027     0.0011    0.78813    0.78811          1     8.1530     8.1130      33.94     0.6507     0.3391  1.000e-12  0.1654000     7.4101     7.4097    -0.0005     5.8827     5.8823     30.222     30.884      0.385    1433.10    1433.10  0.000e+00
      17982     31.000     4.2990     4.3000     0.0010    0.78807    0.78805          1     8.1600     8.1160      33.45     0.6239     0.3231  1.000e-12  0.1661000     7.4101     7.4097    -0.0004     5.8827     5.8823     30.717     31.390      0.380    1433.09    1433.10  0.000e+00
      18014     31.500     4.2959     4.2966     0.0007    0.78801    0.78798          1     8.1460     8.1141      32.92     0.6289     0.3383  1.000e-12  0.1630000     7.4101     7.4096    -0.0005     5.8828     5.8824     31.213     31.897      0.377    1433.09    1433.09  0.000e+00
      18046     32.000     4.2932     4.2940     0.0008    0.78795    0.78792          1     8.1639     8.1199      32.36     0.6319     0.3574  1.000e-12  0.1673000     7.4101     7.4095    -0.0005     5.8829     5.8824     31.708     32.403      0.379    1433.08    1433.09  0.000e+00
      18077     32.500     4.2911     4.2918     0.0007    0.78791    0.78788          1     8.1636     8.1165      31.88     0.6058     0.3564  1.000e-12  0.1730000     7.4101     7.4095    -0.0005     5.8829     5.8825     32.204     32.909      0.384    1433.08    1433.09  0.000e+00
      18108     33.000     4.2859     4.2867     0.0008    0.78779    0.78777          1     8.1561     8.1187      31.36     0.6386     0.3246  1.000e-12  0.1647000     7.4099     7.4095    -0.0004     5.8830     5.8826     32.699     33.415      0.381    1433.07    1433.07  0.000e+00
      18140     33.500     4.2806     4.2815     0.0009    0.78768    0.78765          1     8.1720     8.1276      30.86     0.6212     0.3224  1.000e-12  0.1595000     7.4100     7.4094    -0.0005     5.8831     5.8827     33.195     33.922      0.394    1433.05    1433.05  0.000e+00
      18169     34.000     4.2682     4.2694     0.0012    0.78740    0.78737          1     8.1544     8.1103      30.32     0.6245     0.3315  1.000e-12  0.1554000     7.4098     7.4093    -0.0005     5.8834     5.8829     33.690     34.428      0.404    1433.00    1433.01  0.000e+00
      18200     34.500     4.1889     4.2315     0.0424    0.78604    0.78669          1     8.1536     8.1269      29.77     0.6223     0.2795  1.000e-12  0.1672000     7.4139     7.4108    -0.0030     5.8888     5.8852     34.185     34.934      0.389    1432.66    1432.85  0.000e+00
      18231     35.000     4.1498     4.1396    -0.0100    0.78542    0.78524          1     8.1720     8.1462      29.26     0.6115     0.3494  1.000e-12  0.1730000     7.4164     7.4169     0.0005     5.8919     5.8926     34.681     35.441      0.371    1432.50    1432.45  0.000e+00
      18264     35.500     4.1277     4.1265    -0.0011    0.78518    0.78512          1     8.1867     8.1696      28.57     0.6048     0.3231  1.000e-12  0.1690000     7.4189     7.4185    -0.0004     5.8945     5.8942     35.176     35.947      0.367    1432.41    1432.40  0.000e+00
      18296     36.000     4.1289     4.1267    -0.0023    0.78525    0.78517          1     8.1943     8.1785      27.94     0.6096     0.3072  1.000e-12  0.1872000     7.4193     7.4190    -0.0003     5.8947     5.8945     35.672     36.453      0.392    1432.42    1432.41  0.000e+00
      18326     36.500     4.1570     4.1533    -0.0036    0.78564    0.78558          1     8.1788     8.1579      27.64     0.6038     0.3605  1.000e-12  0.1621000     7.4168     7.4170     0.0002     5.8920     5.8923     36.167     36.959      0.400    1432.55    1432.54  0.000e+00
      18356     37.000     4.1456     4.1326    -0.0130    0.78557    0.78538          1     8.1768     8.1489      27.15     0.6113     0.3366  1.000e-12  0.1638000     7.4186     7.4195     0.0010     5.8937     5.8949     36.662     37.466      0.393    1432.51    1432.46  0.000e+00
      18387     37.500     4.1502     4.1502     0.0000    0.78564    0.78561          1     8.1829     8.1480      26.39     0.6132     0.3162  1.000e-12  0.1784000     7.4182     7.4179    -0.0003     5.8933     5.8931     37.158     37.972      0.382    1432.54    1432.54  0.000e+00
      18419     38.000     4.1506     4.1539     0.0032    0.78565    0.78563          1     8.2003     8.1520      26.01     0.6188     0.3318  1.000e-12  0.1699000     7.4181     7.4172    -0.0009     5.8933     5.8925     37.653     38.478      0.373    1432.55    1432.56  0.000e+00
      18451     38.500     4.1646     4.1669     0.0025    0.78583    0.78580          1     8.1824     8.1523      25.54     0.6250     0.3444  1.000e-12  0.1603000     7.4168     7.4159    -0.0009     5.8918     5.8910     38.149     38.985      0.373    1432.62    1432.63  0.000e+00
      18483     39.000     4.1268     4.1597     0.0328    0.78511    0.78561          1     8.1789     8.1509      24.93     0.6209     0.3630  1.000e-12  0.1641000     7.4179     7.4155    -0.0024     5.8937     5.8909     38.644     39.491      0.395    1432.46    1432.60  0.000e+00
      18512     39.500     4.0932     4.0958     0.0026    0.78461    0.78461          1     8.1909     8.1639      24.53     0.6205     0.3382  1.000e-12  0.1731000     7.4204     7.4198    -0.0006     5.8965     5.8960     39.139     39.997      0.402    1432.32    1432.33  0.000e+00
      18543     40.000     4.0912     4.0916     0.0004    0.78553    0.78540          1     8.1891     8.1602      24.02     0.6306     0.3200  1.000e-12  0.1666000     7.4301     7.4287    -0.0014     5.9043     5.9032     39.635     40.503      0.379    1432.33    1432.33  0.000e+00
      18575     40.500     4.1018     4.1020     0.0002    0.78837    0.78828          1     8.1455     8.1140      23.52     0.6144     0.3259  1.000e-12  0.1610000     7.4565     7.4555    -0.0010     5.9250     5.9242     40.130     41.010      0.371    1432.42    1432.42  0.000e+00
      18607     41.000     4.1079     4.1087     0.0008    0.78938    0.78935          1     8.1085     8.0937      22.99     0.5828     0.3330  1.000e-12  0.1612000     7.4652     7.4648    -0.0005     5.9318     5.9314     40.625     41.516      0.390    1432.47    1432.47  0.000e+00
      18637     41.500     4.1171     4.1192     0.0021    0.79027    0.79031          1     8.0732     8.0736      22.43     0.6057     0.3364  1.000e-12  0.1636000     7.4721     7.4721    -0.0001     5.9370     5.9369     41.121     42.022      0.396    1432.52    1432.53  0.000e+00
      18668     42.000     4.1236     4.1256     0.0020    0.79190    0.79186          1     8.0537     8.0511      21.88     0.5974     0.2960  1.000e-12  0.1675000     7.4871     7.4863    -0.0008     5.9487     5.9480     41.616     42.528      0.382    1432.58    1432.59  0.000e+00
      18700     42.500     4.1298     4.1286    -0.0012    0.79429    0.79410          1     8.0306     8.0057      20.86     0.5692     0.3152  1.000e-12  0.1625000     7.5099     7.5083    -0.0017     5.9667     5.9654     42.112     43.035      0.366    1432.65    1432.64  0.000e+00
      18733     43.000     4.1687     4.1684    -0.0003    0.79715    0.79709          1     7.9908     7.9593      20.21     0.5882     0.3222  1.000e-12  0.1661000     7.5300     7.5294    -0.0006     5.9816     5.9811     42.607     43.541      0.384    1432.85    1432.85  0.000e+00
      18763     43.500     4.1984     4.1993     0.0009    0.79859    0.79859          1     7.9754     7.9618      19.98     0.5879     0.3249  1.000e-12  0.1645000     7.5377     7.5376    -0.0002     5.9869     5.9867     43.102     44.047      0.398    1433.00    1433.01  0.000e+00
      18793     44.000     4.2215     4.2233     0.0019    0.80002    0.80001          1     7.8958     7.8864      19.27     0.5777     0.3200  1.000e-12  0.1719000     7.5468     7.5463    -0.0005     5.9935     5.9930     43.598     44.553      0.401    1433.13    1433.14  0.000e+00
      18823     44.500     4.1517     4.1590     0.0072    0.80314    0.80292          1     7.8392     7.8400      18.68     0.5572     0.3162  1.000e-12  0.1705000     7.5946     7.5907    -0.0039     6.0333     6.0300     44.093     45.060      0.381    1432.88    1432.91  0.000e+00
      18857     45.000     4.2405     4.2340    -0.0065    0.81797    0.81753          1     7.5409     7.6045      18.55     0.5407     0.3666  1.000e-12  0.1713000     7.7243     7.7213    -0.0030     6.1338     6.1316     44.588     45.566      0.355    1433.46    1433.42  0.000e+00
      18890     45.500     4.3849     4.3755    -0.0093    0.83493    0.83416          1     6.9319     7.0745      18.10     0.5239     0.3435  1.000e-12  0.1784000     7.8619     7.8564    -0.0055     6.2385     6.2345     45.084     46.072      0.380    1434.29    1434.24  0.000e+00
      18920     46.000     4.5115     4.5099    -0.0018    0.85284    0.85232          1     6.2019     6.4864      17.61     0.4914     0.3176  1.000e-12  0.1674000     8.0125     8.0076    -0.0049     6.3538     6.3500     45.579     46.578      0.397    1435.05    1435.04  0.000e+00
      18950     46.500     4.9166     4.9012    -0.0154    0.91227    0.91066          1     4.3588     5.0010      17.16     0.4497     0.2795  1.000e-12  0.1678000     8.5092     8.4969    -0.0123     6.7316     6.7225     46.075     47.084      0.398    1437.48    1437.39  0.000e+00
      18981     47.000     5.3741     5.3639    -0.0101    0.97907    0.97831          1     2.2748     3.1404      16.69     0.3378     0.3035  1.000e-12  0.1644000     9.0577     9.0529    -0.0048     7.1446     7.1413     46.570     47.590      0.374    1440.18    1440.13  0.000e+00
      19014     47.500     5.4615     5.4623     0.0008    0.99116    0.99118          1     1.5291     2.3150      16.13     0.2974     0.3052  1.000e-12  0.1564000     9.1546     9.1545    -0.0001     7.2168     7.2167     47.065     48.095      0.368    1440.69    1440.70  0.000e+00
      19046     48.000     5.5479     5.5467    -0.0012    1.00806    1.00787          1     1.2603     1.8991      15.61     0.3090     0.2733  1.000e-12  0.1750000     9.2989     9.2973    -0.0016     7.3261     7.3250     47.561     48.601      0.372    1441.25    1441.25  0.000e+00
      19079     48.500     5.5698     5.5704     0.0005    1.01910    1.01897          1     1.4821     1.9374      14.95     0.3120     0.3042  1.000e-12  0.1842000     9.4025     9.4011    -0.0014     7.4068     7.4056     48.056     49.107      0.367    1441.49    1441.49  0.000e+00
      19111     49.000     5.5826     5.5822    -0.0004    1.03080    1.03077          1     1.3718     1.7352      14.53     0.3020     0.2659  1.000e-12  0.1694000     9.5154     9.5151    -0.0003     7.4951     7.4949     48.551     49.612      0.379    1441.70    1441.69  0.000e+00
      19142     49.500     5.5263     5.5267     0.0004    1.04342    1.04341          1     0.7952     1.1623      14.04     0.2935     0.2443  1.000e-12  0.1768000     9.6571     9.6569    -0.0002     7.6100     7.6098     49.047     50.118      0.380    1441.64    1441.64  0.000e+00
      19174     50.000     5.5213     5.5213     0.0001    1.04539    1.04524          1     0.5465     0.8751      13.52     0.2733     0.2820  1.000e-12  0.1692000     9.6781     9.6766    -0.0014     7.6268     7.6257     49.542     50.623      0.377    1441.65    1441.65  0.000e+00
      19206     50.500     5.5757     5.5782     0.0024    1.05711    1.05731          1     0.4989     0.7782      13.03     0.2862     0.2616  1.000e-12  0.1665000     9.7792     9.7805     0.0013     7.7036     7.7045     50.037     51.128      0.384    1442.02    1442.03  0.000e+00
      19237     51.000     5.7024     5.6999    -0.0025    1.08767    1.08748          1     0.4149     0.6689      12.56     0.2862     0.2907  1.000e-12  0.1566000    10.0465    10.0454    -0.0011     7.9073     7.9066     50.533     51.634      0.375    1442.91    1442.90  0.000e+00
      19270     51.500     6.1003     6.0889    -0.0114    1.12284    1.12238          1     0.8985     1.0248      12.03     0.3157     0.2976  1.000e-12  0.1634000    10.2760    10.2749    -0.0011     8.0641     8.0640     51.028     52.139      0.358    1444.91    1444.86  0.000e+00
      19304     52.000     6.3575     6.3555    -0.0020    1.14489    1.14482          1     1.4138     1.4079      11.47     0.3043     0.2999  1.000e-12  0.1813000    10.4151    10.4151    -0.0000     8.1568     8.1569     51.524     52.644      0.362    1446.18    1446.17  0.000e+00
      19335     52.500     6.4750     6.4749    -0.0000    1.16251    1.16250          1     1.5701     1.5318      10.99     0.2892     0.2909  1.000e-12  0.1855000    10.5520    10.5518    -0.0002     8.2564     8.2563     52.019     53.149      0.405    1446.85    1446.86  0.000e+00
      19364     53.000     6.5692     6.5662    -0.0030    1.17568    1.17540          1     1.4815     1.4712      10.50     0.2847     0.3060  1.000e-12  0.1763000    10.6517    10.6499    -0.0018     8.3282     8.3270     52.514     53.654      0.406    1447.38    1447.37  0.000e+00
      19395     53.500     6.6730     6.6764     0.0034    1.19156    1.19219          1     1.3153     1.3489       9.54     0.3046     0.3199  1.000e-12  0.1901000    10.7744    10.7795     0.0051     8.4171     8.4209     53.010     54.159      0.362    1447.98    1448.00  0.000e+00
      19430     54.000     6.9751     6.9787     0.0036    1.22497    1.22540          1     1.6034     1.5956       9.28     0.2966     0.3151  1.000e-12  0.1995000    11.0041    11.0071     0.0030     8.5747     8.5768     53.505     54.664      0.336    1449.53    1449.55  0.000e+00
      19466     54.500     7.2112     7.2136     0.0024    1.24900    1.24917          1     2.0135     1.9321       8.89     0.2965     0.2753  1.000e-12  0.1924000    11.1613    11.1621     0.0008     8.6794     8.6799     54.000     55.169      0.349    1450.71    1450.73  0.000e+00
      19499     55.000     7.3077     7.3056    -0.0021    1.25907    1.25908          1     2.0541     1.9866       7.99     0.3014     0.2786  1.000e-12  0.1943000    11.2273    11.2280     0.0008     8.7232     8.7240     54.496     55.674      0.366    1451.20    1451.19  0.000e+00
      19532     55.500     7.4134     7.4148     0.0014    1.27364    1.27443          1     1.9970     1.9712       7.77     0.2812     0.2940  1.000e-12  0.2115000    11.3331    11.3403     0.0071     8.7974     8.8028     54.991     56.179      0.345    1451.78    1451.79  0.000e+00
      19569     56.000     7.5270     7.5292     0.0022    1.29124    1.29151          1     1.9223     1.9262       7.31     0.2771     0.2906  1.000e-12  0.2247000    11.4652    11.4670     0.0018     8.8911     8.8924     55.486     56.684      0.328    1452.41    1452.42  0.000e+00
