ctdpy/exports/archive_20191121_122431/received_data/SBE09_0827_20181009_0926_26_01_1050.cnv
* Sea-Bird SBE 9 Data File:
* FileName = D:\CTD_SBE911\DAT\26DA.2018.10.50.hex
* Software Version Seasave V 7.21d
* Temperature SN = 4548
* Conductivity SN = 3062
* Number of Bytes Per Scan = 48
* Number of Voltage Words = 5
* Number of Scans Averaged by the Deck Unit = 1
* NMEA Latitude = 58 49.86 N
* NMEA Longitude = 020 16.10 E
* NMEA UTC (Time) = Oct 09 2018  09:29:11
* NMEA baud rate = 4800
** Ship: DANA
** Average sound velocity: 1446.67 m/s
** True-depth calculation Thu, 28 Mar 2019 12:22:16 +0000
** CTD Python Module SMHI /ver 3-12/ feb 2012 
** LIMS Job: 20182601-1050
** Operator: Christian
** Cruise: 10/2018
# nquan = 26
# nvalues = 342                         
# units = specified
# name 0 = scan: Scan Count
# name 1 = prDM: Pressure, Digiquartz [db]
# name 2 = t090C: Temperature [ITS-90, deg C]
# name 3 = t190C: Temperature, 2 [ITS-90, deg C]
# name 4 = T2-T190C: Temperature Difference, 2 - 1 [ITS-90, deg C]
# name 5 = c0S/m: Conductivity [S/m]
# name 6 = c1S/m: Conductivity, 2 [S/m]
# name 7 = pumps: Pump Status
# name 8 = sbeox1ML/L: Oxygen, SBE 43, 2 [ml/l]
# name 9 = sbeox0ML/L: Oxygen, SBE 43 [ml/l]
# name 10 = altM: Altimeter [m]
# name 11 = chloroflTC0: Chlorophyll, Turner Cyclops [ug/l]
# name 12 = cpar: CPAR/Corrected Irradiance [%]
# name 13 = par: PAR/Irradiance, Biospherical/Lico [µE/(cm^2*s)]
# name 14 = spar: SPAR, Biospherical/Licor
# name 15 = sal00: Salinity, Practical [PSU]
# name 16 = sal11: Salinity, Practical, 2 [PSU]
# name 17 = secS-priS: Salinity, Practical, Difference, 2 - 1 [PSU]
# name 18 = sigma-t00: Density [sigma-t, kg/m^3 ]
# name 19 = sigma-t11: Density, 2 [sigma-t, kg/m^3 ]
# name 20 = depSM: Depth [salt water, m], lat = 58.831
# name 21 = depFM: Depth [true depth, m], lat = 58.831
# name 22 = dz/dtM: Descent Rate [m/s], WS = 2
# name 23 = svCM: Sound Velocity [Chen-Millero, m/s]
# name 24 = svCM1: Sound Velocity, 2 [Chen-Millero, m/s]
# name 25 = flag: flag
# span 0 =        103,      18671       
# span 1 =      0.500,    171.000       
# span 2 =     3.3211,    10.8134       
# span 3 =     3.3305,    10.8135       
# span 4 =    -0.1232,     1.4112       
# span 5 =   0.757869,   1.271701       
# span 6 =   0.760204,   1.271646       
# span 7 =          1,          1       
# span 8 =     0.0291,     7.2525       
# span 9 =     0.0335,     7.1098       
# span 10 =       0.16,      10.16      
# span 11 =     0.0159,     0.0350      
# span 12 = -3.826e-10, 1.2140e+01      
# span 13 = -7.545e-09, 2.2945e+02      
# span 14 = 7.7956e+02, 2.0042e+03      
# span 15 =     6.3761,    11.6424      
# span 16 =     6.3763,    11.6418      
# span 17 =    -0.1809,     0.0005      
# span 18 =     4.5944,     9.1215      
# span 19 =     4.5944,     9.1210      
# span 20 =      0.495,    169.334      
# span 21 =      0.507,    172.903      
# span 22 =     -0.060,      0.988      
# span 23 =    1429.00,    1458.83      
# span 24 =    1429.06,    1458.82      
# span 25 = 0.0000e+00, 0.0000e+00      
# interval = decibars: 0.5              
# start_time = Oct 09 2018 09:29:12 [NMEA time, first data scan]
# bad_flag = -9.990e-29
*END*
        103      0.500    10.8088    10.8092     0.0004    0.81521    0.81524          1     7.1896     6.7167       6.80     0.0181  1.214e+01  2.294e+02  1.890e+03     6.3761     6.3763     0.0002     4.5944     4.5944      0.495      0.507      0.021    1458.28    1458.28  0.000e+00
        124      1.000    10.8096    10.8087    -0.0009    0.81525    0.81524          1     7.1870     6.7051       6.31     0.0228  1.012e+01  1.916e+02  1.893e+03     6.3763     6.3764     0.0001     4.5944     4.5945      0.991      1.014      0.667    1458.29    1458.28  0.000e+00
        137      1.500    10.8088    10.8101     0.0014    0.81523    0.81528          1     7.1847     6.7029       7.80     0.0243  8.056e+00  1.525e+02  1.893e+03     6.3762     6.3764     0.0002     4.5944     4.5944      1.486      1.521      0.769    1458.29    1458.30  0.000e+00
        200      2.000    10.8066    10.8091     0.0024    0.81519    0.81527          1     7.1912     6.7167       7.56     0.0247  7.194e+00  1.365e+02  1.898e+03     6.3762     6.3764     0.0002     4.5946     4.5945      1.981      2.028      0.468    1458.29    1458.30  0.000e+00
        389      2.500    10.8089    10.8091     0.0002    0.81525    0.81527          1     7.1904     6.7400       6.23     0.0248  5.733e+00  1.098e+02  1.915e+03     6.3763     6.3763     0.0001     4.5944     4.5945      2.477      2.535      0.358    1458.31    1458.31  0.000e+00
        445      3.000    10.8056    10.8065     0.0010    0.81518    0.81521          1     7.1899     6.7388       6.04     0.0256  4.604e+00  8.830e+01  1.918e+03     6.3762     6.3763     0.0001     4.5947     4.5948      2.972      3.042      0.571    1458.30    1458.31  0.000e+00
        483      3.500    10.8049    10.8062     0.0013    0.81516    0.81521          1     7.1903     6.7398       5.88     0.0274  3.942e+00  7.558e+01  1.917e+03     6.3761     6.3763     0.0001     4.5948     4.5947      3.467      3.549      0.401    1458.31    1458.31  0.000e+00
        576      4.000    10.8052    10.8059     0.0007    0.81518    0.81521          1     7.1865     6.7373       5.67     0.0290  3.422e+00  6.551e+01  1.915e+03     6.3762     6.3763     0.0001     4.5948     4.5948      3.963      4.056      0.571    1458.32    1458.32  0.000e+00
        591      4.500    10.8050    10.8055     0.0005    0.81520    0.81521          1     7.1857     6.7397       6.13     0.0293  2.529e+00  4.838e+01  1.913e+03     6.3764     6.3763    -0.0000     4.5949     4.5949      4.458      4.562      0.695    1458.32    1458.33  0.000e+00
        612      5.000    10.8041    10.8049     0.0008    0.81523    0.81524          1     7.1879     6.7452       5.09     0.0301  2.003e+00  3.827e+01  1.911e+03     6.3767     6.3767    -0.0000     4.5953     4.5952      4.953      5.069      0.487    1458.33    1458.33  0.000e+00
        720      5.500    10.8036    10.8044     0.0007    0.81524    0.81525          1     7.1758     6.7206       2.44     0.0297  2.119e+00  4.064e+01  1.918e+03     6.3768     6.3768    -0.0000     4.5954     4.5954      5.449      5.576      0.945    1458.33    1458.34  0.000e+00
        731      6.000    10.8035    10.8038     0.0002    0.81525    0.81527          1     7.1796     6.7266       2.60     0.0298  1.702e+00  3.269e+01  1.921e+03     6.3768     6.3770     0.0001     4.5955     4.5956      5.944      6.083      0.942    1458.34    1458.34  0.000e+00
        745      6.500    10.8033    10.8037     0.0004    0.81524    0.81527          1     7.1859     6.7303       2.77     0.0301  1.244e+00  2.396e+01  1.925e+03     6.3768     6.3769     0.0001     4.5955     4.5955      6.439      6.590      0.717    1458.35    1458.35  0.000e+00
        838      7.000    10.8042    10.8045     0.0003    0.81526    0.81527          1     7.1900     6.7320       2.12     0.0306  1.073e+00  2.073e+01  1.933e+03     6.3767     6.3768     0.0001     4.5953     4.5953      6.935      7.097      0.360    1458.36    1458.36  0.000e+00
        911      7.500    10.8048    10.8051     0.0003    0.81527    0.81529          1     7.1882     6.7404       2.13     0.0317  9.468e-01  1.832e+01  1.935e+03     6.3767     6.3768     0.0001     4.5952     4.5953      7.430      7.604      0.329    1458.37    1458.37  0.000e+00
        944      8.000    10.8047    10.8052     0.0005    0.81528    0.81530          1     7.1877     6.7484       2.36     0.0317  8.009e-01  1.558e+01  1.946e+03     6.3767     6.3768     0.0000     4.5953     4.5952      7.925      8.111      0.418    1458.38    1458.38  0.000e+00
        971      8.500    10.8046    10.8051     0.0005    0.81528    0.81530          1     7.1958     6.7387       4.87     0.0317  6.801e-01  1.328e+01  1.953e+03     6.3767     6.3768     0.0001     4.5953     4.5953      8.420      8.618      0.372    1458.39    1458.39  0.000e+00
       1046      9.000    10.8049    10.8052     0.0004    0.81528    0.81530          1     7.1862     6.7356       5.81     0.0315  5.658e-01  1.105e+01  1.953e+03     6.3766     6.3767     0.0001     4.5952     4.5952      8.916      9.125      0.261    1458.40    1458.40  0.000e+00
       1093      9.500    10.8049    10.8054     0.0006    0.81530    0.81531          1     7.1857     6.7402       3.26     0.0317  5.582e-01  1.087e+01  1.948e+03     6.3767     6.3767    -0.0000     4.5952     4.5952      9.411      9.632      0.413    1458.40    1458.41  0.000e+00
       1119     10.000    10.8050    10.8054     0.0004    0.81530    0.81531          1     7.1869     6.7340       1.79     0.0316  4.544e-01  8.835e+00  1.944e+03     6.3767     6.3767     0.0000     4.5952     4.5952      9.906     10.139      0.464    1458.41    1458.41  0.000e+00
       1177     10.500    10.8054    10.8056     0.0002    0.81531    0.81532          1     7.1880     6.7310       1.55     0.0314  3.691e-01  7.129e+00  1.931e+03     6.3766     6.3767     0.0001     4.5951     4.5952     10.402     10.646      0.294    1458.42    1458.42  0.000e+00
       1251     11.000    10.8052    10.8058     0.0006    0.81530    0.81533          1     7.1848     6.7342       3.62     0.0311  3.082e-01  5.941e+00  1.928e+03     6.3765     6.3767     0.0001     4.5950     4.5951     10.897     11.153      0.432    1458.43    1458.43  0.000e+00
       1275     11.500    10.8047    10.8057     0.0010    0.81529    0.81533          1     7.1896     6.7318       5.71     0.0320  2.573e-01  4.923e+00  1.913e+03     6.3765     6.3766     0.0001     4.5951     4.5951     11.392     11.660      0.475    1458.44    1458.44  0.000e+00
       1304     12.000    10.8047    10.8055     0.0008    0.81530    0.81532          1     7.2017     6.7369       8.97     0.0323  2.404e-01  4.356e+00  1.811e+03     6.3765     6.3766     0.0001     4.5951     4.5951     11.888     12.167      0.357    1458.44    1458.45  0.000e+00
       1342     12.500    10.8050    10.8055     0.0006    0.81531    0.81534          1     7.1956     6.7398      10.00     0.0324  2.107e-01  3.558e+00  1.688e+03     6.3765     6.3766     0.0001     4.5951     4.5951     12.383     12.673      0.311    1458.45    1458.46  0.000e+00
       1382     13.000    10.8046    10.8053     0.0006    0.81530    0.81534          1     7.1851     6.7310       4.83     0.0317  1.672e-01  2.744e+00  1.644e+03     6.3764     6.3766     0.0002     4.5950     4.5951     12.878     13.180      0.232    1458.46    1458.46  0.000e+00
       1464     13.500    10.8053    10.8052    -0.0001    0.81533    0.81534          1     7.1886     6.7304      10.16     0.0320  1.584e-01  2.731e+00  1.724e+03     6.3765     6.3766     0.0002     4.5950     4.5952     13.374     13.687      0.285    1458.47    1458.47  0.000e+00
       1494     14.000    10.8048    10.8054     0.0006    0.81532    0.81535          1     7.1830     6.7361       9.99     0.0318  1.300e-01  2.295e+00  1.766e+03     6.3765     6.3766     0.0001     4.5951     4.5951     13.869     14.194      0.377    1458.48    1458.48  0.000e+00
       1552     14.500    10.8049    10.8055     0.0006    0.81533    0.81535          1     7.1784     6.7439       8.52     0.0313  1.080e-01  1.956e+00  1.814e+03     6.3765     6.3766     0.0001     4.5951     4.5951     14.364     14.701      0.255    1458.49    1458.49  0.000e+00
       1606     15.000    10.8049    10.8053     0.0004    0.81534    0.81535          1     7.1735     6.7408      10.04     0.0309  9.455e-02  1.725e+00  1.824e+03     6.3766     6.3766     0.0000     4.5951     4.5951     14.859     15.208      0.445    1458.49    1458.49  0.000e+00
       1629     15.500    10.8047    10.8053     0.0006    0.81534    0.81536          1     7.1760     6.7380       9.98     0.0312  8.468e-02  1.527e+00  1.804e+03     6.3765     6.3766     0.0001     4.5951     4.5951     15.355     15.715      0.469    1458.50    1458.50  0.000e+00
       1663     16.000    10.8053    10.8054     0.0001    0.81536    0.81537          1     7.1836     6.7408       9.98     0.0322  7.971e-02  1.468e+00  1.842e+03     6.3765     6.3766     0.0001     4.5950     4.5951     15.850     16.222      0.278    1458.51    1458.51  0.000e+00
       1713     16.500    10.8054    10.8055     0.0002    0.81536    0.81538          1     7.1883     6.7384       9.98     0.0317  6.746e-02  1.285e+00  1.905e+03     6.3765     6.3766     0.0001     4.5950     4.5951     16.345     16.729      0.299    1458.52    1458.52  0.000e+00
       1745     17.000    10.8057    10.8057    -0.0001    0.81538    0.81539          1     7.1927     6.7305       9.98     0.0320  5.652e-02  1.091e+00  1.931e+03     6.3765     6.3766     0.0000     4.5950     4.5951     16.841     17.236      0.364    1458.53    1458.53  0.000e+00
       1816     17.500    10.8057    10.8060     0.0004    0.81538    0.81540          1     7.1841     6.7379       9.41     0.0312  4.899e-02  9.438e-01  1.926e+03     6.3765     6.3766     0.0001     4.5950     4.5950     17.336     17.743      0.251    1458.54    1458.54  0.000e+00
       1884     18.000    10.8054    10.8059     0.0005    0.81539    0.81540          1     7.1816     6.7366      10.00     0.0305  4.546e-02  8.793e-01  1.934e+03     6.3765     6.3766     0.0001     4.5950     4.5950     17.831     18.250      0.485    1458.54    1458.54  0.000e+00
       1904     18.500    10.8053    10.8058     0.0005    0.81539    0.81541          1     7.1874     6.7317       9.98     0.0295  3.883e-02  7.540e-01  1.942e+03     6.3765     6.3766     0.0001     4.5950     4.5950     18.326     18.757      0.553    1458.55    1458.55  0.000e+00
       1929     19.000    10.8056    10.8059     0.0003    0.81539    0.81541          1     7.1911     6.7315       9.98     0.0313  3.141e-02  6.116e-01  1.948e+03     6.3765     6.3766     0.0001     4.5950     4.5950     18.822     19.264      0.380    1458.56    1458.56  0.000e+00
       1982     19.500    10.8063    10.8062    -0.0001    0.81542    0.81542          1     7.1833     6.7327       9.98     0.0317  2.342e-02  4.539e-01  1.937e+03     6.3765     6.3766     0.0001     4.5949     4.5950     19.317     19.771      0.244    1458.57    1458.57  0.000e+00
       2028     20.000    10.8063    10.8065     0.0003    0.81543    0.81544          1     7.1807     6.7332       9.98     0.0323  2.217e-02  4.255e-01  1.919e+03     6.3766     6.3766     0.0001     4.5950     4.5950     19.812     20.278      0.240    1458.58    1458.58  0.000e+00
       2095     20.500    10.8066    10.8062    -0.0004    0.81544    0.81545          1     7.1873     6.7392       9.97     0.0327  1.744e-02  3.299e-01  1.891e+03     6.3766     6.3767     0.0001     4.5949     4.5951     20.308     20.785      0.265    1458.59    1458.59  0.000e+00
       2130     21.000    10.8063    10.8067     0.0004    0.81545    0.81547          1     7.1892     6.7365       9.97     0.0324  1.272e-02  2.348e-01  1.845e+03     6.3766     6.3767     0.0001     4.5950     4.5951     20.803     21.291      0.382    1458.59    1458.60  0.000e+00
       2164     21.500    10.8071    10.8070    -0.0001    0.81546    0.81548          1     7.1783     6.7358       9.97     0.0335  9.831e-03  1.806e-01  1.838e+03     6.3766     6.3767     0.0001     4.5949     4.5950     21.298     21.798      0.267    1458.61    1458.61  0.000e+00
       2243     22.000    10.8067    10.8070     0.0003    0.81547    0.81548          1     7.1865     6.7374       9.97     0.0311  9.371e-03  1.799e-01  1.920e+03     6.3766     6.3767     0.0001     4.5949     4.5950     21.793     22.305      0.309    1458.61    1458.61  0.000e+00
       2272     22.500    10.8054    10.8067     0.0014    0.81547    0.81549          1     7.1840     6.7341       9.97     0.0314  6.210e-03  1.201e-01  1.934e+03     6.3768     6.3767    -0.0001     4.5952     4.5950     22.289     22.812      0.520    1458.62    1458.62  0.000e+00
       2293     23.000    10.8034    10.8059     0.0024    0.81548    0.81549          1     7.1812     6.7361       9.97     0.0305  3.311e-03  6.419e-02  1.939e+03     6.3772     6.3769    -0.0003     4.5958     4.5953     22.784     23.319      0.538    1458.62    1458.63  0.000e+00
       2319     23.500    10.8029    10.8045     0.0016    0.81548    0.81550          1     7.1819     6.7408       9.97     0.0320  1.239e-03  2.403e-02  1.938e+03     6.3772     6.3771    -0.0001     4.5959     4.5956     23.279     23.826      0.371    1458.62    1458.63  0.000e+00
       2428     24.000    10.7997    10.8010     0.0013    0.81549    0.81551          1     7.1782     6.7277       9.59     0.0318  7.833e-04  1.544e-02  1.970e+03     6.3778     6.3778    -0.0000     4.5967     4.5965     23.775     24.333      0.363    1458.62    1458.62  0.000e+00
       2455     24.500    10.8000    10.8012     0.0012    0.81549    0.81551          1     7.1864     6.7308       9.96     0.0317  1.436e-05  2.826e-04  1.977e+03     6.3777     6.3777     0.0000     4.5965     4.5964     24.270     24.840      0.495    1458.63    1458.63  0.000e+00
       2483     25.000    10.7976    10.7993     0.0017    0.81552    0.81552          1     7.1888     6.7370       9.97     0.0325 -3.826e-10 -7.545e-09  1.984e+03     6.3783     6.3780    -0.0003     4.5973     4.5969     24.765     25.347      0.320    1458.63    1458.63  0.000e+00
       2546     25.500    10.7971    10.7986     0.0015    0.81550    0.81553          1     7.1801     6.7300       9.97     0.0320  5.113e-14  1.000e-12  1.956e+03     6.3782     6.3782    -0.0000     4.5973     4.5971     25.260     25.854      0.262    1458.63    1458.64  0.000e+00
       2581     26.000    10.7994    10.7984    -0.0010    0.81549    0.81552          1     7.1844     6.7247       9.97     0.0325  5.079e-14  1.000e-12  1.969e+03     6.3777     6.3781     0.0005     4.5966     4.5971     25.756     26.361      0.338    1458.65    1458.65  0.000e+00
       2621     26.500    10.8010    10.7999    -0.0011    0.81550    0.81551          1     7.1911     6.7332       9.97     0.0340  5.002e-14  1.000e-12  1.999e+03     6.3775     6.3778     0.0003     4.5963     4.5966     26.251     26.868      0.307    1458.66    1458.66  0.000e+00
       2654     27.000    10.7991    10.8004     0.0013    0.81549    0.81552          1     7.1858     6.7350       9.97     0.0341  4.989e-14  1.000e-12  2.004e+03     6.3776     6.3777     0.0000     4.5966     4.5965     26.746     27.375      0.400    1458.67    1458.67  0.000e+00
       2700     27.500    10.7995    10.8002     0.0008    0.81551    0.81552          1     7.1781     6.7325       9.97     0.0334  5.075e-14  1.000e-12  1.971e+03     6.3777     6.3777    -0.0000     4.5966     4.5965     27.241     27.882      0.280    1458.68    1458.68  0.000e+00
