ctdpy/exports/archive_20191121_122431/received_data/SBE09_1044_20180131_1127_34_02_0038.cnv
* Sea-Bird SBE 9 Data File:
* FileName = C:\ctd\temp\2018\ME18D038.hex
* Software Version Seasave V 7.26.6.26
* Temperature SN = 5351
* Conductivity SN = 3941
* Number of Bytes Per Scan = 41
* Number of Voltage Words = 4
* Number of Scans Averaged by the Deck Unit = 1
* NMEA Latitude = 58 35.63 N
* NMEA Longitude = 018 14.21 E
* NMEA UTC (Time) = Jan 31 2018  11:27:09
* NMEA baud rate = 4800
** Station:  BY31
** Operator:  SSip
** Ship: MERI
** Average sound velocity: 1446.89 m/s
** True-depth calculation Wed, 31 Jan 2018 13:14:50 +0000
** CTD Python Module SMHI /ver 3-12/ feb 2012 
** LIMS Job: 20183402-0038
** Cruise: SMHI-01-2018
** Latitude [GG MM.mm N] :
** Longitude [GG MM.mm E]:
# nquan = 26
# nvalues = 874                         
# units = specified
# name 0 = scan: Scan Count
# name 1 = prDM: Pressure, Digiquartz [db]
# name 2 = t090C: Temperature [ITS-90, deg C]
# name 3 = t190C: Temperature, 2 [ITS-90, deg C]
# name 4 = T2-T190C: Temperature Difference, 2 - 1 [ITS-90, deg C]
# name 5 = c0S/m: Conductivity [S/m]
# name 6 = c1S/m: Conductivity, 2 [S/m]
# name 7 = pumps: Pump Status
# name 8 = sbeox0ML/L: Oxygen, SBE 43 [ml/l]
# name 9 = sbeox1ML/L: Oxygen, SBE 43, 2 [ml/l]
# name 10 = altM: Altimeter [m]
# name 11 = flECO-AFL: Chl-a Fluorescence, WET Labs ECO-AFL/FL [mg/m^3]
# name 12 = flECO-AFL1: Phycocyanin Fluorescence, WET Labs ECO-AFL/FL, 2 [mg/m^3]
# name 13 = par: PAR/Irradiance, Biospherical/Lico [µE/(cm^2*s)]
# name 14 = turbWETntu0: Turbidity, WET Labs ECO [NTU]
# name 15 = sal00: Salinity, Practical [PSU]
# name 16 = sal11: Salinity, Practical, 2 [PSU]
# name 17 = secS-priS: Salinity, Practical, Difference, 2 - 1 [PSU]
# name 18 = sigma-t00: Density [sigma-t, Kg/m^3 ]
# name 19 = sigma-t11: Density, 2 [sigma-t, Kg/m^3 ]
# name 20 = depSM: Depth [salt water, m], lat = 58.5938
# name 21 = depFM: Depth [true depth, m], lat = 58.5938
# name 22 = dz/dtM: Descent Rate [m/s], WS = 2
# name 23 = svCM: Sound Velocity [Chen-Millero, m/s]
# name 24 = svCM1: Sound Velocity, 2 [Chen-Millero, m/s]
# name 25 = flag: flag
# span 0 =       2112,      20998       
# span 1 =      2.500,    439.000       
# span 2 =     4.1364,     6.2422       
# span 3 =     4.1383,     6.2428       
# span 4 =    -0.0123,     0.0124       
# span 5 =   0.753016,   1.246109       
# span 6 =   0.752990,   1.246088       
# span 7 =          1,          1       
# span 8 =   -0.01448,    8.26377       
# span 9 =    0.00667,    8.21920       
# span 10 =       5.47,      99.08      
# span 11 =     0.2390,     0.4679      
# span 12 =     0.2283,     0.5618      
# span 13 = 1.0000e-12, 7.0462e+01      
# span 14 =     0.1389,     2.1527      
# span 15 =     7.0944,    11.3806      
# span 16 =     7.0942,    11.3801      
# span 17 =    -0.0051,     0.0025      
# span 18 =     5.6365,     8.9241      
# span 19 =     5.6363,     8.9237      
# span 20 =      2.477,    434.449      
# span 21 =      2.532,    443.483      
# span 22 =     -0.220,      0.899      
# span 23 =    1431.52,    1453.11      
# span 24 =    1431.52,    1453.12      
# span 25 = 0.0000e+00, 0.0000e+00      
# interval = decibars: 0.5              
# start_time = Jan 31 2018 11:27:10 [NMEA time, first data scan]
# bad_flag = -9.990e-29
*END*
[from data line 223]
       7118    114.000     5.7711     5.7716     0.0004    1.14345    1.14342          1     0.0342     0.0664      98.00     0.3667     0.3213  1.000e-12  1.0110000    10.5713    10.5708    -0.0005     8.3171     8.3167    112.907    115.358      0.648    1444.88    1444.88  0.000e+00
       7136    114.500     5.7733     5.7737     0.0004    1.14445    1.14440          1     0.0350     0.0636      98.04     0.3666     0.3304  1.000e-12  0.9936000    10.5805    10.5799    -0.0006     8.3242     8.3237    113.402    115.863      0.671    1444.90    1444.90  0.000e+00
       7154    115.000     5.7771     5.7774     0.0002    1.14596    1.14590          1     0.0350     0.0639      98.00     0.3580     0.3300  1.000e-12  0.9536000    10.5942    10.5935    -0.0007     8.3348     8.3343    113.897    116.368      0.639    1444.95    1444.95  0.000e+00
       7174    115.500     5.7840     5.7844     0.0003    1.14774    1.14770          1     0.0337     0.0631      97.99     0.3690     0.3201  1.000e-12  0.7366000    10.6098    10.6093    -0.0005     8.3466     8.3462    114.392    116.873      0.575    1445.00    1445.00  0.000e+00
       7196    116.000     5.7864     5.7868     0.0003    1.14839    1.14836          1     0.0336     0.0594      98.01     0.3792     0.3021  1.000e-12  0.6534000    10.6155    10.6151    -0.0004     8.3510     8.3506    114.887    117.379      0.565    1445.03    1445.03  0.000e+00
       7216    116.500     5.7889     5.7894     0.0005    1.14931    1.14931          1     0.0312     0.0617      98.02     0.3708     0.3263  1.000e-12  0.6247000    10.6237    10.6236    -0.0001     8.3573     8.3572    115.382    117.884      0.636    1445.06    1445.06  0.000e+00
       7234    117.000     5.7928     5.7932     0.0005    1.15044    1.15041          1     0.0326     0.0609      98.00     0.3589     0.3358  1.000e-12  0.6272000    10.6338    10.6334    -0.0004     8.3651     8.3647    115.877    118.389      0.693    1445.09    1445.10  0.000e+00
       7251    117.500     5.7985     5.7991     0.0006    1.15164    1.15160          1     0.0329     0.0627      98.04     0.3700     0.3321  1.000e-12  0.7290000    10.6438    10.6433    -0.0005     8.3726     8.3721    116.372    118.894      0.684    1445.14    1445.14  0.000e+00
       7269    118.000     5.8022     5.8025     0.0003    1.15222    1.15218          1     0.0267     0.0625      98.01     0.3702     0.3220  1.000e-12  0.6293000    10.6484    10.6479    -0.0005     8.3760     8.3756    116.867    119.399      0.624    1445.17    1445.17  0.000e+00
       7289    118.500     5.8052     5.8054     0.0002    1.15269    1.15265          1     0.0289     0.0601      97.99     0.3826     0.3184  1.000e-12  0.5661000    10.6520    10.6515    -0.0005     8.3786     8.3783    117.362    119.904      0.579    1445.19    1445.19  0.000e+00
       7310    119.000     5.8098     5.8100     0.0002    1.15346    1.15340          1     0.0309     0.0611      97.98     0.4037     0.3178  1.000e-12  0.5957000    10.6581    10.6575    -0.0006     8.3832     8.3827    117.857    120.409      0.585    1445.23    1445.23  0.000e+00
       7330    119.500     5.8176     5.8176     0.0000    1.15439    1.15433          1     0.0297     0.0612      97.99     0.3704     0.3199  1.000e-12  0.6585000    10.6649    10.6643    -0.0006     8.3881     8.3876    118.353    120.914      0.614    1445.28    1445.28  0.000e+00
       7349    120.000     5.8230     5.8234     0.0004    1.15501    1.15498          1     0.0308     0.0616      97.99     0.3702     0.3190  1.000e-12  0.7277000    10.6693    10.6689    -0.0004     8.3912     8.3908    118.848    121.419      0.629    1445.32    1445.32  0.000e+00
       7369    120.500     5.8263     5.8266     0.0003    1.15546    1.15542          1     0.0301     0.0613      97.97     0.3648     0.3202  1.000e-12  0.7912000    10.6727    10.6722    -0.0005     8.3937     8.3933    119.343    121.924      0.635    1445.34    1445.34  0.000e+00
       7387    121.000     5.8355     5.8357     0.0002    1.15699    1.15693          1     0.0304     0.0606      97.98     0.3559     0.3213  1.000e-12  0.8547000    10.6849    10.6843    -0.0006     8.4027     8.4023    119.838    122.429      0.630    1445.41    1445.41  0.000e+00
       7407    121.500     5.8414     5.8416     0.0002    1.15834    1.15829          1     0.0297     0.0599      97.99     0.3338     0.3333  1.000e-12  0.9170000    10.6965    10.6959    -0.0006     8.4115     8.4110    120.333    122.934      0.592    1445.45    1445.45  0.000e+00
       7428    122.000     5.8446     5.8451     0.0005    1.15913    1.15919          1     0.0285     0.0569      97.94     0.3439     0.3877  1.000e-12  0.8651000    10.7033    10.7037     0.0005     8.4166     8.4170    120.828    123.439      0.559    1445.48    1445.49  0.000e+00
       7449    122.500     5.8477     5.8482     0.0005    1.15998    1.15998          1     0.0283     0.0588      97.97     0.3623     0.3404  1.000e-12  0.8308000    10.7106    10.7105    -0.0001     8.4223     8.4221    121.323    123.944      0.591    1445.51    1445.52  0.000e+00
       7469    123.000     5.8504     5.8508     0.0004    1.16066    1.16063          1     0.0298     0.0603      97.97     0.3662     0.3398  1.000e-12  0.7960000    10.7164    10.7160    -0.0004     8.4267     8.4264    121.818    124.449      0.657    1445.54    1445.54  0.000e+00
       7486    123.500     5.8517     5.8523     0.0006    1.16093    1.16091          1     0.0296     0.0566      97.95     0.3580     0.3782  1.000e-12  0.7589000    10.7186    10.7183    -0.0004     8.4283     8.4280    122.313    124.954      0.687    1445.56    1445.56  0.000e+00
       7504    124.000     5.8529     5.8532     0.0002    1.16111    1.16107          1     0.0278     0.0524      97.93     0.3479     0.3690  1.000e-12  0.7364000    10.7200    10.7195    -0.0005     8.4293     8.4289    122.808    125.459      0.643    1445.57    1445.57  0.000e+00
       7524    124.500     5.8535     5.8540     0.0005    1.16120    1.16120          1     0.0249     0.0560      97.90     0.3599     0.3657  1.000e-12  0.7478000    10.7206    10.7204    -0.0002     8.4298     8.4296    123.303    125.964      0.547    1445.58    1445.58  0.000e+00
       7548    125.000     5.8562     5.8566     0.0004    1.16191    1.16188          1     0.0277     0.0576      97.92     0.3702     0.3771  1.000e-12  0.7516000    10.7268    10.7264    -0.0004     8.4345     8.4341    123.798    126.469      0.506    1445.61    1445.61  0.000e+00
       7571    125.500     5.8587     5.8591     0.0004    1.16244    1.16240          1     0.0233     0.0555      97.92     0.3622     0.3772  1.000e-12  0.7408000    10.7312    10.7307    -0.0005     8.4378     8.4374    124.293    126.974      0.589    1445.64    1445.64  0.000e+00
       7589    126.000     5.8605     5.8611     0.0006    1.16279    1.16278          1     0.0246     0.0541      97.89     0.3455     0.3191  1.000e-12  0.7326000    10.7340    10.7337    -0.0003     8.4399     8.4396    124.788    127.479      0.678    1445.65    1445.66  0.000e+00
       7606    126.500     5.8637     5.8642     0.0005    1.16343    1.16340          1     0.0281     0.0544      97.98     0.3791     0.3285  1.000e-12  0.7319000    10.7393    10.7388    -0.0005     8.4438     8.4434    125.283    127.984      0.707    1445.68    1445.68  0.000e+00
       7623    127.000     5.8660     5.8663     0.0003    1.16399    1.16396          1     0.0265     0.0551      98.47     0.3717     0.3299  1.000e-12  0.7394000    10.7441    10.7436    -0.0004     8.4475     8.4471    125.778    128.489      0.677    1445.71    1445.71  0.000e+00
       7642    127.500     5.8685     5.8689     0.0004    1.16456    1.16453          1     0.0269     0.0544      98.71     0.3581     0.3031  1.000e-12  0.7498000    10.7488    10.7484    -0.0004     8.4511     8.4507    126.273    128.994      0.609    1445.73    1445.73  0.000e+00
       7663    128.000     5.8773     5.8778     0.0006    1.16671    1.16669          1     0.0272     0.0551      98.71     0.3580     0.3167  1.000e-12  0.7205000    10.7674    10.7671    -0.0003     8.4652     8.4649    126.768    129.499      0.539    1445.80    1445.80  0.000e+00
       7686    128.500     5.8918     5.8921     0.0003    1.16990    1.16985          1     0.0257     0.0566      98.71     0.3698     0.3175  1.000e-12  0.6391000    10.7945    10.7939    -0.0006     8.4856     8.4851    127.263    130.004      0.532    1445.90    1445.90  0.000e+00
       7708    129.000     5.9035     5.9039     0.0004    1.17238    1.17237          1     0.0252     0.0559      98.71     0.3497     0.3195  1.000e-12  0.6399000    10.8154    10.8151    -0.0002     8.5013     8.5011    127.758    130.509      0.597    1445.99    1445.99  0.000e+00
       7727    129.500     5.9160     5.9164     0.0004    1.17518    1.17513          1     0.0257     0.0554      98.71     0.3519     0.3196  1.000e-12  0.6110000    10.8392    10.8386    -0.0006     8.5193     8.5189    128.253    131.014      0.675    1446.08    1446.08  0.000e+00
       7744    130.000     5.9189     5.9197     0.0008    1.17582    1.17583          1     0.0261     0.0525      98.72     0.3580     0.3153  1.000e-12  0.5817000    10.8446    10.8444    -0.0002     8.5234     8.5232    128.748    131.519      0.730    1446.11    1446.11  0.000e+00
       7759    130.500     5.9240     5.9245     0.0005    1.17700    1.17695          1     0.0261     0.0524      98.71     0.3580     0.3343  1.000e-12  0.5349000    10.8546    10.8540    -0.0007     8.5310     8.5304    129.243    132.024      0.720    1446.15    1446.15  0.000e+00
       7777    131.000     5.9277     5.9281     0.0004    1.17801    1.17801          1     0.0265     0.0545      98.72     0.3689     0.3504  1.000e-12  0.5135000    10.8634    10.8633    -0.0001     8.5377     8.5375    129.738    132.529      0.632    1446.18    1446.19  0.000e+00
       7799    131.500     5.9312     5.9317     0.0005    1.17921    1.17919          1     0.0249     0.0531      98.73     0.3712     0.3181  1.000e-12  0.4603000    10.8741    10.8738    -0.0003     8.5459     8.5456    130.233    133.034      0.526    1446.22    1446.22  0.000e+00
       7822    132.000     5.9340     5.9345     0.0004    1.17978    1.17975          1     0.0235     0.0534      98.73     0.3475     0.2748  1.000e-12  0.3902000    10.8789    10.8784    -0.0004     8.5494     8.5490    130.729    133.539      0.552    1446.25    1446.25  0.000e+00
       7842    132.500     5.9368     5.9373     0.0006    1.18032    1.18029          1     0.0233     0.0546      98.73     0.3581     0.2915  1.000e-12  0.3826000    10.8832    10.8828    -0.0005     8.5527     8.5523    131.224    134.044      0.635    1446.27    1446.27  0.000e+00
       7860    133.000     5.9402     5.9407     0.0005    1.18098    1.18095          1     0.0219     0.0515      98.73     0.3680     0.3232  1.000e-12  0.4320000    10.8887    10.8882    -0.0005     8.5568     8.5563    131.719    134.549      0.679    1446.30    1446.30  0.000e+00
       7878    133.500     5.9448     5.9455     0.0006    1.18204    1.18202          1     0.0262     0.0440      98.73     0.3702     0.3800  1.000e-12  0.4199000    10.8976    10.8972    -0.0003     8.5635     8.5632    132.214    135.054      0.652    1446.34    1446.34  0.000e+00
       7897    134.000     5.9502     5.9506     0.0004    1.18326    1.18323          1     0.0235     0.0472      98.73     0.3702     0.3191  1.000e-12  0.3771000    10.9080    10.9075    -0.0004     8.5713     8.5710    132.709    135.559      0.564    1446.38    1446.39  0.000e+00
       7921    134.500     5.9553     5.9558     0.0004    1.18440    1.18438          1     0.0234     0.0510      98.73     0.3702     0.3467  1.000e-12  0.3483000    10.9176    10.9172    -0.0004     8.5786     8.5783    133.204    136.063      0.485    1446.43    1446.43  0.000e+00
       7946    135.000     5.9601     5.9604     0.0003    1.18542    1.18538          1     0.0231     0.0517      98.73     0.3697     0.3176  1.000e-12  0.3382000    10.9261    10.9256    -0.0005     8.5850     8.5845    133.699    136.568      0.507    1446.47    1446.47  0.000e+00
       7968    135.500     5.9644     5.9648     0.0004    1.18619    1.18615          1     0.0238     0.0507      98.73     0.3579     0.3061  1.000e-12  0.3495000    10.9323    10.9318    -0.0005     8.5896     8.5892    134.194    137.073      0.585    1446.50    1446.50  0.000e+00
       7987    136.000     5.9672     5.9679     0.0006    1.18684    1.18684          1     0.0246     0.0480      98.73     0.3580     0.3209  1.000e-12  0.3347000    10.9377    10.9376    -0.0002     8.5937     8.5935    134.689    137.578      0.653    1446.53    1446.53  0.000e+00
       8005    136.500     5.9754     5.9758     0.0003    1.18869    1.18860          1     0.0198     0.0478      98.73     0.3580     0.3200  1.000e-12  0.3394000    10.9534    10.9525    -0.0010     8.6055     8.6048    135.184    138.083      0.681    1446.59    1446.59  0.000e+00
       8023    137.000     5.9828     5.9834     0.0006    1.19025    1.19022          1     0.0211     0.0491      98.73     0.3580     0.3225  1.000e-12  0.3490000    10.9665    10.9661    -0.0005     8.6154     8.6150    135.679    138.588      0.659    1446.65    1446.65  0.000e+00
       8041    137.500     5.9952     5.9955     0.0004    1.19288    1.19284          1     0.0218     0.0512      98.73     0.3580     0.3258  1.000e-12  0.3273000    10.9886    10.9881    -0.0005     8.6320     8.6316    136.174    139.093      0.600    1446.73    1446.73  0.000e+00
       8064    138.000     5.9991     5.9995     0.0005    1.19369    1.19364          1     0.0231     0.0488      98.73     0.3580     0.3481  1.000e-12  0.3434000    10.9953    10.9947    -0.0006     8.6370     8.6365    136.669    139.598      0.489    1446.77    1446.77  0.000e+00
       8091    138.500     6.0042     6.0045     0.0004    1.19476    1.19471          1     0.0228     0.0472      98.73     0.3673     0.3489  1.000e-12  0.3089000    11.0042    11.0036    -0.0007     8.6437     8.6432    137.164    140.103      0.457    1446.81    1446.81  0.000e+00
       8115    139.000     6.0181     6.0181    -0.0001    1.19754    1.19742          1     0.0231     0.0498      98.73     0.3609     0.3463  1.000e-12  0.2906000    11.0273    11.0261    -0.0012     8.6610     8.6600    137.659    140.608      0.576    1446.90    1446.90  0.000e+00
       8134    139.500     6.0261     6.0264     0.0004    1.19899    1.19894          1     0.0207     0.0475      98.73     0.3525     0.3614  1.000e-12  0.2902000    11.0391    11.0385    -0.0006     8.6697     8.6693    138.154    141.113      0.662    1446.96    1446.96  0.000e+00
       8151    140.000     6.0319     6.0322     0.0003    1.20018    1.20011          1     0.0208     0.0467      98.73     0.3459     0.3615  1.000e-12  0.2898000    11.0489    11.0481    -0.0008     8.6771     8.6764    138.649    141.618      0.679    1447.01    1447.01  0.000e+00
       8169    140.500     6.0343     6.0347     0.0004    1.20070    1.20066          1     0.0229     0.0487      98.73     0.3577     0.3609  1.000e-12  0.2709000    11.0532    11.0526    -0.0006     8.6803     8.6799    139.144    142.122      0.662    1447.03    1447.03  0.000e+00
       8188    141.000     6.0379     6.0384     0.0005    1.20147    1.20145          1     0.0220     0.0500      98.72     0.3580     0.3035  1.000e-12  0.2781000    11.0596    11.0592    -0.0004     8.6852     8.6848    139.639    142.627      0.625    1447.06    1447.06  0.000e+00
