ctdpy/exports/archive_20191121_122431/received_data/SBE09_1044_20180204_0003_34_02_0057.cnv
* Sea-Bird SBE 9 Data File:
* FileName = C:\ctd\temp\2018\ME18D057.hex
* Software Version Seasave V 7.26.6.26
* Temperature SN = 5351
* Conductivity SN = 3941
* Number of Bytes Per Scan = 41
* Number of Voltage Words = 4
* Number of Scans Averaged by the Deck Unit = 1
* NMEA Latitude = 58 17.05 N
* NMEA Longitude = 010 30.23 E
* NMEA UTC (Time) = Feb 04 2018  00:03:22
* NMEA baud rate = 4800
** Station:  A17
** Operator:  JKro
** Ship: MERI
** Average sound velocity: 1483.03 m/s
** True-depth calculation Sun, 04 Feb 2018 01:41:24 +0000
** CTD Python Module SMHI /ver 3-12/ feb 2012 
** LIMS Job: 20183402-0057
** Cruise: SMHI-01-2018
** Latitude [GG MM.mm N] :
** Longitude [GG MM.mm E]:
# nquan = 26
# nvalues = 696                         
# units = specified
# name 0 = scan: Scan Count
# name 1 = prDM: Pressure, Digiquartz [db]
# name 2 = t090C: Temperature [ITS-90, deg C]
# name 3 = t190C: Temperature, 2 [ITS-90, deg C]
# name 4 = T2-T190C: Temperature Difference, 2 - 1 [ITS-90, deg C]
# name 5 = c0S/m: Conductivity [S/m]
# name 6 = c1S/m: Conductivity, 2 [S/m]
# name 7 = pumps: Pump Status
# name 8 = sbeox0ML/L: Oxygen, SBE 43 [ml/l]
# name 9 = sbeox1ML/L: Oxygen, SBE 43, 2 [ml/l]
# name 10 = altM: Altimeter [m]
# name 11 = flECO-AFL: Chl-a Fluorescence, WET Labs ECO-AFL/FL [mg/m^3]
# name 12 = flECO-AFL1: Phycocyanin Fluorescence, WET Labs ECO-AFL/FL, 2 [mg/m^3]
# name 13 = par: PAR/Irradiance, Biospherical/Lico [µE/(cm^2*s)]
# name 14 = turbWETntu0: Turbidity, WET Labs ECO [NTU]
# name 15 = sal00: Salinity, Practical [PSU]
# name 16 = sal11: Salinity, Practical, 2 [PSU]
# name 17 = secS-priS: Salinity, Practical, Difference, 2 - 1 [PSU]
# name 18 = sigma-t00: Density [sigma-t, Kg/m^3 ]
# name 19 = sigma-t11: Density, 2 [sigma-t, Kg/m^3 ]
# name 20 = depSM: Depth [salt water, m], lat = 58.2842
# name 21 = depFM: Depth [true depth, m], lat = 58.2842
# name 22 = dz/dtM: Descent Rate [m/s], WS = 2
# name 23 = svCM: Sound Velocity [Chen-Millero, m/s]
# name 24 = svCM1: Sound Velocity, 2 [Chen-Millero, m/s]
# name 25 = flag: flag
# span 0 =      15061,      36660       
# span 1 =      2.000,    349.500       
# span 2 =     4.3334,     8.7297       
# span 3 =     4.3331,     8.7289       
# span 4 =    -0.3802,     0.0872       
# span 5 =   2.938489,   3.692944       
# span 6 =   2.938507,   3.693070       
# span 7 =          1,          1       
# span 8 =    5.27037,    7.10026       
# span 9 =    4.50980,    7.28168       
# span 10 =       1.14,     103.00      
# span 11 =     0.0076,     0.8936      
# span 12 =     0.2426,     0.4372      
# span 13 = -2.168e-03, 2.3897e-01      
# span 14 =     0.1460,     1.2177      
# span 15 =    30.9320,    35.0923      
# span 16 =    30.9327,    35.0934      
# span 17 =    -0.4137,     0.1791      
# span 18 =    24.5189,    27.4184      
# span 19 =    24.5194,    27.4191      
# span 20 =      1.981,    345.960      
# span 21 =      1.988,    346.563      
# span 22 =     -0.220,      1.219      
# span 23 =    1462.82,    1486.83      
# span 24 =    1462.82,    1486.84      
# span 25 = 0.0000e+00, 0.0000e+00      
# interval = decibars: 0.5              
# start_time = Feb 04 2018 00:03:23 [NMEA time, first data scan]
# bad_flag = -9.990e-29
*END*
[from data line 502]
      29238    253.000     6.8182     6.8180    -0.0002    3.51989    3.51992          1     6.0964     6.0549      98.70     0.1532     0.3439  1.000e-12  0.4125000    34.9634    34.9637     0.0004    27.4151    27.4154    250.496    250.897      0.517    1482.06    1482.06  0.000e+00
      29257    253.500     6.8115     6.8142     0.0027    3.51920    3.51957          1     6.1089     6.0464      98.70     0.1418     0.3190  1.000e-12  0.4779000    34.9622    34.9635     0.0013    27.4151    27.4158    250.991    251.393      0.674    1482.04    1482.05  0.000e+00
      29274    254.000     6.8062     6.8075     0.0012    3.51866    3.51889          1     6.1238     6.0888      98.70     0.1404     0.3081  1.000e-12  0.4888000    34.9613    34.9626     0.0012    27.4152    27.4160    251.486    251.889      0.693    1482.03    1482.04  0.000e+00
      29292    254.500     6.8016     6.8055     0.0041    3.51821    3.51869          1     6.1251     6.1454      98.70     0.1383     0.3057  1.000e-12  0.4971000    34.9609    34.9621     0.0013    27.4154    27.4159    251.980    252.384      0.611    1482.02    1482.04  0.000e+00
      29315    255.000     6.7683     6.7860     0.0175    3.51479    3.51661          1     6.1365     6.1582      98.69     0.1399     0.3192  1.000e-12  0.5024000    34.9566    34.9588     0.0022    27.4167    27.4160    252.475    252.880      0.445    1481.89    1481.96  0.000e+00
      29356    255.500     6.7624     6.7726     0.0101    3.51427    3.51523          1     6.1606     6.1898      98.69     0.1489     0.3232  1.000e-12  0.5253000    34.9566    34.9568     0.0002    27.4175    27.4162    252.970    253.376      0.254    1481.88    1481.92  0.000e+00
      29401    256.000     6.7343     6.7295    -0.0047    3.51115    3.51074          1     6.1818     6.1303      98.69     0.1687     0.3068  1.000e-12  0.5585000    34.9504    34.9508     0.0003    27.4164    27.4174    253.465    253.871      0.524    1481.77    1481.75  0.000e+00
      29418    256.500     6.7336     6.7337     0.0000    3.51115    3.51123          1     6.1853     6.2063      98.69     0.1759     0.2896  1.000e-12  0.6124000    34.9508    34.9516     0.0008    27.4168    27.4174    253.959    254.367      0.794    1481.77    1481.78  0.000e+00
      29431    257.000     6.7350     6.7330    -0.0021    3.51135    3.51115          1     6.1931     6.1407      98.70     0.1577     0.3221  1.000e-12  0.6419000    34.9514    34.9513    -0.0000    27.4170    27.4173    254.454    254.863      0.917    1481.79    1481.78  0.000e+00
      29443    257.500     6.7363     6.7313    -0.0049    3.51146    3.51099          1     6.1996     6.2244      98.69     0.1535     0.3329  1.000e-12  0.6489000    34.9511    34.9510    -0.0001    27.4167    27.4173    254.949    255.358      0.896    1481.80    1481.78  0.000e+00
      29458    258.000     6.7295     6.7312     0.0016    3.51076    3.51100          1     6.2014     6.3411      98.69     0.1563     0.3248  1.000e-12  0.6622000    34.9500    34.9509     0.0009    27.4167    27.4172    255.444    255.854      0.657    1481.78    1481.79  0.000e+00
      29527    258.500     6.7350     6.7237    -0.0109    3.51134    3.51020          1     6.1911     6.2932      98.68     0.1612     0.3195  1.000e-12  0.5921000    34.9506    34.9495    -0.0011    27.4165    27.4171    255.938    256.350      0.440    1481.81    1481.77  0.000e+00
      29559    259.000     6.6893     6.7104     0.0203    3.50665    3.50888          1     6.2021     6.2497      98.68     0.1591     0.3164  1.000e-12  0.5971000    34.9448    34.9481     0.0033    27.4181    27.4179    256.433    256.845      0.788    1481.64    1481.72  0.000e+00
      29572    259.500     6.6872     6.6735    -0.0135    3.50615    3.50484          1     6.2255     6.3121      98.62     0.1551     0.3224  1.000e-12  0.6051000    34.9413    34.9406    -0.0006    27.4156    27.4170    256.928    257.341      0.894    1481.63    1481.58  0.000e+00
      29585    260.000     6.6486     6.6544     0.0057    3.50217    3.50289          1     6.2486     6.2448      98.36     0.1551     0.2945  1.000e-12  0.7657000    34.9362    34.9383     0.0021    27.4168    27.4177    257.422    257.837      0.882    1481.48    1481.51  0.000e+00
      29599    260.500     6.6522     6.6512    -0.0010    3.50259    3.50254          1     6.2675     6.2640      98.27     0.1550     0.2744  1.000e-12  0.7931000    34.9369    34.9374     0.0005    27.4169    27.4174    257.917    258.332      0.753    1481.50    1481.50  0.000e+00
      29620    261.000     6.6430     6.6428    -0.0001    3.50160    3.50168          1     6.2789     6.2371      98.19     0.1663     0.3602  1.000e-12  0.8126000    34.9351    34.9360     0.0009    27.4167    27.4175    258.412    258.828      0.467    1481.47    1481.47  0.000e+00
      29673    261.500     6.6402     6.6497     0.0095    3.50134    3.50244          1     6.2581     6.3190      98.25     0.1961     0.3166  1.000e-12  0.8043000    34.9348    34.9373     0.0025    27.4169    27.4176    258.907    259.324      0.269    1481.47    1481.51  0.000e+00
      29712    262.000     6.6405     6.6420     0.0015    3.50138    3.50164          1     6.2574     6.3494      98.37     0.1926     0.2988  1.000e-12  0.7967000    34.9346    34.9360     0.0014    27.4167    27.4176    259.401    259.819      0.507    1481.48    1481.49  0.000e+00
      29731    262.500     6.6416     6.6439     0.0023    3.50153    3.50187          1     6.2757     6.3054      98.40     0.1967     0.3225  1.000e-12  0.8440000    34.9350    34.9364     0.0014    27.4169    27.4177    259.896    260.315      0.643    1481.49    1481.51  0.000e+00
      29749    263.000     6.6484     6.6495     0.0011    3.50231    3.50253          1     6.2770     6.3665      98.44     0.2112     0.3608  1.000e-12  0.8792000    34.9364    34.9377     0.0013    27.4170    27.4179    260.391    260.811      0.696    1481.53    1481.54  0.000e+00
      29766    263.500     6.6454     6.6479     0.0026    3.50201    3.50237          1     6.2749     6.1969      98.52     0.1903     0.3470  1.000e-12  0.8470000    34.9358    34.9373     0.0015    27.4170    27.4178    260.886    261.307      0.677    1481.53    1481.54  0.000e+00
      29785    264.000     6.6471     6.6478     0.0007    3.50223    3.50239          1     6.2674     6.2527      98.59     0.1813     0.3206  1.000e-12  0.8677000    34.9363    34.9374     0.0011    27.4171    27.4179    261.380    261.802      0.543    1481.54    1481.55  0.000e+00
      29820    264.500     6.6486     6.6472    -0.0013    3.50241    3.50234          1     6.2518     6.3237      98.59     0.1796     0.3243  1.000e-12  0.8500000    34.9366    34.9372     0.0006    27.4171    27.4178    261.875    262.298      0.275    1481.56    1481.55  0.000e+00
      29867    265.000     6.6473     6.6488     0.0015    3.50230    3.50259          1     6.2515     6.1951      98.62     0.1880     0.2804  1.000e-12  0.8296000    34.9365    34.9381     0.0017    27.4172    27.4183    262.370    262.794      0.416    1481.56    1481.57  0.000e+00
      29888    265.500     6.6502     6.6511     0.0009    3.50144    3.50285          1     6.2573     6.1443      98.60     0.1870     0.3042  1.000e-12  0.8083000    34.9237    34.9385     0.0148    27.4068    27.4183    262.865    263.289      0.628    1481.56    1481.59  0.000e+00
      29905    266.000     6.6506     6.6533     0.0027    3.50276    3.50311          1     6.2550     6.7081      98.57     0.1840     0.3185  1.000e-12  0.8096000    34.9376    34.9388     0.0012    27.4177    27.4182    263.359    263.785      0.692    1481.59    1481.60  0.000e+00
      29923    266.500     6.6498     6.6514     0.0016    3.50269    3.50296          1     6.2543     6.4556      98.65     0.1534     0.3316  1.000e-12  0.8374000    34.9375    34.9387     0.0012    27.4177    27.4185    263.854    264.281      0.632    1481.60    1481.60  0.000e+00
      29945    267.000     6.6511     6.6484    -0.0027    3.50288    3.50263          1     6.2571     6.1756      98.68     0.1621     0.3392  1.000e-12  0.8561000    34.9380    34.9380    -0.0000    27.4180    27.4183    264.349    264.776      0.449    1481.61    1481.60  0.000e+00
      29983    267.500     6.6495     6.6438    -0.0057    3.50268    3.50217          1     6.2555     6.2523      98.69     0.2043     0.3211  1.000e-12  0.9361000    34.9372    34.9373     0.0002    27.4175    27.4184    264.843    265.272      0.287    1481.61    1481.59  0.000e+00
      30020    268.000     6.6480     6.6481     0.0001    3.50255    3.50267          1     6.2516     6.2820      98.69     0.1905     0.3351  1.000e-12  0.8562000    34.9370    34.9383     0.0013    27.4175    27.4185    265.338    265.768      0.456    1481.61    1481.62  0.000e+00
      30042    268.500     6.6485     6.6500     0.0015    3.50266    3.50292          1     6.2408     6.2313      98.69     0.1802     0.3376  1.000e-12  0.8335000    34.9374    34.9388     0.0014    27.4178    27.4187    265.833    266.263      0.636    1481.62    1481.63  0.000e+00
      30059    269.000     6.6528     6.6533     0.0005    3.50314    3.50328          1     6.2325     5.7760      98.69     0.1756     0.3356  1.000e-12  0.8473000    34.9382    34.9392     0.0010    27.4179    27.4186    266.327    266.759      0.668    1481.65    1481.65  0.000e+00
      30078    269.500     6.6553     6.6556     0.0003    3.50344    3.50356          1     6.2341     6.1076      98.69     0.1763     0.3349  1.000e-12  0.8772000    34.9387    34.9397     0.0010    27.4179    27.4187    266.822    267.255      0.520    1481.67    1481.67  0.000e+00
      30116    270.000     6.6536     6.6548     0.0011    3.50332    3.50349          1     6.2421     6.3527      98.69     0.1939     0.3310  1.000e-12  0.7861000    34.9387    34.9395     0.0007    27.4182    27.4186    267.317    267.750      0.275    1481.67    1481.67  0.000e+00
      30152    270.500     6.6564     6.6562    -0.0002    3.50361    3.50367          1     6.2431     6.4181      98.69     0.1637     0.2682  1.000e-12  0.7372000    34.9390    34.9399     0.0009    27.4180    27.4187    267.812    268.246      0.539    1481.69    1481.69  0.000e+00
      30171    271.000     6.6553     6.6553    -0.0001    3.50351    3.50358          1     6.2486     6.3663      98.69     0.1729     0.3511  1.000e-12  0.8766000    34.9386    34.9395     0.0009    27.4179    27.4186    268.306    268.742      0.676    1481.69    1481.69  0.000e+00
      30188    271.500     6.6517     6.6504    -0.0012    3.50314    3.50308          1     6.2575     6.2811      98.69     0.1733     0.3568  1.000e-12  0.9149000    34.9381    34.9386     0.0006    27.4179    27.4185    268.801    269.237      0.690    1481.69    1481.68  0.000e+00
      30205    272.000     6.6400     6.6427     0.0026    3.50191    3.50229          1     6.2679     6.3090      98.69     0.1648     0.3568  1.000e-12  0.8511000    34.9360    34.9375     0.0015    27.4178    27.4187    269.296    269.733      0.591    1481.65    1481.66  0.000e+00
      30240    272.500     6.6430     6.6430    -0.0000    3.50227    3.50234          1     6.2680     6.1773      98.69     0.1944     0.3363  1.000e-12  0.8418000    34.9367    34.9375     0.0008    27.4180    27.4187    269.790    270.229      0.318    1481.67    1481.67  0.000e+00
      30296    273.000     6.6415     6.6439     0.0025    3.50211    3.50244          1     6.2545     6.2862      98.69     0.1815     0.3441  1.000e-12  0.7042000    34.9363    34.9374     0.0011    27.4179    27.4184    270.285    270.724      0.525    1481.67    1481.68  0.000e+00
      30312    273.500     6.6346     6.6404     0.0057    3.50140    3.50206          1     6.2546     6.1872      98.69     0.1747     0.3188  1.000e-12  0.7476000    34.9351    34.9366     0.0015    27.4179    27.4183    270.780    271.220      0.798    1481.65    1481.67  0.000e+00
      30325    274.000     6.6326     6.6336     0.0010    3.50122    3.50140          1     6.2538     6.2607      98.69     0.1983     0.3297  1.000e-12  0.8585000    34.9349    34.9358     0.0009    27.4180    27.4186    271.275    271.716      0.894    1481.65    1481.65  0.000e+00
      30338    274.500     6.6340     6.6350     0.0010    3.50138    3.50154          1     6.2573     6.3633      98.69     0.2010     0.3343  1.000e-12  0.8729000    34.9351    34.9357     0.0007    27.4179    27.4183    271.769    272.211      0.858    1481.66    1481.67  0.000e+00
      30353    275.000     6.6324     6.6342     0.0018    3.50121    3.50148          1     6.2627     6.3722      98.68     0.1884     0.3215  1.000e-12  0.9281000    34.9344    34.9357     0.0013    27.4176    27.4184    272.264    272.707      0.635    1481.66    1481.67  0.000e+00
      30414    275.500     6.6355     6.6353    -0.0002    3.50157    3.50163          1     6.2675     6.2662      98.69     0.1784     0.3250  1.000e-12  0.8039000    34.9351    34.9359     0.0008    27.4178    27.4184    272.759    273.203      0.415    1481.68    1481.69  0.000e+00
      30448    276.000     6.6365     6.6359    -0.0006    3.50173    3.50173          1     6.2771     6.2843      98.69     0.1809     0.3268  1.000e-12  0.7950000    34.9356    34.9362     0.0006    27.4180    27.4186    273.253    273.698      0.819    1481.70    1481.69  0.000e+00
      30460    276.500     6.6370     6.6372     0.0002    3.50180    3.50190          1     6.2737     6.3025      98.69     0.1880     0.3341  1.000e-12  0.8433000    34.9356    34.9366     0.0010    27.4179    27.4187    273.748    274.194      0.921    1481.71    1481.71  0.000e+00
      30473    277.000     6.6370     6.6382     0.0013    3.50181    3.50201          1     6.2686     6.2703      98.69     0.1935     0.3345  1.000e-12  0.8681000    34.9356    34.9364     0.0008    27.4179    27.4184    274.243    274.690      0.854    1481.72    1481.72  0.000e+00
      30490    277.500     6.6357     6.6371     0.0015    3.50167    3.50194          1     6.2674     6.2676      98.69     0.1954     0.3359  1.000e-12  0.8913000    34.9350    34.9365     0.0015    27.4176    27.4187    274.737    275.186      0.577    1481.72    1481.73  0.000e+00
      30531    278.000     6.6352     6.6362     0.0010    3.50164    3.50183          1     6.2603     6.3104      98.69     0.1827     0.3266  1.000e-12  0.8410000    34.9349    34.9361     0.0011    27.4176    27.4184    275.232    275.681      0.239    1481.72    1481.73  0.000e+00
      30575    278.500     6.6361     6.6387     0.0026    3.50176    3.50215          1     6.2492     6.2945      98.69     0.1913     0.3432  1.000e-12  0.7851000    34.9351    34.9368     0.0017    27.4177    27.4187    275.727    276.177      0.427    1481.74    1481.75  0.000e+00
      30597    279.000     6.6392     6.6414     0.0023    3.50214    3.50246          1     6.2550     6.2730      98.69     0.2045     0.3572  1.000e-12  0.8195000    34.9359    34.9372     0.0014    27.4178    27.4186    276.222    276.673      0.582    1481.76    1481.77  0.000e+00
      30616    279.500     6.6400     6.6400     0.0000    3.50226    3.50234          1     6.2625     6.2968      98.70     0.1874     0.3158  1.000e-12  0.8494000    34.9363    34.9371     0.0008    27.4181    27.4187    276.716    277.168      0.646    1481.77    1481.77  0.000e+00
      30634    280.000     6.6388     6.6397     0.0009    3.50216    3.50234          1     6.2634     6.2796      98.69     0.1870     0.3629  1.000e-12  0.8428000    34.9361    34.9371     0.0011    27.4181    27.4188    277.211    277.664      0.617    1481.77    1481.78  0.000e+00
