ctdpy/exports/archive_20191121_122431/received_data/SBE09_0827_20180119_0609_26_01_0111.cnv
* Sea-Bird SBE 9 Data File:
* FileName = D:\CTD_SBE911\DAT\26DA.2018.1.11.hex
* Software Version Seasave V 7.21d
* Temperature SN = 034757
* Conductivity SN = 041844
* Number of Bytes Per Scan = 48
* Number of Voltage Words = 5
* Number of Scans Averaged by the Deck Unit = 1
* NMEA Latitude = 57 08.82 N
* NMEA Longitude = 007 34.15 E
* NMEA UTC (Time) = Jan 19 2018  06:09:18
* NMEA baud rate = 4800
** Ship: DANA
** Average sound velocity: 1478.93 m/s
** True-depth calculation Thu, 28 Mar 2019 08:02:20 +0000
** CTD Python Module SMHI /ver 3-12/ feb 2012 
** LIMS Job: 20182601-0111
**  43F7xx
** Operator: A-KTh
** Cruise: 01/2018
# nquan = 26
# nvalues = 97                          
# units = specified
# name 0 = scan: Scan Count
# name 1 = prDM: Pressure, Digiquartz [db]
# name 2 = t090C: Temperature [ITS-90, deg C]
# name 3 = t190C: Temperature, 2 [ITS-90, deg C]
# name 4 = T2-T190C: Temperature Difference, 2 - 1 [ITS-90, deg C]
# name 5 = c0S/m: Conductivity [S/m]
# name 6 = c1S/m: Conductivity, 2 [S/m]
# name 7 = pumps: Pump Status
# name 8 = sbeox1ML/L: Oxygen, SBE 43, 2 [ml/l]
# name 9 = sbeox0ML/L: Oxygen, SBE 43 [ml/l]
# name 10 = altM: Altimeter [m]
# name 11 = chloroflTC0: Chlorophyll, Turner Cyclops [ug/l]
# name 12 = cpar: CPAR/Corrected Irradiance [%]
# name 13 = par: PAR/Irradiance, Biospherical/Lico [µE/(cm^2*s)]
# name 14 = spar: SPAR, Biospherical/Licor
# name 15 = sal00: Salinity, Practical [PSU]
# name 16 = sal11: Salinity, Practical, 2 [PSU]
# name 17 = secS-priS: Salinity, Practical, Difference, 2 - 1 [PSU]
# name 18 = sigma-t00: Density [sigma-t, kg/m^3 ]
# name 19 = sigma-t11: Density, 2 [sigma-t, kg/m^3 ]
# name 20 = depSM: Depth [salt water, m], lat = 57.147
# name 21 = depFM: Depth [true depth, m], lat = 57.147
# name 22 = dz/dtM: Descent Rate [m/s], WS = 2
# name 23 = svCM: Sound Velocity [Chen-Millero, m/s]
# name 24 = svCM1: Sound Velocity, 2 [Chen-Millero, m/s]
# name 25 = flag: flag
# span 0 =         -5,       5169       
# span 1 =      1.000,     49.000       
# span 2 =     7.0917,     7.1114       
# span 3 =     7.0924,     7.1097       
# span 4 =    -0.0041,     0.0071       
# span 5 =   3.498387,   3.502675       
# span 6 =   3.498553,   3.502933       
# span 7 =          1,          1       
# span 8 =     5.8387,     6.1563       
# span 9 =     6.2015,     6.2432       
# span 10 =       0.99,       9.96      
# span 11 =     0.0232,     0.0801      
# span 12 = 4.6164e-11, 9.9999e+04      
# span 13 = 9.3750e-13, 1.3692e-12      
# span 14 = -5.666e-15, 2.0308e+00      
# span 15 =    34.5741,    34.5876      
# span 16 =    34.5730,    34.5912      
# span 17 =    -0.0105,     0.0044      
# span 18 =    27.0697,    27.0809      
# span 19 =    27.0684,    27.0838      
# span 20 =      0.991,     48.544      
# span 21 =      0.992,     48.593      
# span 22 =     -0.148,      0.987      
# span 23 =    1478.50,    1479.34      
# span 24 =    1478.51,    1479.34      
# span 25 = 0.0000e+00, 0.0000e+00      
# interval = decibars: 0.5              
# start_time = Jan 19 2018 06:09:18 [NMEA time, first data scan]
# bad_flag = -9.990e-29
*END*
[from data line 56]
       2146     29.000     7.1088     7.1079    -0.0008    3.50163    3.50186          1     6.0960     6.2140       9.95     0.0366  4.924e-11  1.000e-12  2.031e+00    34.5803    34.5837     0.0034    27.0730    27.0758     28.731     28.759      0.381    1479.03    1479.03  0.000e+00
       2175     29.500     7.1075     7.1077     0.0002    3.50144    3.50186          1     6.0920     6.2180       9.95     0.0363  4.924e-11  1.000e-12  2.031e+00    34.5792    34.5836     0.0044    27.0723    27.0758     29.227     29.255      0.497    1479.03    1479.04  0.000e+00
       2196     30.000     7.1070     7.1069    -0.0001    3.50141    3.50175          1     6.0990     6.2178       9.95     0.0404  4.924e-11  1.000e-12  2.031e+00    34.5790    34.5830     0.0040    27.0723    27.0754     29.722     29.751      0.611    1479.04    1479.04  0.000e+00
       2215     30.500     7.1079     7.1069    -0.0011    3.50163    3.50177          1     6.1019     6.2223       9.95     0.0373  4.924e-11  1.000e-12  2.031e+00    34.5803    34.5830     0.0026    27.0732    27.0754     30.217     30.247      0.645    1479.05    1479.05  0.000e+00
       2234     31.000     7.1084     7.1070    -0.0015    3.50170    3.50182          1     6.0900     6.2291       9.95     0.0366  4.924e-11  1.000e-12  2.031e+00    34.5804    34.5832     0.0028    27.0731    27.0756     30.713     30.742      0.600    1479.06    1479.06  0.000e+00
       2256     31.500     7.1067     7.1063    -0.0005    3.50143    3.50175          1     6.1084     6.2264       9.95     0.0368  4.924e-11  1.000e-12  2.031e+00    34.5789    34.5828     0.0039    27.0722    27.0754     31.208     31.238      0.414    1479.06    1479.06  0.000e+00
       2312     32.000     7.1078     7.1071    -0.0007    3.50161    3.50190          1     6.1234     6.2169       9.95     0.0375  4.924e-11  1.000e-12  2.031e+00    34.5795    34.5834     0.0039    27.0726    27.0757     31.703     31.734      0.366    1479.07    1479.08  0.000e+00
       2336     32.500     7.1067     7.1064    -0.0002    3.50145    3.50182          1     6.1031     6.2189       9.95     0.0365  4.924e-11  1.000e-12  2.031e+00    34.5786    34.5830     0.0043    27.0720    27.0755     32.199     32.230      0.500    1479.08    1479.08  0.000e+00
       2360     33.000     7.1069     7.1059    -0.0010    3.50151    3.50175          1     6.1160     6.2234       9.95     0.0366  4.924e-11  1.000e-12  2.031e+00    34.5788    34.5825     0.0036    27.0721    27.0751     32.694     32.726      0.439    1479.08    1479.08  0.000e+00
       2398     33.500     7.1089     7.1063    -0.0026    3.50185    3.50183          1     6.1243     6.2212       9.95     0.0370  4.924e-11  1.000e-12  2.031e+00    34.5803    34.5826     0.0024    27.0730    27.0752     33.189     33.222      0.251    1479.10    1479.10  0.000e+00
       2449     34.000     7.1051     7.1062     0.0011    3.50165    3.50196          1     6.1306     6.2233       9.95     0.0370  4.924e-11  1.000e-12  2.031e+00    34.5817    34.5840     0.0023    27.0747    27.0763     33.685     33.718      0.277    1479.10    1479.11  0.000e+00
       2485     34.500     7.0977     7.1048     0.0071    3.50123    3.50093          1     6.1279     6.2230       9.95     0.0376  4.924e-11  1.000e-12  2.031e+00    34.5843    34.5738    -0.0105    27.0777    27.0684     34.180     34.213      0.432    1479.08    1479.10  0.000e+00
       2509     35.000     7.0917     7.0972     0.0055    3.50098    3.50172          1     6.1484     6.2224       9.95     0.0370  4.924e-11  1.000e-12  2.031e+00    34.5873    34.5899     0.0026    27.0809    27.0822     34.675     34.709      0.511    1479.07    1479.09  0.000e+00
       2533     35.500     7.0933     7.0949     0.0016    3.50115    3.50152          1     6.1255     6.2245       9.95     0.0381  4.924e-11  1.000e-12  2.031e+00    34.5873    34.5897     0.0024    27.0807    27.0824     35.171     35.205      0.487    1479.09    1479.09  0.000e+00
       2561     36.000     7.0939     7.0942     0.0002    3.50123    3.50152          1     6.1295     6.2226       9.95     0.0389  4.924e-11  1.000e-12  2.031e+00    34.5873    34.5902     0.0029    27.0806    27.0829     35.666     35.701      0.332    1479.10    1479.10  0.000e+00
       2635     36.500     7.0932     7.0927    -0.0006    3.50121    3.50148          1     6.0930     6.2113       9.95     0.0434  4.924e-11  1.000e-12  2.031e+00    34.5876    34.5911     0.0035    27.0809    27.0838     36.161     36.197      0.310    1479.10    1479.10  0.000e+00
       2665     37.000     7.0935     7.0925    -0.0010    3.50124    3.50149          1     6.1099     6.2139       9.95     0.0437  4.924e-11  1.000e-12  2.031e+00    34.5874    34.5912     0.0037    27.0808    27.0838     36.656     36.693      0.523    1479.11    1479.11  0.000e+00
       2687     37.500     7.0955     7.0931    -0.0024    3.50145    3.50157          1     6.1354     6.2217       9.95     0.0434  4.924e-11  1.000e-12  2.031e+00    34.5875    34.5912     0.0037    27.0805    27.0838     37.152     37.188      0.477    1479.13    1479.12  0.000e+00
       2723     38.000     7.0967     7.0934    -0.0033    3.50159    3.50161          1     6.1412     6.2293       9.95     0.0456  4.924e-11  1.000e-12  2.031e+00    34.5874    34.5910     0.0035    27.0803    27.0836     37.647     37.684      0.275    1479.14    1479.13  0.000e+00
       2766     38.500     7.0957     7.0956    -0.0001    3.50150    3.50182          1     6.1289     6.2245       9.95     0.0459  4.924e-11  1.000e-12  2.031e+00    34.5873    34.5907     0.0035    27.0803    27.0831     38.142     38.180      0.432    1479.14    1479.15  0.000e+00
       2787     39.000     7.0953     7.0954     0.0002    3.50150    3.50184          1     6.1382     6.2130       9.95     0.0440  4.924e-11  1.000e-12  2.031e+00    34.5874    34.5910     0.0036    27.0805    27.0833     38.638     38.676      0.592    1479.15    1479.15  0.000e+00
       2807     39.500     7.0961     7.0959    -0.0002    3.50158    3.50191          1     6.1397     6.2188       9.78     0.0466  4.924e-11  1.000e-12  2.031e+00    34.5872    34.5911     0.0038    27.0803    27.0833     39.133     39.172      0.576    1479.16    1479.17  0.000e+00
       2833     40.000     7.0940     7.0954     0.0014    3.50144    3.50189          1     6.1372     6.2262       9.23     0.0459  4.924e-11  1.000e-12  2.031e+00    34.5875    34.5910     0.0036    27.0807    27.0834     39.628     39.668      0.361    1479.16    1479.17  0.000e+00
       2882     40.500     7.0957     7.0940    -0.0016    3.50156    3.50179          1     6.1240     6.2179       8.69     0.0445  4.924e-11  1.000e-12  2.031e+00    34.5869    34.5911     0.0041    27.0801    27.0836     40.124     40.163      0.242    1479.18    1479.17  0.000e+00
       2919     41.000     7.0958     7.0946    -0.0012    3.50160    3.50182          1     6.1203     6.2126       8.25     0.0424  4.924e-11  1.000e-12  2.031e+00    34.5870    34.5907     0.0037    27.0801    27.0832     40.619     40.659      0.388    1479.18    1479.18  0.000e+00
       2950     41.500     7.0960     7.0948    -0.0012    3.50164    3.50187          1     6.1284     6.2202       7.85     0.0431  4.924e-11  1.000e-12  2.031e+00    34.5870    34.5908     0.0037    27.0801    27.0832     41.114     41.155      0.334    1479.19    1479.19  0.000e+00
       2996     42.000     7.0965     7.0948    -0.0017    3.50172    3.50188          1     6.1361     6.2227       7.50     0.0415  4.924e-11  1.000e-12  2.031e+00    34.5871    34.5906     0.0035    27.0801    27.0831     41.610     41.651      0.271    1479.21    1479.20  0.000e+00
       3029     42.500     7.0971     7.0955    -0.0016    3.50181    3.50197          1     6.1461     6.2236       7.07     0.0439  4.924e-11  1.000e-12  2.031e+00    34.5872    34.5906     0.0034    27.0801    27.0830     42.105     42.147      0.496    1479.21    1479.21  0.000e+00
       3050     43.000     7.0965     7.0960    -0.0005    3.50177    3.50204          1     6.1299     6.2237       6.54     0.0451  4.924e-11  1.000e-12  2.031e+00    34.5872    34.5906     0.0034    27.0802    27.0829     42.600     42.643      0.605    1479.22    1479.22  0.000e+00
       3068     43.500     7.0968     7.0962    -0.0006    3.50183    3.50210          1     6.1259     6.2239       5.98     0.0462  4.924e-11  1.000e-12  2.031e+00    34.5873    34.5909     0.0036    27.0802    27.0831     43.095     43.138      0.620    1479.23    1479.23  0.000e+00
       3088     44.000     7.0979     7.0964    -0.0015    3.50195    3.50213          1     6.1257     6.2220       5.40     0.0455  4.924e-11  1.000e-12  2.031e+00    34.5872    34.5907     0.0035    27.0800    27.0830     43.591     43.634      0.570    1479.24    1479.24  0.000e+00
       3111     44.500     7.0978     7.0966    -0.0012    3.50196    3.50218          1     6.1299     6.2198       4.81     0.0466  4.924e-11  1.000e-12  2.031e+00    34.5872    34.5909     0.0037    27.0800    27.0831     44.086     44.130      0.497    1479.25    1479.25  0.000e+00
       3137     45.000     7.0984     7.0968    -0.0016    3.50203    3.50222          1     6.1536     6.2196       4.21     0.0471  4.924e-11  1.000e-12  2.031e+00    34.5871    34.5908     0.0037    27.0799    27.0830     44.581     44.626      0.455    1479.26    1479.26  0.000e+00
       3165     45.500     7.0997     7.0969    -0.0028    3.50218    3.50225          1     6.1563     6.2217       3.67     0.0479  4.924e-11  1.000e-12  2.031e+00    34.5871    34.5908     0.0036    27.0797    27.0829     45.077     45.122      0.378    1479.27    1479.27  0.000e+00
       3201     46.000     7.1016     7.0975    -0.0041    3.50237    3.50231          1     6.1323     6.2237       3.21     0.0483  4.924e-11  1.000e-12  2.031e+00    34.5871    34.5905     0.0034    27.0794    27.0827     45.572     45.618      0.338    1479.29    1479.28  0.000e+00
       3232     46.500     7.1016     7.0984    -0.0032    3.50238    3.50241          1     6.1259     6.2240       2.85     0.0532  4.924e-11  1.000e-12  2.031e+00    34.5870    34.5904     0.0035    27.0793    27.0825     46.067     46.114      0.474    1479.30    1479.29  0.000e+00
       3254     47.000     7.1004     7.0992    -0.0013    3.50228    3.50248          1     6.0997     6.2269       2.46     0.0543  4.924e-11  1.000e-12  2.031e+00    34.5869    34.5903     0.0035    27.0793    27.0823     46.563     46.609      0.616    1479.30    1479.30  0.000e+00
       3272     47.500     7.0998     7.0992    -0.0006    3.50226    3.50254          1     6.1072     6.2254       2.04     0.0531  4.924e-11  1.000e-12  2.031e+00    34.5870    34.5906     0.0036    27.0795    27.0825     47.058     47.105      0.710    1479.31    1479.31  0.000e+00
       3288     48.000     7.1006     7.0992    -0.0015    3.50238    3.50256          1     6.1136     6.2241       1.60     0.0531  4.924e-11  1.000e-12  2.031e+00    34.5872    34.5906     0.0034    27.0796    27.0825     47.553     47.601      0.672    1479.32    1479.32  0.000e+00
       3526     48.500     7.1027     7.1008    -0.0019    3.50257    3.50272          1     6.1180     6.2224       0.99     0.0637  4.924e-11  1.000e-12  2.031e+00    34.5869    34.5904     0.0035    27.0791    27.0821     48.048     48.097      0.354    1479.33    1479.33  0.000e+00
       5169     49.000     7.1038     7.1030    -0.0008    3.50267    3.50293          1     6.1362     6.2202       4.51     0.0801  4.924e-11  1.000e-12  2.031e+00    34.5867    34.5904     0.0036    27.0788    27.0818     48.544     48.593     -0.148    1479.34    1479.34  0.000e+00
