ctdpy/exports/archive_20191121_122431/received_data/SBE09_0827_20181122_0559_26_01_1216.cnv
* Sea-Bird SBE 9 Data File:
* FileName = D:\CTD_SBE911\DAT\26DA.2018.12.16.hex
* Software Version Seasave V 7.21d
* Temperature SN = 4548
* Conductivity SN = 3062
* Number of Bytes Per Scan = 48
* Number of Voltage Words = 5
* Number of Scans Averaged by the Deck Unit = 1
* NMEA Latitude = 57 03.13 N
* NMEA Longitude = 018 53.83 E
* NMEA UTC (Time) = Nov 22 2018  06:00:51
* NMEA baud rate = 4800
** Ship: DANA
** Average sound velocity: 1441.94 m/s
** True-depth calculation Tue, 02 Apr 2019 12:12:37 +0000
** CTD Python Module SMHI /ver 3-12/ feb 2012 
** LIMS Job: 20182601-1216
** Operator: Ronny
** Cruise: 12/2018
# nquan = 26
# nvalues = 184                         
# units = specified
# name 0 = scan: Scan Count
# name 1 = prDM: Pressure, Digiquartz [db]
# name 2 = t090C: Temperature [ITS-90, deg C]
# name 3 = t190C: Temperature, 2 [ITS-90, deg C]
# name 4 = T2-T190C: Temperature Difference, 2 - 1 [ITS-90, deg C]
# name 5 = c0S/m: Conductivity [S/m]
# name 6 = c1S/m: Conductivity, 2 [S/m]
# name 7 = pumps: Pump Status
# name 8 = sbeox1ML/L: Oxygen, SBE 43, 2 [ml/l]
# name 9 = sbeox0ML/L: Oxygen, SBE 43 [ml/l]
# name 10 = altM: Altimeter [m]
# name 11 = chloroflTC0: Chlorophyll, Turner Cyclops [ug/l]
# name 12 = cpar: CPAR/Corrected Irradiance [%]
# name 13 = par: PAR/Irradiance, Biospherical/Lico [µE/(cm^2*s)]
# name 14 = spar: SPAR, Biospherical/Licor
# name 15 = sal00: Salinity, Practical [PSU]
# name 16 = sal11: Salinity, Practical, 2 [PSU]
# name 17 = secS-priS: Salinity, Practical, Difference, 2 - 1 [PSU]
# name 18 = sigma-t00: Density [sigma-t, kg/m^3 ]
# name 19 = sigma-t11: Density, 2 [sigma-t, kg/m^3 ]
# name 20 = depSM: Depth [salt water, m], lat = 57.0522
# name 21 = depFM: Depth [true depth, m], lat = 57.0522
# name 22 = dz/dtM: Descent Rate [m/s], WS = 2
# name 23 = svCM: Sound Velocity [Chen-Millero, m/s]
# name 24 = svCM1: Sound Velocity, 2 [Chen-Millero, m/s]
# name 25 = flag: flag
# span 0 =        330,       8935       
# span 1 =      1.500,     93.000       
# span 2 =     4.0297,     8.0368       
# span 3 =     4.1145,     8.0352       
# span 4 =    -0.1193,     0.6049       
# span 5 =   0.796147,   1.186277       
# span 6 =   0.797727,   1.188850       
# span 7 =          1,          1       
# span 8 =     0.0943,     7.5163       
# span 9 =     0.0467,     7.7412       
# span 10 =       0.95,       9.96      
# span 11 =     0.0159,     0.0319      
# span 12 = 4.9241e-11, 4.9241e-11      
# span 13 = 1.0000e-12, 1.0000e-12      
# span 14 = 2.0308e+00, 2.0308e+00      
# span 15 =     7.1936,    10.9056      
# span 16 =     7.1936,    10.9273      
# span 17 =    -0.1482,     0.0285      
# span 18 =     5.5044,     8.5615      
# span 19 =     5.5044,     8.5780      
# span 20 =      1.486,     92.125      
# span 21 =      1.519,     94.124      
# span 22 =      0.155,      0.313      
# span 23 =    1432.38,    1448.44      
# span 24 =    1432.94,    1448.45      
# span 25 = 0.0000e+00, 0.0000e+00      
# interval = decibars: 0.5              
# start_time = Nov 22 2018 06:00:52 [NMEA time, first data scan]
# bad_flag = -9.990e-29
*END*
        330      1.500     8.0343     8.0260    -0.0083    0.84887    0.84867          1     7.5050     7.7273       9.96     0.0260  4.924e-11  1.000e-12  2.031e+00     7.1939     7.1938    -0.0001     5.5046     5.5051      1.486      1.519      0.238    1448.32    1448.29  0.000e+00
        370      2.000     8.0368     8.0328    -0.0039    0.84894    0.84883          1     7.5016     7.7359       9.96     0.0245  4.924e-11  1.000e-12  2.031e+00     7.1940     7.1938    -0.0002     5.5044     5.5046      1.982      2.026      0.291    1448.34    1448.32  0.000e+00
        422      2.500     8.0359     8.0347    -0.0012    0.84891    0.84888          1     7.5021     7.7255       9.96     0.0259  4.924e-11  1.000e-12  2.031e+00     7.1939     7.1939     0.0000     5.5044     5.5045      2.477      2.532      0.202    1448.34    1448.34  0.000e+00
        477      3.000     8.0339     8.0352     0.0013    0.84887    0.84890          1     7.4992     7.7276       9.96     0.0249  4.924e-11  1.000e-12  2.031e+00     7.1939     7.1939     0.0000     5.5046     5.5044      2.972      3.039      0.256    1448.34    1448.35  0.000e+00
        528      3.500     8.0338     8.0334    -0.0003    0.84891    0.84886          1     7.4932     7.7276       9.96     0.0269  4.924e-11  1.000e-12  2.031e+00     7.1942     7.1938    -0.0004     5.5048     5.5045      3.468      3.545      0.227    1448.35    1448.35  0.000e+00
        575      4.000     8.0333     8.0339     0.0007    0.84887    0.84890          1     7.5056     7.7233       9.96     0.0270  4.924e-11  1.000e-12  2.031e+00     7.1938     7.1940     0.0001     5.5046     5.5046      3.963      4.052      0.282    1448.36    1448.36  0.000e+00
        621      4.500     8.0325     8.0326     0.0000    0.84883    0.84884          1     7.4916     7.7285       9.96     0.0269  4.924e-11  1.000e-12  2.031e+00     7.1936     7.1936     0.0000     5.5044     5.5045      4.459      4.558      0.238    1448.36    1448.36  0.000e+00
        670      5.000     8.0319     8.0327     0.0008    0.84883    0.84884          1     7.4894     7.7257       9.96     0.0284  4.924e-11  1.000e-12  2.031e+00     7.1936     7.1936     0.0000     5.5045     5.5044      4.954      5.065      0.270    1448.37    1448.37  0.000e+00
        715      5.500     8.0343     8.0327    -0.0016    0.84890    0.84885          1     7.5007     7.7275       9.96     0.0287  4.924e-11  1.000e-12  2.031e+00     7.1937     7.1936    -0.0001     5.5044     5.5044      5.449      5.571      0.238    1448.39    1448.38  0.000e+00
        767      6.000     8.0332     8.0329    -0.0003    0.84887    0.84886          1     7.5012     7.7228       9.96     0.0271  4.924e-11  1.000e-12  2.031e+00     7.1936     7.1936    -0.0000     5.5044     5.5044      5.945      6.078      0.247    1448.39    1448.39  0.000e+00
        815      6.500     8.0353     8.0337    -0.0016    0.84896    0.84889          1     7.5038     7.7291       9.96     0.0262  4.924e-11  1.000e-12  2.031e+00     7.1940     7.1936    -0.0004     5.5045     5.5044      6.440      6.584      0.243    1448.41    1448.40  0.000e+00
        863      7.000     8.0357     8.0346    -0.0011    0.84902    0.84895          1     7.4940     7.7282       9.96     0.0264  4.924e-11  1.000e-12  2.031e+00     7.1944     7.1940    -0.0005     5.5048     5.5045      6.936      7.091      0.281    1448.42    1448.41  0.000e+00
        903      7.500     8.0346     8.0350     0.0004    0.84902    0.84898          1     7.4932     7.7251       9.96     0.0274  4.924e-11  1.000e-12  2.031e+00     7.1945     7.1941    -0.0004     5.5050     5.5047      7.431      7.597      0.278    1448.42    1448.42  0.000e+00
        950      8.000     8.0349     8.0348    -0.0001    0.84903    0.84901          1     7.4918     7.7294       9.96     0.0310  4.924e-11  1.000e-12  2.031e+00     7.1945     7.1944    -0.0001     5.5049     5.5049      7.926      8.104      0.254    1448.43    1448.43  0.000e+00
        994      8.500     8.0338     8.0349     0.0011    0.84902    0.84902          1     7.4868     7.7299       9.96     0.0306  4.924e-11  1.000e-12  2.031e+00     7.1946     7.1944    -0.0002     5.5051     5.5049      8.422      8.610      0.279    1448.43    1448.44  0.000e+00
       1043      9.000     8.0330     8.0344     0.0015    0.84901    0.84902          1     7.4982     7.7301       9.96     0.0274  4.924e-11  1.000e-12  2.031e+00     7.1946     7.1944    -0.0001     5.5052     5.5050      8.917      9.117      0.226    1448.44    1448.44  0.000e+00
       1091      9.500     8.0319     8.0335     0.0015    0.84900    0.84902          1     7.5013     7.7344       9.96     0.0268  4.924e-11  1.000e-12  2.031e+00     7.1946     7.1945    -0.0001     5.5053     5.5051      9.412      9.623      0.291    1448.44    1448.45  0.000e+00
       1134     10.000     8.0292     8.0323     0.0031    0.84898    0.84901          1     7.5094     7.7231       9.96     0.0289  4.924e-11  1.000e-12  2.031e+00     7.1950     7.1946    -0.0004     5.5058     5.5053      9.908     10.130      0.248    1448.44    1448.45  0.000e+00
       1183     10.500     8.0277     8.0311     0.0034    0.84897    0.84900          1     7.5033     7.7255       9.96     0.0275  4.924e-11  1.000e-12  2.031e+00     7.1951     7.1947    -0.0004     5.5060     5.5054     10.403     10.636      0.280    1448.44    1448.45  0.000e+00
       1224     11.000     8.0245     8.0290     0.0045    0.84894    0.84899          1     7.4957     7.7243       9.96     0.0287  4.924e-11  1.000e-12  2.031e+00     7.1955     7.1950    -0.0005     5.5066     5.5058     10.899     11.143      0.280    1448.43    1448.45  0.000e+00
       1270     11.500     8.0184     8.0259     0.0075    0.84892    0.84896          1     7.4997     7.7305       9.96     0.0278  4.924e-11  1.000e-12  2.031e+00     7.1965     7.1953    -0.0012     5.5079     5.5063     11.394     11.649      0.269    1448.42    1448.45  0.000e+00
       1313     12.000     8.0150     8.0209     0.0060    0.84891    0.84895          1     7.4954     7.7323       9.96     0.0282  4.924e-11  1.000e-12  2.031e+00     7.1971     7.1962    -0.0009     5.5086     5.5074     11.889     12.156      0.250    1448.41    1448.44  0.000e+00
       1365     12.500     8.0117     8.0176     0.0059    0.84891    0.84894          1     7.5017     7.7284       9.96     0.0279  4.924e-11  1.000e-12  2.031e+00     7.1977     7.1968    -0.0010     5.5094     5.5081     12.385     12.662      0.252    1448.41    1448.43  0.000e+00
       1408     13.000     8.0097     8.0140     0.0043    0.84894    0.84894          1     7.4948     7.7312       9.96     0.0290  4.924e-11  1.000e-12  2.031e+00     7.1983     7.1974    -0.0009     5.5099     5.5089     12.880     13.168      0.265    1448.41    1448.43  0.000e+00
       1456     13.500     8.0077     8.0103     0.0026    0.84894    0.84895          1     7.4904     7.7221       9.96     0.0277  4.924e-11  1.000e-12  2.031e+00     7.1986     7.1982    -0.0004     5.5104     5.5098     13.376     13.675      0.255    1448.41    1448.42  0.000e+00
       1500     14.000     7.9983     8.0071     0.0088    0.84884    0.84892          1     7.4926     7.7248       9.96     0.0296  4.924e-11  1.000e-12  2.031e+00     7.1996     7.1986    -0.0011     5.5119     5.5104     13.871     14.181      0.275    1448.38    1448.42  0.000e+00
       1546     14.500     7.9824     7.9963     0.0139    0.84876    0.84886          1     7.4928     7.7331       9.96     0.0293  4.924e-11  1.000e-12  2.031e+00     7.2020     7.2001    -0.0019     5.5151     5.5125     14.366     14.688      0.266    1448.33    1448.38  0.000e+00
       1589     15.000     7.9748     7.9884     0.0136    0.84878    0.84883          1     7.5073     7.7345       9.96     0.0285  4.924e-11  1.000e-12  2.031e+00     7.2038     7.2014    -0.0023     5.5171     5.5141     14.862     15.194      0.282    1448.31    1448.36  0.000e+00
       1633     15.500     7.9718     7.9770     0.0052    0.84882    0.84883          1     7.4996     7.7329       9.96     0.0294  4.924e-11  1.000e-12  2.031e+00     7.2047     7.2037    -0.0009     5.5180     5.5169     15.357     15.701      0.264    1448.30    1448.32  0.000e+00
       1677     16.000     7.9643     7.9762     0.0119    0.84882    0.84884          1     7.4956     7.7412       9.96     0.0307  4.924e-11  1.000e-12  2.031e+00     7.2062     7.2039    -0.0023     5.5198     5.5171     15.852     16.207      0.277    1448.28    1448.33  0.000e+00
       1723     16.500     7.9598     7.9667     0.0069    0.84883    0.84884          1     7.5030     7.7411       9.96     0.0319  4.924e-11  1.000e-12  2.031e+00     7.2071     7.2059    -0.0012     5.5209     5.5194     16.348     16.714      0.245    1448.27    1448.30  0.000e+00
       1771     17.000     7.9564     7.9619     0.0055    0.84882    0.84885          1     7.5054     7.7303       9.96     0.0302  4.924e-11  1.000e-12  2.031e+00     7.2077     7.2068    -0.0009     5.5216     5.5205     16.843     17.220      0.278    1448.27    1448.29  0.000e+00
       1812     17.500     7.9549     7.9597     0.0049    0.84883    0.84885          1     7.5159     7.7275       9.96     0.0303  4.924e-11  1.000e-12  2.031e+00     7.2080     7.2072    -0.0008     5.5220     5.5210     17.338     17.727      0.277    1448.27    1448.29  0.000e+00
       1857     18.000     7.9519     7.9563     0.0044    0.84883    0.84886          1     7.5162     7.7315       9.96     0.0293  4.924e-11  1.000e-12  2.031e+00     7.2086     7.2079    -0.0006     5.5227     5.5218     17.834     18.233      0.268    1448.27    1448.29  0.000e+00
       1902     18.500     7.9537     7.9542     0.0006    0.84886    0.84885          1     7.5072     7.7315       9.96     0.0298  4.924e-11  1.000e-12  2.031e+00     7.2084     7.2083    -0.0002     5.5224     5.5222     18.329     18.740      0.267    1448.28    1448.28  0.000e+00
       1945     19.000     7.9485     7.9530     0.0046    0.84883    0.84887          1     7.4983     7.7305       9.96     0.0287  4.924e-11  1.000e-12  2.031e+00     7.2091     7.2086    -0.0006     5.5234     5.5226     18.825     19.246      0.287    1448.27    1448.29  0.000e+00
       1990     19.500     7.9481     7.9507     0.0026    0.84884    0.84886          1     7.4909     7.7293       9.96     0.0293  4.924e-11  1.000e-12  2.031e+00     7.2093     7.2089    -0.0004     5.5236     5.5230     19.320     19.753      0.248    1448.28    1448.29  0.000e+00
       2039     20.000     7.9487     7.9498     0.0011    0.84887    0.84887          1     7.5088     7.7341       9.96     0.0298  4.924e-11  1.000e-12  2.031e+00     7.2093     7.2092    -0.0002     5.5235     5.5233     19.815     20.259      0.261    1448.29    1448.29  0.000e+00
       2082     20.500     7.9485     7.9495     0.0010    0.84888    0.84888          1     7.5016     7.7313       9.96     0.0277  4.924e-11  1.000e-12  2.031e+00     7.2094     7.2092    -0.0002     5.5236     5.5234     20.311     20.766      0.271    1448.29    1448.30  0.000e+00
       2128     21.000     7.9487     7.9492     0.0004    0.84890    0.84889          1     7.4974     7.7258       9.96     0.0300  4.924e-11  1.000e-12  2.031e+00     7.2095     7.2093    -0.0002     5.5237     5.5235     20.806     21.272      0.268    1448.30    1448.30  0.000e+00
       2171     21.500     7.9493     7.9494     0.0001    0.84893    0.84891          1     7.5015     7.7242       9.96     0.0295  4.924e-11  1.000e-12  2.031e+00     7.2096     7.2094    -0.0001     5.5237     5.5236     21.301     21.779      0.281    1448.31    1448.31  0.000e+00
       2215     22.000     7.9487     7.9497     0.0010    0.84893    0.84893          1     7.4969     7.7245       9.96     0.0274  4.924e-11  1.000e-12  2.031e+00     7.2097     7.2095    -0.0002     5.5238     5.5236     21.797     22.285      0.267    1448.32    1448.32  0.000e+00
       2260     22.500     7.9479     7.9492     0.0013    0.84897    0.84894          1     7.5004     7.7253       9.96     0.0262  4.924e-11  1.000e-12  2.031e+00     7.2101     7.2096    -0.0005     5.5242     5.5237     22.292     22.791      0.268    1448.32    1448.33  0.000e+00
       2305     23.000     7.9465     7.9485     0.0020    0.84898    0.84897          1     7.4957     7.7170       9.96     0.0282  4.924e-11  1.000e-12  2.031e+00     7.2105     7.2100    -0.0005     5.5246     5.5241     22.787     23.298      0.255    1448.33    1448.33  0.000e+00
       2353     23.500     7.9414     7.9464     0.0050    0.84892    0.84897          1     7.4920     7.7160       9.96     0.0283  4.924e-11  1.000e-12  2.031e+00     7.2109     7.2103    -0.0006     5.5254     5.5245     23.283     23.804      0.259    1448.31    1448.33  0.000e+00
       2398     24.000     7.9339     7.9424     0.0085    0.84882    0.84893          1     7.4945     7.7080       9.96     0.0266  4.924e-11  1.000e-12  2.031e+00     7.2115     7.2108    -0.0007     5.5264     5.5252     23.778     24.311      0.269    1448.29    1448.33  0.000e+00
       2443     24.500     7.9231     7.9362     0.0131    0.84868    0.84886          1     7.4791     7.7052       9.96     0.0245  4.924e-11  1.000e-12  2.031e+00     7.2124     7.2114    -0.0010     5.5279     5.5261     24.273     24.817      0.270    1448.26    1448.31  0.000e+00
       2486     25.000     7.9122     7.9275     0.0154    0.84849    0.84875          1     7.4816     7.6976       9.96     0.0274  4.924e-11  1.000e-12  2.031e+00     7.2129     7.2121    -0.0008     5.5292     5.5274     24.769     25.324      0.278    1448.22    1448.28  0.000e+00
       2530     25.500     7.8993     7.9136     0.0144    0.84835    0.84855          1     7.4780     7.6853       9.96     0.0261  4.924e-11  1.000e-12  2.031e+00     7.2141     7.2130    -0.0011     5.5312     5.5292     25.264     25.830      0.271    1448.18    1448.23  0.000e+00
       2574     26.000     7.8957     7.9050     0.0093    0.84842    0.84847          1     7.4697     7.6956       9.96     0.0247  4.924e-11  1.000e-12  2.031e+00     7.2155     7.2140    -0.0015     5.5326     5.5307     25.759     26.337      0.263    1448.17    1448.21  0.000e+00
       2623     26.500     7.8956     7.8997     0.0041    0.84849    0.84850          1     7.4736     7.6935       9.96     0.0238  4.924e-11  1.000e-12  2.031e+00     7.2161     7.2153    -0.0008     5.5330     5.5321     26.255     26.843      0.249    1448.18    1448.20  0.000e+00
       2668     27.000     7.8959     7.8987     0.0028    0.84852    0.84851          1     7.4687     7.6954       9.96     0.0239  4.924e-11  1.000e-12  2.031e+00     7.2163     7.2156    -0.0006     5.5332     5.5324     26.750     27.350      0.274    1448.19    1448.20  0.000e+00
       2713     27.500     7.8955     7.8974     0.0019    0.84855    0.84854          1     7.4857     7.6977       9.96     0.0238  4.924e-11  1.000e-12  2.031e+00     7.2165     7.2160    -0.0005     5.5334     5.5328     27.245     27.856      0.259    1448.20    1448.20  0.000e+00
       2758     28.000     7.8933     7.8965     0.0031    0.84852    0.84855          1     7.4595     7.6976       9.96     0.0255  4.924e-11  1.000e-12  2.031e+00     7.2167     7.2163    -0.0004     5.5337     5.5331     27.741     28.363      0.282    1448.20    1448.21  0.000e+00
       2800     28.500     7.8910     7.8939     0.0029    0.84850    0.84853          1     7.4556     7.6878       9.96     0.0252  4.924e-11  1.000e-12  2.031e+00     7.2169     7.2166    -0.0003     5.5340     5.5336     28.236     28.869      0.285    1448.19    1448.21  0.000e+00
