ctdpy/exports/archive_20191121_122431/received_data/SBE09_1044_20180417_2009_34_07_0014.cnv
* Sea-Bird SBE 9 Data File:
* FileName = C:\ctd\temp\2018\AU18D014.hex
* Software Version Seasave V 7.26.6.26
* Temperature SN = 5351
* Conductivity SN = 3941
* Number of Bytes Per Scan = 41
* Number of Voltage Words = 4
* Number of Scans Averaged by the Deck Unit = 1
* NMEA Latitude = 55 22.97 N
* NMEA Longitude = 015 20.01 E
* NMEA UTC (Time) = Apr 17 2018  20:09:51
* NMEA baud rate = 4800
** Station:  BY4
** Operator:  A-KTh
** Ship: AURA
** Average sound velocity: 1433.87 m/s
** True-depth calculation Tue, 17 Apr 2018 21:06:18 +0000
** CTD Python Module SMHI /ver 3-12/ feb 2012 
** LIMS Job: 20183407-0014
** Cruise: SMHI-01-2018
** Latitude [GG MM.mm N] :
** Longitude [GG MM.mm E]:
# nquan = 26
# nvalues = 172                         
# units = specified
# name 0 = scan: Scan Count
# name 1 = prDM: Pressure, Digiquartz [db]
# name 2 = t090C: Temperature [ITS-90, deg C]
# name 3 = t190C: Temperature, 2 [ITS-90, deg C]
# name 4 = T2-T190C: Temperature Difference, 2 - 1 [ITS-90, deg C]
# name 5 = c0S/m: Conductivity [S/m]
# name 6 = c1S/m: Conductivity, 2 [S/m]
# name 7 = pumps: Pump Status
# name 8 = sbeox0ML/L: Oxygen, SBE 43 [ml/l]
# name 9 = sbeox1ML/L: Oxygen, SBE 43, 2 [ml/l]
# name 10 = altM: Altimeter [m]
# name 11 = flECO-AFL: Chl-a Fluorescence, WET Labs ECO-AFL/FL [mg/m^3]
# name 12 = flECO-AFL1: Phycocyanin Fluorescence, WET Labs ECO-AFL/FL, 2 [mg/m^3]
# name 13 = par: PAR/Irradiance, Biospherical/Lico [µE/(cm^2*s)]
# name 14 = turbWETntu0: Turbidity, WET Labs ECO [NTU]
# name 15 = sal00: Salinity, Practical [PSU]
# name 16 = sal11: Salinity, Practical, 2 [PSU]
# name 17 = secS-priS: Salinity, Practical, Difference, 2 - 1 [PSU]
# name 18 = sigma-t00: Density [sigma-t, Kg/m^3 ]
# name 19 = sigma-t11: Density, 2 [sigma-t, Kg/m^3 ]
# name 20 = depSM: Depth [salt water, m], lat = 55.3828
# name 21 = depFM: Depth [true depth, m], lat = 55.3828
# name 22 = dz/dtM: Descent Rate [m/s], WS = 2
# name 23 = svCM: Sound Velocity [Chen-Millero, m/s]
# name 24 = svCM1: Sound Velocity, 2 [Chen-Millero, m/s]
# name 25 = flag: flag
# span 0 =       7975,      12637       
# span 1 =      0.500,     86.000       
# span 2 =     2.3802,     7.5817       
# span 3 =     2.3808,     7.5786       
# span 4 =    -0.0362,     0.0745       
# span 5 =   0.773674,   1.818909       
# span 6 =   0.773665,   1.818941       
# span 7 =          1,          1       
# span 8 =    0.10488,    9.49550       
# span 9 =    0.08439,    9.34242       
# span 10 =       2.52,      97.51      
# span 11 =     0.4015,     2.6998      
# span 12 =     0.1917,     0.6250      
# span 13 = -2.326e-06, 2.1947e+00      
# span 14 =     0.2360,     1.3844      
# span 15 =     7.5941,    16.9745      
# span 16 =     7.5936,    16.9741      
# span 17 =    -0.0198,     0.0026      
# span 18 =     6.0542,    13.2741      
# span 19 =     6.0538,    13.2737      
# span 20 =      0.496,     85.204      
# span 21 =      0.506,     86.908      
# span 22 =     -0.017,      0.596      
# span 23 =    1426.23,    1457.82      
# span 24 =    1426.24,    1457.80      
# span 25 = 0.0000e+00, 0.0000e+00      
# interval = decibars: 0.5              
# start_time = Apr 17 2018 20:09:51 [NMEA time, first data scan]
# bad_flag = -9.990e-29
*END*
       7975      0.500     3.0300     3.0294    -0.0005    0.77708    0.77702          1     9.3965     9.2905      97.10     1.4002     0.3941  2.195e+00  0.2956000     7.5942     7.5936    -0.0005     6.0543     6.0538      0.496      0.506      0.103    1427.10    1427.09  0.000e+00
       8312      1.000     3.0219     3.0211    -0.0009    0.77690    0.77683          1     9.4055     9.2958      97.12     1.4167     0.4138  2.102e+00  0.3080000     7.5941     7.5936    -0.0005     6.0542     6.0539      0.991      1.012      0.276    1427.07    1427.06  0.000e+00
       8345      1.500     3.0182     3.0173    -0.0008    0.77682    0.77675          1     9.4062     9.3095      97.12     1.4029     0.3860  1.186e+00  0.2944000     7.5941     7.5936    -0.0005     6.0543     6.0539      1.486      1.519      0.355    1427.06    1427.05  0.000e+00
       8387      2.000     3.0175     3.0180     0.0004    0.77682    0.77678          1     9.4015     9.2928      97.12     1.4390     0.3865  5.169e-01  0.2971000     7.5942     7.5936    -0.0006     6.0544     6.0539      1.982      2.025      0.298    1427.06    1427.06  0.000e+00
       8419      2.500     3.0171     3.0181     0.0010    0.77682    0.77679          1     9.4066     9.2926      97.13     1.3915     0.4026  5.111e-01  0.2886000     7.5941     7.5936    -0.0005     6.0543     6.0539      2.477      2.531      0.364    1427.07    1427.07  0.000e+00
       8455      3.000     3.0207     3.0233     0.0026    0.77691    0.77692          1     9.4073     9.2965      97.12     1.3406     0.3961  3.097e-01  0.3003000     7.5942     7.5937    -0.0005     6.0543     6.0540      2.973      3.037      0.358    1427.09    1427.10  0.000e+00
       8484      3.500     3.0170     3.0203     0.0032    0.77684    0.77686          1     9.3968     9.2878      97.13     1.4937     0.3677  2.734e-01  0.3087000     7.5942     7.5937    -0.0005     6.0545     6.0540      3.468      3.543      0.470    1427.08    1427.10  0.000e+00
       8508      4.000     3.0021     2.9992    -0.0028    0.77652    0.77641          1     9.4046     9.2917      97.15     1.4211     0.3743  1.952e-01  0.3072000     7.5944     7.5938    -0.0005     6.0547     6.0543      3.964      4.050      0.493    1427.02    1427.01  0.000e+00
       8533      4.500     2.9938     2.9945     0.0007    0.77634    0.77631          1     9.4174     9.2936      97.13     1.4434     0.3967  1.325e-01  0.3078000     7.5944     7.5938    -0.0006     6.0548     6.0543      4.459      4.556      0.450    1426.99    1426.99  0.000e+00
       8562      5.000     2.9931     2.9942     0.0011    0.77634    0.77630          1     9.4095     9.2728      97.12     1.4953     0.3730  9.086e-02  0.3108000     7.5944     7.5938    -0.0007     6.0548     6.0543      4.955      5.062      0.420    1427.00    1427.00  0.000e+00
       8589      5.500     2.9929     2.9940     0.0011    0.77634    0.77632          1     9.4161     9.2671      97.13     1.4501     0.3854  5.530e-02  0.3342000     7.5944     7.5939    -0.0005     6.0548     6.0544      5.450      5.568      0.475    1427.00    1427.01  0.000e+00
       8613      6.000     2.9937     2.9947     0.0010    0.77636    0.77634          1     9.4197     9.2741      97.13     1.4067     0.3842  2.574e-02  0.3170000     7.5944     7.5939    -0.0005     6.0548     6.0544      5.946      6.074      0.526    1427.02    1427.02  0.000e+00
       8635      6.500     2.9946     2.9964     0.0018    0.77640    0.77639          1     9.4179     9.2850      97.14     1.4096     0.3874  6.177e-03  0.3156000     7.5945     7.5940    -0.0005     6.0549     6.0545      6.441      6.581      0.534    1427.03    1427.04  0.000e+00
       8658      7.000     2.9932     2.9957     0.0024    0.77638    0.77639          1     9.4195     9.2952      97.15     1.3662     0.4012  7.325e-04  0.3192000     7.5945     7.5941    -0.0005     6.0549     6.0545      6.937      7.087      0.512    1427.03    1427.04  0.000e+00
       8682      7.500     3.0039     3.0056     0.0016    0.77667    0.77665          1     9.4248     9.3015      97.14     1.4109     0.3952  1.160e-03  0.3403000     7.5950     7.5945    -0.0006     6.0552     6.0547      7.432      7.593      0.480    1427.09    1427.09  0.000e+00
       8708      8.000     3.0079     3.0073    -0.0005    0.77679    0.77671          1     9.4363     9.3012      97.13     1.5388     0.3937 -2.326e-06  0.3270000     7.5953     7.5945    -0.0008     6.0554     6.0547      7.927      8.099      0.475    1427.11    1427.11  0.000e+00
       8732      8.500     3.0112     3.0125     0.0012    0.77689    0.77687          1     9.4345     9.3061      97.13     1.4953     0.4426  9.998e-13  0.3098000     7.5954     7.5949    -0.0005     6.0554     6.0550      8.423      8.605      0.506    1427.14    1427.14  0.000e+00
       8755      9.000     3.0112     3.0127     0.0016    0.77689    0.77688          1     9.4374     9.3138      97.14     1.5579     0.3988  1.000e-12  0.3218000     7.5954     7.5949    -0.0005     6.0554     6.0550      8.918      9.112      0.540    1427.14    1427.15  0.000e+00
       8777      9.500     3.0095     3.0120     0.0024    0.77685    0.77687          1     9.4360     9.3277      97.14     1.5339     0.4244  1.000e-12  0.3983000     7.5953     7.5949    -0.0005     6.0554     6.0550      9.414      9.618      0.563    1427.14    1427.16  0.000e+00
       8798     10.000     3.0134     3.0129    -0.0005    0.77696    0.77690          1     9.4331     9.3291      97.16     1.5147     0.4137  1.000e-12  0.3506000     7.5955     7.5949    -0.0005     6.0554     6.0550      9.909     10.124      0.560    1427.17    1427.17  0.000e+00
       8820     10.500     3.0158     3.0171     0.0014    0.77704    0.77701          1     9.4362     9.3178      97.15     1.5583     0.4482  1.000e-12  0.3092000     7.5956     7.5950    -0.0006     6.0555     6.0551     10.405     10.630      0.522    1427.19    1427.20  0.000e+00
       8844     11.000     3.0125     3.0134     0.0009    0.77695    0.77692          1     9.4462     9.3078      97.16     1.6104     0.4611  1.000e-12  0.3042000     7.5954     7.5949    -0.0005     6.0554     6.0550     10.900     11.136      0.479    1427.18    1427.18  0.000e+00
       8869     11.500     3.0098     3.0097    -0.0000    0.77689    0.77685          1     9.4435     9.3023      97.17     1.6172     0.4914  1.000e-12  0.3191000     7.5953     7.5949    -0.0004     6.0554     6.0550     11.396     11.643      0.489    1427.18    1427.18  0.000e+00
       8893     12.000     3.0119     3.0099    -0.0021    0.77695    0.77686          1     9.4335     9.3134      97.19     1.6376     0.5001  1.000e-12  0.3349000     7.5954     7.5949    -0.0004     6.0554     6.0551     11.891     12.149      0.535    1427.19    1427.18  0.000e+00
       8915     12.500     3.0108     3.0123     0.0016    0.77693    0.77692          1     9.4360     9.3165      97.18     1.6667     0.4548  1.000e-12  0.3405000     7.5954     7.5949    -0.0005     6.0555     6.0550     12.387     12.655      0.558    1427.20    1427.20  0.000e+00
       8936     13.000     3.0096     3.0115     0.0019    0.77690    0.77690          1     9.4363     9.3239      97.20     1.6181     0.4544  1.000e-12  0.3153000     7.5953     7.5948    -0.0005     6.0553     6.0549     12.882     13.161      0.542    1427.20    1427.21  0.000e+00
       8959     13.500     3.0065     3.0042    -0.0022    0.77684    0.77675          1     9.4310     9.3191      97.19     1.5569     0.4542  1.000e-12  0.3272000     7.5953     7.5949    -0.0004     6.0554     6.0551     13.377     13.667      0.508    1427.19    1427.18  0.000e+00
       8983     14.000     2.9870     2.9948     0.0077    0.77645    0.77655          1     9.4166     9.2959      97.19     1.5093     0.4149  1.000e-12  0.3048000     7.5958     7.5950    -0.0008     6.0560     6.0553     13.873     14.174      0.484    1427.11    1427.15  0.000e+00
       9008     14.500     2.9748     2.9693    -0.0054    0.77619    0.77604          1     9.4127     9.2965      97.20     1.4522     0.4227  1.000e-12  0.3137000     7.5959     7.5955    -0.0004     6.0562     6.0559     14.368     14.680      0.501    1427.06    1427.04  0.000e+00
       9031     15.000     2.9562     2.9606     0.0043    0.77585    0.77588          1     9.3956     9.2821      97.20     1.3947     0.4242  1.000e-12  0.2900000     7.5966     7.5959    -0.0007     6.0569     6.0563     14.864     15.186      0.540    1426.99    1427.01  0.000e+00
       9053     15.500     2.9546     2.9497    -0.0048    0.77581    0.77572          1     9.3485     9.2393      92.84     1.2143     0.3677  1.000e-12  0.2725000     7.5965     7.5967     0.0002     6.0569     6.0571     15.359     15.692      0.563    1426.99    1426.96  0.000e+00
       9074     16.000     2.8982     2.8869    -0.0113    0.77502    0.77481          1     9.3129     9.1959      76.15     1.1188     0.3198  1.000e-12  0.2754000     7.6015     7.6019     0.0005     6.0613     6.0617     15.855     16.199      0.547    1426.74    1426.69  0.000e+00
       9097     16.500     2.8025     2.8021    -0.0004    0.77367    0.77367          1     9.2623     9.1411      94.13     1.0777     0.3160  1.000e-12  0.2875000     7.6100     7.6100     0.0000     6.0688     6.0688     16.350     16.705      0.509    1426.32    1426.32  0.000e+00
       9121     17.000     2.7987     2.8001     0.0014    0.77399    0.77405          1     9.2260     9.1106      95.04     0.9384     0.2955  1.000e-12  0.2883000     7.6142     7.6145     0.0003     6.0722     6.0724     16.846     17.211      0.488    1426.31    1426.32  0.000e+00
       9146     17.500     2.7938     2.7964     0.0026    0.77420    0.77418          1     9.2149     9.1033      74.01     0.7378     0.3246  1.000e-12  0.2657000     7.6174     7.6166    -0.0008     6.0748     6.0741     17.341     17.717      0.502    1426.30    1426.31  0.000e+00
       9169     18.000     2.7896     2.7913     0.0017    0.77421    0.77419          1     9.2093     9.1030      73.81     0.7672     0.3343  1.000e-12  0.2364000     7.6185     7.6178    -0.0006     6.0757     6.0752     17.836     18.223      0.532    1426.29    1426.30  0.000e+00
       9191     18.500     2.7783     2.7821     0.0038    0.77414    0.77414          1     9.2089     9.0989      81.73     0.8672     0.3226  1.000e-12  0.2714000     7.6204     7.6195    -0.0009     6.0773     6.0765     18.332     18.729      0.558    1426.25    1426.27  0.000e+00
       9212     19.000     2.7763     2.7757    -0.0005    0.77414    0.77411          1     9.1998     9.0805      97.26     0.7407     0.2926  1.000e-12  0.2360000     7.6207     7.6206    -0.0001     6.0776     6.0775     18.827     19.236      0.559    1426.25    1426.25  0.000e+00
       9234     19.500     2.7701     2.7717     0.0015    0.77425    0.77424          1     9.1748     9.0456      97.21     0.7275     0.3161  1.000e-12  0.2384000     7.6233     7.6229    -0.0004     6.0797     6.0793     19.323     19.742      0.525    1426.23    1426.24  0.000e+00
       9258     20.000     2.7678     2.7686     0.0009    0.77486    0.77481          1     9.1590     9.0061      91.26     0.7577     0.3475  1.000e-12  0.2495000     7.6303     7.6295    -0.0008     6.0853     6.0846     19.818     20.248      0.480    1426.24    1426.24  0.000e+00
       9284     20.500     2.7932     2.7919    -0.0012    0.77629    0.77619          1     9.1920     9.0350      82.90     0.8152     0.3472  1.000e-12  0.2773000     7.6393     7.6385    -0.0008     6.0923     6.0916     20.313     20.754      0.481    1426.37    1426.37  0.000e+00
       9308     21.000     2.9025     2.9053     0.0028    0.77988    0.77995          1     9.2612     9.1250      97.48     1.0247     0.3879  1.000e-12  0.2984000     7.6510     7.6510     0.0000     6.1008     6.1008     20.809     21.260      0.531    1426.90    1426.92  0.000e+00
       9329     21.500     3.0831     3.0897     0.0063    0.78558    0.78570          1     9.3272     9.2080      97.32     1.1351     0.3516  1.000e-12  0.3052000     7.6677     7.6674    -0.0003     6.1123     6.1119     21.304     21.767      0.571    1427.76    1427.80  0.000e+00
       9350     22.000     3.2391     3.2483     0.0091    0.79034    0.79060          1     9.3682     9.2548      97.34     1.1371     0.4360  1.000e-12  0.3136000     7.6802     7.6807     0.0005     6.1203     6.1206     21.800     22.273      0.571    1428.51    1428.55  0.000e+00
       9371     22.500     3.3758     3.3772     0.0014    0.79429    0.79430          1     9.3957     9.2779      82.45     1.1339     0.3604  1.000e-12  0.3448000     7.6888     7.6885    -0.0003     6.1251     6.1249     22.295     22.779      0.534    1429.15    1429.15  0.000e+00
       9395     23.000     3.4228     3.4221    -0.0008    0.79569    0.79560          1     9.4079     9.2882      87.88     1.2180     0.3723  1.000e-12  0.3211000     7.6921     7.6913    -0.0007     6.1270     6.1264     22.791     23.285      0.481    1429.38    1429.37  0.000e+00
       9421     23.500     3.4609     3.4625     0.0016    0.79680    0.79678          1     9.3951     9.2762      97.25     1.2690     0.5313  1.000e-12  0.3174000     7.6944     7.6939    -0.0005     6.1282     6.1277     23.286     23.791      0.468    1429.56    1429.57  0.000e+00
       9446     24.000     3.5025     3.5023    -0.0002    0.79809    0.79803          1     9.4731     9.3328      97.34     1.2258     0.4911  1.000e-12  0.3291000     7.6979     7.6974    -0.0005     6.1302     6.1298     23.782     24.297      0.514    1429.76    1429.76  0.000e+00
       9468     24.500     3.5711     3.5760     0.0048    0.80019    0.80038          1     9.4955     9.3424      97.33     1.2494     0.3784  1.000e-12  0.3094000     7.7033     7.7040     0.0007     6.1332     6.1337     24.277     24.804      0.570    1430.09    1430.11  0.000e+00
       9488     25.000     3.7479     3.7468    -0.0010    0.80625    0.80616          1     9.4541     9.2990      97.33     1.2973     0.3474  1.000e-12  0.3341000     7.7237     7.7230    -0.0007     6.1459     6.1454     24.772     25.310      0.587    1430.92    1430.92  0.000e+00
       9509     25.500     3.7482     3.7485     0.0003    0.80680    0.80677          1     9.3931     9.2392      97.32     1.3705     0.3220  1.000e-12  0.3297000     7.7292     7.7289    -0.0003     6.1503     6.1500     25.268     25.816      0.555    1430.94    1430.94  0.000e+00
       9532     26.000     3.7349     3.7356     0.0007    0.80691    0.80688          1     9.3305     9.1885      97.33     1.4794     0.3870  1.000e-12  0.3240000     7.7335     7.7330    -0.0005     6.1539     6.1535     25.763     26.322      0.486    1430.89    1430.90  0.000e+00
       9559     26.500     3.7265     3.7274     0.0008    0.80720    0.80717          1     9.2774     9.1371      97.33     1.6239     0.4081  1.000e-12  0.3321000     7.7384     7.7379    -0.0005     6.1580     6.1576     26.259     26.828      0.455    1430.87    1430.87  0.000e+00
       9584     27.000     3.7232     3.7236     0.0005    0.80756    0.80752          1     9.2326     9.1056      91.82     1.7508     0.4501  1.000e-12  0.3389000     7.7428     7.7423    -0.0005     6.1616     6.1612     26.754     27.334      0.512    1430.87    1430.87  0.000e+00
       9606     27.500     3.7086     3.7097     0.0011    0.80738    0.80734          1     9.2067     9.0856      79.02     1.8072     0.4235  1.000e-12  0.3495000     7.7443     7.7438    -0.0006     6.1631     6.1626     27.249     27.841      0.568    1430.81    1430.82  0.000e+00
