ctdpy/exports/archive_20191121_122431/received_data/SBE09_1044_20180203_1510_34_02_0052.cnv
* Sea-Bird SBE 9 Data File:
* FileName = C:\ctd\temp\2018\ME18D052.hex
* Software Version Seasave V 7.26.6.26
* Temperature SN = 5351
* Conductivity SN = 3941
* Number of Bytes Per Scan = 41
* Number of Voltage Words = 4
* Number of Scans Averaged by the Deck Unit = 1
* NMEA Latitude = 58 15.59 N
* NMEA Longitude = 011 26.11 E
* NMEA UTC (Time) = Feb 03 2018  15:10:26
* NMEA baud rate = 4800
** Station:  Slägg
** Operator:  SSip
** Ship: MERI
** Average sound velocity: 1469.65 m/s
** True-depth calculation Sat, 03 Feb 2018 18:57:24 +0000
** CTD Python Module SMHI /ver 3-12/ feb 2012 
** LIMS Job: 20183402-0052
** Cruise: SMHI-01-2018
** Latitude [GG MM.mm N] :
** Longitude [GG MM.mm E]:
# nquan = 26
# nvalues = 140                         
# units = specified
# name 0 = scan: Scan Count
# name 1 = prDM: Pressure, Digiquartz [db]
# name 2 = t090C: Temperature [ITS-90, deg C]
# name 3 = t190C: Temperature, 2 [ITS-90, deg C]
# name 4 = T2-T190C: Temperature Difference, 2 - 1 [ITS-90, deg C]
# name 5 = c0S/m: Conductivity [S/m]
# name 6 = c1S/m: Conductivity, 2 [S/m]
# name 7 = pumps: Pump Status
# name 8 = sbeox0ML/L: Oxygen, SBE 43 [ml/l]
# name 9 = sbeox1ML/L: Oxygen, SBE 43, 2 [ml/l]
# name 10 = altM: Altimeter [m]
# name 11 = flECO-AFL: Chl-a Fluorescence, WET Labs ECO-AFL/FL [mg/m^3]
# name 12 = flECO-AFL1: Phycocyanin Fluorescence, WET Labs ECO-AFL/FL, 2 [mg/m^3]
# name 13 = par: PAR/Irradiance, Biospherical/Lico [µE/(cm^2*s)]
# name 14 = turbWETntu0: Turbidity, WET Labs ECO [NTU]
# name 15 = sal00: Salinity, Practical [PSU]
# name 16 = sal11: Salinity, Practical, 2 [PSU]
# name 17 = secS-priS: Salinity, Practical, Difference, 2 - 1 [PSU]
# name 18 = sigma-t00: Density [sigma-t, Kg/m^3 ]
# name 19 = sigma-t11: Density, 2 [sigma-t, Kg/m^3 ]
# name 20 = depSM: Depth [salt water, m], lat = 58.2598
# name 21 = depFM: Depth [true depth, m], lat = 58.2598
# name 22 = dz/dtM: Descent Rate [m/s], WS = 2
# name 23 = svCM: Sound Velocity [Chen-Millero, m/s]
# name 24 = svCM1: Sound Velocity, 2 [Chen-Millero, m/s]
# name 25 = flag: flag
# span 0 =       7842,      10920       
# span 1 =      2.000,     71.500       
# span 2 =     3.3465,     6.9058       
# span 3 =     3.3715,     6.9035       
# span 4 =    -0.0125,     0.0249       
# span 5 =   2.343458,   3.356188       
# span 6 =   2.349746,   3.356095       
# span 7 =          1,          1       
# span 8 =    5.43995,    7.35425       
# span 9 =    5.44124,    7.35638       
# span 10 =       4.95,      98.59      
# span 11 =     0.2313,     0.7371      
# span 12 =     0.3133,     0.4736      
# span 13 = -2.811e-05, 5.3741e+00      
# span 14 =     1.4235,     3.0348      
# span 15 =    24.8601,    33.1643      
# span 16 =    24.9140,    33.1650      
# span 17 =    -0.0326,     0.0641      
# span 18 =    19.7781,    25.9856      
# span 19 =    19.8192,    25.9864      
# span 20 =      1.981,     70.824      
# span 21 =      1.998,     71.051      
# span 22 =     -0.003,      0.655      
# span 23 =    1450.81,    1477.15      
# span 24 =    1450.99,    1477.14      
# span 25 = 0.0000e+00, 0.0000e+00      
# interval = decibars: 0.5              
# start_time = Feb 03 2018 15:10:27 [NMEA time, first data scan]
# bad_flag = -9.990e-29
*END*
[from data line 112]
      10291     58.000     6.6542     6.6637     0.0095    3.32287    3.32428          1     5.5663     5.6556      18.41     0.2836     0.3384  1.000e-12  2.3826000    33.0462    33.0526     0.0064    25.9258    25.9296     57.453     57.649      0.569    1475.81    1475.86  0.000e+00
      10312     58.500     6.6984     6.7006     0.0025    3.32874    3.32940          1     5.5366     5.6192      17.94     0.2737     0.3579  1.000e-12  2.3685000    33.0682    33.0733     0.0052    25.9373    25.9411     57.948     58.145      0.567    1476.02    1476.04  0.000e+00
      10333     59.000     6.7990     6.7958    -0.0035    3.34239    3.34222          1     5.4829     5.5642      17.50     0.2632     0.3550  1.000e-12  2.5047000    33.1209    33.1223     0.0013    25.9656    25.9671     58.444     58.642      0.564    1476.49    1476.48  0.000e+00
      10354     59.500     6.8364     6.8343    -0.0022    3.34734    3.34723          1     5.4561     5.5151      16.99     0.2592     0.3275  1.000e-12  2.4624000    33.1389    33.1398     0.0009    25.9748    25.9758     58.939     59.138      0.558    1476.67    1476.66  0.000e+00
      10376     60.000     6.8486     6.8431    -0.0055    3.34899    3.34837          1     5.4561     5.4884      16.50     0.2591     0.3907  1.000e-12  2.3942000    33.1451    33.1436    -0.0015    25.9781    25.9776     59.434     59.634      0.555    1476.73    1476.71  0.000e+00
      10398     60.500     6.8515     6.8518     0.0002    3.34927    3.34942          1     5.4601     5.4858      15.98     0.2598     0.3203  1.000e-12  2.4555000    33.1452    33.1466     0.0014    25.9777    25.9788     59.929     60.131      0.559    1476.75    1476.75  0.000e+00
      10419     61.000     6.8544     6.8569     0.0025    3.34964    3.35005          1     5.4676     5.4893      15.50     0.2586     0.3688  1.000e-12  2.3246000    33.1461    33.1482     0.0020    25.9781    25.9794     60.424     60.627      0.564    1476.77    1476.78  0.000e+00
      10440     61.500     6.8609     6.8587    -0.0021    3.35044    3.35028          1     5.4711     5.4924      15.03     0.2592     0.3614  1.000e-12  2.5005000    33.1485    33.1488     0.0002    25.9792    25.9796     60.920     61.124      0.558    1476.81    1476.80  0.000e+00
      10462     62.000     6.8651     6.8641    -0.0009    3.35094    3.35097          1     5.4693     5.4983      14.53     0.2603     0.3375  1.000e-12  2.4071000    33.1497    33.1509     0.0012    25.9795    25.9805     61.415     61.620      0.555    1476.83    1476.83  0.000e+00
      10484     62.500     6.8656     6.8644    -0.0012    3.35102    3.35097          1     5.4711     5.4903      14.06     0.2653     0.3616  1.000e-12  2.3822000    33.1498    33.1505     0.0007    25.9795    25.9802     61.910     62.116      0.558    1476.84    1476.84  0.000e+00
      10505     63.000     6.8736     6.8704    -0.0031    3.35204    3.35171          1     5.4777     5.4821      13.57     0.2661     0.3622  1.000e-12  2.3999000    33.1531    33.1525    -0.0006    25.9810    25.9810     62.405     62.613      0.556    1476.89    1476.87  0.000e+00
      10527     63.500     6.8816     6.8728    -0.0089    3.35305    3.35204          1     5.4750     5.4788      13.08     0.2552     0.3607  1.000e-12  2.4340000    33.1561    33.1536    -0.0025    25.9824    25.9815     62.901     63.109      0.556    1476.93    1476.89  0.000e+00
      10548     64.000     6.8868     6.8843    -0.0026    3.35373    3.35354          1     5.4686     5.4795      12.62     0.2358     0.3480  1.000e-12  2.5103000    33.1584    33.1588     0.0004    25.9834    25.9841     63.396     63.605      0.556    1476.96    1476.95  0.000e+00
      10570     64.500     6.8876     6.8868    -0.0007    3.35382    3.35385          1     5.4626     5.4816      12.15     0.2477     0.3591  1.000e-12  2.3626000    33.1583    33.1594     0.0010    25.9833    25.9842     63.891     64.102      0.554    1476.97    1476.97  0.000e+00
      10591     65.000     6.8908     6.8890    -0.0017    3.35427    3.35416          1     5.4625     5.4714      11.66     0.2470     0.3762  1.000e-12  2.3925000    33.1599    33.1604     0.0005    25.9841    25.9848     64.386     64.598      0.547    1477.00    1476.99  0.000e+00
      10614     65.500     6.8886     6.8911     0.0025    3.35398    3.35440          1     5.4538     5.4604      11.12     0.2313     0.3781  1.000e-12  2.3976000    33.1587    33.1608     0.0021    25.9834    25.9848     64.881     65.095      0.537    1476.99    1477.01  0.000e+00
      10636     66.000     6.8929     6.8948     0.0019    3.35450    3.35486          1     5.4535     5.4553      10.67     0.2370     0.3744  1.000e-12  2.4846000    33.1600    33.1621     0.0021    25.9839    25.9853     65.376     65.591      0.538    1477.02    1477.03  0.000e+00
      10658     66.500     6.8941     6.8941    -0.0000    3.35467    3.35477          1     5.4559     5.4566      10.19     0.2480     0.3775  1.000e-12  2.5349000    33.1604    33.1615     0.0011    25.9841    25.9849     65.872     66.087      0.545    1477.03    1477.03  0.000e+00
      10680     67.000     6.8912     6.8921     0.0009    3.35431    3.35452          1     5.4541     5.4535       9.66     0.2481     0.3334  1.000e-12  2.4900000    33.1590    33.1605     0.0014    25.9833    25.9844     66.367     66.584      0.542    1477.03    1477.03  0.000e+00
      10703     67.500     6.8921     6.8911    -0.0010    3.35441    3.35442          1     5.4526     5.4551       9.17     0.2487     0.3423  1.000e-12  2.4571000    33.1591    33.1601     0.0010    25.9833    25.9842     66.862     67.080      0.533    1477.04    1477.04  0.000e+00
      10725     68.000     6.8967     6.8999     0.0032    3.35501    3.35555          1     5.4549     5.4664       8.68     0.2604     0.3776  1.000e-12  2.4019000    33.1609    33.1638     0.0029    25.9841    25.9860     67.357     67.576      0.530    1477.07    1477.08  0.000e+00
      10748     68.500     6.8937     6.8969     0.0031    3.35462    3.35515          1     5.4567     5.4722       8.20     0.2597     0.4026  1.000e-12  2.4475000    33.1593    33.1620     0.0027    25.9832    25.9849     67.853     68.073      0.535    1477.06    1477.08  0.000e+00
      10770     69.000     6.9009     6.8978    -0.0030    3.35554    3.35528          1     5.4490     5.4646       7.72     0.2688     0.3768  1.000e-12  2.5552000    33.1622    33.1623     0.0001    25.9846    25.9851     68.348     68.569      0.542    1477.10    1477.09  0.000e+00
      10792     69.500     6.9058     6.9018    -0.0040    3.35619    3.35586          1     5.4426     5.4524       7.21     0.2638     0.3313  1.000e-12  2.4784000    33.1643    33.1646     0.0002    25.9856    25.9863     68.843     69.065      0.549    1477.13    1477.12  0.000e+00
      10814     70.000     6.9031     6.9021    -0.0011    3.35590    3.35590          1     5.4399     5.4524       6.72     0.2597     0.3166  1.000e-12  2.4882000    33.1636    33.1645     0.0009    25.9853    25.9862     69.338     69.562      0.547    1477.13    1477.13  0.000e+00
      10836     70.500     6.9030     6.9035     0.0005    3.35589    3.35609          1     5.4438     5.4570       6.24     0.2555     0.3733  1.000e-12  2.5411000    33.1633    33.1650     0.0017    25.9851    25.9864     69.833     70.058      0.536    1477.14    1477.14  0.000e+00
      10859     71.000     6.9048     6.9015    -0.0033    3.35614    3.35588          1     5.4402     5.4412       5.75     0.2482     0.3635  1.000e-12  2.5627000    33.1640    33.1644     0.0004    25.9855    25.9862     70.328     70.555      0.498    1477.15    1477.14  0.000e+00
      10920     71.500     6.9019     6.8980    -0.0038    3.35582    3.35546          1     5.4532     5.4503       4.95     0.2625     0.3352  1.000e-12  2.3963000    33.1630    33.1629    -0.0001    25.9851    25.9855     70.824     71.051     -0.003    1477.15    1477.13  0.000e+00
