ctdpy/exports/archive_20191121_122431/received_data/SBE09_0827_20180120_0610_26_01_0124.cnv
* Sea-Bird SBE 9 Data File:
* FileName = D:\CTD_SBE911\DAT\26DA.2018.1.24.hex
* Software Version Seasave V 7.21d
* Temperature SN = 034757
* Conductivity SN = 041844
* Number of Bytes Per Scan = 48
* Number of Voltage Words = 5
* Number of Scans Averaged by the Deck Unit = 1
* NMEA Latitude = 57 24.91 N
* NMEA Longitude = 008 32.91 E
* NMEA UTC (Time) = Jan 20 2018  06:10:35
* NMEA baud rate = 4800
** Ship: DANA
** Average sound velocity: 1477.10 m/s
** True-depth calculation Thu, 28 Mar 2019 08:23:40 +0000
** CTD Python Module SMHI /ver 3-12/ feb 2012 
** LIMS Job: 20182601-0124
** 16N
** Operator: Ronny Sørensen
** Cruise: 01/2018
# nquan = 26
# nvalues = 76                          
# units = specified
# name 0 = scan: Scan Count
# name 1 = prDM: Pressure, Digiquartz [db]
# name 2 = t090C: Temperature [ITS-90, deg C]
# name 3 = t190C: Temperature, 2 [ITS-90, deg C]
# name 4 = T2-T190C: Temperature Difference, 2 - 1 [ITS-90, deg C]
# name 5 = c0S/m: Conductivity [S/m]
# name 6 = c1S/m: Conductivity, 2 [S/m]
# name 7 = pumps: Pump Status
# name 8 = sbeox1ML/L: Oxygen, SBE 43, 2 [ml/l]
# name 9 = sbeox0ML/L: Oxygen, SBE 43 [ml/l]
# name 10 = altM: Altimeter [m]
# name 11 = chloroflTC0: Chlorophyll, Turner Cyclops [ug/l]
# name 12 = cpar: CPAR/Corrected Irradiance [%]
# name 13 = par: PAR/Irradiance, Biospherical/Lico [µE/(cm^2*s)]
# name 14 = spar: SPAR, Biospherical/Licor
# name 15 = sal00: Salinity, Practical [PSU]
# name 16 = sal11: Salinity, Practical, 2 [PSU]
# name 17 = secS-priS: Salinity, Practical, Difference, 2 - 1 [PSU]
# name 18 = sigma-t00: Density [sigma-t, kg/m^3 ]
# name 19 = sigma-t11: Density, 2 [sigma-t, kg/m^3 ]
# name 20 = depSM: Depth [salt water, m], lat = 57.4152
# name 21 = depFM: Depth [true depth, m], lat = 57.4152
# name 22 = dz/dtM: Descent Rate [m/s], WS = 2
# name 23 = svCM: Sound Velocity [Chen-Millero, m/s]
# name 24 = svCM1: Sound Velocity, 2 [Chen-Millero, m/s]
# name 25 = flag: flag
# span 0 =          9,       6784       
# span 1 =      1.000,     38.500       
# span 2 =     6.6575,     6.6634       
# span 3 =     6.6561,     6.6628       
# span 4 =    -0.0016,    -0.0001       
# span 5 =   3.456031,   3.458137       
# span 6 =   3.456331,   3.458495       
# span 7 =          1,          1       
# span 8 =     6.0942,     6.2333       
# span 9 =     6.2220,     6.4496       
# span 10 =       0.30,       9.96      
# span 11 =     0.0237,     0.0419      
# span 12 = 4.9241e-11, 4.9241e-11      
# span 13 = 1.0000e-12, 1.0000e-12      
# span 14 = 2.0308e+00, 2.0308e+00      
# span 15 =    34.5445,    34.5451      
# span 16 =    34.5470,    34.5497      
# span 17 =     0.0020,     0.0050      
# span 18 =    27.1061,    27.1068      
# span 19 =    27.1082,    27.1108      
# span 20 =      0.991,     38.142      
# span 21 =      0.992,     38.179      
# span 22 =     -0.119,      0.777      
# span 23 =    1476.79,    1477.40      
# span 24 =    1476.79,    1477.41      
# span 25 = 0.0000e+00, 0.0000e+00      
# interval = decibars: 0.5              
# start_time = Jan 20 2018 06:10:36 [NMEA time, first data scan]
# bad_flag = -9.990e-29
*END*
[from data line 56]
       3065     29.000     6.6621     6.6616    -0.0005    3.45770    3.45802          1     6.1541     6.2773       9.95     0.0356  4.924e-11  1.000e-12  2.031e+00    34.5450    34.5491     0.0041    27.1065    27.1098     28.731     28.758      0.558    1477.25    1477.25  0.000e+00
       3102     29.500     6.6621     6.6611    -0.0011    3.45772    3.45801          1     6.1929     6.2832       9.70     0.0351  4.924e-11  1.000e-12  2.031e+00    34.5450    34.5493     0.0043    27.1064    27.1100     29.226     29.254      0.300    1477.26    1477.26  0.000e+00
       3192     30.000     6.6616     6.6611    -0.0005    3.45770    3.45803          1     6.2136     6.2901       9.21     0.0362  4.924e-11  1.000e-12  2.031e+00    34.5450    34.5491     0.0041    27.1065    27.1098     29.721     29.750      0.353    1477.26    1477.27  0.000e+00
       3212     30.500     6.6617     6.6612    -0.0005    3.45773    3.45806          1     6.1771     6.2766       8.80     0.0361  4.924e-11  1.000e-12  2.031e+00    34.5450    34.5492     0.0041    27.1065    27.1099     30.217     30.246      0.508    1477.27    1477.28  0.000e+00
       3255     31.000     6.6618     6.6615    -0.0004    3.45777    3.45805          1     6.1943     6.2852       8.31     0.0359  4.924e-11  1.000e-12  2.031e+00    34.5450    34.5485     0.0034    27.1065    27.1093     30.712     30.741      0.350    1477.28    1477.29  0.000e+00
       3351     31.500     6.6623     6.6619    -0.0004    3.45784    3.45801          1     6.2091     6.2810       8.03     0.0359  4.924e-11  1.000e-12  2.031e+00    34.5451    34.5474     0.0023    27.1065    27.1084     31.207     31.237      0.437    1477.29    1477.29  0.000e+00
       3377     32.000     6.6624     6.6619    -0.0006    3.45787    3.45801          1     6.1994     6.2936       7.54     0.0384  4.924e-11  1.000e-12  2.031e+00    34.5450    34.5472     0.0021    27.1064    27.1082     31.703     31.733      0.397    1477.30    1477.30  0.000e+00
       3421     32.500     6.6622     6.6614    -0.0008    3.45786    3.45802          1     6.1927     6.2824       6.91     0.0378  4.924e-11  1.000e-12  2.031e+00    34.5449    34.5474     0.0025    27.1064    27.1084     32.198     32.229      0.223    1477.31    1477.31  0.000e+00
       3473     33.000     6.6617     6.6612    -0.0005    3.45785    3.45803          1     6.1977     6.2738       6.36     0.0384  4.924e-11  1.000e-12  2.031e+00    34.5450    34.5475     0.0026    27.1065    27.1086     32.693     32.725      0.352    1477.31    1477.31  0.000e+00
       3501     33.500     6.6617     6.6613    -0.0004    3.45787    3.45806          1     6.1971     6.2782       5.86     0.0419  4.924e-11  1.000e-12  2.031e+00    34.5450    34.5475     0.0025    27.1066    27.1085     33.188     33.221      0.409    1477.32    1477.32  0.000e+00
       3539     34.000     6.6619     6.6615    -0.0005    3.45791    3.45808          1     6.2056     6.2889       5.32     0.0400  4.924e-11  1.000e-12  2.031e+00    34.5450    34.5473     0.0023    27.1065    27.1084     33.684     33.716      0.230    1477.33    1477.33  0.000e+00
       3627     34.500     6.6618     6.6613    -0.0005    3.45793    3.45809          1     6.2149     6.2806       4.63     0.0385  4.924e-11  1.000e-12  2.031e+00    34.5450    34.5473     0.0023    27.1065    27.1084     34.179     34.212      0.197    1477.34    1477.34  0.000e+00
       3690     35.000     6.6618     6.6613    -0.0006    3.45795    3.45808          1     6.2297     6.2825       3.95     0.0399  4.924e-11  1.000e-12  2.031e+00    34.5450    34.5470     0.0020    27.1065    27.1082     34.674     34.708      0.227    1477.35    1477.35  0.000e+00
       3731     35.500     6.6618     6.6613    -0.0005    3.45798    3.45813          1     6.1951     6.2696       3.39     0.0390  4.924e-11  1.000e-12  2.031e+00    34.5451    34.5473     0.0022    27.1066    27.1084     35.170     35.204      0.406    1477.36    1477.36  0.000e+00
       3757     36.000     6.6619     6.6615    -0.0003    3.45800    3.45820          1     6.1988     6.2721       2.90     0.0374  4.924e-11  1.000e-12  2.031e+00    34.5450    34.5475     0.0025    27.1065    27.1085     35.665     35.700      0.472    1477.36    1477.37  0.000e+00
       3783     36.500     6.6620     6.6615    -0.0006    3.45804    3.45823          1     6.2201     6.2742       2.40     0.0379  4.924e-11  1.000e-12  2.031e+00    34.5450    34.5477     0.0027    27.1065    27.1087     36.160     36.195      0.400    1477.37    1477.37  0.000e+00
       3840     37.000     6.6620     6.6615    -0.0006    3.45806    3.45824          1     6.2255     6.2759       1.89     0.0389  4.924e-11  1.000e-12  2.031e+00    34.5451    34.5476     0.0025    27.1065    27.1086     36.656     36.691      0.214    1477.38    1477.38  0.000e+00
       3951     37.500     6.6621     6.6616    -0.0005    3.45809    3.45826          1     6.2190     6.2774       1.89     0.0390  4.924e-11  1.000e-12  2.031e+00    34.5450    34.5475     0.0025    27.1065    27.1085     37.151     37.187      0.209    1477.39    1477.39  0.000e+00
       4255     38.000     6.6623     6.6618    -0.0005    3.45813    3.45835          1     6.2134     6.2813       4.02     0.0389  4.924e-11  1.000e-12  2.031e+00    34.5450    34.5479     0.0029    27.1064    27.1088     37.646     37.683      0.267    1477.40    1477.40  0.000e+00
       6784     38.500     6.6621     6.6614    -0.0007    3.45814    3.45850          1     6.1349     6.4496       0.30     0.0334  4.924e-11  1.000e-12  2.031e+00    34.5451    34.5497     0.0046    27.1065    27.1103     38.142     38.179     -0.114    1477.40    1477.41  0.000e+00
