ctdpy/exports/archive_20191121_122431/received_data/SBE09_1044_20181113_1522_34_01_0142.cnv
* Sea-Bird SBE 9 Data File:
* FileName = C:\ctd\temp\ar18d142.hex
* Software Version Seasave V 7.26.7.107
* Temperature SN = 5351
* Conductivity SN = 3941
* Number of Bytes Per Scan = 41
* Number of Voltage Words = 4
* Number of Scans Averaged by the Deck Unit = 1
* NMEA Latitude = 55 36.98 N
* NMEA Longitude = 014 52.45 E
* NMEA UTC (Time) = Nov 13 2018  15:22:28
* NMEA baud rate = 4800
** Station:  Hanobukten
** Operator:  A-KTh
** Ship: ARANDA
** Average sound velocity: 1456.59 m/s
** True-depth calculation Tue, 13 Nov 2018 16:21:29 +0000
** CTD Python Module SMHI /ver 3-12/ feb 2012 
** LIMS Job: 20183401-0142
** Cruise: SMHI-6-2018
** Latitude [GG MM.mm N]:
** Longitude [GG MM.mm E]
# nquan = 26
# nvalues = 150                         
# units = specified
# name 0 = scan: Scan Count
# name 1 = prDM: Pressure, Digiquartz [db]
# name 2 = t090C: Temperature [ITS-90, deg C]
# name 3 = t190C: Temperature, 2 [ITS-90, deg C]
# name 4 = T2-T190C: Temperature Difference, 2 - 1 [ITS-90, deg C]
# name 5 = c0S/m: Conductivity [S/m]
# name 6 = c1S/m: Conductivity, 2 [S/m]
# name 7 = pumps: Pump Status
# name 8 = sbeox0ML/L: Oxygen, SBE 43 [ml/l]
# name 9 = sbeox1ML/L: Oxygen, SBE 43, 2 [ml/l]
# name 10 = altM: Altimeter [m]
# name 11 = flECO-AFL: Chl-a Fluorescence, WET Labs ECO-AFL/FL [mg/m^3]
# name 12 = flECO-AFL1: Phycocyanin Fluorescence, WET Labs ECO-AFL/FL, 2 [mg/m^3]
# name 13 = par: PAR/Irradiance, Biospherical/Lico [µE/(cm^2*s)]
# name 14 = turbWETntu0: Turbidity, WET Labs ECO [NTU]
# name 15 = sal00: Salinity, Practical [PSU]
# name 16 = sal11: Salinity, Practical, 2 [PSU]
# name 17 = secS-priS: Salinity, Practical, Difference, 2 - 1 [PSU]
# name 18 = sigma-t00: Density [sigma-t, Kg/m^3 ]
# name 19 = sigma-t11: Density, 2 [sigma-t, Kg/m^3 ]
# name 20 = depSM: Depth [salt water, m], lat = 55.6163
# name 21 = depFM: Depth [true depth, m], lat = 55.6163
# name 22 = dz/dtM: Descent Rate [m/s], WS = 2
# name 23 = svCM: Sound Velocity [Chen-Millero, m/s]
# name 24 = svCM1: Sound Velocity, 2 [Chen-Millero, m/s]
# name 25 = flag: flag
# span 0 =      30809,      34568       
# span 1 =      1.000,     75.500       
# span 2 =     7.6595,    12.3055       
# span 3 =     7.6565,    12.3066       
# span 4 =    -0.0247,     0.0499       
# span 5 =   0.906242,   1.886219       
# span 6 =   0.906227,   1.886270       
# span 7 =          1,          1       
# span 8 =    0.11160,    7.12730       
# span 9 =    0.05913,    7.45530       
# span 10 =       2.29,      99.95      
# span 11 =     0.2900,     2.0494      
# span 12 =     0.1919,     0.5112      
# span 13 = 1.0000e-12, 9.2824e-01      
# span 14 =     0.2115,     2.0020      
# span 15 =     7.7021,    16.7037      
# span 16 =     7.7018,    16.7032      
# span 17 =    -0.0177,     0.0053      
# span 18 =     5.8544,    12.8607      
# span 19 =     5.8514,    12.8601      
# span 20 =      0.991,     74.802      
# span 21 =      1.013,     76.306      
# span 22 =     -0.001,      0.591      
# span 23 =    1449.31,    1475.14      
# span 24 =    1449.30,    1475.14      
# span 25 = 0.0000e+00, 0.0000e+00      
# interval = decibars: 0.5              
# start_time = Nov 13 2018 15:22:29 [NMEA time, first data scan]
# bad_flag = -9.990e-29
*END*
[from data line 56]
      32195     29.000     8.0830     8.0844     0.0013    0.90624    0.90623          1     7.0907     7.4016      50.30     1.1934     0.3657  1.000e-12  0.2679000     7.7042     7.7038    -0.0004     5.9000     5.8995     28.735     29.365      0.504    1449.59    1449.60  0.000e+00
      32218     29.500     8.0773     8.0789     0.0016    0.90639    0.90638          1     7.0794     7.3815      49.90     1.1648     0.3653  1.000e-12  0.2679000     7.7068     7.7063    -0.0005     5.9025     5.9020     29.230     29.871      0.544    1449.58    1449.58  0.000e+00
      32240     30.000     8.0731     8.0739     0.0009    0.90677    0.90669          1     7.0515     7.3727      49.47     1.0932     0.3347  1.000e-12  0.2618000     7.7111     7.7102    -0.0010     5.9062     5.9054     29.726     30.378      0.542    1449.58    1449.58  0.000e+00
      32263     30.500     8.1077     8.1083     0.0005    0.90891    0.90879          1     6.9928     7.3247      48.92     1.0689     0.3110  1.000e-12  0.2661000     7.7230     7.7218    -0.0012     5.9126     5.9116     30.221     30.884      0.529    1449.74    1449.74  0.000e+00
      32285     31.000     8.2050     8.2078     0.0028    0.91431    0.91427          1     6.9412     7.2773      48.44     1.0059     0.2995  1.000e-12  0.2720000     7.7509     7.7499    -0.0010     5.9262     5.9252     30.717     31.390      0.542    1450.18    1450.19  0.000e+00
      32307     31.500     8.3657     8.3649    -0.0008    0.92338    0.92310          1     6.8792     7.2235      47.94     0.8617     0.2950  1.000e-12  0.2779000     7.7979     7.7956    -0.0023     5.9491     5.9474     31.212     31.896      0.537    1450.90    1450.89  0.000e+00
      32330     32.000     8.5851     8.5895     0.0045    0.93522    0.93497          1     6.7642     7.1007      47.43     0.7449     0.3178  1.000e-12  0.2837000     7.8567     7.8535    -0.0033     5.9756     5.9726     31.707     32.403      0.519    1451.86    1451.87  0.000e+00
      32353     32.500     8.7664     8.7695     0.0030    0.94373    0.94377          1     6.7668     7.0824      46.92     0.7211     0.2324  1.000e-12  0.2844000     7.8933     7.8930    -0.0003     5.9876     5.9871     32.203     32.909      0.528    1452.64    1452.65  0.000e+00
      32375     33.000     8.8229     8.8285     0.0058    0.94660    0.94653          1     6.7245     7.0089      46.42     0.7391     0.2812  1.000e-12  0.2796000     7.9065     7.9046    -0.0019     5.9927     5.9906     32.698     33.415      0.540    1452.89    1452.91  0.000e+00
      32398     33.500     9.0543     9.0616     0.0072    0.95909    0.95920          1     6.5879     6.8421      45.98     0.7496     0.2800  1.000e-12  0.2694000     7.9670     7.9663    -0.0007     6.0178     6.0166     33.194     33.921      0.525    1453.90    1453.93  0.000e+00
      32421     34.000     8.9005     8.9102     0.0096    0.95312    0.95359          1     6.5361     6.7902      45.36     0.7587     0.3025  1.000e-12  0.2514000     7.9476     7.9497     0.0021     6.0173     6.0180     33.689     34.428      0.504    1453.27    1453.31  0.000e+00
      32445     34.500     8.7356     8.7300    -0.0055    0.95043    0.94987          1     6.5121     6.7827      44.82     0.7118     0.3067  1.000e-12  0.2802000     7.9602     7.9564    -0.0038     6.0426     6.0402     34.184     34.934      0.509    1452.63    1452.61  0.000e+00
      32468     35.000     9.0752     9.0638    -0.0112    0.96726    0.96637          1     6.5394     6.8413      44.21     0.6661     0.2858  1.000e-12  0.2677000     8.0352     8.0298    -0.0054     6.0690     6.0659     34.680     35.440      0.537    1454.09    1454.04  0.000e+00
      32490     35.500     9.3965     9.3952    -0.0016    0.98439    0.98423          1     6.5808     6.9079      43.74     0.7026     0.2838  1.000e-12  0.2713000     8.1155     8.1144    -0.0011     6.0997     6.0989     35.175     35.946      0.555    1455.47    1455.46  0.000e+00
      32511     36.000     9.5619     9.5655     0.0035    0.99305    0.99301          1     6.6043     6.9202      43.29     0.7419     0.3354  1.000e-12  0.2565000     8.1548     8.1537    -0.0011     6.1133     6.1121     35.670     36.452      0.551    1456.18    1456.19  0.000e+00
      32534     36.500     9.5490     9.5490     0.0000    0.99407    0.99402          1     6.5872     6.8518      42.77     0.7498     0.2767  1.000e-12  0.2457000     8.1667     8.1663    -0.0004     6.1239     6.1236     36.166     36.959      0.535    1456.15    1456.15  0.000e+00
      32556     37.000     9.4792     9.4803     0.0012    0.99227    0.99233          1     6.4343     6.6234      42.27     0.7282     0.2391  1.000e-12  0.2510000     8.1665     8.1668     0.0003     6.1310     6.1311     36.661     37.465      0.520    1455.88    1455.88  0.000e+00
      32580     37.500     9.1723     9.1726     0.0003    0.98203    0.98238          1     6.4246     6.5732      41.73     0.6878     0.3002  1.000e-12  0.2672000     8.1449     8.1480     0.0030     6.1447     6.1471     37.157     37.971      0.511    1454.65    1454.65  0.000e+00
      32603     38.000     8.5213     8.5142    -0.0070    0.96197    0.96169          1     6.3017     6.4274      41.21     0.6095     0.3109  1.000e-12  0.2718000     8.1129     8.1120    -0.0009     6.1815     6.1814     37.652     38.477      0.510    1452.02    1451.99  0.000e+00
      32627     38.500     8.4207     8.4237     0.0030    0.96130    0.96165          1     6.1507     6.2499      40.73     0.5776     0.2803  1.000e-12  0.2905000     8.1298     8.1323     0.0025     6.2036     6.2053     38.147     38.983      0.533    1451.64    1451.65  0.000e+00
      32648     39.000     7.9122     7.9107    -0.0016    0.94741    0.94738          1     6.0469     6.1678      40.21     0.5417     0.2660  1.000e-12  0.2706000     8.1198     8.1199     0.0001     6.2394     6.2397     38.643     39.489      0.563    1449.57    1449.56  0.000e+00
      32669     39.500     7.8666     7.8678     0.0013    0.94948    0.94941          1     5.9579     6.1241      39.71     0.4921     0.2764  1.000e-12  0.2777000     8.1494     8.1485    -0.0009     6.2664     6.2655     39.138     39.995      0.556    1449.43    1449.43  0.000e+00
      32692     40.000     7.9010     7.9030     0.0020    0.95282    0.95284          1     5.9002     6.0926      39.17     0.4623     0.2343  1.000e-12  0.2672000     8.1722     8.1719    -0.0003     6.2814     6.2810     39.633     40.501      0.510    1449.60    1449.61  0.000e+00
      32716     40.500     7.8809     7.8832     0.0023    0.95263    0.95267          1     5.8719     6.0875      38.64     0.4650     0.2321  1.000e-12  0.2648000     8.1751     8.1749    -0.0002     6.2853     6.2850     40.129     41.008      0.486    1449.53    1449.54  0.000e+00
      32741     41.000     7.8777     7.8786     0.0009    0.95339    0.95328          1     5.8618     6.1047      38.17     0.4689     0.2916  1.000e-12  0.2598000     8.1828     8.1815    -0.0012     6.2916     6.2905     40.624     41.514      0.517    1449.54    1449.54  0.000e+00
      32763     41.500     7.9385     7.9403     0.0018    0.95765    0.95764          1     5.8509     6.0930      37.70     0.4534     0.2639  1.000e-12  0.2594000     8.2079     8.2073    -0.0006     6.3062     6.3056     41.120     42.020      0.560    1449.83    1449.83  0.000e+00
      32784     42.000     8.0013     8.0031     0.0018    0.96314    0.96298          1     5.7685     5.9971      37.29     0.4458     0.2398  1.000e-12  0.2689000     8.2437     8.2418    -0.0019     6.3290     6.3274     41.615     42.526      0.577    1450.14    1450.14  0.000e+00
      32805     42.500     8.0478     8.0481     0.0003    0.96743    0.96730          1     5.7265     5.9611      36.71     0.4652     0.2447  1.000e-12  0.2795000     8.2722     8.2710    -0.0012     6.3474     6.3465     42.110     43.032      0.560    1450.37    1450.37  0.000e+00
      32827     43.000     8.0518     8.0530     0.0013    0.97200    0.97188          1     5.7653     6.0202      36.03     0.4763     0.3029  1.000e-12  0.2548000     8.3134     8.3120    -0.0014     6.3793     6.3781     42.606     43.538      0.516    1450.44    1450.45  0.000e+00
      32851     43.500     8.2731     8.2845     0.0113    0.99582    0.99627          1     5.8088     6.0696      49.89     0.4668     0.2318  1.000e-12  0.2712000     8.4792     8.4806     0.0014     6.4898     6.4899     43.101     44.044      0.486    1451.55    1451.60  0.000e+00
      32876     44.000     8.6069     8.6101     0.0033    1.02534    1.02550          1     5.7139     5.9119      49.52     0.4549     0.1927  1.000e-12  0.2621000     8.6686     8.6692     0.0006     6.6078     6.6080     43.596     44.550      0.503    1453.14    1453.15  0.000e+00
      32899     44.500     8.4610     8.4780     0.0169    1.02026    1.02115          1     5.5932     5.7142      32.62     0.4534     0.2576  1.000e-12  0.2590000     8.6577     8.6617     0.0040     6.6126     6.6141     44.092     45.056      0.549    1452.55    1452.62  0.000e+00
      32920     45.000     7.8889     7.8859    -0.0030    1.00179    1.00203          1     5.4429     5.5442      32.82     0.4377     0.2358  1.000e-12  0.2429000     8.6279     8.6309     0.0030     6.6390     6.6415     44.587     45.562      0.563    1450.20    1450.19  0.000e+00
      32942     45.500     7.6620     7.6616    -0.0004    0.99824    0.99814          1     5.2713     5.3941      32.72     0.4137     0.2146  1.000e-12  0.2316000     8.6509     8.6501    -0.0009     6.6757     6.6750     45.082     46.068      0.533    1449.31    1449.30  0.000e+00
      32965     46.000     7.6595     7.6565    -0.0029    1.00350    1.00298          1     5.1159     5.2820      32.27     0.3898     0.2126  1.000e-12  0.2256000     8.7006     8.6964    -0.0041     6.7148     6.7118     45.578     46.574      0.491    1449.37    1449.35  0.000e+00
      32990     46.500     7.8421     7.8362    -0.0060    1.01940    1.01830          1     5.0279     5.2354      32.14     0.3780     0.2165  1.000e-12  0.2265000     8.8030     8.7942    -0.0088     6.7800     6.7736     46.073     47.079      0.500    1450.25    1450.21  0.000e+00
      33013     47.000     8.1165     8.1249     0.0084    1.04413    1.04350          1     5.0448     5.2637      31.72     0.3644     0.2071  1.000e-12  0.2183000     8.9630     8.9550    -0.0080     6.8819     6.8749     46.569     47.585      0.551    1451.57    1451.60  0.000e+00
      33034     47.500     8.5698     8.5867     0.0170    1.08111    1.08111          1     5.1181     5.3590      31.30     0.3465     0.2071  1.000e-12  0.2115000     9.1871     9.1827    -0.0044     7.0161     7.0110     47.064     48.091      0.577    1453.69    1453.75  0.000e+00
      33055     48.000     8.8432     8.8517     0.0084    1.10200    1.10195          1     5.1445     5.4035      30.55     0.3819     0.2800  1.000e-12  0.2589000     9.3070     9.3043    -0.0026     7.0835     7.0806     47.559     48.597      0.557    1454.93    1454.97  0.000e+00
      33077     48.500     8.9199     8.9211     0.0011    1.11182    1.11128          1     5.0941     5.3407      29.58     0.3919     0.2613  1.000e-12  0.2709000     9.3763     9.3710    -0.0052     7.1301     7.1259     48.055     49.102      0.513    1455.33    1455.33  0.000e+00
      33101     49.000     9.1393     9.1389    -0.0004    1.14351    1.14203          1     5.1014     5.3364      29.02     0.3672     0.2473  1.000e-12  0.2869000     9.6057     9.5924    -0.0133     7.2869     7.2765     48.550     49.608      0.494    1456.49    1456.47  0.000e+00
      33126     49.500     9.4620     9.4698     0.0078    1.17671    1.17660          1     5.2355     5.5136      28.73     0.3916     0.2755  1.000e-12  0.3093000     9.8187     9.8156    -0.0031     7.4192     7.4159     49.045     50.113      0.512    1458.03    1458.06  0.000e+00
      33148     50.000     9.6969     9.7038     0.0068    1.20082    1.20036          1     5.3214     5.6311      28.06     0.4276     0.2903  1.000e-12  0.3274000     9.9710     9.9650    -0.0060     7.5122     7.5068     49.541     50.619      0.541    1459.14    1459.16  0.000e+00
      33170     50.500     9.9606     9.9714     0.0107    1.23335    1.23300          1     5.3714     5.6854      27.75     0.4434     0.2644  1.000e-12  0.3338000    10.1887    10.1826    -0.0061     7.6520     7.6460     50.036     51.124      0.558    1460.44    1460.47  0.000e+00
      33191     51.000    10.2058    10.2130     0.0073    1.26221    1.26170          1     5.4105     5.7181      26.93     0.4495     0.2615  1.000e-12  0.3286000    10.3765    10.3699    -0.0066     7.7695     7.7635     50.531     51.630      0.557    1461.62    1461.64  0.000e+00
      33213     51.500    10.4959    10.5041     0.0082    1.29664    1.29610          1     5.3681     5.6592      26.55     0.4660     0.2442  1.000e-12  0.3273000    10.5985    10.5913    -0.0072     7.9072     7.9006     51.027     52.135      0.539    1463.00    1463.03  0.000e+00
      33236     52.000    10.6590    10.6642     0.0051    1.32677    1.32612          1     5.2111     5.4629      26.13     0.4428     0.2795  1.000e-12  0.3163000    10.8171    10.8098    -0.0073     8.0567     8.0504     51.522     52.640      0.507    1463.90    1463.91  0.000e+00
      33261     52.500    10.6649    10.6654     0.0005    1.35379    1.35294          1     5.1017     5.3153      25.16     0.4429     0.2563  1.000e-12  0.3462000    11.0539    11.0464    -0.0076     8.2396     8.2337     52.017     53.145      0.483    1464.21    1464.21  0.000e+00
      33285     53.000    10.8473    10.8483     0.0010    1.38467    1.38378          1     5.0232     5.2324      24.70     0.4065     0.2386  1.000e-12  0.4061000    11.2711    11.2630    -0.0081     8.3850     8.3785     52.513     53.651      0.523    1465.17    1465.17  0.000e+00
      33307     53.500    11.0693    11.0781     0.0088    1.42921    1.42867          1     4.8244     5.0108      24.19     0.4166     0.2152  1.000e-12  0.4100000    11.5943    11.5869    -0.0075     8.6066     8.5997     53.008     54.156      0.582    1466.40    1466.43  0.000e+00
      33327     54.000    11.1420    11.1416    -0.0003    1.46074    1.46057          1     4.6742     4.8424      23.96     0.4110     0.2021  1.000e-12  0.3758000    11.8489    11.8475    -0.0014     8.7942     8.7932     53.503     54.660      0.591    1466.99    1466.98  0.000e+00
      33347     54.500    11.0454    11.0366    -0.0087    1.50220    1.50019          1     4.5274     4.7073      23.44     0.3974     0.3036  1.000e-12  0.4017000    12.2458    12.2309    -0.0149     9.1142     9.1039     53.999     55.165      0.549    1467.11    1467.06  0.000e+00
      33371     55.000    11.4943    11.4834    -0.0110    1.58894    1.58650          1     4.4119     4.5925      22.89     0.3713     0.2394  1.000e-12  0.4851000    12.8579    12.8402    -0.0177     9.5269     9.5147     54.494     55.670      0.490    1469.52    1469.46  0.000e+00
      33396     55.500    11.8382    11.8394     0.0012    1.62874    1.62822          1     4.4338     4.6134      22.52     0.3281     0.2289  1.000e-12  0.4109000    13.0873    13.0824    -0.0049     9.6560     9.6520     54.989     56.174      0.483    1471.07    1471.06  0.000e+00
      33420     56.000    11.9117    11.9149     0.0032    1.64783    1.64740          1     4.4424     4.6236      21.93     0.2900     0.2590  1.000e-12  0.2471000    13.2281    13.2231    -0.0049     9.7542     9.7499     55.485     56.679      0.541    1471.51    1471.52  0.000e+00
