ctdpy/exports/archive_20191121_122431/received_data/SBE09_1044_20181019_2030_34_01_0113.cnv
* Sea-Bird SBE 9 Data File:
* FileName = C:\ctd\temp\ar18d113.hex
* Software Version Seasave V 7.26.7.107
* Temperature SN = 5351
* Conductivity SN = 3941
* Number of Bytes Per Scan = 41
* Number of Voltage Words = 4
* Number of Scans Averaged by the Deck Unit = 1
* NMEA Latitude = 56 22.26 N
* NMEA Longitude = 016 12.12 E
* NMEA UTC (Time) = Oct 19 2018  20:30:04
* NMEA baud rate = 4800
** Station:  REF M1V1
** Operator:  ASkj
** Ship: ARANDA
** Average sound velocity: 1448.81 m/s
** True-depth calculation Fri, 19 Oct 2018 20:59:20 +0000
** CTD Python Module SMHI /ver 3-12/ feb 2012 
** LIMS Job: 20183401-0113
** Cruise: SMHI-4-2018
** Latitude [GG MM.mm N]:
** Longitude [GG MM.mm E]
# nquan = 26
# nvalues = 24                          
# units = specified
# name 0 = scan: Scan Count
# name 1 = prDM: Pressure, Digiquartz [db]
# name 2 = t090C: Temperature [ITS-90, deg C]
# name 3 = t190C: Temperature, 2 [ITS-90, deg C]
# name 4 = T2-T190C: Temperature Difference, 2 - 1 [ITS-90, deg C]
# name 5 = c0S/m: Conductivity [S/m]
# name 6 = c1S/m: Conductivity, 2 [S/m]
# name 7 = pumps: Pump Status
# name 8 = sbeox0ML/L: Oxygen, SBE 43 [ml/l]
# name 9 = sbeox1ML/L: Oxygen, SBE 43, 2 [ml/l]
# name 10 = altM: Altimeter [m]
# name 11 = flECO-AFL: Chl-a Fluorescence, WET Labs ECO-AFL/FL [mg/m^3]
# name 12 = flECO-AFL1: Phycocyanin Fluorescence, WET Labs ECO-AFL/FL, 2 [mg/m^3]
# name 13 = par: PAR/Irradiance, Biospherical/Lico [µE/(cm^2*s)]
# name 14 = turbWETntu0: Turbidity, WET Labs ECO [NTU]
# name 15 = sal00: Salinity, Practical [PSU]
# name 16 = sal11: Salinity, Practical, 2 [PSU]
# name 17 = secS-priS: Salinity, Practical, Difference, 2 - 1 [PSU]
# name 18 = sigma-t00: Density [sigma-t, Kg/m^3 ]
# name 19 = sigma-t11: Density, 2 [sigma-t, Kg/m^3 ]
# name 20 = depSM: Depth [salt water, m], lat = 56.371
# name 21 = depFM: Depth [true depth, m], lat = 56.371
# name 22 = dz/dtM: Descent Rate [m/s], WS = 2
# name 23 = svCM: Sound Velocity [Chen-Millero, m/s]
# name 24 = svCM1: Sound Velocity, 2 [Chen-Millero, m/s]
# name 25 = flag: flag
# span 0 =        645,       2522       
# span 1 =      4.000,     15.500       
# span 2 =     7.4537,     9.1077       
# span 3 =     7.4561,     9.0725       
# span 4 =    -0.0412,     0.0875       
# span 5 =   0.886810,   0.911491       
# span 6 =   0.886811,   0.911228       
# span 7 =          1,          1       
# span 8 =    7.70544,    8.02077       
# span 9 =    7.37144,    7.62706       
# span 10 =       5.29,      16.80      
# span 11 =     0.7853,     1.5060      
# span 12 =     0.2496,     0.3907      
# span 13 = 5.9169e-13, 4.5162e-05      
# span 14 =     0.2865,     0.3402      
# span 15 =     7.5342,     7.7074      
# span 16 =     7.5393,     7.7069      
# span 17 =    -0.0100,     0.0051      
# span 18 =     5.6752,     5.9501      
# span 19 =     5.6825,     5.9496      
# span 20 =      3.963,     15.358      
# span 21 =      4.051,     15.696      
# span 22 =      0.046,      0.551      
# span 23 =    1446.72,    1453.11      
# span 24 =    1446.73,    1452.97      
# span 25 = 0.0000e+00, 0.0000e+00      
# interval = decibars: 0.5              
# start_time = Oct 19 2018 20:30:04 [NMEA time, first data scan]
# bad_flag = -9.990e-29
*END*
        645      4.000     9.1077     9.0725    -0.0342    0.91149    0.91123          1     7.7054     7.3714      16.79     0.8283     0.2845  4.516e-05  0.3171000     7.5342     7.5393     0.0051     5.6752     5.6825      3.963      4.051      0.489    1453.11    1452.97  0.000e+00
        669      4.500     8.9003     8.9147     0.0144    0.91024    0.91028          1     7.8071     7.4191      16.80     0.8004     0.3178  5.874e-07  0.3104000     7.5670     7.5643    -0.0027     5.7204     5.7169      4.459      4.558      0.498    1452.33    1452.38  0.000e+00
        693      5.000     8.8125     8.8031    -0.0095    0.90944    0.90929          1     7.8682     7.5045      16.52     0.7874     0.3063  5.917e-13  0.3043000     7.5784     7.5790     0.0006     5.7375     5.7389      4.954      5.064      0.508    1452.00    1451.96  0.000e+00
        716      5.500     8.8630     8.8215    -0.0412    0.90995    0.90951          1     7.7832     7.4508      16.11     0.7858     0.3061  1.000e-12  0.3181000     7.5721     7.5771     0.0050     5.7279     5.7356      5.450      5.570      0.520    1452.20    1452.04  0.000e+00
        739      6.000     8.6810     8.7693     0.0875    0.90805    0.90904          1     7.7564     7.4256      15.20     0.7853     0.3206  1.000e-12  0.3066000     7.5939     7.5839    -0.0100     5.7615     5.7458      5.945      6.077      0.530    1451.51    1451.85  0.000e+00
        762      6.500     8.2798     8.2932     0.0142    0.90285    0.90303          1     7.7973     7.4581      14.84     0.8095     0.3220  1.000e-12  0.2981000     7.6332     7.6319    -0.0013     5.8278     5.8256      6.440      6.583      0.532    1449.94    1450.00  0.000e+00
        784      7.000     8.1517     8.1655     0.0134    0.90079    0.90104          1     7.8429     7.4780      14.22     0.8383     0.3063  1.000e-12  0.3003000     7.6421     7.6413    -0.0008     5.8456     5.8439      6.936      7.089      0.537    1449.44    1449.50  0.000e+00
        806      7.500     8.1260     8.1301     0.0041    0.90041    0.90048          1     7.8973     7.4874      13.53     0.8586     0.3030  1.000e-12  0.3034000     7.6442     7.6439    -0.0003     5.8494     5.8489      7.431      7.596      0.543    1449.35    1449.37  0.000e+00
        828      8.000     8.1090     8.1052    -0.0038    0.90011    0.89995          1     7.9397     7.5081      13.22     0.8988     0.3217  1.000e-12  0.3024000     7.6450     7.6444    -0.0006     5.8515     5.8513      7.927      8.102      0.551    1449.29    1449.27  0.000e+00
        850      8.500     8.1000     8.0985    -0.0015    0.90004    0.89994          1     7.9570     7.5401      11.97     0.9121     0.3213  1.000e-12  0.2865000     7.6463     7.6457    -0.0006     5.8533     5.8529      8.422      8.608      0.548    1449.26    1449.25  0.000e+00
        872      9.000     8.0641     8.0721     0.0079    0.89935    0.89948          1     7.9433     7.5527      12.09     0.9102     0.2496  1.000e-12  0.2957000     7.6477     7.6472    -0.0005     5.8573     5.8563      8.918      9.115      0.538    1449.13    1449.16  0.000e+00
        895      9.500     8.0020     8.0183     0.0163    0.89811    0.89839          1     7.9287     7.5609      11.39     0.9305     0.2689  1.000e-12  0.3121000     7.6498     7.6488    -0.0010     5.8641     5.8620      9.413      9.621      0.532    1448.88    1448.95  0.000e+00
        917     10.000     7.8553     7.8613     0.0061    0.89526    0.89534          1     7.9828     7.6004      11.23     0.9967     0.3164  1.000e-12  0.3157000     7.6557     7.6550    -0.0006     5.8806     5.8796      9.908     10.127      0.532    1448.30    1448.32  0.000e+00
        940     10.500     7.6838     7.6913     0.0074    0.89150    0.89165          1     8.0207     7.6271      10.25     1.0675     0.3434  1.000e-12  0.3245000     7.6585     7.6582    -0.0003     5.8964     5.8955     10.404     10.633      0.538    1447.61    1447.63  0.000e+00
        962     11.000     7.6391     7.6352    -0.0039    0.89054    0.89040          1     8.0170     7.6151      10.03     1.1187     0.3471  1.000e-12  0.3255000     7.6594     7.6589    -0.0005     5.9005     5.9005     10.899     11.140      0.522    1447.43    1447.41  0.000e+00
        986     11.500     7.5529     7.5529    -0.0001    0.88853    0.88849          1     8.0098     7.5993       9.53     1.1725     0.3304  1.000e-12  0.3104000     7.6596     7.6593    -0.0003     5.9073     5.9070     11.395     11.646      0.477    1447.08    1447.08  0.000e+00
       1012     12.000     7.4862     7.4870     0.0008    0.88687    0.88685          1     8.0208     7.6100       9.17     1.2691     0.3387  1.000e-12  0.3275000     7.6589     7.6585    -0.0003     5.9117     5.9114     11.890     12.152      0.455    1446.81    1446.82  0.000e+00
       1039     12.500     7.4621     7.4643     0.0022    0.88681    0.88681          1     8.0029     7.5999       8.39     1.3362     0.3907  1.000e-12  0.3399000     7.6636     7.6631    -0.0005     5.9172     5.9167     12.386     12.659      0.431    1446.73    1446.74  0.000e+00
       1068     13.000     7.4607     7.4627     0.0021    0.88737    0.88737          1     7.9975     7.5751       8.04     1.3598     0.3874  1.000e-12  0.3402000     7.6690     7.6686    -0.0005     5.9216     5.9211     12.881     13.165      0.393    1446.74    1446.75  0.000e+00
       1101     13.500     7.4537     7.4561     0.0024    0.88776    0.88777          1     7.9418     7.5229       7.55     1.4434     0.3423  1.000e-12  0.3372000     7.6741     7.6737    -0.0005     5.9261     5.9256     13.376     13.671      0.345    1446.72    1446.73  0.000e+00
       1137     14.000     7.4862     7.4881     0.0019    0.88977    0.88976          1     7.7943     7.4109       6.88     1.5060     0.3286  1.000e-12  0.3236000     7.6856     7.6850    -0.0005     5.9327     5.9321     13.872     14.177      0.326    1446.88    1446.89  0.000e+00
       1175     14.500     7.4831     7.4849     0.0018    0.89024    0.89024          1     7.7554     7.3746       6.47     1.4761     0.3591  1.000e-12  0.3049000     7.6906     7.6901    -0.0005     5.9369     5.9364     14.367     14.684      0.305    1446.88    1446.89  0.000e+00
       1217     15.000     7.4869     7.4887     0.0018    0.89137    0.89136          1     7.8552     7.4450       5.92     1.3772     0.3606  1.000e-12  0.2963000     7.7002     7.6996    -0.0006     5.9441     5.9435     14.862     15.190      0.281    1446.91    1446.92  0.000e+00
       2522     15.500     7.4817     7.4838     0.0021    0.89203    0.89203          1     7.8369     7.4287       5.29     1.3935     0.3587  1.000e-12  0.2895000     7.7074     7.7069    -0.0005     5.9501     5.9496     15.358     15.696      0.046    1446.91    1446.92  0.000e+00
