ctdpy/exports/archive_20191121_122431/received_data/SBE09_1044_20180921_1441_34_01_0036.cnv
* Sea-Bird SBE 9 Data File:
* FileName = C:\ctd\temp\2018\AR18D036.hex
* Software Version Seasave V 7.26.6.26
* Temperature SN = 5351
* Conductivity SN = 3941
* Number of Bytes Per Scan = 41
* Number of Voltage Words = 4
* Number of Scans Averaged by the Deck Unit = 1
* NMEA Latitude = 58 01.04 N
* NMEA Longitude = 017 59.10 E
* NMEA UTC (Time) = Sep 21 2018  14:41:12
* NMEA baud rate = 4800
** Station:  BY32
** Operator:  MHan
** Ship: ARANDA
** Average sound velocity: 1449.87 m/s
** True-depth calculation Fri, 21 Sep 2018 15:46:04 +0000
** CTD Python Module SMHI /ver 3-12/ feb 2012 
** LIMS Job: 20183401-0036
** Cruise: SMHI-02-2018
** Latitude [GG MM.mm N] :
** Longitude [GG MM.mm E]:
# nquan = 26
# nvalues = 396                         
# units = specified
# name 0 = scan: Scan Count
# name 1 = prDM: Pressure, Digiquartz [db]
# name 2 = t090C: Temperature [ITS-90, deg C]
# name 3 = t190C: Temperature, 2 [ITS-90, deg C]
# name 4 = T2-T190C: Temperature Difference, 2 - 1 [ITS-90, deg C]
# name 5 = c0S/m: Conductivity [S/m]
# name 6 = c1S/m: Conductivity, 2 [S/m]
# name 7 = pumps: Pump Status
# name 8 = sbeox0ML/L: Oxygen, SBE 43 [ml/l]
# name 9 = sbeox1ML/L: Oxygen, SBE 43, 2 [ml/l]
# name 10 = altM: Altimeter [m]
# name 11 = flECO-AFL: Chl-a Fluorescence, WET Labs ECO-AFL/FL [mg/m^3]
# name 12 = flECO-AFL1: Phycocyanin Fluorescence, WET Labs ECO-AFL/FL, 2 [mg/m^3]
# name 13 = par: PAR/Irradiance, Biospherical/Lico [µE/(cm^2*s)]
# name 14 = turbWETntu0: Turbidity, WET Labs ECO [NTU]
# name 15 = sal00: Salinity, Practical [PSU]
# name 16 = sal11: Salinity, Practical, 2 [PSU]
# name 17 = secS-priS: Salinity, Practical, Difference, 2 - 1 [PSU]
# name 18 = sigma-t00: Density [sigma-t, Kg/m^3 ]
# name 19 = sigma-t11: Density, 2 [sigma-t, Kg/m^3 ]
# name 20 = depSM: Depth [salt water, m], lat = 58.0173
# name 21 = depFM: Depth [true depth, m], lat = 58.0173
# name 22 = dz/dtM: Descent Rate [m/s], WS = 2
# name 23 = svCM: Sound Velocity [Chen-Millero, m/s]
# name 24 = svCM1: Sound Velocity, 2 [Chen-Millero, m/s]
# name 25 = flag: flag
# span 0 =      17631,      28033       
# span 1 =      1.000,    198.500       
# span 2 =     3.5560,    15.9811       
# span 3 =     3.5584,    15.9821       
# span 4 =    -0.1638,     1.2487       
# span 5 =   0.763695,   1.202804       
# span 6 =   0.763665,   1.202770       
# span 7 =          1,          1       
# span 8 =    0.01926,    7.78522       
# span 9 =    0.68245,    6.08489       
# span 10 =       0.00,      99.57      
# span 11 =     0.1950,     1.4099      
# span 12 =     0.1631,     0.4418      
# span 13 = -1.029e-05, 2.0278e+03      
# span 14 =     0.1564,     1.5357      
# span 15 =     6.7813,    11.0622      
# span 16 =     6.7808,    11.0614      
# span 17 =    -0.0386,     0.1994      
# span 18 =     4.1499,     8.6871      
# span 19 =     4.1491,     8.6864      
# span 20 =      0.991,    196.566      
# span 21 =      1.014,    200.732      
# span 22 =     -0.093,      1.218      
# span 23 =    1430.26,    1477.50      
# span 24 =    1430.27,    1477.50      
# span 25 = 0.0000e+00, 0.0000e+00      
# interval = decibars: 0.5              
# start_time = Sep 21 2018 14:41:12 [NMEA time, first data scan]
# bad_flag = -9.990e-29
*END*
[from data line 335]
      24992    168.500     6.0342     6.0357     0.0015    1.20097    1.20095          1     0.0281     1.0305      33.83     0.3396     0.2484  1.000e-12  0.1862000    11.0508    11.0501    -0.0006     8.6784     8.6778    166.870    170.438      0.837    1447.47    1447.48  0.000e+00
      25007    169.000     6.0345     6.0360     0.0015    1.20103    1.20102          1     0.0268     1.0281      33.37     0.3370     0.2223  1.000e-12  0.1785000    11.0513    11.0506    -0.0007     8.6788     8.6782    167.365    170.943      0.694    1447.48    1447.49  0.000e+00
      25028    169.500     6.0344     6.0360     0.0016    1.20108    1.20106          1     0.0282     1.0229      32.66     0.3382     0.1896  1.000e-12  0.1803000    11.0516    11.0510    -0.0007     8.6791     8.6784    167.860    171.448      0.488    1447.49    1447.50  0.000e+00
      25058    170.000     6.0345     6.0361     0.0016    1.20113    1.20111          1     0.0270     1.0166      31.97     0.3377     0.1837  1.000e-12  0.1817000    11.0520    11.0513    -0.0007     8.6794     8.6787    168.355    171.953      0.418    1447.50    1447.51  0.000e+00
      25084    170.500     6.0349     6.0363     0.0015    1.20120    1.20118          1     0.0279     1.0124      31.53     0.3307     0.2248  1.000e-12  0.1846000    11.0525    11.0518    -0.0007     8.6797     8.6791    168.850    172.458      0.517    1447.51    1447.52  0.000e+00
      25105    171.000     6.0351     6.0365     0.0014    1.20125    1.20123          1     0.0292     1.0085      31.03     0.3371     0.2704  1.000e-12  0.1766000    11.0528    11.0522    -0.0006     8.6799     8.6794    169.345    172.963      0.598    1447.52    1447.52  0.000e+00
      25124    171.500     6.0353     6.0366     0.0013    1.20129    1.20127          1     0.0281     1.0049      30.56     0.3487     0.2218  1.000e-12  0.1688000    11.0531    11.0524    -0.0006     8.6801     8.6796    169.840    173.468      0.701    1447.53    1447.53  0.000e+00
      25140    172.000     6.0354     6.0368     0.0014    1.20133    1.20131          1     0.0262     1.0000      30.10     0.3676     0.2479  1.000e-12  0.1801000    11.0534    11.0527    -0.0006     8.6804     8.6798    170.335    173.973      0.806    1447.54    1447.54  0.000e+00
      25154    172.500     6.0355     6.0369     0.0014    1.20135    1.20134          1     0.0265     0.9979      29.64     0.3581     0.2655  1.000e-12  0.1832000    11.0534    11.0528    -0.0006     8.6804     8.6799    170.830    174.478      0.879    1447.55    1447.55  0.000e+00
      25167    173.000     6.0355     6.0370     0.0015    1.20139    1.20137          1     0.0253     0.9970      29.18     0.3374     0.2848  1.000e-12  0.1871000    11.0537    11.0530    -0.0006     8.6806     8.6800    171.325    174.982      0.892    1447.55    1447.56  0.000e+00
      25180    173.500     6.0357     6.0371     0.0014    1.20144    1.20142          1     0.0268     0.9939      28.66     0.3517     0.2949  1.000e-12  0.1848000    11.0540    11.0534    -0.0006     8.6809     8.6803    171.820    175.487      0.831    1447.56    1447.57  0.000e+00
      25196    174.000     6.0359     6.0374     0.0015    1.20152    1.20150          1     0.0244     0.9882      28.10     0.3750     0.2579  1.000e-12  0.1806000    11.0547    11.0540    -0.0007     8.6814     8.6807    172.315    175.992      0.687    1447.57    1447.58  0.000e+00
      25218    174.500     6.0359     6.0375     0.0016    1.20156    1.20155          1     0.0262     0.9862      27.44     0.3530     0.2356  1.000e-12  0.1806000    11.0551    11.0544    -0.0007     8.6817     8.6810    172.810    176.497      0.470    1447.58    1447.59  0.000e+00
      25252    175.000     6.0359     6.0375     0.0015    1.20159    1.20157          1     0.0282     0.9810      26.74     0.3466     0.2223  1.000e-12  0.1703000    11.0552    11.0545    -0.0007     8.6818     8.6811    173.305    177.002      0.341    1447.59    1447.60  0.000e+00
      25282    175.500     6.0360     6.0375     0.0015    1.20165    1.20163          1     0.0272     0.9734      26.29     0.3470     0.2506  1.000e-12  0.1779000    11.0557    11.0550    -0.0007     8.6822     8.6815    173.800    177.507      0.617    1447.60    1447.60  0.000e+00
      25297    176.000     6.0360     6.0375     0.0014    1.20170    1.20169          1     0.0255     0.9735      25.95     0.3611     0.2664  1.000e-12  0.1859000    11.0560    11.0555    -0.0005     8.6824     8.6819    174.294    178.012      0.859    1447.61    1447.61  0.000e+00
      25310    176.500     6.0361     6.0375     0.0014    1.20172    1.20170          1     0.0264     0.9695      25.53     0.3549     0.2767  1.000e-12  0.1898000    11.0562    11.0555    -0.0007     8.6826     8.6820    174.789    178.517      0.987    1447.62    1447.62  0.000e+00
      25321    177.000     6.0360     6.0375     0.0015    1.20174    1.20173          1     0.0233     0.9663      25.10     0.3480     0.2535  1.000e-12  0.1904000    11.0563    11.0557    -0.0006     8.6827     8.6821    175.284    179.022      1.022    1447.62    1447.63  0.000e+00
      25333    177.500     6.0361     6.0375     0.0015    1.20175    1.20174          1     0.0268     0.9653      24.62     0.3509     0.2215  1.000e-12  0.1908000    11.0563    11.0558    -0.0005     8.6827     8.6821    175.779    179.526      0.962    1447.63    1447.64  0.000e+00
      25346    178.000     6.0362     6.0376     0.0014    1.20178    1.20175          1     0.0275     0.9671      24.06     0.3523     0.2324  1.000e-12  0.1872000    11.0565    11.0558    -0.0007     8.6828     8.6821    176.274    180.031      0.790    1447.64    1447.65  0.000e+00
      25367    178.500     6.0359     6.0375     0.0016    1.20178    1.20177          1     0.0249     0.9606      23.35     0.3666     0.2456  1.000e-12  0.1867000    11.0565    11.0558    -0.0007     8.6828     8.6822    176.769    180.536      0.464    1447.65    1447.65  0.000e+00
      25404    179.000     6.0359     6.0375     0.0016    1.20179    1.20178          1     0.0254     0.9530      22.67     0.3522     0.2326  1.000e-12  0.1914000    11.0565    11.0558    -0.0007     8.6828     8.6822    177.264    181.041      0.374    1447.66    1447.66  0.000e+00
      25428    179.500     6.0363     6.0376     0.0014    1.20181    1.20180          1     0.0243     0.9491      22.19     0.3608     0.2280  1.000e-12  0.1858000    11.0565    11.0559    -0.0006     8.6828     8.6822    177.759    181.546      0.651    1447.67    1447.67  0.000e+00
      25444    180.000     6.0363     6.0378     0.0014    1.20183    1.20181          1     0.0253     0.9483      21.78     0.3606     0.2347  1.000e-12  0.1976000    11.0566    11.0559    -0.0006     8.6828     8.6823    178.254    182.051      0.788    1447.67    1447.68  0.000e+00
      25458    180.500     6.0364     6.0376     0.0013    1.20184    1.20183          1     0.0257     0.9457      21.35     0.3653     0.2345  1.000e-12  0.1979000    11.0566    11.0560    -0.0005     8.6828     8.6823    178.749    182.556      0.827    1447.68    1447.69  0.000e+00
      25472    181.000     6.0363     6.0377     0.0014    1.20186    1.20184          1     0.0278     0.9426      20.85     0.3762     0.2291  1.000e-12  0.1938000    11.0567    11.0560    -0.0007     8.6829     8.6823    179.244    183.061      0.802    1447.69    1447.70  0.000e+00
      25488    181.500     6.0364     6.0378     0.0014    1.20186    1.20185          1     0.0250     0.9393      20.34     0.3609     0.2073  1.000e-12  0.1949000    11.0566    11.0560    -0.0006     8.6829     8.6823    179.739    183.566      0.738    1447.70    1447.70  0.000e+00
      25505    182.000     6.0363     6.0378     0.0015    1.20188    1.20186          1     0.0245     0.9364      19.77     0.3521     0.2223  1.000e-12  0.1977000    11.0567    11.0560    -0.0006     8.6829     8.6823    180.234    184.070      0.653    1447.71    1447.71  0.000e+00
      25525    182.500     6.0363     6.0378     0.0015    1.20189    1.20187          1     0.0256     0.9337      19.16     0.3409     0.2325  1.000e-12  0.1869000    11.0567    11.0561    -0.0006     8.6829     8.6824    180.729    184.575      0.558    1447.71    1447.72  0.000e+00
      25549    183.000     6.0363     6.0377     0.0015    1.20189    1.20189          1     0.0265     0.9307      18.59     0.3586     0.2252  1.000e-12  0.2078000    11.0567    11.0561    -0.0006     8.6829     8.6824    181.224    185.080      0.525    1447.72    1447.73  0.000e+00
      25571    183.500     6.0364     6.0378     0.0014    1.20191    1.20190          1     0.0235     0.9279      18.09     0.3525     0.1631  1.000e-12  0.1916000    11.0567    11.0561    -0.0006     8.6829     8.6824    181.718    185.585      0.592    1447.73    1447.74  0.000e+00
      25589    184.000     6.0366     6.0379     0.0014    1.20192    1.20191          1     0.0235     0.9214      17.61     0.3593     0.2239  1.000e-12  0.1849000    11.0567    11.0561    -0.0005     8.6829     8.6824    182.213    186.090      0.654    1447.74    1447.74  0.000e+00
      25607    184.500     6.0366     6.0379     0.0014    1.20193    1.20192          1     0.0252     0.9204      17.12     0.3721     0.2506  1.000e-12  0.1876000    11.0567    11.0561    -0.0006     8.6829     8.6824    182.708    186.595      0.661    1447.75    1447.75  0.000e+00
      25626    185.000     6.0365     6.0379     0.0014    1.20194    1.20193          1     0.0244     0.9187      16.60     0.3238     0.2780  1.000e-12  0.1926000    11.0567    11.0561    -0.0005     8.6829     8.6824    183.203    187.100      0.631    1447.75    1447.76  0.000e+00
      25645    185.500     6.0365     6.0380     0.0015    1.20196    1.20195          1     0.0269     0.9164      16.05     0.3344     0.2360  1.000e-12  0.1924000    11.0568    11.0562    -0.0006     8.6830     8.6825    183.698    187.605      0.627    1447.76    1447.77  0.000e+00
      25664    186.000     6.0366     6.0381     0.0015    1.20198    1.20197          1     0.0247     0.9134      15.56     0.3454     0.2626  1.000e-12  0.1974000    11.0569    11.0563    -0.0006     8.6831     8.6825    184.193    188.109      0.673    1447.77    1447.78  0.000e+00
      25681    186.500     6.0368     6.0382     0.0014    1.20203    1.20200          1     0.0247     0.9101      15.07     0.3623     0.2708  1.000e-12  0.2116000    11.0572    11.0565    -0.0007     8.6833     8.6826    184.688    188.614      0.706    1447.78    1447.79  0.000e+00
      25698    187.000     6.0369     6.0384     0.0014    1.20205    1.20204          1     0.0245     0.9074      14.58     0.3523     0.2222  1.000e-12  0.1908000    11.0573    11.0567    -0.0005     8.6833     8.6828    185.183    189.119      0.683    1447.79    1447.80  0.000e+00
      25716    187.500     6.0369     6.0383     0.0014    1.20206    1.20205          1     0.0252     0.9024      14.02     0.3507     0.2044  1.000e-12  0.1919000    11.0573    11.0567    -0.0006     8.6834     8.6828    185.678    189.624      0.610    1447.80    1447.80  0.000e+00
      25738    188.000     6.0368     6.0383     0.0015    1.20207    1.20206          1     0.0248     0.9006      13.45     0.3500     0.1875  1.000e-12  0.1979000    11.0573    11.0567    -0.0006     8.6834     8.6828    186.173    190.129      0.537    1447.80    1447.81  0.000e+00
      25761    188.500     6.0369     6.0384     0.0014    1.20208    1.20208          1     0.0234     0.8995      12.90     0.3491     0.1905  1.000e-12  0.1976000    11.0573    11.0568    -0.0005     8.6834     8.6829    186.668    190.634      0.557    1447.81    1447.82  0.000e+00
      25781    189.000     6.0370     6.0385     0.0015    1.20212    1.20210          1     0.0251     0.8957      12.43     0.3374     0.2339  1.000e-12  0.2000000    11.0575    11.0569    -0.0006     8.6836     8.6830    187.163    191.139      0.643    1447.82    1447.83  0.000e+00
      25798    189.500     6.0372     6.0387     0.0015    1.20217    1.20216          1     0.0257     0.8949      11.97     0.3562     0.2602  1.000e-12  0.1889000    11.0579    11.0574    -0.0006     8.6839     8.6833    187.658    191.644      0.690    1447.83    1447.84  0.000e+00
      25816    190.000     6.0373     6.0388     0.0015    1.20218    1.20218          1     0.0241     0.8911      11.44     0.3601     0.2453  1.000e-12  0.1904000    11.0579    11.0574    -0.0005     8.6838     8.6833    188.152    192.149      0.667    1447.84    1447.85  0.000e+00
      25835    190.500     6.0373     6.0388     0.0015    1.20221    1.20220          1     0.0242     0.8870      10.92     0.3519     0.2076  1.000e-12  0.2046000    11.0581    11.0575    -0.0005     8.6840     8.6834    188.647    192.653      0.603    1447.85    1447.85  0.000e+00
      25856    191.000     6.0373     6.0388     0.0015    1.20223    1.20222          1     0.0243     0.8865      10.35     0.3492     0.2652  1.000e-12  0.1975000    11.0582    11.0576    -0.0007     8.6841     8.6835    189.142    193.158      0.580    1447.86    1447.86  0.000e+00
      25876    191.500     6.0374     6.0389     0.0015    1.20227    1.20226          1     0.0242     0.8828       9.84     0.3603     0.2220  1.000e-12  0.1937000    11.0585    11.0578    -0.0006     8.6843     8.6837    189.637    193.663      0.646    1447.87    1447.87  0.000e+00
      25893    192.000     6.0375     6.0390     0.0015    1.20228    1.20227          1     0.0245     0.8809       9.37     0.3587     0.2148  1.000e-12  0.1956000    11.0584    11.0579    -0.0006     8.6842     8.6837    190.132    194.168      0.750    1447.87    1447.88  0.000e+00
      25908    192.500     6.0376     6.0390     0.0014    1.20232    1.20230          1     0.0245     0.8790       8.92     0.3473     0.2489  1.000e-12  0.2027000    11.0588    11.0581    -0.0007     8.6845     8.6838    190.627    194.673      0.813    1447.88    1447.89  0.000e+00
      25922    193.000     6.0375     6.0391     0.0015    1.20235    1.20233          1     0.0245     0.8765       8.43     0.3598     0.2790  1.000e-12  0.2076000    11.0589    11.0583    -0.0006     8.6846     8.6840    191.122    195.178      0.786    1447.89    1447.90  0.000e+00
      25939    193.500     6.0376     6.0391     0.0015    1.20236    1.20235          1     0.0251     0.8740       7.89     0.3737     0.3215  1.000e-12  0.2096000    11.0590    11.0583    -0.0006     8.6846     8.6841    191.617    195.683      0.627    1447.90    1447.90  0.000e+00
      25967    194.000     6.0374     6.0389     0.0016    1.20237    1.20235          1     0.0244     0.8701       7.15     0.3761     0.2530  1.000e-12  0.2027000    11.0590    11.0583    -0.0007     8.6847     8.6841    192.112    196.188      0.356    1447.91    1447.91  0.000e+00
      26003    194.500     6.0375     6.0390     0.0015    1.20238    1.20237          1     0.0245     0.8654       6.48     0.3734     0.2295  1.000e-12  0.1910000    11.0591    11.0584    -0.0006     8.6847     8.6841    192.607    196.693      0.494    1447.91    1447.92  0.000e+00
      26021    195.000     6.0377     6.0392     0.0015    1.20241    1.20239          1     0.0242     0.8634       6.21     0.3764     0.2034  1.000e-12  0.1863000    11.0591    11.0584    -0.0007     8.6848     8.6841    193.101    197.197      0.736    1447.92    1447.93  0.000e+00
      26036    195.500     6.0377     6.0393     0.0016    1.20242    1.20240          1     0.0231     0.8616       5.79     0.3484     0.1636  1.000e-12  0.1924000    11.0591    11.0585    -0.0007     8.6848     8.6842    193.596    197.702      0.841    1447.93    1447.94  0.000e+00
