ctdpy/exports/archive_20191121_122431/received_data/SBE09_1044_20180204_0003_34_02_0057.cnv
* Sea-Bird SBE 9 Data File:
* FileName = C:\ctd\temp\2018\ME18D057.hex
* Software Version Seasave V 7.26.6.26
* Temperature SN = 5351
* Conductivity SN = 3941
* Number of Bytes Per Scan = 41
* Number of Voltage Words = 4
* Number of Scans Averaged by the Deck Unit = 1
* NMEA Latitude = 58 17.05 N
* NMEA Longitude = 010 30.23 E
* NMEA UTC (Time) = Feb 04 2018  00:03:22
* NMEA baud rate = 4800
** Station:  A17
** Operator:  JKro
** Ship: MERI
** Average sound velocity: 1483.03 m/s
** True-depth calculation Sun, 04 Feb 2018 01:41:24 +0000
** CTD Python Module SMHI /ver 3-12/ feb 2012 
** LIMS Job: 20183402-0057
** Cruise: SMHI-01-2018
** Latitude [GG MM.mm N] :
** Longitude [GG MM.mm E]:
# nquan = 26
# nvalues = 696                         
# units = specified
# name 0 = scan: Scan Count
# name 1 = prDM: Pressure, Digiquartz [db]
# name 2 = t090C: Temperature [ITS-90, deg C]
# name 3 = t190C: Temperature, 2 [ITS-90, deg C]
# name 4 = T2-T190C: Temperature Difference, 2 - 1 [ITS-90, deg C]
# name 5 = c0S/m: Conductivity [S/m]
# name 6 = c1S/m: Conductivity, 2 [S/m]
# name 7 = pumps: Pump Status
# name 8 = sbeox0ML/L: Oxygen, SBE 43 [ml/l]
# name 9 = sbeox1ML/L: Oxygen, SBE 43, 2 [ml/l]
# name 10 = altM: Altimeter [m]
# name 11 = flECO-AFL: Chl-a Fluorescence, WET Labs ECO-AFL/FL [mg/m^3]
# name 12 = flECO-AFL1: Phycocyanin Fluorescence, WET Labs ECO-AFL/FL, 2 [mg/m^3]
# name 13 = par: PAR/Irradiance, Biospherical/Lico [µE/(cm^2*s)]
# name 14 = turbWETntu0: Turbidity, WET Labs ECO [NTU]
# name 15 = sal00: Salinity, Practical [PSU]
# name 16 = sal11: Salinity, Practical, 2 [PSU]
# name 17 = secS-priS: Salinity, Practical, Difference, 2 - 1 [PSU]
# name 18 = sigma-t00: Density [sigma-t, Kg/m^3 ]
# name 19 = sigma-t11: Density, 2 [sigma-t, Kg/m^3 ]
# name 20 = depSM: Depth [salt water, m], lat = 58.2842
# name 21 = depFM: Depth [true depth, m], lat = 58.2842
# name 22 = dz/dtM: Descent Rate [m/s], WS = 2
# name 23 = svCM: Sound Velocity [Chen-Millero, m/s]
# name 24 = svCM1: Sound Velocity, 2 [Chen-Millero, m/s]
# name 25 = flag: flag
# span 0 =      15061,      36660       
# span 1 =      2.000,    349.500       
# span 2 =     4.3334,     8.7297       
# span 3 =     4.3331,     8.7289       
# span 4 =    -0.3802,     0.0872       
# span 5 =   2.938489,   3.692944       
# span 6 =   2.938507,   3.693070       
# span 7 =          1,          1       
# span 8 =    5.27037,    7.10026       
# span 9 =    4.50980,    7.28168       
# span 10 =       1.14,     103.00      
# span 11 =     0.0076,     0.8936      
# span 12 =     0.2426,     0.4372      
# span 13 = -2.168e-03, 2.3897e-01      
# span 14 =     0.1460,     1.2177      
# span 15 =    30.9320,    35.0923      
# span 16 =    30.9327,    35.0934      
# span 17 =    -0.4137,     0.1791      
# span 18 =    24.5189,    27.4184      
# span 19 =    24.5194,    27.4191      
# span 20 =      1.981,    345.960      
# span 21 =      1.988,    346.563      
# span 22 =     -0.220,      1.219      
# span 23 =    1462.82,    1486.83      
# span 24 =    1462.82,    1486.84      
# span 25 = 0.0000e+00, 0.0000e+00      
# interval = decibars: 0.5              
# start_time = Feb 04 2018 00:03:23 [NMEA time, first data scan]
# bad_flag = -9.990e-29
*END*
[from data line 279]
      23128    141.500     8.4085     8.4085    -0.0000    3.67438    3.67448          1     5.2890     5.3293      98.71     0.0195     0.3339  1.000e-12  0.1668000    35.0923    35.0934     0.0011    27.2840    27.2849    140.137    140.355      0.843    1486.45    1486.45  0.000e+00
      23147    142.000     8.3456     8.3621     0.0160    3.66805    3.67002          1     5.2968     5.3468      98.71     0.0271     0.3171  1.000e-12  0.1736000    35.0875    35.0919     0.0044    27.2899    27.2909    140.632    140.850      0.508    1486.22    1486.28  0.000e+00
      23217    142.500     8.3831     8.3689    -0.0136    3.67101    3.67021          1     5.3144     4.9279      98.71     0.0337     0.3236  1.000e-12  0.1642000    35.0812    35.0870     0.0057    27.2793    27.2859    141.127    141.346      0.300    1486.36    1486.31  0.000e+00
      23253    143.000     8.2719     8.2509    -0.0214    3.65945    3.65737          1     5.3937     5.4130      98.71     0.0413     0.3308  1.000e-12  0.1542000    35.0687    35.0674    -0.0013    27.2866    27.2887    141.622    141.842      0.566    1485.93    1485.85  0.000e+00
      23271    143.500     8.2383     8.1549    -0.0824    3.65604    3.64694          1     5.4407     5.5889      98.71     0.0272     0.3213  1.000e-12  0.1550000    35.0655    35.0516    -0.0139    27.2892    27.2910    142.118    142.338      0.706    1485.81    1485.48  0.000e+00
      23287    144.000     8.1499     8.1506     0.0007    3.64629    3.64646          1     5.4473     5.4648      98.71     0.0439     0.3200  1.000e-12  0.1844000    35.0494    35.0505     0.0011    27.2901    27.2908    142.612    142.833      0.732    1485.47    1485.47  0.000e+00
      23304    144.500     8.1533     8.1552     0.0020    3.64666    3.64696          1     5.4526     5.4568      98.71     0.0462     0.3158  1.000e-12  0.1840000    35.0497    35.0509     0.0012    27.2898    27.2904    143.107    143.329      0.636    1485.49    1485.50  0.000e+00
      23328    145.000     8.1487     8.1546     0.0059    3.64614    3.64693          1     5.4598     5.4503      98.71     0.0468     0.3117  1.000e-12  0.1735000    35.0485    35.0510     0.0025    27.2895    27.2906    143.602    143.825      0.356    1485.48    1485.50  0.000e+00
      23401    145.500     8.1828     8.1894     0.0067    3.64980    3.65049          1     5.4257     5.4442      98.71     0.0306     0.2919  1.000e-12  0.1569000    35.0533    35.0541     0.0008    27.2881    27.2877    144.097    144.321      0.352    1485.62    1485.65  0.000e+00
      23426    146.000     8.1316     8.1268    -0.0047    3.64439    3.64402          1     5.4496     5.4641      98.71     0.0408     0.3038  1.000e-12  0.1617000    35.0464    35.0471     0.0007    27.2905    27.2917    144.593    144.816      0.668    1485.43    1485.41  0.000e+00
      23441    146.500     8.1088     8.1117     0.0026    3.64180    3.64227          1     5.4584     5.4667      98.71     0.0592     0.3151  1.000e-12  0.1721000    35.0411    35.0433     0.0022    27.2898    27.2911    145.087    145.312      0.793    1485.34    1485.36  0.000e+00
      23455    147.000     8.0826     8.0776    -0.0044    3.63865    3.63843          1     5.4714     5.4748      98.71     0.0562     0.3199  1.000e-12  0.1745000    35.0333    35.0359     0.0026    27.2876    27.2904    145.583    145.808      0.778    1485.24    1485.23  0.000e+00
      23472    147.500     8.0302     8.0385     0.0084    3.63310    3.63423          1     5.5080     5.5160      98.71     0.0490     0.2914  1.000e-12  0.1788000    35.0260    35.0298     0.0038    27.2898    27.2915    146.077    146.304      0.594    1485.04    1485.08  0.000e+00
      23521    148.000     8.0385     8.0487     0.0100    3.63418    3.63523          1     5.5094     5.5296      98.71     0.1011     0.3310  1.000e-12  0.1991000    35.0289    35.0300     0.0011    27.2908    27.2901    146.572    146.799      0.293    1485.09    1485.13  0.000e+00
      23573    148.500     8.0178     7.9850    -0.0323    3.63203    3.62830          1     5.5240     5.5027      98.71     0.0549     0.3038  1.000e-12  0.1647000    35.0263    35.0191    -0.0073    27.2919    27.2911    147.067    147.295      0.558    1485.02    1484.88  0.000e+00
      23590    149.000     7.9057     7.8948    -0.0115    3.61956    3.61868          1     5.5912     5.5510      98.71     0.0552     0.2778  1.000e-12  0.1816000    35.0042    35.0057     0.0015    27.2914    27.2941    147.562    147.791      0.750    1484.57    1484.53  0.000e+00
      23604    149.500     7.8514     7.8513    -0.0001    3.61399    3.61408          1     5.6217     5.7042      98.71     0.0588     0.3219  1.000e-12  0.1914000    34.9983    34.9994     0.0011    27.2948    27.2957    148.058    148.286      0.791    1484.37    1484.37  0.000e+00
      23620    150.000     7.8385     7.8388     0.0003    3.61264    3.61278          1     5.6427     5.8033      98.71     0.0599     0.3279  1.000e-12  0.2000000    34.9964    34.9976     0.0012    27.2952    27.2961    148.552    148.782      0.688    1484.32    1484.33  0.000e+00
      23642    150.500     7.8249     7.8247    -0.0002    3.61127    3.61146          1     5.6620     5.6413      98.71     0.0595     0.3265  1.000e-12  0.1992000    34.9952    34.9973     0.0021    27.2963    27.2980    149.047    149.278      0.374    1484.28    1484.28  0.000e+00
      23716    151.000     7.9156     7.9321     0.0163    3.62095    3.62271          1     5.5583     5.5539      98.70     0.0567     0.3068  1.000e-12  0.1705000    35.0083    35.0107     0.0025    27.2930    27.2925    149.542    149.774      0.369    1484.65    1484.71  0.000e+00
      23736    151.500     7.8174     7.8299     0.0126    3.61063    3.61201          1     5.5867     5.8524      98.70     0.0554     0.3049  1.000e-12  0.1766000    34.9952    34.9976     0.0024    27.2974    27.2974    150.037    150.269      0.618    1484.27    1484.32  0.000e+00
      23753    152.000     7.8177     7.8174    -0.0003    3.61063    3.61073          1     5.6118     5.8360      98.71     0.0595     0.3348  1.000e-12  0.1914000    34.9946    34.9960     0.0014    27.2969    27.2980    150.532    150.765      0.666    1484.28    1484.28  0.000e+00
      23772    152.500     7.8184     7.8183    -0.0002    3.61077    3.61087          1     5.6343     5.7736      98.70     0.0667     0.3476  1.000e-12  0.1969000    34.9953    34.9965     0.0012    27.2973    27.2983    151.027    151.261      0.617    1484.29    1484.29  0.000e+00
      23793    153.000     7.8143     7.8145     0.0002    3.61039    3.61052          1     5.6475     5.6095      98.71     0.0598     0.3459  1.000e-12  0.1962000    34.9950    34.9963     0.0013    27.2977    27.2987    151.522    151.757      0.484    1484.28    1484.28  0.000e+00
      23829    153.500     7.8112     7.8104    -0.0007    3.61035    3.61040          1     5.6509     5.6501      98.71     0.0662     0.3111  1.000e-12  0.1872000    34.9974    34.9987     0.0013    27.3001    27.3012    152.017    152.252      0.256    1484.28    1484.28  0.000e+00
      23883    154.000     7.8080     7.8098     0.0018    3.61012    3.61042          1     5.6253     5.6716      98.71     0.0689     0.3219  1.000e-12  0.1736000    34.9980    34.9993     0.0013    27.3010    27.3018    152.512    152.748      0.370    1484.28    1484.28  0.000e+00
      23905    154.500     7.7950     7.7932    -0.0018    3.60884    3.60878          1     5.6322     5.6284      98.71     0.0628     0.3197  1.000e-12  0.1930000    34.9969    34.9981     0.0012    27.3021    27.3033    153.007    153.244      0.610    1484.24    1484.23  0.000e+00
      23923    155.000     7.7605     7.7588    -0.0018    3.60529    3.60524          1     5.6522     5.5239      98.71     0.0642     0.3211  1.000e-12  0.1913000    34.9929    34.9941     0.0012    27.3041    27.3053    153.502    153.740      0.649    1484.11    1484.10  0.000e+00
      23942    155.500     7.7475     7.7467    -0.0008    3.60398    3.60400          1     5.6551     5.6698      98.71     0.0600     0.3198  1.000e-12  0.1891000    34.9915    34.9926     0.0010    27.3049    27.3058    153.997    154.235      0.563    1484.06    1484.06  0.000e+00
      23968    156.000     7.7620     7.7611    -0.0009    3.60579    3.60578          1     5.6413     5.4112      98.71     0.0629     0.2974  1.000e-12  0.1879000    34.9963    34.9972     0.0009    27.3065    27.3073    154.492    154.731      0.387    1484.13    1484.13  0.000e+00
      24006    156.500     7.7819     7.7810    -0.0010    3.60819    3.60812          1     5.6329     5.7323      98.71     0.0789     0.3171  1.000e-12  0.1904000    35.0020    35.0022     0.0001    27.3081    27.3083    154.987    155.227      0.325    1484.23    1484.22  0.000e+00
      24039    157.000     7.7916     7.7898    -0.0018    3.60935    3.60921          1     5.6190     5.6522      98.71     0.0799     0.3113  1.000e-12  0.1844000    35.0046    35.0048     0.0002    27.3086    27.3090    155.482    155.723      0.374    1484.27    1484.27  0.000e+00
      24071    157.500     7.8054     7.8042    -0.0012    3.61105    3.61100          1     5.6051     5.6276      98.71     0.0570     0.3209  1.000e-12  0.1869000    35.0089    35.0095     0.0006    27.3100    27.3106    155.977    156.218      0.385    1484.34    1484.34  0.000e+00
      24100    158.000     7.8062     7.8063     0.0002    3.61123    3.61134          1     5.6030     5.6797      98.71     0.0681     0.3209  1.000e-12  0.1907000    35.0097    35.0108     0.0011    27.3105    27.3113    156.472    156.714      0.491    1484.35    1484.35  0.000e+00
      24122    158.500     7.8051     7.8051    -0.0000    3.61114    3.61126          1     5.6045     5.9519      98.71     0.0661     0.3404  1.000e-12  0.1891000    35.0097    35.0110     0.0013    27.3106    27.3116    156.967    157.210      0.564    1484.36    1484.36  0.000e+00
      24143    159.000     7.8017     7.8024     0.0007    3.61084    3.61099          1     5.6005     5.8127      98.71     0.0602     0.3428  1.000e-12  0.1911000    35.0096    35.0105     0.0009    27.3110    27.3116    157.462    157.705      0.522    1484.35    1484.35  0.000e+00
      24170    159.500     7.7967     7.7968     0.0001    3.61050    3.61057          1     5.6020     5.5411      98.71     0.0627     0.3379  1.000e-12  0.1910000    35.0106    35.0114     0.0007    27.3126    27.3132    157.957    158.201      0.364    1484.34    1484.34  0.000e+00
      24212    160.000     7.8183     7.8198     0.0015    3.61305    3.61334          1     5.5800     5.6389      98.71     0.0521     0.3278  1.000e-12  0.1849000    35.0164    35.0179     0.0016    27.3139    27.3149    158.452    158.697      0.296    1484.44    1484.45  0.000e+00
      24244    160.500     7.8384     7.8341    -0.0043    3.61563    3.61531          1     5.5590     5.6027      98.71     0.0693     0.3669  1.000e-12  0.1802000    35.0236    35.0245     0.0009    27.3166    27.3180    158.947    159.193      0.499    1484.53    1484.52  0.000e+00
      24265    161.000     7.8443     7.8444     0.0001    3.61651    3.61660          1     5.5345     5.5808      98.71     0.0683     0.2895  1.000e-12  0.1914000    35.0270    35.0280     0.0009    27.3184    27.3191    159.442    159.688      0.611    1484.57    1484.57  0.000e+00
      24284    161.500     7.8489     7.8511     0.0022    3.61712    3.61748          1     5.5411     5.5822      98.71     0.0616     0.3181  1.000e-12  0.1825000    35.0288    35.0304     0.0016    27.3192    27.3201    159.937    160.184      0.559    1484.59    1484.60  0.000e+00
      24319    162.000     7.8464     7.8478     0.0014    3.61688    3.61715          1     5.5550     5.3403      98.71     0.0653     0.3060  1.000e-12  0.1841000    35.0285    35.0300     0.0015    27.3192    27.3202    160.432    160.680      0.299    1484.59    1484.60  0.000e+00
      24372    162.500     7.8469     7.8472     0.0004    3.61695    3.61711          1     5.5412     5.6275      98.71     0.0764     0.3088  1.000e-12  0.1901000    35.0285    35.0298     0.0014    27.3192    27.3202    160.927    161.176      0.488    1484.60    1484.61  0.000e+00
      24389    163.000     7.8638     7.8686     0.0047    3.61913    3.61976          1     5.5387     5.5647      98.71     0.0587     0.3370  1.000e-12  0.1801000    35.0347    35.0367     0.0021    27.3215    27.3225    161.422    161.671      0.744    1484.68    1484.70  0.000e+00
      24403    163.500     7.8785     7.8790     0.0006    3.62085    3.62101          1     5.5335     5.5579      98.71     0.0602     0.3394  1.000e-12  0.1821000    35.0383    35.0395     0.0012    27.3222    27.3231    161.917    162.167      0.822    1484.75    1484.75  0.000e+00
      24417    164.000     7.8836     7.8844     0.0008    3.62148    3.62166          1     5.5264     5.5553      98.71     0.0596     0.3513  1.000e-12  0.1843000    35.0397    35.0409     0.0011    27.3225    27.3233    162.412    162.663      0.735    1484.78    1484.78  0.000e+00
      24449    164.500     7.8816     7.8813    -0.0001    3.62116    3.62130          1     5.5195     5.5508      98.71     0.0641     0.3295  1.000e-12  0.1795000    35.0381    35.0398     0.0017    27.3216    27.3230    162.907    163.158      0.398    1484.78    1484.78  0.000e+00
      24519    165.000     7.8747     7.8780     0.0032    3.62040    3.62095          1     5.5305     5.9761      98.71     0.0589     0.3111  1.000e-12  0.1607000    35.0365    35.0392     0.0027    27.3213    27.3230    163.402    163.654      0.499    1484.76    1484.78  0.000e+00
      24534    165.500     7.8867     7.8843    -0.0023    3.62184    3.62169          1     5.5317     5.7898      98.71     0.0609     0.3090  1.000e-12  0.1745000    35.0398    35.0406     0.0008    27.3221    27.3231    163.897    164.150      0.743    1484.82    1484.81  0.000e+00
      24549    166.000     7.8866     7.8876     0.0010    3.62186    3.62207          1     5.5216     5.4498      98.71     0.0600     0.2896  1.000e-12  0.1806000    35.0398    35.0410     0.0012    27.3222    27.3230    164.392    164.646      0.786    1484.83    1484.83  0.000e+00
      24564    166.500     7.8842     7.8835    -0.0007    3.62162    3.62164          1     5.5175     5.4172      98.71     0.0682     0.3090  1.000e-12  0.2084000    35.0394    35.0404     0.0009    27.3222    27.3231    164.887    165.141      0.673    1484.82    1484.82  0.000e+00
      24588    167.000     7.8473     7.8495     0.0022    3.61773    3.61812          1     5.5397     5.5682      98.71     0.0453     0.3127  1.000e-12  0.1829000    35.0342    35.0362     0.0020    27.3236    27.3249    165.382    165.637      0.354    1484.69    1484.70  0.000e+00
      24650    167.500     7.8086     7.7882    -0.0205    3.61367    3.61167          1     5.6048     5.6164      98.71     0.0691     0.3222  1.000e-12  0.1607000    35.0290    35.0280    -0.0010    27.3253    27.3275    165.877    166.133      0.315    1484.54    1484.46  0.000e+00
      24675    168.000     7.7836     7.7820    -0.0016    3.61126    3.61116          1     5.5960     5.5784      98.71     0.0660     0.2526  1.000e-12  0.1801000    35.0279    35.0284     0.0005    27.3281    27.3287    166.372    166.628      0.569    1484.45    1484.45  0.000e+00
      24694    168.500     7.7683     7.7648    -0.0034    3.60968    3.60943          1     5.6030     5.7153      98.71     0.0591     0.2868  1.000e-12  0.1856000    35.0259    35.0267     0.0008    27.3288    27.3300    166.867    167.124      0.649    1484.40    1484.39  0.000e+00
