ctdpy/exports/archive_20191121_122431/received_data/SBE09_0827_20180301_0538_26_01_0335.cnv
* Sea-Bird SBE 9 Data File:
* FileName = D:\CTD_SBE911\DAT\26DA.2018.3.35.hex
* Software Version Seasave V 7.21d
* Temperature SN = 034757
* Conductivity SN = 041844
* Number of Bytes Per Scan = 48
* Number of Voltage Words = 5
* Number of Scans Averaged by the Deck Unit = 1
* NMEA Latitude = 57 14.81 N
* NMEA Longitude = 019 05.90 E
* NMEA UTC (Time) = Mar 01 2018  05:39:20
* NMEA baud rate = 4800
** Ship: DANA
** Average sound velocity: 1430.01 m/s
** True-depth calculation Tue, 02 Apr 2019 12:08:28 +0000
** CTD Python Module SMHI /ver 3-12/ feb 2012 
** LIMS Job: 20182601-0335
** Operator:
** Cruise: 02/2018
# nquan = 26
# nvalues = 170                         
# units = specified
# name 0 = scan: Scan Count
# name 1 = prDM: Pressure, Digiquartz [db]
# name 2 = t090C: Temperature [ITS-90, deg C]
# name 3 = t190C: Temperature, 2 [ITS-90, deg C]
# name 4 = T2-T190C: Temperature Difference, 2 - 1 [ITS-90, deg C]
# name 5 = c0S/m: Conductivity [S/m]
# name 6 = c1S/m: Conductivity, 2 [S/m]
# name 7 = pumps: Pump Status
# name 8 = sbeox1ML/L: Oxygen, SBE 43, 2 [ml/l]
# name 9 = sbeox0ML/L: Oxygen, SBE 43 [ml/l]
# name 10 = altM: Altimeter [m]
# name 11 = chloroflTC0: Chlorophyll, Turner Cyclops [ug/l]
# name 12 = cpar: CPAR/Corrected Irradiance [%]
# name 13 = par: PAR/Irradiance, Biospherical/Lico [µE/(cm^2*s)]
# name 14 = spar: SPAR, Biospherical/Licor
# name 15 = sal00: Salinity, Practical [PSU]
# name 16 = sal11: Salinity, Practical, 2 [PSU]
# name 17 = secS-priS: Salinity, Practical, Difference, 2 - 1 [PSU]
# name 18 = sigma-t00: Density [sigma-t, kg/m^3 ]
# name 19 = sigma-t11: Density, 2 [sigma-t, kg/m^3 ]
# name 20 = depSM: Depth [salt water, m], lat = 57.2468
# name 21 = depFM: Depth [true depth, m], lat = 57.2468
# name 22 = dz/dtM: Descent Rate [m/s], WS = 2
# name 23 = svCM: Sound Velocity [Chen-Millero, m/s]
# name 24 = svCM1: Sound Velocity, 2 [Chen-Millero, m/s]
# name 25 = flag: flag
# span 0 =        -57,       8536       
# span 1 =      2.000,     86.500       
# span 2 =     3.0565,     5.7502       
# span 3 =     3.0547,     5.7492       
# span 4 =    -1.2910,     0.0050       
# span 5 =   0.758396,   1.105407       
# span 6 =   0.757550,   1.104531       
# span 7 =          1,          1       
# span 8 =     0.2071,     8.5756       
# span 9 =     0.2323,     8.4676       
# span 10 =      -0.53,       9.97      
# span 11 =     0.0115,     0.0161      
# span 12 = 7.0344e-12, 3.0332e+00      
# span 13 = 1.0000e-12, 2.4640e-01      
# span 14 = 8.1233e+00, 1.4216e+01      
# span 15 =     7.3906,    10.2034      
# span 16 =     7.3829,    10.1946      
# span 17 =    -1.1741,    -0.0062      
# span 18 =     5.8914,     8.0284      
# span 19 =     5.8854,     8.0214      
# span 20 =      1.982,     85.686      
# span 21 =      2.025,     87.564      
# span 22 =     -0.152,      0.735      
# span 23 =    1426.97,    1443.88      
# span 24 =    1426.96,    1443.87      
# span 25 = 0.0000e+00, 0.0000e+00      
# interval = decibars: 0.5              
# start_time = Mar 01 2018 05:39:20 [NMEA time, first data scan]
# bad_flag = -9.990e-29
*END*
        -57      2.000     3.0565     3.0547    -0.0018    0.75840    0.75755          1     8.4528     8.4198       9.97     0.0122  3.033e+00  2.464e-01  8.123e+00     7.3920     7.3835    -0.0085     5.8927     5.8860      1.982      2.025     -0.042    1426.97    1426.96  0.000e+00
        165      2.500     3.0624     3.0625     0.0001    0.75853    0.75770          1     8.4399     8.4342       9.97     0.0122  2.364e+00  1.920e-01  8.123e+00     7.3919     7.3833    -0.0087     5.8926     5.8857      2.477      2.531      0.385    1427.01    1427.00  0.000e+00
        277      3.000     3.0640     3.0618    -0.0022    0.75857    0.75770          1     8.4634     8.4298       9.97     0.0123  1.992e+00  1.618e-01  8.123e+00     7.3919     7.3833    -0.0086     5.8925     5.8857      2.972      3.038      0.586    1427.03    1427.01  0.000e+00
        303      3.500     3.0681     3.0611    -0.0070    0.75868    0.75770          1     8.4803     8.4238       9.97     0.0128  1.212e+00  9.847e-02  8.123e+00     7.3921     7.3834    -0.0087     5.8926     5.8858      3.468      3.544      0.735    1427.06    1427.01  0.000e+00
        322      4.000     3.0686     3.0662    -0.0024    0.75869    0.75777          1     8.4933     8.4343       9.97     0.0122  5.678e-01  4.612e-02  8.123e+00     7.3919     7.3829    -0.0090     5.8925     5.8854      3.963      4.050      0.530    1427.07    1427.04  0.000e+00
        410      4.500     3.0670     3.0670    -0.0000    0.75865    0.75783          1     8.4645     8.4395       9.97     0.0122  2.172e-01  1.764e-02  8.123e+00     7.3918     7.3832    -0.0086     5.8925     5.8856      4.458      4.557      0.274    1427.07    1427.05  0.000e+00
        457      5.000     3.0681     3.0691     0.0009    0.75868    0.75788          1     8.4542     8.4388       9.97     0.0122  1.268e-02  1.030e-03  8.123e+00     7.3918     7.3832    -0.0086     5.8924     5.8856      4.954      5.063      0.379    1427.08    1427.07  0.000e+00
        494      5.500     3.0674     3.0697     0.0023    0.75867    0.75790          1     8.5047     8.4444       9.97     0.0126  4.415e-04  3.586e-05  8.123e+00     7.3918     7.3833    -0.0085     5.8924     5.8856      5.449      5.569      0.279    1427.08    1427.08  0.000e+00
        548      6.000     3.0681     3.0690     0.0009    0.75869    0.75790          1     8.5357     8.4444       9.97     0.0122  1.231e-11  1.000e-12  8.123e+00     7.3918     7.3833    -0.0085     5.8924     5.8856      5.945      6.075      0.224    1427.09    1427.09  0.000e+00
        589      6.500     3.0658     3.0679     0.0021    0.75864    0.75789          1     8.5255     8.4514       9.97     0.0122  1.231e-11  1.000e-12  8.123e+00     7.3917     7.3833    -0.0084     5.8924     5.8857      6.440      6.582      0.381    1427.09    1427.09  0.000e+00
        623      7.000     3.0661     3.0697     0.0036    0.75865    0.75792          1     8.5323     8.4554       9.97     0.0123  1.231e-11  1.000e-12  8.123e+00     7.3917     7.3832    -0.0085     5.8924     5.8855      6.935      7.088      0.284    1427.10    1427.11  0.000e+00
        680      7.500     3.0682     3.0683     0.0001    0.75870    0.75790          1     8.5388     8.4548       9.97     0.0123  1.231e-11  1.000e-12  8.123e+00     7.3917     7.3833    -0.0084     5.8924     5.8857      7.431      7.594      0.224    1427.12    1427.11  0.000e+00
        731      8.000     3.0657     3.0691     0.0034    0.75865    0.75792          1     8.5391     8.4487       9.97     0.0123  1.231e-11  1.000e-12  8.123e+00     7.3917     7.3832    -0.0085     5.8924     5.8856      7.926      8.101      0.210    1427.11    1427.12  0.000e+00
        795      8.500     3.0634     3.0684     0.0050    0.75860    0.75792          1     8.5307     8.4472       9.97     0.0123  1.231e-11  1.000e-12  8.123e+00     7.3916     7.3833    -0.0083     5.8923     5.8857      8.422      8.607      0.248    1427.11    1427.12  0.000e+00
        832      9.000     3.0612     3.0652     0.0039    0.75856    0.75786          1     8.5384     8.4462       9.97     0.0125  1.231e-11  1.000e-12  8.123e+00     7.3916     7.3834    -0.0083     5.8924     5.8857      8.917      9.113      0.393    1427.11    1427.12  0.000e+00
        864      9.500     3.0607     3.0654     0.0047    0.75855    0.75786          1     8.5417     8.4577       9.97     0.0122  1.231e-11  1.000e-12  8.123e+00     7.3916     7.3832    -0.0084     5.8924     5.8856      9.412      9.619      0.279    1427.12    1427.13  0.000e+00
        940     10.000     3.0609     3.0618     0.0010    0.75857    0.75779          1     8.5389     8.4594       9.97     0.0134  1.231e-11  1.000e-12  8.123e+00     7.3916     7.3833    -0.0083     5.8924     5.8857      9.908     10.126      0.304    1427.12    1427.12  0.000e+00
        971     10.500     3.0607     3.0628     0.0021    0.75857    0.75781          1     8.5438     8.4407       9.97     0.0134  1.231e-11  1.000e-12  8.123e+00     7.3916     7.3832    -0.0084     5.8923     5.8856     10.403     10.632      0.374    1427.13    1427.13  0.000e+00
       1034     11.000     3.0606     3.0623     0.0016    0.75857    0.75781          1     8.5484     8.4344       9.97     0.0127  1.231e-11  1.000e-12  8.123e+00     7.3916     7.3832    -0.0084     5.8924     5.8857     10.898     11.138      0.249    1427.14    1427.14  0.000e+00
       1095     11.500     3.0601     3.0610     0.0009    0.75857    0.75779          1     8.5410     8.4388       9.97     0.0122  1.231e-11  1.000e-12  8.123e+00     7.3916     7.3832    -0.0084     5.8924     5.8857     11.394     11.645      0.434    1427.14    1427.14  0.000e+00
       1119     12.000     3.0599     3.0621     0.0022    0.75857    0.75782          1     8.5331     8.4457       9.97     0.0126  1.231e-11  1.000e-12  8.123e+00     7.3916     7.3832    -0.0084     5.8924     5.8856     11.889     12.151      0.442    1427.15    1427.15  0.000e+00
       1173     12.500     3.0608     3.0626     0.0018    0.75860    0.75784          1     8.5400     8.4454       9.97     0.0131  1.231e-11  1.000e-12  8.123e+00     7.3916     7.3832    -0.0084     5.8924     5.8857     12.385     12.657      0.263    1427.16    1427.16  0.000e+00
       1230     13.000     3.0602     3.0620     0.0017    0.75859    0.75782          1     8.5407     8.4446       9.97     0.0134  1.231e-11  1.000e-12  8.123e+00     7.3916     7.3832    -0.0084     5.8923     5.8856     12.880     13.163      0.411    1427.17    1427.16  0.000e+00
       1258     13.500     3.0596     3.0636     0.0039    0.75858    0.75787          1     8.5465     8.4507       9.97     0.0135  1.231e-11  1.000e-12  8.123e+00     7.3916     7.3832    -0.0083     5.8923     5.8856     13.375     13.670      0.340    1427.17    1427.18  0.000e+00
       1335     14.000     3.0593     3.0612     0.0018    0.75858    0.75782          1     8.5394     8.4577       9.97     0.0136  1.231e-11  1.000e-12  8.123e+00     7.3916     7.3832    -0.0084     5.8924     5.8857     13.871     14.176      0.274    1427.18    1427.18  0.000e+00
       1375     14.500     3.0597     3.0613     0.0017    0.75860    0.75783          1     8.5409     8.4518       9.97     0.0139  1.231e-11  1.000e-12  8.123e+00     7.3916     7.3831    -0.0084     5.8923     5.8856     14.366     14.682      0.374    1427.19    1427.19  0.000e+00
       1409     15.000     3.0599     3.0623     0.0025    0.75861    0.75787          1     8.5524     8.4442       9.97     0.0139  1.231e-11  1.000e-12  8.123e+00     7.3916     7.3833    -0.0083     5.8924     5.8857     14.861     15.189      0.254    1427.20    1427.20  0.000e+00
       1488     15.500     3.0583     3.0612     0.0029    0.75858    0.75785          1     8.5489     8.4604       9.97     0.0145  1.231e-11  1.000e-12  8.123e+00     7.3915     7.3833    -0.0083     5.8923     5.8857     15.357     15.695      0.275    1427.20    1427.20  0.000e+00
       1519     16.000     3.0578     3.0603     0.0025    0.75857    0.75783          1     8.5511     8.4543       9.97     0.0139  1.231e-11  1.000e-12  8.123e+00     7.3915     7.3832    -0.0083     5.8923     5.8857     15.852     16.201      0.380    1427.20    1427.21  0.000e+00
       1554     16.500     3.0589     3.0611     0.0022    0.75861    0.75786          1     8.5649     8.4506       9.97     0.0149  1.231e-11  1.000e-12  8.123e+00     7.3916     7.3832    -0.0083     5.8924     5.8857     16.348     16.707      0.227    1427.22    1427.22  0.000e+00
       1641     17.000     3.0694     3.0621    -0.0074    0.75888    0.75788          1     8.5652     8.4676       9.97     0.0138  1.231e-11  1.000e-12  8.123e+00     7.3920     7.3832    -0.0088     5.8925     5.8856     16.843     17.214      0.285    1427.27    1427.23  0.000e+00
       1673     17.500     3.0751     3.0665    -0.0086    0.75904    0.75799          1     8.5598     8.4594       9.97     0.0142  1.231e-11  1.000e-12  8.123e+00     7.3922     7.3833    -0.0089     5.8927     5.8856     17.338     17.720      0.376    1427.31    1427.26  0.000e+00
       1711     18.000     3.0786     3.0701    -0.0084    0.75911    0.75809          1     8.5522     8.4546       9.97     0.0146  1.231e-11  1.000e-12  8.123e+00     7.3921     7.3834    -0.0088     5.8926     5.8857     17.834     18.226      0.233    1427.33    1427.28  0.000e+00
       1798     18.500     3.0767     3.0777     0.0010    0.75905    0.75829          1     8.5477     8.4483       9.97     0.0138  1.231e-11  1.000e-12  8.123e+00     7.3918     7.3836    -0.0082     5.8924     5.8858     18.329     18.733      0.286    1427.33    1427.32  0.000e+00
       1834     19.000     3.0775     3.0780     0.0005    0.75907    0.75829          1     8.5578     8.4438       9.97     0.0153  1.231e-11  1.000e-12  8.123e+00     7.3918     7.3835    -0.0082     5.8923     5.8857     18.824     19.239      0.274    1427.34    1427.33  0.000e+00
       1896     19.500     3.0753     3.0773     0.0020    0.75901    0.75828          1     8.5533     8.4511       9.97     0.0153  1.231e-11  1.000e-12  8.123e+00     7.3917     7.3835    -0.0082     5.8922     5.8857     19.320     19.745      0.237    1427.34    1427.34  0.000e+00
       1941     20.000     3.0746     3.0764     0.0019    0.75900    0.75826          1     8.5561     8.4565       9.97     0.0146  1.231e-11  1.000e-12  8.123e+00     7.3916     7.3834    -0.0082     5.8922     5.8857     19.815     20.251      0.284    1427.34    1427.34  0.000e+00
       1993     20.500     3.0745     3.0759     0.0014    0.75900    0.75825          1     8.5556     8.4551       9.97     0.0135  1.231e-11  1.000e-12  8.123e+00     7.3916     7.3834    -0.0082     5.8922     5.8856     20.310     20.758      0.232    1427.35    1427.35  0.000e+00
       2036     21.000     3.0743     3.0756     0.0013    0.75900    0.75825          1     8.5446     8.4465       9.97     0.0134  1.231e-11  1.000e-12  8.123e+00     7.3916     7.3833    -0.0082     5.8922     5.8856     20.806     21.264      0.386    1427.36    1427.35  0.000e+00
       2064     21.500     3.0757     3.0757     0.0000    0.75905    0.75826          1     8.5553     8.4506       9.97     0.0127  1.231e-11  1.000e-12  8.123e+00     7.3917     7.3833    -0.0083     5.8922     5.8856     21.301     21.770      0.367    1427.37    1427.36  0.000e+00
       2141     22.000     3.0745     3.0753     0.0008    0.75902    0.75826          1     8.5532     8.4521       9.97     0.0120  1.231e-11  1.000e-12  8.123e+00     7.3915     7.3834    -0.0081     5.8922     5.8857     21.796     22.277      0.228    1427.37    1427.37  0.000e+00
       2211     22.500     3.0736     3.0745     0.0008    0.75899    0.75823          1     8.5375     8.4504       9.97     0.0119  1.231e-11  1.000e-12  8.123e+00     7.3914     7.3833    -0.0081     5.8920     5.8856     22.292     22.783      0.383    1427.38    1427.37  0.000e+00
       2235     23.000     3.0733     3.0748     0.0014    0.75899    0.75824          1     8.5538     8.4505       9.97     0.0122  1.231e-11  1.000e-12  8.123e+00     7.3913     7.3832    -0.0081     5.8920     5.8855     22.787     23.289      0.501    1427.39    1427.38  0.000e+00
       2260     23.500     3.0730     3.0744     0.0013    0.75899    0.75825          1     8.5685     8.4503       9.97     0.0122  1.231e-11  1.000e-12  8.123e+00     7.3913     7.3833    -0.0080     5.8920     5.8856     23.282     23.795      0.423    1427.39    1427.39  0.000e+00
       2308     24.000     3.0740     3.0743     0.0003    0.75902    0.75824          1     8.5648     8.4502       9.97     0.0122  1.231e-11  1.000e-12  8.123e+00     7.3913     7.3832    -0.0081     5.8920     5.8855     23.778     24.302      0.197    1427.40    1427.39  0.000e+00
       2381     24.500     3.0748     3.0750     0.0003    0.75905    0.75826          1     8.5478     8.4574       9.97     0.0123  1.231e-11  1.000e-12  8.123e+00     7.3915     7.3832    -0.0083     5.8921     5.8855     24.273     24.808      0.311    1427.41    1427.41  0.000e+00
       2410     25.000     3.0744     3.0754     0.0010    0.75904    0.75829          1     8.5498     8.4490       9.97     0.0126  1.231e-11  1.000e-12  8.123e+00     7.3914     7.3833    -0.0082     5.8921     5.8855     24.768     25.314      0.428    1427.42    1427.42  0.000e+00
       2439     25.500     3.0739     3.0753     0.0013    0.75904    0.75830          1     8.5552     8.4609       9.97     0.0125  1.231e-11  1.000e-12  8.123e+00     7.3914     7.3833    -0.0080     5.8920     5.8856     25.264     25.821      0.326    1427.43    1427.42  0.000e+00
       2550     26.000     3.0734     3.0742     0.0009    0.75903    0.75828          1     8.5373     8.4454       9.97     0.0122  1.231e-11  1.000e-12  8.123e+00     7.3913     7.3833    -0.0081     5.8920     5.8856     25.759     26.327      0.414    1427.43    1427.43  0.000e+00
       2566     26.500     3.0731     3.0747     0.0016    0.75903    0.75829          1     8.5473     8.4394       9.97     0.0122  1.231e-11  1.000e-12  8.123e+00     7.3913     7.3832    -0.0081     5.8920     5.8855     26.254     26.833      0.570    1427.44    1427.44  0.000e+00
       2587     27.000     3.0734     3.0746     0.0013    0.75904    0.75830          1     8.5579     8.4360       9.97     0.0122  1.231e-11  1.000e-12  8.123e+00     7.3913     7.3833    -0.0080     5.8920     5.8856     26.750     27.339      0.488    1427.45    1427.44  0.000e+00
       2622     27.500     3.0736     3.0740     0.0003    0.75905    0.75829          1     8.5666     8.4456       9.97     0.0123  1.231e-11  1.000e-12  8.123e+00     7.3913     7.3833    -0.0080     5.8920     5.8856     27.245     27.846      0.267    1427.46    1427.45  0.000e+00
       2691     28.000     3.0732     3.0744     0.0011    0.75904    0.75830          1     8.5587     8.4598       9.97     0.0123  1.231e-11  1.000e-12  8.123e+00     7.3913     7.3832    -0.0080     5.8920     5.8855     27.740     28.352      0.209    1427.46    1427.46  0.000e+00
       2743     28.500     3.0737     3.0749     0.0013    0.75906    0.75832          1     8.5504     8.4640       9.97     0.0122  1.231e-11  1.000e-12  8.123e+00     7.3912     7.3832    -0.0080     5.8919     5.8855     28.236     28.858      0.336    1427.47    1427.47  0.000e+00
       2775     29.000     3.0724     3.0749     0.0024    0.75903    0.75832          1     8.5615     8.4603       9.97     0.0122  1.231e-11  1.000e-12  8.123e+00     7.3912     7.3832    -0.0080     5.8919     5.8855     28.731     29.365      0.361    1427.47    1427.48  0.000e+00
