ctdpy/exports/archive_20191121_122431/received_data/SBE09_1044_20181108_1217_34_01_0117.cnv
* Sea-Bird SBE 9 Data File:
* FileName = C:\ctd\temp\ar18d117.hex
* Software Version Seasave V 7.26.7.107
* Temperature SN = 5351
* Conductivity SN = 3941
* Number of Bytes Per Scan = 30
* Number of Voltage Words = 4
* Number of Scans Averaged by the Deck Unit = 1
* NMEA Latitude = 59 50.80 N
* NMEA Longitude = 024 50.26 E
* NMEA UTC (Time) = Nov 08 2018 12:17:10
* NMEA baud rate = 4800
** Station:  BY23
** Operator:  JKro
** Ship: ARANDA
** Average sound velocity: 1449.63 m/s
** True-depth calculation Thu, 08 Nov 2018 17:14:36 +0000
** CTD Python Module SMHI /ver 3-12/ feb 2012 
** LIMS Job: 20183401-0117
** Cruise: SMHI-6-2018
** Latitude [GG MM.mm N]:
** Longitude [GG MM.mm E]
# nquan = 26
# nvalues = 192                         
# units = specified
# name 0 = scan: Scan Count
# name 1 = prDM: Pressure, Digiquartz [db]
# name 2 = t090C: Temperature [ITS-90, deg C]
# name 3 = t190C: Temperature, 2 [ITS-90, deg C]
# name 4 = T2-T190C: Temperature Difference, 2 - 1 [ITS-90, deg C]
# name 5 = c0S/m: Conductivity [S/m]
# name 6 = c1S/m: Conductivity, 2 [S/m]
# name 7 = pumps: Pump Status
# name 8 = sbeox0ML/L: Oxygen, SBE 43 [ml/l]
# name 9 = sbeox1ML/L: Oxygen, SBE 43, 2 [ml/l]
# name 10 = altM: Altimeter [m]
# name 11 = flECO-AFL: Chl-a Fluorescence, WET Labs ECO-AFL/FL [mg/m^3]
# name 12 = flECO-AFL1: Phycocyanin Fluorescence, WET Labs ECO-AFL/FL, 2 [mg/m^3]
# name 13 = par: PAR/Irradiance, Biospherical/Lico [µE/(cm^2*s)]
# name 14 = turbWETntu0: Turbidity, WET Labs ECO [NTU]
# name 15 = sal00: Salinity, Practical [PSU]
# name 16 = sal11: Salinity, Practical, 2 [PSU]
# name 17 = secS-priS: Salinity, Practical, Difference, 2 - 1 [PSU]
# name 18 = sigma-t00: Density [sigma-t, Kg/m^3 ]
# name 19 = sigma-t11: Density, 2 [sigma-t, Kg/m^3 ]
# name 20 = depSM: Depth [salt water, m], lat = 59.8467
# name 21 = depFM: Depth [true depth, m], lat = 59.8467
# name 22 = dz/dtM: Descent Rate [m/s], WS = 2
# name 23 = svCM: Sound Velocity [Chen-Millero, m/s]
# name 24 = svCM1: Sound Velocity, 2 [Chen-Millero, m/s]
# name 25 = flag: flag
# span 0 =      23259,      28561       
# span 1 =      0.500,     96.000       
# span 2 =     6.0765,     9.4900       
# span 3 =     6.0776,     9.4917       
# span 4 =    -0.0192,     0.0113       
# span 5 =   0.739415,   1.136707       
# span 6 =   0.739365,   1.136785       
# span 7 =          1,          1       
# span 8 =    0.05933,    7.10179       
# span 9 =    0.10061,    6.84337       
# span 10 =       4.44,      97.68      
# span 11 =     0.3978,     1.1300      
# span 12 =     0.1699,     0.3793      
# span 13 = 1.0000e-12, 6.3824e+01      
# span 14 =     0.2893,     8.1802      
# span 15 =     5.9944,    10.4130      
# span 16 =     5.9940,    10.4135      
# span 17 =    -0.0121,     0.0027      
# span 18 =     4.4569,     8.1736      
# span 19 =     4.4591,     8.1739      
# span 20 =      0.495,     95.074      
# span 21 =      0.507,     97.220      
# span 22 =      0.123,      0.798      
# span 23 =    1445.60,    1453.26      
# span 24 =    1445.61,    1453.26      
# span 25 = 0.0000e+00, 0.0000e+00      
# interval = decibars: 0.5              
# start_time = Nov 08 2018 12:17:10 [NMEA time, header]
# bad_flag = -9.990e-29
*END*
[from data line 112]
      26316     56.500     7.8831     7.8857     0.0025    0.82483    0.82485          1     4.4004     4.3647      26.99     0.4937     0.2467  1.000e-12  0.4016000     6.9991     6.9988    -0.0003     5.3641     5.3636     55.960     57.281      0.405    1448.34    1448.35  0.000e+00
      26342     57.000     7.7686     7.7748     0.0062    0.82926    0.82915          1     4.2766     4.2565      45.13     0.4726     0.2479  1.000e-12  0.3780000     7.0625     7.0603    -0.0023     5.4227     5.4204     56.456     57.787      0.514    1447.96    1447.98  0.000e+00
      26364     57.500     7.7298     7.7325     0.0027    0.83015    0.83013          1     4.1978     4.1916      44.68     0.4674     0.2346  1.000e-12  0.3731000     7.0784     7.0778    -0.0007     5.4381     5.4374     56.951     58.294      0.541    1447.82    1447.83  0.000e+00
      26387     58.000     7.7056     7.7101     0.0044    0.83086    0.83080          1     4.1505     4.1372      44.16     0.4740     0.2865  1.000e-12  0.3750000     7.0898     7.0883    -0.0015     5.4489     5.4474     57.446     58.800      0.538    1447.74    1447.76  0.000e+00
      26409     58.500     7.6151     7.6194     0.0044    0.83529    0.83520          1     4.0789     4.0497      43.60     0.4773     0.2336  1.000e-12  0.3755000     7.1489     7.1472    -0.0017     5.5021     5.5005     57.941     59.307      0.575    1447.45    1447.47  0.000e+00
      26428     59.000     7.6026     7.6040     0.0014    0.83735    0.83729          1     4.0121     3.9965      43.13     0.4782     0.2066  1.000e-12  0.3899000     7.1703     7.1696    -0.0008     5.5199     5.5192     58.436     59.813      0.613    1447.44    1447.44  0.000e+00
      26448     59.500     7.5971     7.5943    -0.0027    0.84022    0.84031          1     3.9511     3.9591      42.37     0.4766     0.2085  1.000e-12  0.3773000     7.1980     7.1993     0.0014     5.5419     5.5432     58.931     60.320      0.572    1447.46    1447.45  0.000e+00
      26471     60.000     7.4871     7.4894     0.0022    0.84497    0.84493          1     3.8556     3.8932      41.88     0.4592     0.2199  1.000e-12  0.3859000     7.2645     7.2637    -0.0008     5.6024     5.6015     59.426     60.826      0.458    1447.09    1447.10  0.000e+00
      26501     60.500     7.3666     7.3700     0.0034    0.85104    0.85084          1     3.6931     3.7490      41.03     0.4660     0.2162  1.000e-12  0.3886000     7.3460     7.3435    -0.0025     5.6751     5.6729     59.922     61.333      0.414    1446.70    1446.71  0.000e+00
      26528     61.000     7.3235     7.3237     0.0003    0.85336    0.85324          1     3.5779     3.6424      40.48     0.4433     0.2447  1.000e-12  0.3891000     7.3767     7.3755    -0.0012     5.7023     5.7014     60.417     61.839      0.504    1446.57    1446.57  0.000e+00
      26549     61.500     7.2733     7.2772     0.0039    0.85516    0.85511          1     3.5103     3.5651      40.30     0.4434     0.2471  1.000e-12  0.3834000     7.4041     7.4027    -0.0014     5.7274     5.7261     60.912     62.345      0.573    1446.40    1446.42  0.000e+00
      26570     62.000     7.2329     7.2367     0.0037    0.85788    0.85781          1     3.4481     3.4891      39.92     0.4434     0.1699  1.000e-12  0.3993000     7.4380     7.4365    -0.0015     5.7569     5.7555     61.407     62.852      0.590    1446.29    1446.30  0.000e+00
      26590     62.500     7.1967     7.2000     0.0033    0.86120    0.86097          1     3.3622     3.4102      39.45     0.4381     0.2076  1.000e-12  0.3994000     7.4767     7.4737    -0.0029     5.7899     5.7873     61.902     63.358      0.573    1446.19    1446.20  0.000e+00
      26612     63.000     7.1882     7.1901     0.0020    0.87539    0.87503          1     3.2304     3.2833      38.88     0.4367     0.2287  1.000e-12  0.3948000     7.6111     7.6072    -0.0038     5.8960     5.8929     62.397     63.864      0.549    1446.33    1446.33  0.000e+00
      26634     63.500     7.1940     7.1948     0.0008    0.88410    0.88404          1     3.0877     3.1720      38.38     0.4555     0.2250  1.000e-12  0.4165000     7.6912     7.6904    -0.0008     5.9585     5.9578     62.892     64.371      0.537    1446.46    1446.46  0.000e+00
      26657     64.000     7.1691     7.1777     0.0086    0.89546    0.89511          1     2.9108     3.0276      37.86     0.4556     0.2335  1.000e-12  0.3951000     7.8033     7.7981    -0.0053     6.0483     6.0435     63.388     64.877      0.504    1446.51    1446.54  0.000e+00
      26682     64.500     7.0660     7.0647    -0.0013    0.91395    0.91368          1     2.6844     2.8245      37.29     0.4426     0.2334  1.000e-12  0.3921000     8.0004     7.9982    -0.0022     6.2103     6.2087     63.883     65.383      0.435    1446.33    1446.32  0.000e+00
      26711     65.000     7.1138     7.1166     0.0027    0.92175    0.92128          1     2.5550     2.6875      36.77     0.4294     0.2320  1.000e-12  0.3511000     8.0628     8.0577    -0.0051     6.2559     6.2517     64.378     65.889      0.457    1446.62    1446.62  0.000e+00
      26734     65.500     7.0549     7.0603     0.0054    0.92647    0.92635          1     2.4941     2.6049      36.29     0.4236     0.2339  1.000e-12  0.3591000     8.1210     8.1185    -0.0024     6.3058     6.3035     64.873     66.395      0.571    1446.45    1446.47  0.000e+00
      26754     66.000     7.0427     7.0421    -0.0006    0.93434    0.93389          1     2.3967     2.5208      35.80     0.4209     0.2461  1.000e-12  0.3530000     8.1981     8.1940    -0.0041     6.3673     6.3641     65.368     66.901      0.598    1446.50    1446.50  0.000e+00
      26775     66.500     7.0560     7.0589     0.0029    0.95005    0.94977          1     2.2303     2.3729      35.24     0.4232     0.2498  1.000e-12  0.3891000     8.3434     8.3400    -0.0033     6.4803     6.4775     65.863     67.407      0.537    1446.75    1446.76  0.000e+00
      26799     67.000     7.0361     7.0387     0.0026    0.96265    0.96234          1     2.0557     2.2103      34.73     0.4318     0.2456  1.000e-12  0.3965000     8.4674     8.4639    -0.0035     6.5792     6.5762     66.358     67.913      0.511    1446.83    1446.84  0.000e+00
      26821     67.500     7.0092     7.0148     0.0055    0.97065    0.97021          1     1.8856     2.0483      34.22     0.4330     0.2547  1.000e-12  0.3808000     8.5499     8.5443    -0.0056     6.6459     6.6410     66.853     68.419      0.564    1446.83    1446.85  0.000e+00
      26842     68.000     7.0309     7.0280    -0.0028    0.99313    0.99225          1     1.6507     1.8654      33.71     0.4289     0.2538  1.000e-12  0.3582000     8.7578     8.7502    -0.0076     6.8076     6.8018     67.349     68.925      0.549    1447.19    1447.16  0.000e+00
      26867     68.500     6.9944     6.9984     0.0039    1.01168    1.01140          1     1.3781     1.6369      33.18     0.4254     0.2046  1.000e-12  0.3330000     8.9437     8.9400    -0.0037     6.9561     6.9530     67.844     69.431      0.433    1447.27    1447.29  0.000e+00
      26896     69.000     6.9748     6.9784     0.0036    1.01771    1.01752          1     1.1937     1.4445      32.58     0.4125     0.2558  1.000e-12  0.3574000     9.0062     9.0035    -0.0027     7.0066     7.0042     68.339     69.937      0.457    1447.28    1447.29  0.000e+00
      26919     69.500     6.9306     6.9344     0.0037    1.02577    1.02554          1     1.0808     1.3189      32.20     0.4066     0.2648  1.000e-12  0.3421000     9.0948     9.0916    -0.0032     7.0794     7.0766     68.834     70.442      0.606    1447.21    1447.22  0.000e+00
      26937     70.000     6.8683     6.8728     0.0045    1.03381    1.03355          1     0.9460     1.2123      31.72     0.4068     0.2332  1.000e-12  0.3023000     9.1882     9.1845    -0.0037     7.1572     7.1539     69.329     70.948      0.637    1447.08    1447.09  0.000e+00
      26957     70.500     6.8011     6.8049     0.0039    1.04128    1.04116          1     0.8221     1.1021      31.17     0.4068     0.2612  1.000e-12  0.3284000     9.2779     9.2757    -0.0022     7.2323     7.2303     69.824     71.454      0.561    1446.92    1446.93  0.000e+00
      26981     71.000     6.7834     6.7865     0.0031    1.04377    1.04359          1     0.7093     0.9857      30.64     0.3978     0.2612  1.000e-12  0.2893000     9.3065     9.3039    -0.0025     7.2560     7.2538     70.319     71.959      0.466    1446.88    1446.90  0.000e+00
      27008     71.500     6.7201     6.7244     0.0044    1.05200    1.05177          1     0.5457     0.8116      30.03     0.4045     0.2480  1.000e-12  0.3014000     9.4029     9.3995    -0.0034     7.3362     7.3332     70.814     72.465      0.445    1446.75    1446.76  0.000e+00
      27035     72.000     6.6705     6.6743     0.0039    1.05807    1.05783          1     0.4375     0.7048      29.56     0.4172     0.2385  1.000e-12  0.3043000     9.4751     9.4716    -0.0034     7.3964     7.3934     71.310     72.970      0.441    1446.64    1446.65  0.000e+00
      27061     72.500     6.6534     6.6561     0.0028    1.06120    1.06111          1     0.4347     0.6715      28.91     0.4191     0.2416  1.000e-12  0.3047000     9.5099     9.5083    -0.0017     7.4250     7.4235     71.805     73.476      0.506    1446.62    1446.63  0.000e+00
      27083     73.000     6.6336     6.6366     0.0030    1.06356    1.06344          1     0.4144     0.6544      28.51     0.4217     0.2564  1.000e-12  0.3040000     9.5381     9.5362    -0.0019     7.4485     7.4468     72.300     73.981      0.610    1446.58    1446.59  0.000e+00
      27101     73.500     6.5578     6.5690     0.0113    1.07197    1.07104          1     0.3152     0.5862      28.08     0.4093     0.2759  1.000e-12  0.3333000     9.6408     9.6287    -0.0121     7.5344     7.5241     72.795     74.487      0.625    1446.40    1446.43  0.000e+00
      27121     74.000     6.4242     6.4304     0.0061    1.08659    1.08643          1     0.1988     0.4833      27.62     0.4120     0.2242  1.000e-12  0.5578000     9.8210     9.8176    -0.0034     7.6851     7.6820     73.290     74.992      0.544    1446.07    1446.09  0.000e+00
      27146     74.500     6.3707     6.3782     0.0075    1.09358    1.09292          1     0.1336     0.4250      27.08     0.4586     0.2595  1.000e-12  1.2420000     9.9046     9.8960    -0.0086     7.7544     7.7471     73.785     75.498      0.492    1445.96    1445.98  0.000e+00
      27170     75.000     6.2850     6.2899     0.0049    1.10575    1.10538          1     0.1284     0.3836      26.55     0.4718     0.2190  1.000e-12  1.8560000    10.0488    10.0437    -0.0050     7.8734     7.8691     74.280     76.003      0.521    1445.78    1445.80  0.000e+00
      27193     75.500     6.2527     6.2555     0.0027    1.11082    1.11071          1     0.1331     0.3818      26.00     0.5054     0.2513  1.000e-12  3.4327000    10.1079    10.1061    -0.0018     7.9221     7.9205     74.775     76.508      0.475    1445.73    1445.74  0.000e+00
      27222     76.000     6.2473     6.2500     0.0027    1.11191    1.11181          1     0.1445     0.3599      25.37     0.5167     0.2274  1.000e-12  4.2103000    10.1203    10.1184    -0.0018     7.9321     7.9305     75.271     77.013      0.395    1445.73    1445.74  0.000e+00
      27250     76.500     6.2249     6.2273     0.0024    1.11515    1.11518          1     0.1561     0.3281      24.88     0.5195     0.2676  1.000e-12  4.5168000    10.1587    10.1582    -0.0005     7.9638     7.9633     75.766     77.519      0.536    1445.69    1445.70  0.000e+00
      27269     77.000     6.2132     6.2132     0.0001    1.11692    1.11719          1     0.1548     0.3262      24.45     0.5298     0.2882  1.000e-12  5.0359000    10.1795    10.1822     0.0027     7.9809     7.9831     76.261     78.024      0.660    1445.67    1445.68  0.000e+00
      27287     77.500     6.1904     6.1905     0.0001    1.12015    1.12038          1     0.1488     0.3307      24.01     0.5390     0.2980  1.000e-12  5.6051000    10.2180    10.2203     0.0023     8.0128     8.0146     76.756     78.529      0.642    1445.63    1445.64  0.000e+00
      27307     78.000     6.1874     6.1895     0.0022    1.12059    1.12057          1     0.1477     0.3244      23.44     0.5483     0.3212  1.000e-12  6.0916000    10.2232    10.2223    -0.0008     8.0170     8.0162     77.251     79.034      0.523    1445.63    1445.64  0.000e+00
      27334     78.500     6.1851     6.1866     0.0015    1.12102    1.12113          1     0.1512     0.3075      22.81     0.5467     0.2780  1.000e-12  6.3611000    10.2280    10.2287     0.0006     8.0210     8.0214     77.746     79.540      0.443    1445.64    1445.65  0.000e+00
      27360     79.000     6.1819     6.1842     0.0024    1.12159    1.12152          1     0.1483     0.3090      22.32     0.5336     0.3236  1.000e-12  6.4261000    10.2345    10.2331    -0.0014     8.0263     8.0251     78.241     80.045      0.477    1445.64    1445.65  0.000e+00
      27384     79.500     6.1774     6.1802     0.0029    1.12237    1.12221          1     0.1367     0.2837      21.76     0.5224     0.3361  1.000e-12  6.5058000    10.2435    10.2410    -0.0025     8.0337     8.0315     78.736     80.550      0.508    1445.64    1445.65  0.000e+00
      27408     80.000     6.1723     6.1752     0.0029    1.12319    1.12304          1     0.1393     0.2608      21.30     0.5288     0.2455  1.000e-12  6.5946000    10.2529    10.2507    -0.0023     8.0414     8.0395     79.231     81.055      0.517    1445.64    1445.65  0.000e+00
      27431     80.500     6.1684     6.1737     0.0053    1.12384    1.12333          1     0.1338     0.2486      20.75     0.5368     0.2919  1.000e-12  6.7091000    10.2605    10.2539    -0.0066     8.0477     8.0421     79.726     81.560      0.527    1445.64    1445.66  0.000e+00
      27453     81.000     6.1702     6.1731     0.0030    1.12364    1.12349          1     0.1291     0.2458      20.25     0.5350     0.2858  1.000e-12  6.7704000    10.2579    10.2555    -0.0024     8.0455     8.0434     80.222     82.066      0.544    1445.66    1445.66  0.000e+00
      27475     81.500     6.1674     6.1675     0.0001    1.12413    1.12437          1     0.1329     0.2465      19.80     0.5532     0.3131  1.000e-12  6.7500000    10.2635    10.2659     0.0023     8.0501     8.0519     80.717     82.571      0.550    1445.66    1445.66  0.000e+00
      27497     82.000     6.1634     6.1663     0.0029    1.12477    1.12461          1     0.1301     0.2332      19.23     0.5533     0.3451  1.000e-12  7.0429000    10.2709    10.2684    -0.0025     8.0561     8.0540     81.212     83.076      0.532    1445.66    1445.67  0.000e+00
      27520     82.500     6.1604     6.1648     0.0045    1.12523    1.12487          1     0.1184     0.2337      18.73     0.5533     0.2853  1.000e-12  6.9924000    10.2763    10.2714    -0.0049     8.0606     8.0564     81.707     83.581      0.481    1445.66    1445.67  0.000e+00
      27547     83.000     6.1568     6.1595     0.0027    1.12584    1.12570          1     0.1249     0.2418      18.13     0.5312     0.3173  1.000e-12  7.0191000    10.2833    10.2811    -0.0022     8.0664     8.0645     82.202     84.086      0.450    1445.66    1445.67  0.000e+00
      27573     83.500     6.1504     6.1523     0.0019    1.12678    1.12683          1     0.1222     0.2340      17.59     0.5294     0.2959  1.000e-12  7.1540000    10.2944    10.2944    -0.0000     8.0755     8.0753     82.697     84.592      0.496    1445.66    1445.66  0.000e+00
