ctdpy/exports/archive_20191121_122431/received_data/SBE09_1044_20181112_0813_34_01_0136.cnv
* Sea-Bird SBE 9 Data File:
* FileName = C:\ctd\temp\ar18d136.hex
* Software Version Seasave V 7.26.7.107
* Temperature SN = 5351
* Conductivity SN = 3941
* Number of Bytes Per Scan = 41
* Number of Voltage Words = 4
* Number of Scans Averaged by the Deck Unit = 1
* NMEA Latitude = 58 18.96 N
* NMEA Longitude = 010 56.50 E
* NMEA UTC (Time) = Nov 12 2018  08:13:30
* NMEA baud rate = 4800
** Station:  A14
** Operator:  A-KTh
** Ship: ARANDA
** Average sound velocity: 1490.64 m/s
** True-depth calculation Tue, 13 Nov 2018 15:01:41 +0000
** CTD Python Module SMHI /ver 3-12/ feb 2012 
** LIMS Job: 20183401-0136
** Cruise: SMHI-6-2018
** Latitude [GG MM.mm N]:
** Longitude [GG MM.mm E]
# nquan = 26
# nvalues = 215                         
# units = specified
# name 0 = scan: Scan Count
# name 1 = prDM: Pressure, Digiquartz [db]
# name 2 = t090C: Temperature [ITS-90, deg C]
# name 3 = t190C: Temperature, 2 [ITS-90, deg C]
# name 4 = T2-T190C: Temperature Difference, 2 - 1 [ITS-90, deg C]
# name 5 = c0S/m: Conductivity [S/m]
# name 6 = c1S/m: Conductivity, 2 [S/m]
# name 7 = pumps: Pump Status
# name 8 = sbeox0ML/L: Oxygen, SBE 43 [ml/l]
# name 9 = sbeox1ML/L: Oxygen, SBE 43, 2 [ml/l]
# name 10 = altM: Altimeter [m]
# name 11 = flECO-AFL: Chl-a Fluorescence, WET Labs ECO-AFL/FL [mg/m^3]
# name 12 = flECO-AFL1: Phycocyanin Fluorescence, WET Labs ECO-AFL/FL, 2 [mg/m^3]
# name 13 = par: PAR/Irradiance, Biospherical/Lico [µE/(cm^2*s)]
# name 14 = turbWETntu0: Turbidity, WET Labs ECO [NTU]
# name 15 = sal00: Salinity, Practical [PSU]
# name 16 = sal11: Salinity, Practical, 2 [PSU]
# name 17 = secS-priS: Salinity, Practical, Difference, 2 - 1 [PSU]
# name 18 = sigma-t00: Density [sigma-t, Kg/m^3 ]
# name 19 = sigma-t11: Density, 2 [sigma-t, Kg/m^3 ]
# name 20 = depSM: Depth [salt water, m], lat = 58.316
# name 21 = depFM: Depth [true depth, m], lat = 58.316
# name 22 = dz/dtM: Descent Rate [m/s], WS = 2
# name 23 = svCM: Sound Velocity [Chen-Millero, m/s]
# name 24 = svCM1: Sound Velocity, 2 [Chen-Millero, m/s]
# name 25 = flag: flag
# span 0 =      12858,      17841       
# span 1 =      1.000,    108.000       
# span 2 =     8.2833,    10.8376       
# span 3 =     8.2895,    10.8383       
# span 4 =    -0.0092,     0.0464       
# span 5 =   3.532586,   3.879330       
# span 6 =   3.532738,   3.879392       
# span 7 =          1,          1       
# span 8 =    4.97074,    6.03168       
# span 9 =    4.78100,    5.76892       
# span 10 =      -0.42,      98.80      
# span 11 =     0.0658,     0.8867      
# span 12 =     0.1209,     0.3412      
# span 13 = -2.322e-05, 1.8895e+02      
# span 14 =     0.3157,     1.4386      
# span 15 =    31.9594,    35.0490      
# span 16 =    31.9599,    35.0482      
# span 17 =    -0.0522,     0.0330      
# span 18 =    24.5364,    27.2694      
# span 19 =    24.5365,    27.2677      
# span 20 =      0.991,    106.968      
# span 21 =      0.994,    107.178      
# span 22 =     -0.017,      1.160      
# span 23 =    1485.38,    1493.47      
# span 24 =    1485.39,    1493.48      
# span 25 = 0.0000e+00, 0.0000e+00      
# interval = decibars: 0.5              
# start_time = Nov 12 2018 08:13:30 [NMEA time, first data scan]
# bad_flag = -9.990e-29
*END*
[from data line 112]
      15442     57.000    10.7117    10.7136     0.0018    3.86895    3.86905          1     5.5569     5.3401      54.12     0.0942     0.2307  1.000e-12  0.3520000    34.8974    34.8967    -0.0008    26.7475    26.7466     56.463     56.595      1.063    1493.18    1493.18  0.000e+00
      15452     57.500    10.7104    10.7112     0.0008    3.86933    3.86943          1     5.5659     5.3372      53.77     0.0980     0.2321  1.000e-12  0.3843000    34.9023    34.9026     0.0002    26.7516    26.7516     56.958     57.091      1.160    1493.19    1493.19  0.000e+00
      15461     58.000    10.6946    10.6959     0.0013    3.86814    3.86825          1     5.5729     5.3360      53.26     0.0942     0.2275  1.000e-12  0.3918000    34.9051    34.9051    -0.0001    26.7566    26.7563     57.453     57.587      1.141    1493.14    1493.15  0.000e+00
      15472     58.500    10.6920    10.6933     0.0012    3.86803    3.86810          1     5.5786     5.3335      52.79     0.0927     0.2073  1.000e-12  0.3944000    34.9063    34.9058    -0.0005    26.7579    26.7573     57.948     58.083      0.999    1493.14    1493.15  0.000e+00
      15487     59.000    10.6940    10.6950     0.0010    3.86861    3.86866          1     5.5786     5.3323      52.12     0.0901     0.1974  1.000e-12  0.4065000    34.9101    34.9097    -0.0004    26.7605    26.7600     58.443     58.579      0.640    1493.16    1493.16  0.000e+00
      15554     59.500    10.6967    10.6960    -0.0007    3.86870    3.86932          1     5.5733     5.3377      51.06     0.0955     0.2378  1.000e-12  0.3765000    34.9082    34.9150     0.0068    26.7586    26.7640     58.939     59.075      0.395    1493.18    1493.18  0.000e+00
      15576     60.000    10.6964    10.6969     0.0005    3.86957    3.86989          1     5.5604     5.3435      50.80     0.1007     0.2222  1.000e-12  0.3830000    34.9169    34.9197     0.0028    26.7654    26.7675     59.434     59.571      0.876    1493.20    1493.20  0.000e+00
      15588     60.500    10.7025    10.7044     0.0019    3.87120    3.87139          1     5.5575     5.3448      50.59     0.1027     0.2218  1.000e-12  0.3946000    34.9273    34.9274     0.0002    26.7724    26.7722     59.929     60.067      1.031    1493.24    1493.25  0.000e+00
      15598     61.000    10.7181    10.7197     0.0016    3.87385    3.87393          1     5.5575     5.3434      50.21     0.1028     0.2218  1.000e-12  0.4143000    34.9388    34.9382    -0.0006    26.7786    26.7778     60.424     60.563      1.040    1493.32    1493.32  0.000e+00
      15610     61.500    10.7210    10.7220     0.0011    3.87438    3.87444          1     5.5642     5.3413      49.74     0.0800     0.2218  1.000e-12  0.4853000    34.9412    34.9408    -0.0004    26.7800    26.7795     60.919     61.059      0.902    1493.33    1493.34  0.000e+00
      15628     62.000    10.7186    10.7201     0.0015    3.87420    3.87432          1     5.5809     5.3418      49.08     0.0752     0.1673  1.000e-12  0.4706000    34.9414    34.9412    -0.0002    26.7806    26.7801     61.415     61.555      0.541    1493.34    1493.34  0.000e+00
      15675     62.500    10.7086    10.7069    -0.0017    3.87298    3.87296          1     5.5654     5.3425      48.14     0.0749     0.1976  1.000e-12  0.4328000    34.9385    34.9399     0.0015    26.7801    26.7815     61.910     62.051      0.339    1493.30    1493.30  0.000e+00
      15702     63.000    10.6866    10.6883     0.0017    3.87115    3.87130          1     5.5667     5.3447      47.72     0.0772     0.2075  1.000e-12  0.4331000    34.9409    34.9407    -0.0001    26.7858    26.7854     62.405     62.547      0.662    1493.24    1493.25  0.000e+00
      15717     63.500    10.6814    10.6823     0.0009    3.87064    3.87072          1     5.5837     5.3455      47.37     0.0860     0.2071  1.000e-12  0.4561000    34.9406    34.9405    -0.0001    26.7865    26.7863     62.900     63.043      0.805    1493.23    1493.23  0.000e+00
      15731     64.000    10.6779    10.6788     0.0009    3.87033    3.87039          1     5.5928     5.3467      46.97     0.0751     0.1579  1.000e-12  0.4568000    34.9405    34.9403    -0.0002    26.7871    26.7868     63.395     63.539      0.827    1493.22    1493.23  0.000e+00
      15746     64.500    10.6770    10.6776     0.0006    3.87024    3.87029          1     5.5847     5.3508      46.50     0.0717     0.1598  1.000e-12  0.4560000    34.9403    34.9402    -0.0001    26.7871    26.7870     63.891     64.035      0.747    1493.23    1493.23  0.000e+00
      15764     65.000    10.6744    10.6753     0.0009    3.86999    3.87007          1     5.5560     5.3531      46.00     0.0812     0.2612  1.000e-12  0.4577000    34.9401    34.9400    -0.0001    26.7874    26.7872     64.386     64.531      0.574    1493.23    1493.23  0.000e+00
      15793     65.500    10.6738    10.6748     0.0010    3.86999    3.87006          1     5.5472     5.3530      45.24     0.0981     0.2044  1.000e-12  0.5006000    34.9403    34.9401    -0.0003    26.7877    26.7873     64.881     65.027      0.348    1493.23    1493.24  0.000e+00
      15831     66.000    10.6730    10.6743     0.0014    3.86992    3.87004          1     5.5698     5.3497      44.70     0.0958     0.2527  1.000e-12  0.4404000    34.9402    34.9401    -0.0001    26.7877    26.7874     65.376     65.523      0.419    1493.24    1493.24  0.000e+00
      15853     66.500    10.6613    10.6631     0.0018    3.86880    3.86898          1     5.5724     5.3502      44.29     0.0978     0.2380  1.000e-12  0.4391000    34.9399    34.9400     0.0001    26.7896    26.7893     65.871     66.019      0.640    1493.21    1493.21  0.000e+00
      15869     67.000    10.6507    10.6513     0.0006    3.86784    3.86788          1     5.5750     5.3535      43.99     0.0801     0.2067  1.000e-12  0.4432000    34.9401    34.9400    -0.0001    26.7916    26.7914     66.367     66.515      0.742    1493.18    1493.18  0.000e+00
      15885     67.500    10.6455    10.6461     0.0005    3.86734    3.86738          1     5.5832     5.3547      43.63     0.0902     0.2219  1.000e-12  0.4611000    34.9398    34.9397    -0.0001    26.7923    26.7921     66.862     67.011      0.746    1493.16    1493.17  0.000e+00
      15901     68.000    10.6399    10.6416     0.0016    3.86683    3.86697          1     5.5909     5.3549      43.11     0.0913     0.2322  1.000e-12  0.4660000    34.9398    34.9396    -0.0002    26.7933    26.7929     67.357     67.507      0.655    1493.16    1493.16  0.000e+00
      15923     68.500    10.6297    10.6314     0.0018    3.86582    3.86597          1     5.5806     5.3524      42.52     0.0833     0.1957  1.000e-12  0.4573000    34.9392    34.9390    -0.0001    26.7947    26.7942     67.852     68.003      0.483    1493.13    1493.13  0.000e+00
      15953     69.000    10.6168    10.6183     0.0014    3.86456    3.86466          1     5.5718     5.3472      41.89     0.0857     0.2258  1.000e-12  0.4752000    34.9386    34.9382    -0.0004    26.7964    26.7959     68.347     68.499      0.410    1493.09    1493.09  0.000e+00
      15979     69.500    10.6101    10.6124     0.0022    3.86394    3.86420          1     5.5793     5.3480      41.32     0.0980     0.2355  1.000e-12  0.4449000    34.9385    34.9390     0.0005    26.7976    26.7976     68.843     68.995      0.567    1493.07    1493.08  0.000e+00
      15997     70.000    10.6019    10.6030     0.0011    3.86361    3.86370          1     5.5733     5.3475      40.99     0.1163     0.2659  1.000e-12  0.4500000    34.9429    34.9428    -0.0001    26.8025    26.8022     69.338     69.490      0.699    1493.06    1493.06  0.000e+00
      16013     70.500    10.6032    10.6042     0.0011    3.86411    3.86420          1     5.5677     5.3437      40.53     0.0994     0.2294  1.000e-12  0.4584000    34.9465    34.9463    -0.0001    26.8051    26.8048     69.833     69.986      0.718    1493.08    1493.08  0.000e+00
      16031     71.000    10.6040    10.6050     0.0010    3.86432    3.86440          1     5.5703     5.3445      40.04     0.0901     0.1932  1.000e-12  0.4595000    34.9476    34.9474    -0.0002    26.8058    26.8055     70.328     70.482      0.616    1493.09    1493.09  0.000e+00
      16055     71.500    10.6045    10.6056     0.0010    3.86449    3.86457          1     5.5607     5.3408      39.41     0.0835     0.2122  1.000e-12  0.4548000    34.9486    34.9484    -0.0002    26.8064    26.8061     70.823     70.978      0.450    1493.10    1493.10  0.000e+00
      16084     72.000    10.6052    10.6063     0.0011    3.86467    3.86476          1     5.5421     5.3353      38.83     0.0857     0.2426  1.000e-12  0.4724000    34.9495    34.9493    -0.0001    26.8070    26.8067     71.318     71.474      0.457    1493.11    1493.11  0.000e+00
      16107     72.500    10.6047    10.6056     0.0009    3.86466    3.86471          1     5.5546     5.3343      38.47     0.0906     0.2069  1.000e-12  0.4785000    34.9496    34.9493    -0.0002    26.8072    26.8068     71.814     71.970      0.587    1493.12    1493.12  0.000e+00
      16125     73.000    10.6034    10.6042     0.0008    3.86456    3.86460          1     5.5668     5.3346      38.03     0.0839     0.2314  1.000e-12  0.4516000    34.9496    34.9493    -0.0003    26.8075    26.8071     72.309     72.466      0.663    1493.12    1493.12  0.000e+00
      16143     73.500    10.6004    10.6016     0.0013    3.86437    3.86447          1     5.5760     5.3383      37.55     0.0821     0.2235  1.000e-12  0.4861000    34.9505    34.9502    -0.0002    26.8087    26.8083     72.804     72.962      0.686    1493.12    1493.12  0.000e+00
      16160     74.000    10.5958    10.5968     0.0010    3.86405    3.86415          1     5.5810     5.3408      37.09     0.0812     0.2078  1.000e-12  0.4778000    34.9513    34.9514    -0.0000    26.8102    26.8100     73.299     73.458      0.659    1493.11    1493.12  0.000e+00
      16180     74.500    10.5891    10.5907     0.0016    3.86363    3.86374          1     5.5837     5.3399      36.56     0.0846     0.2209  1.000e-12  0.4518000    34.9532    34.9528    -0.0004    26.8128    26.8122     73.794     73.954      0.582    1493.10    1493.11  0.000e+00
      16203     75.000    10.5804    10.5818     0.0015    3.86321    3.86331          1     5.5841     5.3399      35.97     0.0902     0.2224  1.000e-12  0.4568000    34.9572    34.9568    -0.0004    26.8174    26.8169     74.290     74.450      0.479    1493.08    1493.08  0.000e+00
      16230     75.500    10.5750    10.5760     0.0009    3.86280    3.86286          1     5.5706     5.3429      35.46     0.0658     0.2426  1.000e-12  0.4631000    34.9579    34.9576    -0.0003    26.8189    26.8186     74.785     74.946      0.449    1493.07    1493.07  0.000e+00
      16255     76.000    10.5648    10.5661     0.0013    3.86182    3.86193          1     5.5644     5.3434      34.94     0.0834     0.2068  1.000e-12  0.4259000    34.9576    34.9575    -0.0002    26.8205    26.8202     75.280     75.442      0.557    1493.04    1493.05  0.000e+00
      16274     76.500    10.5562    10.5562     0.0000    3.86110    3.86109          1     5.5581     5.3416      34.52     0.1042     0.2094  1.000e-12  0.4928000    34.9584    34.9583     0.0000    26.8226    26.8226     75.775     75.938      0.665    1493.02    1493.02  0.000e+00
      16291     77.000    10.5518    10.5535     0.0018    3.86070    3.86087          1     5.5416     5.3375      34.08     0.0887     0.2331  1.000e-12  0.4781000    34.9584    34.9584     0.0000    26.8235    26.8232     76.270     76.434      0.709    1493.01    1493.02  0.000e+00
      16308     77.500    10.5522    10.5544     0.0022    3.86081    3.86099          1     5.5309     5.3342      33.48     0.0752     0.2101  1.000e-12  0.4640000    34.9588    34.9585    -0.0003    26.8237    26.8231     76.765     76.930      0.685    1493.02    1493.03  0.000e+00
      16326     78.000    10.5394    10.5409     0.0015    3.85973    3.85985          1     5.5445     5.3368      32.80     0.0921     0.2266  1.000e-12  0.4667000    34.9600    34.9598    -0.0002    26.8269    26.8264     77.261     77.426      0.602    1492.99    1492.99  0.000e+00
      16348     78.500    10.5347    10.5344    -0.0003    3.85924    3.85917          1     5.5525     5.3359      32.47     0.0925     0.2417  1.000e-12  0.4679000    34.9593    34.9588    -0.0005    26.8272    26.8269     77.756     77.922      0.529    1492.98    1492.98  0.000e+00
      16371     79.000    10.5261    10.5305     0.0044    3.85830    3.85876          1     5.5419     5.3308      31.64     0.1015     0.2286  1.000e-12  0.4613000    34.9578    34.9583     0.0004    26.8275    26.8271     78.251     78.418      0.508    1492.96    1492.97  0.000e+00
      16396     79.500    10.4925    10.4960     0.0034    3.85540    3.85570          1     5.5232     5.3191      31.19     0.0923     0.2515  1.000e-12  0.4693000    34.9605    34.9603    -0.0002    26.8356    26.8348     78.746     78.914      0.445    1492.85    1492.86  0.000e+00
      16425     80.000    10.4565    10.4583     0.0018    3.85236    3.85251          1     5.5080     5.2985      30.93     0.0748     0.1934  1.000e-12  0.4677000    34.9641    34.9639    -0.0002    26.8447    26.8442     79.241     79.410      0.472    1492.73    1492.74  0.000e+00
      16447     80.500    10.4404    10.4410     0.0006    3.85096    3.85102          1     5.5001     5.2845      30.32     0.1087     0.2073  1.000e-12  0.4680000    34.9653    34.9652    -0.0000    26.8485    26.8483     79.736     79.906      0.662    1492.68    1492.69  0.000e+00
      16463     81.000    10.4187    10.4199     0.0012    3.84906    3.84917          1     5.4958     5.2784      29.55     0.1245     0.2537  1.000e-12  0.4713000    34.9666    34.9667     0.0001    26.8533    26.8531     80.231     80.402      0.797    1492.62    1492.62  0.000e+00
      16477     81.500    10.3958    10.3968     0.0010    3.84697    3.84709          1     5.4960     5.2729      29.48     0.0835     0.2633  1.000e-12  0.4821000    34.9673    34.9675     0.0003    26.8579    26.8579     80.727     80.898      0.826    1492.55    1492.55  0.000e+00
      16491     82.000    10.3747    10.3764     0.0017    3.84519    3.84532          1     5.4988     5.2771      29.24     0.0825     0.2337  1.000e-12  0.4773000    34.9693    34.9690    -0.0003    26.8631    26.8626     81.222     81.394      0.736    1492.48    1492.49  0.000e+00
      16511     82.500    10.3696    10.3708     0.0011    3.84478    3.84487          1     5.4921     5.2759      28.70     0.0867     0.1954  1.000e-12  0.4649000    34.9698    34.9696    -0.0002    26.8644    26.8640     81.717     81.890      0.519    1492.47    1492.48  0.000e+00
      16541     83.000    10.3508    10.3516     0.0008    3.84313    3.84316          1     5.4654     5.2610      28.05     0.0952     0.1608  1.000e-12  0.4774000    34.9709    34.9704    -0.0004    26.8685    26.8680     82.212     82.386      0.401    1492.42    1492.42  0.000e+00
      16567     83.500    10.2716    10.2749     0.0033    3.83601    3.83632          1     5.4488     5.2426      27.66     0.0838     0.2027  1.000e-12  0.5080000    34.9747    34.9746    -0.0000    26.8853    26.8847     82.707     82.881      0.585    1492.15    1492.16  0.000e+00
      16585     84.000    10.2235    10.2241     0.0007    3.83185    3.83194          1     5.4362     5.2297      27.23     0.1147     0.2127  1.000e-12  0.5774000    34.9785    34.9788     0.0003    26.8967    26.8968     83.202     83.377      0.689    1491.99    1491.99  0.000e+00
