ctdpy/exports/archive_20191121_122431/received_data/SBE09_0827_20180302_0607_26_01_0343.cnv
* Sea-Bird SBE 9 Data File:
* FileName = D:\CTD_SBE911\DAT\26DA.2018.3.43.hex
* Software Version Seasave V 7.21d
* Temperature SN = 034757
* Conductivity SN = 041844
* Number of Bytes Per Scan = 48
* Number of Voltage Words = 5
* Number of Scans Averaged by the Deck Unit = 1
* NMEA Latitude = 57 41.70 N
* NMEA Longitude = 019 24.27 E
* NMEA UTC (Time) = Mar 02 2018  06:08:16
* NMEA baud rate = 4800
** Ship: DANA
** Average sound velocity: 1428.89 m/s
** True-depth calculation Tue, 02 Apr 2019 12:09:13 +0000
** CTD Python Module SMHI /ver 3-12/ feb 2012 
** LIMS Job: 20182601-0343
** Operator:
** Cruise: 02/2018
# nquan = 26
# nvalues = 145                         
# units = specified
# name 0 = scan: Scan Count
# name 1 = prDM: Pressure, Digiquartz [db]
# name 2 = t090C: Temperature [ITS-90, deg C]
# name 3 = t190C: Temperature, 2 [ITS-90, deg C]
# name 4 = T2-T190C: Temperature Difference, 2 - 1 [ITS-90, deg C]
# name 5 = c0S/m: Conductivity [S/m]
# name 6 = c1S/m: Conductivity, 2 [S/m]
# name 7 = pumps: Pump Status
# name 8 = sbeox1ML/L: Oxygen, SBE 43, 2 [ml/l]
# name 9 = sbeox0ML/L: Oxygen, SBE 43 [ml/l]
# name 10 = altM: Altimeter [m]
# name 11 = chloroflTC0: Chlorophyll, Turner Cyclops [ug/l]
# name 12 = cpar: CPAR/Corrected Irradiance [%]
# name 13 = par: PAR/Irradiance, Biospherical/Lico [µE/(cm^2*s)]
# name 14 = spar: SPAR, Biospherical/Licor
# name 15 = sal00: Salinity, Practical [PSU]
# name 16 = sal11: Salinity, Practical, 2 [PSU]
# name 17 = secS-priS: Salinity, Practical, Difference, 2 - 1 [PSU]
# name 18 = sigma-t00: Density [sigma-t, kg/m^3 ]
# name 19 = sigma-t11: Density, 2 [sigma-t, kg/m^3 ]
# name 20 = depSM: Depth [salt water, m], lat = 57.695
# name 21 = depFM: Depth [true depth, m], lat = 57.695
# name 22 = dz/dtM: Descent Rate [m/s], WS = 2
# name 23 = svCM: Sound Velocity [Chen-Millero, m/s]
# name 24 = svCM1: Sound Velocity, 2 [Chen-Millero, m/s]
# name 25 = flag: flag
# span 0 =         72,       7932       
# span 1 =      2.000,     74.000       
# span 2 =     3.0343,     5.6376       
# span 3 =     3.0339,     5.6377       
# span 4 =    -0.0030,     0.2797       
# span 5 =   0.756648,   1.039637       
# span 6 =   0.755757,   1.038869       
# span 7 =          1,          1       
# span 8 =     1.2350,     8.6016       
# span 9 =     1.2431,     8.4954       
# span 10 =       0.79,       9.98      
# span 11 =     0.0110,     0.0140      
# span 12 = -9.373e-04, 5.9005e+00      
# span 13 = -2.475e-04, 1.4379e+00      
# span 14 = 2.4370e+01, 3.6640e+01      
# span 15 =     7.3774,     9.5835      
# span 16 =     7.3695,     9.5759      
# span 17 =    -0.0098,     0.1150      
# span 18 =     5.8812,     7.5459      
# span 19 =     5.8749,     7.5398      
# span 20 =      1.982,     73.303      
# span 21 =      2.025,     74.920      
# span 22 =     -0.002,      0.768      
# span 23 =    1426.86,    1442.42      
# span 24 =    1426.84,    1442.41      
# span 25 = 0.0000e+00, 0.0000e+00      
# interval = decibars: 0.5              
# start_time = Mar 02 2018 06:08:17 [NMEA time, first data scan]
# bad_flag = -9.990e-29
*END*
[from data line 112]
       5582     58.000     3.0524     3.0516    -0.0008    0.75777    0.75702          1     8.5859     8.4841       9.98     0.0113  3.067e-12  1.000e-12  3.261e+01     7.3786     7.3710    -0.0076     5.8821     5.8760     57.456     58.730      0.308    1427.82    1427.81  0.000e+00
       5610     58.500     3.0521     3.0518    -0.0004    0.75782    0.75709          1     8.5742     8.4816       9.98     0.0117  3.064e-12  1.000e-12  3.265e+01     7.3791     7.3715    -0.0075     5.8824     5.8765     57.951     59.236      0.437    1427.83    1427.82  0.000e+00
       5642     59.000     3.0522     3.0515    -0.0007    0.75785    0.75709          1     8.5657     8.4694       9.98     0.0113  3.060e-12  1.000e-12  3.269e+01     7.3793     7.3715    -0.0078     5.8826     5.8764     58.446     59.742      0.275    1427.84    1427.82  0.000e+00
       5705     59.500     3.0524     3.0523    -0.0002    0.75783    0.75706          1     8.5626     8.4758       9.98     0.0117  3.002e-12  1.000e-12  3.334e+01     7.3789     7.3709    -0.0080     5.8823     5.8759     58.942     60.249      0.286    1427.85    1427.83  0.000e+00
       5738     60.000     3.0534     3.0533    -0.0001    0.75784    0.75711          1     8.5669     8.4817       9.98     0.0114  3.027e-12  1.000e-12  3.307e+01     7.3788     7.3712    -0.0076     5.8822     5.8761     59.437     60.755      0.313    1427.86    1427.85  0.000e+00
       5841     60.500     3.0549     3.0549    -0.0001    0.75793    0.75719          1     8.5591     8.4604       9.98     0.0111  2.999e-12  1.000e-12  3.338e+01     7.3793     7.3716    -0.0077     5.8826     5.8765     59.932     61.261      0.267    1427.87    1427.87  0.000e+00
       5885     61.000     3.0555     3.0550    -0.0004    0.75795    0.75720          1     8.5616     8.4614       9.98     0.0115  2.944e-12  1.000e-12  3.399e+01     7.3794     7.3716    -0.0078     5.8827     5.8765     60.427     61.767      0.405    1427.88    1427.87  0.000e+00
       5914     61.500     3.0558     3.0561     0.0004    0.75797    0.75727          1     8.5689     8.4701       9.97     0.0114  2.955e-12  1.000e-12  3.387e+01     7.3795     7.3720    -0.0075     5.8827     5.8767     60.923     62.274      0.360    1427.89    1427.89  0.000e+00
       5957     62.000     3.0565     3.0561    -0.0004    0.75802    0.75727          1     8.5650     8.4704       9.98     0.0120  2.898e-12  1.000e-12  3.450e+01     7.3797     7.3720    -0.0077     5.8829     5.8767     61.418     62.780      0.257    1427.91    1427.89  0.000e+00
       5999     62.500     3.0564     3.0569     0.0006    0.75803    0.75734          1     8.5569     8.4550       9.98     0.0118  2.906e-12  1.000e-12  3.442e+01     7.3797     7.3724    -0.0073     5.8829     5.8771     61.913     63.286      0.297    1427.91    1427.91  0.000e+00
       6056     63.000     3.0576     3.0572    -0.0005    0.75810    0.75735          1     8.5593     8.4646       9.97     0.0114  2.916e-12  1.000e-12  3.430e+01     7.3801     7.3724    -0.0077     5.8832     5.8771     62.408     63.793      0.215    1427.93    1427.92  0.000e+00
       6107     63.500     3.0587     3.0603     0.0015    0.75820    0.75748          1     8.5549     8.4631       9.97     0.0112  2.974e-12  1.000e-12  3.366e+01     7.3809     7.3730    -0.0078     5.8838     5.8775     62.903     64.299      0.301    1427.94    1427.94  0.000e+00
       6164     64.000     3.0683     3.0749     0.0066    0.75883    0.75836          1     8.5280     8.4476       9.97     0.0112  2.968e-12  1.000e-12  3.372e+01     7.3852     7.3787    -0.0065     5.8872     5.8819     63.399     64.805      0.220    1428.00    1428.02  0.000e+00
       6217     64.500     3.0935     3.1087     0.0151    0.76059    0.76026          1     8.4948     8.4051       9.97     0.0111  2.969e-12  1.000e-12  3.371e+01     7.3977     7.3908    -0.0070     5.8969     5.8912     63.894     65.311      0.337    1428.14    1428.20  0.000e+00
       6249     65.000     3.1316     3.1443     0.0127    0.76307    0.76262          1     8.3698     8.2816       9.97     0.0116  2.979e-12  1.000e-12  3.360e+01     7.4148     7.4071    -0.0076     5.9101     5.9038     64.389     65.818      0.375    1428.34    1428.39  0.000e+00
       6283     65.500     3.1813     3.2076     0.0263    0.76652    0.76643          1     8.2283     8.1715       9.67     0.0115  2.955e-12  1.000e-12  3.386e+01     7.4392     7.4323    -0.0069     5.9290     5.9231     64.884     66.324      0.314    1428.61    1428.72  0.000e+00
       6335     66.000     3.7784     4.0584     0.2797    0.82190    0.83202          1     7.6235     6.8511       9.14     0.0121  2.977e-12  1.000e-12  3.362e+01     7.8693     7.9047     0.0354     6.2597     6.2805     65.380     66.830      0.204    1431.89    1433.19  0.000e+00
       6386     66.500     4.7062     4.8519     0.1455    0.91301    0.91708          1     5.6126     4.3551       8.62     0.0122  3.025e-12  1.000e-12  3.308e+01     8.5679     8.5714     0.0035     6.7864     6.7836     65.875     67.336      0.253    1436.94    1437.59  0.000e+00
       6453     67.000     4.8878     4.9788     0.0909    0.93512    0.94134          1     3.9950     3.5156       8.09     0.0125  3.042e-12  1.000e-12  3.289e+01     8.7441     8.7828     0.0387     6.9190     6.9457     66.370     67.842      0.221    1437.98    1438.43  0.000e+00
       6503     67.500     5.0330     5.1130     0.0803    0.95543    0.95768          1     3.4602     3.1410       7.60     0.0129  3.040e-12  1.000e-12  3.292e+01     8.9099     8.9110     0.0011     7.0439     7.0412     66.865     68.348      0.398    1438.83    1439.18  0.000e+00
       6529     68.000     5.1245     5.1924     0.0675    0.96413    0.96621          1     3.2690     2.9537       7.10     0.0134  3.062e-12  1.000e-12  3.266e+01     8.9725     8.9752     0.0027     7.0893     7.0883     67.360     68.853      0.454    1439.32    1439.62  0.000e+00
       6559     68.500     5.1462     5.2585     0.1120    0.96536    0.97008          1     3.0908     2.9140       6.57     0.0127  3.036e-12  1.000e-12  3.296e+01     8.9790     8.9961     0.0171     7.0934     7.1016     67.856     69.359      0.303    1439.43    1439.94  0.000e+00
       6643     69.000     5.2181     5.2656     0.0474    0.97265    0.97409          1     2.8503     2.8071       6.04     0.0126  2.970e-12  1.000e-12  3.370e+01     9.0325     9.0341     0.0015     7.1324     7.1313     68.351     69.865      0.326    1439.82    1440.03  0.000e+00
       6672     69.500     5.2729     5.3013     0.0284    0.97744    0.97734          1     2.7886     2.6678       5.55     0.0134  2.981e-12  1.000e-12  3.358e+01     9.0655     9.0568    -0.0087     7.1558     7.1476     68.846     70.370      0.489    1440.11    1440.22  0.000e+00
       6698     70.000     5.3009     5.3319     0.0311    0.98073    0.98311          1     2.6845     2.5672       5.00     0.0133  3.014e-12  1.000e-12  3.321e+01     9.0907     9.1061     0.0154     7.1744     7.1850     69.341     70.876      0.354    1440.27    1440.43  0.000e+00
       6783     70.500     5.3574     5.3926     0.0352    0.99194    0.99328          1     2.3429     2.2817       4.51     0.0134  2.927e-12  1.000e-12  3.418e+01     9.1872     9.1909     0.0037     7.2478     7.2489     69.837     71.382      0.278    1440.65    1440.80  0.000e+00
       6822     71.000     5.4234     5.4554     0.0319    0.99957    1.00095          1     2.1941     2.0954       3.99     0.0135  2.898e-12  1.000e-12  3.450e+01     9.2451     9.2500     0.0049     7.2902     7.2924     70.332     71.887      0.361    1441.01    1441.16  0.000e+00
       6857     71.500     5.4509     5.4736     0.0228    1.00424    1.00648          1     2.0440     1.9697       3.46     0.0134  2.909e-12  1.000e-12  3.438e+01     9.2840     9.3000     0.0161     7.3195     7.3310     70.827     72.393      0.327    1441.19    1441.31  0.000e+00
       6894     72.000     5.4627     5.5243     0.0616    1.00750    1.01623          1     1.9111     1.8991       2.95     0.0140  2.902e-12  1.000e-12  3.447e+01     9.3132     9.3829     0.0697     7.3419     7.3937     71.322     72.898      0.324    1441.29    1441.64  0.000e+00
       6953     72.500     5.5191     5.6126     0.0935    1.01968    1.03387          1     1.5916     1.6631       2.42     0.0134  2.896e-12  1.000e-12  3.452e+01     9.4186     9.5336     0.1150     7.4221     7.5078     71.817     73.404      0.225    1441.67    1442.22  0.000e+00
       7019     73.000     5.6089     5.6313     0.0225    1.03638    1.03757          1     1.3551     1.3749       1.90     0.0136  2.897e-12  1.000e-12  3.452e+01     9.5595     9.5649     0.0054     7.5285     7.5316     72.313     73.909      0.338    1442.25    1442.35  0.000e+00
       7320     73.500     5.6300     5.6337     0.0036    1.03909    1.03821          1     1.2935     1.2885       1.33     0.0136  2.877e-12  1.000e-12  3.477e+01     9.5803     9.5705    -0.0098     7.5438     7.5358     72.808     74.415      0.195    1442.37    1442.37  0.000e+00
       7932     74.000     5.6376     5.6377     0.0001    1.03964    1.03887          1     1.2350     1.2431       0.79     0.0137  2.730e-12  1.000e-12  3.664e+01     9.5835     9.5759    -0.0077     7.5459     7.5398     73.303     74.920     -0.002    1442.42    1442.41  0.000e+00
