ctdpy/exports/archive_20191121_122431/received_data/SBE09_1044_20181207_1139_34_01_0162.cnv
* Sea-Bird SBE 9 Data File:
* FileName = C:\ctd\temp\ar18d162.hex
* Software Version Seasave V 7.26.7.107
* Temperature SN = 5351
* Conductivity SN = 3941
* Number of Bytes Per Scan = 41
* Number of Voltage Words = 4
* Number of Scans Averaged by the Deck Unit = 1
* NMEA Latitude = 56 39.85 N
* NMEA Longitude = 012 06.89 E
* NMEA UTC (Time) = Dec 07 2018  11:39:23
* NMEA baud rate = 4800
** Station:  Anholt E
** Operator:  ASkj
** Ship: ARANDA
** Average sound velocity: 1479.58 m/s
** True-depth calculation Sun, 09 Dec 2018 17:15:07 +0000
** CTD Python Module SMHI /ver 3-12/ feb 2012 
** LIMS Job: 20183401-0162
** Cruise: SMHI-7-2018
** Latitude [GG MM.mm N]:
** Longitude [GG MM.mm E]
# nquan = 26
# nvalues = 112                         
# units = specified
# name 0 = scan: Scan Count
# name 1 = prDM: Pressure, Digiquartz [db]
# name 2 = t090C: Temperature [ITS-90, deg C]
# name 3 = t190C: Temperature, 2 [ITS-90, deg C]
# name 4 = T2-T190C: Temperature Difference, 2 - 1 [ITS-90, deg C]
# name 5 = c0S/m: Conductivity [S/m]
# name 6 = c1S/m: Conductivity, 2 [S/m]
# name 7 = pumps: Pump Status
# name 8 = sbeox0ML/L: Oxygen, SBE 43 [ml/l]
# name 9 = sbeox1ML/L: Oxygen, SBE 43, 2 [ml/l]
# name 10 = altM: Altimeter [m]
# name 11 = flECO-AFL: Chl-a Fluorescence, WET Labs ECO-AFL/FL [mg/m^3]
# name 12 = flECO-AFL1: Phycocyanin Fluorescence, WET Labs ECO-AFL/FL, 2 [mg/m^3]
# name 13 = par: PAR/Irradiance, Biospherical/Lico [µE/(cm^2*s)]
# name 14 = turbWETntu0: Turbidity, WET Labs ECO [NTU]
# name 15 = sal00: Salinity, Practical [PSU]
# name 16 = sal11: Salinity, Practical, 2 [PSU]
# name 17 = secS-priS: Salinity, Practical, Difference, 2 - 1 [PSU]
# name 18 = sigma-t00: Density [sigma-t, Kg/m^3 ]
# name 19 = sigma-t11: Density, 2 [sigma-t, Kg/m^3 ]
# name 20 = depSM: Depth [salt water, m], lat = 56.6642
# name 21 = depFM: Depth [true depth, m], lat = 56.6642
# name 22 = dz/dtM: Descent Rate [m/s], WS = 2
# name 23 = svCM: Sound Velocity [Chen-Millero, m/s]
# name 24 = svCM1: Sound Velocity, 2 [Chen-Millero, m/s]
# name 25 = flag: flag
# span 0 =      15456,      19126       
# span 1 =      1.000,     56.500       
# span 2 =     6.4428,     9.8546       
# span 3 =     6.4452,     9.8534       
# span 4 =    -0.0094,     0.0097       
# span 5 =   2.395121,   3.662147       
# span 6 =   2.394763,   3.661552       
# span 7 =          1,          1       
# span 8 =    5.34009,    7.32085       
# span 9 =    5.35172,    7.34615       
# span 10 =       4.90,     101.84      
# span 11 =     0.2190,     3.9126      
# span 12 =     0.1777,     0.6820      
# span 13 = 1.0000e-12, 3.8936e+02      
# span 14 =     0.4755,     3.0581      
# span 15 =    23.1876,    33.6105      
# span 16 =    23.1869,    33.6056      
# span 17 =    -0.0353,     0.0148      
# span 18 =    18.1858,    25.8914      
# span 19 =    18.1869,    25.8878      
# span 20 =      0.991,     55.975      
# span 21 =      1.000,     56.246      
# span 22 =     -0.055,      0.692      
# span 23 =    1461.75,    1488.54      
# span 24 =    1461.75,    1488.53      
# span 25 = 0.0000e+00, 0.0000e+00      
# interval = decibars: 0.5              
# start_time = Dec 07 2018 11:39:24 [NMEA time, first data scan]
# bad_flag = -9.990e-29
*END*
      15456      1.000     6.4901     6.4886    -0.0017    2.39804    2.39877          1     7.3209     7.3388      98.53     3.4791     0.6163  3.894e+02  0.4755000    23.1977    23.2065     0.0088    18.1928    18.1998      0.991      1.000      0.270    1461.90    1461.90  0.000e+00
      15483      1.500     6.4822     6.4823     0.0000    2.39662    2.39694          1     7.3171     7.3461      94.60     3.6296     0.6203  1.227e+02  0.5452000    23.1878    23.1912     0.0034    18.1858    18.1884      1.486      1.501      0.368    1461.86    1461.87  0.000e+00
      15561      2.000     6.4588     6.4639     0.0049    2.39512    2.39538          1     7.3057     7.3228      17.77     3.6160     0.5864  9.770e+01  0.5068000    23.1876    23.1869    -0.0008    18.1881    18.1869      1.982      2.001      0.596    1461.77    1461.79  0.000e+00
      15577      2.500     6.4744     6.4717    -0.0025    2.39667    2.39628          1     7.3056     7.3279      46.58     3.7056     0.6820  7.807e+01  0.5460000    23.1934    23.1910    -0.0023    18.1910    18.1894      2.477      2.501      0.605    1461.85    1461.84  0.000e+00
      15605      3.000     6.4428     6.4466     0.0038    2.39607    2.39536          1     7.2999     7.3325      37.88     3.8349     0.6399  6.322e+01  0.6174000    23.2082    23.1982    -0.0101    18.2059    18.1976      2.973      3.001      0.355    1461.75    1461.75  0.000e+00
      15642      3.500     6.4451     6.4452     0.0001    2.39545    2.39476          1     7.3114     7.3315     101.84     3.7825     0.5898  5.837e+01  0.5525000    23.1999    23.1926    -0.0074    18.1992    18.1934      3.468      3.501      0.441    1461.76    1461.75  0.000e+00
      15663      4.000     6.4468     6.4452    -0.0015    2.39737    2.39708          1     7.2985     7.3235      97.49     3.8427     0.6170  4.919e+01  0.6107000    23.2189    23.2170    -0.0020    18.2139    18.2125      3.963      4.001      0.559    1461.80    1461.79  0.000e+00
      15685      4.500     6.4620     6.4574    -0.0047    2.40088    2.39933          1     7.2951     7.3099      66.17     3.9126     0.6162  4.126e+01  0.6453000    23.2457    23.2324    -0.0133    18.2334    18.2234      4.459      4.501      0.538    1461.90    1461.86  0.000e+00
      15708      5.000     6.4454     6.4486     0.0032    2.39640    2.39702          1     7.2907     7.2927      58.69     3.7997     0.5609  3.404e+01  0.6438000    23.2092    23.2136     0.0045    18.2064    18.2096      4.954      5.002      0.514    1461.80    1461.81  0.000e+00
      15732      5.500     6.4530     6.4500    -0.0031    2.39879    2.39748          1     7.2942     7.2994      63.94     3.6170     0.5704  2.946e+01  0.6397000    23.2292    23.2174    -0.0118    18.2214    18.2124      5.450      5.502      0.495    1461.86    1461.83  0.000e+00
      15756      6.000     6.4448     6.4476     0.0029    2.39650    2.39704          1     7.3007     7.3079      72.77     3.5934     0.5619  2.596e+01  0.6465000    23.2104    23.2142     0.0038    18.2074    18.2101      5.945      6.002      0.520    1461.81    1461.82  0.000e+00
      15778      6.500     6.4796     6.4849     0.0052    2.40706    2.40812          1     7.2870     7.2895      77.20     3.5924     0.6115  2.231e+01  0.6434000    23.2986    23.3062     0.0076    18.2732    18.2786      6.440      6.502      0.579    1462.07    1462.10  0.000e+00
      15798      7.000     6.4989     6.5023     0.0033    2.41112    2.41122          1     7.2674     7.2816      82.89     3.4097     0.6160  1.898e+01  0.6856000    23.3283    23.3271    -0.0011    18.2945    18.2933      6.936      7.002      0.569    1462.19    1462.20  0.000e+00
      15820      7.500     6.5058     6.5139     0.0081    2.41175    2.41221          1     7.2578     7.2785      67.11     3.2768     0.5579  1.663e+01  0.6144000    23.3300    23.3294    -0.0006    18.2952    18.2939      7.431      7.502      0.508    1462.23    1462.26  0.000e+00
      15845      8.000     6.5127     6.5188     0.0061    2.41221    2.41290          1     7.2563     7.2752      76.42     3.2742     0.5996  1.425e+01  0.6233000    23.3301    23.3333     0.0032    18.2945    18.2964      7.927      8.002      0.505    1462.27    1462.30  0.000e+00
      15867      8.500     6.5289     6.5295     0.0007    2.41426    2.41429          1     7.2556     7.2696      75.83     3.2378     0.4728  1.265e+01  0.6492000    23.3406    23.3404    -0.0002    18.3011    18.3009      8.422      8.503      0.579    1462.35    1462.36  0.000e+00
      15887      9.000     6.5405     6.5404    -0.0001    2.41566    2.41555          1     7.2419     7.2459      97.03     3.1624     0.5109  1.118e+01  0.6383000    23.3473    23.3462    -0.0012    18.3051    18.3043      8.917      9.003      0.599    1462.42    1462.42  0.000e+00
      15908      9.500     6.5480     6.5481     0.0000    2.41675    2.41662          1     7.2275     7.2372      97.47     3.0958     0.5375  9.568e+00  0.6183000    23.3536    23.3522    -0.0014    18.3093    18.3081      9.413      9.503      0.551    1462.46    1462.46  0.000e+00
      15931     10.000     6.5485     6.5486     0.0002    2.41689    2.41681          1     7.2105     7.2237      97.46     3.0748     0.5591  8.470e+00  0.6135000    23.3546    23.3536    -0.0010    18.3100    18.3092      9.908     10.003      0.508    1462.47    1462.47  0.000e+00
      15954     10.500     6.5877     6.5903     0.0026    2.42567    2.42596          1     7.1823     7.1952      69.82     3.0317     0.5653  7.480e+00  0.6244000    23.4205    23.4218     0.0013    18.3577    18.3584     10.404     10.503      0.519    1462.72    1462.74  0.000e+00
      15977     11.000     6.6757     6.6681    -0.0072    2.44491    2.44275          1     7.1544     7.1587      82.49     2.8538     0.5465  6.615e+00  0.6865000    23.5636    23.5460    -0.0176    18.4608    18.4478     10.899     11.003      0.541    1463.27    1463.21  0.000e+00
      15999     11.500     6.7854     6.7955     0.0097    2.47398    2.47603          1     7.1271     7.1178      97.33     2.6953     0.4834  5.950e+00  0.5997000    23.7946    23.8094     0.0148    18.6305    18.6410     11.394     11.503      0.578    1464.00    1464.06  0.000e+00
      16019     12.000     6.8896     6.8922     0.0026    2.50477    2.50483          1     7.0796     7.0692      97.50     2.4319     0.4574  5.249e+00  0.6465000    24.0467    24.0455    -0.0013    18.8171    18.8158     11.890     12.003      0.611    1464.74    1464.75  0.000e+00
      16038     12.500     6.9954     6.9971     0.0017    2.54583    2.54576          1     7.0396     7.0381      59.42     2.2287     0.4635  4.601e+00  0.6499000    24.4046    24.4027    -0.0019    19.0863    19.0846     12.385     12.503      0.585    1465.62    1465.62  0.000e+00
      16060     13.000     7.0057     7.0075     0.0017    2.55189    2.55193          1     7.0196     7.0269      39.86     2.1017     0.4415  4.104e+00  0.6224000    24.4609    24.4601    -0.0009    19.1293    19.1285     12.881     13.003      0.503    1465.74    1465.75  0.000e+00
      16086     13.500     7.0147     7.0160     0.0014    2.55426    2.55430          1     7.0071     7.0175      14.38     2.1071     0.4019  3.745e+00  0.5889000    24.4793    24.4788    -0.0006    19.1428    19.1422     13.376     13.502      0.494    1465.81    1465.81  0.000e+00
      16109     14.000     7.0277     7.0287     0.0010    2.55719    2.55708          1     7.0143     7.0285      42.67     2.0141     0.4217  3.399e+00  0.5281000    24.5007    24.4988    -0.0019    19.1581    19.1565     13.871     14.002      0.563    1465.89    1465.90  0.000e+00
      16129     14.500     7.0554     7.0568     0.0014    2.56533    2.56530          1     7.0119     7.0323      47.06     2.1407     0.4856  3.047e+00  0.6372000    24.5665    24.5652    -0.0013    19.2065    19.2054     14.367     14.502      0.583    1466.09    1466.10  0.000e+00
      16150     15.000     7.1109     7.1122     0.0013    2.57670    2.57656          1     6.9642     6.9777      93.57     2.1590     0.4344  2.738e+00  0.5754000    24.6463    24.6439    -0.0024    19.2629    19.2608     14.862     15.001      0.550    1466.42    1466.42  0.000e+00
      16173     15.500     7.1420     7.1433     0.0012    2.58337    2.58334          1     6.8137     6.8239      61.64     2.1825     0.4471  2.463e+00  0.5607000    24.6939    24.6927    -0.0012    19.2967    19.2956     15.358     15.501      0.517    1466.61    1466.62  0.000e+00
      16196     16.000     7.1458     7.1471     0.0013    2.58717    2.58708          1     6.7406     6.7347      46.64     2.1547     0.4651  2.229e+00  0.5621000    24.7309    24.7291    -0.0018    19.3252    19.3237     15.853     16.001      0.557    1466.68    1466.69  0.000e+00
      16216     16.500     7.1899     7.1906     0.0007    2.60402    2.60352          1     6.8310     6.8049      92.87     2.2327     0.4525  2.040e+00  0.6431000    24.8760    24.8703    -0.0057    19.4339    19.4294     16.348     16.500      0.611    1467.05    1467.04  0.000e+00
      16235     17.000     7.5661     7.5611    -0.0050    2.69681    2.69436          1     6.7303     6.6840      80.71     2.4371     0.3987  1.849e+00  0.7997000    25.5721    25.5502    -0.0218    19.9347    19.9182     16.844     17.000      0.570    1469.40    1469.35  0.000e+00
      16260     17.500     8.2871     8.2777    -0.0094    2.93098    2.92688          1     6.3967     6.3361      65.45     2.3798     0.4387  1.652e+00  0.7910000    27.4549    27.4195    -0.0353    21.3159    21.2895     17.339     17.499      0.445    1474.52    1474.44  0.000e+00
      16288     18.000     8.6785     8.6801     0.0016    3.03408    3.03409          1     6.1965     6.1516      77.98     1.4136     0.3928  1.495e+00  0.7123000    28.2119    28.2108    -0.0011    21.8547    21.8536     17.834     17.997      0.498    1476.96    1476.96  0.000e+00
      16308     18.500     8.8382     8.8357    -0.0025    3.08712    3.08474          1     6.0819     6.0446      67.32     1.1142     0.3087  1.361e+00  0.6724000    28.6269    28.6045    -0.0223    22.1560    22.1389     18.330     18.495      0.668    1478.08    1478.04  0.000e+00
      16325     19.000     9.0200     9.0204     0.0003    3.16669    3.16637          1     5.9947     5.9649      75.20     0.9992     0.3029  1.223e+00  0.6939000    29.2940    29.2903    -0.0036    22.6509    22.6480     18.825     18.993      0.692    1479.59    1479.58  0.000e+00
      16343     19.500     9.0527     9.0539     0.0011    3.18072    3.17966          1     5.9457     5.9324      49.34     0.9193     0.2960  1.093e+00  0.6896000    29.4103    29.3985    -0.0118    22.7370    22.7276     19.321     19.491      0.572    1479.86    1479.85  0.000e+00
      16369     20.000     9.1076     9.1073    -0.0003    3.21782    3.21672          1     5.9166     5.9123      65.04     0.8446     0.2920  9.977e-01  0.6452000    29.7441    29.7331    -0.0110    22.9896    22.9811     19.816     19.989      0.442    1480.48    1480.47  0.000e+00
      16395     20.500     9.1740     9.1761     0.0022    3.25188    3.25310          1     5.9002     5.9023      40.16     0.7955     0.2780  9.232e-01  0.6138000    30.0367    30.0473     0.0107    23.2082    23.2162     20.311     20.487      0.538    1481.09    1481.11  0.000e+00
      16415     21.000     9.2059     9.2067     0.0008    3.26928    3.26937          1     5.8851     5.8902      56.04     0.7456     0.2578  8.383e-01  0.6051000    30.1875    30.1877     0.0002    23.3212    23.3212     20.807     20.985      0.623    1481.41    1481.41  0.000e+00
      16434     21.500     9.2389     9.2378    -0.0011    3.28159    3.28113          1     5.8563     5.8604      62.24     0.6434     0.2973  7.521e-01  0.5945000    30.2852    30.2814    -0.0037    23.3925    23.3897     21.302     21.482      0.607    1481.65    1481.65  0.000e+00
      16455     22.000     9.2731     9.2740     0.0010    3.29521    3.29547          1     5.8549     5.8563      39.47     0.6277     0.2817  6.788e-01  0.5942000    30.3952    30.3970     0.0018    23.4732    23.4745     21.797     21.980      0.544    1481.92    1481.93  0.000e+00
      16478     22.500     9.2968     9.2983     0.0016    3.32469    3.32476          1     5.8538     5.8406      39.01     0.5900     0.2613  6.246e-01  0.6220000    30.6761    30.6755    -0.0007    23.6890    23.6883     22.293     22.478      0.528    1482.36    1482.37  0.000e+00
      16500     23.000     9.4152     9.4183     0.0030    3.39082    3.39100          1     5.8094     5.7796      38.64     0.5564     0.2922  5.706e-01  0.6341000    31.2493    31.2485    -0.0008    24.1183    24.1172     22.788     22.975      0.540    1483.51    1483.52  0.000e+00
      16523     23.500     9.4911     9.4920     0.0009    3.43124    3.43065          1     5.7528     5.7281      38.15     0.4856     0.2593  5.132e-01  0.6180000    31.5959    31.5890    -0.0068    24.3771    24.3716     23.283     23.472      0.542    1484.22    1484.21  0.000e+00
      16544     24.000     9.5051     9.5059     0.0008    3.46206    3.46188          1     5.7171     5.7131      37.61     0.3823     0.2440  4.646e-01  0.6149000    31.8982    31.8957    -0.0025    24.6110    24.6089     23.779     23.969      0.559    1484.65    1484.65  0.000e+00
      16565     24.500     9.5005     9.5014     0.0009    3.46966    3.46956          1     5.7059     5.7100      13.97     0.3336     0.2620  4.259e-01  0.6968000    31.9799    31.9780    -0.0018    24.6755    24.6740     24.274     24.466      0.576    1484.74    1484.74  0.000e+00
      16586     25.000     9.5001     9.5004     0.0004    3.47545    3.47525          1     5.7129     5.7113       9.07     0.3224     0.2725  3.790e-01  0.7268000    32.0392    32.0369    -0.0023    24.7220    24.7201     24.770     24.963      0.572    1484.82    1484.82  0.000e+00
      16608     25.500     9.5612     9.5578    -0.0033    3.49248    3.49153          1     5.6761     5.6652      14.29     0.3213     0.2581  3.433e-01  0.7237000    32.1586    32.1519    -0.0067    24.8054    24.8007     25.265     25.460      0.541    1485.20    1485.18  0.000e+00
      16631     26.000     9.6791     9.6781    -0.0010    3.52092    3.52022          1     5.5923     5.5793      22.46     0.2983     0.2221  3.156e-01  0.7726000    32.3430    32.3368    -0.0062    24.9304    24.9258     25.760     25.957      0.519    1485.86    1485.85  0.000e+00
      16653     26.500     9.7256     9.7267     0.0011    3.53745    3.53749          1     5.5512     5.5373      26.99     0.2781     0.2408  2.888e-01  0.8543000    32.4696    32.4690    -0.0006    25.0217    25.0211     26.256     26.454      0.547    1486.19    1486.20  0.000e+00
      16675     27.000     9.7061     9.7074     0.0013    3.53669    3.53674          1     5.5654     5.5516      34.68     0.2804     0.2081  2.606e-01  0.8944000    32.4791    32.4785    -0.0007    25.0324    25.0316     26.751     26.951      0.575    1486.14    1486.14  0.000e+00
      16695     27.500     9.6857     9.6862     0.0006    3.53986    3.53966          1     5.5930     5.5878      39.27     0.2957     0.2535  2.293e-01  0.8772000    32.5298    32.5273    -0.0026    25.0753    25.0732     27.246     27.448      0.560    1486.14    1486.14  0.000e+00
      16718     28.000     9.6923     9.6924     0.0001    3.54693    3.54685          1     5.6037     5.6078      35.18     0.2849     0.2474  2.043e-01  0.8954000    32.5957    32.5949    -0.0009    25.1257    25.1250     27.742     27.944      0.523    1486.25    1486.25  0.000e+00
