ctdpy/exports/archive_20191121_122431/received_data/SBE09_0827_20180305_1121_26_01_0368.cnv
* Sea-Bird SBE 9 Data File:
* FileName = D:\CTD_SBE911\DAT\26DA.2018.3.68.hex
* Software Version Seasave V 7.21d
* Temperature SN = 034757
* Conductivity SN = 041844
* Number of Bytes Per Scan = 48
* Number of Voltage Words = 5
* Number of Scans Averaged by the Deck Unit = 1
* NMEA Latitude = 55 12.68 N
* NMEA Longitude = 013 34.13 E
* NMEA UTC (Time) = Mar 05 2018  11:21:25
* NMEA baud rate = 4800
** Ship: DANA
** Average sound velocity: 1424.72 m/s
** True-depth calculation Tue, 02 Apr 2019 12:11:13 +0000
** CTD Python Module SMHI /ver 3-12/ feb 2012 
** LIMS Job: 20182601-0368
** Operator:
** Cruise: 02/2018
# nquan = 26
# nvalues = 80                          
# units = specified
# name 0 = scan: Scan Count
# name 1 = prDM: Pressure, Digiquartz [db]
# name 2 = t090C: Temperature [ITS-90, deg C]
# name 3 = t190C: Temperature, 2 [ITS-90, deg C]
# name 4 = T2-T190C: Temperature Difference, 2 - 1 [ITS-90, deg C]
# name 5 = c0S/m: Conductivity [S/m]
# name 6 = c1S/m: Conductivity, 2 [S/m]
# name 7 = pumps: Pump Status
# name 8 = sbeox1ML/L: Oxygen, SBE 43, 2 [ml/l]
# name 9 = sbeox0ML/L: Oxygen, SBE 43 [ml/l]
# name 10 = altM: Altimeter [m]
# name 11 = chloroflTC0: Chlorophyll, Turner Cyclops [ug/l]
# name 12 = cpar: CPAR/Corrected Irradiance [%]
# name 13 = par: PAR/Irradiance, Biospherical/Lico [µE/(cm^2*s)]
# name 14 = spar: SPAR, Biospherical/Licor
# name 15 = sal00: Salinity, Practical [PSU]
# name 16 = sal11: Salinity, Practical, 2 [PSU]
# name 17 = secS-priS: Salinity, Practical, Difference, 2 - 1 [PSU]
# name 18 = sigma-t00: Density [sigma-t, kg/m^3 ]
# name 19 = sigma-t11: Density, 2 [sigma-t, kg/m^3 ]
# name 20 = depSM: Depth [salt water, m], lat = 55.2113
# name 21 = depFM: Depth [true depth, m], lat = 55.2113
# name 22 = dz/dtM: Descent Rate [m/s], WS = 2
# name 23 = svCM: Sound Velocity [Chen-Millero, m/s]
# name 24 = svCM1: Sound Velocity, 2 [Chen-Millero, m/s]
# name 25 = flag: flag
# span 0 =         68,       4205       
# span 1 =      1.000,     40.500       
# span 2 =     2.3208,     2.3725       
# span 3 =     2.3212,     2.3719       
# span 4 =    -0.0078,     0.0052       
# span 5 =   0.792688,   0.796216       
# span 6 =   0.791960,   0.795494       
# span 7 =          1,          1       
# span 8 =     8.7637,     8.8147       
# span 9 =     8.7220,     8.7665       
# span 10 =       1.66,       9.99      
# span 11 =     0.0123,     0.0313      
# span 12 = -7.165e-05, 9.7427e+00      
# span 13 = -1.054e-04, 1.4246e+01      
# span 14 = 1.4612e+02, 1.5028e+02      
# span 15 =     7.9321,     7.9514      
# span 16 =     7.9240,     7.9438      
# span 17 =    -0.0108,    -0.0052      
# span 18 =     6.3280,     6.3434      
# span 19 =     6.3215,     6.3373      
# span 20 =      0.991,     40.130      
# span 21 =      1.012,     40.991      
# span 22 =     -0.074,      0.475      
# span 23 =    1424.27,    1425.14      
# span 24 =    1424.26,    1425.13      
# span 25 = 0.0000e+00, 0.0000e+00      
# interval = decibars: 0.5              
# start_time = Mar 05 2018 11:21:26 [NMEA time, first data scan]
# bad_flag = -9.990e-29
*END*
[from data line 56]
       2947     29.000     2.3646     2.3567    -0.0078    0.79557    0.79439          1     8.8061     8.7379       9.95     0.0247  6.654e-13  1.000e-12  1.503e+02     7.9482     7.9374    -0.0108     6.3408     6.3322     28.736     29.352      0.236    1424.92    1424.87  0.000e+00
       2991     29.500     2.3633     2.3591    -0.0041    0.79550    0.79454          1     8.7935     8.7301       9.95     0.0247  6.654e-13  1.000e-12  1.503e+02     7.9477     7.9384    -0.0093     6.3404     6.3329     29.231     29.858      0.322    1424.92    1424.89  0.000e+00
       3028     30.000     2.3648     2.3603    -0.0045    0.79561    0.79461          1     8.7850     8.7465       9.95     0.0242  6.654e-13  1.000e-12  1.503e+02     7.9484     7.9388    -0.0096     6.3410     6.3333     29.727     30.364      0.276    1424.94    1424.90  0.000e+00
       3110     30.500     2.3650     2.3635    -0.0015    0.79562    0.79483          1     8.7922     8.7232       9.95     0.0227  6.654e-13  1.000e-12  1.503e+02     7.9484     7.9402    -0.0081     6.3410     6.3345     30.222     30.870      0.260    1424.94    1424.93  0.000e+00
       3155     31.000     2.3645     2.3645     0.0000    0.79560    0.79491          1     8.7987     8.7239       9.95     0.0213  6.654e-13  1.000e-12  1.503e+02     7.9481     7.9408    -0.0074     6.3408     6.3349     30.718     31.376      0.318    1424.95    1424.94  0.000e+00
       3216     31.500     2.3645     2.3644    -0.0001    0.79560    0.79491          1     8.7860     8.7323       9.95     0.0208  6.654e-13  1.000e-12  1.503e+02     7.9481     7.9407    -0.0074     6.3408     6.3349     31.213     31.882      0.239    1424.96    1424.95  0.000e+00
       3266     32.000     2.3649     2.3643    -0.0007    0.79564    0.79490          1     8.7857     8.7458       9.93     0.0196  6.654e-13  1.000e-12  1.503e+02     7.9483     7.9406    -0.0078     6.3409     6.3347     31.709     32.388      0.410    1424.97    1424.95  0.000e+00
       3293     32.500     2.3655     2.3647    -0.0008    0.79568    0.79492          1     8.7884     8.7513       9.55     0.0195  6.654e-13  1.000e-12  1.503e+02     7.9485     7.9407    -0.0079     6.3411     6.3348     32.204     32.894      0.377    1424.98    1424.96  0.000e+00
       3362     33.000     2.3658     2.3655    -0.0003    0.79569    0.79497          1     8.7854     8.7476       9.01     0.0194  6.654e-13  1.000e-12  1.503e+02     7.9486     7.9409    -0.0076     6.3411     6.3350     32.699     33.400      0.251    1424.99    1424.98  0.000e+00
       3412     33.500     2.3657     2.3659     0.0001    0.79569    0.79500          1     8.7893     8.7397       8.50     0.0191  6.654e-13  1.000e-12  1.503e+02     7.9485     7.9411    -0.0074     6.3411     6.3351     33.195     33.906      0.309    1425.00    1424.99  0.000e+00
       3463     34.000     2.3655     2.3658     0.0003    0.79569    0.79501          1     8.7910     8.7272       7.97     0.0188  6.654e-13  1.000e-12  1.503e+02     7.9485     7.9411    -0.0074     6.3411     6.3351     33.690     34.412      0.219    1425.00    1424.99  0.000e+00
       3511     34.500     2.3711     2.3658    -0.0054    0.79604    0.79502          1     8.7955     8.7234       7.46     0.0184  6.654e-13  1.000e-12  1.503e+02     7.9508     7.9411    -0.0097     6.3429     6.3352     34.186     34.918      0.295    1425.04    1425.00  0.000e+00
       3554     35.000     2.3714     2.3668    -0.0047    0.79606    0.79507          1     8.7954     8.7282       6.94     0.0188  6.654e-13  1.000e-12  1.503e+02     7.9508     7.9413    -0.0095     6.3429     6.3353     34.681     35.424      0.248    1425.05    1425.01  0.000e+00
       3603     35.500     2.3704     2.3685    -0.0019    0.79601    0.79517          1     8.7983     8.7279       6.44     0.0186  6.654e-13  1.000e-12  1.503e+02     7.9504     7.9420    -0.0084     6.3426     6.3358     35.176     35.930      0.279    1425.05    1425.03  0.000e+00
       3643     36.000     2.3700     2.3690    -0.0009    0.79598    0.79522          1     8.7943     8.7361       5.94     0.0179  6.654e-13  1.000e-12  1.503e+02     7.9502     7.9423    -0.0079     6.3424     6.3361     35.672     36.436      0.279    1425.06    1425.04  0.000e+00
       3705     36.500     2.3695     2.3693    -0.0001    0.79597    0.79526          1     8.7963     8.7404       5.37     0.0182  6.657e-13  1.000e-12  1.502e+02     7.9500     7.9426    -0.0075     6.3423     6.3363     36.167     36.943      0.202    1425.06    1425.05  0.000e+00
       3759     37.000     2.3684     2.3692     0.0008    0.79590    0.79528          1     8.7871     8.7330       4.85     0.0182  6.665e-13  1.000e-12  1.500e+02     7.9496     7.9426    -0.0069     6.3419     6.3364     36.663     37.449      0.352    1425.06    1425.06  0.000e+00
       3792     37.500     2.3688     2.3689     0.0001    0.79594    0.79525          1     8.7935     8.7348       4.28     0.0172  6.686e-13  1.000e-12  1.496e+02     7.9497     7.9424    -0.0074     6.3421     6.3362     37.158     37.955      0.300    1425.07    1425.06  0.000e+00
       3848     38.000     2.3694     2.3689    -0.0005    0.79600    0.79526          1     8.8007     8.7381       3.75     0.0172  6.731e-13  1.000e-12  1.486e+02     7.9502     7.9424    -0.0078     6.3424     6.3362     37.653     38.461      0.253    1425.08    1425.07  0.000e+00
       3884     38.500     2.3687     2.3689     0.0002    0.79595    0.79528          1     8.7916     8.7288       3.24     0.0171  6.745e-13  1.000e-12  1.482e+02     7.9497     7.9425    -0.0072     6.3420     6.3363     38.149     38.967      0.418    1425.09    1425.08  0.000e+00
       3915     39.000     2.3711     2.3694    -0.0016    0.79612    0.79530          1     8.7915     8.7220       2.71     0.0171  6.745e-13  1.000e-12  1.482e+02     7.9509     7.9426    -0.0083     6.3429     6.3363     38.644     39.473      0.297    1425.11    1425.09  0.000e+00
       3984     39.500     2.3725     2.3708    -0.0016    0.79619    0.79540          1     8.7932     8.7383       2.77     0.0168  6.745e-13  1.000e-12  1.482e+02     7.9513     7.9432    -0.0081     6.3433     6.3368     39.139     39.979      0.299    1425.13    1425.11  0.000e+00
       4017     40.000     2.3720     2.3718    -0.0001    0.79617    0.79547          1     8.7959     8.7497       1.72     0.0163  6.745e-13  1.000e-12  1.482e+02     7.9511     7.9437    -0.0074     6.3431     6.3372     39.635     40.485      0.362    1425.13    1425.12  0.000e+00
       4205     40.500     2.3723     2.3719    -0.0005    0.79622    0.79549          1     8.7806     8.7474       1.66     0.0167  6.793e-13  1.000e-12  1.472e+02     7.9514     7.9438    -0.0076     6.3434     6.3373     40.130     40.991     -0.074    1425.14    1425.13  0.000e+00
