ctdpy/exports/archive_20191121_122431/received_data/SBE09_0827_20181122_1254_26_01_1223.cnv
* Sea-Bird SBE 9 Data File:
* FileName = D:\CTD_SBE911\DAT\26DA.2018.12.23.hex
* Software Version Seasave V 7.21d
* Temperature SN = 4548
* Conductivity SN = 3062
* Number of Bytes Per Scan = 48
* Number of Voltage Words = 5
* Number of Scans Averaged by the Deck Unit = 1
* NMEA Latitude = 57 19.45 N
* NMEA Longitude = 019 06.78 E
* NMEA UTC (Time) = Nov 22 2018  12:56:00
* NMEA baud rate = 4800
** Ship: DANA
** Average sound velocity: 1444.16 m/s
** True-depth calculation Tue, 02 Apr 2019 12:13:08 +0000
** CTD Python Module SMHI /ver 3-12/ feb 2012 
** LIMS Job: 20182601-1223
** Operator: Ronny
** Cruise: 12/2018
# nquan = 26
# nvalues = 146                         
# units = specified
# name 0 = scan: Scan Count
# name 1 = prDM: Pressure, Digiquartz [db]
# name 2 = t090C: Temperature [ITS-90, deg C]
# name 3 = t190C: Temperature, 2 [ITS-90, deg C]
# name 4 = T2-T190C: Temperature Difference, 2 - 1 [ITS-90, deg C]
# name 5 = c0S/m: Conductivity [S/m]
# name 6 = c1S/m: Conductivity, 2 [S/m]
# name 7 = pumps: Pump Status
# name 8 = sbeox1ML/L: Oxygen, SBE 43, 2 [ml/l]
# name 9 = sbeox0ML/L: Oxygen, SBE 43 [ml/l]
# name 10 = altM: Altimeter [m]
# name 11 = chloroflTC0: Chlorophyll, Turner Cyclops [ug/l]
# name 12 = cpar: CPAR/Corrected Irradiance [%]
# name 13 = par: PAR/Irradiance, Biospherical/Lico [µE/(cm^2*s)]
# name 14 = spar: SPAR, Biospherical/Licor
# name 15 = sal00: Salinity, Practical [PSU]
# name 16 = sal11: Salinity, Practical, 2 [PSU]
# name 17 = secS-priS: Salinity, Practical, Difference, 2 - 1 [PSU]
# name 18 = sigma-t00: Density [sigma-t, kg/m^3 ]
# name 19 = sigma-t11: Density, 2 [sigma-t, kg/m^3 ]
# name 20 = depSM: Depth [salt water, m], lat = 57.3242
# name 21 = depFM: Depth [true depth, m], lat = 57.3242
# name 22 = dz/dtM: Descent Rate [m/s], WS = 2
# name 23 = svCM: Sound Velocity [Chen-Millero, m/s]
# name 24 = svCM1: Sound Velocity, 2 [Chen-Millero, m/s]
# name 25 = flag: flag
# span 0 =        234,       7040       
# span 1 =      1.000,     73.500       
# span 2 =     3.8146,     8.3719       
# span 3 =     3.7988,     8.3730       
# span 4 =    -0.1968,     0.1090       
# span 5 =   0.783714,   1.047976       
# span 6 =   0.783038,   1.047965       
# span 7 =          1,          1       
# span 8 =     0.1381,     7.4872       
# span 9 =     0.1063,     7.7042       
# span 10 =       1.40,       9.99      
# span 11 =     0.0159,     0.0229      
# span 12 = -1.176e-10, 8.7833e+00      
# span 13 = -1.146e-10, 8.3836e+00      
# span 14 = 9.5449e+01, 9.9511e+01      
# span 15 =     7.1178,     9.7752      
# span 16 =     7.1183,     9.7745      
# span 17 =    -0.0007,     0.0393      
# span 18 =     5.4276,     7.7169      
# span 19 =     5.4283,     7.7163      
# span 20 =      0.991,     72.810      
# span 21 =      1.013,     74.426      
# span 22 =      0.200,      0.305      
# span 23 =    1431.37,    1450.15      
# span 24 =    1431.31,    1450.15      
# span 25 = 0.0000e+00, 0.0000e+00      
# interval = decibars: 0.5              
# start_time = Nov 22 2018 12:56:00 [NMEA time, first data scan]
# bad_flag = -9.990e-29
*END*
        234      1.000     8.2484     8.2413    -0.0070    0.84532    0.84518          1     7.4523     7.6949       9.99     0.0213  8.783e+00  8.384e+00  9.545e+01     7.1182     7.1183     0.0001     5.4276     5.4283      0.991      1.013      0.200    1449.09    1449.06  0.000e+00
        289      1.500     8.2414     8.2406    -0.0008    0.84517    0.84516          1     7.4449     7.6910       9.99     0.0221  7.368e+00  7.033e+00  9.545e+01     7.1182     7.1183     0.0001     5.4282     5.4283      1.486      1.520      0.210    1449.07    1449.07  0.000e+00
        343      2.000     8.2405     8.2399    -0.0006    0.84516    0.84515          1     7.4540     7.6927       9.99     0.0219  6.319e+00  6.034e+00  9.549e+01     7.1182     7.1183     0.0001     5.4283     5.4284      1.982      2.026      0.254    1449.08    1449.07  0.000e+00
        386      2.500     8.2397     8.2400     0.0003    0.84515    0.84517          1     7.4494     7.7009       9.99     0.0222  5.539e+00  5.287e+00  9.545e+01     7.1183     7.1183     0.0000     5.4284     5.4284      2.477      2.533      0.269    1449.08    1449.08  0.000e+00
        434      3.000     8.2384     8.2381    -0.0003    0.84513    0.84513          1     7.4486     7.6984       9.99     0.0220  4.741e+00  4.527e+00  9.549e+01     7.1183     7.1183     0.0000     5.4285     5.4285      2.972      3.039      0.262    1449.08    1449.08  0.000e+00
        477      3.500     8.2372     8.2375     0.0002    0.84511    0.84512          1     7.4605     7.7005       9.99     0.0218  4.122e+00  3.942e+00  9.564e+01     7.1183     7.1183     0.0000     5.4286     5.4286      3.468      3.546      0.262    1449.09    1449.09  0.000e+00
        526      4.000     8.2368     8.2374     0.0006    0.84511    0.84513          1     7.4502     7.6956       9.99     0.0209  3.606e+00  3.456e+00  9.584e+01     7.1183     7.1183     0.0000     5.4287     5.4286      3.963      4.052      0.246    1449.09    1449.10  0.000e+00
        572      4.500     8.2369     8.2362    -0.0007    0.84506    0.84511          1     7.4478     7.7017       9.99     0.0209  3.142e+00  3.011e+00  9.586e+01     7.1178     7.1184     0.0006     5.4283     5.4287      4.459      4.559      0.268    1449.10    1449.10  0.000e+00
        621      5.000     8.2363     8.2368     0.0005    0.84513    0.84513          1     7.4484     7.7042       9.98     0.0217  2.704e+00  2.606e+00  9.640e+01     7.1184     7.1184    -0.0000     5.4288     5.4287      4.954      5.065      0.230    1449.11    1449.11  0.000e+00
        669      5.500     8.2367     8.2380     0.0014    0.84514    0.84517          1     7.4612     7.7040       9.98     0.0225  2.330e+00  2.251e+00  9.659e+01     7.1184     7.1184    -0.0000     5.4288     5.4286      5.449      5.572      0.287    1449.12    1449.12  0.000e+00
        713      6.000     8.2377     8.2384     0.0007    0.84517    0.84518          1     7.4715     7.6971       9.98     0.0225  2.034e+00  1.969e+00  9.683e+01     7.1184     7.1184    -0.0000     5.4287     5.4286      5.945      6.078      0.237    1449.13    1449.13  0.000e+00
        766      6.500     8.2380     8.2394     0.0015    0.84519    0.84522          1     7.4777     7.6948       9.98     0.0220  1.791e+00  1.741e+00  9.722e+01     7.1185     7.1184    -0.0000     5.4287     5.4285      6.440      6.585      0.262    1449.14    1449.15  0.000e+00
        806      7.000     8.2386     8.2384    -0.0002    0.84521    0.84520          1     7.4813     7.7021       9.98     0.0227  1.586e+00  1.543e+00  9.727e+01     7.1185     7.1184    -0.0000     5.4286     5.4286      6.935      7.091      0.305    1449.15    1449.15  0.000e+00
        851      7.500     8.2363     8.2345    -0.0018    0.84516    0.84511          1     7.4648     7.7039       9.98     0.0227  1.389e+00  1.354e+00  9.748e+01     7.1184     7.1184    -0.0000     5.4288     5.4289      7.431      7.598      0.234    1449.15    1449.14  0.000e+00
        902      8.000     8.2330     8.2328    -0.0001    0.84508    0.84508          1     7.4565     7.6960       9.98     0.0220  1.243e+00  1.212e+00  9.748e+01     7.1184     7.1184    -0.0000     5.4290     5.4290      7.926      8.104      0.269    1449.14    1449.14  0.000e+00
        945      8.500     8.2327     8.2332     0.0006    0.84508    0.84510          1     7.4587     7.6901       9.98     0.0220  1.090e+00  1.062e+00  9.748e+01     7.1184     7.1184     0.0000     5.4291     5.4290      8.422      8.611      0.252    1449.15    1449.15  0.000e+00
        998      9.000     8.2328     8.2333     0.0005    0.84510    0.84510          1     7.4444     7.6983       9.97     0.0219  9.401e-01  9.164e-01  9.748e+01     7.1184     7.1183    -0.0001     5.4291     5.4290      8.917      9.117      0.232    1449.16    1449.16  0.000e+00
       1046      9.500     8.2329     8.2336     0.0007    0.84511    0.84512          1     7.4710     7.6995       9.97     0.0218  8.162e-01  7.957e-01  9.748e+01     7.1184     7.1184    -0.0000     5.4291     5.4290      9.412      9.624      0.256    1449.17    1449.17  0.000e+00
       1093     10.000     8.2332     8.2339     0.0007    0.84512    0.84513          1     7.4623     7.6989       9.97     0.0222  7.003e-01  6.826e-01  9.748e+01     7.1184     7.1184    -0.0000     5.4290     5.4290      9.908     10.130      0.259    1449.18    1449.18  0.000e+00
       1138     10.500     8.2328     8.2338     0.0010    0.84512    0.84514          1     7.4632     7.6935       9.97     0.0222  5.980e-01  5.830e-01  9.748e+01     7.1184     7.1184    -0.0000     5.4291     5.4290     10.403     10.637      0.261    1449.18    1449.19  0.000e+00
       1185     11.000     8.2323     8.2318    -0.0005    0.84511    0.84509          1     7.4559     7.6926       9.97     0.0221  5.167e-01  5.037e-01  9.748e+01     7.1184     7.1183    -0.0001     5.4291     5.4291     10.898     11.143      0.260    1449.19    1449.18  0.000e+00
       1230     11.500     8.2308     8.2321     0.0013    0.84509    0.84511          1     7.4603     7.6951       9.97     0.0223  4.405e-01  4.294e-01  9.748e+01     7.1184     7.1184    -0.0001     5.4292     5.4291     11.394     11.650      0.266    1449.19    1449.19  0.000e+00
       1277     12.000     8.2337     8.2349     0.0011    0.84517    0.84519          1     7.4672     7.6885       9.97     0.0218  3.761e-01  3.666e-01  9.748e+01     7.1185     7.1185    -0.0001     5.4291     5.4289     11.889     12.156      0.242    1449.21    1449.21  0.000e+00
       1327     12.500     8.2369     8.2391     0.0022    0.84526    0.84531          1     7.4621     7.6851       9.97     0.0214  3.155e-01  3.075e-01  9.748e+01     7.1186     7.1186    -0.0000     5.4289     5.4287     12.384     12.663      0.259    1449.23    1449.24  0.000e+00
       1370     13.000     8.2369     8.2355    -0.0014    0.84526    0.84522          1     7.4623     7.6980       9.96     0.0213  2.641e-01  2.574e-01  9.748e+01     7.1186     7.1185    -0.0001     5.4289     5.4289     12.880     13.169      0.276    1449.24    1449.23  0.000e+00
       1418     13.500     8.2356     8.2364     0.0008    0.84523    0.84525          1     7.4654     7.6925       9.96     0.0220  2.127e-01  2.073e-01  9.748e+01     7.1186     7.1185    -0.0001     5.4290     5.4288     13.375     13.676      0.238    1449.24    1449.24  0.000e+00
       1465     14.000     8.2380     8.2388     0.0008    0.84530    0.84531          1     7.4620     7.6966       9.96     0.0211  1.700e-01  1.657e-01  9.748e+01     7.1186     7.1186    -0.0000     5.4288     5.4287     13.871     14.183      0.280    1449.26    1449.26  0.000e+00
       1508     14.500     8.2385     8.2388     0.0003    0.84531    0.84531          1     7.4659     7.6928       9.96     0.0217  1.321e-01  1.288e-01  9.748e+01     7.1186     7.1185    -0.0000     5.4287     5.4287     14.366     14.689      0.262    1449.27    1449.27  0.000e+00
       1555     15.000     8.2383     8.2389     0.0007    0.84531    0.84532          1     7.4581     7.6958       9.96     0.0218  9.773e-02  9.526e-02  9.748e+01     7.1186     7.1185    -0.0001     5.4287     5.4286     14.861     15.196      0.262    1449.28    1449.28  0.000e+00
       1600     15.500     8.2386     8.2395     0.0009    0.84533    0.84534          1     7.4641     7.6900       9.96     0.0220  6.538e-02  6.373e-02  9.748e+01     7.1186     7.1185    -0.0001     5.4287     5.4286     15.357     15.702      0.267    1449.28    1449.29  0.000e+00
       1646     16.000     8.2408     8.2419     0.0011    0.84542    0.84544          1     7.4686     7.6927       9.96     0.0220  3.717e-02  3.624e-02  9.748e+01     7.1189     7.1189     0.0000     5.4288     5.4287     15.852     16.209      0.264    1449.30    1449.31  0.000e+00
       1690     16.500     8.2423     8.2420    -0.0004    0.84548    0.84544          1     7.4619     7.6897       9.96     0.0220  1.178e-02  1.149e-02  9.748e+01     7.1191     7.1188    -0.0002     5.4288     5.4287     16.347     16.715      0.272    1449.32    1449.31  0.000e+00
       1735     17.000     8.2412     8.2419     0.0007    0.84543    0.84545          1     7.4586     7.6930       9.96     0.0220  3.183e-05  3.103e-05  9.748e+01     7.1188     7.1188    -0.0000     5.4287     5.4286     16.843     17.222      0.264    1449.32    1449.32  0.000e+00
       1779     17.500     8.2426     8.2422    -0.0004    0.84550    0.84546          1     7.4557     7.6952       9.96     0.0221 -1.176e-10 -1.146e-10  9.748e+01     7.1191     7.1188    -0.0002     5.4288     5.4286     17.338     17.728      0.275    1449.33    1449.33  0.000e+00
       1825     18.000     8.2409     8.2414     0.0005    0.84543    0.84543          1     7.4619     7.6895       9.96     0.0219  1.026e-12  1.000e-12  9.748e+01     7.1187     7.1187    -0.0001     5.4287     5.4285     17.833     18.235      0.252    1449.33    1449.34  0.000e+00
       1871     18.500     8.2401     8.2408     0.0007    0.84540    0.84541          1     7.4757     7.6974       9.96     0.0217  1.026e-12  1.000e-12  9.748e+01     7.1186     7.1186    -0.0000     5.4286     5.4285     18.329     18.741      0.284    1449.34    1449.34  0.000e+00
       1912     19.000     8.2391     8.2393     0.0002    0.84537    0.84537          1     7.4557     7.6939       9.96     0.0216  1.026e-12  1.000e-12  9.748e+01     7.1185     7.1185    -0.0001     5.4286     5.4286     18.824     19.248      0.271    1449.34    1449.34  0.000e+00
       1960     19.500     8.2388     8.2390     0.0002    0.84537    0.84537          1     7.4632     7.6825       9.96     0.0217  1.026e-12  1.000e-12  9.748e+01     7.1185     7.1185    -0.0001     5.4286     5.4286     19.319     19.754      0.256    1449.35    1449.35  0.000e+00
       2003     20.000     8.2416     8.2427     0.0010    0.84550    0.84552          1     7.4632     7.6879       9.96     0.0211  1.026e-12  1.000e-12  9.748e+01     7.1190     7.1190    -0.0000     5.4288     5.4287     19.815     20.261      0.289    1449.37    1449.37  0.000e+00
       2046     20.500     8.2398     8.2400     0.0002    0.84544    0.84544          1     7.4592     7.6893       9.96     0.0212  1.026e-12  1.000e-12  9.748e+01     7.1188     7.1187    -0.0001     5.4288     5.4287     20.310     20.767      0.263    1449.37    1449.37  0.000e+00
       2094     21.000     8.2414     8.2426     0.0011    0.84553    0.84555          1     7.4613     7.6862       9.96     0.0218  1.026e-12  1.000e-12  9.748e+01     7.1192     7.1191    -0.0001     5.4290     5.4288     20.806     21.274      0.254    1449.38    1449.39  0.000e+00
       2138     21.500     8.2407     8.2406    -0.0000    0.84547    0.84547          1     7.4666     7.6858       9.96     0.0217  1.026e-12  1.000e-12  9.748e+01     7.1188     7.1188    -0.0000     5.4287     5.4287     21.301     21.780      0.283    1449.39    1449.39  0.000e+00
       2182     22.000     8.2364     8.2364    -0.0000    0.84540    0.84539          1     7.4727     7.6935       9.96     0.0218  1.026e-12  1.000e-12  9.748e+01     7.1189     7.1188    -0.0001     5.4292     5.4291     21.796     22.287      0.253    1449.38    1449.38  0.000e+00
       2230     22.500     8.2411     8.2400    -0.0011    0.84554    0.84549          1     7.4574     7.6891       9.96     0.0219  1.026e-12  1.000e-12  9.748e+01     7.1192     7.1190    -0.0002     5.4290     5.4289     22.292     22.793      0.277    1449.41    1449.40  0.000e+00
       2270     23.000     8.2352     8.2361     0.0010    0.84535    0.84537          1     7.4704     7.6937       9.96     0.0221  1.026e-12  1.000e-12  9.748e+01     7.1187     7.1186    -0.0000     5.4291     5.4290     22.787     23.300      0.288    1449.39    1449.39  0.000e+00
       2316     23.500     8.2377     8.2390     0.0012    0.84544    0.84546          1     7.4872     7.6842       9.96     0.0223  1.026e-12  1.000e-12  9.748e+01     7.1188     7.1188    -0.0001     5.4290     5.4289     23.282     23.806      0.245    1449.41    1449.42  0.000e+00
       2364     24.000     8.2400     8.2401     0.0001    0.84553    0.84551          1     7.4788     7.6892       9.96     0.0220  1.026e-12  1.000e-12  9.748e+01     7.1191     7.1190    -0.0002     5.4290     5.4289     23.778     24.313      0.271    1449.43    1449.43  0.000e+00
       2406     24.500     8.2409     8.2399    -0.0010    0.84556    0.84552          1     7.4727     7.6871       9.96     0.0223  1.026e-12  1.000e-12  9.748e+01     7.1192     7.1190    -0.0002     5.4290     5.4289     24.273     24.819      0.284    1449.44    1449.43  0.000e+00
       2451     25.000     8.2354     8.2350    -0.0004    0.84538    0.84537          1     7.4782     7.6918       9.96     0.0229  1.025e-12  1.000e-12  9.756e+01     7.1186     7.1186    -0.0001     5.4290     5.4290     24.768     25.326      0.248    1449.42    1449.42  0.000e+00
       2499     25.500     8.2338     8.2343     0.0005    0.84534    0.84535          1     7.4753     7.6979       9.96     0.0219  1.024e-12  1.000e-12  9.767e+01     7.1186     7.1185    -0.0001     5.4291     5.4290     25.264     25.832      0.271    1449.43    1449.43  0.000e+00
       2540     26.000     8.2341     8.2342     0.0001    0.84537    0.84536          1     7.4701     7.6922       9.96     0.0220  1.022e-12  1.000e-12  9.782e+01     7.1186     7.1186    -0.0000     5.4291     5.4291     25.759     26.339      0.291    1449.43    1449.44  0.000e+00
       2585     26.500     8.2324     8.2332     0.0008    0.84532    0.84534          1     7.4784     7.6903       9.96     0.0220  1.019e-12  1.000e-12  9.814e+01     7.1185     7.1185    -0.0000     5.4292     5.4291     26.254     26.846      0.254    1449.43    1449.44  0.000e+00
       2633     27.000     8.2319     8.2328     0.0009    0.84532    0.84533          1     7.4631     7.6863       9.96     0.0216  1.012e-12  1.000e-12  9.881e+01     7.1185     7.1185    -0.0000     5.4292     5.4291     26.750     27.352      0.261    1449.44    1449.44  0.000e+00
       2676     27.500     8.2628     8.2767     0.0138    0.84684    0.84729          1     7.4575     7.6959       9.96     0.0214  1.015e-12  1.000e-12  9.856e+01     7.1260     7.1273     0.0012     5.4325     5.4323     27.245     27.859      0.283    1449.58    1449.64  0.000e+00
       2720     28.000     8.3176     8.3216     0.0040    0.84932    0.84939          1     7.4452     7.6725       9.96     0.0214  1.010e-12  1.000e-12  9.899e+01     7.1373     7.1371    -0.0002     5.4367     5.4362     27.740     28.365      0.253    1449.83    1449.84  0.000e+00
