ctdpy/exports/archive_20191121_122431/received_data/SBE09_1044_20181207_1521_34_01_0163.cnv
* Sea-Bird SBE 9 Data File:
* FileName = C:\ctd\temp\ar18d163.hex
* Software Version Seasave V 7.26.7.107
* Temperature SN = 5351
* Conductivity SN = 3941
* Number of Bytes Per Scan = 41
* Number of Voltage Words = 4
* Number of Scans Averaged by the Deck Unit = 1
* NMEA Latitude = 57 11.57 N
* NMEA Longitude = 011 39.44 E
* NMEA UTC (Time) = Dec 07 2018  15:21:15
* NMEA baud rate = 4800
** Station:  Fladen
** Operator:  ASkj
** Ship: ARANDA
** Average sound velocity: 1481.93 m/s
** True-depth calculation Sun, 09 Dec 2018 17:16:12 +0000
** CTD Python Module SMHI /ver 3-12/ feb 2012 
** LIMS Job: 20183401-0163
** Cruise: SMHI-7-2018
** Latitude [GG MM.mm N]:
** Longitude [GG MM.mm E]
# nquan = 26
# nvalues = 156                         
# units = specified
# name 0 = scan: Scan Count
# name 1 = prDM: Pressure, Digiquartz [db]
# name 2 = t090C: Temperature [ITS-90, deg C]
# name 3 = t190C: Temperature, 2 [ITS-90, deg C]
# name 4 = T2-T190C: Temperature Difference, 2 - 1 [ITS-90, deg C]
# name 5 = c0S/m: Conductivity [S/m]
# name 6 = c1S/m: Conductivity, 2 [S/m]
# name 7 = pumps: Pump Status
# name 8 = sbeox0ML/L: Oxygen, SBE 43 [ml/l]
# name 9 = sbeox1ML/L: Oxygen, SBE 43, 2 [ml/l]
# name 10 = altM: Altimeter [m]
# name 11 = flECO-AFL: Chl-a Fluorescence, WET Labs ECO-AFL/FL [mg/m^3]
# name 12 = flECO-AFL1: Phycocyanin Fluorescence, WET Labs ECO-AFL/FL, 2 [mg/m^3]
# name 13 = par: PAR/Irradiance, Biospherical/Lico [µE/(cm^2*s)]
# name 14 = turbWETntu0: Turbidity, WET Labs ECO [NTU]
# name 15 = sal00: Salinity, Practical [PSU]
# name 16 = sal11: Salinity, Practical, 2 [PSU]
# name 17 = secS-priS: Salinity, Practical, Difference, 2 - 1 [PSU]
# name 18 = sigma-t00: Density [sigma-t, Kg/m^3 ]
# name 19 = sigma-t11: Density, 2 [sigma-t, Kg/m^3 ]
# name 20 = depSM: Depth [salt water, m], lat = 57.1928
# name 21 = depFM: Depth [true depth, m], lat = 57.1928
# name 22 = dz/dtM: Descent Rate [m/s], WS = 2
# name 23 = svCM: Sound Velocity [Chen-Millero, m/s]
# name 24 = svCM1: Sound Velocity, 2 [Chen-Millero, m/s]
# name 25 = flag: flag
# span 0 =      10847,      15171       
# span 1 =      1.500,     79.000       
# span 2 =     6.9080,     9.3849       
# span 3 =     6.9190,     9.3854       
# span 4 =    -0.0106,     0.0111       
# span 5 =   2.565380,   3.713271       
# span 6 =   2.567407,   3.713355       
# span 7 =          1,          1       
# span 8 =    5.49989,    7.11997       
# span 9 =    5.49762,    7.13584       
# span 10 =       5.58,      97.56      
# span 11 =     0.1055,     2.7819      
# span 12 =     0.1601,     0.5642      
# span 13 = 1.0000e-12, 1.0000e-12      
# span 14 =     0.5643,     2.1091      
# span 15 =    24.6755,    34.7927      
# span 16 =    24.6890,    34.7925      
# span 17 =    -0.0751,     0.0203      
# span 18 =    19.3089,    26.9802      
# span 19 =    19.3182,    26.9798      
# span 20 =      1.486,     78.258      
# span 21 =      1.499,     78.500      
# span 22 =     -0.063,      0.595      
# span 23 =    1465.50,    1487.40      
# span 24 =    1465.53,    1487.40      
# span 25 = 0.0000e+00, 0.0000e+00      
# interval = decibars: 0.5              
# start_time = Dec 07 2018 15:21:15 [NMEA time, first data scan]
# bad_flag = -9.990e-29
*END*
[from data line 56]
      12480     29.500     9.2136     9.2153     0.0017    3.67671    3.67672          1     5.6720     5.6645      42.64     0.1620     0.2537  1.000e-12  0.7763000    34.3810    34.3794    -0.0016    26.5990    26.5975     29.227     29.404      0.573    1486.71    1486.71  0.000e+00
      12502     30.000     9.2237     9.2211    -0.0026    3.68486    3.68443          1     5.7120     5.7086      83.11     0.1606     0.2443  1.000e-12  0.8173000    34.4558    34.4539    -0.0020    26.6560    26.6548     29.722     29.900      0.510    1486.85    1486.83  0.000e+00
      12528     30.500     9.3123     9.3141     0.0019    3.69909    3.69891          1     5.7010     5.7071      66.73     0.1536     0.2432  1.000e-12  0.8176000    34.5181    34.5143    -0.0037    26.6903    26.6871     30.217     30.396      0.487    1487.25    1487.26  0.000e+00
      12551     31.000     9.3410     9.3420     0.0009    3.70404    3.70416          1     5.6562     5.6603      35.37     0.1551     0.2462  1.000e-12  0.8050000    34.5414    34.5418     0.0003    26.7039    26.7040     30.712     30.892      0.542    1487.40    1487.40  0.000e+00
      12572     31.500     9.1411     9.1444     0.0032    3.68329    3.68378          1     5.6167     5.6044      56.61     0.1627     0.2526  1.000e-12  0.8266000    34.5186    34.5206     0.0020    26.7184    26.7195     31.208     31.388      0.565    1486.64    1486.66  0.000e+00
      12594     32.000     9.0308     9.0308    -0.0000    3.67305    3.67306          1     5.5875     5.5613      81.85     0.1382     0.2638  1.000e-12  0.8589000    34.5185    34.5186     0.0001    26.7362    26.7362     31.703     31.884      0.526    1486.25    1486.25  0.000e+00
      12618     32.500     9.0137     9.0148     0.0011    3.67254    3.67255          1     5.5709     5.5580      57.73     0.1470     0.2478  1.000e-12  0.8889000    34.5296    34.5286    -0.0010    26.7476    26.7466     32.198     32.380      0.499    1486.21    1486.21  0.000e+00
      12642     33.000     9.0084     9.0074    -0.0010    3.67306    3.67293          1     5.5624     5.5566      51.64     0.1259     0.1925  1.000e-12  0.8902000    34.5399    34.5395    -0.0003    26.7565    26.7564     32.694     32.876      0.537    1486.21    1486.20  0.000e+00
      12663     33.500     8.9941     8.9950     0.0009    3.67279    3.67288          1     5.5527     5.5483      33.65     0.1260     0.2365  1.000e-12  0.8910000    34.5507    34.5507     0.0001    26.7672    26.7671     33.189     33.372      0.579    1486.18    1486.18  0.000e+00
      12683     34.000     8.9817     8.9831     0.0014    3.67237    3.67250          1     5.5460     5.5427      50.49     0.1342     0.2577  1.000e-12  0.9262000    34.5582    34.5581    -0.0001    26.7751    26.7748     33.684     33.868      0.573    1486.15    1486.15  0.000e+00
      12705     34.500     8.9764     8.9773     0.0010    3.67197    3.67205          1     5.5431     5.5405      81.08     0.1382     0.2447  1.000e-12  0.9450000    34.5589    34.5588    -0.0001    26.7765    26.7763     34.180     34.364      0.536    1486.14    1486.14  0.000e+00
      12728     35.000     8.9711     8.9725     0.0014    3.67151    3.67164          1     5.5396     5.5405      97.10     0.1297     0.2076  1.000e-12  0.9319000    34.5590    34.5590    -0.0000    26.7774    26.7772     34.675     34.860      0.506    1486.13    1486.13  0.000e+00
      12752     35.500     8.9662     8.9679     0.0018    3.67111    3.67127          1     5.5360     5.5416      54.01     0.1240     0.2029  1.000e-12  0.9250000    34.5594    34.5593    -0.0001    26.7785    26.7781     35.170     35.356      0.496    1486.12    1486.12  0.000e+00
      12776     36.000     8.9613     8.9625     0.0013    3.67071    3.67083          1     5.5341     5.5332      48.34     0.1422     0.1794  1.000e-12  0.9448000    34.5598    34.5597    -0.0001    26.7796    26.7793     35.666     35.852      0.522    1486.11    1486.11  0.000e+00
      12798     36.500     8.9657     8.9650    -0.0007    3.67170    3.67152          1     5.5304     5.5342      48.02     0.1140     0.1778  1.000e-12  0.9666000    34.5656    34.5643    -0.0013    26.7834    26.7825     36.161     36.348      0.564    1486.14    1486.14  0.000e+00
      12819     37.000     8.9640     8.9651     0.0012    3.67226    3.67237          1     5.5312     5.5430      47.72     0.1267     0.2546  1.000e-12  0.9561000    34.5729    34.5729     0.0001    26.7894    26.7893     36.656     36.844      0.558    1486.15    1486.15  0.000e+00
      12842     37.500     8.9652     8.9658     0.0007    3.67256    3.67262          1     5.5202     5.5302      43.38     0.1362     0.2355  1.000e-12  0.9321000    34.5746    34.5746     0.0000    26.7906    26.7905     37.152     37.340      0.513    1486.16    1486.17  0.000e+00
      12866     38.000     8.9613     8.9628     0.0015    3.67262    3.67273          1     5.5058     5.5040      40.09     0.1299     0.2072  1.000e-12  0.9413000    34.5788    34.5785    -0.0003    26.7945    26.7940     37.647     37.836      0.496    1486.16    1486.17  0.000e+00
      12890     38.500     8.9350     8.9367     0.0017    3.67312    3.67305          1     5.5124     5.5059      45.94     0.1493     0.2184  1.000e-12  0.9693000    34.6093    34.6071    -0.0023    26.8226    26.8205     38.142     38.332      0.536    1486.11    1486.12  0.000e+00
      12911     39.000     8.9579     8.9599     0.0020    3.67903    3.67923          1     5.5519     5.5559      45.69     0.1365     0.2308  1.000e-12  0.9931000    34.6488    34.6490     0.0002    26.8498    26.8497     38.638     38.828      0.563    1486.25    1486.26  0.000e+00
      12932     39.500     9.0521     9.0564     0.0044    3.69121    3.69160          1     5.6079     5.6223      45.24     0.1151     0.2302  1.000e-12  1.0583000    34.6843    34.6841    -0.0002    26.8626    26.8617     39.133     39.324      0.544    1486.65    1486.67  0.000e+00
      12955     40.000     9.1748     9.1752     0.0003    3.70689    3.70690          1     5.6476     5.6649      44.63     0.1143     0.1937  1.000e-12  1.2051000    34.7282    34.7279    -0.0003    26.8771    26.8768     39.628     39.819      0.518    1487.16    1487.17  0.000e+00
      12978     40.500     9.2181     9.2197     0.0015    3.71257    3.71273          1     5.6624     5.6707      74.88     0.1177     0.2415  1.000e-12  1.3540000    34.7451    34.7452     0.0001    26.8833    26.8831     40.123     40.315      0.534    1487.35    1487.36  0.000e+00
      13000     41.000     9.2152     9.2159     0.0008    3.71327    3.71335          1     5.6593     5.6594      43.60     0.1386     0.1988  1.000e-12  1.4840000    34.7550    34.7551     0.0001    26.8915    26.8915     40.619     40.811      0.546    1487.36    1487.36  0.000e+00
      13022     41.500     9.1986     9.1994     0.0008    3.71193    3.71199          1     5.6508     5.6413      43.01     0.1266     0.2005  1.000e-12  1.6040000    34.7569    34.7568    -0.0002    26.8957    26.8955     41.114     41.307      0.540    1487.31    1487.31  0.000e+00
      13045     42.000     9.1975     9.1991     0.0016    3.71205    3.71219          1     5.6418     5.6313      42.66     0.1171     0.2119  1.000e-12  1.6208000    34.7589    34.7589    -0.0000    26.8975    26.8972     41.609     41.803      0.554    1487.32    1487.33  0.000e+00
      13066     42.500     9.1841     9.1863     0.0021    3.71080    3.71103          1     5.6359     5.6270      42.19     0.1064     0.2011  1.000e-12  1.6265000    34.7588    34.7591     0.0003    26.8996    26.8994     42.105     42.299      0.564    1487.28    1487.29  0.000e+00
      13087     43.000     9.1643     9.1657     0.0013    3.70893    3.70906          1     5.6257     5.6212      41.74     0.1147     0.2747  1.000e-12  1.6498000    34.7583    34.7584     0.0001    26.9024    26.9022     42.600     42.795      0.520    1487.21    1487.22  0.000e+00
      13112     43.500     9.1549     9.1563     0.0015    3.70809    3.70822          1     5.6224     5.6225      41.13     0.1175     0.2502  1.000e-12  1.7195000    34.7586    34.7585    -0.0001    26.9041    26.9038     43.095     43.291      0.479    1487.19    1487.19  0.000e+00
      13137     44.000     9.1360     9.1370     0.0011    3.70639    3.70648          1     5.6205     5.6207      40.61     0.1122     0.1827  1.000e-12  1.7584000    34.7590    34.7589    -0.0001    26.9075    26.9073     43.591     43.787      0.518    1487.13    1487.13  0.000e+00
      13159     44.500     9.1209     9.1215     0.0005    3.70503    3.70509          1     5.6051     5.6065      40.36     0.1264     0.2116  1.000e-12  1.6942000    34.7592    34.7594     0.0002    26.9101    26.9101     44.086     44.283      0.567    1487.08    1487.08  0.000e+00
      13179     45.000     9.1106     9.1113     0.0008    3.70407    3.70416          1     5.5936     5.5925      39.98     0.1266     0.1991  1.000e-12  1.6175000    34.7591    34.7593     0.0002    26.9117    26.9117     44.581     44.779      0.569    1487.05    1487.05  0.000e+00
      13201     45.500     9.0878     9.0894     0.0017    3.70196    3.70212          1     5.5853     5.5880      57.17     0.1372     0.1822  1.000e-12  1.6867000    34.7590    34.7591     0.0001    26.9153    26.9152     45.076     45.275      0.542    1486.97    1486.98  0.000e+00
      13224     46.000     9.0776     9.0780     0.0004    3.70108    3.70112          1     5.5895     5.5942      26.28     0.1287     0.1918  1.000e-12  1.6887000    34.7596    34.7596    -0.0000    26.9174    26.9173     45.572     45.771      0.520    1486.94    1486.95  0.000e+00
      13247     46.500     9.0766     9.0773     0.0007    3.70101    3.70107          1     5.5944     5.5976      47.69     0.1345     0.1925  1.000e-12  1.6418000    34.7596    34.7596    -0.0000    26.9176    26.9174     46.067     46.267      0.511    1486.95    1486.95  0.000e+00
      13271     47.000     9.0748     9.0763     0.0015    3.70088    3.70103          1     5.5938     5.5859      40.03     0.1234     0.1925  1.000e-12  1.6739000    34.7597    34.7598     0.0001    26.9179    26.9178     46.562     46.762      0.524    1486.95    1486.96  0.000e+00
      13293     47.500     9.0739     9.0752     0.0013    3.70084    3.70095          1     5.5930     5.5837      36.88     0.1202     0.2062  1.000e-12  1.6909000    34.7600    34.7598    -0.0001    26.9183    26.9180     47.058     47.258      0.561    1486.96    1486.96  0.000e+00
      13314     48.000     9.0740     9.0747     0.0007    3.70087    3.70094          1     5.5922     5.5906      36.31     0.1266     0.2269  1.000e-12  1.6877000    34.7600    34.7600     0.0000    26.9183    26.9182     47.553     47.754      0.579    1486.97    1486.97  0.000e+00
      13334     48.500     9.0738     9.0744     0.0006    3.70089    3.70094          1     5.5911     5.5827      36.15     0.1266     0.2643  1.000e-12  1.7291000    34.7601    34.7601    -0.0001    26.9185    26.9183     48.048     48.250      0.551    1486.97    1486.98  0.000e+00
      13357     49.000     9.0729     9.0740     0.0011    3.70083    3.70094          1     5.5892     5.5832      35.54     0.1265     0.2888  1.000e-12  1.7247000    34.7602    34.7602     0.0000    26.9186    26.9184     48.543     48.746      0.507    1486.98    1486.98  0.000e+00
      13382     49.500     9.0627     9.0634     0.0008    3.69995    3.70002          1     5.5844     5.5896      35.11     0.1153     0.2283  1.000e-12  1.7420000    34.7606    34.7606     0.0000    26.9206    26.9205     49.039     49.242      0.501    1486.95    1486.95  0.000e+00
      13405     50.000     9.0567     9.0608     0.0041    3.69941    3.69981          1     5.5791     5.5805      34.70     0.1368     0.1632  1.000e-12  1.7489000    34.7606    34.7608     0.0002    26.9216    26.9211     49.534     49.738      0.517    1486.94    1486.95  0.000e+00
      13428     50.500     9.0538     9.0568     0.0030    3.69917    3.69945          1     5.5758     5.5759      34.22     0.1281     0.1780  1.000e-12  1.6715000    34.7607    34.7607     0.0001    26.9221    26.9217     50.029     50.234      0.544    1486.93    1486.94  0.000e+00
      13449     51.000     9.0437     9.0475     0.0037    3.69826    3.69860          1     5.5697     5.5756      33.74     0.1342     0.1906  1.000e-12  1.7184000    34.7608    34.7606    -0.0002    26.9238    26.9231     50.525     50.730      0.570    1486.90    1486.92  0.000e+00
      13470     51.500     9.0373     9.0400     0.0027    3.69764    3.69793          1     5.5608     5.5706      33.19     0.1335     0.2558  1.000e-12  1.7636000    34.7604    34.7608     0.0004    26.9245    26.9244     51.020     51.226      0.556    1486.89    1486.90  0.000e+00
      13493     52.000     9.0212     9.0275     0.0063    3.69619    3.69676          1     5.5652     5.5688      32.75     0.1299     0.2645  1.000e-12  1.7546000    34.7607    34.7605    -0.0002    26.9273    26.9262     51.515     51.722      0.494    1486.84    1486.86  0.000e+00
      13518     52.500     9.0198     9.0212     0.0013    3.69607    3.69619          1     5.5719     5.5724      32.20     0.1314     0.2380  1.000e-12  1.7311000    34.7605    34.7604    -0.0001    26.9274    26.9272     52.010     52.218      0.502    1486.84    1486.85  0.000e+00
      13541     53.000     9.0250     9.0242    -0.0007    3.69661    3.69654          1     5.5680     5.5731      31.74     0.1180     0.2444  1.000e-12  1.7511000    34.7609    34.7609     0.0000    26.9269    26.9270     52.506     52.713      0.578    1486.87    1486.87  0.000e+00
      13560     53.500     9.0209     9.0214     0.0006    3.69623    3.69627          1     5.5682     5.5714      31.29     0.1380     0.2362  1.000e-12  1.6688000    34.7607    34.7606    -0.0001    26.9274    26.9272     53.001     53.209      0.592    1486.86    1486.86  0.000e+00
      13582     54.000     9.0129     9.0124    -0.0005    3.69550    3.69546          1     5.5659     5.5692      31.29     0.1382     0.2223  1.000e-12  1.8104000    34.7607    34.7606    -0.0000    26.9286    26.9287     53.496     53.705      0.521    1486.84    1486.84  0.000e+00
      13607     54.500     9.0114     9.0155     0.0042    3.69539    3.69582          1     5.5728     5.5707      48.53     0.1196     0.1601  1.000e-12  1.7160000    34.7607    34.7611     0.0004    26.9289    26.9286     53.991     54.201      0.472    1486.84    1486.86  0.000e+00
      13632     55.000     9.0084     9.0108     0.0023    3.69512    3.69532          1     5.5699     5.5611      29.33     0.1240     0.2087  1.000e-12  1.7809000    34.7606    34.7603    -0.0003    26.9293    26.9287     54.487     54.697      0.514    1486.84    1486.85  0.000e+00
      13654     55.500     9.0131     9.0135     0.0005    3.69562    3.69568          1     5.5527     5.5477      29.28     0.1339     0.2027  1.000e-12  1.7971000    34.7609    34.7612     0.0003    26.9288    26.9290     54.982     55.193      0.536    1486.87    1486.87  0.000e+00
      13676     56.000     8.9765     8.9712    -0.0053    3.69185    3.69143          1     5.5441     5.5348      28.88     0.1382     0.2018  1.000e-12  1.7444000    34.7570    34.7578     0.0008    26.9316    26.9331     55.477     55.689      0.535    1486.73    1486.72  0.000e+00
      13699     56.500     8.9178     8.9163    -0.0015    3.68650    3.68637          1     5.5291     5.5248      28.39     0.1415     0.2205  1.000e-12  1.6942000    34.7581    34.7582     0.0001    26.9419    26.9422     55.973     56.185      0.546    1486.53    1486.52  0.000e+00
