ctdpy/exports/archive_20191121_122431/received_data/SBE09_0827_20180830_1723_26_01_0950.cnv
* Sea-Bird SBE 9 Data File:
* FileName = D:\CTD_SBE911\DAT\26DA.2018.8.150.hex
* Software Version Seasave V 7.21d
* Temperature SN = 034605
* Conductivity SN = 041844
* Number of Bytes Per Scan = 48
* Number of Voltage Words = 5
* Number of Scans Averaged by the Deck Unit = 1
* NMEA Latitude = 57 51.76 N
* NMEA Longitude = 011 17.70 E
* NMEA UTC (Time) = Aug 30 2018  17:25:42
* NMEA baud rate = 4800
** Ship: DANA
** Average sound velocity: 1505.36 m/s
** True-depth calculation Wed, 24 Apr 2019 11:53:03 +0000
** CTD Python Module SMHI /ver 3-12/ feb 2012 
** LIMS Job: 20182601-0950
**  P2
** Operator: Christian
** Cruise: 08/2018
# nquan = 26
# nvalues = 181                         
# units = specified
# name 0 = scan: Scan Count
# name 1 = prDM: Pressure, Digiquartz [db]
# name 2 = t090C: Temperature [ITS-90, deg C]
# name 3 = t190C: Temperature, 2 [ITS-90, deg C]
# name 4 = T2-T190C: Temperature Difference, 2 - 1 [ITS-90, deg C]
# name 5 = c0S/m: Conductivity [S/m]
# name 6 = c1S/m: Conductivity, 2 [S/m]
# name 7 = pumps: Pump Status
# name 8 = sbeox1ML/L: Oxygen, SBE 43, 2 [ml/l]
# name 9 = sbeox0ML/L: Oxygen, SBE 43 [ml/l]
# name 10 = altM: Altimeter [m]
# name 11 = chloroflTC0: Chlorophyll, Turner Cyclops [ug/l]
# name 12 = cpar: CPAR/Corrected Irradiance [%]
# name 13 = par: PAR/Irradiance, Biospherical/Lico [µE/(cm^2*s)]
# name 14 = spar: SPAR, Biospherical/Licor
# name 15 = sal00: Salinity, Practical [PSU]
# name 16 = sal11: Salinity, Practical, 2 [PSU]
# name 17 = secS-priS: Salinity, Practical, Difference, 2 - 1 [PSU]
# name 18 = sigma-t00: Density [sigma-t, kg/m^3 ]
# name 19 = sigma-t11: Density, 2 [sigma-t, kg/m^3 ]
# name 20 = depSM: Depth [salt water, m], lat = 57.8627
# name 21 = depFM: Depth [true depth, m], lat = 57.8627
# name 22 = dz/dtM: Descent Rate [m/s], WS = 2
# name 23 = svCM: Sound Velocity [Chen-Millero, m/s]
# name 24 = svCM1: Sound Velocity, 2 [Chen-Millero, m/s]
# name 25 = flag: flag
# span 0 =        217,      12412       
# span 1 =      1.500,     91.500       
# span 2 =     9.2537,    17.3937       
# span 3 =     9.2336,    17.3902       
# span 4 =    -0.2796,     1.5179       
# span 5 =   3.690481,   4.273984       
# span 6 =   3.711439,   4.273849       
# span 7 =          1,          1       
# span 8 =     4.6060,     5.8004       
# span 9 =     4.4186,     5.5334       
# span 10 =      -1.78,       9.98      
# span 11 =     0.0392,     0.4237      
# span 12 = -1.346e-06, 6.8427e+00      
# span 13 = -3.291e-06, 1.7093e+01      
# span 14 = 1.4762e+02, 2.4983e+02      
# span 15 =    32.5677,    34.6877      
# span 16 =    32.5734,    34.6941      
# span 17 =    -0.4963,     0.2074      
# span 18 =    23.5556,    26.8326      
# span 19 =    23.5608,    26.8409      
# span 20 =      1.486,     90.633      
# span 21 =      1.493,     90.954      
# span 22 =     -0.475,      0.316      
# span 23 =    1488.26,    1511.34      
# span 24 =    1488.18,    1511.36      
# span 25 = 0.0000e+00, 0.0000e+00      
# interval = decibars: 0.5              
# start_time = Aug 30 2018 17:25:43 [NMEA time, first data scan]
# bad_flag = -9.990e-29
*END*
[from data line 112]
       5510     57.500    16.3344    16.4079     0.0735    4.22862    4.23675          1     5.3565     5.1022       9.98     0.0980  4.915e-13  1.000e-12  2.035e+02    33.2575    33.2676     0.0101    24.3316    24.3224     56.960     57.195      0.264    1509.76    1510.00  0.000e+00
       5553     58.000    16.3137    16.3839     0.0701    4.22706    4.23429          1     5.3610     5.0961       9.98     0.0959  4.924e-13  1.000e-12  2.031e+02    33.2608    33.2658     0.0050    24.3388    24.3266     57.455     57.692      0.270    1509.71    1509.93  0.000e+00
       5604     58.500    16.2916    16.3568     0.0653    4.22500    4.23181          1     5.3532     5.0958       9.98     0.0990  4.970e-13  1.000e-12  2.012e+02    33.2610    33.2664     0.0053    24.3440    24.3332     57.950     58.189      0.214    1509.65    1509.86  0.000e+00
       5657     59.000    16.2311    16.3244     0.0934    4.21961    4.22916          1     5.3679     5.0682       9.98     0.0947  5.056e-13  1.000e-12  1.978e+02    33.2639    33.2699     0.0060    24.3601    24.3434     58.446     58.686      0.260    1509.48    1509.77  0.000e+00
       5700     59.500    16.2123    16.3040     0.0915    4.21769    4.22717          1     5.3578     5.0654       9.98     0.0934  5.152e-13  1.000e-12  1.941e+02    33.2624    33.2694     0.0069    24.3632    24.3476     58.941     59.183      0.286    1509.43    1509.72  0.000e+00
       5744     60.000    16.1970    16.2689     0.0719    4.21628    4.22421          1     5.3445     5.0564       9.98     0.0986  5.183e-13  1.000e-12  1.929e+02    33.2626    33.2724     0.0098    24.3669    24.3580     59.436     59.681      0.247    1509.39    1509.62  0.000e+00
       5794     60.500    16.1413    16.2377     0.0965    4.21206    4.22135          1     5.3410     5.0170       9.98     0.0946  5.183e-13  1.000e-12  1.929e+02    33.2718    33.2731     0.0013    24.3866    24.3656     59.931     60.178      0.256    1509.24    1509.53  0.000e+00
       5837     61.000    16.0202    16.2136     0.1934    4.20490    4.21919          1     5.3277     4.9921       9.98     0.0977  5.134e-13  1.000e-12  1.948e+02    33.3099    33.2740    -0.0359    24.4433    24.3718     60.426     60.675      0.286    1508.91    1509.47  0.000e+00
       5881     61.500    15.9825    16.1581     0.1756    4.20420    4.21572          1     5.3123     5.0051       9.98     0.1004  5.078e-13  1.000e-12  1.969e+02    33.3352    33.2897    -0.0456    24.4713    24.3965     60.922     61.172      0.251    1508.84    1509.32  0.000e+00
       5933     62.000    15.8949    16.0961     0.2014    4.20016    4.21158          1     5.2890     4.9952       9.98     0.1010  5.076e-13  1.000e-12  1.970e+02    33.3729    33.3050    -0.0679    24.5199    24.4223     61.417     61.669      0.237    1508.62    1509.16  0.000e+00
       5980     62.500    15.7340    16.0197     0.2855    4.19071    4.20803          1     5.2765     5.0073       9.98     0.1009  5.034e-13  1.000e-12  1.986e+02    33.4245    33.3374    -0.0871    24.5958    24.4646     61.912     62.166      0.254    1508.18    1508.97  0.000e+00
       6030     63.000    15.6486    15.9317     0.2834    4.18420    4.20389          1     5.2788     5.0298       9.98     0.0978  4.989e-13  1.000e-12  2.004e+02    33.4387    33.3746    -0.0641    24.6257    24.5130     62.407     62.663      0.244    1507.94    1508.75  0.000e+00
       6077     63.500    15.5548    15.8320     0.2770    4.17797    4.19844          1     5.2532     5.0453       9.98     0.0956  4.937e-13  1.000e-12  2.026e+02    33.4624    33.4101    -0.0523    24.6649    24.5627     62.903     63.160      0.257    1507.68    1508.49  0.000e+00
       6122     64.000    15.4696    15.7448     0.2751    4.17347    4.19306          1     5.2513     5.0601       9.98     0.0991  4.924e-13  1.000e-12  2.031e+02    33.4943    33.4358    -0.0585    24.7083    24.6020     63.398     63.657      0.276    1507.46    1508.25  0.000e+00
       6166     64.500    15.3462    15.6517     0.3055    4.16483    4.18727          1     5.2483     5.0659       9.98     0.0937  4.924e-13  1.000e-12  2.031e+02    33.5218    33.4628    -0.0590    24.7567    24.6436     63.893     64.154      0.262    1507.11    1508.00  0.000e+00
       6214     65.000    15.1312    15.5531     0.4221    4.14705    4.18142          1     5.2628     5.0119       9.98     0.0913  4.924e-13  1.000e-12  2.031e+02    33.5452    33.4941    -0.0511    24.8219    24.6897     64.388     64.651      0.251    1506.47    1507.74  0.000e+00
       6260     65.500    14.8393    15.4554     0.6160    4.12145    4.17481          1     5.2818     4.9698       9.98     0.0896  4.924e-13  1.000e-12  2.031e+02    33.5637    33.5178    -0.0459    24.8996    24.7296     64.883     65.148      0.257    1505.58    1507.47  0.000e+00
       6309     66.000    14.6825    15.3152     0.6326    4.10443    4.16479          1     5.2789     4.9239       9.98     0.0786  4.964e-13  1.000e-12  2.014e+02    33.5436    33.5473     0.0036    24.9178    24.7832     65.379     65.645      0.235    1505.06    1507.07  0.000e+00
       6360     66.500    14.4877    15.0623     0.5748    4.08350    4.14487          1     5.2137     4.8702       9.98     0.0752  4.974e-13  1.000e-12  2.010e+02    33.5204    33.5840     0.0636    24.9414    24.8668     65.874     66.142      0.259    1504.42    1506.32  0.000e+00
       6402     67.000    14.2468    14.9309     0.6840    4.05821    4.13139          1     5.2150     4.8100       9.98     0.0747  4.974e-13  1.000e-12  2.011e+02    33.4964    33.5747     0.0783    24.9736    24.8882     66.369     66.639      0.284    1503.62    1505.90  0.000e+00
       6451     67.500    13.9004    14.6705     0.7703    4.02022    4.10803          1     5.1924     4.7936       9.98     0.0669  4.974e-13  1.000e-12  2.011e+02    33.4459    33.5864     0.1404    25.0069    24.9532     66.864     67.136      0.215    1502.44    1505.10  0.000e+00
       6504     68.000    13.6297    14.3299     0.7001    3.99039    4.07229          1     5.1273     4.7089       9.98     0.0676  4.974e-13  1.000e-12  2.011e+02    33.4039    33.5535     0.1497    25.0299    25.0003     67.360     67.632      0.273    1501.51    1503.97  0.000e+00
       6544     68.500    13.3232    14.1291     0.8058    3.95643    4.05080          1     5.0735     4.6828       9.98     0.0669  4.974e-13  1.000e-12  2.011e+02    33.3537    33.5297     0.1760    25.0532    25.0241     67.855     68.129      0.282    1500.45    1503.30  0.000e+00
       6593     69.000    12.9659    13.8733     0.9074    3.91967    4.02347          1     5.0156     4.5219       9.98     0.0616  4.974e-13  1.000e-12  2.011e+02    33.3198    33.4992     0.1793    25.0978    25.0536     68.350     68.626      0.230    1499.22    1502.44  0.000e+00
       6643     69.500    12.3692    13.5333     1.1641    3.85967    3.98852          1     4.9609     4.4464       9.98     0.0552  5.017e-13  1.000e-12  1.993e+02    33.2745    33.4703     0.1957    25.1791    25.1009     68.845     69.123      0.251    1497.17    1501.30  0.000e+00
       6690     70.000    12.0758    13.2306     1.1546    3.83518    3.95938          1     4.8924     4.4255       9.98     0.0482  5.025e-13  1.000e-12  1.990e+02    33.2992    33.4622     0.1630    25.2540    25.1556     69.340     69.620      0.253    1496.21    1500.29  0.000e+00
       6740     70.500    11.9899    12.7803     0.7905    3.84013    3.91278          1     4.7789     4.4649       9.98     0.0461  5.025e-13  1.000e-12  1.990e+02    33.4236    33.4179    -0.0058    25.3668    25.2105     69.836     70.116      0.234    1496.07    1498.75  0.000e+00
       6791     71.000    12.2038    12.6075     0.4039    3.87670    3.89394          1     4.7103     4.7063       9.98     0.0451  5.025e-13  1.000e-12  1.990e+02    33.5854    33.3911    -0.1943    25.4518    25.2235     70.331     70.613      0.248    1497.00    1498.14  0.000e+00
       6836     71.500    12.6957    12.4160    -0.2796    3.94753    3.87963          1     4.6577     4.9327       9.98     0.0514  5.025e-13  1.000e-12  1.990e+02    33.8244    33.4238    -0.4006    25.5422    25.2859     70.826     71.110      0.275    1498.96    1497.54  0.000e+00
       6880     72.000    12.3588    12.3712     0.0123    3.93398    3.88361          1     4.6531     5.0057       9.98     0.0582  5.025e-13  1.000e-12  1.990e+02    33.9981    33.5019    -0.4963    25.7424    25.3551     71.321     71.606      0.265    1498.04    1497.49  0.000e+00
       6928     72.500    12.1030    12.4079     0.3050    3.91812    3.90382          1     4.7396     4.9833       9.98     0.0574  5.052e-13  1.000e-12  1.979e+02    34.0772    33.6631    -0.4140    25.8528    25.4730     71.816     72.103      0.243    1497.27    1497.81  0.000e+00
       6976     73.000    11.9104    12.4139     0.5035    3.90463    3.92129          1     4.8590     5.0072       9.98     0.0561  5.077e-13  1.000e-12  1.970e+02    34.1219    33.8256    -0.2963    25.9240    25.5979     72.312     72.599      0.261    1496.67    1498.04  0.000e+00
       7020     73.500    11.7153    12.3081     0.5927    3.89036    3.92234          1     4.9389     5.0634       9.98     0.0561  5.076e-13  1.000e-12  1.970e+02    34.1614    33.9311    -0.2303    25.9913    25.7001     72.807     73.095      0.269    1496.06    1497.81  0.000e+00
       7071     74.000    11.5318    12.1462     0.6146    3.87785    3.91952          1     5.0282     4.9865       9.98     0.0581  5.082e-13  1.000e-12  1.968e+02    34.2076    34.0507    -0.1569    26.0613    25.8240     73.302     73.592      0.218    1495.49    1497.41  0.000e+00
       7124     74.500    11.0029    11.8238     0.8205    3.83762    3.90231          1     5.0655     5.0302       9.98     0.0560  5.129e-13  1.000e-12  1.950e+02    34.3007    34.1781    -0.1226    26.2304    25.9840     73.797     74.088      0.248    1493.77    1496.47  0.000e+00
       7168     75.000    10.9587    11.6800     0.7214    3.83546    3.89243          1     5.1203     5.0670       9.98     0.0495  5.129e-13  1.000e-12  1.950e+02    34.3202    34.2135    -0.1067    26.2535    26.0385     74.292     74.584      0.287    1493.64    1496.02  0.000e+00
       7212     75.500    10.3508    11.3703     1.0194    3.77185    3.87314          1     5.1198     4.6465       9.98     0.0460  5.129e-13  1.000e-12  1.950e+02    34.2506    34.3103     0.0596    26.3054    26.1710     74.788     75.080      0.248    1491.41    1495.08  0.000e+00
       7263     76.000     9.5973    11.1153     1.5179    3.69048    3.85238          1     5.1151     4.4186       9.98     0.0441  5.129e-13  1.000e-12  1.950e+02    34.1346    34.3420     0.2074    26.3436    26.2422     75.283     75.577      0.240    1488.57    1494.23  0.000e+00
       7311     76.500     9.6104    10.7503     1.1398    3.69629    3.81967          1     5.0785     4.4849       9.98     0.0400  5.129e-13  1.000e-12  1.950e+02    34.1816    34.3572     0.1755    26.3782    26.3195     75.778     76.073      0.270    1488.69    1492.98  0.000e+00
       7354     77.000     9.6340    10.3857     0.7518    3.70518    3.78164          1     4.9306     4.5536       9.98     0.0392  5.130e-13  1.000e-12  1.949e+02    34.2505    34.3174     0.0669    26.4281    26.3525     76.273     76.569      0.272    1488.86    1491.65  0.000e+00
       7403     77.500     9.6142    10.0148     0.4009    3.70557    3.74553          1     4.7755     4.5651       9.98     0.0401  5.163e-13  1.000e-12  1.937e+02    34.2732    34.3014     0.0282    26.4491    26.4039     76.768     77.065      0.215    1488.83    1490.31  0.000e+00
       7463     78.000     9.5942     9.7765     0.1823    3.70626    3.72267          1     4.6565     4.5809       9.98     0.0404  5.184e-13  1.000e-12  1.929e+02    34.2993    34.2940    -0.0053    26.4728    26.4383     77.263     77.561      0.226    1488.79    1489.45  0.000e+00
       7508     78.500     9.5880     9.7171     0.1292    3.70773    3.71752          1     4.6208     4.5953       9.98     0.0412  5.183e-13  1.000e-12  1.929e+02    34.3201    34.2975    -0.0226    26.4901    26.4510     77.759     78.057      0.280    1488.81    1489.25  0.000e+00
       7552     79.000     9.5658     9.6594     0.0935    3.70952    3.71464          1     4.6167     4.6222       9.98     0.0405  5.183e-13  1.000e-12  1.929e+02    34.3596    34.3227    -0.0368    26.5247    26.4803     78.254     78.554      0.266    1488.78    1489.08  0.000e+00
       7596     79.500     9.5339     9.6183     0.0845    3.71150    3.71357          1     4.6060     4.6825       9.98     0.0413  5.183e-13  1.000e-12  1.929e+02    34.4104    34.3508    -0.0596    26.5697    26.5091     78.749     79.050      0.290    1488.74    1488.97  0.000e+00
       7637     80.000     9.5049     9.5978     0.0929    3.71474    3.71447          1     4.6161     4.7104       9.98     0.0409  5.190e-13  1.000e-12  1.927e+02    34.4714    34.3795    -0.0919    26.6221    26.5349     79.244     79.546      0.269    1488.71    1488.94  0.000e+00
       7686     80.500     9.4941     9.5697     0.0756    3.71748    3.71547          1     4.6530     4.7247       9.98     0.0413  5.238e-13  1.000e-12  1.909e+02    34.5099    34.4165    -0.0934    26.6541    26.5685     79.739     80.042      0.235    1488.73    1488.89  0.000e+00
       7735     81.000     9.4961     9.5531     0.0570    3.71879    3.71772          1     4.6658     4.7368       9.98     0.0437  5.238e-13  1.000e-12  1.909e+02    34.5213    34.4555    -0.0659    26.6627    26.6017     80.235     80.538      0.271    1488.76    1488.89  0.000e+00
       7777     81.500     9.4885     9.5449     0.0565    3.71942    3.71934          1     4.6938     4.7575       9.98     0.0432  5.238e-13  1.000e-12  1.909e+02    34.5350    34.4798    -0.0552    26.6746    26.6221     80.730     81.034      0.283    1488.76    1488.89  0.000e+00
       7824     82.000     9.4868     9.5294     0.0426    3.71957    3.72101          1     4.7229     4.7569       9.98     0.0407  5.277e-13  1.000e-12  1.895e+02    34.5379    34.5117    -0.0262    26.6771    26.6496     81.225     81.530      0.237    1488.76    1488.88  0.000e+00
       7873     82.500     9.4865     9.5133     0.0267    3.71970    3.72108          1     4.7294     4.7690       9.68     0.0420  5.295e-13  1.000e-12  1.889e+02    34.5393    34.5277    -0.0116    26.6783    26.6648     81.720     82.026      0.270    1488.77    1488.85  0.000e+00
       7914     83.000     9.4864     9.5142     0.0278    3.71978    3.72221          1     4.7498     4.7530       9.18     0.0417  5.295e-13  1.000e-12  1.889e+02    34.5400    34.5383    -0.0017    26.6789    26.6729     82.215     82.522      0.303    1488.78    1488.88  0.000e+00
       7956     83.500     9.4818     9.5086     0.0269    3.71938    3.72240          1     4.7531     4.7583       8.71     0.0428  5.295e-13  1.000e-12  1.889e+02    34.5400    34.5454     0.0054    26.6796    26.6794     82.710     83.018      0.257    1488.77    1488.88  0.000e+00
       8008     84.000     9.4699     9.4995     0.0295    3.71884    3.72223          1     4.7651     4.7666       8.22     0.0444  5.295e-13  1.000e-12  1.889e+02    34.5457    34.5522     0.0065    26.6860    26.6863     83.206     83.514      0.236    1488.74    1488.86  0.000e+00
       8052     84.500     9.4700     9.4930     0.0230    3.71938    3.72166          1     4.7634     4.7623       7.71     0.0434  5.297e-13  1.000e-12  1.888e+02    34.5509    34.5524     0.0014    26.6901    26.6874     83.701     84.010      0.300    1488.76    1488.84  0.000e+00
