ctdpy/exports/archive_20191121_122431/received_data/SBE09_0827_20180830_1556_26_01_0949.cnv
* Sea-Bird SBE 9 Data File:
* FileName = D:\CTD_SBE911\DAT\26DA.2018.8.149.hex
* Software Version Seasave V 7.21d
* Temperature SN = 034605
* Conductivity SN = 041844
* Number of Bytes Per Scan = 48
* Number of Voltage Words = 5
* Number of Scans Averaged by the Deck Unit = 1
* NMEA Latitude = 57 40.32 N
* NMEA Longitude = 011 12.92 E
* NMEA UTC (Time) = Aug 30 2018  15:58:27
* NMEA baud rate = 4800
** Ship: DANA
** Average sound velocity: 1511.15 m/s
** True-depth calculation Wed, 24 Apr 2019 11:52:41 +0000
** CTD Python Module SMHI /ver 3-12/ feb 2012 
** LIMS Job: 20182601-0949
**  14 W VINGA
** Operator: Christian
** Cruise: 08/2018
# nquan = 26
# nvalues = 81                          
# units = specified
# name 0 = scan: Scan Count
# name 1 = prDM: Pressure, Digiquartz [db]
# name 2 = t090C: Temperature [ITS-90, deg C]
# name 3 = t190C: Temperature, 2 [ITS-90, deg C]
# name 4 = T2-T190C: Temperature Difference, 2 - 1 [ITS-90, deg C]
# name 5 = c0S/m: Conductivity [S/m]
# name 6 = c1S/m: Conductivity, 2 [S/m]
# name 7 = pumps: Pump Status
# name 8 = sbeox1ML/L: Oxygen, SBE 43, 2 [ml/l]
# name 9 = sbeox0ML/L: Oxygen, SBE 43 [ml/l]
# name 10 = altM: Altimeter [m]
# name 11 = chloroflTC0: Chlorophyll, Turner Cyclops [ug/l]
# name 12 = cpar: CPAR/Corrected Irradiance [%]
# name 13 = par: PAR/Irradiance, Biospherical/Lico [µE/(cm^2*s)]
# name 14 = spar: SPAR, Biospherical/Licor
# name 15 = sal00: Salinity, Practical [PSU]
# name 16 = sal11: Salinity, Practical, 2 [PSU]
# name 17 = secS-priS: Salinity, Practical, Difference, 2 - 1 [PSU]
# name 18 = sigma-t00: Density [sigma-t, kg/m^3 ]
# name 19 = sigma-t11: Density, 2 [sigma-t, kg/m^3 ]
# name 20 = depSM: Depth [salt water, m], lat = 57.672
# name 21 = depFM: Depth [true depth, m], lat = 57.672
# name 22 = dz/dtM: Descent Rate [m/s], WS = 2
# name 23 = svCM: Sound Velocity [Chen-Millero, m/s]
# name 24 = svCM1: Sound Velocity, 2 [Chen-Millero, m/s]
# name 25 = flag: flag
# span 0 =       -384,       3812       
# span 1 =      0.500,     40.500       
# span 2 =    17.1410,    17.5843       
# span 3 =    17.1581,    17.5697       
# span 4 =    -0.0376,     0.1213       
# span 5 =   4.140894,   4.229354       
# span 6 =   4.142731,   4.229953       
# span 7 =          1,          1       
# span 8 =     4.8370,     5.5608       
# span 9 =     4.5606,     5.5620       
# span 10 =       1.54,       9.98      
# span 11 =     0.0674,     0.3120      
# span 12 = 2.2590e-13, 2.7540e+01      
# span 13 = 1.0000e-12, 1.2775e+02      
# span 14 = 4.3742e+02, 4.6520e+02      
# span 15 =    31.5191,    32.6079      
# span 16 =    31.5418,    32.5993      
# span 17 =    -0.1750,     0.1066      
# span 18 =    22.7080,    23.6460      
# span 19 =    22.7282,    23.6354      
# span 20 =      0.495,     40.122      
# span 21 =      0.498,     40.319      
# span 22 =     -0.129,      0.602      
# span 23 =    1510.59,    1511.59      
# span 24 =    1510.59,    1511.56      
# span 25 = 0.0000e+00, 0.0000e+00      
# interval = decibars: 0.5              
# start_time = Aug 30 2018 15:58:28 [NMEA time, first data scan]
# bad_flag = -9.990e-29
*END*
       -384      0.500    17.5788    17.5697    -0.0090    4.14089    4.14273          1     5.5225     5.5620       9.98     0.2653  2.754e+01  1.278e+02  4.652e+02    31.5191    31.5418     0.0227    22.7088    22.7282      0.495      0.498     -0.122    1510.59    1510.59  0.000e+00
        536      1.000    17.5563    17.5529    -0.0033    4.14616    4.14575          1     5.5272     5.3901       9.98     0.2591  1.041e+01  4.791e+01  4.604e+02    31.5812    31.5803    -0.0009    22.7617    22.7618      0.991      0.996      0.406    1510.61    1510.60  0.000e+00
        582      1.500    17.5263    17.5521     0.0257    4.15327    4.14694          1     5.5608     5.3563       9.98     0.2601  9.224e+00  4.245e+01  4.602e+02    31.6648    31.5909    -0.0739    22.8328    22.7701      1.486      1.494      0.374    1510.62    1510.61  0.000e+00
        618      2.000    17.5124    17.5353     0.0229    4.16025    4.15060          1     5.5438     5.3625       9.98     0.2823  8.452e+00  3.880e+01  4.590e+02    31.7348    31.6349    -0.0999    22.8896    22.8077      1.982      1.992      0.411    1510.67    1510.62  0.000e+00
        643      2.500    17.5401    17.5352    -0.0048    4.15249    4.15535          1     5.5182     5.4409       9.98     0.2902  7.067e+00  3.244e+01  4.590e+02    31.6471    31.6752     0.0281    22.8159    22.8385      2.477      2.490      0.522    1510.66    1510.68  0.000e+00
        665      3.000    17.5701    17.5326    -0.0376    4.14504    4.15408          1     5.4728     5.4784       9.98     0.2987  6.642e+00  3.048e+01  4.590e+02    31.5602    31.6662     0.1060    22.7423    22.8324      2.972      2.988      0.495    1510.66    1510.67  0.000e+00
        691      3.500    17.5843    17.5524    -0.0318    4.14160    4.15123          1     5.4861     5.4132       9.98     0.2865  5.806e+00  2.665e+01  4.590e+02    31.5198    31.6264     0.1066    22.7080    22.7971      3.468      3.485      0.496    1510.66    1510.69  0.000e+00
        713      4.000    17.5405    17.5686     0.0279    4.15463    4.14549          1     5.4928     5.3200       9.98     0.2749  5.281e+00  2.424e+01  4.590e+02    31.6644    31.5648    -0.0995    22.8291    22.7462      3.963      3.983      0.582    1510.71    1510.67  0.000e+00
        733      4.500    17.5084    17.5562     0.0478    4.16352    4.14732          1     5.5024     5.2867       9.98     0.2829  4.687e+00  2.151e+01  4.590e+02    31.7649    31.5899    -0.1750    22.9136    22.7683      4.458      4.481      0.585    1510.73    1510.68  0.000e+00
        754      5.000    17.5077    17.5368     0.0291    4.16412    4.15293          1     5.5164     5.2938       9.98     0.2921  4.150e+00  1.905e+01  4.590e+02    31.7704    31.6525    -0.1179    22.9180    22.8209      4.954      4.979      0.602    1510.74    1510.70  0.000e+00
        773      5.500    17.5078    17.5266     0.0187    4.16452    4.15683          1     5.5307     5.2985       9.98     0.2998  3.845e+00  1.765e+01  4.590e+02    31.7735    31.6934    -0.0801    22.9204    22.8546      5.449      5.477      0.596    1510.76    1510.72  0.000e+00
        794      6.000    17.5079    17.5153     0.0074    4.16483    4.16064          1     5.5154     5.3071       9.98     0.3048  3.460e+00  1.588e+01  4.589e+02    31.7759    31.7345    -0.0414    22.9221    22.8887      5.944      5.975      0.559    1510.77    1510.74  0.000e+00
        816      6.500    17.5085    17.5145     0.0060    4.16512    4.16186          1     5.4871     5.3186       9.98     0.2966  3.083e+00  1.412e+01  4.580e+02    31.7777    31.7453    -0.0325    22.9234    22.8971      6.440      6.473      0.514    1510.78    1510.76  0.000e+00
        841      7.000    17.5081    17.5132     0.0051    4.16524    4.16264          1     5.4586     5.3131       9.98     0.2969  2.818e+00  1.288e+01  4.572e+02    31.7789    31.7528    -0.0261    22.9244    22.9032      6.935      6.971      0.493    1510.79    1510.77  0.000e+00
        865      7.500    17.5068    17.5116     0.0047    4.16519    4.16354          1     5.4676     5.3085       9.98     0.3087  2.549e+00  1.165e+01  4.569e+02    31.7793    31.7616    -0.0177    22.9250    22.9103      7.431      7.468      0.502    1510.79    1510.79  0.000e+00
        889      8.000    17.5048    17.5093     0.0044    4.16509    4.16438          1     5.4498     5.3136       9.98     0.3040  2.314e+00  1.057e+01  4.569e+02    31.7798    31.7703    -0.0095    22.9259    22.9175      7.926      7.966      0.496    1510.80    1510.80  0.000e+00
        914      8.500    17.5046    17.5078     0.0032    4.16523    4.16474          1     5.4343     5.3149       9.98     0.3047  2.092e+00  9.559e+00  4.569e+02    31.7810    31.7744    -0.0066    22.9269    22.9210      8.421      8.464      0.462    1510.80    1510.81  0.000e+00
        941      9.000    17.5044    17.5068     0.0025    4.16541    4.16505          1     5.4251     5.3049       9.98     0.2910  1.907e+00  8.713e+00  4.569e+02    31.7826    31.7776    -0.0050    22.9281    22.9237      8.917      8.962      0.416    1510.81    1510.82  0.000e+00
        971      9.500    17.5037    17.5057     0.0020    4.16574    4.16524          1     5.4031     5.2972       9.98     0.3012  1.716e+00  7.843e+00  4.569e+02    31.7857    31.7799    -0.0058    22.9306    22.9257      9.412      9.460      0.405    1510.82    1510.82  0.000e+00
       1000     10.000    17.5038    17.5047     0.0009    4.16654    4.16557          1     5.3973     5.2851       9.98     0.3082  1.564e+00  7.137e+00  4.562e+02    31.7923    31.7834    -0.0089    22.9357    22.9287      9.907      9.958      0.398    1510.84    1510.83  0.000e+00
       1032     10.500    17.5020    17.5041     0.0021    4.16727    4.16609          1     5.4018     5.2793       9.98     0.2962  1.425e+00  6.484e+00  4.551e+02    31.7997    31.7880    -0.0117    22.9418    22.9323     10.403     10.456      0.357    1510.85    1510.84  0.000e+00
       1068     11.000    17.4994    17.5034     0.0040    4.16787    4.16658          1     5.4099     5.3062       9.98     0.2959  1.295e+00  5.890e+00  4.549e+02    31.8067    31.7926    -0.0141    22.9478    22.9360     10.898     10.953      0.334    1510.86    1510.86  0.000e+00
       1103     11.500    17.4978    17.5023     0.0045    4.16847    4.16703          1     5.4218     5.3075       9.98     0.2914  1.178e+00  5.361e+00  4.549e+02    31.8130    31.7971    -0.0159    22.9529    22.9397     11.393     11.451      0.331    1510.87    1510.87  0.000e+00
       1142     12.000    17.4966    17.5002     0.0037    4.16948    4.16781          1     5.4229     5.2933       9.98     0.2865  1.068e+00  4.860e+00  4.549e+02    31.8223    31.8052    -0.0171    22.9603    22.9464     11.889     11.949      0.295    1510.88    1510.88  0.000e+00
       1185     12.500    17.4969    17.4988     0.0019    4.17014    4.16850          1     5.4065     5.2762       9.98     0.3012  9.780e-01  4.449e+00  4.549e+02    31.8275    31.8120    -0.0154    22.9643    22.9520     12.384     12.447      0.276    1510.90    1510.89  0.000e+00
       1227     13.000    17.4945    17.4978     0.0034    4.17107    4.16921          1     5.4106     5.2751       9.98     0.2898  8.881e-01  4.040e+00  4.549e+02    31.8371    31.8186    -0.0185    22.9722    22.9573     12.879     12.945      0.286    1510.91    1510.90  0.000e+00
       1270     13.500    17.4919    17.4964     0.0045    4.17182    4.16997          1     5.4232     5.2865       9.98     0.2954  8.119e-01  3.688e+00  4.542e+02    31.8454    31.8261    -0.0193    22.9791    22.9633     13.375     13.443      0.270    1510.92    1510.91  0.000e+00
       1315     14.000    17.4924    17.4946     0.0022    4.17226    4.17083          1     5.4095     5.2862       9.98     0.3054  7.391e-01  3.347e+00  4.529e+02    31.8485    31.8346    -0.0140    22.9814    22.9702     13.870     13.940      0.265    1510.94    1510.93  0.000e+00
       1360     14.500    17.4919    17.4938     0.0019    4.17288    4.17142          1     5.4074     5.2696       9.98     0.2950  6.755e-01  3.059e+00  4.529e+02    31.8540    31.8400    -0.0139    22.9857    22.9746     14.366     14.438      0.271    1510.95    1510.94  0.000e+00
       1402     15.000    17.4890    17.4920     0.0030    4.17403    4.17242          1     5.4277     5.2676       9.98     0.2804  6.166e-01  2.793e+00  4.529e+02    31.8659    31.8498    -0.0161    22.9955    22.9825     14.861     14.936      0.298    1510.96    1510.95  0.000e+00
       1444     15.500    17.4813    17.4888     0.0075    4.17582    4.17368          1     5.4226     5.2674       9.98     0.2650  5.603e-01  2.537e+00  4.529e+02    31.8870    31.8630    -0.0240    23.0135    22.9933     15.356     15.434      0.270    1510.97    1510.97  0.000e+00
       1492     16.000    17.4721    17.4862     0.0140    4.17640    4.17427          1     5.4283     5.2582       9.98     0.2853  5.090e-01  2.305e+00  4.529e+02    31.8990    31.8698    -0.0292    23.0249    22.9992     15.852     15.932      0.244    1510.97    1510.97  0.000e+00
       1537     16.500    17.4703    17.4718     0.0016    4.17695    4.17634          1     5.4050     5.2568       9.98     0.3120  4.677e-01  2.117e+00  4.527e+02    31.9050    31.8986    -0.0064    23.0299    23.0246     16.347     16.429      0.301    1510.98    1510.97  0.000e+00
       1577     17.000    17.4679    17.4703     0.0025    4.17828    4.17785          1     5.4187     5.2402       9.98     0.2735  4.268e-01  1.925e+00  4.510e+02    31.9181    31.9125    -0.0056    23.0405    23.0356     16.842     16.927      0.271    1510.99    1510.99  0.000e+00
       1627     17.500    17.5060    17.4824    -0.0236    4.18555    4.17966          1     5.3863     5.2063       9.98     0.2620  3.886e-01  1.752e+00  4.509e+02    31.9498    31.9182    -0.0316    23.0557    23.0371     17.338     17.425      0.253    1511.15    1511.04  0.000e+00
       1667     18.000    17.5506    17.5436    -0.0071    4.19344    4.19060          1     5.3793     5.1979       9.98     0.2626  3.589e-01  1.618e+00  4.509e+02    31.9817    31.9631    -0.0186    23.0696    23.0570     17.833     17.923      0.327    1511.33    1511.29  0.000e+00
       1706     18.500    17.5543    17.5476    -0.0067    4.19530    4.19326          1     5.3831     5.1867       9.98     0.2450  3.253e-01  1.467e+00  4.509e+02    31.9945    31.9824    -0.0121    23.0785    23.0708     18.328     18.421      0.279    1511.36    1511.33  0.000e+00
       1752     19.000    17.5457    17.5481     0.0024    4.19577    4.19498          1     5.3516     5.1845       9.98     0.2515  2.964e-01  1.336e+00  4.509e+02    32.0051    31.9964    -0.0087    23.0886    23.0814     18.824     18.918      0.261    1511.36    1511.35  0.000e+00
       1795     19.500    17.5342    17.5372     0.0030    4.19501    4.19504          1     5.3541     5.2083       9.98     0.2275  2.694e-01  1.213e+00  4.504e+02    32.0075    32.0054    -0.0021    23.0932    23.0909     19.319     19.416      0.299    1511.33    1511.34  0.000e+00
       1837     20.000    17.5394    17.5376    -0.0018    4.19638    4.19565          1     5.3705     5.1872       9.98     0.2037  2.436e-01  1.094e+00  4.491e+02    32.0148    32.0101    -0.0048    23.0976    23.0944     19.814     19.914      0.256    1511.37    1511.35  0.000e+00
       1884     20.500    17.5410    17.5397    -0.0013    4.19724    4.19690          1     5.3585     5.1891       9.98     0.1868  2.236e-01  1.004e+00  4.488e+02    32.0208    32.0189    -0.0020    23.1018    23.1006     20.310     20.412      0.290    1511.39    1511.38  0.000e+00
       1922     21.000    17.5378    17.5374    -0.0005    4.19739    4.19718          1     5.3590     5.1953       9.98     0.1824  2.046e-01  9.183e-01  4.488e+02    32.0244    32.0229    -0.0015    23.1053    23.1043     20.805     20.910      0.299    1511.39    1511.38  0.000e+00
       1968     21.500    17.5356    17.5365     0.0010    4.19811    4.19777          1     5.3862     5.1784       9.97     0.1814  1.865e-01  8.368e-01  4.488e+02    32.0322    32.0285    -0.0037    23.1118    23.1087     21.300     21.407      0.251    1511.40    1511.40  0.000e+00
       2011     22.000    17.5363    17.5354    -0.0009    4.19878    4.19842          1     5.3813     5.1743       9.97     0.1883  1.715e-01  7.697e-01  4.488e+02    32.0371    32.0347    -0.0024    23.1154    23.1138     21.796     21.905      0.307    1511.41    1511.41  0.000e+00
       2050     22.500    17.5472    17.5432    -0.0040    4.20095    4.20003          1     5.3783     5.1615       9.97     0.1856  1.568e-01  7.037e-01  4.488e+02    32.0467    32.0421    -0.0047    23.1202    23.1175     22.291     22.403      0.288    1511.47    1511.45  0.000e+00
       2096     23.000    17.5550    17.5464    -0.0085    4.20292    4.20103          1     5.3732     5.1700       9.97     0.1658  1.419e-01  6.366e-01  4.484e+02    32.0572    32.0479    -0.0093    23.1263    23.1212     22.786     22.901      0.254    1511.51    1511.47  0.000e+00
       2140     23.500    17.5573    17.5512    -0.0062    4.20350    4.20210          1     5.3711     5.1706       9.97     0.1719  1.302e-01  5.817e-01  4.469e+02    32.0601    32.0530    -0.0071    23.1280    23.1241     23.282     23.398      0.290    1511.53    1511.50  0.000e+00
       2182     24.000    17.5578    17.5551    -0.0028    4.20377    4.20321          1     5.3858     5.1722       9.97     0.1679  1.188e-01  5.308e-01  4.468e+02    32.0619    32.0593    -0.0026    23.1293    23.1279     23.777     23.896      0.273    1511.54    1511.53  0.000e+00
       2226     24.500    17.5561    17.5562     0.0001    4.20378    4.20366          1     5.3976     5.1631       9.97     0.1501  1.082e-01  4.832e-01  4.468e+02    32.0631    32.0620    -0.0011    23.1306    23.1297     24.272     24.394      0.297    1511.55    1511.54  0.000e+00
       2264     25.000    17.5413    17.5509     0.0096    4.20307    4.20365          1     5.3749     5.1672       9.97     0.1447  9.759e-02  4.360e-01  4.468e+02    32.0685    32.0659    -0.0026    23.1383    23.1340     24.767     24.892      0.301    1511.52    1511.54  0.000e+00
       2308     25.500    17.5314    17.5418     0.0104    4.20310    4.20339          1     5.4091     5.1572       9.97     0.1467  8.775e-02  3.921e-01  4.468e+02    32.0765    32.0707    -0.0058    23.1467    23.1398     25.263     25.389      0.260    1511.50    1511.53  0.000e+00
       2352     26.000    17.5196    17.5326     0.0130    4.20275    4.20338          1     5.4047     5.1623       9.97     0.1542  7.898e-02  3.529e-01  4.468e+02    32.0826    32.0777    -0.0049    23.1542    23.1473     25.758     25.887      0.302    1511.48    1511.52  0.000e+00
       2390     26.500    17.4946    17.5131     0.0185    4.20191    4.20292          1     5.3886     5.1605       9.97     0.1613  7.042e-02  3.146e-01  4.468e+02    32.0951    32.0890    -0.0060    23.1696    23.1606     26.253     26.385      0.308    1511.43    1511.48  0.000e+00
       2437     27.000    17.4791    17.4935     0.0143    4.20168    4.20231          1     5.4149     5.1652       9.97     0.1364  6.228e-02  2.777e-01  4.458e+02    32.1052    32.0992    -0.0060    23.1811    23.1731     26.749     26.883      0.228    1511.40    1511.44  0.000e+00
       2485     27.500    17.4728    17.4802     0.0074    4.20286    4.20247          1     5.4484     5.1586       9.97     0.1260  5.589e-02  2.486e-01  4.447e+02    32.1200    32.1108    -0.0092    23.1939    23.1851     27.244     27.380      0.301    1511.41    1511.42  0.000e+00
