ctdpy/exports/archive_20191121_122431/received_data/SBE09_0827_20181009_0926_26_01_1050.cnv
* Sea-Bird SBE 9 Data File:
* FileName = D:\CTD_SBE911\DAT\26DA.2018.10.50.hex
* Software Version Seasave V 7.21d
* Temperature SN = 4548
* Conductivity SN = 3062
* Number of Bytes Per Scan = 48
* Number of Voltage Words = 5
* Number of Scans Averaged by the Deck Unit = 1
* NMEA Latitude = 58 49.86 N
* NMEA Longitude = 020 16.10 E
* NMEA UTC (Time) = Oct 09 2018  09:29:11
* NMEA baud rate = 4800
** Ship: DANA
** Average sound velocity: 1446.67 m/s
** True-depth calculation Thu, 28 Mar 2019 12:22:16 +0000
** CTD Python Module SMHI /ver 3-12/ feb 2012 
** LIMS Job: 20182601-1050
** Operator: Christian
** Cruise: 10/2018
# nquan = 26
# nvalues = 342                         
# units = specified
# name 0 = scan: Scan Count
# name 1 = prDM: Pressure, Digiquartz [db]
# name 2 = t090C: Temperature [ITS-90, deg C]
# name 3 = t190C: Temperature, 2 [ITS-90, deg C]
# name 4 = T2-T190C: Temperature Difference, 2 - 1 [ITS-90, deg C]
# name 5 = c0S/m: Conductivity [S/m]
# name 6 = c1S/m: Conductivity, 2 [S/m]
# name 7 = pumps: Pump Status
# name 8 = sbeox1ML/L: Oxygen, SBE 43, 2 [ml/l]
# name 9 = sbeox0ML/L: Oxygen, SBE 43 [ml/l]
# name 10 = altM: Altimeter [m]
# name 11 = chloroflTC0: Chlorophyll, Turner Cyclops [ug/l]
# name 12 = cpar: CPAR/Corrected Irradiance [%]
# name 13 = par: PAR/Irradiance, Biospherical/Lico [µE/(cm^2*s)]
# name 14 = spar: SPAR, Biospherical/Licor
# name 15 = sal00: Salinity, Practical [PSU]
# name 16 = sal11: Salinity, Practical, 2 [PSU]
# name 17 = secS-priS: Salinity, Practical, Difference, 2 - 1 [PSU]
# name 18 = sigma-t00: Density [sigma-t, kg/m^3 ]
# name 19 = sigma-t11: Density, 2 [sigma-t, kg/m^3 ]
# name 20 = depSM: Depth [salt water, m], lat = 58.831
# name 21 = depFM: Depth [true depth, m], lat = 58.831
# name 22 = dz/dtM: Descent Rate [m/s], WS = 2
# name 23 = svCM: Sound Velocity [Chen-Millero, m/s]
# name 24 = svCM1: Sound Velocity, 2 [Chen-Millero, m/s]
# name 25 = flag: flag
# span 0 =        103,      18671       
# span 1 =      0.500,    171.000       
# span 2 =     3.3211,    10.8134       
# span 3 =     3.3305,    10.8135       
# span 4 =    -0.1232,     1.4112       
# span 5 =   0.757869,   1.271701       
# span 6 =   0.760204,   1.271646       
# span 7 =          1,          1       
# span 8 =     0.0291,     7.2525       
# span 9 =     0.0335,     7.1098       
# span 10 =       0.16,      10.16      
# span 11 =     0.0159,     0.0350      
# span 12 = -3.826e-10, 1.2140e+01      
# span 13 = -7.545e-09, 2.2945e+02      
# span 14 = 7.7956e+02, 2.0042e+03      
# span 15 =     6.3761,    11.6424      
# span 16 =     6.3763,    11.6418      
# span 17 =    -0.1809,     0.0005      
# span 18 =     4.5944,     9.1215      
# span 19 =     4.5944,     9.1210      
# span 20 =      0.495,    169.334      
# span 21 =      0.507,    172.903      
# span 22 =     -0.060,      0.988      
# span 23 =    1429.00,    1458.83      
# span 24 =    1429.06,    1458.82      
# span 25 = 0.0000e+00, 0.0000e+00      
# interval = decibars: 0.5              
# start_time = Oct 09 2018 09:29:12 [NMEA time, first data scan]
# bad_flag = -9.990e-29
*END*
[from data line 223]
      13766    112.000     6.1805     6.1774    -0.0031    1.22813    1.22738          1     0.0469     0.0520       9.97     0.0170  8.687e-14  1.000e-12  1.151e+03    11.2832    11.2768    -0.0064     8.8517     8.8469    110.924    113.347      0.601    1447.48    1447.46  0.000e+00
      13798    112.500     6.1821     6.1802    -0.0019    1.22838    1.22795          1     0.0488     0.0524       9.97     0.0169  8.796e-14  1.000e-12  1.137e+03    11.2851    11.2814    -0.0037     8.8530     8.8503    111.419    113.852      0.331    1447.50    1447.49  0.000e+00
      13872    113.000     6.1829     6.1818    -0.0011    1.22862    1.22832          1     0.0489     0.0485       9.97     0.0171  8.938e-14  1.000e-12  1.119e+03    11.2871    11.2844    -0.0027     8.8546     8.8525    111.914    114.356      0.491    1447.51    1447.50  0.000e+00
      13887    113.500     6.1853     6.1828    -0.0025    1.22915    1.22858          1     0.0470     0.0506       9.97     0.0171  8.932e-14  1.000e-12  1.120e+03    11.2914    11.2866    -0.0048     8.8578     8.8542    112.410    114.861      0.776    1447.54    1447.52  0.000e+00
      13901    114.000     6.1892     6.1849    -0.0043    1.22999    1.22889          1     0.0458     0.0517       9.97     0.0171  8.888e-14  1.000e-12  1.125e+03    11.2984    11.2889    -0.0095     8.8630     8.8559    112.905    115.366      0.864    1447.57    1447.54  0.000e+00
      13914    114.500     6.1965     6.1881    -0.0083    1.23140    1.22951          1     0.0465     0.0510       9.97     0.0170  8.813e-14  1.000e-12  1.135e+03    11.3099    11.2939    -0.0160     8.8716     8.8596    113.400    115.871      0.823    1447.62    1447.57  0.000e+00
      13930    115.000     6.2010     6.1933    -0.0077    1.23218    1.23049          1     0.0469     0.0481       9.97     0.0171  8.684e-14  1.000e-12  1.152e+03    11.3161    11.3018    -0.0143     8.8761     8.8655    113.895    116.376      0.648    1447.66    1447.61  0.000e+00
      13956    115.500     6.2042     6.1992    -0.0049    1.23267    1.23175          1     0.0457     0.0481       9.97     0.0171  8.406e-14  1.000e-12  1.190e+03    11.3197    11.3122    -0.0075     8.8788     8.8733    114.390    116.880      0.387    1447.68    1447.65  0.000e+00
      13990    116.000     6.2056     6.2013    -0.0043    1.23290    1.23205          1     0.0475     0.0498       9.97     0.0169  8.437e-14  1.000e-12  1.185e+03    11.3215    11.3145    -0.0070     8.8801     8.8749    114.885    117.385      0.429    1447.70    1447.67  0.000e+00
      14013    116.500     6.2058     6.2041    -0.0017    1.23297    1.23257          1     0.0461     0.0499       9.97     0.0170  8.750e-14  1.000e-12  1.143e+03    11.3221    11.3186    -0.0035     8.8806     8.8779    115.380    117.890      0.565    1447.71    1447.70  0.000e+00
      14034    117.000     6.2057     6.2050    -0.0007    1.23302    1.23278          1     0.0459     0.0471       9.97     0.0168  8.901e-14  1.000e-12  1.124e+03    11.3224    11.3203    -0.0021     8.8808     8.8792    115.875    118.395      0.543    1447.72    1447.71  0.000e+00
      14060    117.500     6.2072     6.2057    -0.0015    1.23346    1.23299          1     0.0465     0.0491       9.97     0.0168  9.034e-14  1.000e-12  1.107e+03    11.3262    11.3220    -0.0042     8.8837     8.8805    116.370    118.900      0.400    1447.74    1447.73  0.000e+00
      14094    118.000     6.2089     6.2067    -0.0022    1.23384    1.23325          1     0.0464     0.0471       9.97     0.0167  9.178e-14  1.000e-12  1.090e+03    11.3293    11.3242    -0.0051     8.8860     8.8822    116.865    119.404      0.380    1447.76    1447.74  0.000e+00
      14121    118.500     6.2133     6.2079    -0.0054    1.23506    1.23355          1     0.0459     0.0484       9.97     0.0170  9.235e-14  1.000e-12  1.083e+03    11.3399    11.3267    -0.0132     8.8941     8.8840    117.360    119.909      0.535    1447.80    1447.76  0.000e+00
      14141    119.000     6.2291     6.2175    -0.0116    1.23752    1.23534          1     0.0466     0.0495       9.97     0.0170  9.239e-14  1.000e-12  1.082e+03    11.3590    11.3412    -0.0178     8.9080     8.8948    117.855    120.414      0.565    1447.90    1447.82  0.000e+00
      14164    119.500     6.2390     6.2295    -0.0095    1.23899    1.23721          1     0.0460     0.0466       9.97     0.0169  9.239e-14  1.000e-12  1.082e+03    11.3702    11.3556    -0.0145     8.9161     8.9054    118.350    120.919      0.436    1447.96    1447.90  0.000e+00
      14202    120.000     6.2434     6.2331    -0.0103    1.23984    1.23796          1     0.0463     0.0487       9.97     0.0165  9.267e-14  1.000e-12  1.079e+03    11.3771    11.3618    -0.0152     8.9213     8.9100    118.845    121.423      0.297    1447.99    1447.93  0.000e+00
      14236    120.500     6.2458     6.2401    -0.0058    1.24081    1.23921          1     0.0463     0.0439       9.97     0.0169  9.241e-14  1.000e-12  1.082e+03    11.3858    11.3718    -0.0139     8.9279     8.9174    119.340    121.928      0.477    1448.02    1447.98  0.000e+00
      14257    121.000     6.2497     6.2430    -0.0067    1.24213    1.24001          1     0.0458     0.0429       9.97     0.0170  9.201e-14  1.000e-12  1.087e+03    11.3975    11.3787    -0.0188     8.9369     8.9226    119.835    122.433      0.586    1448.06    1448.01  0.000e+00
      14277    121.500     6.2631     6.2513    -0.0117    1.24554    1.24221          1     0.0459     0.0470       9.97     0.0168  9.145e-14  1.000e-12  1.094e+03    11.4268    11.3976    -0.0292     8.9590     8.9369    120.330    122.938      0.589    1448.16    1448.08  0.000e+00
      14298    122.000     6.2675     6.2595    -0.0080    1.24642    1.24433          1     0.0467     0.0460       9.97     0.0168  9.000e-14  1.000e-12  1.111e+03    11.4339    11.4159    -0.0180     8.9643     8.9507    120.825    123.442      0.563    1448.20    1448.14  0.000e+00
      14320    122.500     6.2710     6.2641    -0.0069    1.24720    1.24548          1     0.0464     0.0461       9.97     0.0168  8.812e-14  1.000e-12  1.135e+03    11.4404    11.4256    -0.0148     8.9692     8.9580    121.320    123.947      0.555    1448.23    1448.18  0.000e+00
      14342    123.000     6.2762     6.2692    -0.0071    1.24814    1.24656          1     0.0458     0.0482       9.97     0.0169  8.656e-14  1.000e-12  1.155e+03    11.4478    11.4345    -0.0133     8.9747     8.9647    121.816    124.452      0.507    1448.27    1448.22  0.000e+00
      14371    123.500     6.2815     6.2738    -0.0077    1.24899    1.24751          1     0.0456     0.0447       9.97     0.0171  8.564e-14  1.000e-12  1.168e+03    11.4544    11.4423    -0.0120     8.9794     8.9705    122.311    124.957      0.328    1448.31    1448.26  0.000e+00
      14424    124.000     6.2830     6.2776    -0.0055    1.24925    1.24820          1     0.0463     0.0455       9.97     0.0169  8.518e-14  1.000e-12  1.174e+03    11.4564    11.4478    -0.0086     8.9809     8.9745    122.806    125.461      0.278    1448.33    1448.29  0.000e+00
      14455    124.500     6.2831     6.2815    -0.0016    1.24935    1.24899          1     0.0455     0.0449       9.97     0.0169  8.747e-14  1.000e-12  1.143e+03    11.4572    11.4542    -0.0030     8.9816     8.9793    123.301    125.966      0.544    1448.33    1448.32  0.000e+00
      14474    125.000     6.2833     6.2822    -0.0011    1.24949    1.24910          1     0.0450     0.0438       9.97     0.0169  8.900e-14  1.000e-12  1.124e+03    11.4585    11.4549    -0.0036     8.9826     8.9798    123.796    126.471      0.636    1448.35    1448.34  0.000e+00
      14493    125.500     6.2831     6.2829    -0.0003    1.24966    1.24931          1     0.0460     0.0453       9.97     0.0170  8.979e-14  1.000e-12  1.114e+03    11.4601    11.4568    -0.0033     8.9838     8.9812    124.291    126.976      0.581    1448.35    1448.35  0.000e+00
      14518    126.000     6.2838     6.2833    -0.0005    1.24982    1.24958          1     0.0449     0.0463       9.97     0.0170  9.034e-14  1.000e-12  1.107e+03    11.4614    11.4591    -0.0022     8.9848     8.9831    124.786    127.480      0.432    1448.37    1448.36  0.000e+00
      14550    126.500     6.2846     6.2836    -0.0010    1.25002    1.24970          1     0.0425     0.0459       9.97     0.0170  9.092e-14  1.000e-12  1.100e+03    11.4630    11.4601    -0.0028     8.9860     8.9838    125.281    127.985      0.358    1448.38    1448.37  0.000e+00
      14584    127.000     6.2857     6.2844    -0.0014    1.25026    1.24991          1     0.0426     0.0440       9.97     0.0170  9.110e-14  1.000e-12  1.098e+03    11.4649    11.4619    -0.0030     8.9874     8.9852    125.776    128.490      0.339    1448.39    1448.39  0.000e+00
      14619    127.500     6.2872     6.2854    -0.0019    1.25057    1.25013          1     0.0438     0.0455       9.97     0.0170  9.025e-14  1.000e-12  1.108e+03    11.4674    11.4636    -0.0038     8.9893     8.9864    126.271    128.995      0.384    1448.41    1448.40  0.000e+00
      14647    128.000     6.2887     6.2870    -0.0017    1.25086    1.25044          1     0.0405     0.0461       9.97     0.0170  9.020e-14  1.000e-12  1.109e+03    11.4696    11.4661    -0.0035     8.9909     8.9883    126.766    129.499      0.483    1448.43    1448.42  0.000e+00
      14670    128.500     6.2893     6.2876    -0.0017    1.25096    1.25053          1     0.0432     0.0465       9.97     0.0166  8.994e-14  1.000e-12  1.112e+03    11.4704    11.4667    -0.0037     8.9915     8.9887    127.261    130.004      0.523    1448.44    1448.43  0.000e+00
      14693    129.000     6.2909     6.2891    -0.0018    1.25138    1.25087          1     0.0442     0.0443       9.97     0.0168  8.814e-14  1.000e-12  1.135e+03    11.4740    11.4695    -0.0045     8.9942     8.9908    127.756    130.509      0.480    1448.46    1448.45  0.000e+00
      14724    129.500     6.2931     6.2908    -0.0022    1.25184    1.25129          1     0.0411     0.0438       9.97     0.0169  8.476e-14  1.000e-12  1.180e+03    11.4776    11.4729    -0.0047     8.9969     8.9934    128.251    131.013      0.327    1448.48    1448.47  0.000e+00
      14768    130.000     6.3001     6.2935    -0.0065    1.25297    1.25175          1     0.0426     0.0455       9.97     0.0169  8.586e-14  1.000e-12  1.165e+03    11.4864    11.4765    -0.0099     9.0033     8.9960    128.746    131.518      0.276    1448.53    1448.49  0.000e+00
      14805    130.500     6.3001     6.2962    -0.0039    1.25306    1.25231          1     0.0431     0.0429       9.97     0.0167  9.107e-14  1.000e-12  1.098e+03    11.4872    11.4810    -0.0061     9.0040     8.9994    129.241    132.023      0.396    1448.54    1448.51  0.000e+00
      14832    131.000     6.3014     6.2992    -0.0022    1.25333    1.25282          1     0.0390     0.0450       9.97     0.0170  9.288e-14  1.000e-12  1.077e+03    11.4893    11.4850    -0.0043     9.0056     9.0023    129.736    132.528      0.487    1448.56    1448.54  0.000e+00
      14855    131.500     6.3027     6.3006    -0.0021    1.25355    1.25310          1     0.0419     0.0460       9.97     0.0168  9.349e-14  1.000e-12  1.070e+03    11.4910    11.4872    -0.0038     9.0068     9.0039    130.231    133.032      0.541    1448.57    1448.56  0.000e+00
      14876    132.000     6.3032     6.3020    -0.0012    1.25366    1.25336          1     0.0413     0.0435       9.97     0.0170  9.370e-14  1.000e-12  1.067e+03    11.4918    11.4892    -0.0026     9.0074     9.0054    130.726    133.537      0.571    1448.58    1448.58  0.000e+00
      14897    132.500     6.3038     6.3028    -0.0010    1.25376    1.25351          1     0.0411     0.0437       9.97     0.0168  9.389e-14  1.000e-12  1.065e+03    11.4925    11.4904    -0.0022     9.0079     9.0063    131.221    134.042      0.553    1448.59    1448.59  0.000e+00
      14921    133.000     6.3039     6.3033    -0.0006    1.25378    1.25361          1     0.0411     0.0436       9.97     0.0170  9.412e-14  1.000e-12  1.062e+03    11.4926    11.4911    -0.0015     9.0079     9.0068    131.716    134.546      0.417    1448.60    1448.60  0.000e+00
      14961    133.500     6.3043     6.3037    -0.0006    1.25383    1.25368          1     0.0406     0.0441       9.97     0.0168  9.451e-14  1.000e-12  1.058e+03    11.4928    11.4915    -0.0013     9.0081     9.0071    132.211    135.051      0.262    1448.61    1448.61  0.000e+00
      15002    134.000     6.3043     6.3040    -0.0003    1.25387    1.25374          1     0.0415     0.0453       9.97     0.0164  9.522e-14  1.000e-12  1.050e+03    11.4931    11.4920    -0.0012     9.0083     9.0074    132.706    135.556      0.381    1448.62    1448.62  0.000e+00
      15030    134.500     6.3043     6.3042    -0.0001    1.25389    1.25378          1     0.0419     0.0452       9.97     0.0169  9.572e-14  1.000e-12  1.045e+03    11.4932    11.4922    -0.0010     9.0084     9.0076    133.201    136.061      0.431    1448.63    1448.63  0.000e+00
      15061    135.000     6.3052     6.3045    -0.0007    1.25410    1.25386          1     0.0410     0.0429       9.97     0.0168  9.598e-14  1.000e-12  1.042e+03    11.4949    11.4928    -0.0021     9.0097     9.0081    133.696    136.565      0.349    1448.64    1448.64  0.000e+00
      15095    135.500     6.3065     6.3053    -0.0012    1.25446    1.25404          1     0.0413     0.0439       9.97     0.0171  9.632e-14  1.000e-12  1.038e+03    11.4980    11.4942    -0.0038     9.0120     9.0091    134.191    137.070      0.449    1448.66    1448.65  0.000e+00
      15117    136.000     6.3084     6.3066    -0.0018    1.25496    1.25437          1     0.0404     0.0444       9.97     0.0166  9.630e-14  1.000e-12  1.038e+03    11.5022    11.4969    -0.0052     9.0152     9.0112    134.686    137.575      0.596    1448.68    1448.67  0.000e+00
      15136    136.500     6.3121     6.3094    -0.0027    1.25572    1.25498          1     0.0405     0.0440       9.97     0.0163  9.617e-14  1.000e-12  1.040e+03    11.5084    11.5020    -0.0064     9.0198     9.0149    135.181    138.080      0.600    1448.71    1448.69  0.000e+00
      15158    137.000     6.3135     6.3117    -0.0018    1.25598    1.25550          1     0.0415     0.0435       9.97     0.0168  9.635e-14  1.000e-12  1.038e+03    11.5104    11.5063    -0.0041     9.0213     9.0182    135.676    138.584      0.435    1448.73    1448.72  0.000e+00
      15204    137.500     6.3140     6.3129    -0.0012    1.25605    1.25576          1     0.0412     0.0440       9.97     0.0169  9.677e-14  1.000e-12  1.033e+03    11.5109    11.5083    -0.0025     9.0216     9.0197    136.171    139.089      0.249    1448.74    1448.73  0.000e+00
      15242    138.000     6.3145     6.3137    -0.0009    1.25627    1.25593          1     0.0401     0.0427       9.97     0.0167  9.738e-14  1.000e-12  1.027e+03    11.5127    11.5097    -0.0031     9.0231     9.0207    136.666    139.594      0.543    1448.75    1448.75  0.000e+00
      15260    138.500     6.3161     6.3146    -0.0015    1.25661    1.25616          1     0.0404     0.0401       9.97     0.0165  9.742e-14  1.000e-12  1.026e+03    11.5155    11.5115    -0.0039     9.0251     9.0221    137.161    140.098      0.697    1448.77    1448.76  0.000e+00
      15276    139.000     6.3174     6.3162    -0.0013    1.25680    1.25648          1     0.0416     0.0442       9.97     0.0167  9.732e-14  1.000e-12  1.028e+03    11.5168    11.5141    -0.0027     9.0261     9.0240    137.656    140.603      0.703    1448.79    1448.78  0.000e+00
