ctdpy/exports/archive_20191121_122431/received_data/SBE09_0827_20180303_1553_26_01_0354.cnv
* Sea-Bird SBE 9 Data File:
* FileName = D:\CTD_SBE911\DAT\26DA.2018.3.54.hex
* Software Version Seasave V 7.21d
* Temperature SN = 034757
* Conductivity SN = 041844
* Number of Bytes Per Scan = 48
* Number of Voltage Words = 5
* Number of Scans Averaged by the Deck Unit = 1
* NMEA Latitude = 56 03.29 N
* NMEA Longitude = 017 23.73 E
* NMEA UTC (Time) = Mar 03 2018  15:54:02
* NMEA baud rate = 4800
** Ship: DANA
** Average sound velocity: 1422.60 m/s
** True-depth calculation Tue, 02 Apr 2019 12:10:00 +0000
** CTD Python Module SMHI /ver 3-12/ feb 2012 
** LIMS Job: 20182601-0354
** Operator:
** Cruise: 02/2018
# nquan = 26
# nvalues = 75                          
# units = specified
# name 0 = scan: Scan Count
# name 1 = prDM: Pressure, Digiquartz [db]
# name 2 = t090C: Temperature [ITS-90, deg C]
# name 3 = t190C: Temperature, 2 [ITS-90, deg C]
# name 4 = T2-T190C: Temperature Difference, 2 - 1 [ITS-90, deg C]
# name 5 = c0S/m: Conductivity [S/m]
# name 6 = c1S/m: Conductivity, 2 [S/m]
# name 7 = pumps: Pump Status
# name 8 = sbeox1ML/L: Oxygen, SBE 43, 2 [ml/l]
# name 9 = sbeox0ML/L: Oxygen, SBE 43 [ml/l]
# name 10 = altM: Altimeter [m]
# name 11 = chloroflTC0: Chlorophyll, Turner Cyclops [ug/l]
# name 12 = cpar: CPAR/Corrected Irradiance [%]
# name 13 = par: PAR/Irradiance, Biospherical/Lico [µE/(cm^2*s)]
# name 14 = spar: SPAR, Biospherical/Licor
# name 15 = sal00: Salinity, Practical [PSU]
# name 16 = sal11: Salinity, Practical, 2 [PSU]
# name 17 = secS-priS: Salinity, Practical, Difference, 2 - 1 [PSU]
# name 18 = sigma-t00: Density [sigma-t, kg/m^3 ]
# name 19 = sigma-t11: Density, 2 [sigma-t, kg/m^3 ]
# name 20 = depSM: Depth [salt water, m], lat = 56.0548
# name 21 = depFM: Depth [true depth, m], lat = 56.0548
# name 22 = dz/dtM: Descent Rate [m/s], WS = 2
# name 23 = svCM: Sound Velocity [Chen-Millero, m/s]
# name 24 = svCM1: Sound Velocity, 2 [Chen-Millero, m/s]
# name 25 = flag: flag
# span 0 =         45,       3655       
# span 1 =      1.000,     38.000       
# span 2 =     2.0800,     2.0991       
# span 3 =     2.0792,     2.0987       
# span 4 =    -0.0049,     0.0014       
# span 5 =   0.725748,   0.726658       
# span 6 =   0.724992,   0.725988       
# span 7 =          1,          1       
# span 8 =     8.8290,     8.8611       
# span 9 =     8.7622,     8.7974       
# span 10 =       1.74,       9.98      
# span 11 =     0.0124,     0.0221      
# span 12 = 2.3448e-12, 1.1576e+01      
# span 13 = 1.0000e-12, 5.1722e+00      
# span 14 = 4.0616e+01, 4.4678e+01      
# span 15 =     7.2703,     7.2715      
# span 16 =     7.2624,     7.2644      
# span 17 =    -0.0083,    -0.0071      
# span 18 =     5.7976,     5.7986      
# span 19 =     5.7913,     5.7930      
# span 20 =      0.991,     37.651      
# span 21 =      1.013,     38.481      
# span 22 =     -0.061,      0.677      
# span 23 =    1422.26,    1422.91      
# span 24 =    1422.25,    1422.90      
# span 25 = 0.0000e+00, 0.0000e+00      
# interval = decibars: 0.5              
# start_time = Mar 03 2018 15:54:03 [NMEA time, first data scan]
# bad_flag = -9.990e-29
*END*
[from data line 56]
       2828     29.000     2.0944     2.0927    -0.0017    0.72645    0.72573          1     8.8368     8.7876       9.97     0.0175  2.460e-12  1.000e-12  4.066e+01     7.2710     7.2637    -0.0073     5.7982     5.7924     28.734     29.367      0.242    1422.76    1422.75  0.000e+00
       2877     29.500     2.0937     2.0940     0.0003    0.72644    0.72577          1     8.8291     8.7885       9.97     0.0171  2.462e-12  1.000e-12  4.062e+01     7.2710     7.2638    -0.0072     5.7982     5.7924     29.229     29.874      0.274    1422.77    1422.76  0.000e+00
       2917     30.000     2.0944     2.0954     0.0010    0.72647    0.72583          1     8.8305     8.7761       9.95     0.0171  2.462e-12  1.000e-12  4.062e+01     7.2711     7.2640    -0.0071     5.7983     5.7926     29.725     30.380      0.307    1422.78    1422.78  0.000e+00
       2962     30.500     2.0964     2.0965     0.0001    0.72653    0.72587          1     8.8387     8.7854       9.59     0.0173  2.462e-12  1.000e-12  4.062e+01     7.2712     7.2641    -0.0071     5.7984     5.7927     30.220     30.886      0.235    1422.80    1422.79  0.000e+00
       3014     31.000     2.0973     2.0968    -0.0005    0.72656    0.72588          1     8.8439     8.7863       9.09     0.0170  2.462e-12  1.000e-12  4.062e+01     7.2713     7.2641    -0.0072     5.7985     5.7927     30.715     31.393      0.262    1422.81    1422.80  0.000e+00
       3057     31.500     2.0975     2.0973    -0.0003    0.72657    0.72590          1     8.8351     8.7818       8.57     0.0167  2.462e-12  1.000e-12  4.062e+01     7.2713     7.2641    -0.0072     5.7985     5.7927     31.211     31.899      0.247    1422.82    1422.81  0.000e+00
       3110     32.000     2.0979     2.0980     0.0001    0.72659    0.72593          1     8.8394     8.7912       8.04     0.0167  2.462e-12  1.000e-12  4.062e+01     7.2713     7.2642    -0.0072     5.7985     5.7928     31.706     32.405      0.264    1422.83    1422.82  0.000e+00
       3146     32.500     2.0986     2.0981    -0.0005    0.72662    0.72594          1     8.8323     8.7865       7.53     0.0161  2.462e-12  1.000e-12  4.062e+01     7.2714     7.2642    -0.0072     5.7986     5.7928     32.202     32.912      0.329    1422.84    1422.83  0.000e+00
       3200     33.000     2.0991     2.0979    -0.0012    0.72664    0.72595          1     8.8382     8.7880       7.01     0.0160  2.462e-12  1.000e-12  4.062e+01     7.2714     7.2643    -0.0072     5.7986     5.7929     32.697     33.418      0.216    1422.85    1422.84  0.000e+00
       3253     33.500     2.0988     2.0983    -0.0005    0.72664    0.72596          1     8.8418     8.7763       6.49     0.0160  2.462e-12  1.000e-12  4.062e+01     7.2714     7.2642    -0.0072     5.7986     5.7929     33.192     33.924      0.346    1422.86    1422.84  0.000e+00
       3287     34.000     2.0986     2.0981    -0.0005    0.72664    0.72596          1     8.8339     8.7779       5.96     0.0158  2.462e-12  1.000e-12  4.062e+01     7.2714     7.2642    -0.0072     5.7986     5.7928     33.688     34.431      0.296    1422.86    1422.85  0.000e+00
       3336     34.500     2.0988     2.0983    -0.0005    0.72666    0.72597          1     8.8293     8.7862       5.44     0.0154  2.462e-12  1.000e-12  4.062e+01     7.2714     7.2642    -0.0072     5.7986     5.7928     34.183     34.937      0.232    1422.87    1422.86  0.000e+00
       3390     35.000     2.0985     2.0978    -0.0007    0.72666    0.72597          1     8.8432     8.7788       4.91     0.0147  2.462e-12  1.000e-12  4.062e+01     7.2714     7.2643    -0.0071     5.7986     5.7929     34.678     35.443      0.211    1422.88    1422.87  0.000e+00
       3440     35.500     2.0974     2.0957    -0.0017    0.72664    0.72593          1     8.8477     8.7853       4.39     0.0147  2.462e-12  1.000e-12  4.062e+01     7.2714     7.2643    -0.0071     5.7986     5.7929     35.174     35.950      0.353    1422.88    1422.86  0.000e+00
       3468     36.000     2.0969     2.0957    -0.0012    0.72663    0.72595          1     8.8455     8.7795       3.87     0.0138  2.462e-12  1.000e-12  4.062e+01     7.2714     7.2643    -0.0071     5.7986     5.7929     35.669     36.456      0.409    1422.89    1422.87  0.000e+00
       3518     36.500     2.0969     2.0959    -0.0010    0.72664    0.72596          1     8.8438     8.7809       3.34     0.0135  2.462e-12  1.000e-12  4.062e+01     7.2714     7.2643    -0.0071     5.7986     5.7929     36.164     36.962      0.248    1422.89    1422.88  0.000e+00
       3582     37.000     2.0963     2.0963    -0.0001    0.72664    0.72597          1     8.8299     8.7753       2.84     0.0141  2.462e-12  1.000e-12  4.062e+01     7.2715     7.2643    -0.0072     5.7986     5.7929     36.660     37.469      0.397    1422.90    1422.89  0.000e+00
       3607     37.500     2.0961     2.0961    -0.0001    0.72664    0.72598          1     8.8365     8.7761       2.30     0.0124  2.462e-12  1.000e-12  4.062e+01     7.2715     7.2643    -0.0071     5.7986     5.7929     37.155     37.975      0.409    1422.91    1422.90  0.000e+00
       3655     38.000     2.0966     2.0961    -0.0005    0.72666    0.72599          1     8.8384     8.7924       1.74     0.0129  2.462e-12  1.000e-12  4.062e+01     7.2715     7.2644    -0.0071     5.7986     5.7930     37.651     38.481     -0.061    1422.91    1422.90  0.000e+00
