ctdpy/exports/archive_20191121_122431/received_data/SBE09_1044_20181020_0511_34_01_0114.cnv
* Sea-Bird SBE 9 Data File:
* FileName = C:\ctd\temp\ar18d114.hex
* Software Version Seasave V 7.26.7.107
* Temperature SN = 5351
* Conductivity SN = 3941
* Number of Bytes Per Scan = 41
* Number of Voltage Words = 4
* Number of Scans Averaged by the Deck Unit = 1
* NMEA Latitude = 57 07.03 N
* NMEA Longitude = 017 40.13 E
* NMEA UTC (Time) = Oct 20 2018  05:10:43
* NMEA baud rate = 4800
** Station:  BY38
** Operator:  OBac
** Ship: ARANDA
** Average sound velocity: 1445.45 m/s
** True-depth calculation Sat, 20 Oct 2018 06:04:12 +0000
** CTD Python Module SMHI /ver 3-12/ feb 2012 
** LIMS Job: 20183401-0114
** Cruise: SMHI-4-2018
** Latitude [GG MM.mm N]:
** Longitude [GG MM.mm E]
# nquan = 26
# nvalues = 208                         
# units = specified
# name 0 = scan: Scan Count
# name 1 = prDM: Pressure, Digiquartz [db]
# name 2 = t090C: Temperature [ITS-90, deg C]
# name 3 = t190C: Temperature, 2 [ITS-90, deg C]
# name 4 = T2-T190C: Temperature Difference, 2 - 1 [ITS-90, deg C]
# name 5 = c0S/m: Conductivity [S/m]
# name 6 = c1S/m: Conductivity, 2 [S/m]
# name 7 = pumps: Pump Status
# name 8 = sbeox0ML/L: Oxygen, SBE 43 [ml/l]
# name 9 = sbeox1ML/L: Oxygen, SBE 43, 2 [ml/l]
# name 10 = altM: Altimeter [m]
# name 11 = flECO-AFL: Chl-a Fluorescence, WET Labs ECO-AFL/FL [mg/m^3]
# name 12 = flECO-AFL1: Phycocyanin Fluorescence, WET Labs ECO-AFL/FL, 2 [mg/m^3]
# name 13 = par: PAR/Irradiance, Biospherical/Lico [µE/(cm^2*s)]
# name 14 = turbWETntu0: Turbidity, WET Labs ECO [NTU]
# name 15 = sal00: Salinity, Practical [PSU]
# name 16 = sal11: Salinity, Practical, 2 [PSU]
# name 17 = secS-priS: Salinity, Practical, Difference, 2 - 1 [PSU]
# name 18 = sigma-t00: Density [sigma-t, Kg/m^3 ]
# name 19 = sigma-t11: Density, 2 [sigma-t, Kg/m^3 ]
# name 20 = depSM: Depth [salt water, m], lat = 57.1172
# name 21 = depFM: Depth [true depth, m], lat = 57.1172
# name 22 = dz/dtM: Descent Rate [m/s], WS = 2
# name 23 = svCM: Sound Velocity [Chen-Millero, m/s]
# name 24 = svCM1: Sound Velocity, 2 [Chen-Millero, m/s]
# name 25 = flag: flag
# span 0 =      32973,      38318       
# span 1 =      1.500,    105.000       
# span 2 =     4.0816,    11.4383       
# span 3 =     4.0821,    11.4397       
# span 4 =    -0.0042,     0.0131       
# span 5 =   0.789304,   1.171632       
# span 6 =   0.789466,   1.171596       
# span 7 =          1,          1       
# span 8 =    0.03478,    7.33271       
# span 9 =    0.07212,    6.93829       
# span 10 =       3.13,      98.96      
# span 11 =     0.2457,     1.3251      
# span 12 =     0.1499,     0.4532      
# span 13 = -7.985e-06, 7.5069e+00      
# span 14 =     0.1624,     1.8060      
# span 15 =     6.9402,    10.8191      
# span 16 =     6.9399,    10.8182      
# span 17 =    -0.0058,     0.0012      
# span 18 =     4.9566,     8.5056      
# span 19 =     4.9562,     8.5048      
# span 20 =      1.486,    104.008      
# span 21 =      1.520,    106.226      
# span 22 =      0.008,      0.592      
# span 23 =    1432.89,    1461.57      
# span 24 =    1432.92,    1461.57      
# span 25 = 0.0000e+00, 0.0000e+00      
# interval = decibars: 0.5              
# start_time = Oct 20 2018 05:10:43 [NMEA time, first data scan]
# bad_flag = -9.990e-29
*END*
[from data line 168]
      36832     85.500     5.7349     5.7364     0.0016    1.13920    1.13915          1     0.0532     0.0985      23.67     0.4279     0.2501  1.000e-12  0.2700000    10.5452    10.5442    -0.0010     8.2987     8.2978     84.696     86.530      0.546    1444.23    1444.24  0.000e+00
      36854     86.000     5.7378     5.7395     0.0017    1.13985    1.13983          1     0.0541     0.0959      23.11     0.4170     0.2570  1.000e-12  0.2809000    10.5507    10.5499    -0.0008     8.3028     8.3021     85.192     87.035      0.544    1444.26    1444.27  0.000e+00
      36876     86.500     5.7411     5.7426     0.0016    1.14047    1.14043          1     0.0515     0.0959      22.68     0.4091     0.3088  1.000e-12  0.3127000    10.5558    10.5549    -0.0009     8.3067     8.3059     85.687     87.540      0.538    1444.29    1444.29  0.000e+00
      36899     87.000     5.7434     5.7451     0.0017    1.14095    1.14093          1     0.0517     0.0938      22.13     0.4196     0.3217  1.000e-12  0.3528000    10.5597    10.5590    -0.0008     8.3096     8.3089     86.182     88.045      0.543    1444.31    1444.32  0.000e+00
      36921     87.500     5.7462     5.7477     0.0015    1.14150    1.14147          1     0.0500     0.0938      21.61     0.4313     0.2459  1.000e-12  0.4025000    10.5643    10.5635    -0.0008     8.3131     8.3123     86.677     88.550      0.534    1444.34    1444.34  0.000e+00
      36944     88.000     5.7515     5.7531     0.0016    1.14252    1.14247          1     0.0507     0.0951      21.08     0.4235     0.2548  1.000e-12  0.3708000    10.5727    10.5718    -0.0010     8.3194     8.3185     87.172     89.055      0.513    1444.38    1444.38  0.000e+00
      36967     88.500     5.7567     5.7582     0.0015    1.14367    1.14361          1     0.0550     0.0942      20.60     0.4211     0.2813  1.000e-12  0.2986000    10.5825    10.5814    -0.0011     8.3268     8.3258     87.668     89.560      0.529    1444.42    1444.43  0.000e+00
      36989     89.000     5.7659     5.7673     0.0014    1.14579    1.14572          1     0.0494     0.0931      20.05     0.4143     0.2794  1.000e-12  0.2814000    10.6007    10.5996    -0.0011     8.3406     8.3396     88.163     90.065      0.563    1444.49    1444.50  0.000e+00
      37010     89.500     5.7708     5.7724     0.0016    1.14726    1.14721          1     0.0474     0.0892      19.58     0.4161     0.2467  1.000e-12  0.2896000    10.6138    10.6128    -0.0010     8.3506     8.3497     88.658     90.570      0.568    1444.54    1444.54  0.000e+00
      37031     90.000     5.7747     5.7764     0.0017    1.14809    1.14806          1     0.0477     0.0898      19.06     0.4283     0.2350  1.000e-12  0.2925000    10.6207    10.6199    -0.0008     8.3558     8.3551     89.153     91.075      0.546    1444.57    1444.58  0.000e+00
      37054     90.500     5.7763     5.7781     0.0018    1.14851    1.14848          1     0.0491     0.0918      18.45     0.4105     0.2479  1.000e-12  0.3262000    10.6243    10.6236    -0.0008     8.3586     8.3579     89.648     91.580      0.517    1444.59    1444.60  0.000e+00
      37078     91.000     5.7786     5.7802     0.0016    1.14883    1.14880          1     0.0488     0.0900      17.96     0.4094     0.2499  1.000e-12  0.2713000    10.6267    10.6260    -0.0008     8.3603     8.3596     90.143     92.085      0.523    1444.61    1444.62  0.000e+00
      37100     91.500     5.7814     5.7829     0.0015    1.14912    1.14909          1     0.0491     0.0910      17.36     0.4096     0.2410  1.000e-12  0.2483000    10.6287    10.6279    -0.0008     8.3617     8.3610     90.639     92.590      0.550    1444.63    1444.64  0.000e+00
      37121     92.000     5.7859     5.7872     0.0013    1.14977    1.14972          1     0.0504     0.0905      16.77     0.4184     0.2351  1.000e-12  0.2509000    10.6336    10.6328    -0.0009     8.3653     8.3646     91.134     93.095      0.545    1444.67    1444.67  0.000e+00
      37144     92.500     5.7901     5.7917     0.0016    1.15054    1.15051          1     0.0504     0.0891      16.37     0.3999     0.2249  1.000e-12  0.2703000    10.6400    10.6391    -0.0008     8.3701     8.3693     91.629     93.600      0.519    1444.70    1444.71  0.000e+00
      37167     93.000     5.7923     5.7939     0.0017    1.15087    1.15085          1     0.0481     0.0898      15.49     0.4031     0.2025  1.000e-12  0.2680000    10.6424    10.6418    -0.0007     8.3719     8.3713     92.124     94.106      0.528    1444.72    1444.73  0.000e+00
      37189     93.500     5.7953     5.7968     0.0015    1.15144    1.15141          1     0.0441     0.0869      15.20     0.4112     0.3234  1.000e-12  0.2619000    10.6472    10.6464    -0.0007     8.3754     8.3747     92.619     94.611      0.549    1444.75    1444.75  0.000e+00
      37211     94.000     5.8014     5.8030     0.0015    1.15294    1.15288          1     0.0442     0.0829      14.71     0.3997     0.2205  1.000e-12  0.2692000    10.6601    10.6590    -0.0011     8.3852     8.3843     93.115     95.116      0.534    1444.80    1444.80  0.000e+00
      37234     94.500     5.8048     5.8064     0.0016    1.15380    1.15376          1     0.0414     0.0877      13.70     0.4073     0.2181  1.000e-12  0.2865000    10.6675    10.6666    -0.0010     8.3909     8.3901     93.610     95.621      0.515    1444.83    1444.83  0.000e+00
      37258     95.000     5.8088     5.8103     0.0014    1.15481    1.15475          1     0.0431     0.0862      13.66     0.3996     0.2131  1.000e-12  0.3346000    10.6763    10.6752    -0.0011     8.3975     8.3966     94.105     96.126      0.541    1444.87    1444.87  0.000e+00
      37279     95.500     5.8221     5.8230     0.0008    1.15715    1.15700          1     0.0512     0.0858      13.29     0.4001     0.2055  1.000e-12  0.3783000    10.6953    10.6935    -0.0017     8.4117     8.4103     94.600     96.631      0.577    1444.96    1444.96  0.000e+00
      37299     96.000     5.8330     5.8345     0.0015    1.15967    1.15964          1     0.0512     0.0861      12.78     0.3880     0.2093  1.000e-12  0.3675000    10.7170    10.7162    -0.0008     8.4282     8.4275     95.095     97.136      0.573    1445.04    1445.04  0.000e+00
      37321     96.500     5.8417     5.8431     0.0014    1.16134    1.16128          1     0.0425     0.0834      12.25     0.3787     0.2329  1.000e-12  0.4061000    10.7308    10.7297    -0.0010     8.4385     8.4376     95.590     97.641      0.535    1445.10    1445.10  0.000e+00
      37344     97.000     5.8448     5.8465     0.0016    1.16207    1.16204          1     0.0429     0.0842      11.75     0.3678     0.2222  1.000e-12  0.4180000    10.7370    10.7362    -0.0008     8.4432     8.4425     96.086     98.146      0.512    1445.13    1445.13  0.000e+00
      37368     97.500     5.8479     5.8494     0.0015    1.16280    1.16275          1     0.0437     0.0835      11.18     0.3697     0.2704  1.000e-12  0.3935000    10.7432    10.7423    -0.0010     8.4479     8.4471     96.581     98.651      0.527    1445.16    1445.16  0.000e+00
      37390     98.000     5.8536     5.8550     0.0014    1.16385    1.16380          1     0.0446     0.0823      10.66     0.3814     0.2967  1.000e-12  0.3727000    10.7519    10.7509    -0.0010     8.4544     8.4535     97.076     99.156      0.554    1445.20    1445.20  0.000e+00
      37411     98.500     5.8574     5.8588     0.0014    1.16451    1.16447          1     0.0449     0.0814      10.15     0.3737     0.3064  1.000e-12  0.3098000    10.7571    10.7562    -0.0009     8.4583     8.4575     97.571     99.661      0.554    1445.23    1445.23  0.000e+00
      37433     99.000     5.8613     5.8628     0.0015    1.16522    1.16518          1     0.0454     0.0821       9.60     0.3858     0.3061  1.000e-12  0.2859000    10.7628    10.7620    -0.0008     8.4625     8.4618     98.066    100.166      0.520    1445.26    1445.27  0.000e+00
      37457     99.500     5.8623     5.8640     0.0017    1.16551    1.16547          1     0.0451     0.0827       9.15     0.3860     0.2938  1.000e-12  0.2853000    10.7653    10.7644    -0.0009     8.4644     8.4636     98.561    100.671      0.499    1445.28    1445.28  0.000e+00
      37481    100.000     5.8638     5.8654     0.0016    1.16595    1.16592          1     0.0439     0.0828       8.58     0.3845     0.2499  1.000e-12  0.2952000    10.7691    10.7683    -0.0008     8.4673     8.4666     99.057    101.176      0.529    1445.30    1445.30  0.000e+00
      37503    100.500     5.8650     5.8666     0.0016    1.16619    1.16617          1     0.0450     0.0821       8.01     0.3830     0.2511  1.000e-12  0.3194000    10.7711    10.7703    -0.0007     8.4688     8.4681     99.552    101.681      0.566    1445.31    1445.32  0.000e+00
      37523    101.000     5.8667     5.8683     0.0016    1.16665    1.16663          1     0.0408     0.0821       7.42     0.3982     0.2350  1.000e-12  0.3312000    10.7751    10.7743    -0.0008     8.4718     8.4712    100.047    102.186      0.573    1445.33    1445.34  0.000e+00
      37545    101.500     5.8692     5.8708     0.0016    1.16734    1.16731          1     0.0417     0.0824       7.00     0.4030     0.2351  1.000e-12  0.3328000    10.7810    10.7802    -0.0008     8.4764     8.4756    100.542    102.691      0.550    1445.36    1445.37  0.000e+00
      37567    102.000     5.8713     5.8729     0.0016    1.16787    1.16782          1     0.0421     0.0810       6.42     0.3859     0.2401  1.000e-12  0.3210000    10.7855    10.7846    -0.0009     8.4798     8.4790    101.037    103.196      0.521    1445.38    1445.39  0.000e+00
      37591    102.500     5.8751     5.8764     0.0014    1.16895    1.16887          1     0.0448     0.0771       5.93     0.3972     0.2397  1.000e-12  0.2973000    10.7950    10.7938    -0.0012     8.4870     8.4860    101.532    103.701      0.516    1445.42    1445.42  0.000e+00
      37614    103.000     5.8793     5.8808     0.0015    1.17018    1.17012          1     0.0448     0.0793       5.44     0.3718     0.2297  1.000e-12  0.3011000    10.8059    10.8048    -0.0011     8.4954     8.4944    102.028    104.206      0.539    1445.46    1445.46  0.000e+00
      37635    103.500     5.8809     5.8825     0.0016    1.17065    1.17062          1     0.0409     0.0782       4.95     0.3977     0.2780  1.000e-12  0.3025000    10.8099    10.8092    -0.0007     8.4984     8.4978    102.523    104.711      0.562    1445.48    1445.48  0.000e+00
      37656    104.000     5.8818     5.8834     0.0016    1.17109    1.17105          1     0.0361     0.0785       4.46     0.3885     0.2379  1.000e-12  0.2895000    10.8140    10.8130    -0.0009     8.5016     8.5007    103.018    105.216      0.555    1445.49    1445.50  0.000e+00
      37679    104.500     5.8823     5.8839     0.0016    1.17163    1.17160          1     0.0381     0.0795       3.96     0.3919     0.2565  1.000e-12  0.2963000    10.8191    10.8182    -0.0009     8.5056     8.5048    103.513    105.721      0.505    1445.51    1445.52  0.000e+00
      38318    105.000     5.8808     5.8834     0.0026    1.17119    1.17139          1     0.0348     0.0721       3.13     0.3871     0.2527  1.000e-12  0.2816000    10.8151    10.8163     0.0012     8.5025     8.5033    104.008    106.226      0.008    1445.51    1445.52  0.000e+00
