ctdpy/exports/archive_20191121_122431/received_data/SBE09_0827_20181126_1446_26_01_1255.cnv
* Sea-Bird SBE 9 Data File:
* FileName = D:\CTD_SBE911\DAT\26DA.2018.12.55.hex
* Software Version Seasave V 7.21d
* Temperature SN = 4548
* Conductivity SN = 3062
* Number of Bytes Per Scan = 48
* Number of Voltage Words = 5
* Number of Scans Averaged by the Deck Unit = 1
* NMEA Latitude = 56 31.96 N
* NMEA Longitude = 016 52.93 E
* NMEA UTC (Time) = Nov 26 2018  14:47:28
* NMEA baud rate = 4800
** Ship: DANA
** Average sound velocity: 1442.02 m/s
** True-depth calculation Tue, 02 Apr 2019 12:15:40 +0000
** CTD Python Module SMHI /ver 3-12/ feb 2012 
** LIMS Job: 20182601-1255
** Operator: Ronny
** Cruise: 12/2018
# nquan = 26
# nvalues = 134                         
# units = specified
# name 0 = scan: Scan Count
# name 1 = prDM: Pressure, Digiquartz [db]
# name 2 = t090C: Temperature [ITS-90, deg C]
# name 3 = t190C: Temperature, 2 [ITS-90, deg C]
# name 4 = T2-T190C: Temperature Difference, 2 - 1 [ITS-90, deg C]
# name 5 = c0S/m: Conductivity [S/m]
# name 6 = c1S/m: Conductivity, 2 [S/m]
# name 7 = pumps: Pump Status
# name 8 = sbeox1ML/L: Oxygen, SBE 43, 2 [ml/l]
# name 9 = sbeox0ML/L: Oxygen, SBE 43 [ml/l]
# name 10 = altM: Altimeter [m]
# name 11 = chloroflTC0: Chlorophyll, Turner Cyclops [ug/l]
# name 12 = cpar: CPAR/Corrected Irradiance [%]
# name 13 = par: PAR/Irradiance, Biospherical/Lico [µE/(cm^2*s)]
# name 14 = spar: SPAR, Biospherical/Licor
# name 15 = sal00: Salinity, Practical [PSU]
# name 16 = sal11: Salinity, Practical, 2 [PSU]
# name 17 = secS-priS: Salinity, Practical, Difference, 2 - 1 [PSU]
# name 18 = sigma-t00: Density [sigma-t, kg/m^3 ]
# name 19 = sigma-t11: Density, 2 [sigma-t, kg/m^3 ]
# name 20 = depSM: Depth [salt water, m], lat = 56.5327
# name 21 = depFM: Depth [true depth, m], lat = 56.5327
# name 22 = dz/dtM: Descent Rate [m/s], WS = 2
# name 23 = svCM: Sound Velocity [Chen-Millero, m/s]
# name 24 = svCM1: Sound Velocity, 2 [Chen-Millero, m/s]
# name 25 = flag: flag
# span 0 =        394,       6979       
# span 1 =      0.500,     67.000       
# span 2 =     4.3970,     7.1953       
# span 3 =     4.3823,     7.1984       
# span 4 =    -0.5357,     0.0656       
# span 5 =   0.821055,   0.876341       
# span 6 =   0.821036,   0.876551       
# span 7 =          1,          1       
# span 8 =     3.2770,     7.6514       
# span 9 =     3.3323,     7.8881       
# span 10 =       1.25,       9.96      
# span 11 =     0.0159,     0.0275      
# span 12 = -1.232e-01, 5.0120e+00      
# span 13 = -7.504e-03, 3.0536e-01      
# span 14 = 4.0617e+00, 6.0925e+00      
# span 15 =     7.1760,     8.2623      
# span 16 =     7.1759,     8.2641      
# span 17 =    -0.0010,     0.0751      
# span 18 =     5.5749,     6.5539      
# span 19 =     5.5747,     6.5554      
# span 20 =      0.495,     66.377      
# span 21 =      0.506,     67.850      
# span 22 =      0.173,      0.283      
# span 23 =    1434.70,    1445.62      
# span 24 =    1434.62,    1445.62      
# span 25 = 0.0000e+00, 0.0000e+00      
# interval = decibars: 0.5              
# start_time = Nov 26 2018 14:47:29 [NMEA time, first data scan]
# bad_flag = -9.990e-29
*END*
        394      0.500     6.8931     6.8942     0.0011    0.82161    0.82161          1     7.6348     7.8731       9.96     0.0244  5.012e+00  3.054e-01  6.093e+00     7.1779     7.1777    -0.0002     5.5759     5.5756      0.495      0.506      0.209    1443.56    1443.56  0.000e+00
        488      1.000     6.8939     6.8943     0.0004    0.82164    0.82163          1     7.6433     7.8812       9.96     0.0260  9.367e-01  5.707e-02  6.093e+00     7.1780     7.1778    -0.0002     5.5759     5.5757      0.991      1.013      0.175    1443.57    1443.57  0.000e+00
        567      1.500     6.8940     6.8942     0.0003    0.82163    0.82163          1     7.6500     7.8816       9.96     0.0274 -1.232e-01 -7.504e-03  6.093e+00     7.1779     7.1777    -0.0001     5.5758     5.5756      1.486      1.519      0.220    1443.58    1443.58  0.000e+00
        651      2.000     6.8929     6.8946     0.0017    0.82160    0.82164          1     7.6264     7.8805       9.96     0.0274 -4.030e-04 -2.455e-05  6.093e+00     7.1777     7.1777    -0.0000     5.5757     5.5756      1.982      2.026      0.245    1443.58    1443.59  0.000e+00
        697      2.500     6.8931     6.8946     0.0015    0.82162    0.82163          1     7.6357     7.8775       9.96     0.0258  1.641e-11  1.000e-12  6.093e+00     7.1778     7.1776    -0.0002     5.5757     5.5755      2.477      2.532      0.230    1443.59    1443.60  0.000e+00
        756      3.000     6.8929     6.8942     0.0013    0.82162    0.82164          1     7.6327     7.8833       9.96     0.0256  1.641e-11  1.000e-12  6.093e+00     7.1778     7.1776    -0.0001     5.5758     5.5756      2.973      3.039      0.280    1443.60    1443.60  0.000e+00
        801      3.500     6.8940     6.8954     0.0013    0.82166    0.82168          1     7.6343     7.8812       9.96     0.0264  1.641e-11  1.000e-12  6.093e+00     7.1778     7.1778    -0.0001     5.5757     5.5756      3.468      3.545      0.231    1443.61    1443.62  0.000e+00
        854      4.000     6.8947     6.8952     0.0005    0.82169    0.82169          1     7.6338     7.8780       9.96     0.0260  1.641e-11  1.000e-12  6.093e+00     7.1779     7.1778    -0.0001     5.5758     5.5757      3.963      4.052      0.246    1443.62    1443.62  0.000e+00
        902      4.500     6.8945     6.8951     0.0006    0.82169    0.82169          1     7.6366     7.8802       9.96     0.0269  1.641e-11  1.000e-12  6.093e+00     7.1779     7.1778    -0.0001     5.5758     5.5756      4.459      4.558      0.241    1443.63    1443.63  0.000e+00
        953      5.000     6.8943     6.8949     0.0006    0.82169    0.82169          1     7.6404     7.8849       9.96     0.0269  1.641e-11  1.000e-12  6.093e+00     7.1779     7.1778    -0.0002     5.5758     5.5756      4.954      5.064      0.245    1443.64    1443.64  0.000e+00
       1000      5.500     6.8925     6.8829    -0.0096    0.82163    0.82130          1     7.6419     7.8767       9.96     0.0262  1.641e-11  1.000e-12  6.093e+00     7.1776     7.1766    -0.0010     5.5757     5.5755      5.450      5.571      0.254    1443.63    1443.59  0.000e+00
       1048      6.000     6.8858     6.8769    -0.0089    0.82141    0.82114          1     7.6429     7.8843       9.96     0.0256  1.641e-11  1.000e-12  6.093e+00     7.1769     7.1762    -0.0007     5.5755     5.5756      5.945      6.077      0.249    1443.61    1443.58  0.000e+00
       1097      6.500     6.8782     6.8730    -0.0052    0.82119    0.82104          1     7.6347     7.8811       9.96     0.0254  1.641e-11  1.000e-12  6.093e+00     7.1764     7.1760    -0.0004     5.5757     5.5757      6.440      6.584      0.241    1443.59    1443.57  0.000e+00
       1146      7.000     6.8735     6.8761     0.0026    0.82105    0.82110          1     7.6368     7.8881       9.96     0.0261  1.641e-11  1.000e-12  6.093e+00     7.1760     7.1759    -0.0001     5.5757     5.5754      6.936      7.090      0.243    1443.58    1443.59  0.000e+00
       1198      7.500     6.8801     6.8826     0.0025    0.82123    0.82128          1     7.6410     7.8771       9.96     0.0275  1.641e-11  1.000e-12  6.093e+00     7.1762     7.1762    -0.0001     5.5754     5.5752      7.431      7.597      0.227    1443.61    1443.62  0.000e+00
       1248      8.000     6.8800     6.8831     0.0030    0.82122    0.82129          1     7.6514     7.8814       9.96     0.0264  1.641e-11  1.000e-12  6.093e+00     7.1761     7.1761     0.0000     5.5753     5.5751      7.927      8.103      0.259    1443.62    1443.63  0.000e+00
       1295      8.500     6.8826     6.8821    -0.0005    0.82130    0.82127          1     7.6431     7.8832       9.96     0.0248  1.641e-11  1.000e-12  6.093e+00     7.1763     7.1761    -0.0002     5.5753     5.5752      8.422      8.610      0.232    1443.64    1443.64  0.000e+00
       1347      9.000     6.8876     6.8880     0.0004    0.82143    0.82142          1     7.6405     7.8766       9.96     0.0244  1.641e-11  1.000e-12  6.093e+00     7.1763     7.1762    -0.0001     5.5750     5.5748      8.918      9.116      0.254    1443.67    1443.67  0.000e+00
       1392      9.500     6.8832     6.8809    -0.0023    0.82131    0.82124          1     7.6302     7.8755       9.96     0.0243  1.641e-11  1.000e-12  6.093e+00     7.1761     7.1759    -0.0002     5.5751     5.5751      9.413      9.622      0.253    1443.66    1443.65  0.000e+00
       1445     10.000     6.8835     6.8833    -0.0002    0.82133    0.82131          1     7.6399     7.8826       9.96     0.0243  1.641e-11  1.000e-12  6.093e+00     7.1762     7.1761    -0.0002     5.5752     5.5751      9.908     10.129      0.224    1443.67    1443.67  0.000e+00
       1513     10.500     6.8880     6.8880     0.0000    0.82146    0.82145          1     7.6326     7.8755       9.96     0.0244  1.641e-11  1.000e-12  6.093e+00     7.1764     7.1763    -0.0001     5.5750     5.5749     10.404     10.635      0.221    1443.70    1443.69  0.000e+00
       1610     11.000     6.8902     6.8916     0.0013    0.82153    0.82156          1     7.6323     7.8728       9.96     0.0244  1.641e-11  1.000e-12  6.093e+00     7.1766     7.1765    -0.0001     5.5750     5.5748     10.899     11.142      0.196    1443.71    1443.72  0.000e+00
       1693     11.500     6.8912     6.8915     0.0003    0.82156    0.82154          1     7.6480     7.8752       9.96     0.0245  1.641e-11  1.000e-12  6.093e+00     7.1765     7.1763    -0.0002     5.5749     5.5747     11.395     11.648      0.193    1443.72    1443.72  0.000e+00
       1749     12.000     6.8901     6.8911     0.0010    0.82155    0.82157          1     7.6463     7.8735       9.96     0.0244  1.641e-11  1.000e-12  6.093e+00     7.1766     7.1766    -0.0000     5.5750     5.5749     11.890     12.155      0.226    1443.73    1443.73  0.000e+00
       1808     12.500     6.8901     6.8909     0.0009    0.82156    0.82158          1     7.6388     7.8746       9.96     0.0244  1.641e-11  1.000e-12  6.093e+00     7.1767     7.1767    -0.0000     5.5751     5.5750     12.385     12.661      0.202    1443.74    1443.74  0.000e+00
       1860     13.000     6.8918     6.8930     0.0013    0.82164    0.82165          1     7.6316     7.8717       9.96     0.0245  1.641e-11  1.000e-12  6.093e+00     7.1770     7.1769    -0.0001     5.5752     5.5750     12.881     13.168      0.267    1443.75    1443.76  0.000e+00
       1905     13.500     6.8959     6.8999     0.0040    0.82179    0.82188          1     7.6441     7.8677       9.96     0.0244  1.641e-11  1.000e-12  6.093e+00     7.1775     7.1775     0.0001     5.5753     5.5751     13.376     13.674      0.247    1443.78    1443.79  0.000e+00
       1955     14.000     6.9033     6.9081     0.0047    0.82203    0.82215          1     7.6348     7.8682       9.96     0.0244  1.641e-11  1.000e-12  6.093e+00     7.1782     7.1783     0.0001     5.5754     5.5752     13.872     14.180      0.252    1443.82    1443.84  0.000e+00
       2000     14.500     6.9059     6.9062     0.0003    0.82211    0.82209          1     7.6331     7.8698       9.96     0.0244  1.641e-11  1.000e-12  6.093e+00     7.1783     7.1780    -0.0003     5.5753     5.5751     14.367     14.687      0.266    1443.83    1443.84  0.000e+00
       2049     15.000     6.9095     6.9203     0.0108    0.82225    0.82260          1     7.6268     7.8704       9.96     0.0240  1.641e-11  1.000e-12  6.093e+00     7.1788     7.1798     0.0011     5.5755     5.5756     14.862     15.193      0.237    1443.86    1443.91  0.000e+00
       2097     15.500     6.9143     6.9248     0.0105    0.82243    0.82276          1     7.6222     7.8717       9.96     0.0239  1.641e-11  1.000e-12  6.093e+00     7.1794     7.1803     0.0010     5.5756     5.5757     15.358     15.700      0.260    1443.89    1443.93  0.000e+00
       2144     16.000     6.9260     6.9283     0.0023    0.82285    0.82290          1     7.6280     7.8664       9.96     0.0241  1.641e-11  1.000e-12  6.093e+00     7.1808     7.1808    -0.0000     5.5760     5.5758     15.853     16.206      0.249    1443.95    1443.96  0.000e+00
       2191     16.500     6.9276     6.9296     0.0020    0.82292    0.82295          1     7.6235     7.8681       9.96     0.0237  1.641e-11  1.000e-12  6.093e+00     7.1811     7.1810    -0.0001     5.5761     5.5759     16.348     16.713      0.264    1443.96    1443.97  0.000e+00
       2236     17.000     6.9275     6.9234    -0.0041    0.82294    0.82278          1     7.6224     7.8571       9.96     0.0239  1.641e-11  1.000e-12  6.093e+00     7.1813     7.1806    -0.0006     5.5762     5.5760     16.844     17.219      0.260    1443.97    1443.95  0.000e+00
       2284     17.500     6.9305     6.9403     0.0098    0.82314    0.82347          1     7.6159     7.8615       9.96     0.0243  1.641e-11  1.000e-12  6.093e+00     7.1824     7.1835     0.0010     5.5770     5.5771     17.339     17.726      0.251    1443.99    1444.03  0.000e+00
       2330     18.000     6.9448     6.9459     0.0012    0.82372    0.82372          1     7.6155     7.8532       9.96     0.0234  1.641e-11  1.000e-12  6.093e+00     7.1848     7.1846    -0.0002     5.5779     5.5777     17.835     18.232      0.259    1444.06    1444.07  0.000e+00
       2378     18.500     6.9551     6.9613     0.0061    0.82412    0.82430          1     7.5970     7.8581       9.96     0.0233  1.641e-11  1.000e-12  6.093e+00     7.1864     7.1868     0.0004     5.5785     5.5784     18.330     18.738      0.249    1444.12    1444.14  0.000e+00
       2425     19.000     6.9717     6.9814     0.0097    0.82486    0.82520          1     7.5937     7.8519       9.96     0.0234  1.660e-11  1.000e-12  6.047e+00     7.1898     7.1910     0.0011     5.5800     5.5803     18.825     19.245      0.263    1444.20    1444.24  0.000e+00
       2470     19.500     6.9796     6.9767    -0.0029    0.82529    0.82520          1     7.6064     7.8422       9.96     0.0232  1.659e-11  1.000e-12  6.048e+00     7.1921     7.1919    -0.0002     5.5813     5.5813     19.321     19.751      0.268    1444.24    1444.23  0.000e+00
       2515     20.000     6.9554     6.9441    -0.0113    0.82465    0.82436          1     7.5928     7.8359       9.96     0.0232  1.695e-11  1.000e-12  5.960e+00     7.1911     7.1907    -0.0004     5.5821     5.5826     19.816     20.258      0.261    1444.15    1444.10  0.000e+00
       2562     20.500     6.9304     6.9223    -0.0080    0.82398    0.82377          1     7.6065     7.8329       9.96     0.0232  1.676e-11  1.000e-12  6.006e+00     7.1900     7.1897    -0.0003     5.5829     5.5832     20.312     20.764      0.258    1444.05    1444.01  0.000e+00
       2609     21.000     6.9151     6.9105    -0.0045    0.82360    0.82349          1     7.6022     7.8449       9.96     0.0233  1.729e-11  1.000e-12  5.876e+00     7.1896     7.1895    -0.0001     5.5836     5.5838     20.807     21.271      0.254    1443.99    1443.97  0.000e+00
       2657     21.500     6.9098     6.9053    -0.0045    0.82349    0.82337          1     7.6143     7.8424       9.96     0.0233  1.779e-11  1.000e-12  5.753e+00     7.1896     7.1894    -0.0002     5.5839     5.5841     21.302     21.777      0.249    1443.98    1443.96  0.000e+00
       2704     22.000     6.8990     6.9005     0.0014    0.82327    0.82331          1     7.6109     7.8403       9.96     0.0232  1.693e-11  1.000e-12  5.964e+00     7.1897     7.1898     0.0001     5.5848     5.5847     21.798     22.284      0.263    1443.94    1443.95  0.000e+00
       2748     22.500     6.8905     6.8879    -0.0025    0.82316    0.82314          1     7.6101     7.8411       9.96     0.0242  1.726e-11  1.000e-12  5.884e+00     7.1904     7.1907     0.0003     5.5859     5.5863     22.293     22.790      0.268    1443.91    1443.90  0.000e+00
       2796     23.000     6.8811     6.8815     0.0004    0.82304    0.82304          1     7.6135     7.8400       9.96     0.0243  1.767e-11  1.000e-12  5.781e+00     7.1912     7.1911    -0.0001     5.5871     5.5870     22.788     23.296      0.249    1443.88    1443.88  0.000e+00
       2841     23.500     6.8731     6.8697    -0.0034    0.82293    0.82291          1     7.6039     7.8380       9.96     0.0242  1.739e-11  1.000e-12  5.851e+00     7.1917     7.1923     0.0006     5.5880     5.5887     23.284     23.803      0.283    1443.86    1443.84  0.000e+00
       2884     24.000     6.8691     6.8689    -0.0002    0.82301    0.82310          1     7.6007     7.8413       9.96     0.0248  1.831e-11  1.000e-12  5.624e+00     7.1933     7.1942     0.0009     5.5895     5.5903     23.779     24.309      0.256    1443.85    1443.85  0.000e+00
       2934     24.500     6.8737     6.8743     0.0007    0.82349    0.82367          1     7.5959     7.8390       9.96     0.0244  1.806e-11  1.000e-12  5.685e+00     7.1968     7.1983     0.0015     5.5920     5.5931     24.275     24.816      0.244    1443.88    1443.89  0.000e+00
       2980     25.000     6.8729     6.8714    -0.0015    0.82387    0.82399          1     7.6055     7.8382       9.96     0.0244  2.086e-11  1.000e-12  4.993e+00     7.2004     7.2019     0.0015     5.5949     5.5961     24.770     25.322      0.268    1443.89    1443.89  0.000e+00
       3026     25.500     6.8657     6.8584    -0.0073    0.82393    0.82383          1     7.6026     7.8305       9.96     0.0245  2.068e-11  1.000e-12  5.038e+00     7.2025     7.2031     0.0006     5.5970     5.5979     25.265     25.829      0.256    1443.87    1443.84  0.000e+00
       3073     26.000     6.8455     6.8391    -0.0064    0.82349    0.82335          1     7.6108     7.8428       9.96     0.0244  2.089e-11  1.000e-12  4.984e+00     7.2025     7.2026     0.0001     5.5983     5.5988     25.761     26.335      0.257    1443.79    1443.77  0.000e+00
       3118     26.500     6.8385     6.8365    -0.0021    0.82337    0.82334          1     7.6172     7.8535       9.96     0.0252  2.145e-11  1.000e-12  4.847e+00     7.2028     7.2029     0.0001     5.5990     5.5992     26.256     26.841      0.271    1443.77    1443.77  0.000e+00
       3163     27.000     6.8348     6.8340    -0.0008    0.82336    0.82338          1     7.6136     7.8518       9.96     0.0254  2.183e-11  1.000e-12  4.753e+00     7.2034     7.2037     0.0003     5.5997     5.6000     26.751     27.348      0.259    1443.77    1443.76  0.000e+00
       3211     27.500     6.8359     6.8380     0.0021    0.82349    0.82358          1     7.6096     7.8479       9.96     0.0248  2.153e-11  1.000e-12  4.825e+00     7.2043     7.2047     0.0004     5.6004     5.6006     27.247     27.854      0.253    1443.78    1443.79  0.000e+00
