ctdpy/exports/archive_20191121_122431/received_data/SBE09_0827_20181007_1041_26_01_1035.cnv
* Sea-Bird SBE 9 Data File:
* FileName = D:\CTD_SBE911\DAT\26DA.2018.10.35.hex
* Software Version Seasave V 7.21d
* Temperature SN = 4548
* Conductivity SN = 3062
* Number of Bytes Per Scan = 48
* Number of Voltage Words = 5
* Number of Scans Averaged by the Deck Unit = 1
* NMEA Latitude = 58 29.84 N
* NMEA Longitude = 017 44.78 E
* NMEA UTC (Time) = Oct 07 2018  10:43:48
* NMEA baud rate = 4800
** Ship: DANA
** Average sound velocity: 1437.54 m/s
** True-depth calculation Thu, 28 Mar 2019 12:20:31 +0000
** CTD Python Module SMHI /ver 3-12/ feb 2012 
** LIMS Job: 20182601-1035
** Operator: Christian
** Cruise: 10/2018
# nquan = 26
# nvalues = 165                         
# units = specified
# name 0 = scan: Scan Count
# name 1 = prDM: Pressure, Digiquartz [db]
# name 2 = t090C: Temperature [ITS-90, deg C]
# name 3 = t190C: Temperature, 2 [ITS-90, deg C]
# name 4 = T2-T190C: Temperature Difference, 2 - 1 [ITS-90, deg C]
# name 5 = c0S/m: Conductivity [S/m]
# name 6 = c1S/m: Conductivity, 2 [S/m]
# name 7 = pumps: Pump Status
# name 8 = sbeox1ML/L: Oxygen, SBE 43, 2 [ml/l]
# name 9 = sbeox0ML/L: Oxygen, SBE 43 [ml/l]
# name 10 = altM: Altimeter [m]
# name 11 = chloroflTC0: Chlorophyll, Turner Cyclops [ug/l]
# name 12 = cpar: CPAR/Corrected Irradiance [%]
# name 13 = par: PAR/Irradiance, Biospherical/Lico [µE/(cm^2*s)]
# name 14 = spar: SPAR, Biospherical/Licor
# name 15 = sal00: Salinity, Practical [PSU]
# name 16 = sal11: Salinity, Practical, 2 [PSU]
# name 17 = secS-priS: Salinity, Practical, Difference, 2 - 1 [PSU]
# name 18 = sigma-t00: Density [sigma-t, kg/m^3 ]
# name 19 = sigma-t11: Density, 2 [sigma-t, kg/m^3 ]
# name 20 = depSM: Depth [salt water, m], lat = 58.4973
# name 21 = depFM: Depth [true depth, m], lat = 58.4973
# name 22 = dz/dtM: Descent Rate [m/s], WS = 2
# name 23 = svCM: Sound Velocity [Chen-Millero, m/s]
# name 24 = svCM1: Sound Velocity, 2 [Chen-Millero, m/s]
# name 25 = flag: flag
# span 0 =        155,       8085       
# span 1 =      1.500,     83.500       
# span 2 =     3.7924,     8.2331       
# span 3 =     3.7958,     8.2360       
# span 4 =    -0.1085,     0.2744       
# span 5 =   0.774562,   1.028264       
# span 6 =   0.775076,   1.027287       
# span 7 =          1,          1       
# span 8 =     0.4371,     7.6867       
# span 9 =     0.4204,     7.2175       
# span 10 =       1.13,      10.00      
# span 11 =     0.0159,     0.0321      
# span 12 = -3.631e-06, 1.4850e+00      
# span 13 = -6.237e-05, 2.5485e+01      
# span 14 = 1.7126e+03, 1.7192e+03      
# span 15 =     6.9644,     9.6191      
# span 16 =     6.9644,     9.6108      
# span 17 =    -0.1596,     0.0026      
# span 18 =     5.3085,     7.6011      
# span 19 =     5.3083,     7.5948      
# span 20 =      1.486,     82.706      
# span 21 =      1.520,     84.535      
# span 22 =      0.050,      0.334      
# span 23 =    1430.95,    1448.87      
# span 24 =    1430.98,    1448.87      
# span 25 = 0.0000e+00, 0.0000e+00      
# interval = decibars: 0.5              
# start_time = Oct 07 2018 10:43:49 [NMEA time, first data scan]
# bad_flag = -9.990e-29
*END*
[from data line 112]
       5562     57.500     3.8787     3.8849     0.0062    0.81707    0.81651          1     5.6081     5.2817       9.96     0.0159  5.820e-14  1.000e-12  1.718e+03     7.7992     7.7919    -0.0073     6.2029     6.1970     56.957     58.233      0.274    1432.13    1432.14  0.000e+00
       5606     58.000     3.8843     3.8835    -0.0008    0.81891    0.81746          1     5.5607     5.2723       9.96     0.0160  5.830e-14  1.000e-12  1.715e+03     7.8166     7.8020    -0.0146     6.2166     6.2050     57.452     58.739      0.253    1432.18    1432.16  0.000e+00
       5655     58.500     3.8934     3.8858    -0.0076    0.82078    0.81892          1     5.4829     5.2439       9.96     0.0159  5.830e-14  1.000e-12  1.715e+03     7.8335     7.8163    -0.0172     6.2298     6.2164     57.947     59.246      0.270    1432.25    1432.20  0.000e+00
       5696     59.000     3.8968     3.8918    -0.0050    0.82119    0.82018          1     5.4420     5.1949       9.96     0.0159  5.823e-14  1.000e-12  1.717e+03     7.8369     7.8277    -0.0092     6.2325     6.2253     58.442     59.752      0.275    1432.28    1432.24  0.000e+00
       5746     59.500     3.9007     3.8970    -0.0038    0.82186    0.82112          1     5.4150     5.1458       9.96     0.0159  5.827e-14  1.000e-12  1.716e+03     7.8428     7.8360    -0.0067     6.2370     6.2318     58.938     60.258      0.230    1432.31    1432.29  0.000e+00
       5795     60.000     3.9095     3.9033    -0.0062    0.82292    0.82203          1     5.3677     5.1097       9.96     0.0160  5.827e-14  1.000e-12  1.716e+03     7.8514     7.8438    -0.0076     6.2437     6.2378     59.433     60.764      0.254    1432.37    1432.33  0.000e+00
       5844     60.500     3.9108     3.9091    -0.0017    0.82349    0.82289          1     5.3437     5.0629       9.96     0.0159  5.827e-14  1.000e-12  1.716e+03     7.8569     7.8512    -0.0057     6.2480     6.2435     59.928     61.270      0.236    1432.39    1432.38  0.000e+00
       5893     61.000     3.9165     3.9111    -0.0054    0.82446    0.82348          1     5.3070     5.0399       9.96     0.0159  5.827e-14  1.000e-12  1.716e+03     7.8654     7.8566    -0.0088     6.2546     6.2478     60.423     61.776      0.260    1432.44    1432.40  0.000e+00
       5938     61.500     3.9207     3.9173    -0.0035    0.82505    0.82441          1     5.2714     5.0126       9.96     0.0159  5.827e-14  1.000e-12  1.716e+03     7.8703     7.8646    -0.0057     6.2584     6.2540     60.919     62.282      0.268    1432.47    1432.45  0.000e+00
       5983     62.000     3.9216     3.9200    -0.0016    0.82541    0.82487          1     5.2589     4.9733       9.96     0.0160  5.827e-14  1.000e-12  1.716e+03     7.8738     7.8686    -0.0052     6.2612     6.2570     61.414     62.788      0.259    1432.49    1432.47  0.000e+00
       6031     62.500     3.9232     3.9220    -0.0013    0.82615    0.82548          1     5.2358     4.9543       9.96     0.0159  5.826e-14  1.000e-12  1.716e+03     7.8809     7.8743    -0.0066     6.2668     6.2616     61.909     63.294      0.245    1432.51    1432.50  0.000e+00
       6080     63.000     3.9297     3.9246    -0.0051    0.82778    0.82634          1     5.1874     4.9258       9.96     0.0159  5.827e-14  1.000e-12  1.716e+03     7.8960     7.8824    -0.0136     6.2786     6.2679     62.404     63.801      0.239    1432.57    1432.53  0.000e+00
       6131     63.500     3.9418     3.9318    -0.0100    0.82946    0.82784          1     5.1238     4.8811       9.96     0.0159  5.827e-14  1.000e-12  1.716e+03     7.9102     7.8960    -0.0141     6.2895     6.2786     62.899     64.307      0.246    1432.65    1432.58  0.000e+00
       6180     64.000     3.9722     3.9500    -0.0221    0.83356    0.83030          1     4.9815     4.8184       9.96     0.0161  5.827e-14  1.000e-12  1.716e+03     7.9448     7.9168    -0.0280     6.3163     6.2946     63.394     64.813      0.235    1432.84    1432.70  0.000e+00
       6229     64.500     4.0026     3.9784    -0.0243    0.83773    0.83420          1     4.7959     4.7219       9.96     0.0159  5.827e-14  1.000e-12  1.716e+03     7.9800     7.9498    -0.0302     6.3435     6.3201     63.890     65.319      0.263    1433.03    1432.88  0.000e+00
       6275     65.000     4.0166     3.9958    -0.0208    0.84138    0.83686          1     4.6974     4.6013       9.96     0.0160  5.827e-14  1.000e-12  1.716e+03     8.0139     7.9728    -0.0412     6.3701     6.3379     64.385     65.825      0.250    1433.14    1432.99  0.000e+00
       6324     65.500     4.0380     4.0197    -0.0182    0.84689    0.84211          1     4.5546     4.4759       9.96     0.0163  5.829e-14  1.000e-12  1.716e+03     8.0650     8.0206    -0.0444     6.4100     6.3752     64.880     66.331      0.247    1433.31    1433.17  0.000e+00
       6372     66.000     4.0694     4.0391    -0.0303    0.85437    0.84688          1     4.3622     4.3331       9.96     0.0160  5.834e-14  1.000e-12  1.714e+03     8.1338     8.0646    -0.0692     6.4638     6.4097     65.375     66.837      0.264    1433.55    1433.32  0.000e+00
       6417     66.500     4.1630     4.0811    -0.0818    0.87325    0.85564          1     3.9010     4.1908       9.96     0.0161  5.827e-14  1.000e-12  1.716e+03     8.3034     8.1438    -0.1596     6.5957     6.4714     65.870     67.343      0.248    1434.19    1433.62  0.000e+00
       6466     67.000     4.2630     4.1910    -0.0720    0.89240    0.87813          1     3.3210     3.8226       9.96     0.0160  5.832e-14  1.000e-12  1.715e+03     8.4736     8.3462    -0.1274     6.7277     6.6289     66.366     67.849      0.254    1434.87    1434.38  0.000e+00
       6512     67.500     4.2951     4.2507    -0.0444    0.89710    0.88950          1     3.1533     3.3961       9.96     0.0160  5.829e-14  1.000e-12  1.716e+03     8.5132     8.4471    -0.0662     6.7581     6.7071     66.861     68.355      0.263    1435.07    1434.79  0.000e+00
       6559     68.000     4.3061     4.2817    -0.0244    0.89875    0.89470          1     3.1282     3.1670       9.96     0.0162  5.831e-14  1.000e-12  1.715e+03     8.5271     8.4921    -0.0350     6.7688     6.7418     67.356     68.860      0.252    1435.14    1434.99  0.000e+00
       6609     68.500     4.3481     4.3126    -0.0355    0.90541    0.89967          1     3.0136     3.0437       9.96     0.0162  5.834e-14  1.000e-12  1.714e+03     8.5842     8.5348    -0.0493     6.8126     6.7747     67.851     69.366      0.225    1435.41    1435.19  0.000e+00
       6659     69.000     4.3748     4.3497    -0.0251    0.90965    0.90560          1     2.8925     2.9057       9.96     0.0160  5.828e-14  1.000e-12  1.716e+03     8.6204     8.5856    -0.0347     6.8405     6.8138     68.346     69.872      0.261    1435.58    1435.43  0.000e+00
       6708     69.500     4.3878     4.3724    -0.0154    0.91167    0.90916          1     2.8420     2.7978       9.96     0.0159  5.827e-14  1.000e-12  1.716e+03     8.6375     8.6159    -0.0216     6.8536     6.8370     68.842     70.378      0.223    1435.67    1435.58  0.000e+00
       6762     70.000     4.4006     4.3877    -0.0128    0.91370    0.91170          1     2.8055     2.7081       9.96     0.0161  5.831e-14  1.000e-12  1.715e+03     8.6548     8.6377    -0.0171     6.8669     6.8537     69.337     70.884      0.243    1435.76    1435.68  0.000e+00
       6810     70.500     4.4121     4.4015    -0.0107    0.91524    0.91369          1     2.7579     2.6551       9.96     0.0161  5.827e-14  1.000e-12  1.716e+03     8.6673     8.6544    -0.0129     6.8764     6.8665     69.832     71.389      0.240    1435.83    1435.77  0.000e+00
       6860     71.000     4.4399     4.4188    -0.0211    0.91970    0.91618          1     2.6620     2.6026       9.96     0.0161  5.827e-14  1.000e-12  1.716e+03     8.7054     8.6751    -0.0303     6.9056     6.8823     70.327     71.895      0.249    1436.01    1435.88  0.000e+00
       6910     71.500     4.4508     4.4395    -0.0113    0.92157    0.91960          1     2.5981     2.5309       9.96     0.0160  5.831e-14  1.000e-12  1.715e+03     8.7215     8.7044    -0.0170     6.9180     6.9049     70.822     72.401      0.225    1436.09    1436.02  0.000e+00
       6963     72.000     4.4595     4.4520    -0.0075    0.92308    0.92171          1     2.5575     2.4622       9.96     0.0160  5.827e-14  1.000e-12  1.716e+03     8.7345     8.7226    -0.0119     6.9280     6.9188     71.317     72.907      0.237    1436.15    1436.10  0.000e+00
       7014     72.500     4.4656     4.4596    -0.0059    0.92416    0.92308          1     2.5335     2.4120       9.96     0.0159  5.832e-14  1.000e-12  1.715e+03     8.7438     8.7344    -0.0094     6.9352     6.9279     71.813     73.413      0.235    1436.20    1436.16  0.000e+00
       7063     73.000     4.4978     4.4702    -0.0276    0.92988    0.92484          1     2.4205     2.3776       9.96     0.0160  5.828e-14  1.000e-12  1.716e+03     8.7935     8.7495    -0.0440     6.9734     6.9395     72.308     73.918      0.243    1436.42    1436.24  0.000e+00
       7114     73.500     4.5283     4.5052    -0.0232    0.93469    0.93077          1     2.2765     2.2930       9.96     0.0160  5.827e-14  1.000e-12  1.716e+03     8.8342     8.8005    -0.0337     7.0045     6.9786     72.803     74.424      0.243    1436.61    1436.47  0.000e+00
       7160     74.000     4.5658     4.5397    -0.0262    0.94066    0.93627          1     2.1333     2.1741       9.90     0.0162  5.833e-14  1.000e-12  1.714e+03     8.8848     8.8471    -0.0377     7.0432     7.0143     73.298     74.930      0.255    1436.85    1436.68  0.000e+00
       7210     74.500     4.6200     4.5835    -0.0364    0.94977    0.94343          1     1.9348     2.0270       9.49     0.0162  5.829e-14  1.000e-12  1.716e+03     8.9628     8.9082    -0.0546     7.1029     7.0611     73.793     75.435      0.243    1437.20    1436.96  0.000e+00
       7259     75.000     4.6347     4.6140    -0.0208    0.95202    0.94851          1     1.8412     1.8817       9.01     0.0161  5.831e-14  1.000e-12  1.715e+03     8.9815     8.9514    -0.0301     7.1172     7.0942     74.288     75.941      0.234    1437.29    1437.16  0.000e+00
       7310     75.500     4.7119     4.6668    -0.0451    0.96405    0.95683          1     1.6372     1.7549       8.54     0.0161  5.829e-14  1.000e-12  1.716e+03     9.0826     9.0216    -0.0610     7.1942     7.1477     74.784     76.447      0.245    1437.77    1437.49  0.000e+00
       7361     76.000     4.7225     4.7061    -0.0164    0.96595    0.96312          1     1.5686     1.5995       8.07     0.0165  5.832e-14  1.000e-12  1.715e+03     9.0989     9.0747    -0.0242     7.2066     7.1881     75.279     76.952      0.223    1437.85    1437.74  0.000e+00
       7414     76.500     4.7456     4.7256    -0.0200    0.96998    0.96647          1     1.4986     1.5013       7.61     0.0160  5.827e-14  1.000e-12  1.716e+03     9.1334     9.1033    -0.0301     7.2330     7.2100     75.774     77.458      0.243    1438.00    1437.87  0.000e+00
       7460     77.000     4.7968     4.7583    -0.0385    0.97808    0.97176          1     1.3549     1.4284       7.14     0.0159  5.834e-14  1.000e-12  1.714e+03     9.2012     9.1478    -0.0534     7.2846     7.2439     76.269     77.964      0.257    1438.32    1438.08  0.000e+00
       7510     77.500     4.8441     4.7986    -0.0455    0.98559    0.97808          1     1.1924     1.3125       6.66     0.0162  5.828e-14  1.000e-12  1.716e+03     9.2640     9.2007    -0.0634     7.3323     7.2841     76.764     78.469      0.248    1438.62    1438.33  0.000e+00
       7553     78.000     4.9065     4.8583    -0.0483    0.99533    0.98730          1     1.0078     1.1856       6.21     0.0161  5.827e-14  1.000e-12  1.716e+03     9.3451     9.2773    -0.0678     7.3938     7.3422     77.259     78.975      0.284    1439.00    1438.70  0.000e+00
       7600     78.500     4.9257     4.9038    -0.0220    0.99823    0.99475          1     0.9411     1.0214       5.72     0.0161  5.827e-14  1.000e-12  1.716e+03     9.3690     9.3400    -0.0290     7.4118     7.3898     77.755     79.480      0.239    1439.12    1438.99  0.000e+00
       7647     79.000     4.9349     4.9192    -0.0157    0.99964    0.99731          1     0.9216     0.9336       5.27     0.0161  5.828e-14  1.000e-12  1.716e+03     9.3806     9.3615    -0.0191     7.4206     7.4061     78.250     79.986      0.266    1439.19    1439.09  0.000e+00
       7693     79.500     4.9460     4.9333    -0.0127    1.00124    0.99939          1     0.8980     0.8873       4.81     0.0160  5.827e-14  1.000e-12  1.716e+03     9.3936     9.3785    -0.0151     7.4303     7.4190     78.745     80.491      0.261    1439.26    1439.19  0.000e+00
       7739     80.000     4.9612     4.9462    -0.0150    1.00357    1.00126          1     0.8597     0.8530       4.37     0.0160  5.827e-14  1.000e-12  1.716e+03     9.4128     9.3937    -0.0191     7.4449     7.4304     79.240     80.997      0.255    1439.36    1439.27  0.000e+00
       7787     80.500     4.9784     4.9629    -0.0155    1.00655    1.00396          1     0.8017     0.8095       3.92     0.0160  5.821e-14  1.000e-12  1.718e+03     9.4379     9.4162    -0.0217     7.4639     7.4474     79.735     81.502      0.265    1439.47    1439.38  0.000e+00
       7830     81.000     4.9947     4.9751    -0.0196    1.00919    1.00602          1     0.7600     0.7717       3.47     0.0160  5.827e-14  1.000e-12  1.716e+03     9.4599     9.4334    -0.0265     7.4806     7.4605     80.230     82.008      0.261    1439.58    1439.46  0.000e+00
       7882     81.500     5.0232     4.9969    -0.0263    1.01389    1.00965          1     0.6808     0.7190       2.95     0.0161  5.827e-14  1.000e-12  1.716e+03     9.4992     9.4639    -0.0353     7.5103     7.4836     80.725     82.513      0.222    1439.76    1439.60  0.000e+00
       7933     82.000     5.0821     5.0355    -0.0466    1.02344    1.01582          1     0.5216     0.6372       2.52     0.0163  5.827e-14  1.000e-12  1.716e+03     9.5788     9.5152    -0.0636     7.5705     7.5224     81.221     83.019      0.243    1440.13    1439.85  0.000e+00
       7987     82.500     5.1025     5.0753    -0.0271    1.02682    1.02227          1     0.4528     0.5410       2.03     0.0165  5.826e-14  1.000e-12  1.717e+03     9.6069     9.5687    -0.0382     7.5918     7.5629     81.716     83.524      0.202    1440.26    1440.10  0.000e+00
       8042     83.000     5.1094     5.0973    -0.0121    1.02809    1.02610          1     0.4371     0.4517       1.58     0.0166  5.826e-14  1.000e-12  1.717e+03     9.6176     9.6010    -0.0166     7.5999     7.5874     82.211     84.030      0.255    1440.32    1440.24  0.000e+00
       8085     83.500     5.1101     5.1046    -0.0056    1.02826    1.02729          1     0.4437     0.4204       1.13     0.0175  5.839e-14  1.000e-12  1.713e+03     9.6191     9.6108    -0.0083     7.6011     7.5948     82.706     84.535      0.135    1440.32    1440.29  0.000e+00
