ctdpy/exports/archive_20191121_122431/received_data/SBE09_0827_20180226_0939_26_01_0314.cnv
* Sea-Bird SBE 9 Data File:
* FileName = D:\CTD_SBE911\DAT\26DA.2018.3.14.hex
* Software Version Seasave V 7.21d
* Temperature SN = 034757
* Conductivity SN = 041844
* Number of Bytes Per Scan = 48
* Number of Voltage Words = 5
* Number of Scans Averaged by the Deck Unit = 1
* NMEA Latitude = 55 40.41 N
* NMEA Longitude = 015 08.41 E
* NMEA UTC (Time) = Feb 26 2018  09:40:06
* NMEA baud rate = 4800
** Ship: DANA
** Average sound velocity: 1431.79 m/s
** True-depth calculation Tue, 02 Apr 2019 08:34:44 +0000
** CTD Python Module SMHI /ver 3-12/ feb 2012 
** LIMS Job: 20182601-0314
** Operator:
** Cruise: 02/2018
# nquan = 26
# nvalues = 126                         
# units = specified
# name 0 = scan: Scan Count
# name 1 = prDM: Pressure, Digiquartz [db]
# name 2 = t090C: Temperature [ITS-90, deg C]
# name 3 = t190C: Temperature, 2 [ITS-90, deg C]
# name 4 = T2-T190C: Temperature Difference, 2 - 1 [ITS-90, deg C]
# name 5 = c0S/m: Conductivity [S/m]
# name 6 = c1S/m: Conductivity, 2 [S/m]
# name 7 = pumps: Pump Status
# name 8 = sbeox1ML/L: Oxygen, SBE 43, 2 [ml/l]
# name 9 = sbeox0ML/L: Oxygen, SBE 43 [ml/l]
# name 10 = altM: Altimeter [m]
# name 11 = chloroflTC0: Chlorophyll, Turner Cyclops [ug/l]
# name 12 = cpar: CPAR/Corrected Irradiance [%]
# name 13 = par: PAR/Irradiance, Biospherical/Lico [µE/(cm^2*s)]
# name 14 = spar: SPAR, Biospherical/Licor
# name 15 = sal00: Salinity, Practical [PSU]
# name 16 = sal11: Salinity, Practical, 2 [PSU]
# name 17 = secS-priS: Salinity, Practical, Difference, 2 - 1 [PSU]
# name 18 = sigma-t00: Density [sigma-t, kg/m^3 ]
# name 19 = sigma-t11: Density, 2 [sigma-t, kg/m^3 ]
# name 20 = depSM: Depth [salt water, m], lat = 55.6735
# name 21 = depFM: Depth [true depth, m], lat = 55.6735
# name 22 = dz/dtM: Descent Rate [m/s], WS = 2
# name 23 = svCM: Sound Velocity [Chen-Millero, m/s]
# name 24 = svCM1: Sound Velocity, 2 [Chen-Millero, m/s]
# name 25 = flag: flag
# span 0 =         15,       6236       
# span 1 =      1.500,     64.000       
# span 2 =     3.1762,     8.2533       
# span 3 =     3.1753,     8.3356       
# span 4 =    -0.0587,     0.3008       
# span 5 =   0.768320,   1.763872       
# span 6 =   0.767701,   1.765696       
# span 7 =          1,          1       
# span 8 =     0.2899,     8.3433       
# span 9 =   -25.4586,    43.8869       
# span 10 =       1.92,      10.00      
# span 11 =     0.0094,     0.0237      
# span 12 = -3.228e-05, 1.0674e+01      
# span 13 = -1.735e-04, 5.0096e+01      
# span 14 = 4.6019e+02, 5.3817e+02      
# span 15 =     7.4681,    16.0555      
# span 16 =     7.4618,    16.0824      
# span 17 =    -0.0148,     0.2638      
# span 18 =     5.9520,    12.4798      
# span 19 =     5.9471,    12.5028      
# span 20 =      1.486,     63.410      
# span 21 =      1.519,     64.771      
# span 22 =     -0.105,      0.595      
# span 23 =    1427.62,    1459.20      
# span 24 =    1427.61,    1459.26      
# span 25 = 0.0000e+00, 0.0000e+00      
# interval = decibars: 0.5              
# start_time = Feb 26 2018 09:40:07 [NMEA time, first data scan]
# bad_flag = -9.990e-29
*END*
         15      1.500     3.1762     3.1753    -0.0009    0.76832    0.76770          1     8.3001     1.1865      10.00     0.0134  1.067e+01  5.010e+01  4.691e+02     7.4681     7.4618    -0.0062     5.9521     5.9471      1.486      1.519      0.022    1427.62    1427.61  0.000e+00
        251      2.000     3.1782     3.1778    -0.0004    0.76838    0.76779          1     8.2769   -15.7609      10.00     0.0133  8.331e+00  3.956e+01  4.749e+02     7.4682     7.4621    -0.0060     5.9521     5.9473      1.982      2.025      0.595    1427.64    1427.63  0.000e+00
        293      2.500     3.1780     3.1769    -0.0010    0.76837    0.76776          1     8.2779   -24.4289      10.00     0.0128  6.742e+00  3.209e+01  4.760e+02     7.4681     7.4619    -0.0062     5.9520     5.9471      2.477      2.531      0.470    1427.64    1427.63  0.000e+00
        371      3.000     3.1815     3.1796    -0.0019    0.76851    0.76783          1     8.2936    -7.4873      10.00     0.0094  6.430e+00  3.082e+01  4.793e+02     7.4686     7.4619    -0.0067     5.9524     5.9471      2.973      3.038      0.592    1427.67    1427.65  0.000e+00
        393      3.500     3.1807     3.1798    -0.0009    0.76848    0.76787          1     8.3000    -0.5342       9.71     0.0121  5.463e+00  2.619e+01  4.795e+02     7.4685     7.4623    -0.0062     5.9523     5.9474      3.468      3.544      0.408    1427.67    1427.66  0.000e+00
        459      4.000     3.1833     3.1803    -0.0030    0.76858    0.76788          1     8.3234   -22.5486       9.98     0.0141  4.908e+00  2.369e+01  4.828e+02     7.4688     7.4622    -0.0066     5.9526     5.9473      3.964      4.050      0.300    1427.69    1427.67  0.000e+00
        499      4.500     3.1851     3.1836    -0.0015    0.76868    0.76802          1     8.3088    -4.7925       9.99     0.0123  4.387e+00  2.130e+01  4.855e+02     7.4694     7.4628    -0.0066     5.9530     5.9478      4.459      4.556      0.273    1427.71    1427.69  0.000e+00
        542      5.000     3.1846     3.1847     0.0000    0.76865    0.76808          1     8.3185    43.8869       9.99     0.0131  3.696e+00  1.802e+01  4.875e+02     7.4691     7.4631    -0.0060     5.9528     5.9480      4.955      5.063      0.358    1427.72    1427.71  0.000e+00
        594      5.500     3.1827     3.1821    -0.0007    0.76860    0.76799          1     8.3277   -25.4586       9.99     0.0135  3.439e+00  1.686e+01  4.904e+02     7.4689     7.4627    -0.0062     5.9527     5.9477      5.450      5.569      0.321    1427.71    1427.70  0.000e+00
        656      6.000     3.1832     3.1820    -0.0012    0.76860    0.76798          1     8.3119    10.3249       9.99     0.0115  3.027e+00  1.494e+01  4.937e+02     7.4688     7.4626    -0.0062     5.9525     5.9476      5.945      6.075      0.543    1427.72    1427.71  0.000e+00
        678      6.500     3.1831     3.1845     0.0015    0.76861    0.76804          1     8.3160    11.3370       9.98     0.0120  2.692e+00  1.333e+01  4.954e+02     7.4688     7.4626    -0.0062     5.9525     5.9476      6.441      6.581      0.446    1427.73    1427.73  0.000e+00
        745      7.000     3.1807     3.1833     0.0027    0.76853    0.76803          1     8.3280     7.1690       9.98     0.0122  2.418e+00  1.206e+01  4.988e+02     7.4684     7.4626    -0.0058     5.9523     5.9476      6.936      7.088      0.287    1427.73    1427.73  0.000e+00
        781      7.500     3.1839     3.1850     0.0011    0.76863    0.76807          1     8.3393     9.6352       9.98     0.0121  2.178e+00  1.091e+01  5.011e+02     7.4687     7.4626    -0.0061     5.9525     5.9475      7.432      7.594      0.374    1427.75    1427.75  0.000e+00
        818      8.000     3.1881     3.1867    -0.0013    0.76879    0.76814          1     8.3433     4.1701       9.97     0.0113  1.847e+00  9.300e+00  5.036e+02     7.4693     7.4629    -0.0064     5.9529     5.9478      7.927      8.100      0.292    1427.78    1427.76  0.000e+00
        871      8.500     3.1885     3.1870    -0.0015    0.76880    0.76815          1     8.3230    19.0125       9.97     0.0112  1.679e+00  8.517e+00  5.072e+02     7.4693     7.4628    -0.0065     5.9529     5.9477      8.423      8.606      0.193    1427.79    1427.77  0.000e+00
        936      9.000     3.1855     3.1851    -0.0004    0.76870    0.76811          1     8.3064     9.9425       9.97     0.0107  1.517e+00  7.752e+00  5.109e+02     7.4689     7.4628    -0.0061     5.9526     5.9477      8.918      9.113      0.291    1427.78    1427.77  0.000e+00
        972      9.500     3.1923     3.1921    -0.0002    0.76896    0.76831          1     8.3207     3.0658       9.97     0.0112  1.353e+00  6.931e+00  5.124e+02     7.4699     7.4632    -0.0067     5.9533     5.9479      9.414      9.619      0.306    1427.82    1427.81  0.000e+00
       1018     10.000     3.2001     3.2110     0.0109    0.76924    0.76886          1     8.2993    13.7886       9.97     0.0111  1.208e+00  6.214e+00  5.147e+02     7.4710     7.4645    -0.0065     5.9541     5.9487      9.909     10.125      0.230    1427.87    1427.91  0.000e+00
       1073     10.500     3.2097     3.2169     0.0072    0.76954    0.76909          1     8.3012    22.2224       9.96     0.0105  1.096e+00  5.669e+00  5.174e+02     7.4718     7.4655    -0.0063     5.9546     5.9494     10.404     10.631      0.245    1427.92    1427.94  0.000e+00
       1114     11.000     3.2160     3.2170     0.0010    0.76970    0.76912          1     8.3097    11.5816       9.96     0.0120  9.744e-01  5.048e+00  5.181e+02     7.4719     7.4656    -0.0063     5.9546     5.9496     10.900     11.138      0.311    1427.96    1427.95  0.000e+00
       1156     11.500     3.2159     3.2140    -0.0020    0.76969    0.76903          1     8.2999    -9.7425       9.96     0.0100  8.847e-01  4.601e+00  5.201e+02     7.4718     7.4653    -0.0065     5.9545     5.9494     11.395     11.644      0.215    1427.96    1427.95  0.000e+00
       1226     12.000     3.2132     3.2127    -0.0005    0.76959    0.76901          1     8.2856    21.0202       9.96     0.0127  8.058e-01  4.211e+00  5.226e+02     7.4713     7.4653    -0.0060     5.9542     5.9494     11.891     12.150      0.255    1427.96    1427.95  0.000e+00
       1266     12.500     3.2058     3.2056    -0.0002    0.76935    0.76875          1     8.2629    34.1119       9.96     0.0114  7.189e-01  3.766e+00  5.239e+02     7.4704     7.4642    -0.0062     5.9535     5.9486     12.386     12.656      0.285    1427.93    1427.92  0.000e+00
       1319     13.000     3.2077     3.2096     0.0020    0.76943    0.76887          1     8.2917    10.3092       9.96     0.0109  6.501e-01  3.418e+00  5.258e+02     7.4707     7.4645    -0.0062     5.9537     5.9488     12.882     13.163      0.224    1427.95    1427.95  0.000e+00
       1363     13.500     3.2155     3.2171     0.0016    0.76969    0.76912          1     8.2976     1.8056       9.96     0.0113  5.853e-01  3.081e+00  5.264e+02     7.4716     7.4652    -0.0064     5.9544     5.9493     13.377     13.669      0.323    1427.99    1427.99  0.000e+00
       1404     14.000     3.2177     3.2186     0.0008    0.76977    0.76917          1     8.2773     6.4522       9.96     0.0109  5.279e-01  2.787e+00  5.280e+02     7.4718     7.4654    -0.0064     5.9545     5.9494     13.873     14.175      0.239    1428.01    1428.01  0.000e+00
       1462     14.500     3.2199     3.2203     0.0004    0.76984    0.76923          1     8.2951    22.5015       9.96     0.0115  4.775e-01  2.529e+00  5.296e+02     7.4720     7.4656    -0.0064     5.9546     5.9495     14.368     14.681      0.253    1428.03    1428.02  0.000e+00
       1501     15.000     3.2241     3.2290     0.0049    0.76998    0.76949          1     8.2970    11.8055       9.96     0.0100  4.336e-01  2.298e+00  5.300e+02     7.4724     7.4662    -0.0063     5.9549     5.9499     14.863     15.188      0.297    1428.06    1428.07  0.000e+00
       1560     15.500     3.2278     3.2308     0.0031    0.77010    0.76956          1     8.3087    14.0298       9.95     0.0106  3.913e-01  2.079e+00  5.313e+02     7.4727     7.4664    -0.0063     5.9551     5.9500     15.359     15.694      0.223    1428.08    1428.09  0.000e+00
       1609     16.000     3.2310     3.2285    -0.0025    0.77020    0.76952          1     8.3078    15.5538       9.95     0.0116  3.527e-01  1.877e+00  5.321e+02     7.4729     7.4665    -0.0064     5.9552     5.9501     15.854     16.200      0.379    1428.10    1428.09  0.000e+00
       1640     16.500     3.2293     3.2277    -0.0016    0.77013    0.76947          1     8.3024     2.5045       9.95     0.0104  3.163e-01  1.683e+00  5.321e+02     7.4725     7.4661    -0.0065     5.9549     5.9498     16.350     16.706      0.308    1428.11    1428.09  0.000e+00
       1715     17.000     3.2288     3.2285    -0.0002    0.77012    0.76951          1     8.2776    20.5022       9.95     0.0112  2.906e-01  1.548e+00  5.326e+02     7.4725     7.4662    -0.0063     5.9549     5.9499     16.845     17.213      0.291    1428.11    1428.10  0.000e+00
       1750     17.500     3.2285     3.2287     0.0001    0.77012    0.76952          1     8.2903     7.4325       9.95     0.0108  2.578e-01  1.376e+00  5.340e+02     7.4725     7.4662    -0.0063     5.9549     5.9499     17.341     17.719      0.417    1428.12    1428.11  0.000e+00
       1784     18.000     3.2296     3.2294    -0.0002    0.77016    0.76954          1     8.3013     9.1439       9.95     0.0105  2.270e-01  1.213e+00  5.341e+02     7.4725     7.4662    -0.0064     5.9549     5.9499     17.836     18.225      0.274    1428.13    1428.12  0.000e+00
       1841     18.500     3.2312     3.2285    -0.0026    0.77021    0.76953          1     8.2668    -7.5801       9.95     0.0110  2.081e-01  1.111e+00  5.342e+02     7.4726     7.4662    -0.0065     5.9550     5.9499     18.331     18.731      0.249    1428.14    1428.12  0.000e+00
       1887     19.000     3.2273     3.2246    -0.0027    0.77008    0.76942          1     8.3039    30.2554       9.95     0.0114  1.853e-01  9.934e-01  5.360e+02     7.4722     7.4659    -0.0063     5.9547     5.9497     18.827     19.238      0.235    1428.13    1428.11  0.000e+00
       1939     19.500     3.2266     3.2273     0.0007    0.77010    0.76950          1     8.3031    -2.5570       9.95     0.0107  1.629e-01  8.734e-01  5.361e+02     7.4724     7.4661    -0.0063     5.9549     5.9498     19.322     19.744      0.275    1428.14    1428.13  0.000e+00
       1980     20.000     3.2298     3.2297    -0.0002    0.77020    0.76961          1     8.2937    16.2281       9.95     0.0111  1.480e-01  7.933e-01  5.361e+02     7.4727     7.4665    -0.0061     5.9550     5.9501     19.818     20.250      0.253    1428.16    1428.15  0.000e+00
       2035     20.500     3.2298     3.2287    -0.0011    0.77021    0.76957          1     8.2844    11.8268       9.95     0.0112  1.309e-01  7.017e-01  5.361e+02     7.4727     7.4663    -0.0064     5.9550     5.9500     20.313     20.756      0.247    1428.17    1428.16  0.000e+00
       2073     21.000     3.2288     3.2289     0.0001    0.77019    0.76960          1     8.2924     9.7835       9.95     0.0105  1.189e-01  6.375e-01  5.361e+02     7.4726     7.4665    -0.0062     5.9550     5.9501     20.808     21.263      0.367    1428.17    1428.16  0.000e+00
       2106     21.500     3.2285     3.2257    -0.0028    0.77019    0.76954          1     8.2972     5.6961       9.95     0.0114  1.034e-01  5.542e-01  5.361e+02     7.4726     7.4665    -0.0061     5.9550     5.9502     21.304     21.769      0.324    1428.18    1428.16  0.000e+00
       2148     22.000     3.2251     3.2157    -0.0094    0.77008    0.76925          1     8.2784    19.0921       9.95     0.0108  8.921e-02  4.783e-01  5.361e+02     7.4722     7.4657    -0.0065     5.9547     5.9497     21.799     22.275      0.264    1428.17    1428.12  0.000e+00
       2202     22.500     3.2126     3.2065    -0.0061    0.76968    0.76893          1     8.2991    -0.3301       9.95     0.0116  8.173e-02  4.385e-01  5.365e+02     7.4709     7.4644    -0.0064     5.9538     5.9488     22.295     22.781      0.199    1428.12    1428.08  0.000e+00
       2256     23.000     3.2063     3.2057    -0.0007    0.76948    0.76890          1     8.2952    22.8024       9.95     0.0122  6.773e-02  3.644e-01  5.381e+02     7.4702     7.4643    -0.0059     5.9533     5.9486     22.790     23.288      0.276    1428.10    1428.09  0.000e+00
       2297     23.500     3.2060     3.2062     0.0003    0.76949    0.76893          1     8.3179    14.3302       9.95     0.0117  5.988e-02  3.220e-01  5.378e+02     7.4703     7.4644    -0.0059     5.9534     5.9487     23.285     23.794      0.282    1428.10    1428.10  0.000e+00
       2343     24.000     3.2066     3.2047    -0.0019    0.76952    0.76889          1     8.3073    13.5820       9.95     0.0110  5.337e-02  2.872e-01  5.382e+02     7.4704     7.4642    -0.0062     5.9535     5.9486     23.781     24.300      0.253    1428.11    1428.10  0.000e+00
       2388     24.500     3.2067     3.2047    -0.0020    0.76954    0.76889          1     8.2939     1.7252       9.95     0.0107  4.395e-02  2.366e-01  5.382e+02     7.4705     7.4642    -0.0062     5.9536     5.9486     24.276     24.806      0.302    1428.12    1428.11  0.000e+00
       2423     25.000     3.2055     3.2161     0.0106    0.76950    0.76922          1     8.3039     8.4115       9.95     0.0111  3.589e-02  1.931e-01  5.382e+02     7.4703     7.4649    -0.0054     5.9535     5.9491     24.772     25.313      0.370    1428.13    1428.17  0.000e+00
       2458     25.500     3.2109     3.2229     0.0121    0.76972    0.76954          1     8.2870    17.0897       9.95     0.0118  3.042e-02  1.637e-01  5.382e+02     7.4713     7.4666    -0.0047     5.9542     5.9503     25.267     25.819      0.274    1428.16    1428.21  0.000e+00
       2527     26.000     3.2230     3.2253     0.0023    0.77014    0.76961          1     8.3142     8.1048       9.95     0.0113  2.418e-02  1.301e-01  5.382e+02     7.4728     7.4667    -0.0061     5.9552     5.9504     25.763     26.325      0.267    1428.23    1428.23  0.000e+00
       2566     26.500     3.2264     3.2257    -0.0007    0.77026    0.76963          1     8.3065    17.5831       9.95     0.0112  1.893e-02  1.019e-01  5.382e+02     7.4732     7.4668    -0.0063     5.9555     5.9504     26.258     26.831      0.311    1428.25    1428.24  0.000e+00
       2619     27.000     3.2265     3.2274     0.0009    0.77026    0.76968          1     8.2822     5.2745       9.95     0.0112  1.335e-02  7.187e-02  5.382e+02     7.4731     7.4669    -0.0063     5.9554     5.9504     26.753     27.338      0.217    1428.26    1428.25  0.000e+00
       2665     27.500     3.2270     3.2293     0.0023    0.77033    0.76983          1     8.2647    16.6534       9.95     0.0107  9.411e-03  5.065e-02  5.382e+02     7.4736     7.4679    -0.0057     5.9558     5.9512     27.249     27.844      0.381    1428.27    1428.27  0.000e+00
       2694     28.000     3.2304     3.2388     0.0084    0.77052    0.77023          1     8.2722     3.5506       9.95     0.0121  5.824e-03  3.134e-02  5.381e+02     7.4748     7.4697    -0.0050     5.9567     5.9526     27.744     28.350      0.370    1428.29    1428.33  0.000e+00
       2746     28.500     3.2365     3.2391     0.0026    0.77079    0.77027          1     8.2884    13.6584       9.95     0.0110  1.381e-03  7.419e-03  5.367e+02     7.4761     7.4701    -0.0060     5.9577     5.9529     28.240     28.857      0.232    1428.33    1428.34  0.000e+00
