ctdpy/exports/archive_20191121_122431/received_data/SBE09_1044_20181208_0148_34_01_0166.cnv
* Sea-Bird SBE 9 Data File:
* FileName = C:\ctd\temp\ar18d166.hex
* Software Version Seasave V 7.26.7.107
* Temperature SN = 5351
* Conductivity SN = 3941
* Number of Bytes Per Scan = 30
* Number of Voltage Words = 4
* Number of Scans Averaged by the Deck Unit = 1
* NMEA baud rate = 4800
** Station:  Å16
** Operator:  ASkj
** Ship: ARANDA
** Average sound velocity: 1486.05 m/s
** True-depth calculation Sun, 09 Dec 2018 17:50:28 +0000
** CTD Python Module SMHI /ver 3-12/ feb 2012 
** LIMS Job: 20183401-0166
** Cruise: SMHI-7-2018
** Latitude [GG MM.mm N]: 58 16.031N
** Longitude [GG MM.mm E] 10 43.476E
# nquan = 26
# nvalues = 396                         
# units = specified
# name 0 = scan: Scan Count
# name 1 = prDM: Pressure, Digiquartz [db]
# name 2 = t090C: Temperature [ITS-90, deg C]
# name 3 = t190C: Temperature, 2 [ITS-90, deg C]
# name 4 = T2-T190C: Temperature Difference, 2 - 1 [ITS-90, deg C]
# name 5 = c0S/m: Conductivity [S/m]
# name 6 = c1S/m: Conductivity, 2 [S/m]
# name 7 = pumps: Pump Status
# name 8 = sbeox0ML/L: Oxygen, SBE 43 [ml/l]
# name 9 = sbeox1ML/L: Oxygen, SBE 43, 2 [ml/l]
# name 10 = altM: Altimeter [m]
# name 11 = flECO-AFL: Chl-a Fluorescence, WET Labs ECO-AFL/FL [mg/m^3]
# name 12 = flECO-AFL1: Phycocyanin Fluorescence, WET Labs ECO-AFL/FL, 2 [mg/m^3]
# name 13 = par: PAR/Irradiance, Biospherical/Lico [µE/(cm^2*s)]
# name 14 = turbWETntu0: Turbidity, WET Labs ECO [NTU]
# name 15 = sal00: Salinity, Practical [PSU]
# name 16 = sal11: Salinity, Practical, 2 [PSU]
# name 17 = secS-priS: Salinity, Practical, Difference, 2 - 1 [PSU]
# name 18 = sigma-t00: Density [sigma-t, Kg/m^3 ]
# name 19 = sigma-t11: Density, 2 [sigma-t, Kg/m^3 ]
# name 20 = depSM: Depth [salt water, m], lat = 0
# name 21 = depFM: Depth [true depth, m], lat = 0
# name 22 = dz/dtM: Descent Rate [m/s], WS = 2
# name 23 = svCM: Sound Velocity [Chen-Millero, m/s]
# name 24 = svCM1: Sound Velocity, 2 [Chen-Millero, m/s]
# name 25 = flag: flag
# span 0 =      11386,      20863       
# span 1 =      1.000,    198.500       
# span 2 =     7.1247,     9.6434       
# span 3 =     7.1100,     9.6443       
# span 4 =    -0.0573,     0.0214       
# span 5 =   3.209816,   3.762040       
# span 6 =   3.207218,   3.762185       
# span 7 =          1,          1       
# span 8 =    5.39790,    6.72949       
# span 9 =    5.38735,    6.70672       
# span 10 =       5.17,     106.86      
# span 11 =     0.0643,     1.2006      
# span 12 =     0.1345,     0.3179      
# span 13 = -1.351e-04, 1.7552e-02      
# span 14 =     0.1495,     2.0459      
# span 15 =    31.3960,    35.0554      
# span 16 =    31.3816,    35.0552      
# span 17 =    -0.0788,     0.0383      
# span 18 =    24.5646,    27.2986      
# span 19 =    24.5552,    27.2984      
# span 20 =      0.994,    197.315      
# span 21 =      0.994,    196.871      
# span 22 =     -0.149,      1.113      
# span 23 =    1474.66,    1489.10      
# span 24 =    1474.58,    1489.11      
# span 25 = 0.0000e+00, 0.0000e+00      
# interval = decibars: 0.5              
# start_time = Dec 08 2018 01:48:04 [System UTC, header]
# bad_flag = -9.990e-29
*END*
[from data line 56]
      12651     29.000     9.5202     9.5214     0.0012    3.73446    3.73459          1     6.0969     6.0755      74.65     0.1715     0.1871  1.000e-12  0.1862000    34.6843    34.6846     0.0002    26.7862    26.7862     28.839     28.792      0.646    1488.19    1488.20  0.000e+00
      12683     29.500     9.5242     9.5256     0.0014    3.73510    3.73526          1     6.0963     6.0746      97.10     0.1612     0.2208  1.000e-12  0.1790000    34.6869    34.6872     0.0003    26.7875    26.7875     29.336     29.288      0.337    1488.22    1488.22  0.000e+00
      12727     30.000     9.5241     9.5251     0.0010    3.73511    3.73522          1     6.0912     6.0614      97.39     0.1308     0.2450  1.000e-12  0.1849000    34.6868    34.6869     0.0002    26.7874    26.7874     29.833     29.784      0.595    1488.22    1488.23  0.000e+00
      12741     30.500     9.5234     9.5245     0.0011    3.73506    3.73517          1     6.0939     6.0586      97.04     0.1258     0.1934  1.000e-12  0.1933000    34.6868    34.6869     0.0001    26.7875    26.7874     30.330     30.280      0.895    1488.23    1488.23  0.000e+00
      12753     31.000     9.5209     9.5209     0.0000    3.73488    3.73492          1     6.1022     6.0647      97.34     0.1435     0.1925  1.000e-12  0.1786000    34.6871    34.6875     0.0004    26.7882    26.7885     30.827     30.776      0.995    1488.23    1488.23  0.000e+00
      12764     31.500     9.5201     9.5206     0.0005    3.73486    3.73492          1     6.1093     6.0724      97.42     0.1462     0.1807  1.000e-12  0.1791000    34.6873    34.6875     0.0001    26.7885    26.7885     31.325     31.272      0.961    1488.23    1488.24  0.000e+00
      12777     32.000     9.5181     9.5184     0.0003    3.73475    3.73480          1     6.1071     6.0717      97.40     0.1656     0.1780  1.000e-12  0.1937000    34.6880    34.6882     0.0002    26.7894    26.7895     31.822     31.767      0.793    1488.24    1488.24  0.000e+00
      12798     32.500     9.5429     9.5431     0.0001    3.73871    3.73868          1     6.0886     6.0601      64.34     0.1561     0.2042  1.000e-12  0.1921000    34.7046    34.7042    -0.0004    26.7982    26.7979     32.319     32.263      0.461    1488.36    1488.36  0.000e+00
      12844     33.000     9.5617     9.5687     0.0070    3.74136    3.74233          1     6.0686     6.0423      85.70     0.1420     0.2102  1.000e-12  0.1848000    34.7136    34.7169     0.0033    26.8022    26.8036     32.816     32.759      0.264    1488.44    1488.47  0.000e+00
      12875     33.500     9.5733     9.5741     0.0008    3.74337    3.74342          1     6.0565     6.0323      97.45     0.1470     0.2049  1.000e-12  0.1874000    34.7230    34.7226    -0.0003    26.8076    26.8072     33.313     33.255      0.578    1488.51    1488.51  0.000e+00
      12892     34.000     9.5690     9.5706     0.0016    3.74385    3.74398          1     6.0596     6.0332      97.40     0.1480     0.2071  1.000e-12  0.1925000    34.7319    34.7317    -0.0002    26.8152    26.8148     33.810     33.751      0.740    1488.51    1488.51  0.000e+00
      12907     34.500     9.5672     9.5666    -0.0005    3.74435    3.74424          1     6.0602     6.0267      97.39     0.1480     0.2071  1.000e-12  0.1933000    34.7386    34.7380    -0.0006    26.8208    26.8204     34.308     34.247      0.789    1488.52    1488.52  0.000e+00
      12922     35.000     9.5730     9.5745     0.0015    3.74525    3.74538          1     6.0594     6.0204      97.40     0.1503     0.2179  1.000e-12  0.1945000    34.7420    34.7418    -0.0002    26.8225    26.8221     34.805     34.743      0.724    1488.55    1488.56  0.000e+00
      12941     35.500     9.5998     9.6006     0.0008    3.74915    3.74918          1     6.0532     6.0179      97.41     0.1550     0.2300  1.000e-12  0.1976000    34.7561    34.7556    -0.0005    26.8291    26.8285     35.302     35.239      0.542    1488.67    1488.68  0.000e+00
      12970     36.000     9.6182     9.6176    -0.0006    3.75216    3.75201          1     6.0381     6.0053      92.80     0.1258     0.1923  1.000e-12  0.1917000    34.7691    34.7682    -0.0009    26.8361    26.8355     35.799     35.735      0.418    1488.77    1488.76  0.000e+00
      12995     36.500     9.6272     9.6284     0.0012    3.75405    3.75415          1     6.0329     5.9983      97.51     0.1260     0.1578  1.000e-12  0.1931000    34.7796    34.7796    -0.0001    26.8428    26.8426     36.296     36.231      0.570    1488.82    1488.82  0.000e+00
      13014     37.000     9.6281     9.6287     0.0007    3.75507    3.75502          1     6.0345     5.9995      97.44     0.1260     0.1913  1.000e-12  0.1988000    34.7891    34.7880    -0.0012    26.8502    26.8491     36.793     36.727      0.674    1488.84    1488.84  0.000e+00
      13031     37.500     9.6332     9.6341     0.0009    3.75701    3.75706          1     6.0310     5.9990      97.45     0.1260     0.1925  1.000e-12  0.1863000    34.8040    34.8036    -0.0004    26.8609    26.8604     37.291     37.223      0.667    1488.89    1488.89  0.000e+00
      13050     38.000     9.6353     9.6364     0.0010    3.75812    3.75819          1     6.0277     6.0068      97.44     0.1184     0.2209  1.000e-12  0.1834000    34.8131    34.8128    -0.0003    26.8677    26.8673     37.788     37.719      0.561    1488.91    1488.92  0.000e+00
      13075     38.500     9.6340     9.6349     0.0009    3.75869    3.75875          1     6.0341     6.0139      97.46     0.1121     0.2185  1.000e-12  0.1836000    34.8201    34.8198    -0.0002    26.8733    26.8730     38.285     38.215      0.450    1488.93    1488.93  0.000e+00
      13103     39.000     9.6329     9.6338     0.0009    3.75902    3.75910          1     6.0413     6.0232      97.46     0.1314     0.2120  1.000e-12  0.1807000    34.8242    34.8243     0.0000    26.8768    26.8767     38.782     38.711      0.443    1488.93    1488.94  0.000e+00
      13129     39.500     9.6330     9.6338     0.0008    3.75921    3.75930          1     6.0464     6.0248      51.70     0.1326     0.2244  1.000e-12  0.1797000    34.8260    34.8260     0.0001    26.8781    26.8780     39.279     39.207      0.510    1488.95    1488.95  0.000e+00
      13150     40.000     9.6333     9.6342     0.0009    3.75934    3.75945          1     6.0462     6.0229      89.28     0.1259     0.2069  1.000e-12  0.1793000    34.8267    34.8269     0.0002    26.8786    26.8787     39.776     39.703      0.628    1488.96    1488.96  0.000e+00
      13168     40.500     9.6350     9.6358     0.0008    3.75982    3.75988          1     6.0476     6.0298      97.55     0.1260     0.1766  1.000e-12  0.1786000    34.8298    34.8296    -0.0001    26.8808    26.8806     40.274     40.199      0.710    1488.97    1488.98  0.000e+00
      13184     41.000     9.6375     9.6382     0.0007    3.76033    3.76040          1     6.0454     6.0329      97.46     0.1260     0.2294  1.000e-12  0.1720000    34.8324    34.8325     0.0001    26.8824    26.8823     40.771     40.695      0.693    1488.99    1489.00  0.000e+00
      13203     41.500     9.6394     9.6403     0.0009    3.76071    3.76082          1     6.0399     6.0286      97.45     0.1260     0.2310  1.000e-12  0.1720000    34.8343    34.8345     0.0001    26.8836    26.8835     41.268     41.191      0.561    1489.01    1489.02  0.000e+00
      13230     42.000     9.6397     9.6406     0.0009    3.76079    3.76090          1     6.0329     6.0216      86.26     0.1182     0.2172  1.000e-12  0.1831000    34.8346    34.8348     0.0003    26.8837    26.8838     41.765     41.687      0.410    1489.02    1489.03  0.000e+00
      13259     42.500     9.6402     9.6415     0.0013    3.76086    3.76105          1     6.0172     6.0050      53.40     0.1152     0.2367  1.000e-12  0.1847000    34.8346    34.8352     0.0007    26.8836    26.8840     42.262     42.183      0.522    1489.03    1489.04  0.000e+00
      13278     43.000     9.6429     9.6437     0.0009    3.76129    3.76139          1     6.0100     5.9948      99.16     0.1242     0.2420  1.000e-12  0.1780000    34.8362    34.8364     0.0002    26.8845    26.8845     42.759     42.678      0.682    1489.05    1489.06  0.000e+00
      13294     43.500     9.6424     9.6436     0.0013    3.76120    3.76139          1     6.0066     5.9941      97.46     0.1138     0.1926  1.000e-12  0.1737000    34.8354    34.8362     0.0008    26.8839    26.8844     43.256     43.174      0.694    1489.06    1489.06  0.000e+00
      13313     44.000     9.6434     9.6443     0.0009    3.76143    3.76152          1     6.0017     5.9922      97.46     0.1088     0.2147  1.000e-12  0.1789000    34.8365    34.8366     0.0001    26.8846    26.8846     43.754     43.670      0.538    1489.07    1489.08  0.000e+00
      13344     44.500     9.6428     9.6438     0.0011    3.76149    3.76160          1     5.9933     5.9833      85.12     0.1206     0.2046  1.000e-12  0.1861000    34.8376    34.8378     0.0002    26.8856    26.8855     44.251     44.166      0.365    1489.08    1489.08  0.000e+00
      13373     45.000     9.6400     9.6404     0.0004    3.76125    3.76136          1     5.9932     5.9747      50.53     0.1141     0.1774  1.000e-12  0.1987000    34.8376    34.8383     0.0007    26.8861    26.8866     44.748     44.662      0.571    1489.08    1489.08  0.000e+00
      13390     45.500     9.6268     9.6285     0.0017    3.76007    3.76024          1     5.9925     5.9740      98.42     0.1254     0.1778  1.000e-12  0.1884000    34.8381    34.8381     0.0001    26.8886    26.8884     45.245     45.158      0.776    1489.04    1489.04  0.000e+00
      13404     46.000     9.6196     9.6199     0.0002    3.76030    3.76025          1     5.9937     5.9727      97.49     0.1251     0.1778  1.000e-12  0.1867000    34.8471    34.8464    -0.0007    26.8969    26.8963     45.742     45.654      0.842    1489.03    1489.03  0.000e+00
      13418     46.500     9.6174     9.6181     0.0007    3.76051    3.76059          1     5.9957     5.9768      97.45     0.1155     0.1769  1.000e-12  0.1860000    34.8512    34.8513     0.0002    26.9004    26.9005     46.239     46.150      0.761    1489.03    1489.04  0.000e+00
      13438     47.000     9.6130     9.6135     0.0005    3.76040    3.76046          1     6.0039     5.9876      97.46     0.1218     0.1899  1.000e-12  0.1785000    34.8541    34.8543     0.0001    26.9035    26.9035     46.736     46.646      0.468    1489.03    1489.03  0.000e+00
      13488     47.500     9.6121     9.6126     0.0005    3.76054    3.76060          1     6.0109     5.9944      62.26     0.1153     0.1958  1.000e-12  0.1668000    34.8562    34.8563     0.0002    26.9052    26.9053     47.234     47.142      0.389    1489.04    1489.04  0.000e+00
      13510     48.000     9.6148     9.6156     0.0009    3.76097    3.76106          1     6.0106     5.9943      97.77     0.1187     0.1776  1.000e-12  0.1701000    34.8578    34.8579     0.0001    26.9061    26.9060     47.731     47.638      0.783    1489.06    1489.06  0.000e+00
      13523     48.500     9.6161     9.6167     0.0006    3.76123    3.76134          1     6.0106     5.9940      97.48     0.1271     0.2124  1.000e-12  0.1745000    34.8590    34.8595     0.0005    26.9068    26.9071     48.228     48.134      0.976    1489.07    1489.08  0.000e+00
      13534     49.000     9.6173     9.6179     0.0006    3.76151    3.76161          1     6.0112     5.9883      97.49     0.1237     0.2219  1.000e-12  0.1742000    34.8605    34.8610     0.0005    26.9077    26.9080     48.725     48.630      1.025    1489.09    1489.09  0.000e+00
      13545     49.500     9.6143     9.6151     0.0009    3.76132    3.76147          1     6.0073     5.9856      97.46     0.1138     0.2246  1.000e-12  0.1735000    34.8612    34.8619     0.0006    26.9088    26.9092     49.222     49.126      0.934    1489.08    1489.09  0.000e+00
      13561     50.000     9.6153     9.6162     0.0009    3.76204    3.76214          1     6.0037     5.9812      97.46     0.1144     0.2293  1.000e-12  0.1720000    34.8674    34.8676     0.0002    26.9135    26.9134     49.719     49.621      0.638    1489.10    1489.11  0.000e+00
      13612     50.500     9.6021     9.6039     0.0018    3.76200    3.76219          1     5.9897     5.9776      97.40     0.1226     0.2225  1.000e-12  0.1626000    34.8797    34.8798     0.0001    26.9253    26.9251     50.216     50.117      0.330    1489.08    1489.09  0.000e+00
      13645     51.000     9.5806     9.5822     0.0016    3.76028    3.76048          1     5.9768     5.9645      97.04     0.1261     0.2548  1.000e-12  0.1627000    34.8826    34.8830     0.0005    26.9311    26.9312     50.714     50.613      0.685    1489.01    1489.02  0.000e+00
      13660     51.500     9.5681     9.5691     0.0010    3.75938    3.75949          1     5.9730     5.9577      97.48     0.1234     0.1789  1.000e-12  0.1622000    34.8851    34.8853     0.0003    26.9352    26.9352     51.211     51.109      0.836    1488.98    1488.99  0.000e+00
      13673     52.000     9.5579     9.5589     0.0009    3.75879    3.75891          1     5.9748     5.9554      97.49     0.0923     0.1745  1.000e-12  0.1609000    34.8887    34.8889     0.0003    26.9397    26.9397     51.708     51.605      0.859    1488.95    1488.96  0.000e+00
      13687     52.500     9.5514     9.5523     0.0009    3.75840    3.75851          1     5.9819     5.9579      97.47     0.0975     0.1631  1.000e-12  0.1656000    34.8907    34.8910     0.0003    26.9424    26.9425     52.205     52.101      0.781    1488.94    1488.95  0.000e+00
      13704     53.000     9.5477     9.5485     0.0008    3.75839    3.75847          1     5.9868     5.9668      36.87     0.1052     0.2017  1.000e-12  0.1736000    34.8940    34.8941     0.0001    26.9455    26.9455     52.702     52.597      0.619    1488.94    1488.94  0.000e+00
      13728     53.500     9.5457     9.5466     0.0008    3.75898    3.75906          1     5.9853     5.9722      82.49     0.1137     0.1920  1.000e-12  0.1614000    34.9018    34.9018     0.0000    26.9519    26.9518     53.199     53.093      0.455    1488.95    1488.96  0.000e+00
      13757     54.000     9.5405     9.5417     0.0012    3.75880    3.75892          1     5.9780     5.9604      94.49     0.1239     0.1645  1.000e-12  0.1572000    34.9049    34.9049     0.0001    26.9553    26.9551     53.696     53.589      0.431    1488.94    1488.95  0.000e+00
      13783     54.500     9.5236     9.5255     0.0018    3.75777    3.75792          1     5.9479     5.9246      97.51     0.1136     0.2309  1.000e-12  0.1643000    34.9103    34.9101    -0.0002    26.9623    26.9618     54.193     54.085      0.521    1488.90    1488.91  0.000e+00
      13804     55.000     9.5271     9.5280     0.0009    3.75842    3.75852          1     5.9243     5.8991      97.47     0.0925     0.2288  1.000e-12  0.1737000    34.9135    34.9136     0.0001    26.9642    26.9642     54.691     54.581      0.582    1488.92    1488.93  0.000e+00
      13824     55.500     9.5251     9.5265     0.0014    3.75873    3.75884          1     5.9083     5.8873      97.46     0.0915     0.1428  1.000e-12  0.1538000    34.9183    34.9182    -0.0001    26.9683    26.9680     55.188     55.076      0.553    1488.93    1488.94  0.000e+00
      13848     56.000     9.5205     9.5212     0.0007    3.75870    3.75880          1     5.8974     5.8832      97.47     0.0918     0.2438  1.000e-12  0.1504000    34.9223    34.9226     0.0003    26.9722    26.9723     55.685     55.572      0.488    1488.93    1488.93  0.000e+00
