ctdpy/exports/archive_20191121_122431/received_data/SBE09_1044_20180527_0347_34_07_0031.cnv
* Sea-Bird SBE 9 Data File:
* FileName = C:\ctd\temp\2018\AU18D031.hex
* Software Version Seasave V 7.26.6.26
* Temperature SN = 5351
* Conductivity SN = 3941
* Number of Bytes Per Scan = 41
* Number of Voltage Words = 4
* Number of Scans Averaged by the Deck Unit = 1
* NMEA Latitude = 58 16.02 N
* NMEA Longitude = 010 43.46 E
* NMEA UTC (Time) = May 27 2018  03:48:04
* NMEA baud rate = 4800
** Station:  A16
** Operator:  SSip
** Ship: AURA
** Average sound velocity: 1478.76 m/s
** True-depth calculation Sun, 27 May 2018 04:17:51 +0000
** CTD Python Module SMHI /ver 3-12/ feb 2012 
** LIMS Job: 20183407-0031
** Cruise: SMHI-02-2018
** Latitude [GG MM.mm N] :
** Longitude [GG MM.mm E]:
# nquan = 26
# nvalues = 403                         
# units = specified
# name 0 = scan: Scan Count
# name 1 = prDM: Pressure, Digiquartz [db]
# name 2 = t090C: Temperature [ITS-90, deg C]
# name 3 = t190C: Temperature, 2 [ITS-90, deg C]
# name 4 = T2-T190C: Temperature Difference, 2 - 1 [ITS-90, deg C]
# name 5 = c0S/m: Conductivity [S/m]
# name 6 = c1S/m: Conductivity, 2 [S/m]
# name 7 = pumps: Pump Status
# name 8 = sbeox0ML/L: Oxygen, SBE 43 [ml/l]
# name 9 = sbeox1ML/L: Oxygen, SBE 43, 2 [ml/l]
# name 10 = altM: Altimeter [m]
# name 11 = flECO-AFL: Chl-a Fluorescence, WET Labs ECO-AFL/FL [mg/m^3]
# name 12 = flECO-AFL1: Phycocyanin Fluorescence, WET Labs ECO-AFL/FL, 2 [mg/m^3]
# name 13 = par: PAR/Irradiance, Biospherical/Lico [µE/(cm^2*s)]
# name 14 = turbWETntu0: Turbidity, WET Labs ECO [NTU]
# name 15 = sal00: Salinity, Practical [PSU]
# name 16 = sal11: Salinity, Practical, 2 [PSU]
# name 17 = secS-priS: Salinity, Practical, Difference, 2 - 1 [PSU]
# name 18 = sigma-t00: Density [sigma-t, Kg/m^3 ]
# name 19 = sigma-t11: Density, 2 [sigma-t, Kg/m^3 ]
# name 20 = depSM: Depth [salt water, m], lat = 58.267
# name 21 = depFM: Depth [true depth, m], lat = 58.267
# name 22 = dz/dtM: Descent Rate [m/s], WS = 2
# name 23 = svCM: Sound Velocity [Chen-Millero, m/s]
# name 24 = svCM1: Sound Velocity, 2 [Chen-Millero, m/s]
# name 25 = flag: flag
# span 0 =       7071,      16633       
# span 1 =      1.000,    202.000       
# span 2 =     5.9018,    18.1082       
# span 3 =     5.9032,    17.9369       
# span 4 =    -0.2596,     0.2106       
# span 5 =   3.436965,   3.968464       
# span 6 =   3.436948,   3.965895       
# span 7 =          1,          1       
# span 8 =    5.99561,    8.82130       
# span 9 =    5.92571,    8.70171       
# span 10 =       2.85,      98.79      
# span 11 =     0.0388,     4.9484      
# span 12 =     0.1501,     0.6497      
# span 13 = -9.974e-07, 3.1879e+02      
# span 14 =     0.1234,     1.2976      
# span 15 =    25.7331,    35.0503      
# span 16 =    26.0398,    35.0494      
# span 17 =    -0.3896,     0.3216      
# span 18 =    18.1649,    27.6038      
# span 19 =    18.4595,    27.6027      
# span 20 =      0.991,    200.026      
# span 21 =      1.000,    200.293      
# span 22 =     -0.121,      0.585      
# span 23 =    1476.78,    1505.67      
# span 24 =    1476.79,    1505.65      
# span 25 = 0.0000e+00, 0.0000e+00      
# interval = decibars: 0.5              
# start_time = May 27 2018 03:48:04 [NMEA time, first data scan]
# bad_flag = -9.990e-29
*END*
[from data line 391]
      16312    196.500     5.9027     5.9042     0.0016    3.44094    3.44097          1     6.2969     6.2429       8.41     0.0739     0.2543  1.000e-12  1.1788000    35.0484    35.0470    -0.0013    27.6034    27.6022    194.582    194.841      0.525    1477.64    1477.65  0.000e+00
      16336    197.000     5.9025     5.9041     0.0016    3.44097    3.44099          1     6.2944     6.2408       7.91     0.0858     0.2219  1.000e-12  1.2280000    35.0486    35.0472    -0.0014    27.6036    27.6023    195.077    195.337      0.485    1477.65    1477.66  0.000e+00
      16361    197.500     5.9024     5.9038     0.0014    3.44100    3.44102          1     6.2979     6.2427       7.39     0.0841     0.2148  1.000e-12  1.2123000    35.0487    35.0476    -0.0012    27.6038    27.6027    195.572    195.832      0.466    1477.66    1477.66  0.000e+00
      16387    198.000     5.9020     5.9035     0.0015    3.44098    3.44101          1     6.2973     6.2485       6.91     0.0879     0.2463  1.000e-12  1.1810000    35.0488    35.0475    -0.0013    27.6038    27.6026    196.067    196.328      0.470    1477.67    1477.67  0.000e+00
      16412    198.500     5.9020     5.9036     0.0016    3.44099    3.44104          1     6.2961     6.2515       6.42     0.0730     0.2362  1.000e-12  1.2084000    35.0486    35.0475    -0.0011    27.6037    27.6026    196.562    196.824      0.482    1477.67    1477.68  0.000e+00
      16437    199.000     5.9023     5.9037     0.0015    3.44104    3.44107          1     6.2967     6.2487       5.92     0.0615     0.1546  1.000e-12  1.2030000    35.0486    35.0474    -0.0012    27.6037    27.6025    197.057    197.319      0.492    1477.68    1477.69  0.000e+00
      16461    199.500     5.9025     5.9039     0.0014    3.44109    3.44111          1     6.3021     6.2480       5.45     0.0674     0.2639  1.000e-12  1.2029000    35.0486    35.0475    -0.0012    27.6037    27.6026    197.551    197.815      0.495    1477.69    1477.70  0.000e+00
      16486    200.000     5.9027     5.9042     0.0015    3.44113    3.44117          1     6.3003     6.2449       4.96     0.0722     0.2358  1.000e-12  1.2102000    35.0487    35.0475    -0.0012    27.6037    27.6026    198.046    198.310      0.475    1477.70    1477.71  0.000e+00
      16513    200.500     5.9028     5.9043     0.0015    3.44118    3.44121          1     6.2933     6.2374       4.47     0.0770     0.2218  1.000e-12  1.1747000    35.0488    35.0476    -0.0012    27.6038    27.6026    198.541    198.806      0.416    1477.71    1477.71  0.000e+00
      16544    201.000     5.9023     5.9038     0.0015    3.44111    3.44115          1     6.2920     6.2278       3.97     0.0815     0.1850  1.000e-12  1.1712000    35.0484    35.0472    -0.0013    27.6035    27.6023    199.036    199.302      0.377    1477.71    1477.72  0.000e+00
      16575    201.500     5.9023     5.9038     0.0015    3.44113    3.44115          1     6.2960     6.2478       3.48     0.0885     0.2071  1.000e-12  1.2268000    35.0482    35.0469    -0.0014    27.6034    27.6021    199.531    199.797      0.394    1477.72    1477.73  0.000e+00
      16633    202.000     5.9024     5.9041     0.0016    3.44118    3.44120          1     6.3070     6.2556       2.85     0.0804     0.2259  1.000e-12  1.2470000    35.0485    35.0470    -0.0015    27.6036    27.6022    200.026    200.293     -0.121    1477.73    1477.74  0.000e+00
