ctdpy/exports/archive_20191121_122431/received_data/SBE09_1044_20180921_1441_34_01_0036.cnv
* Sea-Bird SBE 9 Data File:
* FileName = C:\ctd\temp\2018\AR18D036.hex
* Software Version Seasave V 7.26.6.26
* Temperature SN = 5351
* Conductivity SN = 3941
* Number of Bytes Per Scan = 41
* Number of Voltage Words = 4
* Number of Scans Averaged by the Deck Unit = 1
* NMEA Latitude = 58 01.04 N
* NMEA Longitude = 017 59.10 E
* NMEA UTC (Time) = Sep 21 2018  14:41:12
* NMEA baud rate = 4800
** Station:  BY32
** Operator:  MHan
** Ship: ARANDA
** Average sound velocity: 1449.87 m/s
** True-depth calculation Fri, 21 Sep 2018 15:46:04 +0000
** CTD Python Module SMHI /ver 3-12/ feb 2012 
** LIMS Job: 20183401-0036
** Cruise: SMHI-02-2018
** Latitude [GG MM.mm N] :
** Longitude [GG MM.mm E]:
# nquan = 26
# nvalues = 396                         
# units = specified
# name 0 = scan: Scan Count
# name 1 = prDM: Pressure, Digiquartz [db]
# name 2 = t090C: Temperature [ITS-90, deg C]
# name 3 = t190C: Temperature, 2 [ITS-90, deg C]
# name 4 = T2-T190C: Temperature Difference, 2 - 1 [ITS-90, deg C]
# name 5 = c0S/m: Conductivity [S/m]
# name 6 = c1S/m: Conductivity, 2 [S/m]
# name 7 = pumps: Pump Status
# name 8 = sbeox0ML/L: Oxygen, SBE 43 [ml/l]
# name 9 = sbeox1ML/L: Oxygen, SBE 43, 2 [ml/l]
# name 10 = altM: Altimeter [m]
# name 11 = flECO-AFL: Chl-a Fluorescence, WET Labs ECO-AFL/FL [mg/m^3]
# name 12 = flECO-AFL1: Phycocyanin Fluorescence, WET Labs ECO-AFL/FL, 2 [mg/m^3]
# name 13 = par: PAR/Irradiance, Biospherical/Lico [µE/(cm^2*s)]
# name 14 = turbWETntu0: Turbidity, WET Labs ECO [NTU]
# name 15 = sal00: Salinity, Practical [PSU]
# name 16 = sal11: Salinity, Practical, 2 [PSU]
# name 17 = secS-priS: Salinity, Practical, Difference, 2 - 1 [PSU]
# name 18 = sigma-t00: Density [sigma-t, Kg/m^3 ]
# name 19 = sigma-t11: Density, 2 [sigma-t, Kg/m^3 ]
# name 20 = depSM: Depth [salt water, m], lat = 58.0173
# name 21 = depFM: Depth [true depth, m], lat = 58.0173
# name 22 = dz/dtM: Descent Rate [m/s], WS = 2
# name 23 = svCM: Sound Velocity [Chen-Millero, m/s]
# name 24 = svCM1: Sound Velocity, 2 [Chen-Millero, m/s]
# name 25 = flag: flag
# span 0 =      17631,      28033       
# span 1 =      1.000,    198.500       
# span 2 =     3.5560,    15.9811       
# span 3 =     3.5584,    15.9821       
# span 4 =    -0.1638,     1.2487       
# span 5 =   0.763695,   1.202804       
# span 6 =   0.763665,   1.202770       
# span 7 =          1,          1       
# span 8 =    0.01926,    7.78522       
# span 9 =    0.68245,    6.08489       
# span 10 =       0.00,      99.57      
# span 11 =     0.1950,     1.4099      
# span 12 =     0.1631,     0.4418      
# span 13 = -1.029e-05, 2.0278e+03      
# span 14 =     0.1564,     1.5357      
# span 15 =     6.7813,    11.0622      
# span 16 =     6.7808,    11.0614      
# span 17 =    -0.0386,     0.1994      
# span 18 =     4.1499,     8.6871      
# span 19 =     4.1491,     8.6864      
# span 20 =      0.991,    196.566      
# span 21 =      1.014,    200.732      
# span 22 =     -0.093,      1.218      
# span 23 =    1430.26,    1477.50      
# span 24 =    1430.27,    1477.50      
# span 25 = 0.0000e+00, 0.0000e+00      
# interval = decibars: 0.5              
# start_time = Sep 21 2018 14:41:12 [NMEA time, first data scan]
# bad_flag = -9.990e-29
*END*
[from data line 223]
      22771    112.500     5.9506     5.9521     0.0014    1.18223    1.18222          1     0.0431     1.9501      91.03     0.3368     0.2336  1.000e-12  0.1624000    10.9015    10.9009    -0.0006     8.5662     8.5657    111.427    113.889      0.615    1446.03    1446.04  0.000e+00
      22788    113.000     5.9528     5.9544     0.0016    1.18280    1.18278          1     0.0405     1.9374      73.37     0.3381     0.2464  1.000e-12  0.1651000    10.9064    10.9056    -0.0008     8.5699     8.5692    111.922    114.394      0.721    1446.06    1446.06  0.000e+00
      22804    113.500     5.9547     5.9564     0.0017    1.18324    1.18322          1     0.0473     1.9252      22.19     0.3368     0.2461  1.000e-12  0.1679000    10.9100    10.9093    -0.0007     8.5726     8.5720    112.417    114.899      0.772    1446.08    1446.08  0.000e+00
      22819    114.000     5.9558     5.9576     0.0017    1.18347    1.18346          1     0.0437     1.9117      82.08     0.3381     0.2076  1.000e-12  0.1742000    10.9119    10.9112    -0.0007     8.5741     8.5734    112.912    115.404      0.767    1446.09    1446.10  0.000e+00
      22835    114.500     5.9572     5.9589     0.0017    1.18377    1.18374          1     0.0404     1.8995      75.49     0.3365     0.2392  1.000e-12  0.1740000    10.9143    10.9135    -0.0008     8.5759     8.5752    113.407    115.909      0.695    1446.11    1446.12  0.000e+00
      22855    115.000     5.9583     5.9598     0.0015    1.18399    1.18398          1     0.0437     1.8868      87.76     0.3368     0.2712  1.000e-12  0.1730000    10.9160    10.9154    -0.0006     8.5772     8.5766    113.902    116.414      0.552    1446.13    1446.13  0.000e+00
      22881    115.500     5.9602     5.9619     0.0017    1.18441    1.18444          1     0.0442     1.8672      87.98     0.3375     0.2500  1.000e-12  0.1732000    10.9196    10.9193    -0.0003     8.5799     8.5795    114.397    116.919      0.406    1446.15    1446.15  0.000e+00
      22912    116.000     5.9638     5.9654     0.0016    1.18515    1.18518          1     0.0428     1.8459      87.49     0.3320     0.2502  1.000e-12  0.1838000    10.9256    10.9254    -0.0002     8.5844     8.5841    114.893    117.424      0.449    1446.18    1446.18  0.000e+00
      22935    116.500     5.9680     5.9693     0.0014    1.18596    1.18595          1     0.0439     1.8297      86.97     0.3347     0.2399  1.000e-12  0.1768000    10.9323    10.9318    -0.0005     8.5894     8.5889    115.388    117.929      0.572    1446.21    1446.22  0.000e+00
      22955    117.000     5.9715     5.9730     0.0014    1.18668    1.18666          1     0.0432     1.8171      86.46     0.3506     0.2069  1.000e-12  0.1679000    10.9382    10.9376    -0.0007     8.5938     8.5932    115.883    118.434      0.647    1446.24    1446.25  0.000e+00
      22972    117.500     5.9727     5.9743     0.0016    1.18703    1.18701          1     0.0433     1.8067      86.01     0.3516     0.2186  1.000e-12  0.1749000    10.9413    10.9406    -0.0007     8.5962     8.5955    116.378    118.939      0.690    1446.26    1446.26  0.000e+00
      22989    118.000     5.9748     5.9765     0.0017    1.18752    1.18753          1     0.0431     1.7943      85.48     0.3435     0.2353  1.000e-12  0.1660000    10.9454    10.9449    -0.0005     8.5993     8.5987    116.873    119.444      0.700    1446.28    1446.29  0.000e+00
      23007    118.500     5.9771     5.9787     0.0016    1.18795    1.18791          1     0.0434     1.7817      85.04     0.3396     0.2781  1.000e-12  0.1564000    10.9488    10.9479    -0.0009     8.6018     8.6010    117.368    119.949      0.672    1446.30    1446.31  0.000e+00
      23025    119.000     5.9789     5.9805     0.0015    1.18839    1.18837          1     0.0421     1.7679      88.42     0.3711     0.2108  1.000e-12  0.1738000    10.9525    10.9518    -0.0006     8.6046     8.6040    117.863    120.454      0.600    1446.32    1446.33  0.000e+00
      23048    119.500     5.9818     5.9834     0.0016    1.18908    1.18907          1     0.0424     1.7565      88.61     0.3448     0.2361  1.000e-12  0.1692000    10.9583    10.9578    -0.0005     8.6090     8.6084    118.358    120.958      0.481    1446.35    1446.36  0.000e+00
      23076    120.000     5.9837     5.9853     0.0016    1.18938    1.18936          1     0.0413     1.7378      84.99     0.3164     0.2650  1.000e-12  0.1680000    10.9606    10.9599    -0.0007     8.6107     8.6100    118.853    121.463      0.425    1446.37    1446.37  0.000e+00
      23102    120.500     5.9856     5.9870     0.0014    1.18977    1.18976          1     0.0413     1.7215      91.52     0.3470     0.2461  1.000e-12  0.1669000    10.9638    10.9633    -0.0006     8.6131     8.6126    119.348    121.968      0.572    1446.39    1446.39  0.000e+00
      23120    121.000     5.9871     5.9886     0.0015    1.19023    1.19020          1     0.0421     1.7113      82.65     0.3429     0.2243  1.000e-12  0.1680000    10.9678    10.9670    -0.0008     8.6161     8.6154    119.843    122.473      0.708    1446.41    1446.42  0.000e+00
      23136    121.500     5.9885     5.9901     0.0016    1.19057    1.19055          1     0.0409     1.7017      82.30     0.3393     0.1928  1.000e-12  0.1688000    10.9707    10.9700    -0.0007     8.6183     8.6177    120.338    122.978      0.739    1446.43    1446.43  0.000e+00
      23152    122.000     5.9903     5.9918     0.0015    1.19096    1.19094          1     0.0395     1.6919      81.82     0.3606     0.2175  1.000e-12  0.1922000    10.9739    10.9732    -0.0007     8.6207     8.6201    120.834    123.483      0.668    1446.45    1446.45  0.000e+00
      23173    122.500     5.9922     5.9937     0.0015    1.19131    1.19128          1     0.0384     1.6789      81.33     0.3393     0.2299  1.000e-12  0.1875000    10.9766    10.9759    -0.0007     8.6227     8.6221    121.329    123.988      0.526    1446.47    1446.47  0.000e+00
      23200    123.000     5.9939     5.9954     0.0015    1.19160    1.19158          1     0.0408     1.6635      80.65     0.3507     0.2164  1.000e-12  0.1821000    10.9789    10.9782    -0.0007     8.6245     8.6238    121.824    124.493      0.423    1446.48    1446.49  0.000e+00
      23228    123.500     5.9951     5.9968     0.0017    1.19182    1.19183          1     0.0395     1.6449      79.72     0.3527     0.2444  1.000e-12  0.1706000    10.9806    10.9802    -0.0004     8.6257     8.6253    122.319    124.998      0.490    1446.50    1446.51  0.000e+00
      23249    124.000     5.9959     5.9974     0.0015    1.19196    1.19193          1     0.0369     1.6341      79.39     0.3340     0.2831  1.000e-12  0.1685000    10.9817    10.9809    -0.0008     8.6265     8.6257    122.814    125.503      0.642    1446.51    1446.52  0.000e+00
      23266    124.500     5.9966     5.9981     0.0015    1.19211    1.19209          1     0.0371     1.6267      79.05     0.3343     0.2357  1.000e-12  0.1682000    10.9829    10.9822    -0.0007     8.6274     8.6268    123.309    126.008      0.725    1446.52    1446.53  0.000e+00
      23282    125.000     5.9969     5.9985     0.0016    1.19219    1.19217          1     0.0392     1.6187      78.59     0.3634     0.2194  1.000e-12  0.1749000    10.9834    10.9828    -0.0006     8.6278     8.6272    123.804    126.513      0.712    1446.53    1446.54  0.000e+00
      23300    125.500     5.9973     5.9988     0.0015    1.19227    1.19226          1     0.0390     1.6079      78.07     0.3356     0.2131  1.000e-12  0.1697000    10.9841    10.9834    -0.0007     8.6283     8.6277    124.299    127.017      0.612    1446.55    1446.55  0.000e+00
      23323    126.000     5.9974     5.9990     0.0016    1.19232    1.19230          1     0.0385     1.5957      77.47     0.3451     0.2517  1.000e-12  0.1606000    10.9844    10.9837    -0.0007     8.6285     8.6279    124.794    127.522      0.486    1446.55    1446.56  0.000e+00
      23349    126.500     5.9976     5.9992     0.0015    1.19240    1.19238          1     0.0383     1.5813      76.90     0.3481     0.2708  1.000e-12  0.1597000    10.9850    10.9843    -0.0007     8.6290     8.6283    125.289    128.027      0.465    1446.56    1446.57  0.000e+00
      23374    127.000     5.9990     6.0004     0.0014    1.19268    1.19266          1     0.0382     1.5705      76.06     0.3257     0.2075  1.000e-12  0.1689000    10.9873    10.9866    -0.0007     8.6307     8.6301    125.784    128.532      0.530    1446.58    1446.59  0.000e+00
      23395    127.500     5.9999     6.0014     0.0014    1.19286    1.19284          1     0.0389     1.5565      75.65     0.3236     0.2210  1.000e-12  0.1701000    10.9887    10.9881    -0.0007     8.6318     8.6312    126.279    129.037      0.577    1446.59    1446.60  0.000e+00
      23415    128.000     6.0016     6.0029     0.0013    1.19317    1.19313          1     0.0381     1.5476      75.36     0.3402     0.2507  1.000e-12  0.1615000    10.9912    10.9904    -0.0008     8.6336     8.6329    126.774    129.542      0.608    1446.61    1446.62  0.000e+00
      23435    128.500     6.0034     6.0048     0.0014    1.19349    1.19346          1     0.0384     1.5371      75.13     0.3513     0.2518  1.000e-12  0.1735000    10.9937    10.9929    -0.0008     8.6355     8.6348    127.269    130.047      0.621    1446.63    1446.64  0.000e+00
      23454    129.000     6.0045     6.0057     0.0013    1.19368    1.19365          1     0.0395     1.5274      74.63     0.3400     0.2219  1.000e-12  0.1686000    10.9951    10.9944    -0.0007     8.6365     8.6359    127.764    130.552      0.612    1446.65    1446.65  0.000e+00
      23474    129.500     6.0063     6.0076     0.0014    1.19404    1.19401          1     0.0384     1.5183      74.00     0.3371     0.2329  1.000e-12  0.1656000    10.9980    10.9973    -0.0007     8.6387     8.6381    128.259    131.057      0.597    1446.67    1446.67  0.000e+00
      23494    130.000     6.0069     6.0083     0.0015    1.19417    1.19416          1     0.0373     1.5092      73.49     0.3358     0.2433  1.000e-12  0.1632000    10.9991    10.9984    -0.0006     8.6395     8.6389    128.755    131.562      0.588    1446.68    1446.68  0.000e+00
      23514    130.500     6.0074     6.0087     0.0014    1.19425    1.19423          1     0.0358     1.4992      73.04     0.3403     0.2586  1.000e-12  0.1743000    10.9996    10.9989    -0.0006     8.6398     8.6392    129.250    132.067      0.604    1446.69    1446.69  0.000e+00
      23534    131.000     6.0083     6.0096     0.0013    1.19441    1.19438          1     0.0367     1.4891      72.57     0.3150     0.2731  1.000e-12  0.1673000    11.0008    11.0001    -0.0007     8.6407     8.6401    129.745    132.571      0.605    1446.70    1446.70  0.000e+00
      23555    131.500     6.0092     6.0106     0.0014    1.19459    1.19457          1     0.0369     1.4801      71.88     0.3170     0.1664  1.000e-12  0.1725000    11.0022    11.0015    -0.0007     8.6418     8.6411    130.240    133.076      0.531    1446.71    1446.72  0.000e+00
      23580    132.000     6.0101     6.0117     0.0015    1.19479    1.19477          1     0.0373     1.4692      71.24     0.3213     0.2666  1.000e-12  0.1729000    11.0038    11.0031    -0.0007     8.6430     8.6423    130.735    133.581      0.439    1446.73    1446.73  0.000e+00
      23608    132.500     6.0108     6.0124     0.0016    1.19491    1.19490          1     0.0362     1.4572      70.73     0.3463     0.2354  1.000e-12  0.1697000    11.0047    11.0040    -0.0007     8.6436     8.6430    131.230    134.086      0.523    1446.74    1446.75  0.000e+00
      23627    133.000     6.0117     6.0130     0.0013    1.19503    1.19501          1     0.0327     1.4456      70.45     0.3472     0.2722  1.000e-12  0.1713000    11.0055    11.0049    -0.0006     8.6442     8.6436    131.725    134.591      0.710    1446.75    1446.76  0.000e+00
      23642    133.500     6.0138     6.0151     0.0013    1.19543    1.19539          1     0.0339     1.4401      70.20     0.3380     0.2699  1.000e-12  0.1749000    11.0087    11.0079    -0.0008     8.6466     8.6459    132.220    135.096      0.812    1446.77    1446.78  0.000e+00
      23656    134.000     6.0149     6.0162     0.0013    1.19565    1.19563          1     0.0336     1.4349      69.58     0.3293     0.2225  1.000e-12  0.1829000    11.0104    11.0098    -0.0006     8.6479     8.6473    132.715    135.601      0.796    1446.79    1446.79  0.000e+00
      23672    134.500     6.0152     6.0167     0.0014    1.19573    1.19571          1     0.0346     1.4284      68.96     0.3271     0.2412  1.000e-12  0.1825000    11.0111    11.0104    -0.0007     8.6484     8.6477    133.210    136.106      0.632    1446.80    1446.80  0.000e+00
      23701    135.000     6.0152     6.0168     0.0016    1.19581    1.19576          1     0.0362     1.4152      68.22     0.3271     0.2643  1.000e-12  0.1714000    11.0117    11.0107    -0.0010     8.6489     8.6480    133.705    136.611      0.352    1446.81    1446.81  0.000e+00
      23738    135.500     6.0163     6.0178     0.0016    1.19607    1.19602          1     0.0326     1.4016      67.59     0.3385     0.2496  1.000e-12  0.1691000    11.0139    11.0129    -0.0010     8.6505     8.6497    134.200    137.116      0.489    1446.82    1446.83  0.000e+00
      23756    136.000     6.0169     6.0183     0.0014    1.19616    1.19614          1     0.0331     1.3937      67.23     0.3393     0.2369  1.000e-12  0.1711000    11.0145    11.0138    -0.0007     8.6510     8.6504    134.695    137.620      0.756    1446.83    1446.84  0.000e+00
      23770    136.500     6.0173     6.0188     0.0014    1.19624    1.19623          1     0.0337     1.3875      66.80     0.3373     0.2344  1.000e-12  0.1728000    11.0151    11.0145    -0.0006     8.6514     8.6508    135.190    138.125      0.886    1446.85    1446.85  0.000e+00
      23783    137.000     6.0180     6.0195     0.0016    1.19639    1.19638          1     0.0335     1.3822      66.36     0.3382     0.2108  1.000e-12  0.1692000    11.0163    11.0157    -0.0006     8.6523     8.6517    135.685    138.630      0.909    1446.86    1446.86  0.000e+00
      23796    137.500     6.0183     6.0199     0.0015    1.19646    1.19643          1     0.0340     1.3762      65.85     0.3388     0.2076  1.000e-12  0.1674000    11.0167    11.0160    -0.0007     8.6526     8.6520    136.180    139.135      0.822    1446.87    1446.87  0.000e+00
      23813    138.000     6.0185     6.0200     0.0015    1.19650    1.19647          1     0.0344     1.3696      65.26     0.3296     0.2315  1.000e-12  0.1780000    11.0170    11.0162    -0.0008     8.6529     8.6521    136.675    139.640      0.608    1446.88    1446.88  0.000e+00
      23843    138.500     6.0185     6.0201     0.0016    1.19656    1.19654          1     0.0339     1.3581      64.53     0.3463     0.2216  1.000e-12  0.1775000    11.0175    11.0168    -0.0007     8.6532     8.6526    137.170    140.145      0.342    1446.88    1446.89  0.000e+00
      23878    139.000     6.0188     6.0205     0.0016    1.19662    1.19660          1     0.0348     1.3444      63.92     0.3452     0.2105  1.000e-12  0.1684000    11.0179    11.0172    -0.0007     8.6535     8.6529    137.665    140.650      0.465    1446.89    1446.90  0.000e+00
      23899    139.500     6.0200     6.0213     0.0013    1.19681    1.19679          1     0.0359     1.3385      63.64     0.3269     0.2223  1.000e-12  0.1860000    11.0193    11.0187    -0.0006     8.6546     8.6540    138.160    141.155      0.703    1446.91    1446.91  0.000e+00
