ctdpy/exports/archive_20191121_122431/received_data/SBE09_1044_20180203_0252_34_02_0049.cnv
* Sea-Bird SBE 9 Data File:
* FileName = C:\ctd\temp\2018\ME18D049.hex
* Software Version Seasave V 7.26.6.26
* Temperature SN = 5351
* Conductivity SN = 3941
* Number of Bytes Per Scan = 41
* Number of Voltage Words = 4
* Number of Scans Averaged by the Deck Unit = 1
* NMEA Latitude = 56 57.39 N
* NMEA Longitude = 011 44.84 E
* NMEA UTC (Time) = Feb 03 2018  02:53:01
* NMEA baud rate = 4800
** Station:  L:a Middelgrund
** Operator:  SSip
** Ship: MERI
** Average sound velocity: 1471.22 m/s
** True-depth calculation Sat, 03 Feb 2018 03:51:45 +0000
** CTD Python Module SMHI /ver 3-12/ feb 2012 
** LIMS Job: 20183402-0049
** Cruise: SMHI-01-2018
** Latitude [GG MM.mm N] :
** Longitude [GG MM.mm E]:
# nquan = 26
# nvalues = 193                         
# units = specified
# name 0 = scan: Scan Count
# name 1 = prDM: Pressure, Digiquartz [db]
# name 2 = t090C: Temperature [ITS-90, deg C]
# name 3 = t190C: Temperature, 2 [ITS-90, deg C]
# name 4 = T2-T190C: Temperature Difference, 2 - 1 [ITS-90, deg C]
# name 5 = c0S/m: Conductivity [S/m]
# name 6 = c1S/m: Conductivity, 2 [S/m]
# name 7 = pumps: Pump Status
# name 8 = sbeox0ML/L: Oxygen, SBE 43 [ml/l]
# name 9 = sbeox1ML/L: Oxygen, SBE 43, 2 [ml/l]
# name 10 = altM: Altimeter [m]
# name 11 = flECO-AFL: Chl-a Fluorescence, WET Labs ECO-AFL/FL [mg/m^3]
# name 12 = flECO-AFL1: Phycocyanin Fluorescence, WET Labs ECO-AFL/FL, 2 [mg/m^3]
# name 13 = par: PAR/Irradiance, Biospherical/Lico [µE/(cm^2*s)]
# name 14 = turbWETntu0: Turbidity, WET Labs ECO [NTU]
# name 15 = sal00: Salinity, Practical [PSU]
# name 16 = sal11: Salinity, Practical, 2 [PSU]
# name 17 = secS-priS: Salinity, Practical, Difference, 2 - 1 [PSU]
# name 18 = sigma-t00: Density [sigma-t, Kg/m^3 ]
# name 19 = sigma-t11: Density, 2 [sigma-t, Kg/m^3 ]
# name 20 = depSM: Depth [salt water, m], lat = 56.9565
# name 21 = depFM: Depth [true depth, m], lat = 56.9565
# name 22 = dz/dtM: Descent Rate [m/s], WS = 2
# name 23 = svCM: Sound Velocity [Chen-Millero, m/s]
# name 24 = svCM1: Sound Velocity, 2 [Chen-Millero, m/s]
# name 25 = flag: flag
# span 0 =       7377,      11713       
# span 1 =      2.000,     98.000       
# span 2 =     3.4309,     6.8703       
# span 3 =     3.4296,     6.8708       
# span 4 =    -0.0312,     0.0446       
# span 5 =   1.853123,   3.385538       
# span 6 =   1.852592,   3.385729       
# span 7 =          1,          1       
# span 8 =    6.07338,    7.81551       
# span 9 =    6.05811,    7.80812       
# span 10 =       4.43,      98.64      
# span 11 =     0.1747,     1.1125      
# span 12 =     0.2486,     0.4817      
# span 13 = -8.333e-06, 4.1590e-02      
# span 14 =     0.3306,     2.6907      
# span 15 =    19.1877,    33.5074      
# span 16 =    19.1821,    33.5090      
# span 17 =    -0.1359,     0.1974      
# span 18 =    15.2645,    26.2606      
# span 19 =    15.2602,    26.2617      
# span 20 =      1.982,     97.077      
# span 21 =      2.006,     97.446      
# span 22 =     -0.092,      0.801      
# span 23 =    1443.90,    1477.89      
# span 24 =    1443.90,    1477.89      
# span 25 = 0.0000e+00, 0.0000e+00      
# interval = decibars: 0.5              
# start_time = Feb 03 2018 02:53:01 [NMEA time, first data scan]
# bad_flag = -9.990e-29
*END*
[from data line 112]
       9904     58.000     6.6471     6.6468    -0.0002    3.34773    3.34781          1     6.1701     6.1524      44.61     0.1992     0.3167  1.000e-12  1.5564000    33.3277    33.3288     0.0011    26.1486    26.1495     57.459     57.746      0.526    1476.14    1476.14  0.000e+00
       9926     58.500     6.6478     6.6471    -0.0007    3.34785    3.34789          1     6.1517     6.1563      44.09     0.2118     0.3580  1.000e-12  1.5308000    33.3280    33.3291     0.0011    26.1487    26.1497     57.955     58.242      0.572    1476.15    1476.15  0.000e+00
       9946     59.000     6.6542     6.6584     0.0043    3.34897    3.34992          1     6.1425     6.1538      43.69     0.2021     0.3283  1.000e-12  1.5920000    33.3338    33.3402     0.0064    26.1525    26.1570     58.450     58.738      0.609    1476.19    1476.21  0.000e+00
       9965     59.500     6.6675     6.6634    -0.0042    3.35130    3.35079          1     6.1417     6.1396      43.33     0.1992     0.3264  1.000e-12  1.5789000    33.3463    33.3448    -0.0015    26.1606    26.1599     58.945     59.235      0.611    1476.27    1476.25  0.000e+00
       9985     60.000     6.6882     6.6837    -0.0045    3.35490    3.35433          1     6.1355     6.1290      42.74     0.2025     0.3451  1.000e-12  1.5843000    33.3658    33.3638    -0.0019    26.1732    26.1723     59.441     59.731      0.547    1476.38    1476.36  0.000e+00
      10010     60.500     6.6932     6.6927    -0.0005    3.35577    3.35583          1     6.1362     6.1410      42.12     0.2042     0.3297  1.000e-12  1.6834000    33.3702    33.3714     0.0011    26.1761    26.1770     59.936     60.227      0.437    1476.41    1476.41  0.000e+00
      10040     61.000     6.6876     6.6864    -0.0011    3.35487    3.35477          1     6.1277     6.1441      41.51     0.1821     0.3178  1.000e-12  1.6099000    33.3656    33.3656     0.0000    26.1731    26.1733     60.431     60.723      0.422    1476.39    1476.39  0.000e+00
      10066     61.500     6.6956     6.6954    -0.0003    3.35618    3.35631          1     6.1355     6.1391      41.07     0.1798     0.3156  1.000e-12  1.6237000    33.3720    33.3736     0.0016    26.1771    26.1784     60.926     61.220      0.548    1476.44    1476.44  0.000e+00
      10085     62.000     6.6972     6.6964    -0.0008    3.35645    3.35647          1     6.1447     6.1360      40.67     0.1876     0.3003  1.000e-12  1.6301000    33.3731    33.3741     0.0010    26.1778    26.1787     61.422     61.716      0.649    1476.46    1476.45  0.000e+00
      10103     62.500     6.6983     6.6966    -0.0016    3.35664    3.35652          1     6.1440     6.1352      40.19     0.1991     0.3117  1.000e-12  1.6729000    33.3738    33.3742     0.0004    26.1782    26.1788     61.917     62.212      0.673    1476.47    1476.47  0.000e+00
      10121     63.000     6.7196     6.7181    -0.0016    3.35998    3.35988          1     6.1389     6.1372      39.69     0.1914     0.3157  1.000e-12  1.6438000    33.3898    33.3902     0.0004    26.1880    26.1885     62.412     62.709      0.608    1476.58    1476.58  0.000e+00
      10144     63.500     6.7246     6.7247     0.0001    3.36089    3.36102          1     6.1394     6.1388      39.13     0.1928     0.3130  1.000e-12  1.6716000    33.3946    33.3960     0.0014    26.1911    26.1922     62.907     63.205      0.457    1476.62    1476.62  0.000e+00
      10175     64.000     6.7299     6.7289    -0.0011    3.36183    3.36177          1     6.1348     6.1299      38.56     0.1913     0.3047  1.000e-12  1.6785000    33.3996    33.4000     0.0004    26.1943    26.1948     63.403     63.701      0.394    1476.65    1476.65  0.000e+00
      10202     64.500     6.7361     6.7363     0.0002    3.36287    3.36306          1     6.1311     6.1165      38.08     0.1962     0.3078  1.000e-12  1.6965000    33.4048    33.4067     0.0019    26.1976    26.1991     63.898     64.197      0.529    1476.69    1476.69  0.000e+00
      10222     65.000     6.7393     6.7393    -0.0000    3.36345    3.36362          1     6.1412     6.1123      37.65     0.1998     0.3002  1.000e-12  1.7776000    33.4078    33.4097     0.0019    26.1996    26.2011     64.393     64.694      0.630    1476.71    1476.72  0.000e+00
      10240     65.500     6.7422     6.7419    -0.0003    3.36399    3.36411          1     6.1427     6.1156      37.21     0.1992     0.2991  1.000e-12  1.8366000    33.4108    33.4124     0.0016    26.2015    26.2029     64.888     65.190      0.651    1476.74    1476.74  0.000e+00
      10259     66.000     6.7467     6.7464    -0.0003    3.36473    3.36484          1     6.1414     6.1207      36.69     0.1998     0.2989  1.000e-12  1.8682000    33.4142    33.4157     0.0015    26.2036    26.2049     65.384     65.686      0.590    1476.77    1476.77  0.000e+00
      10282     66.500     6.7546     6.7538    -0.0008    3.36606    3.36607          1     6.1340     6.1199      36.17     0.2103     0.3071  1.000e-12  1.8525000    33.4209    33.4218     0.0009    26.2079    26.2087     65.879     66.182      0.486    1476.82    1476.81  0.000e+00
      10309     67.000     6.7579     6.7580     0.0000    3.36664    3.36677          1     6.1270     6.1193      35.71     0.1796     0.3246  1.000e-12  1.9426000    33.4238    33.4253     0.0014    26.2097    26.2109     66.374     66.679      0.444    1476.84    1476.84  0.000e+00
      10335     67.500     6.7635     6.7633    -0.0002    3.36755    3.36768          1     6.1198     6.1177      35.12     0.1865     0.3238  1.000e-12  1.9432000    33.4283    33.4299     0.0016    26.2125    26.2138     66.869     67.175      0.476    1476.88    1476.88  0.000e+00
      10359     68.000     6.7720     6.7709    -0.0011    3.36897    3.36894          1     6.1130     6.1085      34.64     0.1758     0.3192  1.000e-12  1.9752000    33.4354    33.4360     0.0007    26.2169    26.2176     67.365     67.671      0.546    1476.93    1476.92  0.000e+00
      10379     68.500     6.7829     6.7825    -0.0005    3.37076    3.37088          1     6.1033     6.1010      34.15     0.1938     0.3160  1.000e-12  2.0822000    33.4441    33.4458     0.0017    26.2224    26.2238     67.860     68.167      0.613    1476.99    1476.99  0.000e+00
      10398     69.000     6.7946     6.7934    -0.0012    3.37265    3.37263          1     6.0959     6.0968      33.68     0.1992     0.2871  1.000e-12  2.1174000    33.4533    33.4542     0.0009    26.2281    26.2290     68.355     68.664      0.634    1477.05    1477.05  0.000e+00
      10417     69.500     6.8004     6.8000    -0.0004    3.37360    3.37371          1     6.0902     6.0995      33.19     0.1992     0.3620  1.000e-12  2.1200000    33.4579    33.4595     0.0016    26.2309    26.2322     68.850     69.160      0.582    1477.09    1477.09  0.000e+00
      10440     70.000     6.8013     6.8010    -0.0003    3.37382    3.37390          1     6.0945     6.0933      32.63     0.1965     0.3400  1.000e-12  2.1395000    33.4592    33.4603     0.0011    26.2318    26.2327     69.346     69.656      0.462    1477.10    1477.10  0.000e+00
      10470     70.500     6.8028     6.8027    -0.0000    3.37407    3.37419          1     6.0965     6.0885      32.04     0.1818     0.3193  1.000e-12  2.2772000    33.4603    33.4616     0.0013    26.2325    26.2335     69.841     70.152      0.408    1477.12    1477.12  0.000e+00
      10497     71.000     6.8065     6.8061    -0.0005    3.37464    3.37474          1     6.0942     6.0946      31.57     0.1924     0.3322  1.000e-12  2.2690000    33.4626    33.4642     0.0016    26.2338    26.2352     70.336     70.649      0.523    1477.14    1477.14  0.000e+00
      10518     71.500     6.8093     6.8094     0.0001    3.37513    3.37532          1     6.1012     6.0994      31.15     0.1747     0.3225  1.000e-12  2.3417000    33.4651    33.4670     0.0019    26.2354    26.2369     70.831     71.145      0.633    1477.17    1477.17  0.000e+00
      10535     72.000     6.8128     6.8133     0.0006    3.37572    3.37598          1     6.1037     6.0984      30.70     0.1984     0.3138  1.000e-12  2.3589000    33.4678    33.4702     0.0023    26.2371    26.2389     71.327     71.641      0.668    1477.19    1477.20  0.000e+00
      10554     72.500     6.8151     6.8152     0.0001    3.37611    3.37626          1     6.1029     6.0954      30.21     0.1992     0.3180  1.000e-12  2.3434000    33.4698    33.4713     0.0016    26.2383    26.2395     71.822     72.137      0.615    1477.21    1477.21  0.000e+00
      10575     73.000     6.8165     6.8168     0.0003    3.37636    3.37653          1     6.1017     6.0951      29.67     0.1949     0.3164  1.000e-12  2.3452000    33.4708    33.4724     0.0017    26.2389    26.2402     72.317     72.634      0.492    1477.23    1477.23  0.000e+00
      10604     73.500     6.8186     6.8187     0.0001    3.37674    3.37689          1     6.1020     6.0972      29.11     0.1988     0.3175  1.000e-12  2.3521000    33.4726    33.4743     0.0017    26.2401    26.2414     72.812     73.130      0.422    1477.25    1477.25  0.000e+00
      10630     74.000     6.8197     6.8197    -0.0001    3.37693    3.37708          1     6.0995     6.0829      28.61     0.2181     0.3166  1.000e-12  2.3671000    33.4735    33.4752     0.0017    26.2406    26.2420     73.308     73.626      0.531    1477.26    1477.26  0.000e+00
      10650     74.500     6.8200     6.8197    -0.0003    3.37701    3.37712          1     6.0973     6.0798      28.19     0.2211     0.3155  1.000e-12  2.4128000    33.4738    33.4753     0.0015    26.2408    26.2421     73.803     74.122      0.654    1477.27    1477.27  0.000e+00
      10667     75.000     6.8208     6.8205    -0.0003    3.37719    3.37727          1     6.0979     6.0845      27.75     0.2113     0.3149  1.000e-12  2.4999000    33.4748    33.4760     0.0012    26.2415    26.2425     74.298     74.619      0.703    1477.28    1477.28  0.000e+00
      10684     75.500     6.8211     6.8207    -0.0004    3.37725    3.37733          1     6.1061     6.0824      27.25     0.1948     0.3169  1.000e-12  2.5187000    33.4750    33.4762     0.0012    26.2416    26.2426     74.793     75.115      0.675    1477.29    1477.29  0.000e+00
      10703     76.000     6.8235     6.8226    -0.0009    3.37765    3.37765          1     6.1083     6.0799      26.71     0.1929     0.3160  1.000e-12  2.5189000    33.4767    33.4776     0.0009    26.2427    26.2435     75.288     75.611      0.570    1477.31    1477.31  0.000e+00
      10728     76.500     6.8253     6.8249    -0.0003    3.37797    3.37805          1     6.0962     6.0874      26.13     0.2037     0.3083  1.000e-12  2.5192000    33.4783    33.4795     0.0012    26.2437    26.2446     75.784     76.107      0.452    1477.33    1477.33  0.000e+00
      10756     77.000     6.8257     6.8260     0.0002    3.37806    3.37824          1     6.0952     6.0808      25.59     0.2066     0.3623  1.000e-12  2.5360000    33.4786    33.4803     0.0017    26.2438    26.2452     76.279     76.604      0.477    1477.34    1477.34  0.000e+00
      10778     77.500     6.8272     6.8269    -0.0003    3.37828    3.37840          1     6.1018     6.0740      25.14     0.1996     0.3692  1.000e-12  2.5275000    33.4794    33.4809     0.0015    26.2443    26.2456     76.774     77.100      0.592    1477.35    1477.35  0.000e+00
      10797     78.000     6.8275     6.8272    -0.0003    3.37838    3.37848          1     6.1044     6.0777      24.71     0.1992     0.3131  1.000e-12  2.5240000    33.4799    33.4813     0.0015    26.2446    26.2458     77.269     77.596      0.659    1477.36    1477.36  0.000e+00
      10814     78.500     6.8289     6.8287    -0.0002    3.37861    3.37875          1     6.1026     6.0799      24.24     0.1891     0.3151  1.000e-12  2.6379000    33.4809    33.4825     0.0016    26.2453    26.2466     77.765     78.092      0.647    1477.38    1477.38  0.000e+00
      10834     79.000     6.8306     6.8304    -0.0002    3.37893    3.37903          1     6.0966     6.0783      23.71     0.1936     0.3329  1.000e-12  2.6672000    33.4824    33.4838     0.0014    26.2462    26.2473     78.260     78.589      0.561    1477.40    1477.39  0.000e+00
      10858     79.500     6.8313     6.8310    -0.0003    3.37904    3.37913          1     6.0931     6.0796      23.15     0.1948     0.3379  1.000e-12  2.6331000    33.4827    33.4840     0.0013    26.2464    26.2474     78.755     79.085      0.493    1477.41    1477.41  0.000e+00
      10882     80.000     6.8351     6.8345    -0.0006    3.37963    3.37969          1     6.0953     6.0829      22.67     0.1918     0.3299  1.000e-12  2.6113000    33.4852    33.4865     0.0012    26.2478    26.2489     79.250     79.581      0.535    1477.43    1477.43  0.000e+00
      10903     80.500     6.8370     6.8365    -0.0005    3.37996    3.38003          1     6.0933     6.0868      22.24     0.1979     0.3276  1.000e-12  2.6441000    33.4868    33.4880     0.0013    26.2488    26.2499     79.745     80.077      0.604    1477.45    1477.45  0.000e+00
      10922     81.000     6.8379     6.8377    -0.0001    3.38010    3.38023          1     6.0909     6.0922      21.77     0.1870     0.3036  1.000e-12  2.6020000    33.4872    33.4888     0.0015    26.2490    26.2503     80.241     80.574      0.631    1477.46    1477.46  0.000e+00
      10941     81.500     6.8401     6.8404     0.0004    3.38049    3.38067          1     6.0803     6.0843      21.26     0.2062     0.3131  1.000e-12  2.6587000    33.4891    33.4909     0.0017    26.2502    26.2515     80.736     81.070      0.590    1477.48    1477.48  0.000e+00
      10963     82.000     6.8419     6.8422     0.0004    3.38078    3.38096          1     6.0734     6.0663      20.76     0.2114     0.3332  1.000e-12  2.5892000    33.4904    33.4919     0.0015    26.2510    26.2521     81.231     81.566      0.509    1477.50    1477.50  0.000e+00
      10988     82.500     6.8463     6.8464     0.0001    3.38146    3.38159          1     6.0854     6.0692      20.21     0.1984     0.3537  1.000e-12  2.6641000    33.4933    33.4947     0.0013    26.2527    26.2537     81.726     82.062      0.509    1477.53    1477.53  0.000e+00
      11010     83.000     6.8503     6.8496    -0.0007    3.38208    3.38213          1     6.0908     6.0812      19.71     0.1922     0.3466  1.000e-12  2.6907000    33.4960    33.4971     0.0011    26.2543    26.2553     82.221     82.559      0.571    1477.55    1477.55  0.000e+00
      11030     83.500     6.8518     6.8514    -0.0004    3.38235    3.38244          1     6.0864     6.0831      19.23     0.1991     0.3163  1.000e-12  2.5778000    33.4973    33.4986     0.0013    26.2551    26.2561     82.717     83.055      0.600    1477.57    1477.57  0.000e+00
      11050     84.000     6.8518     6.8519     0.0001    3.38237    3.38253          1     6.0808     6.0799      18.79     0.1998     0.3156  1.000e-12  2.6374000    33.4972    33.4988     0.0016    26.2551    26.2563     83.212     83.551      0.598    1477.58    1477.58  0.000e+00
      11071     84.500     6.8521     6.8522     0.0001    3.38246    3.38258          1     6.0847     6.0689      18.28     0.1782     0.2925  1.000e-12  2.6013000    33.4976    33.4988     0.0013    26.2553    26.2563     83.707     84.047      0.569    1477.59    1477.59  0.000e+00
      11093     85.000     6.8517     6.8517     0.0000    3.38240    3.38254          1     6.0926     6.0723      17.72     0.1832     0.2860  1.000e-12  2.5920000    33.4971    33.4987     0.0015    26.2550    26.2562     84.202     84.544      0.530    1477.59    1477.60  0.000e+00
