ctdpy/exports/archive_20191121_122431/received_data/SBE09_1044_20180416_2017_34_07_0009.cnv
* Sea-Bird SBE 9 Data File:
* FileName = C:\ctd\temp\2018\AU18D009.hex
* Software Version Seasave V 7.26.6.26
* Temperature SN = 5351
* Conductivity SN = 3941
* Number of Bytes Per Scan = 41
* Number of Voltage Words = 4
* Number of Scans Averaged by the Deck Unit = 1
* NMEA Latitude = 56 56.41 N
* NMEA Longitude = 012 12.71 E
* NMEA UTC (Time) = Apr 16 2018  20:17:12
* NMEA baud rate = 4800
** Station:  N14
** Operator:  SSip
** Ship: AURA
** Average sound velocity: 1463.16 m/s
** True-depth calculation Mon, 16 Apr 2018 21:09:20 +0000
** CTD Python Module SMHI /ver 3-12/ feb 2012 
** LIMS Job: 20183407-0009
** Cruise: SMHI-01-2018
** Latitude [GG MM.mm N] :
** Longitude [GG MM.mm E]:
# nquan = 26
# nvalues = 55                          
# units = specified
# name 0 = scan: Scan Count
# name 1 = prDM: Pressure, Digiquartz [db]
# name 2 = t090C: Temperature [ITS-90, deg C]
# name 3 = t190C: Temperature, 2 [ITS-90, deg C]
# name 4 = T2-T190C: Temperature Difference, 2 - 1 [ITS-90, deg C]
# name 5 = c0S/m: Conductivity [S/m]
# name 6 = c1S/m: Conductivity, 2 [S/m]
# name 7 = pumps: Pump Status
# name 8 = sbeox0ML/L: Oxygen, SBE 43 [ml/l]
# name 9 = sbeox1ML/L: Oxygen, SBE 43, 2 [ml/l]
# name 10 = altM: Altimeter [m]
# name 11 = flECO-AFL: Chl-a Fluorescence, WET Labs ECO-AFL/FL [mg/m^3]
# name 12 = flECO-AFL1: Phycocyanin Fluorescence, WET Labs ECO-AFL/FL, 2 [mg/m^3]
# name 13 = par: PAR/Irradiance, Biospherical/Lico [µE/(cm^2*s)]
# name 14 = turbWETntu0: Turbidity, WET Labs ECO [NTU]
# name 15 = sal00: Salinity, Practical [PSU]
# name 16 = sal11: Salinity, Practical, 2 [PSU]
# name 17 = secS-priS: Salinity, Practical, Difference, 2 - 1 [PSU]
# name 18 = sigma-t00: Density [sigma-t, Kg/m^3 ]
# name 19 = sigma-t11: Density, 2 [sigma-t, Kg/m^3 ]
# name 20 = depSM: Depth [salt water, m], lat = 56.9402
# name 21 = depFM: Depth [true depth, m], lat = 56.9402
# name 22 = dz/dtM: Descent Rate [m/s], WS = 2
# name 23 = svCM: Sound Velocity [Chen-Millero, m/s]
# name 24 = svCM1: Sound Velocity, 2 [Chen-Millero, m/s]
# name 25 = flag: flag
# span 0 =       6556,       7789       
# span 1 =      0.500,     27.500       
# span 2 =     4.5201,     6.4184       
# span 3 =     4.5220,     6.4196       
# span 4 =    -0.0283,     0.0261       
# span 5 =   1.958979,   3.415155       
# span 6 =   1.959115,   3.415230       
# span 7 =          1,          1       
# span 8 =    5.59965,    8.24818       
# span 9 =    5.52163,    8.17040       
# span 10 =       2.94,      28.79      
# span 11 =     0.7282,     4.9617      
# span 12 =     0.2512,     0.7992      
# span 13 = -1.122e-05, 2.1888e+00      
# span 14 =     0.3278,     1.0694      
# span 15 =    19.3079,    34.3182      
# span 16 =    19.3078,    34.3178      
# span 17 =    -0.0582,     0.0381      
# span 18 =    15.1691,    26.9599      
# span 19 =    15.1690,    26.9595      
# span 20 =      0.495,     27.246      
# span 21 =      0.502,     27.438      
# span 22 =     -0.061,      0.669      
# span 23 =    1449.77,    1475.98      
# span 24 =    1449.78,    1475.98      
# span 25 = 0.0000e+00, 0.0000e+00      
# interval = decibars: 0.5              
# start_time = Apr 16 2018 20:17:12 [NMEA time, first data scan]
# bad_flag = -9.990e-29
*END*
       6556      0.500     5.9674     5.9723     0.0066    2.00115    2.00189          1     8.1352     8.0444      28.79     0.7828     0.2654  2.114e+00  0.3326000    19.3282    19.3332     0.0050    15.1984    15.2019      0.495      0.502      0.144    1454.90    1454.92  0.000e+00
       6579      1.000     6.0723     6.0442    -0.0283    2.00586    2.00456          1     8.1120     8.0317      28.53     0.7883     0.2667  2.189e+00  0.3278000    19.3179    19.3202     0.0023    15.1811    15.1854      0.991      1.003      0.520    1455.33    1455.22  0.000e+00
       6598      1.500     6.1234     6.1236     0.0002    2.00828    2.00824          1     8.1009     8.0235      28.29     0.8698     0.3238  1.274e+00  0.3633000    19.3140    19.3136    -0.0005    15.1736    15.1732      1.486      1.505      0.669    1455.54    1455.54  0.000e+00
       6615      2.000     6.1203     6.1199    -0.0003    2.00819    2.00822          1     8.1061     8.0224      27.85     0.8855     0.3382  4.518e-01  0.3675000    19.3147    19.3152     0.0005    15.1744    15.1748      1.982      2.007      0.646    1455.54    1455.54  0.000e+00
       6635      2.500     6.1156     6.1238     0.0082    2.00804    2.00839          1     8.1191     8.0324      27.31     0.8874     0.3369  4.528e-01  0.3667000    19.3156    19.3147    -0.0009    15.1755    15.1741      2.477      2.508      0.574    1455.53    1455.56  0.000e+00
       6657      3.000     6.1146     6.1176     0.0029    2.00737    2.00763          1     8.1331     8.0526      26.74     0.8577     0.3019  1.633e-01  0.3635000    19.3090    19.3101     0.0011    15.1704    15.1710      2.973      3.010      0.540    1455.52    1455.54  0.000e+00
       6679      3.500     6.1188     6.1204     0.0015    2.00750    2.00758          1     8.1589     8.0754      26.20     0.7966     0.2978  1.452e-01  0.3586000    19.3079    19.3078    -0.0000    15.1691    15.1690      3.468      3.512      0.557    1455.55    1455.56  0.000e+00
       6701      4.000     6.1050     6.1052     0.0003    2.00678    2.00680          1     8.1511     8.0968      25.73     0.9024     0.2765  1.637e-01  0.3868000    19.3081    19.3081     0.0001    15.1705    15.1705      3.963      4.013      0.530    1455.50    1455.50  0.000e+00
       6725      4.500     6.0506     6.0426    -0.0077    2.00497    2.00476          1     8.1311     8.0860      25.22     0.9185     0.2915  1.683e-01  0.3771000    19.3198    19.3222     0.0024    15.1845    15.1871      4.459      4.515      0.487    1455.30    1455.27  0.000e+00
       6750      5.000     5.8450     5.8714     0.0261    1.99737    1.99819          1     8.0823     8.0635      24.68     0.8682     0.2799  1.334e-01  0.3705000    19.3568    19.3505    -0.0064    15.2315    15.2242      4.954      5.017      0.473    1454.50    1454.60  0.000e+00
       6775      5.500     5.6108     5.5954    -0.0155    1.98527    1.98446          1     8.1165     8.1288      24.17     0.8462     0.2783  1.093e-01  0.3906000    19.3627    19.3630     0.0002    15.2558    15.2572      5.449      5.518      0.500    1453.54    1453.47  0.000e+00
       6798      6.000     5.3898     5.3783    -0.0114    1.97334    1.97251          1     8.1611     8.1478      23.67     0.8634     0.2972  7.802e-02  0.3993000    19.3625    19.3603    -0.0022    15.2735    15.2727      5.945      6.020      0.540    1452.62    1452.56  0.000e+00
       6820      6.500     5.3762     5.3715    -0.0046    1.97235    1.97205          1     8.1584     8.1146      23.14     0.9185     0.3167  2.606e-02  0.3827000    19.3596    19.3591    -0.0005    15.2723    15.2722      6.440      6.521      0.543    1452.56    1452.54  0.000e+00
       6842      7.000     5.3169     5.3174     0.0002    1.96922    1.96921          1     8.1667     8.1080      22.65     0.9563     0.3191  1.591e-02  0.3824000    19.3602    19.3598    -0.0004    15.2774    15.2770      6.936      7.023      0.529    1452.32    1452.32  0.000e+00
       6866      7.500     5.2747     5.2757     0.0010    1.96731    1.96722          1     8.2482     8.1704      22.16     0.9655     0.3222  5.754e-04  0.3958000    19.3639    19.3624    -0.0015    15.2837    15.2824      7.431      7.525      0.502    1452.16    1452.16  0.000e+00
       6890      8.000     5.2883     5.2914     0.0031    1.97229    1.97289          1     8.2344     8.1630      21.61     1.0246     0.3034 -1.122e-05  0.3922000    19.4093    19.4140     0.0047    15.3184    15.3218      7.926      8.026      0.499    1452.28    1452.30  0.000e+00
       6913      8.500     5.2880     5.2871    -0.0010    1.98206    1.98215          1     8.1883     8.1404      21.15     1.1419     0.3619 -1.710e-10  0.4069000    19.5143    19.5158     0.0016    15.4012    15.4026      8.422      8.528      0.542    1452.42    1452.42  0.000e+00
       6934      9.000     5.0436     5.0382    -0.0053    1.97226    1.97191          1     8.1610     8.1251      20.61     1.2000     0.3843  1.000e-12  0.4267000    19.5513    19.5508    -0.0006    15.4493    15.4492      8.917      9.029      0.578    1451.44    1451.42  0.000e+00
       6955      9.500     4.8958     4.8975     0.0018    1.96790    1.96791          1     8.1596     8.1281      20.09     1.5292     0.4085  1.000e-12  0.4646000    19.5908    19.5898    -0.0010    15.4915    15.4906      9.413      9.531      0.569    1450.87    1450.88  0.000e+00
       6977     10.000     4.6920     4.6952     0.0031    1.95898    1.95911          1     8.1586     8.1129      19.60     1.6622     0.4286  1.000e-12  0.4941000    19.6137    19.6133    -0.0004    15.5243    15.5238      9.908     10.032      0.519    1450.04    1450.05  0.000e+00
       7001     10.500     4.6760     4.6776     0.0016    1.95923    1.95932          1     8.1445     8.0787      18.96     1.6926     0.4328  1.000e-12  0.4672000    19.6258    19.6258    -0.0000    15.5350    15.5349     10.403     10.534      0.484    1449.99    1450.00  0.000e+00
       7026     11.000     4.6568     4.6586     0.0019    1.95941    1.95949          1     8.1623     8.0705      18.31     1.6667     0.4139  1.000e-12  0.4458000    19.6390    19.6387    -0.0002    15.5468    15.5465     10.899     11.035      0.518    1449.93    1449.94  0.000e+00
       7048     11.500     4.6560     4.6576     0.0016    1.96030    1.96035          1     8.1379     8.0403      17.94     1.6288     0.4396  1.000e-12  0.4495000    19.6489    19.6486    -0.0004    15.5548    15.5544     11.394     11.537      0.575    1449.95    1449.96  0.000e+00
       7068     12.000     4.6449     4.6464     0.0016    1.96077    1.96081          1     7.6904     7.6178      17.29     1.6036     0.4255  1.000e-12  0.4648000    19.6605    19.6601    -0.0004    15.5647    15.5643     11.890     12.038      0.587    1449.93    1449.93  0.000e+00
       7089     12.500     4.6154     4.6173     0.0019    1.96380    1.96387          1     7.5952     7.5191      16.85     1.6005     0.4145  1.000e-12  0.4920000    19.7111    19.7107    -0.0004    15.6068    15.6063     12.385     12.540      0.552    1449.87    1449.88  0.000e+00
       7112     13.000     4.5201     4.5220     0.0019    1.98026    1.98045          1     7.6444     7.5362      16.31     1.4564     0.3753  1.000e-12  0.5087000    19.9488    19.9497     0.0009    15.8015    15.8021     12.880     13.041      0.503    1449.77    1449.78  0.000e+00
       7136     13.500     4.5950     4.5896    -0.0055    2.55499    2.54943          1     7.5746     7.4319      15.79     1.4101     0.3920  1.000e-12  0.5504000    26.3168    26.2586    -0.0582    20.8362    20.7906     13.376     13.541      0.499    1458.21    1458.11  0.000e+00
       7159     14.000     4.7729     4.7710    -0.0019    2.81715    2.81677          1     7.3472     7.1871      15.33     2.4940     0.4915  1.000e-12  0.5793000    29.1323    29.1297    -0.0027    23.0495    23.0476     13.871     14.039      0.541    1462.55    1462.54  0.000e+00
       7181     14.500     4.8255     4.8224    -0.0030    2.83996    2.83974          1     7.1860     7.0147      14.93     3.1855     0.5153  1.000e-12  0.6140000    29.3456    29.3458     0.0002    23.2132    23.2137     14.366     14.537      0.584    1463.05    1463.03  0.000e+00
       7201     15.000     4.8940     4.8991     0.0051    2.89803    2.90178          1     7.1300     6.9404      14.42     3.4508     0.6572  1.000e-12  0.6011000    29.9460    29.9841     0.0381    23.6818    23.7115     14.862     15.035      0.593    1464.10    1464.17  0.000e+00
       7221     15.500     5.0565     5.0526    -0.0034    2.98209    2.98330          1     6.9600     6.7278      13.75     3.6007     0.6402  1.000e-12  0.5813000    30.7549    30.7722     0.0174    24.3052    24.3194     15.357     15.532      0.559    1465.81    1465.82  0.000e+00
       7244     16.000     5.4643     5.4614    -0.0033    3.14827    3.14702          1     6.6264     6.3860      13.20     4.0425     0.7425  1.000e-12  0.6161000    32.2599    32.2485    -0.0114    25.4512    25.4425     15.852     16.029      0.511    1469.39    1469.36  0.000e+00
       7268     16.500     5.6471     5.6434    -0.0038    3.20650    3.20538          1     6.3066     6.1133      12.67     4.9617     0.7992  1.000e-12  0.6858000    32.7427    32.7337    -0.0090    25.8117    25.8050     16.348     16.526      0.506    1470.75    1470.72  0.000e+00
       7291     17.000     5.7907     5.7867    -0.0040    3.24327    3.24240          1     6.1211     5.9694      12.24     4.5723     0.7315  1.000e-12  0.6239000    33.0178    33.0120    -0.0059    26.0121    26.0079     16.843     17.022      0.549    1471.68    1471.66  0.000e+00
       7312     17.500     5.8515     5.8515     0.0000    3.26124    3.26109          1     6.0460     5.9124      11.70     3.9004     0.6883  1.000e-12  0.7567000    33.1606    33.1589    -0.0017    26.1175    26.1162     17.339     17.518      0.587    1472.11    1472.11  0.000e+00
       7332     18.000     5.9504     5.9502    -0.0001    3.28730    3.28729          1     5.9839     5.8562      11.24     3.7747     0.6336  1.000e-12  0.7014000    33.3565    33.3564    -0.0001    26.2601    26.2601     17.834     18.015      0.587    1472.77    1472.76  0.000e+00
       7353     18.500     6.0607     6.0595    -0.0012    3.32060    3.31996          1     5.8909     5.7699      10.82     3.4513     0.5872  1.000e-12  0.6930000    33.6213    33.6153    -0.0060    26.4556    26.4510     18.329     18.511      0.551    1473.55    1473.54  0.000e+00
       7376     19.000     6.1527     6.1524    -0.0002    3.34606    3.34585          1     5.8065     5.6996      10.24     2.8142     0.5470  1.000e-12  0.7563000    33.8154    33.8133    -0.0021    26.5974    26.5957     18.825     19.007      0.509    1474.16    1474.16  0.000e+00
       7400     19.500     6.1877     6.1866    -0.0010    3.35567    3.35521          1     5.7573     5.6693       9.80     2.2119     0.4980  1.000e-12  0.8160000    33.8881    33.8840    -0.0041    26.6503    26.6471     19.320     19.503      0.509    1474.40    1474.39  0.000e+00
       7423     20.000     6.2277     6.2287     0.0009    3.36611    3.36628          1     5.7336     5.6558       9.37     2.1031     0.4593  1.000e-12  0.7790000    33.9647    33.9657     0.0010    26.7056    26.7063     19.815     19.999      0.553    1474.67    1474.67  0.000e+00
       7444     20.500     6.2520     6.2557     0.0037    3.37257    3.37379          1     5.7192     5.6471       8.87     1.8102     0.4369  1.000e-12  0.7970000    34.0125    34.0224     0.0099    26.7403    26.7476     20.311     20.495      0.584    1474.83    1474.86  0.000e+00
       7464     21.000     6.2696     6.2703     0.0007    3.37864    3.37877          1     5.7153     5.6513       8.43     1.5748     0.4097  1.000e-12  0.7582000    34.0626    34.0633     0.0008    26.7775    26.7780     20.806     20.991      0.578    1474.97    1474.98  0.000e+00
       7485     21.500     6.2827     6.2820    -0.0008    3.38172    3.38152          1     5.7147     5.6424       8.24     1.8407     0.3953  1.000e-12  0.7694000    34.0837    34.0822    -0.0015    26.7925    26.7914     21.302     21.487      0.542    1475.06    1475.05  0.000e+00
       7508     22.000     6.2969     6.2964    -0.0006    3.38488    3.38459          1     5.6975     5.6170       8.28     1.7606     0.4030  1.000e-12  0.8226000    34.1045    34.1019    -0.0027    26.8071    26.8051     21.797     21.983      0.509    1475.15    1475.14  0.000e+00
       7532     22.500     6.3101     6.3119     0.0018    3.38784    3.38805          1     5.6919     5.6156       7.97     1.5709     0.3830  1.000e-12  0.8213000    34.1242    34.1248     0.0005    26.8210    26.8211     22.292     22.479      0.519    1475.23    1475.24  0.000e+00
       7554     23.000     6.3262     6.3239    -0.0021    3.39181    3.39096          1     5.6853     5.6030       7.62     1.5144     0.3528  1.000e-12  0.7810000    34.1521    34.1449    -0.0072    26.8409    26.8355     22.788     22.975      0.560    1475.34    1475.32  0.000e+00
       7575     23.500     6.3854     6.3828    -0.0028    3.40679    3.40584          1     5.6535     5.5736       7.18     1.2781     0.3382  1.000e-12  0.8121000    34.2599    34.2518    -0.0081    26.9182    26.9122     23.283     23.471      0.579    1475.72    1475.70  0.000e+00
       7596     24.000     6.3960     6.3962     0.0002    3.40966    3.40951          1     5.6272     5.5445       6.69     0.9124     0.3522  1.000e-12  0.9079000    34.2809    34.2790    -0.0019    26.9335    26.9319     23.778     23.967      0.561    1475.79    1475.79  0.000e+00
       7618     24.500     6.4013     6.4019     0.0006    3.41112    3.41101          1     5.6168     5.5317       6.18     0.8977     0.2578  1.000e-12  0.8971000    34.2916    34.2898    -0.0018    26.9412    26.9397     24.274     24.463      0.526    1475.84    1475.84  0.000e+00
       7642     25.000     6.4053     6.4061     0.0008    3.41202    3.41206          1     5.6137     5.5350       5.67     0.8124     0.3111  1.000e-12  0.8991000    34.2974    34.2971    -0.0004    26.9453    26.9449     24.769     24.959      0.516    1475.87    1475.87  0.000e+00
       7665     25.500     6.4086     6.4095     0.0009    3.41286    3.41293          1     5.6085     5.5264       5.18     0.8592     0.3246  1.000e-12  0.9150000    34.3032    34.3030    -0.0002    26.9494    26.9491     25.264     25.454      0.537    1475.90    1475.90  0.000e+00
       7686     26.000     6.4119     6.4127     0.0008    3.41368    3.41368          1     5.5996     5.5216       4.70     0.8132     0.2795  1.000e-12  0.9707000    34.3087    34.3080    -0.0008    26.9533    26.9526     25.760     25.950      0.560    1475.92    1475.93  0.000e+00
       7708     26.500     6.4137     6.4146     0.0008    3.41407    3.41410          1     5.6069     5.5340       4.22     0.7282     0.2512  1.000e-12  1.0371000    34.3111    34.3106    -0.0005    26.9549    26.9544     26.255     26.446      0.553    1475.94    1475.95  0.000e+00
       7730     27.000     6.4184     6.4196     0.0011    3.41515    3.41523          1     5.5999     5.5301       3.71     0.7656     0.3344  1.000e-12  1.0694000    34.3182    34.3178    -0.0003    26.9599    26.9595     26.750     26.942      0.506    1475.98    1475.98  0.000e+00
       7789     27.500     6.4141     6.4161     0.0021    3.41407    3.41445          1     5.6188     5.5363       2.94     0.9119     0.3527  1.000e-12  0.9959000    34.3102    34.3124     0.0023    26.9542    26.9557     27.246     27.438     -0.061    1475.96    1475.97  0.000e+00
