ctdpy/exports/archive_20191121_122431/received_data/SBE09_1044_20180418_0901_34_07_0016.cnv
* Sea-Bird SBE 9 Data File:
* FileName = C:\ctd\temp\2018\AU18D016.hex
* Software Version Seasave V 7.26.6.26
* Temperature SN = 5351
* Conductivity SN = 3941
* Number of Bytes Per Scan = 41
* Number of Voltage Words = 4
* Number of Scans Averaged by the Deck Unit = 1
* NMEA Latitude = 55 33.31 N
* NMEA Longitude = 018 24.00 E
* NMEA UTC (Time) = Apr 18 2018  09:01:31
* NMEA baud rate = 4800
** Station:  BCS III-10
** Operator:  A-KTh
** Ship: AURA
** Average sound velocity: 1430.08 m/s
** True-depth calculation Wed, 18 Apr 2018 10:56:58 +0000
** CTD Python Module SMHI /ver 3-12/ feb 2012 
** LIMS Job: 20183407-0016
** Cruise: SMHI-01-2018
** Latitude [GG MM.mm N] :
** Longitude [GG MM.mm E]:
# nquan = 26
# nvalues = 169                         
# units = specified
# name 0 = scan: Scan Count
# name 1 = prDM: Pressure, Digiquartz [db]
# name 2 = t090C: Temperature [ITS-90, deg C]
# name 3 = t190C: Temperature, 2 [ITS-90, deg C]
# name 4 = T2-T190C: Temperature Difference, 2 - 1 [ITS-90, deg C]
# name 5 = c0S/m: Conductivity [S/m]
# name 6 = c1S/m: Conductivity, 2 [S/m]
# name 7 = pumps: Pump Status
# name 8 = sbeox0ML/L: Oxygen, SBE 43 [ml/l]
# name 9 = sbeox1ML/L: Oxygen, SBE 43, 2 [ml/l]
# name 10 = altM: Altimeter [m]
# name 11 = flECO-AFL: Chl-a Fluorescence, WET Labs ECO-AFL/FL [mg/m^3]
# name 12 = flECO-AFL1: Phycocyanin Fluorescence, WET Labs ECO-AFL/FL, 2 [mg/m^3]
# name 13 = par: PAR/Irradiance, Biospherical/Lico [µE/(cm^2*s)]
# name 14 = turbWETntu0: Turbidity, WET Labs ECO [NTU]
# name 15 = sal00: Salinity, Practical [PSU]
# name 16 = sal11: Salinity, Practical, 2 [PSU]
# name 17 = secS-priS: Salinity, Practical, Difference, 2 - 1 [PSU]
# name 18 = sigma-t00: Density [sigma-t, Kg/m^3 ]
# name 19 = sigma-t11: Density, 2 [sigma-t, Kg/m^3 ]
# name 20 = depSM: Depth [salt water, m], lat = 55.5552
# name 21 = depFM: Depth [true depth, m], lat = 55.5552
# name 22 = dz/dtM: Descent Rate [m/s], WS = 2
# name 23 = svCM: Sound Velocity [Chen-Millero, m/s]
# name 24 = svCM1: Sound Velocity, 2 [Chen-Millero, m/s]
# name 25 = flag: flag
# span 0 =       8826,      12884       
# span 1 =      1.000,     85.000       
# span 2 =     3.0071,     6.5054       
# span 3 =     3.0083,     6.5274       
# span 4 =    -0.0223,     0.1060       
# span 5 =   0.765342,   1.236469       
# span 6 =   0.765325,   1.243532       
# span 7 =          1,          1       
# span 8 =    0.81367,    9.12939       
# span 9 =    0.71341,    8.99468       
# span 10 =       2.06,      98.70      
# span 11 =     0.3081,     0.8888      
# span 12 =     0.1688,     0.3381      
# span 13 = -1.970e-05, 1.6702e+03      
# span 14 =     0.1097,     0.4174      
# span 15 =     7.4586,    11.2634      
# span 16 =     7.4583,    11.3256      
# span 17 =    -0.0059,     0.1550      
# span 18 =     5.9425,     8.8135      
# span 19 =     5.9420,     8.8607      
# span 20 =      0.991,     84.212      
# span 21 =      1.013,     86.039      
# span 22 =     -0.208,      0.568      
# span 23 =    1427.44,    1448.39      
# span 24 =    1427.45,    1448.57      
# span 25 = 0.0000e+00, 0.0000e+00      
# interval = decibars: 0.5              
# start_time = Apr 18 2018 09:01:31 [NMEA time, first data scan]
# bad_flag = -9.990e-29
*END*
       8826      1.000     3.3861     3.3839    -0.0023    0.77230    0.77219          1     9.0340     8.9273      97.52     0.5210     0.2647  1.670e+03  0.1544000     7.4610     7.4603    -0.0007     5.9435     5.9430      0.991      1.013      0.104    1428.56    1428.55  0.000e+00
       8894      1.500     3.3773     3.3873     0.0100    0.77212    0.77228          1     9.0405     8.9221      97.53     0.5302     0.2355  8.514e+02  0.1778000     7.4611     7.4604    -0.0006     5.9437     5.9430      1.486      1.519      0.261    1428.53    1428.58  0.000e+00
       8931      2.000     3.4047     3.4100     0.0053    0.77271    0.77277          1     9.0746     8.9397      97.52     0.6191     0.2543  4.680e+02  0.1797000     7.4608     7.4602    -0.0006     5.9431     5.9425      1.982      2.025      0.327    1428.66    1428.69  0.000e+00
       8969      2.500     3.4105     3.4116     0.0011    0.77285    0.77281          1     9.0930     8.9415      97.53     0.5861     0.2689  4.009e+02  0.1669000     7.4608     7.4602    -0.0006     5.9430     5.9425      2.477      2.531      0.333    1428.70    1428.70  0.000e+00
       9002      3.000     3.4112     3.4132     0.0020    0.77286    0.77285          1     9.0904     8.9347      97.53     0.5712     0.2676  3.499e+02  0.1585000     7.4607     7.4602    -0.0005     5.9429     5.9424      2.973      3.038      0.377    1428.71    1428.72  0.000e+00
       9033      3.500     3.4079     3.4064    -0.0015    0.77278    0.77268          1     9.0957     8.9559      97.52     0.6093     0.2914  2.959e+02  0.1744000     7.4606     7.4599    -0.0007     5.9428     5.9423      3.468      3.544      0.396    1428.70    1428.69  0.000e+00
       9064      4.000     3.4077     3.4091     0.0014    0.77278    0.77277          1     9.0933     8.9571      97.54     0.6799     0.2891  2.677e+02  0.1660000     7.4605     7.4601    -0.0004     5.9428     5.9424      3.964      4.050      0.380    1428.71    1428.71  0.000e+00
       9094      4.500     3.4140     3.4171     0.0031    0.77293    0.77295          1     9.0906     8.9591      97.53     0.6981     0.2847  2.207e+02  0.1813000     7.4606     7.4601    -0.0005     5.9428     5.9423      4.459      4.556      0.433    1428.74    1428.76  0.000e+00
       9121      5.000     3.4158     3.4148    -0.0008    0.77297    0.77290          1     9.0909     8.9766      97.53     0.7571     0.2683  2.047e+02  0.1884000     7.4605     7.4600    -0.0005     5.9426     5.9423      4.955      5.063      0.441    1428.76    1428.76  0.000e+00
       9149      5.500     3.3987     3.4012     0.0024    0.77258    0.77258          1     9.0954     8.9873      93.92     0.7894     0.2878  1.716e+02  0.1883000     7.4603     7.4597    -0.0006     5.9428     5.9422      5.450      5.569      0.432    1428.69    1428.70  0.000e+00
       9176      6.000     3.4006     3.4121     0.0115    0.77263    0.77284          1     9.0910     8.9732      90.25     0.7975     0.2734  1.579e+02  0.1814000     7.4604     7.4599    -0.0005     5.9428     5.9422      5.946      6.075      0.455    1428.71    1428.76  0.000e+00
       9201      6.500     3.4086     3.4101     0.0015    0.77282    0.77280          1     9.0998     8.9580      97.53     0.8016     0.2483  1.388e+02  0.1827000     7.4604     7.4599    -0.0006     5.9427     5.9422      6.441      6.581      0.477    1428.75    1428.76  0.000e+00
       9226      7.000     3.4076     3.4097     0.0021    0.77280    0.77279          1     9.1294     8.9947      97.54     0.8213     0.2784  1.232e+02  0.1747000     7.4604     7.4597    -0.0006     5.9427     5.9421      6.936      7.088      0.482    1428.75    1428.76  0.000e+00
       9251      7.500     3.4168     3.4142    -0.0026    0.77303    0.77290          1     9.0893     8.9808      97.52     0.8621     0.3058  1.102e+02  0.1793000     7.4606     7.4598    -0.0008     5.9427     5.9421      7.432      7.594      0.499    1428.80    1428.79  0.000e+00
       9275      8.000     3.4028     3.4151     0.0126    0.77267    0.77292          1     9.0645     8.9322      97.51     0.8888     0.3381  9.971e+01  0.1865000     7.4600     7.4597    -0.0003     5.9425     5.9420      7.927      8.100      0.517    1428.75    1428.80  0.000e+00
       9298      8.500     3.2842     3.3056     0.0211    0.76991    0.77036          1     9.0554     8.9096      97.50     0.8336     0.2242  8.979e+01  0.1652000     7.4586     7.4584    -0.0003     5.9431     5.9426      8.423      8.606      0.518    1428.21    1428.31  0.000e+00
       9321      9.000     3.2772     3.2682    -0.0090    0.76978    0.76953          1     9.0339     8.9093      97.52     0.5552     0.2579  8.137e+01  0.1430000     7.4589     7.4583    -0.0006     5.9434     5.9431      8.918      9.113      0.514    1428.19    1428.15  0.000e+00
       9344      9.500     3.2628     3.2574    -0.0055    0.76951    0.76934          1     9.0174     8.9108      97.51     0.6026     0.2632  7.280e+01  0.1487000     7.4593     7.4588    -0.0005     5.9440     5.9436      9.414      9.619      0.530    1428.13    1428.11  0.000e+00
       9366     10.000     3.2344     3.2420     0.0078    0.76893    0.76902          1     9.0000     8.9010      97.50     0.5695     0.2636  6.641e+01  0.1381000     7.4597     7.4589    -0.0008     5.9447     5.9439      9.909     10.125      0.559    1428.01    1428.04  0.000e+00
       9387     10.500     3.2247     3.2239    -0.0010    0.76873    0.76866          1     8.9967     8.8923      97.51     0.5909     0.2360  6.031e+01  0.1465000     7.4599     7.4593    -0.0006     5.9449     5.9444     10.405     10.631      0.550    1427.97    1427.97  0.000e+00
       9410     11.000     3.2177     3.2167    -0.0010    0.76861    0.76854          1     9.0015     8.8809      97.50     0.5751     0.2016  5.519e+01  0.1492000     7.4601     7.4597    -0.0004     5.9452     5.9448     10.900     11.138      0.509    1427.95    1427.94  0.000e+00
       9434     11.500     3.2263     3.2312     0.0049    0.76883    0.76890          1     9.0008     8.8833      97.51     0.5600     0.2358  5.066e+01  0.1479000     7.4604     7.4599    -0.0005     5.9453     5.9449     11.395     11.644      0.499    1428.00    1428.02  0.000e+00
       9458     12.000     3.2299     3.2383     0.0083    0.76894    0.76908          1     9.0091     8.8789      97.46     0.5602     0.2644  4.574e+01  0.1492000     7.4606     7.4601    -0.0005     5.9454     5.9449     11.891     12.150      0.519    1428.02    1428.06  0.000e+00
       9481     12.500     3.2247     3.2325     0.0077    0.76884    0.76897          1     9.0071     8.8646      97.47     0.5570     0.2222  4.260e+01  0.1495000     7.4607     7.4603    -0.0004     5.9455     5.9451     12.386     12.656      0.519    1428.00    1428.04  0.000e+00
       9504     13.000     3.2132     3.2017    -0.0113    0.76863    0.76829          1     8.9893     8.8581      97.46     0.5656     0.2718  3.995e+01  0.1448000     7.4611     7.4603    -0.0008     5.9460     5.9455     12.882     13.163      0.512    1427.96    1427.91  0.000e+00
       9527     13.500     3.1892     3.1969     0.0075    0.76812    0.76823          1     8.9829     8.8717      97.47     0.5639     0.2259  3.629e+01  0.1381000     7.4613     7.4606    -0.0007     5.9465     5.9458     13.377     13.669      0.523    1427.86    1427.89  0.000e+00
       9550     14.000     3.1889     3.1884    -0.0004    0.76814    0.76809          1     8.9911     8.8786      97.48     0.5411     0.2148  3.336e+01  0.1499000     7.4615     7.4610    -0.0005     5.9467     5.9463     13.873     14.175      0.535    1427.87    1427.86  0.000e+00
       9572     14.500     3.1895     3.2170     0.0272    0.76817    0.76874          1     8.9634     8.8633      97.47     0.5770     0.2709  3.093e+01  0.1549000     7.4616     7.4612    -0.0004     5.9467     5.9461     14.368     14.682      0.529    1427.88    1428.00  0.000e+00
       9595     15.000     3.1915     3.1755    -0.0159    0.76821    0.76783          1     8.9751     8.8678      97.48     0.5473     0.3157  2.866e+01  0.1611000     7.4615     7.4612    -0.0003     5.9467     5.9466     14.864     15.188      0.517    1427.89    1427.82  0.000e+00
       9619     15.500     3.1423     3.1437     0.0015    0.76714    0.76712          1     8.9812     8.8657      97.47     0.5044     0.2568  2.634e+01  0.1474000     7.4616     7.4611    -0.0005     5.9473     5.9469     15.359     15.694      0.521    1427.68    1427.68  0.000e+00
       9641     16.000     3.1801     3.1859     0.0054    0.76803    0.76808          1     8.9576     8.8530      97.47     0.4791     0.2214  2.425e+01  0.1400000     7.4621     7.4613    -0.0008     5.9472     5.9465     15.854     16.200      0.542    1427.86    1427.88  0.000e+00
       9663     16.500     3.1601     3.1574    -0.0025    0.76760    0.76750          1     8.9571     8.8411      97.48     0.4964     0.1809  2.253e+01  0.1331000     7.4622     7.4618    -0.0003     5.9475     5.9473     16.350     16.707      0.558    1427.77    1427.76  0.000e+00
       9685     17.000     3.1306     3.1322     0.0015    0.76696    0.76695          1     8.9621     8.8297      97.49     0.5156     0.2574  2.095e+01  0.1387000     7.4623     7.4618    -0.0005     5.9480     5.9476     16.845     17.213      0.552    1427.65    1427.65  0.000e+00
       9707     17.500     3.1294     3.1298     0.0005    0.76698    0.76694          1     8.9561     8.8267      97.49     0.4833     0.2246  1.932e+01  0.1580000     7.4627     7.4622    -0.0006     5.9483     5.9479     17.341     17.719      0.538    1427.65    1427.65  0.000e+00
       9729     18.000     3.1409     3.1407    -0.0003    0.76728    0.76722          1     8.9546     8.8411      97.52     0.5046     0.2055  1.783e+01  0.1421000     7.4631     7.4625    -0.0006     5.9485     5.9480     17.836     18.225      0.534    1427.71    1427.71  0.000e+00
       9751     18.500     3.1353     3.1368     0.0016    0.76717    0.76716          1     8.9536     8.8500      97.53     0.5051     0.2297  1.664e+01  0.1485000     7.4631     7.4627    -0.0004     5.9486     5.9482     18.332     18.732      0.547    1427.69    1427.70  0.000e+00
       9773     19.000     3.1381     3.1398     0.0017    0.76726    0.76723          1     8.9426     8.8311      97.52     0.5248     0.2074  1.551e+01  0.1489000     7.4634     7.4627    -0.0007     5.9488     5.9482     18.827     19.238      0.563    1427.71    1427.72  0.000e+00
       9794     19.500     3.1419     3.1492     0.0073    0.76733    0.76746          1     8.9346     8.8262      97.53     0.5061     0.2217  1.437e+01  0.1455000     7.4632     7.4629    -0.0003     5.9486     5.9482     19.322     19.744      0.559    1427.74    1427.77  0.000e+00
       9816     20.000     3.1073     3.1098     0.0025    0.76655    0.76656          1     8.9392     8.8303      97.53     0.4992     0.2050  1.336e+01  0.1383000     7.4630     7.4625    -0.0005     5.9488     5.9483     19.818     20.250      0.540    1427.59    1427.60  0.000e+00
       9839     20.500     3.1064     3.1074     0.0010    0.76655    0.76652          1     8.9415     8.8225      97.51     0.4856     0.1898  1.244e+01  0.1339000     7.4631     7.4626    -0.0005     5.9489     5.9485     20.313     20.757      0.534    1427.59    1427.59  0.000e+00
       9861     21.000     3.1072     3.1083     0.0011    0.76658    0.76656          1     8.9380     8.8097      97.51     0.4482     0.1860  1.166e+01  0.1369000     7.4632     7.4627    -0.0005     5.9489     5.9485     20.809     21.263      0.543    1427.60    1427.61  0.000e+00
       9883     21.500     3.1036     3.1064     0.0027    0.76652    0.76654          1     8.9378     8.8137      97.54     0.4686     0.1972  1.088e+01  0.1361000     7.4633     7.4629    -0.0005     5.9491     5.9487     21.304     21.769      0.559    1427.59    1427.61  0.000e+00
       9904     22.000     3.1024     3.1048     0.0025    0.76651    0.76652          1     8.9322     8.8158      97.54     0.4557     0.2241  1.009e+01  0.1294000     7.4634     7.4629    -0.0005     5.9492     5.9488     21.799     22.275      0.566    1427.60    1427.61  0.000e+00
       9925     22.500     3.1002     3.1021     0.0019    0.76649    0.76648          1     8.9307     8.8118      97.58     0.4474     0.2530  9.365e+00  0.1354000     7.4636     7.4631    -0.0005     5.9494     5.9490     22.295     22.782      0.549    1427.59    1427.60  0.000e+00
       9948     23.000     3.0921     3.0933     0.0012    0.76636    0.76633          1     8.9317     8.8127      97.54     0.4686     0.2545  8.770e+00  0.1326000     7.4641     7.4636    -0.0005     5.9498     5.9494     22.790     23.288      0.527    1427.57    1427.57  0.000e+00
       9971     23.500     3.0916     3.0932     0.0015    0.76639    0.76636          1     8.9274     8.8110      97.58     0.4740     0.2342  8.202e+00  0.1337000     7.4644     7.4638    -0.0006     5.9501     5.9496     23.286     23.794      0.541    1427.57    1427.58  0.000e+00
       9992     24.000     3.0869     3.0918     0.0049    0.76632    0.76636          1     8.9233     8.8065      97.62     0.4638     0.2234  7.636e+00  0.1370000     7.4647     7.4640    -0.0007     5.9504     5.9498     23.781     24.300      0.565    1427.56    1427.58  0.000e+00
      10013     24.500     3.0773     3.0797     0.0024    0.76612    0.76612          1     8.9181     8.7938      97.57     0.4573     0.2323  7.131e+00  0.1361000     7.4648     7.4643    -0.0005     5.9506     5.9501     24.277     24.807      0.563    1427.52    1427.53  0.000e+00
      10035     25.000     3.0712     3.0699    -0.0014    0.76599    0.76590          1     8.9219     8.7848      97.58     0.4577     0.2574  6.645e+00  0.1307000     7.4648     7.4642    -0.0006     5.9506     5.9502     24.772     25.313      0.540    1427.50    1427.50  0.000e+00
      10057     25.500     3.0617     3.0631     0.0014    0.76577    0.76576          1     8.9243     8.7882      97.56     0.4684     0.1910  6.211e+00  0.1369000     7.4647     7.4642    -0.0005     5.9506     5.9502     25.267     25.819      0.536    1427.47    1427.47  0.000e+00
      10080     26.000     3.0570     3.0583     0.0014    0.76568    0.76566          1     8.9182     8.7942      97.55     0.4796     0.2558  5.829e+00  0.1367000     7.4647     7.4642    -0.0006     5.9507     5.9503     25.763     26.325      0.553    1427.45    1427.46  0.000e+00
      10101     26.500     3.0594     3.0607     0.0013    0.76575    0.76574          1     8.9118     8.8021      97.60     0.4650     0.2886  5.450e+00  0.1368000     7.4649     7.4643    -0.0005     5.9508     5.9504     26.258     26.832      0.560    1427.47    1427.48  0.000e+00
      10122     27.000     3.0558     3.0564     0.0006    0.76569    0.76565          1     8.9135     8.7952      97.63     0.4556     0.2604  5.086e+00  0.1368000     7.4650     7.4644    -0.0005     5.9509     5.9505     26.754     27.338      0.547    1427.46    1427.46  0.000e+00
      10145     27.500     3.0531     3.0562     0.0031    0.76564    0.76566          1     8.9137     8.7816      97.59     0.4656     0.2211  4.744e+00  0.1307000     7.4650     7.4645    -0.0005     5.9509     5.9505     27.249     27.844      0.538    1427.46    1427.47  0.000e+00
      10167     28.000     3.0507     3.0526     0.0019    0.76559    0.76559          1     8.9071     8.7835      97.62     0.4743     0.2329  4.445e+00  0.1210000     7.4650     7.4645    -0.0005     5.9510     5.9506     27.744     28.350      0.549    1427.45    1427.46  0.000e+00
