ctdpy/exports/archive_20191121_122431/received_data/SBE09_0827_20181008_0214_26_01_1041.cnv
* Sea-Bird SBE 9 Data File:
* FileName = D:\CTD_SBE911\DAT\26DA.2018.10.41.hex
* Software Version Seasave V 7.21d
* Temperature SN = 4548
* Conductivity SN = 3062
* Number of Bytes Per Scan = 48
* Number of Voltage Words = 5
* Number of Scans Averaged by the Deck Unit = 1
* NMEA Latitude = 58 41.88 N
* NMEA Longitude = 018 39.66 E
* NMEA UTC (Time) = Oct 08 2018  02:16:46
* NMEA baud rate = 4800
** Ship: DANA
** Average sound velocity: 1444.56 m/s
** True-depth calculation Thu, 28 Mar 2019 12:21:23 +0000
** CTD Python Module SMHI /ver 3-12/ feb 2012 
** LIMS Job: 20182601-1041
** Operator: Christian A-KTh
** Cruise: 10/2018
# nquan = 26
# nvalues = 440                         
# units = specified
# name 0 = scan: Scan Count
# name 1 = prDM: Pressure, Digiquartz [db]
# name 2 = t090C: Temperature [ITS-90, deg C]
# name 3 = t190C: Temperature, 2 [ITS-90, deg C]
# name 4 = T2-T190C: Temperature Difference, 2 - 1 [ITS-90, deg C]
# name 5 = c0S/m: Conductivity [S/m]
# name 6 = c1S/m: Conductivity, 2 [S/m]
# name 7 = pumps: Pump Status
# name 8 = sbeox1ML/L: Oxygen, SBE 43, 2 [ml/l]
# name 9 = sbeox0ML/L: Oxygen, SBE 43 [ml/l]
# name 10 = altM: Altimeter [m]
# name 11 = chloroflTC0: Chlorophyll, Turner Cyclops [ug/l]
# name 12 = cpar: CPAR/Corrected Irradiance [%]
# name 13 = par: PAR/Irradiance, Biospherical/Lico [µE/(cm^2*s)]
# name 14 = spar: SPAR, Biospherical/Licor
# name 15 = sal00: Salinity, Practical [PSU]
# name 16 = sal11: Salinity, Practical, 2 [PSU]
# name 17 = secS-priS: Salinity, Practical, Difference, 2 - 1 [PSU]
# name 18 = sigma-t00: Density [sigma-t, kg/m^3 ]
# name 19 = sigma-t11: Density, 2 [sigma-t, kg/m^3 ]
# name 20 = depSM: Depth [salt water, m], lat = 58.698
# name 21 = depFM: Depth [true depth, m], lat = 58.698
# name 22 = dz/dtM: Descent Rate [m/s], WS = 2
# name 23 = svCM: Sound Velocity [Chen-Millero, m/s]
# name 24 = svCM1: Sound Velocity, 2 [Chen-Millero, m/s]
# name 25 = flag: flag
# span 0 =         64,      15755       
# span 1 =      1.000,    220.500       
# span 2 =     3.3730,     8.4603       
# span 3 =     3.3726,     8.4551       
# span 4 =    -0.0864,     0.0310       
# span 5 =   0.758550,   1.242669       
# span 6 =   0.758638,   1.242431       
# span 7 =          1,          1       
# span 8 =     0.0298,     7.7606       
# span 9 =     0.0277,     7.2823       
# span 10 =       1.15,       9.98      
# span 11 =     0.0158,     0.0397      
# span 12 = -1.099e+02, 7.1018e+03      
# span 13 = 1.0000e-12, 1.0000e-12      
# span 14 = 1.8866e+00, 2.0330e+00      
# span 15 =     6.8731,    11.3902      
# span 16 =     6.8752,    11.3880      
# span 17 =    -0.0051,     0.0258      
# span 18 =     5.2340,     8.9324      
# span 19 =     5.2344,     8.9307      
# span 20 =      0.991,    218.328      
# span 21 =      1.013,    222.844      
# span 22 =      0.106,      0.589      
# span 23 =    1428.93,    1449.76      
# span 24 =    1428.93,    1449.76      
# span 25 = 0.0000e+00, 0.0000e+00      
# interval = decibars: 0.5              
# start_time = Oct 08 2018 02:16:47 [NMEA time, first data scan]
# bad_flag = -9.990e-29
*END*
[from data line 112]
       5606     57.000     3.6756     3.6956     0.0200    0.81866    0.82103          1     5.3422     5.0557       9.96     0.0159  4.924e-11  1.000e-12  2.031e+00     7.8645     7.8841     0.0197     6.2594     6.2746     56.461     57.733      0.241    1431.28    1431.40  0.000e+00
       5646     57.500     3.7769     3.7972     0.0203    0.83281    0.83453          1     4.9594     4.8524       9.96     0.0159  4.924e-11  1.000e-12  2.031e+00     7.9856     7.9984     0.0127     6.3535     6.3631     56.956     58.239      0.349    1431.91    1432.01  0.000e+00
       5684     58.000     3.8988     3.9217     0.0229    0.84927    0.85151          1     4.4166     4.4052       9.96     0.0159  4.924e-11  1.000e-12  2.031e+00     8.1250     8.1423     0.0173     6.4613     6.4745     57.451     58.745      0.268    1432.64    1432.77  0.000e+00
       5735     58.500     3.9480     3.9521     0.0041    0.85519    0.85544          1     4.1374     4.0297       9.96     0.0159  4.924e-11  1.000e-12  2.031e+00     8.1735     8.1751     0.0016     6.4986     6.4998     57.946     59.251      0.254    1432.94    1432.96  0.000e+00
       5776     59.000     3.9642     3.9691     0.0048    0.85729    0.85759          1     4.1120     3.9510       9.96     0.0159  4.924e-11  1.000e-12  2.031e+00     8.1909     8.1928     0.0019     6.5121     6.5134     58.442     59.757      0.300    1433.04    1433.06  0.000e+00
       5826     59.500     3.9951     4.0024     0.0072    0.86109    0.86163          1     4.0441     3.8641       9.09     0.0159  4.924e-11  1.000e-12  2.031e+00     8.2222     8.2259     0.0037     6.5360     6.5388     58.937     60.263      0.209    1433.23    1433.26  0.000e+00
       5878     60.000     4.0442     4.0521     0.0078    0.86756    0.86781          1     3.9126     3.7555       9.98     0.0159  4.924e-11  1.000e-12  2.031e+00     8.2761     8.2768     0.0006     6.5775     6.5778     59.432     60.769      0.287    1433.52    1433.56  0.000e+00
       5920     60.500     4.1291     4.1400     0.0109    0.87852    0.87922          1     3.6597     3.5659       9.96     0.0159  4.924e-11  1.000e-12  2.031e+00     8.3669     8.3713     0.0044     6.6472     6.6503     59.927     61.275      0.262    1434.03    1434.08  0.000e+00
       5969     61.000     4.1682     4.1790     0.0109    0.88335    0.88414          1     3.4809     3.3509       8.91     0.0160  4.924e-11  1.000e-12  2.031e+00     8.4063     8.4116     0.0053     6.6773     6.6812     60.422     61.781      0.257    1434.26    1434.32  0.000e+00
       6011     61.500     4.2206     4.2303     0.0096    0.89036    0.89109          1     3.3180     3.2077       9.96     0.0159  4.924e-11  1.000e-12  2.031e+00     8.4645     8.4695     0.0050     6.7219     6.7255     60.917     62.287      0.297    1434.58    1434.63  0.000e+00
       6052     62.000     4.2728     4.2826     0.0097    0.89743    0.89823          1     3.1222     3.0372       9.96     0.0159  4.924e-11  1.000e-12  2.031e+00     8.5232     8.5288     0.0057     6.7668     6.7709     61.413     62.793      0.284    1434.89    1434.95  0.000e+00
       6098     62.500     4.3536     4.3743     0.0207    0.90807    0.90943          1     2.9792     2.8570       9.85     0.0159  4.924e-11  1.000e-12  2.031e+00     8.6107     8.6192     0.0085     6.8335     6.8395     61.908     63.299      0.237    1435.38    1435.48  0.000e+00
       6152     63.000     4.4579     4.4890     0.0310    0.92051    0.92375          1     2.9107     2.7734       7.99     0.0159  4.924e-11  1.000e-12  2.031e+00     8.7101     8.7349     0.0248     6.9087     6.9273     62.403     63.804      0.239    1435.97    1436.14  0.000e+00
       6197     63.500     4.5450     4.5538     0.0088    0.93356    0.93417          1     2.6463     2.5855       9.95     0.0159  4.924e-11  1.000e-12  2.031e+00     8.8197     8.8236     0.0039     6.9924     6.9952     62.898     64.310      0.265    1436.51    1436.55  0.000e+00
       6242     64.000     4.5983     4.6058     0.0076    0.94114    0.94147          1     2.4517     2.3945       9.96     0.0159  4.924e-11  1.000e-12  2.031e+00     8.8826     8.8838     0.0013     7.0402     7.0409     63.393     64.816      0.273    1436.83    1436.87  0.000e+00
       6286     64.500     4.6575     4.6667     0.0092    0.94999    0.95053          1     2.2953     2.2503       9.96     0.0159  4.924e-11  1.000e-12  2.031e+00     8.9563     8.9594     0.0030     7.0964     7.0984     63.889     65.322      0.271    1437.20    1437.24  0.000e+00
       6330     65.000     4.7195     4.7355     0.0161    0.96005    0.96147          1     2.0717     2.0633       9.96     0.0159  4.924e-11  1.000e-12  2.031e+00     9.0416     9.0516     0.0100     7.1614     7.1687     64.384     65.827      0.293    1437.58    1437.67  0.000e+00
       6368     65.500     4.7810     4.7995     0.0184    0.97042    0.97249          1     1.7976     1.8181       9.96     0.0160  4.924e-11  1.000e-12  2.031e+00     9.1298     9.1457     0.0159     7.2287     7.2406     64.879     66.333      0.300    1437.98    1438.08  0.000e+00
       6416     66.000     4.8418     4.8557     0.0140    0.97979    0.98118          1     1.5416     1.5390       9.96     0.0160  4.924e-11  1.000e-12  2.031e+00     9.2079     9.2180     0.0101     7.2880     7.2954     65.374     66.839      0.222    1438.35    1438.43  0.000e+00
       6468     66.500     4.9137     4.9180     0.0043    0.99172    0.99167          1     1.4124     1.3892       9.96     0.0160  4.924e-11  1.000e-12  2.031e+00     9.3085     9.3068    -0.0017     7.3644     7.3629     65.869     67.344      0.259    1438.80    1438.82  0.000e+00
       6509     67.000     4.9743     5.0001     0.0258    1.00178    1.00483          1     1.3070     1.2937       9.96     0.0161  4.924e-11  1.000e-12  2.031e+00     9.3931     9.4166     0.0235     7.4287     7.4461     66.365     67.850      0.310    1439.18    1439.33  0.000e+00
       6548     67.500     5.0542     5.0807     0.0266    1.01507    1.01837          1     1.1419     1.1321       9.96     0.0163  4.924e-11  1.000e-12  2.031e+00     9.5046     9.5303     0.0258     7.5132     7.5323     66.860     68.355      0.292    1439.68    1439.83  0.000e+00
       6593     68.000     5.1246     5.1373     0.0128    1.02618    1.02728          1     0.9482     0.9671       9.96     0.0161  4.924e-11  1.000e-12  2.031e+00     9.5964     9.6039     0.0074     7.5825     7.5877     67.355     68.861      0.260    1440.12    1440.18  0.000e+00
       6637     68.500     5.1712     5.1808     0.0095    1.03419    1.03505          1     0.7213     0.7823       9.96     0.0161  4.924e-11  1.000e-12  2.031e+00     9.6637     9.6696     0.0059     7.6334     7.6376     67.850     69.366      0.297    1440.41    1440.46  0.000e+00
       6680     69.000     5.1929     5.2004     0.0074    1.03785    1.03844          1     0.6054     0.6218       9.96     0.0163  4.924e-11  1.000e-12  2.031e+00     9.6942     9.6980     0.0038     7.6564     7.6590     68.345     69.871      0.238    1440.55    1440.59  0.000e+00
       6735     69.500     5.2337     5.2407     0.0071    1.04444    1.04499          1     0.5208     0.5214       9.96     0.0161  4.924e-11  1.000e-12  2.031e+00     9.7486     9.7522     0.0036     7.6974     7.6998     68.840     70.377      0.230    1440.81    1440.84  0.000e+00
       6782     70.000     5.3120     5.3358     0.0238    1.05846    1.06131          1     0.3582     0.3862       9.96     0.0163  4.924e-11  1.000e-12  2.031e+00     9.8666     9.8882     0.0216     7.7866     7.8025     69.336     70.882      0.263    1441.30    1441.44  0.000e+00
       6828     70.500     5.3802     5.3895     0.0093    1.06916    1.07003          1     0.2249     0.2388       9.96     0.0160  4.924e-11  1.000e-12  2.031e+00     9.9539     9.9599     0.0060     7.8520     7.8563     69.831     71.387      0.269    1441.72    1441.77  0.000e+00
       6870     71.000     5.4006     5.4108     0.0103    1.07270    1.07360          1     0.1797     0.1743       9.96     0.0160  4.924e-11  1.000e-12  2.031e+00     9.9833     9.9893     0.0060     7.8742     7.8784     70.326     71.893      0.307    1441.85    1441.90  0.000e+00
       6908     71.500     5.4289     5.4365     0.0076    1.07707    1.07788          1     0.1545     0.1400       9.96     0.0165  4.924e-11  1.000e-12  2.031e+00    10.0188    10.0245     0.0058     7.9006     7.9048     70.821     72.398      0.297    1442.03    1442.07  0.000e+00
       6954     72.000     5.4437     5.4487     0.0051    1.07965    1.08008          1     0.1531     0.1211       9.96     0.0168  4.924e-11  1.000e-12  2.031e+00    10.0402    10.0429     0.0028     7.9167     7.9186     71.316     72.903      0.238    1442.13    1442.15  0.000e+00
       7005     72.500     5.4529     5.4534     0.0006    1.08103    1.08085          1     0.1560     0.1166       9.96     0.0168  4.924e-11  1.000e-12  2.031e+00    10.0511    10.0492    -0.0019     7.9249     7.9233     71.811     73.409      0.244    1442.19    1442.19  0.000e+00
       7055     73.000     5.4547     5.4566     0.0019    1.08149    1.08151          1     0.1513     0.1141       9.96     0.0169  4.924e-11  1.000e-12  2.031e+00    10.0550    10.0547    -0.0004     7.9279     7.9275     72.307     73.914      0.241    1442.21    1442.22  0.000e+00
       7100     73.500     5.4567     5.4592     0.0025    1.08194    1.08204          1     0.1487     0.1081       9.96     0.0169  4.924e-11  1.000e-12  2.031e+00    10.0589    10.0592     0.0003     7.9308     7.9309     72.802     74.419      0.262    1442.23    1442.24  0.000e+00
       7151     74.000     5.4612     5.4668     0.0056    1.08296    1.08350          1     0.1423     0.1011       9.96     0.0169  4.924e-11  1.000e-12  2.031e+00    10.0678    10.0714     0.0037     7.9376     7.9402     73.297     74.924      0.271    1442.27    1442.30  0.000e+00
       7186     74.500     5.4999     5.5107     0.0109    1.08990    1.09107          1     0.1409     0.1018       9.96     0.0170  4.924e-11  1.000e-12  2.031e+00    10.1257    10.1341     0.0085     7.9812     7.9872     73.792     75.430      0.339    1442.52    1442.57  0.000e+00
       7236     75.000     5.5302     5.5431     0.0129    1.09547    1.09711          1     0.1337     0.0959       9.96     0.0171  4.924e-11  1.000e-12  2.031e+00    10.1722    10.1848     0.0125     8.0162     8.0254     74.287     75.935      0.229    1442.71    1442.78  0.000e+00
       7282     75.500     5.5599     5.5686     0.0088    1.10113    1.10207          1     0.1292     0.0943       9.96     0.0170  4.924e-11  1.000e-12  2.031e+00    10.2199    10.2267     0.0068     8.0522     8.0571     74.782     76.440      0.314    1442.91    1442.96  0.000e+00
       7324     76.000     5.5833     5.5988     0.0155    1.10564    1.10801          1     0.1261     0.0908       9.96     0.0170  4.924e-11  1.000e-12  2.031e+00    10.2578    10.2768     0.0190     8.0808     8.0949     75.278     76.945      0.244    1443.07    1443.16  0.000e+00
       7378     76.500     5.6118     5.6145     0.0028    1.11065    1.11081          1     0.1237     0.0889       9.96     0.0170  4.924e-11  1.000e-12  2.031e+00    10.2993    10.2999     0.0007     8.1119     8.1123     75.773     77.450      0.262    1443.25    1443.26  0.000e+00
       7420     77.000     5.6203     5.6254     0.0051    1.11235    1.11288          1     0.1186     0.0851       9.96     0.0168  4.924e-11  1.000e-12  2.031e+00    10.3135    10.3173     0.0038     8.1226     8.1253     76.268     77.956      0.265    1443.31    1443.34  0.000e+00
       7466     77.500     5.6536     5.6617     0.0081    1.11836    1.11916          1     0.1149     0.0853       9.96     0.0171  4.924e-11  1.000e-12  2.031e+00    10.3634    10.3689     0.0055     8.1600     8.1639     76.763     78.461      0.283    1443.53    1443.57  0.000e+00
       7508     78.000     5.6837     5.6975     0.0138    1.12359    1.12539          1     0.1126     0.0819       9.96     0.0170  4.924e-11  1.000e-12  2.031e+00    10.4063    10.4201     0.0138     8.1922     8.2022     77.258     78.966      0.264    1443.72    1443.79  0.000e+00
       7556     78.500     5.7222     5.7324     0.0102    1.13098    1.13235          1     0.1108     0.0815       9.96     0.0170  4.924e-11  1.000e-12  2.031e+00    10.4682    10.4787     0.0105     8.2387     8.2464     77.753     79.471      0.253    1443.97    1444.03  0.000e+00
       7598     79.000     5.7412     5.7510     0.0098    1.13539    1.13655          1     0.1058     0.0789       9.96     0.0170  4.924e-11  1.000e-12  2.031e+00    10.5063    10.5148     0.0085     8.2677     8.2738     78.248     79.976      0.313    1444.11    1444.16  0.000e+00
       7645     79.500     5.7626     5.7678     0.0052    1.13927    1.13988          1     0.1072     0.0791       9.96     0.0170  4.924e-11  1.000e-12  2.031e+00    10.5383    10.5427     0.0044     8.2916     8.2948     78.744     80.481      0.222    1444.25    1444.28  0.000e+00
       7697     80.000     5.7787     5.7808     0.0021    1.14216    1.14223          1     0.1053     0.0758       9.96     0.0169  4.924e-11  1.000e-12  2.031e+00    10.5620    10.5621     0.0000     8.3093     8.3093     79.239     80.986      0.259    1444.35    1444.36  0.000e+00
       7740     80.500     5.7851     5.7886     0.0035    1.14326    1.14351          1     0.0994     0.0780       9.96     0.0170  4.924e-11  1.000e-12  2.031e+00    10.5710    10.5724     0.0014     8.3160     8.3169     79.734     81.491      0.303    1444.40    1444.42  0.000e+00
       7784     81.000     5.7908     5.7948     0.0041    1.14431    1.14473          1     0.0999     0.0760       9.96     0.0169  4.924e-11  1.000e-12  2.031e+00    10.5796    10.5825     0.0029     8.3224     8.3245     80.229     81.996      0.242    1444.44    1444.46  0.000e+00
       7832     81.500     5.8058     5.8091     0.0033    1.14746    1.14774          1     0.0958     0.0738       9.96     0.0170  4.924e-11  1.000e-12  2.031e+00    10.6063    10.6079     0.0017     8.3426     8.3437     80.724     82.501      0.262    1444.55    1444.56  0.000e+00
       7879     82.000     5.8172     5.8222     0.0050    1.14989    1.15048          1     0.0970     0.0743       9.96     0.0170  4.924e-11  1.000e-12  2.031e+00    10.6268    10.6311     0.0043     8.3581     8.3612     81.219     83.006      0.263    1444.63    1444.66  0.000e+00
       7922     82.500     5.8303     5.8333     0.0030    1.15243    1.15264          1     0.0948     0.0737       9.96     0.0169  4.924e-11  1.000e-12  2.031e+00    10.6480    10.6491     0.0011     8.3740     8.3747     81.714     83.512      0.279    1444.72    1444.74  0.000e+00
       7969     83.000     5.8346     5.8389     0.0044    1.15313    1.15360          1     0.0916     0.0714       9.96     0.0168  4.924e-11  1.000e-12  2.031e+00    10.6535    10.6568     0.0033     8.3780     8.3804     82.210     84.017      0.221    1444.75    1444.78  0.000e+00
       8024     83.500     5.8407     5.8435     0.0028    1.15425    1.15442          1     0.0937     0.0715       9.96     0.0167  4.924e-11  1.000e-12  2.031e+00    10.6627    10.6635     0.0008     8.3849     8.3854     82.705     84.522      0.292    1444.80    1444.82  0.000e+00
       8061     84.000     5.8476     5.8501     0.0025    1.15544    1.15566          1     0.0896     0.0705       9.96     0.0168  4.924e-11  1.000e-12  2.031e+00    10.6722    10.6736     0.0014     8.3920     8.3930     83.200     85.027      0.281    1444.85    1444.86  0.000e+00
