ctdpy/exports/archive_20191121_122431/received_data/SBE09_0827_20181006_1915_26_01_1029.cnv
* Sea-Bird SBE 9 Data File:
* FileName = D:\CTD_SBE911\DAT\26DA.2018.10.29.hex
* Software Version Seasave V 7.21d
* Temperature SN = 4548
* Conductivity SN = 3062
* Number of Bytes Per Scan = 48
* Number of Voltage Words = 5
* Number of Scans Averaged by the Deck Unit = 1
* NMEA Latitude = 57 40.01 N
* NMEA Longitude = 018 08.84 E
* NMEA UTC (Time) = Oct 06 2018  19:17:54
* NMEA baud rate = 4800
** Ship: DANA
** Average sound velocity: 1448.88 m/s
** True-depth calculation Thu, 28 Mar 2019 12:19:50 +0000
** CTD Python Module SMHI /ver 3-12/ feb 2012 
** LIMS Job: 20182601-1029
** Operator: Christian A-KTh
** Cruise: 10/2018
# nquan = 26
# nvalues = 207                         
# units = specified
# name 0 = scan: Scan Count
# name 1 = prDM: Pressure, Digiquartz [db]
# name 2 = t090C: Temperature [ITS-90, deg C]
# name 3 = t190C: Temperature, 2 [ITS-90, deg C]
# name 4 = T2-T190C: Temperature Difference, 2 - 1 [ITS-90, deg C]
# name 5 = c0S/m: Conductivity [S/m]
# name 6 = c1S/m: Conductivity, 2 [S/m]
# name 7 = pumps: Pump Status
# name 8 = sbeox1ML/L: Oxygen, SBE 43, 2 [ml/l]
# name 9 = sbeox0ML/L: Oxygen, SBE 43 [ml/l]
# name 10 = altM: Altimeter [m]
# name 11 = chloroflTC0: Chlorophyll, Turner Cyclops [ug/l]
# name 12 = cpar: CPAR/Corrected Irradiance [%]
# name 13 = par: PAR/Irradiance, Biospherical/Lico [µE/(cm^2*s)]
# name 14 = spar: SPAR, Biospherical/Licor
# name 15 = sal00: Salinity, Practical [PSU]
# name 16 = sal11: Salinity, Practical, 2 [PSU]
# name 17 = secS-priS: Salinity, Practical, Difference, 2 - 1 [PSU]
# name 18 = sigma-t00: Density [sigma-t, kg/m^3 ]
# name 19 = sigma-t11: Density, 2 [sigma-t, kg/m^3 ]
# name 20 = depSM: Depth [salt water, m], lat = 57.6668
# name 21 = depFM: Depth [true depth, m], lat = 57.6668
# name 22 = dz/dtM: Descent Rate [m/s], WS = 2
# name 23 = svCM: Sound Velocity [Chen-Millero, m/s]
# name 24 = svCM1: Sound Velocity, 2 [Chen-Millero, m/s]
# name 25 = flag: flag
# span 0 =        426,      11537       
# span 1 =      0.500,    103.500       
# span 2 =     3.8585,    12.3509       
# span 3 =     3.9225,    12.3506       
# span 4 =    -0.0909,     0.5429       
# span 5 =   0.774441,   1.179018       
# span 6 =   0.776242,   1.179032       
# span 7 =          1,          1       
# span 8 =     0.0413,     7.4825       
# span 9 =     0.0412,     7.0496       
# span 10 =       0.83,       9.98      
# span 11 =     0.0159,     0.0395      
# span 12 = 4.9241e-11, 4.9241e-11      
# span 13 = 1.0000e-12, 1.0000e-12      
# span 14 = 2.0308e+00, 2.0308e+00      
# span 15 =     6.8807,    10.8764      
# span 16 =     6.8821,    10.8763      
# span 17 =    -0.0725,     0.0017      
# span 18 =     4.7926,     8.5475      
# span 19 =     4.7933,     8.5474      
# span 20 =      0.495,    102.518      
# span 21 =      0.507,    104.734      
# span 22 =     -0.199,      0.300      
# span 23 =    1431.65,    1464.89      
# span 24 =    1432.11,    1464.89      
# span 25 = 0.0000e+00, 0.0000e+00      
# interval = decibars: 0.5              
# start_time = Oct 06 2018 19:17:55 [NMEA time, first data scan]
# bad_flag = -9.990e-29
*END*
        426      0.500    12.3479    12.3478    -0.0001    0.90947    0.90948          1     7.0272     6.5693       7.61     0.0369  4.924e-11  1.000e-12  2.031e+00     6.8820     6.8821     0.0002     4.7935     4.7936      0.495      0.507      0.256    1464.65    1464.65  0.000e+00
        485      1.000    12.3481    12.3484     0.0003    0.90948    0.90951          1     7.0276     6.5774       8.50     0.0366  4.924e-11  1.000e-12  2.031e+00     6.8820     6.8822     0.0002     4.7935     4.7936      0.991      1.014      0.212    1464.66    1464.66  0.000e+00
        534      1.500    12.3482    12.3484     0.0002    0.90949    0.90952          1     7.0279     6.5794       9.19     0.0384  4.924e-11  1.000e-12  2.031e+00     6.8820     6.8822     0.0002     4.7935     4.7936      1.486      1.521      0.270    1464.67    1464.67  0.000e+00
        582      2.000    12.3479    12.3485     0.0005    0.90949    0.90952          1     7.0229     6.5799       8.67     0.0343  4.924e-11  1.000e-12  2.031e+00     6.8820     6.8822     0.0002     4.7936     4.7936      1.982      2.027      0.233    1464.68    1464.68  0.000e+00
        632      2.500    12.3474    12.3482     0.0007    0.90932    0.90952          1     7.0115     6.5841       8.93     0.0348  4.924e-11  1.000e-12  2.031e+00     6.8807     6.8822     0.0015     4.7926     4.7936      2.477      2.534      0.260    1464.68    1464.69  0.000e+00
        677      3.000    12.3474    12.3478     0.0004    0.90949    0.90952          1     7.0314     6.5851       9.98     0.0360  4.924e-11  1.000e-12  2.031e+00     6.8820     6.8822     0.0002     4.7936     4.7937      2.972      3.041      0.247    1464.69    1464.69  0.000e+00
        733      3.500    12.3453    12.3478     0.0025    0.90945    0.90953          1     7.0345     6.5774       8.79     0.0352  4.924e-11  1.000e-12  2.031e+00     6.8820     6.8822     0.0002     4.7939     4.7937      3.468      3.548      0.230    1464.69    1464.70  0.000e+00
        780      4.000    12.3452    12.3461     0.0008    0.90946    0.90950          1     7.0258     6.5722       9.97     0.0356  4.924e-11  1.000e-12  2.031e+00     6.8821     6.8823     0.0002     4.7940     4.7940      3.963      4.055      0.260    1464.70    1464.70  0.000e+00
        830      4.500    12.3463    12.3462    -0.0001    0.90949    0.90951          1     7.0172     6.5686       9.97     0.0356  4.924e-11  1.000e-12  2.031e+00     6.8821     6.8822     0.0002     4.7938     4.7939      4.458      4.562      0.237    1464.71    1464.71  0.000e+00
        876      5.000    12.3454    12.3462     0.0008    0.90947    0.90952          1     7.0214     6.5768       9.97     0.0355  4.924e-11  1.000e-12  2.031e+00     6.8820     6.8823     0.0002     4.7939     4.7940      4.954      5.068      0.290    1464.71    1464.72  0.000e+00
        917      5.500    12.3432    12.3449     0.0017    0.90943    0.90950          1     7.0352     6.5725       9.97     0.0366  4.924e-11  1.000e-12  2.031e+00     6.8821     6.8823     0.0002     4.7942     4.7942      5.449      5.575      0.274    1464.71    1464.72  0.000e+00
        965      6.000    12.3470    12.3446    -0.0024    0.90953    0.90950          1     7.0308     6.5868       9.97     0.0350  4.924e-11  1.000e-12  2.031e+00     6.8821     6.8823     0.0002     4.7938     4.7942      5.944      6.082      0.241    1464.74    1464.73  0.000e+00
       1013      6.500    12.3497    12.3475    -0.0023    0.90960    0.90956          1     7.0260     6.5843       9.97     0.0359  4.924e-11  1.000e-12  2.031e+00     6.8821     6.8823     0.0001     4.7934     4.7938      6.440      6.589      0.259    1464.76    1464.75  0.000e+00
       1061      7.000    12.3468    12.3473     0.0004    0.90953    0.90957          1     7.0287     6.5835       9.97     0.0372  4.924e-11  1.000e-12  2.031e+00     6.8821     6.8823     0.0003     4.7937     4.7939      6.935      7.096      0.240    1464.75    1464.76  0.000e+00
       1111      7.500    12.3489    12.3484    -0.0005    0.90958    0.90960          1     7.0330     6.5848       9.97     0.0384  4.924e-11  1.000e-12  2.031e+00     6.8821     6.8823     0.0002     4.7934     4.7937      7.431      7.603      0.235    1464.77    1464.77  0.000e+00
       1163      8.000    12.3494    12.3493    -0.0001    0.90959    0.90963          1     7.0194     6.5784       9.97     0.0380  4.924e-11  1.000e-12  2.031e+00     6.8820     6.8823     0.0003     4.7933     4.7936      7.926      8.109      0.253    1464.78    1464.78  0.000e+00
       1206      8.500    12.3491    12.3489    -0.0002    0.90959    0.90961          1     7.0291     6.5803       9.97     0.0378  4.924e-11  1.000e-12  2.031e+00     6.8820     6.8822     0.0002     4.7934     4.7936      8.421      8.616      0.292    1464.79    1464.78  0.000e+00
       1249      9.000    12.3509    12.3487    -0.0022    0.90964    0.90962          1     7.0201     6.5813       9.97     0.0375  4.924e-11  1.000e-12  2.031e+00     6.8820     6.8822     0.0002     4.7932     4.7936      8.917      9.123      0.255    1464.80    1464.79  0.000e+00
       1298      9.500    12.3500    12.3506     0.0007    0.90963    0.90967          1     7.0098     6.5769       9.97     0.0367  4.924e-11  1.000e-12  2.031e+00     6.8821     6.8822     0.0002     4.7933     4.7933      9.412      9.630      0.250    1464.80    1464.81  0.000e+00
       1345     10.000    12.3478    12.3500     0.0022    0.90959    0.90966          1     7.0176     6.5754       9.97     0.0395  4.924e-11  1.000e-12  2.031e+00     6.8821     6.8823     0.0002     4.7936     4.7935      9.907     10.137      0.257    1464.80    1464.81  0.000e+00
       1392     10.500    12.3495    12.3495    -0.0000    0.90963    0.90966          1     7.0175     6.5830       9.97     0.0373  4.924e-11  1.000e-12  2.031e+00     6.8821     6.8823     0.0002     4.7934     4.7936     10.403     10.644      0.252    1464.82    1464.82  0.000e+00
       1438     11.000    12.3497    12.3500     0.0003    0.90964    0.90967          1     7.0147     6.5666       9.97     0.0363  4.924e-11  1.000e-12  2.031e+00     6.8820     6.8823     0.0002     4.7933     4.7935     10.898     11.150      0.270    1464.83    1464.83  0.000e+00
       1482     11.500    12.3499    12.3502     0.0003    0.90965    0.90968          1     7.0185     6.5760       9.97     0.0371  4.924e-11  1.000e-12  2.031e+00     6.8820     6.8822     0.0002     4.7933     4.7934     11.393     11.657      0.272    1464.84    1464.84  0.000e+00
       1527     12.000    12.3456    12.3498     0.0042    0.90958    0.90968          1     7.0070     6.5747       9.97     0.0373  4.924e-11  1.000e-12  2.031e+00     6.8822     6.8822     0.0000     4.7940     4.7934     11.889     12.164      0.264    1464.83    1464.85  0.000e+00
       1572     12.500    12.3383    12.3465     0.0083    0.90947    0.90963          1     7.0027     6.5740       9.97     0.0367  4.924e-11  1.000e-12  2.031e+00     6.8826     6.8824    -0.0002     4.7953     4.7940     12.384     12.671      0.271    1464.81    1464.84  0.000e+00
       1616     13.000    12.3356    12.3386     0.0030    0.90944    0.90951          1     7.0124     6.5721       9.97     0.0385  4.924e-11  1.000e-12  2.031e+00     6.8828     6.8828     0.0000     4.7958     4.7954     12.879     13.178      0.272    1464.81    1464.82  0.000e+00
       1662     13.500    12.3398    12.3389    -0.0010    0.90953    0.90952          1     7.0242     6.5646       9.97     0.0371  4.924e-11  1.000e-12  2.031e+00     6.8827     6.8828     0.0001     4.7952     4.7954     13.375     13.685      0.251    1464.83    1464.83  0.000e+00
       1710     14.000    12.3346    12.3373     0.0027    0.90947    0.90951          1     7.0120     6.5729       9.97     0.0367  4.924e-11  1.000e-12  2.031e+00     6.8831     6.8829    -0.0002     4.7962     4.7957     13.870     14.191      0.264    1464.82    1464.83  0.000e+00
       1753     14.500    12.3494    12.3398    -0.0096    0.90970    0.90956          1     7.0094     6.5764       9.97     0.0393  4.924e-11  1.000e-12  2.031e+00     6.8823     6.8829     0.0006     4.7936     4.7953     14.366     14.698      0.275    1464.88    1464.85  0.000e+00
       1799     15.000    12.3490    12.3484    -0.0006    0.90970    0.90971          1     7.0134     6.5813       9.97     0.0384  4.924e-11  1.000e-12  2.031e+00     6.8823     6.8825     0.0002     4.7936     4.7938     14.861     15.205      0.262    1464.89    1464.89  0.000e+00
       1842     15.500    12.3301    12.3452     0.0152    0.90939    0.90966          1     7.0025     6.5938       9.97     0.0380  4.924e-11  1.000e-12  2.031e+00     6.8831     6.8826    -0.0005     4.7968     4.7944     15.356     15.712      0.289    1464.83    1464.89  0.000e+00
       1885     16.000    12.2720    12.3233     0.0514    0.90841    0.90933          1     6.9783     6.5961       9.97     0.0369  4.924e-11  1.000e-12  2.031e+00     6.8858     6.8838    -0.0019     4.8067     4.7983     15.852     16.219      0.259    1464.63    1464.81  0.000e+00
       1932     16.500    12.1668    12.2590     0.0921    0.90668    0.90832          1     6.9507     6.5740       9.97     0.0383  4.924e-11  1.000e-12  2.031e+00     6.8908     6.8873    -0.0035     4.8245     4.8096     16.347     16.726      0.265    1464.25    1464.59  0.000e+00
       1977     17.000    12.1293    12.2007     0.0714    0.90616    0.90750          1     6.9519     6.5577       9.97     0.0333  4.924e-11  1.000e-12  2.031e+00     6.8933     6.8912    -0.0022     4.8315     4.8204     16.842     17.232      0.263    1464.13    1464.39  0.000e+00
       2023     17.500    12.0995    12.1459     0.0465    0.90579    0.90657          1     6.9567     6.5699       9.97     0.0321  4.924e-11  1.000e-12  2.031e+00     6.8957     6.8936    -0.0021     4.8373     4.8295     17.338     17.739      0.266    1464.03    1464.20  0.000e+00
       2068     18.000    12.0213    12.1152     0.0940    0.90467    0.90617          1     6.9799     6.5789       9.97     0.0315  4.924e-11  1.000e-12  2.031e+00     6.9009     6.8959    -0.0049     4.8515     4.8354     17.833     18.246      0.265    1463.75    1464.09  0.000e+00
       2114     18.500    11.8903    12.0144     0.1241    0.90281    0.90470          1     7.0086     6.5738       9.97     0.0309  4.924e-11  1.000e-12  2.031e+00     6.9096     6.9023    -0.0073     4.8754     4.8536     18.328     18.753      0.268    1463.28    1463.74  0.000e+00
       2156     19.000    11.7816    11.8881     0.1064    0.90119    0.90287          1     7.0189     6.5880       9.97     0.0302  4.924e-11  1.000e-12  2.031e+00     6.9163     6.9104    -0.0058     4.8946     4.8763     18.824     19.260      0.300    1462.90    1463.29  0.000e+00
       2197     19.500    11.7315    11.8112     0.0799    0.90057    0.90183          1     7.0264     6.5924       9.97     0.0309  4.924e-11  1.000e-12  2.031e+00     6.9204     6.9160    -0.0044     4.9042     4.8906     19.319     19.767      0.263    1462.72    1463.01  0.000e+00
       2245     20.000    11.7008    11.7288     0.0281    0.90021    0.90068          1     7.0301     6.5928       9.97     0.0320  4.924e-11  1.000e-12  2.031e+00     6.9231     6.9217    -0.0014     4.9102     4.9055     19.814     20.273      0.256    1462.62    1462.72  0.000e+00
       2290     20.500    11.6900    11.7059     0.0159    0.90017    0.90043          1     7.0431     6.5963       9.97     0.0311  4.924e-11  1.000e-12  2.031e+00     6.9247     6.9238    -0.0009     4.9128     4.9101     20.310     20.780      0.269    1462.59    1462.65  0.000e+00
       2335     21.000    11.6828    11.6990     0.0162    0.90017    0.90044          1     7.0346     6.5929       9.97     0.0310  4.924e-11  1.000e-12  2.031e+00     6.9259     6.9251    -0.0008     4.9146     4.9120     20.805     21.287      0.267    1462.57    1462.63  0.000e+00
       2379     21.500    11.6718    11.6890     0.0172    0.90009    0.90039          1     7.0332     6.5984       9.97     0.0317  4.924e-11  1.000e-12  2.031e+00     6.9272     6.9266    -0.0007     4.9171     4.9143     21.300     21.794      0.272    1462.54    1462.60  0.000e+00
       2424     22.000    11.6624    11.6812     0.0188    0.90001    0.90033          1     7.0262     6.5965       9.97     0.0300  4.924e-11  1.000e-12  2.031e+00     6.9283     6.9275    -0.0008     4.9190     4.9160     21.796     22.300      0.274    1462.51    1462.58  0.000e+00
       2468     22.500    11.6553    11.6711     0.0158    0.89995    0.90024          1     7.0384     6.5957       9.97     0.0289  4.924e-11  1.000e-12  2.031e+00     6.9290     6.9285    -0.0005     4.9205     4.9181     22.291     22.807      0.265    1462.50    1462.56  0.000e+00
       2513     23.000    11.6455    11.6645     0.0190    0.89984    0.90018          1     7.0387     6.6086       9.97     0.0297  4.924e-11  1.000e-12  2.031e+00     6.9300     6.9293    -0.0007     4.9225     4.9195     22.786     23.314      0.272    1462.47    1462.54  0.000e+00
       2558     23.500    11.6352    11.6541     0.0189    0.89971    0.90005          1     7.0446     6.6036       9.97     0.0293  4.924e-11  1.000e-12  2.031e+00     6.9307     6.9300    -0.0007     4.9244     4.9215     23.282     23.821      0.263    1462.44    1462.51  0.000e+00
       2604     24.000    11.6256    11.6418     0.0162    0.89958    0.89990          1     7.0385     6.6095       9.97     0.0304  4.924e-11  1.000e-12  2.031e+00     6.9313     6.9310    -0.0003     4.9261     4.9238     23.777     24.327      0.257    1462.41    1462.47  0.000e+00
       2650     24.500    11.6136    11.6319     0.0183    0.89939    0.89976          1     7.0475     6.6040       9.97     0.0315  4.924e-11  1.000e-12  2.031e+00     6.9320     6.9316    -0.0004     4.9281     4.9255     24.272     24.834      0.260    1462.38    1462.44  0.000e+00
       2696     25.000    11.5986    11.6220     0.0234    0.89916    0.89960          1     7.0487     6.6113       9.97     0.0302  4.924e-11  1.000e-12  2.031e+00     6.9329     6.9321    -0.0008     4.9306     4.9271     24.768     25.341      0.265    1462.33    1462.41  0.000e+00
       2742     25.500    11.5787    11.6002     0.0216    0.89887    0.89927          1     7.0544     6.6159       9.97     0.0302  4.924e-11  1.000e-12  2.031e+00     6.9341     6.9334    -0.0007     4.9341     4.9308     25.263     25.848      0.267    1462.26    1462.34  0.000e+00
       2785     26.000    11.5641    11.5847     0.0206    0.89866    0.89903          1     7.0531     6.6106       9.97     0.0296  4.924e-11  1.000e-12  2.031e+00     6.9350     6.9342    -0.0007     4.9366     4.9335     25.758     26.355      0.279    1462.22    1462.29  0.000e+00
       2829     26.500    11.5494    11.5692     0.0198    0.89845    0.89880          1     7.0596     6.6171       9.97     0.0321  4.924e-11  1.000e-12  2.031e+00     6.9359     6.9352    -0.0007     4.9392     4.9361     26.253     26.861      0.256    1462.17    1462.25  0.000e+00
       2876     27.000    11.5389    11.5585     0.0196    0.89830    0.89865          1     7.0695     6.6240       9.97     0.0328  4.924e-11  1.000e-12  2.031e+00     6.9366     6.9359    -0.0007     4.9410     4.9380     26.749     27.368      0.259    1462.14    1462.21  0.000e+00
       2923     27.500    11.5353    11.5474     0.0121    0.89830    0.89853          1     7.0654     6.6297       9.97     0.0302  4.924e-11  1.000e-12  2.031e+00     6.9372     6.9368    -0.0004     4.9420     4.9402     27.244     27.875      0.261    1462.14    1462.18  0.000e+00
