ctdpy/exports/archive_20191121_122431/received_data/SBE09_0745_20181210_1417_34_01_0178.cnv
* Sea-Bird SBE 9 Data File:
* FileName = C:\ctd\temp\ar18d178.hex
* Software Version Seasave V 7.26.7.107
* Temperature SN = 4387
* Conductivity SN = 2994
* Number of Bytes Per Scan = 41
* Number of Voltage Words = 4
* Number of Scans Averaged by the Deck Unit = 1
* NMEA Latitude = 58 35.62 N
* NMEA Longitude = 018 14.18 E
* NMEA UTC (Time) = Dec 10 2018  14:17:12
* NMEA baud rate = 4800
** Station:  BY31_CTD
** Operator:  JKro
** Ship: ARANDA
** Average sound velocity: 1447.43 m/s
** True-depth calculation Mon, 10 Dec 2018 15:32:04 +0000
** CTD Python Module SMHI /ver 3-12/ feb 2012 
** LIMS Job: 20183401-0178
** Cruise: SMHI-7-2018
** Latitude [GG MM.mm N]:
** Longitude [GG MM.mm E]:
# nquan = 26
# nvalues = 879                         
# units = specified
# name 0 = scan: Scan Count
# name 1 = prDM: Pressure, Digiquartz [db]
# name 2 = t090C: Temperature [ITS-90, deg C]
# name 3 = t190C: Temperature, 2 [ITS-90, deg C]
# name 4 = T2-T190C: Temperature Difference, 2 - 1 [ITS-90, deg C]
# name 5 = c0S/m: Conductivity [S/m]
# name 6 = c1S/m: Conductivity, 2 [S/m]
# name 7 = pumps: Pump Status
# name 8 = sbeox0ML/L: Oxygen, SBE 43 [ml/l]
# name 9 = sbeox1ML/L: Oxygen, SBE 43, 2 [ml/l]
# name 10 = altM: Altimeter [m]
# name 11 = flECO-AFL: Chl-a Fluorescence, WET Labs ECO-AFL/FL [mg/m^3]
# name 12 = flECO-AFL1: Phycocyanin Fluorescence, WET Labs ECO-AFL/FL, 2 [mg/m^3]
# name 13 = par: PAR/Irradiance, Biospherical/Lico [µE/(cm^2*s)]
# name 14 = turbWETntu0: Turbidity, WET Labs ECO [NTU]
# name 15 = sal00: Salinity, Practical [PSU]
# name 16 = sal11: Salinity, Practical, 2 [PSU]
# name 17 = secS-priS: Salinity, Practical, Difference, 2 - 1 [PSU]
# name 18 = sigma-t00: Density [sigma-t, Kg/m^3 ]
# name 19 = sigma-t11: Density, 2 [sigma-t, Kg/m^3 ]
# name 20 = depSM: Depth [salt water, m], lat = 58.5937
# name 21 = depFM: Depth [true depth, m], lat = 58.5937
# name 22 = dz/dtM: Descent Rate [m/s], WS = 2
# name 23 = svCM: Sound Velocity [Chen-Millero, m/s]
# name 24 = svCM1: Sound Velocity, 2 [Chen-Millero, m/s]
# name 25 = flag: flag
# span 0 =      12415,      36126       
# span 1 =      1.000,    440.000       
# span 2 =     4.6555,     6.2339       
# span 3 =     4.6558,     6.2343       
# span 4 =    -0.0032,     0.0162       
# span 5 =   0.778147,   1.245070       
# span 6 =   0.778185,   1.245147       
# span 7 =          1,          1       
# span 8 =    0.00947,    7.97993       
# span 9 =    0.03847,    7.99077       
# span 10 =       3.72,     100.68      
# span 11 =     0.2700,     0.5191      
# span 12 =     0.1074,     0.3448      
# span 13 = -1.774e-04, 1.9217e+00      
# span 14 =     0.1548,     2.4128      
# span 15 =     6.9520,    11.3728      
# span 16 =     6.9526,    11.3735      
# span 17 =    -0.0075,     0.0020      
# span 18 =     5.4503,     8.9186      
# span 19 =     5.4507,     8.9191      
# span 20 =      0.991,    435.438      
# span 21 =      1.013,    444.503      
# span 22 =     -0.147,      0.697      
# span 23 =    1435.80,    1453.09      
# span 24 =    1435.80,    1453.09      
# span 25 = 0.0000e+00, 0.0000e+00      
# interval = decibars: 0.5              
# start_time = Dec 10 2018 14:17:12 [NMEA time, first data scan]
# bad_flag = -9.990e-29
*END*
[from data line 56]
      13929     29.000     5.9877     5.9883     0.0006    0.78409    0.78418          1     7.9438     7.9357      98.52     0.4680     0.3085  1.000e-12  0.4869000     7.0065     7.0071     0.0007     5.4943     5.4949     28.728     29.377      0.482    1439.95    1439.95  0.000e+00
      13953     29.500     5.9878     5.9882     0.0005    0.78411    0.78418          1     7.9366     7.9402      57.71     0.4550     0.2713  1.000e-12  0.4873000     7.0065     7.0072     0.0006     5.4944     5.4949     29.223     29.883      0.496    1439.96    1439.96  0.000e+00
      13977     30.000     5.9878     5.9882     0.0005    0.78413    0.78421          1     7.9369     7.9401      82.17     0.4435     0.2509  1.000e-12  0.4903000     7.0067     7.0073     0.0006     5.4945     5.4950     29.718     30.390      0.473    1439.97    1439.97  0.000e+00
      14004     30.500     5.9877     5.9882     0.0005    0.78416    0.78424          1     7.9396     7.9353      98.27     0.4564     0.2890  1.000e-12  0.4875000     7.0069     7.0076     0.0006     5.4947     5.4952     30.214     30.896      0.448    1439.97    1439.98  0.000e+00
      14031     31.000     5.9882     5.9884     0.0002    0.78422    0.78428          1     7.9403     7.9361      63.92     0.4679     0.3081  1.000e-12  0.4908000     7.0073     7.0079     0.0005     5.4950     5.4954     30.709     31.403      0.459    1439.98    1439.99  0.000e+00
      14056     31.500     5.9893     5.9895     0.0002    0.78428    0.78434          1     7.9426     7.9402      98.69     0.4475     0.2381  1.000e-12  0.4870000     7.0076     7.0082     0.0006     5.4952     5.4956     31.204     31.909      0.500    1440.00    1440.00  0.000e+00
      14079     32.000     5.9900     5.9901     0.0001    0.78430    0.78437          1     7.9471     7.9395      98.52     0.4424     0.2428  1.000e-12  0.4868000     7.0077     7.0083     0.0006     5.4952     5.4957     31.699     32.416      0.521    1440.01    1440.01  0.000e+00
      14102     32.500     5.9892     5.9894     0.0003    0.78429    0.78437          1     7.9444     7.9399      98.52     0.4553     0.2654  1.000e-12  0.4969000     7.0076     7.0083     0.0007     5.4952     5.4958     32.195     32.922      0.485    1440.01    1440.01  0.000e+00
      14130     33.000     5.9890     5.9893     0.0003    0.78429    0.78438          1     7.9403     7.9419      98.52     0.4556     0.2436  1.000e-12  0.4979000     7.0077     7.0084     0.0007     5.4952     5.4958     32.690     33.429      0.384    1440.02    1440.02  0.000e+00
      14164     33.500     5.9889     5.9894     0.0005    0.78432    0.78439          1     7.9353     7.9406      98.53     0.4734     0.2664  1.000e-12  0.4883000     7.0079     7.0085     0.0006     5.4954     5.4958     33.185     33.935      0.397    1440.03    1440.03  0.000e+00
      14189     34.000     5.9892     5.9897     0.0005    0.78433    0.78441          1     7.9392     7.9328      98.53     0.4706     0.2817  1.000e-12  0.4924000     7.0078     7.0085     0.0007     5.4954     5.4959     33.680     34.442      0.550    1440.04    1440.04  0.000e+00
      14209     34.500     5.9900     5.9904     0.0004    0.78439    0.78448          1     7.9412     7.9307      98.54     0.4609     0.2779  1.000e-12  0.5026000     7.0082     7.0089     0.0007     5.4956     5.4961     34.176     34.948      0.616    1440.05    1440.05  0.000e+00
      14228     35.000     5.9902     5.9906     0.0004    0.78444    0.78452          1     7.9419     7.9342      98.55     0.4558     0.2715  1.000e-12  0.5072000     7.0086     7.0093     0.0007     5.4959     5.4964     34.671     35.455      0.559    1440.06    1440.06  0.000e+00
      14254     35.500     5.9904     5.9909     0.0004    0.78448    0.78456          1     7.9391     7.9330      98.55     0.4556     0.2385  1.000e-12  0.4974000     7.0089     7.0095     0.0007     5.4961     5.4966     35.166     35.961      0.389    1440.07    1440.07  0.000e+00
      14292     36.000     5.9911     5.9916     0.0004    0.78455    0.78462          1     7.9322     7.9285      98.54     0.4641     0.2196  1.000e-12  0.5023000     7.0093     7.0099     0.0006     5.4964     5.4969     35.662     36.468      0.348    1440.08    1440.08  0.000e+00
      14320     36.500     5.9921     5.9925     0.0004    0.78465    0.78472          1     7.9337     7.9341      98.55     0.4681     0.2504  1.000e-12  0.5005000     7.0100     7.0106     0.0006     5.4969     5.4974     36.157     36.974      0.533    1440.09    1440.09  0.000e+00
      14339     37.000     5.9931     5.9933     0.0003    0.78474    0.78480          1     7.9338     7.9348      98.56     0.4679     0.2574  1.000e-12  0.4998000     7.0106     7.0112     0.0005     5.4973     5.4978     36.652     37.481      0.613    1440.11    1440.11  0.000e+00
      14359     37.500     5.9935     5.9939     0.0004    0.78483    0.78491          1     7.9267     7.9355      98.56     0.4627     0.2435  1.000e-12  0.5148000     7.0113     7.0120     0.0007     5.4979     5.4984     37.147     37.987      0.568    1440.11    1440.12  0.000e+00
      14383     38.000     5.9938     5.9943     0.0006    0.78492    0.78500          1     7.9272     7.9304      98.56     0.4607     0.2158  1.000e-12  0.5260000     7.0121     7.0127     0.0007     5.4985     5.4990     37.643     38.494      0.428    1440.13    1440.13  0.000e+00
      14416     38.500     5.9940     5.9946     0.0005    0.78498    0.78506          1     7.9294     7.9201      98.57     0.4599     0.2316  1.000e-12  0.5069000     7.0125     7.0132     0.0006     5.4988     5.4993     38.138     39.000      0.371    1440.13    1440.14  0.000e+00
      14445     39.000     5.9942     5.9948     0.0006    0.78503    0.78515          1     7.9209     7.9156      98.57     0.4556     0.2505  1.000e-12  0.5174000     7.0129     7.0139     0.0010     5.4991     5.4999     38.633     39.507      0.476    1440.14    1440.15  0.000e+00
      14468     39.500     5.9946     5.9950     0.0003    0.78513    0.78520          1     7.9188     7.9126      98.58     0.4750     0.2378  1.000e-12  0.5044000     7.0137     7.0143     0.0006     5.4997     5.5002     39.128     40.013      0.543    1440.15    1440.16  0.000e+00
      14490     40.000     5.9952     5.9956     0.0004    0.78521    0.78530          1     7.9204     7.9107      98.58     0.4661     0.2190  1.000e-12  0.4992000     7.0143     7.0151     0.0007     5.5002     5.5007     39.624     40.520      0.551    1440.17    1440.17  0.000e+00
      14512     40.500     5.9961     5.9968     0.0007    0.78529    0.78540          1     7.9221     7.9109      98.58     0.4456     0.3206  1.000e-12  0.5040000     7.0148     7.0157     0.0009     5.5005     5.5012     40.119     41.026      0.514    1440.18    1440.18  0.000e+00
      14537     41.000     5.9970     5.9971     0.0001    0.78545    0.78547          1     7.9216     7.9181      98.58     0.4416     0.2401  1.000e-12  0.5111000     7.0161     7.0163     0.0001     5.5015     5.5016     40.614     41.533      0.447    1440.19    1440.19  0.000e+00
      14566     41.500     5.9972     5.9976     0.0005    0.78554    0.78562          1     7.9151     7.9177      72.09     0.4555     0.2760  1.000e-12  0.5067000     7.0169     7.0175     0.0007     5.5021     5.5026     41.109     42.039      0.389    1440.20    1440.20  0.000e+00
      14597     42.000     5.9974     5.9978     0.0005    0.78558    0.78566          1     7.9140     7.9176      80.60     0.4377     0.2707  1.000e-12  0.5108000     7.0172     7.0178     0.0006     5.5023     5.5028     41.604     42.546      0.415    1440.21    1440.21  0.000e+00
      14624     42.500     5.9978     5.9983     0.0005    0.78570    0.78578          1     7.9181     7.9178      98.77     0.4419     0.2602  1.000e-12  0.4966000     7.0182     7.0189     0.0007     5.5031     5.5036     42.100     43.052      0.498    1440.22    1440.22  0.000e+00
      14646     43.000     5.9980     5.9985     0.0005    0.78626    0.78636          1     7.9124     7.9016      67.58     0.4341     0.2242  1.000e-12  0.5102000     7.0235     7.0243     0.0008     5.5072     5.5078     42.595     43.559      0.541    1440.24    1440.24  0.000e+00
      14668     43.500     5.9983     5.9988     0.0005    0.78653    0.78661          1     7.9059     7.8925      89.70     0.4168     0.2135  1.000e-12  0.5056000     7.0259     7.0266     0.0006     5.5092     5.5097     43.090     44.065      0.518    1440.25    1440.25  0.000e+00
      14693     44.000     5.9985     5.9990     0.0005    0.78663    0.78672          1     7.8944     7.8867      98.47     0.4203     0.2638  1.000e-12  0.4998000     7.0268     7.0275     0.0007     5.5098     5.5104     43.585     44.571      0.456    1440.26    1440.26  0.000e+00
      14721     44.500     5.9998     6.0002     0.0005    0.78705    0.78714          1     7.8866     7.8846      82.88     0.4239     0.2366  1.000e-12  0.4880000     7.0305     7.0312     0.0007     5.5127     5.5132     44.081     45.078      0.432    1440.28    1440.28  0.000e+00
      14748     45.000     6.0034     6.0034    -0.0001    0.78825    0.78830          1     7.8629     7.8576      98.87     0.4199     0.2513  1.000e-12  0.4730000     7.0412     7.0416     0.0005     5.5209     5.5213     44.576     45.584      0.469    1440.31    1440.32  0.000e+00
      14772     45.500     6.0297     6.0316     0.0019    0.79068    0.79085          1     7.8042     7.7921      98.60     0.3956     0.2511  1.000e-12  0.4653000     7.0589     7.0602     0.0013     5.5335     5.5344     45.071     46.091      0.492    1440.46    1440.47  0.000e+00
      14797     46.000     6.0356     6.0362     0.0006    0.79152    0.79157          1     7.7658     7.7465      98.45     0.3761     0.2520  1.000e-12  0.4601000     7.0657     7.0661     0.0004     5.5385     5.5388     45.566     46.597      0.477    1440.50    1440.50  0.000e+00
      14823     46.500     6.0348     6.0354     0.0005    0.79266    0.79271          1     7.7385     7.7117      98.60     0.3784     0.2292  1.000e-12  0.4387000     7.0768     7.0772     0.0004     5.5473     5.5476     46.062     47.104      0.439    1440.52    1440.52  0.000e+00
      14852     47.000     6.0341     6.0346     0.0005    0.79345    0.79353          1     7.6954     7.6772      98.61     0.3745     0.2762  1.000e-12  0.4453000     7.0845     7.0851     0.0006     5.5534     5.5539     46.557     47.610      0.428    1440.53    1440.54  0.000e+00
      14878     47.500     6.0280     6.0291     0.0011    0.79464    0.79471          1     7.6449     7.6185      98.61     0.3800     0.2360  1.000e-12  0.4118000     7.0970     7.0975     0.0005     5.5637     5.5640     47.052     48.117      0.493    1440.53    1440.53  0.000e+00
      14901     48.000     5.9926     5.9934     0.0007    0.79673    0.79684          1     7.5816     7.5541      98.61     0.3744     0.2371  1.000e-12  0.3937000     7.1245     7.1254     0.0008     5.5872     5.5878     47.547     48.623      0.556    1440.42    1440.43  0.000e+00
      14922     48.500     5.9802     5.9813     0.0011    0.79807    0.79808          1     7.4996     7.4703      98.61     0.3725     0.2487  1.000e-12  0.3935000     7.1399     7.1398    -0.0001     5.6000     5.5999     48.043     49.130      0.532    1440.40    1440.40  0.000e+00
      14947     49.000     5.9228     5.9303     0.0076    0.80206    0.80191          1     7.3580     7.3264      98.61     0.3722     0.2504  1.000e-12  0.3963000     7.1904     7.1874    -0.0030     5.6429     5.6401     48.538     49.636      0.411    1440.22    1440.25  0.000e+00
      14980     49.500     5.7972     5.8034     0.0062    0.80717    0.80712          1     7.1266     7.0920      98.61     0.3701     0.3014  1.000e-12  0.3734000     7.2665     7.2647    -0.0018     5.7093     5.7076     49.033     50.142      0.392    1439.78    1439.81  0.000e+00
      15007     50.000     5.7393     5.7411     0.0017    0.80971    0.80971          1     6.9672     6.9278      98.62     0.3718     0.2233  1.000e-12  0.3600000     7.3035     7.3032    -0.0004     5.7415     5.7411     49.528     50.649      0.513    1439.59    1439.59  0.000e+00
      15028     50.500     5.6770     5.6805     0.0035    0.81191    0.81193          1     6.8724     6.8413      98.62     0.3486     0.2362  1.000e-12  0.3422000     7.3384     7.3378    -0.0006     5.7721     5.7714     50.023     51.155      0.546    1439.37    1439.39  0.000e+00
      15051     51.000     5.6561     5.6568     0.0007    0.81288    0.81293          1     6.7979     6.7818      98.62     0.3468     0.2676  1.000e-12  0.3281000     7.3523     7.3526     0.0003     5.7841     5.7843     50.519     51.662      0.498    1439.31    1439.31  0.000e+00
      15077     51.500     5.6300     5.6331     0.0031    0.81403    0.81405          1     6.7301     6.7256      98.62     0.3602     0.2511  1.000e-12  0.3299000     7.3691     7.3686    -0.0005     5.7986     5.7980     51.014     52.168      0.451    1439.22    1439.23  0.000e+00
      15104     52.000     5.5804     5.5848     0.0044    0.81583    0.81581          1     6.6758     6.6711      98.63     0.3508     0.2307  1.000e-12  0.3196000     7.3975     7.3962    -0.0013     5.8234     5.8222     51.509     52.674      0.446    1439.05    1439.07  0.000e+00
      15131     52.500     5.5123     5.5160     0.0037    0.81819    0.81822          1     6.5404     6.5357      98.62     0.3397     0.2456  1.000e-12  0.3025000     7.4354     7.4349    -0.0005     5.8566     5.8560     52.004     53.180      0.417    1438.81    1438.83  0.000e+00
      15161     53.000     5.3651     5.3812     0.0162    0.82325    0.82286          1     6.3017     6.2806      98.61     0.3334     0.2638  1.000e-12  0.2930000     7.5179     7.5104    -0.0075     5.9285     5.9218     52.500     53.687      0.418    1438.28    1438.34  0.000e+00
      15187     53.500     5.1314     5.1356     0.0041    0.83020    0.83024          1     6.0018     5.9684      73.16     0.3205     0.1992  1.000e-12  0.3215000     7.6390     7.6384    -0.0006     6.0345     6.0339     52.995     54.193      0.528    1437.43    1437.44  0.000e+00
      15208     54.000     5.0305     5.0343     0.0038    0.83219    0.83225          1     5.8050     5.7755      57.33     0.3309     0.2271  1.000e-12  0.2893000     7.6819     7.6816    -0.0003     6.0726     6.0722     53.490     54.699      0.600    1437.04    1437.06  0.000e+00
      15228     54.500     4.9259     4.9351     0.0091    0.83535    0.83532          1     5.6560     5.6299      98.02     0.3083     0.2310  1.000e-12  0.2679000     7.7375     7.7350    -0.0025     6.1208     6.1185     53.985     55.205      0.560    1436.66    1436.70  0.000e+00
      15253     55.000     4.8140     4.8184     0.0044    0.83916    0.83912          1     5.4870     5.4703      88.48     0.3050     0.2264  1.000e-12  0.2591000     7.8016     7.8002    -0.0014     6.1758     6.1746     54.480     55.712      0.396    1436.26    1436.28  0.000e+00
      15291     55.500     4.7729     4.7772     0.0043    0.84215    0.84195          1     5.3234     5.3222      83.73     0.3022     0.2344  1.000e-12  0.2531000     7.8411     7.8380    -0.0031     6.2087     6.2061     54.976     56.218      0.341    1436.14    1436.15  0.000e+00
      15319     56.000     4.7149     4.7186     0.0036    0.84528    0.84525          1     5.2128     5.2001      99.01     0.2739     0.2117  1.000e-12  0.2670000     7.8861     7.8849    -0.0012     6.2465     6.2454     55.471     56.724      0.528    1435.95    1435.96  0.000e+00
