ctdpy/exports/archive_20191121_122431/received_data/SBE09_0745_20181210_0825_34_01_0176.cnv
* Sea-Bird SBE 9 Data File:
* FileName = C:\ctd\temp\ar18d176.hex
* Software Version Seasave V 7.26.7.107
* Temperature SN = 4387
* Conductivity SN = 2994
* Number of Bytes Per Scan = 41
* Number of Voltage Words = 4
* Number of Scans Averaged by the Deck Unit = 1
* NMEA Latitude = 58 01.01 N
* NMEA Longitude = 017 59.07 E
* NMEA UTC (Time) = Dec 10 2018  08:25:21
* NMEA baud rate = 4800
** Station:  BY32
** Operator:  JKro
** Ship: ARANDA
** Average sound velocity: 1443.22 m/s
** True-depth calculation Mon, 10 Dec 2018 09:28:26 +0000
** CTD Python Module SMHI /ver 3-12/ feb 2012 
** LIMS Job: 20183401-0176
** Cruise: SMHI-7-2018
** Latitude [GG MM.mm N]:
** Longitude [GG MM.mm E]:
# nquan = 26
# nvalues = 394                         
# units = specified
# name 0 = scan: Scan Count
# name 1 = prDM: Pressure, Digiquartz [db]
# name 2 = t090C: Temperature [ITS-90, deg C]
# name 3 = t190C: Temperature, 2 [ITS-90, deg C]
# name 4 = T2-T190C: Temperature Difference, 2 - 1 [ITS-90, deg C]
# name 5 = c0S/m: Conductivity [S/m]
# name 6 = c1S/m: Conductivity, 2 [S/m]
# name 7 = pumps: Pump Status
# name 8 = sbeox0ML/L: Oxygen, SBE 43 [ml/l]
# name 9 = sbeox1ML/L: Oxygen, SBE 43, 2 [ml/l]
# name 10 = altM: Altimeter [m]
# name 11 = flECO-AFL: Chl-a Fluorescence, WET Labs ECO-AFL/FL [mg/m^3]
# name 12 = flECO-AFL1: Phycocyanin Fluorescence, WET Labs ECO-AFL/FL, 2 [mg/m^3]
# name 13 = par: PAR/Irradiance, Biospherical/Lico [µE/(cm^2*s)]
# name 14 = turbWETntu0: Turbidity, WET Labs ECO [NTU]
# name 15 = sal00: Salinity, Practical [PSU]
# name 16 = sal11: Salinity, Practical, 2 [PSU]
# name 17 = secS-priS: Salinity, Practical, Difference, 2 - 1 [PSU]
# name 18 = sigma-t00: Density [sigma-t, Kg/m^3 ]
# name 19 = sigma-t11: Density, 2 [sigma-t, Kg/m^3 ]
# name 20 = depSM: Depth [salt water, m], lat = 58.0168
# name 21 = depFM: Depth [true depth, m], lat = 58.0168
# name 22 = dz/dtM: Descent Rate [m/s], WS = 2
# name 23 = svCM: Sound Velocity [Chen-Millero, m/s]
# name 24 = svCM1: Sound Velocity, 2 [Chen-Millero, m/s]
# name 25 = flag: flag
# span 0 =      23600,      35264       
# span 1 =      1.500,    198.000       
# span 2 =     4.6694,     6.0243       
# span 3 =     4.6684,     6.0247       
# span 4 =    -0.0033,     0.0071       
# span 5 =   0.787296,   1.189475       
# span 6 =   0.787373,   1.189548       
# span 7 =          1,          1       
# span 8 =    0.02089,    7.99201       
# span 9 =    0.04537,    7.99762       
# span 10 =       3.26,      99.30      
# span 11 =     0.2325,     0.5535      
# span 12 =     0.1507,     0.3240      
# span 13 = -4.335e-05, 9.6452e+01      
# span 14 =     0.1635,     2.7822      
# span 15 =     7.0414,    10.9493      
# span 16 =     7.0420,    10.9499      
# span 17 =    -0.0038,     0.0037      
# span 18 =     5.5221,     8.6020      
# span 19 =     5.5226,     8.6025      
# span 20 =      1.486,    196.071      
# span 21 =      1.519,    200.173      
# span 22 =     -0.057,      0.715      
# span 23 =    1436.56,    1447.58      
# span 24 =    1436.56,    1447.58      
# span 25 = 0.0000e+00, 0.0000e+00      
# interval = decibars: 0.5              
# start_time = Dec 10 2018 08:25:21 [NMEA time, first data scan]
# bad_flag = -9.990e-29
*END*
[from data line 335]
      31948    169.000     5.9563     5.9566     0.0003    1.18410    1.18415          1     0.0295     0.0560      33.55     0.3906     0.2506  1.000e-12  0.2396000    10.9081    10.9084     0.0003     8.5710     8.5713    167.365    170.887      0.458    1446.97    1446.97  0.000e+00
      31973    169.500     5.9570     5.9573     0.0003    1.18424    1.18434          1     0.0277     0.0582      33.07     0.3834     0.2372  1.000e-12  0.2593000    10.9091    10.9100     0.0008     8.5718     8.5725    167.860    171.392      0.528    1446.98    1446.99  0.000e+00
      31994    170.000     5.9577     5.9580     0.0003    1.18440    1.18450          1     0.0304     0.0558      32.58     0.3912     0.2790  1.000e-12  0.2617000    10.9104    10.9113     0.0009     8.5728     8.5734    168.355    171.897      0.560    1446.99    1447.00  0.000e+00
      32016    170.500     5.9579     5.9583     0.0004    1.18448    1.18457          1     0.0306     0.0553      32.05     0.3883     0.2703  1.000e-12  0.2583000    10.9110    10.9118     0.0007     8.5733     8.5738    168.850    172.402      0.524    1447.00    1447.01  0.000e+00
      32041    171.000     5.9578     5.9582     0.0004    1.18449    1.18457          1     0.0302     0.0568      31.50     0.3883     0.2717  1.000e-12  0.2521000    10.9110    10.9117     0.0007     8.5732     8.5738    169.345    172.907      0.456    1447.01    1447.01  0.000e+00
      32068    171.500     5.9581     5.9585     0.0004    1.18454    1.18464          1     0.0293     0.0547      30.97     0.3876     0.2567  1.000e-12  0.2597000    10.9114    10.9122     0.0008     8.5735     8.5742    169.840    173.412      0.468    1447.02    1447.02  0.000e+00
      32092    172.000     5.9588     5.9591     0.0004    1.18468    1.18477          1     0.0310     0.0556      30.48     0.3824     0.2349  1.000e-12  0.2770000    10.9125    10.9132     0.0008     8.5743     8.5749    170.335    173.917      0.536    1447.04    1447.04  0.000e+00
      32113    172.500     5.9591     5.9594     0.0003    1.18476    1.18484          1     0.0306     0.0576      29.99     0.3857     0.2463  1.000e-12  0.2753000    10.9130    10.9137     0.0007     8.5747     8.5753    170.830    174.422      0.534    1447.04    1447.05  0.000e+00
      32137    173.000     5.9594     5.9598     0.0004    1.18485    1.18493          1     0.0304     0.0548      29.46     0.3917     0.2358  1.000e-12  0.2556000    10.9138    10.9145     0.0007     8.5753     8.5758    171.325    174.927      0.486    1447.05    1447.06  0.000e+00
      32162    173.500     5.9598     5.9602     0.0003    1.18494    1.18502          1     0.0308     0.0559      28.97     0.3822     0.2371  1.000e-12  0.2629000    10.9144    10.9151     0.0007     8.5758     8.5763    171.820    175.432      0.511    1447.06    1447.07  0.000e+00
      32184    174.000     5.9602     5.9605     0.0003    1.18502    1.18510          1     0.0313     0.0561      28.49     0.3824     0.2519  1.000e-12  0.2859000    10.9150    10.9157     0.0007     8.5763     8.5768    172.315    175.936      0.597    1447.08    1447.08  0.000e+00
      32203    174.500     5.9616     5.9619     0.0003    1.18531    1.18540          1     0.0295     0.0553      28.00     0.3824     0.2602  1.000e-12  0.2742000    10.9173    10.9182     0.0008     8.5780     8.5786    172.810    176.441      0.624    1447.09    1447.09  0.000e+00
      32222    175.000     5.9624     5.9628     0.0004    1.18548    1.18556          1     0.0297     0.0540      27.46     0.3824     0.2784  1.000e-12  0.2573000    10.9187    10.9194     0.0007     8.5790     8.5796    173.305    176.946      0.551    1447.11    1447.11  0.000e+00
      32248    175.500     5.9628     5.9632     0.0004    1.18559    1.18567          1     0.0310     0.0568      26.84     0.3743     0.2688  1.000e-12  0.2576000    10.9196    10.9203     0.0007     8.5797     8.5802    173.800    177.451      0.405    1447.12    1447.12  0.000e+00
      32282    176.000     5.9638     5.9641     0.0003    1.18581    1.18588          1     0.0292     0.0541      26.29     0.3796     0.2281  1.000e-12  0.2470000    10.9214    10.9220     0.0006     8.5810     8.5815    174.295    177.956      0.381    1447.13    1447.13  0.000e+00
      32309    176.500     5.9664     5.9667     0.0003    1.18638    1.18646          1     0.0250     0.0552      25.82     0.3824     0.2453  1.000e-12  0.2556000    10.9261    10.9268     0.0007     8.5846     8.5851    174.789    178.461      0.510    1447.16    1447.16  0.000e+00
      32330    177.000     5.9677     5.9681     0.0004    1.18665    1.18678          1     0.0294     0.0531      25.36     0.3939     0.2766  1.000e-12  0.2496000    10.9283    10.9294     0.0012     8.5862     8.5871    175.284    178.966      0.604    1447.17    1447.17  0.000e+00
      32349    177.500     5.9685     5.9689     0.0004    1.18684    1.18695          1     0.0303     0.0526      24.90     0.4027     0.2900  1.000e-12  0.2660000    10.9298    10.9308     0.0010     8.5874     8.5882    175.779    179.471      0.634    1447.18    1447.19  0.000e+00
      32368    178.000     5.9687     5.9691     0.0004    1.18689    1.18700          1     0.0287     0.0544      24.41     0.4025     0.2638  1.000e-12  0.2635000    10.9302    10.9312     0.0010     8.5877     8.5884    176.274    179.976      0.619    1447.19    1447.20  0.000e+00
      32388    178.500     5.9692     5.9696     0.0004    1.18701    1.18711          1     0.0273     0.0547      23.89     0.3947     0.2780  1.000e-12  0.2458000    10.9311    10.9320     0.0009     8.5884     8.5890    176.769    180.481      0.579    1447.21    1447.21  0.000e+00
      32410    179.000     5.9695     5.9700     0.0005    1.18708    1.18720          1     0.0295     0.0550      23.36     0.4180     0.2798  1.000e-12  0.2741000    10.9316    10.9326     0.0010     8.5887     8.5895    177.264    180.986      0.521    1447.22    1447.22  0.000e+00
      32435    179.500     5.9698     5.9702     0.0004    1.18715    1.18725          1     0.0295     0.0527      22.73     0.3829     0.2723  1.000e-12  0.2560000    10.9321    10.9330     0.0009     8.5891     8.5898    177.759    181.491      0.447    1447.23    1447.23  0.000e+00
      32464    180.000     5.9702     5.9706     0.0004    1.18726    1.18734          1     0.0295     0.0525      22.15     0.3796     0.2276  1.000e-12  0.2421000    10.9330    10.9336     0.0007     8.5898     8.5903    178.254    181.996      0.403    1447.24    1447.24  0.000e+00
      32493    180.500     5.9705     5.9710     0.0005    1.18733    1.18743          1     0.0283     0.0557      21.66     0.4173     0.1966  1.000e-12  0.2451000    10.9335    10.9344     0.0009     8.5901     8.5908    178.749    182.501      0.475    1447.25    1447.25  0.000e+00
      32515    181.000     5.9713     5.9716     0.0003    1.18747    1.18754          1     0.0293     0.0527      21.21     0.4055     0.2217  1.000e-12  0.2738000    10.9346    10.9352     0.0006     8.5910     8.5914    179.244    183.006      0.570    1447.26    1447.26  0.000e+00
      32536    181.500     5.9727     5.9729     0.0002    1.18781    1.18788          1     0.0310     0.0532      20.72     0.3823     0.2368  1.000e-12  0.2620000    10.9374    10.9380     0.0006     8.5931     8.5935    179.739    183.510      0.571    1447.28    1447.28  0.000e+00
      32558    182.000     5.9741     5.9744     0.0003    1.18817    1.18823          1     0.0302     0.0552      20.18     0.3922     0.2542  1.000e-12  0.2516000    10.9404    10.9410     0.0006     8.5954     8.5958    180.234    184.015      0.511    1447.29    1447.30  0.000e+00
      32582    182.500     5.9752     5.9755     0.0003    1.18841    1.18849          1     0.0265     0.0513      19.62     0.4139     0.2986  1.000e-12  0.2685000    10.9424    10.9431     0.0007     8.5969     8.5974    180.729    184.520      0.509    1447.31    1447.31  0.000e+00
      32605    183.000     5.9755     5.9758     0.0003    1.18848    1.18857          1     0.0256     0.0543      19.13     0.4019     0.2516  1.000e-12  0.2571000    10.9429    10.9436     0.0007     8.5972     8.5978    181.224    185.025      0.569    1447.32    1447.32  0.000e+00
      32625    183.500     5.9756     5.9759     0.0004    1.18849    1.18858          1     0.0266     0.0531      18.65     0.3940     0.2517  1.000e-12  0.2545000    10.9429    10.9437     0.0007     8.5973     8.5978    181.718    185.530      0.581    1447.33    1447.33  0.000e+00
      32646    184.000     5.9756     5.9760     0.0003    1.18853    1.18861          1     0.0269     0.0515      18.12     0.4011     0.2223  1.000e-12  0.2616000    10.9432    10.9438     0.0007     8.5974     8.5980    182.213    186.035      0.529    1447.34    1447.34  0.000e+00
      32671    184.500     5.9758     5.9762     0.0004    1.18859    1.18867          1     0.0276     0.0547      17.54     0.4159     0.2239  1.000e-12  0.2667000    10.9436    10.9442     0.0006     8.5978     8.5983    182.708    186.540      0.456    1447.35    1447.35  0.000e+00
      32698    185.000     5.9761     5.9765     0.0005    1.18867    1.18876          1     0.0279     0.0536      16.99     0.4067     0.2733  1.000e-12  0.2763000    10.9442    10.9450     0.0007     8.5982     8.5988    183.203    187.045      0.456    1447.36    1447.36  0.000e+00
      32723    185.500     5.9768     5.9771     0.0003    1.18881    1.18887          1     0.0280     0.0493      16.51     0.4068     0.2542  1.000e-12  0.2680000    10.9453    10.9459     0.0006     8.5991     8.5995    183.698    187.550      0.527    1447.37    1447.37  0.000e+00
      32744    186.000     5.9774     5.9777     0.0003    1.18894    1.18903          1     0.0266     0.0517      16.03     0.4062     0.2111  1.000e-12  0.2700000    10.9463    10.9471     0.0008     8.5998     8.6004    184.193    188.055      0.570    1447.38    1447.38  0.000e+00
      32766    186.500     5.9777     5.9781     0.0004    1.18901    1.18910          1     0.0274     0.0533      15.53     0.3943     0.2041  1.000e-12  0.3274000    10.9468    10.9476     0.0009     8.6002     8.6008    184.688    188.560      0.523    1447.39    1447.39  0.000e+00
      32791    187.000     5.9777     5.9782     0.0005    1.18905    1.18914          1     0.0286     0.0535      14.95     0.3938     0.2551  1.000e-12  0.3576000    10.9472    10.9479     0.0008     8.6005     8.6010    185.183    189.065      0.434    1447.40    1447.40  0.000e+00
      32820    187.500     5.9780     5.9783     0.0003    1.18910    1.18918          1     0.0280     0.0504      14.35     0.3811     0.2762  1.000e-12  0.2677000    10.9474    10.9481     0.0007     8.6006     8.6012    185.678    189.570      0.474    1447.41    1447.41  0.000e+00
      32842    188.000     5.9784     5.9787     0.0003    1.18918    1.18926          1     0.0286     0.0541      13.53     0.4072     0.2656  1.000e-12  0.3170000    10.9480    10.9487     0.0007     8.6011     8.6016    186.173    190.075      0.570    1447.42    1447.42  0.000e+00
      32862    188.500     5.9786     5.9789     0.0003    1.18921    1.18931          1     0.0287     0.0522      13.38     0.3964     0.2802  1.000e-12  0.2871000    10.9482    10.9490     0.0008     8.6012     8.6018    186.668    190.579      0.608    1447.43    1447.43  0.000e+00
      32882    189.000     5.9788     5.9791     0.0003    1.18926    1.18935          1     0.0255     0.0507      12.96     0.3935     0.2790  1.000e-12  0.2930000    10.9486    10.9494     0.0008     8.6015     8.6021    187.163    191.084      0.585    1447.44    1447.44  0.000e+00
      32904    189.500     5.9789     5.9793     0.0004    1.18931    1.18939          1     0.0265     0.0510      12.44     0.3946     0.2442  1.000e-12  0.3087000    10.9488    10.9496     0.0008     8.6017     8.6023    187.658    191.589      0.517    1447.45    1447.45  0.000e+00
      32929    190.000     5.9790     5.9793     0.0004    1.18934    1.18942          1     0.0272     0.0523      11.87     0.3986     0.2230  1.000e-12  0.3342000    10.9490    10.9497     0.0007     8.6018     8.6023    188.152    192.094      0.466    1447.45    1447.46  0.000e+00
      32954    190.500     5.9791     5.9794     0.0003    1.18936    1.18944          1     0.0261     0.0512      11.40     0.4068     0.2485  1.000e-12  0.3508000    10.9492    10.9498     0.0007     8.6019     8.6025    188.647    192.599      0.495    1447.46    1447.46  0.000e+00
      32977    191.000     5.9792     5.9796     0.0004    1.18938    1.18946          1     0.0272     0.0516      10.87     0.4068     0.2653  1.000e-12  0.3169000    10.9492    10.9499     0.0007     8.6019     8.6025    189.142    193.104      0.510    1447.47    1447.47  0.000e+00
      33003    191.500     5.9792     5.9795     0.0004    1.18938    1.18947          1     0.0280     0.0515      10.33     0.4034     0.2610  1.000e-12  0.3060000    10.9492    10.9499     0.0007     8.6020     8.6025    189.637    193.609      0.431    1447.48    1447.48  0.000e+00
      33033    192.000     5.9792     5.9796     0.0005    1.18939    1.18948          1     0.0274     0.0519       9.77     0.3995     0.2691  1.000e-12  0.3290000    10.9492    10.9499     0.0007     8.6019     8.6025    190.132    194.114      0.440    1447.49    1447.49  0.000e+00
      33056    192.500     5.9794     5.9797     0.0003    1.18941    1.18950          1     0.0268     0.0516       9.33     0.4037     0.2821  1.000e-12  0.3389000    10.9492    10.9499     0.0008     8.6019     8.6025    190.627    194.619      0.595    1447.50    1447.50  0.000e+00
      33074    193.000     5.9794     5.9797     0.0003    1.18942    1.18950          1     0.0293     0.0512       8.88     0.3939     0.2372  1.000e-12  0.3472000    10.9491    10.9499     0.0008     8.6019     8.6025    191.122    195.124      0.659    1447.50    1447.51  0.000e+00
      33093    193.500     5.9793     5.9797     0.0003    1.18944    1.18951          1     0.0281     0.0512       8.37     0.4353     0.2702  1.000e-12  0.3578000    10.9493    10.9499     0.0007     8.6020     8.6025    191.617    195.629      0.550    1447.51    1447.51  0.000e+00
      33139    194.000     5.9793     5.9797     0.0004    1.18944    1.18952          1     0.0267     0.0516       7.64     0.4130     0.2400  1.000e-12  0.3886000    10.9492    10.9499     0.0007     8.6020     8.6025    192.112    196.134      0.286    1447.52    1447.52  0.000e+00
      33186    194.500     5.9794     5.9797     0.0003    1.18944    1.18953          1     0.0265     0.0517       7.15     0.4202     0.2332  1.000e-12  0.3349000    10.9491    10.9499     0.0008     8.6019     8.6025    192.607    196.639      0.472    1447.53    1447.53  0.000e+00
      33207    195.000     5.9794     5.9797     0.0003    1.18945    1.18953          1     0.0261     0.0520       6.72     0.4387     0.2745  1.000e-12  0.3968000    10.9491    10.9498     0.0007     8.6019     8.6024    193.101    197.143      0.499    1447.54    1447.54  0.000e+00
      33270    195.500     5.9793     5.9797     0.0004    1.18946    1.18953          1     0.0267     0.0514       6.08     0.4228     0.2447  1.000e-12  0.3999000    10.9491    10.9497     0.0006     8.6019     8.6024    193.596    197.648      0.309    1447.54    1447.55  0.000e+00
      33348    196.000     5.9792     5.9797     0.0005    1.18945    1.18955          1     0.0286     0.0511       5.56     0.4153     0.2308  1.000e-12  0.3673000    10.9490    10.9498     0.0008     8.6018     8.6024    194.091    198.153      0.275    1447.55    1447.55  0.000e+00
