ctdpy/exports/archive_20191121_122431/received_data/SBE09_1044_20181112_0813_34_01_0136.cnv
* Sea-Bird SBE 9 Data File:
* FileName = C:\ctd\temp\ar18d136.hex
* Software Version Seasave V 7.26.7.107
* Temperature SN = 5351
* Conductivity SN = 3941
* Number of Bytes Per Scan = 41
* Number of Voltage Words = 4
* Number of Scans Averaged by the Deck Unit = 1
* NMEA Latitude = 58 18.96 N
* NMEA Longitude = 010 56.50 E
* NMEA UTC (Time) = Nov 12 2018  08:13:30
* NMEA baud rate = 4800
** Station:  A14
** Operator:  A-KTh
** Ship: ARANDA
** Average sound velocity: 1490.64 m/s
** True-depth calculation Tue, 13 Nov 2018 15:01:41 +0000
** CTD Python Module SMHI /ver 3-12/ feb 2012 
** LIMS Job: 20183401-0136
** Cruise: SMHI-6-2018
** Latitude [GG MM.mm N]:
** Longitude [GG MM.mm E]
# nquan = 26
# nvalues = 215                         
# units = specified
# name 0 = scan: Scan Count
# name 1 = prDM: Pressure, Digiquartz [db]
# name 2 = t090C: Temperature [ITS-90, deg C]
# name 3 = t190C: Temperature, 2 [ITS-90, deg C]
# name 4 = T2-T190C: Temperature Difference, 2 - 1 [ITS-90, deg C]
# name 5 = c0S/m: Conductivity [S/m]
# name 6 = c1S/m: Conductivity, 2 [S/m]
# name 7 = pumps: Pump Status
# name 8 = sbeox0ML/L: Oxygen, SBE 43 [ml/l]
# name 9 = sbeox1ML/L: Oxygen, SBE 43, 2 [ml/l]
# name 10 = altM: Altimeter [m]
# name 11 = flECO-AFL: Chl-a Fluorescence, WET Labs ECO-AFL/FL [mg/m^3]
# name 12 = flECO-AFL1: Phycocyanin Fluorescence, WET Labs ECO-AFL/FL, 2 [mg/m^3]
# name 13 = par: PAR/Irradiance, Biospherical/Lico [µE/(cm^2*s)]
# name 14 = turbWETntu0: Turbidity, WET Labs ECO [NTU]
# name 15 = sal00: Salinity, Practical [PSU]
# name 16 = sal11: Salinity, Practical, 2 [PSU]
# name 17 = secS-priS: Salinity, Practical, Difference, 2 - 1 [PSU]
# name 18 = sigma-t00: Density [sigma-t, Kg/m^3 ]
# name 19 = sigma-t11: Density, 2 [sigma-t, Kg/m^3 ]
# name 20 = depSM: Depth [salt water, m], lat = 58.316
# name 21 = depFM: Depth [true depth, m], lat = 58.316
# name 22 = dz/dtM: Descent Rate [m/s], WS = 2
# name 23 = svCM: Sound Velocity [Chen-Millero, m/s]
# name 24 = svCM1: Sound Velocity, 2 [Chen-Millero, m/s]
# name 25 = flag: flag
# span 0 =      12858,      17841       
# span 1 =      1.000,    108.000       
# span 2 =     8.2833,    10.8376       
# span 3 =     8.2895,    10.8383       
# span 4 =    -0.0092,     0.0464       
# span 5 =   3.532586,   3.879330       
# span 6 =   3.532738,   3.879392       
# span 7 =          1,          1       
# span 8 =    4.97074,    6.03168       
# span 9 =    4.78100,    5.76892       
# span 10 =      -0.42,      98.80      
# span 11 =     0.0658,     0.8867      
# span 12 =     0.1209,     0.3412      
# span 13 = -2.322e-05, 1.8895e+02      
# span 14 =     0.3157,     1.4386      
# span 15 =    31.9594,    35.0490      
# span 16 =    31.9599,    35.0482      
# span 17 =    -0.0522,     0.0330      
# span 18 =    24.5364,    27.2694      
# span 19 =    24.5365,    27.2677      
# span 20 =      0.991,    106.968      
# span 21 =      0.994,    107.178      
# span 22 =     -0.017,      1.160      
# span 23 =    1485.38,    1493.47      
# span 24 =    1485.39,    1493.48      
# span 25 = 0.0000e+00, 0.0000e+00      
# interval = decibars: 0.5              
# start_time = Nov 12 2018 08:13:30 [NMEA time, first data scan]
# bad_flag = -9.990e-29
*END*
[from data line 168]
      16623     85.000    10.1645    10.1670     0.0025    3.82646    3.82667          1     5.4244     5.2161      26.23     0.0880     0.2206  1.000e-12  0.6110000    34.9801    34.9798    -0.0003    26.9081    26.9075     84.193     84.369      0.465    1491.80    1491.80  0.000e+00
      16658     85.500    10.1490    10.1504     0.0014    3.82505    3.82516          1     5.4100     5.2020      25.54     0.0915     0.2313  1.000e-12  0.6000000    34.9805    34.9802    -0.0002    26.9111    26.9107     84.688     84.865      0.355    1491.75    1491.75  0.000e+00
      16685     86.000    10.1232    10.1236     0.0005    3.82268    3.82278          1     5.3892     5.1936      25.19     0.1402     0.2671  1.000e-12  0.6010000    34.9811    34.9816     0.0006    26.9161    26.9164     85.183     85.361      0.644    1491.67    1491.67  0.000e+00
      16700     86.500    10.0742    10.0759     0.0017    3.81839    3.81855          1     5.3890     5.1914      24.80     0.1120     0.2236  1.000e-12  0.6383000    34.9844    34.9843    -0.0001    26.9270    26.9267     85.678     85.857      0.835    1491.50    1491.51  0.000e+00
      16713     87.000    10.0710    10.0719     0.0009    3.81812    3.81818          1     5.3849     5.1848      24.44     0.0919     0.2193  1.000e-12  0.6671000    34.9844    34.9842    -0.0002    26.9276    26.9273     86.173     86.353      0.911    1491.50    1491.50  0.000e+00
      16726     87.500    10.0622    10.0634     0.0012    3.81731    3.81742          1     5.3800     5.1785      24.00     0.1015     0.1527  1.000e-12  0.6664000    34.9845    34.9845    -0.0000    26.9292    26.9290     86.669     86.849      0.890    1491.48    1491.48  0.000e+00
      16740     88.000    10.0537    10.0552     0.0015    3.81657    3.81671          1     5.3803     5.1725      23.50     0.1024     0.1564  1.000e-12  0.6663000    34.9849    34.9848    -0.0001    26.9310    26.9307     87.164     87.345      0.772    1491.45    1491.46  0.000e+00
      16759     88.500    10.0252    10.0296     0.0044    3.81392    3.81428          1     5.3819     5.1672      22.85     0.0953     0.2183  1.000e-12  0.6521000    34.9851    34.9846    -0.0005    26.9361    26.9349     87.659     87.841      0.535    1491.36    1491.38  0.000e+00
      16797     89.000    10.0120    10.0087    -0.0034    3.81297    3.81249          1     5.3685     5.1701      22.01     0.1095     0.1929  1.000e-12  0.6746000    34.9880    34.9863    -0.0016    26.9405    26.9398     88.154     88.337      0.258    1491.33    1491.31  0.000e+00
      16839     89.500     9.9931     9.9943     0.0013    3.81105    3.81116          1     5.3817     5.1761      21.55     0.0944     0.2089  1.000e-12  0.7086000    34.9865    34.9864    -0.0001    26.9426    26.9423     88.649     88.833      0.478    1491.26    1491.27  0.000e+00
      16858     90.000     9.9674     9.9707     0.0033    3.80876    3.80904          1     5.3492     5.1495      21.20     0.0915     0.2344  1.000e-12  0.6988000    34.9876    34.9873    -0.0003    26.9479    26.9471     89.144     89.328      0.741    1491.18    1491.19  0.000e+00
      16872     90.500     9.9467     9.9484     0.0017    3.80677    3.80694          1     5.3088     5.1304      20.85     0.0912     0.2366  1.000e-12  0.6991000    34.9871    34.9872     0.0001    26.9510    26.9508     89.639     89.824      0.886    1491.11    1491.12  0.000e+00
      16885     91.000     9.8696     9.8725     0.0028    3.79929    3.79954          1     5.2783     5.1096      20.41     0.0837     0.2491  1.000e-12  0.7279000    34.9849    34.9846    -0.0002    26.9624    26.9618     90.134     90.320      0.940    1490.84    1490.85  0.000e+00
      16897     91.500     9.7512     9.7533     0.0021    3.78879    3.78900          1     5.2557     5.0852      20.00     0.0802     0.2511  1.000e-12  0.7345000    34.9918    34.9919     0.0001    26.9879    26.9876     90.630     90.816      0.913    1490.43    1490.44  0.000e+00
      16911     92.000     9.7166     9.7173     0.0008    3.78563    3.78578          1     5.2507     5.0757      19.46     0.0934     0.2653  1.000e-12  0.8261000    34.9927    34.9935     0.0008    26.9945    26.9949     91.125     91.312      0.789    1490.32    1490.32  0.000e+00
      16930     92.500     9.6810     9.6854     0.0044    3.78251    3.78292          1     5.2840     5.0949      18.83     0.0926     0.2334  1.000e-12  0.8432000    34.9948    34.9949     0.0000    27.0021    27.0014     91.620     91.808      0.495    1490.20    1490.21  0.000e+00
      16980     93.000     9.7350     9.7755     0.0403    3.78717    3.79091          1     5.2748     5.1046      18.03     0.0858     0.1836  1.000e-12  0.7164000    34.9901    34.9893    -0.0009    26.9893    26.9818     92.115     92.304      0.330    1490.40    1490.54  0.000e+00
      17009     93.500     9.5946     9.6025     0.0079    3.77448    3.77528          1     5.1872     5.0500      17.66     0.0909     0.1985  1.000e-12  0.7557000    34.9957    34.9964     0.0007    27.0173    27.0165     92.610     92.800      0.670    1489.90    1489.93  0.000e+00
      17023     94.000     9.4485     9.4575     0.0090    3.76050    3.76168          1     5.1472     5.0089      17.30     0.0954     0.2342  1.000e-12  0.8131000    34.9934    34.9969     0.0035    27.0398    27.0410     93.105     93.296      0.817    1489.38    1489.42  0.000e+00
      17037     94.500     9.2577     9.2530    -0.0046    3.74299    3.74295          1     5.1246     4.9782      16.90     0.1149     0.1716  1.000e-12  0.9590000    34.9979    35.0021     0.0042    27.0747    27.0788     93.600     93.791      0.822    1488.70    1488.68  0.000e+00
      17052     95.000     9.2049     9.2097     0.0048    3.73850    3.73901          1     5.1117     4.9547      16.34     0.1111     0.1522  1.000e-12  1.0311000    35.0026    35.0033     0.0006    27.0870    27.0868     94.096     94.287      0.705    1488.52    1488.54  0.000e+00
      17073     95.500     9.1969     9.1989     0.0020    3.73772    3.73789          1     5.0994     4.9388      15.24     0.1014     0.1783  1.000e-12  1.1645000    35.0021    35.0019    -0.0002    27.0879    27.0874     94.591     94.783      0.525    1488.49    1488.50  0.000e+00
      17099     96.000     9.1935     9.1941     0.0007    3.73742    3.73743          1     5.0988     4.9274      15.10     0.0849     0.2346  1.000e-12  1.1746000    35.0022    35.0016    -0.0005    27.0885    27.0880     95.086     95.279      0.493    1488.49    1488.49  0.000e+00
      17121     96.500     9.1785     9.1824     0.0039    3.73615    3.73643          1     5.1174     4.9286      14.75     0.1152     0.2092  1.000e-12  1.1811000    35.0033    35.0025    -0.0009    27.0919    27.0906     95.581     95.775      0.605    1488.44    1488.46  0.000e+00
      17139     97.000     9.1549     9.1573     0.0024    3.73400    3.73416          1     5.1228     4.9273      14.35     0.1072     0.1985  1.000e-12  1.2175000    35.0038    35.0032    -0.0006    27.0961    27.0953     96.076     96.271      0.643    1488.37    1488.38  0.000e+00
      17158     97.500     9.1423     9.1437     0.0014    3.73288    3.73298          1     5.1147     4.9211      13.84     0.0922     0.2031  1.000e-12  1.2084000    35.0043    35.0039    -0.0004    27.0986    27.0980     96.571     96.766      0.584    1488.33    1488.33  0.000e+00
      17181     98.000     9.1286     9.1286    -0.0001    3.73170    3.73158          1     5.0973     4.9119      13.28     0.0864     0.2472  1.000e-12  1.1953000    35.0051    35.0039    -0.0012    27.1014    27.1005     97.066     97.262      0.499    1488.29    1488.29  0.000e+00
      17206     98.500     9.0799     9.0795    -0.0004    3.72741    3.72733          1     5.0691     4.8983      12.77     0.1048     0.2340  1.000e-12  1.2375000    35.0079    35.0075    -0.0004    27.1114    27.1112     97.561     97.758      0.502    1488.12    1488.12  0.000e+00
      17229     99.000     9.0184     9.0092    -0.0092    3.72205    3.72109          1     5.0673     4.8919      12.30     0.1038     0.1925  1.000e-12  1.2977000    35.0120    35.0111    -0.0008    27.1246    27.1255     98.057     98.254      0.526    1487.91    1487.87  0.000e+00
      17252     99.500     8.9533     8.9563     0.0029    3.71633    3.71652          1     5.0753     4.8921      11.80     0.0974     0.1919  1.000e-12  1.2817000    35.0159    35.0150    -0.0010    27.1382    27.1369     98.552     98.750      0.519    1487.68    1487.69  0.000e+00
      17275    100.000     8.9350     8.9396     0.0046    3.71480    3.71514          1     5.0748     4.8895      11.34     0.1273     0.2146  1.000e-12  1.3293000    35.0177    35.0167    -0.0010    27.1425    27.1410     99.047     99.246      0.555    1487.63    1487.64  0.000e+00
      17295    100.500     8.9161     8.9153    -0.0007    3.71328    3.71322          1     5.0740     4.8912      10.89     0.1156     0.2277  1.000e-12  1.3053000    35.0202    35.0203     0.0001    27.1475    27.1477     99.542     99.741      0.642    1487.57    1487.57  0.000e+00
      17312    101.000     8.9034     8.9038     0.0004    3.71223    3.71222          1     5.0854     4.8921      10.47     0.0962     0.2340  1.000e-12  1.3136000    35.0214    35.0209    -0.0005    27.1504    27.1500    100.037    100.237      0.704    1487.53    1487.53  0.000e+00
      17329    101.500     8.8857     8.8878     0.0019    3.71073    3.71087          1     5.0931     4.8918       9.95     0.0851     0.2500  1.000e-12  1.3186000    35.0228    35.0223    -0.0005    27.1544    27.1537    100.532    100.733      0.698    1487.48    1487.48  0.000e+00
      17347    102.000     8.8889     8.8866    -0.0021    3.71104    3.71083          1     5.0976     4.8981       9.46     0.1147     0.2038  1.000e-12  1.2981000    35.0228    35.0227    -0.0001    27.1539    27.1542    101.027    101.229      0.609    1487.50    1487.49  0.000e+00
      17370    102.500     8.8581     8.8637     0.0055    3.70824    3.70872          1     5.0890     4.8944       8.85     0.1164     0.1712  1.000e-12  1.3163000    35.0234    35.0230    -0.0003    27.1593    27.1581    101.522    101.725      0.461    1487.39    1487.41  0.000e+00
      17399    103.000     8.8207     8.8267     0.0061    3.70491    3.70537          1     5.0426     4.8761       8.29     0.1151     0.2008  1.000e-12  1.2955000    35.0250    35.0241    -0.0009    27.1665    27.1648    102.017    102.220      0.445    1487.26    1487.28  0.000e+00
      17423    103.500     8.6806     8.6952     0.0145    3.69251    3.69351          1     5.0145     4.8491       7.82     0.1144     0.1933  1.000e-12  1.3490000    35.0327    35.0288    -0.0039    27.1947    27.1893    102.512    102.716      0.520    1486.76    1486.81  0.000e+00
      17447    104.000     8.5786     8.5863     0.0077    3.68319    3.68373          1     5.0100     4.8416       7.22     0.1078     0.1884  1.000e-12  1.4350000    35.0349    35.0329    -0.0020    27.2124    27.2097    103.008    103.212      0.427    1486.39    1486.42  0.000e+00
      17492    104.500     8.5172     8.5637     0.0464    3.67759    3.68178          1     4.9977     4.8341       6.41     0.1080     0.2169  1.000e-12  1.3421000    35.0362    35.0344    -0.0017    27.2231    27.2145    103.503    103.708      0.270    1486.18    1486.35  0.000e+00
      17528    105.000     8.4363     8.4419     0.0057    3.67027    3.67084          1     4.9902     4.8210       6.13     0.0934     0.2205  1.000e-12  1.3768000    35.0387    35.0390     0.0003    27.2376    27.2370    103.998    104.203      0.530    1485.88    1485.91  0.000e+00
      17547    105.500     8.3399     8.3433     0.0034    3.66174    3.66202          1     4.9936     4.8061       5.84     0.0856     0.2492  1.000e-12  1.4306000    35.0435    35.0432    -0.0003    27.2563    27.2555    104.493    104.699      0.585    1485.54    1485.55  0.000e+00
      17570    106.000     8.3102     8.3090    -0.0012    3.65915    3.65894          1     4.9828     4.8084       5.33     0.1049     0.2079  1.000e-12  1.4386000    35.0452    35.0442    -0.0010    27.2622    27.2616    104.988    105.195      0.371    1485.44    1485.43  0.000e+00
      17645    106.500     8.3211     8.3193    -0.0016    3.66018    3.66002          1     4.9839     4.8009       4.62     0.1110     0.2437  1.000e-12  1.2000000    35.0451    35.0452     0.0001    27.2605    27.2608    105.483    105.691      0.303    1485.49    1485.48  0.000e+00
      17676    107.000     8.2920     8.2920     0.0000    3.65765    3.65762          1     4.9877     4.7865       4.32     0.1075     0.2479  1.000e-12  1.4063000    35.0469    35.0466    -0.0003    27.2664    27.2662    105.978    106.186      0.449    1485.39    1485.39  0.000e+00
      17729    107.500     8.2900     8.2923     0.0022    3.65758    3.65771          1     4.9769     4.7810       3.77     0.1151     0.2442  1.000e-12  1.4287000    35.0478    35.0471    -0.0008    27.2674    27.2664    106.473    106.682      0.284    1485.39    1485.40  0.000e+00
      17841    108.000     8.2833     8.2895     0.0062    3.65709    3.65758          1     4.9707     4.7815       3.07     0.1261     0.2482  1.000e-12  1.3692000    35.0490    35.0482    -0.0009    27.2694    27.2677    106.968    107.178     -0.017    1485.38    1485.40  0.000e+00
