ctdpy/exports/archive_20191121_122431/received_data/SBE09_0827_20180119_0609_26_01_0111.cnv
* Sea-Bird SBE 9 Data File:
* FileName = D:\CTD_SBE911\DAT\26DA.2018.1.11.hex
* Software Version Seasave V 7.21d
* Temperature SN = 034757
* Conductivity SN = 041844
* Number of Bytes Per Scan = 48
* Number of Voltage Words = 5
* Number of Scans Averaged by the Deck Unit = 1
* NMEA Latitude = 57 08.82 N
* NMEA Longitude = 007 34.15 E
* NMEA UTC (Time) = Jan 19 2018  06:09:18
* NMEA baud rate = 4800
** Ship: DANA
** Average sound velocity: 1478.93 m/s
** True-depth calculation Thu, 28 Mar 2019 08:02:20 +0000
** CTD Python Module SMHI /ver 3-12/ feb 2012 
** LIMS Job: 20182601-0111
**  43F7xx
** Operator: A-KTh
** Cruise: 01/2018
# nquan = 26
# nvalues = 97                          
# units = specified
# name 0 = scan: Scan Count
# name 1 = prDM: Pressure, Digiquartz [db]
# name 2 = t090C: Temperature [ITS-90, deg C]
# name 3 = t190C: Temperature, 2 [ITS-90, deg C]
# name 4 = T2-T190C: Temperature Difference, 2 - 1 [ITS-90, deg C]
# name 5 = c0S/m: Conductivity [S/m]
# name 6 = c1S/m: Conductivity, 2 [S/m]
# name 7 = pumps: Pump Status
# name 8 = sbeox1ML/L: Oxygen, SBE 43, 2 [ml/l]
# name 9 = sbeox0ML/L: Oxygen, SBE 43 [ml/l]
# name 10 = altM: Altimeter [m]
# name 11 = chloroflTC0: Chlorophyll, Turner Cyclops [ug/l]
# name 12 = cpar: CPAR/Corrected Irradiance [%]
# name 13 = par: PAR/Irradiance, Biospherical/Lico [µE/(cm^2*s)]
# name 14 = spar: SPAR, Biospherical/Licor
# name 15 = sal00: Salinity, Practical [PSU]
# name 16 = sal11: Salinity, Practical, 2 [PSU]
# name 17 = secS-priS: Salinity, Practical, Difference, 2 - 1 [PSU]
# name 18 = sigma-t00: Density [sigma-t, kg/m^3 ]
# name 19 = sigma-t11: Density, 2 [sigma-t, kg/m^3 ]
# name 20 = depSM: Depth [salt water, m], lat = 57.147
# name 21 = depFM: Depth [true depth, m], lat = 57.147
# name 22 = dz/dtM: Descent Rate [m/s], WS = 2
# name 23 = svCM: Sound Velocity [Chen-Millero, m/s]
# name 24 = svCM1: Sound Velocity, 2 [Chen-Millero, m/s]
# name 25 = flag: flag
# span 0 =         -5,       5169       
# span 1 =      1.000,     49.000       
# span 2 =     7.0917,     7.1114       
# span 3 =     7.0924,     7.1097       
# span 4 =    -0.0041,     0.0071       
# span 5 =   3.498387,   3.502675       
# span 6 =   3.498553,   3.502933       
# span 7 =          1,          1       
# span 8 =     5.8387,     6.1563       
# span 9 =     6.2015,     6.2432       
# span 10 =       0.99,       9.96      
# span 11 =     0.0232,     0.0801      
# span 12 = 4.6164e-11, 9.9999e+04      
# span 13 = 9.3750e-13, 1.3692e-12      
# span 14 = -5.666e-15, 2.0308e+00      
# span 15 =    34.5741,    34.5876      
# span 16 =    34.5730,    34.5912      
# span 17 =    -0.0105,     0.0044      
# span 18 =    27.0697,    27.0809      
# span 19 =    27.0684,    27.0838      
# span 20 =      0.991,     48.544      
# span 21 =      0.992,     48.593      
# span 22 =     -0.148,      0.987      
# span 23 =    1478.50,    1479.34      
# span 24 =    1478.51,    1479.34      
# span 25 = 0.0000e+00, 0.0000e+00      
# interval = decibars: 0.5              
# start_time = Jan 19 2018 06:09:18 [NMEA time, first data scan]
# bad_flag = -9.990e-29
*END*
         -5      1.000     7.0933     7.0929    -0.0004    3.49839    3.49865          1     5.8387     6.2015       9.96     0.0235  4.616e-11  9.375e-13  2.031e+00    34.5741    34.5775     0.0033    27.0703    27.0730      0.991      0.992     -0.067    1478.50    1478.51  0.000e+00
         93      1.500     7.0944     7.0924    -0.0020    3.49852    3.49867          1     5.8394     6.2096       9.96     0.0287  6.742e-11  1.369e-12  2.031e+00    34.5743    34.5779     0.0036    27.0703    27.0734      1.486      1.488      0.394    1478.52    1478.51  0.000e+00
        692      2.000     7.0945     7.0938    -0.0006    3.49854    3.49855          1     5.8806     6.2070       9.96     0.0253  4.952e-11  1.006e-12  2.031e+00    34.5742    34.5750     0.0008    27.0702    27.0709      1.982      1.983      0.436    1478.52    1478.52  0.000e+00
        979      2.500     7.0953     7.0958     0.0006    3.49869    3.49868          1     5.9934     6.2124       9.95     0.0243  4.924e-11  1.000e-12  2.031e+00    34.5747    34.5741    -0.0006    27.0706    27.0700      2.477      2.479      0.480    1478.54    1478.54  0.000e+00
        978      3.000     7.0992     7.0999     0.0007    3.49914    3.49897          1     5.9420     6.2130       9.95     0.0239  4.924e-11  1.000e-12  2.031e+00    34.5756    34.5730    -0.0026    27.0706    27.0685      2.972      2.975      0.858    1478.56    1478.56  0.000e+00
        990      3.500     7.1031     7.1009    -0.0021    3.49952    3.49929          1     5.9256     6.2144       9.96     0.0244  4.924e-11  1.000e-12  2.031e+00    34.5755    34.5752    -0.0003    27.0701    27.0701      3.468      3.471      0.986    1478.58    1478.57  0.000e+00
       1001      4.000     7.1008     7.0998    -0.0010    3.49934    3.49939          1     5.9387     6.2167       9.96     0.0248  4.924e-11  1.000e-12  2.031e+00    34.5757    34.5772     0.0016    27.0705    27.0719      3.963      3.967      0.987    1478.58    1478.58  0.000e+00
       1013      4.500     7.0996     7.0985    -0.0011    3.49923    3.49933          1     5.9719     6.2182       9.95     0.0243  4.924e-11  1.000e-12  2.031e+00    34.5754    34.5775     0.0022    27.0704    27.0723      4.459      4.463      0.857    1478.58    1478.58  0.000e+00
       1032      5.000     7.0995     7.0976    -0.0018    3.49925    3.49920          1     6.0170     6.2225       9.96     0.0232  4.924e-11  1.000e-12  2.031e+00    34.5754    34.5768     0.0014    27.0704    27.0718      4.954      4.958      0.523    1478.59    1478.59  0.000e+00
       1082      5.500     7.0987     7.0980    -0.0008    3.49921    3.49923          1     6.0143     6.2135       9.95     0.0239  4.924e-11  1.000e-12  2.031e+00    34.5754    34.5765     0.0010    27.0706    27.0715      5.449      5.454      0.316    1478.60    1478.60  0.000e+00
       1112      6.000     7.0992     7.0990    -0.0001    3.49928    3.49937          1     5.9669     6.2140       9.96     0.0240  4.924e-11  1.000e-12  2.031e+00    34.5756    34.5767     0.0010    27.0707    27.0715      5.945      5.950      0.616    1478.61    1478.61  0.000e+00
       1129      6.500     7.0994     7.0991    -0.0003    3.49931    3.49944          1     5.9717     6.2167       9.96     0.0232  4.924e-11  1.000e-12  2.031e+00    34.5754    34.5771     0.0018    27.0705    27.0719      6.440      6.446      0.763    1478.62    1478.62  0.000e+00
       1143      7.000     7.0996     7.0998     0.0002    3.49939    3.49948          1     5.9965     6.2206       9.96     0.0233  4.924e-11  1.000e-12  2.031e+00    34.5758    34.5767     0.0009    27.0708    27.0714      6.936      6.942      0.800    1478.63    1478.63  0.000e+00
       1158      7.500     7.1000     7.0998    -0.0002    3.49944    3.49959          1     6.0235     6.2231       9.96     0.0239  4.924e-11  1.000e-12  2.031e+00    34.5758    34.5776     0.0019    27.0707    27.0722      7.431      7.438      0.735    1478.64    1478.64  0.000e+00
       1177      8.000     7.1000     7.0995    -0.0005    3.49948    3.49958          1     6.0600     6.2214       9.96     0.0248  4.924e-11  1.000e-12  2.031e+00    34.5760    34.5776     0.0016    27.0708    27.0722      7.926      7.934      0.553    1478.65    1478.65  0.000e+00
       1209      8.500     7.1001     7.0998    -0.0003    3.49951    3.49968          1     6.0766     6.2197       9.96     0.0262  4.924e-11  1.000e-12  2.031e+00    34.5759    34.5780     0.0022    27.0708    27.0725      8.422      8.429      0.309    1478.65    1478.66  0.000e+00
       1249      9.000     7.1003     7.0997    -0.0006    3.49955    3.49969          1     6.0351     6.2238       9.95     0.0267  4.924e-11  1.000e-12  2.031e+00    34.5759    34.5781     0.0022    27.0708    27.0726      8.917      8.925      0.464    1478.66    1478.66  0.000e+00
       1268      9.500     7.1005     7.0995    -0.0010    3.49957    3.49969          1     6.0418     6.2238       9.96     0.0274  4.924e-11  1.000e-12  2.031e+00    34.5757    34.5780     0.0023    27.0706    27.0726      9.412      9.421      0.745    1478.67    1478.67  0.000e+00
       1282     10.000     7.0995     7.0973    -0.0022    3.49945    3.49958          1     6.0190     6.2218       9.95     0.0286  4.924e-11  1.000e-12  2.031e+00    34.5751    34.5787     0.0036    27.0702    27.0734      9.908      9.917      0.873    1478.67    1478.67  0.000e+00
       1295     10.500     7.0978     7.0961    -0.0018    3.49929    3.49940          1     6.0465     6.2212       9.95     0.0287  4.924e-11  1.000e-12  2.031e+00    34.5748    34.5777     0.0029    27.0702    27.0728     10.403     10.413      0.872    1478.68    1478.67  0.000e+00
       1310     11.000     7.0974     7.0956    -0.0018    3.49927    3.49926          1     6.0689     6.2252       9.96     0.0272  4.924e-11  1.000e-12  2.031e+00    34.5748    34.5764     0.0017    27.0703    27.0718     10.899     10.909      0.742    1478.68    1478.68  0.000e+00
       1332     11.500     7.0973     7.0962    -0.0010    3.49927    3.49929          1     6.0768     6.2300       9.95     0.0270  4.924e-11  1.000e-12  2.031e+00    34.5747    34.5759     0.0012    27.0702    27.0713     11.394     11.404      0.426    1478.69    1478.69  0.000e+00
       1381     12.000     7.0966     7.0944    -0.0022    3.49922    3.49923          1     6.0698     6.2222       9.95     0.0281  4.924e-11  1.000e-12  2.031e+00    34.5745    34.5768     0.0023    27.0702    27.0722     11.889     11.900      0.329    1478.70    1478.69  0.000e+00
       1407     12.500     7.0951     7.0935    -0.0016    3.49907    3.49913          1     6.0591     6.2195       9.95     0.0289  6.329e-11  1.000e-12  2.031e+00    34.5742    34.5764     0.0023    27.0701    27.0721     12.385     12.396      0.613    1478.70    1478.69  0.000e+00
       1424     13.000     7.0952     7.0956     0.0005    3.49910    3.49927          1     6.0080     6.2184       9.95     0.0300  1.303e+01  1.000e-12  2.030e+00    34.5741    34.5755     0.0014    27.0701    27.0711     12.880     12.892      0.706    1478.71    1478.71  0.000e+00
       1441     13.500     7.0956     7.0953    -0.0003    3.49920    3.49934          1     6.0099     6.2180       9.95     0.0305  8.117e+04  1.000e-12  3.825e-01    34.5746    34.5764     0.0018    27.0704    27.0719     13.375     13.388      0.663    1478.72    1478.72  0.000e+00
       1461     14.000     7.0958     7.0954    -0.0004    3.49923    3.49932          1     6.0216     6.2204       9.95     0.0305  9.948e+04  1.000e-12  1.049e-02    34.5743    34.5758     0.0015    27.0702    27.0714     13.871     13.884      0.525    1478.73    1478.73  0.000e+00
       1488     14.500     7.0956     7.0954    -0.0002    3.49924    3.49932          1     6.0488     6.2238       9.95     0.0311  1.000e+05  1.000e-12 -5.666e-15    34.5745    34.5755     0.0010    27.0703    27.0711     14.366     14.380      0.439    1478.73    1478.73  0.000e+00
       1514     15.000     7.0967     7.0978     0.0011    3.49941    3.49963          1     6.0698     6.2168       9.95     0.0317  1.000e+05  1.000e-12 -6.345e-32    34.5750    34.5763     0.0013    27.0706    27.0715     14.861     14.875      0.541    1478.75    1478.75  0.000e+00
       1534     15.500     7.0984     7.0983    -0.0000    3.49960    3.49968          1     6.0631     6.2119       9.95     0.0317  1.000e+05  1.000e-12  3.623e-22    34.5752    34.5761     0.0009    27.0705    27.0712     15.357     15.371      0.693    1478.76    1478.76  0.000e+00
       1549     16.000     7.1007     7.0993    -0.0014    3.49987    3.49979          1     6.0596     6.2133       9.96     0.0312  1.000e+05  1.000e-12  5.865e-11    34.5756    34.5761     0.0005    27.0705    27.0710     15.852     15.867      0.771    1478.78    1478.77  0.000e+00
       1564     16.500     7.0992     7.1001     0.0009    3.49972    3.49995          1     6.0700     6.2157       9.95     0.0305  7.531e+04  1.000e-12  5.013e-01    34.5751    34.5768     0.0017    27.0703    27.0715     16.348     16.363      0.733    1478.78    1478.79  0.000e+00
       1583     17.000     7.0971     7.0973     0.0002    3.49952    3.49989          1     6.0299     6.2197       9.95     0.0311  4.446e+03  1.000e-12  1.940e+00    34.5748    34.5786     0.0038    27.0703    27.0733     16.843     16.859      0.541    1478.78    1478.78  0.000e+00
       1624     17.500     7.0981     7.0968    -0.0013    3.49963    3.49971          1     6.0793     6.2236       9.95     0.0301  4.055e-02  1.000e-12  2.031e+00    34.5748    34.5770     0.0022    27.0702    27.0721     17.338     17.355      0.281    1478.79    1478.79  0.000e+00
       1665     18.000     7.0979     7.0974    -0.0005    3.49958    3.49975          1     6.1129     6.2334       9.95     0.0292  4.924e-11  1.000e-12  2.031e+00    34.5742    34.5766     0.0024    27.0697    27.0717     17.834     17.850      0.565    1478.80    1478.80  0.000e+00
       1680     18.500     7.0988     7.0983    -0.0006    3.49972    3.49983          1     6.0659     6.2416       9.96     0.0292  4.924e-11  1.000e-12  2.031e+00    34.5745    34.5763     0.0018    27.0698    27.0713     18.329     18.346      0.797    1478.81    1478.81  0.000e+00
       1694     19.000     7.1038     7.1021    -0.0017    3.50037    3.50013          1     6.0651     6.2432       9.95     0.0293  4.924e-11  1.000e-12  2.031e+00    34.5763    34.5755    -0.0009    27.0706    27.0701     18.824     18.842      0.873    1478.84    1478.83  0.000e+00
       1707     19.500     7.1041     7.1040    -0.0000    3.50033    3.50052          1     6.0532     6.2425       9.95     0.0294  4.924e-11  1.000e-12  2.031e+00    34.5755    34.5776     0.0021    27.0699    27.0716     19.320     19.338      0.817    1478.85    1478.85  0.000e+00
       1724     20.000     7.1054     7.1051    -0.0003    3.50054    3.50066          1     6.0654     6.2415       9.96     0.0295  4.924e-11  1.000e-12  2.031e+00    34.5762    34.5778     0.0017    27.0702    27.0716     19.815     19.834      0.598    1478.86    1478.86  0.000e+00
       1760     20.500     7.1039     7.1055     0.0016    3.50041    3.50081          1     6.0911     6.2316       9.95     0.0300  4.924e-11  1.000e-12  2.031e+00    34.5760    34.5788     0.0027    27.0703    27.0723     20.310     20.330      0.294    1478.86    1478.87  0.000e+00
       1799     21.000     7.1076     7.1064    -0.0011    3.50083    3.50092          1     6.0880     6.2177       9.96     0.0305  4.924e-11  1.000e-12  2.031e+00    34.5767    34.5789     0.0022    27.0703    27.0722     20.806     20.826      0.536    1478.89    1478.89  0.000e+00
       1816     21.500     7.1065     7.1078     0.0012    3.50075    3.50108          1     6.0609     6.2188       9.96     0.0305  4.924e-11  1.000e-12  2.031e+00    34.5766    34.5790     0.0024    27.0705    27.0721     21.301     21.321      0.755    1478.89    1478.90  0.000e+00
       1830     22.000     7.1093     7.1097     0.0004    3.50107    3.50126          1     6.0598     6.2158       9.95     0.0305  4.924e-11  1.000e-12  2.031e+00    34.5771    34.5788     0.0017    27.0704    27.0717     21.797     21.817      0.813    1478.91    1478.92  0.000e+00
       1845     22.500     7.1086     7.1079    -0.0006    3.50102    3.50131          1     6.0781     6.2150       9.96     0.0305  4.924e-11  1.000e-12  2.031e+00    34.5771    34.5808     0.0037    27.0705    27.0735     22.292     22.313      0.730    1478.92    1478.92  0.000e+00
       1865     23.000     7.1085     7.1078    -0.0007    3.50103    3.50116          1     6.0717     6.2178       9.95     0.0305  4.924e-11  1.000e-12  2.031e+00    34.5770    34.5791     0.0021    27.0705    27.0722     22.787     22.809      0.503    1478.92    1478.92  0.000e+00
       1899     23.500     7.1087     7.1097     0.0010    3.50107    3.50144          1     6.0886     6.2256       9.95     0.0307  4.924e-11  1.000e-12  2.031e+00    34.5769    34.5800     0.0031    27.0704    27.0726     23.283     23.305      0.339    1478.93    1478.94  0.000e+00
       1928     24.000     7.1098     7.1078    -0.0020    3.50123    3.50128          1     6.0705     6.2285       9.95     0.0303  4.924e-11  1.000e-12  2.031e+00    34.5774    34.5799     0.0025    27.0706    27.0728     23.778     23.801      0.590    1478.95    1478.94  0.000e+00
       1945     24.500     7.1088     7.1076    -0.0012    3.50114    3.50135          1     6.0311     6.2298       9.95     0.0306  4.924e-11  1.000e-12  2.031e+00    34.5771    34.5806     0.0036    27.0705    27.0735     24.273     24.296      0.754    1478.95    1478.95  0.000e+00
       1960     25.000     7.1076     7.1054    -0.0021    3.50101    3.50115          1     6.0434     6.2278       9.95     0.0307  4.924e-11  1.000e-12  2.031e+00    34.5766    34.5804     0.0038    27.0703    27.0736     24.769     24.792      0.778    1478.95    1478.95  0.000e+00
       1975     25.500     7.1083     7.1065    -0.0018    3.50115    3.50115          1     6.0862     6.2240       9.95     0.0312  4.924e-11  1.000e-12  2.031e+00    34.5771    34.5790     0.0019    27.0706    27.0723     25.264     25.288      0.658    1478.97    1478.96  0.000e+00
       2001     26.000     7.1113     7.1087    -0.0025    3.50152    3.50146          1     6.1150     6.2230       9.95     0.0312  4.924e-11  1.000e-12  2.031e+00    34.5780    34.5800     0.0020    27.0709    27.0728     25.759     25.784      0.367    1478.99    1478.98  0.000e+00
       2044     26.500     7.1114     7.1082    -0.0032    3.50157    3.50152          1     6.0896     6.2179       9.95     0.0312  4.924e-11  1.000e-12  2.031e+00    34.5782    34.5809     0.0027    27.0710    27.0736     26.255     26.280      0.376    1478.99    1478.99  0.000e+00
       2067     27.000     7.1077     7.1072    -0.0005    3.50120    3.50135          1     6.0461     6.2184       9.95     0.0317  4.924e-11  1.000e-12  2.031e+00    34.5776    34.5798     0.0022    27.0710    27.0729     26.750     26.776      0.668    1478.99    1478.99  0.000e+00
       2082     27.500     7.1097     7.1084    -0.0013    3.50164    3.50153          1     6.0303     6.2203       9.95     0.0323  4.924e-11  1.000e-12  2.031e+00    34.5801    34.5803     0.0002    27.0727    27.0731     27.245     27.272      0.769    1479.01    1479.00  0.000e+00
       2097     28.000     7.1082     7.1081    -0.0001    3.50151    3.50180          1     6.0639     6.2185       9.96     0.0330  4.924e-11  1.000e-12  2.031e+00    34.5800    34.5833     0.0033    27.0729    27.0755     27.741     27.767      0.724    1479.01    1479.01  0.000e+00
