ctdpy/exports/archive_20191121_122431/received_data/SBE09_0827_20180126_1105_26_01_0216.cnv
* Sea-Bird SBE 9 Data File:
* FileName = D:\CTD_SBE911\DAT\26DA.2018.1.116.hex
* Software Version Seasave V 7.21d
* Temperature SN = 034757
* Conductivity SN = 041844
* Number of Bytes Per Scan = 48
* Number of Voltage Words = 5
* Number of Scans Averaged by the Deck Unit = 1
* NMEA Latitude = 56 54.49 N
* NMEA Longitude = 011 42.74 E
* NMEA UTC (Time) = Jan 26 2018  11:05:55
* NMEA baud rate = 4800
** Ship: DANA
** Average sound velocity: 1468.64 m/s
** True-depth calculation Thu, 28 Mar 2019 08:30:37 +0000
** CTD Python Module SMHI /ver 3-12/ feb 2012 
** LIMS Job: 20182601-0216
** Sanden
** Operator: Ronny Sørensen
** Cruise: 01/2018
# nquan = 26
# nvalues = 115                         
# units = specified
# name 0 = scan: Scan Count
# name 1 = prDM: Pressure, Digiquartz [db]
# name 2 = t090C: Temperature [ITS-90, deg C]
# name 3 = t190C: Temperature, 2 [ITS-90, deg C]
# name 4 = T2-T190C: Temperature Difference, 2 - 1 [ITS-90, deg C]
# name 5 = c0S/m: Conductivity [S/m]
# name 6 = c1S/m: Conductivity, 2 [S/m]
# name 7 = pumps: Pump Status
# name 8 = sbeox1ML/L: Oxygen, SBE 43, 2 [ml/l]
# name 9 = sbeox0ML/L: Oxygen, SBE 43 [ml/l]
# name 10 = altM: Altimeter [m]
# name 11 = chloroflTC0: Chlorophyll, Turner Cyclops [ug/l]
# name 12 = cpar: CPAR/Corrected Irradiance [%]
# name 13 = par: PAR/Irradiance, Biospherical/Lico [µE/(cm^2*s)]
# name 14 = spar: SPAR, Biospherical/Licor
# name 15 = sal00: Salinity, Practical [PSU]
# name 16 = sal11: Salinity, Practical, 2 [PSU]
# name 17 = secS-priS: Salinity, Practical, Difference, 2 - 1 [PSU]
# name 18 = sigma-t00: Density [sigma-t, kg/m^3 ]
# name 19 = sigma-t11: Density, 2 [sigma-t, kg/m^3 ]
# name 20 = depSM: Depth [salt water, m], lat = 56.9082
# name 21 = depFM: Depth [true depth, m], lat = 56.9082
# name 22 = dz/dtM: Descent Rate [m/s], WS = 2
# name 23 = svCM: Sound Velocity [Chen-Millero, m/s]
# name 24 = svCM1: Sound Velocity, 2 [Chen-Millero, m/s]
# name 25 = flag: flag
# span 0 =        157,       5876       
# span 1 =      1.500,     58.500       
# span 2 =     3.6082,     7.1906       
# span 3 =     3.6103,     7.1865       
# span 4 =    -0.3631,     0.0166       
# span 5 =   1.720564,   3.404265       
# span 6 =   1.720151,   3.403350       
# span 7 =          1,          1       
# span 8 =     5.6359,     7.5608       
# span 9 =     5.8307,     7.9187       
# span 10 =       1.84,      10.00      
# span 11 =     0.0176,     0.0442      
# span 12 = 6.3552e-14, 6.0945e+00      
# span 13 = 1.0000e-12, 9.5171e+01      
# span 14 = 1.5352e+03, 1.5738e+03      
# span 15 =    17.5816,    33.4201      
# span 16 =    17.5776,    33.4141      
# span 17 =    -2.3177,     0.0003      
# span 18 =    13.9781,    26.1482      
# span 19 =    13.9750,    26.1441      
# span 20 =      1.486,     57.955      
# span 21 =      1.507,     58.255      
# span 22 =      0.096,      0.283      
# span 23 =    1442.76,    1478.38      
# span 24 =    1442.75,    1478.36      
# span 25 = 0.0000e+00, 0.0000e+00      
# interval = decibars: 0.5              
# start_time = Jan 26 2018 11:05:55 [NMEA time, first data scan]
# bad_flag = -9.990e-29
*END*
[from data line 56]
       3028     29.500     6.6881     6.6657    -0.0225    3.26679    3.24926          1     5.9056     6.0280       9.95     0.0269  6.358e-14  1.000e-12  1.573e+03    32.4099    32.2384    -0.1715    25.4199    25.2877     29.227     29.466      0.241    1474.68    1474.38  0.000e+00
       3075     30.000     6.7933     6.6714    -0.1218    3.29205    3.25316          1     5.8899     5.9918       9.95     0.0270  6.355e-14  1.000e-12  1.574e+03    32.5874    32.2756    -0.3119    25.5461    25.3162     29.723     29.962      0.266    1475.32    1474.45  0.000e+00
       3123     30.500     6.8093     6.6820    -0.1273    3.29703    3.25723          1     5.9313     5.9894       9.95     0.0273  6.360e-14  1.000e-12  1.572e+03    32.6266    32.3102    -0.3164    25.5748    25.3421     30.218     30.459      0.226    1475.44    1474.55  0.000e+00
       3178     31.000     6.8172     6.7137    -0.1035    3.29996    3.26701          1     5.9074     5.9797       9.95     0.0274  6.371e-14  1.000e-12  1.570e+03    32.6510    32.3874    -0.2637    25.5930    25.3988     30.713     30.955      0.228    1475.51    1474.78  0.000e+00
       3227     31.500     6.8240     6.7603    -0.0638    3.30299    3.28130          1     5.9103     5.9733       9.95     0.0283  6.379e-14  1.000e-12  1.568e+03    32.6775    32.5000    -0.1775    25.6130    25.4815     31.209     31.452      0.256    1475.58    1475.11  0.000e+00
       3275     32.000     6.8737     6.7740    -0.0996    3.31840    3.28763          1     5.8779     5.9560       9.95     0.0276  6.387e-14  1.000e-12  1.566e+03    32.7988    32.5562    -0.2426    25.7020    25.5240     31.704     31.949      0.241    1475.94    1475.24  0.000e+00
       3325     32.500     6.8879     6.8156    -0.0724    3.32544    3.29845          1     5.8752     5.9579       9.95     0.0281  6.380e-14  1.000e-12  1.568e+03    32.8622    32.6353    -0.2269    25.7500    25.5808     32.199     32.445      0.249    1476.08    1475.51  0.000e+00
       3371     33.000     6.8880     6.8498    -0.0382    3.32545    3.31188          1     5.8705     5.9681       9.95     0.0289  6.377e-14  1.000e-12  1.568e+03    32.8621    32.7498    -0.1123    25.7499    25.6665     32.695     32.942      0.256    1476.09    1475.80  0.000e+00
       3421     33.500     6.8880     6.8482    -0.0397    3.32551    3.31438          1     5.8452     5.9603       9.95     0.0285  6.371e-14  1.000e-12  1.570e+03    32.8625    32.7784    -0.0841    25.7502    25.6892     33.190     33.438      0.236    1476.10    1475.83  0.000e+00
       3471     34.000     6.8879     6.8621    -0.0259    3.32559    3.31679          1     5.8326     5.9521       9.95     0.0283  6.375e-14  1.000e-12  1.569e+03    32.8632    32.7914    -0.0718    25.7508    25.6977     33.685     33.934      0.242    1476.10    1475.91  0.000e+00
       3521     34.500     6.8902     6.8619    -0.0284    3.32898    3.31809          1     5.8547     5.9643       9.95     0.0287  6.406e-14  1.000e-12  1.561e+03    32.8979    32.8057    -0.0922    25.7778    25.7089     34.181     34.431      0.226    1476.17    1475.94  0.000e+00
       3575     35.000     6.8909     6.8718    -0.0191    3.32956    3.32093          1     5.8509     5.9635       9.95     0.0292  6.450e-14  1.000e-12  1.551e+03    32.9033    32.8271    -0.0763    25.7820    25.7245     34.676     34.927      0.245    1476.18    1476.01  0.000e+00
       3619     35.500     6.9080     6.8725    -0.0355    3.33386    3.32190          1     5.8678     5.9562       9.95     0.0290  6.386e-14  1.000e-12  1.566e+03    32.9338    32.8367    -0.0971    25.8037    25.7319     35.171     35.424      0.281    1476.30    1476.04  0.000e+00
       3664     36.000     6.8977     6.8747    -0.0230    3.33945    3.32336          1     5.8409     5.9570       9.95     0.0289  6.385e-14  1.000e-12  1.566e+03    33.0047    32.8503    -0.1544    25.8609    25.7424     35.667     35.920      0.246    1476.35    1476.07  0.000e+00
       3718     36.500     6.8667     6.8815     0.0148    3.34120    3.32689          1     5.8609     5.9695       9.95     0.0292  6.378e-14  1.000e-12  1.568e+03    33.0535    32.8823    -0.1712    25.9035    25.7667     36.162     36.417      0.217    1476.30    1476.15  0.000e+00
       3768     37.000     6.9166     6.8867    -0.0299    3.35081    3.32996          1     5.8562     5.9504       9.95     0.0293  6.374e-14  1.000e-12  1.569e+03    33.1106    32.9107    -0.1998    25.9418    25.7884     36.657     36.913      0.262    1476.58    1476.21  0.000e+00
       3815     37.500     6.9875     6.8861    -0.1013    3.36380    3.33423          1     5.8330     5.9177       9.95     0.0300  6.383e-14  1.000e-12  1.567e+03    33.1844    32.9579    -0.2265    25.9904    25.8256     37.153     37.410      0.245    1476.95    1476.27  0.000e+00
       3866     38.000     7.0344     6.8969    -0.1374    3.37130    3.34040          1     5.8474     5.9038       9.95     0.0317  6.384e-14  1.000e-12  1.566e+03    33.2211    33.0149    -0.2061    26.0129    25.8691     37.648     37.906      0.236    1477.19    1476.40  0.000e+00
       3914     38.500     7.0456     6.9157    -0.1299    3.37331    3.34607          1     5.8049     5.9045       9.95     0.0335  6.387e-14  1.000e-12  1.566e+03    33.2319    33.0588    -0.1731    26.0199    25.9011     38.143     38.402      0.255    1477.25    1476.53  0.000e+00
       3962     39.000     7.0487     6.9407    -0.1080    3.37387    3.35082          1     5.8299     5.9059       9.95     0.0345  6.383e-14  1.000e-12  1.567e+03    33.2348    33.0866    -0.1483    26.0218    25.9196     38.638     38.899      0.251    1477.28    1476.67  0.000e+00
       4010     39.500     7.0525     6.9848    -0.0678    3.37440    3.36022          1     5.8153     5.9021       9.95     0.0341  6.370e-14  1.000e-12  1.570e+03    33.2366    33.1468    -0.0898    26.0227    25.9612     39.134     39.395      0.249    1477.30    1476.93  0.000e+00
       4059     40.000     7.0533     7.0120    -0.0414    3.37450    3.36574          1     5.7807     5.8974       9.95     0.0342  6.375e-14  1.000e-12  1.569e+03    33.2367    33.1809    -0.0559    26.0227    25.9843     39.629     39.891      0.243    1477.31    1477.08  0.000e+00
       4108     40.500     7.0639     7.0335    -0.0304    3.37615    3.36998          1     5.7909     5.8890       9.95     0.0346  6.378e-14  1.000e-12  1.568e+03    33.2443    33.2062    -0.0380    26.0272    26.0014     40.124     40.388      0.236    1477.37    1477.21  0.000e+00
       4159     41.000     7.0846     7.0403    -0.0443    3.37979    3.37192          1     5.7626     5.8782       9.95     0.0348  6.379e-14  1.000e-12  1.568e+03    33.2639    33.2206    -0.0433    26.0398    26.0117     40.620     40.884      0.242    1477.49    1477.26  0.000e+00
       4207     41.500     7.1231     7.0502    -0.0729    3.38875    3.37334          1     5.7974     5.8691       9.95     0.0353  6.385e-14  1.000e-12  1.566e+03    33.3242    33.2264    -0.0978    26.0821    26.0150     41.115     41.380      0.259    1477.72    1477.31  0.000e+00
       4255     42.000     7.1378     7.0539    -0.0839    3.39158    3.37446          1     5.7819     5.8575       9.95     0.0353  6.378e-14  1.000e-12  1.568e+03    33.3407    33.2348    -0.1060    26.0930    26.0211     41.610     41.877      0.244    1477.80    1477.35  0.000e+00
       4302     42.500     7.1434     7.0749    -0.0684    3.39257    3.37831          1     5.7781     5.8689       9.95     0.0376  6.378e-14  1.000e-12  1.568e+03    33.3459    33.2563    -0.0896    26.0963    26.0352     42.106     42.373      0.252    1477.84    1477.46  0.000e+00
       4353     43.000     7.1486     7.0909    -0.0578    3.39346    3.38168          1     5.7635     5.8695       9.95     0.0386  6.378e-14  1.000e-12  1.568e+03    33.3504    33.2775    -0.0729    26.0991    26.0497     42.601     42.869      0.240    1477.87    1477.56  0.000e+00
       4401     43.500     7.1502     7.1083    -0.0419    3.39382    3.38575          1     5.7561     5.8678       9.95     0.0378  6.378e-14  1.000e-12  1.568e+03    33.3525    33.3049    -0.0476    26.1006    26.0689     43.096     43.366      0.240    1477.89    1477.67  0.000e+00
       4451     44.000     7.1513     7.1261    -0.0252    3.39405    3.38884          1     5.7745     5.8656       9.95     0.0387  6.382e-14  1.000e-12  1.567e+03    33.3537    33.3211    -0.0326    26.1014    26.0792     43.592     43.862      0.254    1477.91    1477.77  0.000e+00
       4499     44.500     7.1514     7.1318    -0.0197    3.39410    3.39032          1     5.7411     5.8632       9.95     0.0386  6.386e-14  1.000e-12  1.566e+03    33.3539    33.3316    -0.0223    26.1015    26.0867     44.087     44.358      0.241    1477.91    1477.81  0.000e+00
       4549     45.000     7.1522     7.1397    -0.0126    3.39429    3.39184          1     5.7678     5.8668       9.95     0.0375  6.378e-14  1.000e-12  1.568e+03    33.3549    33.3403    -0.0146    26.1022    26.0925     44.582     44.855      0.248    1477.93    1477.86  0.000e+00
       4595     45.500     7.1530     7.1422    -0.0109    3.39449    3.39246          1     5.7181     5.8696       9.95     0.0382  6.385e-14  1.000e-12  1.566e+03    33.3560    33.3444    -0.0117    26.1030    26.0953     45.077     45.351      0.264    1477.94    1477.88  0.000e+00
       4644     46.000     7.1549     7.1433    -0.0116    3.39489    3.39294          1     5.6738     5.8647       9.95     0.0393  6.382e-14  1.000e-12  1.567e+03    33.3584    33.3484    -0.0100    26.1046    26.0983     45.573     45.847      0.227    1477.96    1477.90  0.000e+00
       4697     46.500     7.1591     7.1470    -0.0121    3.39598    3.39356          1     5.6359     5.8683       9.95     0.0406  6.380e-14  1.000e-12  1.567e+03    33.3660    33.3512    -0.0148    26.1100    26.1000     46.068     46.344      0.243    1477.99    1477.93  0.000e+00
       4742     47.000     7.1685     7.1494    -0.0191    3.39815    3.39395          1     5.6403     5.8640       9.95     0.0390  6.390e-14  1.000e-12  1.565e+03    33.3803    33.3530    -0.0273    26.1200    26.1011     46.563     46.840      0.265    1478.05    1477.95  0.000e+00
       4793     47.500     7.1777     7.1519    -0.0258    3.40003    3.39458          1     5.6547     5.8520       9.95     0.0385  6.406e-14  1.000e-12  1.561e+03    33.3917    33.3572    -0.0345    26.1277    26.1041     47.059     47.336      0.221    1478.11    1477.97  0.000e+00
       4843     48.000     7.1793     7.1612    -0.0182    3.40043    3.39620          1     5.6797     5.8560       9.95     0.0366  6.386e-14  1.000e-12  1.566e+03    33.3942    33.3656    -0.0286    26.1294    26.1094     47.554     47.832      0.274    1478.13    1478.02  0.000e+00
       4887     48.500     7.1796     7.1633    -0.0163    3.40043    3.39714          1     5.6896     5.8582       9.95     0.0364  6.388e-14  1.000e-12  1.566e+03    33.3936    33.3736    -0.0201    26.1289    26.1154     48.049     48.329      0.256    1478.14    1478.05  0.000e+00
       4936     49.000     7.1795     7.1692    -0.0104    3.40044    3.39829          1     5.7450     5.8496       9.95     0.0367  6.387e-14  1.000e-12  1.566e+03    33.3937    33.3802    -0.0134    26.1290    26.1198     48.545     48.825      0.235    1478.15    1478.09  0.000e+00
       4987     49.500     7.1793     7.1716    -0.0077    3.40035    3.39907          1     5.7555     5.8600       9.95     0.0368  6.387e-14  1.000e-12  1.566e+03    33.3927    33.3861    -0.0066    26.1282    26.1241     49.040     49.321      0.245    1478.15    1478.11  0.000e+00
       5036     50.000     7.1794     7.1739    -0.0055    3.40026    3.39956          1     5.7384     5.8576       9.95     0.0387  6.387e-14  1.000e-12  1.566e+03    33.3914    33.3890    -0.0024    26.1272    26.1261     49.535     49.818      0.241    1478.16    1478.14  0.000e+00
       5083     50.500     7.1794     7.1754    -0.0040    3.40023    3.39987          1     5.7562     5.8583       9.64     0.0405  6.387e-14  1.000e-12  1.566e+03    33.3908    33.3907    -0.0001    26.1267    26.1272     50.030     50.314      0.270    1478.17    1478.15  0.000e+00
       5128     51.000     7.1795     7.1764    -0.0031    3.40033    3.39997          1     5.7496     5.8563       9.13     0.0389  6.389e-14  1.000e-12  1.565e+03    33.3915    33.3906    -0.0009    26.1273    26.1270     50.526     50.810      0.253    1478.18    1478.16  0.000e+00
       5179     51.500     7.1791     7.1748    -0.0043    3.40035    3.39999          1     5.7424     5.8669       8.62     0.0375  6.385e-14  1.000e-12  1.566e+03    33.3918    33.3921     0.0003    26.1276    26.1284     51.021     51.307      0.221    1478.18    1478.17  0.000e+00
       5232     52.000     7.1794     7.1772    -0.0022    3.40051    3.40014          1     5.6929     5.8603       8.08     0.0393  6.410e-14  1.000e-12  1.560e+03    33.3931    33.3911    -0.0020    26.1285    26.1273     51.516     51.803      0.256    1478.19    1478.18  0.000e+00
       5278     52.500     7.1794     7.1757    -0.0037    3.40051    3.40011          1     5.7280     5.8554       7.52     0.0381  6.392e-14  1.000e-12  1.564e+03    33.3929    33.3921    -0.0008    26.1284    26.1282     52.012     52.299      0.244    1478.20    1478.19  0.000e+00
       5331     53.000     7.1786     7.1760    -0.0026    3.40039    3.40014          1     5.7312     5.8441       7.01     0.0406  6.391e-14  1.000e-12  1.565e+03    33.3921    33.3919    -0.0002    26.1279    26.1280     52.507     52.795      0.228    1478.21    1478.20  0.000e+00
       5380     53.500     7.1780     7.1771    -0.0010    3.40040    3.40026          1     5.7540     5.8511       6.51     0.0402  6.387e-14  1.000e-12  1.566e+03    33.3925    33.3919    -0.0006    26.1282    26.1279     53.002     53.292      0.252    1478.21    1478.21  0.000e+00
       5428     54.000     7.1813     7.1765    -0.0047    3.40159    3.40026          1     5.7536     5.8536       5.98     0.0400  6.387e-14  1.000e-12  1.566e+03    33.4021    33.3922    -0.0100    26.1354    26.1282     53.497     53.788      0.250    1478.25    1478.22  0.000e+00
       5478     54.500     7.1819     7.1763    -0.0057    3.40182    3.40031          1     5.7453     5.8442       5.44     0.0405  6.388e-14  1.000e-12  1.566e+03    33.4037    33.3927    -0.0110    26.1365    26.1286     53.993     54.284      0.229    1478.26    1478.22  0.000e+00
       5530     55.000     7.1828     7.1772    -0.0056    3.40202    3.40063          1     5.7504     5.8542       4.94     0.0400  6.387e-14  1.000e-12  1.566e+03    33.4049    33.3951    -0.0098    26.1373    26.1304     54.488     54.781      0.230    1478.27    1478.24  0.000e+00
       5582     55.500     7.1809     7.1784    -0.0025    3.40167    3.40100          1     5.7343     5.8504       4.45     0.0391  6.387e-14  1.000e-12  1.566e+03    33.4026    33.3977    -0.0049    26.1358    26.1323     54.983     55.277      0.233    1478.27    1478.25  0.000e+00
       5634     56.000     7.1874     7.1787    -0.0087    3.40333    3.40122          1     5.7201     5.8428       4.00     0.0395  6.396e-14  1.000e-12  1.564e+03    33.4141    33.3995    -0.0146    26.1439    26.1337     55.479     55.773      0.229    1478.32    1478.27  0.000e+00
       5685     56.500     7.1899     7.1800    -0.0099    3.40395    3.40152          1     5.7373     5.8411       4.07     0.0412  6.396e-14  1.000e-12  1.563e+03    33.4182    33.4013    -0.0169    26.1469    26.1349     55.974     56.270      0.248    1478.34    1478.28  0.000e+00
