ctdpy/exports/archive_20191121_122431/received_data/SBE09_1044_20180127_1458_34_02_0020.cnv
* Sea-Bird SBE 9 Data File:
* FileName = C:\ctd\temp\2018\ME18D020.hex
* Software Version Seasave V 7.26.6.26
* Temperature SN = 5351
* Conductivity SN = 3941
* Number of Bytes Per Scan = 41
* Number of Voltage Words = 4
* Number of Scans Averaged by the Deck Unit = 1
* NMEA Latitude = 54 50.01 N
* NMEA Longitude = 019 20.03 E
* NMEA UTC (Time) = Jan 27 2018  14:58:52
* NMEA baud rate = 4800
** Station:  PL-P1
** Operator:  SSip
** Ship: MERI
** Average sound velocity: 1440.68 m/s
** True-depth calculation Sat, 27 Jan 2018 16:16:28 +0000
** CTD Python Module SMHI /ver 3-12/ feb 2012 
** LIMS Job: 20183402-0020
** Cruise: SMHI-01-2018
** Latitude [GG MM.mm N] :
** Longitude [GG MM.mm E]:
# nquan = 26
# nvalues = 202                         
# units = specified
# name 0 = scan: Scan Count
# name 1 = prDM: Pressure, Digiquartz [db]
# name 2 = t090C: Temperature [ITS-90, deg C]
# name 3 = t190C: Temperature, 2 [ITS-90, deg C]
# name 4 = T2-T190C: Temperature Difference, 2 - 1 [ITS-90, deg C]
# name 5 = c0S/m: Conductivity [S/m]
# name 6 = c1S/m: Conductivity, 2 [S/m]
# name 7 = pumps: Pump Status
# name 8 = sbeox0ML/L: Oxygen, SBE 43 [ml/l]
# name 9 = sbeox1ML/L: Oxygen, SBE 43, 2 [ml/l]
# name 10 = altM: Altimeter [m]
# name 11 = flECO-AFL: Chl-a Fluorescence, WET Labs ECO-AFL/FL [mg/m^3]
# name 12 = flECO-AFL1: Phycocyanin Fluorescence, WET Labs ECO-AFL/FL, 2 [mg/m^3]
# name 13 = par: PAR/Irradiance, Biospherical/Lico [µE/(cm^2*s)]
# name 14 = turbWETntu0: Turbidity, WET Labs ECO [NTU]
# name 15 = sal00: Salinity, Practical [PSU]
# name 16 = sal11: Salinity, Practical, 2 [PSU]
# name 17 = secS-priS: Salinity, Practical, Difference, 2 - 1 [PSU]
# name 18 = sigma-t00: Density [sigma-t, Kg/m^3 ]
# name 19 = sigma-t11: Density, 2 [sigma-t, Kg/m^3 ]
# name 20 = depSM: Depth [salt water, m], lat = 54.8335
# name 21 = depFM: Depth [true depth, m], lat = 54.8335
# name 22 = dz/dtM: Descent Rate [m/s], WS = 2
# name 23 = svCM: Sound Velocity [Chen-Millero, m/s]
# name 24 = svCM1: Sound Velocity, 2 [Chen-Millero, m/s]
# name 25 = flag: flag
# span 0 =       9718,      14109       
# span 1 =      1.000,    101.500       
# span 2 =     4.8294,     6.5075       
# span 3 =     4.8301,     6.5081       
# span 4 =    -0.0174,     0.0052       
# span 5 =   0.799368,   1.269850       
# span 6 =   0.799347,   1.269826       
# span 7 =          1,          1       
# span 8 =   -0.25313,    8.08537       
# span 9 =    0.30835,    8.07609       
# span 10 =       4.10,      99.00      
# span 11 =     0.2714,     0.5911      
# span 12 =     0.2336,     0.4110      
# span 13 = -2.629e-05, 1.7832e+01      
# span 14 =     0.1348,     0.2644      
# span 15 =     7.4000,    11.5889      
# span 16 =     7.3994,    11.5885      
# span 17 =    -0.0113,     0.0102      
# span 18 =     5.8558,     9.0691      
# span 19 =     5.8552,     9.0688      
# span 20 =      0.991,    100.562      
# span 21 =      1.013,    102.654      
# span 22 =     -0.149,      0.773      
# span 23 =    1435.14,    1449.07      
# span 24 =    1435.13,    1449.07      
# span 25 = 0.0000e+00, 0.0000e+00      
# interval = decibars: 0.5              
# start_time = Jan 27 2018 14:58:53 [NMEA time, first data scan]
# bad_flag = -9.990e-29
*END*
[from data line 112]
      12219     57.000     5.2647     5.2470    -0.0174    0.84022    0.83866          1     6.7423     6.9494      62.93     0.4714     0.3475  1.000e-12  0.1963000     7.7068     7.6954    -0.0113     6.0822     6.0740     56.479     57.718      0.648    1438.15    1438.06  0.000e+00
      12238     57.500     5.4508     5.4513     0.0005    0.92468    0.92376          1     4.7486     5.3136      99.00     0.4803     0.3465  1.000e-12  0.2295000     8.4968     8.4877    -0.0092     6.6978     6.6905     56.975     58.224      0.655    1439.97    1439.96  0.000e+00
      12256     58.000     5.7726     5.7770     0.0044    1.06809    1.06818          1     2.0866     3.1237      62.48     0.3869     0.3184  1.000e-12  0.1807000     9.8296     9.8293    -0.0003     7.7322     7.7317     57.470     58.730      0.657    1443.05    1443.07  0.000e+00
      12274     58.500     6.0278     6.0261    -0.0017    1.10514    1.10465          1     0.2529     1.5615      49.79     0.3320     0.3092  1.000e-12  0.1517000    10.1218    10.1175    -0.0043     7.9473     7.9440     57.965     59.235      0.632    1444.52    1444.51  0.000e+00
      12294     59.000     6.0154     6.0175     0.0021    1.12293    1.12260          1    -0.2531     0.9718      49.44     0.2942     0.3017  1.000e-12  0.1348000    10.3015    10.2976    -0.0040     8.0896     8.0864     58.461     59.741      0.578    1444.70    1444.70  0.000e+00
      12316     59.500     6.0050     6.0042    -0.0007    1.13397    1.13354          1    -0.0366     0.9288      49.04     0.2953     0.3045  1.000e-12  0.1570000    10.4140    10.4100    -0.0041     8.1789     8.1757     58.956     60.246      0.553    1444.81    1444.80  0.000e+00
      12337     60.000     5.9963     5.9979     0.0015    1.14297    1.14267          1     0.0682     0.8445      48.53     0.2851     0.3189  1.000e-12  0.1688000    10.5059    10.5024    -0.0035     8.2518     8.2490     59.451     60.751      0.586    1444.89    1444.89  0.000e+00
      12357     60.500     6.1144     6.1079    -0.0064    1.15763    1.15706          1     0.2112     0.8426      48.06     0.2841     0.2835  1.000e-12  0.1726000    10.6144    10.6108    -0.0037     8.3297     8.3272     59.947     61.256      0.636    1445.54    1445.51  0.000e+00
      12375     61.000     6.1834     6.1836     0.0002    1.16664    1.16651          1     0.3383     0.8531      47.54     0.2941     0.2724  1.000e-12  0.1712000    10.6820    10.6806    -0.0014     8.3784     8.3772     60.442     61.761      0.667    1445.92    1445.92  0.000e+00
      12393     61.500     6.2230     6.2227    -0.0003    1.17097    1.17084          1     0.3530     0.7779      47.03     0.3110     0.2713  1.000e-12  0.1687000    10.7122    10.7111    -0.0012     8.3996     8.3987     60.937     62.266      0.649    1446.14    1446.14  0.000e+00
      12412     62.000     6.2187     6.2193     0.0006    1.17345    1.17337          1     0.3945     0.7304      46.45     0.3142     0.2483  1.000e-12  0.1854000    10.7380    10.7371    -0.0009     8.4201     8.4194     61.433     62.771      0.584    1446.16    1446.16  0.000e+00
      12434     62.500     6.2178     6.2185     0.0007    1.17572    1.17567          1     0.4787     0.7369      46.02     0.2895     0.2415  1.000e-12  0.1756000    10.7607    10.7599    -0.0008     8.4380     8.4374     61.928     63.276      0.533    1446.19    1446.19  0.000e+00
      12457     63.000     6.2131     6.2136     0.0005    1.17727    1.17718          1     0.5499     0.7482      45.51     0.3016     0.2801  1.000e-12  0.1694000    10.7774    10.7764    -0.0010     8.4515     8.4507     62.423     63.781      0.568    1446.20    1446.20  0.000e+00
      12477     63.500     6.2203     6.2206     0.0003    1.18005    1.17995          1     0.5935     0.7541      45.01     0.3084     0.3138  1.000e-12  0.1647000    10.8025    10.8014    -0.0011     8.4708     8.4699     62.919     64.286      0.631    1446.27    1446.27  0.000e+00
      12495     64.000     6.2304     6.2307     0.0002    1.18357    1.18344          1     0.6112     0.7496      44.51     0.3098     0.3039  1.000e-12  0.1599000    10.8340    10.8326    -0.0014     8.4949     8.4938     63.414     64.791      0.643    1446.36    1446.36  0.000e+00
      12514     64.500     6.2353     6.2355     0.0003    1.18644    1.18636          1     0.6187     0.7399      44.05     0.3211     0.3156  1.000e-12  0.1602000    10.8608    10.8599    -0.0009     8.5157     8.5149     63.909     65.296      0.608    1446.42    1446.42  0.000e+00
      12535     65.000     6.2390     6.2395     0.0005    1.18762    1.18755          1     0.6330     0.7338      43.44     0.3121     0.2944  1.000e-12  0.1626000    10.8711    10.8704    -0.0008     8.5235     8.5229     64.405     65.801      0.565    1446.46    1446.46  0.000e+00
      12556     65.500     6.2461     6.2465     0.0004    1.18903    1.18896          1     0.6468     0.7308      42.98     0.3091     0.2784  1.000e-12  0.1714000    10.8828    10.8819    -0.0008     8.5322     8.5315     64.900     66.306      0.573    1446.51    1446.51  0.000e+00
      12577     66.000     6.2508     6.2512     0.0005    1.19039    1.19032          1     0.6500     0.7308      42.46     0.3091     0.3038  1.000e-12  0.1799000    10.8947    10.8938    -0.0008     8.5412     8.5406     65.395     66.811      0.622    1446.56    1446.56  0.000e+00
      12595     66.500     6.2590     6.2594     0.0004    1.19276    1.19269          1     0.6443     0.7233      41.88     0.3091     0.3019  1.000e-12  0.1859000    10.9153    10.9145    -0.0008     8.5569     8.5563     65.891     67.316      0.653    1446.62    1446.63  0.000e+00
      12613     67.000     6.2672     6.2677     0.0005    1.19547    1.19538          1     0.6215     0.6989      41.33     0.3203     0.2943  1.000e-12  0.1909000    10.9394    10.9384    -0.0010     8.5753     8.5745     66.386     67.821      0.627    1446.70    1446.70  0.000e+00
      12634     67.500     6.2551     6.2561     0.0010    1.19727    1.19722          1     0.5934     0.6686      40.76     0.3213     0.2929  1.000e-12  0.1910000    10.9610    10.9602    -0.0008     8.5932     8.5925     66.882     68.326      0.555    1446.68    1446.68  0.000e+00
      12657     68.000     6.2611     6.2617     0.0006    1.19812    1.19809          1     0.5809     0.6524      40.13     0.3026     0.3061  1.000e-12  0.1719000    10.9674    10.9669    -0.0005     8.5978     8.5973     67.377     68.831      0.499    1446.72    1446.72  0.000e+00
      12681     68.500     6.2627     6.2632     0.0005    1.19838    1.19834          1     0.5973     0.6625      39.57     0.2893     0.3323  1.000e-12  0.1648000    10.9694    10.9688    -0.0006     8.5992     8.5987     67.872     69.336      0.556    1446.74    1446.74  0.000e+00
      12701     69.000     6.2642     6.2647     0.0005    1.19988    1.19981          1     0.6173     0.6709      39.14     0.2970     0.2908  1.000e-12  0.1791000    10.9836    10.9828    -0.0008     8.6103     8.6097     68.368     69.840      0.655    1446.77    1446.77  0.000e+00
      12718     69.500     6.2783     6.2790     0.0007    1.20342    1.20336          1     0.6162     0.6679      38.81     0.2969     0.3045  1.000e-12  0.1724000    11.0141    11.0133    -0.0008     8.6333     8.6326     68.863     70.345      0.695    1446.88    1446.88  0.000e+00
      12735     70.000     6.2869     6.2875     0.0006    1.20519    1.20514          1     0.6039     0.6554      38.32     0.3049     0.3159  1.000e-12  0.1737000    11.0287    11.0280    -0.0007     8.6442     8.6436     69.358     70.850      0.662    1446.94    1446.94  0.000e+00
      12755     70.500     6.2866     6.2871     0.0005    1.20616    1.20613          1     0.5828     0.6373      37.73     0.3016     0.2720  1.000e-12  0.1684000    11.0383    11.0378    -0.0005     8.6518     8.6514     69.854     71.355      0.583    1446.96    1446.96  0.000e+00
      12777     71.000     6.2924     6.2930     0.0006    1.20757    1.20754          1     0.5620     0.6171      36.99     0.2896     0.2508  1.000e-12  0.1602000    11.0502    11.0497    -0.0005     8.6608     8.6603     70.349     71.860      0.515    1447.01    1447.01  0.000e+00
      12801     71.500     6.3030     6.3034     0.0004    1.20921    1.20917          1     0.5528     0.6074      35.92     0.3059     0.2625  1.000e-12  0.1782000    11.0629    11.0624    -0.0005     8.6701     8.6696     70.844     72.365      0.507    1447.08    1447.08  0.000e+00
      12824     72.000     6.3016     6.3020     0.0004    1.20999    1.20994          1     0.5513     0.6032      35.66     0.2714     0.2954  1.000e-12  0.1674000    11.0710    11.0704    -0.0006     8.6765     8.6760     71.340     72.870      0.575    1447.09    1447.09  0.000e+00
      12843     72.500     6.2960     6.2966     0.0006    1.21016    1.21012          1     0.5518     0.6017      35.40     0.2955     0.3235  1.000e-12  0.1663000    11.0744    11.0739    -0.0006     8.6796     8.6791     71.835     73.375      0.663    1447.07    1447.08  0.000e+00
      12860     73.000     6.2945     6.2952     0.0007    1.21037    1.21033          1     0.5446     0.5942      35.03     0.3034     0.3315  1.000e-12  0.1760000    11.0769    11.0763    -0.0006     8.6816     8.6811     72.330     73.880      0.706    1447.08    1447.08  0.000e+00
      12877     73.500     6.2897     6.2903     0.0006    1.21152    1.21147          1     0.5263     0.5772      34.57     0.3091     0.3156  1.000e-12  0.1861000    11.0898    11.0891    -0.0007     8.6921     8.6915     72.826     74.385      0.671    1447.09    1447.09  0.000e+00
      12896     74.000     6.2892     6.2897     0.0004    1.21211    1.21207          1     0.5090     0.5619      33.99     0.2977     0.2859  1.000e-12  0.1863000    11.0956    11.0951    -0.0005     8.6967     8.6963     73.321     74.889      0.549    1447.10    1447.10  0.000e+00
      12922     74.500     6.2898     6.2901     0.0003    1.21234    1.21229          1     0.4998     0.5539      32.66     0.3078     0.2366  1.000e-12  0.1741000    11.0976    11.0971    -0.0005     8.6983     8.6978     73.816     75.394      0.462    1447.11    1447.11  0.000e+00
      12947     75.000     6.2917     6.2922     0.0005    1.21285    1.21281          1     0.4986     0.5491      31.84     0.2978     0.2336  1.000e-12  0.1780000    11.1019    11.1014    -0.0005     8.7015     8.7011     74.312     75.899      0.573    1447.13    1447.13  0.000e+00
      12965     75.500     6.2925     6.2931     0.0006    1.21376    1.21373          1     0.4928     0.5459      31.38     0.2889     0.3223  1.000e-12  0.1666000    11.1106    11.1101    -0.0005     8.7083     8.7078     74.807     76.404      0.680    1447.15    1447.16  0.000e+00
      12982     76.000     6.2947     6.2952     0.0006    1.21476    1.21472          1     0.4949     0.5461      30.95     0.2833     0.3056  1.000e-12  0.1635000    11.1197    11.1191    -0.0006     8.7153     8.7148     75.302     76.909      0.692    1447.18    1447.19  0.000e+00
      13000     76.500     6.2980     6.2985     0.0005    1.21548    1.21546          1     0.4963     0.5421      30.43     0.2726     0.2953  1.000e-12  0.1674000    11.1257    11.1253    -0.0004     8.7198     8.7194     75.797     77.414      0.624    1447.21    1447.21  0.000e+00
      13021     77.000     6.2973     6.2978     0.0005    1.21596    1.21592          1     0.4873     0.5319      29.88     0.3127     0.2744  1.000e-12  0.1867000    11.1305    11.1300    -0.0005     8.7236     8.7232     76.293     77.919      0.531    1447.23    1447.23  0.000e+00
      13045     77.500     6.2867     6.2874     0.0007    1.21604    1.21600          1     0.4655     0.5134      29.35     0.3027     0.2731  1.000e-12  0.1728000    11.1347    11.1341    -0.0006     8.7276     8.7271     76.788     78.424      0.526    1447.19    1447.20  0.000e+00
      13067     78.000     6.2909     6.2916     0.0007    1.21688    1.21686          1     0.4527     0.5004      28.86     0.2895     0.2455  1.000e-12  0.1720000    11.1416    11.1411    -0.0005     8.7327     8.7324     77.283     78.928      0.591    1447.23    1447.23  0.000e+00
      13086     78.500     6.2980     6.2985     0.0005    1.21790    1.21786          1     0.4483     0.4971      28.36     0.2879     0.2632  1.000e-12  0.1772000    11.1492    11.1488    -0.0005     8.7383     8.7379     77.779     79.433      0.626    1447.27    1447.28  0.000e+00
      13105     79.000     6.3037     6.3042     0.0004    1.21854    1.21850          1     0.4461     0.4969      27.93     0.2967     0.2810  1.000e-12  0.1917000    11.1536    11.1531    -0.0005     8.7413     8.7409     78.274     79.938      0.602    1447.31    1447.31  0.000e+00
      13126     79.500     6.3070     6.3075     0.0005    1.21899    1.21896          1     0.4495     0.4938      27.33     0.3326     0.3145  1.000e-12  0.1911000    11.1570    11.1565    -0.0005     8.7438     8.7433     78.769     80.443      0.553    1447.34    1447.34  0.000e+00
      13148     80.000     6.3089     6.3094     0.0005    1.21947    1.21943          1     0.4469     0.4896      26.78     0.3037     0.2707  1.000e-12  0.1859000    11.1609    11.1604    -0.0005     8.7467     8.7463     79.265     80.948      0.552    1447.36    1447.36  0.000e+00
      13169     80.500     6.3105     6.3110     0.0005    1.21997    1.21993          1     0.4429     0.4860      26.25     0.2740     0.2655  1.000e-12  0.1776000    11.1653    11.1647    -0.0006     8.7501     8.7496     79.760     81.453      0.596    1447.38    1447.38  0.000e+00
      13189     81.000     6.3108     6.3113     0.0005    1.22022    1.22019          1     0.4413     0.4853      25.81     0.2770     0.2634  1.000e-12  0.1760000    11.1676    11.1672    -0.0005     8.7519     8.7515     80.255     81.957      0.617    1447.39    1447.39  0.000e+00
      13208     81.500     6.3102     6.3108     0.0006    1.22041    1.22037          1     0.4405     0.4843      25.28     0.3075     0.2650  1.000e-12  0.1799000    11.1695    11.1690    -0.0005     8.7534     8.7530     80.751     82.462      0.598    1447.40    1447.40  0.000e+00
      13229     82.000     6.3177     6.3180     0.0003    1.22082    1.22077          1     0.4534     0.4916      24.77     0.2851     0.2644  1.000e-12  0.1915000    11.1711    11.1705    -0.0005     8.7541     8.7537     81.246     82.967      0.552    1447.44    1447.44  0.000e+00
      13252     82.500     6.3532     6.3533     0.0000    1.22280    1.22275          1     0.4939     0.5210      24.22     0.2958     0.2865  1.000e-12  0.1971000    11.1789    11.1784    -0.0005     8.7578     8.7574     81.741     83.472      0.520    1447.61    1447.61  0.000e+00
      13275     83.000     6.3541     6.3546     0.0005    1.22434    1.22431          1     0.5112     0.5384      23.67     0.3065     0.2859  1.000e-12  0.2123000    11.1937    11.1933    -0.0004     8.7694     8.7690     82.236     83.977      0.549    1447.64    1447.64  0.000e+00
      13296     83.500     6.3450     6.3456     0.0006    1.22528    1.22525          1     0.4996     0.5342      23.24     0.3091     0.2722  1.000e-12  0.1981000    11.2060    11.2054    -0.0005     8.7797     8.7792     82.732     84.482      0.606    1447.62    1447.63  0.000e+00
      13315     84.000     6.3457     6.3463     0.0006    1.22597    1.22594          1     0.5015     0.5300      22.69     0.3125     0.2754  1.000e-12  0.1854000    11.2125    11.2120    -0.0005     8.7847     8.7843     83.227     84.987      0.636    1447.64    1447.64  0.000e+00
