ctdpy/exports/archive_20191121_122431/received_data/SBE09_1044_20180416_0143_34_07_0003.cnv
* Sea-Bird SBE 9 Data File:
* FileName = C:\ctd\temp\2018\AU18D003.hex
* Software Version Seasave V 7.26.6.26
* Temperature SN = 5351
* Conductivity SN = 3941
* Number of Bytes Per Scan = 41
* Number of Voltage Words = 4
* Number of Scans Averaged by the Deck Unit = 1
* NMEA Latitude = 58 20.42 N
* NMEA Longitude = 011 01.66 E
* NMEA UTC (Time) = Apr 16 2018  01:43:08
* NMEA baud rate = 4800
** Station:  A13
** Operator:  SSip
** Ship: AURA
** Average sound velocity: 1478.36 m/s
** True-depth calculation Mon, 16 Apr 2018 02:46:09 +0000
** CTD Python Module SMHI /ver 3-12/ feb 2012 
** LIMS Job: 20183407-0003
** Cruise: SMHI-01-2018
** Latitude [GG MM.mm N] :
** Longitude [GG MM.mm E]:
# nquan = 26
# nvalues = 173                         
# units = specified
# name 0 = scan: Scan Count
# name 1 = prDM: Pressure, Digiquartz [db]
# name 2 = t090C: Temperature [ITS-90, deg C]
# name 3 = t190C: Temperature, 2 [ITS-90, deg C]
# name 4 = T2-T190C: Temperature Difference, 2 - 1 [ITS-90, deg C]
# name 5 = c0S/m: Conductivity [S/m]
# name 6 = c1S/m: Conductivity, 2 [S/m]
# name 7 = pumps: Pump Status
# name 8 = sbeox0ML/L: Oxygen, SBE 43 [ml/l]
# name 9 = sbeox1ML/L: Oxygen, SBE 43, 2 [ml/l]
# name 10 = altM: Altimeter [m]
# name 11 = flECO-AFL: Chl-a Fluorescence, WET Labs ECO-AFL/FL [mg/m^3]
# name 12 = flECO-AFL1: Phycocyanin Fluorescence, WET Labs ECO-AFL/FL, 2 [mg/m^3]
# name 13 = par: PAR/Irradiance, Biospherical/Lico [µE/(cm^2*s)]
# name 14 = turbWETntu0: Turbidity, WET Labs ECO [NTU]
# name 15 = sal00: Salinity, Practical [PSU]
# name 16 = sal11: Salinity, Practical, 2 [PSU]
# name 17 = secS-priS: Salinity, Practical, Difference, 2 - 1 [PSU]
# name 18 = sigma-t00: Density [sigma-t, Kg/m^3 ]
# name 19 = sigma-t11: Density, 2 [sigma-t, Kg/m^3 ]
# name 20 = depSM: Depth [salt water, m], lat = 58.3403
# name 21 = depFM: Depth [true depth, m], lat = 58.3403
# name 22 = dz/dtM: Descent Rate [m/s], WS = 2
# name 23 = svCM: Sound Velocity [Chen-Millero, m/s]
# name 24 = svCM1: Sound Velocity, 2 [Chen-Millero, m/s]
# name 25 = flag: flag
# span 0 =       4625,      10137       
# span 1 =     14.500,    100.500       
# span 2 =     3.8160,     7.3552       
# span 3 =     3.8359,     7.3559       
# span 4 =    -0.0622,     0.0302       
# span 5 =   2.833951,   3.552525       
# span 6 =   2.840434,   3.552606       
# span 7 =          1,          1       
# span 8 =    5.69551,    7.52056       
# span 9 =    5.62730,    7.40992       
# span 10 =       4.29,      98.73      
# span 11 =     0.0428,     0.5580      
# span 12 =     0.1472,     0.3186      
# span 13 = 1.0000e-12, 1.0000e-12      
# span 14 =     0.1599,     2.4059      
# span 15 =    30.1878,    34.9150      
# span 16 =    30.2454,    34.9150      
# span 17 =    -0.0727,     0.0713      
# span 18 =    23.9768,    27.3539      
# span 19 =    24.0208,    27.3539      
# span 20 =     14.365,     99.542      
# span 21 =     14.402,     99.687      
# span 22 =     -0.160,      0.624      
# span 23 =    1459.90,    1480.78      
# span 24 =    1460.06,    1480.78      
# span 25 = 0.0000e+00, 0.0000e+00      
# interval = decibars: 0.5              
# start_time = Apr 16 2018 01:43:08 [NMEA time, first data scan]
# bad_flag = -9.990e-29
*END*
[from data line 112]
       8884     70.500     7.0304     7.0311     0.0007    3.52666    3.52674          1     5.8276     5.7641      33.90     0.0939     0.2274  1.000e-12  1.8370000    34.9137    34.9139     0.0002    27.3466    27.3467     69.833     69.945      0.586    1479.82    1479.83  0.000e+00
       8904     71.000     7.0303     7.0310     0.0007    3.52668    3.52677          1     5.8209     5.7629      33.37     0.1003     0.2645  1.000e-12  1.8614000    34.9139    34.9140     0.0002    27.3468    27.3468     70.328     70.440      0.590    1479.83    1479.84  0.000e+00
       8924     71.500     7.0290     7.0301     0.0011    3.52661    3.52671          1     5.8210     5.7483      32.89     0.0893     0.2642  1.000e-12  1.9011000    34.9141    34.9142     0.0000    27.3471    27.3470     70.823     70.936      0.600    1479.84    1479.84  0.000e+00
       8944     72.000     7.0252     7.0262     0.0010    3.52630    3.52639          1     5.8224     5.7395      32.45     0.0990     0.2310  1.000e-12  1.9041000    34.9144    34.9143    -0.0000    27.3478    27.3477     71.318     71.432      0.606    1479.83    1479.83  0.000e+00
       8964     72.500     7.0247     7.0256     0.0008    3.52628    3.52637          1     5.8234     5.7396      31.93     0.0951     0.2218  1.000e-12  1.9180000    34.9144    34.9145     0.0001    27.3479    27.3479     71.814     71.928      0.603    1479.84    1479.84  0.000e+00
       8984     73.000     7.0244     7.0251     0.0007    3.52629    3.52635          1     5.8293     5.7476      31.42     0.0893     0.2230  1.000e-12  1.9413000    34.9145    34.9146     0.0000    27.3481    27.3480     72.309     72.423      0.591    1479.84    1479.85  0.000e+00
       9005     73.500     7.0239     7.0246     0.0007    3.52626    3.52634          1     5.8297     5.7511      30.92     0.0893     0.2323  1.000e-12  1.9695000    34.9145    34.9146     0.0001    27.3482    27.3482     72.804     72.919      0.572    1479.85    1479.85  0.000e+00
       9026     74.000     7.0239     7.0244     0.0005    3.52630    3.52636          1     5.8254     5.7495      30.44     0.0893     0.2226  1.000e-12  2.0167000    34.9147    34.9148     0.0001    27.3483    27.3483     73.299     73.415      0.570    1479.86    1479.86  0.000e+00
       9047     74.500     7.0236     7.0243     0.0006    3.52631    3.52637          1     5.8260     5.7506      29.93     0.0801     0.2372  1.000e-12  1.9620000    34.9148    34.9148    -0.0000    27.3484    27.3483     73.794     73.910      0.578    1479.87    1479.87  0.000e+00
       9067     75.000     7.0238     7.0242     0.0004    3.52634    3.52640          1     5.8297     5.7532      29.45     0.0783     0.2377  1.000e-12  1.9747000    34.9148    34.9149     0.0001    27.3484    27.3484     74.289     74.406      0.590    1479.87    1479.88  0.000e+00
       9088     75.500     7.0232     7.0238     0.0006    3.52632    3.52638          1     5.8292     5.7605      28.95     0.0851     0.2235  1.000e-12  1.9734000    34.9148    34.9148     0.0000    27.3485    27.3484     74.785     74.902      0.603    1479.88    1479.88  0.000e+00
       9107     76.000     7.0235     7.0240     0.0005    3.52637    3.52643          1     5.8256     5.7638      28.47     0.1018     0.2420  1.000e-12  1.9311000    34.9148    34.9149     0.0001    27.3485    27.3485     75.280     75.398      0.615    1479.89    1479.89  0.000e+00
       9127     76.500     7.0176     7.0198     0.0022    3.52586    3.52607          1     5.8217     5.7615      27.99     0.0776     0.2170  1.000e-12  1.9479000    34.9150    34.9150     0.0000    27.3494    27.3491     75.775     75.893      0.613    1479.87    1479.88  0.000e+00
       9146     77.000     7.0110     7.0116     0.0006    3.52525    3.52531          1     5.8165     5.7576      27.49     0.0771     0.2354  1.000e-12  1.9812000    34.9147    34.9146    -0.0000    27.3501    27.3500     76.270     76.389      0.597    1479.86    1479.86  0.000e+00
       9167     77.500     7.0100     7.0109     0.0009    3.52518    3.52526          1     5.8195     5.7509      26.98     0.0887     0.2693  1.000e-12  2.0227000    34.9147    34.9147     0.0000    27.3502    27.3501     76.765     76.885      0.578    1479.86    1479.86  0.000e+00
       9188     78.000     7.0092     7.0096     0.0003    3.52511    3.52515          1     5.8240     5.7458      26.50     0.0969     0.2328  1.000e-12  2.0439000    34.9145    34.9145     0.0000    27.3502    27.3502     77.260     77.380      0.571    1479.87    1479.87  0.000e+00
       9209     78.500     7.0071     7.0073     0.0002    3.52495    3.52497          1     5.8171     5.7538      26.03     0.0789     0.2221  1.000e-12  2.0049000    34.9145    34.9145     0.0000    27.3505    27.3505     77.756     77.876      0.574    1479.87    1479.87  0.000e+00
       9230     79.000     7.0059     7.0065     0.0006    3.52485    3.52492          1     5.8136     5.7587      25.52     0.1146     0.2218  1.000e-12  2.0104000    34.9144    34.9146     0.0002    27.3505    27.3506     78.251     78.372      0.593    1479.87    1479.87  0.000e+00
       9249     79.500     7.0034     7.0043     0.0010    3.52464    3.52473          1     5.8193     5.7489      25.03     0.0961     0.2451  1.000e-12  2.0587000    34.9144    34.9144    -0.0000    27.3509    27.3508     78.746     78.868      0.607    1479.87    1479.87  0.000e+00
       9269     80.000     7.0014     7.0016     0.0002    3.52446    3.52448          1     5.8230     5.7415      24.56     0.0961     0.2852  1.000e-12  2.0662000    34.9143    34.9143     0.0000    27.3511    27.3511     79.241     79.363      0.603    1479.87    1479.87  0.000e+00
       9289     80.500     7.0005     7.0007     0.0002    3.52441    3.52443          1     5.8206     5.7427      24.03     0.1058     0.1794  1.000e-12  2.0606000    34.9143    34.9143    -0.0000    27.3513    27.3512     79.736     79.859      0.594    1479.87    1479.88  0.000e+00
       9310     81.000     7.0006     7.0010     0.0005    3.52443    3.52448          1     5.8146     5.7436      23.53     0.1260     0.2086  1.000e-12  2.0805000    34.9143    34.9143     0.0000    27.3512    27.3512     80.231     80.355      0.592    1479.88    1479.88  0.000e+00
       9330     81.500     7.0011     7.0019     0.0008    3.52452    3.52460          1     5.8143     5.7424      23.05     0.1370     0.2316  1.000e-12  2.1266000    34.9143    34.9145     0.0001    27.3512    27.3512     80.727     80.850      0.588    1479.89    1479.90  0.000e+00
       9350     82.000     7.0015     7.0021     0.0005    3.52458    3.52464          1     5.8132     5.7421      22.56     0.1297     0.2437  1.000e-12  2.0683000    34.9144    34.9145     0.0001    27.3512    27.3512     81.222     81.346      0.582    1479.90    1479.90  0.000e+00
       9371     82.500     7.0015     7.0019     0.0005    3.52459    3.52465          1     5.8111     5.7421      22.05     0.1207     0.2326  1.000e-12  2.0731000    34.9143    34.9145     0.0002    27.3511    27.3512     81.717     81.842      0.581    1479.91    1479.91  0.000e+00
       9392     83.000     7.0010     7.0026     0.0016    3.52457    3.52474          1     5.8158     5.7426      21.57     0.1113     0.1954  1.000e-12  2.1109000    34.9144    34.9144     0.0001    27.3513    27.3511     82.212     82.338      0.599    1479.92    1479.92  0.000e+00
       9411     83.500     6.9995     6.9997     0.0003    3.52445    3.52447          1     5.8212     5.7409      21.13     0.1015     0.1919  1.000e-12  2.1050000    34.9142    34.9143     0.0000    27.3513    27.3513     82.707     82.833      0.617    1479.92    1479.92  0.000e+00
       9431     84.000     6.9979     6.9997     0.0018    3.52434    3.52451          1     5.8218     5.7385      20.64     0.1230     0.2047  1.000e-12  2.1197000    34.9144    34.9144     0.0000    27.3516    27.3514     83.202     83.329      0.613    1479.92    1479.93  0.000e+00
       9450     84.500     6.9983     6.9994     0.0011    3.52438    3.52448          1     5.8194     5.7442      20.13     0.1126     0.2435  1.000e-12  2.1269000    34.9142    34.9143     0.0000    27.3515    27.3514     83.697     83.825      0.601    1479.93    1479.93  0.000e+00
       9470     85.000     6.9989     6.9995     0.0006    3.52446    3.52454          1     5.8135     5.7528      19.65     0.1029     0.2241  1.000e-12  2.1701000    34.9142    34.9144     0.0003    27.3514    27.3515     84.193     84.320      0.600    1479.94    1479.94  0.000e+00
       9490     85.500     6.9985     6.9988     0.0003    3.52445    3.52448          1     5.8180     5.7480      19.17     0.1028     0.2225  1.000e-12  2.2563000    34.9143    34.9143     0.0001    27.3515    27.3515     84.688     84.816      0.598    1479.95    1479.95  0.000e+00
       9511     86.000     6.9961     6.9965     0.0004    3.52425    3.52431          1     5.8166     5.7365      18.67     0.1255     0.2170  1.000e-12  2.1091000    34.9143    34.9144     0.0001    27.3519    27.3519     85.183     85.312      0.580    1479.95    1479.95  0.000e+00
       9532     86.500     6.9953     6.9958     0.0005    3.52420    3.52424          1     5.8121     5.7259      18.14     0.1162     0.2134  1.000e-12  2.2104000    34.9143    34.9142    -0.0001    27.3520    27.3518     85.678     85.808      0.568    1479.95    1479.95  0.000e+00
       9553     87.000     6.9944     6.9964     0.0020    3.52414    3.52433          1     5.8128     5.7227      17.65     0.1138     0.2735  1.000e-12  2.2303000    34.9142    34.9143     0.0001    27.3520    27.3518     86.173     86.303      0.588    1479.96    1479.96  0.000e+00
       9573     87.500     6.9919     6.9930     0.0011    3.52392    3.52402          1     5.8101     5.7320      17.18     0.1138     0.1843  1.000e-12  2.1910000    34.9141    34.9141    -0.0000    27.3523    27.3521     86.668     86.799      0.604    1479.95    1479.96  0.000e+00
       9592     88.000     6.9923     6.9944     0.0021    3.52399    3.52419          1     5.8098     5.7424      16.70     0.1138     0.2042  1.000e-12  2.1163000    34.9142    34.9143     0.0001    27.3523    27.3521     87.164     87.295      0.604    1479.96    1479.97  0.000e+00
       9612     88.500     6.9928     6.9928    -0.0000    3.52405    3.52404          1     5.8118     5.7434      16.22     0.1138     0.2480  1.000e-12  2.1174000    34.9141    34.9141    -0.0000    27.3522    27.3522     87.659     87.790      0.598    1479.98    1479.97  0.000e+00
       9633     89.000     6.9907     6.9910     0.0003    3.52387    3.52391          1     5.8125     5.7403      15.75     0.1230     0.2754  1.000e-12  2.2066000    34.9141    34.9142     0.0001    27.3525    27.3524     88.154     88.286      0.590    1479.97    1479.98  0.000e+00
       9653     89.500     6.9904     6.9911     0.0007    3.52387    3.52395          1     5.8157     5.7396      15.25     0.1260     0.2285  1.000e-12  2.2699000    34.9141    34.9142     0.0001    27.3525    27.3525     88.649     88.782      0.577    1479.98    1479.98  0.000e+00
       9674     90.000     6.9893     6.9906     0.0013    3.52379    3.52391          1     5.8176     5.7342      14.71     0.1313     0.2294  1.000e-12  2.2771000    34.9141    34.9141     0.0000    27.3526    27.3524     89.144     89.277      0.570    1479.99    1479.99  0.000e+00
       9695     90.500     6.9892     6.9901     0.0010    3.52380    3.52390          1     5.8182     5.7323      14.21     0.1470     0.2499  1.000e-12  2.2059000    34.9141    34.9142     0.0001    27.3527    27.3526     89.639     89.773      0.586    1479.99    1480.00  0.000e+00
       9715     91.000     6.9891     6.9898     0.0007    3.52382    3.52389          1     5.8156     5.7275      13.73     0.1640     0.2737  1.000e-12  2.2574000    34.9141    34.9141    -0.0000    27.3527    27.3526     90.134     90.269      0.610    1480.00    1480.00  0.000e+00
       9734     91.500     6.9893     6.9901     0.0008    3.52388    3.52394          1     5.8095     5.7205      13.27     0.1358     0.2079  1.000e-12  2.2548000    34.9142    34.9141    -0.0001    27.3527    27.3526     90.630     90.765      0.620    1480.01    1480.01  0.000e+00
       9754     92.000     6.9889     6.9896     0.0007    3.52385    3.52392          1     5.8064     5.7275      12.84     0.1203     0.2063  1.000e-12  2.2580000    34.9142    34.9143     0.0001    27.3528    27.3527     91.125     91.260      0.609    1480.02    1480.02  0.000e+00
       9774     92.500     6.9878     6.9886     0.0008    3.52378    3.52385          1     5.8063     5.7412      12.39     0.1237     0.2238  1.000e-12  2.2589000    34.9142    34.9142    -0.0000    27.3530    27.3528     91.620     91.756      0.590    1480.02    1480.02  0.000e+00
       9795     93.000     6.9875     6.9882     0.0007    3.52379    3.52384          1     5.8075     5.7484      11.87     0.1643     0.2383  1.000e-12  2.2405000    34.9143    34.9142    -0.0001    27.3531    27.3529     92.115     92.252      0.572    1480.03    1480.03  0.000e+00
       9816     93.500     6.9869     6.9876     0.0007    3.52374    3.52381          1     5.8071     5.7431      11.34     0.1390     0.1929  1.000e-12  2.2629000    34.9143    34.9143     0.0000    27.3531    27.3530     92.610     92.747      0.569    1480.03    1480.04  0.000e+00
       9837     94.000     6.9839     6.9849     0.0010    3.52352    3.52361          1     5.8048     5.7405      10.86     0.1578     0.2056  1.000e-12  2.2536000    34.9146    34.9146     0.0000    27.3538    27.3537     93.105     93.243      0.580    1480.03    1480.03  0.000e+00
       9857     94.500     6.9842     6.9846     0.0004    3.52357    3.52361          1     5.8062     5.7414      10.45     0.1559     0.2237  1.000e-12  2.2461000    34.9145    34.9146     0.0001    27.3537    27.3537     93.600     93.739      0.597    1480.04    1480.04  0.000e+00
       9877     95.000     6.9843     6.9848     0.0005    3.52359    3.52365          1     5.8121     5.7412       9.97     0.1440     0.2381  1.000e-12  2.2597000    34.9145    34.9146     0.0001    27.3537    27.3537     94.095     94.235      0.615    1480.05    1480.05  0.000e+00
       9896     95.500     6.9846     6.9853     0.0007    3.52365    3.52372          1     5.8149     5.7347       9.52     0.1420     0.2493  1.000e-12  2.3376000    34.9145    34.9146     0.0001    27.3536    27.3536     94.590     94.730      0.623    1480.06    1480.06  0.000e+00
       9916     96.000     6.9846     6.9853     0.0007    3.52368    3.52375          1     5.8152     5.7207       9.02     0.1425     0.2638  1.000e-12  2.3688000    34.9145    34.9147     0.0002    27.3536    27.3537     95.085     95.226      0.607    1480.07    1480.07  0.000e+00
       9936     96.500     6.9845     6.9852     0.0008    3.52370    3.52377          1     5.8161     5.7207       8.53     0.1518     0.2444  1.000e-12  2.3322000    34.9147    34.9147    -0.0000    27.3538    27.3537     95.581     95.722      0.550    1480.07    1480.08  0.000e+00
       9960     97.000     6.9843     6.9850     0.0007    3.52371    3.52377          1     5.8083     5.7290       7.98     0.1565     0.2333  1.000e-12  2.2968000    34.9147    34.9146    -0.0001    27.3538    27.3536     96.076     96.217      0.509    1480.08    1480.09  0.000e+00
       9982     97.500     6.9841     6.9847     0.0006    3.52371    3.52377          1     5.7976     5.7322       7.46     0.1642     0.2355  1.000e-12  2.2894000    34.9147    34.9147     0.0001    27.3538    27.3538     96.571     96.713      0.552    1480.09    1480.09  0.000e+00
