ctdpy/exports/archive_20191121_122431/received_data/SBE09_0827_20181124_0602_26_01_1230.cnv
* Sea-Bird SBE 9 Data File:
* FileName = D:\CTD_SBE911\DAT\26DA.2018.12.30.hex
* Software Version Seasave V 7.21d
* Temperature SN = 4548
* Conductivity SN = 3062
* Number of Bytes Per Scan = 48
* Number of Voltage Words = 5
* Number of Scans Averaged by the Deck Unit = 1
* NMEA Latitude = 57 49.20 N
* NMEA Longitude = 019 33.25 E
* NMEA UTC (Time) = Nov 24 2018  06:02:38
* NMEA baud rate = 4800
** Ship: DANA
** Average sound velocity: 1442.96 m/s
** True-depth calculation Tue, 02 Apr 2019 12:13:43 +0000
** CTD Python Module SMHI /ver 3-12/ feb 2012 
** LIMS Job: 20182601-1230
** Operator: Ronny
** Cruise: 12/2018
# nquan = 26
# nvalues = 159                         
# units = specified
# name 0 = scan: Scan Count
# name 1 = prDM: Pressure, Digiquartz [db]
# name 2 = t090C: Temperature [ITS-90, deg C]
# name 3 = t190C: Temperature, 2 [ITS-90, deg C]
# name 4 = T2-T190C: Temperature Difference, 2 - 1 [ITS-90, deg C]
# name 5 = c0S/m: Conductivity [S/m]
# name 6 = c1S/m: Conductivity, 2 [S/m]
# name 7 = pumps: Pump Status
# name 8 = sbeox1ML/L: Oxygen, SBE 43, 2 [ml/l]
# name 9 = sbeox0ML/L: Oxygen, SBE 43 [ml/l]
# name 10 = altM: Altimeter [m]
# name 11 = chloroflTC0: Chlorophyll, Turner Cyclops [ug/l]
# name 12 = cpar: CPAR/Corrected Irradiance [%]
# name 13 = par: PAR/Irradiance, Biospherical/Lico [µE/(cm^2*s)]
# name 14 = spar: SPAR, Biospherical/Licor
# name 15 = sal00: Salinity, Practical [PSU]
# name 16 = sal11: Salinity, Practical, 2 [PSU]
# name 17 = secS-priS: Salinity, Practical, Difference, 2 - 1 [PSU]
# name 18 = sigma-t00: Density [sigma-t, kg/m^3 ]
# name 19 = sigma-t11: Density, 2 [sigma-t, kg/m^3 ]
# name 20 = depSM: Depth [salt water, m], lat = 57.82
# name 21 = depFM: Depth [true depth, m], lat = 57.82
# name 22 = dz/dtM: Descent Rate [m/s], WS = 2
# name 23 = svCM: Sound Velocity [Chen-Millero, m/s]
# name 24 = svCM1: Sound Velocity, 2 [Chen-Millero, m/s]
# name 25 = flag: flag
# span 0 =        261,       7663       
# span 1 =      1.000,     80.000       
# span 2 =     3.9037,     8.1654       
# span 3 =     3.8689,     8.1692       
# span 4 =    -1.1764,     0.0723       
# span 5 =   0.785450,   1.028869       
# span 6 =   0.783263,   1.030215       
# span 7 =          1,          1       
# span 8 =     0.4653,     7.5294       
# span 9 =     0.4612,     7.7056       
# span 10 =       1.29,       9.96      
# span 11 =     0.0159,     0.0240      
# span 12 = 4.9241e-11, 4.9241e-11      
# span 13 = 1.0000e-12, 1.0000e-12      
# span 14 = 2.0308e+00, 2.0308e+00      
# span 15 =     7.0613,     9.6198      
# span 16 =     7.0613,     9.6300      
# span 17 =    -0.0006,     0.1151      
# span 18 =     5.3930,     7.6007      
# span 19 =     5.3929,     7.6081      
# span 20 =      0.991,     79.244      
# span 21 =      1.013,     81.003      
# span 22 =      0.187,      0.421      
# span 23 =    1431.90,    1449.23      
# span 24 =    1431.71,    1449.35      
# span 25 = 0.0000e+00, 0.0000e+00      
# interval = decibars: 0.5              
# start_time = Nov 24 2018 06:02:38 [NMEA time, first data scan]
# bad_flag = -9.990e-29
*END*
[from data line 112]
       5498     57.000     3.9962     4.0159     0.0198    0.81506    0.81766          1     5.3674     5.5447       9.96     0.0159  4.924e-11  1.000e-12  2.031e+00     7.7507     7.7726     0.0219     6.1614     6.1784     56.465     57.738      0.267    1432.58    1432.70  0.000e+00
       5534     57.500     4.0426     4.0878     0.0452    0.81943    0.82295          1     5.3140     5.4675       9.96     0.0159  4.924e-11  1.000e-12  2.031e+00     7.7843     7.8094     0.0252     6.1869     6.2057     56.960     58.244      0.352    1432.84    1433.08  0.000e+00
       5587     58.000     4.0863     4.1061     0.0198    0.82312    0.82558          1     5.2030     5.3620       9.96     0.0159  4.924e-11  1.000e-12  2.031e+00     7.8115     7.8318     0.0203     6.2074     6.2229     57.455     58.751      0.220    1433.08    1433.20  0.000e+00
       5641     58.500     4.1237     4.1166    -0.0071    0.82732    0.82814          1     5.1165     5.2711       9.96     0.0159  4.924e-11  1.000e-12  2.031e+00     7.8453     7.8553     0.0100     6.2332     6.2413     57.951     59.257      0.380    1433.30    1433.28  0.000e+00
       5670     59.000     4.0897     4.0309    -0.0587    0.82745    0.82671          1     5.0902     5.2149       9.96     0.0159  4.924e-11  1.000e-12  2.031e+00     7.8547     7.8613     0.0066     6.2416     6.2484     58.446     59.763      0.335    1433.17    1432.91  0.000e+00
       5735     59.500     4.0469     4.0206    -0.0263    0.82741    0.82773          1     5.0494     5.1763       9.96     0.0159  4.924e-11  1.000e-12  2.031e+00     7.8644     7.8741     0.0096     6.2505     6.2588     58.941     60.269      0.244    1433.00    1432.89  0.000e+00
       5778     60.000     3.9755     3.9480    -0.0276    0.82794    0.82888          1     5.0066     5.1251       9.96     0.0159  4.924e-11  1.000e-12  2.031e+00     7.8870     7.9033     0.0162     6.2703     6.2839     59.436     60.775      0.343    1432.71    1432.61  0.000e+00
       5821     60.500     3.9488     3.9330    -0.0158    0.83005    0.83166          1     4.8749     5.0336       9.96     0.0159  4.924e-11  1.000e-12  2.031e+00     7.9149     7.9353     0.0204     6.2932     6.3098     59.931     61.281      0.220    1432.64    1432.59  0.000e+00
       5879     61.000     3.9326     3.9294    -0.0032    0.83363    0.83566          1     4.7381     4.8793       9.96     0.0159  4.924e-11  1.000e-12  2.031e+00     7.9555     7.9772     0.0217     6.3258     6.3431     60.427     61.787      0.308    1432.62    1432.64  0.000e+00
       5911     61.500     3.9478     3.9766     0.0288    0.83777    0.84220          1     4.5997     4.7400       9.96     0.0159  4.924e-11  1.000e-12  2.031e+00     7.9942     8.0326     0.0384     6.3562     6.3859     60.922     62.293      0.345    1432.75    1432.93  0.000e+00
       5961     62.000     3.9877     4.0153     0.0276    0.84404    0.84827          1     4.3330     4.5060       9.96     0.0159  4.924e-11  1.000e-12  2.031e+00     8.0487     8.0852     0.0365     6.3984     6.4267     61.417     62.799      0.217    1433.01    1433.18  0.000e+00
       6010     62.500     4.0450     4.0772     0.0324    0.85254    0.85658          1     4.1430     4.2718       9.96     0.0159  4.924e-11  1.000e-12  2.031e+00     8.1217     8.1549     0.0333     6.4548     6.4803     61.912     63.305      0.358    1433.37    1433.56  0.000e+00
       6044     63.000     4.1213     4.1910     0.0696    0.86271    0.87126          1     3.8323     3.9788       9.96     0.0159  4.924e-11  1.000e-12  2.031e+00     8.2066     8.2765     0.0699     6.5201     6.5736     62.408     63.811      0.264    1433.83    1434.23  0.000e+00
       6112     63.500     4.1867     4.2268     0.0400    0.87260    0.87835          1     3.3946     3.6059       9.96     0.0159  4.924e-11  1.000e-12  2.031e+00     8.2912     8.3399     0.0487     6.5853     6.6228     62.903     64.317      0.278    1434.24    1434.48  0.000e+00
       6147     64.000     4.2462     4.2664     0.0201    0.88219    0.88526          1     3.2656     3.3200       9.96     0.0159  4.924e-11  1.000e-12  2.031e+00     8.3740     8.4003     0.0262     6.6493     6.6695     63.398     64.823      0.317    1434.62    1434.74  0.000e+00
       6198     64.500     4.2763     4.2951     0.0188    0.88775    0.89057          1     3.0905     3.1376       9.96     0.0159  4.924e-11  1.000e-12  2.031e+00     8.4231     8.4470     0.0239     6.6872     6.7056     63.893     65.329      0.230    1434.82    1434.94  0.000e+00
       6242     65.000     4.3093     4.3339     0.0245    0.89338    0.89628          1     3.0162     3.0539       9.96     0.0159  4.924e-11  1.000e-12  2.031e+00     8.4720     8.4952     0.0232     6.7249     6.7426     64.388     65.835      0.316    1435.04    1435.18  0.000e+00
       6286     65.500     4.3459     4.3557     0.0098    0.89872    0.89995          1     2.9163     2.9585       9.96     0.0159  4.924e-11  1.000e-12  2.031e+00     8.5169     8.5269     0.0100     6.7594     6.7670     64.884     66.341      0.231    1435.27    1435.32  0.000e+00
       6339     66.000     4.3540     4.3575     0.0036    0.89995    0.90014          1     2.8640     2.9096       9.96     0.0159  4.924e-11  1.000e-12  2.031e+00     8.5274     8.5283     0.0010     6.7674     6.7680     65.379     66.847      0.265    1435.33    1435.34  0.000e+00
       6383     66.500     4.3931     4.4379     0.0448    0.90721    0.91408          1     2.6996     2.7642       9.96     0.0159  4.924e-11  1.000e-12  2.031e+00     8.5910     8.6493     0.0583     6.8165     6.8612     65.874     67.353      0.244    1435.59    1435.86  0.000e+00
       6439     67.000     4.4985     4.5306     0.0321    0.92547    0.92966          1     2.2982     2.3484       9.96     0.0159  4.924e-11  1.000e-12  2.031e+00     8.7493     8.7834     0.0341     6.9383     6.9642     66.369     67.858      0.221    1436.27    1436.45  0.000e+00
       6486     67.500     4.5496     4.5695     0.0200    0.93388    0.93606          1     2.1540     2.1774       9.96     0.0159  4.924e-11  1.000e-12  2.031e+00     8.8212     8.8380     0.0168     6.9934     7.0060     66.865     68.364      0.296    1436.59    1436.70  0.000e+00
       6526     68.000     4.5805     4.5965     0.0160    0.93819    0.93996          1     2.0816     2.0908       9.96     0.0159  4.924e-11  1.000e-12  2.031e+00     8.8567     8.8704     0.0138     7.0204     7.0307     67.360     68.870      0.276    1436.78    1436.87  0.000e+00
       6577     68.500     4.6014     4.6200     0.0185    0.94147    0.94377          1     2.0061     2.0312       9.96     0.0159  4.924e-11  1.000e-12  2.031e+00     8.8843     8.9027     0.0184     7.0415     7.0553     67.855     69.375      0.227    1436.92    1437.02  0.000e+00
       6625     69.000     4.6362     4.6556     0.0195    0.94803    0.95051          1     1.8898     1.9154       9.96     0.0159  4.924e-11  1.000e-12  2.031e+00     8.9416     8.9615     0.0199     7.0855     7.1005     68.350     69.881      0.278    1437.15    1437.27  0.000e+00
       6674     69.500     4.6648     4.6803     0.0155    0.95288    0.95510          1     1.7695     1.7907       9.96     0.0159  4.924e-11  1.000e-12  2.031e+00     8.9830     9.0013     0.0183     7.1172     7.1310     68.845     70.387      0.219    1437.34    1437.43  0.000e+00
       6725     70.000     4.7002     4.7076     0.0074    0.95843    0.95914          1     1.6709     1.6818       9.96     0.0159  4.924e-11  1.000e-12  2.031e+00     9.0296     9.0348     0.0051     7.1527     7.1565     69.341     70.893      0.276    1437.56    1437.60  0.000e+00
       6773     70.500     4.7091     4.7145     0.0054    0.95960    0.96012          1     1.6386     1.6477       9.96     0.0159  4.924e-11  1.000e-12  2.031e+00     9.0390     9.0428     0.0038     7.1598     7.1626     69.836     71.398      0.227    1437.62    1437.65  0.000e+00
       6822     71.000     4.7133     4.7205     0.0072    0.96027    0.96095          1     1.6324     1.6427       9.96     0.0159  4.924e-11  1.000e-12  2.031e+00     9.0446     9.0494     0.0049     7.1640     7.1676     70.331     71.904      0.298    1437.66    1437.70  0.000e+00
       6859     71.500     4.7288     4.7443     0.0155    0.96266    0.96454          1     1.5925     1.6114       9.96     0.0159  4.924e-11  1.000e-12  2.031e+00     9.0644     9.0793     0.0149     7.1791     7.1903     70.826     72.409      0.296    1437.76    1437.85  0.000e+00
       6908     72.000     4.7518     4.7650     0.0132    0.96619    0.96807          1     1.5191     1.5383       9.69     0.0159  4.924e-11  1.000e-12  2.031e+00     9.0939     9.1093     0.0154     7.2015     7.2132     71.321     72.915      0.223    1437.91    1437.98  0.000e+00
       6959     72.500     4.7861     4.8066     0.0205    0.97244    0.97511          1     1.3949     1.4143       9.17     0.0159  4.924e-11  1.000e-12  2.031e+00     9.1477     9.1691     0.0214     7.2427     7.2588     71.817     73.421      0.250    1438.13    1438.25  0.000e+00
       7008     73.000     4.8250     4.8399     0.0149    0.97878    0.98066          1     1.2587     1.2683       8.65     0.0159  4.924e-11  1.000e-12  2.031e+00     9.2011     9.2161     0.0149     7.2834     7.2945     72.312     73.926      0.244    1438.38    1438.46  0.000e+00
       7056     73.500     4.8413     4.8548     0.0135    0.98129    0.98297          1     1.1781     1.1850       8.12     0.0159  4.924e-11  1.000e-12  2.031e+00     9.2220     9.2352     0.0132     7.2992     7.3090     72.807     74.432      0.252    1438.49    1438.56  0.000e+00
       7102     74.000     4.8586     4.8713     0.0127    0.98421    0.98589          1     1.1192     1.1222       7.59     0.0159  4.924e-11  1.000e-12  2.031e+00     9.2467     9.2601     0.0135     7.3179     7.3280     73.302     74.937      0.274    1438.60    1438.67  0.000e+00
       7145     74.500     4.8715     4.8843     0.0129    0.98637    0.98806          1     1.0915     1.0960       7.07     0.0159  4.924e-11  1.000e-12  2.031e+00     9.2649     9.2783     0.0134     7.3318     7.3419     73.797     75.443      0.272    1438.69    1438.76  0.000e+00
       7191     75.000     4.8871     4.9077     0.0206    0.98902    0.99200          1     1.0427     1.0600       6.53     0.0159  4.924e-11  1.000e-12  2.031e+00     9.2873     9.3116     0.0244     7.3488     7.3672     74.293     75.949      0.256    1438.79    1438.92  0.000e+00
       7237     75.500     4.9121     4.9505     0.0383    0.99331    0.99902          1     0.9651     0.9959       6.01     0.0159  4.924e-11  1.000e-12  2.031e+00     9.3236     9.3705     0.0469     7.3765     7.4119     74.788     76.454      0.273    1438.96    1439.19  0.000e+00
       7282     76.000     4.9540     4.9857     0.0317    1.00023    1.00480          1     0.8691     0.8932       5.46     0.0159  4.924e-11  1.000e-12  2.031e+00     9.3817     9.4189     0.0372     7.4206     7.4486     75.283     76.960      0.238    1439.22    1439.41  0.000e+00
       7338     76.500     4.9875     5.0005     0.0130    1.00563    1.00740          1     0.7999     0.8021       4.94     0.0159  4.924e-11  1.000e-12  2.031e+00     9.4268     9.4409     0.0142     7.4547     7.4653     75.778     77.465      0.228    1439.44    1439.51  0.000e+00
       7382     77.000     4.9988     5.0306     0.0318    1.00776    1.01224          1     0.7550     0.7581       4.46     0.0159  4.924e-11  1.000e-12  2.031e+00     9.4449     9.4812     0.0363     7.4686     7.4958     76.273     77.971      0.334    1439.52    1439.70  0.000e+00
       7421     77.500     5.0341     5.0591     0.0250    1.01341    1.01698          1     0.6768     0.6924       3.91     0.0159  4.924e-11  1.000e-12  2.031e+00     9.4919     9.5208     0.0290     7.5041     7.5258     76.769     78.476      0.246    1439.74    1439.88  0.000e+00
       7484     78.000     5.0485     5.0612     0.0127    1.01596    1.01739          1     0.6392     0.6264       3.40     0.0159  4.924e-11  1.000e-12  2.031e+00     9.5135     9.5243     0.0108     7.5205     7.5284     77.264     78.982      0.276    1439.84    1439.91  0.000e+00
       7518     78.500     5.0584     5.0729     0.0145    1.01733    1.01897          1     0.6292     0.6125       2.92     0.0159  4.924e-11  1.000e-12  2.031e+00     9.5244     9.5368     0.0124     7.5287     7.5378     77.759     79.487      0.350    1439.90    1439.98  0.000e+00
       7570     79.000     5.0771     5.0973     0.0202    1.02022    1.02319          1     0.5777     0.5731       2.33     0.0159  4.924e-11  1.000e-12  2.031e+00     9.5481     9.5724     0.0242     7.5466     7.5647     78.254     79.993      0.204    1440.02    1440.14  0.000e+00
       7626     79.500     5.1035     5.1281     0.0246    1.02460    1.02784          1     0.5283     0.5170       1.84     0.0159  4.924e-11  1.000e-12  2.031e+00     9.5847     9.6103     0.0256     7.5742     7.5933     78.749     80.498      0.310    1440.19    1440.33  0.000e+00
       7663     80.000     5.1307     5.1425     0.0120    1.02887    1.03022          1     0.4653     0.4612       1.29     0.0159  4.924e-11  1.000e-12  2.031e+00     9.6198     9.6300     0.0101     7.6007     7.6081     79.244     81.003      0.253    1440.36    1440.43  0.000e+00
