ctdpy/exports/archive_20191121_122431/received_data/SBE09_1044_20180127_1458_34_02_0020.cnv
* Sea-Bird SBE 9 Data File:
* FileName = C:\ctd\temp\2018\ME18D020.hex
* Software Version Seasave V 7.26.6.26
* Temperature SN = 5351
* Conductivity SN = 3941
* Number of Bytes Per Scan = 41
* Number of Voltage Words = 4
* Number of Scans Averaged by the Deck Unit = 1
* NMEA Latitude = 54 50.01 N
* NMEA Longitude = 019 20.03 E
* NMEA UTC (Time) = Jan 27 2018  14:58:52
* NMEA baud rate = 4800
** Station:  PL-P1
** Operator:  SSip
** Ship: MERI
** Average sound velocity: 1440.68 m/s
** True-depth calculation Sat, 27 Jan 2018 16:16:28 +0000
** CTD Python Module SMHI /ver 3-12/ feb 2012 
** LIMS Job: 20183402-0020
** Cruise: SMHI-01-2018
** Latitude [GG MM.mm N] :
** Longitude [GG MM.mm E]:
# nquan = 26
# nvalues = 202                         
# units = specified
# name 0 = scan: Scan Count
# name 1 = prDM: Pressure, Digiquartz [db]
# name 2 = t090C: Temperature [ITS-90, deg C]
# name 3 = t190C: Temperature, 2 [ITS-90, deg C]
# name 4 = T2-T190C: Temperature Difference, 2 - 1 [ITS-90, deg C]
# name 5 = c0S/m: Conductivity [S/m]
# name 6 = c1S/m: Conductivity, 2 [S/m]
# name 7 = pumps: Pump Status
# name 8 = sbeox0ML/L: Oxygen, SBE 43 [ml/l]
# name 9 = sbeox1ML/L: Oxygen, SBE 43, 2 [ml/l]
# name 10 = altM: Altimeter [m]
# name 11 = flECO-AFL: Chl-a Fluorescence, WET Labs ECO-AFL/FL [mg/m^3]
# name 12 = flECO-AFL1: Phycocyanin Fluorescence, WET Labs ECO-AFL/FL, 2 [mg/m^3]
# name 13 = par: PAR/Irradiance, Biospherical/Lico [µE/(cm^2*s)]
# name 14 = turbWETntu0: Turbidity, WET Labs ECO [NTU]
# name 15 = sal00: Salinity, Practical [PSU]
# name 16 = sal11: Salinity, Practical, 2 [PSU]
# name 17 = secS-priS: Salinity, Practical, Difference, 2 - 1 [PSU]
# name 18 = sigma-t00: Density [sigma-t, Kg/m^3 ]
# name 19 = sigma-t11: Density, 2 [sigma-t, Kg/m^3 ]
# name 20 = depSM: Depth [salt water, m], lat = 54.8335
# name 21 = depFM: Depth [true depth, m], lat = 54.8335
# name 22 = dz/dtM: Descent Rate [m/s], WS = 2
# name 23 = svCM: Sound Velocity [Chen-Millero, m/s]
# name 24 = svCM1: Sound Velocity, 2 [Chen-Millero, m/s]
# name 25 = flag: flag
# span 0 =       9718,      14109       
# span 1 =      1.000,    101.500       
# span 2 =     4.8294,     6.5075       
# span 3 =     4.8301,     6.5081       
# span 4 =    -0.0174,     0.0052       
# span 5 =   0.799368,   1.269850       
# span 6 =   0.799347,   1.269826       
# span 7 =          1,          1       
# span 8 =   -0.25313,    8.08537       
# span 9 =    0.30835,    8.07609       
# span 10 =       4.10,      99.00      
# span 11 =     0.2714,     0.5911      
# span 12 =     0.2336,     0.4110      
# span 13 = -2.629e-05, 1.7832e+01      
# span 14 =     0.1348,     0.2644      
# span 15 =     7.4000,    11.5889      
# span 16 =     7.3994,    11.5885      
# span 17 =    -0.0113,     0.0102      
# span 18 =     5.8558,     9.0691      
# span 19 =     5.8552,     9.0688      
# span 20 =      0.991,    100.562      
# span 21 =      1.013,    102.654      
# span 22 =     -0.149,      0.773      
# span 23 =    1435.14,    1449.07      
# span 24 =    1435.13,    1449.07      
# span 25 = 0.0000e+00, 0.0000e+00      
# interval = decibars: 0.5              
# start_time = Jan 27 2018 14:58:53 [NMEA time, first data scan]
# bad_flag = -9.990e-29
*END*
[from data line 56]
      11001     29.000     4.8577     4.8588     0.0011    0.79964    0.79961          1     8.0854     8.0194      98.30     0.5361     0.3006  1.000e-12  0.1695000     7.4011     7.4005    -0.0006     5.8570     5.8565     28.737     29.366      0.530    1435.53    1435.54  0.000e+00
      11025     29.500     4.8573     4.8580     0.0007    0.79964    0.79961          1     8.0796     8.0266      98.02     0.5410     0.3354  1.000e-12  0.1679000     7.4011     7.4006    -0.0005     5.8571     5.8567     29.232     29.872      0.493    1435.54    1435.54  0.000e+00
      11050     30.000     4.8567     4.8575     0.0008    0.79964    0.79960          1     8.0560     8.0266      93.40     0.5473     0.3259  1.000e-12  0.1727000     7.4011     7.4006    -0.0006     5.8571     5.8566     29.728     30.378      0.456    1435.54    1435.55  0.000e+00
      11076     30.500     4.8532     4.8522    -0.0010    0.79959    0.79953          1     8.0459     8.0209      93.99     0.5533     0.3398  1.000e-12  0.1824000     7.4014     7.4009    -0.0004     5.8574     5.8571     30.223     30.885      0.494    1435.54    1435.53  0.000e+00
      11099     31.000     4.8477     4.8482     0.0004    0.79951    0.79948          1     8.0542     8.0205      84.80     0.5434     0.3462  1.000e-12  0.1836000     7.4017     7.4013    -0.0004     5.8579     5.8575     30.719     31.391      0.541    1435.52    1435.52  0.000e+00
      11121     31.500     4.8484     4.8494     0.0009    0.79953    0.79949          1     8.0559     8.0366      85.50     0.5292     0.3097  1.000e-12  0.1689000     7.4017     7.4011    -0.0006     5.8579     5.8573     31.214     31.897      0.529    1435.53    1435.53  0.000e+00
      11145     32.000     4.8476     4.8480     0.0005    0.79953    0.79949          1     8.0623     8.0375      98.46     0.5261     0.2758  1.000e-12  0.1602000     7.4018     7.4013    -0.0004     5.8579     5.8576     31.710     32.403      0.473    1435.53    1435.54  0.000e+00
      11172     32.500     4.8459     4.8475     0.0016    0.79950    0.79949          1     8.0501     8.0327      98.64     0.5228     0.3178  1.000e-12  0.1803000     7.4018     7.4013    -0.0005     5.8581     5.8576     32.205     32.910      0.476    1435.53    1435.54  0.000e+00
      11195     33.000     4.8435     4.8443     0.0008    0.79948    0.79944          1     8.0527     8.0257      98.64     0.5376     0.3397  1.000e-12  0.1846000     7.4021     7.4015    -0.0006     5.8583     5.8579     32.700     33.416      0.565    1435.53    1435.54  0.000e+00
      11215     33.500     4.8414     4.8420     0.0006    0.79946    0.79942          1     8.0556     8.0114      82.09     0.5050     0.3167  1.000e-12  0.1616000     7.4023     7.4018    -0.0005     5.8586     5.8581     33.196     33.922      0.609    1435.53    1435.53  0.000e+00
      11235     34.000     4.8401     4.8409     0.0009    0.79945    0.79941          1     8.0511     7.9953      87.00     0.5421     0.3688  1.000e-12  0.1753000     7.4024     7.4019    -0.0006     5.8588     5.8583     33.691     34.429      0.557    1435.53    1435.54  0.000e+00
      11259     34.500     4.8397     4.8408     0.0011    0.79946    0.79943          1     8.0499     7.9986      77.84     0.5292     0.3462  1.000e-12  0.1703000     7.4025     7.4020    -0.0006     5.8588     5.8584     34.187     34.935      0.444    1435.54    1435.54  0.000e+00
      11289     35.000     4.8386     4.8393     0.0007    0.79945    0.79942          1     8.0615     8.0240      74.42     0.5165     0.2956  1.000e-12  0.1669000     7.4026     7.4021    -0.0005     5.8589     5.8585     34.682     35.441      0.416    1435.54    1435.55  0.000e+00
      11315     35.500     4.8382     4.8394     0.0012    0.79946    0.79943          1     8.0614     8.0194      95.06     0.5394     0.3286  1.000e-12  0.1839000     7.4027     7.4021    -0.0006     5.8590     5.8585     35.177     35.948      0.537    1435.55    1435.55  0.000e+00
      11335     36.000     4.8382     4.8392     0.0009    0.79946    0.79943          1     8.0577     8.0160      98.61     0.5238     0.3245  1.000e-12  0.1818000     7.4027     7.4022    -0.0005     5.8590     5.8586     35.673     36.454      0.629    1435.56    1435.56  0.000e+00
      11353     36.500     4.8381     4.8387     0.0006    0.79947    0.79944          1     8.0502     8.0124      98.62     0.5127     0.3403  1.000e-12  0.1799000     7.4027     7.4023    -0.0004     5.8590     5.8587     36.168     36.960      0.624    1435.57    1435.57  0.000e+00
      11374     37.000     4.8373     4.8380     0.0007    0.79947    0.79944          1     8.0422     8.0027      89.79     0.5092     0.4110  1.000e-12  0.1798000     7.4028     7.4023    -0.0005     5.8591     5.8588     36.664     37.466      0.525    1435.57    1435.57  0.000e+00
      11401     37.500     4.8361     4.8373     0.0013    0.79946    0.79943          1     8.0472     8.0030      72.30     0.5217     0.3048  1.000e-12  0.1774000     7.4030     7.4024    -0.0006     5.8593     5.8588     37.159     37.973      0.415    1435.57    1435.58  0.000e+00
      11430     38.000     4.8357     4.8368     0.0011    0.79946    0.79944          1     8.0467     8.0209      86.17     0.5083     0.2594  1.000e-12  0.1755000     7.4030     7.4025    -0.0005     5.8594     5.8589     37.655     38.479      0.458    1435.58    1435.58  0.000e+00
      11453     38.500     4.8348     4.8355     0.0007    0.79946    0.79943          1     8.0404     8.0245      70.56     0.5198     0.3164  1.000e-12  0.1776000     7.4031     7.4026    -0.0005     5.8595     5.8591     38.150     38.985      0.572    1435.58    1435.59  0.000e+00
      11473     39.000     4.8347     4.8352     0.0005    0.79947    0.79944          1     8.0486     8.0213      70.68     0.5289     0.3168  1.000e-12  0.1673000     7.4031     7.4027    -0.0004     5.8595     5.8591     38.645     39.492      0.601    1435.59    1435.59  0.000e+00
      11494     39.500     4.8339     4.8346     0.0007    0.79947    0.79944          1     8.0476     8.0169      70.01     0.5179     0.3167  1.000e-12  0.1723000     7.4033     7.4028    -0.0005     5.8596     5.8592     39.141     39.998      0.540    1435.60    1435.60  0.000e+00
      11518     40.000     4.8319     4.8325     0.0006    0.79945    0.79941          1     8.0409     8.0130      84.08     0.5167     0.2884  1.000e-12  0.1632000     7.4035     7.4030    -0.0005     5.8599     5.8594     39.636     40.504      0.469    1435.59    1435.60  0.000e+00
      11544     40.500     4.8310     4.8321     0.0010    0.79945    0.79942          1     8.0325     8.0046      87.14     0.5167     0.3246  1.000e-12  0.1663000     7.4035     7.4030    -0.0005     5.8600     5.8595     40.132     41.011      0.504    1435.60    1435.60  0.000e+00
      11566     41.000     4.8304     4.8314     0.0010    0.79945    0.79942          1     8.0340     8.0060      89.83     0.5075     0.3618  1.000e-12  0.1719000     7.4036     7.4031    -0.0005     5.8600     5.8596     40.627     41.517      0.562    1435.60    1435.61  0.000e+00
      11587     41.500     4.8301     4.8307     0.0007    0.79945    0.79942          1     8.0425     8.0148      85.84     0.5116     0.3537  1.000e-12  0.1690000     7.4036     7.4032    -0.0004     5.8601     5.8597     41.122     42.023      0.529    1435.61    1435.61  0.000e+00
      11612     42.000     4.8296     4.8305     0.0008    0.79946    0.79942          1     8.0476     8.0168      67.36     0.5106     0.3268  1.000e-12  0.1669000     7.4038     7.4032    -0.0005     5.8602     5.8597     41.618     42.529      0.454    1435.62    1435.62  0.000e+00
      11639     42.500     4.8296     4.8304     0.0009    0.79947    0.79944          1     8.0472     8.0130      66.74     0.4976     0.3404  1.000e-12  0.1605000     7.4038     7.4033    -0.0005     5.8602     5.8598     42.113     43.036      0.488    1435.62    1435.63  0.000e+00
      11661     43.000     4.8298     4.8304     0.0007    0.79948    0.79944          1     8.0435     8.0087      87.28     0.5034     0.3006  1.000e-12  0.1703000     7.4038     7.4033    -0.0005     5.8602     5.8598     42.609     43.542      0.585    1435.63    1435.63  0.000e+00
      11680     43.500     4.8298     4.8304     0.0006    0.79950    0.79946          1     8.0487     8.0126      65.76     0.5174     0.3576  1.000e-12  0.1907000     7.4039     7.4034    -0.0005     5.8603     5.8599     43.104     44.048      0.643    1435.64    1435.64  0.000e+00
      11699     44.000     4.8296     4.8302     0.0006    0.79952    0.79948          1     8.0434     8.0230      68.81     0.5167     0.3541  1.000e-12  0.1673000     7.4041     7.4036    -0.0005     5.8605     5.8600     43.599     44.555      0.643    1435.65    1435.65  0.000e+00
      11718     44.500     4.8296     4.8302     0.0006    0.79955    0.79951          1     8.0389     8.0239      83.08     0.5167     0.3457  1.000e-12  0.1672000     7.4044     7.4038    -0.0005     5.8607     5.8602     44.095     45.061      0.571    1435.66    1435.66  0.000e+00
      11742     45.000     4.8295     4.8303     0.0008    0.79956    0.79953          1     8.0340     8.0145      78.78     0.5019     0.3331  1.000e-12  0.1662000     7.4044     7.4039    -0.0005     5.8607     5.8603     44.590     45.567      0.482    1435.66    1435.67  0.000e+00
      11767     45.500     4.8296     4.8303     0.0007    0.79958    0.79954          1     8.0295     8.0069      98.95     0.5147     0.3180  1.000e-12  0.1778000     7.4045     7.4040    -0.0005     5.8608     5.8604     45.086     46.074      0.548    1435.67    1435.67  0.000e+00
      11786     46.000     4.8300     4.8307     0.0007    0.79959    0.79956          1     8.0323     8.0100      98.59     0.5262     0.3607  1.000e-12  0.1883000     7.4045     7.4041    -0.0005     5.8608     5.8604     45.581     46.580      0.692    1435.68    1435.68  0.000e+00
      11802     46.500     4.8299     4.8305     0.0006    0.79961    0.79957          1     8.0335     8.0135      98.59     0.5166     0.3526  1.000e-12  0.1910000     7.4046     7.4042    -0.0005     5.8609     5.8605     46.076     47.086      0.773    1435.69    1435.69  0.000e+00
      11817     47.000     4.8295     4.8301     0.0006    0.79961    0.79958          1     8.0349     8.0116      98.59     0.5167     0.3348  1.000e-12  0.1804000     7.4047     7.4042    -0.0005     5.8609     5.8605     46.572     47.592      0.753    1435.70    1435.70  0.000e+00
      11834     47.500     4.8295     4.8302     0.0007    0.79963    0.79960          1     8.0386     8.0027      98.57     0.5143     0.3527  1.000e-12  0.1741000     7.4048     7.4043    -0.0005     5.8610     5.8606     47.067     48.099      0.633    1435.70    1435.71  0.000e+00
      11857     48.000     4.8294     4.8301     0.0008    0.79965    0.79962          1     8.0380     7.9942      98.56     0.5071     0.3467  1.000e-12  0.1751000     7.4050     7.4045    -0.0005     5.8612     5.8607     47.562     48.605      0.470    1435.71    1435.71  0.000e+00
      11886     48.500     4.8295     4.8304     0.0009    0.79969    0.79966          1     8.0380     7.9951      81.72     0.5049     0.3327  1.000e-12  0.1838000     7.4052     7.4047    -0.0005     5.8613     5.8609     48.058     49.111      0.450    1435.72    1435.72  0.000e+00
      11909     49.000     4.8311     4.8316     0.0005    0.79977    0.79973          1     8.0512     8.0086      64.52     0.4715     0.3280  1.000e-12  0.1819000     7.4056     7.4051    -0.0005     5.8616     5.8612     48.553     49.618      0.563    1435.73    1435.74  0.000e+00
      11929     49.500     4.8329     4.8334     0.0005    0.79989    0.79984          1     8.0469     8.0106      98.51     0.5045     0.3325  1.000e-12  0.1858000     7.4063     7.4058    -0.0005     5.8621     5.8616     49.049     50.124      0.640    1435.75    1435.75  0.000e+00
      11947     50.000     4.8353     4.8357     0.0004    0.80002    0.79998          1     8.0320     7.9987      98.53     0.5138     0.3321  1.000e-12  0.1767000     7.4070     7.4065    -0.0005     5.8626     5.8622     49.544     50.630      0.672    1435.77    1435.77  0.000e+00
      11965     50.500     4.8440     4.8442     0.0002    0.80056    0.80051          1     8.0225     7.9971      65.29     0.5133     0.3193  1.000e-12  0.1724000     7.4104     7.4099    -0.0006     5.8650     5.8645     50.039     51.137      0.664    1435.82    1435.82  0.000e+00
      11983     51.000     4.8453     4.8460     0.0006    0.80069    0.80065          1     8.0183     7.9943      57.80     0.5045     0.3195  1.000e-12  0.1664000     7.4113     7.4108    -0.0005     5.8656     5.8652     50.535     51.643      0.623    1435.84    1435.84  0.000e+00
      12004     51.500     4.8453     4.8459     0.0005    0.80070    0.80066          1     8.0240     7.9850      57.47     0.4700     0.3167  1.000e-12  0.1859000     7.4114     7.4109    -0.0006     5.8657     5.8652     51.030     52.149      0.550    1435.85    1435.85  0.000e+00
      12027     52.000     4.8441     4.8449     0.0008    0.80065    0.80061          1     8.0239     7.9842      56.89     0.4684     0.3307  1.000e-12  0.1610000     7.4110     7.4106    -0.0005     5.8654     5.8650     51.526     52.655      0.509    1435.85    1435.85  0.000e+00
      12050     52.500     4.8421     4.8428     0.0007    0.80061    0.80059          1     8.0119     7.9952      55.96     0.4773     0.3341  1.000e-12  0.1768000     7.4111     7.4107    -0.0004     5.8655     5.8652     52.021     53.162      0.562    1435.85    1435.85  0.000e+00
      12070     53.000     4.8432     4.8437     0.0005    0.80069    0.80069          1     8.0101     7.9928      55.41     0.4857     0.3083  1.000e-12  0.1797000     7.4116     7.4115    -0.0001     5.8659     5.8658     52.516     53.668      0.658    1435.86    1435.86  0.000e+00
      12087     53.500     4.8439     4.8458     0.0019    0.80086    0.80100          1     8.0114     7.9799      53.70     0.4923     0.3208  1.000e-12  0.1727000     7.4130     7.4140     0.0010     5.8670     5.8677     53.012     54.174      0.712    1435.87    1435.88  0.000e+00
      12104     54.000     4.8457     4.8461     0.0003    0.80131    0.80124          1     8.0055     7.9643      54.30     0.4811     0.3631  1.000e-12  0.1724000     7.4170     7.4162    -0.0008     5.8701     5.8695     53.507     54.681      0.704    1435.89    1435.89  0.000e+00
      12121     54.500     4.8476     4.8480     0.0004    0.80151    0.80146          1     7.9884     7.9572      54.24     0.4742     0.3377  1.000e-12  0.1795000     7.4185     7.4179    -0.0006     5.8712     5.8707     54.002     55.187      0.651    1435.91    1435.91  0.000e+00
      12141     55.000     4.8550     4.8545    -0.0004    0.80198    0.80189          1     7.9234     7.9222      53.82     0.4708     0.3279  1.000e-12  0.1920000     7.4215     7.4207    -0.0008     5.8733     5.8727     54.498     55.693      0.586    1435.96    1435.95  0.000e+00
      12162     55.500     4.8774     4.8769    -0.0005    0.80383    0.80373          1     7.8241     7.8317      66.23     0.4807     0.3146  1.000e-12  0.2166000     7.4348     7.4339    -0.0008     5.8830     5.8823     54.993     56.200      0.581    1436.08    1436.08  0.000e+00
      12182     56.000     4.9146     4.9134    -0.0012    0.80655    0.80646          1     7.6978     7.7065      69.29     0.5168     0.3171  1.000e-12  0.2168000     7.4535     7.4528    -0.0007     5.8964     5.8959     55.488     56.706      0.620    1436.28    1436.27  0.000e+00
