ctdpy/exports/archive_20191121_122431/received_data/SBE09_1044_20180420_1146_34_07_0024.cnv
* Sea-Bird SBE 9 Data File:
* FileName = C:\ctd\temp\2018\AU18D024.hex
* Software Version Seasave V 7.26.6.26
* Temperature SN = 5351
* Conductivity SN = 3941
* Number of Bytes Per Scan = 41
* Number of Voltage Words = 4
* Number of Scans Averaged by the Deck Unit = 1
* NMEA Latitude = 55 37.03 N
* NMEA Longitude = 014 52.05 E
* NMEA UTC (Time) = Apr 20 2018  11:46:29
* NMEA baud rate = 4800
** Station:  Hanobukten
** Operator:  A-KTh
** Ship: AURA
** Average sound velocity: 1435.91 m/s
** True-depth calculation Fri, 20 Apr 2018 12:37:39 +0000
** CTD Python Module SMHI /ver 3-12/ feb 2012 
** LIMS Job: 20183407-0024
** Cruise: SMHI-01-2018
** Latitude [GG MM.mm N] :
** Longitude [GG MM.mm E]:
# nquan = 26
# nvalues = 151                         
# units = specified
# name 0 = scan: Scan Count
# name 1 = prDM: Pressure, Digiquartz [db]
# name 2 = t090C: Temperature [ITS-90, deg C]
# name 3 = t190C: Temperature, 2 [ITS-90, deg C]
# name 4 = T2-T190C: Temperature Difference, 2 - 1 [ITS-90, deg C]
# name 5 = c0S/m: Conductivity [S/m]
# name 6 = c1S/m: Conductivity, 2 [S/m]
# name 7 = pumps: Pump Status
# name 8 = sbeox0ML/L: Oxygen, SBE 43 [ml/l]
# name 9 = sbeox1ML/L: Oxygen, SBE 43, 2 [ml/l]
# name 10 = altM: Altimeter [m]
# name 11 = flECO-AFL: Chl-a Fluorescence, WET Labs ECO-AFL/FL [mg/m^3]
# name 12 = flECO-AFL1: Phycocyanin Fluorescence, WET Labs ECO-AFL/FL, 2 [mg/m^3]
# name 13 = par: PAR/Irradiance, Biospherical/Lico [µE/(cm^2*s)]
# name 14 = turbWETntu0: Turbidity, WET Labs ECO [NTU]
# name 15 = sal00: Salinity, Practical [PSU]
# name 16 = sal11: Salinity, Practical, 2 [PSU]
# name 17 = secS-priS: Salinity, Practical, Difference, 2 - 1 [PSU]
# name 18 = sigma-t00: Density [sigma-t, Kg/m^3 ]
# name 19 = sigma-t11: Density, 2 [sigma-t, Kg/m^3 ]
# name 20 = depSM: Depth [salt water, m], lat = 55.6172
# name 21 = depFM: Depth [true depth, m], lat = 55.6172
# name 22 = dz/dtM: Descent Rate [m/s], WS = 2
# name 23 = svCM: Sound Velocity [Chen-Millero, m/s]
# name 24 = svCM1: Sound Velocity, 2 [Chen-Millero, m/s]
# name 25 = flag: flag
# span 0 =       8112,      12385       
# span 1 =      1.000,     76.000       
# span 2 =     2.5436,     7.6257       
# span 3 =     2.5401,     7.6259       
# span 4 =    -0.0443,     0.0521       
# span 5 =   0.764854,   1.733223       
# span 6 =   0.764899,   1.733233       
# span 7 =          1,          1       
# span 8 =    0.45429,   11.01789       
# span 9 =    0.39181,   10.83353       
# span 10 =       1.42,      98.36      
# span 11 =     0.3337,    15.5399      
# span 12 =     0.1983,     3.1669      
# span 13 = 1.0000e-12, 7.1316e+02      
# span 14 =     0.2289,     1.1147      
# span 15 =     7.4205,    16.0062      
# span 16 =     7.4199,    16.0059      
# span 17 =    -0.0304,     0.0034      
# span 18 =     5.8835,    12.4944      
# span 19 =     5.8828,    12.4941      
# span 20 =      0.991,     75.297      
# span 21 =      1.013,     76.839      
# span 22 =     -0.012,      0.604      
# span 23 =    1425.94,    1458.19      
# span 24 =    1425.94,    1458.18      
# span 25 = 0.0000e+00, 0.0000e+00      
# interval = decibars: 0.5              
# start_time = Apr 20 2018 11:46:30 [NMEA time, first data scan]
# bad_flag = -9.990e-29
*END*
[from data line 112]
      11373     57.000     5.3755     5.3655    -0.0100    1.26866    1.26722          1     4.1077     3.4984      21.28     0.8606     0.3129  1.000e-12  0.6541000    11.9791    11.9679    -0.0112     9.4506     9.4423     56.475     57.705      0.519    1444.05    1443.99  0.000e+00
      11396     57.500     5.7965     5.7593    -0.0373    1.36227    1.35815          1     3.0406     2.5550      12.23     0.7733     0.3338  1.000e-12  0.5973000    12.7770    12.7493    -0.0277    10.0531    10.0338     56.971     58.209      0.529    1446.86    1446.67  0.000e+00
      11419     58.000     6.7453     6.7008    -0.0443    1.47235    1.47015          1     2.1079     1.7710       5.20     0.6203     0.2796  1.000e-12  0.5424000    13.5180    13.5136    -0.0044    10.5658    10.5658     57.466     58.714      0.531    1451.78    1451.59  0.000e+00
      11442     58.500     7.0276     7.0186    -0.0090    1.50391    1.50336          1     1.5587     1.3744       4.76     0.5068     0.2286  1.000e-12  0.4944000    13.7203    13.7184    -0.0019    10.7012    10.7004     57.961     59.217      0.519    1453.21    1453.17  0.000e+00
      11465     59.000     7.1516     7.1483    -0.0033    1.51792    1.51765          1     1.3835     1.3080       4.30     0.4634     0.2415  1.000e-12  0.4879000    13.8093    13.8080    -0.0013    10.7603    10.7595     58.457     59.721      0.514    1453.83    1453.82  0.000e+00
      11488     59.500     7.1877     7.1872    -0.0005    1.52481    1.52463          1     1.4004     1.3697      18.37     0.4625     0.2319  1.000e-12  0.4915000    13.8628    13.8612    -0.0016    10.7990    10.7979     58.952     60.225      0.520    1454.06    1454.05  0.000e+00
      11511     60.000     7.2173     7.2160    -0.0013    1.52993    1.52978          1     1.4497     1.4230      18.14     0.4759     0.2579  1.000e-12  0.4853000    13.9013    13.9004    -0.0009    10.8267    10.8260     59.447     60.729      0.525    1454.24    1454.23  0.000e+00
      11534     60.500     7.2792     7.2765    -0.0027    1.53846    1.53822          1     1.4564     1.4127      17.68     0.4822     0.2709  1.000e-12  0.4801000    13.9605    13.9591    -0.0013    10.8675    10.8667     59.943     61.233      0.528    1454.57    1454.56  0.000e+00
      11557     61.000     7.3697     7.3662    -0.0035    1.55341    1.55321          1     1.4217     1.3615      17.24     0.4351     0.2344  1.000e-12  0.4609000    14.0709    14.0703    -0.0005    10.9458    10.9457     60.438     61.737      0.529    1455.08    1455.07  0.000e+00
      11579     61.500     7.3759     7.3773     0.0014    1.55886    1.55877          1     1.3743     1.3052      16.73     0.4167     0.2475  1.000e-12  0.4441000    14.1218    14.1204    -0.0014    10.9852    10.9839     60.933     62.240      0.526    1455.18    1455.18  0.000e+00
      11602     62.000     7.3531     7.3536     0.0005    1.55992    1.55983          1     1.3179     1.2468      16.23     0.4300     0.2646  1.000e-12  0.4755000    14.1414    14.1403    -0.0011    11.0026    11.0017     61.429     62.744      0.515    1455.12    1455.12  0.000e+00
      11626     62.500     7.3691     7.3688    -0.0003    1.56561    1.56538          1     1.2690     1.2023      15.70     0.4202     0.2245  1.000e-12  0.5043000    14.1908    14.1887    -0.0021    11.0398    11.0382     61.924     63.248      0.512    1455.25    1455.25  0.000e+00
      11649     63.000     7.3602     7.3621     0.0019    1.56760    1.56765          1     1.2342     1.1866      15.19     0.4286     0.2320  1.000e-12  0.5222000    14.2139    14.2136    -0.0003    11.0587    11.0583     62.419     63.751      0.520    1455.25    1455.26  0.000e+00
      11672     63.500     7.2905     7.3085     0.0177    1.57274    1.57289          1     1.3480     1.3460      14.68     0.4148     0.2722  1.000e-12  0.5182000    14.2932    14.2872    -0.0060    11.1271    11.1208     62.915     64.255      0.528    1455.08    1455.14  0.000e+00
      11694     64.000     6.9014     6.9102     0.0091    1.56302    1.56329          1     1.6039     1.6232      14.17     0.4195     0.2660  1.000e-12  0.6059000    14.3577    14.3568    -0.0010    11.2120    11.2105     63.410     64.759      0.531    1453.57    1453.60  0.000e+00
      11717     64.500     6.9299     6.9221    -0.0077    1.56504    1.56461          1     1.7029     1.6695      13.65     0.4408     0.2248  1.000e-12  0.7203000    14.3660    14.3649    -0.0010    11.2160    11.2159     63.905     65.262      0.527    1453.71    1453.67  0.000e+00
      11740     65.000     7.1130     7.0993    -0.0137    1.57600    1.57538          1     1.5686     1.4844      13.13     0.4381     0.2009  1.000e-12  0.7570000    14.3985    14.3981    -0.0004    11.2256    11.2265     64.400     65.766      0.520    1454.51    1454.45  0.000e+00
      11763     65.500     7.1396     7.1491     0.0094    1.58214    1.58214          1     1.4782     1.4162      12.62     0.3975     0.2378  1.000e-12  0.7066000    14.4483    14.4443    -0.0040    11.2622    11.2583     64.896     66.270      0.513    1454.68    1454.72  0.000e+00
      11787     66.000     6.9771     6.9875     0.0102    1.57832    1.57847          1     1.5359     1.5019      12.11     0.4051     0.2746  1.000e-12  0.6523000    14.4782    14.4753    -0.0029    11.3000    11.2968     65.391     66.773      0.513    1454.06    1454.10  0.000e+00
      11810     66.500     7.0380     7.0256    -0.0123    1.58671    1.58604          1     1.5447     1.4811      11.59     0.3951     0.2889  1.000e-12  0.6731000    14.5360    14.5345    -0.0015    11.3400    11.3399     65.886     67.277      0.523    1454.39    1454.34  0.000e+00
      11833     67.000     7.2198     7.2128    -0.0070    1.60020    1.59987          1     1.4293     1.3280      11.08     0.4192     0.2510  1.000e-12  0.6976000    14.5933    14.5930    -0.0003    11.3687    11.3691     66.382     67.780      0.534    1455.22    1455.19  0.000e+00
      11855     67.500     7.3433     7.3400    -0.0035    1.60971    1.60956          1     1.2075     1.1082      10.57     0.4296     0.2873  1.000e-12  0.6551000    14.6351    14.6351    -0.0000    11.3902    11.3905     66.877     68.284      0.531    1455.78    1455.77  0.000e+00
      11878     68.000     7.4789     7.4744    -0.0043    1.62158    1.62113          1     1.1202     1.0718      10.06     0.4312     0.2833  1.000e-12  0.6043000    14.6949    14.6923    -0.0026    11.4244    11.4228     67.372     68.787      0.521    1456.41    1456.39  0.000e+00
      11901     68.500     7.1228     7.1479     0.0247    1.60524    1.60617          1     1.2306     1.2149       9.51     0.4076     0.2349  1.000e-12  0.6346000    14.6839    14.6825    -0.0014    11.4483    11.4450     67.868     69.291      0.497    1454.96    1455.06  0.000e+00
      11926     69.000     7.3082     7.2775    -0.0306    1.62168    1.61976          1     1.1398     1.0707       8.89     0.4175     0.1983  1.000e-12  0.6614000    14.7679    14.7619    -0.0059    11.4974    11.4955     68.363     69.794      0.468    1455.83    1455.69  0.000e+00
      11952     69.500     7.4661     7.4653    -0.0008    1.64045    1.63986          1     0.9195     0.8401       8.20     0.4078     0.2222  1.000e-12  0.5946000    14.8859    14.8804    -0.0055    11.5752    11.5710     68.858     70.298      0.460    1456.62    1456.61  0.000e+00
      11979     70.000     7.4452     7.4488     0.0035    1.65819    1.65805          1     0.8285     0.7782       7.79     0.3950     0.2551  1.000e-12  0.5942000    15.0699    15.0670    -0.0029    11.7212    11.7186     69.354     70.801      0.456    1456.77    1456.78  0.000e+00
      12005     70.500     7.3095     7.3140     0.0044    1.66436    1.66400          1     0.8747     0.8516       7.42     0.3955     0.2581  1.000e-12  0.7085000    15.1899    15.1844    -0.0055    11.8280    11.8233     69.849     71.305      0.454    1456.38    1456.39  0.000e+00
      12032     71.000     7.1945     7.1986     0.0041    1.66503    1.66517          1     0.9228     0.8934       6.92     0.3946     0.2380  1.000e-12  0.7738000    15.2470    15.2466    -0.0004    11.8834    11.8826     70.344     71.808      0.444    1455.99    1456.01  0.000e+00
      12059     71.500     7.3263     7.3228    -0.0035    1.67966    1.67944          1     0.8293     0.7629       6.39     0.3847     0.2561  1.000e-12  0.7823000    15.3341    15.3334    -0.0006    11.9393    11.9391     70.839     72.311      0.410    1456.64    1456.63  0.000e+00
      12090     72.000     7.4645     7.4640    -0.0004    1.69650    1.69630          1     0.6276     0.5460       5.86     0.3883     0.2287  1.000e-12  0.6886000    15.4396    15.4379    -0.0017    12.0089    12.0076     71.335     72.814      0.383    1457.34    1457.34  0.000e+00
      12122     72.500     7.6257     7.6259     0.0001    1.71871    1.71853          1     0.4543     0.3918       5.34     0.3456     0.2515  1.000e-12  0.5565000    15.5873    15.5854    -0.0019    12.1089    12.1074     71.830     73.318      0.385    1458.19    1458.18  0.000e+00
      12152     73.000     7.6074     7.6085     0.0011    1.72294    1.72289          1     0.4843     0.4617       4.84     0.3401     0.2251  1.000e-12  0.4984000    15.6371    15.6361    -0.0011    12.1497    12.1488     72.325     73.821      0.399    1458.18    1458.18  0.000e+00
      12183     73.500     7.5493     7.5542     0.0050    1.72284    1.72294          1     0.5190     0.4979       4.33     0.3337     0.2272  1.000e-12  0.4531000    15.6621    15.6608    -0.0013    12.1749    12.1734     72.821     74.324      0.372    1457.98    1458.00  0.000e+00
      12219     74.000     7.2224     7.2282     0.0057    1.71531    1.71521          1     0.5999     0.6024       3.78     0.3527     0.2158  1.000e-12  0.5164000    15.7349    15.7313    -0.0036    12.2631    12.2597     73.316     74.827      0.304    1456.76    1456.78  0.000e+00
      12259     74.500     7.0302     7.0334     0.0032    1.72817    1.72797          1     0.5775     0.5510       3.26     0.3617     0.2021  1.000e-12  0.6431000    15.9515    15.9480    -0.0035    12.4507    12.4476     73.811     75.330      0.314    1456.25    1456.26  0.000e+00
      12294     75.000     6.9835     6.9834    -0.0001    1.73042    1.73039          1     0.5400     0.5144       2.81     0.3710     0.2760  1.000e-12  0.6565000    15.9955    15.9953    -0.0003    12.4895    12.4893     74.306     75.833      0.374    1456.12    1456.12  0.000e+00
      12326     75.500     6.9938     6.9936    -0.0002    1.73134    1.73130          1     0.5250     0.4908       2.31     0.3674     0.2497  1.000e-12  0.6623000    15.9999    15.9996    -0.0003    12.4920    12.4917     74.802     76.336      0.346    1456.18    1456.18  0.000e+00
      12385     76.000     7.0209     7.0217     0.0009    1.73322    1.73323          1     0.5047     0.4782       1.42     0.3621     0.2924  1.000e-12  0.7358000    16.0062    16.0059    -0.0003    12.4944    12.4941     75.297     76.839     -0.012    1456.30    1456.31  0.000e+00
