ctdpy/exports/archive_20191121_122431/received_data/SBE09_1044_20180124_1606_34_02_0001.cnv
* Sea-Bird SBE 9 Data File:
* FileName = C:\ctd\temp\2018\ME18D001.hex
* Software Version Seasave V 7.26.6.26
* Temperature SN = 5351
* Conductivity SN = 3941
* Number of Bytes Per Scan = 41
* Number of Voltage Words = 4
* Number of Scans Averaged by the Deck Unit = 1
* NMEA Latitude = 57 32.99 N
* NMEA Longitude = 011 31.12 E
* NMEA UTC (Time) = Jan 24 2018  16:06:46
* NMEA baud rate = 4800
** Station:  SW VINGA GF4
** Operator:  SSip
** Ship: MERI
** Average sound velocity: 1469.49 m/s
** True-depth calculation Fri, 26 Jan 2018 18:12:40 +0000
** CTD Python Module SMHI /ver 3-12/ feb 2012 
** LIMS Job: 20183402-0001
** Cruise: SMHI-01-2018
** Latitude [GG MM.mm N] :
** Longitude [GG MM.mm E]:
# nquan = 26
# nvalues = 152                         
# units = specified
# name 0 = scan: Scan Count
# name 1 = prDM: Pressure, Digiquartz [db]
# name 2 = t090C: Temperature [ITS-90, deg C]
# name 3 = t190C: Temperature, 2 [ITS-90, deg C]
# name 4 = T2-T190C: Temperature Difference, 2 - 1 [ITS-90, deg C]
# name 5 = c0S/m: Conductivity [S/m]
# name 6 = c1S/m: Conductivity, 2 [S/m]
# name 7 = pumps: Pump Status
# name 8 = sbeox0ML/L: Oxygen, SBE 43 [ml/l]
# name 9 = sbeox1ML/L: Oxygen, SBE 43, 2 [ml/l]
# name 10 = altM: Altimeter [m]
# name 11 = flECO-AFL: Chl-a Fluorescence, WET Labs ECO-AFL/FL [mg/m^3]
# name 12 = flECO-AFL1: Phycocyanin Fluorescence, WET Labs ECO-AFL/FL, 2 [mg/m^3]
# name 13 = par: PAR/Irradiance, Biospherical/Lico [µE/(cm^2*s)]
# name 14 = turbWETntu0: Turbidity, WET Labs ECO [NTU]
# name 15 = sal00: Salinity, Practical [PSU]
# name 16 = sal11: Salinity, Practical, 2 [PSU]
# name 17 = secS-priS: Salinity, Practical, Difference, 2 - 1 [PSU]
# name 18 = sigma-t00: Density [sigma-t, Kg/m^3 ]
# name 19 = sigma-t11: Density, 2 [sigma-t, Kg/m^3 ]
# name 20 = depSM: Depth [salt water, m], lat = 57.5498
# name 21 = depFM: Depth [true depth, m], lat = 57.5498
# name 22 = dz/dtM: Descent Rate [m/s], WS = 2
# name 23 = svCM: Sound Velocity [Chen-Millero, m/s]
# name 24 = svCM1: Sound Velocity, 2 [Chen-Millero, m/s]
# name 25 = flag: flag
# span 0 =      14268,      17763       
# span 1 =      1.000,     76.500       
# span 2 =     3.8040,     7.9619       
# span 3 =     3.8038,     7.9617       
# span 4 =    -0.0339,     0.0175       
# span 5 =   1.945075,   3.571930       
# span 6 =   1.944941,   3.571630       
# span 7 =          1,          1       
# span 8 =    5.88129,    7.73248       
# span 9 =    5.86656,    7.72839       
# span 10 =       0.00,      93.02      
# span 11 =     0.1034,     0.9109      
# span 12 =     0.2409,     0.4104      
# span 13 = -1.856e-04, 3.3348e-01      
# span 14 =     0.3754,     4.1260      
# span 15 =    19.9968,    34.4769      
# span 16 =    19.9954,    34.4748      
# span 17 =    -0.0504,     0.0820      
# span 18 =    15.8859,    26.8695      
# span 19 =    15.8849,    26.8680      
# span 20 =      0.991,     75.780      
# span 21 =      1.003,     76.128      
# span 22 =     -0.217,      1.038      
# span 23 =    1446.57,    1482.92      
# span 24 =    1446.57,    1482.91      
# span 25 = 0.0000e+00, 0.0000e+00      
# interval = decibars: 0.5              
# start_time = Jan 24 2018 16:06:47 [NMEA time, first data scan]
# bad_flag = -9.990e-29
*END*
      14268      1.000     3.8692     3.8766     0.0073    1.94947    1.94969          1     7.6882     7.7130       0.00     0.8539     0.3309  3.335e-01  0.4442000    20.0067    20.0047    -0.0020    15.8899    15.8878      0.991      1.003      0.328    1446.84    1446.87  0.000e+00
      14295      1.500     3.8794     3.8760    -0.0033    1.95006    1.94973          1     7.7105     7.7234      -0.00     0.8833     0.3159  1.049e-01  0.4318000    20.0070    20.0053    -0.0016    15.8894    15.8883      1.486      1.504      0.618    1446.89    1446.88  0.000e+00
      14311      2.000     3.8601     3.8517    -0.0086    1.94936    1.94863          1     7.7325     7.7284      66.71     0.8710     0.3276  5.700e-02  0.4147000    20.0107    20.0077    -0.0030    15.8936    15.8917      1.982      2.005      0.564    1446.82    1446.78  0.000e+00
      14352      2.500     3.8527     3.8456    -0.0071    1.94838    1.94793          1     7.7124     7.7118      85.57     0.8128     0.3675  4.563e-02  0.3962000    20.0041    20.0035    -0.0006    15.8888    15.8888      2.477      2.507      0.328    1446.79    1446.76  0.000e+00
      14383      3.000     3.8040     3.8038    -0.0001    1.94508    1.94494          1     7.7103     7.7084      75.50     0.7612     0.3233  4.164e-02  0.3754000    19.9968    19.9954    -0.0014    15.8859    15.8849      2.972      3.008      0.583    1446.57    1446.57  0.000e+00
      14401      3.500     3.8049     3.8049    -0.0001    1.94644    1.94606          1     7.7079     7.7050      92.38     0.8246     0.3492  1.511e-02  0.4286000    20.0113    20.0071    -0.0042    15.8974    15.8941      3.468      3.509      0.650    1446.61    1446.60  0.000e+00
      14420      4.000     3.8059     3.8066     0.0006    1.94698    1.94691          1     7.7010     7.7015      74.67     0.8434     0.3892  7.171e-03  0.4519000    20.0167    20.0155    -0.0012    15.9016    15.9006      3.963      4.010      0.620    1446.62    1446.63  0.000e+00
      14440      4.500     3.8090     3.8092     0.0002    1.94800    1.94782          1     7.6997     7.6985      74.67     0.8105     0.3220  1.059e-04  0.4416000    20.0259    20.0238    -0.0021    15.9087    15.9071      4.458      4.512      0.553    1446.66    1446.66  0.000e+00
      14465      5.000     3.8199     3.8207     0.0009    1.95176    1.95163          1     7.6886     7.6830      74.31     0.8432     0.3287  6.425e-03  0.4386000    20.0613    20.0593    -0.0020    15.9361    15.9345      4.954      5.013      0.435    1446.76    1446.76  0.000e+00
      14495      5.500     3.8278     3.8289     0.0010    1.95480    1.95474          1     7.6780     7.6705      93.00     0.8456     0.3190 -1.856e-04  0.4463000    20.0903    20.0890    -0.0013    15.9587    15.9575      5.449      5.514      0.429    1446.84    1446.84  0.000e+00
      14519      6.000     3.8533     3.8527    -0.0006    1.96368    1.96312          1     7.6834     7.6925      93.02     0.8718     0.3327  1.520e-07  0.4452000    20.1739    20.1680    -0.0059    16.0234    16.0188      5.945      6.016      0.530    1447.07    1447.05  0.000e+00
      14541      6.500     3.8949     3.8968     0.0020    1.97931    1.97932          1     7.6710     7.6680      72.02     0.8445     0.3985  1.000e-12  0.4556000    20.3231    20.3220    -0.0011    16.1392    16.1382      6.440      6.517      0.568    1447.44    1447.45  0.000e+00
      14562      7.000     3.9185     3.9178    -0.0006    1.98839    1.98800          1     7.6534     7.6162      71.82     0.8311     0.4059  1.000e-12  0.4917000    20.4099    20.4059    -0.0041    16.2066    16.2034      6.935      7.018      0.589    1447.67    1447.66  0.000e+00
      14582      7.500     3.9278     3.9278    -0.0000    1.99255    1.99222          1     7.6473     7.6183      71.41     0.8674     0.3907  1.000e-12  0.4996000    20.4505    20.4467    -0.0037    16.2382    16.2352      7.431      7.519      0.608    1447.77    1447.76  0.000e+00
      14601      8.000     3.9323     3.9331     0.0009    1.99492    1.99497          1     7.6534     7.6125      71.15     0.8779     0.3499  1.000e-12  0.4966000    20.4740    20.4741     0.0000    16.2566    16.2566      7.926      8.020      0.570    1447.82    1447.83  0.000e+00
      14625      8.500     3.9393     3.9404     0.0011    1.99824    1.99823          1     7.6480     7.5888      70.62     0.8612     0.3501  1.000e-12  0.4939000    20.5067    20.5059    -0.0008    16.2820    16.2813      8.421      8.521      0.492    1447.90    1447.91  0.000e+00
      14650      9.000     3.9447     3.9460     0.0013    2.00065    2.00078          1     7.6330     7.6058      69.94     0.8239     0.3632  1.000e-12  0.4972000    20.5301    20.5307     0.0006    16.3002    16.3006      8.917      9.022      0.516    1447.97    1447.97  0.000e+00
      14671      9.500     3.9494     3.9503     0.0009    2.00268    2.00279          1     7.6316     7.6159      69.11     0.8135     0.3371  1.000e-12  0.4983000    20.5497    20.5503     0.0006    16.3155    16.3159      9.412      9.523      0.602    1448.02    1448.02  0.000e+00
      14690     10.000     3.9560     3.9568     0.0008    2.00702    2.00707          1     7.6303     7.6010      68.32     0.8697     0.3624  1.000e-12  0.4907000    20.5939    20.5940     0.0001    16.3501    16.3501      9.907     10.025      0.655    1448.11    1448.12  0.000e+00
      14708     10.500     3.9569     3.9572     0.0003    2.00999    2.01043          1     7.6236     7.6023      67.65     0.8860     0.3885  1.000e-12  0.5110000    20.6265    20.6312     0.0047    16.3759    16.3796     10.403     10.526      0.640    1448.17    1448.17  0.000e+00
      14728     11.000     3.9566     3.9573     0.0007    2.01127    2.01154          1     7.6120     7.5853      66.79     0.8893     0.3654  1.000e-12  0.5229000    20.6408    20.6433     0.0026    16.3872    16.3892     10.898     11.027      0.571    1448.19    1448.20  0.000e+00
      14750     11.500     3.9552     3.9561     0.0008    2.01284    2.01326          1     7.6123     7.5782      65.74     0.8957     0.3412  1.000e-12  0.5307000    20.6591    20.6632     0.0041    16.4019    16.4051     11.394     11.528      0.512    1448.22    1448.23  0.000e+00
      14774     12.000     3.9558     3.9552    -0.0006    2.01641    2.01570          1     7.6219     7.5769      64.86     0.9109     0.3683  1.000e-12  0.5439000    20.6985    20.6909    -0.0076    16.4330    16.4271     11.889     12.029      0.497    1448.28    1448.27  0.000e+00
      14798     12.500     3.9701     3.9711     0.0009    2.02339    2.02383          1     7.6266     7.5891      63.42     0.8445     0.3509  1.000e-12  0.5453000    20.7675    20.7718     0.0043    16.4868    16.4902     12.384     12.530      0.557    1448.44    1448.45  0.000e+00
      14818     13.000     3.9797     3.9778    -0.0019    2.02886    2.02739          1     7.6061     7.5865      62.56     0.8684     0.3281  1.000e-12  0.5506000    20.8224    20.8073    -0.0151    16.5298    16.5179     12.880     13.031      0.660    1448.56    1448.53  0.000e+00
      14835     13.500     3.9851     3.9893     0.0042    2.03199    2.03382          1     7.5919     7.5792      61.01     0.8616     0.3148  1.000e-12  0.5519000    20.8539    20.8717     0.0178    16.5544    16.5683     13.375     13.532      0.715    1448.63    1448.67  0.000e+00
      14851     14.000     3.9843     3.9883     0.0040    2.03171    2.03337          1     7.5955     7.5756      59.68     0.8579     0.3296  1.000e-12  0.5543000    20.8511    20.8671     0.0161    16.5522    16.5647     13.870     14.033      0.694    1448.63    1448.67  0.000e+00
      14870     14.500     3.9792     3.9802     0.0010    2.02952    2.02965          1     7.6013     7.5783      58.35     0.8762     0.3503  1.000e-12  0.5738000    20.8296    20.8305     0.0009    16.5355    16.5362     14.366     14.534      0.562    1448.59    1448.59  0.000e+00
      14898     15.000     3.9794     3.9786    -0.0008    2.02981    2.02869          1     7.6048     7.5773      63.92     0.8414     0.3921  1.000e-12  0.5622000    20.8326    20.8205    -0.0121    16.5379    16.5283     14.861     15.035      0.376    1448.60    1448.58  0.000e+00
      14930     15.500     3.9791     3.9797     0.0006    2.02954    2.02945          1     7.6010     7.5591      63.76     0.8185     0.3802  1.000e-12  0.5410000    20.8295    20.8282    -0.0013    16.5355    16.5344     15.356     15.536      0.491    1448.60    1448.60  0.000e+00
      14950     16.000     3.9814     3.9816     0.0001    2.03130    2.03089          1     7.6068     7.5641      63.33     0.8197     0.3509  1.000e-12  0.5497000    20.8476    20.8429    -0.0047    16.5496    16.5459     15.852     16.037      0.661    1448.64    1448.64  0.000e+00
      14967     16.500     3.9845     3.9849     0.0004    2.03327    2.03304          1     7.5995     7.5707      62.91     0.8076     0.3333  1.000e-12  0.5625000    20.8676    20.8647    -0.0028    16.5653    16.5630     16.347     16.538      0.690    1448.69    1448.69  0.000e+00
      14985     17.000     3.9873     3.9894     0.0021    2.03506    2.03583          1     7.5662     7.5567      62.48     0.8473     0.3754  1.000e-12  0.5628000    20.8857    20.8930     0.0073    16.5795    16.5851     16.842     17.039      0.619    1448.73    1448.75  0.000e+00
      15007     17.500     3.9937     3.9969     0.0032    2.03905    2.04079          1     7.5421     7.5344      61.87     0.8769     0.3891  1.000e-12  0.5566000    20.9261    20.9435     0.0173    16.6111    16.6247     17.338     17.540      0.530    1448.82    1448.86  0.000e+00
      15030     18.000     3.9997     4.0014     0.0017    2.04279    2.04345          1     7.5039     7.4733      61.25     0.8362     0.3589  1.000e-12  0.5482000    20.9640    20.9703     0.0063    16.6407    16.6456     17.833     18.041      0.544    1448.90    1448.92  0.000e+00
      15051     18.500     4.0222     4.0186    -0.0036    2.05612    2.05364          1     7.4732     7.4423      60.74     0.8064     0.3355  1.000e-12  0.5622000    21.0987    21.0733    -0.0254    16.7460    16.7262     18.328     18.541      0.609    1449.18    1449.13  0.000e+00
      15070     19.000     4.0488     4.0479    -0.0009    2.07233    2.07113          1     7.4445     7.4192      60.21     0.7876     0.4104  1.000e-12  0.5681000    21.2629    21.2500    -0.0129    16.8745    16.8643     18.824     19.042      0.583    1449.52    1449.50  0.000e+00
      15094     19.500     4.1311     4.1423     0.0112    2.12683    2.13482          1     7.2664     7.2788      59.66     0.7752     0.3560  1.000e-12  0.5508000    21.8193    21.9013     0.0820    17.3099    17.3740     19.319     19.543      0.429    1450.59    1450.74  0.000e+00
      15127     20.000     4.2930     4.2965     0.0036    2.23297    2.23448          1     7.0467     7.0900      59.02     0.6933     0.3183  1.000e-12  0.5738000    22.8996    22.9142     0.0145    18.1542    18.1655     19.814     20.043      0.403    1452.67    1452.71  0.000e+00
      15152     20.500     4.4090     4.4065    -0.0025    2.29675    2.29600          1     7.0332     7.0946      58.53     0.5833     0.3200  1.000e-12  0.5876000    23.5330    23.5264    -0.0066    18.6470    18.6419     20.310     20.543      0.694    1453.99    1453.97  0.000e+00
      15165     21.000     4.6631     4.6680     0.0048    2.41446    2.41559          1     6.9856     7.0785      58.22     0.5386     0.3079  1.000e-12  0.5935000    24.6675    24.6766     0.0090    19.5246    19.5313     20.805     21.043      0.891    1456.52    1456.55  0.000e+00
      15178     21.500     4.9417     4.9440     0.0024    2.52920    2.52953          1     6.9195     7.0114      57.81     0.5040     0.3013  1.000e-12  0.5992000    25.7396    25.7416     0.0019    20.3482    20.3495     21.300     21.543      0.947    1459.06    1459.07  0.000e+00
      15190     22.000     5.2326     5.2339     0.0012    2.62859    2.62875          1     6.7993     6.9163      57.30     0.4472     0.2905  1.000e-12  0.6355000    26.6197    26.6205     0.0008    21.0165    21.0170     21.796     22.041      0.859    1461.39    1461.40  0.000e+00
      15207     22.500     5.3847     5.3811    -0.0039    2.68404    2.68180          1     6.7016     6.7564      56.65     0.3920     0.2971  1.000e-12  0.6651000    27.1147    27.0926    -0.0220    21.3926    21.3756     22.291     22.540      0.570    1462.65    1462.61  0.000e+00
      15247     23.000     5.4399     5.4522     0.0124    2.71909    2.72318          1     6.5813     6.5890      55.80     0.3558     0.2724  1.000e-12  0.6391000    27.4591    27.4948     0.0356    21.6591    21.6860     22.786     23.039      0.292    1463.33    1463.42  0.000e+00
      15280     23.500     5.4908     5.4900    -0.0006    2.85182    2.84724          1     6.4735     6.4559      55.42     0.3751     0.2421  1.000e-12  0.6228000    28.8960    28.8456    -0.0504    22.7890    22.7493     23.282     23.537      0.609    1465.36    1465.29  0.000e+00
      15295     24.000     5.5628     5.5688     0.0057    3.00232    2.99847          1     6.4952     6.4463      55.11     0.3563     0.2992  1.000e-12  0.7486000    30.5182    30.4693    -0.0488    24.0630    24.0238     23.777     24.035      0.825    1467.72    1467.68  0.000e+00
      15308     24.500     5.1858     5.1918     0.0061    3.08791    3.08696          1     6.5700     6.5142      54.77     0.3529     0.3211  1.000e-12  0.7826000    31.8369    31.8205    -0.0164    25.1480    25.1343     24.272     24.532      0.908    1467.86    1467.87  0.000e+00
      15321     25.000     5.0722     5.0726     0.0003    3.10846    3.10808          1     6.6355     6.5313      54.31     0.3724     0.2788  1.000e-12  1.0704000    32.1798    32.1751    -0.0047    25.4320    25.4282     24.768     25.028      0.875    1467.84    1467.84  0.000e+00
      15336     25.500     5.0809     5.0811     0.0003    3.11963    3.11950          1     6.6846     6.6246      53.89     0.3802     0.2644  1.000e-12  1.1416000    32.2991    32.2973    -0.0018    25.5255    25.5241     25.263     25.525      0.720    1468.04    1468.04  0.000e+00
      15358     26.000     5.0843     5.0845     0.0002    3.12132    3.12115          1     6.7111     6.6757      53.13     0.4056     0.2874  1.000e-12  1.2090000    32.3149    32.3127    -0.0021    25.5377    25.5360     25.758     26.021      0.460    1468.08    1468.08  0.000e+00
      15396     26.500     5.0905     5.0916     0.0011    3.12390    3.12403          1     6.7057     6.6543      52.36     0.4215     0.2837  1.000e-12  1.0843000    32.3382    32.3386     0.0005    25.5555    25.5557     26.254     26.518      0.314    1468.14    1468.15  0.000e+00
      15424     27.000     5.1037     5.1038     0.0000    3.13005    3.12992          1     6.6930     6.6574      52.00     0.4033     0.2738  1.000e-12  1.0278000    32.3956    32.3941    -0.0015    25.5995    25.5982     26.749     27.015      0.612    1468.28    1468.28  0.000e+00
      15441     27.500     5.1243     5.1234    -0.0009    3.14057    3.14029          1     6.6795     6.6521      51.71     0.4068     0.2869  1.000e-12  1.0745000    32.4957    32.4935    -0.0022    25.6765    25.6748     27.244     27.511      0.761    1468.50    1468.49  0.000e+00
      15455     28.000     5.1508     5.1503    -0.0005    3.14746    3.14736          1     6.6699     6.6537      51.30     0.4212     0.3517  1.000e-12  1.2265000    32.5487    32.5479    -0.0007    25.7154    25.7149     27.740     28.008      0.763    1468.68    1468.68  0.000e+00
