ctdpy/exports/archive_20191121_122431/received_data/SBE09_0827_20180824_1010_26_01_0884.cnv
* Sea-Bird SBE 9 Data File:
* FileName = D:\CTD_SBE911\DAT\26DA.2018.8.84.hex
* Software Version Seasave V 7.21d
* Temperature SN = 034605
* Conductivity SN = 041844
* Number of Bytes Per Scan = 48
* Number of Voltage Words = 5
* Number of Scans Averaged by the Deck Unit = 1
* NMEA Latitude = 58 00.68 N
* NMEA Longitude = 010 51.47 E
* NMEA UTC (Time) = Aug 24 2018  10:12:24
* NMEA baud rate = 4800
** Ship: DANA
** Average sound velocity: 1488.80 m/s
** True-depth calculation Thu, 28 Mar 2019 09:26:37 +0000
** CTD Python Module SMHI /ver 3-12/ feb 2012 
** LIMS Job: 20182601-0884
**  GROPEN VÆST
** Operator: Christian
** Cruise: 08/2018
# nquan = 26
# nvalues = 375                         
# units = specified
# name 0 = scan: Scan Count
# name 1 = prDM: Pressure, Digiquartz [db]
# name 2 = t090C: Temperature [ITS-90, deg C]
# name 3 = t190C: Temperature, 2 [ITS-90, deg C]
# name 4 = T2-T190C: Temperature Difference, 2 - 1 [ITS-90, deg C]
# name 5 = c0S/m: Conductivity [S/m]
# name 6 = c1S/m: Conductivity, 2 [S/m]
# name 7 = pumps: Pump Status
# name 8 = sbeox1ML/L: Oxygen, SBE 43, 2 [ml/l]
# name 9 = sbeox0ML/L: Oxygen, SBE 43 [ml/l]
# name 10 = altM: Altimeter [m]
# name 11 = chloroflTC0: Chlorophyll, Turner Cyclops [ug/l]
# name 12 = cpar: CPAR/Corrected Irradiance [%]
# name 13 = par: PAR/Irradiance, Biospherical/Lico [µE/(cm^2*s)]
# name 14 = spar: SPAR, Biospherical/Licor
# name 15 = sal00: Salinity, Practical [PSU]
# name 16 = sal11: Salinity, Practical, 2 [PSU]
# name 17 = secS-priS: Salinity, Practical, Difference, 2 - 1 [PSU]
# name 18 = sigma-t00: Density [sigma-t, kg/m^3 ]
# name 19 = sigma-t11: Density, 2 [sigma-t, kg/m^3 ]
# name 20 = depSM: Depth [salt water, m], lat = 58.0113
# name 21 = depFM: Depth [true depth, m], lat = 58.0113
# name 22 = dz/dtM: Descent Rate [m/s], WS = 2
# name 23 = svCM: Sound Velocity [Chen-Millero, m/s]
# name 24 = svCM1: Sound Velocity, 2 [Chen-Millero, m/s]
# name 25 = flag: flag
# span 0 =        143,      16801       
# span 1 =      1.500,    188.500       
# span 2 =     6.5809,    17.4775       
# span 3 =     6.5807,    17.4683       
# span 4 =    -0.2836,     1.2332       
# span 5 =   3.508051,   4.325748       
# span 6 =   3.508304,   4.325328       
# span 7 =          1,          1       
# span 8 =     5.3932,     6.7874       
# span 9 =     5.4569,     6.7866       
# span 10 =       3.24,      10.31      
# span 11 =     0.0270,     0.2246      
# span 12 = 7.9937e-14, 9.8239e+00      
# span 13 = 1.0000e-12, 1.2623e+02      
# span 14 = 9.8229e+02, 1.2858e+03      
# span 15 =    31.3082,    35.1865      
# span 16 =    31.3110,    35.1899      
# span 17 =    -0.4315,     0.2220      
# span 18 =    22.6049,    27.5644      
# span 19 =    22.6074,    27.5660      
# span 20 =      1.486,    186.668      
# span 21 =      1.494,    187.029      
# span 22 =     -0.037,      0.715      
# span 23 =    1479.85,    1512.56      
# span 24 =    1479.89,    1512.57      
# span 25 = 0.0000e+00, 0.0000e+00      
# interval = decibars: 0.5              
# start_time = Aug 24 2018 10:12:24 [NMEA time, first data scan]
# bad_flag = -9.990e-29
*END*
[from data line 112]
       5573     57.500     9.2687     9.5557     0.2867    3.74240    3.77081          1     6.1585     6.1030       9.97     0.0595  8.777e-14  1.000e-12  1.139e+03    34.9984    35.0126     0.0142    27.0732    27.0370     56.959     57.169      0.207    1488.13    1489.19  0.000e+00
       5625     58.000     8.9141     9.4108     0.4967    3.70838    3.75939          1     6.1637     6.0084       9.97     0.0589  8.772e-14  1.000e-12  1.140e+03    34.9908    35.0358     0.0450    27.1248    27.0791     57.454     57.665      0.266    1486.83    1488.70  0.000e+00
       5675     58.500     8.7308     9.1864     0.4558    3.69028    3.73816          1     6.1063     6.0177       9.97     0.0529  8.743e-14  1.000e-12  1.144e+03    34.9810    35.0346     0.0536    27.1462    27.1150     57.950     58.161      0.204    1486.14    1487.89  0.000e+00
       5736     59.000     8.7287     8.9475     0.2188    3.69215    3.71676          1     6.0456     6.1003       9.97     0.0548  8.751e-14  1.000e-12  1.143e+03    35.0026    35.0455     0.0429    27.1635    27.1623     58.445     58.656      0.246    1486.17    1487.03  0.000e+00
       5780     59.500     8.7265     8.8130     0.0865    3.69366    3.70393          1     6.0035     6.1519       9.97     0.0555  8.791e-14  1.000e-12  1.138e+03    35.0204    35.0431     0.0227    27.1778    27.1819     58.940     59.152      0.258    1486.19    1486.54  0.000e+00
       5832     60.000     8.7091     8.7530     0.0439    3.69317    3.69817          1     5.9963     6.1815       9.97     0.0582  8.815e-14  1.000e-12  1.134e+03    35.0322    35.0415     0.0094    27.1898    27.1902     59.435     59.648      0.224    1486.15    1486.33  0.000e+00
       5882     60.500     8.6708     8.7343     0.0635    3.69016    3.69664          1     6.0424     6.1614       9.97     0.0592  8.825e-14  1.000e-12  1.133e+03    35.0382    35.0438     0.0056    27.2006    27.1949     59.930     60.144      0.258    1486.03    1486.27  0.000e+00
       5930     61.000     8.6134     8.7058     0.0923    3.68493    3.69512          1     6.0754     6.1392       9.97     0.0595  8.810e-14  1.000e-12  1.135e+03    35.0394    35.0557     0.0162    27.2106    27.2088     60.426     60.640      0.222    1485.82    1486.18  0.000e+00
       5984     61.500     8.5566     8.6540     0.0974    3.67948    3.69082          1     6.0800     6.1026       9.97     0.0586  8.792e-14  1.000e-12  1.137e+03    35.0379    35.0614     0.0235    27.2183    27.2214     60.921     61.135      0.270    1485.62    1486.01  0.000e+00
       6024     62.000     8.4750     8.6175     0.1425    3.67150    3.68750          1     6.0577     6.0871       9.97     0.0584  8.788e-14  1.000e-12  1.138e+03    35.0339    35.0621     0.0282    27.2278    27.2277     61.416     61.631      0.278    1485.32    1485.88  0.000e+00
       6077     62.500     8.3641     8.5521     0.1879    3.66036    3.68179          1     6.0566     6.0672       9.97     0.0551  8.777e-14  1.000e-12  1.139e+03    35.0255    35.0664     0.0408    27.2385    27.2413     61.911     62.127      0.217    1484.90    1485.65  0.000e+00
       6123     63.000     8.2521     8.4229     0.1709    3.64939    3.67026          1     6.0374     6.0339       9.97     0.0590  8.776e-14  1.000e-12  1.140e+03    35.0199    35.0721     0.0522    27.2513    27.2659     62.407     62.623      0.309    1484.48    1485.19  0.000e+00
       6163     63.500     8.1954     8.3851     0.1897    3.64392    3.66498          1     6.0231     6.0096       9.86     0.0581  8.783e-14  1.000e-12  1.138e+03    35.0177    35.0533     0.0357    27.2582    27.2570     62.902     63.118      0.259    1484.28    1485.03  0.000e+00
       6220     64.000     8.1671     8.2699     0.1027    3.64124    3.65443          1     5.9821     5.9919       8.49     0.0574  8.813e-14  1.000e-12  1.135e+03    35.0170    35.0554     0.0385    27.2619    27.2764     63.397     63.614      0.210    1484.18    1484.61  0.000e+00
       6268     64.500     8.1501     8.2121     0.0620    3.64025    3.64796          1     5.9470     5.9658       9.96     0.0597  8.828e-14  1.000e-12  1.133e+03    35.0232    35.0437     0.0205    27.2694    27.2761     63.892     64.110      0.283    1484.13    1484.39  0.000e+00
       6318     65.000     8.0865     8.1767     0.0902    3.63433    3.64442          1     5.9270     5.9665       9.97     0.0572  8.825e-14  1.000e-12  1.133e+03    35.0231    35.0410     0.0179    27.2790    27.2794     64.387     64.606      0.211    1483.90    1484.26  0.000e+00
       6372     65.500     8.0208     8.1335     0.1128    3.62781    3.64067          1     5.8847     5.9693       9.97     0.0566  8.824e-14  1.000e-12  1.133e+03    35.0186    35.0438     0.0252    27.2854    27.2881     64.883     65.101      0.260    1483.65    1484.11  0.000e+00
       6413     66.000     7.9527     8.0839     0.1311    3.62110    3.63627          1     5.8599     5.9653       9.97     0.0545  8.824e-14  1.000e-12  1.133e+03    35.0143    35.0461     0.0317    27.2922    27.2974     65.378     65.597      0.294    1483.40    1483.93  0.000e+00
       6465     66.500     7.9376     8.0282     0.0905    3.61966    3.63066          1     5.8757     5.9902       9.97     0.0527  8.806e-14  1.000e-12  1.136e+03    35.0138    35.0413     0.0275    27.2941    27.3021     65.873     66.093      0.209    1483.35    1483.73  0.000e+00
       6516     67.000     7.8863     7.9660     0.0798    3.61449    3.62455          1     5.8877     5.9634       9.97     0.0522  8.784e-14  1.000e-12  1.138e+03    35.0091    35.0376     0.0285    27.2981    27.3085     66.368     66.589      0.333    1483.16    1483.49  0.000e+00
       6550     67.500     7.7744     7.9426     0.1682    3.60304    3.62196          1     5.8944     5.9761       9.97     0.0504  8.770e-14  1.000e-12  1.140e+03    34.9977    35.0330     0.0353    27.3058    27.3084     66.863     67.084      0.282    1482.73    1483.41  0.000e+00
       6628     68.000     7.6953     7.8081     0.1126    3.59497    3.60887          1     5.8813     5.9734       9.97     0.0503  8.721e-14  1.000e-12  1.147e+03    34.9896    35.0266     0.0370    27.3110    27.3234     67.359     67.580      0.284    1482.43    1482.90  0.000e+00
       6663     68.500     7.6357     7.7402     0.1045    3.58913    3.60215          1     5.8815     5.9754       9.97     0.0448  8.702e-14  1.000e-12  1.149e+03    34.9860    35.0219     0.0360    27.3169    27.3299     67.854     68.076      0.299    1482.20    1482.65  0.000e+00
       6731     69.000     7.6317     7.6708     0.0391    3.58880    3.59447          1     5.8556     5.9649       9.97     0.0448  8.700e-14  1.000e-12  1.150e+03    34.9862    35.0083     0.0221    27.3177    27.3294     68.349     68.572      0.262    1482.20    1482.37  0.000e+00
       6769     69.500     7.6375     7.6516     0.0141    3.58960    3.59219          1     5.8500     5.9724       9.97     0.0438  8.706e-14  1.000e-12  1.149e+03    34.9887    35.0027     0.0140    27.3189    27.3278     68.844     69.067      0.338    1482.23    1482.30  0.000e+00
       6814     70.000     7.6423     7.6454     0.0031    3.59025    3.59155          1     5.8663     5.9675       9.97     0.0447  8.719e-14  1.000e-12  1.147e+03    34.9908    35.0017     0.0109    27.3198    27.3278     69.339     69.563      0.226    1482.26    1482.29  0.000e+00
       6865     70.500     7.7129     7.6457    -0.0671    3.59920    3.59138          1     5.8695     5.9718       9.97     0.0426  8.724e-14  1.000e-12  1.146e+03    35.0165    34.9993    -0.0172    27.3296    27.3259     69.835     70.059      0.280    1482.57    1482.29  0.000e+00
       6907     71.000     7.7483     7.6693    -0.0790    3.60351    3.59403          1     5.8425     5.9618       9.97     0.0434  8.699e-14  1.000e-12  1.150e+03    35.0272    35.0041    -0.0231    27.3328    27.3262     70.330     70.555      0.252    1482.72    1482.39  0.000e+00
       6966     71.500     7.7192     7.7130    -0.0063    3.60068    3.59904          1     5.8513     5.9532       9.97     0.0421  8.664e-14  1.000e-12  1.154e+03    35.0256    35.0141    -0.0115    27.3358    27.3277     70.825     71.050      0.198    1482.62    1482.58  0.000e+00
       7016     72.000     7.6897     7.7222     0.0324    3.59760    3.60113          1     5.8578     5.9439       9.97     0.0428  8.648e-14  1.000e-12  1.156e+03    35.0216    35.0272     0.0056    27.3371    27.3367     71.320     71.546      0.303    1482.51    1482.64  0.000e+00
       7061     72.500     7.6749     7.7107     0.0357    3.59609    3.60037          1     5.8526     5.9259       9.97     0.0418  8.622e-14  1.000e-12  1.160e+03    35.0200    35.0303     0.0103    27.3379    27.3408     71.815     72.042      0.218    1482.46    1482.61  0.000e+00
       7121     73.000     7.6915     7.6894    -0.0022    3.59849    3.59843          1     5.8388     5.9546       9.97     0.0416  8.597e-14  1.000e-12  1.163e+03    35.0290    35.0305     0.0015    27.3426    27.3441     72.311     72.537      0.278    1482.54    1482.54  0.000e+00
       7160     73.500     7.8957     7.6881    -0.2075    3.62252    3.59789          1     5.8360     6.0131       9.97     0.0429  8.580e-14  1.000e-12  1.166e+03    35.0831    35.0257    -0.0574    27.3548    27.3405     72.806     73.033      0.266    1483.39    1482.53  0.000e+00
       7215     74.000     8.0744     7.7909    -0.2836    3.64381    3.60756          1     5.8309     6.0297       9.97     0.0476  8.551e-14  1.000e-12  1.169e+03    35.1325    35.0267    -0.1058    27.3668    27.3261     73.301     73.529      0.220    1484.14    1482.93  0.000e+00
       7262     74.500     8.0747     7.9366    -0.1379    3.64389    3.62521          1     5.8566     5.9894       9.97     0.0482  8.539e-14  1.000e-12  1.171e+03    35.1329    35.0706    -0.0623    27.3670    27.3389     73.796     74.025      0.253    1484.15    1483.55  0.000e+00
       7319     75.000     7.9793     8.0267     0.0473    3.63395    3.63694          1     5.8843     5.9609       9.97     0.0456  8.520e-14  1.000e-12  1.174e+03    35.1216    35.1060    -0.0156    27.3725    27.3531     74.291     74.520      0.211    1483.78    1483.94  0.000e+00
       7370     75.500     7.9454     8.0107     0.0653    3.63068    3.63706          1     5.8801     5.9471       9.97     0.0450  8.508e-14  1.000e-12  1.175e+03    35.1201    35.1231     0.0030    27.3765    27.3690     74.787     75.016      0.244    1483.66    1483.91  0.000e+00
       7424     76.000     7.9314     7.9708     0.0394    3.62938    3.63356          1     5.8606     5.9290       9.97     0.0433  8.504e-14  1.000e-12  1.176e+03    35.1199    35.1254     0.0055    27.3784    27.3768     75.282     75.512      0.224    1483.61    1483.77  0.000e+00
       7471     76.500     7.9021     7.9481     0.0459    3.62736    3.63146          1     5.8510     5.8936       9.97     0.0422  8.495e-14  1.000e-12  1.177e+03    35.1275    35.1253    -0.0021    27.3887    27.3802     75.777     76.007      0.257    1483.52    1483.69  0.000e+00
       7526     77.000     7.9137     7.9260     0.0123    3.62925    3.62954          1     5.8343     5.8706       9.97     0.0401  8.490e-14  1.000e-12  1.178e+03    35.1359    35.1267    -0.0092    27.3936    27.3845     76.272     76.503      0.204    1483.58    1483.62  0.000e+00
       7576     77.500     7.9195     7.9161    -0.0034    3.63001    3.62912          1     5.8113     5.8670       9.97     0.0393  8.490e-14  1.000e-12  1.178e+03    35.1380    35.1318    -0.0062    27.3944    27.3900     76.767     76.999      0.298    1483.62    1483.59  0.000e+00
       7616     78.000     7.9255     7.9170    -0.0084    3.63082    3.62956          1     5.7827     5.8691       9.97     0.0369  8.490e-14  1.000e-12  1.178e+03    35.1405    35.1354    -0.0051    27.3955    27.3927     77.263     77.494      0.251    1483.65    1483.61  0.000e+00
       7684     78.500     7.9204     7.9193    -0.0011    3.63036    3.63017          1     5.7782     5.8720       9.97     0.0375  8.473e-14  1.000e-12  1.180e+03    35.1403    35.1394    -0.0010    27.3961    27.3955     77.758     77.990      0.250    1483.64    1483.63  0.000e+00
       7727     79.000     7.9127     7.9206     0.0079    3.62955    3.63046          1     5.7758     5.8781       9.97     0.0396  8.462e-14  1.000e-12  1.182e+03    35.1391    35.1410     0.0019    27.3963    27.3966     78.253     78.486      0.249    1483.62    1483.65  0.000e+00
       7794     79.500     7.8979     7.9107     0.0129    3.62791    3.62963          1     5.7694     5.8642       9.97     0.0368  8.449e-14  1.000e-12  1.184e+03    35.1362    35.1417     0.0055    27.3962    27.3986     78.748     78.981      0.234    1483.56    1483.62  0.000e+00
       7839     80.000     7.7832     7.9000     0.1168    3.61572    3.62853          1     5.7607     5.8631       9.97     0.0378  8.466e-14  1.000e-12  1.181e+03    35.1197    35.1405     0.0208    27.4004    27.3993     79.243     79.477      0.312    1483.12    1483.59  0.000e+00
       7887     80.500     7.6895     7.8663     0.1767    3.60584    3.62583          1     5.7614     5.8814       9.97     0.0367  8.488e-14  1.000e-12  1.178e+03    35.1070    35.1450     0.0380    27.4042    27.4079     79.738     79.973      0.218    1482.76    1483.47  0.000e+00
       7939     81.000     7.6528     7.7489     0.0963    3.60190    3.61391          1     5.7465     5.8763       9.97     0.0349  8.516e-14  1.000e-12  1.174e+03    35.1011    35.1342     0.0331    27.4050    27.4168     80.234     80.468      0.257    1482.62    1483.02  0.000e+00
       7986     81.500     7.6165     7.6984     0.0818    3.59810    3.60844          1     5.7634     5.8790       9.97     0.0342  8.534e-14  1.000e-12  1.172e+03    35.0962    35.1258     0.0296    27.4064    27.4177     80.729     80.964      0.258    1482.48    1482.83  0.000e+00
       8042     82.000     7.5651     7.6555     0.0905    3.59275    3.60359          1     5.7610     5.8769       9.97     0.0342  8.549e-14  1.000e-12  1.170e+03    35.0898    35.1162     0.0263    27.4089    27.4164     81.224     81.460      0.202    1482.29    1482.66  0.000e+00
       8102     82.500     7.5375     7.5947     0.0572    3.59004    3.59765          1     5.7681     5.8734       9.97     0.0343  8.572e-14  1.000e-12  1.167e+03    35.0879    35.1129     0.0250    27.4115    27.4228     81.719     81.956      0.287    1482.19    1482.44  0.000e+00
       8145     83.000     7.5477     7.5530     0.0053    3.59145    3.59272          1     5.7374     5.8818       9.97     0.0335  8.577e-14  1.000e-12  1.166e+03    35.0927    35.1011     0.0085    27.4137    27.4196     82.214     82.451      0.223    1482.24    1482.27  0.000e+00
       8210     83.500     7.5564     7.5492    -0.0071    3.59255    3.59206          1     5.7647     5.8880       9.97     0.0322  8.553e-14  1.000e-12  1.169e+03    35.0957    35.0976     0.0019    27.4148    27.4174     82.709     82.947      0.249    1482.29    1482.26  0.000e+00
       8256     84.000     7.5948     7.5551    -0.0398    3.59716    3.59265          1     5.7611     5.8912       9.97     0.0335  8.548e-14  1.000e-12  1.170e+03    35.1068    35.0978    -0.0089    27.4179    27.4167     83.205     83.443      0.252    1482.45    1482.29  0.000e+00
       8303     84.500     7.5993     7.5707    -0.0285    3.59784    3.59431          1     5.7604     5.8816       9.97     0.0327  8.561e-14  1.000e-12  1.168e+03    35.1094    35.0998    -0.0095    27.4193    27.4160     83.700     83.938      0.256    1482.48    1482.36  0.000e+00
