ctdpy/exports/archive_20191121_122431/received_data/SBE09_0827_20181126_0849_26_01_1250.cnv
* Sea-Bird SBE 9 Data File:
* FileName = D:\CTD_SBE911\DAT\26DA.2018.12.50.hex
* Software Version Seasave V 7.21d
* Temperature SN = 4548
* Conductivity SN = 3062
* Number of Bytes Per Scan = 48
* Number of Voltage Words = 5
* Number of Scans Averaged by the Deck Unit = 1
* NMEA Latitude = 56 54.76 N
* NMEA Longitude = 017 10.65 E
* NMEA UTC (Time) = Nov 26 2018  08:50:09
* NMEA baud rate = 4800
** Ship: DANA
** Average sound velocity: 1441.78 m/s
** True-depth calculation Tue, 02 Apr 2019 12:15:23 +0000
** CTD Python Module SMHI /ver 3-12/ feb 2012 
** LIMS Job: 20182601-1250
** Operator: Ronny
** Cruise: 12/2018
# nquan = 26
# nvalues = 141                         
# units = specified
# name 0 = scan: Scan Count
# name 1 = prDM: Pressure, Digiquartz [db]
# name 2 = t090C: Temperature [ITS-90, deg C]
# name 3 = t190C: Temperature, 2 [ITS-90, deg C]
# name 4 = T2-T190C: Temperature Difference, 2 - 1 [ITS-90, deg C]
# name 5 = c0S/m: Conductivity [S/m]
# name 6 = c1S/m: Conductivity, 2 [S/m]
# name 7 = pumps: Pump Status
# name 8 = sbeox1ML/L: Oxygen, SBE 43, 2 [ml/l]
# name 9 = sbeox0ML/L: Oxygen, SBE 43 [ml/l]
# name 10 = altM: Altimeter [m]
# name 11 = chloroflTC0: Chlorophyll, Turner Cyclops [ug/l]
# name 12 = cpar: CPAR/Corrected Irradiance [%]
# name 13 = par: PAR/Irradiance, Biospherical/Lico [µE/(cm^2*s)]
# name 14 = spar: SPAR, Biospherical/Licor
# name 15 = sal00: Salinity, Practical [PSU]
# name 16 = sal11: Salinity, Practical, 2 [PSU]
# name 17 = secS-priS: Salinity, Practical, Difference, 2 - 1 [PSU]
# name 18 = sigma-t00: Density [sigma-t, kg/m^3 ]
# name 19 = sigma-t11: Density, 2 [sigma-t, kg/m^3 ]
# name 20 = depSM: Depth [salt water, m], lat = 56.9127
# name 21 = depFM: Depth [true depth, m], lat = 56.9127
# name 22 = dz/dtM: Descent Rate [m/s], WS = 2
# name 23 = svCM: Sound Velocity [Chen-Millero, m/s]
# name 24 = svCM1: Sound Velocity, 2 [Chen-Millero, m/s]
# name 25 = flag: flag
# span 0 =        319,       6800       
# span 1 =      1.000,     71.000       
# span 2 =     4.3650,     7.0449       
# span 3 =     4.3611,     7.0486       
# span 4 =    -0.0833,     0.0221       
# span 5 =   0.811600,   0.858305       
# span 6 =   0.811714,   0.861764       
# span 7 =          1,          1       
# span 8 =     4.0243,     7.6589       
# span 9 =     4.1628,     7.8981       
# span 10 =       1.09,       9.99      
# span 11 =     0.0158,     0.0243      
# span 12 = -8.392e-06, 5.6157e+00      
# span 13 = -8.750e-05, 5.9572e+01      
# span 14 = 9.8420e+02, 1.0819e+03      
# span 15 =     7.1105,     8.0948      
# span 16 =     7.1107,     8.1272      
# span 17 =    -0.0021,     0.0565      
# span 18 =     5.5275,     6.4232      
# span 19 =     5.5276,     6.4486      
# span 20 =      0.991,     70.336      
# span 21 =      1.013,     71.907      
# span 22 =      0.198,      0.315      
# span 23 =    1434.65,    1444.93      
# span 24 =    1434.63,    1444.94      
# span 25 = 0.0000e+00, 0.0000e+00      
# interval = decibars: 0.5              
# start_time = Nov 26 2018 08:50:09 [NMEA time, first data scan]
# bad_flag = -9.990e-29
*END*
        319      1.000     6.8214     6.8229     0.0015    0.81285    0.81291          1     7.6543     7.8938       9.99     0.0219  5.616e+00  5.957e+01  1.061e+03     7.1105     7.1107     0.0003     5.5275     5.5276      0.991      1.013      0.269    1443.18    1443.19  0.000e+00
        369      1.500     6.8238     6.8247     0.0010    0.81300    0.81303          1     7.6570     7.8974       9.99     0.0220  3.283e+00  3.489e+01  1.063e+03     7.1113     7.1114     0.0001     5.5280     5.5280      1.486      1.519      0.227    1443.20    1443.20  0.000e+00
        422      2.000     6.8245     6.8254     0.0009    0.81307    0.81311          1     7.6511     7.8928       9.99     0.0231  2.832e+00  3.007e+01  1.062e+03     7.1117     7.1120     0.0002     5.5283     5.5284      1.982      2.026      0.243    1443.21    1443.21  0.000e+00
        468      2.500     6.8286     6.8298     0.0011    0.81327    0.81327          1     7.6435     7.8981       9.99     0.0232  3.031e+00  3.219e+01  1.062e+03     7.1127     7.1125    -0.0002     5.5288     5.5286      2.477      2.532      0.235    1443.24    1443.24  0.000e+00
        522      3.000     6.8285     6.8289     0.0003    0.81324    0.81324          1     7.6470     7.8975       9.99     0.0235  2.042e+00  2.161e+01  1.057e+03     7.1125     7.1124    -0.0001     5.5286     5.5285      2.972      3.039      0.226    1443.24    1443.25  0.000e+00
        573      3.500     6.8272     6.8288     0.0016    0.81322    0.81328          1     7.6589     7.8925       9.99     0.0242  1.394e+00  1.469e+01  1.054e+03     7.1124     7.1127     0.0003     5.5287     5.5288      3.468      3.545      0.253    1443.25    1443.25  0.000e+00
        620      4.000     6.8345     6.8355     0.0010    0.81374    0.81377          1     7.6433     7.8865       9.99     0.0243  1.335e+00  1.409e+01  1.056e+03     7.1158     7.1158     0.0001     5.5308     5.5308      3.963      4.052      0.247    1443.29    1443.29  0.000e+00
        670      4.500     6.8386     6.8430     0.0043    0.81407    0.81423          1     7.6367     7.8793       9.99     0.0243  1.402e+00  1.457e+01  1.038e+03     7.1180     7.1185     0.0006     5.5323     5.5325      4.459      4.558      0.245    1443.32    1443.34  0.000e+00
        716      5.000     6.8585     6.8555    -0.0030    0.81491    0.81474          1     7.6406     7.8747       9.99     0.0235  1.227e+00  1.253e+01  1.020e+03     7.1217     7.1207    -0.0010     5.5339     5.5334      4.954      5.065      0.259    1443.41    1443.40  0.000e+00
        766      5.500     6.8747     6.8776     0.0029    0.81559    0.81565          1     7.6347     7.8743       9.99     0.0233  8.976e-01  9.196e+00  1.024e+03     7.1246     7.1246    -0.0000     5.5352     5.5350      5.449      5.571      0.231    1443.49    1443.51  0.000e+00
        817      6.000     6.8733     6.8713    -0.0020    0.81549    0.81538          1     7.6317     7.8723       9.99     0.0234  7.206e-01  7.613e+00  1.057e+03     7.1240     7.1233    -0.0007     5.5347     5.5343      5.945      6.078      0.249    1443.50    1443.49  0.000e+00
        864      6.500     6.8570     6.8453    -0.0117    0.81476    0.81428          1     7.6328     7.8657       9.99     0.0234  6.180e-01  6.593e+00  1.067e+03     7.1204     7.1183    -0.0021     5.5330     5.5321      6.440      6.584      0.254    1443.43    1443.38  0.000e+00
        911      7.000     6.8548     6.8596     0.0049    0.81466    0.81486          1     7.6440     7.8735       9.99     0.0235  5.482e-01  5.836e+00  1.065e+03     7.1199     7.1207     0.0009     5.5327     5.5331      6.936      7.091      0.257    1443.43    1443.45  0.000e+00
        959      7.500     6.8769     6.8882     0.0113    0.81567    0.81609          1     7.6237     7.8705       9.99     0.0234  5.000e-01  5.298e+00  1.060e+03     7.1247     7.1263     0.0016     5.5351     5.5356      7.431      7.597      0.249    1443.54    1443.59  0.000e+00
       1005      8.000     6.8811     6.8825     0.0014    0.81585    0.81586          1     7.6187     7.8658       9.99     0.0230  4.158e-01  4.406e+00  1.060e+03     7.1254     7.1252    -0.0002     5.5354     5.5352      7.926      8.103      0.262    1443.56    1443.57  0.000e+00
       1054      8.500     6.8804     6.8913     0.0109    0.81584    0.81622          1     7.6233     7.8643       9.99     0.0226  3.409e-01  3.606e+00  1.058e+03     7.1255     7.1268     0.0013     5.5355     5.5358      8.422      8.610      0.232    1443.57    1443.61  0.000e+00
       1103      9.000     6.8935     6.8993     0.0058    0.81636    0.81655          1     7.6248     7.8519       9.99     0.0222  2.920e-01  3.110e+00  1.065e+03     7.1275     7.1281     0.0006     5.5362     5.5363      8.917      9.116      0.267    1443.63    1443.66  0.000e+00
       1150      9.500     6.8987     6.8951    -0.0037    0.81657    0.81638          1     7.6142     7.8584       9.99     0.0227  2.565e-01  2.726e+00  1.063e+03     7.1283     7.1273    -0.0010     5.5365     5.5360      9.413      9.623      0.234    1443.66    1443.65  0.000e+00
       1202     10.000     6.9054     6.9042    -0.0013    0.81685    0.81674          1     7.6282     7.8579       9.98     0.0232  2.218e-01  2.346e+00  1.058e+03     7.1296     7.1288    -0.0008     5.5370     5.5365      9.908     10.129      0.255    1443.70    1443.69  0.000e+00
       1245     10.500     6.8917     6.8867    -0.0049    0.81622    0.81604          1     7.6260     7.8577       9.98     0.0224  1.908e-01  1.997e+00  1.047e+03     7.1265     7.1258    -0.0007     5.5355     5.5353     10.403     10.636      0.266    1443.65    1443.62  0.000e+00
       1296     11.000     6.8682     6.8650    -0.0031    0.81528    0.81515          1     7.6459     7.8640       9.98     0.0229  1.654e-01  1.764e+00  1.067e+03     7.1224     7.1219    -0.0006     5.5339     5.5336     10.899     11.142      0.229    1443.55    1443.54  0.000e+00
       1344     11.500     6.8782     6.8826     0.0045    0.81576    0.81586          1     7.6261     7.8653       9.98     0.0226  1.459e-01  1.553e+00  1.064e+03     7.1248     7.1248     0.0000     5.5351     5.5348     11.394     11.649      0.270    1443.60    1443.62  0.000e+00
       1388     12.000     6.9110     6.9123     0.0013    0.81709    0.81707          1     7.6079     7.8541       9.98     0.0221  1.303e-01  1.388e+00  1.065e+03     7.1304     7.1300    -0.0004     5.5373     5.5369     11.890     12.155      0.256    1443.76    1443.76  0.000e+00
       1439     12.500     6.9242     6.9261     0.0019    0.81761    0.81763          1     7.6098     7.8423       9.98     0.0221  1.093e-01  1.166e+00  1.067e+03     7.1325     7.1323    -0.0002     5.5381     5.5378     12.385     12.662      0.238    1443.82    1443.83  0.000e+00
       1485     13.000     6.9283     6.9301     0.0018    0.81778    0.81780          1     7.6108     7.8413       9.98     0.0221  9.434e-02  1.003e+00  1.063e+03     7.1332     7.1330    -0.0001     5.5384     5.5382     12.880     13.168      0.278    1443.85    1443.86  0.000e+00
       1531     13.500     6.9294     6.9308     0.0014    0.81781    0.81783          1     7.6054     7.8442       9.98     0.0221  8.023e-02  8.551e-01  1.066e+03     7.1332     7.1331    -0.0001     5.5383     5.5381     13.376     13.675      0.241    1443.86    1443.87  0.000e+00
       1580     14.000     6.9255     6.9230    -0.0025    0.81771    0.81763          1     7.6150     7.8417       9.97     0.0220  6.808e-02  7.259e-01  1.066e+03     7.1330     7.1327    -0.0002     5.5384     5.5384     13.871     14.181      0.267    1443.85    1443.84  0.000e+00
       1623     14.500     6.9207     6.9211     0.0004    0.81758    0.81758          1     7.6008     7.8418       9.97     0.0225  5.725e-02  6.106e-01  1.066e+03     7.1327     7.1326    -0.0001     5.5385     5.5384     14.366     14.688      0.272    1443.84    1443.84  0.000e+00
       1670     15.000     6.9204     6.9201    -0.0002    0.81758    0.81755          1     7.6102     7.8475       9.97     0.0223  4.840e-02  5.157e-01  1.066e+03     7.1327     7.1325    -0.0002     5.5385     5.5384     14.862     15.194      0.249    1443.85    1443.85  0.000e+00
       1715     15.500     6.9172     6.9178     0.0006    0.81750    0.81750          1     7.5901     7.8470       9.97     0.0220  4.105e-02  4.360e-01  1.062e+03     7.1326     7.1325    -0.0001     5.5386     5.5385     15.357     15.700      0.279    1443.84    1443.84  0.000e+00
       1760     16.000     6.9170     6.9174     0.0005    0.81752    0.81751          1     7.6131     7.8487       9.97     0.0220  3.392e-02  3.569e-01  1.052e+03     7.1327     7.1326    -0.0001     5.5388     5.5386     15.853     16.207      0.253    1443.85    1443.85  0.000e+00
       1808     16.500     6.9166     6.9173     0.0007    0.81753    0.81753          1     7.6120     7.8510       9.97     0.0226  2.689e-02  2.859e-01  1.063e+03     7.1328     7.1327    -0.0001     5.5389     5.5387     16.348     16.713      0.260    1443.86    1443.86  0.000e+00
       1852     17.000     6.9159     6.9163     0.0004    0.81752    0.81752          1     7.6078     7.8554       9.97     0.0230  2.175e-02  2.312e-01  1.063e+03     7.1328     7.1328    -0.0000     5.5389     5.5389     16.843     17.220      0.280    1443.86    1443.86  0.000e+00
       1896     17.500     6.9156     6.9162     0.0006    0.81752    0.81752          1     7.6197     7.8517       9.97     0.0222  1.706e-02  1.816e-01  1.065e+03     7.1329     7.1328    -0.0001     5.5390     5.5388     17.339     17.726      0.259    1443.87    1443.87  0.000e+00
       1942     18.000     6.9159     6.9167     0.0007    0.81754    0.81756          1     7.6138     7.8449       9.97     0.0224  1.390e-02  1.484e-01  1.068e+03     7.1329     7.1330     0.0000     5.5390     5.5390     17.834     18.233      0.272    1443.88    1443.88  0.000e+00
       1985     18.500     6.9158     6.9166     0.0008    0.81755    0.81757          1     7.6090     7.8491       9.97     0.0224  1.043e-02  1.094e-01  1.048e+03     7.1330     7.1330    -0.0000     5.5391     5.5390     18.329     18.739      0.272    1443.88    1443.89  0.000e+00
       2033     19.000     6.9160     6.9178     0.0019    0.81757    0.81763          1     7.6135     7.8559       9.96     0.0225  6.975e-03  7.314e-02  1.049e+03     7.1331     7.1332     0.0001     5.5391     5.5391     18.825     19.246      0.246    1443.89    1443.90  0.000e+00
       2079     19.500     6.9178     6.9192     0.0014    0.81766    0.81770          1     7.6115     7.8498       9.96     0.0230  3.917e-03  4.135e-02  1.054e+03     7.1335     7.1336     0.0001     5.5393     5.5393     19.320     19.752      0.276    1443.91    1443.91  0.000e+00
       2123     20.000     6.9186     6.9189     0.0002    0.81771    0.81768          1     7.6047     7.8489       9.96     0.0223  1.119e-03  1.167e-02  1.046e+03     7.1337     7.1334    -0.0003     5.5394     5.5392     19.816     20.259      0.266    1443.92    1443.92  0.000e+00
       2169     20.500     6.9182     6.9218     0.0036    0.81769    0.81780          1     7.6074     7.8543       9.96     0.0228 -8.392e-06 -8.750e-05  1.059e+03     7.1336     7.1338     0.0002     5.5394     5.5393     20.311     20.765      0.263    1443.93    1443.94  0.000e+00
       2213     21.000     6.9234     6.9250     0.0015    0.81790    0.81793          1     7.6044     7.8514       9.96     0.0227  6.164e-15  7.543e-14  1.068e+03     7.1343     7.1343    -0.0000     5.5396     5.5395     20.806     21.272      0.276    1443.96    1443.96  0.000e+00
       2256     21.500     6.9243     6.9246     0.0002    0.81794    0.81792          1     7.6109     7.8456       9.96     0.0227  9.410e-14  1.000e-12  1.063e+03     7.1345     7.1343    -0.0002     5.5397     5.5395     21.302     21.778      0.273    1443.97    1443.97  0.000e+00
       2303     22.000     6.9217     6.9204    -0.0013    0.81785    0.81778          1     7.6138     7.8437       9.96     0.0230  9.526e-14  1.000e-12  1.050e+03     7.1341     7.1338    -0.0003     5.5396     5.5394     21.797     22.284      0.248    1443.97    1443.96  0.000e+00
       2349     22.500     6.9211     6.9215     0.0005    0.81784    0.81783          1     7.6093     7.8547       9.96     0.0232  9.472e-14  1.000e-12  1.056e+03     7.1341     7.1339    -0.0002     5.5396     5.5394     22.292     22.791      0.282    1443.97    1443.97  0.000e+00
       2392     23.000     6.9223     6.9228     0.0005    0.81788    0.81788          1     7.5993     7.8558       9.96     0.0227  9.635e-14  1.000e-12  1.038e+03     7.1342     7.1341    -0.0002     5.5396     5.5394     22.788     23.297      0.263    1443.98    1443.99  0.000e+00
       2441     23.500     6.9229     6.9249     0.0020    0.81791    0.81797          1     7.6188     7.8440       9.96     0.0231  9.471e-14  1.000e-12  1.056e+03     7.1343     7.1344     0.0001     5.5396     5.5395     23.283     23.804      0.251    1443.99    1444.00  0.000e+00
       2482     24.000     6.9255     6.9272     0.0017    0.81800    0.81805          1     7.6233     7.8370       9.96     0.0229  9.465e-14  1.000e-12  1.056e+03     7.1346     7.1346     0.0000     5.5397     5.5396     23.778     24.310      0.315    1444.01    1444.02  0.000e+00
       2524     24.500     6.9268     6.9274     0.0006    0.81806    0.81805          1     7.6169     7.8446       9.96     0.0228  9.385e-14  1.000e-12  1.066e+03     7.1347     7.1346    -0.0001     5.5397     5.5395     24.274     24.817      0.250    1444.03    1444.03  0.000e+00
       2575     25.000     6.9263     6.9271     0.0008    0.81805    0.81805          1     7.6025     7.8427       9.96     0.0232  9.316e-14  1.000e-12  1.074e+03     7.1347     7.1345    -0.0002     5.5397     5.5395     24.769     25.323      0.261    1444.03    1444.04  0.000e+00
       2616     25.500     6.9283     6.9271    -0.0011    0.81811    0.81806          1     7.6030     7.8452       9.96     0.0231  9.526e-14  1.000e-12  1.050e+03     7.1348     7.1346    -0.0003     5.5397     5.5395     25.264     25.830      0.293    1444.05    1444.04  0.000e+00
       2663     26.000     6.9266     6.9281     0.0015    0.81807    0.81810          1     7.6065     7.8459       9.96     0.0228  9.356e-14  1.000e-12  1.069e+03     7.1347     7.1347     0.0000     5.5397     5.5396     25.760     26.336      0.230    1444.05    1444.06  0.000e+00
       2713     26.500     6.9279     6.9294     0.0015    0.81812    0.81815          1     7.6073     7.8416       9.96     0.0230  9.350e-14  1.000e-12  1.070e+03     7.1349     7.1348    -0.0000     5.5398     5.5396     26.255     26.843      0.280    1444.06    1444.07  0.000e+00
       2753     27.000     6.9278     6.9279     0.0001    0.81812    0.81810          1     7.6170     7.8496       9.96     0.0230  9.354e-14  1.000e-12  1.069e+03     7.1348     7.1346    -0.0002     5.5397     5.5395     26.750     27.349      0.280    1444.07    1444.07  0.000e+00
       2799     27.500     6.9282     6.9297     0.0015    0.81814    0.81817          1     7.6043     7.8505       9.96     0.0232  9.383e-14  1.000e-12  1.066e+03     7.1349     7.1349    -0.0000     5.5397     5.5396     27.246     27.856      0.258    1444.08    1444.09  0.000e+00
       2844     28.000     6.9277     6.9283     0.0005    0.81814    0.81813          1     7.6026     7.8458       9.96     0.0231  9.348e-14  1.000e-12  1.070e+03     7.1349     7.1347    -0.0002     5.5397     5.5396     27.741     28.362      0.278    1444.09    1444.09  0.000e+00
