ctdpy/exports/archive_20191121_122431/received_data/SBE09_0827_20180122_1550_26_01_0164.cnv
* Sea-Bird SBE 9 Data File:
* FileName = D:\CTD_SBE911\DAT\26DA.2018.1.64.hex
* Software Version Seasave V 7.21d
* Temperature SN = 034757
* Conductivity SN = 041844
* Number of Bytes Per Scan = 48
* Number of Voltage Words = 5
* Number of Scans Averaged by the Deck Unit = 1
* NMEA Latitude = 58 24.85 N
* NMEA Longitude = 011 00.50 E
* NMEA UTC (Time) = Jan 22 2018  15:50:37
* NMEA baud rate = 4800
** Ship: DANA
** Average sound velocity: 1470.22 m/s
** True-depth calculation Thu, 28 Mar 2019 08:26:42 +0000
** CTD Python Module SMHI /ver 3-12/ feb 2012 
** LIMS Job: 20182601-0164
** Nubbahålet
** Operator: Ronny Sørensen
** Cruise: 01/2018
# nquan = 26
# nvalues = 133                         
# units = specified
# name 0 = scan: Scan Count
# name 1 = prDM: Pressure, Digiquartz [db]
# name 2 = t090C: Temperature [ITS-90, deg C]
# name 3 = t190C: Temperature, 2 [ITS-90, deg C]
# name 4 = T2-T190C: Temperature Difference, 2 - 1 [ITS-90, deg C]
# name 5 = c0S/m: Conductivity [S/m]
# name 6 = c1S/m: Conductivity, 2 [S/m]
# name 7 = pumps: Pump Status
# name 8 = sbeox1ML/L: Oxygen, SBE 43, 2 [ml/l]
# name 9 = sbeox0ML/L: Oxygen, SBE 43 [ml/l]
# name 10 = altM: Altimeter [m]
# name 11 = chloroflTC0: Chlorophyll, Turner Cyclops [ug/l]
# name 12 = cpar: CPAR/Corrected Irradiance [%]
# name 13 = par: PAR/Irradiance, Biospherical/Lico [µE/(cm^2*s)]
# name 14 = spar: SPAR, Biospherical/Licor
# name 15 = sal00: Salinity, Practical [PSU]
# name 16 = sal11: Salinity, Practical, 2 [PSU]
# name 17 = secS-priS: Salinity, Practical, Difference, 2 - 1 [PSU]
# name 18 = sigma-t00: Density [sigma-t, kg/m^3 ]
# name 19 = sigma-t11: Density, 2 [sigma-t, kg/m^3 ]
# name 20 = depSM: Depth [salt water, m], lat = 58.4142
# name 21 = depFM: Depth [true depth, m], lat = 58.4142
# name 22 = dz/dtM: Descent Rate [m/s], WS = 2
# name 23 = svCM: Sound Velocity [Chen-Millero, m/s]
# name 24 = svCM1: Sound Velocity, 2 [Chen-Millero, m/s]
# name 25 = flag: flag
# span 0 =        -28,       8210       
# span 1 =      1.500,     67.500       
# span 2 =     3.5973,     6.7446       
# span 3 =     3.5995,     6.7509       
# span 4 =    -0.0778,     0.0683       
# span 5 =   2.403825,   3.423379       
# span 6 =   2.402420,   3.424935       
# span 7 =          1,          1       
# span 8 =     6.0345,     7.0317       
# span 9 =     6.2102,     7.2118       
# span 10 =       1.93,       9.96      
# span 11 =     0.0231,     0.0452      
# span 12 = -3.657e+03, 6.8049e+04      
# span 13 = 1.0000e-12, 1.0000e-12      
# span 14 = 6.4885e-01, 2.1051e+00      
# span 15 =    25.3667,    34.0628      
# span 16 =    25.3487,    34.0738      
# span 17 =    -1.0789,     0.1251      
# span 18 =    20.1631,    26.7152      
# span 19 =    20.1487,    26.7230      
# span 20 =      1.486,     66.861      
# span 21 =      1.498,     67.043      
# span 22 =     -0.204,      0.526      
# span 23 =    1452.54,    1477.60      
# span 24 =    1452.53,    1477.64      
# span 25 = 0.0000e+00, 0.0000e+00      
# interval = decibars: 0.5              
# start_time = Jan 22 2018 15:50:37 [NMEA time, first data scan]
# bad_flag = -9.990e-29
*END*
[from data line 56]
       3138     29.500     5.7762     5.7765     0.0003    3.26816    3.26777          1     6.2535     6.4456       9.96     0.0295  4.924e-11  1.000e-12  2.031e+00    33.3068    33.3021    -0.0047    26.2422    26.2385     29.224     29.335      0.352    1472.19    1472.19  0.000e+00
       3240     30.000     5.7994     5.8072     0.0079    3.27187    3.27238          1     6.2615     6.4275       9.96     0.0293  4.924e-11  1.000e-12  2.031e+00    33.3255    33.3237    -0.0019    26.2542    26.2518     29.719     29.831      0.344    1472.32    1472.35  0.000e+00
       3259     30.500     5.8082     5.8092     0.0010    3.27315    3.27290          1     6.2640     6.4359       9.96     0.0292  4.924e-11  1.000e-12  2.031e+00    33.3311    33.3273    -0.0038    26.2576    26.2544     30.214     30.327      0.526    1472.37    1472.37  0.000e+00
       3283     31.000     5.8162     5.8223     0.0061    3.27514    3.27518          1     6.2542     6.4339       9.96     0.0292  4.924e-11  1.000e-12  2.031e+00    33.3453    33.3399    -0.0055    26.2679    26.2628     30.709     30.823      0.395    1472.43    1472.45  0.000e+00
       3353     31.500     5.8326     5.8345     0.0019    3.27811    3.27789          1     6.2029     6.4336       9.96     0.0293  4.924e-11  1.000e-12  2.031e+00    33.3625    33.3582    -0.0043    26.2794    26.2757     31.205     31.320      0.252    1472.52    1472.53  0.000e+00
       3399     32.000     5.8436     5.8482     0.0045    3.27991    3.27977          1     6.1949     6.4179       9.96     0.0293  4.924e-11  1.000e-12  2.031e+00    33.3716    33.3655    -0.0061    26.2853    26.2799     31.700     31.816      0.375    1472.59    1472.60  0.000e+00
       3431     32.500     5.8518     5.8546     0.0027    3.28126    3.28127          1     6.2456     6.4221       9.96     0.0295  4.924e-11  1.000e-12  2.031e+00    33.3784    33.3759    -0.0025    26.2897    26.2873     32.195     32.312      0.335    1472.64    1472.65  0.000e+00
       3475     33.000     5.8608     5.8675     0.0067    3.28282    3.28330          1     6.2653     6.4246       9.96     0.0301  4.924e-11  1.000e-12  2.031e+00    33.3870    33.3858    -0.0012    26.2953    26.2935     32.690     32.808      0.234    1472.69    1472.72  0.000e+00
       3525     33.500     5.8717     5.8735     0.0019    3.28446    3.28453          1     6.2330     6.4189       9.96     0.0297  4.924e-11  1.000e-12  2.031e+00    33.3945    33.3934    -0.0011    26.2999    26.2988     33.186     33.304      0.284    1472.75    1472.76  0.000e+00
       3564     34.000     5.8817     5.8814    -0.0002    3.28592    3.28548          1     6.2486     6.4217       9.96     0.0308  4.924e-11  1.000e-12  2.031e+00    33.4008    33.3961    -0.0048    26.3037    26.2999     33.681     33.801      0.297    1472.81    1472.80  0.000e+00
       3615     34.500     5.8901     5.8952     0.0051    3.28705    3.28728          1     6.2404     6.4156       9.96     0.0300  4.924e-11  1.000e-12  2.031e+00    33.4049    33.4025    -0.0024    26.3058    26.3034     34.176     34.297      0.211    1472.86    1472.87  0.000e+00
       3664     35.000     5.9124     5.9257     0.0133    3.29053    3.29092          1     6.2020     6.4151       9.96     0.0305  4.924e-11  1.000e-12  2.031e+00    33.4219    33.4130    -0.0089    26.3166    26.3079     34.672     34.793      0.341    1472.97    1473.02  0.000e+00
       3696     35.500     5.9430     5.9474     0.0045    3.29451    3.29440          1     6.2143     6.3982       9.96     0.0310  4.924e-11  1.000e-12  2.031e+00    33.4362    33.4306    -0.0056    26.3241    26.3191     35.167     35.289      0.338    1473.12    1473.13  0.000e+00
       3747     36.000     5.9494     5.9513     0.0020    3.29538    3.29540          1     6.2420     6.4009       9.96     0.0314  4.924e-11  1.000e-12  2.031e+00    33.4395    33.4377    -0.0017    26.3258    26.3242     35.662     35.786      0.217    1473.16    1473.17  0.000e+00
       3797     36.500     5.9526     5.9533     0.0008    3.29588    3.29581          1     6.1820     6.4079       9.96     0.0328  4.924e-11  1.000e-12  2.031e+00    33.4417    33.4401    -0.0016    26.3272    26.3259     36.157     36.282      0.338    1473.18    1473.19  0.000e+00
       3832     37.000     5.9548     5.9547    -0.0001    3.29623    3.29609          1     6.2143     6.4050       9.96     0.0322  4.924e-11  1.000e-12  2.031e+00    33.4430    33.4416    -0.0015    26.3280    26.3268     36.653     36.778      0.279    1473.20    1473.20  0.000e+00
       3903     37.500     5.9548     5.9543    -0.0004    3.29622    3.29615          1     6.2319     6.4022       9.96     0.0319  4.924e-11  1.000e-12  2.031e+00    33.4427    33.4423    -0.0004    26.3278    26.3275     37.148     37.274      0.269    1473.21    1473.21  0.000e+00
       3940     38.000     5.9569     5.9573     0.0004    3.29661    3.29648          1     6.2619     6.4008       9.96     0.0316  4.924e-11  1.000e-12  2.031e+00    33.4447    33.4429    -0.0018    26.3291    26.3276     37.643     37.770      0.405    1473.23    1473.23  0.000e+00
       3972     38.500     5.9594     5.9588    -0.0005    3.29695    3.29691          1     6.2237     6.3967       9.96     0.0316  4.924e-11  1.000e-12  2.031e+00    33.4459    33.4460     0.0001    26.3297    26.3298     38.138     38.267      0.302    1473.25    1473.25  0.000e+00
       4049     39.000     5.9699     5.9716     0.0018    3.29871    3.29885          1     6.2141     6.4015       9.96     0.0316  4.924e-11  1.000e-12  2.031e+00    33.4551    33.4549    -0.0002    26.3356    26.3353     38.634     38.763      0.306    1473.31    1473.32  0.000e+00
       4081     39.500     5.9746     5.9746     0.0001    3.29939    3.29927          1     6.2071     6.3893       9.96     0.0318  4.924e-11  1.000e-12  2.031e+00    33.4579    33.4564    -0.0014    26.3373    26.3362     39.129     39.259      0.459    1473.34    1473.34  0.000e+00
       4107     40.000     5.9791     5.9829     0.0038    3.30017    3.30031          1     6.2202     6.3895       9.96     0.0311  4.924e-11  1.000e-12  2.031e+00    33.4619    33.4597    -0.0022    26.3399    26.3377     39.624     39.755      0.380    1473.37    1473.39  0.000e+00
       4187     40.500     5.9929     5.9957     0.0027    3.30238    3.30257          1     6.2205     6.3897       9.96     0.0314  4.924e-11  1.000e-12  2.031e+00    33.4728    33.4722    -0.0006    26.3468    26.3460     40.119     40.251      0.263    1473.45    1473.46  0.000e+00
       4235     41.000     6.0044     6.0050     0.0007    3.30429    3.30413          1     6.1981     6.3846       9.96     0.0310  4.924e-11  1.000e-12  2.031e+00    33.4827    33.4803    -0.0024    26.3532    26.3512     40.615     40.748      0.419    1473.52    1473.51  0.000e+00
       4263     41.500     6.0089     6.0119     0.0030    3.30511    3.30523          1     6.2231     6.3843       9.96     0.0308  4.924e-11  1.000e-12  2.031e+00    33.4872    33.4855    -0.0016    26.3562    26.3545     41.110     41.244      0.392    1473.55    1473.56  0.000e+00
       4303     42.000     6.0178     6.0203     0.0024    3.30665    3.30688          1     6.2244     6.3886       9.96     0.0306  4.924e-11  1.000e-12  2.031e+00    33.4954    33.4957     0.0003    26.3616    26.3614     41.605     41.740      0.207    1473.60    1473.61  0.000e+00
       4377     42.500     6.0245     6.0273     0.0027    3.30790    3.30812          1     6.1958     6.3839       9.96     0.0317  4.924e-11  1.000e-12  2.031e+00    33.5026    33.5023    -0.0002    26.3664    26.3658     42.100     42.236      0.249    1473.65    1473.66  0.000e+00
       4414     43.000     6.0331     6.0335     0.0004    3.30942    3.30940          1     6.1930     6.3875       9.96     0.0323  4.924e-11  1.000e-12  2.031e+00    33.5109    33.5103    -0.0006    26.3719    26.3714     42.596     42.732      0.380    1473.70    1473.70  0.000e+00
       4446     43.500     6.0418     6.0448     0.0029    3.31116    3.31121          1     6.2014     6.3759       9.96     0.0318  4.924e-11  1.000e-12  2.031e+00    33.5216    33.5192    -0.0024    26.3792    26.3770     43.091     43.229      0.327    1473.76    1473.76  0.000e+00
       4512     44.000     6.0505     6.0498    -0.0007    3.31261    3.31235          1     6.2090     6.3758       9.96     0.0315  4.924e-11  1.000e-12  2.031e+00    33.5290    33.5267    -0.0023    26.3840    26.3823     43.586     43.725      0.225    1473.81    1473.80  0.000e+00
       4565     44.500     6.0589     6.0611     0.0021    3.31416    3.31403          1     6.2234     6.3704       9.96     0.0324  4.924e-11  1.000e-12  2.031e+00    33.5379    33.5343    -0.0035    26.3900    26.3869     44.081     44.221      0.359    1473.86    1473.87  0.000e+00
       4596     45.000     6.0732     6.0766     0.0034    3.31676    3.31672          1     6.2062     6.3732       9.96     0.0326  4.924e-11  1.000e-12  2.031e+00    33.5527    33.5488    -0.0039    26.3999    26.3964     44.577     44.717      0.342    1473.94    1473.95  0.000e+00
       4646     45.500     6.0877     6.0897     0.0020    3.31927    3.31933          1     6.1704     6.3719       9.96     0.0320  4.924e-11  1.000e-12  2.031e+00    33.5662    33.5649    -0.0013    26.4087    26.4075     45.072     45.213      0.205    1474.03    1474.03  0.000e+00
       4702     46.000     6.0928     6.0938     0.0011    3.32018    3.32015          1     6.1913     6.3730       9.96     0.0326  4.924e-11  1.000e-12  2.031e+00    33.5712    33.5698    -0.0014    26.4120    26.4108     45.567     45.709      0.278    1474.06    1474.06  0.000e+00
       4743     46.500     6.0980     6.0982     0.0003    3.32109    3.32112          1     6.1781     6.3718       9.96     0.0331  4.924e-11  1.000e-12  2.031e+00    33.5760    33.5760     0.0001    26.4151    26.4152     46.062     46.206      0.270    1474.10    1474.10  0.000e+00
       4792     47.000     6.0994     6.1011     0.0017    3.32140    3.32163          1     6.1415     6.3710       9.96     0.0319  4.924e-11  1.000e-12  2.031e+00    33.5777    33.5787     0.0010    26.4164    26.4169     46.558     46.702      0.235    1474.11    1474.12  0.000e+00
       4841     47.500     6.1042     6.1055     0.0013    3.32230    3.32236          1     6.1867     6.3747       9.96     0.0320  4.924e-11  1.000e-12  2.031e+00    33.5829    33.5823    -0.0006    26.4198    26.4192     47.053     47.198      0.261    1474.15    1474.15  0.000e+00
       4887     48.000     6.1096     6.1107     0.0011    3.32326    3.32343          1     6.1989     6.3680       9.96     0.0317  4.924e-11  1.000e-12  2.031e+00    33.5881    33.5889     0.0008    26.4232    26.4237     47.548     47.694      0.251    1474.18    1474.19  0.000e+00
       4936     48.500     6.1112     6.1116     0.0003    3.32358    3.32370          1     6.1733     6.3661       9.96     0.0328  4.924e-11  1.000e-12  2.031e+00    33.5898    33.5908     0.0010    26.4244    26.4251     48.043     48.190      0.254    1474.20    1474.20  0.000e+00
       4979     49.000     6.1128     6.1126    -0.0001    3.32387    3.32394          1     6.1767     6.3733       9.96     0.0335  4.924e-11  1.000e-12  2.031e+00    33.5913    33.5922     0.0009    26.4254    26.4261     48.538     48.686      0.283    1474.22    1474.22  0.000e+00
       5026     49.500     6.1131     6.1135     0.0004    3.32399    3.32416          1     6.1988     6.3621       9.96     0.0329  4.924e-11  1.000e-12  2.031e+00    33.5920    33.5935     0.0015    26.4259    26.4270     49.034     49.182      0.226    1474.23    1474.23  0.000e+00
       5078     50.000     6.1141     6.1148     0.0007    3.32426    3.32445          1     6.1948     6.3641       9.96     0.0318  4.924e-11  1.000e-12  2.031e+00    33.5938    33.5953     0.0015    26.4272    26.4283     49.529     49.679      0.285    1474.24    1474.25  0.000e+00
       5114     50.500     6.1174     6.1170    -0.0004    3.32492    3.32495          1     6.2046     6.3637       9.96     0.0321  4.924e-11  1.000e-12  2.031e+00    33.5977    33.5984     0.0007    26.4299    26.4305     50.024     50.175      0.309    1474.27    1474.27  0.000e+00
       5171     51.000     6.1188     6.1186    -0.0001    3.32526    3.32536          1     6.1849     6.3762       9.96     0.0320  4.924e-11  1.000e-12  2.031e+00    33.5999    33.6012     0.0013    26.4314    26.4324     50.519     50.671      0.218    1474.28    1474.29  0.000e+00
       5220     51.500     6.1202     6.1199    -0.0003    3.32560    3.32567          1     6.1951     6.3737       9.96     0.0327  4.924e-11  1.000e-12  2.031e+00    33.6021    33.6032     0.0011    26.4330    26.4339     51.015     51.167      0.331    1474.30    1474.30  0.000e+00
       5257     52.000     6.1210     6.1206    -0.0004    3.32595    3.32606          1     6.1967     6.3751       9.96     0.0329  4.924e-11  1.000e-12  2.031e+00    33.6049    33.6066     0.0016    26.4351    26.4364     51.510     51.663      0.262    1474.31    1474.31  0.000e+00
       5319     52.500     6.1210     6.1205    -0.0005    3.32604    3.32617          1     6.1933     6.3557       9.96     0.0329  4.924e-11  1.000e-12  2.031e+00    33.6057    33.6077     0.0019    26.4358    26.4373     52.005     52.159      0.259    1474.32    1474.32  0.000e+00
       5358     53.000     6.1218     6.1204    -0.0014    3.32634    3.32619          1     6.1831     6.3650       9.96     0.0334  4.924e-11  1.000e-12  2.031e+00    33.6080    33.6077    -0.0003    26.4374    26.4373     52.500     52.656      0.327    1474.34    1474.33  0.000e+00
       5404     53.500     6.1277     6.1291     0.0014    3.32772    3.32777          1     6.1585     6.3606       9.96     0.0332  4.924e-11  1.000e-12  2.031e+00    33.6173    33.6166    -0.0008    26.4441    26.4433     52.995     53.152      0.206    1474.38    1474.39  0.000e+00
       5463     54.000     6.1324     6.1335     0.0011    3.32857    3.32891          1     6.1828     6.3626       9.96     0.0328  4.924e-11  1.000e-12  2.031e+00    33.6220    33.6247     0.0027    26.4472    26.4492     53.491     53.648      0.281    1474.41    1474.42  0.000e+00
       5502     54.500     6.1317     6.1325     0.0009    3.32845    3.32872          1     6.1811     6.3545       9.96     0.0328  4.924e-11  1.000e-12  2.031e+00    33.6211    33.6233     0.0022    26.4466    26.4482     53.986     54.144      0.266    1474.42    1474.43  0.000e+00
       5563     55.000     6.1417     6.1486     0.0069    3.33043    3.33104          1     6.1373     6.3631       9.96     0.0329  4.924e-11  1.000e-12  2.031e+00    33.6331    33.6331    -0.0001    26.4548    26.4538     54.481     54.640      0.209    1474.48    1474.51  0.000e+00
       5612     55.500     6.1858     6.1983     0.0124    3.33891    3.33859          1     6.1460     6.3586       9.96     0.0334  4.924e-11  1.000e-12  2.031e+00    33.6840    33.6681    -0.0159    26.4894    26.4752     54.976     55.136      0.305    1474.73    1474.76  0.000e+00
       5654     56.000     6.2358     6.2476     0.0118    3.34731    3.34828          1     6.1779     6.3336       9.96     0.0332  4.924e-11  1.000e-12  2.031e+00    33.7282    33.7274    -0.0008    26.5179    26.5157     55.472     55.632      0.253    1474.99    1475.04  0.000e+00
       5707     56.500     6.2500     6.2522     0.0022    3.34958    3.34966          1     6.1369     6.3332       9.96     0.0329  4.924e-11  1.000e-12  2.031e+00    33.7393    33.7379    -0.0013    26.5248    26.5235     55.967     56.129      0.199    1475.07    1475.08  0.000e+00
