ctdpy/exports/archive_20191121_122431/received_data/SBE09_1044_20180419_0001_34_07_0019.cnv
* Sea-Bird SBE 9 Data File:
* FileName = C:\ctd\temp\2018\AU18D019.hex
* Software Version Seasave V 7.26.6.26
* Temperature SN = 5351
* Conductivity SN = 3941
* Number of Bytes Per Scan = 41
* Number of Voltage Words = 4
* Number of Scans Averaged by the Deck Unit = 1
* NMEA Latitude = 57 18.73 N
* NMEA Longitude = 020 04.57 E
* NMEA UTC (Time) = Apr 19 2018  00:01:32
* NMEA baud rate = 4800
** Station:  BY15 extra
** Operator:  A-KTh
** Ship: AURA
** Average sound velocity: 1444.66 m/s
** True-depth calculation Thu, 19 Apr 2018 01:11:04 +0000
** CTD Python Module SMHI /ver 3-12/ feb 2012 
** LIMS Job: 20183407-0019
** Cruise: SMHI-01-2018
** Latitude [GG MM.mm N] :
** Longitude [GG MM.mm E]:
# nquan = 26
# nvalues = 469                         
# units = specified
# name 0 = scan: Scan Count
# name 1 = prDM: Pressure, Digiquartz [db]
# name 2 = t090C: Temperature [ITS-90, deg C]
# name 3 = t190C: Temperature, 2 [ITS-90, deg C]
# name 4 = T2-T190C: Temperature Difference, 2 - 1 [ITS-90, deg C]
# name 5 = c0S/m: Conductivity [S/m]
# name 6 = c1S/m: Conductivity, 2 [S/m]
# name 7 = pumps: Pump Status
# name 8 = sbeox0ML/L: Oxygen, SBE 43 [ml/l]
# name 9 = sbeox1ML/L: Oxygen, SBE 43, 2 [ml/l]
# name 10 = altM: Altimeter [m]
# name 11 = flECO-AFL: Chl-a Fluorescence, WET Labs ECO-AFL/FL [mg/m^3]
# name 12 = flECO-AFL1: Phycocyanin Fluorescence, WET Labs ECO-AFL/FL, 2 [mg/m^3]
# name 13 = par: PAR/Irradiance, Biospherical/Lico [µE/(cm^2*s)]
# name 14 = turbWETntu0: Turbidity, WET Labs ECO [NTU]
# name 15 = sal00: Salinity, Practical [PSU]
# name 16 = sal11: Salinity, Practical, 2 [PSU]
# name 17 = secS-priS: Salinity, Practical, Difference, 2 - 1 [PSU]
# name 18 = sigma-t00: Density [sigma-t, Kg/m^3 ]
# name 19 = sigma-t11: Density, 2 [sigma-t, Kg/m^3 ]
# name 20 = depSM: Depth [salt water, m], lat = 57.3122
# name 21 = depFM: Depth [true depth, m], lat = 57.3122
# name 22 = dz/dtM: Descent Rate [m/s], WS = 2
# name 23 = svCM: Sound Velocity [Chen-Millero, m/s]
# name 24 = svCM1: Sound Velocity, 2 [Chen-Millero, m/s]
# name 25 = flag: flag
# span 0 =       7601,      19727       
# span 1 =      0.500,    234.500       
# span 2 =     2.7380,     6.9109       
# span 3 =     2.7384,     6.9114       
# span 4 =    -0.0583,     0.0153       
# span 5 =   0.755572,   1.460423       
# span 6 =   0.755439,   1.460410       
# span 7 =          1,          1       
# span 8 =    0.02092,    9.89899       
# span 9 =    0.02471,    9.74129       
# span 10 =       4.19,      99.07      
# span 11 =     0.2506,     6.4826      
# span 12 =     0.1522,     1.1213      
# span 13 = 1.0000e-12, 2.4460e+00      
# span 14 =     0.1171,     0.5351      
# span 15 =     7.3378,    13.2983      
# span 16 =     7.3371,    13.2981      
# span 17 =    -0.0424,     0.0056      
# span 18 =     5.8483,    10.3801      
# span 19 =     5.8478,    10.3798      
# span 20 =      0.495,    232.208      
# span 21 =      0.506,    236.806      
# span 22 =      0.170,      0.656      
# span 23 =    1426.41,    1455.03      
# span 24 =    1426.42,    1455.03      
# span 25 = 0.0000e+00, 0.0000e+00      
# interval = decibars: 0.5              
# start_time = Apr 19 2018 00:01:32 [NMEA time, first data scan]
# bad_flag = -9.990e-29
*END*
       7601      0.500     3.1651     3.1618    -0.0032    0.75557    0.75544          1     9.8990     9.7259      98.66     5.7955     1.0527  2.225e+00  0.3891000     7.3378     7.3371    -0.0007     5.8483     5.8478      0.495      0.506      0.170    1427.38    1427.37  0.000e+00
       8266      1.000     3.1599     3.1611     0.0012    0.75567    0.75572          1     9.8731     9.7121      98.67     5.9180     1.0429  2.446e+00  0.3735000     7.3399     7.3402     0.0003     5.8501     5.8503      0.991      1.013      0.214    1427.37    1427.38  0.000e+00
       8510      1.500     3.1615     3.1634     0.0018    0.75586    0.75590          1     9.8680     9.7058      98.67     6.1307     1.0807  1.062e+00  0.3801000     7.3414     7.3415     0.0000     5.8513     5.8512      1.486      1.519      0.214    1427.39    1427.40  0.000e+00
       8588      2.000     3.1625     3.1641     0.0017    0.75589    0.75592          1     9.8723     9.6895      98.67     6.3267     1.0985  5.727e-01  0.3832000     7.3415     7.3414    -0.0000     5.8513     5.8512      1.982      2.025      0.271    1427.40    1427.41  0.000e+00
       8628      2.500     3.1617     3.1631     0.0015    0.75581    0.75584          1     9.8747     9.7207      98.67     6.2423     1.1017  3.645e-01  0.3760000     7.3407     7.3407    -0.0001     5.8507     5.8506      2.477      2.532      0.378    1427.40    1427.41  0.000e+00
       8659      3.000     3.1621     3.1625     0.0003    0.75585    0.75580          1     9.8764     9.7413      98.67     6.2369     1.1053  2.919e-01  0.3767000     7.3410     7.3404    -0.0006     5.8509     5.8504      2.972      3.038      0.344    1427.41    1427.41  0.000e+00
       8698      3.500     3.1617     3.1629     0.0012    0.75587    0.75604          1     9.8746     9.7274      98.67     6.4826     1.0683  1.818e-01  0.3822000     7.3412     7.3428     0.0015     5.8511     5.8523      3.468      3.544      0.330    1427.42    1427.43  0.000e+00
       8728      4.000     3.1623     3.1631     0.0008    0.75606    0.75605          1     9.8731     9.6940      98.58     6.4215     1.0999  1.213e-01  0.3823000     7.3430     7.3427    -0.0003     5.8525     5.8522      3.963      4.050      0.480    1427.43    1427.44  0.000e+00
       8751      4.500     3.1652     3.1656     0.0004    0.75618    0.75613          1     9.8730     9.6882      98.56     6.2110     1.0720  1.222e-01  0.3813000     7.3435     7.3429    -0.0006     5.8529     5.8524      4.458      4.557      0.520    1427.46    1427.46  0.000e+00
       8775      5.000     3.1639     3.1642     0.0003    0.75616    0.75611          1     9.8636     9.6952      98.56     6.0608     1.0837  2.944e-02  0.3787000     7.3435     7.3429    -0.0006     5.8529     5.8524      4.954      5.063      0.450    1427.46    1427.46  0.000e+00
       8805      5.500     3.1635     3.1644     0.0009    0.75618    0.75619          1     9.8633     9.7026      98.56     6.0802     1.1213  1.886e-02  0.3986000     7.3439     7.3437    -0.0001     5.8532     5.8531      5.449      5.569      0.399    1427.46    1427.47  0.000e+00
       8834      6.000     3.1637     3.1644     0.0007    0.75625    0.75618          1     9.8588     9.7025      98.57     6.3864     1.0726  3.160e-03  0.3969000     7.3444     7.3435    -0.0009     5.8536     5.8529      5.945      6.076      0.462    1427.47    1427.48  0.000e+00
       8858      6.500     3.1646     3.1658     0.0012    0.75640    0.75640          1     9.8453     9.6853      98.57     6.2718     1.0857  2.814e-05  0.3937000     7.3457     7.3454    -0.0002     5.8546     5.8544      6.440      6.582      0.509    1427.48    1427.49  0.000e+00
       8881      7.000     3.1692     3.1689    -0.0003    0.75749    0.75729          1     9.8323     9.6747      98.58     5.9958     0.9902  1.000e-12  0.3829000     7.3559     7.3539    -0.0020     5.8627     5.8611      6.935      7.088      0.497    1427.53    1427.52  0.000e+00
       8906      7.500     3.1671     3.1677     0.0006    0.75703    0.75702          1     9.8234     9.6778      98.58     5.9616     1.0605  1.000e-12  0.3719000     7.3516     7.3514    -0.0002     5.8592     5.8591      7.431      7.595      0.471    1427.52    1427.52  0.000e+00
       8932      8.000     3.1687     3.1675    -0.0012    0.75724    0.75696          1     9.8248     9.6684      98.58     5.7732     1.0340  1.000e-12  0.3723000     7.3534     7.3507    -0.0027     5.8607     5.8586      7.926      8.101      0.492    1427.54    1427.53  0.000e+00
       8955      8.500     3.1725     3.1723    -0.0003    0.75798    0.75837          1     9.7997     9.6162      98.58     5.3535     1.0040  1.000e-12  0.3622000     7.3601     7.3642     0.0041     5.8660     5.8693      8.422      8.607      0.525    1427.57    1427.58  0.000e+00
       8978      9.000     3.1721     3.1727     0.0007    0.75954    0.76009          1     9.7420     9.5340      98.58     4.8972     0.9713  1.000e-12  0.3426000     7.3764     7.3820     0.0056     5.8790     5.8834      8.917      9.113      0.518    1427.60    1427.61  0.000e+00
       9002      9.500     3.1742     3.1743     0.0001    0.76052    0.76064          1     9.6722     9.4680      98.58     4.0908     0.9402  1.000e-12  0.2970000     7.3860     7.3873     0.0012     5.8867     5.8876      9.412      9.620      0.497    1427.63    1427.63  0.000e+00
       9026     10.000     3.1740     3.1752     0.0012    0.76125    0.76123          1     9.6175     9.4411      98.58     3.8438     0.8758  1.000e-12  0.3219000     7.3936     7.3932    -0.0004     5.8927     5.8923      9.908     10.126      0.517    1427.65    1427.65  0.000e+00
       9048     10.500     3.1716     3.1722     0.0006    0.76167    0.76168          1     9.5923     9.4314      98.58     3.1998     0.8139  1.000e-12  0.5351000     7.3985     7.3985    -0.0001     5.8967     5.8966     10.403     10.632      0.547    1427.65    1427.65  0.000e+00
       9070     11.000     3.1691     3.1700     0.0009    0.76200    0.76206          1     9.5723     9.4122      98.58     3.4121     0.8283  1.000e-12  0.3009000     7.4025     7.4028     0.0003     5.8998     5.9001     10.898     11.139      0.553    1427.65    1427.66  0.000e+00
       9092     11.500     3.1663     3.1683     0.0020    0.76246    0.76243          1     9.5448     9.3880      98.58     3.0872     0.5914  1.000e-12  0.2508000     7.4079     7.4071    -0.0008     5.9042     5.9035     11.394     11.645      0.530    1427.65    1427.66  0.000e+00
       9115     12.000     3.1661     3.1666     0.0005    0.76258    0.76263          1     9.5340     9.3922      98.59     2.7918     0.5623  1.000e-12  0.2322000     7.4090     7.4094     0.0004     5.9051     5.9054     11.889     12.151      0.500    1427.66    1427.66  0.000e+00
       9139     12.500     3.1685     3.1666    -0.0019    0.76258    0.76265          1     9.5422     9.4108      98.60     2.5812     0.5444  1.000e-12  0.2251000     7.4084     7.4096     0.0012     5.9046     5.9055     12.384     12.657      0.501    1427.68    1427.67  0.000e+00
       9163     13.000     3.1769     3.1811     0.0041    0.76224    0.76216          1     9.5548     9.4344      98.59     2.5833     0.5609  1.000e-12  0.2262000     7.4029     7.4011    -0.0019     5.9001     5.8986     12.880     13.164      0.527    1427.72    1427.74  0.000e+00
       9185     13.500     3.1754     3.1782     0.0028    0.76236    0.76228          1     9.5680     9.4238      98.59     2.7838     0.6166  1.000e-12  0.2308000     7.4044     7.4030    -0.0014     5.9013     5.9001     13.375     13.670      0.558    1427.72    1427.73  0.000e+00
       9206     14.000     3.1719     3.1715    -0.0003    0.76256    0.76260          1     9.5660     9.3993      98.60     2.9838     0.6390  1.000e-12  0.2362000     7.4073     7.4078     0.0005     5.9036     5.9040     13.871     14.176      0.564    1427.72    1427.72  0.000e+00
       9228     14.500     3.1706     3.1695    -0.0012    0.76262    0.76261          1     9.5609     9.4134      98.60     2.7444     0.5833  1.000e-12  0.2417000     7.4081     7.4082     0.0001     5.9043     5.9044     14.366     14.683      0.536    1427.72    1427.72  0.000e+00
       9251     15.000     3.1710     3.1607    -0.0102    0.76245    0.76270          1     9.5599     9.4238      98.60     2.6485     0.5502  1.000e-12  0.2357000     7.4061     7.4111     0.0049     5.9027     5.9068     14.861     15.189      0.493    1427.73    1427.69  0.000e+00
       9276     15.500     3.1682     3.1647    -0.0034    0.76262    0.76276          1     9.5600     9.4022      98.60     2.1546     0.3663  1.000e-12  0.2111000     7.4085     7.4107     0.0022     5.9047     5.9065     15.357     15.695      0.474    1427.73    1427.71  0.000e+00
       9301     16.000     3.1607     3.1554    -0.0051    0.76336    0.76352          1     9.5346     9.3597      98.60     2.1400     0.4687  1.000e-12  0.2271000     7.4178     7.4208     0.0030     5.9122     5.9146     15.852     16.201      0.516    1427.71    1427.69  0.000e+00
       9323     16.500     3.1583     3.1560    -0.0025    0.76378    0.76401          1     9.4772     9.2973      98.61     1.2216     0.3753  1.000e-12  0.1881000     7.4228     7.4257     0.0029     5.9161     5.9185     16.347     16.708      0.583    1427.72    1427.71  0.000e+00
       9343     17.000     3.1692     3.1670    -0.0022    0.76480    0.76479          1     9.4194     9.2401      98.60     1.0106     0.3115  1.000e-12  0.1768000     7.4308     7.4311     0.0004     5.9224     5.9227     16.843     17.214      0.606    1427.78    1427.77  0.000e+00
       9363     17.500     3.1456     3.1440    -0.0016    0.76441    0.76434          1     9.3702     9.1943      98.61     0.9066     0.2852  1.000e-12  0.1722000     7.4321     7.4318    -0.0004     5.9237     5.9235     17.338     17.720      0.554    1427.68    1427.68  0.000e+00
       9387     18.000     3.1494     3.1504     0.0010    0.76455    0.76454          1     9.3306     9.1519      98.61     0.7562     0.3175  1.000e-12  0.1611000     7.4326     7.4323    -0.0003     5.9241     5.9238     17.833     18.227      0.456    1427.71    1427.71  0.000e+00
       9415     18.500     3.1517     3.1533     0.0016    0.76462    0.76463          1     9.3184     9.1312      98.61     0.7170     0.3006  1.000e-12  0.1464000     7.4328     7.4325    -0.0003     5.9242     5.9239     18.329     18.733      0.452    1427.73    1427.74  0.000e+00
       9439     19.000     3.1297     3.1318     0.0021    0.76414    0.76416          1     9.3135     9.1505      98.61     0.7132     0.2584  1.000e-12  0.1464000     7.4328     7.4324    -0.0003     5.9244     5.9242     18.824     19.239      0.551    1427.64    1427.64  0.000e+00
       9459     19.500     3.1272     3.1287     0.0015    0.76413    0.76413          1     9.3078     9.1526      98.61     0.6872     0.2436  1.000e-12  0.1542000     7.4331     7.4328    -0.0004     5.9248     5.9245     19.320     19.745      0.621    1427.63    1427.64  0.000e+00
       9478     20.000     3.1171     3.1199     0.0029    0.76392    0.76396          1     9.2976     9.1405      98.61     0.6151     0.2889  1.000e-12  0.1434000     7.4333     7.4329    -0.0004     5.9250     5.9247     19.815     20.252      0.617    1427.59    1427.61  0.000e+00
       9499     20.500     3.1037     3.1052     0.0015    0.76364    0.76364          1     9.2743     9.1282      98.61     0.6316     0.3053  1.000e-12  0.1519000     7.4334     7.4330    -0.0004     5.9252     5.9249     20.310     20.758      0.540    1427.54    1427.55  0.000e+00
       9524     21.000     3.0966     3.0955    -0.0011    0.76351    0.76345          1     9.2563     9.1162      98.61     0.6148     0.3021  1.000e-12  0.1469000     7.4336     7.4332    -0.0004     5.9254     5.9252     20.806     21.264      0.438    1427.52    1427.51  0.000e+00
       9553     21.500     3.0882     3.0878    -0.0004    0.76337    0.76332          1     9.2507     9.0998      98.61     0.5649     0.2485  1.000e-12  0.1398000     7.4340     7.4335    -0.0005     5.9259     5.9255     21.301     21.770      0.454    1427.48    1427.48  0.000e+00
       9576     22.000     3.0871     3.0881     0.0010    0.76336    0.76334          1     9.2483     9.0787      98.61     0.5809     0.2577  1.000e-12  0.1269000     7.4341     7.4336    -0.0005     5.9260     5.9256     21.796     22.277      0.565    1427.49    1427.49  0.000e+00
       9596     22.500     3.0868     3.0869     0.0000    0.76337    0.76334          1     9.2471     9.0683      98.61     0.5631     0.3007  1.000e-12  0.1295000     7.4342     7.4338    -0.0004     5.9260     5.9258     22.292     22.783      0.631    1427.50    1427.50  0.000e+00
       9614     23.000     3.0869     3.0884     0.0015    0.76339    0.76338          1     9.2548     9.0782      98.61     0.5286     0.3042  1.000e-12  0.1378000     7.4343     7.4338    -0.0005     5.9261     5.9257     22.787     23.289      0.616    1427.50    1427.51  0.000e+00
       9635     23.500     3.0866     3.0893     0.0027    0.76339    0.76342          1     9.2574     9.1055      98.61     0.5176     0.3005  1.000e-12  0.1488000     7.4343     7.4339    -0.0004     5.9261     5.9258     23.282     23.795      0.523    1427.51    1427.52  0.000e+00
       9662     24.000     3.0888     3.0877    -0.0011    0.76347    0.76340          1     9.2575     9.1153      98.61     0.5638     0.3039  1.000e-12  0.1351000     7.4345     7.4340    -0.0005     5.9263     5.9259     23.778     24.302      0.429    1427.53    1427.52  0.000e+00
       9690     24.500     3.0866     3.0876     0.0010    0.76344    0.76342          1     9.2487     9.1051      98.61     0.5530     0.2357  1.000e-12  0.1320000     7.4346     7.4341    -0.0005     5.9264     5.9260     24.273     24.808      0.481    1427.53    1427.53  0.000e+00
       9712     25.000     3.0814     3.0821     0.0008    0.76334    0.76333          1     9.2434     9.1118      98.61     0.5533     0.2265  1.000e-12  0.1429000     7.4348     7.4344    -0.0004     5.9266     5.9263     24.768     25.314      0.588    1427.51    1427.51  0.000e+00
       9731     25.500     3.0760     3.0772     0.0011    0.76326    0.76324          1     9.2305     9.0952      98.61     0.5120     0.2392  1.000e-12  0.1369000     7.4350     7.4346    -0.0004     5.9268     5.9265     25.264     25.821      0.624    1427.49    1427.50  0.000e+00
       9751     26.000     3.0701     3.0713     0.0013    0.76314    0.76313          1     9.2244     9.0630      98.61     0.4990     0.2595  1.000e-12  0.1325000     7.4351     7.4347    -0.0004     5.9270     5.9266     25.759     26.327      0.574    1427.47    1427.48  0.000e+00
       9774     26.500     3.0477     3.0516     0.0039    0.76268    0.76272          1     9.2263     9.0399      98.61     0.4824     0.2242  1.000e-12  0.1303000     7.4354     7.4349    -0.0005     5.9274     5.9269     26.254     26.833      0.472    1427.38    1427.40  0.000e+00
       9802     27.000     3.0448     3.0448    -0.0000    0.76264    0.76260          1     9.2057     9.0380      98.61     0.4754     0.2600  1.000e-12  0.1314000     7.4356     7.4351    -0.0004     5.9276     5.9273     26.750     27.339      0.447    1427.37    1427.37  0.000e+00
       9826     27.500     3.0304     3.0319     0.0014    0.76234    0.76233          1     9.1803     9.0323      98.61     0.4814     0.2203  1.000e-12  0.1303000     7.4357     7.4353    -0.0004     5.9279     5.9275     27.245     27.846      0.546    1427.32    1427.32  0.000e+00
