ctdpy/exports/archive_20191121_122431/received_data/SBE09_1044_20180420_1146_34_07_0024.cnv
* Sea-Bird SBE 9 Data File:
* FileName = C:\ctd\temp\2018\AU18D024.hex
* Software Version Seasave V 7.26.6.26
* Temperature SN = 5351
* Conductivity SN = 3941
* Number of Bytes Per Scan = 41
* Number of Voltage Words = 4
* Number of Scans Averaged by the Deck Unit = 1
* NMEA Latitude = 55 37.03 N
* NMEA Longitude = 014 52.05 E
* NMEA UTC (Time) = Apr 20 2018  11:46:29
* NMEA baud rate = 4800
** Station:  Hanobukten
** Operator:  A-KTh
** Ship: AURA
** Average sound velocity: 1435.91 m/s
** True-depth calculation Fri, 20 Apr 2018 12:37:39 +0000
** CTD Python Module SMHI /ver 3-12/ feb 2012 
** LIMS Job: 20183407-0024
** Cruise: SMHI-01-2018
** Latitude [GG MM.mm N] :
** Longitude [GG MM.mm E]:
# nquan = 26
# nvalues = 151                         
# units = specified
# name 0 = scan: Scan Count
# name 1 = prDM: Pressure, Digiquartz [db]
# name 2 = t090C: Temperature [ITS-90, deg C]
# name 3 = t190C: Temperature, 2 [ITS-90, deg C]
# name 4 = T2-T190C: Temperature Difference, 2 - 1 [ITS-90, deg C]
# name 5 = c0S/m: Conductivity [S/m]
# name 6 = c1S/m: Conductivity, 2 [S/m]
# name 7 = pumps: Pump Status
# name 8 = sbeox0ML/L: Oxygen, SBE 43 [ml/l]
# name 9 = sbeox1ML/L: Oxygen, SBE 43, 2 [ml/l]
# name 10 = altM: Altimeter [m]
# name 11 = flECO-AFL: Chl-a Fluorescence, WET Labs ECO-AFL/FL [mg/m^3]
# name 12 = flECO-AFL1: Phycocyanin Fluorescence, WET Labs ECO-AFL/FL, 2 [mg/m^3]
# name 13 = par: PAR/Irradiance, Biospherical/Lico [µE/(cm^2*s)]
# name 14 = turbWETntu0: Turbidity, WET Labs ECO [NTU]
# name 15 = sal00: Salinity, Practical [PSU]
# name 16 = sal11: Salinity, Practical, 2 [PSU]
# name 17 = secS-priS: Salinity, Practical, Difference, 2 - 1 [PSU]
# name 18 = sigma-t00: Density [sigma-t, Kg/m^3 ]
# name 19 = sigma-t11: Density, 2 [sigma-t, Kg/m^3 ]
# name 20 = depSM: Depth [salt water, m], lat = 55.6172
# name 21 = depFM: Depth [true depth, m], lat = 55.6172
# name 22 = dz/dtM: Descent Rate [m/s], WS = 2
# name 23 = svCM: Sound Velocity [Chen-Millero, m/s]
# name 24 = svCM1: Sound Velocity, 2 [Chen-Millero, m/s]
# name 25 = flag: flag
# span 0 =       8112,      12385       
# span 1 =      1.000,     76.000       
# span 2 =     2.5436,     7.6257       
# span 3 =     2.5401,     7.6259       
# span 4 =    -0.0443,     0.0521       
# span 5 =   0.764854,   1.733223       
# span 6 =   0.764899,   1.733233       
# span 7 =          1,          1       
# span 8 =    0.45429,   11.01789       
# span 9 =    0.39181,   10.83353       
# span 10 =       1.42,      98.36      
# span 11 =     0.3337,    15.5399      
# span 12 =     0.1983,     3.1669      
# span 13 = 1.0000e-12, 7.1316e+02      
# span 14 =     0.2289,     1.1147      
# span 15 =     7.4205,    16.0062      
# span 16 =     7.4199,    16.0059      
# span 17 =    -0.0304,     0.0034      
# span 18 =     5.8835,    12.4944      
# span 19 =     5.8828,    12.4941      
# span 20 =      0.991,     75.297      
# span 21 =      1.013,     76.839      
# span 22 =     -0.012,      0.604      
# span 23 =    1425.94,    1458.19      
# span 24 =    1425.94,    1458.18      
# span 25 = 0.0000e+00, 0.0000e+00      
# interval = decibars: 0.5              
# start_time = Apr 20 2018 11:46:30 [NMEA time, first data scan]
# bad_flag = -9.990e-29
*END*
[from data line 56]
      10085     29.000     2.8814     2.8830     0.0017    0.76564    0.76566          1     9.3179     9.1527      49.76     0.9121     0.3651  1.000e-12  0.2991000     7.5049     7.5047    -0.0002     5.9843     5.9842     28.735     29.364      0.534    1426.74    1426.75  0.000e+00
      10108     29.500     2.8277     2.8314     0.0037    0.76485    0.76490          1     9.2502     9.0791      58.51     0.9834     0.3663  1.000e-12  0.3205000     7.5091     7.5087    -0.0004     5.9881     5.9877     29.230     29.870      0.503    1426.51    1426.52  0.000e+00
      10132     30.000     2.8184     2.8195     0.0011    0.76505    0.76504          1     9.2101     9.0220      97.31     1.1710     0.3392  1.000e-12  0.3267000     7.5133     7.5129    -0.0004     5.9915     5.9912     29.726     30.376      0.499    1426.48    1426.48  0.000e+00
      10156     30.500     2.8183     2.8195     0.0012    0.76516    0.76513          1     9.2073     9.0055      97.63     1.1691     0.3893  1.000e-12  0.2958000     7.5143     7.5138    -0.0005     5.9923     5.9919     30.221     30.882      0.528    1426.49    1426.49  0.000e+00
      10178     31.000     2.8257     2.8275     0.0018    0.76587    0.76584          1     9.2318     9.0294      58.27     1.1034     0.3802  1.000e-12  0.3266000     7.5200     7.5194    -0.0007     5.9968     5.9963     30.717     31.389      0.562    1426.53    1426.54  0.000e+00
      10199     31.500     2.8603     2.8612     0.0009    0.76735    0.76732          1     9.2614     9.0455      47.26     1.0545     0.3470  1.000e-12  0.3159000     7.5274     7.5269    -0.0005     6.0025     6.0021     31.212     31.895      0.568    1426.71    1426.72  0.000e+00
      10220     32.000     2.8940     2.8969     0.0029    0.76886    0.76884          1     9.2820     9.0683      47.74     1.1240     0.3425  1.000e-12  0.3112000     7.5354     7.5344    -0.0010     6.0086     6.0078     31.707     32.401      0.538    1426.89    1426.90  0.000e+00
      10244     32.500     2.9108     2.9125     0.0017    0.76970    0.76969          1     9.2744     9.0640      97.87     1.1579     0.4102  1.000e-12  0.3446000     7.5402     7.5396    -0.0006     6.0123     6.0118     32.203     32.907      0.497    1426.98    1426.99  0.000e+00
      10268     33.000     2.8839     2.8859     0.0020    0.76929    0.76929          1     9.2434     9.0475      80.93     1.1019     0.3663  1.000e-12  0.3180000     7.5421     7.5416    -0.0004     6.0140     6.0136     32.698     33.413      0.493    1426.87    1426.87  0.000e+00
      10292     33.500     2.8175     2.8178     0.0003    0.76808    0.76806          1     9.2166     9.0226      57.07     1.1984     0.3386  1.000e-12  0.3476000     7.5449     7.5446    -0.0003     6.0168     6.0166     33.194     33.920      0.526    1426.57    1426.57  0.000e+00
      10314     34.000     2.7829     2.7842     0.0013    0.76768    0.76767          1     9.1849     8.9817      63.40     1.2028     0.4060  1.000e-12  0.3558000     7.5488     7.5483    -0.0004     6.0201     6.0197     33.689     34.426      0.554    1426.42    1426.43  0.000e+00
      10335     34.500     2.7821     2.7836     0.0015    0.76783    0.76781          1     9.1766     8.9607      44.14     1.1037     0.3666  1.000e-12  0.3152000     7.5505     7.5499    -0.0006     6.0215     6.0210     34.184     34.932      0.559    1426.43    1426.44  0.000e+00
      10357     35.000     2.7796     2.7810     0.0013    0.76801    0.76799          1     9.1830     8.9812      43.75     1.1305     0.3235  1.000e-12  0.2926000     7.5529     7.5524    -0.0006     6.0234     6.0230     34.680     35.438      0.547    1426.43    1426.43  0.000e+00
      10379     35.500     2.7799     2.7811     0.0012    0.76826    0.76824          1     9.1935     8.9969      43.04     1.0426     0.3231  1.000e-12  0.3024000     7.5554     7.5549    -0.0005     6.0254     6.0250     35.175     35.945      0.526    1426.44    1426.45  0.000e+00
      10403     36.000     2.7799     2.7811     0.0013    0.76838    0.76836          1     9.1934     8.9960      42.48     1.0185     0.3225  1.000e-12  0.3141000     7.5566     7.5561    -0.0004     6.0263     6.0260     35.670     36.451      0.505    1426.45    1426.46  0.000e+00
      10427     36.500     2.7801     2.7815     0.0013    0.76845    0.76844          1     9.1760     8.9987      41.91     0.9096     0.3226  1.000e-12  0.3315000     7.5573     7.5568    -0.0005     6.0269     6.0265     36.166     36.957      0.509    1426.46    1426.46  0.000e+00
      10450     37.000     2.7779     2.7793     0.0014    0.76849    0.76848          1     9.2114     9.0379      41.47     0.9158     0.3235  1.000e-12  0.3239000     7.5581     7.5577    -0.0005     6.0276     6.0272     36.661     37.463      0.537    1426.46    1426.46  0.000e+00
      10472     37.500     2.7984     2.7986     0.0001    0.76916    0.76908          1     9.2125     9.0250      70.74     0.9637     0.2630  1.000e-12  0.3146000     7.5603     7.5594    -0.0009     6.0292     6.0285     37.157     37.969      0.555    1426.56    1426.56  0.000e+00
      10493     38.000     2.8732     2.8738     0.0006    0.77121    0.77117          1     9.2027     9.0021      83.26     1.0760     0.3083  1.000e-12  0.3070000     7.5642     7.5635    -0.0007     6.0318     6.0312     37.652     38.476      0.553    1426.92    1426.93  0.000e+00
      10515     38.500     2.8598     2.8612     0.0013    0.77107    0.77107          1     9.2167     9.0119      40.32     1.2079     0.3517  1.000e-12  0.3177000     7.5657     7.5655    -0.0003     6.0331     6.0329     38.147     38.982      0.540    1426.87    1426.88  0.000e+00
      10538     39.000     2.8520     2.8531     0.0011    0.77117    0.77113          1     9.2159     9.0116      39.93     1.2282     0.3480  1.000e-12  0.3435000     7.5686     7.5679    -0.0007     6.0354     6.0348     38.643     39.488      0.523    1426.85    1426.85  0.000e+00
      10561     39.500     2.8636     2.8655     0.0019    0.77157    0.77158          1     9.2210     9.0184      39.45     1.0489     0.3559  1.000e-12  0.3138000     7.5700     7.5696    -0.0004     6.0365     6.0361     39.138     39.994      0.509    1426.91    1426.92  0.000e+00
      10585     40.000     2.8485     2.8497     0.0012    0.77130    0.77128          1     9.2151     9.0279      38.93     1.2392     0.3802  1.000e-12  0.4408000     7.5706     7.5701    -0.0005     6.0371     6.0367     39.633     40.500      0.513    1426.85    1426.85  0.000e+00
      10608     40.500     2.8480     2.8493     0.0013    0.77140    0.77138          1     9.2008     9.0307      38.53     1.1156     0.3662  1.000e-12  0.2731000     7.5717     7.5712    -0.0005     6.0379     6.0375     40.129     41.007      0.534    1426.86    1426.86  0.000e+00
      10630     41.000     2.8180     2.8197     0.0017    0.77071    0.77072          1     9.1866     9.0263      38.07     1.1473     0.3803  1.000e-12  0.3100000     7.5714     7.5711    -0.0003     6.0379     6.0377     40.624     41.513      0.552    1426.72    1426.73  0.000e+00
      10651     41.500     2.7988     2.8001     0.0012    0.77045    0.77044          1     9.1869     9.0307      37.62     1.1948     0.3731  1.000e-12  0.4303000     7.5732     7.5728    -0.0004     6.0395     6.0392     41.120     42.019      0.547    1426.65    1426.65  0.000e+00
      10674     42.000     2.7753     2.7762     0.0008    0.77016    0.77014          1     9.1932     9.0266      37.22     1.1535     0.3939  1.000e-12  0.4303000     7.5757     7.5752    -0.0005     6.0416     6.0412     41.615     42.525      0.522    1426.55    1426.55  0.000e+00
      10697     42.500     2.7867     2.7878     0.0011    0.77064    0.77061          1     9.1892     9.0155      36.61     1.0821     0.4312  1.000e-12  0.3633000     7.5779     7.5773    -0.0005     6.0433     6.0429     42.110     43.032      0.498    1426.61    1426.62  0.000e+00
      10722     43.000     2.7910     2.7925     0.0015    0.77088    0.77085          1     9.1772     9.0058      69.44     1.1142     0.4273  1.000e-12  0.3429000     7.5793     7.5787    -0.0006     6.0444     6.0439     42.606     43.538      0.498    1426.64    1426.65  0.000e+00
      10745     43.500     2.7854     2.7868     0.0014    0.77096    0.77094          1     9.1697     8.9720      98.36     1.2516     0.3935  1.000e-12  0.3959000     7.5814     7.5809    -0.0005     6.0461     6.0457     43.101     44.044      0.516    1426.63    1426.63  0.000e+00
      10768     44.000     2.7793     2.7808     0.0015    0.77103    0.77101          1     9.1598     8.9441      89.53     1.3271     0.3797  1.000e-12  0.4417000     7.5836     7.5831    -0.0005     6.0479     6.0475     43.596     44.550      0.534    1426.61    1426.61  0.000e+00
      10790     44.500     2.7693     2.7708     0.0015    0.77119    0.77117          1     9.1442     8.9420      34.69     1.2502     0.3517  1.000e-12  0.3497000     7.5876     7.5870    -0.0006     6.0512     6.0507     44.092     45.056      0.536    1426.57    1426.58  0.000e+00
      10813     45.000     2.7511     2.7529     0.0018    0.77112    0.77111          1     9.1294     8.9476      33.95     1.2142     0.3888  1.000e-12  0.3831000     7.5911     7.5906    -0.0004     6.0540     6.0537     44.587     45.563      0.521    1426.50    1426.51  0.000e+00
      10837     45.500     2.7248     2.7269     0.0021    0.77077    0.77077          1     9.1306     8.9559      33.51     1.2026     0.3742  1.000e-12  0.3721000     7.5936     7.5931    -0.0005     6.0562     6.0558     45.083     46.069      0.494    1426.39    1426.40  0.000e+00
      10861     46.000     2.7062     2.7080     0.0018    0.77099    0.77096          1     9.1268     8.9545      33.03     1.2015     0.3955  1.000e-12  0.5609000     7.6002     7.5995    -0.0008     6.0616     6.0610     45.578     46.575      0.487    1426.32    1426.33  0.000e+00
      10886     46.500     2.6918     2.6932     0.0014    0.77109    0.77108          1     9.1157     8.9524      32.59     1.3612     0.3931  1.000e-12  0.3983000     7.6047     7.6042    -0.0005     6.0652     6.0649     46.073     47.081      0.507    1426.27    1426.27  0.000e+00
      10909     47.000     2.6823     2.6837     0.0014    0.77119    0.77117          1     9.1093     8.9407      31.88     1.2336     0.4089  1.000e-12  0.3619000     7.6079     7.6074    -0.0005     6.0679     6.0674     46.569     47.587      0.525    1426.24    1426.24  0.000e+00
      10932     47.500     2.6708     2.6725     0.0017    0.77124    0.77123          1     9.1003     8.9313      31.37     1.1574     0.3984  1.000e-12  0.3584000     7.6111     7.6106    -0.0005     6.0705     6.0701     47.064     48.094      0.519    1426.20    1426.20  0.000e+00
      10955     48.000     2.6635     2.6654     0.0019    0.77175    0.77176          1     9.0857     8.9220      30.85     1.1827     0.3267  1.000e-12  0.3550000     7.6182     7.6178    -0.0004     6.0762     6.0759     47.559     48.600      0.503    1426.18    1426.19  0.000e+00
      10979     48.500     2.6575     2.6550    -0.0025    0.77327    0.77353          1     9.0775     8.9107      30.24     1.2131     0.3456  1.000e-12  0.3935000     7.6356     7.6390     0.0034     6.0902     6.0929     48.055     49.106      0.493    1426.18    1426.17  0.000e+00
      11004     49.000     2.6483     2.6498     0.0015    0.77387    0.77385          1     9.0689     8.9074      29.69     1.2806     0.4164  1.000e-12  0.4097000     7.6442     7.6436    -0.0005     6.0970     6.0966     48.550     49.612      0.503    1426.16    1426.16  0.000e+00
      11027     49.500     2.6463     2.6481     0.0018    0.77389    0.77386          1     9.0710     8.9191      29.17     1.3570     0.5002  1.000e-12  0.4118000     7.6448     7.6440    -0.0007     6.0975     6.0969     49.045     50.118      0.516    1426.16    1426.16  0.000e+00
      11050     50.000     2.6459     2.6462     0.0003    0.77396    0.77389          1     9.0652     8.9224      28.68     1.3352     0.4024  1.000e-12  0.4477000     7.6455     7.6447    -0.0008     6.0981     6.0974     49.541     50.625      0.527    1426.16    1426.17  0.000e+00
      11073     50.500     2.6443     2.6442    -0.0000    0.77395    0.77398          1     9.0526     8.9018      28.13     1.2828     0.3721  1.000e-12  0.4099000     7.6457     7.6460     0.0003     6.0982     6.0985     50.036     51.131      0.532    1426.16    1426.16  0.000e+00
      11095     51.000     2.6235     2.6226    -0.0009    0.77471    0.77477          1     9.0245     8.8416      27.61     1.1141     0.3670  1.000e-12  0.4751000     7.6588     7.6595     0.0008     6.1088     6.1094     50.531     51.637      0.524    1426.09    1426.09  0.000e+00
      11119     51.500     2.5819     2.5825     0.0006    0.77675    0.77663          1     8.9620     8.7574      27.10     1.2254     0.3812  1.000e-12  0.3850000     7.6904     7.6890    -0.0014     6.1342     6.1330     51.027     52.143      0.512    1425.95    1425.95  0.000e+00
      11142     52.000     2.5483     2.5499     0.0015    0.78569    0.78540          1     8.8392     8.6330      26.59     1.2259     0.4131  1.000e-12  0.3785000     7.7936     7.7901    -0.0035     6.2168     6.2140     51.522     52.649      0.506    1425.94    1425.94  0.000e+00
      11166     52.500     2.5578     2.5589     0.0011    0.80133    0.80095          1     8.6733     8.4640      26.02     1.2591     0.4325  1.000e-12  0.4787000     7.9580     7.9536    -0.0043     6.3481     6.3446     52.017     53.155      0.512    1426.20    1426.20  0.000e+00
      11189     53.000     2.5467     2.5496     0.0029    0.82054    0.81966          1     8.5382     8.3354      25.49     1.1719     0.4064  1.000e-12  0.4985000     8.1660     8.1558    -0.0102     6.5144     6.5063     52.513     53.661      0.520    1426.43    1426.43  0.000e+00
      11212     53.500     2.5436     2.5401    -0.0036    0.85047    0.84995          1     8.4278     8.2327      24.96     1.4052     0.3841  1.000e-12  0.5825000     8.4872     8.4826    -0.0046     6.7710     6.7674     53.008     54.167      0.528    1426.84    1426.82  0.000e+00
      11235     54.000     2.5888     2.5873    -0.0015    0.85781    0.85753          1     8.2940     8.1020      24.43     1.5297     0.4383  1.000e-12  0.6524000     8.5538     8.5512    -0.0026     6.8240     6.8219     53.503     54.673      0.526    1427.15    1427.13  0.000e+00
      11258     54.500     2.6252     2.6244    -0.0008    0.86692    0.86654          1     8.0374     7.8377      23.90     1.4469     0.4157  1.000e-12  0.7464000     8.6417     8.6377    -0.0039     6.8938     6.8907     53.999     55.179      0.515    1427.44    1427.43  0.000e+00
      11281     55.000     2.6639     2.6638    -0.0001    0.88620    0.88569          1     7.8051     7.5573      23.37     1.3698     0.4552  1.000e-12  0.7963000     8.8378     8.8323    -0.0055     7.0501     7.0457     54.494     55.685      0.514    1427.88    1427.87  0.000e+00
      11304     55.500     2.8114     2.8056    -0.0059    0.92600    0.92407          1     7.8472     7.4704      22.86     1.4096     0.4349  1.000e-12  0.6730000     9.2226     9.2035    -0.0190     7.3555     7.3404     54.989     56.190      0.524    1429.07    1429.02  0.000e+00
      11327     56.000     3.4366     3.4144    -0.0223    1.03889    1.03534          1     7.1319     6.5678      22.34     1.4665     0.3981  1.000e-12  0.6745000    10.2366    10.2062    -0.0304     8.1507     8.1271     55.485     56.696      0.526    1433.24    1433.10  0.000e+00
