ctdpy/exports/archive_20191121_122431/received_data/SBE09_1044_20180319_2217_34_02_0072.cnv
* Sea-Bird SBE 9 Data File:
* FileName = C:\ctd\temp\2018\ME18D072.hex
* Software Version Seasave V 7.26.6.26
* Temperature SN = 5351
* Conductivity SN = 3941
* Number of Bytes Per Scan = 41
* Number of Voltage Words = 4
* Number of Scans Averaged by the Deck Unit = 1
* NMEA Latitude = 58 20.37 N
* NMEA Longitude = 011 01.65 E
* NMEA UTC (Time) = Mar 19 2018  22:17:19
* NMEA baud rate = 4800
** Station:  Å13
** Operator:  A-KTh
** Ship: MERI
** Average sound velocity: 1472.22 m/s
** True-depth calculation Mon, 19 Mar 2018 22:55:50 +0000
** CTD Python Module SMHI /ver 3-12/ feb 2012 
** LIMS Job: 20183402-0072
** Cruise: SMHI-02-2018
** Latitude [GG MM.mm N] :
** Longitude [GG MM.mm E]:
# nquan = 26
# nvalues = 198                         
# units = specified
# name 0 = scan: Scan Count
# name 1 = prDM: Pressure, Digiquartz [db]
# name 2 = t090C: Temperature [ITS-90, deg C]
# name 3 = t190C: Temperature, 2 [ITS-90, deg C]
# name 4 = T2-T190C: Temperature Difference, 2 - 1 [ITS-90, deg C]
# name 5 = c0S/m: Conductivity [S/m]
# name 6 = c1S/m: Conductivity, 2 [S/m]
# name 7 = pumps: Pump Status
# name 8 = sbeox0ML/L: Oxygen, SBE 43 [ml/l]
# name 9 = sbeox1ML/L: Oxygen, SBE 43, 2 [ml/l]
# name 10 = altM: Altimeter [m]
# name 11 = flECO-AFL: Chl-a Fluorescence, WET Labs ECO-AFL/FL [mg/m^3]
# name 12 = flECO-AFL1: Phycocyanin Fluorescence, WET Labs ECO-AFL/FL, 2 [mg/m^3]
# name 13 = par: PAR/Irradiance, Biospherical/Lico [µE/(cm^2*s)]
# name 14 = turbWETntu0: Turbidity, WET Labs ECO [NTU]
# name 15 = sal00: Salinity, Practical [PSU]
# name 16 = sal11: Salinity, Practical, 2 [PSU]
# name 17 = secS-priS: Salinity, Practical, Difference, 2 - 1 [PSU]
# name 18 = sigma-t00: Density [sigma-t, Kg/m^3 ]
# name 19 = sigma-t11: Density, 2 [sigma-t, Kg/m^3 ]
# name 20 = depSM: Depth [salt water, m], lat = 58.3395
# name 21 = depFM: Depth [true depth, m], lat = 58.3395
# name 22 = dz/dtM: Descent Rate [m/s], WS = 2
# name 23 = svCM: Sound Velocity [Chen-Millero, m/s]
# name 24 = svCM1: Sound Velocity, 2 [Chen-Millero, m/s]
# name 25 = flag: flag
# span 0 =       4210,       9063       
# span 1 =      1.000,     99.500       
# span 2 =    -0.0282,     7.2488       
# span 3 =    -0.0276,     7.2488       
# span 4 =    -0.0292,     0.0112       
# span 5 =   2.137106,   3.554586       
# span 6 =   2.136986,   3.554616       
# span 7 =          1,          1       
# span 8 =    5.64260,    9.18743       
# span 9 =    5.66587,    9.23090       
# span 10 =       2.55,      98.84      
# span 11 =     0.0206,    22.5444      
# span 12 =     0.1822,     3.1408      
# span 13 = -2.006e-06, 3.6088e-01      
# span 14 =     0.4106,     2.4183      
# span 15 =    25.0218,    35.0268      
# span 16 =    25.0198,    35.0272      
# span 17 =    -0.0422,     0.0295      
# span 18 =    20.0594,    27.4343      
# span 19 =    20.0578,    27.4345      
# span 20 =      0.991,     98.551      
# span 21 =      0.999,     98.759      
# span 22 =     -0.031,      0.743      
# span 23 =    1435.71,    1480.53      
# span 24 =    1435.71,    1480.53      
# span 25 = 0.0000e+00, 0.0000e+00      
# interval = decibars: 0.5              
# start_time = Mar 19 2018 22:17:20 [NMEA time, first data scan]
# bad_flag = -9.990e-29
*END*
[from data line 168]
       8255     85.000     6.9300     6.9307     0.0006    3.52651    3.52662          1     5.6604     5.6750      11.18     0.0633     0.2027  1.000e-12  1.3502000    35.0069    35.0074     0.0005    27.4340    27.4343     84.193     84.385      0.513    1479.79    1479.79  0.000e+00
       8281     85.500     6.9300     6.9308     0.0008    3.52655    3.52665          1     5.6540     5.6806      10.07     0.0717     0.2139  1.000e-12  1.3444000    35.0070    35.0074     0.0003    27.4341    27.4343     84.688     84.880      0.418    1479.80    1479.80  0.000e+00
       8312     86.000     6.9309     6.9310     0.0001    3.52666    3.52671          1     5.6583     5.6807      10.38     0.0665     0.2270  1.000e-12  1.3311000    35.0071    35.0075     0.0004    27.4341    27.4344     85.183     85.376      0.393    1479.81    1479.81  0.000e+00
       8341     86.500     6.9304     6.9316     0.0012    3.52664    3.52679          1     5.6615     5.6763      11.02     0.0751     0.2278  1.000e-12  1.3174000    35.0071    35.0076     0.0005    27.4341    27.4344     85.678     85.872      0.423    1479.82    1479.82  0.000e+00
       8368     87.000     6.9304     6.9307     0.0003    3.52666    3.52671          1     5.6594     5.6708      10.61     0.0880     0.2248  1.000e-12  1.2747000    35.0071    35.0073     0.0002    27.4341    27.4342     86.173     86.367      0.499    1479.83    1479.83  0.000e+00
       8390     87.500     6.9304     6.9307     0.0003    3.52666    3.52672          1     5.6627     5.6734       9.13     0.0719     0.2598  1.000e-12  1.3555000    35.0069    35.0073     0.0005    27.4340    27.4343     86.668     86.863      0.586    1479.83    1479.84  0.000e+00
       8409     88.000     6.9304     6.9310     0.0006    3.52669    3.52677          1     5.6636     5.6743       8.87     0.0661     0.2182  1.000e-12  1.3697000    35.0070    35.0072     0.0002    27.4340    27.4341     87.164     87.359      0.621    1479.84    1479.84  0.000e+00
       8429     88.500     6.9304     6.9307     0.0003    3.52671    3.52677          1     5.6595     5.6756       8.69     0.0603     0.1822  1.000e-12  1.3614000    35.0070    35.0073     0.0003    27.4340    27.4342     87.659     87.854      0.569    1479.85    1479.85  0.000e+00
       8453     89.000     6.9307     6.9315     0.0008    3.52678    3.52688          1     5.6494     5.6742       8.33     0.0473     0.2553  1.000e-12  1.3648000    35.0071    35.0075     0.0003    27.4341    27.4343     88.154     88.350      0.430    1479.86    1479.86  0.000e+00
       8488     89.500     6.9318     6.9322     0.0003    3.52694    3.52699          1     5.6426     5.6706       8.15     0.0705     0.2551  1.000e-12  1.2918000    35.0075    35.0077     0.0002    27.4342    27.4344     88.649     88.846      0.314    1479.87    1479.87  0.000e+00
       8524     90.000     6.9329     6.9334     0.0005    3.52707    3.52715          1     5.6537     5.6659       7.99     0.0869     0.2204  1.000e-12  1.3481000    35.0076    35.0080     0.0005    27.4341    27.4344     89.144     89.341      0.424    1479.88    1479.89  0.000e+00
       8548     90.500     6.9333     6.9352     0.0019    3.52713    3.52736          1     5.6580     5.6677       7.98     0.0781     0.2370  1.000e-12  1.2549000    35.0076    35.0081     0.0005    27.4341    27.4343     89.639     89.837      0.572    1479.89    1479.90  0.000e+00
       8567     91.000     6.9319     6.9324     0.0005    3.52699    3.52708          1     5.6562     5.6741       7.89     0.0771     0.2312  1.000e-12  1.3178000    35.0073    35.0077     0.0005    27.4340    27.4343     90.134     90.333      0.638    1479.90    1479.90  0.000e+00
       8585     91.500     6.9313     6.9321     0.0007    3.52695    3.52705          1     5.6580     5.6777       7.65     0.0771     0.2146  1.000e-12  1.3573000    35.0071    35.0074     0.0003    27.4340    27.4342     90.629     90.828      0.608    1479.90    1479.91  0.000e+00
       8607     92.000     6.9320     6.9323     0.0004    3.52705    3.52711          1     5.6627     5.6781       7.36     0.0757     0.1827  1.000e-12  1.3631000    35.0073    35.0076     0.0003    27.4341    27.4342     91.125     91.324      0.481    1479.91    1479.92  0.000e+00
       8639     92.500     6.9317     6.9316    -0.0001    3.52704    3.52705          1     5.6669     5.6799       6.99     0.0666     0.2527  1.000e-12  1.3305000    35.0072    35.0074     0.0002    27.4340    27.4342     91.620     91.820      0.342    1479.92    1479.92  0.000e+00
       8673     93.000     6.9304     6.9303    -0.0000    3.52689    3.52692          1     5.6645     5.6832       6.67     0.0648     0.2334  1.000e-12  1.3508000    35.0067    35.0071     0.0004    27.4338    27.4341     92.115     92.315      0.421    1479.92    1479.92  0.000e+00
       8698     93.500     6.9302     6.9305     0.0003    3.52690    3.52695          1     5.6685     5.6792       6.43     0.0649     0.2268  1.000e-12  1.3462000    35.0066    35.0069     0.0003    27.4338    27.4340     92.610     92.811      0.517    1479.93    1479.93  0.000e+00
       8720     94.000     6.9304     6.9304     0.0001    3.52693    3.52697          1     5.6685     5.6756       6.16     0.0735     0.2279  1.000e-12  1.2913000    35.0067    35.0070     0.0003    27.4338    27.4340     93.105     93.307      0.499    1479.94    1479.94  0.000e+00
       8747     94.500     6.9301     6.9302     0.0001    3.52694    3.52697          1     5.6646     5.6707       5.93     0.0858     0.2265  1.000e-12  1.2651000    35.0067    35.0070     0.0002    27.4339    27.4340     93.600     93.802      0.427    1479.95    1479.95  0.000e+00
       8776     95.000     6.9301     6.9303     0.0002    3.52695    3.52700          1     5.6669     5.6729       5.64     0.1285     0.2163  1.000e-12  1.2814000    35.0067    35.0070     0.0004    27.4338    27.4341     94.095     94.298      0.436    1479.95    1479.96  0.000e+00
       8801     95.500     6.9302     6.9305     0.0003    3.52698    3.52704          1     5.6619     5.6779       5.43     0.0856     0.2320  1.000e-12  1.3164000    35.0066    35.0070     0.0004    27.4337    27.4340     94.590     94.794      0.499    1479.96    1479.96  0.000e+00
       8824     96.000     6.9303     6.9306     0.0003    3.52702    3.52707          1     5.6640     5.6760       5.15     0.0695     0.2298  1.000e-12  1.3687000    35.0067    35.0070     0.0003    27.4338    27.4340     95.086     95.289      0.519    1479.97    1479.97  0.000e+00
       8848     96.500     6.9303     6.9306     0.0003    3.52704    3.52710          1     5.6642     5.6722       4.85     0.0600     0.1858  1.000e-12  1.3526000    35.0066    35.0069     0.0004    27.4337    27.4340     95.581     95.785      0.479    1479.98    1479.98  0.000e+00
       8875     97.000     6.9302     6.9305     0.0004    3.52706    3.52712          1     5.6604     5.6701       4.54     0.0553     0.2171  1.000e-12  1.2899000    35.0067    35.0070     0.0002    27.4339    27.4340     96.076     96.281      0.433    1479.99    1479.99  0.000e+00
       8903     97.500     6.9303     6.9307     0.0003    3.52709    3.52715          1     5.6557     5.6668       4.29     0.0653     0.2122  1.000e-12  1.3337000    35.0067    35.0070     0.0004    27.4338    27.4340     96.571     96.776      0.421    1480.00    1480.00  0.000e+00
       8932     98.000     6.9304     6.9307     0.0003    3.52713    3.52718          1     5.6512     5.6688       4.00     0.0673     0.2053  1.000e-12  1.3092000    35.0068    35.0070     0.0002    27.4338    27.4340     97.066     97.272      0.407    1480.01    1480.01  0.000e+00
       8961     98.500     6.9305     6.9308     0.0003    3.52716    3.52722          1     5.6565     5.6728       3.61     0.0553     0.2074  1.000e-12  1.4093000    35.0067    35.0070     0.0003    27.4338    27.4340     97.561     97.768      0.444    1480.01    1480.02  0.000e+00
       8986     99.000     6.9306     6.9309     0.0003    3.52719    3.52724          1     5.6621     5.6833       3.23     0.0447     0.2554  1.000e-12  1.3383000    35.0067    35.0070     0.0003    27.4337    27.4339     98.056     98.263      0.516    1480.02    1480.02  0.000e+00
       9063     99.500     6.9304     6.9307     0.0003    3.52718    3.52725          1     5.6602     5.6788       2.55     0.0805     0.2285  1.000e-12  1.1563000    35.0066    35.0070     0.0004    27.4337    27.4340     98.551     98.759     -0.031    1480.03    1480.03  0.000e+00
