ctdpy/exports/archive_20191121_122431/received_data/SBE09_1044_20180920_1526_34_01_0034.cnv
* Sea-Bird SBE 9 Data File:
* FileName = C:\ctd\temp\2018\AR18D034.hex
* Software Version Seasave V 7.26.6.26
* Temperature SN = 5351
* Conductivity SN = 3941
* Number of Bytes Per Scan = 41
* Number of Voltage Words = 4
* Number of Scans Averaged by the Deck Unit = 1
* NMEA Latitude = 59 50.79 N
* NMEA Longitude = 024 50.27 E
* NMEA UTC (Time) = Sep 20 2018  15:26:33
* NMEA baud rate = 4800
** Station:  BY23
** Operator:  Obac
** Ship: ARANDA
** Average sound velocity: 1444.51 m/s
** True-depth calculation Thu, 20 Sep 2018 16:11:04 +0000
** CTD Python Module SMHI /ver 3-12/ feb 2012 
** LIMS Job: 20183401-0034
** Cruise: SMHI-02-2018
** Latitude [GG MM.mm N] :
** Longitude [GG MM.mm E]:
# nquan = 26
# nvalues = 191                         
# units = specified
# name 0 = scan: Scan Count
# name 1 = prDM: Pressure, Digiquartz [db]
# name 2 = t090C: Temperature [ITS-90, deg C]
# name 3 = t190C: Temperature, 2 [ITS-90, deg C]
# name 4 = T2-T190C: Temperature Difference, 2 - 1 [ITS-90, deg C]
# name 5 = c0S/m: Conductivity [S/m]
# name 6 = c1S/m: Conductivity, 2 [S/m]
# name 7 = pumps: Pump Status
# name 8 = sbeox0ML/L: Oxygen, SBE 43 [ml/l]
# name 9 = sbeox1ML/L: Oxygen, SBE 43, 2 [ml/l]
# name 10 = altM: Altimeter [m]
# name 11 = flECO-AFL: Chl-a Fluorescence, WET Labs ECO-AFL/FL [mg/m^3]
# name 12 = flECO-AFL1: Phycocyanin Fluorescence, WET Labs ECO-AFL/FL, 2 [mg/m^3]
# name 13 = par: PAR/Irradiance, Biospherical/Lico [µE/(cm^2*s)]
# name 14 = turbWETntu0: Turbidity, WET Labs ECO [NTU]
# name 15 = sal00: Salinity, Practical [PSU]
# name 16 = sal11: Salinity, Practical, 2 [PSU]
# name 17 = secS-priS: Salinity, Practical, Difference, 2 - 1 [PSU]
# name 18 = sigma-t00: Density [sigma-t, Kg/m^3 ]
# name 19 = sigma-t11: Density, 2 [sigma-t, Kg/m^3 ]
# name 20 = depSM: Depth [salt water, m], lat = 59.8465
# name 21 = depFM: Depth [true depth, m], lat = 59.8465
# name 22 = dz/dtM: Descent Rate [m/s], WS = 2
# name 23 = svCM: Sound Velocity [Chen-Millero, m/s]
# name 24 = svCM1: Sound Velocity, 2 [Chen-Millero, m/s]
# name 25 = flag: flag
# span 0 =      37128,      47006       
# span 1 =      2.000,     97.000       
# span 2 =     3.3197,    14.8163       
# span 3 =     3.3238,    14.8179       
# span 4 =    -0.1038,     0.4528       
# span 5 =   0.724511,   0.986804       
# span 6 =   0.725636,   0.986565       
# span 7 =          1,          1       
# span 8 =    0.01220,    6.61849       
# span 9 =    0.07535,   16.46263       
# span 10 =       3.43,      98.45      
# span 11 =     0.3169,     1.7371      
# span 12 =     0.1778,     0.5575      
# span 13 = -8.941e-05, 5.0316e+01      
# span 14 =     0.2385,     2.9162      
# span 15 =     5.9311,     9.2824      
# span 16 =     5.9307,     9.2799      
# span 17 =    -0.0887,     0.0540      
# span 18 =     3.6954,     7.3482      
# span 19 =     3.6948,     7.3462      
# span 20 =      1.981,     96.064      
# span 21 =      2.030,     98.253      
# span 22 =     -0.140,      1.133      
# span 23 =    1428.74,    1472.45      
# span 24 =    1428.76,    1472.48      
# span 25 = 0.0000e+00, 0.0000e+00      
# interval = decibars: 0.5              
# start_time = Sep 20 2018 15:26:33 [NMEA time, first data scan]
# bad_flag = -9.990e-29
*END*
[from data line 56]
      38669     30.000     8.3185     8.4098     0.0926    0.75196    0.75341          1     5.8490     6.2367      74.28     0.5523     0.2794  1.000e-12  0.4075000     6.2619     6.2586    -0.0033     4.7516     4.7415     29.715     30.439      0.801    1448.78    1449.15  0.000e+00
      38683     30.500     8.1051     8.1377     0.0328    0.74837    0.74886          1     5.8155     6.1606      73.82     0.5355     0.2755  1.000e-12  0.4157000     6.2675     6.2661    -0.0014     4.7732     4.7696     30.211     30.946      0.792    1447.92    1448.05  0.000e+00
      38699     31.000     7.7636     7.7702     0.0074    0.74288    0.74288          1     5.8140     6.2942      73.34     0.5170     0.2515  1.000e-12  0.4269000     6.2791     6.2779    -0.0012     4.8088     4.8074     30.706     31.453      0.678    1446.54    1446.57  0.000e+00
      38721     31.500     7.2204     7.2475     0.0269    0.73540    0.73591          1     5.9480     7.4098      72.66     0.5155     0.2304  1.000e-12  0.4049000     6.3090     6.3088    -0.0002     4.8709     4.8689     31.201     31.960      0.444    1444.33    1444.45  0.000e+00
      38757     32.000     6.9134     6.9370     0.0237    0.73330    0.73388          1     5.7535    10.0782      71.81     0.5131     0.3079  1.000e-12  0.4091000     6.3457     6.3468     0.0010     4.9203     4.9195     31.696     32.467      0.363    1443.10    1443.20  0.000e+00
      38783     32.500     6.1227     6.2167     0.0941    0.72451    0.72564          1     5.7370    12.2575      71.37     0.5225     0.2480  1.000e-12  0.4109000     6.4108     6.4038    -0.0070     5.0160     5.0054     32.191     32.973      0.647    1439.82    1440.21  0.000e+00
      38798     33.000     5.6532     5.6561     0.0030    0.72805    0.72841          1     5.8138    14.3983      70.97     0.5044     0.2511  1.000e-12  0.4139000     6.5342     6.5372     0.0029     5.1381     5.1403     32.687     33.480      0.788    1437.97    1437.99  0.000e+00
      38812     33.500     5.5936     5.5962     0.0025    0.73079    0.73073          1     5.8703    14.1692      70.66     0.5193     0.2559  1.000e-12  0.4252000     6.5722     6.5711    -0.0011     5.1708     5.1698     33.182     33.987      0.807    1437.77    1437.78  0.000e+00
      38828     34.000     5.5930     5.5955     0.0025    0.73168    0.73162          1     5.9098    13.1752      70.21     0.5287     0.3225  1.000e-12  0.4319000     6.5808     6.5797    -0.0011     5.1777     5.1767     33.677     34.493      0.732    1437.78    1437.79  0.000e+00
      38846     34.500     5.5969     5.5956    -0.0013    0.73288    0.73295          1     5.9504    13.7216      69.55     0.5987     0.3080  1.000e-12  0.4139000     6.5916     6.5925     0.0009     5.1860     5.1868     34.172     35.000      0.604    1437.82    1437.82  0.000e+00
      38868     35.000     5.5694     5.5663    -0.0031    0.73442    0.73451          1     5.9607    15.4369      68.91     0.6022     0.2948  1.000e-12  0.4096000     6.6118     6.6133     0.0015     5.2032     5.2045     34.668     35.507      0.530    1437.74    1437.72  0.000e+00
      38891     35.500     5.5450     5.5518     0.0071    0.73553    0.73548          1     5.8959    16.4626      68.28     0.6173     0.2910  1.000e-12  0.3943000     6.6273     6.6255    -0.0017     5.2165     5.2148     35.163     36.013      0.539    1437.66    1437.69  0.000e+00
      38913     36.000     5.3446     5.3530     0.0083    0.73493    0.73488          1     5.9026    16.3092      67.68     0.6259     0.2784  1.000e-12  0.4154000     6.6611     6.6590    -0.0022     5.2519     5.2498     35.658     36.520      0.481    1436.83    1436.87  0.000e+00
      38943     36.500     4.9914     4.9931     0.0018    0.73285    0.73288          1     5.8947    14.8443      66.76     0.5883     0.2822  1.000e-12  0.4036000     6.7114     6.7113    -0.0001     5.3059     5.3057     36.153     37.026      0.388    1435.36    1435.37  0.000e+00
      38972     37.000     4.7259     4.7366     0.0106    0.73300    0.73306          1     5.8562    13.0549      65.78     0.5649     0.3566  1.000e-12  0.3727000     6.7668     6.7652    -0.0016     5.3590     5.3574     36.648     37.533      0.484    1434.26    1434.31  0.000e+00
      38994     37.500     4.3743     4.3903     0.0160    0.73680    0.73676          1     5.8006    11.4387      65.38     0.5484     0.4029  1.000e-12  0.3972000     6.8772     6.8735    -0.0037     5.4575     5.4541     37.143     38.039      0.663    1432.85    1432.91  0.000e+00
      39010     38.000     4.1148     4.1213     0.0066    0.74009    0.74008          1     5.7401    10.4483      64.99     0.5356     0.2492  1.000e-12  0.4030000     6.9649     6.9633    -0.0015     5.5341     5.5327     37.639     38.546      0.816    1431.81    1431.83  0.000e+00
      39023     38.500     3.9698     3.9642    -0.0054    0.74059    0.74049          1     5.7198     9.4852      64.91     0.4791     0.2523  1.000e-12  0.3459000     7.0008     7.0010     0.0002     5.5661     5.5664     38.134     39.052      0.904    1431.21    1431.18  0.000e+00
      39036     39.000     3.7258     3.7041    -0.0222    0.73799    0.73771          1     5.7371     8.9185      64.75     0.4680     0.2655  1.000e-12  0.3478000     7.0268     7.0286     0.0018     5.5919     5.5938     38.629     39.559      0.902    1430.15    1430.05  0.000e+00
      39049     39.500     3.5374     3.5304    -0.0068    0.73761    0.73766          1     5.7915     8.4005      64.34     0.3859     0.2620  1.000e-12  0.3528000     7.0637     7.0657     0.0021     5.6246     5.6264     39.124     40.065      0.783    1429.35    1429.32  0.000e+00
      39070     40.000     3.4934     3.4949     0.0016    0.73896    0.73901          1     5.8500     7.6219      63.65     0.3607     0.2523  1.000e-12  0.3220000     7.0871     7.0872     0.0001     5.6440     5.6441     39.619     40.572      0.464    1429.18    1429.19  0.000e+00
      39126     40.500     3.5364     3.9898     0.4528    0.74059    0.74149          1     5.8204     5.8596      62.00     0.3964     0.2020  1.000e-12  0.2877000     7.0944     7.0057    -0.0887     5.6491     5.5691     40.115     41.078      0.372    1429.39    1431.33  0.000e+00
      39150     41.000     3.4676     3.4640    -0.0027    0.74115    0.74111          1     5.8229     5.5986      61.65     0.4243     0.2373  1.000e-12  0.3026000     7.1151     7.1155     0.0003     5.6667     5.6672     40.610     41.585      0.769    1429.12    1429.10  0.000e+00
      39163     41.500     3.4701     3.4751     0.0050    0.74155    0.74149          1     5.8221     5.5513      61.44     0.4231     0.2364  1.000e-12  0.3038000     7.1187     7.1169    -0.0018     5.6696     5.6680     41.105     42.091      0.985    1429.14    1429.16  0.000e+00
      39174     42.000     3.4721     3.4758     0.0038    0.74222    0.74201          1     5.8059     5.5201      61.15     0.3536     0.2364  1.000e-12  0.3092000     7.1251     7.1221    -0.0030     5.6746     5.6722     41.600     42.597      1.105    1429.17    1429.18  0.000e+00
      39184     42.500     3.4716     3.4750     0.0034    0.74285    0.74278          1     5.7838     5.4824      60.89     0.3543     0.2364  1.000e-12  0.3098000     7.1316     7.1301    -0.0015     5.6798     5.6785     42.096     43.104      1.133    1429.18    1429.20  0.000e+00
      39194     43.000     3.4697     3.4712     0.0015    0.74362    0.74355          1     5.7802     5.4549      60.33     0.3591     0.2364  1.000e-12  0.2984000     7.1399     7.1388    -0.0011     5.6865     5.6855     42.591     43.610      1.059    1429.19    1429.20  0.000e+00
      39206     43.500     3.4462     3.4503     0.0039    0.74452    0.74433          1     5.8040     5.4134      59.99     0.3658     0.2495  1.000e-12  0.2931000     7.1542     7.1514    -0.0029     5.6982     5.6959     43.086     44.116      0.828    1429.11    1429.12  0.000e+00
      39243     44.000     3.4679     3.4413    -0.0269    0.74540    0.74558          1     5.8031     5.3202      59.22     0.3692     0.2711  1.000e-12  0.2842000     7.1585     7.1662     0.0077     5.7013     5.7078     43.581     44.623      0.385    1429.22    1429.11  0.000e+00
      39301     44.500     3.4612     3.3571    -0.1038    0.74923    0.75222          1     5.7346     5.1798      58.46     0.3564     0.2064  1.000e-12  0.2728000     7.1995     7.2535     0.0540     5.7340     5.7786     44.076     45.129      0.563    1429.25    1428.85  0.000e+00
      39315     45.000     3.3317     3.3352     0.0035    0.75508    0.75498          1     5.7310     5.1416      58.26     0.3393     0.1952  1.000e-12  0.2711000     7.2888     7.2870    -0.0018     5.8071     5.8056     44.571     45.636      0.867    1428.78    1428.80  0.000e+00
      39327     45.500     3.3197     3.3238     0.0040    0.75531    0.75527          1     5.7226     5.1147      57.89     0.3191     0.1778  1.000e-12  0.2665000     7.2938     7.2925    -0.0013     5.8113     5.8102     45.067     46.142      1.023    1428.74    1428.76  0.000e+00
      39338     46.000     3.3235     3.3265     0.0031    0.75747    0.75744          1     5.7035     5.0874      57.65     0.3169     0.1862  1.000e-12  0.2666000     7.3153     7.3143    -0.0010     5.8284     5.8275     45.562     46.648      1.088    1428.80    1428.81  0.000e+00
      39348     46.500     3.3499     3.3544     0.0044    0.76056    0.76066          1     5.6728     5.0579      57.22     0.3261     0.2240  1.000e-12  0.2761000     7.3413     7.3413    -0.0000     5.8487     5.8486     46.057     47.155      1.071    1428.96    1428.98  0.000e+00
      39360     47.000     3.3622     3.3647     0.0025    0.76219    0.76217          1     5.6224     5.0317      56.63     0.3306     0.2218  1.000e-12  0.2782000     7.3553     7.3545    -0.0008     5.8596     5.8590     46.552     47.661      0.969    1429.04    1429.05  0.000e+00
      39374     47.500     3.3763     3.3791     0.0027    0.76488    0.76470          1     5.5522     5.0053      56.19     0.3303     0.1970  1.000e-12  0.2706000     7.3799     7.3773    -0.0026     5.8791     5.8770     47.047     48.167      0.772    1429.15    1429.15  0.000e+00
      39395     48.000     3.3803     3.3813     0.0009    0.76743    0.76743          1     5.4806     4.9802      55.44     0.3360     0.2175  1.000e-12  0.2676000     7.4054     7.4050    -0.0003     5.8993     5.8990     47.542     48.673      0.430    1429.20    1429.21  0.000e+00
      39456     48.500     3.3856     3.3786    -0.0069    0.76458    0.76849          1     5.5160     4.9018      53.50     0.3610     0.2327  1.000e-12  0.2385000     7.3746     7.4167     0.0421     5.8747     5.9083     48.038     49.180      0.400    1429.20    1429.22  0.000e+00
      39477     49.000     3.3778     3.3805     0.0026    0.77116    0.77096          1     5.4531     4.8510      53.21     0.3561     0.2366  1.000e-12  0.2651000     7.4444     7.4418    -0.0027     5.9304     5.9283     48.533     49.686      0.797    1429.26    1429.27  0.000e+00
      39490     49.500     3.3853     3.3863     0.0011    0.77146    0.77140          1     5.4129     4.8278      52.84     0.3570     0.2364  1.000e-12  0.2832000     7.4457     7.4448    -0.0009     5.9313     5.9306     49.028     50.192      0.986    1429.30    1429.31  0.000e+00
      39501     50.000     3.3826     3.3842     0.0016    0.77156    0.77151          1     5.3907     4.8010      52.49     0.3558     0.2442  1.000e-12  0.2676000     7.4473     7.4464    -0.0009     5.9327     5.9319     49.523     50.699      1.065    1429.30    1429.31  0.000e+00
      39511     50.500     3.3801     3.3832     0.0031    0.77193    0.77197          1     5.3709     4.7761      52.07     0.3556     0.2510  1.000e-12  0.2624000     7.4517     7.4514    -0.0003     5.9362     5.9359     50.018     51.205      1.042    1429.30    1429.32  0.000e+00
      39523     51.000     3.3882     3.3913     0.0030    0.77323    0.77341          1     5.3591     4.7489      51.46     0.3477     0.2511  1.000e-12  0.2720000     7.4632     7.4643     0.0012     5.9452     5.9461     50.513     51.711      0.900    1429.36    1429.38  0.000e+00
      39540     51.500     3.3900     3.3920     0.0020    0.77422    0.77457          1     5.3388     4.7221      50.89     0.3320     0.2514  1.000e-12  0.2897000     7.4730     7.4761     0.0031     5.9530     5.9555     51.009     52.217      0.618    1429.39    1429.40  0.000e+00
      39571     52.000     3.3898     3.3906     0.0008    0.77486    0.77527          1     5.3079     4.6797      50.15     0.3335     0.2605  1.000e-12  0.2661000     7.4796     7.4837     0.0041     5.9583     5.9615     51.504     52.724      0.329    1429.41    1429.42  0.000e+00
      39607     52.500     3.3862     3.3893     0.0031    0.77546    0.77544          1     5.2817     4.6211      49.45     0.3335     0.2387  1.000e-12  0.2708000     7.4865     7.4857    -0.0009     5.9639     5.9631     51.999     53.230      0.399    1429.41    1429.42  0.000e+00
      39633     53.000     3.3846     3.3866     0.0021    0.77604    0.77602          1     5.2643     4.5619      49.10     0.3242     0.2409  1.000e-12  0.2666000     7.4929     7.4922    -0.0007     5.9690     5.9684     52.494     53.736      0.543    1429.42    1429.42  0.000e+00
      39652     53.500     3.3868     3.3893     0.0026    0.77737    0.77737          1     5.2472     4.5086      48.64     0.3380     0.2398  1.000e-12  0.2604000     7.5061     7.5055    -0.0006     5.9795     5.9789     52.989     54.242      0.731    1429.45    1429.46  0.000e+00
      39667     54.000     3.4050     3.4076     0.0025    0.78132    0.78130          1     5.1658     4.4703      48.16     0.3577     0.2498  1.000e-12  0.2604000     7.5428     7.5420    -0.0008     6.0083     6.0077     53.485     54.749      0.890    1429.59    1429.60  0.000e+00
      39679     54.500     3.4571     3.4607     0.0036    0.78955    0.78961          1     5.0159     4.4476      47.86     0.3423     0.2390  1.000e-12  0.2737000     7.6158     7.6155    -0.0002     6.0656     6.0654     53.980     55.255      0.972    1429.93    1429.94  0.000e+00
      39691     55.000     3.5246     3.5281     0.0035    0.79830    0.79841          1     4.8312     4.4279      47.49     0.3332     0.2061  1.000e-12  0.2776000     7.6904     7.6907     0.0003     6.1239     6.1241     54.475     55.761      0.953    1430.34    1430.36  0.000e+00
      39704     55.500     3.5498     3.5526     0.0028    0.80216    0.80217          1     4.6284     4.4043      46.83     0.3457     0.1974  1.000e-12  0.3158000     7.7243     7.7238    -0.0005     6.1504     6.1499     54.970     56.267      0.811    1430.51    1430.52  0.000e+00
      39724     56.000     3.5667     3.5689     0.0021    0.80469    0.80478          1     4.4064     4.3730      46.21     0.3644     0.1848  1.000e-12  0.3491000     7.7464     7.7468     0.0004     6.1676     6.1679     55.465     56.773      0.492    1430.62    1430.63  0.000e+00
      39769     56.500     3.6071     3.6177     0.0106    0.80964    0.81318          1     4.1684     4.3163      45.13     0.3924     0.2697  1.000e-12  0.4044000     7.7878     7.8219     0.0340     6.1998     6.2267     55.960     57.279      0.254    1430.87    1430.96  0.000e+00
      39803     57.000     3.6326     3.6354     0.0028    0.81632    0.81627          1     4.0177     4.2602      44.67     0.3985     0.2657  1.000e-12  0.4354000     7.8507     7.8494    -0.0012     6.2493     6.2483     56.456     57.786      0.593    1431.07    1431.08  0.000e+00
