ctdpy/exports/archive_20191121_122431/received_data/SBE09_1044_20180526_2340_34_07_0028.cnv
* Sea-Bird SBE 9 Data File:
* FileName = C:\ctd\temp\2018\AU18D028.hex
* Software Version Seasave V 7.26.6.26
* Temperature SN = 5351
* Conductivity SN = 3941
* Number of Bytes Per Scan = 41
* Number of Voltage Words = 4
* Number of Scans Averaged by the Deck Unit = 1
* NMEA Latitude = 58 20.42 N
* NMEA Longitude = 011 01.66 E
* NMEA UTC (Time) = May 26 2018  23:40:56
* NMEA baud rate = 4800
** Station:  A13
** Operator:  SSip
** Ship: AURA
** Average sound velocity: 1478.40 m/s
** True-depth calculation Sun, 27 May 2018 00:18:43 +0000
** CTD Python Module SMHI /ver 3-12/ feb 2012 
** LIMS Job: 20183407-0028
** Cruise: SMHI-02-2018
** Latitude [GG MM.mm N] :
** Longitude [GG MM.mm E]:
# nquan = 26
# nvalues = 188                         
# units = specified
# name 0 = scan: Scan Count
# name 1 = prDM: Pressure, Digiquartz [db]
# name 2 = t090C: Temperature [ITS-90, deg C]
# name 3 = t190C: Temperature, 2 [ITS-90, deg C]
# name 4 = T2-T190C: Temperature Difference, 2 - 1 [ITS-90, deg C]
# name 5 = c0S/m: Conductivity [S/m]
# name 6 = c1S/m: Conductivity, 2 [S/m]
# name 7 = pumps: Pump Status
# name 8 = sbeox0ML/L: Oxygen, SBE 43 [ml/l]
# name 9 = sbeox1ML/L: Oxygen, SBE 43, 2 [ml/l]
# name 10 = altM: Altimeter [m]
# name 11 = flECO-AFL: Chl-a Fluorescence, WET Labs ECO-AFL/FL [mg/m^3]
# name 12 = flECO-AFL1: Phycocyanin Fluorescence, WET Labs ECO-AFL/FL, 2 [mg/m^3]
# name 13 = par: PAR/Irradiance, Biospherical/Lico [µE/(cm^2*s)]
# name 14 = turbWETntu0: Turbidity, WET Labs ECO [NTU]
# name 15 = sal00: Salinity, Practical [PSU]
# name 16 = sal11: Salinity, Practical, 2 [PSU]
# name 17 = secS-priS: Salinity, Practical, Difference, 2 - 1 [PSU]
# name 18 = sigma-t00: Density [sigma-t, Kg/m^3 ]
# name 19 = sigma-t11: Density, 2 [sigma-t, Kg/m^3 ]
# name 20 = depSM: Depth [salt water, m], lat = 58.3403
# name 21 = depFM: Depth [true depth, m], lat = 58.3403
# name 22 = dz/dtM: Descent Rate [m/s], WS = 2
# name 23 = svCM: Sound Velocity [Chen-Millero, m/s]
# name 24 = svCM1: Sound Velocity, 2 [Chen-Millero, m/s]
# name 25 = flag: flag
# span 0 =       6079,       9821       
# span 1 =      1.000,     94.500       
# span 2 =     5.9839,    18.2264       
# span 3 =     5.9872,    18.2241       
# span 4 =    -0.0228,     0.2130       
# span 5 =   2.675725,   3.528218       
# span 6 =   2.677859,   3.528940       
# span 7 =          1,          1       
# span 8 =    5.81044,    7.29365       
# span 9 =    5.76198,    7.25981       
# span 10 =       3.36,      98.39      
# span 11 =     0.1721,     2.2763      
# span 12 =     0.1513,     0.4657      
# span 13 = -9.128e-03, 5.1849e-01      
# span 14 =     0.1937,     0.9848      
# span 15 =    19.8561,    34.9351      
# span 16 =    19.8557,    34.9340      
# span 17 =    -0.1691,     0.0271      
# span 18 =    13.6627,    27.4437      
# span 19 =    13.6629,    27.4426      
# span 20 =      0.991,     93.600      
# span 21 =      1.005,     93.855      
# span 22 =     -0.171,      0.684      
# span 23 =    1474.57,    1499.61      
# span 24 =    1474.58,    1499.69      
# span 25 = 0.0000e+00, 0.0000e+00      
# interval = decibars: 0.5              
# start_time = May 26 2018 23:40:56 [NMEA time, first data scan]
# bad_flag = -9.990e-29
*END*
[from data line 112]
       8282     57.000     5.9898     5.9872    -0.0026    3.38440    3.38397          1     7.0841     7.0301      39.45     0.2601     0.2310  1.000e-12  0.2246000    34.3915    34.3892    -0.0022    27.0731    27.0716     56.462     56.675      0.604    1474.87    1474.86  0.000e+00
       8301     57.500     5.9847     5.9873     0.0026    3.38404    3.38416          1     7.0906     7.0251      38.94     0.2388     0.2068  1.000e-12  0.2300000    34.3924    34.3910    -0.0014    27.0745    27.0730     56.958     57.171      0.618    1474.86    1474.87  0.000e+00
       8321     58.000     5.9922     5.9944     0.0022    3.38517    3.38524          1     7.0967     7.0148      38.44     0.2563     0.2175  1.000e-12  0.2299000    34.3972    34.3958    -0.0014    27.0773    27.0759     57.453     57.667      0.610    1474.90    1474.91  0.000e+00
       8341     58.500     6.0461     6.0486     0.0025    3.39187    3.39191          1     7.0749     6.9840      38.01     0.2726     0.2270  1.000e-12  0.2342000    34.4176    34.4155    -0.0021    27.0866    27.0846     57.948     58.163      0.595    1475.15    1475.16  0.000e+00
       8361     59.000     6.0756     6.0764     0.0009    3.39559    3.39553          1     7.0200     6.9306      37.55     0.2737     0.2351  1.000e-12  0.2423000    34.4294    34.4278    -0.0015    27.0921    27.0908     58.443     58.659      0.585    1475.29    1475.29  0.000e+00
       8382     59.500     6.1199     6.1228     0.0029    3.40159    3.40168          1     6.9414     6.8573      37.35     0.2846     0.2346  1.000e-12  0.2550000    34.4516    34.4497    -0.0019    27.1041    27.1021     58.938     59.154      0.582    1475.50    1475.51  0.000e+00
       8402     60.000     6.1147     6.1168     0.0021    3.40155    3.40162          1     6.8834     6.8171      36.68     0.3841     0.2354  1.000e-12  0.2508000    34.4562    34.4549    -0.0013    27.1083    27.1070     59.434     59.650      0.586    1475.49    1475.50  0.000e+00
       8423     60.500     6.1102     6.1131     0.0029    3.40160    3.40173          1     6.9003     6.8569      36.09     0.3928     0.1655  1.000e-12  0.2482000    34.4610    34.4596    -0.0014    27.1127    27.1112     59.929     60.146      0.590    1475.49    1475.50  0.000e+00
       8443     61.000     6.0882     6.0906     0.0024    3.39969    3.39979          1     6.9239     6.8643      35.52     0.3987     0.1513  1.000e-12  0.2441000    34.4617    34.4604    -0.0013    27.1160    27.1147     60.424     60.642      0.589    1475.41    1475.42  0.000e+00
       8463     61.500     6.1307     6.1335     0.0027    3.40532    3.40539          1     6.8706     6.7719      35.07     0.4372     0.2243  1.000e-12  0.2322000    34.4816    34.4796    -0.0021    27.1263    27.1243     60.919     61.138      0.587    1475.62    1475.62  0.000e+00
       8484     62.000     6.1413     6.1437     0.0024    3.40661    3.40678          1     6.8336     6.7499      34.59     0.4063     0.2782  1.000e-12  0.2607000    34.4851    34.4846    -0.0004    27.1277    27.1271     61.414     61.634      0.591    1475.67    1475.68  0.000e+00
       8504     62.500     6.0888     6.0917     0.0028    3.40153    3.40176          1     6.8579     6.8068      34.11     0.4068     0.2454  1.000e-12  0.2714000    34.4811    34.4807    -0.0004    27.1313    27.1306     61.910     62.129      0.602    1475.47    1475.48  0.000e+00
       8524     63.000     6.0764     6.0785     0.0021    3.40130    3.40129          1     6.8654     6.8165      33.64     0.3922     0.2594  1.000e-12  0.2544000    34.4908    34.4885    -0.0023    27.1406    27.1385     62.405     62.625      0.609    1475.44    1475.44  0.000e+00
       8543     63.500     6.1257     6.1286     0.0029    3.40708    3.40719          1     6.8637     6.8020      33.09     0.3812     0.2905  1.000e-12  0.2390000    34.5054    34.5037    -0.0018    27.1458    27.1440     62.900     63.121      0.607    1475.66    1475.67  0.000e+00
       8563     64.000     6.1333     6.1364     0.0032    3.40805    3.40821          1     6.8727     6.7855      32.63     0.3812     0.2493  1.000e-12  0.2499000    34.5084    34.5069    -0.0015    27.1472    27.1456     63.395     63.617      0.604    1475.70    1475.71  0.000e+00
       8583     64.500     6.1788     6.1794     0.0007    3.41403    3.41370          1     6.8048     6.6745      32.11     0.3583     0.2626  1.000e-12  0.2311000    34.5290    34.5247    -0.0043    27.1576    27.1541     63.891     64.113      0.599    1475.91    1475.91  0.000e+00
       8603     65.000     6.2637     6.2655     0.0018    3.42549    3.42538          1     6.6526     6.5022      31.60     0.3574     0.2577  1.000e-12  0.2509000    34.5711    34.5680    -0.0031    27.1798    27.1771     64.386     64.608      0.587    1476.31    1476.31  0.000e+00
       8624     65.500     6.2672     6.2691     0.0018    3.42729    3.42737          1     6.5057     6.3716      31.11     0.3629     0.2419  1.000e-12  0.2985000    34.5875    34.5865    -0.0011    27.1923    27.1912     64.881     65.104      0.567    1476.35    1476.36  0.000e+00
       8646     66.000     6.2769     6.2779     0.0010    3.42975    3.42959          1     6.4128     6.3123      30.70     0.3512     0.2223  1.000e-12  0.3728000    34.6049    34.6021    -0.0028    27.2048    27.2025     65.376     65.600      0.570    1476.42    1476.42  0.000e+00
       8666     66.500     6.3096     6.3116     0.0019    3.43394    3.43399          1     6.3775     6.2961      30.23     0.2973     0.2346  1.000e-12  0.4642000    34.6183    34.6169    -0.0014    27.2111    27.2097     65.871     66.096      0.600    1476.58    1476.58  0.000e+00
       8686     67.000     6.3203     6.3207     0.0005    3.43561    3.43541          1     6.3664     6.2868      30.56     0.3203     0.2364  1.000e-12  0.5202000    34.6259    34.6232    -0.0027    27.2157    27.2135     66.366     66.592      0.626    1476.64    1476.63  0.000e+00
       8705     67.500     6.3520     6.3538     0.0018    3.44026    3.44026          1     6.3549     6.2758      30.41     0.2973     0.2374  1.000e-12  0.5086000    34.6454    34.6437    -0.0018    27.2269    27.2253     66.862     67.087      0.625    1476.79    1476.80  0.000e+00
       8724     68.000     6.3730     6.3743     0.0013    3.44474    3.44478          1     6.3321     6.2530      29.89     0.3101     0.2492  1.000e-12  0.5054000    34.6739    34.6730    -0.0008    27.2466    27.2458     67.357     67.583      0.609    1476.92    1476.92  0.000e+00
       8744     68.500     6.3730     6.3744     0.0015    3.44818    3.44828          1     6.2934     6.2105      29.29     0.3608     0.2496  1.000e-12  0.5112000    34.7122    34.7118    -0.0004    27.2769    27.2764     67.852     68.079      0.593    1476.98    1476.98  0.000e+00
       8765     69.000     6.3747     6.3771     0.0023    3.45075    3.45098          1     6.2511     6.1742      28.78     0.4181     0.2400  1.000e-12  0.5388000    34.7389    34.7391     0.0002    27.2977    27.2976     68.347     68.575      0.590    1477.03    1477.03  0.000e+00
       8785     69.500     6.3778     6.3792     0.0013    3.45184    3.45177          1     6.2278     6.1614      27.70     0.4271     0.2349  1.000e-12  0.5542000    34.7476    34.7455    -0.0021    27.3042    27.3024     68.842     69.070      0.603    1477.06    1477.06  0.000e+00
       8804     70.000     6.3787     6.3807     0.0021    3.45201    3.45213          1     6.2222     6.1677      26.64     0.4431     0.2359  1.000e-12  0.5650000    34.7484    34.7477    -0.0008    27.3048    27.3039     69.338     69.566      0.620    1477.07    1477.08  0.000e+00
       8824     70.500     6.3803     6.3833     0.0030    3.45241    3.45275          1     6.2233     6.1721      26.17     0.4727     0.3227  1.000e-12  0.5740000    34.7510    34.7518     0.0007    27.3066    27.3068     69.833     70.062      0.625    1477.09    1477.10  0.000e+00
       8843     71.000     6.3824     6.3846     0.0022    3.45294    3.45305          1     6.2262     6.1698      25.71     0.5423     0.2625  1.000e-12  0.5884000    34.7546    34.7536    -0.0010    27.3091    27.3081     70.328     70.557      0.615    1477.11    1477.12  0.000e+00
       8863     71.500     6.3825     6.3843     0.0018    3.45295    3.45301          1     6.2340     6.1655      25.20     0.5466     0.2400  1.000e-12  0.5570000    34.7543    34.7531    -0.0011    27.3089    27.3077     70.823     71.053      0.600    1477.12    1477.12  0.000e+00
       8883     72.000     6.3823     6.3840     0.0017    3.45290    3.45291          1     6.2375     6.1607      24.72     0.5625     0.2529  1.000e-12  0.5440000    34.7537    34.7522    -0.0015    27.3084    27.3070     71.318     71.549      0.585    1477.12    1477.13  0.000e+00
       8904     72.500     6.3833     6.3854     0.0021    3.45321    3.45340          1     6.2374     6.1465      24.27     0.5557     0.2777  1.000e-12  0.5480000    34.7559    34.7559     0.0000    27.3100    27.3097     71.814     72.045      0.581    1477.14    1477.15  0.000e+00
       8924     73.000     6.3908     6.3926     0.0018    3.45577    3.45582          1     6.2206     6.1296      23.82     0.5551     0.2108  1.000e-12  0.5647000    34.7766    34.7754    -0.0013    27.3254    27.3242     72.309     72.540      0.591    1477.20    1477.21  0.000e+00
       8944     73.500     6.3944     6.3970     0.0026    3.45691    3.45716          1     6.1925     6.1253      23.78     0.7010     0.2351  1.000e-12  0.5707000    34.7854    34.7857     0.0002    27.3319    27.3317     72.804     73.036      0.607    1477.23    1477.24  0.000e+00
       8964     74.000     6.4006     6.4032     0.0026    3.45843    3.45861          1     6.1745     6.1212      24.11     0.7510     0.2845  1.000e-12  0.6410000    34.7959    34.7953    -0.0006    27.3393    27.3385     73.299     73.532      0.614    1477.28    1477.29  0.000e+00
       8983     74.500     6.4056     6.4098     0.0043    3.45936    3.45999          1     6.1605     6.1172      23.62     0.8001     0.3073  1.000e-12  0.6507000    34.8009    34.8037     0.0028    27.3426    27.3442     73.794     74.028      0.604    1477.31    1477.34  0.000e+00
       9003     75.000     6.4106     6.4124     0.0018    3.46057    3.46061          1     6.1505     6.1004      23.13     0.8584     0.2717  1.000e-12  0.6399000    34.8091    34.8076    -0.0014    27.3484    27.3470     74.289     74.523      0.596    1477.35    1477.36  0.000e+00
       9024     75.500     6.4179     6.4199     0.0020    3.46223    3.46237          1     6.1444     6.0784      22.53     0.9284     0.2885  1.000e-12  0.6327000    34.8199    34.8195    -0.0004    27.3560    27.3554     74.785     75.019      0.600    1477.40    1477.41  0.000e+00
       9043     76.000     6.4187     6.4200     0.0013    3.46259    3.46256          1     6.1366     6.0745      22.06     0.9537     0.3093  1.000e-12  0.7198000    34.8229    34.8211    -0.0018    27.3583    27.3567     75.280     75.515      0.608    1477.42    1477.42  0.000e+00
       9063     76.500     6.4207     6.4218     0.0011    3.46315    3.46305          1     6.1280     6.0666      21.56     1.0052     0.3207  1.000e-12  0.6985000    34.8268    34.8245    -0.0023    27.3610    27.3591     75.775     76.010      0.610    1477.44    1477.44  0.000e+00
       9083     77.000     6.4229     6.4241     0.0012    3.46373    3.46370          1     6.1234     6.0666      21.17     0.9865     0.2835  1.000e-12  0.6907000    34.8308    34.8293    -0.0015    27.3639    27.3626     76.270     76.506      0.609    1477.46    1477.46  0.000e+00
       9102     77.500     6.4228     6.4242     0.0014    3.46371    3.46372          1     6.1193     6.0666      20.67     0.9331     0.3033  1.000e-12  0.6958000    34.8305    34.8291    -0.0014    27.3637    27.3624     76.765     77.002      0.607    1477.47    1477.47  0.000e+00
       9122     78.000     6.4229     6.4243     0.0013    3.46376    3.46376          1     6.1143     6.0719      19.21     0.9746     0.3110  1.000e-12  0.6671000    34.8307    34.8293    -0.0014    27.3639    27.3626     77.260     77.498      0.606    1477.48    1477.48  0.000e+00
       9142     78.500     6.4228     6.4245     0.0018    3.46375    3.46379          1     6.1096     6.0831      18.51     0.9758     0.2803  1.000e-12  0.7234000    34.8304    34.8290    -0.0013    27.3636    27.3623     77.756     77.993      0.598    1477.48    1477.49  0.000e+00
       9162     79.000     6.4229     6.4245     0.0015    3.46380    3.46384          1     6.1142     6.0812      17.99     0.9971     0.3059  1.000e-12  0.7209000    34.8306    34.8294    -0.0011    27.3637    27.3626     78.251     78.489      0.589    1477.49    1477.50  0.000e+00
       9183     79.500     6.4232     6.4250     0.0018    3.46394    3.46399          1     6.1151     6.0734      17.53     0.9993     0.2875  1.000e-12  0.7037000    34.8315    34.8302    -0.0012    27.3644    27.3632     78.746     78.985      0.583    1477.51    1477.51  0.000e+00
       9204     80.000     6.4242     6.4259     0.0017    3.46414    3.46419          1     6.1059     6.0636      17.04     0.9793     0.2497  1.000e-12  0.6862000    34.8325    34.8314    -0.0011    27.3651    27.3640     79.241     79.480      0.574    1477.52    1477.52  0.000e+00
       9225     80.500     6.4255     6.4272     0.0017    3.46439    3.46442          1     6.1069     6.0565      16.54     0.9930     0.2172  1.000e-12  0.6920000    34.8338    34.8324    -0.0014    27.3659    27.3646     79.736     79.976      0.579    1477.53    1477.54  0.000e+00
       9245     81.000     6.4254     6.4272     0.0018    3.46433    3.46439          1     6.1131     6.0527      16.14     1.0285     0.2820  1.000e-12  0.6909000    34.8329    34.8317    -0.0012    27.3653    27.3641     80.231     80.472      0.601    1477.54    1477.54  0.000e+00
       9265     81.500     6.4254     6.4271     0.0016    3.46441    3.46446          1     6.1154     6.0501      15.79     1.0338     0.2921  1.000e-12  0.6984000    34.8336    34.8324    -0.0012    27.3658    27.3646     80.726     80.967      0.622    1477.55    1477.55  0.000e+00
       9284     82.000     6.4249     6.4269     0.0020    3.46448    3.46453          1     6.1177     6.0470      15.66     1.0214     0.2929  1.000e-12  0.7137000    34.8345    34.8331    -0.0015    27.3666    27.3652     81.222     81.463      0.624    1477.56    1477.56  0.000e+00
       9303     82.500     6.4243     6.4260     0.0016    3.46453    3.46459          1     6.1120     6.0514      15.30     0.9995     0.2910  1.000e-12  0.7459000    34.8355    34.8345    -0.0011    27.3675    27.3664     81.717     81.959      0.606    1477.56    1477.57  0.000e+00
       9323     83.000     6.4237     6.4256     0.0019    3.46547    3.46548          1     6.1018     6.0618      15.08     1.0358     0.2786  1.000e-12  0.7247000    34.8464    34.8445    -0.0019    27.3762    27.3744     82.212     82.455      0.583    1477.58    1477.59  0.000e+00
       9344     83.500     6.4233     6.4251     0.0018    3.46591    3.46597          1     6.0943     6.0538      14.90     0.9377     0.2923  1.000e-12  0.7176000    34.8515    34.8502    -0.0013    27.3802    27.3789     82.707     82.950      0.570    1477.60    1477.60  0.000e+00
       9365     84.000     6.4232     6.4250     0.0018    3.46598    3.46603          1     6.0923     6.0393      14.41     0.8773     0.2563  1.000e-12  0.7404000    34.8521    34.8508    -0.0013    27.3807    27.3794     83.202     83.446      0.567    1477.60    1477.61  0.000e+00
