ctdpy/exports/archive_20191121_122431/received_data/SBE09_1044_20181114_2217_34_01_0148.cnv
* Sea-Bird SBE 9 Data File:
* FileName = C:\ctd\temp\ar18d148.hex
* Software Version Seasave V 7.26.7.107
* Temperature SN = 5351
* Conductivity SN = 3941
* Number of Bytes Per Scan = 41
* Number of Voltage Words = 4
* Number of Scans Averaged by the Deck Unit = 1
* NMEA Latitude = 58 55.93 N
* NMEA Longitude = 019 09.86 E
* NMEA UTC (Time) = Nov 14 2018  22:18:00
* NMEA baud rate = 4800
** Station:  Huvudskar Ost
** Operator:  JKro
** Ship: ARANDA
** Average sound velocity: 1441.49 m/s
** True-depth calculation Wed, 14 Nov 2018 22:45:42 +0000
** CTD Python Module SMHI /ver 3-12/ feb 2012 
** LIMS Job: 20183401-0148
** Cruise: SMHI-6-2018
** Latitude [GG MM.mm N]:
** Longitude [GG MM.mm E]
# nquan = 26
# nvalues = 171                         
# units = specified
# name 0 = scan: Scan Count
# name 1 = prDM: Pressure, Digiquartz [db]
# name 2 = t090C: Temperature [ITS-90, deg C]
# name 3 = t190C: Temperature, 2 [ITS-90, deg C]
# name 4 = T2-T190C: Temperature Difference, 2 - 1 [ITS-90, deg C]
# name 5 = c0S/m: Conductivity [S/m]
# name 6 = c1S/m: Conductivity, 2 [S/m]
# name 7 = pumps: Pump Status
# name 8 = sbeox0ML/L: Oxygen, SBE 43 [ml/l]
# name 9 = sbeox1ML/L: Oxygen, SBE 43, 2 [ml/l]
# name 10 = altM: Altimeter [m]
# name 11 = flECO-AFL: Chl-a Fluorescence, WET Labs ECO-AFL/FL [mg/m^3]
# name 12 = flECO-AFL1: Phycocyanin Fluorescence, WET Labs ECO-AFL/FL, 2 [mg/m^3]
# name 13 = par: PAR/Irradiance, Biospherical/Lico [µE/(cm^2*s)]
# name 14 = turbWETntu0: Turbidity, WET Labs ECO [NTU]
# name 15 = sal00: Salinity, Practical [PSU]
# name 16 = sal11: Salinity, Practical, 2 [PSU]
# name 17 = secS-priS: Salinity, Practical, Difference, 2 - 1 [PSU]
# name 18 = sigma-t00: Density [sigma-t, Kg/m^3 ]
# name 19 = sigma-t11: Density, 2 [sigma-t, Kg/m^3 ]
# name 20 = depSM: Depth [salt water, m], lat = 58.9322
# name 21 = depFM: Depth [true depth, m], lat = 58.9322
# name 22 = dz/dtM: Descent Rate [m/s], WS = 2
# name 23 = svCM: Sound Velocity [Chen-Millero, m/s]
# name 24 = svCM1: Sound Velocity, 2 [Chen-Millero, m/s]
# name 25 = flag: flag
# span 0 =      11293,      16535       
# span 1 =      0.500,     85.500       
# span 2 =     3.8495,     8.2493       
# span 3 =     3.8511,     8.2463       
# span 4 =    -0.0530,     0.0445       
# span 5 =   0.779597,   1.070964       
# span 6 =   0.779483,   1.070311       
# span 7 =          1,          1       
# span 8 =    0.05166,    7.68905       
# span 9 =    0.14034,    7.31599       
# span 10 =       3.98,      91.10      
# span 11 =     0.2585,     0.9204      
# span 12 =     0.1490,     0.3362      
# span 13 = 9.9995e-13, 5.8165e-01      
# span 14 =     0.1316,     1.7046      
# span 15 =     6.5688,     9.9732      
# span 16 =     6.5676,     9.9672      
# span 17 =    -0.0243,     0.0163      
# span 18 =     4.9996,     7.8679      
# span 19 =     4.9996,     7.8632      
# span 20 =      0.495,     84.684      
# span 21 =      0.507,     86.586      
# span 22 =     -0.069,      0.582      
# span 23 =    1431.84,    1449.16      
# span 24 =    1431.84,    1449.17      
# span 25 = 0.0000e+00, 0.0000e+00      
# interval = decibars: 0.5              
# start_time = Nov 14 2018 22:18:00 [NMEA time, first data scan]
# bad_flag = -9.990e-29
*END*
[from data line 112]
      14169     56.500     4.0650     4.0650     0.0001    0.79832    0.79821          1     5.8565     5.6966      34.16     0.2693     0.1543  1.000e-12  0.1802000     7.5639     7.5628    -0.0011     6.0113     6.0104     55.964     57.244      0.464    1432.64    1432.65  0.000e+00
      14196     57.000     4.1475     4.1447    -0.0028    0.80203    0.80183          1     5.7621     5.6348      34.35     0.2779     0.1929  1.000e-12  0.1794000     7.5826     7.5812    -0.0014     6.0239     6.0229     56.460     57.751      0.460    1433.05    1433.03  0.000e+00
      14221     57.500     4.1620     4.1713     0.0092    0.80399    0.80410          1     5.6474     5.5981      33.89     0.2585     0.2311  1.000e-12  0.1754000     7.5990     7.5979    -0.0010     6.0365     6.0354     56.955     58.257      0.497    1433.14    1433.18  0.000e+00
      14244     58.000     3.9877     3.9915     0.0039    0.80102    0.80104          1     5.5954     5.5758      33.33     0.2675     0.1490  1.000e-12  0.1812000     7.6092     7.6085    -0.0007     6.0492     6.0486     57.450     58.763      0.528    1432.38    1432.39  0.000e+00
      14267     58.500     3.9254     3.9288     0.0034    0.80085    0.80086          1     5.5807     5.5610      32.86     0.2677     0.1624  1.000e-12  0.1860000     7.6219     7.6212    -0.0007     6.0608     6.0602     57.945     59.269      0.521    1432.12    1432.14  0.000e+00
      14291     59.000     3.8680     3.8708     0.0028    0.80043    0.80043          1     5.5714     5.5278      32.32     0.2696     0.2216  1.000e-12  0.1953000     7.6309     7.6302    -0.0007     6.0694     6.0688     58.440     59.776      0.471    1431.88    1431.90  0.000e+00
      14318     59.500     3.8512     3.8528     0.0017    0.80162    0.80152          1     5.5290     5.4717      31.77     0.2806     0.2319  1.000e-12  0.1943000     7.6469     7.6456    -0.0014     6.0825     6.0814     58.936     60.282      0.436    1431.84    1431.84  0.000e+00
      14345     60.000     3.8495     3.8511     0.0016    0.80380    0.80366          1     5.4579     5.3855      31.25     0.2823     0.1959  1.000e-12  0.2199000     7.6696     7.6678    -0.0018     6.1006     6.0991     59.431     60.788      0.478    1431.87    1431.87  0.000e+00
      14368     60.500     3.8592     3.8605     0.0014    0.80676    0.80669          1     5.3753     5.3043      30.76     0.2631     0.2370  1.000e-12  0.1987000     7.6976     7.6966    -0.0011     6.1227     6.1218     59.926     61.294      0.543    1431.95    1431.96  0.000e+00
      14390     61.000     3.8669     3.8683     0.0015    0.80817    0.80812          1     5.3094     5.2707      30.27     0.2604     0.2207  1.000e-12  0.1932000     7.7102     7.7094    -0.0008     6.1325     6.1318     60.421     61.800      0.562    1432.01    1432.02  0.000e+00
      14411     61.500     3.8569     3.8591     0.0022    0.80846    0.80844          1     5.2708     5.2259      29.78     0.2758     0.1944  1.000e-12  0.2024000     7.7155     7.7147    -0.0007     6.1369     6.1362     60.916     62.306      0.513    1431.98    1431.99  0.000e+00
      14438     62.000     3.8512     3.8526     0.0014    0.80913    0.80903          1     5.2398     5.1993      29.16     0.2891     0.1915  1.000e-12  0.2073000     7.7236     7.7223    -0.0013     6.1435     6.1424     61.412     62.813      0.423    1431.97    1431.98  0.000e+00
      14467     62.500     3.8645     3.8660     0.0014    0.81107    0.81089          1     5.1927     5.1262      28.61     0.2828     0.2076  1.000e-12  0.1972000     7.7403     7.7381    -0.0021     6.1564     6.1547     61.907     63.319      0.431    1432.06    1432.07  0.000e+00
      14492     63.000     3.8687     3.8706     0.0019    0.81334    0.81327          1     5.1413     5.0421      28.15     0.2745     0.2071  1.000e-12  0.1916000     7.7626     7.7614    -0.0012     6.1740     6.1730     62.402     63.825      0.531    1432.12    1432.13  0.000e+00
      14513     63.500     3.8765     3.8771     0.0005    0.81442    0.81434          1     5.0927     4.9873      27.68     0.2707     0.2115  1.000e-12  0.1902000     7.7716     7.7707    -0.0010     6.1811     6.1803     62.897     64.331      0.582    1432.17    1432.18  0.000e+00
      14534     64.000     3.9572     3.9567    -0.0004    0.81836    0.81824          1     5.0291     4.9238      27.22     0.2714     0.2203  1.000e-12  0.1872000     7.7927     7.7916    -0.0012     6.1958     6.1949     63.392     64.837      0.549    1432.57    1432.57  0.000e+00
      14558     64.500     3.9877     3.9896     0.0018    0.82115    0.82108          1     4.9574     4.8988      26.61     0.2743     0.2075  1.000e-12  0.1999000     7.8139     7.8128    -0.0012     6.2119     6.2110     63.887     65.343      0.465    1432.75    1432.75  0.000e+00
      14586     65.000     3.9830     3.9856     0.0026    0.82246    0.82240          1     4.9029     4.8438      26.05     0.2826     0.2071  1.000e-12  0.2347000     7.8284     7.8272    -0.0012     6.2236     6.2225     64.383     65.849      0.437    1432.75    1432.76  0.000e+00
      14612     65.500     3.9706     3.9728     0.0022    0.82273    0.82274          1     4.8877     4.8091      25.56     0.2806     0.2086  1.000e-12  0.2146000     7.8341     7.8336    -0.0004     6.2284     6.2279     64.878     66.356      0.503    1432.71    1432.72  0.000e+00
      14634     66.000     3.9665     3.9683     0.0018    0.82268    0.82266          1     4.8832     4.7812      25.07     0.2714     0.2326  1.000e-12  0.2121000     7.8345     7.8339    -0.0006     6.2288     6.2282     65.373     66.862      0.556    1432.70    1432.71  0.000e+00
      14655     66.500     3.9798     3.9811     0.0013    0.82370    0.82362          1     4.8423     4.7256      24.60     0.2725     0.2121  1.000e-12  0.2233000     7.8416     7.8404    -0.0011     6.2341     6.2332     65.868     67.368      0.544    1432.78    1432.78  0.000e+00
      14679     67.000     3.9986     4.0010     0.0023    0.82618    0.82616          1     4.8231     4.7091      24.07     0.2960     0.2078  1.000e-12  0.1939000     7.8625     7.8616    -0.0009     6.2502     6.2494     66.363     67.874      0.480    1432.90    1432.91  0.000e+00
      14706     67.500     3.9654     3.9669     0.0014    0.82718    0.82701          1     4.8289     4.6725      23.49     0.2851     0.2165  1.000e-12  0.2085000     7.8805     7.8784    -0.0021     6.2654     6.2637     66.858     68.380      0.443    1432.78    1432.78  0.000e+00
      14732     68.000     4.0995     4.0978    -0.0016    0.83651    0.83594          1     4.7156     4.5894      23.00     0.2842     0.2219  1.000e-12  0.1923000     7.9435     7.9381    -0.0054     6.3118     6.3076     67.354     68.886      0.495    1433.47    1433.45  0.000e+00
      14754     68.500     4.0671     4.0731     0.0059    0.84263    0.84257          1     4.5091     4.4443      22.54     0.2847     0.2138  1.000e-12  0.1928000     8.0139     8.0117    -0.0021     6.3686     6.3668     67.849     69.392      0.549    1433.42    1433.45  0.000e+00
      14776     69.000     4.0332     4.0343     0.0012    0.84680    0.84664          1     4.1906     4.2176      22.00     0.2646     0.2065  1.000e-12  0.1726000     8.0647     8.0629    -0.0019     6.4100     6.4084     68.344     69.898      0.542    1433.34    1433.35  0.000e+00
      14799     69.500     4.0724     4.0736     0.0013    0.85264    0.85246          1     3.8112     3.9467      21.07     0.2933     0.2071  1.000e-12  0.1544000     8.1148     8.1126    -0.0021     6.4486     6.4469     68.839     70.404      0.473    1433.59    1433.60  0.000e+00
      14827     70.000     4.0898     4.0904     0.0006    0.85643    0.85625          1     3.5289     3.7027      20.51     0.2824     0.2119  1.000e-12  0.1540000     8.1492     8.1472    -0.0020     6.4754     6.4738     69.334     70.910      0.434    1433.72    1433.72  0.000e+00
      14853     70.500     4.1486     4.1479    -0.0008    0.86167    0.86136          1     3.3977     3.5425      19.88     0.3015     0.2183  1.000e-12  0.1711000     8.1880     8.1851    -0.0030     6.5046     6.5023     69.829     71.416      0.501    1434.04    1434.04  0.000e+00
      14875     71.000     4.2008     4.2023     0.0016    0.86879    0.86860          1     3.4367     3.4902      19.59     0.2921     0.2048  1.000e-12  0.1689000     8.2477     8.2453    -0.0024     6.5504     6.5484     70.325     71.922      0.566    1434.36    1434.37  0.000e+00
      14896     71.500     4.2630     4.2620    -0.0010    0.87682    0.87648          1     3.5543     3.5195      19.16     0.2736     0.1778  1.000e-12  0.1978000     8.3138     8.3107    -0.0031     6.6009     6.5985     70.820     72.428      0.558    1434.73    1434.72  0.000e+00
      14919     72.000     4.4012     4.4031     0.0019    0.89021    0.89000          1     3.5678     3.5067      18.74     0.2706     0.1650  1.000e-12  0.2220000     8.4150     8.4125    -0.0025     6.6767     6.6746     71.315     72.934      0.488    1435.49    1435.49  0.000e+00
      14946     72.500     4.4169     4.4189     0.0020    0.89479    0.89467          1     3.4685     3.4274      18.26     0.2830     0.2221  1.000e-12  0.2031000     8.4575     8.4558    -0.0017     6.7099     6.7085     71.810     73.440      0.441    1435.62    1435.63  0.000e+00
      14972     73.000     4.4200     4.4220     0.0019    0.89712    0.89708          1     3.3647     3.3421      17.75     0.2818     0.1950  1.000e-12  0.1851000     8.4804     8.4795    -0.0009     6.7280     6.7271     72.305     73.946      0.479    1435.67    1435.68  0.000e+00
      14996     73.500     4.4183     4.4201     0.0018    0.89849    0.89846          1     3.2711     3.2410      17.26     0.2799     0.2256  1.000e-12  0.1743000     8.4947     8.4939    -0.0008     6.7393     6.7386     72.800     74.452      0.520    1435.69    1435.69  0.000e+00
      15019     74.000     4.4492     4.4498     0.0006    0.90384    0.90355          1     3.1245     3.1174      16.78     0.2730     0.2260  1.000e-12  0.1762000     8.5411     8.5379    -0.0032     6.7750     6.7725     73.295     74.957      0.526    1435.89    1435.89  0.000e+00
      15042     74.500     4.5231     4.5230    -0.0000    0.91423    0.91386          1     2.9519     2.9703      16.23     0.2998     0.2137  1.000e-12  0.1780000     8.6273     8.6236    -0.0037     6.8408     6.8378     73.791     75.463      0.509    1436.34    1436.33  0.000e+00
      15066     75.000     4.5429     4.5446     0.0017    0.91700    0.91700          1     2.8307     2.8600      15.75     0.2917     0.1873  1.000e-12  0.1689000     8.6503     8.6499    -0.0004     6.8582     6.8579     74.286     75.969      0.500    1436.46    1436.47  0.000e+00
      15090     75.500     4.5660     4.5663     0.0003    0.91996    0.91975          1     2.7576     2.7970      15.20     0.3037     0.1845  1.000e-12  0.1748000     8.6742     8.6719    -0.0023     6.8764     6.8745     74.781     76.475      0.498    1436.60    1436.60  0.000e+00
      15114     76.000     4.5904     4.5913     0.0009    0.92455    0.92431          1     2.6828     2.7191      14.68     0.2808     0.2193  1.000e-12  0.1815000     8.7143     8.7117    -0.0026     6.9072     6.9051     75.276     76.981      0.499    1436.77    1436.77  0.000e+00
      15138     76.500     4.6179     4.6183     0.0004    0.92964    0.92937          1     2.5929     2.6235      14.19     0.2935     0.2100  1.000e-12  0.1871000     8.7586     8.7558    -0.0028     6.9413     6.9390     75.771     77.486      0.492    1436.96    1436.96  0.000e+00
      15163     77.000     4.6474     4.6474     0.0001    0.93470    0.93446          1     2.4887     2.5212      13.64     0.2819     0.2188  1.000e-12  0.1984000     8.8020     8.7996    -0.0024     6.9745     6.9726     76.266     77.992      0.481    1437.15    1437.15  0.000e+00
      15188     77.500     4.6697     4.6716     0.0019    0.93765    0.93756          1     2.3987     2.4357      13.13     0.2948     0.2025  1.000e-12  0.1992000     8.8258     8.8245    -0.0014     6.9925     6.9914     76.761     78.498      0.486    1437.29    1437.30  0.000e+00
      15212     78.000     4.6765     4.6774     0.0010    0.94125    0.94090          1     2.3019     2.3266      12.65     0.2958     0.1633  1.000e-12  0.2153000     8.8605     8.8566    -0.0039     7.0197     7.0166     77.257     79.004      0.506    1437.37    1437.37  0.000e+00
      15235     78.500     4.7345     4.7321    -0.0025    0.95351    0.95264          1     2.0865     2.1472      12.12     0.3060     0.2298  1.000e-12  0.1984000     8.9690     8.9609    -0.0082     7.1033     7.0970     77.752     79.509      0.514    1437.77    1437.75  0.000e+00
      15259     79.000     4.8457     4.8454    -0.0003    0.97412    0.97367          1     1.7803     1.9125      11.63     0.2997     0.1849  1.000e-12  0.1926000     9.1473     9.1428    -0.0045     7.2399     7.2363     78.247     80.015      0.509    1438.50    1438.49  0.000e+00
      15283     79.500     4.8842     4.8842     0.0000    0.98106    0.98064          1     1.5041     1.6655      11.07     0.2888     0.1998  1.000e-12  0.1884000     9.2068     9.2025    -0.0043     7.2853     7.2819     78.742     80.521      0.485    1438.75    1438.74  0.000e+00
      15308     80.000     4.9703     4.9711     0.0008    0.99643    0.99577          1     1.2199     1.4281      10.52     0.3005     0.2349  1.000e-12  0.2093000     9.3380     9.3311    -0.0069     7.3853     7.3798     79.237     81.026      0.465    1439.30    1439.30  0.000e+00
      15334     80.500     5.0348     5.0353     0.0005    1.00865    1.00825          1     0.9756     1.2169      10.04     0.3013     0.2375  1.000e-12  0.2026000     9.4432     9.4390    -0.0042     7.4655     7.4622     79.732     81.532      0.465    1439.73    1439.72  0.000e+00
      15361     81.000     5.0498     5.0508     0.0010    1.01137    1.01127          1     0.8643     1.0944       9.09     0.3222     0.2332  1.000e-12  0.2008000     9.4663     9.4650    -0.0013     7.4831     7.4820     80.227     82.037      0.409    1439.83    1439.83  0.000e+00
      15393     81.500     5.0525     5.0542     0.0018    1.01160    1.01155          1     0.8564     1.0346       8.69     0.2942     0.2544  1.000e-12  0.2060000     9.4677     9.4668    -0.0009     7.4841     7.4833     80.723     82.543      0.348    1439.85    1439.86  0.000e+00
      15434     82.000     5.0533     5.0539     0.0006    1.01157    1.01126          1     0.8858     1.0161       8.27     0.3057     0.2362  1.000e-12  0.2138000     9.4671     9.4638    -0.0033     7.4836     7.4810     81.218     83.048      0.264    1439.86    1439.86  0.000e+00
      15477     82.500     5.0548     5.0559     0.0011    1.01164    1.01147          1     0.9025     0.9877       7.53     0.2964     0.2133  1.000e-12  0.1978000     9.4674     9.4654    -0.0020     7.4837     7.4821     81.713     83.554      0.322    1439.88    1439.88  0.000e+00
      15513     83.000     5.0738     5.0747     0.0008    1.01503    1.01485          1     0.8589     0.9416       7.19     0.3007     0.2382  1.000e-12  0.2024000     9.4961     9.4940    -0.0021     7.5055     7.5039     82.208     84.059      0.282    1440.00    1440.01  0.000e+00
      15581     83.500     5.1072     5.0971    -0.0101    1.02136    1.01910          1     0.7141     0.8422       6.70     0.3089     0.1690  1.000e-12  0.2185000     9.5503     9.5303    -0.0199     7.5468     7.5315     82.703     84.565      0.228    1440.23    1440.16  0.000e+00
