ctdpy/exports/archive_20191121_122431/received_data/SBE09_0827_20181007_0146_26_01_1031.cnv
* Sea-Bird SBE 9 Data File:
* FileName = D:\CTD_SBE911\DAT\26DA.2018.10.31.hex
* Software Version Seasave V 7.21d
* Temperature SN = 4548
* Conductivity SN = 3062
* Number of Bytes Per Scan = 48
* Number of Voltage Words = 5
* Number of Scans Averaged by the Deck Unit = 1
* NMEA Latitude = 58 09.72 N
* NMEA Longitude = 018 00.68 E
* NMEA UTC (Time) = Oct 07 2018  01:49:16
* NMEA baud rate = 4800
** Ship: DANA
** Average sound velocity: 1444.25 m/s
** True-depth calculation Thu, 28 Mar 2019 12:20:07 +0000
** CTD Python Module SMHI /ver 3-12/ feb 2012 
** LIMS Job: 20182601-1031
** Operator: Christian A-KTh
** Cruise: 10/2018
# nquan = 26
# nvalues = 349                         
# units = specified
# name 0 = scan: Scan Count
# name 1 = prDM: Pressure, Digiquartz [db]
# name 2 = t090C: Temperature [ITS-90, deg C]
# name 3 = t190C: Temperature, 2 [ITS-90, deg C]
# name 4 = T2-T190C: Temperature Difference, 2 - 1 [ITS-90, deg C]
# name 5 = c0S/m: Conductivity [S/m]
# name 6 = c1S/m: Conductivity, 2 [S/m]
# name 7 = pumps: Pump Status
# name 8 = sbeox1ML/L: Oxygen, SBE 43, 2 [ml/l]
# name 9 = sbeox0ML/L: Oxygen, SBE 43 [ml/l]
# name 10 = altM: Altimeter [m]
# name 11 = chloroflTC0: Chlorophyll, Turner Cyclops [ug/l]
# name 12 = cpar: CPAR/Corrected Irradiance [%]
# name 13 = par: PAR/Irradiance, Biospherical/Lico [µE/(cm^2*s)]
# name 14 = spar: SPAR, Biospherical/Licor
# name 15 = sal00: Salinity, Practical [PSU]
# name 16 = sal11: Salinity, Practical, 2 [PSU]
# name 17 = secS-priS: Salinity, Practical, Difference, 2 - 1 [PSU]
# name 18 = sigma-t00: Density [sigma-t, kg/m^3 ]
# name 19 = sigma-t11: Density, 2 [sigma-t, kg/m^3 ]
# name 20 = depSM: Depth [salt water, m], lat = 58.162
# name 21 = depFM: Depth [true depth, m], lat = 58.162
# name 22 = dz/dtM: Descent Rate [m/s], WS = 2
# name 23 = svCM: Sound Velocity [Chen-Millero, m/s]
# name 24 = svCM1: Sound Velocity, 2 [Chen-Millero, m/s]
# name 25 = flag: flag
# span 0 =        322,      16107       
# span 1 =      1.500,    175.500       
# span 2 =     3.6020,     9.6405       
# span 3 =     3.6077,     9.6401       
# span 4 =    -0.1202,     0.6498       
# span 5 =   0.768212,   1.194009       
# span 6 =   0.769774,   1.193997       
# span 7 =          1,          1       
# span 8 =     0.0264,     7.5608       
# span 9 =     0.0267,     7.2438       
# span 10 =       1.07,      10.02      
# span 11 =     0.0159,     0.0308      
# span 12 = 4.9241e-11, 4.9241e-11      
# span 13 = 1.0000e-12, 1.0000e-12      
# span 14 = 2.0308e+00, 2.0308e+00      
# span 15 =     6.8307,    10.9892      
# span 16 =     6.8307,    10.9888      
# span 17 =    -0.1657,     0.0598      
# span 18 =     5.0747,     8.6317      
# span 19 =     5.0747,     8.6314      
# span 20 =      1.486,    173.798      
# span 21 =      1.520,    177.404      
# span 22 =     -0.320,      0.542      
# span 23 =    1430.19,    1454.47      
# span 24 =    1430.22,    1454.47      
# span 25 = 0.0000e+00, 0.0000e+00      
# interval = decibars: 0.5              
# start_time = Oct 07 2018 01:49:16 [NMEA time, first data scan]
# bad_flag = -9.990e-29
*END*
[from data line 335]
      13463    169.000     6.0033     6.0035     0.0002    1.19316    1.19311          1     0.0310     0.0360       7.79     0.0171  4.924e-11  1.000e-12  2.031e+00    10.9830    10.9824    -0.0006     8.6270     8.6266    167.363    170.840      0.286    1447.26    1447.26  0.000e+00
      13506    169.500     6.0033     6.0036     0.0003    1.19315    1.19312          1     0.0320     0.0334       7.27     0.0175  4.924e-11  1.000e-12  2.031e+00    10.9829    10.9825    -0.0004     8.6270     8.6266    167.858    171.345      0.282    1447.27    1447.27  0.000e+00
      13547    170.000     6.0033     6.0036     0.0003    1.19317    1.19314          1     0.0323     0.0345       6.75     0.0171  4.924e-11  1.000e-12  2.031e+00    10.9830    10.9825    -0.0004     8.6270     8.6267    168.353    171.850      0.280    1447.28    1447.28  0.000e+00
      13591    170.500     6.0033     6.0036     0.0004    1.19316    1.19315          1     0.0318     0.0343       6.22     0.0179  4.924e-11  1.000e-12  2.031e+00    10.9828    10.9825    -0.0003     8.6269     8.6266    168.848    172.355      0.271    1447.29    1447.29  0.000e+00
      13636    171.000     6.0038     6.0037    -0.0001    1.19329    1.19318          1     0.0319     0.0351       5.70     0.0171  4.924e-11  1.000e-12  2.031e+00    10.9838    10.9827    -0.0011     8.6276     8.6268    169.343    172.860      0.286    1447.30    1447.30  0.000e+00
      13675    171.500     6.0040     6.0041     0.0000    1.19333    1.19326          1     0.0319     0.0331       5.19     0.0171  4.924e-11  1.000e-12  2.031e+00    10.9840    10.9833    -0.0007     8.6278     8.6272    169.838    173.365      0.303    1447.31    1447.31  0.000e+00
      13717    172.000     6.0041     6.0043     0.0002    1.19335    1.19330          1     0.0322     0.0335       4.65     0.0171  4.924e-11  1.000e-12  2.031e+00    10.9841    10.9836    -0.0006     8.6279     8.6274    170.333    173.870      0.273    1447.32    1447.32  0.000e+00
      13761    172.500     6.0045     6.0044    -0.0001    1.19344    1.19334          1     0.0312     0.0352       4.14     0.0174  4.924e-11  1.000e-12  2.031e+00    10.9848    10.9838    -0.0010     8.6284     8.6276    170.828    174.374      0.277    1447.33    1447.33  0.000e+00
      13803    173.000     6.0048     6.0048     0.0000    1.19353    1.19343          1     0.0321     0.0328       3.63     0.0179  4.924e-11  1.000e-12  2.031e+00    10.9855    10.9845    -0.0010     8.6289     8.6281    171.323    174.879      0.287    1447.34    1447.34  0.000e+00
      13846    173.500     6.0052     6.0051    -0.0001    1.19360    1.19349          1     0.0317     0.0335       3.09     0.0175  4.924e-11  1.000e-12  2.031e+00    10.9860    10.9849    -0.0010     8.6293     8.6285    171.818    175.384      0.279    1447.35    1447.35  0.000e+00
      13890    174.000     6.0057     6.0053    -0.0005    1.19372    1.19354          1     0.0310     0.0341       2.57     0.0173  4.924e-11  1.000e-12  2.031e+00    10.9870    10.9853    -0.0017     8.6300     8.6287    172.313    175.889      0.271    1447.36    1447.36  0.000e+00
      13933    174.500     6.0065     6.0062    -0.0003    1.19390    1.19376          1     0.0317     0.0321       2.07     0.0171  4.924e-11  1.000e-12  2.031e+00    10.9883    10.9870    -0.0013     8.6310     8.6300    172.808    176.394      0.279    1447.37    1447.37  0.000e+00
      13977    175.000     6.0070     6.0070    -0.0001    1.19401    1.19391          1     0.0323     0.0344       1.54     0.0171  4.924e-11  1.000e-12  2.031e+00    10.9892    10.9882    -0.0010     8.6317     8.6309    173.303    176.899      0.262    1447.38    1447.38  0.000e+00
      16107    175.500     6.0068     6.0074     0.0006    1.19399    1.19400          1     0.0264     0.0267       1.07     0.0171  4.924e-11  1.000e-12  2.031e+00    10.9890    10.9888    -0.0002     8.6315     8.6314    173.798    177.404     -0.320    1447.39    1447.39  0.000e+00
