ctdpy/exports/archive_20191121_122431/received_data/SBE09_0827_20181003_1753_26_01_1001.cnv
* Sea-Bird SBE 9 Data File:
* FileName = D:\CTD_SBE911\DAT\26DA.2018.10.1.hex
* Software Version Seasave V 7.21d
* Temperature SN = 4548
* Conductivity SN = 3062
* Number of Bytes Per Scan = 48
* Number of Voltage Words = 5
* Number of Scans Averaged by the Deck Unit = 1
* NMEA Latitude = 55 09.63 N
* NMEA Longitude = 013 56.69 E
* NMEA UTC (Time) = Oct 03 2018  17:56:24
* NMEA baud rate = 4800
** Ship: DANA
** Average sound velocity: 1456.14 m/s
** True-depth calculation Thu, 28 Mar 2019 12:13:36 +0000
** CTD Python Module SMHI /ver 3-12/ feb 2012 
** LIMS Job: 20182601-1001
**  Start CTD
** Operator: Christian
** Cruise: 10/2018
# nquan = 26
# nvalues = 84                          
# units = specified
# name 0 = scan: Scan Count
# name 1 = prDM: Pressure, Digiquartz [db]
# name 2 = t090C: Temperature [ITS-90, deg C]
# name 3 = t190C: Temperature, 2 [ITS-90, deg C]
# name 4 = T2-T190C: Temperature Difference, 2 - 1 [ITS-90, deg C]
# name 5 = c0S/m: Conductivity [S/m]
# name 6 = c1S/m: Conductivity, 2 [S/m]
# name 7 = pumps: Pump Status
# name 8 = sbeox1ML/L: Oxygen, SBE 43, 2 [ml/l]
# name 9 = sbeox0ML/L: Oxygen, SBE 43 [ml/l]
# name 10 = altM: Altimeter [m]
# name 11 = chloroflTC0: Chlorophyll, Turner Cyclops [ug/l]
# name 12 = cpar: CPAR/Corrected Irradiance [%]
# name 13 = par: PAR/Irradiance, Biospherical/Lico [µE/(cm^2*s)]
# name 14 = spar: SPAR, Biospherical/Licor
# name 15 = sal00: Salinity, Practical [PSU]
# name 16 = sal11: Salinity, Practical, 2 [PSU]
# name 17 = secS-priS: Salinity, Practical, Difference, 2 - 1 [PSU]
# name 18 = sigma-t00: Density [sigma-t, kg/m^3 ]
# name 19 = sigma-t11: Density, 2 [sigma-t, kg/m^3 ]
# name 20 = depSM: Depth [salt water, m], lat = 55.1605
# name 21 = depFM: Depth [true depth, m], lat = 55.1605
# name 22 = dz/dtM: Descent Rate [m/s], WS = 2
# name 23 = svCM: Sound Velocity [Chen-Millero, m/s]
# name 24 = svCM1: Sound Velocity, 2 [Chen-Millero, m/s]
# name 25 = flag: flag
# span 0 =        171,       4270       
# span 1 =      0.500,     42.000       
# span 2 =     7.1638,    16.0075       
# span 3 =     7.1910,    15.9585       
# span 4 =    -1.6308,     0.4567       
# span 5 =   0.943606,   2.594765       
# span 6 =   0.943760,   2.560420       
# span 7 =          1,          1       
# span 8 =     2.4966,     7.1159       
# span 9 =     2.5769,     6.6560       
# span 10 =       1.80,       9.97      
# span 11 =     0.0000,     0.0000      
# span 12 = 4.9241e-11, 4.9241e-11      
# span 13 = 1.0000e-12, 1.0000e-12      
# span 14 = 2.0308e+00, 2.0308e+00      
# span 15 =     8.1085,    19.6365      
# span 16 =     8.1094,    19.4320      
# span 17 =    -0.8210,     0.0016      
# span 18 =     6.2349,    14.0057      
# span 19 =     6.2358,    13.8820      
# span 20 =      0.496,     41.617      
# span 21 =      0.506,     42.463      
# span 22 =     -0.100,      0.815      
# span 23 =    1447.61,    1492.25      
# span 24 =    1447.64,    1491.47      
# span 25 = 0.0000e+00, 0.0000e+00      
# interval = decibars: 0.5              
# start_time = Oct 03 2018 17:56:24 [NMEA time, first data scan]
# bad_flag = -9.990e-29
*END*
[from data line 56]
       2802     28.500     7.6471     7.6261    -0.0210    1.12637    1.12463          1     4.5980     4.3180       9.97     0.0000  4.924e-11  1.000e-12  2.031e+00     9.8616     9.8510    -0.0105     7.6252     7.6187     28.241     28.839      0.321    1450.48    1450.38  0.000e+00
       2852     29.000     7.6730     7.6470    -0.0258    1.12874    1.12644          1     4.5858     4.2756       9.97     0.0000  4.924e-11  1.000e-12  2.031e+00     9.8765     9.8622    -0.0144     7.6347     7.6256     28.736     29.344      0.191    1450.61    1450.48  0.000e+00
       2911     29.500     7.7952     7.7093    -0.0861    1.14159    1.13234          1     4.5950     4.2314       9.97     0.0000  4.924e-11  1.000e-12  2.031e+00     9.9629     9.9001    -0.0628     7.6919     7.6501     29.232     29.850      0.312    1451.22    1450.79  0.000e+00
       2940     30.000     8.1700     8.0101    -0.1598    1.16904    1.15553          1     4.6182     4.2495       9.97     0.0000  4.924e-11  1.000e-12  2.031e+00    10.1132    10.0325    -0.0807     7.7764     7.7277     29.727     30.355      0.423    1452.94    1452.19  0.000e+00
       2970     30.500     8.5141     8.3339    -0.1807    1.18941    1.17788          1     4.5837     4.2182       9.97     0.0000  4.924e-11  1.000e-12  2.031e+00    10.2038    10.1486    -0.0552     7.8153     7.7891     30.222     30.861      0.282    1454.44    1453.65  0.000e+00
       3051     31.000     8.6715     8.4606    -0.2113    1.20050    1.18580          1     4.5645     4.2112       9.97     0.0000  4.924e-11  1.000e-12  2.031e+00    10.2608    10.1855    -0.0754     7.8445     7.8059     30.718     31.366      0.286    1455.15    1454.21  0.000e+00
       3084     31.500     8.8858     8.7007    -0.1852    1.21377    1.20190          1     4.5866     4.2257       9.97     0.0000  4.924e-11  1.000e-12  2.031e+00    10.3210    10.2652    -0.0557     7.8702     7.8451     31.213     31.871      0.389    1456.08    1455.28  0.000e+00
       3117     32.000     9.0706     8.8821    -0.1886    1.22505    1.21297          1     4.5632     4.2034       9.97     0.0000  4.924e-11  1.000e-12  2.031e+00    10.3708    10.3146    -0.0563     7.8902     7.8655     31.709     32.376      0.278    1456.88    1456.07  0.000e+00
       3180     32.500     9.3148     9.0671    -0.2484    1.24310    1.22432          1     4.6089     4.1066       9.97     0.0000  4.924e-11  1.000e-12  2.031e+00    10.4642    10.3649    -0.0992     7.9372     7.8859     32.204     32.882      0.275    1457.97    1456.87  0.000e+00
       3218     33.000     9.9405     9.3583    -0.5819    1.28903    1.24479          1     4.6409     4.0470       9.97     0.0000  4.924e-11  1.000e-12  2.031e+00    10.6955    10.4665    -0.2290     8.0477     7.9342     32.699     33.387      0.292    1460.69    1458.15  0.000e+00
       3267     33.500    10.8966     9.8504    -1.0458    1.35956    1.28176          1     4.6344     3.9578       9.97     0.0000  4.924e-11  1.000e-12  2.031e+00    11.0368    10.6571    -0.3797     8.1962     8.0285     33.195     33.892      0.225    1464.75    1460.31  0.000e+00
       3316     34.000    12.3322    10.7026    -1.6308    1.48706    1.33546          1     4.3968     4.0271       9.91     0.0000  4.924e-11  1.000e-12  2.031e+00    11.7045    10.8835    -0.8210     8.5171     8.1025     33.690     34.397      0.278    1470.87    1463.85  0.000e+00
       3357     34.500    12.8320    11.7655    -1.0652    1.53435    1.43372          1     4.2544     4.0302       9.44     0.0000  4.924e-11  1.000e-12  2.031e+00    11.9502    11.4187    -0.5315     8.6323     8.3755     34.186     34.902      0.274    1472.97    1468.46  0.000e+00
       3404     35.000    12.9388    12.1424    -0.7967    1.54789    1.47182          1     4.1493     3.9459       8.93     0.0000  4.924e-11  1.000e-12  2.031e+00    12.0308    11.6330    -0.3979     8.6781     8.4894     34.681     35.407      0.285    1473.46    1470.11  0.000e+00
       3441     35.500    13.0228    12.5963    -0.4268    1.56265    1.51542          1     4.0995     3.9386       8.45     0.0000  4.924e-11  1.000e-12  2.031e+00    12.1286    11.8634    -0.2653     8.7405     8.6007     35.176     35.912      0.313    1473.88    1472.04  0.000e+00
       3491     36.000    13.0387    12.8617    -0.1773    1.56923    1.54807          1     4.0784     3.8518       7.89     0.0000  4.924e-11  1.000e-12  2.031e+00    12.1790    12.0566    -0.1223     8.7768     8.7098     35.672     36.417      0.200    1474.00    1473.23  0.000e+00
       3549     36.500    13.0740    12.9915    -0.0825    1.58312    1.56669          1     3.9586     3.7677       7.41     0.0000  4.924e-11  1.000e-12  2.031e+00    12.2846    12.1725    -0.1121     8.8526     8.7791     36.167     36.922      0.260    1474.26    1473.84  0.000e+00
       3586     37.000    13.1055    13.0426    -0.0631    1.60701    1.58329          1     3.6294     3.6608       6.94     0.0000  4.924e-11  1.000e-12  2.031e+00    12.4756    12.2960    -0.1796     8.9947     8.8663     36.663     37.426      0.362    1474.61    1474.17  0.000e+00
       3622     37.500    13.3538    13.1369    -0.2164    1.68991    1.62586          1     3.3050     3.4061       6.40     0.0000  4.924e-11  1.000e-12  2.031e+00    13.0908    12.6240    -0.4668     9.4287     9.1040     37.158     37.931      0.270    1476.22    1474.90  0.000e+00
       3686     38.000    14.1767    13.7249    -0.4526    1.79773    1.72638          1     4.3361     3.3095       5.88     0.0000  4.924e-11  1.000e-12  2.031e+00    13.7045    13.2678    -0.4368     9.7632     9.5037     37.653     38.435      0.266    1479.80    1477.73  0.000e+00
       3722     38.500    15.3196    14.7870    -0.5321    1.92380    1.85689          1     5.5147     3.9647       5.43     0.0000  4.924e-11  1.000e-12  2.031e+00    14.3316    13.9770    -0.3546    10.0414     9.8661     38.149     38.940      0.420    1484.42    1482.21  0.000e+00
       3750     39.000    15.9293    15.5540    -0.3749    2.00018    1.94519          1     5.4830     4.6432       4.94     0.0000  4.924e-11  1.000e-12  2.031e+00    14.7257    14.4198    -0.3059    10.2286    10.0655     38.644     39.444      0.371    1486.90    1485.31  0.000e+00
       3815     39.500    16.0075    15.9585    -0.0489    2.04589    2.01960          1     4.8220     4.8496       4.39     0.0000  4.924e-11  1.000e-12  2.031e+00    15.0644    14.8706    -0.1938    10.4725    10.3337     39.140     39.948      0.236    1487.55    1487.17  0.000e+00
       3870     40.000    15.9056    15.9104     0.0049    2.15600    2.08209          1     3.4837     4.4937       4.00     0.0000  4.924e-11  1.000e-12  2.031e+00    15.9915    15.3926    -0.5989    11.2004    10.7419     39.635     40.452      0.407    1488.29    1487.62  0.000e+00
       3898     40.500    15.3198    15.7765     0.4567    2.24541    2.17788          1     2.6513     3.7377       3.49     0.0000  4.924e-11  1.000e-12  2.031e+00    16.9698    16.2229    -0.7469    12.0604    11.4022     40.130     40.955      0.377    1487.49    1488.14  0.000e+00
       3941     41.000    14.7716    15.0487     0.2767    2.30148    2.26306          1     2.4966     2.8776       2.93     0.0000  4.924e-11  1.000e-12  2.031e+00    17.6755    17.2319    -0.4436    12.7038    12.3123     40.626     41.458      0.222    1486.50    1486.91  0.000e+00
       4000     41.500    15.0532    14.8767    -0.1761    2.40583    2.33937          1     2.8967     2.5769       2.43     0.0000  4.924e-11  1.000e-12  2.031e+00    18.4200    17.9451    -0.4749    13.2213    12.8909     41.121     41.961      0.230    1488.30    1487.17  0.000e+00
       4270     42.000    15.8227    15.6546    -0.1687    2.59477    2.56042          1     3.2418     2.9486       1.80     0.0000  4.924e-11  1.000e-12  2.031e+00    19.6365    19.4320    -0.2046    14.0057    13.8820     41.617     42.463     -0.100    1492.25    1491.47  0.000e+00
