ctdpy/exports/archive_20191121_122431/received_data/SBE09_1044_20181108_1831_34_01_0118.cnv
* Sea-Bird SBE 9 Data File:
* FileName = C:\ctd\temp\ar18d118.hex
* Software Version Seasave V 7.26.7.107
* Temperature SN = 5351
* Conductivity SN = 3941
* Number of Bytes Per Scan = 41
* Number of Voltage Words = 4
* Number of Scans Averaged by the Deck Unit = 1
* NMEA Latitude = 59 29.02 N
* NMEA Longitude = 022 53.82 E
* NMEA UTC (Time) = Nov 08 2018  18:31:26
* NMEA baud rate = 4800
** Station:  LL12
** Operator:  JKro
** Ship: ARANDA
** Average sound velocity: 1451.87 m/s
** True-depth calculation Thu, 08 Nov 2018 19:48:44 +0000
** CTD Python Module SMHI /ver 3-12/ feb 2012 
** LIMS Job: 20183401-0118
** Cruise: SMHI-6-2018
** Latitude [GG MM.mm N]:
** Longitude [GG MM.mm E]
# nquan = 26
# nvalues = 158                         
# units = specified
# name 0 = scan: Scan Count
# name 1 = prDM: Pressure, Digiquartz [db]
# name 2 = t090C: Temperature [ITS-90, deg C]
# name 3 = t190C: Temperature, 2 [ITS-90, deg C]
# name 4 = T2-T190C: Temperature Difference, 2 - 1 [ITS-90, deg C]
# name 5 = c0S/m: Conductivity [S/m]
# name 6 = c1S/m: Conductivity, 2 [S/m]
# name 7 = pumps: Pump Status
# name 8 = sbeox0ML/L: Oxygen, SBE 43 [ml/l]
# name 9 = sbeox1ML/L: Oxygen, SBE 43, 2 [ml/l]
# name 10 = altM: Altimeter [m]
# name 11 = flECO-AFL: Chl-a Fluorescence, WET Labs ECO-AFL/FL [mg/m^3]
# name 12 = flECO-AFL1: Phycocyanin Fluorescence, WET Labs ECO-AFL/FL, 2 [mg/m^3]
# name 13 = par: PAR/Irradiance, Biospherical/Lico [µE/(cm^2*s)]
# name 14 = turbWETntu0: Turbidity, WET Labs ECO [NTU]
# name 15 = sal00: Salinity, Practical [PSU]
# name 16 = sal11: Salinity, Practical, 2 [PSU]
# name 17 = secS-priS: Salinity, Practical, Difference, 2 - 1 [PSU]
# name 18 = sigma-t00: Density [sigma-t, Kg/m^3 ]
# name 19 = sigma-t11: Density, 2 [sigma-t, Kg/m^3 ]
# name 20 = depSM: Depth [salt water, m], lat = 59.4837
# name 21 = depFM: Depth [true depth, m], lat = 59.4837
# name 22 = dz/dtM: Descent Rate [m/s], WS = 2
# name 23 = svCM: Sound Velocity [Chen-Millero, m/s]
# name 24 = svCM1: Sound Velocity, 2 [Chen-Millero, m/s]
# name 25 = flag: flag
# span 0 =      20476,      25175       
# span 1 =      1.000,     79.500       
# span 2 =     5.6650,    10.1653       
# span 3 =     5.6646,    10.1605       
# span 4 =    -0.0160,     0.0170       
# span 5 =   0.800527,   1.160366       
# span 6 =   0.800523,   1.160381       
# span 7 =          1,          1       
# span 8 =    0.13869,    7.11992       
# span 9 =    0.17687,    6.85639       
# span 10 =       0.96,      82.86      
# span 11 =     0.3318,     0.6312      
# span 12 =     0.1781,     0.3218      
# span 13 = 1.0000e-12, 1.7980e+00      
# span 14 =     0.2122,     3.9464      
# span 15 =     6.4246,    10.7061      
# span 16 =     6.4244,    10.7056      
# span 17 =    -0.0202,     0.0047      
# span 18 =     4.7058,     8.4155      
# span 19 =     4.7060,     8.4150      
# span 20 =      0.991,     78.739      
# span 21 =      1.014,     80.542      
# span 22 =     -0.062,      0.650      
# span 23 =    1441.40,    1455.88      
# span 24 =    1441.42,    1455.87      
# span 25 = 0.0000e+00, 0.0000e+00      
# interval = decibars: 0.5              
# start_time = Nov 08 2018 18:31:27 [NMEA time, first data scan]
# bad_flag = -9.990e-29
*END*
      20476      1.000    10.0974    10.1022     0.0049    0.80660    0.80669          1     7.0928     6.7623      82.86     0.6312     0.2850  1.798e+00  0.2471000     6.4275     6.4275    -0.0001     4.7130     4.7124      0.991      1.014      0.100    1455.60    1455.62  0.000e+00
      20808      1.500    10.1420    10.1382    -0.0038    0.80753    0.80741          1     7.0907     6.7963      82.58     0.5695     0.2475  6.320e-01  0.2402000     6.4276     6.4272    -0.0004     4.7082     4.7083      1.486      1.521      0.290    1455.78    1455.77  0.000e+00
      20847      2.000    10.1653    10.1605    -0.0048    0.80802    0.80788          1     7.1199     6.8370      82.11     0.6028     0.2340  9.322e-02  0.2608000     6.4276     6.4272    -0.0003     4.7058     4.7060      1.981      2.028      0.404    1455.88    1455.86  0.000e+00
      20870      2.500    10.1579    10.1604     0.0024    0.80787    0.80791          1     7.1090     6.8158      81.73     0.6029     0.2927  1.289e-02  0.2509000     6.4276     6.4275    -0.0001     4.7065     4.7062      2.477      2.534      0.401    1455.86    1455.87  0.000e+00
      20905      3.000    10.0862    10.0701    -0.0160    0.80616    0.80578          1     7.0839     6.8129      81.16     0.6149     0.2356  1.028e-02  0.2455000     6.4255     6.4251    -0.0004     4.7126     4.7139      2.972      3.041      0.380    1455.59    1455.52  0.000e+00
      20932      3.500     9.9968     9.9977     0.0009    0.80421    0.80421          1     7.0914     6.8127      80.70     0.6048     0.2596  4.600e-03  0.2339000     6.4246     6.4244    -0.0002     4.7213     4.7211      3.467      3.548      0.464    1455.25    1455.25  0.000e+00
      20958      4.000     9.9968     9.9994     0.0026    0.80427    0.80430          1     7.0936     6.8145      80.20     0.6076     0.2888  9.125e-04  0.2471000     6.4251     6.4249    -0.0002     4.7216     4.7212      3.962      4.055      0.485    1455.25    1455.26  0.000e+00
      20981      4.500     9.9995     9.9992    -0.0003    0.80437    0.80433          1     7.1009     6.8082      79.69     0.6161     0.3112  3.872e-03  0.2412000     6.4254     6.4251    -0.0003     4.7216     4.7214      4.458      4.562      0.548    1455.27    1455.27  0.000e+00
      21002      5.000     9.9996    10.0006     0.0011    0.80441    0.80440          1     7.1096     6.8149      79.21     0.6173     0.3218  7.112e-05  0.2411000     6.4257     6.4254    -0.0003     4.7219     4.7215      4.953      5.069      0.556    1455.28    1455.28  0.000e+00
      21024      5.500     9.9970     9.9979     0.0009    0.80437    0.80436          1     7.1109     6.8138      78.69     0.6021     0.3073  1.880e-08  0.2612000     6.4258     6.4255    -0.0003     4.7222     4.7219      5.448      5.576      0.486    1455.28    1455.28  0.000e+00
      21052      6.000     9.9986     9.9998     0.0011    0.80445    0.80443          1     7.1108     6.7979      78.12     0.5991     0.2540  1.000e-12  0.2568000     6.4261     6.4258    -0.0003     4.7222     4.7219      5.944      6.083      0.440    1455.29    1455.30  0.000e+00
      21077      6.500     9.9960     9.9973     0.0014    0.80439    0.80438          1     7.1148     6.7981      77.72     0.5996     0.2491  1.000e-12  0.2488000     6.4260     6.4257    -0.0003     4.7225     4.7221      6.439      6.589      0.535    1455.29    1455.30  0.000e+00
      21097      7.000     9.9948     9.9975     0.0026    0.80434    0.80439          1     7.1178     6.8060      77.32     0.5981     0.2698  1.000e-12  0.2536000     6.4257     6.4257     0.0000     4.7223     4.7221      6.934      7.096      0.625    1455.30    1455.30  0.000e+00
      21116      7.500     9.9947     9.9960     0.0013    0.80435    0.80434          1     7.1075     6.8015      76.91     0.5925     0.2843  1.000e-12  0.2642000     6.4258     6.4255    -0.0003     4.7224     4.7221      7.429      7.603      0.618    1455.30    1455.31  0.000e+00
      21137      8.000     9.9943     9.9959     0.0016    0.80435    0.80435          1     7.1036     6.8048      76.38     0.5758     0.2955  1.000e-12  0.2701000     6.4258     6.4256    -0.0003     4.7225     4.7221      7.925      8.110      0.531    1455.31    1455.32  0.000e+00
      21162      8.500     9.9956     9.9961     0.0005    0.80443    0.80438          1     7.0993     6.8035      75.75     0.5582     0.3103  1.000e-12  0.2421000     6.4262     6.4257    -0.0005     4.7226     4.7222      8.420      8.617      0.461    1455.32    1455.32  0.000e+00
      21188      9.000     9.9953     9.9946    -0.0007    0.80443    0.80434          1     7.1059     6.7955      75.08     0.5759     0.3183  1.000e-12  0.2507000     6.4262     6.4256    -0.0006     4.7227     4.7223      8.915      9.124      0.510    1455.33    1455.32  0.000e+00
      21209      9.500     9.9928     9.9941     0.0013    0.80434    0.80434          1     7.1041     6.7869      74.57     0.5996     0.2798  1.000e-12  0.2681000     6.4259     6.4256    -0.0003     4.7227     4.7223      9.411      9.631      0.573    1455.33    1455.33  0.000e+00
      21230     10.000     9.9918     9.9932     0.0015    0.80432    0.80432          1     7.0929     6.7765      74.07     0.6045     0.2539  1.000e-12  0.2543000     6.4259     6.4255    -0.0003     4.7228     4.7224      9.906     10.138      0.571    1455.33    1455.34  0.000e+00
      21252     10.500     9.9903     9.9913     0.0010    0.80429    0.80426          1     7.0896     6.7872      73.55     0.5989     0.2325  1.000e-12  0.2486000     6.4258     6.4254    -0.0004     4.7229     4.7225     10.401     10.644      0.544    1455.33    1455.34  0.000e+00
      21274     11.000     9.9901     9.9913     0.0012    0.80429    0.80428          1     7.0953     6.7947      73.00     0.5873     0.2601  1.000e-12  0.2433000     6.4258     6.4254    -0.0003     4.7229     4.7225     10.896     11.151      0.526    1455.34    1455.34  0.000e+00
      21297     11.500     9.9924     9.9947     0.0022    0.80440    0.80443          1     7.0974     6.8012      72.49     0.5692     0.2868  1.000e-12  0.2431000     6.4262     6.4261    -0.0002     4.7230     4.7226     11.392     11.658      0.529    1455.36    1455.37  0.000e+00
      21319     12.000     9.9971     9.9985     0.0014    0.80458    0.80458          1     7.0944     6.8102      71.97     0.5755     0.2427  1.000e-12  0.2521000     6.4269     6.4267    -0.0003     4.7231     4.7227     11.887     12.165      0.549    1455.38    1455.39  0.000e+00
      21341     12.500     9.9980     9.9996     0.0016    0.80463    0.80462          1     7.1026     6.8002      71.45     0.6059     0.3080  1.000e-12  0.2570000     6.4271     6.4268    -0.0003     4.7231     4.7227     12.382     12.672      0.563    1455.40    1455.40  0.000e+00
      21362     13.000     9.9979     9.9990     0.0011    0.80464    0.80461          1     7.1119     6.7844      70.93     0.5979     0.2445  1.000e-12  0.2476000     6.4272     6.4268    -0.0004     4.7231     4.7227     12.878     13.179      0.547    1455.41    1455.41  0.000e+00
      21385     13.500     9.9986    10.0002     0.0016    0.80467    0.80466          1     7.1038     6.8209      70.39     0.5799     0.2567  1.000e-12  0.2665000     6.4273     6.4269    -0.0003     4.7232     4.7227     13.373     13.686      0.510    1455.41    1455.42  0.000e+00
      21409     14.000     9.9990    10.0007     0.0017    0.80469    0.80469          1     7.1015     6.7870      69.85     0.5829     0.2903  1.000e-12  0.2486000     6.4273     6.4270    -0.0003     4.7232     4.7228     13.868     14.193      0.507    1455.42    1455.43  0.000e+00
      21432     14.500     9.9994    10.0007     0.0013    0.80471    0.80470          1     7.0953     6.7916      69.36     0.5810     0.2598  1.000e-12  0.2585000     6.4274     6.4271    -0.0004     4.7232     4.7228     14.363     14.699      0.554    1455.43    1455.44  0.000e+00
      21452     15.000     9.9993     9.9990    -0.0003    0.80471    0.80464          1     7.0828     6.7999      68.88     0.5930     0.2199  1.000e-12  0.2525000     6.4274     6.4268    -0.0006     4.7232     4.7228     14.859     15.206      0.593    1455.44    1455.44  0.000e+00
      21473     15.500     9.9988    10.0004     0.0015    0.80471    0.80470          1     7.0953     6.7826      68.38     0.5809     0.2775  1.000e-12  0.2834000     6.4274     6.4270    -0.0003     4.7232     4.7228     15.354     15.713      0.571    1455.45    1455.45  0.000e+00
      21495     16.000     9.9986    10.0001     0.0014    0.80471    0.80469          1     7.1140     6.8273      67.83     0.5683     0.2781  1.000e-12  0.3134000     6.4274     6.4270    -0.0004     4.7232     4.7228     15.849     16.220      0.508    1455.46    1455.46  0.000e+00
      21520     16.500     9.9982     9.9997     0.0015    0.80470    0.80469          1     7.1190     6.8122      67.25     0.5906     0.2293  1.000e-12  0.2474000     6.4273     6.4269    -0.0003     4.7232     4.7228     16.344     16.727      0.507    1455.46    1455.47  0.000e+00
      21542     17.000     9.9989    10.0008     0.0020    0.80472    0.80473          1     7.1028     6.7882      66.75     0.5696     0.2833  1.000e-12  0.2492000     6.4273     6.4271    -0.0002     4.7232     4.7228     16.840     17.234      0.571    1455.47    1455.48  0.000e+00
      21562     17.500     9.9988    10.0001     0.0013    0.80473    0.80471          1     7.1026     6.7942      66.25     0.5976     0.2640  1.000e-12  0.2904000     6.4274     6.4269    -0.0004     4.7232     4.7227     17.335     17.741      0.596    1455.48    1455.48  0.000e+00
      21582     18.000     9.9988    10.0003     0.0015    0.80473    0.80472          1     7.1095     6.8265      65.73     0.5867     0.2073  1.000e-12  0.2739000     6.4273     6.4270    -0.0003     4.7232     4.7228     17.830     18.248      0.558    1455.49    1455.49  0.000e+00
      21605     18.500     9.9990    10.0007     0.0017    0.80475    0.80474          1     7.1018     6.8278      65.16     0.5651     0.2120  1.000e-12  0.2743000     6.4274     6.4270    -0.0003     4.7232     4.7228     18.326     18.754      0.505    1455.50    1455.50  0.000e+00
      21630     19.000     9.9988    10.0003     0.0015    0.80475    0.80474          1     7.1048     6.7853      64.61     0.5799     0.2660  1.000e-12  0.2713000     6.4274     6.4270    -0.0004     4.7232     4.7228     18.821     19.261      0.508    1455.51    1455.51  0.000e+00
      21652     19.500     9.9989    10.0004     0.0015    0.80476    0.80475          1     7.1154     6.7892      64.12     0.5861     0.2650  1.000e-12  0.2582000     6.4274     6.4270    -0.0004     4.7233     4.7228     19.316     19.768      0.539    1455.51    1455.52  0.000e+00
      21674     20.000     9.9989    10.0004     0.0015    0.80477    0.80476          1     7.1059     6.8046      63.62     0.5740     0.2401  1.000e-12  0.2509000     6.4275     6.4271    -0.0003     4.7233     4.7229     19.811     20.275      0.555    1455.52    1455.53  0.000e+00
      21696     20.500     9.9988    10.0003     0.0015    0.80477    0.80477          1     7.0879     6.7997      63.08     0.5794     0.2186  1.000e-12  0.2512000     6.4274     6.4271    -0.0003     4.7233     4.7229     20.306     20.782      0.561    1455.53    1455.53  0.000e+00
      21717     21.000     9.9990    10.0002     0.0011    0.80478    0.80476          1     7.0868     6.8125      62.57     0.5982     0.2483  1.000e-12  0.2413000     6.4274     6.4270    -0.0004     4.7233     4.7228     20.802     21.289      0.555    1455.54    1455.54  0.000e+00
      21739     21.500     9.9989    10.0003     0.0014    0.80480    0.80478          1     7.0997     6.7967      61.96     0.5995     0.3212  1.000e-12  0.2473000     6.4275     6.4271    -0.0004     4.7233     4.7229     21.297     21.796      0.537    1455.55    1455.55  0.000e+00
      21762     22.000     9.9989    10.0005     0.0016    0.80480    0.80478          1     7.1071     6.7878      61.40     0.6027     0.3066  1.000e-12  0.2425000     6.4275     6.4271    -0.0004     4.7233     4.7228     21.792     22.303      0.532    1455.55    1455.56  0.000e+00
      21784     22.500     9.9987    10.0004     0.0017    0.80479    0.80479          1     7.1069     6.8087      60.85     0.6016     0.2650  1.000e-12  0.2457000     6.4274     6.4271    -0.0003     4.7233     4.7228     22.288     22.809      0.547    1455.56    1455.57  0.000e+00
      21806     23.000     9.9987    10.0001     0.0014    0.80481    0.80480          1     7.0978     6.8177      60.26     0.6028     0.2992  1.000e-12  0.2476000     6.4275     6.4271    -0.0004     4.7234     4.7229     22.783     23.316      0.557    1455.57    1455.57  0.000e+00
      21827     23.500     9.9988    10.0001     0.0013    0.80481    0.80479          1     7.0947     6.8043      59.84     0.6039     0.2457  1.000e-12  0.2511000     6.4275     6.4271    -0.0004     4.7233     4.7229     23.278     23.823      0.545    1455.58    1455.58  0.000e+00
      21850     24.000     9.9985    10.0000     0.0015    0.80481    0.80480          1     7.1039     6.8068      59.10     0.5996     0.2195  1.000e-12  0.2584000     6.4275     6.4271    -0.0004     4.7233     4.7229     23.773     24.330      0.528    1455.58    1455.59  0.000e+00
      21873     24.500     9.9986    10.0003     0.0017    0.80481    0.80480          1     7.1072     6.7945      58.27     0.5983     0.2532  1.000e-12  0.2486000     6.4274     6.4270    -0.0004     4.7233     4.7228     24.269     24.837      0.531    1455.59    1455.60  0.000e+00
      21895     25.000     9.9988    10.0007     0.0019    0.80483    0.80482          1     7.0961     6.8063      57.80     0.6056     0.2888  1.000e-12  0.3153000     6.4275     6.4271    -0.0004     4.7233     4.7228     24.764     25.344      0.554    1455.60    1455.61  0.000e+00
      21916     25.500     9.9990    10.0006     0.0017    0.80483    0.80482          1     7.0893     6.8061      57.26     0.6039     0.2505  1.000e-12  0.2494000     6.4274     6.4270    -0.0004     4.7232     4.7228     25.259     25.851      0.572    1455.61    1455.62  0.000e+00
      21937     26.000     9.9986    10.0003     0.0017    0.80483    0.80482          1     7.1060     6.8022      56.62     0.6120     0.2497  1.000e-12  0.2387000     6.4274     6.4270    -0.0003     4.7233     4.7228     25.754     26.358      0.565    1455.62    1455.62  0.000e+00
      21959     26.500     9.9980     9.9997     0.0017    0.80481    0.80480          1     7.1157     6.8053      55.91     0.6212     0.2598  1.000e-12  0.2443000     6.4273     6.4269    -0.0004     4.7233     4.7228     26.250     26.864      0.526    1455.62    1455.63  0.000e+00
      21983     27.000     9.9984    10.0000     0.0016    0.80485    0.80482          1     7.1167     6.8019      55.43     0.6236     0.3190  1.000e-12  0.2463000     6.4275     6.4270    -0.0005     4.7234     4.7228     26.745     27.371      0.501    1455.63    1455.64  0.000e+00
      22006     27.500     9.9988    10.0005     0.0017    0.80486    0.80486          1     7.1114     6.8054      54.88     0.6149     0.3148  1.000e-12  0.2465000     6.4275     6.4272    -0.0003     4.7233     4.7229     27.240     27.878      0.543    1455.64    1455.65  0.000e+00
      22027     28.000     9.9984    10.0005     0.0020    0.80485    0.80487          1     7.1052     6.7968      54.40     0.6170     0.2540  1.000e-12  0.2599000     6.4274     6.4272    -0.0002     4.7233     4.7229     27.735     28.385      0.601    1455.65    1455.66  0.000e+00
