ctdpy/exports/archive_20191121_122431/received_data/SBE09_1044_20180319_1948_34_02_0071.cnv
* Sea-Bird SBE 9 Data File:
* FileName = C:\ctd\temp\2018\ME18D071.hex
* Software Version Seasave V 7.26.6.26
* Temperature SN = 5351
* Conductivity SN = 3941
* Number of Bytes Per Scan = 41
* Number of Voltage Words = 4
* Number of Scans Averaged by the Deck Unit = 1
* NMEA Latitude = 58 15.58 N
* NMEA Longitude = 011 26.13 E
* NMEA UTC (Time) = Mar 19 2018  19:48:33
* NMEA baud rate = 4800
** Station:  Slägg
** Operator:  A-KTh
** Ship: MERI
** Average sound velocity: 1464.65 m/s
** True-depth calculation Mon, 19 Mar 2018 20:44:34 +0000
** CTD Python Module SMHI /ver 3-12/ feb 2012 
** LIMS Job: 20183402-0071
** Cruise: SMHI-02-2018
** Latitude [GG MM.mm N] :
** Longitude [GG MM.mm E]:
# nquan = 26
# nvalues = 134                         
# units = specified
# name 0 = scan: Scan Count
# name 1 = prDM: Pressure, Digiquartz [db]
# name 2 = t090C: Temperature [ITS-90, deg C]
# name 3 = t190C: Temperature, 2 [ITS-90, deg C]
# name 4 = T2-T190C: Temperature Difference, 2 - 1 [ITS-90, deg C]
# name 5 = c0S/m: Conductivity [S/m]
# name 6 = c1S/m: Conductivity, 2 [S/m]
# name 7 = pumps: Pump Status
# name 8 = sbeox0ML/L: Oxygen, SBE 43 [ml/l]
# name 9 = sbeox1ML/L: Oxygen, SBE 43, 2 [ml/l]
# name 10 = altM: Altimeter [m]
# name 11 = flECO-AFL: Chl-a Fluorescence, WET Labs ECO-AFL/FL [mg/m^3]
# name 12 = flECO-AFL1: Phycocyanin Fluorescence, WET Labs ECO-AFL/FL, 2 [mg/m^3]
# name 13 = par: PAR/Irradiance, Biospherical/Lico [µE/(cm^2*s)]
# name 14 = turbWETntu0: Turbidity, WET Labs ECO [NTU]
# name 15 = sal00: Salinity, Practical [PSU]
# name 16 = sal11: Salinity, Practical, 2 [PSU]
# name 17 = secS-priS: Salinity, Practical, Difference, 2 - 1 [PSU]
# name 18 = sigma-t00: Density [sigma-t, Kg/m^3 ]
# name 19 = sigma-t11: Density, 2 [sigma-t, Kg/m^3 ]
# name 20 = depSM: Depth [salt water, m], lat = 58.2597
# name 21 = depFM: Depth [true depth, m], lat = 58.2597
# name 22 = dz/dtM: Descent Rate [m/s], WS = 2
# name 23 = svCM: Sound Velocity [Chen-Millero, m/s]
# name 24 = svCM1: Sound Velocity, 2 [Chen-Millero, m/s]
# name 25 = flag: flag
# span 0 =      16740,      20169       
# span 1 =      0.500,     67.000       
# span 2 =    -0.2280,     6.5963       
# span 3 =    -0.2269,     6.6004       
# span 4 =    -0.2697,     0.0151       
# span 5 =   1.781744,   3.455453       
# span 6 =   1.780640,   3.456324       
# span 7 =          1,          1       
# span 8 =    4.23492,    9.85338       
# span 9 =    4.20345,    9.83903       
# span 10 =       1.81,      99.20      
# span 11 =     0.0874,    11.6754      
# span 12 =     0.1465,     1.6766      
# span 13 = -1.582e-02, 2.7963e-01      
# span 14 =     0.5414,     1.3726      
# span 15 =    20.6334,    34.5676      
# span 16 =    20.6390,    34.5729      
# span 17 =    -0.0676,     0.0484      
# span 18 =    16.5247,    27.1331      
# span 19 =    16.5295,    27.1367      
# span 20 =      0.495,     66.367      
# span 21 =      0.501,     66.599      
# span 22 =     -0.200,      0.553      
# span 23 =    1428.98,    1477.64      
# span 24 =    1428.95,    1477.67      
# span 25 = 0.0000e+00, 0.0000e+00      
# interval = decibars: 0.5              
# start_time = Mar 19 2018 19:48:33 [NMEA time, first data scan]
# bad_flag = -9.990e-29
*END*
[from data line 56]
      18342     28.500     6.3602     6.3599    -0.0003    3.37995    3.37988          1     4.3174     4.3127      40.85     0.1631     0.1880  1.000e-12  0.6293000    33.9829    33.9824    -0.0006    26.7029    26.7025     28.233     28.416      0.550    1475.35    1475.35  0.000e+00
      18364     29.000     6.3879     6.3871    -0.0008    3.38655    3.38656          1     4.2741     4.2503      40.20     0.1500     0.2181  1.000e-12  0.6505000    34.0286    34.0295     0.0008    26.7354    26.7361     28.729     28.912      0.542    1475.53    1475.52  0.000e+00
      18387     29.500     6.4048     6.4036    -0.0011    3.39115    3.39106          1     4.2356     4.2388      39.65     0.1504     0.2062  1.000e-12  0.6662000    34.0627    34.0630     0.0002    26.7601    26.7605     29.224     29.408      0.527    1475.64    1475.64  0.000e+00
      18410     30.000     6.3860     6.3844    -0.0017    3.38979    3.38957          1     4.2680     4.2927      39.07     0.1383     0.1634  1.000e-12  0.6031000    34.0661    34.0653    -0.0008    26.7652    26.7648     29.719     29.904      0.521    1475.58    1475.58  0.000e+00
      18433     30.500     6.3809     6.3827     0.0016    3.39098    3.39103          1     4.2799     4.2782      38.53     0.1387     0.2079  1.000e-12  0.6045000    34.0842    34.0830    -0.0011    26.7802    26.7790     30.214     30.400      0.527    1475.59    1475.60  0.000e+00
      18455     31.000     6.4444     6.4430    -0.0012    3.40176    3.40161          1     4.2349     4.2292      38.15     0.1294     0.1814  1.000e-12  0.6105000    34.1407    34.1404    -0.0003    26.8165    26.8164     30.710     30.896      0.535    1475.92    1475.92  0.000e+00
      18478     31.500     6.4088     6.4102     0.0013    3.39985    3.39993          1     4.2530     4.2803      37.47     0.1187     0.1834  1.000e-12  0.5782000    34.1548    34.1543    -0.0004    26.8322    26.8317     31.205     31.392      0.540    1475.81    1475.81  0.000e+00
      18500     32.000     6.3834     6.3829    -0.0005    3.39742    3.39732          1     4.3407     4.3879      37.10     0.1250     0.2018  1.000e-12  0.5763000    34.1529    34.1524    -0.0005    26.8340    26.8337     31.700     31.887      0.542    1475.71    1475.71  0.000e+00
      18522     32.500     6.3596     6.3595    -0.0001    3.39616    3.39610          1     4.4100     4.4497      36.44     0.1318     0.1944  1.000e-12  0.6170000    34.1624    34.1618    -0.0005    26.8446    26.8442     32.196     32.383      0.540    1475.64    1475.64  0.000e+00
      18544     33.000     6.3650     6.3643    -0.0006    3.39736    3.39728          1     4.4292     4.4645      35.88     0.1140     0.2071  1.000e-12  0.6558000    34.1702    34.1700    -0.0002    26.8501    26.8500     32.691     32.879      0.533    1475.68    1475.68  0.000e+00
      18567     33.500     6.3359     6.3402     0.0043    3.39672    3.39711          1     4.5065     4.5708      35.37     0.1138     0.2928  1.000e-12  0.6371000    34.1921    34.1920    -0.0001    26.8712    26.8705     33.186     33.375      0.526    1475.60    1475.62  0.000e+00
      18590     34.000     6.2726     6.2748     0.0022    3.39249    3.39274          1     4.7109     4.8252      35.02     0.1154     0.2653  1.000e-12  0.5414000    34.2081    34.2087     0.0006    26.8921    26.8923     33.681     33.871      0.527    1475.38    1475.39  0.000e+00
      18612     34.500     6.1937     6.1943     0.0006    3.38618    3.38627          1     4.9615     5.0873      34.61     0.1138     0.2312  1.000e-12  0.5837000    34.2166    34.2170     0.0004    26.9089    26.9091     34.177     34.367      0.533    1475.09    1475.09  0.000e+00
      18635     35.000     6.1638     6.1662     0.0023    3.38389    3.38410          1     5.1318     5.2113      33.90     0.1138     0.2206  1.000e-12  0.6006000    34.2208    34.2208     0.0000    26.9160    26.9158     34.672     34.863      0.538    1474.98    1474.99  0.000e+00
      18657     35.500     6.1598     6.1587    -0.0011    3.38357    3.38350          1     5.2178     5.2809      33.46     0.1138     0.2198  1.000e-12  0.6224000    34.2209    34.2212     0.0003    26.9166    26.9171     35.167     35.359      0.539    1474.98    1474.97  0.000e+00
      18679     36.000     6.1316     6.1333     0.0016    3.38202    3.38208          1     5.3237     5.4063      33.11     0.1204     0.2112  1.000e-12  0.6364000    34.2317    34.2307    -0.0010    26.9288    26.9278     35.663     35.855      0.540    1474.89    1474.89  0.000e+00
      18702     36.500     6.1312     6.1327     0.0015    3.38362    3.38382          1     5.4469     5.5224      32.44     0.1221     0.1465  1.000e-12  0.6624000    34.2498    34.2506     0.0008    26.9432    26.9436     36.158     36.351      0.537    1474.92    1474.92  0.000e+00
      18724     37.000     6.1433     6.1472     0.0039    3.38545    3.38604          1     5.5264     5.5716      32.03     0.1095     0.2212  1.000e-12  0.7278000    34.2580    34.2606     0.0027    26.9481    26.9497     36.653     36.847      0.528    1474.98    1475.00  0.000e+00
      18747     37.500     6.1618     6.1693     0.0077    3.38817    3.38916          1     5.5653     5.5907      31.51     0.0919     0.1826  1.000e-12  0.8063000    34.2696    34.2731     0.0036    26.9548    26.9567     37.148     37.343      0.521    1475.08    1475.11  0.000e+00
      18770     38.000     6.1909     6.1954     0.0044    3.39224    3.39286          1     5.5787     5.5991      30.85     0.1138     0.1958  1.000e-12  0.7427000    34.2857    34.2881     0.0024    26.9638    26.9652     37.644     37.839      0.527    1475.22    1475.24  0.000e+00
      18793     38.500     6.2040     6.2034    -0.0006    3.39406    3.39398          1     5.5761     5.5922      30.37     0.1016     0.2058  1.000e-12  0.8294000    34.2926    34.2922    -0.0004    26.9676    26.9674     38.139     38.334      0.540    1475.29    1475.29  0.000e+00
      18815     39.000     6.2096     6.2112     0.0016    3.39483    3.39501          1     5.5667     5.5796      29.94     0.1121     0.2171  1.000e-12  0.7691000    34.2953    34.2957     0.0004    26.9691    26.9692     38.634     38.830      0.544    1475.32    1475.33  0.000e+00
      18837     39.500     6.2123     6.2128     0.0005    3.39523    3.39529          1     5.5589     5.5726      29.42     0.0976     0.2379  1.000e-12  0.7706000    34.2968    34.2970     0.0002    26.9699    26.9699     39.129     39.326      0.543    1475.35    1475.35  0.000e+00
      18859     40.000     6.2135     6.2111    -0.0024    3.39538    3.39509          1     5.5567     5.5679      28.97     0.0963     0.2254  1.000e-12  0.7827000    34.2971    34.2963    -0.0008    26.9699    26.9696     39.625     39.822      0.537    1475.36    1475.35  0.000e+00
      18881     40.500     6.2119     6.2125     0.0005    3.39522    3.39531          1     5.5570     5.5618      28.38     0.1016     0.2068  1.000e-12  0.8176000    34.2965    34.2970     0.0005    26.9697    26.9700     40.120     40.318      0.521    1475.36    1475.36  0.000e+00
      18905     41.000     6.2177     6.2138    -0.0039    3.39612    3.39556          1     5.5572     5.5678      27.80     0.0979     0.2223  1.000e-12  0.8465000    34.3005    34.2982    -0.0023    26.9721    26.9708     40.615     40.814      0.504    1475.39    1475.38  0.000e+00
      18929     41.500     6.2287     6.2222    -0.0065    3.39762    3.39674          1     5.5645     5.5816      27.33     0.0980     0.2364  1.000e-12  0.8163000    34.3060    34.3028    -0.0033    26.9750    26.9733     41.110     41.310      0.514    1475.45    1475.42  0.000e+00
      18952     42.000     6.2348     6.2338    -0.0010    3.39847    3.39835          1     5.5678     5.5798      26.84     0.1250     0.2297  1.000e-12  0.8238000    34.3092    34.3087    -0.0005    26.9767    26.9765     41.606     41.806      0.537    1475.49    1475.48  0.000e+00
      18974     42.500     6.2332     6.2342     0.0010    3.39831    3.39845          1     5.5627     5.5798      26.40     0.1138     0.2209  1.000e-12  0.8010000    34.3087    34.3092     0.0005    26.9766    26.9768     42.101     42.302      0.547    1475.49    1475.50  0.000e+00
      18996     43.000     6.2269     6.2266    -0.0003    3.39750    3.39748          1     5.5695     5.5844      25.46     0.1253     0.2212  1.000e-12  0.8200000    34.3057    34.3058     0.0001    26.9750    26.9751     42.596     42.798      0.527    1475.47    1475.47  0.000e+00
      19019     43.500     6.2328     6.2384     0.0056    3.39834    3.39914          1     5.5721     5.5895      25.16     0.1055     0.2189  1.000e-12  0.8492000    34.3089    34.3123     0.0033    26.9768    26.9787     43.091     43.293      0.506    1475.51    1475.53  0.000e+00
      19043     44.000     6.2539     6.2535    -0.0004    3.40112    3.40110          1     5.5725     5.5899      24.73     0.1112     0.2074  1.000e-12  0.8706000    34.3186    34.3187     0.0001    26.9817    26.9819     43.587     43.789      0.506    1475.61    1475.61  0.000e+00
      19066     44.500     6.2571     6.2572     0.0002    3.40163    3.40168          1     5.5770     5.5944      24.02     0.1138     0.2390  1.000e-12  0.8539000    34.3208    34.3212     0.0004    26.9830    26.9833     44.082     44.285      0.518    1475.63    1475.63  0.000e+00
      19089     45.000     6.2575     6.2577     0.0001    3.40176    3.40179          1     5.5846     5.6034      23.12     0.1138     0.2093  1.000e-12  0.8459000    34.3215    34.3217     0.0003    26.9835    26.9837     44.577     44.781      0.529    1475.64    1475.64  0.000e+00
      19112     45.500     6.2667     6.2690     0.0023    3.40329    3.40361          1     5.5981     5.6179      22.33     0.1138     0.2173  1.000e-12  0.8734000    34.3291    34.3304     0.0013    26.9883    26.9890     45.072     45.277      0.528    1475.70    1475.71  0.000e+00
      19135     46.000     6.2752     6.2754     0.0002    3.40452    3.40458          1     5.6189     5.6357      21.79     0.1059     0.1933  1.000e-12  0.8967000    34.3341    34.3345     0.0004    26.9912    26.9915     45.568     45.773      0.517    1475.75    1475.75  0.000e+00
      19158     46.500     6.2797     6.2790    -0.0007    3.40511    3.40507          1     5.6314     5.6522      21.13     0.0924     0.2118  1.000e-12  0.8974000    34.3360    34.3362     0.0002    26.9920    26.9923     46.063     46.269      0.501    1475.77    1475.77  0.000e+00
      19183     47.000     6.2814     6.2815     0.0001    3.40537    3.40540          1     5.6376     5.6554      20.63     0.1062     0.2257  1.000e-12  0.9550000    34.3368    34.3371     0.0003    26.9925    26.9927     46.558     46.765      0.504    1475.79    1475.79  0.000e+00
      19206     47.500     6.2822     6.2826     0.0004    3.40551    3.40558          1     5.6379     5.6555      20.10     0.1244     0.2071  1.000e-12  1.0414000    34.3373    34.3378     0.0005    26.9928    26.9931     47.053     47.260      0.518    1475.80    1475.80  0.000e+00
      19229     48.000     6.2884     6.2882    -0.0001    3.40642    3.40643          1     5.6292     5.6480      19.51     0.1138     0.2014  1.000e-12  0.9919000    34.3411    34.3413     0.0002    26.9950    26.9951     47.549     47.756      0.520    1475.84    1475.84  0.000e+00
      19252     48.500     6.2978     6.3001     0.0023    3.40782    3.40816          1     5.6263     5.6445      19.07     0.1016     0.1767  1.000e-12  1.0285000    34.3470    34.3484     0.0015    26.9984    26.9993     48.044     48.252      0.506    1475.89    1475.90  0.000e+00
      19276     49.000     6.3137     6.3132    -0.0005    3.41004    3.40997          1     5.6339     5.6459      18.51     0.0909     0.2065  1.000e-12  0.9723000    34.3555    34.3553    -0.0002    27.0031    27.0030     48.539     48.748      0.506    1475.97    1475.97  0.000e+00
      19300     49.500     6.3315     6.3306    -0.0009    3.41263    3.41253          1     5.6364     5.6484      18.00     0.0893     0.1782  1.000e-12  1.0185000    34.3663    34.3660    -0.0002    27.0093    27.0092     49.034     49.244      0.511    1476.07    1476.06  0.000e+00
      19323     50.000     6.3381     6.3371    -0.0011    3.41371    3.41354          1     5.6337     5.6479      17.57     0.1258     0.1894  1.000e-12  1.0000000    34.3714    34.3706    -0.0008    27.0124    27.0119     49.530     49.740      0.515    1476.11    1476.10  0.000e+00
      19347     50.500     6.3426     6.3424    -0.0002    3.41444    3.41445          1     5.6304     5.6513      17.34     0.1066     0.1917  1.000e-12  1.0329000    34.3747    34.3751     0.0004    27.0145    27.0148     50.025     50.236      0.515    1476.14    1476.14  0.000e+00
      19370     51.000     6.3461     6.3463     0.0002    3.41502    3.41508          1     5.6333     5.6472      17.29     0.0964     0.2219  1.000e-12  1.0589000    34.3775    34.3780     0.0005    27.0162    27.0166     50.520     50.732      0.522    1476.16    1476.16  0.000e+00
      19392     51.500     6.3483     6.3489     0.0006    3.41538    3.41549          1     5.6343     5.6387      16.81     0.1016     0.2171  1.000e-12  1.0379000    34.3791    34.3797     0.0006    27.0172    27.0176     51.015     51.227      0.535    1476.18    1476.18  0.000e+00
      19415     52.000     6.3528     6.3524    -0.0005    3.41608    3.41606          1     5.6321     5.6408      16.40     0.1078     0.1914  1.000e-12  1.0255000    34.3820    34.3823     0.0003    27.0189    27.0192     51.511     51.723      0.539    1476.21    1476.21  0.000e+00
      19437     52.500     6.3523     6.3523     0.0000    3.41602    3.41605          1     5.6256     5.6423      15.88     0.1240     0.1919  1.000e-12  1.0846000    34.3816    34.3819     0.0003    27.0186    27.0189     52.006     52.219      0.525    1476.22    1476.22  0.000e+00
      19461     53.000     6.3584     6.3592     0.0007    3.41700    3.41716          1     5.6227     5.6476      14.94     0.1128     0.1924  1.000e-12  1.0951000    34.3861    34.3872     0.0011    27.0214    27.0222     52.501     52.715      0.507    1476.25    1476.26  0.000e+00
      19484     53.500     6.3623     6.3619    -0.0003    3.41759    3.41763          1     5.6300     5.6497      14.20     0.1027     0.2395  1.000e-12  1.0975000    34.3886    34.3894     0.0007    27.0229    27.0235     52.996     53.211      0.506    1476.28    1476.28  0.000e+00
      19508     54.000     6.3767     6.3764    -0.0002    3.41988    3.41993          1     5.6329     5.6440      14.04     0.1137     0.1814  1.000e-12  1.1838000    34.3994    34.4002     0.0008    27.0295    27.0301     53.491     53.707      0.522    1476.36    1476.36  0.000e+00
      19530     54.500     6.3944     6.3991     0.0046    3.42274    3.42350          1     5.6264     5.6384      13.92     0.1138     0.2003  1.000e-12  1.2286000    34.4132    34.4169     0.0037    27.0380    27.0404     53.987     54.203      0.539    1476.45    1476.48  0.000e+00
      19552     55.000     6.4084     6.4083    -0.0001    3.42494    3.42494          1     5.6217     5.6446      13.43     0.1138     0.2162  1.000e-12  1.2387000    34.4234    34.4234     0.0001    27.0442    27.0443     54.482     54.699      0.546    1476.53    1476.53  0.000e+00
      19574     55.500     6.4212     6.4230     0.0018    3.42693    3.42728          1     5.6227     5.6485      12.93     0.1210     0.2060  1.000e-12  1.3094000    34.4324    34.4345     0.0021    27.0497    27.0511     54.977     55.194      0.533    1476.60    1476.61  0.000e+00
