ctdpy/exports/archive_20191121_122431/received_data/SBE09_1044_20180319_0422_34_02_0067.cnv
* Sea-Bird SBE 9 Data File:
* FileName = C:\ctd\temp\2018\ME18D067.hex
* Software Version Seasave V 7.26.6.26
* Temperature SN = 5351
* Conductivity SN = 3941
* Number of Bytes Per Scan = 41
* Number of Voltage Words = 4
* Number of Scans Averaged by the Deck Unit = 1
* NMEA Latitude = 56 40.10 N
* NMEA Longitude = 012 06.68 E
* NMEA UTC (Time) = Mar 19 2018  04:22:22
* NMEA baud rate = 4800
** Station:  Anholt E
** Operator:  OBac
** Ship: MERI
** Average sound velocity: 1459.44 m/s
** True-depth calculation Mon, 19 Mar 2018 05:19:22 +0000
** CTD Python Module SMHI /ver 3-12/ feb 2012 
** LIMS Job: 20183402-0067
** Cruise: SMHI-02-2018
** Latitude [GG MM.mm N] :
** Longitude [GG MM.mm E]:
# nquan = 26
# nvalues = 116                         
# units = specified
# name 0 = scan: Scan Count
# name 1 = prDM: Pressure, Digiquartz [db]
# name 2 = t090C: Temperature [ITS-90, deg C]
# name 3 = t190C: Temperature, 2 [ITS-90, deg C]
# name 4 = T2-T190C: Temperature Difference, 2 - 1 [ITS-90, deg C]
# name 5 = c0S/m: Conductivity [S/m]
# name 6 = c1S/m: Conductivity, 2 [S/m]
# name 7 = pumps: Pump Status
# name 8 = sbeox0ML/L: Oxygen, SBE 43 [ml/l]
# name 9 = sbeox1ML/L: Oxygen, SBE 43, 2 [ml/l]
# name 10 = altM: Altimeter [m]
# name 11 = flECO-AFL: Chl-a Fluorescence, WET Labs ECO-AFL/FL [mg/m^3]
# name 12 = flECO-AFL1: Phycocyanin Fluorescence, WET Labs ECO-AFL/FL, 2 [mg/m^3]
# name 13 = par: PAR/Irradiance, Biospherical/Lico [µE/(cm^2*s)]
# name 14 = turbWETntu0: Turbidity, WET Labs ECO [NTU]
# name 15 = sal00: Salinity, Practical [PSU]
# name 16 = sal11: Salinity, Practical, 2 [PSU]
# name 17 = secS-priS: Salinity, Practical, Difference, 2 - 1 [PSU]
# name 18 = sigma-t00: Density [sigma-t, Kg/m^3 ]
# name 19 = sigma-t11: Density, 2 [sigma-t, Kg/m^3 ]
# name 20 = depSM: Depth [salt water, m], lat = 56.6683
# name 21 = depFM: Depth [true depth, m], lat = 56.6683
# name 22 = dz/dtM: Descent Rate [m/s], WS = 2
# name 23 = svCM: Sound Velocity [Chen-Millero, m/s]
# name 24 = svCM1: Sound Velocity, 2 [Chen-Millero, m/s]
# name 25 = flag: flag
# span 0 =      12756,      15600       
# span 1 =      1.000,     58.500       
# span 2 =     0.1742,     6.1467       
# span 3 =     0.1769,     6.1463       
# span 4 =    -0.0387,     0.0283       
# span 5 =   1.541918,   3.293438       
# span 6 =   1.542112,   3.293867       
# span 7 =          1,          1       
# span 8 =    5.96796,    9.28149       
# span 9 =    5.98017,    9.30313       
# span 10 =       3.22,      99.21      
# span 11 =     0.2834,    13.9736      
# span 12 =     0.2192,     2.8038      
# span 13 = 1.0000e-12, 6.7755e-01      
# span 14 =     0.3405,     2.5826      
# span 15 =    17.4247,    33.8964      
# span 16 =    17.4253,    33.8992      
# span 17 =    -0.1087,     0.0155      
# span 18 =    13.9399,    26.7468      
# span 19 =    13.9404,    26.7488      
# span 20 =      0.991,     57.956      
# span 21 =      1.005,     58.256      
# span 22 =      0.129,      0.518      
# span 23 =    1426.60,    1473.16      
# span 24 =    1426.61,    1473.16      
# span 25 = 0.0000e+00, 0.0000e+00      
# interval = decibars: 0.5              
# start_time = Mar 19 2018 04:22:23 [NMEA time, first data scan]
# bad_flag = -9.990e-29
*END*
      12756      1.000     0.1835     0.1835     0.0001    1.54312    1.54308          1     9.2631     9.3009      97.95     3.6620     0.6123  6.775e-01  0.3745000    17.4350    17.4345    -0.0005    13.9482    13.9478      0.991      1.005      0.131    1426.63    1426.63  0.000e+00
      12801      1.500     0.1763     0.1785     0.0023    1.54245    1.54266          1     9.2698     9.3000      98.09     3.4043     0.6709  1.623e-01  0.5745000    17.4307    17.4320     0.0013    13.9447    13.9458      1.486      1.507      0.275    1426.60    1426.61  0.000e+00
      12838      2.000     0.1767     0.1795     0.0028    1.54238    1.54266          1     9.2775     9.2991      98.14     3.2510     0.6471  6.205e-02  0.5937000    17.4294    17.4313     0.0019    13.9437    13.9452      1.982      2.009      0.341    1426.60    1426.62  0.000e+00
      12873      2.500     0.1791     0.1782    -0.0009    1.54267    1.54241          1     9.2684     9.3031      98.14     3.3863     0.6183  7.288e-02  0.6190000    17.4314    17.4287    -0.0026    13.9453    13.9432      2.477      2.511      0.371    1426.63    1426.62  0.000e+00
      12903      3.000     0.1831     0.1814    -0.0016    1.54316    1.54279          1     9.2571     9.3016      98.10     3.2858     0.6683  3.323e-02  0.6039000    17.4349    17.4314    -0.0035    13.9482    13.9453      2.972      3.014      0.426    1426.66    1426.65  0.000e+00
      12930      3.500     0.1742     0.1771     0.0029    1.54192    1.54222          1     9.2639     9.3012      98.15     3.4141     0.6359  1.543e-02  0.6026000    17.4247    17.4267     0.0021    13.9399    13.9416      3.468      3.516      0.450    1426.61    1426.63  0.000e+00
      12956      4.000     0.1763     0.1769     0.0006    1.54219    1.54211          1     9.2637     9.3019      98.18     3.4286     0.5789  7.698e-03  0.5885000    17.4267    17.4253    -0.0013    13.9415    13.9404      3.963      4.018      0.446    1426.63    1426.63  0.000e+00
      12984      4.500     0.1770     0.1787     0.0017    1.54222    1.54227          1     9.2671     9.3028      92.97     3.3825     0.7325  4.080e-04  0.6353000    17.4265    17.4261    -0.0003    13.9413    13.9411      4.459      4.520      0.442    1426.64    1426.65  0.000e+00
      13010      5.000     0.1815     0.1818     0.0004    1.54273    1.54252          1     9.2676     9.3029      57.89     3.3100     0.6332  3.551e-06  0.6688000    17.4300    17.4271    -0.0029    13.9442    13.9419      4.954      5.023      0.459    1426.68    1426.67  0.000e+00
      13036      5.500     0.1829     0.1851     0.0023    1.54290    1.54300          1     9.2666     9.2918      89.33     3.3000     0.6642  1.000e-12  0.6386000    17.4311    17.4311    -0.0000    13.9450    13.9450      5.450      5.525      0.476    1426.69    1426.70  0.000e+00
      13061      6.000     0.1814     0.1827     0.0013    1.54275    1.54274          1     9.2518     9.2758      98.22     3.2628     0.6866  1.000e-12  0.6213000    17.4298    17.4291    -0.0007    13.9441    13.9434      5.945      6.027      0.505    1426.69    1426.69  0.000e+00
      13084      6.500     0.1811     0.1820     0.0009    1.54273    1.54271          1     9.2785     9.2942      98.05     3.4294     0.6904  1.000e-12  0.6320000    17.4297    17.4289    -0.0008    13.9439    13.9433      6.440      6.529      0.513    1426.70    1426.70  0.000e+00
      13107      7.000     0.1911     0.1946     0.0036    1.54447    1.54517          1     9.2815     9.2892      98.00     3.5313     0.7473  1.000e-12  0.6408000    17.4451    17.4517     0.0066    13.9563    13.9617      6.936      7.032      0.505    1426.77    1426.80  0.000e+00
      13131      7.500     0.2340     0.2368     0.0028    1.55124    1.55148          1     9.2575     9.2759      98.16     3.2832     0.6932  1.000e-12  0.6240000    17.5033    17.5047     0.0014    14.0032    14.0043      7.431      7.534      0.502    1427.06    1427.08  0.000e+00
      13155      8.000     0.2398     0.2419     0.0021    1.55218    1.55213          1     9.2391     9.2508      98.28     3.3965     0.6886  1.000e-12  0.6448000    17.5113    17.5095    -0.0018    14.0097    14.0082      7.927      8.036      0.502    1427.11    1427.12  0.000e+00
      13179      8.500     0.2474     0.2483     0.0009    1.55276    1.55265          1     9.2429     9.2416      98.45     3.3542     0.6886  1.000e-12  0.6149000    17.5139    17.5120    -0.0018    14.0117    14.0103      8.422      8.538      0.502    1427.16    1427.16  0.000e+00
      13203      9.000     0.2534     0.2544     0.0010    1.55354    1.55352          1     9.2403     9.2393      98.56     3.4954     0.7698  1.000e-12  0.6726000    17.5198    17.5190    -0.0008    14.0165    14.0159      8.917      9.041      0.503    1427.20    1427.21  0.000e+00
      13227      9.500     0.2814     0.2815     0.0001    1.55721    1.55711          1     9.2260     9.2305      98.65     3.3164     0.7388  1.000e-12  0.6430000    17.5485    17.5472    -0.0013    14.0396    14.0386      9.413      9.543      0.502    1427.38    1427.38  0.000e+00
      13251     10.000     0.2901     0.2896    -0.0005    1.55819    1.55803          1     9.2053     9.2182      98.68     3.7225     0.6651  1.000e-12  0.7087000    17.5554    17.5537    -0.0016    14.0451    14.0438      9.908     10.045      0.500    1427.44    1427.44  0.000e+00
      13275     10.500     0.3031     0.3020    -0.0011    1.56014    1.55981          1     9.1990     9.2264      98.68     3.6560     0.6896  1.000e-12  0.6723000    17.5715    17.5682    -0.0033    14.0581    14.0554     10.404     10.547      0.498    1427.53    1427.52  0.000e+00
      13299     11.000     0.3110     0.3132     0.0021    1.56155    1.56168          1     9.1983     9.2197      98.68     3.9288     0.7115  1.000e-12  0.6517000    17.5841    17.5845     0.0004    14.0682    14.0685     10.899     11.050      0.503    1427.60    1427.60  0.000e+00
      13323     11.500     0.3428     0.3493     0.0065    1.56616    1.56691          1     9.1507     9.1598      98.68     4.1430     0.6855  1.000e-12  0.6596000    17.6219    17.6274     0.0055    14.0985    14.1029     11.394     11.552      0.505    1427.80    1427.84  0.000e+00
      13347     12.000     0.3579     0.3588     0.0008    1.56783    1.56800          1     9.1450     9.1597      98.68     3.8673     0.7051  1.000e-12  0.6441000    17.6334    17.6351     0.0016    14.1078    14.1091     11.890     12.054      0.499    1427.90    1427.91  0.000e+00
      13371     12.500     0.3755     0.3714    -0.0039    1.57055    1.56973          1     9.1447     9.1616      98.63     3.8107     0.7633  1.000e-12  0.6082000    17.6564    17.6488    -0.0077    14.1262    14.1201     12.385     12.556      0.496    1428.02    1427.99  0.000e+00
      13395     13.000     0.4886     0.4932     0.0044    1.58670    1.58746          1     9.0939     9.0769      98.58     4.2801     0.6911  1.000e-12  0.6231000    17.7877    17.7942     0.0065    14.2313    14.2366     12.881     13.058      0.498    1428.74    1428.77  0.000e+00
      13419     13.500     0.5370     0.5550     0.0180    1.59380    1.59593          1     8.8716     8.8507      68.67     4.5436     0.6485  1.000e-12  0.6780000    17.8457    17.8613     0.0155    14.2777    14.2901     13.376     13.560      0.496    1429.06    1429.16  0.000e+00
      13443     14.000     0.6029     0.5957    -0.0072    1.60523    1.60304          1     8.8290     8.8127      86.95     4.9348     0.7295  1.000e-12  0.7543000    17.9463    17.9238    -0.0225    14.3581    14.3401     13.871     14.062      0.495    1429.51    1429.45  0.000e+00
      13467     14.500     0.7202     0.7032    -0.0172    1.63466    1.63052          1     8.4806     8.4277      98.39     5.4905     0.8439  1.000e-12  0.7625000    18.2334    18.1933    -0.0400    14.5875    14.5556     14.367     14.564      0.502    1430.45    1430.32  0.000e+00
      13491     15.000     1.2078     1.1937    -0.0141    1.76729    1.76099          1     8.1569     8.0543      98.63     5.9092     1.2376  1.000e-12  0.7382000    19.5368    19.4695    -0.0672    15.6254    15.5717     14.862     15.066      0.501    1434.46    1434.31  0.000e+00
      13515     15.500     1.5470     1.5206    -0.0263    1.87784    1.86843          1     8.1584     7.9738      86.61     5.8724     1.0652  1.000e-12  0.7628000    20.6456    20.5503    -0.0953    16.5048    16.4293     15.358     15.567      0.487    1437.49    1437.25  0.000e+00
      13540     16.000     2.4505     2.4349    -0.0157    2.26871    2.25878          1     7.6741     7.3979      46.33     7.9439     2.4479  1.000e-12  1.1182000    24.6485    24.5398    -0.1087    19.6608    19.5744     15.853     16.068      0.483    1446.79    1446.58  0.000e+00
      13565     16.500     3.3134     3.2997    -0.0134    2.51355    2.51160          1     7.0026     6.7730      89.42    13.9736     2.8038  1.000e-12  1.8922000    26.8677    26.8562    -0.0114    21.3775    21.3695     16.348     16.567      0.499    1453.49    1453.42  0.000e+00
      13589     17.000     3.5767     3.5620    -0.0147    2.58052    2.57940          1     6.7856     6.6465      94.63     1.8281     0.7946  1.000e-12  0.3950000    27.4299    27.4292    -0.0008    21.8044    21.8050     16.844     17.065      0.504    1455.36    1455.30  0.000e+00
      13612     17.500     3.8855     3.8518    -0.0335    2.65257    2.64745          1     6.7587     6.6630      56.43     3.2294     0.7165  1.000e-12  0.4967000    28.0062    27.9757    -0.0306    22.2372    22.2158     17.339     17.563      0.503    1457.43    1457.25  0.000e+00
      13636     18.000     4.5612     4.5226    -0.0387    2.83061    2.82153          1     6.5935     6.5263      94.01     6.3884     0.5257  1.000e-12  1.2737000    29.4688    29.3986    -0.0703    23.3362    23.2842     17.834     18.061      0.508    1462.16    1461.91  0.000e+00
      13660     18.500     4.8865     4.8820    -0.0045    2.91580    2.91500          1     6.4768     6.4424      54.06     2.6153     0.2621  1.000e-12  0.3790000    30.1539    30.1488    -0.0051    23.8472    23.8436     18.330     18.559      0.505    1464.39    1464.37  0.000e+00
      13684     19.000     4.9819     4.9762    -0.0056    2.94717    2.94515          1     6.3881     6.3778      62.66     1.1465     0.3128  1.000e-12  0.3405000    30.4246    30.4068    -0.0179    24.0517    24.0382     18.825     19.056      0.493    1465.14    1465.09  0.000e+00
      13708     19.500     5.0924     5.0856    -0.0068    2.98403    2.98146          1     6.3623     6.3596      66.06     1.0273     0.3123  1.000e-12  0.3782000    30.7428    30.7198    -0.0230    24.2920    24.2745     19.321     19.553      0.492    1466.01    1465.95  0.000e+00
      13733     20.000     5.1413     5.1349    -0.0066    3.00700    3.00435          1     6.3508     6.3411      49.53     0.7676     0.3124  1.000e-12  0.3735000    30.9586    30.9345    -0.0241    24.4575    24.4392     19.816     20.051      0.504    1466.49    1466.43  0.000e+00
      13756     20.500     5.3716     5.3569    -0.0146    3.07086    3.06725          1     6.3087     6.2805      42.56     0.7305     0.3124  1.000e-12  0.3930000    31.4684    31.4413    -0.0271    24.8356    24.8158     20.311     20.548      0.509    1468.08    1467.99  0.000e+00
      13780     21.000     5.5954     5.5852    -0.0102    3.12260    3.12115          1     6.2622     6.2162      51.74     0.8545     0.5531  1.000e-12  0.4447000    31.8421    31.8354    -0.0067    25.1057    25.1016     20.807     21.044      0.503    1469.47    1469.42  0.000e+00
      13804     21.500     5.8723     5.8670    -0.0054    3.18313    3.18115          1     6.1403     6.0857      93.93     3.0703     0.7154  1.000e-12  0.6960000    32.2595    32.2422    -0.0172    25.4029    25.3899     21.302     21.541      0.497    1471.12    1471.08  0.000e+00
      13828     22.000     6.0870     6.0848    -0.0022    3.23684    3.23649          1     6.0275     5.9990      41.83     2.9504     0.7161  1.000e-12  0.7118000    32.6554    32.6536    -0.0018    25.6896    25.6884     21.797     22.038      0.494    1472.49    1472.48  0.000e+00
      13852     22.500     6.0990     6.0980    -0.0010    3.23894    3.23883          1     5.9797     5.9802      40.56     1.0692     0.5233  1.000e-12  0.5948000    32.6670    32.6668    -0.0001    25.6972    25.6973     22.293     22.534      0.491    1472.56    1472.56  0.000e+00
      13877     23.000     6.0994     6.0992    -0.0002    3.23885    3.23878          1     5.9822     5.9976      52.38     0.3629     0.2859  1.000e-12  0.5776000    32.6655    32.6648    -0.0007    25.6960    25.6955     22.788     23.031      0.496    1472.57    1472.57  0.000e+00
      13901     23.500     6.1058     6.1045    -0.0013    3.23999    3.23970          1     5.9893     6.0115      99.21     0.3923     0.2607  1.000e-12  0.5837000    32.6718    32.6697    -0.0020    25.7002    25.6987     23.283     23.527      0.505    1472.61    1472.60  0.000e+00
      13924     24.000     6.1437     6.1426    -0.0010    3.25073    3.25051          1     5.9941     6.0157      98.71     2.0742     0.3524  1.000e-12  0.7986000    32.7550    32.7536    -0.0014    25.7612    25.7602     23.779     24.024      0.507    1472.87    1472.87  0.000e+00
      13948     24.500     6.1467     6.1463    -0.0004    3.25678    3.25662          1     5.9820     6.0035      45.42     4.6050     0.9612  1.000e-12  1.1077000    32.8194    32.8179    -0.0015    25.8117    25.8105     24.274     24.520      0.507    1472.98    1472.97  0.000e+00
      13972     25.000     6.1354     6.1354     0.0000    3.25815    3.25805          1     5.9680     5.9957      37.94     0.6173     0.2192  1.000e-12  0.6024000    32.8454    32.8442    -0.0011    25.8336    25.8327     24.770     25.017      0.503    1472.97    1472.97  0.000e+00
      13996     25.500     6.0464     6.0501     0.0037    3.25473    3.25480          1     6.0143     6.0499      37.56     0.3797     0.3081  1.000e-12  0.6482000    32.8931    32.8903    -0.0028    25.8823    25.8796     25.265     25.513      0.494    1472.69    1472.70  0.000e+00
      14020     26.000     6.0254     6.0256     0.0002    3.25771    3.25761          1     6.0575     6.0684      37.14     0.4288     0.3030  1.000e-12  0.7274000    32.9467    32.9454    -0.0013    25.9272    25.9261     25.760     26.010      0.492    1472.68    1472.68  0.000e+00
      14045     26.500     6.0750     6.0724    -0.0027    3.26411    3.26388          1     6.0504     6.0425      36.65     0.2834     0.3011  1.000e-12  0.6353000    32.9698    32.9699     0.0000    25.9393    25.9397     26.256     26.506      0.500    1472.91    1472.90  0.000e+00
      14068     27.000     6.1155     6.1142    -0.0013    3.27039    3.27017          1     6.0148     6.0127      36.15     0.3450     1.6574  1.000e-12  0.6651000    33.0006    32.9993    -0.0012    25.9586    25.9578     26.751     27.002      0.508    1473.12    1473.11  0.000e+00
      14092     27.500     6.1175     6.1177     0.0003    3.27191    3.27190          1     5.9835     5.9919      35.81     0.2886     1.0824  1.000e-12  0.6668000    33.0154    33.0150    -0.0004    25.9700    25.9697     27.246     27.499      0.507    1473.16    1473.16  0.000e+00
      14116     28.000     6.0901     6.0915     0.0014    3.27159    3.27160          1     5.9840     5.9967      35.17     0.6233     0.2818  1.000e-12  0.7385000    33.0382    33.0370    -0.0013    25.9915    25.9903     27.742     27.995      0.503    1473.08    1473.09  0.000e+00
