ctdpy/exports/archive_20191121_122431/received_data/SBE09_0827_20180904_1139_26_01_0959.cnv
* Sea-Bird SBE 9 Data File:
* FileName = D:\CTD_SBE911\DAT\26DA.2018.9.9.hex
* Software Version Seasave V 7.21d
* Temperature SN = 034605
* Conductivity SN = 041844
* Number of Bytes Per Scan = 48
* Number of Voltage Words = 5
* Number of Scans Averaged by the Deck Unit = 1
* NMEA Latitude = 56 38.15 N
* NMEA Longitude = 019 35.12 E
* NMEA UTC (Time) = Sep 04 2018  11:41:39
* NMEA baud rate = 4800
** Ship: DANA
** Average sound velocity: 1448.79 m/s
** True-depth calculation Wed, 03 Apr 2019 09:25:41 +0000
** CTD Python Module SMHI /ver 3-12/ feb 2012 
** LIMS Job: 20182601-0959
**  BY10
** Operator: Christian
** Cruise: 09/2018
# nquan = 26
# nvalues = 277                         
# units = specified
# name 0 = scan: Scan Count
# name 1 = prDM: Pressure, Digiquartz [db]
# name 2 = t090C: Temperature [ITS-90, deg C]
# name 3 = t190C: Temperature, 2 [ITS-90, deg C]
# name 4 = T2-T190C: Temperature Difference, 2 - 1 [ITS-90, deg C]
# name 5 = c0S/m: Conductivity [S/m]
# name 6 = c1S/m: Conductivity, 2 [S/m]
# name 7 = pumps: Pump Status
# name 8 = sbeox1ML/L: Oxygen, SBE 43, 2 [ml/l]
# name 9 = sbeox0ML/L: Oxygen, SBE 43 [ml/l]
# name 10 = altM: Altimeter [m]
# name 11 = chloroflTC0: Chlorophyll, Turner Cyclops [ug/l]
# name 12 = cpar: CPAR/Corrected Irradiance [%]
# name 13 = par: PAR/Irradiance, Biospherical/Lico [µE/(cm^2*s)]
# name 14 = spar: SPAR, Biospherical/Licor
# name 15 = sal00: Salinity, Practical [PSU]
# name 16 = sal11: Salinity, Practical, 2 [PSU]
# name 17 = secS-priS: Salinity, Practical, Difference, 2 - 1 [PSU]
# name 18 = sigma-t00: Density [sigma-t, kg/m^3 ]
# name 19 = sigma-t11: Density, 2 [sigma-t, kg/m^3 ]
# name 20 = depSM: Depth [salt water, m], lat = 56.6358
# name 21 = depFM: Depth [true depth, m], lat = 56.6358
# name 22 = dz/dtM: Descent Rate [m/s], WS = 2
# name 23 = svCM: Sound Velocity [Chen-Millero, m/s]
# name 24 = svCM1: Sound Velocity, 2 [Chen-Millero, m/s]
# name 25 = flag: flag
# span 0 =        282,      15323       
# span 1 =      2.000,    140.000       
# span 2 =     3.3069,    18.9499       
# span 3 =     3.2778,    18.9532       
# span 4 =    -3.3894,     0.1751       
# span 5 =   0.760675,   1.406219       
# span 6 =   0.760632,   1.405758       
# span 7 =          1,          1       
# span 8 =     0.0381,     7.7577       
# span 9 =     0.0223,     8.0567       
# span 10 =       1.50,       9.98      
# span 11 =     0.0440,     0.2603      
# span 12 = -5.714e-06, 7.7857e+00      
# span 13 = -1.126e-04, 1.5337e+02      
# span 14 = 1.9596e+03, 1.9837e+03      
# span 15 =     6.7818,    12.8288      
# span 16 =     6.7795,    12.8244      
# span 17 =    -0.0872,     0.1671      
# span 18 =     3.5859,    10.0215      
# span 19 =     3.5822,    10.0182      
# span 20 =      1.982,    138.672      
# span 21 =      2.030,    141.579      
# span 22 =     -0.178,      0.309      
# span 23 =    1429.07,    1486.92      
# span 24 =    1428.95,    1486.92      
# span 25 = 0.0000e+00, 0.0000e+00      
# interval = decibars: 0.5              
# start_time = Sep 04 2018 11:41:40 [NMEA time, first data scan]
# bad_flag = -9.990e-29
*END*
[from data line 168]
       8575     86.000     6.2017     6.1936    -0.0081    1.19531    1.19331          1     0.0748     0.0566       9.97     0.0500  5.062e-14  1.000e-12  1.975e+03    10.9554    10.9383    -0.0171     8.5924     8.5794     85.195     87.088      0.231    1446.74    1446.69  0.000e+00
       8627     86.500     6.2250     6.2131    -0.0119    1.19926    1.19676          1     0.0726     0.0581       9.97     0.0496  5.061e-14  1.000e-12  1.976e+03    10.9870    10.9661    -0.0209     8.6156     8.6000     85.690     87.593      0.240    1446.89    1446.81  0.000e+00
       8676     87.000     6.2482     6.2383    -0.0100    1.20364    1.20128          1     0.0723     0.0551       9.97     0.0500  5.061e-14  1.000e-12  1.976e+03    11.0228    11.0026    -0.0202     8.6422     8.6270     86.185     88.098      0.241    1447.04    1446.97  0.000e+00
       8725     87.500     6.2609     6.2531    -0.0078    1.20626    1.20454          1     0.0718     0.0555       9.97     0.0492  5.061e-14  1.000e-12  1.976e+03    11.0445    11.0300    -0.0144     8.6584     8.6476     86.681     88.603      0.257    1447.13    1447.08  0.000e+00
       8774     88.000     6.2712     6.2630    -0.0083    1.20786    1.20593          1     0.0723     0.0552       9.97     0.0484  5.061e-14  1.000e-12  1.976e+03    11.0569    11.0405    -0.0164     8.6675     8.6552     87.176     89.108      0.226    1447.20    1447.14  0.000e+00
       8828     88.500     6.2916     6.2826    -0.0090    1.21149    1.20937          1     0.0714     0.0537       9.97     0.0476  5.061e-14  1.000e-12  1.976e+03    11.0861    11.0681    -0.0180     8.6891     8.6755     87.671     89.613      0.233    1447.33    1447.27  0.000e+00
       8880     89.000     6.3109     6.2943    -0.0166    1.21453    1.21172          1     0.0678     0.0541       9.97     0.0477  5.061e-14  1.000e-12  1.976e+03    11.1097    11.0874    -0.0224     8.7063     8.6899     88.166     90.118      0.224    1447.45    1447.35  0.000e+00
       8932     89.500     6.3289     6.3159    -0.0130    1.21696    1.21443          1     0.0677     0.0534       9.97     0.0477  5.062e-14  1.000e-12  1.976e+03    11.1278    11.1071    -0.0208     8.7193     8.7039     88.662     90.623      0.239    1447.55    1447.47  0.000e+00
       8981     90.000     6.3357     6.3271    -0.0087    1.21867    1.21682          1     0.0672     0.0510       9.97     0.0497  5.065e-14  1.000e-12  1.974e+03    11.1424    11.1270    -0.0154     8.7303     8.7188     89.157     91.128      0.242    1447.61    1447.55  0.000e+00
       9032     90.500     6.3396     6.3288    -0.0108    1.21975    1.21737          1     0.0680     0.0511       9.97     0.0478  5.066e-14  1.000e-12  1.974e+03    11.1517    11.1318    -0.0200     8.7374     8.7224     89.652     91.632      0.242    1447.64    1447.57  0.000e+00
       9079     91.000     6.3454     6.3396    -0.0058    1.22099    1.21946          1     0.0681     0.0494       9.97     0.0458  5.073e-14  1.000e-12  1.971e+03    11.1620    11.1488    -0.0132     8.7451     8.7351     90.147     92.137      0.260    1447.69    1447.65  0.000e+00
       9129     91.500     6.3602     6.3437    -0.0165    1.22297    1.22015          1     0.0685     0.0532       9.97     0.0473  5.072e-14  1.000e-12  1.972e+03    11.1767    11.1541    -0.0226     8.7556     8.7390     90.642     92.642      0.228    1447.78    1447.68  0.000e+00
       9180     92.000     6.3669     6.3583    -0.0086    1.22472    1.22253          1     0.0674     0.0632       9.97     0.0463  5.076e-14  1.000e-12  1.970e+03    11.1917    11.1728    -0.0189     8.7669     8.7527     91.138     93.147      0.242    1447.83    1447.77  0.000e+00
       9231     92.500     6.3773     6.3592    -0.0181    1.22653    1.22309          1     0.0725     0.0936       9.97     0.0460  5.076e-14  1.000e-12  1.970e+03    11.2061    11.1780    -0.0281     8.7775     8.7567     91.633     93.652      0.224    1447.90    1447.79  0.000e+00
       9283     93.000     6.3891     6.3692    -0.0199    1.22867    1.22466          1     0.0803     0.1088       9.97     0.0461  5.080e-14  1.000e-12  1.968e+03    11.2232    11.1901    -0.0331     8.7902     8.7655     92.128     94.157      0.243    1447.98    1447.86  0.000e+00
       9332     93.500     6.4104     6.3804    -0.0300    1.23236    1.22680          1     0.0980     0.1295       9.97     0.0473  5.072e-14  1.000e-12  1.972e+03    11.2525    11.2075    -0.0450     8.8117     8.7784     92.623     94.662      0.239    1448.12    1447.93  0.000e+00
       9382     94.000     6.4342     6.4014    -0.0328    1.23696    1.23012          1     0.1142     0.1578       9.97     0.0467  5.070e-14  1.000e-12  1.972e+03    11.2901    11.2333    -0.0568     8.8395     8.7972     93.118     95.166      0.253    1448.27    1448.06  0.000e+00
       9429     94.500     6.4526     6.4185    -0.0341    1.24040    1.23406          1     0.1353     0.1680       9.97     0.0460  5.080e-14  1.000e-12  1.968e+03    11.3178    11.2665    -0.0513     8.8600     8.8221     93.614     95.671      0.248    1448.39    1448.19  0.000e+00
       9480     95.000     6.4651     6.4326    -0.0324    1.24246    1.23638          1     0.1554     0.1725       9.97     0.0467  5.078e-14  1.000e-12  1.969e+03    11.3339    11.2846    -0.0493     8.8718     8.8354     94.109     96.176      0.235    1448.47    1448.28  0.000e+00
       9528     95.500     6.4744     6.4509    -0.0235    1.24414    1.23985          1     0.1631     0.1797       9.97     0.0456  5.067e-14  1.000e-12  1.973e+03    11.3473    11.3128    -0.0345     8.8816     8.8562     94.604     96.681      0.249    1448.54    1448.39  0.000e+00
       9579     96.000     6.4824     6.4617    -0.0207    1.24528    1.24162          1     0.1798     0.1982       9.97     0.0464  5.072e-14  1.000e-12  1.971e+03    11.3558    11.3266    -0.0293     8.8878     8.8663     95.099     97.185      0.228    1448.59    1448.47  0.000e+00
       9630     96.500     6.4998     6.4684    -0.0314    1.24758    1.24279          1     0.1875     0.2331       9.97     0.0457  5.075e-14  1.000e-12  1.971e+03    11.3726    11.3358    -0.0368     8.8998     8.8730     95.594     97.690      0.245    1448.69    1448.51  0.000e+00
       9677     97.000     6.5203     6.4812    -0.0391    1.25023    1.24450          1     0.1985     0.2451       9.97     0.0461  5.081e-14  1.000e-12  1.968e+03    11.3918    11.3483    -0.0436     8.9134     8.8819     96.090     98.195      0.261    1448.81    1448.59  0.000e+00
       9724     97.500     6.5406     6.5026    -0.0380    1.25336    1.24739          1     0.2186     0.2696       9.97     0.0457  5.085e-14  1.000e-12  1.966e+03    11.4158    11.3696    -0.0461     8.9307     8.8972     96.585     98.700      0.248    1448.93    1448.72  0.000e+00
       9772     98.000     6.5467     6.5181    -0.0287    1.25574    1.24997          1     0.2416     0.2874       9.97     0.0456  5.082e-14  1.000e-12  1.968e+03    11.4371    11.3898    -0.0473     8.9470     8.9119     97.080     99.205      0.249    1448.99    1448.81  0.000e+00
       9822     98.500     6.5529     6.5322    -0.0207    1.25745    1.25263          1     0.2615     0.2963       9.97     0.0456  5.076e-14  1.000e-12  1.970e+03    11.4518    11.4112    -0.0405     8.9581     8.9277     97.575     99.709      0.242    1449.05    1448.91  0.000e+00
       9870     99.000     6.5565     6.5399    -0.0166    1.25882    1.25463          1     0.2768     0.2980       9.97     0.0485  5.070e-14  1.000e-12  1.972e+03    11.4640    11.4282    -0.0358     8.9674     8.9405     98.070    100.214      0.249    1449.08    1448.97  0.000e+00
       9921     99.500     6.5475     6.5469    -0.0007    1.25931    1.25651          1     0.2941     0.2232       9.97     0.0461  5.066e-14  1.000e-12  1.974e+03    11.4717    11.4444    -0.0273     8.9741     8.9527     98.565    100.719      0.227    1449.06    1449.03  0.000e+00
       9971    100.000     6.5387     6.5458     0.0071    1.25972    1.25762          1     0.2904     0.0791       9.97     0.0464  5.061e-14  1.000e-12  1.976e+03    11.4786    11.4556    -0.0230     8.9802     8.9616     99.061    101.224      0.257    1449.04    1449.04  0.000e+00
      10018    100.500     6.5428     6.5420    -0.0009    1.26048    1.25828          1     0.2538     0.1102       9.97     0.0465  5.076e-14  1.000e-12  1.970e+03    11.4846    11.4632    -0.0213     8.9846     8.9679     99.556    101.728      0.243    1449.08    1449.05  0.000e+00
      10067    101.000     6.5657     6.5434    -0.0223    1.26298    1.25921          1     0.1932     0.2767       9.97     0.0473  5.065e-14  1.000e-12  1.974e+03    11.5015    11.4719    -0.0296     8.9962     8.9746    100.051    102.233      0.258    1449.20    1449.07  0.000e+00
      10115    101.500     6.5825     6.5511    -0.0314    1.26554    1.26047          1     0.1939     0.3140       9.97     0.0460  5.061e-14  1.000e-12  1.976e+03    11.5210    11.4816    -0.0394     9.0103     8.9816    100.546    102.738      0.241    1449.30    1449.12  0.000e+00
      10163    102.000     6.5904     6.5669    -0.0235    1.26707    1.26259          1     0.2267     0.3210       9.97     0.0444  5.063e-14  1.000e-12  1.975e+03    11.5333    11.4970    -0.0363     9.0194     8.9926    101.041    103.242      0.259    1449.36    1449.22  0.000e+00
      10212    102.500     6.6005     6.5741    -0.0264    1.26941    1.26410          1     0.2670     0.3192       9.97     0.0457  5.061e-14  1.000e-12  1.976e+03    11.5529    11.5095    -0.0434     9.0340     9.0019    101.537    103.747      0.227    1449.44    1449.27  0.000e+00
      10263    103.000     6.6013     6.5853    -0.0160    1.27144    1.26606          1     0.2926     0.2609       9.97     0.0459  5.061e-14  1.000e-12  1.976e+03    11.5724    11.5249    -0.0476     9.0493     9.0132    102.032    104.252      0.251    1449.47    1449.35  0.000e+00
      10311    103.500     6.6095     6.5913    -0.0182    1.27445    1.26805          1     0.2978     0.2596       9.97     0.0457  5.055e-14  1.000e-12  1.978e+03    11.5993    11.5424    -0.0569     9.0698     9.0265    102.527    104.757      0.247    1449.55    1449.40  0.000e+00
      10359    104.000     6.6141     6.5973    -0.0168    1.27725    1.27002          1     0.2939     0.2387       9.97     0.0456  5.055e-14  1.000e-12  1.978e+03    11.6252    11.5597    -0.0656     9.0899     9.0396    103.022    105.261      0.252    1449.61    1449.45  0.000e+00
      10408    104.500     6.6178     6.6027    -0.0151    1.27991    1.27245          1     0.2835     0.2113       9.97     0.0451  5.055e-14  1.000e-12  1.978e+03    11.6501    11.5817    -0.0684     9.1091     9.0565    103.517    105.766      0.245    1449.66    1449.51  0.000e+00
      10455    105.000     6.6236     6.6089    -0.0147    1.28253    1.27552          1     0.2728     0.1701       9.97     0.0450  5.056e-14  1.000e-12  1.978e+03    11.6737    11.6097    -0.0641     9.1273     9.0780    104.012    106.271      0.258    1449.72    1449.58  0.000e+00
      10504    105.500     6.6302     6.6132    -0.0169    1.28490    1.27770          1     0.2490     0.2121       9.97     0.0465  5.061e-14  1.000e-12  1.976e+03    11.6947    11.6296    -0.0651     9.1433     9.0934    104.508    106.775      0.232    1449.79    1449.63  0.000e+00
      10556    106.000     6.6365     6.6192    -0.0173    1.28738    1.28028          1     0.2314     0.2246       9.97     0.0462  5.066e-14  1.000e-12  1.974e+03    11.7169    11.6529    -0.0640     9.1602     9.1112    105.003    107.280      0.237    1449.85    1449.69  0.000e+00
      10606    106.500     6.6355     6.6246    -0.0110    1.28993    1.28241          1     0.2297     0.2432       9.97     0.0454  5.076e-14  1.000e-12  1.970e+03    11.7423    11.6720    -0.0703     9.1802     9.1258    105.498    107.785      0.240    1449.88    1449.75  0.000e+00
      10656    107.000     6.6303     6.6293    -0.0010    1.29183    1.28536          1     0.2383     0.2631       9.97     0.0460  5.103e-14  1.000e-12  1.960e+03    11.7627    11.6994    -0.0633     9.1966     9.1470    105.993    108.289      0.243    1449.89    1449.81  0.000e+00
      10704    107.500     6.6314     6.6294    -0.0020    1.29348    1.28758          1     0.2442     0.2309       9.97     0.0459  5.083e-14  1.000e-12  1.967e+03    11.7785    11.7211    -0.0575     9.2090     9.1640    106.488    108.794      0.253    1449.93    1449.85  0.000e+00
      10751    108.000     6.6261     6.6296     0.0035    1.29460    1.28950          1     0.2495     0.1889       9.97     0.0461  5.071e-14  1.000e-12  1.972e+03    11.7913    11.7398    -0.0515     9.2194     9.1787    106.983    109.298      0.266    1449.93    1449.88  0.000e+00
      10797    108.500     6.6257     6.6282     0.0024    1.29607    1.29116          1     0.2474     0.1026       9.97     0.0457  5.070e-14  1.000e-12  1.972e+03    11.8058    11.7566    -0.0492     9.2309     9.1920    107.479    109.803      0.245    1449.95    1449.90  0.000e+00
      10847    109.000     6.6284     6.6268    -0.0016    1.29797    1.29301          1     0.2298     0.0911       9.97     0.0460  5.069e-14  1.000e-12  1.973e+03    11.8235    11.7752    -0.0484     9.2446     9.2067    107.974    110.308      0.246    1449.99    1449.93  0.000e+00
      10897    109.500     6.6316     6.6266    -0.0049    1.29972    1.29447          1     0.1903     0.1283       9.97     0.0469  5.068e-14  1.000e-12  1.973e+03    11.8395    11.7895    -0.0501     9.2569     9.2180    108.469    110.812      0.231    1450.04    1449.95  0.000e+00
      10949    110.000     6.6329     6.6278    -0.0050    1.30147    1.29603          1     0.1665     0.1343       9.97     0.0451  5.066e-14  1.000e-12  1.974e+03    11.8562    11.8043    -0.0519     9.2699     9.2295    108.964    111.317      0.248    1450.07    1449.98  0.000e+00
      10993    110.500     6.6284     6.6296     0.0012    1.30296    1.29827          1     0.1590     0.0979       9.97     0.0457  5.071e-14  1.000e-12  1.972e+03    11.8724    11.8257    -0.0467     9.2830     9.2462    109.459    111.821      0.286    1450.08    1450.03  0.000e+00
      11035    111.000     6.6208     6.6281     0.0073    1.30437    1.30011          1     0.1513     0.1413       9.97     0.0453  5.084e-14  1.000e-12  1.967e+03    11.8889    11.8443    -0.0445     9.2965     9.2609    109.954    112.326      0.279    1450.08    1450.05  0.000e+00
      11078    111.500     6.6186     6.6243     0.0057    1.30818    1.30208          1     0.1391     0.1372       9.97     0.0458  5.084e-14  1.000e-12  1.967e+03    11.9271    11.8650    -0.0621     9.3267     9.2774    110.450    112.831      0.294    1450.12    1450.07  0.000e+00
      11118    112.000     6.6223     6.6214    -0.0008    1.31118    1.30461          1     0.1423     0.1002       9.97     0.0451  5.079e-14  1.000e-12  1.969e+03    11.9554    11.8908    -0.0646     9.3486     9.2980    110.945    113.335      0.289    1450.18    1450.10  0.000e+00
      11161    112.500     6.6073     6.6213     0.0141    1.31462    1.30687          1     0.1407     0.0940       9.97     0.0457  5.066e-14  1.000e-12  1.974e+03    11.9945    11.9131    -0.0814     9.3804     9.3154    111.440    113.840      0.279    1450.18    1450.13  0.000e+00
