ctdpy/exports/archive_20191121_122431/received_data/SBE09_1044_20181018_0402_34_01_0105.cnv
* Sea-Bird SBE 9 Data File:
* FileName = C:\LUOTAUS\DATA_IN\hex_in\SMHI\ar18d105.hex
* Software Version Seasave V 7.23.2
* Temperature SN = 5351
* Conductivity SN = 3941
* Number of Bytes Per Scan = 30
* Number of Voltage Words = 4
* Number of Scans Averaged by the Deck Unit = 1
* NMEA baud rate = 4800
** Station:  Å16
** Operator:  DBSj
** Ship: ARANDA
** Average sound velocity: 1491.39 m/s
** True-depth calculation Thu, 18 Oct 2018 04:25:24 +0000
** CTD Python Module SMHI /ver 3-12/ feb 2012 
** LIMS Job: 20183401-0105
** Cruise: SMHI-4-2018
** Latitude [GG MM.mm N]: 58 16.037 N
** Longitude [GG MM.mm E] 10 43.446 E
# nquan = 26
# nvalues = 402                         
# units = specified
# name 0 = scan: Scan Count
# name 1 = prDM: Pressure, Digiquartz [db]
# name 2 = t090C: Temperature [ITS-90, deg C]
# name 3 = t190C: Temperature, 2 [ITS-90, deg C]
# name 4 = T2-T190C: Temperature Difference, 2 - 1 [ITS-90, deg C]
# name 5 = c0S/m: Conductivity [S/m]
# name 6 = c1S/m: Conductivity, 2 [S/m]
# name 7 = pumps: Pump Status
# name 8 = sbeox0ML/L: Oxygen, SBE 43 [ml/l]
# name 9 = sbeox1ML/L: Oxygen, SBE 43, 2 [ml/l]
# name 10 = altM: Altimeter [m]
# name 11 = flECO-AFL: Chl-a Fluorescence, WET Labs ECO-AFL/FL [mg/m^3]
# name 12 = flECO-AFL1: Phycocyanin Fluorescence, WET Labs ECO-AFL/FL, 2 [mg/m^3]
# name 13 = par: PAR/Irradiance, Biospherical/Lico [µE/(cm^2*s)]
# name 14 = turbWETntu0: Turbidity, WET Labs ECO [NTU]
# name 15 = sal00: Salinity, Practical [PSU]
# name 16 = sal11: Salinity, Practical, 2 [PSU]
# name 17 = secS-priS: Salinity, Practical, Difference, 2 - 1 [PSU]
# name 18 = sigma-t00: Density [sigma-t, Kg/m^3 ]
# name 19 = sigma-t11: Density, 2 [sigma-t, Kg/m^3 ]
# name 20 = depSM: Depth [salt water, m], lat = 0
# name 21 = depFM: Depth [true depth, m], lat = 0
# name 22 = dz/dtM: Descent Rate [m/s], WS = 2
# name 23 = svCM: Sound Velocity [Chen-Millero, m/s]
# name 24 = svCM1: Sound Velocity, 2 [Chen-Millero, m/s]
# name 25 = flag: flag
# span 0 =       9432,      18876       
# span 1 =      1.000,    201.500       
# span 2 =     7.1834,    13.0145       
# span 3 =     7.1851,    13.0153       
# span 4 =    -0.0158,     0.0291       
# span 5 =   3.559296,   3.993843       
# span 6 =   3.559334,   3.993751       
# span 7 =          1,          1       
# span 8 =    5.05668,    5.84759       
# span 9 =    4.83724,    5.51388       
# span 10 =       3.19,     100.07      
# span 11 =     0.0406,     1.7516      
# span 12 =     0.1447,     0.4266      
# span 13 = -6.733e-03, 4.4792e-01      
# span 14 =     0.1754,     1.1110      
# span 15 =    33.0466,    35.0596      
# span 16 =    33.0450,    35.0584      
# span 17 =    -0.0163,     0.0055      
# span 18 =    24.8781,    27.4400      
# span 19 =    24.8766,    27.4388      
# span 20 =      0.994,    200.295      
# span 21 =      0.994,    199.944      
# span 22 =     -0.060,      0.911      
# span 23 =    1482.26,    1499.37      
# span 24 =    1482.26,    1499.38      
# span 25 = 0.0000e+00, 0.0000e+00      
# interval = decibars: 0.5              
# start_time = Oct 18 2018 04:02:01 [System UTC, header]
# bad_flag = -9.990e-29
*END*
[from data line 279]
      15737    140.500     7.4478     7.4496     0.0018    3.58120    3.58130          1     5.2781     4.9935      98.71     0.0534     0.1854  1.000e-12  0.3624000    35.0536    35.0528    -0.0007    27.3974    27.3966    139.681    139.471      0.542    1482.75    1482.76  0.000e+00
      15771    141.000     7.4406     7.4439     0.0033    3.58053    3.58079          1     5.2769     4.9904      83.56     0.0823     0.1957  1.000e-12  0.3615000    35.0533    35.0528    -0.0005    27.3983    27.3974    140.178    139.967      0.338    1482.73    1482.74  0.000e+00
      15801    141.500     7.4145     7.4199     0.0054    3.57804    3.57850          1     5.2784     4.9999      74.35     0.0858     0.1924  1.000e-12  0.3575000    35.0523    35.0520    -0.0004    27.4013    27.4002    140.674    140.463      0.588    1482.64    1482.66  0.000e+00
      15817    142.000     7.3762     7.3779     0.0017    3.57448    3.57454          1     5.2849     5.0063      99.16     0.0861     0.2602  1.000e-12  0.3589000    35.0520    35.0510    -0.0010    27.4065    27.4055    141.171    140.958      0.774    1482.50    1482.51  0.000e+00
      15831    142.500     7.3712     7.3727     0.0015    3.57400    3.57408          1     5.2885     5.0121      98.71     0.0789     0.2739  1.000e-12  0.3448000    35.0516    35.0509    -0.0007    27.4069    27.4062    141.668    141.454      0.823    1482.49    1482.50  0.000e+00
      15846    143.000     7.3690     7.3706     0.0015    3.57380    3.57387          1     5.2908     5.0173      77.39     0.0757     0.2122  1.000e-12  0.3358000    35.0514    35.0506    -0.0008    27.4071    27.4062    142.165    141.950      0.744    1482.49    1482.50  0.000e+00
      15865    143.500     7.3654     7.3669     0.0015    3.57348    3.57352          1     5.2976     5.0214      74.26     0.0647     0.2073  1.000e-12  0.3831000    35.0512    35.0502    -0.0011    27.4075    27.4064    142.662    142.446      0.526    1482.48    1482.49  0.000e+00
      15898    144.000     7.3649     7.3668     0.0019    3.57344    3.57355          1     5.3050     5.0141      78.25     0.0603     0.2260  1.000e-12  0.3362000    35.0511    35.0503    -0.0008    27.4075    27.4065    143.159    142.941      0.335    1482.49    1482.50  0.000e+00
      15929    144.500     7.3641     7.3669     0.0027    3.57338    3.57356          1     5.2958     5.0138      87.97     0.0511     0.2072  1.000e-12  0.3293000    35.0510    35.0502    -0.0008    27.4075    27.4064    143.656    143.437      0.570    1482.50    1482.51  0.000e+00
      15946    145.000     7.3580     7.3628     0.0048    3.57280    3.57318          1     5.2955     5.0142      75.13     0.0527     0.2164  1.000e-12  0.3524000    35.0506    35.0499    -0.0007    27.4080    27.4068    144.153    143.933      0.717    1482.48    1482.50  0.000e+00
      15962    145.500     7.3541     7.3589     0.0048    3.57244    3.57282          1     5.2950     5.0150      75.54     0.0604     0.2223  1.000e-12  0.3593000    35.0503    35.0496    -0.0007    27.4084    27.4071    144.650    144.428      0.712    1482.47    1482.49  0.000e+00
      15980    146.000     7.3501     7.3549     0.0048    3.57204    3.57244          1     5.2955     5.0137      58.99     0.0632     0.1942  1.000e-12  0.3515000    35.0498    35.0493    -0.0006    27.4086    27.4074    145.147    144.924      0.567    1482.47    1482.48  0.000e+00
      16008    146.500     7.3395     7.3433     0.0038    3.57102    3.57126          1     5.2918     5.0145      71.32     0.0519     0.1913  1.000e-12  0.3442000    35.0491    35.0480    -0.0011    27.4095    27.4081    145.644    145.420      0.390    1482.43    1482.44  0.000e+00
      16038    147.000     7.3299     7.3337     0.0038    3.57004    3.57035          1     5.2899     5.0144      99.50     0.0611     0.1787  1.000e-12  0.3764000    35.0479    35.0474    -0.0005    27.4099    27.4090    146.140    145.915      0.494    1482.40    1482.42  0.000e+00
      16059    147.500     7.3237     7.3248     0.0011    3.56946    3.56946          1     5.2896     5.0160      98.71     0.0774     0.1935  1.000e-12  0.3706000    35.0475    35.0464    -0.0012    27.4105    27.4095    146.637    146.411      0.635    1482.39    1482.39  0.000e+00
      16077    148.000     7.3093     7.3117     0.0024    3.56806    3.56819          1     5.2971     5.0161      98.72     0.0853     0.2014  1.000e-12  0.3443000    35.0466    35.0456    -0.0010    27.4119    27.4107    147.134    146.907      0.671    1482.34    1482.34  0.000e+00
      16095    148.500     7.3063     7.3078     0.0015    3.56777    3.56783          1     5.2993     5.0164      87.30     0.0842     0.2218  1.000e-12  0.3342000    35.0462    35.0454    -0.0008    27.4120    27.4111    147.631    147.402      0.636    1482.33    1482.34  0.000e+00
      16115    149.000     7.3055     7.3070     0.0015    3.56770    3.56775          1     5.2907     5.0120      56.17     0.0772     0.2756  1.000e-12  0.3489000    35.0460    35.0451    -0.0009    27.4120    27.4110    148.128    147.898      0.562    1482.34    1482.34  0.000e+00
      16138    149.500     7.3039     7.3057     0.0017    3.56757    3.56765          1     5.2916     5.0066      55.19     0.0655     0.1835  1.000e-12  0.3476000    35.0459    35.0451    -0.0009    27.4121    27.4112    148.625    148.394      0.498    1482.34    1482.35  0.000e+00
      16163    150.000     7.3025     7.3048     0.0023    3.56746    3.56758          1     5.2948     5.0088      58.05     0.0817     0.1913  1.000e-12  0.3445000    35.0459    35.0450    -0.0010    27.4123    27.4112    149.122    148.889      0.497    1482.34    1482.35  0.000e+00
      16186    150.500     7.3011     7.3032     0.0022    3.56735    3.56745          1     5.2988     5.0117      77.17     0.0816     0.2040  1.000e-12  0.3522000    35.0459    35.0449    -0.0011    27.4125    27.4114    149.619    149.385      0.543    1482.35    1482.35  0.000e+00
      16207    151.000     7.2997     7.3020     0.0024    3.56722    3.56737          1     5.3006     5.0123      53.38     0.0634     0.1811  1.000e-12  0.3654000    35.0458    35.0449    -0.0008    27.4126    27.4116    150.116    149.881      0.591    1482.35    1482.36  0.000e+00
      16227    151.500     7.2982     7.2994     0.0012    3.56712    3.56715          1     5.3007     5.0138      53.42     0.0643     0.1756  1.000e-12  0.3881000    35.0458    35.0449    -0.0009    27.4128    27.4120    150.612    150.376      0.604    1482.35    1482.35  0.000e+00
      16247    152.000     7.2933     7.2949     0.0017    3.56667    3.56675          1     5.2965     5.0157      52.93     0.0827     0.2070  1.000e-12  0.3665000    35.0457    35.0449    -0.0009    27.4135    27.4126    151.109    150.872      0.551    1482.34    1482.35  0.000e+00
      16271    152.500     7.2920     7.2937     0.0016    3.56657    3.56664          1     5.2915     5.0134      52.27     0.0763     0.2197  1.000e-12  0.3638000    35.0456    35.0447    -0.0009    27.4135    27.4126    151.606    151.368      0.456    1482.34    1482.35  0.000e+00
      16299    153.000     7.2912     7.2931     0.0018    3.56652    3.56659          1     5.2994     5.0030      86.23     0.0944     0.1921  1.000e-12  0.3606000    35.0456    35.0445    -0.0011    27.4137    27.4126    152.103    151.863      0.461    1482.35    1482.35  0.000e+00
      16323    153.500     7.2888     7.2896     0.0008    3.56631    3.56629          1     5.3067     4.9995      69.89     0.0862     0.1774  1.000e-12  0.3799000    35.0455    35.0445    -0.0010    27.4139    27.4130    152.600    152.359      0.565    1482.35    1482.35  0.000e+00
      16342    154.000     7.2802     7.2838     0.0035    3.56549    3.56575          1     5.2945     5.0057      50.70     0.0718     0.1778  1.000e-12  0.4535000    35.0450    35.0442    -0.0008    27.4148    27.4136    153.097    152.855      0.645    1482.32    1482.34  0.000e+00
      16360    154.500     7.2755     7.2781     0.0026    3.56506    3.56521          1     5.2869     5.0144      50.52     0.0658     0.1896  1.000e-12  0.4747000    35.0448    35.0438    -0.0010    27.4153    27.4141    153.594    153.351      0.650    1482.31    1482.32  0.000e+00
      16379    155.000     7.2710     7.2723     0.0012    3.56466    3.56465          1     5.2943     5.0213      78.70     0.0745     0.2113  1.000e-12  0.3971000    35.0447    35.0433    -0.0014    27.4158    27.4145    154.091    153.846      0.549    1482.30    1482.31  0.000e+00
      16406    155.500     7.2667     7.2684     0.0017    3.56423    3.56431          1     5.2998     5.0198      49.19     0.0779     0.2355  1.000e-12  0.3616000    35.0441    35.0433    -0.0008    27.4160    27.4151    154.588    154.342      0.403    1482.29    1482.30  0.000e+00
      16436    156.000     7.2663     7.2689     0.0026    3.56421    3.56435          1     5.2930     5.0191      48.89     0.0638     0.2059  1.000e-12  0.3566000    35.0441    35.0430    -0.0011    27.4160    27.4148    155.084    154.838      0.525    1482.30    1482.31  0.000e+00
      16455    156.500     7.2631     7.2653     0.0021    3.56392    3.56405          1     5.2887     5.0177      48.31     0.0734     0.2512  1.000e-12  0.3779000    35.0439    35.0430    -0.0008    27.4163    27.4153    155.581    155.333      0.699    1482.30    1482.30  0.000e+00
      16470    157.000     7.2609     7.2628     0.0019    3.56371    3.56381          1     5.2916     5.0194      47.84     0.0748     0.2079  1.000e-12  0.3946000    35.0436    35.0428    -0.0009    27.4164    27.4155    156.078    155.829      0.734    1482.30    1482.30  0.000e+00
      16487    157.500     7.2565     7.2583     0.0018    3.56331    3.56340          1     5.2927     5.0213      47.41     0.0721     0.1968  1.000e-12  0.4134000    35.0435    35.0425    -0.0009    27.4169    27.4159    156.575    156.325      0.627    1482.29    1482.29  0.000e+00
      16512    158.000     7.2513     7.2541     0.0028    3.56284    3.56302          1     5.2888     5.0216      46.78     0.0592     0.1980  1.000e-12  0.4261000    35.0434    35.0424    -0.0010    27.4176    27.4164    157.072    156.820      0.426    1482.27    1482.28  0.000e+00
      16543    158.500     7.2464     7.2481     0.0017    3.56237    3.56245          1     5.2976     5.0217      81.52     0.0601     0.1920  1.000e-12  0.3701000    35.0428    35.0421    -0.0007    27.4179    27.4171    157.569    157.316      0.480    1482.26    1482.27  0.000e+00
      16563    159.000     7.2430     7.2446     0.0016    3.56206    3.56212          1     5.3107     5.0223      78.64     0.0769     0.2224  1.000e-12  0.3925000    35.0426    35.0417    -0.0009    27.4182    27.4173    158.066    157.812      0.652    1482.26    1482.26  0.000e+00
      16580    159.500     7.2401     7.2424     0.0022    3.56183    3.56194          1     5.3202     5.0207      69.35     0.0857     0.2472  1.000e-12  0.4214000    35.0428    35.0418    -0.0011    27.4188    27.4176    158.562    158.307      0.682    1482.26    1482.26  0.000e+00
      16598    160.000     7.2395     7.2405     0.0010    3.56178    3.56178          1     5.3151     5.0205      57.84     0.0852     0.2402  1.000e-12  0.4200000    35.0427    35.0417    -0.0010    27.4187    27.4178    159.059    158.803      0.595    1482.26    1482.26  0.000e+00
      16621    160.500     7.2390     7.2405     0.0015    3.56175    3.56180          1     5.2972     5.0211      44.38     0.0661     0.2122  1.000e-12  0.4060000    35.0426    35.0416    -0.0010    27.4187    27.4177    159.556    159.299      0.508    1482.27    1482.27  0.000e+00
      16645    161.000     7.2359     7.2372     0.0014    3.56146    3.56151          1     5.3009     5.0244      74.36     0.0571     0.1933  1.000e-12  0.3933000    35.0424    35.0415    -0.0009    27.4190    27.4181    160.053    159.794      0.561    1482.26    1482.27  0.000e+00
      16664    161.500     7.2337     7.2346     0.0009    3.56128    3.56128          1     5.3127     5.0258      86.84     0.0618     0.2485  1.000e-12  0.3972000    35.0424    35.0415    -0.0009    27.4193    27.4185    160.550    160.290      0.601    1482.26    1482.27  0.000e+00
      16685    162.000     7.2307     7.2320     0.0014    3.56101    3.56107          1     5.3153     5.0266      44.62     0.0526     0.2353  1.000e-12  0.4190000    35.0422    35.0414    -0.0008    27.4196    27.4188    161.047    160.786      0.520    1482.26    1482.26  0.000e+00
      16712    162.500     7.2297     7.2319     0.0022    3.56095    3.56106          1     5.3072     5.0240      42.21     0.0750     0.1502  1.000e-12  0.4505000    35.0423    35.0413    -0.0010    27.4198    27.4187    161.544    161.281      0.422    1482.26    1482.27  0.000e+00
      16739    163.000     7.2304     7.2320     0.0016    3.56104    3.56109          1     5.3022     5.0195      41.84     0.0755     0.2335  1.000e-12  0.4097000    35.0422    35.0413    -0.0010    27.4197    27.4187    162.041    161.777      0.535    1482.28    1482.28  0.000e+00
      16759    163.500     7.2292     7.2310     0.0018    3.56095    3.56102          1     5.3089     5.0217      41.39     0.0868     0.2365  1.000e-12  0.3847000    35.0422    35.0412    -0.0011    27.4199    27.4188    162.537    162.273      0.649    1482.28    1482.29  0.000e+00
      16777    164.000     7.2287     7.2303     0.0016    3.56093    3.56100          1     5.3113     5.0267      40.92     0.0703     0.2127  1.000e-12  0.4070000    35.0422    35.0414    -0.0008    27.4199    27.4190    163.034    162.768      0.647    1482.29    1482.29  0.000e+00
      16797    164.500     7.2258     7.2269     0.0011    3.56068    3.56070          1     5.3107     5.0270      40.51     0.0686     0.1517  1.000e-12  0.4103000    35.0423    35.0413    -0.0010    27.4204    27.4195    163.531    163.264      0.528    1482.28    1482.28  0.000e+00
      16825    165.000     7.2248     7.2264     0.0016    3.56062    3.56066          1     5.3074     5.0255      39.88     0.0794     0.1737  1.000e-12  0.3864000    35.0423    35.0412    -0.0011    27.4206    27.4195    164.028    163.760      0.401    1482.29    1482.29  0.000e+00
      16854    165.500     7.2239     7.2248     0.0009    3.56056    3.56054          1     5.2981     5.0216      39.36     0.0707     0.2084  1.000e-12  0.3797000    35.0423    35.0413    -0.0010    27.4206    27.4197    164.525    164.255      0.507    1482.29    1482.29  0.000e+00
      16874    166.000     7.2221     7.2237     0.0017    3.56041    3.56047          1     5.3012     5.0159      38.85     0.0648     0.2071  1.000e-12  0.3903000    35.0423    35.0413    -0.0011    27.4209    27.4199    165.022    164.751      0.675    1482.29    1482.30  0.000e+00
      16890    166.500     7.2225     7.2240     0.0016    3.56047    3.56053          1     5.3075     5.0148      38.37     0.0641     0.2302  1.000e-12  0.4019000    35.0423    35.0414    -0.0009    27.4209    27.4199    165.519    165.247      0.745    1482.30    1482.31  0.000e+00
      16906    167.000     7.2223     7.2237     0.0014    3.56047    3.56051          1     5.3075     5.0190      37.94     0.0642     0.2254  1.000e-12  0.3965000    35.0423    35.0413    -0.0009    27.4209    27.4199    166.015    165.742      0.698    1482.31    1482.31  0.000e+00
      16925    167.500     7.2218     7.2237     0.0019    3.56045    3.56053          1     5.3071     5.0242      37.45     0.0679     0.1929  1.000e-12  0.3894000    35.0423    35.0412    -0.0011    27.4210    27.4198    166.512    166.238      0.530    1482.32    1482.32  0.000e+00
