ctdpy/exports/archive_20191121_122431/received_data/SBE09_1044_20181207_1521_34_01_0163.cnv
* Sea-Bird SBE 9 Data File:
* FileName = C:\ctd\temp\ar18d163.hex
* Software Version Seasave V 7.26.7.107
* Temperature SN = 5351
* Conductivity SN = 3941
* Number of Bytes Per Scan = 41
* Number of Voltage Words = 4
* Number of Scans Averaged by the Deck Unit = 1
* NMEA Latitude = 57 11.57 N
* NMEA Longitude = 011 39.44 E
* NMEA UTC (Time) = Dec 07 2018  15:21:15
* NMEA baud rate = 4800
** Station:  Fladen
** Operator:  ASkj
** Ship: ARANDA
** Average sound velocity: 1481.93 m/s
** True-depth calculation Sun, 09 Dec 2018 17:16:12 +0000
** CTD Python Module SMHI /ver 3-12/ feb 2012 
** LIMS Job: 20183401-0163
** Cruise: SMHI-7-2018
** Latitude [GG MM.mm N]:
** Longitude [GG MM.mm E]
# nquan = 26
# nvalues = 156                         
# units = specified
# name 0 = scan: Scan Count
# name 1 = prDM: Pressure, Digiquartz [db]
# name 2 = t090C: Temperature [ITS-90, deg C]
# name 3 = t190C: Temperature, 2 [ITS-90, deg C]
# name 4 = T2-T190C: Temperature Difference, 2 - 1 [ITS-90, deg C]
# name 5 = c0S/m: Conductivity [S/m]
# name 6 = c1S/m: Conductivity, 2 [S/m]
# name 7 = pumps: Pump Status
# name 8 = sbeox0ML/L: Oxygen, SBE 43 [ml/l]
# name 9 = sbeox1ML/L: Oxygen, SBE 43, 2 [ml/l]
# name 10 = altM: Altimeter [m]
# name 11 = flECO-AFL: Chl-a Fluorescence, WET Labs ECO-AFL/FL [mg/m^3]
# name 12 = flECO-AFL1: Phycocyanin Fluorescence, WET Labs ECO-AFL/FL, 2 [mg/m^3]
# name 13 = par: PAR/Irradiance, Biospherical/Lico [µE/(cm^2*s)]
# name 14 = turbWETntu0: Turbidity, WET Labs ECO [NTU]
# name 15 = sal00: Salinity, Practical [PSU]
# name 16 = sal11: Salinity, Practical, 2 [PSU]
# name 17 = secS-priS: Salinity, Practical, Difference, 2 - 1 [PSU]
# name 18 = sigma-t00: Density [sigma-t, Kg/m^3 ]
# name 19 = sigma-t11: Density, 2 [sigma-t, Kg/m^3 ]
# name 20 = depSM: Depth [salt water, m], lat = 57.1928
# name 21 = depFM: Depth [true depth, m], lat = 57.1928
# name 22 = dz/dtM: Descent Rate [m/s], WS = 2
# name 23 = svCM: Sound Velocity [Chen-Millero, m/s]
# name 24 = svCM1: Sound Velocity, 2 [Chen-Millero, m/s]
# name 25 = flag: flag
# span 0 =      10847,      15171       
# span 1 =      1.500,     79.000       
# span 2 =     6.9080,     9.3849       
# span 3 =     6.9190,     9.3854       
# span 4 =    -0.0106,     0.0111       
# span 5 =   2.565380,   3.713271       
# span 6 =   2.567407,   3.713355       
# span 7 =          1,          1       
# span 8 =    5.49989,    7.11997       
# span 9 =    5.49762,    7.13584       
# span 10 =       5.58,      97.56      
# span 11 =     0.1055,     2.7819      
# span 12 =     0.1601,     0.5642      
# span 13 = 1.0000e-12, 1.0000e-12      
# span 14 =     0.5643,     2.1091      
# span 15 =    24.6755,    34.7927      
# span 16 =    24.6890,    34.7925      
# span 17 =    -0.0751,     0.0203      
# span 18 =    19.3089,    26.9802      
# span 19 =    19.3182,    26.9798      
# span 20 =      1.486,     78.258      
# span 21 =      1.499,     78.500      
# span 22 =     -0.063,      0.595      
# span 23 =    1465.50,    1487.40      
# span 24 =    1465.53,    1487.40      
# span 25 = 0.0000e+00, 0.0000e+00      
# interval = decibars: 0.5              
# start_time = Dec 07 2018 15:21:15 [NMEA time, first data scan]
# bad_flag = -9.990e-29
*END*
[from data line 112]
      13743     57.500     8.9140     8.9152     0.0012    3.68627    3.68637          1     5.5299     5.5264      27.34     0.1075     0.2482  1.000e-12  1.6598000    34.7590    34.7588    -0.0002    26.9432    26.9428     56.963     57.177      0.516    1486.53    1486.54  0.000e+00
      13767     58.000     8.9141     8.9148     0.0007    3.68641    3.68646          1     5.5289     5.5197      26.90     0.1256     0.1789  1.000e-12  1.6943000    34.7601    34.7598    -0.0003    26.9440    26.9437     57.458     57.673      0.488    1486.54    1486.54  0.000e+00
      13791     58.500     8.9147     8.9146    -0.0001    3.68652    3.68651          1     5.5279     5.5228      26.39     0.1137     0.1638  1.000e-12  1.7055000    34.7605    34.7604    -0.0001    26.9442    26.9442     57.954     58.168      0.531    1486.55    1486.55  0.000e+00
      13812     59.000     8.9143     8.9135    -0.0008    3.68654    3.68645          1     5.5269     5.5311      25.86     0.1083     0.1741  1.000e-12  1.6178000    34.7608    34.7606    -0.0001    26.9445    26.9446     58.449     58.664      0.588    1486.56    1486.56  0.000e+00
      13832     59.500     8.9099     8.9122     0.0023    3.68617    3.68636          1     5.5224     5.5331      25.38     0.1269     0.2034  1.000e-12  1.6890000    34.7609    34.7607    -0.0002    26.9453    26.9448     58.944     59.160      0.595    1486.55    1486.56  0.000e+00
      13853     60.000     8.9067     8.9088     0.0021    3.68588    3.68608          1     5.5229     5.5276      24.92     0.1379     0.2267  1.000e-12  1.7367000    34.7608    34.7609     0.0001    26.9458    26.9455     59.439     59.656      0.549    1486.55    1486.56  0.000e+00
      13876     60.500     8.9019     8.9064     0.0046    3.68543    3.68586          1     5.5273     5.5276      24.44     0.1297     0.2182  1.000e-12  1.8245000    34.7605    34.7606     0.0001    26.9463    26.9456     59.935     60.152      0.500    1486.54    1486.56  0.000e+00
      13901     61.000     8.8903     8.8917     0.0013    3.68429    3.68441          1     5.5260     5.5190      23.87     0.1152     0.2924  1.000e-12  1.9201000    34.7597    34.7596    -0.0001    26.9475    26.9472     60.430     60.648      0.502    1486.50    1486.51  0.000e+00
      13924     61.500     8.8915     8.8867    -0.0048    3.68442    3.68398          1     5.5195     5.5183      23.40     0.1143     0.2763  1.000e-12  1.8021000    34.7596    34.7597     0.0001    26.9473    26.9481     60.925     61.144      0.538    1486.51    1486.50  0.000e+00
      13945     62.000     8.8733     8.8730    -0.0003    3.68277    3.68276          1     5.5185     5.5187      22.88     0.1055     0.2193  1.000e-12  1.8425000    34.7599    34.7601     0.0002    26.9504    26.9506     61.420     61.640      0.556    1486.46    1486.45  0.000e+00
      13967     62.500     8.8710     8.8741     0.0032    3.68266    3.68295          1     5.5181     5.5215      22.35     0.1377     0.2344  1.000e-12  2.1091000    34.7608    34.7608    -0.0000    26.9514    26.9509     61.916     62.136      0.531    1486.46    1486.47  0.000e+00
      13991     63.000     8.8683     8.8695     0.0012    3.68275    3.68287          1     5.5115     5.5196      21.90     0.1279     0.2554  1.000e-12  1.8812000    34.7641    34.7642     0.0000    26.9545    26.9543     62.411     62.632      0.507    1486.46    1486.46  0.000e+00
      14014     63.500     8.8690     8.8702     0.0011    3.68294    3.68305          1     5.5062     5.5109      21.49     0.1260     0.2585  1.000e-12  1.7414000    34.7651    34.7652     0.0000    26.9552    26.9550     62.906     63.128      0.533    1486.47    1486.48  0.000e+00
      14036     64.000     8.8699     8.8715     0.0016    3.68310    3.68323          1     5.5054     5.5058      20.98     0.1191     0.2389  1.000e-12  1.8012000    34.7657    34.7656    -0.0001    26.9554    26.9551     63.401     63.623      0.555    1486.48    1486.49  0.000e+00
      14057     64.500     8.8711     8.8721     0.0011    3.68327    3.68336          1     5.5072     5.5104      20.43     0.1138     0.2066  1.000e-12  1.7957000    34.7661    34.7661    -0.0000    26.9556    26.9554     63.897     64.119      0.546    1486.50    1486.50  0.000e+00
      14080     65.000     8.8713     8.8723     0.0010    3.68332    3.68347          1     5.5093     5.5207      19.91     0.1143     0.1646  1.000e-12  1.7408000    34.7662    34.7669     0.0007    26.9556    26.9560     64.392     64.615      0.532    1486.51    1486.51  0.000e+00
      14102     65.500     8.8702     8.8715     0.0013    3.68337    3.68348          1     5.5070     5.5201      19.38     0.1155     0.2004  1.000e-12  1.7585000    34.7676    34.7674    -0.0001    26.9569    26.9566     64.887     65.111      0.538    1486.51    1486.52  0.000e+00
      14124     66.000     8.8666     8.8687     0.0021    3.68313    3.68331          1     5.5107     5.5136      18.87     0.1155     0.2071  1.000e-12  1.6923000    34.7683    34.7682    -0.0001    26.9580    26.9576     65.382     65.607      0.553    1486.51    1486.52  0.000e+00
      14146     66.500     8.8558     8.8585     0.0027    3.68214    3.68238          1     5.5060     5.5146      18.41     0.1263     0.1869  1.000e-12  1.6697000    34.7683    34.7682    -0.0000    26.9597    26.9593     65.878     66.103      0.540    1486.47    1486.49  0.000e+00
      14169     67.000     8.8513     8.8523     0.0010    3.68186    3.68192          1     5.5019     5.5131      17.87     0.1155     0.1732  1.000e-12  1.7463000    34.7695    34.7692    -0.0004    26.9614    26.9610     66.373     66.599      0.501    1486.47    1486.47  0.000e+00
      14194     67.500     8.8405     8.8417     0.0012    3.68121    3.68129          1     5.4999     5.5121      17.38     0.1143     0.2041  1.000e-12  1.8739000    34.7731    34.7727    -0.0003    26.9659    26.9654     66.868     67.095      0.489    1486.44    1486.45  0.000e+00
      14218     68.000     8.8393     8.8400     0.0007    3.68134    3.68141          1     5.5062     5.5092      16.44     0.1233     0.2333  1.000e-12  1.7980000    34.7753    34.7754     0.0001    26.9679    26.9678     67.363     67.591      0.537    1486.45    1486.45  0.000e+00
      14239     68.500     8.8380     8.8392     0.0012    3.68128    3.68138          1     5.5123     5.5028      16.09     0.1393     0.2350  1.000e-12  1.7489000    34.7757    34.7756    -0.0001    26.9684    26.9681     67.859     68.087      0.571    1486.45    1486.46  0.000e+00
      14260     69.000     8.8381     8.8390     0.0009    3.68136    3.68141          1     5.5118     5.4976      15.42     0.1417     0.2095  1.000e-12  1.7376000    34.7763    34.7760    -0.0003    26.9688    26.9684     68.354     68.582      0.566    1486.46    1486.46  0.000e+00
      14281     69.500     8.8384     8.8396     0.0012    3.68142    3.68152          1     5.5066     5.5012      15.19     0.1282     0.1878  1.000e-12  1.7406000    34.7764    34.7762    -0.0002    26.9688    26.9685     68.849     69.078      0.535    1486.47    1486.48  0.000e+00
      14305     70.000     8.8374     8.8389     0.0015    3.68135    3.68146          1     5.5051     5.5148      14.59     0.1383     0.1931  1.000e-12  1.7390000    34.7764    34.7760    -0.0004    26.9690    26.9685     69.344     69.574      0.507    1486.48    1486.48  0.000e+00
      14328     70.500     8.8352     8.8364     0.0012    3.68116    3.68127          1     5.5077     5.5208      14.27     0.1382     0.2067  1.000e-12  1.7605000    34.7763    34.7763    -0.0000    26.9692    26.9691     69.839     70.070      0.538    1486.47    1486.48  0.000e+00
      14349     71.000     8.8355     8.8370     0.0015    3.68121    3.68136          1     5.5050     5.5163      13.88     0.1260     0.2071  1.000e-12  1.7837000    34.7762    34.7763     0.0001    26.9692    26.9690     70.335     70.566      0.584    1486.48    1486.49  0.000e+00
      14370     71.500     8.8327     8.8345     0.0018    3.68108    3.68124          1     5.5028     5.5134      13.42     0.1186     0.2071  1.000e-12  1.7799000    34.7774    34.7773    -0.0001    26.9705    26.9702     70.830     71.062      0.570    1486.48    1486.49  0.000e+00
      14392     72.000     8.8341     8.8358     0.0017    3.68134    3.68152          1     5.5030     5.5128      12.89     0.1214     0.2322  1.000e-12  1.8310000    34.7786    34.7788     0.0002    26.9713    26.9712     71.325     71.558      0.510    1486.50    1486.51  0.000e+00
      14417     72.500     8.8356     8.8365     0.0008    3.68164    3.68171          1     5.5045     5.5067      12.35     0.1264     0.2463  1.000e-12  1.9651000    34.7799    34.7798    -0.0000    26.9720    26.9719     71.820     72.054      0.485    1486.51    1486.52  0.000e+00
      14441     73.000     8.8341     8.8359     0.0018    3.68167    3.68179          1     5.5056     5.5086      11.87     0.1324     0.1927  1.000e-12  1.9089000    34.7815    34.7810    -0.0005    26.9735    26.9729     72.316     72.550      0.512    1486.52    1486.52  0.000e+00
      14464     73.500     8.8331     8.8340     0.0009    3.68162    3.68167          1     5.5047     5.5154      11.40     0.1304     0.2119  1.000e-12  1.8207000    34.7817    34.7815    -0.0003    26.9739    26.9735     72.811     73.045      0.557    1486.52    1486.53  0.000e+00
      14484     74.000     8.8331     8.8343     0.0011    3.68171    3.68180          1     5.5056     5.5137      10.95     0.1169     0.2387  1.000e-12  1.9302000    34.7824    34.7823    -0.0001    26.9744    26.9741     73.306     73.541      0.574    1486.53    1486.54  0.000e+00
      14506     74.500     8.8353     8.8388     0.0035    3.68201    3.68233          1     5.5056     5.5163      10.41     0.1473     0.2463  1.000e-12  1.8522000    34.7832    34.7831    -0.0002    26.9747    26.9740     73.801     74.037      0.533    1486.55    1486.56  0.000e+00
      14530     75.000     8.8416     8.8404    -0.0012    3.68274    3.68253          1     5.5060     5.5244       9.87     0.1484     0.2376  1.000e-12  1.8236000    34.7844    34.7835    -0.0009    26.9746    26.9741     74.297     74.533      0.477    1486.58    1486.58  0.000e+00
      14556     75.500     8.8470     8.8500     0.0030    3.68329    3.68367          1     5.5098     5.5228       9.36     0.1485     0.2580  1.000e-12  1.8222000    34.7848    34.7857     0.0010    26.9740    26.9743     74.792     75.029      0.470    1486.61    1486.62  0.000e+00
      14581     76.000     8.8459     8.8471     0.0013    3.68326    3.68340          1     5.5140     5.5094       8.87     0.1392     0.2069  1.000e-12  1.9293000    34.7852    34.7855     0.0003    26.9746    26.9746     75.287     75.525      0.492    1486.62    1486.62  0.000e+00
      14605     76.500     8.8476     8.8490     0.0014    3.68370    3.68381          1     5.5121     5.5112       8.39     0.1172     0.2065  1.000e-12  1.8058000    34.7880    34.7878    -0.0002    26.9765    26.9761     75.782     76.021      0.444    1486.63    1486.64  0.000e+00
      14639     77.000     8.8477     8.8494     0.0016    3.68393    3.68407          1     5.5059     5.5158       7.78     0.1300     0.1995  1.000e-12  1.8215000    34.7901    34.7899    -0.0002    26.9781    26.9777     76.277     76.517      0.304    1486.65    1486.65  0.000e+00
      14682     77.500     8.8469     8.8482     0.0013    3.68409    3.68422          1     5.5108     5.5096       7.24     0.1198     0.2299  1.000e-12  1.7613000    34.7922    34.7924     0.0002    26.9799    26.9798     76.773     77.013      0.283    1486.65    1486.66  0.000e+00
      14730     78.000     8.8450     8.8462     0.0013    3.68392    3.68402          1     5.5118     5.5074       6.73     0.1300     0.2457  1.000e-12  1.6813000    34.7922    34.7920    -0.0002    26.9802    26.9798     77.268     77.508      0.211    1486.65    1486.66  0.000e+00
      14792     78.500     8.8474     8.8491     0.0017    3.68422    3.68436          1     5.5094     5.5198       6.22     0.1228     0.2075  1.000e-12  1.6631000    34.7927    34.7925    -0.0002    26.9802    26.9798     77.763     78.004      0.182    1486.67    1486.68  0.000e+00
      15171     79.000     8.8431     8.8446     0.0016    3.68359    3.68372          1     5.5095     5.5149       5.58     0.1267     0.2357  1.000e-12  1.5684000    34.7901    34.7899    -0.0002    26.9788    26.9784     78.258     78.500     -0.063    1486.66    1486.67  0.000e+00
