ctdpy/exports/archive_20191121_122431/received_data/SBE09_1044_20181109_2143_34_01_0123.cnv
* Sea-Bird SBE 9 Data File:
* FileName = C:\ctd\temp\ar18d123.hex
* Software Version Seasave V 7.26.7.107
* Temperature SN = 5351
* Conductivity SN = 3941
* Number of Bytes Per Scan = 41
* Number of Voltage Words = 4
* Number of Scans Averaged by the Deck Unit = 1
* NMEA Latitude = 57 18.73 N
* NMEA Longitude = 020 04.55 E
* NMEA UTC (Time) = Nov 09 2018  21:43:38
* NMEA baud rate = 4800
** Station:  BY15-X
** Operator:  A-KTh
** Ship: ARANDA
** Average sound velocity: 1449.38 m/s
** True-depth calculation Sat, 10 Nov 2018 13:06:12 +0000
** CTD Python Module SMHI /ver 3-12/ feb 2012 
** LIMS Job: 20183401-0123
** Cruise: SMHI-6-2018
** Latitude [GG MM.mm N]:
** Longitude [GG MM.mm E]
# nquan = 26
# nvalues = 471                         
# units = specified
# name 0 = scan: Scan Count
# name 1 = prDM: Pressure, Digiquartz [db]
# name 2 = t090C: Temperature [ITS-90, deg C]
# name 3 = t190C: Temperature, 2 [ITS-90, deg C]
# name 4 = T2-T190C: Temperature Difference, 2 - 1 [ITS-90, deg C]
# name 5 = c0S/m: Conductivity [S/m]
# name 6 = c1S/m: Conductivity, 2 [S/m]
# name 7 = pumps: Pump Status
# name 8 = sbeox0ML/L: Oxygen, SBE 43 [ml/l]
# name 9 = sbeox1ML/L: Oxygen, SBE 43, 2 [ml/l]
# name 10 = altM: Altimeter [m]
# name 11 = flECO-AFL: Chl-a Fluorescence, WET Labs ECO-AFL/FL [mg/m^3]
# name 12 = flECO-AFL1: Phycocyanin Fluorescence, WET Labs ECO-AFL/FL, 2 [mg/m^3]
# name 13 = par: PAR/Irradiance, Biospherical/Lico [µE/(cm^2*s)]
# name 14 = turbWETntu0: Turbidity, WET Labs ECO [NTU]
# name 15 = sal00: Salinity, Practical [PSU]
# name 16 = sal11: Salinity, Practical, 2 [PSU]
# name 17 = secS-priS: Salinity, Practical, Difference, 2 - 1 [PSU]
# name 18 = sigma-t00: Density [sigma-t, Kg/m^3 ]
# name 19 = sigma-t11: Density, 2 [sigma-t, Kg/m^3 ]
# name 20 = depSM: Depth [salt water, m], lat = 57.3122
# name 21 = depFM: Depth [true depth, m], lat = 57.3122
# name 22 = dz/dtM: Descent Rate [m/s], WS = 2
# name 23 = svCM: Sound Velocity [Chen-Millero, m/s]
# name 24 = svCM1: Sound Velocity, 2 [Chen-Millero, m/s]
# name 25 = flag: flag
# span 0 =      11696,      23068       
# span 1 =      1.000,    236.000       
# span 2 =     3.4292,     9.2027       
# span 3 =     3.4296,     9.2022       
# span 4 =    -0.0145,     0.0595       
# span 5 =   0.772828,   1.454983       
# span 6 =   0.772764,   1.454992       
# span 7 =          1,          1       
# span 8 =    0.01476,    7.66829       
# span 9 =    0.04654,    7.96903       
# span 10 =       2.69,      99.27      
# span 11 =     0.2058,     0.9905      
# span 12 =     0.1203,     0.4067      
# span 13 = -6.434e-06, 4.7544e-01      
# span 14 =     0.1173,     0.5272      
# span 15 =     7.0033,    13.2489      
# span 16 =     7.0031,    13.2485      
# span 17 =    -0.0075,     0.0004      
# span 18 =     5.2730,    10.3423      
# span 19 =     5.2727,    10.3419      
# span 20 =      0.991,    233.693      
# span 21 =      1.013,    238.369      
# span 22 =      0.005,      0.573      
# span 23 =    1429.74,    1454.94      
# span 24 =    1429.75,    1454.94      
# span 25 = 0.0000e+00, 0.0000e+00      
# interval = decibars: 0.5              
# start_time = Nov 09 2018 21:43:38 [NMEA time, first data scan]
# bad_flag = -9.990e-29
*END*
[from data line 168]
      15662     85.000     5.7454     5.7445    -0.0009    1.11253    1.11236          1     0.0492     0.1396       8.72     0.3240     0.2508  1.000e-12  0.3077000    10.2758    10.2743    -0.0015     8.0857     8.0846     84.200     86.066      0.536    1443.93    1443.92  0.000e+00
      15684     85.500     5.7785     5.7774    -0.0011    1.11905    1.11873          1     0.0463     0.1294       8.90     0.3223     0.2468  1.000e-12  0.2809000    10.3306    10.3277    -0.0029     8.1269     8.1247     84.695     86.571      0.521    1444.15    1444.14  0.000e+00
      15708     86.000     5.8025     5.8026     0.0001    1.12390    1.12378          1     0.0460     0.1246      16.53     0.3264     0.2138  1.000e-12  0.2724000    10.3715    10.3702    -0.0013     8.1577     8.1567     85.190     87.076      0.504    1444.31    1444.31  0.000e+00
      15732     86.500     5.8225     5.8227     0.0001    1.12698    1.12686          1     0.0443     0.1162      99.27     0.3367     0.2361  1.000e-12  0.3027000    10.3959    10.3946    -0.0012     8.1757     8.1748     85.685     87.582      0.506    1444.43    1444.43  0.000e+00
      15755     87.000     5.8323     5.8330     0.0008    1.12855    1.12849          1     0.0458     0.1074      97.97     0.3260     0.2300  1.000e-12  0.2870000    10.4084    10.4076    -0.0008     8.1851     8.1844     86.181     88.087      0.528    1444.50    1444.50  0.000e+00
      15777     87.500     5.8411     5.8414     0.0003    1.13024    1.13012          1     0.0434     0.1016      62.98     0.3263     0.2284  1.000e-12  0.3046000    10.4225    10.4212    -0.0013     8.1956     8.1946     86.676     88.592      0.545    1444.56    1444.56  0.000e+00
      15799     88.000     5.8730     5.8719    -0.0011    1.13616    1.13587          1     0.0478     0.0970      95.63     0.3230     0.2172  1.000e-12  0.2765000    10.4715    10.4690    -0.0025     8.2323     8.2304     87.171     89.097      0.540    1444.77    1444.76  0.000e+00
      15822     88.500     5.8958     5.8960     0.0002    1.14033    1.14023          1     0.0470     0.0954      97.98     0.3335     0.1780  1.000e-12  0.2782000    10.5058    10.5048    -0.0010     8.2579     8.2571     87.666     89.602      0.520    1444.92    1444.92  0.000e+00
      15845     89.000     5.9053     5.9058     0.0006    1.14240    1.14232          1     0.0435     0.0926      98.00     0.3148     0.1818  1.000e-12  0.2877000    10.5234    10.5224    -0.0010     8.2712     8.2704     88.161     90.107      0.510    1444.99    1444.99  0.000e+00
      15869     89.500     5.9133     5.9142     0.0009    1.14401    1.14396          1     0.0434     0.0886      98.02     0.3165     0.2469  1.000e-12  0.2883000    10.5368    10.5361    -0.0007     8.2813     8.2807     88.656     90.612      0.515    1445.05    1445.05  0.000e+00
      15892     90.000     5.9294     5.9291    -0.0003    1.14674    1.14656          1     0.0419     0.0861      31.20     0.3181     0.2451  1.000e-12  0.2912000    10.5589    10.5572    -0.0017     8.2977     8.2964     89.152     91.117      0.520    1445.15    1445.15  0.000e+00
      15915     90.500     5.9478     5.9476    -0.0002    1.15030    1.15012          1     0.0408     0.0826       7.46     0.3133     0.2268  1.000e-12  0.2951000    10.5885    10.5868    -0.0017     8.3199     8.3185     89.647     91.622      0.522    1445.28    1445.27  0.000e+00
      15938     91.000     5.9682     5.9683     0.0001    1.15394    1.15382          1     0.0422     0.0802      89.81     0.3155     0.2288  1.000e-12  0.2871000    10.6182    10.6169    -0.0013     8.3420     8.3410     90.142     92.127      0.529    1445.41    1445.41  0.000e+00
      15960     91.500     5.9825     5.9829     0.0004    1.15623    1.15611          1     0.0436     0.0773      97.70     0.3207     0.2331  1.000e-12  0.2725000    10.6363    10.6351    -0.0013     8.3554     8.3543     90.637     92.632      0.540    1445.50    1445.50  0.000e+00
      15982     92.000     6.0031     6.0031     0.0000    1.16039    1.16019          1     0.0433     0.0773      98.07     0.3108     0.2324  1.000e-12  0.2660000    10.6712    10.6692    -0.0020     8.3815     8.3799     91.132     93.137      0.540    1445.64    1445.64  0.000e+00
      16005     92.500     6.0218     6.0218     0.0000    1.16443    1.16429          1     0.0416     0.0747      98.05     0.3043     0.2326  1.000e-12  0.2841000    10.7053    10.7038    -0.0015     8.4072     8.4060     91.628     93.643      0.520    1445.77    1445.77  0.000e+00
      16029     93.000     6.0410     6.0407    -0.0002    1.16789    1.16772          1     0.0397     0.0746      43.13     0.3143     0.2216  1.000e-12  0.2905000    10.7335    10.7319    -0.0016     8.4282     8.4269     92.123     94.148      0.500    1445.89    1445.89  0.000e+00
      16053     93.500     6.0590     6.0591     0.0002    1.17109    1.17098          1     0.0367     0.0731      85.58     0.3132     0.2070  1.000e-12  0.2814000    10.7595    10.7584    -0.0011     8.4475     8.4466     92.618     94.653      0.509    1446.01    1446.01  0.000e+00
      16076     94.000     6.0733     6.0736     0.0003    1.17390    1.17379          1     0.0364     0.0722      92.48     0.3281     0.2324  1.000e-12  0.2782000    10.7828    10.7816    -0.0012     8.4649     8.4639     93.113     95.158      0.527    1446.11    1446.11  0.000e+00
      16098     94.500     6.0907     6.0907     0.0000    1.17741    1.17723          1     0.0396     0.0676      98.04     0.3280     0.2800  1.000e-12  0.2838000    10.8119    10.8102    -0.0017     8.4867     8.4854     93.608     95.663      0.539    1446.23    1446.23  0.000e+00
      16120     95.000     6.1115     6.1112    -0.0002    1.18132    1.18117          1     0.0406     0.0694      98.02     0.3246     0.2565  1.000e-12  0.2903000    10.8441    10.8427    -0.0014     8.5107     8.5096     94.103     96.168      0.543    1446.37    1446.36  0.000e+00
      16143     95.500     6.1328     6.1326    -0.0002    1.18522    1.18508          1     0.0367     0.0712      98.05     0.3246     0.2216  1.000e-12  0.2976000    10.8758    10.8745    -0.0013     8.5342     8.5332     94.599     96.672      0.532    1446.50    1446.50  0.000e+00
      16166     96.000     6.1537     6.1535    -0.0002    1.18948    1.18928          1     0.0369     0.0699      98.03     0.3121     0.2144  1.000e-12  0.2946000    10.9113    10.9093    -0.0020     8.5608     8.5593     95.094     97.177      0.510    1446.65    1446.64  0.000e+00
      16190     96.500     6.1799     6.1797    -0.0003    1.19521    1.19498          1     0.0379     0.0690      98.04     0.3024     0.2274  1.000e-12  0.2862000    10.9596    10.9573    -0.0022     8.5971     8.5953     95.589     97.682      0.499    1446.83    1446.82  0.000e+00
      16214     97.000     6.2071     6.2068    -0.0002    1.20032    1.20017          1     0.0381     0.0649      98.06     0.3025     0.2064  1.000e-12  0.2791000    11.0014    10.9999    -0.0015     8.6281     8.6270     96.084     98.187      0.514    1447.00    1447.00  0.000e+00
      16236     97.500     6.2202     6.2209     0.0007    1.20289    1.20280          1     0.0366     0.0661      49.07     0.3140     0.2065  1.000e-12  0.2966000    11.0225    11.0214    -0.0011     8.6439     8.6429     96.579     98.692      0.539    1447.09    1447.09  0.000e+00
      16258     98.000     6.2330     6.2333     0.0004    1.20594    1.20582          1     0.0370     0.0668      87.90     0.2922     0.2459  1.000e-12  0.2814000    11.0484    11.0471    -0.0013     8.6634     8.6624     97.074     99.197      0.546    1447.19    1447.19  0.000e+00
      16280     98.500     6.2439     6.2440     0.0001    1.20900    1.20887          1     0.0384     0.0646      98.08     0.2908     0.2398  1.000e-12  0.3290000    11.0751    11.0738    -0.0013     8.6837     8.6826     97.570     99.702      0.535    1447.27    1447.27  0.000e+00
      16303     99.000     6.2669     6.2666    -0.0004    1.21312    1.21293          1     0.0360     0.0673      98.15     0.2959     0.2089  1.000e-12  0.3377000    11.1083    11.1065    -0.0018     8.7082     8.7068     98.065    100.207      0.522    1447.42    1447.42  0.000e+00
      16326     99.500     6.2884     6.2881    -0.0003    1.21726    1.21709          1     0.0344     0.0653      98.16     0.3116     0.1992  1.000e-12  0.3226000    11.1422    11.1406    -0.0016     8.7334     8.7322     98.560    100.712      0.510    1447.56    1447.56  0.000e+00
      16350    100.000     6.3084     6.3086     0.0002    1.22098    1.22083          1     0.0350     0.0615      49.61     0.3147     0.2070  1.000e-12  0.2860000    11.1723    11.1708    -0.0016     8.7557     8.7545     99.055    101.217      0.501    1447.69    1447.69  0.000e+00
      16374    100.500     6.3337     6.3336    -0.0001    1.22579    1.22558          1     0.0355     0.0639      87.32     0.3006     0.2218  1.000e-12  0.2439000    11.2116    11.2096    -0.0021     8.7849     8.7833     99.550    101.721      0.516    1447.86    1447.85  0.000e+00
      16397    101.000     6.3595     6.3599     0.0004    1.23052    1.23038          1     0.0350     0.0633      98.25     0.2980     0.2634  1.000e-12  0.2415000    11.2498    11.2482    -0.0015     8.8131     8.8119    100.045    102.226      0.541    1448.02    1448.02  0.000e+00
      16418    101.500     6.3779     6.3781     0.0002    1.23494    1.23478          1     0.0365     0.0622      98.16     0.2781     0.2337  1.000e-12  0.2623000    11.2873    11.2857    -0.0016     8.8413     8.8400    100.540    102.731      0.549    1448.15    1448.15  0.000e+00
      16441    102.000     6.4016     6.4011    -0.0005    1.23967    1.23948          1     0.0355     0.0642      98.19     0.2897     0.1698  1.000e-12  0.1444000    11.3260    11.3244    -0.0017     8.8701     8.8688    101.036    103.236      0.531    1448.31    1448.30  0.000e+00
      16464    102.500     6.4237     6.4236    -0.0001    1.24401    1.24382          1     0.0352     0.0642      52.35     0.3109     0.1631  1.000e-12  0.1486000    11.3615    11.3597    -0.0018     8.8964     8.8950    101.531    103.741      0.506    1448.45    1448.45  0.000e+00
      16488    103.000     6.4414     6.4416     0.0002    1.24832    1.24816          1     0.0337     0.0653      78.83     0.2843     0.1812  1.000e-12  0.1440000    11.3981    11.3965    -0.0017     8.9240     8.9227    102.026    104.245      0.503    1448.58    1448.58  0.000e+00
      16511    103.500     6.4557     6.4563     0.0006    1.25107    1.25100          1     0.0356     0.0673      97.90     0.2782     0.2222  1.000e-12  0.1293000    11.4204    11.4195    -0.0009     8.9405     8.9397    102.521    104.750      0.520    1448.68    1448.68  0.000e+00
      16534    104.000     6.4671     6.4679     0.0008    1.25375    1.25365          1     0.0374     0.0670      98.07     0.2831     0.2379  1.000e-12  0.1286000    11.4429    11.4417    -0.0012     8.9573     8.9564    103.016    105.255      0.532    1448.76    1448.76  0.000e+00
      16556    104.500     6.4732     6.4739     0.0007    1.25669    1.25662          1     0.0423     0.0720      98.11     0.2841     0.2278  1.000e-12  0.1307000    11.4698    11.4689    -0.0010     8.9781     8.9772    103.511    105.760      0.533    1448.83    1448.83  0.000e+00
      16579    105.000     6.4911     6.4913     0.0002    1.25993    1.25986          1     0.0487     0.0774      49.06     0.2852     0.2493  1.000e-12  0.1261000    11.4957    11.4949    -0.0008     8.9971     8.9965    104.006    106.264      0.529    1448.95    1448.95  0.000e+00
      16602    105.500     6.5084     6.5089     0.0005    1.26367    1.26356          1     0.0543     0.0819      75.57     0.2984     0.2654  1.000e-12  0.1190000    11.5267    11.5255    -0.0012     9.0202     9.0192    104.502    106.769      0.522    1449.07    1449.07  0.000e+00
      16625    106.000     6.5288     6.5287    -0.0001    1.26716    1.26703          1     0.0529     0.0812      92.84     0.2852     0.1555  1.000e-12  0.1192000    11.5542    11.5530    -0.0012     9.0403     9.0394    104.997    107.274      0.516    1449.19    1449.19  0.000e+00
      16648    106.500     6.5499     6.5503     0.0004    1.27071    1.27061          1     0.0400     0.0722      96.91     0.2788     0.2761  1.000e-12  0.1251000    11.5820    11.5809    -0.0012     9.0607     9.0597    105.492    107.779      0.519    1449.32    1449.32  0.000e+00
      16671    107.000     6.5657     6.5664     0.0007    1.27428    1.27420          1     0.0360     0.0666      98.02     0.3019     0.2577  1.000e-12  0.1370000    11.6118    11.6107    -0.0011     9.0829     9.0820    105.987    108.283      0.528    1449.44    1449.44  0.000e+00
      16694    107.500     6.5739     6.5748     0.0009    1.27655    1.27654          1     0.0349     0.0695      98.00     0.2580     0.2191  1.000e-12  0.1195000    11.6312    11.6308    -0.0004     9.0975     9.0971    106.482    108.788      0.527    1449.50    1449.51  0.000e+00
      16717    108.000     6.5775     6.5785     0.0010    1.27778    1.27771          1     0.0324     0.0704      98.00     0.2645     0.2154  1.000e-12  0.1357000    11.6420    11.6410    -0.0010     9.1058     9.1049    106.977    109.293      0.517    1449.54    1449.54  0.000e+00
      16740    108.500     6.5837     6.5844     0.0007    1.28027    1.28011          1     0.0340     0.0668      97.98     0.2661     0.2374  1.000e-12  0.1466000    11.6644    11.6626    -0.0018     9.1229     9.1214    107.472    109.797      0.519    1449.60    1449.60  0.000e+00
      16763    109.000     6.5912     6.5921     0.0009    1.28394    1.28384          1     0.0377     0.0661      97.96     0.2709     0.2465  1.000e-12  0.1456000    11.6980    11.6966    -0.0013     9.1487     9.1476    107.968    110.302      0.531    1449.68    1449.68  0.000e+00
      16785    109.500     6.5978     6.5983     0.0005    1.28730    1.28716          1     0.0388     0.0719      59.05     0.2956     0.2331  1.000e-12  0.1408000    11.7287    11.7271    -0.0016     9.1724     9.1711    108.463    110.807      0.537    1449.76    1449.76  0.000e+00
      16808    110.000     6.6061     6.6069     0.0008    1.29108    1.29098          1     0.0374     0.0738      77.78     0.3048     0.1954  1.000e-12  0.1322000    11.7630    11.7617    -0.0013     9.1987     9.1976    108.958    111.311      0.526    1449.84    1449.84  0.000e+00
      16831    110.500     6.6074     6.6085     0.0011    1.29347    1.29340          1     0.0393     0.0727      97.61     0.2930     0.1811  1.000e-12  0.1231000    11.7860    11.7850    -0.0011     9.2167     9.2158    109.453    111.816      0.509    1449.88    1449.89  0.000e+00
      16855    111.000     6.6084     6.6095     0.0010    1.29583    1.29574          1     0.0382     0.0697      97.93     0.2990     0.2463  1.000e-12  0.1173000    11.8089    11.8076    -0.0013     9.2346     9.2335    109.948    112.320      0.510    1449.92    1449.93  0.000e+00
      16878    111.500     6.6108     6.6117     0.0010    1.29922    1.29912          1     0.0361     0.0668      97.92     0.2794     0.2376  1.000e-12  0.1208000    11.8414    11.8401    -0.0013     9.2599     9.2588    110.443    112.825      0.527    1449.98    1449.99  0.000e+00
