ctdpy/exports/archive_20191121_122431/received_data/SBE09_1044_20180418_2202_34_07_0018.cnv
* Sea-Bird SBE 9 Data File:
* FileName = C:\ctd\temp\2018\AU18D018.hex
* Software Version Seasave V 7.26.6.26
* Temperature SN = 5351
* Conductivity SN = 3941
* Number of Bytes Per Scan = 41
* Number of Voltage Words = 4
* Number of Scans Averaged by the Deck Unit = 1
* NMEA Latitude = 57 18.73 N
* NMEA Longitude = 020 04.57 E
* NMEA UTC (Time) = Apr 18 2018  22:02:19
* NMEA baud rate = 4800
** Station:  BY15
** Operator:  A-KTh
** Ship: AURA
** Average sound velocity: 1444.69 m/s
** True-depth calculation Thu, 19 Apr 2018 01:10:31 +0000
** CTD Python Module SMHI /ver 3-12/ feb 2012 
** LIMS Job: 20183407-0018
** Cruise: SMHI-01-2018
** Latitude [GG MM.mm N] :
** Longitude [GG MM.mm E]:
# nquan = 26
# nvalues = 471                         
# units = specified
# name 0 = scan: Scan Count
# name 1 = prDM: Pressure, Digiquartz [db]
# name 2 = t090C: Temperature [ITS-90, deg C]
# name 3 = t190C: Temperature, 2 [ITS-90, deg C]
# name 4 = T2-T190C: Temperature Difference, 2 - 1 [ITS-90, deg C]
# name 5 = c0S/m: Conductivity [S/m]
# name 6 = c1S/m: Conductivity, 2 [S/m]
# name 7 = pumps: Pump Status
# name 8 = sbeox0ML/L: Oxygen, SBE 43 [ml/l]
# name 9 = sbeox1ML/L: Oxygen, SBE 43, 2 [ml/l]
# name 10 = altM: Altimeter [m]
# name 11 = flECO-AFL: Chl-a Fluorescence, WET Labs ECO-AFL/FL [mg/m^3]
# name 12 = flECO-AFL1: Phycocyanin Fluorescence, WET Labs ECO-AFL/FL, 2 [mg/m^3]
# name 13 = par: PAR/Irradiance, Biospherical/Lico [µE/(cm^2*s)]
# name 14 = turbWETntu0: Turbidity, WET Labs ECO [NTU]
# name 15 = sal00: Salinity, Practical [PSU]
# name 16 = sal11: Salinity, Practical, 2 [PSU]
# name 17 = secS-priS: Salinity, Practical, Difference, 2 - 1 [PSU]
# name 18 = sigma-t00: Density [sigma-t, Kg/m^3 ]
# name 19 = sigma-t11: Density, 2 [sigma-t, Kg/m^3 ]
# name 20 = depSM: Depth [salt water, m], lat = 57.3122
# name 21 = depFM: Depth [true depth, m], lat = 57.3122
# name 22 = dz/dtM: Descent Rate [m/s], WS = 2
# name 23 = svCM: Sound Velocity [Chen-Millero, m/s]
# name 24 = svCM1: Sound Velocity, 2 [Chen-Millero, m/s]
# name 25 = flag: flag
# span 0 =       9503,      22126       
# span 1 =      0.500,    235.500       
# span 2 =     2.6906,     6.9110       
# span 3 =     2.6929,     6.9117       
# span 4 =    -0.0354,     0.0090       
# span 5 =   0.756967,   1.460449       
# span 6 =   0.756993,   1.460443       
# span 7 =          1,          1       
# span 8 =    0.01987,   10.09863       
# span 9 =    0.02342,    9.92654       
# span 10 =       0.81,     114.31      
# span 11 =     0.2492,     7.5163      
# span 12 =     0.1329,     1.2641      
# span 13 = -2.410e-04, 2.1874e+00      
# span 14 =     0.1093,     0.4493      
# span 15 =     7.3529,    13.2985      
# span 16 =     7.3524,    13.2981      
# span 17 =    -0.0130,     0.0018      
# span 18 =     5.8581,    10.3802      
# span 19 =     5.8576,    10.3798      
# span 20 =      0.495,    233.198      
# span 21 =      0.506,    237.813      
# span 22 =      0.129,      0.727      
# span 23 =    1426.30,    1455.04      
# span 24 =    1426.31,    1455.05      
# span 25 = 0.0000e+00, 0.0000e+00      
# interval = decibars: 0.5              
# start_time = Apr 18 2018 22:02:19 [NMEA time, first data scan]
# bad_flag = -9.990e-29
*END*
[from data line 56]
      11820     28.500     2.8539     2.8550     0.0011    0.75866    0.75864          1     9.0940     8.9257      98.61     0.4810     0.2372  1.000e-12  0.1246000     7.4379     7.4374    -0.0005     5.9311     5.9306     28.236     28.858      0.678    1426.52    1426.53  0.000e+00
      11837     29.000     2.8618     2.8627     0.0010    0.75889    0.75886          1     9.0913     8.9331      98.61     0.4369     0.2435  1.000e-12  0.1184000     7.4384     7.4379    -0.0005     5.9314     5.9310     28.731     29.364      0.680    1426.56    1426.57  0.000e+00
      11856     29.500     2.8670     2.8682     0.0012    0.75908    0.75905          1     9.0876     8.9411      98.61     0.4331     0.2446  1.000e-12  0.1216000     7.4391     7.4385    -0.0006     5.9319     5.9315     29.226     29.871      0.583    1426.60    1426.60  0.000e+00
      11881     30.000     2.8678     2.8690     0.0012    0.75914    0.75912          1     9.0875     8.9471      98.61     0.4449     0.2227  1.000e-12  0.1268000     7.4395     7.4390    -0.0005     5.9322     5.9318     29.722     30.377      0.438    1426.61    1426.62  0.000e+00
      11910     30.500     2.8707     2.8725     0.0017    0.75925    0.75924          1     9.0834     8.9496      98.61     0.4640     0.2100  1.000e-12  0.1235000     7.4398     7.4394    -0.0005     5.9325     5.9321     30.217     30.883      0.434    1426.63    1426.64  0.000e+00
      11935     31.000     2.8758     2.8764     0.0006    0.75939    0.75936          1     9.0670     8.9321      98.61     0.4686     0.2457  1.000e-12  0.1250000     7.4401     7.4396    -0.0005     5.9327     5.9323     30.712     31.389      0.542    1426.66    1426.66  0.000e+00
      11955     31.500     2.8716     2.8734     0.0018    0.75931    0.75931          1     9.0639     8.9051      98.61     0.4612     0.2292  1.000e-12  0.1290000     7.4401     7.4397    -0.0004     5.9327     5.9324     31.208     31.896      0.608    1426.65    1426.66  0.000e+00
      11975     32.000     2.8644     2.8692     0.0048    0.75916    0.75923          1     9.0693     8.8940      98.61     0.4475     0.2307  1.000e-12  0.1250000     7.4402     7.4398    -0.0005     5.9329     5.9324     31.703     32.402      0.612    1426.63    1426.65  0.000e+00
      11995     32.500     2.8661     2.8675     0.0015    0.75922    0.75921          1     9.0690     8.8942      98.61     0.4694     0.2431  1.000e-12  0.1368000     7.4404     7.4400    -0.0004     5.9330     5.9326     32.198     32.908      0.569    1426.64    1426.65  0.000e+00
      12017     33.000     2.8742     2.8753     0.0011    0.75945    0.75943          1     9.0645     8.8829      98.61     0.4382     0.2658  1.000e-12  0.1427000     7.4409     7.4404    -0.0005     5.9333     5.9329     32.693     33.414      0.502    1426.69    1426.69  0.000e+00
      12043     33.500     2.8738     2.8744     0.0006    0.75946    0.75943          1     9.0591     8.8800      98.61     0.4524     0.2403  1.000e-12  0.1239000     7.4410     7.4405    -0.0004     5.9334     5.9330     33.189     33.921      0.457    1426.69    1426.70  0.000e+00
      12069     34.000     2.8656     2.8660     0.0004    0.75929    0.75924          1     9.0524     8.8745      98.61     0.4474     0.2273  1.000e-12  0.1239000     7.4409     7.4404    -0.0005     5.9334     5.9330     33.684     34.427      0.506    1426.66    1426.67  0.000e+00
      12091     34.500     2.8579     2.8589     0.0010    0.75912    0.75909          1     9.0454     8.8793      98.61     0.4360     0.2070  1.000e-12  0.1432000     7.4409     7.4404    -0.0005     5.9335     5.9330     34.179     34.933      0.590    1426.64    1426.64  0.000e+00
      12110     35.000     2.8466     2.8481     0.0015    0.75885    0.75884          1     9.0413     8.8803      98.61     0.4293     0.2501  1.000e-12  0.1354000     7.4407     7.4402    -0.0005     5.9334     5.9330     34.675     35.440      0.606    1426.59    1426.60  0.000e+00
      12131     35.500     2.8442     2.8452     0.0010    0.75881    0.75879          1     9.0459     8.8893      98.61     0.4327     0.2498  1.000e-12  0.1253000     7.4407     7.4402    -0.0005     5.9334     5.9330     35.170     35.946      0.541    1426.59    1426.59  0.000e+00
      12155     36.000     2.8443     2.8454     0.0011    0.75884    0.75882          1     9.0511     8.8977      98.61     0.4469     0.2516  1.000e-12  0.1427000     7.4409     7.4404    -0.0005     5.9336     5.9331     35.665     36.452      0.470    1426.60    1426.60  0.000e+00
      12181     36.500     2.8464     2.8475     0.0011    0.75892    0.75890          1     9.0410     8.8969      98.61     0.4212     0.2671  1.000e-12  0.1378000     7.4412     7.4407    -0.0005     5.9338     5.9334     36.161     36.958      0.502    1426.61    1426.62  0.000e+00
      12203     37.000     2.8490     2.8501     0.0011    0.75901    0.75899          1     9.0325     8.9070      98.10     0.4560     0.2713  1.000e-12  0.1240000     7.4414     7.4410    -0.0004     5.9339     5.9336     36.656     37.465      0.573    1426.64    1426.64  0.000e+00
      12223     37.500     2.8517     2.8529     0.0012    0.75909    0.75907          1     9.0320     8.9157      98.32     0.4324     0.2731  1.000e-12  0.1302000     7.4417     7.4412    -0.0005     5.9341     5.9337     37.151     37.971      0.582    1426.66    1426.66  0.000e+00
      12244     38.000     2.8531     2.8542     0.0011    0.75914    0.75912          1     9.0326     8.9160      98.62     0.4317     0.2461  1.000e-12  0.1204000     7.4418     7.4413    -0.0005     5.9342     5.9338     37.647     38.477      0.525    1426.67    1426.67  0.000e+00
      12269     38.500     2.8541     2.8552     0.0011    0.75918    0.75916          1     9.0371     8.9098      68.54     0.4420     0.2434  1.000e-12  0.1221000     7.4419     7.4414    -0.0004     5.9343     5.9339     38.142     38.983      0.486    1426.68    1426.69  0.000e+00
      12293     39.000     2.8549     2.8561     0.0012    0.75921    0.75920          1     9.0384     8.8964      63.28     0.4520     0.2593  1.000e-12  0.1242000     7.4420     7.4415    -0.0005     5.9343     5.9340     38.637     39.490      0.525    1426.69    1426.70  0.000e+00
      12315     39.500     2.8536     2.8545     0.0009    0.75920    0.75918          1     9.0442     8.8937      98.50     0.4573     0.2643  1.000e-12  0.1265000     7.4421     7.4416    -0.0004     5.9344     5.9341     39.132     39.996      0.558    1426.70    1426.70  0.000e+00
      12337     40.000     2.8524     2.8535     0.0010    0.75919    0.75916          1     9.0454     8.8951      98.63     0.4400     0.2413  1.000e-12  0.1250000     7.4422     7.4416    -0.0005     5.9345     5.9340     39.628     40.502      0.532    1426.70    1426.70  0.000e+00
      12360     40.500     2.8515     2.8527     0.0011    0.75917    0.75916          1     9.0375     8.8853      98.63     0.4173     0.2252  1.000e-12  0.1187000     7.4421     7.4417    -0.0004     5.9345     5.9341     40.123     41.008      0.500    1426.70    1426.71  0.000e+00
      12384     41.000     2.8464     2.8470     0.0006    0.75906    0.75902          1     9.0323     8.8801      98.62     0.4296     0.2689  1.000e-12  0.1249000     7.4420     7.4415    -0.0005     5.9344     5.9340     40.618     41.515      0.508    1426.69    1426.69  0.000e+00
      12407     41.500     2.8328     2.8365     0.0037    0.75874    0.75877          1     9.0302     8.8905      98.47     0.4197     0.2618  1.000e-12  0.1254000     7.4418     7.4413    -0.0005     5.9343     5.9339     41.114     42.021      0.534    1426.63    1426.65  0.000e+00
      12429     42.000     2.8143     2.8133    -0.0011    0.75831    0.75823          1     9.0348     8.8900      98.33     0.4008     0.2643  1.000e-12  0.1303000     7.4415     7.4409    -0.0006     5.9343     5.9337     41.609     42.527      0.537    1426.55    1426.55  0.000e+00
      12452     42.500     2.8150     2.8149    -0.0000    0.75836    0.75830          1     9.0448     8.8922      98.08     0.4105     0.2338  1.000e-12  0.1369000     7.4417     7.4412    -0.0006     5.9344     5.9339     42.104     43.034      0.516    1426.57    1426.56  0.000e+00
      12476     43.000     2.8180     2.8199     0.0019    0.75845    0.75845          1     9.0490     8.8950      98.13     0.4406     0.2388  1.000e-12  0.1471000     7.4419     7.4415    -0.0004     5.9345     5.9342     42.599     43.540      0.485    1426.59    1426.59  0.000e+00
      12501     43.500     2.8197     2.8207     0.0010    0.75851    0.75848          1     9.0497     8.8978      98.20     0.4251     0.2315  1.000e-12  0.1281000     7.4422     7.4416    -0.0006     5.9347     5.9343     43.095     44.046      0.481    1426.60    1426.61  0.000e+00
      12526     44.000     2.8228     2.8213    -0.0014    0.75862    0.75853          1     9.0486     8.9159      98.44     0.4308     0.1962  1.000e-12  0.1199000     7.4425     7.4419    -0.0007     5.9350     5.9345     43.590     44.552      0.528    1426.63    1426.62  0.000e+00
      12547     44.500     2.8285     2.8288     0.0003    0.75880    0.75876          1     9.0451     8.9130      98.60     0.4312     0.2244  1.000e-12  0.1307000     7.4430     7.4425    -0.0005     5.9353     5.9349     44.085     45.059      0.576    1426.66    1426.66  0.000e+00
      12567     45.000     2.8308     2.8322     0.0015    0.75888    0.75886          1     9.0424     8.8939      98.61     0.4197     0.2834  1.000e-12  0.1260000     7.4432     7.4427    -0.0005     5.9355     5.9351     44.581     45.565      0.577    1426.68    1426.69  0.000e+00
      12589     45.500     2.8290     2.8307     0.0017    0.75884    0.75884          1     9.0393     8.8949      98.59     0.4095     0.2611  1.000e-12  0.1144000     7.4432     7.4427    -0.0005     5.9355     5.9351     45.076     46.071      0.503    1426.68    1426.69  0.000e+00
      12616     46.000     2.8264     2.8288     0.0025    0.75879    0.75881          1     9.0264     8.8916      69.26     0.4173     0.2469  1.000e-12  0.1190000     7.4432     7.4428    -0.0004     5.9355     5.9352     45.571     46.577      0.421    1426.67    1426.69  0.000e+00
      12645     46.500     2.8108     2.8182     0.0074    0.75843    0.75856          1     9.0292     8.8897      85.42     0.4119     0.2737  1.000e-12  0.1281000     7.4430     7.4426    -0.0004     5.9354     5.9351     46.067     47.084      0.458    1426.61    1426.64  0.000e+00
      12669     47.000     2.8006     2.8023     0.0018    0.75821    0.75820          1     9.0396     8.9014      98.49     0.4140     0.2874  1.000e-12  0.1299000     7.4429     7.4424    -0.0005     5.9354     5.9350     46.562     47.590      0.543    1426.57    1426.58  0.000e+00
      12689     47.500     2.8014     2.8023     0.0009    0.75826    0.75823          1     9.0510     8.9008      98.31     0.4159     0.2091  1.000e-12  0.1195000     7.4432     7.4427    -0.0005     5.9356     5.9352     47.057     48.096      0.593    1426.58    1426.59  0.000e+00
      12710     48.000     2.8040     2.8038    -0.0001    0.75836    0.75830          1     9.0543     8.8917      98.42     0.4030     0.2226  1.000e-12  0.1309000     7.4435     7.4429    -0.0006     5.9359     5.9354     47.552     48.602      0.574    1426.60    1426.60  0.000e+00
      12732     48.500     2.8101     2.8106     0.0005    0.75853    0.75849          1     9.0446     8.8755      98.59     0.4833     0.2485  1.000e-12  0.1194000     7.4439     7.4434    -0.0005     5.9362     5.9357     48.048     49.109      0.503    1426.64    1426.64  0.000e+00
      12758     49.000     2.8095     2.8095     0.0000    0.75854    0.75850          1     9.0334     8.8750      98.62     0.4195     0.2464  1.000e-12  0.1342000     7.4441     7.4436    -0.0005     5.9363     5.9360     48.543     49.615      0.437    1426.64    1426.64  0.000e+00
      12786     49.500     2.8058     2.8051    -0.0008    0.75850    0.75843          1     9.0174     8.8643      98.63     0.4038     0.2153  1.000e-12  0.1257000     7.4443     7.4438    -0.0005     5.9365     5.9361     49.038     50.121      0.459    1426.64    1426.63  0.000e+00
      12810     50.000     2.8128     2.8159     0.0030    0.75869    0.75872          1     9.0146     8.8512      98.63     0.4040     0.1919  1.000e-12  0.1320000     7.4446     7.4443    -0.0004     5.9368     5.9364     49.534     50.627      0.537    1426.68    1426.69  0.000e+00
      12831     50.500     2.8248     2.8245    -0.0002    0.75901    0.75896          1     9.0275     8.8687      98.63     0.4493     0.1820  1.000e-12  0.1255000     7.4452     7.4447    -0.0005     5.9371     5.9367     50.029     51.134      0.591    1426.74    1426.74  0.000e+00
      12851     51.000     2.8312     2.8336     0.0024    0.75919    0.75920          1     9.0311     8.8787      98.62     0.4365     0.2070  1.000e-12  0.1212000     7.4456     7.4451    -0.0005     5.9374     5.9370     50.524     51.640      0.588    1426.78    1426.79  0.000e+00
      12872     51.500     2.8630     2.8618    -0.0012    0.76001    0.75993          1     9.0289     8.8780      98.50     0.4313     0.2441  1.000e-12  0.1165000     7.4467     7.4462    -0.0005     5.9380     5.9376     51.019     52.146      0.530    1426.93    1426.93  0.000e+00
      12897     52.000     2.8601     2.8580    -0.0020    0.75996    0.75985          1     9.0181     8.8677      98.23     0.4312     0.2659  1.000e-12  0.1213000     7.4468     7.4461    -0.0007     5.9381     5.9376     51.515     52.653      0.462    1426.93    1426.92  0.000e+00
      12924     52.500     2.8362     2.8364     0.0002    0.75936    0.75931          1     9.0060     8.8675      97.96     0.4250     0.2473  1.000e-12  0.1452000     7.4460     7.4454    -0.0006     5.9376     5.9372     52.010     53.159      0.455    1426.83    1426.83  0.000e+00
      12949     53.000     2.8045     2.8046     0.0001    0.75860    0.75856          1     9.0140     8.8923      97.64     0.4287     0.2314  1.000e-12  0.1573000     7.4453     7.4448    -0.0005     5.9373     5.9369     52.505     53.665      0.512    1426.69    1426.69  0.000e+00
      12971     53.500     2.7927     2.7930     0.0003    0.75835    0.75831          1     9.0078     8.8939      55.05     0.3832     0.2536  1.000e-12  0.1270000     7.4453     7.4448    -0.0006     5.9374     5.9370     53.000     54.171      0.571    1426.64    1426.64  0.000e+00
      12991     54.000     2.7986     2.7997     0.0010    0.75854    0.75852          1     9.0072     8.8799      95.76     0.4028     0.2491  1.000e-12  0.1174000     7.4459     7.4454    -0.0005     5.9378     5.9374     53.496     54.678      0.584    1426.68    1426.68  0.000e+00
      13012     54.500     2.7946     2.7957     0.0011    0.75848    0.75846          1     9.0180     8.8773      97.52     0.4210     0.2423  1.000e-12  0.1135000     7.4461     7.4457    -0.0004     5.9380     5.9377     53.991     55.184      0.538    1426.66    1426.67  0.000e+00
      13036     55.000     2.7982     2.7990     0.0008    0.75863    0.75861          1     9.0276     8.8638      97.56     0.4139     0.2886  1.000e-12  0.1093000     7.4468     7.4463    -0.0004     5.9385     5.9382     54.486     55.690      0.469    1426.69    1426.69  0.000e+00
      13063     55.500     2.8144     2.8162     0.0017    0.75910    0.75910          1     9.0122     8.8466      97.70     0.4059     0.2289  1.000e-12  0.1178000     7.4479     7.4475    -0.0005     5.9393     5.9390     54.981     56.196      0.465    1426.77    1426.78  0.000e+00
