ctdpy/exports/archive_20191121_122431/received_data/SBE09_1044_20180527_0227_34_07_0030.cnv
* Sea-Bird SBE 9 Data File:
* FileName = C:\ctd\temp\2018\AU18D030.hex
* Software Version Seasave V 7.26.6.26
* Temperature SN = 5351
* Conductivity SN = 3941
* Number of Bytes Per Scan = 41
* Number of Voltage Words = 4
* Number of Scans Averaged by the Deck Unit = 1
* NMEA Latitude = 58 17.68 N
* NMEA Longitude = 010 50.79 E
* NMEA UTC (Time) = May 27 2018  02:27:11
* NMEA baud rate = 4800
** Station:  A15
** Operator:  SSip
** Ship: AURA
** Average sound velocity: 1479.55 m/s
** True-depth calculation Sun, 27 May 2018 03:09:43 +0000
** CTD Python Module SMHI /ver 3-12/ feb 2012 
** LIMS Job: 20183407-0030
** Cruise: SMHI-02-2018
** Latitude [GG MM.mm N] :
** Longitude [GG MM.mm E]:
# nquan = 26
# nvalues = 264                         
# units = specified
# name 0 = scan: Scan Count
# name 1 = prDM: Pressure, Digiquartz [db]
# name 2 = t090C: Temperature [ITS-90, deg C]
# name 3 = t190C: Temperature, 2 [ITS-90, deg C]
# name 4 = T2-T190C: Temperature Difference, 2 - 1 [ITS-90, deg C]
# name 5 = c0S/m: Conductivity [S/m]
# name 6 = c1S/m: Conductivity, 2 [S/m]
# name 7 = pumps: Pump Status
# name 8 = sbeox0ML/L: Oxygen, SBE 43 [ml/l]
# name 9 = sbeox1ML/L: Oxygen, SBE 43, 2 [ml/l]
# name 10 = altM: Altimeter [m]
# name 11 = flECO-AFL: Chl-a Fluorescence, WET Labs ECO-AFL/FL [mg/m^3]
# name 12 = flECO-AFL1: Phycocyanin Fluorescence, WET Labs ECO-AFL/FL, 2 [mg/m^3]
# name 13 = par: PAR/Irradiance, Biospherical/Lico [µE/(cm^2*s)]
# name 14 = turbWETntu0: Turbidity, WET Labs ECO [NTU]
# name 15 = sal00: Salinity, Practical [PSU]
# name 16 = sal11: Salinity, Practical, 2 [PSU]
# name 17 = secS-priS: Salinity, Practical, Difference, 2 - 1 [PSU]
# name 18 = sigma-t00: Density [sigma-t, Kg/m^3 ]
# name 19 = sigma-t11: Density, 2 [sigma-t, Kg/m^3 ]
# name 20 = depSM: Depth [salt water, m], lat = 58.2947
# name 21 = depFM: Depth [true depth, m], lat = 58.2947
# name 22 = dz/dtM: Descent Rate [m/s], WS = 2
# name 23 = svCM: Sound Velocity [Chen-Millero, m/s]
# name 24 = svCM1: Sound Velocity, 2 [Chen-Millero, m/s]
# name 25 = flag: flag
# span 0 =       3454,       9664       
# span 1 =      1.000,    132.500       
# span 2 =     6.1572,    18.2583       
# span 3 =     6.1588,    18.2566       
# span 4 =    -0.0630,     0.2285       
# span 5 =   2.734568,   3.849798       
# span 6 =   2.734590,   3.846891       
# span 7 =          1,          1       
# span 8 =    5.66889,    8.70089       
# span 9 =    5.84700,    8.61773       
# span 10 =       4.18,      98.54      
# span 11 =     0.0329,     5.2653      
# span 12 =     0.1536,     0.5996      
# span 13 = 3.3445e-13, 2.1857e+01      
# span 14 =     0.1613,     0.9459      
# span 15 =    19.5894,    35.0102      
# span 16 =    19.5907,    35.0094      
# span 17 =    -0.2961,     0.0141      
# span 18 =    13.4527,    27.5284      
# span 19 =    13.4543,    27.5273      
# span 20 =      0.991,    131.227      
# span 21 =      1.005,    131.450      
# span 22 =      0.055,      0.617      
# span 23 =    1476.18,    1500.45      
# span 24 =    1476.19,    1500.43      
# span 25 = 0.0000e+00, 0.0000e+00      
# interval = decibars: 0.5              
# start_time = May 27 2018 02:27:11 [NMEA time, first data scan]
# bad_flag = -9.990e-29
*END*
[from data line 168]
       7351     85.000     6.6513     6.6530     0.0017    3.50061    3.50066          1     5.9000     5.8477      51.64     0.0755     0.1802  1.000e-12  0.1806000    35.0044    35.0032    -0.0012    27.4703    27.4691     84.193     84.364      0.510    1478.70    1478.71  0.000e+00
       7374     85.500     6.6521     6.6537     0.0017    3.50071    3.50078          1     5.9227     5.8672      51.13     0.0818     0.1993  1.000e-12  0.1795000    35.0045    35.0035    -0.0010    27.4702    27.4692     84.688     84.860      0.527    1478.72    1478.72  0.000e+00
       7396     86.000     6.6517     6.6526     0.0009    3.50067    3.50065          1     5.9263     5.8740      50.65     0.0727     0.1989  1.000e-12  0.1873000    35.0041    35.0030    -0.0011    27.4700    27.4690     85.183     85.355      0.528    1478.72    1478.72  0.000e+00
       7419     86.500     6.6539     6.6551     0.0012    3.50093    3.50097          1     5.8975     5.8524      50.14     0.0878     0.1857  1.000e-12  0.1795000    35.0045    35.0037    -0.0008    27.4700    27.4692     85.678     85.851      0.527    1478.74    1478.74  0.000e+00
       7442     87.000     6.5684     6.5661    -0.0023    3.49160    3.49117          1     5.9278     5.9025      49.64     0.1101     0.2340  1.000e-12  0.1747000    34.9879    34.9855    -0.0024    27.4684    27.4668     86.174     86.347      0.524    1478.39    1478.38  0.000e+00
       7465     87.500     6.4228     6.4241     0.0013    3.47672    3.47676          1     5.9771     5.9575      49.23     0.0926     0.2077  1.000e-12  0.1738000    34.9708    34.9699    -0.0009    27.4744    27.4736     86.669     86.842      0.505    1477.81    1477.81  0.000e+00
       7490     88.000     6.4207     6.4212     0.0005    3.47645    3.47640          1     5.9998     5.9655      48.73     0.0754     0.2446  1.000e-12  0.1798000    34.9697    34.9686    -0.0011    27.4738    27.4729     87.164     87.338      0.485    1477.81    1477.81  0.000e+00
       7514     88.500     6.4210     6.4225     0.0015    3.47647    3.47655          1     6.0093     5.9458      84.93     0.0674     0.2724  1.000e-12  0.1828000    34.9693    34.9687    -0.0006    27.4735    27.4728     87.659     87.833      0.487    1477.82    1477.82  0.000e+00
       7539     89.000     6.4204     6.4257     0.0052    3.47645    3.47690          1     6.0074     5.9213      67.80     0.0680     0.2217  1.000e-12  0.1761000    34.9694    34.9691    -0.0003    27.4737    27.4728     88.154     88.329      0.501    1477.82    1477.84  0.000e+00
       7562     89.500     6.4215     6.4219     0.0004    3.47660    3.47654          1     5.9999     5.9294      47.07     0.0730     0.2071  1.000e-12  0.1733000    34.9698    34.9686    -0.0012    27.4738    27.4729     88.649     88.825      0.509    1477.84    1477.84  0.000e+00
       7586     90.000     6.4222     6.4236     0.0014    3.47669    3.47678          1     5.9927     5.9345      46.66     0.0718     0.2313  1.000e-12  0.1784000    34.9698    34.9694    -0.0005    27.4738    27.4732     89.144     89.320      0.511    1477.85    1477.85  0.000e+00
       7609     90.500     6.4226     6.4243     0.0017    3.47680    3.47688          1     5.9941     5.9382      46.19     0.0710     0.2609  1.000e-12  0.1812000    34.9704    34.9696    -0.0008    27.4741    27.4733     89.640     89.816      0.510    1477.86    1477.86  0.000e+00
       7633     91.000     6.4256     6.4277     0.0021    3.47719    3.47729          1     5.9977     5.9407      45.68     0.0628     0.2535  1.000e-12  0.1677000    34.9714    34.9704    -0.0010    27.4746    27.4735     90.135     90.312      0.507    1477.88    1477.89  0.000e+00
       7657     91.500     6.4365     6.4367     0.0002    3.47840    3.47830          1     5.9902     5.9263      45.32     0.0660     0.2101  1.000e-12  0.1704000    34.9735    34.9722    -0.0013    27.4748    27.4737     90.630     90.807      0.502    1477.93    1477.93  0.000e+00
       7681     92.000     6.4303     6.4304     0.0002    3.47772    3.47771          1     5.9943     5.9321      44.75     0.0741     0.2145  1.000e-12  0.1802000    34.9720    34.9718    -0.0002    27.4744    27.4742     91.125     91.303      0.506    1477.91    1477.91  0.000e+00
       7704     92.500     6.3801     6.3835     0.0033    3.47273    3.47292          1     6.0019     5.9578      44.16     0.0723     0.1790  1.000e-12  0.1793000    34.9675    34.9661    -0.0014    27.4775    27.4759     91.620     91.799      0.516    1477.72    1477.73  0.000e+00
       7727     93.000     6.3575     6.3613     0.0038    3.47040    3.47070          1     6.0088     5.9717      43.68     0.0803     0.2218  1.000e-12  0.1731000    34.9642    34.9637    -0.0005    27.4779    27.4770     92.115     92.294      0.525    1477.64    1477.65  0.000e+00
       7750     93.500     6.3171     6.3246     0.0074    3.46619    3.46693          1     6.0325     5.9868      43.29     0.0909     0.1816  1.000e-12  0.1735000    34.9583    34.9589     0.0007    27.4785    27.4781     92.610     92.790      0.518    1477.48    1477.51  0.000e+00
       7774     94.000     6.3015     6.3068     0.0052    3.46462    3.46509          1     6.0458     5.9951      42.75     0.0842     0.2011  1.000e-12  0.1686000    34.9565    34.9563    -0.0002    27.4792    27.4784     93.105     93.286      0.504    1477.42    1477.44  0.000e+00
       7798     94.500     6.2870     6.2879     0.0009    3.46315    3.46310          1     6.0465     6.0015      42.21     0.0683     0.2453  1.000e-12  0.1682000    34.9546    34.9531    -0.0015    27.4796    27.4783     93.601     93.781      0.496    1477.37    1477.37  0.000e+00
       7822     95.000     6.2498     6.2531     0.0033    3.45922    3.45943          1     6.0533     6.0113      41.66     0.0630     0.2125  1.000e-12  0.1717000    34.9485    34.9475    -0.0010    27.4797    27.4784     94.096     94.277      0.497    1477.22    1477.24  0.000e+00
       7846     95.500     6.2323     6.2349     0.0026    3.45747    3.45761          1     6.0603     6.0245      41.19     0.0883     0.1778  1.000e-12  0.1703000    34.9465    34.9456    -0.0010    27.4804    27.4793     94.591     94.773      0.503    1477.16    1477.17  0.000e+00
       7870     96.000     6.2293     6.2305     0.0013    3.45719    3.45722          1     6.0488     6.0178      40.93     0.0888     0.1901  1.000e-12  0.1687000    34.9462    34.9453    -0.0009    27.4806    27.4797     95.086     95.268      0.515    1477.16    1477.16  0.000e+00
       7893     96.500     6.2276     6.2302     0.0026    3.45704    3.45723          1     6.0486     6.0015      40.31     0.0738     0.2105  1.000e-12  0.1670000    34.9461    34.9454    -0.0006    27.4807    27.4798     95.581     95.764      0.528    1477.16    1477.17  0.000e+00
       7915     97.000     6.2272     6.2293     0.0021    3.45703    3.45715          1     6.0590     6.0008      39.73     0.0793     0.2232  1.000e-12  0.1735000    34.9462    34.9453    -0.0009    27.4808    27.4798     96.076     96.260      0.527    1477.17    1477.17  0.000e+00
       7938     97.500     6.2281     6.2297     0.0016    3.45716    3.45723          1     6.0614     6.0063      39.18     0.0888     0.2348  1.000e-12  0.1819000    34.9464    34.9455    -0.0008    27.4808    27.4800     96.571     96.755      0.522    1477.18    1477.18  0.000e+00
       7961     98.000     6.2289     6.2307     0.0018    3.45728    3.45737          1     6.0696     6.0173      38.70     0.0661     0.2467  1.000e-12  0.1628000    34.9467    34.9458    -0.0009    27.4810    27.4801     97.066     97.251      0.514    1477.19    1477.19  0.000e+00
       7985     98.500     6.2292     6.2308     0.0017    3.45736    3.45741          1     6.0691     6.0172      38.31     0.0890     0.2472  1.000e-12  0.1724000    34.9470    34.9459    -0.0011    27.4812    27.4801     97.562     97.746      0.518    1477.20    1477.20  0.000e+00
       8008     99.000     6.2280     6.2268    -0.0012    3.45724    3.45702          1     6.0623     6.0102      37.76     0.0815     0.2274  1.000e-12  0.1680000    34.9466    34.9453    -0.0013    27.4810    27.4801     98.057     98.242      0.529    1477.20    1477.20  0.000e+00
       8030     99.500     6.1862     6.1849    -0.0013    3.45294    3.45272          1     6.0736     6.0203      37.22     0.0670     0.2700  1.000e-12  0.1678000    34.9410    34.9398    -0.0012    27.4820    27.4813     98.552     98.738      0.534    1477.04    1477.03  0.000e+00
       8053    100.000     6.1660     6.1642    -0.0019    3.45090    3.45063          1     6.0857     6.0358      36.73     0.0790     0.2932  1.000e-12  0.1729000    34.9386    34.9374    -0.0011    27.4828    27.4821     99.047     99.233      0.519    1476.96    1476.96  0.000e+00
       8077    100.500     6.1582     6.1608     0.0026    3.45012    3.45028          1     6.0853     6.0433      36.20     0.0671     0.2594  1.000e-12  0.1683000    34.9375    34.9367    -0.0009    27.4830    27.4819     99.542     99.729      0.482    1476.94    1476.95  0.000e+00
       8103    101.000     6.1572     6.1588     0.0017    3.45004    3.45012          1     6.0966     6.0398      35.66     0.0766     0.2291  1.000e-12  0.1835000    34.9375    34.9367    -0.0009    27.4831    27.4822    100.037    100.225      0.463    1476.95    1476.95  0.000e+00
       8128    101.500     6.1611     6.1616     0.0006    3.45057    3.45043          1     6.1061     6.0354      35.21     0.0745     0.2480  1.000e-12  0.1874000    34.9391    34.9370    -0.0021    27.4839    27.4821    100.532    100.720      0.504    1476.97    1476.97  0.000e+00
       8150    102.000     6.2012     6.1962    -0.0050    3.45500    3.45433          1     6.1038     6.0438      34.73     0.0783     0.2416  1.000e-12  0.1866000    34.9474    34.9451    -0.0024    27.4852    27.4840    101.027    101.216      0.552    1477.15    1477.12  0.000e+00
       8171    102.500     6.2299     6.2295    -0.0005    3.45823    3.45807          1     6.1008     6.0490      34.25     0.0759     0.1618  1.000e-12  0.1876000    34.9540    34.9525    -0.0015    27.4867    27.4855    101.522    101.712      0.563    1477.28    1477.27  0.000e+00
       8193    103.000     6.2378     6.2387     0.0010    3.45919    3.45917          1     6.0983     6.0418      33.72     0.0632     0.2477  1.000e-12  0.1891000    34.9564    34.9552    -0.0012    27.4875    27.4864    102.018    102.207      0.532    1477.32    1477.32  0.000e+00
       8217    103.500     6.2255     6.2276     0.0020    3.45798    3.45809          1     6.1023     6.0418      33.19     0.0605     0.2516  1.000e-12  0.1822000    34.9551    34.9543    -0.0008    27.4881    27.4872    102.513    102.703      0.496    1477.28    1477.28  0.000e+00
       8241    104.000     6.2180     6.2194     0.0014    3.45728    3.45732          1     6.1054     6.0451      32.68     0.0402     0.2196  1.000e-12  0.2118000    34.9548    34.9538    -0.0010    27.4888    27.4878    103.008    103.199      0.497    1477.25    1477.26  0.000e+00
       8265    104.500     6.2205     6.2216     0.0012    3.45763    3.45763          1     6.0960     6.0343      32.19     0.0400     0.2072  1.000e-12  0.4650000    34.9559    34.9547    -0.0012    27.4894    27.4882    103.503    103.694      0.516    1477.27    1477.28  0.000e+00
       8288    105.000     6.2338     6.2357     0.0019    3.45915    3.45922          1     6.0972     6.0265      31.73     0.0611     0.2014  1.000e-12  0.2150000    34.9590    34.9578    -0.0012    27.4900    27.4889    103.998    104.190      0.519    1477.34    1477.34  0.000e+00
       8311    105.500     6.2422     6.2433     0.0012    3.46014    3.46012          1     6.1016     6.0340      31.24     0.0533     0.2087  1.000e-12  0.2090000    34.9613    34.9599    -0.0014    27.4908    27.4895    104.493    104.686      0.501    1477.38    1477.39  0.000e+00
       8336    106.000     6.2994     6.2939    -0.0055    3.46672    3.46594          1     6.0829     6.0169      30.76     0.0847     0.2533  1.000e-12  0.2167000    34.9760    34.9730    -0.0031    27.4949    27.4932    104.988    105.181      0.482    1477.63    1477.61  0.000e+00
       8361    106.500     6.3325     6.3334     0.0009    3.47023    3.47020          1     6.0569     5.9919      30.24     0.0595     0.2673  1.000e-12  0.2317000    34.9811    34.9799    -0.0012    27.4945    27.4935    105.483    105.677      0.479    1477.78    1477.78  0.000e+00
       8386    107.000     6.3299     6.3318     0.0019    3.46998    3.47006          1     6.0477     5.9861      29.71     0.0598     0.2314  1.000e-12  0.2535000    34.9807    34.9797    -0.0010    27.4946    27.4936    105.978    106.172      0.504    1477.78    1477.78  0.000e+00
       8409    107.500     6.3186     6.3210     0.0024    3.46884    3.46897          1     6.0402     5.9878      29.23     0.0627     0.2218  1.000e-12  0.2718000    34.9794    34.9783    -0.0011    27.4950    27.4938    106.474    106.668      0.539    1477.74    1477.75  0.000e+00
       8430    108.000     6.2948     6.2978     0.0029    3.46639    3.46660          1     6.0313     5.9964      28.74     0.0676     0.2448  1.000e-12  0.2918000    34.9760    34.9753    -0.0006    27.4955    27.4946    106.969    107.164      0.554    1477.65    1477.66  0.000e+00
       8452    108.500     6.2884     6.2900     0.0017    3.46574    3.46582          1     6.0286     5.9987      28.26     0.0671     0.2457  1.000e-12  0.3052000    34.9751    34.9743    -0.0008    27.4956    27.4947    107.464    107.659      0.541    1477.63    1477.64  0.000e+00
       8475    109.000     6.2858     6.2882     0.0024    3.46549    3.46563          1     6.0323     5.9845      27.77     0.0523     0.2069  1.000e-12  0.3141000    34.9748    34.9738    -0.0009    27.4957    27.4946    107.959    108.155      0.513    1477.63    1477.64  0.000e+00
       8499    109.500     6.2850     6.2868     0.0018    3.46548    3.46555          1     6.0310     5.9731      27.22     0.0527     0.1983  1.000e-12  0.3318000    34.9751    34.9740    -0.0011    27.4961    27.4950    108.454    108.651      0.490    1477.63    1477.64  0.000e+00
       8524    110.000     6.2830     6.2852     0.0021    3.46530    3.46541          1     6.0336     5.9671      26.69     0.0489     0.2265  1.000e-12  0.3528000    34.9749    34.9739    -0.0010    27.4962    27.4951    108.949    109.146      0.484    1477.64    1477.64  0.000e+00
       8548    110.500     6.2743     6.2760     0.0017    3.46447    3.46454          1     6.0336     5.9395      26.23     0.0431     0.2232  1.000e-12  0.3875000    34.9742    34.9732    -0.0010    27.4968    27.4958    109.444    109.642      0.493    1477.61    1477.61  0.000e+00
       8572    111.000     6.2754     6.2768     0.0013    3.46468    3.46468          1     6.0279     5.9434      25.75     0.0641     0.2063  1.000e-12  0.4140000    34.9752    34.9739    -0.0013    27.4974    27.4962    109.939    110.138      0.510    1477.62    1477.63  0.000e+00
       8595    111.500     6.2775     6.2793     0.0018    3.46501    3.46511          1     6.0179     5.9576      25.26     0.0925     0.2039  1.000e-12  0.4439000    34.9766    34.9758    -0.0008    27.4982    27.4973    110.434    110.633      0.522    1477.64    1477.64  0.000e+00
