ctdpy/exports/archive_20191121_122431/received_data/SBE09_1044_20181112_0337_34_01_0133.cnv
* Sea-Bird SBE 9 Data File:
* FileName = C:\ctd\temp\ar18d133.hex
* Software Version Seasave V 7.26.7.107
* Temperature SN = 5351
* Conductivity SN = 3941
* Number of Bytes Per Scan = 41
* Number of Voltage Words = 4
* Number of Scans Averaged by the Deck Unit = 1
* NMEA Latitude = 58 17.06 N
* NMEA Longitude = 010 30.26 E
* NMEA UTC (Time) = Nov 12 2018  03:37:46
* NMEA baud rate = 4800
** Station:  A17
** Operator:  JKro
** Ship: ARANDA
** Average sound velocity: 1483.72 m/s
** True-depth calculation Mon, 12 Nov 2018 05:26:24 +0000
** CTD Python Module SMHI /ver 3-12/ feb 2012 
** LIMS Job: 20183401-0133
** Cruise: SMHI-6-2018
** Latitude [GG MM.mm N]:
** Longitude [GG MM.mm E]
# nquan = 26
# nvalues = 700                         
# units = specified
# name 0 = scan: Scan Count
# name 1 = prDM: Pressure, Digiquartz [db]
# name 2 = t090C: Temperature [ITS-90, deg C]
# name 3 = t190C: Temperature, 2 [ITS-90, deg C]
# name 4 = T2-T190C: Temperature Difference, 2 - 1 [ITS-90, deg C]
# name 5 = c0S/m: Conductivity [S/m]
# name 6 = c1S/m: Conductivity, 2 [S/m]
# name 7 = pumps: Pump Status
# name 8 = sbeox0ML/L: Oxygen, SBE 43 [ml/l]
# name 9 = sbeox1ML/L: Oxygen, SBE 43, 2 [ml/l]
# name 10 = altM: Altimeter [m]
# name 11 = flECO-AFL: Chl-a Fluorescence, WET Labs ECO-AFL/FL [mg/m^3]
# name 12 = flECO-AFL1: Phycocyanin Fluorescence, WET Labs ECO-AFL/FL, 2 [mg/m^3]
# name 13 = par: PAR/Irradiance, Biospherical/Lico [µE/(cm^2*s)]
# name 14 = turbWETntu0: Turbidity, WET Labs ECO [NTU]
# name 15 = sal00: Salinity, Practical [PSU]
# name 16 = sal11: Salinity, Practical, 2 [PSU]
# name 17 = secS-priS: Salinity, Practical, Difference, 2 - 1 [PSU]
# name 18 = sigma-t00: Density [sigma-t, Kg/m^3 ]
# name 19 = sigma-t11: Density, 2 [sigma-t, Kg/m^3 ]
# name 20 = depSM: Depth [salt water, m], lat = 58.2843
# name 21 = depFM: Depth [true depth, m], lat = 58.2843
# name 22 = dz/dtM: Descent Rate [m/s], WS = 2
# name 23 = svCM: Sound Velocity [Chen-Millero, m/s]
# name 24 = svCM1: Sound Velocity, 2 [Chen-Millero, m/s]
# name 25 = flag: flag
# span 0 =      31427,      49915       
# span 1 =      1.500,    351.000       
# span 2 =     6.4253,    10.0970       
# span 3 =     6.4265,    10.0927       
# span 4 =    -0.0080,     0.0391       
# span 5 =   3.503030,   3.783300       
# span 6 =   3.503087,   3.783433       
# span 7 =          1,          1       
# span 8 =    5.11372,    5.99108       
# span 9 =    4.93374,    5.74093       
# span 10 =       2.87,     104.07      
# span 11 =    -0.0083,     0.7981      
# span 12 =     0.1058,     0.3182      
# span 13 = 1.0000e-12, 2.9438e-01      
# span 14 =     0.1782,     0.6183      
# span 15 =    34.4731,    35.1295      
# span 16 =    34.4736,    35.1287      
# span 17 =    -0.0051,     0.0029      
# span 18 =    26.5240,    27.5991      
# span 19 =    26.5251,    27.5984      
# span 20 =      1.486,    347.444      
# span 21 =      1.488,    347.988      
# span 22 =     -0.212,      1.119      
# span 23 =    1481.35,    1489.95      
# span 24 =    1481.36,    1489.96      
# span 25 = 0.0000e+00, 0.0000e+00      
# interval = decibars: 0.5              
# start_time = Nov 12 2018 03:37:47 [NMEA time, first data scan]
# bad_flag = -9.990e-29
*END*
      31427      1.500    10.0970    10.0927    -0.0042    3.76662    3.76627          1     5.9911     5.7372      97.38     0.6581     0.2665  1.980e-01  0.1937000    34.4731    34.4736     0.0005    26.5240    26.5251      1.486      1.488      0.100    1489.56    1489.55  0.000e+00
      31899      2.000    10.0890    10.0898     0.0008    3.76606    3.76612          1     5.9836     5.7409      97.42     0.6424     0.2590  2.944e-01  0.2005000    34.4749    34.4746    -0.0002    26.5267    26.5264      1.981      1.984      0.227    1489.54    1489.54  0.000e+00
      32597      2.500    10.0892    10.0905     0.0014    3.76635    3.76645          1     5.9664     5.7335      97.42     0.6674     0.2461  3.338e-02  0.2048000    34.4774    34.4771    -0.0003    26.5287    26.5282      2.477      2.481      0.326    1489.56    1489.56  0.000e+00
      32599      3.000    10.0889    10.0902     0.0013    3.76648    3.76657          1     5.9785     5.7375      97.43     0.7482     0.3099  8.558e-03  0.2000000    34.4787    34.4784    -0.0003    26.5297    26.5293      2.972      2.977      0.509    1489.56    1489.57  0.000e+00
      32622      3.500    10.0885    10.0898     0.0013    3.76666    3.76669          1     5.9759     5.7361      97.43     0.7487     0.2371  3.020e-04  0.2170000    34.4807    34.4798    -0.0009    26.5313    26.5304      3.467      3.473      0.532    1489.57    1489.58  0.000e+00
      32645      4.000    10.0886    10.0900     0.0014    3.76665    3.76671          1     5.9758     5.7339      97.44     0.7167     0.2320  2.717e-06  0.2113000    34.4802    34.4796    -0.0006    26.5309    26.5302      3.963      3.969      0.518    1489.58    1489.59  0.000e+00
      32669      4.500    10.0882    10.0901     0.0019    3.76671    3.76668          1     5.9753     5.7346      97.42     0.6926     0.2714  1.000e-12  0.2182000    34.4810    34.4790    -0.0020    26.5316    26.5297      4.458      4.465      0.488    1489.59    1489.59  0.000e+00
      32696      5.000    10.0885    10.0899     0.0014    3.76673    3.76681          1     5.9702     5.7327      97.42     0.7275     0.2552  1.000e-12  0.2180000    34.4808    34.4803    -0.0005    26.5314    26.5308      4.953      4.961      0.380    1489.60    1489.60  0.000e+00
      32730      5.500    10.0888    10.0901     0.0013    3.76678    3.76686          1     5.9686     5.7360      97.42     0.7593     0.2373  1.000e-12  0.2192000    34.4807    34.4803    -0.0004    26.5313    26.5307      5.449      5.457      0.436    1489.61    1489.61  0.000e+00
      32752      6.000    10.0892    10.0903     0.0012    3.76677    3.76678          1     5.9813     5.7329      97.00     0.7981     0.2661  1.000e-12  0.2219000    34.4801    34.4790    -0.0010    26.5307    26.5297      5.944      5.953      0.669    1489.62    1489.62  0.000e+00
      32768      6.500    10.0890    10.0903     0.0013    3.76677    3.76683          1     5.9860     5.7333      21.58     0.7382     0.2648  1.000e-12  0.2290000    34.4800    34.4794    -0.0007    26.5307    26.5300      6.439      6.449      0.750    1489.62    1489.63  0.000e+00
      32783      7.000    10.0890    10.0904     0.0014    3.76681    3.76695          1     5.9867     5.7376      84.92     0.7138     0.2631  1.000e-12  0.2291000    34.4801    34.4803     0.0001    26.5308    26.5307      6.935      6.946      0.660    1489.63    1489.64  0.000e+00
      32809      7.500    10.0890    10.0904     0.0014    3.76687    3.76694          1     5.9816     5.7368      96.73     0.7011     0.2373  1.000e-12  0.2336000    34.4806    34.4799    -0.0007    26.5312    26.5304      7.430      7.442      0.383    1489.64    1489.65  0.000e+00
      32850      8.000    10.0882    10.0900     0.0018    3.76712    3.76713          1     5.9748     5.7264      70.32     0.7220     0.2351  1.000e-12  0.2271000    34.4836    34.4820    -0.0016    26.5337    26.5321      7.926      7.938      0.367    1489.65    1489.65  0.000e+00
      32873      8.500    10.0888    10.0900     0.0012    3.76704    3.76716          1     5.9735     5.7267      98.14     0.6904     0.2826  1.000e-12  0.2349000    34.4820    34.4821     0.0001    26.5323    26.5322      8.421      8.434      0.697    1489.66    1489.66  0.000e+00
      32887      9.000    10.0889    10.0901     0.0013    3.76693    3.76708          1     5.9730     5.7293      97.43     0.6799     0.3066  1.000e-12  0.2363000    34.4806    34.4809     0.0003    26.5312    26.5312      8.916      8.930      0.836    1489.66    1489.67  0.000e+00
      32901      9.500    10.0889    10.0903     0.0014    3.76693    3.76706          1     5.9773     5.7328      95.25     0.6506     0.2452  1.000e-12  0.2367000    34.4803    34.4804     0.0000    26.5310    26.5308      9.411      9.426      0.815    1489.67    1489.68  0.000e+00
      32917     10.000    10.0892    10.0907     0.0015    3.76684    3.76692          1     5.9863     5.7362      80.05     0.6450     0.2264  1.000e-12  0.2345000    34.4789    34.4783    -0.0007    26.5298    26.5291      9.907      9.922      0.604    1489.68    1489.69  0.000e+00
      32951     10.500    10.0891    10.0905     0.0015    3.76691    3.76698          1     5.9880     5.7357      97.61     0.6936     0.2319  1.000e-12  0.2270000    34.4796    34.4788    -0.0007    26.5303    26.5295     10.402     10.418      0.307    1489.69    1489.69  0.000e+00
      32984     11.000    10.0896    10.0909     0.0013    3.76688    3.76699          1     5.9757     5.7347      97.25     0.6748     0.2644  1.000e-12  0.2114000    34.4785    34.4784    -0.0001    26.5294    26.5291     10.897     10.914      0.599    1489.70    1489.70  0.000e+00
      33000     11.500    10.0891    10.0905     0.0014    3.76733    3.76724          1     5.9638     5.7339      97.41     0.6639     0.2578  1.000e-12  0.2230000    34.4833    34.4810    -0.0023    26.5332    26.5312     11.393     11.410      0.754    1489.71    1489.71  0.000e+00
      33015     12.000    10.0889    10.0904     0.0014    3.76747    3.76747          1     5.9684     5.7328      97.42     0.6640     0.2486  1.000e-12  0.2262000    34.4847    34.4833    -0.0013    26.5343    26.5331     11.888     11.907      0.726    1489.72    1489.72  0.000e+00
      33035     12.500    10.0888    10.0902     0.0014    3.76752    3.76762          1     5.9834     5.7322      97.42     0.6637     0.2607  1.000e-12  0.2307000    34.4851    34.4848    -0.0003    26.5347    26.5342     12.383     12.403      0.482    1489.73    1489.73  0.000e+00
      33082     13.000    10.0888    10.0902     0.0014    3.76753    3.76761          1     5.9778     5.7256      97.41     0.7045     0.2618  1.000e-12  0.2228000    34.4850    34.4845    -0.0005    26.5346    26.5340     12.879     12.899      0.364    1489.74    1489.74  0.000e+00
      33108     13.500    10.0889    10.0904     0.0014    3.76764    3.76770          1     5.9724     5.7267      97.42     0.6629     0.2532  1.000e-12  0.2054000    34.4858    34.4850    -0.0008    26.5352    26.5344     13.374     13.395      0.710    1489.75    1489.75  0.000e+00
      33122     14.000    10.0884    10.0898     0.0014    3.76785    3.76790          1     5.9672     5.7290      97.43     0.6567     0.2451  1.000e-12  0.2179000    34.4881    34.4874    -0.0007    26.5371    26.5363     13.869     13.891      0.846    1489.76    1489.76  0.000e+00
      33135     14.500    10.0886    10.0901     0.0015    3.76780    3.76784          1     5.9718     5.7269      97.43     0.6511     0.2614  1.000e-12  0.2235000    34.4873    34.4863    -0.0010    26.5364    26.5354     14.365     14.387      0.827    1489.76    1489.77  0.000e+00
      33151     15.000    10.0865    10.0885     0.0019    3.76834    3.76826          1     5.9764     5.7283      97.42     0.6418     0.2593  1.000e-12  0.2326000    34.4945    34.4918    -0.0027    26.5424    26.5400     14.860     14.883      0.672    1489.77    1489.78  0.000e+00
      33175     15.500    10.0851    10.0866     0.0015    3.76865    3.76871          1     5.9658     5.7297      97.42     0.6467     0.2424  1.000e-12  0.2232000    34.4988    34.4980    -0.0008    26.5460    26.5451     15.355     15.379      0.440    1489.78    1489.79  0.000e+00
      33205     16.000    10.0852    10.0863     0.0011    3.76871    3.76884          1     5.9722     5.7241      97.42     0.6610     0.2875  1.000e-12  0.2137000    34.4991    34.4994     0.0003    26.5462    26.5463     15.851     15.875      0.429    1489.79    1489.79  0.000e+00
      33231     16.500    10.0846    10.0863     0.0016    3.76885    3.76892          1     5.9809     5.7189      97.42     0.6632     0.2366  1.000e-12  0.2169000    34.5008    34.5000    -0.0009    26.5477    26.5467     16.346     16.371      0.467    1489.80    1489.80  0.000e+00
      33259     17.000    10.0849    10.0861     0.0011    3.76881    3.76895          1     5.9742     5.7262      97.42     0.6532     0.2400  1.000e-12  0.2219000    34.4999    34.5002     0.0003    26.5469    26.5470     16.841     16.868      0.384    1489.81    1489.81  0.000e+00
      33292     17.500    10.0848    10.0862     0.0014    3.76886    3.76896          1     5.9700     5.7200      97.43     0.6382     0.2592  1.000e-12  0.2158000    34.5003    34.5000    -0.0003    26.5473    26.5468     17.337     17.364      0.450    1489.81    1489.82  0.000e+00
      33313     18.000    10.0782    10.0796     0.0014    3.77037    3.77045          1     5.9504     5.7106      97.41     0.6283     0.2812  1.000e-12  0.2101000    34.5217    34.5212    -0.0005    26.5651    26.5645     17.832     17.860      0.692    1489.83    1489.83  0.000e+00
      33328     18.500    10.0705    10.0725     0.0020    3.77281    3.77256          1     5.9358     5.7033      97.44     0.6113     0.3069  1.000e-12  0.2181000    34.5538    34.5494    -0.0044    26.5915    26.5877     18.327     18.356      0.780    1489.84    1489.85  0.000e+00
      33343     19.000    10.0633    10.0649     0.0017    3.77554    3.77552          1     5.9329     5.6974      97.44     0.5988     0.2580  1.000e-12  0.2169000    34.5883    34.5866    -0.0018    26.6197    26.6180     18.823     18.852      0.723    1489.87    1489.87  0.000e+00
      33362     19.500    10.0598    10.0612     0.0015    3.77663    3.77660          1     5.9326     5.6962      97.42     0.5468     0.2505  1.000e-12  0.2065000    34.6026    34.6009    -0.0017    26.6314    26.6298     19.318     19.348      0.536    1489.88    1489.88  0.000e+00
      33393     20.000    10.0591    10.0605     0.0014    3.77711    3.77720          1     5.9355     5.6866      97.42     0.5866     0.2648  1.000e-12  0.2145000    34.6080    34.6075    -0.0005    26.6357    26.6351     19.813     19.844      0.354    1489.89    1489.90  0.000e+00
      33424     20.500    10.0560    10.0582     0.0022    3.77764    3.77775          1     5.9312     5.6832      97.42     0.5354     0.1904  1.000e-12  0.2057000    34.6161    34.6150    -0.0010    26.6426    26.6414     20.309     20.340      0.492    1489.90    1489.91  0.000e+00
      33445     21.000    10.0453    10.0545     0.0092    3.77727    3.77769          1     5.9161     5.6757      97.42     0.5068     0.1986  1.000e-12  0.2113000    34.6223    34.6178    -0.0046    26.6493    26.6442     20.804     20.836      0.598    1489.88    1489.91  0.000e+00
      33465     21.500    10.0356    10.0386     0.0031    3.77701    3.77715          1     5.9100     5.6724      97.44     0.4966     0.2342  1.000e-12  0.2159000    34.6287    34.6273    -0.0014    26.6559    26.6543     21.299     21.332      0.545    1489.86    1489.87  0.000e+00
      33493     22.000    10.0368    10.0381     0.0013    3.77710    3.77718          1     5.9079     5.6699      97.43     0.4840     0.2469  1.000e-12  0.2174000    34.6283    34.6279    -0.0004    26.6554    26.6549     21.794     21.828      0.362    1489.87    1489.88  0.000e+00
      33530     22.500    10.0339    10.0362     0.0023    3.77702    3.77715          1     5.9017     5.6616      97.43     0.4621     0.2671  1.000e-12  0.2140000    34.6301    34.6292    -0.0009    26.6573    26.6562     22.290     22.324      0.436    1489.87    1489.88  0.000e+00
      33550     23.000    10.0263    10.0286     0.0023    3.77679    3.77690          1     5.9051     5.6560      97.45     0.4475     0.2506  1.000e-12  0.2073000    34.6347    34.6337    -0.0011    26.6622    26.6610     22.785     22.820      0.713    1489.86    1489.86  0.000e+00
      33565     23.500    10.0254    10.0267     0.0013    3.77677    3.77686          1     5.9024     5.6521      97.45     0.4362     0.2361  1.000e-12  0.1959000    34.6351    34.6347    -0.0004    26.6627    26.6621     23.280     23.316      0.827    1489.86    1489.87  0.000e+00
      33579     24.000    10.0231    10.0235     0.0005    3.77667    3.77673          1     5.8929     5.6532      97.44     0.4417     0.2351  1.000e-12  0.2135000    34.6362    34.6363     0.0002    26.6639    26.6640     23.776     23.812      0.797    1489.87    1489.87  0.000e+00
      33595     24.500    10.0200    10.0243     0.0043    3.77654    3.77677          1     5.8903     5.6552      97.43     0.4500     0.2319  1.000e-12  0.2317000    34.6374    34.6358    -0.0017    26.6654    26.6634     24.271     24.308      0.588    1489.86    1489.88  0.000e+00
      33638     25.000    10.0156    10.0161     0.0005    3.77634    3.77639          1     5.8931     5.6534      97.42     0.4347     0.2170  1.000e-12  0.2132000    34.6395    34.6395     0.0001    26.6677    26.6677     24.766     24.805      0.293    1489.86    1489.86  0.000e+00
      33677     25.500    10.0053    10.0058     0.0005    3.77614    3.77622          1     5.8879     5.6463      97.42     0.4413     0.2190  1.000e-12  0.2074000    34.6471    34.6474     0.0003    26.6755    26.6756     25.262     25.301      0.570    1489.84    1489.84  0.000e+00
      33694     26.000    10.0016    10.0041     0.0025    3.77629    3.77635          1     5.8799     5.6421      97.44     0.4141     0.2502  1.000e-12  0.2144000    34.6518    34.6500    -0.0018    26.6798    26.6780     25.757     25.797      0.738    1489.84    1489.85  0.000e+00
      33709     26.500     9.9941     9.9943     0.0002    3.77694    3.77697          1     5.8761     5.6420      97.42     0.3968     0.2403  1.000e-12  0.2118000    34.6655    34.6656     0.0001    26.6918    26.6918     26.252     26.293      0.761    1489.84    1489.84  0.000e+00
      33725     27.000     9.9926     9.9948     0.0022    3.77759    3.77808          1     5.8704     5.6413      97.36     0.3919     0.2281  1.000e-12  0.2117000    34.6734    34.6763     0.0029    26.6982    26.7001     26.747     26.789      0.665    1489.85    1489.86  0.000e+00
      33747     27.500     9.9940     9.9957     0.0017    3.77848    3.77869          1     5.8440     5.6463      97.38     0.3923     0.1607  1.000e-12  0.2223000    34.6809    34.6814     0.0005    26.7038    26.7039     27.243     27.285      0.466    1489.87    1489.88  0.000e+00
      33784     28.000     9.9925     9.9938     0.0013    3.78014    3.77999          1     5.8629     5.6457      97.40     0.3986     0.2575  1.000e-12  0.2143000    34.6991    34.6963    -0.0028    26.7183    26.7158     27.738     27.781      0.292    1489.90    1489.90  0.000e+00
      33821     28.500     9.9915     9.9928     0.0014    3.78152    3.78123          1     5.8756     5.6321      97.41     0.3959     0.2613  1.000e-12  0.1933000    34.7139    34.7097    -0.0042    26.7300    26.7265     28.233     28.277      0.460    1489.92    1489.92  0.000e+00
