ctdpy/exports/archive_20191121_122431/received_data/SBE09_0827_20181006_1510_26_01_1027.cnv
* Sea-Bird SBE 9 Data File:
* FileName = D:\CTD_SBE911\DAT\26DA.2018.10.27.hex
* Software Version Seasave V 7.21d
* Temperature SN = 4548
* Conductivity SN = 3062
* Number of Bytes Per Scan = 48
* Number of Voltage Words = 5
* Number of Scans Averaged by the Deck Unit = 1
* NMEA Latitude = 57 46.64 N
* NMEA Longitude = 017 46.79 E
* NMEA UTC (Time) = Oct 06 2018  15:12:49
* NMEA baud rate = 4800
** Ship: DANA
** Average sound velocity: 1448.24 m/s
** True-depth calculation Thu, 28 Mar 2019 12:19:04 +0000
** CTD Python Module SMHI /ver 3-12/ feb 2012 
** LIMS Job: 20182601-1027
** Operator: Christian
** Cruise: 10/2018
# nquan = 26
# nvalues = 185                         
# units = specified
# name 0 = scan: Scan Count
# name 1 = prDM: Pressure, Digiquartz [db]
# name 2 = t090C: Temperature [ITS-90, deg C]
# name 3 = t190C: Temperature, 2 [ITS-90, deg C]
# name 4 = T2-T190C: Temperature Difference, 2 - 1 [ITS-90, deg C]
# name 5 = c0S/m: Conductivity [S/m]
# name 6 = c1S/m: Conductivity, 2 [S/m]
# name 7 = pumps: Pump Status
# name 8 = sbeox1ML/L: Oxygen, SBE 43, 2 [ml/l]
# name 9 = sbeox0ML/L: Oxygen, SBE 43 [ml/l]
# name 10 = altM: Altimeter [m]
# name 11 = chloroflTC0: Chlorophyll, Turner Cyclops [ug/l]
# name 12 = cpar: CPAR/Corrected Irradiance [%]
# name 13 = par: PAR/Irradiance, Biospherical/Lico [µE/(cm^2*s)]
# name 14 = spar: SPAR, Biospherical/Licor
# name 15 = sal00: Salinity, Practical [PSU]
# name 16 = sal11: Salinity, Practical, 2 [PSU]
# name 17 = secS-priS: Salinity, Practical, Difference, 2 - 1 [PSU]
# name 18 = sigma-t00: Density [sigma-t, kg/m^3 ]
# name 19 = sigma-t11: Density, 2 [sigma-t, kg/m^3 ]
# name 20 = depSM: Depth [salt water, m], lat = 57.7773
# name 21 = depFM: Depth [true depth, m], lat = 57.7773
# name 22 = dz/dtM: Descent Rate [m/s], WS = 2
# name 23 = svCM: Sound Velocity [Chen-Millero, m/s]
# name 24 = svCM1: Sound Velocity, 2 [Chen-Millero, m/s]
# name 25 = flag: flag
# span 0 =        217,      10992       
# span 1 =      0.500,     92.500       
# span 2 =     3.7434,    12.4491       
# span 3 =     3.7529,    12.4491       
# span 4 =    -0.0767,     0.8836       
# span 5 =   0.769789,   1.158787       
# span 6 =   0.770654,   1.158770       
# span 7 =          1,          1       
# span 8 =     0.0456,     7.4942       
# span 9 =     0.0422,     7.1119       
# span 10 =       0.55,       9.99      
# span 11 =     0.0159,     0.0335      
# span 12 = 2.7292e-12, 1.5438e+01      
# span 13 = 1.0000e-12, 6.4441e+00      
# span 14 = 3.1516e+01, 4.1406e+01      
# span 15 =     6.8679,    10.7073      
# span 16 =     6.8683,    10.7069      
# span 17 =    -0.1267,     0.0019      
# span 18 =     4.7690,     8.4202      
# span 19 =     4.7692,     8.4199      
# span 20 =      0.495,     91.624      
# span 21 =      0.507,     93.618      
# span 22 =     -0.260,      0.350      
# span 23 =    1430.75,    1465.11      
# span 24 =    1430.82,    1465.13      
# span 25 = 0.0000e+00, 0.0000e+00      
# interval = decibars: 0.5              
# start_time = Oct 06 2018 15:12:50 [NMEA time, first data scan]
# bad_flag = -9.990e-29
*END*
[from data line 56]
       2917     28.500    12.2497    12.2520     0.0023    0.90802    0.90809          1     6.9608     6.5151       9.97     0.0269  3.078e-12  1.000e-12  3.249e+01     6.8854     6.8856     0.0002     4.8093     4.8092     28.234     28.890      0.312    1464.75    1464.76  0.000e+00
       2952     29.000    12.2461    12.2494     0.0033    0.90795    0.90804          1     6.9533     6.5198       9.97     0.0264  3.078e-12  1.000e-12  3.249e+01     6.8854     6.8856     0.0002     4.8098     4.8095     28.730     29.397      0.313    1464.74    1464.75  0.000e+00
       3001     29.500    12.2391    12.2436     0.0046    0.90783    0.90795          1     6.9585     6.5953       9.97     0.0267  3.078e-12  1.000e-12  3.249e+01     6.8857     6.8858     0.0001     4.8110     4.8105     29.225     29.904      0.217    1464.73    1464.74  0.000e+00
       3050     30.000    12.1396    12.2185     0.0795    0.90549    0.90748          1     6.8210     6.7371       9.97     0.0261  3.078e-12  1.000e-12  3.249e+01     6.8847     6.8866     0.0019     4.8234     4.8144     29.720     30.410      0.290    1464.36    1464.66  0.000e+00
       3093     30.500    11.2259    11.7959     0.5690    0.88964    0.90032          1     6.7509     6.7613       9.97     0.0236  3.078e-12  1.000e-12  3.249e+01     6.9224     6.9053    -0.0171     4.9681     4.8840     30.216     30.917      0.251    1461.00    1463.12  0.000e+00
       3144     31.000     9.8410    10.7246     0.8836    0.86490    0.88202          1     6.9074     6.6454       9.97     0.0205  3.078e-12  1.000e-12  3.249e+01     6.9742     6.9524    -0.0218     5.1648     5.0505     30.711     31.424      0.254    1455.74    1459.13  0.000e+00
       3187     31.500     9.1834     9.8089     0.6253    0.85216    0.86576          1     7.0784     6.7174       9.97     0.0195  3.078e-12  1.000e-12  3.249e+01     6.9902     6.9878    -0.0025     5.2435     5.1787     31.206     31.930      0.278    1453.18    1455.64  0.000e+00
       3233     32.000     8.9723     9.2530     0.2803    0.84950    0.85494          1     7.0981     6.8697       9.97     0.0195  3.078e-12  1.000e-12  3.249e+01     7.0080     7.0010    -0.0070     5.2774     5.2453     31.702     32.437      0.250    1452.37    1453.48  0.000e+00
       3279     32.500     8.4425     8.8935     0.4513    0.83877    0.84853          1     7.1765     6.8745       9.97     0.0195  3.078e-12  1.000e-12  3.249e+01     7.0167     7.0148    -0.0019     5.3314     5.2899     32.197     32.944      0.268    1450.26    1452.07  0.000e+00
       3328     33.000     7.9330     8.3149     0.3819    0.82940    0.83760          1     7.2635     6.9080       9.97     0.0194  3.078e-12  1.000e-12  3.249e+01     7.0334     7.0314    -0.0020     5.3869     5.3539     32.692     33.450      0.232    1448.21    1449.76  0.000e+00
       3375     33.500     7.6337     7.9238     0.2903    0.82469    0.83062          1     7.2776     6.9651       9.97     0.0188  3.078e-12  1.000e-12  3.249e+01     7.0506     7.0464    -0.0042     5.4236     5.3978     33.187     33.957      0.285    1447.01    1448.20  0.000e+00
       3418     34.000     7.2976     7.6149     0.3175    0.81956    0.82579          1     7.2828     6.9650       9.97     0.0187  3.078e-12  1.000e-12  3.249e+01     7.0714     7.0644    -0.0071     5.4645     5.4357     33.683     34.463      0.255    1445.65    1446.96  0.000e+00
       3468     34.500     6.9804     7.2026     0.2222    0.81471    0.81888          1     7.2754     6.9992       9.97     0.0193  3.078e-12  1.000e-12  3.249e+01     7.0912     7.0844    -0.0067     5.5019     5.4814     34.178     34.970      0.245    1444.36    1445.28  0.000e+00
       3513     35.000     6.6784     6.9674     0.2887    0.81022    0.81561          1     7.2708     7.0158       9.97     0.0186  3.078e-12  1.000e-12  3.249e+01     7.1113     7.1022    -0.0092     5.5372     5.5114     34.673     35.476      0.289    1443.12    1444.32  0.000e+00
       3555     35.500     6.2490     6.6381     0.3889    0.80325    0.81056          1     7.3109     6.9950       9.97     0.0181  3.078e-12  1.000e-12  3.249e+01     7.1347     7.1228    -0.0118     5.5811     5.5487     35.169     35.983      0.267    1441.33    1442.97  0.000e+00
       3602     36.000     5.9747     6.2424     0.2680    0.79932    0.80451          1     7.3326     7.0589       9.97     0.0172  3.078e-12  1.000e-12  3.249e+01     7.1546     7.1480    -0.0066     5.6119     5.5920     35.664     36.489      0.251    1440.19    1441.33  0.000e+00
       3649     36.500     5.5934     5.9697     0.3758    0.79308    0.80030          1     7.3487     7.0242       9.97     0.0171  3.078e-12  1.000e-12  3.249e+01     7.1752     7.1650    -0.0101     5.6469     5.6203     36.159     36.996      0.257    1438.58    1440.19  0.000e+00
       3696     37.000     5.1887     5.5149     0.3266    0.78682    0.79307          1     7.4115     7.0200       9.97     0.0171  3.078e-12  1.000e-12  3.249e+01     7.2007     7.1918    -0.0089     5.6853     5.6639     36.655     37.502      0.258    1436.86    1438.27  0.000e+00
       3743     37.500     5.1312     5.3022     0.1711    0.78693    0.78996          1     7.4074     7.0494       9.97     0.0171  3.078e-12  1.000e-12  3.249e+01     7.2141     7.2070    -0.0071     5.6983     5.6855     37.150     38.008      0.269    1436.63    1437.37  0.000e+00
       3784     38.000     4.9600     5.1487     0.1888    0.78395    0.78782          1     7.4353     7.0264       9.97     0.0171  3.078e-12  1.000e-12  3.249e+01     7.2217     7.2191    -0.0026     5.7111     5.7015     37.645     38.515      0.293    1435.90    1436.72  0.000e+00
       3832     38.500     4.8805     4.9711     0.0905    0.78305    0.78493          1     7.4438     7.0410       9.97     0.0171  3.081e-12  1.000e-12  3.246e+01     7.2300     7.2289    -0.0011     5.7207     5.7164     38.140     39.021      0.216    1435.56    1435.96  0.000e+00
       3882     39.000     4.8205     4.8993     0.0788    0.78258    0.78408          1     7.4365     7.0368       9.97     0.0171  3.077e-12  1.000e-12  3.249e+01     7.2384     7.2361    -0.0023     5.7295     5.7248     38.636     39.527      0.320    1435.32    1435.66  0.000e+00
       3917     39.500     4.7259     4.8168     0.0907    0.78153    0.78314          1     7.4647     7.0269       9.97     0.0171  3.083e-12  1.000e-12  3.244e+01     7.2485     7.2446    -0.0039     5.7409     5.7346     39.131     40.034      0.308    1434.92    1435.32  0.000e+00
       3971     40.000     4.6746     4.7240     0.0494    0.78112    0.78206          1     7.4663     7.0531       9.97     0.0169  3.097e-12  1.000e-12  3.230e+01     7.2556     7.2541    -0.0015     5.7483     5.7454     39.626     40.540      0.213    1434.71    1434.93  0.000e+00
       4019     40.500     4.5835     4.6672     0.0836    0.77981    0.78152          1     7.4654     7.0459       9.97     0.0169  3.115e-12  1.000e-12  3.213e+01     7.2625     7.2612    -0.0013     5.7568     5.7530     40.122     41.047      0.320    1434.32    1434.69  0.000e+00
       4057     41.000     4.5099     4.5835     0.0737    0.77872    0.78023          1     7.4911     7.0502       9.97     0.0169  3.104e-12  1.000e-12  3.223e+01     7.2677     7.2666    -0.0011     5.7633     5.7601     40.617     41.553      0.275    1434.01    1434.34  0.000e+00
       4108     41.500     4.4622     4.4985     0.0362    0.77880    0.77928          1     7.4626     7.0782       9.97     0.0168  3.113e-12  1.000e-12  3.215e+01     7.2789     7.2758    -0.0032     5.7737     5.7701     41.112     42.059      0.228    1433.82    1433.98  0.000e+00
       4155     42.000     4.3753     4.4468     0.0715    0.77734    0.77888          1     7.4561     7.0819       9.97     0.0170  3.122e-12  1.000e-12  3.206e+01     7.2833     7.2830    -0.0003     5.7799     5.7775     41.607     42.566      0.293    1433.45    1433.76  0.000e+00
       4194     42.500     4.2656     4.3734     0.1077    0.77547    0.77765          1     7.4774     7.0770       9.97     0.0166  3.124e-12  1.000e-12  3.203e+01     7.2888     7.2868    -0.0019     5.7874     5.7827     42.103     43.072      0.288    1432.97    1433.45  0.000e+00
       4243     43.000     4.1257     4.2232     0.0974    0.77373    0.77540          1     7.4931     7.0733       9.97     0.0164  3.125e-12  1.000e-12  3.202e+01     7.3022     7.2974    -0.0048     5.8018     5.7954     42.598     43.578      0.223    1432.37    1432.80  0.000e+00
       4296     43.500     4.0855     4.1342     0.0488    0.77473    0.77497          1     7.4523     7.1119       9.97     0.0163  3.146e-12  1.000e-12  3.182e+01     7.3213     7.3128    -0.0085     5.8180     5.8100     43.093     44.085      0.245    1432.22    1432.43  0.000e+00
       4342     44.000     3.9862     4.0798     0.0937    0.77367    0.77503          1     7.4047     7.0784       9.97     0.0160  3.176e-12  1.000e-12  3.152e+01     7.3327     7.3255    -0.0072     5.8295     5.8215     43.588     44.591      0.285    1431.80    1432.21  0.000e+00
       4382     44.500     3.7869     3.9517     0.1647    0.76979    0.77322          1     7.4743     7.0322       9.97     0.0160  3.145e-12  1.000e-12  3.183e+01     7.3378     7.3357    -0.0020     5.8381     5.8328     44.084     45.097      0.284    1430.91    1431.65  0.000e+00
       4432     45.000     3.7539     3.8070     0.0530    0.76996    0.77079          1     7.4862     7.0404       9.97     0.0162  3.143e-12  1.000e-12  3.184e+01     7.3468     7.3434    -0.0034     5.8460     5.8422     44.579     45.604      0.213    1430.78    1431.02  0.000e+00
       4484     45.500     3.7434     3.7691     0.0258    0.77028    0.77065          1     7.4942     7.0566       9.97     0.0159  3.153e-12  1.000e-12  3.174e+01     7.3524     7.3505    -0.0019     5.8507     5.8486     45.074     46.110      0.293    1430.75    1430.86  0.000e+00
       4520     46.000     3.7452     3.7618     0.0166    0.77083    0.77091          1     7.4745     7.0454       9.97     0.0160  3.168e-12  1.000e-12  3.160e+01     7.3576     7.3547    -0.0029     5.8548     5.8521     45.569     46.616      0.317    1430.77    1430.84  0.000e+00
       4574     46.500     3.7723     3.7529    -0.0194    0.77292    0.77152          1     7.4154     7.0254       9.97     0.0159  3.166e-12  1.000e-12  3.161e+01     7.3728     7.3629    -0.0100     5.8663     5.8588     46.065     47.122      0.214    1430.92    1430.82  0.000e+00
       4625     47.000     3.8668     3.8278    -0.0389    0.77685    0.77501          1     7.2749     7.0033       9.97     0.0159  3.142e-12  1.000e-12  3.186e+01     7.3916     7.3816    -0.0100     5.8792     5.8721     46.560     47.629      0.335    1431.38    1431.19  0.000e+00
       4660     47.500     3.8442     3.8505     0.0063    0.77716    0.77648          1     7.2115     6.9150       9.97     0.0159  3.120e-12  1.000e-12  3.207e+01     7.3998     7.3914    -0.0084     5.8862     5.8794     47.055     48.135      0.288    1431.30    1431.31  0.000e+00
       4716     48.000     3.7935     3.8229     0.0294    0.77808    0.77745          1     7.1555     6.8274       9.97     0.0159  3.125e-12  1.000e-12  3.202e+01     7.4207     7.4075    -0.0132     5.9039     5.8928     47.551     48.641      0.215    1431.10    1431.22  0.000e+00
       4762     48.500     3.7804     3.8002     0.0197    0.77969    0.77854          1     7.0797     6.7729       9.97     0.0160  3.157e-12  1.000e-12  3.171e+01     7.4401     7.4238    -0.0163     5.9196     5.9063     48.046     49.148      0.301    1431.08    1431.15  0.000e+00
       4806     49.000     3.7870     3.7909     0.0039    0.78224    0.78036          1     6.9907     6.6962       9.97     0.0159  3.135e-12  1.000e-12  3.192e+01     7.4647     7.4445    -0.0203     5.9391     5.9229     48.541     49.654      0.234    1431.15    1431.14  0.000e+00
       4862     49.500     3.8528     3.8215    -0.0312    0.78868    0.78528          1     6.8026     6.5922       9.97     0.0159  3.155e-12  1.000e-12  3.173e+01     7.5154     7.4878    -0.0276     5.9779     5.9567     49.036     50.160      0.245    1431.52    1431.34  0.000e+00
       4904     50.000     3.8403     3.8569     0.0166    0.79449    0.79126          1     6.5551     6.4193       9.97     0.0159  3.140e-12  1.000e-12  3.188e+01     7.5778     7.5408    -0.0370     6.0278     5.9980     49.532     50.666      0.276    1431.55    1431.58  0.000e+00
       4957     50.500     3.8467     3.8317    -0.0149    0.80146    0.79634          1     6.3133     6.2070       9.97     0.0160  3.136e-12  1.000e-12  3.191e+01     7.6476     7.5987    -0.0489     6.0831     6.0446     50.027     51.173      0.219    1431.67    1431.54  0.000e+00
       5004     51.000     3.9552     3.9027    -0.0526    0.81083    0.80564          1     6.0462     5.9928       9.97     0.0159  3.092e-12  1.000e-12  3.235e+01     7.7180     7.6773    -0.0407     6.1365     6.1054     50.522     51.679      0.299    1432.26    1431.97  0.000e+00
       5045     51.500     3.9884     3.9502    -0.0382    0.81383    0.80989          1     5.9417     5.8040       9.97     0.0159  3.107e-12  1.000e-12  3.220e+01     7.7407     7.7095    -0.0313     6.1537     6.1299     51.017     52.185      0.258    1432.45    1432.24  0.000e+00
       5101     52.000     4.0567     4.0126    -0.0441    0.83159    0.81930          1     5.4457     5.5963       9.97     0.0160  3.095e-12  1.000e-12  3.232e+01     7.9058     7.7908    -0.1150     6.2831     6.1929     51.513     52.691      0.210    1432.98    1432.63  0.000e+00
       5149     52.500     4.0795     4.0560    -0.0235    0.84492    0.83495          1     4.8870     5.2544       9.97     0.0159  3.082e-12  1.000e-12  3.245e+01     8.0365     7.9403    -0.0962     6.3863     6.3105     52.008     53.197      0.286    1433.25    1433.03  0.000e+00
       5192     53.000     4.1207     4.0888    -0.0320    0.85396    0.84570          1     4.5842     4.8478       9.97     0.0160  3.094e-12  1.000e-12  3.233e+01     8.1187     8.0421    -0.0766     6.4504     6.3905     52.503     53.703      0.243    1433.55    1433.31  0.000e+00
       5251     53.500     4.1717     4.1397    -0.0321    0.86002    0.85510          1     4.4152     4.4511       9.97     0.0160  3.094e-12  1.000e-12  3.233e+01     8.1680     8.1256    -0.0424     6.4880     6.4553     52.998     54.209      0.233    1433.85    1433.65  0.000e+00
       5292     54.000     4.1932     4.1729    -0.0202    0.86425    0.86009          1     4.3233     4.3005       9.97     0.0159  3.096e-12  1.000e-12  3.231e+01     8.2057     8.1683    -0.0374     6.5173     6.4882     53.494     54.715      0.336    1434.01    1433.87  0.000e+00
       5332     54.500     4.2148     4.1923    -0.0224    0.87141    0.86469          1     4.0843     4.1718       9.97     0.0159  3.092e-12  1.000e-12  3.235e+01     8.2733     8.2103    -0.0630     6.5703     6.5210     53.989     55.221      0.243    1434.20    1434.01  0.000e+00
       5395     55.000     4.2326     4.2211    -0.0115    0.87887    0.87450          1     3.7434     3.8588       9.97     0.0160  3.078e-12  1.000e-12  3.249e+01     8.3450     8.3033    -0.0417     6.6266     6.5939     54.484     55.727      0.225    1434.38    1434.27  0.000e+00
       5438     55.500     4.2483     4.2395    -0.0088    0.88230    0.88033          1     3.6244     3.6298       9.97     0.0162  3.083e-12  1.000e-12  3.244e+01     8.3759     8.3581    -0.0178     6.6507     6.6368     54.979     56.233      0.297    1434.49    1434.43  0.000e+00
