ctdpy/exports/archive_20191121_122431/received_data/SBE09_1044_20180320_0034_34_02_0074.cnv
* Sea-Bird SBE 9 Data File:
* FileName = C:\ctd\temp\2018\ME18D074.hex
* Software Version Seasave V 7.26.6.26
* Temperature SN = 5351
* Conductivity SN = 3941
* Number of Bytes Per Scan = 41
* Number of Voltage Words = 4
* Number of Scans Averaged by the Deck Unit = 1
* NMEA Latitude = 58 17.63 N
* NMEA Longitude = 010 50.71 E
* NMEA UTC (Time) = Mar 20 2018  00:34:08
* NMEA baud rate = 4800
** Station:  Å15
** Operator:  MHan
** Ship: MERI
** Average sound velocity: 1474.78 m/s
** True-depth calculation Tue, 20 Mar 2018 01:28:06 +0000
** CTD Python Module SMHI /ver 3-12/ feb 2012 
** LIMS Job: 20183402-0074
** Cruise: SMHI-02-2018
** Latitude [GG MM.mm N] :
** Longitude [GG MM.mm E]:
# nquan = 26
# nvalues = 264                         
# units = specified
# name 0 = scan: Scan Count
# name 1 = prDM: Pressure, Digiquartz [db]
# name 2 = t090C: Temperature [ITS-90, deg C]
# name 3 = t190C: Temperature, 2 [ITS-90, deg C]
# name 4 = T2-T190C: Temperature Difference, 2 - 1 [ITS-90, deg C]
# name 5 = c0S/m: Conductivity [S/m]
# name 6 = c1S/m: Conductivity, 2 [S/m]
# name 7 = pumps: Pump Status
# name 8 = sbeox0ML/L: Oxygen, SBE 43 [ml/l]
# name 9 = sbeox1ML/L: Oxygen, SBE 43, 2 [ml/l]
# name 10 = altM: Altimeter [m]
# name 11 = flECO-AFL: Chl-a Fluorescence, WET Labs ECO-AFL/FL [mg/m^3]
# name 12 = flECO-AFL1: Phycocyanin Fluorescence, WET Labs ECO-AFL/FL, 2 [mg/m^3]
# name 13 = par: PAR/Irradiance, Biospherical/Lico [µE/(cm^2*s)]
# name 14 = turbWETntu0: Turbidity, WET Labs ECO [NTU]
# name 15 = sal00: Salinity, Practical [PSU]
# name 16 = sal11: Salinity, Practical, 2 [PSU]
# name 17 = secS-priS: Salinity, Practical, Difference, 2 - 1 [PSU]
# name 18 = sigma-t00: Density [sigma-t, Kg/m^3 ]
# name 19 = sigma-t11: Density, 2 [sigma-t, Kg/m^3 ]
# name 20 = depSM: Depth [salt water, m], lat = 58.2938
# name 21 = depFM: Depth [true depth, m], lat = 58.2938
# name 22 = dz/dtM: Descent Rate [m/s], WS = 2
# name 23 = svCM: Sound Velocity [Chen-Millero, m/s]
# name 24 = svCM1: Sound Velocity, 2 [Chen-Millero, m/s]
# name 25 = flag: flag
# span 0 =       7720,      14801       
# span 1 =      1.000,    132.500       
# span 2 =    -0.0105,     7.6036       
# span 3 =    -0.0086,     7.6033       
# span 4 =    -0.0320,     0.0557       
# span 5 =   2.141924,   3.589202       
# span 6 =   2.142003,   3.589220       
# span 7 =          1,          1       
# span 8 =    5.61562,    9.16898       
# span 9 =    5.63080,    9.21156       
# span 10 =       0.94,     101.41      
# span 11 =     0.0153,    13.2621      
# span 12 =     0.1333,     2.0572      
# span 13 = -2.150e-07, 5.6219e-01      
# span 14 =     0.1912,     1.5430      
# span 15 =    25.0682,    35.0497      
# span 16 =    25.0678,    35.0499      
# span 17 =    -0.0170,     0.1180      
# span 18 =    20.0965,    27.4487      
# span 19 =    20.0961,    27.4488      
# span 20 =      0.991,    131.227      
# span 21 =      0.998,    131.487      
# span 22 =     -0.446,      0.821      
# span 23 =    1435.86,    1482.13      
# span 24 =    1435.87,    1482.13      
# span 25 = 0.0000e+00, 0.0000e+00      
# interval = decibars: 0.5              
# start_time = Mar 20 2018 00:34:09 [NMEA time, first data scan]
# bad_flag = -9.990e-29
*END*
[from data line 223]
      13214    112.500     7.0843     7.0847     0.0004    3.54558    3.54566          1     5.6372     5.6504      23.84     0.0580     0.2632  1.000e-12  0.8509000    35.0462    35.0466     0.0004    27.4435    27.4437    111.424    111.661      0.476    1480.89    1480.89  0.000e+00
      13241    113.000     7.0825     7.0827     0.0002    3.54547    3.54553          1     5.6309     5.6495      23.31     0.0491     0.2644  1.000e-12  0.8675000    35.0465    35.0469     0.0004    27.4440    27.4442    111.919    112.156      0.388    1480.89    1480.89  0.000e+00
      13277    113.500     7.0775     7.0772    -0.0002    3.54507    3.54507          1     5.6269     5.6470      22.75     0.0570     0.2161  1.000e-12  0.8592000    35.0470    35.0473     0.0003    27.4450    27.4453    112.415    112.652      0.346    1480.88    1480.88  0.000e+00
      13307    114.000     7.0728     7.0735     0.0007    3.54472    3.54482          1     5.6258     5.6428      22.33     0.0652     0.2067  1.000e-12  0.8642000    35.0476    35.0480     0.0004    27.4462    27.4464    112.910    113.148      0.482    1480.87    1480.87  0.000e+00
      13329    114.500     7.0718     7.0723     0.0005    3.54467    3.54476          1     5.6356     5.6461      21.89     0.0559     0.1957  1.000e-12  0.9034000    35.0479    35.0484     0.0005    27.4465    27.4468    113.405    113.643      0.526    1480.88    1480.88  0.000e+00
      13353    115.000     7.0713     7.0714     0.0001    3.54467    3.54473          1     5.6391     5.6464      21.37     0.0449     0.1637  1.000e-12  0.9352000    35.0481    35.0486     0.0006    27.4467    27.4472    113.900    114.139      0.435    1480.88    1480.88  0.000e+00
      13388    115.500     7.0708     7.0711     0.0003    3.54468    3.54474          1     5.6332     5.6476      20.80     0.0498     0.2415  1.000e-12  0.9309000    35.0485    35.0488     0.0003    27.4471    27.4473    114.395    114.635      0.308    1480.89    1480.89  0.000e+00
      13425    116.000     7.0705     7.0708     0.0003    3.54469    3.54474          1     5.6345     5.6392      20.34     0.0537     0.2143  1.000e-12  0.8966000    35.0486    35.0489     0.0002    27.4473    27.4474    114.890    115.130      0.421    1480.89    1480.90  0.000e+00
      13449    116.500     7.0703     7.0705     0.0002    3.54467    3.54475          1     5.6334     5.6350      19.90     0.0634     0.2070  1.000e-12  0.9334000    35.0485    35.0491     0.0006    27.4472    27.4477    115.385    115.626      0.535    1480.90    1480.90  0.000e+00
      13470    117.000     7.0698     7.0701     0.0002    3.54470    3.54474          1     5.6317     5.6414      19.42     0.0682     0.2217  1.000e-12  0.9391000    35.0489    35.0492     0.0003    27.4476    27.4478    115.880    116.122      0.530    1480.91    1480.91  0.000e+00
      13495    117.500     7.0700     7.0700     0.0000    3.54472    3.54478          1     5.6309     5.6446      18.90     0.0604     0.2293  1.000e-12  0.9372000    35.0488    35.0493     0.0005    27.4475    27.4479    116.375    116.617      0.455    1480.92    1480.92  0.000e+00
      13525    118.000     7.0699     7.0702     0.0003    3.54474    3.54481          1     5.6299     5.6448      18.35     0.0546     0.2510  1.000e-12  0.9553000    35.0489    35.0493     0.0004    27.4476    27.4479    116.870    117.113      0.354    1480.93    1480.93  0.000e+00
      13565    118.500     7.0697     7.0700     0.0003    3.54477    3.54482          1     5.6324     5.6410      17.77     0.0562     0.2214  1.000e-12  0.9638000    35.0491    35.0493     0.0002    27.4478    27.4479    117.365    117.609      0.302    1480.93    1480.94  0.000e+00
      13598    119.000     7.0693     7.0694     0.0002    3.54475    3.54482          1     5.6250     5.6437      17.35     0.0563     0.2073  1.000e-12  0.9248000    35.0491    35.0497     0.0006    27.4478    27.4483    117.860    118.104      0.496    1480.94    1480.94  0.000e+00
      13618    119.500     7.0696     7.0697     0.0001    3.54478    3.54485          1     5.6265     5.6410      16.95     0.0611     0.2411  1.000e-12  0.9431000    35.0489    35.0495     0.0007    27.4476    27.4481    118.355    118.600      0.594    1480.95    1480.95  0.000e+00
      13638    120.000     7.0696     7.0698     0.0002    3.54482    3.54489          1     5.6294     5.6343      16.46     0.0632     0.2279  1.000e-12  0.9670000    35.0490    35.0495     0.0006    27.4477    27.4481    118.851    119.096      0.529    1480.96    1480.96  0.000e+00
      13667    120.500     7.0694     7.0697     0.0004    3.54483    3.54490          1     5.6321     5.6359      15.86     0.0570     0.2464  1.000e-12  0.9594000    35.0492    35.0495     0.0004    27.4479    27.4481    119.346    119.591      0.350    1480.97    1480.97  0.000e+00
      13705    121.000     7.0693     7.0696     0.0003    3.54485    3.54492          1     5.6308     5.6463      15.31     0.0553     0.2596  1.000e-12  0.9394000    35.0491    35.0495     0.0004    27.4478    27.4481    119.841    120.087      0.372    1480.97    1480.97  0.000e+00
      13732    121.500     7.0691     7.0692     0.0002    3.54486    3.54491          1     5.6292     5.6485      14.90     0.0639     0.2540  1.000e-12  1.0262000    35.0492    35.0496     0.0004    27.4479    27.4482    120.336    120.583      0.474    1480.98    1480.98  0.000e+00
      13758    122.000     7.0692     7.0693     0.0001    3.54489    3.54494          1     5.6257     5.6450      14.42     0.0762     0.2304  1.000e-12  0.9404000    35.0491    35.0496     0.0004    27.4479    27.4482    120.831    121.078      0.432    1480.99    1480.99  0.000e+00
      13789    122.500     7.0685     7.0687     0.0002    3.54487    3.54492          1     5.6286     5.6418      13.85     0.0635     0.2180  1.000e-12  0.9653000    35.0494    35.0498     0.0004    27.4482    27.4485    121.326    121.574      0.355    1480.99    1481.00  0.000e+00
      13822    123.000     7.0686     7.0688     0.0002    3.54490    3.54495          1     5.6197     5.6454      13.34     0.0537     0.2332  1.000e-12  1.0262000    35.0494    35.0497     0.0004    27.4482    27.4484    121.821    122.070      0.428    1481.00    1481.01  0.000e+00
      13847    123.500     7.0677     7.0680     0.0003    3.54484    3.54489          1     5.6207     5.6365      12.92     0.0549     0.2753  1.000e-12  1.0411000    35.0495    35.0497     0.0003    27.4483    27.4485    122.316    122.565      0.514    1481.01    1481.01  0.000e+00
      13869    124.000     7.0672     7.0674     0.0002    3.54482    3.54488          1     5.6266     5.6329      12.46     0.0593     0.2461  1.000e-12  1.0274000    35.0494    35.0499     0.0004    27.4484    27.4487    122.811    123.061      0.510    1481.01    1481.02  0.000e+00
      13894    124.500     7.0671     7.0674     0.0003    3.54483    3.54490          1     5.6320     5.6364      11.93     0.0630     0.2700  1.000e-12  1.0416000    35.0494    35.0498     0.0004    27.4484    27.4487    123.306    123.557      0.454    1481.02    1481.02  0.000e+00
      13924    125.000     7.0671     7.0675     0.0003    3.54487    3.54493          1     5.6274     5.6404      11.33     0.0655     0.2404  1.000e-12  1.0953000    35.0495    35.0499     0.0003    27.4485    27.4487    123.801    124.052      0.341    1481.03    1481.03  0.000e+00
      13971    125.500     7.0671     7.0673     0.0002    3.54488    3.54493          1     5.6281     5.6400      10.70     0.0686     0.2268  1.000e-12  0.9983000    35.0495    35.0498     0.0003    27.4484    27.4487    124.296    124.548      0.258    1481.04    1481.04  0.000e+00
      14005    126.000     7.0669     7.0671     0.0002    3.54487    3.54494          1     5.6206     5.6325      10.37     0.0601     0.2420  1.000e-12  1.0365000    35.0494    35.0499     0.0005    27.4484    27.4487    124.791    125.044      0.539    1481.05    1481.05  0.000e+00
      14023    126.500     7.0669     7.0670     0.0002    3.54490    3.54496          1     5.6156     5.6312      10.02     0.0584     0.1953  1.000e-12  1.0476000    35.0494    35.0499     0.0005    27.4484    27.4487    125.286    125.539      0.699    1481.05    1481.06  0.000e+00
      14039    127.000     7.0668     7.0671     0.0003    3.54492    3.54497          1     5.6188     5.6308       9.60     0.0767     0.2090  1.000e-12  1.0698000    35.0494    35.0497     0.0003    27.4484    27.4486    125.781    126.035      0.715    1481.06    1481.06  0.000e+00
      14057    127.500     7.0666     7.0669     0.0003    3.54492    3.54499          1     5.6260     5.6377       9.09     0.0777     0.2394  1.000e-12  1.0706000    35.0494    35.0498     0.0004    27.4484    27.4487    126.276    126.531      0.580    1481.07    1481.07  0.000e+00
      14096    128.000     7.0663     7.0668     0.0005    3.54493    3.54500          1     5.6302     5.6401       8.38     0.0687     0.2543  1.000e-12  1.0573000    35.0495    35.0499     0.0003    27.4486    27.4488    126.771    127.026      0.286    1481.08    1481.08  0.000e+00
      14155    128.500     7.0667     7.0669     0.0002    3.54498    3.54503          1     5.6250     5.6328       7.81     0.0531     0.1927  1.000e-12  0.9611000    35.0494    35.0498     0.0004    27.4485    27.4488    127.266    127.522      0.469    1481.09    1481.09  0.000e+00
      14173    129.000     7.0668     7.0671     0.0003    3.54501    3.54507          1     5.6226     5.6330       7.50     0.0570     0.1905  1.000e-12  0.9949000    35.0494    35.0497     0.0003    27.4484    27.4487    127.762    128.018      0.667    1481.10    1481.10  0.000e+00
      14190    129.500     7.0669     7.0672     0.0003    3.54503    3.54509          1     5.6225     5.6367       7.08     0.0655     0.2064  1.000e-12  1.0397000    35.0493    35.0497     0.0003    27.4484    27.4486    128.257    128.513      0.669    1481.10    1481.11  0.000e+00
      14210    130.000     7.0668     7.0670     0.0003    3.54504    3.54511          1     5.6209     5.6410       6.55     0.0596     0.2403  1.000e-12  1.1210000    35.0493    35.0498     0.0005    27.4484    27.4487    128.752    129.009      0.510    1481.11    1481.11  0.000e+00
      14244    130.500     7.0664     7.0669     0.0004    3.54507    3.54512          1     5.6178     5.6434       5.88     0.0547     0.2638  1.000e-12  1.0893000    35.0497    35.0498     0.0001    27.4487    27.4487    129.247    129.505      0.235    1481.12    1481.12  0.000e+00
      14307    131.000     7.0667     7.0671     0.0004    3.54510    3.54516          1     5.6292     5.6395       5.28     0.0607     0.2149  1.000e-12  0.9929000    35.0495    35.0497     0.0002    27.4485    27.4487    129.742    130.000      0.289    1481.13    1481.13  0.000e+00
      14335    131.500     7.0670     7.0673     0.0002    3.54513    3.54520          1     5.6281     5.6335       4.93     0.0780     0.1758  1.000e-12  1.0163000    35.0493    35.0498     0.0005    27.4483    27.4487    130.237    130.496      0.480    1481.14    1481.14  0.000e+00
      14361    132.000     7.0668     7.0671     0.0002    3.54515    3.54521          1     5.6287     5.6320       4.45     0.0676     0.2053  1.000e-12  1.0392000    35.0494    35.0498     0.0004    27.4484    27.4487    130.732    130.992      0.370    1481.15    1481.15  0.000e+00
      14801    132.500     7.0667     7.0671     0.0005    3.54517    3.54522          1     5.6326     5.6341       3.42     0.0632     0.2535  1.000e-12  0.9433000    35.0496    35.0496     0.0001    27.4486    27.4485    131.227    131.487     -0.446    1481.15    1481.15  0.000e+00
