ctdpy/exports/archive_20191121_122431/received_data/SBE09_0745_20181210_1417_34_01_0178.cnv
* Sea-Bird SBE 9 Data File:
* FileName = C:\ctd\temp\ar18d178.hex
* Software Version Seasave V 7.26.7.107
* Temperature SN = 4387
* Conductivity SN = 2994
* Number of Bytes Per Scan = 41
* Number of Voltage Words = 4
* Number of Scans Averaged by the Deck Unit = 1
* NMEA Latitude = 58 35.62 N
* NMEA Longitude = 018 14.18 E
* NMEA UTC (Time) = Dec 10 2018  14:17:12
* NMEA baud rate = 4800
** Station:  BY31_CTD
** Operator:  JKro
** Ship: ARANDA
** Average sound velocity: 1447.43 m/s
** True-depth calculation Mon, 10 Dec 2018 15:32:04 +0000
** CTD Python Module SMHI /ver 3-12/ feb 2012 
** LIMS Job: 20183401-0178
** Cruise: SMHI-7-2018
** Latitude [GG MM.mm N]:
** Longitude [GG MM.mm E]:
# nquan = 26
# nvalues = 879                         
# units = specified
# name 0 = scan: Scan Count
# name 1 = prDM: Pressure, Digiquartz [db]
# name 2 = t090C: Temperature [ITS-90, deg C]
# name 3 = t190C: Temperature, 2 [ITS-90, deg C]
# name 4 = T2-T190C: Temperature Difference, 2 - 1 [ITS-90, deg C]
# name 5 = c0S/m: Conductivity [S/m]
# name 6 = c1S/m: Conductivity, 2 [S/m]
# name 7 = pumps: Pump Status
# name 8 = sbeox0ML/L: Oxygen, SBE 43 [ml/l]
# name 9 = sbeox1ML/L: Oxygen, SBE 43, 2 [ml/l]
# name 10 = altM: Altimeter [m]
# name 11 = flECO-AFL: Chl-a Fluorescence, WET Labs ECO-AFL/FL [mg/m^3]
# name 12 = flECO-AFL1: Phycocyanin Fluorescence, WET Labs ECO-AFL/FL, 2 [mg/m^3]
# name 13 = par: PAR/Irradiance, Biospherical/Lico [µE/(cm^2*s)]
# name 14 = turbWETntu0: Turbidity, WET Labs ECO [NTU]
# name 15 = sal00: Salinity, Practical [PSU]
# name 16 = sal11: Salinity, Practical, 2 [PSU]
# name 17 = secS-priS: Salinity, Practical, Difference, 2 - 1 [PSU]
# name 18 = sigma-t00: Density [sigma-t, Kg/m^3 ]
# name 19 = sigma-t11: Density, 2 [sigma-t, Kg/m^3 ]
# name 20 = depSM: Depth [salt water, m], lat = 58.5937
# name 21 = depFM: Depth [true depth, m], lat = 58.5937
# name 22 = dz/dtM: Descent Rate [m/s], WS = 2
# name 23 = svCM: Sound Velocity [Chen-Millero, m/s]
# name 24 = svCM1: Sound Velocity, 2 [Chen-Millero, m/s]
# name 25 = flag: flag
# span 0 =      12415,      36126       
# span 1 =      1.000,    440.000       
# span 2 =     4.6555,     6.2339       
# span 3 =     4.6558,     6.2343       
# span 4 =    -0.0032,     0.0162       
# span 5 =   0.778147,   1.245070       
# span 6 =   0.778185,   1.245147       
# span 7 =          1,          1       
# span 8 =    0.00947,    7.97993       
# span 9 =    0.03847,    7.99077       
# span 10 =       3.72,     100.68      
# span 11 =     0.2700,     0.5191      
# span 12 =     0.1074,     0.3448      
# span 13 = -1.774e-04, 1.9217e+00      
# span 14 =     0.1548,     2.4128      
# span 15 =     6.9520,    11.3728      
# span 16 =     6.9526,    11.3735      
# span 17 =    -0.0075,     0.0020      
# span 18 =     5.4503,     8.9186      
# span 19 =     5.4507,     8.9191      
# span 20 =      0.991,    435.438      
# span 21 =      1.013,    444.503      
# span 22 =     -0.147,      0.697      
# span 23 =    1435.80,    1453.09      
# span 24 =    1435.80,    1453.09      
# span 25 = 0.0000e+00, 0.0000e+00      
# interval = decibars: 0.5              
# start_time = Dec 10 2018 14:17:12 [NMEA time, first data scan]
# bad_flag = -9.990e-29
*END*
[from data line 168]
      16796     85.000     5.3018     5.3017    -0.0001    1.02788    1.02790          1     0.9559     0.9782      98.67     0.3089     0.2086  1.000e-12  0.3044000     9.5600     9.5602     0.0002     7.5450     7.5452     84.191     86.054      0.520    1441.11    1441.11  0.000e+00
      16818     85.500     5.3178     5.3183     0.0005    1.03047    1.03053          1     0.9294     0.9542      98.67     0.3091     0.2429  1.000e-12  0.2983000     9.5813     9.5818     0.0005     7.5610     7.5614     84.686     86.559      0.539    1441.21    1441.22  0.000e+00
      16841     86.000     5.3179     5.3185     0.0005    1.03096    1.03103          1     0.9048     0.9300      98.66     0.2990     0.2081  1.000e-12  0.3182000     9.5861     9.5866     0.0005     7.5648     7.5652     85.181     87.065      0.500    1441.23    1441.23  0.000e+00
      16867     86.500     5.3173     5.3178     0.0005    1.03195    1.03198          1     0.8781     0.9030      98.66     0.3064     0.1954  1.000e-12  0.3130000     9.5961     9.5963     0.0002     7.5727     7.5728     85.676     87.570      0.445    1441.25    1441.25  0.000e+00
      16895     87.000     5.3201     5.3204     0.0003    1.03340    1.03339          1     0.8459     0.8722      98.66     0.2985     0.1998  1.000e-12  0.3155000     9.6097     9.6096    -0.0001     7.5834     7.5833     86.171     88.076      0.441    1441.28    1441.28  0.000e+00
      16921     87.500     5.3166     5.3175     0.0008    1.03554    1.03556          1     0.8160     0.8416      98.66     0.3092     0.2183  1.000e-12  0.3110000     9.6322     9.6322    -0.0001     7.6013     7.6012     86.666     88.581      0.490    1441.31    1441.31  0.000e+00
      16944     88.000     5.3151     5.3155     0.0004    1.03760    1.03762          1     0.7907     0.8100      98.67     0.3091     0.2760  1.000e-12  0.3002000     9.6532     9.6533     0.0001     7.6180     7.6180     87.162     89.086      0.503    1441.33    1441.34  0.000e+00
      16969     88.500     5.3194     5.3196     0.0002    1.03946    1.03945          1     0.7499     0.7718      98.67     0.3183     0.2353  1.000e-12  0.3034000     9.6705     9.6704    -0.0001     7.6314     7.6313     87.657     89.592      0.453    1441.38    1441.38  0.000e+00
      16998     89.000     5.3216     5.3226     0.0010    1.04095    1.04097          1     0.6988     0.7135      98.66     0.3214     0.1909  1.000e-12  0.3095000     9.6848     9.6847    -0.0001     7.6426     7.6424     88.152     90.097      0.424    1441.42    1441.42  0.000e+00
      17024     89.500     5.2871     5.2896     0.0025    1.04050    1.04061          1     0.5939     0.5982      98.66     0.2971     0.1712  1.000e-12  0.2689000     9.6902     9.6906     0.0004     7.6486     7.6487     88.647     90.603      0.490    1441.28    1441.29  0.000e+00
      17047     90.000     5.2574     5.2577     0.0003    1.04134    1.04140          1     0.4598     0.4435      67.16     0.3078     0.2279  1.000e-12  0.2901000     9.7071     9.7076     0.0005     7.6634     7.6638     89.142     91.108      0.532    1441.18    1441.19  0.000e+00
      17070     90.500     5.2643     5.2639    -0.0004    1.04350    1.04355          1     0.3656     0.3553      73.19     0.2997     0.2376  1.000e-12  0.3016000     9.7267     9.7274     0.0006     7.6786     7.6791     89.637     91.613      0.496    1441.25    1441.25  0.000e+00
      17096     91.000     5.2863     5.2861    -0.0002    1.04671    1.04663          1     0.3271     0.3415      98.38     0.3332     0.2032  1.000e-12  0.3326000     9.7525     9.7517    -0.0008     7.6978     7.6972     90.132     92.119      0.434    1441.38    1441.38  0.000e+00
      17125     91.500     5.2862     5.2873     0.0011    1.04858    1.04864          1     0.2711     0.2850      69.26     0.3234     0.1989  1.000e-12  0.4375000     9.7712     9.7716     0.0004     7.7126     7.7129     90.628     92.624      0.431    1441.41    1441.42  0.000e+00
      17152     92.000     5.3066     5.3061    -0.0006    1.05243    1.05241          1     0.2048     0.2156      98.52     0.3213     0.2781  1.000e-12  0.4843000     9.8039     9.8038    -0.0001     7.7374     7.7374     91.123     93.130      0.459    1441.55    1441.55  0.000e+00
      17177     92.500     5.3076     5.3088     0.0013    1.05476    1.05482          1     0.1429     0.1533      98.66     0.3325     0.2125  1.000e-12  0.3355000     9.8270     9.8272     0.0002     7.7556     7.7557     91.618     93.635      0.481    1441.59    1441.60  0.000e+00
      17201     93.000     5.3273     5.3251    -0.0021    1.05784    1.05771          1     0.1252     0.1511      82.75     0.3224     0.2110  1.000e-12  0.9057000     9.8521     9.8514    -0.0006     7.7744     7.7740     92.113     94.140      0.500    1441.72    1441.71  0.000e+00
      17225     93.500     5.3865     5.3864    -0.0002    1.06402    1.06405          1     0.1652     0.2055      98.40     0.3208     0.1990  1.000e-12  0.6690000     9.8966     9.8969     0.0003     7.8065     7.8067     92.608     94.646      0.502    1442.04    1442.04  0.000e+00
      17250     94.000     5.3958     5.3961     0.0003    1.06529    1.06536          1     0.1848     0.2235      98.67     0.3213     0.2084  1.000e-12  0.3902000     9.9065     9.9071     0.0005     7.8138     7.8142     93.103     95.151      0.471    1442.10    1442.10  0.000e+00
      17276     94.500     5.3985     5.3988     0.0003    1.06577    1.06584          1     0.1775     0.2128      98.67     0.3209     0.1768  1.000e-12  0.3662000     9.9104     9.9110     0.0006     7.8167     7.8172     93.598     95.656      0.441    1442.12    1442.13  0.000e+00
      17303     95.000     5.4029     5.4032     0.0002    1.06640    1.06646          1     0.1663     0.1984      98.66     0.3100     0.1996  1.000e-12  0.3546000     9.9154     9.9159     0.0005     7.8204     7.8208     94.093     96.162      0.484    1442.16    1442.16  0.000e+00
      17326     95.500     5.4095     5.4095    -0.0001    1.06739    1.06742          1     0.1572     0.1902      98.66     0.3190     0.2303  1.000e-12  0.3220000     9.9233     9.9235     0.0002     7.8263     7.8265     94.589     96.667      0.530    1442.20    1442.20  0.000e+00
      17349     96.000     5.4179     5.4184     0.0005    1.06894    1.06905          1     0.1462     0.1787      98.67     0.3302     0.2450  1.000e-12  0.2991000     9.9362     9.9371     0.0010     7.8360     7.8368     95.084     97.172      0.489    1442.26    1442.27  0.000e+00
      17377     96.500     5.4197     5.4200     0.0004    1.06928    1.06935          1     0.1378     0.1701      98.67     0.3147     0.2513  1.000e-12  0.2744000     9.9390     9.9396     0.0006     7.8382     7.8387     95.579     97.678      0.387    1442.28    1442.29  0.000e+00
      17409     97.000     5.4212     5.4214     0.0002    1.06956    1.06959          1     0.1298     0.1634      98.66     0.3107     0.2180  1.000e-12  0.2805000     9.9413     9.9416     0.0003     7.8399     7.8401     96.074     98.183      0.426    1442.30    1442.30  0.000e+00
      17434     97.500     5.4293     5.4298     0.0005    1.07172    1.07179          1     0.1096     0.1391      98.66     0.3330     0.1723  1.000e-12  0.3555000     9.9605     9.9610     0.0005     7.8546     7.8550     96.569     98.688      0.553    1442.37    1442.37  0.000e+00
      17454     98.000     5.4316     5.4321     0.0005    1.07363    1.07373          1     0.0910     0.1204      98.67     0.3007     0.2044  1.000e-12  0.3148000     9.9789     9.9798     0.0009     7.8690     7.8697     97.064     99.193      0.584    1442.41    1442.41  0.000e+00
      17475     98.500     5.4370     5.4374     0.0004    1.07431    1.07440          1     0.0783     0.1093      98.67     0.3132     0.2363  1.000e-12  0.3108000     9.9840     9.9848     0.0007     7.8728     7.8734     97.559     99.699      0.497    1442.45    1442.45  0.000e+00
      17504     99.000     5.4398     5.4402     0.0004    1.07464    1.07471          1     0.0711     0.1027      98.67     0.3302     0.1879  1.000e-12  0.3242000     9.9864     9.9870     0.0006     7.8745     7.8750     98.054    100.204      0.394    1442.47    1442.47  0.000e+00
      17534     99.500     5.4411     5.4416     0.0004    1.07496    1.07504          1     0.0690     0.1061      98.67     0.3335     0.1978  1.000e-12  0.2938000     9.9891     9.9898     0.0007     7.8766     7.8771     98.549    100.709      0.464    1442.49    1442.49  0.000e+00
      17557    100.000     5.4453     5.4456     0.0003    1.07558    1.07565          1     0.0692     0.1063      98.67     0.3440     0.2176  1.000e-12  0.3093000     9.9940     9.9946     0.0006     7.8802     7.8807     99.044    101.215      0.537    1442.52    1442.52  0.000e+00
      17579    100.500     5.4496     5.4499     0.0003    1.07634    1.07641          1     0.0688     0.1052      98.67     0.3458     0.2145  1.000e-12  0.3105000    10.0003    10.0008     0.0005     7.8849     7.8854     99.540    101.720      0.499    1442.55    1442.56  0.000e+00
      17606    101.000     5.4548     5.4550     0.0002    1.07716    1.07722          1     0.0675     0.1050      98.66     0.3364     0.2291  1.000e-12  0.3804000    10.0069    10.0074     0.0005     7.8899     7.8903    100.035    102.225      0.411    1442.59    1442.59  0.000e+00
      17636    101.500     5.4680     5.4681     0.0001    1.07937    1.07940          1     0.0679     0.1046      98.67     0.3222     0.2259  1.000e-12  0.4378000    10.0250    10.0253     0.0002     7.9035     7.9037    100.530    102.730      0.438    1442.68    1442.68  0.000e+00
      17661    102.000     5.4787     5.4790     0.0003    1.08176    1.08184          1     0.0675     0.1032      86.30     0.3570     0.2205  1.000e-12  0.5013000    10.0456    10.0464     0.0008     7.9192     7.9197    101.025    103.236      0.525    1442.76    1442.76  0.000e+00
      17683    102.500     5.4812     5.4817     0.0005    1.08270    1.08279          1     0.0646     0.1005      50.82     0.3366     0.2073  1.000e-12  0.9581000    10.0542    10.0550     0.0007     7.9258     7.9264    101.520    103.741      0.540    1442.79    1442.79  0.000e+00
      17706    103.000     5.4820     5.4824     0.0003    1.08302    1.08308          1     0.0650     0.1029      97.98     0.3503     0.2666  1.000e-12  1.2117000    10.0571    10.0576     0.0005     7.9281     7.9284    102.015    104.246      0.471    1442.81    1442.81  0.000e+00
      17734    103.500     5.4886     5.4884    -0.0002    1.08485    1.08481          1     0.0646     0.1022      85.45     0.3568     0.2332  1.000e-12  1.3992000    10.0734    10.0731    -0.0004     7.9406     7.9403    102.510    104.751      0.416    1442.86    1442.86  0.000e+00
      17762    104.000     5.4974     5.4978     0.0003    1.08712    1.08720          1     0.0628     0.0974      82.03     0.3560     0.2464  1.000e-12  1.7590000    10.0935    10.0941     0.0007     7.9559     7.9564    103.005    105.257      0.470    1442.94    1442.94  0.000e+00
      17786    104.500     5.5035     5.5037     0.0002    1.08855    1.08861          1     0.0624     0.1001      98.67     0.3676     0.2351  1.000e-12  2.0128000    10.1059    10.1064     0.0005     7.9654     7.9658    103.500    105.762      0.526    1442.99    1442.99  0.000e+00
      17808    105.000     5.5084     5.5087     0.0003    1.08955    1.08963          1     0.0606     0.0987      92.51     0.3608     0.2246  1.000e-12  2.0161000    10.1143    10.1150     0.0006     7.9718     7.9723    103.995    106.267      0.511    1443.02    1443.03  0.000e+00
      17834    105.500     5.5132     5.5134     0.0002    1.09041    1.09048          1     0.0583     0.0997      90.73     0.3572     0.2489  1.000e-12  2.0763000    10.1214    10.1220     0.0006     7.9771     7.9775    104.490    106.772      0.436    1443.06    1443.06  0.000e+00
      17864    106.000     5.5238     5.5238     0.0000    1.09299    1.09301          1     0.0620     0.0974      98.72     0.3666     0.2362  1.000e-12  2.1467000    10.1440    10.1442     0.0002     7.9943     7.9944    104.986    107.278      0.403    1443.14    1443.15  0.000e+00
      17892    106.500     5.5259     5.5264     0.0005    1.09457    1.09469          1     0.0587     0.0948      98.67     0.3579     0.2235  1.000e-12  2.2086000    10.1590    10.1601     0.0011     8.0061     8.0069    105.481    107.783      0.459    1443.18    1443.19  0.000e+00
      17917    107.000     5.5390     5.5396     0.0006    1.09721    1.09734          1     0.0584     0.0936      98.66     0.3697     0.2058  1.000e-12  2.2215000    10.1815    10.1826     0.0011     8.0231     8.0239    105.976    108.288      0.503    1443.27    1443.28  0.000e+00
      17940    107.500     5.5405     5.5408     0.0003    1.09743    1.09750          1     0.0557     0.0941      98.67     0.3702     0.2374  1.000e-12  2.1550000    10.1832    10.1837     0.0006     8.0243     8.0247    106.471    108.793      0.521    1443.29    1443.29  0.000e+00
      17963    108.000     5.5461     5.5457    -0.0004    1.09874    1.09873          1     0.0556     0.0954      98.67     0.3603     0.2508  1.000e-12  2.1628000    10.1945    10.1945    -0.0000     8.0329     8.0329    106.966    109.299      0.516    1443.34    1443.33  0.000e+00
      17987    108.500     5.5578     5.5582     0.0004    1.10132    1.10140          1     0.0569     0.0954      98.66     0.3490     0.2121  1.000e-12  2.1542000    10.2166    10.2173     0.0007     8.0498     8.0503    107.461    109.804      0.485    1443.42    1443.43  0.000e+00
      18012    109.000     5.5596     5.5601     0.0005    1.10159    1.10168          1     0.0566     0.0921      98.67     0.3715     0.2332  1.000e-12  2.1482000    10.2187    10.2195     0.0008     8.0513     8.0519    107.956    110.309      0.446    1443.44    1443.44  0.000e+00
      18040    109.500     5.5635     5.5637     0.0002    1.10239    1.10244          1     0.0568     0.0908      98.66     0.3715     0.2503  1.000e-12  2.1909000    10.2255    10.2260     0.0005     8.0564     8.0568    108.451    110.814      0.430    1443.48    1443.48  0.000e+00
      18068    110.000     5.5766     5.5765    -0.0001    1.10480    1.10484          1     0.0520     0.0924      98.66     0.3594     0.2141  1.000e-12  2.2243000    10.2456    10.2460     0.0005     8.0715     8.0719    108.946    111.319      0.450    1443.56    1443.56  0.000e+00
      18094    110.500     5.5950     5.5952     0.0001    1.10912    1.10918          1     0.0543     0.0873      98.67     0.3687     0.2812  1.000e-12  2.4128000    10.2830    10.2836     0.0006     8.1000     8.1005    109.441    111.825      0.486    1443.70    1443.70  0.000e+00
      18117    111.000     5.6035     5.6036     0.0001    1.11408    1.11414          1     0.0546     0.0905      98.67     0.3798     0.2393  1.000e-12  2.1642000    10.3300    10.3306     0.0006     8.1366     8.1371    109.936    112.330      0.507    1443.80    1443.80  0.000e+00
      18141    111.500     5.6275     5.6275     0.0000    1.11866    1.11875          1     0.0512     0.0901      98.67     0.3534     0.2491  1.000e-12  1.1343000    10.3685    10.3694     0.0009     8.1656     8.1663    110.432    112.835      0.489    1443.96    1443.96  0.000e+00
