ctdpy/exports/archive_20191121_122431/received_data/SBE09_0827_20180830_1723_26_01_0950.cnv
* Sea-Bird SBE 9 Data File:
* FileName = D:\CTD_SBE911\DAT\26DA.2018.8.150.hex
* Software Version Seasave V 7.21d
* Temperature SN = 034605
* Conductivity SN = 041844
* Number of Bytes Per Scan = 48
* Number of Voltage Words = 5
* Number of Scans Averaged by the Deck Unit = 1
* NMEA Latitude = 57 51.76 N
* NMEA Longitude = 011 17.70 E
* NMEA UTC (Time) = Aug 30 2018  17:25:42
* NMEA baud rate = 4800
** Ship: DANA
** Average sound velocity: 1505.36 m/s
** True-depth calculation Wed, 24 Apr 2019 11:53:03 +0000
** CTD Python Module SMHI /ver 3-12/ feb 2012 
** LIMS Job: 20182601-0950
**  P2
** Operator: Christian
** Cruise: 08/2018
# nquan = 26
# nvalues = 181                         
# units = specified
# name 0 = scan: Scan Count
# name 1 = prDM: Pressure, Digiquartz [db]
# name 2 = t090C: Temperature [ITS-90, deg C]
# name 3 = t190C: Temperature, 2 [ITS-90, deg C]
# name 4 = T2-T190C: Temperature Difference, 2 - 1 [ITS-90, deg C]
# name 5 = c0S/m: Conductivity [S/m]
# name 6 = c1S/m: Conductivity, 2 [S/m]
# name 7 = pumps: Pump Status
# name 8 = sbeox1ML/L: Oxygen, SBE 43, 2 [ml/l]
# name 9 = sbeox0ML/L: Oxygen, SBE 43 [ml/l]
# name 10 = altM: Altimeter [m]
# name 11 = chloroflTC0: Chlorophyll, Turner Cyclops [ug/l]
# name 12 = cpar: CPAR/Corrected Irradiance [%]
# name 13 = par: PAR/Irradiance, Biospherical/Lico [µE/(cm^2*s)]
# name 14 = spar: SPAR, Biospherical/Licor
# name 15 = sal00: Salinity, Practical [PSU]
# name 16 = sal11: Salinity, Practical, 2 [PSU]
# name 17 = secS-priS: Salinity, Practical, Difference, 2 - 1 [PSU]
# name 18 = sigma-t00: Density [sigma-t, kg/m^3 ]
# name 19 = sigma-t11: Density, 2 [sigma-t, kg/m^3 ]
# name 20 = depSM: Depth [salt water, m], lat = 57.8627
# name 21 = depFM: Depth [true depth, m], lat = 57.8627
# name 22 = dz/dtM: Descent Rate [m/s], WS = 2
# name 23 = svCM: Sound Velocity [Chen-Millero, m/s]
# name 24 = svCM1: Sound Velocity, 2 [Chen-Millero, m/s]
# name 25 = flag: flag
# span 0 =        217,      12412       
# span 1 =      1.500,     91.500       
# span 2 =     9.2537,    17.3937       
# span 3 =     9.2336,    17.3902       
# span 4 =    -0.2796,     1.5179       
# span 5 =   3.690481,   4.273984       
# span 6 =   3.711439,   4.273849       
# span 7 =          1,          1       
# span 8 =     4.6060,     5.8004       
# span 9 =     4.4186,     5.5334       
# span 10 =      -1.78,       9.98      
# span 11 =     0.0392,     0.4237      
# span 12 = -1.346e-06, 6.8427e+00      
# span 13 = -3.291e-06, 1.7093e+01      
# span 14 = 1.4762e+02, 2.4983e+02      
# span 15 =    32.5677,    34.6877      
# span 16 =    32.5734,    34.6941      
# span 17 =    -0.4963,     0.2074      
# span 18 =    23.5556,    26.8326      
# span 19 =    23.5608,    26.8409      
# span 20 =      1.486,     90.633      
# span 21 =      1.493,     90.954      
# span 22 =     -0.475,      0.316      
# span 23 =    1488.26,    1511.34      
# span 24 =    1488.18,    1511.36      
# span 25 = 0.0000e+00, 0.0000e+00      
# interval = decibars: 0.5              
# start_time = Aug 30 2018 17:25:43 [NMEA time, first data scan]
# bad_flag = -9.990e-29
*END*
[from data line 56]
       2912     29.500    16.9848    16.9895     0.0047    4.26628    4.26628          1     5.5876     5.2877       9.98     0.1994  4.319e-13  1.000e-12  2.315e+02    33.0579    33.0541    -0.0038    24.0278    24.0237     29.225     29.347      0.282    1511.05    1511.06  0.000e+00
       2963     30.000    16.9798    16.9878     0.0080    4.26695    4.26649          1     5.5881     5.2790       9.98     0.1855  4.329e-13  1.000e-12  2.310e+02    33.0677    33.0571    -0.0106    24.0364    24.0264     29.720     29.845      0.217    1511.05    1511.07  0.000e+00
       3012     30.500    16.9782    16.9844     0.0062    4.26715    4.26677          1     5.5814     5.2786       9.98     0.1739  4.357e-13  1.000e-12  2.295e+02    33.0706    33.0622    -0.0084    24.0390    24.0311     30.215     30.342      0.309    1511.06    1511.07  0.000e+00
       3048     31.000    16.9780    16.9814     0.0034    4.26742    4.26709          1     5.5699     5.2718       9.98     0.1780  4.358e-13  1.000e-12  2.295e+02    33.0729    33.0672    -0.0057    24.0408    24.0356     30.711     30.839      0.316    1511.07    1511.07  0.000e+00
       3096     31.500    16.9774    16.9797     0.0022    4.26749    4.26739          1     5.5635     5.2828       9.98     0.1727  4.358e-13  1.000e-12  2.295e+02    33.0738    33.0711    -0.0027    24.0416    24.0390     31.206     31.337      0.213    1511.08    1511.08  0.000e+00
       3149     32.000    16.9793    16.9788    -0.0005    4.26780    4.26756          1     5.5590     5.2764       9.98     0.1596  4.360e-13  1.000e-12  2.294e+02    33.0747    33.0730    -0.0017    24.0419    24.0407     31.701     31.834      0.284    1511.09    1511.09  0.000e+00
       3189     32.500    16.9822    16.9787    -0.0035    4.26822    4.26780          1     5.5542     5.2763       9.98     0.1673  4.389e-13  1.000e-12  2.278e+02    33.0758    33.0750    -0.0008    24.0420    24.0422     32.197     32.331      0.281    1511.11    1511.10  0.000e+00
       3236     33.000    16.9837    16.9795    -0.0042    4.26845    4.26808          1     5.5599     5.2833       9.98     0.1737  4.396e-13  1.000e-12  2.274e+02    33.0764    33.0765     0.0002    24.0421    24.0432     32.692     32.829      0.244    1511.12    1511.11  0.000e+00
       3282     33.500    16.9854    16.9802    -0.0051    4.26870    4.26824          1     5.5491     5.2752       9.98     0.1668  4.396e-13  1.000e-12  2.274e+02    33.0770    33.0772     0.0003    24.0422    24.0436     33.187     33.326      0.289    1511.14    1511.12  0.000e+00
       3323     34.000    16.9927    16.9814    -0.0113    4.26981    4.26843          1     5.5405     5.2747       9.98     0.1740  4.396e-13  1.000e-12  2.274e+02    33.0803    33.0777    -0.0026    24.0430    24.0437     33.683     33.823      0.287    1511.17    1511.14  0.000e+00
       3367     34.500    16.9943    16.9847    -0.0096    4.27014    4.26887          1     5.5563     5.2493       9.98     0.1800  4.396e-13  1.000e-12  2.274e+02    33.0818    33.0787    -0.0031    24.0438    24.0437     34.178     34.320      0.257    1511.19    1511.16  0.000e+00
       3416     35.000    16.9957    16.9881    -0.0076    4.27042    4.26943          1     5.5471     5.2655       9.98     0.1685  4.396e-13  1.000e-12  2.274e+02    33.0828    33.0805    -0.0023    24.0443    24.0443     34.673     34.818      0.240    1511.20    1511.18  0.000e+00
       3464     35.500    16.9970    16.9906    -0.0064    4.27071    4.26984          1     5.5387     5.2543       9.98     0.1734  4.424e-13  1.000e-12  2.261e+02    33.0841    33.0818    -0.0023    24.0449    24.0447     35.168     35.315      0.270    1511.22    1511.19  0.000e+00
       3506     36.000    16.9954    16.9924    -0.0030    4.27056    4.27019          1     5.5404     5.2476       9.98     0.1777  4.436e-13  1.000e-12  2.254e+02    33.0839    33.0832    -0.0007    24.0452    24.0453     35.664     35.812      0.279    1511.22    1511.21  0.000e+00
       3552     36.500    16.9920    16.9938     0.0018    4.27030    4.27049          1     5.5355     5.2390       9.98     0.1791  4.436e-13  1.000e-12  2.254e+02    33.0843    33.0844     0.0002    24.0462    24.0459     36.159     36.310      0.253    1511.22    1511.22  0.000e+00
       3599     37.000    16.9916    16.9943     0.0027    4.27038    4.27067          1     5.5192     5.2487       9.98     0.1714  4.436e-13  1.000e-12  2.254e+02    33.0851    33.0854     0.0002    24.0470    24.0466     36.654     36.807      0.263    1511.23    1511.23  0.000e+00
       3642     37.500    16.9920    16.9936     0.0016    4.27056    4.27072          1     5.5238     5.2389       9.98     0.1701  4.436e-13  1.000e-12  2.254e+02    33.0861    33.0862     0.0001    24.0477    24.0474     37.150     37.304      0.286    1511.24    1511.24  0.000e+00
       3687     38.000    16.9938    16.9930    -0.0009    4.27101    4.27076          1     5.5209     5.2507       9.98     0.1739  4.436e-13  1.000e-12  2.254e+02    33.0883    33.0869    -0.0014    24.0489    24.0481     37.645     37.802      0.249    1511.25    1511.25  0.000e+00
       3735     38.500    16.9961    16.9925    -0.0036    4.27155    4.27085          1     5.5297     5.2437       9.98     0.1653  4.465e-13  1.000e-12  2.240e+02    33.0910    33.0879    -0.0031    24.0504    24.0489     38.140     38.299      0.264    1511.27    1511.26  0.000e+00
       3778     39.000    16.9969    16.9932    -0.0037    4.27204    4.27109          1     5.5401     5.2558       9.98     0.1596  4.476e-13  1.000e-12  2.234e+02    33.0944    33.0892    -0.0052    24.0529    24.0498     38.635     38.796      0.283    1511.29    1511.27  0.000e+00
       3824     39.500    16.9930    16.9945     0.0014    4.27228    4.27153          1     5.5181     5.2459       9.98     0.1619  4.476e-13  1.000e-12  2.234e+02    33.0995    33.0918    -0.0077    24.0577    24.0514     39.131     39.294      0.248    1511.29    1511.28  0.000e+00
       3872     40.000    16.9921    16.9947     0.0026    4.27245    4.27188          1     5.5007     5.2249       9.98     0.1615  4.484e-13  1.000e-12  2.230e+02    33.1015    33.0944    -0.0071    24.0594    24.0534     39.626     39.791      0.257    1511.30    1511.30  0.000e+00
       3917     40.500    16.9874    16.9942     0.0068    4.27209    4.27218          1     5.5227     5.2495       9.98     0.1455  4.516e-13  1.000e-12  2.214e+02    33.1021    33.0973    -0.0049    24.0610    24.0557     40.121     40.288      0.270    1511.29    1511.31  0.000e+00
       3963     41.000    16.9842    16.9924     0.0082    4.27178    4.27241          1     5.5267     5.2266       9.98     0.1477  4.518e-13  1.000e-12  2.214e+02    33.1018    33.1005    -0.0013    24.0615    24.0586     40.616     40.785      0.245    1511.29    1511.31  0.000e+00
       4012     41.500    16.9822    16.9902     0.0080    4.27165    4.27247          1     5.5354     5.2201       9.98     0.1476  4.518e-13  1.000e-12  2.214e+02    33.1022    33.1027     0.0005    24.0623    24.0608     41.112     41.283      0.270    1511.29    1511.32  0.000e+00
       4052     42.000    16.9807    16.9872     0.0065    4.27178    4.27235          1     5.5153     5.2455       9.98     0.1442  4.518e-13  1.000e-12  2.214e+02    33.1043    33.1039    -0.0004    24.0643    24.0625     41.607     41.780      0.299    1511.30    1511.32  0.000e+00
       4097     42.500    16.9799    16.9845     0.0046    4.27185    4.27225          1     5.5172     5.2344       9.98     0.1470  4.518e-13  1.000e-12  2.214e+02    33.1055    33.1052    -0.0003    24.0653    24.0640     42.102     42.277      0.237    1511.30    1511.32  0.000e+00
       4150     43.000    16.9792    16.9821     0.0029    4.27191    4.27219          1     5.4898     5.2265       9.98     0.1377  4.548e-13  1.000e-12  2.199e+02    33.1064    33.1064     0.0000    24.0662    24.0656     42.598     42.775      0.245    1511.31    1511.32  0.000e+00
       4193     43.500    16.9768    16.9810     0.0042    4.27205    4.27222          1     5.5112     5.2167       9.98     0.1353  4.559e-13  1.000e-12  2.193e+02    33.1094    33.1074    -0.0020    24.0691    24.0665     43.093     43.272      0.292    1511.32    1511.33  0.000e+00
       4239     44.000    16.9749    16.9795     0.0046    4.27221    4.27229          1     5.5134     5.2194       9.98     0.1416  4.559e-13  1.000e-12  2.193e+02    33.1121    33.1091    -0.0031    24.0716    24.0682     43.588     43.769      0.231    1511.32    1511.33  0.000e+00
       4291     44.500    16.9704    16.9777     0.0073    4.27206    4.27237          1     5.5023     5.2222       9.98     0.1370  4.559e-13  1.000e-12  2.193e+02    33.1143    33.1110    -0.0033    24.0743    24.0701     44.083     44.267      0.269    1511.32    1511.34  0.000e+00
       4330     45.000    16.9615    16.9745     0.0129    4.27172    4.27242          1     5.4944     5.2168       9.98     0.1379  4.567e-13  1.000e-12  2.190e+02    33.1185    33.1139    -0.0046    24.0797    24.0731     44.579     44.764      0.314    1511.30    1511.34  0.000e+00
       4373     45.500    16.9565    16.9699     0.0134    4.27165    4.27236          1     5.4909     5.2038       9.98     0.1399  4.596e-13  1.000e-12  2.176e+02    33.1219    33.1169    -0.0049    24.0834    24.0765     45.074     45.261      0.247    1511.30    1511.34  0.000e+00
       4426     46.000    16.9551    16.9654     0.0103    4.27165    4.27226          1     5.5031     5.2001       9.98     0.1307  4.602e-13  1.000e-12  2.173e+02    33.1229    33.1197    -0.0032    24.0845    24.0796     45.569     45.758      0.242    1511.31    1511.34  0.000e+00
       4467     46.500    16.9525    16.9619     0.0095    4.27210    4.27221          1     5.4986     5.2025       9.98     0.1277  4.602e-13  1.000e-12  2.173e+02    33.1287    33.1219    -0.0068    24.0896    24.0822     46.064     46.256      0.314    1511.32    1511.34  0.000e+00
       4509     47.000    16.9508    16.9590     0.0082    4.27253    4.27228          1     5.4833     5.2086       9.98     0.1351  4.602e-13  1.000e-12  2.173e+02    33.1336    33.1247    -0.0089    24.0937    24.0850     46.560     46.753      0.250    1511.32    1511.34  0.000e+00
       4567     47.500    16.9494    16.9549     0.0055    4.27295    4.27240          1     5.4912     5.1940       9.98     0.1246  4.611e-13  1.000e-12  2.169e+02    33.1382    33.1289    -0.0093    24.0976    24.0892     47.055     47.250      0.214    1511.33    1511.34  0.000e+00
       4613     48.000    16.9491    16.9529     0.0038    4.27311    4.27271          1     5.4734     5.1799       9.98     0.1245  4.646e-13  1.000e-12  2.153e+02    33.1397    33.1331    -0.0066    24.0988    24.0929     47.550     47.748      0.310    1511.34    1511.35  0.000e+00
       4651     48.500    16.9408    16.9514     0.0106    4.27317    4.27302          1     5.4762     5.1769       9.98     0.1260  4.645e-13  1.000e-12  2.153e+02    33.1469    33.1368    -0.0100    24.1063    24.0961     48.045     48.245      0.286    1511.33    1511.35  0.000e+00
       4701     49.000    16.9279    16.9485     0.0207    4.27398    4.27334          1     5.4778     5.1921       9.98     0.1245  4.645e-13  1.000e-12  2.153e+02    33.1644    33.1418    -0.0226    24.1227    24.1005     48.541     48.742      0.223    1511.32    1511.36  0.000e+00
       4750     49.500    16.8958    16.9414     0.0456    4.27340    4.27365          1     5.4746     5.1538       9.98     0.1139  4.667e-13  1.000e-12  2.143e+02    33.1856    33.1501    -0.0354    24.1465    24.1086     49.036     49.239      0.272    1511.26    1511.36  0.000e+00
       4794     50.000    16.7511    16.9311     0.1800    4.25786    4.27385          1     5.4715     5.1189       9.98     0.1081  4.745e-13  1.000e-12  2.108e+02    33.1698    33.1601    -0.0097    24.1681    24.1187     49.531     49.737      0.259    1510.81    1511.34  0.000e+00
       4847     50.500    16.6951    16.8887     0.1936    4.25279    4.27168          1     5.4612     5.1162       9.98     0.0970  4.868e-13  1.000e-12  2.055e+02    33.1719    33.1761     0.0043    24.1827    24.1409     50.026     50.234      0.216    1510.65    1511.24  0.000e+00
       4896     51.000    16.6965    16.8057     0.1092    4.25443    4.26474          1     5.4318     5.1161       9.98     0.0965  4.961e-13  1.000e-12  2.016e+02    33.1848    33.1842    -0.0006    24.1923    24.1665     50.522     50.731      0.286    1510.68    1511.01  0.000e+00
       4936     51.500    16.7013    16.7705     0.0692    4.25588    4.26128          1     5.4109     5.1228       9.98     0.0982  4.973e-13  1.000e-12  2.011e+02    33.1933    33.1830    -0.0102    24.1977    24.1738     51.017     51.228      0.285    1510.71    1510.91  0.000e+00
       4985     52.000    16.7087    16.7278     0.0191    4.25769    4.25827          1     5.4106     5.1072       9.98     0.0970  4.940e-13  1.000e-12  2.024e+02    33.2027    33.1920    -0.0108    24.2032    24.1905     51.512     51.726      0.222    1510.75    1510.80  0.000e+00
       5037     52.500    16.6755    16.7130     0.0376    4.25522    4.25740          1     5.3761     5.0918       9.98     0.1047  4.860e-13  1.000e-12  2.058e+02    33.2085    33.1964    -0.0121    24.2154    24.1974     52.007     52.223      0.262    1510.67    1510.77  0.000e+00
       5079     53.000    16.6212    16.7078     0.0866    4.25061    4.25760          1     5.3915     5.0778       9.98     0.1014  4.797e-13  1.000e-12  2.085e+02    33.2131    33.2024    -0.0107    24.2315    24.2032     52.503     52.720      0.279    1510.52    1510.77  0.000e+00
       5127     53.500    16.5884    16.6816     0.0932    4.24806    4.25616          1     5.3654     5.0874       9.98     0.0968  4.789e-13  1.000e-12  2.088e+02    33.2179    33.2113    -0.0066    24.2427    24.2161     52.998     53.217      0.231    1510.43    1510.70  0.000e+00
       5178     54.000    16.5340    16.6440     0.1100    4.24463    4.25350          1     5.3633     5.0724       9.98     0.0941  4.850e-13  1.000e-12  2.062e+02    33.2330    33.2191    -0.0139    24.2669    24.2308     53.493     53.715      0.256    1510.29    1510.61  0.000e+00
       5222     54.500    16.5197    16.6265     0.1068    4.24429    4.25215          1     5.3544     5.0714       9.98     0.0961  4.903e-13  1.000e-12  2.039e+02    33.2417    33.2217    -0.0200    24.2769    24.2368     53.988     54.212      0.279    1510.26    1510.57  0.000e+00
       5268     55.000    16.4991    16.5880     0.0889    4.24343    4.24961          1     5.3192     5.0856       9.98     0.1002  4.924e-13  1.000e-12  2.031e+02    33.2511    33.2312    -0.0198    24.2888    24.2530     54.484     54.709      0.238    1510.22    1510.47  0.000e+00
       5320     55.500    16.4669    16.5421     0.0751    4.24120    4.24687          1     5.3255     5.0761       9.98     0.0949  4.924e-13  1.000e-12  2.031e+02    33.2581    33.2452    -0.0129    24.3016    24.2744     54.979     55.206      0.240    1510.14    1510.35  0.000e+00
       5367     56.000    16.4096    16.5194     0.1098    4.23575    4.24558          1     5.3205     5.1054       9.98     0.0926  4.924e-13  1.000e-12  2.031e+02    33.2579    33.2526    -0.0053    24.3146    24.2853     55.474     55.703      0.265    1509.97    1510.30  0.000e+00
       5412     56.500    16.3685    16.4817     0.1132    4.23161    4.24333          1     5.3173     5.1262       9.98     0.0999  4.923e-13  1.000e-12  2.031e+02    33.2556    33.2641     0.0085    24.3223    24.3028     55.969     56.200      0.261    1509.85    1510.21  0.000e+00
