ctdpy/exports/archive_20191121_122431/received_data/SBE09_0827_20180905_1157_26_01_0964.cnv
* Sea-Bird SBE 9 Data File:
* FileName = D:\CTD_SBE911\DAT\26DA.2018.9.14.hex
* Software Version Seasave V 7.21d
* Temperature SN = 034605
* Conductivity SN = 041844
* Number of Bytes Per Scan = 48
* Number of Voltage Words = 5
* Number of Scans Averaged by the Deck Unit = 1
* NMEA Latitude = 57 06.96 N
* NMEA Longitude = 017 40.19 E
* NMEA UTC (Time) = Sep 05 2018  12:00:09
* NMEA baud rate = 4800
** Ship: DANA
** Average sound velocity: 1448.35 m/s
** True-depth calculation Wed, 03 Apr 2019 09:29:58 +0000
** CTD Python Module SMHI /ver 3-12/ feb 2012 
** LIMS Job: 20182601-0964
**  BY38 KARLSØDJUPET
** Operator: Christian
** Cruise: 09/2018
# nquan = 26
# nvalues = 210                         
# units = specified
# name 0 = scan: Scan Count
# name 1 = prDM: Pressure, Digiquartz [db]
# name 2 = t090C: Temperature [ITS-90, deg C]
# name 3 = t190C: Temperature, 2 [ITS-90, deg C]
# name 4 = T2-T190C: Temperature Difference, 2 - 1 [ITS-90, deg C]
# name 5 = c0S/m: Conductivity [S/m]
# name 6 = c1S/m: Conductivity, 2 [S/m]
# name 7 = pumps: Pump Status
# name 8 = sbeox1ML/L: Oxygen, SBE 43, 2 [ml/l]
# name 9 = sbeox0ML/L: Oxygen, SBE 43 [ml/l]
# name 10 = altM: Altimeter [m]
# name 11 = chloroflTC0: Chlorophyll, Turner Cyclops [ug/l]
# name 12 = cpar: CPAR/Corrected Irradiance [%]
# name 13 = par: PAR/Irradiance, Biospherical/Lico [µE/(cm^2*s)]
# name 14 = spar: SPAR, Biospherical/Licor
# name 15 = sal00: Salinity, Practical [PSU]
# name 16 = sal11: Salinity, Practical, 2 [PSU]
# name 17 = secS-priS: Salinity, Practical, Difference, 2 - 1 [PSU]
# name 18 = sigma-t00: Density [sigma-t, kg/m^3 ]
# name 19 = sigma-t11: Density, 2 [sigma-t, kg/m^3 ]
# name 20 = depSM: Depth [salt water, m], lat = 57.116
# name 21 = depFM: Depth [true depth, m], lat = 57.116
# name 22 = dz/dtM: Descent Rate [m/s], WS = 2
# name 23 = svCM: Sound Velocity [Chen-Millero, m/s]
# name 24 = svCM1: Sound Velocity, 2 [Chen-Millero, m/s]
# name 25 = flag: flag
# span 0 =        232,      10589       
# span 1 =      1.500,    106.000       
# span 2 =     3.8147,    18.6467       
# span 3 =     3.8017,    18.6438       
# span 4 =    -3.3652,     0.2698       
# span 5 =   0.782026,   1.157918       
# span 6 =   0.781393,   1.157337       
# span 7 =          1,          1       
# span 8 =     0.0526,     7.1614       
# span 9 =     0.0370,     7.3948       
# span 10 =       2.10,       9.98      
# span 11 =     0.0436,     0.3006      
# span 12 = 4.9788e-14, 1.2532e+01      
# span 13 = 1.0000e-12, 2.5136e+02      
# span 14 = 1.9715e+03, 2.0103e+03      
# span 15 =     6.6823,    10.7034      
# span 16 =     6.6792,    10.6980      
# span 17 =    -0.1453,     0.3966      
# span 18 =     3.5740,     8.4186      
# span 19 =     3.5717,     8.4144      
# span 20 =      1.487,    104.999      
# span 21 =      1.522,    107.280      
# span 22 =      0.051,      0.305      
# span 23 =    1431.71,    1485.95      
# span 24 =    1431.64,    1485.94      
# span 25 = 0.0000e+00, 0.0000e+00      
# interval = decibars: 0.5              
# start_time = Sep 05 2018 12:00:10 [NMEA time, first data scan]
# bad_flag = -9.990e-29
*END*
        232      1.500    18.6071    18.5949    -0.0116    1.02561    1.02475          1     6.8175     6.3965       9.98     0.1944  1.253e+01  2.514e+02  2.005e+03     6.6900     6.6859    -0.0041     3.5806     3.5800      1.487      1.522      0.051    1485.70    1485.66  0.000e+00
        294      2.000    18.6138    18.6170     0.0032    1.02582    1.02535          1     6.8077     6.4156       9.98     0.2133  8.939e+00  1.795e+02  2.008e+03     6.6903     6.6865    -0.0038     3.5795     3.5759      1.982      2.030      0.238    1485.73    1485.74  0.000e+00
        347      2.500    18.6115    18.6090    -0.0026    1.02574    1.02518          1     6.8006     6.4014       9.98     0.2291  6.849e+00  1.376e+02  2.008e+03     6.6901     6.6865    -0.0035     3.5798     3.5776      2.477      2.537      0.234    1485.73    1485.72  0.000e+00
        398      3.000    18.6187    18.6120    -0.0067    1.02596    1.02517          1     6.8141     6.4137       9.98     0.2547  5.591e+00  1.123e+02  2.008e+03     6.6905     6.6860    -0.0045     3.5786     3.5766      2.972      3.045      0.232    1485.76    1485.74  0.000e+00
        453      3.500    18.6293    18.6248    -0.0044    1.02629    1.02561          1     6.8127     6.4191       9.98     0.2470  4.655e+00  9.341e+01  2.006e+03     6.6910     6.6869    -0.0041     3.5769     3.5747      3.468      3.552      0.293    1485.81    1485.79  0.000e+00
        498      4.000    18.6386    18.6393     0.0007    1.02663    1.02607          1     6.8273     6.4265       9.98     0.2494  3.835e+00  7.694e+01  2.006e+03     6.6919     6.6878    -0.0041     3.5756     3.5724      3.963      4.060      0.246    1485.85    1485.84  0.000e+00
        544      4.500    18.6401    18.6438     0.0036    1.02669    1.02623          1     6.8535     6.4276       9.98     0.2937  3.161e+00  6.342e+01  2.006e+03     6.6920     6.6882    -0.0038     3.5754     3.5717      4.459      4.567      0.262    1485.86    1485.87  0.000e+00
        590      5.000    18.6347    18.6349     0.0001    1.02650    1.02602          1     6.8143     6.4197       9.98     0.2727  2.543e+00  5.098e+01  2.004e+03     6.6915     6.6881    -0.0034     3.5761     3.5735      4.954      5.075      0.254    1485.85    1485.85  0.000e+00
        641      5.500    18.6348    18.6423     0.0075    1.02653    1.02615          1     6.8205     6.4060       9.98     0.2653  2.111e+00  4.233e+01  2.005e+03     6.6917     6.6878    -0.0039     3.5762     3.5717      5.449      5.582      0.237    1485.86    1485.88  0.000e+00
        691      6.000    18.6222    18.6347     0.0125    1.02612    1.02599          1     6.8169     6.4189       9.98     0.2626  1.817e+00  3.645e+01  2.006e+03     6.6908     6.6879    -0.0029     3.5781     3.5733      5.945      6.089      0.224    1485.83    1485.86  0.000e+00
        745      6.500    18.6250    18.6279     0.0029    1.02618    1.02577          1     6.8410     6.4141       9.98     0.2557  1.496e+00  3.005e+01  2.008e+03     6.6907     6.6873    -0.0033     3.5775     3.5743      6.440      6.597      0.231    1485.84    1485.85  0.000e+00
        795      7.000    18.6076    18.6259     0.0183    1.02569    1.02571          1     6.8300     6.4205       9.98     0.2519  1.331e+00  2.672e+01  2.008e+03     6.6900     6.6873    -0.0028     3.5805     3.5747      6.936      7.104      0.256    1485.80    1485.85  0.000e+00
        840      7.500    18.6330    18.6246    -0.0085    1.02647    1.02566          1     6.8282     6.4233       9.98     0.2518  1.194e+00  2.399e+01  2.009e+03     6.6914     6.6870    -0.0044     3.5764     3.5748      7.431      7.612      0.266    1485.88    1485.85  0.000e+00
        886      8.000    18.6463    18.6326    -0.0137    1.02689    1.02588          1     6.8307     6.4237       9.98     0.2503  9.764e-01  1.961e+01  2.009e+03     6.6922     6.6873    -0.0049     3.5743     3.5733      7.926      8.119      0.259    1485.94    1485.89  0.000e+00
        933      8.500    18.6455    18.6384    -0.0071    1.02687    1.02609          1     6.8149     6.4336       9.98     0.2474  8.313e-01  1.670e+01  2.008e+03     6.6921     6.6878    -0.0043     3.5744     3.5725      8.422      8.627      0.252    1485.94    1485.91  0.000e+00
        981      9.000    18.6467    18.6419    -0.0048    1.02688    1.02621          1     6.8424     6.4305       9.98     0.2422  7.133e-01  1.432e+01  2.008e+03     6.6920     6.6880    -0.0040     3.5740     3.5720      8.917      9.134      0.248    1485.95    1485.93  0.000e+00
       1032      9.500    18.6401    18.6417     0.0017    1.02670    1.02622          1     6.8483     6.4041       9.98     0.2493  6.091e-01  1.222e+01  2.006e+03     6.6917     6.6881    -0.0036     3.5752     3.5721      9.412      9.642      0.224    1485.94    1485.94  0.000e+00
       1086     10.000    18.6215    18.6289     0.0074    1.02601    1.02583          1     6.8342     6.4061       9.98     0.2732  5.258e-01  1.055e+01  2.006e+03     6.6898     6.6874    -0.0024     3.5775     3.5742      9.908     10.149      0.233    1485.89    1485.91  0.000e+00
       1135     10.500    18.5958    18.6037     0.0079    1.02527    1.02509          1     6.8284     6.3779       9.98     0.2963  4.420e-01  8.870e+00  2.007e+03     6.6887     6.6861    -0.0026     3.5819     3.5784     10.403     10.657      0.251    1485.81    1485.84  0.000e+00
       1182     11.000    18.5518    18.5795     0.0277    1.02394    1.02414          1     6.7915     6.3551       9.98     0.2791  3.733e-01  7.495e+00  2.008e+03     6.6863     6.6833    -0.0031     3.5891     3.5811     10.899     11.164      0.260    1485.68    1485.77  0.000e+00
       1228     11.500    18.5383    18.5481     0.0100    1.02347    1.02339          1     6.7825     6.3521       9.98     0.2578  3.221e-01  6.465e+00  2.007e+03     6.6851     6.6830    -0.0021     3.5909     3.5873     11.394     11.671      0.265    1485.65    1485.67  0.000e+00
       1273     12.000    18.5470    18.5471    -0.0000    1.02370    1.02317          1     6.7782     6.3471       9.98     0.2604  2.751e-01  5.520e+00  2.006e+03     6.6853     6.6816    -0.0037     3.5893     3.5864     11.889     12.179      0.259    1485.68    1485.68  0.000e+00
       1320     12.500    18.4942    18.4879    -0.0062    1.02219    1.02164          1     6.7668     6.2893       9.98     0.2771  2.318e-01  4.651e+00  2.006e+03     6.6831     6.6803    -0.0029     3.5983     3.5974     12.385     12.686      0.250    1485.52    1485.50  0.000e+00
       1369     13.000    18.4381    18.4492     0.0111    1.02079    1.02062          1     6.6996     6.2653       9.98     0.3006  1.974e-01  3.957e+00  2.004e+03     6.6823     6.6792    -0.0030     3.6090     3.6045     12.880     13.194      0.241    1485.35    1485.39  0.000e+00
       1419     13.500    18.4480    18.4488     0.0009    1.02277    1.02150          1     6.6831     6.1217       9.98     0.2986  1.696e-01  3.403e+00  2.006e+03     6.6945     6.6854    -0.0091     3.6164     3.6093     13.375     13.701      0.248    1485.41    1485.40  0.000e+00
       1465     14.000    18.4033    18.4162     0.0128    1.03483    1.03211          1     6.5098     5.7744       9.98     0.2552  1.479e-01  2.967e+00  2.005e+03     6.7869     6.7656    -0.0213     3.6956     3.6768     13.871     14.209      0.263    1485.38    1485.40  0.000e+00
       1512     14.500    18.2279    18.2716     0.0436    1.03983    1.03838          1     6.2441     5.6141       9.98     0.2246  1.259e-01  2.523e+00  2.004e+03     6.8511     6.8336    -0.0175     3.7796     3.7576     14.366     14.716      0.253    1484.91    1485.03  0.000e+00
       1558     15.000    17.8124    17.8077    -0.0041    1.03154    1.03203          1     6.0491     5.4720       9.98     0.1982  1.086e-01  2.179e+00  2.005e+03     6.8608     6.8651     0.0043     3.8693     3.8733     14.862     15.223      0.274    1483.61    1483.60  0.000e+00
       1601     15.500    17.2186    17.2583     0.0392    1.01762    1.01970          1     5.8880     5.4578       9.98     0.1670  9.270e-02  1.859e+00  2.006e+03     6.8596     6.8680     0.0084     3.9830     3.9819     15.357     15.731      0.275    1481.70    1481.84  0.000e+00
       1646     16.000    17.2042    17.2027    -0.0016    1.01789    1.01771          1     5.8647     5.5292       9.98     0.1439  8.054e-02  1.614e+00  2.004e+03     6.8639     6.8629    -0.0010     3.9890     3.9885     15.852     16.238      0.261    1481.67    1481.66  0.000e+00
       1693     16.500    17.2491    16.9442    -0.3046    1.01817    1.01144          1     5.8213     5.4851       9.98     0.1077  7.068e-02  1.417e+00  2.004e+03     6.8584     6.8606     0.0023     3.9763     4.0354     16.348     16.745      0.252    1481.82    1480.83  0.000e+00
       1741     17.000    17.0050    16.7515    -0.2537    1.01124    1.00453          1     5.8137     5.4824       9.98     0.1260  6.041e-02  1.212e+00  2.006e+03     6.8490     6.8426    -0.0064     4.0151     4.0575     16.843     17.252      0.249    1481.02    1480.18  0.000e+00
       1789     17.500    16.9570    16.3051    -0.6519    1.01047    1.00132          1     5.7135     5.4474       9.98     0.1044  5.239e-02  1.050e+00  2.004e+03     6.8514     6.8948     0.0435     4.0260     4.1786     17.338     17.760      0.248    1480.88    1478.78  0.000e+00
       1837     18.000    16.7477    15.7903    -0.9571    1.00765    1.00465          1     5.5038     5.3734       9.98     0.1009  4.590e-02  9.184e-01  2.001e+03     6.8660     7.0089     0.1429     4.0760     4.3572     17.834     18.267      0.256    1480.21    1477.20  0.000e+00
       1883     18.500    16.4241    15.4212    -1.0032    1.00586    1.00193          1     5.3733     5.1949       9.98     0.0949  4.029e-02  8.059e-01  2.000e+03     6.9079     7.0535     0.1456     4.1672     4.4550     18.329     18.774      0.272    1479.20    1476.01  0.000e+00
       1926     19.000    16.0495    14.1511    -1.8995    1.00469    0.98164          1     5.0790     5.0907       9.98     0.0851  3.501e-02  7.005e-01  2.001e+03     6.9638     7.1267     0.1629     4.2770     4.7155     18.824     19.281      0.278    1478.03    1471.69  0.000e+00
       1970     19.500    15.6852    12.3173    -3.3652    1.00034    0.94510          1     4.8948     4.8716       9.98     0.0783  3.000e-02  6.008e-01  2.002e+03     6.9947     7.1765     0.1817     4.3644     5.0247     19.320     19.788      0.274    1476.85    1465.20  0.000e+00
       2013     20.000    13.9711    11.2683    -2.7036    0.96928    0.92249          1     5.0161     4.7119       9.98     0.0710  2.559e-02  5.123e-01  2.002e+03     7.0625     7.1907     0.1282     4.6953     5.1701     19.815     20.295      0.278    1471.01    1461.31  0.000e+00
       2059     20.500    12.5698    10.1398    -2.4305    0.94360    0.89608          1     5.3540     4.9496       9.98     0.0623  2.141e-02  4.290e-01  2.004e+03     7.1166     7.1866     0.0700     4.9433     5.2981     20.311     20.802      0.242    1466.06    1457.00  0.000e+00
       2112     21.000    11.3613     9.2342    -2.1274    0.91668    0.87407          1     5.6987     5.3081       9.98     0.0673  1.764e-02  3.535e-01  2.004e+03     7.1239     7.1746     0.0507     5.1072     5.3814     20.806     21.309      0.219    1461.60    1453.43  0.000e+00
       2165     21.500    10.4574     8.3956    -2.0613    0.89411    0.85294          1     5.9755     5.5998       9.98     0.0630  1.466e-02  2.935e-01  2.002e+03     7.1074     7.1549     0.0475     5.2017     5.4438     21.301     21.815      0.235    1458.15    1450.06  0.000e+00
       2215     22.000     9.6988     8.2796    -1.4200    0.87762    0.85144          1     6.1865     5.8534       9.98     0.0607  1.242e-02  2.488e-01  2.003e+03     7.1134     7.1648     0.0515     5.2881     5.4615     21.797     22.322      0.248    1455.21    1449.61  0.000e+00
       2261     22.500     9.4108     8.0295    -1.3806    0.87243    0.84985          1     6.1910     5.9434       9.98     0.0558  1.066e-02  2.137e-01  2.004e+03     7.1249     7.2014     0.0765     5.3262     5.5106     22.292     22.829      0.286    1454.10    1448.65  0.000e+00
       2300     23.000     8.8294     7.4636    -1.3664    0.86094    0.83670          1     6.1436     6.0512       9.98     0.0545  8.882e-03  1.781e-01  2.005e+03     7.1390     7.1972     0.0582     5.3924     5.5512     22.787     23.335      0.305    1451.81    1446.32  0.000e+00
       2342     23.500     8.3878     7.3600    -1.0272    0.85201    0.83536          1     6.3140     6.2385       9.98     0.0520  7.537e-03  1.511e-01  2.004e+03     7.1479     7.2063     0.0584     5.4389     5.5659     23.283     23.842      0.274    1450.05    1445.91  0.000e+00
       2387     24.000     8.0364     7.4553    -0.5818    0.84921    0.84483          1     6.2319     6.0666       9.98     0.0531  6.238e-03  1.252e-01  2.007e+03     7.1941     7.2741     0.0800     5.5039     5.6122     23.778     24.348      0.265    1448.68    1446.40  0.000e+00
       2433     24.500     7.5735     7.2789    -0.2929    0.84219    0.84213          1     5.9899     6.0722       9.98     0.0535  4.989e-03  1.003e-01  2.010e+03     7.2251     7.2860     0.0609     5.5648     5.6343     24.273     24.855      0.246    1446.83    1445.69  0.000e+00
       2485     25.000     7.3363     7.1271    -0.2104    0.83960    0.83976          1     5.9699     6.0295       9.98     0.0530  3.972e-03  7.973e-02  2.007e+03     7.2504     7.2959     0.0454     5.6021     5.6527     24.769     25.361      0.226    1445.89    1445.08  0.000e+00
       2536     25.500     7.1147     7.0085    -0.1067    0.83655    0.83727          1     6.0126     6.0938       9.98     0.0520  2.838e-03  5.695e-02  2.006e+03     7.2685     7.2976     0.0291     5.6321     5.6622     25.264     25.867      0.249    1445.00    1444.59  0.000e+00
       2582     26.000     6.9402     6.7996    -0.1398    0.83308    0.83293          1     6.0793     6.2205       9.98     0.0515  1.720e-03  3.451e-02  2.006e+03     7.2726     7.3010     0.0284     5.6471     5.6787     25.759     26.374      0.273    1444.28    1443.72  0.000e+00
       2624     26.500     6.6727     6.5121    -0.1606    0.82689    0.82598          1     6.1973     6.3856       9.98     0.0513  7.088e-04  1.421e-02  2.005e+03     7.2709     7.2964     0.0255     5.6631     5.6931     26.255     26.880      0.288    1443.16    1442.51  0.000e+00
       2666     27.000     6.5007     6.3425    -0.1582    0.82299    0.82150          1     6.3253     6.4945       9.98     0.0506  1.197e-05  2.398e-04  2.004e+03     7.2704     7.2900     0.0196     5.6733     5.6982     26.750     27.387      0.285    1442.44    1441.79  0.000e+00
       2708     27.500     6.4253     6.3154    -0.1099    0.82190    0.82122          1     6.4252     6.5812       9.98     0.0500  1.251e-07  2.508e-06  2.004e+03     7.2760     7.2930     0.0170     5.6823     5.7022     27.245     27.893      0.284    1442.13    1441.69  0.000e+00
       2753     28.000     6.3810     6.3256    -0.0555    0.82209    0.82232          1     6.4801     6.6197       9.98     0.0497  4.996e-14  1.000e-12  2.002e+03     7.2873     7.3013     0.0140     5.6938     5.7081     27.741     28.399      0.254    1441.97    1441.75  0.000e+00
       2803     28.500     6.4089     6.3748    -0.0341    0.82374    0.82478          1     6.5182     6.5926       9.98     0.0491  4.999e-14  1.000e-12  2.000e+03     7.2969     7.3141     0.0172     5.6997     5.7153     28.236     28.906      0.232    1442.11    1441.98  0.000e+00
