ctdpy/exports/archive_20191121_122431/received_data/SBE09_1044_20181109_1414_34_01_0121.cnv
* Sea-Bird SBE 9 Data File:
* FileName = C:\ctd\temp\ar18d121.hex
* Software Version Seasave V 7.26.7.107
* Temperature SN = 5351
* Conductivity SN = 3941
* Number of Bytes Per Scan = 41
* Number of Voltage Words = 4
* Number of Scans Averaged by the Deck Unit = 1
* NMEA Latitude = 57 24.99 N
* NMEA Longitude = 019 03.22 E
* NMEA UTC (Time) = Nov 09 2018  14:14:28
* NMEA baud rate = 4800
** Station:  Ostergarnsholm
** Operator:  JKro
** Ship: ARANDA
** Average sound velocity: 1446.78 m/s
** True-depth calculation Fri, 09 Nov 2018 16:27:07 +0000
** CTD Python Module SMHI /ver 3-12/ feb 2012 
** LIMS Job: 20183401-0121
** Cruise: SMHI-6-2018
** Latitude [GG MM.mm N]:
** Longitude [GG MM.mm E]
# nquan = 26
# nvalues = 72                          
# units = specified
# name 0 = scan: Scan Count
# name 1 = prDM: Pressure, Digiquartz [db]
# name 2 = t090C: Temperature [ITS-90, deg C]
# name 3 = t190C: Temperature, 2 [ITS-90, deg C]
# name 4 = T2-T190C: Temperature Difference, 2 - 1 [ITS-90, deg C]
# name 5 = c0S/m: Conductivity [S/m]
# name 6 = c1S/m: Conductivity, 2 [S/m]
# name 7 = pumps: Pump Status
# name 8 = sbeox0ML/L: Oxygen, SBE 43 [ml/l]
# name 9 = sbeox1ML/L: Oxygen, SBE 43, 2 [ml/l]
# name 10 = altM: Altimeter [m]
# name 11 = flECO-AFL: Chl-a Fluorescence, WET Labs ECO-AFL/FL [mg/m^3]
# name 12 = flECO-AFL1: Phycocyanin Fluorescence, WET Labs ECO-AFL/FL, 2 [mg/m^3]
# name 13 = par: PAR/Irradiance, Biospherical/Lico [µE/(cm^2*s)]
# name 14 = turbWETntu0: Turbidity, WET Labs ECO [NTU]
# name 15 = sal00: Salinity, Practical [PSU]
# name 16 = sal11: Salinity, Practical, 2 [PSU]
# name 17 = secS-priS: Salinity, Practical, Difference, 2 - 1 [PSU]
# name 18 = sigma-t00: Density [sigma-t, Kg/m^3 ]
# name 19 = sigma-t11: Density, 2 [sigma-t, Kg/m^3 ]
# name 20 = depSM: Depth [salt water, m], lat = 57.4165
# name 21 = depFM: Depth [true depth, m], lat = 57.4165
# name 22 = dz/dtM: Descent Rate [m/s], WS = 2
# name 23 = svCM: Sound Velocity [Chen-Millero, m/s]
# name 24 = svCM1: Sound Velocity, 2 [Chen-Millero, m/s]
# name 25 = flag: flag
# span 0 =      12558,      14952       
# span 1 =      1.000,     36.500       
# span 2 =     4.9486,     8.7191       
# span 3 =     4.9492,     8.7214       
# span 4 =    -0.0046,     0.0392       
# span 5 =   0.810242,   0.852947       
# span 6 =   0.810305,   0.852972       
# span 7 =          1,          1       
# span 8 =    6.76631,    7.53909       
# span 9 =    6.58061,    7.25032       
# span 10 =       0.61,      36.73      
# span 11 =     0.2734,     0.7160      
# span 12 =     0.1941,     0.3381      
# span 13 = -5.428e-11, 1.6002e+01      
# span 14 =     0.2104,     0.4349      
# span 15 =     6.9889,     7.5047      
# span 16 =     6.9885,     7.5043      
# span 17 =    -0.0033,     0.0007      
# span 18 =     5.2857,     5.9355      
# span 19 =     5.2851,     5.9353      
# span 20 =      0.991,     36.160      
# span 21 =      1.013,     36.974      
# span 22 =      0.132,      0.565      
# span 23 =    1436.18,    1450.96      
# span 24 =    1436.18,    1450.97      
# span 25 = 0.0000e+00, 0.0000e+00      
# interval = decibars: 0.5              
# start_time = Nov 09 2018 14:14:28 [NMEA time, first data scan]
# bad_flag = -9.990e-29
*END*
[from data line 56]
      14192     29.000     5.6249     5.6276     0.0027    0.81663    0.81663          1     6.9598     7.1755       8.45     0.2969     0.2556  1.000e-12  0.2335000     7.3984     7.3977    -0.0006     5.8220     5.8214     28.731     29.379      0.434    1438.88    1438.89  0.000e+00
      14220     29.500     5.6365     5.6358    -0.0006    0.81758    0.81751          1     6.9560     7.1019       7.84     0.2734     0.2252  1.000e-12  0.2297000     7.4050     7.4045    -0.0006     5.8267     5.8262     29.226     29.886      0.394    1438.95    1438.94  0.000e+00
      14254     30.000     5.6731     5.6799     0.0067    0.81986    0.81992          1     6.9204     7.0687       7.31     0.2778     0.2230  1.000e-12  0.2528000     7.4191     7.4182    -0.0009     5.8360     5.8349     29.721     30.392      0.335    1439.13    1439.16  0.000e+00
      14291     30.500     5.6132     5.6171     0.0039    0.81912    0.81913          1     6.9399     7.0788       6.85     0.3112     0.2182  1.000e-12  0.2419000     7.4250     7.4243    -0.0007     5.8435     5.8428     30.217     30.898      0.323    1438.89    1438.90  0.000e+00
      14330     31.000     5.5340     5.5403     0.0063    0.81795    0.81801          1     6.9549     7.1063       6.29     0.3144     0.1941  1.000e-12  0.2205000     7.4310     7.4303    -0.0008     5.8521     5.8512     30.712     31.405      0.296    1438.56    1438.58  0.000e+00
      14370     31.500     5.3942     5.3986     0.0044    0.81565    0.81566          1     6.9906     7.0793       5.83     0.2946     0.2164  1.000e-12  0.2171000     7.4394     7.4386    -0.0008     5.8652     5.8643     31.207     31.911      0.298    1437.97    1437.99  0.000e+00
      14413     32.000     5.3507     5.3550     0.0043    0.81524    0.81526          1     7.0261     7.0313       5.13     0.3036     0.2072  1.000e-12  0.2206000     7.4451     7.4443    -0.0008     5.8716     5.8708     31.703     32.417      0.267    1437.80    1437.81  0.000e+00
      14457     32.500     5.3001     5.3036     0.0035    0.81473    0.81469          1     7.0585     6.9680       4.69     0.2867     0.2357  1.000e-12  0.2226000     7.4512     7.4501    -0.0011     5.8787     5.8777     32.198     32.923      0.276    1437.59    1437.61  0.000e+00
      14504     33.000     5.2310     5.2372     0.0061    0.81418    0.81423          1     7.0656     6.9426       4.72     0.3156     0.1987  1.000e-12  0.2218000     7.4611     7.4602    -0.0009     5.8895     5.8885     32.693     33.430      0.237    1437.31    1437.34  0.000e+00
      14556     33.500     5.1055     5.1121     0.0065    0.81140    0.81145          1     7.0843     6.9166       4.40     0.3055     0.1981  1.000e-12  0.2205000     7.4616     7.4607    -0.0009     5.8952     5.8942     33.188     33.936      0.220    1436.77    1436.80  0.000e+00
      14614     34.000     5.0301     5.0351     0.0050    0.81032    0.81036          1     7.0196     6.8959       3.89     0.2792     0.2563  1.000e-12  0.2268000     7.4678     7.4671    -0.0007     5.9032     5.9024     33.684     34.442      0.209    1436.45    1436.48  0.000e+00
      14669     34.500     5.0019     5.0075     0.0056    0.81024    0.81031          1     6.9300     6.8164       3.44     0.2825     0.2320  1.000e-12  0.2456000     7.4733     7.4727    -0.0006     5.9087     5.9079     34.179     34.949      0.217    1436.35    1436.37  0.000e+00
      14725     35.000     5.0196     5.0196    -0.0000    0.81138    0.81130          1     6.8341     6.7699       2.94     0.2791     0.2003  1.000e-12  0.2104000     7.4806     7.4797    -0.0009     5.9137     5.9130     34.674     35.455      0.201    1436.44    1436.44  0.000e+00
      14793     35.500     5.0379     5.0408     0.0029    0.81225    0.81232          1     6.8212     6.6820       2.37     0.3059     0.2332  1.000e-12  0.2321000     7.4850     7.4850    -0.0000     5.9165     5.9164     35.170     35.961      0.132    1436.53    1436.55  0.000e+00
      14900     36.000     5.0402     5.0415     0.0014    0.81312    0.81312          1     6.8109     6.6666       1.18     0.2969     0.2228  1.000e-12  0.2338000     7.4930     7.4927    -0.0003     5.9227     5.9225     35.665     36.467      0.259    1436.56    1436.57  0.000e+00
      14952     36.500     4.9486     4.9492     0.0006    0.81222    0.81219          1     6.7663     6.5806       0.61     0.2858     0.2388  1.000e-12  0.2184000     7.5047     7.5043    -0.0004     5.9355     5.9353     36.160     36.974      0.325    1436.18    1436.18  0.000e+00
