ctdpy/exports/archive_20191121_122431/received_data/SBE09_0827_20181003_1753_26_01_1001.cnv
* Sea-Bird SBE 9 Data File:
* FileName = D:\CTD_SBE911\DAT\26DA.2018.10.1.hex
* Software Version Seasave V 7.21d
* Temperature SN = 4548
* Conductivity SN = 3062
* Number of Bytes Per Scan = 48
* Number of Voltage Words = 5
* Number of Scans Averaged by the Deck Unit = 1
* NMEA Latitude = 55 09.63 N
* NMEA Longitude = 013 56.69 E
* NMEA UTC (Time) = Oct 03 2018  17:56:24
* NMEA baud rate = 4800
** Ship: DANA
** Average sound velocity: 1456.14 m/s
** True-depth calculation Thu, 28 Mar 2019 12:13:36 +0000
** CTD Python Module SMHI /ver 3-12/ feb 2012 
** LIMS Job: 20182601-1001
**  Start CTD
** Operator: Christian
** Cruise: 10/2018
# nquan = 26
# nvalues = 84                          
# units = specified
# name 0 = scan: Scan Count
# name 1 = prDM: Pressure, Digiquartz [db]
# name 2 = t090C: Temperature [ITS-90, deg C]
# name 3 = t190C: Temperature, 2 [ITS-90, deg C]
# name 4 = T2-T190C: Temperature Difference, 2 - 1 [ITS-90, deg C]
# name 5 = c0S/m: Conductivity [S/m]
# name 6 = c1S/m: Conductivity, 2 [S/m]
# name 7 = pumps: Pump Status
# name 8 = sbeox1ML/L: Oxygen, SBE 43, 2 [ml/l]
# name 9 = sbeox0ML/L: Oxygen, SBE 43 [ml/l]
# name 10 = altM: Altimeter [m]
# name 11 = chloroflTC0: Chlorophyll, Turner Cyclops [ug/l]
# name 12 = cpar: CPAR/Corrected Irradiance [%]
# name 13 = par: PAR/Irradiance, Biospherical/Lico [µE/(cm^2*s)]
# name 14 = spar: SPAR, Biospherical/Licor
# name 15 = sal00: Salinity, Practical [PSU]
# name 16 = sal11: Salinity, Practical, 2 [PSU]
# name 17 = secS-priS: Salinity, Practical, Difference, 2 - 1 [PSU]
# name 18 = sigma-t00: Density [sigma-t, kg/m^3 ]
# name 19 = sigma-t11: Density, 2 [sigma-t, kg/m^3 ]
# name 20 = depSM: Depth [salt water, m], lat = 55.1605
# name 21 = depFM: Depth [true depth, m], lat = 55.1605
# name 22 = dz/dtM: Descent Rate [m/s], WS = 2
# name 23 = svCM: Sound Velocity [Chen-Millero, m/s]
# name 24 = svCM1: Sound Velocity, 2 [Chen-Millero, m/s]
# name 25 = flag: flag
# span 0 =        171,       4270       
# span 1 =      0.500,     42.000       
# span 2 =     7.1638,    16.0075       
# span 3 =     7.1910,    15.9585       
# span 4 =    -1.6308,     0.4567       
# span 5 =   0.943606,   2.594765       
# span 6 =   0.943760,   2.560420       
# span 7 =          1,          1       
# span 8 =     2.4966,     7.1159       
# span 9 =     2.5769,     6.6560       
# span 10 =       1.80,       9.97      
# span 11 =     0.0000,     0.0000      
# span 12 = 4.9241e-11, 4.9241e-11      
# span 13 = 1.0000e-12, 1.0000e-12      
# span 14 = 2.0308e+00, 2.0308e+00      
# span 15 =     8.1085,    19.6365      
# span 16 =     8.1094,    19.4320      
# span 17 =    -0.8210,     0.0016      
# span 18 =     6.2349,    14.0057      
# span 19 =     6.2358,    13.8820      
# span 20 =      0.496,     41.617      
# span 21 =      0.506,     42.463      
# span 22 =     -0.100,      0.815      
# span 23 =    1447.61,    1492.25      
# span 24 =    1447.64,    1491.47      
# span 25 = 0.0000e+00, 0.0000e+00      
# interval = decibars: 0.5              
# start_time = Oct 03 2018 17:56:24 [NMEA time, first data scan]
# bad_flag = -9.990e-29
*END*
        171      0.500     7.8582     7.8532    -0.0050    0.94431    0.94429          1     7.1116     6.6554       9.97     0.0000  4.924e-11  1.000e-12  2.031e+00     8.1087     8.1096     0.0009     6.2351     6.2363      0.496      0.506      0.157    1448.72    1448.70  0.000e+00
        345      1.000     7.8546     7.8537    -0.0009    0.94421    0.94430          1     7.1100     6.6450       9.97     0.0000  4.924e-11  1.000e-12  2.031e+00     8.1085     8.1095     0.0010     6.2353     6.2362      0.991      1.012      0.815    1448.71    1448.71  0.000e+00
        360      1.500     7.8512     7.8519     0.0007    0.94414    0.94427          1     7.1147     6.6474       9.97     0.0000  4.924e-11  1.000e-12  2.031e+00     8.1086     8.1096     0.0010     6.2356     6.2364      1.486      1.518      0.743    1448.71    1448.71  0.000e+00
        411      2.000     7.8550     7.8539    -0.0012    0.94426    0.94431          1     7.1153     6.6509       9.97     0.0000  4.924e-11  1.000e-12  2.031e+00     8.1087     8.1095     0.0008     6.2354     6.2361      1.982      2.024      0.471    1448.73    1448.73  0.000e+00
        459      2.500     7.8601     7.8545    -0.0057    0.94438    0.94434          1     7.1133     6.6560       9.97     0.0000  4.924e-11  1.000e-12  2.031e+00     8.1086     8.1095     0.0009     6.2349     6.2361      2.477      2.531      0.692    1448.76    1448.74  0.000e+00
        498      3.000     7.8590     7.8554    -0.0036    0.94435    0.94438          1     7.1159     6.6517       9.97     0.0000  4.924e-11  1.000e-12  2.031e+00     8.1085     8.1096     0.0011     6.2349     6.2361      2.973      3.037      0.354    1448.76    1448.75  0.000e+00
        567      3.500     7.8579     7.8553    -0.0026    0.94434    0.94440          1     7.1155     6.6466       9.97     0.0000  4.924e-11  1.000e-12  2.031e+00     8.1086     8.1098     0.0012     6.2351     6.2362      3.468      3.543      0.430    1448.77    1448.76  0.000e+00
        585      4.000     7.8592     7.8580    -0.0013    0.94437    0.94444          1     7.1144     6.6522       9.97     0.0000  4.924e-11  1.000e-12  2.031e+00     8.1085     8.1094     0.0009     6.2349     6.2358      3.964      4.049      0.529    1448.78    1448.77  0.000e+00
        630      4.500     7.8586     7.8575    -0.0012    0.94437    0.94444          1     7.1129     6.6560       9.97     0.0000  4.924e-11  1.000e-12  2.031e+00     8.1086     8.1095     0.0009     6.2350     6.2358      4.459      4.555      0.324    1448.78    1448.78  0.000e+00
        702      5.000     7.8461     7.8537     0.0076    0.94406    0.94439          1     7.1044     6.6446       9.97     0.0000  4.924e-11  1.000e-12  2.031e+00     8.1086     8.1099     0.0013     6.2361     6.2364      4.955      5.061      0.480    1448.74    1448.77  0.000e+00
        723      5.500     7.8343     7.8360     0.0017    0.94383    0.94397          1     7.1044     6.6435       9.97     0.0000  4.924e-11  1.000e-12  2.031e+00     8.1091     8.1100     0.0010     6.2374     6.2380      5.450      5.567      0.462    1448.70    1448.71  0.000e+00
        774      6.000     7.8334     7.8337     0.0003    0.94383    0.94396          1     7.1073     6.6495       9.97     0.0000  4.924e-11  1.000e-12  2.031e+00     8.1093     8.1104     0.0011     6.2376     6.2384      5.946      6.073      0.257    1448.71    1448.71  0.000e+00
        832      6.500     7.8306     7.8342     0.0035    0.94380    0.94398          1     7.1020     6.6488       9.97     0.0000  4.924e-11  1.000e-12  2.031e+00     8.1096     8.1104     0.0008     6.2380     6.2384      6.441      6.579      0.431    1448.70    1448.72  0.000e+00
        855      7.000     7.8304     7.8288    -0.0016    0.94380    0.94389          1     7.0943     6.6416       9.97     0.0000  4.924e-11  1.000e-12  2.031e+00     8.1095     8.1107     0.0012     6.2380     6.2391      6.937      7.086      0.445    1448.71    1448.71  0.000e+00
        910      7.500     7.8320     7.8303    -0.0018    0.94383    0.94392          1     7.0979     6.6423       9.97     0.0000  4.924e-11  1.000e-12  2.031e+00     8.1094     8.1106     0.0012     6.2379     6.2389      7.432      7.592      0.249    1448.73    1448.72  0.000e+00
        966      8.000     7.8272     7.8295     0.0024    0.94378    0.94394          1     7.0990     6.6481       9.97     0.0000  4.924e-11  1.000e-12  2.031e+00     8.1100     8.1110     0.0010     6.2387     6.2392      7.928      8.098      0.386    1448.71    1448.73  0.000e+00
       1001      8.500     7.8248     7.8292     0.0044    0.94376    0.94391          1     7.1060     6.6412       9.97     0.0000  4.924e-11  1.000e-12  2.031e+00     8.1103     8.1106     0.0004     6.2391     6.2390      8.423      8.604      0.265    1448.71    1448.73  0.000e+00
       1069      9.000     7.8300     7.8299    -0.0002    0.94383    0.94394          1     7.0961     6.6478       9.97     0.0000  4.924e-11  1.000e-12  2.031e+00     8.1097     8.1107     0.0010     6.2382     6.2390      8.919      9.110      0.352    1448.74    1448.74  0.000e+00
       1092      9.500     7.8275     7.8303     0.0028    0.94380    0.94394          1     7.0968     6.6469       9.97     0.0000  4.924e-11  1.000e-12  2.031e+00     8.1099     8.1105     0.0006     6.2386     6.2388      9.414      9.616      0.426    1448.74    1448.75  0.000e+00
       1134     10.000     7.8215     7.8296     0.0081    0.94376    0.94396          1     7.0932     6.6522       9.97     0.0000  4.924e-11  1.000e-12  2.031e+00     8.1109     8.1109    -0.0000     6.2398     6.2392      9.909     10.122      0.233    1448.72    1448.76  0.000e+00
       1194     10.500     7.8230     7.8205    -0.0025    0.94377    0.94386          1     7.0964     6.6486       9.97     0.0000  4.924e-11  1.000e-12  2.031e+00     8.1105     8.1119     0.0014     6.2394     6.2407     10.405     10.628      0.328    1448.74    1448.73  0.000e+00
       1227     11.000     7.8250     7.8285     0.0034    0.94381    0.94395          1     7.0964     6.6415       9.97     0.0000  4.924e-11  1.000e-12  2.031e+00     8.1104     8.1109     0.0005     6.2392     6.2393     10.900     11.134      0.300    1448.75    1448.77  0.000e+00
       1288     11.500     7.8250     7.8279     0.0030    0.94382    0.94397          1     7.0995     6.6459       9.97     0.0000  4.924e-11  1.000e-12  2.031e+00     8.1104     8.1111     0.0007     6.2392     6.2395     11.396     11.641      0.261    1448.76    1448.77  0.000e+00
       1328     12.000     7.8259     7.8298     0.0039    0.94384    0.94402          1     7.1003     6.6515       9.97     0.0000  4.924e-11  1.000e-12  2.031e+00     8.1104     8.1111     0.0008     6.2391     6.2393     11.891     12.147      0.325    1448.77    1448.79  0.000e+00
       1374     12.500     7.8136     7.8202     0.0066    0.94371    0.94390          1     7.0836     6.6476       9.97     0.0000  4.924e-11  1.000e-12  2.031e+00     8.1119     8.1121     0.0002     6.2413     6.2409     12.387     12.653      0.219    1448.73    1448.76  0.000e+00
       1423     13.000     7.7948     7.8023     0.0074    0.94361    0.94376          1     7.0806     6.6373       9.97     0.0000  4.924e-11  1.000e-12  2.031e+00     8.1152     8.1149    -0.0003     6.2454     6.2445     12.882     13.159      0.355    1448.67    1448.70  0.000e+00
       1451     13.500     7.8027     7.8096     0.0068    0.94366    0.94382          1     7.0848     6.6343       9.97     0.0000  4.924e-11  1.000e-12  2.031e+00     8.1139     8.1137    -0.0002     6.2437     6.2430     13.378     13.665      0.396    1448.71    1448.74  0.000e+00
       1487     14.000     7.8069     7.8053    -0.0016    0.94369    0.94383          1     7.0846     6.6360       9.97     0.0000  4.924e-11  1.000e-12  2.031e+00     8.1131     8.1147     0.0016     6.2427     6.2441     13.873     14.171      0.223    1448.73    1448.72  0.000e+00
       1561     14.500     7.8088     7.8087    -0.0001    0.94371    0.94383          1     7.0859     6.6343       9.97     0.0000  4.924e-11  1.000e-12  2.031e+00     8.1128     8.1139     0.0011     6.2423     6.2432     14.369     14.677      0.240    1448.75    1448.75  0.000e+00
       1600     15.000     7.8130     7.8117    -0.0013    0.94376    0.94385          1     7.0822     6.6338       9.97     0.0000  4.924e-11  1.000e-12  2.031e+00     8.1121     8.1133     0.0012     6.2415     6.2425     14.864     15.183      0.358    1448.77    1448.77  0.000e+00
       1633     15.500     7.8150     7.8134    -0.0016    0.94379    0.94388          1     7.0939     6.6314       9.97     0.0000  4.924e-11  1.000e-12  2.031e+00     8.1119     8.1131     0.0012     6.2412     6.2422     15.359     15.689      0.320    1448.79    1448.78  0.000e+00
       1686     16.000     7.8152     7.8138    -0.0014    0.94380    0.94390          1     7.0951     6.6329       9.97     0.0000  4.924e-11  1.000e-12  2.031e+00     8.1118     8.1132     0.0013     6.2411     6.2423     15.855     16.196      0.210    1448.79    1448.79  0.000e+00
       1734     16.500     7.8073     7.8130     0.0057    0.94376    0.94390          1     7.0865     6.6363       9.97     0.0000  4.924e-11  1.000e-12  2.031e+00     8.1133     8.1133     0.0000     6.2428     6.2424     16.350     16.702      0.346    1448.77    1448.80  0.000e+00
       1766     17.000     7.7805     7.8017     0.0212    0.94398    0.94394          1     7.0492     6.6339       9.97     0.0000  4.924e-11  1.000e-12  2.031e+00     8.1214     8.1162    -0.0052     6.2514     6.2456     16.846     17.208      0.362    1448.68    1448.76  0.000e+00
       1802     17.500     7.7169     7.7473     0.0303    0.94502    0.94467          1     7.0178     6.6071       9.97     0.0000  4.924e-11  1.000e-12  2.031e+00     8.1459     8.1355    -0.0103     6.2756     6.2651     17.341     17.714      0.260    1448.46    1448.57  0.000e+00
       1876     18.000     7.7326     7.7407     0.0080    0.94461    0.94464          1     6.9795     6.5895       9.97     0.0000  4.924e-11  1.000e-12  2.031e+00     8.1384     8.1368    -0.0016     6.2685     6.2666     17.837     18.220      0.292    1448.52    1448.55  0.000e+00
       1909     18.500     7.6551     7.6718     0.0168    0.95824    0.95557          1     6.7447     6.5145       9.97     0.0000  4.924e-11  1.000e-12  2.031e+00     8.2834     8.2546    -0.0288     6.3883     6.3644     18.332     18.726      0.424    1448.39    1448.42  0.000e+00
       1941     19.000     7.5719     7.6102     0.0383    0.97892    0.97129          1     6.4342     6.3184       9.97     0.0000  4.924e-11  1.000e-12  2.031e+00     8.4961     8.4156    -0.0805     6.5615     6.4954     18.828     19.232      0.287    1448.32    1448.38  0.000e+00
       2001     19.500     7.5346     7.5707     0.0362    0.98961    0.97944          1     6.1893     6.1215       9.97     0.0000  4.924e-11  1.000e-12  2.031e+00     8.6054     8.5014    -0.1040     6.6501     6.5658     19.323     19.738      0.298    1448.31    1448.33  0.000e+00
       2033     20.000     7.4589     7.4736     0.0146    1.00863    1.00555          1     5.9757     5.9087       9.97     0.0000  4.924e-11  1.000e-12  2.031e+00     8.8028     8.7702    -0.0326     6.8108     6.7841     19.818     20.244      0.415    1448.25    1448.27  0.000e+00
       2067     20.500     7.4174     7.4510     0.0337    1.01481    1.01035          1     5.8398     5.6822       9.97     0.0000  4.924e-11  1.000e-12  2.031e+00     8.8715     8.8209    -0.0506     6.8679     6.8256     20.314     20.750      0.260    1448.17    1448.25  0.000e+00
       2130     21.000     7.4164     7.4437     0.0272    1.01662    1.01250          1     5.8462     5.6060       9.97     0.0000  4.924e-11  1.000e-12  2.031e+00     8.8887     8.8430    -0.0457     6.8814     6.8435     20.809     21.255      0.224    1448.20    1448.25  0.000e+00
       2178     21.500     7.4289     7.4391     0.0101    1.02293    1.01977          1     5.8098     5.5517       9.97     0.0000  4.924e-11  1.000e-12  2.031e+00     8.9449     8.9126    -0.0324     6.9245     6.8983     21.305     21.761      0.271    1448.33    1448.33  0.000e+00
       2219     22.000     7.3743     7.4116     0.0373    1.02357    1.02201          1     5.7446     5.5120       9.97     0.0000  4.924e-11  1.000e-12  2.031e+00     8.9649     8.9406    -0.0243     6.9444     6.9225     21.800     22.267      0.304    1448.14    1448.26  0.000e+00
       2270     22.500     7.2272     7.3429     0.1155    1.03275    1.02559          1     5.4821     5.3996       9.97     0.0000  4.924e-11  1.000e-12  2.031e+00     9.0903     8.9921    -0.0982     7.0539     6.9682     22.296     22.773      0.224    1447.69    1448.05  0.000e+00
       2318     23.000     7.1638     7.1910     0.0271    1.04533    1.03977          1     5.2508     5.2018       9.97     0.0000  4.924e-11  1.000e-12  2.031e+00     9.2264     9.1663    -0.0601     7.1655     7.1164     22.791     23.278      0.374    1447.61    1447.64  0.000e+00
       2347     23.500     7.2633     7.2344    -0.0288    1.05176    1.04735          1     5.2227     5.0274       9.97     0.0000  4.924e-11  1.000e-12  2.031e+00     9.2609     9.2267    -0.0342     7.1850     7.1604     23.287     23.784      0.357    1448.07    1447.91  0.000e+00
       2399     24.000     7.3548     7.2884    -0.0663    1.06147    1.05351          1     5.1945     4.9140       9.97     0.0000  4.924e-11  1.000e-12  2.031e+00     9.3284     9.2707    -0.0578     7.2309     7.1908     23.782     24.290      0.216    1448.54    1448.19  0.000e+00
       2450     24.500     7.5480     7.4779    -0.0704    1.07527    1.06961          1     5.1435     4.8557       9.97     0.0000  4.924e-11  1.000e-12  2.031e+00     9.4068     9.3723    -0.0345     7.2771     7.2557     24.277     24.795      0.302    1449.44    1449.11  0.000e+00
       2490     25.000     7.8145     7.6296    -0.1847    1.09508    1.08092          1     5.0170     4.8160       9.97     0.0000  4.924e-11  1.000e-12  2.031e+00     9.5209     9.4378    -0.0830     7.3443     7.2946     24.773     25.301      0.282    1450.68    1449.82  0.000e+00
       2536     25.500     7.8368     7.7884    -0.0483    1.10377    1.09661          1     4.8906     4.7393       9.97     0.0000  4.924e-11  1.000e-12  2.031e+00     9.5963     9.5422    -0.0541     7.4015     7.3633     25.268     25.806      0.248    1450.87    1450.61  0.000e+00
       2585     26.000     7.6503     7.7426     0.0922    1.10984    1.10546          1     4.7143     4.6164       9.97     0.0000  4.924e-11  1.000e-12  2.031e+00     9.7049     9.6381    -0.0669     7.5022     7.4421     25.764     26.312      0.250    1450.25    1450.55  0.000e+00
       2629     26.500     7.5013     7.5650     0.0637    1.10959    1.10890          1     4.6415     4.4739       9.97     0.0000  4.924e-11  1.000e-12  2.031e+00     9.7440     9.7197    -0.0243     7.5450     7.5208     26.259     26.817      0.313    1449.70    1449.93  0.000e+00
       2664     27.000     7.4963     7.5138     0.0174    1.11159    1.10994          1     4.6557     4.4096       9.97     0.0000  4.924e-11  1.000e-12  2.031e+00     9.7643     9.7437    -0.0205     7.5613     7.5438     26.754     27.323      0.327    1449.71    1449.76  0.000e+00
       2717     27.500     7.5707     7.5366    -0.0341    1.11934    1.11435          1     4.6278     4.3789       9.97     0.0000  4.924e-11  1.000e-12  2.031e+00     9.8167     9.7791    -0.0376     7.5964     7.5697     27.250     27.828      0.221    1450.09    1449.90  0.000e+00
