ctdpy/exports/archive_20191121_122431/received_data/SBE09_0827_20181003_2258_26_01_1003.cnv
* Sea-Bird SBE 9 Data File:
* FileName = D:\CTD_SBE911\DAT\26DA.2018.10.3.hex
* Software Version Seasave V 7.21d
* Temperature SN = 4548
* Conductivity SN = 3062
* Number of Bytes Per Scan = 48
* Number of Voltage Words = 5
* Number of Scans Averaged by the Deck Unit = 1
* NMEA Latitude = 55 24.65 N
* NMEA Longitude = 014 43.81 E
* NMEA UTC (Time) = Oct 03 2018  23:01:27
* NMEA baud rate = 4800
** Ship: DANA
** Average sound velocity: 1476.22 m/s
** True-depth calculation Thu, 28 Mar 2019 12:16:27 +0000
** CTD Python Module SMHI /ver 3-12/ feb 2012 
** LIMS Job: 20182601-1003
** Operator: Christian A-KTh
** Cruise: 09/2018
# nquan = 26
# nvalues = 131                         
# units = specified
# name 0 = scan: Scan Count
# name 1 = prDM: Pressure, Digiquartz [db]
# name 2 = t090C: Temperature [ITS-90, deg C]
# name 3 = t190C: Temperature, 2 [ITS-90, deg C]
# name 4 = T2-T190C: Temperature Difference, 2 - 1 [ITS-90, deg C]
# name 5 = c0S/m: Conductivity [S/m]
# name 6 = c1S/m: Conductivity, 2 [S/m]
# name 7 = pumps: Pump Status
# name 8 = sbeox1ML/L: Oxygen, SBE 43, 2 [ml/l]
# name 9 = sbeox0ML/L: Oxygen, SBE 43 [ml/l]
# name 10 = altM: Altimeter [m]
# name 11 = chloroflTC0: Chlorophyll, Turner Cyclops [ug/l]
# name 12 = cpar: CPAR/Corrected Irradiance [%]
# name 13 = par: PAR/Irradiance, Biospherical/Lico [µE/(cm^2*s)]
# name 14 = spar: SPAR, Biospherical/Licor
# name 15 = sal00: Salinity, Practical [PSU]
# name 16 = sal11: Salinity, Practical, 2 [PSU]
# name 17 = secS-priS: Salinity, Practical, Difference, 2 - 1 [PSU]
# name 18 = sigma-t00: Density [sigma-t, kg/m^3 ]
# name 19 = sigma-t11: Density, 2 [sigma-t, kg/m^3 ]
# name 20 = depSM: Depth [salt water, m], lat = 55.4108
# name 21 = depFM: Depth [true depth, m], lat = 55.4108
# name 22 = dz/dtM: Descent Rate [m/s], WS = 2
# name 23 = svCM: Sound Velocity [Chen-Millero, m/s]
# name 24 = svCM1: Sound Velocity, 2 [Chen-Millero, m/s]
# name 25 = flag: flag
# span 0 =       -118,       6354       
# span 1 =      1.500,     66.500       
# span 2 =     9.7376,    15.4721       
# span 3 =     9.6808,    15.4735       
# span 4 =    -0.7562,     0.1777       
# span 5 =   1.020547,   2.392889       
# span 6 =   1.021596,   2.393554       
# span 7 =          1,          1       
# span 8 =     2.1584,     7.0538       
# span 9 =     2.0180,     6.6009       
# span 10 =       1.73,       9.97      
# span 11 =     0.0000,     0.0000      
# span 12 = 4.9241e-11, 4.9241e-11      
# span 13 = 1.0000e-12, 1.0000e-12      
# span 14 = 2.0308e+00, 2.0308e+00      
# span 15 =     7.7028,    18.1142      
# span 16 =     7.7033,    18.1191      
# span 17 =    -0.0017,     0.2329      
# span 18 =     5.2740,    12.9075      
# span 19 =     5.2743,    12.9110      
# span 20 =      1.486,     65.888      
# span 21 =      1.520,     67.170      
# span 22 =     -0.098,      0.577      
# span 23 =    1456.92,    1489.75      
# span 24 =    1456.72,    1489.76      
# span 25 = 0.0000e+00, 0.0000e+00      
# interval = decibars: 0.5              
# start_time = Oct 03 2018 23:01:27 [NMEA time, first data scan]
# bad_flag = -9.990e-29
*END*
[from data line 112]
       5403     57.500    15.1764    15.2262     0.0498    2.09974    2.11558          1     2.5901     2.4348       9.97     0.0000  4.924e-11  1.000e-12  2.031e+00    15.8216    15.9318     0.1102    11.2087    11.2838     56.972     58.116      0.314    1485.97    1486.27  0.000e+00
       5451     58.000    15.1904    15.2904     0.1000    2.10730    2.14054          1     2.5891     2.4468       9.97     0.0000  4.924e-11  1.000e-12  2.031e+00    15.8780    16.1110     0.2329    11.2493    11.4089     57.467     58.619      0.227    1486.09    1486.70  0.000e+00
       5499     58.500    15.2820    15.3547     0.0728    2.14452    2.17316          1     2.6285     2.4674       9.90     0.0000  4.924e-11  1.000e-12  2.031e+00    16.1469    16.3527     0.2058    11.4380    11.5819     57.962     59.123      0.281    1486.72    1487.20  0.000e+00
       5542     59.000    15.3363    15.3634     0.0272    2.17588    2.19282          1     2.6459     2.4737       9.43     0.0000  4.924e-11  1.000e-12  2.031e+00    16.3825    16.5107     0.1282    11.6082    11.7011     58.458     59.626      0.278    1487.18    1487.42  0.000e+00
       5582     59.500    15.3599    15.3788     0.0188    2.20065    2.21371          1     2.7034     2.5010       8.94     0.0000  4.924e-11  1.000e-12  2.031e+00    16.5765    16.6761     0.0997    11.7522    11.8248     58.953     60.130      0.293    1487.49    1487.67  0.000e+00
       5630     60.000    15.4113    15.4227     0.0114    2.26947    2.28039          1     2.8610     2.6263       8.45     0.0000  4.924e-11  1.000e-12  2.031e+00    17.1218    17.2070     0.0851    12.1597    12.2227     59.448     60.633      0.244    1488.30    1488.43  0.000e+00
       5671     60.500    15.4327    15.4408     0.0081    2.31485    2.32562          1     2.9577     2.7244       7.99     0.0000  4.924e-11  1.000e-12  2.031e+00    17.4871    17.5726     0.0855    12.4352    12.4990     59.944     61.136      0.382    1488.80    1488.92  0.000e+00
       5703     61.000    15.4390    15.4444     0.0053    2.33632    2.34566          1     2.9669     2.7594       7.45     0.0000  4.924e-11  1.000e-12  2.031e+00    17.6618    17.7367     0.0749    12.5677    12.6240     60.439     61.639      0.304    1489.03    1489.13  0.000e+00
       5759     61.500    15.4428    15.4448     0.0020    2.34600    2.35011          1     2.9698     2.7684       6.88     0.0000  4.924e-11  1.000e-12  2.031e+00    17.7401    17.7732     0.0331    12.6269    12.6518     60.934     62.142      0.213    1489.14    1489.18  0.000e+00
       5810     62.000    15.4454    15.4463     0.0009    2.35672    2.35824          1     2.9786     2.7746       6.40     0.0000  4.924e-11  1.000e-12  2.031e+00    17.8276    17.8398     0.0122    12.6933    12.7025     61.430     62.645      0.247    1489.26    1489.27  0.000e+00
       5856     62.500    15.4473    15.4488     0.0014    2.36311    2.36363          1     2.9875     2.7842       5.89     0.0000  4.924e-11  1.000e-12  2.031e+00    17.8796    17.8833     0.0037    12.7327    12.7353     61.925     63.148      0.287    1489.33    1489.34  0.000e+00
       5896     63.000    15.4542    15.4557     0.0015    2.37365    2.37424          1     2.9989     2.8032       5.41     0.0000  4.924e-11  1.000e-12  2.031e+00    17.9637    17.9679     0.0042    12.7958    12.7987     62.420     63.651      0.302    1489.46    1489.47  0.000e+00
       5937     63.500    15.4558    15.4568     0.0010    2.37548    2.37556          1     3.0016     2.8044       4.90     0.0000  4.924e-11  1.000e-12  2.031e+00    17.9780    17.9782     0.0003    12.8064    12.8064     62.916     64.153      0.296    1489.49    1489.49  0.000e+00
       5977     64.000    15.4581    15.4602     0.0022    2.37825    2.37955          1     3.0057     2.8086       4.38     0.0000  4.924e-11  1.000e-12  2.031e+00    17.9998    18.0096     0.0098    12.8227    12.8298     63.411     64.656      0.266    1489.53    1489.55  0.000e+00
       6034     64.500    15.4599    15.4611     0.0012    2.38013    2.38072          1     3.0063     2.8095       3.83     0.0000  4.924e-11  1.000e-12  2.031e+00    18.0144    18.0188     0.0044    12.8335    12.8366     63.906     65.159      0.219    1489.56    1489.57  0.000e+00
       6076     65.000    15.4640    15.4663     0.0023    2.38488    2.38612          1     3.0179     2.8123       3.34     0.0000  4.924e-11  1.000e-12  2.031e+00    18.0519    18.0611     0.0093    12.8614    12.8680     64.402     65.662      0.335    1489.62    1489.64  0.000e+00
       6118     65.500    15.4680    15.4703     0.0023    2.38904    2.39036          1     3.0237     2.8202       2.81     0.0000  4.924e-11  1.000e-12  2.031e+00    18.0844    18.0943     0.0099    12.8855    12.8926     64.897     66.165      0.231    1489.68    1489.70  0.000e+00
       6173     66.000    15.4717    15.4725     0.0008    2.39270    2.39270          1     3.0284     2.8259       2.27     0.0000  4.924e-11  1.000e-12  2.031e+00    18.1130    18.1126    -0.0003    12.9067    12.9062     65.392     66.668      0.287    1489.74    1489.74  0.000e+00
       6354     66.500    15.4721    15.4735     0.0013    2.39289    2.39355          1     3.0248     2.8329       1.73     0.0000  4.924e-11  1.000e-12  2.031e+00    18.1142    18.1191     0.0049    12.9075    12.9110     65.888     67.170     -0.023    1489.75    1489.76  0.000e+00
