ctdpy/exports/archive_20191121_122431/received_data/SBE09_0827_20180122_1030_26_01_0159.cnv
* Sea-Bird SBE 9 Data File:
* FileName = D:\CTD_SBE911\DAT\26DA.2018.1.59.hex
* Software Version Seasave V 7.21d
* Temperature SN = 034757
* Conductivity SN = 041844
* Number of Bytes Per Scan = 48
* Number of Voltage Words = 5
* Number of Scans Averaged by the Deck Unit = 1
* NMEA Latitude = 58 34.48 N
* NMEA Longitude = 010 51.42 E
* NMEA UTC (Time) = Jan 22 2018  10:30:19
* NMEA baud rate = 4800
** Ship: DANA
** Average sound velocity: 1471.44 m/s
** True-depth calculation Thu, 28 Mar 2019 08:26:18 +0000
** CTD Python Module SMHI /ver 3-12/ feb 2012 
** LIMS Job: 20182601-0159
** Persgrund
** Operator: Ronny Sørensen
** Cruise: 01/2018
# nquan = 26
# nvalues = 154                         
# units = specified
# name 0 = scan: Scan Count
# name 1 = prDM: Pressure, Digiquartz [db]
# name 2 = t090C: Temperature [ITS-90, deg C]
# name 3 = t190C: Temperature, 2 [ITS-90, deg C]
# name 4 = T2-T190C: Temperature Difference, 2 - 1 [ITS-90, deg C]
# name 5 = c0S/m: Conductivity [S/m]
# name 6 = c1S/m: Conductivity, 2 [S/m]
# name 7 = pumps: Pump Status
# name 8 = sbeox1ML/L: Oxygen, SBE 43, 2 [ml/l]
# name 9 = sbeox0ML/L: Oxygen, SBE 43 [ml/l]
# name 10 = altM: Altimeter [m]
# name 11 = chloroflTC0: Chlorophyll, Turner Cyclops [ug/l]
# name 12 = cpar: CPAR/Corrected Irradiance [%]
# name 13 = par: PAR/Irradiance, Biospherical/Lico [µE/(cm^2*s)]
# name 14 = spar: SPAR, Biospherical/Licor
# name 15 = sal00: Salinity, Practical [PSU]
# name 16 = sal11: Salinity, Practical, 2 [PSU]
# name 17 = secS-priS: Salinity, Practical, Difference, 2 - 1 [PSU]
# name 18 = sigma-t00: Density [sigma-t, kg/m^3 ]
# name 19 = sigma-t11: Density, 2 [sigma-t, kg/m^3 ]
# name 20 = depSM: Depth [salt water, m], lat = 58.5747
# name 21 = depFM: Depth [true depth, m], lat = 58.5747
# name 22 = dz/dtM: Descent Rate [m/s], WS = 2
# name 23 = svCM: Sound Velocity [Chen-Millero, m/s]
# name 24 = svCM1: Sound Velocity, 2 [Chen-Millero, m/s]
# name 25 = flag: flag
# span 0 =        509,       7646       
# span 1 =      2.000,     78.500       
# span 2 =     4.1508,     7.2470       
# span 3 =     4.0886,     7.2470       
# span 4 =    -0.0779,     0.1011       
# span 5 =   2.625928,   3.488711       
# span 6 =   2.620601,   3.488471       
# span 7 =          1,          1       
# span 8 =     5.8723,     6.7578       
# span 9 =     6.2750,     7.2524       
# span 10 =       3.83,       9.99      
# span 11 =     0.0223,     0.0404      
# span 12 = 3.6459e-13, 7.1055e+00      
# span 13 = 1.0000e-12, 1.9625e+01      
# span 14 = 2.4022e+02, 2.7619e+02      
# span 15 =    27.4765,    34.2769      
# span 16 =    27.4691,    34.2752      
# span 17 =    -0.0855,     0.1506      
# span 18 =    21.7929,    26.8148      
# span 19 =    21.7818,    26.8138      
# span 20 =      1.981,     77.754      
# span 21 =      1.994,     77.961      
# span 22 =      0.182,      0.422      
# span 23 =    1457.65,    1479.99      
# span 24 =    1457.37,    1479.98      
# span 25 = 0.0000e+00, 0.0000e+00      
# interval = decibars: 0.5              
# start_time = Jan 22 2018 10:30:20 [NMEA time, first data scan]
# bad_flag = -9.990e-29
*END*
        509      2.000     4.1627     4.2271     0.0641    2.62749    2.63042          1     6.7403     7.2387       9.99     0.0231  7.106e+00  1.962e+01  2.762e+02    27.4892    27.4691    -0.0201    21.8032    21.7818      1.981      1.994      0.182    1457.69    1457.94  0.000e+00
        713      2.500     4.1667     4.0886    -0.0779    2.62669    2.62060          1     6.6953     7.1986       9.98     0.0226  6.013e+00  1.661e+01  2.762e+02    27.4765    27.4718    -0.0047    21.7929    21.7958      2.477      2.492      0.406    1457.70    1457.37  0.000e+00
        750      3.000     4.1508     4.2520     0.1011    2.62593    2.63584          1     6.7578     7.2524       9.98     0.0223  5.043e+00  1.393e+01  2.762e+02    27.4808    27.5099     0.0291    21.7977    21.8119      2.972      2.990      0.252    1457.65    1458.11  0.000e+00
        801      3.500     4.3054     4.3188     0.0133    2.65328    2.65373          1     6.7364     7.1950       9.98     0.0266  4.289e+00  1.185e+01  2.762e+02    27.6651    27.6591    -0.0060    21.9304    21.9244      3.467      3.489      0.244    1458.55    1458.60  0.000e+00
        853      4.000     4.3020     4.2667    -0.0354    2.65452    2.64734          1     6.7465     7.1855       9.97     0.0299  3.618e+00  9.993e+00  2.762e+02    27.6821    27.6294    -0.0527    21.9441    21.9054      3.963      3.987      0.250    1458.56    1458.35  0.000e+00
        895      4.500     4.2952     4.2734    -0.0217    2.65622    2.65359          1     6.7196     7.1762       9.97     0.0263  3.131e+00  8.648e+00  2.762e+02    27.7071    27.6953    -0.0118    21.9646    21.9572      4.458      4.485      0.298    1458.57    1458.47  0.000e+00
        937      5.000     4.3018     4.3197     0.0178    2.66212    2.66414          1     6.7245     7.1898       9.96     0.0263  2.627e+00  7.255e+00  2.762e+02    27.7689    27.7770     0.0081    22.0130    22.0179      4.953      4.984      0.253    1458.69    1458.77  0.000e+00
        991      5.500     4.3058     4.2944    -0.0114    2.66380    2.66194          1     6.7457     7.2052       9.96     0.0281  2.265e+00  6.255e+00  2.762e+02    27.7846    27.7729    -0.0117    22.0251    22.0169      5.449      5.482      0.249    1458.73    1458.67  0.000e+00
       1030      6.000     4.3251     4.3222    -0.0029    2.66882    2.66720          1     6.7482     7.1753       9.96     0.0292  1.928e+00  5.324e+00  2.762e+02    27.8257    27.8096    -0.0161    22.0560    22.0435      5.944      5.980      0.312    1458.88    1458.84  0.000e+00
       1077      6.500     4.3166     4.3140    -0.0026    2.66644    2.66553          1     6.7543     7.1944       9.96     0.0288  1.628e+00  4.497e+00  2.762e+02    27.8055    27.7971    -0.0084    22.0407    22.0343      6.439      6.479      0.225    1458.82    1458.80  0.000e+00
       1126      7.000     4.3257     4.3257    -0.0000    2.66628    2.66606          1     6.7460     7.1903       9.96     0.0295  1.397e+00  3.859e+00  2.762e+02    27.7957    27.7931    -0.0026    22.0321    22.0301      6.935      6.977      0.269    1458.86    1458.85  0.000e+00
       1170      7.500     4.3307     4.3270    -0.0037    2.66899    2.66833          1     6.7216     7.1805       9.96     0.0293  1.185e+00  3.274e+00  2.762e+02    27.8223    27.8178    -0.0045    22.0528    22.0496      7.430      7.475      0.288    1458.92    1458.90  0.000e+00
       1215      8.000     4.3298     4.3353     0.0055    2.67108    2.67225          1     6.7110     7.1708       9.96     0.0292  9.977e-01  2.756e+00  2.762e+02    27.8468    27.8555     0.0088    22.0723    22.0787      7.925      7.973      0.235    1458.96    1458.99  0.000e+00
       1265      8.500     4.3376     4.3389     0.0012    2.67504    2.67452          1     6.6992     7.1711       9.95     0.0299  8.555e-01  2.363e+00  2.762e+02    27.8853    27.8783    -0.0070    22.1021    22.0964      8.421      8.472      0.291    1459.05    1459.04  0.000e+00
       1301      9.000     4.3609     4.3691     0.0083    2.68069    2.68065          1     6.6921     7.1562       9.95     0.0301  7.262e-01  2.006e+00  2.762e+02    27.9301    27.9228    -0.0073    22.1356    22.1290      8.916      8.970      0.330    1459.21    1459.23  0.000e+00
       1347      9.500     4.4019     4.4065     0.0046    2.68945    2.68928          1     6.6792     7.1553       9.95     0.0307  6.090e-01  1.682e+00  2.762e+02    27.9956    27.9897    -0.0059    22.1838    22.1787      9.411      9.468      0.212    1459.47    1459.49  0.000e+00
       1406     10.000     4.4481     4.4383    -0.0097    2.70224    2.69930          1     6.6468     7.1303       9.95     0.0314  5.228e-01  1.444e+00  2.762e+02    28.1025    28.0772    -0.0253    22.2643    22.2452      9.907      9.966      0.296    1459.81    1459.74  0.000e+00
       1440     10.500     4.4719     4.4596    -0.0124    2.71037    2.70199          1     6.6276     7.1069       9.95     0.0304  4.321e-01  1.193e+00  2.762e+02    28.1751    28.0896    -0.0855    22.3197    22.2530     10.402     10.465      0.335    1460.01    1459.85  0.000e+00
       1488     11.000     4.5444     4.5588     0.0146    2.73709    2.73346          1     6.5742     7.0602       9.95     0.0302  3.674e-01  1.015e+00  2.762e+02    28.4182    28.3643    -0.0539    22.5056    22.4615     10.897     10.963      0.205    1460.64    1460.63  0.000e+00
       1549     11.500     4.6945     4.7326     0.0382    2.78606    2.78475          1     6.4785     7.0021       9.96     0.0305  3.151e-01  8.702e-01  2.762e+02    28.8475    28.7993    -0.0482    22.8315    22.7897     11.393     11.461      0.324    1461.82    1461.91  0.000e+00
       1580     12.000     4.8584     4.9441     0.0856    2.83782    2.84134          1     6.4995     6.9557       9.96     0.0303  2.544e-01  7.026e-01  2.762e+02    29.2931    29.2577    -0.0355    23.1683    23.1316     11.888     11.958      0.343    1463.07    1463.39  0.000e+00
       1632     12.500     5.0224     5.1034     0.0812    2.90178    2.92145          1     6.5005     6.8732       9.96     0.0294  2.189e-01  6.043e-01  2.761e+02    29.8745    30.0251     0.1506    23.6119    23.7228     12.383     12.456      0.216    1464.50    1465.03  0.000e+00
       1685     13.000     5.0958     5.1035     0.0076    2.95615    2.95537          1     6.4485     6.8446       9.96     0.0294  1.839e-01  5.077e-01  2.761e+02    30.4257    30.4099    -0.0158    24.0406    24.0273     12.879     12.954      0.283    1465.51    1465.52  0.000e+00
       1731     13.500     5.0316     5.0466     0.0149    2.97228    2.97334          1     6.4175     6.8711       9.96     0.0301  1.515e-01  4.177e-01  2.757e+02    30.6678    30.6661    -0.0017    24.2390    24.2361     13.374     13.451      0.235    1465.56    1465.62  0.000e+00
       1783     14.000     5.1400     5.1671     0.0272    3.00858    3.00838          1     6.4005     6.8544       9.96     0.0305  1.295e-01  3.574e-01  2.759e+02    30.9807    30.9534    -0.0273    24.4752    24.4506     13.869     13.948      0.242    1466.42    1466.49  0.000e+00
       1830     14.500     5.2538     5.2895     0.0356    3.02957    3.03025          1     6.3755     6.8115       9.96     0.0306  1.051e-01  2.895e-01  2.753e+02    31.1133    31.0878    -0.0255    24.5678    24.5436     14.364     14.445      0.260    1467.06    1467.17  0.000e+00
       1876     15.000     5.3015     5.3079     0.0065    3.04418    3.04624          1     6.3506     6.7841       9.96     0.0305  8.371e-02  2.306e-01  2.755e+02    31.2345    31.2518     0.0173    24.6584    24.6714     14.860     14.942      0.258    1467.41    1467.46  0.000e+00
       1924     15.500     5.2796     5.2560    -0.0236    3.05025    3.05232          1     6.3637     6.8006       9.96     0.0305  6.622e-02  1.827e-01  2.759e+02    31.3234    31.3691     0.0457    24.7312    24.7699     15.355     15.439      0.241    1467.45    1467.41  0.000e+00
       1976     16.000     5.2060     5.1781    -0.0279    3.05466    3.05485          1     6.3877     6.8139       9.96     0.0305  5.128e-02  1.412e-01  2.753e+02    31.4425    31.4709     0.0283    24.8336    24.8591     15.850     15.936      0.230    1467.30    1467.23  0.000e+00
       2024     16.500     5.1389     5.1337    -0.0053    3.05786    3.05748          1     6.4087     6.8309       9.96     0.0309  3.623e-02  9.966e-02  2.751e+02    31.5419    31.5425     0.0006    24.9196    24.9206     16.346     16.433      0.254    1467.16    1467.14  0.000e+00
       2081     17.000     5.0402     5.0270    -0.0134    3.06677    3.06643          1     6.3640     6.8382       9.96     0.0314  2.270e-02  6.230e-02  2.744e+02    31.7372    31.7458     0.0086    25.0850    25.0932     16.841     16.930      0.205    1467.02    1466.97  0.000e+00
       2131     17.500     5.0272     5.0378     0.0106    3.08075    3.08174          1     6.3650     6.8463       9.96     0.0317  1.125e-02  3.089e-02  2.746e+02    31.9093    31.9105     0.0012    25.2227    25.2225     17.336     17.427      0.293    1467.19    1467.24  0.000e+00
       2174     18.000     5.0916     5.1072     0.0157    3.10232    3.10351          1     6.3716     6.8264       9.96     0.0323  9.960e-04  2.731e-03  2.743e+02    32.0943    32.0929    -0.0014    25.3622    25.3593     17.832     17.923      0.229    1467.70    1467.76  0.000e+00
       2235     18.500     5.1453     5.1511     0.0058    3.12086    3.11986          1     6.3848     6.8174       9.96     0.0318  3.734e-05  1.024e-04  2.646e+02    32.2543    32.2373    -0.0170    25.4829    25.4688     18.327     18.420      0.221    1468.13    1468.13  0.000e+00
       2286     19.000     5.1583     5.1593     0.0010    3.13041    3.13014          1     6.3646     6.8095       9.96     0.0317  3.650e-13  1.000e-12  2.740e+02    32.3507    32.3467    -0.0040    25.5578    25.5546     18.822     18.916      0.229    1468.31    1468.31  0.000e+00
       2342     19.500     5.1675     5.1741     0.0066    3.13733    3.13685          1     6.3643     6.7983       9.96     0.0317  3.647e-13  1.000e-12  2.742e+02    32.4207    32.4088    -0.0118    25.6122    25.6021     19.317     19.413      0.214    1468.45    1468.46  0.000e+00
       2398     20.000     5.2360     5.2508     0.0147    3.15883    3.15794          1     6.3794     6.8137       9.96     0.0318  3.647e-13  1.000e-12  2.742e+02    32.5996    32.5750    -0.0246    25.7461    25.7250     19.813     19.910      0.219    1468.96    1468.99  0.000e+00
       2447     20.500     5.2831     5.2847     0.0016    3.17031    3.16906          1     6.3757     6.7878       9.96     0.0320  3.647e-13  1.000e-12  2.742e+02    32.6844    32.6686    -0.0158    25.8079    25.7953     20.308     20.406      0.276    1469.27    1469.26  0.000e+00
       2489     21.000     5.2940     5.2944     0.0004    3.17307    3.17215          1     6.3859     6.7856       9.96     0.0317  3.647e-13  1.000e-12  2.742e+02    32.7051    32.6943    -0.0108    25.8231    25.8145     20.803     20.902      0.281    1469.35    1469.34  0.000e+00
       2541     21.500     5.2972     5.2976     0.0004    3.17395    3.17343          1     6.3543     6.7936       9.96     0.0318  3.647e-13  1.000e-12  2.742e+02    32.7117    32.7054    -0.0063    25.8280    25.8229     21.299     21.399      0.201    1469.38    1469.37  0.000e+00
       2596     22.000     5.3015     5.3021     0.0006    3.17536    3.17496          1     6.3762     6.7754       9.96     0.0321  3.647e-13  1.000e-12  2.742e+02    32.7234    32.7182    -0.0051    25.8367    25.8325     21.794     21.895      0.287    1469.42    1469.42  0.000e+00
       2634     22.500     5.3114     5.3152     0.0038    3.17822    3.17759          1     6.3616     6.7620       9.96     0.0323  3.647e-13  1.000e-12  2.742e+02    32.7460    32.7351    -0.0109    25.8535    25.8444     22.289     22.392      0.285    1469.50    1469.50  0.000e+00
       2686     23.000     5.3796     5.4053     0.0256    3.19503    3.19622          1     6.3669     6.7716       9.96     0.0317  3.647e-13  1.000e-12  2.742e+02    32.8707    32.8591    -0.0116    25.9443    25.9321     22.785     22.888      0.229    1469.94    1470.03  0.000e+00
       2728     23.500     5.4208     5.4305     0.0097    3.20349    3.20389          1     6.3672     6.7577       9.96     0.0322  3.647e-13  1.000e-12  2.742e+02    32.9264    32.9214    -0.0050    25.9836    25.9785     23.280     23.385      0.363    1470.18    1470.22  0.000e+00
       2760     24.000     5.4344     5.4428     0.0084    3.20620    3.20644          1     6.3621     6.7553       9.96     0.0331  3.647e-13  1.000e-12  2.742e+02    32.9436    32.9381    -0.0055    25.9956    25.9903     23.775     23.881      0.333    1470.27    1470.30  0.000e+00
       2807     24.500     5.4529     5.4542     0.0013    3.20932    3.20871          1     6.3401     6.7437       9.96     0.0326  3.647e-13  1.000e-12  2.742e+02    32.9607    32.9525    -0.0082    26.0071    26.0004     24.270     24.377      0.222    1470.37    1470.37  0.000e+00
       2855     25.000     5.4604     5.4634     0.0031    3.21055    3.21014          1     6.3273     6.7462       9.96     0.0331  3.647e-13  1.000e-12  2.742e+02    32.9670    32.9593    -0.0077    26.0112    26.0047     24.766     24.874      0.319    1470.42    1470.42  0.000e+00
       2891     25.500     5.4689     5.4727     0.0037    3.21194    3.21189          1     6.3052     6.7337       9.96     0.0329  3.647e-13  1.000e-12  2.742e+02    32.9743    32.9700    -0.0043    26.0159    26.0121     25.261     25.370      0.284    1470.47    1470.48  0.000e+00
       2950     26.000     5.4768     5.4801     0.0033    3.21321    3.21304          1     6.3296     6.7261       9.96     0.0322  3.647e-13  1.000e-12  2.742e+02    32.9807    32.9755    -0.0052    26.0200    26.0156     25.756     25.866      0.260    1470.52    1470.53  0.000e+00
       2987     26.500     5.5007     5.5180     0.0172    3.21870    3.21819          1     6.3382     6.7367       9.96     0.0337  3.647e-13  1.000e-12  2.742e+02    33.0194    32.9965    -0.0229    26.0478    26.0277     26.251     26.363      0.419    1470.67    1470.72  0.000e+00
       3016     27.000     5.5614     5.5773     0.0160    3.23079    3.23033          1     6.3190     6.7313       9.96     0.0331  3.647e-13  1.000e-12  2.742e+02    33.0967    33.0758    -0.0209    26.1019    26.0834     26.747     26.859      0.367    1471.03    1471.06  0.000e+00
       3069     27.500     5.6039     5.6117     0.0077    3.23875    3.23864          1     6.3182     6.7113       9.96     0.0323  3.647e-13  1.000e-12  2.742e+02    33.1449    33.1359    -0.0090    26.1349    26.1269     27.242     27.355      0.238    1471.27    1471.29  0.000e+00
       3118     28.000     5.6199     5.6228     0.0029    3.24178    3.24143          1     6.3283     6.7139       9.96     0.0328  3.647e-13  1.000e-12  2.742e+02    33.1633    33.1565    -0.0068    26.1475    26.1418     27.737     27.852      0.369    1471.36    1471.36  0.000e+00
       3149     28.500     5.6236     5.6251     0.0015    3.24249    3.24222          1     6.3035     6.7142       9.96     0.0337  3.647e-13  1.000e-12  2.742e+02    33.1674    33.1629    -0.0046    26.1504    26.1466     28.233     28.348      0.346    1471.39    1471.39  0.000e+00
       3199     29.000     5.6285     5.6326     0.0040    3.24366    3.24358          1     6.3036     6.7049       9.96     0.0325  3.647e-13  1.000e-12  2.742e+02    33.1756    33.1706    -0.0049    26.1563    26.1519     28.728     28.844      0.216    1471.43    1471.44  0.000e+00
