ctdpy/exports/archive_20191121_122431/received_data/SBE09_1044_20180130_1737_34_02_0035.cnv
* Sea-Bird SBE 9 Data File:
* FileName = C:\ctd\temp\2018\ME18D035.hex
* Software Version Seasave V 7.26.6.26
* Temperature SN = 5351
* Conductivity SN = 3941
* Number of Bytes Per Scan = 41
* Number of Voltage Words = 4
* Number of Scans Averaged by the Deck Unit = 1
* NMEA Latitude = 60 10.99 N
* NMEA Longitude = 019 08.99 E
* NMEA UTC (Time) = Jan 30 2018  17:38:05
* NMEA baud rate = 4800
** Station:  F64 Solovjeva
** Operator:  SSip
** Ship: MERI
** Average sound velocity: 1439.03 m/s
** True-depth calculation Tue, 30 Jan 2018 18:41:15 +0000
** CTD Python Module SMHI /ver 3-12/ feb 2012 
** LIMS Job: 20183402-0035
** Cruise: SMHI-01-2018
** Latitude [GG MM.mm N] :
** Longitude [GG MM.mm E]:
# nquan = 26
# nvalues = 562                         
# units = specified
# name 0 = scan: Scan Count
# name 1 = prDM: Pressure, Digiquartz [db]
# name 2 = t090C: Temperature [ITS-90, deg C]
# name 3 = t190C: Temperature, 2 [ITS-90, deg C]
# name 4 = T2-T190C: Temperature Difference, 2 - 1 [ITS-90, deg C]
# name 5 = c0S/m: Conductivity [S/m]
# name 6 = c1S/m: Conductivity, 2 [S/m]
# name 7 = pumps: Pump Status
# name 8 = sbeox0ML/L: Oxygen, SBE 43 [ml/l]
# name 9 = sbeox1ML/L: Oxygen, SBE 43, 2 [ml/l]
# name 10 = altM: Altimeter [m]
# name 11 = flECO-AFL: Chl-a Fluorescence, WET Labs ECO-AFL/FL [mg/m^3]
# name 12 = flECO-AFL1: Phycocyanin Fluorescence, WET Labs ECO-AFL/FL, 2 [mg/m^3]
# name 13 = par: PAR/Irradiance, Biospherical/Lico [µE/(cm^2*s)]
# name 14 = turbWETntu0: Turbidity, WET Labs ECO [NTU]
# name 15 = sal00: Salinity, Practical [PSU]
# name 16 = sal11: Salinity, Practical, 2 [PSU]
# name 17 = secS-priS: Salinity, Practical, Difference, 2 - 1 [PSU]
# name 18 = sigma-t00: Density [sigma-t, Kg/m^3 ]
# name 19 = sigma-t11: Density, 2 [sigma-t, Kg/m^3 ]
# name 20 = depSM: Depth [salt water, m], lat = 60.1832
# name 21 = depFM: Depth [true depth, m], lat = 60.1832
# name 22 = dz/dtM: Descent Rate [m/s], WS = 2
# name 23 = svCM: Sound Velocity [Chen-Millero, m/s]
# name 24 = svCM1: Sound Velocity, 2 [Chen-Millero, m/s]
# name 25 = flag: flag
# span 0 =       2643,      14297       
# span 1 =      1.000,    281.500       
# span 2 =     2.7951,     6.3779       
# span 3 =     2.7821,     6.3781       
# span 4 =    -0.0227,     0.0169       
# span 5 =   0.585744,   0.792226       
# span 6 =   0.585448,   0.792204       
# span 7 =          1,          1       
# span 8 =    5.65707,    8.61836       
# span 9 =    5.64442,    8.56534       
# span 10 =       4.30,      99.11      
# span 11 =     0.2599,     0.7116      
# span 12 =     0.2425,     0.4564      
# span 13 = -1.631e-05, 6.4165e-01      
# span 14 =     0.3185,     2.6395      
# span 15 =     5.6450,     6.9853      
# span 16 =     5.6455,     6.9850      
# span 17 =    -0.0084,     0.0074      
# span 18 =     4.4988,     5.4592      
# span 19 =     4.4992,     5.4591      
# span 20 =      0.991,    278.652      
# span 21 =      1.014,    285.244      
# span 22 =      0.111,      0.990      
# span 23 =    1423.53,    1445.38      
# span 24 =    1423.47,    1445.38      
# span 25 = 0.0000e+00, 0.0000e+00      
# interval = decibars: 0.5              
# start_time = Jan 30 2018 17:38:05 [NMEA time, first data scan]
# bad_flag = -9.990e-29
*END*
[from data line 335]
       9695    168.500     6.2486     6.2486    -0.0000    0.77539    0.77534          1     6.3117     6.3007      98.64     0.2819     0.3185  1.000e-12  0.9055000     6.8538     6.8534    -0.0004     5.3599     5.3595    166.841    170.769      0.640    1443.09    1443.09  0.000e+00
       9714    169.000     6.2516     6.2499    -0.0017    0.77564    0.77546          1     6.3043     6.2965      98.64     0.2974     0.3197  1.000e-12  0.9652000     6.8555     6.8541    -0.0014     5.3611     5.3600    167.336    171.276      0.587    1443.12    1443.11  0.000e+00
       9736    169.500     6.2594     6.2592    -0.0002    0.77629    0.77622          1     6.2895     6.2933      98.64     0.2997     0.3312  1.000e-12  0.9701000     6.8601     6.8594    -0.0006     5.3642     5.3637    167.831    171.782      0.564    1443.16    1443.16  0.000e+00
       9757    170.000     6.2709     6.2710     0.0001    0.77718    0.77714          1     6.2660     6.2758      98.64     0.2906     0.3341  1.000e-12  0.9250000     6.8661     6.8657    -0.0005     5.3684     5.3680    168.325    172.289      0.580    1443.23    1443.23  0.000e+00
       9777    170.500     6.2751     6.2752     0.0001    0.77754    0.77750          1     6.2499     6.2628      98.65     0.2834     0.3313  1.000e-12  0.9296000     6.8686     6.8682    -0.0004     5.3701     5.3698    168.820    172.796      0.612    1443.26    1443.26  0.000e+00
       9796    171.000     6.2773     6.2774     0.0000    0.77783    0.77779          1     6.2398     6.2566      98.65     0.2924     0.3173  1.000e-12  0.9512000     6.8709     6.8705    -0.0004     5.3717     5.3714    169.315    173.302      0.650    1443.28    1443.28  0.000e+00
       9814    171.500     6.2826     6.2823    -0.0003    0.77826    0.77820          1     6.2322     6.2419      98.65     0.2947     0.3528  1.000e-12  0.9572000     6.8739     6.8733    -0.0006     5.3738     5.3734    169.810    173.809      0.680    1443.31    1443.31  0.000e+00
       9831    172.000     6.2868     6.2867    -0.0001    0.77861    0.77857          1     6.2227     6.2267      98.66     0.2935     0.3284  1.000e-12  0.9549000     6.8763     6.8759    -0.0004     5.3754     5.3751    170.305    174.315      0.670    1443.34    1443.34  0.000e+00
       9850    172.500     6.2896     6.2898     0.0002    0.77883    0.77880          1     6.2199     6.2141      98.66     0.3064     0.2731  1.000e-12  0.9614000     6.8777     6.8774    -0.0003     5.3764     5.3762    170.800    174.822      0.614    1443.36    1443.36  0.000e+00
       9871    173.000     6.2915     6.2917     0.0002    0.77897    0.77894          1     6.2246     6.1967      98.66     0.2980     0.3308  1.000e-12  0.9880000     6.8786     6.8783    -0.0003     5.3770     5.3768    171.295    175.328      0.551    1443.38    1443.38  0.000e+00
       9893    173.500     6.2934     6.2934     0.0001    0.77910    0.77906          1     6.2188     6.1954      98.66     0.2870     0.3068  1.000e-12  1.0306000     6.8794     6.8790    -0.0004     5.3776     5.3772    171.789    175.835      0.557    1443.40    1443.40  0.000e+00
       9914    174.000     6.2960     6.2954    -0.0006    0.77924    0.77917          1     6.2123     6.1977      98.66     0.2895     0.3111  1.000e-12  1.0266000     6.8802     6.8796    -0.0006     5.3780     5.3776    172.284    176.341      0.628    1443.42    1443.41  0.000e+00
       9932    174.500     6.2975     6.2975     0.0000    0.77933    0.77929          1     6.2183     6.1927      98.66     0.3053     0.3229  1.000e-12  0.9777000     6.8806     6.8803    -0.0004     5.3783     5.3780    172.779    176.848      0.675    1443.43    1443.43  0.000e+00
       9949    175.000     6.2977     6.2977    -0.0000    0.77934    0.77930          1     6.2249     6.1969      98.66     0.2961     0.3485  1.000e-12  1.0701000     6.8807     6.8803    -0.0004     5.3783     5.3780    173.274    177.354      0.691    1443.44    1443.44  0.000e+00
       9967    175.500     6.2990     6.2986    -0.0004    0.77944    0.77937          1     6.2217     6.2012      98.66     0.2922     0.3310  1.000e-12  1.0471000     6.8813     6.8807    -0.0006     5.3787     5.3783    173.769    177.861      0.681    1443.46    1443.45  0.000e+00
       9985    176.000     6.3001     6.3010     0.0008    0.77952    0.77955          1     6.2145     6.2040      98.66     0.2949     0.3193  1.000e-12  1.0187000     6.8818     6.8819     0.0001     5.3790     5.3791    174.264    178.368      0.632    1443.47    1443.47  0.000e+00
      10005    176.500     6.3018     6.3019     0.0001    0.77968    0.77963          1     6.2047     6.2064      98.66     0.3173     0.3170  1.000e-12  1.0400000     6.8829     6.8824    -0.0005     5.3798     5.3794    174.759    178.874      0.556    1443.48    1443.48  0.000e+00
      10028    177.000     6.3021     6.3021     0.0000    0.77971    0.77966          1     6.2015     6.2077      98.66     0.2937     0.3169  1.000e-12  1.0462000     6.8830     6.8826    -0.0004     5.3799     5.3795    175.253    179.381      0.525    1443.49    1443.49  0.000e+00
      10050    177.500     6.3028     6.3031     0.0002    0.77978    0.77975          1     6.2096     6.1990      98.66     0.3010     0.3416  1.000e-12  1.1136000     6.8835     6.8832    -0.0003     5.3802     5.3800    175.748    179.887      0.578    1443.50    1443.51  0.000e+00
      10070    178.000     6.3041     6.3040    -0.0001    0.77995    0.77987          1     6.2111     6.1910      98.66     0.2996     0.3419  1.000e-12  1.0750000     6.8848     6.8840    -0.0008     5.3812     5.3806    176.243    180.394      0.648    1443.52    1443.52  0.000e+00
      10087    178.500     6.3049     6.3046    -0.0003    0.78037    0.78010          1     6.1984     6.1807      98.66     0.2932     0.3331  1.000e-12  1.0256000     6.8886     6.8860    -0.0025     5.3841     5.3821    176.738    180.900      0.683    1443.54    1443.53  0.000e+00
      10105    179.000     6.3053     6.3054     0.0001    0.78041    0.78034          1     6.1866     6.1712      98.66     0.2804     0.3165  1.000e-12  1.1140000     6.8888     6.8881    -0.0007     5.3842     5.3837    177.233    181.407      0.669    1443.55    1443.55  0.000e+00
      10123    179.500     6.3065     6.3067     0.0002    0.78057    0.78055          1     6.1850     6.1641      98.67     0.2901     0.2993  1.000e-12  1.0778000     6.8900     6.8898    -0.0003     5.3851     5.3850    177.728    181.913      0.624    1443.56    1443.56  0.000e+00
      10143    180.000     6.3069     6.3070     0.0002    0.78062    0.78057          1     6.1850     6.1681      98.67     0.2847     0.2914  1.000e-12  1.0474000     6.8903     6.8899    -0.0004     5.3854     5.3850    178.223    182.420      0.588    1443.57    1443.57  0.000e+00
      10164    180.500     6.3067     6.3069     0.0002    0.78066    0.78062          1     6.1789     6.1691      98.67     0.2748     0.2993  1.000e-12  1.0305000     6.8907     6.8903    -0.0004     5.3857     5.3854    178.717    182.926      0.583    1443.58    1443.58  0.000e+00
      10185    181.000     6.3062     6.3065     0.0004    0.78062    0.78060          1     6.1795     6.1684      98.67     0.2963     0.3192  1.000e-12  1.0400000     6.8904     6.8901    -0.0003     5.3855     5.3852    179.212    183.433      0.593    1443.58    1443.59  0.000e+00
      10205    181.500     6.3061     6.3064     0.0003    0.78064    0.78062          1     6.1831     6.1736      98.67     0.2920     0.3279  1.000e-12  1.0677000     6.8906     6.8903    -0.0003     5.3856     5.3854    179.707    183.939      0.600    1443.59    1443.59  0.000e+00
      10225    182.000     6.3060     6.3063     0.0003    0.78065    0.78063          1     6.1807     6.1657      98.67     0.2951     0.3246  1.000e-12  1.0931000     6.8906     6.8903    -0.0003     5.3857     5.3854    180.202    184.446      0.599    1443.60    1443.60  0.000e+00
      10245    182.500     6.3063     6.3065     0.0002    0.78069    0.78069          1     6.1712     6.1595      98.67     0.2871     0.3118  1.000e-12  1.0969000     6.8908     6.8908     0.0000     5.3858     5.3858    180.697    184.953      0.607    1443.61    1443.61  0.000e+00
      10264    183.000     6.3061     6.3064     0.0003    0.78067    0.78063          1     6.1775     6.1593      98.67     0.2719     0.3000  1.000e-12  1.0769000     6.8907     6.8902    -0.0005     5.3857     5.3853    181.192    185.459      0.643    1443.62    1443.62  0.000e+00
      10282    183.500     6.3061     6.3065     0.0004    0.78066    0.78061          1     6.1875     6.1576      98.67     0.2904     0.3277  1.000e-12  1.0740000     6.8905     6.8899    -0.0006     5.3856     5.3851    181.686    185.966      0.685    1443.62    1443.63  0.000e+00
      10299    184.000     6.3065     6.3058    -0.0007    0.78064    0.78067          1     6.1839     6.1575      98.67     0.2933     0.3298  1.000e-12  1.0674000     6.8902     6.8906     0.0004     5.3853     5.3857    182.181    186.472      0.676    1443.63    1443.63  0.000e+00
      10318    184.500     6.3034     6.3035     0.0000    0.78090    0.78090          1     6.1797     6.1593      98.67     0.2940     0.3164  1.000e-12  1.0601000     6.8932     6.8931    -0.0001     5.3879     5.3878    182.676    186.979      0.595    1443.63    1443.63  0.000e+00
      10340    185.000     6.3028     6.3033     0.0005    0.78099    0.78094          1     6.1802     6.1559      98.67     0.2844     0.3174  1.000e-12  1.0814000     6.8941     6.8935    -0.0006     5.3886     5.3881    183.171    187.485      0.508    1443.64    1443.64  0.000e+00
      10365    185.500     6.3018     6.3026     0.0008    0.78114    0.78104          1     6.1691     6.1489      98.67     0.2929     0.3293  1.000e-12  1.2284000     6.8957     6.8946    -0.0011     5.3899     5.3890    183.666    187.992      0.514    1443.64    1443.65  0.000e+00
      10387    186.000     6.3011     6.3016     0.0005    0.78128    0.78126          1     6.1507     6.1409      98.67     0.2957     0.3229  1.000e-12  1.1028000     6.8971     6.8968    -0.0003     5.3911     5.3908    184.161    188.498      0.621    1443.65    1443.65  0.000e+00
      10404    186.500     6.2998     6.3000     0.0002    0.78171    0.78169          1     6.1348     6.1284      98.67     0.2954     0.3185  1.000e-12  1.1514000     6.9014     6.9011    -0.0003     5.3945     5.3943    184.656    189.005      0.736    1443.66    1443.66  0.000e+00
      10419    187.000     6.2993     6.2996     0.0002    0.78177    0.78175          1     6.1283     6.1236      98.67     0.2953     0.3168  1.000e-12  1.1766000     6.9020     6.9017    -0.0003     5.3950     5.3948    185.150    189.511      0.786    1443.66    1443.67  0.000e+00
      10434    187.500     6.2989     6.2993     0.0003    0.78183    0.78180          1     6.1296     6.1210      98.67     0.2946     0.3218  1.000e-12  1.2375000     6.9026     6.9023    -0.0003     5.3955     5.3952    185.645    190.018      0.750    1443.67    1443.67  0.000e+00
      10451    188.000     6.2989     6.2991     0.0002    0.78186    0.78183          1     6.1325     6.1242      98.67     0.3006     0.3175  1.000e-12  1.2103000     6.9028     6.9025    -0.0003     5.3957     5.3954    186.140    190.524      0.623    1443.68    1443.68  0.000e+00
      10475    188.500     6.2987     6.2990     0.0003    0.78187    0.78184          1     6.1350     6.1258      98.67     0.2978     0.3066  1.000e-12  1.1898000     6.9029     6.9026    -0.0003     5.3957     5.3955    186.635    191.031      0.451    1443.69    1443.69  0.000e+00
      10504    189.000     6.2987     6.2991     0.0004    0.78189    0.78185          1     6.1233     6.1192      98.68     0.2874     0.3603  1.000e-12  1.1615000     6.9030     6.9026    -0.0004     5.3958     5.3955    187.130    191.538      0.454    1443.69    1443.70  0.000e+00
      10527    189.500     6.2992     6.2995     0.0003    0.78191    0.78189          1     6.1221     6.1076      98.68     0.2985     0.3014  1.000e-12  1.1499000     6.9031     6.9027    -0.0003     5.3958     5.3956    187.624    192.044      0.614    1443.71    1443.71  0.000e+00
      10545    190.000     6.2995     6.2997     0.0002    0.78193    0.78190          1     6.1271     6.0994      98.68     0.3069     0.3023  1.000e-12  1.1917000     6.9031     6.9028    -0.0003     5.3959     5.3956    188.119    192.551      0.745    1443.71    1443.71  0.000e+00
      10560    190.500     6.3022     6.3022     0.0000    0.78212    0.78208          1     6.1224     6.0956      98.63     0.3074     0.3046  1.000e-12  1.2731000     6.9043     6.9039    -0.0003     5.3966     5.3964    188.614    193.057      0.805    1443.74    1443.74  0.000e+00
      10574    191.000     6.3052     6.3053     0.0002    0.78242    0.78237          1     6.1166     6.0927      98.36     0.3034     0.3309  1.000e-12  1.2774000     6.9065     6.9060    -0.0005     5.3982     5.3978    189.109    193.564      0.778    1443.76    1443.76  0.000e+00
      10590    191.500     6.3044     6.3046     0.0003    0.78253    0.78249          1     6.1101     6.0841      97.97     0.2847     0.3449  1.000e-12  1.2321000     6.9076     6.9072    -0.0004     5.3991     5.3988    189.604    194.070      0.664    1443.77    1443.77  0.000e+00
      10612    192.000     6.3042     6.3046     0.0003    0.78257    0.78255          1     6.1056     6.0819      97.42     0.2921     0.3544  1.000e-12  1.1916000     6.9080     6.9077    -0.0003     5.3995     5.3992    190.099    194.577      0.488    1443.77    1443.77  0.000e+00
      10641    192.500     6.3043     6.3047     0.0004    0.78262    0.78258          1     6.1104     6.0893      96.72     0.2849     0.3221  1.000e-12  1.1639000     6.9084     6.9080    -0.0004     5.3997     5.3994    190.593    195.083      0.437    1443.78    1443.78  0.000e+00
      10665    193.000     6.3044     6.3046     0.0002    0.78266    0.78263          1     6.1097     6.0832      96.30     0.2947     0.3141  1.000e-12  1.1940000     6.9087     6.9084    -0.0003     5.4000     5.3997    191.088    195.590      0.613    1443.79    1443.79  0.000e+00
      10682    193.500     6.3045     6.3047     0.0002    0.78269    0.78266          1     6.1089     6.0820      95.92     0.2945     0.3617  1.000e-12  1.2104000     6.9089     6.9086    -0.0003     5.4002     5.3999    191.583    196.096      0.747    1443.80    1443.80  0.000e+00
      10697    194.000     6.3044     6.3047     0.0002    0.78276    0.78273          1     6.1075     6.0846      95.41     0.2953     0.3408  1.000e-12  1.2210000     6.9095     6.9092    -0.0003     5.4006     5.4004    192.078    196.603      0.790    1443.81    1443.81  0.000e+00
      10712    194.500     6.3044     6.3047     0.0003    0.78278    0.78276          1     6.1042     6.0843      95.02     0.3043     0.3220  1.000e-12  1.1959000     6.9097     6.9094    -0.0003     5.4008     5.4006    192.573    197.109      0.743    1443.82    1443.82  0.000e+00
      10730    195.000     6.3041     6.3045     0.0003    0.78282    0.78279          1     6.1004     6.0845      94.63     0.3083     0.3207  1.000e-12  1.2199000     6.9100     6.9097    -0.0003     5.4011     5.4008    193.068    197.616      0.617    1443.82    1443.82  0.000e+00
      10753    195.500     6.3033     6.3036     0.0003    0.78288    0.78286          1     6.0935     6.0877      93.86     0.3048     0.3193  1.000e-12  1.2445000     6.9107     6.9104    -0.0003     5.4017     5.4014    193.562    198.122      0.496    1443.83    1443.83  0.000e+00
