ctdpy/exports/archive_20191121_122431/received_data/SBE09_1044_20180529_1732_34_07_0043.cnv
* Sea-Bird SBE 9 Data File:
* FileName = C:\ctd\temp\2018\AU18D043.hex
* Software Version Seasave V 7.26.6.26
* Temperature SN = 5351
* Conductivity SN = 3941
* Number of Bytes Per Scan = 41
* Number of Voltage Words = 4
* Number of Scans Averaged by the Deck Unit = 1
* NMEA Latitude = 56 22.26 N
* NMEA Longitude = 016 12.12 E
* NMEA UTC (Time) = May 29 2018  17:32:53
* NMEA baud rate = 4800
** Station:  Ref M1V1
** Operator:  SSip
** Ship: AURA
** Average sound velocity: 1464.01 m/s
** True-depth calculation Tue, 29 May 2018 19:09:00 +0000
** CTD Python Module SMHI /ver 3-12/ feb 2012 
** LIMS Job: 20183407-0043
** Cruise: SMHI-02-2018
** Latitude [GG MM.mm N] :
** Longitude [GG MM.mm E]:
# nquan = 26
# nvalues = 38                          
# units = specified
# name 0 = scan: Scan Count
# name 1 = prDM: Pressure, Digiquartz [db]
# name 2 = t090C: Temperature [ITS-90, deg C]
# name 3 = t190C: Temperature, 2 [ITS-90, deg C]
# name 4 = T2-T190C: Temperature Difference, 2 - 1 [ITS-90, deg C]
# name 5 = c0S/m: Conductivity [S/m]
# name 6 = c1S/m: Conductivity, 2 [S/m]
# name 7 = pumps: Pump Status
# name 8 = sbeox0ML/L: Oxygen, SBE 43 [ml/l]
# name 9 = sbeox1ML/L: Oxygen, SBE 43, 2 [ml/l]
# name 10 = altM: Altimeter [m]
# name 11 = flECO-AFL: Chl-a Fluorescence, WET Labs ECO-AFL/FL [mg/m^3]
# name 12 = flECO-AFL1: Phycocyanin Fluorescence, WET Labs ECO-AFL/FL, 2 [mg/m^3]
# name 13 = par: PAR/Irradiance, Biospherical/Lico [µE/(cm^2*s)]
# name 14 = turbWETntu0: Turbidity, WET Labs ECO [NTU]
# name 15 = sal00: Salinity, Practical [PSU]
# name 16 = sal11: Salinity, Practical, 2 [PSU]
# name 17 = secS-priS: Salinity, Practical, Difference, 2 - 1 [PSU]
# name 18 = sigma-t00: Density [sigma-t, Kg/m^3 ]
# name 19 = sigma-t11: Density, 2 [sigma-t, Kg/m^3 ]
# name 20 = depSM: Depth [salt water, m], lat = 56.371
# name 21 = depFM: Depth [true depth, m], lat = 56.371
# name 22 = dz/dtM: Descent Rate [m/s], WS = 2
# name 23 = svCM: Sound Velocity [Chen-Millero, m/s]
# name 24 = svCM1: Sound Velocity, 2 [Chen-Millero, m/s]
# name 25 = flag: flag
# span 0 =       6031,       6961       
# span 1 =      0.500,     19.000       
# span 2 =     9.1315,    15.5963       
# span 3 =     9.2037,    15.5859       
# span 4 =    -0.0940,     0.1569       
# span 5 =   0.865230,   0.958267       
# span 6 =   0.865148,   0.958052       
# span 7 =          1,          1       
# span 8 =    7.41535,    7.91617       
# span 9 =    7.26867,    7.83461       
# span 10 =      -0.13,      20.61      
# span 11 =     1.2941,     1.9293      
# span 12 =     0.3081,     0.7144      
# span 13 = 4.8634e-01, 4.3097e+02      
# span 14 =     0.3012,     0.8992      
# span 15 =     6.6878,     7.1301      
# span 16 =     6.6854,     7.1335      
# span 17 =    -0.0039,     0.0125      
# span 18 =     4.1506,     5.3506      
# span 19 =     4.1525,     5.3484      
# span 20 =      0.495,     18.826      
# span 21 =      0.507,     19.260      
# span 22 =     -0.170,      0.570      
# span 23 =    1452.94,    1475.89      
# span 24 =    1453.22,    1475.86      
# span 25 = 0.0000e+00, 0.0000e+00      
# interval = decibars: 0.5              
# start_time = May 29 2018 17:32:53 [NMEA time, first data scan]
# bad_flag = -9.990e-29
*END*
       6031      0.500    15.5963    15.5859    -0.0103    0.95827    0.95805          1     7.4211     7.3147      20.61     1.2941     0.4669  4.310e+02  0.4006000     6.6950     6.6951     0.0001     4.1506     4.1525      0.495      0.507      0.277    1475.89    1475.86  0.000e+00
       6065      1.000    15.4997    15.5079     0.0082    0.95589    0.95611          1     7.4504     7.3506       6.40     1.3070     0.4477  4.180e+02  0.5233000     6.6933     6.6935     0.0002     4.1659     4.1647      0.991      1.014      0.372    1475.57    1475.60  0.000e+00
       6093      1.500    15.4848    15.4926     0.0076    0.95563    0.95570          1     7.4345     7.3620       4.95     1.3530     0.4939  1.951e+02  0.5781000     6.6938     6.6930    -0.0008     4.1688     4.1669      1.486      1.521      0.455    1475.53    1475.56  0.000e+00
       6122      2.000    15.4407    15.3820    -0.0582    0.95449    0.95271          1     7.4813     7.4107       9.09     1.3876     0.7144  8.174e+01  0.5205000     6.6926     6.6890    -0.0036     4.1755     4.1827      1.982      2.029      0.421    1475.39    1475.18  0.000e+00
       6148      2.500    15.3546    15.3767     0.0217    0.95232    0.95284          1     7.4825     7.4236      17.08     1.4187     0.5395  7.040e+01  0.5206000     6.6906     6.6908     0.0002     4.1885     4.1849      2.477      2.536      0.522    1475.10    1475.18  0.000e+00
       6169      3.000    15.3612    15.3545    -0.0075    0.95251    0.95220          1     7.4231     7.3758      16.67     1.4103     0.5302  5.664e+01  0.4693000     6.6909     6.6897    -0.0012     4.1877     4.1878      2.973      3.043      0.562    1475.13    1475.10  0.000e+00
       6191      3.500    15.1069    15.1524     0.0462    0.94643    0.94713          1     7.4748     7.4355      16.17     1.4206     0.4546  4.608e+01  0.4499000     6.6878     6.6854    -0.0024     4.2278     4.2184      3.468      3.550      0.532    1474.26    1474.42  0.000e+00
       6214      4.000    14.8390    14.8498     0.0107    0.94199    0.94187          1     7.5825     7.5309      15.66     1.4987     0.4507  3.923e+01  0.5475000     6.6994     6.6966    -0.0028     4.2810     4.2771      3.963      4.057      0.506    1473.37    1473.40  0.000e+00
       6238      4.500    14.7996    14.8019     0.0023    0.94322    0.94321          1     7.6035     7.5551      15.14     1.5957     0.5343  3.335e+01  0.6061000     6.7154     6.7150    -0.0004     4.2997     4.2990      4.459      4.564      0.521    1473.26    1473.27  0.000e+00
       6260      5.000    14.7143    14.7296     0.0150    0.94143    0.94173          1     7.5642     7.5254      14.64     1.6755     0.5709  2.853e+01  0.5165000     6.7163     6.7160    -0.0003     4.3142     4.3115      4.954      5.071      0.547    1472.97    1473.02  0.000e+00
       6282      5.500    14.4401    14.4565     0.0165    0.93588    0.93607          1     7.5085     7.5354      14.16     1.6766     0.4727  2.395e+01  0.5156000     6.7205     6.7192    -0.0013     4.3614     4.3578      5.450      5.578      0.545    1472.03    1472.09  0.000e+00
       6304      6.000    14.0903    14.0889    -0.0014    0.93054    0.93045          1     7.5831     7.6573      13.64     1.6124     0.4564  2.052e+01  0.4693000     6.7394     6.7390    -0.0004     4.4309     4.4308      5.945      6.085      0.534    1470.84    1470.83  0.000e+00
       6327      6.500    13.8134    13.8090    -0.0044    0.92674    0.92686          1     7.6645     7.6740      13.12     1.6230     0.4579  1.719e+01  0.5171000     6.7579     6.7596     0.0017     4.4876     4.4896      6.441      6.592      0.531    1469.89    1469.87  0.000e+00
       6349      7.000    13.8181    13.8235     0.0052    0.94019    0.94085          1     7.6389     7.6009      12.59     1.6981     0.3747  1.476e+01  0.4745000     6.8627     6.8669     0.0042     4.5675     4.5699      6.936      7.099      0.537    1470.04    1470.06  0.000e+00
       6372      7.500    13.7536    13.7446    -0.0089    0.94464    0.94448          1     7.6746     7.6475      12.09     1.8108     0.3742  1.252e+01  0.3971000     6.9091     6.9094     0.0003     4.6130     4.6146      7.431      7.606      0.545    1469.87    1469.84  0.000e+00
       6393      8.000    13.5885    13.5841    -0.0045    0.94139    0.94123          1     7.7244     7.7259      11.58     1.9035     0.3688  1.072e+01  0.3615000     6.9130     6.9125    -0.0004     4.6408     4.6411      7.927      8.113      0.545    1469.30    1469.28  0.000e+00
       6416      8.500    13.3835    13.3756    -0.0079    0.93818    0.93810          1     7.6612     7.7571      11.06     1.8852     0.3081  9.264e+00  0.3473000     6.9244     6.9252     0.0008     4.6801     4.6818      8.422      8.620      0.541    1468.59    1468.56  0.000e+00
       6438      9.000    12.8675    12.8383    -0.0291    0.92806    0.92744          1     7.6441     7.8346      10.55     1.8965     0.3494  8.036e+00  0.3468000     6.9369     6.9373     0.0003     4.7638     4.7682      8.918      9.127      0.549    1466.75    1466.64  0.000e+00
       6459      9.500    12.0283    12.0168    -0.0116    0.90934    0.90891          1     7.6088     7.8122      10.03     1.8315     0.3655  7.013e+00  0.3389000     6.9387     6.9373    -0.0014     4.8794     4.8798      9.413      9.634      0.554    1463.68    1463.64  0.000e+00
       6481     10.000    11.3156    11.3163     0.0006    0.89099    0.89081          1     7.5930     7.7860       9.52     1.8593     0.3793  6.142e+00  0.3351000     6.9189     6.9172    -0.0017     4.9548     4.9534      9.908     10.141      0.543    1461.00    1461.01  0.000e+00
       6504     10.500    10.6467    10.6310    -0.0155    0.87296    0.87264          1     7.6472     7.8240       9.00     1.9293     0.3822  5.381e+00  0.3530000     6.8921     6.8924     0.0002     5.0133     5.0152     10.404     10.647      0.536    1458.44    1458.38  0.000e+00
       6526     11.000    10.3315    10.3324     0.0008    0.86607    0.86606          1     7.7258     7.8027       8.49     1.8244     0.4065  4.722e+00  0.3671000     6.8929     6.8926    -0.0002     5.0494     5.0491     10.899     11.154      0.553    1457.23    1457.24  0.000e+00
       6547     11.500    10.2188    10.2213     0.0025    0.86653    0.86655          1     7.7957     7.7760       7.98     1.6014     0.4311  4.070e+00  0.3643000     6.9180     6.9177    -0.0003     5.0813     5.0808     11.395     11.661      0.567    1456.84    1456.84  0.000e+00
       6568     12.000    10.1196    10.1204     0.0008    0.86523    0.86515          1     7.8684     7.7724       7.48     1.5205     0.3837  3.495e+00  0.3512000     6.9257     6.9248    -0.0008     5.0980     5.0973     11.890     12.168      0.556    1456.47    1456.47  0.000e+00
       6590     12.500    10.1551    10.1517    -0.0034    0.86968    0.86931          1     7.9077     7.7568       6.95     1.4982     0.3692  2.981e+00  0.3359000     6.9571     6.9546    -0.0025     5.1186     5.1170     12.386     12.674      0.537    1456.65    1456.64  0.000e+00
       6613     13.000    10.2630    10.2572    -0.0057    0.87914    0.87856          1     7.8676     7.7212       6.42     1.4867     0.3817  2.562e+00  0.3299000     7.0177     7.0138    -0.0039     5.1540     5.1516     12.881     13.181      0.546    1457.15    1457.13  0.000e+00
       6634     13.500    10.2432    10.2623     0.0191    0.88077    0.88124          1     7.8324     7.6910       5.95     1.5011     0.4012  2.211e+00  0.3301000     7.0355     7.0358     0.0003     5.1699     5.1681     13.376     13.688      0.570    1457.11    1457.18  0.000e+00
       6655     14.000    10.0587    10.0813     0.0226    0.87565    0.87619          1     7.8079     7.6747       5.42     1.5265     0.4031  1.908e+00  0.3265000     7.0270     7.0273     0.0002     5.1834     5.1811     13.872     14.194      0.570    1456.39    1456.48  0.000e+00
       6676     14.500     9.9504     9.9579     0.0074    0.87252    0.87267          1     7.8758     7.7514       4.90     1.5577     0.3864  1.662e+00  0.3216000     7.0208     7.0206    -0.0001     5.1901     5.1891     14.367     14.701      0.551    1455.97    1456.00  0.000e+00
       6698     15.000     9.9332     9.9370     0.0038    0.87232    0.87240          1     7.9162     7.7860       4.37     1.5757     0.3901  1.444e+00  0.3227000     7.0224     7.0223    -0.0001     5.1931     5.1926     14.863     15.207      0.545    1455.91    1455.92  0.000e+00
       6720     15.500    10.0530    10.0501    -0.0028    0.88090    0.88070          1     7.8901     7.7744       3.87     1.5849     0.3759  1.262e+00  0.3359000     7.0733     7.0720    -0.0012     5.2199     5.2193     15.358     15.714      0.558    1456.45    1456.43  0.000e+00
       6742     16.000     9.9886    10.0136     0.0252    0.88159    0.88212          1     7.8859     7.7349       3.36     1.5116     0.3647  1.099e+00  0.3173000     7.0918     7.0914    -0.0003     5.2412     5.2383     15.853     16.221      0.553    1456.23    1456.32  0.000e+00
       6764     16.500     9.7774     9.7807     0.0032    0.87581    0.87577          1     7.7797     7.6034       2.83     1.4899     0.3931  9.566e-01  0.3012000     7.0828     7.0818    -0.0010     5.2564     5.2553     16.349     16.727      0.527    1455.40    1455.41  0.000e+00
       6787     17.000     9.5871     9.4918    -0.0940    0.87143    0.87057          1     7.7036     7.4965       2.31     1.4338     0.3953  8.382e-01  0.3062000     7.0819     7.0932     0.0112     5.2753     5.2935     16.844     17.234      0.505    1454.66    1454.30  0.000e+00
       6811     17.500     9.2409     9.2494     0.0070    0.86660    0.86733          1     7.5672     7.3822       1.79     1.4996     0.3866  7.393e-01  0.5527000     7.1078     7.1125     0.0047     5.3297     5.3326     17.339     17.741      0.495    1453.33    1453.37  0.000e+00
       6836     18.000     9.2944     9.3351     0.0403    0.87034    0.87148          1     7.4154     7.2687       1.27     1.5480     0.4238  6.510e-01  0.7859000     7.1301     7.1320     0.0019     5.3419     5.3394     17.835     18.247      0.488    1453.58    1453.74  0.000e+00
       6861     18.500     9.1572     9.2037     0.0475    0.86608    0.86797          1     7.4190     7.3870       0.73     1.5750     0.4021  5.759e-01  0.8992000     7.1198     7.1272     0.0074     5.3471     5.3484     18.330     18.754      0.425    1453.03    1453.22  0.000e+00
       6961     19.000     9.1315     9.2886     0.1569    0.86567    0.87061          1     7.5352     7.3468      -0.13     1.6409     0.4355  4.863e-01  0.8482000     7.1211     7.1335     0.0125     5.3506     5.3452     18.826     19.260     -0.170    1452.94    1453.58  0.000e+00
