ctdpy/exports/archive_20191121_122431/received_data/SBE09_0827_20180129_1028_26_01_0255.cnv
* Sea-Bird SBE 9 Data File:
* FileName = D:\CTD_SBE911\DAT\26DA.2018.1.155.hex
* Software Version Seasave V 7.21d
* Temperature SN = 034757
* Conductivity SN = 041844
* Number of Bytes Per Scan = 48
* Number of Voltage Words = 5
* Number of Scans Averaged by the Deck Unit = 1
* NMEA Latitude = 57 50.58 N
* NMEA Longitude = 010 57.48 E
* NMEA UTC (Time) = Jan 29 2018  10:28:36
* NMEA baud rate = 4800
** Ship: DANA
** Average sound velocity: 1471.12 m/s
** True-depth calculation Thu, 28 Mar 2019 08:33:55 +0000
** CTD Python Module SMHI /ver 3-12/ feb 2012 
** LIMS Job: 20182601-0255
** 7.5 Skagens Rev
** Operator: Ronny Sørensen
** Cruise: 01/2018
# nquan = 26
# nvalues = 126                         
# units = specified
# name 0 = scan: Scan Count
# name 1 = prDM: Pressure, Digiquartz [db]
# name 2 = t090C: Temperature [ITS-90, deg C]
# name 3 = t190C: Temperature, 2 [ITS-90, deg C]
# name 4 = T2-T190C: Temperature Difference, 2 - 1 [ITS-90, deg C]
# name 5 = c0S/m: Conductivity [S/m]
# name 6 = c1S/m: Conductivity, 2 [S/m]
# name 7 = pumps: Pump Status
# name 8 = sbeox1ML/L: Oxygen, SBE 43, 2 [ml/l]
# name 9 = sbeox0ML/L: Oxygen, SBE 43 [ml/l]
# name 10 = altM: Altimeter [m]
# name 11 = chloroflTC0: Chlorophyll, Turner Cyclops [ug/l]
# name 12 = cpar: CPAR/Corrected Irradiance [%]
# name 13 = par: PAR/Irradiance, Biospherical/Lico [µE/(cm^2*s)]
# name 14 = spar: SPAR, Biospherical/Licor
# name 15 = sal00: Salinity, Practical [PSU]
# name 16 = sal11: Salinity, Practical, 2 [PSU]
# name 17 = secS-priS: Salinity, Practical, Difference, 2 - 1 [PSU]
# name 18 = sigma-t00: Density [sigma-t, kg/m^3 ]
# name 19 = sigma-t11: Density, 2 [sigma-t, kg/m^3 ]
# name 20 = depSM: Depth [salt water, m], lat = 57.843
# name 21 = depFM: Depth [true depth, m], lat = 57.843
# name 22 = dz/dtM: Descent Rate [m/s], WS = 2
# name 23 = svCM: Sound Velocity [Chen-Millero, m/s]
# name 24 = svCM1: Sound Velocity, 2 [Chen-Millero, m/s]
# name 25 = flag: flag
# span 0 =         49,       7455       
# span 1 =      1.500,     64.000       
# span 2 =     5.2453,     5.8894       
# span 3 =     5.2590,     5.8879       
# span 4 =    -0.0569,     0.0382       
# span 5 =   3.129179,   3.291006       
# span 6 =   3.128215,   3.290333       
# span 7 =          1,          1       
# span 8 =     6.2375,     6.5034       
# span 9 =     6.3502,     7.4991       
# span 10 =       0.72,       9.99      
# span 11 =     0.0431,     0.1112      
# span 12 = 3.5942e-13, 9.0618e+00      
# span 13 = 1.0000e-12, 2.1899e+01      
# span 14 = 2.3766e+02, 2.7822e+02      
# span 15 =    32.1804,    33.4734      
# span 16 =    32.1589,    33.4813      
# span 17 =    -0.1463,     0.0098      
# span 18 =    25.4026,    26.3747      
# span 19 =    25.3857,    26.3777      
# span 20 =      1.486,     63.398      
# span 21 =      1.490,     63.534      
# span 22 =     -0.366,      0.472      
# span 23 =    1468.45,    1472.94      
# span 24 =    1468.50,    1472.92      
# span 25 = 0.0000e+00, 0.0000e+00      
# interval = decibars: 0.5              
# start_time = Jan 29 2018 10:28:37 [NMEA time, first data scan]
# bad_flag = -9.990e-29
*END*
[from data line 56]
       3759     29.500     5.8672     5.8557    -0.0114    3.27031    3.26383          1     6.3845     6.4793       9.95     0.0514  3.759e-13  1.000e-12  2.661e+02    33.2414    33.1796    -0.0618    26.1795    26.1320     29.225     29.297      0.396    1472.48    1472.35  0.000e+00
       3804     30.000     5.8802     5.8718    -0.0083    3.27628    3.27087          1     6.3487     6.4660       9.95     0.0506  3.759e-13  1.000e-12  2.660e+02    33.2956    33.2429    -0.0527    26.2207    26.1801     29.720     29.793      0.258    1472.60    1472.50  0.000e+00
       3870     30.500     5.8841     5.8796    -0.0046    3.27934    3.27536          1     6.3479     6.4496       9.95     0.0519  3.759e-13  1.000e-12  2.660e+02    33.3260    33.2857    -0.0402    26.2442    26.2129     30.216     30.290      0.348    1472.67    1472.60  0.000e+00
       3904     31.000     5.8847     5.8829    -0.0018    3.28367    3.27913          1     6.3412     6.4569       9.95     0.0492  3.759e-13  1.000e-12  2.660e+02    33.3739    33.3245    -0.0494    26.2820    26.2432     30.711     30.786      0.278    1472.74    1472.67  0.000e+00
       3963     31.500     5.8874     5.8853    -0.0021    3.28737    3.28491          1     6.2715     6.4599       9.95     0.0463  3.759e-13  1.000e-12  2.660e+02    33.4127    33.3872    -0.0256    26.3124    26.2924     31.206     31.282      0.255    1472.81    1472.77  0.000e+00
       4001     32.000     5.8868     5.8855    -0.0013    3.28663    3.28613          1     6.2487     6.4608       9.95     0.0448  3.759e-13  1.000e-12  2.660e+02    33.4047    33.4004    -0.0043    26.3061    26.3028     31.701     31.778      0.342    1472.80    1472.79  0.000e+00
       4046     32.500     5.8879     5.8860    -0.0018    3.28778    3.28642          1     6.2508     6.4526       9.95     0.0457  3.763e-13  1.000e-12  2.658e+02    33.4163    33.4029    -0.0134    26.3152    26.3048     32.197     32.275      0.218    1472.83    1472.80  0.000e+00
       4105     33.000     5.8884     5.8867    -0.0017    3.28875    3.28707          1     6.2375     6.4510       9.95     0.0479  3.788e-13  1.000e-12  2.640e+02    33.4265    33.4093    -0.0173    26.3232    26.3097     32.692     32.771      0.242    1472.85    1472.83  0.000e+00
       4157     33.500     5.8884     5.8873    -0.0011    3.28848    3.28800          1     6.2784     6.4663       9.95     0.0453  3.810e-13  1.000e-12  2.625e+02    33.4233    33.4190    -0.0043    26.3206    26.3173     33.187     33.267      0.229    1472.86    1472.85  0.000e+00
       4200     34.000     5.8882     5.8869    -0.0013    3.28806    3.28745          1     6.3160     6.4632       9.95     0.0450  3.838e-13  1.000e-12  2.606e+02    33.4184    33.4129    -0.0055    26.3168    26.3126     33.683     33.763      0.331    1472.86    1472.85  0.000e+00
       4240     34.500     5.8886     5.8872    -0.0015    3.28864    3.28775          1     6.3045     6.4587       9.95     0.0490  3.858e-13  1.000e-12  2.592e+02    33.4243    33.4157    -0.0086    26.3214    26.3148     34.178     34.259      0.251    1472.87    1472.86  0.000e+00
       4295     35.000     5.8886     5.8874    -0.0013    3.28836    3.28769          1     6.2461     6.4567       9.95     0.0478  3.879e-13  1.000e-12  2.578e+02    33.4209    33.4146    -0.0063    26.3187    26.3139     34.673     34.756      0.265    1472.88    1472.87  0.000e+00
       4332     35.500     5.8894     5.8878    -0.0016    3.28981    3.28845          1     6.2570     6.4592       9.95     0.0449  3.906e-13  1.000e-12  2.560e+02    33.4362    33.4225    -0.0137    26.3307    26.3201     35.168     35.252      0.333    1472.91    1472.89  0.000e+00
       4372     36.000     5.8892     5.8879    -0.0013    3.29024    3.28919          1     6.2825     6.4547       9.95     0.0445  3.913e-13  1.000e-12  2.556e+02    33.4409    33.4305    -0.0105    26.3344    26.3263     35.664     35.748      0.270    1472.92    1472.90  0.000e+00
       4416     36.500     5.8892     5.8879    -0.0013    3.29101    3.28995          1     6.3062     6.4632       9.95     0.0437  3.938e-13  1.000e-12  2.539e+02    33.4494    33.4388    -0.0106    26.3411    26.3329     36.159     36.244      0.281    1472.94    1472.92  0.000e+00
       4479     37.000     5.8356     5.8739     0.0382    3.28764    3.29033          1     6.2903     6.4557       9.95     0.0431  3.938e-13  1.000e-12  2.539e+02    33.4643    33.4567    -0.0075    26.3595    26.3488     36.654     36.740      0.223    1472.75    1472.90  0.000e+00
       4530     37.500     5.7724     5.7969     0.0242    3.28275    3.28577          1     6.2744     6.4721       9.95     0.0456  3.921e-13  1.000e-12  2.550e+02    33.4715    33.4813     0.0098    26.3729    26.3777     37.150     37.237      0.345    1472.52    1472.63  0.000e+00
       4569     38.000     5.7776     5.7788     0.0011    3.28318    3.28346          1     6.2688     6.4650       9.95     0.0553  3.909e-13  1.000e-12  2.558e+02    33.4709    33.4730     0.0021    26.3718    26.3733     37.645     37.733      0.261    1472.55    1472.55  0.000e+00
       4620     38.500     5.7678     5.7722     0.0044    3.28238    3.28286          1     6.2750     6.4675       9.95     0.0599  3.883e-13  1.000e-12  2.576e+02    33.4714    33.4725     0.0011    26.3734    26.3737     38.140     38.229      0.263    1472.52    1472.54  0.000e+00
       4660     39.000     5.7745     5.7696    -0.0048    3.28307    3.28252          1     6.2745     6.4669       9.95     0.0636  3.877e-13  1.000e-12  2.579e+02    33.4723    33.4709    -0.0014    26.3733    26.3728     38.635     38.725      0.278    1472.55    1472.53  0.000e+00
       4708     39.500     5.7697     5.7711     0.0013    3.28253    3.28261          1     6.3135     6.4673       9.95     0.0625  3.848e-13  1.000e-12  2.599e+02    33.4707    33.4702    -0.0004    26.3726    26.3720     39.131     39.221      0.259    1472.54    1472.54  0.000e+00
       4750     40.000     5.7751     5.7705    -0.0046    3.28320    3.28250          1     6.3228     6.4626       9.95     0.0625  3.821e-13  1.000e-12  2.617e+02    33.4726    33.4693    -0.0033    26.3735    26.3714     39.626     39.718      0.273    1472.57    1472.55  0.000e+00
       4807     40.500     5.7783     5.7785     0.0001    3.28355    3.28325          1     6.3186     6.4643       9.95     0.0608  3.792e-13  1.000e-12  2.637e+02    33.4732    33.4696    -0.0036    26.3735    26.3707     40.121     40.214      0.209    1472.59    1472.59  0.000e+00
       4859     41.000     5.7756     5.7758     0.0002    3.28333    3.28318          1     6.2910     6.4745       9.95     0.0623  3.759e-13  1.000e-12  2.660e+02    33.4732    33.4713    -0.0019    26.3738    26.3723     40.617     40.710      0.257    1472.59    1472.59  0.000e+00
       4909     41.500     5.7761     5.7747    -0.0014    3.28341    3.28303          1     6.2839     6.4738       9.95     0.0629  3.730e-13  1.000e-12  2.681e+02    33.4733    33.4703    -0.0030    26.3739    26.3717     41.112     41.206      0.268    1472.60    1472.59  0.000e+00
       4943     42.000     5.7773     5.7758    -0.0015    3.28355    3.28313          1     6.3429     6.4733       9.95     0.0611  3.708e-13  1.000e-12  2.697e+02    33.4734    33.4702    -0.0032    26.3738    26.3715     41.607     41.702      0.421    1472.62    1472.60  0.000e+00
       4973     42.500     5.7740     5.7761     0.0021    3.28316    3.28322          1     6.3637     6.4714       9.95     0.0614  3.700e-13  1.000e-12  2.703e+02    33.4721    33.4706    -0.0014    26.3732    26.3718     42.102     42.198      0.289    1472.61    1472.61  0.000e+00
       5048     43.000     5.7748     5.7688    -0.0060    3.28337    3.28246          1     6.4102     6.4685       9.95     0.0647  3.652e-13  1.000e-12  2.738e+02    33.4734    33.4690    -0.0044    26.3741    26.3714     42.598     42.695      0.302    1472.62    1472.59  0.000e+00
       5079     43.500     5.7721     5.7745     0.0024    3.28308    3.28304          1     6.3818     6.4654       9.95     0.0629  3.648e-13  1.000e-12  2.741e+02    33.4725    33.4698    -0.0027    26.3737    26.3713     43.093     43.191      0.319    1472.62    1472.62  0.000e+00
       5143     44.000     5.7662     5.7706     0.0043    3.28246    3.28272          1     6.3858     6.4693       9.95     0.0639  3.628e-13  1.000e-12  2.756e+02    33.4710    33.4697    -0.0013    26.3733    26.3717     43.588     43.687      0.238    1472.60    1472.62  0.000e+00
       5191     44.500     5.7556     5.7572     0.0016    3.28145    3.28174          1     6.3376     6.4693       9.95     0.0632  3.621e-13  1.000e-12  2.762e+02    33.4699    33.4716     0.0016    26.3737    26.3748     44.083     44.183      0.319    1472.56    1472.57  0.000e+00
       5235     45.000     5.7509     5.7516     0.0006    3.28107    3.28098          1     6.3635     6.4729       9.95     0.0677  3.621e-13  1.000e-12  2.762e+02    33.4700    33.4683    -0.0017    26.3743    26.3729     44.579     44.679      0.230    1472.55    1472.56  0.000e+00
       5286     45.500     5.7594     5.7553    -0.0040    3.28199    3.28117          1     6.3846     6.4643       9.95     0.0748  3.621e-13  1.000e-12  2.762e+02    33.4718    33.4665    -0.0052    26.3747    26.3711     45.074     45.176      0.326    1472.60    1472.58  0.000e+00
       5318     46.000     5.7644     5.7638    -0.0006    3.28243    3.28201          1     6.3721     6.4651       9.95     0.0704  3.621e-13  1.000e-12  2.762e+02    33.4716    33.4674    -0.0042    26.3739    26.3707     45.569     45.672      0.317    1472.63    1472.62  0.000e+00
       5386     46.500     5.7545     5.7556     0.0011    3.28147    3.28143          1     6.3163     6.4653       9.95     0.0664  3.637e-13  1.000e-12  2.750e+02    33.4703    33.4687    -0.0016    26.3741    26.3728     46.064     46.168      0.254    1472.59    1472.60  0.000e+00
       5429     47.000     5.7511     5.7514     0.0003    3.28113    3.28100          1     6.2966     6.4650       9.95     0.0682  3.647e-13  1.000e-12  2.742e+02    33.4695    33.4678    -0.0017    26.3739    26.3726     46.560     46.664      0.312    1472.59    1472.59  0.000e+00
       5480     47.500     5.7389     5.7480     0.0090    3.27972    3.28057          1     6.2937     6.4796       9.95     0.0730  3.657e-13  1.000e-12  2.734e+02    33.4654    33.4660     0.0006    26.3722    26.3715     47.055     47.160      0.184    1472.54    1472.58  0.000e+00
       5546     48.000     5.7302     5.7347     0.0044    3.27884    3.27930          1     6.2606     6.4695       9.95     0.0812  3.689e-13  1.000e-12  2.711e+02    33.4639    33.4647     0.0008    26.3720    26.3721     47.550     47.656      0.260    1472.51    1472.53  0.000e+00
       5583     48.500     5.7307     5.7340     0.0033    3.27893    3.27914          1     6.2898     6.4659       9.95     0.0828  3.702e-13  1.000e-12  2.701e+02    33.4642    33.4632    -0.0010    26.3722    26.3710     48.046     48.153      0.340    1472.52    1472.54  0.000e+00
       5622     49.000     5.7348     5.7321    -0.0027    3.27944    3.27892          1     6.2957     6.4868       9.95     0.0853  3.703e-13  1.000e-12  2.700e+02    33.4656    33.4624    -0.0032    26.3728    26.3706     48.541     48.649      0.245    1472.55    1472.53  0.000e+00
       5693     49.500     5.7334     5.7347     0.0013    3.27926    3.27917          1     6.2945     6.4780       9.95     0.0825  3.730e-13  1.000e-12  2.681e+02    33.4647    33.4624    -0.0023    26.3723    26.3703     49.036     49.145      0.252    1472.55    1472.55  0.000e+00
       5737     50.000     5.7332     5.7317    -0.0014    3.27932    3.27889          1     6.3086     6.4752       9.95     0.0845  3.730e-13  1.000e-12  2.681e+02    33.4654    33.4619    -0.0035    26.3728    26.3703     49.531     49.641      0.233    1472.56    1472.55  0.000e+00
       5813     50.500     5.7350     5.7325    -0.0025    3.27947    3.27902          1     6.2620     6.4620       9.95     0.0829  3.730e-13  1.000e-12  2.681e+02    33.4650    33.4624    -0.0026    26.3723    26.3705     50.027     50.137      0.285    1472.57    1472.56  0.000e+00
       5847     51.000     5.7303     5.7301    -0.0002    3.27901    3.27879          1     6.2851     6.4650       9.95     0.0808  3.730e-13  1.000e-12  2.681e+02    33.4643    33.4619    -0.0024    26.3723    26.3704     50.522     50.634      0.303    1472.56    1472.56  0.000e+00
       5894     51.500     5.7279     5.7290     0.0011    3.27875    3.27867          1     6.2942     6.4818       9.95     0.0875  3.730e-13  1.000e-12  2.681e+02    33.4633    33.4614    -0.0019    26.3718    26.3702     51.017     51.130      0.261    1472.56    1472.56  0.000e+00
       5935     52.000     5.7273     5.7273    -0.0001    3.27870    3.27850          1     6.3242     6.4846       9.95     0.0882  3.730e-13  1.000e-12  2.681e+02    33.4631    33.4609    -0.0022    26.3718    26.3700     51.512     51.626      0.268    1472.57    1472.56  0.000e+00
       6000     52.500     5.7344     5.7304    -0.0040    3.27956    3.27879          1     6.2895     6.4778       9.95     0.0905  3.707e-13  1.000e-12  2.697e+02    33.4655    33.4608    -0.0047    26.3728    26.3695     52.008     52.122      0.274    1472.60    1472.58  0.000e+00
       6039     53.000     5.7317     5.7321     0.0005    3.27928    3.27907          1     6.3011     6.4693       9.95     0.0871  3.702e-13  1.000e-12  2.701e+02    33.4649    33.4620    -0.0028    26.3726    26.3703     52.503     52.618      0.265    1472.60    1472.60  0.000e+00
       6116     53.500     5.7305     5.7302    -0.0003    3.27916    3.27889          1     6.2983     6.4736       9.95     0.0865  3.702e-13  1.000e-12  2.701e+02    33.4645    33.4617    -0.0028    26.3724    26.3703     52.998     53.115      0.315    1472.60    1472.60  0.000e+00
       6147     54.000     5.7309     5.7297    -0.0012    3.27922    3.27883          1     6.3135     6.4675       9.95     0.0863  3.686e-13  1.000e-12  2.713e+02    33.4644    33.4612    -0.0031    26.3723    26.3700     53.493     53.611      0.305    1472.61    1472.60  0.000e+00
       6203     54.500     5.7331     5.7306    -0.0024    3.27952    3.27895          1     6.3196     6.4756       9.95     0.0854  3.680e-13  1.000e-12  2.717e+02    33.4655    33.4614    -0.0041    26.3729    26.3700     53.989     54.107      0.262    1472.63    1472.62  0.000e+00
       6242     55.000     5.7371     5.7339    -0.0032    3.28002    3.27929          1     6.3167     6.4660       9.75     0.0885  3.694e-13  1.000e-12  2.707e+02    33.4668    33.4617    -0.0051    26.3735    26.3699     54.484     54.603      0.352    1472.66    1472.64  0.000e+00
       6283     55.500     5.7331     5.7345     0.0014    3.27955    3.27948          1     6.3169     6.4733       9.24     0.0863  3.702e-13  1.000e-12  2.701e+02    33.4653    33.4630    -0.0022    26.3728    26.3708     54.979     55.099      0.240    1472.65    1472.65  0.000e+00
       6339     56.000     5.7317     5.7309    -0.0008    3.27940    3.27908          1     6.3820     6.4742       8.75     0.0895  3.702e-13  1.000e-12  2.701e+02    33.4647    33.4618    -0.0029    26.3725    26.3703     55.474     55.595      0.208    1472.65    1472.64  0.000e+00
       6414     56.500     5.7313     5.7284    -0.0030    3.27942    3.27876          1     6.3584     6.4645       8.25     0.1015  3.713e-13  1.000e-12  2.693e+02    33.4650    33.4605    -0.0045    26.3728    26.3695     55.969     56.092      0.264    1472.66    1472.64  0.000e+00
