ctdpy/exports/archive_20191121_122431/received_data/SBE09_1044_20180530_0318_34_07_0044.cnv
* Sea-Bird SBE 9 Data File:
* FileName = C:\ctd\temp\2018\AU18D044.hex
* Software Version Seasave V 7.26.6.26
* Temperature SN = 5351
* Conductivity SN = 3941
* Number of Bytes Per Scan = 41
* Number of Voltage Words = 4
* Number of Scans Averaged by the Deck Unit = 1
* NMEA Latitude = 57 07.04 N
* NMEA Longitude = 017 40.12 E
* NMEA UTC (Time) = May 30 2018  03:18:07
* NMEA baud rate = 4800
** Station:  BY38
** Operator:  JKro
** Ship: AURA
** Average sound velocity: 1439.64 m/s
** True-depth calculation Wed, 30 May 2018 04:25:25 +0000
** CTD Python Module SMHI /ver 3-12/ feb 2012 
** LIMS Job: 20183407-0044
** Cruise: SMHI-02-2018
** Latitude [GG MM.mm N] :
** Longitude [GG MM.mm E]:
# nquan = 26
# nvalues = 208                         
# units = specified
# name 0 = scan: Scan Count
# name 1 = prDM: Pressure, Digiquartz [db]
# name 2 = t090C: Temperature [ITS-90, deg C]
# name 3 = t190C: Temperature, 2 [ITS-90, deg C]
# name 4 = T2-T190C: Temperature Difference, 2 - 1 [ITS-90, deg C]
# name 5 = c0S/m: Conductivity [S/m]
# name 6 = c1S/m: Conductivity, 2 [S/m]
# name 7 = pumps: Pump Status
# name 8 = sbeox0ML/L: Oxygen, SBE 43 [ml/l]
# name 9 = sbeox1ML/L: Oxygen, SBE 43, 2 [ml/l]
# name 10 = altM: Altimeter [m]
# name 11 = flECO-AFL: Chl-a Fluorescence, WET Labs ECO-AFL/FL [mg/m^3]
# name 12 = flECO-AFL1: Phycocyanin Fluorescence, WET Labs ECO-AFL/FL, 2 [mg/m^3]
# name 13 = par: PAR/Irradiance, Biospherical/Lico [µE/(cm^2*s)]
# name 14 = turbWETntu0: Turbidity, WET Labs ECO [NTU]
# name 15 = sal00: Salinity, Practical [PSU]
# name 16 = sal11: Salinity, Practical, 2 [PSU]
# name 17 = secS-priS: Salinity, Practical, Difference, 2 - 1 [PSU]
# name 18 = sigma-t00: Density [sigma-t, Kg/m^3 ]
# name 19 = sigma-t11: Density, 2 [sigma-t, Kg/m^3 ]
# name 20 = depSM: Depth [salt water, m], lat = 57.1173
# name 21 = depFM: Depth [true depth, m], lat = 57.1173
# name 22 = dz/dtM: Descent Rate [m/s], WS = 2
# name 23 = svCM: Sound Velocity [Chen-Millero, m/s]
# name 24 = svCM1: Sound Velocity, 2 [Chen-Millero, m/s]
# name 25 = flag: flag
# span 0 =      13489,      19770       
# span 1 =      1.000,    104.500       
# span 2 =     2.9319,    11.9219       
# span 3 =     2.9332,    11.6967       
# span 4 =    -0.2519,     0.1986       
# span 5 =   0.749741,   1.124216       
# span 6 =   0.749730,   1.124203       
# span 7 =          1,          1       
# span 8 =   -0.10428,    9.41826       
# span 9 =   -0.42224,    9.41450       
# span 10 =       1.96,      97.47      
# span 11 =     0.2100,     9.1847      
# span 12 =     0.1652,     0.9662      
# span 13 = 2.9648e-13, 2.1014e+03      
# span 14 =     0.1195,     1.0721      
# span 15 =     7.0553,    10.4119      
# span 16 =     7.0512,    10.4114      
# span 17 =    -0.0108,     0.0146      
# span 18 =     5.0630,     8.1973      
# span 19 =     5.0873,     8.1969      
# span 20 =      0.991,    103.513      
# span 21 =      1.013,    105.748      
# span 22 =     -0.139,      0.482      
# span 23 =    1427.11,    1463.42      
# span 24 =    1427.11,    1462.57      
# span 25 = 0.0000e+00, 0.0000e+00      
# interval = decibars: 0.5              
# start_time = May 30 2018 03:18:07 [NMEA time, first data scan]
# bad_flag = -9.990e-29
*END*
[from data line 168]
      17943     85.000     5.5991     5.6003     0.0012    1.10207    1.10203          1     0.0770     0.0571      22.59     0.3613     0.2784  1.000e-12  0.8164000    10.2157    10.2149    -0.0008     8.0467     8.0460     84.201     86.046      0.460    1443.22    1443.23  0.000e+00
      17969     85.500     5.5955     5.5966     0.0010    1.10298    1.10293          1     0.0757     0.0560      22.05     0.3974     0.2046  1.000e-12  0.8968000    10.2258    10.2250    -0.0008     8.0549     8.0542     84.696     86.552      0.457    1443.23    1443.23  0.000e+00
      17995     86.000     5.5951     5.5961     0.0010    1.10371    1.10366          1     0.0759     0.0571      21.53     0.3760     0.2001  1.000e-12  0.8241000    10.2331    10.2324    -0.0007     8.0607     8.0600     85.192     87.057      0.457    1443.25    1443.25  0.000e+00
      18021     86.500     5.6019     5.6030     0.0011    1.10456    1.10451          1     0.0739     0.0571      21.02     0.4286     0.2424  1.000e-12  0.8302000    10.2395    10.2387    -0.0008     8.0653     8.0646     85.687     87.562      0.456    1443.29    1443.30  0.000e+00
      18048     87.000     5.5981     5.5993     0.0012    1.10484    1.10481          1     0.0721     0.0556      20.50     0.3498     0.2250  1.000e-12  0.8021000    10.2434    10.2427    -0.0007     8.0686     8.0680     86.182     88.067      0.455    1443.29    1443.29  0.000e+00
      18074     87.500     5.5966     5.5977     0.0011    1.10539    1.10534          1     0.0707     0.0557      19.97     0.3970     0.2397  1.000e-12  0.7942000    10.2492    10.2484    -0.0008     8.0733     8.0726     86.677     88.572      0.456    1443.30    1443.30  0.000e+00
      18100     88.000     5.5999     5.6010     0.0012    1.10622    1.10618          1     0.0719     0.0515      19.45     0.3797     0.2073  1.000e-12  0.6889000    10.2565    10.2558    -0.0007     8.0788     8.0782     87.172     89.078      0.456    1443.33    1443.33  0.000e+00
      18127     88.500     5.6011     5.6022     0.0011    1.10680    1.10676          1     0.0709     0.0515      18.94     0.3640     0.2122  1.000e-12  0.6710000    10.2618    10.2611    -0.0007     8.0829     8.0823     87.668     89.583      0.456    1443.35    1443.35  0.000e+00
      18153     89.000     5.6027     5.6039     0.0012    1.10739    1.10736          1     0.0682     0.0534      18.42     0.3910     0.2353  1.000e-12  0.6601000    10.2672    10.2665    -0.0007     8.0871     8.0865     88.163     90.088      0.457    1443.37    1443.37  0.000e+00
      18179     89.500     5.6074     5.6084     0.0011    1.10821    1.10817          1     0.0673     0.0522      17.90     0.4117     0.2425  1.000e-12  0.6736000    10.2739    10.2732    -0.0007     8.0921     8.0915     88.658     90.593      0.458    1443.41    1443.41  0.000e+00
      18206     90.000     5.6117     5.6129     0.0012    1.10912    1.10909          1     0.0678     0.0516      17.36     0.3951     0.2708  1.000e-12  0.6307000    10.2816    10.2809    -0.0006     8.0979     8.0974     89.153     91.098      0.456    1443.44    1443.45  0.000e+00
      18232     90.500     5.6151     5.6162     0.0012    1.11001    1.10998          1     0.0665     0.0522      16.84     0.4192     0.2332  1.000e-12  0.6523000    10.2893    10.2887    -0.0006     8.1039     8.1033     89.648     91.603      0.459    1443.47    1443.48  0.000e+00
      18258     91.000     5.6171     5.6183     0.0011    1.11064    1.11060          1     0.0678     0.0520      16.31     0.3830     0.2311  1.000e-12  0.6745000    10.2949    10.2942    -0.0007     8.1081     8.1075     90.143     92.109      0.456    1443.50    1443.50  0.000e+00
      18284     91.500     5.6195     5.6206     0.0011    1.11118    1.11115          1     0.0661     0.0508      15.81     0.3838     0.2337  1.000e-12  0.5903000    10.2995    10.2989    -0.0006     8.1116     8.1111     90.639     92.614      0.452    1443.52    1443.53  0.000e+00
      18311     92.000     5.6234     5.6243     0.0010    1.11205    1.11200          1     0.0625     0.0513      15.29     0.3806     0.2677  1.000e-12  0.5801000    10.3070    10.3062    -0.0008     8.1173     8.1166     91.134     93.119      0.455    1443.56    1443.56  0.000e+00
      18337     92.500     5.6266     5.6277     0.0011    1.11308    1.11304          1     0.0619     0.0496      14.77     0.3713     0.2453  1.000e-12  0.5710000    10.3162    10.3155    -0.0007     8.1244     8.1238     91.629     93.624      0.461    1443.59    1443.59  0.000e+00
      18363     93.000     5.6291     5.6301     0.0010    1.11407    1.11403          1     0.0621     0.0476      14.26     0.3771     0.2365  1.000e-12  0.5813000    10.3253    10.3246    -0.0007     8.1314     8.1308     92.124     94.129      0.458    1443.62    1443.62  0.000e+00
      18390     93.500     5.6333     5.6344     0.0011    1.11485    1.11481          1     0.0625     0.0486      13.76     0.3948     0.2482  1.000e-12  0.5718000    10.3317    10.3310    -0.0007     8.1362     8.1356     92.619     94.634      0.449    1443.65    1443.66  0.000e+00
      18416     94.000     5.6380     5.6390     0.0010    1.11596    1.11592          1     0.0637     0.0466      13.21     0.4068     0.2353  1.000e-12  0.5307000    10.3412    10.3406    -0.0006     8.1435     8.1429     93.115     95.140      0.451    1443.69    1443.70  0.000e+00
      18443     94.500     5.6443     5.6452     0.0010    1.11725    1.11721          1     0.0613     0.0482      12.72     0.4030     0.2142  1.000e-12  0.5148000    10.3522    10.3515    -0.0007     8.1518     8.1511     93.610     95.645      0.458    1443.74    1443.75  0.000e+00
      18469     95.000     5.6469     5.6480     0.0011    1.11781    1.11779          1     0.0615     0.0466      12.17     0.3757     0.2417  1.000e-12  0.4908000    10.3569    10.3563    -0.0006     8.1553     8.1548     94.105     96.150      0.455    1443.77    1443.77  0.000e+00
      18496     95.500     5.6464     5.6474     0.0011    1.11813    1.11810          1     0.0608     0.0476      11.67     0.3828     0.2683  1.000e-12  0.5036000    10.3601    10.3595    -0.0006     8.1579     8.1573     94.600     96.655      0.440    1443.78    1443.78  0.000e+00
      18523     96.000     5.6465     5.6476     0.0011    1.11862    1.11858          1     0.0600     0.0478      11.13     0.3789     0.2619  1.000e-12  0.5004000    10.3649    10.3642    -0.0007     8.1617     8.1611     95.095     97.160      0.419    1443.79    1443.80  0.000e+00
      18554     96.500     5.6489     5.6499     0.0010    1.11931    1.11928          1     0.0578     0.0475      10.57     0.3966     0.2503  1.000e-12  0.4858000    10.3710    10.3704    -0.0006     8.1663     8.1658     95.590     97.665      0.365    1443.82    1443.82  0.000e+00
      18590     97.000     5.6532     5.6542     0.0010    1.11996    1.11993          1     0.0573     0.0479       9.99     0.4256     0.2788  1.000e-12  0.4951000    10.3761    10.3755    -0.0006     8.1701     8.1696     96.086     98.171      0.314    1443.85    1443.86  0.000e+00
      18632     97.500     5.6555     5.6565     0.0011    1.12048    1.12046          1     0.0579     0.0462       9.44     0.3735     0.2219  1.000e-12  0.4558000    10.3805    10.3799    -0.0005     8.1734     8.1730     96.581     98.676      0.264    1443.87    1443.88  0.000e+00
      18678     98.000     5.6569     5.6579     0.0011    1.12076    1.12073          1     0.0547     0.0444       8.92     0.3924     0.2281  1.000e-12  0.4569000    10.3828    10.3822    -0.0006     8.1752     8.1747     97.076     99.181      0.271    1443.89    1443.90  0.000e+00
      18722     98.500     5.6574     5.6585     0.0011    1.12087    1.12085          1     0.0541     0.0445       8.42     0.4202     0.2601  1.000e-12  0.4563000    10.3836    10.3831    -0.0005     8.1758     8.1754     97.571     99.686      0.260    1443.90    1443.91  0.000e+00
      18770     99.000     5.6584     5.6594     0.0011    1.12099    1.12097          1     0.0541     0.0433       7.88     0.3745     0.2175  1.000e-12  0.4455000    10.3844    10.3839    -0.0005     8.1764     8.1759     98.066    100.191      0.242    1443.92    1443.92  0.000e+00
      18821     99.500     5.6599     5.6611     0.0011    1.12119    1.12118          1     0.0529     0.0433       7.36     0.3783     0.2069  1.000e-12  0.4312000    10.3859    10.3854    -0.0005     8.1775     8.1770     98.561    100.696      0.233    1443.93    1443.94  0.000e+00
      18873    100.000     5.6614     5.6625     0.0011    1.12154    1.12152          1     0.0535     0.0433       6.83     0.3845     0.2463  1.000e-12  0.4349000    10.3888    10.3883    -0.0005     8.1797     8.1792     99.057    101.201      0.227    1443.95    1443.95  0.000e+00
      18926    100.500     5.6628     5.6639     0.0011    1.12203    1.12200          1     0.0515     0.0427       6.30     0.3849     0.2499  1.000e-12  0.4290000    10.3932    10.3926    -0.0005     8.1830     8.1825     99.552    101.706      0.226    1443.97    1443.97  0.000e+00
      18980    101.000     5.6646     5.6657     0.0011    1.12288    1.12285          1     0.0485     0.0428       5.79     0.3856     0.2426  1.000e-12  0.4275000    10.4010    10.4005    -0.0006     8.1891     8.1886    100.047    102.212      0.223    1444.00    1444.00  0.000e+00
      19033    101.500     5.6672     5.6683     0.0011    1.12359    1.12356          1     0.0488     0.0420       5.25     0.3954     0.2166  1.000e-12  0.4336000    10.4073    10.4066    -0.0006     8.1939     8.1933    100.542    102.717      0.224    1444.02    1444.03  0.000e+00
      19088    102.000     5.6695     5.6706     0.0011    1.12394    1.12392          1     0.0490     0.0418       4.73     0.3713     0.2249  1.000e-12  0.4163000    10.4100    10.4094    -0.0005     8.1959     8.1954    101.037    103.222      0.212    1444.04    1444.05  0.000e+00
      19144    102.500     5.6705     5.6716     0.0011    1.12407    1.12404          1     0.0488     0.0408       4.23     0.3878     0.2153  1.000e-12  0.4234000    10.4109    10.4103    -0.0006     8.1965     8.1960    101.532    103.727      0.215    1444.06    1444.06  0.000e+00
      19201    103.000     5.6707     5.6718     0.0012    1.12411    1.12410          1     0.0477     0.0392       3.69     0.3885     0.2097  1.000e-12  0.4183000    10.4112    10.4107    -0.0005     8.1968     8.1963    102.028    104.232      0.206    1444.07    1444.07  0.000e+00
      19261    103.500     5.6708     5.6720     0.0011    1.12416    1.12415          1     0.0471     0.0388       3.16     0.3905     0.2387  1.000e-12  0.4195000    10.4115    10.4110    -0.0005     8.1970     8.1966    102.523    104.737      0.195    1444.08    1444.08  0.000e+00
      19324    104.000     5.6710     5.6722     0.0012    1.12422    1.12420          1     0.0429     0.0382       2.64     0.3974     0.3084  1.000e-12  0.4243000    10.4119    10.4114    -0.0005     8.1973     8.1969    103.018    105.242      0.194    1444.09    1444.09  0.000e+00
      19770    104.500     5.6683     5.6716     0.0034    1.12380    1.12415          1     0.0422     0.0354       1.96     0.3815     0.3304  1.000e-12  0.4008000    10.4086    10.4110     0.0025     8.1948     8.1966    103.513    105.748     -0.139    1444.08    1444.10  0.000e+00
