ctdpy/exports/archive_20191121_122431/received_data/SBE09_0827_20181013_1256_26_01_1092.cnv
* Sea-Bird SBE 9 Data File:
* FileName = D:\CTD_SBE911\DAT\26DA.2018.10.92.hex
* Software Version Seasave V 7.21d
* Temperature SN = 4548
* Conductivity SN = 3062
* Number of Bytes Per Scan = 48
* Number of Voltage Words = 5
* Number of Scans Averaged by the Deck Unit = 1
* NMEA Latitude = 55 23.97 N
* NMEA Longitude = 015 13.34 E
* NMEA UTC (Time) = Oct 13 2018  12:58:50
* NMEA baud rate = 4800
** Ship: DANA
** Average sound velocity: 1459.86 m/s
** True-depth calculation Thu, 28 Mar 2019 12:29:29 +0000
** CTD Python Module SMHI /ver 3-12/ feb 2012 
** LIMS Job: 20182601-1092
** Operator: Christian A-KTh
** Cruise: 10/2018
# nquan = 26
# nvalues = 165                         
# units = specified
# name 0 = scan: Scan Count
# name 1 = prDM: Pressure, Digiquartz [db]
# name 2 = t090C: Temperature [ITS-90, deg C]
# name 3 = t190C: Temperature, 2 [ITS-90, deg C]
# name 4 = T2-T190C: Temperature Difference, 2 - 1 [ITS-90, deg C]
# name 5 = c0S/m: Conductivity [S/m]
# name 6 = c1S/m: Conductivity, 2 [S/m]
# name 7 = pumps: Pump Status
# name 8 = sbeox1ML/L: Oxygen, SBE 43, 2 [ml/l]
# name 9 = sbeox0ML/L: Oxygen, SBE 43 [ml/l]
# name 10 = altM: Altimeter [m]
# name 11 = chloroflTC0: Chlorophyll, Turner Cyclops [ug/l]
# name 12 = cpar: CPAR/Corrected Irradiance [%]
# name 13 = par: PAR/Irradiance, Biospherical/Lico [µE/(cm^2*s)]
# name 14 = spar: SPAR, Biospherical/Licor
# name 15 = sal00: Salinity, Practical [PSU]
# name 16 = sal11: Salinity, Practical, 2 [PSU]
# name 17 = secS-priS: Salinity, Practical, Difference, 2 - 1 [PSU]
# name 18 = sigma-t00: Density [sigma-t, kg/m^3 ]
# name 19 = sigma-t11: Density, 2 [sigma-t, kg/m^3 ]
# name 20 = depSM: Depth [salt water, m], lat = 55.3995
# name 21 = depFM: Depth [true depth, m], lat = 55.3995
# name 22 = dz/dtM: Descent Rate [m/s], WS = 2
# name 23 = svCM: Sound Velocity [Chen-Millero, m/s]
# name 24 = svCM1: Sound Velocity, 2 [Chen-Millero, m/s]
# name 25 = flag: flag
# span 0 =        -80,       9302       
# span 1 =      1.000,     83.000       
# span 2 =     4.3853,    13.6175       
# span 3 =     4.3387,    13.6800       
# span 4 =    -1.5759,     0.5594       
# span 5 =   0.801309,   2.400830       
# span 6 =   0.799321,   2.404210       
# span 7 =          1,          1       
# span 8 =     0.0585,     7.3095       
# span 9 =     0.0555,     6.7581       
# span 10 =       0.98,       9.99      
# span 11 =     0.0159,     0.0436      
# span 12 = -5.166e-06, 1.2670e+00      
# span 13 = -7.879e-05, 1.9441e+01      
# span 14 = 1.5082e+03, 1.5345e+03      
# span 15 =     7.4605,    19.0687      
# span 16 =     7.4710,    19.0646      
# span 17 =    -0.0133,     0.2974      
# span 18 =     5.2607,    13.9851      
# span 19 =     5.2609,    13.9699      
# span 20 =      0.991,     82.232      
# span 21 =      1.013,     83.871      
# span 22 =     -0.129,      0.341      
# span 23 =    1433.89,    1484.92      
# span 24 =    1433.72,    1485.12      
# span 25 = 0.0000e+00, 0.0000e+00      
# interval = decibars: 0.5              
# start_time = Oct 13 2018 12:58:50 [NMEA time, first data scan]
# bad_flag = -9.990e-29
*END*
[from data line 112]
       5473     57.000     9.9126     9.8949    -0.0176    1.50996    1.51261          1     2.8313     2.6637       9.98     0.0169  6.586e-14  1.000e-12  1.518e+03    12.7012    12.7316     0.0304     9.6098     9.6355     56.476     57.701      0.240    1463.41    1463.37  0.000e+00
       5524     57.500     9.8852     9.9080     0.0229    1.52008    1.52898          1     2.7724     2.6042       9.98     0.0173  6.591e-14  1.000e-12  1.517e+03    12.8032    12.8765     0.0732     9.6923     9.7465     56.972     58.205      0.267    1463.43    1463.61  0.000e+00
       5565     58.000    10.0147    10.0698     0.0550    1.55015    1.55859          1     2.6799     2.5321       9.98     0.0160  6.587e-14  1.000e-12  1.518e+03    13.0316    13.0888     0.0572     9.8541     9.8918     57.467     58.710      0.272    1464.21    1464.49  0.000e+00
       5613     58.500    10.1470    10.1990     0.0520    1.57231    1.57965          1     2.5904     2.4494       9.98     0.0159  6.591e-14  1.000e-12  1.517e+03    13.1859    13.2338     0.0479     9.9577     9.9885     57.962     59.214      0.260    1464.91    1465.17  0.000e+00
       5655     59.000    10.2472    10.2853     0.0382    1.58839    1.59251          1     2.5153     2.3876       9.98     0.0159  6.599e-14  1.000e-12  1.515e+03    13.2956    13.3191     0.0235    10.0305    10.0440     58.458     59.718      0.281    1465.44    1465.61  0.000e+00
       5703     59.500    10.3667    10.4265     0.0598    1.60664    1.61572          1     2.4297     2.3041       9.98     0.0159  6.596e-14  1.000e-12  1.516e+03    13.4175    13.4778     0.0603    10.1100    10.1492     58.953     60.222      0.243    1466.05    1466.34  0.000e+00
       5749     60.000    10.4340    10.4542     0.0202    1.63289    1.63834          1     2.2871     2.1855       9.98     0.0159  6.598e-14  1.000e-12  1.516e+03    13.6306    13.6725     0.0419    10.2668    10.2967     59.448     60.727      0.271    1466.57    1466.69  0.000e+00
       5795     60.500    10.4724    10.4745     0.0021    1.65082    1.65521          1     2.1250     2.0431       9.98     0.0159  6.600e-14  1.000e-12  1.515e+03    13.7787    13.8178     0.0390    10.3768    10.4068     59.944     61.231      0.249    1466.90    1466.95  0.000e+00
       5843     61.000    10.4333    10.4476     0.0144    1.66243    1.66580          1     1.9769     1.8946       9.98     0.0159  6.592e-14  1.000e-12  1.517e+03    13.8988    13.9240     0.0252    10.4749    10.4926     60.439     61.735      0.260    1466.90    1466.99  0.000e+00
       5888     61.500    10.5665    10.6057     0.0390    1.68432    1.68902          1     1.8689     1.8123       9.98     0.0159  6.600e-14  1.000e-12  1.515e+03    14.0466    14.0742     0.0276    10.5722    10.5885     60.934     62.239      0.269    1467.59    1467.77  0.000e+00
       5933     62.000    10.5844    10.5771    -0.0073    1.69755    1.70015          1     1.6856     1.6412       9.98     0.0159  6.604e-14  1.000e-12  1.514e+03    14.1596    14.1860     0.0264    10.6576    10.6790     61.430     62.742      0.263    1467.80    1467.81  0.000e+00
       5979     62.500    10.4783    10.4312    -0.0471    1.70564    1.70930          1     1.4848     1.4659       9.98     0.0159  6.604e-14  1.000e-12  1.514e+03    14.2743    14.3261     0.0518    10.7603    10.8066     61.925     63.246      0.264    1467.55    1467.43  0.000e+00
       6027     63.000    10.2798    10.2523    -0.0275    1.71758    1.72201          1     1.1776     1.1803       9.98     0.0159  6.601e-14  1.000e-12  1.515e+03    14.4612    14.5127     0.0515    10.9309    10.9744     62.420     63.750      0.228    1467.03    1466.99  0.000e+00
       6079     63.500    10.3147    10.3293     0.0146    1.73933    1.74388          1     1.0050     0.9972       9.98     0.0159  6.601e-14  1.000e-12  1.515e+03    14.6463    14.6822     0.0359    11.0701    11.0960     62.916     64.254      0.258    1467.40    1467.50  0.000e+00
       6124     64.000    10.3370    10.3279    -0.0091    1.75071    1.75238          1     0.8717     0.8803       9.98     0.0159  6.600e-14  1.000e-12  1.515e+03    14.7415    14.7606     0.0191    11.1411    11.1570     63.411     64.758      0.253    1467.60    1467.59  0.000e+00
       6171     64.500    10.2588    10.2434    -0.0154    1.75399    1.75520          1     0.7996     0.7849       9.98     0.0159  6.593e-14  1.000e-12  1.517e+03    14.8032    14.8206     0.0174    11.1990    11.2145     63.906     65.261      0.263    1467.39    1467.35  0.000e+00
       6218     65.000    10.1493    10.0930    -0.0566    1.75538    1.75539          1     0.7062     0.7068       9.98     0.0162  6.604e-14  1.000e-12  1.514e+03    14.8605    14.8836     0.0231    11.2575    11.2826     64.402     65.765      0.244    1467.05    1466.87  0.000e+00
       6267     65.500     9.6687     9.5272    -0.1412    1.73462    1.73030          1     0.5839     0.5922       9.98     0.0159  6.605e-14  1.000e-12  1.514e+03    14.8650    14.8830     0.0180    11.3206    11.3516     64.897     66.268      0.261    1465.23    1464.71  0.000e+00
       6312     66.000     9.1024     8.9576    -0.1450    1.70902    1.70498          1     0.4091     0.4488       9.98     0.0160  6.604e-14  1.000e-12  1.514e+03    14.8588    14.8809     0.0221    11.3828    11.4165     65.392     66.772      0.264    1463.04    1462.50  0.000e+00
       6361     66.500     8.7267     8.6096    -0.1173    1.70265    1.70185          1     0.1696     0.2159       9.98     0.0159  6.610e-14  1.000e-12  1.513e+03    14.9554    14.9972     0.0417    11.5004    11.5459     65.888     67.275      0.223    1461.69    1461.29  0.000e+00
       6412     67.000     8.4747     8.3858    -0.0889    1.70608    1.70717          1     0.0954     0.1142       9.98     0.0160  6.598e-14  1.000e-12  1.516e+03    15.0949    15.1434     0.0486    11.6367    11.6841     66.383     67.779      0.280    1460.88    1460.59  0.000e+00
       6453     67.500     8.1621     8.0386    -0.1236    1.71260    1.71437          1     0.1076     0.1156       9.98     0.0160  6.600e-14  1.000e-12  1.515e+03    15.2925    15.3637     0.0711    11.8241    11.8924     66.878     68.282      0.265    1459.89    1459.48  0.000e+00
       6504     68.000     7.8503     7.6497    -0.2005    1.71477    1.71446          1     0.1236     0.1148       9.98     0.0165  6.601e-14  1.000e-12  1.515e+03    15.4500    15.5357     0.0856    11.9791    12.0662     67.374     68.786      0.247    1458.85    1458.15  0.000e+00
       6544     68.500     7.5826     7.5071    -0.0755    1.71803    1.71879          1     0.1175     0.1108       9.98     0.0169  6.604e-14  1.000e-12  1.514e+03    15.6009    15.6422     0.0414    12.1237    12.1635     67.869     69.289      0.312    1457.96    1457.71  0.000e+00
       6589     69.000     7.5071     7.4749    -0.0322    1.72339    1.72695          1     0.1149     0.1043       9.98     0.0170  6.609e-14  1.000e-12  1.513e+03    15.6876    15.7374     0.0498    12.1990    12.2411     68.364     69.792      0.237    1457.77    1457.71  0.000e+00
       6638     69.500     7.4431     7.3942    -0.0489    1.72919    1.72971          1     0.1116     0.0994       9.98     0.0171  6.607e-14  1.000e-12  1.514e+03    15.7739    15.8012     0.0273    12.2727    12.2988     68.860     70.295      0.279    1457.63    1457.46  0.000e+00
       6679     70.000     7.2773     7.2399    -0.0373    1.72832    1.72938          1     0.1082     0.0941       9.98     0.0171  6.611e-14  1.000e-12  1.513e+03    15.8406    15.8683     0.0277    12.3408    12.3660     69.355     70.798      0.267    1457.05    1456.93  0.000e+00
       6729     70.500     7.2415     7.2259    -0.0155    1.73487    1.73736          1     0.0995     0.0885       9.98     0.0171  6.606e-14  1.000e-12  1.514e+03    15.9222    15.9543     0.0321    12.4081    12.4347     69.850     71.301      0.253    1457.01    1456.99  0.000e+00
       6770     71.000     7.2774     7.2810     0.0035    1.74484    1.74727          1     0.0958     0.0844       9.98     0.0171  6.613e-14  1.000e-12  1.512e+03    16.0051    16.0277     0.0226    12.4697    12.4870     70.345     71.804      0.299    1457.27    1457.31  0.000e+00
       6815     71.500     7.3439     7.3778     0.0339    1.75455    1.75893          1     0.0929     0.0765       9.98     0.0172  6.611e-14  1.000e-12  1.513e+03    16.0711    16.0990     0.0279    12.5150    12.5336     70.841     72.307      0.248    1457.63    1457.80  0.000e+00
       6860     72.000     7.4786     7.5095     0.0309    1.76846    1.77147          1     0.0842     0.0756       9.98     0.0171  6.615e-14  1.000e-12  1.512e+03    16.1470    16.1625     0.0156    12.5614    12.5706     71.336     72.810      0.277    1458.28    1458.42  0.000e+00
       6908     72.500     7.5767     7.5938     0.0172    1.77780    1.77975          1     0.0866     0.0729       9.98     0.0171  6.617e-14  1.000e-12  1.511e+03    16.1940    16.2054     0.0114    12.5886    12.5958     71.831     73.313      0.228    1458.74    1458.82  0.000e+00
       6959     73.000     7.6305     7.6485     0.0180    1.78306    1.78450          1     0.0800     0.0696       9.98     0.0172  6.602e-14  1.000e-12  1.515e+03    16.2210    16.2269     0.0059    12.6044    12.6072     72.327     73.816      0.271    1459.00    1459.08  0.000e+00
       7002     73.500     7.6554     7.6600     0.0046    1.78508    1.78555          1     0.0798     0.0702       9.98     0.0172  6.609e-14  1.000e-12  1.513e+03    16.2293    16.2318     0.0025    12.6084    12.6099     72.822     74.319      0.255    1459.12    1459.14  0.000e+00
       7052     74.000     7.6681     7.6923     0.0241    1.78636    1.78784          1     0.0788     0.0683       9.98     0.0173  6.599e-14  1.000e-12  1.515e+03    16.2360    16.2393     0.0033    12.6123    12.6125     73.317     74.822      0.249    1459.18    1459.28  0.000e+00
       7095     74.500     7.7870     7.8126     0.0258    1.79565    1.79731          1     0.0747     0.0678       9.87     0.0172  6.608e-14  1.000e-12  1.513e+03    16.2723    16.2767     0.0044    12.6287    12.6295     73.813     75.325      0.303    1459.71    1459.82  0.000e+00
       7137     75.000     7.8090     7.8234     0.0145    1.79726    1.79832          1     0.0716     0.0647       9.39     0.0173  6.603e-14  1.000e-12  1.514e+03    16.2778    16.2815     0.0038    12.6307    12.6322     74.308     75.828      0.264    1459.82    1459.88  0.000e+00
       7185     75.500     7.9225     7.9945     0.0713    1.80721    1.81144          1     0.0665     0.0599       8.88     0.0171  6.616e-14  1.000e-12  1.511e+03    16.3228    16.3308     0.0081    12.6542    12.6530     74.803     76.331      0.257    1460.33    1460.63  0.000e+00
       7229     76.000     8.2171     8.2815     0.0651    1.83296    1.83737          1     0.0694     0.0617       8.40     0.0172  6.610e-14  1.000e-12  1.513e+03    16.4377    16.4507     0.0129    12.7129    12.7160     75.298     76.833      0.266    1461.66    1461.93  0.000e+00
       7277     76.500     8.2946     8.3381     0.0433    1.84052    1.84372          1     0.0679     0.0599       7.85     0.0174  6.614e-14  1.000e-12  1.512e+03    16.4753    16.4862     0.0109    12.7339    12.7376     75.794     77.336      0.257    1462.02    1462.20  0.000e+00
       7320     77.000     8.3345     8.3473     0.0128    1.84361    1.84424          1     0.0637     0.0587       7.34     0.0172  6.608e-14  1.000e-12  1.513e+03    16.4866    16.4868     0.0002    12.7384    12.7371     76.289     77.839      0.265    1462.20    1462.25  0.000e+00
       7371     77.500     8.4284     8.5118     0.0834    1.85282    1.85932          1     0.0625     0.0562       6.78     0.0171  6.609e-14  1.000e-12  1.513e+03    16.5321    16.5563     0.0242    12.7635    12.7731     76.784     78.342      0.238    1462.63    1462.99  0.000e+00
       7415     78.000     8.7388     8.8320     0.0933    1.87852    1.88426          1     0.0585     0.0555       6.30     0.0171  6.618e-14  1.000e-12  1.511e+03    16.6357    16.6474     0.0116    12.8093    12.8076     77.280     78.845      0.282    1463.98    1464.36  0.000e+00
       7463     78.500     8.9286     9.0070     0.0785    1.89304    1.89773          1     0.0594     0.0569       5.73     0.0171  6.605e-14  1.000e-12  1.514e+03    16.6867    16.6951     0.0084    12.8272    12.8245     77.775     79.348      0.240    1464.80    1465.11  0.000e+00
       7508     79.000     9.2116     9.3298     0.1180    1.91675    1.92317          1     0.1225     0.0919       5.23     0.0171  6.624e-14  1.000e-12  1.510e+03    16.7810    16.7869     0.0059    12.8668    12.8572     78.270     79.851      0.276    1466.02    1466.48  0.000e+00
       7555     79.500     9.5568     9.7026     0.1461    1.94643    1.95796          1     0.4352     0.3287       4.73     0.0171  6.613e-14  1.000e-12  1.512e+03    16.9011    16.9417     0.0406    12.9179    12.9310     78.765     80.353      0.239    1467.50    1468.11  0.000e+00
       7604     80.000     9.9167    10.0707     0.1536    1.99164    2.00682          1     1.0969     0.9473       4.24     0.0171  6.618e-14  1.000e-12  1.511e+03    17.1581    17.2277     0.0696    13.0718    13.1057     79.261     80.856      0.258    1469.19    1469.86  0.000e+00
       7652     80.500    10.0541    10.0922     0.0380    2.00736    2.01015          1     1.2815     1.1695       3.70     0.0168  6.614e-14  1.000e-12  1.512e+03    17.2405    17.2486     0.0081    13.1179    13.1191     79.756     81.359      0.241    1469.82    1469.97  0.000e+00
       7700     81.000    10.1137    10.1588     0.0461    2.01303    2.01525          1     1.3097     1.1753       3.18     0.0165  6.611e-14  1.000e-12  1.513e+03    17.2652    17.2645    -0.0007    13.1291    13.1225     80.251     81.861      0.259    1470.08    1470.25  0.000e+00
       7748     81.500    10.8796    11.1713     0.2907    2.08709    2.11027          1     1.5912     1.4200       2.71     0.0168  6.618e-14  1.000e-12  1.511e+03    17.5872    17.6608     0.0735    13.2734    13.2885     80.747     82.364      0.250    1473.34    1474.50  0.000e+00
       7792     82.000    11.5148    11.7208     0.2062    2.14771    2.16226          1     1.8310     1.6383       2.18     0.0166  6.611e-14  1.000e-12  1.513e+03    17.8374    17.8704     0.0330    13.3743    13.3687     81.242     82.867      0.279    1475.98    1476.77  0.000e+00
       7840     82.500    12.2311    12.6455     0.4137    2.23425    2.27966          1     2.5022     2.2398       1.61     0.0163  6.617e-14  1.000e-12  1.511e+03    18.2709    18.4725     0.2016    13.5985    13.6867     81.737     83.369      0.234    1479.09    1480.79  0.000e+00
       9302     83.000    13.6175    13.6800     0.0637    2.40083    2.40421          1     3.3674     3.1469       0.98     0.0167  6.630e-14  1.000e-12  1.508e+03    19.0687    19.0646    -0.0042    13.9851    13.9699     82.232     83.871     -0.129    1484.92    1485.12  0.000e+00
