ctdpy/exports/archive_20191121_122431/received_data/SBE09_1044_20180531_1100_34_07_0050.cnv
* Sea-Bird SBE 9 Data File:
* FileName = C:\ctd\temp\2018\AU18D050.hex
* Software Version Seasave V 7.26.6.26
* Temperature SN = 5351
* Conductivity SN = 3941
* Number of Bytes Per Scan = 41
* Number of Voltage Words = 4
* Number of Scans Averaged by the Deck Unit = 1
* NMEA Latitude = 58 56.19 N
* NMEA Longitude = 019 09.42 E
* NMEA UTC (Time) = May 31 2018  11:00:36
* NMEA baud rate = 4800
** Station:  Huvudskär Havsboj
** Operator:  MHan
** Ship: AURA
** Average sound velocity: 1439.33 m/s
** True-depth calculation Thu, 31 May 2018 12:14:17 +0000
** CTD Python Module SMHI /ver 3-12/ feb 2012 
** LIMS Job: 20183407-0050
** Cruise: SMHI-02-2018
** Latitude [GG MM.mm N] :
** Longitude [GG MM.mm E]:
# nquan = 26
# nvalues = 178                         
# units = specified
# name 0 = scan: Scan Count
# name 1 = prDM: Pressure, Digiquartz [db]
# name 2 = t090C: Temperature [ITS-90, deg C]
# name 3 = t190C: Temperature, 2 [ITS-90, deg C]
# name 4 = T2-T190C: Temperature Difference, 2 - 1 [ITS-90, deg C]
# name 5 = c0S/m: Conductivity [S/m]
# name 6 = c1S/m: Conductivity, 2 [S/m]
# name 7 = pumps: Pump Status
# name 8 = sbeox0ML/L: Oxygen, SBE 43 [ml/l]
# name 9 = sbeox1ML/L: Oxygen, SBE 43, 2 [ml/l]
# name 10 = altM: Altimeter [m]
# name 11 = flECO-AFL: Chl-a Fluorescence, WET Labs ECO-AFL/FL [mg/m^3]
# name 12 = flECO-AFL1: Phycocyanin Fluorescence, WET Labs ECO-AFL/FL, 2 [mg/m^3]
# name 13 = par: PAR/Irradiance, Biospherical/Lico [µE/(cm^2*s)]
# name 14 = turbWETntu0: Turbidity, WET Labs ECO [NTU]
# name 15 = sal00: Salinity, Practical [PSU]
# name 16 = sal11: Salinity, Practical, 2 [PSU]
# name 17 = secS-priS: Salinity, Practical, Difference, 2 - 1 [PSU]
# name 18 = sigma-t00: Density [sigma-t, Kg/m^3 ]
# name 19 = sigma-t11: Density, 2 [sigma-t, Kg/m^3 ]
# name 20 = depSM: Depth [salt water, m], lat = 58.9365
# name 21 = depFM: Depth [true depth, m], lat = 58.9365
# name 22 = dz/dtM: Descent Rate [m/s], WS = 2
# name 23 = svCM: Sound Velocity [Chen-Millero, m/s]
# name 24 = svCM1: Sound Velocity, 2 [Chen-Millero, m/s]
# name 25 = flag: flag
# span 0 =       6976,      11938       
# span 1 =      0.500,     89.000       
# span 2 =     2.5512,    11.1566       
# span 3 =     2.5515,    11.1226       
# span 4 =    -0.0361,     0.1657       
# span 5 =   0.703924,   1.188197       
# span 6 =   0.703582,   1.188117       
# span 7 =          1,          1       
# span 8 =    0.06943,    9.16800       
# span 9 =    0.05072,    9.27312       
# span 10 =       1.35,      91.31      
# span 11 =     0.2467,     3.6759      
# span 12 =     0.1353,     0.5459      
# span 13 = 1.0000e-12, 4.4439e+03      
# span 14 =     0.1250,     1.5213      
# span 15 =     6.0567,    10.9460      
# span 16 =     6.0586,    10.9451      
# span 17 =    -0.0183,     0.0048      
# span 18 =     4.3058,     8.5975      
# span 19 =     4.3114,     8.5967      
# span 20 =      0.495,     88.149      
# span 21 =      0.507,     90.099      
# span 22 =     -0.279,      0.579      
# span 23 =    1425.05,    1459.23      
# span 24 =    1425.05,    1459.10      
# span 25 = 0.0000e+00, 0.0000e+00      
# interval = decibars: 0.5              
# start_time = May 31 2018 11:00:36 [NMEA time, first data scan]
# bad_flag = -9.990e-29
*END*
[from data line 112]
      10336     56.500     2.7703     2.7712     0.0009    0.75611    0.75603          1     7.6171     7.4792      33.41     0.2467     0.2201  1.000e-12  0.1387000     7.4264     7.4254    -0.0010     5.9225     5.9216     55.964     57.247      0.532    1426.56    1426.56  0.000e+00
      10358     57.000     2.8141     2.8146     0.0006    0.75933    0.75925          1     7.5453     7.3807      32.91     0.2602     0.2072  1.000e-12  0.1425000     7.4502     7.4492    -0.0010     5.9412     5.9404     56.460     57.753      0.562    1426.80    1426.80  0.000e+00
      10379     57.500     2.8704     2.8700    -0.0005    0.76333    0.76322          1     7.4466     7.2617      32.37     0.2878     0.2018  1.000e-12  0.1390000     7.4790     7.4780    -0.0010     5.9638     5.9629     56.955     58.259      0.530    1427.11    1427.10  0.000e+00
      10404     58.000     2.9499     2.9456    -0.0044    0.76776    0.76758          1     7.2812     7.0977      31.80     0.2803     0.1893  1.000e-12  0.1692000     7.5070     7.5061    -0.0009     5.9855     5.9848     57.450     58.766      0.472    1427.52    1427.50  0.000e+00
      10430     58.500     3.0417     3.0393    -0.0023    0.77240    0.77227          1     7.1506     6.9830      31.27     0.2893     0.2480  1.000e-12  0.1863000     7.5341     7.5333    -0.0008     6.0062     6.0056     57.945     59.272      0.500    1427.98    1427.97  0.000e+00
      10452     59.000     3.0850     3.0828    -0.0021    0.77692    0.77664          1     7.0320     6.8290      30.77     0.2824     0.2648  1.000e-12  0.1679000     7.5712     7.5687    -0.0024     6.0353     6.0334     58.440     59.778      0.561    1428.24    1428.23  0.000e+00
      10473     59.500     3.1727     3.1721    -0.0007    0.78564    0.78544          1     6.8293     6.5876      30.27     0.2772     0.2643  1.000e-12  0.1576000     7.6416     7.6396    -0.0020     6.0904     6.0888     58.936     60.284      0.559    1428.74    1428.74  0.000e+00
      10495     60.000     3.2358     3.2353    -0.0006    0.79179    0.79163          1     6.5689     6.3224      29.72     0.2911     0.2273  1.000e-12  0.1589000     7.6907     7.6891    -0.0015     6.1287     6.1275     59.431     60.790      0.506    1429.10    1429.10  0.000e+00
      10520     60.500     3.2905     3.2900    -0.0006    0.79704    0.79689          1     6.3242     6.0962      29.15     0.3089     0.2163  1.000e-12  0.1571000     7.7323     7.7309    -0.0014     6.1611     6.1600     59.926     61.297      0.478    1429.41    1429.41  0.000e+00
      10545     61.000     3.3468     3.3454    -0.0014    0.80358    0.80323          1     6.0947     5.8635      28.67     0.3117     0.2060  1.000e-12  0.1611000     7.7868     7.7835    -0.0033     6.2037     6.2011     60.421     61.803      0.519    1429.75    1429.74  0.000e+00
      10567     61.500     3.4315     3.4322     0.0007    0.81287    0.81262          1     5.8673     5.6103      28.17     0.3211     0.2030  1.000e-12  0.1614000     7.8629     7.8601    -0.0028     6.2628     6.2606     60.916     62.309      0.561    1430.24    1430.24  0.000e+00
      10588     62.000     3.5317     3.5285    -0.0031    0.82205    0.82165          1     5.5791     5.2723      27.68     0.3333     0.2181  1.000e-12  0.1617000     7.9338     7.9304    -0.0033     6.3174     6.3148     61.411     62.815      0.556    1430.80    1430.78  0.000e+00
      10610     62.500     3.7575     3.7517    -0.0059    0.84326    0.84268          1     5.1657     4.7722      27.11     0.3245     0.1934  1.000e-12  0.1510000     8.0974     8.0929    -0.0045     6.4428     6.4393     61.907     63.321      0.513    1432.04    1432.01  0.000e+00
      10635     63.000     4.0117     3.9911    -0.0205    0.86993    0.86863          1     4.5298     3.9695      26.56     0.3213     0.2211  1.000e-12  0.1722000     8.3079     8.2998    -0.0081     6.6035     6.5977     62.402     63.827      0.483    1433.46    1433.36  0.000e+00
      10659     63.500     4.3848     4.3665    -0.0184    0.90776    0.90682          1     3.6057     2.9331      26.03     0.4024     0.2212  1.000e-12  0.1807000     8.5992     8.5944    -0.0048     6.8232     6.8201     62.897     64.333      0.517    1435.51    1435.43  0.000e+00
      10681     64.000     4.7444     4.7279    -0.0164    0.93223    0.93144          1     2.7039     2.0482      25.54     0.4179     0.2218  1.000e-12  0.1915000     8.7533     8.7496    -0.0036     6.9321     6.9299     63.392     64.839      0.570    1437.31    1437.23  0.000e+00
      10702     64.500     4.9130     4.9072    -0.0058    0.95335    0.95260          1     1.8989     1.2506      25.03     0.4390     0.2515  1.000e-12  0.2086000     8.9215     8.9155    -0.0060     7.0583     7.0538     63.887     65.344      0.576    1438.27    1438.24  0.000e+00
      10723     65.000     5.0484     5.0438    -0.0046    0.97467    0.97404          1     1.1717     0.6235      24.50     0.5013     0.2862  1.000e-12  0.2341000     9.0995     9.0944    -0.0051     7.1931     7.1893     64.383     65.850      0.545    1439.10    1439.08  0.000e+00
      10746     65.500     5.0976     5.0972    -0.0005    0.98477    0.98443          1     0.6829     0.3164      23.97     0.5281     0.2919  1.000e-12  0.2638000     9.1875     9.1842    -0.0033     7.2605     7.2579     64.878     66.356      0.508    1439.44    1439.43  0.000e+00
      10771     66.000     5.1676     5.1660    -0.0015    0.99895    0.99860          1     0.3773     0.1448      23.43     0.5459     0.2326  1.000e-12  0.3220000     9.3106     9.3075    -0.0031     7.3545     7.3521     65.373     66.861      0.466    1439.91    1439.90  0.000e+00
      10797     66.500     5.1983     5.1988     0.0005    1.00486    1.00478          1     0.2356     0.1105      22.90     0.5697     0.2333  1.000e-12  0.3793000     9.3612     9.3603    -0.0010     7.3931     7.3923     65.868     67.367      0.458    1440.11    1440.11  0.000e+00
      10823     67.000     5.2104     5.2112     0.0008    1.00720    1.00717          1     0.2302     0.1546      22.55     0.3716     0.2283  1.000e-12  0.3158000     9.3813     9.3808    -0.0005     7.4083     7.4079     66.363     67.872      0.504    1440.20    1440.20  0.000e+00
      10845     67.500     5.2234     5.2240     0.0006    1.01050    1.01034          1     0.2445     0.1824      22.03     0.3945     0.1920  1.000e-12  0.3350000     9.4107     9.4089    -0.0019     7.4310     7.4295     66.858     68.378      0.543    1440.30    1440.30  0.000e+00
      10867     68.000     5.2550     5.2545    -0.0004    1.01689    1.01672          1     0.2457     0.1811      21.50     0.3730     0.1798  1.000e-12  0.3449000     9.4658     9.4643    -0.0016     7.4730     7.4717     67.354     68.883      0.499    1440.52    1440.51  0.000e+00
      10894     68.500     5.2861     5.2847    -0.0015    1.02379    1.02327          1     0.2149     0.1422      21.17     0.3602     0.2361  1.000e-12  0.4082000     9.5261     9.5213    -0.0048     7.5190     7.5153     67.849     69.389      0.420    1440.74    1440.72  0.000e+00
      10923     69.000     5.4083     5.4053    -0.0030    1.05332    1.05260          1     0.1687     0.0978      20.59     0.3689     0.2632  1.000e-12  1.5213000     9.7869     9.7806    -0.0063     7.7187     7.7139     68.344     69.894      0.449    1441.60    1441.58  0.000e+00
      10947     69.500     5.4790     5.4791     0.0001    1.06340    1.06321          1     0.1573     0.0920      19.99     0.3464     0.2478  1.000e-12  0.6225000     9.8672     9.8652    -0.0020     7.7783     7.7768     68.839     70.399      0.531    1442.02    1442.02  0.000e+00
      10969     70.000     5.5167     5.5172     0.0005    1.07163    1.07142          1     0.1542     0.0936      19.33     0.3359     0.2275  1.000e-12  0.5309000     9.9383     9.9361    -0.0022     7.8324     7.8306     69.334     70.905      0.537    1442.28    1442.28  0.000e+00
      10993     70.500     5.5465     5.5471     0.0006    1.07861    1.07848          1     0.1539     0.0962      18.76     0.3539     0.2294  1.000e-12  0.3878000     9.9993     9.9978    -0.0015     7.8789     7.8777     69.829     71.410      0.477    1442.49    1442.49  0.000e+00
      11019     71.000     5.5649     5.5648    -0.0001    1.08289    1.08268          1     0.1539     0.0990      18.20     0.3581     0.2343  1.000e-12  0.3307000    10.0366    10.0345    -0.0021     7.9073     7.9057     70.325     71.915      0.452    1442.63    1442.63  0.000e+00
      11045     71.500     5.5820     5.5822     0.0002    1.08672    1.08659          1     0.1512     0.0989      17.69     0.3916     0.2329  1.000e-12  0.3234000    10.0696    10.0683    -0.0013     7.9325     7.9314     70.820     72.421      0.481    1442.75    1442.75  0.000e+00
      11070     72.000     5.5956     5.5958     0.0002    1.08960    1.08949          1     0.1476     0.0955      17.27     0.3859     0.2701  1.000e-12  0.3265000    10.0943    10.0931    -0.0012     7.9511     7.9502     71.315     72.926      0.500    1442.85    1442.85  0.000e+00
      11093     72.500     5.6103     5.6105     0.0002    1.09274    1.09262          1     0.1442     0.0927      16.80     0.3738     0.2329  1.000e-12  0.3328000    10.1211    10.1200    -0.0012     7.9715     7.9706     71.810     73.431      0.508    1442.95    1442.95  0.000e+00
      11117     73.000     5.6240     5.6242     0.0002    1.09572    1.09559          1     0.1374     0.0891      16.42     0.4039     0.1947  1.000e-12  0.3252000    10.1468    10.1454    -0.0014     7.9909     7.9898     72.305     73.936      0.510    1443.05    1443.05  0.000e+00
      11141     73.500     5.6408     5.6409     0.0002    1.09983    1.09967          1     0.1328     0.0880      16.30     0.4068     0.2237  1.000e-12  0.3310000    10.1827    10.1811    -0.0016     8.0183     8.0170     72.800     74.442      0.498    1443.18    1443.18  0.000e+00
      11165     74.000     5.6552     5.6554     0.0002    1.10326    1.10313          1     0.1290     0.0836      15.68     0.4088     0.2294  1.000e-12  0.3427000    10.2125    10.2111    -0.0014     8.0410     8.0399     73.295     74.947      0.478    1443.29    1443.29  0.000e+00
      11191     74.500     5.6697     5.6704     0.0007    1.10660    1.10648          1     0.1229     0.0845      15.12     0.4073     0.2134  1.000e-12  0.3439000    10.2414    10.2400    -0.0014     8.0629     8.0618     73.791     75.452      0.481    1443.39    1443.39  0.000e+00
      11215     75.000     5.6857     5.6859     0.0002    1.11043    1.11026          1     0.1224     0.0763      14.47     0.3903     0.2354  1.000e-12  0.3546000    10.2747    10.2730    -0.0018     8.0883     8.0869     74.286     75.957      0.509    1443.51    1443.51  0.000e+00
      11238     75.500     5.7051     5.7055     0.0005    1.11482    1.11473          1     0.1176     0.0751      14.79     0.3793     0.1353  1.000e-12  0.3687000    10.3126    10.3115    -0.0011     8.1171     8.1162     74.781     76.462      0.527    1443.65    1443.65  0.000e+00
      11260     76.000     5.7167     5.7174     0.0006    1.11782    1.11774          1     0.1133     0.0735      14.35     0.3709     0.2431  1.000e-12  0.3730000    10.3389    10.3379    -0.0010     8.1371     8.1363     75.276     76.968      0.519    1443.74    1443.74  0.000e+00
      11284     76.500     5.7307     5.7314     0.0007    1.12092    1.12085          1     0.1101     0.0736      13.12     0.3692     0.2031  1.000e-12  0.4053000    10.3654    10.3645    -0.0009     8.1572     8.1564     75.771     77.473      0.499    1443.84    1443.85  0.000e+00
      11309     77.000     5.7406     5.7411     0.0005    1.12300    1.12294          1     0.1088     0.0698      12.53     0.3635     0.2335  1.000e-12  0.4175000    10.3831    10.3823    -0.0008     8.1706     8.1699     76.266     77.978      0.485    1443.92    1443.92  0.000e+00
      11333     77.500     5.7469     5.7477     0.0007    1.12443    1.12437          1     0.1017     0.0719      12.22     0.3878     0.2900  1.000e-12  0.4116000    10.3953    10.3945    -0.0008     8.1798     8.1791     76.762     78.483      0.494    1443.97    1443.97  0.000e+00
      11357     78.000     5.7609     5.7611     0.0002    1.12778    1.12762          1     0.1021     0.0707      11.92     0.4190     0.2721  1.000e-12  0.4079000    10.4244    10.4227    -0.0017     8.2019     8.2005     77.257     78.988      0.521    1444.07    1444.07  0.000e+00
      11379     78.500     5.7863     5.7869     0.0006    1.13421    1.13407          1     0.1017     0.0656      11.66     0.3830     0.2551  1.000e-12  0.4129000    10.4806    10.4790    -0.0016     8.2447     8.2434     77.752     79.493      0.531    1444.26    1444.26  0.000e+00
      11403     79.000     5.7996     5.8005     0.0008    1.13755    1.13746          1     0.0955     0.0664      11.21     0.3946     0.2553  1.000e-12  0.4123000    10.5096    10.5086    -0.0011     8.2668     8.2659     78.247     79.998      0.505    1444.36    1444.36  0.000e+00
      11427     79.500     5.8104     5.8111     0.0007    1.14044    1.14035          1     0.0931     0.0656      10.69     0.3657     0.2199  1.000e-12  0.4334000    10.5350    10.5340    -0.0011     8.2862     8.2853     78.742     80.503      0.487    1444.45    1444.45  0.000e+00
      11452     80.000     5.8240     5.8245     0.0006    1.14288    1.14281          1     0.0924     0.0613      10.19     0.3875     0.1875  1.000e-12  0.4277000    10.5551    10.5542    -0.0009     8.3011     8.3004     79.237     81.008      0.507    1444.54    1444.54  0.000e+00
      11475     80.500     5.8294     5.8301     0.0007    1.14362    1.14356          1     0.0898     0.0622       9.67     0.3868     0.2339  1.000e-12  0.4185000    10.5608    10.5599    -0.0009     8.3053     8.3046     79.732     81.514      0.523    1444.58    1444.58  0.000e+00
      11498     81.000     5.8372     5.8379     0.0008    1.14548    1.14543          1     0.0885     0.0651       9.16     0.3619     0.2457  1.000e-12  0.4104000    10.5767    10.5760    -0.0007     8.3174     8.3168     80.227     82.019      0.508    1444.64    1444.64  0.000e+00
      11522     81.500     5.8495     5.8505     0.0009    1.14893    1.14889          1     0.0866     0.0606       8.61     0.3483     0.2638  1.000e-12  0.4235000    10.6072    10.6065    -0.0007     8.3407     8.3400     80.723     82.524      0.494    1444.74    1444.74  0.000e+00
      11546     82.000     5.8583     5.8591     0.0008    1.15097    1.15090          1     0.0850     0.0575       8.10     0.3469     0.2657  1.000e-12  0.4286000    10.6246    10.6237    -0.0009     8.3539     8.3531     81.218     83.029      0.508    1444.80    1444.81  0.000e+00
      11569     82.500     5.8640     5.8650     0.0010    1.15219    1.15216          1     0.0811     0.0603       7.59     0.3511     0.2343  1.000e-12  0.4224000    10.6350    10.6343    -0.0006     8.3616     8.3611     81.713     83.534      0.521    1444.85    1444.85  0.000e+00
      11592     83.000     5.8683     5.8692     0.0009    1.15304    1.15302          1     0.0830     0.0602       7.06     0.3629     0.2360  1.000e-12  0.4277000    10.6421    10.6415    -0.0005     8.3669     8.3665     82.208     84.039      0.513    1444.89    1444.89  0.000e+00
      11616     83.500     5.8714     5.8724     0.0010    1.15347    1.15344          1     0.0779     0.0595       6.52     0.3629     0.2339  1.000e-12  0.4258000    10.6452    10.6446    -0.0006     8.3692     8.3687     82.703     84.544      0.495    1444.91    1444.91  0.000e+00
