ctdpy/exports/archive_20191121_122431/received_data/SBE09_1044_20181207_1950_34_01_0164.cnv
* Sea-Bird SBE 9 Data File:
* FileName = C:\ctd\temp\ar18d164.hex
* Software Version Seasave V 7.26.7.107
* Temperature SN = 5351
* Conductivity SN = 3941
* Number of Bytes Per Scan = 30
* Number of Voltage Words = 4
* Number of Scans Averaged by the Deck Unit = 1
* NMEA baud rate = 4800
** Station:  P2
** Operator:  JKro
** Ship: ARANDA
** Average sound velocity: 1481.98 m/s
** True-depth calculation Sun, 09 Dec 2018 17:50:05 +0000
** CTD Python Module SMHI /ver 3-12/ feb 2012 
** LIMS Job: 20183401-0164
** Cruise: SMHI-7-2018
** Latitude [GG MM.mm N]: 57 52.003
** Longitude [GG MM.mm E] 11 17.515
# nquan = 26
# nvalues = 180                         
# units = specified
# name 0 = scan: Scan Count
# name 1 = prDM: Pressure, Digiquartz [db]
# name 2 = t090C: Temperature [ITS-90, deg C]
# name 3 = t190C: Temperature, 2 [ITS-90, deg C]
# name 4 = T2-T190C: Temperature Difference, 2 - 1 [ITS-90, deg C]
# name 5 = c0S/m: Conductivity [S/m]
# name 6 = c1S/m: Conductivity, 2 [S/m]
# name 7 = pumps: Pump Status
# name 8 = sbeox0ML/L: Oxygen, SBE 43 [ml/l]
# name 9 = sbeox1ML/L: Oxygen, SBE 43, 2 [ml/l]
# name 10 = altM: Altimeter [m]
# name 11 = flECO-AFL: Chl-a Fluorescence, WET Labs ECO-AFL/FL [mg/m^3]
# name 12 = flECO-AFL1: Phycocyanin Fluorescence, WET Labs ECO-AFL/FL, 2 [mg/m^3]
# name 13 = par: PAR/Irradiance, Biospherical/Lico [µE/(cm^2*s)]
# name 14 = turbWETntu0: Turbidity, WET Labs ECO [NTU]
# name 15 = sal00: Salinity, Practical [PSU]
# name 16 = sal11: Salinity, Practical, 2 [PSU]
# name 17 = secS-priS: Salinity, Practical, Difference, 2 - 1 [PSU]
# name 18 = sigma-t00: Density [sigma-t, Kg/m^3 ]
# name 19 = sigma-t11: Density, 2 [sigma-t, Kg/m^3 ]
# name 20 = depSM: Depth [salt water, m], lat = 0
# name 21 = depFM: Depth [true depth, m], lat = 0
# name 22 = dz/dtM: Descent Rate [m/s], WS = 2
# name 23 = svCM: Sound Velocity [Chen-Millero, m/s]
# name 24 = svCM1: Sound Velocity, 2 [Chen-Millero, m/s]
# name 25 = flag: flag
# span 0 =      19144,      24855       
# span 1 =      1.000,     90.500       
# span 2 =     7.3816,     8.4794       
# span 3 =     7.3828,     8.4806       
# span 4 =    -0.0055,     0.0094       
# span 5 =   3.390470,   3.615949       
# span 6 =   3.390538,   3.616032       
# span 7 =          1,          1       
# span 8 =    6.22323,    6.60004       
# span 9 =    6.19773,    6.60726       
# span 10 =       2.73,      97.56      
# span 11 =     0.2411,     0.9052      
# span 12 =     0.1491,     0.3295      
# span 13 = 1.0000e-12, 2.7003e-03      
# span 14 =     0.6480,     1.4885      
# span 15 =    33.1129,    34.6886      
# span 16 =    33.1127,    34.6885      
# span 17 =    -0.0064,     0.0074      
# span 18 =    25.8801,    27.0198      
# span 19 =    25.8798,    27.0195      
# span 20 =      0.995,     89.983      
# span 21 =      0.993,     89.799      
# span 22 =     -0.051,      0.759      
# span 23 =    1477.80,    1484.69      
# span 24 =    1477.80,    1484.70      
# span 25 = 0.0000e+00, 0.0000e+00      
# interval = decibars: 0.5              
# start_time = Dec 07 2018 19:50:32 [System UTC, header]
# bad_flag = -9.990e-29
*END*
      19144      1.000     7.3830     7.3842     0.0013    3.39061    3.39070          1     6.5925     6.5971      97.53     0.8924     0.2644  2.700e-03  0.6682000    33.1141    33.1139    -0.0002    25.8809    25.8806      0.995      0.993      0.381    1477.80    1477.80  0.000e+00
      19160      1.500     7.3829     7.3839     0.0010    3.39063    3.39066          1     6.5912     6.5968      97.54     0.8105     0.2769  3.469e-05  0.6985000    33.1142    33.1135    -0.0007    25.8809    25.8803      1.492      1.489      0.759    1477.80    1477.81  0.000e+00
      19174      2.000     7.3823     7.3833     0.0010    3.39058    3.39064          1     6.5916     6.5992      97.56     0.7940     0.3196  4.723e-07  0.7312000    33.1139    33.1136    -0.0002    25.8808    25.8804      1.989      1.986      0.661    1477.81    1477.81  0.000e+00
      19243      2.500     7.3818     7.3829     0.0011    3.39047    3.39054          1     6.5962     6.6004      97.32     0.7977     0.2885  1.937e-08  0.7094000    33.1130    33.1127    -0.0003    25.8802    25.8798      2.486      2.482      0.414    1477.82    1477.82  0.000e+00
      19282      3.000     7.3817     7.3828     0.0011    3.39047    3.39056          1     6.6000     6.5979      93.42     0.8699     0.2948  9.194e-10  0.7646000    33.1129    33.1128    -0.0001    25.8801    25.8799      2.983      2.979      0.450    1477.82    1477.83  0.000e+00
      19319      3.500     7.3816     7.3829     0.0013    3.39052    3.39060          1     6.5974     6.5953      65.89     0.9052     0.3231  1.000e-12  0.7549000    33.1132    33.1129    -0.0003    25.8804    25.8799      3.481      3.475      0.308    1477.83    1477.83  0.000e+00
      19351      4.000     7.3820     7.3833     0.0013    3.39060    3.39069          1     6.5920     6.5889      53.72     0.8349     0.2850  1.000e-12  0.6920000    33.1135    33.1132    -0.0002    25.8805    25.8801      3.978      3.971      0.416    1477.84    1477.85  0.000e+00
      19386      4.500     7.3823     7.3834     0.0012    3.39064    3.39073          1     6.5904     6.5890      75.77     0.8651     0.2787  1.000e-12  0.7268000    33.1134    33.1133    -0.0002    25.8805    25.8801      4.475      4.468      0.301    1477.85    1477.85  0.000e+00
      19423      5.000     7.3825     7.3836     0.0012    3.39068    3.39079          1     6.5962     6.5984      62.30     0.8459     0.2113  1.000e-12  0.6973000    33.1134    33.1136     0.0001    25.8804    25.8803      4.972      4.964      0.509    1477.86    1477.86  0.000e+00
      19441      5.500     7.3829     7.3840     0.0010    3.39078    3.39086          1     6.5993     6.6073      34.94     0.8956     0.2347  1.000e-12  0.7453000    33.1138    33.1138    -0.0000    25.8806    25.8805      5.470      5.461      0.654    1477.87    1477.87  0.000e+00
      19459      6.000     7.3831     7.3840     0.0009    3.39081    3.39089          1     6.5972     6.6024      71.00     0.8982     0.2725  1.000e-12  0.7812000    33.1138    33.1137    -0.0000    25.8806    25.8805      5.967      5.957      0.587    1477.88    1477.88  0.000e+00
      19486      6.500     7.3830     7.3842     0.0012    3.39086    3.39095          1     6.5973     6.5911      94.43     0.8748     0.2870  1.000e-12  0.7900000    33.1142    33.1140    -0.0002    25.8809    25.8806      6.464      6.453      0.322    1477.89    1477.89  0.000e+00
      19543      7.000     7.3839     7.3853     0.0014    3.39134    3.39148          1     6.5933     6.5898      77.57     0.7839     0.3158  1.000e-12  0.6955000    33.1182    33.1184     0.0002    25.8840    25.8840      6.961      6.950      0.339    1477.90    1477.91  0.000e+00
      19567      7.500     7.3839     7.3853     0.0014    3.39125    3.39141          1     6.5914     6.5949      90.05     0.8247     0.2628  1.000e-12  0.7153000    33.1170    33.1175     0.0004    25.8830    25.8832      7.459      7.446      0.614    1477.91    1477.92  0.000e+00
      19584      8.000     7.3844     7.3857     0.0012    3.39157    3.39185          1     6.5953     6.6008      84.65     0.8445     0.2817  1.000e-12  0.7655000    33.1198    33.1217     0.0019    25.8851    25.8865      7.956      7.943      0.662    1477.92    1477.93  0.000e+00
      19604      8.500     7.3851     7.3864     0.0013    3.39236    3.39249          1     6.5980     6.5933      96.96     0.8581     0.2991  1.000e-12  0.8263000    33.1274    33.1276     0.0002    25.8911    25.8910      8.453      8.439      0.506    1477.94    1477.95  0.000e+00
      19645      9.000     7.3854     7.3866     0.0012    3.39255    3.39261          1     6.5988     6.5848      59.95     0.8229     0.3046  1.000e-12  0.7555000    33.1290    33.1285    -0.0005    25.8922    25.8917      8.950      8.936      0.288    1477.96    1477.96  0.000e+00
      19679      9.500     7.3844     7.3860     0.0016    3.39200    3.39237          1     6.5938     6.5934      84.13     0.7722     0.2923  1.000e-12  0.6909000    33.1238    33.1262     0.0025    25.8883    25.8900      9.448      9.432      0.580    1477.95    1477.96  0.000e+00
      19696     10.000     7.3840     7.3847     0.0008    3.39152    3.39148          1     6.5930     6.5934      83.07     0.8827     0.3058  1.000e-12  0.7762000    33.1187    33.1175    -0.0012    25.8843    25.8833      9.945      9.928      0.679    1477.95    1477.95  0.000e+00
      19714     10.500     7.3846     7.3861     0.0015    3.39222    3.39262          1     6.5928     6.5859      82.83     0.8621     0.3070  1.000e-12  0.7944000    33.1255    33.1284     0.0029    25.8896    25.8917     10.442     10.425      0.577    1477.97    1477.98  0.000e+00
      19748     11.000     7.3877     7.3894     0.0016    3.39456    3.39504          1     6.5899     6.5801      87.82     0.8179     0.3109  1.000e-12  0.7629000    33.1476    33.1512     0.0037    25.9066    25.9092     10.939     10.921      0.293    1478.02    1478.03  0.000e+00
      19794     11.500     7.3902     7.3914     0.0011    3.39681    3.39729          1     6.5775     6.5691      80.67     0.7580     0.3295  1.000e-12  0.7081000    33.1693    33.1734     0.0041    25.9233    25.9264     11.437     11.418      0.434    1478.07    1478.07  0.000e+00
      19815     12.000     7.3936     7.3945     0.0010    3.40171    3.40221          1     6.5636     6.5507      80.91     0.7788     0.3183  1.000e-12  0.7977000    33.2190    33.2236     0.0046    25.9619    25.9653     11.934     11.914      0.573    1478.15    1478.16  0.000e+00
      19836     12.500     7.3934     7.3948     0.0013    3.40695    3.40768          1     6.5429     6.5312      87.95     0.7685     0.2747  1.000e-12  0.8979000    33.2758    33.2824     0.0067    26.0066    26.0116     12.431     12.410      0.523    1478.23    1478.24  0.000e+00
      19862     13.000     7.3972     7.3989     0.0017    3.41154    3.41198          1     6.5142     6.5038      42.98     0.7243     0.2779  1.000e-12  0.9590000    33.3216    33.3248     0.0031    26.0421    26.0443     12.928     12.907      0.415    1478.31    1478.32  0.000e+00
      19891     13.500     7.4359     7.4393     0.0034    3.42536    3.42633          1     6.5223     6.4996      80.08     0.7202     0.2903  1.000e-12  0.9974000    33.4338    33.4412     0.0074    26.1249    26.1302     13.425     13.403      0.449    1478.60    1478.62  0.000e+00
      19917     14.000     7.5677     7.5621    -0.0055    3.45077    3.45008          1     6.4995     6.4643      78.70     0.6696     0.2328  1.000e-12  1.0849000    33.5812    33.5792    -0.0020    26.2221    26.2213     13.923     13.899      0.436    1479.30    1479.28  0.000e+00
      19949     14.500     7.8261     7.8257    -0.0005    3.48913    3.48906          1     6.4455     6.4163      78.27     0.6536     0.2694  1.000e-12  1.1410000    33.7445    33.7442    -0.0004    26.3133    26.3131     14.420     14.396      0.342    1480.50    1480.49  0.000e+00
      19984     15.000     7.9217     7.9221     0.0004    3.50421    3.50453          1     6.4302     6.4143      77.88     0.5407     0.2466  1.000e-12  1.0814000    33.8137    33.8168     0.0030    26.3537    26.3560     14.917     14.892      0.402    1480.95    1480.96  0.000e+00
      20009     15.500     7.9970     7.9949    -0.0020    3.51500    3.51476          1     6.4190     6.4108      81.75     0.5193     0.2334  1.000e-12  1.0662000    33.8561    33.8556    -0.0005    26.3759    26.3758     15.414     15.388      0.540    1481.30    1481.29  0.000e+00
      20030     16.000     8.0092     8.0081    -0.0012    3.51659    3.51634          1     6.4198     6.4152      85.69     0.4167     0.2543  1.000e-12  1.0952000    33.8610    33.8595    -0.0015    26.3780    26.3769     15.912     15.884      0.557    1481.36    1481.35  0.000e+00
      20054     16.500     8.0105     8.0108     0.0003    3.51676    3.51674          1     6.4214     6.4137      81.75     0.4345     0.2531  1.000e-12  1.0677000    33.8614    33.8609    -0.0005    26.3781    26.3776     16.409     16.380      0.413    1481.37    1481.38  0.000e+00
      20098     17.000     8.0096     8.0104     0.0008    3.51658    3.51660          1     6.4212     6.4100      83.28     0.4981     0.2323  1.000e-12  1.0049000    33.8601    33.8596    -0.0006    26.3772    26.3767     16.906     16.877      0.240    1481.38    1481.38  0.000e+00
      20137     17.500     8.0200     8.0202     0.0003    3.51788    3.51786          1     6.4301     6.4115      74.91     0.5244     0.2954  1.000e-12  0.9725000    33.8638    33.8634    -0.0004    26.3786    26.3782     17.403     17.373      0.532    1481.43    1481.43  0.000e+00
      20155     18.000     8.0402     8.0409     0.0006    3.52031    3.52030          1     6.4292     6.4087      74.96     0.4643     0.2904  1.000e-12  1.0271000    33.8700    33.8692    -0.0008    26.3804    26.3797     17.900     17.869      0.696    1481.52    1481.52  0.000e+00
      20171     18.500     8.0441     8.0449     0.0008    3.52088    3.52087          1     6.4284     6.4143      74.65     0.4344     0.2224  1.000e-12  1.0246000    33.8720    33.8712    -0.0009    26.3815    26.3806     18.398     18.365      0.692    1481.55    1481.55  0.000e+00
      20190     19.000     8.0434     8.0443     0.0008    3.52107    3.52111          1     6.4281     6.4229      60.11     0.3976     0.2411  1.000e-12  1.0145000    33.8744    33.8741    -0.0004    26.3834    26.3830     18.895     18.861      0.531    1481.56    1481.56  0.000e+00
      20230     19.500     8.0414     8.0433     0.0019    3.52080    3.52103          1     6.4301     6.4271      54.71     0.4482     0.2042  1.000e-12  0.9885000    33.8733    33.8739     0.0006    26.3829    26.3830     19.392     19.357      0.264    1481.55    1481.56  0.000e+00
      20283     20.000     8.0427     8.0443     0.0016    3.52098    3.52112          1     6.4288     6.4154      82.82     0.6077     0.2372  1.000e-12  0.9375000    33.8737    33.8737     0.0000    26.3829    26.3827     19.889     19.854      0.452    1481.57    1481.58  0.000e+00
      20302     20.500     8.0444     8.0453     0.0009    3.52115    3.52114          1     6.4309     6.4065      77.84     0.5019     0.2909  1.000e-12  0.9484000    33.8737    33.8727    -0.0009    26.3827    26.3818     20.386     20.350      0.656    1481.58    1481.58  0.000e+00
      20319     21.000     8.0449     8.0459     0.0011    3.52122    3.52129          1     6.4302     6.4138      71.50     0.4233     0.2038  1.000e-12  0.9657000    33.8736    33.8734    -0.0002    26.3826    26.3823     20.884     20.846      0.691    1481.59    1481.60  0.000e+00
      20337     21.500     8.0449     8.0459     0.0010    3.52122    3.52132          1     6.4269     6.4235      71.16     0.4069     0.2151  1.000e-12  1.0077000    33.8735    33.8734    -0.0000    26.3825    26.3823     21.381     21.342      0.578    1481.60    1481.61  0.000e+00
      20368     22.000     8.0451     8.0460     0.0009    3.52129    3.52135          1     6.4304     6.4284      52.13     0.4448     0.2744  1.000e-12  0.9927000    33.8737    33.8735    -0.0002    26.3826    26.3823     21.878     21.838      0.303    1481.61    1481.61  0.000e+00
      20419     22.500     8.0452     8.0462     0.0010    3.52130    3.52135          1     6.4327     6.4220      72.00     0.4448     0.2662  1.000e-12  0.8291000    33.8735    33.8731    -0.0004    26.3824    26.3820     22.375     22.334      0.368    1481.62    1481.62  0.000e+00
      20442     23.000     8.0459     8.0469     0.0010    3.52138    3.52147          1     6.4273     6.4264      69.95     0.4388     0.2445  1.000e-12  0.9519000    33.8734    33.8734     0.0000    26.3823    26.3821     22.872     22.831      0.602    1481.63    1481.63  0.000e+00
      20460     23.500     8.0460     8.0472     0.0011    3.52140    3.52150          1     6.4318     6.4246      58.76     0.5015     0.3063  1.000e-12  0.9906000    33.8733    33.8733     0.0000    26.3821    26.3820     23.370     23.327      0.626    1481.64    1481.64  0.000e+00
      20481     24.000     8.0459     8.0467     0.0009    3.52142    3.52149          1     6.4341     6.4243      47.90     0.4654     0.2538  1.000e-12  0.9906000    33.8735    33.8733    -0.0002    26.3823    26.3821     23.867     23.823      0.486    1481.65    1481.65  0.000e+00
      20517     24.500     8.0455     8.0467     0.0012    3.52142    3.52149          1     6.4300     6.4125      81.65     0.4802     0.2572  1.000e-12  0.9358000    33.8736    33.8732    -0.0004    26.3824    26.3820     24.364     24.319      0.276    1481.65    1481.66  0.000e+00
      20560     25.000     8.0437     8.0448     0.0011    3.52133    3.52139          1     6.4299     6.4127      66.95     0.4385     0.2673  1.000e-12  0.8335000    33.8741    33.8737    -0.0004    26.3831    26.3827     24.861     24.815      0.384    1481.65    1481.66  0.000e+00
      20585     25.500     8.0615     8.0623     0.0008    3.52391    3.52396          1     6.4148     6.4083      67.34     0.4194     0.2774  1.000e-12  0.9338000    33.8842    33.8840    -0.0002    26.3884    26.3882     25.358     25.312      0.516    1481.74    1481.75  0.000e+00
      20607     26.000     8.0642     8.0652     0.0009    3.52422    3.52430          1     6.4128     6.4112      66.72     0.4034     0.2552  1.000e-12  0.9239000    33.8847    33.8846    -0.0001    26.3884    26.3882     25.856     25.808      0.501    1481.76    1481.77  0.000e+00
      20634     26.500     8.0667     8.0682     0.0014    3.52460    3.52472          1     6.4178     6.4082      66.36     0.4071     0.2479  1.000e-12  0.8604000    33.8860    33.8860    -0.0001    26.3891    26.3888     26.353     26.304      0.408    1481.78    1481.79  0.000e+00
      20665     27.000     8.0722     8.0726     0.0005    3.52525    3.52527          1     6.4219     6.4124      65.88     0.4093     0.2703  1.000e-12  0.8369000    33.8876    33.8873    -0.0002    26.3895    26.3892     26.850     26.800      0.406    1481.81    1481.81  0.000e+00
      20692     27.500     8.0727     8.0735     0.0009    3.52544    3.52544          1     6.4225     6.4085      82.69     0.4471     0.3040  1.000e-12  0.8219000    33.8888    33.8879    -0.0009    26.3904    26.3895     27.347     27.296      0.473    1481.82    1481.83  0.000e+00
      20717     28.000     8.0626     8.0639     0.0013    3.52461    3.52471          1     6.4160     6.3956      65.32     0.5606     0.2525  1.000e-12  0.8667000    33.8894    33.8892    -0.0002    26.3924    26.3920     27.844     27.792      0.460    1481.80    1481.80  0.000e+00
