ctdpy/exports/archive_20191121_122431/received_data/SBE09_1044_20180127_1458_34_02_0020.cnv
* Sea-Bird SBE 9 Data File:
* FileName = C:\ctd\temp\2018\ME18D020.hex
* Software Version Seasave V 7.26.6.26
* Temperature SN = 5351
* Conductivity SN = 3941
* Number of Bytes Per Scan = 41
* Number of Voltage Words = 4
* Number of Scans Averaged by the Deck Unit = 1
* NMEA Latitude = 54 50.01 N
* NMEA Longitude = 019 20.03 E
* NMEA UTC (Time) = Jan 27 2018  14:58:52
* NMEA baud rate = 4800
** Station:  PL-P1
** Operator:  SSip
** Ship: MERI
** Average sound velocity: 1440.68 m/s
** True-depth calculation Sat, 27 Jan 2018 16:16:28 +0000
** CTD Python Module SMHI /ver 3-12/ feb 2012 
** LIMS Job: 20183402-0020
** Cruise: SMHI-01-2018
** Latitude [GG MM.mm N] :
** Longitude [GG MM.mm E]:
# nquan = 26
# nvalues = 202                         
# units = specified
# name 0 = scan: Scan Count
# name 1 = prDM: Pressure, Digiquartz [db]
# name 2 = t090C: Temperature [ITS-90, deg C]
# name 3 = t190C: Temperature, 2 [ITS-90, deg C]
# name 4 = T2-T190C: Temperature Difference, 2 - 1 [ITS-90, deg C]
# name 5 = c0S/m: Conductivity [S/m]
# name 6 = c1S/m: Conductivity, 2 [S/m]
# name 7 = pumps: Pump Status
# name 8 = sbeox0ML/L: Oxygen, SBE 43 [ml/l]
# name 9 = sbeox1ML/L: Oxygen, SBE 43, 2 [ml/l]
# name 10 = altM: Altimeter [m]
# name 11 = flECO-AFL: Chl-a Fluorescence, WET Labs ECO-AFL/FL [mg/m^3]
# name 12 = flECO-AFL1: Phycocyanin Fluorescence, WET Labs ECO-AFL/FL, 2 [mg/m^3]
# name 13 = par: PAR/Irradiance, Biospherical/Lico [µE/(cm^2*s)]
# name 14 = turbWETntu0: Turbidity, WET Labs ECO [NTU]
# name 15 = sal00: Salinity, Practical [PSU]
# name 16 = sal11: Salinity, Practical, 2 [PSU]
# name 17 = secS-priS: Salinity, Practical, Difference, 2 - 1 [PSU]
# name 18 = sigma-t00: Density [sigma-t, Kg/m^3 ]
# name 19 = sigma-t11: Density, 2 [sigma-t, Kg/m^3 ]
# name 20 = depSM: Depth [salt water, m], lat = 54.8335
# name 21 = depFM: Depth [true depth, m], lat = 54.8335
# name 22 = dz/dtM: Descent Rate [m/s], WS = 2
# name 23 = svCM: Sound Velocity [Chen-Millero, m/s]
# name 24 = svCM1: Sound Velocity, 2 [Chen-Millero, m/s]
# name 25 = flag: flag
# span 0 =       9718,      14109       
# span 1 =      1.000,    101.500       
# span 2 =     4.8294,     6.5075       
# span 3 =     4.8301,     6.5081       
# span 4 =    -0.0174,     0.0052       
# span 5 =   0.799368,   1.269850       
# span 6 =   0.799347,   1.269826       
# span 7 =          1,          1       
# span 8 =   -0.25313,    8.08537       
# span 9 =    0.30835,    8.07609       
# span 10 =       4.10,      99.00      
# span 11 =     0.2714,     0.5911      
# span 12 =     0.2336,     0.4110      
# span 13 = -2.629e-05, 1.7832e+01      
# span 14 =     0.1348,     0.2644      
# span 15 =     7.4000,    11.5889      
# span 16 =     7.3994,    11.5885      
# span 17 =    -0.0113,     0.0102      
# span 18 =     5.8558,     9.0691      
# span 19 =     5.8552,     9.0688      
# span 20 =      0.991,    100.562      
# span 21 =      1.013,    102.654      
# span 22 =     -0.149,      0.773      
# span 23 =    1435.14,    1449.07      
# span 24 =    1435.13,    1449.07      
# span 25 = 0.0000e+00, 0.0000e+00      
# interval = decibars: 0.5              
# start_time = Jan 27 2018 14:58:53 [NMEA time, first data scan]
# bad_flag = -9.990e-29
*END*
       9718      1.000     4.8696     4.8682    -0.0014    0.79945    0.79935          1     8.0850     8.0759      97.17     0.5461     0.3439  1.783e+01  0.1760000     7.4001     7.3994    -0.0007     5.8558     5.8553      0.991      1.013      0.182    1435.14    1435.13  0.000e+00
       9762      1.500     4.8703     4.8671    -0.0031    0.79947    0.79935          1     8.0774     8.0760      97.17     0.5613     0.3158  9.612e+00  0.1668000     7.4001     7.3997    -0.0005     5.8558     5.8555      1.486      1.519      0.255    1435.15    1435.13  0.000e+00
       9808      2.000     4.8662     4.8708     0.0046    0.79937    0.79942          1     8.0742     8.0761      97.16     0.5721     0.3021  4.902e+00  0.1563000     7.4000     7.3995    -0.0005     5.8558     5.8552      1.982      2.025      0.384    1435.14    1435.16  0.000e+00
       9828      2.500     4.8670     4.8679     0.0009    0.79940    0.79936          1     8.0660     8.0677      97.18     0.5591     0.2848  3.614e+00  0.1622000     7.4000     7.3995    -0.0006     5.8558     5.8554      2.477      2.532      0.710    1435.15    1435.15  0.000e+00
       9843      3.000     4.8662     4.8671     0.0009    0.79938    0.79935          1     8.0656     8.0571      97.18     0.5654     0.2997  3.220e+00  0.1596000     7.4000     7.3995    -0.0005     5.8558     5.8554      2.973      3.038      0.770    1435.16    1435.16  0.000e+00
       9859      3.500     4.8665     4.8671     0.0006    0.79939    0.79935          1     8.0600     8.0529      97.16     0.5882     0.3056  2.877e+00  0.1774000     7.4000     7.3994    -0.0006     5.8558     5.8554      3.468      3.544      0.707    1435.17    1435.17  0.000e+00
       9877      4.000     4.8661     4.8670     0.0009    0.79940    0.79936          1     8.0599     8.0546      97.16     0.5845     0.3231  2.573e+00  0.1831000     7.4000     7.3994    -0.0006     5.8559     5.8554      3.964      4.050      0.610    1435.17    1435.17  0.000e+00
       9898      4.500     4.8659     4.8667     0.0008    0.79939    0.79936          1     8.0750     8.0549      97.18     0.5710     0.3551  2.195e+00  0.1817000     7.4000     7.3994    -0.0006     5.8558     5.8554      4.459      4.557      0.597    1435.18    1435.18  0.000e+00
       9917      5.000     4.8657     4.8667     0.0010    0.79940    0.79937          1     8.0833     8.0526      97.15     0.5530     0.3273  1.873e+00  0.1674000     7.4000     7.3994    -0.0006     5.8559     5.8554      4.955      5.063      0.691    1435.19    1435.19  0.000e+00
       9933      5.500     4.8661     4.8667     0.0006    0.79942    0.79937          1     8.0805     8.0452      97.17     0.5723     0.2513  1.650e+00  0.1843000     7.4000     7.3994    -0.0006     5.8559     5.8554      5.450      5.569      0.738    1435.19    1435.20  0.000e+00
       9950      6.000     4.8664     4.8673     0.0009    0.79943    0.79940          1     8.0761     8.0393      97.16     0.5811     0.2822  1.372e+00  0.1822000     7.4000     7.3995    -0.0005     5.8558     5.8554      5.946      6.076      0.690    1435.21    1435.21  0.000e+00
       9969      6.500     4.8661     4.8670     0.0008    0.79943    0.79939          1     8.0681     8.0481      97.18     0.5901     0.3047  1.201e+00  0.1665000     7.4000     7.3994    -0.0006     5.8559     5.8554      6.441      6.582      0.606    1435.21    1435.21  0.000e+00
       9990      7.000     4.8661     4.8671     0.0010    0.79944    0.79941          1     8.0699     8.0476      97.19     0.5782     0.3277  1.093e+00  0.1788000     7.4000     7.3995    -0.0005     5.8559     5.8554      6.937      7.088      0.529    1435.22    1435.22  0.000e+00
      10017      7.500     4.8663     4.8671     0.0007    0.79945    0.79941          1     8.0812     8.0504      97.16     0.5598     0.3379  9.266e-01  0.1692000     7.4001     7.3995    -0.0006     5.8559     5.8554      7.432      7.595      0.392    1435.23    1435.23  0.000e+00
      10050      8.000     4.8666     4.8675     0.0010    0.79947    0.79944          1     8.0709     8.0472      97.14     0.5828     0.3165  8.398e-01  0.1718000     7.4001     7.3996    -0.0005     5.8559     5.8555      7.928      8.101      0.383    1435.24    1435.24  0.000e+00
      10078      8.500     4.8666     4.8676     0.0010    0.79949    0.79945          1     8.0690     8.0435      97.10     0.5579     0.3722  7.337e-01  0.1666000     7.4003     7.3996    -0.0006     5.8560     5.8555      8.423      8.607      0.516    1435.24    1435.25  0.000e+00
      10098      9.000     4.8666     4.8674     0.0008    0.79950    0.79946          1     8.0756     8.0377      97.08     0.5449     0.3736  6.508e-01  0.1681000     7.4002     7.3997    -0.0005     5.8560     5.8556      8.919      9.113      0.576    1435.25    1435.25  0.000e+00
      10119      9.500     4.8664     4.8675     0.0011    0.79950    0.79946          1     8.0712     8.0389      96.98     0.5911     0.3131  5.795e-01  0.1798000     7.4002     7.3996    -0.0006     5.8560     5.8555      9.414      9.620      0.554    1435.26    1435.26  0.000e+00
      10142     10.000     4.8659     4.8670     0.0011    0.79951    0.79947          1     8.0654     8.0371      96.64     0.5679     0.3122  5.119e-01  0.1862000     7.4004     7.3997    -0.0006     5.8561     5.8556      9.910     10.126      0.535    1435.27    1435.27  0.000e+00
      10164     10.500     4.8662     4.8669     0.0007    0.79952    0.79948          1     8.0750     8.0266      96.58     0.5562     0.3261  4.570e-01  0.1766000     7.4003     7.3998    -0.0006     5.8561     5.8556     10.405     10.632      0.538    1435.28    1435.28  0.000e+00
      10186     11.000     4.8668     4.8672     0.0003    0.79953    0.79948          1     8.0779     8.0204      95.93     0.5533     0.3382  3.983e-01  0.1654000     7.4002     7.3997    -0.0005     5.8560     5.8556     10.901     11.139      0.550    1435.29    1435.29  0.000e+00
      10208     11.500     4.8670     4.8676     0.0006    0.79954    0.79951          1     8.0762     8.0271      94.76     0.5585     0.3037  3.447e-01  0.1689000     7.4003     7.3999    -0.0005     5.8561     5.8557     11.396     11.645      0.566    1435.29    1435.30  0.000e+00
      10229     12.000     4.8674     4.8680     0.0006    0.79956    0.79952          1     8.0732     8.0353      91.15     0.5621     0.2816  3.016e-01  0.1768000     7.4003     7.3998    -0.0005     5.8560     5.8556     11.892     12.151      0.542    1435.30    1435.31  0.000e+00
      10253     12.500     4.8675     4.8681     0.0006    0.79956    0.79953          1     8.0719     8.0377      88.25     0.5534     0.3114  2.669e-01  0.1684000     7.4003     7.3997    -0.0005     5.8560     5.8556     12.387     12.658      0.481    1435.31    1435.32  0.000e+00
      10278     13.000     4.8669     4.8679     0.0010    0.79956    0.79953          1     8.0712     8.0485      90.80     0.5553     0.3205  2.410e-01  0.1733000     7.4003     7.3997    -0.0006     5.8561     5.8556     12.883     13.164      0.489    1435.32    1435.32  0.000e+00
      10301     13.500     4.8668     4.8679     0.0011    0.79956    0.79953          1     8.0758     8.0477      96.88     0.5650     0.3572  2.105e-01  0.1728000     7.4003     7.3998    -0.0006     5.8561     5.8556     13.378     13.670      0.573    1435.33    1435.33  0.000e+00
      10321     14.000     4.8676     4.8685     0.0009    0.79959    0.79955          1     8.0779     8.0406      97.01     0.5172     0.3319  1.760e-01  0.1722000     7.4003     7.3997    -0.0006     5.8560     5.8555     13.874     14.177      0.619    1435.34    1435.34  0.000e+00
      10340     14.500     4.8669     4.8681     0.0012    0.79958    0.79955          1     8.0782     8.0337      96.29     0.5328     0.3201  1.421e-01  0.1699000     7.4003     7.3998    -0.0006     5.8561     5.8556     14.369     14.683      0.581    1435.34    1435.35  0.000e+00
      10363     15.000     4.8669     4.8677     0.0008    0.79959    0.79956          1     8.0685     8.0311      97.21     0.5411     0.3162  1.244e-01  0.1644000     7.4003     7.3998    -0.0005     5.8561     5.8556     14.865     15.189      0.489    1435.35    1435.35  0.000e+00
      10389     15.500     4.8659     4.8674     0.0015    0.79958    0.79956          1     8.0705     8.0372      96.10     0.5479     0.3156  1.064e-01  0.1685000     7.4004     7.3999    -0.0005     5.8562     5.8557     15.360     15.695      0.469    1435.35    1435.36  0.000e+00
      10413     16.000     4.8658     4.8672     0.0014    0.79959    0.79956          1     8.0611     8.0411      96.52     0.5481     0.3252  8.957e-02  0.1819000     7.4004     7.3998    -0.0006     5.8562     5.8556     15.855     16.202      0.552    1435.36    1435.36  0.000e+00
      10433     16.500     4.8656     4.8667     0.0011    0.79959    0.79955          1     8.0515     8.0400      97.30     0.5436     0.3433  7.025e-02  0.1909000     7.4004     7.3998    -0.0006     5.8562     5.8557     16.351     16.708      0.623    1435.37    1435.37  0.000e+00
      10452     17.000     4.8648     4.8652     0.0004    0.79958    0.79955          1     8.0573     8.0375      97.29     0.5533     0.3763  5.530e-02  0.1868000     7.4004     7.4000    -0.0004     5.8562     5.8559     16.846     17.214      0.626    1435.37    1435.37  0.000e+00
      10472     17.500     4.8649     4.8655     0.0006    0.79959    0.79956          1     8.0720     8.0380      97.29     0.5637     0.3448  3.911e-02  0.1907000     7.4005     7.4000    -0.0005     5.8563     5.8559     17.342     17.721      0.559    1435.38    1435.38  0.000e+00
      10496     18.000     4.8642     4.8656     0.0014    0.79959    0.79956          1     8.0787     8.0311      97.28     0.5745     0.3217  2.711e-02  0.1748000     7.4005     7.4000    -0.0006     5.8563     5.8558     17.837     18.227      0.466    1435.38    1435.39  0.000e+00
      10523     18.500     4.8648     4.8656     0.0008    0.79961    0.79957          1     8.0655     8.0355      97.28     0.5778     0.3567  1.454e-02  0.1770000     7.4005     7.4000    -0.0006     5.8563     5.8558     18.333     18.733      0.483    1435.40    1435.40  0.000e+00
      10546     19.000     4.8652     4.8659     0.0007    0.79962    0.79958          1     8.0642     8.0495      97.30     0.5599     0.3707  2.266e-03  0.1746000     7.4004     7.3999    -0.0005     5.8562     5.8558     18.828     19.240      0.569    1435.40    1435.41  0.000e+00
      10565     19.500     4.8649     4.8655     0.0006    0.79963    0.79958          1     8.0660     8.0417      97.28     0.5643     0.3281 -2.629e-05  0.1702000     7.4005     7.4000    -0.0006     5.8563     5.8559     19.324     19.746      0.614    1435.41    1435.41  0.000e+00
      10585     20.000     4.8631     4.8640     0.0009    0.79960    0.79957          1     8.0627     8.0320      97.30     0.5711     0.2855  9.996e-13  0.1687000     7.4006     7.4001    -0.0005     5.8565     5.8560     19.819     20.252      0.593    1435.41    1435.41  0.000e+00
      10606     20.500     4.8614     4.8625     0.0011    0.79958    0.79955          1     8.0687     8.0333      97.32     0.5295     0.3106  1.000e-12  0.1804000     7.4007     7.4002    -0.0005     5.8566     5.8561     20.314     20.758      0.523    1435.41    1435.42  0.000e+00
      10631     21.000     4.8615     4.8616     0.0001    0.79959    0.79954          1     8.0739     8.0274      97.33     0.5294     0.3504  1.000e-12  0.1973000     7.4007     7.4002    -0.0005     5.8566     5.8562     20.810     21.265      0.483    1435.42    1435.42  0.000e+00
      10655     21.500     4.8636     4.8636     0.0000    0.79962    0.79957          1     8.0696     8.0280      97.35     0.5535     0.3230  1.000e-12  0.1796000     7.4005     7.4000    -0.0005     5.8564     5.8560     21.305     21.771      0.525    1435.44    1435.44  0.000e+00
      10677     22.000     4.8645     4.8662     0.0017    0.79964    0.79961          1     8.0703     8.0336      97.35     0.5533     0.3093  1.000e-12  0.1732000     7.4004     7.3998    -0.0006     5.8562     5.8557     21.801     22.277      0.578    1435.45    1435.46  0.000e+00
      10697     22.500     4.8631     4.8653     0.0023    0.79963    0.79961          1     8.0657     8.0299      97.35     0.5452     0.3182  1.000e-12  0.1736000     7.4006     7.3999    -0.0007     5.8564     5.8558     22.296     22.784      0.575    1435.45    1435.46  0.000e+00
      10719     23.000     4.8641     4.8650     0.0009    0.79965    0.79961          1     8.0583     8.0226      97.36     0.5469     0.3167  1.000e-12  0.1740000     7.4005     7.3999    -0.0006     5.8563     5.8558     22.792     23.290      0.522    1435.46    1435.47  0.000e+00
      10743     23.500     4.8630     4.8639     0.0010    0.79964    0.79961          1     8.0593     8.0256      97.35     0.5479     0.3160  1.000e-12  0.1797000     7.4006     7.4000    -0.0006     5.8564     5.8559     23.287     23.796      0.502    1435.47    1435.47  0.000e+00
      10766     24.000     4.8621     4.8636     0.0014    0.79963    0.79961          1     8.0568     8.0294      97.36     0.5410     0.3290  1.000e-12  0.1816000     7.4006     7.4001    -0.0006     5.8565     5.8560     23.783     24.303      0.541    1435.47    1435.48  0.000e+00
      10788     24.500     4.8615     4.8625     0.0010    0.79963    0.79960          1     8.0400     8.0313      97.36     0.5428     0.3082  1.000e-12  0.1797000     7.4007     7.4001    -0.0005     5.8566     5.8561     24.278     24.809      0.547    1435.48    1435.48  0.000e+00
      10810     25.000     4.8605     4.8617     0.0013    0.79963    0.79959          1     8.0420     8.0315      91.39     0.5532     0.3208  1.000e-12  0.2232000     7.4008     7.4002    -0.0006     5.8567     5.8562     24.774     25.315      0.507    1435.48    1435.48  0.000e+00
      10835     25.500     4.8596     4.8609     0.0013    0.79962    0.79960          1     8.0588     8.0316      83.15     0.5528     0.3478  1.000e-12  0.1724000     7.4009     7.4003    -0.0006     5.8568     5.8563     25.269     25.821      0.492    1435.48    1435.49  0.000e+00
      10859     26.000     4.8595     4.8600     0.0005    0.79963    0.79958          1     8.0670     8.0308      95.06     0.5292     0.3504  1.000e-12  0.1721000     7.4009     7.4004    -0.0006     5.8568     5.8564     25.764     26.328      0.518    1435.49    1435.49  0.000e+00
      10882     26.500     4.8591     4.8602     0.0010    0.79963    0.79959          1     8.0690     8.0225      97.44     0.5406     0.3281  1.000e-12  0.2072000     7.4009     7.4003    -0.0006     5.8568     5.8563     26.260     26.834      0.524    1435.50    1435.50  0.000e+00
      10905     27.000     4.8594     4.8601     0.0007    0.79964    0.79960          1     8.0627     8.0201      97.55     0.5698     0.3179  1.000e-12  0.1814000     7.4009     7.4003    -0.0005     5.8568     5.8563     26.755     27.340      0.507    1435.51    1435.51  0.000e+00
      10929     27.500     4.8589     4.8598     0.0010    0.79964    0.79961          1     8.0642     8.0296      98.02     0.5415     0.3324  1.000e-12  0.1729000     7.4010     7.4004    -0.0005     5.8569     5.8564     27.251     27.847      0.479    1435.51    1435.51  0.000e+00
      10955     28.000     4.8582     4.8594     0.0013    0.79963    0.79960          1     8.0689     8.0319      98.44     0.5463     0.3453  1.000e-12  0.1730000     7.4010     7.4003    -0.0006     5.8569     5.8564     27.746     28.353      0.477    1435.52    1435.52  0.000e+00
