ctdpy/exports/archive_20191121_122431/received_data/SBE09_0827_20181012_0347_26_01_1076.cnv
* Sea-Bird SBE 9 Data File:
* FileName = D:\CTD_SBE911\DAT\26DA.2018.10.76.hex
* Software Version Seasave V 7.21d
* Temperature SN = 4548
* Conductivity SN = 3062
* Number of Bytes Per Scan = 48
* Number of Voltage Words = 5
* Number of Scans Averaged by the Deck Unit = 1
* NMEA Latitude = 56 05.56 N
* NMEA Longitude = 018 27.19 E
* NMEA UTC (Time) = Oct 12 2018  03:49:55
* NMEA baud rate = 4800
** Ship: DANA
** Average sound velocity: 1446.85 m/s
** True-depth calculation Thu, 28 Mar 2019 12:26:15 +0000
** CTD Python Module SMHI /ver 3-12/ feb 2012 
** LIMS Job: 20182601-1076
** Operator: Christian
** Cruise: 10/2018
# nquan = 26
# nvalues = 191                         
# units = specified
# name 0 = scan: Scan Count
# name 1 = prDM: Pressure, Digiquartz [db]
# name 2 = t090C: Temperature [ITS-90, deg C]
# name 3 = t190C: Temperature, 2 [ITS-90, deg C]
# name 4 = T2-T190C: Temperature Difference, 2 - 1 [ITS-90, deg C]
# name 5 = c0S/m: Conductivity [S/m]
# name 6 = c1S/m: Conductivity, 2 [S/m]
# name 7 = pumps: Pump Status
# name 8 = sbeox1ML/L: Oxygen, SBE 43, 2 [ml/l]
# name 9 = sbeox0ML/L: Oxygen, SBE 43 [ml/l]
# name 10 = altM: Altimeter [m]
# name 11 = chloroflTC0: Chlorophyll, Turner Cyclops [ug/l]
# name 12 = cpar: CPAR/Corrected Irradiance [%]
# name 13 = par: PAR/Irradiance, Biospherical/Lico [µE/(cm^2*s)]
# name 14 = spar: SPAR, Biospherical/Licor
# name 15 = sal00: Salinity, Practical [PSU]
# name 16 = sal11: Salinity, Practical, 2 [PSU]
# name 17 = secS-priS: Salinity, Practical, Difference, 2 - 1 [PSU]
# name 18 = sigma-t00: Density [sigma-t, kg/m^3 ]
# name 19 = sigma-t11: Density, 2 [sigma-t, kg/m^3 ]
# name 20 = depSM: Depth [salt water, m], lat = 56.0927
# name 21 = depFM: Depth [true depth, m], lat = 56.0927
# name 22 = dz/dtM: Descent Rate [m/s], WS = 2
# name 23 = svCM: Sound Velocity [Chen-Millero, m/s]
# name 24 = svCM1: Sound Velocity, 2 [Chen-Millero, m/s]
# name 25 = flag: flag
# span 0 =        110,       9980       
# span 1 =      1.500,     96.500       
# span 2 =     3.3876,    11.3998       
# span 3 =     3.3849,    11.3991       
# span 4 =    -0.5349,     0.1247       
# span 5 =   0.774839,   1.232966       
# span 6 =   0.774732,   1.232937       
# span 7 =          1,          1       
# span 8 =     0.0502,     7.7001       
# span 9 =     0.0469,     7.2324       
# span 10 =       1.36,       9.98      
# span 11 =     0.0159,     0.0349      
# span 12 = -5.114e+01, 3.0921e+03      
# span 13 = 1.0000e-12, 1.0000e-12      
# span 14 = 1.9680e+00, 2.0318e+00      
# span 15 =     7.3098,    11.2759      
# span 16 =     7.3103,    11.2755      
# span 17 =    -0.0032,     0.0768      
# span 18 =     5.2684,     8.8339      
# span 19 =     5.2685,     8.8335      
# span 20 =      1.486,     95.599      
# span 21 =      1.520,     97.657      
# span 22 =     -0.067,      0.386      
# span 23 =    1429.49,    1461.86      
# span 24 =    1429.46,    1461.86      
# span 25 = 0.0000e+00, 0.0000e+00      
# interval = decibars: 0.5              
# start_time = Oct 12 2018 03:49:55 [NMEA time, first data scan]
# bad_flag = -9.990e-29
*END*
[from data line 112]
       5381     57.500     3.7951     3.8483     0.0533    0.81179    0.81735          1     6.0858     5.7129       9.98     0.0159  4.924e-11  1.000e-12  2.031e+00     7.7649     7.8093     0.0444     6.1776     6.2116     56.968     58.244      0.237    1431.70    1432.00  0.000e+00
       5431     58.000     3.9207     3.9937     0.0730    0.82273    0.82717          1     5.7090     5.4027       9.98     0.0159  4.924e-11  1.000e-12  2.031e+00     7.8471     7.8750     0.0280     6.2399     6.2603     57.464     58.750      0.255    1432.38    1432.75  0.000e+00
       5474     58.500     3.9865     4.0334     0.0469    0.82741    0.83152          1     5.5784     5.2715       9.98     0.0160  4.924e-11  1.000e-12  2.031e+00     7.8792     7.9099     0.0307     6.2638     6.2870     57.959     59.256      0.282    1432.73    1432.98  0.000e+00
       5526     59.000     4.0174     4.0342     0.0168    0.83111    0.83325          1     5.4765     5.1676       9.98     0.0165  4.924e-11  1.000e-12  2.031e+00     7.9095     7.9273     0.0178     6.2871     6.3007     58.454     59.763      0.196    1432.92    1433.01  0.000e+00
       5586     59.500     4.0403     4.0700     0.0297    0.83589    0.84136          1     5.3233     5.0120       9.98     0.0159  4.924e-11  1.000e-12  2.031e+00     7.9527     8.0014     0.0487     6.3208     6.3587     58.950     60.269      0.248    1433.08    1433.28  0.000e+00
       5627     60.000     4.0773     4.1109     0.0335    0.84578    0.85341          1     5.0065     4.6971       9.98     0.0159  4.924e-11  1.000e-12  2.031e+00     8.0448     8.1145     0.0697     6.3929     6.4473     59.445     60.775      0.287    1433.37    1433.61  0.000e+00
       5680     60.500     4.1108     4.1315     0.0206    0.85414    0.85845          1     4.6415     4.3527       9.98     0.0159  1.956e+03  1.000e-12  1.991e+00     8.1219     8.1609     0.0389     6.4532     6.4835     59.940     61.281      0.213    1433.63    1433.77  0.000e+00
       5726     61.000     4.1320     4.1403     0.0083    0.85894    0.86029          1     4.4950     4.2536       9.98     0.0159 -3.271e+01  1.000e-12  2.031e+00     8.1657     8.1775     0.0118     6.4873     6.4964     60.435     61.787      0.351    1433.79    1433.84  0.000e+00
       5760     61.500     4.1392     4.1527     0.0135    0.86073    0.86294          1     4.4308     4.2033       9.98     0.0160  9.229e-03  1.000e-12  2.031e+00     8.1821     8.2014     0.0192     6.5002     6.5151     60.931     62.293      0.303    1433.85    1433.94  0.000e+00
       5814     62.000     4.1554     4.1711     0.0157    0.86393    0.86671          1     4.3404     4.0839       9.98     0.0160  4.924e-11  1.000e-12  2.031e+00     8.2107     8.2352     0.0244     6.5224     6.5413     61.426     62.799      0.197    1433.97    1434.07  0.000e+00
       5868     62.500     4.1847     4.1973     0.0126    0.86968    0.87140          1     4.1768     3.9522       9.98     0.0159  4.924e-11  1.000e-12  2.031e+00     8.2621     8.2764     0.0144     6.5623     6.5733     61.921     63.305      0.261    1434.17    1434.25  0.000e+00
       5912     63.000     4.1973     4.2075     0.0102    0.87241    0.87427          1     4.0726     3.8560       9.98     0.0159  4.924e-11  1.000e-12  2.031e+00     8.2867     8.3032     0.0164     6.5815     6.5942     62.417     63.811      0.272    1434.27    1434.34  0.000e+00
       5960     63.500     4.2137     4.2328     0.0191    0.87593    0.87998          1     3.9903     3.7510       9.98     0.0160  4.924e-11  1.000e-12  2.031e+00     8.3184     8.3550     0.0366     6.6061     6.6346     62.912     64.317      0.241    1434.39    1434.52  0.000e+00
       6003     64.000     4.2370     4.2479     0.0109    0.88282    0.88559          1     3.8304     3.6089       9.97     0.0161  4.924e-11  1.000e-12  2.031e+00     8.3828     8.4083     0.0256     6.6565     6.6764     63.407     64.822      0.331    1434.59    1434.67  0.000e+00
       6042     64.500     4.2443     4.2549     0.0106    0.88594    0.88996          1     3.6591     3.4393       9.98     0.0159  4.924e-11  1.000e-12  2.031e+00     8.4127     8.4511     0.0384     6.6800     6.7102     63.903     65.328      0.259    1434.67    1434.76  0.000e+00
       6092     65.000     4.2821     4.3084     0.0263    0.89597    0.90012          1     3.3197     3.1276       9.97     0.0159  4.924e-11  1.000e-12  2.031e+00     8.5055     8.5410     0.0355     6.7524     6.7798     64.398     65.834      0.272    1434.96    1435.12  0.000e+00
       6135     65.500     4.3113     4.3221     0.0108    0.90248    0.90642          1     3.0133     2.8850       9.97     0.0159  4.924e-11  1.000e-12  2.031e+00     8.5642     8.6017     0.0375     6.7981     6.8274     64.893     66.340      0.238    1435.17    1435.27  0.000e+00
       6195     66.000     4.3417     4.3645     0.0228    0.91245    0.91648          1     2.6020     2.4722       9.97     0.0159  4.924e-11  1.000e-12  2.031e+00     8.6581     8.6932     0.0352     6.8715     6.8986     65.388     66.846      0.238    1435.44    1435.58  0.000e+00
       6236     66.500     4.4024     4.4589     0.0563    0.92182    0.92728          1     2.3863     2.3083       9.97     0.0159  4.924e-11  1.000e-12  2.031e+00     8.7376     8.7783     0.0406     6.9325     6.9627     65.884     67.352      0.284    1435.82    1436.12  0.000e+00
       6284     67.000     4.5122     4.5709     0.0588    0.93281    0.93815          1     2.3072     2.2126       9.97     0.0160  4.924e-11  1.000e-12  2.031e+00     8.8204     8.8590     0.0386     6.9941     7.0225     66.379     67.857      0.247    1436.42    1436.73  0.000e+00
       6327     67.500     4.5794     4.6207     0.0413    0.94075    0.94549          1     2.2377     2.1213       9.97     0.0159  4.924e-11  1.000e-12  2.031e+00     8.8831     8.9202     0.0371     7.0413     7.0691     66.874     68.363      0.310    1436.80    1437.03  0.000e+00
       6367     68.000     4.6256     4.6756     0.0501    0.94781    0.95575          1     2.0564     1.9186       9.97     0.0160  4.924e-11  1.000e-12  2.031e+00     8.9423     9.0094     0.0671     7.0865     7.1377     67.370     68.869      0.263    1437.09    1437.40  0.000e+00
       6421     68.500     4.6997     4.7503     0.0505    0.96243    0.97136          1     1.5679     1.4188       9.97     0.0163  4.924e-11  1.000e-12  2.031e+00     9.0705     9.1473     0.0768     7.1851     7.2438     67.865     69.374      0.218    1437.59    1437.91  0.000e+00
       6475     69.000     4.7906     4.8221     0.0316    0.97891    0.98333          1     1.1205     1.0938       9.97     0.0162  4.924e-11  1.000e-12  2.031e+00     9.2127     9.2487     0.0360     7.2939     7.3211     68.360     69.880      0.219    1438.18    1438.36  0.000e+00
       6524     69.500     4.8547     4.8959     0.0411    0.99163    0.99751          1     1.3455     1.2486       9.97     0.0160  4.924e-11  1.000e-12  2.031e+00     9.3236     9.3716     0.0480     7.3790     7.4152     68.855     70.386      0.271    1438.61    1438.85  0.000e+00
       6571     70.000     4.9270     4.9804     0.0534    1.00355    1.01068          1     1.5000     1.3873       9.97     0.0160  4.924e-11  1.000e-12  2.031e+00     9.4239     9.4809     0.0570     7.4552     7.4978     69.351     70.891      0.252    1439.06    1439.37  0.000e+00
       6613     70.500     4.9942     5.0434     0.0491    1.01439    1.02034          1     1.3685     1.2581       9.97     0.0163  4.924e-11  1.000e-12  2.031e+00     9.5144     9.5604     0.0461     7.5237     7.5579     69.846     71.397      0.311    1439.48    1439.75  0.000e+00
       6652     71.000     5.0474     5.1238     0.0765    1.02165    1.03041          1     1.2578     1.1370       9.97     0.0162  4.924e-11  1.000e-12  2.031e+00     9.5724     9.6388     0.0664     7.5671     7.6160     70.341     71.902      0.296    1439.80    1440.21  0.000e+00
       6699     71.500     5.1669     5.2429     0.0760    1.03770    1.04640          1     0.7980     0.7186       9.97     0.0160  4.924e-11  1.000e-12  2.031e+00     9.6997     9.7653     0.0656     7.6620     7.7101     70.837     72.408      0.226    1440.49    1440.90  0.000e+00
       6750     72.000     5.2684     5.3041     0.0357    1.05248    1.05653          1     0.3392     0.3621       9.97     0.0161  4.924e-11  1.000e-12  2.031e+00     9.8189     9.8493     0.0303     7.7512     7.7733     71.332     72.913      0.244    1441.09    1441.28  0.000e+00
       6805     72.500     5.3230     5.3601     0.0370    1.06147    1.06616          1     0.2807     0.2913       9.97     0.0162  4.924e-11  1.000e-12  2.031e+00     9.8933     9.9295     0.0362     7.8071     7.8338     71.827     73.418      0.218    1441.43    1441.63  0.000e+00
       6852     73.000     5.3733     5.4058     0.0325    1.06930    1.07271          1     0.2962     0.2716       9.97     0.0161  4.924e-11  1.000e-12  2.031e+00     9.9570     9.9815     0.0245     7.8548     7.8725     72.322     73.924      0.283    1441.73    1441.90  0.000e+00
       6895     73.500     5.4306     5.4663     0.0358    1.07744    1.08156          1     0.5424     0.4760       9.97     0.0160  4.924e-11  1.000e-12  2.031e+00    10.0216    10.0522     0.0306     7.9028     7.9250     72.818     74.429      0.273    1442.07    1442.26  0.000e+00
       6936     74.000     5.4768     5.5340     0.0572    1.08409    1.09031          1     0.6125     0.5323       9.97     0.0161  4.924e-11  1.000e-12  2.031e+00    10.0744    10.1196     0.0452     7.9419     7.9745     73.313     74.934      0.306    1442.34    1442.65  0.000e+00
       6980     74.500     5.5477     5.5960     0.0483    1.09355    1.10047          1     0.2884     0.2278       9.97     0.0163  4.924e-11  1.000e-12  2.031e+00    10.1478    10.2025     0.0547     7.9960     8.0364     73.808     75.439      0.244    1442.75    1443.03  0.000e+00
       7030     75.000     5.5941     5.6280     0.0340    1.10268    1.10832          1     0.1322     0.1077       9.97     0.0165  4.924e-11  1.000e-12  2.031e+00    10.2251    10.2712     0.0461     8.0544     8.0888     74.303     75.945      0.261    1443.06    1443.26  0.000e+00
       7077     75.500     5.6409     5.6773     0.0363    1.11210    1.11650          1     0.1187     0.1042       9.97     0.0161  4.924e-11  1.000e-12  2.031e+00    10.3050    10.3379     0.0329     8.1147     8.1386     74.799     76.450      0.222    1443.37    1443.56  0.000e+00
       7135     76.000     5.7088     5.7463     0.0375    1.12138    1.12498          1     0.1216     0.1046       9.97     0.0162  4.924e-11  1.000e-12  2.031e+00    10.3768    10.4012     0.0244     8.1675     8.1845     75.294     76.955      0.234    1443.76    1443.95  0.000e+00
       7178     76.500     5.7479     5.7806     0.0327    1.12657    1.12951          1     0.1228     0.1014       9.97     0.0165  4.924e-11  1.000e-12  2.031e+00    10.4165    10.4358     0.0193     8.1965     8.2097     75.789     77.460      0.295    1443.98    1444.15  0.000e+00
       7219     77.000     5.7999     5.8235     0.0236    1.13333    1.13652          1     0.1259     0.0947       9.97     0.0166  4.924e-11  1.000e-12  2.031e+00    10.4678    10.4924     0.0245     8.2338     8.2517     76.284     77.965      0.302    1444.28    1444.41  0.000e+00
       7259     77.500     5.8284     5.8818     0.0534    1.13856    1.14503          1     0.1191     0.0917       9.97     0.0167  4.924e-11  1.000e-12  2.031e+00    10.5111    10.5590     0.0478     8.2662     8.3007     76.780     78.470      0.275    1444.46    1444.75  0.000e+00
       7307     78.000     5.8872     5.9333     0.0460    1.14671    1.15424          1     0.1165     0.0932       9.97     0.0166  4.924e-11  1.000e-12  2.031e+00    10.5739    10.6345     0.0606     8.3121     8.3570     77.275     78.975      0.247    1444.80    1445.07  0.000e+00
       7353     78.500     5.9214     5.9421     0.0207    1.15547    1.15915          1     0.1126     0.0899       9.97     0.0164  4.924e-11  1.000e-12  2.031e+00    10.6503    10.6805     0.0302     8.3702     8.3926     77.770     79.480      0.241    1445.05    1445.18  0.000e+00
       7422     79.000     5.9512     5.9838     0.0326    1.16060    1.16417          1     0.1060     0.0832       9.97     0.0164  4.924e-11  1.000e-12  2.031e+00    10.6919    10.7171     0.0252     8.4011     8.4189     78.266     79.985      0.240    1445.24    1445.41  0.000e+00
       7467     79.500     5.9903     6.0018     0.0115    1.16568    1.16701          1     0.1018     0.0853       9.97     0.0167  4.924e-11  1.000e-12  2.031e+00    10.7300    10.7396     0.0096     8.4286     8.4355     78.761     80.490      0.317    1445.46    1445.52  0.000e+00
       7510     80.000     5.9959     6.0010     0.0051    1.16718    1.16931          1     0.1041     0.0795       9.97     0.0165  4.924e-11  1.000e-12  2.031e+00    10.7430    10.7626     0.0196     8.4385     8.4537     79.256     80.995      0.240    1445.51    1445.56  0.000e+00
       7558     80.500     5.9933     6.0064     0.0131    1.16849    1.17143          1     0.0975     0.0777       9.97     0.0165  4.924e-11  1.000e-12  2.031e+00    10.7568    10.7819     0.0251     8.4495     8.4685     79.751     81.500      0.328    1445.52    1445.61  0.000e+00
       7590     81.000     6.0014     6.0224     0.0209    1.17077    1.17359          1     0.0969     0.0811       9.97     0.0163  4.924e-11  1.000e-12  2.031e+00    10.7768    10.7982     0.0214     8.4648     8.4803     80.247     82.005      0.361    1445.59    1445.71  0.000e+00
       7638     81.500     6.0154     6.0346     0.0192    1.17325    1.17558          1     0.0920     0.0772       9.97     0.0166  4.924e-11  1.000e-12  2.031e+00    10.7969    10.8140     0.0170     8.4798     8.4919     80.742     82.510      0.217    1445.68    1445.79  0.000e+00
       7700     82.000     6.0364     6.0578     0.0214    1.17713    1.17979          1     0.0875     0.0737       9.97     0.0165  4.924e-11  1.000e-12  2.031e+00    10.8287    10.8483     0.0196     8.5034     8.5175     81.237     83.015      0.247    1445.82    1445.94  0.000e+00
       7754     82.500     6.0638     6.1106     0.0468    1.18078    1.18522          1     0.0903     0.0749       9.97     0.0163  4.924e-11  1.000e-12  2.031e+00    10.8562    10.8853     0.0291     8.5233     8.5432     81.732     83.520      0.219    1445.98    1446.21  0.000e+00
       7801     83.000     6.1098     6.1572     0.0474    1.18555    1.19013          1     0.0857     0.0737       9.97     0.0165  4.924e-11  1.000e-12  2.031e+00    10.8887    10.9189     0.0302     8.5459     8.5666     82.228     84.025      0.279    1446.22    1446.46  0.000e+00
       7843     83.500     6.1444     6.1746     0.0302    1.18971    1.19324          1     0.0838     0.0710       9.97     0.0170  4.924e-11  1.000e-12  2.031e+00    10.9188    10.9441     0.0253     8.5673     8.5852     82.723     84.530      0.300    1446.42    1446.58  0.000e+00
       7881     84.000     6.1643     6.1909     0.0266    1.19245    1.19631          1     0.0868     0.0714       9.97     0.0170  4.924e-11  1.000e-12  2.031e+00    10.9395    10.9692     0.0297     8.5823     8.6039     83.218     85.035      0.315    1446.53    1446.68  0.000e+00
       7924     84.500     6.1769     6.2024     0.0256    1.19495    1.19854          1     0.0806     0.0701       9.97     0.0168  4.924e-11  1.000e-12  2.031e+00    10.9601    10.9875     0.0274     8.5977     8.6175     83.713     85.540      0.235    1446.62    1446.76  0.000e+00
