ctdpy/exports/archive_20191121_122431/received_data/SBE09_1044_20180319_1043_34_02_0069.cnv
* Sea-Bird SBE 9 Data File:
* FileName = C:\ctd\temp\2018\ME18D069.hex
* Software Version Seasave V 7.26.6.26
* Temperature SN = 5351
* Conductivity SN = 3941
* Number of Bytes Per Scan = 41
* Number of Voltage Words = 4
* Number of Scans Averaged by the Deck Unit = 1
* NMEA Latitude = 57 11.57 N
* NMEA Longitude = 011 39.52 E
* NMEA UTC (Time) = Mar 19 2018  10:43:19
* NMEA baud rate = 4800
** Station:  Fladen
** Operator:  SSip
** Ship: MERI
** Average sound velocity: 1469.92 m/s
** True-depth calculation Mon, 19 Mar 2018 12:28:27 +0000
** CTD Python Module SMHI /ver 3-12/ feb 2012 
** LIMS Job: 20183402-0069
** Cruise: SMHI-02-2018
** Latitude [GG MM.mm N] :
** Longitude [GG MM.mm E]:
# nquan = 26
# nvalues = 155                         
# units = specified
# name 0 = scan: Scan Count
# name 1 = prDM: Pressure, Digiquartz [db]
# name 2 = t090C: Temperature [ITS-90, deg C]
# name 3 = t190C: Temperature, 2 [ITS-90, deg C]
# name 4 = T2-T190C: Temperature Difference, 2 - 1 [ITS-90, deg C]
# name 5 = c0S/m: Conductivity [S/m]
# name 6 = c1S/m: Conductivity, 2 [S/m]
# name 7 = pumps: Pump Status
# name 8 = sbeox0ML/L: Oxygen, SBE 43 [ml/l]
# name 9 = sbeox1ML/L: Oxygen, SBE 43, 2 [ml/l]
# name 10 = altM: Altimeter [m]
# name 11 = flECO-AFL: Chl-a Fluorescence, WET Labs ECO-AFL/FL [mg/m^3]
# name 12 = flECO-AFL1: Phycocyanin Fluorescence, WET Labs ECO-AFL/FL, 2 [mg/m^3]
# name 13 = par: PAR/Irradiance, Biospherical/Lico [µE/(cm^2*s)]
# name 14 = turbWETntu0: Turbidity, WET Labs ECO [NTU]
# name 15 = sal00: Salinity, Practical [PSU]
# name 16 = sal11: Salinity, Practical, 2 [PSU]
# name 17 = secS-priS: Salinity, Practical, Difference, 2 - 1 [PSU]
# name 18 = sigma-t00: Density [sigma-t, Kg/m^3 ]
# name 19 = sigma-t11: Density, 2 [sigma-t, Kg/m^3 ]
# name 20 = depSM: Depth [salt water, m], lat = 57.1928
# name 21 = depFM: Depth [true depth, m], lat = 57.1928
# name 22 = dz/dtM: Descent Rate [m/s], WS = 2
# name 23 = svCM: Sound Velocity [Chen-Millero, m/s]
# name 24 = svCM1: Sound Velocity, 2 [Chen-Millero, m/s]
# name 25 = flag: flag
# span 0 =       4410,       8813       
# span 1 =      1.500,     78.500       
# span 2 =     0.5685,     6.9966       
# span 3 =     0.5667,     6.9968       
# span 4 =    -0.1121,     0.0547       
# span 5 =   1.589695,   3.518721       
# span 6 =   1.589485,   3.518751       
# span 7 =          1,          1       
# span 8 =    5.79238,    9.21081       
# span 9 =    5.79875,    9.25566       
# span 10 =       0.75,      99.84      
# span 11 =     0.0787,     6.3312      
# span 12 =     0.1551,     1.4073      
# span 13 = -1.213e-10, 7.1179e+02      
# span 14 =     0.4644,     1.3445      
# span 15 =    17.7751,    34.8581      
# span 16 =    17.7745,    34.8583      
# span 17 =    -0.2922,     0.2222      
# span 18 =    14.2207,    27.3083      
# span 19 =    14.2202,    27.3086      
# span 20 =      1.486,     77.763      
# span 21 =      1.506,     77.999      
# span 22 =     -0.060,      0.910      
# span 23 =    1428.99,    1479.71      
# span 24 =    1428.98,    1479.71      
# span 25 = 0.0000e+00, 0.0000e+00      
# interval = decibars: 0.5              
# start_time = Mar 19 2018 10:43:19 [NMEA time, first data scan]
# bad_flag = -9.990e-29
*END*
[from data line 112]
       7752     57.500     6.9361     6.9362     0.0001    3.50837    3.50843          1     5.8624     5.8696      25.91     0.0787     0.2775  1.000e-12  0.8607000    34.8143    34.8148     0.0005    27.2814    27.2817     56.963     57.178      0.494    1479.12    1479.12  0.000e+00
       7776     58.000     6.9420     6.9417    -0.0002    3.50915    3.50917          1     5.8547     5.8677      25.46     0.0990     0.2302  1.000e-12  0.9059000    34.8167    34.8172     0.0005    27.2824    27.2829     57.458     57.674      0.533    1479.16    1479.15  0.000e+00
       7798     58.500     6.9441     6.9441     0.0001    3.50945    3.50950          1     5.8555     5.8724      24.90     0.3255     0.4272  1.000e-12  0.9082000    34.8176    34.8181     0.0005    27.2829    27.2832     57.954     58.169      0.542    1479.17    1479.17  0.000e+00
       7820     59.000     6.9470     6.9468    -0.0002    3.50988    3.50989          1     5.8558     5.8734      24.48     0.2244     0.2443  1.000e-12  0.8999000    34.8192    34.8194     0.0003    27.2837    27.2839     58.449     58.665      0.532    1479.19    1479.19  0.000e+00
       7843     59.500     6.9489     6.9490     0.0001    3.51015    3.51021          1     5.8539     5.8758      23.90     0.1340     0.2404  1.000e-12  0.8951000    34.8200    34.8205     0.0005    27.2841    27.2845     58.944     59.161      0.536    1479.21    1479.21  0.000e+00
       7865     60.000     6.9508     6.9508     0.0000    3.51042    3.51045          1     5.8545     5.8714      23.45     0.1508     0.2706  1.000e-12  0.8927000    34.8208    34.8211     0.0003    27.2845    27.2847     59.439     59.657      0.538    1479.23    1479.23  0.000e+00
       7887     60.500     6.9538     6.9532    -0.0006    3.51083    3.51080          1     5.8506     5.8658      23.01     0.1105     0.2584  1.000e-12  0.8860000    34.8219    34.8223     0.0004    27.2849    27.2853     59.935     60.152      0.515    1479.25    1479.25  0.000e+00
       7912     61.000     6.9591     6.9589    -0.0003    3.51155    3.51159          1     5.8486     5.8681      22.05     0.1378     0.2217  1.000e-12  0.8875000    34.8244    34.8249     0.0006    27.2861    27.2866     60.430     60.648      0.492    1479.28    1479.28  0.000e+00
       7936     61.500     6.9634     6.9632    -0.0002    3.51229    3.51230          1     5.8454     5.8656      21.84     0.1361     0.2116  1.000e-12  0.8777000    34.8279    34.8282     0.0004    27.2883    27.2886     60.925     61.144      0.520    1479.31    1479.31  0.000e+00
       7958     62.000     6.9666     6.9666    -0.0000    3.51289    3.51292          1     5.8405     5.8543      21.39     0.1261     0.2438  1.000e-12  0.9180000    34.8310    34.8313     0.0004    27.2903    27.2906     61.420     61.639      0.559    1479.33    1479.33  0.000e+00
       7979     62.500     6.9679     6.9679    -0.0001    3.51324    3.51324          1     5.8368     5.8430      21.00     0.2545     0.2281  1.000e-12  0.9661000    34.8332    34.8333     0.0001    27.2919    27.2920     61.916     62.135      0.553    1479.35    1479.35  0.000e+00
       8002     63.000     6.9674     6.9675     0.0002    3.51326    3.51331          1     5.8339     5.8463      20.47     0.1591     0.2120  1.000e-12  0.9649000    34.8337    34.8342     0.0004    27.2924    27.2927     62.411     62.631      0.500    1479.36    1479.36  0.000e+00
       8027     63.500     6.9681     6.9686     0.0005    3.51350    3.51360          1     5.8221     5.8425      19.88     0.1140     0.2192  1.000e-12  0.9655000    34.8354    34.8360     0.0006    27.2936    27.2940     62.906     63.127      0.485    1479.37    1479.37  0.000e+00
       8051     64.000     6.9688     6.9691     0.0003    3.51369    3.51376          1     5.8175     5.8382      19.42     0.0987     0.2459  1.000e-12  0.9835000    34.8366    34.8371     0.0005    27.2944    27.2947     63.401     63.622      0.542    1479.38    1479.39  0.000e+00
       8072     64.500     6.9616     6.9618     0.0002    3.51306    3.51310          1     5.8198     5.8407      18.94     0.1101     0.2540  1.000e-12  0.9922000    34.8366    34.8369     0.0003    27.2955    27.2956     63.897     64.118      0.575    1479.36    1479.36  0.000e+00
       8093     65.000     6.9582     6.9585     0.0002    3.51280    3.51285          1     5.8218     5.8434      18.47     0.1433     0.2419  1.000e-12  1.0059000    34.8369    34.8372     0.0003    27.2962    27.2964     64.392     64.614      0.545    1479.36    1479.36  0.000e+00
       8116     65.500     6.9570     6.9574     0.0004    3.51280    3.51287          1     5.8234     5.8392      17.92     0.1524     0.2271  1.000e-12  1.0462000    34.8379    34.8383     0.0004    27.2971    27.2974     64.887     65.110      0.493    1479.36    1479.37  0.000e+00
       8141     66.000     6.9575     6.9577     0.0002    3.51296    3.51302          1     5.8191     5.8328      17.38     0.1048     0.2076  1.000e-12  1.0598000    34.8390    34.8394     0.0004    27.2979    27.2982     65.382     65.605      0.487    1479.37    1479.38  0.000e+00
       8165     66.500     6.9596     6.9597     0.0000    3.51333    3.51335          1     5.8154     5.8328      16.91     0.1556     0.2586  1.000e-12  1.2842000    34.8406    34.8409     0.0003    27.2989    27.2991     65.878     66.101      0.526    1479.39    1479.39  0.000e+00
       8187     67.000     6.9621     6.9612    -0.0008    3.51368    3.51364          1     5.8168     5.8323      16.42     0.6142     0.2844  1.000e-12  1.0228000    34.8417    34.8421     0.0004    27.2994    27.2998     66.373     66.597      0.551    1479.41    1479.41  0.000e+00
       8209     67.500     6.9614     6.9617     0.0004    3.51373    3.51382          1     5.8127     5.8267      15.83     0.2018     0.2751  1.000e-12  1.0944000    34.8428    34.8434     0.0006    27.3004    27.3008     66.868     67.093      0.539    1479.42    1479.42  0.000e+00
       8231     68.000     6.9608     6.9607    -0.0001    3.51373    3.51377          1     5.8095     5.8220      14.13     1.2787     0.2401  1.000e-12  1.0726000    34.8432    34.8436     0.0004    27.3007    27.3011     67.363     67.588      0.521    1479.43    1479.43  0.000e+00
       8255     68.500     6.9531     6.9533     0.0002    3.51310    3.51315          1     5.8078     5.8251      13.56     0.7098     0.2446  1.000e-12  1.1066000    34.8438    34.8441     0.0003    27.3023    27.3024     67.859     68.084      0.519    1479.41    1479.41  0.000e+00
       8278     69.000     6.9496     6.9493    -0.0003    3.51289    3.51288          1     5.8059     5.8237      13.15     0.1320     0.3040  1.000e-12  1.1433000    34.8447    34.8449     0.0002    27.3035    27.3037     68.354     68.580      0.507    1479.40    1479.40  0.000e+00
       8302     69.500     6.9513     6.9516     0.0004    3.51315    3.51323          1     5.8092     5.8221      13.41     0.1078     0.2553  1.000e-12  1.1818000    34.8457    34.8462     0.0005    27.3040    27.3043     68.849     69.076      0.489    1479.42    1479.42  0.000e+00
       8326     70.000     6.9528     6.9525    -0.0003    3.51336    3.51336          1     5.8098     5.8095      13.40     0.1063     0.2257  1.000e-12  1.2114000    34.8461    34.8464     0.0002    27.3042    27.3044     69.344     69.571      0.523    1479.43    1479.43  0.000e+00
       8348     70.500     6.9553     6.9530    -0.0024    3.51367    3.51343          1     5.8095     5.8128      12.95     0.1255     0.2255  1.000e-12  1.2332000    34.8467    34.8465    -0.0002    27.3042    27.3044     69.839     70.067      0.574    1479.45    1479.44  0.000e+00
       8368     71.000     6.9579     6.9573    -0.0006    3.51398    3.51395          1     5.8089     5.8188      12.47     0.1625     0.1867  1.000e-12  1.3085000    34.8472    34.8475     0.0003    27.3043    27.3046     70.335     70.563      0.573    1479.47    1479.47  0.000e+00
       8390     71.500     6.9654     6.9647    -0.0006    3.51488    3.51485          1     5.8023     5.8216      11.96     0.1415     0.2129  1.000e-12  1.1972000    34.8494    34.8497     0.0003    27.3050    27.3053     70.830     71.058      0.515    1479.51    1479.51  0.000e+00
       8416     72.000     6.9677     6.9679     0.0002    3.51519    3.51525          1     5.7976     5.8255      11.39     0.1266     0.2338  1.000e-12  1.1612000    34.8502    34.8506     0.0004    27.3053    27.3056     71.325     71.554      0.456    1479.53    1479.53  0.000e+00
       8442     72.500     6.9691     6.9695     0.0004    3.51539    3.51544          1     5.7970     5.8142      10.90     0.1384     0.2043  1.000e-12  1.2686000    34.8507    34.8509     0.0003    27.3055    27.3056     71.820     72.050      0.494    1479.54    1479.54  0.000e+00
       8464     73.000     6.9730     6.9748     0.0017    3.51583    3.51609          1     5.8020     5.8139      10.43     0.1376     0.6409  1.000e-12  1.2277000    34.8514    34.8525     0.0011    27.3055    27.3061     72.316     72.546      0.555    1479.57    1479.57  0.000e+00
       8486     73.500     6.9792     6.9780    -0.0012    3.51661    3.51651          1     5.8012     5.8164       9.94     0.8788     1.4073  1.000e-12  1.2314000    34.8534    34.8536     0.0002    27.3062    27.3065     72.811     73.041      0.547    1479.60    1479.60  0.000e+00
       8509     74.000     6.9816     6.9827     0.0011    3.51693    3.51710          1     5.7993     5.8164       9.44     0.5735     0.2849  1.000e-12  1.1780000    34.8543    34.8551     0.0008    27.3066    27.3071     73.306     73.537      0.495    1479.62    1479.62  0.000e+00
       8534     74.500     6.9867     6.9860    -0.0006    3.51753    3.51750          1     5.8011     5.8179       8.92     0.1700     0.2361  1.000e-12  1.1531000    34.8555    34.8558     0.0003    27.3069    27.3072     73.801     74.033      0.440    1479.65    1479.65  0.000e+00
       8563     75.000     6.9893     6.9929     0.0036    3.51791    3.51833          1     5.7985     5.8161       8.25     0.1537     0.3129  1.000e-12  1.1451000    34.8568    34.8578     0.0010    27.3075    27.3078     74.297     74.529      0.414    1479.67    1479.68  0.000e+00
       8591     75.500     6.9966     6.9968     0.0002    3.51872    3.51875          1     5.7924     5.8026       7.10     0.4685     0.2402  1.000e-12  1.1370000    34.8581    34.8583     0.0002    27.3075    27.3076     74.792     75.024      0.455    1479.71    1479.71  0.000e+00
       8616     76.000     6.9894     6.9897     0.0003    3.51800    3.51803          1     5.7989     5.7988       6.58     0.2284     0.2620  1.000e-12  1.1667000    34.8572    34.8573     0.0001    27.3078    27.3078     75.287     75.520      0.491    1479.69    1479.69  0.000e+00
       8641     76.500     6.9809     6.9819     0.0010    3.51713    3.51725          1     5.7938     5.8069       6.47     1.0707     0.2290  1.000e-12  1.2534000    34.8560    34.8563     0.0003    27.3080    27.3081     75.782     76.016      0.459    1479.66    1479.66  0.000e+00
       8670     77.000     6.9794     6.9804     0.0010    3.51701    3.51713          1     5.7943     5.8114       6.32     0.3643     0.2691  1.000e-12  1.3445000    34.8558    34.8562     0.0004    27.3081    27.3082     76.277     76.511      0.389    1479.66    1479.67  0.000e+00
       8702     77.500     6.9793     6.9793    -0.0001    3.51702    3.51703          1     5.7979     5.8089       5.85     0.4950     0.2610  1.000e-12  1.1776000    34.8559    34.8560     0.0001    27.3082    27.3083     76.773     77.007      0.379    1479.67    1479.67  0.000e+00
       8732     78.000     6.9777     6.9781     0.0004    3.51688    3.51696          1     5.7951     5.8058       5.39     0.2317     0.2935  1.000e-12  1.1629000    34.8557    34.8562     0.0005    27.3083    27.3086     77.268     77.503      0.427    1479.67    1479.67  0.000e+00
       8813     78.500     6.9756     6.9768     0.0012    3.51658    3.51682          1     5.7984     5.8116       4.65     0.2008     0.2499  1.000e-12  1.1616000    34.8542    34.8557     0.0015    27.3074    27.3084     77.763     77.999     -0.060    1479.67    1479.68  0.000e+00
