ctdpy/exports/archive_20191121_122431/received_data/SBE09_1044_20181208_0148_34_01_0166.cnv
* Sea-Bird SBE 9 Data File:
* FileName = C:\ctd\temp\ar18d166.hex
* Software Version Seasave V 7.26.7.107
* Temperature SN = 5351
* Conductivity SN = 3941
* Number of Bytes Per Scan = 30
* Number of Voltage Words = 4
* Number of Scans Averaged by the Deck Unit = 1
* NMEA baud rate = 4800
** Station:  Å16
** Operator:  ASkj
** Ship: ARANDA
** Average sound velocity: 1486.05 m/s
** True-depth calculation Sun, 09 Dec 2018 17:50:28 +0000
** CTD Python Module SMHI /ver 3-12/ feb 2012 
** LIMS Job: 20183401-0166
** Cruise: SMHI-7-2018
** Latitude [GG MM.mm N]: 58 16.031N
** Longitude [GG MM.mm E] 10 43.476E
# nquan = 26
# nvalues = 396                         
# units = specified
# name 0 = scan: Scan Count
# name 1 = prDM: Pressure, Digiquartz [db]
# name 2 = t090C: Temperature [ITS-90, deg C]
# name 3 = t190C: Temperature, 2 [ITS-90, deg C]
# name 4 = T2-T190C: Temperature Difference, 2 - 1 [ITS-90, deg C]
# name 5 = c0S/m: Conductivity [S/m]
# name 6 = c1S/m: Conductivity, 2 [S/m]
# name 7 = pumps: Pump Status
# name 8 = sbeox0ML/L: Oxygen, SBE 43 [ml/l]
# name 9 = sbeox1ML/L: Oxygen, SBE 43, 2 [ml/l]
# name 10 = altM: Altimeter [m]
# name 11 = flECO-AFL: Chl-a Fluorescence, WET Labs ECO-AFL/FL [mg/m^3]
# name 12 = flECO-AFL1: Phycocyanin Fluorescence, WET Labs ECO-AFL/FL, 2 [mg/m^3]
# name 13 = par: PAR/Irradiance, Biospherical/Lico [µE/(cm^2*s)]
# name 14 = turbWETntu0: Turbidity, WET Labs ECO [NTU]
# name 15 = sal00: Salinity, Practical [PSU]
# name 16 = sal11: Salinity, Practical, 2 [PSU]
# name 17 = secS-priS: Salinity, Practical, Difference, 2 - 1 [PSU]
# name 18 = sigma-t00: Density [sigma-t, Kg/m^3 ]
# name 19 = sigma-t11: Density, 2 [sigma-t, Kg/m^3 ]
# name 20 = depSM: Depth [salt water, m], lat = 0
# name 21 = depFM: Depth [true depth, m], lat = 0
# name 22 = dz/dtM: Descent Rate [m/s], WS = 2
# name 23 = svCM: Sound Velocity [Chen-Millero, m/s]
# name 24 = svCM1: Sound Velocity, 2 [Chen-Millero, m/s]
# name 25 = flag: flag
# span 0 =      11386,      20863       
# span 1 =      1.000,    198.500       
# span 2 =     7.1247,     9.6434       
# span 3 =     7.1100,     9.6443       
# span 4 =    -0.0573,     0.0214       
# span 5 =   3.209816,   3.762040       
# span 6 =   3.207218,   3.762185       
# span 7 =          1,          1       
# span 8 =    5.39790,    6.72949       
# span 9 =    5.38735,    6.70672       
# span 10 =       5.17,     106.86      
# span 11 =     0.0643,     1.2006      
# span 12 =     0.1345,     0.3179      
# span 13 = -1.351e-04, 1.7552e-02      
# span 14 =     0.1495,     2.0459      
# span 15 =    31.3960,    35.0554      
# span 16 =    31.3816,    35.0552      
# span 17 =    -0.0788,     0.0383      
# span 18 =    24.5646,    27.2986      
# span 19 =    24.5552,    27.2984      
# span 20 =      0.994,    197.315      
# span 21 =      0.994,    196.871      
# span 22 =     -0.149,      1.113      
# span 23 =    1474.66,    1489.10      
# span 24 =    1474.58,    1489.11      
# span 25 = 0.0000e+00, 0.0000e+00      
# interval = decibars: 0.5              
# start_time = Dec 08 2018 01:48:04 [System UTC, header]
# bad_flag = -9.990e-29
*END*
[from data line 168]
      15121     85.000     8.8832     8.8855     0.0023    3.70116    3.70149          1     6.1223     6.1099      87.04     0.1734     0.1597  1.000e-12  0.3389000    34.9326    34.9337     0.0011    27.0841    27.0846     84.516     84.332      0.795    1487.08    1487.09  0.000e+00
      15136     85.500     8.8457     8.8464     0.0007    3.69725    3.69734          1     6.1269     6.1276      97.37     0.1660     0.1632  1.000e-12  0.3582000    34.9281    34.9284     0.0003    27.0866    27.0867     85.013     84.828      0.752    1486.95    1486.95  0.000e+00
      15153     86.000     8.8193     8.8174    -0.0019    3.69439    3.69422          1     6.1320     6.1354      97.55     0.1882     0.2621  1.000e-12  0.3629000    34.9238    34.9239     0.0001    27.0874    27.0878     85.510     85.324      0.630    1486.85    1486.85  0.000e+00
      15176     86.500     8.8046     8.8110     0.0064    3.69281    3.69348          1     6.1382     6.1273      97.54     0.1879     0.2298  1.000e-12  0.3598000    34.9214    34.9221     0.0007    27.0878    27.0874     86.007     85.820      0.454    1486.80    1486.83  0.000e+00
      15209     87.000     8.7880     8.7893     0.0014    3.69112    3.69129          1     6.1420     6.1240      93.46     0.1972     0.2406  1.000e-12  0.3650000    34.9198    34.9202     0.0004    27.0892    27.0893     86.504     86.315      0.354    1486.75    1486.75  0.000e+00
      15240     87.500     8.7851     8.7871     0.0021    3.69088    3.69110          1     6.1160     6.1095      87.25     0.1782     0.2307  1.000e-12  0.3435000    34.9198    34.9201     0.0002    27.0897    27.0896     87.001     86.811      0.489    1486.75    1486.76  0.000e+00
      15260     88.000     8.7766     8.7776     0.0010    3.69004    3.69018          1     6.1219     6.1102      97.74     0.1878     0.2216  1.000e-12  0.3587000    34.9191    34.9195     0.0004    27.0905    27.0907     87.498     87.307      0.646    1486.72    1486.73  0.000e+00
      15277     88.500     8.7501     8.7490    -0.0011    3.68780    3.68769          1     6.1234     6.1054      97.55     0.1885     0.1856  1.000e-12  0.3801000    34.9214    34.9213    -0.0001    27.0965    27.0966     87.995     87.803      0.738    1486.64    1486.63  0.000e+00
      15293     89.000     8.7652     8.7738     0.0085    3.69036    3.69132          1     6.0543     6.0326      97.57     0.1894     0.1845  1.000e-12  0.3829000    34.9332    34.9348     0.0016    27.1034    27.1032     88.492     88.299      0.768    1486.71    1486.75  0.000e+00
      15308     89.500     8.8785     8.8822     0.0037    3.70479    3.70493          1     5.9298     5.9021      97.55     0.1885     0.2304  1.000e-12  0.3784000    34.9732    34.9710    -0.0022    27.1166    27.1143     88.989     88.795      0.723    1487.19    1487.20  0.000e+00
      15327     90.000     8.9276     8.9334     0.0058    3.71143    3.71206          1     5.8187     5.7805      95.40     0.1537     0.2161  1.000e-12  0.3389000    34.9944    34.9952     0.0008    27.1254    27.1252     89.486     89.290      0.565    1487.41    1487.43  0.000e+00
      15359     90.500     8.9000     8.8978    -0.0022    3.70871    3.70848          1     5.7759     5.7518      88.56     0.1071     0.2125  1.000e-12  0.2804000    34.9927    34.9924    -0.0003    27.1286    27.1287     89.983     89.786      0.320    1487.31    1487.30  0.000e+00
      15395     91.000     8.8838     8.8835    -0.0003    3.70703    3.70704          1     5.7922     5.7826      97.95     0.1110     0.1833  1.000e-12  0.2459000    34.9908    34.9912     0.0005    27.1296    27.1300     90.480     90.282      0.511    1487.26    1487.26  0.000e+00
      15413     91.500     8.8631     8.8645     0.0013    3.70487    3.70504          1     5.8032     5.8015      97.57     0.1031     0.2443  1.000e-12  0.2673000    34.9883    34.9887     0.0004    27.1310    27.1310     90.977     90.778      0.736    1487.18    1487.19  0.000e+00
      15428     92.000     8.8520     8.8499    -0.0023    3.70370    3.70348          1     5.8158     5.8159      97.21     0.1016     0.2373  1.000e-12  0.2707000    34.9867    34.9864    -0.0003    27.1315    27.1316     91.474     91.274      0.829    1487.15    1487.14  0.000e+00
      15442     92.500     8.8241     8.8239    -0.0002    3.70070    3.70074          1     5.8357     5.8357      97.18     0.1024     0.2219  1.000e-12  0.2727000    34.9824    34.9830     0.0006    27.1326    27.1331     91.971     91.770      0.817    1487.05    1487.05  0.000e+00
      15457     93.000     8.7801     8.7850     0.0048    3.69602    3.69660          1     5.8579     5.8628      97.53     0.1125     0.2120  1.000e-12  0.2779000    34.9763    34.9776     0.0013    27.1347    27.1350     92.468     92.265      0.694    1486.89    1486.91  0.000e+00
      15480     93.500     8.7566     8.7585     0.0019    3.69356    3.69374          1     5.8810     5.8876      93.72     0.1137     0.2255  1.000e-12  0.3022000    34.9732    34.9733     0.0000    27.1361    27.1358     92.965     92.761      0.419    1486.80    1486.81  0.000e+00
      15523     94.000     8.7547     8.7448    -0.0099    3.69334    3.69226          1     5.8925     5.8953      56.00     0.1223     0.2280  1.000e-12  0.2892000    34.9726    34.9710    -0.0016    27.1359    27.1362     93.462     93.257      0.317    1486.81    1486.77  0.000e+00
      15548     94.500     8.7316     8.7323     0.0007    3.69095    3.69100          1     5.8944     5.8881      93.08     0.1137     0.2299  1.000e-12  0.3119000    34.9700    34.9698    -0.0002    27.1375    27.1372     93.959     93.753      0.667    1486.73    1486.73  0.000e+00
      15563     95.000     8.7143     8.7108    -0.0035    3.68902    3.68868          1     5.9035     5.8994      96.94     0.1138     0.2127  1.000e-12  0.3173000    34.9665    34.9663    -0.0002    27.1375    27.1379     94.456     94.249      0.824    1486.67    1486.65  0.000e+00
      15577     95.500     8.6929     8.6932     0.0004    3.68679    3.68680          1     5.9163     5.9154      97.56     0.1248     0.2062  1.000e-12  0.3162000    34.9639    34.9636    -0.0002    27.1388    27.1386     94.953     94.744      0.860    1486.59    1486.59  0.000e+00
      15591     96.000     8.6790     8.6774    -0.0016    3.68532    3.68514          1     5.9277     5.9286      97.59     0.1378     0.2362  1.000e-12  0.3170000    34.9618    34.9614    -0.0004    27.1394    27.1393     95.450     95.240      0.776    1486.54    1486.54  0.000e+00
      15609     96.500     8.6648     8.6696     0.0048    3.68379    3.68430          1     5.9402     5.9400      97.57     0.1117     0.2396  1.000e-12  0.3439000    34.9594    34.9601     0.0007    27.1398    27.1396     95.947     95.736      0.544    1486.50    1486.52  0.000e+00
      15645     97.000     8.6477     8.6443    -0.0034    3.68192    3.68156          1     5.9501     5.9351      95.59     0.1301     0.2387  1.000e-12  0.3373000    34.9563    34.9559    -0.0004    27.1400    27.1402     96.444     96.232      0.300    1486.44    1486.43  0.000e+00
      15678     97.500     8.6357     8.6344    -0.0013    3.68069    3.68052          1     5.9530     5.9280      94.35     0.1229     0.2062  1.000e-12  0.3139000    34.9549    34.9544    -0.0005    27.1408    27.1406     96.941     96.728      0.570    1486.40    1486.39  0.000e+00
      15695     98.000     8.6287     8.6284    -0.0003    3.67996    3.67994          1     5.9505     5.9404      97.57     0.1382     0.1730  1.000e-12  0.3462000    34.9539    34.9539     0.0001    27.1411    27.1412     97.438     97.224      0.779    1486.38    1486.38  0.000e+00
      15709     98.500     8.6206     8.6217     0.0011    3.67916    3.67928          1     5.9505     5.9499      97.60     0.1280     0.1633  1.000e-12  0.3525000    34.9532    34.9534     0.0001    27.1419    27.1418     97.936     97.719      0.863    1486.36    1486.36  0.000e+00
      15722     99.000     8.6107     8.6109     0.0003    3.67810    3.67809          1     5.9560     5.9565      97.60     0.1260     0.1622  1.000e-12  0.3529000    34.9516    34.9513    -0.0003    27.1421    27.1418     98.433     98.215      0.824    1486.33    1486.33  0.000e+00
      15738     99.500     8.5895     8.5923     0.0028    3.67584    3.67616          1     5.9692     5.9639      97.58     0.1260     0.1812  1.000e-12  0.3694000    34.9483    34.9489     0.0006    27.1429    27.1429     98.930     98.711      0.619    1486.25    1486.26  0.000e+00
      15783    100.000     8.5761     8.5808     0.0047    3.67448    3.67494          1     5.9786     5.9766      97.58     0.1313     0.2267  1.000e-12  0.3486000    34.9470    34.9472     0.0002    27.1439    27.1433     99.426     99.207      0.338    1486.21    1486.23  0.000e+00
      15821    100.500     8.5546     8.5576     0.0031    3.67233    3.67265          1     5.9743     5.9676      97.58     0.1486     0.2104  1.000e-12  0.3257000    34.9453    34.9456     0.0003    27.1460    27.1457     99.924     99.703      0.766    1486.14    1486.15  0.000e+00
      15833    101.000     8.5411     8.5430     0.0019    3.67105    3.67124          1     5.9700     5.9582      97.62     0.1341     0.1930  1.000e-12  0.3585000    34.9448    34.9450     0.0002    27.1477    27.1475    100.421    100.198      1.016    1486.09    1486.10  0.000e+00
      15843    101.500     8.5383     8.5401     0.0017    3.67077    3.67095          1     5.9743     5.9582      97.62     0.1263     0.1946  1.000e-12  0.3894000    34.9443    34.9445     0.0002    27.1477    27.1476    100.918    100.694      1.113    1486.09    1486.10  0.000e+00
      15853    102.000     8.5294     8.5317     0.0021    3.66992    3.67018          1     5.9801     5.9722      97.61     0.1272     0.2316  1.000e-12  0.3919000    34.9439    34.9444     0.0005    27.1488    27.1488    101.415    101.190      1.074    1486.06    1486.08  0.000e+00
      15865    102.500     8.4923     8.4948     0.0026    3.66602    3.66621          1     5.9923     5.9873      97.59     0.1379     0.2329  1.000e-12  0.4293000    34.9390    34.9387    -0.0004    27.1507    27.1501    101.912    101.686      0.870    1485.93    1485.94  0.000e+00
      15904    103.000     8.4536     8.4581     0.0046    3.66234    3.66285          1     5.9977     5.9926      97.45     0.1353     0.2265  1.000e-12  0.4095000    34.9381    34.9391     0.0009    27.1561    27.1561    102.409    102.182      0.426    1485.79    1485.81  0.000e+00
      15952    103.500     8.4380     8.4539     0.0158    3.66126    3.66260          1     5.9822     5.9708      97.61     0.1615     0.2129  1.000e-12  0.3818000    34.9418    34.9403    -0.0015    27.1613    27.1577    102.906    102.677      0.709    1485.75    1485.80  0.000e+00
      15964    104.000     8.4484     8.4491     0.0007    3.66263    3.66274          1     5.9778     5.9687      97.62     0.1471     0.1920  1.000e-12  0.4280000    34.9459    34.9463     0.0004    27.1629    27.1632    103.403    103.173      0.958    1485.80    1485.80  0.000e+00
      15975    104.500     8.4361     8.4380     0.0018    3.66158    3.66176          1     5.9797     5.9701      97.62     0.1471     0.1911  1.000e-12  0.4395000    34.9467    34.9467     0.0001    27.1654    27.1652    103.900    103.669      1.040    1485.76    1485.77  0.000e+00
      15986    105.000     8.4242     8.4255     0.0013    3.66057    3.66071          1     5.9843     5.9769      97.61     0.1471     0.1779  1.000e-12  0.4680000    34.9475    34.9477     0.0002    27.1680    27.1679    104.397    104.165      0.986    1485.73    1485.73  0.000e+00
      15999    105.500     8.4183     8.4196     0.0013    3.66013    3.66023          1     5.9857     5.9813      97.62     0.1473     0.1822  1.000e-12  0.4911000    34.9484    34.9482    -0.0002    27.1696    27.1692    104.894    104.661      0.775    1485.71    1485.72  0.000e+00
      16026    106.000     8.4292     8.4312     0.0020    3.66147    3.66170          1     5.9804     5.9763      97.60     0.1445     0.2191  1.000e-12  0.4915000    34.9516    34.9520     0.0004    27.1704    27.1704    105.391    105.156      0.361    1485.77    1485.78  0.000e+00
      16073    106.500     8.4330     8.4347     0.0017    3.66197    3.66215          1     5.9674     5.9662      97.61     0.1458     0.1842  1.000e-12  0.4138000    34.9530    34.9531     0.0002    27.1709    27.1708    105.888    105.652      0.399    1485.79    1485.80  0.000e+00
      16093    107.000     8.4366     8.4378     0.0012    3.66251    3.66260          1     5.9653     5.9651      97.61     0.1402     0.2069  1.000e-12  0.4537000    34.9549    34.9546    -0.0002    27.1718    27.1714    106.385    106.148      0.703    1485.82    1485.82  0.000e+00
      16107    107.500     8.4379     8.4385     0.0007    3.66298    3.66302          1     5.9657     5.9596      97.62     0.1365     0.2071  1.000e-12  0.4697000    34.9583    34.9581    -0.0003    27.1743    27.1740    106.882    106.644      0.835    1485.83    1485.83  0.000e+00
      16121    108.000     8.4423     8.4431     0.0009    3.66359    3.66368          1     5.9587     5.9540      97.63     0.1140     0.2071  1.000e-12  0.4826000    34.9602    34.9603     0.0001    27.1751    27.1751    107.379    107.140      0.858    1485.86    1485.86  0.000e+00
      16135    108.500     8.4450     8.4462     0.0012    3.66398    3.66409          1     5.9496     5.9457      97.61     0.1219     0.2256  1.000e-12  0.4819000    34.9613    34.9614     0.0000    27.1756    27.1755    107.876    107.635      0.773    1485.88    1485.88  0.000e+00
      16153    109.000     8.4436     8.4458     0.0021    3.66393    3.66413          1     5.9491     5.9405      97.60     0.1447     0.2387  1.000e-12  0.4820000    34.9620    34.9620     0.0000    27.1763    27.1760    108.373    108.131      0.578    1485.88    1485.89  0.000e+00
      16181    109.500     8.4179     8.4231     0.0052    3.66129    3.66181          1     5.9569     5.9415      97.61     0.1296     0.2171  1.000e-12  0.4859000    34.9592    34.9596     0.0004    27.1781    27.1776    108.870    108.627      0.377    1485.79    1485.81  0.000e+00
      16216    110.000     8.4091     8.4079    -0.0012    3.66038    3.66025          1     5.9660     5.9573      97.60     0.1383     0.1912  1.000e-12  0.4851000    34.9580    34.9579    -0.0001    27.1786    27.1786    109.367    109.123      0.372    1485.77    1485.76  0.000e+00
      16244    110.500     8.3997     8.4005     0.0008    3.65937    3.65946          1     5.9685     5.9596      97.61     0.1382     0.1683  1.000e-12  0.5092000    34.9564    34.9565     0.0002    27.1787    27.1787    109.864    109.619      0.474    1485.74    1485.74  0.000e+00
      16267    111.000     8.3906     8.3919     0.0013    3.65837    3.65853          1     5.9732     5.9623      97.60     0.1382     0.2097  1.000e-12  0.5117000    34.9545    34.9549     0.0004    27.1787    27.1788    110.361    110.114      0.534    1485.71    1485.72  0.000e+00
      16289    111.500     8.3735     8.3744     0.0009    3.65678    3.65684          1     5.9687     5.9565      97.62     0.1382     0.2324  1.000e-12  0.5132000    34.9543    34.9540    -0.0003    27.1812    27.1808    110.858    110.610      0.536    1485.65    1485.66  0.000e+00
