ctdpy/exports/archive_20191121_122431/received_data/SBE09_1044_20181207_1950_34_01_0164.cnv
* Sea-Bird SBE 9 Data File:
* FileName = C:\ctd\temp\ar18d164.hex
* Software Version Seasave V 7.26.7.107
* Temperature SN = 5351
* Conductivity SN = 3941
* Number of Bytes Per Scan = 30
* Number of Voltage Words = 4
* Number of Scans Averaged by the Deck Unit = 1
* NMEA baud rate = 4800
** Station:  P2
** Operator:  JKro
** Ship: ARANDA
** Average sound velocity: 1481.98 m/s
** True-depth calculation Sun, 09 Dec 2018 17:50:05 +0000
** CTD Python Module SMHI /ver 3-12/ feb 2012 
** LIMS Job: 20183401-0164
** Cruise: SMHI-7-2018
** Latitude [GG MM.mm N]: 57 52.003
** Longitude [GG MM.mm E] 11 17.515
# nquan = 26
# nvalues = 180                         
# units = specified
# name 0 = scan: Scan Count
# name 1 = prDM: Pressure, Digiquartz [db]
# name 2 = t090C: Temperature [ITS-90, deg C]
# name 3 = t190C: Temperature, 2 [ITS-90, deg C]
# name 4 = T2-T190C: Temperature Difference, 2 - 1 [ITS-90, deg C]
# name 5 = c0S/m: Conductivity [S/m]
# name 6 = c1S/m: Conductivity, 2 [S/m]
# name 7 = pumps: Pump Status
# name 8 = sbeox0ML/L: Oxygen, SBE 43 [ml/l]
# name 9 = sbeox1ML/L: Oxygen, SBE 43, 2 [ml/l]
# name 10 = altM: Altimeter [m]
# name 11 = flECO-AFL: Chl-a Fluorescence, WET Labs ECO-AFL/FL [mg/m^3]
# name 12 = flECO-AFL1: Phycocyanin Fluorescence, WET Labs ECO-AFL/FL, 2 [mg/m^3]
# name 13 = par: PAR/Irradiance, Biospherical/Lico [µE/(cm^2*s)]
# name 14 = turbWETntu0: Turbidity, WET Labs ECO [NTU]
# name 15 = sal00: Salinity, Practical [PSU]
# name 16 = sal11: Salinity, Practical, 2 [PSU]
# name 17 = secS-priS: Salinity, Practical, Difference, 2 - 1 [PSU]
# name 18 = sigma-t00: Density [sigma-t, Kg/m^3 ]
# name 19 = sigma-t11: Density, 2 [sigma-t, Kg/m^3 ]
# name 20 = depSM: Depth [salt water, m], lat = 0
# name 21 = depFM: Depth [true depth, m], lat = 0
# name 22 = dz/dtM: Descent Rate [m/s], WS = 2
# name 23 = svCM: Sound Velocity [Chen-Millero, m/s]
# name 24 = svCM1: Sound Velocity, 2 [Chen-Millero, m/s]
# name 25 = flag: flag
# span 0 =      19144,      24855       
# span 1 =      1.000,     90.500       
# span 2 =     7.3816,     8.4794       
# span 3 =     7.3828,     8.4806       
# span 4 =    -0.0055,     0.0094       
# span 5 =   3.390470,   3.615949       
# span 6 =   3.390538,   3.616032       
# span 7 =          1,          1       
# span 8 =    6.22323,    6.60004       
# span 9 =    6.19773,    6.60726       
# span 10 =       2.73,      97.56      
# span 11 =     0.2411,     0.9052      
# span 12 =     0.1491,     0.3295      
# span 13 = 1.0000e-12, 2.7003e-03      
# span 14 =     0.6480,     1.4885      
# span 15 =    33.1129,    34.6886      
# span 16 =    33.1127,    34.6885      
# span 17 =    -0.0064,     0.0074      
# span 18 =    25.8801,    27.0198      
# span 19 =    25.8798,    27.0195      
# span 20 =      0.995,     89.983      
# span 21 =      0.993,     89.799      
# span 22 =     -0.051,      0.759      
# span 23 =    1477.80,    1484.69      
# span 24 =    1477.80,    1484.70      
# span 25 = 0.0000e+00, 0.0000e+00      
# interval = decibars: 0.5              
# start_time = Dec 07 2018 19:50:32 [System UTC, header]
# bad_flag = -9.990e-29
*END*
[from data line 56]
      20775     29.000     8.0525     8.0541     0.0015    3.52368    3.52381          1     6.4155     6.4094      63.50     0.4234     0.2296  1.000e-12  0.8223000    33.8888    33.8887    -0.0001    26.3934    26.3930     28.839     28.785      0.416    1481.77    1481.78  0.000e+00
      20803     29.500     8.0504     8.0511     0.0008    3.52348    3.52354          1     6.4159     6.4105      63.17     0.4020     0.2080  1.000e-12  0.8089000    33.8885    33.8884    -0.0001    26.3935    26.3933     29.336     29.281      0.399    1481.77    1481.77  0.000e+00
      20835     30.000     8.0597     8.0624     0.0027    3.52478    3.52507          1     6.4212     6.4173      62.68     0.4289     0.2964  1.000e-12  0.8450000    33.8931    33.8937     0.0006    26.3957    26.3957     29.833     29.777      0.380    1481.82    1481.83  0.000e+00
      20866     30.500     8.0755     8.0741    -0.0014    3.52682    3.52665          1     6.4291     6.4214      62.32     0.5259     0.2777  1.000e-12  0.8264000    33.8994    33.8989    -0.0005    26.3983    26.3981     30.330     30.273      0.411    1481.90    1481.89  0.000e+00
      20893     31.000     8.0791     8.0800     0.0009    3.52734    3.52741          1     6.4319     6.4251      61.87     0.5377     0.2505  1.000e-12  0.7642000    33.9012    33.9011    -0.0001    26.3991    26.3989     30.827     30.769      0.455    1481.92    1481.92  0.000e+00
      20918     31.500     8.0801     8.0810     0.0009    3.52745    3.52758          1     6.4322     6.4176      61.36     0.4239     0.2421  1.000e-12  0.7614000    33.9012    33.9016     0.0004    26.3990    26.3992     31.325     31.266      0.525    1481.93    1481.94  0.000e+00
      20940     32.000     8.0807     8.0816     0.0009    3.52755    3.52766          1     6.4295     6.4207      60.81     0.4848     0.2317  1.000e-12  0.7719000    33.9015    33.9017     0.0002    26.3991    26.3992     31.822     31.762      0.549    1481.94    1481.95  0.000e+00
      20963     32.500     8.0812     8.0822     0.0009    3.52770    3.52777          1     6.4309     6.4236      60.22     0.5689     0.2082  1.000e-12  0.8228000    33.9023    33.9022    -0.0001    26.3997    26.3994     32.319     32.258      0.436    1481.96    1481.96  0.000e+00
      21006     33.000     8.0815     8.0828     0.0012    3.52780    3.52790          1     6.4269     6.4159      59.56     0.6024     0.2124  1.000e-12  0.7825000    33.9029    33.9027    -0.0002    26.4001    26.3998     32.816     32.754      0.257    1481.96    1481.97  0.000e+00
      21043     33.500     8.0819     8.0829     0.0010    3.52786    3.52795          1     6.4256     6.4125      59.25     0.4406     0.2111  1.000e-12  0.7240000    33.9029    33.9028    -0.0000    26.4000    26.3999     33.313     33.250      0.541    1481.97    1481.98  0.000e+00
      21061     34.000     8.0828     8.0836     0.0008    3.52798    3.52805          1     6.4234     6.4109      59.07     0.4457     0.2218  1.000e-12  0.7661000    33.9030    33.9031     0.0000    26.4000    26.3999     33.810     33.746      0.679    1481.99    1481.99  0.000e+00
      21079     34.500     8.0836     8.0844     0.0009    3.52812    3.52818          1     6.4223     6.4099      58.61     0.4391     0.2562  1.000e-12  0.8663000    33.9035    33.9033    -0.0002    26.4003    26.4000     34.308     34.243      0.627    1482.00    1482.00  0.000e+00
      21103     35.000     8.0841     8.0851     0.0010    3.52824    3.52830          1     6.4242     6.4079      58.08     0.3817     0.2090  1.000e-12  0.8262000    33.9040    33.9037    -0.0003    26.4006    26.4002     34.805     34.739      0.366    1482.01    1482.01  0.000e+00
      21153     35.500     8.0848     8.0858     0.0011    3.52836    3.52845          1     6.4308     6.4207      57.39     0.5121     0.2199  1.000e-12  0.7578000    33.9045    33.9044    -0.0001    26.4009    26.4007     35.302     35.235      0.337    1482.02    1482.02  0.000e+00
      21178     36.000     8.0856     8.0864     0.0008    3.52847    3.52853          1     6.4277     6.4155      57.03     0.8566     0.2321  1.000e-12  0.7832000    33.9046    33.9045    -0.0001    26.4009    26.4007     35.799     35.731      0.575    1482.03    1482.03  0.000e+00
      21197     36.500     8.0861     8.0869     0.0009    3.52855    3.52861          1     6.4263     6.4102      56.50     0.5243     0.2633  1.000e-12  0.8002000    33.9048    33.9045    -0.0003    26.4009    26.4006     36.296     36.227      0.577    1482.04    1482.04  0.000e+00
      21221     37.000     8.0865     8.0873     0.0008    3.52864    3.52871          1     6.4282     6.4021      55.96     0.4272     0.2037  1.000e-12  0.8401000    33.9052    33.9051    -0.0001    26.4012    26.4010     36.793     36.723      0.440    1482.05    1482.05  0.000e+00
      21253     37.500     8.0871     8.0882     0.0011    3.52878    3.52886          1     6.4261     6.4064      24.19     0.5619     0.1958  1.000e-12  0.8315000    33.9058    33.9056    -0.0002    26.4016    26.4013     37.291     37.220      0.353    1482.06    1482.07  0.000e+00
      21286     38.000     8.0896     8.0905     0.0010    3.52915    3.52922          1     6.4255     6.4151      36.98     0.5093     0.2365  1.000e-12  0.8685000    33.9071    33.9069    -0.0002    26.4022    26.4019     37.788     37.716      0.396    1482.08    1482.09  0.000e+00
      21315     38.500     8.0900     8.0910     0.0010    3.52923    3.52930          1     6.4280     6.4155      54.42     0.4957     0.2696  1.000e-12  0.8355000    33.9073    33.9071    -0.0002    26.4023    26.4020     38.285     38.212      0.430    1482.09    1482.10  0.000e+00
      21342     39.000     8.0905     8.0916     0.0011    3.52933    3.52938          1     6.4252     6.4116      54.07     0.4712     0.2128  1.000e-12  0.7867000    33.9076    33.9071    -0.0005    26.4025    26.4020     38.782     38.708      0.437    1482.10    1482.11  0.000e+00
      21371     39.500     8.0926     8.0936     0.0011    3.52962    3.52970          1     6.4224     6.4041      53.58     0.4846     0.2254  1.000e-12  0.8011000    33.9085    33.9083    -0.0001    26.4029    26.4026     39.279     39.204      0.369    1482.12    1482.12  0.000e+00
      21406     40.000     8.0933     8.0944     0.0011    3.52973    3.52981          1     6.4134     6.4147      53.10     0.4695     0.2182  1.000e-12  0.7820000    33.9087    33.9085    -0.0002    26.4029    26.4026     39.776     39.701      0.397    1482.13    1482.14  0.000e+00
      21431     40.500     8.0950     8.0959     0.0009    3.52997    3.53005          1     6.4117     6.4094      52.66     0.5047     0.2124  1.000e-12  1.3060000    33.9094    33.9093    -0.0000    26.4032    26.4030     40.274     40.197      0.542    1482.15    1482.15  0.000e+00
      21451     41.000     8.0962     8.0971     0.0010    3.53013    3.53022          1     6.4173     6.4101      52.22     0.4549     0.2644  1.000e-12  0.9995000    33.9097    33.9098     0.0001    26.4033    26.4032     40.771     40.693      0.579    1482.16    1482.16  0.000e+00
      21473     41.500     8.0960     8.0969     0.0009    3.53014    3.53023          1     6.4241     6.4122      51.70     0.4194     0.2651  1.000e-12  0.8084000    33.9097    33.9099     0.0001    26.4033    26.4033     41.268     41.189      0.467    1482.17    1482.17  0.000e+00
      21510     42.000     8.0959     8.0973     0.0015    3.53016    3.53030          1     6.4291     6.4189      51.02     0.4571     0.2221  1.000e-12  0.8389000    33.9099    33.9100     0.0001    26.4035    26.4033     41.765     41.685      0.284    1482.17    1482.18  0.000e+00
      21548     42.500     8.0970     8.0980     0.0010    3.53032    3.53043          1     6.4254     6.4149      50.64     0.4219     0.2100  1.000e-12  0.7579000    33.9102    33.9104     0.0002    26.4036    26.4035     42.262     42.181      0.432    1482.19    1482.19  0.000e+00
      21572     43.000     8.0971     8.0982     0.0010    3.53038    3.53048          1     6.4162     6.4119      50.24     0.4794     0.2625  1.000e-12  0.7437000    33.9105    33.9105     0.0000    26.4038    26.4036     42.759     42.678      0.500    1482.20    1482.20  0.000e+00
      21598     43.500     8.0973     8.0983     0.0011    3.53044    3.53052          1     6.4163     6.4043      49.75     0.5822     0.2591  1.000e-12  0.7709000    33.9108    33.9106    -0.0001    26.4040    26.4037     43.256     43.174      0.422    1482.21    1482.21  0.000e+00
      21630     44.000     8.0973     8.0985     0.0012    3.53046    3.53055          1     6.4225     6.4039      49.11     0.4661     0.2419  1.000e-12  0.7586000    33.9107    33.9105    -0.0002    26.4039    26.4036     43.754     43.670      0.382    1482.21    1482.22  0.000e+00
      21658     44.500     8.0976     8.0986     0.0010    3.53052    3.53059          1     6.4226     6.4167      48.64     0.5061     0.2440  1.000e-12  0.7450000    33.9109    33.9107    -0.0002    26.4040    26.4037     44.251     44.166      0.483    1482.22    1482.23  0.000e+00
      21681     45.000     8.0983     8.0992     0.0008    3.53065    3.53072          1     6.4220     6.4194      48.16     0.4623     0.2689  1.000e-12  0.7889000    33.9113    33.9112    -0.0001    26.4042    26.4040     44.748     44.662      0.517    1482.24    1482.24  0.000e+00
      21705     45.500     8.0989     8.0998     0.0009    3.53077    3.53084          1     6.4200     6.4084      47.69     0.5640     0.2297  1.000e-12  0.8094000    33.9118    33.9116    -0.0002    26.4045    26.4042     45.245     45.158      0.461    1482.25    1482.25  0.000e+00
      21734     46.000     8.0993     8.1007     0.0014    3.53087    3.53098          1     6.4239     6.4035      47.13     0.5512     0.2254  1.000e-12  0.9034000    33.9122    33.9121    -0.0001    26.4047    26.4045     45.742     45.655      0.373    1482.26    1482.26  0.000e+00
      21771     46.500     8.1060     8.1080     0.0020    3.53172    3.53189          1     6.4180     6.4060      46.56     0.4232     0.2447  1.000e-12  0.8162000    33.9146    33.9145    -0.0001    26.4057    26.4053     46.239     46.151      0.313    1482.29    1482.30  0.000e+00
      21806     47.000     8.1121     8.1130     0.0009    3.53245    3.53249          1     6.4087     6.4111      46.08     0.4715     0.2771  1.000e-12  0.7456000    33.9162    33.9159    -0.0003    26.4060    26.4056     46.737     46.647      0.425    1482.33    1482.33  0.000e+00
      21830     47.500     8.1121     8.1130     0.0009    3.53246    3.53255          1     6.4079     6.4126      45.69     0.4513     0.2766  1.000e-12  0.7503000    33.9161    33.9162     0.0001    26.4059    26.4058     47.234     47.143      0.524    1482.34    1482.34  0.000e+00
      21853     48.000     8.1118     8.1128     0.0010    3.53251    3.53262          1     6.4132     6.4067      45.19     0.4714     0.2626  1.000e-12  0.7968000    33.9167    33.9169     0.0001    26.4065    26.4064     47.731     47.639      0.485    1482.34    1482.35  0.000e+00
      21881     48.500     8.1080     8.1091     0.0012    3.53228    3.53236          1     6.4138     6.4005      44.64     0.4871     0.2217  1.000e-12  0.7995000    33.9177    33.9175    -0.0002    26.4078    26.4074     48.228     48.135      0.400    1482.34    1482.34  0.000e+00
      21911     49.000     8.1068     8.1078     0.0010    3.53230    3.53238          1     6.4130     6.4048      44.17     0.4559     0.1991  1.000e-12  0.7729000    33.9189    33.9187    -0.0002    26.4089    26.4086     48.725     48.632      0.460    1482.34    1482.35  0.000e+00
      21934     49.500     8.1100     8.1109     0.0009    3.53282    3.53290          1     6.4148     6.4095      43.70     0.4622     0.2393  1.000e-12  1.0059000    33.9210    33.9210    -0.0000    26.4101    26.4100     49.222     49.128      0.511    1482.36    1482.37  0.000e+00
      21960     50.000     8.1138     8.1148     0.0010    3.53338    3.53346          1     6.4223     6.4130      43.12     0.4431     0.2737  1.000e-12  0.9784000    33.9231    33.9230    -0.0001    26.4112    26.4110     49.719     49.624      0.391    1482.39    1482.39  0.000e+00
      22001     50.500     8.1165     8.1174     0.0009    3.53381    3.53386          1     6.4163     6.4126      42.44     0.4249     0.2439  1.000e-12  0.7538000    33.9248    33.9245    -0.0003    26.4121    26.4117     50.216     50.120      0.299    1482.41    1482.41  0.000e+00
      22031     51.000     8.1185     8.1195     0.0010    3.53408    3.53417          1     6.4063     6.4033      42.05     0.4643     0.2467  1.000e-12  0.8111000    33.9255    33.9255     0.0001    26.4123    26.4123     50.714     50.616      0.561    1482.43    1482.43  0.000e+00
      22049     51.500     8.1114     8.1128     0.0015    3.53340    3.53353          1     6.4118     6.4002      41.73     0.5003     0.2326  1.000e-12  0.7652000    33.9250    33.9249    -0.0001    26.4130    26.4127     51.211     51.112      0.650    1482.41    1482.41  0.000e+00
      22068     52.000     8.0894     8.0928     0.0033    3.53123    3.53155          1     6.4171     6.4094      41.29     0.4500     0.2318  1.000e-12  0.8114000    33.9228    33.9229     0.0001    26.4146    26.4142     51.708     51.609      0.526    1482.33    1482.34  0.000e+00
      22107     52.500     8.0677     8.0715     0.0038    3.52896    3.52935          1     6.4165     6.4086      40.64     0.5412     0.2614  1.000e-12  0.8897000    33.9194    33.9199     0.0005    26.4151    26.4149     52.205     52.105      0.272    1482.25    1482.27  0.000e+00
      22147     53.000     8.0345     8.0354     0.0009    3.52555    3.52557          1     6.4107     6.3957      40.19     0.4743     0.2943  1.000e-12  0.8064000    33.9148    33.9142    -0.0006    26.4165    26.4159     52.702     52.601      0.496    1482.13    1482.13  0.000e+00
      22167     53.500     7.9994     8.0007     0.0013    3.52238    3.52250          1     6.4123     6.4058      39.81     0.4589     0.2592  1.000e-12  0.8337000    33.9146    33.9147     0.0000    26.4215    26.4213     53.199     53.097      0.633    1482.01    1482.01  0.000e+00
      22185     54.000     7.9978     7.9999     0.0021    3.52282    3.52297          1     6.4134     6.4110      39.33     0.4481     0.2423  1.000e-12  0.8966000    33.9206    33.9203    -0.0003    26.4264    26.4259     53.696     53.593      0.618    1482.01    1482.02  0.000e+00
      22207     54.500     7.9885     7.9915     0.0030    3.52236    3.52254          1     6.4189     6.4211      38.81     0.4369     0.2252  1.000e-12  0.9841000    33.9245    33.9235    -0.0010    26.4309    26.4297     54.193     54.089      0.478    1481.99    1482.00  0.000e+00
      22242     55.000     7.9775     7.9792     0.0017    3.52171    3.52184          1     6.4212     6.4180      38.16     0.5194     0.2331  1.000e-12  0.9495000    33.9280    33.9278    -0.0002    26.4352    26.4348     54.691     54.585      0.276    1481.96    1481.97  0.000e+00
      22286     55.500     7.9616     7.9620     0.0005    3.52038    3.52040          1     6.4209     6.4071      37.71     0.5426     0.2572  1.000e-12  0.8727000    33.9290    33.9287    -0.0002    26.4384    26.4381     55.188     55.082      0.394    1481.91    1481.91  0.000e+00
      22309     56.000     7.9294     7.9313     0.0019    3.51746    3.51762          1     6.4281     6.4042      37.27     0.4628     0.2263  1.000e-12  0.9238000    33.9287    33.9286    -0.0000    26.4429    26.4426     55.685     55.578      0.572    1481.80    1481.81  0.000e+00
