ctdpy/exports/archive_20191121_122431/received_data/SBE09_0827_20181005_0924_26_01_1015.cnv
* Sea-Bird SBE 9 Data File:
* FileName = D:\CTD_SBE911\DAT\26DA.2018.10.15.hex
* Software Version Seasave V 7.21d
* Temperature SN = 4548
* Conductivity SN = 3062
* Number of Bytes Per Scan = 48
* Number of Voltage Words = 5
* Number of Scans Averaged by the Deck Unit = 1
* NMEA Latitude = 56 38.04 N
* NMEA Longitude = 017 39.61 E
* NMEA UTC (Time) = Oct 05 2018  09:27:33
* NMEA baud rate = 4800
** Ship: DANA
** Average sound velocity: 1448.65 m/s
** True-depth calculation Thu, 28 Mar 2019 12:17:47 +0000
** CTD Python Module SMHI /ver 3-12/ feb 2012 
** LIMS Job: 20182601-1015
** Operator: Christian
** Cruise: 10/2018
# nquan = 26
# nvalues = 106                         
# units = specified
# name 0 = scan: Scan Count
# name 1 = prDM: Pressure, Digiquartz [db]
# name 2 = t090C: Temperature [ITS-90, deg C]
# name 3 = t190C: Temperature, 2 [ITS-90, deg C]
# name 4 = T2-T190C: Temperature Difference, 2 - 1 [ITS-90, deg C]
# name 5 = c0S/m: Conductivity [S/m]
# name 6 = c1S/m: Conductivity, 2 [S/m]
# name 7 = pumps: Pump Status
# name 8 = sbeox1ML/L: Oxygen, SBE 43, 2 [ml/l]
# name 9 = sbeox0ML/L: Oxygen, SBE 43 [ml/l]
# name 10 = altM: Altimeter [m]
# name 11 = chloroflTC0: Chlorophyll, Turner Cyclops [ug/l]
# name 12 = cpar: CPAR/Corrected Irradiance [%]
# name 13 = par: PAR/Irradiance, Biospherical/Lico [µE/(cm^2*s)]
# name 14 = spar: SPAR, Biospherical/Licor
# name 15 = sal00: Salinity, Practical [PSU]
# name 16 = sal11: Salinity, Practical, 2 [PSU]
# name 17 = secS-priS: Salinity, Practical, Difference, 2 - 1 [PSU]
# name 18 = sigma-t00: Density [sigma-t, kg/m^3 ]
# name 19 = sigma-t11: Density, 2 [sigma-t, kg/m^3 ]
# name 20 = depSM: Depth [salt water, m], lat = 56.634
# name 21 = depFM: Depth [true depth, m], lat = 56.634
# name 22 = dz/dtM: Descent Rate [m/s], WS = 2
# name 23 = svCM: Sound Velocity [Chen-Millero, m/s]
# name 24 = svCM1: Sound Velocity, 2 [Chen-Millero, m/s]
# name 25 = flag: flag
# span 0 =        178,       6561       
# span 1 =      1.500,     54.000       
# span 2 =     4.1201,    11.4009       
# span 3 =     4.1143,    11.4012       
# span 4 =    -0.4622,     0.1344       
# span 5 =   0.796768,   0.996328       
# span 6 =   0.797335,   1.002252       
# span 7 =          1,          1       
# span 8 =     0.7403,     7.1477       
# span 9 =     0.6656,     6.6739       
# span 10 =       1.84,      10.00      
# span 11 =     0.0159,     0.0299      
# span 12 = -1.460e-05, 8.3265e+00      
# span 13 = -1.818e-04, 1.3587e+02      
# span 14 = 1.0580e+03, 1.6610e+03      
# span 15 =     6.9470,     9.3402      
# span 16 =     6.9472,     9.3909      
# span 17 =    -0.0002,     0.1647      
# span 18 =     4.9664,     7.3868      
# span 19 =     4.9665,     7.4254      
# span 20 =      1.486,     53.499      
# span 21 =      1.520,     54.702      
# span 22 =     -0.028,      0.875      
# span 23 =    1432.96,    1461.48      
# span 24 =    1432.94,    1461.47      
# span 25 = 0.0000e+00, 0.0000e+00      
# interval = decibars: 0.5              
# start_time = Oct 05 2018 09:27:34 [NMEA time, first data scan]
# bad_flag = -9.990e-29
*END*
        178      1.500    11.3999    11.3999     0.0000    0.89613    0.89615          1     7.1433     6.6687      10.00     0.0225  8.326e+00  1.359e+02  1.632e+03     6.9470     6.9472     0.0002     4.9664     4.9666      1.486      1.520      0.157    1461.22    1461.22  0.000e+00
        351      2.000    11.4009    11.4012     0.0003    0.89617    0.89620          1     7.1405     6.6643      10.00     0.0216  7.362e+00  1.202e+02  1.633e+03     6.9471     6.9473     0.0002     4.9664     4.9665      1.982      2.027      0.427    1461.23    1461.23  0.000e+00
        398      2.500    11.3997    11.3990    -0.0007    0.89614    0.89618          1     7.1396     6.6661      10.00     0.0214  6.131e+00  9.953e+01  1.624e+03     6.9470     6.9475     0.0004     4.9665     4.9669      2.477      2.534      0.875    1461.24    1461.23  0.000e+00
        411      3.000    11.4004    11.4005     0.0001    0.89616    0.89620          1     7.1418     6.6715      10.00     0.0222  5.153e+00  8.414e+01  1.633e+03     6.9471     6.9474     0.0003     4.9664     4.9666      2.972      3.041      0.703    1461.25    1461.25  0.000e+00
        475      3.500    11.3995    11.4000     0.0005    0.89616    0.89621          1     7.1433     6.6698      10.00     0.0239  3.969e+00  6.518e+01  1.642e+03     6.9472     6.9474     0.0003     4.9666     4.9667      3.468      3.547      0.379    1461.25    1461.25  0.000e+00
        533      4.000    11.3994    11.4003     0.0008    0.89617    0.89621          1     7.1477     6.6739      10.00     0.0248  3.255e+00  5.405e+01  1.661e+03     6.9472     6.9474     0.0002     4.9666     4.9667      3.963      4.054      0.375    1461.26    1461.26  0.000e+00
        608      4.500    11.3933    11.3894    -0.0039    0.89605    0.89602          1     7.1396     6.6665      10.00     0.0285  2.993e+00  4.861e+01  1.624e+03     6.9473     6.9477     0.0004     4.9674     4.9683      4.459      4.561      0.246    1461.24    1461.23  0.000e+00
        652      5.000    11.3886    11.3880    -0.0006    0.89598    0.89599          1     7.1349     6.6636       9.99     0.0292  2.336e+00  3.743e+01  1.602e+03     6.9475     6.9478     0.0002     4.9682     4.9685      4.954      5.068      0.304    1461.23    1461.23  0.000e+00
        702      5.500    11.3885    11.3883    -0.0002    0.89600    0.89602          1     7.1268     6.6630       9.99     0.0293  2.075e+00  3.289e+01  1.585e+03     6.9476     6.9479     0.0002     4.9683     4.9685      5.450      5.574      0.217    1461.24    1461.24  0.000e+00
        751      6.000    11.3882    11.3881    -0.0001    0.89601    0.89604          1     7.1356     6.6534       9.99     0.0292  1.773e+00  2.749e+01  1.550e+03     6.9478     6.9481     0.0003     4.9685     4.9687      5.945      6.081      0.320    1461.25    1461.25  0.000e+00
        807      6.500    11.3882    11.3880    -0.0002    0.89604    0.89608          1     7.1399     6.6594       9.99     0.0294  1.438e+00  2.185e+01  1.520e+03     6.9479     6.9483     0.0004     4.9686     4.9689      6.440      6.588      0.246    1461.26    1461.26  0.000e+00
        878      7.000    11.3864    11.3860    -0.0004    0.89603    0.89608          1     7.1311     6.6594       9.99     0.0299  1.223e+00  1.885e+01  1.542e+03     6.9482     6.9487     0.0005     4.9690     4.9694      6.936      7.095      0.443    1461.26    1461.26  0.000e+00
        903      7.500    11.3850    11.3848    -0.0002    0.89602    0.89610          1     7.1340     6.6549       9.99     0.0291  1.174e+00  1.770e+01  1.508e+03     6.9483     6.9490     0.0007     4.9693     4.9698      7.431      7.601      0.372    1461.26    1461.26  0.000e+00
        968      8.000    11.3829    11.3838     0.0009    0.89606    0.89611          1     7.1216     6.6611      10.00     0.0289  9.681e-01  1.422e+01  1.469e+03     6.9489     6.9492     0.0003     4.9700     4.9701      7.927      8.108      0.260    1461.26    1461.27  0.000e+00
       1004      8.500    11.3807    11.3790    -0.0017    0.89608    0.89612          1     7.1217     6.6560      10.00     0.0290  8.801e-01  1.333e+01  1.515e+03     6.9494     6.9502     0.0007     4.9707     4.9714      8.422      8.615      0.396    1461.26    1461.26  0.000e+00
       1039      9.000    11.3831    11.3825    -0.0006    0.89609    0.89614          1     7.1372     6.6495      10.00     0.0290  7.863e-01  1.232e+01  1.568e+03     6.9491     6.9496     0.0005     4.9701     4.9706      8.917      9.122      0.285    1461.28    1461.28  0.000e+00
       1088      9.500    11.3805    11.3810     0.0005    0.89610    0.89614          1     7.1260     6.6537      10.00     0.0287  6.153e-01  9.632e+00  1.565e+03     6.9496     6.9499     0.0003     4.9708     4.9710      9.413      9.628      0.227    1461.28    1461.28  0.000e+00
       1156     10.000    11.3825    11.3848     0.0023    0.89612    0.89617          1     7.1271     6.6630       9.99     0.0281  5.717e-01  8.703e+00  1.523e+03     6.9493     6.9493    -0.0000     4.9704     4.9701      9.908     10.135      0.181    1461.30    1461.31  0.000e+00
       1208     10.500    11.3856    11.3871     0.0014    0.89612    0.89613          1     7.1352     6.6599       9.99     0.0288  5.241e-01  7.806e+00  1.489e+03     6.9487     6.9485    -0.0002     4.9695     4.9692     10.404     10.642      0.318    1461.32    1461.32  0.000e+00
       1244     11.000    11.3876    11.3880     0.0004    0.89605    0.89608          1     7.1434     6.6655       9.99     0.0291  4.416e-01  6.565e+00  1.486e+03     6.9477     6.9479     0.0001     4.9685     4.9685     10.899     11.149      0.312    1461.33    1461.33  0.000e+00
       1286     11.500    11.3873    11.3867    -0.0005    0.89604    0.89608          1     7.1378     6.6574       9.99     0.0282  3.886e-01  5.744e+00  1.478e+03     6.9476     6.9480     0.0004     4.9684     4.9688     11.394     11.655      0.277    1461.33    1461.33  0.000e+00
       1329     12.000    11.3862    11.3864     0.0002    0.89605    0.89609          1     7.1279     6.6554       9.99     0.0280  3.674e-01  5.368e+00  1.461e+03     6.9478     6.9481     0.0003     4.9687     4.9690     11.890     12.162      0.280    1461.34    1461.34  0.000e+00
       1375     12.500    11.3869    11.3872     0.0003    0.89608    0.89613          1     7.1256     6.6528       9.99     0.0280  2.977e-01  4.266e+00  1.433e+03     6.9479     6.9483     0.0004     4.9687     4.9690     12.385     12.669      0.240    1461.35    1461.35  0.000e+00
       1422     13.000    11.3872    11.3876     0.0003    0.89613    0.89618          1     7.1300     6.6535       9.99     0.0283  2.522e-01  3.545e+00  1.406e+03     6.9482     6.9485     0.0003     4.9689     4.9691     12.881     13.176      0.296    1461.36    1461.36  0.000e+00
       1465     13.500    11.3858    11.3858     0.0000    0.89616    0.89621          1     7.1315     6.6599       9.99     0.0284  2.276e-01  3.215e+00  1.412e+03     6.9487     6.9491     0.0004     4.9695     4.9697     13.376     13.682      0.228    1461.36    1461.36  0.000e+00
       1520     14.000    11.3853    11.3856     0.0003    0.89608    0.89608          1     7.1254     6.6645       9.99     0.0278  1.985e-01  2.789e+00  1.405e+03     6.9480     6.9480    -0.0001     4.9690     4.9689     13.871     14.189      0.317    1461.37    1461.37  0.000e+00
       1550     14.500    11.3854    11.3854     0.0001    0.89611    0.89616          1     7.1357     6.6632       9.99     0.0278  1.714e-01  2.339e+00  1.364e+03     6.9482     6.9487     0.0004     4.9692     4.9695     14.367     14.696      0.416    1461.38    1461.38  0.000e+00
       1583     15.000    11.3857    11.3862     0.0006    0.89610    0.89613          1     7.1301     6.6595       9.99     0.0272  1.532e-01  2.040e+00  1.332e+03     6.9481     6.9482     0.0001     4.9690     4.9690     14.862     15.203      0.278    1461.39    1461.39  0.000e+00
       1646     15.500    11.3861    11.3868     0.0006    0.89609    0.89616          1     7.1337     6.6663       9.98     0.0279  1.476e-01  1.850e+00  1.253e+03     6.9479     6.9483     0.0004     4.9688     4.9691     15.358     15.709      0.293    1461.40    1461.40  0.000e+00
       1680     16.000    11.3860    11.3861     0.0001    0.89614    0.89615          1     7.1334     6.6688       9.98     0.0289  1.177e-01  1.438e+00  1.222e+03     6.9482     6.9483     0.0001     4.9691     4.9691     15.853     16.216      0.307    1461.40    1461.40  0.000e+00
       1752     16.500    11.3853    11.3853    -0.0000    0.89604    0.89607          1     7.1333     6.6703       9.98     0.0281  1.040e-01  1.293e+00  1.244e+03     6.9475     6.9477     0.0003     4.9686     4.9688     16.348     16.723      0.267    1461.41    1461.41  0.000e+00
       1794     17.000    11.3847    11.3853     0.0006    0.89601    0.89606          1     7.1330     6.6641       9.98     0.0284  9.982e-02  1.284e+00  1.287e+03     6.9473     6.9476     0.0003     4.9685     4.9687     16.844     17.230      0.378    1461.41    1461.42  0.000e+00
       1826     17.500    11.3850    11.3854     0.0004    0.89602    0.89607          1     7.1353     6.6609       9.98     0.0281  8.477e-02  1.075e+00  1.268e+03     6.9473     6.9476     0.0003     4.9685     4.9687     17.339     17.736      0.326    1461.42    1461.43  0.000e+00
       1870     18.000    11.3853    11.3854     0.0001    0.89602    0.89607          1     7.1320     6.6649       9.98     0.0280  6.277e-02  8.502e-01  1.354e+03     6.9472     6.9476     0.0004     4.9684     4.9686     17.834     18.243      0.277    1461.43    1461.43  0.000e+00
       1907     18.500    11.3856    11.3860     0.0004    0.89605    0.89610          1     7.1348     6.6608       9.98     0.0277  6.027e-02  7.978e-01  1.324e+03     6.9473     6.9476     0.0004     4.9684     4.9686     18.330     18.750      0.367    1461.44    1461.44  0.000e+00
       1939     19.000    11.3869    11.3877     0.0009    0.89607    0.89612          1     7.1331     6.6684       9.98     0.0272  5.280e-02  6.841e-01  1.295e+03     6.9472     6.9475     0.0002     4.9682     4.9683     18.825     19.257      0.359    1461.45    1461.46  0.000e+00
       1986     19.500    11.3858    11.3862     0.0004    0.89609    0.89614          1     7.1336     6.6666       9.98     0.0277  4.075e-02  5.293e-01  1.300e+03     6.9475     6.9479     0.0003     4.9686     4.9688     19.321     19.763      0.231    1461.46    1461.46  0.000e+00
       2060     20.000    11.3838    11.3832    -0.0006    0.89610    0.89615          1     7.1294     6.6640       9.97     0.0270  3.683e-02  4.899e-01  1.330e+03     6.9479     6.9484     0.0006     4.9691     4.9696     19.816     20.270      0.334    1461.46    1461.46  0.000e+00
       2088     20.500    11.3822    11.3822     0.0000    0.89611    0.89616          1     7.1197     6.6564       9.97     0.0270  3.165e-02  4.233e-01  1.338e+03     6.9483     6.9487     0.0004     4.9696     4.9699     20.311     20.777      0.397    1461.46    1461.46  0.000e+00
       2123     21.000    11.3803    11.3795    -0.0008    0.89613    0.89618          1     7.1190     6.6552       9.97     0.0273  2.370e-02  3.201e-01  1.351e+03     6.9487     6.9493     0.0006     4.9702     4.9707     20.807     21.284      0.263    1461.46    1461.46  0.000e+00
       2178     21.500    11.3794    11.3805     0.0010    0.89616    0.89620          1     7.1209     6.6576       9.97     0.0270  2.020e-02  2.765e-01  1.368e+03     6.9490     6.9492     0.0002     4.9705     4.9705     21.302     21.790      0.288    1461.47    1461.47  0.000e+00
       2211     22.000    11.3794    11.3776    -0.0018    0.89616    0.89619          1     7.1153     6.6579       9.97     0.0271  1.826e-02  2.495e-01  1.366e+03     6.9490     6.9496     0.0006     4.9705     4.9712     21.797     22.297      0.401    1461.48    1461.47  0.000e+00
       2239     22.500    11.3681    11.3675    -0.0007    0.89604    0.89607          1     7.1122     6.6497       9.97     0.0274  1.395e-02  1.870e-01  1.340e+03     6.9500     6.9504     0.0004     4.9727     4.9731     22.293     22.804      0.424    1461.44    1461.44  0.000e+00
       2298     23.000    11.3672    11.3664    -0.0008    0.89602    0.89607          1     7.1160     6.6476       9.97     0.0269  9.292e-03  1.210e-01  1.300e+03     6.9501     6.9506     0.0005     4.9728     4.9733     22.788     23.311      0.277    1461.45    1461.45  0.000e+00
       2371     23.500    11.3663    11.3660    -0.0003    0.89603    0.89607          1     7.1111     6.6561       9.97     0.0270  6.317e-03  7.936e-02  1.257e+03     6.9502     6.9506     0.0004     4.9731     4.9734     23.284     23.817      0.426    1461.45    1461.45  0.000e+00
       2396     24.000    11.3597    11.3540    -0.0056    0.89597    0.89597          1     7.1081     6.6525       9.97     0.0269  3.263e-03  4.077e-02  1.248e+03     6.9510     6.9520     0.0011     4.9744     4.9760     23.779     24.324      0.390    1461.44    1461.42  0.000e+00
       2438     24.500    11.3450    11.3429    -0.0020    0.89586    0.89589          1     7.1158     6.6525       9.97     0.0269  4.549e-04  5.661e-03  1.248e+03     6.9527     6.9534     0.0007     4.9776     4.9784     24.274     24.831      0.240    1461.39    1461.38  0.000e+00
       2483     25.000    11.3374    11.3376     0.0003    0.89581    0.89587          1     7.1054     6.6365       9.97     0.0269 -1.460e-05 -1.818e-04  1.266e+03     6.9537     6.9541     0.0004     4.9793     4.9796     24.770     25.338      0.354    1461.37    1461.37  0.000e+00
       2513     25.500    11.2860    11.2821    -0.0038    0.89540    0.89544          1     7.1058     6.6368       9.97     0.0276  7.822e-14  1.000e-12  1.278e+03     6.9598     6.9609     0.0011     4.9903     4.9916     25.265     25.844      0.385    1461.19    1461.18  0.000e+00
       2548     26.000    11.2592    11.2616     0.0024    0.89509    0.89521          1     7.0973     6.6353       9.97     0.0268  7.728e-14  1.000e-12  1.294e+03     6.9622     6.9628     0.0006     4.9955     4.9956     25.760     26.351      0.308    1461.10    1461.11  0.000e+00
       2603     26.500    11.1826    11.1694    -0.0133    0.89411    0.89412          1     7.1011     6.6629       9.97     0.0255  7.745e-14  1.000e-12  1.291e+03     6.9683     6.9709     0.0025     5.0095     5.0131     26.256     26.858      0.189    1460.83    1460.78  0.000e+00
       2675     27.000    10.8039    10.7334    -0.0716    0.88923    0.88868          1     6.9695     6.6487       9.97     0.0251  7.977e-14  1.000e-12  1.254e+03     6.9988     7.0076     0.0088     5.0780     5.0929     26.751     27.364      0.348    1459.43    1459.17  0.000e+00
       2704     27.500    10.1818    10.0316    -0.1486    0.88006    0.87886          1     6.8999     6.5567       9.97     0.0253  7.940e-14  1.000e-12  1.259e+03     7.0398     7.0585     0.0187     5.1799     5.2106     27.246     27.871      0.414    1457.10    1456.54  0.000e+00
       2734     28.000     9.6196     9.4833    -0.1369    0.87128    0.86997          1     6.9432     6.5707       9.97     0.0236  7.877e-14  1.000e-12  1.270e+03     7.0730     7.0883     0.0153     5.2649     5.2906     27.742     28.378      0.356    1454.95    1454.43  0.000e+00
       2777     28.500     9.1671     9.0277    -0.1382    0.86368    0.86237          1     6.9658     6.6115       9.97     0.0216  7.838e-14  1.000e-12  1.276e+03     7.0954     7.1116     0.0161     5.3271     5.3528     28.237     28.884      0.237    1453.20    1452.66  0.000e+00
