ctdpy/exports/archive_20191121_122431/received_data/SBE09_0827_20181013_1256_26_01_1092.cnv
* Sea-Bird SBE 9 Data File:
* FileName = D:\CTD_SBE911\DAT\26DA.2018.10.92.hex
* Software Version Seasave V 7.21d
* Temperature SN = 4548
* Conductivity SN = 3062
* Number of Bytes Per Scan = 48
* Number of Voltage Words = 5
* Number of Scans Averaged by the Deck Unit = 1
* NMEA Latitude = 55 23.97 N
* NMEA Longitude = 015 13.34 E
* NMEA UTC (Time) = Oct 13 2018  12:58:50
* NMEA baud rate = 4800
** Ship: DANA
** Average sound velocity: 1459.86 m/s
** True-depth calculation Thu, 28 Mar 2019 12:29:29 +0000
** CTD Python Module SMHI /ver 3-12/ feb 2012 
** LIMS Job: 20182601-1092
** Operator: Christian A-KTh
** Cruise: 10/2018
# nquan = 26
# nvalues = 165                         
# units = specified
# name 0 = scan: Scan Count
# name 1 = prDM: Pressure, Digiquartz [db]
# name 2 = t090C: Temperature [ITS-90, deg C]
# name 3 = t190C: Temperature, 2 [ITS-90, deg C]
# name 4 = T2-T190C: Temperature Difference, 2 - 1 [ITS-90, deg C]
# name 5 = c0S/m: Conductivity [S/m]
# name 6 = c1S/m: Conductivity, 2 [S/m]
# name 7 = pumps: Pump Status
# name 8 = sbeox1ML/L: Oxygen, SBE 43, 2 [ml/l]
# name 9 = sbeox0ML/L: Oxygen, SBE 43 [ml/l]
# name 10 = altM: Altimeter [m]
# name 11 = chloroflTC0: Chlorophyll, Turner Cyclops [ug/l]
# name 12 = cpar: CPAR/Corrected Irradiance [%]
# name 13 = par: PAR/Irradiance, Biospherical/Lico [µE/(cm^2*s)]
# name 14 = spar: SPAR, Biospherical/Licor
# name 15 = sal00: Salinity, Practical [PSU]
# name 16 = sal11: Salinity, Practical, 2 [PSU]
# name 17 = secS-priS: Salinity, Practical, Difference, 2 - 1 [PSU]
# name 18 = sigma-t00: Density [sigma-t, kg/m^3 ]
# name 19 = sigma-t11: Density, 2 [sigma-t, kg/m^3 ]
# name 20 = depSM: Depth [salt water, m], lat = 55.3995
# name 21 = depFM: Depth [true depth, m], lat = 55.3995
# name 22 = dz/dtM: Descent Rate [m/s], WS = 2
# name 23 = svCM: Sound Velocity [Chen-Millero, m/s]
# name 24 = svCM1: Sound Velocity, 2 [Chen-Millero, m/s]
# name 25 = flag: flag
# span 0 =        -80,       9302       
# span 1 =      1.000,     83.000       
# span 2 =     4.3853,    13.6175       
# span 3 =     4.3387,    13.6800       
# span 4 =    -1.5759,     0.5594       
# span 5 =   0.801309,   2.400830       
# span 6 =   0.799321,   2.404210       
# span 7 =          1,          1       
# span 8 =     0.0585,     7.3095       
# span 9 =     0.0555,     6.7581       
# span 10 =       0.98,       9.99      
# span 11 =     0.0159,     0.0436      
# span 12 = -5.166e-06, 1.2670e+00      
# span 13 = -7.879e-05, 1.9441e+01      
# span 14 = 1.5082e+03, 1.5345e+03      
# span 15 =     7.4605,    19.0687      
# span 16 =     7.4710,    19.0646      
# span 17 =    -0.0133,     0.2974      
# span 18 =     5.2607,    13.9851      
# span 19 =     5.2609,    13.9699      
# span 20 =      0.991,     82.232      
# span 21 =      1.013,     83.871      
# span 22 =     -0.129,      0.341      
# span 23 =    1433.89,    1484.92      
# span 24 =    1433.72,    1485.12      
# span 25 = 0.0000e+00, 0.0000e+00      
# interval = decibars: 0.5              
# start_time = Oct 13 2018 12:58:50 [NMEA time, first data scan]
# bad_flag = -9.990e-29
*END*
        -80      1.000    13.1067    13.1076     0.0010    1.01923    1.01929          1     7.0936     6.6454       9.99     0.0395  1.267e+00  1.944e+01  1.534e+03     7.6265     7.6268     0.0003     5.2613     5.2614      0.991      1.013      0.037    1468.30    1468.31  0.000e+00
        344      1.500    13.1091    13.1112     0.0021    1.01933    1.01943          1     7.0963     6.6343       9.99     0.0390  1.181e+00  1.810e+01  1.532e+03     7.6268     7.6272     0.0004     5.2612     5.2612      1.486      1.520      0.341    1468.32    1468.33  0.000e+00
        456      2.000    13.1100    13.1118     0.0018    1.01937    1.01945          1     7.0994     6.6346       9.99     0.0396  9.403e-01  1.440e+01  1.532e+03     7.6269     7.6272     0.0003     5.2611     5.2611      1.982      2.026      0.234    1468.33    1468.34  0.000e+00
        511      2.500    13.1109    13.1125     0.0016    1.01941    1.01948          1     7.0867     6.6232       9.99     0.0391  7.693e-01  1.177e+01  1.530e+03     7.6270     7.6272     0.0002     5.2611     5.2610      2.477      2.533      0.321    1468.34    1468.35  0.000e+00
        554      3.000    13.1117    13.1125     0.0008    1.01944    1.01948          1     7.0951     6.6422       9.99     0.0400  6.847e-01  1.049e+01  1.533e+03     7.6270     7.6272     0.0002     5.2610     5.2610      2.973      3.040      0.253    1468.36    1468.36  0.000e+00
        604      3.500    13.1123    13.1132     0.0009    1.01946    1.01951          1     7.0919     6.6322       9.99     0.0422  5.821e-01  8.925e+00  1.533e+03     7.6270     7.6272     0.0002     5.2609     5.2609      3.468      3.546      0.285    1468.36    1468.37  0.000e+00
        648      4.000    13.1130    13.1117    -0.0013    1.01948    1.01947          1     7.1013     6.6373       9.99     0.0413  4.842e-01  7.422e+00  1.533e+03     7.6270     7.6272     0.0002     5.2607     5.2611      3.964      4.053      0.270    1468.38    1468.37  0.000e+00
        693      4.500    13.1115    13.1110    -0.0005    1.01945    1.01946          1     7.0912     6.6369       9.99     0.0412  4.177e-01  6.397e+00  1.531e+03     7.6270     7.6272     0.0002     5.2610     5.2612      4.459      4.559      0.255    1468.38    1468.38  0.000e+00
        741      5.000    13.1116    13.1110    -0.0005    1.01945    1.01948          1     7.0916     6.6307       9.99     0.0416  3.607e-01  5.518e+00  1.530e+03     7.6269     7.6272     0.0003     5.2609     5.2612      4.955      5.066      0.278    1468.39    1468.38  0.000e+00
        782      5.500    13.1107    13.1109     0.0002    1.01944    1.01948          1     7.0937     6.6357       9.99     0.0420  3.110e-01  4.756e+00  1.530e+03     7.6270     7.6273     0.0003     5.2611     5.2613      5.450      5.573      0.246    1468.39    1468.39  0.000e+00
        838      6.000    13.1115    13.1106    -0.0009    1.01947    1.01947          1     7.0920     6.6407       9.99     0.0420  2.689e-01  4.115e+00  1.530e+03     7.6270     7.6272     0.0002     5.2610     5.2613      5.946      6.079      0.240    1468.40    1468.40  0.000e+00
        886      6.500    13.1121    13.1107    -0.0014    1.01949    1.01949          1     7.0931     6.6375       9.99     0.0407  2.331e-01  3.570e+00  1.532e+03     7.6270     7.6272     0.0003     5.2609     5.2613      6.441      6.586      0.250    1468.41    1468.41  0.000e+00
        933      7.000    13.1119    13.1119    -0.0000    1.01949    1.01951          1     7.0935     6.6445       9.99     0.0418  2.054e-01  3.148e+00  1.532e+03     7.6270     7.6271     0.0002     5.2609     5.2611      6.937      7.092      0.249    1468.42    1468.42  0.000e+00
        980      7.500    13.1115    13.1119     0.0004    1.01948    1.01953          1     7.0989     6.6256       9.99     0.0413  1.728e-01  2.647e+00  1.531e+03     7.6269     7.6272     0.0003     5.2609     5.2611      7.432      7.599      0.293    1468.43    1468.43  0.000e+00
       1021      8.000    13.1088    13.1088    -0.0000    1.01940    1.01944          1     7.0996     6.6308       9.99     0.0418  1.585e-01  2.427e+00  1.531e+03     7.6268     7.6271     0.0003     5.2612     5.2614      7.927      8.106      0.252    1468.42    1468.43  0.000e+00
       1071      8.500    13.1075    13.1087     0.0012    1.01937    1.01944          1     7.0996     6.6428       9.99     0.0425  1.337e-01  2.043e+00  1.528e+03     7.6267     7.6270     0.0003     5.2614     5.2614      8.423      8.612      0.270    1468.43    1468.43  0.000e+00
       1114      9.000    13.1069    13.1071     0.0001    1.01936    1.01939          1     7.0990     6.6428       9.99     0.0420  1.215e-01  1.858e+00  1.530e+03     7.6267     7.6269     0.0002     5.2614     5.2616      8.918      9.119      0.254    1468.43    1468.43  0.000e+00
       1165      9.500    13.1070    13.1076     0.0006    1.01936    1.01941          1     7.0924     6.6419       9.99     0.0423  1.077e-01  1.648e+00  1.531e+03     7.6267     7.6269     0.0003     5.2614     5.2615      9.414      9.625      0.244    1468.44    1468.44  0.000e+00
       1212     10.000    13.1069    13.1074     0.0005    1.01937    1.01941          1     7.0926     6.6493       9.99     0.0414  9.657e-02  1.478e+00  1.530e+03     7.6267     7.6269     0.0002     5.2614     5.2615      9.909     10.132      0.249    1468.45    1468.45  0.000e+00
       1258     10.500    13.1069    13.1071     0.0002    1.01938    1.01942          1     7.0915     6.6453       9.99     0.0412  8.231e-02  1.262e+00  1.533e+03     7.6267     7.6270     0.0002     5.2615     5.2616     10.405     10.639      0.295    1468.46    1468.46  0.000e+00
       1298     11.000    13.1067    13.1066    -0.0001    1.01938    1.01941          1     7.0907     6.6232       9.98     0.0404  7.353e-02  1.123e+00  1.528e+03     7.6267     7.6269     0.0002     5.2615     5.2617     10.900     11.145      0.276    1468.47    1468.47  0.000e+00
       1343     11.500    13.1064    13.1067     0.0003    1.01938    1.01943          1     7.0920     6.6431       9.98     0.0404  6.148e-02  9.406e-01  1.530e+03     7.6267     7.6270     0.0003     5.2615     5.2617     11.396     11.652      0.278    1468.47    1468.47  0.000e+00
       1385     12.000    13.1065    13.1070     0.0005    1.01940    1.01945          1     7.0918     6.6478       9.98     0.0407  5.483e-02  8.383e-01  1.529e+03     7.6268     7.6271     0.0003     5.2615     5.2617     11.891     12.158      0.278    1468.48    1468.48  0.000e+00
       1433     12.500    13.1067    13.1071     0.0004    1.01942    1.01945          1     7.0944     6.6310       9.98     0.0403  4.664e-02  7.126e-01  1.528e+03     7.6268     7.6270     0.0002     5.2615     5.2617     12.387     12.665      0.230    1468.49    1468.49  0.000e+00
       1483     13.000    13.1070    13.1073     0.0004    1.01943    1.01947          1     7.0935     6.6405       9.98     0.0402  4.104e-02  6.285e-01  1.531e+03     7.6268     7.6271     0.0002     5.2615     5.2617     12.882     13.172      0.272    1468.50    1468.50  0.000e+00
       1525     13.500    13.1071    13.1078     0.0007    1.01944    1.01949          1     7.0954     6.6387       9.98     0.0406  3.490e-02  5.333e-01  1.528e+03     7.6268     7.6271     0.0003     5.2615     5.2616     13.377     13.678      0.263    1468.51    1468.51  0.000e+00
       1574     14.000    13.1073    13.1078     0.0005    1.01946    1.01950          1     7.0928     6.6362       9.98     0.0436  2.933e-02  4.490e-01  1.531e+03     7.6269     7.6271     0.0003     5.2615     5.2616     13.873     14.185      0.271    1468.52    1468.52  0.000e+00
       1611     14.500    13.1069    13.1076     0.0006    1.01945    1.01950          1     7.0858     6.6406       9.98     0.0405  2.456e-02  3.756e-01  1.530e+03     7.6268     7.6271     0.0003     5.2615     5.2616     14.368     14.691      0.331    1468.52    1468.53  0.000e+00
       1654     15.000    13.1067    13.1073     0.0006    1.01945    1.01949          1     7.1166     6.6487       9.98     0.0411  2.014e-02  3.073e-01  1.525e+03     7.6269     7.6270     0.0002     5.2616     5.2616     14.864     15.198      0.248    1468.53    1468.53  0.000e+00
       1701     15.500    13.0961    13.0651    -0.0310    1.01913    1.01834          1     7.1239     6.6157       9.98     0.0410  1.671e-02  2.556e-01  1.530e+03     7.6263     7.6261    -0.0002     5.2627     5.2670     15.359     15.705      0.279    1468.50    1468.39  0.000e+00
       1746     16.000    12.9740    12.7455    -0.2284    1.01527    1.00834          1     7.0707     6.5775       9.98     0.0398  1.329e-02  2.030e-01  1.528e+03     7.6194     7.6090    -0.0105     5.2751     5.2996     15.855     16.211      0.247    1468.06    1467.22  0.000e+00
       1795     16.500    12.7672    12.6408    -0.1266    1.00874    1.00513          1     7.0177     6.5665       9.98     0.0386  1.102e-02  1.684e-01  1.528e+03     7.6078     7.6038    -0.0040     5.2956     5.3103     16.350     16.718      0.258    1467.31    1466.84  0.000e+00
       1839     17.000    12.6781    12.6149    -0.0632    1.00610    1.00442          1     7.0116     6.5482       9.98     0.0354  8.207e-03  1.255e-01  1.529e+03     7.6042     7.6032    -0.0010     5.3054     5.3135     16.845     17.224      0.282    1466.99    1466.75  0.000e+00
       1882     17.500    12.6395    12.5687    -0.0709    1.00500    1.00314          1     6.9867     6.5107       9.98     0.0346  6.178e-03  9.434e-02  1.527e+03     7.6029     7.6019    -0.0010     5.3098     5.3190     17.341     17.731      0.281    1466.85    1466.59  0.000e+00
       1923     18.000    12.5831    12.4942    -0.0887    1.00327    1.00076          1     6.9251     6.4661       9.98     0.0341  3.864e-03  5.901e-02  1.527e+03     7.6000     7.5973    -0.0027     5.3155     5.3258     17.836     18.238      0.293    1466.65    1466.32  0.000e+00
       1965     18.500    12.5187    12.4746    -0.0442    1.00128    1.00016          1     6.8844     6.4492       9.98     0.0335  2.219e-03  3.388e-02  1.527e+03     7.5966     7.5963    -0.0003     5.3218     5.3277     18.332     18.744      0.275    1466.42    1466.26  0.000e+00
       2010     19.000    12.4832    12.4502    -0.0330    1.00031    0.99989          1     6.8566     6.4334       9.98     0.0319  6.151e-04  9.381e-03  1.525e+03     7.5958     7.5990     0.0032     5.3261     5.3331     18.827     19.251      0.258    1466.30    1466.18  0.000e+00
       2059     19.500    12.4582    12.4607     0.0025    1.00034    1.00150          1     6.8747     6.4360       9.98     0.0302 -5.166e-06 -7.879e-05  1.526e+03     7.6009     7.6100     0.0090     5.3335     5.3402     19.323     19.757      0.243    1466.22    1466.24  0.000e+00
       2106     20.000    12.4812    12.4783    -0.0029    1.00284    1.00355          1     6.8868     6.4448       9.98     0.0284  6.024e-14  9.203e-13  1.528e+03     7.6167     7.6231     0.0064     5.3425     5.3479     19.818     20.264      0.265    1466.33    1466.33  0.000e+00
       2151     20.500    12.4607    12.4386    -0.0220    1.00279    1.00242          1     6.8651     6.4278       9.98     0.0273  6.549e-14  1.000e-12  1.527e+03     7.6204     7.6219     0.0015     5.3482     5.3524     20.313     20.770      0.274    1466.27    1466.19  0.000e+00
       2192     21.000    12.4326    12.4345     0.0019    1.00215    1.00263          1     6.8735     6.4245       9.98     0.0277  6.548e-14  1.000e-12  1.527e+03     7.6208     7.6243     0.0035     5.3524     5.3548     20.809     21.277      0.301    1466.18    1466.19  0.000e+00
       2233     21.500    12.4259    12.3609    -0.0651    1.00221    0.99997          1     6.8482     6.4085       9.98     0.0270  6.555e-14  1.000e-12  1.526e+03     7.6226     7.6173    -0.0053     5.3547     5.3595     21.304     21.784      0.278    1466.16    1465.92  0.000e+00
       2278     22.000    12.3162    12.2508    -0.0654    0.99776    0.99540          1     6.8346     6.4015       9.98     0.0273  6.559e-14  1.000e-12  1.525e+03     7.6081     7.6019    -0.0062     5.3585     5.3627     21.800     22.290      0.275    1465.75    1465.50  0.000e+00
       2321     22.500    12.2480    12.2220    -0.0260    0.99508    0.99430          1     6.8408     6.4028       9.98     0.0269  6.561e-14  1.000e-12  1.524e+03     7.5998     7.5986    -0.0011     5.3614     5.3640     22.295     22.797      0.253    1465.50    1465.40  0.000e+00
       2373     23.000    12.2203    12.1987    -0.0217    0.99424    0.99385          1     6.8333     6.4025       9.98     0.0279  6.554e-14  1.000e-12  1.526e+03     7.5984     7.5995     0.0012     5.3640     5.3679     22.791     23.303      0.237    1465.40    1465.32  0.000e+00
       2420     23.500    12.2020    12.1922    -0.0098    0.99409    0.99407          1     6.8440     6.4047       9.98     0.0269  6.545e-14  1.000e-12  1.528e+03     7.6008     7.6026     0.0018     5.3684     5.3711     23.286     23.810      0.267    1465.35    1465.31  0.000e+00
       2464     24.000    12.1921    12.1705    -0.0216    0.99413    0.99383          1     6.8502     6.4008       9.98     0.0270  6.547e-14  1.000e-12  1.528e+03     7.6030     7.6050     0.0019     5.3714     5.3758     23.781     24.316      0.276    1465.32    1465.24  0.000e+00
       2506     24.500    12.1355    12.0658    -0.0696    0.99240    0.99055          1     6.8447     6.3968       9.98     0.0277  6.550e-14  1.000e-12  1.527e+03     7.6002     7.5990    -0.0012     5.3768     5.3852     24.277     24.823      0.288    1465.11    1464.86  0.000e+00
       2548     25.000    12.0565    11.9986    -0.0580    0.99017    0.98902          1     6.8539     6.3921       9.98     0.0281  6.564e-14  1.000e-12  1.523e+03     7.5977     7.5998     0.0022     5.3855     5.3948     24.772     25.329      0.289    1464.83    1464.62  0.000e+00
       2590     25.500    11.9839    11.8907    -0.0932    0.98860    0.98617          1     6.8273     6.3923       9.98     0.0280  6.557e-14  1.000e-12  1.525e+03     7.5993     7.5980    -0.0013     5.3963     5.4076     25.268     25.836      0.269    1464.57    1464.22  0.000e+00
       2638     26.000    11.8520    11.7727    -0.0793    0.98460    0.98263          1     6.8189     6.3825       9.98     0.0276  6.560e-14  1.000e-12  1.524e+03     7.5928     7.5925    -0.0003     5.4087     5.4188     25.763     26.343      0.253    1464.08    1463.79  0.000e+00
       2684     26.500    11.7551    11.6952    -0.0599    0.98201    0.98083          1     6.8353     6.4001       9.98     0.0272  6.552e-14  1.000e-12  1.526e+03     7.5909     7.5932     0.0023     5.4198     5.4293     26.259     26.849      0.250    1463.73    1463.51  0.000e+00
       2733     27.000    11.6664    11.5853    -0.0814    0.97996    0.97823          1     6.8492     6.3953       9.98     0.0268  6.554e-14  1.000e-12  1.526e+03     7.5918     7.5938     0.0020     5.4319     5.4439     26.754     27.356      0.264    1463.41    1463.10  0.000e+00
       2775     27.500    11.4875    11.2939    -0.1934    0.97484    0.97006          1     6.8246     6.3724       9.98     0.0266  6.553e-14  1.000e-12  1.526e+03     7.5853     7.5847    -0.0006     5.4496     5.4734     27.249     27.862      0.285    1462.74    1462.01  0.000e+00
       2819     28.000    11.2480    11.0658    -0.1823    0.96866    0.96533          1     6.8409     6.3779       9.98     0.0263  6.555e-14  1.000e-12  1.526e+03     7.5822     7.5914     0.0093     5.4771     5.5066     27.745     28.369      0.277    1461.84    1461.16  0.000e+00
