ctdpy/exports/archive_20191121_122431/received_data/SBE09_0827_20180825_0426_26_01_0889.cnv
* Sea-Bird SBE 9 Data File:
* FileName = D:\CTD_SBE911\DAT\26DA.2018.8.89.hex
* Software Version Seasave V 7.21d
* Temperature SN = 034605
* Conductivity SN = 041844
* Number of Bytes Per Scan = 48
* Number of Voltage Words = 5
* Number of Scans Averaged by the Deck Unit = 1
* NMEA Latitude = 57 38.22 N
* NMEA Longitude = 011 20.89 E
* NMEA UTC (Time) = Aug 25 2018  04:29:01
* NMEA baud rate = 4800
** Ship: DANA
** Average sound velocity: 1511.70 m/s
** True-depth calculation Thu, 28 Mar 2019 09:27:06 +0000
** CTD Python Module SMHI /ver 3-12/ feb 2012 
** LIMS Job: 20182601-0889
**  8 W VINGA
** Operator: Christian
** Cruise: 08/2018
# nquan = 26
# nvalues = 100                         
# units = specified
# name 0 = scan: Scan Count
# name 1 = prDM: Pressure, Digiquartz [db]
# name 2 = t090C: Temperature [ITS-90, deg C]
# name 3 = t190C: Temperature, 2 [ITS-90, deg C]
# name 4 = T2-T190C: Temperature Difference, 2 - 1 [ITS-90, deg C]
# name 5 = c0S/m: Conductivity [S/m]
# name 6 = c1S/m: Conductivity, 2 [S/m]
# name 7 = pumps: Pump Status
# name 8 = sbeox1ML/L: Oxygen, SBE 43, 2 [ml/l]
# name 9 = sbeox0ML/L: Oxygen, SBE 43 [ml/l]
# name 10 = altM: Altimeter [m]
# name 11 = chloroflTC0: Chlorophyll, Turner Cyclops [ug/l]
# name 12 = cpar: CPAR/Corrected Irradiance [%]
# name 13 = par: PAR/Irradiance, Biospherical/Lico [µE/(cm^2*s)]
# name 14 = spar: SPAR, Biospherical/Licor
# name 15 = sal00: Salinity, Practical [PSU]
# name 16 = sal11: Salinity, Practical, 2 [PSU]
# name 17 = secS-priS: Salinity, Practical, Difference, 2 - 1 [PSU]
# name 18 = sigma-t00: Density [sigma-t, kg/m^3 ]
# name 19 = sigma-t11: Density, 2 [sigma-t, kg/m^3 ]
# name 20 = depSM: Depth [salt water, m], lat = 57.637
# name 21 = depFM: Depth [true depth, m], lat = 57.637
# name 22 = dz/dtM: Descent Rate [m/s], WS = 2
# name 23 = svCM: Sound Velocity [Chen-Millero, m/s]
# name 24 = svCM1: Sound Velocity, 2 [Chen-Millero, m/s]
# name 25 = flag: flag
# span 0 =         40,       5178       
# span 1 =      1.500,     51.000       
# span 2 =    17.4900,    18.1502       
# span 3 =    17.4891,    18.1333       
# span 4 =    -0.1123,     0.1574       
# span 5 =   3.970621,   4.263521       
# span 6 =   3.971278,   4.262536       
# span 7 =          1,          1       
# span 8 =     5.3288,     5.7735       
# span 9 =     5.0557,     5.4872       
# span 10 =       0.24,       9.98      
# span 11 =     0.0652,     0.2116      
# span 12 = 1.1189e-12, 5.8805e+00      
# span 13 = 1.0000e-12, 4.5381e+00      
# span 14 = 7.7172e+01, 8.9370e+01      
# span 15 =    29.8812,    32.4123      
# span 16 =    29.8857,    32.4158      
# span 17 =    -0.4843,     0.0168      
# span 18 =    21.3928,    23.4137      
# span 19 =    21.3957,    23.4165      
# span 20 =      1.486,     50.523      
# span 21 =      1.496,     50.789      
# span 22 =      0.054,      0.454      
# span 23 =    1509.55,    1512.80      
# span 24 =    1509.56,    1512.80      
# span 25 = 0.0000e+00, 0.0000e+00      
# interval = decibars: 0.5              
# start_time = Aug 25 2018 04:29:01 [NMEA time, first data scan]
# bad_flag = -9.990e-29
*END*
[from data line 56]
       2652     29.500    17.7437    17.7440     0.0003    4.25356    4.25371          1     5.3997     5.1350       9.97     0.1595  1.201e-12  1.000e-12  8.326e+01    32.3361    32.3371     0.0011    23.2947    23.2955     29.225     29.391      0.305    1512.50    1512.50  0.000e+00
       2692     30.000    17.7590    17.7576    -0.0014    4.25680    4.25714          1     5.4119     5.1298       9.97     0.1431  1.201e-12  1.000e-12  8.326e+01    32.3513    32.3552     0.0039    23.3027    23.3061     29.721     29.889      0.301    1512.57    1512.57  0.000e+00
       2736     30.500    17.7533    17.7524    -0.0009    4.25732    4.25746          1     5.3909     5.1254       9.97     0.1455  1.195e-12  1.000e-12  8.372e+01    32.3600    32.3619     0.0019    23.3107    23.3124     30.216     30.386      0.253    1512.57    1512.57  0.000e+00
       2779     31.000    17.7611    17.7604    -0.0007    4.25971    4.25980          1     5.4079     5.1376       9.97     0.1286  1.188e-12  1.000e-12  8.418e+01    32.3740    32.3753     0.0013    23.3196    23.3207     30.711     30.884      0.333    1512.62    1512.61  0.000e+00
       2812     31.500    17.7439    17.7489     0.0050    4.25898    4.26014          1     5.4292     5.1418       9.97     0.1155  1.181e-12  1.000e-12  8.471e+01    32.3812    32.3871     0.0059    23.3292    23.3325     31.207     31.382      0.363    1512.58    1512.60  0.000e+00
       2849     32.000    17.6874    17.6887     0.0014    4.25263    4.25473          1     5.4391     5.1367       9.97     0.1140  1.174e-12  1.000e-12  8.519e+01    32.3721    32.3888     0.0168    23.3358    23.3483     31.702     31.879      0.283    1512.41    1512.43  0.000e+00
       2893     32.500    17.5941    17.6049     0.0108    4.24503    4.24753          1     5.4125     5.1072       9.97     0.1089  1.172e-12  1.000e-12  8.530e+01    32.3814    32.3941     0.0127    23.3652    23.3724     32.197     32.377      0.310    1512.15    1512.20  0.000e+00
       2929     33.000    17.5529    17.5581     0.0052    4.24217    4.24355          1     5.3769     5.0992       9.97     0.1041  1.172e-12  1.000e-12  8.530e+01    32.3898    32.3974     0.0076    23.3815    23.3860     32.693     32.875      0.316    1512.05    1512.07  0.000e+00
       2972     33.500    17.5415    17.5373    -0.0042    4.24150    4.24249          1     5.3758     5.1081       9.97     0.1066  1.172e-12  1.000e-12  8.530e+01    32.3929    32.4047     0.0118    23.3866    23.3966     33.188     33.372      0.276    1512.03    1512.03  0.000e+00
       3009     34.000    17.5238    17.5229    -0.0009    4.24054    4.24141          1     5.3911     5.0960       9.97     0.0883  1.172e-12  1.000e-12  8.530e+01    32.3987    32.4069     0.0082    23.3953    23.4017     33.683     33.870      0.392    1511.99    1512.00  0.000e+00
       3041     34.500    17.5138    17.5141     0.0004    4.24014    4.24108          1     5.3733     5.0854       9.97     0.0891  1.172e-12  1.000e-12  8.530e+01    32.4031    32.4109     0.0077    23.4010    23.4068     34.178     34.368      0.311    1511.97    1511.98  0.000e+00
       3092     35.000    17.5126    17.5119    -0.0007    4.24037    4.24110          1     5.3494     5.0682       9.97     0.0908  1.172e-12  1.000e-12  8.530e+01    32.4059    32.4126     0.0067    23.4034    23.4087     34.674     34.865      0.239    1511.98    1511.99  0.000e+00
       3132     35.500    17.5075    17.5073    -0.0001    4.24014    4.24085          1     5.3288     5.0793       9.97     0.0828  1.172e-12  1.000e-12  8.530e+01    32.4078    32.4140     0.0062    23.4060    23.4108     35.169     35.363      0.362    1511.97    1511.98  0.000e+00
       3165     36.000    17.5066    17.5068     0.0002    4.24018    4.24088          1     5.3439     5.0749       9.97     0.0776  1.172e-12  1.000e-12  8.530e+01    32.4086    32.4145     0.0058    23.4069    23.4113     35.664     35.860      0.336    1511.98    1511.99  0.000e+00
       3207     36.500    17.5064    17.5065     0.0000    4.24022    4.24088          1     5.3629     5.0786       9.97     0.0726  1.172e-12  1.000e-12  8.530e+01    32.4090    32.4146     0.0056    23.4072    23.4115     36.160     36.358      0.257    1511.99    1512.00  0.000e+00
       3252     37.000    17.5062    17.5061    -0.0001    4.24025    4.24087          1     5.3401     5.0695       9.97     0.0749  1.172e-12  1.000e-12  8.530e+01    32.4092    32.4145     0.0054    23.4075    23.4116     36.655     36.856      0.301    1512.00    1512.00  0.000e+00
       3288     37.500    17.5064    17.5060    -0.0004    4.24029    4.24090          1     5.3410     5.0659       9.97     0.0713  1.172e-12  1.000e-12  8.530e+01    32.4092    32.4147     0.0054    23.4074    23.4117     37.150     37.353      0.349    1512.01    1512.01  0.000e+00
       3323     38.000    17.5063    17.5061    -0.0002    4.24032    4.24089          1     5.3455     5.0628       9.97     0.0707  1.172e-12  1.000e-12  8.530e+01    32.4094    32.4144     0.0050    23.4076    23.4115     37.646     37.851      0.315    1512.02    1512.02  0.000e+00
       3363     38.500    17.5064    17.5062    -0.0002    4.24034    4.24088          1     5.3446     5.0803       9.97     0.0744  1.172e-12  1.000e-12  8.530e+01    32.4093    32.4141     0.0048    23.4075    23.4112     38.141     38.349      0.304    1512.02    1512.03  0.000e+00
       3406     39.000    17.5068    17.5066    -0.0001    4.24039    4.24093          1     5.3390     5.0766       9.97     0.0721  1.172e-12  1.000e-12  8.530e+01    32.4092    32.4140     0.0047    23.4074    23.4110     38.636     38.846      0.245    1512.03    1512.04  0.000e+00
       3453     39.500    17.5064    17.5062    -0.0002    4.24040    4.24090          1     5.3484     5.0557       9.97     0.0691  1.172e-12  1.000e-12  8.530e+01    32.4094    32.4139     0.0044    23.4076    23.4110     39.131     39.344      0.341    1512.04    1512.04  0.000e+00
       3482     40.000    17.5065    17.5060    -0.0005    4.24042    4.24090          1     5.3574     5.0564       9.97     0.0678  1.172e-12  1.000e-12  8.530e+01    32.4094    32.4139     0.0045    23.4075    23.4111     39.627     39.841      0.411    1512.05    1512.05  0.000e+00
       3519     40.500    17.5067    17.5068     0.0001    4.24046    4.24096          1     5.3520     5.0728       9.97     0.0673  1.165e-12  1.000e-12  8.586e+01    32.4094    32.4135     0.0041    23.4075    23.4106     40.122     40.339      0.250    1512.06    1512.06  0.000e+00
       3573     41.000    17.5069    17.5068    -0.0001    4.24049    4.24097          1     5.3469     5.0804       9.97     0.0699  1.150e-12  1.000e-12  8.694e+01    32.4093    32.4134     0.0042    23.4073    23.4105     40.617     40.837      0.324    1512.07    1512.07  0.000e+00
       3600     41.500    17.5019    17.5045     0.0026    4.24019    4.24089          1     5.3604     5.0582       9.94     0.0686  1.146e-12  1.000e-12  8.725e+01    32.4106    32.4145     0.0039    23.4095    23.4119     41.113     41.334      0.454    1512.06    1512.07  0.000e+00
       3631     42.000    17.5019    17.5024     0.0005    4.24023    4.24075          1     5.3300     5.0661       9.57     0.0686  1.145e-12  1.000e-12  8.733e+01    32.4107    32.4147     0.0040    23.4096    23.4126     41.608     41.832      0.303    1512.07    1512.08  0.000e+00
       3690     42.500    17.5019    17.5022     0.0003    4.24025    4.24075          1     5.3468     5.0727       9.13     0.0707  1.145e-12  1.000e-12  8.733e+01    32.4107    32.4147     0.0040    23.4097    23.4126     42.103     42.330      0.277    1512.08    1512.08  0.000e+00
       3723     43.000    17.5001    17.5003     0.0002    4.24015    4.24067          1     5.3298     5.0765       8.66     0.0720  1.145e-12  1.000e-12  8.733e+01    32.4111    32.4154     0.0043    23.4104    23.4136     42.598     42.827      0.420    1512.08    1512.09  0.000e+00
       3752     43.500    17.4991    17.4992     0.0001    4.24011    4.24059          1     5.3313     5.0789       8.15     0.0707  1.145e-12  1.000e-12  8.733e+01    32.4114    32.4154     0.0040    23.4108    23.4138     43.094     43.325      0.353    1512.09    1512.09  0.000e+00
       3798     44.000    17.4987    17.4998     0.0011    4.24011    4.24064          1     5.3529     5.0707       7.65     0.0704  1.145e-12  1.000e-12  8.733e+01    32.4116    32.4152     0.0036    23.4110    23.4136     43.589     43.822      0.233    1512.09    1512.10  0.000e+00
       3842     44.500    17.4983    17.4977    -0.0006    4.24010    4.24053          1     5.3532     5.0825       7.17     0.0718  1.145e-12  1.000e-12  8.733e+01    32.4115    32.4157     0.0042    23.4111    23.4145     44.084     44.320      0.320    1512.10    1512.10  0.000e+00
       3879     45.000    17.4986    17.4990     0.0004    4.24014    4.24060          1     5.3499     5.0669       6.69     0.0721  1.145e-12  1.000e-12  8.733e+01    32.4115    32.4151     0.0036    23.4111    23.4137     44.579     44.818      0.317    1512.11    1512.12  0.000e+00
       3917     45.500    17.4975    17.4974    -0.0000    4.24009    4.24054          1     5.3489     5.0745       6.47     0.0713  1.145e-12  1.000e-12  8.733e+01    32.4118    32.4156     0.0038    23.4115    23.4145     45.075     45.315      0.312    1512.12    1512.12  0.000e+00
       3959     46.000    17.4981    17.4980    -0.0001    4.24015    4.24059          1     5.3596     5.0666       6.14     0.0721  1.145e-12  1.000e-12  8.733e+01    32.4116    32.4154     0.0038    23.4112    23.4142     45.570     45.813      0.266    1512.13    1512.13  0.000e+00
       4006     46.500    17.4980    17.4981     0.0000    4.24015    4.24060          1     5.3643     5.0650       6.02     0.0746  1.145e-12  1.000e-12  8.733e+01    32.4115    32.4153     0.0038    23.4112    23.4141     46.065     46.310      0.280    1512.13    1512.14  0.000e+00
       4043     47.000    17.4964    17.4974     0.0010    4.24007    4.24058          1     5.3565     5.0753       5.54     0.0674  1.145e-12  1.000e-12  8.733e+01    32.4119    32.4155     0.0036    23.4119    23.4143     46.561     46.808      0.354    1512.14    1512.14  0.000e+00
       4077     47.500    17.4952    17.4972     0.0021    4.23999    4.24058          1     5.3569     5.0766       4.37     0.0692  1.145e-12  1.000e-12  8.733e+01    32.4120    32.4154     0.0034    23.4123    23.4144     47.056     47.306      0.321    1512.14    1512.15  0.000e+00
       4118     48.000    17.4948    17.4962     0.0014    4.23999    4.24054          1     5.3570     5.0671       3.84     0.0700  1.145e-12  1.000e-12  8.733e+01    32.4122    32.4157     0.0035    23.4125    23.4148     47.551     47.803      0.291    1512.15    1512.16  0.000e+00
       4159     48.500    17.4943    17.4956     0.0013    4.23996    4.24049          1     5.3508     5.0658       3.30     0.0729  1.143e-12  1.000e-12  8.751e+01    32.4122    32.4157     0.0035    23.4126    23.4149     48.046     48.301      0.279    1512.16    1512.16  0.000e+00
       4204     49.000    17.4925    17.4947     0.0022    4.23981    4.24045          1     5.3575     5.0738       3.21     0.0743  1.137e-12  1.000e-12  8.797e+01    32.4121    32.4158     0.0036    23.4130    23.4152     48.542     48.799      0.281    1512.16    1512.17  0.000e+00
       4241     49.500    17.4915    17.4938     0.0023    4.23975    4.24039          1     5.3646     5.0779       4.15     0.0652  1.124e-12  1.000e-12  8.897e+01    32.4122    32.4158     0.0036    23.4133    23.4155     49.037     49.296      0.383    1512.16    1512.18  0.000e+00
       4272     50.000    17.4914    17.4933     0.0019    4.23975    4.24035          1     5.3537     5.0788       3.00     0.0657  1.120e-12  1.000e-12  8.929e+01    32.4122    32.4158     0.0036    23.4133    23.4156     49.532     49.794      0.336    1512.17    1512.18  0.000e+00
       4401     50.500    17.4900    17.4924     0.0024    4.23965    4.24030          1     5.3597     5.0644       2.31     0.0703  1.119e-12  1.000e-12  8.937e+01    32.4123    32.4158     0.0035    23.4137    23.4158     50.027     50.291      0.146    1512.18    1512.19  0.000e+00
       5178     51.000    17.4946    17.4891    -0.0055    4.24006    4.23999          1     5.3521     5.0981       0.24     0.0715  1.119e-12  1.000e-12  8.936e+01    32.4119    32.4157     0.0037    23.4123    23.4165     50.523     50.789      0.066    1512.20    1512.19  0.000e+00
