ctdpy/exports/archive_20191121_122431/received_data/SBE09_0827_20180122_1030_26_01_0159.cnv
* Sea-Bird SBE 9 Data File:
* FileName = D:\CTD_SBE911\DAT\26DA.2018.1.59.hex
* Software Version Seasave V 7.21d
* Temperature SN = 034757
* Conductivity SN = 041844
* Number of Bytes Per Scan = 48
* Number of Voltage Words = 5
* Number of Scans Averaged by the Deck Unit = 1
* NMEA Latitude = 58 34.48 N
* NMEA Longitude = 010 51.42 E
* NMEA UTC (Time) = Jan 22 2018  10:30:19
* NMEA baud rate = 4800
** Ship: DANA
** Average sound velocity: 1471.44 m/s
** True-depth calculation Thu, 28 Mar 2019 08:26:18 +0000
** CTD Python Module SMHI /ver 3-12/ feb 2012 
** LIMS Job: 20182601-0159
** Persgrund
** Operator: Ronny Sørensen
** Cruise: 01/2018
# nquan = 26
# nvalues = 154                         
# units = specified
# name 0 = scan: Scan Count
# name 1 = prDM: Pressure, Digiquartz [db]
# name 2 = t090C: Temperature [ITS-90, deg C]
# name 3 = t190C: Temperature, 2 [ITS-90, deg C]
# name 4 = T2-T190C: Temperature Difference, 2 - 1 [ITS-90, deg C]
# name 5 = c0S/m: Conductivity [S/m]
# name 6 = c1S/m: Conductivity, 2 [S/m]
# name 7 = pumps: Pump Status
# name 8 = sbeox1ML/L: Oxygen, SBE 43, 2 [ml/l]
# name 9 = sbeox0ML/L: Oxygen, SBE 43 [ml/l]
# name 10 = altM: Altimeter [m]
# name 11 = chloroflTC0: Chlorophyll, Turner Cyclops [ug/l]
# name 12 = cpar: CPAR/Corrected Irradiance [%]
# name 13 = par: PAR/Irradiance, Biospherical/Lico [µE/(cm^2*s)]
# name 14 = spar: SPAR, Biospherical/Licor
# name 15 = sal00: Salinity, Practical [PSU]
# name 16 = sal11: Salinity, Practical, 2 [PSU]
# name 17 = secS-priS: Salinity, Practical, Difference, 2 - 1 [PSU]
# name 18 = sigma-t00: Density [sigma-t, kg/m^3 ]
# name 19 = sigma-t11: Density, 2 [sigma-t, kg/m^3 ]
# name 20 = depSM: Depth [salt water, m], lat = 58.5747
# name 21 = depFM: Depth [true depth, m], lat = 58.5747
# name 22 = dz/dtM: Descent Rate [m/s], WS = 2
# name 23 = svCM: Sound Velocity [Chen-Millero, m/s]
# name 24 = svCM1: Sound Velocity, 2 [Chen-Millero, m/s]
# name 25 = flag: flag
# span 0 =        509,       7646       
# span 1 =      2.000,     78.500       
# span 2 =     4.1508,     7.2470       
# span 3 =     4.0886,     7.2470       
# span 4 =    -0.0779,     0.1011       
# span 5 =   2.625928,   3.488711       
# span 6 =   2.620601,   3.488471       
# span 7 =          1,          1       
# span 8 =     5.8723,     6.7578       
# span 9 =     6.2750,     7.2524       
# span 10 =       3.83,       9.99      
# span 11 =     0.0223,     0.0404      
# span 12 = 3.6459e-13, 7.1055e+00      
# span 13 = 1.0000e-12, 1.9625e+01      
# span 14 = 2.4022e+02, 2.7619e+02      
# span 15 =    27.4765,    34.2769      
# span 16 =    27.4691,    34.2752      
# span 17 =    -0.0855,     0.1506      
# span 18 =    21.7929,    26.8148      
# span 19 =    21.7818,    26.8138      
# span 20 =      1.981,     77.754      
# span 21 =      1.994,     77.961      
# span 22 =      0.182,      0.422      
# span 23 =    1457.65,    1479.99      
# span 24 =    1457.37,    1479.98      
# span 25 = 0.0000e+00, 0.0000e+00      
# interval = decibars: 0.5              
# start_time = Jan 22 2018 10:30:20 [NMEA time, first data scan]
# bad_flag = -9.990e-29
*END*
[from data line 112]
       5821     58.000     6.2681     6.2761     0.0079    3.35489    3.35530          1     6.1937     6.5523       9.96     0.0321  3.647e-13  1.000e-12  2.742e+02    33.7799    33.7765    -0.0034    26.5545    26.5509     57.452     57.623      0.251    1475.22    1475.24  0.000e+00
       5861     58.500     6.2813     6.2830     0.0017    3.35670    3.35643          1     6.1715     6.5480       9.96     0.0330  3.647e-13  1.000e-12  2.742e+02    33.7868    33.7821    -0.0047    26.5583    26.5544     57.947     58.119      0.302    1475.29    1475.29  0.000e+00
       5914     59.000     6.2927     6.2970     0.0043    3.35831    3.35835          1     6.1641     6.5479       9.96     0.0329  3.647e-13  1.000e-12  2.742e+02    33.7933    33.7893    -0.0039    26.5619    26.5583     58.442     58.616      0.203    1475.35    1475.36  0.000e+00
       5968     59.500     6.3055     6.3075     0.0021    3.36011    3.35997          1     6.1661     6.5576       9.96     0.0326  3.647e-13  1.000e-12  2.742e+02    33.8004    33.7968    -0.0036    26.5659    26.5628     58.937     59.112      0.290    1475.41    1475.42  0.000e+00
       6010     60.000     6.3150     6.3173     0.0023    3.36148    3.36137          1     6.1694     6.5445       9.96     0.0331  3.647e-13  1.000e-12  2.742e+02    33.8058    33.8025    -0.0034    26.5690    26.5660     59.433     59.608      0.253    1475.47    1475.47  0.000e+00
       6063     60.500     6.3246     6.3316     0.0071    3.36282    3.36305          1     6.1613     6.5398       9.96     0.0330  3.647e-13  1.000e-12  2.742e+02    33.8111    33.8067    -0.0044    26.5719    26.5675     59.928     60.104      0.236    1475.52    1475.54  0.000e+00
       6107     61.000     6.3529     6.3625     0.0096    3.36662    3.36685          1     6.1281     6.5322       9.96     0.0333  3.647e-13  1.000e-12  2.742e+02    33.8251    33.8182    -0.0069    26.5793    26.5726     60.423     60.600      0.286    1475.66    1475.69  0.000e+00
       6154     61.500     6.3857     6.4025     0.0168    3.37097    3.37192          1     6.1503     6.5057       9.96     0.0334  3.647e-13  1.000e-12  2.742e+02    33.8408    33.8347    -0.0061    26.5875    26.5805     60.918     61.096      0.233    1475.81    1475.87  0.000e+00
       6208     62.000     6.4189     6.4398     0.0208    3.37555    3.37716          1     6.1335     6.5007       9.96     0.0333  3.647e-13  1.000e-12  2.742e+02    33.8586    33.8558    -0.0028    26.5972    26.5922     61.413     61.592      0.226    1475.97    1476.05  0.000e+00
       6255     62.500     6.4598     6.4791     0.0193    3.38113    3.38216          1     6.1324     6.5072       9.96     0.0337  3.647e-13  1.000e-12  2.742e+02    33.8799    33.8721    -0.0078    26.6087    26.6000     61.909     62.088      0.298    1476.17    1476.24  0.000e+00
       6294     63.000     6.4906     6.4985     0.0080    3.38489    3.38508          1     6.1315     6.4946       9.96     0.0345  3.647e-13  1.000e-12  2.742e+02    33.8908    33.8851    -0.0057    26.6132    26.6077     62.404     62.584      0.262    1476.31    1476.34  0.000e+00
       6356     63.500     6.5061     6.5095     0.0034    3.38678    3.38668          1     6.1186     6.4848       9.96     0.0333  3.647e-13  1.000e-12  2.742e+02    33.8962    33.8917    -0.0045    26.6155    26.6115     62.899     63.080      0.241    1476.39    1476.40  0.000e+00
       6395     64.000     6.5166     6.5189     0.0023    3.38810    3.38781          1     6.1222     6.4764       9.96     0.0342  3.647e-13  1.000e-12  2.742e+02    33.9002    33.8947    -0.0055    26.6172    26.6126     63.394     63.576      0.350    1476.44    1476.45  0.000e+00
       6442     64.500     6.5322     6.5370     0.0047    3.39023    3.38993          1     6.1204     6.4794       9.96     0.0339  3.647e-13  1.000e-12  2.742e+02    33.9080    33.9000    -0.0080    26.6213    26.6144     63.889     64.072      0.222    1476.52    1476.53  0.000e+00
       6499     65.000     6.5841     6.5899     0.0059    3.39713    3.39596          1     6.0841     6.4647       9.96     0.0343  3.647e-13  1.000e-12  2.742e+02    33.9329    33.9142    -0.0187    26.6342    26.6186     64.384     64.568      0.296    1476.77    1476.77  0.000e+00
       6543     65.500     6.6213     6.6339     0.0126    3.40139    3.40174          1     6.0935     6.4493       9.96     0.0342  3.647e-13  1.000e-12  2.742e+02    33.9430    33.9344    -0.0087    26.6372    26.6287     64.880     65.064      0.231    1476.93    1476.97  0.000e+00
       6594     66.000     6.6480     6.6544     0.0064    3.40466    3.40456          1     6.0808     6.4296       9.96     0.0346  3.647e-13  1.000e-12  2.742e+02    33.9524    33.9450    -0.0074    26.6410    26.6344     65.375     65.561      0.315    1477.06    1477.07  0.000e+00
       6625     66.500     6.6714     6.6792     0.0078    3.40769    3.40709          1     6.0855     6.4394       9.96     0.0344  3.647e-13  1.000e-12  2.742e+02    33.9625    33.9482    -0.0143    26.6459    26.6336     65.870     66.057      0.371    1477.17    1477.18  0.000e+00
       6672     67.000     6.7070     6.7121     0.0051    3.41212    3.41177          1     6.0614     6.4197       9.96     0.0346  3.649e-13  1.000e-12  2.741e+02    33.9760    33.9670    -0.0090    26.6518    26.6440     66.365     66.553      0.229    1477.33    1477.34  0.000e+00
       6730     67.500     6.7152     6.7168     0.0016    3.41314    3.41275          1     6.0291     6.4303       9.96     0.0343  4.097e-13  1.000e-12  2.441e+02    33.9788    33.9730    -0.0058    26.6529    26.6481     66.860     67.049      0.355    1477.38    1477.38  0.000e+00
       6759     68.000     6.7366     6.7423     0.0056    3.41620    3.41565          1     6.0347     6.4235       9.96     0.0342  4.114e-13  1.000e-12  2.431e+02    33.9913    33.9795    -0.0117    26.6599    26.6498     67.356     67.545      0.348    1477.49    1477.49  0.000e+00
       6814     68.500     6.7525     6.7563     0.0038    3.41834    3.41812          1     6.0365     6.4182       9.96     0.0342  4.120e-13  1.000e-12  2.427e+02    33.9988    33.9926    -0.0062    26.6637    26.6583     67.851     68.041      0.243    1477.57    1477.57  0.000e+00
       6858     69.000     6.7962     6.8172     0.0210    3.42438    3.42391          1     6.0074     6.4196       9.96     0.0345  4.133e-13  1.000e-12  2.419e+02    34.0220    33.9960    -0.0260    26.6760    26.6527     68.346     68.537      0.369    1477.77    1477.82  0.000e+00
       6891     69.500     6.8598     6.8731     0.0132    3.43217    3.43163          1     6.0255     6.3975       9.96     0.0345  4.120e-13  1.000e-12  2.427e+02    34.0446    34.0254    -0.0191    26.6852    26.6683     68.841     69.033      0.324    1478.06    1478.08  0.000e+00
       6938     70.000     6.8920     6.9029     0.0110    3.43627    3.43677          1     6.0048     6.3839       9.96     0.0339  3.750e-13  1.000e-12  2.673e+02    34.0575    34.0522    -0.0053    26.6911    26.6854     69.336     69.529      0.233    1478.21    1478.24  0.000e+00
       6984     70.500     6.9069     6.9121     0.0051    3.43894    3.43850          1     5.9887     6.3795       9.96     0.0341  3.646e-13  1.000e-12  2.743e+02    34.0719    34.0620    -0.0099    26.7004    26.6919     69.831     70.025      0.294    1478.29    1478.30  0.000e+00
       7023     71.000     6.9307     6.9378     0.0071    3.44252    3.44239          1     5.9924     6.3840       9.96     0.0344  3.647e-13  1.000e-12  2.742e+02    34.0874    34.0791    -0.0084    26.7094    26.7018     70.327     70.521      0.307    1478.41    1478.43  0.000e+00
       7065     71.500     6.9377     6.9403     0.0026    3.44377    3.44391          1     6.0225     6.3797       9.84     0.0348  3.647e-13  1.000e-12  2.742e+02    34.0940    34.0930    -0.0011    26.7136    26.7124     70.822     71.017      0.266    1478.45    1478.46  0.000e+00
       7109     72.000     6.9468     6.9583     0.0115    3.44604    3.44629          1     5.9992     6.3768       9.41     0.0341  3.647e-13  1.000e-12  2.742e+02    34.1097    34.1011    -0.0086    26.7247    26.7164     71.317     71.513      0.302    1478.52    1478.55  0.000e+00
       7147     72.500     6.9972     7.0170     0.0198    3.45336    3.45409          1     5.9921     6.3679       8.92     0.0340  3.647e-13  1.000e-12  2.742e+02    34.1399    34.1283    -0.0117    26.7416    26.7297     71.812     72.009      0.305    1478.76    1478.82  0.000e+00
       7188     73.000     7.0642     7.0901     0.0259    3.46280    3.46328          1     5.9836     6.3533       8.40     0.0341  4.051e-13  1.000e-12  2.474e+02    34.1768    34.1564    -0.0205    26.7615    26.7418     72.307     72.505      0.284    1479.07    1479.15  0.000e+00
       7232     73.500     7.1449     7.1771     0.0321    3.47413    3.47579          1     5.9610     6.3209       7.91     0.0351  4.157e-13  1.000e-12  2.405e+02    34.2207    34.2069    -0.0137    26.7848    26.7695     72.802     73.001      0.278    1479.45    1479.56  0.000e+00
       7272     74.000     7.2142     7.2332     0.0191    3.48433    3.48466          1     5.9468     6.2916       7.41     0.0356  3.812e-13  1.000e-12  2.632e+02    34.2633    34.2480    -0.0153    26.8087    26.7940     73.298     73.497      0.309    1479.78    1479.83  0.000e+00
       7311     74.500     7.2367     7.2398     0.0032    3.48717    3.48677          1     5.8990     6.2750       6.89     0.0380  3.650e-13  1.000e-12  2.740e+02    34.2717    34.2643    -0.0074    26.8122    26.8059     73.793     73.993      0.297    1479.88    1479.89  0.000e+00
       7354     75.000     7.2352     7.2435     0.0082    3.48718    3.48745          1     5.8811     6.2834       6.38     0.0392  3.647e-13  1.000e-12  2.742e+02    34.2731    34.2678    -0.0053    26.8135    26.8082     74.288     74.489      0.279    1479.89    1479.91  0.000e+00
       7393     75.500     7.2356     7.2363     0.0007    3.48707    3.48675          1     5.8979     6.2835       5.87     0.0389  3.647e-13  1.000e-12  2.742e+02    34.2713    34.2671    -0.0042    26.8120    26.8086     74.783     74.985      0.346    1479.89    1479.89  0.000e+00
       7428     76.000     7.2420     7.2440     0.0020    3.48798    3.48762          1     5.8784     6.2868       5.37     0.0386  3.647e-13  1.000e-12  2.742e+02    34.2745    34.2687    -0.0058    26.8136    26.8087     75.278     75.481      0.309    1479.93    1479.93  0.000e+00
       7476     76.500     7.2437     7.2452     0.0015    3.48824    3.48805          1     5.9014     6.2871       4.85     0.0385  3.647e-13  1.000e-12  2.742e+02    34.2755    34.2720    -0.0035    26.8141    26.8112     75.773     75.977      0.241    1479.95    1479.95  0.000e+00
       7516     77.000     7.2450     7.2463     0.0013    3.48848    3.48827          1     5.8993     6.2861       4.34     0.0396  3.647e-13  1.000e-12  2.742e+02    34.2766    34.2729    -0.0036    26.8148    26.8118     76.269     76.473      0.369    1479.96    1479.96  0.000e+00
       7548     77.500     7.2470     7.2470    -0.0000    3.48871    3.48847          1     5.8723     6.2854       3.83     0.0392  3.647e-13  1.000e-12  2.742e+02    34.2769    34.2743    -0.0026    26.8148    26.8127     76.764     76.969      0.334    1479.98    1479.97  0.000e+00
       7597     78.000     7.2453     7.2453     0.0000    3.48850    3.48833          1     5.9052     6.2885       3.94     0.0404  3.647e-13  1.000e-12  2.742e+02    34.2760    34.2742    -0.0018    26.8143    26.8129     77.259     77.465      0.219    1479.98    1479.98  0.000e+00
       7646     78.500     7.2448     7.2443    -0.0005    3.48846    3.48835          1     5.9181     6.2899       5.23     0.0402  3.842e-13  1.000e-12  2.611e+02    34.2759    34.2752    -0.0007    26.8143    26.8138     77.754     77.961      0.258    1479.99    1479.98  0.000e+00
