ctdpy/exports/archive_20191121_122431/received_data/SBE09_0827_20180824_1010_26_01_0884.cnv
* Sea-Bird SBE 9 Data File:
* FileName = D:\CTD_SBE911\DAT\26DA.2018.8.84.hex
* Software Version Seasave V 7.21d
* Temperature SN = 034605
* Conductivity SN = 041844
* Number of Bytes Per Scan = 48
* Number of Voltage Words = 5
* Number of Scans Averaged by the Deck Unit = 1
* NMEA Latitude = 58 00.68 N
* NMEA Longitude = 010 51.47 E
* NMEA UTC (Time) = Aug 24 2018  10:12:24
* NMEA baud rate = 4800
** Ship: DANA
** Average sound velocity: 1488.80 m/s
** True-depth calculation Thu, 28 Mar 2019 09:26:37 +0000
** CTD Python Module SMHI /ver 3-12/ feb 2012 
** LIMS Job: 20182601-0884
**  GROPEN VÆST
** Operator: Christian
** Cruise: 08/2018
# nquan = 26
# nvalues = 375                         
# units = specified
# name 0 = scan: Scan Count
# name 1 = prDM: Pressure, Digiquartz [db]
# name 2 = t090C: Temperature [ITS-90, deg C]
# name 3 = t190C: Temperature, 2 [ITS-90, deg C]
# name 4 = T2-T190C: Temperature Difference, 2 - 1 [ITS-90, deg C]
# name 5 = c0S/m: Conductivity [S/m]
# name 6 = c1S/m: Conductivity, 2 [S/m]
# name 7 = pumps: Pump Status
# name 8 = sbeox1ML/L: Oxygen, SBE 43, 2 [ml/l]
# name 9 = sbeox0ML/L: Oxygen, SBE 43 [ml/l]
# name 10 = altM: Altimeter [m]
# name 11 = chloroflTC0: Chlorophyll, Turner Cyclops [ug/l]
# name 12 = cpar: CPAR/Corrected Irradiance [%]
# name 13 = par: PAR/Irradiance, Biospherical/Lico [µE/(cm^2*s)]
# name 14 = spar: SPAR, Biospherical/Licor
# name 15 = sal00: Salinity, Practical [PSU]
# name 16 = sal11: Salinity, Practical, 2 [PSU]
# name 17 = secS-priS: Salinity, Practical, Difference, 2 - 1 [PSU]
# name 18 = sigma-t00: Density [sigma-t, kg/m^3 ]
# name 19 = sigma-t11: Density, 2 [sigma-t, kg/m^3 ]
# name 20 = depSM: Depth [salt water, m], lat = 58.0113
# name 21 = depFM: Depth [true depth, m], lat = 58.0113
# name 22 = dz/dtM: Descent Rate [m/s], WS = 2
# name 23 = svCM: Sound Velocity [Chen-Millero, m/s]
# name 24 = svCM1: Sound Velocity, 2 [Chen-Millero, m/s]
# name 25 = flag: flag
# span 0 =        143,      16801       
# span 1 =      1.500,    188.500       
# span 2 =     6.5809,    17.4775       
# span 3 =     6.5807,    17.4683       
# span 4 =    -0.2836,     1.2332       
# span 5 =   3.508051,   4.325748       
# span 6 =   3.508304,   4.325328       
# span 7 =          1,          1       
# span 8 =     5.3932,     6.7874       
# span 9 =     5.4569,     6.7866       
# span 10 =       3.24,      10.31      
# span 11 =     0.0270,     0.2246      
# span 12 = 7.9937e-14, 9.8239e+00      
# span 13 = 1.0000e-12, 1.2623e+02      
# span 14 = 9.8229e+02, 1.2858e+03      
# span 15 =    31.3082,    35.1865      
# span 16 =    31.3110,    35.1899      
# span 17 =    -0.4315,     0.2220      
# span 18 =    22.6049,    27.5644      
# span 19 =    22.6074,    27.5660      
# span 20 =      1.486,    186.668      
# span 21 =      1.494,    187.029      
# span 22 =     -0.037,      0.715      
# span 23 =    1479.85,    1512.56      
# span 24 =    1479.89,    1512.57      
# span 25 = 0.0000e+00, 0.0000e+00      
# interval = decibars: 0.5              
# start_time = Aug 24 2018 10:12:24 [NMEA time, first data scan]
# bad_flag = -9.990e-29
*END*
[from data line 335]
      14227    169.000     6.5896     6.5928     0.0032    3.50828    3.50866          1     5.4225     5.5841       9.97     0.0354  9.789e-14  1.000e-12  1.022e+03    35.1103    35.1113     0.0010    27.5622    27.5625    167.365    167.700      0.406    1479.98    1479.99  0.000e+00
      14255    169.500     6.5888     6.5913     0.0025    3.50823    3.50862          1     5.4164     5.5887       9.97     0.0355  9.789e-14  1.000e-12  1.022e+03    35.1103    35.1120     0.0017    27.5623    27.5633    167.860    168.196      0.475    1479.98    1479.99  0.000e+00
      14279    170.000     6.5893     6.5906     0.0013    3.50830    3.50859          1     5.4178     5.5846       9.97     0.0347  9.803e-14  1.000e-12  1.020e+03    35.1102    35.1122     0.0020    27.5622    27.5636    168.355    168.691      0.493    1479.99    1480.00  0.000e+00
      14304    170.500     6.5888     6.5902     0.0014    3.50826    3.50858          1     5.4206     5.5831       9.97     0.0344  9.809e-14  1.000e-12  1.020e+03    35.1102    35.1123     0.0021    27.5622    27.5637    168.850    169.187      0.441    1480.00    1480.01  0.000e+00
      14333    171.000     6.5883     6.5891     0.0008    3.50825    3.50852          1     5.4170     5.5787       9.97     0.0340  9.825e-14  1.000e-12  1.018e+03    35.1103    35.1124     0.0021    27.5624    27.5639    169.345    169.683      0.423    1480.00    1480.01  0.000e+00
      14360    171.500     6.5883     6.5889     0.0006    3.50828    3.50850          1     5.4026     5.5716       9.97     0.0349  9.828e-14  1.000e-12  1.017e+03    35.1103    35.1122     0.0019    27.5624    27.5638    169.840    170.178      0.478    1480.01    1480.02  0.000e+00
      14384    172.000     6.5883     6.5887     0.0005    3.50833    3.50852          1     5.4101     5.5798       9.97     0.0337  9.828e-14  1.000e-12  1.017e+03    35.1107    35.1123     0.0016    27.5626    27.5639    170.335    170.674      0.497    1480.02    1480.02  0.000e+00
      14409    172.500     6.5871     6.5886     0.0015    3.50829    3.50854          1     5.4272     5.5829       9.97     0.0341  9.829e-14  1.000e-12  1.017e+03    35.1112    35.1125     0.0012    27.5633    27.5640    170.830    171.169      0.456    1480.02    1480.03  0.000e+00
      14437    173.000     6.5876     6.5880     0.0004    3.50831    3.50852          1     5.4161     5.5798       9.97     0.0353  9.847e-14  1.000e-12  1.016e+03    35.1106    35.1125     0.0019    27.5627    27.5641    171.325    171.665      0.427    1480.03    1480.04  0.000e+00
      14464    173.500     6.5851     6.5877     0.0026    3.50820    3.50853          1     5.4136     5.5825       9.97     0.0354  9.848e-14  1.000e-12  1.015e+03    35.1117    35.1127     0.0011    27.5639    27.5644    171.820    172.161      0.469    1480.03    1480.04  0.000e+00
      14488    174.000     6.5837     6.5875     0.0038    3.50812    3.50855          1     5.4176     5.5855       9.97     0.0360  9.848e-14  1.000e-12  1.015e+03    35.1120    35.1129     0.0009    27.5643    27.5645    172.315    172.656      0.501    1480.04    1480.05  0.000e+00
      14512    174.500     6.5838     6.5869     0.0031    3.50813    3.50856          1     5.4175     5.5860       9.97     0.0345  9.848e-14  1.000e-12  1.015e+03    35.1117    35.1134     0.0016    27.5641    27.5650    172.810    173.152      0.490    1480.04    1480.06  0.000e+00
      14538    175.000     6.5841     6.5857     0.0015    3.50818    3.50850          1     5.4141     5.5758       9.97     0.0332  9.848e-14  1.000e-12  1.015e+03    35.1117    35.1137     0.0019    27.5641    27.5654    173.305    173.648      0.451    1480.05    1480.06  0.000e+00
      14565    175.500     6.5839     6.5850     0.0011    3.50818    3.50846          1     5.4170     5.5733       9.97     0.0332  9.852e-14  1.000e-12  1.015e+03    35.1117    35.1137     0.0021    27.5640    27.5655    173.800    174.143      0.455    1480.06    1480.07  0.000e+00
      14590    176.000     6.5830     6.5844     0.0014    3.50813    3.50842          1     5.4115     5.5848       9.97     0.0341  9.867e-14  1.000e-12  1.014e+03    35.1118    35.1137     0.0019    27.5643    27.5656    174.295    174.639      0.500    1480.07    1480.07  0.000e+00
      14613    176.500     6.5825     6.5842     0.0018    3.50810    3.50845          1     5.4120     5.5875       9.97     0.0346  9.868e-14  1.000e-12  1.013e+03    35.1118    35.1139     0.0021    27.5643    27.5657    174.790    175.134      0.525    1480.07    1480.08  0.000e+00
      14636    177.000     6.5825     6.5838     0.0012    3.50812    3.50843          1     5.4269     5.5832       9.97     0.0341  9.868e-14  1.000e-12  1.013e+03    35.1117    35.1139     0.0022    27.5643    27.5658    175.284    175.630      0.510    1480.08    1480.09  0.000e+00
      14661    177.500     6.5817     6.5829     0.0012    3.50805    3.50837          1     5.4376     5.5757       9.97     0.0342  9.873e-14  1.000e-12  1.013e+03    35.1115    35.1138     0.0023    27.5642    27.5659    175.779    176.126      0.470    1480.09    1480.09  0.000e+00
      14687    178.000     6.5818     6.5821     0.0003    3.50808    3.50832          1     5.4370     5.5721       9.97     0.0342  9.886e-14  1.000e-12  1.012e+03    35.1115    35.1139     0.0023    27.5642    27.5660    176.274    176.621      0.465    1480.09    1480.10  0.000e+00
      14712    178.500     6.5821     6.5819    -0.0002    3.50814    3.50830          1     5.4351     5.5783       9.97     0.0343  9.888e-14  1.000e-12  1.011e+03    35.1116    35.1136     0.0020    27.5642    27.5658    176.769    177.117      0.513    1480.10    1480.11  0.000e+00
      14734    179.000     6.5819     6.5819     0.0000    3.50816    3.50832          1     5.4377     5.5797       9.97     0.0351  9.888e-14  1.000e-12  1.011e+03    35.1118    35.1135     0.0017    27.5644    27.5657    177.264    177.612      0.536    1480.11    1480.11  0.000e+00
      14757    179.500     6.5814     6.5821     0.0008    3.50810    3.50835          1     5.4272     5.5777       9.97     0.0359  9.888e-14  1.000e-12  1.011e+03    35.1114    35.1134     0.0020    27.5642    27.5656    177.759    178.108      0.519    1480.12    1480.12  0.000e+00
      14781    180.000     6.5815     6.5816     0.0001    3.50813    3.50834          1     5.4143     5.5766       9.97     0.0345  9.888e-14  1.000e-12  1.011e+03    35.1114    35.1137     0.0023    27.5641    27.5659    178.254    178.604      0.487    1480.13    1480.13  0.000e+00
      14806    180.500     6.5819     6.5814    -0.0005    3.50820    3.50833          1     5.4158     5.5729       9.97     0.0338  9.888e-14  1.000e-12  1.011e+03    35.1114    35.1135     0.0021    27.5641    27.5658    178.749    179.099      0.468    1480.13    1480.14  0.000e+00
      14832    181.000     6.5824     6.5815    -0.0009    3.50827    3.50834          1     5.4279     5.5711       9.97     0.0341  9.888e-14  1.000e-12  1.011e+03    35.1115    35.1132     0.0017    27.5641    27.5656    179.244    179.595      0.483    1480.15    1480.14  0.000e+00
      14856    181.500     6.5831     6.5813    -0.0017    3.50835    3.50836          1     5.4202     5.5788       9.97     0.0346  9.890e-14  1.000e-12  1.011e+03    35.1114    35.1133     0.0019    27.5639    27.5657    179.739    180.090      0.443    1480.16    1480.15  0.000e+00
      14946    182.000     6.5819     6.5811    -0.0008    3.50827    3.50835          1     5.4257     5.5841       9.97     0.0336  9.909e-14  1.000e-12  1.009e+03    35.1114    35.1131     0.0017    27.5641    27.5655    180.234    180.586      0.189    1480.16    1480.16  0.000e+00
      15081    182.500     6.5816     6.5816    -0.0001    3.50826    3.50842          1     5.4098     5.5830       9.70     0.0359  9.938e-14  1.000e-12  1.006e+03    35.1114    35.1132     0.0018    27.5641    27.5656    180.729    181.082      0.175    1480.17    1480.17  0.000e+00
      15165    183.000     6.5816     6.5811    -0.0005    3.50828    3.50839          1     5.4117     5.5791       9.24     0.0354  9.946e-14  1.000e-12  1.005e+03    35.1114    35.1131     0.0017    27.5641    27.5655    181.224    181.577      0.187    1480.18    1480.18  0.000e+00
      15231    183.500     6.5816     6.5809    -0.0007    3.50831    3.50838          1     5.4057     5.5750       8.77     0.0351  9.997e-14  1.000e-12  1.000e+03    35.1114    35.1130     0.0016    27.5641    27.5655    181.719    182.073      0.184    1480.18    1480.18  0.000e+00
      15297    184.000     6.5818     6.5810    -0.0008    3.50834    3.50841          1     5.4152     5.5726       8.30     0.0338  1.018e-13  1.000e-12  9.823e+02    35.1113    35.1130     0.0017    27.5640    27.5655    182.214    182.568      0.204    1480.19    1480.19  0.000e+00
      15349    184.500     6.5817     6.5810    -0.0007    3.50835    3.50844          1     5.4016     5.5698       7.77     0.0330  1.011e-13  1.000e-12  9.892e+02    35.1113    35.1130     0.0017    27.5640    27.5655    182.708    183.064      0.246    1480.20    1480.20  0.000e+00
      15401    185.000     6.5817     6.5811    -0.0005    3.50838    3.50846          1     5.4104     5.5687       7.19     0.0335  9.972e-14  1.000e-12  1.003e+03    35.1114    35.1129     0.0015    27.5641    27.5654    183.203    183.560      0.223    1480.21    1480.21  0.000e+00
      15450    185.500     6.5819     6.5811    -0.0008    3.50841    3.50849          1     5.4089     5.5753       6.65     0.0354  9.988e-14  1.000e-12  1.001e+03    35.1113    35.1130     0.0017    27.5640    27.5654    183.698    184.055      0.256    1480.22    1480.22  0.000e+00
      15500    186.000     6.5818     6.5812    -0.0006    3.50843    3.50851          1     5.4058     5.5851       6.15     0.0361  1.006e-13  1.000e-12  9.939e+02    35.1113    35.1129     0.0016    27.5640    27.5654    184.193    184.551      0.229    1480.23    1480.23  0.000e+00
      15549    186.500     6.5818     6.5811    -0.0007    3.50845    3.50853          1     5.4095     5.5732       5.65     0.0338  9.986e-14  1.000e-12  1.001e+03    35.1113    35.1130     0.0017    27.5640    27.5655    184.688    185.047      0.279    1480.23    1480.23  0.000e+00
      15611    187.000     6.5817     6.5811    -0.0006    3.50846    3.50856          1     5.4118     5.5699       5.13     0.0338  9.998e-14  1.000e-12  1.000e+03    35.1113    35.1130     0.0017    27.5641    27.5655    185.183    185.542      0.246    1480.24    1480.24  0.000e+00
      15994    187.500     6.5817     6.5813    -0.0004    3.50848    3.50859          1     5.3970     5.5714       4.54     0.0341  1.004e-13  1.000e-12  9.956e+02    35.1113    35.1129     0.0016    27.5640    27.5653    185.678    186.038      0.313    1480.25    1480.25  0.000e+00
      16378    188.000     6.5817     6.5811    -0.0006    3.50850    3.50859          1     5.4134     5.5724       4.96     0.0336  1.008e-13  1.000e-12  9.920e+02    35.1112    35.1129     0.0016    27.5640    27.5654    186.173    186.533      0.224    1480.26    1480.26  0.000e+00
      16801    188.500     6.5809     6.5807    -0.0002    3.50847    3.50859          1     5.4087     5.5745       3.24     0.0326  1.012e-13  1.000e-12  9.879e+02    35.1113    35.1130     0.0016    27.5642    27.5655    186.668    187.029     -0.037    1480.26    1480.26  0.000e+00
