ctdpy/exports/archive_20191121_122431/received_data/SBE09_1044_20180314_2244_34_02_0058.cnv
* Sea-Bird SBE 9 Data File:
* FileName = C:\ctd\temp\2018\ME18D058.hex
* Software Version Seasave V 7.26.6.26
* Temperature SN = 5351
* Conductivity SN = 3941
* Number of Bytes Per Scan = 41
* Number of Voltage Words = 4
* Number of Scans Averaged by the Deck Unit = 1
* NMEA Latitude = 56 40.14 N
* NMEA Longitude = 012 06.66 E
* NMEA UTC (Time) = Mar 14 2018  22:44:48
* NMEA baud rate = 4800
** Station:  MHAN
** Operator:  Anholt E
** Ship: MERI
** Average sound velocity: 1460.82 m/s
** True-depth calculation Sat, 17 Mar 2018 10:24:54 +0000
** CTD Python Module SMHI /ver 3-12/ feb 2012 
** LIMS Job: 20183402-0058
** Cruise: SMHI-02-2018
** Latitude [GG MM.mm N] :
** Longitude [GG MM.mm E]:
# nquan = 26
# nvalues = 120                         
# units = specified
# name 0 = scan: Scan Count
# name 1 = prDM: Pressure, Digiquartz [db]
# name 2 = t090C: Temperature [ITS-90, deg C]
# name 3 = t190C: Temperature, 2 [ITS-90, deg C]
# name 4 = T2-T190C: Temperature Difference, 2 - 1 [ITS-90, deg C]
# name 5 = c0S/m: Conductivity [S/m]
# name 6 = c1S/m: Conductivity, 2 [S/m]
# name 7 = pumps: Pump Status
# name 8 = sbeox0ML/L: Oxygen, SBE 43 [ml/l]
# name 9 = sbeox1ML/L: Oxygen, SBE 43, 2 [ml/l]
# name 10 = altM: Altimeter [m]
# name 11 = flECO-AFL: Chl-a Fluorescence, WET Labs ECO-AFL/FL [mg/m^3]
# name 12 = flECO-AFL1: Phycocyanin Fluorescence, WET Labs ECO-AFL/FL, 2 [mg/m^3]
# name 13 = par: PAR/Irradiance, Biospherical/Lico [µE/(cm^2*s)]
# name 14 = turbWETntu0: Turbidity, WET Labs ECO [NTU]
# name 15 = sal00: Salinity, Practical [PSU]
# name 16 = sal11: Salinity, Practical, 2 [PSU]
# name 17 = secS-priS: Salinity, Practical, Difference, 2 - 1 [PSU]
# name 18 = sigma-t00: Density [sigma-t, Kg/m^3 ]
# name 19 = sigma-t11: Density, 2 [sigma-t, Kg/m^3 ]
# name 20 = depSM: Depth [salt water, m], lat = 56.669
# name 21 = depFM: Depth [true depth, m], lat = 56.669
# name 22 = dz/dtM: Descent Rate [m/s], WS = 2
# name 23 = svCM: Sound Velocity [Chen-Millero, m/s]
# name 24 = svCM1: Sound Velocity, 2 [Chen-Millero, m/s]
# name 25 = flag: flag
# span 0 =       5202,       8999       
# span 1 =      0.500,     60.000       
# span 2 =     0.3795,     5.4673       
# span 3 =     0.3751,     5.4682       
# span 4 =    -0.0459,     0.0459       
# span 5 =   1.408919,   3.270295       
# span 6 =   1.409147,   3.270311       
# span 7 =          1,          1       
# span 8 =    6.35377,    9.58972       
# span 9 =    6.33612,    9.60025       
# span 10 =       2.67,      98.74      
# span 11 =     0.3049,     9.4933      
# span 12 =     0.2904,     1.7673      
# span 13 = 9.9663e-13, 3.9640e-01      
# span 14 =     0.4622,     1.8488      
# span 15 =    15.3478,    33.7763      
# span 16 =    15.3508,    33.7758      
# span 17 =    -0.1349,     0.1016      
# span 18 =    12.2694,    26.6715      
# span 19 =    12.2717,    26.6709      
# span 20 =      0.495,     59.442      
# span 21 =      0.503,     59.716      
# span 22 =     -0.104,      0.502      
# span 23 =    1428.13,    1471.44      
# span 24 =    1428.13,    1471.45      
# span 25 = 0.0000e+00, 0.0000e+00      
# interval = decibars: 0.5              
# start_time = Mar 14 2018 22:44:48 [NMEA time, first data scan]
# bad_flag = -9.990e-29
*END*
       5202      0.500     1.1846     1.2302     0.0459    1.41725    1.42041          1     9.5699     9.5698      98.73     6.2169     1.0985  3.608e-01  0.6469000    15.3915    15.4061     0.0146    12.3036    12.3151      0.495      0.503      0.072    1428.67    1428.91  0.000e+00
       5244      1.000     1.1994     1.1608    -0.0385    1.41604    1.41391          1     9.5897     9.6003      98.72     6.4274     1.1964  3.964e-01  0.6878000    15.3697    15.3637    -0.0060    12.2861    12.2816      0.991      1.006      0.280    1428.73    1428.54  0.000e+00
       5284      1.500     1.1808     1.1602    -0.0205    1.41434    1.41340          1     9.5877     9.5985      98.72     6.4355     1.1904  1.858e-01  0.7451000    15.3589    15.3579    -0.0009    12.2775    12.2769      1.486      1.509      0.313    1428.63    1428.53  0.000e+00
       5321      2.000     1.1293     1.1204    -0.0089    1.41194    1.41152          1     9.5709     9.5954      98.72     6.5220     1.2730  5.387e-02  0.8064000    15.3559    15.3553    -0.0006    12.2755    12.2751      1.982      2.012      0.364    1428.40    1428.35  0.000e+00
       5354      2.500     1.0732     1.0727    -0.0006    1.40892    1.40915          1     9.5872     9.5998      98.72     6.3764     1.2192  4.768e-02  0.8615000    15.3478    15.3508     0.0030    12.2694    12.2717      2.477      2.515      0.321    1428.13    1428.13  0.000e+00
       5395      3.000     1.0589     1.0472    -0.0116    1.41426    1.41829          1     9.5735     9.5812      64.81     6.0390     1.1719  3.202e-02  0.8465000    15.4178    15.4713     0.0535    12.3256    12.3685      2.973      3.019      0.315    1428.16    1428.18  0.000e+00
       5428      3.500     1.0220     1.0001    -0.0219    1.42647    1.43376          1     9.5451     9.5677      95.25     5.6329     1.1996  1.178e-02  0.8642000    15.5805    15.6780     0.0975    12.4563    12.5347      3.468      3.522      0.338    1428.21    1428.23  0.000e+00
       5468      4.000     0.9174     0.9068    -0.0106    1.46313    1.46869          1     9.5653     9.5657      97.29     4.6712     1.0440  1.234e-02  0.7766000    16.0687    16.1403     0.0716    12.8485    12.9061      3.963      4.024      0.306    1428.36    1428.41  0.000e+00
       5504      4.500     0.8872     0.8792    -0.0080    1.47931    1.48095          1     9.5218     9.5150      73.63     4.7776     0.9625  2.147e-04  0.7690000    16.2769    16.3008     0.0239    13.0158    13.0351      4.459      4.527      0.328    1428.51    1428.50  0.000e+00
       5543      5.000     0.8251     0.8077    -0.0173    1.49376    1.49973          1     9.4651     9.4372      57.86     5.5379     1.0502  9.966e-13  0.8120000    16.4824    16.5631     0.0807    13.1811    13.2460      4.954      5.030      0.316    1428.49    1428.51  0.000e+00
       5578      5.500     0.7679     0.7635    -0.0044    1.52018    1.52090          1     9.4219     9.3769      95.79     7.1329     1.0433  1.000e-12  0.9308000    16.8296    16.8405     0.0109    13.4602    13.4690      5.450      5.532      0.340    1428.68    1428.68  0.000e+00
       5615      6.000     0.7740     0.7638    -0.0102    1.53014    1.52806          1     9.3742     9.3473      98.74     6.7810     1.1966  1.000e-12  0.9077000    16.9456    16.9262    -0.0194    13.5533    13.5378      5.945      6.035      0.333    1428.87    1428.80  0.000e+00
       5648      6.500     0.7855     0.7923     0.0068    1.52222    1.51570          1     9.3786     9.3638      98.72     6.7235     1.1327  1.000e-12  0.8597000    16.8443    16.7623    -0.0819    13.4719    13.4060      6.440      6.537      0.379    1428.80    1428.73  0.000e+00
       5680      7.000     0.7990     0.8152     0.0162    1.51863    1.50811          1     9.3913     9.3923      77.56     6.6077     1.2232  1.000e-12  0.9364000    16.7937    16.6587    -0.1349    13.4311    13.3227      6.936      7.040      0.375    1428.81    1428.71  0.000e+00
       5712      7.500     0.8038     0.8105     0.0067    1.51675    1.51143          1     9.3625     9.3683      69.03     6.4256     1.3160  1.000e-12  0.9293000    16.7682    16.7009    -0.0673    13.4107    13.3566      7.431      7.542      0.374    1428.80    1428.75  0.000e+00
       5743      8.000     0.8006     0.7941    -0.0065    1.52141    1.52959          1     9.3203     9.3008      67.21     6.7800     1.3233  1.000e-12  0.9255000    16.8257    16.9274     0.1016    13.4569    13.5385      7.927      8.045      0.392    1428.87    1428.98  0.000e+00
       5773      8.500     0.7855     0.7872     0.0016    1.55673    1.55449          1     9.2741     9.2340      82.84     7.1474     1.3949  1.000e-12  0.9255000    17.2581    17.2303    -0.0278    13.8041    13.7818      8.422      8.547      0.401    1429.38    1429.35  0.000e+00
       5803      9.000     0.7884     0.7879    -0.0005    1.59223    1.59192          1     9.1288     9.0936      91.20     8.3285     1.6081  1.000e-12  0.9404000    17.6838    17.6803    -0.0034    14.1458    14.1430      8.917      9.050      0.396    1429.96    1429.96  0.000e+00
       5834      9.500     0.7313     0.7438     0.0125    1.64974    1.64634          1     9.0539     9.0184      77.92     9.4933     1.7673  1.000e-12  1.0884000    18.4122    18.3636    -0.0486    14.7312    14.6921      9.413      9.552      0.386    1430.66    1430.66  0.000e+00
       5865     10.000     0.7313     0.7256    -0.0056    1.68222    1.68017          1     8.9756     8.9481      93.57     8.7015     1.3493  1.000e-12  1.0741000    18.8057    18.7842    -0.0215    15.0471    15.0299      9.908     10.053      0.392    1431.19    1431.13  0.000e+00
       5895     10.500     0.7530     0.7572     0.0041    1.73397    1.73365          1     8.6958     8.6974      52.13     7.9565     1.3093  1.000e-12  0.9680000    19.4221    19.4155    -0.0066    15.5418    15.5364     10.404     10.555      0.407    1432.11    1432.12  0.000e+00
       5925     11.000     0.4658     0.4753     0.0095    1.77822    1.77746          1     8.6020     8.6336      52.25     6.6831     1.2544  1.000e-12  0.9095000    20.1486    20.1330    -0.0156    16.1293    16.1166     10.899     11.056      0.394    1431.73    1431.75  0.000e+00
       5956     11.500     0.3795     0.3751    -0.0044    1.86034    1.85722          1     8.6113     8.6289      51.76     5.8298     1.4583  1.000e-12  0.8473000    21.2213    21.1856    -0.0357    16.9929    16.9642     11.394     11.557      0.375    1432.75    1432.68  0.000e+00
       5988     12.000     0.4436     0.4367    -0.0069    1.93896    1.93470          1     8.4961     8.4556      63.05     5.5093     1.0922  1.000e-12  0.9834000    22.1534    22.1054    -0.0480    17.7413    17.7028     11.890     12.058      0.398    1434.29    1434.20  0.000e+00
       6017     12.500     0.5050     0.5058     0.0008    2.01110    2.00944          1     8.4313     8.3528      59.66     4.6629     0.8624  1.000e-12  0.7471000    23.0077    22.9864    -0.0214    18.4269    18.4097     12.385     12.558      0.412    1435.72    1435.70  0.000e+00
       6047     13.000     0.6835     0.6816    -0.0020    2.07663    2.07767          1     8.3545     8.2446      50.21     4.2761     0.7617  1.000e-12  0.6297000    23.6886    23.7029     0.0143    18.9694    18.9809     12.881     13.058      0.393    1437.46    1437.47  0.000e+00
       6078     13.500     0.9803     0.9891     0.0088    2.15905    2.16100          1     8.0019     7.9107      91.15     3.7621     0.8026  1.000e-12  0.7815000    24.4822    24.4994     0.0172    19.5976    19.6111     13.376     13.558      0.393    1439.89    1439.96  0.000e+00
       6108     14.000     1.0779     1.0755    -0.0025    2.18797    2.18753          1     7.8183     7.7107      75.08     2.9056     0.8496  1.000e-12  0.9378000    24.7628    24.7592    -0.0036    19.8192    19.8165     13.871     14.057      0.392    1440.72    1440.71  0.000e+00
       6138     14.500     1.5867     1.5410    -0.0459    2.28469    2.27854          1     7.9395     7.7344      71.50     5.5017     0.8316  1.000e-12  0.6038000    25.5413    25.5034    -0.0380    20.4215    20.3932     14.367     14.556      0.418    1444.07    1443.82  0.000e+00
       6165     15.000     2.9002     2.8591    -0.0406    2.48406    2.47696          1     7.5649     7.3019      74.97     3.7048     1.4558  1.000e-12  0.7955000    26.8587    26.8087    -0.0500    21.3981    21.3611     14.862     15.055      0.455    1451.65    1451.40  0.000e+00
       6192     15.500     3.8132     3.7961    -0.0173    2.68880    2.68459          1     7.0226     6.8144      72.60     1.9919     0.5222  1.000e-12  0.5529000    28.4909    28.4566    -0.0343    22.6283    22.6025     15.358     15.554      0.454    1457.71    1457.59  0.000e+00
       6218     16.000     4.1305     4.1225    -0.0079    2.77537    2.77357          1     6.7895     6.6600      67.34     1.0102     0.4613  1.000e-12  0.4622000    29.2184    29.2045    -0.0138    23.1784    23.1681     15.853     16.051      0.455    1460.00    1459.95  0.000e+00
       6244     16.500     4.4850     4.4760    -0.0092    2.85692    2.85548          1     6.6637     6.5631      50.63     1.3715     0.5178  1.000e-12  0.5952000    29.8425    29.8341    -0.0084    23.6403    23.6344     16.348     16.549      0.460    1462.29    1462.25  0.000e+00
       6270     17.000     4.8782     4.8729    -0.0052    2.94675    2.94551          1     6.5366     6.4636      46.02     1.5682     0.5547  1.000e-12  0.5547000    30.5155    30.5062    -0.0093    24.1344    24.1276     16.844     17.046      0.464    1464.80    1464.76  0.000e+00
       6296     17.500     5.0081     5.0033    -0.0048    3.01325    3.01023          1     6.4572     6.4212      45.67     1.5332     0.6061  1.000e-12  0.5866000    31.1550    31.1251    -0.0300    24.6274    24.6041     17.339     17.544      0.479    1466.15    1466.09  0.000e+00
       6321     18.000     5.0681     5.0666    -0.0015    3.05443    3.05324          1     6.4420     6.4311      45.21     1.5494     0.5391  1.000e-12  0.5992000    31.5690    31.5568    -0.0122    24.9487    24.9392     17.834     18.040      0.483    1466.93    1466.91  0.000e+00
       6346     18.500     5.1103     5.1063    -0.0040    3.06894    3.06805          1     6.4616     6.4480      51.64     1.5540     0.5135  1.000e-12  0.6131000    31.6944    31.6881    -0.0064    25.0435    25.0389     18.330     18.537      0.482    1467.28    1467.25  0.000e+00
       6370     19.000     5.1789     5.1775    -0.0014    3.10695    3.10493          1     6.4939     6.4795      98.47     2.0252     0.5257  1.000e-12  0.6591000    32.0628    32.0411    -0.0218    25.3276    25.3105     18.825     19.034      0.487    1468.03    1468.00  0.000e+00
       6395     19.500     5.2755     5.2747    -0.0008    3.15272    3.15184          1     6.4559     6.4372      98.72     1.1363     0.3947  1.000e-12  0.6500000    32.4916    32.4823    -0.0092    25.6561    25.6489     19.321     19.531      0.484    1468.98    1468.96  0.000e+00
       6420     20.000     5.3267     5.3260    -0.0008    3.17462    3.17422          1     6.4353     6.4155      83.09     1.1272     0.3794  1.000e-12  0.6680000    32.6912    32.6875    -0.0038    25.8084    25.8055     19.816     20.027      0.475    1469.45    1469.44  0.000e+00
       6445     20.500     5.3282     5.3301     0.0019    3.18212    3.18211          1     6.4766     6.4454      56.30     1.0148     0.3871  1.000e-12  0.7662000    32.7752    32.7732    -0.0020    25.8746    25.8728     20.311     20.524      0.482    1469.57    1469.57  0.000e+00
       6470     21.000     5.4567     5.4557    -0.0010    3.20359    3.20353          1     6.4043     6.3753      56.98     0.9885     0.3649  1.000e-12  0.7037000    32.8934    32.8938     0.0004    25.9533    25.9537     20.807     21.020      0.491    1470.25    1470.24  0.000e+00
       6494     21.500     5.4602     5.4568    -0.0035    3.21888    3.21873          1     6.3674     6.3722      41.28     1.0637     0.3398  1.000e-12  0.7040000    33.0638    33.0655     0.0016    26.0877    26.0894     21.302     21.516      0.482    1470.49    1470.47  0.000e+00
       6520     22.000     5.2563     5.2545    -0.0017    3.21074    3.21069          1     6.4355     6.4598      40.98     0.6863     0.3628  1.000e-12  0.7211000    33.1723    33.1734     0.0012    26.1973    26.1984     21.797     22.013      0.472    1469.81    1469.80  0.000e+00
       6545     22.500     5.2331     5.2332     0.0001    3.21435    3.21430          1     6.4753     6.4825      40.48     0.6622     0.3260  1.000e-12  0.7289000    33.2364    33.2357    -0.0007    26.2507    26.2502     22.293     22.509      0.475    1469.80    1469.80  0.000e+00
       6570     23.000     5.2743     5.2730    -0.0014    3.22060    3.22044          1     6.4722     6.4567      43.63     0.5654     0.3009  1.000e-12  0.7331000    33.2667    33.2662    -0.0005    26.2700    26.2698     22.788     23.005      0.482    1470.01    1470.01  0.000e+00
       6595     23.500     5.2774     5.2778     0.0004    3.22828    3.22818          1     6.4636     6.4470      98.49     0.5417     0.3549  1.000e-12  0.7335000    33.3514    33.3498    -0.0016    26.3367    26.3354     23.284     23.501      0.487    1470.14    1470.14  0.000e+00
       6620     24.000     5.3038     5.3018    -0.0019    3.23852    3.23828          1     6.4565     6.4299      39.79     0.5187     0.3739  1.000e-12  0.7290000    33.4420    33.4412    -0.0008    26.4053    26.4050     23.779     23.998      0.484    1470.37    1470.37  0.000e+00
       6644     24.500     5.3739     5.3746     0.0007    3.24851    3.24853          1     6.4398     6.3979      49.11     1.0729     0.3694  1.000e-12  0.8110000    33.4859    33.4854    -0.0004    26.4319    26.4314     24.274     24.494      0.478    1470.72    1470.72  0.000e+00
       6670     25.000     5.4313     5.4327     0.0014    3.25755    3.25765          1     6.4115     6.3682      56.92     0.7040     0.3519  1.000e-12  0.9030000    33.5313    33.5312    -0.0002    26.4611    26.4608     24.770     24.990      0.474    1471.02    1471.02  0.000e+00
       6695     25.500     5.4673     5.4682     0.0008    3.26238    3.26232          1     6.3795     6.3641      37.42     0.4457     0.3188  1.000e-12  0.8603000    33.5502    33.5487    -0.0015    26.4718    26.4705     25.265     25.486      0.469    1471.20    1471.20  0.000e+00
       6721     26.000     5.4347     5.4356     0.0008    3.25937    3.25947          1     6.3800     6.3782      66.92     0.5190     0.3324  1.000e-12  0.9347000    33.5483    33.5485     0.0003    26.4741    26.4743     25.760     25.982      0.469    1471.07    1471.08  0.000e+00
       6746     26.500     5.4109     5.4100    -0.0008    3.25713    3.25702          1     6.3956     6.3945      36.15     0.3718     0.3782  1.000e-12  0.8923000    33.5464    33.5460    -0.0004    26.4754    26.4752     26.256     26.478      0.477    1470.98    1470.98  0.000e+00
       6771     27.000     5.3997     5.4002     0.0004    3.25622    3.25625          1     6.4198     6.4054      35.97     0.3462     0.3805  1.000e-12  0.8803000    33.5468    33.5468    -0.0001    26.4771    26.4770     26.751     26.974      0.481    1470.94    1470.95  0.000e+00
       6796     27.500     5.4323     5.4313    -0.0010    3.26091    3.26079          1     6.4096     6.3790      35.48     0.3732     0.3269  1.000e-12  0.8976000    33.5674    33.5671    -0.0003    26.4896    26.4895     27.246     27.471      0.472    1471.11    1471.11  0.000e+00
