ctdpy/exports/archive_20191121_122431/received_data/SBE09_1044_20181112_1105_34_01_0138.cnv
* Sea-Bird SBE 9 Data File:
* FileName = C:\ctd\temp\ar18d138.hex
* Software Version Seasave V 7.26.7.107
* Temperature SN = 5351
* Conductivity SN = 3941
* Number of Bytes Per Scan = 41
* Number of Voltage Words = 4
* Number of Scans Averaged by the Deck Unit = 1
* NMEA Latitude = 58 15.60 N
* NMEA Longitude = 011 26.13 E
* NMEA UTC (Time) = Nov 12 2018  11:05:52
* NMEA baud rate = 4800
** Station:  Slaggo
** Operator:  A-KTh
** Ship: ARANDA
** Average sound velocity: 1488.42 m/s
** True-depth calculation Mon, 12 Nov 2018 14:55:41 +0000
** CTD Python Module SMHI /ver 3-12/ feb 2012 
** LIMS Job: 20183401-0138
** Cruise: SMHI-6-2018
** Latitude [GG MM.mm N]:
** Longitude [GG MM.mm E]
# nquan = 26
# nvalues = 137                         
# units = specified
# name 0 = scan: Scan Count
# name 1 = prDM: Pressure, Digiquartz [db]
# name 2 = t090C: Temperature [ITS-90, deg C]
# name 3 = t190C: Temperature, 2 [ITS-90, deg C]
# name 4 = T2-T190C: Temperature Difference, 2 - 1 [ITS-90, deg C]
# name 5 = c0S/m: Conductivity [S/m]
# name 6 = c1S/m: Conductivity, 2 [S/m]
# name 7 = pumps: Pump Status
# name 8 = sbeox0ML/L: Oxygen, SBE 43 [ml/l]
# name 9 = sbeox1ML/L: Oxygen, SBE 43, 2 [ml/l]
# name 10 = altM: Altimeter [m]
# name 11 = flECO-AFL: Chl-a Fluorescence, WET Labs ECO-AFL/FL [mg/m^3]
# name 12 = flECO-AFL1: Phycocyanin Fluorescence, WET Labs ECO-AFL/FL, 2 [mg/m^3]
# name 13 = par: PAR/Irradiance, Biospherical/Lico [µE/(cm^2*s)]
# name 14 = turbWETntu0: Turbidity, WET Labs ECO [NTU]
# name 15 = sal00: Salinity, Practical [PSU]
# name 16 = sal11: Salinity, Practical, 2 [PSU]
# name 17 = secS-priS: Salinity, Practical, Difference, 2 - 1 [PSU]
# name 18 = sigma-t00: Density [sigma-t, Kg/m^3 ]
# name 19 = sigma-t11: Density, 2 [sigma-t, Kg/m^3 ]
# name 20 = depSM: Depth [salt water, m], lat = 58.26
# name 21 = depFM: Depth [true depth, m], lat = 58.26
# name 22 = dz/dtM: Descent Rate [m/s], WS = 2
# name 23 = svCM: Sound Velocity [Chen-Millero, m/s]
# name 24 = svCM1: Sound Velocity, 2 [Chen-Millero, m/s]
# name 25 = flag: flag
# span 0 =      26790,      30061       
# span 1 =      1.000,     69.000       
# span 2 =     9.8978,    11.8545       
# span 3 =     9.8990,    11.8553       
# span 4 =    -0.0149,     0.0189       
# span 5 =   3.018548,   3.860636       
# span 6 =   3.018604,   3.860735       
# span 7 =          1,          1       
# span 8 =    4.89046,    6.44396       
# span 9 =    4.72565,    6.15826       
# span 10 =       2.63,      98.72      
# span 11 =     0.1034,     2.4521      
# span 12 =     0.1502,     0.5524      
# span 13 = 1.0000e-12, 8.7250e+02      
# span 14 =     0.1921,     2.6970      
# span 15 =    27.1118,    34.2808      
# span 16 =    27.1113,    34.2808      
# span 17 =    -0.0297,     0.0138      
# span 18 =    20.8150,    26.2176      
# span 19 =    20.8144,    26.2174      
# span 20 =      0.991,     68.348      
# span 21 =      0.998,     68.642      
# span 22 =     -0.052,      0.661      
# span 23 =    1479.92,    1495.61      
# span 24 =    1479.93,    1495.62      
# span 25 = 0.0000e+00, 0.0000e+00      
# interval = decibars: 0.5              
# start_time = Nov 12 2018 11:05:53 [NMEA time, first data scan]
# bad_flag = -9.990e-29
*END*
[from data line 112]
      29222     57.000    11.4417    11.4361    -0.0057    3.84007    3.83966          1     4.8905     4.7256      14.50     0.1388     0.2346  1.000e-12  2.3028000    33.9262    33.9274     0.0012    25.8591    25.8611     56.463     56.731      0.540    1494.56    1494.54  0.000e+00
      29243     57.500    11.3233    11.3080    -0.0149    3.83674    3.83671          1     4.8942     4.7270      14.07     0.1573     0.2333  1.000e-12  2.3639000    34.0020    34.0159     0.0138    25.9399    25.9534     56.958     57.227      0.616    1494.25    1494.21  0.000e+00
      29261     58.000    11.2582    11.2680     0.0099    3.83616    3.83632          1     4.9341     4.7393      13.68     0.1827     0.2282  1.000e-12  2.4597000    34.0562    34.0487    -0.0075    25.9939    25.9863     57.453     57.724      0.661    1494.09    1494.12  0.000e+00
      29279     58.500    11.2503    11.2594     0.0090    3.83617    3.83637          1     4.9548     4.7407      13.18     0.1806     0.2230  1.000e-12  2.6605000    34.0634    34.0570    -0.0064    26.0009    25.9943     57.948     58.220      0.641    1494.08    1494.10  0.000e+00
      29299     59.000    11.2474    11.2527     0.0052    3.83655    3.83662          1     4.9510     4.7387      12.63     0.1692     0.2624  1.000e-12  2.6970000    34.0697    34.0654    -0.0043    26.0063    26.0020     58.444     58.716      0.555    1494.09    1494.10  0.000e+00
      29323     59.500    11.1932    11.1971     0.0039    3.83643    3.83662          1     4.9862     4.7809      12.16     0.1723     0.2369  1.000e-12  2.6304000    34.1185    34.1167    -0.0018    26.0541    26.0520     58.939     59.213      0.474    1493.97    1493.98  0.000e+00
      29349     60.000    11.0258    11.0273     0.0015    3.83425    3.83431          1     5.0453     4.8318      11.61     0.1938     0.2672  1.000e-12  2.4212000    34.2522    34.2513    -0.0009    26.1885    26.1876     59.434     59.709      0.489    1493.55    1493.55  0.000e+00
      29372     60.500    11.0086    11.0096     0.0010    3.83362    3.83371          1     5.0658     4.8449      11.14     0.2065     0.2583  1.000e-12  2.0827000    34.2618    34.2617    -0.0001    26.1991    26.1988     59.929     60.205      0.551    1493.51    1493.51  0.000e+00
      29392     61.000    11.0066    11.0077     0.0011    3.83362    3.83372          1     5.0685     4.8441      10.68     0.2114     0.2351  1.000e-12  1.8031000    34.2634    34.2633    -0.0001    26.2007    26.2004     60.424     60.701      0.591    1493.51    1493.52  0.000e+00
      29412     61.500    11.0049    11.0060     0.0011    3.83367    3.83377          1     5.0611     4.8349      10.22     0.2078     0.2189  1.000e-12  1.7976000    34.2653    34.2652    -0.0001    26.2024    26.2022     60.920     61.198      0.576    1493.52    1493.52  0.000e+00
      29435     62.000    11.0028    11.0037     0.0009    3.83371    3.83379          1     5.0514     4.8288       9.65     0.1934     0.2074  1.000e-12  1.6913000    34.2674    34.2672    -0.0001    26.2045    26.2042     61.415     61.694      0.482    1493.52    1493.52  0.000e+00
      29464     62.500    11.0013    11.0024     0.0011    3.83373    3.83383          1     5.0262     4.8255       9.13     0.2065     0.2113  1.000e-12  1.7711000    34.2688    34.2687    -0.0001    26.2058    26.2056     61.910     62.190      0.387    1493.52    1493.53  0.000e+00
      29496     63.000    11.0010    11.0020     0.0009    3.83381    3.83390          1     5.0248     4.8157       8.33     0.2118     0.2335  1.000e-12  1.7542000    34.2696    34.2696    -0.0000    26.2065    26.2064     62.405     62.687      0.369    1493.53    1493.54  0.000e+00
      29529     63.500    10.9990    11.0001     0.0011    3.83386    3.83394          1     5.0277     4.8117       7.88     0.2100     0.2385  1.000e-12  1.7320000    34.2718    34.2716    -0.0002    26.2086    26.2082     62.900     63.183      0.355    1493.54    1493.54  0.000e+00
      29564     64.000    10.9963    10.9973     0.0010    3.83385    3.83394          1     5.0221     4.8056       7.41     0.2417     0.2199  1.000e-12  1.8389000    34.2740    34.2739    -0.0000    26.2108    26.2106     63.396     63.679      0.336    1493.54    1493.54  0.000e+00
      29599     64.500    10.9946    10.9955     0.0009    3.83386    3.83395          1     5.0134     4.8000       7.13     0.2252     0.2071  1.000e-12  1.8080000    34.2754    34.2754     0.0000    26.2122    26.2120     63.891     64.175      0.355    1493.54    1493.55  0.000e+00
      29633     65.000    10.9934    10.9943     0.0009    3.83390    3.83399          1     5.0073     4.8012       6.68     0.2054     0.2071  1.000e-12  1.8690000    34.2767    34.2768     0.0000    26.2134    26.2133     64.386     64.672      0.349    1493.55    1493.55  0.000e+00
      29668     65.500    10.9933    10.9944     0.0011    3.83406    3.83415          1     5.0171     4.8087       6.20     0.2320     0.2211  1.000e-12  1.7458000    34.2782    34.2781    -0.0001    26.2146    26.2143     64.881     65.168      0.325    1493.56    1493.56  0.000e+00
      29707     66.000    10.9929    10.9944     0.0015    3.83414    3.83426          1     5.0162     4.8132       5.67     0.2162     0.2504  1.000e-12  1.7285000    34.2791    34.2789    -0.0002    26.2154    26.2150     65.377     65.664      0.298    1493.57    1493.57  0.000e+00
      29748     66.500    10.9904    10.9908     0.0004    3.83401    3.83403          1     4.9873     4.7882       5.21     0.2605     0.2309  1.000e-12  1.7348000    34.2800    34.2798    -0.0002    26.2165    26.2163     65.872     66.160      0.308    1493.57    1493.57  0.000e+00
      29783     67.000    10.9894    10.9902     0.0009    3.83396    3.83403          1     4.9920     4.7798       4.76     0.2365     0.2652  1.000e-12  1.7819000    34.2801    34.2801    -0.0000    26.2168    26.2167     66.367     66.657      0.369    1493.57    1493.57  0.000e+00
      29815     67.500    10.9894    10.9907     0.0013    3.83402    3.83413          1     4.9806     4.7862       4.27     0.2277     0.2246  1.000e-12  1.8883000    34.2805    34.2804    -0.0001    26.2171    26.2168     66.862     67.153      0.352    1493.58    1493.58  0.000e+00
      29855     68.000    10.9886    10.9903     0.0016    3.83397    3.83412          1     4.9847     4.7846       3.74     0.2476     0.2357  1.000e-12  1.7588000    34.2805    34.2804    -0.0001    26.2173    26.2169     67.357     67.649      0.279    1493.59    1493.59  0.000e+00
      29896     68.500    10.9880    10.9890     0.0010    3.83396    3.83405          1     4.9720     4.7764       3.27     0.2361     0.2648  1.000e-12  1.8594000    34.2808    34.2808    -0.0000    26.2176    26.2174     67.852     68.145      0.329    1493.59    1493.59  0.000e+00
      30061     69.000    10.9962    11.0040     0.0079    3.83422    3.83447          1     4.9866     4.7876       2.63     0.2791     0.2497  1.000e-12  1.7128000    34.2755    34.2707    -0.0048    26.2120    26.2068     68.348     68.642     -0.052    1493.62    1493.64  0.000e+00
