ctdpy/exports/archive_20191121_122431/received_data/SBE09_1044_20181017_0931_34_01_0101.cnv
* Sea-Bird SBE 9 Data File:
* FileName = C:\LUOTAUS\DATA_IN\hex_in\SMHI\ar18d101.hex
* Software Version Seasave V 7.23.2
* Temperature SN = 5351
* Conductivity SN = 3941
* Number of Bytes Per Scan = 30
* Number of Voltage Words = 4
* Number of Scans Averaged by the Deck Unit = 1
** Station:  W Landskrona
** Operator:  DBSj
** Ship: ARANDA
** Average sound velocity: 1489.95 m/s
** True-depth calculation Wed, 17 Oct 2018 10:17:23 +0000
** CTD Python Module SMHI /ver 3-12/ feb 2012 
** LIMS Job: 20183401-0101
** Cruise: SMHI-4-2018
** Latitude [GG MM.mm N]: 55 52.028 N
** Longitude [GG MM.mm E] 12 44.901 E
# nquan = 26
# nvalues = 91                          
# units = specified
# name 0 = scan: Scan Count
# name 1 = prDM: Pressure, Digiquartz [db]
# name 2 = t090C: Temperature [ITS-90, deg C]
# name 3 = t190C: Temperature, 2 [ITS-90, deg C]
# name 4 = T2-T190C: Temperature Difference, 2 - 1 [ITS-90, deg C]
# name 5 = c0S/m: Conductivity [S/m]
# name 6 = c1S/m: Conductivity, 2 [S/m]
# name 7 = pumps: Pump Status
# name 8 = sbeox0ML/L: Oxygen, SBE 43 [ml/l]
# name 9 = sbeox1ML/L: Oxygen, SBE 43, 2 [ml/l]
# name 10 = altM: Altimeter [m]
# name 11 = flECO-AFL: Chl-a Fluorescence, WET Labs ECO-AFL/FL [mg/m^3]
# name 12 = flECO-AFL1: Phycocyanin Fluorescence, WET Labs ECO-AFL/FL, 2 [mg/m^3]
# name 13 = par: PAR/Irradiance, Biospherical/Lico [µE/(cm^2*s)]
# name 14 = turbWETntu0: Turbidity, WET Labs ECO [NTU]
# name 15 = sal00: Salinity, Practical [PSU]
# name 16 = sal11: Salinity, Practical, 2 [PSU]
# name 17 = secS-priS: Salinity, Practical, Difference, 2 - 1 [PSU]
# name 18 = sigma-t00: Density [sigma-t, Kg/m^3 ]
# name 19 = sigma-t11: Density, 2 [sigma-t, Kg/m^3 ]
# name 20 = depSM: Depth [salt water, m], lat = 0
# name 21 = depFM: Depth [true depth, m], lat = 0
# name 22 = dz/dtM: Descent Rate [m/s], WS = 2
# name 23 = svCM: Sound Velocity [Chen-Millero, m/s]
# name 24 = svCM1: Sound Velocity, 2 [Chen-Millero, m/s]
# name 25 = flag: flag
# span 0 =      16360,      18924       
# span 1 =      1.500,     46.500       
# span 2 =    13.0488,    13.3260       
# span 3 =    13.0497,    13.3278       
# span 4 =    -0.0092,     0.0037       
# span 5 =   1.286301,   3.562353       
# span 6 =   1.286335,   3.562517       
# span 7 =          1,          1       
# span 8 =    4.08003,    7.03379       
# span 9 =    3.85515,    6.58964       
# span 10 =       3.14,      54.84      
# span 11 =     0.3487,     2.2976      
# span 12 =     0.1504,     0.4920      
# span 13 = 1.0000e-12, 6.5082e+02      
# span 14 =     0.2756,     2.5265      
# span 15 =     9.8164,    29.6943      
# span 16 =     9.8160,    29.6948      
# span 17 =    -0.5952,     0.0485      
# span 18 =     6.9531,    22.2262      
# span 19 =     6.9524,    22.2263      
# span 20 =      1.492,     46.239      
# span 21 =      1.517,     46.504      
# span 22 =      0.007,      0.574      
# span 23 =    1470.77,    1495.74      
# span 24 =    1470.77,    1495.74      
# span 25 = 0.0000e+00, 0.0000e+00      
# interval = decibars: 0.5              
# start_time = Oct 17 2018 09:31:20 [System UTC, header]
# bad_flag = -9.990e-29
*END*
      16360      1.500    13.0707    13.0737     0.0030    1.28652    1.28657          1     7.0313     6.5821      54.84     1.3460     0.3622  6.508e+02  0.2756000     9.8164     9.8161    -0.0003     6.9531     6.9524      1.492      1.517      0.193    1470.77    1470.78  0.000e+00
      16404      2.000    13.0703    13.0714     0.0011    1.28651    1.28650          1     7.0301     6.5851      24.39     1.5085     0.4325  5.478e+02  0.2837000     9.8164     9.8160    -0.0004     6.9532     6.9527      1.989      2.023      0.315    1470.78    1470.78  0.000e+00
      16437      2.500    13.0692    13.0718     0.0026    1.28650    1.28655          1     7.0338     6.5811      12.48     1.6342     0.4119  4.425e+02  0.2965000     9.8165     9.8162    -0.0003     6.9534     6.9528      2.486      2.529      0.396    1470.78    1470.79  0.000e+00
      16465      3.000    13.0631    13.0651     0.0021    1.28630    1.28634          1     7.0334     6.5896      19.55     1.7133     0.4410  4.375e+02  0.2896000     9.8164     9.8162    -0.0002     6.9542     6.9538      2.984      3.035      0.442    1470.77    1470.77  0.000e+00
      16492      3.500    13.0615    13.0628     0.0013    1.28634    1.28634          1     7.0211     6.5862      28.46     1.8671     0.4068  3.518e+02  0.2972000     9.8170     9.8167    -0.0004     6.9550     6.9545      3.481      3.540      0.463    1470.77    1470.78  0.000e+00
      16517      4.000    13.0565    13.0575     0.0010    1.28696    1.28671          1     7.0120     6.5864      34.04     2.0355     0.4695  2.986e+02  0.2906000     9.8234     9.8210    -0.0024     6.9606     6.9586      3.978      4.046      0.480    1470.77    1470.77  0.000e+00
      16542      4.500    13.0665    13.0690     0.0025    1.28899    1.28880          1     7.0053     6.5833      39.87     2.2287     0.4399  2.492e+02  0.2943000     9.8375     9.8353    -0.0022     6.9700     6.9679      4.475      4.552      0.503    1470.83    1470.84  0.000e+00
      16565      5.000    13.0867    13.0890     0.0023    1.29154    1.29147          1     6.9963     6.5675      42.89     2.2976     0.4737  2.207e+02  0.3220000     9.8533     9.8521    -0.0012     6.9791     6.9779      4.972      5.058      0.515    1470.93    1470.94  0.000e+00
      16588      5.500    13.0889    13.0911     0.0022    1.29492    1.29434          1     6.9718     6.5455      43.66     2.1677     0.4920  1.800e+02  0.3164000     9.8805     9.8752    -0.0054     6.9997     6.9953      5.470      5.563      0.517    1470.98    1470.98  0.000e+00
      16611      6.000    13.0955    13.0948    -0.0007    1.29975    1.29923          1     6.9384     6.5265      43.51     1.9594     0.4283  1.580e+02  0.3053000     9.9187     9.9146    -0.0041     7.0281     7.0251      5.967      6.069      0.530    1471.05    1471.05  0.000e+00
      16634      6.500    13.1021    13.1031     0.0010    1.30389    1.30332          1     6.9172     6.5036      43.09     1.8807     0.3706  1.347e+02  0.3051000     9.9510     9.9461    -0.0049     7.0520     7.0481      6.464      6.575      0.543    1471.12    1471.12  0.000e+00
      16656      7.000    13.1095    13.1132     0.0037    1.31037    1.31150          1     6.8799     6.4751      42.59     1.8177     0.4097  1.148e+02  0.2935000    10.0026    10.0110     0.0084     7.0906     7.0965      6.961      7.080      0.545    1471.22    1471.24  0.000e+00
      16678      7.500    13.1211    13.1234     0.0022    1.32345    1.32087          1     6.8004     6.4154      42.10     1.7783     0.3431  1.002e+02  0.2863000    10.1076    10.0856    -0.0220     7.1697     7.1524      7.459      7.586      0.544    1471.39    1471.37  0.000e+00
      16700      8.000    13.1228    13.1246     0.0017    1.35281    1.35096          1     6.6823     6.3140      41.58     1.7541     0.3893  8.651e+01  0.2871000    10.3500    10.3342    -0.0158     7.3560     7.3436      7.956      8.092      0.549    1471.69    1471.68  0.000e+00
      16721      8.500    13.1019    13.0970    -0.0049    1.37014    1.37246          1     6.5315     6.1763      41.09     1.7289     0.3942  7.518e+01  0.3012000    10.4993    10.5200     0.0206     7.4741     7.4908      8.453      8.597      0.557    1471.80    1471.81  0.000e+00
      16743      9.000    13.0693    13.0601    -0.0092    1.40071    1.40623          1     6.2851     5.9638      40.59     1.7013     0.3823  6.537e+01  0.3038000    10.7625    10.8110     0.0485     7.6817     7.7204      8.950      9.103      0.554    1472.00    1472.03  0.000e+00
      16765      9.500    13.0945    13.0949     0.0005    1.49872    1.48381          1     5.9935     5.6979      40.08     1.6893     0.3829  5.756e+01  0.3048000    11.5736    11.4487    -0.1250     8.3022     8.2060      9.448      9.608      0.547    1473.06    1472.91  0.000e+00
      16787     10.000    13.1231    13.1244     0.0013    1.73527    1.70290          1     5.5827     5.3377      39.57     1.7001     0.3829  5.029e+01  0.3430000    13.5628    13.2880    -0.2748     9.8287     9.6170      9.945     10.113      0.550    1475.51    1475.19  0.000e+00
      16808     10.500    13.1003    13.1017     0.0014    2.17233    2.10414          1     5.1007     4.9181      39.08     1.9067     0.3822  4.429e+01  0.3912000    17.3467    16.7515    -0.5952    12.7453    12.2868     10.442     10.616      0.554    1479.89    1479.20  0.000e+00
      16830     11.000    13.0488    13.0497     0.0009    2.74369    2.70746          1     4.8549     4.6980      38.59     1.7025     0.3829  3.885e+01  0.4432000    22.4226    22.0963    -0.3263    16.6643    16.4126     10.939     11.118      0.554    1485.69    1485.31  0.000e+00
      16852     11.500    13.1103    13.1129     0.0026    3.04726    3.02589          1     4.9717     4.7710      38.08     1.2937     0.3325  3.448e+01  0.5120000    25.1263    24.9300    -0.1963    18.7382    18.5863     11.436     11.618      0.555    1489.09    1488.87  0.000e+00
      16873     12.000    13.2206    13.2218     0.0013    3.26053    3.25270          1     5.1640     4.9064      37.57     0.9638     0.2960  2.982e+01  0.5593000    26.9974    26.9248    -0.0726    20.1617    20.1055     11.934     12.118      0.562    1491.68    1491.60  0.000e+00
      16894     12.500    13.2269    13.2283     0.0014    3.30449    3.30352          1     5.1883     4.9214      37.09     0.8442     0.3352  2.644e+01  0.4429000    27.3955    27.3857    -0.0098    20.4677    20.4599     12.431     12.617      0.572    1492.18    1492.17  0.000e+00
      16915     13.000    13.2327    13.2340     0.0014    3.32432    3.32101          1     5.1337     4.8793      36.60     0.7324     0.2082  2.369e+01  0.4567000    27.5732    27.5418    -0.0314    20.6038    20.5794     12.928     13.116      0.574    1492.41    1492.38  0.000e+00
      16936     13.500    13.2385    13.2396     0.0012    3.35114    3.34864          1     5.0582     4.8169      36.15     0.7137     0.2535  2.143e+01  0.4958000    27.8152    27.7914    -0.0238    20.7895    20.7710     13.425     13.615      0.571    1492.73    1492.70  0.000e+00
      16957     14.000    13.2477    13.2488     0.0011    3.38043    3.37606          1     5.0303     4.7895      34.58     0.6103     0.2362  1.943e+01  0.5351000    28.0776    28.0366    -0.0410    20.9903    20.9585     13.923     14.114      0.568    1493.07    1493.03  0.000e+00
      16978     14.500    13.2520    13.2534     0.0014    3.39916    3.39853          1     5.0665     4.8050       7.34     0.5055     0.2127  1.772e+01  0.5946000    28.2466    28.2398    -0.0068    21.1200    21.1145     14.420     14.613      0.567    1493.30    1493.29  0.000e+00
      17000     15.000    13.2577    13.2587     0.0010    3.41002    3.40789          1     5.0396     4.7796      11.81     0.4689     0.2281  1.619e+01  0.6682000    28.3421    28.3218    -0.0204    21.1927    21.1768     14.917     15.111      0.565    1493.44    1493.42  0.000e+00
      17021     15.500    13.2603    13.2617     0.0014    3.42389    3.42238          1     4.9510     4.7085      16.93     0.4800     0.2551  1.478e+01  0.6314000    28.4678    28.4528    -0.0150    21.2893    21.2774     15.414     15.610      0.563    1493.60    1493.59  0.000e+00
      17042     16.000    13.2650    13.2661     0.0011    3.43311    3.43257          1     4.8642     4.6449      22.84     0.4678     0.2685  1.343e+01  0.7787000    28.5491    28.5433    -0.0058    21.3512    21.3464     15.912     16.109      0.562    1493.72    1493.72  0.000e+00
      17064     16.500    13.2699    13.2712     0.0013    3.43833    3.43761          1     4.8255     4.6069      29.27     0.4589     0.2297  1.220e+01  0.8567000    28.5933    28.5857    -0.0076    21.3844    21.3782     16.409     16.607      0.560    1493.80    1493.79  0.000e+00
      17085     17.000    13.2748    13.2762     0.0014    3.44745    3.44700          1     4.8049     4.5804      31.50     0.4289     0.1997  1.117e+01  0.8690000    28.6736    28.6683    -0.0053    21.4454    21.4411     16.906     17.106      0.558    1493.92    1493.92  0.000e+00
      17106     17.500    13.2801    13.2813     0.0011    3.45683    3.45637          1     4.7962     4.5691      31.82     0.4112     0.1958  1.006e+01  0.8692000    28.7558    28.7508    -0.0050    21.5079    21.5038     17.403     17.604      0.560    1494.04    1494.04  0.000e+00
      17128     18.000    13.2857    13.2858     0.0001    3.46527    3.46232          1     4.8029     4.5658      31.56     0.4207     0.2120  8.985e+00  0.8772000    28.8293    28.8020    -0.0273    21.5635    21.5425     17.900     18.103      0.562    1494.15    1494.12  0.000e+00
      17149     18.500    13.2956    13.2967     0.0011    3.47993    3.47889          1     4.7921     4.5475      31.12     0.4313     0.1504  8.056e+00  0.8077000    28.9568    28.9465    -0.0103    21.6601    21.6519     18.398     18.601      0.563    1494.35    1494.34  0.000e+00
      17171     19.000    13.3034    13.3046     0.0012    3.48939    3.48891          1     4.7752     4.5220      30.07     0.3850     0.1799  7.201e+00  0.7551000    29.0380    29.0327    -0.0053    21.7213    21.7170     18.895     19.100      0.560    1494.48    1494.47  0.000e+00
      17192     19.500    13.3051    13.3066     0.0014    3.49130    3.49125          1     4.7539     4.5089      29.98     0.4016     0.2045  6.416e+00  0.7769000    29.0542    29.0526    -0.0016    21.7335    21.7320     19.392     19.598      0.563    1494.51    1494.51  0.000e+00
      17213     20.000    13.3061    13.3075     0.0013    3.49268    3.49247          1     4.7422     4.5082      29.63     0.4068     0.2211  5.743e+00  0.7736000    29.0660    29.0630    -0.0030    21.7424    21.7398     19.889     20.097      0.567    1494.53    1494.54  0.000e+00
      17234     20.500    13.3081    13.3092     0.0011    3.49495    3.49462          1     4.7468     4.5150      29.16     0.3985     0.2204  5.157e+00  0.7943000    29.0852    29.0813    -0.0039    21.7569    21.7536     20.386     20.595      0.566    1494.57    1494.57  0.000e+00
      17256     21.000    13.3084    13.3097     0.0013    3.49557    3.49559          1     4.7462     4.5184      28.68     0.3851     0.2077  4.625e+00  0.8322000    29.0906    29.0897    -0.0009    21.7610    21.7600     20.884     21.094      0.563    1494.59    1494.59  0.000e+00
      17277     21.500    13.3085    13.3098     0.0013    3.49649    3.49619          1     4.7451     4.5143      28.18     0.3957     0.2788  4.152e+00  0.7774000    29.0988    29.0950    -0.0037    21.7672    21.7641     21.381     21.592      0.564    1494.61    1494.61  0.000e+00
      17298     22.000    13.3104    13.3118     0.0014    3.49863    3.49848          1     4.7345     4.4908      27.69     0.3829     0.2782  3.731e+00  0.7595000    29.1169    29.1145    -0.0025    21.7809    21.7787     21.878     22.090      0.566    1494.64    1494.64  0.000e+00
      17319     22.500    13.3171    13.3175     0.0004    3.50662    3.50452          1     4.6981     4.4501      27.20     0.3924     0.2513  3.362e+00  0.7603000    29.1853    29.1657    -0.0197    21.8324    21.8172     22.375     22.589      0.566    1494.75    1494.73  0.000e+00
      17341     23.000    13.3215    13.3232     0.0017    3.51281    3.51269          1     4.6646     4.4191      26.70     0.3807     0.2216  3.028e+00  0.7831000    29.2390    29.2366    -0.0024    21.8730    21.8708     22.872     23.087      0.562    1494.84    1494.84  0.000e+00
      17362     23.500    13.3222    13.3243     0.0021    3.51383    3.51468          1     4.6458     4.3990      26.20     0.3667     0.2211  2.729e+00  0.8096000    29.2476    29.2539     0.0062    21.8796    21.8840     23.370     23.586      0.561    1494.86    1494.88  0.000e+00
      17383     24.000    13.3241    13.3256     0.0015    3.51717    3.51689          1     4.6209     4.3787      25.71     0.3614     0.2218  2.461e+00  0.8301000    29.2768    29.2731    -0.0038    21.9018    21.8986     23.867     24.084      0.562    1494.91    1494.91  0.000e+00
      17405     24.500    13.3249    13.3265     0.0015    3.51835    3.51833          1     4.5824     4.3575      25.21     0.3701     0.2218  2.213e+00  0.8683000    29.2869    29.2856    -0.0013    21.9094    21.9081     24.364     24.582      0.563    1494.93    1494.94  0.000e+00
      17426     25.000    13.3260    13.3278     0.0017    3.52256    3.52232          1     4.5262     4.3122      24.70     0.3586     0.2371  1.991e+00  0.8802000    29.3247    29.3212    -0.0035    21.9384    21.9354     24.861     25.081      0.563    1494.99    1494.99  0.000e+00
      17447     25.500    13.3258    13.3268     0.0010    3.52779    3.52742          1     4.4392     4.2341      24.22     0.3592     0.2450  1.794e+00  0.9095000    29.3731    29.3689    -0.0042    21.9758    21.9723     25.358     25.579      0.564    1495.05    1495.05  0.000e+00
      17469     26.000    13.3216    13.3232     0.0016    3.53522    3.53395          1     4.3265     4.1410      23.72     0.3535     0.2243  1.616e+00  1.0222000    29.4448    29.4319    -0.0129    22.0319    22.0217     25.856     26.077      0.565    1495.13    1495.12  0.000e+00
      17490     26.500    13.3199    13.3215     0.0016    3.54436    3.54326          1     4.2610     4.0757      23.24     0.3528     0.2377  1.451e+00  1.1741000    29.5304    29.5189    -0.0115    22.0984    22.0892     26.353     26.576      0.565    1495.24    1495.23  0.000e+00
      17511     27.000    13.3203    13.3217     0.0014    3.54554    3.54542          1     4.2432     4.0503      22.73     0.3580     0.2224  1.296e+00  1.3254000    29.5409    29.5386    -0.0023    22.1064    22.1044     26.850     27.074      0.562    1495.26    1495.26  0.000e+00
      17533     27.500    13.3212    13.3225     0.0013    3.54662    3.54644          1     4.2336     4.0425      15.04     0.3519     0.2404  1.155e+00  1.4428000    29.5499    29.5472    -0.0027    22.1132    22.1109     27.347     27.572      0.560    1495.28    1495.28  0.000e+00
      17554     28.000    13.3224    13.3239     0.0015    3.54781    3.54777          1     4.2370     4.0388       9.01     0.3487     0.2434  1.011e+00  1.3535000    29.5599    29.5583    -0.0016    22.1207    22.1192     27.844     28.070      0.562    1495.30    1495.31  0.000e+00
      17575     28.500    13.3229    13.3244     0.0015    3.54824    3.54827          1     4.2450     4.0344      13.52     0.3505     0.2092  8.653e-01  1.3670000    29.5633    29.5623    -0.0010    22.1232    22.1221     28.341     28.569      0.566    1495.32    1495.32  0.000e+00
