ctdpy/exports/archive_20191121_122431/received_data/SBE09_0827_20180823_0402_26_01_0861.cnv
* Sea-Bird SBE 9 Data File:
* FileName = D:\CTD_SBE911\DAT\26DA.2018.8.61.hex
* Software Version Seasave V 7.21d
* Temperature SN = 034605
* Conductivity SN = 041844
* Number of Bytes Per Scan = 48
* Number of Voltage Words = 5
* Number of Scans Averaged by the Deck Unit = 1
* NMEA Latitude = 57 31.69 N
* NMEA Longitude = 008 35.23 E
* NMEA UTC (Time) = Aug 23 2018  04:04:42
* NMEA baud rate = 4800
** Ship: DANA
** Average sound velocity: 1495.40 m/s
** True-depth calculation Thu, 28 Mar 2019 09:25:26 +0000
** CTD Python Module SMHI /ver 3-12/ feb 2012 
** LIMS Job: 20182601-0861
**  24 N HANSTHOLM
** Operator: Christian
** Cruise: 08/2018
# nquan = 26
# nvalues = 138                         
# units = specified
# name 0 = scan: Scan Count
# name 1 = prDM: Pressure, Digiquartz [db]
# name 2 = t090C: Temperature [ITS-90, deg C]
# name 3 = t190C: Temperature, 2 [ITS-90, deg C]
# name 4 = T2-T190C: Temperature Difference, 2 - 1 [ITS-90, deg C]
# name 5 = c0S/m: Conductivity [S/m]
# name 6 = c1S/m: Conductivity, 2 [S/m]
# name 7 = pumps: Pump Status
# name 8 = sbeox1ML/L: Oxygen, SBE 43, 2 [ml/l]
# name 9 = sbeox0ML/L: Oxygen, SBE 43 [ml/l]
# name 10 = altM: Altimeter [m]
# name 11 = chloroflTC0: Chlorophyll, Turner Cyclops [ug/l]
# name 12 = cpar: CPAR/Corrected Irradiance [%]
# name 13 = par: PAR/Irradiance, Biospherical/Lico [µE/(cm^2*s)]
# name 14 = spar: SPAR, Biospherical/Licor
# name 15 = sal00: Salinity, Practical [PSU]
# name 16 = sal11: Salinity, Practical, 2 [PSU]
# name 17 = secS-priS: Salinity, Practical, Difference, 2 - 1 [PSU]
# name 18 = sigma-t00: Density [sigma-t, kg/m^3 ]
# name 19 = sigma-t11: Density, 2 [sigma-t, kg/m^3 ]
# name 20 = depSM: Depth [salt water, m], lat = 57.5282
# name 21 = depFM: Depth [true depth, m], lat = 57.5282
# name 22 = dz/dtM: Descent Rate [m/s], WS = 2
# name 23 = svCM: Sound Velocity [Chen-Millero, m/s]
# name 24 = svCM1: Sound Velocity, 2 [Chen-Millero, m/s]
# name 25 = flag: flag
# span 0 =         47,       6566       
# span 1 =      2.000,     70.500       
# span 2 =     8.7345,    17.2713       
# span 3 =     8.7311,    17.2701       
# span 4 =    -0.0844,     0.8622       
# span 5 =   3.662362,   4.297613       
# span 6 =   3.662371,   4.298068       
# span 7 =          1,          1       
# span 8 =     5.1336,     6.5910       
# span 9 =     5.1444,     6.2668       
# span 10 =       1.73,       9.98      
# span 11 =     0.0928,     0.3557      
# span 12 = 1.2287e-11, 4.1925e+00      
# span 13 = 1.0000e-12, 2.5543e-01      
# span 14 = 6.0914e+00, 8.1348e+00      
# span 15 =    31.7451,    34.7383      
# span 16 =    31.7490,    34.7692      
# span 17 =    -0.4940,     0.1502      
# span 18 =    22.9560,    26.9074      
# span 19 =    22.9594,    26.9106      
# span 20 =      1.982,     69.838      
# span 21 =      1.991,     70.000      
# span 22 =     -0.096,      0.954      
# span 23 =    1485.98,    1511.24      
# span 24 =    1485.97,    1511.25      
# span 25 = 0.0000e+00, 0.0000e+00      
# interval = decibars: 0.5              
# start_time = Aug 23 2018 04:04:42 [NMEA time, first data scan]
# bad_flag = -9.990e-29
*END*
         47      2.000    17.2626    17.2616    -0.0011    4.13853    4.13894          1     5.8065     5.5589       9.97     0.1053  4.192e+00  2.554e-01  6.093e+00    31.7451    31.7494     0.0043    22.9564    22.9599      1.982      1.991      0.239    1509.93    1509.93  0.000e+00
         71      2.500    17.2626    17.2615    -0.0011    4.13855    4.13890          1     5.8385     5.5492       9.97     0.1090  3.610e+00  2.200e-01  6.093e+00    31.7452    31.7490     0.0039    22.9565    22.9597      2.477      2.489      0.410    1509.94    1509.94  0.000e+00
        190      3.000    17.2646    17.2629    -0.0018    4.13877    4.13910          1     5.8666     5.5544       9.97     0.1066  3.137e+00  1.911e-01  6.093e+00    31.7453    31.7495     0.0043    22.9560    22.9597      2.972      2.987      0.458    1509.95    1509.95  0.000e+00
        327      3.500    17.2666    17.2638    -0.0027    4.13934    4.13919          1     5.8359     5.5576       9.97     0.1022  1.879e+00  1.145e-01  6.093e+00    31.7485    31.7494     0.0009    22.9581    22.9594      3.468      3.485      0.597    1509.97    1509.96  0.000e+00
        388      4.000    17.2683    17.2646    -0.0038    4.14105    4.13936          1     5.8556     5.5526       9.97     0.0994  1.558e+00  9.494e-02  6.093e+00    31.7615    31.7500    -0.0116    22.9676    22.9597      3.963      3.983      0.731    1510.00    1509.97  0.000e+00
        457      4.500    17.2699    17.2671    -0.0029    4.14905    4.14560          1     5.8422     5.5456       9.97     0.1049  1.305e+00  7.948e-02  6.093e+00    31.8285    31.8012    -0.0273    23.0186    22.9983      4.458      4.481      0.310    1510.09    1510.05  0.000e+00
        518      5.000    17.2708    17.2675    -0.0033    4.14417    4.15139          1     5.8410     5.5377       9.97     0.1113  1.176e+00  7.164e-02  6.093e+00    31.7860    31.8504     0.0644    22.9858    23.0359      4.954      4.978      0.279    1510.05    1510.11  0.000e+00
        554      5.500    17.2713    17.2701    -0.0012    4.16642    4.14615          1     5.8484     5.5261       9.97     0.1040  5.693e-01  3.469e-02  6.093e+00    31.9758    31.8033    -0.1726    23.1311    22.9992      5.449      5.476      0.514    1510.28    1510.08  0.000e+00
        572      6.000    17.2473    17.2649     0.0178    4.19982    4.16012          1     5.8486     5.5428       9.97     0.1010  4.266e-01  2.599e-02  6.093e+00    32.2810    31.9268    -0.3543    23.3706    23.0950      5.945      5.974      0.620    1510.56    1510.21  0.000e+00
        611      6.500    17.1717    17.2354     0.0635    4.24282    4.19128          1     5.8420     5.5577       9.97     0.1020  1.914e-02  1.166e-03  6.093e+00    32.7113    32.2174    -0.4940    23.7181    23.3246      6.440      6.471      0.474    1510.83    1510.46  0.000e+00
        700      7.000    17.1558    17.1609     0.0052    4.25156    4.24402          1     5.7979     5.5292       9.97     0.1083  5.844e-04  3.561e-05  6.093e+00    32.7993    32.7301    -0.0692    23.7893    23.7351      6.935      6.969      0.913    1510.90    1510.83  0.000e+00
        707      7.500    17.1374    17.1433     0.0058    4.26035    4.25062          1     5.8116     5.5383       9.97     0.0999  1.221e-06  7.441e-08  6.093e+00    32.8899    32.8012    -0.0887    23.8630    23.7937      7.431      7.466      0.954    1510.95    1510.87  0.000e+00
        720      8.000    17.1284    17.1330     0.0045    4.26959    4.26075          1     5.8294     5.5445       9.97     0.0971  1.686e-11  1.027e-12  6.093e+00    32.9767    32.8968    -0.0800    23.9317    23.8694      7.926      7.964      0.780    1511.03    1510.96  0.000e+00
        776      8.500    17.1125    17.1249     0.0124    4.27766    4.26997          1     5.8223     5.5473       9.97     0.1014  1.641e-11  1.000e-12  6.093e+00    33.0593    32.9827    -0.0765    23.9988    23.9372      8.421      8.461      0.499    1511.09    1511.04  0.000e+00
        838      9.000    17.1004    17.1053     0.0049    4.28336    4.27903          1     5.8164     5.5451       9.97     0.0985  1.641e-11  1.000e-12  6.093e+00    33.1183    33.0768    -0.0414    24.0468    24.0139      8.917      8.958      0.725    1511.13    1511.09  0.000e+00
        856      9.500    17.0977    17.1016     0.0039    4.28602    4.28273          1     5.8445     5.5478       9.97     0.0961  1.641e-11  1.000e-12  6.093e+00    33.1433    33.1117    -0.0316    24.0667    24.0415      9.412      9.456      0.544    1511.16    1511.13  0.000e+00
        907     10.000    17.0932    17.0954     0.0022    4.28893    4.28687          1     5.8371     5.5427       9.97     0.0993  1.641e-11  1.000e-12  6.093e+00    33.1720    33.1524    -0.0196    24.0897    24.0742      9.907      9.953      0.303    1511.18    1511.17  0.000e+00
        947     10.500    17.0845    17.0881     0.0035    4.29075    4.29039          1     5.8352     5.5527       9.97     0.1014  1.641e-11  1.000e-12  6.093e+00    33.1946    33.1886    -0.0060    24.1091    24.1037     10.403     10.450      0.401    1511.19    1511.20  0.000e+00
        985     11.000    17.0699    17.0798     0.0099    4.29145    4.29138          1     5.8329     5.5598       9.97     0.0990  1.641e-11  1.000e-12  6.093e+00    33.2126    33.2038    -0.0088    24.1263    24.1172     10.898     10.947      0.261    1511.18    1511.20  0.000e+00
       1037     11.500    17.0631    17.0641     0.0009    4.29374    4.29338          1     5.8025     5.5518       9.97     0.1065  1.641e-11  1.000e-12  6.093e+00    33.2378    33.2338    -0.0039    24.1473    24.1440     11.394     11.445      0.448    1511.19    1511.19  0.000e+00
       1056     12.000    17.0613    17.0604    -0.0009    4.29640    4.29630          1     5.8411     5.5448       9.97     0.1003  1.641e-11  1.000e-12  6.093e+00    33.2622    33.2620    -0.0002    24.1664    24.1665     11.889     11.942      0.579    1511.22    1511.22  0.000e+00
       1080     12.500    17.0559    17.0571     0.0011    4.29712    4.29728          1     5.8507     5.5292       9.97     0.0993  1.641e-11  1.000e-12  6.093e+00    33.2726    33.2730     0.0005    24.1756    24.1757     12.384     12.439      0.383    1511.23    1511.23  0.000e+00
       1168     13.000    17.0516    17.0544     0.0028    4.29734    4.29729          1     5.8084     5.5535       9.97     0.0996  1.641e-11  1.000e-12  6.093e+00    33.2779    33.2751    -0.0028    24.1807    24.1780     12.880     12.937      0.365    1511.23    1511.23  0.000e+00
       1189     13.500    17.0479    17.0486     0.0007    4.29741    4.29786          1     5.8097     5.5578       9.97     0.0950  1.641e-11  1.000e-12  6.093e+00    33.2814    33.2847     0.0033    24.1843    24.1866     13.375     13.434      0.529    1511.23    1511.24  0.000e+00
       1213     14.000    17.0462    17.0471     0.0009    4.29761    4.29799          1     5.8306     5.5647       9.97     0.0967  1.641e-11  1.000e-12  6.093e+00    33.2844    33.2868     0.0025    24.1870    24.1887     13.870     13.931      0.437    1511.24    1511.24  0.000e+00
       1254     14.500    17.0414    17.0459     0.0045    4.29723    4.29807          1     5.8616     5.5547       9.97     0.0963  1.641e-11  1.000e-12  6.093e+00    33.2848    33.2883     0.0035    24.1885    24.1901     14.366     14.428      0.237    1511.23    1511.25  0.000e+00
       1304     15.000    17.0212    17.0353     0.0141    4.29545    4.29716          1     5.8517     5.5660       9.97     0.1009  1.641e-11  1.000e-12  6.093e+00    33.2859    33.2890     0.0031    24.1940    24.1931     14.861     14.925      0.312    1511.18    1511.22  0.000e+00
       1340     15.500    17.0026    17.0160     0.0134    4.29440    4.29591          1     5.8473     5.5616       9.97     0.1106  1.641e-11  1.000e-12  6.093e+00    33.2920    33.2940     0.0020    24.2031    24.2015     15.356     15.423      0.327    1511.14    1511.18  0.000e+00
       1377     16.000    16.9929    17.0032     0.0103    4.29570    4.29548          1     5.8641     5.5432       9.97     0.1098  1.641e-11  1.000e-12  6.093e+00    33.3112    33.3007    -0.0104    24.2201    24.2096     15.852     15.920      0.322    1511.14    1511.16  0.000e+00
       1413     16.500    16.9926    16.9960     0.0034    4.29700    4.29638          1     5.8470     5.5479       9.97     0.1096  1.641e-11  1.000e-12  6.093e+00    33.3224    33.3143    -0.0081    24.2288    24.2217     16.347     16.417      0.344    1511.16    1511.16  0.000e+00
       1450     17.000    16.9804    16.9902     0.0098    4.29638    4.29727          1     5.8314     5.5594       9.97     0.1107  1.641e-11  1.000e-12  6.093e+00    33.3270    33.3265    -0.0005    24.2351    24.2325     16.842     16.914      0.271    1511.14    1511.17  0.000e+00
       1517     17.500    16.9727    16.9787     0.0060    4.29589    4.29686          1     5.8262     5.5519       9.97     0.1101  1.641e-11  1.000e-12  6.093e+00    33.3290    33.3324     0.0035    24.2384    24.2397     17.338     17.412      0.304    1511.12    1511.15  0.000e+00
       1550     18.000    16.9688    16.9707     0.0019    4.29570    4.29648          1     5.8380     5.5371       9.97     0.1050  1.641e-11  1.000e-12  6.093e+00    33.3304    33.3356     0.0052    24.2404    24.2440     17.833     17.909      0.542    1511.12    1511.13  0.000e+00
       1570     18.500    16.9591    16.9636     0.0046    4.29500    4.29617          1     5.8399     5.5283       9.97     0.1021  1.641e-11  1.000e-12  6.093e+00    33.3322    33.3385     0.0063    24.2441    24.2479     18.329     18.406      0.562    1511.10    1511.12  0.000e+00
       1596     19.000    16.9167    16.9569     0.0402    4.29243    4.29565          1     5.8496     5.5563       9.97     0.1042  1.641e-11  1.000e-12  6.093e+00    33.3448    33.3394    -0.0054    24.2637    24.2501     18.824     18.903      0.340    1511.00    1511.11  0.000e+00
       1663     19.500    16.8337    16.9004     0.0667    4.28739    4.29290          1     5.8823     5.6427       9.97     0.1014  1.641e-11  1.000e-12  6.093e+00    33.3697    33.3622    -0.0076    24.3023    24.2809     19.319     19.400      0.242    1510.78    1510.98  0.000e+00
       1706     20.000    16.7081    16.7915     0.0834    4.28103    4.28723          1     5.8924     5.6645       9.97     0.1159  1.641e-11  1.000e-12  6.093e+00    33.4186    33.4033    -0.0154    24.3690    24.3378     19.814     19.898      0.342    1510.47    1510.70  0.000e+00
       1737     20.500    16.3190    16.4905     0.1713    4.26085    4.27727          1     5.8912     5.8305       9.97     0.1217  1.641e-11  1.000e-12  6.093e+00    33.5681    33.5682     0.0001    24.5735    24.5342     20.310     20.395      0.461    1509.46    1509.98  0.000e+00
       1760     21.000    15.9306    16.0502     0.1205    4.24066    4.25414          1     5.9576     5.9119       9.97     0.1239  1.641e-11  1.000e-12  6.093e+00    33.7181    33.7359     0.0178    24.7774    24.7640     20.805     20.892      0.478    1508.44    1508.84  0.000e+00
       1823     21.500    15.5122    15.7327     0.2197    4.21457    4.23305          1     6.1393     6.0112       9.97     0.1334  1.641e-11  1.000e-12  6.093e+00    33.8431    33.8196    -0.0235    24.9672    24.8997     21.301     21.389      0.358    1507.29    1507.95  0.000e+00
       1877     22.000    15.0312    15.1429     0.1113    4.18732    4.20246          1     6.2241     6.0634       9.97     0.1363  1.613e-11  1.000e-12  6.232e+00    34.0131    34.0531     0.0400    25.2043    25.2107     21.796     21.885      0.718    1505.99    1506.39  0.000e+00
       1890     22.500    14.9149    15.0038     0.0901    4.18150    4.19573          1     6.2473     6.1647       9.97     0.1426  1.642e-11  1.000e-12  6.091e+00    34.0616    34.1132     0.0516    25.2670    25.2874     22.291     22.382      0.820    1505.68    1506.03  0.000e+00
       1904     23.000    14.5262    14.9108     0.3843    4.15937    4.18978          1     6.2831     6.2272       9.97     0.1507  1.641e-11  1.000e-12  6.093e+00    34.2004    34.1403    -0.0602    25.4578    25.3286     22.786     22.879      0.706    1504.61    1505.77  0.000e+00
       1955     23.500    14.2220    14.5582     0.3365    4.14135    4.17130          1     6.3992     6.2668       9.97     0.1594  1.641e-11  1.000e-12  6.097e+00    34.3035    34.2818    -0.0217    25.6021    25.5136     23.282     23.375      0.427    1503.76    1504.82  0.000e+00
       2022     24.000    13.7745    14.0517     0.2773    4.10762    4.13931          1     6.5118     6.1891       9.97     0.1701  1.641e-11  1.000e-12  6.092e+00    34.3894    34.4363     0.0470    25.7621    25.7406     23.777     23.872      0.674    1502.42    1503.38  0.000e+00
       2037     24.500    13.2574    13.7859     0.5284    4.06885    4.12257          1     6.5910     5.9965       9.97     0.1868  1.641e-11  1.000e-12  6.093e+00    34.4912    34.5188     0.0276    25.9467    25.8598     24.273     24.368      0.665    1500.85    1502.62  0.000e+00
       2074     25.000    12.2998    13.1622     0.8622    3.98130    4.07242          1     6.5001     5.9391       9.97     0.2049  1.629e-11  1.000e-12  6.153e+00    34.5289    34.6109     0.0820    26.1650    26.0575     24.768     24.865      0.411    1497.69    1500.67  0.000e+00
       2156     25.500    11.6841    11.8322     0.1480    3.92631    3.95571          1     6.1768     5.9246       9.97     0.2742  1.622e-11  1.000e-12  6.190e+00    34.5638    34.7140     0.1502    26.3100    26.3989     25.263     25.361      0.535    1495.64    1496.33  0.000e+00
       2174     26.000    11.6210    11.7023     0.0811    3.92225    3.94020          1     6.1340     5.9385       9.97     0.3127  1.641e-11  1.000e-12  6.093e+00    34.5825    34.6830     0.1004    26.3363    26.3992     25.759     25.857      0.607    1495.45    1495.86  0.000e+00
       2196     26.500    11.5969    11.6554     0.0586    3.92132    3.93461          1     6.0803     5.9758       9.97     0.3253  1.641e-11  1.000e-12  6.093e+00    34.5957    34.6718     0.0760    26.3511    26.3993     26.254     26.353      0.458    1495.40    1495.69  0.000e+00
       2252     27.000    11.5120    11.5848     0.0727    3.91452    3.92759          1     6.1169     5.9548       9.97     0.3278  1.638e-11  1.000e-12  6.110e+00    34.6079    34.6686     0.0606    26.3764    26.4100     26.749     26.850      0.277    1495.13    1495.45  0.000e+00
       2295     27.500    11.3771    11.4407     0.0638    3.90239    3.91719          1     6.1159     5.8415       9.97     0.3324  1.624e-11  1.000e-12  6.178e+00    34.6143    34.7009     0.0866    26.4063    26.4619     27.244     27.346      0.494    1494.67    1495.00  0.000e+00
       2317     28.000    11.1225    11.3360     0.2134    3.87821    3.90790          1     6.0711     5.7767       9.97     0.3418  1.641e-11  1.000e-12  6.095e+00    34.6134    34.7072     0.0937    26.4522    26.4861     27.740     27.842      0.512    1493.79    1494.65  0.000e+00
       2345     28.500    10.9642    11.1122     0.1481    3.86793    3.88842          1     5.9996     5.7642       9.97     0.3342  1.617e-11  1.000e-12  6.211e+00    34.6600    34.7245     0.0645    26.5172    26.5406     28.235     28.338      0.316    1493.31    1493.90  0.000e+00
       2412     29.000    10.8370    10.9248     0.0877    3.85634    3.87087          1     5.9133     5.7473       9.97     0.3386  1.614e-11  1.000e-12  6.227e+00    34.6642    34.7265     0.0623    26.5434    26.5761     28.730     28.834      0.309    1492.87    1493.26  0.000e+00
