ctdpy/exports/archive_20191121_122431/received_data/SBE09_0827_20180821_0924_26_01_0822.cnv
* Sea-Bird SBE 9 Data File:
* FileName = D:\CTD_SBE911\DAT\26DA.2018.8.22.hex
* Software Version Seasave V 7.21d
* Temperature SN = 034605
* Conductivity SN = 041844
* Number of Bytes Per Scan = 48
* Number of Voltage Words = 5
* Number of Scans Averaged by the Deck Unit = 1
* NMEA Latitude = 58 36.84 N
* NMEA Longitude = 010 34.91 E
* NMEA UTC (Time) = Aug 21 2018  09:26:32
* NMEA baud rate = 4800
** Ship: DANA
** Average sound velocity: 1490.39 m/s
** True-depth calculation Thu, 28 Mar 2019 09:24:02 +0000
** CTD Python Module SMHI /ver 3-12/ feb 2012 
** LIMS Job: 20182601-0822
**  15 W VÆDERØBOD
** Operator: Christian
** Cruise: 08/2018
# nquan = 26
# nvalues = 300                         
# units = specified
# name 0 = scan: Scan Count
# name 1 = prDM: Pressure, Digiquartz [db]
# name 2 = t090C: Temperature [ITS-90, deg C]
# name 3 = t190C: Temperature, 2 [ITS-90, deg C]
# name 4 = T2-T190C: Temperature Difference, 2 - 1 [ITS-90, deg C]
# name 5 = c0S/m: Conductivity [S/m]
# name 6 = c1S/m: Conductivity, 2 [S/m]
# name 7 = pumps: Pump Status
# name 8 = sbeox1ML/L: Oxygen, SBE 43, 2 [ml/l]
# name 9 = sbeox0ML/L: Oxygen, SBE 43 [ml/l]
# name 10 = altM: Altimeter [m]
# name 11 = chloroflTC0: Chlorophyll, Turner Cyclops [ug/l]
# name 12 = cpar: CPAR/Corrected Irradiance [%]
# name 13 = par: PAR/Irradiance, Biospherical/Lico [µE/(cm^2*s)]
# name 14 = spar: SPAR, Biospherical/Licor
# name 15 = sal00: Salinity, Practical [PSU]
# name 16 = sal11: Salinity, Practical, 2 [PSU]
# name 17 = secS-priS: Salinity, Practical, Difference, 2 - 1 [PSU]
# name 18 = sigma-t00: Density [sigma-t, kg/m^3 ]
# name 19 = sigma-t11: Density, 2 [sigma-t, kg/m^3 ]
# name 20 = depSM: Depth [salt water, m], lat = 58.614
# name 21 = depFM: Depth [true depth, m], lat = 58.614
# name 22 = dz/dtM: Descent Rate [m/s], WS = 2
# name 23 = svCM: Sound Velocity [Chen-Millero, m/s]
# name 24 = svCM1: Sound Velocity, 2 [Chen-Millero, m/s]
# name 25 = flag: flag
# span 0 =        230,      10184       
# span 1 =      1.500,    151.000       
# span 2 =     6.8113,    17.4044       
# span 3 =     6.8103,    17.3433       
# span 4 =    -0.3295,     1.1219       
# span 5 =   3.522184,   4.250189       
# span 6 =   3.522430,   4.242654       
# span 7 =          1,          1       
# span 8 =     5.2710,     6.5290       
# span 9 =     5.3712,     6.5245       
# span 10 =       1.05,       9.98      
# span 11 =     0.0347,     0.2334      
# span 12 = 4.7317e-14, 2.6017e+00      
# span 13 = 9.7933e-13, 4.4818e+01      
# span 14 = 1.1422e+03, 2.1134e+03      
# span 15 =    31.3165,    35.0584      
# span 16 =    31.3271,    35.0847      
# span 17 =    -0.4203,     0.1530      
# span 18 =    22.6103,    27.4836      
# span 19 =    22.6187,    27.4868      
# span 20 =      1.486,    149.539      
# span 21 =      1.494,    149.862      
# span 22 =      0.136,      0.630      
# span 23 =    1480.29,    1511.47      
# span 24 =    1480.30,    1511.30      
# span 25 = 0.0000e+00, 0.0000e+00      
# interval = decibars: 0.5              
# start_time = Aug 21 2018 09:26:32 [NMEA time, first data scan]
# bad_flag = -9.990e-29
*END*
[from data line 223]
       8458    113.000     6.9759     6.9733    -0.0025    3.53517    3.53567          1     5.3611     5.4407       9.97     0.0368  8.522e-14  1.000e-12  1.173e+03    35.0416    35.0497     0.0081    27.4550    27.4617    111.917    112.193      0.531    1480.47    1480.47  0.000e+00
       8481    113.500     6.9645     6.9627    -0.0018    3.53399    3.53497          1     5.3541     5.4245       9.97     0.0369  8.631e-14  1.000e-12  1.158e+03    35.0400    35.0525     0.0126    27.4553    27.4654    112.412    112.689      0.547    1480.43    1480.44  0.000e+00
       8503    114.000     6.9357     6.9321    -0.0035    3.53106    3.53226          1     5.3494     5.4079       9.97     0.0366  8.708e-14  1.000e-12  1.148e+03    35.0367    35.0535     0.0168    27.4567    27.4705    112.907    113.184      0.545    1480.33    1480.33  0.000e+00
       8525    114.500     6.9259     6.9256    -0.0003    3.53020    3.53108          1     5.3394     5.4066       9.97     0.0376  8.751e-14  1.000e-12  1.143e+03    35.0370    35.0469     0.0099    27.4583    27.4661    113.402    113.680      0.517    1480.30    1480.31  0.000e+00
       8549    115.000     6.9213     6.9211    -0.0003    3.53000    3.53075          1     5.3256     5.4089       9.97     0.0359  8.755e-14  1.000e-12  1.142e+03    35.0391    35.0477     0.0086    27.4606    27.4674    113.897    114.176      0.485    1480.29    1480.30  0.000e+00
       8574    115.500     6.9246     6.9226    -0.0020    3.53040    3.53080          1     5.3173     5.4084       9.97     0.0367  8.706e-14  1.000e-12  1.149e+03    35.0399    35.0465     0.0066    27.4608    27.4663    114.392    114.671      0.509    1480.31    1480.31  0.000e+00
       8596    116.000     6.9242     6.9225    -0.0017    3.53037    3.53087          1     5.3136     5.4181       9.97     0.0376  8.613e-14  1.000e-12  1.161e+03    35.0399    35.0471     0.0072    27.4608    27.4668    114.887    115.167      0.546    1480.32    1480.32  0.000e+00
       8618    116.500     6.9250     6.9231    -0.0019    3.53050    3.53089          1     5.3174     5.4175       9.97     0.0397  8.505e-14  1.000e-12  1.176e+03    35.0402    35.0463     0.0062    27.4609    27.4661    115.382    115.663      0.557    1480.33    1480.33  0.000e+00
       8640    117.000     6.9264     6.9248    -0.0017    3.53069    3.53108          1     5.3107     5.4181       9.97     0.0381  8.410e-14  1.000e-12  1.189e+03    35.0405    35.0466     0.0061    27.4610    27.4660    115.877    116.158      0.542    1480.35    1480.34  0.000e+00
       8662    117.500     6.9265     6.9252    -0.0013    3.53070    3.53116          1     5.3058     5.4205       9.97     0.0365  8.367e-14  1.000e-12  1.195e+03    35.0404    35.0468     0.0064    27.4609    27.4661    116.372    116.654      0.533    1480.35    1480.35  0.000e+00
       8685    118.000     6.9268     6.9263    -0.0005    3.53079    3.53129          1     5.3139     5.4165       9.97     0.0383  8.385e-14  1.000e-12  1.193e+03    35.0408    35.0467     0.0059    27.4612    27.4659    116.867    117.149      0.531    1480.36    1480.37  0.000e+00
       8707    118.500     6.9280     6.9261    -0.0019    3.53097    3.53128          1     5.3197     5.4142       9.97     0.0421  8.428e-14  1.000e-12  1.186e+03    35.0412    35.0467     0.0055    27.4614    27.4659    117.362    117.645      0.514    1480.38    1480.38  0.000e+00
       8731    119.000     6.9294     6.9283    -0.0012    3.53119    3.53144          1     5.3280     5.4239       9.97     0.0384  8.455e-14  1.000e-12  1.183e+03    35.0420    35.0460     0.0039    27.4618    27.4651    117.857    118.141      0.501    1480.39    1480.39  0.000e+00
       8755    119.500     6.9345     6.9325    -0.0020    3.53184    3.53186          1     5.3323     5.4314       9.97     0.0366  8.416e-14  1.000e-12  1.188e+03    35.0437    35.0460     0.0022    27.4624    27.4645    118.352    118.636      0.509    1480.42    1480.42  0.000e+00
       8778    120.000     6.9466     6.9455    -0.0011    3.53333    3.53318          1     5.3343     5.4452       9.97     0.0384  8.310e-14  1.000e-12  1.203e+03    35.0476    35.0470    -0.0006    27.4638    27.4635    118.847    119.132      0.511    1480.48    1480.48  0.000e+00
       8802    120.500     6.9590     6.9559    -0.0030    3.53471    3.53447          1     5.3428     5.4437       9.97     0.0370  8.170e-14  1.000e-12  1.224e+03    35.0499    35.0504     0.0005    27.4639    27.4647    119.342    119.628      0.498    1480.54    1480.53  0.000e+00
       8826    121.000     6.9500     6.9523     0.0023    3.53384    3.53453          1     5.3477     5.4352       9.97     0.0368  8.056e-14  1.000e-12  1.241e+03    35.0492    35.0545     0.0053    27.4646    27.4684    119.838    120.123      0.498    1480.51    1480.53  0.000e+00
       8851    121.500     6.9379     6.9386     0.0007    3.53274    3.53346          1     5.3486     5.4299       9.97     0.0358  8.003e-14  1.000e-12  1.250e+03    35.0492    35.0565     0.0073    27.4663    27.4719    120.333    120.619      0.505    1480.47    1480.48  0.000e+00
       8874    122.000     6.9226     6.9221    -0.0004    3.53133    3.53207          1     5.3377     5.4224       9.97     0.0355  8.003e-14  1.000e-12  1.250e+03    35.0491    35.0577     0.0086    27.4683    27.4751    120.828    121.115      0.541    1480.42    1480.43  0.000e+00
       8895    122.500     6.9169     6.9148    -0.0021    3.53087    3.53124          1     5.3332     5.4155       9.97     0.0370  8.018e-14  1.000e-12  1.247e+03    35.0494    35.0556     0.0063    27.4693    27.4745    121.323    121.610      0.575    1480.41    1480.41  0.000e+00
       8916    123.000     6.9155     6.9129    -0.0026    3.53078    3.53104          1     5.3348     5.4169       9.97     0.0367  7.994e-14  1.000e-12  1.251e+03    35.0496    35.0552     0.0056    27.4697    27.4745    121.818    122.106      0.559    1480.41    1480.41  0.000e+00
       8938    123.500     6.9173     6.9153    -0.0021    3.53107    3.53121          1     5.3258     5.4206       9.97     0.0371  7.930e-14  1.000e-12  1.261e+03    35.0507    35.0544     0.0036    27.4703    27.4735    122.313    122.602      0.512    1480.43    1480.43  0.000e+00
       8963    124.000     6.9204     6.9190    -0.0014    3.53145    3.53160          1     5.3235     5.4248       9.97     0.0378  7.844e-14  1.000e-12  1.275e+03    35.0516    35.0546     0.0030    27.4706    27.4731    122.808    123.097      0.507    1480.45    1480.45  0.000e+00
       8985    124.500     6.9258     6.9237    -0.0021    3.53215    3.53210          1     5.3326     5.4307       9.97     0.0391  7.775e-14  1.000e-12  1.286e+03    35.0535    35.0552     0.0016    27.4713    27.4729    123.303    123.593      0.566    1480.48    1480.47  0.000e+00
       9005    125.000     6.9230     6.9219    -0.0011    3.53188    3.53228          1     5.3347     5.4374       9.97     0.0424  7.743e-14  1.000e-12  1.291e+03    35.0531    35.0587     0.0056    27.4714    27.4760    123.798    124.089      0.606    1480.48    1480.48  0.000e+00
       9025    125.500     6.9158     6.9133    -0.0024    3.53115    3.53155          1     5.3301     5.4343       9.97     0.0402  7.747e-14  1.000e-12  1.291e+03    35.0521    35.0591     0.0069    27.4717    27.4774    124.293    124.584      0.594    1480.46    1480.46  0.000e+00
       9046    126.000     6.9121     6.9092    -0.0029    3.53084    3.53102          1     5.3308     5.4277       9.97     0.0371  7.775e-14  1.000e-12  1.286e+03    35.0522    35.0572     0.0049    27.4722    27.4765    124.788    125.080      0.554    1480.45    1480.45  0.000e+00
       9068    126.500     6.9108     6.9092    -0.0016    3.53076    3.53098          1     5.3354     5.4216       9.97     0.0369  7.828e-14  1.000e-12  1.278e+03    35.0524    35.0565     0.0041    27.4726    27.4760    125.283    125.576      0.517    1480.45    1480.45  0.000e+00
       9092    127.000     6.9110     6.9091    -0.0019    3.53081    3.53096          1     5.3364     5.4206       9.97     0.0358  7.901e-14  1.000e-12  1.266e+03    35.0526    35.0562     0.0036    27.4726    27.4757    125.778    126.071      0.512    1480.46    1480.46  0.000e+00
       9115    127.500     6.9101     6.9094    -0.0008    3.53075    3.53098          1     5.3362     5.4239       9.97     0.0376  7.977e-14  1.000e-12  1.254e+03    35.0525    35.0559     0.0034    27.4727    27.4755    126.273    126.567      0.536    1480.47    1480.47  0.000e+00
       9137    128.000     6.9130     6.9114    -0.0016    3.53111    3.53116          1     5.3318     5.4254       9.97     0.0386  8.036e-14  1.000e-12  1.244e+03    35.0534    35.0555     0.0021    27.4730    27.4749    126.768    127.063      0.569    1480.49    1480.48  0.000e+00
       9157    128.500     6.9192     6.9182    -0.0010    3.53182    3.53183          1     5.3312     5.4354       9.97     0.0384  8.059e-14  1.000e-12  1.241e+03    35.0546    35.0557     0.0012    27.4731    27.4742    127.263    127.558      0.572    1480.52    1480.52  0.000e+00
       9179    129.000     6.9225     6.9213    -0.0012    3.53220    3.53226          1     5.3441     5.4299       9.97     0.0388  8.051e-14  1.000e-12  1.242e+03    35.0552    35.0570     0.0019    27.4731    27.4748    127.758    128.054      0.535    1480.54    1480.54  0.000e+00
       9203    129.500     6.9301     6.9249    -0.0052    3.53313    3.53262          1     5.3520     5.4358       9.97     0.0358  8.030e-14  1.000e-12  1.245e+03    35.0574    35.0571    -0.0003    27.4738    27.4743    128.253    128.550      0.502    1480.59    1480.57  0.000e+00
       9226    130.000     6.9239     6.9279     0.0039    3.53242    3.53323          1     5.3463     5.4397       9.97     0.0366  7.995e-14  1.000e-12  1.251e+03    35.0556    35.0605     0.0049    27.4732    27.4765    128.748    129.045      0.524    1480.57    1480.59  0.000e+00
       9248    130.500     6.9112     6.9089    -0.0023    3.53121    3.53152          1     5.3393     5.4285       9.97     0.0369  7.949e-14  1.000e-12  1.258e+03    35.0550    35.0607     0.0057    27.4745    27.4794    129.243    129.541      0.566    1480.53    1480.52  0.000e+00
       9269    131.000     6.9008     6.8994    -0.0013    3.52999    3.53069          1     5.3455     5.4237       9.97     0.0388  7.860e-14  1.000e-12  1.272e+03    35.0519    35.0610     0.0090    27.4736    27.4809    129.738    130.036      0.577    1480.49    1480.49  0.000e+00
       9290    131.500     6.8907     6.8870    -0.0038    3.52904    3.52931          1     5.3426     5.4214       9.97     0.0378  7.723e-14  1.000e-12  1.295e+03    35.0515    35.0582     0.0067    27.4746    27.4804    130.233    130.532      0.547    1480.46    1480.45  0.000e+00
       9313    132.000     6.8880     6.8852    -0.0028    3.52884    3.52895          1     5.3316     5.4169       9.97     0.0366  7.553e-14  1.000e-12  1.324e+03    35.0518    35.0558     0.0040    27.4752    27.4787    130.728    131.028      0.509    1480.46    1480.45  0.000e+00
       9337    132.500     6.8909     6.8891    -0.0018    3.52923    3.52929          1     5.3174     5.4219       9.97     0.0366  7.392e-14  1.000e-12  1.353e+03    35.0529    35.0553     0.0024    27.4757    27.4778    131.223    131.523      0.514    1480.48    1480.47  0.000e+00
       9360    133.000     6.9004     6.8965    -0.0038    3.53039    3.52998          1     5.3172     5.4249       9.97     0.0363  7.274e-14  1.000e-12  1.375e+03    35.0557    35.0551    -0.0006    27.4766    27.4766    131.718    132.019      0.556    1480.52    1480.51  0.000e+00
       9380    133.500     6.9080     6.9081     0.0002    3.53122    3.53125          1     5.3256     5.4224       9.97     0.0347  7.179e-14  1.000e-12  1.393e+03    35.0570    35.0571     0.0002    27.4765    27.4766    132.213    132.515      0.589    1480.56    1480.57  0.000e+00
       9400    134.000     6.9097     6.9096    -0.0001    3.53146    3.53167          1     5.3277     5.4190       9.97     0.0357  7.100e-14  1.000e-12  1.408e+03    35.0575    35.0599     0.0024    27.4767    27.4786    132.708    133.010      0.569    1480.58    1480.58  0.000e+00
       9423    134.500     6.9000     6.9032     0.0032    3.53039    3.53120          1     5.3367     5.4118       9.97     0.0377  7.048e-14  1.000e-12  1.419e+03    35.0554    35.0610     0.0056    27.4764    27.4804    133.203    133.506      0.496    1480.55    1480.57  0.000e+00
       9449    135.000     6.8720     6.8824     0.0103    3.52751    3.52947          1     5.3453     5.4032       9.97     0.0370  7.051e-14  1.000e-12  1.418e+03    35.0518    35.0628     0.0111    27.4774    27.4847    133.698    134.002      0.449    1480.44    1480.50  0.000e+00
       9475    135.500     6.8627     6.8662     0.0035    3.52660    3.52762          1     5.3396     5.3958       9.97     0.0371  7.147e-14  1.000e-12  1.399e+03    35.0510    35.0588     0.0078    27.4781    27.4837    134.193    134.497      0.487    1480.41    1480.44  0.000e+00
       9499    136.000     6.8550     6.8544    -0.0005    3.52576    3.52644          1     5.3278     5.3925       9.97     0.0383  7.310e-14  1.000e-12  1.368e+03    35.0493    35.0574     0.0080    27.4778    27.4843    134.688    134.993      0.536    1480.39    1480.40  0.000e+00
       9520    136.500     6.8518     6.8493    -0.0025    3.52546    3.52580          1     5.3178     5.3939       9.97     0.0365  7.504e-14  1.000e-12  1.333e+03    35.0491    35.0553     0.0063    27.4781    27.4834    135.183    135.489      0.555    1480.38    1480.39  0.000e+00
       9542    137.000     6.8415     6.8393    -0.0023    3.52438    3.52492          1     5.3168     5.3872       9.97     0.0359  7.674e-14  1.000e-12  1.303e+03    35.0473    35.0556     0.0083    27.4781    27.4849    135.679    135.984      0.543    1480.35    1480.35  0.000e+00
       9565    137.500     6.8287     6.8305     0.0018    3.52314    3.52390          1     5.3136     5.3880       9.97     0.0367  7.770e-14  1.000e-12  1.287e+03    35.0464    35.0530     0.0066    27.4792    27.4841    136.173    136.480      0.501    1480.31    1480.32  0.000e+00
       9590    138.000     6.8274     6.8292     0.0018    3.52310    3.52369          1     5.3052     5.3843       9.97     0.0383  7.783e-14  1.000e-12  1.285e+03    35.0470    35.0517     0.0047    27.4798    27.4833    136.669    136.976      0.481    1480.31    1480.33  0.000e+00
       9614    138.500     6.8282     6.8287     0.0005    3.52322    3.52364          1     5.3056     5.3853       9.97     0.0369  7.714e-14  1.000e-12  1.296e+03    35.0473    35.0514     0.0041    27.4799    27.4831    137.164    137.471      0.512    1480.32    1480.33  0.000e+00
       9637    139.000     6.8306     6.8289    -0.0017    3.52351    3.52369          1     5.3041     5.3921       9.97     0.0376  7.573e-14  1.000e-12  1.321e+03    35.0478    35.0515     0.0037    27.4800    27.4832    137.659    137.967      0.559    1480.34    1480.34  0.000e+00
       9657    139.500     6.8323     6.8294    -0.0029    3.52372    3.52379          1     5.2974     5.3875       9.97     0.0378  7.399e-14  1.000e-12  1.352e+03    35.0482    35.0518     0.0036    27.4801    27.4833    138.154    138.463      0.569    1480.36    1480.35  0.000e+00
       9679    140.000     6.8320     6.8307    -0.0013    3.52374    3.52392          1     5.2933     5.3866       9.97     0.0360  7.215e-14  1.000e-12  1.386e+03    35.0485    35.0518     0.0033    27.4803    27.4831    138.649    138.958      0.542    1480.36    1480.37  0.000e+00
