ctdpy/exports/archive_20191121_122431/received_data/SBE09_1044_20180529_0829_34_07_0042.cnv
* Sea-Bird SBE 9 Data File:
* FileName = C:\ctd\temp\2018\AU18D042.hex
* Software Version Seasave V 7.26.6.26
* Temperature SN = 5351
* Conductivity SN = 3941
* Number of Bytes Per Scan = 41
* Number of Voltage Words = 4
* Number of Scans Averaged by the Deck Unit = 1
* NMEA Latitude = 55 33.32 N
* NMEA Longitude = 018 24.04 E
* NMEA UTC (Time) = May 29 2018  08:29:17
* NMEA baud rate = 4800
** Station:  BCS III-10
** Operator:  JKro
** Ship: AURA
** Average sound velocity: 1438.89 m/s
** True-depth calculation Tue, 29 May 2018 09:39:50 +0000
** CTD Python Module SMHI /ver 3-12/ feb 2012 
** LIMS Job: 20183407-0042
** Cruise: SMHI-02-2018
** Latitude [GG MM.mm N] :
** Longitude [GG MM.mm E]:
# nquan = 26
# nvalues = 170                         
# units = specified
# name 0 = scan: Scan Count
# name 1 = prDM: Pressure, Digiquartz [db]
# name 2 = t090C: Temperature [ITS-90, deg C]
# name 3 = t190C: Temperature, 2 [ITS-90, deg C]
# name 4 = T2-T190C: Temperature Difference, 2 - 1 [ITS-90, deg C]
# name 5 = c0S/m: Conductivity [S/m]
# name 6 = c1S/m: Conductivity, 2 [S/m]
# name 7 = pumps: Pump Status
# name 8 = sbeox0ML/L: Oxygen, SBE 43 [ml/l]
# name 9 = sbeox1ML/L: Oxygen, SBE 43, 2 [ml/l]
# name 10 = altM: Altimeter [m]
# name 11 = flECO-AFL: Chl-a Fluorescence, WET Labs ECO-AFL/FL [mg/m^3]
# name 12 = flECO-AFL1: Phycocyanin Fluorescence, WET Labs ECO-AFL/FL, 2 [mg/m^3]
# name 13 = par: PAR/Irradiance, Biospherical/Lico [µE/(cm^2*s)]
# name 14 = turbWETntu0: Turbidity, WET Labs ECO [NTU]
# name 15 = sal00: Salinity, Practical [PSU]
# name 16 = sal11: Salinity, Practical, 2 [PSU]
# name 17 = secS-priS: Salinity, Practical, Difference, 2 - 1 [PSU]
# name 18 = sigma-t00: Density [sigma-t, Kg/m^3 ]
# name 19 = sigma-t11: Density, 2 [sigma-t, Kg/m^3 ]
# name 20 = depSM: Depth [salt water, m], lat = 55.5553
# name 21 = depFM: Depth [true depth, m], lat = 55.5553
# name 22 = dz/dtM: Descent Rate [m/s], WS = 2
# name 23 = svCM: Sound Velocity [Chen-Millero, m/s]
# name 24 = svCM1: Sound Velocity, 2 [Chen-Millero, m/s]
# name 25 = flag: flag
# span 0 =      15759,      20267       
# span 1 =      1.000,     85.500       
# span 2 =     3.0395,    13.9539       
# span 3 =     3.0412,    13.9167       
# span 4 =    -0.1183,     0.1107       
# span 5 =   0.770653,   1.140917       
# span 6 =   0.770554,   1.140708       
# span 7 =          1,          1       
# span 8 =    0.07640,    9.44935       
# span 9 =   -0.05556,    9.50952       
# span 10 =       1.52,      99.08      
# span 11 =     0.2237,     9.4605      
# span 12 =     0.1778,     0.9543      
# span 13 = 1.0000e-12, 3.9590e+03      
# span 14 =     0.1378,     0.6818      
# span 15 =     7.3783,    10.5509      
# span 16 =     7.3788,    10.5496      
# span 17 =    -0.0711,     0.0035      
# span 18 =     4.9824,     8.3010      
# span 19 =     4.9889,     8.3001      
# span 20 =      0.991,     84.708      
# span 21 =      1.013,     86.558      
# span 22 =     -0.031,      0.538      
# span 23 =    1428.20,    1471.10      
# span 24 =    1428.20,    1470.97      
# span 25 = 0.0000e+00, 0.0000e+00      
# interval = decibars: 0.5              
# start_time = May 29 2018 08:29:18 [NMEA time, first data scan]
# bad_flag = -9.990e-29
*END*
[from data line 112]
      18636     57.000     3.7961     3.7974     0.0013    0.78526    0.78523          1     8.2802     8.1990      31.72     0.3158     0.3108  1.000e-12  0.1527000     7.4924     7.4918    -0.0006     5.9609     5.9604     56.476     57.725      0.481    1431.35    1431.35  0.000e+00
      18660     57.500     3.7547     3.7582     0.0035    0.78429    0.78431          1     8.2398     8.1685      32.04     0.3091     0.2894  1.000e-12  0.1571000     7.4919     7.4914    -0.0006     5.9614     5.9609     56.971     58.232      0.511    1431.17    1431.18  0.000e+00
      18683     58.000     3.6436     3.6465     0.0029    0.78148    0.78150          1     8.2472     8.1555      31.85     0.3123     0.2205  1.000e-12  0.1598000     7.4885     7.4881    -0.0004     5.9609     5.9605     57.466     58.738      0.520    1430.67    1430.68  0.000e+00
      18706     58.500     3.5523     3.5555     0.0032    0.77923    0.77924          1     8.2655     8.1647      31.33     0.3167     0.1848  1.000e-12  0.1546000     7.4863     7.4857    -0.0006     5.9609     5.9604     57.962     59.244      0.489    1430.26    1430.27  0.000e+00
      18732     59.000     3.5515     3.5531     0.0015    0.77945    0.77943          1     8.2943     8.1868      30.80     0.2942     0.2050  1.000e-12  0.1545000     7.4888     7.4881    -0.0007     5.9629     5.9623     58.457     59.750      0.463    1430.27    1430.27  0.000e+00
      18758     59.500     3.5678     3.5685     0.0007    0.78009    0.78005          1     8.2798     8.1838      30.21     0.2892     0.2459  1.000e-12  0.1491000     7.4914     7.4909    -0.0005     5.9647     5.9643     58.952     60.257      0.487    1430.35    1430.35  0.000e+00
      18781     60.000     3.5697     3.5718     0.0020    0.78034    0.78034          1     8.2651     8.1798      29.67     0.3093     0.2563  1.000e-12  0.1560000     7.4936     7.4931    -0.0005     5.9664     5.9659     59.448     60.763      0.518    1430.37    1430.38  0.000e+00
      18804     60.500     3.5072     3.5117     0.0044    0.77898    0.77901          1     8.2494     8.1716      29.13     0.3091     0.2086  1.000e-12  0.1486000     7.4939     7.4932    -0.0007     5.9677     5.9671     59.943     61.269      0.517    1430.09    1430.11  0.000e+00
      18828     61.000     3.4802     3.4825     0.0023    0.77846    0.77846          1     8.2287     8.1452      28.59     0.3091     0.2231  1.000e-12  0.1557000     7.4948     7.4942    -0.0006     5.9689     5.9684     60.438     61.775      0.489    1429.98    1429.99  0.000e+00
      18853     61.500     3.4430     3.4482     0.0052    0.77777    0.77781          1     8.2469     8.1531      28.07     0.2859     0.2384  1.000e-12  0.1488000     7.4961     7.4953    -0.0008     5.9706     5.9698     60.934     62.282      0.472    1429.82    1429.84  0.000e+00
      18879     62.000     3.3994     3.4022     0.0028    0.77691    0.77691          1     8.2641     8.1720      27.60     0.2963     0.2649  1.000e-12  0.1679000     7.4973     7.4966    -0.0007     5.9722     5.9716     61.429     62.788      0.481    1429.63    1429.64  0.000e+00
      18903     62.500     3.3648     3.3692     0.0044    0.77638    0.77641          1     8.2134     8.1422      27.10     0.2852     0.2759  1.000e-12  0.1388000     7.4998     7.4989    -0.0008     5.9747     5.9740     61.924     63.294      0.501    1429.48    1429.50  0.000e+00
      18927     63.000     3.2614     3.2627     0.0013    0.77412    0.77405          1     8.1807     8.1087      26.54     0.2949     0.2126  1.000e-12  0.1476000     7.5001     7.4992    -0.0010     5.9765     5.9757     62.420     63.800      0.510    1429.02    1429.02  0.000e+00
      18950     63.500     3.1257     3.1347     0.0090    0.77114    0.77124          1     8.1840     8.1030      26.00     0.2868     0.2400  1.000e-12  0.1636000     7.5006     7.4995    -0.0010     5.9785     5.9776     62.915     64.307      0.502    1428.41    1428.45  0.000e+00
      18975     64.000     3.0858     3.0845    -0.0012    0.77065    0.77055          1     8.2010     8.1163      25.49     0.2755     0.2381  1.000e-12  0.1622000     7.5047     7.5040    -0.0007     5.9823     5.9817     63.410     64.813      0.487    1428.23    1428.23  0.000e+00
      18999     64.500     3.1367     3.1372     0.0005    0.77245    0.77244          1     8.2034     8.1119      25.00     0.2809     0.2340  1.000e-12  0.1407000     7.5116     7.5113    -0.0002     5.9872     5.9870     63.906     65.319      0.482    1428.49    1428.49  0.000e+00
      19024     65.000     3.2143     3.2133    -0.0010    0.77510    0.77502          1     8.2111     8.1098      24.46     0.2685     0.2535  1.000e-12  0.1389000     7.5211     7.5204    -0.0006     5.9938     5.9933     64.401     65.825      0.494    1428.86    1428.86  0.000e+00
      19048     65.500     3.2548     3.2545    -0.0004    0.77658    0.77651          1     8.2164     8.1036      23.91     0.2679     0.2415  1.000e-12  0.1473000     7.5270     7.5263    -0.0006     5.9980     5.9975     64.896     66.332      0.497    1429.06    1429.06  0.000e+00
      19073     66.000     3.2782     3.2794     0.0012    0.77763    0.77761          1     8.2057     8.0937      23.38     0.2588     0.2334  1.000e-12  0.1425000     7.5324     7.5318    -0.0005     6.0019     6.0015     65.391     66.838      0.491    1429.19    1429.19  0.000e+00
      19097     66.500     3.2719     3.2749     0.0030    0.77780    0.77779          1     8.1778     8.0760      22.87     0.2671     0.2353  1.000e-12  0.1504000     7.5355     7.5347    -0.0008     6.0045     6.0039     65.887     67.344      0.495    1429.17    1429.18  0.000e+00
      19121     67.000     3.2387     3.2434     0.0047    0.77724    0.77726          1     8.1616     8.0670      22.35     0.2794     0.2136  1.000e-12  0.1650000     7.5374     7.5364    -0.0009     6.0065     6.0057     66.382     67.850      0.501    1429.03    1429.05  0.000e+00
      19145     67.500     3.1672     3.1724     0.0052    0.77595    0.77597          1     8.1549     8.0695      21.82     0.2774     0.2054  1.000e-12  0.1629000     7.5405     7.5395    -0.0010     6.0099     6.0091     66.877     68.356      0.493    1428.71    1428.73  0.000e+00
      19170     68.000     3.1192     3.1225     0.0033    0.77542    0.77540          1     8.1342     8.0426      21.29     0.2803     0.2413  1.000e-12  0.1600000     7.5462     7.5452    -0.0009     6.0150     6.0142     67.373     68.863      0.481    1428.51    1428.52  0.000e+00
      19195     68.500     3.0821     3.0852     0.0031    0.77536    0.77535          1     8.1206     8.0135      20.77     0.2595     0.2075  1.000e-12  0.1615000     7.5542     7.5533    -0.0009     6.0218     6.0211     67.868     69.369      0.486    1428.35    1428.37  0.000e+00
      19219     69.000     3.0438     3.0464     0.0026    0.77531    0.77528          1     8.0938     7.9712      20.27     0.2428     0.2068  1.000e-12  0.1519000     7.5626     7.5616    -0.0010     6.0289     6.0281     68.363     69.875      0.501    1428.20    1428.21  0.000e+00
      19243     69.500     3.0395     3.0412     0.0017    0.77623    0.77619          1     8.0111     7.8897      19.73     0.2631     0.1783  1.000e-12  0.1547000     7.5731     7.5723    -0.0008     6.0374     6.0367     68.859     70.381      0.501    1428.20    1428.20  0.000e+00
      19267     70.000     3.0412     3.0427     0.0015    0.77665    0.77664          1     8.0148     7.8909      19.19     0.2701     0.1778  1.000e-12  0.1523000     7.5771     7.5767    -0.0004     6.0405     6.0402     69.354     70.888      0.491    1428.22    1428.22  0.000e+00
      19292     70.500     3.0678     3.0659    -0.0019    0.77908    0.77883          1     8.0023     7.8227      17.77     0.2592     0.2029  1.000e-12  0.1449000     7.5962     7.5940    -0.0022     6.0555     6.0537     69.849     71.394      0.490    1428.37    1428.36  0.000e+00
      19316     71.000     3.3091     3.2992    -0.0098    0.78915    0.78858          1     7.6954     7.3892      16.91     0.2464     0.2529  1.000e-12  0.1587000     7.6442     7.6405    -0.0037     6.0906     6.0878     70.345     71.900      0.496    1429.55    1429.50  0.000e+00
      19340     71.500     3.3922     3.3921    -0.0001    0.79662    0.79634          1     7.1432     6.7365      16.35     0.2255     0.2436  1.000e-12  0.2038000     7.7021     7.6993    -0.0029     6.1355     6.1332     70.840     72.406      0.493    1430.01    1430.01  0.000e+00
      19365     72.000     3.4225     3.4221    -0.0004    0.80137    0.80108          1     6.5644     6.1572      15.84     0.2473     0.2631  1.000e-12  0.1859000     7.7441     7.7412    -0.0029     6.1684     6.1661     71.335     72.912      0.486    1430.21    1430.21  0.000e+00
      19389     72.500     3.4919     3.4888    -0.0031    0.81418    0.81329          1     6.0108     5.6063      15.32     0.2237     0.2682  1.000e-12  0.2001000     7.8603     7.8518    -0.0084     6.2596     6.2530     71.830     73.418      0.487    1430.69    1430.66  0.000e+00
      19414     73.000     3.6016     3.5992    -0.0023    0.83348    0.83290          1     5.5033     5.0677      14.80     0.2359     0.2447  1.000e-12  0.2208000     8.0335     8.0281    -0.0054     6.3954     6.3911     72.326     73.924      0.496    1431.42    1431.40  0.000e+00
      19438     73.500     3.8131     3.7986    -0.0145    0.86672    0.86481          1     4.7732     4.1469      14.28     0.2364     0.2163  1.000e-12  0.2332000     8.3240     8.3080    -0.0160     6.6215     6.6092     72.821     74.430      0.508    1432.76    1432.67  0.000e+00
      19461     74.000     4.1015     4.0856    -0.0158    0.91400    0.91222          1     3.6034     2.8051      13.75     0.2676     0.2247  1.000e-12  0.1986000     8.7360     8.7219    -0.0141     6.9409     6.9301     73.316     74.936      0.508    1434.59    1434.50  0.000e+00
      19485     74.500     4.3540     4.3441    -0.0100    0.94463    0.94383          1     2.4124     1.7292      13.25     0.2750     0.2653  1.000e-12  0.1971000     8.9825     8.9770    -0.0055     7.1283     7.1243     73.812     75.442      0.487    1436.04    1435.99  0.000e+00
      19511     75.000     4.4959     4.4877    -0.0082    0.95974    0.95910          1     1.6624     1.2145      12.70     0.3054     0.2533  1.000e-12  0.2270000     9.0981     9.0938    -0.0044     7.2148     7.2117     74.307     75.948      0.472    1436.83    1436.79  0.000e+00
      19536     75.500     4.6786     4.6701    -0.0085    0.97591    0.97532          1     1.2268     0.8984      12.19     0.2937     0.2134  1.000e-12  0.2263000     9.2122     9.2086    -0.0036     7.2981     7.2956     74.802     76.453      0.492    1437.79    1437.75  0.000e+00
      19559     76.000     4.7989     4.7926    -0.0063    0.98904    0.98843          1     0.8406     0.5197      11.68     0.3013     0.2656  1.000e-12  0.2389000     9.3120     9.3076    -0.0044     7.3721     7.3690     75.297     76.959      0.517    1438.45    1438.42  0.000e+00
      19582     76.500     4.9472     4.9380    -0.0093    1.00279    1.00209          1     0.4279     0.1239      11.17     0.3065     0.2229  1.000e-12  0.2502000     9.4094     9.4049    -0.0045     7.4428     7.4396     75.793     77.464      0.510    1439.24    1439.19  0.000e+00
      19607     77.000     5.0797     5.0711    -0.0085    1.01753    1.01675          1     0.1348    -0.0556      10.63     0.3250     0.2339  1.000e-12  0.2481000     9.5205     9.5151    -0.0055     7.5246     7.5207     76.288     77.970      0.482    1439.97    1439.92  0.000e+00
      19632     77.500     5.2095     5.2025    -0.0070    1.03354    1.03277          1     0.0764    -0.0116      10.10     0.3395     0.2611  1.000e-12  0.2441000     9.6446     9.6389    -0.0057     7.6164     7.6122     76.783     78.475      0.474    1440.70    1440.66  0.000e+00
      19657     78.000     5.2810     5.2822     0.0012    1.04498    1.04465          1     0.1490     0.1364       9.60     0.3394     0.2175  1.000e-12  0.2634000     9.7388     9.7352    -0.0036     7.6873     7.6844     77.279     78.981      0.478    1441.13    1441.14  0.000e+00
      19683     78.500     5.2774     5.2705    -0.0069    1.05282    1.05209          1     0.3169     0.3268       9.06     0.3522     0.2193  1.000e-12  0.2875000     9.8187     9.8133    -0.0053     7.7505     7.7467     77.774     79.486      0.411    1441.23    1441.19  0.000e+00
      19717     79.000     5.4826     5.4681    -0.0145    1.06926    1.06822          1     0.2603     0.1802       8.44     0.3626     0.2715  1.000e-12  0.4031000     9.9232     9.9170    -0.0061     7.8223     7.8182     78.269     79.991      0.335    1442.26    1442.19  0.000e+00
      19753     79.500     5.6002     5.5970    -0.0032    1.08044    1.07986          1     0.1676     0.0884       7.92     0.5070     0.2706  1.000e-12  0.3547000    10.0001     9.9953    -0.0048     7.8766     7.8729     78.764     80.497      0.341    1442.87    1442.85  0.000e+00
      19788     80.000     5.6517     5.6518     0.0001    1.09171    1.09128          1     0.1567     0.0905       7.41     0.7233     0.3113  1.000e-12  0.3661000    10.0972    10.0928    -0.0044     7.9503     7.9468     79.260     81.002      0.341    1443.22    1443.22  0.000e+00
      19824     80.500     5.6327     5.6358     0.0031    1.10214    1.10194          1     0.1572     0.1001       6.86     0.7687     0.2790  1.000e-12  0.3788000    10.2070    10.2041    -0.0029     8.0379     8.0355     79.755     81.507      0.320    1443.29    1443.30  0.000e+00
      19862     81.000     5.6602     5.6591    -0.0012    1.11013    1.10983          1     0.1655     0.1140       6.33     0.5812     0.2778  1.000e-12  0.4070000    10.2785    10.2758    -0.0027     8.0927     8.0907     80.250     82.012      0.319    1443.50    1443.50  0.000e+00
      19899     81.500     5.6854     5.6872     0.0018    1.11677    1.11660          1     0.1534     0.0985       5.84     0.4895     0.2760  1.000e-12  0.4275000    10.3370    10.3348    -0.0023     8.1375     8.1356     80.746     82.517      0.327    1443.69    1443.70  0.000e+00
      19936     82.000     5.7556     5.7524    -0.0033    1.12414    1.12392          1     0.1391     0.0869       5.32     0.5435     0.2372  1.000e-12  0.3971000    10.3890    10.3877    -0.0012     8.1743     8.1735     81.241     83.023      0.315    1444.07    1444.05  0.000e+00
      19975     82.500     5.7613     5.7654     0.0041    1.12722    1.12720          1     0.1336     0.0866       4.78     0.4334     0.2086  1.000e-12  0.2547000    10.4179    10.4164    -0.0015     8.1968     8.1954     81.736     83.528      0.314    1444.14    1444.15  0.000e+00
      20012     83.000     5.6781     5.6830     0.0049    1.12678    1.12676          1     0.1246     0.0852       4.27     0.4095     0.2519  1.000e-12  0.4158000    10.4391    10.4374    -0.0017     8.2183     8.2167     82.231     84.033      0.322    1443.81    1443.83  0.000e+00
      20049     83.500     5.6201     5.6222     0.0022    1.12715    1.12709          1     0.1208     0.0794       3.76     0.3879     0.2523  1.000e-12  0.5188000    10.4607    10.4594    -0.0013     8.2388     8.2376     82.727     84.538      0.327    1443.60    1443.61  0.000e+00
      20087     84.000     5.6532     5.6524    -0.0008    1.13092    1.13079          1     0.1126     0.0740       3.25     0.4219     0.2585  1.000e-12  0.5740000    10.4881    10.4870    -0.0011     8.2584     8.2576     83.222     85.043      0.310    1443.79    1443.78  0.000e+00
