ctdpy/exports/archive_20191121_122431/received_data/SBE09_0745_20181210_1417_34_01_0178.cnv
* Sea-Bird SBE 9 Data File:
* FileName = C:\ctd\temp\ar18d178.hex
* Software Version Seasave V 7.26.7.107
* Temperature SN = 4387
* Conductivity SN = 2994
* Number of Bytes Per Scan = 41
* Number of Voltage Words = 4
* Number of Scans Averaged by the Deck Unit = 1
* NMEA Latitude = 58 35.62 N
* NMEA Longitude = 018 14.18 E
* NMEA UTC (Time) = Dec 10 2018  14:17:12
* NMEA baud rate = 4800
** Station:  BY31_CTD
** Operator:  JKro
** Ship: ARANDA
** Average sound velocity: 1447.43 m/s
** True-depth calculation Mon, 10 Dec 2018 15:32:04 +0000
** CTD Python Module SMHI /ver 3-12/ feb 2012 
** LIMS Job: 20183401-0178
** Cruise: SMHI-7-2018
** Latitude [GG MM.mm N]:
** Longitude [GG MM.mm E]:
# nquan = 26
# nvalues = 879                         
# units = specified
# name 0 = scan: Scan Count
# name 1 = prDM: Pressure, Digiquartz [db]
# name 2 = t090C: Temperature [ITS-90, deg C]
# name 3 = t190C: Temperature, 2 [ITS-90, deg C]
# name 4 = T2-T190C: Temperature Difference, 2 - 1 [ITS-90, deg C]
# name 5 = c0S/m: Conductivity [S/m]
# name 6 = c1S/m: Conductivity, 2 [S/m]
# name 7 = pumps: Pump Status
# name 8 = sbeox0ML/L: Oxygen, SBE 43 [ml/l]
# name 9 = sbeox1ML/L: Oxygen, SBE 43, 2 [ml/l]
# name 10 = altM: Altimeter [m]
# name 11 = flECO-AFL: Chl-a Fluorescence, WET Labs ECO-AFL/FL [mg/m^3]
# name 12 = flECO-AFL1: Phycocyanin Fluorescence, WET Labs ECO-AFL/FL, 2 [mg/m^3]
# name 13 = par: PAR/Irradiance, Biospherical/Lico [µE/(cm^2*s)]
# name 14 = turbWETntu0: Turbidity, WET Labs ECO [NTU]
# name 15 = sal00: Salinity, Practical [PSU]
# name 16 = sal11: Salinity, Practical, 2 [PSU]
# name 17 = secS-priS: Salinity, Practical, Difference, 2 - 1 [PSU]
# name 18 = sigma-t00: Density [sigma-t, Kg/m^3 ]
# name 19 = sigma-t11: Density, 2 [sigma-t, Kg/m^3 ]
# name 20 = depSM: Depth [salt water, m], lat = 58.5937
# name 21 = depFM: Depth [true depth, m], lat = 58.5937
# name 22 = dz/dtM: Descent Rate [m/s], WS = 2
# name 23 = svCM: Sound Velocity [Chen-Millero, m/s]
# name 24 = svCM1: Sound Velocity, 2 [Chen-Millero, m/s]
# name 25 = flag: flag
# span 0 =      12415,      36126       
# span 1 =      1.000,    440.000       
# span 2 =     4.6555,     6.2339       
# span 3 =     4.6558,     6.2343       
# span 4 =    -0.0032,     0.0162       
# span 5 =   0.778147,   1.245070       
# span 6 =   0.778185,   1.245147       
# span 7 =          1,          1       
# span 8 =    0.00947,    7.97993       
# span 9 =    0.03847,    7.99077       
# span 10 =       3.72,     100.68      
# span 11 =     0.2700,     0.5191      
# span 12 =     0.1074,     0.3448      
# span 13 = -1.774e-04, 1.9217e+00      
# span 14 =     0.1548,     2.4128      
# span 15 =     6.9520,    11.3728      
# span 16 =     6.9526,    11.3735      
# span 17 =    -0.0075,     0.0020      
# span 18 =     5.4503,     8.9186      
# span 19 =     5.4507,     8.9191      
# span 20 =      0.991,    435.438      
# span 21 =      1.013,    444.503      
# span 22 =     -0.147,      0.697      
# span 23 =    1435.80,    1453.09      
# span 24 =    1435.80,    1453.09      
# span 25 = 0.0000e+00, 0.0000e+00      
# interval = decibars: 0.5              
# start_time = Dec 10 2018 14:17:12 [NMEA time, first data scan]
# bad_flag = -9.990e-29
*END*
[from data line 558]
      26729    280.000     6.1818     6.1822     0.0004    1.23151    1.23159          1     0.0205     0.0491      98.67     0.3329     0.2135  1.000e-12  0.3744000    11.2853    11.2859     0.0006     8.8532     8.8537    277.204    282.975      0.477    1450.18    1450.19  0.000e+00
      26755    280.500     6.1819     6.1823     0.0004    1.23154    1.23161          1     0.0197     0.0490      98.67     0.3255     0.2329  1.000e-12  0.1804000    11.2853    11.2860     0.0006     8.8533     8.8537    277.698    283.480      0.464    1450.19    1450.19  0.000e+00
      26781    281.000     6.1820     6.1825     0.0005    1.23157    1.23164          1     0.0171     0.0484      98.67     0.3360     0.2069  1.000e-12  0.1782000    11.2855    11.2861     0.0006     8.8534     8.8538    278.193    283.985      0.447    1450.20    1450.20  0.000e+00
      26808    281.500     6.1820     6.1824     0.0003    1.23157    1.23163          1     0.0196     0.0479      98.67     0.3380     0.2636  1.000e-12  0.1991000    11.2854    11.2860     0.0005     8.8533     8.8537    278.688    284.490      0.482    1450.21    1450.21  0.000e+00
      26831    282.000     6.1821     6.1824     0.0003    1.23157    1.23165          1     0.0186     0.0520      98.67     0.3329     0.2307  1.000e-12  0.1950000    11.2854    11.2860     0.0006     8.8533     8.8537    279.182    284.994      0.510    1450.22    1450.22  0.000e+00
      26855    282.500     6.1823     6.1827     0.0004    1.23164    1.23172          1     0.0176     0.0494      98.67     0.3396     0.2270  1.000e-12  0.1748000    11.2858    11.2865     0.0006     8.8536     8.8541    279.677    285.499      0.474    1450.23    1450.23  0.000e+00
      26882    283.000     6.1826     6.1830     0.0004    1.23173    1.23180          1     0.0194     0.0454      98.67     0.3388     0.2252  1.000e-12  0.1801000    11.2866    11.2872     0.0006     8.8542     8.8546    280.172    286.004      0.445    1450.24    1450.24  0.000e+00
      26908    283.500     6.1830     6.1832     0.0003    1.23180    1.23187          1     0.0172     0.0474      98.67     0.3334     0.2098  1.000e-12  0.1842000    11.2870    11.2876     0.0006     8.8545     8.8550    280.666    286.509      0.497    1450.25    1450.25  0.000e+00
      26931    284.000     6.1831     6.1834     0.0004    1.23182    1.23190          1     0.0187     0.0492      98.67     0.3271     0.3000  1.000e-12  0.2304000    11.2872    11.2878     0.0007     8.8546     8.8551    281.161    287.014      0.515    1450.25    1450.26  0.000e+00
      26956    284.500     6.1836     6.1839     0.0003    1.23197    1.23202          1     0.0200     0.0466      98.67     0.3449     0.2425  1.000e-12  0.2411000    11.2883    11.2888     0.0004     8.8555     8.8558    281.656    287.518      0.440    1450.27    1450.27  0.000e+00
      26986    285.000     6.1841     6.1845     0.0004    1.23210    1.23217          1     0.0177     0.0499      98.67     0.3550     0.2631  1.000e-12  0.2029000    11.2894    11.2899     0.0005     8.8563     8.8567    282.150    288.023      0.397    1450.28    1450.28  0.000e+00
      27014    285.500     6.1848     6.1851     0.0003    1.23226    1.23232          1     0.0174     0.0470      98.67     0.3267     0.2944  1.000e-12  0.1837000    11.2906    11.2911     0.0005     8.8572     8.8576    282.645    288.528      0.497    1450.29    1450.29  0.000e+00
      27036    286.000     6.1853     6.1857     0.0004    1.23237    1.23245          1     0.0193     0.0479      98.67     0.3288     0.2807  1.000e-12  0.1761000    11.2915    11.2921     0.0006     8.8579     8.8583    283.140    289.033      0.559    1450.30    1450.31  0.000e+00
      27058    286.500     6.1861     6.1865     0.0004    1.23256    1.23264          1     0.0194     0.0480      98.67     0.3329     0.1966  1.000e-12  0.1760000    11.2930    11.2936     0.0006     8.8590     8.8595    283.634    289.538      0.505    1450.32    1450.32  0.000e+00
      27085    287.000     6.1862     6.1866     0.0005    1.23259    1.23266          1     0.0175     0.0486      98.67     0.3335     0.1900  1.000e-12  0.1817000    11.2931    11.2937     0.0006     8.8591     8.8596    284.129    290.042      0.424    1450.32    1450.33  0.000e+00
      27113    287.500     6.1863     6.1866     0.0003    1.23263    1.23268          1     0.0182     0.0464      98.67     0.3483     0.2170  1.000e-12  0.2097000    11.2934    11.2939     0.0005     8.8593     8.8596    284.624    290.547      0.469    1450.33    1450.33  0.000e+00
      27136    288.000     6.1867     6.1870     0.0003    1.23269    1.23276          1     0.0202     0.0471      98.66     0.3507     0.1910  1.000e-12  0.2045000    11.2938    11.2944     0.0006     8.8596     8.8601    285.118    291.052      0.525    1450.34    1450.34  0.000e+00
      27159    288.500     6.1868     6.1872     0.0004    1.23275    1.23282          1     0.0175     0.0491      98.67     0.3460     0.2258  1.000e-12  0.1943000    11.2943    11.2948     0.0006     8.8600     8.8604    285.613    291.557      0.478    1450.35    1450.35  0.000e+00
      27188    289.000     6.1869     6.1872     0.0004    1.23277    1.23284          1     0.0181     0.0478      98.67     0.3454     0.2518  1.000e-12  0.1800000    11.2943    11.2949     0.0005     8.8600     8.8604    286.108    292.062      0.399    1450.36    1450.36  0.000e+00
      27217    289.500     6.1870     6.1874     0.0004    1.23279    1.23288          1     0.0187     0.0482      98.67     0.3370     0.2394  1.000e-12  0.1754000    11.2945    11.2952     0.0007     8.8601     8.8606    286.602    292.566      0.461    1450.37    1450.37  0.000e+00
      27241    290.000     6.1874     6.1877     0.0003    1.23289    1.23296          1     0.0185     0.0477      98.67     0.3324     0.2291  1.000e-12  0.2214000    11.2952    11.2958     0.0006     8.8607     8.8611    287.097    293.071      0.540    1450.38    1450.38  0.000e+00
      27262    290.500     6.1876     6.1880     0.0004    1.23293    1.23301          1     0.0172     0.0477      98.67     0.3397     0.1922  1.000e-12  0.2141000    11.2954    11.2961     0.0007     8.8608     8.8613    287.592    293.576      0.520    1450.39    1450.39  0.000e+00
      27288    291.000     6.1877     6.1880     0.0003    1.23298    1.23303          1     0.0176     0.0496      91.66     0.3390     0.1968  1.000e-12  0.1760000    11.2958    11.2962     0.0004     8.8611     8.8614    288.086    294.081      0.445    1450.40    1450.40  0.000e+00
      27316    291.500     6.1881     6.1885     0.0003    1.23309    1.23316          1     0.0193     0.0453       6.15     0.3404     0.2203  1.000e-12  0.1656000    11.2966    11.2972     0.0005     8.8617     8.8622    288.581    294.586      0.447    1450.41    1450.41  0.000e+00
      27341    292.000     6.1883     6.1887     0.0003    1.23314    1.23320          1     0.0180     0.0479       8.59     0.3394     0.2407  1.000e-12  0.1863000    11.2969    11.2974     0.0005     8.8620     8.8623    289.076    295.090      0.511    1450.42    1450.42  0.000e+00
      27364    292.500     6.1888     6.1891     0.0004    1.23324    1.23332          1     0.0169     0.0477      85.40     0.3330     0.2773  1.000e-12  0.1894000    11.2977    11.2984     0.0007     8.8625     8.8630    289.570    295.595      0.497    1450.43    1450.43  0.000e+00
      27390    293.000     6.1909     6.1911     0.0002    1.23374    1.23378          1     0.0187     0.0471      98.37     0.3331     0.2941  1.000e-12  0.1755000    11.3019    11.3023     0.0004     8.8657     8.8660    290.065    296.100      0.408    1450.45    1450.45  0.000e+00
      27421    293.500     6.1925     6.1928     0.0004    1.23412    1.23420          1     0.0170     0.0465      98.67     0.3339     0.2378  1.000e-12  0.1668000    11.3051    11.3057     0.0007     8.8681     8.8686    290.560    296.605      0.422    1450.47    1450.47  0.000e+00
      27447    294.000     6.1930     6.1933     0.0004    1.23423    1.23431          1     0.0199     0.0481      98.67     0.3329     0.1956  1.000e-12  0.1721000    11.3059    11.3066     0.0007     8.8687     8.8692    291.054    297.110      0.535    1450.48    1450.48  0.000e+00
      27467    294.500     6.1934     6.1936     0.0002    1.23431    1.23438          1     0.0171     0.0471      98.67     0.3130     0.2169  1.000e-12  0.1858000    11.3064    11.3071     0.0006     8.8691     8.8696    291.549    297.614      0.581    1450.49    1450.49  0.000e+00
      27488    295.000     6.1938     6.1941     0.0003    1.23445    1.23451          1     0.0189     0.0468      98.67     0.3061     0.2508  1.000e-12  0.1868000    11.3076    11.3081     0.0005     8.8700     8.8704    292.043    298.119      0.513    1450.50    1450.51  0.000e+00
      27517    295.500     6.1943     6.1947     0.0003    1.23459    1.23465          1     0.0168     0.0479      98.67     0.3324     0.2367  1.000e-12  0.1760000    11.3087    11.3092     0.0004     8.8709     8.8712    292.538    298.624      0.379    1450.51    1450.52  0.000e+00
      27550    296.000     6.1948     6.1950     0.0002    1.23471    1.23474          1     0.0205     0.0484      98.67     0.3463     0.2258  1.000e-12  0.1802000    11.3097    11.3098     0.0002     8.8716     8.8717    293.033    299.129      0.405    1450.52    1450.53  0.000e+00
      27576    296.500     6.1951     6.1950    -0.0002    1.23478    1.23472          1     0.0171     0.0464      98.67     0.3359     0.2378  1.000e-12  0.1813000    11.3101    11.3096    -0.0006     8.8719     8.8715    293.527    299.634      0.511    1450.54    1450.53  0.000e+00
      27598    297.000     6.1970     6.1970     0.0001    1.23523    1.23524          1     0.0168     0.0489      98.67     0.3335     0.2534  1.000e-12  0.1778000    11.3139    11.3140     0.0001     8.8747     8.8748    294.022    300.138      0.554    1450.56    1450.56  0.000e+00
      27619    297.500     6.1989     6.1990     0.0001    1.23568    1.23570          1     0.0174     0.0461      98.67     0.3219     0.2307  1.000e-12  0.1826000    11.3177    11.3178     0.0002     8.8776     8.8777    294.517    300.643      0.551    1450.58    1450.58  0.000e+00
      27642    298.000     6.1993     6.1998     0.0005    1.23580    1.23589          1     0.0181     0.0464      98.66     0.3177     0.2639  1.000e-12  0.1849000    11.3186    11.3194     0.0008     8.8782     8.8788    295.011    301.148      0.499    1450.59    1450.59  0.000e+00
      27668    298.500     6.1997     6.2001     0.0004    1.23591    1.23598          1     0.0178     0.0465      98.67     0.3386     0.2082  1.000e-12  0.1723000    11.3195    11.3200     0.0005     8.8789     8.8793    295.506    301.653      0.417    1450.60    1450.60  0.000e+00
      27699    299.000     6.2000     6.2004     0.0004    1.23596    1.23603          1     0.0175     0.0478      98.67     0.3528     0.2573  1.000e-12  0.1787000    11.3198    11.3203     0.0005     8.8792     8.8796    296.000    302.158      0.416    1450.61    1450.61  0.000e+00
      27725    299.500     6.2003     6.2006     0.0003    1.23602    1.23609          1     0.0167     0.0472      98.67     0.3495     0.2277  1.000e-12  0.1780000    11.3202    11.3208     0.0006     8.8795     8.8799    296.495    302.662      0.514    1450.62    1450.62  0.000e+00
      27746    300.000     6.2005     6.2008     0.0003    1.23609    1.23614          1     0.0180     0.0468      98.67     0.3464     0.2400  1.000e-12  0.1783000    11.3207    11.3211     0.0004     8.8798     8.8801    296.990    303.167      0.565    1450.63    1450.63  0.000e+00
      27768    300.500     6.2017     6.2020     0.0003    1.23638    1.23644          1     0.0175     0.0471      98.67     0.3458     0.2135  1.000e-12  0.1841000    11.3231    11.3235     0.0005     8.8816     8.8820    297.484    303.672      0.517    1450.64    1450.65  0.000e+00
      27795    301.000     6.2021     6.2025     0.0003    1.23648    1.23655          1     0.0189     0.0465      98.67     0.3558     0.2319  1.000e-12  0.2030000    11.3239    11.3244     0.0006     8.8822     8.8826    297.979    304.177      0.395    1450.65    1450.66  0.000e+00
      27828    301.500     6.2022     6.2025     0.0004    1.23650    1.23658          1     0.0157     0.0480      98.67     0.3466     0.2309  1.000e-12  0.1974000    11.3240    11.3246     0.0006     8.8823     8.8828    298.474    304.681      0.384    1450.66    1450.67  0.000e+00
      27855    302.000     6.2024     6.2026     0.0003    1.23655    1.23660          1     0.0173     0.0473      98.67     0.3425     0.2490  1.000e-12  0.1632000    11.3242    11.3247     0.0005     8.8825     8.8829    298.968    305.186      0.528    1450.67    1450.67  0.000e+00
      27876    302.500     6.2026     6.2028     0.0003    1.23656    1.23664          1     0.0159     0.0461      98.67     0.3458     0.2328  1.000e-12  0.1633000    11.3242    11.3249     0.0008     8.8824     8.8830    299.463    305.691      0.626    1450.68    1450.68  0.000e+00
      27894    303.000     6.2028     6.2030     0.0002    1.23662    1.23669          1     0.0179     0.0464      98.67     0.3471     0.2187  1.000e-12  0.1723000    11.3247    11.3253     0.0006     8.8828     8.8833    299.957    306.196      0.642    1450.69    1450.69  0.000e+00
      27913    303.500     6.2032     6.2035     0.0004    1.23674    1.23683          1     0.0174     0.0485      98.67     0.3576     0.2082  1.000e-12  0.1878000    11.3256    11.3264     0.0007     8.8835     8.8841    300.452    306.701      0.555    1450.70    1450.70  0.000e+00
      27941    304.000     6.2037     6.2043     0.0006    1.23688    1.23700          1     0.0192     0.0469      98.67     0.3468     0.2299  1.000e-12  0.1852000    11.3267    11.3278     0.0010     8.8844     8.8852    300.947    307.205      0.358    1450.71    1450.72  0.000e+00
      27982    304.500     6.2046     6.2050     0.0004    1.23710    1.23718          1     0.0165     0.0464      98.67     0.3383     0.2501  1.000e-12  0.1751000    11.3285    11.3292     0.0006     8.8857     8.8862    301.441    307.710      0.330    1450.73    1450.73  0.000e+00
      28010    305.000     6.2053     6.2055     0.0001    1.23727    1.23729          1     0.0180     0.0472      98.67     0.3229     0.2288  1.000e-12  0.1799000    11.3299    11.3300     0.0001     8.8867     8.8868    301.936    308.215      0.520    1450.74    1450.74  0.000e+00
      28030    305.500     6.2056     6.2059     0.0003    1.23733    1.23740          1     0.0160     0.0473      98.67     0.3292     0.2354  1.000e-12  0.1815000    11.3302    11.3309     0.0006     8.8870     8.8874    302.431    308.720      0.603    1450.75    1450.75  0.000e+00
      28050    306.000     6.2058     6.2061     0.0003    1.23737    1.23746          1     0.0161     0.0461      98.67     0.3335     0.2303  1.000e-12  0.1839000    11.3305    11.3313     0.0008     8.8872     8.8878    302.925    309.224      0.598    1450.76    1450.76  0.000e+00
      28071    306.500     6.2064     6.2068     0.0004    1.23754    1.23764          1     0.0187     0.0479      98.67     0.3356     0.2157  1.000e-12  0.1884000    11.3319    11.3328     0.0009     8.8882     8.8889    303.420    309.729      0.526    1450.77    1450.78  0.000e+00
      28096    307.000     6.2070     6.2075     0.0005    1.23770    1.23780          1     0.0184     0.0464      98.67     0.3401     0.1925  1.000e-12  0.1834000    11.3332    11.3340     0.0008     8.8893     8.8898    303.914    310.234      0.437    1450.78    1450.79  0.000e+00
