ctdpy/exports/archive_20191121_122431/received_data/SBE09_0745_20181210_0242_34_01_0175.cnv
* Sea-Bird SBE 9 Data File:
* FileName = C:\ctd\temp\ar18d175.hex
* Software Version Seasave V 7.26.7.107
* Temperature SN = 4387
* Conductivity SN = 2994
* Number of Bytes Per Scan = 41
* Number of Voltage Words = 4
* Number of Scans Averaged by the Deck Unit = 1
* NMEA Latitude = 57 07.03 N
* NMEA Longitude = 017 40.13 E
* NMEA UTC (Time) = Dec 10 2018  02:42:32
* NMEA baud rate = 4800
** Station:  BY38 Karlsödj
** Operator:  Obac
** Ship: ARANDA
** Average sound velocity: 1441.11 m/s
** True-depth calculation Mon, 10 Dec 2018 03:46:01 +0000
** CTD Python Module SMHI /ver 3-12/ feb 2012 
** LIMS Job: 20183401-0175
** Cruise: SMHI-7-2018
** Latitude [GG MM.mm N]:
** Longitude [GG MM.mm E]:
# nquan = 26
# nvalues = 207                         
# units = specified
# name 0 = scan: Scan Count
# name 1 = prDM: Pressure, Digiquartz [db]
# name 2 = t090C: Temperature [ITS-90, deg C]
# name 3 = t190C: Temperature, 2 [ITS-90, deg C]
# name 4 = T2-T190C: Temperature Difference, 2 - 1 [ITS-90, deg C]
# name 5 = c0S/m: Conductivity [S/m]
# name 6 = c1S/m: Conductivity, 2 [S/m]
# name 7 = pumps: Pump Status
# name 8 = sbeox0ML/L: Oxygen, SBE 43 [ml/l]
# name 9 = sbeox1ML/L: Oxygen, SBE 43, 2 [ml/l]
# name 10 = altM: Altimeter [m]
# name 11 = flECO-AFL: Chl-a Fluorescence, WET Labs ECO-AFL/FL [mg/m^3]
# name 12 = flECO-AFL1: Phycocyanin Fluorescence, WET Labs ECO-AFL/FL, 2 [mg/m^3]
# name 13 = par: PAR/Irradiance, Biospherical/Lico [µE/(cm^2*s)]
# name 14 = turbWETntu0: Turbidity, WET Labs ECO [NTU]
# name 15 = sal00: Salinity, Practical [PSU]
# name 16 = sal11: Salinity, Practical, 2 [PSU]
# name 17 = secS-priS: Salinity, Practical, Difference, 2 - 1 [PSU]
# name 18 = sigma-t00: Density [sigma-t, Kg/m^3 ]
# name 19 = sigma-t11: Density, 2 [sigma-t, Kg/m^3 ]
# name 20 = depSM: Depth [salt water, m], lat = 57.1172
# name 21 = depFM: Depth [true depth, m], lat = 57.1172
# name 22 = dz/dtM: Descent Rate [m/s], WS = 2
# name 23 = svCM: Sound Velocity [Chen-Millero, m/s]
# name 24 = svCM1: Sound Velocity, 2 [Chen-Millero, m/s]
# name 25 = flag: flag
# span 0 =      32902,      37582       
# span 1 =      2.000,    105.000       
# span 2 =     4.7205,     6.0897       
# span 3 =     4.7215,     6.0898       
# span 4 =    -0.0158,     0.1171       
# span 5 =   0.799144,   1.156951       
# span 6 =   0.799230,   1.157035       
# span 7 =          1,          1       
# span 8 =    0.05486,    7.99125       
# span 9 =    0.04969,    7.99325       
# span 10 =       2.73,      99.00      
# span 11 =     0.2605,     0.7495      
# span 12 =     0.1776,     0.3697      
# span 13 = -1.855e-04, 6.4389e-03      
# span 14 =     0.1467,     5.0479      
# span 15 =     7.1369,    10.6924      
# span 16 =     7.1375,    10.6932      
# span 17 =    -0.0514,     0.0067      
# span 18 =     5.5925,     8.4096      
# span 19 =     5.5930,     8.4102      
# span 20 =      1.982,    104.008      
# span 21 =      2.026,    106.251      
# span 22 =     -0.299,      0.921      
# span 23 =    1436.30,    1445.09      
# span 24 =    1436.30,    1445.09      
# span 25 = 0.0000e+00, 0.0000e+00      
# interval = decibars: 0.5              
# start_time = Dec 10 2018 02:42:32 [NMEA time, first data scan]
# bad_flag = -9.990e-29
*END*
[from data line 112]
      35524     58.000     5.8433     5.8270    -0.0158    0.80990    0.81024          1     7.4127     7.4213      44.77     0.4903     0.2649  1.000e-12  0.1910000     7.2820     7.2887     0.0067     5.7192     5.7253     57.459     58.746      0.390    1440.14    1440.07  0.000e+00
      35567     58.500     5.6303     5.7484     0.1171    0.81543    0.81278          1     6.9657     7.0331      44.10     0.4821     0.2916  1.000e-12  0.1766000     7.3818     7.3304    -0.0514     5.8086     5.7622     57.954     59.252      0.399    1439.35    1439.80  0.000e+00
      35586     59.000     5.4029     5.4116     0.0089    0.82441    0.82440          1     6.4634     6.4689      51.33     0.4327     0.1951  1.000e-12  0.1867000     7.5198     7.5178    -0.0020     5.9283     5.9263     58.449     59.759      0.783    1438.55    1438.58  0.000e+00
      35599     59.500     5.2290     5.2302     0.0013    0.82962    0.82972          1     6.1851     6.1103      50.84     0.3857     0.2039  1.000e-12  0.1941000     7.6103     7.6110     0.0007     6.0076     6.0081     58.945     60.265      0.921    1437.91    1437.92  0.000e+00
      35611     60.000     5.0792     5.0831     0.0039    0.83315    0.83315          1     5.9773     5.8857      50.32     0.3573     0.2816  1.000e-12  0.1829000     7.6794     7.6785    -0.0009     6.0686     6.0677     59.440     60.771      0.906    1437.35    1437.37  0.000e+00
      35625     60.500     4.9506     4.9565     0.0059    0.83611    0.83603          1     5.7802     5.6949      49.94     0.3405     0.2614  1.000e-12  0.1765000     7.7385     7.7363    -0.0022     6.1206     6.1186     59.935     61.277      0.722    1436.87    1436.89  0.000e+00
      35655     61.000     4.9549     4.9441    -0.0089    0.83605    0.83646          1     5.5932     5.5658      49.21     0.3046     0.1997  1.000e-12  0.1615000     7.7369     7.7435     0.0065     6.1191     6.1247     60.430     61.783      0.343    1436.89    1436.86  0.000e+00
      35697     61.500     4.8016     4.8151     0.0136    0.83973    0.83952          1     5.4398     5.4667      48.51     0.3276     0.1779  1.000e-12  0.1754000     7.8092     7.8040    -0.0052     6.1824     6.1778     60.926     62.290      0.501    1436.32    1436.37  0.000e+00
      35715     62.000     4.7879     4.7875    -0.0003    0.84228    0.84231          1     5.3402     5.3269      48.14     0.2835     0.2472  1.000e-12  0.1674000     7.8379     7.8383     0.0004     6.2056     6.2060     61.421     62.796      0.736    1436.30    1436.30  0.000e+00
      35729     62.500     4.7974     4.7985     0.0011    0.84441    0.84450          1     5.2541     5.2289      47.67     0.2605     0.2466  1.000e-12  0.1638000     7.8569     7.8576     0.0006     6.2203     6.2208     61.916     63.302      0.820    1436.38    1436.38  0.000e+00
      35744     63.000     4.7900     4.7918     0.0017    0.84784    0.84779          1     5.1474     5.1113      47.33     0.2612     0.2364  1.000e-12  0.1467000     7.8930     7.8920    -0.0009     6.2491     6.2483     62.411     63.808      0.806    1436.40    1436.40  0.000e+00
      35759     63.500     4.7547     4.7583     0.0035    0.85496    0.85441          1     4.9758     4.9222      46.68     0.2729     0.2179  1.000e-12  0.1507000     7.9727     7.9663    -0.0063     6.3136     6.3084     62.906     64.314      0.693    1436.35    1436.36  0.000e+00
      35780     64.000     4.7295     4.7319     0.0024    0.86582    0.86522          1     4.6881     4.6159      46.01     0.2828     0.2078  1.000e-12  0.1629000     8.0877     8.0811    -0.0066     6.4056     6.4003     63.402     64.820      0.506    1436.40    1436.40  0.000e+00
      35809     64.500     4.7205     4.7215     0.0010    0.87408    0.87387          1     4.3422     4.2871      45.27     0.2699     0.2407  1.000e-12  0.1638000     8.1728     8.1705    -0.0023     6.4734     6.4715     63.897     65.326      0.381    1436.47    1436.47  0.000e+00
      35840     65.000     4.7224     4.7224    -0.0000    0.88230    0.88128          1     4.0730     4.0393      44.70     0.2750     0.2283  1.000e-12  0.1732000     8.2551     8.2448    -0.0103     6.5385     6.5304     64.392     65.832      0.450    1436.59    1436.58  0.000e+00
      35863     65.500     4.7344     4.7345     0.0001    0.89061    0.89074          1     3.8367     3.7776      44.30     0.2712     0.2192  1.000e-12  0.1795000     8.3357     8.3369     0.0012     6.6019     6.6028     64.888     66.338      0.621    1436.76    1436.76  0.000e+00
      35880     66.000     4.7458     4.7462     0.0003    0.90134    0.90134          1     3.6074     3.5309      43.83     0.2725     0.2347  1.000e-12  0.1761000     8.4408     8.4407    -0.0001     6.6847     6.6846     65.383     66.844      0.753    1436.95    1436.95  0.000e+00
      35895     66.500     4.7507     4.7510     0.0003    0.90788    0.90785          1     3.4162     3.3463      43.34     0.2627     0.2050  1.000e-12  0.1652000     8.5054     8.5050    -0.0004     6.7356     6.7353     65.878     67.350      0.791    1437.06    1437.06  0.000e+00
      35910     67.000     4.7498     4.7505     0.0007    0.90969    0.90975          1     3.2618     3.2036      42.90     0.2686     0.1999  1.000e-12  0.1659000     8.5238     8.5242     0.0005     6.7502     6.7505     66.373     67.856      0.718    1437.09    1437.09  0.000e+00
      35930     67.500     4.7363     4.7379     0.0016    0.91375    0.91354          1     3.1011     3.0525      42.25     0.3082     0.2348  1.000e-12  0.1756000     8.5682     8.5656    -0.0026     6.7859     6.7838     66.869     68.362      0.531    1437.10    1437.10  0.000e+00
      35959     68.000     4.7337     4.7334    -0.0002    0.91880    0.91854          1     2.9144     2.8799      41.57     0.2914     0.1943  1.000e-12  0.1726000     8.6198     8.6172    -0.0026     6.8269     6.8248     67.364     68.867      0.396    1437.16    1437.15  0.000e+00
      35987     68.500     4.7420     4.7420    -0.0001    0.92569    0.92539          1     2.7208     2.6924      41.07     0.2866     0.1878  1.000e-12  0.1675000     8.6872     8.6842    -0.0030     6.8799     6.8775     67.859     69.373      0.516    1437.29    1437.28  0.000e+00
      36007     69.000     4.7573     4.7572    -0.0001    0.93530    0.93526          1     2.5198     2.4702      40.23     0.3189     0.2523  1.000e-12  0.1827000     8.7802     8.7798    -0.0004     6.9529     6.9526     68.354     69.879      0.646    1437.48    1437.48  0.000e+00
      36024     69.500     4.7755     4.7749    -0.0006    0.94172    0.94175          1     2.3154     2.2499      40.04     0.2922     0.2129  1.000e-12  0.1868000     8.8402     8.8406     0.0004     6.9997     7.0001     68.849     70.385      0.690    1437.65    1437.65  0.000e+00
      36042     70.000     4.8128     4.8114    -0.0014    0.95090    0.95081          1     2.1098     2.0350      39.60     0.3011     0.2015  1.000e-12  0.1855000     8.9229     8.9224    -0.0005     7.0636     7.0633     69.345     70.890      0.666    1437.92    1437.92  0.000e+00
      36061     70.500     4.8456     4.8436    -0.0020    0.95804    0.95786          1     1.9254     1.8612      39.16     0.3079     0.2233  1.000e-12  0.1832000     8.9861     8.9849    -0.0012     7.1123     7.1114     69.840     71.396      0.613    1438.16    1438.15  0.000e+00
      36081     71.000     4.8937     4.8927    -0.0010    0.96592    0.96587          1     1.7814     1.7404      38.61     0.3085     0.1972  1.000e-12  0.1945000     9.0525     9.0524    -0.0002     7.1628     7.1628     70.335     71.902      0.575    1438.46    1438.46  0.000e+00
      36103     71.500     4.9282     4.9276    -0.0006    0.97487    0.97485          1     1.6079     1.5572      38.04     0.3191     0.2567  1.000e-12  0.2212000     9.1334     9.1334    -0.0000     7.2253     7.2253     70.830     72.407      0.516    1438.72    1438.72  0.000e+00
      36129     72.000     4.9384     4.9378    -0.0006    0.98153    0.98138          1     1.3732     1.3274      37.46     0.2996     0.2692  1.000e-12  0.2148000     9.1977     9.1964    -0.0014     7.2758     7.2747     71.326     72.913      0.427    1438.86    1438.85  0.000e+00
      36158     72.500     4.9559     4.9543    -0.0016    0.98623    0.98591          1     1.1709     1.1228      36.87     0.2963     0.2075  1.000e-12  0.2250000     9.2403     9.2375    -0.0028     7.3086     7.3065     71.821     73.419      0.465    1439.00    1438.99  0.000e+00
      36180     73.000     5.0906     5.0822    -0.0083    1.01116    1.01085          1     0.8876     0.7948      36.44     0.3215     0.2028  1.000e-12  0.2434000     9.4538     9.4530    -0.0007     7.4713     7.4711     72.316     73.924      0.657    1439.86    1439.83  0.000e+00
      36196     73.500     5.2660     5.2629    -0.0031    1.04666    1.04659          1     0.5766     0.4516      35.99     0.3147     0.2091  1.000e-12  0.2524000     9.7609     9.7611     0.0002     7.7055     7.7058     72.811     74.430      0.773    1441.03    1441.01  0.000e+00
      36211     74.000     5.4359     5.4307    -0.0051    1.08235    1.08210          1     0.3237     0.2036      35.59     0.3091     0.1959  1.000e-12  0.2623000    10.0691    10.0681    -0.0010     7.9400     7.9395     73.306     74.935      0.772    1442.16    1442.14  0.000e+00
      36227     74.500     5.4971     5.4966    -0.0005    1.09402    1.09398          1     0.1493     0.0700      35.06     0.3788     0.2308  1.000e-12  2.7910000    10.1677    10.1676    -0.0002     8.0145     8.0144     73.802     75.440      0.639    1442.56    1442.56  0.000e+00
      36253     75.000     5.5045     5.5048     0.0002    1.09547    1.09539          1     0.0717     0.0497      34.38     0.4099     0.2797  1.000e-12  4.3859000    10.1800    10.1791    -0.0009     8.0238     8.0231     74.297     75.945      0.412    1442.61    1442.61  0.000e+00
      36284     75.500     5.5152     5.5148    -0.0003    1.09726    1.09726          1     0.0749     0.0978      33.75     0.3958     0.2501  1.000e-12  5.0361000    10.1946    10.1947     0.0001     8.0347     8.0349     74.792     76.450      0.491    1442.69    1442.68  0.000e+00
      36304     76.000     5.5219     5.5222     0.0002    1.09842    1.09849          1     0.0990     0.1261      33.34     0.4046     0.2398  1.000e-12  5.0479000    10.2042    10.2048     0.0006     8.0419     8.0424     75.287     76.956      0.713    1442.74    1442.74  0.000e+00
      36319     76.500     5.5304     5.5307     0.0002    1.10001    1.10010          1     0.1090     0.1387      32.89     0.4068     0.2501  1.000e-12  5.0203000    10.2174    10.2182     0.0008     8.0519     8.0525     75.783     77.461      0.783    1442.80    1442.80  0.000e+00
      36334     77.000     5.5401     5.5401    -0.0000    1.10177    1.10182          1     0.1152     0.1452      32.40     0.4068     0.2634  1.000e-12  4.8814000    10.2321    10.2325     0.0004     8.0629     8.0632     76.278     77.966      0.708    1442.86    1442.87  0.000e+00
      36355     77.500     5.5417     5.5418     0.0001    1.10199    1.10203          1     0.1234     0.1528      31.82     0.3893     0.2841  1.000e-12  4.7458000    10.2337    10.2340     0.0003     8.0641     8.0644     76.773     78.471      0.486    1442.88    1442.88  0.000e+00
      36385     78.000     5.5428     5.5430     0.0003    1.10212    1.10217          1     0.1304     0.1613      31.11     0.4020     0.2789  1.000e-12  4.6533000    10.2346    10.2350     0.0005     8.0647     8.0651     77.268     78.976      0.451    1442.90    1442.90  0.000e+00
      36407     78.500     5.5445     5.5449     0.0004    1.10246    1.10253          1     0.1304     0.1568      30.72     0.4068     0.2548  1.000e-12  4.6347000    10.2374    10.2379     0.0006     8.0668     8.0673     77.764     79.482      0.657    1442.91    1442.92  0.000e+00
      36423     79.000     5.5472     5.5476     0.0004    1.10305    1.10312          1     0.1293     0.1560      30.29     0.4024     0.2931  1.000e-12  4.5935000    10.2423    10.2429     0.0006     8.0706     8.0711     78.259     79.987      0.716    1442.94    1442.94  0.000e+00
      36440     79.500     5.5496     5.5499     0.0002    1.10340    1.10347          1     0.1271     0.1553      29.79     0.3942     0.2793  1.000e-12  4.5228000    10.2450    10.2457     0.0006     8.0726     8.0731     78.754     80.492      0.642    1442.96    1442.96  0.000e+00
      36462     80.000     5.5559     5.5556    -0.0003    1.10458    1.10454          1     0.1232     0.1515      29.21     0.4269     0.2441  1.000e-12  4.4627000    10.2549    10.2545    -0.0004     8.0800     8.0798     79.249     80.997      0.473    1443.01    1443.01  0.000e+00
      36492     80.500     5.5641     5.5638    -0.0003    1.10630    1.10627          1     0.1223     0.1482      28.54     0.3957     0.2337  1.000e-12  4.2669000    10.2694    10.2693    -0.0002     8.0911     8.0909     79.744     81.502      0.427    1443.07    1443.07  0.000e+00
      36517     81.000     5.5671     5.5673     0.0002    1.10681    1.10687          1     0.1202     0.1411      28.09     0.4066     0.2611  1.000e-12  4.0702000    10.2736    10.2741     0.0005     8.0942     8.0946     80.240     82.008      0.564    1443.10    1443.10  0.000e+00
      36536     81.500     5.5706     5.5709     0.0003    1.10756    1.10761          1     0.1139     0.1396      27.64     0.4068     0.2501  1.000e-12  4.0714000    10.2799    10.2804     0.0005     8.0989     8.0993     80.735     82.513      0.712    1443.13    1443.13  0.000e+00
      36551     82.000     5.5803     5.5807     0.0004    1.10958    1.10965          1     0.1091     0.1395      27.18     0.4019     0.2905  1.000e-12  3.9556000    10.2972    10.2977     0.0005     8.1120     8.1124     81.230     83.018      0.796    1443.20    1443.20  0.000e+00
      36565     82.500     5.5862     5.5865     0.0004    1.11090    1.11097          1     0.1098     0.1392      26.71     0.3938     0.2878  1.000e-12  3.7427000    10.3085    10.3091     0.0005     8.1206     8.1211     81.725     83.523      0.800    1443.25    1443.25  0.000e+00
      36581     83.000     5.5976     5.5980     0.0004    1.11330    1.11336          1     0.1097     0.1343      26.33     0.4002     0.2375  1.000e-12  3.5596000    10.3289    10.3294     0.0005     8.1361     8.1364     82.220     84.028      0.693    1443.33    1443.33  0.000e+00
      36605     83.500     5.6026     5.6023    -0.0002    1.11458    1.11451          1     0.1023     0.1296      25.38     0.4180     0.2313  1.000e-12  3.2121000    10.3402    10.3396    -0.0006     8.1447     8.1442     82.716     84.533      0.397    1443.37    1443.37  0.000e+00
      36648     84.000     5.6046     5.6061     0.0015    1.11519    1.11558          1     0.1018     0.1255      24.54     0.4560     0.2877  1.000e-12  2.6710000    10.3456    10.3490     0.0034     8.1488     8.1514     83.211     85.039      0.369    1443.40    1443.41  0.000e+00
      36669     84.500     5.6077     5.6081     0.0004    1.11634    1.11643          1     0.0963     0.1234      23.63     0.4549     0.3060  1.000e-12  2.6839000    10.3561    10.3568     0.0007     8.1569     8.1574     83.706     85.544      0.730    1443.43    1443.43  0.000e+00
      36683     85.000     5.6097     5.6102     0.0004    1.11751    1.11758          1     0.0961     0.1205      23.53     0.4304     0.2661  1.000e-12  2.3419000    10.3670    10.3676     0.0006     8.1655     8.1659     84.201     86.049      0.873    1443.46    1443.46  0.000e+00
