ctdpy/exports/archive_20191121_122431/received_data/SBE09_1044_20180421_0405_34_07_0025.cnv
* Sea-Bird SBE 9 Data File:
* FileName = C:\ctd\temp\2018\AU18D025.hex
* Software Version Seasave V 7.26.6.26
* Temperature SN = 5351
* Conductivity SN = 3941
* Number of Bytes Per Scan = 41
* Number of Voltage Words = 4
* Number of Scans Averaged by the Deck Unit = 1
* NMEA Latitude = 56 40.11 N
* NMEA Longitude = 012 06.64 E
* NMEA UTC (Time) = Apr 21 2018  04:05:41
* NMEA baud rate = 4800
** Station:  Anholt E
** Operator:  A-KTh
** Ship: AURA
** Average sound velocity: 1471.57 m/s
** True-depth calculation Sat, 21 Apr 2018 05:04:18 +0000
** CTD Python Module SMHI /ver 3-12/ feb 2012 
** LIMS Job: 20183407-0025
** Cruise: SMHI-01-2018
** Latitude [GG MM.mm N] :
** Longitude [GG MM.mm E]:
# nquan = 26
# nvalues = 117                         
# units = specified
# name 0 = scan: Scan Count
# name 1 = prDM: Pressure, Digiquartz [db]
# name 2 = t090C: Temperature [ITS-90, deg C]
# name 3 = t190C: Temperature, 2 [ITS-90, deg C]
# name 4 = T2-T190C: Temperature Difference, 2 - 1 [ITS-90, deg C]
# name 5 = c0S/m: Conductivity [S/m]
# name 6 = c1S/m: Conductivity, 2 [S/m]
# name 7 = pumps: Pump Status
# name 8 = sbeox0ML/L: Oxygen, SBE 43 [ml/l]
# name 9 = sbeox1ML/L: Oxygen, SBE 43, 2 [ml/l]
# name 10 = altM: Altimeter [m]
# name 11 = flECO-AFL: Chl-a Fluorescence, WET Labs ECO-AFL/FL [mg/m^3]
# name 12 = flECO-AFL1: Phycocyanin Fluorescence, WET Labs ECO-AFL/FL, 2 [mg/m^3]
# name 13 = par: PAR/Irradiance, Biospherical/Lico [µE/(cm^2*s)]
# name 14 = turbWETntu0: Turbidity, WET Labs ECO [NTU]
# name 15 = sal00: Salinity, Practical [PSU]
# name 16 = sal11: Salinity, Practical, 2 [PSU]
# name 17 = secS-priS: Salinity, Practical, Difference, 2 - 1 [PSU]
# name 18 = sigma-t00: Density [sigma-t, Kg/m^3 ]
# name 19 = sigma-t11: Density, 2 [sigma-t, Kg/m^3 ]
# name 20 = depSM: Depth [salt water, m], lat = 56.6685
# name 21 = depFM: Depth [true depth, m], lat = 56.6685
# name 22 = dz/dtM: Descent Rate [m/s], WS = 2
# name 23 = svCM: Sound Velocity [Chen-Millero, m/s]
# name 24 = svCM1: Sound Velocity, 2 [Chen-Millero, m/s]
# name 25 = flag: flag
# span 0 =       7523,      10449       
# span 1 =      1.500,     59.500       
# span 2 =     4.0459,     7.4829       
# span 3 =     4.0575,     7.4822       
# span 4 =    -0.0611,     0.0359       
# span 5 =   1.894641,   3.448183       
# span 6 =   1.895424,   3.448542       
# span 7 =          1,          1       
# span 8 =    5.50151,    8.42427       
# span 9 =    5.41055,    8.46551       
# span 10 =       1.16,     100.16      
# span 11 =     0.1854,    11.3291      
# span 12 =     0.1985,     1.6224      
# span 13 = 8.8969e-13, 6.4808e+01      
# span 14 =     0.2988,     1.4054      
# span 15 =    18.1994,    34.5079      
# span 16 =    18.1993,    34.5093      
# span 17 =    -0.0954,     0.0704      
# span 18 =    14.1681,    27.0884      
# span 19 =    14.1681,    27.0891      
# span 20 =      1.486,     58.947      
# span 21 =      1.506,     59.173      
# span 22 =      0.017,      0.679      
# span 23 =    1446.83,    1477.38      
# span 24 =    1446.89,    1477.39      
# span 25 = 0.0000e+00, 0.0000e+00      
# interval = decibars: 0.5              
# start_time = Apr 21 2018 04:05:41 [NMEA time, first data scan]
# bad_flag = -9.990e-29
*END*
[from data line 56]
       8915     29.500     6.4005     6.4009     0.0004    3.41406    3.41403          1     5.6012     5.4994      53.38     0.2062     0.2448  3.047e-04  0.6013000    34.3228    34.3220    -0.0007    26.9659    26.9653     29.228     29.422      0.608    1475.95    1475.95  0.000e+00
       8937     30.000     6.4068     6.4078     0.0009    3.41531    3.41536          1     5.6040     5.5090      33.36     0.2072     0.2349  6.195e-06  0.5800000    34.3301    34.3297    -0.0004    26.9708    26.9704     29.723     29.918      0.483    1476.00    1476.00  0.000e+00
       8966     30.500     6.4096     6.4109     0.0012    3.41583    3.41590          1     5.6094     5.5158      32.50     0.2658     0.2406  8.897e-13  0.5647000    34.3328    34.3323    -0.0005    26.9726    26.9721     30.218     30.413      0.441    1476.02    1476.02  0.000e+00
       8990     31.000     6.4125     6.4134     0.0009    3.41627    3.41634          1     5.6106     5.5058      32.12     0.2609     0.2728  1.000e-12  0.5633000    34.3345    34.3344    -0.0001    26.9736    26.9734     30.714     30.909      0.586    1476.04    1476.04  0.000e+00
       9008     31.500     6.4175     6.4178     0.0004    3.41719    3.41711          1     5.6072     5.5060      31.64     0.2062     0.3076  1.000e-12  0.5557000    34.3396    34.3384    -0.0012    26.9769    26.9759     31.209     31.405      0.679    1476.08    1476.08  0.000e+00
       9025     32.000     6.4255     6.4262     0.0007    3.41878    3.41877          1     5.6014     5.5018      31.19     0.2034     0.2525  1.000e-12  0.5557000    34.3490    34.3482    -0.0008    26.9833    26.9826     31.705     31.901      0.663    1476.13    1476.13  0.000e+00
       9045     32.500     6.4361     6.4369     0.0008    3.42073    3.42074          1     5.5951     5.4936      30.65     0.2800     0.2639  1.000e-12  0.5711000    34.3597    34.3590    -0.0007    26.9904    26.9897     32.200     32.397      0.549    1476.19    1476.19  0.000e+00
       9071     33.000     6.4437     6.4444     0.0006    3.42206    3.42205          1     5.5850     5.4926      39.48     0.2125     0.2555  1.000e-12  0.6064000    34.3667    34.3659    -0.0007    26.9948    26.9942     32.695     32.893      0.439    1476.24    1476.24  0.000e+00
       9098     33.500     6.4640     6.4638    -0.0002    3.42571    3.42562          1     5.5851     5.4926      98.87     0.2103     0.2174  1.000e-12  0.6248000    34.3867    34.3860    -0.0007    27.0080    27.0074     33.191     33.389      0.503    1476.35    1476.35  0.000e+00
       9119     34.000     6.4818     6.4822     0.0004    3.42880    3.42879          1     5.5848     5.4882      27.20     0.2865     0.2068  1.000e-12  0.7225000    34.4029    34.4024    -0.0005    27.0184    27.0180     33.686     33.885      0.599    1476.45    1476.45  0.000e+00
       9138     34.500     6.4859     6.4870     0.0011    3.42948    3.42955          1     5.5842     5.4857      28.63     0.2460     0.2081  1.000e-12  0.7525000    34.4062    34.4058    -0.0003    27.0204    27.0201     34.181     34.380      0.619    1476.48    1476.48  0.000e+00
       9158     35.000     6.4879     6.4888     0.0009    3.42981    3.42986          1     5.5803     5.4827      28.10     0.2249     0.3044  1.000e-12  0.7619000    34.4076    34.4071    -0.0004    27.0213    27.0209     34.677     34.876      0.579    1476.49    1476.50  0.000e+00
       9180     35.500     6.4897     6.4907     0.0011    3.43013    3.43019          1     5.5796     5.4789      27.61     0.2001     0.2332  1.000e-12  0.7606000    34.4090    34.4086    -0.0004    27.0222    27.0218     35.172     35.372      0.551    1476.51    1476.52  0.000e+00
       9201     36.000     6.4906     6.4917     0.0011    3.43030    3.43037          1     5.5784     5.4818      27.07     0.1854     0.2296  1.000e-12  0.7587000    34.4098    34.4094    -0.0004    27.0227    27.0222     35.667     35.868      0.543    1476.52    1476.53  0.000e+00
       9224     36.500     6.4917     6.4927     0.0010    3.43050    3.43054          1     5.5820     5.4858      26.57     0.2091     0.2474  1.000e-12  0.7865000    34.4106    34.4100    -0.0006    27.0232    27.0226     36.163     36.364      0.506    1476.54    1476.54  0.000e+00
       9249     37.000     6.4924     6.4936     0.0011    3.43063    3.43070          1     5.5873     5.4857      26.00     0.1861     0.2289  1.000e-12  0.7659000    34.4111    34.4108    -0.0003    27.0235    27.0231     36.658     36.860      0.492    1476.55    1476.55  0.000e+00
       9272     37.500     6.4935     6.4945     0.0010    3.43078    3.43084          1     5.5870     5.4871      25.48     0.2624     0.2039  1.000e-12  0.7655000    34.4115    34.4111    -0.0003    27.0236    27.0232     37.153     37.356      0.561    1476.56    1476.56  0.000e+00
       9292     38.000     6.4965     6.4973     0.0009    3.43125    3.43129          1     5.5837     5.4928      25.04     0.2177     0.2658  1.000e-12  0.7807000    34.4135    34.4130    -0.0004    27.0248    27.0244     37.649     37.852      0.639    1476.58    1476.59  0.000e+00
       9310     38.500     6.4980     6.4990     0.0010    3.43149    3.43153          1     5.5763     5.4934      24.60     0.2009     0.2417  1.000e-12  0.7892000    34.4143    34.4137    -0.0006    27.0253    27.0247     38.144     38.347      0.628    1476.60    1476.60  0.000e+00
       9331     39.000     6.4981     6.4992     0.0011    3.43153    3.43158          1     5.5735     5.4902      24.07     0.1903     0.2485  1.000e-12  0.8020000    34.4144    34.4139    -0.0004    27.0253    27.0248     38.639     38.843      0.523    1476.61    1476.61  0.000e+00
       9357     39.500     6.4978     6.4989     0.0011    3.43150    3.43157          1     5.5788     5.4796      23.16     0.1947     0.2576  1.000e-12  0.8029000    34.4141    34.4138    -0.0003    27.0252    27.0248     39.135     39.339      0.455    1476.62    1476.62  0.000e+00
       9382     40.000     6.4984     6.4993     0.0009    3.43160    3.43165          1     5.5815     5.4767      22.64     0.2096     0.2249  1.000e-12  0.7746000    34.4144    34.4140    -0.0003    27.0253    27.0249     39.630     39.835      0.539    1476.63    1476.63  0.000e+00
       9402     40.500     6.4992     6.5002     0.0010    3.43173    3.43179          1     5.5795     5.4767      22.20     0.2121     0.1998  1.000e-12  0.7843000    34.4148    34.4144    -0.0004    27.0255    27.0251     40.125     40.331      0.608    1476.64    1476.64  0.000e+00
       9422     41.000     6.4996     6.5007     0.0010    3.43183    3.43189          1     5.5738     5.4634      21.72     0.2236     0.2769  1.000e-12  0.8059000    34.4152    34.4148    -0.0004    27.0258    27.0253     40.621     40.827      0.594    1476.65    1476.65  0.000e+00
       9443     41.500     6.5013     6.5022     0.0009    3.43212    3.43217          1     5.5616     5.4588      21.24     0.2237     0.2421  1.000e-12  0.8549000    34.4165    34.4162    -0.0003    27.0266    27.0262     41.116     41.323      0.544    1476.67    1476.67  0.000e+00
       9466     42.000     6.5026     6.5035     0.0008    3.43236    3.43241          1     5.5413     5.4569      20.79     0.2114     0.2437  1.000e-12  0.9181000    34.4176    34.4172    -0.0004    27.0272    27.0269     41.611     41.818      0.521    1476.68    1476.68  0.000e+00
       9489     42.500     6.5040     6.5048     0.0009    3.43261    3.43264          1     5.5235     5.4506      20.35     0.2542     0.2405  1.000e-12  0.9765000    34.4187    34.4182    -0.0005    27.0279    27.0274     42.107     42.314      0.538    1476.69    1476.70  0.000e+00
       9511     43.000     6.5050     6.5059     0.0009    3.43280    3.43284          1     5.5134     5.4408      19.85     0.2924     0.2397  1.000e-12  1.0276000    34.4195    34.4191    -0.0005    27.0285    27.0280     42.602     42.810      0.541    1476.71    1476.71  0.000e+00
       9533     43.500     6.5061     6.5071     0.0011    3.43305    3.43309          1     5.5094     5.4319      19.28     0.2584     0.2571  1.000e-12  1.0961000    34.4210    34.4204    -0.0006    27.0295    27.0289     43.097     43.306      0.520    1476.72    1476.73  0.000e+00
       9557     44.000     6.5072     6.5082     0.0009    3.43328    3.43333          1     5.5090     5.4330      18.74     0.2994     0.2949  1.000e-12  1.1517000    34.4221    34.4217    -0.0004    27.0302    27.0298     43.592     43.802      0.512    1476.74    1476.74  0.000e+00
       9580     44.500     6.5085     6.5092     0.0007    3.43351    3.43354          1     5.5066     5.4259      18.25     0.3217     0.3241  1.000e-12  1.1696000    34.4233    34.4229    -0.0004    27.0309    27.0306     44.088     44.298      0.540    1476.75    1476.75  0.000e+00
       9601     45.000     6.5088     6.5097     0.0008    3.43360    3.43364          1     5.5054     5.4231      17.83     0.2982     0.3081  1.000e-12  1.2096000    34.4236    34.4231    -0.0004    27.0312    27.0307     44.583     44.794      0.568    1476.76    1476.76  0.000e+00
       9622     45.500     6.5091     6.5101     0.0009    3.43369    3.43372          1     5.5033     5.4166      17.36     0.3068     0.2588  1.000e-12  1.2102000    34.4241    34.4235    -0.0006    27.0315    27.0309     45.078     45.290      0.555    1476.77    1476.77  0.000e+00
       9645     46.000     6.5094     6.5106     0.0011    3.43377    3.43383          1     5.5015     5.4105      16.93     0.3016     0.2345  1.000e-12  1.2365000    34.4244    34.4240    -0.0004    27.0317    27.0312     45.574     45.785      0.508    1476.78    1476.78  0.000e+00
       9669     46.500     6.5103     6.5107     0.0004    3.43394    3.43388          1     5.5042     5.4131      16.42     0.2903     0.2506  1.000e-12  1.2431000    34.4252    34.4241    -0.0010    27.0322    27.0314     46.069     46.281      0.492    1476.79    1476.79  0.000e+00
       9694     47.000     6.5198     6.5191    -0.0007    3.43587    3.43561          1     5.5133     5.4165      15.91     0.2669     0.2820  1.000e-12  1.2195000    34.4368    34.4346    -0.0022    27.0401    27.0385     46.564     46.777      0.511    1476.85    1476.85  0.000e+00
       9716     47.500     6.5258     6.5267     0.0009    3.43714    3.43713          1     5.5179     5.4304      15.42     0.2411     0.2977  1.000e-12  1.2211000    34.4446    34.4436    -0.0010    27.0455    27.0446     47.060     47.273      0.537    1476.89    1476.90  0.000e+00
       9738     48.000     6.5258     6.5255    -0.0003    3.43711    3.43690          1     5.5197     5.4371      14.94     0.2294     0.3235  1.000e-12  1.2355000    34.4441    34.4421    -0.0020    27.0451    27.0435     47.555     47.769      0.557    1476.90    1476.90  0.000e+00
       9760     48.500     6.5264     6.5263    -0.0000    3.43723    3.43709          1     5.5219     5.4275      14.50     0.2493     0.2684  1.000e-12  1.1865000    34.4446    34.4431    -0.0015    27.0454    27.0442     48.050     48.265      0.543    1476.91    1476.91  0.000e+00
       9783     49.000     6.5281     6.5299     0.0018    3.43761    3.43782          1     5.5232     5.4246      13.99     0.2848     0.2513  1.000e-12  1.1980000    34.4468    34.4474     0.0006    27.0469    27.0472     48.546     48.761      0.496    1476.93    1476.94  0.000e+00
       9808     49.500     6.5281     6.5297     0.0016    3.43763    3.43782          1     5.5254     5.4186      13.47     0.2968     0.3045  1.000e-12  1.1341000    34.4469    34.4472     0.0004    27.0470    27.0470     49.041     49.256      0.472    1476.94    1476.95  0.000e+00
       9833     50.000     6.5286     6.5307     0.0022    3.43774    3.43801          1     5.5217     5.4207      13.01     0.2975     0.2597  1.000e-12  1.1620000    34.4473    34.4481     0.0008    27.0473    27.0476     49.536     49.752      0.530    1476.95    1476.96  0.000e+00
       9854     50.500     6.5301     6.5310     0.0009    3.43805    3.43808          1     5.5203     5.4327      12.56     0.3891     0.2605  1.000e-12  1.1619000    34.4489    34.4483    -0.0006    27.0483    27.0477     50.031     50.248      0.592    1476.97    1476.97  0.000e+00
       9874     51.000     6.5290     6.5302     0.0012    3.43785    3.43795          1     5.5207     5.4375      12.11     0.3236     0.2889  1.000e-12  1.1543000    34.4475    34.4475    -0.0001    27.0474    27.0472     50.527     50.744      0.575    1476.97    1476.97  0.000e+00
       9896     51.500     6.5299     6.5317     0.0018    3.43809    3.43833          1     5.5227     5.4373      11.68     0.2512     0.2647  1.000e-12  1.1482000    34.4491    34.4499     0.0009    27.0485    27.0489     51.022     51.240      0.484    1476.98    1476.99  0.000e+00
       9923     52.000     6.5367     6.5390     0.0023    3.43945    3.43975          1     5.5296     5.4300      11.11     0.2659     0.2635  1.000e-12  1.1497000    34.4571    34.4582     0.0011    27.0539    27.0545     51.517     51.736      0.468    1477.03    1477.04  0.000e+00
       9947     52.500     6.5400     6.5383    -0.0017    3.44010    3.43965          1     5.5334     5.4278      10.65     0.3021     0.2488  1.000e-12  1.1665000    34.4607    34.4574    -0.0033    27.0563    27.0540     52.013     52.232      0.569    1477.05    1477.04  0.000e+00
       9966     53.000     6.5402     6.5412     0.0010    3.44016    3.44020          1     5.5388     5.4247      10.20     0.3054     0.2866  1.000e-12  1.1729000    34.4610    34.4604    -0.0006    27.0565    27.0559     52.508     52.727      0.580    1477.06    1477.07  0.000e+00
       9989     53.500     6.5389     6.5383    -0.0006    3.43994    3.43967          1     5.5411     5.4373       9.65     0.2687     0.2548  1.000e-12  1.1164000    34.4596    34.4572    -0.0024    27.0556    27.0538     53.003     53.223      0.452    1477.06    1477.06  0.000e+00
      10023     54.000     6.5394     6.5394     0.0000    3.44007    3.43993          1     5.5342     5.4528       9.05     0.3046     0.2616  1.000e-12  1.1196000    34.4603    34.4587    -0.0016    27.0561    27.0549     53.499     53.719      0.328    1477.07    1477.07  0.000e+00
      10057     54.500     6.5389     6.5403     0.0014    3.43998    3.44011          1     5.5247     5.4457       8.56     0.3373     0.2239  1.000e-12  1.1746000    34.4595    34.4595     0.0000    27.0555    27.0553     53.994     54.215      0.410    1477.08    1477.08  0.000e+00
      10084     55.000     6.5414     6.5416     0.0002    3.44052    3.44041          1     5.5278     5.4320       8.12     0.3097     0.2288  1.000e-12  1.1463000    34.4627    34.4613    -0.0014    27.0577    27.0565     54.489     54.711      0.409    1477.10    1477.10  0.000e+00
      10118     55.500     6.5422     6.5441     0.0019    3.44071    3.44094          1     5.5311     5.4356       7.55     0.3085     0.2465  1.000e-12  1.1252000    34.4638    34.4644     0.0007    27.0585    27.0587     54.984     55.207      0.319    1477.11    1477.12  0.000e+00
      10157     56.000     6.5510     6.5521     0.0012    3.44250    3.44254          1     5.5432     5.4415       7.03     0.4136     0.2417  1.000e-12  1.1466000    34.4746    34.4738    -0.0007    27.0658    27.0651     55.480     55.703      0.345    1477.17    1477.17  0.000e+00
      10188     56.500     6.5549     6.5560     0.0011    3.44329    3.44335          1     5.5428     5.4465       6.58     0.2675     0.2529  1.000e-12  1.0391000    34.4793    34.4787    -0.0005    27.0690    27.0684     55.975     56.198      0.398    1477.20    1477.20  0.000e+00
