ctdpy/exports/archive_20191121_122431/received_data/SBE09_0827_20180823_1200_26_01_0866.cnv
* Sea-Bird SBE 9 Data File:
* FileName = D:\CTD_SBE911\DAT\26DA.2018.8.66.hex
* Software Version Seasave V 7.21d
* Temperature SN = 034605
* Conductivity SN = 041844
* Number of Bytes Per Scan = 48
* Number of Voltage Words = 5
* Number of Scans Averaged by the Deck Unit = 1
* NMEA Latitude = 57 46.02 N
* NMEA Longitude = 009 49.32 E
* NMEA UTC (Time) = Aug 23 2018  12:03:13
* NMEA baud rate = 4800
** Ship: DANA
** Average sound velocity: 1507.65 m/s
** True-depth calculation Thu, 28 Mar 2019 09:25:42 +0000
** CTD Python Module SMHI /ver 3-12/ feb 2012 
** LIMS Job: 20182601-0866
**  11 N HIRTSHALS
** Operator: Christian
** Cruise: 08/2018
# nquan = 26
# nvalues = 76                          
# units = specified
# name 0 = scan: Scan Count
# name 1 = prDM: Pressure, Digiquartz [db]
# name 2 = t090C: Temperature [ITS-90, deg C]
# name 3 = t190C: Temperature, 2 [ITS-90, deg C]
# name 4 = T2-T190C: Temperature Difference, 2 - 1 [ITS-90, deg C]
# name 5 = c0S/m: Conductivity [S/m]
# name 6 = c1S/m: Conductivity, 2 [S/m]
# name 7 = pumps: Pump Status
# name 8 = sbeox1ML/L: Oxygen, SBE 43, 2 [ml/l]
# name 9 = sbeox0ML/L: Oxygen, SBE 43 [ml/l]
# name 10 = altM: Altimeter [m]
# name 11 = chloroflTC0: Chlorophyll, Turner Cyclops [ug/l]
# name 12 = cpar: CPAR/Corrected Irradiance [%]
# name 13 = par: PAR/Irradiance, Biospherical/Lico [µE/(cm^2*s)]
# name 14 = spar: SPAR, Biospherical/Licor
# name 15 = sal00: Salinity, Practical [PSU]
# name 16 = sal11: Salinity, Practical, 2 [PSU]
# name 17 = secS-priS: Salinity, Practical, Difference, 2 - 1 [PSU]
# name 18 = sigma-t00: Density [sigma-t, kg/m^3 ]
# name 19 = sigma-t11: Density, 2 [sigma-t, kg/m^3 ]
# name 20 = depSM: Depth [salt water, m], lat = 57.767
# name 21 = depFM: Depth [true depth, m], lat = 57.767
# name 22 = dz/dtM: Descent Rate [m/s], WS = 2
# name 23 = svCM: Sound Velocity [Chen-Millero, m/s]
# name 24 = svCM1: Sound Velocity, 2 [Chen-Millero, m/s]
# name 25 = flag: flag
# span 0 =         93,       3855       
# span 1 =      1.000,     38.500       
# span 2 =    13.2495,    17.2609       
# span 3 =    13.2495,    17.2568       
# span 4 =    -0.0149,     0.6057       
# span 5 =   3.967911,   4.274226       
# span 6 =   3.968918,   4.274224       
# span 7 =          1,          1       
# span 8 =     5.1989,     5.8597       
# span 9 =     5.0422,     5.5752       
# span 10 =       1.68,      10.01      
# span 11 =     0.1525,     0.3312      
# span 12 = -4.402e-08, 9.6653e+00      
# span 13 = -9.834e-08, 2.0220e+01      
# span 14 = 2.0511e+02, 2.3599e+02      
# span 15 =    31.7172,    33.5404      
# span 16 =    31.7228,    33.6083      
# span 17 =    -0.0988,     0.0833      
# span 18 =    22.9380,    25.2115      
# span 19 =    22.9422,    25.2343      
# span 20 =      0.991,     38.140      
# span 21 =      0.996,     38.291      
# span 22 =     -0.094,      0.481      
# span 23 =    1499.93,    1511.42      
# span 24 =    1499.94,    1511.40      
# span 25 = 0.0000e+00, 0.0000e+00      
# interval = decibars: 0.5              
# start_time = Aug 23 2018 12:03:13 [NMEA time, first data scan]
# bad_flag = -9.990e-29
*END*
         93      1.000    17.2380    17.2401     0.0020    4.14646    4.14307          1     5.8597     5.5599       9.78     0.1676  9.665e+00  2.022e+01  2.092e+02    31.8327    31.8021    -0.0306    23.0293    23.0053      0.991      0.996      0.210    1509.94    1509.91  0.000e+00
        153      1.500    17.2474    17.2471    -0.0003    4.13634    4.13816          1     5.8236     5.5752       7.86     0.1695  8.107e+00  1.695e+01  2.091e+02    31.7385    31.7543     0.0158    22.9549    22.9671      1.486      1.493      0.351    1509.87    1509.89  0.000e+00
        277      2.000    17.2491    17.2468    -0.0023    4.13502    4.13675          1     5.8490     5.5659       8.97     0.1626  7.275e+00  1.514e+01  2.082e+02    31.7257    31.7423     0.0167    22.9447    22.9580      1.982      1.991      0.330    1509.87    1509.88  0.000e+00
        346      2.500    17.2498    17.2489    -0.0009    4.13457    4.13478          1     5.8058     5.5678       7.07     0.1614  6.249e+00  1.295e+01  2.072e+02    31.7212    31.7236     0.0025    22.9411    22.9432      2.477      2.489      0.276    1509.87    1509.87  0.000e+00
        389      3.000    17.2498    17.2488    -0.0011    4.13464    4.13514          1     5.8578     5.5734      10.01     0.1616  5.709e+00  1.183e+01  2.072e+02    31.7215    31.7267     0.0052    22.9413    22.9456      2.972      2.987      0.285    1509.88    1509.88  0.000e+00
        430      3.500    17.2502    17.2490    -0.0012    4.13419    4.13532          1     5.8267     5.5723       9.98     0.1603  5.132e+00  1.063e+01  2.072e+02    31.7172    31.7278     0.0106    22.9380    22.9463      3.468      3.485      0.259    1509.89    1509.89  0.000e+00
        487      4.000    17.2551    17.2506    -0.0045    4.13611    4.13490          1     5.8223     5.5730       9.98     0.1603  4.793e+00  9.929e+00  2.072e+02    31.7297    31.7228    -0.0068    22.9463    22.9422      3.963      3.983      0.262    1509.92    1509.90  0.000e+00
        523      4.500    17.2522    17.2509    -0.0013    4.13759    4.13799          1     5.8047     5.5692       9.98     0.1599  4.309e+00  8.925e+00  2.072e+02    31.7444    31.7489     0.0045    22.9583    22.9621      4.458      4.481      0.333    1509.94    1509.94  0.000e+00
        583      5.000    17.2521    17.2507    -0.0014    4.13484    4.13647          1     5.8194     5.5594       9.98     0.1621  4.134e+00  8.522e+00  2.061e+02    31.7208    31.7358     0.0150    22.9402    22.9521      4.954      4.978      0.295    1509.92    1509.93  0.000e+00
        619      5.500    17.2518    17.2505    -0.0013    4.13497    4.13540          1     5.7967     5.5657       9.98     0.1564  3.896e+00  7.998e+00  2.053e+02    31.7219    31.7266     0.0046    22.9412    22.9451      5.449      5.476      0.481    1509.93    1509.93  0.000e+00
        645      6.000    17.2507    17.2494    -0.0013    4.13594    4.13667          1     5.8167     5.5619       9.98     0.1613  3.593e+00  7.372e+00  2.052e+02    31.7309    31.7382     0.0072    22.9483    22.9542      5.944      5.974      0.369    1509.94    1509.95  0.000e+00
        725      6.500    17.2498    17.2493    -0.0005    4.13966    4.13862          1     5.8462     5.5715       9.98     0.1650  3.269e+00  6.706e+00  2.051e+02    31.7632    31.7548    -0.0085    22.9733    22.9669      6.440      6.472      0.309    1509.99    1509.98  0.000e+00
        758      7.000    17.2428    17.2420    -0.0008    4.14498    4.14381          1     5.8360     5.5616       9.98     0.1654  3.095e+00  6.349e+00  2.051e+02    31.8142    31.8048    -0.0093    23.0139    23.0070      6.935      6.970      0.380    1510.03    1510.02  0.000e+00
        799      7.500    17.2246    17.2314     0.0068    4.15962    4.15230          1     5.8524     5.5441       9.98     0.1745  2.752e+00  5.644e+00  2.051e+02    31.9537    31.8857    -0.0681    23.1251    23.0714      7.430      7.467      0.230    1510.15    1510.09  0.000e+00
        858      8.000    17.2168    17.2210     0.0043    4.17064    4.16179          1     5.8263     5.5207       9.98     0.1823  2.539e+00  5.207e+00  2.051e+02    32.0543    31.9750    -0.0793    23.2040    23.1423      7.926      7.965      0.279    1510.24    1510.17  0.000e+00
        901      8.500    17.2010    17.2041     0.0031    4.19441    4.18714          1     5.8052     5.4855       9.98     0.1834  2.361e+00  4.843e+00  2.051e+02    32.2707    32.2058    -0.0649    23.3735    23.3231      8.421      8.463      0.232    1510.45    1510.39  0.000e+00
        954      9.000    17.1974    17.1994     0.0020    4.21471    4.20339          1     5.8050     5.4573       9.98     0.1992  2.168e+00  4.448e+00  2.051e+02    32.4478    32.3489    -0.0988    23.5101    23.4338      8.917      8.961      0.310    1510.65    1510.55  0.000e+00
        985      9.500    17.2000    17.2038     0.0038    4.24121    4.23797          1     5.7720     5.4325       9.98     0.1890  2.010e+00  4.123e+00  2.051e+02    32.6734    32.6425    -0.0309    23.6824    23.6577      9.412      9.458      0.368    1510.93    1510.90  0.000e+00
       1028     10.000    17.2518    17.2449    -0.0070    4.26397    4.25670          1     5.7220     5.4253       9.98     0.2042  1.851e+00  3.796e+00  2.051e+02    32.8271    32.7702    -0.0569    23.7879    23.7460      9.907      9.955      0.208    1511.27    1511.18  0.000e+00
       1096     10.500    17.2609    17.2568    -0.0040    4.26702    4.26588          1     5.7164     5.4165       9.98     0.2729  1.732e+00  3.552e+00  2.051e+02    32.8458    32.8392    -0.0065    23.8001    23.7960     10.403     10.453      0.255    1511.32    1511.30  0.000e+00
       1135     11.000    17.2321    17.2421     0.0101    4.27379    4.27232          1     5.6878     5.3643       9.98     0.2488  1.619e+00  3.320e+00  2.051e+02    32.9272    32.9064    -0.0207    23.8693    23.8510     10.898     10.950      0.336    1511.34    1511.34  0.000e+00
       1173     11.500    17.1885    17.2119     0.0233    4.27164    4.27335          1     5.6851     5.3830       9.97     0.2391  1.451e+00  2.976e+00  2.051e+02    32.9441    32.9397    -0.0044    23.8926    23.8836     11.393     11.448      0.246    1511.23    1511.30  0.000e+00
       1247     12.000    17.2582    17.2560    -0.0023    4.27352    4.27318          1     5.7039     5.3843       9.97     0.2682  1.370e+00  2.831e+00  2.066e+02    32.9032    32.9022    -0.0010    23.8447    23.8445     11.889     11.945      0.298    1511.40    1511.40  0.000e+00
       1278     12.500    17.2310    17.2292    -0.0017    4.27369    4.27391          1     5.6687     5.3531       9.97     0.2345  1.247e+00  2.583e+00  2.071e+02    32.9268    32.9301     0.0033    23.8692    23.8722     12.384     12.443      0.414    1511.36    1511.36  0.000e+00
       1311     13.000    17.2190    17.2377     0.0187    4.27348    4.27422          1     5.6733     5.3727       9.97     0.2294  1.149e+00  2.380e+00  2.072e+02    32.9344    32.9257    -0.0088    23.8779    23.8668     12.879     12.940      0.271    1511.34    1511.38  0.000e+00
       1381     13.500    17.2318    17.2364     0.0045    4.27325    4.27382          1     5.6485     5.3780       9.97     0.2584  1.074e+00  2.225e+00  2.071e+02    32.9219    32.9231     0.0012    23.8653    23.8651     13.375     13.437      0.273    1511.37    1511.39  0.000e+00
       1416     14.000    17.2464    17.2316    -0.0149    4.27423    4.27360          1     5.6681     5.3603       9.97     0.2368  9.952e-01  2.062e+00  2.072e+02    32.9182    32.9249     0.0067    23.8590    23.8677     13.870     13.935      0.355    1511.42    1511.38  0.000e+00
       1464     14.500    17.2215    17.2327     0.0114    4.27341    4.27407          1     5.6584     5.3632       9.97     0.2415  9.079e-01  1.881e+00  2.072e+02    32.9313    32.9278    -0.0035    23.8749    23.8696     14.365     14.432      0.215    1511.37    1511.40  0.000e+00
       1520     15.000    17.2171    17.2245     0.0074    4.27284    4.27345          1     5.6550     5.3382       9.97     0.2751  8.536e-01  1.768e+00  2.072e+02    32.9298    32.9290    -0.0007    23.8748    23.8725     14.861     14.930      0.304    1511.36    1511.38  0.000e+00
       1561     15.500    17.2187    17.2229     0.0041    4.27300    4.27352          1     5.6541     5.3662       9.97     0.2650  7.681e-01  1.592e+00  2.072e+02    32.9296    32.9308     0.0011    23.8743    23.8742     15.356     15.427      0.248    1511.37    1511.39  0.000e+00
       1616     16.000    17.2080    17.2211     0.0129    4.27326    4.27371          1     5.6324     5.3760       9.97     0.2608  7.037e-01  1.470e+00  2.089e+02    32.9405    32.9337    -0.0068    23.8852    23.8769     15.851     15.924      0.268    1511.36    1511.40  0.000e+00
       1654     16.500    17.1907    17.2113     0.0205    4.27233    4.27374          1     5.6506     5.3543       9.97     0.2641  6.556e-01  1.371e+00  2.092e+02    32.9464    32.9417    -0.0046    23.8938    23.8854     16.347     16.422      0.312    1511.33    1511.38  0.000e+00
       1698     17.000    17.0904    17.1966     0.1064    4.26769    4.27302          1     5.6576     5.3479       9.97     0.2664  6.042e-01  1.264e+00  2.092e+02    32.9882    32.9473    -0.0409    23.9495    23.8931     16.842     16.919      0.249    1511.08    1511.35  0.000e+00
       1744     17.500    17.0690    17.1584     0.0894    4.26673    4.27158          1     5.6429     5.3574       9.97     0.2698  5.470e-01  1.144e+00  2.092e+02    32.9972    32.9660    -0.0312    23.9614    23.9164     17.337     17.416      0.274    1511.04    1511.27  0.000e+00
       1791     18.000    16.9418    17.0600     0.1181    4.26007    4.26793          1     5.6594     5.3479       9.97     0.2507  5.062e-01  1.059e+00  2.092e+02    33.0437    33.0148    -0.0290    24.0269    23.9770     17.833     17.914      0.229    1510.71    1511.04  0.000e+00
       1841     18.500    16.8640    16.9717     0.1077    4.25558    4.26350          1     5.6363     5.3509       9.97     0.2559  4.744e-01  9.926e-01  2.092e+02    33.0686    33.0486    -0.0199    24.0641    24.0237     18.328     18.411      0.294    1510.52    1510.82  0.000e+00
       1879     19.000    16.8304    16.8887     0.0583    4.25368    4.25906          1     5.6214     5.3496       9.97     0.2459  4.248e-01  8.928e-01  2.102e+02    33.0795    33.0782    -0.0013    24.0804    24.0658     18.823     18.908      0.289    1510.43    1510.61  0.000e+00
       1929     19.500    16.7893    16.8349     0.0456    4.25102    4.25562          1     5.6277     5.3263       9.97     0.2496  3.852e-01  8.138e-01  2.112e+02    33.0901    33.0926     0.0025    24.0980    24.0893     19.319     19.406      0.230    1510.33    1510.47  0.000e+00
       1972     20.000    16.7804    16.8032     0.0229    4.25034    4.25353          1     5.6382     5.3391       9.97     0.2609  3.570e-01  7.540e-01  2.112e+02    33.0914    33.1003     0.0089    24.1011    24.1026     19.814     19.903      0.308    1510.31    1510.39  0.000e+00
       2016     20.500    16.7774    16.7854     0.0080    4.25018    4.25205          1     5.6095     5.3350       9.97     0.2547  3.270e-01  6.906e-01  2.112e+02    33.0922    33.1019     0.0097    24.1024    24.1080     20.309     20.400      0.236    1510.31    1510.35  0.000e+00
       2068     21.000    16.7759    16.7799     0.0039    4.25012    4.25148          1     5.6188     5.3321       9.97     0.2566  2.975e-01  6.284e-01  2.112e+02    33.0928    33.1014     0.0086    24.1032    24.1089     20.805     20.897      0.268    1510.32    1510.34  0.000e+00
       2110     21.500    16.7521    16.7709     0.0189    4.24802    4.25086          1     5.6188     5.3152       9.97     0.2887  2.728e-01  5.774e-01  2.117e+02    33.0940    33.1032     0.0092    24.1097    24.1124     21.300     21.395      0.257    1510.25    1510.32  0.000e+00
       2166     22.000    16.7043    16.7350     0.0306    4.24397    4.24790          1     5.5840     5.3091       9.97     0.2594  2.444e-01  5.211e-01  2.132e+02    33.0980    33.1069     0.0089    24.1239    24.1235     21.795     21.892      0.225    1510.12    1510.22  0.000e+00
       2210     22.500    16.6541    16.6935     0.0393    4.23966    4.24457          1     5.5740     5.2872       9.97     0.2665  2.229e-01  4.753e-01  2.132e+02    33.1016    33.1119     0.0103    24.1383    24.1371     22.291     22.389      0.301    1509.98    1510.11  0.000e+00
       2253     23.000    16.6136    16.6489     0.0353    4.23618    4.24084          1     5.5859     5.2680       9.97     0.2597  2.025e-01  4.319e-01  2.132e+02    33.1046    33.1161     0.0115    24.1500    24.1506     22.786     22.887      0.254    1509.87    1509.99  0.000e+00
       2299     23.500    16.5618    16.6010     0.0392    4.23188    4.23688          1     5.5512     5.2501       9.97     0.2642  1.867e-01  4.003e-01  2.144e+02    33.1097    33.1209     0.0112    24.1658    24.1654     23.281     23.384      0.308    1509.73    1509.86  0.000e+00
       2335     24.000    16.4885    16.5484     0.0599    4.22565    4.23272          1     5.5375     5.2247       9.97     0.2583  1.631e-01  3.510e-01  2.152e+02    33.1157    33.1279     0.0122    24.1873    24.1829     23.777     23.881      0.286    1509.52    1509.71  0.000e+00
       2399     24.500    16.3897    16.4401     0.0503    4.21731    4.22370          1     5.5187     5.2108       9.97     0.2514  1.470e-01  3.165e-01  2.153e+02    33.1244    33.1387     0.0143    24.2166    24.2160     24.272     24.378      0.226    1509.23    1509.40  0.000e+00
       2445     25.000    16.3296    16.3654     0.0358    4.21227    4.21757          1     5.5117     5.2083       9.97     0.2767  1.366e-01  2.941e-01  2.153e+02    33.1299    33.1468     0.0169    24.2347    24.2394     24.767     24.876      0.365    1509.06    1509.19  0.000e+00
       2476     25.500    16.2551    16.3099     0.0548    4.20603    4.21318          1     5.4959     5.1983       9.97     0.2835  1.175e-01  2.546e-01  2.167e+02    33.1369    33.1541     0.0173    24.2570    24.2578     25.263     25.373      0.338    1508.85    1509.04  0.000e+00
       2531     26.000    16.1487    16.2020     0.0534    4.19672    4.20378          1     5.4570     5.1905       9.97     0.3122  9.846e-02  2.139e-01  2.173e+02    33.1433    33.1611     0.0178    24.2862    24.2877     25.758     25.870      0.204    1508.54    1508.72  0.000e+00
       2586     26.500    16.0750    16.1110     0.0361    4.18992    4.19556          1     5.4279     5.1599       9.97     0.2791  8.954e-02  1.946e-01  2.173e+02    33.1446    33.1644     0.0198    24.3038    24.3109     26.253     26.367      0.352    1508.32    1508.46  0.000e+00
       2614     27.000    15.9587    16.0420     0.0835    4.17890    4.19033          1     5.4429     5.0935       9.97     0.2853  7.779e-02  1.694e-01  2.178e+02    33.1441    33.1756     0.0315    24.3297    24.3351     26.749     26.864      0.408    1507.97    1508.26  0.000e+00
       2648     27.500    15.6077    15.8713     0.2633    4.14909    4.17640          1     5.4152     5.1328       9.97     0.2750  6.247e-02  1.371e-01  2.194e+02    33.1733    33.1950     0.0216    24.4308    24.3885     27.244     27.361      0.242    1506.92    1507.76  0.000e+00
       2722     28.000    15.4393    15.4898     0.0506    4.13903    4.14573          1     5.4234     5.2708       9.97     0.3028  5.081e-02  1.114e-01  2.193e+02    33.2251    33.2425     0.0173    24.5079    24.5100     27.739     27.859      0.249    1506.46    1506.64  0.000e+00
