ctdpy/exports/archive_20191121_122431/received_data/SBE09_1044_20180527_0347_34_07_0031.cnv
* Sea-Bird SBE 9 Data File:
* FileName = C:\ctd\temp\2018\AU18D031.hex
* Software Version Seasave V 7.26.6.26
* Temperature SN = 5351
* Conductivity SN = 3941
* Number of Bytes Per Scan = 41
* Number of Voltage Words = 4
* Number of Scans Averaged by the Deck Unit = 1
* NMEA Latitude = 58 16.02 N
* NMEA Longitude = 010 43.46 E
* NMEA UTC (Time) = May 27 2018  03:48:04
* NMEA baud rate = 4800
** Station:  A16
** Operator:  SSip
** Ship: AURA
** Average sound velocity: 1478.76 m/s
** True-depth calculation Sun, 27 May 2018 04:17:51 +0000
** CTD Python Module SMHI /ver 3-12/ feb 2012 
** LIMS Job: 20183407-0031
** Cruise: SMHI-02-2018
** Latitude [GG MM.mm N] :
** Longitude [GG MM.mm E]:
# nquan = 26
# nvalues = 403                         
# units = specified
# name 0 = scan: Scan Count
# name 1 = prDM: Pressure, Digiquartz [db]
# name 2 = t090C: Temperature [ITS-90, deg C]
# name 3 = t190C: Temperature, 2 [ITS-90, deg C]
# name 4 = T2-T190C: Temperature Difference, 2 - 1 [ITS-90, deg C]
# name 5 = c0S/m: Conductivity [S/m]
# name 6 = c1S/m: Conductivity, 2 [S/m]
# name 7 = pumps: Pump Status
# name 8 = sbeox0ML/L: Oxygen, SBE 43 [ml/l]
# name 9 = sbeox1ML/L: Oxygen, SBE 43, 2 [ml/l]
# name 10 = altM: Altimeter [m]
# name 11 = flECO-AFL: Chl-a Fluorescence, WET Labs ECO-AFL/FL [mg/m^3]
# name 12 = flECO-AFL1: Phycocyanin Fluorescence, WET Labs ECO-AFL/FL, 2 [mg/m^3]
# name 13 = par: PAR/Irradiance, Biospherical/Lico [µE/(cm^2*s)]
# name 14 = turbWETntu0: Turbidity, WET Labs ECO [NTU]
# name 15 = sal00: Salinity, Practical [PSU]
# name 16 = sal11: Salinity, Practical, 2 [PSU]
# name 17 = secS-priS: Salinity, Practical, Difference, 2 - 1 [PSU]
# name 18 = sigma-t00: Density [sigma-t, Kg/m^3 ]
# name 19 = sigma-t11: Density, 2 [sigma-t, Kg/m^3 ]
# name 20 = depSM: Depth [salt water, m], lat = 58.267
# name 21 = depFM: Depth [true depth, m], lat = 58.267
# name 22 = dz/dtM: Descent Rate [m/s], WS = 2
# name 23 = svCM: Sound Velocity [Chen-Millero, m/s]
# name 24 = svCM1: Sound Velocity, 2 [Chen-Millero, m/s]
# name 25 = flag: flag
# span 0 =       7071,      16633       
# span 1 =      1.000,    202.000       
# span 2 =     5.9018,    18.1082       
# span 3 =     5.9032,    17.9369       
# span 4 =    -0.2596,     0.2106       
# span 5 =   3.436965,   3.968464       
# span 6 =   3.436948,   3.965895       
# span 7 =          1,          1       
# span 8 =    5.99561,    8.82130       
# span 9 =    5.92571,    8.70171       
# span 10 =       2.85,      98.79      
# span 11 =     0.0388,     4.9484      
# span 12 =     0.1501,     0.6497      
# span 13 = -9.974e-07, 3.1879e+02      
# span 14 =     0.1234,     1.2976      
# span 15 =    25.7331,    35.0503      
# span 16 =    26.0398,    35.0494      
# span 17 =    -0.3896,     0.3216      
# span 18 =    18.1649,    27.6038      
# span 19 =    18.4595,    27.6027      
# span 20 =      0.991,    200.026      
# span 21 =      1.000,    200.293      
# span 22 =     -0.121,      0.585      
# span 23 =    1476.78,    1505.67      
# span 24 =    1476.79,    1505.65      
# span 25 = 0.0000e+00, 0.0000e+00      
# interval = decibars: 0.5              
# start_time = May 27 2018 03:48:04 [NMEA time, first data scan]
# bad_flag = -9.990e-29
*END*
[from data line 335]
      14949    168.500     5.9119     5.9150     0.0031    3.44060    3.44077          1     6.3055     6.2561      36.41     0.0654     0.2241  1.000e-12  0.9648000    35.0493    35.0481    -0.0013    27.6030    27.6016    166.867    167.088      0.551    1477.22    1477.23  0.000e+00
      14971    169.000     5.9076     5.9122     0.0045    3.44019    3.44050          1     6.3017     6.2469      35.94     0.0712     0.2466  1.000e-12  1.0202000    35.0489    35.0477    -0.0012    27.6032    27.6017    167.362    167.584      0.522    1477.21    1477.23  0.000e+00
      14995    169.500     5.9075     5.9085     0.0010    3.44020    3.44019          1     6.2942     6.2412      35.37     0.0781     0.2771  1.000e-12  1.0023000    35.0490    35.0477    -0.0013    27.6033    27.6022    167.857    168.079      0.482    1477.22    1477.22  0.000e+00
      15021    170.000     5.9060     5.9070     0.0010    3.44009    3.44007          1     6.2877     6.2575      34.82     0.0719     0.2248  1.000e-12  1.0652000    35.0490    35.0476    -0.0013    27.6035    27.6023    168.352    168.575      0.461    1477.22    1477.22  0.000e+00
      15047    170.500     5.9045     5.9060     0.0015    3.43996    3.44000          1     6.2904     6.2569      34.40     0.0628     0.2308  1.000e-12  1.0514000    35.0488    35.0477    -0.0011    27.6035    27.6025    168.846    169.071      0.484    1477.22    1477.23  0.000e+00
      15070    171.000     5.9047     5.9061     0.0014    3.44000    3.44003          1     6.2974     6.2377      33.87     0.0622     0.2097  1.000e-12  1.1273000    35.0487    35.0477    -0.0010    27.6034    27.6024    169.342    169.566      0.526    1477.23    1477.24  0.000e+00
      15092    171.500     5.9048     5.9065     0.0017    3.44003    3.44009          1     6.2971     6.2389      33.36     0.0638     0.1755  1.000e-12  1.0439000    35.0487    35.0477    -0.0011    27.6035    27.6024    169.836    170.062      0.556    1477.24    1477.25  0.000e+00
      15114    172.000     5.9046     5.9063     0.0016    3.44004    3.44010          1     6.2937     6.2478      32.89     0.0705     0.2107  1.000e-12  1.0948000    35.0488    35.0478    -0.0010    27.6035    27.6025    170.331    170.557      0.549    1477.25    1477.25  0.000e+00
      15136    172.500     5.9032     5.9051     0.0020    3.43991    3.43999          1     6.2987     6.2553      32.46     0.0730     0.2295  1.000e-12  1.1836000    35.0485    35.0475    -0.0011    27.6035    27.6024    170.826    171.053      0.504    1477.25    1477.26  0.000e+00
      15162    173.000     5.9023     5.9038     0.0015    3.43984    3.43987          1     6.2999     6.2478      31.93     0.0775     0.1634  1.000e-12  1.1732000    35.0484    35.0471    -0.0012    27.6035    27.6023    171.321    171.549      0.447    1477.26    1477.26  0.000e+00
      15189    173.500     5.9026     5.9043     0.0017    3.43989    3.43995          1     6.2994     6.2438      31.36     0.0684     0.1791  1.000e-12  1.1455000    35.0484    35.0473    -0.0011    27.6035    27.6024    171.816    172.044      0.459    1477.27    1477.27  0.000e+00
      15214    174.000     5.9020     5.9041     0.0020    3.43985    3.43994          1     6.2983     6.2406      30.89     0.0676     0.2070  1.000e-12  1.1459000    35.0482    35.0472    -0.0010    27.6034    27.6024    172.311    172.540      0.519    1477.27    1477.28  0.000e+00
      15236    174.500     5.9018     5.9034     0.0016    3.43984    3.43990          1     6.3001     6.2348      30.37     0.0718     0.2090  1.000e-12  1.1686000    35.0481    35.0471    -0.0009    27.6033    27.6024    172.806    173.035      0.553    1477.28    1477.28  0.000e+00
      15258    175.000     5.9018     5.9032     0.0014    3.43986    3.43990          1     6.3020     6.2387      29.98     0.0610     0.2326  1.000e-12  1.2093000    35.0481    35.0471    -0.0010    27.6033    27.6024    173.301    173.531      0.532    1477.29    1477.29  0.000e+00
      15281    175.500     5.9019     5.9033     0.0015    3.43989    3.43993          1     6.3021     6.2476      29.41     0.0467     0.2228  1.000e-12  1.2328000    35.0481    35.0470    -0.0011    27.6034    27.6023    173.796    174.027      0.490    1477.29    1477.30  0.000e+00
      15306    176.000     5.9026     5.9033     0.0007    3.44001    3.43995          1     6.3006     6.2510      28.93     0.0632     0.2218  1.000e-12  1.1902000    35.0485    35.0470    -0.0015    27.6035    27.6023    174.291    174.522      0.479    1477.31    1477.31  0.000e+00
      15331    176.500     5.9033     5.9052     0.0018    3.44011    3.44018          1     6.2992     6.2459      28.40     0.0699     0.2093  1.000e-12  1.1519000    35.0486    35.0474    -0.0011    27.6035    27.6024    174.786    175.018      0.481    1477.32    1477.33  0.000e+00
      15356    177.000     5.9034     5.9052     0.0017    3.44014    3.44019          1     6.3026     6.2394      27.88     0.0859     0.2183  1.000e-12  1.2007000    35.0486    35.0474    -0.0012    27.6035    27.6023    175.281    175.513      0.476    1477.32    1477.33  0.000e+00
      15382    177.500     5.9033     5.9042     0.0008    3.44014    3.44011          1     6.2992     6.2372      27.37     0.0714     0.2107  1.000e-12  1.1924000    35.0484    35.0471    -0.0012    27.6034    27.6023    175.776    176.009      0.475    1477.33    1477.33  0.000e+00
      15407    178.000     5.9030     5.9042     0.0012    3.44013    3.44015          1     6.2937     6.2415      26.89     0.0710     0.2071  1.000e-12  1.1441000    35.0484    35.0473    -0.0011    27.6034    27.6024    176.271    176.504      0.489    1477.34    1477.34  0.000e+00
      15431    178.500     5.9023     5.9037     0.0014    3.44008    3.44010          1     6.2962     6.2425      26.35     0.0715     0.1898  1.000e-12  1.1346000    35.0482    35.0470    -0.0012    27.6034    27.6022    176.766    177.000      0.498    1477.35    1477.35  0.000e+00
      15455    179.000     5.9019     5.9035     0.0017    3.44005    3.44011          1     6.3018     6.2313      25.86     0.0698     0.1696  1.000e-12  1.1993000    35.0481    35.0471    -0.0011    27.6033    27.6023    177.260    177.496      0.485    1477.35    1477.36  0.000e+00
      15480    179.500     5.9022     5.9038     0.0017    3.44011    3.44017          1     6.3066     6.2427      25.29     0.0644     0.1851  1.000e-12  1.1621000    35.0482    35.0471    -0.0011    27.6034    27.6023    177.755    177.991      0.472    1477.36    1477.37  0.000e+00
      15506    180.000     5.9023     5.9040     0.0016    3.44014    3.44019          1     6.3025     6.2474      24.88     0.0710     0.1802  1.000e-12  1.2607000    35.0482    35.0470    -0.0012    27.6033    27.6022    178.250    178.487      0.489    1477.37    1477.38  0.000e+00
      15530    180.500     5.9022     5.9041     0.0018    3.44015    3.44022          1     6.3004     6.2428      24.41     0.0720     0.1754  1.000e-12  1.1582000    35.0481    35.0470    -0.0011    27.6033    27.6022    178.745    178.982      0.506    1477.38    1477.38  0.000e+00
      15553    181.000     5.9021     5.9039     0.0017    3.44017    3.44023          1     6.3097     6.2341      23.92     0.0715     0.2286  1.000e-12  1.2565000    35.0481    35.0470    -0.0011    27.6033    27.6022    179.240    179.478      0.495    1477.39    1477.39  0.000e+00
      15578    181.500     5.9021     5.9036     0.0015    3.44018    3.44023          1     6.3083     6.2316      23.37     0.0634     0.2393  1.000e-12  1.1679000    35.0480    35.0470    -0.0010    27.6032    27.6023    179.735    179.974      0.484    1477.39    1477.40  0.000e+00
      15603    182.000     5.9022     5.9036     0.0015    3.44021    3.44025          1     6.3046     6.2493      22.85     0.0504     0.2134  1.000e-12  1.1833000    35.0481    35.0470    -0.0011    27.6033    27.6022    180.230    180.469      0.485    1477.40    1477.41  0.000e+00
      15628    182.500     5.9022     5.9038     0.0016    3.44026    3.44029          1     6.3044     6.2574      22.36     0.0670     0.2445  1.000e-12  1.1392000    35.0483    35.0471    -0.0012    27.6034    27.6023    180.725    180.965      0.478    1477.41    1477.42  0.000e+00
      15653    183.000     5.9022     5.9036     0.0015    3.44027    3.44031          1     6.3073     6.2534      21.83     0.0700     0.2319  1.000e-12  1.2062000    35.0483    35.0472    -0.0011    27.6034    27.6024    181.220    181.460      0.461    1477.42    1477.42  0.000e+00
      15679    183.500     5.9020     5.9034     0.0014    3.44027    3.44031          1     6.3026     6.2493      21.32     0.0811     0.2401  1.000e-12  1.1850000    35.0482    35.0471    -0.0011    27.6034    27.6024    181.715    181.956      0.476    1477.43    1477.43  0.000e+00
      15703    184.000     5.9021     5.9036     0.0015    3.44031    3.44034          1     6.3085     6.2428      20.82     0.0554     0.2064  1.000e-12  1.2067000    35.0482    35.0471    -0.0011    27.6034    27.6023    182.210    182.452      0.513    1477.43    1477.44  0.000e+00
      15726    184.500     5.9022     5.9036     0.0015    3.44034    3.44037          1     6.3049     6.2266      20.33     0.0666     0.1795  1.000e-12  1.2771000    35.0482    35.0471    -0.0011    27.6034    27.6023    182.705    182.947      0.523    1477.44    1477.45  0.000e+00
      15750    185.000     5.9024     5.9034     0.0011    3.44038    3.44036          1     6.2960     6.2268      19.84     0.0705     0.1656  1.000e-12  1.2716000    35.0482    35.0469    -0.0013    27.6033    27.6022    183.200    183.443      0.497    1477.45    1477.45  0.000e+00
      15775    185.500     5.9020     5.9034     0.0015    3.44035    3.44039          1     6.2917     6.2312      19.35     0.0583     0.2258  1.000e-12  1.2400000    35.0481    35.0471    -0.0010    27.6033    27.6023    183.694    183.938      0.477    1477.46    1477.46  0.000e+00
      15800    186.000     5.9021     5.9035     0.0014    3.44039    3.44042          1     6.2989     6.2400      18.83     0.0634     0.2462  1.000e-12  1.2448000    35.0481    35.0471    -0.0010    27.6033    27.6023    184.189    184.434      0.482    1477.47    1477.47  0.000e+00
      15824    186.500     5.9020     5.9035     0.0015    3.44041    3.44044          1     6.2993     6.2482      18.36     0.0659     0.2371  1.000e-12  1.2114000    35.0481    35.0470    -0.0012    27.6033    27.6022    184.684    184.929      0.492    1477.47    1477.48  0.000e+00
      15849    187.000     5.9025     5.9040     0.0015    3.44048    3.44051          1     6.2956     6.2566      17.83     0.0669     0.2260  1.000e-12  1.2476000    35.0482    35.0470    -0.0012    27.6033    27.6022    185.179    185.425      0.495    1477.49    1477.49  0.000e+00
      15873    187.500     5.9032     5.9045     0.0013    3.44057    3.44059          1     6.2886     6.2548      17.35     0.0710     0.1995  1.000e-12  1.2353000    35.0483    35.0471    -0.0011    27.6033    27.6022    185.674    185.921      0.497    1477.50    1477.50  0.000e+00
      15897    188.000     5.9030     5.9046     0.0016    3.44058    3.44063          1     6.2869     6.2500      16.84     0.0715     0.2171  1.000e-12  1.1759000    35.0483    35.0472    -0.0011    27.6034    27.6023    186.169    186.416      0.497    1477.50    1477.51  0.000e+00
      15921    188.500     5.9028     5.9045     0.0016    3.44059    3.44063          1     6.3034     6.2444      16.33     0.0781     0.2490  1.000e-12  1.2088000    35.0483    35.0471    -0.0012    27.6034    27.6022    186.664    186.912      0.483    1477.51    1477.52  0.000e+00
      15947    189.000     5.9027     5.9043     0.0015    3.44060    3.44063          1     6.3124     6.2386      15.86     0.0672     0.2088  1.000e-12  1.2035000    35.0482    35.0470    -0.0012    27.6033    27.6021    187.159    187.407      0.475    1477.52    1477.52  0.000e+00
      15971    189.500     5.9029     5.9042     0.0014    3.44064    3.44066          1     6.3073     6.2373      15.37     0.0735     0.2419  1.000e-12  1.2278000    35.0483    35.0471    -0.0012    27.6033    27.6022    187.654    187.903      0.491    1477.53    1477.53  0.000e+00
      15995    190.000     5.9027     5.9040     0.0013    3.44063    3.44067          1     6.2990     6.2312      14.86     0.0863     0.2279  1.000e-12  1.2233000    35.0482    35.0472    -0.0010    27.6033    27.6023    188.149    188.399      0.498    1477.54    1477.54  0.000e+00
      16020    190.500     5.9022     5.9037     0.0015    3.44063    3.44067          1     6.2934     6.2316      14.35     0.0713     0.2142  1.000e-12  1.1733000    35.0484    35.0472    -0.0012    27.6035    27.6024    188.643    188.894      0.482    1477.54    1477.55  0.000e+00
      16045    191.000     5.9022     5.9037     0.0016    3.44065    3.44069          1     6.2985     6.2307      13.87     0.0648     0.2772  1.000e-12  1.1697000    35.0484    35.0473    -0.0011    27.6035    27.6025    189.138    189.390      0.474    1477.55    1477.56  0.000e+00
      16070    191.500     5.9023     5.9037     0.0014    3.44068    3.44069          1     6.2993     6.2455      13.39     0.0487     0.2750  1.000e-12  1.1750000    35.0483    35.0471    -0.0012    27.6035    27.6023    189.633    189.885      0.495    1477.56    1477.56  0.000e+00
      16094    192.000     5.9024     5.9037     0.0013    3.44072    3.44073          1     6.3045     6.2521      12.91     0.0782     0.2478  1.000e-12  1.1810000    35.0484    35.0472    -0.0012    27.6035    27.6024    190.128    190.381      0.520    1477.57    1477.57  0.000e+00
      16117    192.500     5.9022     5.9037     0.0015    3.44070    3.44075          1     6.3047     6.2401      12.40     0.0636     0.2343  1.000e-12  1.2399000    35.0482    35.0472    -0.0010    27.6034    27.6024    190.623    190.877      0.518    1477.57    1477.58  0.000e+00
      16140    193.000     5.9022     5.9037     0.0015    3.44074    3.44078          1     6.3021     6.2380      11.87     0.0624     0.2130  1.000e-12  1.2059000    35.0483    35.0472    -0.0011    27.6035    27.6024    191.118    191.372      0.499    1477.58    1477.59  0.000e+00
      16165    193.500     5.9023     5.9038     0.0015    3.44078    3.44082          1     6.3014     6.2345      11.36     0.0706     0.2072  1.000e-12  1.1931000    35.0484    35.0473    -0.0011    27.6035    27.6025    191.613    191.868      0.481    1477.59    1477.60  0.000e+00
      16190    194.000     5.9024     5.9040     0.0016    3.44082    3.44086          1     6.2946     6.2361      10.88     0.0821     0.1794  1.000e-12  1.2358000    35.0486    35.0473    -0.0013    27.6036    27.6024    192.108    192.363      0.463    1477.60    1477.61  0.000e+00
      16217    194.500     5.9025     5.9040     0.0015    3.44085    3.44087          1     6.2935     6.2276      10.36     0.0718     0.1725  1.000e-12  1.2193000    35.0485    35.0472    -0.0013    27.6036    27.6023    192.603    192.859      0.449    1477.61    1477.61  0.000e+00
      16243    195.000     5.9026     5.9040     0.0014    3.44087    3.44091          1     6.2987     6.2226       9.84     0.0617     0.1777  1.000e-12  1.2119000    35.0484    35.0474    -0.0011    27.6035    27.6025    193.098    193.354      0.468    1477.62    1477.62  0.000e+00
      16268    195.500     5.9028     5.9045     0.0017    3.44090    3.44097          1     6.2993     6.2332       9.41     0.0816     0.2046  1.000e-12  1.2976000    35.0483    35.0474    -0.0010    27.6034    27.6024    193.592    193.850      0.519    1477.63    1477.63  0.000e+00
