ctdpy/exports/archive_20191121_122431/received_data/SBE09_1044_20180528_2041_34_07_0040.cnv
* Sea-Bird SBE 9 Data File:
* FileName = C:\ctd\temp\2018\AU18D040.hex
* Software Version Seasave V 7.26.6.26
* Temperature SN = 5351
* Conductivity SN = 3941
* Number of Bytes Per Scan = 41
* Number of Voltage Words = 4
* Number of Scans Averaged by the Deck Unit = 1
* NMEA Latitude = 55 22.99 N
* NMEA Longitude = 015 20.05 E
* NMEA UTC (Time) = May 28 2018  20:41:39
* NMEA baud rate = 4800
** Station:  BY4
** Operator:  JKro
** Ship: AURA
** Average sound velocity: 1443.49 m/s
** True-depth calculation Mon, 28 May 2018 21:35:14 +0000
** CTD Python Module SMHI /ver 3-12/ feb 2012 
** LIMS Job: 20183407-0040
** Cruise: SMHI-02-2018
** Latitude [GG MM.mm N] :
** Longitude [GG MM.mm E]:
# nquan = 26
# nvalues = 174                         
# units = specified
# name 0 = scan: Scan Count
# name 1 = prDM: Pressure, Digiquartz [db]
# name 2 = t090C: Temperature [ITS-90, deg C]
# name 3 = t190C: Temperature, 2 [ITS-90, deg C]
# name 4 = T2-T190C: Temperature Difference, 2 - 1 [ITS-90, deg C]
# name 5 = c0S/m: Conductivity [S/m]
# name 6 = c1S/m: Conductivity, 2 [S/m]
# name 7 = pumps: Pump Status
# name 8 = sbeox0ML/L: Oxygen, SBE 43 [ml/l]
# name 9 = sbeox1ML/L: Oxygen, SBE 43, 2 [ml/l]
# name 10 = altM: Altimeter [m]
# name 11 = flECO-AFL: Chl-a Fluorescence, WET Labs ECO-AFL/FL [mg/m^3]
# name 12 = flECO-AFL1: Phycocyanin Fluorescence, WET Labs ECO-AFL/FL, 2 [mg/m^3]
# name 13 = par: PAR/Irradiance, Biospherical/Lico [µE/(cm^2*s)]
# name 14 = turbWETntu0: Turbidity, WET Labs ECO [NTU]
# name 15 = sal00: Salinity, Practical [PSU]
# name 16 = sal11: Salinity, Practical, 2 [PSU]
# name 17 = secS-priS: Salinity, Practical, Difference, 2 - 1 [PSU]
# name 18 = sigma-t00: Density [sigma-t, Kg/m^3 ]
# name 19 = sigma-t11: Density, 2 [sigma-t, Kg/m^3 ]
# name 20 = depSM: Depth [salt water, m], lat = 55.3832
# name 21 = depFM: Depth [true depth, m], lat = 55.3832
# name 22 = dz/dtM: Descent Rate [m/s], WS = 2
# name 23 = svCM: Sound Velocity [Chen-Millero, m/s]
# name 24 = svCM1: Sound Velocity, 2 [Chen-Millero, m/s]
# name 25 = flag: flag
# span 0 =      15787,      20778       
# span 1 =      1.000,     87.500       
# span 2 =     2.7438,    13.4384       
# span 3 =     2.7452,    13.4401       
# span 4 =    -0.0693,     0.5184       
# span 5 =   0.788996,   1.815397       
# span 6 =   0.788996,   1.815404       
# span 7 =          1,          1       
# span 8 =    0.04536,    9.62599       
# span 9 =   -0.06228,    9.70045       
# span 10 =       1.21,      97.38      
# span 11 =     0.2330,     2.4178      
# span 12 =     0.1591,     0.4182      
# span 13 = -1.240e-04, 1.3380e+00      
# span 14 =     0.1144,     0.6482      
# span 15 =     7.4478,    16.8622      
# span 16 =     7.4444,    16.8617      
# span 17 =    -0.0107,     0.0229      
# span 18 =     5.1626,    13.1717      
# span 19 =     5.1623,    13.1712      
# span 20 =      0.991,     86.690      
# span 21 =      1.013,     88.428      
# span 22 =     -0.277,      0.494      
# span 23 =    1427.44,    1469.42      
# span 24 =    1427.44,    1469.45      
# span 25 = 0.0000e+00, 0.0000e+00      
# interval = decibars: 0.5              
# start_time = May 28 2018 20:41:40 [NMEA time, first data scan]
# bad_flag = -9.990e-29
*END*
[from data line 112]
      18917     57.000     3.1647     3.1606    -0.0042    0.91488    0.91436          1     6.5761     6.2964      33.64     0.2604     0.2193  1.000e-12  0.1426000     9.0038     8.9994    -0.0044     7.1760     7.1726     56.477     57.712      0.465    1430.43    1430.41  0.000e+00
      18943     57.500     3.3266     3.3211    -0.0056    0.93766    0.93701          1     6.1715     5.9105      33.67     0.2554     0.2312  1.000e-12  0.1308000     9.1991     9.1938    -0.0053     7.3285     7.3244     56.972     58.217      0.441    1431.43    1431.40  0.000e+00
      18972     58.000     3.4554     3.4558     0.0005    0.96874    0.96800          1     6.0629     5.9376      33.18     0.2528     0.2453  1.000e-12  0.1353000     9.4900     9.4821    -0.0080     7.5573     7.5510     57.467     58.723      0.411    1432.40    1432.39  0.000e+00
      19001     58.500     3.5960     3.5871    -0.0088    1.00001    0.99920          1     5.9678     5.8274      32.62     0.2857     0.1963  1.000e-12  0.1555000     9.7779     9.7720    -0.0059     7.7827     7.7783     57.963     59.228      0.412    1433.41    1433.37  0.000e+00
      19029     59.000     3.6764     3.6777     0.0013    1.02569    1.02501          1     5.8566     5.7767      31.99     0.2874     0.2319  1.000e-12  0.1518000    10.0240    10.0165    -0.0076     7.9763     7.9702     58.458     59.733      0.458    1434.10    1434.10  0.000e+00
      19054     59.500     3.6463     3.6463     0.0000    1.04994    1.04905          1     5.8609     5.7645      30.46     0.2983     0.2226  1.000e-12  0.1445000    10.2892    10.2798    -0.0094     8.1878     8.1804     58.953     60.239      0.493    1434.32    1434.30  0.000e+00
      19078     60.000     3.6797     3.6792    -0.0005    1.08468    1.08370          1     5.8119     5.7205      29.90     0.2974     0.2341  1.000e-12  0.1439000    10.6460    10.6357    -0.0103     8.4703     8.4622     59.448     60.744      0.465    1434.93    1434.92  0.000e+00
      19107     60.500     3.7976     3.7940    -0.0036    1.11876    1.11787          1     5.8713     5.7825      29.28     0.2825     0.2105  1.000e-12  0.1496000    10.9675    10.9592    -0.0082     8.7219     8.7155     59.944     61.249      0.384    1435.88    1435.86  0.000e+00
      19139     61.000     4.0364     4.0309    -0.0054    1.15641    1.15579          1     5.7525     5.5989      28.77     0.3488     0.2609  1.000e-12  0.1865000    11.2836    11.2789    -0.0047     8.9644     8.9609     60.439     61.753      0.413    1437.36    1437.33  0.000e+00
      19165     61.500     4.1146     4.1197     0.0051    1.18184    1.18141          1     5.4761     5.2162      28.30     0.4779     0.3222  1.000e-12  0.2560000    11.5245    11.5182    -0.0063     9.1525     9.1473     60.935     62.258      0.494    1438.03    1438.04  0.000e+00
      19189     62.000     4.0780     4.0776    -0.0004    1.20027    1.19988          1     5.0380     4.7023      27.87     0.5050     0.2905  1.000e-12  0.2998000    11.7318    11.7277    -0.0040     9.3183     9.3151     61.430     62.763      0.481    1438.14    1438.13  0.000e+00
      19216     62.500     4.1790     4.1797     0.0008    1.22135    1.22100          1     4.5419     4.2717      27.22     0.4340     0.2803  1.000e-12  0.2910000    11.9177    11.9138    -0.0039     9.4616     9.4585     61.925     63.267      0.418    1438.83    1438.83  0.000e+00
      19246     63.000     4.1123     4.1144     0.0020    1.24043    1.24009          1     4.3257     4.0373      26.70     0.4272     0.2987  1.000e-12  0.3077000    12.1438    12.1394    -0.0044     9.6436     9.6400     62.420     63.772      0.420    1438.83    1438.84  0.000e+00
      19273     63.500     4.4635     4.4321    -0.0314    1.27987    1.27896          1     3.7178     3.2504      26.22     0.4411     0.2794  1.000e-12  0.3215000    12.4277    12.4301     0.0023     9.8527     9.8561     62.916     64.276      0.449    1440.75    1440.62  0.000e+00
      19300     64.000     4.8849     4.8926     0.0076    1.32058    1.32045          1     2.9570     2.6297      25.68     0.3998     0.2421  1.000e-12  0.2964000    12.6943    12.6900    -0.0044    10.0428    10.0390     63.411     64.780      0.436    1442.94    1442.97  0.000e+00
      19328     64.500     4.5883     4.5957     0.0074    1.32238    1.32221          1     2.9152     2.8265      25.13     0.4007     0.2580  1.000e-12  0.2830000    12.8270    12.8224    -0.0046    10.1632    10.1592     63.906     65.285      0.440    1441.83    1441.85  0.000e+00
      19354     65.000     4.5743     4.5685    -0.0059    1.33663    1.33600          1     2.9640     2.7741      24.67     0.4107     0.2765  1.000e-12  0.2974000    12.9820    12.9777    -0.0044    10.2865    10.2833     64.402     65.789      0.471    1441.97    1441.94  0.000e+00
      19379     65.500     5.1663     5.1091    -0.0567    1.38328    1.38100          1     2.3556     1.9281      24.20     0.4297     0.2718  1.000e-12  0.3214000    13.2345    13.2336    -0.0009    10.4527    10.4554     64.897     66.293      0.453    1444.86    1444.62  0.000e+00
      19408     66.000     5.7855     5.7966     0.0108    1.42627    1.42617          1     1.4471     1.0767      23.61     0.3750     0.2457  1.000e-12  0.3565000    13.4321    13.4266    -0.0055    10.5702    10.5651     65.392     66.797      0.399    1447.78    1447.82  0.000e+00
      19438     66.500     5.6387     5.6393     0.0006    1.43291    1.43255          1     1.1551     1.0359      23.05     0.3692     0.2877  1.000e-12  0.3604000    13.5586    13.5547    -0.0039    10.6797    10.6766     65.888     67.301      0.424    1447.32    1447.32  0.000e+00
      19464     67.000     5.5607     5.5671     0.0065    1.44475    1.44450          1     1.3318     1.3676      22.58     0.3891     0.3198  1.000e-12  0.4048000    13.7117    13.7065    -0.0052    10.8055    10.8010     66.383     67.804      0.478    1447.19    1447.21  0.000e+00
      19489     67.500     5.3494     5.3523     0.0029    1.44344    1.44328          1     1.5647     1.5756      22.07     0.4361     0.2829  1.000e-12  0.4125000    13.7845    13.7817    -0.0029    10.8767    10.8742     66.878     68.308      0.487    1446.39    1446.39  0.000e+00
      19515     68.000     5.5212     5.4790    -0.0423    1.46009    1.45793          1     1.5270     1.4103      21.56     0.4322     0.2365  1.000e-12  0.3923000    13.8854    13.8807    -0.0047    10.9450    10.9441     67.374     68.812      0.433    1447.25    1447.07  0.000e+00
      19545     68.500     6.2974     6.2496    -0.0477    1.51758    1.51457          1     1.1019     0.8473      21.00     0.4553     0.2305  1.000e-12  0.4140000    14.1510    14.1402    -0.0107    11.0983    11.0935     67.869     69.316      0.397    1450.87    1450.66  0.000e+00
      19573     69.000     7.0115     6.9706    -0.0409    1.57229    1.57003          1     0.4899     0.1941      20.48     0.3773     0.2447  1.000e-12  0.3794000    14.4028    14.3973    -0.0055    11.2377    11.2369     68.364     69.819      0.454    1454.16    1453.98  0.000e+00
      19598     69.500     7.4465     7.4344    -0.0121    1.61681    1.61572          1     0.1411    -0.0623      20.03     0.3301     0.2739  1.000e-12  0.3518000    14.6612    14.6554    -0.0057    11.4011    11.3977     68.860     70.323      0.474    1456.26    1456.21  0.000e+00
      19625     70.000     7.4912     7.4946     0.0034    1.63989    1.63936          1     0.0454    -0.0573      19.49     0.3670     0.2903  1.000e-12  0.3139000    14.8696    14.8629    -0.0068    11.5601    11.5545     69.355     70.826      0.439    1456.71    1456.72  0.000e+00
      19652     70.500     7.5635     7.5549    -0.0085    1.65616    1.65541          1     0.0649     0.0182      18.95     0.3541     0.3345  1.000e-12  0.3002000    14.9986    14.9949    -0.0038    11.6542    11.6520     69.850     71.330      0.437    1457.17    1457.13  0.000e+00
      19679     71.000     7.7685     7.7633    -0.0052    1.67888    1.67843          1     0.1184     0.0829      18.46     0.3172     0.2486  1.000e-12  0.2767000    15.1332    15.1311    -0.0021    11.7395    11.7384     70.346     71.833      0.449    1458.17    1458.15  0.000e+00
      19706     71.500     7.7735     7.7779     0.0043    1.68751    1.68723          1     0.1469     0.1107      17.94     0.2781     0.1816  1.000e-12  0.2139000    15.2156    15.2109    -0.0047    11.8035    11.7994     70.841     72.337      0.445    1458.30    1458.32  0.000e+00
      19733     72.000     7.7494     7.7522     0.0028    1.69882    1.69836          1     0.1889     0.1622      17.45     0.2981     0.2816  1.000e-12  0.2072000    15.3369    15.3311    -0.0058    11.9008    11.8960     71.336     72.840      0.437    1458.37    1458.37  0.000e+00
      19761     72.500     7.6897     7.6924     0.0027    1.70895    1.70853          1     0.2173     0.1841      16.93     0.2888     0.1851  1.000e-12  0.2006000    15.4627    15.4573    -0.0054    12.0051    12.0006     71.831     73.343      0.431    1458.29    1458.29  0.000e+00
      19789     73.000     7.6707     7.6744     0.0037    1.72378    1.72319          1     0.1984     0.1438      16.42     0.2758     0.2290  1.000e-12  0.2142000    15.6171    15.6096    -0.0075    12.1278    12.1216     72.327     73.846      0.444    1458.41    1458.42  0.000e+00
      19815     73.500     7.6228     7.6248     0.0020    1.73757    1.73717          1     0.1460     0.0849      15.91     0.2929     0.2552  1.000e-12  0.2406000    15.7745    15.7697    -0.0048    12.2557    12.2518     72.822     74.349      0.462    1458.42    1458.42  0.000e+00
      19841     74.000     7.5779     7.5799     0.0021    1.74711    1.74693          1     0.1076     0.0622      15.40     0.3254     0.2053  1.000e-12  0.3594000    15.8891    15.8864    -0.0027    12.3498    12.3475     73.317     74.853      0.455    1458.39    1458.39  0.000e+00
      19868     74.500     7.5147     7.5175     0.0028    1.75462    1.75444          1     0.1007     0.0615      14.88     0.3343     0.2087  1.000e-12  0.4152000    15.9923    15.9892    -0.0031    12.4368    12.4341     73.813     75.356      0.429    1458.27    1458.28  0.000e+00
      19897     75.000     7.4225     7.4293     0.0068    1.76040    1.76027          1     0.0996     0.0664      14.36     0.3247     0.2558  1.000e-12  0.2922000    16.0921    16.0877    -0.0044    12.5239    12.5198     74.308     75.859      0.422    1458.03    1458.05  0.000e+00
      19925     75.500     7.3403     7.3437     0.0033    1.76695    1.76678          1     0.0970     0.0662      13.85     0.3474     0.2328  1.000e-12  0.2606000    16.1954    16.1922    -0.0032    12.6127    12.6099     74.803     76.361      0.443    1457.83    1457.84  0.000e+00
      19951     76.000     7.2971     7.3001     0.0029    1.77196    1.77184          1     0.0950     0.0669      13.34     0.3044     0.2247  1.000e-12  0.2423000    16.2655    16.2629    -0.0025    12.6718    12.6695     75.299     76.864      0.469    1457.75    1457.76  0.000e+00
      19976     76.500     7.2696     7.2712     0.0016    1.77567    1.77560          1     0.0940     0.0649      12.85     0.3377     0.2268  1.000e-12  0.2600000    16.3153    16.3138    -0.0015    12.7135    12.7122     75.794     77.367      0.456    1457.71    1457.71  0.000e+00
      20004     77.000     7.2309     7.2360     0.0051    1.77743    1.77741          1     0.0900     0.0636      12.32     0.3895     0.2661  1.000e-12  0.2486000    16.3511    16.3484    -0.0026    12.7452    12.7427     76.289     77.870      0.432    1457.61    1457.62  0.000e+00
      20032     77.500     7.2249     7.2247    -0.0002    1.78272    1.78261          1     0.0887     0.0607      11.80     0.3404     0.2453  1.000e-12  0.2475000    16.4068    16.4058    -0.0010    12.7894    12.7887     76.784     78.373      0.437    1457.66    1457.66  0.000e+00
      20059     78.000     7.2072     7.2093     0.0021    1.78628    1.78624          1     0.0878     0.0580      11.33     0.3602     0.2288  1.000e-12  0.2594000    16.4507    16.4493    -0.0014    12.8255    12.8242     77.280     78.876      0.434    1457.65    1457.66  0.000e+00
      20087     78.500     7.1622     7.1634     0.0012    1.78626    1.78624          1     0.0847     0.0586      10.78     0.3602     0.2407  1.000e-12  0.2681000    16.4717    16.4710    -0.0008    12.8463    12.8456     77.775     79.379      0.435    1457.50    1457.50  0.000e+00
      20114     79.000     7.1468     7.1477     0.0009    1.78791    1.78787          1     0.0816     0.0586      10.29     0.3480     0.2148  1.000e-12  0.2340000    16.4955    16.4947    -0.0009    12.8664    12.8656     78.270     79.881      0.446    1457.47    1457.48  0.000e+00
      20141     79.500     7.1479     7.1485     0.0007    1.79097    1.79088          1     0.0803     0.0568       9.77     0.3527     0.2287  1.000e-12  0.2447000    16.5256    16.5244    -0.0012    12.8899    12.8889     78.766     80.384      0.428    1457.52    1457.53  0.000e+00
      20170     80.000     7.1291     7.1307     0.0016    1.79255    1.79254          1     0.0788     0.0532       9.28     0.3478     0.2177  1.000e-12  0.2660000    16.5504    16.5495    -0.0009    12.9111    12.9102     79.261     80.887      0.402    1457.49    1457.49  0.000e+00
      20201     80.500     7.1107     7.1125     0.0018    1.79358    1.79356          1     0.0766     0.0562       8.73     0.3631     0.2227  1.000e-12  0.2884000    16.5694    16.5683    -0.0010    12.9277    12.9267     79.756     81.390      0.375    1457.44    1457.45  0.000e+00
      20234     81.000     7.0695     7.0735     0.0040    1.79302    1.79305          1     0.0739     0.0549       8.19     0.3546     0.2599  1.000e-12  0.3036000    16.5834    16.5817    -0.0016    12.9425    12.9409     80.251     81.893      0.367    1457.30    1457.32  0.000e+00
      20265     81.500     7.0439     7.0448     0.0009    1.79326    1.79321          1     0.0731     0.0489       7.71     0.3474     0.2062  1.000e-12  0.3042000    16.5980    16.5970    -0.0009    12.9564    12.9556     80.747     82.395      0.423    1457.22    1457.23  0.000e+00
      20292     82.000     7.0777     7.0777    -0.0001    1.79659    1.79652          1     0.0725     0.0508       7.22     0.3815     0.2355  1.000e-12  0.3258000    16.6151    16.6144    -0.0006    12.9666    12.9661     81.242     82.898      0.444    1457.39    1457.39  0.000e+00
      20321     82.500     7.1021     7.1023     0.0002    1.79898    1.79893          1     0.0687     0.0521       6.70     0.3887     0.2538  1.000e-12  0.3846000    16.6273    16.6268    -0.0005    12.9739    12.9735     81.737     83.401      0.375    1457.51    1457.51  0.000e+00
      20355     83.000     7.0994     7.1007     0.0013    1.79988    1.79986          1     0.0703     0.0495       6.17     0.4007     0.1591  1.000e-12  0.3582000    16.6375    16.6367    -0.0008    12.9822    12.9814     82.233     83.904      0.355    1457.52    1457.53  0.000e+00
      20387     83.500     7.0894     7.0905     0.0010    1.80056    1.80054          1     0.0646     0.0478       5.86     0.3807     0.1916  1.000e-12  0.3588000    16.6491    16.6484    -0.0007    12.9922    12.9915     82.728     84.406      0.410    1457.51    1457.51  0.000e+00
      20415     84.000     7.0800     7.0811     0.0012    1.80124    1.80123          1     0.0665     0.0482       5.36     0.3808     0.2191  1.000e-12  0.3413000    16.6603    16.6597    -0.0006    13.0019    13.0013     83.223     84.909      0.412    1457.49    1457.49  0.000e+00
