ctdpy/exports/archive_20191121_122431/received_data/SBE09_1044_20180419_0001_34_07_0019.cnv
* Sea-Bird SBE 9 Data File:
* FileName = C:\ctd\temp\2018\AU18D019.hex
* Software Version Seasave V 7.26.6.26
* Temperature SN = 5351
* Conductivity SN = 3941
* Number of Bytes Per Scan = 41
* Number of Voltage Words = 4
* Number of Scans Averaged by the Deck Unit = 1
* NMEA Latitude = 57 18.73 N
* NMEA Longitude = 020 04.57 E
* NMEA UTC (Time) = Apr 19 2018  00:01:32
* NMEA baud rate = 4800
** Station:  BY15 extra
** Operator:  A-KTh
** Ship: AURA
** Average sound velocity: 1444.66 m/s
** True-depth calculation Thu, 19 Apr 2018 01:11:04 +0000
** CTD Python Module SMHI /ver 3-12/ feb 2012 
** LIMS Job: 20183407-0019
** Cruise: SMHI-01-2018
** Latitude [GG MM.mm N] :
** Longitude [GG MM.mm E]:
# nquan = 26
# nvalues = 469                         
# units = specified
# name 0 = scan: Scan Count
# name 1 = prDM: Pressure, Digiquartz [db]
# name 2 = t090C: Temperature [ITS-90, deg C]
# name 3 = t190C: Temperature, 2 [ITS-90, deg C]
# name 4 = T2-T190C: Temperature Difference, 2 - 1 [ITS-90, deg C]
# name 5 = c0S/m: Conductivity [S/m]
# name 6 = c1S/m: Conductivity, 2 [S/m]
# name 7 = pumps: Pump Status
# name 8 = sbeox0ML/L: Oxygen, SBE 43 [ml/l]
# name 9 = sbeox1ML/L: Oxygen, SBE 43, 2 [ml/l]
# name 10 = altM: Altimeter [m]
# name 11 = flECO-AFL: Chl-a Fluorescence, WET Labs ECO-AFL/FL [mg/m^3]
# name 12 = flECO-AFL1: Phycocyanin Fluorescence, WET Labs ECO-AFL/FL, 2 [mg/m^3]
# name 13 = par: PAR/Irradiance, Biospherical/Lico [µE/(cm^2*s)]
# name 14 = turbWETntu0: Turbidity, WET Labs ECO [NTU]
# name 15 = sal00: Salinity, Practical [PSU]
# name 16 = sal11: Salinity, Practical, 2 [PSU]
# name 17 = secS-priS: Salinity, Practical, Difference, 2 - 1 [PSU]
# name 18 = sigma-t00: Density [sigma-t, Kg/m^3 ]
# name 19 = sigma-t11: Density, 2 [sigma-t, Kg/m^3 ]
# name 20 = depSM: Depth [salt water, m], lat = 57.3122
# name 21 = depFM: Depth [true depth, m], lat = 57.3122
# name 22 = dz/dtM: Descent Rate [m/s], WS = 2
# name 23 = svCM: Sound Velocity [Chen-Millero, m/s]
# name 24 = svCM1: Sound Velocity, 2 [Chen-Millero, m/s]
# name 25 = flag: flag
# span 0 =       7601,      19727       
# span 1 =      0.500,    234.500       
# span 2 =     2.7380,     6.9109       
# span 3 =     2.7384,     6.9114       
# span 4 =    -0.0583,     0.0153       
# span 5 =   0.755572,   1.460423       
# span 6 =   0.755439,   1.460410       
# span 7 =          1,          1       
# span 8 =    0.02092,    9.89899       
# span 9 =    0.02471,    9.74129       
# span 10 =       4.19,      99.07      
# span 11 =     0.2506,     6.4826      
# span 12 =     0.1522,     1.1213      
# span 13 = 1.0000e-12, 2.4460e+00      
# span 14 =     0.1171,     0.5351      
# span 15 =     7.3378,    13.2983      
# span 16 =     7.3371,    13.2981      
# span 17 =    -0.0424,     0.0056      
# span 18 =     5.8483,    10.3801      
# span 19 =     5.8478,    10.3798      
# span 20 =      0.495,    232.208      
# span 21 =      0.506,    236.806      
# span 22 =      0.170,      0.656      
# span 23 =    1426.41,    1455.03      
# span 24 =    1426.42,    1455.03      
# span 25 = 0.0000e+00, 0.0000e+00      
# interval = decibars: 0.5              
# start_time = Apr 19 2018 00:01:32 [NMEA time, first data scan]
# bad_flag = -9.990e-29
*END*
[from data line 168]
      12495     84.500     6.1961     6.1959    -0.0003    1.18715    1.18706          1     0.5146     0.4841      62.79     0.2987     0.2885  1.000e-12  0.1741000    10.8767    10.8759    -0.0008     8.5307     8.5301     83.705     85.518      0.588    1446.60    1446.60  0.000e+00
      12514     85.000     6.2072     6.2071    -0.0000    1.18953    1.18947          1     0.4951     0.4665      97.96     0.3096     0.2347  1.000e-12  0.1844000    10.8966    10.8960    -0.0006     8.5457     8.5453     84.200     86.023      0.643    1446.68    1446.68  0.000e+00
      12533     85.500     6.2139     6.2139    -0.0001    1.19103    1.19098          1     0.4814     0.4553      98.56     0.3009     0.2264  1.000e-12  0.1718000    10.9093    10.9088    -0.0005     8.5552     8.5548     84.695     86.528      0.607    1446.73    1446.73  0.000e+00
      12555     86.000     6.2270     6.2264    -0.0005    1.19292    1.19284          1     0.4901     0.4662      98.56     0.3133     0.2219  1.000e-12  0.1678000    10.9236    10.9230    -0.0006     8.5656     8.5652     85.190     87.033      0.488    1446.81    1446.81  0.000e+00
      12583     86.500     6.2434     6.2428    -0.0006    1.19571    1.19557          1     0.5007     0.4792      98.56     0.3214     0.1871  1.000e-12  0.1672000    10.9459    10.9447    -0.0012     8.5820     8.5812     85.685     87.538      0.401    1446.92    1446.91  0.000e+00
      12612     87.000     6.2645     6.2643    -0.0001    1.19960    1.19947          1     0.4755     0.4459      98.56     0.3117     0.1969  1.000e-12  0.1667000    10.9775    10.9763    -0.0012     8.6055     8.6045     86.181     88.043      0.489    1447.05    1447.05  0.000e+00
      12634     87.500     6.1852     6.1912     0.0059    1.19859    1.19865          1     0.3922     0.3507      98.55     0.3023     0.2584  1.000e-12  0.1584000    10.9930    10.9917    -0.0013     8.6230     8.6216     86.676     88.548      0.588    1446.75    1446.77  0.000e+00
      12653     88.000     6.1753     6.1752    -0.0001    1.20118    1.20105          1     0.3229     0.2878      44.78     0.2936     0.2424  1.000e-12  0.1579000    11.0218    11.0206    -0.0012     8.6463     8.6454     87.171     89.053      0.608    1446.75    1446.75  0.000e+00
      12673     88.500     6.2006     6.1997    -0.0009    1.20504    1.20493          1     0.3040     0.2791      56.46     0.2847     0.2673  1.000e-12  0.1676000    11.0518    11.0510    -0.0009     8.6683     8.6677     87.666     89.558      0.556    1446.90    1446.90  0.000e+00
      12697     89.000     6.2142     6.2123    -0.0019    1.20799    1.20783          1     0.3069     0.2852       6.60     0.2833     0.2199  1.000e-12  0.1908000    11.0765    11.0756    -0.0010     8.6868     8.6862     88.161     90.063      0.478    1447.00    1446.99  0.000e+00
      12723     89.500     6.2176     6.2166    -0.0010    1.21092    1.21079          1     0.3143     0.3034      32.46     0.2758     0.2246  1.000e-12  0.1599000    11.1044    11.1034    -0.0010     8.7085     8.7078     88.656     90.567      0.461    1447.05    1447.05  0.000e+00
      12749     90.000     6.2843     6.2811    -0.0033    1.21608    1.21592          1     0.3666     0.3529      98.90     0.2883     0.2388  1.000e-12  0.1802000    11.1336    11.1331    -0.0005     8.7269     8.7267     89.152     91.072      0.500    1447.38    1447.37  0.000e+00
      12772     90.500     6.2390     6.2400     0.0010    1.21477    1.21473          1     0.3584     0.3272      98.56     0.3083     0.2421  1.000e-12  0.1850000    11.1353    11.1346    -0.0007     8.7313     8.7308     89.647     91.577      0.529    1447.20    1447.20  0.000e+00
      12794     91.000     6.2163     6.2166     0.0004    1.21560    1.21552          1     0.3122     0.2854      98.56     0.2853     0.2324  1.000e-12  0.1554000    11.1509    11.1500    -0.0009     8.7451     8.7444     90.142     92.082      0.548    1447.13    1447.13  0.000e+00
      12816     91.500     6.2402     6.2364    -0.0038    1.21880    1.21861          1     0.3133     0.2969      98.55     0.2853     0.2226  1.000e-12  0.1645000    11.1747    11.1741    -0.0006     8.7623     8.7620     90.637     92.587      0.555    1447.27    1447.25  0.000e+00
      12837     92.000     6.3137     6.3122    -0.0016    1.22382    1.22369          1     0.3472     0.3398      98.56     0.2857     0.2266  1.000e-12  0.1640000    11.2002    11.1994    -0.0008     8.7773     8.7768     91.132     93.092      0.526    1447.62    1447.61  0.000e+00
      12862     92.500     6.3359     6.3346    -0.0013    1.22637    1.22625          1     0.3840     0.3795      74.76     0.2847     0.2063  1.000e-12  0.1576000    11.2181    11.2173    -0.0008     8.7898     8.7893     91.628     93.597      0.478    1447.74    1447.74  0.000e+00
      12888     93.000     6.3432     6.3441     0.0009    1.22873    1.22869          1     0.4055     0.3949      98.74     0.2852     0.1942  1.000e-12  0.1594000    11.2389    11.2382    -0.0007     8.8057     8.8051     92.123     94.101      0.463    1447.81    1447.81  0.000e+00
      12913     93.500     6.3414     6.3414    -0.0000    1.23033    1.23027          1     0.3992     0.3811      98.56     0.2847     0.2308  1.000e-12  0.1611000    11.2552    11.2547    -0.0005     8.8186     8.8182     92.618     94.606      0.517    1447.83    1447.83  0.000e+00
      12934     94.000     6.3558     6.3561     0.0004    1.23165    1.23160          1     0.3815     0.3602      98.56     0.2947     0.2299  1.000e-12  0.1603000    11.2634    11.2628    -0.0006     8.8241     8.8236     93.113     95.111      0.583    1447.91    1447.91  0.000e+00
      12954     94.500     6.3199     6.3229     0.0030    1.23151    1.23154          1     0.3524     0.3277      98.57     0.3016     0.2312  1.000e-12  0.1583000    11.2738    11.2732    -0.0006     8.8347     8.8341     93.608     95.616      0.583    1447.78    1447.79  0.000e+00
      12976     95.000     6.3086     6.3080    -0.0006    1.23218    1.23211          1     0.3335     0.3156      98.55     0.2639     0.2058  1.000e-12  0.1483000    11.2841    11.2836    -0.0005     8.8436     8.8433     94.103     96.121      0.503    1447.75    1447.75  0.000e+00
      13003     95.500     6.3475     6.3452    -0.0024    1.23565    1.23549          1     0.3519     0.3407      98.56     0.2845     0.2306  1.000e-12  0.1500000    11.3055    11.3046    -0.0009     8.8578     8.8572     94.599     96.625      0.434    1447.95    1447.94  0.000e+00
      13030     96.000     6.3586     6.3589     0.0003    1.23862    1.23855          1     0.3635     0.3451      84.52     0.2852     0.2657  1.000e-12  0.1546000    11.3310    11.3303    -0.0007     8.8771     8.8765     95.094     97.130      0.496    1448.04    1448.04  0.000e+00
      13052     96.500     6.3627     6.3630     0.0003    1.24043    1.24040          1     0.3525     0.3390      92.10     0.2853     0.2264  1.000e-12  0.1492000    11.3475    11.3471    -0.0004     8.8898     8.8894     95.589     97.635      0.583    1448.08    1448.08  0.000e+00
      13071     97.000     6.3607     6.3612     0.0005    1.24142    1.24139          1     0.3434     0.3300      98.52     0.2847     0.1927  1.000e-12  0.1544000    11.3579    11.3574    -0.0004     8.8980     8.8977     96.084     98.140      0.590    1448.10    1448.10  0.000e+00
      13093     97.500     6.3650     6.3656     0.0006    1.24285    1.24281          1     0.3440     0.3270      98.57     0.2852     0.1921  1.000e-12  0.1507000    11.3706    11.3699    -0.0007     8.9077     8.9071     96.579     98.645      0.517    1448.14    1448.14  0.000e+00
      13119     98.000     6.3412     6.3433     0.0021    1.24371    1.24370          1     0.3485     0.3373      98.57     0.2772     0.2342  1.000e-12  0.1481000    11.3869    11.3861    -0.0008     8.9222     8.9214     97.074     99.149      0.441    1448.07    1448.08  0.000e+00
      13146     98.500     6.3385     6.3384    -0.0001    1.24538    1.24531          1     0.3579     0.3491      98.57     0.2906     0.2093  1.000e-12  0.1489000    11.4043    11.4036    -0.0007     8.9361     8.9355     97.570     99.654      0.476    1448.09    1448.08  0.000e+00
      13169     99.000     6.3815     6.3786    -0.0029    1.24873    1.24857          1     0.3773     0.3756      98.56     0.2800     0.2392  1.000e-12  0.1482000    11.4229    11.4223    -0.0006     8.9477     8.9474     98.065    100.159      0.554    1448.30    1448.29  0.000e+00
      13190     99.500     6.4381     6.4356    -0.0025    1.25326    1.25308          1     0.4133     0.4119      98.57     0.2668     0.2186  1.000e-12  0.1519000    11.4486    11.4478    -0.0008     8.9639     8.9634     98.560    100.664      0.569    1448.58    1448.56  0.000e+00
      13212    100.000     6.5072     6.5056    -0.0017    1.25875    1.25863          1     0.4537     0.4515      84.72     0.2724     0.2179  1.000e-12  0.1517000    11.4796    11.4790    -0.0006     8.9833     8.9829     99.055    101.168      0.509    1448.91    1448.91  0.000e+00
      13238    100.500     6.5389     6.5430     0.0040    1.26134    1.26149          1     0.5128     0.5160      98.67     0.2848     0.2280  1.000e-12  0.1424000    11.4944    11.4945     0.0001     8.9926     8.9924     99.550    101.673      0.449    1449.07    1449.09  0.000e+00
      13264    101.000     6.5274     6.5281     0.0007    1.26106    1.26107          1     0.5446     0.5409      98.57     0.2661     0.2443  1.000e-12  0.1378000    11.4955    11.4954    -0.0001     8.9943     8.9942    100.045    102.178      0.487    1449.03    1449.04  0.000e+00
      13287    101.500     6.5115     6.5103    -0.0012    1.26062    1.26051          1     0.5314     0.5114      98.57     0.2724     0.2530  1.000e-12  0.1599000    11.4963    11.4957    -0.0006     8.9961     8.9957    100.540    102.683      0.536    1448.98    1448.97  0.000e+00
      13309    102.000     6.4895     6.4905     0.0010    1.26098    1.26096          1     0.4948     0.4716      98.57     0.2730     0.2476  1.000e-12  0.1853000    11.5072    11.5067    -0.0006     9.0063     9.0058    101.036    103.187      0.532    1448.91    1448.91  0.000e+00
      13333    102.500     6.4886     6.4890     0.0003    1.26243    1.26238          1     0.4674     0.4498      98.57     0.2735     0.2713  1.000e-12  0.1484000    11.5217    11.5211    -0.0006     9.0177     9.0172    101.531    103.692      0.497    1448.93    1448.93  0.000e+00
      13357    103.000     6.5140     6.5113    -0.0026    1.26545    1.26528          1     0.4760     0.4660      98.58     0.2725     0.2290  1.000e-12  0.1369000    11.5428    11.5421    -0.0007     9.0325     9.0321    102.026    104.197      0.483    1449.07    1449.06  0.000e+00
      13382    103.500     6.5554     6.5494    -0.0060    1.26863    1.26835          1     0.5301     0.5330      90.43     0.2601     0.2264  1.000e-12  0.1422000    11.5602    11.5594    -0.0008     9.0431     9.0429    102.521    104.701      0.498    1449.27    1449.25  0.000e+00
      13406    104.000     6.6462     6.6452    -0.0010    1.27375    1.27366          1     0.6098     0.6119      98.66     0.2603     0.2100  1.000e-12  0.1409000    11.5799    11.5793    -0.0006     9.0519     9.0515    103.016    105.206      0.505    1449.68    1449.68  0.000e+00
      13429    104.500     6.6470     6.6462    -0.0008    1.27531    1.27524          1     0.6467     0.6386      98.57     0.2826     0.2187  1.000e-12  0.1545000    11.5949    11.5944    -0.0005     9.0636     9.0632    103.511    105.711      0.507    1449.71    1449.71  0.000e+00
      13453    105.000     6.6205     6.6236     0.0030    1.27509    1.27514          1     0.6334     0.6156      98.57     0.2959     0.2001  1.000e-12  0.1446000    11.6016    11.6010    -0.0006     9.0708     9.0701    104.006    106.216      0.504    1449.62    1449.63  0.000e+00
      13477    105.500     6.5740     6.5748     0.0008    1.27452    1.27448          1     0.6007     0.5793      98.57     0.2881     0.1909  1.000e-12  0.1514000    11.6116    11.6110    -0.0006     9.0821     9.0816    104.502    106.720      0.492    1449.45    1449.45  0.000e+00
      13502    106.000     6.6045     6.6029    -0.0016    1.27769    1.27759          1     0.5990     0.5888      98.57     0.2847     0.2077  1.000e-12  0.1466000    11.6324    11.6319    -0.0005     9.0962     9.0960    104.997    107.225      0.494    1449.61    1449.60  0.000e+00
      13526    106.500     6.6489     6.6486    -0.0003    1.28133    1.28125          1     0.6255     0.6194      98.57     0.2929     0.2202  1.000e-12  0.1347000    11.6530    11.6524    -0.0006     9.1091     9.1086    105.492    107.730      0.514    1449.83    1449.83  0.000e+00
      13548    107.000     6.6837     6.6823    -0.0014    1.28450    1.28436          1     0.6608     0.6634      98.09     0.2914     0.1981  1.000e-12  0.1412000    11.6723    11.6714    -0.0009     9.1216     9.1210    105.987    108.234      0.528    1450.00    1450.00  0.000e+00
      13571    107.500     6.7437     6.7416    -0.0021    1.28917    1.28902          1     0.7135     0.7228      98.34     0.2799     0.1522  1.000e-12  0.1475000    11.6977    11.6970    -0.0007     9.1370     9.1366    106.482    108.739      0.518    1450.30    1450.28  0.000e+00
      13595    108.000     6.7879     6.7854    -0.0025    1.29298    1.29284          1     0.7718     0.7762      98.57     0.2726     0.1839  1.000e-12  0.1450000    11.7199    11.7195    -0.0005     9.1511     9.1509    106.977    109.244      0.474    1450.51    1450.50  0.000e+00
      13622    108.500     6.8120     6.8120     0.0000    1.29524    1.29520          1     0.8058     0.7965      44.74     0.2777     0.2254  1.000e-12  0.1535000    11.7338    11.7334    -0.0005     9.1602     9.1598    107.472    109.748      0.458    1450.64    1450.64  0.000e+00
      13647    109.000     6.8088     6.8096     0.0008    1.29726    1.29721          1     0.7893     0.7706      92.43     0.2900     0.1938  1.000e-12  0.1612000    11.7546    11.7538    -0.0008     9.1767     9.1760    107.968    110.253      0.513    1450.66    1450.66  0.000e+00
      13669    109.500     6.7694     6.7708     0.0015    1.29806    1.29808          1     0.7513     0.7230      98.49     0.2899     0.2602  1.000e-12  0.1652000    11.7759    11.7755    -0.0003     9.1965     9.1961    108.463    110.757      0.565    1450.53    1450.54  0.000e+00
      13690    110.000     6.6770     6.6792     0.0022    1.29598    1.29602          1     0.7231     0.7008      98.57     0.2614     0.2350  1.000e-12  0.1785000    11.7870    11.7866    -0.0004     9.2122     9.2117    108.958    111.262      0.552    1450.17    1450.18  0.000e+00
      13713    110.500     6.7648     6.7545    -0.0103    1.30267    1.30219          1     0.7585     0.7565      98.57     0.2841     0.2559  1.000e-12  0.1545000    11.8225    11.8213    -0.0012     9.2334     9.2332    109.453    111.767      0.482    1450.59    1450.54  0.000e+00
      13740    111.000     6.8355     6.8359     0.0003    1.30681    1.30681          1     0.8207     0.8214      98.57     0.2962     0.2644  1.000e-12  0.1562000    11.8388    11.8386    -0.0001     9.2407     9.2406    109.948    112.271      0.449    1450.91    1450.91  0.000e+00
