ctdpy/exports/archive_20191121_122431/received_data/SBE09_0827_20180903_1037_26_01_0954.cnv
* Sea-Bird SBE 9 Data File:
* FileName = D:\CTD_SBE911\DAT\26DA.2018.9.4.hex
* Software Version Seasave V 7.21d
* Temperature SN = 034605
* Conductivity SN = 041844
* Number of Bytes Per Scan = 48
* Number of Voltage Words = 5
* Number of Scans Averaged by the Deck Unit = 1
* NMEA Latitude = 54 58.23 N
* NMEA Longitude = 014 05.82 E
* NMEA UTC (Time) = Sep 03 2018  10:40:12
* NMEA baud rate = 4800
** Ship: DANA
** Average sound velocity: 1473.61 m/s
** True-depth calculation Wed, 03 Apr 2019 09:23:12 +0000
** CTD Python Module SMHI /ver 3-12/ feb 2012 
** LIMS Job: 20182601-0954
**  BY2 ARKONA
** Operator: Christian
** Cruise: 09/2018
# nquan = 26
# nvalues = 87                          
# units = specified
# name 0 = scan: Scan Count
# name 1 = prDM: Pressure, Digiquartz [db]
# name 2 = t090C: Temperature [ITS-90, deg C]
# name 3 = t190C: Temperature, 2 [ITS-90, deg C]
# name 4 = T2-T190C: Temperature Difference, 2 - 1 [ITS-90, deg C]
# name 5 = c0S/m: Conductivity [S/m]
# name 6 = c1S/m: Conductivity, 2 [S/m]
# name 7 = pumps: Pump Status
# name 8 = sbeox1ML/L: Oxygen, SBE 43, 2 [ml/l]
# name 9 = sbeox0ML/L: Oxygen, SBE 43 [ml/l]
# name 10 = altM: Altimeter [m]
# name 11 = chloroflTC0: Chlorophyll, Turner Cyclops [ug/l]
# name 12 = cpar: CPAR/Corrected Irradiance [%]
# name 13 = par: PAR/Irradiance, Biospherical/Lico [µE/(cm^2*s)]
# name 14 = spar: SPAR, Biospherical/Licor
# name 15 = sal00: Salinity, Practical [PSU]
# name 16 = sal11: Salinity, Practical, 2 [PSU]
# name 17 = secS-priS: Salinity, Practical, Difference, 2 - 1 [PSU]
# name 18 = sigma-t00: Density [sigma-t, kg/m^3 ]
# name 19 = sigma-t11: Density, 2 [sigma-t, kg/m^3 ]
# name 20 = depSM: Depth [salt water, m], lat = 54.9705
# name 21 = depFM: Depth [true depth, m], lat = 54.9705
# name 22 = dz/dtM: Descent Rate [m/s], WS = 2
# name 23 = svCM: Sound Velocity [Chen-Millero, m/s]
# name 24 = svCM1: Sound Velocity, 2 [Chen-Millero, m/s]
# name 25 = flag: flag
# span 0 =        -11,       4966       
# span 1 =      1.500,     44.500       
# span 2 =     6.5950,    18.2495       
# span 3 =     6.6308,    18.2462       
# span 4 =    -1.6117,     1.3294       
# span 5 =   0.923912,   2.255613       
# span 6 =   0.935480,   2.238407       
# span 7 =          1,          1       
# span 8 =     1.5577,     6.8670       
# span 9 =     1.2952,     6.6572       
# span 10 =       1.32,       9.98      
# span 11 =     0.0417,     0.1958      
# span 12 = -7.534e-06, 1.2543e+00      
# span 13 = -1.571e-04, 2.6160e+01      
# span 14 = 2.0836e+03, 2.0888e+03      
# span 15 =     7.6705,    17.0033      
# span 16 =     7.7305,    16.8968      
# span 17 =    -0.8674,     0.0765      
# span 18 =     4.4703,    12.0936      
# span 19 =     4.4681,    11.9998      
# span 20 =      1.486,     44.094      
# span 21 =      1.521,     45.016      
# span 22 =      0.002,      0.668      
# span 23 =    1444.45,    1489.09      
# span 24 =    1444.91,    1488.21      
# span 25 = 0.0000e+00, 0.0000e+00      
# interval = decibars: 0.5              
# start_time = Sep 03 2018 10:40:12 [NMEA time, first data scan]
# bad_flag = -9.990e-29
*END*
[from data line 56]
       2779     29.500     6.9302     6.7226    -0.2076    1.01739    0.99626          1     5.5609     5.3857       9.98     0.0570  4.790e-14  1.000e-12  2.088e+03     9.0204     8.8722    -0.1482     7.0207     6.9189     29.232     29.889      0.264    1446.48    1445.43  0.000e+00
       2830     30.000     8.0042     7.1315    -0.8737    1.09028    1.02424          1     5.2831     5.2324       9.98     0.0546  4.796e-14  1.000e-12  2.085e+03     9.4188     9.0331    -0.3857     7.2447     7.0161     29.727     30.395      0.217    1451.38    1447.34  0.000e+00
       2878     30.500    10.2860     8.6730    -1.6117    1.26428    1.11943          1     5.2264     4.5045       9.98     0.0519  4.795e-14  1.000e-12  2.086e+03    10.3758     9.5084    -0.8674     7.7600     7.2526     30.223     30.901      0.318    1461.60    1454.19  0.000e+00
       2915     31.000    11.0587     9.9462    -1.1123    1.34079    1.22684          1     4.9557     4.2524       9.98     0.0510  4.795e-14  1.000e-12  2.086e+03    10.8249    10.1350    -0.6899     8.0116     7.6100     30.718     31.406      0.284    1465.07    1459.99  0.000e+00
       2969     31.500    12.7556    11.5839    -1.1701    1.48889    1.36540          1     4.5879     4.0323       9.98     0.0507  4.795e-14  1.000e-12  2.085e+03    11.5875    10.8812    -0.7062     8.3627     7.9835     31.214     31.911      0.212    1472.21    1467.09  0.000e+00
       3020     32.000    13.0780    12.6276    -0.4516    1.54285    1.47812          1     4.3004     3.8784       9.98     0.0502  4.791e-14  1.000e-12  2.087e+03    11.9452    11.5383    -0.4069     8.5907     8.3457     31.709     32.416      0.264    1473.80    1471.71  0.000e+00
       3063     32.500    13.7913    13.2192    -0.5716    1.64861    1.56559          1     4.1126     3.7465       9.98     0.0487  4.790e-14  1.000e-12  2.088e+03    12.6001    12.0912    -0.5089     8.9804     8.6810     32.205     32.921      0.276    1477.09    1474.49  0.000e+00
       3109     33.000    14.0894    13.6618    -0.4276    1.68043    1.61987          1     3.9774     3.6974       9.98     0.0480  4.790e-14  1.000e-12  2.088e+03    12.7662    12.4031    -0.3631     9.0587     8.8502     32.700     33.426      0.245    1478.33    1476.42  0.000e+00
       3161     33.500    14.2530    13.9853    -0.2678    1.69556    1.66347          1     3.8488     3.6885       9.98     0.0468  4.795e-14  1.000e-12  2.086e+03    12.8368    12.6601    -0.1767     9.0853     8.9947     33.195     33.930      0.222    1478.99    1477.86  0.000e+00
       3210     34.000    14.9937    14.4776    -0.5161    1.77239    1.70557          1     3.8353     3.7891       9.98     0.0452  4.793e-14  1.000e-12  2.086e+03    13.2171    12.8445    -0.3726     9.2473     9.0525     33.691     34.435      0.288    1481.96    1479.77  0.000e+00
       3252     34.500    15.9743    15.2422    -0.7311    1.88547    1.79064          1     3.8727     3.7549       9.98     0.0443  4.794e-14  1.000e-12  2.086e+03    13.7919    13.2817    -0.5102     9.5063     9.2524     34.186     34.939      0.258    1485.89    1482.88  0.000e+00
       3306     35.000    16.4070    15.5550    -0.8533    1.93633    1.82626          1     3.8803     3.6471       9.98     0.0445  4.796e-14  1.000e-12  2.085e+03    14.0466    13.4628    -0.5838     9.6181     9.3338     34.682     35.444      0.223    1487.61    1484.14  0.000e+00
       3351     35.500    16.3352    16.1379    -0.1975    1.94220    1.89830          1     3.8943     3.5241       9.91     0.0430  4.791e-14  1.000e-12  2.087e+03    14.1181    13.8385    -0.2795     9.6866     9.5113     35.177     35.948      0.297    1487.47    1486.51  0.000e+00
       3395     36.000    16.2439    16.2159    -0.0276    1.95318    1.92418          1     3.8196     3.4782       9.48     0.0417  4.792e-14  1.000e-12  2.087e+03    14.2373    14.0169    -0.2204     9.7953     9.6325     35.672     36.453      0.228    1487.32    1486.97  0.000e+00
       3454     36.500    16.1639    16.1797     0.0158    1.96101    1.93908          1     3.7275     3.4010       8.99     0.0428  4.795e-14  1.000e-12  2.086e+03    14.3280    14.1479    -0.1802     9.8800     9.7394     36.168     36.957      0.272    1487.17    1487.01  0.000e+00
       3491     37.000    16.1398    16.1234    -0.0165    1.98307    1.95251          1     3.6558     3.3716       8.48     0.0446  4.795e-14  1.000e-12  2.086e+03    14.5124    14.2747    -0.2377    10.0254     9.8471     36.663     37.461      0.291    1487.31    1486.98  0.000e+00
       3549     37.500    16.5293    16.1593    -0.3697    2.05721    1.97440          1     3.5956     3.5375       7.97     0.0444  4.795e-14  1.000e-12  2.086e+03    14.9590    14.4361    -0.5229    10.2900     9.9634     37.159     37.965      0.225    1489.09    1487.29  0.000e+00
       3594     38.000    16.0179    16.3329     0.3153    2.03687    2.02016          1     3.6346     3.0825       7.48     0.0448  4.795e-14  1.000e-12  2.086e+03    14.9873    14.7374    -0.2498    10.4108    10.1597     37.654     38.469      0.340    1487.47    1488.21  0.000e+00
       3632     38.500    14.8536    16.1838     1.3294    1.96677    2.03721          1     3.6789     2.5370       7.00     0.0446  4.795e-14  1.000e-12  2.086e+03    14.8569    14.9284     0.0715    10.5296    10.3344     38.149     38.973      0.242    1483.47    1487.95  0.000e+00
       3699     39.000    14.2199    14.9684     0.7505    1.93777    1.97631          1     3.2230     2.2730       6.52     0.0449  4.795e-14  1.000e-12  2.086e+03    14.8569    14.8916     0.0346    10.6411    10.5344     38.645     39.477      0.254    1481.32    1483.90  0.000e+00
       3739     39.500    14.5918    14.6857     0.0941    1.98832    1.96178          1     2.8656     2.2993       6.01     0.0455  4.795e-14  1.000e-12  2.086e+03    15.1344    14.8788    -0.2556    10.7883    10.5758     39.140     39.981      0.292    1482.92    1482.94  0.000e+00
       3785     40.000    14.9989    14.6591    -0.3402    2.04951    1.97240          1     2.6982     2.3989       5.71     0.0443  4.792e-14  1.000e-12  2.087e+03    15.4816    14.9768    -0.5048    10.9809    10.6557     39.636     40.485      0.219    1484.70    1482.97  0.000e+00
       3849     40.500    15.5322    14.9097    -0.6217    2.13042    2.01778          1     2.5968     2.3257       5.01     0.0448  4.791e-14  1.000e-12  2.087e+03    15.9333    15.2548    -0.6785    11.2273    10.8235     40.131     40.989      0.245    1487.00    1484.15  0.000e+00
       3888     41.000    15.8220    15.3565    -0.4663    2.17831    2.09271          1     2.5331     2.1717       4.51     0.0452  4.790e-14  1.000e-12  2.088e+03    16.2065    15.6951    -0.5114    11.3810    11.0783     40.626     41.492      0.314    1488.28    1486.16  0.000e+00
       3940     41.500    15.9507    15.5480    -0.4029    2.20268    2.12893          1     2.4416     1.9637       4.00     0.0459  4.790e-14  1.000e-12  2.088e+03    16.3519    15.9145    -0.4373    11.4671    11.2100     41.122     41.996      0.213    1488.88    1487.05  0.000e+00
       3990     42.000    15.6116    15.7824     0.1706    2.19063    2.17810          1     2.3191     1.6697       4.14     0.0458  4.790e-14  1.000e-12  2.088e+03    16.3931    16.2208    -0.1723    11.5639    11.3995     41.617     42.499      0.264    1487.82    1488.18  0.000e+00
       4037     42.500    15.3069    15.6877     0.3810    2.18336    2.18732          1     2.1164     1.5299       3.67     0.0465  4.790e-14  1.000e-12  2.088e+03    16.4597    16.3347    -0.1251    11.6728    11.5048     42.113     43.003      0.244    1486.90    1488.01  0.000e+00
       4088     43.000    15.1285    15.4988     0.3702    2.18042    2.18591          1     1.9441     1.4332       2.46     0.0467  4.791e-14  1.000e-12  2.087e+03    16.5098    16.4009    -0.1090    11.7446    11.5915     42.608     43.506      0.241    1486.37    1487.47  0.000e+00
       4135     43.500    15.4011    15.3063    -0.0948    2.21708    2.18386          1     1.7924     1.7506       4.06     0.0481  4.793e-14  1.000e-12  2.086e+03    16.6970    16.4639    -0.2331    11.8363    11.6761     43.103     44.009      0.256    1487.50    1486.92  0.000e+00
       4189     44.000    15.4903    15.3583    -0.1318    2.25561    2.20475          1     1.7013     1.4811       2.00     0.0484  4.791e-14  1.000e-12  2.087e+03    16.9769    16.6140    -0.3629    12.0337    11.7812     43.599     44.513      0.207    1488.13    1487.27  0.000e+00
       4966     44.500    15.2818    15.3463     0.0644    2.24797    2.23841          1     1.5577     1.2952       1.32     0.0488  4.789e-14  1.000e-12  2.088e+03    17.0033    16.8968    -0.1065    12.0936    11.9998     44.094     45.016      0.002    1487.48    1487.57  0.000e+00
