ctdpy/exports/archive_20191121_122431/received_data/SBE09_0827_20180902_1826_26_01_0951.cnv
* Sea-Bird SBE 9 Data File:
* FileName = D:\CTD_SBE911\DAT\26DA.2018.9.1.hex
* Software Version Seasave V 7.21d
* Temperature SN = 034605
* Conductivity SN = 041844
* Number of Bytes Per Scan = 48
* Number of Voltage Words = 5
* Number of Scans Averaged by the Deck Unit = 1
* NMEA Latitude = 56 40.15 N
* NMEA Longitude = 012 06.46 E
* NMEA UTC (Time) = Sep 02 2018  18:29:00
* NMEA baud rate = 4800
** Ship: DANA
** Average sound velocity: 1493.63 m/s
** True-depth calculation Wed, 03 Apr 2019 09:21:39 +0000
** CTD Python Module SMHI /ver 3-12/ feb 2012 
** LIMS Job: 20182601-0951
**  ANHOLT E
** Operator: Christian JKro
** Cruise: 09/2018
# nquan = 26
# nvalues = 116                         
# units = specified
# name 0 = scan: Scan Count
# name 1 = prDM: Pressure, Digiquartz [db]
# name 2 = t090C: Temperature [ITS-90, deg C]
# name 3 = t190C: Temperature, 2 [ITS-90, deg C]
# name 4 = T2-T190C: Temperature Difference, 2 - 1 [ITS-90, deg C]
# name 5 = c0S/m: Conductivity [S/m]
# name 6 = c1S/m: Conductivity, 2 [S/m]
# name 7 = pumps: Pump Status
# name 8 = sbeox1ML/L: Oxygen, SBE 43, 2 [ml/l]
# name 9 = sbeox0ML/L: Oxygen, SBE 43 [ml/l]
# name 10 = altM: Altimeter [m]
# name 11 = chloroflTC0: Chlorophyll, Turner Cyclops [ug/l]
# name 12 = cpar: CPAR/Corrected Irradiance [%]
# name 13 = par: PAR/Irradiance, Biospherical/Lico [µE/(cm^2*s)]
# name 14 = spar: SPAR, Biospherical/Licor
# name 15 = sal00: Salinity, Practical [PSU]
# name 16 = sal11: Salinity, Practical, 2 [PSU]
# name 17 = secS-priS: Salinity, Practical, Difference, 2 - 1 [PSU]
# name 18 = sigma-t00: Density [sigma-t, kg/m^3 ]
# name 19 = sigma-t11: Density, 2 [sigma-t, kg/m^3 ]
# name 20 = depSM: Depth [salt water, m], lat = 56.6692
# name 21 = depFM: Depth [true depth, m], lat = 56.6692
# name 22 = dz/dtM: Descent Rate [m/s], WS = 2
# name 23 = svCM: Sound Velocity [Chen-Millero, m/s]
# name 24 = svCM1: Sound Velocity, 2 [Chen-Millero, m/s]
# name 25 = flag: flag
# span 0 =        514,       6995       
# span 1 =      2.000,     59.500       
# span 2 =     7.6103,    18.3711       
# span 3 =     7.6076,    18.3661       
# span 4 =    -3.3177,     0.1059       
# span 5 =   3.002027,   4.075519       
# span 6 =   2.999341,   4.090264       
# span 7 =          1,          1       
# span 8 =     3.3725,     6.3816       
# span 9 =     3.4083,     6.0767       
# span 10 =       1.91,       9.98      
# span 11 =     0.0456,     0.3209      
# span 12 = 2.4620e-11, 4.9242e-11      
# span 13 = 1.0000e-12, 1.0000e-12      
# span 14 = 2.0307e+00, 4.0617e+00      
# span 15 =    21.7834,    33.9277      
# span 16 =    21.7882,    33.9307      
# span 17 =    -0.5803,     1.1192      
# span 18 =    15.1530,    26.4884      
# span 19 =    15.1575,    26.4911      
# span 20 =      1.982,     58.947      
# span 21 =      2.007,     59.277      
# span 22 =     -0.040,      0.295      
# span 23 =    1480.64,    1509.88      
# span 24 =    1480.62,    1510.03      
# span 25 = 0.0000e+00, 0.0000e+00      
# interval = decibars: 0.5              
# start_time = Sep 02 2018 18:29:01 [NMEA time, first data scan]
# bad_flag = -9.990e-29
*END*
[from data line 56]
       3089     30.000    14.4028    12.6441    -1.7601    3.91897    3.84106          1     4.4355     4.3040       9.98     0.0528  3.155e-11  1.000e-12  3.490e+00    32.1019    32.8772     0.7754    23.8649    24.8146     29.723     29.997      0.255    1501.88    1496.94  0.000e+00
       3135     30.500    13.2439     9.9245    -3.3177    3.84636    3.65896          1     4.2585     4.1393       9.98     0.0572  3.067e-11  1.000e-12  3.562e+00    32.4047    33.5239     1.1192    24.3337    25.8120     30.218     30.494      0.271    1498.43    1488.26  0.000e+00
       3178     31.000    11.7213     9.4102    -2.3115    3.74517    3.61095          1     4.6669     4.3504       9.98     0.0512  3.235e-11  1.000e-12  3.424e+00    32.7570    33.5118     0.7548    24.8984    25.8872     30.714     30.991      0.283    1493.69    1486.39  0.000e+00
       3220     31.500    10.8773     9.0898    -1.7869    3.68720    3.58674          1     4.6243     4.4930       9.98     0.0468  3.033e-11  1.000e-12  3.591e+00    32.9376    33.5616     0.6240    25.1912    25.9776     31.209     31.488      0.287    1490.97    1485.28  0.000e+00
       3262     32.000    10.3056     8.9609    -1.3448    3.64996    3.57555          1     4.3393     4.4848       9.98     0.0456  3.054e-11  1.000e-12  3.573e+00    33.0823    33.5664     0.4842    25.4031    26.0018     31.705     31.985      0.282    1489.12    1484.82  0.000e+00
       3305     32.500     9.9629     8.8714    -1.0915    3.63034    3.56822          1     4.1012     4.2970       9.98     0.0482  3.392e-11  1.000e-12  3.295e+00    33.1972    33.5742     0.3770    25.5505    26.0219     32.200     32.481      0.272    1488.04    1484.51  0.000e+00
       3350     33.000     9.4044     8.8298    -0.5744    3.59443    3.56415          1     3.9990     4.1290       9.98     0.0457  3.247e-11  1.000e-12  3.414e+00    33.3460    33.5707     0.2247    25.7584    26.0257     32.695     32.978      0.262    1486.20    1484.36  0.000e+00
       3397     33.500     9.2982     8.8052    -0.4934    3.59176    3.56125          1     3.9853     4.0624       9.98     0.0471  3.570e-11  1.000e-12  3.147e+00    33.4171    33.5635     0.1464    25.8313    26.0238     33.191     33.474      0.259    1485.90    1484.26  0.000e+00
       3442     34.000     9.1544     8.7867    -0.3678    3.57767    3.55918          1     3.9885     4.0066       9.98     0.0498  3.546e-11  1.000e-12  3.168e+00    33.4055    33.5591     0.1536    25.8452    26.0233     33.686     33.971      0.265    1485.37    1484.20  0.000e+00
       3487     34.500     9.0199     8.7778    -0.2419    3.56796    3.55770          1     3.9839     3.9894       9.98     0.0469  3.802e-11  1.000e-12  2.956e+00    33.4306    33.5518     0.1213    25.8861    26.0190     34.181     34.467      0.271    1484.91    1484.16  0.000e+00
       3531     35.000     8.9310     8.7195    -0.2115    3.56218    3.55290          1     3.9753     3.9678       9.98     0.0469  3.516e-11  1.000e-12  3.192e+00    33.4537    33.5564     0.1027    25.9182    26.0316     34.677     34.964      0.278    1484.62    1483.96  0.000e+00
       3573     35.500     8.8207     8.6093    -0.2116    3.55385    3.54567          1     3.9258     3.9324       9.98     0.0491  3.711e-11  1.000e-12  3.031e+00    33.4703    33.5849     0.1146    25.9484    26.0709     35.172     35.460      0.286    1484.24    1483.59  0.000e+00
       3615     36.000     8.7113     8.4562    -0.2549    3.54577    3.53615          1     3.8901     3.9005       9.98     0.0494  3.905e-11  1.000e-12  2.871e+00    33.4889    33.6300     0.1411    25.9800    26.1296     35.667     35.956      0.283    1483.86    1483.09  0.000e+00
       3660     36.500     8.4934     8.3120    -0.1813    3.53310    3.52889          1     3.8939     3.8975       9.98     0.0505  3.728e-11  1.000e-12  3.017e+00    33.5622    33.6907     0.1286    26.0708    26.1991     36.163     36.453      0.259    1483.15    1482.63  0.000e+00
       3707     37.000     8.2801     8.2215    -0.0586    3.52191    3.52306          1     3.8941     3.8952       9.98     0.0486  3.791e-11  1.000e-12  2.965e+00    33.6470    33.7155     0.0685    26.1696    26.2321     36.658     36.949      0.250    1482.46    1482.33  0.000e+00
       3754     37.500     8.2423     8.2022    -0.0401    3.51963    3.52132          1     3.8722     3.8706       9.98     0.0473  4.148e-11  1.000e-12  2.671e+00    33.6588    33.7152     0.0564    26.1846    26.2348     37.153     37.445      0.260    1482.34    1482.26  0.000e+00
       3800     38.000     8.2183     8.1894    -0.0289    3.51832    3.52018          1     3.8574     3.8613       9.98     0.0490  4.106e-11  1.000e-12  2.706e+00    33.6675    33.7151     0.0476    26.1950    26.2367     37.649     37.942      0.261    1482.27    1482.22  0.000e+00
       3846     38.500     8.2015     8.1728    -0.0288    3.51757    3.51905          1     3.8469     3.8558       9.98     0.0505  4.183e-11  1.000e-12  2.642e+00    33.6755    33.7188     0.0433    26.2037    26.2420     38.144     38.438      0.272    1482.23    1482.17  0.000e+00
       3889     39.000     8.1849     8.1554    -0.0297    3.51676    3.51792          1     3.8397     3.8616       9.98     0.0477  4.251e-11  1.000e-12  2.586e+00    33.6826    33.7233     0.0407    26.2118    26.2481     38.639     38.934      0.278    1482.18    1482.12  0.000e+00
       3932     39.500     8.1714     8.1302    -0.0410    3.51624    3.51682          1     3.8331     3.8498       9.98     0.0487  4.012e-11  1.000e-12  2.783e+00    33.6898    33.7355     0.0457    26.2195    26.2615     39.135     39.430      0.280    1482.15    1482.05  0.000e+00
       3975     40.000     8.1443     8.0915    -0.0529    3.51505    3.51478          1     3.8161     3.8370       9.98     0.0477  4.293e-11  1.000e-12  2.552e+00    33.7029    33.7509     0.0479    26.2338    26.2793     39.630     39.927      0.277    1482.07    1481.93  0.000e+00
       4019     40.500     8.1018     8.0242    -0.0775    3.51279    3.51154          1     3.7935     3.8141       9.98     0.0487  4.355e-11  1.000e-12  2.500e+00    33.7194    33.7809     0.0615    26.2531    26.3128     40.125     40.423      0.266    1481.94    1481.72  0.000e+00
       4065     41.000     8.0541     8.0079    -0.0462    3.51076    3.51048          1     3.7702     3.7902       9.98     0.0469  4.392e-11  1.000e-12  2.470e+00    33.7435    33.7850     0.0416    26.2790    26.3185     40.621     40.919      0.263    1481.79    1481.67  0.000e+00
       4110     41.500     8.0262     8.0010    -0.0252    3.50940    3.50978          1     3.7556     3.7798       9.98     0.0479  4.011e-11  1.000e-12  2.784e+00    33.7556    33.7840     0.0284    26.2927    26.3187     41.116     41.415      0.268    1481.71    1481.65  0.000e+00
       4154     42.000     8.0161     7.9983    -0.0178    3.50884    3.50943          1     3.7532     3.7757       9.98     0.0468  4.411e-11  1.000e-12  2.454e+00    33.7591    33.7825     0.0235    26.2969    26.3180     41.611     41.912      0.268    1481.69    1481.65  0.000e+00
       4199     42.500     8.0140     7.9979    -0.0161    3.50885    3.50930          1     3.7577     3.7742       9.98     0.0464  4.436e-11  1.000e-12  2.433e+00    33.7611    33.7814     0.0203    26.2988    26.3171     42.107     42.408      0.271    1481.69    1481.65  0.000e+00
       4243     43.000     8.0092     7.9928    -0.0164    3.50856    3.50899          1     3.7539     3.7749       9.98     0.0481  4.522e-11  1.000e-12  2.362e+00    33.7624    33.7827     0.0204    26.3005    26.3189     42.602     42.904      0.276    1481.68    1481.64  0.000e+00
       4287     43.500     8.0042     7.9766    -0.0276    3.50831    3.50837          1     3.7488     3.7781       9.98     0.0481  4.707e-11  1.000e-12  2.210e+00    33.7643    33.7915     0.0272    26.3027    26.3282     43.097     43.400      0.271    1481.67    1481.60  0.000e+00
       4332     44.000     7.9898     7.9436    -0.0461    3.50790    3.50718          1     3.7412     3.7704       9.98     0.0463  4.808e-11  1.000e-12  2.127e+00    33.7736    33.8104     0.0368    26.3122    26.3479     43.593     43.896      0.262    1481.64    1481.51  0.000e+00
       4378     44.500     7.9580     7.8605    -0.0975    3.50646    3.50291          1     3.7057     3.7167       9.98     0.0496  4.770e-11  1.000e-12  2.158e+00    33.7885    33.8450     0.0565    26.3286    26.3872     44.088     44.393      0.258    1481.54    1481.24  0.000e+00
       4425     45.000     7.8619     7.7876    -0.0742    3.50070    3.49825          1     3.6382     3.6348       9.98     0.0476  4.507e-11  1.000e-12  2.375e+00    33.8196    33.8653     0.0457    26.3671    26.4138     44.583     44.889      0.256    1481.23    1481.00  0.000e+00
       4472     45.500     7.7986     7.7652    -0.0334    3.49736    3.49681          1     3.5731     3.5829       9.98     0.0502  4.711e-11  1.000e-12  2.207e+00    33.8449    33.8714     0.0265    26.3962    26.4219     45.078     45.385      0.262    1481.03    1480.93  0.000e+00
       4516     46.000     7.7788     7.7511    -0.0277    3.49621    3.49592          1     3.5663     3.5770       9.98     0.0500  4.866e-11  1.000e-12  2.079e+00    33.8515    33.8753     0.0238    26.4043    26.4270     45.574     45.881      0.275    1480.97    1480.89  0.000e+00
       4560     46.500     7.7645     7.7470    -0.0175    3.49555    3.49547          1     3.5654     3.5840       9.98     0.0489  4.862e-11  1.000e-12  2.082e+00    33.8580    33.8742     0.0162    26.4114    26.4267     46.069     46.377      0.277    1480.93    1480.88  0.000e+00
       4603     47.000     7.7559     7.7409    -0.0149    3.49503    3.49522          1     3.5638     3.5874       9.98     0.0517  4.871e-11  1.000e-12  2.075e+00    33.8606    33.8771     0.0166    26.4147    26.4299     46.564     46.873      0.276    1480.91    1480.87  0.000e+00
       4647     47.500     7.7485     7.7389    -0.0097    3.49489    3.49540          1     3.5495     3.5764       9.98     0.0501  4.833e-11  1.000e-12  2.106e+00    33.8660    33.8808     0.0148    26.4200    26.4331     47.060     47.370      0.264    1480.89    1480.88  0.000e+00
       4694     48.000     7.7453     7.7372    -0.0081    3.49533    3.49612          1     3.5385     3.5552       9.98     0.0492  4.804e-11  1.000e-12  2.130e+00    33.8735    33.8899     0.0164    26.4264    26.4405     47.555     47.866      0.251    1480.90    1480.89  0.000e+00
       4742     48.500     7.7451     7.7382    -0.0068    3.49621    3.49662          1     3.5006     3.5114       9.98     0.0502  4.874e-11  1.000e-12  2.072e+00    33.8831    33.8942     0.0111    26.4339    26.4437     48.050     48.362      0.252    1480.92    1480.91  0.000e+00
       4789     49.000     7.7422     7.7288    -0.0134    3.49620    3.49602          1     3.4750     3.4816       9.98     0.0524  4.924e-11  1.000e-12  2.031e+00    33.8854    33.8966     0.0111    26.4362    26.4469     48.546     48.858      0.254    1480.92    1480.88  0.000e+00
       4836     49.500     7.7312     7.7165    -0.0147    3.49539    3.49508          1     3.4339     3.4402       9.98     0.0527  4.870e-11  1.000e-12  2.075e+00    33.8873    33.8982     0.0109    26.4393    26.4500     49.041     49.354      0.263    1480.89    1480.85  0.000e+00
       4880     50.000     7.7208     7.7044    -0.0163    3.49466    3.49430          1     3.4072     3.4290       9.98     0.0523  4.924e-11  1.000e-12  2.031e+00    33.8893    33.9013     0.0120    26.4424    26.4542     49.536     49.850      0.275    1480.86    1480.81  0.000e+00
       4924     50.500     7.7111     7.6948    -0.0163    3.49408    3.49385          1     3.4060     3.4191       9.98     0.0534  4.867e-11  1.000e-12  2.078e+00    33.8922    33.9056     0.0133    26.4461    26.4589     50.031     50.347      0.275    1480.83    1480.79  0.000e+00
       4968     51.000     7.7006     7.6813    -0.0193    3.49362    3.49318          1     3.4060     3.4287       9.87     0.0537  4.924e-11  1.000e-12  2.031e+00    33.8973    33.9113     0.0141    26.4515    26.4654     50.527     50.843      0.267    1480.81    1480.75  0.000e+00
       5014     51.500     7.6903     7.6757    -0.0147    3.49316    3.49285          1     3.4203     3.4488       9.43     0.0551  4.924e-11  1.000e-12  2.031e+00    33.9021    33.9130     0.0110    26.4568    26.4675     51.022     51.339      0.258    1480.78    1480.74  0.000e+00
       5060     52.000     7.6834     7.6691    -0.0143    3.49281    3.49245          1     3.4438     3.4715       8.92     0.0515  4.871e-11  1.000e-12  2.075e+00    33.9048    33.9148     0.0100    26.4600    26.4699     51.517     51.835      0.259    1480.77    1480.73  0.000e+00
       5106     52.500     7.6780     7.6622    -0.0158    3.49261    3.49200          1     3.4519     3.4833       8.40     0.0493  4.924e-11  1.000e-12  2.031e+00    33.9076    33.9164     0.0089    26.4629    26.4722     52.013     52.331      0.263    1480.76    1480.71  0.000e+00
       5152     53.000     7.6738     7.6572    -0.0166    3.49231    3.49167          1     3.4481     3.4878       7.88     0.0509  4.869e-11  1.000e-12  2.076e+00    33.9082    33.9175     0.0093    26.4640    26.4738     52.508     52.827      0.264    1480.75    1480.70  0.000e+00
       5197     53.500     7.6652     7.6507    -0.0145    3.49183    3.49128          1     3.4516     3.4848       7.39     0.0525  4.924e-11  1.000e-12  2.031e+00    33.9112    33.9194     0.0081    26.4677    26.4761     53.003     53.323      0.273    1480.73    1480.68  0.000e+00
       5240     54.000     7.6601     7.6415    -0.0186    3.49146    3.49068          1     3.4407     3.4794       6.90     0.0512  4.924e-11  1.000e-12  2.031e+00    33.9119    33.9217     0.0098    26.4689    26.4793     53.499     53.820      0.274    1480.72    1480.66  0.000e+00
       5285     54.500     7.6512     7.6313    -0.0198    3.49092    3.49007          1     3.4295     3.4646       6.38     0.0526  4.924e-11  1.000e-12  2.031e+00    33.9146    33.9247     0.0102    26.4723    26.4831     53.994     54.316      0.268    1480.70    1480.64  0.000e+00
       5330     55.000     7.6422     7.6254    -0.0168    3.49040    3.48972          1     3.4197     3.4452       6.33     0.0512  4.924e-11  1.000e-12  2.031e+00    33.9175    33.9265     0.0090    26.4759    26.4854     54.489     54.812      0.262    1480.68    1480.62  0.000e+00
       5376     55.500     7.6355     7.6227    -0.0127    3.49010    3.48957          1     3.4184     3.4445       5.39     0.0502  4.924e-11  1.000e-12  2.031e+00    33.9205    33.9272     0.0067    26.4792    26.4863     54.984     55.308      0.260    1480.66    1480.62  0.000e+00
       5423     56.000     7.6305     7.6202    -0.0103    3.48979    3.48941          1     3.4150     3.4439       4.93     0.0525  4.924e-11  1.000e-12  2.031e+00    33.9218    33.9278     0.0060    26.4810    26.4872     55.480     55.804      0.254    1480.65    1480.62  0.000e+00
       5470     56.500     7.6270     7.6192    -0.0078    3.48963    3.48933          1     3.4263     3.4493       5.03     0.0502  4.924e-11  1.000e-12  2.031e+00    33.9232    33.9277     0.0045    26.4825    26.4872     55.975     56.300      0.256    1480.65    1480.63  0.000e+00
       5516     57.000     7.6244     7.6157    -0.0088    3.48948    3.48916          1     3.4116     3.4461       4.32     0.0504  4.924e-11  1.000e-12  2.031e+00    33.9239    33.9290     0.0051    26.4834    26.4887     56.470     56.796      0.262    1480.65    1480.62  0.000e+00
