ctdpy/exports/archive_20191121_122431/received_data/SBE09_1044_20180320_0034_34_02_0074.cnv
* Sea-Bird SBE 9 Data File:
* FileName = C:\ctd\temp\2018\ME18D074.hex
* Software Version Seasave V 7.26.6.26
* Temperature SN = 5351
* Conductivity SN = 3941
* Number of Bytes Per Scan = 41
* Number of Voltage Words = 4
* Number of Scans Averaged by the Deck Unit = 1
* NMEA Latitude = 58 17.63 N
* NMEA Longitude = 010 50.71 E
* NMEA UTC (Time) = Mar 20 2018  00:34:08
* NMEA baud rate = 4800
** Station:  Å15
** Operator:  MHan
** Ship: MERI
** Average sound velocity: 1474.78 m/s
** True-depth calculation Tue, 20 Mar 2018 01:28:06 +0000
** CTD Python Module SMHI /ver 3-12/ feb 2012 
** LIMS Job: 20183402-0074
** Cruise: SMHI-02-2018
** Latitude [GG MM.mm N] :
** Longitude [GG MM.mm E]:
# nquan = 26
# nvalues = 264                         
# units = specified
# name 0 = scan: Scan Count
# name 1 = prDM: Pressure, Digiquartz [db]
# name 2 = t090C: Temperature [ITS-90, deg C]
# name 3 = t190C: Temperature, 2 [ITS-90, deg C]
# name 4 = T2-T190C: Temperature Difference, 2 - 1 [ITS-90, deg C]
# name 5 = c0S/m: Conductivity [S/m]
# name 6 = c1S/m: Conductivity, 2 [S/m]
# name 7 = pumps: Pump Status
# name 8 = sbeox0ML/L: Oxygen, SBE 43 [ml/l]
# name 9 = sbeox1ML/L: Oxygen, SBE 43, 2 [ml/l]
# name 10 = altM: Altimeter [m]
# name 11 = flECO-AFL: Chl-a Fluorescence, WET Labs ECO-AFL/FL [mg/m^3]
# name 12 = flECO-AFL1: Phycocyanin Fluorescence, WET Labs ECO-AFL/FL, 2 [mg/m^3]
# name 13 = par: PAR/Irradiance, Biospherical/Lico [µE/(cm^2*s)]
# name 14 = turbWETntu0: Turbidity, WET Labs ECO [NTU]
# name 15 = sal00: Salinity, Practical [PSU]
# name 16 = sal11: Salinity, Practical, 2 [PSU]
# name 17 = secS-priS: Salinity, Practical, Difference, 2 - 1 [PSU]
# name 18 = sigma-t00: Density [sigma-t, Kg/m^3 ]
# name 19 = sigma-t11: Density, 2 [sigma-t, Kg/m^3 ]
# name 20 = depSM: Depth [salt water, m], lat = 58.2938
# name 21 = depFM: Depth [true depth, m], lat = 58.2938
# name 22 = dz/dtM: Descent Rate [m/s], WS = 2
# name 23 = svCM: Sound Velocity [Chen-Millero, m/s]
# name 24 = svCM1: Sound Velocity, 2 [Chen-Millero, m/s]
# name 25 = flag: flag
# span 0 =       7720,      14801       
# span 1 =      1.000,    132.500       
# span 2 =    -0.0105,     7.6036       
# span 3 =    -0.0086,     7.6033       
# span 4 =    -0.0320,     0.0557       
# span 5 =   2.141924,   3.589202       
# span 6 =   2.142003,   3.589220       
# span 7 =          1,          1       
# span 8 =    5.61562,    9.16898       
# span 9 =    5.63080,    9.21156       
# span 10 =       0.94,     101.41      
# span 11 =     0.0153,    13.2621      
# span 12 =     0.1333,     2.0572      
# span 13 = -2.150e-07, 5.6219e-01      
# span 14 =     0.1912,     1.5430      
# span 15 =    25.0682,    35.0497      
# span 16 =    25.0678,    35.0499      
# span 17 =    -0.0170,     0.1180      
# span 18 =    20.0965,    27.4487      
# span 19 =    20.0961,    27.4488      
# span 20 =      0.991,    131.227      
# span 21 =      0.998,    131.487      
# span 22 =     -0.446,      0.821      
# span 23 =    1435.86,    1482.13      
# span 24 =    1435.87,    1482.13      
# span 25 = 0.0000e+00, 0.0000e+00      
# interval = decibars: 0.5              
# start_time = Mar 20 2018 00:34:09 [NMEA time, first data scan]
# bad_flag = -9.990e-29
*END*
[from data line 56]
       8978     29.000     6.2445     6.2316    -0.0128    3.37244    3.37121          1     6.3171     6.3094      98.71     0.2782     0.2277  1.000e-12  0.3515000    34.0143    34.0134    -0.0009    26.7427    26.7436     28.729     28.870      0.701    1474.94    1474.89  0.000e+00
       8995     29.500     6.3470     6.3456    -0.0014    3.38433    3.38414          1     6.2767     6.2693      98.71     0.2719     0.2496  1.000e-12  0.3548000    34.0444    34.0437    -0.0007    26.7532    26.7528     29.224     29.366      0.703    1475.39    1475.39  0.000e+00
       9012     30.000     6.3836     6.3783    -0.0053    3.38849    3.38796          1     6.2455     6.2415      98.71     0.2599     0.2682  1.000e-12  0.6146000    34.0541    34.0535    -0.0006    26.7561    26.7563     29.719     29.862      0.654    1475.56    1475.54  0.000e+00
       9032     30.500     6.3943     6.3915    -0.0029    3.38971    3.38945          1     6.2360     6.2338      98.71     0.2373     0.2408  1.000e-12  0.4615000    34.0566    34.0566    -0.0000    26.7566    26.7570     30.214     30.358      0.530    1475.61    1475.60  0.000e+00
       9060     31.000     6.4011     6.4014     0.0003    3.39051    3.39064          1     6.2354     6.2310      98.71     0.2472     0.2636  1.000e-12  0.3478000    34.0585    34.0597     0.0012    26.7573    26.7582     30.710     30.854      0.396    1475.65    1475.65  0.000e+00
       9091     31.500     6.4248     6.4246    -0.0002    3.39350    3.39355          1     6.2386     6.2373      98.71     0.2907     0.2957  1.000e-12  0.3465000    34.0679    34.0687     0.0008    26.7616    26.7622     31.205     31.350      0.438    1475.76    1475.76  0.000e+00
       9115     32.000     6.4555     6.4540    -0.0015    3.39754    3.39749          1     6.2315     6.2342      98.71     0.2750     0.2823  1.000e-12  0.3365000    34.0820    34.0830     0.0009    26.7687    26.7696     31.700     31.846      0.562    1475.91    1475.90  0.000e+00
       9134     32.500     6.5008     6.5010     0.0001    3.40645    3.40661          1     6.2167     6.2194      98.71     0.2647     0.2419  1.000e-12  0.3322000    34.1356    34.1373     0.0017    26.8050    26.8063     32.196     32.342      0.640    1476.16    1476.16  0.000e+00
       9152     33.000     6.5187     6.5185    -0.0003    3.41066    3.41067          1     6.2079     6.2164      98.71     0.2428     0.2372  1.000e-12  0.3346000    34.1644    34.1647     0.0004    26.8254    26.8257     32.691     32.838      0.679    1476.28    1476.28  0.000e+00
       9170     33.500     6.5216     6.5213    -0.0003    3.41184    3.41182          1     6.2060     6.2181      98.71     0.1637     0.2449  1.000e-12  0.3400000    34.1743    34.1744     0.0001    26.8328    26.8329     33.186     33.334      0.681    1476.31    1476.31  0.000e+00
       9187     34.000     6.5162     6.5162    -0.0001    3.41159    3.41161          1     6.2087     6.2200      98.71     0.1639     0.2849  1.000e-12  0.3435000    34.1766    34.1770     0.0004    26.8353    26.8357     33.681     33.830      0.626    1476.30    1476.30  0.000e+00
       9209     34.500     6.5145     6.5141    -0.0004    3.41221    3.41220          1     6.2094     6.2208      98.71     0.1592     0.2640  1.000e-12  0.3489000    34.1851    34.1853     0.0002    26.8423    26.8425     34.177     34.326      0.506    1476.31    1476.31  0.000e+00
       9236     35.000     6.5090     6.5089    -0.0001    3.41239    3.41240          1     6.2033     6.2191      98.71     0.1588     0.2588  1.000e-12  0.3405000    34.1923    34.1925     0.0002    26.8487    26.8488     34.672     34.822      0.434    1476.31    1476.31  0.000e+00
       9262     35.500     6.5039     6.5036    -0.0003    3.41344    3.41345          1     6.2145     6.2252      98.71     0.1783     0.2602  7.403e-11  0.3353000    34.2089    34.2093     0.0004    26.8624    26.8628     35.167     35.318      0.511    1476.32    1476.32  0.000e+00
       9284     36.000     6.5237     6.5234    -0.0003    3.41877    3.41875          1     6.2234     6.2251      98.71     0.1679     0.2656  8.274e-06  0.3469000    34.2481    34.2482     0.0001    26.8907    26.8908     35.662     35.814      0.590    1476.45    1476.45  0.000e+00
       9303     36.500     6.5511     6.5476    -0.0035    3.42387    3.42328          1     6.2240     6.2197      98.71     0.1457     0.2519  7.303e-08  0.3605000    34.2771    34.2740    -0.0030    26.9100    26.9081     36.158     36.310      0.612    1476.60    1476.59  0.000e+00
       9323     37.000     6.5864     6.5847    -0.0017    3.43015    3.43002          1     6.2134     6.2075      98.71     0.1629     0.2069  1.000e-12  0.3869000    34.3112    34.3114     0.0002    26.9322    26.9325     36.653     36.806      0.585    1476.79    1476.79  0.000e+00
       9345     37.500     6.6252     6.6256     0.0003    3.43698    3.43710          1     6.1937     6.1884      98.71     0.1409     0.2410  1.000e-12  0.3390000    34.3478    34.3489     0.0010    26.9559    26.9567     37.148     37.302      0.547    1477.00    1477.00  0.000e+00
       9367     38.000     6.6347     6.6346    -0.0002    3.43897    3.43900          1     6.1814     6.1843      98.71     0.1382     0.2243  1.000e-12  0.3417000    34.3601    34.3605     0.0004    26.9643    26.9647     37.643     37.798      0.520    1477.06    1477.06  0.000e+00
       9391     38.500     6.6339     6.6337    -0.0001    3.43914    3.43917          1     6.1731     6.1858      98.71     0.1144     0.1991  1.000e-12  0.3479000    34.3626    34.3630     0.0004    26.9664    26.9668     38.139     38.294      0.522    1477.07    1477.07  0.000e+00
       9413     39.000     6.6363     6.6363    -0.0001    3.44006    3.44010          1     6.1670     6.1880      98.71     0.1219     0.2573  1.000e-12  0.3500000    34.3701    34.3706     0.0006    26.9720    26.9724     38.634     38.789      0.509    1477.09    1477.10  0.000e+00
       9438     39.500     6.6381     6.6391     0.0009    3.44066    3.44099          1     6.1653     6.1844      98.71     0.1480     0.2861  1.000e-12  0.3824000    34.3746    34.3774     0.0028    26.9753    26.9774     39.129     39.285      0.474    1477.11    1477.12  0.000e+00
       9463     40.000     6.6464     6.6474     0.0011    3.44260    3.44291          1     6.1691     6.1862      98.71     0.1382     0.2433  1.000e-12  0.3800000    34.3877    34.3901     0.0024    26.9845    26.9862     39.625     39.781      0.491    1477.17    1477.18  0.000e+00
       9487     40.500     6.6501     6.6503     0.0002    3.44367    3.44376          1     6.1806     6.1861      98.71     0.1213     0.2299  1.000e-12  0.3436000    34.3955    34.3964     0.0009    26.9902    26.9909     40.120     40.277      0.519    1477.20    1477.21  0.000e+00
       9510     41.000     6.6571     6.6569    -0.0002    3.44503    3.44503          1     6.1762     6.1836      98.71     0.1214     0.2358  1.000e-12  0.3552000    34.4033    34.4035     0.0002    26.9954    26.9956     40.615     40.773      0.502    1477.25    1477.25  0.000e+00
       9535     41.500     6.6598     6.6596    -0.0003    3.44563    3.44565          1     6.1645     6.1734      98.71     0.1342     0.2297  1.000e-12  0.3588000    34.4070    34.4075     0.0005    26.9979    26.9984     41.110     41.269      0.463    1477.27    1477.27  0.000e+00
       9561     42.000     6.6653     6.6657     0.0004    3.44694    3.44703          1     6.1675     6.1654      98.71     0.1220     0.2375  1.000e-12  0.3342000    34.4159    34.4164     0.0006    27.0042    27.0046     41.606     41.765      0.482    1477.31    1477.32  0.000e+00
       9585     42.500     6.6882     6.6878    -0.0004    3.45096    3.45091          1     6.1668     6.1624      98.71     0.1165     0.2299  1.000e-12  0.3474000    34.4371    34.4369    -0.0002    27.0179    27.0178     42.101     42.261      0.507    1477.44    1477.44  0.000e+00
       9609     43.000     6.7529     6.7527    -0.0002    3.46110    3.46097          1     6.1395     6.1432      98.71     0.1245     0.2711  1.000e-12  0.3400000    34.4841    34.4828    -0.0013    27.0462    27.0452     42.596     42.756      0.506    1477.76    1477.75  0.000e+00
       9632     43.500     6.7810     6.7807    -0.0003    3.46549    3.46549          1     6.1261     6.1316      98.71     0.1139     0.2100  1.000e-12  0.3417000    34.5042    34.5045     0.0004    27.0582    27.0585     43.091     43.252      0.513    1477.90    1477.90  0.000e+00
       9655     44.000     6.7855     6.7857     0.0002    3.46630    3.46635          1     6.1339     6.1368      98.71     0.1138     0.1939  1.000e-12  0.3142000    34.5083    34.5086     0.0004    27.0608    27.0611     43.587     43.748      0.531    1477.93    1477.93  0.000e+00
       9678     44.500     6.8307     6.8324     0.0016    3.47280    3.47295          1     6.1246     6.1242      98.71     0.1248     0.2158  1.000e-12  0.3315000    34.5344    34.5344    -0.0000    27.0753    27.0750     44.082     44.244      0.526    1478.15    1478.16  0.000e+00
       9701     45.000     6.8971     6.8970    -0.0001    3.48237    3.48232          1     6.1034     6.1012      98.71     0.1060     0.2131  1.000e-12  0.3277000    34.5731    34.5726    -0.0005    27.0966    27.0963     44.577     44.740      0.469    1478.46    1478.46  0.000e+00
       9730     45.500     6.9227     6.9216    -0.0011    3.48688    3.48678          1     6.0719     6.0669      98.71     0.0914     0.2374  1.000e-12  0.3234000    34.5967    34.5968     0.0001    27.1118    27.1120     45.072     45.236      0.393    1478.60    1478.60  0.000e+00
       9760     46.000     6.9470     6.9463    -0.0007    3.49129    3.49125          1     6.0394     6.0389      98.71     0.0893     0.2338  1.000e-12  0.3442000    34.6207    34.6209     0.0002    27.1273    27.1276     45.568     45.732      0.449    1478.73    1478.73  0.000e+00
       9784     46.500     6.9531     6.9533     0.0002    3.49297    3.49295          1     6.0213     6.0244      98.71     0.0893     0.2104  1.000e-12  0.3394000    34.6328    34.6324    -0.0003    27.1360    27.1357     46.063     46.227      0.549    1478.78    1478.78  0.000e+00
       9805     47.000     6.9821     6.9805    -0.0016    3.49793    3.49775          1     6.0235     6.0141      98.71     0.1844     0.2160  1.000e-12  0.3505000    34.6580    34.6576    -0.0004    27.1519    27.1517     46.558     46.723      0.574    1478.93    1478.92  0.000e+00
       9826     47.500     7.0277     7.0263    -0.0014    3.50498    3.50495          1     6.0097     5.9909      98.71     0.1875     0.2359  1.000e-12  0.3343000    34.6894    34.6905     0.0011    27.1702    27.1713     47.053     47.219      0.532    1479.16    1479.15  0.000e+00
       9850     48.000     7.1164     7.1156    -0.0007    3.51865    3.51865          1     5.9768     5.9610      98.71     0.1067     0.2559  1.000e-12  0.3375000    34.7500    34.7508     0.0007    27.2057    27.2064     47.548     47.715      0.478    1479.58    1479.58  0.000e+00
       9876     48.500     7.1512     7.1498    -0.0014    3.52359    3.52352          1     5.9533     5.9384      98.71     0.0738     0.2418  1.000e-12  0.3309000    34.7689    34.7696     0.0007    27.2156    27.2164     48.044     48.211      0.463    1479.75    1479.74  0.000e+00
       9903     49.000     7.1754     7.1749    -0.0006    3.52708    3.52706          1     5.9381     5.9342      98.71     0.0619     0.2351  1.000e-12  0.3288000    34.7825    34.7828     0.0004    27.2229    27.2233     48.539     48.706      0.438    1479.87    1479.86  0.000e+00
       9932     49.500     7.1925     7.1920    -0.0005    3.52965    3.52969          1     5.9261     5.9292      98.71     0.0567     0.2203  1.000e-12  0.3171000    34.7932    34.7942     0.0009    27.2290    27.2298     49.034     49.202      0.400    1479.95    1479.95  0.000e+00
       9961     50.000     7.2147     7.2133    -0.0013    3.53274    3.53265          1     5.9192     5.9296      98.71     0.0453     0.2284  1.000e-12  0.3096000    34.8045    34.8049     0.0004    27.2347    27.2352     49.529     49.698      0.445    1480.06    1480.06  0.000e+00
       9985     50.500     7.2361     7.2344    -0.0018    3.53558    3.53542          1     5.9104     5.9237      98.71     0.0422     0.2337  1.000e-12  0.2946000    34.8138    34.8138     0.0000    27.2390    27.2392     50.025     50.194      0.570    1480.16    1480.16  0.000e+00
      10004     51.000     7.2576     7.2570    -0.0007    3.53862    3.53855          1     5.8979     5.9069      98.71     0.0615     0.2194  1.000e-12  0.3106000    34.8250    34.8250    -0.0000    27.2448    27.2449     50.520     50.689      0.652    1480.27    1480.27  0.000e+00
      10022     51.500     7.2886     7.2886    -0.0000    3.54246    3.54247          1     5.8874     5.9017      98.71     0.0796     0.2385  1.000e-12  0.3142000    34.8356    34.8357     0.0001    27.2487    27.2488     51.015     51.185      0.645    1480.41    1480.41  0.000e+00
      10042     52.000     7.2998     7.3002     0.0004    3.54409    3.54426          1     5.8827     5.8967      98.71     0.0946     0.2296  1.000e-12  0.3138000    34.8419    34.8434     0.0015    27.2521    27.2532     51.510     51.681      0.533    1480.47    1480.47  0.000e+00
      10071     52.500     7.3412     7.3411    -0.0001    3.54962    3.54978          1     5.8675     5.8797      90.57     0.0961     0.2028  1.000e-12  0.3066000    34.8604    34.8623     0.0019    27.2607    27.2622     52.006     52.177      0.351    1480.66    1480.66  0.000e+00
      10109     53.000     7.3702     7.3691    -0.0011    3.55382    3.55380          1     5.8516     5.8606      89.21     0.0878     0.2252  1.000e-12  0.2886000    34.8767    34.8776     0.0009    27.2694    27.2703     52.501     52.672      0.378    1480.80    1480.80  0.000e+00
      10135     53.500     7.3740     7.3736    -0.0005    3.55482    3.55478          1     5.8575     5.8575      98.91     0.0662     0.2244  1.000e-12  0.2622000    34.8835    34.8837     0.0001    27.2742    27.2744     52.996     53.168      0.560    1480.83    1480.83  0.000e+00
      10154     54.000     7.3802     7.3788    -0.0014    3.55616    3.55610          1     5.8502     5.8487      84.61     0.0478     0.2204  1.000e-12  0.2812000    34.8918    34.8925     0.0008    27.2799    27.2807     53.491     53.664      0.649    1480.87    1480.87  0.000e+00
      10172     54.500     7.3890     7.3889    -0.0001    3.55737    3.55742          1     5.8390     5.8418      94.25     0.0371     0.2234  1.000e-12  0.2958000    34.8959    34.8965     0.0007    27.2818    27.2823     53.986     54.160      0.633    1480.92    1480.92  0.000e+00
      10193     55.000     7.3907     7.3901    -0.0006    3.55764    3.55762          1     5.8344     5.8444      98.60     0.0452     0.2299  1.000e-12  0.2890000    34.8968    34.8973     0.0004    27.2823    27.2827     54.482     54.655      0.494    1480.94    1480.93  0.000e+00
      10223     55.500     7.4077     7.4049    -0.0028    3.55995    3.55969          1     5.8389     5.8499      98.67     0.0564     0.2335  1.000e-12  0.2788000    34.9046    34.9046     0.0000    27.2860    27.2864     54.977     55.151      0.369    1481.02    1481.01  0.000e+00
      10253     56.000     7.4386     7.4379    -0.0007    3.56383    3.56384          1     5.8394     5.8286      98.51     0.0609     0.2360  1.000e-12  0.2777000    34.9155    34.9163     0.0008    27.2901    27.2909     55.472     55.647      0.498    1481.16    1481.16  0.000e+00
