ctdpy/exports/archive_20191121_122431/received_data/SBE09_0827_20180829_1524_26_01_0939.cnv
* Sea-Bird SBE 9 Data File:
* FileName = D:\CTD_SBE911\DAT\26DA.2018.8.139.hex
* Software Version Seasave V 7.21d
* Temperature SN = 034605
* Conductivity SN = 041844
* Number of Bytes Per Scan = 48
* Number of Voltage Words = 5
* Number of Scans Averaged by the Deck Unit = 1
* NMEA Latitude = 57 13.76 N
* NMEA Longitude = 012 02.47 E
* NMEA UTC (Time) = Aug 29 2018  15:27:13
* NMEA baud rate = 4800
** Ship: DANA
** Average sound velocity: 1505.31 m/s
** True-depth calculation Wed, 24 Apr 2019 11:52:09 +0000
** CTD Python Module SMHI /ver 3-12/ feb 2012 
** LIMS Job: 20182601-0939
**  INRE VÆRØTUBEN
** Operator: Christian
** Cruise: 08/2018
# nquan = 26
# nvalues = 61                          
# units = specified
# name 0 = scan: Scan Count
# name 1 = prDM: Pressure, Digiquartz [db]
# name 2 = t090C: Temperature [ITS-90, deg C]
# name 3 = t190C: Temperature, 2 [ITS-90, deg C]
# name 4 = T2-T190C: Temperature Difference, 2 - 1 [ITS-90, deg C]
# name 5 = c0S/m: Conductivity [S/m]
# name 6 = c1S/m: Conductivity, 2 [S/m]
# name 7 = pumps: Pump Status
# name 8 = sbeox1ML/L: Oxygen, SBE 43, 2 [ml/l]
# name 9 = sbeox0ML/L: Oxygen, SBE 43 [ml/l]
# name 10 = altM: Altimeter [m]
# name 11 = chloroflTC0: Chlorophyll, Turner Cyclops [ug/l]
# name 12 = cpar: CPAR/Corrected Irradiance [%]
# name 13 = par: PAR/Irradiance, Biospherical/Lico [µE/(cm^2*s)]
# name 14 = spar: SPAR, Biospherical/Licor
# name 15 = sal00: Salinity, Practical [PSU]
# name 16 = sal11: Salinity, Practical, 2 [PSU]
# name 17 = secS-priS: Salinity, Practical, Difference, 2 - 1 [PSU]
# name 18 = sigma-t00: Density [sigma-t, kg/m^3 ]
# name 19 = sigma-t11: Density, 2 [sigma-t, kg/m^3 ]
# name 20 = depSM: Depth [salt water, m], lat = 57.2293
# name 21 = depFM: Depth [true depth, m], lat = 57.2293
# name 22 = dz/dtM: Descent Rate [m/s], WS = 2
# name 23 = svCM: Sound Velocity [Chen-Millero, m/s]
# name 24 = svCM1: Sound Velocity, 2 [Chen-Millero, m/s]
# name 25 = flag: flag
# span 0 =        307,       4371       
# span 1 =      1.000,     31.000       
# span 2 =    11.4414,    18.0637       
# span 3 =    11.4579,    18.0584       
# span 4 =    -0.0412,     0.4805       
# span 5 =   3.144198,   4.170795       
# span 6 =   3.146334,   4.173029       
# span 7 =          1,          1       
# span 8 =     4.5027,     6.1420       
# span 9 =     4.6053,     5.8713       
# span 10 =       0.63,       9.98      
# span 11 =    -0.0711,     0.2761      
# span 12 = -1.126e-06, 7.7454e+00      
# span 13 = -2.835e-06, 1.9033e+01      
# span 14 = 2.4573e+02, 2.5558e+02      
# span 15 =    22.9506,    32.8772      
# span 16 =    22.9708,    32.9101      
# span 17 =    -0.5271,     0.1514      
# span 18 =    16.0547,    25.0440      
# span 19 =    16.0713,    25.0413      
# span 20 =      0.992,     30.712      
# span 21 =      1.002,     30.961      
# span 22 =     -0.286,      0.501      
# span 23 =    1492.87,    1510.92      
# span 24 =    1492.93,    1510.93      
# span 25 = 0.0000e+00, 0.0000e+00      
# interval = decibars: 0.5              
# start_time = Aug 29 2018 15:27:13 [NMEA time, first data scan]
# bad_flag = -9.990e-29
*END*
        307      1.000    18.0308    18.0325     0.0023    3.15503    3.15476          1     6.0820     5.8354       9.98    -0.0711  7.745e+00  1.903e+01  2.457e+02    23.0570    23.0539    -0.0030    16.1432    16.1404      0.992      1.002      0.021    1502.38    1502.37  0.000e+00
        336      1.500    18.0043    18.0133     0.0089    3.16394    3.15969          1     6.0989     5.8528       9.98     0.0792  7.420e+00  1.823e+01  2.457e+02    23.1437    23.1042    -0.0394    16.2152    16.1832      1.486      1.504      0.442    1502.40    1502.39  0.000e+00
        359      2.000    18.0210    18.0109    -0.0099    3.15856    3.16184          1     6.1146     5.8550       9.98     0.0215  6.486e+00  1.594e+01  2.457e+02    23.0907    23.1229     0.0321    16.1711    16.1979      1.982      2.005      0.468    1502.40    1502.41  0.000e+00
        388      2.500    18.0143    18.0049    -0.0095    3.15955    3.16260          1     6.1128     5.8713       9.98    -0.0005  5.666e+00  1.392e+01  2.457e+02    23.1023    23.1322     0.0299    16.1815    16.2064      2.477      2.506      0.428    1502.40    1502.41  0.000e+00
        413      3.000    18.0619    18.0206    -0.0412    3.14440    3.16031          1     6.1321     5.8629       9.98    -0.0000  4.937e+00  1.213e+01  2.457e+02    22.9534    23.1048     0.1514    16.0572    16.1819      2.972      3.007      0.501    1502.39    1502.43  0.000e+00
        438      3.500    18.0637    18.0584    -0.0053    3.14420    3.14633          1     6.1335     5.8423       9.98     0.0000  4.468e+00  1.098e+01  2.457e+02    22.9506    22.9708     0.0202    16.0547    16.0713      3.468      3.508      0.425    1502.40    1502.40  0.000e+00
        471      4.000    18.0405    18.0468     0.0064    3.15143    3.14894          1     6.1304     5.8426       9.98     0.2761  3.930e+00  9.656e+00  2.457e+02    23.0218    22.9982    -0.0236    16.1142    16.0948      3.963      4.009      0.338    1502.42    1502.41  0.000e+00
        508      4.500    17.9756    18.0363     0.0607    3.17541    3.15234          1     6.1420     5.8196       9.98     0.0109  3.505e+00  8.613e+00  2.457e+02    23.2518    23.0313    -0.2205    16.3041    16.1224      4.459      4.511      0.312    1502.49    1502.42  0.000e+00
        550      5.000    17.9331    18.0052     0.0721    3.18429    3.16280          1     6.0908     5.7738       9.98     0.0001  3.162e+00  7.769e+00  2.457e+02    23.3475    23.1331    -0.2144    16.3867    16.2070      4.954      5.012      0.262    1502.48    1502.45  0.000e+00
        597      5.500    17.9038    17.9589     0.0551    3.18541    3.17573          1     6.0936     5.7367       9.98     0.0766  2.839e+00  6.976e+00  2.457e+02    23.3732    23.2635    -0.1096    16.4129    16.3169      5.449      5.513      0.237    1502.42    1502.47  0.000e+00
        658      6.000    17.8637    17.9032     0.0396    3.19129    3.18494          1     6.0346     5.7390       9.98     0.2003  2.519e+00  6.208e+00  2.465e+02    23.4436    23.3696    -0.0740    16.4756    16.4103      5.945      6.014      0.239    1502.39    1502.43  0.000e+00
        695      6.500    17.8540    17.8670     0.0130    3.21043    3.19613          1     6.0108     5.7573       9.98     0.2085  2.282e+00  5.638e+00  2.470e+02    23.6043    23.4808    -0.1234    16.6003    16.5033      6.440      6.515      0.428    1502.55    1502.45  0.000e+00
        722      7.000    17.8506    17.8566     0.0060    3.21900    3.20904          1     6.0224     5.7480       9.98     0.2300  2.017e+00  4.995e+00  2.477e+02    23.6757    23.5914    -0.0843    16.6555    16.5899      6.935      7.016      0.447    1502.63    1502.55  0.000e+00
        749      7.500    17.8357    17.8524     0.0166    3.23655    3.21609          1     6.0437     5.7038       9.98     0.2373  1.788e+00  4.430e+00  2.478e+02    23.8268    23.6509    -0.1759    16.7741    16.6362      7.431      7.517      0.433    1502.76    1502.61  0.000e+00
        777      8.000    17.8203    17.8416     0.0213    3.24941    3.22760          1     6.0268     5.7030       9.98     0.2183  1.623e+00  4.020e+00  2.478e+02    23.9402    23.7505    -0.1897    16.8640    16.7146      7.926      8.017      0.404    1502.85    1502.70  0.000e+00
        808      8.500    17.8097    17.8347     0.0250    3.25681    3.23583          1     5.9856     5.7330       9.98     0.2286  1.464e+00  3.629e+00  2.478e+02    24.0066    23.8213    -0.1853    16.9170    16.7701      8.422      8.518      0.380    1502.90    1502.77  0.000e+00
        840      9.000    17.8137    17.8234     0.0097    3.26452    3.24609          1     5.9375     5.7479       9.98     0.2049  1.325e+00  3.284e+00  2.478e+02    24.0669    23.9112    -0.1557    16.9621    16.8412      8.917      9.019      0.362    1502.99    1502.85  0.000e+00
        875      9.500    17.8295    17.8215    -0.0080    3.27542    3.25931          1     5.9749     5.7321       9.98     0.1815  1.208e+00  2.994e+00  2.478e+02    24.1462    24.0197    -0.1265    17.0190    16.9244      9.412      9.520      0.340    1503.14    1502.97  0.000e+00
        912     10.000    17.8451    17.8301    -0.0150    3.29399    3.27142          1     5.9619     5.7370       9.98     0.1649  1.101e+00  2.729e+00  2.478e+02    24.2881    24.1131    -0.1750    17.1236    16.9936      9.908     10.020      0.308    1503.35    1503.11  0.000e+00
        953     10.500    17.8431    17.8386    -0.0045    3.30703    3.29019          1     5.9698     5.7262       9.98     0.1567  1.010e+00  2.501e+00  2.478e+02    24.3954    24.2609    -0.1345    17.2059    17.1044     10.403     10.521      0.283    1503.48    1503.31  0.000e+00
        996     11.000    17.8455    17.8431    -0.0024    3.31847    3.30557          1     5.9732     5.7324       9.98     0.1509  9.237e-01  2.289e+00  2.478e+02    24.4872    24.3835    -0.1038    17.2754    17.1968     10.898     11.022      0.275    1503.60    1503.47  0.000e+00
       1042     11.500    17.8408    17.8404    -0.0004    3.32774    3.32272          1     5.9711     5.7142       9.98     0.1511  8.474e-01  2.100e+00  2.478e+02    24.5655    24.5248    -0.0407    17.3362    17.3052     11.394     11.522      0.253    1503.68    1503.63  0.000e+00
       1089     12.000    17.8218    17.8290     0.0072    3.33655    3.33423          1     5.9796     5.7049       9.98     0.1553  7.796e-01  1.931e+00  2.478e+02    24.6488    24.6255    -0.0233    17.4039    17.3845     11.889     12.023      0.252    1503.72    1503.72  0.000e+00
       1136     12.500    17.8060    17.8081     0.0021    3.34187    3.33933          1     5.9439     5.6831       9.98     0.1611  7.194e-01  1.782e+00  2.478e+02    24.7015    24.6796    -0.0220    17.4478    17.4306     12.385     12.524      0.266    1503.75    1503.73  0.000e+00
       1180     13.000    17.7666    17.7845     0.0178    3.42084    3.37753          1     5.9493     5.6331       9.98     0.1685  6.636e-01  1.644e+00  2.478e+02    25.3726    25.0065    -0.3661    17.9686    17.6853     12.880     13.024      0.269    1504.39    1504.03  0.000e+00
       1225     13.500    17.8221    17.7960    -0.0261    3.47372    3.45820          1     5.8985     5.5465       9.98     0.1951  6.127e-01  1.518e+00  2.478e+02    25.7716    25.6606    -0.1110    18.2603    18.1816     13.375     13.524      0.262    1505.02    1504.82  0.000e+00
       1273     14.000    17.8406    17.8376    -0.0029    3.47802    3.47718          1     5.8412     5.4519       9.98     0.2137  5.616e-01  1.391e+00  2.478e+02    25.7952    25.7901    -0.0050    18.2741    18.2709     13.871     14.024      0.244    1505.11    1505.10  0.000e+00
       1323     14.500    17.8529    17.8450    -0.0079    3.57996    3.51539          1     5.7094     5.2476       9.97     0.2454  5.067e-01  1.255e+00  2.478e+02    26.6268    26.0997    -0.5271    18.9058    18.5054     14.366     14.524      0.233    1506.10    1505.48  0.000e+00
       1376     15.000    17.9037    17.8915    -0.0122    3.68482    3.66290          1     5.5859     5.3220       9.97     0.2577  4.545e-01  1.126e+00  2.478e+02    27.4580    27.2849    -0.1730    19.5284    19.3991     14.861     15.024      0.228    1507.20    1506.97  0.000e+00
       1428     15.500    17.8970    17.8984     0.0014    3.68645    3.68595          1     5.5821     5.3183       9.97     0.1978  4.080e-01  1.013e+00  2.482e+02    27.4758    27.4707    -0.0051    19.5435    19.5393     15.357     15.523      0.235    1507.21    1507.21  0.000e+00
       1477     16.000    17.9017    17.8938    -0.0080    3.69014    3.68669          1     5.5503     5.3098       9.97     0.1868  3.637e-01  9.068e-01  2.493e+02    27.5029    27.4798    -0.0231    19.5632    19.5474     15.852     16.023      0.251    1507.26    1507.21  0.000e+00
       1524     16.500    17.9772    17.9614    -0.0158    3.73464    3.71768          1     5.5808     5.3277       9.97     0.1841  3.266e-01  8.154e-01  2.497e+02    27.8199    27.6904    -0.1296    19.7875    19.6923     16.348     16.522      0.259    1507.86    1507.66  0.000e+00
       1571     17.000    17.8828    17.9075     0.0247    3.78005    3.76036          1     5.5753     5.2798       9.97     0.1743  2.924e-01  7.303e-01  2.498e+02    28.2609    28.0804    -0.1805    20.1463    20.0027     16.843     17.022      0.254    1508.08    1507.95  0.000e+00
       1618     17.500    17.8598    17.8595    -0.0003    3.84193    3.82887          1     5.5618     5.2771       9.97     0.1636  2.606e-01  6.509e-01  2.498e+02    28.7913    28.6828    -0.1084    20.5568    20.4740     17.338     17.521      0.254    1508.62    1508.50  0.000e+00
       1666     18.000    17.8803    17.8722    -0.0080    3.86952    3.86129          1     5.5560     5.2957       9.97     0.1867  2.320e-01  5.794e-01  2.498e+02    29.0066    28.9437    -0.0629    20.7164    20.6703     17.834     18.020      0.246    1508.93    1508.84  0.000e+00
       1716     18.500    17.8922    17.8963     0.0042    3.89363    3.88723          1     5.5735     5.2575       9.97     0.1704  2.043e-01  5.104e-01  2.498e+02    29.1990    29.1427    -0.0564    20.8606    20.8166     18.329     18.519      0.231    1509.20    1509.14  0.000e+00
       1769     19.000    17.7494    17.7820     0.0325    3.93998    3.93381          1     5.5230     5.1715       9.97     0.1431  1.812e-01  4.528e-01  2.498e+02    29.6895    29.6142    -0.0753    21.2691    21.2039     18.824     19.017      0.233    1509.33    1509.34  0.000e+00
       1819     19.500    17.5353    17.5610     0.0257    3.94304    3.94260          1     5.4126     5.1351       9.97     0.1520  1.605e-01  4.010e-01  2.498e+02    29.8715    29.8490    -0.0225    21.4585    21.4353     19.320     19.516      0.245    1508.91    1508.96  0.000e+00
       1867     20.000    17.4485    17.4492     0.0008    3.97276    3.96263          1     5.3589     5.0917       9.97     0.1451  1.422e-01  3.552e-01  2.498e+02    30.1864    30.1003    -0.0862    21.7197    21.6536     19.815     20.015      0.254    1509.01    1508.92  0.000e+00
       1914     20.500    17.4780    17.4673    -0.0108    4.03176    4.01718          1     5.2961     5.1120       9.97     0.1430  1.260e-01  3.147e-01  2.498e+02    30.6637    30.5483    -0.1154    22.0779    21.9921     20.310     20.513      0.256    1509.65    1509.49  0.000e+00
       1960     21.000    17.6150    17.5921    -0.0229    4.10742    4.08824          1     5.3513     5.1277       9.97     0.1335  1.106e-01  2.764e-01  2.498e+02    31.2003    31.0553    -0.1450    22.4562    22.3507     20.806     21.011      0.268    1510.68    1510.45  0.000e+00
       2005     21.500    17.6196    17.6237     0.0041    4.12812    4.12466          1     5.3774     5.0739       9.97     0.1185  9.642e-02  2.408e-01  2.498e+02    31.3719    31.3394    -0.0324    22.5865    22.5607     21.301     21.509      0.262    1510.90    1510.87  0.000e+00
       2051     22.000    17.5423    17.5550     0.0128    4.14588    4.14059          1     5.3574     5.0764       9.83     0.1085  8.308e-02  2.075e-01  2.498e+02    31.5823    31.5275    -0.0548    22.7659    22.7209     21.796     22.007      0.265    1510.92    1510.89  0.000e+00
       2096     22.500    17.4566    17.4817     0.0251    4.16261    4.15985          1     5.3264     5.0342       9.42     0.1024  7.128e-02  1.782e-01  2.500e+02    31.7915    31.7483    -0.0432    22.9462    22.9073     22.292     22.505      0.268    1510.91    1510.93  0.000e+00
       2140     23.000    17.2422    17.2921     0.0499    4.16572    4.16762          1     5.2871     4.9758       8.87     0.0984  6.078e-02  1.521e-01  2.503e+02    31.9867    31.9635    -0.0232    23.1462    23.1167     22.787     23.003      0.276    1510.49    1510.62  0.000e+00
       2183     23.500    17.0451    17.0822     0.0372    4.17080    4.16951          1     5.2478     4.9686       8.38     0.0971  5.123e-02  1.287e-01  2.512e+02    32.1868    32.1462    -0.0407    23.3458    23.3059     23.282     23.500      0.274    1510.14    1510.20  0.000e+00
       2227     24.000    16.9075    16.9313     0.0239    4.16909    4.17303          1     5.2313     4.9703       7.89     0.0870  4.263e-02  1.073e-01  2.517e+02    32.2820    32.2969     0.0149    23.4507    23.4566     23.778     23.998      0.273    1509.84    1509.93  0.000e+00
       2272     24.500    16.8713    16.8779     0.0067    4.16941    4.17067          1     5.2294     4.9785       7.41     0.0789  3.454e-02  8.696e-02  2.518e+02    32.3137    32.3192     0.0055    23.4835    23.4861     24.273     24.496      0.268    1509.77    1509.80  0.000e+00
       2316     25.000    16.8418    16.8519     0.0101    4.16832    4.17048          1     5.2228     4.9732       6.88     0.0803  2.707e-02  6.815e-02  2.518e+02    32.3277    32.3383     0.0106    23.5011    23.5069     24.768     24.993      0.269    1509.71    1509.75  0.000e+00
       2361     25.500    16.7260    16.7672     0.0413    4.16111    4.16588          1     5.2029     4.8863       6.38     0.0795  2.008e-02  5.058e-02  2.518e+02    32.3584    32.3665     0.0081    23.5514    23.5481     25.264     25.491      0.272    1509.40    1509.53  0.000e+00
       2405     26.000    16.3126    16.4461     0.1334    4.13389    4.14719          1     5.1221     4.8381       5.90     0.0791  1.355e-02  3.411e-02  2.518e+02    32.4559    32.4637     0.0078    23.7208    23.6964     25.759     25.988      0.273    1508.25    1508.67  0.000e+00
       2449     26.500    16.0452    16.1106     0.0654    4.11510    4.12400          1     5.0730     4.8442       5.42     0.0713  7.071e-03  1.781e-02  2.518e+02    32.5089    32.5338     0.0248    23.8221    23.8264     26.254     26.486      0.276    1507.50    1507.73  0.000e+00
       2491     27.000    15.8212    15.9183     0.0972    4.10123    4.11210          1     5.0695     4.8168       4.91     0.0710  1.486e-03  3.741e-03  2.518e+02    32.5701    32.5864     0.0163    23.9192    23.9101     26.750     26.983      0.288    1506.88    1507.20  0.000e+00
       2533     27.500    15.5411    15.6416     0.1005    4.08319    4.09445          1     5.0401     4.8167       4.41     0.0622 -1.126e-06 -2.835e-06  2.518e+02    32.6409    32.6580     0.0171    24.0358    24.0267     27.245     27.481      0.288    1506.09    1506.43  0.000e+00
       2574     28.000    15.4362    15.4784     0.0422    4.07597    4.08347          1     5.0213     4.8275       3.92     0.0595  3.971e-13  1.000e-12  2.518e+02    32.6632    32.6952     0.0320    24.0761    24.0914     27.740     27.978      0.283    1505.80    1505.97  0.000e+00
