ctdpy/exports/archive_20191121_122431/received_data/SBE09_1044_20180203_1510_34_02_0052.cnv
* Sea-Bird SBE 9 Data File:
* FileName = C:\ctd\temp\2018\ME18D052.hex
* Software Version Seasave V 7.26.6.26
* Temperature SN = 5351
* Conductivity SN = 3941
* Number of Bytes Per Scan = 41
* Number of Voltage Words = 4
* Number of Scans Averaged by the Deck Unit = 1
* NMEA Latitude = 58 15.59 N
* NMEA Longitude = 011 26.11 E
* NMEA UTC (Time) = Feb 03 2018  15:10:26
* NMEA baud rate = 4800
** Station:  Slägg
** Operator:  SSip
** Ship: MERI
** Average sound velocity: 1469.65 m/s
** True-depth calculation Sat, 03 Feb 2018 18:57:24 +0000
** CTD Python Module SMHI /ver 3-12/ feb 2012 
** LIMS Job: 20183402-0052
** Cruise: SMHI-01-2018
** Latitude [GG MM.mm N] :
** Longitude [GG MM.mm E]:
# nquan = 26
# nvalues = 140                         
# units = specified
# name 0 = scan: Scan Count
# name 1 = prDM: Pressure, Digiquartz [db]
# name 2 = t090C: Temperature [ITS-90, deg C]
# name 3 = t190C: Temperature, 2 [ITS-90, deg C]
# name 4 = T2-T190C: Temperature Difference, 2 - 1 [ITS-90, deg C]
# name 5 = c0S/m: Conductivity [S/m]
# name 6 = c1S/m: Conductivity, 2 [S/m]
# name 7 = pumps: Pump Status
# name 8 = sbeox0ML/L: Oxygen, SBE 43 [ml/l]
# name 9 = sbeox1ML/L: Oxygen, SBE 43, 2 [ml/l]
# name 10 = altM: Altimeter [m]
# name 11 = flECO-AFL: Chl-a Fluorescence, WET Labs ECO-AFL/FL [mg/m^3]
# name 12 = flECO-AFL1: Phycocyanin Fluorescence, WET Labs ECO-AFL/FL, 2 [mg/m^3]
# name 13 = par: PAR/Irradiance, Biospherical/Lico [µE/(cm^2*s)]
# name 14 = turbWETntu0: Turbidity, WET Labs ECO [NTU]
# name 15 = sal00: Salinity, Practical [PSU]
# name 16 = sal11: Salinity, Practical, 2 [PSU]
# name 17 = secS-priS: Salinity, Practical, Difference, 2 - 1 [PSU]
# name 18 = sigma-t00: Density [sigma-t, Kg/m^3 ]
# name 19 = sigma-t11: Density, 2 [sigma-t, Kg/m^3 ]
# name 20 = depSM: Depth [salt water, m], lat = 58.2598
# name 21 = depFM: Depth [true depth, m], lat = 58.2598
# name 22 = dz/dtM: Descent Rate [m/s], WS = 2
# name 23 = svCM: Sound Velocity [Chen-Millero, m/s]
# name 24 = svCM1: Sound Velocity, 2 [Chen-Millero, m/s]
# name 25 = flag: flag
# span 0 =       7842,      10920       
# span 1 =      2.000,     71.500       
# span 2 =     3.3465,     6.9058       
# span 3 =     3.3715,     6.9035       
# span 4 =    -0.0125,     0.0249       
# span 5 =   2.343458,   3.356188       
# span 6 =   2.349746,   3.356095       
# span 7 =          1,          1       
# span 8 =    5.43995,    7.35425       
# span 9 =    5.44124,    7.35638       
# span 10 =       4.95,      98.59      
# span 11 =     0.2313,     0.7371      
# span 12 =     0.3133,     0.4736      
# span 13 = -2.811e-05, 5.3741e+00      
# span 14 =     1.4235,     3.0348      
# span 15 =    24.8601,    33.1643      
# span 16 =    24.9140,    33.1650      
# span 17 =    -0.0326,     0.0641      
# span 18 =    19.7781,    25.9856      
# span 19 =    19.8192,    25.9864      
# span 20 =      1.981,     70.824      
# span 21 =      1.998,     71.051      
# span 22 =     -0.003,      0.655      
# span 23 =    1450.81,    1477.15      
# span 24 =    1450.99,    1477.14      
# span 25 = 0.0000e+00, 0.0000e+00      
# interval = decibars: 0.5              
# start_time = Feb 03 2018 15:10:27 [NMEA time, first data scan]
# bad_flag = -9.990e-29
*END*
       7842      2.000     3.3465     3.3715     0.0249    2.34346    2.34975          1     7.3543     7.3564      98.51     0.7371     0.4130  5.374e+00  1.5181000    24.8601    24.9140     0.0539    19.7781    19.8192      1.981      1.998      0.424    1450.81    1450.99  0.000e+00
       7862      2.500     3.4629     3.4537    -0.0089    2.37555    2.37324          1     7.3160     7.3159      98.51     0.6800     0.3645  3.845e+00  1.5794000    25.1429    25.1231    -0.0197    19.9948    19.9797      2.477      2.497      0.589    1451.69    1451.62  0.000e+00
       7883      3.000     3.5085     3.5052    -0.0033    2.38831    2.38742          1     7.2935     7.2906      98.51     0.7000     0.3663  2.632e+00  1.6419000    25.2552    25.2474    -0.0077    20.0808    20.0749      2.972      2.996      0.581    1452.04    1452.02  0.000e+00
       7903      3.500     3.5357     3.5344    -0.0013    2.39664    2.39620          1     7.2603     7.2536      98.51     0.6972     0.3612  1.843e+00  1.6282000    25.3302    25.3262    -0.0040    20.1386    20.1355      3.467      3.495      0.617    1452.26    1452.25  0.000e+00
       7922      4.000     3.5986     3.5907    -0.0078    2.41622    2.41414          1     7.1691     7.1603      98.51     0.6758     0.3599  1.320e+00  1.5767000    25.5077    25.4898    -0.0178    20.2750    20.2614      3.963      3.995      0.643    1452.77    1452.71  0.000e+00
       7941      4.500     3.6538     3.6552     0.0014    2.43302    2.43374          1     7.1126     7.1061      98.51     0.6868     0.4273  9.278e-01  1.6210000    25.6585    25.6658     0.0073    20.3907    20.3964      4.458      4.494      0.639    1453.21    1453.23  0.000e+00
       7960      5.000     3.7157     3.7179     0.0021    2.45409    2.45518          1     6.9169     6.9397      98.51     0.6787     0.3761  6.436e-01  1.6035000    25.8529    25.8638     0.0109    20.5405    20.5490      4.953      4.993      0.639    1453.74    1453.76  0.000e+00
       7978      5.500     3.8523     3.8496    -0.0025    2.49922    2.49893          1     6.8513     6.9077      98.51     0.6667     0.3472  4.487e-01  1.6033000    26.2645    26.2635    -0.0011    20.8568    20.8562      5.449      5.492      0.654    1454.86    1454.84  0.000e+00
       7996      6.000     4.1189     4.1142    -0.0049    2.59521    2.59524          1     6.9026     6.9888      98.51     0.6510     0.3260  3.030e-01  1.6138000    27.1524    27.1567     0.0042    21.5398    21.5436      5.944      5.990      0.655    1457.14    1457.13  0.000e+00
       8015      6.500     4.3281     4.3376     0.0095    2.68256    2.68823          1     6.8625     6.9836      98.51     0.6170     0.3682  1.986e-01  1.5538000    27.9796    28.0364     0.0569    22.1775    22.2217      6.440      6.489      0.644    1459.09    1459.21  0.000e+00
       8034      7.000     4.9601     4.9580    -0.0020    2.93852    2.94390          1     6.7500     6.8418      98.51     0.5796     0.3776  1.251e-01  1.5147000    30.3489    30.4130     0.0641    23.9935    24.0446      6.935      6.987      0.638    1464.75    1464.83  0.000e+00
       8053      7.500     5.2057     5.1966    -0.0092    3.03056    3.02792          1     6.6854     6.7276      98.51     0.5292     0.3833  6.915e-02  1.4744000    31.1726    31.1510    -0.0216    24.6199    24.6038      7.430      7.484      0.596    1466.82    1466.76  0.000e+00
       8074      8.000     5.2155     5.2130    -0.0025    3.03799    3.03799          1     6.6638     6.6795      98.51     0.4410     0.3555  2.896e-02  1.4288000    31.2478    31.2501     0.0024    24.6783    24.6805      7.926      7.981      0.534    1466.96    1466.96  0.000e+00
       8097      8.500     5.2281     5.2235    -0.0046    3.05453    3.05128          1     6.6732     6.6707      98.51     0.4192     0.4130  5.386e-03  1.4235000    31.4238    31.3913    -0.0326    24.8163    24.7911      8.421      8.478      0.523    1467.25    1467.19  0.000e+00
       8121      9.000     5.2337     5.2319    -0.0019    3.06462    3.06430          1     6.6910     6.6775      98.51     0.4323     0.3939 -2.811e-05  1.4345000    31.5330    31.5312    -0.0019    24.9021    24.9009      8.916      8.975      0.503    1467.42    1467.41  0.000e+00
       8145      9.500     5.2335     5.2316    -0.0018    3.06566    3.06539          1     6.7093     6.6879      98.51     0.4205     0.3804 -7.882e-11  1.4878000    31.5449    31.5435    -0.0014    24.9115    24.9107      9.412      9.472      0.486    1467.44    1467.43  0.000e+00
       8170     10.000     5.2397     5.2381    -0.0015    3.06680    3.06658          1     6.7118     6.6943      98.51     0.4297     0.3349  1.000e-12  1.4811000    31.5518    31.5507    -0.0011    24.9163    24.9156      9.907      9.968      0.465    1467.48    1467.47  0.000e+00
       8197     10.500     5.2499     5.2478    -0.0021    3.06861    3.06861          1     6.7027     6.6873      98.51     0.4647     0.3583  1.000e-12  1.5109000    31.5625    31.5645     0.0020    24.9237    24.9255     10.402     10.465      0.454    1467.55    1467.54  0.000e+00
       8223     11.000     5.2537     5.2529    -0.0008    3.07006    3.07001          1     6.6949     6.6886      98.51     0.4679     0.3953  1.000e-12  1.6149000    31.5751    31.5752     0.0001    24.9332    24.9334     10.898     10.962      0.476    1467.59    1467.58  0.000e+00
       8247     11.500     5.2524     5.2519    -0.0005    3.06948    3.06938          1     6.6931     6.6759      98.51     0.4333     0.3961  1.000e-12  1.5871000    31.5695    31.5688    -0.0006    24.9289    24.9285     11.393     11.459      0.521    1467.58    1467.58  0.000e+00
       8270     12.000     5.2572     5.2586     0.0013    3.06955    3.06976          1     6.6903     6.6699      98.51     0.4215     0.4041  1.000e-12  1.6420000    31.5655    31.5666     0.0011    24.9252    24.9259     11.888     11.956      0.513    1467.60    1467.61  0.000e+00
       8293     12.500     5.2648     5.2633    -0.0016    3.07086    3.07087          1     6.6795     6.6749      98.51     0.4110     0.4100  1.000e-12  1.6996000    31.5730    31.5745     0.0015    24.9303    24.9317     12.384     12.453      0.516    1467.65    1467.65  0.000e+00
       8316     13.000     5.2540     5.2535    -0.0005    3.07106    3.07120          1     6.6875     6.6825      98.51     0.4062     0.3874  1.000e-12  1.6549000    31.5852    31.5872     0.0020    24.9412    24.9428     12.879     12.950      0.526    1467.63    1467.63  0.000e+00
       8339     13.500     5.2442     5.2465     0.0023    3.07015    3.07052          1     6.7119     6.6937      98.52     0.4051     0.3880  1.000e-12  1.6324000    31.5838    31.5860     0.0021    24.9412    24.9426     13.374     13.447      0.541    1467.60    1467.61  0.000e+00
       8360     14.000     5.2385     5.2394     0.0009    3.07146    3.07118          1     6.7324     6.7052      98.53     0.4079     0.3617  1.000e-12  1.6493000    31.6040    31.5999    -0.0041    24.9578    24.9544     13.870     13.943      0.556    1467.61    1467.61  0.000e+00
       8382     14.500     5.2369     5.2375     0.0006    3.07183    3.07166          1     6.7328     6.7061      98.53     0.4085     0.3613  1.000e-12  1.6378000    31.6094    31.6069    -0.0025    24.9622    24.9602     14.365     14.440      0.560    1467.62    1467.62  0.000e+00
       8403     15.000     5.2374     5.2392     0.0018    3.07179    3.07123          1     6.7310     6.7071      71.99     0.4085     0.3883  1.000e-12  1.5971000    31.6083    31.6002    -0.0081    24.9613    24.9547     14.860     14.937      0.560    1467.63    1467.62  0.000e+00
       8425     15.500     5.2347     5.2333    -0.0014    3.07116    3.07091          1     6.7238     6.7095      98.24     0.3999     0.4023  1.000e-12  1.6491000    31.6034    31.6018    -0.0016    24.9577    24.9566     15.355     15.434      0.556    1467.62    1467.61  0.000e+00
       8447     16.000     5.2319     5.2324     0.0004    3.07067    3.07079          1     6.7233     6.7083      98.53     0.4230     0.3922  1.000e-12  1.6152000    31.6002    31.6011     0.0009    24.9555    24.9562     15.851     15.931      0.544    1467.61    1467.61  0.000e+00
       8469     16.500     5.2331     5.2327    -0.0004    3.07129    3.07128          1     6.7362     6.7106      98.53     0.4248     0.3627  1.000e-12  1.6034000    31.6059    31.6062     0.0003    24.9599    24.9601     16.346     16.428      0.533    1467.63    1467.63  0.000e+00
       8492     17.000     5.2348     5.2362     0.0015    3.07369    3.07377          1     6.7264     6.6958      98.53     0.4196     0.3774  1.000e-12  1.6110000    31.6314    31.6309    -0.0005    24.9799    24.9793     16.841     16.925      0.531    1467.68    1467.68  0.000e+00
       8514     17.500     5.2599     5.2591    -0.0009    3.08112    3.08067          1     6.7160     6.6835      98.53     0.4231     0.3734  1.000e-12  1.6538000    31.6918    31.6875    -0.0043    25.0249    25.0216     17.337     17.422      0.548    1467.87    1467.86  0.000e+00
       8535     18.000     5.2366     5.2381     0.0016    3.08495    3.08460          1     6.7177     6.6891      98.53     0.4320     0.3645  1.000e-12  1.7173000    31.7574    31.7520    -0.0054    25.0794    25.0749     17.832     17.918      0.566    1467.86    1467.86  0.000e+00
       8556     18.500     5.2567     5.2543    -0.0024    3.09073    3.09044          1     6.7072     6.6865      98.54     0.4312     0.3862  1.000e-12  1.7175000    31.8037    31.8028    -0.0009    25.1138    25.1134     18.327     18.415      0.568    1468.01    1468.00  0.000e+00
       8578     19.000     5.2675     5.2672    -0.0003    3.09354    3.09358          1     6.6884     6.6780      98.54     0.4214     0.4131  1.000e-12  1.8374000    31.8253    31.8260     0.0008    25.1296    25.1303     18.823     18.912      0.558    1468.09    1468.09  0.000e+00
       8600     19.500     5.2689     5.2687    -0.0002    3.09422    3.09427          1     6.6846     6.6725      98.55     0.4285     0.3860  1.000e-12  1.9329000    31.8314    31.8322     0.0008    25.1344    25.1350     19.318     19.409      0.545    1468.11    1468.11  0.000e+00
       8622     20.000     5.2691     5.2691     0.0001    3.09530    3.09538          1     6.6908     6.6753      98.55     0.4318     0.3324  1.000e-12  1.9502000    31.8433    31.8441     0.0008    25.1438    25.1444     19.813     19.905      0.546    1468.14    1468.14  0.000e+00
       8644     20.500     5.2573     5.2580     0.0007    3.09552    3.09559          1     6.7060     6.6869      98.55     0.4318     0.3683  1.000e-12  1.9267000    31.8568    31.8570     0.0002    25.1557    25.1558     20.309     20.402      0.552    1468.11    1468.12  0.000e+00
       8665     21.000     5.2453     5.2452    -0.0000    3.09647    3.09655          1     6.7167     6.7034      98.56     0.4389     0.3845  1.000e-12  1.9346000    31.8788    31.8797     0.0010    25.1745    25.1753     20.804     20.899      0.552    1468.10    1468.10  0.000e+00
       8687     21.500     5.2443     5.2440    -0.0003    3.09661    3.09671          1     6.7252     6.7174      98.55     0.4556     0.3759  1.000e-12  2.0018000    31.8810    31.8825     0.0015    25.1764    25.1776     21.299     21.396      0.548    1468.11    1468.11  0.000e+00
       8709     22.000     5.2440     5.2435    -0.0006    3.09665    3.09677          1     6.7312     6.7205      98.56     0.4556     0.3697  1.000e-12  1.8814000    31.8815    31.8834     0.0019    25.1768    25.1784     21.794     21.893      0.542    1468.12    1468.12  0.000e+00
       8731     22.500     5.2427     5.2425    -0.0002    3.09667    3.09677          1     6.7319     6.7068      98.56     0.4325     0.3937  1.000e-12  1.8177000    31.8827    31.8841     0.0014    25.1779    25.1791     22.290     22.389      0.537    1468.12    1468.12  0.000e+00
       8754     23.000     5.2417     5.2415    -0.0001    3.09666    3.09676          1     6.7300     6.6984      80.08     0.4506     0.3133  1.000e-12  1.8521000    31.8834    31.8846     0.0012    25.1786    25.1795     22.785     22.886      0.530    1468.12    1468.13  0.000e+00
       8777     23.500     5.2412     5.2413     0.0001    3.09673    3.09680          1     6.7353     6.7051      53.10     0.4640     0.3721  1.000e-12  1.8876000    31.8845    31.8851     0.0007    25.1795    25.1800     23.280     23.383      0.520    1468.13    1468.13  0.000e+00
       8800     24.000     5.2399     5.2404     0.0005    3.09685    3.09691          1     6.7346     6.7017      92.83     0.4679     0.3869  1.000e-12  1.8902000    31.8869    31.8870     0.0001    25.1815    25.1815     23.776     23.880      0.521    1468.14    1468.14  0.000e+00
       8823     24.500     5.2372     5.2374     0.0002    3.09721    3.09726          1     6.7253     6.7024      98.59     0.4685     0.3715  1.000e-12  1.8563000    31.8931    31.8936     0.0004    25.1868    25.1871     24.271     24.376      0.536    1468.14    1468.14  0.000e+00
       8845     25.000     5.2354     5.2353    -0.0001    3.09746    3.09756          1     6.7205     6.7226      98.56     0.4679     0.3860  1.000e-12  1.8627000    31.8975    31.8987     0.0012    25.1904    25.1913     24.766     24.873      0.559    1468.15    1468.15  0.000e+00
       8866     25.500     5.2331     5.2332     0.0000    3.09853    3.09858          1     6.7292     6.7308      98.57     0.4662     0.4082  1.000e-12  1.9381000    31.9116    31.9122     0.0006    25.2018    25.2023     25.262     25.370      0.567    1468.17    1468.17  0.000e+00
       8887     26.000     5.2309     5.2306    -0.0003    3.10003    3.10001          1     6.7368     6.7361      98.56     0.4441     0.3771  1.000e-12  1.8387000    31.9306    31.9307     0.0001    25.2171    25.2172     25.757     25.867      0.563    1468.19    1468.19  0.000e+00
       8908     26.500     5.2321     5.2321    -0.0000    3.10238    3.10241          1     6.7441     6.7381      98.56     0.4544     0.4019  1.000e-12  1.8608000    31.9560    31.9563     0.0003    25.2371    25.2373     26.252     26.363      0.559    1468.24    1468.24  0.000e+00
       8930     27.000     5.2334     5.2335     0.0002    3.10327    3.10343          1     6.7530     6.7237      82.43     0.4643     0.3841  1.000e-12  1.8538000    31.9647    31.9663     0.0016    25.2438    25.2451     26.747     26.860      0.554    1468.26    1468.26  0.000e+00
       8952     27.500     5.2352     5.2349    -0.0003    3.10368    3.10376          1     6.7497     6.7158      77.62     0.4617     0.3756  1.000e-12  1.8641000    31.9673    31.9685     0.0012    25.2457    25.2467     27.243     27.357      0.552    1468.28    1468.28  0.000e+00
       8973     28.000     5.2376     5.2374    -0.0002    3.10430    3.10435          1     6.7370     6.7182      98.35     0.4606     0.3900  1.000e-12  1.9150000    31.9718    31.9726     0.0007    25.2490    25.2496     27.738     27.854      0.555    1468.30    1468.30  0.000e+00
       8995     28.500     5.2390     5.2392     0.0002    3.10496    3.10505          1     6.7246     6.7174      98.58     0.4644     0.3994  1.000e-12  1.9852000    31.9779    31.9786     0.0008    25.2536    25.2542     28.233     28.350      0.557    1468.32    1468.33  0.000e+00
       9016     29.000     5.2374     5.2374     0.0000    3.10556    3.10566          1     6.7255     6.7246      98.59     0.4434     0.3764  1.000e-12  1.9554000    31.9859    31.9871     0.0012    25.2602    25.2611     28.729     28.847      0.547    1468.33    1468.34  0.000e+00
