ctdpy/exports/archive_20191121_122431/received_data/SBE09_1044_20180417_0441_34_07_0011.cnv
* Sea-Bird SBE 9 Data File:
* FileName = C:\ctd\temp\2018\AU18D011.hex
* Software Version Seasave V 7.26.6.26
* Temperature SN = 5351
* Conductivity SN = 3941
* Number of Bytes Per Scan = 41
* Number of Voltage Words = 4
* Number of Scans Averaged by the Deck Unit = 1
* NMEA Latitude = 55 52.00 N
* NMEA Longitude = 012 44.92 E
* NMEA UTC (Time) = Apr 17 2018  04:41:34
* NMEA baud rate = 4800
** Station:  W Landskrona
** Operator:  A-KTh
** Ship: AURA
** Average sound velocity: 1451.76 m/s
** True-depth calculation Tue, 17 Apr 2018 05:25:42 +0000
** CTD Python Module SMHI /ver 3-12/ feb 2012 
** LIMS Job: 20183407-0011
** Cruise: SMHI-01-2018
** Latitude [GG MM.mm N] :
** Longitude [GG MM.mm E]:
# nquan = 26
# nvalues = 99                          
# units = specified
# name 0 = scan: Scan Count
# name 1 = prDM: Pressure, Digiquartz [db]
# name 2 = t090C: Temperature [ITS-90, deg C]
# name 3 = t190C: Temperature, 2 [ITS-90, deg C]
# name 4 = T2-T190C: Temperature Difference, 2 - 1 [ITS-90, deg C]
# name 5 = c0S/m: Conductivity [S/m]
# name 6 = c1S/m: Conductivity, 2 [S/m]
# name 7 = pumps: Pump Status
# name 8 = sbeox0ML/L: Oxygen, SBE 43 [ml/l]
# name 9 = sbeox1ML/L: Oxygen, SBE 43, 2 [ml/l]
# name 10 = altM: Altimeter [m]
# name 11 = flECO-AFL: Chl-a Fluorescence, WET Labs ECO-AFL/FL [mg/m^3]
# name 12 = flECO-AFL1: Phycocyanin Fluorescence, WET Labs ECO-AFL/FL, 2 [mg/m^3]
# name 13 = par: PAR/Irradiance, Biospherical/Lico [µE/(cm^2*s)]
# name 14 = turbWETntu0: Turbidity, WET Labs ECO [NTU]
# name 15 = sal00: Salinity, Practical [PSU]
# name 16 = sal11: Salinity, Practical, 2 [PSU]
# name 17 = secS-priS: Salinity, Practical, Difference, 2 - 1 [PSU]
# name 18 = sigma-t00: Density [sigma-t, Kg/m^3 ]
# name 19 = sigma-t11: Density, 2 [sigma-t, Kg/m^3 ]
# name 20 = depSM: Depth [salt water, m], lat = 55.8667
# name 21 = depFM: Depth [true depth, m], lat = 55.8667
# name 22 = dz/dtM: Descent Rate [m/s], WS = 2
# name 23 = svCM: Sound Velocity [Chen-Millero, m/s]
# name 24 = svCM1: Sound Velocity, 2 [Chen-Millero, m/s]
# name 25 = flag: flag
# span 0 =       7393,       9934       
# span 1 =      1.000,     50.000       
# span 2 =     4.6607,     5.7549       
# span 3 =     4.6620,     5.7556       
# span 4 =    -0.0135,     0.0225       
# span 5 =   1.001754,   3.311838       
# span 6 =   1.001540,   3.311766       
# span 7 =          1,          1       
# span 8 =    5.33560,    8.86561       
# span 9 =    5.25488,    8.75938       
# span 10 =       1.26,      49.22      
# span 11 =     0.3087,     4.9846      
# span 12 =     0.2118,     0.7998      
# span 13 = -5.479e-11, 1.0050e+02      
# span 14 =     0.3797,     1.5306      
# span 15 =     9.2180,    33.8120      
# span 16 =     9.2145,    33.8105      
# span 17 =    -0.0427,     0.1903      
# span 18 =     7.2574,    26.6443      
# span 19 =     7.2544,    26.6430      
# span 20 =      0.884,     49.540      
# span 21 =     -0.000,     49.784      
# span 22 =     -0.181,      0.561      
# span 23 =    1440.52,    1473.08      
# span 24 =    1440.58,    1473.09      
# span 25 = 0.0000e+00, 0.0000e+00      
# interval = decibars: 0.5              
# start_time = Apr 17 2018 04:41:34 [NMEA time, first data scan]
# bad_flag = -9.990e-29
*END*
[from data line 56]
       8903     29.000     5.6662     5.6664     0.0002    3.28174    3.28135          1     5.5032     5.3962      21.46     0.7761     0.3293  1.000e-12  0.9603000    33.5700    33.5653    -0.0046    26.4637    26.4600     28.734     28.949      0.534    1472.08    1472.07  0.000e+00
       8926     29.500     5.6687     5.6690     0.0004    3.28262    3.28236          1     5.4942     5.3928      20.62     0.6592     0.3057  1.000e-12  0.9676000    33.5772    33.5739    -0.0033    26.4691    26.4664     29.230     29.445      0.534    1472.11    1472.10  0.000e+00
       8948     30.000     5.6717     5.6727     0.0009    3.28366    3.28347          1     5.4909     5.4018      20.55     0.6582     0.2925  1.000e-12  0.9259000    33.5858    33.5827    -0.0031    26.4755    26.4730     29.725     29.941      0.534    1472.14    1472.14  0.000e+00
       8971     30.500     5.6792     5.6764    -0.0028    3.28643    3.28491          1     5.4812     5.3934      20.57     0.6584     0.3192  1.000e-12  0.9374000    33.6094    33.5950    -0.0144    26.4933    26.4822     30.221     30.438      0.533    1472.21    1472.18  0.000e+00
       8993     31.000     5.6921     5.6894    -0.0027    3.29084    3.28941          1     5.4709     5.3711      20.32     0.7254     0.3088  1.000e-12  0.9678000    33.6464    33.6328    -0.0135    26.5210    26.5106     30.716     30.934      0.531    1472.31    1472.28  0.000e+00
       9016     31.500     5.6951     5.6950    -0.0001    3.29187    3.29149          1     5.4634     5.3611      19.88     0.5864     0.2882  1.000e-12  0.9774000    33.6548    33.6506    -0.0042    26.5272    26.5239     31.211     31.430      0.534    1472.34    1472.34  0.000e+00
       9038     32.000     5.7004     5.7013     0.0009    3.29335    3.29328          1     5.4520     5.3562      19.40     0.5683     0.2736  1.000e-12  1.0089000    33.6660    33.6643    -0.0017    26.5355    26.5340     31.707     31.926      0.537    1472.39    1472.39  0.000e+00
       9061     32.500     5.7043     5.7054     0.0011    3.29439    3.29440          1     5.4424     5.3417      18.93     0.7915     0.2688  1.000e-12  1.0542000    33.6737    33.6726    -0.0011    26.5411    26.5401     32.202     32.422      0.534    1472.42    1472.42  0.000e+00
       9083     33.000     5.7061     5.7072     0.0011    3.29505    3.29501          1     5.4488     5.3361      18.53     0.8036     0.2718  1.000e-12  1.0615000    33.6790    33.6775    -0.0015    26.5451    26.5438     32.698     32.918      0.531    1472.44    1472.44  0.000e+00
       9106     33.500     5.7069     5.7080     0.0011    3.29531    3.29531          1     5.4508     5.3301      17.93     0.5543     0.2215  1.000e-12  1.0337000    33.6810    33.6799    -0.0011    26.5465    26.5455     33.193     33.414      0.534    1472.46    1472.46  0.000e+00
       9128     34.000     5.7162     5.7172     0.0010    3.29900    3.29892          1     5.4452     5.3320      17.41     0.5848     0.3017  1.000e-12  1.0562000    33.7132    33.7113    -0.0019    26.5709    26.5692     33.688     33.910      0.536    1472.54    1472.55  0.000e+00
       9151     34.500     5.7192     5.7198     0.0007    3.30022    3.30001          1     5.4352     5.3330      16.90     0.5615     0.2850  1.000e-12  1.1309000    33.7238    33.7209    -0.0030    26.5789    26.5765     34.184     34.406      0.533    1472.58    1472.58  0.000e+00
       9173     35.000     5.7195     5.7203     0.0007    3.30034    3.30016          1     5.4287     5.3331      16.40     0.4554     0.2346  1.000e-12  1.0960000    33.7246    33.7218    -0.0028    26.5795    26.5772     34.679     34.902      0.532    1472.59    1472.59  0.000e+00
       9196     35.500     5.7188     5.7197     0.0009    3.30000    3.29995          1     5.4226     5.3289      15.90     0.5678     0.2320  1.000e-12  1.0754000    33.7213    33.7198    -0.0015    26.5769    26.5757     35.174     35.399      0.536    1472.59    1472.59  0.000e+00
       9218     36.000     5.7218     5.7240     0.0022    3.30107    3.30137          1     5.4159     5.3181      15.40     0.5163     0.2810  1.000e-12  1.1112000    33.7301    33.7313     0.0012    26.5836    26.5842     35.670     35.895      0.538    1472.62    1472.63  0.000e+00
       9241     36.500     5.7306     5.7318     0.0011    3.30396    3.30393          1     5.4102     5.3042      14.89     0.5468     0.3163  1.000e-12  1.1010000    33.7537    33.7522    -0.0015    26.6011    26.5998     36.165     36.391      0.535    1472.69    1472.70  0.000e+00
       9263     37.000     5.7377     5.7315    -0.0061    3.30599    3.30386          1     5.3999     5.2980      14.40     0.5176     0.2334  1.000e-12  1.0937000    33.7694    33.7515    -0.0179    26.6127    26.5993     36.660     36.887      0.533    1472.75    1472.70  0.000e+00
       9286     37.500     5.7412     5.7390    -0.0022    3.30702    3.30599          1     5.3873     5.2857      13.91     0.4527     0.2633  1.000e-12  1.1083000    33.7773    33.7679    -0.0094    26.6185    26.6113     37.156     37.383      0.536    1472.78    1472.76  0.000e+00
       9308     38.000     5.7406     5.7450     0.0044    3.30688    3.30788          1     5.3804     5.2830      13.41     0.4884     0.2529  1.000e-12  1.1148000    33.7761    33.7830     0.0069    26.6176    26.6226     37.651     37.879      0.539    1472.79    1472.81  0.000e+00
       9330     38.500     5.7415     5.7434     0.0019    3.30722    3.30738          1     5.3810     5.2867      12.92     0.3800     0.2594  1.000e-12  1.1586000    33.7788    33.7787    -0.0001    26.6197    26.6193     38.147     38.375      0.536    1472.80    1472.81  0.000e+00
       9353     39.000     5.7422     5.7448     0.0026    3.30737    3.30784          1     5.3749     5.2815      12.42     0.3087     0.2575  1.000e-12  1.2261000    33.7795    33.7823     0.0027    26.6201    26.6220     38.642     38.871      0.536    1472.81    1472.83  0.000e+00
       9375     39.500     5.7432     5.7426    -0.0006    3.30764    3.30721          1     5.3787     5.2803      11.92     0.3727     0.2481  1.000e-12  1.2558000    33.7814    33.7771    -0.0043    26.6215    26.6182     39.137     39.367      0.538    1472.83    1472.82  0.000e+00
       9397     40.000     5.7404     5.7415     0.0010    3.30679    3.30680          1     5.3827     5.2886      11.42     0.4640     0.2524  1.000e-12  1.4185000    33.7742    33.7733    -0.0009    26.6162    26.6153     39.633     39.863      0.536    1472.81    1472.82  0.000e+00
       9420     40.500     5.7435     5.7430    -0.0005    3.30774    3.30730          1     5.3666     5.2904      10.93     0.4552     0.2931  1.000e-12  1.3530000    33.7816    33.7772    -0.0044    26.6216    26.6182     40.128     40.359      0.526    1472.84    1472.84  0.000e+00
       9443     41.000     5.7442     5.7445     0.0003    3.30794    3.30774          1     5.3533     5.2891      10.41     0.4793     0.2373  1.000e-12  1.3492000    33.7829    33.7804    -0.0025    26.6226    26.6205     40.623     40.855      0.524    1472.86    1472.86  0.000e+00
       9466     41.500     5.7450     5.7450     0.0000    3.30827    3.30796          1     5.3545     5.2847       9.91     0.4751     0.2444  1.000e-12  1.4111000    33.7856    33.7820    -0.0035    26.6246    26.6218     41.119     41.351      0.529    1472.87    1472.87  0.000e+00
       9488     42.000     5.7465     5.7475     0.0010    3.30876    3.30875          1     5.3536     5.2776       9.40     0.3843     0.2668  1.000e-12  1.3923000    33.7894    33.7883    -0.0012    26.6275    26.6264     41.614     41.847      0.528    1472.89    1472.89  0.000e+00
       9511     42.500     5.7472     5.7492     0.0020    3.30900    3.30937          1     5.3517     5.2754       8.89     0.3963     0.2566  1.000e-12  1.3865000    33.7912    33.7934     0.0022    26.6287    26.6303     42.109     42.343      0.523    1472.90    1472.91  0.000e+00
       9534     43.000     5.7478     5.7489     0.0011    3.30925    3.30931          1     5.3498     5.2788       8.39     0.4052     0.2255  1.000e-12  1.5306000    33.7932    33.7927    -0.0005    26.6303    26.6297     42.605     42.839      0.523    1472.92    1472.92  0.000e+00
       9557     43.500     5.7491     5.7502     0.0012    3.30969    3.30970          1     5.3479     5.2774       7.89     0.3464     0.2199  1.000e-12  1.2756000    33.7966    33.7956    -0.0010    26.6328    26.6319     43.100     43.336      0.526    1472.94    1472.94  0.000e+00
       9580     44.000     5.7479     5.7493     0.0014    3.30926    3.30942          1     5.3514     5.2750       7.47     0.3789     0.2666  1.000e-12  1.3763000    33.7927    33.7931     0.0004    26.6299    26.6300     43.595     43.832      0.521    1472.93    1472.94  0.000e+00
       9603     44.500     5.7485     5.7493     0.0008    3.30947    3.30942          1     5.3497     5.2740       7.10     0.4020     0.2916  1.000e-12  1.3388000    33.7942    33.7928    -0.0015    26.6310    26.6298     44.091     44.328      0.520    1472.95    1472.95  0.000e+00
       9626     45.000     5.7482     5.7492     0.0009    3.30940    3.30941          1     5.3456     5.2733       6.61     0.4317     0.2118  1.000e-12  1.3355000    33.7935    33.7927    -0.0008    26.6304    26.6297     44.586     44.824      0.522    1472.95    1472.95  0.000e+00
       9649     45.500     5.7482     5.7494     0.0012    3.30939    3.30947          1     5.3458     5.2684       6.11     0.3867     0.2746  1.000e-12  1.3543000    33.7930    33.7927    -0.0003    26.6301    26.6297     45.081     45.320      0.512    1472.96    1472.96  0.000e+00
       9673     46.000     5.7487     5.7498     0.0010    3.30957    3.30959          1     5.3442     5.2612       5.59     0.4808     0.2730  1.000e-12  1.4579000    33.7943    33.7935    -0.0008    26.6310    26.6303     45.577     45.816      0.478    1472.97    1472.98  0.000e+00
       9699     46.500     5.7480     5.7490     0.0010    3.30934    3.30934          1     5.3489     5.2698       5.07     0.4602     0.2658  1.000e-12  1.4358000    33.7922    33.7912    -0.0010    26.6294    26.6285     46.072     46.312      0.458    1472.97    1472.98  0.000e+00
       9725     47.000     5.7480     5.7484     0.0004    3.30936    3.30923          1     5.3483     5.2810       4.57     0.3876     0.2928  1.000e-12  1.3593000    33.7922    33.7902    -0.0019    26.6294    26.6278     46.568     46.808      0.454    1472.98    1472.98  0.000e+00
       9752     47.500     5.7462     5.7477     0.0015    3.30888    3.30903          1     5.3484     5.2831       4.07     0.3748     0.2643  1.000e-12  1.2803000    33.7884    33.7884     0.0001    26.6266    26.6265     47.063     47.304      0.450    1472.98    1472.99  0.000e+00
       9779     48.000     5.7469     5.7481     0.0013    3.30908    3.30925          1     5.3570     5.2760       3.57     0.3459     0.2695  1.000e-12  1.2767000    33.7896    33.7903     0.0007    26.6275    26.6280     47.558     47.800      0.443    1472.99    1473.00  0.000e+00
       9806     48.500     5.7535     5.7547     0.0012    3.31129    3.31141          1     5.3492     5.2657       3.05     0.3720     0.2754  1.000e-12  1.2981000    33.8078    33.8078     0.0001    26.6411    26.6410     48.054     48.296      0.431    1473.05    1473.05  0.000e+00
       9835     49.000     5.7544     5.7552     0.0008    3.31167    3.31162          1     5.3391     5.2549       2.54     0.3626     0.2772  1.000e-12  1.3265000    33.8109    33.8095    -0.0013    26.6434    26.6423     48.549     48.792      0.404    1473.07    1473.07  0.000e+00
       9865     49.500     5.7549     5.7556     0.0007    3.31184    3.31177          1     5.3356     5.2630       2.05     0.3542     0.2352  1.000e-12  1.4395000    33.8120    33.8105    -0.0015    26.6443    26.6430     49.044     49.288      0.355    1473.07    1473.08  0.000e+00
       9934     50.000     5.7540     5.7550     0.0010    3.31166    3.31160          1     5.3399     5.2768       1.26     0.4487     0.3314  1.000e-12  1.0885000    33.8106    33.8090    -0.0016    26.6433    26.6419     49.540     49.784     -0.181    1473.08    1473.09  0.000e+00
