ctdpy/exports/archive_20191121_122431/received_data/SBE09_1044_20180128_0524_34_02_0023.cnv
* Sea-Bird SBE 9 Data File:
* FileName = C:\ctd\temp\2018\ME18D023.hex
* Software Version Seasave V 7.26.6.26
* Temperature SN = 5351
* Conductivity SN = 3941
* Number of Bytes Per Scan = 41
* Number of Voltage Words = 4
* Number of Scans Averaged by the Deck Unit = 1
* NMEA Latitude = 56 07.52 N
* NMEA Longitude = 019 17.02 E
* NMEA UTC (Time) = Jan 28 2018  05:25:08
* NMEA baud rate = 4800
** Station:  BY9 Klaipeda
** Operator:  SSip
** Ship: MERI
** Average sound velocity: 1440.05 m/s
** True-depth calculation Sun, 28 Jan 2018 06:14:09 +0000
** CTD Python Module SMHI /ver 3-12/ feb 2012 
** LIMS Job: 20183402-0023
** Cruise: SMHI-01-2018
** Latitude [GG MM.mm N] :
** Longitude [GG MM.mm E]:
# nquan = 26
# nvalues = 220                         
# units = specified
# name 0 = scan: Scan Count
# name 1 = prDM: Pressure, Digiquartz [db]
# name 2 = t090C: Temperature [ITS-90, deg C]
# name 3 = t190C: Temperature, 2 [ITS-90, deg C]
# name 4 = T2-T190C: Temperature Difference, 2 - 1 [ITS-90, deg C]
# name 5 = c0S/m: Conductivity [S/m]
# name 6 = c1S/m: Conductivity, 2 [S/m]
# name 7 = pumps: Pump Status
# name 8 = sbeox0ML/L: Oxygen, SBE 43 [ml/l]
# name 9 = sbeox1ML/L: Oxygen, SBE 43, 2 [ml/l]
# name 10 = altM: Altimeter [m]
# name 11 = flECO-AFL: Chl-a Fluorescence, WET Labs ECO-AFL/FL [mg/m^3]
# name 12 = flECO-AFL1: Phycocyanin Fluorescence, WET Labs ECO-AFL/FL, 2 [mg/m^3]
# name 13 = par: PAR/Irradiance, Biospherical/Lico [µE/(cm^2*s)]
# name 14 = turbWETntu0: Turbidity, WET Labs ECO [NTU]
# name 15 = sal00: Salinity, Practical [PSU]
# name 16 = sal11: Salinity, Practical, 2 [PSU]
# name 17 = secS-priS: Salinity, Practical, Difference, 2 - 1 [PSU]
# name 18 = sigma-t00: Density [sigma-t, Kg/m^3 ]
# name 19 = sigma-t11: Density, 2 [sigma-t, Kg/m^3 ]
# name 20 = depSM: Depth [salt water, m], lat = 56.1253
# name 21 = depFM: Depth [true depth, m], lat = 56.1253
# name 22 = dz/dtM: Descent Rate [m/s], WS = 2
# name 23 = svCM: Sound Velocity [Chen-Millero, m/s]
# name 24 = svCM1: Sound Velocity, 2 [Chen-Millero, m/s]
# name 25 = flag: flag
# span 0 =       4981,       9976       
# span 1 =      3.500,    113.000       
# span 2 =     4.4740,     6.5695       
# span 3 =     4.4747,     6.5702       
# span 4 =    -0.0149,     0.1693       
# span 5 =   0.787750,   1.335681       
# span 6 =   0.787702,   1.335702       
# span 7 =          1,          1       
# span 8 =    0.02613,    8.14609       
# span 9 =    0.09171,    8.10969       
# span 10 =       5.24,      98.67      
# span 11 =     0.2364,     0.5006      
# span 12 =     0.2236,     0.3917      
# span 13 = -2.162e-03, 2.9901e-03      
# span 14 =     0.1004,     0.2579      
# span 15 =     7.3707,    12.2161      
# span 16 =     7.3702,    12.2160      
# span 17 =    -0.0151,     0.3311      
# span 18 =     5.8461,     9.5574      
# span 19 =     5.8457,     9.5573      
# span 20 =      3.468,    111.940      
# span 21 =      3.544,    114.273      
# span 22 =     -0.100,      1.348      
# span 23 =    1433.40,    1450.30      
# span 24 =    1433.40,    1450.30      
# span 25 = 0.0000e+00, 0.0000e+00      
# interval = decibars: 0.5              
# start_time = Jan 28 2018 05:25:08 [NMEA time, first data scan]
# bad_flag = -9.990e-29
*END*
[from data line 168]
       8777     87.500     6.1720     6.1725     0.0005    1.22119    1.22116          1     0.3211     0.3370      32.13     0.2844     0.2826  1.000e-12  0.1735000    11.2216    11.2211    -0.0005     8.8038     8.8034     86.685     88.536      0.789    1446.98    1446.98  0.000e+00
       8793     88.000     6.1796     6.1799     0.0003    1.22313    1.22308          1     0.3392     0.3507      31.68     0.2905     0.2691  1.000e-12  0.1709000    11.2383    11.2377    -0.0006     8.8164     8.8159     87.180     89.041      0.720    1447.04    1447.04  0.000e+00
       8811     88.500     6.1852     6.1855     0.0003    1.22477    1.22471          1     0.3543     0.3727      31.10     0.2927     0.2909  1.000e-12  0.1731000    11.2527    11.2519    -0.0007     8.8273     8.8267     87.675     89.545      0.566    1447.09    1447.09  0.000e+00
       8841     89.000     6.1909     6.1909    -0.0000    1.22636    1.22626          1     0.3013     0.3277      30.36     0.2785     0.3147  1.000e-12  0.1930000    11.2665    11.2655    -0.0010     8.8378     8.8370     88.170     90.050      0.338    1447.14    1447.14  0.000e+00
       8878     89.500     6.1979     6.1983     0.0004    1.22797    1.22796          1     0.1200     0.1794      29.73     0.2850     0.3183  1.000e-12  0.1832000    11.2800    11.2798    -0.0002     8.8480     8.8478     88.665     90.555      0.425    1447.19    1447.19  0.000e+00
       8901     90.000     6.2096     6.2096     0.0000    1.23036    1.23033          1     0.1430     0.1997      29.33     0.2943     0.3340  1.000e-12  0.1651000    11.2998    11.2994    -0.0003     8.8627     8.8625     89.161     91.060      0.649    1447.27    1447.27  0.000e+00
       8917     90.500     6.2193     6.2197     0.0005    1.23311    1.23309          1     0.2606     0.2885      28.99     0.2969     0.2753  1.000e-12  0.1709000    11.3238    11.3235    -0.0003     8.8810     8.8807     89.656     91.565      0.789    1447.35    1447.36  0.000e+00
       8931     91.000     6.2276     6.2281     0.0006    1.23557    1.23555          1     0.3677     0.3764      28.58     0.2969     0.2243  1.000e-12  0.1993000    11.3453    11.3450    -0.0004     8.8974     8.8971     90.151     92.069      0.836    1447.42    1447.43  0.000e+00
       8945     91.500     6.2354     6.2359     0.0005    1.23787    1.23784          1     0.4343     0.4365      28.09     0.2804     0.2561  1.000e-12  0.1846000    11.3655    11.3650    -0.0004     8.9127     8.9123     90.646     92.574      0.782    1447.49    1447.49  0.000e+00
       8962     92.000     6.2423     6.2427     0.0004    1.23981    1.23978          1     0.4783     0.4727      27.49     0.2619     0.2652  1.000e-12  0.1680000    11.3823    11.3819    -0.0004     8.9255     8.9251     91.141     93.079      0.622    1447.55    1447.55  0.000e+00
       8989     92.500     6.2477     6.2481     0.0004    1.24123    1.24113          1     0.5218     0.5150      26.75     0.2647     0.2410  1.000e-12  0.1941000    11.3946    11.3934    -0.0012     8.9347     8.9338     91.637     93.584      0.368    1447.59    1447.59  0.000e+00
       9028     93.000     6.2541     6.2547     0.0006    1.24295    1.24301          1     0.5410     0.5455      26.12     0.2621     0.2949  1.000e-12  0.1483000    11.4094    11.4098     0.0004     8.9460     8.9462     92.132     94.088      0.392    1447.65    1447.65  0.000e+00
       9051     93.500     6.2666     6.2669     0.0003    1.24636    1.24635          1     0.4927     0.5133      25.67     0.2729     0.2970  1.000e-12  0.1381000    11.4389    11.4388    -0.0002     8.9683     8.9682     92.627     94.593      0.640    1447.75    1447.75  0.000e+00
       9067     94.000     6.2751     6.2755     0.0004    1.24863    1.24860          1     0.4656     0.4927      25.30     0.2725     0.2885  1.000e-12  0.1307000    11.4586    11.4581    -0.0005     8.9832     8.9827     93.122     95.098      0.777    1447.81    1447.82  0.000e+00
       9082     94.500     6.2809     6.2814     0.0005    1.25051    1.25049          1     0.4778     0.5027      24.84     0.2725     0.3044  1.000e-12  0.1599000    11.4751    11.4747    -0.0004     8.9958     8.9955     93.618     95.603      0.813    1447.87    1447.87  0.000e+00
       9096     95.000     6.2869     6.2874     0.0005    1.25257    1.25255          1     0.5197     0.5332      24.34     0.2763     0.2930  1.000e-12  0.1546000    11.4935    11.4931    -0.0004     9.0099     9.0095     94.113     96.107      0.747    1447.92    1447.93  0.000e+00
       9114     95.500     6.2930     6.2934     0.0004    1.25440    1.25437          1     0.5481     0.5613      23.77     0.2839     0.2713  1.000e-12  0.1428000    11.5095    11.5091    -0.0005     9.0220     9.0216     94.608     96.612      0.576    1447.98    1447.98  0.000e+00
       9143     96.000     6.2982     6.2986     0.0004    1.25595    1.25592          1     0.5384     0.5582      23.10     0.2695     0.2779  1.000e-12  0.1408000    11.5230    11.5225    -0.0005     9.0322     9.0319     95.103     97.117      0.349    1448.02    1448.03  0.000e+00
       9181     96.500     6.3023     6.3027     0.0004    1.25718    1.25727          1     0.5300     0.5538      22.50     0.2702     0.2888  1.000e-12  0.1522000    11.5337    11.5345     0.0008     9.0404     9.0410     95.599     97.621      0.410    1448.06    1448.07  0.000e+00
       9204     97.000     6.3079     6.3084     0.0005    1.25896    1.25896          1     0.5333     0.5574      22.07     0.2677     0.2858  1.000e-12  0.1464000    11.5495    11.5492    -0.0002     9.0524     9.0522     96.094     98.126      0.654    1448.11    1448.12  0.000e+00
       9220     97.500     6.3131     6.3137     0.0005    1.26059    1.26057          1     0.5419     0.5671      21.67     0.2726     0.3165  1.000e-12  0.1435000    11.5637    11.5634    -0.0004     9.0633     9.0629     96.589     98.631      0.810    1448.16    1448.16  0.000e+00
       9233     98.000     6.3214     6.3220     0.0007    1.26294    1.26295          1     0.5657     0.5885      21.27     0.2725     0.3038  1.000e-12  0.1474000    11.5842    11.5841    -0.0002     9.0788     9.0786     97.084     99.136      0.880    1448.23    1448.23  0.000e+00
       9247     98.500     6.3328     6.3335     0.0007    1.26622    1.26623          1     0.6023     0.6144      20.80     0.2716     0.3014  1.000e-12  0.1474000    11.6128    11.6126    -0.0002     9.1004     9.1003     97.579     99.640      0.854    1448.32    1448.33  0.000e+00
       9261     99.000     6.3433     6.3438     0.0005    1.26915    1.26915          1     0.6367     0.6429      20.26     0.2608     0.3223  1.000e-12  0.1487000    11.6381    11.6379    -0.0002     9.1196     9.1195     98.074    100.145      0.703    1448.41    1448.41  0.000e+00
       9285     99.500     6.3500     6.3504     0.0004    1.27111    1.27094          1     0.6585     0.6676      19.56     0.2695     0.3243  1.000e-12  0.1346000    11.6552    11.6534    -0.0017     9.1326     9.1312     98.570    100.650      0.367    1448.47    1448.46  0.000e+00
       9341    100.000     6.3399     6.3473     0.0073    1.26839    1.27023          1     0.6333     0.6458      18.84     0.2760     0.2587  1.000e-12  0.1454000    11.6315    11.6473     0.0158     9.1147     9.1266     99.065    101.154      0.363    1448.40    1448.45  0.000e+00
       9361    100.500     6.3640     6.3653     0.0013    1.27474    1.27497          1     0.6375     0.6535      18.54     0.2724     0.2664  1.000e-12  0.1440000    11.6862    11.6880     0.0019     9.1559     9.1573     99.560    101.659      0.742    1448.58    1448.59  0.000e+00
       9375    101.000     6.3717     6.3725     0.0007    1.27726    1.27726          1     0.6448     0.6637      18.19     0.2725     0.2694  1.000e-12  0.1430000    11.7084    11.7083    -0.0002     9.1729     9.1727    100.055    102.164      0.913    1448.65    1448.65  0.000e+00
       9387    101.500     6.3786     6.3792     0.0007    1.27995    1.27993          1     0.6448     0.6689      17.76     0.2725     0.2706  1.000e-12  0.1367000    11.7327    11.7323    -0.0004     9.1915     9.1911    100.551    102.668      0.987    1448.71    1448.72  0.000e+00
       9399    102.000     6.3856     6.3862     0.0006    1.28207    1.28206          1     0.6458     0.6698      17.29     0.2725     0.2698  1.000e-12  0.1370000    11.7513    11.7509    -0.0004     9.2056     9.2052    101.046    103.173      0.973    1448.78    1448.78  0.000e+00
       9411    102.500     6.3921     6.3927     0.0006    1.28436    1.28436          1     0.6384     0.6625      16.75     0.2725     0.2640  1.000e-12  0.1500000    11.7716    11.7714    -0.0002     9.2211     9.2209    101.541    103.677      0.855    1448.84    1448.84  0.000e+00
       9428    103.000     6.3986     6.3988     0.0002    1.28643    1.28637          1     0.6195     0.6456      16.12     0.2725     0.2639  1.000e-12  0.1505000    11.7898    11.7891    -0.0007     9.2350     9.2344    102.036    104.182      0.569    1448.89    1448.89  0.000e+00
       9489    103.500     6.3711     6.3811     0.0099    1.27844    1.28094          1     0.6011     0.6253      15.24     0.2669     0.2805  1.000e-12  0.1471000    11.7199    11.7412     0.0213     9.1820     9.1980    102.531    104.687      0.334    1448.70    1448.77  0.000e+00
       9523    104.000     6.3996     6.4023     0.0026    1.28660    1.28726          1     0.5766     0.6057      14.91     0.2470     0.3068  1.000e-12  0.1485000    11.7909    11.7966     0.0056     9.2357     9.2400    103.027    105.191      0.795    1448.92    1448.93  0.000e+00
       9535    104.500     6.4191     6.4199     0.0008    1.29187    1.29188          1     0.5558     0.5934      14.67     0.2481     0.3159  1.000e-12  0.1502000    11.8364    11.8362    -0.0001     9.2701     9.2699    103.522    105.696      1.049    1449.06    1449.06  0.000e+00
       9545    105.000     6.4247     6.4253     0.0006    1.29353    1.29352          1     0.5468     0.5864      14.27     0.2481     0.3078  1.000e-12  0.1488000    11.8508    11.8505    -0.0003     9.2810     9.2807    104.017    106.200      1.174    1449.11    1449.11  0.000e+00
       9554    105.500     6.4318     6.4323     0.0006    1.29568    1.29565          1     0.5468     0.5836      13.79     0.2495     0.2990  1.000e-12  0.1508000    11.8695    11.8691    -0.0005     9.2952     9.2948    104.512    106.705      1.199    1449.17    1449.18  0.000e+00
       9564    106.000     6.4383     6.4389     0.0006    1.29770    1.29767          1     0.5481     0.5857      13.28     0.2602     0.3013  1.000e-12  0.1651000    11.8872    11.8867    -0.0004     9.3086     9.3082    105.007    107.210      1.107    1449.23    1449.23  0.000e+00
       9575    106.500     6.4443     6.4448     0.0004    1.29949    1.29947          1     0.5571     0.5943      12.71     0.2603     0.3128  1.000e-12  0.1663000    11.9028    11.9025    -0.0003     9.3205     9.3202    105.503    107.714      0.857    1449.28    1449.28  0.000e+00
       9623    107.000     6.4396     6.4440     0.0044    1.29831    1.29956          1     0.5727     0.6073      11.84     0.2568     0.2944  1.000e-12  0.1524000    11.8926    11.9035     0.0108     9.3128     9.3210    105.998    108.219      0.541    1449.26    1449.29  0.000e+00
       9678    107.500     6.4398     6.4384    -0.0012    1.29910    1.29814          1     0.5871     0.6123      11.36     0.2364     0.2509  1.000e-12  0.1478000    11.9003    11.8912    -0.0091     9.3188     9.3118    106.493    108.723      1.002    1449.28    1449.26  0.000e+00
       9687    108.000     6.4674     6.4668    -0.0008    1.30781    1.30744          1     0.5842     0.6176      11.07     0.2583     0.2375  1.000e-12  0.1417000    11.9769    11.9735    -0.0034     9.3770     9.3744    106.988    109.228      1.189    1449.50    1449.49  0.000e+00
       9696    108.500     6.4859     6.4867     0.0008    1.31158    1.31164          1     0.5826     0.6131      10.67     0.2723     0.2395  1.000e-12  0.1372000    12.0077    12.0080     0.0003     9.3999     9.4000    107.483    109.732      1.258    1449.62    1449.62  0.000e+00
       9705    109.000     6.4937     6.4943     0.0006    1.31520    1.31522          1     0.5787     0.6069      10.22     0.2725     0.3038  1.000e-12  0.1383000    12.0407    12.0407     0.0000     9.4253     9.4252    107.978    110.237      1.216    1449.70    1449.71  0.000e+00
       9715    109.500     6.5034     6.5039     0.0005    1.31789    1.31788          1     0.5776     0.6046       9.69     0.2617     0.3157  1.000e-12  0.1601000    12.0639    12.0636    -0.0003     9.4427     9.4425    108.474    110.741      1.039    1449.78    1449.78  0.000e+00
       9733    110.000     6.5083     6.5094     0.0011    1.31899    1.31923          1     0.5758     0.6025       8.96     0.2609     0.2966  1.000e-12  0.1599000    12.0730    12.0749     0.0019     9.4495     9.4509    108.969    111.246      0.602    1449.82    1449.83  0.000e+00
       9815    110.500     6.4842     6.5023     0.0181    1.31228    1.31734          1     0.5760     0.6132       8.04     0.2727     0.2616  1.000e-12  0.1478000    12.0149    12.0586     0.0437     9.4056     9.4387    109.464    111.750      0.718    1449.65    1449.79  0.000e+00
       9827    111.000     6.5196     6.5199     0.0004    1.32350    1.32341          1     0.5447     0.5881       7.78     0.2725     0.2587  1.000e-12  0.1483000    12.1134    12.1124    -0.0010     9.4805     9.4797    109.959    112.255      0.970    1449.93    1449.93  0.000e+00
       9838    111.500     6.5341     6.5355     0.0014    1.32818    1.32834          1     0.4656     0.5163       7.35     0.2725     0.2310  1.000e-12  0.1395000    12.1545    12.1556     0.0011     9.5117     9.5124    110.454    112.759      1.059    1450.06    1450.06  0.000e+00
       9849    112.000     6.5544     6.5555     0.0012    1.33256    1.33260          1     0.3472     0.4138       6.91     0.2725     0.2281  1.000e-12  0.1319000    12.1906    12.1906    -0.0000     9.5385     9.5384    110.949    113.264      1.010    1450.19    1450.20  0.000e+00
       9862    112.500     6.5695     6.5702     0.0007    1.33568    1.33570          1     0.2221     0.3004       6.37     0.2772     0.2380  1.000e-12  0.1529000    12.2161    12.2160    -0.0001     9.5574     9.5573    111.445    113.768      0.771    1450.30    1450.30  0.000e+00
       9976    113.000     6.5492     6.5664     0.0173    1.33040    1.33471          1     0.2068     0.3145       5.24     0.2813     0.2541  1.000e-12  0.2173000    12.1709    12.2074     0.0365     9.5234     9.5508    111.940    114.273     -0.100    1450.16    1450.28  0.000e+00
