ctdpy/exports/archive_20191121_122431/received_data/SBE09_0827_20180129_1028_26_01_0255.cnv
* Sea-Bird SBE 9 Data File:
* FileName = D:\CTD_SBE911\DAT\26DA.2018.1.155.hex
* Software Version Seasave V 7.21d
* Temperature SN = 034757
* Conductivity SN = 041844
* Number of Bytes Per Scan = 48
* Number of Voltage Words = 5
* Number of Scans Averaged by the Deck Unit = 1
* NMEA Latitude = 57 50.58 N
* NMEA Longitude = 010 57.48 E
* NMEA UTC (Time) = Jan 29 2018  10:28:36
* NMEA baud rate = 4800
** Ship: DANA
** Average sound velocity: 1471.12 m/s
** True-depth calculation Thu, 28 Mar 2019 08:33:55 +0000
** CTD Python Module SMHI /ver 3-12/ feb 2012 
** LIMS Job: 20182601-0255
** 7.5 Skagens Rev
** Operator: Ronny Sørensen
** Cruise: 01/2018
# nquan = 26
# nvalues = 126                         
# units = specified
# name 0 = scan: Scan Count
# name 1 = prDM: Pressure, Digiquartz [db]
# name 2 = t090C: Temperature [ITS-90, deg C]
# name 3 = t190C: Temperature, 2 [ITS-90, deg C]
# name 4 = T2-T190C: Temperature Difference, 2 - 1 [ITS-90, deg C]
# name 5 = c0S/m: Conductivity [S/m]
# name 6 = c1S/m: Conductivity, 2 [S/m]
# name 7 = pumps: Pump Status
# name 8 = sbeox1ML/L: Oxygen, SBE 43, 2 [ml/l]
# name 9 = sbeox0ML/L: Oxygen, SBE 43 [ml/l]
# name 10 = altM: Altimeter [m]
# name 11 = chloroflTC0: Chlorophyll, Turner Cyclops [ug/l]
# name 12 = cpar: CPAR/Corrected Irradiance [%]
# name 13 = par: PAR/Irradiance, Biospherical/Lico [µE/(cm^2*s)]
# name 14 = spar: SPAR, Biospherical/Licor
# name 15 = sal00: Salinity, Practical [PSU]
# name 16 = sal11: Salinity, Practical, 2 [PSU]
# name 17 = secS-priS: Salinity, Practical, Difference, 2 - 1 [PSU]
# name 18 = sigma-t00: Density [sigma-t, kg/m^3 ]
# name 19 = sigma-t11: Density, 2 [sigma-t, kg/m^3 ]
# name 20 = depSM: Depth [salt water, m], lat = 57.843
# name 21 = depFM: Depth [true depth, m], lat = 57.843
# name 22 = dz/dtM: Descent Rate [m/s], WS = 2
# name 23 = svCM: Sound Velocity [Chen-Millero, m/s]
# name 24 = svCM1: Sound Velocity, 2 [Chen-Millero, m/s]
# name 25 = flag: flag
# span 0 =         49,       7455       
# span 1 =      1.500,     64.000       
# span 2 =     5.2453,     5.8894       
# span 3 =     5.2590,     5.8879       
# span 4 =    -0.0569,     0.0382       
# span 5 =   3.129179,   3.291006       
# span 6 =   3.128215,   3.290333       
# span 7 =          1,          1       
# span 8 =     6.2375,     6.5034       
# span 9 =     6.3502,     7.4991       
# span 10 =       0.72,       9.99      
# span 11 =     0.0431,     0.1112      
# span 12 = 3.5942e-13, 9.0618e+00      
# span 13 = 1.0000e-12, 2.1899e+01      
# span 14 = 2.3766e+02, 2.7822e+02      
# span 15 =    32.1804,    33.4734      
# span 16 =    32.1589,    33.4813      
# span 17 =    -0.1463,     0.0098      
# span 18 =    25.4026,    26.3747      
# span 19 =    25.3857,    26.3777      
# span 20 =      1.486,     63.398      
# span 21 =      1.490,     63.534      
# span 22 =     -0.366,      0.472      
# span 23 =    1468.45,    1472.94      
# span 24 =    1468.50,    1472.92      
# span 25 = 0.0000e+00, 0.0000e+00      
# interval = decibars: 0.5              
# start_time = Jan 29 2018 10:28:37 [NMEA time, first data scan]
# bad_flag = -9.990e-29
*END*
[from data line 112]
       6482     57.500     5.7410     5.7378    -0.0032    3.28058    3.27989          1     6.3669     6.4723       7.24     0.0851  3.730e-13  1.000e-12  2.681e+02    33.4681    33.4634    -0.0047    26.3741    26.3707     56.960     57.084      0.308    1472.72    1472.70  0.000e+00
       6538     58.000     5.7314     5.7335     0.0021    3.27937    3.27946          1     6.3942     6.4767       6.74     0.0879  3.735e-13  1.000e-12  2.677e+02    33.4636    33.4626    -0.0010    26.3716    26.3706     57.455     57.580      0.202    1472.68    1472.69  0.000e+00
       6591     58.500     5.7274     5.7277     0.0002    3.27892    3.27875          1     6.3926     6.4775       6.25     0.0950  3.759e-13  1.000e-12  2.660e+02    33.4622    33.4601    -0.0020    26.3710    26.3694     57.950     58.076      0.280    1472.67    1472.67  0.000e+00
       6631     59.000     5.7272     5.7266    -0.0006    3.27890    3.27862          1     6.3837     6.4747       5.74     0.0949  3.759e-13  1.000e-12  2.660e+02    33.4620    33.4594    -0.0026    26.3709    26.3689     58.446     58.573      0.295    1472.68    1472.67  0.000e+00
       6676     59.500     5.7268     5.7262    -0.0006    3.27889    3.27856          1     6.3902     6.4736       5.23     0.0920  3.759e-13  1.000e-12  2.660e+02    33.4620    33.4589    -0.0031    26.3710    26.3686     58.941     59.069      0.220    1472.68    1472.68  0.000e+00
       6741     60.000     5.7283     5.7270    -0.0013    3.27911    3.27867          1     6.3595     6.4819       4.73     0.0948  3.759e-13  1.000e-12  2.660e+02    33.4628    33.4591    -0.0036    26.3713    26.3686     59.436     59.565      0.223    1472.70    1472.69  0.000e+00
       6786     60.500     5.7293     5.7275    -0.0018    3.27925    3.27876          1     6.3392     6.4683       4.24     0.0853  3.748e-13  1.000e-12  2.668e+02    33.4631    33.4594    -0.0038    26.3715    26.3688     59.931     60.061      0.322    1472.71    1472.70  0.000e+00
       6821     61.000     5.7302     5.7287    -0.0016    3.27937    3.27889          1     6.2901     6.4693       3.75     0.0908  3.731e-13  1.000e-12  2.681e+02    33.4633    33.4594    -0.0039    26.3716    26.3687     60.427     60.557      0.333    1472.72    1472.71  0.000e+00
       6863     61.500     5.7291     5.7292     0.0000    3.27925    3.27898          1     6.2750     6.4786       3.25     0.0898  3.730e-13  1.000e-12  2.681e+02    33.4628    33.4597    -0.0031    26.3713    26.3689     60.922     61.053      0.256    1472.73    1472.72  0.000e+00
       6914     62.000     5.7286     5.7274    -0.0012    3.27922    3.27882          1     6.2939     6.4821       2.74     0.0894  3.728e-13  1.000e-12  2.683e+02    33.4627    33.4594    -0.0032    26.3712    26.3688     61.417     61.550      0.210    1472.73    1472.72  0.000e+00
       6977     62.500     5.7304     5.7290    -0.0013    3.27943    3.27898          1     6.2971     6.4682       2.24     0.0921  3.703e-13  1.000e-12  2.701e+02    33.4631    33.4593    -0.0038    26.3713    26.3685     61.912     62.046      0.218    1472.75    1472.74  0.000e+00
       7030     63.000     5.7229     5.7265     0.0037    3.27856    3.27880          1     6.2941     6.4735       1.73     0.0944  3.702e-13  1.000e-12  2.701e+02    33.4605    33.4595    -0.0010    26.3702    26.3690     62.407     62.542      0.220    1472.72    1472.74  0.000e+00
       7083     63.500     5.7213     5.7216     0.0003    3.27843    3.27825          1     6.3198     6.4708       1.24     0.1107  3.702e-13  1.000e-12  2.701e+02    33.4603    33.4580    -0.0023    26.3703    26.3684     62.903     63.038      0.220    1472.73    1472.73  0.000e+00
       7455     64.000     5.7213     5.7199    -0.0014    3.27844    3.27793          1     6.5034     6.4613       0.72     0.1112  3.656e-13  1.000e-12  2.735e+02    33.4601    33.4558    -0.0043    26.3700    26.3668     63.398     63.534     -0.366    1472.73    1472.71  0.000e+00
