ctdpy/exports/archive_20191121_122431/received_data/SBE09_0827_20180227_0602_26_01_0321.cnv
* Sea-Bird SBE 9 Data File:
* FileName = D:\CTD_SBE911\DAT\26DA.2018.3.21.hex
* Software Version Seasave V 7.21d
* Temperature SN = 034757
* Conductivity SN = 041844
* Number of Bytes Per Scan = 48
* Number of Voltage Words = 5
* Number of Scans Averaged by the Deck Unit = 1
* NMEA Latitude = 56 11.75 N
* NMEA Longitude = 019 25.18 E
* NMEA UTC (Time) = Feb 27 2018  06:02:25
* NMEA baud rate = 4800
** Ship: DANA
** Average sound velocity: 1435.51 m/s
** True-depth calculation Tue, 02 Apr 2019 12:03:44 +0000
** CTD Python Module SMHI /ver 3-12/ feb 2012 
** LIMS Job: 20182601-0321
** Operator:
** Cruise: 02/2018
# nquan = 26
# nvalues = 205                         
# units = specified
# name 0 = scan: Scan Count
# name 1 = prDM: Pressure, Digiquartz [db]
# name 2 = t090C: Temperature [ITS-90, deg C]
# name 3 = t190C: Temperature, 2 [ITS-90, deg C]
# name 4 = T2-T190C: Temperature Difference, 2 - 1 [ITS-90, deg C]
# name 5 = c0S/m: Conductivity [S/m]
# name 6 = c1S/m: Conductivity, 2 [S/m]
# name 7 = pumps: Pump Status
# name 8 = sbeox1ML/L: Oxygen, SBE 43, 2 [ml/l]
# name 9 = sbeox0ML/L: Oxygen, SBE 43 [ml/l]
# name 10 = altM: Altimeter [m]
# name 11 = chloroflTC0: Chlorophyll, Turner Cyclops [ug/l]
# name 12 = cpar: CPAR/Corrected Irradiance [%]
# name 13 = par: PAR/Irradiance, Biospherical/Lico [µE/(cm^2*s)]
# name 14 = spar: SPAR, Biospherical/Licor
# name 15 = sal00: Salinity, Practical [PSU]
# name 16 = sal11: Salinity, Practical, 2 [PSU]
# name 17 = secS-priS: Salinity, Practical, Difference, 2 - 1 [PSU]
# name 18 = sigma-t00: Density [sigma-t, kg/m^3 ]
# name 19 = sigma-t11: Density, 2 [sigma-t, kg/m^3 ]
# name 20 = depSM: Depth [salt water, m], lat = 56.1958
# name 21 = depFM: Depth [true depth, m], lat = 56.1958
# name 22 = dz/dtM: Descent Rate [m/s], WS = 2
# name 23 = svCM: Sound Velocity [Chen-Millero, m/s]
# name 24 = svCM1: Sound Velocity, 2 [Chen-Millero, m/s]
# name 25 = flag: flag
# span 0 =        -22,      11032       
# span 1 =      1.500,    103.500       
# span 2 =     3.2526,     6.3919       
# span 3 =     3.2495,     6.3952       
# span 4 =    -0.0070,     0.2074       
# span 5 =   0.764197,   1.234929       
# span 6 =   0.762167,   1.234936       
# span 7 =          1,          1       
# span 8 =     0.1835,     8.4231       
# span 9 =     0.2604,     8.3825       
# span 10 =      -1.09,       9.95      
# span 11 =     0.0110,     0.0167      
# span 12 = 4.4764e-12, 7.9600e+00      
# span 13 = 1.0000e-12, 1.7782e+00      
# span 14 = 1.7954e+01, 2.2339e+01      
# span 15 =     7.4068,    11.2822      
# span 16 =     7.3859,    11.2812      
# span 17 =    -0.0212,     0.1453      
# span 18 =     5.9021,     8.8363      
# span 19 =     5.8856,     8.8353      
# span 20 =      1.486,    102.531      
# span 21 =      1.519,    104.698      
# span 22 =      0.004,      0.824      
# span 23 =    1427.90,    1448.23      
# span 24 =    1427.87,    1448.25      
# span 25 = 0.0000e+00, 0.0000e+00      
# interval = decibars: 0.5              
# start_time = Feb 27 2018 06:02:25 [NMEA time, first data scan]
# bad_flag = -9.990e-29
*END*
        -22      1.500     3.2541     3.2545     0.0004    0.76420    0.76217          1     8.3956     8.3717       9.95     0.0149  7.960e+00  1.778e+00  2.234e+01     7.4071     7.3859    -0.0212     5.9025     5.8856      1.486      1.519      0.004    1427.90    1427.87  0.000e+00
        117      2.000     3.2551     3.2542    -0.0010    0.76423    0.76349          1     8.3765     8.3614       9.95     0.0122  6.405e+00  1.431e+00  2.234e+01     7.4071     7.3997    -0.0075     5.9025     5.8965      1.982      2.025      0.306    1427.91    1427.90  0.000e+00
        592      2.500     3.2586     3.2583    -0.0004    0.76431    0.76359          1     8.3476     8.3606       9.95     0.0122  6.061e+00  1.354e+00  2.234e+01     7.4071     7.3997    -0.0074     5.9024     5.8965      2.477      2.531      0.824    1427.93    1427.92  0.000e+00
        612      3.000     3.2588     3.2584    -0.0005    0.76431    0.76361          1     8.3398     8.3642       9.95     0.0121  4.799e+00  1.072e+00  2.234e+01     7.4070     7.3998    -0.0072     5.9023     5.8966      2.973      3.038      0.781    1427.94    1427.93  0.000e+00
        630      3.500     3.2584     3.2578    -0.0006    0.76431    0.76361          1     8.3399     8.3725       9.95     0.0121  3.796e+00  8.479e-01  2.234e+01     7.4070     7.3999    -0.0071     5.9023     5.8966      3.468      3.544      0.541    1427.95    1427.94  0.000e+00
        738      4.000     3.2582     3.2578    -0.0004    0.76431    0.76361          1     8.3683     8.3693       9.95     0.0132  3.525e+00  7.874e-01  2.234e+01     7.4070     7.3998    -0.0072     5.9023     5.8966      3.964      4.050      0.424    1427.95    1427.94  0.000e+00
        782      4.500     3.2582     3.2582    -0.0000    0.76431    0.76363          1     8.3712     8.3662       9.95     0.0122  2.916e+00  6.514e-01  2.234e+01     7.4070     7.3998    -0.0071     5.9023     5.8966      4.459      4.557      0.313    1427.96    1427.95  0.000e+00
        876      5.000     3.2590     3.2582    -0.0009    0.76434    0.76364          1     8.3891     8.3650       9.95     0.0122  2.525e+00  5.641e-01  2.234e+01     7.4070     7.3999    -0.0071     5.9023     5.8966      4.954      5.063      0.289    1427.98    1427.96  0.000e+00
        920      5.500     3.2580     3.2578    -0.0002    0.76432    0.76363          1     8.3884     8.3603       9.95     0.0115  2.154e+00  4.811e-01  2.234e+01     7.4069     7.3999    -0.0071     5.9023     5.8966      5.450      5.569      0.479    1427.98    1427.97  0.000e+00
        943      6.000     3.2575     3.2573    -0.0003    0.76432    0.76363          1     8.3825     8.3650       9.95     0.0110  1.830e+00  4.089e-01  2.234e+01     7.4070     7.3999    -0.0071     5.9023     5.8967      5.945      6.075      0.474    1427.98    1427.97  0.000e+00
        975      6.500     3.2565     3.2551    -0.0014    0.76430    0.76359          1     8.3891     8.3725       9.95     0.0119  1.459e+00  3.260e-01  2.234e+01     7.4069     7.3999    -0.0070     5.9023     5.8967      6.441      6.582      0.296    1427.99    1427.97  0.000e+00
       1031      7.000     3.2571     3.2539    -0.0032    0.76432    0.76358          1     8.4021     8.3755       9.95     0.0114  1.123e+00  2.508e-01  2.234e+01     7.4070     7.3999    -0.0070     5.9023     5.8967      6.936      7.088      0.175    1428.00    1427.97  0.000e+00
       1105      7.500     3.2567     3.2553    -0.0014    0.76432    0.76361          1     8.4006     8.3726       9.95     0.0122  9.766e-01  2.182e-01  2.234e+01     7.4070     7.3999    -0.0071     5.9023     5.8967      7.431      7.594      0.266    1428.00    1427.99  0.000e+00
       1142      8.000     3.2569     3.2563    -0.0006    0.76433    0.76363          1     8.4035     8.3727       9.95     0.0114  7.961e-01  1.778e-01  2.234e+01     7.4070     7.3998    -0.0071     5.9023     5.8966      7.927      8.100      0.397    1428.01    1428.00  0.000e+00
       1175      8.500     3.2583     3.2574    -0.0009    0.76437    0.76367          1     8.4080     8.3783       9.95     0.0121  5.394e-01  1.205e-01  2.234e+01     7.4069     7.3999    -0.0070     5.9023     5.8967      8.422      8.607      0.297    1428.03    1428.01  0.000e+00
       1246      9.000     3.2580     3.2563    -0.0017    0.76437    0.76366          1     8.4008     8.3716       9.95     0.0121  4.222e-01  9.431e-02  2.234e+01     7.4070     7.3999    -0.0070     5.9023     5.8967      8.918      9.113      0.288    1428.03    1428.02  0.000e+00
       1282      9.500     3.2576     3.2593     0.0017    0.76437    0.76372          1     8.4036     8.3785       9.95     0.0116  3.137e-01  7.008e-02  2.234e+01     7.4070     7.3998    -0.0072     5.9023     5.8966      9.413      9.619      0.427    1428.04    1428.04  0.000e+00
       1311     10.000     3.2594     3.2595     0.0001    0.76442    0.76374          1     8.4048     8.3663       9.95     0.0119  1.345e-01  3.004e-02  2.234e+01     7.4070     7.3999    -0.0071     5.9023     5.8967      9.909     10.126      0.369    1428.06    1428.05  0.000e+00
       1358     10.500     3.2607     3.2601    -0.0005    0.76445    0.76376          1     8.4043     8.3692       9.95     0.0120  8.651e-03  1.932e-03  2.234e+01     7.4070     7.3999    -0.0071     5.9023     5.8966     10.404     10.632      0.217    1428.07    1428.06  0.000e+00
       1434     11.000     3.2600     3.2581    -0.0019    0.76444    0.76373          1     8.4076     8.3786       9.95     0.0117  1.059e-03  2.366e-04  2.234e+01     7.4069     7.4000    -0.0069     5.9022     5.8967     10.899     11.138      0.317    1428.07    1428.06  0.000e+00
       1466     11.500     3.2579     3.2568    -0.0012    0.76439    0.76370          1     8.4035     8.3717       9.95     0.0117  4.250e-05  9.494e-06  2.234e+01     7.4069     7.3999    -0.0070     5.9022     5.8967     11.395     11.644      0.334    1428.07    1428.06  0.000e+00
       1512     12.000     3.2588     3.2581    -0.0007    0.76442    0.76372          1     8.3924     8.3804       9.95     0.0122  4.476e-12  1.000e-12  2.234e+01     7.4069     7.3998    -0.0070     5.9022     5.8966     11.890     12.151      0.230    1428.08    1428.07  0.000e+00
       1560     12.500     3.2597     3.2595    -0.0001    0.76444    0.76376          1     8.3885     8.3671       9.95     0.0117  4.476e-12  1.000e-12  2.234e+01     7.4068     7.3998    -0.0070     5.9022     5.8966     12.386     12.657      0.293    1428.10    1428.09  0.000e+00
       1601     13.000     3.2597     3.2592    -0.0004    0.76444    0.76377          1     8.3992     8.3714       9.95     0.0122  4.476e-12  1.000e-12  2.234e+01     7.4068     7.3999    -0.0069     5.9021     5.8966     12.881     13.163      0.281    1428.10    1428.09  0.000e+00
       1643     13.500     3.2598     3.2595    -0.0003    0.76445    0.76378          1     8.4020     8.3772       9.95     0.0121  4.476e-12  1.000e-12  2.234e+01     7.4068     7.3999    -0.0069     5.9021     5.8966     13.377     13.670      0.297    1428.11    1428.10  0.000e+00
       1687     14.000     3.2616     3.2606    -0.0009    0.76450    0.76380          1     8.4044     8.3737       9.95     0.0114  4.476e-12  1.000e-12  2.234e+01     7.4069     7.3998    -0.0071     5.9022     5.8965     13.872     14.176      0.210    1428.13    1428.11  0.000e+00
       1766     14.500     3.2621     3.2608    -0.0013    0.76452    0.76383          1     8.3927     8.3819       9.95     0.0116  4.476e-12  1.000e-12  2.234e+01     7.4069     7.4000    -0.0069     5.9022     5.8967     14.367     14.682      0.276    1428.14    1428.12  0.000e+00
       1804     15.000     3.2601     3.2531    -0.0070    0.76448    0.76367          1     8.4006     8.3761       9.95     0.0122  4.476e-12  1.000e-12  2.234e+01     7.4068     7.4000    -0.0068     5.9021     5.8968     14.863     15.188      0.362    1428.14    1428.10  0.000e+00
       1847     15.500     3.2596     3.2589    -0.0007    0.76448    0.76379          1     8.4073     8.3791       9.95     0.0117  4.476e-12  1.000e-12  2.234e+01     7.4068     7.3998    -0.0070     5.9022     5.8966     15.358     15.695      0.228    1428.14    1428.13  0.000e+00
       1897     16.000     3.2617     3.2609    -0.0008    0.76453    0.76385          1     8.4204     8.3678       9.95     0.0119  4.476e-12  1.000e-12  2.234e+01     7.4068     7.3999    -0.0069     5.9021     5.8966     15.854     16.201      0.328    1428.16    1428.15  0.000e+00
       1928     16.500     3.2603     3.2597    -0.0006    0.76451    0.76382          1     8.4163     8.3670       9.95     0.0122  4.476e-12  1.000e-12  2.234e+01     7.4068     7.3999    -0.0070     5.9022     5.8966     16.349     16.707      0.390    1428.16    1428.15  0.000e+00
       1962     17.000     3.2612     3.2586    -0.0027    0.76453    0.76382          1     8.4107     8.3706       9.95     0.0118  4.476e-12  1.000e-12  2.234e+01     7.4068     7.4000    -0.0069     5.9021     5.8967     16.844     17.214      0.313    1428.17    1428.15  0.000e+00
       2007     17.500     3.2573     3.2503    -0.0069    0.76445    0.76365          1     8.4040     8.3673       9.95     0.0118  4.476e-12  1.000e-12  2.234e+01     7.4068     7.4001    -0.0067     5.9021     5.8969     17.340     17.720      0.211    1428.16    1428.12  0.000e+00
       2083     18.000     3.2546     3.2495    -0.0050    0.76439    0.76363          1     8.4155     8.3736       9.95     0.0118  4.476e-12  1.000e-12  2.234e+01     7.4068     7.4000    -0.0068     5.9022     5.8968     17.835     18.226      0.244    1428.16    1428.13  0.000e+00
       2123     18.500     3.2526     3.2508    -0.0017    0.76436    0.76365          1     8.4043     8.3823       9.95     0.0119  4.476e-12  1.000e-12  2.234e+01     7.4068     7.3998    -0.0070     5.9022     5.8967     18.331     18.732      0.382    1428.16    1428.14  0.000e+00
       2154     19.000     3.2547     3.2556     0.0008    0.76442    0.76377          1     8.4012     8.3785       9.95     0.0118  4.476e-12  1.000e-12  2.234e+01     7.4069     7.3999    -0.0070     5.9023     5.8967     18.826     19.239      0.331    1428.17    1428.17  0.000e+00
       2202     19.500     3.2581     3.2600     0.0019    0.76452    0.76390          1     8.4044     8.3807       9.95     0.0114  4.476e-12  1.000e-12  2.234e+01     7.4071     7.4002    -0.0069     5.9024     5.8969     19.321     19.745      0.236    1428.20    1428.20  0.000e+00
       2245     20.000     3.2598     3.2593    -0.0005    0.76457    0.76389          1     8.4153     8.3557       9.95     0.0120  4.476e-12  1.000e-12  2.234e+01     7.4071     7.4001    -0.0069     5.9024     5.8968     19.817     20.251      0.357    1428.22    1428.20  0.000e+00
       2277     20.500     3.2611     3.2639     0.0028    0.76461    0.76400          1     8.4153     8.3650       9.95     0.0122  4.476e-12  1.000e-12  2.234e+01     7.4071     7.4002    -0.0069     5.9024     5.8968     20.312     20.757      0.336    1428.23    1428.23  0.000e+00
       2323     21.000     3.2622     3.2626     0.0004    0.76464    0.76399          1     8.4000     8.3669       9.95     0.0115  4.476e-12  1.000e-12  2.234e+01     7.4072     7.4004    -0.0068     5.9024     5.8970     20.808     21.264      0.185    1428.24    1428.23  0.000e+00
       2394     21.500     3.2634     3.2635     0.0001    0.76468    0.76402          1     8.4053     8.3699       9.95     0.0121  4.476e-12  1.000e-12  2.234e+01     7.4072     7.4003    -0.0069     5.9024     5.8969     21.303     21.770      0.244    1428.25    1428.25  0.000e+00
       2435     22.000     3.2643     3.2634    -0.0010    0.76470    0.76402          1     8.4039     8.3698       9.95     0.0122  4.476e-12  1.000e-12  2.234e+01     7.4072     7.4003    -0.0069     5.9024     5.8969     21.798     22.276      0.322    1428.27    1428.25  0.000e+00
       2476     22.500     3.2641     3.2622    -0.0018    0.76470    0.76400          1     8.4140     8.3699       9.95     0.0120  4.476e-12  1.000e-12  2.234e+01     7.4072     7.4003    -0.0068     5.9024     5.8969     22.294     22.783      0.263    1428.27    1428.26  0.000e+00
       2520     23.000     3.2620     3.2612    -0.0008    0.76465    0.76398          1     8.4180     8.3732       9.95     0.0119  4.476e-12  1.000e-12  2.234e+01     7.4071     7.4002    -0.0068     5.9023     5.8969     22.789     23.289      0.328    1428.27    1428.26  0.000e+00
       2553     23.500     3.2605     3.2551    -0.0055    0.76462    0.76384          1     8.4056     8.3760       9.95     0.0122  4.476e-12  1.000e-12  2.234e+01     7.4070     7.4002    -0.0068     5.9023     5.8969     23.284     23.795      0.341    1428.27    1428.24  0.000e+00
       2597     24.000     3.2583     3.2566    -0.0017    0.76457    0.76386          1     8.4031     8.3733       9.95     0.0120  4.476e-12  1.000e-12  2.234e+01     7.4069     7.4000    -0.0070     5.9022     5.8967     23.780     24.301      0.241    1428.27    1428.25  0.000e+00
       2646     24.500     3.2606     3.2633     0.0027    0.76464    0.76403          1     8.4093     8.3733       9.95     0.0119  4.476e-12  1.000e-12  2.234e+01     7.4071     7.4001    -0.0069     5.9024     5.8968     24.275     24.808      0.224    1428.29    1428.29  0.000e+00
       2710     25.000     3.2662     3.2682     0.0020    0.76479    0.76418          1     8.4163     8.3739       9.95     0.0119  4.476e-12  1.000e-12  2.234e+01     7.4073     7.4005    -0.0068     5.9024     5.8970     24.771     25.314      0.239    1428.32    1428.32  0.000e+00
       2749     25.500     3.2672     3.2629    -0.0042    0.76482    0.76407          1     8.4131     8.3702       9.95     0.0122  4.476e-12  1.000e-12  2.234e+01     7.4073     7.4005    -0.0068     5.9024     5.8971     25.266     25.820      0.390    1428.33    1428.31  0.000e+00
       2780     26.000     3.2642     3.2600    -0.0041    0.76474    0.76397          1     8.4102     8.3701       9.95     0.0119  4.476e-12  1.000e-12  2.234e+01     7.4071     7.4001    -0.0070     5.9023     5.8968     25.761     26.327      0.318    1428.33    1428.30  0.000e+00
       2836     26.500     3.2615     3.2603    -0.0012    0.76467    0.76399          1     8.4058     8.3730       9.95     0.0119  4.476e-12  1.000e-12  2.234e+01     7.4069     7.4000    -0.0069     5.9022     5.8967     26.257     26.833      0.235    1428.32    1428.31  0.000e+00
       2878     27.000     3.2602     3.2630     0.0028    0.76464    0.76405          1     8.4042     8.3735       9.95     0.0122  4.476e-12  1.000e-12  2.234e+01     7.4068     7.4000    -0.0068     5.9021     5.8967     26.752     27.339      0.350    1428.33    1428.33  0.000e+00
       2912     27.500     3.2621     3.2619    -0.0002    0.76470    0.76405          1     8.4123     8.3634       9.95     0.0121  4.476e-12  1.000e-12  2.234e+01     7.4069     7.4002    -0.0067     5.9022     5.8969     27.247     27.845      0.327    1428.34    1428.33  0.000e+00
       2955     28.000     3.2625     3.2632     0.0007    0.76472    0.76407          1     8.4077     8.3681       9.95     0.0114  4.476e-12  1.000e-12  2.234e+01     7.4069     7.4000    -0.0069     5.9022     5.8967     27.743     28.352      0.245    1428.35    1428.35  0.000e+00
       3020     28.500     3.2635     3.2649     0.0014    0.76475    0.76412          1     8.4060     8.3729       9.95     0.0118  4.476e-12  1.000e-12  2.234e+01     7.4070     7.4001    -0.0068     5.9022     5.8968     28.238     28.858      0.201    1428.36    1428.36  0.000e+00
