ctdpy/exports/archive_20191121_122431/received_data/SBE09_1044_20180529_0829_34_07_0042.cnv
* Sea-Bird SBE 9 Data File:
* FileName = C:\ctd\temp\2018\AU18D042.hex
* Software Version Seasave V 7.26.6.26
* Temperature SN = 5351
* Conductivity SN = 3941
* Number of Bytes Per Scan = 41
* Number of Voltage Words = 4
* Number of Scans Averaged by the Deck Unit = 1
* NMEA Latitude = 55 33.32 N
* NMEA Longitude = 018 24.04 E
* NMEA UTC (Time) = May 29 2018  08:29:17
* NMEA baud rate = 4800
** Station:  BCS III-10
** Operator:  JKro
** Ship: AURA
** Average sound velocity: 1438.89 m/s
** True-depth calculation Tue, 29 May 2018 09:39:50 +0000
** CTD Python Module SMHI /ver 3-12/ feb 2012 
** LIMS Job: 20183407-0042
** Cruise: SMHI-02-2018
** Latitude [GG MM.mm N] :
** Longitude [GG MM.mm E]:
# nquan = 26
# nvalues = 170                         
# units = specified
# name 0 = scan: Scan Count
# name 1 = prDM: Pressure, Digiquartz [db]
# name 2 = t090C: Temperature [ITS-90, deg C]
# name 3 = t190C: Temperature, 2 [ITS-90, deg C]
# name 4 = T2-T190C: Temperature Difference, 2 - 1 [ITS-90, deg C]
# name 5 = c0S/m: Conductivity [S/m]
# name 6 = c1S/m: Conductivity, 2 [S/m]
# name 7 = pumps: Pump Status
# name 8 = sbeox0ML/L: Oxygen, SBE 43 [ml/l]
# name 9 = sbeox1ML/L: Oxygen, SBE 43, 2 [ml/l]
# name 10 = altM: Altimeter [m]
# name 11 = flECO-AFL: Chl-a Fluorescence, WET Labs ECO-AFL/FL [mg/m^3]
# name 12 = flECO-AFL1: Phycocyanin Fluorescence, WET Labs ECO-AFL/FL, 2 [mg/m^3]
# name 13 = par: PAR/Irradiance, Biospherical/Lico [µE/(cm^2*s)]
# name 14 = turbWETntu0: Turbidity, WET Labs ECO [NTU]
# name 15 = sal00: Salinity, Practical [PSU]
# name 16 = sal11: Salinity, Practical, 2 [PSU]
# name 17 = secS-priS: Salinity, Practical, Difference, 2 - 1 [PSU]
# name 18 = sigma-t00: Density [sigma-t, Kg/m^3 ]
# name 19 = sigma-t11: Density, 2 [sigma-t, Kg/m^3 ]
# name 20 = depSM: Depth [salt water, m], lat = 55.5553
# name 21 = depFM: Depth [true depth, m], lat = 55.5553
# name 22 = dz/dtM: Descent Rate [m/s], WS = 2
# name 23 = svCM: Sound Velocity [Chen-Millero, m/s]
# name 24 = svCM1: Sound Velocity, 2 [Chen-Millero, m/s]
# name 25 = flag: flag
# span 0 =      15759,      20267       
# span 1 =      1.000,     85.500       
# span 2 =     3.0395,    13.9539       
# span 3 =     3.0412,    13.9167       
# span 4 =    -0.1183,     0.1107       
# span 5 =   0.770653,   1.140917       
# span 6 =   0.770554,   1.140708       
# span 7 =          1,          1       
# span 8 =    0.07640,    9.44935       
# span 9 =   -0.05556,    9.50952       
# span 10 =       1.52,      99.08      
# span 11 =     0.2237,     9.4605      
# span 12 =     0.1778,     0.9543      
# span 13 = 1.0000e-12, 3.9590e+03      
# span 14 =     0.1378,     0.6818      
# span 15 =     7.3783,    10.5509      
# span 16 =     7.3788,    10.5496      
# span 17 =    -0.0711,     0.0035      
# span 18 =     4.9824,     8.3010      
# span 19 =     4.9889,     8.3001      
# span 20 =      0.991,     84.708      
# span 21 =      1.013,     86.558      
# span 22 =     -0.031,      0.538      
# span 23 =    1428.20,    1471.10      
# span 24 =    1428.20,    1470.97      
# span 25 = 0.0000e+00, 0.0000e+00      
# interval = decibars: 0.5              
# start_time = May 29 2018 08:29:18 [NMEA time, first data scan]
# bad_flag = -9.990e-29
*END*
      15759      1.000    13.6137    13.7231     0.1091    1.00670    1.00977          1     8.4426     8.2959      36.63     1.8213     0.3312  3.959e+03  0.4356000     7.4268     7.4300     0.0032     5.0324     5.0183      0.991      1.013      0.336    1469.88    1470.27  0.000e+00
      15794      1.500    13.8356    13.8594     0.0238    1.01251    1.01327          1     8.4041     8.2996      51.59     1.3827     0.3457  2.356e+03  0.5397000     7.4300     7.4315     0.0014     5.0011     4.9985      1.486      1.520      0.331    1470.68    1470.76  0.000e+00
      15829      2.000    13.9539    13.9167    -0.0370    1.01532    1.01455          1     8.3940     8.3346      99.08     1.2043     0.2823  1.544e+03  0.4652000     7.4295     7.4305     0.0010     4.9824     4.9889      1.982      2.027      0.401    1471.10    1470.97  0.000e+00
      15856      2.500    13.9123    13.9028    -0.0088    1.01415    1.01398          1     8.3813     8.3381      97.38     1.2273     0.3633  1.438e+03  0.5812000     7.4282     7.4287     0.0005     4.9878     4.9897      2.477      2.534      0.434    1470.96    1470.93  0.000e+00
      15885      3.000    13.7052    13.7532     0.0471    1.00844    1.00995          1     8.3804     8.3441      97.37     1.3273     0.3760  1.067e+03  0.6087000     7.4227     7.4255     0.0028     5.0153     5.0101      2.973      3.040      0.377    1470.23    1470.41  0.000e+00
      15918      3.500    13.5571    13.6315     0.0748    1.00442    1.00666          1     8.4727     8.4035      93.77     1.4300     0.3533  8.757e+02  0.4458000     7.4192     7.4227     0.0035     5.0350     5.0265      3.468      3.547      0.384    1469.71    1469.98  0.000e+00
      15948      4.000    13.5697    13.5566    -0.0126    1.00504    1.00476          1     8.5252     8.4200      94.28     1.6295     0.3394  7.558e+02  0.4562000     7.4217     7.4220     0.0003     5.0350     5.0372      3.964      4.054      0.395    1469.77    1469.72  0.000e+00
      15980      4.500    13.7362    13.7783     0.0414    1.00916    1.01046          1     8.5218     8.4329      93.46     1.6615     0.4329  5.737e+02  0.5003000     7.4223     7.4246     0.0022     5.0103     5.0056      4.459      4.561      0.363    1470.37    1470.52  0.000e+00
      16014      5.000    13.6623    13.6425    -0.0196    1.00745    1.00678          1     8.4616     8.4749      89.60     1.7294     0.5143  4.700e+02  0.4417000     7.4229     7.4214    -0.0015     5.0220     5.0239      4.955      5.067      0.359    1470.11    1470.04  0.000e+00
      16045      5.500    13.1039    13.1599     0.0550    0.99240    0.99404          1     8.6094     8.7090      97.34     2.1717     0.3932  3.883e+02  0.4604000     7.4104     7.4127     0.0023     5.0951     5.0885      5.450      5.574      0.397    1468.11    1468.31  0.000e+00
      16075      6.000    12.7572    12.6375    -0.1183    0.98368    0.98068          1     8.7357     8.8600      97.38     3.0685     0.5180  3.479e+02  0.4733000     7.4074     7.4064    -0.0010     5.1424     5.1584      5.946      6.081      0.393    1466.86    1466.42  0.000e+00
      16106      6.500    12.3341    12.2853    -0.0489    0.97334    0.97174          1     8.7948     8.8893      96.57     3.7442     0.5497  2.727e+02  0.4861000     7.4058     7.4022    -0.0036     5.1999     5.2038      6.441      6.587      0.392    1465.32    1465.14  0.000e+00
      16136      7.000    12.0442    11.9626    -0.0819    0.96582    0.96381          1     8.9433     8.9963      83.45     4.3437     0.5982  2.325e+02  0.5376000     7.4009     7.4004    -0.0004     5.2349     5.2454      6.936      7.094      0.422    1464.26    1463.95  0.000e+00
      16164      7.500    11.9179    11.8805    -0.0375    0.96306    0.96220          1     9.0368     9.0065      93.08     4.7131     0.5876  1.945e+02  0.5667000     7.4029     7.4032     0.0003     5.2532     5.2584      7.432      7.601      0.424    1463.80    1463.66  0.000e+00
      16193      8.000    11.9048    11.9115     0.0066    0.96308    0.96325          1     9.2276     9.1609      97.32     4.8162     0.6522  1.675e+02  0.5076000     7.4056     7.4058     0.0001     5.2570     5.2563      7.927      8.107      0.417    1463.76    1463.79  0.000e+00
      16221      8.500    11.7112    11.7085    -0.0024    0.95850    0.95842          1     8.9092     8.9962      45.65     5.0256     0.6316  1.468e+02  0.4908000     7.4059     7.4058    -0.0001     5.2824     5.2826      8.423      8.614      0.438    1463.05    1463.04  0.000e+00
      16247      9.000    10.9090    11.0204     0.1107    0.93877    0.94098          1     9.1199     9.3309      97.32     5.3417     0.6275  1.308e+02  0.4925000     7.3998     7.3962    -0.0036     5.3748     5.3590      8.918      9.120      0.457    1460.01    1460.44  0.000e+00
      16274      9.500    10.1191    10.1607     0.0421    0.91912    0.92012          1     9.2704     9.4113      49.26     6.5165     0.7210  1.098e+02  0.5252000     7.3912     7.3914     0.0002     5.4601     5.4557      9.414      9.627      0.438    1456.99    1457.16  0.000e+00
      16302     10.000     9.9218     9.9660     0.0439    0.91448    0.91564          1     9.3720     9.4776      96.46     6.8799     0.8275  9.630e+01  0.5336000     7.3910     7.3921     0.0011     5.4809     5.4771      9.909     10.133      0.421    1456.23    1456.40  0.000e+00
      16330     10.500     9.3534     9.3778     0.0248    0.90097    0.90162          1     9.4494     9.5095      97.38     7.7022     0.8548  8.195e+01  0.5986000     7.3891     7.3898     0.0007     5.5380     5.5361     10.405     10.640      0.451    1454.01    1454.10  0.000e+00
      16356     11.000     9.2086     9.2698     0.0607    0.89812    0.89955          1     9.4345     9.4290      90.88     8.2344     0.8611  7.006e+01  0.5707000     7.3937     7.3937     0.0000     5.5556     5.5497     10.900     11.146      0.470    1453.45    1453.69  0.000e+00
      16382     11.500     8.7962     8.8181     0.0222    0.88833    0.88873          1     9.3953     9.3670      90.14     8.3532     0.8691  5.801e+01  0.5574000     7.3919     7.3909    -0.0009     5.5933     5.5906     11.395     11.653      0.450    1451.81    1451.89  0.000e+00
      16409     12.000     8.5696     8.5825     0.0130    0.88322    0.88352          1     9.2942     9.2227      96.25     8.6568     0.9282  4.972e+01  0.5435000     7.3931     7.3931    -0.0001     5.6148     5.6136     11.891     12.159      0.434    1450.91    1450.96  0.000e+00
      16436     12.500     8.3151     8.3280     0.0127    0.87746    0.87771          1     9.2227     9.1034      87.36     9.4605     0.9543  4.165e+01  0.5584000     7.3942     7.3938    -0.0004     5.6379     5.6364     12.386     12.666      0.460    1449.89    1449.94  0.000e+00
      16462     13.000     8.1406     8.1464     0.0058    0.87377    0.87384          1     9.1851     9.0607      97.41     9.2873     0.8863  3.522e+01  0.5529000     7.3974     7.3968    -0.0006     5.6551     5.6541     12.882     13.172      0.482    1449.19    1449.21  0.000e+00
      16487     13.500     8.0700     8.0736     0.0036    0.87261    0.87263          1     9.1758     9.0462      97.35     8.9721     0.9229  2.949e+01  0.5223000     7.4016     7.4010    -0.0005     5.6642     5.6635     13.377     13.678      0.470    1448.92    1448.93  0.000e+00
      16513     14.000     8.0371     8.0408     0.0038    0.87242    0.87246          1     9.1733     9.0163      94.36     9.1458     0.9524  2.535e+01  0.5269000     7.4067     7.4063    -0.0004     5.6709     5.6703     13.873     14.185      0.453    1448.80    1448.81  0.000e+00
      16539     14.500     7.9902     7.9920     0.0018    0.87182    0.87184          1     9.1742     9.0340      80.30     9.1169     0.9533  2.151e+01  0.5277000     7.4111     7.4109    -0.0002     5.6782     5.6778     14.368     14.691      0.453    1448.62    1448.63  0.000e+00
      16566     15.000     7.9091     7.9123     0.0033    0.87022    0.87026          1     9.2011     9.0712      97.48     8.9521     0.9343  1.852e+01  0.5202000     7.4135     7.4132    -0.0003     5.6866     5.6861     14.864     15.198      0.459    1448.30    1448.31  0.000e+00
      16592     15.500     7.8340     7.8360     0.0019    0.86850    0.86853          1     9.0915     8.9601      97.35     8.5645     0.8975  1.577e+01  0.4974000     7.4136     7.4135    -0.0001     5.6927     5.6924     15.359     15.704      0.464    1448.00    1448.01  0.000e+00
      16617     16.000     7.6513     7.6563     0.0049    0.86369    0.86381          1     8.9263     8.7772      97.36     8.3010     0.8372  1.379e+01  0.4854000     7.4080     7.4081     0.0000     5.7025     5.7021     15.854     16.210      0.470    1447.25    1447.27  0.000e+00
      16643     16.500     7.3591     7.3641     0.0051    0.85609    0.85620          1     8.7769     8.6193      97.36     8.3023     0.8320  1.189e+01  0.4898000     7.3998     7.3998     0.0000     5.7178     5.7175     16.350     16.717      0.472    1446.04    1446.06  0.000e+00
      16668     17.000     7.2339     7.2380     0.0040    0.85308    0.85316          1     8.6347     8.4994      97.36     7.5399     0.7851  1.034e+01  0.4707000     7.3984     7.3984    -0.0001     5.7258     5.7255     16.845     17.223      0.464    1445.52    1445.54  0.000e+00
      16694     17.500     7.1036     7.1069     0.0034    0.84997    0.85004          1     8.5831     8.4971      94.95     6.0179     0.6437  9.014e+00  0.4317000     7.3972     7.3971    -0.0001     5.7340     5.7337     17.341     17.729      0.460    1444.98    1445.00  0.000e+00
      16720     18.000     6.9535     6.9577     0.0042    0.84669    0.84674          1     8.6419     8.5606      72.42     4.2088     0.4934  7.828e+00  0.3711000     7.3986     7.3982    -0.0004     5.7453     5.7447     17.836     18.236      0.469    1444.37    1444.38  0.000e+00
      16746     18.500     6.9018     6.9029     0.0010    0.84584    0.84582          1     8.7200     8.6131      72.05     2.6318     0.3707  6.838e+00  0.3275000     7.4016     7.4013    -0.0004     5.7512     5.7508     18.332     18.742      0.477    1444.16    1444.17  0.000e+00
      16771     19.000     6.8259     6.8262     0.0002    0.84433    0.84429          1     8.7247     8.6289      71.45     1.8892     0.3436  5.999e+00  0.3226000     7.4037     7.4033    -0.0005     5.7578     5.7574     18.827     19.249      0.475    1443.85    1443.85  0.000e+00
      16796     19.500     6.5942     6.5926    -0.0010    0.83882    0.83873          1     8.5618     8.4949      70.84     1.4833     0.3279  5.346e+00  0.3234000     7.4016     7.4010    -0.0005     5.7708     5.7705     19.322     19.755      0.470    1442.88    1442.87  0.000e+00
      16822     20.000     6.0776     6.1267     0.0488    0.82583    0.82694          1     8.4273     8.4085      70.27     1.1932     0.2845  4.787e+00  0.3212000     7.3894     7.3894    -0.0000     5.7913     5.7885     19.818     20.261      0.473    1440.67    1440.88  0.000e+00
      16847     20.500     5.5751     5.5930     0.0178    0.81370    0.81401          1     8.3840     8.4026      69.76     0.9021     0.2868  4.305e+00  0.2964000     7.3819     7.3810    -0.0009     5.8112     5.8097     20.313     20.768      0.473    1438.51    1438.58  0.000e+00
      16873     21.000     5.2538     5.2600     0.0063    0.80613    0.80631          1     8.3937     8.3966      69.26     0.7236     0.2697  3.879e+00  0.2696000     7.3783     7.3788     0.0004     5.8230     5.8231     20.809     21.274      0.465    1437.11    1437.14  0.000e+00
      16899     21.500     5.0198     5.0276     0.0078    0.80128    0.80144          1     8.4037     8.3649      68.91     0.6706     0.2561  3.517e+00  0.2551000     7.3823     7.3821    -0.0002     5.8359     5.8355     21.304     21.780      0.466    1436.10    1436.13  0.000e+00
      16924     22.000     4.8293     4.8389     0.0096    0.79733    0.79748          1     8.4179     8.3269      68.41     0.6204     0.2563  3.189e+00  0.2470000     7.3853     7.3847    -0.0006     5.8456     5.8447     21.799     22.287      0.479    1435.27    1435.32  0.000e+00
      16949     22.500     4.6929     4.6973     0.0044    0.79464    0.79472          1     8.4374     8.3135      67.92     0.5928     0.2477  2.882e+00  0.2578000     7.3888     7.3886    -0.0002     5.8533     5.8529     22.295     22.793      0.485    1434.68    1434.70  0.000e+00
      16973     23.000     4.6180     4.6229     0.0048    0.79349    0.79356          1     8.4317     8.2943      67.33     0.5737     0.2803  2.622e+00  0.2513000     7.3940     7.3936    -0.0005     5.8599     5.8594     22.790     23.299      0.477    1434.37    1434.39  0.000e+00
      16999     23.500     4.5662     4.5702     0.0040    0.79315    0.79320          1     8.4508     8.3132      66.87     0.5508     0.2781  2.401e+00  0.2392000     7.4021     7.4017    -0.0004     5.8681     5.8676     23.286     23.805      0.466    1434.16    1434.17  0.000e+00
      17025     24.000     4.5273     4.5302     0.0029    0.79306    0.79307          1     8.4593     8.3102      66.31     0.5391     0.2605  2.207e+00  0.2292000     7.4098     7.4093    -0.0006     5.8755     5.8749     23.781     24.312      0.476    1434.00    1434.01  0.000e+00
      17049     24.500     4.5308     4.5335     0.0027    0.79380    0.79381          1     8.4434     8.2937      65.66     0.5264     0.2390  2.019e+00  0.2300000     7.4164     7.4159    -0.0005     5.8806     5.8801     24.277     24.818      0.494    1434.03    1434.04  0.000e+00
      17074     25.000     4.5089     4.5121     0.0031    0.79371    0.79373          1     8.4013     8.2538      65.79     0.4948     0.2529  1.845e+00  0.2252000     7.4204     7.4199    -0.0004     5.8844     5.8840     24.772     25.324      0.489    1433.95    1433.96  0.000e+00
      17098     25.500     4.5145     4.5169     0.0024    0.79444    0.79444          1     8.3999     8.2495      80.67     0.4608     0.2528  1.687e+00  0.2432000     7.4264     7.4259    -0.0005     5.8891     5.8886     25.267     25.831      0.479    1433.99    1434.00  0.000e+00
      17123     26.000     4.4933     4.4970     0.0037    0.79431    0.79434          1     8.3990     8.2556      64.04     0.4505     0.2547  1.536e+00  0.2060000     7.4298     7.4293    -0.0004     5.8924     5.8919     25.763     26.337      0.489    1433.91    1433.92  0.000e+00
      17148     26.500     4.4752     4.4772     0.0020    0.79415    0.79414          1     8.3866     8.2510      63.62     0.4613     0.2254  1.409e+00  0.2332000     7.4322     7.4316    -0.0006     5.8949     5.8944     26.258     26.843      0.496    1433.84    1433.84  0.000e+00
      17172     27.000     4.4391     4.4418     0.0027    0.79351    0.79351          1     8.3950     8.2735      63.06     0.4521     0.2347  1.295e+00  0.2296000     7.4338     7.4333    -0.0005     5.8973     5.8968     26.754     27.349      0.478    1433.69    1433.70  0.000e+00
      17198     27.500     4.4074     4.4107     0.0033    0.79295    0.79298          1     8.3906     8.2896      63.38     0.4277     0.2262  1.193e+00  0.2284000     7.4353     7.4348    -0.0005     5.8995     5.8990     27.249     27.856      0.468    1433.55    1433.57  0.000e+00
      17223     28.000     4.3707     4.3734     0.0027    0.79224    0.79227          1     8.3657     8.2732      79.84     0.4395     0.2347  1.095e+00  0.2289000     7.4364     7.4361    -0.0003     5.9014     5.9011     27.744     28.362      0.489    1433.40    1433.41  0.000e+00
