ctdpy/exports/archive_20191121_122431/received_data/SBE09_1044_20181114_1817_34_01_0147.cnv
* Sea-Bird SBE 9 Data File:
* FileName = C:\ctd\temp\ar18d147.hex
* Software Version Seasave V 7.26.7.107
* Temperature SN = 5351
* Conductivity SN = 3941
* Number of Bytes Per Scan = 41
* Number of Voltage Words = 4
* Number of Scans Averaged by the Deck Unit = 1
* NMEA Latitude = 58 35.62 N
* NMEA Longitude = 018 14.20 E
* NMEA UTC (Time) = Nov 14 2018  18:17:16
* NMEA baud rate = 4800
** Station:  BY31_CTD
** Operator:  AKTh
** Ship: ARANDA
** Average sound velocity: 1448.48 m/s
** True-depth calculation Wed, 14 Nov 2018 19:18:52 +0000
** CTD Python Module SMHI /ver 3-12/ feb 2012 
** LIMS Job: 20183401-0147
** Cruise: SMHI-6-2018
** Latitude [GG MM.mm N]:
** Longitude [GG MM.mm E]
# nquan = 26
# nvalues = 881                         
# units = specified
# name 0 = scan: Scan Count
# name 1 = prDM: Pressure, Digiquartz [db]
# name 2 = t090C: Temperature [ITS-90, deg C]
# name 3 = t190C: Temperature, 2 [ITS-90, deg C]
# name 4 = T2-T190C: Temperature Difference, 2 - 1 [ITS-90, deg C]
# name 5 = c0S/m: Conductivity [S/m]
# name 6 = c1S/m: Conductivity, 2 [S/m]
# name 7 = pumps: Pump Status
# name 8 = sbeox0ML/L: Oxygen, SBE 43 [ml/l]
# name 9 = sbeox1ML/L: Oxygen, SBE 43, 2 [ml/l]
# name 10 = altM: Altimeter [m]
# name 11 = flECO-AFL: Chl-a Fluorescence, WET Labs ECO-AFL/FL [mg/m^3]
# name 12 = flECO-AFL1: Phycocyanin Fluorescence, WET Labs ECO-AFL/FL, 2 [mg/m^3]
# name 13 = par: PAR/Irradiance, Biospherical/Lico [µE/(cm^2*s)]
# name 14 = turbWETntu0: Turbidity, WET Labs ECO [NTU]
# name 15 = sal00: Salinity, Practical [PSU]
# name 16 = sal11: Salinity, Practical, 2 [PSU]
# name 17 = secS-priS: Salinity, Practical, Difference, 2 - 1 [PSU]
# name 18 = sigma-t00: Density [sigma-t, Kg/m^3 ]
# name 19 = sigma-t11: Density, 2 [sigma-t, Kg/m^3 ]
# name 20 = depSM: Depth [salt water, m], lat = 58.5937
# name 21 = depFM: Depth [true depth, m], lat = 58.5937
# name 22 = dz/dtM: Descent Rate [m/s], WS = 2
# name 23 = svCM: Sound Velocity [Chen-Millero, m/s]
# name 24 = svCM1: Sound Velocity, 2 [Chen-Millero, m/s]
# name 25 = flag: flag
# span 0 =      11317,      31028       
# span 1 =      1.000,    441.000       
# span 2 =     4.4141,     7.9810       
# span 3 =     4.4207,     7.9820       
# span 4 =    -0.0217,     0.0134       
# span 5 =   0.802506,   1.248935       
# span 6 =   0.802717,   1.248935       
# span 7 =          1,          1       
# span 8 =    0.00974,    7.70090       
# span 9 =    0.04082,    7.30773       
# span 10 =       3.06,      99.90      
# span 11 =     0.2488,     1.4722      
# span 12 =     0.1389,     0.4305      
# span 13 = -4.285e-03, 1.0550e+00      
# span 14 =     0.1432,     1.8628      
# span 15 =     6.7969,    11.4066      
# span 16 =     6.7966,    11.4061      
# span 17 =    -0.0021,     0.0039      
# span 18 =     5.1980,     8.9443      
# span 19 =     5.1976,     8.9438      
# span 20 =      0.991,    436.427      
# span 21 =      1.013,    445.474      
# span 22 =      0.059,      0.690      
# span 23 =    1434.16,    1453.20      
# span 24 =    1434.19,    1453.20      
# span 25 = 0.0000e+00, 0.0000e+00      
# interval = decibars: 0.5              
# start_time = Nov 14 2018 18:17:16 [NMEA time, first data scan]
# bad_flag = -9.990e-29
*END*
[from data line 279]
      17610    140.500     6.0166     6.0180     0.0014    1.19305    1.19301          1     0.0350     0.0833      98.71     0.3592     0.2219  1.000e-12  0.3187000    10.9828    10.9820    -0.0008     8.6261     8.6253    139.144    142.105      0.566    1446.87    1446.87  0.000e+00
      17630    141.000     6.0231     6.0242     0.0010    1.19413    1.19405          1     0.0339     0.0838      98.71     0.3445     0.2298  1.000e-12  0.2599000    10.9914    10.9902    -0.0011     8.6323     8.6314    139.639    142.610      0.589    1446.91    1446.91  0.000e+00
      17651    141.500     6.0245     6.0255     0.0010    1.19441    1.19436          1     0.0367     0.0871      98.71     0.3266     0.2577  1.000e-12  0.2303000    10.9936    10.9928    -0.0008     8.6340     8.6333    140.134    143.115      0.589    1446.93    1446.93  0.000e+00
      17671    142.000     6.0274     6.0287     0.0013    1.19507    1.19506          1     0.0356     0.0832      98.71     0.3180     0.2460  1.000e-12  0.2299000    10.9992    10.9986    -0.0005     8.6382     8.6377    140.629    143.620      0.557    1446.96    1446.96  0.000e+00
      17694    142.500     6.0291     6.0306     0.0015    1.19544    1.19545          1     0.0339     0.0817      98.71     0.3488     0.2060  1.000e-12  0.2356000    11.0021    11.0018    -0.0004     8.6404     8.6401    141.124    144.125      0.509    1446.97    1446.98  0.000e+00
      17719    143.000     6.0302     6.0315     0.0013    1.19565    1.19564          1     0.0352     0.0831      98.71     0.3499     0.2482  1.000e-12  0.2477000    11.0038    11.0033    -0.0005     8.6417     8.6412    141.619    144.629      0.498    1446.99    1446.99  0.000e+00
      17742    143.500     6.0312     6.0326     0.0014    1.19591    1.19589          1     0.0360     0.0831      98.71     0.3587     0.2472  1.000e-12  0.4172000    11.0059    11.0053    -0.0006     8.6433     8.6428    142.114    145.134      0.549    1447.00    1447.01  0.000e+00
      17762    144.000     6.0338     6.0351     0.0013    1.19672    1.19669          1     0.0354     0.0814      98.71     0.3372     0.2641  1.000e-12  0.3187000    11.0131    11.0124    -0.0007     8.6488     8.6482    142.609    145.639      0.596    1447.03    1447.04  0.000e+00
      17782    144.500     6.0367     6.0380     0.0012    1.19765    1.19761          1     0.0339     0.0819      98.71     0.3444     0.2462  1.000e-12  0.2868000    11.0213    11.0205    -0.0008     8.6550     8.6544    143.104    146.144      0.600    1447.06    1447.07  0.000e+00
      17803    145.000     6.0488     6.0501     0.0012    1.20050    1.20042          1     0.0340     0.0817      98.71     0.3423     0.2336  1.000e-12  0.2727000    11.0456    11.0445    -0.0012     8.6734     8.6724    143.599    146.649      0.557    1447.15    1447.16  0.000e+00
      17826    145.500     6.0601     6.0614     0.0013    1.20284    1.20284          1     0.0347     0.0817      98.71     0.3371     0.2350  1.000e-12  0.2726000    11.0651    11.0647    -0.0004     8.6880     8.6876    144.094    147.154      0.502    1447.23    1447.24  0.000e+00
      17850    146.000     6.0664     6.0677     0.0013    1.20408    1.20406          1     0.0346     0.0819      98.71     0.3298     0.2385  1.000e-12  0.2578000    11.0754    11.0747    -0.0007     8.6957     8.6951    144.589    147.659      0.482    1447.28    1447.29  0.000e+00
      17875    146.500     6.0746     6.0758     0.0012    1.20588    1.20583          1     0.0346     0.0813      98.71     0.3176     0.2071  1.000e-12  0.2265000    11.0905    11.0896    -0.0010     8.7071     8.7062    145.084    148.164      0.516    1447.34    1447.35  0.000e+00
      17897    147.000     6.0887     6.0891     0.0005    1.20944    1.20924          1     0.0343     0.0822      98.71     0.3347     0.2071  1.000e-12  0.2352000    11.1212    11.1190    -0.0021     8.7303     8.7286    145.579    148.669      0.577    1447.45    1447.45  0.000e+00
      17917    147.500     6.0955     6.0966     0.0011    1.21091    1.21087          1     0.0342     0.0817      98.71     0.3590     0.2272  1.000e-12  0.2347000    11.1336    11.1327    -0.0009     8.7396     8.7388    146.074    149.173      0.613    1447.50    1447.51  0.000e+00
      17936    148.000     6.0995     6.1006     0.0012    1.21178    1.21175          1     0.0345     0.0808      98.71     0.3447     0.2390  1.000e-12  0.2236000    11.1407    11.1400    -0.0007     8.7449     8.7443    146.569    149.678      0.595    1447.54    1447.54  0.000e+00
      17957    148.500     6.1022     6.1035     0.0013    1.21247    1.21245          1     0.0340     0.0812      98.71     0.3275     0.2459  1.000e-12  0.2167000    11.1466    11.1460    -0.0005     8.7494     8.7489    147.064    150.183      0.534    1447.56    1447.57  0.000e+00
      17982    149.000     6.1052     6.1065     0.0013    1.21324    1.21322          1     0.0341     0.0813      98.71     0.3175     0.2430  1.000e-12  0.2173000    11.1532    11.1526    -0.0006     8.7544     8.7538    147.559    150.688      0.476    1447.59    1447.60  0.000e+00
      18007    149.500     6.1074     6.1087     0.0013    1.21375    1.21373          1     0.0330     0.0779      98.71     0.3327     0.2340  1.000e-12  0.2209000    11.1574    11.1568    -0.0006     8.7576     8.7570    148.054    151.193      0.496    1447.61    1447.62  0.000e+00
      18030    150.000     6.1094     6.1107     0.0013    1.21409    1.21408          1     0.0350     0.0785      98.71     0.3365     0.2362  1.000e-12  0.2215000    11.1601    11.1595    -0.0005     8.7595     8.7590    148.549    151.698      0.574    1447.63    1447.64  0.000e+00
      18049    150.500     6.1122     6.1136     0.0014    1.21462    1.21460          1     0.0337     0.0793      98.71     0.3125     0.2465  1.000e-12  0.2038000    11.1643    11.1637    -0.0007     8.7627     8.7621    149.044    152.203      0.619    1447.66    1447.66  0.000e+00
      18069    151.000     6.1159     6.1170     0.0012    1.21541    1.21536          1     0.0331     0.0775      98.71     0.3334     0.2407  1.000e-12  0.2038000    11.1709    11.1700    -0.0009     8.7676     8.7669    149.539    152.707      0.584    1447.69    1447.70  0.000e+00
      18091    151.500     6.1238     6.1246     0.0009    1.21726    1.21717          1     0.0337     0.0780      98.71     0.3368     0.2297  1.000e-12  0.2037000    11.1866    11.1854    -0.0012     8.7795     8.7785    150.034    153.212      0.491    1447.75    1447.76  0.000e+00
      18118    152.000     6.1300     6.1311     0.0011    1.21868    1.21864          1     0.0341     0.0788      98.71     0.3222     0.2087  1.000e-12  0.1865000    11.1985    11.1978    -0.0007     8.7884     8.7878    150.529    153.717      0.458    1447.80    1447.81  0.000e+00
      18143    152.500     6.1319     6.1332     0.0013    1.21911    1.21910          1     0.0341     0.0778      98.71     0.3331     0.2118  1.000e-12  0.1813000    11.2021    11.2016    -0.0006     8.7911     8.7906    151.024    154.222      0.548    1447.82    1447.83  0.000e+00
      18163    153.000     6.1334     6.1348     0.0014    1.21945    1.21943          1     0.0348     0.0778      98.71     0.3383     0.2479  1.000e-12  0.1826000    11.2049    11.2043    -0.0006     8.7932     8.7926    151.519    154.727      0.640    1447.84    1447.85  0.000e+00
      18180    153.500     6.1366     6.1380     0.0013    1.22012    1.22011          1     0.0317     0.0776      98.71     0.3363     0.2477  1.000e-12  0.1864000    11.2104    11.2099    -0.0006     8.7974     8.7968    152.014    155.232      0.653    1447.87    1447.87  0.000e+00
      18199    154.000     6.1401     6.1413     0.0013    1.22097    1.22092          1     0.0331     0.0775      98.71     0.3245     0.1975  1.000e-12  0.1856000    11.2176    11.2167    -0.0009     8.8028     8.8020    152.509    155.736      0.578    1447.90    1447.90  0.000e+00
      18223    154.500     6.1429     6.1442     0.0012    1.22165    1.22164          1     0.0347     0.0780      98.71     0.3359     0.1852  1.000e-12  0.1765000    11.2234    11.2228    -0.0006     8.8071     8.8066    153.003    156.241      0.466    1447.93    1447.93  0.000e+00
      18251    155.000     6.1452     6.1465     0.0012    1.22216    1.22212          1     0.0316     0.0774      98.71     0.3601     0.1920  1.000e-12  0.1853000    11.2275    11.2268    -0.0007     8.8102     8.8096    153.498    156.746      0.460    1447.95    1447.96  0.000e+00
      18275    155.500     6.1480     6.1493     0.0013    1.22284    1.22282          1     0.0332     0.0777      98.71     0.3609     0.1954  1.000e-12  0.1731000    11.2333    11.2327    -0.0005     8.8146     8.8141    153.993    157.251      0.557    1447.98    1447.98  0.000e+00
      18295    156.000     6.1491     6.1503     0.0013    1.22314    1.22313          1     0.0309     0.0773      98.71     0.3513     0.2253  1.000e-12  0.1832000    11.2359    11.2353    -0.0005     8.8166     8.8160    154.488    157.756      0.621    1447.99    1448.00  0.000e+00
      18313    156.500     6.1501     6.1515     0.0014    1.22349    1.22348          1     0.0343     0.0778      98.71     0.3522     0.2761  1.000e-12  0.1913000    11.2388    11.2383    -0.0006     8.8188     8.8183    154.983    158.260      0.624    1448.01    1448.02  0.000e+00
      18333    157.000     6.1522     6.1535     0.0013    1.22389    1.22388          1     0.0331     0.0778      98.71     0.3569     0.1731  1.000e-12  0.1962000    11.2420    11.2415    -0.0005     8.8212     8.8207    155.478    158.765      0.577    1448.03    1448.03  0.000e+00
      18355    157.500     6.1534     6.1547     0.0013    1.22414    1.22412          1     0.0316     0.0767      98.71     0.3250     0.1796  1.000e-12  0.1757000    11.2440    11.2434    -0.0006     8.8227     8.8221    155.973    159.270      0.520    1448.05    1448.05  0.000e+00
      18379    158.000     6.1546     6.1560     0.0013    1.22443    1.22441          1     0.0326     0.0779      98.71     0.3497     0.2272  1.000e-12  0.1857000    11.2464    11.2458    -0.0006     8.8245     8.8239    156.468    159.775      0.517    1448.06    1448.07  0.000e+00
      18402    158.500     6.1570     6.1583     0.0013    1.22497    1.22494          1     0.0296     0.0761      98.71     0.3396     0.2311  1.000e-12  0.1740000    11.2509    11.2502    -0.0007     8.8279     8.8272    156.963    160.280      0.561    1448.09    1448.09  0.000e+00
      18422    159.000     6.1591     6.1605     0.0014    1.22546    1.22545          1     0.0322     0.0760      98.71     0.3396     0.2335  1.000e-12  0.1734000    11.2550    11.2544    -0.0006     8.8309     8.8304    157.458    160.785      0.593    1448.11    1448.11  0.000e+00
      18442    159.500     6.1601     6.1614     0.0013    1.22568    1.22568          1     0.0318     0.0770      98.71     0.3438     0.2470  1.000e-12  0.1759000    11.2567    11.2563    -0.0004     8.8322     8.8318    157.953    161.289      0.589    1448.12    1448.13  0.000e+00
      18463    160.000     6.1604     6.1617     0.0014    1.22575    1.22575          1     0.0322     0.0768      98.71     0.3485     0.2393  1.000e-12  0.1766000    11.2573    11.2568    -0.0004     8.8326     8.8322    158.448    161.794      0.551    1448.13    1448.14  0.000e+00
      18486    160.500     6.1606     6.1620     0.0014    1.22582    1.22581          1     0.0306     0.0733      42.54     0.3479     0.2137  1.000e-12  0.1672000    11.2578    11.2573    -0.0005     8.8331     8.8326    158.943    162.299      0.512    1448.14    1448.15  0.000e+00
      18510    161.000     6.1615     6.1629     0.0014    1.22602    1.22602          1     0.0317     0.0743      99.29     0.3391     0.2102  1.000e-12  0.1696000    11.2594    11.2589    -0.0005     8.8342     8.8337    159.438    162.804      0.514    1448.16    1448.16  0.000e+00
      18532    161.500     6.1630     6.1642     0.0013    1.22634    1.22633          1     0.0306     0.0764      98.71     0.3476     0.2233  1.000e-12  0.1914000    11.2620    11.2615    -0.0005     8.8362     8.8357    159.933    163.309      0.555    1448.17    1448.18  0.000e+00
      18553    162.000     6.1645     6.1658     0.0014    1.22674    1.22674          1     0.0298     0.0721      71.81     0.3265     0.1780  1.000e-12  0.1702000    11.2654    11.2650    -0.0004     8.8387     8.8383    160.428    163.813      0.588    1448.19    1448.20  0.000e+00
      18573    162.500     6.1659     6.1672     0.0013    1.22709    1.22709          1     0.0286     0.0753      86.18     0.3556     0.2056  1.000e-12  0.1749000    11.2683    11.2679    -0.0004     8.8409     8.8405    160.923    164.318      0.594    1448.21    1448.21  0.000e+00
      18594    163.000     6.1668     6.1681     0.0013    1.22731    1.22729          1     0.0314     0.0743      98.42     0.3614     0.2345  1.000e-12  0.1775000    11.2700    11.2695    -0.0006     8.8422     8.8417    161.418    164.823      0.578    1448.22    1448.23  0.000e+00
      18615    163.500     6.1687     6.1699     0.0012    1.22779    1.22778          1     0.0309     0.0730      98.34     0.3465     0.2169  1.000e-12  0.1737000    11.2742    11.2736    -0.0006     8.8454     8.8448    161.913    165.328      0.554    1448.25    1448.25  0.000e+00
      18637    164.000     6.1692     6.1705     0.0014    1.22796    1.22795          1     0.0314     0.0730      83.21     0.3352     0.1856  1.000e-12  0.1743000    11.2756    11.2750    -0.0005     8.8464     8.8459    162.408    165.833      0.542    1448.26    1448.26  0.000e+00
      18659    164.500     6.1693     6.1707     0.0013    1.22797    1.22797          1     0.0323     0.0731      98.64     0.3335     0.2073  1.000e-12  0.1741000    11.2756    11.2751    -0.0005     8.8464     8.8460    162.903    166.337      0.554    1448.27    1448.27  0.000e+00
      18680    165.000     6.1694     6.1708     0.0014    1.22799    1.22800          1     0.0303     0.0740      98.71     0.3141     0.2210  1.000e-12  0.1635000    11.2757    11.2753    -0.0004     8.8465     8.8461    163.398    166.842      0.558    1448.27    1448.28  0.000e+00
      18702    165.500     6.1695     6.1708     0.0014    1.22802    1.22802          1     0.0277     0.0740      98.71     0.3459     0.2666  1.000e-12  0.2125000    11.2758    11.2753    -0.0005     8.8466     8.8461    163.893    167.347      0.533    1448.28    1448.29  0.000e+00
      18725    166.000     6.1698     6.1711     0.0014    1.22810    1.22811          1     0.0309     0.0731      98.71     0.3404     0.2399  1.000e-12  0.2142000    11.2764    11.2760    -0.0004     8.8471     8.8467    164.388    167.852      0.523    1448.29    1448.30  0.000e+00
      18748    166.500     6.1705     6.1718     0.0014    1.22825    1.22826          1     0.0309     0.0736      98.71     0.3195     0.2062  1.000e-12  0.1945000    11.2776    11.2772    -0.0004     8.8479     8.8475    164.882    168.357      0.565    1448.30    1448.31  0.000e+00
      18768    167.000     6.1719     6.1733     0.0013    1.22859    1.22858          1     0.0296     0.0737      98.71     0.3130     0.1979  1.000e-12  0.1837000    11.2804    11.2798    -0.0006     8.8501     8.8495    165.377    168.861      0.610    1448.32    1448.33  0.000e+00
      18787    167.500     6.1733     6.1746     0.0013    1.22891    1.22890          1     0.0289     0.0737      98.71     0.3213     0.2219  1.000e-12  0.1730000    11.2829    11.2825    -0.0005     8.8520     8.8515    165.872    169.366      0.609    1448.34    1448.34  0.000e+00
