ctdpy/exports/archive_20191121_122431/received_data/SBE09_1044_20180416_0626_34_07_0006.cnv
* Sea-Bird SBE 9 Data File:
* FileName = C:\ctd\temp\2018\AU18D006.hex
* Software Version Seasave V 7.26.6.26
* Temperature SN = 5351
* Conductivity SN = 3941
* Number of Bytes Per Scan = 41
* Number of Voltage Words = 4
* Number of Scans Averaged by the Deck Unit = 1
* NMEA Latitude = 58 16.03 N
* NMEA Longitude = 010 43.44 E
* NMEA UTC (Time) = Apr 16 2018  06:26:53
* NMEA baud rate = 4800
** Station:  A16
** Operator:  A-KTh
** Ship: AURA
** Average sound velocity: 1478.38 m/s
** True-depth calculation Mon, 16 Apr 2018 06:59:32 +0000
** CTD Python Module SMHI /ver 3-12/ feb 2012 
** LIMS Job: 20183407-0006
** Cruise: SMHI-01-2018
** Latitude [GG MM.mm N] :
** Longitude [GG MM.mm E]:
# nquan = 26
# nvalues = 401                         
# units = specified
# name 0 = scan: Scan Count
# name 1 = prDM: Pressure, Digiquartz [db]
# name 2 = t090C: Temperature [ITS-90, deg C]
# name 3 = t190C: Temperature, 2 [ITS-90, deg C]
# name 4 = T2-T190C: Temperature Difference, 2 - 1 [ITS-90, deg C]
# name 5 = c0S/m: Conductivity [S/m]
# name 6 = c1S/m: Conductivity, 2 [S/m]
# name 7 = pumps: Pump Status
# name 8 = sbeox0ML/L: Oxygen, SBE 43 [ml/l]
# name 9 = sbeox1ML/L: Oxygen, SBE 43, 2 [ml/l]
# name 10 = altM: Altimeter [m]
# name 11 = flECO-AFL: Chl-a Fluorescence, WET Labs ECO-AFL/FL [mg/m^3]
# name 12 = flECO-AFL1: Phycocyanin Fluorescence, WET Labs ECO-AFL/FL, 2 [mg/m^3]
# name 13 = par: PAR/Irradiance, Biospherical/Lico [µE/(cm^2*s)]
# name 14 = turbWETntu0: Turbidity, WET Labs ECO [NTU]
# name 15 = sal00: Salinity, Practical [PSU]
# name 16 = sal11: Salinity, Practical, 2 [PSU]
# name 17 = secS-priS: Salinity, Practical, Difference, 2 - 1 [PSU]
# name 18 = sigma-t00: Density [sigma-t, Kg/m^3 ]
# name 19 = sigma-t11: Density, 2 [sigma-t, Kg/m^3 ]
# name 20 = depSM: Depth [salt water, m], lat = 58.2672
# name 21 = depFM: Depth [true depth, m], lat = 58.2672
# name 22 = dz/dtM: Descent Rate [m/s], WS = 2
# name 23 = svCM: Sound Velocity [Chen-Millero, m/s]
# name 24 = svCM1: Sound Velocity, 2 [Chen-Millero, m/s]
# name 25 = flag: flag
# span 0 =       4853,      14491       
# span 1 =      0.500,    200.500       
# span 2 =     2.6321,     7.5182       
# span 3 =     2.6324,     7.5188       
# span 4 =    -0.0213,     0.0437       
# span 5 =   2.295123,   3.575680       
# span 6 =   2.295208,   3.575695       
# span 7 =          1,          1       
# span 8 =    5.58695,    8.31690       
# span 9 =    5.50588,    8.32806       
# span 10 =       2.47,      98.72      
# span 11 =     0.0130,     1.1480      
# span 12 =     0.1341,     0.3521      
# span 13 = -4.298e-05, 3.3619e+02      
# span 14 =     0.1495,     1.2073      
# span 15 =    23.6183,    35.0665      
# span 16 =    23.6198,    35.0665      
# span 17 =    -0.0701,     0.0252      
# span 18 =    18.7250,    27.4670      
# span 19 =    18.7263,    27.4670      
# span 20 =      0.495,    198.541      
# span 21 =      0.500,    198.904      
# span 22 =     -0.028,      0.617      
# span 23 =    1449.60,    1482.56      
# span 24 =    1449.60,    1482.56      
# span 25 = 0.0000e+00, 0.0000e+00      
# interval = decibars: 0.5              
# start_time = Apr 16 2018 06:26:53 [NMEA time, first data scan]
# bad_flag = -9.990e-29
*END*
       4853      0.500     4.2291     4.2282    -0.0009    2.29890    2.29860          1     8.0174     7.9104      94.26     0.3563     0.2512  3.362e+02  0.2408000    23.6944    23.6915    -0.0029    18.7888    18.7866      0.495      0.500      0.113    1453.10    1453.09  0.000e+00
       5018      1.000     4.2752     4.2744    -0.0007    2.29512    2.29521          1     7.9924     7.9149      94.29     0.3577     0.2287  3.274e+02  0.2429000    23.6183    23.6198     0.0015    18.7250    18.7263      0.991      1.000      0.131    1453.21    1453.21  0.000e+00
       5119      1.500     4.2368     4.2372     0.0004    2.30066    2.30081          1     8.0041     7.9191      94.34     0.3572     0.2442  1.348e+02  0.2431000    23.7082    23.7096     0.0014    18.7992    18.8003      1.486      1.500      0.160    1453.17    1453.17  0.000e+00
       5218      2.000     4.2215     4.2222     0.0007    2.30263    2.30260          1     8.0213     7.9344      94.09     0.3613     0.2529  9.980e+01  0.2746000    23.7413    23.7404    -0.0008    18.8265    18.8258      1.981      2.000      0.157    1453.15    1453.16  0.000e+00
       5310      2.500     4.2106     4.2125     0.0019    2.30443    2.30427          1     8.0253     7.9366      94.24     0.3566     0.2556  8.898e+01  0.2761000    23.7692    23.7660    -0.0032    18.8495    18.8469      2.477      2.499      0.173    1453.15    1453.15  0.000e+00
       5380      3.000     4.1931     4.2005     0.0074    2.30697    2.30627          1     8.0267     7.9387      94.39     0.3658     0.2243  7.819e+01  0.2422000    23.8104    23.7971    -0.0133    18.8835    18.8724      2.972      2.999      0.258    1453.14    1453.15  0.000e+00
       5420      3.500     4.1178     4.1092    -0.0087    2.31490    2.31656          1     8.0043     7.9501      94.34     0.3504     0.2243  6.984e+01  0.2430000    23.9549    23.9801     0.0252    19.0038    19.0245      3.467      3.499      0.310    1453.01    1453.00  0.000e+00
       5458      4.000     3.9165     3.9188     0.0024    2.33322    2.33281          1     8.0457     8.0075      94.35     0.3239     0.2197  6.024e+01  0.2241000    24.3110    24.3046    -0.0064    19.3014    19.2961      3.963      3.999      0.342    1452.61    1452.61  0.000e+00
       5490      4.500     3.7996     3.8318     0.0321    2.33676    2.33710          1     8.0678     8.0275      94.35     0.3085     0.2155  5.433e+01  0.2188000    24.4385    24.4184    -0.0200    19.4111    19.3928      4.458      4.498      0.401    1452.27    1452.39  0.000e+00
       5519      5.000     3.6480     3.6621     0.0140    2.33653    2.33606          1     8.1082     8.0720      94.36     0.3006     0.1771  4.721e+01  0.2104000    24.5495    24.5335    -0.0160    19.5102    19.4965      4.953      4.998      0.410    1451.77    1451.81  0.000e+00
       5549      5.500     3.6004     3.6015     0.0011    2.34008    2.34042          1     8.1196     8.0840      94.40     0.2771     0.1733  4.205e+01  0.2038000    24.6262    24.6292     0.0030    19.5745    19.5768      5.449      5.497      0.408    1451.67    1451.68  0.000e+00
       5577      6.000     3.5467     3.5490     0.0023    2.34319    2.34330          1     8.1383     8.0831      94.39     0.2724     0.1983  3.769e+01  0.2224000    24.7025    24.7021    -0.0004    19.6389    19.6384      5.944      5.997      0.446    1451.54    1451.55  0.000e+00
       5603      6.500     3.4494     3.4423    -0.0072    2.34800    2.34835          1     8.1390     8.0948      96.81     0.2725     0.2066  3.437e+01  0.2482000    24.8321    24.8417     0.0096    19.7487    19.7568      6.440      6.496      0.472    1451.29    1451.28  0.000e+00
       5629      7.000     3.3527     3.3313    -0.0213    2.35283    2.35304          1     8.1713     8.1524      98.63     0.2490     0.1964  3.103e+01  0.1995000    24.9625    24.9813     0.0188    19.8590    19.8754      6.935      6.996      0.475    1451.05    1450.98  0.000e+00
       5654      7.500     3.2362     3.2391     0.0030    2.35844    2.35857          1     8.1359     8.1321      98.71     0.2366     0.2116  2.839e+01  0.1992000    25.1176    25.1167    -0.0008    19.9903    19.9895      7.430      7.495      0.484    1450.75    1450.76  0.000e+00
       5678      8.000     3.0860     3.1296     0.0437    2.36869    2.36564          1     8.1237     8.1367      98.71     0.2585     0.2205  2.612e+01  0.1633000    25.3549    25.2848    -0.0701    20.1892    20.1306      7.926      7.994      0.494    1450.41    1450.51  0.000e+00
       5702      8.500     2.7532     2.7909     0.0377    2.39581    2.39470          1     8.2290     8.2665      98.71     0.2166     0.1988  2.393e+01  0.1785000    25.9399    25.8964    -0.0435    20.6768    20.6397      8.421      8.493      0.515    1449.71    1449.82  0.000e+00
       5725      9.000     2.6503     2.6506     0.0003    2.41059    2.41039          1     8.3169     8.3281      98.71     0.1940     0.1830  2.204e+01  0.1652000    26.1990    26.1963    -0.0026    20.8898    20.8877      8.916      8.992      0.538    1449.60    1449.60  0.000e+00
       5747      9.500     2.6335     2.6347     0.0012    2.41711    2.41682          1     8.2828     8.2489      98.72     0.1869     0.1974  2.043e+01  0.1567000    26.2903    26.2858    -0.0044    20.9637    20.9601      9.412      9.491      0.543    1449.66    1449.66  0.000e+00
       5769     10.000     2.6321     2.6324     0.0003    2.43130    2.43047          1     8.2984     8.2176      98.71     0.1812     0.2201  1.893e+01  0.1608000    26.4606    26.4503    -0.0102    21.0996    21.0914      9.907      9.990      0.541    1449.88    1449.87  0.000e+00
       5791     10.500     2.6423     2.6438     0.0015    2.46156    2.46250          1     8.2959     8.1776      98.71     0.1793     0.1674  1.743e+01  0.1625000    26.8133    26.8232     0.0098    21.3803    21.3881     10.402     10.488      0.532    1450.39    1450.41  0.000e+00
       5814     11.000     2.8002     2.7929    -0.0073    2.51965    2.51864          1     8.1986     8.0714      98.71     0.1859     0.1774  1.620e+01  0.1564000    27.3726    27.3668    -0.0058    21.8158    21.8116     10.898     10.987      0.525    1451.82    1451.78  0.000e+00
       5837     11.500     2.8990     2.9044     0.0052    2.57966    2.57887          1     8.1514     8.0304      96.69     0.1849     0.2412  1.497e+01  0.1683000    28.0038    27.9897    -0.0141    22.3122    22.3006     11.393     11.485      0.522    1453.08    1453.08  0.000e+00
       5860     12.000     3.0022     2.9957    -0.0065    2.63411    2.63231          1     8.1977     8.0491      94.31     0.2362     0.2417  1.389e+01  0.1738000    28.5617    28.5460    -0.0157    22.7493    22.7372     11.888     11.983      0.532    1454.26    1454.21  0.000e+00
       5882     12.500     3.2214     3.2070    -0.0144    2.68903    2.68687          1     8.1373     7.9311      94.33     0.3205     0.2476  1.285e+01  0.2039000    29.0195    29.0067    -0.0127    23.0972    23.0882     12.384     12.481      0.549    1455.81    1455.73  0.000e+00
       5904     13.000     3.5782     3.5594    -0.0188    2.76190    2.75940          1     7.9272     7.6830      94.31     0.4606     0.2907  1.192e+01  0.2273000    29.5592    29.5467    -0.0125    23.4977    23.4893     12.879     12.979      0.556    1458.04    1457.95  0.000e+00
       5925     13.500     3.8802     3.8630    -0.0171    2.83839    2.83591          1     7.6265     7.3945      94.28     0.6393     0.2665  1.107e+01  0.2393000    30.1813    30.1680    -0.0132    23.9659    23.9569     13.374     13.476      0.546    1460.14    1460.05  0.000e+00
       5948     14.000     4.1460     4.1417    -0.0043    2.91515    2.91405          1     7.3221     7.1271      94.30     0.7231     0.3361  1.027e+01  0.2406000    30.8318    30.8230    -0.0088    24.4581    24.4515     13.869     13.974      0.529    1462.10    1462.07  0.000e+00
       5971     14.500     4.2688     4.2674    -0.0013    2.94033    2.94001          1     7.1635     7.0170      94.37     0.6825     0.3025  9.454e+00  0.2321000    31.0099    31.0074    -0.0024    24.5877    24.5859     14.365     14.471      0.524    1462.85    1462.84  0.000e+00
       5993     15.000     4.3034     4.3080     0.0047    2.96688    2.96784          1     7.1234     6.9911      94.74     0.7363     0.2957  8.751e+00  0.2214000    31.2858    31.2925     0.0067    24.8033    24.8082     14.860     14.968      0.531    1463.36    1463.39  0.000e+00
       6016     15.500     4.5997     4.6004     0.0005    3.02196    3.02206          1     7.0249     6.8799      94.30     1.0698     0.3045  8.139e+00  0.2316000    31.6425    31.6431     0.0006    25.0565    25.0569     15.355     15.464      0.538    1465.06    1465.06  0.000e+00
       6038     16.000     4.8223     4.8235     0.0013    3.06498    3.06535          1     6.8569     6.7289      94.27     0.8613     0.3063  7.565e+00  0.2159000    31.9254    31.9285     0.0031    25.2575    25.2598     15.851     15.961      0.546    1466.35    1466.35  0.000e+00
       6060     16.500     4.9555     4.9556     0.0001    3.09061    3.09063          1     6.7314     6.6382      94.05     0.7871     0.2916  7.079e+00  0.2228000    32.0919    32.0920     0.0001    25.3751    25.3752     16.346     16.458      0.556    1467.11    1467.11  0.000e+00
       6081     17.000     4.9891     4.9895     0.0004    3.09870    3.09872          1     6.6714     6.6081      94.06     0.7201     0.2561  6.633e+00  0.2233000    32.1521    32.1519    -0.0002    25.4192    25.4190     16.841     16.955      0.558    1467.34    1467.34  0.000e+00
       6103     17.500     5.0158     5.0160     0.0002    3.10441    3.10440          1     6.6603     6.6124      94.06     0.6576     0.1683  6.228e+00  0.2115000    32.1915    32.1913    -0.0003    25.4475    25.4473     17.337     17.451      0.546    1467.50    1467.51  0.000e+00
       6125     18.000     5.0149     5.0152     0.0003    3.11112    3.11114          1     6.6711     6.6361      94.06     0.6901     0.2339  5.837e+00  0.2017000    32.2692    32.2691    -0.0001    25.5092    25.5090     17.832     17.948      0.528    1467.61    1467.61  0.000e+00
       6148     18.500     4.9989     5.0000     0.0011    3.12741    3.12730          1     6.7016     6.6791      94.04     0.7094     0.2613  5.469e+00  0.2004000    32.4716    32.4693    -0.0024    25.6713    25.6693     18.327     18.444      0.515    1467.81    1467.81  0.000e+00
       6172     19.000     4.9363     4.9369     0.0006    3.13431    3.13430          1     6.7353     6.7202      94.04     0.6076     0.2525  5.152e+00  0.2084000    32.6119    32.6112    -0.0007    25.7893    25.7887     18.823     18.941      0.516    1467.74    1467.74  0.000e+00
       6195     19.500     4.8782     4.8789     0.0007    3.14095    3.14086          1     6.7887     6.7718      94.03     0.6694     0.2504  4.859e+00  0.2349000    32.7453    32.7436    -0.0017    25.9014    25.9000     19.318     19.437      0.541    1467.68    1467.68  0.000e+00
       6216     20.000     4.8125     4.8137     0.0011    3.14030    3.14045          1     6.8244     6.7816      94.06     0.8239     0.2669  4.573e+00  0.3361000    32.8023    32.8029     0.0006    25.9538    25.9541     19.813     19.934      0.569    1467.49    1467.50  0.000e+00
       6237     20.500     4.8541     4.8547     0.0006    3.14726    3.14728          1     6.8208     6.7519      94.05     1.1075     0.3026  4.316e+00  0.2578000    32.8414    32.8410    -0.0004    25.9803    25.9798     20.309     20.430      0.573    1467.72    1467.72  0.000e+00
       6258     21.000     4.8641     4.8648     0.0008    3.15259    3.15273          1     6.8220     6.7435      94.04     1.1480     0.3332  4.060e+00  0.2436000    32.8930    32.8937     0.0007    26.0200    26.0205     20.804     20.926      0.545    1467.83    1467.84  0.000e+00
       6281     21.500     4.9336     4.9334    -0.0002    3.16641    3.16642          1     6.8207     6.7273      93.94     1.1450     0.2949  3.818e+00  0.2803000    32.9832    32.9836     0.0004    26.0839    26.0842     21.299     21.423      0.514    1468.24    1468.24  0.000e+00
       6305     22.000     5.0764     5.0733    -0.0030    3.18862    3.18833          1     6.7451     6.6387      93.91     1.0659     0.2684  3.584e+00  0.2841000    33.0970    33.0967    -0.0003    26.1581    26.1582     21.794     21.919      0.513    1468.98    1468.97  0.000e+00
       6328     22.500     5.1814     5.1803    -0.0011    3.20711    3.20713          1     6.6552     6.5708      93.93     0.8895     0.2508  3.370e+00  0.2530000    33.2049    33.2061     0.0013    26.2317    26.2328     22.290     22.415      0.541    1469.55    1469.55  0.000e+00
       6349     23.000     5.1705     5.1672    -0.0032    3.21109    3.21073          1     6.6423     6.5750      93.90     0.7660     0.2560  3.157e+00  0.2643000    33.2612    33.2603    -0.0009    26.2775    26.2772     22.785     22.912      0.565    1469.59    1469.57  0.000e+00
       6370     23.500     5.2218     5.2246     0.0027    3.21951    3.22000          1     6.6649     6.5907      93.93     1.0643     0.3521  2.953e+00  0.3870000    33.3063    33.3092     0.0028    26.3074    26.3093     23.280     23.408      0.560    1469.86    1469.88  0.000e+00
       6392     24.000     5.3348     5.3289    -0.0057    3.23929    3.23872          1     6.6365     6.5567      93.92     0.8665     0.3247  2.765e+00  0.2386000    33.4197    33.4191    -0.0006    26.3840    26.3843     23.776     23.904      0.524    1470.47    1470.45  0.000e+00
       6416     24.500     5.4557     5.4517    -0.0040    3.26238    3.26220          1     6.5937     6.5285      93.93     1.0396     0.3118  2.588e+00  0.2577000    33.5624    33.5643     0.0018    26.4828    26.4848     24.271     24.400      0.485    1471.15    1471.14  0.000e+00
       6442     25.000     5.4759     5.4756    -0.0003    3.26950    3.26957          1     6.5762     6.5169      93.90     0.6482     0.2854  2.414e+00  0.2445000    33.6231    33.6243     0.0011    26.5285    26.5294     24.766     24.896      0.485    1471.32    1471.32  0.000e+00
       6466     25.500     5.5139     5.5143     0.0004    3.27911    3.27917          1     6.5912     6.5225      93.90     0.5911     0.3017  2.265e+00  0.2460000    33.6942    33.6946     0.0003    26.5803    26.5805     25.262     25.392      0.532    1471.57    1471.57  0.000e+00
       6487     26.000     5.5433     5.5403    -0.0030    3.28531    3.28482          1     6.5923     6.5223      93.89     0.5981     0.3097  2.136e+00  0.2773000    33.7351    33.7326    -0.0026    26.6091    26.6074     25.757     25.888      0.583    1471.75    1471.73  0.000e+00
       6507     26.500     5.6243     5.6236    -0.0008    3.29873    3.29861          1     6.5846     6.5159      93.89     0.6003     0.3066  2.026e+00  0.2909000    33.8062    33.8056    -0.0006    26.6555    26.6552     26.252     26.385      0.606    1472.17    1472.17  0.000e+00
       6527     27.000     5.6702     5.6703     0.0000    3.30628    3.30627          1     6.5722     6.5103      93.87     0.5942     0.2950  1.913e+00  0.2848000    33.8455    33.8454    -0.0001    26.6811    26.6810     26.747     26.881      0.589    1472.41    1472.41  0.000e+00
       6548     27.500     5.7127     5.7130     0.0002    3.31259    3.31268          1     6.5494     6.4863      93.88     0.5789     0.2817  1.817e+00  0.2734000    33.8741    33.8749     0.0008    26.6986    26.6992     27.243     27.377      0.530    1472.63    1472.63  0.000e+00
