ctdpy/exports/archive_20191121_122431/received_data/SBE09_1044_20181112_1105_34_01_0138.cnv
* Sea-Bird SBE 9 Data File:
* FileName = C:\ctd\temp\ar18d138.hex
* Software Version Seasave V 7.26.7.107
* Temperature SN = 5351
* Conductivity SN = 3941
* Number of Bytes Per Scan = 41
* Number of Voltage Words = 4
* Number of Scans Averaged by the Deck Unit = 1
* NMEA Latitude = 58 15.60 N
* NMEA Longitude = 011 26.13 E
* NMEA UTC (Time) = Nov 12 2018  11:05:52
* NMEA baud rate = 4800
** Station:  Slaggo
** Operator:  A-KTh
** Ship: ARANDA
** Average sound velocity: 1488.42 m/s
** True-depth calculation Mon, 12 Nov 2018 14:55:41 +0000
** CTD Python Module SMHI /ver 3-12/ feb 2012 
** LIMS Job: 20183401-0138
** Cruise: SMHI-6-2018
** Latitude [GG MM.mm N]:
** Longitude [GG MM.mm E]
# nquan = 26
# nvalues = 137                         
# units = specified
# name 0 = scan: Scan Count
# name 1 = prDM: Pressure, Digiquartz [db]
# name 2 = t090C: Temperature [ITS-90, deg C]
# name 3 = t190C: Temperature, 2 [ITS-90, deg C]
# name 4 = T2-T190C: Temperature Difference, 2 - 1 [ITS-90, deg C]
# name 5 = c0S/m: Conductivity [S/m]
# name 6 = c1S/m: Conductivity, 2 [S/m]
# name 7 = pumps: Pump Status
# name 8 = sbeox0ML/L: Oxygen, SBE 43 [ml/l]
# name 9 = sbeox1ML/L: Oxygen, SBE 43, 2 [ml/l]
# name 10 = altM: Altimeter [m]
# name 11 = flECO-AFL: Chl-a Fluorescence, WET Labs ECO-AFL/FL [mg/m^3]
# name 12 = flECO-AFL1: Phycocyanin Fluorescence, WET Labs ECO-AFL/FL, 2 [mg/m^3]
# name 13 = par: PAR/Irradiance, Biospherical/Lico [µE/(cm^2*s)]
# name 14 = turbWETntu0: Turbidity, WET Labs ECO [NTU]
# name 15 = sal00: Salinity, Practical [PSU]
# name 16 = sal11: Salinity, Practical, 2 [PSU]
# name 17 = secS-priS: Salinity, Practical, Difference, 2 - 1 [PSU]
# name 18 = sigma-t00: Density [sigma-t, Kg/m^3 ]
# name 19 = sigma-t11: Density, 2 [sigma-t, Kg/m^3 ]
# name 20 = depSM: Depth [salt water, m], lat = 58.26
# name 21 = depFM: Depth [true depth, m], lat = 58.26
# name 22 = dz/dtM: Descent Rate [m/s], WS = 2
# name 23 = svCM: Sound Velocity [Chen-Millero, m/s]
# name 24 = svCM1: Sound Velocity, 2 [Chen-Millero, m/s]
# name 25 = flag: flag
# span 0 =      26790,      30061       
# span 1 =      1.000,     69.000       
# span 2 =     9.8978,    11.8545       
# span 3 =     9.8990,    11.8553       
# span 4 =    -0.0149,     0.0189       
# span 5 =   3.018548,   3.860636       
# span 6 =   3.018604,   3.860735       
# span 7 =          1,          1       
# span 8 =    4.89046,    6.44396       
# span 9 =    4.72565,    6.15826       
# span 10 =       2.63,      98.72      
# span 11 =     0.1034,     2.4521      
# span 12 =     0.1502,     0.5524      
# span 13 = 1.0000e-12, 8.7250e+02      
# span 14 =     0.1921,     2.6970      
# span 15 =    27.1118,    34.2808      
# span 16 =    27.1113,    34.2808      
# span 17 =    -0.0297,     0.0138      
# span 18 =    20.8150,    26.2176      
# span 19 =    20.8144,    26.2174      
# span 20 =      0.991,     68.348      
# span 21 =      0.998,     68.642      
# span 22 =     -0.052,      0.661      
# span 23 =    1479.92,    1495.61      
# span 24 =    1479.93,    1495.62      
# span 25 = 0.0000e+00, 0.0000e+00      
# interval = decibars: 0.5              
# start_time = Nov 12 2018 11:05:53 [NMEA time, first data scan]
# bad_flag = -9.990e-29
*END*
      26790      1.000     9.9055     9.9072     0.0016    3.01868    3.01861          1     6.4334     6.1554      98.72     2.0382     0.5232  8.725e+02  0.2480000    27.1141    27.1122    -0.0019    20.8170    20.8153      0.991      0.998      0.155    1479.92    1479.93  0.000e+00
      26852      1.500     9.9067     9.9081     0.0014    3.01855    3.01860          1     6.4440     6.1530      91.66     2.0014     0.4947  2.461e+02  0.2800000    27.1118    27.1113    -0.0005    20.8150    20.8144      1.486      1.497      0.292    1479.93    1479.94  0.000e+00
      26891      2.000     9.9059     9.9078     0.0020    3.01888    3.01877          1     6.4260     6.1583      61.70     2.0608     0.4828  1.690e+02  0.2686000    27.1155    27.1130    -0.0025    20.8180    20.8158      1.981      1.996      0.325    1479.94    1479.94  0.000e+00
      26922      2.500     9.9059     9.9078     0.0020    3.01893    3.01880          1     6.4295     6.1484      61.17     2.1862     0.4614  1.493e+02  0.2669000    27.1158    27.1131    -0.0028    20.8183    20.8158      2.477      2.494      0.457    1479.95    1479.95  0.000e+00
      26946      3.000     9.9052     9.9058     0.0006    3.01911    3.01931          1     6.4370     6.1430      66.97     2.2871     0.4211  1.266e+02  0.2918000    27.1179    27.1195     0.0016    20.8200    20.8211      2.972      2.993      0.509    1479.96    1479.96  0.000e+00
      26970      3.500     9.9029     9.9037     0.0008    3.01973    3.01999          1     6.4233     6.1492      93.56     2.3122     0.4212  1.069e+02  0.3012000    27.1256    27.1275     0.0020    20.8263    20.8277      3.467      3.492      0.493    1479.97    1479.97  0.000e+00
      26994      4.000     9.9020     9.9031     0.0011    3.02039    3.02054          1     6.4097     6.1457      96.61     2.4521     0.4601  8.639e+01  0.3088000    27.1326    27.1334     0.0007    20.8320    20.8324      3.963      3.991      0.501    1479.98    1479.99  0.000e+00
      27017      4.500     9.9018     9.9029     0.0010    3.02070    3.02076          1     6.4190     6.1414      97.48     2.2747     0.5087  7.831e+01  0.2979000    27.1357    27.1355    -0.0002    20.8344    20.8341      4.458      4.490      0.550    1479.99    1480.00  0.000e+00
      27038      5.000     9.9011     9.9023     0.0012    3.02079    3.02084          1     6.4201     6.1419      89.82     2.3241     0.5029  6.520e+01  0.3097000    27.1369    27.1365    -0.0004    20.8354    20.8349      4.954      4.989      0.572    1480.00    1480.00  0.000e+00
      27059      5.500     9.9010     9.9023     0.0013    3.02082    3.02092          1     6.4260     6.1453      97.44     2.3244     0.4726  5.752e+01  0.3190000    27.1371    27.1371     0.0000    20.8356    20.8354      5.449      5.488      0.546    1480.01    1480.01  0.000e+00
      27082      6.000     9.9014     9.9028     0.0014    3.02079    3.02087          1     6.4223     6.1439      92.18     2.3071     0.4425  4.829e+01  0.2999000    27.1364    27.1361    -0.0003    20.8349    20.8345      5.944      5.987      0.512    1480.01    1480.02  0.000e+00
      27106      6.500     9.9016     9.9025     0.0009    3.02085    3.02097          1     6.4096     6.1400      93.67     2.3151     0.4565  4.222e+01  0.2885000    27.1366    27.1371     0.0005    20.8351    20.8354      6.440      6.485      0.540    1480.02    1480.03  0.000e+00
      27127      7.000     9.9008     9.9017     0.0009    3.02102    3.02110          1     6.4117     6.1356      97.54     2.3289     0.4844  3.753e+01  0.2992000    27.1387    27.1388     0.0002    20.8368    20.8369      6.935      6.984      0.597    1480.03    1480.03  0.000e+00
      27146      7.500     9.9008     9.9019     0.0011    3.02098    3.02102          1     6.4205     6.1352      85.95     2.3419     0.4567  3.285e+01  0.3172000    27.1382    27.1377    -0.0004    20.8364    20.8359      7.430      7.483      0.615    1480.04    1480.04  0.000e+00
      27166      8.000     9.9008     9.9021     0.0012    3.02116    3.02115          1     6.4295     6.1356      95.34     2.4101     0.4361  2.856e+01  0.3175000    27.1397    27.1386    -0.0010    20.8376    20.8366      7.926      7.982      0.588    1480.05    1480.05  0.000e+00
      27187      8.500     9.9007     9.9020     0.0013    3.02113    3.02119          1     6.4387     6.1382      97.44     2.2648     0.4367  2.415e+01  0.2910000    27.1393    27.1389    -0.0004    20.8373    20.8368      8.421      8.481      0.538    1480.06    1480.06  0.000e+00
      27211      9.000     9.9012     9.9024     0.0011    3.02109    3.02119          1     6.4353     6.1398      84.68     2.4063     0.5013  2.087e+01  0.3165000    27.1383    27.1384     0.0000    20.8365    20.8364      8.916      8.980      0.513    1480.07    1480.07  0.000e+00
      27234      9.500     9.9014     9.9028     0.0015    3.02114    3.02115          1     6.4288     6.1420      97.51     2.3084     0.5002  1.857e+01  0.3058000    27.1385    27.1375    -0.0010    20.8366    20.8356      9.412      9.479      0.556    1480.08    1480.08  0.000e+00
      27254     10.000     9.9024     9.9034     0.0010    3.02100    3.02103          1     6.4353     6.1383      90.90     2.1728     0.4410  1.648e+01  0.2824000    27.1362    27.1357    -0.0005    20.8347    20.8341      9.907      9.978      0.617    1480.08    1480.09  0.000e+00
      27273     10.500     9.9025     9.9035     0.0011    3.02109    3.02115          1     6.4417     6.1368      84.95     2.1044     0.4841  1.466e+01  0.2681000    27.1368    27.1367    -0.0002    20.8352    20.8349     10.402     10.476      0.636    1480.09    1480.10  0.000e+00
      27292     11.000     9.9025     9.9035     0.0009    3.02113    3.02122          1     6.4338     6.1323      97.32     2.2507     0.5524  1.287e+01  0.3024000    27.1370    27.1372     0.0002    20.8352    20.8353     10.898     10.975      0.587    1480.10    1480.11  0.000e+00
      27314     11.500     9.9006     9.9019     0.0014    3.02318    3.02330          1     6.3885     6.0970      86.07     2.1175     0.4636  1.155e+01  0.2956000    27.1586    27.1588     0.0002    20.8524    20.8523     11.393     11.474      0.518    1480.13    1480.13  0.000e+00
      27338     12.000     9.8978     9.8990     0.0012    3.02938    3.02951          1     6.3368     6.0616      92.54     2.0360     0.4330  1.038e+01  0.2882000    27.2220    27.2223     0.0003    20.9022    20.9023     11.888     11.973      0.532    1480.21    1480.21  0.000e+00
      27359     12.500     9.8978     9.8990     0.0011    3.03290    3.03296          1     6.3021     6.0368      97.50     1.9126     0.3972  9.457e+00  0.2784000    27.2567    27.2564    -0.0002    20.9292    20.9288     12.384     12.472      0.596    1480.25    1480.26  0.000e+00
      27378     13.000     9.9386     9.9377    -0.0009    3.06411    3.06246          1     6.2467     5.9955      97.46     1.7607     0.3770  8.432e+00  0.2712000    27.5353    27.5197    -0.0156    21.1400    21.1280     12.879     12.971      0.613    1480.75    1480.73  0.000e+00
      27398     13.500     9.9545     9.9566     0.0020    3.11366    3.11121          1     6.1896     5.9466      97.44     1.5532     0.3532  7.585e+00  0.2605000    28.0152    27.9893    -0.0259    21.5113    21.4908     13.374     13.469      0.578    1481.40    1481.38  0.000e+00
      27420     14.000     9.9529     9.9544     0.0016    3.12983    3.12967          1     6.1684     5.9138      97.33     0.7546     0.3203  6.823e+00  0.2362000    28.1771    28.1742    -0.0028    21.6377    21.6352     13.870     13.968      0.548    1481.60    1481.60  0.000e+00
      27442     14.500     9.9607     9.9618     0.0011    3.13444    3.13444          1     6.1709     5.9037      97.46     0.7056     0.3029  6.206e+00  0.2454000    28.2167    28.2157    -0.0009    21.6673    21.6664     14.365     14.466      0.561    1481.68    1481.69  0.000e+00
      27463     15.000     9.9777     9.9765    -0.0012    3.13989    3.13900          1     6.1667     5.8979      97.48     0.6544     0.2962  5.694e+00  0.2400000    28.2574    28.2495    -0.0080    21.6964    21.6904     14.860     14.965      0.593    1481.80    1481.79  0.000e+00
      27483     15.500     9.9994     9.9994    -0.0001    3.14823    3.14772          1     6.1603     5.8925      23.80     0.6106     0.2796  5.242e+00  0.2228000    28.3232    28.3181    -0.0050    21.7442    21.7403     15.355     15.463      0.611    1481.97    1481.96  0.000e+00
      27502     16.000    10.0238    10.0242     0.0004    3.15704    3.15683          1     6.1576     5.8905      88.92     0.5819     0.2610  4.793e+00  0.2018000    28.3915    28.3891    -0.0024    21.7936    21.7917     15.851     15.962      0.591    1482.15    1482.15  0.000e+00
      27523     16.500    10.0475    10.0463    -0.0012    3.16573    3.16524          1     6.1357     5.8828      93.78     0.5971     0.2475  4.408e+00  0.2292000    28.4591    28.4551    -0.0039    21.8425    21.8396     16.346     16.460      0.536    1482.33    1482.32  0.000e+00
      27547     17.000    10.0738    10.0741     0.0003    3.17853    3.17826          1     6.1170     5.8670      96.74     0.6476     0.2208  4.072e+00  0.2297000    28.5654    28.5625    -0.0029    21.9212    21.9189     16.841     16.958      0.510    1482.56    1482.56  0.000e+00
      27570     17.500    10.0957    10.0934    -0.0023    3.18795    3.18698          1     6.1105     5.8532      97.48     0.4918     0.1967  3.798e+00  0.2389000    28.6415    28.6337    -0.0078    21.9770    21.9713     17.337     17.457      0.562    1482.74    1482.72  0.000e+00
      27590     18.000    10.1243    10.1232    -0.0011    3.20002    3.19921          1     6.0990     5.8414      97.48     0.4557     0.1925  3.548e+00  0.2418000    28.7386    28.7314    -0.0072    22.0481    22.0427     17.832     17.955      0.619    1482.97    1482.96  0.000e+00
      27609     18.500    10.1514    10.1523     0.0009    3.21701    3.21695          1     6.0928     5.8330      97.48     0.4537     0.1925  3.288e+00  0.2387000    28.8858    28.8844    -0.0014    22.1584    22.1572     18.327     18.453      0.629    1483.26    1483.26  0.000e+00
      27628     19.000    10.1552    10.1564     0.0011    3.22231    3.22199          1     6.1029     5.8363      97.05     0.4604     0.1933  3.041e+00  0.2292000    28.9351    28.9310    -0.0041    22.1962    22.1929     18.823     18.951      0.591    1483.34    1483.34  0.000e+00
      27650     19.500    10.1583    10.1586     0.0003    3.23102    3.23061          1     6.1105     5.8308      89.95     0.4060     0.2312  2.806e+00  0.2290000    29.0190    29.0147    -0.0043    22.2611    22.2577     19.318     19.450      0.538    1483.46    1483.46  0.000e+00
      27673     20.000    10.1812    10.1823     0.0011    3.23897    3.23893          1     6.0982     5.8212      97.42     0.3419     0.2245  2.611e+00  0.2288000    29.0795    29.0783    -0.0012    22.3045    22.3034     19.813     19.948      0.521    1483.62    1483.63  0.000e+00
      27695     20.500    10.1883    10.1895     0.0012    3.24305    3.24285          1     6.0929     5.8242      89.62     0.3324     0.2138  2.439e+00  0.2196000    29.1141    29.1112    -0.0030    22.3303    22.3278     20.309     20.446      0.552    1483.70    1483.70  0.000e+00
      27716     21.000    10.2033    10.2041     0.0008    3.25701    3.25646          1     6.0838     5.8247      94.67     0.3129     0.2130  2.265e+00  0.2089000    29.2406    29.2345    -0.0061    22.4264    22.4216     20.804     20.944      0.594    1483.92    1483.91  0.000e+00
      27736     21.500    10.2125    10.2141     0.0016    3.26846    3.26832          1     6.0691     5.8160      97.46     0.2938     0.2207  2.104e+00  0.2011000    29.3468    29.3441    -0.0026    22.5076    22.5053     21.299     21.442      0.613    1484.09    1484.09  0.000e+00
      27756     22.000    10.2117    10.2130     0.0014    3.27286    3.27284          1     6.0706     5.8141      86.04     0.2847     0.1984  1.958e+00  0.1921000    29.3911    29.3897    -0.0014    22.5423    22.5410     21.795     21.940      0.597    1484.14    1484.15  0.000e+00
      27776     22.500    10.2114    10.2128     0.0014    3.27440    3.27436          1     6.0660     5.8096      95.50     0.2617     0.1750  1.822e+00  0.2335000    29.4063    29.4048    -0.0015    22.5542    22.5528     22.290     22.438      0.562    1484.17    1484.17  0.000e+00
      27798     23.000    10.2112    10.2126     0.0014    3.27591    3.27586          1     6.0564     5.8059      97.47     0.2603     0.1599  1.695e+00  0.2344000    29.4214    29.4198    -0.0016    22.5659    22.5645     22.785     22.936      0.535    1484.19    1484.20  0.000e+00
      27821     23.500    10.2115    10.2128     0.0013    3.27652    3.27656          1     6.0538     5.8057      83.04     0.2846     0.1619  1.587e+00  0.2222000    29.4270    29.4263    -0.0006    22.5702    22.5695     23.280     23.434      0.547    1484.21    1484.21  0.000e+00
      27842     24.000    10.2123    10.2135     0.0012    3.27790    3.27783          1     6.0540     5.7964      97.56     0.2859     0.1865  1.476e+00  0.2227000    29.4399    29.4381    -0.0018    22.5802    22.5786     23.776     23.932      0.581    1484.24    1484.24  0.000e+00
      27862     24.500    10.2150    10.2158     0.0008    3.28046    3.28029          1     6.0540     5.7882      92.05     0.2648     0.2167  1.379e+00  0.2341000    29.4629    29.4606    -0.0023    22.5977    22.5957     24.271     24.430      0.589    1484.28    1484.29  0.000e+00
      27883     25.000    10.2194    10.2207     0.0012    3.28449    3.28432          1     6.0431     5.7789      85.70     0.2360     0.2179  1.277e+00  0.2528000    29.4992    29.4965    -0.0027    22.6252    22.6229     24.766     24.928      0.570    1484.35    1484.35  0.000e+00
      27904     25.500    10.2100    10.2125     0.0025    3.29739    3.29649          1     6.0262     5.7693      97.44     0.2481     0.2098  1.193e+00  0.2900000    29.6351    29.6241    -0.0110    22.7326    22.7236     25.262     25.426      0.562    1484.49    1484.49  0.000e+00
      27926     26.000    10.1994    10.2006     0.0012    3.30387    3.30386          1     6.0248     5.7646      84.00     0.2579     0.2091  1.107e+00  0.2899000    29.7080    29.7070    -0.0011    22.7911    22.7901     25.757     25.924      0.585    1484.55    1484.55  0.000e+00
      27945     26.500    10.1895    10.1917     0.0022    3.31094    3.31037          1     6.0272     5.7598      90.74     0.2408     0.2194  1.032e+00  0.2579000    29.7864    29.7789    -0.0075    22.8538    22.8476     26.252     26.422      0.604    1484.62    1484.62  0.000e+00
      27965     27.000    10.1799    10.1810     0.0011    3.32494    3.32449          1     6.0197     5.7492      97.42     0.2214     0.2376  9.556e-01  0.2287000    29.9336    29.9282    -0.0054    22.9700    22.9656     26.747     26.920      0.587    1484.77    1484.77  0.000e+00
      27987     27.500    10.1788    10.1802     0.0014    3.33519    3.33508          1     6.0110     5.7454      78.45     0.2131     0.1886  8.728e-01  0.2238000    30.0366    30.0344    -0.0022    23.0504    23.0485     27.243     27.418      0.542    1484.90    1484.90  0.000e+00
      28010     28.000    10.1686    10.1699     0.0013    3.34671    3.34581          1     5.9945     5.7378      97.10     0.2235     0.2112  8.183e-01  0.2289000    30.1599    30.1499    -0.0100    23.1482    23.1401     27.738     27.916      0.531    1485.02    1485.01  0.000e+00
