ctdpy/exports/archive_20191121_122431/received_data/SBE09_0827_20181122_0559_26_01_1216.cnv
* Sea-Bird SBE 9 Data File:
* FileName = D:\CTD_SBE911\DAT\26DA.2018.12.16.hex
* Software Version Seasave V 7.21d
* Temperature SN = 4548
* Conductivity SN = 3062
* Number of Bytes Per Scan = 48
* Number of Voltage Words = 5
* Number of Scans Averaged by the Deck Unit = 1
* NMEA Latitude = 57 03.13 N
* NMEA Longitude = 018 53.83 E
* NMEA UTC (Time) = Nov 22 2018  06:00:51
* NMEA baud rate = 4800
** Ship: DANA
** Average sound velocity: 1441.94 m/s
** True-depth calculation Tue, 02 Apr 2019 12:12:37 +0000
** CTD Python Module SMHI /ver 3-12/ feb 2012 
** LIMS Job: 20182601-1216
** Operator: Ronny
** Cruise: 12/2018
# nquan = 26
# nvalues = 184                         
# units = specified
# name 0 = scan: Scan Count
# name 1 = prDM: Pressure, Digiquartz [db]
# name 2 = t090C: Temperature [ITS-90, deg C]
# name 3 = t190C: Temperature, 2 [ITS-90, deg C]
# name 4 = T2-T190C: Temperature Difference, 2 - 1 [ITS-90, deg C]
# name 5 = c0S/m: Conductivity [S/m]
# name 6 = c1S/m: Conductivity, 2 [S/m]
# name 7 = pumps: Pump Status
# name 8 = sbeox1ML/L: Oxygen, SBE 43, 2 [ml/l]
# name 9 = sbeox0ML/L: Oxygen, SBE 43 [ml/l]
# name 10 = altM: Altimeter [m]
# name 11 = chloroflTC0: Chlorophyll, Turner Cyclops [ug/l]
# name 12 = cpar: CPAR/Corrected Irradiance [%]
# name 13 = par: PAR/Irradiance, Biospherical/Lico [µE/(cm^2*s)]
# name 14 = spar: SPAR, Biospherical/Licor
# name 15 = sal00: Salinity, Practical [PSU]
# name 16 = sal11: Salinity, Practical, 2 [PSU]
# name 17 = secS-priS: Salinity, Practical, Difference, 2 - 1 [PSU]
# name 18 = sigma-t00: Density [sigma-t, kg/m^3 ]
# name 19 = sigma-t11: Density, 2 [sigma-t, kg/m^3 ]
# name 20 = depSM: Depth [salt water, m], lat = 57.0522
# name 21 = depFM: Depth [true depth, m], lat = 57.0522
# name 22 = dz/dtM: Descent Rate [m/s], WS = 2
# name 23 = svCM: Sound Velocity [Chen-Millero, m/s]
# name 24 = svCM1: Sound Velocity, 2 [Chen-Millero, m/s]
# name 25 = flag: flag
# span 0 =        330,       8935       
# span 1 =      1.500,     93.000       
# span 2 =     4.0297,     8.0368       
# span 3 =     4.1145,     8.0352       
# span 4 =    -0.1193,     0.6049       
# span 5 =   0.796147,   1.186277       
# span 6 =   0.797727,   1.188850       
# span 7 =          1,          1       
# span 8 =     0.0943,     7.5163       
# span 9 =     0.0467,     7.7412       
# span 10 =       0.95,       9.96      
# span 11 =     0.0159,     0.0319      
# span 12 = 4.9241e-11, 4.9241e-11      
# span 13 = 1.0000e-12, 1.0000e-12      
# span 14 = 2.0308e+00, 2.0308e+00      
# span 15 =     7.1936,    10.9056      
# span 16 =     7.1936,    10.9273      
# span 17 =    -0.1482,     0.0285      
# span 18 =     5.5044,     8.5615      
# span 19 =     5.5044,     8.5780      
# span 20 =      1.486,     92.125      
# span 21 =      1.519,     94.124      
# span 22 =      0.155,      0.313      
# span 23 =    1432.38,    1448.44      
# span 24 =    1432.94,    1448.45      
# span 25 = 0.0000e+00, 0.0000e+00      
# interval = decibars: 0.5              
# start_time = Nov 22 2018 06:00:52 [NMEA time, first data scan]
# bad_flag = -9.990e-29
*END*
[from data line 56]
       2889     29.500     7.8859     7.8886     0.0027    0.84867    0.84857          1     7.4681     7.6833       9.96     0.0240  4.924e-11  1.000e-12  2.031e+00     7.2194     7.2179    -0.0015     5.5364     5.5350     29.227     29.882      0.251    1448.19    1448.20  0.000e+00
       2937     30.000     7.8843     7.8868     0.0025    0.84884    0.84868          1     7.4664     7.6859       9.96     0.0235  4.924e-11  1.000e-12  2.031e+00     7.2212     7.2193    -0.0020     5.5380     5.5362     29.722     30.388      0.261    1448.20    1448.20  0.000e+00
       2981     30.500     7.8799     7.8853     0.0054    0.84882    0.84880          1     7.4798     7.7192       9.96     0.0242  4.924e-11  1.000e-12  2.031e+00     7.2219     7.2205    -0.0013     5.5388     5.5374     30.218     30.895      0.271    1448.19    1448.21  0.000e+00
       3026     31.000     7.8272     7.8769     0.0497    0.84810    0.84876          1     7.5163     7.6510       9.96     0.0229  4.924e-11  1.000e-12  2.031e+00     7.2260     7.2219    -0.0042     5.5462     5.5391     30.713     31.401      0.271    1447.98    1448.18  0.000e+00
       3070     31.500     7.4733     7.7606     0.2873    0.84358    0.84748          1     7.4779     7.4865       9.96     0.0228  4.924e-11  1.000e-12  2.031e+00     7.2580     7.2341    -0.0239     5.5981     5.5577     31.208     31.908      0.271    1446.57    1447.73  0.000e+00
       3114     32.000     7.2069     7.4915     0.2847    0.83999    0.84442          1     7.4314     7.2767       9.96     0.0213  4.924e-11  1.000e-12  2.031e+00     7.2804     7.2618    -0.0186     5.6350     5.5999     31.704     32.414      0.282    1445.50    1446.66  0.000e+00
       3155     32.500     6.6064     7.2113     0.6049    0.83025    0.84027          1     7.2507     7.1427       9.96     0.0205  4.924e-11  1.000e-12  2.031e+00     7.3161     7.2820    -0.0341     5.7025     5.6358     32.199     32.921      0.278    1443.03    1445.53  0.000e+00
       3204     33.000     6.3012     6.6579     0.3563    0.82547    0.83219          1     7.1370     7.1561       9.96     0.0191  4.924e-11  1.000e-12  2.031e+00     7.3360     7.3234    -0.0126     5.7368     5.7054     32.694     33.427      0.235    1441.77    1443.27  0.000e+00
       3251     33.500     6.1515     6.4994     0.3483    0.82328    0.82933          1     7.0844     7.1682       9.96     0.0193  4.924e-11  1.000e-12  2.031e+00     7.3473     7.3302    -0.0171     5.7542     5.7204     33.190     33.933      0.274    1441.15    1442.61  0.000e+00
       3297     34.000     6.0966     6.2850     0.1883    0.82268    0.82589          1     7.0420     7.1922       9.96     0.0191  4.924e-11  1.000e-12  2.031e+00     7.3534     7.3434    -0.0100     5.7621     5.7436     33.685     34.440      0.256    1440.93    1441.73  0.000e+00
       3341     34.500     6.0898     6.1778     0.0881    0.82293    0.82441          1     7.0191     7.1995       9.96     0.0185  4.924e-11  1.000e-12  2.031e+00     7.3571     7.3523    -0.0048     5.7654     5.7567     34.180     34.946      0.282    1440.92    1441.29  0.000e+00
       3386     35.000     6.0838     6.1365     0.0527    0.82311    0.82395          1     7.0004     7.2027       9.96     0.0184  4.924e-11  1.000e-12  2.031e+00     7.3601     7.3568    -0.0033     5.7681     5.7625     34.675     35.452      0.254    1440.90    1441.12  0.000e+00
       3433     35.500     6.0907     6.1098     0.0192    0.82378    0.82372          1     7.0010     7.1966       9.96     0.0182  4.924e-11  1.000e-12  2.031e+00     7.3650     7.3603    -0.0047     5.7716     5.7668     35.171     35.959      0.266    1440.95    1441.02  0.000e+00
       3478     36.000     6.0563     6.1031     0.0468    0.82336    0.82413          1     6.9949     7.1817       9.96     0.0186  4.924e-11  1.000e-12  2.031e+00     7.3683     7.3657    -0.0027     5.7761     5.7714     35.666     36.465      0.251    1440.81    1441.01  0.000e+00
       3527     36.500     5.9763     6.0720     0.0958    0.82233    0.82378          1     6.9779     7.1477       9.96     0.0183  4.924e-11  1.000e-12  2.031e+00     7.3758     7.3689    -0.0068     5.7862     5.7757     36.161     36.971      0.253    1440.49    1440.89  0.000e+00
       3574     37.000     5.8771     5.9853     0.1082    0.82097    0.82272          1     6.9667     7.1171       9.96     0.0180  4.924e-11  1.000e-12  2.031e+00     7.3842     7.3775    -0.0067     5.7981     5.7871     36.657     37.478      0.248    1440.08    1440.53  0.000e+00
       3622     37.500     5.8235     5.9076     0.0841    0.82082    0.82179          1     6.9533     7.0779       9.96     0.0180  4.924e-11  1.000e-12  2.031e+00     7.3944     7.3854    -0.0090     5.8089     5.7975     37.152     37.984      0.257    1439.87    1440.22  0.000e+00
       3668     38.000     5.8343     5.8701     0.0358    0.82251    0.82178          1     6.9181     7.0260       9.96     0.0180  4.924e-11  1.000e-12  2.031e+00     7.4083     7.3935    -0.0148     5.8193     5.8058     37.647     38.490      0.267    1439.94    1440.08  0.000e+00
       3712     38.500     5.8612     5.8737     0.0125    0.82409    0.82317          1     6.8623     6.9583       9.96     0.0179  4.924e-11  1.000e-12  2.031e+00     7.4176     7.4061    -0.0116     5.8253     5.8156     38.143     38.997      0.270    1440.08    1440.12  0.000e+00
       3759     39.000     5.8171     5.8599     0.0428    0.82303    0.82348          1     6.8205     6.9620       9.96     0.0175  4.924e-11  1.000e-12  2.031e+00     7.4170     7.4120    -0.0050     5.8271     5.8210     38.638     39.503      0.242    1439.89    1440.07  0.000e+00
       3810     39.500     5.7714     5.8223     0.0510    0.82209    0.82302          1     6.8053     6.9913       9.96     0.0185  4.924e-11  1.000e-12  2.031e+00     7.4179     7.4157    -0.0022     5.8302     5.8258     39.133     40.009      0.249    1439.70    1439.92  0.000e+00
       3855     40.000     5.7414     5.7916     0.0502    0.82149    0.82255          1     6.8142     6.9899       9.96     0.0176  4.924e-11  1.000e-12  2.031e+00     7.4186     7.4179    -0.0008     5.8322     5.8291     39.629     40.516      0.269    1439.58    1439.80  0.000e+00
       3901     40.500     5.6064     5.7419     0.1355    0.81784    0.82144          1     6.8134     7.0237       9.96     0.0177  4.924e-11  1.000e-12  2.031e+00     7.4128     7.4179     0.0052     5.8342     5.8317     40.124     41.022      0.249    1439.00    1439.59  0.000e+00
       3948     41.000     5.4903     5.5999     0.1099    0.81531    0.81795          1     6.8415     7.0781       9.96     0.0180  4.924e-11  1.000e-12  2.031e+00     7.4136     7.4153     0.0016     5.8404     5.8365     40.619     41.528      0.275    1438.51    1438.98  0.000e+00
       3990     41.500     5.4554     5.5568     0.1013    0.81518    0.81722          1     6.8718     7.0406       9.96     0.0177  4.924e-11  1.000e-12  2.031e+00     7.4200     7.4175    -0.0026     5.8471     5.8403     41.115     42.035      0.278    1438.37    1438.81  0.000e+00
       4034     42.000     5.3670     5.4626     0.0956    0.81369    0.81556          1     6.8558     7.0183       9.96     0.0176  4.924e-11  1.000e-12  2.031e+00     7.4249     7.4220    -0.0028     5.8549     5.8484     41.610     42.541      0.283    1438.00    1438.41  0.000e+00
       4076     42.500     5.3292     5.3855     0.0561    0.81297    0.81411          1     6.8373     7.0187       9.96     0.0175  4.924e-11  1.000e-12  2.031e+00     7.4261     7.4249    -0.0012     5.8576     5.8541     42.105     43.047      0.265    1437.85    1438.09  0.000e+00
       4126     43.000     5.3237     5.3549     0.0312    0.81299    0.81358          1     6.8393     7.0295       9.96     0.0171  4.924e-11  1.000e-12  2.031e+00     7.4275     7.4263    -0.0012     5.8590     5.8566     42.600     43.554      0.244    1437.83    1437.96  0.000e+00
       4170     43.500     5.2969     5.3387     0.0417    0.81263    0.81338          1     6.8386     7.0171       9.96     0.0176  4.924e-11  1.000e-12  2.031e+00     7.4298     7.4280    -0.0019     5.8620     5.8586     43.096     44.060      0.273    1437.72    1437.90  0.000e+00
       4215     44.000     5.2395     5.2971     0.0577    0.81195    0.81280          1     6.8414     7.0074       9.96     0.0174  4.924e-11  1.000e-12  2.031e+00     7.4359     7.4314    -0.0045     5.8692     5.8632     43.591     44.566      0.271    1437.49    1437.73  0.000e+00
       4258     44.500     5.1886     5.2636     0.0749    0.81153    0.81253          1     6.8352     6.9695       9.96     0.0171  4.924e-11  1.000e-12  2.031e+00     7.4429     7.4361    -0.0068     5.8770     5.8684     44.086     45.073      0.275    1437.28    1437.60  0.000e+00
       4307     45.000     5.1184     5.1879     0.0696    0.81084    0.81170          1     6.8168     6.9568       9.96     0.0171  4.924e-11  1.000e-12  2.031e+00     7.4518     7.4447    -0.0070     5.8869     5.8784     44.582     45.579      0.236    1436.99    1437.29  0.000e+00
       4351     45.500     4.9750     5.1473     0.1721    0.80723    0.81125          1     6.8007     6.9538       9.96     0.0174  4.924e-11  1.000e-12  2.031e+00     7.4480     7.4493     0.0013     5.8896     5.8838     45.077     46.085      0.313    1436.37    1437.13  0.000e+00
       4392     46.000     4.8047     4.9436     0.1392    0.80347    0.80668          1     6.8145     7.0213       9.96     0.0173  4.924e-11  1.000e-12  2.031e+00     7.4488     7.4495     0.0007     5.8967     5.8921     45.572     46.591      0.250    1435.63    1436.24  0.000e+00
       4444     46.500     4.6964     4.8986     0.2022    0.80184    0.80576          1     6.8510     7.0141       9.96     0.0168  4.924e-11  1.000e-12  2.031e+00     7.4568     7.4505    -0.0063     5.9070     5.8946     46.068     47.098      0.254    1435.17    1436.05  0.000e+00
       4488     47.000     4.6072     4.7636     0.1565    0.80065    0.80344          1     6.8309     6.9917       9.96     0.0170  4.924e-11  1.000e-12  2.031e+00     7.4649     7.4576    -0.0073     5.9165     5.9052     46.563     47.604      0.259    1434.79    1435.47  0.000e+00
       4537     47.500     4.5569     4.6955     0.1386    0.80015    0.80248          1     6.8375     6.9651       9.96     0.0166  4.924e-11  1.000e-12  2.031e+00     7.4712     7.4633    -0.0079     5.9232     5.9122     47.058     48.110      0.263    1434.58    1435.19  0.000e+00
       4578     48.000     4.4902     4.6168     0.1265    0.79896    0.80123          1     6.8080     6.9640       9.96     0.0164  4.924e-11  1.000e-12  2.031e+00     7.4743     7.4684    -0.0059     5.9278     5.9190     47.553     48.616      0.279    1434.30    1434.85  0.000e+00
       4631     48.500     4.4376     4.5281     0.0903    0.79832    0.79984          1     6.8057     6.9568       9.96     0.0163  4.924e-11  1.000e-12  2.031e+00     7.4798     7.4745    -0.0053     5.9338     5.9267     48.049     49.123      0.219    1434.08    1434.48  0.000e+00
       4678     49.000     4.3880     4.4680     0.0800    0.79792    0.79906          1     6.7882     6.9281       9.96     0.0160  4.924e-11  1.000e-12  2.031e+00     7.4869     7.4802    -0.0067     5.9410     5.9332     48.544     49.629      0.281    1433.87    1434.22  0.000e+00
       4726     49.500     4.3386     4.4164     0.0776    0.79771    0.79845          1     6.7739     6.9268       9.96     0.0160  4.924e-11  1.000e-12  2.031e+00     7.4959     7.4857    -0.0103     5.9497     5.9392     49.039     50.135      0.234    1433.67    1434.01  0.000e+00
       4774     50.000     4.3633     4.3798     0.0166    0.80013    0.79856          1     6.7734     6.8542       9.96     0.0164  4.924e-11  1.000e-12  2.031e+00     7.5146     7.4951    -0.0195     5.9638     5.9478     49.535     50.642      0.274    1433.82    1433.86  0.000e+00
       4821     50.500     4.2150     4.3458     0.1308    0.79842    0.79961          1     6.7138     6.6830       9.96     0.0159  4.924e-11  1.000e-12  2.031e+00     7.5312     7.5133    -0.0179     5.9813     5.9633     50.030     51.148      0.237    1433.18    1433.74  0.000e+00
       4868     51.000     4.0297     4.1849     0.1550    0.79615    0.79773          1     6.5702     6.5978       9.96     0.0159  4.924e-11  1.000e-12  2.031e+00     7.5507     7.5311    -0.0197     6.0017     5.9819     50.525     51.654      0.297    1432.38    1433.05  0.000e+00
       4910     51.500     4.2413     4.1488    -0.0926    0.80501    0.80010          1     6.4399     6.4312       9.96     0.0159  4.924e-11  1.000e-12  2.031e+00     7.5918     7.5634    -0.0284     6.0286     6.0086     51.020     52.160      0.247    1433.39    1432.94  0.000e+00
       4963     52.000     4.3102     4.2542    -0.0559    0.80936    0.80492          1     6.2855     6.2957       9.96     0.0159  4.924e-11  1.000e-12  2.031e+00     7.6199     7.5878    -0.0320     6.0489     6.0251     51.516     52.666      0.237    1433.75    1433.45  0.000e+00
       5011     52.500     4.3784     4.3150    -0.0634    0.81305    0.80899          1     6.1910     6.2014       9.96     0.0159  4.924e-11  1.000e-12  2.031e+00     7.6412     7.6150    -0.0263     6.0637     6.0448     52.011     53.173      0.244    1434.08    1433.77  0.000e+00
       5060     53.000     4.3920     4.3693    -0.0228    0.81522    0.81276          1     6.0872     6.1039       9.96     0.0159  4.924e-11  1.000e-12  2.031e+00     7.6599     7.6404    -0.0196     6.0782     6.0634     52.506     53.679      0.264    1434.18    1434.05  0.000e+00
       5104     53.500     4.3781     4.3781    -0.0000    0.81536    0.81434          1     6.0136     6.0937       9.96     0.0159  4.924e-11  1.000e-12  2.031e+00     7.6645     7.6543    -0.0102     6.0822     6.0741     53.002     54.185      0.255    1434.13    1434.12  0.000e+00
       5155     54.000     4.4158     4.3843    -0.0315    0.81807    0.81527          1     5.9794     6.0568       9.96     0.0159  4.924e-11  1.000e-12  2.031e+00     7.6831     7.6621    -0.0210     6.0958     6.0801     53.497     54.691      0.248    1434.33    1434.16  0.000e+00
       5199     54.500     4.4313     4.4305    -0.0008    0.82163    0.81909          1     5.9221     5.8887       9.96     0.0160  4.924e-11  1.000e-12  2.031e+00     7.7153     7.6899    -0.0254     6.1208     6.1007     53.992     55.197      0.284    1434.45    1434.41  0.000e+00
       5245     55.000     4.2564     4.3599     0.1035    0.81754    0.81899          1     5.8138     5.8604       9.96     0.0159  4.924e-11  1.000e-12  2.031e+00     7.7148     7.7053    -0.0096     6.1258     6.1151     54.487     55.704      0.240    1433.67    1434.12  0.000e+00
       5293     55.500     4.1794     4.2783     0.0989    0.81603    0.81766          1     5.7808     5.8687       9.96     0.0159  4.924e-11  1.000e-12  2.031e+00     7.7175     7.7109    -0.0066     6.1302     6.1221     54.983     56.210      0.270    1433.34    1433.77  0.000e+00
       5339     56.000     4.1882     4.2266     0.0384    0.81691    0.81700          1     5.7617     5.8723       9.96     0.0159  4.924e-11  1.000e-12  2.031e+00     7.7243     7.7162    -0.0081     6.1353     6.1278     55.478     56.716      0.244    1433.40    1433.56  0.000e+00
       5387     56.500     4.3582     4.2568    -0.1013    0.82432    0.81888          1     5.7335     5.7828       9.96     0.0159  4.924e-11  1.000e-12  2.031e+00     7.7594     7.7281    -0.0313     6.1581     6.1364     55.973     57.222      0.280    1434.21    1433.72  0.000e+00
