ctdpy/exports/archive_20191121_122431/received_data/SBE09_0827_20181009_0926_26_01_1050.cnv
* Sea-Bird SBE 9 Data File:
* FileName = D:\CTD_SBE911\DAT\26DA.2018.10.50.hex
* Software Version Seasave V 7.21d
* Temperature SN = 4548
* Conductivity SN = 3062
* Number of Bytes Per Scan = 48
* Number of Voltage Words = 5
* Number of Scans Averaged by the Deck Unit = 1
* NMEA Latitude = 58 49.86 N
* NMEA Longitude = 020 16.10 E
* NMEA UTC (Time) = Oct 09 2018  09:29:11
* NMEA baud rate = 4800
** Ship: DANA
** Average sound velocity: 1446.67 m/s
** True-depth calculation Thu, 28 Mar 2019 12:22:16 +0000
** CTD Python Module SMHI /ver 3-12/ feb 2012 
** LIMS Job: 20182601-1050
** Operator: Christian
** Cruise: 10/2018
# nquan = 26
# nvalues = 342                         
# units = specified
# name 0 = scan: Scan Count
# name 1 = prDM: Pressure, Digiquartz [db]
# name 2 = t090C: Temperature [ITS-90, deg C]
# name 3 = t190C: Temperature, 2 [ITS-90, deg C]
# name 4 = T2-T190C: Temperature Difference, 2 - 1 [ITS-90, deg C]
# name 5 = c0S/m: Conductivity [S/m]
# name 6 = c1S/m: Conductivity, 2 [S/m]
# name 7 = pumps: Pump Status
# name 8 = sbeox1ML/L: Oxygen, SBE 43, 2 [ml/l]
# name 9 = sbeox0ML/L: Oxygen, SBE 43 [ml/l]
# name 10 = altM: Altimeter [m]
# name 11 = chloroflTC0: Chlorophyll, Turner Cyclops [ug/l]
# name 12 = cpar: CPAR/Corrected Irradiance [%]
# name 13 = par: PAR/Irradiance, Biospherical/Lico [µE/(cm^2*s)]
# name 14 = spar: SPAR, Biospherical/Licor
# name 15 = sal00: Salinity, Practical [PSU]
# name 16 = sal11: Salinity, Practical, 2 [PSU]
# name 17 = secS-priS: Salinity, Practical, Difference, 2 - 1 [PSU]
# name 18 = sigma-t00: Density [sigma-t, kg/m^3 ]
# name 19 = sigma-t11: Density, 2 [sigma-t, kg/m^3 ]
# name 20 = depSM: Depth [salt water, m], lat = 58.831
# name 21 = depFM: Depth [true depth, m], lat = 58.831
# name 22 = dz/dtM: Descent Rate [m/s], WS = 2
# name 23 = svCM: Sound Velocity [Chen-Millero, m/s]
# name 24 = svCM1: Sound Velocity, 2 [Chen-Millero, m/s]
# name 25 = flag: flag
# span 0 =        103,      18671       
# span 1 =      0.500,    171.000       
# span 2 =     3.3211,    10.8134       
# span 3 =     3.3305,    10.8135       
# span 4 =    -0.1232,     1.4112       
# span 5 =   0.757869,   1.271701       
# span 6 =   0.760204,   1.271646       
# span 7 =          1,          1       
# span 8 =     0.0291,     7.2525       
# span 9 =     0.0335,     7.1098       
# span 10 =       0.16,      10.16      
# span 11 =     0.0159,     0.0350      
# span 12 = -3.826e-10, 1.2140e+01      
# span 13 = -7.545e-09, 2.2945e+02      
# span 14 = 7.7956e+02, 2.0042e+03      
# span 15 =     6.3761,    11.6424      
# span 16 =     6.3763,    11.6418      
# span 17 =    -0.1809,     0.0005      
# span 18 =     4.5944,     9.1215      
# span 19 =     4.5944,     9.1210      
# span 20 =      0.495,    169.334      
# span 21 =      0.507,    172.903      
# span 22 =     -0.060,      0.988      
# span 23 =    1429.00,    1458.83      
# span 24 =    1429.06,    1458.82      
# span 25 = 0.0000e+00, 0.0000e+00      
# interval = decibars: 0.5              
# start_time = Oct 09 2018 09:29:12 [NMEA time, first data scan]
# bad_flag = -9.990e-29
*END*
[from data line 279]
      15343    140.000     6.3221     6.3196    -0.0025    1.25747    1.25700          1     0.0402     0.0417       9.97     0.0170  9.779e-14  1.000e-12  1.023e+03    11.5216    11.5179    -0.0037     9.0295     9.0268    138.646    141.613      0.303    1448.83    1448.81  0.000e+00
      15400    140.500     6.3253     6.3236    -0.0017    1.25805    1.25765          1     0.0389     0.0423       9.97     0.0170  9.867e-14  1.000e-12  1.014e+03    11.5262    11.5229    -0.0033     9.0329     9.0304    139.141    142.117      0.560    1448.86    1448.84  0.000e+00
      15415    141.000     6.3265     6.3259    -0.0007    1.25839    1.25809          1     0.0419     0.0408       9.97     0.0168  9.848e-14  1.000e-12  1.016e+03    11.5291    11.5264    -0.0027     9.0351     9.0330    139.636    142.622      0.760    1448.87    1448.87  0.000e+00
      15430    141.500     6.3292     6.3281    -0.0011    1.25876    1.25849          1     0.0413     0.0422       9.97     0.0169  9.815e-14  1.000e-12  1.019e+03    11.5318    11.5295    -0.0023     9.0370     9.0352    140.131    143.127      0.777    1448.89    1448.89  0.000e+00
      15446    142.000     6.3306     6.3291    -0.0015    1.25889    1.25863          1     0.0372     0.0429       9.97     0.0169  9.763e-14  1.000e-12  1.024e+03    11.5325    11.5304    -0.0021     9.0375     9.0359    140.626    143.631      0.611    1448.91    1448.90  0.000e+00
      15492    142.500     6.3316     6.3302    -0.0014    1.25900    1.25874          1     0.0394     0.0429       9.97     0.0168  9.732e-14  1.000e-12  1.028e+03    11.5332    11.5311    -0.0021     9.0379     9.0364    141.121    144.136      0.316    1448.92    1448.91  0.000e+00
      15537    143.000     6.3318     6.3316    -0.0003    1.25910    1.25896          1     0.0389     0.0417       9.97     0.0169  9.752e-14  1.000e-12  1.026e+03    11.5340    11.5327    -0.0013     9.0386     9.0376    141.616    144.641      0.636    1448.93    1448.93  0.000e+00
      15551    143.500     6.3319     6.3320     0.0001    1.25917    1.25907          1     0.0385     0.0418       9.97     0.0169  9.751e-14  1.000e-12  1.026e+03    11.5346    11.5336    -0.0010     9.0390     9.0382    142.111    145.146      0.832    1448.94    1448.94  0.000e+00
      15564    144.000     6.3318     6.3320     0.0002    1.25921    1.25912          1     0.0414     0.0423       9.97     0.0167  9.751e-14  1.000e-12  1.026e+03    11.5349    11.5340    -0.0009     9.0393     9.0385    142.606    145.650      0.862    1448.95    1448.95  0.000e+00
      15578    144.500     6.3316     6.3318     0.0002    1.25938    1.25920          1     0.0408     0.0411       9.97     0.0165  9.751e-14  1.000e-12  1.026e+03    11.5365    11.5348    -0.0018     9.0406     9.0392    143.101    146.155      0.758    1448.96    1448.96  0.000e+00
      15598    145.000     6.3304     6.3314     0.0011    1.25942    1.25930          1     0.0377     0.0401       9.97     0.0168  9.751e-14  1.000e-12  1.026e+03    11.5373    11.5357    -0.0016     9.0413     9.0399    143.596    146.660      0.503    1448.96    1448.97  0.000e+00
      15641    145.500     6.3284     6.3309     0.0025    1.25938    1.25932          1     0.0375     0.0411       9.97     0.0168  9.757e-14  1.000e-12  1.025e+03    11.5375    11.5361    -0.0014     9.0415     9.0403    144.091    147.164      0.220    1448.96    1448.97  0.000e+00
      15695    146.000     6.3264     6.3291     0.0026    1.25933    1.25932          1     0.0357     0.0418       9.97     0.0168  9.815e-14  1.000e-12  1.019e+03    11.5376    11.5365    -0.0010     9.0417     9.0407    144.586    147.669      0.323    1448.96    1448.97  0.000e+00
      15724    146.500     6.3245     6.3269     0.0025    1.25930    1.25930          1     0.0354     0.0417       9.97     0.0168  9.873e-14  1.000e-12  1.013e+03    11.5378    11.5370    -0.0008     9.0420     9.0412    145.081    148.174      0.456    1448.96    1448.97  0.000e+00
      15749    147.000     6.3226     6.3253     0.0027    1.25931    1.25927          1     0.0371     0.0430       9.97     0.0165  9.909e-14  1.000e-12  1.009e+03    11.5384    11.5371    -0.0013     9.0427     9.0415    145.576    148.678      0.476    1448.96    1448.97  0.000e+00
      15775    147.500     6.3220     6.3236     0.0016    1.25951    1.25932          1     0.0360     0.0391       9.97     0.0166  9.928e-14  1.000e-12  1.007e+03    11.5406    11.5382    -0.0024     9.0444     9.0424    146.071    149.183      0.455    1448.97    1448.97  0.000e+00
      15801    148.000     6.3228     6.3232     0.0004    1.25983    1.25950          1     0.0356     0.0380       9.97     0.0166  9.927e-14  1.000e-12  1.007e+03    11.5433    11.5400    -0.0033     9.0465     9.0439    146.566    149.688      0.503    1448.99    1448.98  0.000e+00
      15823    148.500     6.3239     6.3236    -0.0004    1.26009    1.25972          1     0.0397     0.0395       9.97     0.0168  9.907e-14  1.000e-12  1.009e+03    11.5455    11.5419    -0.0036     9.0482     9.0453    147.061    150.193      0.586    1449.00    1449.00  0.000e+00
      15843    149.000     6.3260     6.3247    -0.0014    1.26052    1.26005          1     0.0357     0.0413       9.97     0.0167  9.870e-14  1.000e-12  1.013e+03    11.5489    11.5447    -0.0042     9.0507     9.0475    147.556    150.697      0.571    1449.02    1449.01  0.000e+00
      15867    149.500     6.3262     6.3259    -0.0003    1.26055    1.26035          1     0.0364     0.0407       9.97     0.0169  9.832e-14  1.000e-12  1.017e+03    11.5491    11.5471    -0.0019     9.0508     9.0493    148.051    151.202      0.393    1449.03    1449.03  0.000e+00
      15910    150.000     6.3280     6.3266    -0.0014    1.26083    1.26046          1     0.0357     0.0401       9.97     0.0168  9.791e-14  1.000e-12  1.021e+03    11.5511    11.5480    -0.0032     9.0523     9.0499    148.546    151.707      0.290    1449.05    1449.04  0.000e+00
      15940    150.500     6.3317     6.3279    -0.0038    1.26162    1.26072          1     0.0375     0.0396       9.97     0.0169  9.775e-14  1.000e-12  1.023e+03    11.5576    11.5499    -0.0076     9.0571     9.0514    149.041    152.211      0.505    1449.08    1449.06  0.000e+00
      15962    151.000     6.3336     6.3309    -0.0028    1.26206    1.26130          1     0.0360     0.0383       9.97     0.0170  9.762e-14  1.000e-12  1.024e+03    11.5613    11.5547    -0.0066     9.0599     9.0549    149.536    152.716      0.509    1449.10    1449.08  0.000e+00
      15992    151.500     6.3351     6.3336    -0.0015    1.26237    1.26194          1     0.0364     0.0397       9.97     0.0170  9.746e-14  1.000e-12  1.026e+03    11.5637    11.5599    -0.0038     9.0617     9.0588    150.031    153.221      0.335    1449.12    1449.11  0.000e+00
      16031    152.000     6.3367     6.3337    -0.0030    1.26269    1.26195          1     0.0355     0.0401       9.97     0.0170  9.734e-14  1.000e-12  1.027e+03    11.5663    11.5599    -0.0063     9.0636     9.0588    150.526    153.725      0.397    1449.14    1449.12  0.000e+00
      16054    152.500     6.3381     6.3362    -0.0019    1.26296    1.26246          1     0.0360     0.0380       9.97     0.0169  9.719e-14  1.000e-12  1.029e+03    11.5684    11.5641    -0.0043     9.0651     9.0619    151.021    154.230      0.564    1449.15    1449.14  0.000e+00
      16075    153.000     6.3386     6.3377    -0.0010    1.26305    1.26276          1     0.0368     0.0382       9.97     0.0167  9.694e-14  1.000e-12  1.032e+03    11.5690    11.5664    -0.0026     9.0656     9.0636    151.516    154.735      0.510    1449.17    1449.16  0.000e+00
      16113    153.500     6.3387     6.3384    -0.0003    1.26310    1.26292          1     0.0365     0.0390       9.97     0.0167  9.701e-14  1.000e-12  1.031e+03    11.5694    11.5676    -0.0017     9.0659     9.0645    152.011    155.240      0.277    1449.17    1449.17  0.000e+00
      16160    154.000     6.3387     6.3387    -0.0001    1.26327    1.26303          1     0.0360     0.0403       9.97     0.0165  9.716e-14  1.000e-12  1.029e+03    11.5710    11.5685    -0.0024     9.0671     9.0652    152.506    155.744      0.457    1449.18    1449.18  0.000e+00
      16179    154.500     6.3388     6.3388     0.0000    1.26353    1.26320          1     0.0351     0.0399       9.97     0.0166  9.731e-14  1.000e-12  1.028e+03    11.5734    11.5701    -0.0032     9.0690     9.0665    153.001    156.249      0.671    1449.20    1449.19  0.000e+00
      16195    155.000     6.3387     6.3390     0.0002    1.26368    1.26346          1     0.0360     0.0397       9.97     0.0166  9.715e-14  1.000e-12  1.029e+03    11.5748    11.5725    -0.0023     9.0702     9.0683    153.495    156.754      0.735    1449.21    1449.20  0.000e+00
      16211    155.500     6.3388     6.3387    -0.0001    1.26423    1.26378          1     0.0360     0.0379       9.97     0.0166  9.712e-14  1.000e-12  1.030e+03    11.5801    11.5757    -0.0045     9.0744     9.0709    153.990    157.258      0.691    1449.22    1449.21  0.000e+00
      16231    156.000     6.3394     6.3390    -0.0004    1.26467    1.26403          1     0.0364     0.0392       9.97     0.0168  9.720e-14  1.000e-12  1.029e+03    11.5842    11.5780    -0.0062     9.0775     9.0726    154.485    157.763      0.536    1449.24    1449.23  0.000e+00
      16262    156.500     6.3397     6.3396    -0.0002    1.26476    1.26435          1     0.0363     0.0401       9.97     0.0169  9.736e-14  1.000e-12  1.027e+03    11.5849    11.5809    -0.0039     9.0780     9.0749    154.980    158.268      0.255    1449.25    1449.24  0.000e+00
      16326    157.000     6.3400     6.3398    -0.0001    1.26503    1.26459          1     0.0360     0.0375       9.97     0.0168  9.785e-14  1.000e-12  1.022e+03    11.5874    11.5830    -0.0044     9.0800     9.0765    155.475    158.772      0.329    1449.26    1449.25  0.000e+00
      16351    157.500     6.3400     6.3400    -0.0000    1.26518    1.26482          1     0.0356     0.0404       9.97     0.0168  9.822e-14  1.000e-12  1.018e+03    11.5888    11.5852    -0.0036     9.0810     9.0782    155.970    159.277      0.502    1449.27    1449.26  0.000e+00
      16374    158.000     6.3409     6.3405    -0.0004    1.26546    1.26508          1     0.0358     0.0389       9.97     0.0169  9.828e-14  1.000e-12  1.017e+03    11.5911    11.5875    -0.0036     9.0828     9.0800    156.465    159.782      0.482    1449.28    1449.28  0.000e+00
      16404    158.500     6.3414     6.3412    -0.0001    1.26559    1.26537          1     0.0364     0.0389       9.97     0.0168  9.828e-14  1.000e-12  1.018e+03    11.5922    11.5901    -0.0021     9.0836     9.0820    156.960    160.286      0.361    1449.29    1449.29  0.000e+00
      16438    159.000     6.3421     6.3415    -0.0006    1.26569    1.26544          1     0.0361     0.0392       9.97     0.0170  9.814e-14  1.000e-12  1.019e+03    11.5928    11.5906    -0.0023     9.0841     9.0823    157.455    160.791      0.429    1449.31    1449.30  0.000e+00
      16461    159.500     6.3431     6.3421    -0.0009    1.26594    1.26557          1     0.0361     0.0390       9.97     0.0169  9.785e-14  1.000e-12  1.022e+03    11.5949    11.5916    -0.0033     9.0856     9.0831    157.950    161.296      0.608    1449.32    1449.31  0.000e+00
      16479    160.000     6.3467     6.3437    -0.0029    1.26681    1.26593          1     0.0353     0.0368       9.97     0.0166  9.746e-14  1.000e-12  1.026e+03    11.6022    11.5945    -0.0077     9.0911     9.0853    158.445    161.800      0.663    1449.35    1449.33  0.000e+00
      16498    160.500     6.3500     6.3469    -0.0031    1.26768    1.26673          1     0.0360     0.0375       9.97     0.0168  9.694e-14  1.000e-12  1.032e+03    11.6096    11.6012    -0.0084     9.0967     9.0903    158.940    162.305      0.535    1449.38    1449.36  0.000e+00
      16564    161.000     6.3506     6.3495    -0.0011    1.26778    1.26742          1     0.0354     0.0369       9.97     0.0166  9.650e-14  1.000e-12  1.036e+03    11.6102    11.6071    -0.0031     9.0972     9.0948    159.435    162.810      0.348    1449.40    1449.39  0.000e+00
      16600    161.500     6.3509     6.3513     0.0003    1.26792    1.26783          1     0.0349     0.0376       9.97     0.0165  9.611e-14  1.000e-12  1.040e+03    11.6115    11.6105    -0.0010     9.0981     9.0973    159.930    163.314      0.739    1449.41    1449.41  0.000e+00
      16613    162.000     6.3526     6.3523    -0.0003    1.26838    1.26812          1     0.0362     0.0370       9.97     0.0164  9.584e-14  1.000e-12  1.043e+03    11.6153    11.6128    -0.0025     9.1011     9.0991    160.425    163.819      0.844    1449.43    1449.42  0.000e+00
      16627    162.500     6.3545     6.3539    -0.0006    1.26895    1.26856          1     0.0357     0.0392       9.93     0.0168  9.579e-14  1.000e-12  1.044e+03    11.6202    11.6165    -0.0037     9.1048     9.1019    160.920    164.324      0.761    1449.45    1449.44  0.000e+00
      16647    163.000     6.3566     6.3556    -0.0010    1.26942    1.26902          1     0.0361     0.0400       9.38     0.0171  9.562e-14  1.000e-12  1.046e+03    11.6241    11.6204    -0.0037     9.1076     9.1048    161.415    164.829      0.437    1449.47    1449.46  0.000e+00
      16712    163.500     6.3587     6.3567    -0.0021    1.26993    1.26927          1     0.0331     0.0347       8.77     0.0170  9.543e-14  1.000e-12  1.048e+03    11.6284    11.6225    -0.0059     9.1109     9.1064    161.910    165.333      0.356    1449.49    1449.48  0.000e+00
      16734    164.000     6.3589     6.3586    -0.0003    1.27002    1.26982          1     0.0361     0.0365       8.37     0.0168  9.526e-14  1.000e-12  1.050e+03    11.6291    11.6272    -0.0019     9.1114     9.1099    162.405    165.838      0.608    1449.50    1449.50  0.000e+00
      16752    164.500     6.3591     6.3590    -0.0001    1.27004    1.26990          1     0.0342     0.0405       7.89     0.0170  9.515e-14  1.000e-12  1.051e+03    11.6291    11.6278    -0.0013     9.1114     9.1104    162.900    166.343      0.605    1449.51    1449.51  0.000e+00
      16775    165.000     6.3591     6.3592     0.0001    1.27005    1.26995          1     0.0353     0.0381       7.22     0.0166  9.556e-14  1.000e-12  1.046e+03    11.6291    11.6280    -0.0010     9.1114     9.1106    163.394    166.847      0.464    1449.52    1449.52  0.000e+00
      16805    165.500     6.3592     6.3592     0.0000    1.27005    1.26996          1     0.0364     0.0363       6.67     0.0165  9.636e-14  1.000e-12  1.038e+03    11.6290    11.6281    -0.0009     9.1114     9.1106    163.889    167.352      0.437    1449.53    1449.53  0.000e+00
      16829    166.000     6.3591     6.3594     0.0003    1.27007    1.26999          1     0.0304     0.0370       6.21     0.0167  9.662e-14  1.000e-12  1.035e+03    11.6291    11.6283    -0.0009     9.1114     9.1107    164.384    167.857      0.524    1449.54    1449.54  0.000e+00
      16852    166.500     6.3592     6.3594     0.0002    1.27011    1.27002          1     0.0347     0.0362       5.65     0.0169  9.667e-14  1.000e-12  1.034e+03    11.6294    11.6284    -0.0009     9.1116     9.1108    164.879    168.361      0.434    1449.54    1449.54  0.000e+00
      16896    167.000     6.3596     6.3596    -0.0000    1.27016    1.27005          1     0.0339     0.0366       4.97     0.0170  9.739e-14  1.000e-12  1.027e+03    11.6296    11.6285    -0.0011     9.1118     9.1109    165.374    168.866      0.239    1449.55    1449.55  0.000e+00
