ctdpy/exports/archive_20191121_122431/received_data/SBE09_1044_20180417_1051_34_07_0012.cnv
* Sea-Bird SBE 9 Data File:
* FileName = C:\ctd\temp\2018\AU18D012.hex
* Software Version Seasave V 7.26.6.26
* Temperature SN = 5351
* Conductivity SN = 3941
* Number of Bytes Per Scan = 41
* Number of Voltage Words = 4
* Number of Scans Averaged by the Deck Unit = 1
* NMEA Latitude = 55 00.96 N
* NMEA Longitude = 013 18.05 E
* NMEA UTC (Time) = Apr 17 2018  10:51:15
* NMEA baud rate = 4800
** Station:  BY1
** Operator:  SSip
** Ship: AURA
** Average sound velocity: 1428.22 m/s
** True-depth calculation Tue, 17 Apr 2018 11:20:06 +0000
** CTD Python Module SMHI /ver 3-12/ feb 2012 
** LIMS Job: 20183407-0012
** Cruise: SMHI-01-2018
** Latitude [GG MM.mm N] :
** Longitude [GG MM.mm E]:
# nquan = 26
# nvalues = 80                          
# units = specified
# name 0 = scan: Scan Count
# name 1 = prDM: Pressure, Digiquartz [db]
# name 2 = t090C: Temperature [ITS-90, deg C]
# name 3 = t190C: Temperature, 2 [ITS-90, deg C]
# name 4 = T2-T190C: Temperature Difference, 2 - 1 [ITS-90, deg C]
# name 5 = c0S/m: Conductivity [S/m]
# name 6 = c1S/m: Conductivity, 2 [S/m]
# name 7 = pumps: Pump Status
# name 8 = sbeox0ML/L: Oxygen, SBE 43 [ml/l]
# name 9 = sbeox1ML/L: Oxygen, SBE 43, 2 [ml/l]
# name 10 = altM: Altimeter [m]
# name 11 = flECO-AFL: Chl-a Fluorescence, WET Labs ECO-AFL/FL [mg/m^3]
# name 12 = flECO-AFL1: Phycocyanin Fluorescence, WET Labs ECO-AFL/FL, 2 [mg/m^3]
# name 13 = par: PAR/Irradiance, Biospherical/Lico [µE/(cm^2*s)]
# name 14 = turbWETntu0: Turbidity, WET Labs ECO [NTU]
# name 15 = sal00: Salinity, Practical [PSU]
# name 16 = sal11: Salinity, Practical, 2 [PSU]
# name 17 = secS-priS: Salinity, Practical, Difference, 2 - 1 [PSU]
# name 18 = sigma-t00: Density [sigma-t, Kg/m^3 ]
# name 19 = sigma-t11: Density, 2 [sigma-t, Kg/m^3 ]
# name 20 = depSM: Depth [salt water, m], lat = 55.016
# name 21 = depFM: Depth [true depth, m], lat = 55.016
# name 22 = dz/dtM: Descent Rate [m/s], WS = 2
# name 23 = svCM: Sound Velocity [Chen-Millero, m/s]
# name 24 = svCM1: Sound Velocity, 2 [Chen-Millero, m/s]
# name 25 = flag: flag
# span 0 =       5471,       8220       
# span 1 =      1.000,     40.500       
# span 2 =     2.1262,     4.3833       
# span 3 =     2.1350,     4.3830       
# span 4 =    -0.1305,     0.0671       
# span 5 =   0.797187,   1.047543       
# span 6 =   0.797170,   1.030955       
# span 7 =          1,          1       
# span 8 =    8.87968,   10.10026       
# span 9 =    8.81039,    9.95443       
# span 10 =       3.63,      44.09      
# span 11 =     1.8398,     4.5856      
# span 12 =     0.3937,     0.9037      
# span 13 = 1.0000e-12, 2.1824e+03      
# span 14 =     0.3815,     0.9823      
# span 15 =     7.5801,    10.6483      
# span 16 =     7.5794,    10.4789      
# span 17 =    -0.2050,     0.0191      
# span 18 =     6.0156,     8.4979      
# span 19 =     6.0151,     8.3629      
# span 20 =      0.991,     40.130      
# span 21 =      1.012,     40.992      
# span 22 =      0.156,      0.491      
# span 23 =    1425.52,    1433.26      
# span 24 =    1425.55,    1433.27      
# span 25 = 0.0000e+00, 0.0000e+00      
# interval = decibars: 0.5              
# start_time = Apr 17 2018 10:51:16 [NMEA time, first data scan]
# bad_flag = -9.990e-29
*END*
[from data line 56]
       7008     29.000     2.8877     2.8908     0.0030    0.81101    0.81099          1     9.3509     9.2612      15.12     2.2011     0.4836  1.196e-01  0.4549000     7.9820     7.9810    -0.0010     6.3651     6.3642     28.737     29.355      0.480    1427.39    1427.40  0.000e+00
       7033     29.500     2.7853     2.7957     0.0104    0.80870    0.80881          1     9.3556     9.2512      14.62     2.6034     0.5024  9.299e-02  0.4922000     7.9830     7.9816    -0.0014     6.3667     6.3655     29.232     29.861      0.473    1426.93    1426.97  0.000e+00
       7059     30.000     2.7331     2.7338     0.0008    0.80800    0.80798          1     9.3567     9.2519      14.09     2.1192     0.4903  7.120e-02  0.3918000     7.9886     7.9882    -0.0004     6.3716     6.3712     29.727     30.367      0.467    1426.70    1426.70  0.000e+00
       7085     30.500     2.7850     2.7849    -0.0001    0.80980    0.80975          1     9.3555     9.2400      13.55     2.2176     0.4042  5.756e-02  0.4610000     7.9945     7.9941    -0.0005     6.3760     6.3756     30.223     30.873      0.464    1426.96    1426.96  0.000e+00
       7111     31.000     2.8053     2.8059     0.0006    0.81078    0.81075          1     9.3537     9.2343      13.04     2.0274     0.4756  3.738e-02  0.3956000     7.9998     7.9993    -0.0005     6.3800     6.3796     30.718     31.379      0.471    1427.07    1427.07  0.000e+00
       7136     31.500     2.8280     2.8284     0.0004    0.81184    0.81180          1     9.3356     9.2282      12.54     2.0098     0.5099  1.794e-02  0.5206000     8.0053     8.0048    -0.0005     6.3842     6.3838     31.214     31.885      0.476    1427.18    1427.19  0.000e+00
       7161     32.000     2.8157     2.8176     0.0019    0.81174    0.81173          1     9.3450     9.2356      12.05     2.3164     0.4898  4.522e-03  0.4147000     8.0073     8.0067    -0.0006     6.3859     6.3854     31.709     32.391      0.475    1427.14    1427.15  0.000e+00
       7186     32.500     2.8403     2.8391    -0.0012    0.81266    0.81259          1     9.3801     9.2655      11.71     2.4454     0.5636  1.914e-05  0.4427000     8.0108     8.0104    -0.0004     6.3885     6.3881     32.204     32.898      0.470    1427.26    1427.26  0.000e+00
       7212     33.000     2.8538     2.8544     0.0006    0.81326    0.81322          1     9.3254     9.2364      11.70     2.2058     0.4567  1.684e-08  0.4988000     8.0137     8.0131    -0.0005     6.3906     6.3902     32.700     33.404      0.465    1427.34    1427.34  0.000e+00
       7238     33.500     2.8176     2.8240     0.0064    0.81248    0.81254          1     9.2967     9.2182      11.67     2.2183     0.5137  1.000e-12  0.4200000     8.0144     8.0135    -0.0009     6.3915     6.3907     33.195     33.910      0.466    1427.18    1427.21  0.000e+00
       7264     34.000     2.6806     2.6865     0.0060    0.80942    0.80948          1     9.3519     9.2682      11.25     2.2976     0.4831  1.000e-12  0.4237000     8.0162     8.0154    -0.0009     6.3940     6.3933     33.691     34.416      0.473    1426.56    1426.58  0.000e+00
       7289     34.500     2.6642     2.6661     0.0019    0.81028    0.81026          1     9.3956     9.2990      10.73     2.0964     0.5123  1.000e-12  0.3815000     8.0294     8.0287    -0.0006     6.4046     6.4041     34.186     34.922      0.470    1426.51    1426.51  0.000e+00
       7315     35.000     2.6982     2.6991     0.0009    0.81169    0.81166          1     9.4079     9.2839      10.20     2.4848     0.4724  1.000e-12  0.4480000     8.0357     8.0353    -0.0005     6.4095     6.4091     34.681     35.428      0.455    1426.68    1426.68  0.000e+00
       7342     35.500     2.7029     2.7045     0.0017    0.81203    0.81203          1     9.3789     9.2656       9.64     2.5982     0.4965  1.000e-12  0.4344000     8.0381     8.0377    -0.0004     6.4114     6.4110     35.177     35.934      0.446    1426.71    1426.72  0.000e+00
       7368     36.000     2.6700     2.6722     0.0021    0.81226    0.81225          1     9.3622     9.2496       8.52     2.1411     0.4402  1.000e-12  0.4733000     8.0487     8.0481    -0.0007     6.4200     6.4195     35.672     36.440      0.449    1426.58    1426.59  0.000e+00
       7395     36.500     2.6397     2.6414     0.0017    0.81288    0.81288          1     9.3688     9.2339       7.74     2.3475     0.4171  1.000e-12  0.4262000     8.0630     8.0625    -0.0005     6.4316     6.4312     36.168     36.946      0.446    1426.47    1426.47  0.000e+00
       7422     37.000     2.6674     2.6688     0.0014    0.81703    0.81705          1     9.3689     9.2088       7.07     2.0880     0.5364  1.000e-12  0.4768000     8.1001     8.1000    -0.0001     6.4611     6.4610     36.663     37.452      0.446    1426.65    1426.66  0.000e+00
       7449     37.500     2.7048     2.7063     0.0016    0.82691    0.82699          1     9.3027     9.1445       6.41     2.4708     0.4614  1.000e-12  0.6608000     8.1958     8.1962     0.0004     6.5372     6.5375     37.159     37.958      0.441    1426.96    1426.96  0.000e+00
       7477     38.000     2.6342     2.6391     0.0050    0.85084    0.85042          1     9.1295     9.0227       5.87     3.1884     0.5137  1.000e-12  0.5658000     8.4697     8.4639    -0.0058     6.7564     6.7518     37.654     38.464      0.417    1427.00    1427.01  0.000e+00
       7507     38.500     2.4491     2.4576     0.0085    0.86574    0.86558          1     8.9730     8.9380       5.34     2.5789     0.4888  1.000e-12  0.4704000     8.6798     8.6757    -0.0041     6.9254     6.9220     38.149     38.969      0.402    1426.42    1426.45  0.000e+00
       7536     39.000     2.1262     2.1350     0.0088    0.89997    0.89955          1     9.0345     8.9300       4.94     2.0298     0.5574  1.000e-12  0.5625000     9.1420     9.1349    -0.0071     7.2959     7.2903     38.645     39.475      0.401    1425.52    1425.55  0.000e+00
       7692     39.500     2.3573     2.3505    -0.0066    0.90870    0.90988          1     9.0168     8.8612       4.50     2.0429     0.4788  1.000e-12  0.5944000     9.1756     9.1899     0.0143     7.3221     7.3335     39.140     39.981      0.293    1426.65    1426.64  0.000e+00
       8096     40.000     2.4390     2.5066     0.0671    0.89406    0.87681          1     9.0113     8.9273       3.82     2.4401     0.4865  1.000e-12  0.4741000     8.9885     8.7835    -0.2050     7.1721     7.0079     39.636     40.486      0.183    1426.80    1426.84  0.000e+00
       8220     40.500     2.4554     2.4065    -0.0546    1.04754    1.03096          1     8.8797     8.8104       3.63     2.4277     0.3937  1.000e-12  0.5076000    10.6483    10.4789    -0.1694     8.4979     8.3629     40.130     40.992      0.156    1429.04    1428.59  0.000e+00
