ctdpy/exports/archive_20191121_122431/received_data/SBE09_1044_20180418_0901_34_07_0016.cnv
* Sea-Bird SBE 9 Data File:
* FileName = C:\ctd\temp\2018\AU18D016.hex
* Software Version Seasave V 7.26.6.26
* Temperature SN = 5351
* Conductivity SN = 3941
* Number of Bytes Per Scan = 41
* Number of Voltage Words = 4
* Number of Scans Averaged by the Deck Unit = 1
* NMEA Latitude = 55 33.31 N
* NMEA Longitude = 018 24.00 E
* NMEA UTC (Time) = Apr 18 2018  09:01:31
* NMEA baud rate = 4800
** Station:  BCS III-10
** Operator:  A-KTh
** Ship: AURA
** Average sound velocity: 1430.08 m/s
** True-depth calculation Wed, 18 Apr 2018 10:56:58 +0000
** CTD Python Module SMHI /ver 3-12/ feb 2012 
** LIMS Job: 20183407-0016
** Cruise: SMHI-01-2018
** Latitude [GG MM.mm N] :
** Longitude [GG MM.mm E]:
# nquan = 26
# nvalues = 169                         
# units = specified
# name 0 = scan: Scan Count
# name 1 = prDM: Pressure, Digiquartz [db]
# name 2 = t090C: Temperature [ITS-90, deg C]
# name 3 = t190C: Temperature, 2 [ITS-90, deg C]
# name 4 = T2-T190C: Temperature Difference, 2 - 1 [ITS-90, deg C]
# name 5 = c0S/m: Conductivity [S/m]
# name 6 = c1S/m: Conductivity, 2 [S/m]
# name 7 = pumps: Pump Status
# name 8 = sbeox0ML/L: Oxygen, SBE 43 [ml/l]
# name 9 = sbeox1ML/L: Oxygen, SBE 43, 2 [ml/l]
# name 10 = altM: Altimeter [m]
# name 11 = flECO-AFL: Chl-a Fluorescence, WET Labs ECO-AFL/FL [mg/m^3]
# name 12 = flECO-AFL1: Phycocyanin Fluorescence, WET Labs ECO-AFL/FL, 2 [mg/m^3]
# name 13 = par: PAR/Irradiance, Biospherical/Lico [µE/(cm^2*s)]
# name 14 = turbWETntu0: Turbidity, WET Labs ECO [NTU]
# name 15 = sal00: Salinity, Practical [PSU]
# name 16 = sal11: Salinity, Practical, 2 [PSU]
# name 17 = secS-priS: Salinity, Practical, Difference, 2 - 1 [PSU]
# name 18 = sigma-t00: Density [sigma-t, Kg/m^3 ]
# name 19 = sigma-t11: Density, 2 [sigma-t, Kg/m^3 ]
# name 20 = depSM: Depth [salt water, m], lat = 55.5552
# name 21 = depFM: Depth [true depth, m], lat = 55.5552
# name 22 = dz/dtM: Descent Rate [m/s], WS = 2
# name 23 = svCM: Sound Velocity [Chen-Millero, m/s]
# name 24 = svCM1: Sound Velocity, 2 [Chen-Millero, m/s]
# name 25 = flag: flag
# span 0 =       8826,      12884       
# span 1 =      1.000,     85.000       
# span 2 =     3.0071,     6.5054       
# span 3 =     3.0083,     6.5274       
# span 4 =    -0.0223,     0.1060       
# span 5 =   0.765342,   1.236469       
# span 6 =   0.765325,   1.243532       
# span 7 =          1,          1       
# span 8 =    0.81367,    9.12939       
# span 9 =    0.71341,    8.99468       
# span 10 =       2.06,      98.70      
# span 11 =     0.3081,     0.8888      
# span 12 =     0.1688,     0.3381      
# span 13 = -1.970e-05, 1.6702e+03      
# span 14 =     0.1097,     0.4174      
# span 15 =     7.4586,    11.2634      
# span 16 =     7.4583,    11.3256      
# span 17 =    -0.0059,     0.1550      
# span 18 =     5.9425,     8.8135      
# span 19 =     5.9420,     8.8607      
# span 20 =      0.991,     84.212      
# span 21 =      1.013,     86.039      
# span 22 =     -0.208,      0.568      
# span 23 =    1427.44,    1448.39      
# span 24 =    1427.45,    1448.57      
# span 25 = 0.0000e+00, 0.0000e+00      
# interval = decibars: 0.5              
# start_time = Apr 18 2018 09:01:31 [NMEA time, first data scan]
# bad_flag = -9.990e-29
*END*
[from data line 112]
      11449     57.000     3.0430     3.0433     0.0003    0.76618    0.76614          1     8.9031     8.7841      31.80     0.4717     0.2720  1.281e-02  0.1372000     7.4689     7.4684    -0.0005     5.9542     5.9538     56.476     57.713      0.539    1427.88    1427.88  0.000e+00
      11472     57.500     3.0378     3.0379     0.0001    0.76607    0.76602          1     8.8930     8.7751      31.36     0.4753     0.2691  8.310e-03  0.1321000     7.4688     7.4683    -0.0005     5.9542     5.9538     56.971     58.220      0.533    1427.87    1427.86  0.000e+00
      11495     58.000     3.0333     3.0349     0.0016    0.76596    0.76595          1     8.8913     8.7794      30.86     0.4690     0.2455  2.374e-03  0.1284000     7.4687     7.4682    -0.0005     5.9541     5.9537     57.466     58.726      0.515    1427.85    1427.86  0.000e+00
      11518     58.500     3.0260     3.0277     0.0017    0.76581    0.76580          1     8.8822     8.7854      30.25     0.4684     0.2618 -1.970e-05  0.1355000     7.4687     7.4682    -0.0005     5.9542     5.9538     57.962     59.232      0.519    1427.83    1427.83  0.000e+00
      11541     59.000     3.0216     3.0235     0.0020    0.76572    0.76572          1     8.8859     8.7764      29.69     0.4735     0.2644 -3.804e-09  0.1332000     7.4687     7.4683    -0.0004     5.9543     5.9539     58.457     59.738      0.539    1427.81    1427.82  0.000e+00
      11563     59.500     3.0173     3.0189     0.0016    0.76563    0.76561          1     8.8898     8.7675      29.13     0.5408     0.2403  1.000e-12  0.1609000     7.4687     7.4682    -0.0005     5.9543     5.9538     58.952     60.245      0.533    1427.80    1427.81  0.000e+00
      11586     60.000     3.0129     3.0139     0.0010    0.76554    0.76552          1     8.8887     8.7609      28.67     0.4394     0.2250  1.000e-12  0.1320000     7.4687     7.4683    -0.0004     5.9543     5.9540     59.448     60.751      0.516    1427.79    1427.79  0.000e+00
      11609     60.500     3.0108     3.0119     0.0012    0.76550    0.76549          1     8.8838     8.7678      28.39     0.4525     0.2269  1.000e-12  0.1314000     7.4688     7.4684    -0.0004     5.9544     5.9541     59.943     61.257      0.527    1427.79    1427.79  0.000e+00
      11632     61.000     3.0082     3.0093     0.0011    0.76547    0.76545          1     8.8786     8.7747      27.79     0.4590     0.2259  1.000e-12  0.1357000     7.4689     7.4684    -0.0005     5.9545     5.9541     60.438     61.763      0.538    1427.78    1427.79  0.000e+00
      11654     61.500     3.0077     3.0088     0.0011    0.76548    0.76545          1     8.8809     8.7730      27.24     0.4498     0.2753  1.000e-12  0.1392000     7.4691     7.4685    -0.0005     5.9547     5.9543     60.934     62.270      0.530    1427.79    1427.79  0.000e+00
      11677     62.000     3.0074     3.0085     0.0011    0.76549    0.76547          1     8.8878     8.7513      26.72     0.4519     0.2314  1.000e-12  0.1427000     7.4692     7.4687    -0.0005     5.9548     5.9544     61.429     62.776      0.518    1427.80    1427.80  0.000e+00
      11700     62.500     3.0071     3.0083     0.0011    0.76550    0.76549          1     8.8894     8.7364      26.22     0.4487     0.2305  1.000e-12  0.1345000     7.4693     7.4689    -0.0004     5.9549     5.9546     61.924     63.282      0.523    1427.80    1427.81  0.000e+00
      11723     63.000     3.0075     3.0087     0.0012    0.76553    0.76552          1     8.8860     8.7494      25.67     0.4445     0.2608  1.000e-12  0.1183000     7.4695     7.4691    -0.0004     5.9550     5.9547     62.420     63.788      0.539    1427.81    1427.82  0.000e+00
      11745     63.500     3.0082     3.0090     0.0008    0.76556    0.76553          1     8.8805     8.7667      25.13     0.4787     0.2598  1.000e-12  0.1237000     7.4696     7.4691    -0.0005     5.9551     5.9547     62.915     64.295      0.532    1427.82    1427.82  0.000e+00
      11768     64.000     3.0087     3.0098     0.0011    0.76559    0.76557          1     8.8834     8.7548      24.61     0.4680     0.2226  1.000e-12  0.1229000     7.4697     7.4692    -0.0005     5.9552     5.9548     63.410     64.801      0.517    1427.84    1427.84  0.000e+00
      11791     64.500     3.0092     3.0097     0.0006    0.76561    0.76557          1     8.8874     8.7514      24.09     0.4593     0.1830  1.000e-12  0.1436000     7.4697     7.4692    -0.0005     5.9552     5.9548     63.906     65.307      0.524    1427.85    1427.85  0.000e+00
      11814     65.000     3.0095     3.0106     0.0011    0.76563    0.76561          1     8.8862     8.7591      23.62     0.4495     0.2105  1.000e-12  0.1387000     7.4698     7.4693    -0.0005     5.9552     5.9549     64.401     65.813      0.536    1427.85    1427.86  0.000e+00
      11836     65.500     3.0106     3.0116     0.0010    0.76567    0.76565          1     8.8862     8.7690      23.02     0.4540     0.2878  1.000e-12  0.1603000     7.4699     7.4694    -0.0004     5.9553     5.9549     64.896     66.320      0.532    1427.87    1427.87  0.000e+00
      11859     66.000     3.0106     3.0113     0.0007    0.76568    0.76565          1     8.8870     8.7712      22.44     0.4651     0.2664  1.000e-12  0.1546000     7.4699     7.4695    -0.0004     5.9553     5.9550     65.391     66.826      0.524    1427.88    1427.88  0.000e+00
      11882     66.500     3.0106     3.0116     0.0011    0.76568    0.76567          1     8.8820     8.7475      21.90     0.4636     0.2703  1.000e-12  0.1464000     7.4699     7.4695    -0.0004     5.9553     5.9550     65.887     67.332      0.525    1427.88    1427.89  0.000e+00
      11904     67.000     3.0110     3.0119     0.0010    0.76573    0.76570          1     8.8788     8.7287      21.40     0.4573     0.2482  1.000e-12  0.1404000     7.4702     7.4697    -0.0005     5.9555     5.9551     66.382     67.838      0.527    1427.89    1427.90  0.000e+00
      11927     67.500     3.0083     3.0098     0.0015    0.76574    0.76573          1     8.8779     8.7357      20.77     0.4514     0.2497  1.000e-12  0.1379000     7.4709     7.4703    -0.0005     5.9561     5.9557     66.877     68.345      0.534    1427.89    1427.89  0.000e+00
      11949     68.000     3.0073     3.0084     0.0010    0.76575    0.76572          1     8.8803     8.7528      20.29     0.4357     0.2826  1.000e-12  0.1411000     7.4711     7.4706    -0.0005     5.9563     5.9559     67.373     68.851      0.528    1427.89    1427.90  0.000e+00
      11973     68.500     3.0074     3.0086     0.0011    0.76577    0.76575          1     8.8726     8.7540      19.67     0.4465     0.2988  1.000e-12  0.1313000     7.4712     7.4707    -0.0005     5.9564     5.9560     67.868     69.357      0.517    1427.90    1427.91  0.000e+00
      11996     69.000     3.0104     3.0111     0.0007    0.76607    0.76600          1     8.8554     8.7404      19.10     0.4571     0.2734  1.000e-12  0.1304000     7.4736     7.4727    -0.0009     5.9583     5.9576     68.363     69.863      0.518    1427.93    1427.93  0.000e+00
      12019     69.500     3.0148     3.0156     0.0008    0.76665    0.76662          1     8.8219     8.7041      18.59     0.4346     0.2625  1.000e-12  0.1358000     7.4786     7.4780    -0.0005     5.9622     5.9618     68.859     70.370      0.531    1427.96    1427.96  0.000e+00
      12041     70.000     3.0163     3.0172     0.0009    0.76781    0.76775          1     8.7932     8.6549      18.09     0.4428     0.2248  1.000e-12  0.1270000     7.4903     7.4895    -0.0008     5.9715     5.9709     69.354     70.876      0.547    1427.99    1427.99  0.000e+00
      12063     70.500     3.0349     3.0350     0.0001    0.77058    0.77046          1     8.7217     8.5528      17.55     0.4237     0.2481  1.000e-12  0.1355000     7.5149     7.5137    -0.0012     5.9909     5.9900     69.849     71.382      0.539    1428.12    1428.11  0.000e+00
      12086     71.000     3.1031     3.1018    -0.0013    0.77756    0.77735          1     8.4778     8.2861      16.95     0.4215     0.2672  1.000e-12  0.1459000     7.5719     7.5700    -0.0019     6.0357     6.0342     70.344     71.888      0.510    1428.51    1428.50  0.000e+00
      12110     71.500     3.1434     3.1450     0.0015    0.78230    0.78238          1     8.2016     7.9969      16.40     0.4205     0.2603  1.000e-12  0.1390000     7.6119     7.6124     0.0004     6.0671     6.0674     70.840     72.395      0.513    1428.76    1428.76  0.000e+00
      12132     72.000     3.1867     3.1868     0.0000    0.78699    0.78694          1     7.9469     7.6155      15.88     0.4057     0.2445  1.000e-12  0.1264000     7.6506     7.6500    -0.0005     6.0974     6.0970     71.335     72.901      0.526    1429.01    1429.01  0.000e+00
      12155     72.500     3.4392     3.4314    -0.0078    0.83392    0.83356          1     7.0449     6.3937      15.36     0.3987     0.2484  1.000e-12  0.1310000     8.0778     8.0760    -0.0017     6.4335     6.4323     71.830     73.407      0.513    1430.73    1430.69  0.000e+00
      12179     73.000     3.9532     3.9309    -0.0223    0.90190    0.90076          1     5.2157     4.3322      14.89     0.3566     0.2742  1.000e-12  0.1281000     8.6504     8.6445    -0.0059     6.8770     6.8729     72.326     73.913      0.496    1433.80    1433.69  0.000e+00
      12204     73.500     4.4211     4.4023    -0.0187    0.94895    0.94819          1     3.3845     2.6465      14.33     0.3519     0.2435  1.000e-12  0.1182000     9.0086     9.0059    -0.0027     7.1466     7.1451     72.821     74.418      0.506    1436.36    1436.27  0.000e+00
      12227     74.000     4.6392     4.6298    -0.0095    0.96666    0.96623          1     2.3411     1.9140      13.84     0.3095     0.2451  1.000e-12  0.1193000     9.1293     9.1274    -0.0018     7.2340     7.2329     73.316     74.924      0.515    1437.49    1437.44  0.000e+00
      12250     74.500     4.8105     4.8049    -0.0056    0.97971    0.97949          1     1.9293     1.7240      13.38     0.3091     0.2448  1.000e-12  0.1184000     9.2143     9.2137    -0.0006     7.2944     7.2941     73.812     75.430      0.495    1438.36    1438.33  0.000e+00
      12275     75.000     4.9489     4.9446    -0.0043    0.99199    0.99174          1     1.7643     1.6504      12.82     0.3101     0.2156  1.000e-12  0.1184000     9.3000     9.2986    -0.0014     7.3562     7.3553     74.307     75.935      0.486    1439.08    1439.06  0.000e+00
      12300     75.500     5.0500     5.0465    -0.0036    1.00325    1.00307          1     1.6366     1.5530      12.28     0.3081     0.2343  1.000e-12  0.1121000     9.3852     9.3844    -0.0007     7.4190     7.4185     74.802     76.441      0.498    1439.64    1439.62  0.000e+00
      12323     76.000     5.1802     5.1757    -0.0045    1.01787    1.01764          1     1.5152     1.4403      11.77     0.3091     0.2346  1.000e-12  0.1226000     9.4956     9.4945    -0.0011     7.5001     7.4994     75.297     76.946      0.502    1440.36    1440.33  0.000e+00
      12348     76.500     5.2627     5.2598    -0.0029    1.02806    1.02794          1     1.4270     1.3447      11.37     0.3101     0.2313  1.000e-12  0.1339000     9.5743     9.5740    -0.0004     7.5583     7.5581     75.793     77.452      0.493    1440.82    1440.81  0.000e+00
      12372     77.000     5.3115     5.3089    -0.0026    1.03377    1.03365          1     1.3328     1.2598      11.01     0.3292     0.2171  1.000e-12  0.1313000     9.6177     9.6172    -0.0004     7.5900     7.5898     76.288     77.957      0.485    1441.10    1441.09  0.000e+00
      12397     77.500     5.3690     5.3669    -0.0022    1.04231    1.04225          1     1.4186     1.4333       9.96     0.3242     0.2225  1.000e-12  0.1310000     9.6867     9.6867     0.0000     7.6416     7.6417     76.783     78.463      0.478    1441.44    1441.43  0.000e+00
      12422     78.000     5.4435     5.4411    -0.0024    1.05444    1.05432          1     1.7563     1.8288       8.60     0.3277     0.2392  1.000e-12  0.1391000     9.7864     9.7859    -0.0005     7.7165     7.7162     77.279     78.968      0.480    1441.90    1441.89  0.000e+00
      12447     78.500     5.5056     5.5033    -0.0024    1.06562    1.06544          1     2.4380     2.6519       8.56     0.3420     0.2266  1.000e-12  0.1440000     9.8801     9.8790    -0.0011     7.7871     7.7863     77.774     79.473      0.474    1442.29    1442.28  0.000e+00
      12473     79.000     5.5657     5.5625    -0.0032    1.07607    1.07593          1     3.1763     3.2559       8.48     0.3371     0.2290  1.000e-12  0.1769000     9.9667     9.9662    -0.0005     7.8522     7.8520     78.269     79.979      0.447    1442.67    1442.66  0.000e+00
      12501     79.500     5.6324     5.6312    -0.0013    1.08611    1.08611          1     2.7261     2.4569       8.07     0.3335     0.2555  1.000e-12  0.1965000    10.0471    10.0475     0.0004     7.9118     7.9122     78.764     80.484      0.434    1443.07    1443.06  0.000e+00
      12528     80.000     5.7230     5.7185    -0.0045    1.10271    1.10252          1     1.9053     1.6355       7.53     0.3331     0.2557  1.000e-12  0.1778000    10.1854    10.1849    -0.0005     8.0157     8.0156     79.260     80.989      0.437    1443.64    1443.62  0.000e+00
      12556     80.500     5.8096     5.8059    -0.0037    1.11986    1.11975          1     1.4480     1.2456       6.99     0.3425     0.2389  1.000e-12  0.1850000    10.3300    10.3300     0.0000     8.1246     8.1248     79.755     81.494      0.435    1444.20    1444.19  0.000e+00
      12584     81.000     5.9041     5.9016    -0.0025    1.13581    1.13580          1     1.2314     1.1343       6.45     0.3098     0.2305  1.000e-12  0.2001000    10.4597    10.4603     0.0006     8.2211     8.2217     80.250     81.999      0.425    1444.78    1444.77  0.000e+00
      12612     81.500     5.9841     5.9829    -0.0011    1.15192    1.15217          1     1.3605     1.3535       5.93     0.3260     0.2731  1.000e-12  0.2307000    10.5948    10.5976     0.0028     8.3226     8.3248     80.746     82.505      0.421    1445.30    1445.29  0.000e+00
      12641     82.000     6.1059     6.1068     0.0009    1.17220    1.17265          1     1.5512     1.5395       5.43     0.3495     0.2334  1.000e-12  0.2726000    10.7577    10.7618     0.0041     8.4430     8.4462     81.241     83.010      0.402    1446.03    1446.04  0.000e+00
      12672     82.500     6.2881     6.2855    -0.0026    1.19436    1.19437          1     1.5520     1.4842       4.93     0.3461     0.2375  1.000e-12  0.3100000    10.9189    10.9199     0.0010     8.5578     8.5587     81.736     83.515      0.400    1447.01    1447.00  0.000e+00
      12701     83.000     6.3590     6.3570    -0.0020    1.20469    1.20460          1     1.4172     1.3285       4.48     0.3335     0.2098  1.000e-12  0.3193000    10.9980    10.9978    -0.0002     8.6152     8.6152     82.231     84.020      0.422    1447.41    1447.41  0.000e+00
      12730     83.500     6.3887     6.3882    -0.0005    1.21041    1.21048          1     1.2698     1.1733       3.90     0.3335     0.2479  1.000e-12  0.4174000    11.0449    11.0456     0.0008     8.6499     8.6506     82.727     84.524      0.380    1447.61    1447.60  0.000e+00
      12765     84.000     6.4323     6.4341     0.0018    1.22098    1.22154          1     1.0468     0.9247       3.35     0.3131     0.2354  1.000e-12  0.3470000    11.1348    11.1398     0.0050     8.7176     8.7214     83.222     85.029      0.326    1447.91    1447.92  0.000e+00
