ctdpy/exports/archive_20191121_122431/received_data/SBE09_0827_20181007_0146_26_01_1031.cnv
* Sea-Bird SBE 9 Data File:
* FileName = D:\CTD_SBE911\DAT\26DA.2018.10.31.hex
* Software Version Seasave V 7.21d
* Temperature SN = 4548
* Conductivity SN = 3062
* Number of Bytes Per Scan = 48
* Number of Voltage Words = 5
* Number of Scans Averaged by the Deck Unit = 1
* NMEA Latitude = 58 09.72 N
* NMEA Longitude = 018 00.68 E
* NMEA UTC (Time) = Oct 07 2018  01:49:16
* NMEA baud rate = 4800
** Ship: DANA
** Average sound velocity: 1444.25 m/s
** True-depth calculation Thu, 28 Mar 2019 12:20:07 +0000
** CTD Python Module SMHI /ver 3-12/ feb 2012 
** LIMS Job: 20182601-1031
** Operator: Christian A-KTh
** Cruise: 10/2018
# nquan = 26
# nvalues = 349                         
# units = specified
# name 0 = scan: Scan Count
# name 1 = prDM: Pressure, Digiquartz [db]
# name 2 = t090C: Temperature [ITS-90, deg C]
# name 3 = t190C: Temperature, 2 [ITS-90, deg C]
# name 4 = T2-T190C: Temperature Difference, 2 - 1 [ITS-90, deg C]
# name 5 = c0S/m: Conductivity [S/m]
# name 6 = c1S/m: Conductivity, 2 [S/m]
# name 7 = pumps: Pump Status
# name 8 = sbeox1ML/L: Oxygen, SBE 43, 2 [ml/l]
# name 9 = sbeox0ML/L: Oxygen, SBE 43 [ml/l]
# name 10 = altM: Altimeter [m]
# name 11 = chloroflTC0: Chlorophyll, Turner Cyclops [ug/l]
# name 12 = cpar: CPAR/Corrected Irradiance [%]
# name 13 = par: PAR/Irradiance, Biospherical/Lico [µE/(cm^2*s)]
# name 14 = spar: SPAR, Biospherical/Licor
# name 15 = sal00: Salinity, Practical [PSU]
# name 16 = sal11: Salinity, Practical, 2 [PSU]
# name 17 = secS-priS: Salinity, Practical, Difference, 2 - 1 [PSU]
# name 18 = sigma-t00: Density [sigma-t, kg/m^3 ]
# name 19 = sigma-t11: Density, 2 [sigma-t, kg/m^3 ]
# name 20 = depSM: Depth [salt water, m], lat = 58.162
# name 21 = depFM: Depth [true depth, m], lat = 58.162
# name 22 = dz/dtM: Descent Rate [m/s], WS = 2
# name 23 = svCM: Sound Velocity [Chen-Millero, m/s]
# name 24 = svCM1: Sound Velocity, 2 [Chen-Millero, m/s]
# name 25 = flag: flag
# span 0 =        322,      16107       
# span 1 =      1.500,    175.500       
# span 2 =     3.6020,     9.6405       
# span 3 =     3.6077,     9.6401       
# span 4 =    -0.1202,     0.6498       
# span 5 =   0.768212,   1.194009       
# span 6 =   0.769774,   1.193997       
# span 7 =          1,          1       
# span 8 =     0.0264,     7.5608       
# span 9 =     0.0267,     7.2438       
# span 10 =       1.07,      10.02      
# span 11 =     0.0159,     0.0308      
# span 12 = 4.9241e-11, 4.9241e-11      
# span 13 = 1.0000e-12, 1.0000e-12      
# span 14 = 2.0308e+00, 2.0308e+00      
# span 15 =     6.8307,    10.9892      
# span 16 =     6.8307,    10.9888      
# span 17 =    -0.1657,     0.0598      
# span 18 =     5.0747,     8.6317      
# span 19 =     5.0747,     8.6314      
# span 20 =      1.486,    173.798      
# span 21 =      1.520,    177.404      
# span 22 =     -0.320,      0.542      
# span 23 =    1430.19,    1454.47      
# span 24 =    1430.22,    1454.47      
# span 25 = 0.0000e+00, 0.0000e+00      
# interval = decibars: 0.5              
# start_time = Oct 07 2018 01:49:16 [NMEA time, first data scan]
# bad_flag = -9.990e-29
*END*
[from data line 112]
       5528     57.500     4.9722     4.9335    -0.0387    1.00305    0.99681          1     0.4892     0.6931       9.96     0.0169  4.924e-11  1.000e-12  2.031e+00     9.4081     9.3559    -0.0523     7.4407     7.4011     56.958     58.229      0.265    1439.04    1438.81  0.000e+00
       5573     58.000     5.0367     4.9732    -0.0635    1.01459    1.00376          1     0.3421     0.5665       8.92     0.0162  4.924e-11  1.000e-12  2.031e+00     9.5063     9.4149    -0.0915     7.5154     7.4459     57.454     58.735      0.258    1439.46    1439.06  0.000e+00
       5622     58.500     5.0570     5.0205    -0.0366    1.01791    1.01170          1     0.2738     0.4231       9.97     0.0165  4.924e-11  1.000e-12  2.031e+00     9.5340     9.4817    -0.0523     7.5363     7.4967     57.949     59.240      0.246    1439.59    1439.36  0.000e+00
       5669     59.000     5.0989     5.0482    -0.0507    1.02401    1.01655          1     0.2171     0.3210       9.96     0.0168  4.924e-11  1.000e-12  2.031e+00     9.5835     9.5226    -0.0608     7.5734     7.5277     58.444     59.746      0.260    1439.84    1439.55  0.000e+00
       5714     59.500     5.2320     5.1223    -0.1097    1.04589    1.02724          1     0.1612     0.2436       9.96     0.0165  4.924e-11  1.000e-12  2.031e+00     9.7654     9.6092    -0.1562     7.7107     7.5926     58.939     60.251      0.267    1440.66    1439.99  0.000e+00
       5758     60.000     5.2816     5.2237    -0.0579    1.05410    1.04415          1     0.1547     0.1714       9.96     0.0169  4.924e-11  1.000e-12  2.031e+00     9.8334     9.7501    -0.0833     7.7620     7.6991     59.435     60.757      0.280    1440.97    1440.61  0.000e+00
       5802     60.500     5.3185     5.2806    -0.0379    1.06031    1.05384          1     0.1545     0.1410       9.96     0.0171  4.924e-11  1.000e-12  2.031e+00     9.8850     9.8311    -0.0539     7.8008     7.7602     59.930     61.262      0.263    1441.21    1440.97  0.000e+00
       5849     61.000     5.3349     5.3148    -0.0201    1.06289    1.05967          1     0.1557     0.1298       9.96     0.0170  4.924e-11  1.000e-12  2.031e+00     9.9059     9.8795    -0.0264     7.8165     7.7967     60.425     61.767      0.245    1441.31    1441.19  0.000e+00
       5900     61.500     5.3592     5.3379    -0.0213    1.06703    1.06343          1     0.1521     0.1206       9.96     0.0171  4.924e-11  1.000e-12  2.031e+00     9.9403     9.9104    -0.0299     7.8424     7.8198     60.920     62.273      0.240    1441.47    1441.34  0.000e+00
       5947     62.000     5.3720     5.3577    -0.0143    1.06905    1.06685          1     0.1452     0.1188       9.96     0.0171  4.924e-11  1.000e-12  2.031e+00     9.9568     9.9388    -0.0179     7.8547     7.8413     61.415     62.778      0.256    1441.55    1441.47  0.000e+00
       5994     62.500     5.3740     5.3689    -0.0051    1.06945    1.06866          1     0.1406     0.1120       8.87     0.0171  4.924e-11  1.000e-12  2.031e+00     9.9601     9.9537    -0.0064     7.8572     7.8524     61.911     63.283      0.261    1441.57    1441.54  0.000e+00
       6039     63.000     5.3783     5.3738    -0.0045    1.07016    1.06950          1     0.1374     0.1087       9.97     0.0171  4.924e-11  1.000e-12  2.031e+00     9.9659     9.9606    -0.0053     7.8616     7.8576     62.406     63.789      0.268    1441.61    1441.58  0.000e+00
       6084     63.500     5.3878     5.3823    -0.0055    1.07206    1.07111          1     0.1329     0.1027       9.96     0.0171  4.924e-11  1.000e-12  2.031e+00     9.9820     9.9741    -0.0080     7.8738     7.8678     62.901     64.294      0.266    1441.68    1441.64  0.000e+00
       6129     64.000     5.4254     5.4062    -0.0192    1.07836    1.07515          1     0.1269     0.1006       9.96     0.0171  4.924e-11  1.000e-12  2.031e+00    10.0339    10.0075    -0.0265     7.9128     7.8929     63.396     64.799      0.271    1441.91    1441.80  0.000e+00
       6175     64.500     5.4642     5.4490    -0.0152    1.08479    1.08218          1     0.1245     0.0966       9.96     0.0171  4.924e-11  1.000e-12  2.031e+00    10.0869    10.0652    -0.0216     7.9525     7.9362     63.891     65.304      0.243    1442.15    1442.06  0.000e+00
       6225     65.000     5.4785     5.4669    -0.0116    1.08742    1.08529          1     0.1184     0.0935       9.96     0.0171  4.924e-11  1.000e-12  2.031e+00    10.1088    10.0909    -0.0179     7.9690     7.9556     64.387     65.810      0.246    1442.25    1442.18  0.000e+00
       6273     65.500     5.4976     5.4881    -0.0095    1.09089    1.08909          1     0.1156     0.0915       9.96     0.0171  4.924e-11  1.000e-12  2.031e+00    10.1378    10.1226    -0.0152     7.9908     7.9794     64.882     66.315      0.255    1442.38    1442.32  0.000e+00
       6320     66.000     5.5101     5.5014    -0.0088    1.09321    1.09157          1     0.1140     0.0882       9.96     0.0171  4.924e-11  1.000e-12  2.031e+00    10.1572    10.1434    -0.0138     8.0055     7.9951     65.377     66.820      0.264    1442.47    1442.41  0.000e+00
       6362     66.500     5.5484     5.5283    -0.0201    1.10014    1.09639          1     0.1102     0.0858       9.96     0.0171  4.924e-11  1.000e-12  2.031e+00    10.2150    10.1835    -0.0315     8.0490     8.0253     65.872     67.325      0.294    1442.71    1442.58  0.000e+00
       6405     67.000     5.5807     5.5638    -0.0168    1.10586    1.10276          1     0.1054     0.0857       9.96     0.0170  4.924e-11  1.000e-12  2.031e+00    10.2623    10.2365    -0.0258     8.0845     8.0651     66.367     67.830      0.260    1442.92    1442.81  0.000e+00
       6454     67.500     5.6102     5.5867    -0.0234    1.11131    1.10681          1     0.1083     0.0840       9.96     0.0170  4.924e-11  1.000e-12  2.031e+00    10.3079    10.2699    -0.0379     8.1188     8.0902     66.863     68.336      0.241    1443.11    1442.96  0.000e+00
       6502     68.000     5.6367     5.6163    -0.0203    1.11606    1.11230          1     0.1007     0.0828       9.96     0.0171  4.924e-11  1.000e-12  2.031e+00    10.3472    10.3159    -0.0314     8.1483     8.1247     67.358     68.841      0.255    1443.28    1443.16  0.000e+00
       6551     68.500     5.6587     5.6406    -0.0181    1.12020    1.11668          1     0.0998     0.0797       9.10     0.0171  4.924e-11  1.000e-12  2.031e+00    10.3818    10.3522    -0.0297     8.1743     8.1520     67.853     69.346      0.236    1443.43    1443.31  0.000e+00
       6602     69.000     5.6664     5.6578    -0.0086    1.12212    1.12022          1     0.0964     0.0805       9.97     0.0171  4.924e-11  1.000e-12  2.031e+00    10.3986    10.3822    -0.0164     8.1871     8.1746     68.348     69.851      0.250    1443.49    1443.43  0.000e+00
       6646     69.500     5.6709     5.6648    -0.0061    1.12326    1.12192          1     0.0990     0.0772       9.96     0.0171  4.924e-11  1.000e-12  2.031e+00    10.4085    10.3969    -0.0116     8.1946     8.1859     68.843     70.356      0.286    1443.53    1443.49  0.000e+00
       6689     70.000     5.6792     5.6716    -0.0076    1.12487    1.12333          1     0.0940     0.0767       8.02     0.0171  4.924e-11  1.000e-12  2.031e+00    10.4219    10.4089    -0.0130     8.2047     8.1949     69.339     70.861      0.265    1443.59    1443.54  0.000e+00
       6738     70.500     5.6941     5.6819    -0.0121    1.12777    1.12529          1     0.0915     0.0767       9.95     0.0171  4.924e-11  1.000e-12  2.031e+00    10.4463    10.4252    -0.0211     8.2231     8.2071     69.834     71.366      0.236    1443.69    1443.61  0.000e+00
       6787     71.000     5.7085     5.6948    -0.0137    1.13064    1.12788          1     0.0938     0.0771       9.17     0.0171  4.924e-11  1.000e-12  2.031e+00    10.4704    10.4470    -0.0233     8.2412     8.2237     70.329     71.872      0.246    1443.79    1443.70  0.000e+00
       6837     71.500     5.7192     5.7068    -0.0124    1.13256    1.13024          1     0.0866     0.0741       9.76     0.0171  4.924e-11  1.000e-12  2.031e+00    10.4862    10.4668    -0.0194     8.2531     8.2385     70.824     72.377      0.237    1443.87    1443.79  0.000e+00
       6887     72.000     5.7257     5.7168    -0.0089    1.13365    1.13209          1     0.0876     0.0731       9.96     0.0171  4.924e-11  1.000e-12  2.031e+00    10.4950    10.4822    -0.0128     8.2596     8.2501     71.319     72.882      0.260    1443.91    1443.86  0.000e+00
       6931     72.500     5.7276     5.7237    -0.0040    1.13398    1.13330          1     0.0886     0.0739       7.86     0.0171  4.924e-11  1.000e-12  2.031e+00    10.4975    10.4920    -0.0055     8.2615     8.2574     71.815     73.387      0.255    1443.93    1443.91  0.000e+00
       6981     73.000     5.7292     5.7269    -0.0024    1.13423    1.13382          1     0.0876     0.0734      10.02     0.0171  4.924e-11  1.000e-12  2.031e+00    10.4994    10.4962    -0.0033     8.2629     8.2605     72.310     73.892      0.249    1443.95    1443.94  0.000e+00
       7026     73.500     5.7307     5.7288    -0.0019    1.13450    1.13414          1     0.0811     0.0716       8.84     0.0172  4.924e-11  1.000e-12  2.031e+00    10.5016    10.4987    -0.0030     8.2646     8.2623     72.805     74.397      0.269    1443.97    1443.96  0.000e+00
       7073     74.000     5.7322     5.7305    -0.0017    1.13484    1.13444          1     0.0825     0.0712       9.02     0.0171  4.924e-11  1.000e-12  2.031e+00    10.5045    10.5011    -0.0034     8.2667     8.2641     73.300     74.902      0.235    1443.99    1443.97  0.000e+00
       7126     74.500     5.7388     5.7332    -0.0056    1.13632    1.13502          1     0.0830     0.0680       9.99     0.0171  4.924e-11  1.000e-12  2.031e+00    10.5171    10.5059    -0.0112     8.2763     8.2678     73.795     75.407      0.239    1444.04    1444.00  0.000e+00
       7172     75.000     5.7615     5.7478    -0.0137    1.14101    1.13794          1     0.0783     0.0681       9.96     0.0171  4.924e-11  1.000e-12  2.031e+00    10.5568    10.5304    -0.0264     8.3062     8.2862     74.290     75.912      0.269    1444.19    1444.10  0.000e+00
       7218     75.500     5.7832     5.7703    -0.0129    1.14546    1.14263          1     0.0774     0.0677       9.96     0.0171  4.924e-11  1.000e-12  2.031e+00    10.5944    10.5702    -0.0243     8.3346     8.3162     74.786     76.417      0.253    1444.34    1444.26  0.000e+00
       7265     76.000     5.7998     5.7840    -0.0158    1.14869    1.14542          1     0.0769     0.0666       9.96     0.0171  4.924e-11  1.000e-12  2.031e+00    10.6213    10.5936    -0.0277     8.3548     8.3339     75.281     76.922      0.263    1444.45    1444.35  0.000e+00
       7310     76.500     5.8058     5.7978    -0.0081    1.14990    1.14821          1     0.0786     0.0666       9.96     0.0171  4.924e-11  1.000e-12  2.031e+00    10.6315    10.6171    -0.0144     8.3624     8.3516     75.776     77.427      0.263    1444.50    1444.45  0.000e+00
       7357     77.000     5.8162     5.8059    -0.0102    1.15202    1.14987          1     0.0776     0.0662       9.96     0.0171  4.924e-11  1.000e-12  2.031e+00    10.6493    10.6311    -0.0182     8.3759     8.3621     76.271     77.933      0.247    1444.58    1444.51  0.000e+00
       7407     77.500     5.8255     5.8165    -0.0090    1.15409    1.15203          1     0.0751     0.0650       9.96     0.0171  4.924e-11  1.000e-12  2.031e+00    10.6669    10.6492    -0.0177     8.3892     8.3757     76.766     78.438      0.241    1444.65    1444.59  0.000e+00
       7457     78.000     5.8289     5.8236    -0.0053    1.15503    1.15370          1     0.0726     0.0649       9.96     0.0171  4.924e-11  1.000e-12  2.031e+00    10.6752    10.6636    -0.0116     8.3955     8.3866     77.262     78.943      0.243    1444.68    1444.64  0.000e+00
       7503     78.500     5.8424     5.8322    -0.0102    1.15785    1.15562          1     0.0709     0.0656       9.96     0.0171  4.924e-11  1.000e-12  2.031e+00    10.6989    10.6799    -0.0191     8.4134     8.3990     77.757     79.448      0.276    1444.77    1444.71  0.000e+00
       7547     79.000     5.8475     5.8423    -0.0052    1.15918    1.15786          1     0.0730     0.0648       9.96     0.0171  4.924e-11  1.000e-12  2.031e+00    10.7105    10.6990    -0.0115     8.4222     8.4134     78.252     79.953      0.258    1444.82    1444.78  0.000e+00
       7597     79.500     5.8514     5.8471    -0.0043    1.15989    1.15897          1     0.0729     0.0635       9.96     0.0171  4.924e-11  1.000e-12  2.031e+00    10.7163    10.7085    -0.0078     8.4265     8.4206     78.747     80.458      0.239    1444.85    1444.82  0.000e+00
       7643     80.000     5.8552     5.8514    -0.0038    1.16073    1.15988          1     0.0702     0.0626       9.96     0.0171  4.924e-11  1.000e-12  2.031e+00    10.7233    10.7161    -0.0072     8.4318     8.4264     79.242     80.963      0.277    1444.88    1444.86  0.000e+00
       7692     80.500     5.8584     5.8560    -0.0024    1.16144    1.16087          1     0.0681     0.0624       9.96     0.0171  4.924e-11  1.000e-12  2.031e+00    10.7294    10.7245    -0.0049     8.4364     8.4327     79.737     81.468      0.220    1444.91    1444.90  0.000e+00
       7747     81.000     5.8630     5.8589    -0.0040    1.16246    1.16151          1     0.0675     0.0621       9.96     0.0171  4.924e-11  1.000e-12  2.031e+00    10.7380    10.7298    -0.0081     8.4429     8.4367     80.233     81.973      0.232    1444.95    1444.92  0.000e+00
       7794     81.500     5.8657     5.8619    -0.0037    1.16297    1.16216          1     0.0669     0.0607       9.96     0.0171  4.924e-11  1.000e-12  2.031e+00    10.7422    10.7352    -0.0069     8.4460     8.4408     80.728     82.478      0.265    1444.98    1444.95  0.000e+00
       7840     82.000     5.8696     5.8656    -0.0040    1.16379    1.16292          1     0.0675     0.0605       9.96     0.0171  4.924e-11  1.000e-12  2.031e+00    10.7490    10.7416    -0.0074     8.4512     8.4456     81.223     82.983      0.251    1445.01    1444.98  0.000e+00
       7889     82.500     5.8743     5.8703    -0.0040    1.16478    1.16386          1     0.0680     0.0595       9.96     0.0171  4.924e-11  1.000e-12  2.031e+00    10.7573    10.7494    -0.0079     8.4574     8.4514     81.718     83.488      0.252    1445.05    1445.02  0.000e+00
       7936     83.000     5.8784     5.8744    -0.0041    1.16566    1.16473          1     0.0673     0.0609       9.96     0.0171  4.924e-11  1.000e-12  2.031e+00    10.7647    10.7566    -0.0081     8.4630     8.4569     82.213     83.993      0.246    1445.08    1445.06  0.000e+00
       7988     83.500     5.8812     5.8786    -0.0026    1.16626    1.16564          1     0.0677     0.0601       9.96     0.0171  4.924e-11  1.000e-12  2.031e+00    10.7697    10.7644    -0.0053     8.4667     8.4627     82.708     84.498      0.226    1445.11    1445.09  0.000e+00
       8039     84.000     5.8822     5.8808    -0.0014    1.16657    1.16612          1     0.0658     0.0587       9.96     0.0171  4.924e-11  1.000e-12  2.031e+00    10.7724    10.7683    -0.0041     8.4688     8.4657     83.204     85.003      0.238    1445.13    1445.11  0.000e+00
       8090     84.500     5.8847     5.8824    -0.0023    1.16710    1.16654          1     0.0631     0.0589       9.96     0.0171  4.924e-11  1.000e-12  2.031e+00    10.7767    10.7719    -0.0048     8.4720     8.4684     83.699     85.508      0.237    1445.15    1445.13  0.000e+00
