ctdpy/exports/archive_20191121_122431/received_data/SBE09_0827_20180903_1348_26_01_0955.cnv
* Sea-Bird SBE 9 Data File:
* FileName = D:\CTD_SBE911\DAT\26DA.2018.9.5.hex
* Software Version Seasave V 7.21d
* Temperature SN = 034605
* Conductivity SN = 041844
* Number of Bytes Per Scan = 48
* Number of Voltage Words = 5
* Number of Scans Averaged by the Deck Unit = 1
* NMEA Latitude = 55 18.66 N
* NMEA Longitude = 014 36.13 E
* NMEA UTC (Time) = Sep 03 2018  13:50:43
* NMEA baud rate = 4800
** Ship: DANA
** Average sound velocity: 1468.12 m/s
** True-depth calculation Wed, 03 Apr 2019 09:23:33 +0000
** CTD Python Module SMHI /ver 3-12/ feb 2012 
** LIMS Job: 20182601-0955
**  W HAMMER ODDE
** Operator: Christian
** Cruise: 09/2018
# nquan = 26
# nvalues = 101                         
# units = specified
# name 0 = scan: Scan Count
# name 1 = prDM: Pressure, Digiquartz [db]
# name 2 = t090C: Temperature [ITS-90, deg C]
# name 3 = t190C: Temperature, 2 [ITS-90, deg C]
# name 4 = T2-T190C: Temperature Difference, 2 - 1 [ITS-90, deg C]
# name 5 = c0S/m: Conductivity [S/m]
# name 6 = c1S/m: Conductivity, 2 [S/m]
# name 7 = pumps: Pump Status
# name 8 = sbeox1ML/L: Oxygen, SBE 43, 2 [ml/l]
# name 9 = sbeox0ML/L: Oxygen, SBE 43 [ml/l]
# name 10 = altM: Altimeter [m]
# name 11 = chloroflTC0: Chlorophyll, Turner Cyclops [ug/l]
# name 12 = cpar: CPAR/Corrected Irradiance [%]
# name 13 = par: PAR/Irradiance, Biospherical/Lico [µE/(cm^2*s)]
# name 14 = spar: SPAR, Biospherical/Licor
# name 15 = sal00: Salinity, Practical [PSU]
# name 16 = sal11: Salinity, Practical, 2 [PSU]
# name 17 = secS-priS: Salinity, Practical, Difference, 2 - 1 [PSU]
# name 18 = sigma-t00: Density [sigma-t, kg/m^3 ]
# name 19 = sigma-t11: Density, 2 [sigma-t, kg/m^3 ]
# name 20 = depSM: Depth [salt water, m], lat = 55.311
# name 21 = depFM: Depth [true depth, m], lat = 55.311
# name 22 = dz/dtM: Descent Rate [m/s], WS = 2
# name 23 = svCM: Sound Velocity [Chen-Millero, m/s]
# name 24 = svCM1: Sound Velocity, 2 [Chen-Millero, m/s]
# name 25 = flag: flag
# span 0 =        251,       6550       
# span 1 =      1.500,     51.500       
# span 2 =     5.2070,    18.1138       
# span 3 =     5.3176,    18.1049       
# span 4 =    -3.7388,     1.4896       
# span 5 =   0.844987,   2.077067       
# span 6 =   0.855420,   2.078026       
# span 7 =          1,          1       
# span 8 =     1.5086,     6.8695       
# span 9 =     1.4380,     6.9894       
# span 10 =       0.70,       9.98      
# span 11 =     0.0462,     0.2479      
# span 12 = -8.057e-05, 8.0580e+00      
# span 13 = -3.571e-04, 3.3261e+01      
# span 14 = 4.1285e+02, 4.6672e+02      
# span 15 =     7.6177,    16.0298      
# span 16 =     7.6246,    16.0382      
# span 17 =    -2.1942,     0.0884      
# span 18 =     4.3955,    11.5440      
# span 19 =     4.3938,    11.5505      
# span 20 =      1.486,     51.028      
# span 21 =      1.521,     52.102      
# span 22 =     -0.432,      0.385      
# span 23 =    1437.65,    1485.27      
# span 24 =    1438.25,    1485.24      
# span 25 = 0.0000e+00, 0.0000e+00      
# interval = decibars: 0.5              
# start_time = Sep 03 2018 13:50:43 [NMEA time, first data scan]
# bad_flag = -9.990e-29
*END*
        251      1.500    18.0698    18.0672    -0.0026    1.14551    1.14524          1     6.7059     6.3643       9.98     0.2027  8.058e+00  3.326e+01  4.129e+02     7.6352     7.6337    -0.0015     4.4074     4.4068      1.486      1.521      0.264    1485.08    1485.08  0.000e+00
        333      2.000    18.0743    18.0682    -0.0061    1.14518    1.14522          1     6.7017     6.3734       9.98     0.2003  6.891e+00  2.855e+01  4.143e+02     7.6319     7.6334     0.0015     4.4041     4.4064      1.982      2.028      0.385    1485.11    1485.09  0.000e+00
        380      2.500    18.0806    18.0736    -0.0070    1.14535    1.14479          1     6.6849     6.3783       9.98     0.2061  5.867e+00  2.431e+01  4.143e+02     7.6319     7.6292    -0.0027     4.4028     4.4021      2.477      2.535      0.280    1485.13    1485.11  0.000e+00
        427      3.000    18.0772    18.0764    -0.0009    1.14502    1.14462          1     6.6894     6.3654       9.98     0.2036  5.109e+00  2.126e+01  4.161e+02     7.6302     7.6274    -0.0027     4.4021     4.4003      2.973      3.042      0.372    1485.13    1485.12  0.000e+00
        472      3.500    18.0776    18.0773    -0.0004    1.14491    1.14458          1     6.7101     6.3610       9.98     0.2073  4.165e+00  1.734e+01  4.163e+02     7.6293     7.6269    -0.0024     4.4014     4.3997      3.468      3.549      0.228    1485.14    1485.13  0.000e+00
        525      4.000    18.1019    18.0868    -0.0149    1.14580    1.14476          1     6.7277     6.3738       9.98     0.2091  3.660e+00  1.524e+01  4.163e+02     7.6311     7.6264    -0.0046     4.3979     4.3974      3.964      4.056      0.382    1485.22    1485.17  0.000e+00
        555      4.500    18.1138    18.1002    -0.0137    1.14610    1.14517          1     6.6999     6.3788       9.98     0.2045  3.107e+00  1.294e+01  4.166e+02     7.6311     7.6269    -0.0042     4.3955     4.3951      4.459      4.563      0.322    1485.27    1485.22  0.000e+00
        609      5.000    18.1068    18.1049    -0.0019    1.14570    1.14525          1     6.7420     6.3791       9.98     0.2019  2.675e+00  1.118e+01  4.179e+02     7.6294     7.6266    -0.0028     4.3956     4.3938      4.955      5.070      0.213    1485.25    1485.24  0.000e+00
        656      5.500    18.0811    18.0968     0.0157    1.14482    1.14498          1     6.7324     6.3770       9.98     0.2166  2.281e+00  9.562e+00  4.192e+02     7.6278     7.6260    -0.0018     4.3996     4.3951      5.450      5.577      0.256    1485.18    1485.23  0.000e+00
        714      6.000    18.0846    18.0899     0.0052    1.14497    1.14467          1     6.7378     6.3704       9.98     0.2059  1.980e+00  8.325e+00  4.204e+02     7.6281     7.6251    -0.0031     4.3991     4.3957      5.946      6.084      0.202    1485.20    1485.21  0.000e+00
        767      6.500    18.0866    18.0892     0.0026    1.14503    1.14466          1     6.7071     6.3637       9.98     0.2134  1.712e+00  7.206e+00  4.210e+02     7.6282     7.6251    -0.0031     4.3987     4.3959      6.441      6.591      0.261    1485.21    1485.22  0.000e+00
        811      7.000    18.0782    18.0895     0.0112    1.14472    1.14466          1     6.7136     6.3881       9.98     0.2234  1.486e+00  6.276e+00  4.224e+02     7.6274     7.6250    -0.0025     4.3999     4.3957      6.937      7.099      0.276    1485.19    1485.23  0.000e+00
        854      7.500    18.0764    18.0858     0.0094    1.14481    1.14453          1     6.7354     6.3839       9.98     0.2172  1.289e+00  5.446e+00  4.224e+02     7.6284     7.6246    -0.0038     4.4010     4.3962      7.432      7.606      0.279    1485.20    1485.22  0.000e+00
        898      8.000    18.0708    18.0800     0.0093    1.14542    1.14444          1     6.7439     6.3552       9.98     0.2280  1.126e+00  4.758e+00  4.227e+02     7.6338     7.6250    -0.0088     4.4062     4.3977      7.928      8.113      0.280    1485.20    1485.21  0.000e+00
        941      8.500    18.0681    18.0756     0.0075    1.14606    1.14468          1     6.7419     6.3467       9.98     0.2350  9.738e-01  4.133e+00  4.244e+02     7.6388     7.6275    -0.0113     4.4105     4.4004      8.423      8.620      0.261    1485.20    1485.21  0.000e+00
        994      9.000    18.0512    18.0720     0.0208    1.14743    1.14515          1     6.7206     6.3082       9.98     0.2430  8.480e-01  3.606e+00  4.253e+02     7.6517     7.6315    -0.0202     4.4238     4.4042      8.918      9.127      0.203    1485.17    1485.21  0.000e+00
       1050      9.500    17.9646    18.0597     0.0949    1.15037    1.14599          1     6.7137     6.2715       9.98     0.2374  7.369e-01  3.143e+00  4.265e+02     7.6890     7.6398    -0.0492     4.4694     4.4130      9.414      9.634      0.240    1484.94    1485.19  0.000e+00
       1102     10.000    17.9626    18.0037     0.0413    1.15132    1.14871          1     6.6451     6.2744       9.98     0.2373  6.451e-01  2.757e+00  4.274e+02     7.6961     7.6697    -0.0265     4.4752     4.4469      9.909     10.141      0.220    1484.96    1485.06  0.000e+00
       1152     10.500    17.9832    18.0052     0.0220    1.15241    1.14912          1     6.6808     6.2823       9.98     0.2454  5.619e-01  2.408e+00  4.286e+02     7.7001     7.6723    -0.0278     4.4741     4.4486     10.405     10.648      0.285    1485.03    1485.07  0.000e+00
       1190     11.000    18.0008    17.9958    -0.0051    1.15461    1.15129          1     6.6606     6.2707       9.98     0.2479  4.822e-01  2.067e+00  4.286e+02     7.7127     7.6897    -0.0230     4.4802     4.4637     10.900     11.155      0.304    1485.11    1485.07  0.000e+00
       1236     11.500    17.9797    17.9969     0.0172    1.15546    1.15272          1     6.6551     6.2343       9.98     0.2258  4.242e-01  1.824e+00  4.301e+02     7.7227     7.6997    -0.0230     4.4920     4.4711     11.396     11.662      0.241    1485.06    1485.09  0.000e+00
       1282     12.000    17.9060    17.9775     0.0715    1.15585    1.15383          1     6.6387     6.1775       9.98     0.2351  3.690e-01  1.589e+00  4.305e+02     7.7392     7.7113    -0.0279     4.5192     4.4837     11.891     12.169      0.289    1484.86    1485.05  0.000e+00
       1328     12.500    17.8427    17.9263     0.0837    1.15586    1.15494          1     6.6006     6.1764       9.98     0.2179  3.135e-01  1.351e+00  4.310e+02     7.7512     7.7289    -0.0223     4.5409     4.5073     12.387     12.676      0.208    1484.68    1484.92  0.000e+00
       1392     13.000    17.8561    17.8683     0.0121    1.15884    1.15577          1     6.5463     6.1061       9.97     0.2162  2.799e-01  1.211e+00  4.326e+02     7.7702     7.7457    -0.0245     4.5527     4.5316     12.882     13.183      0.246    1484.75    1484.76  0.000e+00
       1436     13.500    17.8674    17.8664    -0.0010    1.15972    1.15800          1     6.5275     6.1256       9.97     0.2197  2.356e-01  1.022e+00  4.337e+02     7.7744     7.7621    -0.0123     4.5536     4.5445     13.377     13.690      0.237    1484.80    1484.78  0.000e+00
       1491     14.000    17.6700    17.7643     0.0943    1.15498    1.15698          1     6.5233     5.9419       9.97     0.2175  2.088e-01  9.075e-01  4.346e+02     7.7773     7.7739    -0.0033     4.5947     4.5736     13.873     14.196      0.259    1484.18    1484.48  0.000e+00
       1530     14.500    17.3711    17.4694     0.0983    1.14999    1.15331          1     6.3562     5.9038       9.97     0.2127  1.751e-01  7.610e-01  4.346e+02     7.7976     7.8031     0.0055     4.6684     4.6535     14.368     14.703      0.308    1483.25    1483.58  0.000e+00
       1573     15.000    16.9795    17.1336     0.1541    1.13969    1.14532          1     6.2974     5.9395       9.97     0.2039  1.530e-01  6.677e-01  4.363e+02     7.7966     7.8086     0.0119     4.7424     4.7223     14.864     15.210      0.263    1481.99    1482.51  0.000e+00
       1619     15.500    16.4076    16.6099     0.2020    1.12305    1.13250          1     6.2807     6.0101       9.97     0.2298  1.289e-01  5.628e-01  4.366e+02     7.7829     7.8144     0.0315     4.8381     4.8250     15.359     15.717      0.267    1480.11    1480.81  0.000e+00
       1666     16.000    16.0895    16.1746     0.0853    1.11369    1.11777          1     6.3658     6.1550       9.97     0.2034  1.080e-01  4.719e-01  4.370e+02     7.7742     7.7884     0.0142     4.8893     4.8848     15.855     16.224      0.224    1479.05    1479.35  0.000e+00
       1723     16.500    15.7665    16.0307     0.2639    1.10455    1.11407          1     6.4141     6.0729       9.97     0.2153  9.279e-02  4.071e-01  4.387e+02     7.7676     7.7885     0.0208     4.9408     4.9106     16.350     16.731      0.234    1477.96    1478.88  0.000e+00
       1770     17.000    15.1274    15.2969     0.1702    1.08727    1.09474          1     6.3939     6.1940       9.97     0.2182  7.446e-02  3.266e-01  4.387e+02     7.7607     7.7848     0.0241     5.0463     5.0360     16.846     17.237      0.251    1475.80    1476.41  0.000e+00
       1820     17.500    15.0535    15.0388    -0.0151    1.08635    1.08872          1     6.4468     6.2116       9.97     0.2040  6.506e-02  2.862e-01  4.399e+02     7.7681     7.7893     0.0212     5.0645     5.0832     17.341     17.744      0.245    1475.57    1475.54  0.000e+00
       1864     18.000    14.8573    14.8774     0.0204    1.08242    1.08286          1     6.5490     6.1001       9.97     0.2131  4.993e-02  2.200e-01  4.407e+02     7.7764     7.7759    -0.0006     5.1037     5.1000     17.836     18.251      0.307    1474.91    1474.98  0.000e+00
       1904     18.500    13.7823    13.8903     0.1087    1.05297    1.06316          1     6.5498     6.3718       9.97     0.2070  3.957e-02  1.744e-01  4.407e+02     7.7593     7.8186     0.0593     5.2607     5.2882     18.332     18.757      0.255    1471.14    1471.58  0.000e+00
       1957     19.000    12.7654    13.0227     0.2549    1.02588    1.03920          1     6.4875     6.1638       9.97     0.2004  3.115e-02  1.378e-01  4.424e+02     7.7460     7.8029     0.0569     5.3974     5.4080     18.827     19.264      0.246    1467.47    1468.49  0.000e+00
       1999     19.500    11.0306    11.1568     0.1275    0.97402    0.98031          1     6.4592     6.4962       9.97     0.1967  2.091e-02  9.258e-02  4.427e+02     7.6731     7.7003     0.0272     5.5734     5.5792     19.323     19.771      0.282    1460.98    1461.50  0.000e+00
       2052     20.000    11.3052    12.0313     0.7282    0.98304    1.00403          1     6.8067     6.6597       9.97     0.1808  1.425e-02  6.309e-02  4.427e+02     7.6925     7.7181     0.0255     5.5556     5.4809     19.818     20.277      0.205    1462.06    1464.79  0.000e+00
       2103     20.500    10.4964    10.9489     0.4526    0.96209    0.97937          1     6.4770     6.4945       9.97     0.2023  7.578e-03  3.355e-02  4.427e+02     7.6818     7.7355     0.0537     5.6389     5.6308     20.314     20.783      0.287    1458.94    1460.76  0.000e+00
       2146     21.000     8.3312     9.8198     1.4896    0.90776    0.94387          1     6.8001     6.6065       9.97     0.1779  1.558e-03  6.904e-03  4.439e+02     7.6647     7.6675     0.0027     5.8474     5.7055     20.809     21.290      0.248    1450.42    1456.34  0.000e+00
       2199     21.500     7.5994     9.0862     1.4833    0.88523    0.93060          1     6.6491     6.7758       9.97     0.1720 -8.057e-05 -3.571e-04  4.448e+02     7.6177     7.7060     0.0884     5.8710     5.7999     21.305     21.796      0.256    1447.38    1453.43  0.000e+00
       2238     22.000     7.2595     7.5994     0.3401    0.87771    0.88889          1     6.6904     6.8362       9.97     0.1629  2.249e-13  1.000e-12  4.448e+02     7.6222     7.6514     0.0291     5.8994     5.8969     21.800     22.302      0.318    1445.98    1447.43  0.000e+00
       2283     22.500     6.6915     7.8832     1.1922    0.86601    0.89538          1     6.8695     6.9741       9.97     0.1174  2.248e-13  1.000e-12  4.448e+02     7.6377     7.6491     0.0114     5.9504     5.8727     22.295     22.809      0.221    1443.64    1448.60  0.000e+00
       2337     23.000     6.0929     6.9537     0.8607    0.85284    0.87701          1     6.7779     6.9748       9.97     0.1120  2.248e-13  1.000e-12  4.448e+02     7.6458     7.6832     0.0373     5.9924     5.9685     22.791     23.315      0.271    1441.11    1444.80  0.000e+00
       2379     23.500     5.6283     6.5760     0.9474    0.84499    0.86729          1     6.8432     6.9894       9.97     0.1167  2.248e-13  1.000e-12  4.448e+02     7.6749     7.6756     0.0007     6.0401     5.9874     23.286     23.821      0.259    1439.16    1443.21  0.000e+00
       2430     24.000     5.5364     6.0731     0.5369    0.84947    0.85758          1     6.8686     6.9237       9.98     0.1027  2.248e-13  1.000e-12  4.448e+02     7.7397     7.6959    -0.0438     6.0958     6.0333     23.782     24.327      0.232    1438.85    1441.11  0.000e+00
       2478     24.500     5.5886     5.8336     0.2450    0.85582    0.85542          1     6.8499     6.8458       9.98     0.0933  2.241e-13  1.000e-12  4.461e+02     7.7898     7.7295    -0.0603     6.1328     6.0728     24.277     24.834      0.267    1439.15    1440.13  0.000e+00
       2522     25.000     5.6648     5.7602     0.0953    0.86216    0.85684          1     6.8203     6.8275       9.98     0.0753  2.247e-13  1.000e-12  4.451e+02     7.8340     7.7601    -0.0739     6.1639     6.1007     24.772     25.340      0.274    1439.54    1439.86  0.000e+00
       2567     25.500     5.7220     5.7182    -0.0036    0.86747    0.85970          1     6.7691     6.7355       9.98     0.0721  2.247e-13  1.000e-12  4.450e+02     7.8725     7.7976    -0.0749     6.1914     6.1325     25.268     25.846      0.255    1439.84    1439.73  0.000e+00
       2615     26.000     5.4144     5.7205     0.3060    0.86028    0.86286          1     6.7258     6.7023       9.98     0.0703  2.245e-13  1.000e-12  4.454e+02     7.8740     7.8278    -0.0462     6.2075     6.1563     25.763     26.352      0.256    1438.52    1439.79  0.000e+00
       2661     26.500     5.2070     5.7196     0.5123    0.85703    0.86499          1     6.6942     6.7186       9.98     0.0758  2.248e-13  1.000e-12  4.448e+02     7.8906     7.8487    -0.0419     6.2302     6.1728     26.259     26.858      0.261    1437.65    1439.82  0.000e+00
       2710     27.000     5.2205     5.5703     0.3500    0.86129    0.86434          1     6.6557     6.6741       9.98     0.0663  2.248e-13  1.000e-12  4.449e+02     7.9296     7.8771    -0.0524     6.2605     6.2027     26.754     27.364      0.231    1437.76    1439.22  0.000e+00
       2759     27.500     5.2605     5.4203     0.1597    0.86928    0.86319          1     6.6162     6.5623       9.98     0.0637  2.248e-13  1.000e-12  4.448e+02     7.9991     7.9010    -0.0980     6.3136     6.2287     27.250     27.870      0.270    1438.03    1438.61  0.000e+00
       2804     28.000     5.2988     5.3821     0.0834    0.87580    0.86421          1     6.5792     6.4576       9.98     0.0650  2.248e-13  1.000e-12  4.448e+02     8.0544     7.9200    -0.1343     6.3556     6.2456     27.745     28.376      0.251    1438.28    1438.47  0.000e+00
       2853     28.500     5.2853     5.3176     0.0324    0.87852    0.86705          1     6.5223     6.4197       9.98     0.0737  2.248e-13  1.000e-12  4.448e+02     8.0845     7.9633    -0.1212     6.3800     6.2827     28.240     28.882      0.261    1438.27    1438.25  0.000e+00
