ctdpy/exports/archive_20191121_122431/received_data/SBE09_1044_20180131_2342_34_02_0040.cnv
* Sea-Bird SBE 9 Data File:
* FileName = C:\ctd\temp\2018\ME18D040.hex
* Software Version Seasave V 7.26.6.26
* Temperature SN = 5351
* Conductivity SN = 3941
* Number of Bytes Per Scan = 41
* Number of Voltage Words = 4
* Number of Scans Averaged by the Deck Unit = 1
* NMEA Latitude = 57 43.03 N
* NMEA Longitude = 017 22.01 E
* NMEA UTC (Time) = Jan 31 2018  23:42:48
* NMEA baud rate = 4800
** Station:  BY36
** Operator:  SSip
** Ship: MERI
** Average sound velocity: 1438.96 m/s
** True-depth calculation Thu, 01 Feb 2018 00:30:53 +0000
** CTD Python Module SMHI /ver 3-12/ feb 2012 
** LIMS Job: 20183402-0040
** Cruise: SMHI-01-2018
** Latitude [GG MM.mm N] :
** Longitude [GG MM.mm E]:
# nquan = 26
# nvalues = 263                         
# units = specified
# name 0 = scan: Scan Count
# name 1 = prDM: Pressure, Digiquartz [db]
# name 2 = t090C: Temperature [ITS-90, deg C]
# name 3 = t190C: Temperature, 2 [ITS-90, deg C]
# name 4 = T2-T190C: Temperature Difference, 2 - 1 [ITS-90, deg C]
# name 5 = c0S/m: Conductivity [S/m]
# name 6 = c1S/m: Conductivity, 2 [S/m]
# name 7 = pumps: Pump Status
# name 8 = sbeox0ML/L: Oxygen, SBE 43 [ml/l]
# name 9 = sbeox1ML/L: Oxygen, SBE 43, 2 [ml/l]
# name 10 = altM: Altimeter [m]
# name 11 = flECO-AFL: Chl-a Fluorescence, WET Labs ECO-AFL/FL [mg/m^3]
# name 12 = flECO-AFL1: Phycocyanin Fluorescence, WET Labs ECO-AFL/FL, 2 [mg/m^3]
# name 13 = par: PAR/Irradiance, Biospherical/Lico [µE/(cm^2*s)]
# name 14 = turbWETntu0: Turbidity, WET Labs ECO [NTU]
# name 15 = sal00: Salinity, Practical [PSU]
# name 16 = sal11: Salinity, Practical, 2 [PSU]
# name 17 = secS-priS: Salinity, Practical, Difference, 2 - 1 [PSU]
# name 18 = sigma-t00: Density [sigma-t, Kg/m^3 ]
# name 19 = sigma-t11: Density, 2 [sigma-t, Kg/m^3 ]
# name 20 = depSM: Depth [salt water, m], lat = 57.7172
# name 21 = depFM: Depth [true depth, m], lat = 57.7172
# name 22 = dz/dtM: Descent Rate [m/s], WS = 2
# name 23 = svCM: Sound Velocity [Chen-Millero, m/s]
# name 24 = svCM1: Sound Velocity, 2 [Chen-Millero, m/s]
# name 25 = flag: flag
# span 0 =       6174,      11599       
# span 1 =      2.000,    133.000       
# span 2 =     4.5896,     5.7373       
# span 3 =     4.5904,     5.7382       
# span 4 =    -0.0099,     0.0046       
# span 5 =   0.776981,   1.134298       
# span 6 =   0.776957,   1.134212       
# span 7 =          1,          1       
# span 8 =    0.02591,    8.05922       
# span 9 =    0.05223,    8.00406       
# span 10 =       4.40,      98.72      
# span 11 =     0.2341,     0.3950      
# span 12 =     0.2274,     0.3820      
# span 13 = 1.0000e-12, 8.9117e-02      
# span 14 =     0.1005,     2.6488      
# span 15 =     7.2371,    10.5044      
# span 16 =     7.2367,    10.5035      
# span 17 =    -0.0174,     0.0131      
# span 18 =     5.7365,     8.2697      
# span 19 =     5.7361,     8.2689      
# span 20 =      1.981,    131.728      
# span 21 =      2.025,    134.547      
# span 22 =     -0.290,      1.034      
# span 23 =    1433.72,    1444.71      
# span 24 =    1433.72,    1444.71      
# span 25 = 0.0000e+00, 0.0000e+00      
# interval = decibars: 0.5              
# start_time = Jan 31 2018 23:42:49 [NMEA time, first data scan]
# bad_flag = -9.990e-29
*END*
[from data line 168]
       9683     86.000     5.4719     5.4723     0.0004    1.05942    1.05927          1     0.1883     0.2801      53.80     0.3033     0.3055  1.000e-12  0.3355000     9.8266     9.8251    -0.0015     7.7467     7.7455     85.187     87.063      0.348    1442.20    1442.20  0.000e+00
       9722     86.500     5.4722     5.4728     0.0006    1.05959    1.05959          1     0.2001     0.2760      53.18     0.2969     0.2968  1.000e-12  0.3153000     9.8282     9.8280    -0.0002     7.7479     7.7477     85.682     87.568      0.386    1442.21    1442.21  0.000e+00
       9746     87.000     5.4735     5.4742     0.0007    1.06002    1.06010          1     0.2012     0.2682      52.76     0.3095     0.2369  1.000e-12  0.3128000     9.8321     9.8326     0.0006     7.7509     7.7513     86.178     88.074      0.590    1442.23    1442.23  0.000e+00
       9764     87.500     5.4777     5.4775    -0.0002    1.06183    1.06149          1     0.1941     0.2557      52.33     0.3280     0.3171  1.000e-12  0.3189000     9.8488     9.8454    -0.0034     7.7639     7.7613     86.673     88.579      0.716    1442.28    1442.27  0.000e+00
       9780     88.000     5.4797     5.4802     0.0005    1.06266    1.06262          1     0.1741     0.2391      51.89     0.3246     0.3120  1.000e-12  0.3165000     9.8565     9.8560    -0.0005     7.7698     7.7694     87.168     89.085      0.778    1442.30    1442.31  0.000e+00
       9795     88.500     5.4851     5.4852     0.0001    1.06479    1.06461          1     0.1426     0.2107      51.40     0.2851     0.3017  1.000e-12  0.3013000     9.8761     9.8743    -0.0017     7.7850     7.7836     87.663     89.590      0.787    1442.36    1442.36  0.000e+00
       9810     89.000     5.4966     5.4969     0.0003    1.06986    1.06979          1     0.1061     0.1743      50.92     0.2907     0.2917  1.000e-12  0.2980000     9.9234     9.9226    -0.0008     7.8217     7.8211     88.158     90.095      0.745    1442.48    1442.48  0.000e+00
       9827     89.500     5.5040     5.5043     0.0003    1.07406    1.07393          1     0.0695     0.1403      50.38     0.2975     0.2857  1.000e-12  0.3017000     9.9632     9.9618    -0.0014     7.8527     7.8516     88.653     90.600      0.660    1442.57    1442.57  0.000e+00
       9847     90.000     5.5216     5.5214    -0.0003    1.08113    1.08091          1     0.0450     0.1186      49.78     0.3331     0.2904  1.000e-12  0.4450000    10.0286    10.0265    -0.0021     7.9034     7.9017     89.149     91.106      0.568    1442.73    1442.73  0.000e+00
       9870     90.500     5.5368     5.5368    -0.0000    1.08569    1.08554          1     0.0399     0.1065      49.18     0.3442     0.3180  1.000e-12  1.4519000    10.0696    10.0681    -0.0015     7.9349     7.9338     89.644     91.611      0.547    1442.86    1442.86  0.000e+00
       9891     91.000     5.5455     5.5454    -0.0001    1.08920    1.08902          1     0.0438     0.1018      48.68     0.3458     0.2791  1.000e-12  2.0007000    10.1021    10.1003    -0.0018     7.9601     7.9586     90.139     92.116      0.587    1442.95    1442.94  0.000e+00
       9911     91.500     5.5515     5.5519     0.0004    1.09158    1.09157          1     0.0495     0.1051      48.22     0.3507     0.3160  1.000e-12  2.3742000    10.1240    10.1238    -0.0002     7.9770     7.9768     90.634     92.622      0.604    1443.01    1443.01  0.000e+00
       9931     92.000     5.5536     5.5541     0.0005    1.09280    1.09285          1     0.0566     0.1065      47.68     0.3551     0.3556  1.000e-12  2.6488000    10.1354    10.1358     0.0004     7.9859     7.9862     91.129     93.127      0.549    1443.04    1443.04  0.000e+00
       9955     92.500     5.5522     5.5533     0.0011    1.09610    1.09589          1     0.0610     0.1049      47.08     0.3513     0.3457  1.000e-12  2.4422000    10.1688    10.1664    -0.0024     8.0124     8.0104     91.624     93.632      0.452    1443.08    1443.09  0.000e+00
       9983     93.000     5.5555     5.5560     0.0005    1.09873    1.09861          1     0.0613     0.1036      46.54     0.3706     0.3146  1.000e-12  1.8291000    10.1941    10.1928    -0.0013     8.0321     8.0310     92.120     94.137      0.485    1443.14    1443.14  0.000e+00
      10005     93.500     5.5628     5.5626    -0.0001    1.10210    1.10196          1     0.0614     0.0993      46.07     0.3702     0.2689  1.000e-12  1.6575000    10.2256    10.2242    -0.0014     8.0565     8.0555     92.615     94.642      0.638    1443.22    1443.21  0.000e+00
      10022     94.000     5.5725     5.5746     0.0020    1.10433    1.10458          1     0.0638     0.1019      45.64     0.3702     0.2852  1.000e-12  1.4504000    10.2448    10.2467     0.0019     8.0712     8.0726     93.110     95.148      0.762    1443.29    1443.30  0.000e+00
      10036     94.500     5.5865     5.5867     0.0003    1.10682    1.10660          1     0.0651     0.0997      45.20     0.3702     0.2899  1.000e-12  1.5498000    10.2655    10.2632    -0.0023     8.0867     8.0849     93.605     95.653      0.831    1443.39    1443.38  0.000e+00
      10050     95.000     5.5891     5.5898     0.0008    1.10768    1.10770          1     0.0635     0.0987      44.73     0.3702     0.3342  1.000e-12  1.9212000    10.2732    10.2732    -0.0000     8.0926     8.0925     94.100     96.158      0.839    1443.41    1443.42  0.000e+00
      10065     95.500     5.5922     5.5923     0.0001    1.10851    1.10848          1     0.0602     0.1003      44.20     0.3758     0.3325  1.000e-12  1.9028000    10.2804    10.2802    -0.0003     8.0982     8.0979     94.595     96.663      0.774    1443.44    1443.44  0.000e+00
      10082     96.000     5.5968     5.5973     0.0005    1.11000    1.11001          1     0.0592     0.0994      43.61     0.3828     0.3336  1.000e-12  1.8717000    10.2938    10.2939     0.0000     8.1085     8.1084     95.091     97.168      0.626    1443.49    1443.49  0.000e+00
      10106     96.500     5.5984     5.5990     0.0006    1.11055    1.11055          1     0.0611     0.0939      42.94     0.3926     0.3185  1.000e-12  1.7883000    10.2989    10.2986    -0.0003     8.1123     8.1121     95.586     97.674      0.428    1443.51    1443.51  0.000e+00
      10139     97.000     5.6009     5.6018     0.0009    1.11112    1.11107          1     0.0583     0.0936      42.33     0.3820     0.3197  1.000e-12  1.7750000    10.3036    10.3029    -0.0007     8.1159     8.1153     96.081     98.179      0.386    1443.54    1443.54  0.000e+00
      10166     97.500     5.6063     5.6071     0.0008    1.11239    1.11240          1     0.0580     0.0921      41.89     0.3775     0.3180  1.000e-12  1.7947000    10.3146    10.3145    -0.0001     8.1243     8.1242     96.576     98.684      0.536    1443.58    1443.58  0.000e+00
      10185     98.000     5.6124     5.6126     0.0003    1.11421    1.11415          1     0.0542     0.0915      41.44     0.3708     0.3209  1.000e-12  1.7841000    10.3309    10.3302    -0.0008     8.1368     8.1362     97.071     99.189      0.679    1443.64    1443.64  0.000e+00
      10202     98.500     5.6150     5.6153     0.0003    1.11514    1.11508          1     0.0525     0.0902      41.00     0.3948     0.3152  1.000e-12  1.6827000    10.3393    10.3386    -0.0007     8.1433     8.1427     97.566     99.694      0.767    1443.66    1443.67  0.000e+00
      10217     99.000     5.6174     5.6175     0.0002    1.11592    1.11587          1     0.0558     0.0889      40.54     0.3911     0.3167  1.000e-12  1.6428000    10.3463    10.3458    -0.0005     8.1487     8.1483     98.061    100.199      0.805    1443.69    1443.69  0.000e+00
      10231     99.500     5.6204     5.6204     0.0001    1.11691    1.11677          1     0.0546     0.0855      40.05     0.3823     0.3047  1.000e-12  1.5651000    10.3552    10.3538    -0.0014     8.1555     8.1544     98.557    100.704      0.794    1443.72    1443.72  0.000e+00
      10247    100.000     5.6224     5.6231     0.0007    1.11758    1.11766          1     0.0530     0.0859      39.50     0.3668     0.3209  1.000e-12  1.5309000    10.3612    10.3618     0.0006     8.1602     8.1606     99.052    101.210      0.729    1443.75    1443.75  0.000e+00
      10265    100.500     5.6265     5.6270     0.0005    1.11903    1.11899          1     0.0548     0.0898      38.92     0.3648     0.3625  1.000e-12  1.4558000    10.3743    10.3739    -0.0005     8.1703     8.1699     99.547    101.715      0.593    1443.79    1443.79  0.000e+00
      10290    101.000     5.6279     5.6286     0.0007    1.11960    1.11961          1     0.0540     0.0846      38.26     0.3735     0.3297  1.000e-12  1.2766000    10.3796    10.3794    -0.0001     8.1743     8.1742    100.042    102.220      0.411    1443.81    1443.81  0.000e+00
      10322    101.500     5.6296     5.6305     0.0009    1.12020    1.12027          1     0.0541     0.0786      37.71     0.3636     0.3678  1.000e-12  1.1790000    10.3849    10.3854     0.0005     8.1784     8.1788    100.537    102.725      0.444    1443.83    1443.84  0.000e+00
      10345    102.000     5.6313     5.6317     0.0004    1.12070    1.12068          1     0.0498     0.0829      37.25     0.3703     0.3028  1.000e-12  1.1302000    10.3893    10.3890    -0.0003     8.1818     8.1815    101.032    103.230      0.625    1443.85    1443.85  0.000e+00
      10362    102.500     5.6321     5.6322     0.0001    1.12101    1.12088          1     0.0481     0.0857      36.82     0.3710     0.3166  1.000e-12  1.1003000    10.3921    10.3908    -0.0014     8.1840     8.1829    101.527    103.735      0.747    1443.87    1443.87  0.000e+00
      10377    103.000     5.6332     5.6333     0.0001    1.12144    1.12130          1     0.0481     0.0829      36.36     0.3607     0.3229  1.000e-12  1.0311000    10.3960    10.3946    -0.0014     8.1870     8.1859    102.022    104.240      0.790    1443.89    1443.89  0.000e+00
      10392    103.500     5.6336     5.6338     0.0002    1.12159    1.12151          1     0.0478     0.0775      35.54     0.3596     0.3327  1.000e-12  1.0137000    10.3973    10.3964    -0.0009     8.1880     8.1873    102.518    104.746      0.753    1443.90    1443.90  0.000e+00
      10409    104.000     5.6354     5.6354    -0.0000    1.12212    1.12195          1     0.0502     0.0718      34.93     0.3700     0.3353  1.000e-12  0.9965000    10.4019    10.4003    -0.0016     8.1915     8.1902    103.013    105.251      0.632    1443.92    1443.92  0.000e+00
      10432    104.500     5.6371     5.6378     0.0008    1.12260    1.12260          1     0.0491     0.0771      34.30     0.3800     0.3132  1.000e-12  0.8858000    10.4061    10.4060    -0.0002     8.1947     8.1945    103.508    105.756      0.482    1443.94    1443.94  0.000e+00
      10458    105.000     5.6382     5.6390     0.0008    1.12290    1.12293          1     0.0463     0.0800      33.69     0.3606     0.2992  1.000e-12  0.8122000    10.4087    10.4087     0.0001     8.1967     8.1967    104.003    106.261      0.509    1443.96    1443.96  0.000e+00
      10479    105.500     5.6388     5.6393     0.0005    1.12298    1.12296          1     0.0448     0.0773      33.21     0.3676     0.3195  1.000e-12  0.8047000    10.4092    10.4090    -0.0002     8.1971     8.1968    104.498    106.766      0.654    1443.97    1443.97  0.000e+00
      10495    106.000     5.6390     5.6390    -0.0001    1.12304    1.12291          1     0.0446     0.0773      32.72     0.3770     0.3188  1.000e-12  0.8127000    10.4096    10.4083    -0.0013     8.1974     8.1964    104.993    107.271      0.719    1443.98    1443.98  0.000e+00
      10512    106.500     5.6391     5.6394     0.0003    1.12307    1.12302          1     0.0469     0.0796      32.25     0.3945     0.3141  1.000e-12  0.8373000    10.4099    10.4093    -0.0007     8.1976     8.1971    105.488    107.776      0.675    1443.98    1443.99  0.000e+00
      10532    107.000     5.6403     5.6410     0.0006    1.12343    1.12341          1     0.0461     0.0795      31.65     0.3753     0.3100  1.000e-12  0.7942000    10.4130    10.4126    -0.0004     8.1999     8.1996    105.983    108.281      0.536    1444.00    1444.00  0.000e+00
      10558    107.500     5.6412     5.6416     0.0004    1.12364    1.12357          1     0.0455     0.0726      31.03     0.3607     0.3053  1.000e-12  0.7679000    10.4148    10.4140    -0.0008     8.2013     8.2006    106.479    108.787      0.467    1444.02    1444.02  0.000e+00
      10582    108.000     5.6418     5.6422     0.0004    1.12376    1.12370          1     0.0456     0.0679      30.54     0.3486     0.3204  1.000e-12  0.7517000    10.4157    10.4150    -0.0007     8.2020     8.2014    106.974    109.292      0.600    1444.03    1444.03  0.000e+00
      10600    108.500     5.6418     5.6421     0.0003    1.12376    1.12372          1     0.0433     0.0724      30.13     0.3633     0.3186  1.000e-12  0.7509000    10.4155    10.4151    -0.0005     8.2019     8.2015    107.469    109.797      0.735    1444.04    1444.04  0.000e+00
      10615    109.000     5.6421     5.6432     0.0011    1.12385    1.12404          1     0.0427     0.0765      29.65     0.3950     0.3329  1.000e-12  0.7513000    10.4163    10.4179     0.0016     8.2025     8.2037    107.964    110.302      0.796    1444.05    1444.05  0.000e+00
      10629    109.500     5.6436     5.6438     0.0002    1.12427    1.12417          1     0.0418     0.0733      29.16     0.3787     0.3654  1.000e-12  0.7390000    10.4199    10.4189    -0.0010     8.2053     8.2044    108.459    110.807      0.773    1444.06    1444.06  0.000e+00
      10646    110.000     5.6455     5.6453    -0.0002    1.12479    1.12461          1     0.0405     0.0701      28.58     0.3653     0.3315  1.000e-12  0.7273000    10.4245    10.4228    -0.0017     8.2087     8.2074    108.954    111.312      0.662    1444.09    1444.08  0.000e+00
      10667    110.500     5.6466     5.6473     0.0007    1.12513    1.12514          1     0.0425     0.0725      27.96     0.3394     0.3380  1.000e-12  0.6834000    10.4275    10.4274    -0.0001     8.2110     8.2109    109.449    111.817      0.486    1444.10    1444.11  0.000e+00
      10697    111.000     5.6478     5.6483     0.0005    1.12548    1.12544          1     0.0421     0.0703      27.40     0.3679     0.3415  1.000e-12  0.6142000    10.4305    10.4300    -0.0006     8.2133     8.2129    109.944    112.322      0.424    1444.12    1444.12  0.000e+00
      10722    111.500     5.6487     5.6492     0.0005    1.12568    1.12564          1     0.0415     0.0654      26.81     0.3606     0.3404  1.000e-12  0.5966000    10.4321    10.4316    -0.0005     8.2146     8.2141    110.440    112.828      0.570    1444.13    1444.14  0.000e+00
      10740    112.000     5.6492     5.6497     0.0006    1.12576    1.12580          1     0.0427     0.0699      26.38     0.3828     0.3645  1.000e-12  0.5916000    10.4327    10.4329     0.0002     8.2150     8.2151    110.935    113.333      0.716    1444.14    1444.15  0.000e+00
      10756    112.500     5.6495     5.6501     0.0005    1.12589    1.12590          1     0.0416     0.0692      25.93     0.3688     0.3672  1.000e-12  0.5905000    10.4338    10.4337    -0.0001     8.2159     8.2158    111.430    113.838      0.774    1444.16    1444.16  0.000e+00
