ctdpy/exports/archive_20191121_122431/received_data/SBE09_1044_20181208_0148_34_01_0166.cnv
* Sea-Bird SBE 9 Data File:
* FileName = C:\ctd\temp\ar18d166.hex
* Software Version Seasave V 7.26.7.107
* Temperature SN = 5351
* Conductivity SN = 3941
* Number of Bytes Per Scan = 30
* Number of Voltage Words = 4
* Number of Scans Averaged by the Deck Unit = 1
* NMEA baud rate = 4800
** Station:  Å16
** Operator:  ASkj
** Ship: ARANDA
** Average sound velocity: 1486.05 m/s
** True-depth calculation Sun, 09 Dec 2018 17:50:28 +0000
** CTD Python Module SMHI /ver 3-12/ feb 2012 
** LIMS Job: 20183401-0166
** Cruise: SMHI-7-2018
** Latitude [GG MM.mm N]: 58 16.031N
** Longitude [GG MM.mm E] 10 43.476E
# nquan = 26
# nvalues = 396                         
# units = specified
# name 0 = scan: Scan Count
# name 1 = prDM: Pressure, Digiquartz [db]
# name 2 = t090C: Temperature [ITS-90, deg C]
# name 3 = t190C: Temperature, 2 [ITS-90, deg C]
# name 4 = T2-T190C: Temperature Difference, 2 - 1 [ITS-90, deg C]
# name 5 = c0S/m: Conductivity [S/m]
# name 6 = c1S/m: Conductivity, 2 [S/m]
# name 7 = pumps: Pump Status
# name 8 = sbeox0ML/L: Oxygen, SBE 43 [ml/l]
# name 9 = sbeox1ML/L: Oxygen, SBE 43, 2 [ml/l]
# name 10 = altM: Altimeter [m]
# name 11 = flECO-AFL: Chl-a Fluorescence, WET Labs ECO-AFL/FL [mg/m^3]
# name 12 = flECO-AFL1: Phycocyanin Fluorescence, WET Labs ECO-AFL/FL, 2 [mg/m^3]
# name 13 = par: PAR/Irradiance, Biospherical/Lico [µE/(cm^2*s)]
# name 14 = turbWETntu0: Turbidity, WET Labs ECO [NTU]
# name 15 = sal00: Salinity, Practical [PSU]
# name 16 = sal11: Salinity, Practical, 2 [PSU]
# name 17 = secS-priS: Salinity, Practical, Difference, 2 - 1 [PSU]
# name 18 = sigma-t00: Density [sigma-t, Kg/m^3 ]
# name 19 = sigma-t11: Density, 2 [sigma-t, Kg/m^3 ]
# name 20 = depSM: Depth [salt water, m], lat = 0
# name 21 = depFM: Depth [true depth, m], lat = 0
# name 22 = dz/dtM: Descent Rate [m/s], WS = 2
# name 23 = svCM: Sound Velocity [Chen-Millero, m/s]
# name 24 = svCM1: Sound Velocity, 2 [Chen-Millero, m/s]
# name 25 = flag: flag
# span 0 =      11386,      20863       
# span 1 =      1.000,    198.500       
# span 2 =     7.1247,     9.6434       
# span 3 =     7.1100,     9.6443       
# span 4 =    -0.0573,     0.0214       
# span 5 =   3.209816,   3.762040       
# span 6 =   3.207218,   3.762185       
# span 7 =          1,          1       
# span 8 =    5.39790,    6.72949       
# span 9 =    5.38735,    6.70672       
# span 10 =       5.17,     106.86      
# span 11 =     0.0643,     1.2006      
# span 12 =     0.1345,     0.3179      
# span 13 = -1.351e-04, 1.7552e-02      
# span 14 =     0.1495,     2.0459      
# span 15 =    31.3960,    35.0554      
# span 16 =    31.3816,    35.0552      
# span 17 =    -0.0788,     0.0383      
# span 18 =    24.5646,    27.2986      
# span 19 =    24.5552,    27.2984      
# span 20 =      0.994,    197.315      
# span 21 =      0.994,    196.871      
# span 22 =     -0.149,      1.113      
# span 23 =    1474.66,    1489.10      
# span 24 =    1474.58,    1489.11      
# span 25 = 0.0000e+00, 0.0000e+00      
# interval = decibars: 0.5              
# start_time = Dec 08 2018 01:48:04 [System UTC, header]
# bad_flag = -9.990e-29
*END*
[from data line 279]
      17561    140.500     8.1665     8.1679     0.0014    3.64189    3.64200          1     5.7729     5.7661      97.77     0.1261     0.2215  1.000e-12  0.7397000    34.9874    34.9871    -0.0003    27.2388    27.2384    139.681    139.365      0.840    1485.40    1485.40  0.000e+00
      17575    141.000     8.1600     8.1613     0.0013    3.64163    3.64173          1     5.7607     5.7486      97.75     0.1162     0.2137  1.000e-12  0.8277000    34.9909    34.9906    -0.0002    27.2425    27.2421    140.178    139.861      0.722    1485.38    1485.39  0.000e+00
      17597    141.500     8.1550     8.1566     0.0015    3.64151    3.64160          1     5.7374     5.7294      97.74     0.1220     0.2074  1.000e-12  0.8282000    34.9943    34.9937    -0.0005    27.2460    27.2453    140.674    140.357      0.464    1485.38    1485.38  0.000e+00
      17630    142.000     8.1506     8.1520     0.0014    3.64161    3.64168          1     5.7079     5.7012      97.75     0.1270     0.1732  1.000e-12  0.7905000    34.9996    34.9989    -0.0007    27.2508    27.2500    141.171    140.853      0.404    1485.38    1485.38  0.000e+00
      17654    142.500     8.1480     8.1493     0.0013    3.64167    3.64175          1     5.6825     5.6696      68.61     0.1266     0.1929  1.000e-12  0.8439000    35.0025    35.0021    -0.0004    27.2535    27.2530    141.668    141.348      0.569    1485.38    1485.38  0.000e+00
      17673    143.000     8.1417     8.1430     0.0013    3.64198    3.64204          1     5.6433     5.6281      97.70     0.1260     0.2315  1.000e-12  0.8582000    35.0119    35.0113    -0.0006    27.2619    27.2612    142.165    141.844      0.602    1485.37    1485.38  0.000e+00
      17694    143.500     8.1364     8.1375     0.0011    3.64243    3.64251          1     5.5979     5.5784      68.33     0.1101     0.2319  1.000e-12  0.8735000    35.0217    35.0215    -0.0002    27.2703    27.2700    142.662    142.340      0.542    1485.37    1485.38  0.000e+00
      17718    144.000     8.1350     8.1359     0.0009    3.64294    3.64298          1     5.5558     5.5374      86.06     0.0986     0.2069  1.000e-12  0.8944000    35.0284    35.0279    -0.0005    27.2758    27.2753    143.159    142.836      0.502    1485.39    1485.39  0.000e+00
      17741    144.500     8.1397     8.1405     0.0008    3.64373    3.64376          1     5.5286     5.5176      97.93     0.0998     0.1502  1.000e-12  0.9157000    35.0319    35.0314    -0.0005    27.2778    27.2773    143.656    143.331      0.556    1485.42    1485.42  0.000e+00
      17762    145.000     8.1424     8.1426     0.0002    3.64410    3.64407          1     5.5179     5.5102      97.78     0.0838     0.2360  1.000e-12  0.9407000    35.0330    35.0324    -0.0006    27.2783    27.2778    144.153    143.827      0.608    1485.43    1485.44  0.000e+00
      17781    145.500     8.1487     8.1511     0.0024    3.64502    3.64525          1     5.4997     5.4906      97.77     0.1372     0.2462  1.000e-12  0.9956000    35.0363    35.0363     0.0000    27.2799    27.2796    144.650    144.323      0.605    1485.47    1485.48  0.000e+00
      17801    146.000     8.1610     8.1626     0.0016    3.64662    3.64676          1     5.4746     5.4627      97.78     0.0984     0.1927  1.000e-12  1.0706000    35.0409    35.0407    -0.0001    27.2816    27.2813    145.147    144.819      0.565    1485.53    1485.54  0.000e+00
      17823    146.500     8.1655     8.1668     0.0013    3.64724    3.64736          1     5.4564     5.4446      97.76     0.0944     0.1925  1.000e-12  1.1747000    35.0427    35.0426    -0.0001    27.2824    27.2821    145.644    145.314      0.534    1485.56    1485.56  0.000e+00
      17847    147.000     8.1658     8.1674     0.0015    3.64731    3.64747          1     5.4487     5.4426      97.77     0.0981     0.2063  1.000e-12  1.2400000    35.0429    35.0430     0.0001    27.2825    27.2824    146.140    145.810      0.473    1485.57    1485.57  0.000e+00
      17877    147.500     8.1672     8.1686     0.0013    3.64758    3.64772          1     5.4423     5.4414      97.76     0.0939     0.2430  1.000e-12  1.1751000    35.0442    35.0442     0.0000    27.2833    27.2831    146.637    146.306      0.369    1485.58    1485.59  0.000e+00
      17909    148.000     8.1686     8.1698     0.0012    3.64782    3.64793          1     5.4384     5.4349      88.51     0.0934     0.2366  1.000e-12  1.1603000    35.0452    35.0451    -0.0001    27.2839    27.2836    147.134    146.802      0.519    1485.60    1485.60  0.000e+00
      17927    148.500     8.1695     8.1707     0.0011    3.64795    3.64803          1     5.4366     5.4326      53.70     0.0798     0.2059  1.000e-12  1.1991000    35.0453    35.0450    -0.0003    27.2838    27.2834    147.631    147.297      0.782    1485.61    1485.61  0.000e+00
      17940    149.000     8.1698     8.1707     0.0009    3.64804    3.64811          1     5.4391     5.4295      64.04     0.0686     0.2219  1.000e-12  1.2181000    35.0458    35.0457    -0.0001    27.2842    27.2839    148.128    147.793      0.901    1485.62    1485.62  0.000e+00
      17952    149.500     8.1690     8.1696     0.0006    3.64801    3.64806          1     5.4415     5.4304      96.40     0.0777     0.2458  1.000e-12  1.2729000    35.0460    35.0459    -0.0001    27.2845    27.2843    148.625    148.289      0.864    1485.63    1485.63  0.000e+00
      17968    150.000     8.1686     8.1696     0.0009    3.64799    3.64807          1     5.4425     5.4366      97.77     0.0822     0.2070  1.000e-12  1.3016000    35.0459    35.0458    -0.0001    27.2844    27.2842    149.122    148.785      0.607    1485.63    1485.64  0.000e+00
      18017    150.500     8.1683     8.1696     0.0013    3.64800    3.64809          1     5.4362     5.4305      94.63     0.0971     0.1638  1.000e-12  1.1866000    35.0461    35.0458    -0.0004    27.2847    27.2842    149.619    149.280      0.350    1485.64    1485.64  0.000e+00
      18046    151.000     8.1686     8.1699     0.0012    3.64809    3.64819          1     5.4298     5.4306      97.87     0.1041     0.1896  1.000e-12  1.0868000    35.0465    35.0463    -0.0001    27.2849    27.2846    150.116    149.776      0.752    1485.65    1485.65  0.000e+00
      18058    151.500     8.1690     8.1701     0.0012    3.64816    3.64827          1     5.4284     5.4268      97.74     0.0843     0.2204  1.000e-12  1.2696000    35.0467    35.0467    -0.0000    27.2850    27.2848    150.613    150.272      0.918    1485.66    1485.66  0.000e+00
      18070    152.000     8.1703     8.1715     0.0012    3.64835    3.64849          1     5.4284     5.4216      97.79     0.0812     0.1914  1.000e-12  1.2731000    35.0471    35.0474     0.0003    27.2852    27.2852    151.109    150.767      0.936    1485.67    1485.68  0.000e+00
      18083    152.500     8.1703     8.1715     0.0012    3.64836    3.64850          1     5.4322     5.4187      83.64     0.1049     0.1488  1.000e-12  1.3057000    35.0470    35.0473     0.0003    27.2850    27.2851    151.606    151.263      0.807    1485.68    1485.69  0.000e+00
      18104    153.000     8.1700     8.1707     0.0006    3.64839    3.64840          1     5.4312     5.4247      53.40     0.0861     0.1589  1.000e-12  1.3049000    35.0474    35.0468    -0.0006    27.2854    27.2848    152.103    151.759      0.456    1485.69    1485.69  0.000e+00
      18156    153.500     8.1702     8.1708     0.0006    3.64843    3.64844          1     5.4252     5.4215      49.97     0.0952     0.2050  1.000e-12  1.1745000    35.0474    35.0469    -0.0005    27.2854    27.2849    152.600    152.255      0.330    1485.70    1485.70  0.000e+00
      18183    154.000     8.1706     8.1721     0.0014    3.64851    3.64863          1     5.4170     5.4126      49.77     0.0995     0.2371  1.000e-12  1.1914000    35.0475    35.0474    -0.0001    27.2854    27.2851    153.097    152.750      0.677    1485.71    1485.71  0.000e+00
      18197    154.500     8.1708     8.1716     0.0007    3.64853    3.64859          1     5.4177     5.4131      49.40     0.0909     0.2353  1.000e-12  1.2429000    35.0473    35.0472    -0.0001    27.2852    27.2850    153.594    153.246      0.884    1485.72    1485.72  0.000e+00
      18210    155.000     8.1710     8.1717     0.0007    3.64857    3.64864          1     5.4178     5.4130      49.26     0.0748     0.1611  1.000e-12  1.3460000    35.0474    35.0473    -0.0001    27.2852    27.2851    154.091    153.742      0.965    1485.73    1485.73  0.000e+00
      18222    155.500     8.1727     8.1732     0.0005    3.64885    3.64888          1     5.4145     5.4098      48.77     0.0679     0.1634  1.000e-12  1.3612000    35.0484    35.0482    -0.0002    27.2857    27.2855    154.587    154.238      0.917    1485.74    1485.74  0.000e+00
      18236    156.000     8.1731     8.1741     0.0009    3.64895    3.64901          1     5.4145     5.4096      48.30     0.0981     0.2019  1.000e-12  1.3447000    35.0488    35.0485    -0.0003    27.2860    27.2856    155.084    154.733      0.691    1485.75    1485.75  0.000e+00
      18273    156.500     8.1729     8.1738     0.0010    3.64895    3.64901          1     5.4150     5.4100      47.34     0.0850     0.1859  1.000e-12  1.2966000    35.0488    35.0485    -0.0003    27.2861    27.2857    155.581    155.229      0.335    1485.76    1485.76  0.000e+00
      18313    157.000     8.1724     8.1741     0.0017    3.64890    3.64905          1     5.4137     5.4100      84.93     0.0781     0.1946  1.000e-12  1.2610000    35.0485    35.0484    -0.0001    27.2859    27.2855    156.078    155.725      0.647    1485.76    1485.77  0.000e+00
      18327    157.500     8.1722     8.1740     0.0018    3.64888    3.64909          1     5.4130     5.4118      44.86     0.0839     0.2080  1.000e-12  1.2824000    35.0482    35.0487     0.0005    27.2857    27.2858    156.575    156.221      0.867    1485.77    1485.78  0.000e+00
      18339    158.000     8.1723     8.1735     0.0012    3.64890    3.64901          1     5.4117     5.4067      45.99     0.0790     0.2315  1.000e-12  1.3828000    35.0481    35.0481     0.0000    27.2856    27.2855    157.072    156.716      0.917    1485.78    1485.78  0.000e+00
      18352    158.500     8.1730     8.1737     0.0007    3.64904    3.64909          1     5.4124     5.4049      45.52     0.0788     0.2278  1.000e-12  1.3873000    35.0487    35.0485    -0.0001    27.2859    27.2857    157.569    157.212      0.835    1485.79    1485.79  0.000e+00
      18369    159.000     8.1732     8.1743     0.0011    3.64913    3.64919          1     5.4133     5.4071      45.04     0.0887     0.1402  1.000e-12  1.3809000    35.0492    35.0487    -0.0005    27.2863    27.2857    158.066    157.708      0.612    1485.80    1485.81  0.000e+00
      18398    159.500     8.1730     8.1742     0.0012    3.64914    3.64924          1     5.4088     5.4103      61.38     0.0870     0.1841  1.000e-12  1.3595000    35.0493    35.0491    -0.0001    27.2864    27.2861    158.563    158.204      0.356    1485.81    1485.81  0.000e+00
      18432    160.000     8.1722     8.1737     0.0015    3.64912    3.64923          1     5.4035     5.4056      44.40     0.0705     0.2133  1.000e-12  1.4109000    35.0496    35.0493    -0.0003    27.2868    27.2863    159.059    158.699      0.445    1485.81    1485.82  0.000e+00
      18454    160.500     8.1720     8.1731     0.0011    3.64911    3.64920          1     5.4037     5.4036      43.15     0.0729     0.2335  1.000e-12  1.3883000    35.0495    35.0493    -0.0002    27.2867    27.2864    159.556    159.195      0.597    1485.82    1485.83  0.000e+00
      18472    161.000     8.1718     8.1734     0.0015    3.64912    3.64922          1     5.4085     5.4039      42.95     0.0838     0.2071  1.000e-12  1.3997000    35.0495    35.0490    -0.0005    27.2868    27.2862    160.053    159.691      0.685    1485.83    1485.83  0.000e+00
      18489    161.500     8.1713     8.1730     0.0017    3.64911    3.64923          1     5.4109     5.4026      42.50     0.0974     0.2315  1.000e-12  1.3915000    35.0496    35.0493    -0.0004    27.2869    27.2864    160.550    160.187      0.706    1485.84    1485.84  0.000e+00
      18506    162.000     8.1714     8.1728     0.0013    3.64917    3.64926          1     5.4100     5.4037      41.99     0.0928     0.2644  1.000e-12  1.3842000    35.0499    35.0495    -0.0004    27.2872    27.2866    161.047    160.682      0.641    1485.84    1485.85  0.000e+00
      18528    162.500     8.1713     8.1725     0.0012    3.64920    3.64930          1     5.4081     5.4094      41.50     0.0643     0.1833  1.000e-12  1.3775000    35.0501    35.0500    -0.0002    27.2873    27.2870    161.544    161.178      0.499    1485.85    1485.86  0.000e+00
      18555    163.000     8.1715     8.1727     0.0012    3.64925    3.64933          1     5.4012     5.4064      68.97     0.0750     0.2304  1.000e-12  1.3794000    35.0502    35.0499    -0.0003    27.2874    27.2870    162.041    161.674      0.470    1485.86    1485.87  0.000e+00
      18578    163.500     8.1717     8.1731     0.0014    3.64928    3.64937          1     5.4011     5.4027      39.94     0.0926     0.2220  1.000e-12  1.3702000    35.0502    35.0497    -0.0004    27.2873    27.2868    162.537    162.170      0.594    1485.87    1485.88  0.000e+00
      18596    164.000     8.1717     8.1729     0.0013    3.64930    3.64939          1     5.4070     5.4045      39.86     0.1049     0.2347  1.000e-12  1.3586000    35.0501    35.0498    -0.0003    27.2873    27.2868    163.034    162.665      0.620    1485.88    1485.88  0.000e+00
      18617    164.500     8.1715     8.1727     0.0012    3.64931    3.64939          1     5.4067     5.4061      39.35     0.0972     0.2398  1.000e-12  1.4570000    35.0501    35.0498    -0.0004    27.2873    27.2869    163.531    163.161      0.521    1485.89    1485.89  0.000e+00
      18644    165.000     8.1711     8.1722     0.0011    3.64930    3.64938          1     5.4096     5.4013      38.79     0.1083     0.2169  1.000e-12  1.5172000    35.0502    35.0499    -0.0003    27.2874    27.2870    164.028    163.657      0.440    1485.89    1485.90  0.000e+00
      18670    165.500     8.1716     8.1727     0.0011    3.64935    3.64945          1     5.4074     5.3941      38.29     0.0828     0.1956  1.000e-12  1.4736000    35.0501    35.0499    -0.0001    27.2873    27.2870    164.525    164.153      0.558    1485.90    1485.91  0.000e+00
      18688    166.000     8.1720     8.1729     0.0009    3.64941    3.64947          1     5.4011     5.3968      38.01     0.0756     0.2072  1.000e-12  1.4263000    35.0500    35.0497    -0.0003    27.2871    27.2867    165.022    164.648      0.697    1485.91    1485.92  0.000e+00
      18704    166.500     8.1696     8.1703     0.0007    3.64921    3.64927          1     5.4012     5.3949      37.83     0.0845     0.1707  1.000e-12  1.3824000    35.0501    35.0499    -0.0002    27.2875    27.2873    165.519    165.144      0.755    1485.91    1485.91  0.000e+00
      18720    167.000     8.1666     8.1678     0.0011    3.64899    3.64907          1     5.4060     5.3945      37.36     0.0871     0.1761  1.000e-12  1.4446000    35.0504    35.0501    -0.0002    27.2882    27.2879    166.015    165.640      0.713    1485.91    1485.91  0.000e+00
      18739    167.500     8.1442     8.1447     0.0005    3.64710    3.64714          1     5.4080     5.3982      36.58     0.0860     0.2300  1.000e-12  1.5342000    35.0522    35.0523     0.0001    27.2931    27.2931    166.512    166.135      0.548    1485.84    1485.84  0.000e+00
