ctdpy/exports/archive_20191121_122431/received_data/SBE09_1044_20181111_0554_34_01_0129.cnv
* Sea-Bird SBE 9 Data File:
* FileName = C:\ctd\temp\ar18d129.hex
* Software Version Seasave V 7.26.7.107
* Temperature SN = 5351
* Conductivity SN = 3941
* Number of Bytes Per Scan = 41
* Number of Voltage Words = 4
* Number of Scans Averaged by the Deck Unit = 1
* NMEA Latitude = 55 00.96 N
* NMEA Longitude = 013 18.04 E
* NMEA UTC (Time) = Nov 11 2018  05:54:22
* NMEA baud rate = 4800
** Station:  BY1
** Operator:  A-KTh
** Ship: ARANDA
** Average sound velocity: 1460.36 m/s
** True-depth calculation Sun, 11 Nov 2018 06:31:34 +0000
** CTD Python Module SMHI /ver 3-12/ feb 2012 
** LIMS Job: 20183401-0129
** Cruise: SMHI-6-2018
** Latitude [GG MM.mm N]:
** Longitude [GG MM.mm E]
# nquan = 26
# nvalues = 81                          
# units = specified
# name 0 = scan: Scan Count
# name 1 = prDM: Pressure, Digiquartz [db]
# name 2 = t090C: Temperature [ITS-90, deg C]
# name 3 = t190C: Temperature, 2 [ITS-90, deg C]
# name 4 = T2-T190C: Temperature Difference, 2 - 1 [ITS-90, deg C]
# name 5 = c0S/m: Conductivity [S/m]
# name 6 = c1S/m: Conductivity, 2 [S/m]
# name 7 = pumps: Pump Status
# name 8 = sbeox0ML/L: Oxygen, SBE 43 [ml/l]
# name 9 = sbeox1ML/L: Oxygen, SBE 43, 2 [ml/l]
# name 10 = altM: Altimeter [m]
# name 11 = flECO-AFL: Chl-a Fluorescence, WET Labs ECO-AFL/FL [mg/m^3]
# name 12 = flECO-AFL1: Phycocyanin Fluorescence, WET Labs ECO-AFL/FL, 2 [mg/m^3]
# name 13 = par: PAR/Irradiance, Biospherical/Lico [µE/(cm^2*s)]
# name 14 = turbWETntu0: Turbidity, WET Labs ECO [NTU]
# name 15 = sal00: Salinity, Practical [PSU]
# name 16 = sal11: Salinity, Practical, 2 [PSU]
# name 17 = secS-priS: Salinity, Practical, Difference, 2 - 1 [PSU]
# name 18 = sigma-t00: Density [sigma-t, Kg/m^3 ]
# name 19 = sigma-t11: Density, 2 [sigma-t, Kg/m^3 ]
# name 20 = depSM: Depth [salt water, m], lat = 55.016
# name 21 = depFM: Depth [true depth, m], lat = 55.016
# name 22 = dz/dtM: Descent Rate [m/s], WS = 2
# name 23 = svCM: Sound Velocity [Chen-Millero, m/s]
# name 24 = svCM1: Sound Velocity, 2 [Chen-Millero, m/s]
# name 25 = flag: flag
# span 0 =      19049,      21705       
# span 1 =      1.500,     41.500       
# span 2 =     9.9138,    13.1334       
# span 3 =     9.9152,    13.1412       
# span 4 =    -0.0195,     0.0644       
# span 5 =   0.999958,   1.741693       
# span 6 =   0.999956,   1.744167       
# span 7 =          1,          1       
# span 8 =    4.40799,    7.25647       
# span 9 =    4.21254,    6.91136       
# span 10 =       1.89,      42.68      
# span 11 =     0.2587,     2.0174      
# span 12 =     0.1903,     0.5586      
# span 13 = 9.8082e-13, 2.0094e-01      
# span 14 =     0.1980,     0.3907      
# span 15 =     8.1398,    13.6057      
# span 16 =     8.1395,    13.6243      
# span 17 =    -0.0409,     0.0942      
# span 18 =     6.0625,     9.8602      
# span 19 =     6.0621,     9.8733      
# span 20 =      1.486,     41.122      
# span 21 =      1.519,     41.999      
# span 22 =     -0.408,      0.795      
# span 23 =    1457.00,    1476.11      
# span 24 =    1457.02,    1476.16      
# span 25 = 0.0000e+00, 0.0000e+00      
# interval = decibars: 0.5              
# start_time = Nov 11 2018 05:54:22 [NMEA time, first data scan]
# bad_flag = -9.990e-29
*END*
[from data line 56]
      20677     29.500    10.8815    10.8820     0.0004    1.08817    1.08807          1     6.8211     6.5093      11.65     0.7260     0.2967  1.000e-12  0.2548000     8.6809     8.6800    -0.0009     6.3734     6.3726     29.232     29.863      0.480    1461.80    1461.80  0.000e+00
      20700     30.000    10.8949    10.8960     0.0011    1.08899    1.08894          1     6.8058     6.5147       7.36     0.7027     0.3072  1.000e-12  0.2478000     8.6848     8.6841    -0.0007     6.3748     6.3741     29.727     30.369      0.543    1461.87    1461.87  0.000e+00
      20722     30.500    10.9004    10.9033     0.0028    1.08930    1.08937          1     6.8110     6.5184       9.94     0.6604     0.3074  1.000e-12  0.2466000     8.6861     8.6860    -0.0001     6.3752     6.3747     30.223     30.875      0.560    1461.90    1461.91  0.000e+00
      20743     31.000    10.9114    10.9133     0.0020    1.09011    1.09013          1     6.8267     6.5176      12.12     0.6522     0.3064  1.000e-12  0.2428000     8.6904     8.6901    -0.0003     6.3771     6.3767     30.718     31.381      0.560    1461.95    1461.96  0.000e+00
      20765     31.500    10.9236    10.9248     0.0012    1.09152    1.09143          1     6.8224     6.5090      12.40     0.6516     0.3069  1.000e-12  0.2414000     8.6996     8.6985    -0.0010     6.3828     6.3818     31.214     31.888      0.565    1462.02    1462.02  0.000e+00
      20786     32.000    10.9311    10.9327     0.0016    1.09284    1.09284          1     6.8227     6.5107      12.10     0.6195     0.2867  1.000e-12  0.2423000     8.7091     8.7087    -0.0004     6.3892     6.3887     31.709     32.394      0.586    1462.06    1462.07  0.000e+00
      20806     32.500    10.9245    10.9256     0.0012    1.09457    1.09457          1     6.8378     6.5258      11.65     0.6236     0.2550  1.000e-12  0.2497000     8.7255     8.7252    -0.0003     6.4027     6.4024     32.204     32.900      0.588    1462.07    1462.07  0.000e+00
      20827     33.000    10.9257    10.9273     0.0016    1.09606    1.09602          1     6.8271     6.5301      11.14     0.6280     0.2120  1.000e-12  0.2544000     8.7380     8.7373    -0.0007     6.4123     6.4115     32.700     33.406      0.508    1462.09    1462.10  0.000e+00
      20855     33.500    10.9109    10.9165     0.0056    1.09679    1.09691          1     6.8131     6.5129      10.57     0.6282     0.2836  1.000e-12  0.2478000     8.7477     8.7474    -0.0003     6.4216     6.4207     33.195     33.912      0.406    1462.06    1462.08  0.000e+00
      20883     34.000    10.8174    10.8202     0.0028    1.09436    1.09440          1     6.8793     6.5599      10.06     0.6514     0.3088  1.000e-12  0.2454000     8.7489     8.7486    -0.0003     6.4339     6.4333     33.691     34.418      0.492    1461.71    1461.72  0.000e+00
      20905     34.500    10.7956    10.7974     0.0019    1.09754    1.09750          1     6.8485     6.5569       9.62     0.6813     0.3097  1.000e-12  0.2617000     8.7814     8.7807    -0.0007     6.4617     6.4610     34.186     34.924      0.601    1461.68    1461.68  0.000e+00
      20924     35.000    10.8422    10.8437     0.0015    1.10584    1.10580          1     6.6624     6.4330       9.16     0.6974     0.3073  1.000e-12  0.2796000     8.8419     8.8412    -0.0007     6.5030     6.5023     34.681     35.430      0.647    1461.94    1461.94  0.000e+00
      20942     35.500    10.8640    10.8707     0.0067    1.11791    1.11775          1     6.3485     6.1995       8.67     0.6506     0.3012  1.000e-12  0.2594000     8.9409     8.9378    -0.0030     6.5770     6.5739     35.177     35.936      0.625    1462.15    1462.17  0.000e+00
      20963     36.000    10.4851    10.4884     0.0034    1.12225    1.12224          1     5.9792     5.8901       8.11     0.6619     0.2887  1.000e-12  0.2814000     9.0714     9.0704    -0.0010     6.7236     6.7225     35.672     36.442      0.508    1460.87    1460.88  0.000e+00
      20994     36.500    10.4506    10.4436    -0.0069    1.12715    1.12583          1     5.7682     5.6340       7.45     0.6496     0.2920  1.000e-12  0.2843000     9.1227     9.1128    -0.0098     6.7675     6.7607     36.168     36.947      0.328    1460.81    1460.77  0.000e+00
      21031     37.000    10.6208    10.6013    -0.0195    1.14367    1.14146          1     5.9044     5.6269       6.91     0.6451     0.2737  1.000e-12  0.2897000     9.2240     9.2096    -0.0144     6.8259     6.8170     36.663     37.453      0.431    1461.59    1461.49  0.000e+00
      21054     37.500    10.9502    10.9521     0.0018    1.17557    1.17514          1     6.0179     5.6891       6.52     0.6222     0.2650  1.000e-12  0.2798000     9.4174     9.4132    -0.0042     6.9357     6.9322     37.158     37.959      0.596    1463.08    1463.08  0.000e+00
      21072     38.000    11.2872    11.2827    -0.0045    1.25563    1.25212          1     5.8643     5.5647       6.07     0.5831     0.2649  1.000e-12  0.2594000    10.0201     9.9911    -0.0290     7.3595     7.3376     37.654     38.465      0.608    1465.08    1465.03  0.000e+00
      21095     38.500    11.6421    11.6298    -0.0123    1.37635    1.37119          1     5.4957     5.3209       5.51     0.5101     0.2821  1.000e-12  0.2503000    10.9617    10.9209    -0.0409     8.0407     8.0108     38.149     38.970      0.406    1467.53    1467.44  0.000e+00
      21151     39.000    11.8876    11.9525     0.0644    1.43465    1.44789          1     5.2330     5.0079       4.81     0.3909     0.2476  1.000e-12  0.1980000    11.3910    11.4852     0.0942     8.3387     8.4024     38.645     39.475      0.303    1468.96    1469.31  0.000e+00
      21182     39.500    12.2544    12.2493    -0.0053    1.50355    1.50141          1     5.1187     4.8991       4.49     0.3871     0.2003  1.000e-12  0.2064000    11.8692    11.8524    -0.0167     8.6557     8.6435     39.140     39.980      0.556    1470.87    1470.84  0.000e+00
      21201     40.000    12.6443    12.6448     0.0006    1.58026    1.57811          1     4.8920     4.7722       4.10     0.3341     0.1903  1.000e-12  0.2094000    12.3986    12.3801    -0.0185     9.0060     8.9917     39.636     40.485      0.585    1472.92    1472.90  0.000e+00
      21225     40.500    12.8984    12.9025     0.0041    1.63947    1.63917          1     4.6737     4.5445       3.41     0.2726     0.2506  1.000e-12  0.1994000    12.8186    12.8147    -0.0039     9.2910     9.2874     40.131     40.990      0.359    1474.33    1474.34  0.000e+00
      21298     41.000    13.0150    13.0060    -0.0089    1.68085    1.67756          1     4.5655     4.4385       2.72     0.2587     0.2601  1.000e-12  0.2010000    13.1300    13.1049    -0.0252     9.5126     9.4945     40.626     41.494      0.179    1475.12    1475.06  0.000e+00
      21705     41.500    13.1334    13.1412     0.0079    1.74169    1.74417          1     4.4080     4.2125       1.89     0.2640     0.1944  1.000e-12  0.3062000    13.6057    13.6243     0.0185     9.8602     9.8733     41.122     41.999     -0.408    1476.11    1476.16  0.000e+00
