ctdpy/exports/archive_20191121_122431/received_data/SBE09_1044_20180527_1813_34_07_0034.cnv
* Sea-Bird SBE 9 Data File:
* FileName = C:\ctd\temp\2018\AU18D034.hex
* Software Version Seasave V 7.26.6.26
* Temperature SN = 5351
* Conductivity SN = 3941
* Number of Bytes Per Scan = 41
* Number of Voltage Words = 4
* Number of Scans Averaged by the Deck Unit = 1
* NMEA Latitude = 56 56.41 N
* NMEA Longitude = 012 12.74 E
* NMEA UTC (Time) = May 27 2018  18:13:39
* NMEA baud rate = 4800
** Station:  N14
** Operator:  SSip
** Ship: AURA
** Average sound velocity: 1479.84 m/s
** True-depth calculation Sun, 27 May 2018 18:38:00 +0000
** CTD Python Module SMHI /ver 3-12/ feb 2012 
** LIMS Job: 20183407-0034
** Cruise: SMHI-02-2018
** Latitude [GG MM.mm N] :
** Longitude [GG MM.mm E]:
# nquan = 26
# nvalues = 56                          
# units = specified
# name 0 = scan: Scan Count
# name 1 = prDM: Pressure, Digiquartz [db]
# name 2 = t090C: Temperature [ITS-90, deg C]
# name 3 = t190C: Temperature, 2 [ITS-90, deg C]
# name 4 = T2-T190C: Temperature Difference, 2 - 1 [ITS-90, deg C]
# name 5 = c0S/m: Conductivity [S/m]
# name 6 = c1S/m: Conductivity, 2 [S/m]
# name 7 = pumps: Pump Status
# name 8 = sbeox0ML/L: Oxygen, SBE 43 [ml/l]
# name 9 = sbeox1ML/L: Oxygen, SBE 43, 2 [ml/l]
# name 10 = altM: Altimeter [m]
# name 11 = flECO-AFL: Chl-a Fluorescence, WET Labs ECO-AFL/FL [mg/m^3]
# name 12 = flECO-AFL1: Phycocyanin Fluorescence, WET Labs ECO-AFL/FL, 2 [mg/m^3]
# name 13 = par: PAR/Irradiance, Biospherical/Lico [µE/(cm^2*s)]
# name 14 = turbWETntu0: Turbidity, WET Labs ECO [NTU]
# name 15 = sal00: Salinity, Practical [PSU]
# name 16 = sal11: Salinity, Practical, 2 [PSU]
# name 17 = secS-priS: Salinity, Practical, Difference, 2 - 1 [PSU]
# name 18 = sigma-t00: Density [sigma-t, Kg/m^3 ]
# name 19 = sigma-t11: Density, 2 [sigma-t, Kg/m^3 ]
# name 20 = depSM: Depth [salt water, m], lat = 56.9402
# name 21 = depFM: Depth [true depth, m], lat = 56.9402
# name 22 = dz/dtM: Descent Rate [m/s], WS = 2
# name 23 = svCM: Sound Velocity [Chen-Millero, m/s]
# name 24 = svCM1: Sound Velocity, 2 [Chen-Millero, m/s]
# name 25 = flag: flag
# span 0 =       8404,       9544       
# span 1 =      1.000,     28.500       
# span 2 =     6.6527,    17.2275       
# span 3 =     6.6544,    17.2204       
# span 4 =    -0.0511,     0.1219       
# span 5 =   1.884595,   3.450976       
# span 6 =   1.888723,   3.451812       
# span 7 =          1,          1       
# span 8 =    4.75512,    7.34381       
# span 9 =    4.62422,    7.34806       
# span 10 =       2.28,      28.82      
# span 11 =     0.9903,     3.4566      
# span 12 =     0.2671,     0.6264      
# span 13 = 1.4081e-01, 3.5553e+02      
# span 14 =     0.2317,     0.8436      
# span 15 =    13.3698,    34.3849      
# span 16 =    13.4040,    34.3839      
# span 17 =    -0.6025,     0.0868      
# span 18 =     8.9394,    26.9687      
# span 19 =     8.9669,    26.9677      
# span 20 =      0.991,     28.237      
# span 21 =      1.009,     28.496      
# span 22 =     -0.181,      0.649      
# span 23 =    1471.66,    1490.29      
# span 24 =    1471.69,    1490.28      
# span 25 = 0.0000e+00, 0.0000e+00      
# interval = decibars: 0.5              
# start_time = May 27 2018 18:13:39 [NMEA time, first data scan]
# bad_flag = -9.990e-29
*END*
       8404      1.000    17.1805    17.2007     0.0203    1.91087    1.90002          1     6.5221     6.4772      28.82     1.3588     0.2794  3.555e+02  0.2530000    13.5888    13.4980    -0.0908     9.1157     9.0425      0.991      1.009      0.333    1489.02    1488.98  0.000e+00
       8429      1.500    17.2132    17.2069    -0.0063    1.89349    1.89700          1     6.5229     6.4685      28.56     1.2906     0.2876  1.854e+02  0.2528000    13.4433    13.4726     0.0292     8.9983     9.0219      1.486      1.514      0.467    1488.96    1488.98  0.000e+00
       8457      2.000    17.2275    17.2204    -0.0071    1.88460    1.88872          1     6.5285     6.4730      28.06     1.2630     0.2921  6.673e+01  0.2703000    13.3698    13.4040     0.0342     8.9394     8.9669      1.982      2.019      0.427    1488.93    1488.95  0.000e+00
       8483      2.500    17.1010    17.2199     0.1193    1.96217    1.88979          1     6.5857     6.4997      27.58     1.2389     0.2938  4.932e+01  0.2671000    14.0148    13.4123    -0.6025     9.4562     8.9733      2.477      2.523      0.498    1489.27    1488.97  0.000e+00
       8507      3.000    17.0259    17.1332     0.1068    2.00207    1.93979          1     6.5829     6.4811      27.11     1.2408     0.2939  4.969e+01  0.2661000    14.3515    13.8298    -0.5217     9.7279     9.3088      2.972      3.028      0.481    1489.43    1489.17  0.000e+00
       8533      3.500    17.1665    17.1776     0.0113    1.91498    1.91135          1     6.5079     6.4692      26.62     1.2871     0.2671  4.070e+01  0.2662000    13.6251    13.5931    -0.0320     9.1461     9.1195      3.468      3.532      0.474    1489.06    1489.05  0.000e+00
       8558      4.000    17.1580    17.1594     0.0013    1.92307    1.92211          1     6.4748     6.4372      26.15     1.2526     0.2762  3.643e+01  0.2554000    13.6904    13.6825    -0.0079     9.1976     9.1913      3.963      4.037      0.498    1489.11    1489.11  0.000e+00
       8581      4.500    17.1023    17.1003    -0.0019    1.95216    1.95330          1     6.5113     6.5015      25.64     1.2920     0.3012  2.970e+01  0.2862000    13.9353    13.9449     0.0096     9.3954     9.4031      4.459      4.542      0.564    1489.22    1489.23  0.000e+00
       8601      5.000    16.9306    16.9760     0.0453    2.05806    2.02969          1     6.6044     6.6279      25.15     1.3326     0.3076  2.526e+01  0.2870000    14.8275    14.5872    -0.2402    10.1099     9.9176      4.954      5.046      0.580    1489.70    1489.57  0.000e+00
       8622      5.500    16.7775    16.7695    -0.0078    2.16168    2.16595          1     6.6849     6.6890      24.65     1.4722     0.2957  2.235e+01  0.2725000    15.7001    15.7371     0.0371    10.8058    10.8357      5.450      5.550      0.541    1490.21    1490.23  0.000e+00
       8645      6.000    16.6781    16.6957     0.0172    2.19935    2.19315          1     6.6850     6.7281      24.14     1.5751     0.2813  1.895e+01  0.2601000    16.0401    15.9831    -0.0570    11.0852    11.0382      5.945      6.054      0.568    1490.29    1490.28  0.000e+00
       8665      6.500    16.3489    16.2987    -0.0511    2.29368    2.30179          1     6.7073     6.7845      23.65     1.5866     0.3225  1.602e+01  0.2596000    16.9304    17.0172     0.0868    11.8305    11.9068      6.440      6.557      0.633    1490.25    1490.19  0.000e+00
       8683      7.000    15.8504    15.8802     0.0305    2.32293    2.32744          1     6.7850     6.8953      23.20     1.7864     0.3351  1.413e+01  0.2468000    17.3819    17.4056     0.0236    12.2738    12.2862      6.936      7.060      0.647    1489.16    1489.29  0.000e+00
       8702      7.500    15.3031    15.3419     0.0392    2.31279    2.31292          1     6.7727     6.8422      22.69     1.8551     0.3267  1.278e+01  0.2389000    17.5392    17.5230    -0.0162    12.4996    12.4798      7.431      7.563      0.613    1487.56    1487.66  0.000e+00
       8722      8.000    15.0934    15.1038     0.0125    2.31819    2.31634          1     6.7824     6.8376      22.17     1.8791     0.3117  1.114e+01  0.2364000    17.6774    17.6573    -0.0201    12.6453    12.6279      7.926      8.066      0.582    1487.03    1487.04  0.000e+00
       8743      8.500    14.4140    14.4718     0.0562    2.32833    2.32665          1     6.9016     6.9908      21.67     1.8616     0.3048  9.725e+00  0.2356000    18.0740    18.0339    -0.0401    13.0749    13.0332      8.422      8.569      0.582    1485.22    1485.37  0.000e+00
       8763      9.000    14.0528    14.0589     0.0053    2.36089    2.35911          1     6.8952     7.0136      21.17     1.8236     0.3051  8.821e+00  0.2340000    18.5216    18.5033    -0.0183    13.4838    13.4687      8.917      9.072      0.598    1484.53    1484.53  0.000e+00
       8783      9.500    13.7260    13.7535     0.0280    2.36069    2.36098          1     6.9787     7.1069      20.68     1.8922     0.3021  7.970e+00  0.2370000    18.6769    18.6661    -0.0108    13.6612    13.6480      9.413      9.574      0.609    1483.60    1483.68  0.000e+00
       8803     10.000    13.1075    13.2297     0.1219    2.34773    2.35003          1     7.0581     7.1965      20.21     1.9051     0.3624  7.163e+00  0.2317000    18.8672    18.8270    -0.0402    13.9141    13.8623      9.908     10.077      0.610    1481.69    1482.07  0.000e+00
       8822     10.500    12.7277    12.7463     0.0194    2.34832    2.34815          1     6.9874     7.1495      19.68     1.9257     0.3873  6.470e+00  0.2400000    19.0614    19.0504    -0.0110    14.1279    14.1164     10.403     10.579      0.603    1480.60    1480.65  0.000e+00
       8843     11.000    12.1644    12.2181     0.0532    2.33990    2.34178          1     6.9423     7.1363      19.19     1.9508     0.4072  5.853e+00  0.2601000    19.2719    19.2613    -0.0106    14.3820    14.3652     10.899     11.081      0.593    1478.87    1479.04  0.000e+00
       8863     11.500    11.3423    11.3909     0.0486    2.31136    2.31253          1     6.9734     7.2012      18.72     1.8479     0.4046  5.338e+00  0.2534000    19.4387    19.4240    -0.0147    14.6391    14.6204     11.394     11.583      0.589    1476.11    1476.27  0.000e+00
       8883     12.000    10.6193    10.6428     0.0235    2.29762    2.29812          1     7.0367     7.2014      18.34     1.6511     0.3100  4.888e+00  0.2656000    19.6945    19.6867    -0.0079    14.9445    14.9350     11.889     12.085      0.598    1473.78    1473.86  0.000e+00
       8903     12.500    10.3732    10.3822     0.0089    2.29732    2.29747          1     7.1235     7.1828      18.07     1.5097     0.3702  4.426e+00  0.2642000    19.8245    19.8210    -0.0035    15.0806    15.0766     12.385     12.586      0.609    1473.03    1473.06  0.000e+00
       8923     13.000     9.9871    10.0016     0.0143    2.29556    2.29497          1     7.1166     7.1398      17.62     1.4330     0.3661  3.996e+00  0.2656000    20.0194    20.0059    -0.0136    15.2857    15.2732     12.880     13.088      0.611    1471.83    1471.87  0.000e+00
       8942     13.500     9.9759     9.9821     0.0063    2.35538    2.35356          1     7.1052     7.1410      17.09     1.4506     0.3951  3.657e+00  0.2819000    20.5978    20.5768    -0.0210    15.7369    15.7197     13.376     13.590      0.604    1472.50    1472.49  0.000e+00
       8962     14.000     9.4497     9.4771     0.0277    2.42091    2.41643          1     7.2191     7.2710      16.46     3.0196     0.5584  3.344e+00  0.3599000    21.5406    21.4800    -0.0606    16.5425    16.4916     13.871     14.091      0.590    1471.66    1471.69  0.000e+00
       8983     14.500     8.8479     8.8777     0.0296    2.60878    2.60448          1     7.2933     7.3159      16.06     3.4566     0.6264  3.041e+00  0.3704000    23.7767    23.7144    -0.0622    18.3664    18.3139     14.366     14.591      0.587    1472.11    1472.15  0.000e+00
       9003     15.000     8.7358     8.7488     0.0130    2.70810    2.70293          1     7.2840     7.2894      16.03     3.4375     0.5688  2.745e+00  0.3585000    24.8515    24.7902    -0.0613    19.2206    19.1710     14.862     15.091      0.599    1473.01    1472.98  0.000e+00
       9023     15.500     8.4191     8.4712     0.0520    2.83286    2.82344          1     7.2995     7.3178      15.88     3.2122     0.5197  2.487e+00  0.3377000    26.3527    26.2169    -0.1358    20.4366    20.3234     15.357     15.591      0.618    1473.65    1473.68  0.000e+00
       9042     16.000     7.9759     8.0104     0.0343    2.94617    2.94391          1     7.3438     7.3481      15.44     3.1173     0.4917  2.243e+00  0.3162000    27.8621    27.8109    -0.0512    21.6775    21.6327     15.853     16.089      0.623    1473.81    1473.88  0.000e+00
       9062     16.500     7.6291     7.6456     0.0171    3.02845    3.02709          1     7.3204     7.2859      14.93     2.7870     0.4767  2.012e+00  0.3214000    29.0086    28.9805    -0.0281    22.6224    22.5981     16.348     16.588      0.608    1473.90    1473.93  0.000e+00
       9082     17.000     7.4527     7.4720     0.0191    3.07162    3.06872          1     7.1867     7.0819      14.42     2.5992     0.4755  1.818e+00  0.3092000    29.6164    29.5688    -0.0476    23.1227    23.0828     16.843     17.085      0.600    1473.97    1473.99  0.000e+00
       9102     17.500     7.0937     7.1097     0.0161    3.16913    3.16866          1     6.9658     6.7281      13.93     2.4813     0.4775  1.651e+00  0.3041000    30.9771    30.9577    -0.0194    24.2392    24.2218     17.339     17.583      0.613    1474.28    1474.32  0.000e+00
       9121     18.000     6.8399     6.8424     0.0025    3.25513    3.25616          1     6.6215     6.2649      13.44     2.4102     0.4761  1.488e+00  0.3222000    32.1452    32.1542     0.0089    25.1917    25.1984     17.834     18.080      0.640    1474.76    1474.78  0.000e+00
       9139     18.500     6.7045     6.7110     0.0065    3.32230    3.32053          1     6.2156     5.8025      12.93     2.8282     0.4758  1.348e+00  0.3241000    33.0109    32.9851    -0.0258    25.8914    25.8702     18.329     18.576      0.649    1475.32    1475.31  0.000e+00
       9158     19.000     6.6633     6.6677     0.0044    3.36840    3.36775          1     5.8288     5.4383      12.44     2.7638     0.4778  1.216e+00  0.3555000    33.5594    33.5479    -0.0115    26.3291    26.3195     18.825     19.073      0.623    1475.85    1475.86  0.000e+00
       9178     19.500     6.6527     6.6544     0.0017    3.39046    3.39044          1     5.5183     5.1963      11.92     2.5748     0.4737  1.101e+00  0.3930000    33.8135    33.8117    -0.0019    26.5309    26.5292     19.320     19.569      0.598    1476.14    1476.14  0.000e+00
       9198     20.000     6.6720     6.6737     0.0016    3.40366    3.40354          1     5.3339     5.0685      11.41     2.2837     0.4480  1.008e+00  0.4213000    33.9404    33.9375    -0.0029    26.6283    26.6258     19.815     20.065      0.608    1476.38    1476.38  0.000e+00
       9217     20.500     6.6717     6.6743     0.0026    3.40725    3.40747          1     5.2529     5.0377      10.94     1.9746     0.4392  9.021e-01  0.4783000    33.9802    33.9800    -0.0001    26.6598    26.6593     20.311     20.561      0.628    1476.44    1476.45  0.000e+00
       9236     21.000     6.6683     6.6711     0.0028    3.40945    3.40975          1     5.2304     5.0545      10.45     1.9221     0.4362  8.148e-01  0.4684000    34.0077    34.0082     0.0005    26.6819    26.6819     20.806     21.057      0.639    1476.47    1476.48  0.000e+00
       9255     21.500     6.6681     6.6707     0.0026    3.41326    3.41344          1     5.2170     5.0631       9.94     1.8825     0.4305  7.321e-01  0.4667000    34.0499    34.0493    -0.0006    26.7152    26.7144     21.301     21.553      0.647    1476.53    1476.54  0.000e+00
       9273     22.000     6.6719     6.6741     0.0023    3.41494    3.41517          1     5.1993     5.0625       9.45     1.8248     0.3784  6.595e-01  0.4945000    34.0645    34.0647     0.0002    26.7263    26.7261     21.797     22.049      0.643    1476.57    1476.58  0.000e+00
       9292     22.500     6.6718     6.6741     0.0023    3.41742    3.41762          1     5.1887     5.0586       8.93     1.7633     0.4099  6.014e-01  0.5072000    34.0917    34.0917    -0.0000    26.7477    26.7474     22.292     22.545      0.619    1476.61    1476.62  0.000e+00
       9312     23.000     6.6785     6.6785    -0.0001    3.42063    3.42019          1     5.1592     5.0210       8.42     1.7229     0.3908  5.463e-01  0.5159000    34.1204    34.1155    -0.0049    26.7695    26.7656     22.788     23.041      0.605    1476.68    1476.68  0.000e+00
       9332     23.500     6.6902     6.6918     0.0016    3.42494    3.42502          1     5.0971     4.9514       7.94     1.6720     0.3361  4.919e-01  0.5312000    34.1563    34.1555    -0.0007    26.7961    26.7953     23.283     23.537      0.621    1476.78    1476.79  0.000e+00
       9351     24.000     6.6941     6.6962     0.0020    3.42726    3.42747          1     5.0452     4.8944       7.45     1.6033     0.4084  4.426e-01  0.5566000    34.1777    34.1781     0.0004    26.8125    26.8126     23.778     24.033      0.636    1476.83    1476.84  0.000e+00
       9369     24.500     6.6994     6.7015     0.0021    3.43145    3.43177          1     5.0096     4.8663       6.95     1.5278     0.3997  3.924e-01  0.5574000    34.2187    34.2201     0.0014    26.8441    26.8449     24.274     24.529      0.626    1476.91    1476.92  0.000e+00
       9389     25.000     6.7058     6.7072     0.0014    3.43523    3.43524          1     4.9829     4.8483       6.35     1.4528     0.3714  3.514e-01  0.5832000    34.2539    34.2525    -0.0013    26.8710    26.8698     24.769     25.025      0.615    1476.99    1476.99  0.000e+00
       9408     25.500     6.7097     6.7121     0.0025    3.43663    3.43697          1     4.9535     4.8212       5.16     1.3977     0.3218  3.135e-01  0.6156000    34.2653    34.2666     0.0013    26.8795    26.8802     25.264     25.521      0.620    1477.03    1477.04  0.000e+00
       9428     26.000     6.7151     6.7175     0.0024    3.43850    3.43883          1     4.9155     4.7953       4.37     1.3733     0.3512  2.855e-01  0.6552000    34.2803    34.2815     0.0013    26.8906    26.8912     25.760     26.017      0.632    1477.08    1477.09  0.000e+00
       9446     26.500     6.7175     6.7198     0.0024    3.43930    3.43958          1     4.8870     4.7787       4.40     1.3166     0.3419  2.561e-01  0.6606000    34.2865    34.2872     0.0008    26.8952    26.8954     26.255     26.513      0.626    1477.10    1477.11  0.000e+00
       9466     27.000     6.7192     6.7219     0.0027    3.44003    3.44050          1     4.8740     4.7572       4.43     1.3254     0.3340  2.240e-01  0.6575000    34.2926    34.2951     0.0025    26.8997    26.9014     26.750     27.009      0.598    1477.12    1477.14  0.000e+00
       9487     27.500     6.7303     6.7318     0.0015    3.44434    3.44428          1     4.8277     4.7025       3.89     1.3090     0.3213  1.958e-01  0.6646000    34.3289    34.3267    -0.0022    26.9269    26.9249     27.246     27.505      0.585    1477.22    1477.22  0.000e+00
       9507     28.000     6.7476     6.7486     0.0010    3.45098    3.45098          1     4.7551     4.6242       2.34     1.2425     0.3181  1.716e-01  0.6866000    34.3849    34.3839    -0.0010    26.9687    26.9677     27.741     28.001      0.548    1477.37    1477.37  0.000e+00
