ctdpy/exports/archive_20191121_122431/received_data/SBE09_1044_20181208_0148_34_01_0166.cnv
* Sea-Bird SBE 9 Data File:
* FileName = C:\ctd\temp\ar18d166.hex
* Software Version Seasave V 7.26.7.107
* Temperature SN = 5351
* Conductivity SN = 3941
* Number of Bytes Per Scan = 30
* Number of Voltage Words = 4
* Number of Scans Averaged by the Deck Unit = 1
* NMEA baud rate = 4800
** Station:  Å16
** Operator:  ASkj
** Ship: ARANDA
** Average sound velocity: 1486.05 m/s
** True-depth calculation Sun, 09 Dec 2018 17:50:28 +0000
** CTD Python Module SMHI /ver 3-12/ feb 2012 
** LIMS Job: 20183401-0166
** Cruise: SMHI-7-2018
** Latitude [GG MM.mm N]: 58 16.031N
** Longitude [GG MM.mm E] 10 43.476E
# nquan = 26
# nvalues = 396                         
# units = specified
# name 0 = scan: Scan Count
# name 1 = prDM: Pressure, Digiquartz [db]
# name 2 = t090C: Temperature [ITS-90, deg C]
# name 3 = t190C: Temperature, 2 [ITS-90, deg C]
# name 4 = T2-T190C: Temperature Difference, 2 - 1 [ITS-90, deg C]
# name 5 = c0S/m: Conductivity [S/m]
# name 6 = c1S/m: Conductivity, 2 [S/m]
# name 7 = pumps: Pump Status
# name 8 = sbeox0ML/L: Oxygen, SBE 43 [ml/l]
# name 9 = sbeox1ML/L: Oxygen, SBE 43, 2 [ml/l]
# name 10 = altM: Altimeter [m]
# name 11 = flECO-AFL: Chl-a Fluorescence, WET Labs ECO-AFL/FL [mg/m^3]
# name 12 = flECO-AFL1: Phycocyanin Fluorescence, WET Labs ECO-AFL/FL, 2 [mg/m^3]
# name 13 = par: PAR/Irradiance, Biospherical/Lico [µE/(cm^2*s)]
# name 14 = turbWETntu0: Turbidity, WET Labs ECO [NTU]
# name 15 = sal00: Salinity, Practical [PSU]
# name 16 = sal11: Salinity, Practical, 2 [PSU]
# name 17 = secS-priS: Salinity, Practical, Difference, 2 - 1 [PSU]
# name 18 = sigma-t00: Density [sigma-t, Kg/m^3 ]
# name 19 = sigma-t11: Density, 2 [sigma-t, Kg/m^3 ]
# name 20 = depSM: Depth [salt water, m], lat = 0
# name 21 = depFM: Depth [true depth, m], lat = 0
# name 22 = dz/dtM: Descent Rate [m/s], WS = 2
# name 23 = svCM: Sound Velocity [Chen-Millero, m/s]
# name 24 = svCM1: Sound Velocity, 2 [Chen-Millero, m/s]
# name 25 = flag: flag
# span 0 =      11386,      20863       
# span 1 =      1.000,    198.500       
# span 2 =     7.1247,     9.6434       
# span 3 =     7.1100,     9.6443       
# span 4 =    -0.0573,     0.0214       
# span 5 =   3.209816,   3.762040       
# span 6 =   3.207218,   3.762185       
# span 7 =          1,          1       
# span 8 =    5.39790,    6.72949       
# span 9 =    5.38735,    6.70672       
# span 10 =       5.17,     106.86      
# span 11 =     0.0643,     1.2006      
# span 12 =     0.1345,     0.3179      
# span 13 = -1.351e-04, 1.7552e-02      
# span 14 =     0.1495,     2.0459      
# span 15 =    31.3960,    35.0554      
# span 16 =    31.3816,    35.0552      
# span 17 =    -0.0788,     0.0383      
# span 18 =    24.5646,    27.2986      
# span 19 =    24.5552,    27.2984      
# span 20 =      0.994,    197.315      
# span 21 =      0.994,    196.871      
# span 22 =     -0.149,      1.113      
# span 23 =    1474.66,    1489.10      
# span 24 =    1474.58,    1489.11      
# span 25 = 0.0000e+00, 0.0000e+00      
# interval = decibars: 0.5              
# start_time = Dec 08 2018 01:48:04 [System UTC, header]
# bad_flag = -9.990e-29
*END*
[from data line 335]
      18804    168.500     8.1347     8.1369     0.0023    3.64630    3.64648          1     5.4137     5.4029      35.31     0.0696     0.2344  1.000e-12  1.4156000    35.0527    35.0524    -0.0003    27.2950    27.2944    167.506    167.127      0.530    1485.82    1485.82  0.000e+00
      18821    169.000     8.1356     8.1375     0.0019    3.64640    3.64654          1     5.4117     5.4015      35.13     0.0786     0.2458  1.000e-12  1.4418000    35.0526    35.0522    -0.0004    27.2947    27.2942    168.003    167.623      0.735    1485.83    1485.84  0.000e+00
      18836    169.500     8.1363     8.1373     0.0010    3.64648    3.64656          1     5.4101     5.4047      34.62     0.0814     0.2339  1.000e-12  1.4548000    35.0526    35.0525    -0.0001    27.2946    27.2944    168.500    168.118      0.788    1485.84    1485.84  0.000e+00
      18852    170.000     8.1366     8.1382     0.0017    3.64653    3.64666          1     5.4104     5.4085      34.19     0.1135     0.2339  1.000e-12  1.5737000    35.0526    35.0523    -0.0002    27.2945    27.2941    168.997    168.614      0.703    1485.85    1485.86  0.000e+00
      18873    170.500     8.1379     8.1392     0.0013    3.64667    3.64676          1     5.4114     5.4138      33.64     0.1088     0.2295  1.000e-12  1.6209000    35.0525    35.0522    -0.0002    27.2943    27.2939    169.493    169.110      0.480    1485.86    1485.87  0.000e+00
      18907    171.000     8.1382     8.1389     0.0007    3.64673    3.64676          1     5.4116     5.4107      32.88     0.1010     0.2148  1.000e-12  1.3988000    35.0526    35.0523    -0.0002    27.2943    27.2940    169.990    169.606      0.350    1485.87    1485.87  0.000e+00
      18935    171.500     8.1405     8.1416     0.0010    3.64694    3.64701          1     5.4097     5.4051      32.42     0.0692     0.2263  1.000e-12  1.3210000    35.0523    35.0521    -0.0002    27.2937    27.2934    170.487    170.101      0.570    1485.89    1485.89  0.000e+00
      18953    172.000     8.1430     8.1442     0.0011    3.64716    3.64723          1     5.4124     5.4077      32.06     0.0911     0.2641  1.000e-12  1.5112000    35.0519    35.0515    -0.0004    27.2930    27.2926    170.984    170.597      0.705    1485.90    1485.91  0.000e+00
      18969    172.500     8.1432     8.1441     0.0009    3.64720    3.64727          1     5.4155     5.4093      31.53     0.0878     0.2084  1.000e-12  1.4830000    35.0520    35.0518    -0.0002    27.2931    27.2928    171.481    171.093      0.717    1485.91    1485.92  0.000e+00
      18986    173.000     8.1428     8.1441     0.0013    3.64719    3.64728          1     5.4191     5.4082      30.97     0.0815     0.2257  1.000e-12  1.4208000    35.0520    35.0517    -0.0003    27.2932    27.2927    171.978    171.589      0.626    1485.92    1485.92  0.000e+00
      19008    173.500     8.1408     8.1441     0.0034    3.64704    3.64731          1     5.4158     5.4002      30.42     0.1053     0.2639  1.000e-12  1.4876000    35.0521    35.0517    -0.0004    27.2936    27.2927    172.474    172.084      0.512    1485.92    1485.93  0.000e+00
      19033    174.000     8.1385     8.1427     0.0042    3.64689    3.64721          1     5.4139     5.4016      29.96     0.0927     0.2813  1.000e-12  1.5426000    35.0526    35.0519    -0.0007    27.2943    27.2931    172.971    172.580      0.495    1485.92    1485.94  0.000e+00
      19056    174.500     8.1341     8.1357     0.0016    3.64655    3.64667          1     5.4136     5.4059      29.37     0.0927     0.2133  1.000e-12  1.5072000    35.0531    35.0529    -0.0002    27.2953    27.2949    173.468    173.076      0.541    1485.91    1485.92  0.000e+00
      19078    175.000     8.1359     8.1381     0.0022    3.64672    3.64688          1     5.4143     5.4067      28.89     0.0911     0.2642  1.000e-12  1.5066000    35.0529    35.0524    -0.0005    27.2949    27.2942    173.965    173.572      0.558    1485.93    1485.94  0.000e+00
      19099    175.500     8.1344     8.1377     0.0032    3.64662    3.64687          1     5.4114     5.4093      28.37     0.1004     0.2338  1.000e-12  1.5660000    35.0531    35.0525    -0.0006    27.2953    27.2943    174.462    174.067      0.536    1485.93    1485.94  0.000e+00
      19123    176.000     8.1353     8.1375     0.0023    3.64672    3.64689          1     5.4099     5.4097      27.90     0.0959     0.2138  1.000e-12  1.5194000    35.0530    35.0527    -0.0004    27.2951    27.2945    174.959    174.563      0.513    1485.94    1485.95  0.000e+00
      19146    176.500     8.1333     8.1352     0.0018    3.64659    3.64673          1     5.4046     5.4078      27.41     0.0887     0.2286  1.000e-12  1.4405000    35.0533    35.0530    -0.0003    27.2956    27.2951    175.455    175.059      0.562    1485.95    1485.95  0.000e+00
      19166    177.000     8.1324     8.1348     0.0024    3.64654    3.64672          1     5.4015     5.4074      26.92     0.1044     0.2462  1.000e-12  1.5139000    35.0535    35.0530    -0.0005    27.2959    27.2951    175.952    175.555      0.640    1485.95    1485.96  0.000e+00
      19183    177.500     8.1292     8.1310     0.0019    3.64629    3.64646          1     5.4047     5.4038      26.50     0.1050     0.2414  1.000e-12  1.4235000    35.0539    35.0538    -0.0001    27.2967    27.2963    176.449    176.050      0.664    1485.95    1485.95  0.000e+00
      19202    178.000     8.1255     8.1272     0.0016    3.64605    3.64617          1     5.4086     5.3990      25.99     0.0858     0.2253  1.000e-12  1.4120000    35.0546    35.0542    -0.0004    27.2978    27.2973    176.946    176.546      0.588    1485.94    1485.95  0.000e+00
      19226    178.500     8.1255     8.1270     0.0015    3.64608    3.64619          1     5.4097     5.3968      25.38     0.0820     0.2025  1.000e-12  1.6259000    35.0547    35.0543    -0.0003    27.2979    27.2974    177.443    177.042      0.447    1485.95    1485.96  0.000e+00
      19254    179.000     8.1252     8.1271     0.0020    3.64607    3.64620          1     5.4101     5.4005      24.85     0.0933     0.2203  1.000e-12  1.6258000    35.0547    35.0541    -0.0006    27.2980    27.2972    177.939    177.537      0.488    1485.96    1485.96  0.000e+00
      19276    179.500     8.1258     8.1270     0.0012    3.64615    3.64622          1     5.4105     5.4018      24.42     0.0919     0.2034  1.000e-12  1.4324000    35.0547    35.0543    -0.0004    27.2979    27.2974    178.436    178.033      0.619    1485.97    1485.97  0.000e+00
      19294    180.000     8.1269     8.1280     0.0011    3.64625    3.64632          1     5.4097     5.4029      23.95     0.0934     0.1811  1.000e-12  1.3948000    35.0544    35.0540    -0.0004    27.2974    27.2970    178.933    178.529      0.654    1485.98    1485.98  0.000e+00
      19312    180.500     8.1281     8.1289     0.0007    3.64636    3.64642          1     5.4065     5.4044      23.46     0.0912     0.2213  1.000e-12  1.4517000    35.0542    35.0541    -0.0001    27.2971    27.2969    179.430    179.025      0.599    1485.99    1485.99  0.000e+00
      19334    181.000     8.1279     8.1286     0.0007    3.64638    3.64643          1     5.4066     5.4073      22.89     0.1000     0.2212  1.000e-12  1.4628000    35.0543    35.0541    -0.0001    27.2972    27.2970    179.927    179.520      0.509    1486.00    1486.00  0.000e+00
      19359    181.500     8.1269     8.1275     0.0006    3.64634    3.64637          1     5.4118     5.4034      22.40     0.1051     0.2283  1.000e-12  1.4306000    35.0546    35.0544    -0.0002    27.2976    27.2973    180.424    180.016      0.499    1486.00    1486.01  0.000e+00
      19382    182.000     8.1281     8.1291     0.0010    3.64644    3.64652          1     5.4080     5.3959      21.92     0.1057     0.2344  1.000e-12  1.4371000    35.0543    35.0542    -0.0001    27.2972    27.2970    180.920    180.512      0.545    1486.02    1486.02  0.000e+00
      19404    182.500     8.1272     8.1281     0.0009    3.64640    3.64646          1     5.4051     5.3946      21.39     0.0909     0.2223  1.000e-12  1.5423000    35.0545    35.0543    -0.0002    27.2975    27.2972    181.417    181.008      0.546    1486.02    1486.03  0.000e+00
      19426    183.000     8.1260     8.1271     0.0012    3.64633    3.64641          1     5.4065     5.3972      20.87     0.0786     0.2071  1.000e-12  1.5712000    35.0547    35.0544    -0.0003    27.2979    27.2974    181.914    181.503      0.497    1486.02    1486.03  0.000e+00
      19452    183.500     8.1256     8.1266     0.0010    3.64633    3.64640          1     5.3984     5.4000      20.39     0.0977     0.2274  1.000e-12  1.4093000    35.0548    35.0546    -0.0002    27.2980    27.2977    182.411    181.999      0.464    1486.03    1486.04  0.000e+00
      19477    184.000     8.1252     8.1264     0.0012    3.64633    3.64641          1     5.4011     5.3998      19.89     0.1102     0.2654  1.000e-12  1.3898000    35.0550    35.0547    -0.0003    27.2982    27.2977    182.908    182.495      0.546    1486.04    1486.04  0.000e+00
      19497    184.500     8.1255     8.1270     0.0015    3.64637    3.64647          1     5.4033     5.3972      19.49     0.1163     0.2073  1.000e-12  1.3947000    35.0549    35.0545    -0.0004    27.2981    27.2975    183.404    182.991      0.629    1486.05    1486.05  0.000e+00
      19515    185.000     8.1270     8.1284     0.0014    3.64651    3.64660          1     5.4048     5.3964      18.99     0.1152     0.1837  1.000e-12  1.4057000    35.0546    35.0543    -0.0003    27.2976    27.2971    183.901    183.486      0.642    1486.06    1486.07  0.000e+00
      19534    185.500     8.1279     8.1294     0.0015    3.64660    3.64670          1     5.4065     5.3978      18.49     0.0882     0.2034  1.000e-12  1.5381000    35.0545    35.0541    -0.0004    27.2974    27.2968    184.398    183.982      0.630    1486.07    1486.08  0.000e+00
      19553    186.000     8.1277     8.1291     0.0014    3.64661    3.64671          1     5.4056     5.3983      17.98     0.0703     0.2466  1.000e-12  1.5651000    35.0545    35.0542    -0.0003    27.2974    27.2970    184.895    184.478      0.626    1486.08    1486.08  0.000e+00
      19573    186.500     8.1278     8.1291     0.0014    3.64662    3.64672          1     5.4057     5.3988      17.53     0.0736     0.2319  1.000e-12  1.4071000    35.0544    35.0541    -0.0003    27.2973    27.2969    185.392    184.973      0.571    1486.09    1486.09  0.000e+00
      19598    187.000     8.1263     8.1275     0.0012    3.64654    3.64663          1     5.4060     5.4022      16.91     0.0731     0.2437  1.000e-12  1.6783000    35.0548    35.0545    -0.0002    27.2978    27.2975    185.888    185.469      0.388    1486.09    1486.10  0.000e+00
      19637    187.500     8.1265     8.1276     0.0011    3.64658    3.64667          1     5.4000     5.4038      16.28     0.0872     0.2539  1.000e-12  1.4032000    35.0548    35.0546    -0.0002    27.2978    27.2975    186.385    185.965      0.358    1486.10    1486.11  0.000e+00
      19662    188.000     8.1273     8.1286     0.0012    3.64667    3.64675          1     5.4024     5.4071      15.93     0.0852     0.2263  1.000e-12  1.4696000    35.0546    35.0543    -0.0004    27.2976    27.2971    186.882    186.461      0.639    1486.11    1486.12  0.000e+00
      19678    188.500     8.1272     8.1284     0.0012    3.64668    3.64677          1     5.4033     5.4059      15.58     0.0828     0.2067  1.000e-12  1.5196000    35.0546    35.0544    -0.0002    27.2976    27.2972    187.379    186.956      0.800    1486.12    1486.13  0.000e+00
      19692    189.000     8.1267     8.1282     0.0015    3.64666    3.64678          1     5.4039     5.4051      15.17     0.1263     0.1844  1.000e-12  1.4587000    35.0547    35.0545    -0.0002    27.2977    27.2973    187.876    187.452      0.853    1486.13    1486.13  0.000e+00
      19706    189.500     8.1264     8.1276     0.0012    3.64666    3.64677          1     5.4042     5.4010      14.72     0.1162     0.1485  1.000e-12  1.4618000    35.0547    35.0547    -0.0000    27.2978    27.2976    188.372    187.948      0.798    1486.13    1486.14  0.000e+00
      19723    190.000     8.1285     8.1294     0.0010    3.64683    3.64691          1     5.4050     5.3983      14.15     0.0725     0.1869  1.000e-12  1.4722000    35.0542    35.0542    -0.0000    27.2971    27.2969    188.869    188.444      0.614    1486.15    1486.15  0.000e+00
      19753    190.500     8.1283     8.1290     0.0007    3.64686    3.64692          1     5.4042     5.3956      13.42     0.0987     0.2235  1.000e-12  1.4588000    35.0545    35.0544    -0.0001    27.2973    27.2971    189.366    188.939      0.327    1486.16    1486.16  0.000e+00
      19794    191.000     8.1277     8.1291     0.0014    3.64683    3.64694          1     5.4054     5.4014      12.86     0.0851     0.2435  1.000e-12  1.3685000    35.0545    35.0543    -0.0002    27.2974    27.2971    189.863    189.435      0.415    1486.16    1486.17  0.000e+00
      19815    191.500     8.1276     8.1286     0.0010    3.64684    3.64692          1     5.4077     5.3894      12.52     0.0872     0.2311  1.000e-12  1.4008000    35.0545    35.0544    -0.0002    27.2975    27.2972    190.360    189.931      0.683    1486.17    1486.18  0.000e+00
      19831    192.000     8.1274     8.1284     0.0010    3.64685    3.64695          1     5.4061     5.3873      12.18     0.0919     0.2078  1.000e-12  1.4181000    35.0545    35.0546     0.0001    27.2975    27.2974    190.856    190.427      0.810    1486.18    1486.18  0.000e+00
      19844    192.500     8.1274     8.1281     0.0007    3.64687    3.64695          1     5.4035     5.3916      11.76     0.0824     0.2028  1.000e-12  1.4403000    35.0545    35.0547     0.0002    27.2975    27.2975    191.353    190.922      0.813    1486.19    1486.19  0.000e+00
      19860    193.000     8.1263     8.1267     0.0004    3.64680    3.64685          1     5.4050     5.3976      11.25     0.0807     0.1629  1.000e-12  1.4513000    35.0546    35.0548     0.0002    27.2977    27.2978    191.850    191.418      0.688    1486.19    1486.19  0.000e+00
      19882    193.500     8.1256     8.1269     0.0013    3.64679    3.64690          1     5.4039     5.3966      10.58     0.0815     0.1939  1.000e-12  1.4364000    35.0550    35.0548    -0.0002    27.2981    27.2977    192.347    191.914      0.446    1486.20    1486.20  0.000e+00
      19917    194.000     8.1262     8.1271     0.0009    3.64687    3.64694          1     5.4060     5.3986       9.94     0.0816     0.1863  1.000e-12  1.5557000    35.0550    35.0548    -0.0002    27.2980    27.2977    192.844    192.410      0.363    1486.21    1486.21  0.000e+00
      19945    194.500     8.1263     8.1255    -0.0008    3.64689    3.64682          1     5.4049     5.4022       9.53     0.0865     0.2224  1.000e-12  1.5449000    35.0549    35.0549     0.0001    27.2979    27.2981    193.340    192.905      0.539    1486.21    1486.21  0.000e+00
      19964    195.000     8.1278     8.1280     0.0002    3.64702    3.64703          1     5.4046     5.3975       9.09     0.0920     0.2071  1.000e-12  1.5427000    35.0546    35.0545    -0.0001    27.2974    27.2973    193.837    193.401      0.623    1486.23    1486.23  0.000e+00
      19983    195.500     8.1250     8.1259     0.0008    3.64684    3.64689          1     5.4025     5.3968       8.60     0.0918     0.2420  1.000e-12  1.7165000    35.0551    35.0549    -0.0002    27.2983    27.2980    194.334    193.897      0.582    1486.23    1486.23  0.000e+00
