ctdpy/exports/archive_20191121_122431/received_data/SBE09_0827_20181006_1915_26_01_1029.cnv
* Sea-Bird SBE 9 Data File:
* FileName = D:\CTD_SBE911\DAT\26DA.2018.10.29.hex
* Software Version Seasave V 7.21d
* Temperature SN = 4548
* Conductivity SN = 3062
* Number of Bytes Per Scan = 48
* Number of Voltage Words = 5
* Number of Scans Averaged by the Deck Unit = 1
* NMEA Latitude = 57 40.01 N
* NMEA Longitude = 018 08.84 E
* NMEA UTC (Time) = Oct 06 2018  19:17:54
* NMEA baud rate = 4800
** Ship: DANA
** Average sound velocity: 1448.88 m/s
** True-depth calculation Thu, 28 Mar 2019 12:19:50 +0000
** CTD Python Module SMHI /ver 3-12/ feb 2012 
** LIMS Job: 20182601-1029
** Operator: Christian A-KTh
** Cruise: 10/2018
# nquan = 26
# nvalues = 207                         
# units = specified
# name 0 = scan: Scan Count
# name 1 = prDM: Pressure, Digiquartz [db]
# name 2 = t090C: Temperature [ITS-90, deg C]
# name 3 = t190C: Temperature, 2 [ITS-90, deg C]
# name 4 = T2-T190C: Temperature Difference, 2 - 1 [ITS-90, deg C]
# name 5 = c0S/m: Conductivity [S/m]
# name 6 = c1S/m: Conductivity, 2 [S/m]
# name 7 = pumps: Pump Status
# name 8 = sbeox1ML/L: Oxygen, SBE 43, 2 [ml/l]
# name 9 = sbeox0ML/L: Oxygen, SBE 43 [ml/l]
# name 10 = altM: Altimeter [m]
# name 11 = chloroflTC0: Chlorophyll, Turner Cyclops [ug/l]
# name 12 = cpar: CPAR/Corrected Irradiance [%]
# name 13 = par: PAR/Irradiance, Biospherical/Lico [µE/(cm^2*s)]
# name 14 = spar: SPAR, Biospherical/Licor
# name 15 = sal00: Salinity, Practical [PSU]
# name 16 = sal11: Salinity, Practical, 2 [PSU]
# name 17 = secS-priS: Salinity, Practical, Difference, 2 - 1 [PSU]
# name 18 = sigma-t00: Density [sigma-t, kg/m^3 ]
# name 19 = sigma-t11: Density, 2 [sigma-t, kg/m^3 ]
# name 20 = depSM: Depth [salt water, m], lat = 57.6668
# name 21 = depFM: Depth [true depth, m], lat = 57.6668
# name 22 = dz/dtM: Descent Rate [m/s], WS = 2
# name 23 = svCM: Sound Velocity [Chen-Millero, m/s]
# name 24 = svCM1: Sound Velocity, 2 [Chen-Millero, m/s]
# name 25 = flag: flag
# span 0 =        426,      11537       
# span 1 =      0.500,    103.500       
# span 2 =     3.8585,    12.3509       
# span 3 =     3.9225,    12.3506       
# span 4 =    -0.0909,     0.5429       
# span 5 =   0.774441,   1.179018       
# span 6 =   0.776242,   1.179032       
# span 7 =          1,          1       
# span 8 =     0.0413,     7.4825       
# span 9 =     0.0412,     7.0496       
# span 10 =       0.83,       9.98      
# span 11 =     0.0159,     0.0395      
# span 12 = 4.9241e-11, 4.9241e-11      
# span 13 = 1.0000e-12, 1.0000e-12      
# span 14 = 2.0308e+00, 2.0308e+00      
# span 15 =     6.8807,    10.8764      
# span 16 =     6.8821,    10.8763      
# span 17 =    -0.0725,     0.0017      
# span 18 =     4.7926,     8.5475      
# span 19 =     4.7933,     8.5474      
# span 20 =      0.495,    102.518      
# span 21 =      0.507,    104.734      
# span 22 =     -0.199,      0.300      
# span 23 =    1431.65,    1464.89      
# span 24 =    1432.11,    1464.89      
# span 25 = 0.0000e+00, 0.0000e+00      
# interval = decibars: 0.5              
# start_time = Oct 06 2018 19:17:55 [NMEA time, first data scan]
# bad_flag = -9.990e-29
*END*
[from data line 168]
       8212     84.500     5.8247     5.8174    -0.0073    1.15660    1.15520          1     0.0712     0.0659       9.97     0.0171  4.924e-11  1.000e-12  2.031e+00    10.6910    10.6793    -0.0117     8.4082     8.3994     83.702     85.545      0.242    1444.78    1444.74  0.000e+00
       8262     85.000     5.8261     5.8202    -0.0059    1.15681    1.15574          1     0.0706     0.0647       9.97     0.0171  4.924e-11  1.000e-12  2.031e+00    10.6925    10.6838    -0.0088     8.4093     8.4028     84.197     86.050      0.263    1444.80    1444.76  0.000e+00
       8305     85.500     5.8283     5.8248    -0.0035    1.15706    1.15644          1     0.0661     0.0620       9.97     0.0171  4.924e-11  1.000e-12  2.031e+00    10.6943    10.6892    -0.0050     8.4106     8.4068     84.692     86.555      0.263    1444.82    1444.80  0.000e+00
       8353     86.000     5.8324     5.8280    -0.0043    1.15759    1.15688          1     0.0659     0.0623       9.97     0.0171  4.924e-11  1.000e-12  2.031e+00    10.6982    10.6925    -0.0057     8.4134     8.4092     85.188     87.060      0.253    1444.85    1444.83  0.000e+00
       8400     86.500     5.8355     5.8319    -0.0035    1.15812    1.15748          1     0.0674     0.0607       9.97     0.0178  4.924e-11  1.000e-12  2.031e+00    10.7024    10.6971    -0.0053     8.4166     8.4126     85.683     87.565      0.259    1444.88    1444.86  0.000e+00
       8445     87.000     5.8415     5.8357    -0.0058    1.15907    1.15806          1     0.0678     0.0627       9.97     0.0171  4.924e-11  1.000e-12  2.031e+00    10.7099    10.7016    -0.0082     8.4220     8.4159     86.178     88.070      0.262    1444.92    1444.88  0.000e+00
       8492     87.500     5.8463     5.8407    -0.0055    1.16021    1.15890          1     0.0675     0.0625       9.97     0.0171  4.924e-11  1.000e-12  2.031e+00    10.7196    10.7083    -0.0113     8.4295     8.4209     86.673     88.575      0.256    1444.96    1444.92  0.000e+00
       8539     88.000     5.8529     5.8459    -0.0070    1.16190    1.16015          1     0.0675     0.0609       9.97     0.0171  4.924e-11  1.000e-12  2.031e+00    10.7343    10.7191    -0.0152     8.4406     8.4290     87.168     89.080      0.254    1445.02    1444.97  0.000e+00
       8584     88.500     5.8585     5.8524    -0.0061    1.16316    1.16158          1     0.0653     0.0608       9.97     0.0171  4.924e-11  1.000e-12  2.031e+00    10.7450    10.7312    -0.0138     8.4487     8.4382     87.664     89.585      0.277    1445.06    1445.02  0.000e+00
       8629     89.000     5.8618     5.8580    -0.0038    1.16399    1.16295          1     0.0645     0.0585       9.97     0.0171  4.924e-11  1.000e-12  2.031e+00    10.7522    10.7430    -0.0092     8.4542     8.4471     88.159     90.090      0.254    1445.09    1445.06  0.000e+00
       8676     89.500     5.8652     5.8612    -0.0040    1.16477    1.16377          1     0.0610     0.0610       9.97     0.0171  4.924e-11  1.000e-12  2.031e+00    10.7588    10.7501    -0.0087     8.4592     8.4525     88.654     90.595      0.259    1445.12    1445.10  0.000e+00
       8723     90.000     5.8664     5.8642    -0.0022    1.16505    1.16442          1     0.0630     0.0585       9.97     0.0171  4.924e-11  1.000e-12  2.031e+00    10.7611    10.7555    -0.0056     8.4609     8.4566     89.149     91.100      0.263    1445.14    1445.12  0.000e+00
       8765     90.500     5.8667     5.8654    -0.0013    1.16509    1.16469          1     0.0610     0.0587       9.97     0.0171  4.924e-11  1.000e-12  2.031e+00    10.7613    10.7577    -0.0036     8.4611     8.4583     89.644     91.605      0.278    1445.15    1445.14  0.000e+00
       8813     91.000     5.8695     5.8667    -0.0028    1.16569    1.16500          1     0.0608     0.0588       9.97     0.0171  4.924e-11  1.000e-12  2.031e+00    10.7664    10.7603    -0.0060     8.4648     8.4602     90.139     92.110      0.247    1445.17    1445.16  0.000e+00
       8858     91.500     5.8726     5.8706    -0.0021    1.16643    1.16583          1     0.0600     0.0576       9.97     0.0171  4.924e-11  1.000e-12  2.031e+00    10.7727    10.7673    -0.0053     8.4696     8.4655     90.635     92.615      0.276    1445.20    1445.19  0.000e+00
       8904     92.000     5.8802     5.8747    -0.0054    1.16827    1.16685          1     0.0580     0.0562       9.97     0.0171  4.924e-11  1.000e-12  2.031e+00    10.7885    10.7761    -0.0124     8.4816     8.4722     91.130     93.120      0.254    1445.26    1445.23  0.000e+00
       8949     92.500     5.8838     5.8787    -0.0051    1.16919    1.16786          1     0.0578     0.0562       9.97     0.0171  4.924e-11  1.000e-12  2.031e+00    10.7965    10.7848    -0.0116     8.4877     8.4788     91.625     93.625      0.269    1445.30    1445.26  0.000e+00
       8995     93.000     5.8879     5.8840    -0.0039    1.17004    1.16901          1     0.0563     0.0562       9.97     0.0171  4.924e-11  1.000e-12  2.031e+00    10.8035    10.7945    -0.0090     8.4929     8.4861     92.120     94.130      0.261    1445.33    1445.30  0.000e+00
       9041     93.500     5.8906     5.8876    -0.0030    1.17061    1.16980          1     0.0571     0.0558       9.97     0.0171  4.924e-11  1.000e-12  2.031e+00    10.8083    10.8011    -0.0072     8.4965     8.4911     92.615     94.635      0.262    1445.36    1445.34  0.000e+00
       9086     94.000     5.8929     5.8906    -0.0023    1.17109    1.17047          1     0.0572     0.0560       9.97     0.0171  4.924e-11  1.000e-12  2.031e+00    10.8122    10.8068    -0.0054     8.4995     8.4954     93.110     95.140      0.275    1445.38    1445.36  0.000e+00
       9129     94.500     5.8964     5.8936    -0.0028    1.17186    1.17112          1     0.0568     0.0550       9.97     0.0171  4.924e-11  1.000e-12  2.031e+00    10.8187    10.8122    -0.0065     8.5044     8.4995     93.605     95.645      0.266    1445.41    1445.39  0.000e+00
       9175     95.000     5.8979     5.8965    -0.0014    1.17218    1.17173          1     0.0567     0.0552       9.88     0.0171  4.924e-11  1.000e-12  2.031e+00    10.8213    10.8173    -0.0040     8.5064     8.5033     94.101     96.150      0.262    1445.43    1445.42  0.000e+00
       9222     95.500     5.8983     5.8975    -0.0008    1.17229    1.17199          1     0.0569     0.0548       9.41     0.0171  4.924e-11  1.000e-12  2.031e+00    10.8222    10.8195    -0.0028     8.5071     8.5049     94.596     96.655      0.252    1445.44    1445.43  0.000e+00
       9269     96.000     5.8986     5.8984    -0.0002    1.17236    1.17218          1     0.0557     0.0546       8.89     0.0172  4.924e-11  1.000e-12  2.031e+00    10.8227    10.8209    -0.0017     8.5074     8.5060     95.091     97.160      0.268    1445.45    1445.45  0.000e+00
       9312     96.500     5.8993     5.8990    -0.0004    1.17253    1.17231          1     0.0538     0.0551       8.39     0.0171  4.924e-11  1.000e-12  2.031e+00    10.8241    10.8221    -0.0020     8.5084     8.5069     95.586     97.665      0.276    1445.46    1445.46  0.000e+00
       9357     97.000     5.8999     5.8999     0.0000    1.17263    1.17249          1     0.0544     0.0537       7.86     0.0171  4.924e-11  1.000e-12  2.031e+00    10.8248    10.8234    -0.0013     8.5090     8.5079     96.081     98.170      0.261    1445.47    1445.47  0.000e+00
       9404     97.500     5.9004     5.9003    -0.0002    1.17274    1.17259          1     0.0522     0.0538       7.33     0.0172  4.924e-11  1.000e-12  2.031e+00    10.8256    10.8242    -0.0014     8.5096     8.5085     96.576     98.675      0.255    1445.48    1445.48  0.000e+00
       9449     98.000     5.9025     5.9015    -0.0010    1.17313    1.17282          1     0.0506     0.0528       6.79     0.0171  4.924e-11  1.000e-12  2.031e+00    10.8288    10.8260    -0.0028     8.5120     8.5099     97.072     99.180      0.273    1445.51    1445.50  0.000e+00
       9493     98.500     5.9054     5.9034    -0.0020    1.17372    1.17318          1     0.0511     0.0545       6.27     0.0172  4.924e-11  1.000e-12  2.031e+00    10.8336    10.8289    -0.0047     8.5156     8.5120     97.567     99.685      0.266    1445.53    1445.52  0.000e+00
       9539     99.000     5.9135     5.9073    -0.0061    1.17520    1.17393          1     0.0519     0.0522       5.74     0.0172  4.924e-11  1.000e-12  2.031e+00    10.8457    10.8351    -0.0107     8.5246     8.5166     98.062    100.190      0.267    1445.59    1445.55  0.000e+00
       9585     99.500     5.9202     5.9153    -0.0049    1.17638    1.17539          1     0.0518     0.0524       5.21     0.0171  4.924e-11  1.000e-12  2.031e+00    10.8553    10.8470    -0.0083     8.5317     8.5255     98.557    100.695      0.245    1445.64    1445.61  0.000e+00
       9632    100.000     5.9215     5.9186    -0.0030    1.17658    1.17596          1     0.0520     0.0522       4.70     0.0171  4.924e-11  1.000e-12  2.031e+00    10.8567    10.8515    -0.0052     8.5328     8.5289     99.052    101.200      0.276    1445.65    1445.64  0.000e+00
       9676    100.500     5.9220     5.9207    -0.0013    1.17665    1.17635          1     0.0517     0.0514       4.18     0.0173  4.924e-11  1.000e-12  2.031e+00    10.8572    10.8546    -0.0026     8.5331     8.5312     99.547    101.705      0.269    1445.66    1445.66  0.000e+00
       9721    101.000     5.9231     5.9222    -0.0009    1.17683    1.17659          1     0.0513     0.0517       3.65     0.0171  4.924e-11  1.000e-12  2.031e+00    10.8586    10.8565    -0.0021     8.5341     8.5325    100.042    102.210      0.268    1445.68    1445.67  0.000e+00
       9765    101.500     5.9278     5.9239    -0.0038    1.17767    1.17691          1     0.0500     0.0533       3.13     0.0173  4.924e-11  1.000e-12  2.031e+00    10.8654    10.8590    -0.0064     8.5392     8.5344    100.537    102.714      0.268    1445.72    1445.69  0.000e+00
       9812    102.000     5.9313     5.9290    -0.0023    1.17844    1.17793          1     0.0498     0.0494       2.60     0.0171  4.924e-11  1.000e-12  2.031e+00    10.8718    10.8674    -0.0044     8.5440     8.5407    101.033    103.219      0.242    1445.75    1445.73  0.000e+00
       9861    102.500     5.9326     5.9309    -0.0017    1.17871    1.17831          1     0.0482     0.0497       2.11     0.0171  4.924e-11  1.000e-12  2.031e+00    10.8740    10.8705    -0.0035     8.5457     8.5431    101.528    103.724      0.276    1445.76    1445.75  0.000e+00
       9901    103.000     5.9338     5.9326    -0.0011    1.17898    1.17866          1     0.0469     0.0485       1.56     0.0171  4.924e-11  1.000e-12  2.031e+00    10.8762    10.8733    -0.0028     8.5473     8.5452    102.023    104.229      0.275    1445.78    1445.77  0.000e+00
      11537    103.500     5.9339     5.9348     0.0009    1.17902    1.17903          1     0.0413     0.0412       0.83     0.0174  4.924e-11  1.000e-12  2.031e+00    10.8764    10.8763    -0.0002     8.5475     8.5474    102.518    104.734     -0.199    1445.79    1445.79  0.000e+00
