ctdpy/exports/archive_20191121_122431/received_data/SBE09_1044_20181018_0402_34_01_0105.cnv
* Sea-Bird SBE 9 Data File:
* FileName = C:\LUOTAUS\DATA_IN\hex_in\SMHI\ar18d105.hex
* Software Version Seasave V 7.23.2
* Temperature SN = 5351
* Conductivity SN = 3941
* Number of Bytes Per Scan = 30
* Number of Voltage Words = 4
* Number of Scans Averaged by the Deck Unit = 1
* NMEA baud rate = 4800
** Station:  Å16
** Operator:  DBSj
** Ship: ARANDA
** Average sound velocity: 1491.39 m/s
** True-depth calculation Thu, 18 Oct 2018 04:25:24 +0000
** CTD Python Module SMHI /ver 3-12/ feb 2012 
** LIMS Job: 20183401-0105
** Cruise: SMHI-4-2018
** Latitude [GG MM.mm N]: 58 16.037 N
** Longitude [GG MM.mm E] 10 43.446 E
# nquan = 26
# nvalues = 402                         
# units = specified
# name 0 = scan: Scan Count
# name 1 = prDM: Pressure, Digiquartz [db]
# name 2 = t090C: Temperature [ITS-90, deg C]
# name 3 = t190C: Temperature, 2 [ITS-90, deg C]
# name 4 = T2-T190C: Temperature Difference, 2 - 1 [ITS-90, deg C]
# name 5 = c0S/m: Conductivity [S/m]
# name 6 = c1S/m: Conductivity, 2 [S/m]
# name 7 = pumps: Pump Status
# name 8 = sbeox0ML/L: Oxygen, SBE 43 [ml/l]
# name 9 = sbeox1ML/L: Oxygen, SBE 43, 2 [ml/l]
# name 10 = altM: Altimeter [m]
# name 11 = flECO-AFL: Chl-a Fluorescence, WET Labs ECO-AFL/FL [mg/m^3]
# name 12 = flECO-AFL1: Phycocyanin Fluorescence, WET Labs ECO-AFL/FL, 2 [mg/m^3]
# name 13 = par: PAR/Irradiance, Biospherical/Lico [µE/(cm^2*s)]
# name 14 = turbWETntu0: Turbidity, WET Labs ECO [NTU]
# name 15 = sal00: Salinity, Practical [PSU]
# name 16 = sal11: Salinity, Practical, 2 [PSU]
# name 17 = secS-priS: Salinity, Practical, Difference, 2 - 1 [PSU]
# name 18 = sigma-t00: Density [sigma-t, Kg/m^3 ]
# name 19 = sigma-t11: Density, 2 [sigma-t, Kg/m^3 ]
# name 20 = depSM: Depth [salt water, m], lat = 0
# name 21 = depFM: Depth [true depth, m], lat = 0
# name 22 = dz/dtM: Descent Rate [m/s], WS = 2
# name 23 = svCM: Sound Velocity [Chen-Millero, m/s]
# name 24 = svCM1: Sound Velocity, 2 [Chen-Millero, m/s]
# name 25 = flag: flag
# span 0 =       9432,      18876       
# span 1 =      1.000,    201.500       
# span 2 =     7.1834,    13.0145       
# span 3 =     7.1851,    13.0153       
# span 4 =    -0.0158,     0.0291       
# span 5 =   3.559296,   3.993843       
# span 6 =   3.559334,   3.993751       
# span 7 =          1,          1       
# span 8 =    5.05668,    5.84759       
# span 9 =    4.83724,    5.51388       
# span 10 =       3.19,     100.07      
# span 11 =     0.0406,     1.7516      
# span 12 =     0.1447,     0.4266      
# span 13 = -6.733e-03, 4.4792e-01      
# span 14 =     0.1754,     1.1110      
# span 15 =    33.0466,    35.0596      
# span 16 =    33.0450,    35.0584      
# span 17 =    -0.0163,     0.0055      
# span 18 =    24.8781,    27.4400      
# span 19 =    24.8766,    27.4388      
# span 20 =      0.994,    200.295      
# span 21 =      0.994,    199.944      
# span 22 =     -0.060,      0.911      
# span 23 =    1482.26,    1499.37      
# span 24 =    1482.26,    1499.38      
# span 25 = 0.0000e+00, 0.0000e+00      
# interval = decibars: 0.5              
# start_time = Oct 18 2018 04:02:01 [System UTC, header]
# bad_flag = -9.990e-29
*END*
[from data line 56]
      10858     29.000    12.7279    12.7285     0.0006    3.90213    3.90210          1     5.7581     5.4427      98.71     0.5683     0.2270  1.000e-12  0.1981000    33.3799    33.3791    -0.0009    25.1915    25.1907     28.839     28.818      0.429    1497.84    1497.84  0.000e+00
      10886     29.500    12.7304    12.7313     0.0008    3.90312    3.90313          1     5.7575     5.4319      98.71     0.5332     0.2497  1.000e-12  0.1923000    33.3870    33.3863    -0.0007    25.1964    25.1957     29.336     29.315      0.480    1497.86    1497.87  0.000e+00
      10909     30.000    12.7331    12.7341     0.0010    3.90392    3.90402          1     5.7495     5.4318      52.00     0.5100     0.2483  1.000e-12  0.1939000    33.3920    33.3921     0.0001    25.1998    25.1997     29.833     29.812      0.565    1497.89    1497.89  0.000e+00
      10929     30.500    12.7342    12.7351     0.0009    3.90426    3.90435          1     5.7355     5.4296      62.46     0.4840     0.2113  1.000e-12  0.1912000    33.3941    33.3941     0.0001    25.2012    25.2011     30.330     30.308      0.578    1497.90    1497.90  0.000e+00
      10950     31.000    12.7344    12.7354     0.0010    3.90451    3.90459          1     5.7199     5.4291      11.86     0.4579     0.2238  1.000e-12  0.1848000    33.3960    33.3960    -0.0001    25.2027    25.2024     30.827     30.805      0.554    1497.91    1497.92  0.000e+00
      10973     31.500    12.7343    12.7353     0.0010    3.90480    3.90489          1     5.7176     5.4309      11.05     0.4762     0.2164  1.000e-12  0.2039000    33.3987    33.3987    -0.0001    25.2048    25.2045     31.325     31.302      0.554    1497.93    1497.93  0.000e+00
      10994     32.000    12.7334    12.7344     0.0010    3.90493    3.90501          1     5.7226     5.4322      10.83     0.4297     0.2056  1.000e-12  0.1981000    33.4005    33.4005    -0.0001    25.2063    25.2061     31.822     31.799      0.580    1497.93    1497.94  0.000e+00
      11014     32.500    12.7323    12.7332     0.0009    3.90508    3.90516          1     5.7220     5.4316      44.87     0.4295     0.2659  1.000e-12  0.1931000    33.4027    33.4027     0.0000    25.2082    25.2081     32.319     32.295      0.564    1497.94    1497.94  0.000e+00
      11036     33.000    12.7303    12.7314     0.0010    3.90569    3.90571          1     5.7126     5.4253      98.52     0.3998     0.2246  1.000e-12  0.1844000    33.4101    33.4093    -0.0008    25.2144    25.2136     32.816     32.792      0.531    1497.95    1497.95  0.000e+00
      11059     33.500    12.7238    12.7259     0.0021    3.90632    3.90650          1     5.7273     5.4341      98.71     0.3760     0.2104  1.000e-12  0.1766000    33.4217    33.4216    -0.0002    25.2247    25.2241     33.313     33.289      0.558    1497.95    1497.95  0.000e+00
      11079     34.000    12.6822    12.6858     0.0036    3.90246    3.90283          1     5.7567     5.4707      98.71     0.3865     0.2464  1.000e-12  0.1754000    33.4215    33.4219     0.0003    25.2326    25.2322     33.810     33.786      0.611    1497.82    1497.83  0.000e+00
      11098     34.500    12.6285    12.6310     0.0024    3.89678    3.89698          1     5.7918     5.4958      59.95     0.4523     0.2861  1.000e-12  0.1866000    33.4148    33.4144    -0.0003    25.2378    25.2371     34.308     34.282      0.598    1497.64    1497.65  0.000e+00
      11120     35.000    12.6174    12.6185     0.0011    3.89577    3.89586          1     5.8161     5.5022      32.85     0.5928     0.3102  1.000e-12  0.1875000    33.4147    33.4145    -0.0001    25.2399    25.2396     34.805     34.779      0.487    1497.61    1497.61  0.000e+00
      11149     35.500    12.6136    12.6144     0.0008    3.89570    3.89572          1     5.8287     5.5045      21.08     0.5998     0.2090  1.000e-12  0.1914000    33.4172    33.4167    -0.0005    25.2426    25.2420     35.302     35.276      0.419    1497.61    1497.61  0.000e+00
      11176     36.000    12.6226    12.6220    -0.0006    3.89720    3.89708          1     5.7871     5.4875       5.31     0.6000     0.2257  1.000e-12  0.1800000    33.4234    33.4227    -0.0007    25.2457    25.2453     35.799     35.773      0.542    1497.65    1497.65  0.000e+00
      11195     36.500    12.6361    12.6366     0.0005    3.89975    3.89978          1     5.7503     5.4749       5.11     0.5575     0.2482  1.000e-12  0.1917000    33.4356    33.4354    -0.0002    25.2525    25.2522     36.296     36.269      0.669    1497.72    1497.72  0.000e+00
      11211     37.000    12.6283    12.6306     0.0022    3.90024    3.90034          1     5.7551     5.4715       4.76     0.5229     0.2118  1.000e-12  0.1897000    33.4469    33.4458    -0.0011    25.2628    25.2615     36.793     36.766      0.696    1497.72    1497.72  0.000e+00
      11229     37.500    12.6154    12.6158     0.0003    3.90027    3.90014          1     5.7679     5.4668      14.87     0.4800     0.2023  1.000e-12  0.1866000    33.4584    33.4569    -0.0015    25.2742    25.2729     37.291     37.263      0.597    1497.70    1497.69  0.000e+00
      11255     38.000    12.6353    12.6307    -0.0046    3.90409    3.90332          1     5.7379     5.4418      95.58     0.4252     0.2303  1.000e-12  0.1986000    33.4770    33.4738    -0.0033    25.2848    25.2831     37.788     37.759      0.405    1497.79    1497.77  0.000e+00
      11288     38.500    12.6659    12.6595    -0.0065    3.90928    3.90794          1     5.6929     5.3902      98.71     0.3951     0.2208  1.000e-12  0.2139000    33.4993    33.4922    -0.0070    25.2960    25.2918     38.285     38.256      0.438    1497.93    1497.90  0.000e+00
      11310     39.000    12.7135    12.7123    -0.0012    3.91652    3.91631          1     5.6361     5.3346      98.71     0.3539     0.2092  1.000e-12  0.2088000    33.5259    33.5249    -0.0010    25.3074    25.3069     38.782     38.753      0.637    1498.13    1498.12  0.000e+00
      11327     39.500    12.8175    12.8058    -0.0115    3.93254    3.93112          1     5.5495     5.2658      98.71     0.2725     0.1786  1.000e-12  0.2049000    33.5859    33.5828    -0.0031    25.3334    25.3333     39.279     39.250      0.700    1498.56    1498.52  0.000e+00
      11344     40.000    12.9275    12.9254    -0.0022    3.95046    3.95026          1     5.4923     5.2144      98.71     0.2131     0.1901  1.000e-12  0.2412000    33.6583    33.6583    -0.0001    25.3679    25.3683     39.776     39.746      0.638    1499.02    1499.01  0.000e+00
      11366     40.500    12.9576    12.9580     0.0004    3.95611    3.95588          1     5.4652     5.1863      98.71     0.1361     0.2083  1.000e-12  0.2642000    33.6850    33.6825    -0.0025    25.3826    25.3806     40.274     40.243      0.482    1499.16    1499.16  0.000e+00
      11396     41.000    12.9544    12.9602     0.0058    3.96055    3.96028          1     5.4626     5.1833      98.71     0.1046     0.2308  1.000e-12  0.2858000    33.7298    33.7221    -0.0077    25.4179    25.4108     40.771     40.739      0.419    1499.21    1499.22  0.000e+00
      11421     41.500    12.8654    12.8732     0.0079    3.95476    3.95548          1     5.4949     5.2126      98.71     0.1237     0.2005  1.000e-12  0.3000000    33.7540    33.7539    -0.0001    25.4543    25.4527     41.268     41.236      0.581    1498.95    1498.98  0.000e+00
      11439     42.000    12.7824    12.7869     0.0045    3.94922    3.94935          1     5.4957     5.2244      98.71     0.1268     0.1849  1.000e-12  0.3018000    33.7752    33.7725    -0.0027    25.4871    25.4841     41.765     41.733      0.719    1498.71    1498.72  0.000e+00
      11454     42.500    12.7701    12.7712     0.0012    3.95036    3.95042          1     5.4906     5.2280      98.71     0.1268     0.2347  1.000e-12  0.2971000    33.7969    33.7964    -0.0004    25.5063    25.5057     42.262     42.229      0.756    1498.70    1498.70  0.000e+00
      11470     43.000    12.7540    12.7576     0.0036    3.95133    3.95134          1     5.5035     5.2344      98.71     0.1185     0.2323  1.000e-12  0.3134000    33.8204    33.8172    -0.0032    25.5277    25.5245     42.759     42.726      0.688    1498.68    1498.69  0.000e+00
      11491     43.500    12.7199    12.7236     0.0038    3.95207    3.95209          1     5.5116     5.2361      98.71     0.1127     0.2225  1.000e-12  0.3290000    33.8579    33.8547    -0.0032    25.5634    25.5602     43.256     43.223      0.495    1498.62    1498.63  0.000e+00
      11524     44.000    12.6595    12.6812     0.0217    3.94889    3.95042          1     5.5156     5.2472      98.71     0.1109     0.2127  1.000e-12  0.3497000    33.8815    33.8766    -0.0049    25.5935    25.5855     43.754     43.719      0.334    1498.45    1498.52  0.000e+00
      11555     44.500    12.6433    12.6426    -0.0007    3.94867    3.94847          1     5.5434     5.2501      98.71     0.1110     0.1815  1.000e-12  0.3415000    33.8937    33.8924    -0.0013    25.6062    25.6053     44.251     44.216      0.557    1498.42    1498.42  0.000e+00
      11573     45.000    12.6308    12.6322     0.0015    3.94862    3.94875          1     5.5649     5.2536      98.71     0.1072     0.1807  1.000e-12  0.3757000    33.9043    33.9043    -0.0001    25.6168    25.6165     44.748     44.712      0.754    1498.40    1498.40  0.000e+00
      11587     45.500    12.5907    12.5946     0.0038    3.94523    3.94536          1     5.5679     5.2568      98.71     0.1105     0.2218  1.000e-12  0.3890000    33.9077    33.9054    -0.0023    25.6273    25.6248     45.245     45.209      0.808    1498.28    1498.29  0.000e+00
      11602     46.000    12.6020    12.6006    -0.0013    3.95019    3.94988          1     5.5660     5.2580      98.71     0.1267     0.2366  1.000e-12  0.4069000    33.9449    33.9432    -0.0017    25.6539    25.6529     45.742     45.705      0.722    1498.37    1498.36  0.000e+00
      11623     46.500    12.6035    12.6072     0.0037    3.95149    3.95180          1     5.5649     5.2576      98.71     0.1277     0.2231  1.000e-12  0.4223000    33.9558    33.9555    -0.0004    25.6621    25.6611     46.239     46.202      0.468    1498.39    1498.41  0.000e+00
      11659     47.000    12.5800    12.5937     0.0137    3.94999    3.95048          1     5.5814     5.2638      98.71     0.1189     0.1824  1.000e-12  0.4154000    33.9625    33.9547    -0.0078    25.6719    25.6632     46.736     46.698      0.362    1498.33    1498.37  0.000e+00
      11683     47.500    12.5770    12.5777     0.0007    3.95083    3.95086          1     5.5937     5.2705      98.71     0.1173     0.2017  1.000e-12  0.3953000    33.9729    33.9726    -0.0003    25.6806    25.6801     47.234     47.195      0.713    1498.34    1498.34  0.000e+00
      11697     48.000    12.5735    12.5752     0.0019    3.95152    3.95166          1     5.5929     5.2789      98.71     0.1044     0.2082  1.000e-12  0.4007000    33.9826    33.9824    -0.0002    25.6887    25.6882     47.731     47.691      0.879    1498.35    1498.36  0.000e+00
      11710     48.500    12.5298    12.5355     0.0056    3.94810    3.94861          1     5.5847     5.2826      98.71     0.0975     0.2300  1.000e-12  0.4072000    33.9890    33.9887    -0.0003    25.7022    25.7008     48.228     48.188      0.911    1498.22    1498.24  0.000e+00
      11723     49.000    12.5301    12.5300    -0.0001    3.94955    3.94952          1     5.5770     5.2808      98.71     0.1095     0.2326  1.000e-12  0.4331000    34.0024    34.0023    -0.0001    25.7125    25.7124     48.725     48.684      0.804    1498.24    1498.24  0.000e+00
      11741     49.500    12.5491    12.5488    -0.0004    3.95227    3.95212          1     5.5801     5.2771      98.71     0.1157     0.1854  1.000e-12  0.4436000    34.0111    34.0100    -0.0011    25.7156    25.7148     49.222     49.181      0.525    1498.32    1498.32  0.000e+00
      11778     50.000    12.5440    12.5512     0.0071    3.95229    3.95249          1     5.5959     5.2783      98.71     0.1251     0.2344  1.000e-12  0.4020000    34.0158    34.0113    -0.0045    25.7202    25.7153     49.719     49.677      0.309    1498.32    1498.34  0.000e+00
      11807     50.500    12.5226    12.5259     0.0033    3.95047    3.95079          1     5.6006     5.2983      98.71     0.1173     0.2313  1.000e-12  0.4102000    34.0174    34.0175     0.0001    25.7256    25.7251     50.216     50.174      0.593    1498.26    1498.27  0.000e+00
      11824     51.000    12.4784    12.4839     0.0055    3.94615    3.94657          1     5.6152     5.3149      98.71     0.1343     0.2219  1.000e-12  0.4532000    34.0157    34.0148    -0.0009    25.7328    25.7311     50.714     50.670      0.715    1498.12    1498.13  0.000e+00
      11840     51.500    12.4525    12.4538     0.0013    3.94410    3.94416          1     5.6239     5.3169      98.71     0.1503     0.2109  1.000e-12  0.4932000    34.0193    34.0187    -0.0006    25.7407    25.7400     51.211     51.167      0.703    1498.04    1498.04  0.000e+00
      11859     52.000    12.4542    12.4567     0.0025    3.94522    3.94544          1     5.6305     5.3116      98.71     0.1498     0.2037  1.000e-12  0.5477000    34.0282    34.0281    -0.0001    25.7473    25.7467     51.708     51.663      0.585    1498.07    1498.08  0.000e+00
      11883     52.500    12.4420    12.4430     0.0011    3.94441    3.94450          1     5.6352     5.3130      98.71     0.1504     0.1958  1.000e-12  0.5234000    34.0313    34.0312    -0.0001    25.7521    25.7518     52.205     52.160      0.482    1498.04    1498.04  0.000e+00
      11908     53.000    12.4516    12.4505    -0.0012    3.94624    3.94591          1     5.6368     5.3128      98.71     0.1499     0.2172  1.000e-12  0.5107000    34.0400    34.0379    -0.0021    25.7569    25.7555     52.702     52.656      0.513    1498.09    1498.08  0.000e+00
      11930     53.500    12.4712    12.4713     0.0002    3.94929    3.94926          1     5.6366     5.3087      98.71     0.1736     0.2786  1.000e-12  0.5418000    34.0515    34.0510    -0.0005    25.7620    25.7616     53.199     53.153      0.551    1498.18    1498.18  0.000e+00
      11951     54.000    12.4755    12.4765     0.0010    3.95011    3.95018          1     5.6131     5.3108      98.71     0.1795     0.2645  1.000e-12  0.5667000    34.0552    34.0550    -0.0002    25.7641    25.7637     53.696     53.649      0.569    1498.20    1498.21  0.000e+00
      11972     54.500    12.4716    12.4728     0.0012    3.95021    3.95025          1     5.6042     5.3090      98.71     0.1736     0.2335  1.000e-12  0.5805000    34.0595    34.0588    -0.0007    25.7682    25.7674     54.193     54.146      0.587    1498.21    1498.21  0.000e+00
      11992     55.000    12.4850    12.4842    -0.0008    3.95304    3.95287          1     5.6166     5.3057      98.71     0.1735     0.2264  1.000e-12  0.5887000    34.0743    34.0733    -0.0010    25.7771    25.7765     54.691     54.642      0.598    1498.28    1498.27  0.000e+00
      12012     55.500    12.4957    12.4967     0.0010    3.95513    3.95520          1     5.6226     5.3060      98.71     0.1709     0.2277  1.000e-12  0.6104000    34.0845    34.0843    -0.0002    25.7828    25.7825     55.188     55.139      0.559    1498.33    1498.34  0.000e+00
      12036     56.000    12.5021    12.5026     0.0005    3.95671    3.95671          1     5.6178     5.3060      98.71     0.1820     0.1999  1.000e-12  0.6177000    34.0938    34.0933    -0.0005    25.7888    25.7883     55.685     55.635      0.480    1498.37    1498.37  0.000e+00
