ctdpy/exports/archive_20191121_122431/received_data/SBE09_0827_20180903_1619_26_01_0956.cnv
* Sea-Bird SBE 9 Data File:
* FileName = D:\CTD_SBE911\DAT\26DA.2018.9.6.hex
* Software Version Seasave V 7.21d
* Temperature SN = 034605
* Conductivity SN = 041844
* Number of Bytes Per Scan = 48
* Number of Voltage Words = 5
* Number of Scans Averaged by the Deck Unit = 1
* NMEA Latitude = 55 22.85 N
* NMEA Longitude = 015 19.61 E
* NMEA UTC (Time) = Sep 03 2018  16:22:20
* NMEA baud rate = 4800
** Ship: DANA
** Average sound velocity: 1460.66 m/s
** True-depth calculation Wed, 03 Apr 2019 09:24:03 +0000
** CTD Python Module SMHI /ver 3-12/ feb 2012 
** LIMS Job: 20182601-0956
**  BY4
** Operator: Christian JKro
** Cruise: 09/2018
# nquan = 26
# nvalues = 173                         
# units = specified
# name 0 = scan: Scan Count
# name 1 = prDM: Pressure, Digiquartz [db]
# name 2 = t090C: Temperature [ITS-90, deg C]
# name 3 = t190C: Temperature, 2 [ITS-90, deg C]
# name 4 = T2-T190C: Temperature Difference, 2 - 1 [ITS-90, deg C]
# name 5 = c0S/m: Conductivity [S/m]
# name 6 = c1S/m: Conductivity, 2 [S/m]
# name 7 = pumps: Pump Status
# name 8 = sbeox1ML/L: Oxygen, SBE 43, 2 [ml/l]
# name 9 = sbeox0ML/L: Oxygen, SBE 43 [ml/l]
# name 10 = altM: Altimeter [m]
# name 11 = chloroflTC0: Chlorophyll, Turner Cyclops [ug/l]
# name 12 = cpar: CPAR/Corrected Irradiance [%]
# name 13 = par: PAR/Irradiance, Biospherical/Lico [µE/(cm^2*s)]
# name 14 = spar: SPAR, Biospherical/Licor
# name 15 = sal00: Salinity, Practical [PSU]
# name 16 = sal11: Salinity, Practical, 2 [PSU]
# name 17 = secS-priS: Salinity, Practical, Difference, 2 - 1 [PSU]
# name 18 = sigma-t00: Density [sigma-t, kg/m^3 ]
# name 19 = sigma-t11: Density, 2 [sigma-t, kg/m^3 ]
# name 20 = depSM: Depth [salt water, m], lat = 55.3808
# name 21 = depFM: Depth [true depth, m], lat = 55.3808
# name 22 = dz/dtM: Descent Rate [m/s], WS = 2
# name 23 = svCM: Sound Velocity [Chen-Millero, m/s]
# name 24 = svCM1: Sound Velocity, 2 [Chen-Millero, m/s]
# name 25 = flag: flag
# span 0 =        -57,       8835       
# span 1 =      1.500,     88.000       
# span 2 =     4.3785,    18.2957       
# span 3 =     4.4171,    18.2938       
# span 4 =    -1.6468,     1.6004       
# span 5 =   0.816664,   1.795214       
# span 6 =   0.819003,   1.788436       
# span 7 =          1,          1       
# span 8 =     0.0634,     7.2340       
# span 9 =     0.0286,     7.4544       
# span 10 =       2.77,      16.66      
# span 11 =     0.0429,     0.2624      
# span 12 = -3.027e-07, 4.3477e+00      
# span 13 = -2.916e-06, 4.2985e+01      
# span 14 = 6.9130e+02, 1.0075e+03      
# span 15 =     7.4147,    16.4676      
# span 16 =     7.4123,    16.4594      
# span 17 =    -0.6390,     0.0716      
# span 18 =     4.1965,    12.8515      
# span 19 =     4.1939,    12.8436      
# span 20 =      1.486,     87.186      
# span 21 =      1.521,     88.924      
# span 22 =      0.091,      1.398      
# span 23 =    1433.83,    1487.00      
# span 24 =    1434.19,    1487.11      
# span 25 = 0.0000e+00, 0.0000e+00      
# interval = decibars: 0.5              
# start_time = Sep 03 2018 16:22:21 [NMEA time, first data scan]
# bad_flag = -9.990e-29
*END*
[from data line 112]
       5841     58.000    12.1311    12.0343    -0.0968    1.56472    1.53792          1     3.8518     3.6030       9.97     0.0433  1.060e-13  1.000e-12  9.430e+02    12.4317    12.2322    -0.1995     9.1076     8.9676     57.467     58.720      0.218    1471.40    1470.81  0.000e+00
       5890     58.500    11.9470    12.0825     0.1354    1.56364    1.54873          1     3.8159     3.5636       9.97     0.0441  1.071e-13  1.000e-12  9.335e+02    12.4834    12.3097    -0.1737     9.1741     9.0205     57.963     59.225      0.257    1470.79    1471.08  0.000e+00
       5942     59.000    11.8311    12.0537     0.2225    1.56845    1.55754          1     3.7596     3.6241       9.97     0.0430  1.062e-13  1.000e-12  9.419e+02    12.5638    12.3951    -0.1687     9.2527     9.0906     58.458     59.730      0.226    1470.47    1471.09  0.000e+00
       5987     59.500    11.4229    11.9501     0.5276    1.55531    1.56226          1     3.7280     3.3383       9.97     0.0446  1.067e-13  1.000e-12  9.376e+02    12.5863    12.4702    -0.1160     9.3264     9.1634     58.953     60.234      0.304    1469.00    1470.81  0.000e+00
       6030     60.000    10.2288    11.7767     1.5472    1.50072    1.56221          1     3.6941     3.1810       9.97     0.0441  1.064e-13  1.000e-12  9.398e+02    12.5066    12.5276     0.0211     9.4193     9.2324     59.449     60.739      0.245    1464.42    1470.25  0.000e+00
       6084     60.500    10.0243    11.3081     1.2841    1.50790    1.54948          1     3.6237     3.1469       9.97     0.0437  1.064e-13  1.000e-12  9.396e+02    12.6426    12.5740    -0.0686     9.5508     9.3329     59.944     61.243      0.233    1463.82    1468.58  0.000e+00
       6129     61.000    10.3007    10.8511     0.5506    1.54330    1.53409          1     3.5116     2.8835       9.97     0.0448  1.065e-13  1.000e-12  9.387e+02    12.8670    12.5932    -0.2737     9.6911     9.4087     60.439     61.748      0.260    1465.15    1466.90  0.000e+00
       6188     61.500    10.3927    10.4882     0.0956    1.56444    1.53189          1     3.3398     2.7174       9.97     0.0448  1.063e-13  1.000e-12  9.402e+02    13.0254    12.6985    -0.3269     9.8026     9.5369     60.935     62.252      0.203    1465.70    1465.67  0.000e+00
       6241     62.000    10.4269    10.3701    -0.0567    1.58677    1.54361          1     3.1606     2.5778       9.97     0.0441  1.065e-13  1.000e-12  9.386e+02    13.2150    12.8452    -0.3697     9.9453     9.6657     61.430     62.756      0.255    1466.07    1465.41  0.000e+00
       6293     62.500     9.9774    10.3862     0.4088    1.58448    1.56362          1     2.9632     2.0796       9.97     0.0464  1.062e-13  1.000e-12  9.420e+02    13.3580    13.0203    -0.3377    10.1118     9.7994     61.925     63.260      0.228    1464.54    1465.69  0.000e+00
       6340     63.000     9.5948    10.2913     0.6960    1.57922    1.57587          1     2.7930     2.1695       9.97     0.0459  1.065e-13  1.000e-12  9.391e+02    13.4512    13.1652    -0.2859    10.2302     9.9238     62.421     63.765      0.280    1463.19    1465.51  0.000e+00
       6385     63.500     9.7909    10.0298     0.2390    1.60449    1.57985          1     2.5931     2.2818       9.97     0.0463  1.059e-13  1.000e-12  9.440e+02    13.6111    13.2964    -0.3147    10.3314    10.0579     62.916     64.269      0.247    1464.15    1464.68  0.000e+00
       6434     64.000     9.9308     9.8701    -0.0605    1.62649    1.58509          1     2.4198     2.2667       9.97     0.0459  1.060e-13  1.000e-12  9.433e+02    13.7606    13.4030    -0.3576    10.4306    10.1601     63.411     64.773      0.252    1464.87    1464.21  0.000e+00
       6482     64.500     9.3409     9.8647     0.5233    1.61423    1.59651          1     2.3576     1.3203       9.97     0.0455  1.060e-13  1.000e-12  9.435e+02    13.8725    13.5099    -0.3626    10.5860    10.2438     63.906     65.277      0.227    1462.73    1464.32  0.000e+00
       6541     65.000     8.1633     9.7632     1.6004    1.56688    1.61111          1     2.3213     0.4699       9.97     0.0457  1.063e-13  1.000e-12  9.410e+02    13.8839    13.6825    -0.2014    10.7234    10.3901     64.402     65.781      0.215    1458.12    1464.15  0.000e+00
       6592     65.500     7.7652     9.1565     1.3902    1.56696    1.60231          1     1.9871     0.1871       9.97     0.0472  1.061e-13  1.000e-12  9.423e+02    14.0430    13.8325    -0.2105    10.8868    10.5772     64.897     66.284      0.232    1456.72    1461.99  0.000e+00
       6646     66.000     7.3871     8.6824     1.2958    1.56655    1.59097          1     1.4086     0.0286       9.97     0.0496  1.061e-13  1.000e-12  9.424e+02    14.1919    13.9099    -0.2819    11.0390    10.6896     65.392     66.788      0.238    1455.38    1460.23  0.000e+00
       6691     66.500     7.4103     8.1932     0.7828    1.58077    1.58067          1     1.0277     0.0867       9.97     0.0510  1.062e-13  1.000e-12  9.418e+02    14.3222    14.0044    -0.3178    11.1389    10.8145     65.888     67.292      0.268    1455.65    1458.41  0.000e+00
       6740     67.000     7.3975     7.8591     0.4615    1.59403    1.57868          1     0.6645     0.1460       9.97     0.0500  1.070e-13  1.000e-12  9.342e+02    14.4579    14.1188    -0.3391    11.2464    10.9372     66.383     67.796      0.228    1455.77    1457.22  0.000e+00
       6790     67.500     7.3776     7.5749     0.1973    1.60922    1.58066          1     0.4208     0.1125       9.97     0.0498  1.068e-13  1.000e-12  9.365e+02    14.6159    14.2534    -0.3625    11.3720    11.0697     66.878     68.299      0.248    1455.90    1456.25  0.000e+00
       6843     68.000     7.3814     7.5067     0.1254    1.62596    1.58947          1     0.2784     0.1098       9.97     0.0505  1.077e-13  1.000e-12  9.288e+02    14.7794    14.3676    -0.4118    11.4997    11.1656     67.374     68.803      0.205    1456.12    1456.12  0.000e+00
       6903     68.500     7.2685     7.4373     0.1688    1.63417    1.60392          1     0.2051     0.1045       9.97     0.0544  1.069e-13  1.000e-12  9.354e+02    14.9088    14.5384    -0.3705    11.6116    11.3057     67.869     69.306      0.216    1455.83    1456.06  0.000e+00
       6956     69.000     7.4498     7.3890    -0.0608    1.65277    1.61699          1     0.1698     0.0946       9.97     0.0562  1.108e-13  1.000e-12  9.027e+02    15.0145    14.6874    -0.3270    11.6773    11.4270     68.364     69.809      0.221    1456.71    1456.05  0.000e+00
       7007     69.500     7.6461     7.3624    -0.2837    1.67354    1.63156          1     0.1467     0.0922       9.97     0.0550  1.100e-13  1.000e-12  9.094e+02    15.1342    14.8425    -0.2917    11.7523    11.5509     68.860     70.313      0.264    1457.66    1456.15  0.000e+00
       7053     70.000     7.7271     7.4429    -0.2843    1.68584    1.64502          1     0.1337     0.0827       9.97     0.0538  1.070e-13  1.000e-12  9.348e+02    15.2197    14.9409    -0.2788    11.8113    11.6204     69.355     70.816      0.239    1458.10    1456.60  0.000e+00
       7105     70.500     8.0051     7.5602    -0.4448    1.70933    1.66115          1     0.1206     0.0742       9.97     0.0539  1.071e-13  1.000e-12  9.336e+02    15.3275    15.0492    -0.2783    11.8672    11.6941     69.850     71.319      0.240    1459.35    1457.22  0.000e+00
       7154     71.000     8.6614     7.7086    -0.9528    1.77228    1.67765          1     0.1120     0.0781       9.97     0.0542  1.087e-13  1.000e-12  9.199e+02    15.6493    15.1471    -0.5022    12.0487    11.7563     70.346     71.823      0.239    1462.36    1457.95  0.000e+00
       7209     71.500     8.0547     8.0133    -0.0413    1.75480    1.70620          1     0.1039     0.0810       9.97     0.0545  1.089e-13  1.000e-12  9.182e+02    15.7497    15.2938    -0.4559    12.1922    11.8404     70.841     72.326      0.214    1460.09    1459.36  0.000e+00
       7262     72.000     7.6886     8.2118     0.5231    1.73648    1.73281          1     0.1005     0.0752       9.97     0.0563  1.077e-13  1.000e-12  9.282e+02    15.7344    15.4658    -0.2686    12.2178    11.9543     71.336     72.829      0.226    1458.61    1460.37  0.000e+00
       7316     72.500     7.6216     8.0699     0.4483    1.73305    1.74224          1     0.0997     0.0693       9.97     0.0579  1.080e-13  1.000e-12  9.260e+02    15.7307    15.6202    -0.1104    12.2215    12.0897     71.831     73.332      0.233    1458.35    1460.01  0.000e+00
       7364     73.000     7.6076     7.8402     0.2325    1.73302    1.74078          1     0.0980     0.0670       9.97     0.0560  1.084e-13  1.000e-12  9.227e+02    15.7365    15.7084    -0.0282    12.2275    12.1822     72.327     73.835      0.259    1458.30    1459.20  0.000e+00
       7411     73.500     7.6047     7.7187     0.1140    1.73332    1.73738          1     0.0923     0.0657       9.97     0.0566  1.093e-13  1.000e-12  9.150e+02    15.7407    15.7294    -0.0113    12.2310    12.2109     72.822     74.338      0.247    1458.30    1458.75  0.000e+00
       7462     74.000     7.6041     7.6560     0.0519    1.73372    1.73522          1     0.0902     0.0634       9.97     0.0572  1.095e-13  1.000e-12  9.135e+02    15.7448    15.7362    -0.0086    12.2343    12.2225     73.317     74.842      0.231    1458.32    1458.51  0.000e+00
       7513     74.500     7.5761     7.6318     0.0557    1.73352    1.73443          1     0.0868     0.0641       9.97     0.0587  1.102e-13  1.000e-12  9.076e+02    15.7554    15.7392    -0.0162    12.2453    12.2271     73.813     75.345      0.231    1458.23    1458.43  0.000e+00
       7568     75.000     7.5171     7.6070     0.0899    1.73161    1.73397          1     0.0836     0.0603       9.97     0.0565  1.108e-13  1.000e-12  9.023e+02    15.7631    15.7457    -0.0174    12.2571    12.2347     74.308     75.848      0.206    1458.00    1458.35  0.000e+00
       7625     75.500     7.4654     7.5706     0.1052    1.72966    1.73334          1     0.0847     0.0603       9.97     0.0569  1.120e-13  1.000e-12  8.932e+02    15.7670    15.7558    -0.0111    12.2651    12.2462     74.803     76.351      0.235    1457.81    1458.22  0.000e+00
       7674     76.000     7.4239     7.5403     0.1164    1.72895    1.73237          1     0.0839     0.0595       9.97     0.0574  1.138e-13  1.000e-12  8.784e+02    15.7787    15.7598    -0.0189    12.2783    12.2523     75.299     76.854      0.234    1457.66    1458.11  0.000e+00
       7725     76.500     7.4313     7.4947     0.0634    1.73100    1.73113          1     0.0787     0.0530       9.97     0.0561  1.163e-13  1.000e-12  8.601e+02    15.7955    15.7680    -0.0275    12.2908    12.2632     75.794     77.357      0.254    1457.72    1457.94  0.000e+00
       7769     77.000     7.5012     7.4692    -0.0320    1.73661    1.73066          1     0.0799     0.0575       9.97     0.0561  1.184e-13  1.000e-12  8.446e+02    15.8193    15.7748    -0.0445    12.3026    12.2709     76.289     77.860      0.263    1458.04    1457.86  0.000e+00
       7818     77.500     7.3818     7.4581     0.0763    1.73191    1.73182          1     0.0790     0.0555       9.97     0.0569  1.210e-13  1.000e-12  8.268e+02    15.8268    15.7912    -0.0356    12.3201    12.2849     76.784     78.363      0.251    1457.58    1457.84  0.000e+00
       7863     78.000     7.2778     7.4574     0.1796    1.72924    1.73316          1     0.0787     0.0528       9.97     0.0569  1.223e-13  1.000e-12  8.174e+02    15.8476    15.8047    -0.0429    12.3462    12.2955     77.280     78.866      0.264    1457.19    1457.86  0.000e+00
       7914     78.500     7.2652     7.3820     0.1168    1.73069    1.73214          1     0.0771     0.0517       9.97     0.0558  1.231e-13  1.000e-12  8.122e+02    15.8677    15.8288    -0.0389    12.3631    12.3216     77.775     79.369      0.226    1457.17    1457.60  0.000e+00
       7963     79.000     7.2595     7.3313     0.0719    1.73269    1.73120          1     0.0747     0.0508       9.97     0.0561  1.241e-13  1.000e-12  8.058e+02    15.8901    15.8424    -0.0477    12.3812    12.3371     78.270     79.872      0.254    1457.18    1457.41  0.000e+00
       8013     79.500     7.2426     7.3027     0.0601    1.73534    1.73145          1     0.0742     0.0513       9.97     0.0562  1.242e-13  1.000e-12  8.053e+02    15.9242    15.8578    -0.0664    12.4096    12.3519     78.766     80.375      0.240    1457.16    1457.33  0.000e+00
       8058     80.000     7.2387     7.2758     0.0370    1.73966    1.73236          1     0.0750     0.0497       9.84     0.0557  1.243e-13  1.000e-12  8.042e+02    15.9690    15.8792    -0.0899    12.4451    12.3711     79.261     80.878      0.307    1457.21    1457.25  0.000e+00
       8095     80.500     7.1953     7.2635     0.0681    1.74310    1.73457          1     0.0745     0.0504       9.36     0.0571  1.251e-13  1.000e-12  7.996e+02    16.0233    15.9067    -0.1166    12.4917    12.3939     79.756     81.381      0.291    1457.11    1457.24  0.000e+00
       8143     81.000     7.1617     7.2394     0.0777    1.74995    1.73767          1     0.0737     0.0451       8.86     0.0571  1.263e-13  1.000e-12  7.915e+02    16.1072    15.9485    -0.1587    12.5606    12.4289     80.251     81.884      0.245    1457.09    1457.20  0.000e+00
       8186     81.500     7.1692     7.2187     0.0495    1.75498    1.74136          1     0.0723     0.0457       8.35     0.0581  1.288e-13  1.000e-12  7.767e+02    16.1540    15.9948    -0.1592    12.5966    12.4672     80.747     82.387      0.309    1457.18    1457.19  0.000e+00
       8230     82.000     7.1918     7.2019     0.0101    1.75932    1.74558          1     0.0704     0.0472       7.83     0.0588  1.319e-13  1.000e-12  7.581e+02    16.1868    16.0446    -0.1422    12.6202    12.5077     81.242     82.890      0.215    1457.32    1457.19  0.000e+00
       8294     82.500     7.2089     7.1892    -0.0196    1.76220    1.75368          1     0.0686     0.0467       7.34     0.0591  1.364e-13  1.000e-12  7.332e+02    16.2076    16.1314    -0.0762    12.6348    12.5770     81.737     83.393      0.252    1457.43    1457.25  0.000e+00
       8339     83.000     7.2147     7.1990    -0.0157    1.76601    1.75789          1     0.0670     0.0431       6.82     0.0592  1.394e-13  1.000e-12  7.172e+02    16.2428    16.1689    -0.0739    12.6619    12.6055     82.233     83.896      0.240    1457.50    1457.35  0.000e+00
       8391     83.500     7.2157     7.2076    -0.0081    1.76953    1.76152          1     0.0687     0.0407       6.32     0.0594  1.409e-13  1.000e-12  7.100e+02    16.2774    16.2011    -0.0764    12.6889    12.6298     82.728     84.399      0.270    1457.56    1457.43  0.000e+00
       8429     84.000     7.4300     7.2127    -0.2172    1.78883    1.76446          1     0.0682     0.0436       5.82     0.0591  1.391e-13  1.000e-12  7.188e+02    16.3693    16.2280    -0.1412    12.7402    12.6505     83.223     84.902      0.299    1458.55    1457.49  0.000e+00
       8477     84.500     7.5027     7.2693    -0.2333    1.79521    1.77036          1     0.0688     0.0417       5.32     0.0600  1.347e-13  1.000e-12  7.426e+02    16.3985    16.2603    -0.1382    12.7560    12.6704     83.718     85.405      0.238    1458.89    1457.77  0.000e+00
       8522     85.000     7.4683     7.3764    -0.0919    1.79349    1.78160          1     0.0689     0.0436       4.82     0.0589  1.340e-13  1.000e-12  7.464e+02    16.3974    16.3222    -0.0752    12.7585    12.7086     84.214     85.908      0.266    1458.75    1458.29  0.000e+00
