ctdpy/exports/archive_20191121_122431/received_data/SBE09_1044_20180420_0521_34_07_0023.cnv
* Sea-Bird SBE 9 Data File:
* FileName = C:\ctd\temp\2018\AU18D023.hex
* Software Version Seasave V 7.26.6.26
* Temperature SN = 5351
* Conductivity SN = 3941
* Number of Bytes Per Scan = 41
* Number of Voltage Words = 4
* Number of Scans Averaged by the Deck Unit = 1
* NMEA Latitude = 56 22.24 N
* NMEA Longitude = 016 12.09 E
* NMEA UTC (Time) = Apr 20 2018  05:21:26
* NMEA baud rate = 4800
** Station:  Ref M1V1
** Operator:  SSip
** Ship: AURA
** Average sound velocity: 1431.24 m/s
** True-depth calculation Fri, 20 Apr 2018 06:44:07 +0000
** CTD Python Module SMHI /ver 3-12/ feb 2012 
** LIMS Job: 20183407-0023
** Cruise: SMHI-01-2018
** Latitude [GG MM.mm N] :
** Longitude [GG MM.mm E]:
# nquan = 26
# nvalues = 32                          
# units = specified
# name 0 = scan: Scan Count
# name 1 = prDM: Pressure, Digiquartz [db]
# name 2 = t090C: Temperature [ITS-90, deg C]
# name 3 = t190C: Temperature, 2 [ITS-90, deg C]
# name 4 = T2-T190C: Temperature Difference, 2 - 1 [ITS-90, deg C]
# name 5 = c0S/m: Conductivity [S/m]
# name 6 = c1S/m: Conductivity, 2 [S/m]
# name 7 = pumps: Pump Status
# name 8 = sbeox0ML/L: Oxygen, SBE 43 [ml/l]
# name 9 = sbeox1ML/L: Oxygen, SBE 43, 2 [ml/l]
# name 10 = altM: Altimeter [m]
# name 11 = flECO-AFL: Chl-a Fluorescence, WET Labs ECO-AFL/FL [mg/m^3]
# name 12 = flECO-AFL1: Phycocyanin Fluorescence, WET Labs ECO-AFL/FL, 2 [mg/m^3]
# name 13 = par: PAR/Irradiance, Biospherical/Lico [µE/(cm^2*s)]
# name 14 = turbWETntu0: Turbidity, WET Labs ECO [NTU]
# name 15 = sal00: Salinity, Practical [PSU]
# name 16 = sal11: Salinity, Practical, 2 [PSU]
# name 17 = secS-priS: Salinity, Practical, Difference, 2 - 1 [PSU]
# name 18 = sigma-t00: Density [sigma-t, Kg/m^3 ]
# name 19 = sigma-t11: Density, 2 [sigma-t, Kg/m^3 ]
# name 20 = depSM: Depth [salt water, m], lat = 56.3707
# name 21 = depFM: Depth [true depth, m], lat = 56.3707
# name 22 = dz/dtM: Descent Rate [m/s], WS = 2
# name 23 = svCM: Sound Velocity [Chen-Millero, m/s]
# name 24 = svCM1: Sound Velocity, 2 [Chen-Millero, m/s]
# name 25 = flag: flag
# span 0 =       5252,       6015       
# span 1 =      1.000,     16.500       
# span 2 =     2.9255,     4.8454       
# span 3 =     2.9344,     4.8544       
# span 4 =    -0.1579,     0.3290       
# span 5 =   0.724544,   0.741812       
# span 6 =   0.724576,   0.741821       
# span 7 =          1,          1       
# span 8 =    9.45603,    9.92801       
# span 9 =    9.26819,    9.70081       
# span 10 =       2.88,      20.28      
# span 11 =     1.4383,     3.4154      
# span 12 =     0.3307,     0.7082      
# span 13 = 1.0104e+00, 3.0980e+03      
# span 14 =     0.4442,     0.9594      
# span 15 =     6.8334,     7.0653      
# span 16 =     6.8315,     7.0638      
# span 17 =    -0.0329,     0.0168      
# span 18 =     5.4077,     5.6332      
# span 19 =     5.4061,     5.6319      
# span 20 =      0.991,     16.349      
# span 21 =      1.013,     16.714      
# span 22 =     -0.188,      0.595      
# span 23 =    1426.17,    1434.36      
# span 24 =    1426.21,    1434.40      
# span 25 = 0.0000e+00, 0.0000e+00      
# interval = decibars: 0.5              
# start_time = Apr 20 2018 05:21:26 [NMEA time, first data scan]
# bad_flag = -9.990e-29
*END*
       5252      1.000     4.1541     4.3931     0.2390    0.73396    0.73669          1     9.9280     9.6496      20.28     1.4383     0.4576  3.098e+03  0.4442000     6.8994     6.8767    -0.0227     5.4811     5.4565      0.991      1.013      0.326    1431.32    1432.36  0.000e+00
       5284      1.500     4.5328     4.5179    -0.0152    0.73834    0.73819          1     9.7278     9.4477      19.87     2.1231     0.4194  1.509e+03  0.4906000     6.8639     6.8655     0.0016     5.4423     5.4440      1.486      1.519      0.388    1432.97    1432.91  0.000e+00
       5312      2.000     4.3242     4.3608     0.0367    0.73606    0.73641          1     9.5733     9.4569      19.39     2.0506     0.3829  4.049e+02  0.5011000     6.8846     6.8805    -0.0042     5.4647     5.4604      1.982      2.026      0.523    1432.07    1432.23  0.000e+00
       5332      2.500     4.1272     4.1165    -0.0107    0.73392    0.73373          1     9.7074     9.5800      18.95     1.6964     0.3468  3.248e+02  0.5000000     6.9044     6.9047     0.0003     5.4858     5.4863      2.477      2.532      0.595    1431.22    1431.18  0.000e+00
       5352      3.000     4.1649     4.4949     0.3290    0.73434    0.73794          1     9.8614     9.5972      18.48     1.8002     0.3307  2.549e+02  0.4824000     6.9006     6.8677    -0.0329     5.4818     5.4462      2.973      3.039      0.591    1431.40    1432.83  0.000e+00
       5373      3.500     4.4544     4.6452     0.1916    0.73759    0.73968          1     9.8792     9.6031      17.97     1.9847     0.3718  1.940e+02  0.4927000     6.8726     6.8537    -0.0189     5.4511     5.4304      3.468      3.545      0.559    1432.66    1433.49  0.000e+00
       5395      4.000     4.7772     4.8544     0.0773    0.74126    0.74182          1     9.8505     9.6261      17.41     2.1695     0.3994  1.426e+02  0.5167000     6.8420     6.8317    -0.0103     5.4169     5.4061      3.963      4.052      0.525    1434.07    1434.40  0.000e+00
       5419      4.500     4.8454     4.8499     0.0045    0.74181    0.74172          1     9.7297     9.5445      16.85     2.2676     0.4649  1.116e+02  0.5303000     6.8334     6.8315    -0.0019     5.4077     5.4061      4.459      4.559      0.505    1434.36    1434.38  0.000e+00
       5442      5.000     4.8093     4.7885    -0.0211    0.74145    0.74112          1     9.7037     9.4955      16.32     2.3256     0.5168  8.531e+01  0.5375000     6.8371     6.8382     0.0011     5.4120     5.4135      4.954      5.065      0.520    1434.22    1434.13  0.000e+00
       5465      5.500     4.6050     4.5948    -0.0102    0.73952    0.73932          1     9.7773     9.5608      15.84     2.2711     0.4834  6.740e+01  0.5267000     6.8602     6.8603     0.0001     5.4371     5.4375      5.450      5.572      0.527    1433.35    1433.30  0.000e+00
       5488      6.000     4.6490     4.5573    -0.0910    0.73982    0.73890          1     9.7943     9.5952      15.31     2.2151     0.5092  5.261e+01  0.5149000     6.8541     6.8639     0.0098     5.4308     5.4415      5.945      6.078      0.523    1433.55    1433.15  0.000e+00
       5511      6.500     4.6595     4.6485    -0.0115    0.73999    0.73978          1     9.7229     9.5611      14.78     2.1920     0.4415  3.996e+01  0.5006000     6.8534     6.8536     0.0002     5.4300     5.4305      6.440      6.585      0.524    1433.60    1433.55  0.000e+00
       5534      7.000     4.6083     4.6293     0.0219    0.73952    0.73973          1     9.7288     9.5885      14.25     2.1802     0.4278  3.277e+01  0.5178000     6.8593     6.8570    -0.0023     5.4363     5.4338      6.936      7.091      0.522    1433.39    1433.48  0.000e+00
       5557      7.500     4.4627     4.5363     0.0731    0.73786    0.73863          1     9.7902     9.5952      13.74     2.1058     0.4476  2.573e+01  0.5164000     6.8730     6.8654    -0.0076     5.4516     5.4434      7.431      7.598      0.516    1432.76    1433.08  0.000e+00
       5580      8.000     4.4932     4.5276     0.0341    0.73833    0.73863          1     9.7287     9.5788      13.21     2.0406     0.4127  2.071e+01  0.5106000     6.8713     6.8671    -0.0042     5.4494     5.4450      7.927      8.104      0.513    1432.91    1433.05  0.000e+00
       5603      8.500     4.4826     4.4525    -0.0303    0.73817    0.73774          1     9.7639     9.6704      12.69     1.9989     0.4097  1.704e+01  0.5042000     6.8719     6.8738     0.0019     5.4502     5.4526      8.422      8.611      0.524    1432.87    1432.74  0.000e+00
       5626      9.000     4.3741     4.4429     0.0694    0.73685    0.73755          1     9.8155     9.6356      12.19     1.9920     0.4414  1.368e+01  0.5017000     6.8812     6.8738    -0.0074     5.4607     5.4528      8.918      9.117      0.535    1432.40    1432.70  0.000e+00
       5648      9.500     4.4669     4.5448     0.0777    0.73787    0.73866          1     9.7572     9.6074      11.65     2.0194     0.4429  1.139e+01  0.5061000     6.8720     6.8637    -0.0083     5.4507     5.4418      9.413      9.624      0.530    1432.81    1433.15  0.000e+00
       5671     10.000     4.3953     4.3353    -0.0607    0.73704    0.73642          1     9.7681     9.6063      11.12     2.0496     0.4446  9.422e+00  0.5121000     6.8786     6.8849     0.0063     5.4580     5.4648      9.908     10.130      0.519    1432.51    1432.25  0.000e+00
       5694     10.500     4.2748     4.2982     0.0238    0.73582    0.73599          1     9.7815     9.6069      10.60     2.0186     0.4325  7.702e+00  0.4937000     6.8915     6.8884    -0.0031     5.4717     5.4685     10.404     10.637      0.519    1432.00    1432.10  0.000e+00
       5717     11.000     4.2547     4.2197    -0.0350    0.73572    0.73518          1     9.7780     9.6390      10.07     2.0185     0.4484  6.453e+00  0.4994000     6.8946     6.8965     0.0019     5.4747     5.4771     10.899     11.143      0.521    1431.92    1431.76  0.000e+00
       5741     11.500     4.1678     4.1491    -0.0187    0.73477    0.73433          1     9.7912     9.6562       9.55     1.9956     0.4408  5.395e+00  0.5103000     6.9032     6.9028    -0.0005     5.4838     5.4839     11.395     11.650      0.516    1431.55    1431.46  0.000e+00
       5764     12.000     4.0831     4.0698    -0.0138    0.73379    0.73353          1     9.8649     9.7008       9.03     1.9422     0.4494  4.577e+00  0.4867000     6.9112     6.9114     0.0003     5.4922     5.4927     11.890     12.156      0.512    1431.18    1431.13  0.000e+00
       5787     12.500     3.9548     3.8306    -0.1241    0.73242    0.73102          1     9.6901     9.6114       8.49     2.0170     0.4557  3.849e+00  0.5167000     6.9244     6.9366     0.0122     5.5056     5.5180     12.386     12.663      0.517    1430.63    1430.08  0.000e+00
       5810     13.000     3.8344     3.6753    -0.1579    0.73105    0.72937          1     9.6012     9.5864       7.97     2.1080     0.4562  3.250e+00  0.5105000     6.9360     6.9528     0.0168     5.5173     5.5337     12.881     13.169      0.523    1430.11    1429.41  0.000e+00
       5833     13.500     3.2975     3.3344     0.0365    0.72576    0.72594          1     9.6086     9.5593       7.38     2.1680     0.4665  2.742e+00  0.5310000     6.9970     6.9909    -0.0061     5.5749     5.5697     13.376     13.676      0.519    1427.75    1427.91  0.000e+00
       5857     14.000     3.1776     3.2058     0.0278    0.72486    0.72511          1     9.5992     9.5140       6.04     2.3203     0.5101  2.329e+00  0.5951000     7.0136     7.0101    -0.0035     5.5896     5.5866     13.872     14.182      0.513    1427.23    1427.36  0.000e+00
       5880     14.500     3.0883     3.0960     0.0077    0.72474    0.72479          1     9.5662     9.4413       5.49     2.6196     0.5745  1.975e+00  0.6964000     7.0318     7.0306    -0.0012     5.6051     5.6040     14.367     14.688      0.508    1426.85    1426.89  0.000e+00
       5904     15.000     3.0617     3.0590    -0.0027    0.72487    0.72487          1     9.5095     9.3571       5.05     2.9518     0.6487  1.678e+00  0.8305000     7.0389     7.0395     0.0006     5.6110     5.6115     14.862     15.195      0.492    1426.75    1426.74  0.000e+00
       5929     15.500     2.9717     2.9748     0.0030    0.72459    0.72458          1     9.4560     9.2682       4.25     3.2297     0.7082  1.442e+00  0.9337000     7.0557     7.0549    -0.0008     5.6251     5.6245     15.358     15.701      0.464    1426.36    1426.38  0.000e+00
       5956     16.000     2.9255     2.9344     0.0089    0.72454    0.72459          1     9.5259     9.2778       3.63     3.4154     0.6846  1.236e+00  0.9594000     7.0653     7.0638    -0.0015     5.6332     5.6319     15.853     16.208      0.408    1426.17    1426.21  0.000e+00
       6015     16.500     3.0208     3.0835     0.0615    0.72594    0.72650          1     9.5868     9.3353       2.88     3.4140     0.6328  1.010e+00  0.8160000     7.0589     7.0510    -0.0080     5.6272     5.6202     16.349     16.714     -0.188    1426.61    1426.89  0.000e+00
