ctdpy/exports/archive_20191121_122431/received_data/SBE09_1044_20180128_0524_34_02_0023.cnv
* Sea-Bird SBE 9 Data File:
* FileName = C:\ctd\temp\2018\ME18D023.hex
* Software Version Seasave V 7.26.6.26
* Temperature SN = 5351
* Conductivity SN = 3941
* Number of Bytes Per Scan = 41
* Number of Voltage Words = 4
* Number of Scans Averaged by the Deck Unit = 1
* NMEA Latitude = 56 07.52 N
* NMEA Longitude = 019 17.02 E
* NMEA UTC (Time) = Jan 28 2018  05:25:08
* NMEA baud rate = 4800
** Station:  BY9 Klaipeda
** Operator:  SSip
** Ship: MERI
** Average sound velocity: 1440.05 m/s
** True-depth calculation Sun, 28 Jan 2018 06:14:09 +0000
** CTD Python Module SMHI /ver 3-12/ feb 2012 
** LIMS Job: 20183402-0023
** Cruise: SMHI-01-2018
** Latitude [GG MM.mm N] :
** Longitude [GG MM.mm E]:
# nquan = 26
# nvalues = 220                         
# units = specified
# name 0 = scan: Scan Count
# name 1 = prDM: Pressure, Digiquartz [db]
# name 2 = t090C: Temperature [ITS-90, deg C]
# name 3 = t190C: Temperature, 2 [ITS-90, deg C]
# name 4 = T2-T190C: Temperature Difference, 2 - 1 [ITS-90, deg C]
# name 5 = c0S/m: Conductivity [S/m]
# name 6 = c1S/m: Conductivity, 2 [S/m]
# name 7 = pumps: Pump Status
# name 8 = sbeox0ML/L: Oxygen, SBE 43 [ml/l]
# name 9 = sbeox1ML/L: Oxygen, SBE 43, 2 [ml/l]
# name 10 = altM: Altimeter [m]
# name 11 = flECO-AFL: Chl-a Fluorescence, WET Labs ECO-AFL/FL [mg/m^3]
# name 12 = flECO-AFL1: Phycocyanin Fluorescence, WET Labs ECO-AFL/FL, 2 [mg/m^3]
# name 13 = par: PAR/Irradiance, Biospherical/Lico [µE/(cm^2*s)]
# name 14 = turbWETntu0: Turbidity, WET Labs ECO [NTU]
# name 15 = sal00: Salinity, Practical [PSU]
# name 16 = sal11: Salinity, Practical, 2 [PSU]
# name 17 = secS-priS: Salinity, Practical, Difference, 2 - 1 [PSU]
# name 18 = sigma-t00: Density [sigma-t, Kg/m^3 ]
# name 19 = sigma-t11: Density, 2 [sigma-t, Kg/m^3 ]
# name 20 = depSM: Depth [salt water, m], lat = 56.1253
# name 21 = depFM: Depth [true depth, m], lat = 56.1253
# name 22 = dz/dtM: Descent Rate [m/s], WS = 2
# name 23 = svCM: Sound Velocity [Chen-Millero, m/s]
# name 24 = svCM1: Sound Velocity, 2 [Chen-Millero, m/s]
# name 25 = flag: flag
# span 0 =       4981,       9976       
# span 1 =      3.500,    113.000       
# span 2 =     4.4740,     6.5695       
# span 3 =     4.4747,     6.5702       
# span 4 =    -0.0149,     0.1693       
# span 5 =   0.787750,   1.335681       
# span 6 =   0.787702,   1.335702       
# span 7 =          1,          1       
# span 8 =    0.02613,    8.14609       
# span 9 =    0.09171,    8.10969       
# span 10 =       5.24,      98.67      
# span 11 =     0.2364,     0.5006      
# span 12 =     0.2236,     0.3917      
# span 13 = -2.162e-03, 2.9901e-03      
# span 14 =     0.1004,     0.2579      
# span 15 =     7.3707,    12.2161      
# span 16 =     7.3702,    12.2160      
# span 17 =    -0.0151,     0.3311      
# span 18 =     5.8461,     9.5574      
# span 19 =     5.8457,     9.5573      
# span 20 =      3.468,    111.940      
# span 21 =      3.544,    114.273      
# span 22 =     -0.100,      1.348      
# span 23 =    1433.40,    1450.30      
# span 24 =    1433.40,    1450.30      
# span 25 = 0.0000e+00, 0.0000e+00      
# interval = decibars: 0.5              
# start_time = Jan 28 2018 05:25:08 [NMEA time, first data scan]
# bad_flag = -9.990e-29
*END*
[from data line 56]
       6386     31.500     4.4834     4.4847     0.0013    0.78854    0.78855          1     8.1104     8.0798      94.17     0.4556     0.3149  1.000e-12  0.1198000     7.3734     7.3732    -0.0002     5.8480     5.8478     31.211     31.897      0.766    1433.88    1433.88  0.000e+00
       6401     32.000     4.4833     4.4838     0.0005    0.78854    0.78851          1     8.1122     8.0877      98.67     0.4556     0.3136  1.000e-12  0.1278000     7.3733     7.3728    -0.0005     5.8479     5.8475     31.706     32.404      0.817    1433.88    1433.88  0.000e+00
       6416     32.500     4.4846     4.4848     0.0002    0.78862    0.78857          1     8.1176     8.0853      98.60     0.4556     0.3152  1.000e-12  0.1307000     7.3738     7.3731    -0.0006     5.8483     5.8478     32.201     32.910      0.812    1433.90    1433.90  0.000e+00
       6431     33.000     4.4861     4.4858    -0.0003    0.78873    0.78863          1     8.1195     8.0826      98.59     0.4319     0.3149  1.000e-12  0.1256000     7.3744     7.3735    -0.0009     5.8487     5.8480     32.697     33.416      0.770    1433.92    1433.91  0.000e+00
       6447     33.500     4.4862     4.4870     0.0008    0.78873    0.78870          1     8.1206     8.0834      98.56     0.4262     0.3165  1.000e-12  0.1245000     7.3744     7.3739    -0.0005     5.8487     5.8483     33.192     33.923      0.677    1433.92    1433.93  0.000e+00
       6468     34.000     4.4857     4.4851    -0.0005    0.78872    0.78861          1     8.1180     8.0846      98.33     0.4279     0.3310  1.000e-12  0.1192000     7.3743     7.3733    -0.0010     5.8486     5.8479     33.687     34.429      0.480    1433.93    1433.93  0.000e+00
       6504     34.500     4.4844     4.4833    -0.0011    0.78864    0.78851          1     8.1175     8.0752      92.60     0.4514     0.3294  1.000e-12  0.1147000     7.3737     7.3727    -0.0011     5.8482     5.8475     34.183     34.935      0.308    1433.93    1433.92  0.000e+00
       6537     35.000     4.4829     4.4831     0.0002    0.78855    0.78850          1     8.1145     8.0768      97.35     0.4310     0.3336  1.000e-12  0.1304000     7.3731     7.3726    -0.0006     5.8478     5.8473     34.678     35.442      0.513    1433.93    1433.93  0.000e+00
       6556     35.500     4.4838     4.4856     0.0017    0.78862    0.78866          1     8.1137     8.0754      98.64     0.4642     0.3157  1.000e-12  0.1290000     7.3735     7.3735    -0.0000     5.8481     5.8480     35.174     35.948      0.691    1433.94    1433.95  0.000e+00
       6572     36.000     4.4894     4.4901     0.0007    0.78898    0.78894          1     8.1086     8.0744      98.61     0.4646     0.3126  1.000e-12  0.1297000     7.3758     7.3752    -0.0006     5.8497     5.8492     35.669     36.454      0.768    1433.98    1433.98  0.000e+00
       6587     36.500     4.4917     4.4925     0.0008    0.78911    0.78908          1     8.1015     8.0701      98.61     0.4557     0.2948  1.000e-12  0.1248000     7.3765     7.3761    -0.0005     5.8502     5.8498     36.164     36.961      0.763    1434.00    1434.00  0.000e+00
       6604     37.000     4.4902     4.4905     0.0003    0.78902    0.78897          1     8.1004     8.0719      98.61     0.4479     0.2692  1.000e-12  0.1251000     7.3759     7.3753    -0.0006     5.8498     5.8493     36.660     37.467      0.705    1434.00    1434.00  0.000e+00
       6622     37.500     4.4886     4.4894     0.0008    0.78894    0.78890          1     8.1071     8.0741      98.61     0.4435     0.3070  1.000e-12  0.1217000     7.3753     7.3748    -0.0005     5.8494     5.8490     37.155     37.973      0.619    1434.00    1434.00  0.000e+00
       6643     38.000     4.4878     4.4886     0.0008    0.78889    0.78886          1     8.1144     8.0724      98.59     0.4454     0.3159  1.000e-12  0.1127000     7.3750     7.3746    -0.0004     5.8491     5.8487     37.650     38.479      0.511    1434.00    1434.01  0.000e+00
       6671     38.500     4.4886     4.4888     0.0002    0.78895    0.78889          1     8.1144     8.0745      98.56     0.4517     0.3232  1.000e-12  0.1160000     7.3753     7.3747    -0.0007     5.8493     5.8488     38.146     38.986      0.373    1434.01    1434.01  0.000e+00
       6707     39.000     4.4879     4.4891     0.0012    0.78891    0.78890          1     8.1087     8.0657      98.49     0.4653     0.3066  1.000e-12  0.1136000     7.3750     7.3747    -0.0003     5.8491     5.8489     38.641     39.492      0.390    1434.02    1434.02  0.000e+00
       6731     39.500     4.4882     4.4896     0.0013    0.78892    0.78893          1     8.0954     8.0758      98.29     0.4731     0.3661  1.000e-12  0.1173000     7.3750     7.3748    -0.0002     5.8491     5.8489     39.136     39.998      0.627    1434.03    1434.03  0.000e+00
       6748     40.000     4.4894     4.4902     0.0008    0.78901    0.78897          1     8.0894     8.0758      96.75     0.4660     0.3310  1.000e-12  0.1194000     7.3756     7.3750    -0.0006     5.8495     5.8490     39.632     40.505      0.797    1434.04    1434.04  0.000e+00
       6762     40.500     4.4886     4.4913     0.0027    0.78895    0.78904          1     8.0871     8.0745      96.00     0.4310     0.3148  1.000e-12  0.1413000     7.3751     7.3754     0.0003     5.8492     5.8493     40.127     41.011      0.886    1434.05    1434.06  0.000e+00
       6775     41.000     4.4877     4.4904     0.0027    0.78890    0.78899          1     8.0929     8.0702      91.22     0.4312     0.3254  1.000e-12  0.1394000     7.3747     7.3750     0.0003     5.8489     5.8490     40.622     41.517      0.901    1434.05    1434.06  0.000e+00
       6788     41.500     4.4907     4.4915     0.0008    0.78910    0.78907          1     8.1044     8.0690      81.10     0.4321     0.3294  1.000e-12  0.1192000     7.3760     7.3755    -0.0005     5.8498     5.8494     41.118     42.024      0.836    1434.07    1434.07  0.000e+00
       6804     42.000     4.4899     4.4905     0.0006    0.78905    0.78901          1     8.1169     8.0681      96.79     0.4325     0.3173  1.000e-12  0.1179000     7.3756     7.3751    -0.0005     5.8495     5.8491     41.613     42.530      0.652    1434.07    1434.08  0.000e+00
       6837     42.500     4.4886     4.4896     0.0009    0.78899    0.78896          1     8.1156     8.0658      97.42     0.4548     0.3212  1.000e-12  0.1219000     7.3752     7.3748    -0.0005     5.8493     5.8489     42.108     43.036      0.321    1434.07    1434.08  0.000e+00
       6887     43.000     4.4904     4.4906     0.0002    0.78910    0.78904          1     8.1042     8.0486      94.18     0.4670     0.3453  1.000e-12  0.1130000     7.3758     7.3752    -0.0006     5.8497     5.8492     42.604     43.542      0.566    1434.09    1434.09  0.000e+00
       6901     43.500     4.4897     4.4910     0.0012    0.78905    0.78904          1     8.0950     8.0501      94.50     0.4551     0.3285  1.000e-12  0.1060000     7.3754     7.3751    -0.0003     5.8494     5.8491     43.099     44.049      0.889    1434.10    1434.10  0.000e+00
       6913     44.000     4.4903     4.4904     0.0001    0.78909    0.78902          1     8.0944     8.0419      97.06     0.4312     0.3014  1.000e-12  0.1215000     7.3756     7.3749    -0.0007     5.8495     5.8489     43.595     44.555      1.025    1434.11    1434.11  0.000e+00
       6923     44.500     4.4919     4.4912    -0.0006    0.78922    0.78909          1     8.1027     8.0369      97.18     0.4312     0.3007  1.000e-12  0.1245000     7.3765     7.3753    -0.0012     5.8502     5.8493     44.090     45.061      1.034    1434.13    1434.12  0.000e+00
       6935     45.000     4.4923     4.4922    -0.0002    0.78924    0.78914          1     8.1051     8.0380      96.35     0.4406     0.3133  1.000e-12  0.1291000     7.3766     7.3756    -0.0010     5.8503     5.8495     44.585     45.568      0.913    1434.13    1434.13  0.000e+00
       6951     45.500     4.4943     4.4940    -0.0004    0.78937    0.78928          1     8.1021     8.0553      95.96     0.4460     0.3142  1.000e-12  0.1309000     7.3774     7.3766    -0.0008     5.8508     5.8502     45.081     46.074      0.618    1434.15    1434.15  0.000e+00
       6992     46.000     4.4941     4.4951     0.0011    0.78936    0.78935          1     8.0910     8.0648      93.23     0.4662     0.3158  1.000e-12  0.1213000     7.3772     7.3769    -0.0003     5.8507     5.8504     45.576     46.580      0.309    1434.16    1434.16  0.000e+00
       7027     46.500     4.4971     4.4979     0.0009    0.78954    0.78952          1     8.0941     8.0585      83.38     0.4802     0.3006  1.000e-12  0.1130000     7.3783     7.3779    -0.0004     5.8515     5.8511     46.071     47.087      0.620    1434.18    1434.18  0.000e+00
       7042     47.000     4.4960     4.4958    -0.0002    0.78948    0.78939          1     8.0990     8.0563      81.42     0.4313     0.3134  1.000e-12  0.1425000     7.3779     7.3770    -0.0009     5.8512     5.8505     46.567     47.593      0.816    1434.18    1434.18  0.000e+00
       7056     47.500     4.4980     4.4987     0.0007    0.78962    0.78958          1     8.1008     8.0626      83.91     0.4312     0.3079  1.000e-12  0.1386000     7.3788     7.3782    -0.0006     5.8518     5.8513     47.062     48.099      0.888    1434.20    1434.20  0.000e+00
       7069     48.000     4.4958     4.4994     0.0036    0.78947    0.78962          1     8.1017     8.0723      93.05     0.4312     0.2983  1.000e-12  0.1252000     7.3777     7.3784     0.0007     5.8510     5.8515     47.557     48.606      0.864    1434.20    1434.21  0.000e+00
       7083     48.500     4.4931     4.4943     0.0012    0.78931    0.78930          1     8.1058     8.0823      90.80     0.4319     0.3023  1.000e-12  0.1207000     7.3766     7.3762    -0.0003     5.8502     5.8499     48.053     49.112      0.734    1434.19    1434.20  0.000e+00
       7105     49.000     4.4937     4.4944     0.0006    0.78934    0.78931          1     8.1093     8.0748      94.44     0.4359     0.3245  1.000e-12  0.1167000     7.3768     7.3762    -0.0005     5.8504     5.8499     48.548     49.618      0.431    1434.20    1434.21  0.000e+00
       7159     49.500     4.4944     4.4945     0.0001    0.78939    0.78933          1     8.1056     8.0681      98.17     0.4904     0.3008  1.000e-12  0.1130000     7.3770     7.3764    -0.0007     5.8505     5.8500     49.043     50.124      0.402    1434.21    1434.22  0.000e+00
       7180     50.000     4.4944     4.4942    -0.0001    0.78939    0.78931          1     8.0946     8.0695      91.45     0.4923     0.3313  1.000e-12  0.1133000     7.3770     7.3762    -0.0008     5.8505     5.8499     49.538     50.631      0.802    1434.22    1434.22  0.000e+00
       7193     50.500     4.4943     4.4933    -0.0009    0.78939    0.78927          1     8.0945     8.0797      70.84     0.4801     0.2958  1.000e-12  0.1366000     7.3769     7.3759    -0.0011     5.8505     5.8497     50.034     51.137      1.022    1434.23    1434.22  0.000e+00
       7204     51.000     4.4945     4.4942    -0.0004    0.78942    0.78932          1     8.0955     8.0840      70.44     0.4801     0.2838  1.000e-12  0.1384000     7.3771     7.3762    -0.0010     5.8506     5.8499     50.529     51.643      1.120    1434.24    1434.24  0.000e+00
       7214     51.500     4.4994     4.5002     0.0007    0.78973    0.78970          1     8.0887     8.0838      97.26     0.4395     0.2946  1.000e-12  0.1329000     7.3790     7.3785    -0.0005     5.8519     5.8515     51.024     52.150      1.105    1434.27    1434.27  0.000e+00
       7225     52.000     4.4988     4.5000     0.0011    0.78969    0.78968          1     8.0855     8.0755      98.20     0.4078     0.3183  1.000e-12  0.1310000     7.3787     7.3783    -0.0004     5.8517     5.8514     51.520     52.656      0.957    1434.28    1434.28  0.000e+00
       7243     52.500     4.5082     4.5070    -0.0012    0.79025    0.79010          1     8.0810     8.0592      96.24     0.4049     0.3004  1.000e-12  0.1267000     7.3821     7.3809    -0.0012     5.8541     5.8532     52.015     53.162      0.572    1434.33    1434.32  0.000e+00
       7327     53.000     4.5060     4.5107     0.0047    0.79010    0.79030          1     8.0684     8.0408      98.13     0.4329     0.3342  1.000e-12  0.1104000     7.3811     7.3820     0.0009     5.8534     5.8540     52.510     53.669      0.779    1434.33    1434.35  0.000e+00
       7335     53.500     4.5101     4.5107     0.0007    0.79035    0.79033          1     8.0681     8.0418      97.84     0.4312     0.3766  1.000e-12  0.1131000     7.3826     7.3822    -0.0004     5.8545     5.8541     53.006     54.175      1.127    1434.36    1434.36  0.000e+00
       7344     54.000     4.5106     4.5115     0.0009    0.79040    0.79038          1     8.0686     8.0407      91.20     0.4216     0.3662  1.000e-12  0.1172000     7.3830     7.3826    -0.0004     5.8547     5.8544     53.501     54.681      1.295    1434.37    1434.37  0.000e+00
       7352     54.500     4.5119     4.5128     0.0008    0.79054    0.79052          1     8.0649     8.0349      98.28     0.4190     0.3270  1.000e-12  0.1194000     7.3840     7.3836    -0.0004     5.8554     5.8552     53.996     55.188      1.348    1434.38    1434.38  0.000e+00
       7361     55.000     4.5152     4.5159     0.0007    0.79077    0.79074          1     8.0585     8.0249      98.17     0.4190     0.3259  1.000e-12  0.1188000     7.3855     7.3851    -0.0005     5.8566     5.8562     54.492     55.694      1.289    1434.41    1434.41  0.000e+00
       7370     55.500     4.5222     4.5232     0.0009    0.79116    0.79113          1     8.0538     8.0161      98.11     0.3771     0.3238  1.000e-12  0.1127000     7.3877     7.3872    -0.0005     5.8581     5.8577     54.987     56.200      1.099    1434.45    1434.45  0.000e+00
       7385     56.000     4.5324     4.5306    -0.0019    0.79195    0.79171          1     8.0487     8.0005      95.84     0.3787     0.3016  1.000e-12  0.1138000     7.3933     7.3913    -0.0020     5.8622     5.8607     55.482     56.706      0.664    1434.51    1434.50  0.000e+00
       7470     56.500     4.5305     4.5435     0.0128    0.79182    0.79271          1     7.8307     7.8255      68.51     0.4035     0.3100  1.000e-12  0.1084000     7.3924     7.3984     0.0061     5.8615     5.8659     55.978     57.213      0.644    1434.51    1434.57  0.000e+00
       7486     57.000     4.5415     4.5462     0.0046    0.79275    0.79296          1     7.7612     7.8430      90.36     0.4070     0.2848  1.000e-12  0.1067000     7.3992     7.4002     0.0010     5.8666     5.8672     56.473     57.719      1.017    1434.57    1434.59  0.000e+00
       7496     57.500     4.5696     4.5542    -0.0149    0.79512    0.79365          1     7.4194     7.5611      98.23     0.3917     0.2877  1.000e-12  0.1233000     7.4166     7.4053    -0.0113     5.8794     5.8710     56.968     58.225      1.163    1434.73    1434.64  0.000e+00
       7505     58.000     4.6126     4.6114    -0.0013    0.80286    0.80249          1     6.5105     6.8713      97.93     0.3850     0.3049  1.000e-12  0.1295000     7.4843     7.4808    -0.0035     5.9317     5.9290     57.464     58.732      1.200    1435.01    1435.00  0.000e+00
       7515     58.500     4.9908     4.9929     0.0020    0.89763    0.89834          1     5.1705     5.7937      97.89     0.3767     0.3145  1.000e-12  0.1288000     8.3422     8.3487     0.0065     6.5965     6.6015     57.959     59.238      1.127    1437.78    1437.80  0.000e+00
