ctdpy/exports/archive_20191121_122431/received_data/SBE09_0827_20180302_1122_26_01_0346.cnv
* Sea-Bird SBE 9 Data File:
* FileName = D:\CTD_SBE911\DAT\26DA.2018.3.46.hex
* Software Version Seasave V 7.21d
* Temperature SN = 034757
* Conductivity SN = 041844
* Number of Bytes Per Scan = 48
* Number of Voltage Words = 5
* Number of Scans Averaged by the Deck Unit = 1
* NMEA Latitude = 57 34.79 N
* NMEA Longitude = 019 10.22 E
* NMEA UTC (Time) = Mar 02 2018  11:22:59
* NMEA baud rate = 4800
** Ship: DANA
** Average sound velocity: 1424.09 m/s
** True-depth calculation Tue, 02 Apr 2019 12:09:23 +0000
** CTD Python Module SMHI /ver 3-12/ feb 2012 
** LIMS Job: 20182601-0346
** Operator:
** Cruise: 02/2018
# nquan = 26
# nvalues = 87                          
# units = specified
# name 0 = scan: Scan Count
# name 1 = prDM: Pressure, Digiquartz [db]
# name 2 = t090C: Temperature [ITS-90, deg C]
# name 3 = t190C: Temperature, 2 [ITS-90, deg C]
# name 4 = T2-T190C: Temperature Difference, 2 - 1 [ITS-90, deg C]
# name 5 = c0S/m: Conductivity [S/m]
# name 6 = c1S/m: Conductivity, 2 [S/m]
# name 7 = pumps: Pump Status
# name 8 = sbeox1ML/L: Oxygen, SBE 43, 2 [ml/l]
# name 9 = sbeox0ML/L: Oxygen, SBE 43 [ml/l]
# name 10 = altM: Altimeter [m]
# name 11 = chloroflTC0: Chlorophyll, Turner Cyclops [ug/l]
# name 12 = cpar: CPAR/Corrected Irradiance [%]
# name 13 = par: PAR/Irradiance, Biospherical/Lico [µE/(cm^2*s)]
# name 14 = spar: SPAR, Biospherical/Licor
# name 15 = sal00: Salinity, Practical [PSU]
# name 16 = sal11: Salinity, Practical, 2 [PSU]
# name 17 = secS-priS: Salinity, Practical, Difference, 2 - 1 [PSU]
# name 18 = sigma-t00: Density [sigma-t, kg/m^3 ]
# name 19 = sigma-t11: Density, 2 [sigma-t, kg/m^3 ]
# name 20 = depSM: Depth [salt water, m], lat = 57.5798
# name 21 = depFM: Depth [true depth, m], lat = 57.5798
# name 22 = dz/dtM: Descent Rate [m/s], WS = 2
# name 23 = svCM: Sound Velocity [Chen-Millero, m/s]
# name 24 = svCM1: Sound Velocity, 2 [Chen-Millero, m/s]
# name 25 = flag: flag
# span 0 =        262,       4321       
# span 1 =      2.500,     45.500       
# span 2 =     2.3301,     2.4785       
# span 3 =     2.3303,     2.4659       
# span 4 =    -0.0320,     0.0174       
# span 5 =   0.741373,   0.745501       
# span 6 =   0.740793,   0.744473       
# span 7 =          1,          1       
# span 8 =     8.6929,     8.7322       
# span 9 =     8.6618,     8.7276       
# span 10 =       2.02,       9.99      
# span 11 =     0.0125,     0.0144      
# span 12 = 3.5172e-13, 7.0643e+00      
# span 13 = 1.0000e-12, 2.0721e+01      
# span 14 = 2.7054e+02, 2.9451e+02      
# span 15 =     7.3785,     7.3835      
# span 16 =     7.3719,     7.3760      
# span 17 =    -0.0099,    -0.0057      
# span 18 =     5.8851,     5.8891      
# span 19 =     5.8799,     5.8832      
# span 20 =      2.477,     45.075      
# span 21 =      2.531,     46.072      
# span 22 =     -0.014,      0.739      
# span 23 =    1423.70,    1424.96      
# span 24 =    1423.69,    1424.90      
# span 25 = 0.0000e+00, 0.0000e+00      
# interval = decibars: 0.5              
# start_time = Mar 02 2018 11:22:59 [NMEA time, first data scan]
# bad_flag = -9.990e-29
*END*
[from data line 56]
       2940     30.500     2.3627     2.3566    -0.0059    0.74238    0.74165          1     8.7097     8.7091       9.95     0.0135  3.544e-13  1.000e-12  2.822e+02     7.3793     7.3728    -0.0065     5.8858     5.8806     30.216     30.884      0.679    1424.19    1424.15  0.000e+00
       2989     31.000     2.3536     2.3556     0.0020    0.74216    0.74162          1     8.7132     8.7121       9.95     0.0134  3.546e-13  1.000e-12  2.820e+02     7.3789     7.3727    -0.0062     5.8855     5.8805     30.711     31.390      0.382    1424.15    1424.16  0.000e+00
       3060     31.500     2.3517     2.3527     0.0009    0.74212    0.74156          1     8.7166     8.7047       9.95     0.0133  3.559e-13  1.000e-12  2.810e+02     7.3789     7.3727    -0.0062     5.8854     5.8805     31.207     31.896      0.457    1424.15    1424.15  0.000e+00
       3086     32.000     2.3500     2.3503     0.0003    0.74209    0.74151          1     8.7172     8.7147       9.95     0.0133  3.568e-13  1.000e-12  2.803e+02     7.3788     7.3727    -0.0062     5.8854     5.8805     31.702     32.402      0.374    1424.15    1424.15  0.000e+00
       3135     32.500     2.3461     2.3495     0.0034    0.74200    0.74150          1     8.7287     8.7185       9.95     0.0134  3.568e-13  1.000e-12  2.803e+02     7.3787     7.3726    -0.0062     5.8853     5.8804     32.197     32.909      0.222    1424.14    1424.15  0.000e+00
       3183     33.000     2.3471     2.3461    -0.0010    0.74204    0.74143          1     8.7322     8.7040       9.95     0.0139  3.568e-13  1.000e-12  2.803e+02     7.3789     7.3726    -0.0063     5.8854     5.8804     32.693     33.415      0.244    1424.16    1424.14  0.000e+00
       3248     33.500     2.3578     2.3568    -0.0010    0.74234    0.74167          1     8.7222     8.7135       9.95     0.0132  3.587e-13  1.000e-12  2.788e+02     7.3795     7.3725    -0.0069     5.8859     5.8804     33.188     33.921      0.291    1424.21    1424.20  0.000e+00
       3280     34.000     2.3542     2.3612     0.0070    0.74224    0.74181          1     8.7191     8.7091       9.95     0.0140  3.594e-13  1.000e-12  2.782e+02     7.3792     7.3730    -0.0062     5.8857     5.8807     33.683     34.428      0.469    1424.20    1424.23  0.000e+00
       3305     34.500     2.3498     2.3565     0.0067    0.74211    0.74172          1     8.7147     8.7139       9.95     0.0136  3.594e-13  1.000e-12  2.782e+02     7.3788     7.3731    -0.0057     5.8854     5.8808     34.179     34.934      0.392    1424.19    1424.21  0.000e+00
       3369     35.000     2.3467     2.3494     0.0027    0.74206    0.74154          1     8.7175     8.7067       9.95     0.0133  3.594e-13  1.000e-12  2.782e+02     7.3789     7.3727    -0.0061     5.8854     5.8805     34.674     35.440      0.232    1424.18    1424.19  0.000e+00
       3422     35.500     2.3496     2.3481    -0.0015    0.74214    0.74151          1     8.7210     8.7027       9.95     0.0134  3.595e-13  1.000e-12  2.782e+02     7.3790     7.3726    -0.0065     5.8856     5.8804     35.169     35.947      0.302    1424.21    1424.19  0.000e+00
       3464     36.000     2.3501     2.3501    -0.0000    0.74216    0.74155          1     8.7121     8.7103       9.95     0.0134  3.608e-13  1.000e-12  2.772e+02     7.3790     7.3725    -0.0065     5.8855     5.8804     35.665     36.453      0.285    1424.22    1424.21  0.000e+00
       3500     36.500     2.3509     2.3503    -0.0006    0.74219    0.74157          1     8.7112     8.7190       9.95     0.0134  3.621e-13  1.000e-12  2.762e+02     7.3791     7.3726    -0.0064     5.8856     5.8804     36.160     36.959      0.374    1424.23    1424.22  0.000e+00
       3546     37.000     2.3468     2.3507     0.0039    0.74208    0.74158          1     8.7182     8.7239       9.95     0.0134  3.621e-13  1.000e-12  2.762e+02     7.3788     7.3726    -0.0062     5.8854     5.8804     36.655     37.465      0.252    1424.22    1424.23  0.000e+00
       3614     37.500     2.3656     2.3717     0.0060    0.74263    0.74199          1     8.7163     8.7134       9.95     0.0134  3.621e-13  1.000e-12  2.762e+02     7.3803     7.3720    -0.0082     5.8866     5.8800     37.150     37.972      0.393    1424.31    1424.33  0.000e+00
       3639     38.000     2.4042     2.3892    -0.0150    0.74364    0.74250          1     8.7144     8.7197       9.86     0.0134  3.621e-13  1.000e-12  2.762e+02     7.3820     7.3733    -0.0087     5.8879     5.8810     37.646     38.478      0.410    1424.50    1424.42  0.000e+00
       3693     38.500     2.4340     2.4135    -0.0203    0.74431    0.74313          1     8.7143     8.6865       9.40     0.0134  3.621e-13  1.000e-12  2.762e+02     7.3821     7.3743    -0.0078     5.8880     5.8818     38.141     38.984      0.262    1424.65    1424.55  0.000e+00
       3740     39.000     2.4441     2.4122    -0.0320    0.74456    0.74319          1     8.7106     8.6651       8.91     0.0137  3.622e-13  1.000e-12  2.761e+02     7.3823     7.3752    -0.0071     5.8882     5.8825     38.636     39.491      0.429    1424.71    1424.55  0.000e+00
       3768     39.500     2.4153     2.4136    -0.0017    0.74381    0.74316          1     8.7005     8.6893       8.37     0.0134  3.642e-13  1.000e-12  2.746e+02     7.3810     7.3744    -0.0065     5.8871     5.8819     39.132     39.997      0.335    1424.58    1424.56  0.000e+00
       3847     40.000     2.4508     2.4495    -0.0014    0.74470    0.74398          1     8.7045     8.6887       7.79     0.0136  3.647e-13  1.000e-12  2.742e+02     7.3821     7.3747    -0.0074     5.8881     5.8821     39.627     40.503      0.312    1424.75    1424.74  0.000e+00
       3878     40.500     2.4425     2.4599     0.0174    0.74453    0.74433          1     8.6942     8.6946       7.27     0.0134  3.647e-13  1.000e-12  2.742e+02     7.3821     7.3760    -0.0061     5.8881     5.8832     40.122     41.009      0.473    1424.72    1424.80  0.000e+00
       3904     41.000     2.4618     2.4554    -0.0063    0.74496    0.74418          1     8.7033     8.6819       6.74     0.0131  3.647e-13  1.000e-12  2.742e+02     7.3822     7.3754    -0.0069     5.8881     5.8827     40.617     41.516      0.382    1424.82    1424.78  0.000e+00
       3966     41.500     2.4336     2.4454     0.0118    0.74428    0.74392          1     8.6987     8.6827       6.25     0.0135  3.647e-13  1.000e-12  2.742e+02     7.3815     7.3749    -0.0066     5.8876     5.8823     41.113     42.022      0.246    1424.70    1424.74  0.000e+00
       4014     42.000     2.4259     2.4299     0.0041    0.74405    0.74356          1     8.6948     8.7014       5.75     0.0134  3.647e-13  1.000e-12  2.742e+02     7.3807     7.3746    -0.0062     5.8869     5.8820     41.608     42.528      0.357    1424.67    1424.68  0.000e+00
       4058     42.500     2.4405     2.4362    -0.0043    0.74446    0.74370          1     8.7052     8.6925       5.19     0.0134  3.651e-13  1.000e-12  2.739e+02     7.3816     7.3745    -0.0071     5.8876     5.8820     42.103     43.035      0.232    1424.74    1424.72  0.000e+00
       4111     43.000     2.4479     2.4512     0.0032    0.74462    0.74408          1     8.7135     8.6730       4.58     0.0125  3.675e-13  1.000e-12  2.721e+02     7.3815     7.3750    -0.0065     5.8876     5.8824     42.599     43.541      0.371    1424.79    1424.79  0.000e+00
       4139     43.500     2.4411     2.4489     0.0078    0.74443    0.74403          1     8.7025     8.6718       4.05     0.0133  3.675e-13  1.000e-12  2.721e+02     7.3810     7.3749    -0.0061     5.8872     5.8823     43.094     44.047      0.365    1424.76    1424.79  0.000e+00
       4209     44.000     2.4318     2.4379     0.0061    0.74421    0.74377          1     8.6969     8.6946       3.60     0.0133  3.675e-13  1.000e-12  2.721e+02     7.3807     7.3747    -0.0060     5.8869     5.8821     43.589     44.553      0.265    1424.73    1424.75  0.000e+00
       4254     44.500     2.4355     2.4335    -0.0020    0.74431    0.74366          1     8.7087     8.6909       3.12     0.0134  3.677e-13  1.000e-12  2.720e+02     7.3809     7.3744    -0.0065     5.8871     5.8819     44.084     45.060      0.481    1424.75    1424.73  0.000e+00
       4275     45.000     2.4785     2.4612    -0.0172    0.74550    0.74419          1     8.7140     8.6618       2.59     0.0127  3.696e-13  1.000e-12  2.705e+02     7.3835     7.3736    -0.0099     5.8891     5.8812     44.580     45.566      0.555    1424.96    1424.87  0.000e+00
       4321     45.500     2.4557     2.4659     0.0101    0.74482    0.74447          1     8.6989     8.6755       2.02     0.0134  3.688e-13  1.000e-12  2.711e+02     7.3815     7.3755    -0.0060     5.8875     5.8827     45.075     46.072     -0.014    1424.86    1424.90  0.000e+00
