ctdpy/exports/archive_20191121_122431/received_data/SBE09_0827_20180302_0607_26_01_0343.cnv
* Sea-Bird SBE 9 Data File:
* FileName = D:\CTD_SBE911\DAT\26DA.2018.3.43.hex
* Software Version Seasave V 7.21d
* Temperature SN = 034757
* Conductivity SN = 041844
* Number of Bytes Per Scan = 48
* Number of Voltage Words = 5
* Number of Scans Averaged by the Deck Unit = 1
* NMEA Latitude = 57 41.70 N
* NMEA Longitude = 019 24.27 E
* NMEA UTC (Time) = Mar 02 2018  06:08:16
* NMEA baud rate = 4800
** Ship: DANA
** Average sound velocity: 1428.89 m/s
** True-depth calculation Tue, 02 Apr 2019 12:09:13 +0000
** CTD Python Module SMHI /ver 3-12/ feb 2012 
** LIMS Job: 20182601-0343
** Operator:
** Cruise: 02/2018
# nquan = 26
# nvalues = 145                         
# units = specified
# name 0 = scan: Scan Count
# name 1 = prDM: Pressure, Digiquartz [db]
# name 2 = t090C: Temperature [ITS-90, deg C]
# name 3 = t190C: Temperature, 2 [ITS-90, deg C]
# name 4 = T2-T190C: Temperature Difference, 2 - 1 [ITS-90, deg C]
# name 5 = c0S/m: Conductivity [S/m]
# name 6 = c1S/m: Conductivity, 2 [S/m]
# name 7 = pumps: Pump Status
# name 8 = sbeox1ML/L: Oxygen, SBE 43, 2 [ml/l]
# name 9 = sbeox0ML/L: Oxygen, SBE 43 [ml/l]
# name 10 = altM: Altimeter [m]
# name 11 = chloroflTC0: Chlorophyll, Turner Cyclops [ug/l]
# name 12 = cpar: CPAR/Corrected Irradiance [%]
# name 13 = par: PAR/Irradiance, Biospherical/Lico [µE/(cm^2*s)]
# name 14 = spar: SPAR, Biospherical/Licor
# name 15 = sal00: Salinity, Practical [PSU]
# name 16 = sal11: Salinity, Practical, 2 [PSU]
# name 17 = secS-priS: Salinity, Practical, Difference, 2 - 1 [PSU]
# name 18 = sigma-t00: Density [sigma-t, kg/m^3 ]
# name 19 = sigma-t11: Density, 2 [sigma-t, kg/m^3 ]
# name 20 = depSM: Depth [salt water, m], lat = 57.695
# name 21 = depFM: Depth [true depth, m], lat = 57.695
# name 22 = dz/dtM: Descent Rate [m/s], WS = 2
# name 23 = svCM: Sound Velocity [Chen-Millero, m/s]
# name 24 = svCM1: Sound Velocity, 2 [Chen-Millero, m/s]
# name 25 = flag: flag
# span 0 =         72,       7932       
# span 1 =      2.000,     74.000       
# span 2 =     3.0343,     5.6376       
# span 3 =     3.0339,     5.6377       
# span 4 =    -0.0030,     0.2797       
# span 5 =   0.756648,   1.039637       
# span 6 =   0.755757,   1.038869       
# span 7 =          1,          1       
# span 8 =     1.2350,     8.6016       
# span 9 =     1.2431,     8.4954       
# span 10 =       0.79,       9.98      
# span 11 =     0.0110,     0.0140      
# span 12 = -9.373e-04, 5.9005e+00      
# span 13 = -2.475e-04, 1.4379e+00      
# span 14 = 2.4370e+01, 3.6640e+01      
# span 15 =     7.3774,     9.5835      
# span 16 =     7.3695,     9.5759      
# span 17 =    -0.0098,     0.1150      
# span 18 =     5.8812,     7.5459      
# span 19 =     5.8749,     7.5398      
# span 20 =      1.982,     73.303      
# span 21 =      2.025,     74.920      
# span 22 =     -0.002,      0.768      
# span 23 =    1426.86,    1442.42      
# span 24 =    1426.84,    1442.41      
# span 25 = 0.0000e+00, 0.0000e+00      
# interval = decibars: 0.5              
# start_time = Mar 02 2018 06:08:17 [NMEA time, first data scan]
# bad_flag = -9.990e-29
*END*
         72      2.000     3.0343     3.0339    -0.0004    0.75665    0.75576          1     8.5957     8.4831       9.98     0.0110  5.901e+00  1.438e+00  2.437e+01     7.3788     7.3695    -0.0092     5.8824     5.8750      1.982      2.025      0.286    1426.86    1426.84  0.000e+00
        125      2.500     3.0350     3.0344    -0.0006    0.75667    0.75579          1     8.6016     8.4834       9.98     0.0111  4.965e+00  1.210e+00  2.437e+01     7.3788     7.3697    -0.0091     5.8824     5.8752      2.477      2.531      0.294    1426.87    1426.85  0.000e+00
        247      3.000     3.0370     3.0366    -0.0005    0.75672    0.75587          1     8.5738     8.4716       9.98     0.0110  4.095e+00  9.980e-01  2.437e+01     7.3788     7.3699    -0.0088     5.8823     5.8753      2.972      3.038      0.572    1426.89    1426.88  0.000e+00
        263      3.500     3.0370     3.0361    -0.0009    0.75672    0.75588          1     8.5682     8.4778       9.98     0.0112  3.601e+00  8.776e-01  2.437e+01     7.3787     7.3701    -0.0087     5.8823     5.8754      3.468      3.544      0.504    1426.90    1426.88  0.000e+00
        312      4.000     3.0374     3.0366    -0.0008    0.75674    0.75589          1     8.5777     8.4801       9.98     0.0115  2.858e+00  6.964e-01  2.437e+01     7.3787     7.3700    -0.0088     5.8823     5.8753      3.963      4.050      0.216    1426.90    1426.89  0.000e+00
        395      4.500     3.0389     3.0381    -0.0009    0.75678    0.75592          1     8.5777     8.4761       9.98     0.0115  2.474e+00  6.029e-01  2.437e+01     7.3787     7.3699    -0.0088     5.8823     5.8753      4.458      4.557      0.202    1426.92    1426.90  0.000e+00
        444      5.000     3.0388     3.0382    -0.0007    0.75678    0.75592          1     8.5719     8.4835       9.98     0.0113  2.224e+00  5.421e-01  2.437e+01     7.3787     7.3699    -0.0088     5.8823     5.8752      4.954      5.063      0.336    1426.93    1426.91  0.000e+00
        473      5.500     3.0391     3.0382    -0.0009    0.75679    0.75594          1     8.5816     8.4911       9.98     0.0111  1.816e+00  4.426e-01  2.437e+01     7.3787     7.3699    -0.0088     5.8823     5.8753      5.449      5.569      0.418    1426.94    1426.92  0.000e+00
        504      6.000     3.0398     3.0393    -0.0005    0.75682    0.75597          1     8.5796     8.4924       9.98     0.0111  1.508e+00  3.674e-01  2.437e+01     7.3787     7.3700    -0.0088     5.8823     5.8753      5.944      6.075      0.290    1426.95    1426.93  0.000e+00
        587      6.500     3.0390     3.0380    -0.0010    0.75680    0.75595          1     8.5957     8.4853       9.98     0.0119  1.444e+00  3.519e-01  2.437e+01     7.3786     7.3700    -0.0086     5.8822     5.8753      6.440      6.582      0.289    1426.95    1426.94  0.000e+00
        620      7.000     3.0387     3.0386    -0.0001    0.75680    0.75594          1     8.5919     8.4912       9.98     0.0121  1.220e+00  2.972e-01  2.437e+01     7.3786     7.3697    -0.0089     5.8822     5.8751      6.935      7.088      0.449    1426.96    1426.95  0.000e+00
        646      7.500     3.0408     3.0402    -0.0007    0.75685    0.75601          1     8.5861     8.4874       9.98     0.0116  9.610e-01  2.342e-01  2.437e+01     7.3786     7.3700    -0.0087     5.8822     5.8753      7.431      7.594      0.393    1426.98    1426.96  0.000e+00
        737      8.000     3.0379     3.0371    -0.0008    0.75679    0.75595          1     8.5848     8.4854       9.98     0.0110  8.377e-01  2.041e-01  2.437e+01     7.3785     7.3700    -0.0085     5.8822     5.8754      7.926      8.101      0.465    1426.97    1426.95  0.000e+00
        778      8.500     3.0371     3.0376     0.0005    0.75678    0.75594          1     8.5834     8.4819       9.98     0.0114  7.014e-01  1.709e-01  2.437e+01     7.3786     7.3697    -0.0088     5.8822     5.8751      8.421      8.607      0.768    1426.97    1426.97  0.000e+00
        792      9.000     3.0382     3.0383     0.0001    0.75681    0.75596          1     8.5836     8.4773       9.98     0.0110  5.607e-01  1.366e-01  2.437e+01     7.3786     7.3696    -0.0090     5.8822     5.8750      8.917      9.113      0.695    1426.99    1426.98  0.000e+00
        839      9.500     3.0392     3.0392    -0.0001    0.75684    0.75600          1     8.5793     8.4839       9.98     0.0111  4.070e-01  1.007e-01  2.479e+01     7.3786     7.3698    -0.0088     5.8822     5.8752      9.412      9.620      0.381    1427.00    1426.99  0.000e+00
        922     10.000     3.0419     3.0394    -0.0025    0.75690    0.75602          1     8.5811     8.4860       9.98     0.0114  3.220e-01  8.357e-02  2.597e+01     7.3785     7.3699    -0.0086     5.8821     5.8753      9.907     10.126      0.417    1427.02    1427.00  0.000e+00
        951     10.500     3.0393     3.0382    -0.0011    0.75684    0.75600          1     8.5767     8.4779       9.98     0.0112  2.224e-01  5.861e-02  2.637e+01     7.3785     7.3699    -0.0086     5.8821     5.8753     10.403     10.632      0.364    1427.01    1427.00  0.000e+00
        992     11.000     3.0381     3.0375    -0.0007    0.75683    0.75598          1     8.5763     8.4763       9.98     0.0118  1.016e-01  2.681e-02  2.640e+01     7.3785     7.3698    -0.0087     5.8821     5.8752     10.898     11.138      0.255    1427.02    1427.00  0.000e+00
       1049     11.500     3.0378     3.0348    -0.0030    0.75682    0.75593          1     8.5773     8.4781       9.98     0.0116  1.891e-02  4.993e-03  2.640e+01     7.3784     7.3698    -0.0086     5.8821     5.8752     11.393     11.645      0.199    1427.02    1427.00  0.000e+00
       1099     12.000     3.0387     3.0385    -0.0002    0.75685    0.75600          1     8.5865     8.4814       9.98     0.0115 -9.373e-04 -2.475e-04  2.640e+01     7.3785     7.3696    -0.0089     5.8821     5.8750     11.889     12.151      0.339    1427.04    1427.02  0.000e+00
       1129     12.500     3.0429     3.0445     0.0016    0.75696    0.75615          1     8.5849     8.4813       9.98     0.0119  3.788e-12  1.000e-12  2.640e+01     7.3786     7.3698    -0.0088     5.8822     5.8751     12.384     12.657      0.420    1427.06    1427.06  0.000e+00
       1160     13.000     3.0468     3.0470     0.0003    0.75705    0.75622          1     8.5858     8.4671       9.98     0.0122  3.788e-12  1.000e-12  2.640e+01     7.3786     7.3698    -0.0088     5.8821     5.8751     12.879     13.164      0.299    1427.09    1427.08  0.000e+00
       1231     13.500     3.0480     3.0474    -0.0006    0.75708    0.75624          1     8.5769     8.4777       9.98     0.0119  3.788e-12  1.000e-12  2.640e+01     7.3785     7.3699    -0.0086     5.8821     5.8752     13.375     13.670      0.263    1427.10    1427.09  0.000e+00
       1270     14.000     3.0475     3.0470    -0.0005    0.75707    0.75624          1     8.5754     8.4854       9.98     0.0117  3.788e-12  1.000e-12  2.640e+01     7.3785     7.3699    -0.0086     5.8820     5.8752     13.870     14.176      0.388    1427.11    1427.09  0.000e+00
       1301     14.500     3.0470     3.0461    -0.0010    0.75706    0.75622          1     8.5859     8.4954       9.98     0.0116  3.788e-12  1.000e-12  2.640e+01     7.3784     7.3698    -0.0086     5.8820     5.8751     14.365     14.682      0.347    1427.11    1427.10  0.000e+00
       1349     15.000     3.0460     3.0446    -0.0014    0.75704    0.75618          1     8.5877     8.4863       9.98     0.0110  3.641e-12  1.000e-12  2.750e+01     7.3784     7.3696    -0.0088     5.8820     5.8750     14.861     15.189      0.214    1427.12    1427.10  0.000e+00
       1400     15.500     3.0458     3.0457    -0.0001    0.75704    0.75621          1     8.5878     8.4929       9.98     0.0115  3.537e-12  1.000e-12  2.829e+01     7.3784     7.3696    -0.0087     5.8819     5.8750     15.356     15.695      0.266    1427.12    1427.11  0.000e+00
       1449     16.000     3.0478     3.0472    -0.0006    0.75709    0.75625          1     8.5909     8.4886       9.98     0.0116  3.517e-12  1.000e-12  2.843e+01     7.3784     7.3697    -0.0087     5.8819     5.8750     15.852     16.201      0.229    1427.14    1427.13  0.000e+00
       1501     16.500     3.0481     3.0473    -0.0008    0.75711    0.75626          1     8.5903     8.4809       9.98     0.0114  3.517e-12  1.000e-12  2.843e+01     7.3784     7.3697    -0.0087     5.8819     5.8750     16.347     16.708      0.246    1427.15    1427.14  0.000e+00
       1543     17.000     3.0479     3.0471    -0.0008    0.75710    0.75626          1     8.5789     8.4754       9.98     0.0110  3.517e-12  1.000e-12  2.843e+01     7.3783     7.3697    -0.0086     5.8819     5.8750     16.842     17.214      0.329    1427.16    1427.14  0.000e+00
       1580     17.500     3.0488     3.0482    -0.0006    0.75713    0.75629          1     8.5811     8.4705       9.98     0.0113  3.517e-12  1.000e-12  2.843e+01     7.3783     7.3696    -0.0087     5.8819     5.8750     17.338     17.720      0.284    1427.17    1427.16  0.000e+00
       1638     18.000     3.0499     3.0496    -0.0003    0.75716    0.75632          1     8.5713     8.4726       9.98     0.0118  3.517e-12  1.000e-12  2.843e+01     7.3783     7.3696    -0.0087     5.8819     5.8749     17.833     18.226      0.243    1427.18    1427.17  0.000e+00
       1678     18.500     3.0490     3.0490    -0.0001    0.75714    0.75632          1     8.5751     8.4725       9.98     0.0110  3.517e-12  1.000e-12  2.843e+01     7.3783     7.3697    -0.0086     5.8818     5.8750     18.328     18.733      0.372    1427.18    1427.17  0.000e+00
       1714     19.000     3.0498     3.0484    -0.0014    0.75717    0.75631          1     8.5697     8.4736       9.98     0.0111  3.517e-12  1.000e-12  2.843e+01     7.3783     7.3696    -0.0087     5.8819     5.8750     18.824     19.239      0.253    1427.20    1427.18  0.000e+00
       1777     19.500     3.0496     3.0491    -0.0005    0.75717    0.75635          1     8.5862     8.4749       9.98     0.0122  3.517e-12  1.000e-12  2.843e+01     7.3782     7.3698    -0.0084     5.8818     5.8751     19.319     19.745      0.302    1427.20    1427.19  0.000e+00
       1807     20.000     3.0499     3.0495    -0.0004    0.75718    0.75636          1     8.5871     8.4836       9.98     0.0114  3.517e-12  1.000e-12  2.843e+01     7.3783     7.3698    -0.0085     5.8818     5.8751     19.814     20.252      0.367    1427.21    1427.20  0.000e+00
       1864     20.500     3.0501     3.0492    -0.0009    0.75719    0.75636          1     8.5747     8.4863       9.98     0.0114  3.517e-12  1.000e-12  2.843e+01     7.3782     7.3698    -0.0085     5.8818     5.8751     20.310     20.758      0.247    1427.22    1427.21  0.000e+00
       1910     21.000     3.0492     3.0488    -0.0004    0.75717    0.75635          1     8.5668     8.4834       9.98     0.0110  3.514e-12  1.000e-12  2.846e+01     7.3782     7.3697    -0.0085     5.8818     5.8750     20.805     21.264      0.480    1427.22    1427.21  0.000e+00
       1931     21.500     3.0495     3.0489    -0.0007    0.75719    0.75635          1     8.5756     8.4857       9.98     0.0117  3.501e-12  1.000e-12  2.857e+01     7.3782     7.3696    -0.0086     5.8818     5.8749     21.300     21.770      0.492    1427.24    1427.22  0.000e+00
       1985     22.000     3.0496     3.0489    -0.0008    0.75720    0.75636          1     8.5815     8.4767       9.98     0.0116  3.502e-12  1.000e-12  2.856e+01     7.3782     7.3696    -0.0086     5.8818     5.8750     21.796     22.277      0.268    1427.24    1427.23  0.000e+00
       2054     22.500     3.0491     3.0491    -0.0000    0.75719    0.75639          1     8.5811     8.4782       9.98     0.0116  3.487e-12  1.000e-12  2.869e+01     7.3782     7.3698    -0.0084     5.8817     5.8751     22.291     22.783      0.375    1427.25    1427.24  0.000e+00
       2080     23.000     3.0494     3.0491    -0.0004    0.75720    0.75639          1     8.5781     8.4878       9.98     0.0115  3.508e-12  1.000e-12  2.851e+01     7.3782     7.3698    -0.0084     5.8817     5.8750     22.786     23.289      0.418    1427.26    1427.25  0.000e+00
       2128     23.500     3.0501     3.0492    -0.0009    0.75722    0.75639          1     8.5739     8.4828       9.98     0.0121  3.480e-12  1.000e-12  2.875e+01     7.3782     7.3697    -0.0085     5.8817     5.8750     23.282     23.796      0.256    1427.27    1427.25  0.000e+00
       2209     24.000     3.0493     3.0493    -0.0000    0.75721    0.75640          1     8.5814     8.4856       9.98     0.0124  3.472e-12  1.000e-12  2.882e+01     7.3781     7.3697    -0.0084     5.8817     5.8750     23.777     24.302      0.393    1427.27    1427.26  0.000e+00
       2231     24.500     3.0496     3.0494    -0.0002    0.75722    0.75643          1     8.5783     8.4932       9.98     0.0119  3.463e-12  1.000e-12  2.890e+01     7.3781     7.3698    -0.0083     5.8817     5.8751     24.272     24.808      0.486    1427.28    1427.27  0.000e+00
       2260     25.000     3.0502     3.0502     0.0000    0.75724    0.75644          1     8.5754     8.4887       9.98     0.0114  3.488e-12  1.000e-12  2.868e+01     7.3781     7.3698    -0.0083     5.8817     5.8750     24.768     25.315      0.316    1427.29    1427.28  0.000e+00
       2329     25.500     3.0504     3.0500    -0.0005    0.75725    0.75643          1     8.5747     8.4877       9.98     0.0119  3.459e-12  1.000e-12  2.894e+01     7.3781     7.3696    -0.0085     5.8817     5.8749     25.263     25.821      0.209    1427.30    1427.29  0.000e+00
       2383     26.000     3.0506     3.0498    -0.0008    0.75726    0.75645          1     8.5782     8.4762       9.98     0.0114  3.412e-12  1.000e-12  2.934e+01     7.3780     7.3698    -0.0083     5.8816     5.8751     25.758     26.327      0.285    1427.31    1427.30  0.000e+00
       2425     26.500     3.0503     3.0487    -0.0016    0.75726    0.75643          1     8.5819     8.4749       9.98     0.0113  3.456e-12  1.000e-12  2.896e+01     7.3781     7.3698    -0.0083     5.8817     5.8751     26.253     26.833      0.260    1427.32    1427.30  0.000e+00
       2475     27.000     3.0491     3.0485    -0.0007    0.75723    0.75641          1     8.5761     8.4802       9.98     0.0117  3.371e-12  1.000e-12  2.969e+01     7.3780     7.3696    -0.0085     5.8816     5.8749     26.749     27.340      0.237    1427.32    1427.31  0.000e+00
       2527     27.500     3.0485     3.0479    -0.0006    0.75723    0.75643          1     8.5854     8.4902       9.98     0.0116  3.362e-12  1.000e-12  2.977e+01     7.3780     7.3698    -0.0082     5.8816     5.8751     27.244     27.846      0.218    1427.32    1427.31  0.000e+00
       2581     28.000     3.0487     3.0478    -0.0008    0.75724    0.75643          1     8.5793     8.4776       9.98     0.0117  3.366e-12  1.000e-12  2.975e+01     7.3780     7.3697    -0.0083     5.8816     5.8750     27.739     28.352      0.249    1427.33    1427.32  0.000e+00
       2622     28.500     3.0487     3.0478    -0.0010    0.75725    0.75642          1     8.5764     8.4805       9.98     0.0119  3.315e-12  1.000e-12  3.018e+01     7.3780     7.3696    -0.0084     5.8817     5.8749     28.235     28.859      0.354    1427.34    1427.33  0.000e+00
       2652     29.000     3.0485     3.0477    -0.0008    0.75725    0.75643          1     8.5711     8.4889       9.98     0.0111  3.291e-12  1.000e-12  3.039e+01     7.3780     7.3697    -0.0083     5.8816     5.8750     28.730     29.365      0.398    1427.35    1427.33  0.000e+00
