ctdpy/exports/archive_20191121_122431/received_data/SBE09_0827_20181003_2258_26_01_1003.cnv
* Sea-Bird SBE 9 Data File:
* FileName = D:\CTD_SBE911\DAT\26DA.2018.10.3.hex
* Software Version Seasave V 7.21d
* Temperature SN = 4548
* Conductivity SN = 3062
* Number of Bytes Per Scan = 48
* Number of Voltage Words = 5
* Number of Scans Averaged by the Deck Unit = 1
* NMEA Latitude = 55 24.65 N
* NMEA Longitude = 014 43.81 E
* NMEA UTC (Time) = Oct 03 2018  23:01:27
* NMEA baud rate = 4800
** Ship: DANA
** Average sound velocity: 1476.22 m/s
** True-depth calculation Thu, 28 Mar 2019 12:16:27 +0000
** CTD Python Module SMHI /ver 3-12/ feb 2012 
** LIMS Job: 20182601-1003
** Operator: Christian A-KTh
** Cruise: 09/2018
# nquan = 26
# nvalues = 131                         
# units = specified
# name 0 = scan: Scan Count
# name 1 = prDM: Pressure, Digiquartz [db]
# name 2 = t090C: Temperature [ITS-90, deg C]
# name 3 = t190C: Temperature, 2 [ITS-90, deg C]
# name 4 = T2-T190C: Temperature Difference, 2 - 1 [ITS-90, deg C]
# name 5 = c0S/m: Conductivity [S/m]
# name 6 = c1S/m: Conductivity, 2 [S/m]
# name 7 = pumps: Pump Status
# name 8 = sbeox1ML/L: Oxygen, SBE 43, 2 [ml/l]
# name 9 = sbeox0ML/L: Oxygen, SBE 43 [ml/l]
# name 10 = altM: Altimeter [m]
# name 11 = chloroflTC0: Chlorophyll, Turner Cyclops [ug/l]
# name 12 = cpar: CPAR/Corrected Irradiance [%]
# name 13 = par: PAR/Irradiance, Biospherical/Lico [µE/(cm^2*s)]
# name 14 = spar: SPAR, Biospherical/Licor
# name 15 = sal00: Salinity, Practical [PSU]
# name 16 = sal11: Salinity, Practical, 2 [PSU]
# name 17 = secS-priS: Salinity, Practical, Difference, 2 - 1 [PSU]
# name 18 = sigma-t00: Density [sigma-t, kg/m^3 ]
# name 19 = sigma-t11: Density, 2 [sigma-t, kg/m^3 ]
# name 20 = depSM: Depth [salt water, m], lat = 55.4108
# name 21 = depFM: Depth [true depth, m], lat = 55.4108
# name 22 = dz/dtM: Descent Rate [m/s], WS = 2
# name 23 = svCM: Sound Velocity [Chen-Millero, m/s]
# name 24 = svCM1: Sound Velocity, 2 [Chen-Millero, m/s]
# name 25 = flag: flag
# span 0 =       -118,       6354       
# span 1 =      1.500,     66.500       
# span 2 =     9.7376,    15.4721       
# span 3 =     9.6808,    15.4735       
# span 4 =    -0.7562,     0.1777       
# span 5 =   1.020547,   2.392889       
# span 6 =   1.021596,   2.393554       
# span 7 =          1,          1       
# span 8 =     2.1584,     7.0538       
# span 9 =     2.0180,     6.6009       
# span 10 =       1.73,       9.97      
# span 11 =     0.0000,     0.0000      
# span 12 = 4.9241e-11, 4.9241e-11      
# span 13 = 1.0000e-12, 1.0000e-12      
# span 14 = 2.0308e+00, 2.0308e+00      
# span 15 =     7.7028,    18.1142      
# span 16 =     7.7033,    18.1191      
# span 17 =    -0.0017,     0.2329      
# span 18 =     5.2740,    12.9075      
# span 19 =     5.2743,    12.9110      
# span 20 =      1.486,     65.888      
# span 21 =      1.520,     67.170      
# span 22 =     -0.098,      0.577      
# span 23 =    1456.92,    1489.75      
# span 24 =    1456.72,    1489.76      
# span 25 = 0.0000e+00, 0.0000e+00      
# interval = decibars: 0.5              
# start_time = Oct 03 2018 23:01:27 [NMEA time, first data scan]
# bad_flag = -9.990e-29
*END*
       -118      1.500    13.4141    13.4152     0.0011    1.03643    1.03652          1     6.7946     6.3406       9.97     0.0000  4.924e-11  1.000e-12  2.031e+00     7.7032     7.7037     0.0005     5.2751     5.2753      1.486      1.520     -0.098    1469.50    1469.51  0.000e+00
        417      2.000    13.4131    13.4130    -0.0002    1.03641    1.03646          1     6.7901     6.3273       9.97     0.0000  4.924e-11  1.000e-12  2.031e+00     7.7032     7.7037     0.0005     5.2752     5.2756      1.982      2.026      0.312    1469.51    1469.51  0.000e+00
        479      2.500    13.4155    13.4140    -0.0015    1.03649    1.03650          1     6.7933     6.3332       9.97     0.0000  4.924e-11  1.000e-12  2.031e+00     7.7033     7.7037     0.0004     5.2749     5.2755      2.477      2.533      0.290    1469.53    1469.52  0.000e+00
        556      3.000    13.4212    13.4206    -0.0007    1.03665    1.03669          1     6.7827     6.3394       9.97     0.0000  4.924e-11  1.000e-12  2.031e+00     7.7034     7.7038     0.0004     5.2741     5.2746      2.973      3.040      0.352    1469.55    1469.55  0.000e+00
        600      3.500    13.4213    13.4224     0.0011    1.03664    1.03674          1     6.7890     6.3384       9.97     0.0000  4.924e-11  1.000e-12  2.031e+00     7.7033     7.7038     0.0006     5.2740     5.2743      3.468      3.546      0.237    1469.56    1469.57  0.000e+00
        650      4.000    13.4187    13.4193     0.0006    1.03658    1.03665          1     6.7786     6.3332       9.97     0.0000  4.924e-11  1.000e-12  2.031e+00     7.7032     7.7037     0.0005     5.2744     5.2747      3.964      4.053      0.301    1469.56    1469.56  0.000e+00
        692      4.500    13.4162    13.4113    -0.0050    1.03651    1.03642          1     6.7906     6.3380       9.97     0.0000  4.924e-11  1.000e-12  2.031e+00     7.7031     7.7034     0.0003     5.2747     5.2756      4.459      4.559      0.248    1469.56    1469.54  0.000e+00
        770      5.000    13.4110    13.4099    -0.0011    1.03635    1.03638          1     6.7814     6.3314       9.97     0.0000  4.924e-11  1.000e-12  2.031e+00     7.7029     7.7033     0.0004     5.2753     5.2757      4.955      5.066      0.253    1469.55    1469.55  0.000e+00
        809      5.500    13.4092    13.4093     0.0001    1.03631    1.03638          1     6.7926     6.3307       9.97     0.0000  4.924e-11  1.000e-12  2.031e+00     7.7028     7.7034     0.0006     5.2755     5.2759      5.450      5.573      0.450    1469.55    1469.55  0.000e+00
        836      6.000    13.4090    13.4087    -0.0003    1.03631    1.03639          1     6.7935     6.3364       9.97     0.0000  4.924e-11  1.000e-12  2.031e+00     7.7028     7.7035     0.0006     5.2755     5.2761      5.946      6.079      0.354    1469.56    1469.56  0.000e+00
        917      6.500    13.4084    13.4081    -0.0003    1.03633    1.03641          1     6.7911     6.3325       9.97     0.0000  4.924e-11  1.000e-12  2.031e+00     7.7030     7.7037     0.0007     5.2757     5.2763      6.441      6.586      0.249    1469.56    1469.56  0.000e+00
        960      7.000    13.4086    13.4094     0.0008    1.03637    1.03648          1     6.8010     6.3292       9.97     0.0000  4.924e-11  1.000e-12  2.031e+00     7.7033     7.7040     0.0007     5.2759     5.2763      6.937      7.092      0.403    1469.57    1469.58  0.000e+00
        990      7.500    13.4081    13.4078    -0.0003    1.03637    1.03644          1     6.7876     6.3331       9.97     0.0000  4.924e-11  1.000e-12  2.031e+00     7.7033     7.7040     0.0007     5.2760     5.2766      7.432      7.599      0.346    1469.58    1469.58  0.000e+00
       1058      8.000    13.4135    13.4128    -0.0007    1.03656    1.03660          1     6.7866     6.3371       9.97     0.0000  4.924e-11  1.000e-12  2.031e+00     7.7037     7.7041     0.0004     5.2755     5.2760      7.927      8.106      0.202    1469.61    1469.60  0.000e+00
       1122      8.500    13.4191    13.4183    -0.0008    1.03672    1.03677          1     6.7914     6.3236       9.97     0.0000  4.924e-11  1.000e-12  2.031e+00     7.7038     7.7044     0.0005     5.2748     5.2753      8.423      8.612      0.381    1469.64    1469.63  0.000e+00
       1149      9.000    13.4168    13.4175     0.0007    1.03661    1.03671          1     6.7897     6.3297       9.97     0.0000  4.924e-11  1.000e-12  2.031e+00     7.7033     7.7040     0.0007     5.2747     5.2751      8.918      9.119      0.425    1469.64    1469.64  0.000e+00
       1181      9.500    13.4158    13.4151    -0.0006    1.03653    1.03657          1     6.7805     6.3391       9.97     0.0000  4.924e-11  1.000e-12  2.031e+00     7.7029     7.7033     0.0004     5.2745     5.2750      9.414      9.625      0.286    1469.64    1469.64  0.000e+00
       1266     10.000    13.4163    13.4174     0.0012    1.03684    1.03691          1     6.7836     6.3300       9.97     0.0000  4.924e-11  1.000e-12  2.031e+00     7.7052     7.7055     0.0003     5.2763     5.2763      9.909     10.132      0.346    1469.65    1469.66  0.000e+00
       1289     10.500    13.4182    13.4193     0.0012    1.03714    1.03724          1     6.7774     6.3242       9.97     0.0000  4.924e-11  1.000e-12  2.031e+00     7.7071     7.7077     0.0006     5.2775     5.2777     10.405     10.639      0.479    1469.67    1469.67  0.000e+00
       1336     11.000    13.4202    13.4209     0.0007    1.03718    1.03728          1     6.7826     6.3264       9.97     0.0000  4.924e-11  1.000e-12  2.031e+00     7.7070     7.7077     0.0007     5.2771     5.2775     10.900     11.145      0.285    1469.68    1469.69  0.000e+00
       1405     11.500    13.4226    13.4230     0.0004    1.03725    1.03736          1     6.7800     6.3278       9.97     0.0000  4.924e-11  1.000e-12  2.031e+00     7.7070     7.7078     0.0008     5.2767     5.2773     11.396     11.652      0.416    1469.70    1469.70  0.000e+00
       1429     12.000    13.4184    13.4178    -0.0007    1.03735    1.03749          1     6.7756     6.3348       9.97     0.0000  4.924e-11  1.000e-12  2.031e+00     7.7086     7.7099     0.0013     5.2786     5.2796     11.891     12.158      0.441    1469.70    1469.69  0.000e+00
       1465     12.500    13.4129    13.4104    -0.0025    1.03759    1.03775          1     6.7823     6.3253       9.97     0.0000  4.924e-11  1.000e-12  2.031e+00     7.7116     7.7134     0.0018     5.2817     5.2835     12.387     12.665      0.262    1469.69    1469.68  0.000e+00
       1522     13.000    13.3953    13.3865    -0.0087    1.03796    1.03819          1     6.8261     6.3836       9.97     0.0000  4.924e-11  1.000e-12  2.031e+00     7.7181     7.7217     0.0036     5.2893     5.2934     12.882     13.171      0.250    1469.64    1469.61  0.000e+00
       1561     13.500    13.3440    13.3238    -0.0208    1.03930    1.03969          1     6.7098     6.3249       9.97     0.0000  4.924e-11  1.000e-12  2.031e+00     7.7391     7.7463     0.0073     5.3131     5.3217     13.377     13.678      0.343    1469.49    1469.43  0.000e+00
       1595     14.000    12.8829    12.7816    -0.1008    1.04985    1.05190          1     6.7483     6.2979       9.97     0.0000  4.924e-11  1.000e-12  2.031e+00     7.9190     7.9567     0.0377     5.5189     5.5625     13.873     14.185      0.319    1468.05    1467.73  0.000e+00
       1646     14.500    12.7134    12.6729    -0.0404    1.05573    1.05694          1     6.8196     6.3556       9.97     0.0000  4.924e-11  1.000e-12  2.031e+00     8.0021     8.0206     0.0185     5.6074     5.6273     14.368     14.691      0.177    1467.55    1467.42  0.000e+00
       1715     15.000    12.6527    12.6111    -0.0414    1.05794    1.05879          1     6.8585     6.4079       9.97     0.0000  4.924e-11  1.000e-12  2.031e+00     8.0329     8.0488     0.0159     5.6397     5.6578     14.864     15.197      0.328    1467.37    1467.24  0.000e+00
       1742     15.500    12.5579    12.5323    -0.0258    1.05978    1.06042          1     6.8820     6.4139       9.97     0.0000  4.924e-11  1.000e-12  2.031e+00     8.0682     8.0788     0.0107     5.6802     5.6920     15.359     15.704      0.502    1467.08    1467.00  0.000e+00
       1766     16.000    12.4738    12.4097    -0.0639    1.06184    1.06270          1     6.9070     6.4383       9.97     0.0000  4.924e-11  1.000e-12  2.031e+00     8.1030     8.1238     0.0208     5.7189     5.7438     15.855     16.210      0.423    1466.82    1466.61  0.000e+00
       1838     16.500    12.3995    12.3821    -0.0171    1.06269    1.06310          1     6.9019     6.4467       9.97     0.0000  4.924e-11  1.000e-12  2.031e+00     8.1259     8.1330     0.0071     5.7468     5.7547     16.350     16.717      0.271    1466.58    1466.53  0.000e+00
       1882     17.000    12.3772    12.3729    -0.0043    1.06306    1.06325          1     6.9017     6.4502       9.97     0.0000  4.924e-11  1.000e-12  2.031e+00     8.1337     8.1362     0.0024     5.7560     5.7584     16.845     17.223      0.507    1466.52    1466.50  0.000e+00
       1903     17.500    12.3709    12.3649    -0.0060    1.06302    1.06313          1     6.9056     6.4511       9.97     0.0000  4.924e-11  1.000e-12  2.031e+00     8.1347     8.1369     0.0022     5.7575     5.7601     17.341     17.729      0.506    1466.50    1466.49  0.000e+00
       1966     18.000    12.3610    12.3562    -0.0048    1.06281    1.06286          1     6.8996     6.4502       9.97     0.0000  4.924e-11  1.000e-12  2.031e+00     8.1350     8.1365     0.0015     5.7592     5.7610     17.836     18.236      0.333    1466.48    1466.46  0.000e+00
       2025     18.500    12.3533    12.3499    -0.0035    1.06268    1.06280          1     6.8995     6.4543       9.97     0.0000  4.924e-11  1.000e-12  2.031e+00     8.1355     8.1373     0.0018     5.7606     5.7624     18.332     18.742      0.547    1466.46    1466.45  0.000e+00
       2045     19.000    12.3461    12.3419    -0.0041    1.06261    1.06274          1     6.9004     6.4614       9.97     0.0000  4.924e-11  1.000e-12  2.031e+00     8.1365     8.1384     0.0019     5.7624     5.7644     18.827     19.248      0.519    1466.44    1466.43  0.000e+00
       2083     19.500    12.3357    12.3319    -0.0040    1.06258    1.06270          1     6.8946     6.4608       9.97     0.0000  4.924e-11  1.000e-12  2.031e+00     8.1384     8.1402     0.0019     5.7652     5.7672     19.323     19.755      0.264    1466.41    1466.40  0.000e+00
       2152     20.000    12.3137    12.3094    -0.0043    1.06257    1.06270          1     6.9023     6.4565       9.97     0.0000  4.924e-11  1.000e-12  2.031e+00     8.1430     8.1450     0.0020     5.7718     5.7739     19.818     20.261      0.314    1466.35    1466.33  0.000e+00
       2179     20.500    12.3101    12.3101    -0.0000    1.06272    1.06287          1     6.8971     6.4595       9.97     0.0000  4.924e-11  1.000e-12  2.031e+00     8.1449     8.1462     0.0013     5.7738     5.7748     20.313     20.767      0.460    1466.34    1466.34  0.000e+00
       2207     21.000    12.3115    12.3113    -0.0003    1.06280    1.06295          1     6.8878     6.4635       9.97     0.0000  4.924e-11  1.000e-12  2.031e+00     8.1453     8.1465     0.0013     5.7739     5.7749     20.809     21.274      0.339    1466.36    1466.36  0.000e+00
       2289     21.500    12.3105    12.3108     0.0003    1.06288    1.06301          1     6.8970     6.4563       9.97     0.0000  4.924e-11  1.000e-12  2.031e+00     8.1461     8.1471     0.0010     5.7746     5.7754     21.304     21.780      0.293    1466.36    1466.36  0.000e+00
       2325     22.000    12.3128    12.3121    -0.0007    1.06304    1.06313          1     6.8903     6.4445       9.97     0.0000  4.924e-11  1.000e-12  2.031e+00     8.1468     8.1478     0.0009     5.7749     5.7757     21.800     22.286      0.404    1466.38    1466.38  0.000e+00
       2354     22.500    12.3164    12.3169     0.0005    1.06408    1.06432          1     7.0538     6.5236       9.97     0.0000  4.924e-11  1.000e-12  2.031e+00     8.1546     8.1565     0.0019     5.7804     5.7818     22.295     22.793      0.385    1466.41    1466.41  0.000e+00
       2391     23.000    12.3249    12.2956    -0.0299    1.07296    1.07498          1     6.9564     6.6009       9.97     0.0000  4.924e-11  1.000e-12  2.031e+00     8.2262     8.2493     0.0232     5.8345     5.8563     22.791     23.299      0.260    1466.53    1466.45  0.000e+00
       2445     23.500    10.7536    10.1697    -0.5810    1.03373    1.02164          1     6.2605     6.0338       9.97     0.0000  4.924e-11  1.000e-12  2.031e+00     8.2416     8.2687     0.0272     6.0432     6.1330     23.286     23.805      0.260    1460.65    1458.45  0.000e+00
       2485     24.000     9.7376     9.6808    -0.0556    1.02055    1.02160          1     6.2995     5.9911       9.97     0.0000  4.924e-11  1.000e-12  2.031e+00     8.3589     8.3811     0.0222     6.2533     6.2766     23.781     24.312      0.309    1456.92    1456.72  0.000e+00
       2528     24.500    10.8488    10.8945     0.0456    1.10518    1.10627          1     6.0833     5.8143       9.97     0.0000  4.924e-11  1.000e-12  2.031e+00     8.8350     8.8334    -0.0017     6.4961     6.4892     24.277     24.818      0.251    1461.78    1461.95  0.000e+00
       2579     25.000    11.2675    11.3331     0.0661    1.13379    1.13901          1     5.8418     5.4710       9.97     0.0000  4.924e-11  1.000e-12  2.031e+00     8.9807     9.0094     0.0287     6.5577     6.5715     24.772     25.324      0.225    1463.55    1463.83  0.000e+00
       2628     25.500    11.8210    11.9679     0.1468    1.17320    1.17919          1     5.8550     5.4834       9.97     0.0000  4.924e-11  1.000e-12  2.031e+00     9.1791     9.1938     0.0147     6.6376     6.6293     25.268     25.829      0.312    1465.84    1466.41  0.000e+00
       2660     26.000    12.9718    13.0813     0.1091    1.27266    1.27821          1     5.4589     5.2744       9.97     0.0000  4.924e-11  1.000e-12  2.031e+00     9.7233     9.7413     0.0179     6.8959     6.8934     25.763     26.335      0.396    1470.70    1471.12  0.000e+00
       2696     26.500    13.2717    13.3765     0.1048    1.30519    1.31435          1     5.2419     4.9937       9.97     0.0000  4.924e-11  1.000e-12  2.031e+00     9.9150     9.9630     0.0480     6.9986     7.0195     26.258     26.841      0.261    1472.01    1472.44  0.000e+00
       2757     27.000    13.4992    13.5902     0.0908    1.33815    1.34630          1     5.1727     4.8670       9.97     0.0000  4.924e-11  1.000e-12  2.031e+00    10.1258    10.1686     0.0428     7.1256     7.1444     26.754     27.347      0.256    1473.07    1473.45  0.000e+00
       2794     27.500    13.7313    13.7704     0.0390    1.37138    1.37475          1     5.0902     4.8003       9.97     0.0000  4.924e-11  1.000e-12  2.031e+00    10.3360    10.3530     0.0170     7.2508     7.2577     27.249     27.852      0.363    1474.15    1474.31  0.000e+00
       2830     28.000    13.8629    13.9020     0.0391    1.39082    1.39427          1     5.0838     4.7684       9.97     0.0000  4.924e-11  1.000e-12  2.031e+00    10.4590    10.4765     0.0175     7.3243     7.3315     27.745     28.358      0.280    1474.76    1474.92  0.000e+00
       2887     28.500    13.9386    13.9764     0.0379    1.40264    1.40653          1     5.1327     4.7718       9.97     0.0000  4.924e-11  1.000e-12  2.031e+00    10.5347    10.5560     0.0214     7.3703     7.3806     28.240     28.864      0.216    1475.12    1475.28  0.000e+00
