ctdpy/exports/archive_20191121_122431/received_data/SBE09_1044_20181109_2143_34_01_0123.cnv
* Sea-Bird SBE 9 Data File:
* FileName = C:\ctd\temp\ar18d123.hex
* Software Version Seasave V 7.26.7.107
* Temperature SN = 5351
* Conductivity SN = 3941
* Number of Bytes Per Scan = 41
* Number of Voltage Words = 4
* Number of Scans Averaged by the Deck Unit = 1
* NMEA Latitude = 57 18.73 N
* NMEA Longitude = 020 04.55 E
* NMEA UTC (Time) = Nov 09 2018  21:43:38
* NMEA baud rate = 4800
** Station:  BY15-X
** Operator:  A-KTh
** Ship: ARANDA
** Average sound velocity: 1449.38 m/s
** True-depth calculation Sat, 10 Nov 2018 13:06:12 +0000
** CTD Python Module SMHI /ver 3-12/ feb 2012 
** LIMS Job: 20183401-0123
** Cruise: SMHI-6-2018
** Latitude [GG MM.mm N]:
** Longitude [GG MM.mm E]
# nquan = 26
# nvalues = 471                         
# units = specified
# name 0 = scan: Scan Count
# name 1 = prDM: Pressure, Digiquartz [db]
# name 2 = t090C: Temperature [ITS-90, deg C]
# name 3 = t190C: Temperature, 2 [ITS-90, deg C]
# name 4 = T2-T190C: Temperature Difference, 2 - 1 [ITS-90, deg C]
# name 5 = c0S/m: Conductivity [S/m]
# name 6 = c1S/m: Conductivity, 2 [S/m]
# name 7 = pumps: Pump Status
# name 8 = sbeox0ML/L: Oxygen, SBE 43 [ml/l]
# name 9 = sbeox1ML/L: Oxygen, SBE 43, 2 [ml/l]
# name 10 = altM: Altimeter [m]
# name 11 = flECO-AFL: Chl-a Fluorescence, WET Labs ECO-AFL/FL [mg/m^3]
# name 12 = flECO-AFL1: Phycocyanin Fluorescence, WET Labs ECO-AFL/FL, 2 [mg/m^3]
# name 13 = par: PAR/Irradiance, Biospherical/Lico [µE/(cm^2*s)]
# name 14 = turbWETntu0: Turbidity, WET Labs ECO [NTU]
# name 15 = sal00: Salinity, Practical [PSU]
# name 16 = sal11: Salinity, Practical, 2 [PSU]
# name 17 = secS-priS: Salinity, Practical, Difference, 2 - 1 [PSU]
# name 18 = sigma-t00: Density [sigma-t, Kg/m^3 ]
# name 19 = sigma-t11: Density, 2 [sigma-t, Kg/m^3 ]
# name 20 = depSM: Depth [salt water, m], lat = 57.3122
# name 21 = depFM: Depth [true depth, m], lat = 57.3122
# name 22 = dz/dtM: Descent Rate [m/s], WS = 2
# name 23 = svCM: Sound Velocity [Chen-Millero, m/s]
# name 24 = svCM1: Sound Velocity, 2 [Chen-Millero, m/s]
# name 25 = flag: flag
# span 0 =      11696,      23068       
# span 1 =      1.000,    236.000       
# span 2 =     3.4292,     9.2027       
# span 3 =     3.4296,     9.2022       
# span 4 =    -0.0145,     0.0595       
# span 5 =   0.772828,   1.454983       
# span 6 =   0.772764,   1.454992       
# span 7 =          1,          1       
# span 8 =    0.01476,    7.66829       
# span 9 =    0.04654,    7.96903       
# span 10 =       2.69,      99.27      
# span 11 =     0.2058,     0.9905      
# span 12 =     0.1203,     0.4067      
# span 13 = -6.434e-06, 4.7544e-01      
# span 14 =     0.1173,     0.5272      
# span 15 =     7.0033,    13.2489      
# span 16 =     7.0031,    13.2485      
# span 17 =    -0.0075,     0.0004      
# span 18 =     5.2730,    10.3423      
# span 19 =     5.2727,    10.3419      
# span 20 =      0.991,    233.693      
# span 21 =      1.013,    238.369      
# span 22 =      0.005,      0.573      
# span 23 =    1429.74,    1454.94      
# span 24 =    1429.75,    1454.94      
# span 25 = 0.0000e+00, 0.0000e+00      
# interval = decibars: 0.5              
# start_time = Nov 09 2018 21:43:38 [NMEA time, first data scan]
# bad_flag = -9.990e-29
*END*
      11696      1.000     8.9782     8.9785     0.0003    0.84873    0.84871          1     7.5027     7.1159      28.90     0.9905     0.3807  4.754e-01  0.2061000     7.0034     7.0031    -0.0002     5.2733     5.2730      0.991      1.013      0.165    1451.89    1451.90  0.000e+00
      11753      1.500     8.9791     8.9799     0.0008    0.84876    0.84875          1     7.5034     7.1153       5.86     0.9835     0.3360  1.669e-01  0.2165000     7.0033     7.0031    -0.0002     5.2731     5.2729      1.486      1.520      0.271    1451.90    1451.91  0.000e+00
      11797      2.000     8.9786     8.9803     0.0016    0.84876    0.84876          1     7.5042     7.1136       4.95     0.9572     0.3405  5.778e-02  0.2083000     7.0034     7.0031    -0.0004     5.2732     5.2728      1.982      2.026      0.308    1451.91    1451.92  0.000e+00
      11834      2.500     8.9774     8.9801     0.0027    0.84873    0.84876          1     7.5010     7.1180       4.33     0.9771     0.2957  3.444e-02  0.2243000     7.0034     7.0031    -0.0003     5.2733     5.2728      2.477      2.533      0.341    1451.91    1451.92  0.000e+00
      11865      3.000     8.9787     8.9801     0.0013    0.84879    0.84878          1     7.4931     7.1147       4.13     0.9511     0.3531  2.008e-02  0.2188000     7.0035     7.0032    -0.0003     5.2733     5.2730      2.972      3.040      0.399    1451.93    1451.93  0.000e+00
      11896      3.500     8.9794     8.9804     0.0010    0.84882    0.84880          1     7.4979     7.1155       4.19     0.9439     0.3276  3.002e-03  0.2233000     7.0036     7.0032    -0.0004     5.2733     5.2729      3.468      3.546      0.390    1451.94    1451.94  0.000e+00
      11926      4.000     8.9793     8.9797     0.0004    0.84882    0.84878          1     7.4929     7.1096       4.14     0.9248     0.3491  8.261e-04  0.2176000     7.0036     7.0032    -0.0004     5.2733     5.2730      3.963      4.053      0.419    1451.94    1451.94  0.000e+00
      11954      4.500     8.9799     8.9806     0.0007    0.84884    0.84881          1     7.4896     7.1136       3.62     0.9484     0.3508 -6.434e-06  0.2223000     7.0037     7.0033    -0.0004     5.2733     5.2729      4.459      4.559      0.443    1451.95    1451.96  0.000e+00
      11980      5.000     8.9805     8.9816     0.0012    0.84886    0.84885          1     7.4923     7.1110       3.97     0.9349     0.3907  1.000e-12  0.2123000     7.0036     7.0033    -0.0003     5.2732     5.2729      4.954      5.066      0.445    1451.97    1451.97  0.000e+00
      12008      5.500     8.9807     8.9819     0.0012    0.84887    0.84886          1     7.4886     7.1136       4.07     0.8983     0.4067  1.000e-12  0.2171000     7.0036     7.0033    -0.0003     5.2732     5.2729      5.449      5.573      0.450    1451.97    1451.98  0.000e+00
      12033      6.000     8.9817     8.9824     0.0008    0.84890    0.84889          1     7.4813     7.1127      44.34     0.9245     0.3968  1.000e-12  0.2123000     7.0037     7.0034    -0.0003     5.2732     5.2728      5.945      6.079      0.480    1451.99    1451.99  0.000e+00
      12058      6.500     8.9802     8.9814     0.0012    0.84886    0.84885          1     7.4812     7.1142      32.88     0.9355     0.3828  1.000e-12  0.2286000     7.0035     7.0032    -0.0003     5.2732     5.2728      6.440      6.586      0.495    1451.99    1451.99  0.000e+00
      12082      7.000     8.9797     8.9804     0.0007    0.84885    0.84882          1     7.4864     7.1178      98.68     0.9101     0.3343  1.000e-12  0.2033000     7.0035     7.0031    -0.0004     5.2732     5.2728      6.935      7.092      0.483    1451.99    1452.00  0.000e+00
      12107      7.500     8.9813     8.9810    -0.0002    0.84891    0.84886          1     7.4800     7.1203      98.04     0.9103     0.3225  1.000e-12  0.2175000     7.0037     7.0032    -0.0005     5.2732     5.2729      7.431      7.599      0.484    1452.01    1452.01  0.000e+00
      12132      8.000     8.9838     8.9835    -0.0003    0.84900    0.84895          1     7.4775     7.1204      98.04     0.9125     0.3240  1.000e-12  0.2285000     7.0039     7.0035    -0.0004     5.2731     5.2728      7.926      8.106      0.509    1452.03    1452.03  0.000e+00
      12155      8.500     8.9835     8.9846     0.0011    0.84898    0.84898          1     7.4714     7.1175      98.02     0.8964     0.3518  1.000e-12  0.2247000     7.0037     7.0035    -0.0002     5.2730     5.2728      8.421      8.612      0.517    1452.03    1452.04  0.000e+00
      12178      9.000     8.9844     8.9856     0.0012    0.84902    0.84901          1     7.4584     7.1199      98.01     0.9376     0.3803  1.000e-12  0.2279000     7.0039     7.0036    -0.0003     5.2731     5.2727      8.917      9.119      0.514    1452.04    1452.05  0.000e+00
      12201      9.500     8.9855     8.9868     0.0014    0.84906    0.84907          1     7.4610     7.1164      98.03     0.9470     0.3477  1.000e-12  0.2251000     7.0040     7.0038    -0.0002     5.2730     5.2727      9.412      9.625      0.515    1452.06    1452.06  0.000e+00
      12225     10.000     8.9861     8.9870     0.0009    0.84910    0.84908          1     7.4617     7.1141      98.04     0.9257     0.3176  1.000e-12  0.2225000     7.0041     7.0038    -0.0003     5.2730     5.2727      9.908     10.132      0.523    1452.07    1452.07  0.000e+00
      12247     10.500     8.9862     8.9871     0.0009    0.84910    0.84909          1     7.4631     7.1195      98.04     0.9115     0.3374  1.000e-12  0.2270000     7.0041     7.0037    -0.0003     5.2730     5.2727     10.403     10.639      0.526    1452.08    1452.08  0.000e+00
      12270     11.000     8.9848     8.9864     0.0017    0.84906    0.84907          1     7.4728     7.1222      76.69     0.9241     0.3559  1.000e-12  0.2315000     7.0039     7.0037    -0.0002     5.2730     5.2727     10.898     11.145      0.512    1452.08    1452.09  0.000e+00
      12294     11.500     8.9843     8.9857     0.0013    0.84906    0.84907          1     7.4706     7.1181      53.81     0.9372     0.3555  1.000e-12  0.2355000     7.0039     7.0037    -0.0002     5.2731     5.2728     11.394     11.652      0.500    1452.08    1452.09  0.000e+00
      12318     12.000     8.9854     8.9857     0.0003    0.84915    0.84910          1     7.4698     7.1128      96.84     0.9115     0.3845  1.000e-12  0.2253000     7.0044     7.0040    -0.0004     5.2734     5.2730     11.889     12.158      0.511    1452.10    1452.10  0.000e+00
      12341     12.500     8.9847     8.9857     0.0010    0.84912    0.84911          1     7.4641     7.1109      81.34     0.9100     0.3223  1.000e-12  0.2183000     7.0043     7.0040    -0.0003     5.2733     5.2730     12.385     12.665      0.533    1452.10    1452.11  0.000e+00
      12363     13.000     8.9869     8.9881     0.0011    0.84922    0.84922          1     7.4576     7.1150       5.51     0.9003     0.3364  1.000e-12  0.2238000     7.0047     7.0045    -0.0002     5.2735     5.2732     12.880     13.172      0.534    1452.12    1452.12  0.000e+00
      12386     13.500     8.9867     8.9873     0.0006    0.84921    0.84917          1     7.4615     7.1156       4.48     0.8989     0.3765  1.000e-12  0.2295000     7.0046     7.0041    -0.0004     5.2734     5.2730     13.375     13.678      0.517    1452.13    1452.13  0.000e+00
      12410     14.000     8.9933     8.9937     0.0003    0.84959    0.84954          1     7.4568     7.1093       4.03     0.8843     0.3391  1.000e-12  0.2193000     7.0066     7.0061    -0.0005     5.2743     5.2739     13.871     14.185      0.506    1452.16    1452.16  0.000e+00
      12433     14.500     9.0003     9.0008     0.0005    0.84999    0.84994          1     7.4398     7.1024      69.78     0.8220     0.3232  1.000e-12  0.2170000     7.0087     7.0081    -0.0006     5.2754     5.2748     14.366     14.691      0.517    1452.20    1452.20  0.000e+00
      12456     15.000     9.0039     9.0055     0.0017    0.85034    0.85034          1     7.4322     7.0950      98.46     0.7654     0.3123  1.000e-12  0.2091000     7.0111     7.0108    -0.0003     5.2769     5.2765     14.861     15.198      0.521    1452.23    1452.23  0.000e+00
      12479     15.500     9.0051     9.0062     0.0011    0.85058    0.85053          1     7.4332     7.0918      74.70     0.7041     0.2855  1.000e-12  0.2048000     7.0129     7.0123    -0.0006     5.2782     5.2776     15.357     15.705      0.520    1452.24    1452.25  0.000e+00
      12502     16.000     9.0055     9.0062     0.0007    0.85065    0.85062          1     7.4259     7.0965      67.39     0.6572     0.2636  1.000e-12  0.2078000     7.0134     7.0130    -0.0004     5.2785     5.2781     15.852     16.211      0.525    1452.25    1452.25  0.000e+00
      12525     16.500     9.0072     9.0079     0.0007    0.85075    0.85071          1     7.4289     7.0931      98.14     0.6441     0.3220  1.000e-12  0.2031000     7.0139     7.0134    -0.0004     5.2787     5.2783     16.347     16.718      0.530    1452.27    1452.27  0.000e+00
      12548     17.000     9.0107     9.0127     0.0020    0.85104    0.85110          1     7.4264     7.0869      22.66     0.6483     0.3083  1.000e-12  0.1973000     7.0157     7.0158     0.0001     5.2799     5.2797     16.843     17.224      0.520    1452.29    1452.30  0.000e+00
      12571     17.500     9.0123     9.0130     0.0007    0.85118    0.85113          1     7.4167     7.0851       9.22     0.6485     0.3064  1.000e-12  0.2066000     7.0166     7.0160    -0.0006     5.2804     5.2798     17.338     17.731      0.508    1452.31    1452.31  0.000e+00
      12595     18.000     9.0159     9.0161     0.0002    0.85144    0.85137          1     7.4249     7.0893      98.55     0.6712     0.2718  1.000e-12  0.1865000     7.0181     7.0175    -0.0006     5.2812     5.2807     17.833     18.237      0.509    1452.33    1452.33  0.000e+00
      12618     18.500     9.0174     9.0183     0.0008    0.85156    0.85153          1     7.4239     7.0944      98.02     0.6260     0.3173  1.000e-12  0.1932000     7.0189     7.0184    -0.0004     5.2816     5.2812     18.329     18.744      0.523    1452.35    1452.35  0.000e+00
      12641     19.000     9.0201     9.0214     0.0013    0.85172    0.85172          1     7.4235     7.0889      98.02     0.6750     0.2848  1.000e-12  0.2226000     7.0197     7.0194    -0.0003     5.2821     5.2817     18.824     19.251      0.527    1452.37    1452.37  0.000e+00
      12664     19.500     9.0223     9.0233     0.0010    0.85186    0.85184          1     7.4255     7.0840      89.88     0.6648     0.2664  1.000e-12  0.2123000     7.0204     7.0201    -0.0003     5.2824     5.2821     19.319     19.757      0.519    1452.38    1452.39  0.000e+00
      12687     20.000     9.0287     9.0294     0.0007    0.85233    0.85228          1     7.4250     7.0848      89.88     0.6632     0.3024  1.000e-12  0.2013000     7.0233     7.0227    -0.0006     5.2841     5.2835     19.815     20.264      0.514    1452.42    1452.42  0.000e+00
      12711     20.500     9.0334     9.0348     0.0014    0.85273    0.85272          1     7.4373     7.0845      98.03     0.6714     0.3150  1.000e-12  0.2080000     7.0259     7.0255    -0.0003     5.2856     5.2852     20.310     20.770      0.518    1452.45    1452.46  0.000e+00
      12734     21.000     9.0371     9.0383     0.0012    0.85319    0.85318          1     7.4252     7.0826      98.02     0.6549     0.2940  1.000e-12  0.1997000     7.0291     7.0288    -0.0004     5.2878     5.2874     20.805     21.277      0.524    1452.48    1452.48  0.000e+00
      12756     21.500     9.0446     9.0451     0.0004    0.85366    0.85362          1     7.4027     7.0883      97.97     0.6505     0.3070  1.000e-12  0.1996000     7.0318     7.0313    -0.0005     5.2892     5.2888     21.301     21.784      0.520    1452.52    1452.52  0.000e+00
      12780     22.000     9.0500     9.0516     0.0017    0.85394    0.85397          1     7.4031     7.0925      97.98     0.6547     0.2802  1.000e-12  0.2074000     7.0331     7.0331    -0.0001     5.2897     5.2895     21.796     22.290      0.517    1452.55    1452.56  0.000e+00
      12803     22.500     9.0609     9.0621     0.0012    0.85470    0.85468          1     7.4183     7.0914      42.39     0.6368     0.2905  1.000e-12  0.2093000     7.0377     7.0373    -0.0004     5.2922     5.2918     22.292     22.797      0.519    1452.61    1452.61  0.000e+00
      12826     23.000     9.0602     9.0614     0.0012    0.85488    0.85487          1     7.4156     7.0844       7.71     0.6314     0.3045  1.000e-12  0.2049000     7.0393     7.0390    -0.0003     5.2936     5.2933     22.787     23.303      0.520    1452.61    1452.62  0.000e+00
      12849     23.500     9.0690     9.0697     0.0007    0.85567    0.85566          1     7.4111     7.0715      63.34     0.6500     0.3161  1.000e-12  0.2039000     7.0445     7.0443    -0.0002     5.2968     5.2966     23.282     23.810      0.518    1452.66    1452.67  0.000e+00
      12872     24.000     9.0780     9.0793     0.0013    0.85656    0.85654          1     7.4084     7.0706      95.92     0.6150     0.3096  1.000e-12  0.1978000     7.0506     7.0501    -0.0004     5.3007     5.3002     23.778     24.317      0.516    1452.72    1452.72  0.000e+00
      12896     24.500     9.0920     9.0893    -0.0027    0.85774    0.85752          1     7.4055     7.0703      96.28     0.6496     0.2992  1.000e-12  0.1993000     7.0582     7.0568    -0.0014     5.3054     5.3045     24.273     24.823      0.517    1452.79    1452.78  0.000e+00
      12919     25.000     9.1111     9.1118     0.0007    0.85876    0.85874          1     7.3898     7.0602      97.99     0.6510     0.3228  1.000e-12  0.1986000     7.0634     7.0630    -0.0004     5.3076     5.3072     24.768     25.330      0.518    1452.88    1452.88  0.000e+00
      12942     25.500     9.1206     9.1228     0.0021    0.85928    0.85937          1     7.3811     7.0491      97.98     0.5865     0.3202  1.000e-12  0.2178000     7.0661     7.0664     0.0003     5.3088     5.3088     25.264     25.836      0.522    1452.93    1452.94  0.000e+00
      12965     26.000     9.1081     9.1077    -0.0004    0.85933    0.85926          1     7.3801     7.0423      97.99     0.5521     0.2100  1.000e-12  0.1990000     7.0689     7.0684    -0.0005     5.3122     5.3118     25.759     26.343      0.523    1452.89    1452.89  0.000e+00
      12988     26.500     9.1198     9.1191    -0.0007    0.86006    0.85999          1     7.3826     7.0440      13.04     0.5718     0.3080  1.000e-12  0.2039000     7.0730     7.0725    -0.0005     5.3142     5.3139     26.254     26.849      0.512    1452.95    1452.95  0.000e+00
      13011     27.000     9.1422     9.1406    -0.0016    0.86100    0.86090          1     7.3815     7.0378       7.06     0.5991     0.3109  1.000e-12  0.2115000     7.0769     7.0763    -0.0006     5.3151     5.3148     26.750     27.356      0.520    1453.05    1453.05  0.000e+00
      13034     27.500     9.1684     9.1691     0.0007    0.86209    0.86207          1     7.3739     7.0365       6.58     0.5860     0.3157  1.000e-12  0.2017000     7.0813     7.0810    -0.0004     5.3161     5.3157     27.245     27.863      0.555    1453.17    1453.17  0.000e+00
      13055     28.000     9.1708     9.1722     0.0014    0.86221    0.86222          1     7.3744     7.0397       6.14     0.5477     0.3173  1.000e-12  0.1985000     7.0818     7.0815    -0.0002     5.3162     5.3159     27.740     28.369      0.568    1453.19    1453.19  0.000e+00
