ctdpy/exports/archive_20191121_122431/received_data/SBE09_1044_20181204_1824_34_01_0150.cnv
* Sea-Bird SBE 9 Data File:
* FileName = C:\ctd\temp\ar18d150.hex
* Software Version Seasave V 7.26.7.107
* Temperature SN = 5351
* Conductivity SN = 3941
* Number of Bytes Per Scan = 41
* Number of Voltage Words = 4
* Number of Scans Averaged by the Deck Unit = 1
* NMEA Latitude = 59 29.03 N
* NMEA Longitude = 022 53.82 E
* NMEA UTC (Time) = Dec 04 2018  18:24:30
* NMEA baud rate = 4800
** Station:  LL12
** Operator:  ASkj
** Ship: ARANDA
** Average sound velocity: 1444.34 m/s
** True-depth calculation Sun, 09 Dec 2018 13:42:18 +0000
** CTD Python Module SMHI /ver 3-12/ feb 2012 
** LIMS Job: 20183401-0150
** Cruise: SMHI-7-2018
** Latitude [GG MM.mm N]:
** Longitude [GG MM.mm E]
# nquan = 26
# nvalues = 150                         
# units = specified
# name 0 = scan: Scan Count
# name 1 = prDM: Pressure, Digiquartz [db]
# name 2 = t090C: Temperature [ITS-90, deg C]
# name 3 = t190C: Temperature, 2 [ITS-90, deg C]
# name 4 = T2-T190C: Temperature Difference, 2 - 1 [ITS-90, deg C]
# name 5 = c0S/m: Conductivity [S/m]
# name 6 = c1S/m: Conductivity, 2 [S/m]
# name 7 = pumps: Pump Status
# name 8 = sbeox0ML/L: Oxygen, SBE 43 [ml/l]
# name 9 = sbeox1ML/L: Oxygen, SBE 43, 2 [ml/l]
# name 10 = altM: Altimeter [m]
# name 11 = flECO-AFL: Chl-a Fluorescence, WET Labs ECO-AFL/FL [mg/m^3]
# name 12 = flECO-AFL1: Phycocyanin Fluorescence, WET Labs ECO-AFL/FL, 2 [mg/m^3]
# name 13 = par: PAR/Irradiance, Biospherical/Lico [µE/(cm^2*s)]
# name 14 = turbWETntu0: Turbidity, WET Labs ECO [NTU]
# name 15 = sal00: Salinity, Practical [PSU]
# name 16 = sal11: Salinity, Practical, 2 [PSU]
# name 17 = secS-priS: Salinity, Practical, Difference, 2 - 1 [PSU]
# name 18 = sigma-t00: Density [sigma-t, Kg/m^3 ]
# name 19 = sigma-t11: Density, 2 [sigma-t, Kg/m^3 ]
# name 20 = depSM: Depth [salt water, m], lat = 59.4838
# name 21 = depFM: Depth [true depth, m], lat = 59.4838
# name 22 = dz/dtM: Descent Rate [m/s], WS = 2
# name 23 = svCM: Sound Velocity [Chen-Millero, m/s]
# name 24 = svCM1: Sound Velocity, 2 [Chen-Millero, m/s]
# name 25 = flag: flag
# span 0 =      25566,      29368       
# span 1 =      0.500,     75.000       
# span 2 =     5.5552,     7.4100       
# span 3 =     5.5568,     7.4117       
# span 4 =    -0.0082,     0.0063       
# span 5 =   0.753141,   1.117201       
# span 6 =   0.754085,   1.117187       
# span 7 =          1,          1       
# span 8 =    0.07978,    7.72708       
# span 9 =    2.81423,    6.87055       
# span 10 =       4.86,      81.96      
# span 11 =     0.3328,     0.4818      
# span 12 =     0.1620,     0.2921      
# span 13 = -8.525e-04, 1.1246e-02      
# span 14 =     0.1954,     3.9985      
# span 15 =     6.4808,    10.3058      
# span 16 =     6.4909,    10.3050      
# span 17 =    -0.0382,     0.0102      
# span 18 =     5.0080,     8.1057      
# span 19 =     5.0155,     8.1051      
# span 20 =      0.495,     74.282      
# span 21 =      0.507,     75.982      
# span 22 =      0.017,      0.866      
# span 23 =    1440.96,    1445.86      
# span 24 =    1440.97,    1445.86      
# span 25 = 0.0000e+00, 0.0000e+00      
# interval = decibars: 0.5              
# start_time = Dec 04 2018 18:24:31 [NMEA time, first data scan]
# bad_flag = -9.990e-29
*END*
      25566      0.500     7.1933     7.1949     0.0016    0.75314    0.75428          1     7.7271     5.5101      81.96     0.4437     0.2276 -8.525e-04  1.6296000     6.4808     6.4910     0.0102     5.0080     5.0159      0.495      0.507      0.312    1443.94    1443.97  0.000e+00
      25599      1.000     7.1978     7.1950    -0.0028    0.75440    0.75429          1     7.7213     5.5660      81.65     0.3980     0.2139  1.125e-02  0.8051000     6.4915     6.4910    -0.0005     5.0161     5.0159      0.991      1.013      0.333    1443.98    1443.97  0.000e+00
      25631      1.500     7.2004     7.1980    -0.0024    0.75446    0.75436          1     7.7156     5.6390      81.20     0.3865     0.2405 -7.541e-05  0.2234000     6.4916     6.4911    -0.0005     5.0160     5.0157      1.486      1.520      0.450    1444.00    1443.99  0.000e+00
      25673      2.000     7.2009     7.1998    -0.0011    0.75448    0.75440          1     7.7176     5.8205      80.82     0.4185     0.2209 -7.151e-07  0.2224000     6.4916     6.4911    -0.0005     5.0160     5.0156      1.981      2.027      0.306    1444.01    1444.01  0.000e+00
      25715      2.500     7.2100     7.2017    -0.0082    0.75468    0.75445          1     7.7202     6.2783      80.43     0.3864     0.2369  1.000e-12  0.2204000     6.4917     6.4911    -0.0006     5.0154     5.0155      2.477      2.534      0.366    1444.06    1444.02  0.000e+00
      25750      3.000     7.2007     7.2023     0.0016    0.75449    0.75447          1     7.7129     6.8586      79.84     0.4180     0.2217  1.000e-12  0.2231000     6.4916     6.4911    -0.0005     5.0160     5.0155      2.972      3.040      0.485    1444.03    1444.03  0.000e+00
      25768      3.500     7.1904     7.1883    -0.0021    0.75425    0.75416          1     7.7135     6.8705      79.48     0.4146     0.2313  1.000e-12  0.2228000     6.4913     6.4909    -0.0004     5.0164     5.0162      3.467      3.547      0.767    1443.99    1443.98  0.000e+00
      25781      4.000     7.1855     7.1843    -0.0012    0.75415    0.75409          1     7.7180     6.8065      79.01     0.4103     0.2305  1.000e-12  0.2257000     6.4913     6.4909    -0.0004     5.0167     5.0165      3.962      4.054      0.816    1443.98    1443.98  0.000e+00
      25797      4.500     7.1819     7.1831     0.0012    0.75410    0.75409          1     7.7204     6.7184      78.49     0.4057     0.2338  1.000e-12  0.2296000     6.4914     6.4910    -0.0004     5.0171     5.0167      4.458      4.561      0.675    1443.97    1443.98  0.000e+00
      25822      5.000     7.1818     7.1833     0.0015    0.75412    0.75411          1     7.7205     6.5426      77.90     0.3948     0.2327  1.000e-12  0.2171000     6.4915     6.4911    -0.0004     5.0172     5.0168      4.953      5.067      0.396    1443.98    1443.99  0.000e+00
      25859      5.500     7.1821     7.1833     0.0011    0.75414    0.75412          1     7.7123     6.3329      77.33     0.3980     0.2226  1.000e-12  0.2124000     6.4916     6.4912    -0.0003     5.0172     5.0169      5.448      5.574      0.391    1443.99    1443.99  0.000e+00
      25883      6.000     7.1817     7.1834     0.0017    0.75413    0.75413          1     7.7137     6.2693      76.88     0.4057     0.1869  1.000e-12  0.2228000     6.4916     6.4912    -0.0003     5.0172     5.0168      5.944      6.081      0.598    1444.00    1444.00  0.000e+00
      25901      6.500     7.1822     7.1849     0.0027    0.75416    0.75419          1     7.7191     6.2311      76.48     0.4068     0.2215  1.000e-12  0.2356000     6.4916     6.4914    -0.0002     5.0172     5.0169      6.439      6.587      0.681    1444.01    1444.02  0.000e+00
      25918      7.000     7.1859     7.1914     0.0054    0.75428    0.75440          1     7.7203     6.1874      76.05     0.4032     0.2613  1.000e-12  0.2297000     6.4921     6.4921     0.0000     5.0174     5.0170      6.934      7.094      0.669    1444.03    1444.05  0.000e+00
      25937      7.500     7.1833     7.1864     0.0032    0.75421    0.75425          1     7.7188     6.1269      75.46     0.3929     0.2783  1.000e-12  0.2191000     6.4918     6.4916    -0.0002     5.0173     5.0169      7.429      7.601      0.580    1444.03    1444.04  0.000e+00
      25960      8.000     7.1854     7.1900     0.0045    0.75429    0.75437          1     7.7139     6.0648      74.87     0.3917     0.2821  1.000e-12  0.2122000     6.4921     6.4920    -0.0001     5.0174     5.0170      7.925      8.108      0.495    1444.04    1444.06  0.000e+00
      25985      8.500     7.1869     7.1894     0.0025    0.75434    0.75436          1     7.7172     5.9905      74.32     0.3961     0.2549  1.000e-12  0.2186000     6.4922     6.4920    -0.0002     5.0174     5.0170      8.420      8.614      0.498    1444.06    1444.07  0.000e+00
      26008      9.000     7.1835     7.1844     0.0009    0.75423    0.75421          1     7.7198     5.9288      73.78     0.3846     0.2920  1.000e-12  0.2253000     6.4918     6.4914    -0.0005     5.0173     5.0169      8.915      9.121      0.577    1444.05    1444.06  0.000e+00
      26027      9.500     7.1834     7.1852     0.0017    0.75424    0.75423          1     7.7195     5.8987      73.29     0.3928     0.1976  1.000e-12  0.2356000     6.4919     6.4915    -0.0004     5.0174     5.0169      9.411      9.628      0.622    1444.06    1444.07  0.000e+00
      26047     10.000     7.1828     7.1838     0.0010    0.75423    0.75420          1     7.7175     5.8645      72.81     0.4037     0.1927  1.000e-12  0.2075000     6.4918     6.4913    -0.0005     5.0173     5.0169      9.906     10.135      0.553    1444.06    1444.07  0.000e+00
      26073     10.500     7.1844     7.1839    -0.0004    0.75429    0.75421          1     7.7203     5.7979      72.17     0.4059     0.2309  1.000e-12  0.2301000     6.4920     6.4914    -0.0007     5.0174     5.0169     10.401     10.641      0.426    1444.08    1444.08  0.000e+00
      26101     11.000     7.1855     7.1853    -0.0003    0.75434    0.75426          1     7.7155     5.7574      71.62     0.4058     0.2700  1.000e-12  0.2414000     6.4922     6.4915    -0.0007     5.0175     5.0169     10.896     11.148      0.499    1444.09    1444.09  0.000e+00
      26122     11.500     7.1850     7.1854     0.0004    0.75431    0.75427          1     7.7184     5.7475      71.15     0.3950     0.2448  1.000e-12  0.2155000     6.4920     6.4915    -0.0005     5.0174     5.0170     11.392     11.655      0.660    1444.10    1444.10  0.000e+00
      26138     12.000     7.1814     7.1828     0.0014    0.75420    0.75419          1     7.7207     5.7274      70.67     0.3870     0.2072  1.000e-12  0.2102000     6.4916     6.4912    -0.0003     5.0173     5.0169     11.887     12.161      0.745    1444.09    1444.10  0.000e+00
      26154     12.500     7.1806     7.1822     0.0016    0.75418    0.75417          1     7.7219     5.7009      70.15     0.3792     0.2253  1.000e-12  0.2112000     6.4915     6.4911    -0.0004     5.0173     5.0168     12.382     12.668      0.743    1444.10    1444.10  0.000e+00
      26171     13.000     7.1810     7.1817     0.0007    0.75420    0.75416          1     7.7253     5.6822      69.60     0.3893     0.2228  1.000e-12  0.2296000     6.4915     6.4910    -0.0005     5.0173     5.0168     12.878     13.175      0.665    1444.10    1444.11  0.000e+00
      26191     13.500     7.1827     7.1841     0.0014    0.75427    0.75425          1     7.7246     5.6611      69.03     0.4035     0.2083  1.000e-12  0.2383000     6.4918     6.4914    -0.0004     5.0173     5.0169     13.373     13.682      0.541    1444.12    1444.13  0.000e+00
      26217     14.000     7.1839     7.1859     0.0019    0.75432    0.75432          1     7.7255     5.6404      68.45     0.4034     0.2291  1.000e-12  0.2251000     6.4920     6.4916    -0.0004     5.0174     5.0170     13.868     14.188      0.398    1444.13    1444.14  0.000e+00
      26250     14.500     7.1853     7.1851    -0.0002    0.75437    0.75429          1     7.7212     5.6050      67.91     0.3827     0.2300  1.000e-12  0.2046000     6.4922     6.4915    -0.0007     5.0175     5.0169     14.363     14.695      0.422    1444.15    1444.14  0.000e+00
      26274     15.000     7.1847     7.1854     0.0007    0.75435    0.75430          1     7.7127     5.5867      67.50     0.4090     0.2453  1.000e-12  0.2288000     6.4920     6.4915    -0.0006     5.0174     5.0169     14.859     15.202      0.648    1444.15    1444.15  0.000e+00
      26290     15.500     7.1838     7.1854     0.0016    0.75432    0.75431          1     7.7147     5.5692      67.08     0.4147     0.2215  1.000e-12  0.2316000     6.4919     6.4915    -0.0004     5.0173     5.0169     15.354     15.709      0.788    1444.16    1444.16  0.000e+00
      26304     16.000     7.1836     7.1852     0.0017    0.75432    0.75431          1     7.7185     5.5600      66.57     0.4174     0.2393  1.000e-12  0.2230000     6.4919     6.4915    -0.0004     5.0173     5.0169     15.849     16.215      0.796    1444.16    1444.17  0.000e+00
      26320     16.500     7.1831     7.1846     0.0016    0.75431    0.75430          1     7.7182     5.5560      66.04     0.4028     0.2720  1.000e-12  0.2222000     6.4918     6.4914    -0.0004     5.0173     5.0169     16.345     16.722      0.661    1444.17    1444.17  0.000e+00
      26345     17.000     7.1840     7.1856     0.0016    0.75435    0.75433          1     7.7167     5.5436      65.33     0.4061     0.2153  1.000e-12  0.2239000     6.4920     6.4915    -0.0005     5.0174     5.0169     16.840     17.229      0.407    1444.18    1444.19  0.000e+00
      26379     17.500     7.1849     7.1865     0.0016    0.75439    0.75437          1     7.7199     5.5309      64.74     0.4174     0.1937  1.000e-12  0.2431000     6.4921     6.4917    -0.0004     5.0174     5.0170     17.335     17.735      0.445    1444.19    1444.20  0.000e+00
      26400     18.000     7.1873     7.1890     0.0017    0.75448    0.75447          1     7.7197     5.5135      64.36     0.3807     0.2075  1.000e-12  0.2258000     6.4924     6.4920    -0.0004     5.0175     5.0171     17.830     18.242      0.638    1444.21    1444.22  0.000e+00
      26417     18.500     7.1895     7.1909     0.0013    0.75455    0.75453          1     7.7185     5.5053      63.96     0.3766     0.2301  1.000e-12  0.2167000     6.4926     6.4921    -0.0005     5.0175     5.0170     18.326     18.749      0.701    1444.23    1444.23  0.000e+00
      26434     19.000     7.1892     7.1905     0.0013    0.75454    0.75452          1     7.7156     5.4996      63.45     0.3933     0.2293  1.000e-12  0.2167000     6.4925     6.4921    -0.0004     5.0175     5.0171     18.821     19.256      0.697    1444.24    1444.24  0.000e+00
      26452     19.500     7.1877     7.1891     0.0013    0.75450    0.75448          1     7.7129     5.4914      62.89     0.3926     0.2217  1.000e-12  0.2313000     6.4924     6.4919    -0.0005     5.0175     5.0170     19.316     19.762      0.666    1444.24    1444.24  0.000e+00
      26470     20.000     7.1904     7.1917     0.0013    0.75460    0.75458          1     7.7158     5.4855      62.38     0.4043     0.2094  1.000e-12  0.2309000     6.4928     6.4923    -0.0004     5.0176     5.0172     19.811     20.269      0.597    1444.26    1444.26  0.000e+00
      26493     20.500     7.1895     7.1912     0.0017    0.75458    0.75457          1     7.7177     5.4795      61.77     0.4123     0.2592  1.000e-12  0.2274000     6.4927     6.4922    -0.0004     5.0176     5.0171     20.307     20.776      0.476    1444.26    1444.27  0.000e+00
      26522     21.000     7.1906     7.1925     0.0019    0.75462    0.75462          1     7.7164     5.4705      61.13     0.3880     0.2325  1.000e-12  0.2237000     6.4928     6.4924    -0.0004     5.0176     5.0172     20.802     21.283      0.404    1444.27    1444.28  0.000e+00
      26551     21.500     7.1897     7.1926     0.0029    0.75460    0.75462          1     7.7147     5.4637      60.65     0.4032     0.2267  1.000e-12  0.2105000     6.4927     6.4924    -0.0003     5.0176     5.0171     21.297     21.789      0.448    1444.28    1444.29  0.000e+00
      26576     22.000     7.1902     7.1918     0.0017    0.75461    0.75459          1     7.7110     5.4566      60.16     0.4063     0.2313  1.000e-12  0.2069000     6.4927     6.4922    -0.0005     5.0175     5.0171     21.792     22.296      0.547    1444.29    1444.29  0.000e+00
      26596     22.500     7.1913     7.1936     0.0024    0.75465    0.75467          1     7.7110     5.4488      59.70     0.3939     0.2321  1.000e-12  0.2076000     6.4928     6.4925    -0.0002     5.0176     5.0172     22.288     22.803      0.663    1444.30    1444.31  0.000e+00
      26612     23.000     7.1923     7.1931     0.0008    0.75470    0.75465          1     7.7115     5.4475      59.27     0.3938     0.2313  1.000e-12  0.2160000     6.4930     6.4924    -0.0006     5.0176     5.0171     22.783     23.309      0.745    1444.31    1444.31  0.000e+00
      26628     23.500     7.1928     7.1941     0.0014    0.75472    0.75470          1     7.7145     5.4427      58.77     0.3930     0.2454  1.000e-12  0.2161000     6.4930     6.4926    -0.0004     5.0176     5.0172     23.278     23.816      0.781    1444.32    1444.33  0.000e+00
      26643     24.000     7.1931     7.1950     0.0018    0.75473    0.75472          1     7.7157     5.4411      58.25     0.3946     0.2569  1.000e-12  0.2176000     6.4930     6.4926    -0.0004     5.0176     5.0172     23.773     24.323      0.761    1444.33    1444.34  0.000e+00
      26659     24.500     7.1925     7.1945     0.0020    0.75471    0.75472          1     7.7121     5.4374      57.82     0.4159     0.2921  1.000e-12  0.2204000     6.4929     6.4925    -0.0004     5.0176     5.0172     24.269     24.830      0.643    1444.34    1444.35  0.000e+00
      26685     25.000     7.1942     7.1963     0.0020    0.75478    0.75479          1     7.7068     5.4369      57.18     0.4114     0.2375  1.000e-12  0.2174000     6.4932     6.4928    -0.0003     5.0177     5.0172     24.764     25.336      0.371    1444.35    1444.36  0.000e+00
      26728     25.500     7.1915     7.1948     0.0033    0.75469    0.75472          1     7.7074     5.4283      56.44     0.4209     0.2554  1.000e-12  0.2165000     6.4927     6.4925    -0.0003     5.0175     5.0171     25.259     25.843      0.389    1444.35    1444.36  0.000e+00
      26748     26.000     7.1916     7.1947     0.0031    0.75468    0.75474          1     7.7104     5.4303      56.12     0.4065     0.2060  1.000e-12  0.2196000     6.4926     6.4925    -0.0001     5.0174     5.0171     25.754     26.350      0.736    1444.36    1444.37  0.000e+00
      26762     26.500     7.1918     7.1947     0.0030    0.75472    0.75474          1     7.7102     5.4325      55.18     0.4068     0.2071  1.000e-12  0.2272000     6.4929     6.4926    -0.0004     5.0176     5.0171     26.250     26.857      0.864    1444.37    1444.38  0.000e+00
      26775     27.000     7.1967     7.1993     0.0026    0.75490    0.75493          1     7.7091     5.4295      55.04     0.3983     0.2192  1.000e-12  0.2256000     6.4936     6.4933    -0.0003     5.0178     5.0174     26.745     27.363      0.851    1444.40    1444.41  0.000e+00
      26790     27.500     7.1975     7.1971    -0.0004    0.75494    0.75484          1     7.7067     5.4295      54.69     0.3815     0.2465  1.000e-12  0.2171000     6.4937     6.4929    -0.0008     5.0179     5.0172     27.240     27.870      0.696    1444.41    1444.40  0.000e+00
