ctdpy/exports/archive_20191121_122431/received_data/SBE09_0827_20181120_0602_26_01_1201.cnv
* Sea-Bird SBE 9 Data File:
* FileName = D:\CTD_SBE911\DAT\26DA.2018.12.1.hex
* Software Version Seasave V 7.21d
* Temperature SN = 4548
* Conductivity SN = 3062
* Number of Bytes Per Scan = 48
* Number of Voltage Words = 5
* Number of Scans Averaged by the Deck Unit = 1
* NMEA Latitude = 55 27.74 N
* NMEA Longitude = 014 35.92 E
* NMEA UTC (Time) = Nov 20 2018  06:02:38
* NMEA baud rate = 4800
** Ship: DANA
** Average sound velocity: 1448.95 m/s
** True-depth calculation Tue, 02 Apr 2019 12:11:33 +0000
** CTD Python Module SMHI /ver 3-12/ feb 2012 
** LIMS Job: 20182601-1201
** Operator: Ronny
** Cruise: 12/2018
# nquan = 26
# nvalues = 117                         
# units = specified
# name 0 = scan: Scan Count
# name 1 = prDM: Pressure, Digiquartz [db]
# name 2 = t090C: Temperature [ITS-90, deg C]
# name 3 = t190C: Temperature, 2 [ITS-90, deg C]
# name 4 = T2-T190C: Temperature Difference, 2 - 1 [ITS-90, deg C]
# name 5 = c0S/m: Conductivity [S/m]
# name 6 = c1S/m: Conductivity, 2 [S/m]
# name 7 = pumps: Pump Status
# name 8 = sbeox1ML/L: Oxygen, SBE 43, 2 [ml/l]
# name 9 = sbeox0ML/L: Oxygen, SBE 43 [ml/l]
# name 10 = altM: Altimeter [m]
# name 11 = chloroflTC0: Chlorophyll, Turner Cyclops [ug/l]
# name 12 = cpar: CPAR/Corrected Irradiance [%]
# name 13 = par: PAR/Irradiance, Biospherical/Lico [µE/(cm^2*s)]
# name 14 = spar: SPAR, Biospherical/Licor
# name 15 = sal00: Salinity, Practical [PSU]
# name 16 = sal11: Salinity, Practical, 2 [PSU]
# name 17 = secS-priS: Salinity, Practical, Difference, 2 - 1 [PSU]
# name 18 = sigma-t00: Density [sigma-t, kg/m^3 ]
# name 19 = sigma-t11: Density, 2 [sigma-t, kg/m^3 ]
# name 20 = depSM: Depth [salt water, m], lat = 55.4623
# name 21 = depFM: Depth [true depth, m], lat = 55.4623
# name 22 = dz/dtM: Descent Rate [m/s], WS = 2
# name 23 = svCM: Sound Velocity [Chen-Millero, m/s]
# name 24 = svCM1: Sound Velocity, 2 [Chen-Millero, m/s]
# name 25 = flag: flag
# span 0 =         90,       5923       
# span 1 =      2.000,     60.000       
# span 2 =     7.9235,     7.9361       
# span 3 =     7.9240,     7.9377       
# span 4 =    -0.0014,     0.0017       
# span 5 =   0.898051,   0.898978       
# span 6 =   0.898052,   0.898972       
# span 7 =          1,          1       
# span 8 =     7.4268,     7.4694       
# span 9 =     7.6511,     7.6834       
# span 10 =       1.44,       9.96      
# span 11 =     0.0283,     0.0314      
# span 12 = -6.217e+03, 9.4215e+04      
# span 13 = 1.0000e-12, 1.0000e-12      
# span 14 = 1.1746e-01, 2.1571e+00      
# span 15 =     7.6656,     7.6668      
# span 16 =     7.6653,     7.6667      
# span 17 =    -0.0006,    -0.0000      
# span 18 =     5.8820,     5.8837      
# span 19 =     5.8817,     5.8836      
# span 20 =      1.982,     59.448      
# span 21 =      2.025,     60.755      
# span 22 =     -0.047,      0.748      
# span 23 =    1448.51,    1449.42      
# span 24 =    1448.51,    1449.43      
# span 25 = 0.0000e+00, 0.0000e+00      
# interval = decibars: 0.5              
# start_time = Nov 20 2018 06:02:39 [NMEA time, first data scan]
# bad_flag = -9.990e-29
*END*
[from data line 56]
       3050     30.000     7.9282     7.9286     0.0004    0.89842    0.89841          1     7.4598     7.6593       9.96     0.0299  4.924e-11  1.000e-12  2.031e+00     7.6663     7.6661    -0.0002     5.8830     5.8828     29.726     30.377      0.445    1448.93    1448.93  0.000e+00
       3072     30.500     7.9288     7.9288    -0.0000    0.89844    0.89842          1     7.4566     7.6666       9.96     0.0294  4.924e-11  1.000e-12  2.031e+00     7.6663     7.6661    -0.0002     5.8830     5.8828     30.222     30.884      0.520    1448.94    1448.94  0.000e+00
       3097     31.000     7.9279     7.9282     0.0003    0.89843    0.89842          1     7.4586     7.6663       9.96     0.0298  4.924e-11  1.000e-12  2.031e+00     7.6663     7.6661    -0.0002     5.8831     5.8829     30.717     31.390      0.362    1448.94    1448.94  0.000e+00
       3177     31.500     7.9286     7.9282    -0.0004    0.89846    0.89843          1     7.4423     7.6652       9.96     0.0303  4.924e-11  1.000e-12  2.031e+00     7.6664     7.6662    -0.0002     5.8831     5.8829     31.212     31.896      0.264    1448.96    1448.95  0.000e+00
       3213     32.000     7.9274     7.9278     0.0004    0.89843    0.89843          1     7.4439     7.6714       9.96     0.0297  4.924e-11  1.000e-12  2.031e+00     7.6663     7.6662    -0.0001     5.8831     5.8830     31.708     32.403      0.359    1448.96    1448.96  0.000e+00
       3250     32.500     7.9264     7.9271     0.0008    0.89842    0.89842          1     7.4580     7.6689       9.96     0.0303  4.924e-11  1.000e-12  2.031e+00     7.6664     7.6662    -0.0002     5.8832     5.8830     32.203     32.909      0.299    1448.96    1448.96  0.000e+00
       3294     33.000     7.9292     7.9277    -0.0014    0.89850    0.89844          1     7.4454     7.6658       9.96     0.0300  4.924e-11  1.000e-12  2.031e+00     7.6664     7.6662    -0.0002     5.8830     5.8830     32.699     33.415      0.253    1448.98    1448.98  0.000e+00
       3343     33.500     7.9309     7.9310     0.0002    0.89854    0.89852          1     7.4426     7.6624       9.96     0.0298  4.924e-11  1.000e-12  2.031e+00     7.6663     7.6661    -0.0002     5.8828     5.8827     33.194     33.921      0.253    1449.00    1449.00  0.000e+00
       3386     34.000     7.9310     7.9312     0.0002    0.89854    0.89853          1     7.4506     7.6690       9.96     0.0305  4.924e-11  1.000e-12  2.031e+00     7.6663     7.6661    -0.0002     5.8828     5.8827     33.689     34.428      0.309    1449.00    1449.00  0.000e+00
       3426     34.500     7.9311     7.9315     0.0004    0.89854    0.89853          1     7.4439     7.6708       9.96     0.0305  4.924e-11  1.000e-12  2.031e+00     7.6662     7.6660    -0.0001     5.8827     5.8826     34.185     34.934      0.273    1449.01    1449.01  0.000e+00
       3469     35.000     7.9311     7.9316     0.0004    0.89855    0.89854          1     7.4568     7.6675       9.96     0.0305  4.924e-11  1.000e-12  2.031e+00     7.6662     7.6660    -0.0002     5.8827     5.8825     34.680     35.440      0.312    1449.02    1449.02  0.000e+00
       3523     35.500     7.9310     7.9316     0.0005    0.89854    0.89854          1     7.4464     7.6670       9.96     0.0302  4.924e-11  1.000e-12  2.031e+00     7.6661     7.6659    -0.0002     5.8827     5.8825     35.175     35.947      0.241    1449.03    1449.03  0.000e+00
       3590     36.000     7.9313     7.9316     0.0003    0.89856    0.89855          1     7.4478     7.6640       9.96     0.0305  4.924e-11  1.000e-12  2.031e+00     7.6662     7.6660    -0.0003     5.8827     5.8825     35.671     36.453      0.489    1449.04    1449.04  0.000e+00
       3607     36.500     7.9304     7.9315     0.0011    0.89854    0.89856          1     7.4472     7.6621       9.96     0.0298  4.924e-11  1.000e-12  2.031e+00     7.6661     7.6661    -0.0001     5.8827     5.8826     36.166     36.959      0.588    1449.04    1449.05  0.000e+00
       3641     37.000     7.9304     7.9310     0.0006    0.89855    0.89854          1     7.4496     7.6642       9.96     0.0297  4.924e-11  1.000e-12  2.031e+00     7.6661     7.6659    -0.0002     5.8827     5.8825     36.662     37.465      0.378    1449.05    1449.05  0.000e+00
       3728     37.500     7.9309     7.9308    -0.0000    0.89857    0.89855          1     7.4506     7.6640       9.96     0.0305  4.924e-11  1.000e-12  2.031e+00     7.6662     7.6660    -0.0002     5.8827     5.8826     37.157     37.972      0.414    1449.06    1449.06  0.000e+00
       3751     38.000     7.9305     7.9314     0.0009    0.89856    0.89857          1     7.4557     7.6640       9.96     0.0304  4.924e-11  1.000e-12  2.031e+00     7.6660     7.6660    -0.0001     5.8827     5.8825     37.652     38.478      0.489    1449.07    1449.07  0.000e+00
       3778     38.500     7.9297     7.9308     0.0011    0.89855    0.89855          1     7.4536     7.6696       9.96     0.0305  4.924e-11  1.000e-12  2.031e+00     7.6661     7.6659    -0.0002     5.8827     5.8825     38.148     38.984      0.386    1449.07    1449.07  0.000e+00
       3837     39.000     7.9289     7.9301     0.0013    0.89855    0.89855          1     7.4499     7.6695       9.96     0.0306  4.924e-11  1.000e-12  2.031e+00     7.6662     7.6659    -0.0003     5.8829     5.8826     38.643     39.491      0.195    1449.07    1449.08  0.000e+00
       3902     39.500     7.9293     7.9301     0.0008    0.89856    0.89856          1     7.4533     7.6609       9.96     0.0308  4.924e-11  1.000e-12  2.031e+00     7.6662     7.6659    -0.0002     5.8828     5.8826     39.139     39.997      0.330    1449.08    1449.09  0.000e+00
       3936     40.000     7.9293     7.9295     0.0002    0.89857    0.89856          1     7.4468     7.6659       9.96     0.0305  4.924e-11  1.000e-12  2.031e+00     7.6662     7.6660    -0.0002     5.8829     5.8827     39.634     40.503      0.322    1449.09    1449.09  0.000e+00
       3981     40.500     7.9284     7.9290     0.0005    0.89855    0.89855          1     7.4425     7.6663       9.96     0.0305  4.924e-11  1.000e-12  2.031e+00     7.6661     7.6660    -0.0001     5.8829     5.8827     40.129     41.010      0.262    1449.10    1449.10  0.000e+00
       4023     41.000     7.9277     7.9286     0.0009    0.89854    0.89854          1     7.4403     7.6684       9.96     0.0305  4.924e-11  1.000e-12  2.031e+00     7.6661     7.6660    -0.0001     5.8830     5.8828     40.625     41.516      0.270    1449.10    1449.11  0.000e+00
       4093     41.500     7.9274     7.9279     0.0005    0.89855    0.89853          1     7.4489     7.6683       9.96     0.0305  4.924e-11  1.000e-12  2.031e+00     7.6662     7.6660    -0.0002     5.8830     5.8828     41.120     42.022      0.338    1449.11    1449.11  0.000e+00
       4120     42.000     7.9276     7.9280     0.0004    0.89856    0.89854          1     7.4472     7.6667       9.96     0.0301  4.924e-11  1.000e-12  2.031e+00     7.6662     7.6660    -0.0002     5.8830     5.8828     41.616     42.528      0.543    1449.12    1449.12  0.000e+00
       4149     42.500     7.9286     7.9288     0.0002    0.89860    0.89857          1     7.4401     7.6695       9.96     0.0299  4.924e-11  1.000e-12  2.031e+00     7.6663     7.6660    -0.0003     5.8830     5.8828     42.111     43.035      0.367    1449.13    1449.13  0.000e+00
       4241     43.000     7.9285     7.9292     0.0007    0.89859    0.89859          1     7.4421     7.6708       9.96     0.0302  4.924e-11  1.000e-12  2.031e+00     7.6662     7.6660    -0.0002     5.8829     5.8827     42.606     43.541      0.347    1449.14    1449.14  0.000e+00
       4269     43.500     7.9289     7.9293     0.0003    0.89861    0.89860          1     7.4411     7.6648       9.96     0.0303  4.924e-11  1.000e-12  2.031e+00     7.6662     7.6660    -0.0002     5.8829     5.8827     43.102     44.047      0.427    1449.15    1449.15  0.000e+00
       4296     44.000     7.9302     7.9296    -0.0006    0.89867    0.89861          1     7.4392     7.6607       9.96     0.0300  4.924e-11  1.000e-12  2.031e+00     7.6664     7.6660    -0.0004     5.8830     5.8827     43.597     44.554      0.457    1449.16    1449.16  0.000e+00
       4340     44.500     7.9308     7.9307    -0.0002    0.89868    0.89866          1     7.4415     7.6579       9.96     0.0304  4.924e-11  1.000e-12  2.031e+00     7.6663     7.6661    -0.0002     5.8828     5.8827     44.092     45.060      0.319    1449.17    1449.17  0.000e+00
       4430     45.000     7.9314     7.9321     0.0006    0.89868    0.89868          1     7.4519     7.6595       9.96     0.0304  4.924e-11  1.000e-12  2.031e+00     7.6661     7.6660    -0.0002     5.8826     5.8825     44.588     45.566      0.499    1449.18    1449.18  0.000e+00
       4450     45.500     7.9316     7.9323     0.0007    0.89869    0.89868          1     7.4549     7.6663       9.96     0.0296  4.924e-11  1.000e-12  2.031e+00     7.6661     7.6659    -0.0002     5.8826     5.8824     45.083     46.072      0.502    1449.19    1449.19  0.000e+00
       4490     46.000     7.9337     7.9333    -0.0005    0.89872    0.89869          1     7.4475     7.6704       9.96     0.0301  4.924e-11  1.000e-12  2.031e+00     7.6658     7.6657    -0.0001     5.8822     5.8821     45.578     46.579      0.221    1449.21    1449.21  0.000e+00
       4568     46.500     7.9346     7.9359     0.0014    0.89873    0.89872          1     7.4694     7.6647       9.96     0.0305  4.924e-11  1.000e-12  2.031e+00     7.6657     7.6653    -0.0003     5.8820     5.8817     46.074     47.085      0.317    1449.22    1449.22  0.000e+00
       4597     47.000     7.9330     7.9339     0.0009    0.89872    0.89872          1     7.4575     7.6636       9.96     0.0299  4.924e-11  1.000e-12  2.031e+00     7.6659     7.6657    -0.0003     5.8823     5.8821     46.569     47.591      0.401    1449.22    1449.22  0.000e+00
       4648     47.500     7.9342     7.9344     0.0002    0.89873    0.89872          1     7.4500     7.6663       9.96     0.0304  4.924e-11  1.000e-12  2.031e+00     7.6657     7.6655    -0.0002     5.8821     5.8819     47.064     48.098      0.262    1449.23    1449.23  0.000e+00
       4714     48.000     7.9347     7.9352     0.0005    0.89874    0.89873          1     7.4541     7.6691       9.96     0.0306  4.924e-11  1.000e-12  2.031e+00     7.6656     7.6654    -0.0003     5.8820     5.8817     47.560     48.604      0.502    1449.24    1449.24  0.000e+00
       4733     48.500     7.9329     7.9338     0.0009    0.89872    0.89872          1     7.4548     7.6687       9.96     0.0300  4.924e-11  1.000e-12  2.031e+00     7.6658     7.6656    -0.0002     5.8822     5.8820     48.055     49.110      0.556    1449.24    1449.25  0.000e+00
       4774     49.000     7.9321     7.9333     0.0012    0.89873    0.89873          1     7.4493     7.6642       9.96     0.0300  4.924e-11  1.000e-12  2.031e+00     7.6659     7.6657    -0.0002     5.8824     5.8821     48.551     49.616      0.319    1449.25    1449.25  0.000e+00
       4862     49.500     7.9322     7.9326     0.0004    0.89877    0.89875          1     7.4526     7.6633       9.96     0.0301  4.924e-11  1.000e-12  2.031e+00     7.6662     7.6660    -0.0002     5.8826     5.8824     49.046     50.123      0.329    1449.26    1449.26  0.000e+00
       4892     50.000     7.9322     7.9329     0.0006    0.89879    0.89876          1     7.4367     7.6584       9.96     0.0300  4.924e-11  1.000e-12  2.031e+00     7.6664     7.6659    -0.0004     5.8828     5.8824     49.541     50.629      0.403    1449.27    1449.27  0.000e+00
       4922     50.500     7.9326     7.9327     0.0000    0.89883    0.89877          1     7.4403     7.6615       9.96     0.0294  4.924e-11  1.000e-12  2.031e+00     7.6666     7.6660    -0.0006     5.8829     5.8824     50.037     51.135      0.368    1449.28    1449.27  0.000e+00
       5001     51.000     7.9325     7.9328     0.0003    0.89884    0.89882          1     7.4516     7.6538       9.96     0.0301  4.924e-11  1.000e-12  2.031e+00     7.6666     7.6664    -0.0002     5.8829     5.8827     50.532     51.642      0.345    1449.28    1449.28  0.000e+00
       5060     51.500     7.9329     7.9332     0.0004    0.89887    0.89886          1     7.4493     7.6515       9.96     0.0293  4.924e-11  1.000e-12  2.031e+00     7.6668     7.6665    -0.0003     5.8830     5.8828     51.027     52.148      0.653    1449.29    1449.29  0.000e+00
       5077     52.000     7.9328     7.9333     0.0004    0.89888    0.89887          1     7.4412     7.6569       9.95     0.0293  4.924e-11  1.000e-12  2.031e+00     7.6668     7.6666    -0.0002     5.8830     5.8828     51.523     52.654      0.625    1449.30    1449.30  0.000e+00
       5115     52.500     7.9330     7.9335     0.0005    0.89889    0.89888          1     7.4334     7.6614       9.52     0.0298  4.924e-11  1.000e-12  2.031e+00     7.6668     7.6666    -0.0002     5.8830     5.8828     52.018     53.160      0.365    1449.31    1449.31  0.000e+00
       5211     53.000     7.9329     7.9334     0.0005    0.89889    0.89888          1     7.4320     7.6572       8.97     0.0297  4.924e-11  1.000e-12  2.031e+00     7.6667     7.6665    -0.0002     5.8830     5.8828     52.513     53.667      0.460    1449.32    1449.32  0.000e+00
       5233     53.500     7.9331     7.9335     0.0004    0.89890    0.89889          1     7.4360     7.6580       8.49     0.0293  4.924e-11  1.000e-12  2.031e+00     7.6667     7.6665    -0.0002     5.8830     5.8828     53.009     54.173      0.513    1449.33    1449.33  0.000e+00
       5258     54.000     7.9329     7.9335     0.0006    0.89890    0.89889          1     7.4374     7.6605       7.93     0.0295  4.924e-11  1.000e-12  2.031e+00     7.6667     7.6665    -0.0002     5.8830     5.8827     53.504     54.679      0.396    1449.33    1449.33  0.000e+00
       5345     54.500     7.9332     7.9336     0.0004    0.89892    0.89891          1     7.4287     7.6553       7.38     0.0302  4.924e-11  1.000e-12  2.031e+00     7.6668     7.6666    -0.0002     5.8830     5.8828     53.999     55.186      0.385    1449.34    1449.34  0.000e+00
       5390     55.000     7.9333     7.9337     0.0004    0.89893    0.89892          1     7.4366     7.6511       7.02     0.0293  4.924e-11  1.000e-12  2.031e+00     7.6668     7.6666    -0.0001     5.8830     5.8829     54.495     55.692      0.736    1449.35    1449.35  0.000e+00
       5405     55.500     7.9331     7.9336     0.0006    0.89893    0.89893          1     7.4410     7.6562       6.50     0.0293  4.924e-11  1.000e-12  2.031e+00     7.6668     7.6666    -0.0002     5.8830     5.8828     54.990     56.198      0.688    1449.36    1449.36  0.000e+00
       5448     56.000     7.9329     7.9334     0.0005    0.89894    0.89892          1     7.4374     7.6597       5.80     0.0295  4.924e-11  1.000e-12  2.031e+00     7.6668     7.6666    -0.0002     5.8830     5.8828     55.485     56.705      0.419    1449.36    1449.37  0.000e+00
       5528     56.500     7.9333     7.9336     0.0003    0.89895    0.89894          1     7.4383     7.6545       5.36     0.0294  4.924e-11  1.000e-12  2.031e+00     7.6668     7.6666    -0.0002     5.8830     5.8828     55.981     57.211      0.576    1449.37    1449.37  0.000e+00
       5548     57.000     7.9335     7.9337     0.0003    0.89896    0.89895          1     7.4319     7.6546       4.81     0.0293  4.924e-11  1.000e-12  2.031e+00     7.6668     7.6666    -0.0002     5.8830     5.8828     56.476     57.717      0.514    1449.38    1449.38  0.000e+00
