ctdpy/exports/archive_20191121_122431/received_data/SBE09_0827_20180828_1556_26_01_0928.cnv
* Sea-Bird SBE 9 Data File:
* FileName = D:\CTD_SBE911\DAT\26DA.2018.8.128.hex
* Software Version Seasave V 7.21d
* Temperature SN = 034605
* Conductivity SN = 041844
* Number of Bytes Per Scan = 48
* Number of Voltage Words = 5
* Number of Scans Averaged by the Deck Unit = 1
* NMEA Latitude = 57 11.61 N
* NMEA Longitude = 011 39.47 E
* NMEA UTC (Time) = Aug 28 2018  15:59:02
* NMEA baud rate = 4800
** Ship: DANA
** Average sound velocity: 1500.20 m/s
** True-depth calculation Thu, 28 Mar 2019 09:54:45 +0000
** CTD Python Module SMHI /ver 3-12/ feb 2012 
** LIMS Job: 20182601-0928
**  FLADEN
** Operator: Christian
** Cruise: 08/2018
# nquan = 26
# nvalues = 155                         
# units = specified
# name 0 = scan: Scan Count
# name 1 = prDM: Pressure, Digiquartz [db]
# name 2 = t090C: Temperature [ITS-90, deg C]
# name 3 = t190C: Temperature, 2 [ITS-90, deg C]
# name 4 = T2-T190C: Temperature Difference, 2 - 1 [ITS-90, deg C]
# name 5 = c0S/m: Conductivity [S/m]
# name 6 = c1S/m: Conductivity, 2 [S/m]
# name 7 = pumps: Pump Status
# name 8 = sbeox1ML/L: Oxygen, SBE 43, 2 [ml/l]
# name 9 = sbeox0ML/L: Oxygen, SBE 43 [ml/l]
# name 10 = altM: Altimeter [m]
# name 11 = chloroflTC0: Chlorophyll, Turner Cyclops [ug/l]
# name 12 = cpar: CPAR/Corrected Irradiance [%]
# name 13 = par: PAR/Irradiance, Biospherical/Lico [µE/(cm^2*s)]
# name 14 = spar: SPAR, Biospherical/Licor
# name 15 = sal00: Salinity, Practical [PSU]
# name 16 = sal11: Salinity, Practical, 2 [PSU]
# name 17 = secS-priS: Salinity, Practical, Difference, 2 - 1 [PSU]
# name 18 = sigma-t00: Density [sigma-t, kg/m^3 ]
# name 19 = sigma-t11: Density, 2 [sigma-t, kg/m^3 ]
# name 20 = depSM: Depth [salt water, m], lat = 57.1935
# name 21 = depFM: Depth [true depth, m], lat = 57.1935
# name 22 = dz/dtM: Descent Rate [m/s], WS = 2
# name 23 = svCM: Sound Velocity [Chen-Millero, m/s]
# name 24 = svCM1: Sound Velocity, 2 [Chen-Millero, m/s]
# name 25 = flag: flag
# span 0 =        228,       8172       
# span 1 =      2.000,     79.000       
# span 2 =     9.2309,    18.0202       
# span 3 =     9.2801,    18.0068       
# span 4 =    -0.0394,     0.6200       
# span 5 =   3.462015,   4.200342       
# span 6 =   3.468157,   4.198425       
# span 7 =          1,          1       
# span 8 =     4.0685,     5.9094       
# span 9 =     4.0744,     5.6459       
# span 10 =       2.74,       9.98      
# span 11 =     0.0238,     0.0692      
# span 12 = -1.663e-06, 6.7098e+00      
# span 13 = -6.349e-06, 2.6995e+01      
# span 14 = 3.3345e+02, 4.0233e+02      
# span 15 =    25.6735,    33.5493      
# span 16 =    25.7222,    33.5435      
# span 17 =    -0.8534,     0.0749      
# span 18 =    18.1836,    25.9455      
# span 19 =    18.2201,    25.9331      
# span 20 =      1.982,     78.258      
# span 21 =      2.000,     78.613      
# span 22 =     -0.069,      0.302      
# span 23 =    1486.57,    1511.61      
# span 24 =    1486.74,    1511.59      
# span 25 = 0.0000e+00, 0.0000e+00      
# interval = decibars: 0.5              
# start_time = Aug 28 2018 15:59:03 [NMEA time, first data scan]
# bad_flag = -9.990e-29
*END*
[from data line 112]
       5265     58.000    10.7931    10.9173     0.1241    3.70516    3.71627          1     4.4723     4.3315       9.97     0.0238  2.790e-13  1.000e-12  3.584e+02    33.1810    33.1790    -0.0019    25.3957    25.3723     57.458     57.758      0.258    1491.40    1491.84  0.000e+00
       5311     58.500    10.6520    10.8418     0.1898    3.69545    3.71113          1     4.4074     4.2870       9.97     0.0397  2.798e-13  1.000e-12  3.574e+02    33.2119    33.1960    -0.0159    25.4445    25.3989     57.954     58.254      0.264    1490.95    1491.60  0.000e+00
       5356     59.000    10.5574    10.7329     0.1754    3.68832    3.70378          1     4.3886     4.2902       9.97     0.0692  2.798e-13  1.000e-12  3.574e+02    33.2264    33.2214    -0.0050    25.4722    25.4378     58.449     58.751      0.264    1490.64    1491.26  0.000e+00
       5402     59.500    10.5555    10.6679     0.1124    3.68791    3.69874          1     4.3733     4.2956       9.97     0.0526  2.798e-13  1.000e-12  3.574e+02    33.2238    33.2299     0.0061    25.4705    25.4557     58.944     59.248      0.274    1490.64    1491.04  0.000e+00
       5444     60.000    10.5478    10.6146     0.0668    3.68730    3.69482          1     4.3528     4.2934       9.97     0.0485  2.798e-13  1.000e-12  3.574e+02    33.2245    33.2389     0.0145    25.4724    25.4721     59.439     59.744      0.276    1490.62    1490.87  0.000e+00
       5491     60.500    10.5473    10.5921     0.0448    3.68732    3.69278          1     4.3446     4.2857       9.97     0.0483  2.803e-13  1.000e-12  3.567e+02    33.2249    33.2388     0.0139    25.4729    25.4759     59.935     60.241      0.246    1490.63    1490.80  0.000e+00
       5539     61.000    10.5473    10.5756     0.0282    3.68735    3.69117          1     4.3250     4.2932       9.97     0.0407  2.814e-13  1.000e-12  3.554e+02    33.2250    33.2376     0.0126    25.4729    25.4778     60.430     60.738      0.256    1490.63    1490.75  0.000e+00
       5585     61.500    10.5438    10.5706     0.0268    3.68716    3.69072          1     4.3205     4.2863       9.97     0.0412  2.814e-13  1.000e-12  3.554e+02    33.2261    33.2373     0.0113    25.4743    25.4785     60.925     61.234      0.261    1490.63    1490.74  0.000e+00
       5630     62.000    10.5411    10.5645     0.0234    3.68694    3.69016          1     4.3062     4.2926       9.97     0.0424  2.814e-13  1.000e-12  3.554e+02    33.2261    33.2371     0.0110    25.4748    25.4793     61.420     61.731      0.272    1490.63    1490.73  0.000e+00
       5675     62.500    10.5323    10.5601     0.0279    3.68639    3.68971          1     4.3166     4.2948       9.97     0.0415  2.814e-13  1.000e-12  3.554e+02    33.2285    33.2363     0.0078    25.4782    25.4794     61.916     62.227      0.266    1490.61    1490.72  0.000e+00
       5721     63.000    10.4941    10.5504     0.0563    3.68363    3.68899          1     4.3181     4.2789       9.97     0.0423  2.817e-13  1.000e-12  3.550e+02    33.2354    33.2378     0.0024    25.4902    25.4823     62.411     62.724      0.256    1490.49    1490.69  0.000e+00
       5767     63.500    10.3929    10.5347     0.1418    3.67656    3.68799          1     4.3238     4.2529       9.97     0.0420  2.830e-13  1.000e-12  3.534e+02    33.2565    33.2418    -0.0147    25.5241    25.4881     62.906     63.221      0.267    1490.16    1490.65  0.000e+00
       5811     64.000    10.3291    10.4951     0.1661    3.67210    3.68553          1     4.3204     4.2351       9.97     0.0412  2.830e-13  1.000e-12  3.534e+02    33.2698    33.2530    -0.0167    25.5453    25.5038     63.401     63.717      0.269    1489.96    1490.53  0.000e+00
       5859     64.500    10.2272    10.4387     0.2115    3.66506    3.68156          1     4.3110     4.2077       9.97     0.0412  2.830e-13  1.000e-12  3.534e+02    33.2918    33.2645    -0.0274    25.5799    25.5224     63.897     64.214      0.239    1489.63    1490.35  0.000e+00
       5909     65.000    10.1412    10.3801     0.2388    3.65902    3.67735          1     4.2841     4.2131       9.97     0.0415  2.836e-13  1.000e-12  3.527e+02    33.3095    33.2755    -0.0341    25.6083    25.5411     64.392     64.710      0.257    1489.35    1490.17  0.000e+00
       5954     65.500    10.1344    10.3014     0.1671    3.65863    3.67216          1     4.2684     4.2123       9.97     0.0421  2.846e-13  1.000e-12  3.514e+02    33.3117    33.2951    -0.0166    25.6111    25.5698     64.887     65.207      0.259    1489.34    1489.92  0.000e+00
       6002     66.000    10.1325    10.2625     0.1300    3.65853    3.66969          1     4.2541     4.2149       9.97     0.0433  2.846e-13  1.000e-12  3.513e+02    33.3122    33.3056    -0.0065    25.6118    25.5847     65.382     65.703      0.255    1489.34    1489.80  0.000e+00
       6047     66.500    10.1283    10.2123     0.0841    3.65827    3.66602          1     4.2523     4.2179       9.97     0.0464  2.846e-13  1.000e-12  3.513e+02    33.3132    33.3143     0.0011    25.6133    25.6000     65.878     66.200      0.265    1489.33    1489.64  0.000e+00
       6094     67.000    10.1255    10.1917     0.0662    3.65809    3.66417          1     4.2457     4.2106       9.97     0.0447  2.846e-13  1.000e-12  3.513e+02    33.3137    33.3144     0.0007    25.6142    25.6035     66.373     66.697      0.248    1489.33    1489.57  0.000e+00
       6140     67.500    10.1251    10.1614     0.0363    3.65811    3.66217          1     4.2349     4.2096       9.97     0.0454  2.850e-13  1.000e-12  3.509e+02    33.3140    33.3218     0.0077    25.6145    25.6144     66.868     67.193      0.275    1489.34    1489.48  0.000e+00
       6186     68.000    10.1192    10.1538     0.0346    3.65776    3.66144          1     4.2262     4.2153       9.97     0.0467  2.862e-13  1.000e-12  3.494e+02    33.3157    33.3212     0.0055    25.6168    25.6153     67.363     67.690      0.242    1489.33    1489.46  0.000e+00
       6236     68.500    10.1167    10.1403     0.0236    3.65758    3.66039          1     4.2244     4.2002       9.97     0.0473  2.863e-13  1.000e-12  3.493e+02    33.3160    33.3227     0.0067    25.6175    25.6188     67.859     68.186      0.259    1489.33    1489.42  0.000e+00
       6281     69.000    10.1179    10.1362     0.0182    3.65769    3.65990          1     4.2238     4.1954       9.97     0.0436  2.863e-13  1.000e-12  3.493e+02    33.3157    33.3213     0.0056    25.6171    25.6184     68.354     68.683      0.251    1489.34    1489.41  0.000e+00
       6331     69.500    10.1176    10.1302     0.0126    3.65772    3.65951          1     4.2248     4.2004       9.97     0.0507  2.863e-13  1.000e-12  3.493e+02    33.3160    33.3226     0.0066    25.6174    25.6204     68.849     69.179      0.245    1489.35    1489.40  0.000e+00
       6378     70.000    10.1130    10.1279     0.0149    3.65743    3.65923          1     4.2250     4.2039       9.97     0.0497  2.863e-13  1.000e-12  3.493e+02    33.3172    33.3217     0.0046    25.6191    25.6201     69.344     69.676      0.252    1489.34    1489.40  0.000e+00
       6427     70.500    10.1097    10.1249     0.0152    3.65720    3.65898          1     4.2276     4.2003       9.93     0.0429  2.864e-13  1.000e-12  3.491e+02    33.3176    33.3217     0.0041    25.6199    25.6206     69.839     70.172      0.247    1489.34    1489.40  0.000e+00
       6474     71.000    10.1111    10.1224     0.0113    3.65731    3.65880          1     4.2238     4.2023       9.54     0.0428  2.877e-13  1.000e-12  3.475e+02    33.3173    33.3220     0.0047    25.6194    25.6212     70.335     70.669      0.263    1489.35    1489.40  0.000e+00
       6519     71.500    10.1112    10.1189     0.0076    3.65734    3.65858          1     4.2126     4.2102       9.05     0.0446  2.880e-13  1.000e-12  3.473e+02    33.3172    33.3228     0.0055    25.6194    25.6224     70.830     71.165      0.273    1489.36    1489.39  0.000e+00
       6563     72.000    10.1098    10.1183     0.0085    3.65727    3.65844          1     4.2044     4.1978       8.52     0.0459  2.880e-13  1.000e-12  3.473e+02    33.3176    33.3216     0.0041    25.6199    25.6216     71.325     71.662      0.259    1489.36    1489.40  0.000e+00
       6610     72.500    10.1082    10.1160     0.0078    3.65718    3.65832          1     4.2095     4.1994       8.03     0.0463  2.880e-13  1.000e-12  3.473e+02    33.3179    33.3223     0.0044    25.6204    25.6225     71.820     72.159      0.261    1489.37    1489.40  0.000e+00
       6658     73.000    10.1050    10.1143     0.0093    3.65698    3.65818          1     4.1968     4.2048       7.55     0.0429  2.888e-13  1.000e-12  3.463e+02    33.3186    33.3222     0.0036    25.6215    25.6227     72.316     72.655      0.241    1489.36    1489.40  0.000e+00
       6706     73.500    10.0955    10.1108     0.0153    3.65636    3.65792          1     4.2104     4.2043       7.06     0.0418  2.896e-13  1.000e-12  3.453e+02    33.3209    33.3226     0.0017    25.6249    25.6237     72.811     73.152      0.255    1489.34    1489.40  0.000e+00
       6753     74.000    10.0596    10.1059     0.0462    3.65397    3.65771          1     4.2160     4.1764       6.56     0.0451  2.896e-13  1.000e-12  3.452e+02    33.3294    33.3248    -0.0047    25.6376    25.6262     73.306     73.648      0.263    1489.23    1489.39  0.000e+00
       6800     74.500     9.9932    10.0861     0.0929    3.64936    3.65652          1     4.2134     4.1762       6.20     0.0459  2.896e-13  1.000e-12  3.452e+02    33.3437    33.3307    -0.0130    25.6599    25.6341     73.801     74.145      0.246    1489.02    1489.33  0.000e+00
       6847     75.000     9.9813    10.0547     0.0733    3.64848    3.65449          1     4.2019     4.1727       6.01     0.0475  2.897e-13  1.000e-12  3.452e+02    33.3455    33.3389    -0.0066    25.6633    25.6458     74.296     74.641      0.282    1488.98    1489.24  0.000e+00
       6887     75.500     9.8725    10.0329     0.1604    3.64158    3.65288          1     4.1999     4.1350       5.62     0.0517  2.910e-13  1.000e-12  3.437e+02    33.3755    33.3424    -0.0332    25.7049    25.6522     74.792     75.138      0.288    1488.63    1489.17  0.000e+00
       6932     76.000     9.6560     9.9517     0.2957    3.62761    3.64825          1     4.1805     4.0916       5.02     0.0478  2.913e-13  1.000e-12  3.433e+02    33.4333    33.3700    -0.0633    25.7858    25.6874     75.287     75.634      0.252    1487.93    1488.92  0.000e+00
       6982     76.500     9.4623     9.8369     0.3744    3.61479    3.64105          1     4.1645     4.0817       4.27     0.0508  2.914e-13  1.000e-12  3.432e+02    33.4819    33.4026    -0.0793    25.8555    25.7320     75.782     76.131      0.236    1487.29    1488.56  0.000e+00
       7030     77.000     9.3878     9.6485     0.2609    3.60998    3.63013          1     4.1367     4.0768       4.84     0.0508  2.914e-13  1.000e-12  3.432e+02    33.5018    33.4657    -0.0361    25.8831    25.8124     76.277     76.627      0.261    1487.05    1487.96  0.000e+00
       7076     77.500     9.3297     9.5561     0.2264    3.60645    3.62345          1     4.1190     4.0744       3.37     0.0485  2.914e-13  1.000e-12  3.432e+02    33.5195    33.4831    -0.0364    25.9063    25.8411     76.773     77.124      0.259    1486.87    1487.65  0.000e+00
       7123     78.000     9.3062     9.4631     0.1569    3.60497    3.61759          1     4.1073     4.0908       4.69     0.0535  2.927e-13  1.000e-12  3.416e+02    33.5259    33.5093    -0.0166    25.9151    25.8768     77.268     77.620      0.249    1486.80    1487.35  0.000e+00
       7172     78.500     9.2773     9.4061     0.1288    3.60321    3.61370          1     4.0929     4.0841       2.74     0.0504  2.931e-13  1.000e-12  3.412e+02    33.5347    33.5223    -0.0123    25.9266    25.8962     77.763     78.116      0.253    1486.71    1487.17  0.000e+00
       8172     79.000     9.2309     9.2801     0.0492    3.60044    3.60434          1     4.0685     4.0869       2.76     0.0463  3.000e-13  1.000e-12  3.334e+02    33.5493    33.5435    -0.0058    25.9455    25.9331     78.258     78.613     -0.069    1486.57    1486.74  0.000e+00
