ctdpy/exports/archive_20191121_122431/received_data/SBE09_1044_20180415_1848_34_07_0001.cnv
* Sea-Bird SBE 9 Data File:
* FileName = C:\ctd\temp\2018\AU18D001.hex
* Software Version Seasave V 7.26.6.26
* Temperature SN = 5351
* Conductivity SN = 3941
* Number of Bytes Per Scan = 41
* Number of Voltage Words = 4
* Number of Scans Averaged by the Deck Unit = 1
* NMEA Latitude = 57 51.99 N
* NMEA Longitude = 011 17.53 E
* NMEA UTC (Time) = Apr 15 2018  18:48:56
* NMEA baud rate = 4800
** Station:  P2
** Operator:  A-KTh
** Ship: AURA
** Average sound velocity: 1474.79 m/s
** True-depth calculation Sun, 15 Apr 2018 19:47:45 +0000
** CTD Python Module SMHI /ver 3-12/ feb 2012 
** LIMS Job: 20183407-0001
** Cruise: SMHI-01-2018
** Latitude [GG MM.mm N] :
** Longitude [GG MM.mm E]:
# nquan = 26
# nvalues = 184                         
# units = specified
# name 0 = scan: Scan Count
# name 1 = prDM: Pressure, Digiquartz [db]
# name 2 = t090C: Temperature [ITS-90, deg C]
# name 3 = t190C: Temperature, 2 [ITS-90, deg C]
# name 4 = T2-T190C: Temperature Difference, 2 - 1 [ITS-90, deg C]
# name 5 = c0S/m: Conductivity [S/m]
# name 6 = c1S/m: Conductivity, 2 [S/m]
# name 7 = pumps: Pump Status
# name 8 = sbeox0ML/L: Oxygen, SBE 43 [ml/l]
# name 9 = sbeox1ML/L: Oxygen, SBE 43, 2 [ml/l]
# name 10 = altM: Altimeter [m]
# name 11 = flECO-AFL: Chl-a Fluorescence, WET Labs ECO-AFL/FL [mg/m^3]
# name 12 = flECO-AFL1: Phycocyanin Fluorescence, WET Labs ECO-AFL/FL, 2 [mg/m^3]
# name 13 = par: PAR/Irradiance, Biospherical/Lico [µE/(cm^2*s)]
# name 14 = turbWETntu0: Turbidity, WET Labs ECO [NTU]
# name 15 = sal00: Salinity, Practical [PSU]
# name 16 = sal11: Salinity, Practical, 2 [PSU]
# name 17 = secS-priS: Salinity, Practical, Difference, 2 - 1 [PSU]
# name 18 = sigma-t00: Density [sigma-t, Kg/m^3 ]
# name 19 = sigma-t11: Density, 2 [sigma-t, Kg/m^3 ]
# name 20 = depSM: Depth [salt water, m], lat = 57.8665
# name 21 = depFM: Depth [true depth, m], lat = 57.8665
# name 22 = dz/dtM: Descent Rate [m/s], WS = 2
# name 23 = svCM: Sound Velocity [Chen-Millero, m/s]
# name 24 = svCM1: Sound Velocity, 2 [Chen-Millero, m/s]
# name 25 = flag: flag
# span 0 =       6771,      13017       
# span 1 =      0.500,     92.000       
# span 2 =     4.1202,     7.2136       
# span 3 =     4.1229,     7.2132       
# span 4 =    -0.0353,     0.0293       
# span 5 =   2.028766,   3.536613       
# span 6 =   2.028926,   3.536716       
# span 7 =          1,          1       
# span 8 =    5.75514,    8.17453       
# span 9 =    5.68895,    8.12816       
# span 10 =       1.96,      98.82      
# span 11 =     0.0700,    10.7101      
# span 12 =     0.1744,     1.5143      
# span 13 = -2.651e-06, 2.4029e+00      
# span 14 =     0.3609,     2.1447      
# span 15 =    20.3279,    34.9971      
# span 16 =    20.3272,    34.9966      
# span 17 =    -0.1285,     0.0694      
# span 18 =    16.0583,    27.4099      
# span 19 =    16.0572,    27.4092      
# span 20 =      0.495,     91.128      
# span 21 =      0.501,     91.353      
# span 22 =     -0.146,      0.565      
# span 23 =    1450.76,    1480.34      
# span 24 =    1450.75,    1480.34      
# span 25 = 0.0000e+00, 0.0000e+00      
# interval = decibars: 0.5              
# start_time = Apr 15 2018 18:48:56 [NMEA time, first data scan]
# bad_flag = -9.990e-29
*END*
[from data line 112]
       9469     56.500     6.8677     6.8704     0.0027    3.50623    3.50647          1     6.1325     6.0178      37.57     0.1732     0.2702  1.000e-12  1.2020000    34.8605    34.8604    -0.0001    27.3272    27.3268     55.969     56.159      0.503    1478.90    1478.91  0.000e+00
       9493     57.000     6.8802     6.8815     0.0012    3.50769    3.50777          1     6.0767     5.9839      37.07     0.1796     0.2562  1.000e-12  1.2261000    34.8637    34.8633    -0.0004    27.3280    27.3276     56.465     56.654      0.507    1478.96    1478.96  0.000e+00
       9516     57.500     6.8839     6.8853     0.0014    3.50819    3.50829          1     6.0640     5.9821      36.57     0.1834     0.2061  1.000e-12  1.2367000    34.8653    34.8650    -0.0004    27.3288    27.3283     56.960     57.150      0.506    1478.98    1478.99  0.000e+00
       9540     58.000     6.8857     6.8876     0.0019    3.50851    3.50865          1     6.0592     5.9770      36.08     0.1769     0.1930  1.000e-12  1.2522000    34.8667    34.8664    -0.0004    27.3297    27.3291     57.455     57.646      0.507    1479.00    1479.01  0.000e+00
       9564     58.500     6.8904     6.8911     0.0007    3.50915    3.50917          1     6.0452     5.9642      35.60     0.1586     0.2353  1.000e-12  1.2604000    34.8688    34.8683    -0.0005    27.3306    27.3301     57.950     58.142      0.527    1479.03    1479.03  0.000e+00
       9586     59.000     6.8928     6.8938     0.0010    3.50947    3.50951          1     6.0353     5.9571      35.11     0.1552     0.2231  1.000e-12  1.2663000    34.8696    34.8690    -0.0006    27.3309    27.3303     58.446     58.637      0.539    1479.05    1479.05  0.000e+00
       9608     59.500     6.8963     6.8971     0.0008    3.50992    3.50996          1     6.0223     5.9431      34.61     0.1263     0.2218  1.000e-12  1.2791000    34.8708    34.8704    -0.0004    27.3314    27.3310     58.941     59.133      0.529    1479.07    1479.07  0.000e+00
       9632     60.000     6.9009     6.9018     0.0009    3.51059    3.51064          1     6.0067     5.9247      34.12     0.1652     0.2475  1.000e-12  1.3137000    34.8733    34.8729    -0.0004    27.3327    27.3323     59.436     59.629      0.503    1479.10    1479.10  0.000e+00
       9656     60.500     6.9028     6.9038     0.0010    3.51086    3.51091          1     6.0033     5.9181      33.60     0.1782     0.2294  1.000e-12  1.3498000    34.8740    34.8736    -0.0005    27.3331    27.3326     59.931     60.124      0.494    1479.12    1479.12  0.000e+00
       9680     61.000     6.9093     6.9104     0.0011    3.51175    3.51182          1     5.9836     5.8935      33.11     0.1322     0.2252  1.000e-12  1.3724000    34.8771    34.8767    -0.0004    27.3345    27.3341     60.426     60.620      0.517    1479.15    1479.16  0.000e+00
       9702     61.500     6.9303     6.9309     0.0006    3.51437    3.51438          1     5.9521     5.8836      32.62     0.1421     0.2096  1.000e-12  1.3720000    34.8843    34.8839    -0.0005    27.3374    27.3369     60.922     61.116      0.537    1479.25    1479.25  0.000e+00
       9725     62.000     6.8885     6.8883    -0.0002    3.51029    3.51023          1     5.9677     5.9188      32.16     0.1332     0.2030  1.000e-12  1.3992000    34.8815    34.8810    -0.0005    27.3409    27.3405     61.417     61.612      0.543    1479.10    1479.09  0.000e+00
       9747     62.500     6.8531     6.8542     0.0011    3.50733    3.50740          1     6.0138     5.9517      31.67     0.1455     0.2178  1.000e-12  1.4435000    34.8845    34.8841    -0.0004    27.3482    27.3477     61.912     62.107      0.534    1478.97    1478.97  0.000e+00
       9770     63.000     6.8468     6.8476     0.0008    3.50689    3.50694          1     6.0458     5.9742      31.14     0.1530     0.2503  1.000e-12  1.4771000    34.8858    34.8855    -0.0003    27.3501    27.3497     62.407     62.603      0.508    1478.95    1478.96  0.000e+00
       9794     63.500     6.8404     6.8415     0.0011    3.50638    3.50645          1     6.0482     5.9898      30.65     0.1260     0.2364  1.000e-12  1.4787000    34.8864    34.8860    -0.0004    27.3514    27.3509     62.903     63.099      0.495    1478.94    1478.94  0.000e+00
       9818     64.000     6.8296     6.8306     0.0009    3.50550    3.50555          1     6.0593     6.0059      30.21     0.1292     0.2251  1.000e-12  1.4904000    34.8873    34.8869    -0.0004    27.3536    27.3532     63.398     63.594      0.513    1478.91    1478.91  0.000e+00
       9841     64.500     6.8166     6.8173     0.0008    3.50450    3.50454          1     6.0740     6.0215      29.70     0.1377     0.2614  1.000e-12  1.5298000    34.8893    34.8890    -0.0003    27.3570    27.3566     63.893     64.090      0.534    1478.87    1478.87  0.000e+00
       9863     65.000     6.8159     6.8167     0.0008    3.50455    3.50461          1     6.0763     6.0075      29.18     0.1260     0.2447  1.000e-12  1.5576000    34.8904    34.8901    -0.0003    27.3579    27.3576     64.388     64.586      0.534    1478.87    1478.88  0.000e+00
       9886     65.500     6.8159     6.8171     0.0013    3.50459    3.50469          1     6.0708     5.9926      28.70     0.1375     0.2365  1.000e-12  1.5580000    34.8905    34.8903    -0.0002    27.3580    27.3577     64.883     65.082      0.528    1478.88    1478.89  0.000e+00
       9908     66.000     6.8165     6.8173     0.0008    3.50470    3.50474          1     6.0716     5.9802      28.19     0.1537     0.2206  1.000e-12  1.5717000    34.8908    34.8904    -0.0004    27.3582    27.3578     65.379     65.577      0.522    1478.89    1478.90  0.000e+00
       9932     66.500     6.8173     6.8185     0.0012    3.50482    3.50489          1     6.0774     5.9828      27.68     0.1341     0.2327  1.000e-12  1.5755000    34.8911    34.8908    -0.0004    27.3583    27.3578     65.874     66.073      0.507    1478.90    1478.91  0.000e+00
       9956     67.000     6.8178     6.8188     0.0010    3.50491    3.50496          1     6.0681     5.9956      27.16     0.1620     0.2894  1.000e-12  1.6791000    34.8913    34.8908    -0.0005    27.3584    27.3579     66.369     66.569      0.499    1478.92    1478.92  0.000e+00
       9980     67.500     6.8179     6.8194     0.0015    3.50494    3.50505          1     6.0631     5.9956      26.66     0.1462     0.2173  1.000e-12  1.6366000    34.8914    34.8911    -0.0003    27.3584    27.3580     66.864     67.064      0.514    1478.92    1478.93  0.000e+00
      10003     68.000     6.8204     6.8224     0.0020    3.50526    3.50543          1     6.0670     5.9939      26.16     0.1320     0.2658  1.000e-12  1.5942000    34.8921    34.8919    -0.0002    27.3586    27.3583     67.359     67.560      0.530    1478.94    1478.95  0.000e+00
      10025     68.500     6.8299     6.8331     0.0032    3.50647    3.50684          1     6.0593     5.9778      25.67     0.1382     0.2131  1.000e-12  1.6174000    34.8956    34.8963     0.0007    27.3601    27.3602     67.855     68.056      0.532    1478.99    1479.01  0.000e+00
      10048     69.000     6.8376     6.8384     0.0008    3.50749    3.50752          1     6.0485     5.9610      25.19     0.1354     0.1883  1.000e-12  1.6178000    34.8988    34.8983    -0.0005    27.3616    27.3611     68.350     68.551      0.534    1479.03    1479.04  0.000e+00
      10070     69.500     6.8399     6.8402     0.0004    3.50783    3.50779          1     6.0393     5.9568      24.70     0.1271     0.2271  1.000e-12  1.6038000    34.8999    34.8992    -0.0007    27.3621    27.3615     68.845     69.047      0.538    1479.05    1479.05  0.000e+00
      10092     70.000     6.8411     6.8409    -0.0002    3.50803    3.50793          1     6.0302     5.9534      24.18     0.1381     0.2787  1.000e-12  1.6000000    34.9007    34.8997    -0.0010    27.3626    27.3618     69.340     69.543      0.529    1479.07    1479.06  0.000e+00
      10115     70.500     6.8437     6.8441     0.0004    3.50840    3.50838          1     6.0270     5.9485      23.67     0.1265     0.2901  1.000e-12  1.6398000    34.9018    34.9013    -0.0006    27.3631    27.3626     69.836     70.039      0.512    1479.09    1479.09  0.000e+00
      10139     71.000     6.8553     6.8533    -0.0020    3.50999    3.50964          1     6.0173     5.9303      23.17     0.1451     0.2479  1.000e-12  1.6197000    34.9074    34.9055    -0.0019    27.3659    27.3647     70.331     70.534      0.502    1479.15    1479.14  0.000e+00
      10163     71.500     6.8941     6.8909    -0.0033    3.51542    3.51485          1     5.9821     5.8789      22.67     0.1307     0.2365  1.000e-12  1.6123000    34.9276    34.9247    -0.0029    27.3765    27.3747     70.826     71.030      0.498    1479.33    1479.31  0.000e+00
      10187     72.000     6.9443     6.9421    -0.0022    3.52232    3.52190          1     5.9131     5.8114      22.17     0.1169     0.2364  1.000e-12  1.5788000    34.9526    34.9502    -0.0024    27.3892    27.3876     71.321     71.526      0.500    1479.56    1479.55  0.000e+00
      10211     72.500     6.9834     6.9837     0.0002    3.52732    3.52722          1     5.8498     5.7623      21.69     0.0982     0.2364  1.000e-12  1.5701000    34.9677    34.9664    -0.0013    27.3957    27.3946     71.816     72.021      0.513    1479.74    1479.74  0.000e+00
      10234     73.000     7.0026     7.0033     0.0007    3.52970    3.52971          1     5.8181     5.7364      21.19     0.1048     0.1986  1.000e-12  1.6034000    34.9742    34.9736    -0.0006    27.3982    27.3976     72.312     72.517      0.531    1479.83    1479.84  0.000e+00
      10256     73.500     7.0146     7.0136    -0.0010    3.53136    3.53114          1     5.8012     5.7183      20.70     0.1192     0.2075  1.000e-12  1.6375000    34.9800    34.9787    -0.0014    27.4011    27.4001     72.807     73.013      0.552    1479.90    1479.89  0.000e+00
      10278     74.000     7.0245     7.0248     0.0003    3.53273    3.53269          1     5.7886     5.7105      20.21     0.1208     0.2328  1.000e-12  1.6808000    34.9849    34.9842    -0.0007    27.4035    27.4029     73.302     73.508      0.553    1479.95    1479.95  0.000e+00
      10300     74.500     7.0288     7.0297     0.0009    3.53343    3.53342          1     5.7840     5.7082      19.72     0.1028     0.2341  1.000e-12  1.7920000    34.9880    34.9869    -0.0010    27.4053    27.4044     73.797     74.004      0.526    1479.98    1479.98  0.000e+00
      10323     75.000     7.0326     7.0333     0.0007    3.53404    3.53403          1     5.7820     5.7079      19.19     0.1026     0.2096  1.000e-12  1.8619000    34.9905    34.9898    -0.0007    27.4068    27.4062     74.292     74.500      0.500    1480.00    1480.01  0.000e+00
      10348     75.500     7.0340     7.0350     0.0010    3.53433    3.53437          1     5.7824     5.7141      18.69     0.0913     0.2266  1.000e-12  1.9306000    34.9921    34.9915    -0.0006    27.4079    27.4073     74.787     74.995      0.502    1480.02    1480.02  0.000e+00
      10371     76.000     7.0345     7.0358     0.0013    3.53444    3.53453          1     5.7785     5.7088      18.20     0.0893     0.2755  1.000e-12  1.9193000    34.9925    34.9922    -0.0003    27.4081    27.4077     75.283     75.491      0.513    1480.03    1480.03  0.000e+00
      10394     76.500     7.0350     7.0361     0.0010    3.53453    3.53456          1     5.7795     5.7060      17.70     0.1217     0.1965  1.000e-12  1.9513000    34.9928    34.9920    -0.0008    27.4083    27.4075     75.778     75.987      0.522    1480.04    1480.04  0.000e+00
      10417     77.000     7.0346     7.0358     0.0012    3.53445    3.53453          1     5.7758     5.7044      17.20     0.0976     0.2496  1.000e-12  1.8619000    34.9920    34.9917    -0.0004    27.4077    27.4073     76.273     76.483      0.525    1480.05    1480.05  0.000e+00
      10440     77.500     7.0349     7.0364     0.0014    3.53454    3.53466          1     5.7739     5.7102      16.71     0.0985     0.2524  1.000e-12  1.8941000    34.9924    34.9923    -0.0001    27.4080    27.4077     76.768     76.978      0.515    1480.06    1480.06  0.000e+00
      10464     78.000     7.0355     7.0363     0.0008    3.53467    3.53468          1     5.7812     5.7129      16.21     0.0963     0.2334  1.000e-12  1.9143000    34.9930    34.9922    -0.0008    27.4084    27.4076     77.263     77.474      0.510    1480.07    1480.07  0.000e+00
      10487     78.500     7.0359     7.0370     0.0011    3.53472    3.53480          1     5.7851     5.7116      15.71     0.1021     0.2116  1.000e-12  1.9182000    34.9930    34.9926    -0.0003    27.4083    27.4079     77.759     77.970      0.521    1480.08    1480.08  0.000e+00
      10510     79.000     7.0361     7.0371     0.0009    3.53478    3.53481          1     5.7822     5.7065      15.22     0.1101     0.1987  1.000e-12  1.9267000    34.9931    34.9925    -0.0006    27.4084    27.4078     78.254     78.465      0.531    1480.09    1480.09  0.000e+00
      10532     79.500     7.0361     7.0371     0.0010    3.53479    3.53483          1     5.7763     5.7057      14.72     0.0994     0.2033  1.000e-12  1.9286000    34.9929    34.9924    -0.0006    27.4082    27.4077     78.749     78.961      0.535    1480.09    1480.10  0.000e+00
      10555     80.000     7.0358     7.0370     0.0012    3.53476    3.53482          1     5.7786     5.7141      14.24     0.0841     0.2280  1.000e-12  1.9631000    34.9926    34.9921    -0.0005    27.4080    27.4075     79.244     79.457      0.536    1480.10    1480.10  0.000e+00
      10577     80.500     7.0368     7.0372     0.0004    3.53492    3.53486          1     5.7769     5.7088      13.74     0.1147     0.2512  1.000e-12  1.9695000    34.9931    34.9922    -0.0010    27.4083    27.4075     79.739     79.952      0.526    1480.11    1480.11  0.000e+00
      10600     81.000     7.0377     7.0392     0.0015    3.53506    3.53516          1     5.7686     5.7020      13.24     0.1031     0.1744  1.000e-12  1.9683000    34.9936    34.9932    -0.0004    27.4085    27.4080     80.235     80.448      0.512    1480.12    1480.13  0.000e+00
      10624     81.500     7.0413     7.0426     0.0013    3.53556    3.53563          1     5.7637     5.6976      12.74     0.1016     0.2034  1.000e-12  1.9090000    34.9952    34.9947    -0.0005    27.4093    27.4087     80.730     80.944      0.500    1480.15    1480.15  0.000e+00
      10648     82.000     7.0447     7.0454     0.0007    3.53599    3.53601          1     5.7647     5.6976      12.23     0.1021     0.2640  1.000e-12  1.9514000    34.9962    34.9957    -0.0005    27.4096    27.4091     81.225     81.439      0.501    1480.17    1480.17  0.000e+00
      10672     82.500     7.0448     7.0461     0.0014    3.53603    3.53612          1     5.7674     5.7066      11.75     0.0935     0.2371  1.000e-12  1.9932000    34.9963    34.9959    -0.0004    27.4097    27.4092     81.720     81.935      0.519    1480.18    1480.19  0.000e+00
      10695     83.000     7.0452     7.0463     0.0011    3.53608    3.53615          1     5.7643     5.6985      11.26     0.0899     0.2298  1.000e-12  2.0338000    34.9962    34.9958    -0.0004    27.4096    27.4091     82.215     82.431      0.547    1480.19    1480.19  0.000e+00
      10716     83.500     7.0457     7.0472     0.0015    3.53616    3.53626          1     5.7614     5.6947      10.78     0.0952     0.2516  1.000e-12  2.0338000    34.9964    34.9959    -0.0005    27.4096    27.4090     82.710     82.926      0.554    1480.20    1480.21  0.000e+00
