ctdpy/exports/archive_20191121_122431/received_data/SBE09_0827_20181126_0849_26_01_1250.cnv
* Sea-Bird SBE 9 Data File:
* FileName = D:\CTD_SBE911\DAT\26DA.2018.12.50.hex
* Software Version Seasave V 7.21d
* Temperature SN = 4548
* Conductivity SN = 3062
* Number of Bytes Per Scan = 48
* Number of Voltage Words = 5
* Number of Scans Averaged by the Deck Unit = 1
* NMEA Latitude = 56 54.76 N
* NMEA Longitude = 017 10.65 E
* NMEA UTC (Time) = Nov 26 2018  08:50:09
* NMEA baud rate = 4800
** Ship: DANA
** Average sound velocity: 1441.78 m/s
** True-depth calculation Tue, 02 Apr 2019 12:15:23 +0000
** CTD Python Module SMHI /ver 3-12/ feb 2012 
** LIMS Job: 20182601-1250
** Operator: Ronny
** Cruise: 12/2018
# nquan = 26
# nvalues = 141                         
# units = specified
# name 0 = scan: Scan Count
# name 1 = prDM: Pressure, Digiquartz [db]
# name 2 = t090C: Temperature [ITS-90, deg C]
# name 3 = t190C: Temperature, 2 [ITS-90, deg C]
# name 4 = T2-T190C: Temperature Difference, 2 - 1 [ITS-90, deg C]
# name 5 = c0S/m: Conductivity [S/m]
# name 6 = c1S/m: Conductivity, 2 [S/m]
# name 7 = pumps: Pump Status
# name 8 = sbeox1ML/L: Oxygen, SBE 43, 2 [ml/l]
# name 9 = sbeox0ML/L: Oxygen, SBE 43 [ml/l]
# name 10 = altM: Altimeter [m]
# name 11 = chloroflTC0: Chlorophyll, Turner Cyclops [ug/l]
# name 12 = cpar: CPAR/Corrected Irradiance [%]
# name 13 = par: PAR/Irradiance, Biospherical/Lico [µE/(cm^2*s)]
# name 14 = spar: SPAR, Biospherical/Licor
# name 15 = sal00: Salinity, Practical [PSU]
# name 16 = sal11: Salinity, Practical, 2 [PSU]
# name 17 = secS-priS: Salinity, Practical, Difference, 2 - 1 [PSU]
# name 18 = sigma-t00: Density [sigma-t, kg/m^3 ]
# name 19 = sigma-t11: Density, 2 [sigma-t, kg/m^3 ]
# name 20 = depSM: Depth [salt water, m], lat = 56.9127
# name 21 = depFM: Depth [true depth, m], lat = 56.9127
# name 22 = dz/dtM: Descent Rate [m/s], WS = 2
# name 23 = svCM: Sound Velocity [Chen-Millero, m/s]
# name 24 = svCM1: Sound Velocity, 2 [Chen-Millero, m/s]
# name 25 = flag: flag
# span 0 =        319,       6800       
# span 1 =      1.000,     71.000       
# span 2 =     4.3650,     7.0449       
# span 3 =     4.3611,     7.0486       
# span 4 =    -0.0833,     0.0221       
# span 5 =   0.811600,   0.858305       
# span 6 =   0.811714,   0.861764       
# span 7 =          1,          1       
# span 8 =     4.0243,     7.6589       
# span 9 =     4.1628,     7.8981       
# span 10 =       1.09,       9.99      
# span 11 =     0.0158,     0.0243      
# span 12 = -8.392e-06, 5.6157e+00      
# span 13 = -8.750e-05, 5.9572e+01      
# span 14 = 9.8420e+02, 1.0819e+03      
# span 15 =     7.1105,     8.0948      
# span 16 =     7.1107,     8.1272      
# span 17 =    -0.0021,     0.0565      
# span 18 =     5.5275,     6.4232      
# span 19 =     5.5276,     6.4486      
# span 20 =      0.991,     70.336      
# span 21 =      1.013,     71.907      
# span 22 =      0.198,      0.315      
# span 23 =    1434.65,    1444.93      
# span 24 =    1434.63,    1444.94      
# span 25 = 0.0000e+00, 0.0000e+00      
# interval = decibars: 0.5              
# start_time = Nov 26 2018 08:50:09 [NMEA time, first data scan]
# bad_flag = -9.990e-29
*END*
[from data line 56]
       2935     29.000     6.9277     6.9284     0.0007    0.81814    0.81814          1     7.6109     7.8360       9.96     0.0233  9.388e-14  1.000e-12  1.065e+03     7.1348     7.1347    -0.0001     5.5397     5.5396     28.732     29.375      0.269    1444.10    1444.10  0.000e+00
       2979     29.500     6.9279     6.9285     0.0006    0.81816    0.81815          1     7.6045     7.8431       9.96     0.0232  9.357e-14  1.000e-12  1.069e+03     7.1348     7.1347    -0.0002     5.5397     5.5396     29.227     29.881      0.260    1444.11    1444.11  0.000e+00
       3027     30.000     6.9276     6.9283     0.0007    0.81815    0.81816          1     7.5925     7.8459       9.96     0.0232  9.606e-14  1.000e-12  1.041e+03     7.1348     7.1347    -0.0001     5.5397     5.5396     29.723     30.388      0.258    1444.12    1444.12  0.000e+00
       3070     30.500     6.9279     6.9282     0.0004    0.81817    0.81816          1     7.6072     7.8389       9.96     0.0232  9.510e-14  1.000e-12  1.052e+03     7.1349     7.1347    -0.0002     5.5397     5.5396     30.218     30.894      0.291    1444.13    1444.13  0.000e+00
       3114     31.000     6.9261     6.9258    -0.0003    0.81810    0.81807          1     7.5994     7.8466       9.96     0.0231  9.344e-14  1.000e-12  1.070e+03     7.1345     7.1343    -0.0002     5.5396     5.5394     30.713     31.401      0.260    1444.13    1444.12  0.000e+00
       3161     31.500     6.9267     6.9272     0.0005    0.81814    0.81813          1     7.5913     7.8451       9.96     0.0231  9.326e-14  1.000e-12  1.072e+03     7.1347     7.1345    -0.0002     5.5397     5.5395     31.209     31.907      0.264    1444.14    1444.14  0.000e+00
       3205     32.000     6.9262     6.9258    -0.0004    0.81813    0.81809          1     7.6106     7.8448       9.96     0.0231  9.381e-14  1.000e-12  1.066e+03     7.1346     7.1344    -0.0002     5.5396     5.5395     31.704     32.414      0.263    1444.14    1444.14  0.000e+00
       3252     32.500     6.9259     6.9260     0.0002    0.81812    0.81811          1     7.6139     7.8393       9.96     0.0232  9.369e-14  1.000e-12  1.067e+03     7.1346     7.1344    -0.0002     5.5397     5.5395     32.199     32.920      0.256    1444.15    1444.15  0.000e+00
       3298     33.000     6.9258     6.9265     0.0008    0.81812    0.81813          1     7.6025     7.8452       9.96     0.0232  9.340e-14  1.000e-12  1.071e+03     7.1345     7.1345    -0.0001     5.5396     5.5395     32.695     33.427      0.269    1444.16    1444.16  0.000e+00
       3341     33.500     6.9257     6.9265     0.0009    0.81812    0.81814          1     7.6044     7.8453       9.96     0.0232  9.491e-14  1.000e-12  1.054e+03     7.1345     7.1345    -0.0001     5.5396     5.5395     33.190     33.933      0.278    1444.16    1444.17  0.000e+00
       3386     34.000     6.9253     6.9263     0.0010    0.81814    0.81815          1     7.5996     7.8456       9.96     0.0231  9.370e-14  1.000e-12  1.067e+03     7.1347     7.1346    -0.0001     5.5397     5.5396     33.685     34.440      0.261    1444.17    1444.18  0.000e+00
       3433     34.500     6.9252     6.9250    -0.0002    0.81815    0.81813          1     7.6019     7.8447       9.96     0.0232  9.326e-14  1.000e-12  1.072e+03     7.1347     7.1346    -0.0001     5.5398     5.5397     34.181     34.946      0.256    1444.18    1444.18  0.000e+00
       3478     35.000     6.9217     6.9223     0.0006    0.81807    0.81808          1     7.6033     7.8467       9.96     0.0232  9.394e-14  1.000e-12  1.065e+03     7.1347     7.1346    -0.0001     5.5400     5.5399     34.676     35.453      0.275    1444.17    1444.18  0.000e+00
       3524     35.500     6.9192     6.9198     0.0005    0.81802    0.81802          1     7.6051     7.8433       9.96     0.0232  9.317e-14  1.000e-12  1.073e+03     7.1346     7.1346    -0.0001     5.5401     5.5400     35.171     35.959      0.243    1444.17    1444.17  0.000e+00
       3573     36.000     6.9179     6.9201     0.0022    0.81800    0.81804          1     7.6122     7.8491       9.96     0.0233  9.326e-14  1.000e-12  1.072e+03     7.1346     7.1346    -0.0000     5.5402     5.5400     35.667     36.465      0.267    1444.17    1444.18  0.000e+00
       3615     36.500     6.9200     6.9216     0.0016    0.81807    0.81810          1     7.6107     7.8474       9.96     0.0233  9.328e-14  1.000e-12  1.072e+03     7.1348     7.1348    -0.0001     5.5402     5.5401     36.162     36.972      0.279    1444.19    1444.20  0.000e+00
       3660     37.000     6.9184     6.9177    -0.0007    0.81802    0.81798          1     7.6055     7.8379       9.96     0.0232  9.322e-14  1.000e-12  1.073e+03     7.1346     7.1344    -0.0002     5.5402     5.5400     36.657     37.478      0.263    1444.19    1444.19  0.000e+00
       3705     37.500     6.9173     6.9177     0.0005    0.81799    0.81798          1     7.6169     7.8409       9.96     0.0232  9.326e-14  1.000e-12  1.072e+03     7.1345     7.1343    -0.0002     5.5401     5.5400     37.153     37.985      0.268    1444.19    1444.20  0.000e+00
       3749     38.000     6.9167     6.9167    -0.0000    0.81798    0.81796          1     7.6127     7.8492       9.96     0.0232  9.326e-14  1.000e-12  1.072e+03     7.1345     7.1343    -0.0002     5.5402     5.5400     37.648     38.491      0.276    1444.20    1444.20  0.000e+00
       3795     38.500     6.9161     6.9162     0.0001    0.81797    0.81796          1     7.6129     7.8447       9.96     0.0232  9.310e-14  1.000e-12  1.074e+03     7.1345     7.1343    -0.0001     5.5402     5.5401     38.143     38.998      0.252    1444.20    1444.20  0.000e+00
       3842     39.000     6.9156     6.9156     0.0000    0.81796    0.81795          1     7.6003     7.8458       9.96     0.0233  9.319e-14  1.000e-12  1.073e+03     7.1345     7.1343    -0.0002     5.5402     5.5401     38.638     39.504      0.263    1444.21    1444.21  0.000e+00
       3887     39.500     6.9148     6.9169     0.0021    0.81797    0.81803          1     7.6021     7.8467       9.96     0.0234  9.319e-14  1.000e-12  1.073e+03     7.1346     7.1347     0.0002     5.5404     5.5404     39.134     40.011      0.261    1444.22    1444.23  0.000e+00
       3933     40.000     6.9170     6.9191     0.0021    0.81808    0.81816          1     7.6153     7.8461       9.96     0.0237  9.319e-14  1.000e-12  1.073e+03     7.1352     7.1355     0.0003     5.5407     5.5408     39.629     40.517      0.262    1444.23    1444.24  0.000e+00
       3979     40.500     6.9194     6.9220     0.0027    0.81822    0.81830          1     7.5887     7.8456       9.96     0.0236  9.326e-14  1.000e-12  1.072e+03     7.1359     7.1361     0.0002     5.5411     5.5411     40.124     41.024      0.271    1444.25    1444.26  0.000e+00
       4023     41.000     6.9253     6.9268     0.0015    0.81846    0.81847          1     7.6123     7.8473       9.96     0.0232  9.320e-14  1.000e-12  1.073e+03     7.1368     7.1367    -0.0002     5.5414     5.5412     40.620     41.530      0.263    1444.29    1444.29  0.000e+00
       4070     41.500     6.9280     6.9301     0.0021    0.81856    0.81861          1     7.6044     7.8412       9.96     0.0233  9.289e-14  1.000e-12  1.077e+03     7.1372     7.1372    -0.0000     5.5415     5.5414     41.115     42.037      0.254    1444.31    1444.31  0.000e+00
       4116     42.000     6.9307     6.9321     0.0015    0.81866    0.81868          1     7.6029     7.8315       9.96     0.0235  9.315e-14  1.000e-12  1.074e+03     7.1375     7.1374    -0.0001     5.5416     5.5414     41.610     42.543      0.265    1444.33    1444.33  0.000e+00
       4163     42.500     6.9372     6.9358    -0.0014    0.81891    0.81881          1     7.6076     7.8370       9.96     0.0232  9.308e-14  1.000e-12  1.074e+03     7.1385     7.1378    -0.0006     5.5420     5.5415     42.106     43.049      0.249    1444.36    1444.36  0.000e+00
       4211     43.000     6.9475     6.9475    -0.0000    0.81929    0.81927          1     7.5918     7.8315       9.96     0.0232  9.308e-14  1.000e-12  1.074e+03     7.1398     7.1396    -0.0002     5.5423     5.5422     42.601     43.556      0.259    1444.42    1444.41  0.000e+00
       4257     43.500     6.9600     6.9693     0.0093    0.81986    0.82016          1     7.5883     7.8256       9.96     0.0232  9.307e-14  1.000e-12  1.074e+03     7.1425     7.1434     0.0008     5.5436     5.5437     43.096     44.062      0.257    1444.48    1444.52  0.000e+00
       4303     44.000     6.9955     6.9971     0.0017    0.82138    0.82138          1     7.5613     7.7983       9.96     0.0224  9.292e-14  1.000e-12  1.076e+03     7.1493     7.1490    -0.0003     5.5466     5.5462     43.592     44.569      0.264    1444.65    1444.65  0.000e+00
       4348     44.500     7.0183     7.0198     0.0015    0.82238    0.82237          1     7.5504     7.7727       9.96     0.0221  9.299e-14  1.000e-12  1.075e+03     7.1539     7.1535    -0.0004     5.5487     5.5482     44.087     45.075      0.256    1444.75    1444.76  0.000e+00
       4398     45.000     7.0256     7.0265     0.0009    0.82268    0.82267          1     7.5474     7.7669       9.96     0.0218  9.294e-14  1.000e-12  1.076e+03     7.1551     7.1548    -0.0002     5.5491     5.5489     44.582     45.582      0.246    1444.79    1444.80  0.000e+00
       4444     45.500     7.0198     7.0202     0.0005    0.82260    0.82260          1     7.5236     7.7601       9.96     0.0216  9.291e-14  1.000e-12  1.076e+03     7.1555     7.1554    -0.0001     5.5498     5.5497     45.077     46.088      0.267    1444.78    1444.78  0.000e+00
       4489     46.000     7.0197     7.0201     0.0004    0.82262    0.82261          1     7.5310     7.7619       9.96     0.0219  9.291e-14  1.000e-12  1.076e+03     7.1556     7.1555    -0.0002     5.5499     5.5498     45.573     46.595      0.269    1444.79    1444.79  0.000e+00
       4534     46.500     7.0304     7.0333     0.0029    0.82320    0.82327          1     7.5245     7.7556       9.96     0.0220  9.291e-14  1.000e-12  1.076e+03     7.1588     7.1588     0.0001     5.5517     5.5515     46.068     47.101      0.264    1444.84    1444.85  0.000e+00
       4578     47.000     7.0449     7.0486     0.0036    0.82444    0.82468          1     7.5030     7.7178       9.96     0.0213  9.291e-14  1.000e-12  1.076e+03     7.1673     7.1688     0.0014     5.5574     5.5583     46.563     47.608      0.286    1444.92    1444.94  0.000e+00
       4618     47.500     7.0393     7.0300    -0.0093    0.82682    0.82709          1     7.3818     7.5652       9.96     0.0202  9.291e-14  1.000e-12  1.076e+03     7.1907     7.1951     0.0045     5.5761     5.5803     47.059     48.114      0.300    1444.93    1444.90  0.000e+00
       4659     48.000     6.9961     6.9874    -0.0087    0.82669    0.82662          1     7.2828     7.4614       9.96     0.0191  9.287e-14  1.000e-12  1.077e+03     7.1984     7.1996     0.0012     5.5851     5.5866     47.554     48.620      0.284    1444.77    1444.74  0.000e+00
       4703     48.500     6.9156     6.8918    -0.0237    0.82566    0.82547          1     7.2222     7.4130       9.96     0.0188  9.271e-14  1.000e-12  1.079e+03     7.2055     7.2087     0.0032     5.5960     5.6001     48.049     49.127      0.272    1444.45    1444.36  0.000e+00
       4747     49.000     6.8511     6.8139    -0.0372    0.82518    0.82502          1     7.1386     7.3471       9.96     0.0183  9.273e-14  1.000e-12  1.078e+03     7.2145     7.2207     0.0062     5.6074     5.6147     48.545     49.633      0.274    1444.20    1444.05  0.000e+00
       4791     49.500     6.7730     6.7150    -0.0579    0.82477    0.82431          1     7.0467     7.2478       9.96     0.0181  9.283e-14  1.000e-12  1.077e+03     7.2269     7.2348     0.0079     5.6222     5.6321     49.040     50.140      0.262    1443.89    1443.66  0.000e+00
       4838     50.000     6.6767     6.6048    -0.0719    0.82385    0.82329          1     6.9609     7.1745       9.96     0.0172  9.273e-14  1.000e-12  1.078e+03     7.2384     7.2483     0.0099     5.6374     5.6496     49.535     50.646      0.259    1443.51    1443.22  0.000e+00
       4882     50.500     6.5966     6.5133    -0.0833    0.82328    0.82268          1     6.8738     7.1044       9.96     0.0173  9.290e-14  1.000e-12  1.076e+03     7.2499     7.2619     0.0120     5.6514     5.6659     50.030     51.153      0.289    1443.19    1442.86  0.000e+00
       4925     51.000     6.5107     6.4510    -0.0597    0.82276    0.82270          1     6.8397     7.0421       9.96     0.0171  9.273e-14  1.000e-12  1.078e+03     7.2632     7.2753     0.0121     5.6671     5.6802     50.526     51.659      0.264    1442.85    1442.62  0.000e+00
       4971     51.500     6.4604     6.4095    -0.0508    0.82346    0.82433          1     6.8135     6.9999       9.96     0.0171  9.272e-14  1.000e-12  1.079e+03     7.2804     7.2996     0.0192     5.6837     5.7018     51.021     52.165      0.273    1442.67    1442.48  0.000e+00
       5013     52.000     6.3513     6.2781    -0.0731    0.82429    0.82453          1     6.7310     6.9046       9.96     0.0171  9.323e-14  1.000e-12  1.073e+03     7.3116     7.3296     0.0180     5.7147     5.7331     51.516     52.672      0.269    1442.25    1441.97  0.000e+00
       5063     52.500     6.2171     6.1937    -0.0233    0.82388    0.82398          1     6.6639     6.8345       9.96     0.0171  9.299e-14  1.000e-12  1.075e+03     7.3365     7.3424     0.0060     5.7420     5.7481     52.012     53.178      0.230    1441.72    1441.63  0.000e+00
       5111     53.000     6.0924     6.0908    -0.0017    0.82393    0.82416          1     6.6178     6.6800       9.96     0.0171  9.261e-14  1.000e-12  1.080e+03     7.3639     7.3664     0.0025     5.7706     5.7726     52.507     53.684      0.274    1441.23    1441.23  0.000e+00
       5154     53.500     5.8179     5.8399     0.0221    0.82207    0.82256          1     6.4324     6.4909       9.96     0.0171  9.268e-14  1.000e-12  1.079e+03     7.4057     7.4057    -0.0001     5.8181     5.8169     53.002     54.191      0.262    1440.11    1440.21  0.000e+00
       5204     54.000     5.5703     5.5631    -0.0072    0.81854    0.81877          1     6.3682     6.4622       9.96     0.0171  9.255e-14  1.000e-12  1.080e+03     7.4258     7.4297     0.0039     5.8462     5.8497     53.497     54.697      0.242    1439.08    1439.05  0.000e+00
       5248     54.500     5.3561     5.3674     0.0113    0.81494    0.81553          1     6.3304     6.4461       9.96     0.0164  9.269e-14  1.000e-12  1.079e+03     7.4380     7.4412     0.0032     5.8657     5.8678     53.993     55.203      0.306    1438.17    1438.22  0.000e+00
       5290     55.000     5.1847     5.1529    -0.0320    0.81312    0.81306          1     6.3030     6.4440       9.96     0.0159  9.262e-14  1.000e-12  1.080e+03     7.4581     7.4647     0.0066     5.8892     5.8957     54.488     55.710      0.242    1437.45    1437.32  0.000e+00
       5344     55.500     5.1204     5.1146    -0.0055    0.81323    0.81332          1     6.2520     6.3991       9.96     0.0160  9.261e-14  1.000e-12  1.080e+03     7.4735     7.4758     0.0023     5.9040     5.9060     54.983     56.216      0.255    1437.20    1437.18  0.000e+00
       5387     56.000     5.0749     5.0634    -0.0115    0.81316    0.81324          1     6.2168     6.3753       9.96     0.0159  9.278e-14  1.000e-12  1.078e+03     7.4830     7.4863     0.0033     5.9134     5.9165     55.479     56.722      0.268    1437.02    1436.97  0.000e+00
