ctdpy/exports/archive_20191121_122431/received_data/SBE09_1044_20180417_1051_34_07_0012.cnv
* Sea-Bird SBE 9 Data File:
* FileName = C:\ctd\temp\2018\AU18D012.hex
* Software Version Seasave V 7.26.6.26
* Temperature SN = 5351
* Conductivity SN = 3941
* Number of Bytes Per Scan = 41
* Number of Voltage Words = 4
* Number of Scans Averaged by the Deck Unit = 1
* NMEA Latitude = 55 00.96 N
* NMEA Longitude = 013 18.05 E
* NMEA UTC (Time) = Apr 17 2018  10:51:15
* NMEA baud rate = 4800
** Station:  BY1
** Operator:  SSip
** Ship: AURA
** Average sound velocity: 1428.22 m/s
** True-depth calculation Tue, 17 Apr 2018 11:20:06 +0000
** CTD Python Module SMHI /ver 3-12/ feb 2012 
** LIMS Job: 20183407-0012
** Cruise: SMHI-01-2018
** Latitude [GG MM.mm N] :
** Longitude [GG MM.mm E]:
# nquan = 26
# nvalues = 80                          
# units = specified
# name 0 = scan: Scan Count
# name 1 = prDM: Pressure, Digiquartz [db]
# name 2 = t090C: Temperature [ITS-90, deg C]
# name 3 = t190C: Temperature, 2 [ITS-90, deg C]
# name 4 = T2-T190C: Temperature Difference, 2 - 1 [ITS-90, deg C]
# name 5 = c0S/m: Conductivity [S/m]
# name 6 = c1S/m: Conductivity, 2 [S/m]
# name 7 = pumps: Pump Status
# name 8 = sbeox0ML/L: Oxygen, SBE 43 [ml/l]
# name 9 = sbeox1ML/L: Oxygen, SBE 43, 2 [ml/l]
# name 10 = altM: Altimeter [m]
# name 11 = flECO-AFL: Chl-a Fluorescence, WET Labs ECO-AFL/FL [mg/m^3]
# name 12 = flECO-AFL1: Phycocyanin Fluorescence, WET Labs ECO-AFL/FL, 2 [mg/m^3]
# name 13 = par: PAR/Irradiance, Biospherical/Lico [µE/(cm^2*s)]
# name 14 = turbWETntu0: Turbidity, WET Labs ECO [NTU]
# name 15 = sal00: Salinity, Practical [PSU]
# name 16 = sal11: Salinity, Practical, 2 [PSU]
# name 17 = secS-priS: Salinity, Practical, Difference, 2 - 1 [PSU]
# name 18 = sigma-t00: Density [sigma-t, Kg/m^3 ]
# name 19 = sigma-t11: Density, 2 [sigma-t, Kg/m^3 ]
# name 20 = depSM: Depth [salt water, m], lat = 55.016
# name 21 = depFM: Depth [true depth, m], lat = 55.016
# name 22 = dz/dtM: Descent Rate [m/s], WS = 2
# name 23 = svCM: Sound Velocity [Chen-Millero, m/s]
# name 24 = svCM1: Sound Velocity, 2 [Chen-Millero, m/s]
# name 25 = flag: flag
# span 0 =       5471,       8220       
# span 1 =      1.000,     40.500       
# span 2 =     2.1262,     4.3833       
# span 3 =     2.1350,     4.3830       
# span 4 =    -0.1305,     0.0671       
# span 5 =   0.797187,   1.047543       
# span 6 =   0.797170,   1.030955       
# span 7 =          1,          1       
# span 8 =    8.87968,   10.10026       
# span 9 =    8.81039,    9.95443       
# span 10 =       3.63,      44.09      
# span 11 =     1.8398,     4.5856      
# span 12 =     0.3937,     0.9037      
# span 13 = 1.0000e-12, 2.1824e+03      
# span 14 =     0.3815,     0.9823      
# span 15 =     7.5801,    10.6483      
# span 16 =     7.5794,    10.4789      
# span 17 =    -0.2050,     0.0191      
# span 18 =     6.0156,     8.4979      
# span 19 =     6.0151,     8.3629      
# span 20 =      0.991,     40.130      
# span 21 =      1.012,     40.992      
# span 22 =      0.156,      0.491      
# span 23 =    1425.52,    1433.26      
# span 24 =    1425.55,    1433.27      
# span 25 = 0.0000e+00, 0.0000e+00      
# interval = decibars: 0.5              
# start_time = Apr 17 2018 10:51:16 [NMEA time, first data scan]
# bad_flag = -9.990e-29
*END*
       5471      1.000     4.2949     4.2906    -0.0042    0.80575    0.80567          1     9.9063     9.7721      44.09     3.3847     0.7404  2.182e+03  0.8146000     7.5938     7.5940     0.0002     6.0287     6.0289      0.991      1.012      0.333    1432.84    1432.82  0.000e+00
       5499      1.500     4.2779     4.2689    -0.0089    0.80564    0.80556          1     9.8775     9.7661      43.74     3.1569     0.7031  9.806e+02  0.8453000     7.5966     7.5979     0.0013     6.0313     6.0326      1.486      1.519      0.360    1432.77    1432.73  0.000e+00
       5538      2.000     4.2343     4.2248    -0.0096    0.80533    0.80523          1     9.8813     9.7627      43.17     3.1023     0.6945  4.919e+02  0.8381000     7.6035     7.6047     0.0012     6.0381     6.0393      1.982      2.025      0.324    1432.60    1432.55  0.000e+00
       5579      2.500     4.2832     4.2415    -0.0417    0.80577    0.80538          1     9.8907     9.7489      42.63     3.6385     0.7425  4.392e+02  0.8680000     7.5966     7.6023     0.0057     6.0311     6.0369      2.477      2.531      0.250    1432.81    1432.63  0.000e+00
       5628      3.000     4.2768     4.2532    -0.0238    0.80573    0.80556          1     9.8877     9.7685      42.07     4.0239     0.8249  3.764e+02  0.8737000     7.5976     7.6013     0.0038     6.0321     6.0358      2.973      3.037      0.229    1432.79    1432.69  0.000e+00
       5680      3.500     4.3787     4.3565    -0.0220    0.80659    0.80644          1     9.9293     9.8098      41.61     3.8710     0.7968  3.075e+02  0.8374000     7.5827     7.5862     0.0036     6.0173     6.0208      3.468      3.544      0.262    1433.24    1433.14  0.000e+00
       5722      4.000     4.3833     4.3830    -0.0003    0.80661    0.80660          1     9.9378     9.8129      41.09     3.8919     0.8407  2.523e+02  0.8532000     7.5818     7.5817    -0.0001     6.0164     6.0164      3.964      4.050      0.319    1433.26    1433.26  0.000e+00
       5757      4.500     4.3795     4.3803     0.0008    0.80653    0.80653          1     9.9331     9.8086      40.62     4.1141     0.8485  2.001e+02  0.9823000     7.5817     7.5815    -0.0002     6.0165     6.0163      4.459      4.556      0.358    1433.25    1433.26  0.000e+00
       5790      5.000     4.3682     4.3735     0.0052    0.80618    0.80620          1     9.9368     9.8083      40.10     4.3301     0.8377  1.620e+02  0.8703000     7.5807     7.5797    -0.0010     6.0160     6.0151      4.955      5.062      0.360    1433.21    1433.23  0.000e+00
       5821      5.500     4.3732     4.3713    -0.0019    0.80626    0.80619          1     9.9313     9.7925      39.59     4.4473     0.8662  1.317e+02  0.8697000     7.5803     7.5801    -0.0002     6.0156     6.0154      5.450      5.568      0.449    1433.24    1433.23  0.000e+00
       5846      6.000     4.3720     4.3702    -0.0018    0.80626    0.80617          1     9.9224     9.7910      39.12     4.4933     0.8739  1.061e+02  0.8648000     7.5806     7.5800    -0.0005     6.0158     6.0154      5.946      6.075      0.466    1433.24    1433.23  0.000e+00
       5872      6.500     4.3592     4.3570    -0.0023    0.80593    0.80581          1     9.9453     9.8061      38.59     4.5856     0.9008  8.593e+01  0.8666000     7.5801     7.5794    -0.0007     6.0158     6.0154      6.441      6.581      0.457    1433.19    1433.18  0.000e+00
       5899      7.000     4.3734     4.3736     0.0003    0.80630    0.80627          1     9.9821     9.8960      38.10     4.5413     0.9037  6.955e+01  0.8698000     7.5805     7.5801    -0.0004     6.0157     6.0154      6.937      7.087      0.449    1433.26    1433.27  0.000e+00
       5926      7.500     4.3631     4.3688     0.0057    0.80616    0.80621          1    10.1003     9.9544      37.57     4.4899     0.8821  5.649e+01  0.8694000     7.5814     7.5806    -0.0008     6.0167     6.0159      7.432      7.593      0.451    1433.23    1433.25  0.000e+00
       5952      8.000     4.2902     4.3308     0.0407    0.80526    0.80566          1     9.8270     9.7330      37.06     4.5184     0.8285  4.616e+01  0.8740000     7.5890     7.5837    -0.0054     6.0250     6.0195      7.928      8.100      0.458    1432.92    1433.10  0.000e+00
       5978      8.500     3.8648     3.7345    -0.1305    0.80156    0.80044          1     9.6592     9.6907      36.51     4.2733     0.7063  3.760e+01  0.8371000     7.6506     7.6697     0.0191     6.0843     6.1026      8.423      8.606      0.465    1431.09    1430.53  0.000e+00
       6003      9.000     3.3166     3.3223     0.0055    0.79753    0.79753          1     9.6029     9.6143      35.97     3.7222     0.6909  3.061e+01  0.7811000     7.7387     7.7372    -0.0015     6.1657     6.1645      8.919      9.112      0.476    1428.73    1428.75  0.000e+00
       6029      9.500     3.1579     3.1629     0.0050    0.79772    0.79773          1     9.5277     9.4857      35.45     3.2137     0.6663  2.502e+01  0.7225000     7.7787     7.7776    -0.0011     6.1999     6.1990      9.414      9.618      0.477    1428.06    1428.08  0.000e+00
       6054     10.000     3.0848     3.0872     0.0024    0.79736    0.79739          1     9.5761     9.4803      34.92     2.9965     0.5485  2.063e+01  0.6506000     7.7925     7.7922    -0.0003     6.2118     6.2116      9.910     10.124      0.481    1427.76    1427.76  0.000e+00
       6079     10.500     3.0786     3.0809     0.0022    0.79767    0.79769          1     9.5920     9.4593      34.38     2.6702     0.4409  1.718e+01  0.5720000     7.7972     7.7968    -0.0004     6.2157     6.2153     10.405     10.630      0.485    1427.74    1427.75  0.000e+00
       6103     11.000     3.1947     3.1895    -0.0050    0.80122    0.80107          1     9.5291     9.4123      33.87     2.3825     0.4321  1.450e+01  0.5831000     7.8063     7.8059    -0.0004     6.2214     6.2211     10.901     11.136      0.484    1428.29    1428.27  0.000e+00
       6128     11.500     2.9935     2.9962     0.0025    0.79734    0.79732          1     9.4904     9.3653      33.35     2.3495     0.4434  1.246e+01  0.6133000     7.8143     7.8135    -0.0009     6.2302     6.2295     11.396     11.643      0.479    1427.39    1427.40  0.000e+00
       6153     12.000     2.9104     2.9136     0.0032    0.79719    0.79717          1     9.4285     9.3003      32.84     2.4065     0.4438  1.081e+01  0.5834000     7.8329     7.8319    -0.0010     6.2459     6.2451     11.892     12.149      0.477    1427.03    1427.05  0.000e+00
       6178     12.500     2.8978     2.8998     0.0020    0.79767    0.79767          1     9.3999     9.2668      32.33     2.3009     0.5324  9.420e+00  0.5842000     7.8410     7.8405    -0.0005     6.2525     6.2520     12.387     12.655      0.479    1427.00    1427.00  0.000e+00
       6203     13.000     2.8943     2.8958     0.0016    0.79792    0.79792          1     9.3924     9.2583      31.80     2.1809     0.5877  8.294e+00  0.5587000     7.8444     7.8441    -0.0004     6.2552     6.2549     12.882     13.161      0.484    1426.99    1427.00  0.000e+00
       6228     13.500     2.8807     2.8825     0.0018    0.79847    0.79846          1     9.3852     9.2669      31.28     2.3219     0.4861  7.327e+00  0.5269000     7.8535     7.8530    -0.0005     6.2626     6.2621     13.378     13.667      0.483    1426.95    1426.96  0.000e+00
       6253     14.000     2.8717     2.8732     0.0015    0.79897    0.79897          1     9.3853     9.2729      30.80     2.1774     0.4085  6.541e+00  0.5567000     7.8609     7.8605    -0.0004     6.2686     6.2683     13.873     14.173      0.480    1426.92    1426.93  0.000e+00
       6278     14.500     2.8673     2.8690     0.0018    0.79934    0.79933          1     9.3919     9.2664      30.28     2.0142     0.4419  5.829e+00  0.5705000     7.8658     7.8652    -0.0006     6.2725     6.2721     14.369     14.679      0.479    1426.92    1426.93  0.000e+00
       6303     15.000     2.8632     2.8648     0.0016    0.79954    0.79952          1     9.4014     9.2663      29.74     2.1454     0.4498  5.185e+00  0.5532000     7.8689     7.8683    -0.0006     6.2750     6.2745     14.864     15.185      0.476    1426.91    1426.92  0.000e+00
       6328     15.500     2.8505     2.8524     0.0019    0.79972    0.79970          1     9.3918     9.2535      29.22     2.1037     0.4596  4.632e+00  0.5417000     7.8738     7.8732    -0.0006     6.2790     6.2785     15.360     15.691      0.477    1426.87    1426.87  0.000e+00
       6353     16.000     2.8304     2.8317     0.0013    0.79973    0.79971          1     9.3825     9.2492      28.67     2.2641     0.5116  4.139e+00  0.5789000     7.8787     7.8783    -0.0004     6.2832     6.2828     15.855     16.197      0.483    1426.79    1426.79  0.000e+00
       6378     16.500     2.8040     2.8052     0.0012    0.79962    0.79962          1     9.3730     9.2397      28.13     2.2450     0.4936  3.709e+00  0.5845000     7.8841     7.8837    -0.0004     6.2876     6.2873     16.351     16.703      0.483    1426.68    1426.69  0.000e+00
       6403     17.000     2.8031     2.8045     0.0014    0.79974    0.79973          1     9.3585     9.2327      27.59     2.0234     0.4578  3.312e+00  0.5086000     7.8855     7.8851    -0.0004     6.2887     6.2884     16.846     17.210      0.475    1426.69    1426.69  0.000e+00
       6429     17.500     2.8117     2.8138     0.0021    0.80032    0.80036          1     9.3699     9.2401      27.07     2.2879     0.4856  2.948e+00  0.5037000     7.8895     7.8893    -0.0001     6.2919     6.2918     17.342     17.716      0.470    1426.74    1426.75  0.000e+00
       6454     18.000     2.8288     2.8300     0.0013    0.80117    0.80116          1     9.3881     9.2485      26.54     2.5702     0.4846  2.628e+00  0.5035000     7.8941     7.8937    -0.0003     6.2954     6.2951     17.837     18.222      0.480    1426.83    1426.84  0.000e+00
       6479     18.500     2.8310     2.8329     0.0020    0.80156    0.80166          1     9.3967     9.2620      26.05     2.4564     0.4417  2.337e+00  0.5078000     7.8976     7.8983     0.0007     6.2982     6.2987     18.332     18.728      0.491    1426.85    1426.86  0.000e+00
       6503     19.000     2.8315     2.8330     0.0015    0.80220    0.80220          1     9.4031     9.2676      25.54     2.1892     0.4693  2.076e+00  0.5385000     7.9042     7.9038    -0.0004     6.3035     6.3032     18.828     19.234      0.480    1426.87    1426.88  0.000e+00
       6529     19.500     2.8311     2.8323     0.0012    0.80236    0.80243          1     9.3944     9.2586      25.04     2.1115     0.5111  1.841e+00  0.5221000     7.9060     7.9064     0.0004     6.3049     6.3052     19.323     19.740      0.472    1426.88    1426.89  0.000e+00
       6554     20.000     2.8304     2.8318     0.0014    0.80267    0.80272          1     9.3856     9.2523      24.52     2.1284     0.4365  1.632e+00  0.5044000     7.9093     7.9095     0.0002     6.3075     6.3077     19.819     20.246      0.479    1426.89    1426.90  0.000e+00
       6579     20.500     2.8304     2.8318     0.0014    0.80298    0.80299          1     9.3866     9.2476      24.01     2.2248     0.4913  1.440e+00  0.5410000     7.9125     7.9122    -0.0003     6.3101     6.3099     20.314     20.752      0.481    1426.90    1426.91  0.000e+00
       6604     21.000     2.8296     2.8310     0.0014    0.80329    0.80328          1     9.3836     9.2426      23.47     2.0064     0.4694  1.268e+00  0.4915000     7.9159     7.9154    -0.0005     6.3129     6.3125     20.810     21.258      0.479    1426.91    1426.92  0.000e+00
       6629     21.500     2.8293     2.8308     0.0015    0.80353    0.80351          1     9.3796     9.2442      22.94     2.0481     0.5286  1.115e+00  0.4598000     7.9185     7.9179    -0.0006     6.3149     6.3144     21.305     21.764      0.478    1426.92    1426.93  0.000e+00
       6654     22.000     2.8295     2.8309     0.0014    0.80373    0.80371          1     9.3821     9.2589      22.54     2.0174     0.4982  9.835e-01  0.4479000     7.9204     7.9199    -0.0005     6.3164     6.3160     21.800     22.270      0.475    1426.93    1426.94  0.000e+00
       6679     22.500     2.8312     2.8325     0.0013    0.80404    0.80403          1     9.3857     9.2668      22.88     1.8398     0.4328  8.598e-01  0.4542000     7.9233     7.9228    -0.0005     6.3187     6.3183     22.296     22.776      0.482    1426.95    1426.96  0.000e+00
       6704     23.000     2.8336     2.8351     0.0014    0.80479    0.80478          1     9.3882     9.2544      22.77     2.1676     0.4583  7.620e-01  0.4871000     7.9305     7.9301    -0.0005     6.3245     6.3241     22.791     23.283      0.481    1426.98    1426.99  0.000e+00
       6729     23.500     2.8340     2.8354     0.0014    0.80536    0.80535          1     9.3862     9.2390      22.25     2.2828     0.5212  6.651e-01  0.4471000     7.9363     7.9359    -0.0005     6.3291     6.3287     23.287     23.789      0.472    1427.00    1427.00  0.000e+00
       6755     24.000     2.8334     2.8349     0.0014    0.80575    0.80575          1     9.3869     9.2494      21.74     2.0044     0.5130  5.828e-01  0.4257000     7.9406     7.9402    -0.0003     6.3325     6.3322     23.782     24.295      0.475    1427.01    1427.02  0.000e+00
       6780     24.500     2.8377     2.8392     0.0016    0.80627    0.80626          1     9.3852     9.2605      21.21     2.1326     0.4952  5.053e-01  0.4475000     7.9450     7.9445    -0.0004     6.3359     6.3356     24.278     24.801      0.479    1427.04    1427.05  0.000e+00
       6805     25.000     2.8379     2.8390     0.0012    0.80654    0.80653          1     9.3862     9.2579      20.68     2.2083     0.4971  4.434e-01  0.4228000     7.9477     7.9473    -0.0004     6.3382     6.3378     24.773     25.307      0.472    1427.05    1427.06  0.000e+00
       6831     25.500     2.8416     2.8428     0.0013    0.80693    0.80692          1     9.3821     9.2578      20.17     2.4675     0.4798  3.801e-01  0.5116000     7.9509     7.9504    -0.0005     6.3406     6.3402     25.269     25.813      0.469    1427.08    1427.09  0.000e+00
       6856     26.000     2.8475     2.8485     0.0011    0.80724    0.80722          1     9.3781     9.2460      19.64     1.9436     0.4491  3.274e-01  0.4705000     7.9525     7.9521    -0.0005     6.3419     6.3415     25.764     26.319      0.477    1427.12    1427.12  0.000e+00
       6881     26.500     2.8507     2.8518     0.0012    0.80742    0.80739          1     9.3823     9.2520      19.13     2.0529     0.4354  2.817e-01  0.4199000     7.9536     7.9530    -0.0005     6.3427     6.3423     26.259     26.825      0.480    1427.14    1427.15  0.000e+00
       6906     27.000     2.8641     2.8647     0.0006    0.80818    0.80815          1     9.3901     9.2661      18.23     2.2289     0.4859  2.444e-01  0.4920000     7.9583     7.9577    -0.0005     6.3463     6.3459     26.755     27.331      0.474    1427.22    1427.22  0.000e+00
       6932     27.500     2.8742     2.8750     0.0008    0.80878    0.80875          1     9.3855     9.2727      16.68     2.8047     0.5018  2.047e-01  0.5505000     7.9620     7.9615    -0.0005     6.3493     6.3488     27.250     27.837      0.462    1427.28    1427.28  0.000e+00
       6958     28.000     2.8797     2.8807     0.0010    0.80918    0.80915          1     9.4196     9.3055      16.15     2.0187     0.5013  1.705e-01  0.4223000     7.9647     7.9642    -0.0005     6.3514     6.3510     27.746     28.343      0.463    1427.32    1427.32  0.000e+00
