ctdpy/exports/archive_20191121_122431/received_data/SBE09_1044_20181112_0652_34_01_0135.cnv
* Sea-Bird SBE 9 Data File:
* FileName = C:\ctd\temp\ar18d135.hex
* Software Version Seasave V 7.26.7.107
* Temperature SN = 5351
* Conductivity SN = 3941
* Number of Bytes Per Scan = 41
* Number of Voltage Words = 4
* Number of Scans Averaged by the Deck Unit = 1
* NMEA Latitude = 58 17.68 N
* NMEA Longitude = 010 50.70 E
* NMEA UTC (Time) = Nov 12 2018  06:52:26
* NMEA baud rate = 4800
** Station:  A15
** Operator:  JKro
** Ship: ARANDA
** Average sound velocity: 1489.34 m/s
** True-depth calculation Mon, 12 Nov 2018 07:50:16 +0000
** CTD Python Module SMHI /ver 3-12/ feb 2012 
** LIMS Job: 20183401-0135
** Cruise: SMHI-6-2018
** Latitude [GG MM.mm N]:
** Longitude [GG MM.mm E]
# nquan = 26
# nvalues = 264                         
# units = specified
# name 0 = scan: Scan Count
# name 1 = prDM: Pressure, Digiquartz [db]
# name 2 = t090C: Temperature [ITS-90, deg C]
# name 3 = t190C: Temperature, 2 [ITS-90, deg C]
# name 4 = T2-T190C: Temperature Difference, 2 - 1 [ITS-90, deg C]
# name 5 = c0S/m: Conductivity [S/m]
# name 6 = c1S/m: Conductivity, 2 [S/m]
# name 7 = pumps: Pump Status
# name 8 = sbeox0ML/L: Oxygen, SBE 43 [ml/l]
# name 9 = sbeox1ML/L: Oxygen, SBE 43, 2 [ml/l]
# name 10 = altM: Altimeter [m]
# name 11 = flECO-AFL: Chl-a Fluorescence, WET Labs ECO-AFL/FL [mg/m^3]
# name 12 = flECO-AFL1: Phycocyanin Fluorescence, WET Labs ECO-AFL/FL, 2 [mg/m^3]
# name 13 = par: PAR/Irradiance, Biospherical/Lico [µE/(cm^2*s)]
# name 14 = turbWETntu0: Turbidity, WET Labs ECO [NTU]
# name 15 = sal00: Salinity, Practical [PSU]
# name 16 = sal11: Salinity, Practical, 2 [PSU]
# name 17 = secS-priS: Salinity, Practical, Difference, 2 - 1 [PSU]
# name 18 = sigma-t00: Density [sigma-t, Kg/m^3 ]
# name 19 = sigma-t11: Density, 2 [sigma-t, Kg/m^3 ]
# name 20 = depSM: Depth [salt water, m], lat = 58.2947
# name 21 = depFM: Depth [true depth, m], lat = 58.2947
# name 22 = dz/dtM: Descent Rate [m/s], WS = 2
# name 23 = svCM: Sound Velocity [Chen-Millero, m/s]
# name 24 = svCM1: Sound Velocity, 2 [Chen-Millero, m/s]
# name 25 = flag: flag
# span 0 =      19926,      25956       
# span 1 =      1.500,    133.000       
# span 2 =     7.5934,    10.6301       
# span 3 =     7.6127,    10.6308       
# span 4 =    -0.0038,     0.0546       
# span 5 =   3.595279,   3.802230       
# span 6 =   3.597082,   3.802447       
# span 7 =          1,          1       
# span 8 =    5.13016,    5.97069       
# span 9 =    4.95494,    5.67316       
# span 10 =      -0.44,     119.96      
# span 11 =     0.0417,     0.6488      
# span 12 =     0.1342,     0.3084      
# span 13 = -6.752e-06, 2.1416e+01      
# span 14 =     0.2332,     0.8094      
# span 15 =    33.6451,    35.0650      
# span 16 =    33.6450,    35.0637      
# span 17 =    -0.0089,     0.0068      
# span 18 =    25.8395,    27.3842      
# span 19 =    25.8393,    27.3814      
# span 20 =      1.486,    131.722      
# span 21 =      1.489,    131.935      
# span 22 =     -0.025,      1.038      
# span 23 =    1483.19,    1491.48      
# span 24 =    1483.26,    1491.48      
# span 25 = 0.0000e+00, 0.0000e+00      
# interval = decibars: 0.5              
# start_time = Nov 12 2018 06:52:27 [NMEA time, first data scan]
# bad_flag = -9.990e-29
*END*
[from data line 168]
      23752     85.500     9.5570     9.5573     0.0004    3.76256    3.76261          1     5.6605     5.4301      50.32     0.1469     0.2475  1.000e-12  0.3526000    34.9129    34.9131     0.0001    26.9588    26.9589     84.688     84.832      0.881    1489.53    1489.53  0.000e+00
      23764     86.000     9.5474     9.5498     0.0024    3.76206    3.76227          1     5.6582     5.4257      49.80     0.1443     0.2389  1.000e-12  0.3537000    34.9169    34.9166    -0.0003    26.9635    26.9629     85.183     85.328      0.930    1489.51    1489.52  0.000e+00
      23777     86.500     9.5386     9.5396     0.0012    3.76123    3.76134          1     5.6609     5.4194      49.40     0.1268     0.2069  1.000e-12  0.3477000    34.9166    34.9167     0.0002    26.9647    26.9647     85.678     85.824      0.879    1489.49    1489.49  0.000e+00
      23792     87.000     9.5280     9.5315     0.0035    3.76036    3.76065          1     5.6668     5.4164      48.79     0.1366     0.2224  1.000e-12  0.3505000    34.9177    34.9173    -0.0004    26.9673    26.9665     86.174     86.320      0.715    1489.46    1489.47  0.000e+00
      23815     87.500     9.5223     9.5259     0.0036    3.75984    3.76014          1     5.6519     5.4138      62.62     0.1481     0.2369  1.000e-12  0.3486000    34.9177    34.9172    -0.0005    26.9683    26.9673     86.669     86.816      0.422    1489.45    1489.46  0.000e+00
      23857     88.000     9.5206     9.5218     0.0012    3.75972    3.75979          1     5.6318     5.4108      49.74     0.1441     0.2383  1.000e-12  0.3291000    34.9178    34.9173    -0.0005    26.9687    26.9681     87.164     87.311      0.292    1489.45    1489.45  0.000e+00
      23887     88.500     9.5188     9.5197     0.0009    3.75957    3.75963          1     5.6469     5.4038      46.86     0.1610     0.2314  1.000e-12  0.3419000    34.9178    34.9175    -0.0003    26.9690    26.9686     87.659     87.807      0.613    1489.45    1489.46  0.000e+00
      23903     89.000     9.5274     9.5260    -0.0013    3.76044    3.76029          1     5.6565     5.4051      46.98     0.1475     0.2590  1.000e-12  0.3407000    34.9182    34.9179    -0.0003    26.9678    26.9679     88.154     88.303      0.841    1489.49    1489.49  0.000e+00
      23916     89.500     9.5254     9.5254     0.0001    3.76028    3.76026          1     5.6609     5.4066      46.58     0.1494     0.2657  1.000e-12  0.3405000    34.9182    34.9180    -0.0002    26.9682    26.9680     88.649     88.799      0.942    1489.49    1489.49  0.000e+00
      23928     90.000     9.5147     9.5174     0.0026    3.75922    3.75946          1     5.6623     5.4047      45.97     0.1268     0.2226  1.000e-12  0.3406000    34.9174    34.9173    -0.0001    26.9693    26.9688     89.144     89.295      0.924    1489.46    1489.47  0.000e+00
      23941     90.500     9.5124     9.5146     0.0022    3.75912    3.75927          1     5.6562     5.4030      45.52     0.1290     0.2074  1.000e-12  0.3376000    34.9184    34.9178    -0.0006    26.9705    26.9697     89.639     89.791      0.774    1489.46    1489.47  0.000e+00
      23962     91.000     9.5137     9.5153     0.0015    3.75930    3.75944          1     5.6444     5.4033      44.82     0.1359     0.2282  1.000e-12  0.3301000    34.9187    34.9187    -0.0000    26.9705    26.9703     90.135     90.287      0.487    1489.47    1489.48  0.000e+00
      23997     91.500     9.5156     9.5167     0.0011    3.75949    3.75959          1     5.6436     5.4000      44.15     0.1358     0.1823  1.000e-12  0.3304000    34.9186    34.9186    -0.0001    26.9701    26.9699     90.630     90.783      0.359    1489.49    1489.49  0.000e+00
      24022     92.000     9.5160     9.5173     0.0013    3.75965    3.75976          1     5.6373     5.4066      43.68     0.1341     0.1667  1.000e-12  0.3368000    34.9197    34.9195    -0.0002    26.9709    26.9706     91.125     91.279      0.652    1489.50    1489.50  0.000e+00
      24038     92.500     9.5140     9.5146     0.0007    3.75954    3.75955          1     5.6272     5.4125      43.30     0.1144     0.2322  1.000e-12  0.3418000    34.9203    34.9197    -0.0005    26.9717    26.9712     91.620     91.775      0.775    1489.50    1489.51  0.000e+00
      24053     93.000     9.5118     9.5141     0.0022    3.75931    3.75952          1     5.6313     5.4125      42.83     0.1329     0.2419  1.000e-12  0.3407000    34.9198    34.9197    -0.0001    26.9717    26.9712     92.115     92.270      0.730    1489.50    1489.51  0.000e+00
      24072     93.500     9.5093     9.5103     0.0010    3.75908    3.75906          1     5.6483     5.4113      42.24     0.1248     0.2566  1.000e-12  0.3411000    34.9197    34.9184    -0.0012    26.9720    26.9709     92.610     92.766      0.531    1489.50    1489.50  0.000e+00
      24102     94.000     9.5103     9.5111     0.0008    3.75936    3.75935          1     5.6581     5.4078      41.57     0.1184     0.1943  1.000e-12  0.3412000    34.9213    34.9204    -0.0009    26.9731    26.9723     93.105     93.262      0.385    1489.52    1489.52  0.000e+00
      24129     94.500     9.5087     9.5082    -0.0004    3.75921    3.75911          1     5.6397     5.3992      41.17     0.1434     0.2069  1.000e-12  0.3410000    34.9211    34.9206    -0.0005    26.9732    26.9729     93.601     93.758      0.582    1489.51    1489.51  0.000e+00
      24147     95.000     9.4657     9.4700     0.0042    3.75493    3.75527          1     5.6304     5.3910      40.77     0.1412     0.2071  1.000e-12  0.3460000    34.9184    34.9177    -0.0007    26.9782    26.9770     94.096     94.254      0.741    1489.37    1489.38  0.000e+00
      24161     95.500     9.4387     9.4401     0.0014    3.75230    3.75241          1     5.6247     5.3887      40.39     0.1269     0.2204  1.000e-12  0.3593000    34.9172    34.9170    -0.0002    26.9818    26.9814     94.591     94.750      0.787    1489.27    1489.28  0.000e+00
      24177     96.000     9.4286     9.4324     0.0038    3.75155    3.75178          1     5.6296     5.3857      39.95     0.1083     0.2302  1.000e-12  0.3586000    34.9190    34.9178    -0.0013    26.9849    26.9833     95.086     95.246      0.727    1489.25    1489.26  0.000e+00
      24195     96.500     9.4091     9.4133     0.0042    3.74985    3.75018          1     5.6330     5.3827      39.20     0.1018     0.2224  1.000e-12  0.3576000    34.9202    34.9195    -0.0007    26.9890    26.9878     95.581     95.742      0.576    1489.19    1489.20  0.000e+00
      24221     97.000     9.3946     9.3966     0.0020    3.74846    3.74858          1     5.5981     5.3810      38.79     0.1274     0.1526  1.000e-12  0.3571000    34.9197    34.9190    -0.0007    26.9910    26.9901     96.076     96.238      0.417    1489.14    1489.15  0.000e+00
      24251     97.500     9.3847     9.3867     0.0021    3.74767    3.74783          1     5.5864     5.3735      38.35     0.1259     0.2274  1.000e-12  0.3555000    34.9210    34.9206    -0.0004    26.9937    26.9930     96.571     96.733      0.497    1489.12    1489.12  0.000e+00
      24271     98.000     9.3752     9.3765     0.0012    3.74712    3.74721          1     5.5962     5.3667      37.94     0.1274     0.2591  1.000e-12  0.3484000    34.9243    34.9240    -0.0003    26.9978    26.9974     97.066     97.229      0.667    1489.09    1489.10  0.000e+00
      24287     98.500     9.3743     9.3762     0.0019    3.74723    3.74740          1     5.5915     5.3641      37.46     0.1381     0.2457  1.000e-12  0.3607000    34.9261    34.9260    -0.0001    26.9994    26.9990     97.562     97.725      0.739    1489.10    1489.11  0.000e+00
      24303     99.000     9.3520     9.3556     0.0036    3.74518    3.74546          1     5.5823     5.3592      36.94     0.1322     0.1935  1.000e-12  0.3610000    34.9263    34.9257    -0.0006    27.0032    27.0021     98.057     98.221      0.709    1489.03    1489.04  0.000e+00
      24322     99.500     9.3318     9.3348     0.0030    3.74353    3.74372          1     5.5706     5.3544      36.37     0.1267     0.2129  1.000e-12  0.3624000    34.9286    34.9277    -0.0009    27.0084    27.0071     98.552     98.717      0.597    1488.96    1488.97  0.000e+00
      24345    100.000     9.3126     9.3160     0.0034    3.74179    3.74204          1     5.5695     5.3500      35.78     0.1279     0.2130  1.000e-12  0.3787000    34.9291    34.9284    -0.0007    27.0119    27.0108     99.047     99.213      0.487    1488.90    1488.91  0.000e+00
      24370    100.500     9.2976     9.2990     0.0015    3.74048    3.74059          1     5.5762     5.3472      35.27     0.1368     0.2142  1.000e-12  0.3807000    34.9299    34.9296    -0.0004    27.0150    27.0145     99.542     99.709      0.490    1488.86    1488.86  0.000e+00
      24393    101.000     9.2846     9.2872     0.0026    3.73945    3.73965          1     5.5751     5.3452      34.76     0.1260     0.2100  1.000e-12  0.3906000    34.9317    34.9312    -0.0005    27.0185    27.0177    100.037    100.205      0.538    1488.82    1488.83  0.000e+00
      24415    101.500     9.2624     9.2662     0.0038    3.73748    3.73779          1     5.5647     5.3436      34.33     0.1475     0.2004  1.000e-12  0.4016000    34.9327    34.9322    -0.0005    27.0229    27.0219    100.532    100.700      0.565    1488.75    1488.76  0.000e+00
      24436    102.000     9.2429     9.2440     0.0011    3.73571    3.73577          1     5.5433     5.3321      33.84     0.1069     0.2460  1.000e-12  0.3930000    34.9330    34.9325    -0.0005    27.0264    27.0258    101.027    101.196      0.592    1488.69    1488.69  0.000e+00
      24456    102.500     9.2333     9.2340     0.0008    3.73477    3.73482          1     5.5412     5.3239      33.46     0.1050     0.2236  1.000e-12  0.3851000    34.9325    34.9322    -0.0003    27.0275    27.0272    101.522    101.692      0.632    1488.66    1488.66  0.000e+00
      24474    103.000     9.2162     9.2190     0.0028    3.73344    3.73360          1     5.5465     5.3228      32.98     0.1147     0.2334  1.000e-12  0.3790000    34.9350    34.9340    -0.0010    27.0322    27.0310    102.018    102.188      0.660    1488.61    1488.62  0.000e+00
      24492    103.500     9.1992     9.2008     0.0016    3.73191    3.73201          1     5.5456     5.3253      32.47     0.1068     0.2450  1.000e-12  0.3902000    34.9355    34.9349    -0.0006    27.0354    27.0347    102.513    102.684      0.632    1488.55    1488.56  0.000e+00
      24513    104.000     9.1888     9.1911     0.0023    3.73096    3.73113          1     5.5464     5.3270      32.00     0.1125     0.2448  1.000e-12  0.3954000    34.9356    34.9351    -0.0005    27.0372    27.0364    103.008    103.180      0.515    1488.52    1488.53  0.000e+00
      24541    104.500     9.1737     9.1792     0.0055    3.72946    3.72992          1     5.5410     5.3151      31.34     0.1095     0.1900  1.000e-12  0.3777000    34.9345    34.9338    -0.0007    27.0388    27.0374    103.503    103.676      0.404    1488.48    1488.49  0.000e+00
      24569    105.000     9.1097     9.1167     0.0070    3.72367    3.72430          1     5.5305     5.3083      30.86     0.1366     0.1675  1.000e-12  0.3431000    34.9364    34.9362    -0.0002    27.0506    27.0494    103.998    104.171      0.506    1488.25    1488.28  0.000e+00
      24590    105.500     9.0556     9.0578     0.0022    3.71928    3.71943          1     5.5127     5.2925      30.43     0.1197     0.2482  1.000e-12  0.3297000    34.9433    34.9428    -0.0005    27.0648    27.0640    104.493    104.667      0.613    1488.07    1488.08  0.000e+00
      24608    106.000     9.0455     9.0470     0.0015    3.71914    3.71922          1     5.4770     5.2686      29.95     0.1064     0.1893  1.000e-12  0.3197000    34.9516    34.9510    -0.0006    27.0730    27.0722    104.988    105.163      0.657    1488.05    1488.06  0.000e+00
      24626    106.500     9.0414     9.0428     0.0013    3.71933    3.71943          1     5.4457     5.2452      29.45     0.0901     0.1706  1.000e-12  0.3071000    34.9574    34.9570    -0.0003    27.0781    27.0776    105.483    105.659      0.657    1488.05    1488.05  0.000e+00
      24645    107.000     9.0306     9.0322     0.0016    3.71864    3.71873          1     5.4390     5.2316      28.97     0.0803     0.1925  1.000e-12  0.2918000    34.9605    34.9599    -0.0006    27.0823    27.0816    105.978    106.155      0.620    1488.02    1488.03  0.000e+00
      24665    107.500     9.0123     9.0140     0.0017    3.71726    3.71736          1     5.4356     5.2221      28.46     0.0970     0.2050  1.000e-12  0.2884000    34.9638    34.9632    -0.0006    27.0879    27.0871    106.473    106.651      0.560    1487.97    1487.97  0.000e+00
      24688    108.000     9.0027     9.0041     0.0014    3.71676    3.71684          1     5.4183     5.2062      27.88     0.0957     0.1870  1.000e-12  0.2936000    34.9678    34.9672    -0.0006    27.0925    27.0919    106.969    107.147      0.493    1487.95    1487.95  0.000e+00
      24714    108.500     8.9939     8.9957     0.0018    3.71688    3.71696          1     5.3833     5.1771      27.33     0.0937     0.1972  1.000e-12  0.2916000    34.9775    34.9765    -0.0010    27.1015    27.1005    107.464    107.642      0.482    1487.93    1487.94  0.000e+00
      24738    109.000     8.9833     8.9841     0.0008    3.71690    3.71698          1     5.3450     5.1456      26.90     0.0994     0.1988  1.000e-12  0.2940000    34.9879    34.9879     0.0001    27.1114    27.1113    107.959    108.138      0.564    1487.92    1487.92  0.000e+00
      24757    109.500     8.9773     8.9789     0.0016    3.71682    3.71692          1     5.3149     5.1256      26.45     0.0997     0.1886  1.000e-12  0.2994000    34.9927    34.9921    -0.0005    27.1161    27.1154    108.454    108.634      0.612    1487.91    1487.91  0.000e+00
      24777    110.000     8.9679     8.9703     0.0024    3.71624    3.71634          1     5.2857     5.1049      25.97     0.0934     0.1786  1.000e-12  0.3109000    34.9957    34.9944    -0.0013    27.1200    27.1186    108.949    109.130      0.569    1487.89    1487.89  0.000e+00
      24800    110.500     8.9285     8.9350     0.0065    3.71342    3.71386          1     5.2589     5.0774      25.42     0.0927     0.2059  1.000e-12  0.3396000    35.0047    35.0029    -0.0019    27.1334    27.1309    109.444    109.626      0.497    1487.76    1487.78  0.000e+00
      24825    111.000     8.8824     8.8888     0.0063    3.70954    3.71000          1     5.2358     5.0517      24.91     0.0740     0.1657  1.000e-12  0.3224000    35.0090    35.0075    -0.0014    27.1441    27.1420    109.939    110.121      0.552    1487.60    1487.63  0.000e+00
      24844    111.500     8.8570     8.8591     0.0021    3.70723    3.70741          1     5.2347     5.0407      24.50     0.0635     0.1724  1.000e-12  0.3301000    35.0095    35.0094    -0.0002    27.1486    27.1481    110.434    110.617      0.677    1487.52    1487.52  0.000e+00
      24860    112.000     8.8328     8.8346     0.0019    3.70505    3.70519          1     5.2320     5.0381      24.05     0.0626     0.1744  1.000e-12  0.3283000    35.0104    35.0100    -0.0003    27.1531    27.1525    110.929    111.113      0.721    1487.44    1487.44  0.000e+00
