ctdpy/exports/archive_20191121_122431/received_data/SBE09_1044_20180418_2202_34_07_0018.cnv
* Sea-Bird SBE 9 Data File:
* FileName = C:\ctd\temp\2018\AU18D018.hex
* Software Version Seasave V 7.26.6.26
* Temperature SN = 5351
* Conductivity SN = 3941
* Number of Bytes Per Scan = 41
* Number of Voltage Words = 4
* Number of Scans Averaged by the Deck Unit = 1
* NMEA Latitude = 57 18.73 N
* NMEA Longitude = 020 04.57 E
* NMEA UTC (Time) = Apr 18 2018  22:02:19
* NMEA baud rate = 4800
** Station:  BY15
** Operator:  A-KTh
** Ship: AURA
** Average sound velocity: 1444.69 m/s
** True-depth calculation Thu, 19 Apr 2018 01:10:31 +0000
** CTD Python Module SMHI /ver 3-12/ feb 2012 
** LIMS Job: 20183407-0018
** Cruise: SMHI-01-2018
** Latitude [GG MM.mm N] :
** Longitude [GG MM.mm E]:
# nquan = 26
# nvalues = 471                         
# units = specified
# name 0 = scan: Scan Count
# name 1 = prDM: Pressure, Digiquartz [db]
# name 2 = t090C: Temperature [ITS-90, deg C]
# name 3 = t190C: Temperature, 2 [ITS-90, deg C]
# name 4 = T2-T190C: Temperature Difference, 2 - 1 [ITS-90, deg C]
# name 5 = c0S/m: Conductivity [S/m]
# name 6 = c1S/m: Conductivity, 2 [S/m]
# name 7 = pumps: Pump Status
# name 8 = sbeox0ML/L: Oxygen, SBE 43 [ml/l]
# name 9 = sbeox1ML/L: Oxygen, SBE 43, 2 [ml/l]
# name 10 = altM: Altimeter [m]
# name 11 = flECO-AFL: Chl-a Fluorescence, WET Labs ECO-AFL/FL [mg/m^3]
# name 12 = flECO-AFL1: Phycocyanin Fluorescence, WET Labs ECO-AFL/FL, 2 [mg/m^3]
# name 13 = par: PAR/Irradiance, Biospherical/Lico [µE/(cm^2*s)]
# name 14 = turbWETntu0: Turbidity, WET Labs ECO [NTU]
# name 15 = sal00: Salinity, Practical [PSU]
# name 16 = sal11: Salinity, Practical, 2 [PSU]
# name 17 = secS-priS: Salinity, Practical, Difference, 2 - 1 [PSU]
# name 18 = sigma-t00: Density [sigma-t, Kg/m^3 ]
# name 19 = sigma-t11: Density, 2 [sigma-t, Kg/m^3 ]
# name 20 = depSM: Depth [salt water, m], lat = 57.3122
# name 21 = depFM: Depth [true depth, m], lat = 57.3122
# name 22 = dz/dtM: Descent Rate [m/s], WS = 2
# name 23 = svCM: Sound Velocity [Chen-Millero, m/s]
# name 24 = svCM1: Sound Velocity, 2 [Chen-Millero, m/s]
# name 25 = flag: flag
# span 0 =       9503,      22126       
# span 1 =      0.500,    235.500       
# span 2 =     2.6906,     6.9110       
# span 3 =     2.6929,     6.9117       
# span 4 =    -0.0354,     0.0090       
# span 5 =   0.756967,   1.460449       
# span 6 =   0.756993,   1.460443       
# span 7 =          1,          1       
# span 8 =    0.01987,   10.09863       
# span 9 =    0.02342,    9.92654       
# span 10 =       0.81,     114.31      
# span 11 =     0.2492,     7.5163      
# span 12 =     0.1329,     1.2641      
# span 13 = -2.410e-04, 2.1874e+00      
# span 14 =     0.1093,     0.4493      
# span 15 =     7.3529,    13.2985      
# span 16 =     7.3524,    13.2981      
# span 17 =    -0.0130,     0.0018      
# span 18 =     5.8581,    10.3802      
# span 19 =     5.8576,    10.3798      
# span 20 =      0.495,    233.198      
# span 21 =      0.506,    237.813      
# span 22 =      0.129,      0.727      
# span 23 =    1426.30,    1455.04      
# span 24 =    1426.31,    1455.05      
# span 25 = 0.0000e+00, 0.0000e+00      
# interval = decibars: 0.5              
# start_time = Apr 18 2018 22:02:19 [NMEA time, first data scan]
# bad_flag = -9.990e-29
*END*
[from data line 335]
      18357    168.000     6.8663     6.8668     0.0006    1.42961    1.42960          1     0.0334     0.0328      72.65     0.2993     0.2197  1.000e-12  0.2507000    13.0248    13.0246    -0.0002    10.1691    10.1689    166.385    169.762      0.398    1453.43    1453.44  0.000e+00
      18389    168.500     6.8672     6.8678     0.0006    1.43013    1.43013          1     0.0321     0.0329      72.07     0.3094     0.2019  1.000e-12  0.2556000    13.0295    13.0293    -0.0002    10.1727    10.1725    166.880    170.266      0.411    1453.45    1453.45  0.000e+00
      18415    169.000     6.8682     6.8686     0.0004    1.43055    1.43053          1     0.0346     0.0324      71.66     0.3096     0.1688  1.000e-12  0.2438000    13.0332    13.0329    -0.0004    10.1756    10.1753    167.375    170.770      0.505    1453.47    1453.47  0.000e+00
      18438    169.500     6.8688     6.8693     0.0006    1.43090    1.43090          1     0.0334     0.0328      71.15     0.3007     0.1828  1.000e-12  0.2401000    13.0363    13.0361    -0.0002    10.1780    10.1777    167.870    171.275      0.522    1453.48    1453.49  0.000e+00
      18461    170.000     6.8694     6.8699     0.0005    1.43107    1.43107          1     0.0326     0.0323      70.59     0.3136     0.1997  1.000e-12  0.2564000    13.0377    13.0375    -0.0003    10.1790    10.1787    168.365    171.779      0.501    1453.49    1453.50  0.000e+00
      18486    170.500     6.8699     6.8705     0.0005    1.43127    1.43125          1     0.0319     0.0327      70.06     0.3142     0.2133  1.000e-12  0.2549000    13.0393    13.0389    -0.0004    10.1802    10.1799    168.860    172.283      0.488    1453.51    1453.51  0.000e+00
      18511    171.000     6.8706     6.8712     0.0006    1.43156    1.43155          1     0.0334     0.0338      69.54     0.3042     0.2212  1.000e-12  0.2476000    13.0419    13.0416    -0.0003    10.1821    10.1818    169.355    172.787      0.454    1453.52    1453.52  0.000e+00
      18539    171.500     6.8712     6.8718     0.0006    1.43185    1.43184          1     0.0322     0.0325      69.07     0.2982     0.2140  1.000e-12  0.2477000    13.0444    13.0441    -0.0003    10.1841    10.1838    169.850    173.291      0.412    1453.53    1453.54  0.000e+00
      18568    172.000     6.8716     6.8721     0.0005    1.43216    1.43215          1     0.0336     0.0321      68.54     0.3073     0.2213  1.000e-12  0.2422000    13.0473    13.0469    -0.0003    10.1863    10.1860    170.345    173.795      0.469    1453.55    1453.55  0.000e+00
      18591    172.500     6.8721     6.8726     0.0005    1.43248    1.43246          1     0.0326     0.0323      68.10     0.3097     0.2055  1.000e-12  0.2495000    13.0501    13.0497    -0.0004    10.1885    10.1881    170.840    174.299      0.544    1453.56    1453.56  0.000e+00
      18612    173.000     6.8727     6.8732     0.0005    1.43276    1.43275          1     0.0328     0.0329      67.57     0.3233     0.1918  1.000e-12  0.2529000    13.0525    13.0522    -0.0003    10.1903    10.1900    171.335    174.804      0.542    1453.58    1453.58  0.000e+00
      18636    173.500     6.8732     6.8738     0.0006    1.43304    1.43302          1     0.0325     0.0334      67.03     0.3228     0.2243  1.000e-12  0.2651000    13.0550    13.0546    -0.0004    10.1922    10.1919    171.830    175.308      0.475    1453.59    1453.59  0.000e+00
      18664    174.000     6.8739     6.8745     0.0006    1.43347    1.43346          1     0.0324     0.0323      66.44     0.3300     0.2124  1.000e-12  0.2598000    13.0589    13.0586    -0.0003    10.1952    10.1949    172.325    175.812      0.402    1453.60    1453.61  0.000e+00
      18694    174.500     6.8745     6.8751     0.0006    1.43384    1.43382          1     0.0332     0.0324      65.93     0.3225     0.2405  1.000e-12  0.2605000    13.0621    13.0618    -0.0003    10.1977    10.1974    172.820    176.316      0.434    1453.62    1453.62  0.000e+00
      18719    175.000     6.8750     6.8755     0.0005    1.43415    1.43413          1     0.0317     0.0326      65.42     0.3088     0.2567  1.000e-12  0.2552000    13.0649    13.0646    -0.0003    10.1999    10.1996    173.315    176.820      0.525    1453.63    1453.63  0.000e+00
      18740    175.500     6.8755     6.8761     0.0005    1.43452    1.43450          1     0.0325     0.0321      64.99     0.3097     0.2407  1.000e-12  0.2650000    13.0683    13.0680    -0.0003    10.2025    10.2022    173.810    177.324      0.552    1453.65    1453.65  0.000e+00
      18763    176.000     6.8758     6.8764     0.0006    1.43485    1.43484          1     0.0298     0.0326      64.43     0.3166     0.2431  1.000e-12  0.2679000    13.0714    13.0710    -0.0003    10.2049    10.2046    174.305    177.828      0.484    1453.66    1453.66  0.000e+00
      18791    176.500     6.8759     6.8766     0.0007    1.43507    1.43506          1     0.0333     0.0319      63.86     0.3280     0.2319  1.000e-12  0.2735000    13.0734    13.0731    -0.0003    10.2064    10.2061    174.800    178.332      0.416    1453.67    1453.67  0.000e+00
      18819    177.000     6.8761     6.8767     0.0006    1.43519    1.43518          1     0.0314     0.0317      63.36     0.3259     0.1967  1.000e-12  0.2834000    13.0744    13.0741    -0.0003    10.2072    10.2069    175.295    178.837      0.460    1453.68    1453.68  0.000e+00
      18843    177.500     6.8765     6.8770     0.0005    1.43530    1.43530          1     0.0324     0.0321      62.87     0.3083     0.2216  1.000e-12  0.2772000    13.0752    13.0750    -0.0002    10.2078    10.2076    175.790    179.341      0.509    1453.69    1453.69  0.000e+00
      18867    178.000     6.8769     6.8774     0.0005    1.43546    1.43545          1     0.0305     0.0331      62.36     0.3130     0.2206  1.000e-12  0.2755000    13.0765    13.0762    -0.0003    10.2088    10.2085    176.285    179.845      0.497    1453.70    1453.71  0.000e+00
      18892    178.500     6.8772     6.8777     0.0006    1.43567    1.43566          1     0.0334     0.0325      61.85     0.3221     0.2068  1.000e-12  0.2758000    13.0784    13.0781    -0.0003    10.2103    10.2100    176.780    180.349      0.458    1453.71    1453.72  0.000e+00
      18919    179.000     6.8776     6.8783     0.0006    1.43592    1.43591          1     0.0303     0.0317      61.27     0.3159     0.1942  1.000e-12  0.2861000    13.0806    13.0803    -0.0003    10.2120    10.2117    177.275    180.853      0.448    1453.73    1453.73  0.000e+00
      18945    179.500     6.8782     6.8788     0.0005    1.43613    1.43612          1     0.0292     0.0327      60.78     0.3091     0.2213  1.000e-12  0.2862000    13.0824    13.0821    -0.0003    10.2133    10.2130    177.770    181.357      0.485    1453.74    1453.74  0.000e+00
      18969    180.000     6.8789     6.8794     0.0004    1.43634    1.43633          1     0.0312     0.0330      60.30     0.3054     0.2312  1.000e-12  0.2784000    13.0841    13.0838    -0.0003    10.2146    10.2143    178.264    181.861      0.509    1453.75    1453.75  0.000e+00
      18993    180.500     6.8809     6.8814     0.0006    1.43672    1.43672          1     0.0320     0.0321      59.78     0.3057     0.2293  1.000e-12  0.2747000    13.0870    13.0867    -0.0002    10.2167    10.2165    178.759    182.365      0.478    1453.77    1453.77  0.000e+00
      19020    181.000     6.8818     6.8824     0.0006    1.43706    1.43705          1     0.0289     0.0316      59.25     0.3165     0.2574  1.000e-12  0.2608000    13.0899    13.0896    -0.0003    10.2189    10.2186    179.254    182.869      0.430    1453.79    1453.79  0.000e+00
      19047    181.500     6.8824     6.8830     0.0006    1.43736    1.43735          1     0.0326     0.0310      58.78     0.3382     0.2634  1.000e-12  0.2525000    13.0925    13.0922    -0.0004    10.2209    10.2206    179.749    183.374      0.463    1453.80    1453.80  0.000e+00
      19072    182.000     6.8827     6.8832     0.0005    1.43765    1.43764          1     0.0301     0.0292      58.30     0.3252     0.2105  1.000e-12  0.2470000    13.0952    13.0949    -0.0003    10.2230    10.2227    180.244    183.878      0.519    1453.81    1453.82  0.000e+00
      19094    182.500     6.8833     6.8837     0.0005    1.43796    1.43794          1     0.0294     0.0334      57.77     0.3143     0.2257  1.000e-12  0.2660000    13.0979    13.0976    -0.0003    10.2250    10.2248    180.739    184.382      0.516    1453.83    1453.83  0.000e+00
      19119    183.000     6.8842     6.8848     0.0006    1.43833    1.43833          1     0.0307     0.0296      57.18     0.3223     0.2325  1.000e-12  0.2942000    13.1011    13.1008    -0.0003    10.2275    10.2272    181.234    184.886      0.463    1453.85    1453.85  0.000e+00
      19146    183.500     6.8831     6.8838     0.0007    1.43849    1.43849          1     0.0294     0.0293      56.62     0.3277     0.2227  1.000e-12  0.2712000    13.1030    13.1027    -0.0003    10.2291    10.2288    181.729    185.390      0.421    1453.85    1453.85  0.000e+00
      19175    184.000     6.8801     6.8808     0.0007    1.43850    1.43849          1     0.0284     0.0325      56.09     0.3415     0.2560  1.000e-12  0.2857000    13.1041    13.1038    -0.0003    10.2302    10.2299    182.224    185.894      0.453    1453.85    1453.85  0.000e+00
      19199    184.500     6.8798     6.8803     0.0005    1.43867    1.43867          1     0.0315     0.0311      55.60     0.3458     0.2369  1.000e-12  0.2984000    13.1058    13.1056    -0.0002    10.2316    10.2313    182.719    186.398      0.503    1453.86    1453.86  0.000e+00
      19223    185.000     6.8801     6.8807     0.0006    1.43885    1.43885          1     0.0283     0.0324      55.11     0.3341     0.2033  1.000e-12  0.3017000    13.1074    13.1071    -0.0002    10.2327    10.2325    183.214    186.902      0.525    1453.87    1453.87  0.000e+00
      19245    185.500     6.8805     6.8811     0.0006    1.43903    1.43903          1     0.0278     0.0331      54.65     0.3320     0.2115  1.000e-12  0.3163000    13.1089    13.1087    -0.0002    10.2339    10.2337    183.709    187.407      0.509    1453.88    1453.88  0.000e+00
      19270    186.000     6.8809     6.8815     0.0006    1.43922    1.43921          1     0.0295     0.0292      54.14     0.3362     0.2303  1.000e-12  0.3248000    13.1105    13.1102    -0.0003    10.2352    10.2349    184.204    187.911      0.449    1453.89    1453.89  0.000e+00
      19299    186.500     6.8812     6.8819     0.0007    1.43938    1.43938          1     0.0292     0.0282      53.58     0.3230     0.2287  1.000e-12  0.3113000    13.1118    13.1116    -0.0003    10.2362    10.2359    184.699    188.415      0.406    1453.90    1453.90  0.000e+00
      19328    187.000     6.8814     6.8820     0.0006    1.43947    1.43948          1     0.0288     0.0316      53.09     0.3294     0.2325  1.000e-12  0.3094000    13.1126    13.1124    -0.0002    10.2367    10.2365    185.194    188.919      0.456    1453.91    1453.91  0.000e+00
      19352    187.500     6.8818     6.8823     0.0005    1.43962    1.43962          1     0.0293     0.0278      52.61     0.3277     0.2501  1.000e-12  0.3040000    13.1138    13.1136    -0.0002    10.2377    10.2375    185.689    189.423      0.527    1453.92    1453.92  0.000e+00
      19374    188.000     6.8820     6.8825     0.0005    1.43972    1.43971          1     0.0290     0.0284      52.12     0.3434     0.2578  1.000e-12  0.3018000    13.1146    13.1143    -0.0003    10.2383    10.2380    186.184    189.927      0.552    1453.93    1453.93  0.000e+00
      19396    188.500     6.8823     6.8829     0.0006    1.43992    1.43991          1     0.0295     0.0307      51.60     0.3649     0.2365  1.000e-12  0.3065000    13.1164    13.1161    -0.0003    10.2397    10.2394    186.679    190.431      0.517    1453.94    1453.95  0.000e+00
      19421    189.000     6.8825     6.8831     0.0007    1.44011    1.44010          1     0.0277     0.0282      51.04     0.3387     0.2354  1.000e-12  0.3035000    13.1181    13.1178    -0.0003    10.2410    10.2407    187.174    190.935      0.431    1453.95    1453.96  0.000e+00
      19452    189.500     6.8823     6.8830     0.0007    1.44022    1.44021          1     0.0288     0.0292      50.47     0.3225     0.2615  1.000e-12  0.2989000    13.1191    13.1188    -0.0003    10.2418    10.2415    187.669    191.439      0.391    1453.96    1453.97  0.000e+00
      19481    190.000     6.8825     6.8830     0.0006    1.44044    1.44043          1     0.0280     0.0280      49.97     0.3448     0.2345  1.000e-12  0.3152000    13.1211    13.1208    -0.0003    10.2433    10.2431    188.164    191.943      0.462    1453.97    1453.98  0.000e+00
      19505    190.500     6.8860     6.8863     0.0003    1.44102    1.44100          1     0.0283     0.0295      49.53     0.3390     0.2468  1.000e-12  0.3102000    13.1254    13.1251    -0.0003    10.2464    10.2462    188.658    192.448      0.543    1454.00    1454.00  0.000e+00
      19526    191.000     6.8872     6.8877     0.0006    1.44145    1.44145          1     0.0300     0.0296      49.07     0.3224     0.2290  1.000e-12  0.2862000    13.1292    13.1289    -0.0003    10.2493    10.2490    189.153    192.952      0.578    1454.02    1454.02  0.000e+00
      19547    191.500     6.8868     6.8874     0.0005    1.44185    1.44184          1     0.0279     0.0277      48.57     0.3174     0.2749  1.000e-12  0.2692000    13.1331    13.1328    -0.0003    10.2524    10.2521    189.648    193.456      0.536    1454.03    1454.03  0.000e+00
      19572    192.000     6.8875     6.8880     0.0006    1.44230    1.44227          1     0.0282     0.0286      47.96     0.2977     0.2403  1.000e-12  0.3080000    13.1372    13.1367    -0.0004    10.2555    10.2551    190.143    193.960      0.401    1454.05    1454.05  0.000e+00
      19608    192.500     6.8883     6.8889     0.0006    1.44282    1.44278          1     0.0277     0.0284      47.34     0.3292     0.2177  1.000e-12  0.3213000    13.1419    13.1413    -0.0006    10.2592    10.2587    190.638    194.464      0.361    1454.06    1454.07  0.000e+00
      19635    193.000     6.8886     6.8891     0.0006    1.44344    1.44341          1     0.0280     0.0291      46.89     0.3428     0.2419  1.000e-12  0.2754000    13.1478    13.1473    -0.0004    10.2638    10.2634    191.133    194.968      0.529    1454.08    1454.08  0.000e+00
      19655    193.500     6.8907     6.8911     0.0005    1.44399    1.44397          1     0.0278     0.0285      46.49     0.3403     0.2073  1.000e-12  0.2776000    13.1523    13.1520    -0.0003    10.2672    10.2669    191.628    195.472      0.620    1454.10    1454.11  0.000e+00
      19674    194.000     6.8915     6.8921     0.0006    1.44446    1.44446          1     0.0278     0.0276      46.01     0.3318     0.2071  1.000e-12  0.2882000    13.1566    13.1563    -0.0002    10.2704    10.2702    192.123    195.976      0.592    1454.12    1454.12  0.000e+00
      19697    194.500     6.8922     6.8928     0.0006    1.44478    1.44477          1     0.0287     0.0283      45.44     0.3265     0.2584  1.000e-12  0.2707000    13.1593    13.1591    -0.0003    10.2725    10.2723    192.618    196.480      0.458    1454.14    1454.14  0.000e+00
      19729    195.000     6.8928     6.8934     0.0007    1.44510    1.44509          1     0.0273     0.0284      44.80     0.3319     0.2408  1.000e-12  0.2522000    13.1622    13.1618    -0.0003    10.2747    10.2744    193.113    196.984      0.356    1454.15    1454.15  0.000e+00
