ctdpy/exports/archive_20191121_122431/received_data/SBE09_0827_20180821_0924_26_01_0822.cnv
* Sea-Bird SBE 9 Data File:
* FileName = D:\CTD_SBE911\DAT\26DA.2018.8.22.hex
* Software Version Seasave V 7.21d
* Temperature SN = 034605
* Conductivity SN = 041844
* Number of Bytes Per Scan = 48
* Number of Voltage Words = 5
* Number of Scans Averaged by the Deck Unit = 1
* NMEA Latitude = 58 36.84 N
* NMEA Longitude = 010 34.91 E
* NMEA UTC (Time) = Aug 21 2018  09:26:32
* NMEA baud rate = 4800
** Ship: DANA
** Average sound velocity: 1490.39 m/s
** True-depth calculation Thu, 28 Mar 2019 09:24:02 +0000
** CTD Python Module SMHI /ver 3-12/ feb 2012 
** LIMS Job: 20182601-0822
**  15 W VÆDERØBOD
** Operator: Christian
** Cruise: 08/2018
# nquan = 26
# nvalues = 300                         
# units = specified
# name 0 = scan: Scan Count
# name 1 = prDM: Pressure, Digiquartz [db]
# name 2 = t090C: Temperature [ITS-90, deg C]
# name 3 = t190C: Temperature, 2 [ITS-90, deg C]
# name 4 = T2-T190C: Temperature Difference, 2 - 1 [ITS-90, deg C]
# name 5 = c0S/m: Conductivity [S/m]
# name 6 = c1S/m: Conductivity, 2 [S/m]
# name 7 = pumps: Pump Status
# name 8 = sbeox1ML/L: Oxygen, SBE 43, 2 [ml/l]
# name 9 = sbeox0ML/L: Oxygen, SBE 43 [ml/l]
# name 10 = altM: Altimeter [m]
# name 11 = chloroflTC0: Chlorophyll, Turner Cyclops [ug/l]
# name 12 = cpar: CPAR/Corrected Irradiance [%]
# name 13 = par: PAR/Irradiance, Biospherical/Lico [µE/(cm^2*s)]
# name 14 = spar: SPAR, Biospherical/Licor
# name 15 = sal00: Salinity, Practical [PSU]
# name 16 = sal11: Salinity, Practical, 2 [PSU]
# name 17 = secS-priS: Salinity, Practical, Difference, 2 - 1 [PSU]
# name 18 = sigma-t00: Density [sigma-t, kg/m^3 ]
# name 19 = sigma-t11: Density, 2 [sigma-t, kg/m^3 ]
# name 20 = depSM: Depth [salt water, m], lat = 58.614
# name 21 = depFM: Depth [true depth, m], lat = 58.614
# name 22 = dz/dtM: Descent Rate [m/s], WS = 2
# name 23 = svCM: Sound Velocity [Chen-Millero, m/s]
# name 24 = svCM1: Sound Velocity, 2 [Chen-Millero, m/s]
# name 25 = flag: flag
# span 0 =        230,      10184       
# span 1 =      1.500,    151.000       
# span 2 =     6.8113,    17.4044       
# span 3 =     6.8103,    17.3433       
# span 4 =    -0.3295,     1.1219       
# span 5 =   3.522184,   4.250189       
# span 6 =   3.522430,   4.242654       
# span 7 =          1,          1       
# span 8 =     5.2710,     6.5290       
# span 9 =     5.3712,     6.5245       
# span 10 =       1.05,       9.98      
# span 11 =     0.0347,     0.2334      
# span 12 = 4.7317e-14, 2.6017e+00      
# span 13 = 9.7933e-13, 4.4818e+01      
# span 14 = 1.1422e+03, 2.1134e+03      
# span 15 =    31.3165,    35.0584      
# span 16 =    31.3271,    35.0847      
# span 17 =    -0.4203,     0.1530      
# span 18 =    22.6103,    27.4836      
# span 19 =    22.6187,    27.4868      
# span 20 =      1.486,    149.539      
# span 21 =      1.494,    149.862      
# span 22 =      0.136,      0.630      
# span 23 =    1480.29,    1511.47      
# span 24 =    1480.30,    1511.30      
# span 25 = 0.0000e+00, 0.0000e+00      
# interval = decibars: 0.5              
# start_time = Aug 21 2018 09:26:32 [NMEA time, first data scan]
# bad_flag = -9.990e-29
*END*
[from data line 56]
       2493     29.500    15.5905    16.7047     1.1141    4.13955    4.22317          1     5.8668     5.9052       9.97     0.1375  4.497e-02  8.297e-01  1.845e+03    33.1019    32.9138    -0.1881    24.3795    23.9824     29.223     29.368      0.338    1506.81    1510.04  0.000e+00
       2529     30.000    15.1521    16.2541     1.1026    4.12103    4.19436          1     5.9220     6.0337       9.97     0.1347  4.292e-02  8.149e-01  1.899e+03    33.3063    33.0334    -0.2729    24.6333    24.1777     29.718     29.865      0.311    1505.68    1508.80  0.000e+00
       2571     30.500    14.8881    16.0104     1.1219    4.11677    4.17585          1     6.0028     6.1192       9.97     0.1377  4.076e-02  7.775e-01  1.907e+03    33.4929    33.0726    -0.4203    24.8345    24.2631     30.214     30.362      0.279    1505.07    1508.10  0.000e+00
       2611     31.000    14.7631    15.5988     0.8360    4.11531    4.15738          1     6.0571     6.1346       9.97     0.1271  3.817e-02  7.256e-01  1.901e+03    33.5872    33.2535    -0.3337    24.9340    24.4944     30.709     30.859      0.340    1504.79    1507.04  0.000e+00
       2644     31.500    14.5601    15.4891     0.9286    4.10155    4.15008          1     6.1419     6.1760       9.97     0.1220  3.644e-02  6.930e-01  1.902e+03    33.6369    33.2807    -0.3562    25.0158    24.5396     31.204     31.356      0.369    1504.20    1506.74  0.000e+00
       2682     32.000    14.4395    15.1821     0.7426    4.09267    4.13924          1     6.1991     6.2123       9.97     0.1253  3.376e-02  6.456e-01  1.912e+03    33.6600    33.4441    -0.2159    25.0593    24.7329     31.699     31.852      0.260    1503.85    1505.97  0.000e+00
       2734     32.500    14.3934    14.8533     0.4600    4.08913    4.12337          1     6.2890     6.2122       9.97     0.1157  3.175e-02  6.112e-01  1.925e+03    33.6674    33.5821    -0.0852    25.0748    24.9107     32.195     32.349      0.270    1503.72    1505.10  0.000e+00
       2768     33.000    14.2761    14.6598     0.3837    4.08610    4.11271          1     6.3117     6.1527       9.97     0.1167  3.045e-02  5.861e-01  1.925e+03    33.7415    33.6519    -0.0895    25.1568    25.0062     32.690     32.846      0.390    1503.44    1504.57  0.000e+00
       2801     33.500    14.2262    14.5602     0.3340    4.09401    4.10595          1     6.3483     6.1081       9.97     0.1121  2.838e-02  5.453e-01  1.922e+03    33.8581    33.6763    -0.1817    25.2573    25.0463     33.185     33.343      0.323    1503.42    1504.28  0.000e+00
       2845     34.000    14.0988    14.4983     0.3995    4.08527    4.10450          1     6.3876     6.1230       9.97     0.1062  2.664e-02  5.123e-01  1.923e+03    33.8890    33.7166    -0.1724    25.3080    25.0905     33.680     33.839      0.262    1503.05    1504.14  0.000e+00
       2886     34.500    14.0649    14.3528     0.2878    4.08763    4.09882          1     6.3844     6.1237       9.97     0.1061  2.507e-02  4.887e-01  1.950e+03    33.9406    33.7911    -0.1495    25.3548    25.1789     34.176     34.336      0.326    1503.01    1503.77  0.000e+00
       2922     35.000    14.0104    14.2996     0.2894    4.08377    4.09775          1     6.3813     6.1459       9.97     0.1052  2.344e-02  4.661e-01  1.988e+03    33.9526    33.8277    -0.1249    25.3755    25.2183     34.671     34.833      0.331    1502.86    1503.65  0.000e+00
       2958     35.500    13.8603    14.2336     0.3731    4.07262    4.09663          1     6.3732     6.1715       9.97     0.0992  2.218e-02  4.486e-01  2.023e+03    33.9815    33.8750    -0.1065    25.4290    25.2688     35.166     35.329      0.331    1502.41    1503.50  0.000e+00
       2994     36.000    13.7430    14.1281     0.3851    4.06393    4.09237          1     6.3548     6.2214       9.97     0.0972  2.131e-02  4.347e-01  2.040e+03    34.0042    33.9281    -0.0761    25.4709    25.3320     35.661     35.826      0.324    1502.06    1503.23  0.000e+00
       3036     36.500    13.6259    13.9812     0.3554    4.05963    4.08441          1     6.3671     6.2870       9.97     0.1104  1.990e-02  4.072e-01  2.047e+03    34.0679    33.9837    -0.0842    25.5442    25.4057     36.157     36.323      0.266    1501.76    1502.82  0.000e+00
       3079     37.000    13.3439    13.8758     0.5321    4.04427    4.07844          1     6.3866     6.3784       9.97     0.1021  1.830e-02  3.758e-01  2.053e+03    34.1757    34.0214    -0.1543    25.6850    25.4567     36.652     36.819      0.316    1500.97    1502.53  0.000e+00
       3113     37.500    12.9449    13.6680     0.7229    4.01560    4.06865          1     6.4035     6.5245       9.97     0.0947  1.729e-02  3.561e-01  2.059e+03    34.2636    34.1145    -0.1491    25.8333    25.5716     37.147     37.316      0.360    1499.75    1501.97  0.000e+00
       3150     38.000    12.8395    13.4889     0.6493    4.01482    4.05845          1     6.4392     6.4357       9.97     0.0954  1.599e-02  3.296e-01  2.060e+03    34.3516    34.1787    -0.1729    25.9225    25.6579     37.642     37.812      0.294    1499.52    1501.47  0.000e+00
       3193     38.500    12.7230    13.2768     0.5536    4.01548    4.04514          1     6.5181     6.2308       9.97     0.0907  1.457e-02  2.993e-01  2.055e+03    34.4639    34.2435    -0.2204    26.0326    25.7512     38.138     38.309      0.290    1499.27    1500.85  0.000e+00
       3231     39.000    12.5603    13.0781     0.5184    4.00642    4.03668          1     6.5290     6.1836       9.97     0.0785  1.346e-02  2.773e-01  2.060e+03    34.5258    34.3427    -0.1832    26.1126    25.8680     38.633     38.805      0.316    1498.80    1500.32  0.000e+00
       3271     39.500    12.5110    12.9426     0.4314    4.00321    4.03092          1     6.5065     6.1790       9.97     0.0774  1.239e-02  2.562e-01  2.069e+03    34.5400    34.4108    -0.1292    26.1332    25.9478     39.128     39.301      0.298    1498.66    1499.96  0.000e+00
       3309     40.000    12.4056    12.7424     0.3368    3.99246    4.02180          1     6.4741     6.0914       9.97     0.0730  1.151e-02  2.393e-01  2.078e+03    34.5331    34.5060    -0.0271    26.1484    26.0614     39.623     39.797      0.330    1498.31    1499.41  0.000e+00
       3347     40.500    12.1929    12.6655     0.4726    3.96968    4.01548          1     6.4312     5.9819       9.97     0.0689  1.060e-02  2.206e-01  2.080e+03    34.5086    34.5157     0.0071    26.1705    26.0840     40.119     40.294      0.293    1497.56    1499.17  0.000e+00
       3390     41.000    12.0870    12.5206     0.4335    3.95854    4.00522          1     6.3816     5.9816       9.97     0.0715  9.701e-03  2.017e-01  2.079e+03    34.4980    34.5500     0.0520    26.1826    26.1391     40.614     40.790      0.282    1497.20    1498.73  0.000e+00
       3430     41.500    12.0823    12.3703     0.2881    3.95919    3.99074          1     6.3030     6.0595       9.97     0.0666  8.855e-03  1.843e-01  2.081e+03    34.5084    34.5485     0.0400    26.1916    26.1672     41.109     41.286      0.323    1497.20    1498.23  0.000e+00
       3466     42.000    12.1375    12.2770     0.1395    3.96826    3.98169          1     6.2576     6.0579       9.97     0.0624  7.967e-03  1.665e-01  2.090e+03    34.5453    34.5467     0.0014    26.2096    26.1839     41.604     41.783      0.322    1497.44    1497.92  0.000e+00
       3507     42.500    11.9185    12.2072     0.2888    3.94645    3.97602          1     6.2237     5.8845       9.97     0.0620  7.235e-03  1.522e-01  2.104e+03    34.5354    34.5560     0.0206    26.2437    26.2046     42.100     42.279      0.282    1496.69    1497.70  0.000e+00
       3547     43.000    11.5690    12.1074     0.5382    3.90922    3.96849          1     6.1753     5.7258       9.97     0.0655  6.604e-03  1.391e-01  2.106e+03    34.4954    34.5750     0.0796    26.2782    26.2385     42.595     42.775      0.323    1495.45    1497.39  0.000e+00
       3585     43.500    11.3571    11.9610     0.6039    3.88814    3.95443          1     6.1411     5.6818       9.97     0.0582  5.798e-03  1.216e-01  2.096e+03    34.4849    34.5735     0.0886    26.3093    26.2652     43.090     43.271      0.302    1494.71    1496.90  0.000e+00
       3626     44.000    11.3057    11.8108     0.5053    3.88478    3.93933          1     6.0826     5.7075       9.97     0.0596  4.986e-03  1.037e-01  2.080e+03    34.4995    34.5653     0.0658    26.3301    26.2873     43.585     43.767      0.302    1494.56    1496.38  0.000e+00
       3662     44.500    11.2900    11.6336     0.3432    3.88595    3.92277          1     5.9985     5.7397       9.97     0.0551  4.319e-03  8.897e-02  2.060e+03    34.5256    34.5677     0.0421    26.3533    26.3224     44.081     44.264      0.353    1494.55    1495.79  0.000e+00
       3696     45.000    11.3581    11.5116     0.1537    3.89859    3.90988          1     5.9244     5.8368       9.97     0.0521  3.683e-03  7.506e-02  2.038e+03    34.5867    34.5546    -0.0321    26.3883    26.3350     44.576     44.760      0.342    1494.86    1495.36  0.000e+00
       3736     45.500    11.5428    11.4409    -0.1019    3.92517    3.90394          1     5.8766     6.1122       9.97     0.0503  2.787e-03  5.619e-02  2.015e+03    34.6757    34.5619    -0.1139    26.4233    26.3537     45.071     45.256      0.253    1495.62    1495.13  0.000e+00
       3786     46.000    11.7947    11.4649    -0.3295    3.95958    3.90838          1     5.8861     6.3184       9.97     0.0495  2.001e-03  4.018e-02  2.008e+03    34.7780    34.5830    -0.1950    26.4557    26.3657     45.566     45.752      0.289    1496.62    1495.25  0.000e+00
       3820     46.500    11.7766    11.5784    -0.1985    3.95747    3.92449          1     5.9728     6.2086       9.97     0.0498  1.533e-03  3.090e-02  2.016e+03    34.7739    34.6353    -0.1386    26.4559    26.3853     46.062     46.248      0.390    1496.56    1495.71  0.000e+00
       3853     47.000    11.6268    11.6850     0.0582    3.94032    3.94193          1     6.0736     6.0642       9.97     0.0546  1.052e-03  2.129e-02  2.024e+03    34.7457    34.7069    -0.0388    26.4621    26.4210     46.557     46.744      0.319    1496.02    1496.17  0.000e+00
       3897     47.500    11.3770    11.6447     0.2677    3.91253    3.94312          1     6.1939     5.9863       9.97     0.0576  6.016e-04  1.224e-02  2.036e+03    34.7058    34.7562     0.0504    26.4775    26.4669     47.052     47.241      0.266    1495.11    1496.10  0.000e+00
       3938     48.000    11.1463    11.5583     0.4123    3.88576    3.93463          1     6.2169     5.7325       9.97     0.0545  1.540e-04  3.154e-03  2.050e+03    34.6570    34.7535     0.0965    26.4818    26.4810     47.547     47.737      0.306    1494.26    1495.81  0.000e+00
       3977     48.500    10.4670    11.4115     0.9443    3.81550    3.92016          1     6.2032     5.4701       9.97     0.0576  3.460e-07  7.086e-06  2.054e+03    34.5954    34.7484     0.1530    26.5551    26.5043     48.042     48.233      0.318    1491.80    1495.30  0.000e+00
       4014     49.000    10.2404    11.0869     0.8462    3.79879    3.89003          1     6.0882     5.5370       9.97     0.0537  4.763e-14  9.793e-13  2.056e+03    34.6420    34.7554     0.1134    26.6311    26.5691     48.538     48.729      0.332    1491.06    1494.19  0.000e+00
       4050     49.500    10.3152    10.6669     0.3513    3.81272    3.84871          1     5.8881     5.6994       9.97     0.0505  4.850e-14  1.000e-12  2.062e+03    34.7118    34.7399     0.0281    26.6726    26.6326     49.033     49.225      0.319    1491.42    1492.70  0.000e+00
       4092     50.000    10.2497    10.5516     0.3021    3.80940    3.83481          1     5.7801     5.8060       9.97     0.0513  4.828e-14  1.000e-12  2.071e+03    34.7405    34.7095    -0.0310    26.7063    26.6294     49.528     49.721      0.253    1491.23    1492.27  0.000e+00
       4142     50.500    10.1556    10.5101     0.3545    3.80201    3.83390          1     5.7950     5.8151       9.97     0.0515  4.815e-14  1.000e-12  2.077e+03    34.7554    34.7396    -0.0158    26.7343    26.6601     50.023     50.217      0.270    1490.92    1492.16  0.000e+00
       4178     51.000    10.0598    10.2961     0.2363    3.79422    3.82091          1     5.8088     5.7817       9.97     0.0450  4.813e-14  1.000e-12  2.078e+03    34.7677    34.8125     0.0448    26.7603    26.7545     50.519     50.713      0.385    1490.60    1491.50  0.000e+00
       4209     51.500     9.9984    10.1257     0.1275    3.78857    3.80540          1     5.8209     5.7569       9.97     0.0483  4.809e-14  1.000e-12  2.079e+03    34.7688    34.8181     0.0494    26.7717    26.7884     51.014     51.209      0.357    1490.39    1490.91  0.000e+00
       4250     52.000     9.9441    10.0684     0.1243    3.78339    3.79888          1     5.8332     5.7316       9.97     0.0458  4.791e-14  1.000e-12  2.087e+03    34.7679    34.8066     0.0387    26.7803    26.7893     51.509     51.705      0.260    1490.20    1490.70  0.000e+00
       4294     52.500     9.8879     9.9814     0.0935    3.77786    3.79121          1     5.8221     5.6946       9.97     0.0492  4.749e-14  1.000e-12  2.106e+03    34.7652    34.8117     0.0465    26.7877    26.8081     52.004     52.201      0.301    1490.01    1490.40  0.000e+00
       4331     53.000     9.8081     9.9059     0.0978    3.77044    3.78403          1     5.7721     5.6792       9.97     0.0475  4.732e-14  1.000e-12  2.113e+03    34.7658    34.8108     0.0450    26.8017    26.8203     52.499     52.697      0.333    1489.73    1490.14  0.000e+00
       4368     53.500     9.7663     9.8325     0.0662    3.76683    3.77686          1     5.7341     5.6554       9.97     0.0465  4.752e-14  1.000e-12  2.105e+03    34.7689    34.8079     0.0390    26.8111    26.8304     52.995     53.193      0.315    1489.59    1489.88  0.000e+00
       4410     54.000     9.7307     9.7874     0.0567    3.76341    3.77222          1     5.7199     5.6512       9.97     0.0469  4.769e-14  1.000e-12  2.097e+03    34.7677    34.8036     0.0358    26.8162    26.8347     53.490     53.689      0.261    1489.47    1489.72  0.000e+00
       4457     54.500     9.6827     9.7430     0.0603    3.75896    3.76775          1     5.7129     5.6403       9.97     0.0479  4.811e-14  1.000e-12  2.078e+03    34.7683    34.8003     0.0320    26.8247    26.8396     53.985     54.185      0.283    1489.30    1489.56  0.000e+00
       4495     55.000     9.6449     9.6926     0.0477    3.75553    3.76306          1     5.6948     5.6229       9.97     0.0468  4.888e-14  1.000e-12  2.046e+03    34.7692    34.8006     0.0315    26.8317    26.8484     54.480     54.681      0.319    1489.17    1489.39  0.000e+00
       4534     55.500     9.6066     9.6516     0.0451    3.75209    3.75907          1     5.6747     5.6082       9.97     0.0464  4.960e-14  1.000e-12  2.016e+03    34.7705    34.7989     0.0284    26.8392    26.8539     54.976     55.177      0.291    1489.05    1489.24  0.000e+00
       4577     56.000     9.5775     9.6128     0.0353    3.74960    3.75546          1     5.6458     5.6174       9.97     0.0475  5.007e-14  1.000e-12  1.997e+03    34.7727    34.7990     0.0263    26.8457    26.8605     55.471     55.673      0.285    1488.95    1489.11  0.000e+00
       4617     56.500     9.5656     9.5906     0.0250    3.74858    3.75307          1     5.6407     5.6199       9.97     0.0492  5.059e-14  1.000e-12  1.976e+03    34.7735    34.7956     0.0222    26.8483    26.8615     55.966     56.169      0.317    1488.92    1489.03  0.000e+00
