ctdpy/exports/archive_20191121_122431/received_data/SBE09_1044_20180531_1100_34_07_0050.cnv
* Sea-Bird SBE 9 Data File:
* FileName = C:\ctd\temp\2018\AU18D050.hex
* Software Version Seasave V 7.26.6.26
* Temperature SN = 5351
* Conductivity SN = 3941
* Number of Bytes Per Scan = 41
* Number of Voltage Words = 4
* Number of Scans Averaged by the Deck Unit = 1
* NMEA Latitude = 58 56.19 N
* NMEA Longitude = 019 09.42 E
* NMEA UTC (Time) = May 31 2018  11:00:36
* NMEA baud rate = 4800
** Station:  Huvudskär Havsboj
** Operator:  MHan
** Ship: AURA
** Average sound velocity: 1439.33 m/s
** True-depth calculation Thu, 31 May 2018 12:14:17 +0000
** CTD Python Module SMHI /ver 3-12/ feb 2012 
** LIMS Job: 20183407-0050
** Cruise: SMHI-02-2018
** Latitude [GG MM.mm N] :
** Longitude [GG MM.mm E]:
# nquan = 26
# nvalues = 178                         
# units = specified
# name 0 = scan: Scan Count
# name 1 = prDM: Pressure, Digiquartz [db]
# name 2 = t090C: Temperature [ITS-90, deg C]
# name 3 = t190C: Temperature, 2 [ITS-90, deg C]
# name 4 = T2-T190C: Temperature Difference, 2 - 1 [ITS-90, deg C]
# name 5 = c0S/m: Conductivity [S/m]
# name 6 = c1S/m: Conductivity, 2 [S/m]
# name 7 = pumps: Pump Status
# name 8 = sbeox0ML/L: Oxygen, SBE 43 [ml/l]
# name 9 = sbeox1ML/L: Oxygen, SBE 43, 2 [ml/l]
# name 10 = altM: Altimeter [m]
# name 11 = flECO-AFL: Chl-a Fluorescence, WET Labs ECO-AFL/FL [mg/m^3]
# name 12 = flECO-AFL1: Phycocyanin Fluorescence, WET Labs ECO-AFL/FL, 2 [mg/m^3]
# name 13 = par: PAR/Irradiance, Biospherical/Lico [µE/(cm^2*s)]
# name 14 = turbWETntu0: Turbidity, WET Labs ECO [NTU]
# name 15 = sal00: Salinity, Practical [PSU]
# name 16 = sal11: Salinity, Practical, 2 [PSU]
# name 17 = secS-priS: Salinity, Practical, Difference, 2 - 1 [PSU]
# name 18 = sigma-t00: Density [sigma-t, Kg/m^3 ]
# name 19 = sigma-t11: Density, 2 [sigma-t, Kg/m^3 ]
# name 20 = depSM: Depth [salt water, m], lat = 58.9365
# name 21 = depFM: Depth [true depth, m], lat = 58.9365
# name 22 = dz/dtM: Descent Rate [m/s], WS = 2
# name 23 = svCM: Sound Velocity [Chen-Millero, m/s]
# name 24 = svCM1: Sound Velocity, 2 [Chen-Millero, m/s]
# name 25 = flag: flag
# span 0 =       6976,      11938       
# span 1 =      0.500,     89.000       
# span 2 =     2.5512,    11.1566       
# span 3 =     2.5515,    11.1226       
# span 4 =    -0.0361,     0.1657       
# span 5 =   0.703924,   1.188197       
# span 6 =   0.703582,   1.188117       
# span 7 =          1,          1       
# span 8 =    0.06943,    9.16800       
# span 9 =    0.05072,    9.27312       
# span 10 =       1.35,      91.31      
# span 11 =     0.2467,     3.6759      
# span 12 =     0.1353,     0.5459      
# span 13 = 1.0000e-12, 4.4439e+03      
# span 14 =     0.1250,     1.5213      
# span 15 =     6.0567,    10.9460      
# span 16 =     6.0586,    10.9451      
# span 17 =    -0.0183,     0.0048      
# span 18 =     4.3058,     8.5975      
# span 19 =     4.3114,     8.5967      
# span 20 =      0.495,     88.149      
# span 21 =      0.507,     90.099      
# span 22 =     -0.279,      0.579      
# span 23 =    1425.05,    1459.23      
# span 24 =    1425.05,    1459.10      
# span 25 = 0.0000e+00, 0.0000e+00      
# interval = decibars: 0.5              
# start_time = May 31 2018 11:00:36 [NMEA time, first data scan]
# bad_flag = -9.990e-29
*END*
       6976      0.500    10.7987    10.8698     0.0646    0.77925    0.78017          1     8.6372     8.7300      91.31     1.3502     0.4001  4.444e+03  0.3850000     6.0762     6.0721    -0.0040     4.3629     4.3515      0.495      0.507     -0.015    1457.87    1458.14  0.000e+00
       7224      1.000    11.0471    11.0295    -0.0181    0.78246    0.78236          1     8.8077     8.6693      90.92     1.3792     0.3588  4.374e+03  0.3929000     6.0621     6.0641     0.0021     4.3229     4.3266      0.991      1.014      0.233    1458.81    1458.75  0.000e+00
       7286      1.500    11.1566    11.1226    -0.0361    0.78398    0.78354          1     8.8680     8.7131      90.64     1.4013     0.3522  2.238e+03  0.4430000     6.0567     6.0586     0.0019     4.3058     4.3114      1.486      1.521      0.282    1459.23    1459.10  0.000e+00
       7354      2.000    10.7463    10.9122     0.1657    0.77810    0.78036          1     8.7396     8.6958      89.99     1.4269     0.3822  1.710e+03  0.4718000     6.0751     6.0667    -0.0084     4.3677     4.3421      1.981      2.028      0.357    1457.69    1458.32  0.000e+00
       7381      2.500    10.7431    10.7788     0.0356    0.77811    0.77861          1     8.7990     8.7364      89.68     1.4163     0.3742  1.528e+03  0.4489000     6.0757     6.0740    -0.0017     4.3686     4.3632      2.477      2.535      0.440    1457.69    1457.82  0.000e+00
       7438      3.000    10.8126    10.8430     0.0305    0.77917    0.77956          1     8.8225     8.7334      89.02     1.4290     0.3804  1.355e+03  0.4312000     6.0730     6.0713    -0.0017     4.3586     4.3538      2.972      3.042      0.339    1457.96    1458.08  0.000e+00
       7474      3.500    10.8612    10.9039     0.0406    0.77983    0.78034          1     8.7934     8.7183      88.67     1.4158     0.3677  1.106e+03  0.4156000     6.0705     6.0677    -0.0028     4.3510     4.3440      3.467      3.549      0.547    1458.15    1458.31  0.000e+00
       7514      4.000    10.9361    10.9153    -0.0198    0.78080    0.78048          1     8.7815     8.7064      88.15     1.5129     0.3408  8.746e+02  0.4313000     6.0662     6.0670     0.0008     4.3391     4.3421      3.963      4.057      0.308    1458.44    1458.36  0.000e+00
       7562      4.500    10.9241    10.9105    -0.0135    0.78081    0.78060          1     8.7673     8.6956      87.49     1.6580     0.3825  8.478e+02  0.3939000     6.0682     6.0687     0.0005     4.3420     4.3440      4.458      4.564      0.407    1458.41    1458.35  0.000e+00
       7591      5.000    10.8041    10.8039    -0.0002    0.77924    0.77922          1     8.8402     8.7715      87.12     1.6761     0.3609  6.257e+02  0.4535000     6.0748     6.0747    -0.0001     4.3609     4.3609      4.953      5.071      0.324    1457.96    1457.96  0.000e+00
       7638      5.500    10.8297    10.8268    -0.0030    0.77950    0.77941          1     8.8447     8.7652      86.52     1.6661     0.3845  5.465e+02  0.4476000     6.0727     6.0724    -0.0003     4.3564     4.3565      5.449      5.578      0.262    1458.07    1458.06  0.000e+00
       7676      6.000    10.5508    10.5671     0.0161    0.77601    0.77615          1     8.8289     8.8265      86.02     1.7642     0.3972  4.528e+02  0.4140000     6.0896     6.0880    -0.0016     4.4009     4.3980      5.944      6.085      0.335    1457.02    1457.09  0.000e+00
       7712      6.500    10.0643    10.2235     0.1590    0.77199    0.77301          1     8.8099     8.8435      85.51     2.0122     0.3691  3.999e+02  0.4145000     6.1369     6.1188    -0.0181     4.4903     4.4593      6.439      6.592      0.341    1455.21    1455.80  0.000e+00
       7746      7.000     9.5967     9.7376     0.1415    0.76946    0.77013          1     8.9503     8.9961      85.07     2.3032     0.4235  3.204e+02  0.4429000     6.1948     6.1766    -0.0183     4.5829     4.5544      6.934      7.099      0.338    1453.45    1453.98  0.000e+00
       7784      7.500     9.4625     9.4672     0.0045    0.76913    0.76853          1     9.1680     9.1810      84.51     2.6323     0.4336  2.764e+02  0.4867000     6.2150     6.2090    -0.0060     4.6120     4.6069      7.430      7.606      0.322    1452.95    1452.97  0.000e+00
       7818      8.000     9.2426     9.2955     0.0527    0.77329    0.77401          1     9.1309     9.1465      84.01     2.8406     0.4754  2.627e+02  0.4344000     6.2893     6.2864    -0.0029     4.6912     4.6839      7.925      8.113      0.407    1452.18    1452.39  0.000e+00
       7846      8.500     8.7940     8.8306     0.0369    0.77004    0.77018          1     9.1352     9.2731      83.57     3.2183     0.4900  2.036e+02  0.4100000     6.3397     6.3344    -0.0053     4.7701     4.7627      8.420      8.619      0.399    1450.44    1450.59  0.000e+00
       7879      9.000     7.7839     7.8001     0.0159    0.74339    0.74376          1     9.1123     9.2629      83.03     3.6146     0.5459  1.692e+02  0.4040000     6.2822     6.2827     0.0005     4.8097     4.8089      8.916      9.126      0.362    1446.28    1446.35  0.000e+00
       7910      9.500     7.2769     7.3361     0.0593    0.72947    0.73111          1     8.9701     9.0452      82.48     3.6759     0.5077  1.664e+02  0.3723000     6.2463     6.2506     0.0044     4.8175     4.8169      9.411      9.633      0.422    1444.14    1444.39  0.000e+00
       7937     10.000     6.6119     6.6302     0.0182    0.71217    0.71252          1     8.9850     9.0167      82.03     3.1566     0.4801  1.399e+02  0.3384000     6.2062     6.2061    -0.0001     4.8287     4.8275      9.906     10.140      0.434    1441.30    1441.38  0.000e+00
       7966     10.500     6.3633     6.3405    -0.0227    0.70626    0.70550          1     8.9472     8.8888      81.50     2.0678     0.3559  1.109e+02  0.2948000     6.1959     6.1929    -0.0030     4.8350     4.8339     10.402     10.647      0.373    1440.24    1440.14  0.000e+00
       8000     11.000     6.2438     6.2331    -0.0106    0.70392    0.70358          1     8.9467     8.8044      80.92     1.6788     0.3460  9.840e+01  0.2809000     6.1956     6.1943    -0.0013     4.8412     4.8408     10.897     11.154      0.374    1439.74    1439.69  0.000e+00
       8029     11.500     6.1732     6.1735     0.0003    0.70576    0.70568          1     8.9681     8.7788      80.41     1.3461     0.3009  9.402e+01  0.2674000     6.2258     6.2249    -0.0009     4.8688     4.8681     11.392     11.660      0.458    1439.48    1439.48  0.000e+00
       8054     12.000     6.2504     6.2520     0.0016    0.71001    0.70997          1     8.9413     8.7566      79.98     1.0305     0.2917  7.149e+01  0.2536000     6.2517     6.2511    -0.0006     4.8851     4.8846     11.888     12.167      0.456    1439.85    1439.86  0.000e+00
       8084     12.500     6.1700     6.1744     0.0044    0.70904    0.70905          1     8.8393     8.6969      79.42     0.9203     0.2799  6.271e+01  0.2423000     6.2573     6.2565    -0.0008     4.8939     4.8930     12.383     12.674      0.360    1439.52    1439.54  0.000e+00
       8119     13.000     5.9867     5.9928     0.0061    0.70526    0.70530          1     8.8275     8.6981      78.84     0.8571     0.2541  5.588e+01  0.2268000     6.2552     6.2544    -0.0007     4.9016     4.9007     12.878     13.181      0.377    1438.74    1438.77  0.000e+00
       8147     13.500     5.9306     5.9265    -0.0041    0.70521    0.70504          1     8.8395     8.6909      78.40     0.8457     0.2510  5.329e+01  0.2363000     6.2650     6.2641    -0.0008     4.9121     4.9117     13.373     13.688      0.481    1438.52    1438.50  0.000e+00
       8171     14.000     6.0053     6.0071     0.0017    0.70873    0.70869          1     8.8334     8.6804      77.93     0.8495     0.2734  4.308e+01  0.2422000     6.2846     6.2839    -0.0007     4.9239     4.9233     13.869     14.194      0.490    1438.87    1438.88  0.000e+00
       8197     14.500     6.0878     6.0865    -0.0013    0.71398    0.71389          1     8.8443     8.6884      77.39     0.9020     0.2797  3.754e+01  0.2367000     6.3191     6.3185    -0.0006     4.9469     4.9465     14.364     14.701      0.403    1439.28    1439.27  0.000e+00
       8231     15.000     6.1921     6.1894    -0.0026    0.71877    0.71858          1     8.7641     8.6272      76.80     0.9026     0.2663  3.626e+01  0.2348000     6.3450     6.3438    -0.0013     4.9619     4.9610     14.859     15.208      0.366    1439.77    1439.76  0.000e+00
       8261     15.500     6.2570     6.2604     0.0033    0.72289    0.72290          1     8.7686     8.6328      76.31     0.8895     0.2618  3.175e+01  0.2308000     6.3719     6.3713    -0.0006     4.9796     4.9789     15.355     15.715      0.438    1440.09    1440.10  0.000e+00
       8287     16.000     6.2826     6.2733    -0.0093    0.72648    0.72607          1     8.8147     8.6612      75.88     0.8557     0.2482  2.706e+01  0.2269000     6.4009     6.3987    -0.0021     5.0010     4.9998     15.850     16.221      0.464    1440.24    1440.20  0.000e+00
       8313     16.500     6.6611     6.6556    -0.0053    0.74126    0.74106          1     8.7805     8.6407      75.36     0.8177     0.2510  2.416e+01  0.2316000     6.4686     6.4678    -0.0008     5.0325     5.0322     16.345     16.728      0.434    1441.95    1441.92  0.000e+00
       8342     17.000     6.8707     6.8667    -0.0040    0.74955    0.74929          1     8.8003     8.6516      74.52     0.8475     0.2848  2.303e+01  0.2318000     6.5065     6.5047    -0.0017     5.0493     5.0482     16.840     17.235      0.412    1442.88    1442.87  0.000e+00
       8371     17.500     7.1146     7.1220     0.0075    0.75864    0.75908          1     8.7793     8.6684      73.54     1.0925     0.2655  2.041e+01  0.2463000     6.5446     6.5473     0.0026     5.0634     5.0649     17.336     17.741      0.432    1443.96    1444.00  0.000e+00
       8397     18.000     7.4405     7.4507     0.0101    0.77070    0.77103          1     8.9257     8.8141      73.16     1.4702     0.2977  1.789e+01  0.2422000     6.5941     6.5951     0.0010     5.0798     5.0798     17.831     18.248      0.467    1445.39    1445.44  0.000e+00
       8423     18.500     7.6614     7.6853     0.0239    0.77865    0.77968          1     8.9424     8.8050      72.94     1.7645     0.3567  1.588e+01  0.2534000     6.6248     6.6296     0.0048     5.0875     5.0895     18.326     18.755      0.467    1446.35    1446.46  0.000e+00
       8449     19.000     8.0959     8.0813    -0.0145    0.79491    0.79434          1     8.8121     8.6866      72.56     1.8380     0.3661  1.504e+01  0.2612000     6.6900     6.6876    -0.0024     5.1050     5.1042     18.822     19.262      0.447    1448.23    1448.17  0.000e+00
       8476     19.500     7.9525     7.9562     0.0036    0.79056    0.79051          1     8.9040     8.8124      72.08     1.9285     0.3415  1.344e+01  0.2611000     6.6778     6.6768    -0.0011     5.1069     5.1058     19.317     19.768      0.468    1447.63    1447.65  0.000e+00
       8500     20.000     8.0207     8.0165    -0.0043    0.79445    0.79426          1     9.0521     8.9639      71.62     1.6295     0.3370  1.196e+01  0.2602000     6.7001     6.6991    -0.0009     5.1189     5.1185     19.812     20.275      0.504    1447.95    1447.93  0.000e+00
       8524     20.500     8.1488     8.1440    -0.0049    0.80097    0.80075          1     8.8739     8.7952      71.14     1.4917     0.3240  1.065e+01  0.2604000     6.7346     6.7334    -0.0011     5.1356     5.1351     20.307     20.782      0.478    1448.52    1448.50  0.000e+00
       8550     21.000     7.9803     8.0020     0.0216    0.79829    0.79867          1     8.8564     8.7930      70.56     1.1597     0.3187  9.888e+00  0.2544000     6.7425     6.7418    -0.0007     5.1551     5.1528     20.803     21.288      0.449    1447.85    1447.94  0.000e+00
       8577     21.500     7.5876     7.5877     0.0002    0.78818    0.78804          1     8.8576     8.7878      70.03     0.9825     0.3229  8.967e+00  0.2477000     6.7259     6.7246    -0.0013     5.1725     5.1715     21.298     21.795      0.463    1446.22    1446.22  0.000e+00
       8602     22.000     7.5886     7.5998     0.0112    0.79194    0.79207          1     8.7733     8.7092      69.53     0.8431     0.2918  7.897e+00  0.2465000     6.7601     6.7592    -0.0010     5.1992     5.1976     21.793     22.302      0.501    1446.28    1446.32  0.000e+00
       8625     22.500     7.3218     7.3348     0.0129    0.78487    0.78500          1     8.7626     8.7161      69.05     0.7425     0.2702  7.034e+00  0.2247000     6.7468     6.7455    -0.0013     5.2080     5.2061     22.289     22.808      0.505    1445.16    1445.21  0.000e+00
       8650     23.000     7.2411     7.2432     0.0020    0.78330    0.78325          1     8.7512     8.7050      68.53     0.6827     0.2985  6.437e+00  0.2287000     6.7481     6.7472    -0.0009     5.2147     5.2138     22.784     23.315      0.464    1444.84    1444.84  0.000e+00
       8677     23.500     7.2885     7.2895     0.0010    0.78661    0.78664          1     8.7449     8.6815      67.97     0.5976     0.2668  6.002e+00  0.2013000     6.7694     6.7694     0.0000     5.2281     5.2280     23.279     23.821      0.449    1445.07    1445.07  0.000e+00
       8703     24.000     7.3133     7.3137     0.0003    0.78786    0.78782          1     8.7457     8.6800      67.49     0.6022     0.2234  5.284e+00  0.1869000     6.7760     6.7756    -0.0004     5.2316     5.2312     23.774     24.328      0.482    1445.19    1445.19  0.000e+00
       8727     24.500     7.3311     7.3325     0.0013    0.78877    0.78873          1     8.7439     8.6728      66.97     0.5561     0.2903  4.728e+00  0.1976000     6.7808     6.7802    -0.0006     5.2341     5.2335     24.270     24.835      0.501    1445.27    1445.28  0.000e+00
       8751     25.000     7.3089     7.3118     0.0029    0.78833    0.78833          1     8.7516     8.6586      66.45     0.5439     0.3054  4.350e+00  0.1989000     6.7811     6.7806    -0.0005     5.2358     5.2352     24.765     25.341      0.480    1445.19    1445.20  0.000e+00
       8777     25.500     7.2947     7.2960     0.0013    0.78810    0.78808          1     8.7646     8.6657      65.92     0.5416     0.2376  4.006e+00  0.1883000     6.7817     6.7812    -0.0004     5.2373     5.2368     25.260     25.848      0.446    1445.14    1445.15  0.000e+00
       8805     26.000     7.3227     7.3222    -0.0004    0.78926    0.78918          1     8.7683     8.6704      65.42     0.5529     0.1796  3.644e+00  0.1916000     6.7868     6.7863    -0.0006     5.2394     5.2390     25.755     26.355      0.460    1445.27    1445.27  0.000e+00
       8829     26.500     7.3585     7.3583    -0.0003    0.79059    0.79053          1     8.7627     8.6667      64.99     0.5072     0.2640  3.244e+00  0.1932000     6.7921     6.7916    -0.0005     5.2409     5.2406     26.251     26.861      0.523    1445.44    1445.43  0.000e+00
       8851     27.000     7.3559     7.3574     0.0015    0.79061    0.79060          1     8.7525     8.6670      64.46     0.5062     0.3022  2.969e+00  0.1779000     6.7927     6.7923    -0.0003     5.2416     5.2412     26.746     27.368      0.531    1445.43    1445.44  0.000e+00
       8875     27.500     7.3300     7.3331     0.0031    0.78992    0.78995          1     8.7587     8.6678      63.97     0.5055     0.2788  2.770e+00  0.1834000     6.7914     6.7910    -0.0004     5.2425     5.2419     27.241     27.874      0.458    1445.33    1445.34  0.000e+00
