ctdpy/exports/archive_20191121_122431/received_data/SBE09_1044_20180416_0317_34_07_0004.cnv
* Sea-Bird SBE 9 Data File:
* FileName = C:\ctd\temp\2018\AU18D004.hex
* Software Version Seasave V 7.26.6.26
* Temperature SN = 5351
* Conductivity SN = 3941
* Number of Bytes Per Scan = 41
* Number of Voltage Words = 4
* Number of Scans Averaged by the Deck Unit = 1
* NMEA Latitude = 58 18.93 N
* NMEA Longitude = 010 56.55 E
* NMEA UTC (Time) = Apr 16 2018  03:17:13
* NMEA baud rate = 4800
** Station:  A14
** Operator:  SSip
** Ship: AURA
** Average sound velocity: 1475.09 m/s
** True-depth calculation Mon, 16 Apr 2018 05:21:23 +0000
** CTD Python Module SMHI /ver 3-12/ feb 2012 
** LIMS Job: 20183407-0004
** Cruise: SMHI-01-2018
** Latitude [GG MM.mm N] :
** Longitude [GG MM.mm E]:
# nquan = 26
# nvalues = 213                         
# units = specified
# name 0 = scan: Scan Count
# name 1 = prDM: Pressure, Digiquartz [db]
# name 2 = t090C: Temperature [ITS-90, deg C]
# name 3 = t190C: Temperature, 2 [ITS-90, deg C]
# name 4 = T2-T190C: Temperature Difference, 2 - 1 [ITS-90, deg C]
# name 5 = c0S/m: Conductivity [S/m]
# name 6 = c1S/m: Conductivity, 2 [S/m]
# name 7 = pumps: Pump Status
# name 8 = sbeox0ML/L: Oxygen, SBE 43 [ml/l]
# name 9 = sbeox1ML/L: Oxygen, SBE 43, 2 [ml/l]
# name 10 = altM: Altimeter [m]
# name 11 = flECO-AFL: Chl-a Fluorescence, WET Labs ECO-AFL/FL [mg/m^3]
# name 12 = flECO-AFL1: Phycocyanin Fluorescence, WET Labs ECO-AFL/FL, 2 [mg/m^3]
# name 13 = par: PAR/Irradiance, Biospherical/Lico [µE/(cm^2*s)]
# name 14 = turbWETntu0: Turbidity, WET Labs ECO [NTU]
# name 15 = sal00: Salinity, Practical [PSU]
# name 16 = sal11: Salinity, Practical, 2 [PSU]
# name 17 = secS-priS: Salinity, Practical, Difference, 2 - 1 [PSU]
# name 18 = sigma-t00: Density [sigma-t, Kg/m^3 ]
# name 19 = sigma-t11: Density, 2 [sigma-t, Kg/m^3 ]
# name 20 = depSM: Depth [salt water, m], lat = 58.3155
# name 21 = depFM: Depth [true depth, m], lat = 58.3155
# name 22 = dz/dtM: Descent Rate [m/s], WS = 2
# name 23 = svCM: Sound Velocity [Chen-Millero, m/s]
# name 24 = svCM1: Sound Velocity, 2 [Chen-Millero, m/s]
# name 25 = flag: flag
# span 0 =       6821,      12116       
# span 1 =      1.000,    107.000       
# span 2 =     2.6452,     7.3349       
# span 3 =     2.6397,     7.3353       
# span 4 =    -0.0267,     0.0214       
# span 5 =   2.328066,   3.546244       
# span 6 =   2.327631,   3.546297       
# span 7 =          1,          1       
# span 8 =    5.65693,    8.33273       
# span 9 =    5.57818,    8.27745       
# span 10 =       4.72,      98.99      
# span 11 =     0.0375,     0.6876      
# span 12 =     0.1676,     0.3143      
# span 13 = -9.555e-05, 1.2008e-03      
# span 14 =     0.1579,     2.2544      
# span 15 =    24.2927,    34.9686      
# span 16 =    24.2815,    34.9679      
# span 17 =    -0.0304,     0.0357      
# span 18 =    19.2907,    27.3768      
# span 19 =    19.2812,    27.3760      
# span 20 =      0.991,    105.978      
# span 21 =      0.999,    106.195      
# span 22 =      0.179,      0.572      
# span 23 =    1449.79,    1480.88      
# span 24 =    1449.82,    1480.88      
# span 25 = 0.0000e+00, 0.0000e+00      
# interval = decibars: 0.5              
# start_time = Apr 16 2018 03:17:13 [NMEA time, first data scan]
# bad_flag = -9.990e-29
*END*
[from data line 112]
       9585     57.000     7.2110     7.2124     0.0014    3.53311    3.53324          1     5.8637     5.7776      54.44     0.0614     0.2298  1.000e-12  0.3968000    34.8088    34.8088    -0.0000    27.2386    27.2384     56.463     56.623      0.486    1480.17    1480.17  0.000e+00
       9609     57.500     7.2181     7.2185     0.0005    3.53418    3.53423          1     5.8552     5.7740      53.97     0.0675     0.2443  1.000e-12  0.4069000    34.8131    34.8132     0.0001    27.2410    27.2410     56.958     57.119      0.525    1480.21    1480.21  0.000e+00
       9631     58.000     7.2209     7.2216     0.0007    3.53495    3.53503          1     5.8418     5.7596      53.50     0.0775     0.2300  1.000e-12  0.4134000    34.8184    34.8186     0.0002    27.2448    27.2448     57.453     57.614      0.528    1480.23    1480.24  0.000e+00
       9655     58.500     7.1958     7.1974     0.0015    3.53253    3.53265          1     5.8295     5.7453      52.97     0.0557     0.2236  1.000e-12  0.4249000    34.8170    34.8167    -0.0003    27.2472    27.2468     57.948     58.110      0.496    1480.14    1480.15  0.000e+00
       9680     59.000     7.1882     7.1885     0.0004    3.53193    3.53197          1     5.8129     5.7363      52.52     0.0875     0.2218  1.000e-12  0.4816000    34.8178    34.8179     0.0001    27.2489    27.2490     58.443     58.606      0.457    1480.13    1480.13  0.000e+00
       9707     59.500     7.1883     7.1889     0.0006    3.53216    3.53222          1     5.8046     5.7268      52.02     0.0673     0.1814  1.000e-12  0.4813000    34.8199    34.8200     0.0001    27.2506    27.2506     58.939     59.102      0.451    1480.14    1480.14  0.000e+00
       9733     60.000     7.1883     7.1889     0.0006    3.53227    3.53235          1     5.8024     5.7239      51.54     0.0780     0.2035  1.000e-12  0.4872000    34.8210    34.8212     0.0002    27.2514    27.2515     59.434     59.598      0.475    1480.14    1480.15  0.000e+00
       9757     60.500     7.1906     7.1910     0.0004    3.53277    3.53283          1     5.8034     5.7210      51.03     0.0665     0.2271  1.000e-12  0.5080000    34.8238    34.8241     0.0002    27.2533    27.2535     59.929     60.093      0.499    1480.16    1480.17  0.000e+00
       9781     61.000     7.1930     7.1931     0.0001    3.53311    3.53312          1     5.8073     5.7244      50.54     0.0905     0.2160  1.000e-12  0.5168000    34.8249    34.8250     0.0000    27.2538    27.2538     60.424     60.589      0.507    1480.18    1480.19  0.000e+00
       9805     61.500     7.2020     7.2016    -0.0004    3.53440    3.53438          1     5.8115     5.7197      50.03     0.1002     0.2237  1.000e-12  0.4997000    34.8297    34.8300     0.0003    27.2564    27.2566     60.919     61.085      0.502    1480.23    1480.23  0.000e+00
       9829     62.000     7.2219     7.2222     0.0004    3.53700    3.53709          1     5.7988     5.7112      49.51     0.0640     0.2628  1.000e-12  0.5028000    34.8379    34.8385     0.0006    27.2600    27.2604     61.415     61.581      0.491    1480.33    1480.33  0.000e+00
       9854     62.500     7.2220     7.2242     0.0022    3.53724    3.53746          1     5.7865     5.7104      49.04     0.0649     0.2727  1.000e-12  0.5314000    34.8401    34.8403     0.0002    27.2617    27.2615     61.910     62.076      0.468    1480.34    1480.35  0.000e+00
       9880     63.000     7.2133     7.2144     0.0011    3.53646    3.53658          1     5.7766     5.6975      48.48     0.0503     0.2244  1.000e-12  0.5445000    34.8401    34.8404     0.0002    27.2630    27.2630     62.405     62.572      0.451    1480.31    1480.32  0.000e+00
       9907     63.500     7.2166     7.2185     0.0019    3.53744    3.53757          1     5.7761     5.6904      47.94     0.0631     0.2136  1.000e-12  0.5593000    34.8473    34.8468    -0.0005    27.2681    27.2675     62.900     63.068      0.470    1480.34    1480.35  0.000e+00
       9931     64.000     7.2270     7.2265    -0.0004    3.53910    3.53908          1     5.7679     5.6878      47.55     0.0684     0.2274  1.000e-12  0.5950000    34.8548    34.8550     0.0003    27.2725    27.2728     63.395     63.564      0.503    1480.40    1480.40  0.000e+00
       9954     64.500     7.2471     7.2466    -0.0005    3.54173    3.54171          1     5.7579     5.6807      47.02     0.0588     0.2212  1.000e-12  0.6093000    34.8630    34.8633     0.0003    27.2762    27.2765     63.891     64.059      0.519    1480.50    1480.50  0.000e+00
       9978     65.000     7.2496     7.2507     0.0011    3.54239    3.54250          1     5.7594     5.6751      46.49     0.0498     0.2218  1.000e-12  0.6117000    34.8675    34.8676     0.0001    27.2794    27.2793     64.386     64.555      0.499    1480.52    1480.53  0.000e+00
      10003     65.500     7.2448     7.2452     0.0004    3.54218    3.54224          1     5.7655     5.6624      46.02     0.0541     0.2305  1.000e-12  0.6236000    34.8698    34.8700     0.0002    27.2818    27.2819     64.881     65.051      0.472    1480.51    1480.51  0.000e+00
      10029     66.000     7.2434     7.2440     0.0006    3.54224    3.54230          1     5.7526     5.6579      45.50     0.0447     0.1794  1.000e-12  0.6459000    34.8716    34.8717     0.0001    27.2835    27.2834     65.376     65.547      0.459    1480.52    1480.52  0.000e+00
      10055     66.500     7.2420     7.2426     0.0006    3.54223    3.54230          1     5.7422     5.6621      45.01     0.0566     0.2328  1.000e-12  0.6838000    34.8727    34.8728     0.0001    27.2845    27.2846     65.871     66.042      0.462    1480.52    1480.53  0.000e+00
      10080     67.000     7.2388     7.2394     0.0006    3.54215    3.54222          1     5.7353     5.6615      44.46     0.0531     0.2218  1.000e-12  0.6923000    34.8748    34.8750     0.0002    27.2866    27.2867     66.367     66.538      0.488    1480.52    1480.53  0.000e+00
      10104     67.500     7.2374     7.2380     0.0005    3.54258    3.54264          1     5.7187     5.6506      44.06     0.0447     0.1808  1.000e-12  0.7058000    34.8806    34.8807     0.0002    27.2914    27.2914     66.862     67.034      0.512    1480.53    1480.53  0.000e+00
      10127     68.000     7.2381     7.2386     0.0005    3.54307    3.54312          1     5.7024     5.6324      43.55     0.0456     0.1882  1.000e-12  0.7414000    34.8851    34.8851     0.0000    27.2949    27.2948     67.357     67.529      0.509    1480.55    1480.55  0.000e+00
      10152     68.500     7.2401     7.2404     0.0004    3.54389    3.54393          1     5.6936     5.6192      42.99     0.0526     0.2418  1.000e-12  0.7839000    34.8917    34.8918     0.0001    27.2998    27.2998     67.852     68.025      0.479    1480.57    1480.57  0.000e+00
      10178     69.000     7.2424     7.2429     0.0005    3.54433    3.54440          1     5.6930     5.6197      42.47     0.0482     0.2500  1.000e-12  0.8273000    34.8939    34.8942     0.0002    27.3012    27.3013     68.347     68.521      0.451    1480.59    1480.59  0.000e+00
      10205     69.500     7.2448     7.2454     0.0007    3.54470    3.54477          1     5.6964     5.6235      41.96     0.0541     0.2575  1.000e-12  0.8439000    34.8954    34.8955     0.0001    27.3020    27.3020     68.843     69.017      0.450    1480.61    1480.61  0.000e+00
      10231     70.000     7.2465     7.2471     0.0006    3.54496    3.54503          1     5.6977     5.6155      41.27     0.0512     0.2136  1.000e-12  0.8505000    34.8963    34.8965     0.0002    27.3025    27.3025     69.338     69.512      0.482    1480.63    1480.63  0.000e+00
      10254     70.500     7.2424     7.2431     0.0007    3.54462    3.54470          1     5.7001     5.6077      40.62     0.0392     0.1998  1.000e-12  0.8901000    34.8964    34.8966     0.0002    27.3032    27.3032     69.833     70.008      0.515    1480.62    1480.62  0.000e+00
      10277     71.000     7.2404     7.2410     0.0005    3.54446    3.54453          1     5.6967     5.6078      40.27     0.0679     0.2260  1.000e-12  0.9270000    34.8964    34.8966     0.0002    27.3034    27.3035     70.328     70.504      0.514    1480.62    1480.62  0.000e+00
      10301     71.500     7.2403     7.2409     0.0006    3.54448    3.54455          1     5.6944     5.6140      39.94     0.0827     0.2283  1.000e-12  0.9434000    34.8965    34.8966     0.0002    27.3035    27.3035     70.823     71.000      0.491    1480.63    1480.63  0.000e+00
      10326     72.000     7.2405     7.2410     0.0005    3.54451    3.54457          1     5.6876     5.6140      39.53     0.0519     0.2169  1.000e-12  0.9551000    34.8964    34.8966     0.0002    27.3034    27.3035     71.318     71.495      0.470    1480.64    1480.64  0.000e+00
      10352     72.500     7.2409     7.2411     0.0002    3.54465    3.54466          1     5.6882     5.6034      39.00     0.0625     0.2291  1.000e-12  0.9539000    34.8973    34.8972    -0.0000    27.3040    27.3040     71.814     71.991      0.457    1480.65    1480.65  0.000e+00
      10379     73.000     7.2426     7.2433     0.0006    3.54496    3.54503          1     5.6846     5.6044      38.49     0.0592     0.2058  1.000e-12  0.9780000    34.8986    34.8988     0.0002    27.3049    27.3049     72.309     72.487      0.462    1480.66    1480.67  0.000e+00
      10404     73.500     7.2453     7.2455     0.0002    3.54538    3.54541          1     5.6732     5.6039      38.00     0.0546     0.1924  1.000e-12  1.0444000    34.9003    34.9004     0.0001    27.3058    27.3059     72.804     72.983      0.490    1480.68    1480.69  0.000e+00
      10428     74.000     7.2483     7.2485     0.0002    3.54586    3.54590          1     5.6722     5.5932      37.53     0.0490     0.2268  1.000e-12  1.0998000    34.9023    34.9026     0.0002    27.3070    27.3071     73.299     73.478      0.502    1480.71    1480.71  0.000e+00
      10452     74.500     7.2506     7.2511     0.0004    3.54624    3.54630          1     5.6735     5.5949      37.07     0.0605     0.2434  1.000e-12  1.2007000    34.9039    34.9040     0.0001    27.3079    27.3079     73.794     73.974      0.487    1480.73    1480.73  0.000e+00
      10477     75.000     7.2467     7.2479     0.0012    3.54602    3.54612          1     5.6782     5.6000      36.56     0.0644     0.2311  1.000e-12  1.2972000    34.9052    34.9051    -0.0001    27.3095    27.3092     74.290     74.470      0.464    1480.72    1480.73  0.000e+00
      10504     75.500     7.2373     7.2382     0.0009    3.54534    3.54542          1     5.6756     5.6068      36.01     0.0602     0.2340  1.000e-12  1.3409000    34.9069    34.9069     0.0000    27.3122    27.3120     74.785     74.965      0.454    1480.70    1480.70  0.000e+00
      10530     76.000     7.2318     7.2325     0.0007    3.54498    3.54505          1     5.6781     5.6116      35.54     0.0660     0.2549  1.000e-12  1.3447000    34.9083    34.9083     0.0000    27.3140    27.3139     75.280     75.461      0.465    1480.68    1480.69  0.000e+00
      10555     76.500     7.2261     7.2269     0.0008    3.54461    3.54468          1     5.6899     5.6101      35.07     0.0591     0.1938  1.000e-12  1.3569000    34.9098    34.9098     0.0000    27.3160    27.3159     75.775     75.957      0.500    1480.67    1480.68  0.000e+00
      10578     77.000     7.2215     7.2222     0.0007    3.54431    3.54438          1     5.6924     5.6134      34.59     0.0414     0.2447  1.000e-12  1.4011000    34.9109    34.9109     0.0000    27.3175    27.3175     76.270     76.453      0.527    1480.66    1480.67  0.000e+00
      10601     77.500     7.2197     7.2203     0.0006    3.54420    3.54427          1     5.6864     5.6205      34.07     0.0664     0.2332  1.000e-12  1.4433000    34.9113    34.9114     0.0001    27.3181    27.3181     76.765     76.948      0.510    1480.67    1480.67  0.000e+00
      10626     78.000     7.2170     7.2178     0.0008    3.54403    3.54411          1     5.6869     5.6163      33.52     0.0672     0.1995  1.000e-12  1.4649000    34.9119    34.9120     0.0001    27.3189    27.3189     77.261     77.444      0.460    1480.66    1480.67  0.000e+00
      10653     78.500     7.2127     7.2135     0.0008    3.54374    3.54382          1     5.6876     5.6149      32.98     0.0671     0.2049  1.000e-12  1.4568000    34.9129    34.9129     0.0001    27.3203    27.3203     77.756     77.940      0.434    1480.66    1480.66  0.000e+00
      10680     79.000     7.2088     7.2095     0.0007    3.54349    3.54356          1     5.6982     5.6245      32.52     0.0658     0.2302  1.000e-12  1.4697000    34.9138    34.9138     0.0000    27.3216    27.3215     78.251     78.436      0.456    1480.65    1480.66  0.000e+00
      10706     79.500     7.2005     7.2015     0.0010    3.54291    3.54300          1     5.7021     5.6369      32.06     0.0625     0.2224  1.000e-12  1.4840000    34.9156    34.9155    -0.0001    27.3242    27.3240     78.746     78.931      0.486    1480.63    1480.64  0.000e+00
      10730     80.000     7.1955     7.1964     0.0009    3.54257    3.54266          1     5.7001     5.6403      31.58     0.0766     0.2578  1.000e-12  1.5153000    34.9166    34.9166     0.0000    27.3257    27.3256     79.241     79.427      0.507    1480.62    1480.63  0.000e+00
      10753     80.500     7.1852     7.1865     0.0013    3.54185    3.54195          1     5.7145     5.6407      31.11     0.0680     0.2432  1.000e-12  1.5835000    34.9189    34.9186    -0.0003    27.3289    27.3285     79.736     79.923      0.507    1480.59    1480.60  0.000e+00
      10778     81.000     7.1753     7.1763     0.0011    3.54117    3.54126          1     5.7217     5.6446      30.59     0.0677     0.2433  1.000e-12  1.5110000    34.9212    34.9212    -0.0001    27.3322    27.3320     80.232     80.418      0.464    1480.56    1480.57  0.000e+00
      10805     81.500     7.1650     7.1663     0.0013    3.54050    3.54060          1     5.7287     5.6635      30.05     0.0796     0.2101  1.000e-12  1.5129000    34.9240    34.9237    -0.0003    27.3359    27.3355     80.727     80.914      0.433    1480.54    1480.54  0.000e+00
      10832     82.000     7.1508     7.1519     0.0011    3.53961    3.53971          1     5.7415     5.6708      29.57     0.0865     0.1924  1.000e-12  1.5354000    34.9284    34.9284    -0.0000    27.3413    27.3411     81.222     81.410      0.464    1480.49    1480.50  0.000e+00
      10857     82.500     7.1459     7.1466     0.0007    3.53938    3.53946          1     5.7440     5.6681      29.12     0.0675     0.2112  1.000e-12  1.5265000    34.9305    34.9308     0.0002    27.3437    27.3438     81.717     81.906      0.501    1480.49    1480.49  0.000e+00
      10881     83.000     7.1451     7.1454     0.0004    3.53939    3.53945          1     5.7440     5.6718      28.61     0.0776     0.2287  1.000e-12  1.5335000    34.9313    34.9316     0.0003    27.3444    27.3446     82.212     82.401      0.511    1480.49    1480.50  0.000e+00
      10904     83.500     7.1455     7.1463     0.0008    3.53955    3.53961          1     5.7431     5.6663      28.14     0.0660     0.2210  1.000e-12  1.5908000    34.9323    34.9321    -0.0002    27.3452    27.3449     82.707     82.897      0.493    1480.51    1480.51  0.000e+00
      10929     84.000     7.1447     7.1456     0.0009    3.53964    3.53970          1     5.7421     5.6560      27.59     0.0672     0.2010  1.000e-12  1.5304000    34.9339    34.9336    -0.0003    27.3465    27.3461     83.202     83.393      0.463    1480.51    1480.52  0.000e+00
