ctdpy/exports/archive_20191121_122431/received_data/SBE09_1044_20181204_1824_34_01_0150.cnv
* Sea-Bird SBE 9 Data File:
* FileName = C:\ctd\temp\ar18d150.hex
* Software Version Seasave V 7.26.7.107
* Temperature SN = 5351
* Conductivity SN = 3941
* Number of Bytes Per Scan = 41
* Number of Voltage Words = 4
* Number of Scans Averaged by the Deck Unit = 1
* NMEA Latitude = 59 29.03 N
* NMEA Longitude = 022 53.82 E
* NMEA UTC (Time) = Dec 04 2018  18:24:30
* NMEA baud rate = 4800
** Station:  LL12
** Operator:  ASkj
** Ship: ARANDA
** Average sound velocity: 1444.34 m/s
** True-depth calculation Sun, 09 Dec 2018 13:42:18 +0000
** CTD Python Module SMHI /ver 3-12/ feb 2012 
** LIMS Job: 20183401-0150
** Cruise: SMHI-7-2018
** Latitude [GG MM.mm N]:
** Longitude [GG MM.mm E]
# nquan = 26
# nvalues = 150                         
# units = specified
# name 0 = scan: Scan Count
# name 1 = prDM: Pressure, Digiquartz [db]
# name 2 = t090C: Temperature [ITS-90, deg C]
# name 3 = t190C: Temperature, 2 [ITS-90, deg C]
# name 4 = T2-T190C: Temperature Difference, 2 - 1 [ITS-90, deg C]
# name 5 = c0S/m: Conductivity [S/m]
# name 6 = c1S/m: Conductivity, 2 [S/m]
# name 7 = pumps: Pump Status
# name 8 = sbeox0ML/L: Oxygen, SBE 43 [ml/l]
# name 9 = sbeox1ML/L: Oxygen, SBE 43, 2 [ml/l]
# name 10 = altM: Altimeter [m]
# name 11 = flECO-AFL: Chl-a Fluorescence, WET Labs ECO-AFL/FL [mg/m^3]
# name 12 = flECO-AFL1: Phycocyanin Fluorescence, WET Labs ECO-AFL/FL, 2 [mg/m^3]
# name 13 = par: PAR/Irradiance, Biospherical/Lico [µE/(cm^2*s)]
# name 14 = turbWETntu0: Turbidity, WET Labs ECO [NTU]
# name 15 = sal00: Salinity, Practical [PSU]
# name 16 = sal11: Salinity, Practical, 2 [PSU]
# name 17 = secS-priS: Salinity, Practical, Difference, 2 - 1 [PSU]
# name 18 = sigma-t00: Density [sigma-t, Kg/m^3 ]
# name 19 = sigma-t11: Density, 2 [sigma-t, Kg/m^3 ]
# name 20 = depSM: Depth [salt water, m], lat = 59.4838
# name 21 = depFM: Depth [true depth, m], lat = 59.4838
# name 22 = dz/dtM: Descent Rate [m/s], WS = 2
# name 23 = svCM: Sound Velocity [Chen-Millero, m/s]
# name 24 = svCM1: Sound Velocity, 2 [Chen-Millero, m/s]
# name 25 = flag: flag
# span 0 =      25566,      29368       
# span 1 =      0.500,     75.000       
# span 2 =     5.5552,     7.4100       
# span 3 =     5.5568,     7.4117       
# span 4 =    -0.0082,     0.0063       
# span 5 =   0.753141,   1.117201       
# span 6 =   0.754085,   1.117187       
# span 7 =          1,          1       
# span 8 =    0.07978,    7.72708       
# span 9 =    2.81423,    6.87055       
# span 10 =       4.86,      81.96      
# span 11 =     0.3328,     0.4818      
# span 12 =     0.1620,     0.2921      
# span 13 = -8.525e-04, 1.1246e-02      
# span 14 =     0.1954,     3.9985      
# span 15 =     6.4808,    10.3058      
# span 16 =     6.4909,    10.3050      
# span 17 =    -0.0382,     0.0102      
# span 18 =     5.0080,     8.1057      
# span 19 =     5.0155,     8.1051      
# span 20 =      0.495,     74.282      
# span 21 =      0.507,     75.982      
# span 22 =      0.017,      0.866      
# span 23 =    1440.96,    1445.86      
# span 24 =    1440.97,    1445.86      
# span 25 = 0.0000e+00, 0.0000e+00      
# interval = decibars: 0.5              
# start_time = Dec 04 2018 18:24:31 [NMEA time, first data scan]
# bad_flag = -9.990e-29
*END*
[from data line 112]
      28057     56.500     7.4100     7.4117     0.0018    0.76681    0.76681          1     7.5831     5.4232      24.47     0.3755     0.2071  1.000e-12  0.2446000     6.5600     6.5596    -0.0004     5.0551     5.0547     55.962     57.260      0.613    1445.84    1445.84  0.000e+00
      28077     57.000     7.4015     7.4034     0.0019    0.76895    0.76883          1     7.5160     5.4279      23.48     0.3715     0.2072  1.000e-12  0.2466000     6.5812     6.5797    -0.0015     5.0724     5.0711     56.457     57.766      0.602    1445.84    1445.84  0.000e+00
      28097     57.500     7.3981     7.3995     0.0014    0.76963    0.76963          1     7.4594     5.4300      23.09     0.3602     0.2212  1.000e-12  0.2504000     6.5880     6.5878    -0.0003     5.0780     5.0777     56.952     58.273      0.570    1445.84    1445.84  0.000e+00
      28119     58.000     7.3954     7.3969     0.0015    0.77012    0.77011          1     7.4203     5.4251      22.46     0.3701     0.2096  1.000e-12  0.2370000     6.5930     6.5926    -0.0003     5.0820     5.0817     57.447     58.780      0.525    1445.84    1445.85  0.000e+00
      28143     58.500     7.3915     7.3942     0.0026    0.77086    0.77061          1     7.3733     5.4213      22.20     0.3702     0.2659  1.000e-12  0.2487000     6.6005     6.5976    -0.0028     5.0882     5.0858     57.943     59.287      0.536    1445.84    1445.85  0.000e+00
      28164     59.000     7.3828     7.3845     0.0017    0.77240    0.77233          1     7.3256     5.4255      21.79     0.3696     0.2275  1.000e-12  0.2220000     6.6162     6.6152    -0.0010     5.1012     5.1003     58.438     59.793      0.613    1445.83    1445.84  0.000e+00
      28182     59.500     7.3797     7.3812     0.0015    0.77285    0.77285          1     7.2988     5.4249      21.35     0.3542     0.1701  1.000e-12  0.2342000     6.6209     6.6206    -0.0003     5.1051     5.1047     58.933     60.300      0.650    1445.84    1445.84  0.000e+00
      28201     60.000     7.3796     7.3812     0.0016    0.77286    0.77284          1     7.2967     5.4234      20.81     0.3462     0.2246  1.000e-12  0.2398000     6.6210     6.6204    -0.0005     5.1051     5.1046     59.428     60.807      0.561    1445.84    1445.85  0.000e+00
      28230     60.500     7.3795     7.3811     0.0017    0.77285    0.77282          1     7.3313     5.4609      20.16     0.3458     0.1944  1.000e-12  0.2518000     6.6209     6.6203    -0.0006     5.1051     5.1045     59.923     61.313      0.360    1445.85    1445.86  0.000e+00
      28264     61.000     7.3780     7.3797     0.0016    0.77328    0.77323          1     6.9569     5.4807      19.59     0.3552     0.1843  1.000e-12  0.2484000     6.6250     6.6242    -0.0007     5.1084     5.1077     60.418     61.820      0.510    1445.86    1445.86  0.000e+00
      28282     61.500     7.2441     7.2445     0.0004    0.80103    0.79964          1     6.0098     5.4785      19.27     0.3450     0.2070  1.000e-12  0.2341000     6.9080     6.8951    -0.0129     5.3400     5.3298     60.914     62.327      0.771    1445.66    1445.65  0.000e+00
      28296     62.000     6.9363     6.9388     0.0025    0.84356    0.84288          1     5.0907     5.4886      18.89     0.3339     0.1897  1.000e-12  0.2297000     7.3678     7.3609    -0.0069     5.7222     5.7166     61.409     62.833      0.866    1444.96    1444.96  0.000e+00
      28309     62.500     6.7424     6.7422    -0.0003    0.85586    0.85571          1     4.3330     5.4994      18.38     0.3410     0.1783  1.000e-12  0.2338000     7.5253     7.5240    -0.0013     5.8588     5.8578     61.904     63.339      0.817    1444.35    1444.34  0.000e+00
      28325     63.000     6.5436     6.5443     0.0008    0.86741    0.86711          1     3.7249     5.5143      17.80     0.3478     0.1662  1.000e-12  0.2279000     7.6791     7.6761    -0.0030     5.9924     5.9900     62.399     63.846      0.616    1443.71    1443.71  0.000e+00
      28354     63.500     6.3970     6.3890    -0.0080    0.87835    0.87832          1     3.2568     5.4922      17.08     0.3491     0.1935  1.000e-12  0.1954000     7.8166     7.8182     0.0016     6.1096     6.1113     62.894     64.352      0.371    1443.27    1443.23  0.000e+00
      28387     64.000     6.2024     6.1961    -0.0064    0.88775    0.88750          1     2.9824     5.4237      16.50     0.3665     0.2445  1.000e-12  0.2084000     7.9518     7.9510    -0.0009     6.2277     6.2274     63.389     64.858      0.473    1442.62    1442.59  0.000e+00
      28407     64.500     6.0162     6.0196     0.0034    0.91162    0.91087          1     2.6815     5.3671      16.10     0.3702     0.2228  1.000e-12  0.2158000     8.2271     8.2190    -0.0081     6.4552     6.4486     63.884     65.364      0.644    1442.18    1442.18  0.000e+00
      28424     65.000     5.9195     5.9236     0.0040    0.92485    0.92471          1     2.4422     5.3156      15.64     0.3436     0.2218  1.000e-12  0.2163000     8.3794     8.3771    -0.0023     6.5807     6.5787     64.380     65.870      0.699    1441.96    1441.98  0.000e+00
      28442     65.500     5.8467     5.8501     0.0033    0.92792    0.92784          1     2.3000     5.2645      15.15     0.3565     0.2218  1.000e-12  0.2279000     8.4275     8.4258    -0.0017     6.6226     6.6211     64.875     66.376      0.640    1441.72    1441.73  0.000e+00
      28463     66.000     5.8086     5.8108     0.0022    0.93122    0.93114          1     2.2258     5.1940      14.57     0.3505     0.2218  1.000e-12  0.2212000     8.4691     8.4679    -0.0013     6.6576     6.6564     65.370     66.882      0.523    1441.61    1441.62  0.000e+00
      28488     66.500     5.7864     5.7883     0.0019    0.93354    0.93349          1     2.1912     5.1092      14.00     0.3344     0.2278  1.000e-12  0.2238000     8.4974     8.4965    -0.0009     6.6810     6.6802     65.865     67.388      0.503    1441.56    1441.57  0.000e+00
      28510     67.000     5.7591     5.7610     0.0020    0.93528    0.93524          1     2.1712     5.0377      13.47     0.3365     0.2415  1.000e-12  0.2459000     8.5213     8.5204    -0.0009     6.7014     6.7006     66.360     67.894      0.558    1441.48    1441.49  0.000e+00
      28531     67.500     5.7267     5.7292     0.0026    0.93704    0.93699          1     2.1435     4.9666      12.96     0.3493     0.2240  1.000e-12  0.2573000     8.5467     8.5456    -0.0011     6.7231     6.7221     66.855     68.400      0.578    1441.39    1441.39  0.000e+00
      28552     68.000     5.7056     5.7074     0.0018    0.93945    0.93933          1     2.1026     4.8921      12.46     0.3429     0.2238  1.000e-12  0.2295000     8.5757     8.5740    -0.0017     6.7471     6.7457     67.351     68.905      0.564    1441.34    1441.34  0.000e+00
      28574     68.500     5.6606     5.6656     0.0049    0.94272    0.94262          1     2.0230     4.7937      11.93     0.3563     0.2596  1.000e-12  0.2292000     8.6192     8.6170    -0.0022     6.7839     6.7818     67.846     69.411      0.519    1441.21    1441.23  0.000e+00
      28598     69.000     5.5990     5.6017     0.0027    0.94986    0.94927          1     1.9020     4.6887      11.37     0.3673     0.2375  1.000e-12  0.2346000     8.7054     8.6989    -0.0065     6.8551     6.8498     68.341     69.917      0.509    1441.06    1441.06  0.000e+00
      28620     69.500     5.5552     5.5568     0.0016    0.95568    0.95531          1     1.7322     4.6128      10.90     0.3483     0.1773  1.000e-12  0.2307000     8.7742     8.7701    -0.0041     6.9116     6.9083     68.836     70.423      0.598    1440.96    1440.97  0.000e+00
      28639     70.000     5.5919     5.5883    -0.0037    0.97511    0.97332          1     1.4178     4.5490      10.47     0.3394     0.1880  1.000e-12  0.2283000     8.9567     8.9399    -0.0168     7.0538     7.0407     69.331     70.929      0.687    1441.36    1441.33  0.000e+00
      28655     70.500     5.7862     5.7799    -0.0063    1.01783    1.01673          1     1.0219     4.4885       9.97     0.3328     0.1971  1.000e-12  0.2301000     9.3263     9.3172    -0.0091     7.3347     7.3279     69.826     71.434      0.711    1442.67    1442.64  0.000e+00
      28673     71.000     5.7858     5.7888     0.0030    1.03574    1.03506          1     0.6404     4.4355       9.44     0.3560     0.2218  1.000e-12  0.3629000     9.5035     9.4959    -0.0076     7.4745     7.4683     70.321     71.940      0.647    1442.90    1442.91  0.000e+00
      28694     71.500     5.7497     5.7522     0.0025    1.06167    1.05959          1     0.2990     4.3716       8.85     0.3579     0.2522  1.000e-12  0.4531000     9.7708     9.7494    -0.0214     7.6873     7.6703     70.817     72.445      0.452    1443.10    1443.08  0.000e+00
      28733     72.000     5.7381     5.7382     0.0001    1.08362    1.07979          1     0.0798     4.2409       8.13     0.4205     0.2251  1.000e-12  2.4862000     9.9922     9.9540    -0.0382     7.8625     7.8324     71.312     72.950      0.287    1443.33    1443.29  0.000e+00
      28767     72.500     5.7424     5.7437     0.0014    1.09266    1.09204          1     0.0902     4.1205       7.56     0.4501     0.2451  1.000e-12  3.7016000    10.0808    10.0742    -0.0065     7.9321     7.9269     71.807     73.456      0.490    1443.47    1443.47  0.000e+00
      28788     73.000     5.7435     5.7450     0.0015    1.09531    1.09523          1     0.1085     4.0431       7.23     0.4513     0.2758  1.000e-12  3.9985000    10.1068    10.1056    -0.0012     7.9526     7.9515     72.302     73.961      0.548    1443.52    1443.52  0.000e+00
      28815     73.500     5.7561     5.7558    -0.0004    1.10126    1.10027          1     0.1238     3.9441       6.64     0.4493     0.2698  1.000e-12  3.9815000    10.1621    10.1524    -0.0097     7.9954     7.9878     72.797     74.466      0.350    1443.65    1443.63  0.000e+00
      28866     74.000     5.7866     5.7828    -0.0038    1.11277    1.10993          1     0.1380     3.7619       5.97     0.4711     0.2505  1.000e-12  3.3949000    10.2675    10.2404    -0.0271     8.0767     8.0556     73.292     74.971      0.288    1443.92    1443.87  0.000e+00
      28896     74.500     5.8058     5.8076     0.0019    1.11720    1.11719          1     0.1360     3.6710       5.62     0.4771     0.2383  1.000e-12  3.2572000    10.3058    10.3050    -0.0007     8.1057     8.1051     73.787     75.477      0.445    1444.06    1444.06  0.000e+00
      29368     75.000     5.8094     5.8102     0.0008    1.11624    1.11567          1     0.1042     2.8142       4.86     0.4818     0.2641  1.000e-12  2.9710000    10.2949    10.2891    -0.0059     8.0970     8.0923     74.282     75.982      0.017    1444.07    1444.06  0.000e+00
