ctdpy/exports/archive_20191121_122431/received_data/SBE09_1044_20181015_1907_34_01_0095.cnv
* Sea-Bird SBE 9 Data File:
* FileName = C:\ctd\temp\ar18d095.hex
* Software Version Seasave V 7.21e
* Temperature SN = 5351
* Conductivity SN = 3941
* Number of Bytes Per Scan = 30
* Number of Voltage Words = 4
* Number of Scans Averaged by the Deck Unit = 1
* NMEA baud rate = 4800
** Station:  BY10
** Operator:  dbsj
** Ship: ARANDA
** Average sound velocity: 1447.45 m/s
** True-depth calculation Tue, 16 Oct 2018 06:25:20 +0000
** CTD Python Module SMHI /ver 3-12/ feb 2012 
** LIMS Job: 20183401-0095
** Cruise: SMHI-4-2018
** Latitude [GG MM.mm N]: 5638.021
** Longitude [GG MM.mm E] 1935.091
# nquan = 26
# nvalues = 273                         
# units = specified
# name 0 = scan: Scan Count
# name 1 = prDM: Pressure, Digiquartz [db]
# name 2 = t090C: Temperature [ITS-90, deg C]
# name 3 = t190C: Temperature, 2 [ITS-90, deg C]
# name 4 = T2-T190C: Temperature Difference, 2 - 1 [ITS-90, deg C]
# name 5 = c0S/m: Conductivity [S/m]
# name 6 = c1S/m: Conductivity, 2 [S/m]
# name 7 = pumps: Pump Status
# name 8 = sbeox0ML/L: Oxygen, SBE 43 [ml/l]
# name 9 = sbeox1ML/L: Oxygen, SBE 43, 2 [ml/l]
# name 10 = altM: Altimeter [m]
# name 11 = flECO-AFL: Chl-a Fluorescence, WET Labs ECO-AFL/FL [mg/m^3]
# name 12 = flECO-AFL1: Phycocyanin Fluorescence, WET Labs ECO-AFL/FL, 2 [mg/m^3]
# name 13 = par: PAR/Irradiance, Biospherical/Lico [µE/(cm^2*s)]
# name 14 = turbWETntu0: Turbidity, WET Labs ECO [NTU]
# name 15 = sal00: Salinity, Practical [PSU]
# name 16 = sal11: Salinity, Practical, 2 [PSU]
# name 17 = secS-priS: Salinity, Practical, Difference, 2 - 1 [PSU]
# name 18 = sigma-t00: Density [sigma-t, Kg/m^3 ]
# name 19 = sigma-t11: Density, 2 [sigma-t, Kg/m^3 ]
# name 20 = depSM: Depth [salt water, m], lat = 0
# name 21 = depFM: Depth [true depth, m], lat = 0
# name 22 = dz/dtM: Descent Rate [m/s], WS = 2
# name 23 = svCM: Sound Velocity [Chen-Millero, m/s]
# name 24 = svCM1: Sound Velocity, 2 [Chen-Millero, m/s]
# name 25 = flag: flag
# span 0 =       7684,      14241       
# span 1 =      1.500,    137.500       
# span 2 =     3.2716,    11.6833       
# span 3 =     3.2741,    11.6846       
# span 4 =    -0.0204,     0.0285       
# span 5 =   0.770997,   1.407021       
# span 6 =   0.771030,   1.407085       
# span 7 =          1,          1       
# span 8 = -9.990e-29, -9.990e-29       
# span 9 = -9.990e-29, -9.990e-29       
# span 10 =      -0.01,      99.04      
# span 11 =     0.2269,     1.4371      
# span 12 =     0.1360,     0.4639      
# span 13 = -5.052e-04, 2.0238e-01      
# span 14 =     0.1189,     1.2471      
# span 15 =     7.1746,    12.8364      
# span 16 =     7.1743,    12.8366      
# span 17 =    -0.0082,     0.0024      
# span 18 =     5.1070,    10.0273      
# span 19 =     5.1066,    10.0274      
# span 20 =      1.492,    136.699      
# span 21 =      1.520,    139.052      
# span 22 =      0.087,      0.791      
# span 23 =    1428.93,    1462.71      
# span 24 =    1428.94,    1462.72      
# span 25 = 0.0000e+00, 0.0000e+00      
# interval = decibars: 0.5              
# start_time = Oct 15 2018 19:07:49 [System UTC, header]
# bad_flag = -9.990e-29
*END*
[from data line 223]
      12896    113.000     6.6069     6.6081     0.0012    1.28880    1.28876          1 -9.990e-29 -9.990e-29      28.42     0.3170     0.2263  1.000e-12  0.1421000    11.7397    11.7389    -0.0008     9.1803     9.1796    112.348    114.335      0.603    1449.86    1449.87  0.000e+00
      12918    113.500     6.6107     6.6118     0.0012    1.29119    1.29114          1 -9.990e-29 -9.990e-29      27.92     0.3078     0.2045  1.000e-12  0.2267000    11.7619    11.7610    -0.0010     9.1975     9.1967    112.845    114.840      0.516    1449.92    1449.92  0.000e+00
      12943    114.000     6.6127     6.6138     0.0011    1.29332    1.29327          1 -9.990e-29 -9.990e-29      27.37     0.3063     0.1824  1.000e-12  0.3102000    11.7821    11.7812    -0.0009     9.2132     9.2124    113.342    115.345      0.478    1449.96    1449.96  0.000e+00
      12967    114.500     6.6173     6.6182     0.0009    1.29579    1.29572          1 -9.990e-29 -9.990e-29      26.90     0.3179     0.2215  1.000e-12  0.5742000    11.8048    11.8037    -0.0010     9.2307     9.2298    113.839    115.849      0.544    1450.01    1450.02  0.000e+00
      12988    115.000     6.6221     6.6231     0.0011    1.29917    1.29905          1 -9.990e-29 -9.990e-29      26.41     0.2982     0.2342  1.000e-12  0.2760000    11.8364    11.8348    -0.0016     9.2551     9.2538    114.336    116.354      0.591    1450.08    1450.08  0.000e+00
      13008    115.500     6.6236     6.6247     0.0011    1.30231    1.30225          1 -9.990e-29 -9.990e-29      25.93     0.3139     0.2841  1.000e-12  0.5884000    11.8667    11.8657    -0.0009     9.2788     9.2780    114.833    116.858      0.563    1450.13    1450.14  0.000e+00
      13031    116.000     6.6259     6.6269     0.0009    1.30421    1.30415          1 -9.990e-29 -9.990e-29      25.82     0.3302     0.3074  1.000e-12  1.0490000    11.8845    11.8836    -0.0009     9.2926     9.2919    115.330    117.363      0.495    1450.17    1450.18  0.000e+00
      13057    116.500     6.6301     6.6311     0.0011    1.30598    1.30597          1 -9.990e-29 -9.990e-29      25.69     0.3297     0.2532  1.000e-12  1.2471000    11.9004    11.9000    -0.0005     9.3049     9.3044    115.827    117.868      0.469    1450.22    1450.22  0.000e+00
      13081    117.000     6.6296     6.6311     0.0015    1.30671    1.30669          1 -9.990e-29 -9.990e-29      25.38     0.3255     0.2063  1.000e-12  1.2355000    11.9077    11.9070    -0.0007     9.3106     9.3100    116.324    118.372      0.536    1450.23    1450.24  0.000e+00
      13102    117.500     6.6255     6.6268     0.0013    1.30792    1.30787          1 -9.990e-29 -9.990e-29      24.01     0.3181     0.2063  1.000e-12  1.0886000    11.9210    11.9201    -0.0009     9.3213     9.3206    116.821    118.877      0.622    1450.24    1450.25  0.000e+00
      13120    118.000     6.6256     6.6267     0.0012    1.31008    1.31003          1 -9.990e-29 -9.990e-29      23.23     0.3079     0.2071  1.000e-12  0.2066000    11.9422    11.9413    -0.0009     9.3380     9.3372    117.318    119.381      0.642    1450.28    1450.28  0.000e+00
      13140    118.500     6.6290     6.6301     0.0010    1.31381    1.31372          1 -9.990e-29 -9.990e-29      22.72     0.3062     0.2505  1.000e-12  0.3666000    11.9777    11.9764    -0.0012     9.3656     9.3645    117.815    119.886      0.561    1450.34    1450.35  0.000e+00
      13165    119.000     6.6317     6.6328     0.0012    1.31705    1.31699          1 -9.990e-29 -9.990e-29      22.12     0.3140     0.2352  1.000e-12  0.3924000    12.0087    12.0076    -0.0010     9.3898     9.3889    118.312    120.390      0.421    1450.40    1450.40  0.000e+00
      13195    119.500     6.6328     6.6339     0.0011    1.31902    1.31897          1 -9.990e-29 -9.990e-29      21.65     0.3085     0.2247  1.000e-12  0.4781000    12.0277    12.0267    -0.0009     9.4046     9.4038    118.809    120.895      0.468    1450.44    1450.44  0.000e+00
      13217    120.000     6.6352     6.6363     0.0011    1.32100    1.32095          1 -9.990e-29 -9.990e-29      21.14     0.3161     0.2186  1.000e-12  0.3567000    12.0462    12.0454    -0.0008     9.4190     9.4182    119.306    121.399      0.647    1450.48    1450.48  0.000e+00
      13234    120.500     6.6386     6.6397     0.0011    1.32353    1.32347          1 -9.990e-29 -9.990e-29      20.68     0.3152     0.2074  1.000e-12  0.3279000    12.0699    12.0689    -0.0010     9.4374     9.4365    119.803    121.904      0.727    1450.53    1450.53  0.000e+00
      13250    121.000     6.6422     6.6433     0.0011    1.32594    1.32590          1 -9.990e-29 -9.990e-29      20.18     0.3085     0.2212  1.000e-12  0.3595000    12.0923    12.0916    -0.0008     9.4546     9.4540    120.300    122.408      0.667    1450.58    1450.58  0.000e+00
      13272    121.500     6.6416     6.6428     0.0012    1.32805    1.32799          1 -9.990e-29 -9.990e-29      19.58     0.2967     0.2289  1.000e-12  1.0254000    12.1132    12.1123    -0.0010     9.4711     9.4703    120.797    122.913      0.449    1450.61    1450.62  0.000e+00
      13308    122.000     6.6438     6.6449     0.0011    1.32977    1.32965          1 -9.990e-29 -9.990e-29      18.87     0.3070     0.2026  1.000e-12  0.4137000    12.1294    12.1278    -0.0016     9.4837     9.4823    121.294    123.417      0.362    1450.65    1450.65  0.000e+00
      13333    122.500     6.6534     6.6541     0.0007    1.33276    1.33265          1 -9.990e-29 -9.990e-29      18.46     0.3113     0.2354  1.000e-12  0.5200000    12.1554    12.1541    -0.0014     9.5034     9.5023    121.791    123.922      0.627    1450.73    1450.73  0.000e+00
      13350    123.000     6.6604     6.6615     0.0011    1.33544    1.33539          1 -9.990e-29 -9.990e-29      18.11     0.3422     0.2355  1.000e-12  0.9540000    12.1793    12.1785    -0.0008     9.5216     9.5208    122.288    124.426      0.761    1450.80    1450.80  0.000e+00
      13364    123.500     6.6622     6.6634     0.0012    1.33634    1.33632          1 -9.990e-29 -9.990e-29      17.66     0.3449     0.2341  1.000e-12  1.0260000    12.1874    12.1868    -0.0006     9.5278     9.5273    122.785    124.931      0.752    1450.82    1450.83  0.000e+00
      13382    124.000     6.6655     6.6667     0.0012    1.33813    1.33810          1 -9.990e-29 -9.990e-29      17.16     0.3440     0.2087  1.000e-12  1.0857000    12.2038    12.2031    -0.0007     9.5405     9.5398    123.282    125.435      0.595    1450.87    1450.87  0.000e+00
      13411    124.500     6.6747     6.6756     0.0009    1.34151    1.34135          1 -9.990e-29 -9.990e-29      16.40     0.3448     0.2425  1.000e-12  0.9216000    12.2338    12.2320    -0.0019     9.5633     9.5618    123.779    125.940      0.348    1450.95    1450.95  0.000e+00
      13446    125.000     6.6793     6.6807     0.0013    1.34509    1.34498          1 -9.990e-29 -9.990e-29      15.85     0.3443     0.2994  1.000e-12  0.7757000    12.2675    12.2659    -0.0016     9.5894     9.5881    124.276    126.444      0.495    1451.02    1451.02  0.000e+00
      13465    125.500     6.6799     6.6808     0.0010    1.34956    1.34942          1 -9.990e-29 -9.990e-29      15.48     0.3520     0.2054  1.000e-12  0.8761000    12.3114    12.3096    -0.0018     9.6238     9.6224    124.773    126.949      0.728    1451.08    1451.09  0.000e+00
      13480    126.000     6.6867     6.6878     0.0011    1.35435    1.35424          1 -9.990e-29 -9.990e-29      15.03     0.3422     0.2352  1.000e-12  1.0784000    12.3561    12.3546    -0.0015     9.6584     9.6572    125.270    127.453      0.791    1451.18    1451.18  0.000e+00
      13495    126.500     6.6922     6.6933     0.0011    1.35819    1.35813          1 -9.990e-29 -9.990e-29      14.57     0.3436     0.2442  1.000e-12  0.9519000    12.3920    12.3909    -0.0011     9.6862     9.6853    125.767    127.957      0.703    1451.25    1451.26  0.000e+00
      13516    127.000     6.6932     6.6944     0.0012    1.36017    1.36011          1 -9.990e-29 -9.990e-29      13.90     0.3374     0.2450  1.000e-12  0.8888000    12.4111    12.4100    -0.0011     9.7011     9.7002    126.263    128.462      0.465    1451.29    1451.29  0.000e+00
      13550    127.500     6.6935     6.6948     0.0013    1.36124    1.36120          1 -9.990e-29 -9.990e-29      12.90     0.3459     0.2373  1.000e-12  0.8798000    12.4214    12.4206    -0.0009     9.7092     9.7084    126.760    128.966      0.376    1451.31    1451.32  0.000e+00
      13576    128.000     6.6915     6.6926     0.0012    1.36233    1.36226          1 -9.990e-29 -9.990e-29      12.74     0.3439     0.2369  1.000e-12  0.8448000    12.4328    12.4317    -0.0011     9.7183     9.7174    127.257    129.471      0.599    1451.32    1451.33  0.000e+00
      13593    128.500     6.6912     6.6924     0.0012    1.36459    1.36451          1 -9.990e-29 -9.990e-29      12.38     0.3352     0.1934  1.000e-12  0.8243000    12.4552    12.4539    -0.0012     9.7359     9.7348    127.754    129.975      0.712    1451.36    1451.36  0.000e+00
      13609    129.000     6.6897     6.6908     0.0011    1.36737    1.36735          1 -9.990e-29 -9.990e-29      11.92     0.3313     0.2015  1.000e-12  0.8082000    12.4832    12.4825    -0.0007     9.7580     9.7574    128.251    130.479      0.694    1451.40    1451.40  0.000e+00
      13628    129.500     6.6908     6.6920     0.0012    1.36817    1.36816          1 -9.990e-29 -9.990e-29      11.35     0.3226     0.1989  1.000e-12  0.3596000    12.4905    12.4900    -0.0005     9.7637     9.7632    128.748    130.984      0.547    1451.42    1451.42  0.000e+00
      13656    130.000     6.6926     6.6938     0.0012    1.36905    1.36902          1 -9.990e-29 -9.990e-29      10.75     0.3001     0.1989  1.000e-12  0.2441000    12.4984    12.4977    -0.0007     9.7697     9.7691    129.245    131.488      0.385    1451.44    1451.45  0.000e+00
      13689    130.500     6.6965     6.6975     0.0010    1.37033    1.37029          1 -9.990e-29 -9.990e-29      10.16     0.3171     0.2368  1.000e-12  0.2196000    12.5097    12.5088    -0.0008     9.7782     9.7775    129.742    131.992      0.391    1451.48    1451.49  0.000e+00
      13717    131.000     6.7029     6.7038     0.0008    1.37219    1.37211          1 -9.990e-29 -9.990e-29       9.68     0.3106     0.1848  1.000e-12  0.2252000    12.5255    12.5245    -0.0010     9.7902     9.7894    130.239    132.497      0.470    1451.54    1451.54  0.000e+00
      13743    131.500     6.7132     6.7141     0.0008    1.37478    1.37470          1 -9.990e-29 -9.990e-29       9.17     0.2926     0.2021  1.000e-12  0.2948000    12.5473    12.5462    -0.0011     9.8065     9.8056    130.736    133.001      0.392    1451.62    1451.62  0.000e+00
      13788    132.000     6.7211     6.7219     0.0008    1.37736    1.37717          1 -9.990e-29 -9.990e-29       8.51     0.3261     0.2344  1.000e-12  0.4257000    12.5699    12.5677    -0.0022     9.8236     9.8219    131.233    133.505      0.223    1451.68    1451.68  0.000e+00
      13833    132.500     6.7285     6.7294     0.0009    1.38047    1.38040          1 -9.990e-29 -9.990e-29       8.06     0.3286     0.1747  1.000e-12  0.4142000    12.5978    12.5968    -0.0011     9.8450     9.8441    131.730    134.010      0.379    1451.76    1451.76  0.000e+00
      13861    133.000     6.7375     6.7381     0.0006    1.38397    1.38384          1 -9.990e-29 -9.990e-29       7.64     0.3397     0.2217  1.000e-12  0.4011000    12.6291    12.6275    -0.0016     9.8688     9.8675    132.227    134.514      0.423    1451.84    1451.84  0.000e+00
      13895    133.500     6.7504     6.7511     0.0007    1.39023    1.38996          1 -9.990e-29 -9.990e-29       7.07     0.3453     0.2143  1.000e-12  0.3616000    12.6860    12.6831    -0.0030     9.9125     9.9101    132.724    135.018      0.275    1451.98    1451.97  0.000e+00
      13950    134.000     6.7595     6.7603     0.0008    1.39490    1.39476          1 -9.990e-29 -9.990e-29       6.23     0.3249     0.2971  1.000e-12  0.3690000    12.7288    12.7271    -0.0017     9.9453     9.9439    133.221    135.522      0.262    1452.07    1452.08  0.000e+00
      13984    134.500     6.7635     6.7645     0.0010    1.39579    1.39573          1 -9.990e-29 -9.990e-29       6.02     0.3258     0.2249  1.000e-12  0.3338000    12.7359    12.7350    -0.0009     9.9506     9.9498    133.718    136.027      0.384    1452.11    1452.11  0.000e+00
      14019    135.000     6.7714     6.7726     0.0011    1.39822    1.39816          1 -9.990e-29 -9.990e-29       5.50     0.3589     0.2430  1.000e-12  0.2924000    12.7569    12.7560    -0.0010     9.9665     9.9656    134.215    136.531      0.253    1452.17    1452.18  0.000e+00
      14079    135.500     6.7780     6.7790     0.0009    1.40137    1.40122          1 -9.990e-29 -9.990e-29       5.07     0.3410     0.2039  1.000e-12  0.2669000    12.7856    12.7837    -0.0019     9.9885     9.9869    134.711    137.035      0.269    1452.25    1452.25  0.000e+00
      14113    136.000     6.7837     6.7848     0.0011    1.40341    1.40335          1 -9.990e-29 -9.990e-29       5.55     0.3406     0.3010  1.000e-12  0.2645000    12.8035    12.8025    -0.0010    10.0021    10.0012    135.208    137.539      0.329    1452.30    1452.30  0.000e+00
      14165    136.500     6.7895     6.7907     0.0013    1.40613    1.40609          1 -9.990e-29 -9.990e-29       5.10     0.3543     0.2559  1.000e-12  0.2615000    12.8282    12.8273    -0.0008    10.0210    10.0202    135.705    138.044      0.240    1452.36    1452.37  0.000e+00
      14208    137.000     6.7906     6.7918     0.0012    1.40691    1.40689          1 -9.990e-29 -9.990e-29       4.67     0.3653     0.2338  1.000e-12  0.2399000    12.8353    12.8347    -0.0007    10.0265    10.0259    136.202    138.548      0.339    1452.39    1452.39  0.000e+00
      14241    137.500     6.7906     6.7917     0.0012    1.40702    1.40708          1 -9.990e-29 -9.990e-29       4.21     0.3435     0.2382  1.000e-12  0.2393000    12.8364    12.8366     0.0002    10.0273    10.0274    136.699    139.052      0.087    1452.39    1452.40  0.000e+00
