ctdpy/exports/archive_20191121_122431/received_data/SBE09_0827_20180904_1139_26_01_0959.cnv
* Sea-Bird SBE 9 Data File:
* FileName = D:\CTD_SBE911\DAT\26DA.2018.9.9.hex
* Software Version Seasave V 7.21d
* Temperature SN = 034605
* Conductivity SN = 041844
* Number of Bytes Per Scan = 48
* Number of Voltage Words = 5
* Number of Scans Averaged by the Deck Unit = 1
* NMEA Latitude = 56 38.15 N
* NMEA Longitude = 019 35.12 E
* NMEA UTC (Time) = Sep 04 2018  11:41:39
* NMEA baud rate = 4800
** Ship: DANA
** Average sound velocity: 1448.79 m/s
** True-depth calculation Wed, 03 Apr 2019 09:25:41 +0000
** CTD Python Module SMHI /ver 3-12/ feb 2012 
** LIMS Job: 20182601-0959
**  BY10
** Operator: Christian
** Cruise: 09/2018
# nquan = 26
# nvalues = 277                         
# units = specified
# name 0 = scan: Scan Count
# name 1 = prDM: Pressure, Digiquartz [db]
# name 2 = t090C: Temperature [ITS-90, deg C]
# name 3 = t190C: Temperature, 2 [ITS-90, deg C]
# name 4 = T2-T190C: Temperature Difference, 2 - 1 [ITS-90, deg C]
# name 5 = c0S/m: Conductivity [S/m]
# name 6 = c1S/m: Conductivity, 2 [S/m]
# name 7 = pumps: Pump Status
# name 8 = sbeox1ML/L: Oxygen, SBE 43, 2 [ml/l]
# name 9 = sbeox0ML/L: Oxygen, SBE 43 [ml/l]
# name 10 = altM: Altimeter [m]
# name 11 = chloroflTC0: Chlorophyll, Turner Cyclops [ug/l]
# name 12 = cpar: CPAR/Corrected Irradiance [%]
# name 13 = par: PAR/Irradiance, Biospherical/Lico [µE/(cm^2*s)]
# name 14 = spar: SPAR, Biospherical/Licor
# name 15 = sal00: Salinity, Practical [PSU]
# name 16 = sal11: Salinity, Practical, 2 [PSU]
# name 17 = secS-priS: Salinity, Practical, Difference, 2 - 1 [PSU]
# name 18 = sigma-t00: Density [sigma-t, kg/m^3 ]
# name 19 = sigma-t11: Density, 2 [sigma-t, kg/m^3 ]
# name 20 = depSM: Depth [salt water, m], lat = 56.6358
# name 21 = depFM: Depth [true depth, m], lat = 56.6358
# name 22 = dz/dtM: Descent Rate [m/s], WS = 2
# name 23 = svCM: Sound Velocity [Chen-Millero, m/s]
# name 24 = svCM1: Sound Velocity, 2 [Chen-Millero, m/s]
# name 25 = flag: flag
# span 0 =        282,      15323       
# span 1 =      2.000,    140.000       
# span 2 =     3.3069,    18.9499       
# span 3 =     3.2778,    18.9532       
# span 4 =    -3.3894,     0.1751       
# span 5 =   0.760675,   1.406219       
# span 6 =   0.760632,   1.405758       
# span 7 =          1,          1       
# span 8 =     0.0381,     7.7577       
# span 9 =     0.0223,     8.0567       
# span 10 =       1.50,       9.98      
# span 11 =     0.0440,     0.2603      
# span 12 = -5.714e-06, 7.7857e+00      
# span 13 = -1.126e-04, 1.5337e+02      
# span 14 = 1.9596e+03, 1.9837e+03      
# span 15 =     6.7818,    12.8288      
# span 16 =     6.7795,    12.8244      
# span 17 =    -0.0872,     0.1671      
# span 18 =     3.5859,    10.0215      
# span 19 =     3.5822,    10.0182      
# span 20 =      1.982,    138.672      
# span 21 =      2.030,    141.579      
# span 22 =     -0.178,      0.309      
# span 23 =    1429.07,    1486.92      
# span 24 =    1428.95,    1486.92      
# span 25 = 0.0000e+00, 0.0000e+00      
# interval = decibars: 0.5              
# start_time = Sep 04 2018 11:41:40 [NMEA time, first data scan]
# bad_flag = -9.990e-29
*END*
[from data line 56]
       3053     30.000     3.8019     3.6653    -0.1365    0.76067    0.76063          1     7.3382     7.6211       9.98     0.0513  5.071e-14  1.000e-12  1.972e+03     7.2431     7.2731     0.0300     5.7625     5.7891     29.723     30.429      0.273    1430.63    1430.05  0.000e+00
       3096     30.500     3.7556     3.7169    -0.0388    0.76146    0.76338          1     7.3950     7.6810       9.98     0.0509  5.072e-14  1.000e-12  1.971e+03     7.2614     7.2897     0.0282     5.7780     5.8013     30.219     30.935      0.280    1430.45    1430.31  0.000e+00
       3141     31.000     3.7356     3.6408    -0.0948    0.76221    0.76266          1     7.4102     7.7171       9.98     0.0489  5.072e-14  1.000e-12  1.972e+03     7.2735     7.2993     0.0259     5.7880     5.8104     30.714     31.442      0.248    1430.38    1429.99  0.000e+00
       3191     31.500     3.6926     3.6201    -0.0725    0.76238    0.76309          1     7.4482     7.7348       9.98     0.0499  5.071e-14  1.000e-12  1.972e+03     7.2847     7.3084     0.0236     5.7978     5.8180     31.209     31.948      0.245    1430.21    1429.91  0.000e+00
       3244     32.000     3.6844     3.6594    -0.0251    0.76332    0.76489          1     7.4938     7.7610       9.98     0.0474  5.069e-14  1.000e-12  1.973e+03     7.2962     7.3180     0.0218     5.8071     5.8249     31.705     32.454      0.207    1430.20    1430.11  0.000e+00
       3298     32.500     3.6722     3.6138    -0.0584    0.76430    0.76449          1     7.4673     7.7634       9.98     0.0471  5.067e-14  1.000e-12  1.973e+03     7.3089     7.3240     0.0151     5.8174     5.8306     32.200     32.961      0.262    1430.16    1429.92  0.000e+00
       3344     33.000     3.6253     3.5947    -0.0304    0.76389    0.76426          1     7.4937     7.8206       9.98     0.0477  5.066e-14  1.000e-12  1.974e+03     7.3152     7.3259     0.0107     5.8234     5.8324     32.695     33.467      0.241    1429.97    1429.84  0.000e+00
       3393     33.500     3.6566     3.6629     0.0061    0.76529    0.76657          1     7.5433     7.8434       9.98     0.0496  5.064e-14  1.000e-12  1.975e+03     7.3224     7.3342     0.0118     5.8285     5.8378     33.191     33.973      0.257    1430.13    1430.17  0.000e+00
       3440     34.000     3.6825     3.6737    -0.0088    0.76694    0.76739          1     7.5481     7.8421       9.98     0.0488  5.066e-14  1.000e-12  1.974e+03     7.3335     7.3401     0.0067     5.8368     5.8423     33.686     34.480      0.248    1430.27    1430.24  0.000e+00
       3489     34.500     3.6862     3.6655    -0.0207    0.76764    0.76765          1     7.5505     7.8425       9.98     0.0491  5.066e-14  1.000e-12  1.974e+03     7.3398     7.3445     0.0047     5.8418     5.8459     34.181     34.986      0.252    1430.30    1430.21  0.000e+00
       3535     35.000     3.6828     3.6709    -0.0119    0.76824    0.76834          1     7.5500     7.8676       9.98     0.0480  5.071e-14  1.000e-12  1.972e+03     7.3467     7.3503     0.0037     5.8473     5.8504     34.677     35.492      0.259    1430.30    1430.25  0.000e+00
       3583     35.500     3.6775     3.6680    -0.0095    0.76868    0.76877          1     7.5949     7.9417       9.98     0.0474  5.071e-14  1.000e-12  1.972e+03     7.3523     7.3554     0.0030     5.8519     5.8545     35.172     35.999      0.244    1430.29    1430.25  0.000e+00
       3630     36.000     3.6853     3.6899     0.0046    0.76953    0.76984          1     7.6518     7.9826       9.98     0.0466  5.071e-14  1.000e-12  1.972e+03     7.3592     7.3613     0.0021     5.8572     5.8588     35.667     36.505      0.269    1430.34    1430.37  0.000e+00
       3676     36.500     3.7016     3.6973    -0.0043    0.77041    0.77045          1     7.6768     7.9966       9.98     0.0469  5.071e-14  1.000e-12  1.972e+03     7.3644     7.3659     0.0014     5.8611     5.8623     36.163     37.011      0.249    1430.43    1430.41  0.000e+00
       3724     37.000     3.7049     3.7087     0.0038    0.77084    0.77107          1     7.6997     8.0094       9.98     0.0489  5.071e-14  1.000e-12  1.972e+03     7.3681     7.3696     0.0015     5.8639     5.8650     36.658     37.517      0.256    1430.46    1430.48  0.000e+00
       3773     37.500     3.7098     3.7006    -0.0092    0.77142    0.77135          1     7.7082     8.0339       9.98     0.0484  5.069e-14  1.000e-12  1.973e+03     7.3728     7.3742     0.0014     5.8675     5.8689     37.153     38.024      0.239    1430.50    1430.46  0.000e+00
       3822     38.000     3.7091     3.7013    -0.0078    0.77193    0.77192          1     7.7289     8.0495       9.98     0.0482  5.069e-14  1.000e-12  1.973e+03     7.3781     7.3798     0.0017     5.8718     5.8733     37.649     38.530      0.246    1430.51    1430.47  0.000e+00
       3871     38.500     3.7280     3.8211     0.0929    0.77295    0.77477          1     7.7577     8.0567       9.98     0.0488  5.066e-14  1.000e-12  1.974e+03     7.3843     7.3818    -0.0025     5.8763     5.8723     38.144     39.036      0.249    1430.61    1431.03  0.000e+00
       3919     39.000     3.8285     3.8485     0.0202    0.77598    0.77634          1     7.6703     7.9434       9.98     0.0473  5.066e-14  1.000e-12  1.974e+03     7.3925     7.3916    -0.0008     5.8807     5.8796     38.639     39.543      0.255    1431.08    1431.17  0.000e+00
       3965     39.500     3.8391     3.8304    -0.0087    0.77666    0.77632          1     7.6175     7.8993       9.98     0.0463  5.066e-14  1.000e-12  1.974e+03     7.3969     7.3955    -0.0015     5.8840     5.8830     39.135     40.049      0.259    1431.14    1431.10  0.000e+00
       4013     40.000     3.7931     3.7451    -0.0480    0.77590    0.77470          1     7.6125     7.9270       9.98     0.0468  5.068e-14  1.000e-12  1.973e+03     7.3995     7.3981    -0.0014     5.8871     5.8870     39.630     40.555      0.255    1430.95    1430.73  0.000e+00
       4059     40.500     3.7689     3.7958     0.0269    0.77580    0.77588          1     7.6819     8.0415       9.98     0.0462  5.072e-14  1.000e-12  1.972e+03     7.4039     7.3987    -0.0053     5.8911     5.8863     40.125     41.061      0.246    1430.85    1430.97  0.000e+00
       4111     41.000     3.9044     3.9336     0.0291    0.77989    0.77991          1     7.7244     7.9937       9.98     0.0462  5.066e-14  1.000e-12  1.974e+03     7.4149     7.4085    -0.0064     5.8968     5.8911     40.621     41.568      0.238    1431.49    1431.61  0.000e+00
       4159     41.500     3.9671     3.9848     0.0177    0.78167    0.78140          1     7.6758     7.9254       9.98     0.0460  5.064e-14  1.000e-12  1.975e+03     7.4188     7.4120    -0.0068     5.8985     5.8926     41.116     42.074      0.239    1431.78    1431.85  0.000e+00
       4211     42.000     3.9924     3.9985     0.0062    0.78246    0.78216          1     7.6180     7.8725       9.98     0.0464  5.061e-14  1.000e-12  1.976e+03     7.4210     7.4166    -0.0045     5.8996     5.8959     41.611     42.580      0.240    1431.91    1431.93  0.000e+00
       4257     42.500     3.9804     3.9699    -0.0104    0.78239    0.78187          1     7.5926     7.8640       9.98     0.0466  5.062e-14  1.000e-12  1.976e+03     7.4230     7.4200    -0.0030     5.9015     5.8993     42.107     43.087      0.270    1431.86    1431.81  0.000e+00
       4303     43.000     3.9519     3.9234    -0.0286    0.78199    0.78114          1     7.5916     7.8702       9.98     0.0458  5.061e-14  1.000e-12  1.976e+03     7.4253     7.4231    -0.0022     5.9039     5.9029     42.602     43.593      0.256    1431.75    1431.61  0.000e+00
       4349     43.500     3.9033     3.8618    -0.0415    0.78102    0.77983          1     7.6060     7.8988       9.98     0.0451  5.061e-14  1.000e-12  1.976e+03     7.4264     7.4237    -0.0027     5.9060     5.9048     43.097     44.099      0.258    1431.53    1431.34  0.000e+00
       4398     44.000     3.8766     3.8383    -0.0382    0.78035    0.77931          1     7.6366     7.9238       9.98     0.0461  5.061e-14  1.000e-12  1.976e+03     7.4256     7.4236    -0.0020     5.9059     5.9052     43.593     44.605      0.243    1431.42    1431.25  0.000e+00
       4445     44.500     3.8412     3.8286    -0.0128    0.78008    0.77945          1     7.6258     7.8934       9.97     0.0461  5.061e-14  1.000e-12  1.976e+03     7.4308     7.4272    -0.0036     5.9109     5.9083     44.088     45.112      0.256    1431.28    1431.21  0.000e+00
       4496     45.000     3.8247     3.8096    -0.0151    0.77995    0.77925          1     7.6068     7.8761       9.97     0.0448  5.064e-14  1.000e-12  1.975e+03     7.4331     7.4294    -0.0037     5.9131     5.9105     44.583     45.618      0.229    1431.21    1431.14  0.000e+00
       4546     45.500     3.8102     3.7863    -0.0240    0.77979    0.77899          1     7.5934     7.8746       9.97     0.0467  5.063e-14  1.000e-12  1.975e+03     7.4347     7.4320    -0.0027     5.9147     5.9130     45.079     46.124      0.239    1431.16    1431.05  0.000e+00
       4596     46.000     3.7505     3.7129    -0.0375    0.77855    0.77749          1     7.5882     7.8454       9.97     0.0453  5.063e-14  1.000e-12  1.975e+03     7.4356     7.4332    -0.0023     5.9167     5.9156     45.574     46.631      0.258    1430.90    1430.72  0.000e+00
       4640     46.500     3.7004     3.6556    -0.0448    0.77759    0.77646          1     7.5295     7.8215       9.97     0.0444  5.066e-14  1.000e-12  1.974e+03     7.4371     7.4358    -0.0013     5.9189     5.9187     46.069     47.137      0.272    1430.68    1430.47  0.000e+00
       4686     47.000     3.6530     3.6385    -0.0145    0.77673    0.77616          1     7.5279     7.8381       9.97     0.0443  5.067e-14  1.000e-12  1.974e+03     7.4390     7.4365    -0.0025     5.9214     5.9196     46.564     47.643      0.252    1430.47    1430.40  0.000e+00
       4733     47.500     3.6662     3.6726     0.0064    0.77753    0.77743          1     7.5806     7.8908       9.97     0.0450  5.071e-14  1.000e-12  1.972e+03     7.4442     7.4417    -0.0025     5.9252     5.9231     47.060     48.149      0.258    1430.55    1430.57  0.000e+00
       4781     48.000     3.6769     3.6538    -0.0231    0.77816    0.77743          1     7.6108     7.9239       9.97     0.0445  5.068e-14  1.000e-12  1.973e+03     7.4481     7.4460    -0.0022     5.9281     5.9269     47.555     48.656      0.244    1430.61    1430.50  0.000e+00
       4830     48.500     3.6430     3.5918    -0.0512    0.77751    0.77618          1     7.6512     7.9546       9.97     0.0450  5.068e-14  1.000e-12  1.973e+03     7.4491     7.4472    -0.0019     5.9296     5.9290     48.050     49.162      0.248    1430.47    1430.23  0.000e+00
       4879     49.000     3.5880     3.5083    -0.0796    0.77649    0.77472          1     7.6404     7.9450       9.97     0.0448  5.068e-14  1.000e-12  1.973e+03     7.4512     7.4512     0.0000     5.9323     5.9337     48.546     49.668      0.241    1430.23    1429.86  0.000e+00
       4929     49.500     3.5100     3.3957    -0.1143    0.77490    0.77231          1     7.5807     7.8891       9.97     0.0441  5.066e-14  1.000e-12  1.974e+03     7.4526     7.4522    -0.0004     5.9348     5.9363     49.041     50.174      0.254    1429.88    1429.36  0.000e+00
       4972     50.000     3.4269     3.3453    -0.0817    0.77319    0.77141          1     7.5085     7.8258       9.97     0.0447  5.066e-14  1.000e-12  1.974e+03     7.4540     7.4543     0.0003     5.9373     5.9388     49.536     50.681      0.272    1429.51    1429.14  0.000e+00
       5021     50.500     3.3695     3.3203    -0.0492    0.77215    0.77119          1     7.4057     7.7100       9.97     0.0440  5.067e-14  1.000e-12  1.974e+03     7.4564     7.4578     0.0015     5.9401     5.9420     50.032     51.187      0.236    1429.26    1429.04  0.000e+00
       5070     51.000     3.3435     3.3090    -0.0346    0.77207    0.77176          1     7.3628     7.6673       9.97     0.0449  5.070e-14  1.000e-12  1.972e+03     7.4615     7.4663     0.0048     5.9445     5.9489     50.527     51.693      0.255    1429.16    1429.00  0.000e+00
       5118     51.500     3.3209     3.2953    -0.0256    0.77211    0.77176          1     7.3762     7.6833       9.97     0.0459  5.067e-14  1.000e-12  1.974e+03     7.4671     7.4694     0.0023     5.9493     5.9515     51.022     52.199      0.237    1429.07    1428.95  0.000e+00
       5169     52.000     3.3212     3.3772     0.0560    0.77280    0.77442          1     7.3233     7.6361       9.97     0.0453  5.070e-14  1.000e-12  1.972e+03     7.4741     7.4779     0.0039     5.9549     5.9571     51.518     52.706      0.250    1429.09    1429.35  0.000e+00
       5217     52.500     3.3554     3.3403    -0.0150    0.77433    0.77432          1     7.1228     7.4666       9.97     0.0447  5.071e-14  1.000e-12  1.972e+03     7.4820     7.4854     0.0034     5.9607     5.9636     52.013     53.212      0.237    1429.26    1429.20  0.000e+00
       5268     53.000     3.3480     3.3028    -0.0452    0.77456    0.77375          1     7.0744     7.3771       9.97     0.0453  5.067e-14  1.000e-12  1.974e+03     7.4860     7.4880     0.0021     5.9640     5.9663     52.508     53.718      0.256    1429.24    1429.04  0.000e+00
       5311     53.500     3.3305     3.3347     0.0042    0.77468    0.77472          1     7.1066     7.3895       9.97     0.0455  5.075e-14  1.000e-12  1.970e+03     7.4913     7.4907    -0.0006     5.9685     5.9680     53.003     54.224      0.268    1429.17    1429.19  0.000e+00
       5362     54.000     3.3398     3.4833     0.1434    0.77547    0.77875          1     7.0572     7.3807       9.97     0.0453  5.076e-14  1.000e-12  1.970e+03     7.4972     7.4980     0.0008     5.9731     5.9714     53.499     54.731      0.220    1429.23    1429.89  0.000e+00
       5412     54.500     3.4079     3.4196     0.0119    0.77759    0.77813          1     6.8416     7.2339       9.97     0.0441  5.079e-14  1.000e-12  1.969e+03     7.5034     7.5062     0.0028     5.9769     5.9790     53.994     55.237      0.256    1429.56    1429.62  0.000e+00
       5463     55.000     3.4271     3.4173    -0.0097    0.77864    0.77867          1     6.7505     7.0706       9.97     0.0447  5.079e-14  1.000e-12  1.969e+03     7.5097     7.5123     0.0026     5.9817     5.9839     54.489     55.743      0.226    1429.66    1429.62  0.000e+00
       5514     55.500     3.4119     3.3560    -0.0559    0.77873    0.77755          1     6.7537     7.0277       9.97     0.0452  5.082e-14  1.000e-12  1.968e+03     7.5142     7.5148     0.0007     5.9854     5.9869     54.985     56.249      0.241    1429.61    1429.35  0.000e+00
       5565     56.000     3.3844     3.3191    -0.0654    0.77845    0.77740          1     6.8147     7.0767       9.97     0.0455  5.077e-14  1.000e-12  1.970e+03     7.5175     7.5218     0.0043     5.9886     5.9929     55.480     56.756      0.235    1429.49    1429.20  0.000e+00
       5614     56.500     3.3487     3.2778    -0.0708    0.77830    0.77756          1     6.8007     7.0856       9.97     0.0451  5.076e-14  1.000e-12  1.970e+03     7.5242     7.5330     0.0088     5.9944     6.0025     55.975     57.262      0.254    1429.35    1429.03  0.000e+00
       5662     57.000     3.3174     3.2848    -0.0325    0.77840    0.77895          1     6.8166     7.1025       9.97     0.0440  5.077e-14  1.000e-12  1.970e+03     7.5324     7.5457     0.0133     6.0014     6.0125     56.470     57.768      0.242    1429.22    1429.09  0.000e+00
