ctdpy/exports/archive_20191121_122431/received_data/SBE09_0827_20181124_1748_26_01_1238.cnv
* Sea-Bird SBE 9 Data File:
* FileName = D:\CTD_SBE911\DAT\26DA.2018.12.38.hex
* Software Version Seasave V 7.21d
* Temperature SN = 4548
* Conductivity SN = 3062
* Number of Bytes Per Scan = 48
* Number of Voltage Words = 5
* Number of Scans Averaged by the Deck Unit = 1
* NMEA Latitude = 57 46.51 N
* NMEA Longitude = 018 08.17 E
* NMEA UTC (Time) = Nov 24 2018  17:48:33
* NMEA baud rate = 4800
** Ship: DANA
** Average sound velocity: 1441.56 m/s
** True-depth calculation Tue, 02 Apr 2019 12:14:21 +0000
** CTD Python Module SMHI /ver 3-12/ feb 2012 
** LIMS Job: 20182601-1238
** Operator: Ronny
** Cruise: 12/2018
# nquan = 26
# nvalues = 210                         
# units = specified
# name 0 = scan: Scan Count
# name 1 = prDM: Pressure, Digiquartz [db]
# name 2 = t090C: Temperature [ITS-90, deg C]
# name 3 = t190C: Temperature, 2 [ITS-90, deg C]
# name 4 = T2-T190C: Temperature Difference, 2 - 1 [ITS-90, deg C]
# name 5 = c0S/m: Conductivity [S/m]
# name 6 = c1S/m: Conductivity, 2 [S/m]
# name 7 = pumps: Pump Status
# name 8 = sbeox1ML/L: Oxygen, SBE 43, 2 [ml/l]
# name 9 = sbeox0ML/L: Oxygen, SBE 43 [ml/l]
# name 10 = altM: Altimeter [m]
# name 11 = chloroflTC0: Chlorophyll, Turner Cyclops [ug/l]
# name 12 = cpar: CPAR/Corrected Irradiance [%]
# name 13 = par: PAR/Irradiance, Biospherical/Lico [µE/(cm^2*s)]
# name 14 = spar: SPAR, Biospherical/Licor
# name 15 = sal00: Salinity, Practical [PSU]
# name 16 = sal11: Salinity, Practical, 2 [PSU]
# name 17 = secS-priS: Salinity, Practical, Difference, 2 - 1 [PSU]
# name 18 = sigma-t00: Density [sigma-t, kg/m^3 ]
# name 19 = sigma-t11: Density, 2 [sigma-t, kg/m^3 ]
# name 20 = depSM: Depth [salt water, m], lat = 57.7752
# name 21 = depFM: Depth [true depth, m], lat = 57.7752
# name 22 = dz/dtM: Descent Rate [m/s], WS = 2
# name 23 = svCM: Sound Velocity [Chen-Millero, m/s]
# name 24 = svCM1: Sound Velocity, 2 [Chen-Millero, m/s]
# name 25 = flag: flag
# span 0 =        225,      10064       
# span 1 =      0.500,    105.000       
# span 2 =     4.3651,     7.6489       
# span 3 =     4.3529,     7.6368       
# span 4 =    -0.2375,     0.0841       
# span 5 =   0.783260,   1.138680       
# span 6 =   0.783266,   1.138654       
# span 7 =          1,          1       
# span 8 =     0.0949,     7.6502       
# span 9 =     0.0450,     7.8840       
# span 10 =       1.42,       9.99      
# span 11 =     0.0159,     0.0243      
# span 12 = 4.9241e-11, 4.9241e-11      
# span 13 = 1.0000e-12, 1.0000e-12      
# span 14 = 2.0308e+00, 2.0308e+00      
# span 15 =     6.7727,    10.5378      
# span 16 =     6.7726,    10.5373      
# span 17 =    -0.0187,     0.0868      
# span 18 =     5.2416,     8.2931      
# span 19 =     5.2415,     8.2926      
# span 20 =      0.495,    104.003      
# span 21 =      0.507,    106.284      
# span 22 =      0.199,      0.300      
# span 23 =    1434.73,    1446.78      
# span 24 =    1434.67,    1446.73      
# span 25 = 0.0000e+00, 0.0000e+00      
# interval = decibars: 0.5              
# start_time = Nov 24 2018 17:48:33 [NMEA time, first data scan]
# bad_flag = -9.990e-29
*END*
[from data line 56]
       2718     28.500     7.5836     7.5860     0.0024    0.81084    0.81065          1     7.5346     7.7622       9.96     0.0195  4.924e-11  1.000e-12  2.031e+00     6.9339     6.9317    -0.0022     5.3359     5.3340     28.234     28.877      0.247    1446.58    1446.58  0.000e+00
       2763     29.000     7.5767     7.5774     0.0007    0.81116    0.81114          1     7.5191     7.7593       9.96     0.0195  4.924e-11  1.000e-12  2.031e+00     6.9382     6.9378    -0.0003     5.3397     5.3394     28.730     29.383      0.269    1446.56    1446.56  0.000e+00
       2810     29.500     7.5676     7.5684     0.0008    0.81141    0.81138          1     7.5254     7.7517       9.96     0.0195  4.924e-11  1.000e-12  2.031e+00     6.9422     6.9418    -0.0004     5.3436     5.3432     29.225     29.890      0.257    1446.54    1446.54  0.000e+00
       2855     30.000     7.5529     7.5522    -0.0007    0.81185    0.81189          1     7.5146     7.7403       9.96     0.0194  4.924e-11  1.000e-12  2.031e+00     6.9491     6.9497     0.0005     5.3501     5.3506     29.720     30.396      0.256    1446.49    1446.49  0.000e+00
       2903     30.500     7.5494     7.5475    -0.0019    0.81192    0.81197          1     7.5042     7.7373       9.96     0.0195  4.924e-11  1.000e-12  2.031e+00     6.9505     6.9513     0.0009     5.3514     5.3522     30.216     30.903      0.262    1446.49    1446.48  0.000e+00
       2948     31.000     7.5368     7.5308    -0.0060    0.81233    0.81244          1     7.4724     7.7017       9.96     0.0194  4.924e-11  1.000e-12  2.031e+00     6.9566     6.9589     0.0023     5.3572     5.3594     30.711     31.409      0.255    1446.45    1446.43  0.000e+00
       2995     31.500     7.5187     7.5069    -0.0117    0.81267    0.81282          1     7.4415     7.6667       9.96     0.0190  4.924e-11  1.000e-12  2.031e+00     6.9634     6.9670     0.0037     5.3638     5.3675     31.206     31.916      0.261    1446.39    1446.35  0.000e+00
       3042     32.000     7.4930     7.4729    -0.0201    0.81286    0.81290          1     7.3883     7.6316       9.96     0.0182  4.924e-11  1.000e-12  2.031e+00     6.9702     6.9745     0.0044     5.3710     5.3759     31.702     32.422      0.258    1446.30    1446.23  0.000e+00
       3087     32.500     7.4685     7.4487    -0.0198    0.81278    0.81275          1     7.3751     7.6116       9.96     0.0179  4.924e-11  1.000e-12  2.031e+00     6.9743     6.9780     0.0037     5.3760     5.3804     32.197     32.929      0.257    1446.21    1446.14  0.000e+00
       3135     33.000     7.4424     7.4266    -0.0157    0.81278    0.81299          1     7.3629     7.5999       9.96     0.0173  4.924e-11  1.000e-12  2.031e+00     6.9795     6.9846     0.0051     5.3821     5.3872     32.692     33.436      0.262    1446.12    1446.06  0.000e+00
       3180     33.500     7.4229     7.3952    -0.0278    0.81339    0.81358          1     7.3290     7.5758       9.96     0.0173  4.924e-11  1.000e-12  2.031e+00     6.9890     6.9964     0.0073     5.3909     5.3987     33.187     33.942      0.253    1446.06    1445.95  0.000e+00
       3228     34.000     7.3795     7.3520    -0.0276    0.81334    0.81317          1     7.2974     7.5352       9.96     0.0171  4.924e-11  1.000e-12  2.031e+00     6.9972     7.0012     0.0040     5.4005     5.4056     33.683     34.449      0.262    1445.90    1445.79  0.000e+00
       3274     34.500     7.3519     7.3321    -0.0198    0.81324    0.81313          1     7.2989     7.5139       9.96     0.0171  4.924e-11  1.000e-12  2.031e+00     7.0018     7.0047     0.0029     5.4061     5.4098     34.178     34.955      0.247    1445.80    1445.72  0.000e+00
       3322     35.000     7.3329     7.2911    -0.0418    0.81307    0.81226          1     7.2568     7.4978       9.96     0.0171  4.924e-11  1.000e-12  2.031e+00     7.0040     7.0049     0.0009     5.4091     5.4128     34.673     35.462      0.261    1445.73    1445.56  0.000e+00
       3368     35.500     7.3007     7.2410    -0.0598    0.81245    0.81168          1     7.2034     7.4608       9.96     0.0171  4.924e-11  1.000e-12  2.031e+00     7.0046     7.0097     0.0050     5.4119     5.4201     35.169     35.968      0.260    1445.60    1445.36  0.000e+00
       3415     36.000     7.2654     7.2390    -0.0265    0.81217    0.81305          1     7.2313     7.4419       9.96     0.0173  4.924e-11  1.000e-12  2.031e+00     7.0091     7.0227     0.0135     5.4180     5.4304     35.664     36.475      0.252    1445.47    1445.38  0.000e+00
       3462     36.500     7.2509     7.2465    -0.0045    0.81261    0.81505          1     7.3056     7.4603       9.96     0.0172  4.924e-11  1.000e-12  2.031e+00     7.0162     7.0397     0.0235     5.4245     5.4433     36.159     36.981      0.264    1445.43    1445.44  0.000e+00
       3508     37.000     7.2528     7.2299    -0.0229    0.81405    0.81709          1     7.2920     7.5046       9.96     0.0178  4.924e-11  1.000e-12  2.031e+00     7.0291     7.0620     0.0329     5.4345     5.4619     36.655     37.488      0.254    1445.46    1445.40  0.000e+00
       3555     37.500     7.2433     7.2742     0.0308    0.81597    0.82114          1     7.2798     7.5168       9.96     0.0171  4.924e-11  1.000e-12  2.031e+00     7.0487     7.0904     0.0417     5.4506     5.4811     37.150     37.994      0.257    1445.45    1445.63  0.000e+00
       3602     38.000     7.2553     7.3393     0.0841    0.81885    0.82512          1     7.2673     7.5204       9.96     0.0171  4.924e-11  1.000e-12  2.031e+00     7.0730     7.1140     0.0410     5.4688     5.4950     37.645     38.501      0.252    1445.54    1445.94  0.000e+00
       3649     38.500     7.3102     7.3598     0.0495    0.82320    0.82774          1     7.2931     7.5123       9.96     0.0175  4.924e-11  1.000e-12  2.031e+00     7.1020     7.1339     0.0319     5.4877     5.5092     38.140     39.007      0.259    1445.81    1446.06  0.000e+00
       3695     39.000     7.3383     7.2662    -0.0720    0.82613    0.82600          1     7.2524     7.5015       9.96     0.0171  4.924e-11  1.000e-12  2.031e+00     7.1234     7.1370     0.0136     5.5025     5.5183     38.636     39.514      0.258    1445.96    1445.68  0.000e+00
       3742     39.500     7.2609     7.0979    -0.1628    0.82523    0.82081          1     7.2035     7.4391       9.96     0.0171  4.924e-11  1.000e-12  2.031e+00     7.1309     7.1234    -0.0075     5.5138     5.5193     39.131     40.020      0.250    1445.66    1444.97  0.000e+00
       3790     40.000     7.1625     7.1790     0.0163    0.82269    0.82397          1     7.2179     7.4346       9.96     0.0171  4.924e-11  1.000e-12  2.031e+00     7.1275     7.1360     0.0085     5.5181     5.5236     39.626     40.527      0.255    1445.25    1445.33  0.000e+00
       3837     40.500     7.1796     7.1776    -0.0019    0.82390    0.82420          1     7.2467     7.4492       9.96     0.0171  4.924e-11  1.000e-12  2.031e+00     7.1352     7.1384     0.0032     5.5229     5.5256     40.121     41.033      0.250    1445.34    1445.34  0.000e+00
       3885     41.000     7.1552     7.0260    -0.1292    0.82331    0.81970          1     7.2089     7.4358       9.96     0.0171  4.924e-11  1.000e-12  2.031e+00     7.1346     7.1277    -0.0070     5.5242     5.5275     40.617     41.540      0.256    1445.25    1444.70  0.000e+00
       3934     41.500     6.9747     6.7704    -0.2044    0.81787    0.81270          1     7.1528     7.3672       9.96     0.0171  4.924e-11  1.000e-12  2.031e+00     7.1210     7.1148    -0.0062     5.5257     5.5342     41.112     42.046      0.233    1444.48    1443.61  0.000e+00
       3983     42.000     6.7767     6.6495    -0.1272    0.81302    0.81119          1     7.1089     7.3206       9.96     0.0171  4.924e-11  1.000e-12  2.031e+00     7.1165     7.1256     0.0092     5.5351     5.5503     41.607     42.553      0.266    1443.65    1443.13  0.000e+00
       4030     42.500     6.6710     6.5898    -0.0812    0.81160    0.81063          1     7.0886     7.2947       9.96     0.0171  4.924e-11  1.000e-12  2.031e+00     7.1250     7.1327     0.0077     5.5485     5.5595     42.103     43.059      0.244    1443.23    1442.89  0.000e+00
       4077     43.000     6.6037     6.5530    -0.0507    0.81090    0.81091          1     7.0658     7.2781       9.96     0.0171  4.924e-11  1.000e-12  2.031e+00     7.1323     7.1430     0.0107     5.5584     5.5699     42.598     43.566      0.268    1442.96    1442.75  0.000e+00
       4124     43.500     6.5664     6.5193    -0.0471    0.81104    0.81084          1     7.0461     7.2551       9.96     0.0171  4.924e-11  1.000e-12  2.031e+00     7.1413     7.1492     0.0079     5.5678     5.5769     43.093     44.072      0.245    1442.82    1442.63  0.000e+00
       4172     44.000     6.5309     6.5151    -0.0159    0.81093    0.81134          1     7.0304     7.2456       9.96     0.0171  4.924e-11  1.000e-12  2.031e+00     7.1476     7.1548     0.0072     5.5749     5.5815     43.588     44.578      0.254    1442.68    1442.63  0.000e+00
       4220     44.500     6.5214     6.5011    -0.0203    0.81147    0.81199          1     7.0071     7.2434       9.96     0.0171  4.924e-11  1.000e-12  2.031e+00     7.1547     7.1639     0.0092     5.5810     5.5895     44.084     45.085      0.244    1442.66    1442.59  0.000e+00
       4269     45.000     6.5030     6.4600    -0.0430    0.81197    0.81220          1     6.9946     7.2224       9.96     0.0171  4.924e-11  1.000e-12  2.031e+00     7.1632     7.1744     0.0111     5.5888     5.6002     44.579     45.591      0.248    1442.60    1442.43  0.000e+00
       4317     45.500     6.4649     6.4196    -0.0453    0.81224    0.81363          1     6.9465     7.1880       9.96     0.0171  4.924e-11  1.000e-12  2.031e+00     7.1736     7.1964     0.0228     5.5993     5.6200     45.074     46.098      0.251    1442.46    1442.30  0.000e+00
       4365     46.000     6.4295     6.4125    -0.0170    0.81381    0.81567          1     6.8926     7.1327       9.96     0.0171  4.924e-11  1.000e-12  2.031e+00     7.1960     7.2172     0.0212     5.6190     5.6368     45.569     46.604      0.253    1442.34    1442.30  0.000e+00
       4413     46.500     6.4215     6.4440     0.0224    0.81557    0.81826          1     6.9092     7.1002       9.96     0.0170  4.924e-11  1.000e-12  2.031e+00     7.2143     7.2351     0.0208     5.6339     5.6490     46.065     47.111      0.247    1442.34    1442.46  0.000e+00
       4462     47.000     6.4351     6.2901    -0.1449    0.81809    0.81711          1     6.8130     7.0497       9.96     0.0169  4.924e-11  1.000e-12  2.031e+00     7.2354     7.2569     0.0215     5.6497     5.6751     46.560     47.617      0.245    1442.44    1441.84  0.000e+00
       4509     47.500     6.2826     6.0451    -0.2375    0.81649    0.81399          1     6.7346     6.9450       9.96     0.0167  4.924e-11  1.000e-12  2.031e+00     7.2524     7.2792     0.0268     5.6720     5.7064     47.055     48.123      0.256    1441.82    1440.83  0.000e+00
       4559     48.000     6.0877     5.8555    -0.2322    0.81453    0.81332          1     6.6553     6.8671       9.96     0.0164  4.924e-11  1.000e-12  2.031e+00     7.2753     7.3136     0.0383     5.7010     5.7435     47.551     48.630      0.236    1441.02    1440.07  0.000e+00
       4608     48.500     5.9059     5.7648    -0.1411    0.81355    0.81294          1     6.6445     6.8202       9.96     0.0169  4.924e-11  1.000e-12  2.031e+00     7.3049     7.3295     0.0247     5.7340     5.7607     48.046     49.136      0.248    1440.28    1439.71  0.000e+00
       4656     49.000     5.7911     5.7405    -0.0506    0.81309    0.81329          1     6.6259     6.8056       9.96     0.0168  4.924e-11  1.000e-12  2.031e+00     7.3252     7.3381     0.0128     5.7560     5.7687     48.541     49.643      0.250    1439.82    1439.62  0.000e+00
       4705     49.500     5.7536     5.7313    -0.0223    0.81330    0.81354          1     6.6097     6.7944       9.96     0.0168  4.924e-11  1.000e-12  2.031e+00     7.3353     7.3425     0.0072     5.7659     5.7726     49.036     50.149      0.246    1439.68    1439.60  0.000e+00
       4754     50.000     5.7415     5.7245    -0.0170    0.81354    0.81372          1     6.6107     6.8003       9.96     0.0169  4.924e-11  1.000e-12  2.031e+00     7.3402     7.3456     0.0055     5.7703     5.7754     49.532     50.655      0.244    1439.64    1439.58  0.000e+00
       4803     50.500     5.7287     5.6963    -0.0324    0.81372    0.81399          1     6.5960     6.7846       9.96     0.0169  4.924e-11  1.000e-12  2.031e+00     7.3446     7.3543     0.0097     5.7744     5.7837     50.027     51.162      0.247    1439.60    1439.47  0.000e+00
       4852     51.000     5.7045     5.6686    -0.0360    0.81403    0.81482          1     6.5787     6.7669       9.96     0.0167  4.924e-11  1.000e-12  2.031e+00     7.3528     7.3684     0.0156     5.7821     5.7962     50.522     51.668      0.241    1439.52    1439.38  0.000e+00
       4901     51.500     5.6772     5.5877    -0.0896    0.81468    0.81519          1     6.5062     6.7366       9.96     0.0160  4.924e-11  1.000e-12  2.031e+00     7.3651     7.3897     0.0246     5.7932     5.8169     51.017     52.174      0.244    1439.42    1439.06  0.000e+00
       4952     52.000     5.5889     5.4255    -0.1632    0.81504    0.81500          1     6.4217     6.6641       9.96     0.0166  4.924e-11  1.000e-12  2.031e+00     7.3878     7.4235     0.0357     5.8154     5.8512     51.513     52.681      0.242    1439.07    1438.41  0.000e+00
       5000     52.500     5.4504     5.3581    -0.0924    0.81504    0.81537          1     6.3714     6.5772       9.96     0.0160  4.924e-11  1.000e-12  2.031e+00     7.4184     7.4420     0.0237     5.8460     5.8689     52.008     53.187      0.241    1438.52    1438.15  0.000e+00
       5050     53.000     5.3739     5.2951    -0.0789    0.81536    0.81559          1     6.3307     6.5205       9.96     0.0160  4.924e-11  1.000e-12  2.031e+00     7.4383     7.4581     0.0198     5.8652     5.8844     52.503     53.693      0.251    1438.22    1437.90  0.000e+00
       5097     53.500     5.2841     5.0981    -0.1859    0.81512    0.81317          1     6.2487     6.4377       9.96     0.0160  4.924e-11  1.000e-12  2.031e+00     7.4558     7.4782     0.0224     5.8831     5.9087     52.998     54.200      0.249    1437.86    1437.07  0.000e+00
       5145     54.000     5.1190     4.9764    -0.1427    0.81316    0.81183          1     6.1636     6.3607       9.96     0.0159  4.924e-11  1.000e-12  2.031e+00     7.4734     7.4923     0.0189     5.9040     5.9247     53.494     54.706      0.257    1437.17    1436.57  0.000e+00
       5193     54.500     4.9960     4.9061    -0.0898    0.81197    0.81188          1     6.1232     6.3115       9.96     0.0159  4.924e-11  1.000e-12  2.031e+00     7.4892     7.5085     0.0194     5.9214     5.9403     53.989     55.212      0.248    1436.66    1436.29  0.000e+00
       5240     55.000     4.9497     5.0071     0.0572    0.81281    0.81647          1     6.1095     6.2961       9.96     0.0159  4.924e-11  1.000e-12  2.031e+00     7.5078     7.5311     0.0233     5.9380     5.9542     54.484     55.718      0.253    1436.48    1436.77  0.000e+00
       5288     55.500     4.9924     4.9245    -0.0679    0.81593    0.81722          1     6.0610     6.2532       9.96     0.0159  4.924e-11  1.000e-12  2.031e+00     7.5291     7.5573     0.0282     5.9532     5.9781     54.979     56.225      0.259    1436.71    1436.44  0.000e+00
