ctdpy/exports/archive_20191121_122431/received_data/SBE09_0827_20180128_0612_26_01_0241.cnv
* Sea-Bird SBE 9 Data File:
* FileName = D:\CTD_SBE911\DAT\26DA.2018.1.141.hex
* Software Version Seasave V 7.21d
* Temperature SN = 034757
* Conductivity SN = 041844
* Number of Bytes Per Scan = 48
* Number of Voltage Words = 5
* Number of Scans Averaged by the Deck Unit = 1
* NMEA Latitude = 56 54.47 N
* NMEA Longitude = 012 15.28 E
* NMEA UTC (Time) = Jan 28 2018  06:12:58
* NMEA baud rate = 4800
** Ship: DANA
** Average sound velocity: 1457.64 m/s
** True-depth calculation Thu, 28 Mar 2019 08:32:58 +0000
** CTD Python Module SMHI /ver 3-12/ feb 2012 
** LIMS Job: 20182601-0241
** Morups Bank
** Operator: Ronny Sørensen
** Cruise: 01/2018
# nquan = 26
# nvalues = 48                          
# units = specified
# name 0 = scan: Scan Count
# name 1 = prDM: Pressure, Digiquartz [db]
# name 2 = t090C: Temperature [ITS-90, deg C]
# name 3 = t190C: Temperature, 2 [ITS-90, deg C]
# name 4 = T2-T190C: Temperature Difference, 2 - 1 [ITS-90, deg C]
# name 5 = c0S/m: Conductivity [S/m]
# name 6 = c1S/m: Conductivity, 2 [S/m]
# name 7 = pumps: Pump Status
# name 8 = sbeox1ML/L: Oxygen, SBE 43, 2 [ml/l]
# name 9 = sbeox0ML/L: Oxygen, SBE 43 [ml/l]
# name 10 = altM: Altimeter [m]
# name 11 = chloroflTC0: Chlorophyll, Turner Cyclops [ug/l]
# name 12 = cpar: CPAR/Corrected Irradiance [%]
# name 13 = par: PAR/Irradiance, Biospherical/Lico [µE/(cm^2*s)]
# name 14 = spar: SPAR, Biospherical/Licor
# name 15 = sal00: Salinity, Practical [PSU]
# name 16 = sal11: Salinity, Practical, 2 [PSU]
# name 17 = secS-priS: Salinity, Practical, Difference, 2 - 1 [PSU]
# name 18 = sigma-t00: Density [sigma-t, kg/m^3 ]
# name 19 = sigma-t11: Density, 2 [sigma-t, kg/m^3 ]
# name 20 = depSM: Depth [salt water, m], lat = 56.9078
# name 21 = depFM: Depth [true depth, m], lat = 56.9078
# name 22 = dz/dtM: Descent Rate [m/s], WS = 2
# name 23 = svCM: Sound Velocity [Chen-Millero, m/s]
# name 24 = svCM1: Sound Velocity, 2 [Chen-Millero, m/s]
# name 25 = flag: flag
# span 0 =       -249,       4858       
# span 1 =      2.500,     26.000       
# span 2 =     3.6338,     7.5559       
# span 3 =     3.6328,     7.5608       
# span 4 =    -0.0020,     0.5887       
# span 5 =   1.827258,   3.476694       
# span 6 =   1.826746,   3.476928       
# span 7 =          1,          1       
# span 8 =     5.5547,     7.5079       
# span 9 =     5.7254,     7.6035       
# span 10 =       1.74,      10.26      
# span 11 =     0.0199,     0.1155      
# span 12 = 4.9241e-11, 4.9241e-11      
# span 13 = 1.0000e-12, 1.0000e-12      
# span 14 = 2.0308e+00, 2.0308e+00      
# span 15 =    18.7767,    33.8674      
# span 16 =    18.7715,    33.8697      
# span 17 =    -0.0946,     1.4340      
# span 18 =    14.9274,    26.4489      
# span 19 =    14.9233,    26.4507      
# span 20 =      2.477,     25.760      
# span 21 =      2.509,     25.993      
# span 22 =     -0.268,      0.463      
# span 23 =    1444.28,    1479.81      
# span 24 =    1444.27,    1479.81      
# span 25 = 0.0000e+00, 0.0000e+00      
# interval = decibars: 0.5              
# start_time = Jan 28 2018 06:12:58 [NMEA time, first data scan]
# bad_flag = -9.990e-29
*END*
       -249      2.500     3.6405     3.6387    -0.0018    1.82782    1.82723          1     7.4730     7.6035       1.86     0.0215  4.924e-11  1.000e-12  2.031e+00    18.7812    18.7756    -0.0055    14.9306    14.9263      2.477      2.509     -0.268    1444.28    1444.27  0.000e+00
        318      3.000     3.6358     3.6359     0.0001    1.82734    1.82693          1     7.4557     7.5865       3.22     0.0199  4.924e-11  1.000e-12  2.031e+00    18.7784    18.7737    -0.0047    14.9286    14.9249      2.972      3.011      0.337    1444.28    1444.27  0.000e+00
        343      3.500     3.6355     3.6353    -0.0002    1.82730    1.82686          1     7.4651     7.5854       3.26     0.0201  4.924e-11  1.000e-12  2.031e+00    18.7779    18.7732    -0.0048    14.9283    14.9245      3.468      3.512      0.450    1444.28    1444.27  0.000e+00
        407      4.000     3.6359     3.6355    -0.0004    1.82735    1.82689          1     7.4617     7.5870       2.68     0.0212  4.924e-11  1.000e-12  2.031e+00    18.7781    18.7732    -0.0049    14.9284    14.9245      3.963      4.014      0.231    1444.29    1444.28  0.000e+00
        476      4.500     3.6361     3.6355    -0.0006    1.82740    1.82692          1     7.4183     7.5823       4.19     0.0210  4.924e-11  1.000e-12  2.031e+00    18.7783    18.7733    -0.0050    14.9285    14.9246      4.459      4.516      0.324    1444.30    1444.29  0.000e+00
        509      5.000     3.6363     3.6353    -0.0011    1.82743    1.82692          1     7.4271     7.5816       7.61     0.0215  4.924e-11  1.000e-12  2.031e+00    18.7785    18.7733    -0.0052    14.9287    14.9246      4.954      5.018      0.318    1444.31    1444.30  0.000e+00
        552      5.500     3.6365     3.6347    -0.0018    1.82747    1.82687          1     7.4545     7.5781      10.26     0.0223  4.924e-11  1.000e-12  2.031e+00    18.7786    18.7730    -0.0056    14.9288    14.9244      5.449      5.520      0.219    1444.32    1444.30  0.000e+00
        629      6.000     3.6355     3.6336    -0.0020    1.82739    1.82687          1     7.5079     7.5800       9.95     0.0239  4.924e-11  1.000e-12  2.031e+00    18.7782    18.7734    -0.0048    14.9285    14.9248      5.945      6.021      0.267    1444.32    1444.31  0.000e+00
        669      6.500     3.6353     3.6345    -0.0008    1.82748    1.82700          1     7.4870     7.5900       9.95     0.0243  4.924e-11  1.000e-12  2.031e+00    18.7791    18.7742    -0.0048    14.9292    14.9254      6.440      6.523      0.323    1444.33    1444.32  0.000e+00
        715      7.000     3.6352     3.6337    -0.0015    1.82749    1.82700          1     7.4876     7.5989       9.95     0.0244  4.924e-11  1.000e-12  2.031e+00    18.7790    18.7744    -0.0046    14.9292    14.9256      6.936      7.025      0.223    1444.34    1444.32  0.000e+00
        784      7.500     3.6345     3.6335    -0.0010    1.82743    1.82696          1     7.4547     7.5823       9.95     0.0244  4.924e-11  1.000e-12  2.031e+00    18.7787    18.7740    -0.0047    14.9290    14.9253      7.431      7.527      0.310    1444.34    1444.33  0.000e+00
        816      8.000     3.6342     3.6333    -0.0010    1.82740    1.82688          1     7.4658     7.5744       9.95     0.0244  4.924e-11  1.000e-12  2.031e+00    18.7784    18.7731    -0.0053    14.9287    14.9245      7.926      8.028      0.316    1444.35    1444.34  0.000e+00
        874      8.500     3.6341     3.6329    -0.0011    1.82738    1.82689          1     7.4833     7.5813       9.95     0.0244  4.924e-11  1.000e-12  2.031e+00    18.7780    18.7732    -0.0048    14.9284    14.9247      8.422      8.530      0.200    1444.36    1444.34  0.000e+00
        934      9.000     3.6338     3.6328    -0.0010    1.82726    1.82675          1     7.4625     7.5798       9.95     0.0244  4.924e-11  1.000e-12  2.031e+00    18.7767    18.7715    -0.0052    14.9274    14.9233      8.917      9.032      0.241    1444.36    1444.35  0.000e+00
        987      9.500     3.6339     3.6329    -0.0010    1.82733    1.82687          1     7.4593     7.5913       9.95     0.0245  4.924e-11  1.000e-12  2.031e+00    18.7773    18.7726    -0.0047    14.9278    14.9242      9.413      9.534      0.192    1444.37    1444.36  0.000e+00
       1054     10.000     3.6350     3.6344    -0.0006    1.82810    1.82764          1     7.4855     7.5779       9.95     0.0243  4.924e-11  1.000e-12  2.031e+00    18.7850    18.7803    -0.0047    14.9339    14.9302      9.908     10.036      0.305    1444.39    1444.38  0.000e+00
       1084     10.500     3.6352     3.6344    -0.0008    1.82816    1.82784          1     7.4746     7.5819       9.95     0.0244  4.924e-11  1.000e-12  2.031e+00    18.7855    18.7824    -0.0030    14.9343    14.9319     10.403     10.537      0.346    1444.40    1444.39  0.000e+00
       1165     11.000     3.6364     3.6356    -0.0007    1.82879    1.82841          1     7.4624     7.5849       9.95     0.0243  4.924e-11  1.000e-12  2.031e+00    18.7917    18.7879    -0.0038    14.9392    14.9361     10.899     11.039      0.289    1444.42    1444.41  0.000e+00
       1202     11.500     3.6375     3.6361    -0.0014    1.82929    1.82859          1     7.4422     7.5885       9.95     0.0244  4.924e-11  1.000e-12  2.031e+00    18.7964    18.7895    -0.0070    14.9429    14.9374     11.394     11.541      0.403    1444.44    1444.43  0.000e+00
       1239     12.000     3.6418     3.6423     0.0005    1.83125    1.83039          1     7.4667     7.5779       9.95     0.0242  4.924e-11  1.000e-12  2.031e+00    18.8157    18.8058    -0.0098    14.9579    14.9501     11.890     12.043      0.247    1444.49    1444.48  0.000e+00
       1323     12.500     3.6459     3.6456    -0.0003    1.83275    1.83215          1     7.4603     7.5732       9.95     0.0244  4.924e-11  1.000e-12  2.031e+00    18.8300    18.8235    -0.0065    14.9690    14.9639     12.385     12.544      0.315    1444.54    1444.53  0.000e+00
       1355     13.000     3.6529     3.6534     0.0005    1.83550    1.83454          1     7.4664     7.5708       9.95     0.0245  4.924e-11  1.000e-12  2.031e+00    18.8565    18.8455    -0.0109    14.9896    14.9809     12.880     13.046      0.328    1444.61    1444.60  0.000e+00
       1399     13.500     3.6710     3.6805     0.0095    1.84230    1.84281          1     7.4307     7.5622       9.95     0.0243  4.924e-11  1.000e-12  2.031e+00    18.9219    18.9221     0.0002    15.0406    15.0402     13.376     13.548      0.233    1444.78    1444.82  0.000e+00
       1459     14.000     3.7255     3.7366     0.0112    1.86040    1.86138          1     7.4253     7.5325       9.95     0.0242  4.924e-11  1.000e-12  2.031e+00    19.0923    19.0968     0.0045    15.1728    15.1758     13.871     14.050      0.211    1445.25    1445.30  0.000e+00
       1506     14.500     3.7494     3.7619     0.0124    1.86929    1.87111          1     7.3987     7.5074       9.95     0.0241  4.924e-11  1.000e-12  2.031e+00    19.1775    19.1905     0.0130    15.2391    15.2487     14.366     14.551      0.321    1445.47    1445.54  0.000e+00
       1542     15.000     3.7681     3.7943     0.0264    1.87684    1.88289          1     7.3492     7.4934       9.95     0.0238  4.924e-11  1.000e-12  2.031e+00    19.2507    19.3028     0.0521    15.2961    15.3359     14.862     15.053      0.272    1445.65    1445.84  0.000e+00
       1624     15.500     3.9481     4.0357     0.0871    1.95651    1.96696          1     7.1828     7.3898       9.95     0.0237  4.924e-11  1.000e-12  2.031e+00    20.0317    20.0941     0.0624    15.9047    15.9485     15.357     15.554      0.248    1447.45    1447.91  0.000e+00
       1668     16.000     4.1437     4.2591     0.1158    2.03516    2.06492          1     7.1329     7.2342       9.95     0.0235  4.924e-11  1.000e-12  2.031e+00    20.7877    21.0458     0.2581    16.4914    16.6881     15.853     16.055      0.343    1449.27    1450.10  0.000e+00
       1712     16.500     4.1745     4.4158     0.2415    2.04896    2.13876          1     6.7497     7.1242       9.95     0.0235  4.924e-11  1.000e-12  2.031e+00    20.9216    21.7652     0.8436    16.5954    17.2466     16.348     16.556      0.231    1449.58    1451.70  0.000e+00
       1763     17.000     4.5106     5.0501     0.5381    2.21708    2.38144          1     6.4932     6.7650       9.95     0.0236  4.924e-11  1.000e-12  2.031e+00    22.5705    24.0046     1.4340    17.8764    18.9637     16.843     17.057      0.239    1453.13    1457.22  0.000e+00
       1827     17.500     5.7084     6.2955     0.5887    2.77460    2.94159          1     6.1363     6.2924       9.72     0.0264  4.924e-11  1.000e-12  2.031e+00    27.8375    29.1885     1.3509    21.9260    22.9274     17.339     17.556      0.237    1464.79    1468.87  0.000e+00
       1867     18.000     6.8576     7.1692     0.3116    3.25147    3.27506          1     5.9795     5.8928       9.25     0.0292  4.924e-11  1.000e-12  2.031e+00    32.0850    32.0540    -0.0310    25.1413    25.0761     17.834     18.054      0.436    1474.75    1475.93  0.000e+00
       1893     18.500     7.2750     7.3824     0.1074    3.37750    3.37817          1     5.8305     5.7316       8.73     0.0332  4.924e-11  1.000e-12  2.031e+00    33.0657    32.9711    -0.0946    25.8575    25.7684     18.329     18.551      0.375    1477.60    1477.90  0.000e+00
       1989     19.000     7.4288     7.4542     0.0257    3.42182    3.41819          1     5.6100     5.7518       8.26     0.0391  4.924e-11  1.000e-12  2.031e+00    33.3998    33.3359    -0.0639    26.0992    26.0453     18.825     19.047      0.308    1478.62    1478.64  0.000e+00
       2016     19.500     7.4665     7.4896     0.0231    3.43157    3.42656          1     5.6078     5.7675       7.81     0.0391  4.924e-11  1.000e-12  2.031e+00    33.4688    33.3923    -0.0765    26.1481    26.0847     19.320     19.543      0.463    1478.86    1478.86  0.000e+00
       2045     20.000     7.4954     7.5202     0.0249    3.44116    3.43898          1     5.6566     5.7631       7.27     0.0370  4.924e-11  1.000e-12  2.031e+00    33.5445    33.4969    -0.0475    26.2035    26.1626     19.816     20.039      0.329    1479.08    1479.11  0.000e+00
       2123     20.500     7.5306     7.5396     0.0090    3.45113    3.44762          1     5.6366     5.7453       6.77     0.0354  4.924e-11  1.000e-12  2.031e+00    33.6180    33.5714    -0.0466    26.2564    26.2185     20.311     20.536      0.266    1479.31    1479.29  0.000e+00
       2168     21.000     7.5522     7.5608     0.0085    3.46411    3.46149          1     5.6449     5.7334       6.29     0.0360  4.924e-11  1.000e-12  2.031e+00    33.7373    33.7006    -0.0367    26.3471    26.3170     20.806     21.032      0.330    1479.55    1479.54  0.000e+00
       2208     21.500     7.5559     7.5602     0.0044    3.47266    3.47139          1     5.5915     5.7367       5.75     0.0474  4.924e-11  1.000e-12  2.031e+00    33.8260    33.8080    -0.0180    26.4163    26.4016     21.302     21.528      0.258    1479.68    1479.68  0.000e+00
       2275     22.000     7.5497     7.5571     0.0074    3.47303    3.47297          1     5.5928     5.7387       5.25     0.0647  4.924e-11  1.000e-12  2.031e+00    33.8358    33.8280    -0.0079    26.4249    26.4177     21.797     22.024      0.249    1479.68    1479.70  0.000e+00
       2317     22.500     7.5502     7.5559     0.0057    3.47505    3.47353          1     5.5899     5.7353       4.80     0.0732  4.924e-11  1.000e-12  2.031e+00    33.8569    33.8349    -0.0220    26.4414    26.4233     22.292     22.520      0.387    1479.72    1479.71  0.000e+00
       2349     23.000     7.5517     7.5544     0.0027    3.47550    3.47384          1     5.6241     5.7388       4.29     0.0808  4.924e-11  1.000e-12  2.031e+00    33.8601    33.8395    -0.0206    26.4437    26.4272     22.788     23.017      0.315    1479.73    1479.72  0.000e+00
       2418     23.500     7.5503     7.5531     0.0028    3.47546    3.47426          1     5.5721     5.7346       3.76     0.0918  4.924e-11  1.000e-12  2.031e+00    33.8608    33.8451    -0.0157    26.4445    26.4317     23.283     23.513      0.222    1479.74    1479.73  0.000e+00
       2472     24.000     7.5495     7.5533     0.0037    3.47560    3.47453          1     5.5547     5.7327       3.29     0.0925  4.924e-11  1.000e-12  2.031e+00    33.8628    33.8476    -0.0153    26.4462    26.4337     23.778     24.009      0.301    1479.75    1479.74  0.000e+00
       2512     24.500     7.5509     7.5535     0.0026    3.47577    3.47477          1     5.6167     5.7317       2.76     0.1013  4.924e-11  1.000e-12  2.031e+00    33.8630    33.8496    -0.0134    26.4461    26.4352     24.274     24.505      0.261    1479.76    1479.75  0.000e+00
       2581     25.000     7.5485     7.5530     0.0045    3.47549    3.47500          1     5.6349     5.7374       2.26     0.1082  4.924e-11  1.000e-12  2.031e+00    33.8622    33.8525    -0.0096    26.4458    26.4376     24.769     25.001      0.185    1479.76    1479.76  0.000e+00
       3037     25.500     7.5526     7.5547     0.0021    3.47614    3.47599          1     5.6241     5.7342       1.74     0.1113  4.924e-11  1.000e-12  2.031e+00    33.8649    33.8613    -0.0036    26.4473    26.4442     25.264     25.497      0.224    1479.78    1479.79  0.000e+00
       4858     26.000     7.5559     7.5561     0.0002    3.47669    3.47693          1     5.6093     5.7254       3.01     0.1155  4.924e-11  1.000e-12  2.031e+00    33.8674    33.8697     0.0023    26.4489    26.4507     25.760     25.993     -0.105    1479.81    1479.81  0.000e+00
