ctdpy/exports/archive_20191121_122431/received_data/SBE09_1044_20180416_0317_34_07_0004.cnv
* Sea-Bird SBE 9 Data File:
* FileName = C:\ctd\temp\2018\AU18D004.hex
* Software Version Seasave V 7.26.6.26
* Temperature SN = 5351
* Conductivity SN = 3941
* Number of Bytes Per Scan = 41
* Number of Voltage Words = 4
* Number of Scans Averaged by the Deck Unit = 1
* NMEA Latitude = 58 18.93 N
* NMEA Longitude = 010 56.55 E
* NMEA UTC (Time) = Apr 16 2018  03:17:13
* NMEA baud rate = 4800
** Station:  A14
** Operator:  SSip
** Ship: AURA
** Average sound velocity: 1475.09 m/s
** True-depth calculation Mon, 16 Apr 2018 05:21:23 +0000
** CTD Python Module SMHI /ver 3-12/ feb 2012 
** LIMS Job: 20183407-0004
** Cruise: SMHI-01-2018
** Latitude [GG MM.mm N] :
** Longitude [GG MM.mm E]:
# nquan = 26
# nvalues = 213                         
# units = specified
# name 0 = scan: Scan Count
# name 1 = prDM: Pressure, Digiquartz [db]
# name 2 = t090C: Temperature [ITS-90, deg C]
# name 3 = t190C: Temperature, 2 [ITS-90, deg C]
# name 4 = T2-T190C: Temperature Difference, 2 - 1 [ITS-90, deg C]
# name 5 = c0S/m: Conductivity [S/m]
# name 6 = c1S/m: Conductivity, 2 [S/m]
# name 7 = pumps: Pump Status
# name 8 = sbeox0ML/L: Oxygen, SBE 43 [ml/l]
# name 9 = sbeox1ML/L: Oxygen, SBE 43, 2 [ml/l]
# name 10 = altM: Altimeter [m]
# name 11 = flECO-AFL: Chl-a Fluorescence, WET Labs ECO-AFL/FL [mg/m^3]
# name 12 = flECO-AFL1: Phycocyanin Fluorescence, WET Labs ECO-AFL/FL, 2 [mg/m^3]
# name 13 = par: PAR/Irradiance, Biospherical/Lico [µE/(cm^2*s)]
# name 14 = turbWETntu0: Turbidity, WET Labs ECO [NTU]
# name 15 = sal00: Salinity, Practical [PSU]
# name 16 = sal11: Salinity, Practical, 2 [PSU]
# name 17 = secS-priS: Salinity, Practical, Difference, 2 - 1 [PSU]
# name 18 = sigma-t00: Density [sigma-t, Kg/m^3 ]
# name 19 = sigma-t11: Density, 2 [sigma-t, Kg/m^3 ]
# name 20 = depSM: Depth [salt water, m], lat = 58.3155
# name 21 = depFM: Depth [true depth, m], lat = 58.3155
# name 22 = dz/dtM: Descent Rate [m/s], WS = 2
# name 23 = svCM: Sound Velocity [Chen-Millero, m/s]
# name 24 = svCM1: Sound Velocity, 2 [Chen-Millero, m/s]
# name 25 = flag: flag
# span 0 =       6821,      12116       
# span 1 =      1.000,    107.000       
# span 2 =     2.6452,     7.3349       
# span 3 =     2.6397,     7.3353       
# span 4 =    -0.0267,     0.0214       
# span 5 =   2.328066,   3.546244       
# span 6 =   2.327631,   3.546297       
# span 7 =          1,          1       
# span 8 =    5.65693,    8.33273       
# span 9 =    5.57818,    8.27745       
# span 10 =       4.72,      98.99      
# span 11 =     0.0375,     0.6876      
# span 12 =     0.1676,     0.3143      
# span 13 = -9.555e-05, 1.2008e-03      
# span 14 =     0.1579,     2.2544      
# span 15 =    24.2927,    34.9686      
# span 16 =    24.2815,    34.9679      
# span 17 =    -0.0304,     0.0357      
# span 18 =    19.2907,    27.3768      
# span 19 =    19.2812,    27.3760      
# span 20 =      0.991,    105.978      
# span 21 =      0.999,    106.195      
# span 22 =      0.179,      0.572      
# span 23 =    1449.79,    1480.88      
# span 24 =    1449.82,    1480.88      
# span 25 = 0.0000e+00, 0.0000e+00      
# interval = decibars: 0.5              
# start_time = Apr 16 2018 03:17:13 [NMEA time, first data scan]
# bad_flag = -9.990e-29
*END*
[from data line 56]
       8238     29.000     6.1433     6.1407    -0.0027    3.36649    3.36605          1     6.3224     6.2108      98.71     0.2919     0.2184  1.000e-12  0.2610000    34.0490    34.0467    -0.0023    26.7830    26.7816     28.728     28.856      0.569    1474.59    1474.57  0.000e+00
       8259     29.500     6.1714     6.1712    -0.0002    3.37089    3.37086          1     6.3230     6.2119      94.65     0.2407     0.2256  1.000e-12  0.2503000    34.0700    34.0699    -0.0001    26.7960    26.7960     29.224     29.352      0.549    1474.73    1474.73  0.000e+00
       8282     30.000     6.2197     6.2142    -0.0055    3.37824    3.37770          1     6.3257     6.2187      63.65     0.2127     0.2477  1.000e-12  0.2545000    34.1036    34.1032    -0.0005    26.8164    26.8167     29.719     29.848      0.508    1474.97    1474.95  0.000e+00
       8307     30.500     6.3152     6.3110    -0.0041    3.39212    3.39177          1     6.2975     6.1968      90.43     0.2279     0.1890  1.000e-12  0.2678000    34.1629    34.1631     0.0003    26.8508    26.8516     30.214     30.344      0.476    1475.43    1475.42  0.000e+00
       8332     31.000     6.3821     6.3788    -0.0033    3.40152    3.40115          1     6.2622     6.1680      85.33     0.2571     0.2632  1.000e-12  0.2713000    34.2005    34.1997    -0.0008    26.8718    26.8716     30.710     30.840      0.493    1475.75    1475.74  0.000e+00
       8355     31.500     6.4046     6.4038    -0.0008    3.40507    3.40493          1     6.2531     6.1652      97.62     0.1983     0.2445  1.000e-12  0.2591000    34.2172    34.2165    -0.0007    26.8820    26.8816     31.205     31.336      0.542    1475.87    1475.87  0.000e+00
       8376     32.000     6.4267     6.4259    -0.0008    3.40879    3.40865          1     6.2651     6.1798      67.28     0.1579     0.2236  1.000e-12  0.2549000    34.2364    34.2356    -0.0008    26.8943    26.8938     31.700     31.832      0.572    1475.99    1475.99  0.000e+00
       8397     32.500     6.4572     6.4547    -0.0025    3.41368    3.41343          1     6.2721     6.1812      98.99     0.1685     0.2528  1.000e-12  0.2495000    34.2599    34.2595    -0.0003    26.9088    26.9089     32.195     32.327      0.564    1476.15    1476.14  0.000e+00
       8419     33.000     6.5189     6.5165    -0.0025    3.42237    3.42213          1     6.2617     6.1601      81.06     0.1706     0.2534  1.000e-12  0.3000000    34.2944    34.2943    -0.0002    26.9279    26.9281     32.691     32.823      0.531    1476.44    1476.43  0.000e+00
       8443     33.500     6.5460     6.5450    -0.0009    3.42647    3.42638          1     6.2469     6.1460      77.59     0.1697     0.2316  1.000e-12  0.3026000    34.3126    34.3127     0.0001    26.9387    26.9389     33.186     33.319      0.498    1476.58    1476.58  0.000e+00
       8467     34.000     6.5447     6.5453     0.0006    3.42673    3.42673          1     6.2434     6.1452      75.55     0.1685     0.2417  1.000e-12  0.2547000    34.3165    34.3160    -0.0005    26.9419    26.9414     33.681     33.815      0.496    1476.59    1476.59  0.000e+00
       8491     34.500     6.5545     6.5537    -0.0008    3.42827    3.42820          1     6.2467     6.1632      76.91     0.1557     0.2650  1.000e-12  0.2641000    34.3236    34.3235    -0.0000    26.9462    26.9463     34.177     34.311      0.513    1476.64    1476.64  0.000e+00
       8514     35.000     6.5786     6.5752    -0.0034    3.43172    3.43136          1     6.2414     6.1629      91.35     0.1520     0.2218  1.000e-12  0.2636000    34.3374    34.3369    -0.0005    26.9539    26.9540     34.672     34.807      0.533    1476.76    1476.75  0.000e+00
       8536     35.500     6.6368     6.6352    -0.0016    3.43903    3.43889          1     6.2172     6.1335      84.89     0.1436     0.2880  1.000e-12  0.2848000    34.3600    34.3600    -0.0000    26.9640    26.9642     35.167     35.303      0.544    1477.03    1477.02  0.000e+00
       8558     36.000     6.6620     6.6618    -0.0003    3.44265    3.44269          1     6.1993     6.1096      72.09     0.1430     0.2228  1.000e-12  0.2713000    34.3745    34.3751     0.0007    26.9720    26.9725     35.662     35.799      0.537    1477.15    1477.15  0.000e+00
       8581     36.500     6.6681     6.6678    -0.0003    3.44364    3.44356          1     6.2054     6.1125      74.87     0.1388     0.2439  1.000e-12  0.2546000    34.3791    34.3786    -0.0005    26.9748    26.9745     36.158     36.295      0.513    1477.19    1477.19  0.000e+00
       8605     37.000     6.6835     6.6817    -0.0017    3.44657    3.44631          1     6.2035     6.1179      74.50     0.1382     0.2456  1.000e-12  0.2474000    34.3959    34.3947    -0.0012    26.9860    26.9853     36.653     36.791      0.487    1477.28    1477.27  0.000e+00
       8630     37.500     6.7316     6.7305    -0.0012    3.45438    3.45426          1     6.1937     6.1072      74.10     0.1280     0.2190  1.000e-12  0.2524000    34.4337    34.4337    -0.0001    27.0094    27.0095     37.148     37.286      0.483    1477.52    1477.52  0.000e+00
       8654     38.000     6.7516     6.7518     0.0001    3.45718    3.45724          1     6.1852     6.0979      73.06     0.1351     0.2138  1.000e-12  0.2479000    34.4445    34.4450     0.0005    27.0152    27.0155     37.643     37.782      0.502    1477.62    1477.62  0.000e+00
       8678     38.500     6.7622     6.7612    -0.0010    3.45877    3.45867          1     6.1870     6.0952      72.31     0.1214     0.2235  1.000e-12  0.2607000    34.4512    34.4511    -0.0001    27.0190    27.0190     38.139     38.278      0.529    1477.68    1477.67  0.000e+00
       8700     39.000     6.7913     6.7897    -0.0016    3.46314    3.46301          1     6.1791     6.0812      72.12     0.1138     0.2286  1.000e-12  0.2586000    34.4700    34.4702     0.0002    27.0299    27.0303     38.634     38.774      0.535    1477.82    1477.82  0.000e+00
       8723     39.500     6.8398     6.8383    -0.0016    3.47114    3.47103          1     6.1651     6.0615      72.02     0.1091     0.2195  1.000e-12  0.2557000    34.5094    34.5097     0.0003    27.0543    27.0548     39.129     39.270      0.514    1478.07    1478.07  0.000e+00
       8747     40.000     6.8628     6.8619    -0.0009    3.47485    3.47471          1     6.1540     6.0510      71.49     0.1070     0.1790  1.000e-12  0.2555000    34.5270    34.5264    -0.0006    27.0650    27.0647     39.624     39.766      0.487    1478.19    1478.19  0.000e+00
       8772     40.500     6.8897     6.8870    -0.0027    3.47889    3.47855          1     6.1405     6.0558      70.82     0.1095     0.2663  1.000e-12  0.2468000    34.5443    34.5433    -0.0010    27.0750    27.0746     40.120     40.262      0.472    1478.32    1478.31  0.000e+00
       8797     41.000     6.9143     6.9133    -0.0010    3.48242    3.48228          1     6.1247     6.0579      70.29     0.1062     0.2083  1.000e-12  0.2490000    34.5582    34.5578    -0.0005    27.0826    27.0824     40.615     40.757      0.497    1478.45    1478.44  0.000e+00
       8820     41.500     6.9318     6.9318    -0.0000    3.48501    3.48503          1     6.1161     6.0444      69.87     0.1082     0.2350  1.000e-12  0.2487000    34.5690    34.5692     0.0003    27.0887    27.0889     41.110     41.253      0.538    1478.54    1478.54  0.000e+00
       8842     42.000     6.9427     6.9428     0.0001    3.48665    3.48671          1     6.1261     6.0437      69.39     0.0898     0.2091  1.000e-12  0.2356000    34.5758    34.5763     0.0005    27.0925    27.0929     41.605     41.749      0.550    1478.59    1478.59  0.000e+00
       8864     42.500     6.9595     6.9594    -0.0001    3.48905    3.48910          1     6.1313     6.0435      68.91     0.0775     0.1968  1.000e-12  0.2366000    34.5852    34.5859     0.0007    27.0976    27.0982     42.101     42.245      0.522    1478.68    1478.68  0.000e+00
       8888     43.000     7.0046     7.0039    -0.0007    3.49519    3.49514          1     6.1171     6.0330      82.64     0.1222     0.2122  1.000e-12  0.2406000    34.6072    34.6074     0.0002    27.1087    27.1089     42.596     42.741      0.475    1478.89    1478.89  0.000e+00
       8915     43.500     7.0171     7.0175     0.0004    3.49701    3.49707          1     6.1065     6.0279      69.25     0.1143     0.2365  1.000e-12  0.2414000    34.6143    34.6146     0.0003    27.1126    27.1128     43.091     43.237      0.453    1478.96    1478.96  0.000e+00
       8941     44.000     7.0228     7.0230     0.0002    3.49788    3.49792          1     6.1001     6.0317      67.36     0.1026     0.2275  1.000e-12  0.2352000    34.6179    34.6182     0.0002    27.1146    27.1148     43.586     43.732      0.478    1478.99    1478.99  0.000e+00
       8965     44.500     7.0441     7.0431    -0.0009    3.50096    3.50092          1     6.0951     6.0178      67.01     0.1139     0.1821  1.000e-12  0.2340000    34.6302    34.6307     0.0005    27.1214    27.1219     44.082     44.228      0.511    1479.10    1479.09  0.000e+00
       8988     45.000     7.0619     7.0620     0.0002    3.50332    3.50339          1     6.0897     5.9985      66.60     0.1032     0.1944  1.000e-12  0.2302000    34.6380    34.6386     0.0006    27.1250    27.1254     44.577     44.724      0.525    1479.18    1479.18  0.000e+00
       9011     45.500     7.0726     7.0729     0.0003    3.50480    3.50486          1     6.0906     5.9931      66.03     0.1207     0.2062  1.000e-12  0.2285000    34.6432    34.6435     0.0004    27.1276    27.1278     45.072     45.220      0.513    1479.24    1479.24  0.000e+00
       9035     46.000     7.0881     7.0882     0.0002    3.50716    3.50725          1     6.0892     5.9919      65.45     0.1171     0.1914  1.000e-12  0.2492000    34.6534    34.6542     0.0008    27.1335    27.1341     45.567     45.716      0.478    1479.32    1479.32  0.000e+00
       9061     46.500     7.1193     7.1190    -0.0003    3.51195    3.51181          1     6.0682     5.9816      74.60     0.1138     0.2069  1.000e-12  0.2683000    34.6743    34.6730    -0.0013    27.1456    27.1446     46.063     46.212      0.462    1479.47    1479.47  0.000e+00
       9087     47.000     7.1276     7.1275    -0.0001    3.51332    3.51330          1     6.0514     5.9731      72.17     0.0875     0.2210  1.000e-12  0.2354000    34.6808    34.6807    -0.0001    27.1495    27.1495     46.558     46.707      0.480    1479.52    1479.52  0.000e+00
       9111     47.500     7.1372     7.1368    -0.0005    3.51518    3.51510          1     6.0482     5.9674      63.98     0.0947     0.2205  1.000e-12  0.2356000    34.6911    34.6908    -0.0003    27.1563    27.1561     47.053     47.203      0.512    1479.58    1479.58  0.000e+00
       9134     48.000     7.1609     7.1593    -0.0016    3.51884    3.51868          1     6.0313     5.9428      63.51     0.0877     0.2300  1.000e-12  0.2343000    34.7072    34.7071    -0.0001    27.1657    27.1658     47.548     47.699      0.513    1479.70    1479.69  0.000e+00
       9158     48.500     7.2060     7.2089     0.0029    3.52555    3.52612          1     6.0050     5.9104      62.90     0.0722     0.2036  1.000e-12  0.2516000    34.7352    34.7385     0.0033    27.1814    27.1836     48.044     48.195      0.485    1479.92    1479.93  0.000e+00
       9184     49.000     7.2255     7.2254    -0.0000    3.52838    3.52839          1     6.0032     5.9150      62.37     0.0842     0.2167  1.000e-12  0.2525000    34.7463    34.7465     0.0001    27.1874    27.1875     48.539     48.691      0.465    1480.01    1480.01  0.000e+00
       9209     49.500     7.2805     7.2739    -0.0065    3.53576    3.53502          1     5.9882     5.9009      61.87     0.0889     0.2240  1.000e-12  0.2391000    34.7715    34.7699    -0.0016    27.1994    27.1991     49.034     49.186      0.458    1480.27    1480.24  0.000e+00
       9236     50.000     7.3290     7.3289    -0.0001    3.54260    3.54259          1     5.9619     5.8754      61.36     0.0708     0.2115  1.000e-12  0.2302000    34.7972    34.7973     0.0001    27.2128    27.2128     49.529     49.682      0.452    1480.49    1480.49  0.000e+00
       9262     50.500     7.3349     7.3353     0.0004    3.54373    3.54380          1     5.9504     5.8624      60.94     0.0594     0.2213  1.000e-12  0.2299000    34.8034    34.8038     0.0004    27.2168    27.2170     50.025     50.178      0.469    1480.53    1480.53  0.000e+00
       9287     51.000     7.3342     7.3348     0.0007    3.54380    3.54387          1     5.9443     5.8553      60.39     0.0585     0.1961  1.000e-12  0.2429000    34.8046    34.8047     0.0000    27.2179    27.2178     50.520     50.674      0.502    1480.54    1480.54  0.000e+00
       9310     51.500     7.3307     7.3314     0.0007    3.54354    3.54361          1     5.9456     5.8546      60.00     0.0564     0.1917  1.000e-12  0.2442000    34.8050    34.8052     0.0001    27.2187    27.2187     51.015     51.169      0.516    1480.53    1480.54  0.000e+00
       9334     52.000     7.3241     7.3255     0.0014    3.54290    3.54304          1     5.9390     5.8593      59.51     0.0557     0.2337  1.000e-12  0.2479000    34.8044    34.8046     0.0002    27.2191    27.2191     51.510     51.665      0.507    1480.51    1480.52  0.000e+00
       9358     52.500     7.3054     7.3026    -0.0027    3.54107    3.54075          1     5.9307     5.8527      58.93     0.0629     0.2503  1.000e-12  0.2572000    34.8030    34.8023    -0.0007    27.2207    27.2205     52.006     52.161      0.489    1480.45    1480.44  0.000e+00
       9383     53.000     7.2797     7.2863     0.0065    3.53842    3.53911          1     5.9111     5.8272      58.47     0.0649     0.1941  1.000e-12  0.2656000    34.7997    34.8006     0.0009    27.2217    27.2215     52.501     52.657      0.461    1480.36    1480.38  0.000e+00
       9410     53.500     7.2403     7.2435     0.0031    3.53442    3.53472          1     5.8937     5.8092      57.90     0.0640     0.1761  1.000e-12  0.2989000    34.7952    34.7954     0.0001    27.2238    27.2234     52.996     53.153      0.459    1480.21    1480.22  0.000e+00
       9435     54.000     7.2140     7.2142     0.0002    3.53189    3.53185          1     5.8796     5.8077      57.40     0.0811     0.2072  1.000e-12  0.3258000    34.7938    34.7933    -0.0006    27.2264    27.2259     53.491     53.648      0.484    1480.11    1480.11  0.000e+00
       9459     54.500     7.2131     7.2127    -0.0004    3.53217    3.53210          1     5.8642     5.7978      56.93     0.0707     0.2090  1.000e-12  0.3502000    34.7976    34.7972    -0.0004    27.2295    27.2293     53.986     54.144      0.513    1480.12    1480.12  0.000e+00
       9482     55.000     7.2087     7.2093     0.0006    3.53212    3.53222          1     5.8628     5.7859      56.51     0.0750     0.2211  1.000e-12  0.3664000    34.8012    34.8018     0.0006    27.2329    27.2333     54.482     54.640      0.513    1480.12    1480.12  0.000e+00
       9506     55.500     7.2068     7.2074     0.0006    3.53226    3.53236          1     5.8689     5.7793      56.01     0.0678     0.2078  1.000e-12  0.3978000    34.8044    34.8049     0.0005    27.2358    27.2360     54.977     55.136      0.477    1480.12    1480.13  0.000e+00
       9532     56.000     7.2112     7.2118     0.0006    3.53289    3.53296          1     5.8628     5.7806      55.56     0.0663     0.2200  1.000e-12  0.4462000    34.8066    34.8068     0.0002    27.2369    27.2370     55.472     55.631      0.452    1480.15    1480.15  0.000e+00
