ctdpy/exports/archive_20191121_122431/received_data/SBE09_1044_20181111_0554_34_01_0129.cnv
* Sea-Bird SBE 9 Data File:
* FileName = C:\ctd\temp\ar18d129.hex
* Software Version Seasave V 7.26.7.107
* Temperature SN = 5351
* Conductivity SN = 3941
* Number of Bytes Per Scan = 41
* Number of Voltage Words = 4
* Number of Scans Averaged by the Deck Unit = 1
* NMEA Latitude = 55 00.96 N
* NMEA Longitude = 013 18.04 E
* NMEA UTC (Time) = Nov 11 2018  05:54:22
* NMEA baud rate = 4800
** Station:  BY1
** Operator:  A-KTh
** Ship: ARANDA
** Average sound velocity: 1460.36 m/s
** True-depth calculation Sun, 11 Nov 2018 06:31:34 +0000
** CTD Python Module SMHI /ver 3-12/ feb 2012 
** LIMS Job: 20183401-0129
** Cruise: SMHI-6-2018
** Latitude [GG MM.mm N]:
** Longitude [GG MM.mm E]
# nquan = 26
# nvalues = 81                          
# units = specified
# name 0 = scan: Scan Count
# name 1 = prDM: Pressure, Digiquartz [db]
# name 2 = t090C: Temperature [ITS-90, deg C]
# name 3 = t190C: Temperature, 2 [ITS-90, deg C]
# name 4 = T2-T190C: Temperature Difference, 2 - 1 [ITS-90, deg C]
# name 5 = c0S/m: Conductivity [S/m]
# name 6 = c1S/m: Conductivity, 2 [S/m]
# name 7 = pumps: Pump Status
# name 8 = sbeox0ML/L: Oxygen, SBE 43 [ml/l]
# name 9 = sbeox1ML/L: Oxygen, SBE 43, 2 [ml/l]
# name 10 = altM: Altimeter [m]
# name 11 = flECO-AFL: Chl-a Fluorescence, WET Labs ECO-AFL/FL [mg/m^3]
# name 12 = flECO-AFL1: Phycocyanin Fluorescence, WET Labs ECO-AFL/FL, 2 [mg/m^3]
# name 13 = par: PAR/Irradiance, Biospherical/Lico [µE/(cm^2*s)]
# name 14 = turbWETntu0: Turbidity, WET Labs ECO [NTU]
# name 15 = sal00: Salinity, Practical [PSU]
# name 16 = sal11: Salinity, Practical, 2 [PSU]
# name 17 = secS-priS: Salinity, Practical, Difference, 2 - 1 [PSU]
# name 18 = sigma-t00: Density [sigma-t, Kg/m^3 ]
# name 19 = sigma-t11: Density, 2 [sigma-t, Kg/m^3 ]
# name 20 = depSM: Depth [salt water, m], lat = 55.016
# name 21 = depFM: Depth [true depth, m], lat = 55.016
# name 22 = dz/dtM: Descent Rate [m/s], WS = 2
# name 23 = svCM: Sound Velocity [Chen-Millero, m/s]
# name 24 = svCM1: Sound Velocity, 2 [Chen-Millero, m/s]
# name 25 = flag: flag
# span 0 =      19049,      21705       
# span 1 =      1.500,     41.500       
# span 2 =     9.9138,    13.1334       
# span 3 =     9.9152,    13.1412       
# span 4 =    -0.0195,     0.0644       
# span 5 =   0.999958,   1.741693       
# span 6 =   0.999956,   1.744167       
# span 7 =          1,          1       
# span 8 =    4.40799,    7.25647       
# span 9 =    4.21254,    6.91136       
# span 10 =       1.89,      42.68      
# span 11 =     0.2587,     2.0174      
# span 12 =     0.1903,     0.5586      
# span 13 = 9.8082e-13, 2.0094e-01      
# span 14 =     0.1980,     0.3907      
# span 15 =     8.1398,    13.6057      
# span 16 =     8.1395,    13.6243      
# span 17 =    -0.0409,     0.0942      
# span 18 =     6.0625,     9.8602      
# span 19 =     6.0621,     9.8733      
# span 20 =      1.486,     41.122      
# span 21 =      1.519,     41.999      
# span 22 =     -0.408,      0.795      
# span 23 =    1457.00,    1476.11      
# span 24 =    1457.02,    1476.16      
# span 25 = 0.0000e+00, 0.0000e+00      
# interval = decibars: 0.5              
# start_time = Nov 11 2018 05:54:22 [NMEA time, first data scan]
# bad_flag = -9.990e-29
*END*
      19049      1.500     9.9209     9.9297     0.0091    1.00006    1.00027          1     7.2377     6.9060      42.29     1.8376     0.4603  1.974e-01  0.3105000     8.1399     8.1398    -0.0002     6.0637     6.0626      1.486      1.519      0.084    1457.00    1457.04  0.000e+00
      19308      2.000     9.9243     9.9336     0.0091    1.00017    1.00038          1     7.2412     6.9049      42.68     1.9667     0.4795  2.009e-01  0.3224000     8.1401     8.1398    -0.0003     6.0635     6.0622      1.982      2.025      0.303    1457.03    1457.06  0.000e+00
      19432      2.500     9.9217     9.9247     0.0031    1.00011    1.00015          1     7.2399     6.9003      42.53     2.0174     0.4846  1.479e-01  0.3045000     8.1401     8.1397    -0.0004     6.0638     6.0631      2.477      2.531      0.633    1457.02    1457.04  0.000e+00
      19472      3.000     9.9158     9.9199     0.0041    0.99996    1.00002          1     7.2324     6.9025      41.93     1.9558     0.4928  1.075e-01  0.3261000     8.1400     8.1396    -0.0004     6.0643     6.0636      2.973      3.037      0.406    1457.01    1457.02  0.000e+00
      19515      3.500     9.9174     9.9175     0.0001    1.00001    0.99996          1     7.2354     6.9041      41.32     1.9815     0.5573  7.522e-02  0.3112000     8.1400     8.1395    -0.0005     6.0642     6.0638      3.468      3.543      0.608    1457.02    1457.02  0.000e+00
      19535      4.000     9.9237     9.9168    -0.0068    1.00020    0.99996          1     7.2433     6.9025      16.25     1.9307     0.5483  4.185e-02  0.3107000     8.1402     8.1396    -0.0005     6.0636     6.0639      3.964      4.050      0.571    1457.06    1457.03  0.000e+00
      19559      4.500     9.9257     9.9277     0.0019    1.00026    1.00025          1     7.2494     6.9013      18.23     1.9739     0.5183  1.832e-02  0.3186000     8.1402     8.1397    -0.0005     6.0634     6.0628      4.459      4.556      0.472    1457.07    1457.08  0.000e+00
      19585      5.000     9.9273     9.9288     0.0015    1.00030    1.00030          1     7.2402     6.9031      37.99     1.9661     0.5253  1.578e-02  0.3176000     8.1401     8.1398    -0.0003     6.0632     6.0628      4.955      5.062      0.497    1457.09    1457.09  0.000e+00
      19607      5.500     9.9311     9.9334     0.0023    1.00041    1.00043          1     7.2473     6.9049      37.21     1.9336     0.5134  4.011e-03  0.3163000     8.1402     8.1398    -0.0004     6.0628     6.0623      5.450      5.568      0.549    1457.11    1457.12  0.000e+00
      19629      6.000     9.9316     9.9345     0.0028    1.00043    1.00046          1     7.2565     6.9024      34.26     1.9155     0.4710  1.148e-04  0.3164000     8.1402     8.1399    -0.0003     6.0628     6.0622      5.946      6.074      0.485    1457.12    1457.13  0.000e+00
      19658      6.500     9.9342     9.9345     0.0003    1.00051    1.00046          1     7.2522     6.8986       7.34     1.8942     0.4984  9.808e-13  0.3123000     8.1402     8.1398    -0.0005     6.0625     6.0621      6.441      6.581      0.424    1457.14    1457.14  0.000e+00
      19684      7.000     9.9220     9.9295     0.0075    1.00017    1.00033          1     7.2508     6.9011      12.36     1.8839     0.5145  1.000e-12  0.3065000     8.1400     8.1396    -0.0003     6.0636     6.0626      6.937      7.087      0.554    1457.10    1457.13  0.000e+00
      19703      7.500     9.9164     9.9179     0.0015    1.00002    1.00002          1     7.2447     6.9034      20.78     1.8842     0.4400  1.000e-12  0.3056000     8.1398     8.1395    -0.0004     6.0642     6.0637      7.432      7.593      0.646    1457.08    1457.09  0.000e+00
      19721      8.000     9.9158     9.9158     0.0000    1.00003    0.99999          1     7.2418     6.9018      23.85     1.8842     0.5057  1.000e-12  0.3112000     8.1400     8.1396    -0.0004     6.0643     6.0640      7.928      8.099      0.622    1457.09    1457.09  0.000e+00
      19742      8.500     9.9143     9.9157     0.0014    1.00001    1.00001          1     7.2390     6.9051      35.23     1.8842     0.4967  1.000e-12  0.3244000     8.1401     8.1397    -0.0004     6.0646     6.0641      8.423      8.605      0.515    1457.09    1457.10  0.000e+00
      19769      9.000     9.9140     9.9157     0.0017    1.00001    1.00002          1     7.2288     6.9026      35.31     1.9154     0.5031  1.000e-12  0.3215000     8.1401     8.1398    -0.0004     6.0646     6.0642      8.919      9.112      0.436    1457.10    1457.11  0.000e+00
      19795      9.500     9.9152     9.9178     0.0026    1.00007    1.00011          1     7.2329     6.8993      35.09     1.8588     0.5338  1.000e-12  0.3291000     8.1403     8.1401    -0.0002     6.0646     6.0642      9.414      9.618      0.511    1457.11    1457.12  0.000e+00
      19817     10.000     9.9164     9.9175     0.0011    1.00012    1.00010          1     7.2420     6.9002      34.75     1.9177     0.5499  1.000e-12  0.3167000     8.1404     8.1400    -0.0004     6.0646     6.0641      9.910     10.124      0.611    1457.13    1457.13  0.000e+00
      19835     10.500     9.9172     9.9192     0.0020    1.00018    1.00019          1     7.2429     6.8999      34.35     1.8931     0.5586  1.000e-12  0.3318000     8.1407     8.1404    -0.0004     6.0647     6.0643     10.405     10.630      0.635    1457.14    1457.14  0.000e+00
      19855     11.000     9.9176     9.9194     0.0018    1.00020    1.00021          1     7.2431     6.8988      33.86     1.8878     0.5447  1.000e-12  0.3373000     8.1407     8.1404    -0.0004     6.0647     6.0642     10.901     11.136      0.571    1457.15    1457.15  0.000e+00
      19878     11.500     9.9170     9.9189     0.0018    1.00017    1.00018          1     7.2418     6.8988      33.26     1.9141     0.5204  1.000e-12  0.3270000     8.1405     8.1402    -0.0003     6.0646     6.0642     11.396     11.643      0.483    1457.15    1457.16  0.000e+00
      19904     12.000     9.9138     9.9157     0.0019    1.00004    1.00005          1     7.2351     6.9043      32.66     1.8988     0.5382  1.000e-12  0.3207000     8.1401     8.1397    -0.0003     6.0646     6.0641     11.891     12.149      0.494    1457.15    1457.15  0.000e+00
      19926     12.500     9.9139     9.9156     0.0016    1.00005    1.00005          1     7.2310     6.9114      32.14     1.9081     0.4962  1.000e-12  0.3350000     8.1400     8.1397    -0.0003     6.0646     6.0641     12.387     12.655      0.568    1457.15    1457.16  0.000e+00
      19946     13.000     9.9147     9.9158     0.0011    1.00009    1.00007          1     7.2440     6.9084      31.65     1.8965     0.4761  1.000e-12  0.3275000     8.1401     8.1397    -0.0004     6.0646     6.0641     12.882     13.161      0.589    1457.17    1457.17  0.000e+00
      19967     13.500     9.9142     9.9152     0.0010    1.00008    1.00006          1     7.2489     6.9021      31.16     1.8778     0.4946  1.000e-12  0.3180000     8.1401     8.1397    -0.0004     6.0646     6.0642     13.378     13.667      0.545    1457.17    1457.18  0.000e+00
      19991     14.000     9.9144     9.9155     0.0011    1.00013    1.00009          1     7.2356     6.8984      30.63     1.9064     0.5391  1.000e-12  0.3255000     8.1404     8.1399    -0.0006     6.0648     6.0643     13.873     14.174      0.465    1457.18    1457.18  0.000e+00
      20019     14.500     9.9152     9.9166     0.0014    1.00019    1.00019          1     7.2351     6.8940      30.08     1.9128     0.4999  1.000e-12  0.3334000     8.1407     8.1404    -0.0003     6.0650     6.0646     14.369     14.680      0.472    1457.19    1457.20  0.000e+00
      20042     15.000     9.9160     9.9172     0.0012    1.00024    1.00022          1     7.2373     6.8927      29.58     1.9085     0.4244  1.000e-12  0.3350000     8.1410     8.1405    -0.0005     6.0651     6.0646     14.864     15.186      0.612    1457.20    1457.21  0.000e+00
      20059     15.500     9.9161     9.9166     0.0005    1.00023    1.00018          1     7.2389     6.8933      24.73     1.9039     0.4748  1.000e-12  0.3326000     8.1408     8.1402    -0.0005     6.0649     6.0644     15.360     15.692      0.714    1457.21    1457.21  0.000e+00
      20075     16.000     9.9160     9.9172     0.0013    1.00023    1.00023          1     7.2456     6.8973       5.58     1.8842     0.4950  1.000e-12  0.3220000     8.1408     8.1404    -0.0003     6.0649     6.0645     15.855     16.198      0.698    1457.22    1457.22  0.000e+00
      20094     16.500     9.9163     9.9186     0.0023    1.00029    1.00035          1     7.2452     6.9009       9.03     1.8847     0.5269  1.000e-12  0.3232000     8.1412     8.1411    -0.0001     6.0652     6.0649     16.351     16.705      0.538    1457.23    1457.24  0.000e+00
      20125     17.000     9.9159     9.9177     0.0018    1.00028    1.00029          1     7.2296     6.8907      17.83     1.9479     0.4955  1.000e-12  0.3269000     8.1411     8.1408    -0.0003     6.0652     6.0648     16.846     17.211      0.348    1457.24    1457.24  0.000e+00
      20157     17.500     9.9171     9.9190     0.0019    1.00038    1.00041          1     7.2264     6.8801      25.50     1.9308     0.4734  1.000e-12  0.3200000     8.1416     8.1414    -0.0002     6.0654     6.0651     17.342     17.717      0.561    1457.25    1457.26  0.000e+00
      20174     18.000     9.9211     9.9230     0.0019    1.00075    1.00080          1     7.2251     6.8738      26.51     1.8968     0.4554  1.000e-12  0.3907000     8.1439     8.1439     0.0000     6.0668     6.0666     17.837     18.223      0.758    1457.28    1457.28  0.000e+00
      20188     18.500     9.9355     9.9337    -0.0017    1.00213    1.00190          1     7.2033     6.8590      26.13     1.8735     0.4674  1.000e-12  0.3750000     8.1527     8.1511    -0.0016     6.0721     6.0711     18.332     18.729      0.795    1457.35    1457.34  0.000e+00
      20204     19.000     9.9607     9.9623     0.0015    1.00463    1.00471          1     7.1662     6.8322      25.62     1.8246     0.4674  1.000e-12  0.3427000     8.1689     8.1692     0.0003     6.0819     6.0820     18.828     19.236      0.679    1457.48    1457.48  0.000e+00
      20227     19.500     9.9946     9.9973     0.0027    1.00771    1.00781          1     7.0798     6.7553      24.97     1.6836     0.4321  1.000e-12  0.3344000     8.1882     8.1885     0.0003     6.0932     6.0932     19.323     19.742      0.418    1457.64    1457.65  0.000e+00
      20265     20.000    10.0605    10.0592    -0.0012    1.01440    1.01398          1     7.0771     6.7363      24.33     1.4477     0.4010  1.000e-12  0.3007000     8.2318     8.2284    -0.0034     6.1199     6.1174     19.819     20.248      0.359    1457.96    1457.95  0.000e+00
      20290     20.500    10.2247    10.2414     0.0167    1.02978    1.03060          1     6.9625     6.6500      23.92     1.2394     0.3799  1.000e-12  0.2822000     8.3286     8.3320     0.0034     6.1768     6.1776     20.314     20.754      0.632    1458.72    1458.79  0.000e+00
      20307     21.000    10.4977    10.5039     0.0062    1.04793    1.04813          1     6.8992     6.6120      23.55     1.0030     0.3523  1.000e-12  0.2724000     8.4238     8.4241     0.0003     6.2196     6.2191     20.810     21.260      0.771    1459.89    1459.91  0.000e+00
      20321     21.500    10.4903    10.4914     0.0009    1.04880    1.04876          1     6.9145     6.6304      23.11     0.8637     0.3251  1.000e-12  0.2596000     8.4330     8.4324    -0.0006     6.2275     6.2269     21.305     21.766      0.782    1459.88    1459.89  0.000e+00
      20337     22.000    10.2579    10.2578     0.0001    1.03965    1.03954          1     6.9327     6.6305      22.56     0.8554     0.3315  1.000e-12  0.2670000     8.4069     8.4060    -0.0009     6.2339     6.2332     21.800     22.272      0.683    1458.96    1458.96  0.000e+00
      20358     22.500    10.3426    10.3344    -0.0081    1.04661    1.04589          1     6.8932     6.5936      21.96     1.1968     0.3485  1.000e-12  0.3324000     8.4478     8.4435    -0.0043     6.2561     6.2536     22.296     22.779      0.489    1459.35    1459.31  0.000e+00
      20391     23.000    10.5233    10.5170    -0.0063    1.05954    1.05904          1     6.8644     6.5525      21.27     1.2466     0.3620  1.000e-12  0.3200000     8.5182     8.5154    -0.0028     6.2898     6.2884     22.791     23.285      0.347    1460.13    1460.11  0.000e+00
      20421     23.500    10.7325    10.7481     0.0156    1.07353    1.07414          1     6.8281     6.5135      20.79     0.9379     0.3569  1.000e-12  0.2727000     8.5905     8.5921     0.0016     6.3213     6.3206     23.287     23.791      0.547    1461.03    1461.09  0.000e+00
      20439     24.000    10.8129    10.8156     0.0028    1.07856    1.07858          1     6.8168     6.5011      20.41     0.7925     0.3227  1.000e-12  0.2499000     8.6150     8.6145    -0.0006     6.3306     6.3299     23.782     24.297      0.714    1461.37    1461.38  0.000e+00
      20455     24.500    10.8069    10.8086     0.0017    1.07909    1.07908          1     6.8276     6.5123      19.99     0.7380     0.3054  1.000e-12  0.2485000     8.6209     8.6204    -0.0005     6.3359     6.3353     24.278     24.803      0.747    1461.36    1461.37  0.000e+00
      20471     25.000    10.7824    10.7842     0.0018    1.07924    1.07924          1     6.8488     6.5304      19.45     0.7305     0.2948  1.000e-12  0.2472000     8.6279     8.6274    -0.0004     6.3443     6.3437     24.773     25.309      0.652    1461.29    1461.30  0.000e+00
      20494     25.500    10.7733    10.7754     0.0021    1.07903    1.07906          1     6.8566     6.5334      18.84     0.7342     0.2946  1.000e-12  0.2536000     8.6281     8.6279    -0.0002     6.3456     6.3451     25.269     25.815      0.463    1461.26    1461.27  0.000e+00
      20525     26.000    10.7637    10.7651     0.0014    1.07863    1.07861          1     6.8454     6.5297      18.21     0.7699     0.3180  1.000e-12  0.2563000     8.6268     8.6264    -0.0005     6.3457     6.3452     25.764     26.321      0.394    1461.23    1461.24  0.000e+00
      20552     26.500    10.7707    10.7729     0.0022    1.07957    1.07961          1     6.8430     6.5294      17.74     0.7699     0.3095  1.000e-12  0.2547000     8.6333     8.6331    -0.0002     6.3499     6.3495     26.259     26.827      0.539    1461.27    1461.28  0.000e+00
      20571     27.000    10.8109    10.8120     0.0012    1.08378    1.08371          1     6.8373     6.5272      17.32     0.7617     0.3089  1.000e-12  0.2662000     8.6601     8.6592    -0.0008     6.3658     6.3650     26.755     27.333      0.657    1461.47    1461.47  0.000e+00
      20588     27.500    10.8293    10.8290    -0.0003    1.08506    1.08496          1     6.8360     6.5258      16.88     0.7609     0.3212  1.000e-12  0.2811000     8.6667     8.6659    -0.0007     6.3687     6.3682     27.250     27.839      0.700    1461.55    1461.55  0.000e+00
      20605     28.000    10.8367    10.8382     0.0016    1.08538    1.08536          1     6.8294     6.5228      16.43     0.7407     0.3016  1.000e-12  0.2872000     8.6677     8.6672    -0.0005     6.3686     6.3680     27.746     28.345      0.664    1461.59    1461.60  0.000e+00
      20625     28.500    10.8409    10.8418     0.0010    1.08563    1.08560          1     6.8244     6.5181      12.73     0.7241     0.2954  1.000e-12  0.2735000     8.6688     8.6683    -0.0005     6.3689     6.3685     28.241     28.851      0.554    1461.62    1461.62  0.000e+00
