ctdpy/exports/archive_20191121_122431/received_data/SBE09_1044_20180127_0002_34_02_0017.cnv
* Sea-Bird SBE 9 Data File:
* FileName = C:\ctd\temp\2018\ME18D017.hex
* Software Version Seasave V 7.26.6.26
* Temperature SN = 5351
* Conductivity SN = 3941
* Number of Bytes Per Scan = 41
* Number of Voltage Words = 4
* Number of Scans Averaged by the Deck Unit = 1
* NMEA Latitude = 55 15.01 N
* NMEA Longitude = 015 59.01 E
* NMEA UTC (Time) = Jan 27 2018  00:02:36
* NMEA baud rate = 4800
** Station:  BY5
** Operator:  JKro
** Ship: MERI
** Average sound velocity: 1445.64 m/s
** True-depth calculation Sat, 27 Jan 2018 01:55:43 +0000
** CTD Python Module SMHI /ver 3-12/ feb 2012 
** LIMS Job: 20183402-0017
** Cruise: SMHI-01-2018
** Latitude [GG MM.mm N] :
** Longitude [GG MM.mm E]:
# nquan = 26
# nvalues = 169                         
# units = specified
# name 0 = scan: Scan Count
# name 1 = prDM: Pressure, Digiquartz [db]
# name 2 = t090C: Temperature [ITS-90, deg C]
# name 3 = t190C: Temperature, 2 [ITS-90, deg C]
# name 4 = T2-T190C: Temperature Difference, 2 - 1 [ITS-90, deg C]
# name 5 = c0S/m: Conductivity [S/m]
# name 6 = c1S/m: Conductivity, 2 [S/m]
# name 7 = pumps: Pump Status
# name 8 = sbeox0ML/L: Oxygen, SBE 43 [ml/l]
# name 9 = sbeox1ML/L: Oxygen, SBE 43, 2 [ml/l]
# name 10 = altM: Altimeter [m]
# name 11 = flECO-AFL: Chl-a Fluorescence, WET Labs ECO-AFL/FL [mg/m^3]
# name 12 = flECO-AFL1: Phycocyanin Fluorescence, WET Labs ECO-AFL/FL, 2 [mg/m^3]
# name 13 = par: PAR/Irradiance, Biospherical/Lico [µE/(cm^2*s)]
# name 14 = turbWETntu0: Turbidity, WET Labs ECO [NTU]
# name 15 = sal00: Salinity, Practical [PSU]
# name 16 = sal11: Salinity, Practical, 2 [PSU]
# name 17 = secS-priS: Salinity, Practical, Difference, 2 - 1 [PSU]
# name 18 = sigma-t00: Density [sigma-t, Kg/m^3 ]
# name 19 = sigma-t11: Density, 2 [sigma-t, Kg/m^3 ]
# name 20 = depSM: Depth [salt water, m], lat = 55.2502
# name 21 = depFM: Depth [true depth, m], lat = 55.2502
# name 22 = dz/dtM: Descent Rate [m/s], WS = 2
# name 23 = svCM: Sound Velocity [Chen-Millero, m/s]
# name 24 = svCM1: Sound Velocity, 2 [Chen-Millero, m/s]
# name 25 = flag: flag
# span 0 =      12839,      18815       
# span 1 =      1.000,     85.000       
# span 2 =     4.3534,     9.6523       
# span 3 =     4.3612,     9.6531       
# span 4 =    -0.0182,     0.0131       
# span 5 =   0.785935,   1.847942       
# span 6 =   0.786123,   1.847930       
# span 7 =          1,          1       
# span 8 =   -0.00650,    8.13524       
# span 9 =    0.05943,    8.10472       
# span 10 =       3.64,      98.93      
# span 11 =     0.2110,     0.7650      
# span 12 =     0.2245,     0.3994      
# span 13 = 1.0000e-12, 1.0000e-12      
# span 14 =     0.1246,     0.4050      
# span 15 =     7.3803,    17.2508      
# span 16 =     7.3796,    17.2504      
# span 17 =    -0.0093,     0.0071      
# span 18 =     5.8564,    13.4875      
# span 19 =     5.8560,    13.4871      
# span 20 =      0.991,     84.215      
# span 21 =      1.013,     85.856      
# span 22 =      0.165,      0.385      
# span 23 =    1432.82,    1463.62      
# span 24 =    1432.86,    1463.62      
# span 25 = 0.0000e+00, 0.0000e+00      
# interval = decibars: 0.5              
# start_time = Jan 27 2018 00:02:37 [NMEA time, first data scan]
# bad_flag = -9.990e-29
*END*
[from data line 112]
      16872     57.000     9.6488     9.6471    -0.0017    1.55804    1.55760          1     3.0076     3.0229      32.40     0.2278     0.2765  1.000e-12  0.1506000    13.2370    13.2336    -0.0034    10.0574    10.0550     56.477     57.674      0.357    1463.04    1463.03  0.000e+00
      16906     57.500     9.6523     9.6531     0.0008    1.56705    1.56669          1     2.9479     2.9706      31.82     0.2394     0.2896  1.000e-12  0.1548000    13.3188    13.3151    -0.0036    10.1206    10.1177     56.973     58.178      0.344    1463.16    1463.16  0.000e+00
      16942     58.000     9.6221     9.6247     0.0026    1.57450    1.57422          1     2.8552     2.8890      31.32     0.2110     0.2245  1.000e-12  0.1567000    13.3986    13.3951    -0.0035    10.1862    10.1832     57.468     58.682      0.343    1463.15    1463.15  0.000e+00
      16975     58.500     9.5555     9.5590     0.0036    1.57807    1.57801          1     2.6205     2.6885      30.92     0.2114     0.2850  1.000e-12  0.1569000    13.4564    13.4545    -0.0019    10.2390    10.2371     57.963     59.186      0.359    1462.97    1462.98  0.000e+00
      17009     59.000     9.5280     9.5265    -0.0014    1.58167    1.58122          1     2.6172     2.6948      30.35     0.2450     0.3160  1.000e-12  0.1701000    13.4999    13.4963    -0.0037    10.2761    10.2734     58.459     59.691      0.348    1462.92    1462.91  0.000e+00
      17045     59.500     9.5683     9.5646    -0.0038    1.59266    1.59195          1     2.8669     2.8699      29.82     0.2478     0.3182  1.000e-12  0.1542000    13.5865    13.5813    -0.0051    10.3386    10.3351     58.954     60.195      0.337    1463.19    1463.17  0.000e+00
      17080     60.000     9.5871     9.5878     0.0007    1.60617    1.60566          1     2.8647     2.8566      29.29     0.2391     0.3011  1.000e-12  0.1534000    13.7045    13.6994    -0.0050    10.4282    10.4242     59.449     60.699      0.353    1463.42    1463.41  0.000e+00
      17113     60.500     9.5674     9.5683     0.0009    1.61438    1.61420          1     2.7589     2.7729      28.84     0.2385     0.2801  1.000e-12  0.1615000    13.7880    13.7860    -0.0020    10.4955    10.4938     59.945     61.203      0.359    1463.45    1463.45  0.000e+00
      17147     61.000     9.5501     9.5509     0.0008    1.61911    1.61889          1     2.7143     2.7393      28.50     0.2422     0.2909  1.000e-12  0.1612000    13.8384    13.8361    -0.0023    10.5367    10.5348     60.440     61.707      0.348    1463.45    1463.45  0.000e+00
      17182     61.500     9.5443     9.5441    -0.0001    1.62614    1.62573          1     2.7927     2.8031      28.00     0.2265     0.2899  1.000e-12  0.1568000    13.9059    13.9021    -0.0037    10.5899    10.5870     60.935     62.211      0.338    1463.52    1463.52  0.000e+00
      17217     62.000     9.5404     9.5418     0.0014    1.63536    1.63498          1     2.8982     2.8832      27.31     0.2222     0.2956  1.000e-12  0.1446000    13.9930    13.9889    -0.0041    10.6581    10.6547     61.431     62.715      0.345    1463.62    1463.62  0.000e+00
      17251     62.500     9.5005     9.5026     0.0021    1.64149    1.64125          1     2.8262     2.8215      26.79     0.2412     0.2499  1.000e-12  0.1547000    14.0654    14.0624    -0.0030    10.7192    10.7165     61.926     63.218      0.355    1463.56    1463.57  0.000e+00
      17285     63.000     9.4180     9.4234     0.0054    1.64847    1.64819          1     2.7093     2.7294      26.25     0.2281     0.2741  1.000e-12  0.1554000    14.1628    14.1581    -0.0047    10.8046    10.8002     62.421     63.722      0.352    1463.37    1463.38  0.000e+00
      17320     63.500     9.3509     9.3542     0.0033    1.65599    1.65565          1     2.5790     2.6148      25.78     0.2521     0.2892  1.000e-12  0.1493000    14.2595    14.2551    -0.0044    10.8877    10.8838     62.917     64.226      0.344    1463.23    1463.24  0.000e+00
      17355     64.000     9.2993     9.3023     0.0030    1.66303    1.66272          1     2.4798     2.5237      25.28     0.2358     0.2656  1.000e-12  0.1594000    14.3459    14.3418    -0.0041    10.9609    10.9574     63.412     64.730      0.347    1463.15    1463.15  0.000e+00
      17389     64.500     9.2464     9.2490     0.0025    1.66748    1.66732          1     2.4185     2.4657      24.76     0.2359     0.3097  1.000e-12  0.1663000    14.4088    14.4063    -0.0025    11.0159    11.0137     63.907     65.234      0.353    1463.03    1463.03  0.000e+00
      17423     65.000     9.1437     9.1493     0.0056    1.67099    1.67080          1     2.2514     2.3059      24.38     0.2317     0.3156  1.000e-12  0.1594000    14.4832    14.4791    -0.0041    11.0857    11.0819     64.403     65.737      0.344    1462.73    1462.74  0.000e+00
      17458     65.500     9.0288     9.0311     0.0023    1.67785    1.67756          1     2.0392     2.1177      23.79     0.2314     0.3129  1.000e-12  0.1699000    14.5945    14.5909    -0.0036    11.1854    11.1824     64.898     66.241      0.342    1462.42    1462.42  0.000e+00
      17493     66.000     8.9235     8.9280     0.0045    1.68550    1.68527          1     1.9801     2.0495      23.28     0.2489     0.2936  1.000e-12  0.1727000    14.7102    14.7062    -0.0040    11.2874    11.2838     65.393     66.745      0.353    1462.16    1462.17  0.000e+00
      17527     66.500     8.7997     8.8045     0.0047    1.69284    1.69264          1     1.8386     1.9148      22.75     0.2568     0.2646  1.000e-12  0.1708000    14.8312    14.8273    -0.0038    11.3955    11.3920     65.889     67.248      0.349    1461.83    1461.84  0.000e+00
      17562     67.000     8.6918     8.6946     0.0028    1.69778    1.69754          1     1.7743     1.8478      22.23     0.2409     0.2798  1.000e-12  0.1746000    14.9233    14.9199    -0.0035    11.4793    11.4763     66.384     67.752      0.346    1461.53    1461.53  0.000e+00
      17596     67.500     8.6018     8.6067     0.0049    1.70511    1.70492          1     1.7440     1.7971      21.80     0.2572     0.2921  1.000e-12  0.1624000    15.0314    15.0275    -0.0038    11.5734    11.5699     66.879     68.255      0.349    1461.31    1461.33  0.000e+00
      17631     68.000     8.4757     8.4829     0.0072    1.71015    1.70993          1     1.6217     1.6848      21.22     0.2448     0.2796  1.000e-12  0.1574000    15.1333    15.1282    -0.0052    11.6667    11.6618     67.374     68.758      0.346    1460.95    1460.97  0.000e+00
      17665     68.500     8.3713     8.3752     0.0039    1.71432    1.71420          1     1.5318     1.6016      20.62     0.2281     0.3134  1.000e-12  0.1584000    15.2182    15.2154    -0.0028    11.7441    11.7415     67.870     69.262      0.344    1460.65    1460.66  0.000e+00
      17700     69.000     8.2809     8.2854     0.0044    1.71802    1.71780          1     1.4812     1.5465      20.07     0.2563     0.3013  1.000e-12  0.1534000    15.2929    15.2889    -0.0040    11.8120    11.8084     68.365     69.765      0.345    1460.39    1460.40  0.000e+00
      17735     69.500     8.2106     8.2152     0.0046    1.72118    1.72105          1     1.4560     1.5102      19.60     0.2444     0.3107  1.000e-12  0.1482000    15.3540    15.3507    -0.0033    11.8671    11.8641     68.860     70.269      0.351    1460.19    1460.21  0.000e+00
      17769     70.000     8.1417     8.1459     0.0042    1.72331    1.72315          1     1.4176     1.4653      19.12     0.2630     0.2387  1.000e-12  0.1583000    15.4047    15.4014    -0.0033    11.9139    11.9109     69.356     70.772      0.349    1459.99    1460.00  0.000e+00
      17803     70.500     8.0580     8.0616     0.0037    1.72626    1.72609          1     1.3267     1.3795      18.58     0.2607     0.2625  1.000e-12  0.1533000    15.4701    15.4669    -0.0033    11.9737    11.9708     69.851     71.275      0.349    1459.74    1459.75  0.000e+00
      17838     71.000     7.9569     7.9609     0.0039    1.73069    1.73047          1     1.1983     1.2611      18.07     0.2492     0.2339  1.000e-12  0.1704000    15.5579    15.5540    -0.0039    12.0527    12.0493     70.346     71.778      0.346    1459.45    1459.47  0.000e+00
      17873     71.500     7.9042     7.9049     0.0007    1.73833    1.73810          1     0.9957     1.0859      17.52     0.2488     0.2903  1.000e-12  0.1756000    15.6560    15.6535    -0.0025    12.1348    12.1327     70.842     72.281      0.340    1459.37    1459.37  0.000e+00
      17908     72.000     7.8330     7.8374     0.0043    1.74242    1.74236          1     0.9145     1.0057      17.02     0.2565     0.3006  1.000e-12  0.1534000    15.7279    15.7253    -0.0026    12.1983    12.1958     71.337     72.785      0.338    1459.18    1459.20  0.000e+00
      17943     72.500     7.7347     7.7370     0.0023    1.74421    1.74410          1     0.9294     0.9953      16.53     0.2482     0.2440  1.000e-12  0.1644000    15.7897    15.7875    -0.0021    12.2565    12.2546     71.832     73.288      0.353    1458.87    1458.88  0.000e+00
      17977     73.000     7.6745     7.6755     0.0010    1.74756    1.74747          1     0.8710     0.9316      16.01     0.2488     0.2811  1.000e-12  0.1681000    15.8499    15.8485    -0.0014    12.3096    12.3083     72.328     73.791      0.360    1458.71    1458.72  0.000e+00
      18010     73.500     7.6174     7.6198     0.0025    1.74992    1.74985          1     0.8165     0.8765      15.49     0.2598     0.2966  1.000e-12  0.1726000    15.8990    15.8972    -0.0018    12.3537    12.3520     72.823     74.294      0.353    1458.55    1458.56  0.000e+00
      18045     74.000     7.5347     7.5393     0.0046    1.75187    1.75165          1     0.7859     0.8410      14.94     0.2445     0.3138  1.000e-12  0.1845000    15.9560    15.9517    -0.0043    12.4064    12.4026     73.318     74.797      0.332    1458.30    1458.31  0.000e+00
      18081     74.500     7.4441     7.4519     0.0077    1.75435    1.75428          1     0.7319     0.7867      14.41     0.2499     0.3140  1.000e-12  0.1736000    16.0220    16.0178    -0.0043    12.4670    12.4629     73.813     75.300      0.338    1458.02    1458.05  0.000e+00
      18116     75.000     7.3671     7.3701     0.0030    1.75694    1.75677          1     0.6828     0.7388      13.75     0.2719     0.3258  1.000e-12  0.1732000    16.0833    16.0802    -0.0030    12.5223    12.5197     74.309     75.803      0.351    1457.79    1457.80  0.000e+00
      18150     75.500     7.3134     7.3145     0.0011    1.76050    1.76038          1     0.6324     0.6889      13.36     0.2755     0.3012  1.000e-12  0.1783000    16.1436    16.1418    -0.0018    12.5748    12.5733     74.804     76.306      0.355    1457.66    1457.66  0.000e+00
      18184     76.000     7.2872     7.2889     0.0017    1.76413    1.76396          1     0.5546     0.6180      12.88     0.2697     0.2452  1.000e-12  0.1901000    16.1919    16.1894    -0.0025    12.6151    12.6130     75.299     76.809      0.347    1457.62    1457.63  0.000e+00
      18219     76.500     7.2473     7.2492     0.0020    1.76832    1.76818          1     0.4474     0.5151      12.38     0.2606     0.2676  1.000e-12  0.1884000    16.2523    16.2500    -0.0023    12.6663    12.6643     75.795     77.312      0.342    1457.54    1457.55  0.000e+00
      18254     77.000     7.2207     7.2218     0.0011    1.77379    1.77356          1     0.3546     0.4302      11.86     0.2798     0.3125  1.000e-12  0.1914000    16.3195    16.3166    -0.0029    12.7214    12.7190     76.290     77.815      0.353    1457.53    1457.53  0.000e+00
      18288     77.500     7.1922     7.1943     0.0021    1.77846    1.77836          1     0.2777     0.3546      11.37     0.2933     0.3140  1.000e-12  0.2088000    16.3796    16.3776    -0.0020    12.7712    12.7695     76.785     78.317      0.347    1457.49    1457.50  0.000e+00
      18323     78.000     7.1451     7.1501     0.0050    1.78198    1.78181          1     0.2324     0.3004      10.76     0.2918     0.2895  1.000e-12  0.2286000    16.4370    16.4330    -0.0040    12.8207    12.8171     77.281     78.820      0.332    1457.38    1457.40  0.000e+00
      18359     78.500     7.0768     7.0796     0.0028    1.78582    1.78555          1     0.1863     0.2539      10.13     0.3184     0.2525  1.000e-12  0.2628000    16.5081    16.5039    -0.0041    12.8828    12.8793     77.776     79.323      0.343    1457.20    1457.20  0.000e+00
      18393     79.000     7.0055     7.0103     0.0048    1.79687    1.79643          1     0.0744     0.1495       9.63     0.3121     0.3017  1.000e-12  0.2759000    16.6535    16.6468    -0.0067    13.0035    12.9978     78.271     79.826      0.363    1457.10    1457.11  0.000e+00
      18426     79.500     6.9197     6.9217     0.0020    1.80459    1.80446          1    -0.0041     0.0729       9.18     0.2815     0.2602  1.000e-12  0.3473000    16.7729    16.7706    -0.0023    13.1051    13.1031     78.766     80.329      0.348    1456.90    1456.91  0.000e+00
      18462     80.000     6.8660     6.8678     0.0018    1.81199    1.81164          1    -0.0065     0.0594       8.73     0.2919     0.2846  1.000e-12  0.3461000    16.8739    16.8695    -0.0044    13.1893    13.1857     79.262     80.831      0.339    1456.82    1456.82  0.000e+00
      18497     80.500     6.8472     6.8486     0.0014    1.82220    1.82180          1     0.0157     0.0677       8.25     0.2899     0.2992  1.000e-12  0.3535000    16.9867    16.9820    -0.0047    13.2795    13.2757     79.757     81.334      0.346    1456.89    1456.89  0.000e+00
      18531     81.000     6.8432     6.8436     0.0005    1.82790    1.82763          1     0.0280     0.0715       7.76     0.3227     0.2898  1.000e-12  0.3404000    17.0464    17.0435    -0.0029    13.3267    13.3244     80.252     81.836      0.350    1456.95    1456.95  0.000e+00
      18566     81.500     6.8430     6.8435     0.0005    1.83651    1.83616          1     0.0342     0.0724       7.24     0.3075     0.2896  1.000e-12  0.4011000    17.1338    17.1300    -0.0038    13.3953    13.3923     80.748     82.339      0.343    1457.07    1457.07  0.000e+00
      18601     82.000     6.8404     6.8410     0.0006    1.84139    1.84130          1     0.0366     0.0699       6.73     0.3333     0.3158  1.000e-12  0.4050000    17.1846    17.1834    -0.0012    13.4354    13.4344     81.243     82.842      0.346    1457.13    1457.13  0.000e+00
      18635     82.500     6.8399     6.8403     0.0005    1.84287    1.84280          1     0.0363     0.0668       6.22     0.3246     0.3037  1.000e-12  0.3843000    17.1998    17.1988    -0.0010    13.4474    13.4466     81.738     83.344      0.348    1457.16    1457.16  0.000e+00
      18670     83.000     6.8396     6.8402     0.0006    1.84611    1.84605          1     0.0334     0.0674       5.70     0.3307     0.3104  1.000e-12  0.3825000    17.2327    17.2318    -0.0009    13.4732    13.4725     82.234     83.847      0.349    1457.20    1457.21  0.000e+00
      18704     83.500     6.8395     6.8400     0.0006    1.84749    1.84751          1     0.0368     0.0648       5.17     0.3410     0.2972  1.000e-12  0.3883000    17.2467    17.2466    -0.0001    13.4843    13.4841     82.729     84.349      0.341    1457.23    1457.23  0.000e+00
      18740     84.000     6.8394     6.8400     0.0006    1.84778    1.84780          1     0.0323     0.0623       4.42     0.3468     0.3174  1.000e-12  0.3819000    17.2495    17.2494    -0.0001    13.4864    13.4863     83.224     84.852      0.329    1457.24    1457.24  0.000e+00
