ctdpy/exports/archive_20191121_122431/received_data/SBE09_1044_20181207_1950_34_01_0164.cnv
* Sea-Bird SBE 9 Data File:
* FileName = C:\ctd\temp\ar18d164.hex
* Software Version Seasave V 7.26.7.107
* Temperature SN = 5351
* Conductivity SN = 3941
* Number of Bytes Per Scan = 30
* Number of Voltage Words = 4
* Number of Scans Averaged by the Deck Unit = 1
* NMEA baud rate = 4800
** Station:  P2
** Operator:  JKro
** Ship: ARANDA
** Average sound velocity: 1481.98 m/s
** True-depth calculation Sun, 09 Dec 2018 17:50:05 +0000
** CTD Python Module SMHI /ver 3-12/ feb 2012 
** LIMS Job: 20183401-0164
** Cruise: SMHI-7-2018
** Latitude [GG MM.mm N]: 57 52.003
** Longitude [GG MM.mm E] 11 17.515
# nquan = 26
# nvalues = 180                         
# units = specified
# name 0 = scan: Scan Count
# name 1 = prDM: Pressure, Digiquartz [db]
# name 2 = t090C: Temperature [ITS-90, deg C]
# name 3 = t190C: Temperature, 2 [ITS-90, deg C]
# name 4 = T2-T190C: Temperature Difference, 2 - 1 [ITS-90, deg C]
# name 5 = c0S/m: Conductivity [S/m]
# name 6 = c1S/m: Conductivity, 2 [S/m]
# name 7 = pumps: Pump Status
# name 8 = sbeox0ML/L: Oxygen, SBE 43 [ml/l]
# name 9 = sbeox1ML/L: Oxygen, SBE 43, 2 [ml/l]
# name 10 = altM: Altimeter [m]
# name 11 = flECO-AFL: Chl-a Fluorescence, WET Labs ECO-AFL/FL [mg/m^3]
# name 12 = flECO-AFL1: Phycocyanin Fluorescence, WET Labs ECO-AFL/FL, 2 [mg/m^3]
# name 13 = par: PAR/Irradiance, Biospherical/Lico [µE/(cm^2*s)]
# name 14 = turbWETntu0: Turbidity, WET Labs ECO [NTU]
# name 15 = sal00: Salinity, Practical [PSU]
# name 16 = sal11: Salinity, Practical, 2 [PSU]
# name 17 = secS-priS: Salinity, Practical, Difference, 2 - 1 [PSU]
# name 18 = sigma-t00: Density [sigma-t, Kg/m^3 ]
# name 19 = sigma-t11: Density, 2 [sigma-t, Kg/m^3 ]
# name 20 = depSM: Depth [salt water, m], lat = 0
# name 21 = depFM: Depth [true depth, m], lat = 0
# name 22 = dz/dtM: Descent Rate [m/s], WS = 2
# name 23 = svCM: Sound Velocity [Chen-Millero, m/s]
# name 24 = svCM1: Sound Velocity, 2 [Chen-Millero, m/s]
# name 25 = flag: flag
# span 0 =      19144,      24855       
# span 1 =      1.000,     90.500       
# span 2 =     7.3816,     8.4794       
# span 3 =     7.3828,     8.4806       
# span 4 =    -0.0055,     0.0094       
# span 5 =   3.390470,   3.615949       
# span 6 =   3.390538,   3.616032       
# span 7 =          1,          1       
# span 8 =    6.22323,    6.60004       
# span 9 =    6.19773,    6.60726       
# span 10 =       2.73,      97.56      
# span 11 =     0.2411,     0.9052      
# span 12 =     0.1491,     0.3295      
# span 13 = 1.0000e-12, 2.7003e-03      
# span 14 =     0.6480,     1.4885      
# span 15 =    33.1129,    34.6886      
# span 16 =    33.1127,    34.6885      
# span 17 =    -0.0064,     0.0074      
# span 18 =    25.8801,    27.0198      
# span 19 =    25.8798,    27.0195      
# span 20 =      0.995,     89.983      
# span 21 =      0.993,     89.799      
# span 22 =     -0.051,      0.759      
# span 23 =    1477.80,    1484.69      
# span 24 =    1477.80,    1484.70      
# span 25 = 0.0000e+00, 0.0000e+00      
# interval = decibars: 0.5              
# start_time = Dec 07 2018 19:50:32 [System UTC, header]
# bad_flag = -9.990e-29
*END*
[from data line 112]
      22352     57.000     7.9118     7.9142     0.0024    3.51666    3.51683          1     6.4230     6.4165      36.29     0.4324     0.2308  1.000e-12  1.0285000    33.9368    33.9362    -0.0006    26.4518    26.4510     56.679     56.570      0.449    1481.76    1481.77  0.000e+00
      22387     57.500     7.8637     7.8635    -0.0002    3.51348    3.51356          1     6.4243     6.4208      35.67     0.5143     0.2215  1.000e-12  1.2430000    33.9490    33.9501     0.0011    26.4685    26.4694     57.176     57.066      0.311    1481.60    1481.60  0.000e+00
      22422     58.000     7.8218     7.8228     0.0011    3.51084    3.51092          1     6.4196     6.4172      35.19     0.4963     0.1844  1.000e-12  1.0755000    33.9612    33.9611    -0.0001    26.4842    26.4840     57.673     57.562      0.428    1481.46    1481.47  0.000e+00
      22447     58.500     7.8007     7.8021     0.0014    3.51019    3.51025          1     6.4394     6.4420      34.77     0.4733     0.2646  1.000e-12  1.0173000    33.9746    33.9739    -0.0007    26.4978    26.4971     58.170     58.058      0.514    1481.41    1481.41  0.000e+00
      22470     59.000     7.8452     7.8444    -0.0009    3.51778    3.51765          1     6.4438     6.4439      34.26     0.4375     0.2472  1.000e-12  1.0251000    34.0126    34.0120    -0.0006    26.5211    26.5208     58.668     58.555      0.486    1481.63    1481.63  0.000e+00
      22498     59.500     7.9107     7.9118     0.0012    3.52682    3.52696          1     6.4344     6.4264      33.72     0.5862     0.2321  1.000e-12  0.9843000    34.0457    34.0460     0.0004    26.5375    26.5376     59.165     59.051      0.380    1481.93    1481.94  0.000e+00
      22533     60.000     7.9481     7.9542     0.0062    3.53155    3.53216          1     6.4359     6.4090      33.19     0.5888     0.2345  1.000e-12  0.9032000    34.0597    34.0602     0.0005    26.5430    26.5425     59.662     59.547      0.362    1482.10    1482.12  0.000e+00
      22561     60.500     8.0435     8.0402    -0.0032    3.54401    3.54378          1     6.4036     6.3951      32.80     0.4767     0.2653  1.000e-12  0.7729000    34.1000    34.1007     0.0007    26.5605    26.5615     60.159     60.043      0.497    1482.52    1482.51  0.000e+00
      22583     61.000     8.1407     8.1389    -0.0017    3.55782    3.55768          1     6.3723     6.3586      32.30     0.3924     0.2644  1.000e-12  0.8562000    34.1526    34.1529     0.0002    26.5874    26.5878     60.656     60.539      0.518    1482.96    1482.95  0.000e+00
      22611     61.500     8.2397     8.2491     0.0094    3.57033    3.57146          1     6.3057     6.2827      31.74     0.3747     0.2572  1.000e-12  0.7743000    34.1893    34.1922     0.0029    26.6012    26.6021     61.153     61.035      0.351    1483.38    1483.42  0.000e+00
      22655     62.000     8.3468     8.3514     0.0045    3.58373    3.58436          1     6.2352     6.2128      31.11     0.4129     0.2328  1.000e-12  0.7280000    34.2274    34.2297     0.0023    26.6149    26.6160     61.650     61.531      0.320    1483.84    1483.86  0.000e+00
      22682     62.500     8.3817     8.3800    -0.0017    3.59011    3.59006          1     6.2340     6.2028      30.80     0.4172     0.1923  1.000e-12  0.7519000    34.2610    34.2620     0.0011    26.6359    26.6370     62.147     62.027      0.577    1484.02    1484.02  0.000e+00
      22700     63.000     8.4445     8.4447     0.0002    3.60309    3.60303          1     6.2289     6.1977      30.38     0.4104     0.2045  1.000e-12  0.7793000    34.3372    34.3364    -0.0008    26.6861    26.6854     62.644     62.523      0.656    1484.36    1484.36  0.000e+00
      22718     63.500     8.4577     8.4581     0.0004    3.60987    3.60987          1     6.2266     6.2088      29.90     0.3954     0.1912  1.000e-12  0.7875000    34.3961    34.3956    -0.0005    26.7302    26.7298     63.141     63.019      0.585    1484.49    1484.49  0.000e+00
      22745     64.000     8.4577     8.4582     0.0004    3.61009    3.61007          1     6.2232     6.2142      29.30     0.3705     0.2096  1.000e-12  0.7564000    34.3981    34.3975    -0.0006    26.7318    26.7312     63.639     63.515      0.335    1484.50    1484.50  0.000e+00
      22800     64.500     8.4566     8.4584     0.0019    3.60999    3.61022          1     6.2316     6.2238      28.64     0.3720     0.1936  1.000e-12  0.6867000    34.3979    34.3986     0.0006    26.7318    26.7320     64.136     64.011      0.316    1484.50    1484.51  0.000e+00
      22825     65.000     8.4588     8.4588     0.0000    3.61036    3.61030          1     6.2353     6.2194      28.31     0.3626     0.1637  1.000e-12  0.7019000    34.3995    34.3988    -0.0007    26.7327    26.7322     64.633     64.507      0.597    1484.52    1484.52  0.000e+00
      22843     65.500     8.4600     8.4611     0.0011    3.61068    3.61079          1     6.2381     6.2214      27.96     0.3208     0.1491  1.000e-12  0.7283000    34.4015    34.4015     0.0001    26.7341    26.7340     65.130     65.003      0.676    1484.54    1484.54  0.000e+00
      22861     66.000     8.4573     8.4585     0.0011    3.61102    3.61111          1     6.2441     6.2310      27.57     0.3094     0.2416  1.000e-12  0.7400000    34.4074    34.4073    -0.0001    26.7391    26.7389     65.627     65.499      0.614    1484.54    1484.55  0.000e+00
      22885     66.500     8.4523     8.4533     0.0009    3.61130    3.61134          1     6.2443     6.2275      26.92     0.3785     0.2360  1.000e-12  0.7677000    34.4150    34.4145    -0.0006    26.7459    26.7453     66.124     65.995      0.384    1484.54    1484.54  0.000e+00
      22935     67.000     8.4463     8.4488     0.0025    3.61103    3.61136          1     6.2692     6.2551      26.19     0.3451     0.2425  1.000e-12  0.6753000    34.4178    34.4189     0.0011    26.7490    26.7495     66.621     66.491      0.297    1484.53    1484.54  0.000e+00
      22965     67.500     8.4769     8.4760    -0.0009    3.61489    3.61479          1     6.2622     6.2513      25.87     0.3458     0.2079  1.000e-12  0.8081000    34.4287    34.4285    -0.0002    26.7529    26.7528     67.118     66.987      0.574    1484.67    1484.66  0.000e+00
      22983     68.000     8.4794     8.4806     0.0012    3.61595    3.61603          1     6.2704     6.2634      25.50     0.3544     0.2146  1.000e-12  0.7413000    34.4372    34.4369    -0.0003    26.7591    26.7587     67.615     67.483      0.647    1484.69    1484.70  0.000e+00
      23002     68.500     8.4123     8.4182     0.0059    3.61023    3.61056          1     6.3020     6.3017      25.04     0.3530     0.2230  1.000e-12  0.7068000    34.4419    34.4396    -0.0023    26.7731    26.7704     68.112     67.979      0.539    1484.46    1484.48  0.000e+00
      23036     69.000     8.3687     8.3699     0.0012    3.60685    3.60705          1     6.3311     6.3334      24.35     0.3701     0.2273  1.000e-12  0.7023000    34.4484    34.4494     0.0010    26.7849    26.7855     68.609     68.475      0.289    1484.31    1484.32  0.000e+00
      23081     69.500     8.3817     8.3856     0.0038    3.60939    3.60981          1     6.3547     6.3479      23.80     0.4158     0.2749  1.000e-12  0.6480000    34.4623    34.4631     0.0007    26.7938    26.7938     69.107     68.971      0.378    1484.39    1484.40  0.000e+00
      23105     70.000     8.3854     8.3848    -0.0006    3.61057    3.61055          1     6.3359     6.3295      23.44     0.4043     0.2067  1.000e-12  0.7084000    34.4712    34.4715     0.0003    26.8002    26.8006     69.604     69.467      0.583    1484.42    1484.42  0.000e+00
      23123     70.500     8.3520     8.3532     0.0012    3.60828    3.60840          1     6.3234     6.3181      23.05     0.3470     0.2071  1.000e-12  0.7888000    34.4792    34.4794     0.0001    26.8117    26.8116     70.101     69.963      0.644    1484.31    1484.32  0.000e+00
      23142     71.000     8.2534     8.2585     0.0052    3.59873    3.59921          1     6.3350     6.3330      22.57     0.3458     0.2064  1.000e-12  0.7951000    34.4741    34.4741     0.0000    26.8227    26.8218     70.598     70.459      0.558    1483.94    1483.96  0.000e+00
      23171     71.500     8.1646     8.1647     0.0001    3.58956    3.58961          1     6.3592     6.3621      21.89     0.3427     0.2075  1.000e-12  0.8945000    34.4632    34.4635     0.0004    26.8275    26.8278     71.095     70.955      0.350    1483.60    1483.61  0.000e+00
      23211     72.000     8.1157     8.1133    -0.0025    3.58457    3.58421          1     6.3643     6.3527      21.32     0.3649     0.2740  1.000e-12  1.0026000    34.4576    34.4562    -0.0014    26.8305    26.8298     71.592     71.451      0.340    1483.42    1483.41  0.000e+00
      23240     72.500     8.0257     8.0307     0.0048    3.57590    3.57626          1     6.3841     6.3661      20.88     0.3494     0.2453  1.000e-12  0.9313000    34.4531    34.4521    -0.0010    26.8404    26.8389     72.089     71.947      0.466    1483.08    1483.10  0.000e+00
      23264     73.000     8.1095     8.1045    -0.0048    3.59105    3.58999          1     6.3491     6.3328      20.43     0.4037     0.2245  1.000e-12  0.9505000    34.5326    34.5261    -0.0064    26.8903    26.8860     72.586     72.443      0.455    1483.51    1483.48  0.000e+00
      23296     73.500     8.1055     8.1070     0.0014    3.59398    3.59401          1     6.3220     6.3043      19.86     0.3131     0.2393  1.000e-12  0.9648000    34.5676    34.5666    -0.0011    26.9184    26.9174     73.083     72.939      0.332    1483.55    1483.55  0.000e+00
      23334     74.000     8.0948     8.0960     0.0012    3.59405    3.59415          1     6.3065     6.3002      19.32     0.3091     0.2265  1.000e-12  0.9220000    34.5788    34.5787    -0.0001    26.9288    26.9285     73.580     73.435      0.390    1483.53    1483.53  0.000e+00
      23358     74.500     8.0879     8.0891     0.0012    3.59395    3.59405          1     6.2949     6.2971      19.01     0.3052     0.2640  1.000e-12  0.8833000    34.5842    34.5842     0.0000    26.9341    26.9339     74.077     73.931      0.610    1483.51    1483.52  0.000e+00
      23376     75.000     8.0619     8.0632     0.0013    3.59570    3.59575          1     6.2879     6.2886      18.60     0.2971     0.2327  1.000e-12  0.9027000    34.6284    34.6277    -0.0007    26.9727    26.9719     74.574     74.427      0.668    1483.48    1483.48  0.000e+00
      23394     75.500     8.0627     8.0638     0.0011    3.59717    3.59724          1     6.2833     6.2741      18.14     0.2661     0.2080  1.000e-12  1.0432000    34.6431    34.6427    -0.0004    26.9842    26.9837     75.071     74.923      0.550    1483.51    1483.51  0.000e+00
      23432     76.000     8.0672     8.0687     0.0015    3.59853    3.59884          1     6.2732     6.2546      17.41     0.2699     0.2020  1.000e-12  1.0474000    34.6530    34.6548     0.0018    26.9912    26.9924     75.569     75.418      0.277    1483.55    1483.55  0.000e+00
      23485     76.500     8.0678     8.0688     0.0010    3.60015    3.60038          1     6.2656     6.2493      16.84     0.2658     0.2430  1.000e-12  0.8912000    34.6696    34.6710     0.0014    27.0042    27.0051     76.066     75.914      0.478    1483.58    1483.58  0.000e+00
      23502     77.000     8.0648     8.0659     0.0011    3.60074    3.60083          1     6.2603     6.2441      16.55     0.2979     0.2573  1.000e-12  1.0500000    34.6787    34.6785    -0.0002    27.0118    27.0115     76.563     76.410      0.719    1483.59    1483.59  0.000e+00
      23517     77.500     8.0637     8.0650     0.0012    3.60085    3.60094          1     6.2592     6.2435      16.24     0.2582     0.1917  1.000e-12  1.0951000    34.6806    34.6802    -0.0003    27.0134    27.0130     77.060     76.906      0.744    1483.59    1483.60  0.000e+00
      23534     78.000     8.0633     8.0644     0.0011    3.60089    3.60098          1     6.2580     6.2478      15.67     0.2411     0.2013  1.000e-12  1.1172000    34.6812    34.6811    -0.0001    27.0140    27.0137     77.557     77.402      0.581    1483.60    1483.60  0.000e+00
      23578     78.500     8.0675     8.0651    -0.0024    3.60068    3.60093          1     6.2532     6.2505      14.94     0.2655     0.2261  1.000e-12  0.9995000    34.6746    34.6795     0.0049    27.0082    27.0124     78.054     77.898      0.291    1483.62    1483.61  0.000e+00
      23626     79.000     8.0631     8.0648     0.0016    3.60095    3.60094          1     6.2490     6.2256      14.43     0.3064     0.2338  1.000e-12  0.9506000    34.6816    34.6797    -0.0019    27.0143    27.0126     78.551     78.394      0.533    1483.62    1483.62  0.000e+00
      23643     79.500     8.0621     8.0633     0.0012    3.60108    3.60119          1     6.2488     6.2157      14.09     0.3286     0.2684  1.000e-12  1.0606000    34.6837    34.6837    -0.0000    27.0161    27.0159     79.048     78.890      0.720    1483.62    1483.63  0.000e+00
      23658     80.000     8.0618     8.0630     0.0012    3.60120    3.60131          1     6.2480     6.2241      13.72     0.3456     0.2643  1.000e-12  1.1372000    34.6851    34.6850    -0.0001    27.0172    27.0170     79.545     79.385      0.727    1483.63    1483.64  0.000e+00
      23676     80.500     8.0618     8.0630     0.0011    3.60122    3.60132          1     6.2435     6.2340      13.21     0.2701     0.2316  1.000e-12  1.1979000    34.6850    34.6850    -0.0001    27.0172    27.0170     80.042     79.881      0.571    1483.64    1483.64  0.000e+00
      23715     81.000     8.0622     8.0633     0.0010    3.60129    3.60141          1     6.2441     6.2392      12.46     0.2760     0.2296  1.000e-12  1.1778000    34.6850    34.6853     0.0003    27.0171    27.0172     80.539     80.377      0.283    1483.65    1483.65  0.000e+00
      23767     81.500     8.0621     8.0631     0.0010    3.60134    3.60141          1     6.2476     6.2342      11.92     0.2957     0.2340  1.000e-12  1.0970000    34.6855    34.6852    -0.0003    27.0175    27.0172     81.036     80.873      0.512    1483.66    1483.66  0.000e+00
      23783     82.000     8.0621     8.0633     0.0012    3.60134    3.60143          1     6.2435     6.2309      11.66     0.2846     0.2059  1.000e-12  1.2003000    34.6852    34.6850    -0.0002    27.0173    27.0170     81.533     81.369      0.736    1483.67    1483.67  0.000e+00
      23798     82.500     8.0621     8.0633     0.0012    3.60140    3.60150          1     6.2451     6.2330      11.27     0.2531     0.2270  1.000e-12  1.1867000    34.6857    34.6855    -0.0002    27.0177    27.0174     82.030     81.865      0.747    1483.68    1483.68  0.000e+00
      23815     83.000     8.0622     8.0634     0.0012    3.60148    3.60158          1     6.2465     6.2358      10.73     0.2412     0.2458  1.000e-12  1.1843000    34.6862    34.6860    -0.0001    27.0180    27.0178     82.527     82.361      0.554    1483.68    1483.69  0.000e+00
      23867     83.500     8.0630     8.0637     0.0007    3.60147    3.60161          1     6.2438     6.2283       9.97     0.2708     0.2328  1.000e-12  1.0807000    34.6851    34.6859     0.0008    27.0171    27.0176     83.024     82.857      0.278    1483.70    1483.70  0.000e+00
      23916     84.000     8.0625     8.0637     0.0012    3.60155    3.60163          1     6.2395     6.2316       9.44     0.2892     0.2295  1.000e-12  1.1313000    34.6862    34.6859    -0.0003    27.0180    27.0176     83.522     83.352      0.444    1483.70    1483.71  0.000e+00
