ctdpy/exports/archive_20191121_122431/received_data/SBE09_0827_20180823_0402_26_01_0861.cnv
* Sea-Bird SBE 9 Data File:
* FileName = D:\CTD_SBE911\DAT\26DA.2018.8.61.hex
* Software Version Seasave V 7.21d
* Temperature SN = 034605
* Conductivity SN = 041844
* Number of Bytes Per Scan = 48
* Number of Voltage Words = 5
* Number of Scans Averaged by the Deck Unit = 1
* NMEA Latitude = 57 31.69 N
* NMEA Longitude = 008 35.23 E
* NMEA UTC (Time) = Aug 23 2018  04:04:42
* NMEA baud rate = 4800
** Ship: DANA
** Average sound velocity: 1495.40 m/s
** True-depth calculation Thu, 28 Mar 2019 09:25:26 +0000
** CTD Python Module SMHI /ver 3-12/ feb 2012 
** LIMS Job: 20182601-0861
**  24 N HANSTHOLM
** Operator: Christian
** Cruise: 08/2018
# nquan = 26
# nvalues = 138                         
# units = specified
# name 0 = scan: Scan Count
# name 1 = prDM: Pressure, Digiquartz [db]
# name 2 = t090C: Temperature [ITS-90, deg C]
# name 3 = t190C: Temperature, 2 [ITS-90, deg C]
# name 4 = T2-T190C: Temperature Difference, 2 - 1 [ITS-90, deg C]
# name 5 = c0S/m: Conductivity [S/m]
# name 6 = c1S/m: Conductivity, 2 [S/m]
# name 7 = pumps: Pump Status
# name 8 = sbeox1ML/L: Oxygen, SBE 43, 2 [ml/l]
# name 9 = sbeox0ML/L: Oxygen, SBE 43 [ml/l]
# name 10 = altM: Altimeter [m]
# name 11 = chloroflTC0: Chlorophyll, Turner Cyclops [ug/l]
# name 12 = cpar: CPAR/Corrected Irradiance [%]
# name 13 = par: PAR/Irradiance, Biospherical/Lico [µE/(cm^2*s)]
# name 14 = spar: SPAR, Biospherical/Licor
# name 15 = sal00: Salinity, Practical [PSU]
# name 16 = sal11: Salinity, Practical, 2 [PSU]
# name 17 = secS-priS: Salinity, Practical, Difference, 2 - 1 [PSU]
# name 18 = sigma-t00: Density [sigma-t, kg/m^3 ]
# name 19 = sigma-t11: Density, 2 [sigma-t, kg/m^3 ]
# name 20 = depSM: Depth [salt water, m], lat = 57.5282
# name 21 = depFM: Depth [true depth, m], lat = 57.5282
# name 22 = dz/dtM: Descent Rate [m/s], WS = 2
# name 23 = svCM: Sound Velocity [Chen-Millero, m/s]
# name 24 = svCM1: Sound Velocity, 2 [Chen-Millero, m/s]
# name 25 = flag: flag
# span 0 =         47,       6566       
# span 1 =      2.000,     70.500       
# span 2 =     8.7345,    17.2713       
# span 3 =     8.7311,    17.2701       
# span 4 =    -0.0844,     0.8622       
# span 5 =   3.662362,   4.297613       
# span 6 =   3.662371,   4.298068       
# span 7 =          1,          1       
# span 8 =     5.1336,     6.5910       
# span 9 =     5.1444,     6.2668       
# span 10 =       1.73,       9.98      
# span 11 =     0.0928,     0.3557      
# span 12 = 1.2287e-11, 4.1925e+00      
# span 13 = 1.0000e-12, 2.5543e-01      
# span 14 = 6.0914e+00, 8.1348e+00      
# span 15 =    31.7451,    34.7383      
# span 16 =    31.7490,    34.7692      
# span 17 =    -0.4940,     0.1502      
# span 18 =    22.9560,    26.9074      
# span 19 =    22.9594,    26.9106      
# span 20 =      1.982,     69.838      
# span 21 =      1.991,     70.000      
# span 22 =     -0.096,      0.954      
# span 23 =    1485.98,    1511.24      
# span 24 =    1485.97,    1511.25      
# span 25 = 0.0000e+00, 0.0000e+00      
# interval = decibars: 0.5              
# start_time = Aug 23 2018 04:04:42 [NMEA time, first data scan]
# bad_flag = -9.990e-29
*END*
[from data line 56]
       2467     30.000    10.6333    10.7421     0.1088    3.83688    3.85488          1     5.8728     5.6428       9.97     0.3302  1.591e-11  1.000e-12  6.342e+00    34.6616    34.7393     0.0777    26.5776    26.6188     29.721     29.826      0.365    1492.17    1492.65  0.000e+00
       2538     30.500    10.3580    10.4840     0.1262    3.80814    3.82837          1     5.7419     5.5148       9.97     0.2720  1.558e-11  1.000e-12  6.506e+00    34.6330    34.7177     0.0847    26.6036    26.6477     30.216     30.322      0.346    1491.17    1491.72  0.000e+00
       2564     31.000    10.2610    10.3235     0.0627    3.79830    3.81237          1     5.6862     5.4639       9.97     0.2619  1.636e-11  1.000e-12  6.118e+00    34.6256    34.7088     0.0832    26.6147    26.6688     30.712     30.818      0.594    1490.82    1491.14  0.000e+00
       2582     31.500    10.1781    10.2440     0.0658    3.78934    3.80477          1     5.6483     5.4353       9.97     0.2609  1.619e-11  1.000e-12  6.203e+00    34.6135    34.7074     0.0939    26.6196    26.6815     31.207     31.315      0.604    1490.52    1490.87  0.000e+00
       2623     32.000    10.0944    10.1622     0.0678    3.78074    3.79344          1     5.5694     5.4025       9.97     0.2382  1.544e-11  1.000e-12  6.573e+00    34.6057    34.6701     0.0645    26.6279    26.6665     31.702     31.811      0.363    1490.22    1490.54  0.000e+00
       2694     32.500     9.9482     9.9765     0.0283    3.76607    3.77593          1     5.4729     5.3419       9.97     0.2118  1.539e-11  1.000e-12  6.600e+00    34.5956    34.6693     0.0737    26.6450    26.6977     32.198     32.307      0.555    1489.69    1489.88  0.000e+00
       2709     33.000     9.8513     9.8772     0.0261    3.75658    3.76716          1     5.4667     5.3273       9.97     0.2021  1.533e-11  1.000e-12  6.627e+00    34.5911    34.6747     0.0836    26.6579    26.7188     32.693     32.803      0.735    1489.34    1489.54  0.000e+00
       2724     33.500     9.8074     9.8315     0.0241    3.75218    3.76166          1     5.4503     5.3311       9.97     0.1998  1.641e-11  1.000e-12  6.096e+00    34.5879    34.6621     0.0742    26.6628    26.7167     33.188     33.299      0.670    1489.19    1489.37  0.000e+00
       2773     34.000     9.8305     9.8392     0.0086    3.75506    3.75985          1     5.4063     5.3398       9.97     0.2069  1.516e-11  1.000e-12  6.715e+00    34.5950    34.6359     0.0409    26.6644    26.6949     33.684     33.795      0.432    1489.29    1489.37  0.000e+00
       2844     34.500     9.8002     9.8152     0.0149    3.75214    3.75813          1     5.3631     5.3358       9.97     0.1981  1.617e-11  1.000e-12  6.212e+00    34.5940    34.6410     0.0470    26.6687    26.7030     34.179     34.291      0.682    1489.18    1489.30  0.000e+00
       2860     35.000     9.7760     9.7909     0.0152    3.75038    3.75593          1     5.3767     5.3354       9.97     0.1812  1.502e-11  1.000e-12  6.784e+00    34.5989    34.6416     0.0427    26.6766    26.7075     34.674     34.787      0.656    1489.11    1489.22  0.000e+00
       2886     35.500     9.7704     9.7882     0.0176    3.75033    3.75457          1     5.3860     5.3296       9.97     0.1745  1.535e-11  1.000e-12  6.621e+00    34.6035    34.6300     0.0265    26.6812    26.6990     35.169     35.283      0.369    1489.11    1489.20  0.000e+00
       2960     36.000     9.8296     9.8160    -0.0135    3.75852    3.75721          1     5.3851     5.4059       9.97     0.1942  1.477e-11  1.000e-12  6.903e+00    34.6305    34.6302    -0.0004    26.6923    26.6944     35.665     35.779      0.397    1489.36    1489.31  0.000e+00
       2980     36.500     9.8628     9.8377    -0.0251    3.76443    3.76215          1     5.3945     5.4926       9.97     0.1770  1.529e-11  1.000e-12  6.647e+00    34.6589    34.6597     0.0008    26.7089    26.7137     36.160     36.275      0.525    1489.52    1489.43  0.000e+00
       3006     37.000     9.9284     9.8672    -0.0611    3.77462    3.76506          1     5.4277     5.5714       9.98     0.1818  1.434e-11  1.000e-12  7.119e+00    34.7001    34.6610    -0.0391    26.7299    26.7098     36.655     36.771      0.363    1489.82    1489.55  0.000e+00
       3065     37.500     9.9315     9.9193    -0.0121    3.77490    3.77406          1     5.5032     5.5572       9.97     0.1929  1.509e-11  1.000e-12  6.746e+00    34.6997    34.7029     0.0032    26.7292    26.7337     37.151     37.267      0.269    1489.84    1489.80  0.000e+00
       3102     38.000     9.9206     9.9235     0.0028    3.77425    3.77547          1     5.5351     5.5298       9.97     0.2175  1.433e-11  1.000e-12  7.125e+00    34.7033    34.7131     0.0098    26.7338    26.7409     37.646     37.763      0.444    1489.81    1489.83  0.000e+00
       3128     38.500     9.9032     9.9186     0.0155    3.77243    3.77529          1     5.5609     5.5314       9.97     0.2700  1.479e-11  1.000e-12  6.894e+00    34.7011    34.7157     0.0145    26.7350    26.7438     38.141     38.259      0.387    1489.75    1489.83  0.000e+00
       3193     39.000     9.8505     9.8637     0.0128    3.76940    3.77164          1     5.5708     5.5399       9.97     0.2170  1.423e-11  1.000e-12  7.171e+00    34.7207    34.7310     0.0103    26.7593    26.7650     38.637     38.755      0.314    1489.59    1489.65  0.000e+00
       3228     39.500     9.8539     9.8497    -0.0042    3.77010    3.77084          1     5.5576     5.5492       9.97     0.1947  1.412e-11  1.000e-12  7.226e+00    34.7243    34.7360     0.0117    26.7615    26.7714     39.132     39.251      0.517    1489.62    1489.62  0.000e+00
       3251     40.000     9.8574     9.8564    -0.0011    3.77057    3.77159          1     5.5609     5.5711       9.97     0.1861  1.486e-11  1.000e-12  6.864e+00    34.7256    34.7371     0.0115    26.7619    26.7711     39.627     39.747      0.389    1489.64    1489.65  0.000e+00
       3312     40.500     9.8631     9.8627    -0.0003    3.77113    3.77214          1     5.5813     5.5562       9.98     0.1975  1.414e-11  1.000e-12  7.218e+00    34.7256    34.7363     0.0107    26.7610    26.7694     40.122     40.243      0.301    1489.67    1489.68  0.000e+00
       3344     41.000     9.7957     9.8356     0.0397    3.76539    3.77080          1     5.5801     5.5473       9.97     0.1922  1.364e-11  1.000e-12  7.465e+00    34.7314    34.7485     0.0171    26.7769    26.7835     40.618     40.739      0.455    1489.44    1489.61  0.000e+00
       3375     41.500     9.7378     9.7660     0.0278    3.76064    3.76532          1     5.5841     5.5346       9.97     0.1848  1.376e-11  1.000e-12  7.406e+00    34.7383    34.7591     0.0208    26.7920    26.8036     41.113     41.235      0.301    1489.25    1489.38  0.000e+00
       3425     42.000     9.6121     9.5766    -0.0355    3.74808    3.74796          1     5.5701     5.4857       9.97     0.2063  1.378e-11  1.000e-12  7.394e+00    34.7301    34.7632     0.0331    26.8067    26.8385     41.608     41.731      0.298    1488.79    1488.71  0.000e+00
       3455     42.500     9.5010     9.4901    -0.0106    3.73693    3.74044          1     5.5246     5.4146       9.97     0.1727  1.331e-11  1.000e-12  7.629e+00    34.7222    34.7692     0.0470    26.8190    26.8575     42.103     42.227      0.400    1488.39    1488.41  0.000e+00
       3491     43.000     9.3093     9.2249    -0.0844    3.71684    3.71411          1     5.4517     5.3389       9.97     0.1635  1.333e-11  1.000e-12  7.619e+00    34.6996    34.7533     0.0537    26.8328    26.8886     42.599     42.723      0.274    1487.67    1487.43  0.000e+00
       3538     43.500     9.2199     9.1645    -0.0555    3.70614    3.70506          1     5.3681     5.2796       9.97     0.1668  1.373e-11  1.000e-12  7.420e+00    34.6748    34.7176     0.0428    26.8279    26.8704     43.094     43.219      0.297    1487.32    1487.17  0.000e+00
       3574     44.000     9.1250     9.1041    -0.0210    3.69673    3.69960          1     5.3441     5.2777       9.97     0.1695  1.329e-11  1.000e-12  7.637e+00    34.6688    34.7191     0.0503    26.8387    26.8814     43.589     43.715      0.334    1486.98    1486.96  0.000e+00
       3615     44.500     9.1128     9.0632    -0.0497    3.69561    3.69375          1     5.3150     5.2676       9.97     0.1566  1.325e-11  1.000e-12  7.660e+00    34.6687    34.6977     0.0290    26.8406    26.8713     44.085     44.211      0.262    1486.94    1486.79  0.000e+00
       3659     45.000     9.0667     9.0226    -0.0440    3.69019    3.68941          1     5.2869     5.2318       9.97     0.1458  1.320e-11  1.000e-12  7.684e+00    34.6568    34.6916     0.0348    26.8387    26.8730     44.580     44.707      0.317    1486.76    1486.64  0.000e+00
       3696     45.500     9.0330     9.0093    -0.0238    3.68713    3.68762          1     5.2595     5.2341       9.97     0.1509  1.291e-11  1.000e-12  7.825e+00    34.6573    34.6856     0.0283    26.8445    26.8704     45.075     45.203      0.275    1486.65    1486.59  0.000e+00
       3749     46.000     8.9953     8.9880    -0.0074    3.68391    3.68509          1     5.2487     5.2161       9.97     0.1399  1.353e-11  1.000e-12  7.519e+00    34.6602    34.6796     0.0194    26.8528    26.8692     45.570     45.699      0.278    1486.52    1486.52  0.000e+00
       3781     46.500     8.9811     8.9845     0.0033    3.68262    3.68457          1     5.2447     5.2000       9.97     0.1310  1.432e-11  1.000e-12  7.130e+00    34.6602    34.6773     0.0171    26.8551    26.8679     46.066     46.195      0.475    1486.48    1486.51  0.000e+00
       3806     47.000     8.9691     8.9659    -0.0033    3.68145    3.68317          1     5.2353     5.1946       9.97     0.1172  1.316e-11  1.000e-12  7.701e+00    34.6594    34.6806     0.0212    26.8564    26.8735     46.561     46.690      0.408    1486.44    1486.45  0.000e+00
       3862     47.500     8.9526     8.9355    -0.0171    3.67953    3.67939          1     5.2037     5.1884       9.97     0.1275  1.319e-11  1.000e-12  7.686e+00    34.6552    34.6705     0.0153    26.8557    26.8704     47.056     47.186      0.253    1486.38    1486.34  0.000e+00
       3910     48.000     8.9556     8.9467    -0.0089    3.68001    3.68001          1     5.1852     5.1925       9.97     0.1355  1.289e-11  1.000e-12  7.835e+00    34.6570    34.6657     0.0087    26.8566    26.8649     47.552     47.682      0.420    1486.40    1486.38  0.000e+00
       3936     48.500     8.9518     8.9446    -0.0071    3.67963    3.68009          1     5.1896     5.2055       9.97     0.1200  1.277e-11  1.000e-12  7.895e+00    34.6566    34.6684     0.0118    26.8569    26.8673     48.047     48.178      0.419    1486.40    1486.39  0.000e+00
       3973     49.000     8.9490     8.9486    -0.0004    3.67901    3.68029          1     5.2042     5.2001       9.97     0.1616  1.298e-11  1.000e-12  7.792e+00    34.6526    34.6663     0.0137    26.8542    26.8650     48.542     48.674      0.246    1486.39    1486.40  0.000e+00
       4043     49.500     8.9471     8.9355    -0.0116    3.67918    3.67909          1     5.1893     5.1844       9.97     0.1513  1.301e-11  1.000e-12  7.776e+00    34.6559    34.6663     0.0104    26.8571    26.8672     49.037     49.170      0.289    1486.39    1486.36  0.000e+00
       4077     50.000     8.9312     8.9315     0.0003    3.67756    3.67858          1     5.1798     5.1794       9.97     0.1342  1.283e-11  1.000e-12  7.865e+00    34.6542    34.6647     0.0105    26.8583    26.8665     49.533     49.666      0.449    1486.34    1486.36  0.000e+00
       4103     50.500     8.9257     8.9284     0.0027    3.67704    3.67819          1     5.1843     5.1803       9.97     0.1330  1.313e-11  1.000e-12  7.719e+00    34.6539    34.6634     0.0095    26.8590    26.8660     50.028     50.162      0.416    1486.33    1486.35  0.000e+00
       4139     51.000     8.9287     8.9283    -0.0003    3.67736    3.67813          1     5.1855     5.1778       9.97     0.1314  1.283e-11  1.000e-12  7.864e+00    34.6541    34.6625     0.0084    26.8587    26.8653     50.523     50.658      0.276    1486.35    1486.36  0.000e+00
       4185     51.500     8.9267     8.9259    -0.0007    3.67719    3.67786          1     5.1868     5.1805       9.97     0.1303  1.300e-11  1.000e-12  7.784e+00    34.6540    34.6617     0.0077    26.8589    26.8651     51.018     51.154      0.284    1486.35    1486.36  0.000e+00
       4226     52.000     8.9203     8.9215     0.0012    3.67660    3.67742          1     5.1806     5.1763       9.97     0.1363  1.263e-11  1.000e-12  7.964e+00    34.6538    34.6613     0.0074    26.8598    26.8654     51.514     51.650      0.275    1486.34    1486.35  0.000e+00
       4273     52.500     8.9182     8.9199     0.0017    3.67639    3.67718          1     5.1789     5.1542       9.97     0.1334  1.267e-11  1.000e-12  7.946e+00    34.6535    34.6601     0.0066    26.8598    26.8647     52.009     52.146      0.270    1486.33    1486.35  0.000e+00
       4311     53.000     8.9193     8.9195     0.0002    3.67648    3.67715          1     5.1819     5.1598       9.97     0.1557  1.271e-11  1.000e-12  7.924e+00    34.6531    34.6600     0.0069    26.8594    26.8647     52.504     52.642      0.390    1486.35    1486.36  0.000e+00
       4338     53.500     8.9128     8.9176     0.0048    3.67583    3.67697          1     5.1856     5.1670       9.97     0.1256  1.232e-11  1.000e-12  8.118e+00    34.6524    34.6597     0.0073    26.8599    26.8648     52.999     53.138      0.438    1486.33    1486.36  0.000e+00
       4375     54.000     8.9118     8.9145     0.0028    3.67579    3.67666          1     5.1836     5.1584       9.97     0.1246  1.255e-11  1.000e-12  8.005e+00    34.6528    34.6592     0.0064    26.8603    26.8649     53.495     53.634      0.294    1486.33    1486.35  0.000e+00
       4461     54.500     8.9185     8.9114    -0.0071    3.67651    3.67621          1     5.1571     5.1753       9.97     0.1166  1.229e-11  1.000e-12  8.135e+00    34.6535    34.6573     0.0038    26.8598    26.8639     53.990     54.130      0.457    1486.37    1486.35  0.000e+00
       4475     55.000     8.9221     8.9164    -0.0057    3.67685    3.67680          1     5.1608     5.1680       9.97     0.1098  1.277e-11  1.000e-12  7.895e+00    34.6533    34.6583     0.0050    26.8591    26.8639     54.485     54.626      0.662    1486.39    1486.37  0.000e+00
       4492     55.500     8.9204     8.9126    -0.0078    3.67671    3.67648          1     5.1616     5.1660       9.97     0.1084  1.232e-11  1.000e-12  8.116e+00    34.6533    34.6584     0.0051    26.8594    26.8646     54.980     55.122      0.613    1486.39    1486.37  0.000e+00
       4542     56.000     8.9185     8.9140    -0.0045    3.67652    3.67654          1     5.1653     5.1749       9.97     0.1176  1.277e-11  1.000e-12  7.897e+00    34.6528    34.6575     0.0047    26.8593    26.8637     55.476     55.618      0.351    1486.39    1486.38  0.000e+00
       4604     56.500     8.9140     8.9119    -0.0022    3.67611    3.67639          1     5.1599     5.1723       9.97     0.1570  1.230e-11  1.000e-12  8.128e+00    34.6526    34.6577     0.0051    26.8598    26.8642     55.971     56.114      0.549    1486.38    1486.38  0.000e+00
       4622     57.000     8.9123     8.9124     0.0001    3.67595    3.67640          1     5.1600     5.1509       9.97     0.1193  1.231e-11  1.000e-12  8.123e+00    34.6524    34.6571     0.0046    26.8600    26.8636     56.466     56.609      0.594    1486.39    1486.39  0.000e+00
