ctdpy/exports/archive_20191121_122431/received_data/SBE09_1044_20180415_1848_34_07_0001.cnv
* Sea-Bird SBE 9 Data File:
* FileName = C:\ctd\temp\2018\AU18D001.hex
* Software Version Seasave V 7.26.6.26
* Temperature SN = 5351
* Conductivity SN = 3941
* Number of Bytes Per Scan = 41
* Number of Voltage Words = 4
* Number of Scans Averaged by the Deck Unit = 1
* NMEA Latitude = 57 51.99 N
* NMEA Longitude = 011 17.53 E
* NMEA UTC (Time) = Apr 15 2018  18:48:56
* NMEA baud rate = 4800
** Station:  P2
** Operator:  A-KTh
** Ship: AURA
** Average sound velocity: 1474.79 m/s
** True-depth calculation Sun, 15 Apr 2018 19:47:45 +0000
** CTD Python Module SMHI /ver 3-12/ feb 2012 
** LIMS Job: 20183407-0001
** Cruise: SMHI-01-2018
** Latitude [GG MM.mm N] :
** Longitude [GG MM.mm E]:
# nquan = 26
# nvalues = 184                         
# units = specified
# name 0 = scan: Scan Count
# name 1 = prDM: Pressure, Digiquartz [db]
# name 2 = t090C: Temperature [ITS-90, deg C]
# name 3 = t190C: Temperature, 2 [ITS-90, deg C]
# name 4 = T2-T190C: Temperature Difference, 2 - 1 [ITS-90, deg C]
# name 5 = c0S/m: Conductivity [S/m]
# name 6 = c1S/m: Conductivity, 2 [S/m]
# name 7 = pumps: Pump Status
# name 8 = sbeox0ML/L: Oxygen, SBE 43 [ml/l]
# name 9 = sbeox1ML/L: Oxygen, SBE 43, 2 [ml/l]
# name 10 = altM: Altimeter [m]
# name 11 = flECO-AFL: Chl-a Fluorescence, WET Labs ECO-AFL/FL [mg/m^3]
# name 12 = flECO-AFL1: Phycocyanin Fluorescence, WET Labs ECO-AFL/FL, 2 [mg/m^3]
# name 13 = par: PAR/Irradiance, Biospherical/Lico [µE/(cm^2*s)]
# name 14 = turbWETntu0: Turbidity, WET Labs ECO [NTU]
# name 15 = sal00: Salinity, Practical [PSU]
# name 16 = sal11: Salinity, Practical, 2 [PSU]
# name 17 = secS-priS: Salinity, Practical, Difference, 2 - 1 [PSU]
# name 18 = sigma-t00: Density [sigma-t, Kg/m^3 ]
# name 19 = sigma-t11: Density, 2 [sigma-t, Kg/m^3 ]
# name 20 = depSM: Depth [salt water, m], lat = 57.8665
# name 21 = depFM: Depth [true depth, m], lat = 57.8665
# name 22 = dz/dtM: Descent Rate [m/s], WS = 2
# name 23 = svCM: Sound Velocity [Chen-Millero, m/s]
# name 24 = svCM1: Sound Velocity, 2 [Chen-Millero, m/s]
# name 25 = flag: flag
# span 0 =       6771,      13017       
# span 1 =      0.500,     92.000       
# span 2 =     4.1202,     7.2136       
# span 3 =     4.1229,     7.2132       
# span 4 =    -0.0353,     0.0293       
# span 5 =   2.028766,   3.536613       
# span 6 =   2.028926,   3.536716       
# span 7 =          1,          1       
# span 8 =    5.75514,    8.17453       
# span 9 =    5.68895,    8.12816       
# span 10 =       1.96,      98.82      
# span 11 =     0.0700,    10.7101      
# span 12 =     0.1744,     1.5143      
# span 13 = -2.651e-06, 2.4029e+00      
# span 14 =     0.3609,     2.1447      
# span 15 =    20.3279,    34.9971      
# span 16 =    20.3272,    34.9966      
# span 17 =    -0.1285,     0.0694      
# span 18 =    16.0583,    27.4099      
# span 19 =    16.0572,    27.4092      
# span 20 =      0.495,     91.128      
# span 21 =      0.501,     91.353      
# span 22 =     -0.146,      0.565      
# span 23 =    1450.76,    1480.34      
# span 24 =    1450.75,    1480.34      
# span 25 = 0.0000e+00, 0.0000e+00      
# interval = decibars: 0.5              
# start_time = Apr 15 2018 18:48:56 [NMEA time, first data scan]
# bad_flag = -9.990e-29
*END*
[from data line 56]
       8176     28.500     6.9590     6.9596     0.0006    3.49686    3.49674          1     5.9535     5.8993      65.91     0.2100     0.2140  1.000e-12  0.5512000    34.6788    34.6768    -0.0020    27.1715    27.1698     28.234     28.397      0.521    1478.57    1478.57  0.000e+00
       8199     29.000     6.9807     6.9812     0.0005    3.50053    3.50048          1     5.9316     5.8838      98.34     0.1492     0.2469  1.000e-12  0.5606000    34.6970    34.6960    -0.0011    27.1828    27.1819     28.730     28.893      0.519    1478.68    1478.68  0.000e+00
       8222     29.500     6.9860     6.9866     0.0006    3.50136    3.50141          1     5.9228     5.8802      71.11     0.1547     0.2345  1.000e-12  0.5820000    34.7006    34.7005    -0.0001    27.1849    27.1847     29.225     29.389      0.521    1478.71    1478.72  0.000e+00
       8245     30.000     6.9916     6.9921     0.0005    3.50263    3.50263          1     5.9216     5.8766      66.82     0.2054     0.2739  1.000e-12  0.5914000    34.7087    34.7082    -0.0005    27.1905    27.1900     29.720     29.884      0.528    1478.75    1478.75  0.000e+00
       8267     30.500     6.9998     7.0003     0.0005    3.50430    3.50428          1     5.9303     5.8767      81.62     0.1915     0.2456  1.000e-12  0.6228000    34.7186    34.7178    -0.0008    27.1971    27.1964     30.215     30.380      0.538    1478.80    1478.81  0.000e+00
       8289     31.000     7.0153     7.0147    -0.0006    3.50681    3.50666          1     5.9397     5.8792      63.02     0.1443     0.2411  1.000e-12  0.6528000    34.7304    34.7293    -0.0011    27.2043    27.2035     30.711     30.876      0.549    1478.89    1478.88  0.000e+00
       8311     31.500     7.0571     7.0557    -0.0014    3.51241    3.51209          1     5.9477     5.8869      79.41     0.1344     0.2492  1.000e-12  0.6429000    34.7496    34.7474    -0.0022    27.2136    27.2120     31.206     31.372      0.548    1479.08    1479.07  0.000e+00
       8333     32.000     7.1346     7.1345    -0.0001    3.52260    3.52253          1     5.9644     5.9120      90.81     0.1140     0.2419  1.000e-12  0.6184000    34.7831    34.7823    -0.0007    27.2291    27.2285     31.701     31.868      0.538    1479.43    1479.43  0.000e+00
       8356     32.500     7.1928     7.1914    -0.0014    3.53055    3.53024          1     5.9656     5.9257      61.69     0.0906     0.2089  1.000e-12  0.5645000    34.8112    34.8093    -0.0020    27.2431    27.2417     32.197     32.363      0.530    1479.70    1479.69  0.000e+00
       8379     33.000     7.2136     7.2132    -0.0004    3.53381    3.53380          1     5.9735     5.9507      61.03     0.0700     0.2502  1.000e-12  0.5143000    34.8258    34.8260     0.0002    27.2516    27.2518     32.692     32.859      0.519    1479.81    1479.80  0.000e+00
       8402     33.500     7.1506     7.1517     0.0011    3.52763    3.52772          1     6.0131     5.9865      60.60     0.0969     0.2505  1.000e-12  0.5617000    34.8214    34.8212    -0.0002    27.2571    27.2568     33.187     33.355      0.512    1479.56    1479.57  0.000e+00
       8425     34.000     7.1100     7.1108     0.0007    3.52365    3.52370          1     6.0468     6.0135      60.04     0.0800     0.1953  1.000e-12  0.6570000    34.8183    34.8181    -0.0002    27.2603    27.2601     33.683     33.851      0.524    1479.41    1479.42  0.000e+00
       8448     34.500     7.0870     7.0886     0.0016    3.52149    3.52161          1     6.0719     6.0436      59.72     0.0799     0.2119  1.000e-12  0.7285000    34.8176    34.8173    -0.0003    27.2630    27.2625     34.178     34.346      0.549    1479.33    1479.34  0.000e+00
       8469     35.000     7.0835     7.0832    -0.0004    3.52151    3.52142          1     6.0809     6.0370      59.25     0.0991     0.2249  1.000e-12  0.7874000    34.8211    34.8205    -0.0006    27.2662    27.2658     34.673     34.842      0.552    1479.33    1479.33  0.000e+00
       8491     35.500     7.1192     7.1191    -0.0001    3.52582    3.52581          1     6.0647     5.9937      58.60     0.1046     0.2113  1.000e-12  0.8309000    34.8322    34.8322    -0.0000    27.2700    27.2700     35.168     35.338      0.523    1479.49    1479.49  0.000e+00
       8515     36.000     7.1330     7.1337     0.0007    3.52771    3.52773          1     6.0466     5.9713      58.01     0.0809     0.2259  1.000e-12  0.8306000    34.8387    34.8382    -0.0005    27.2731    27.2727     35.664     35.834      0.497    1479.56    1479.56  0.000e+00
       8539     36.500     7.1232     7.1222    -0.0010    3.52671    3.52655          1     6.0400     5.9702      57.55     0.0873     0.2382  1.000e-12  0.8760000    34.8374    34.8366    -0.0008    27.2735    27.2730     36.159     36.329      0.507    1479.53    1479.52  0.000e+00
       8563     37.000     7.0961     7.0971     0.0010    3.52391    3.52396          1     6.0490     5.9845      57.19     0.0709     0.2664  1.000e-12  0.8789000    34.8338    34.8334    -0.0004    27.2745    27.2740     36.654     36.825      0.528    1479.43    1479.43  0.000e+00
       8585     37.500     7.0778     7.0788     0.0011    3.52205    3.52210          1     6.0772     6.0026      75.46     0.1027     0.2393  1.000e-12  0.8568000    34.8316    34.8311    -0.0004    27.2753    27.2748     37.150     37.321      0.541    1479.36    1479.37  0.000e+00
       8607     38.000     7.0957     7.0956    -0.0001    3.52430    3.52424          1     6.0735     5.9887      62.18     0.1123     0.2473  1.000e-12  0.8824000    34.8380    34.8374    -0.0006    27.2779    27.2774     37.645     37.817      0.528    1479.45    1479.45  0.000e+00
       8630     38.500     7.1294     7.1297     0.0003    3.52820    3.52820          1     6.0321     5.9484      55.49     0.1138     0.2359  1.000e-12  0.9190000    34.8465    34.8462    -0.0003    27.2798    27.2795     38.140     38.312      0.512    1479.60    1479.60  0.000e+00
       8654     39.000     7.1418     7.1425     0.0007    3.52969    3.52971          1     6.0106     5.9333      55.00     0.1217     0.2053  1.000e-12  0.9834000    34.8501    34.8496    -0.0005    27.2809    27.2804     38.635     38.808      0.518    1479.66    1479.66  0.000e+00
       8677     39.500     7.1221     7.1238     0.0017    3.52776    3.52786          1     6.0201     5.9566      54.64     0.1020     0.1919  1.000e-12  1.0435000    34.8486    34.8479    -0.0006    27.2825    27.2817     39.131     39.304      0.537    1479.59    1479.59  0.000e+00
       8699     40.000     7.0863     7.0877     0.0014    3.52418    3.52427          1     6.0476     5.9915      54.32     0.0836     0.2293  1.000e-12  1.0908000    34.8453    34.8447    -0.0005    27.2849    27.2843     39.626     39.800      0.541    1479.45    1479.46  0.000e+00
       8721     40.500     7.0792     7.0796     0.0005    3.52346    3.52349          1     6.0613     6.0093      53.66     0.0915     0.2660  1.000e-12  1.1263000    34.8443    34.8441    -0.0001    27.2851    27.2849     40.121     40.295      0.529    1479.43    1479.43  0.000e+00
       8744     41.000     7.0826     7.0828     0.0002    3.52391    3.52388          1     6.0753     6.0200      53.17     0.0909     0.1967  1.000e-12  1.1312000    34.8454    34.8449    -0.0005    27.2855    27.2851     40.616     40.791      0.523    1479.45    1479.46  0.000e+00
       8767     41.500     7.0881     7.0903     0.0022    3.52455    3.52476          1     6.0758     6.0107      16.00     0.1027     0.2071  1.000e-12  1.1556000    34.8467    34.8468     0.0000    27.2858    27.2855     41.112     41.287      0.520    1479.49    1479.49  0.000e+00
       8790     42.000     7.0863     7.0889     0.0027    3.52440    3.52465          1     6.0748     6.0152      15.65     0.1046     0.2585  1.000e-12  1.1857000    34.8466    34.8467     0.0001    27.2860    27.2856     41.607     41.782      0.508    1479.49    1479.50  0.000e+00
       8814     42.500     7.0246     7.0270     0.0023    3.51814    3.51832          1     6.1025     6.0495      16.50     0.0920     0.2370  1.000e-12  1.1963000    34.8399    34.8395    -0.0004    27.2893    27.2886     42.102     42.278      0.503    1479.25    1479.26  0.000e+00
       8838     43.000     6.9898     6.9902     0.0005    3.51470    3.51467          1     6.1192     6.0668      17.48     0.0898     0.2229  1.000e-12  1.1996000    34.8370    34.8363    -0.0007    27.2918    27.2912     42.598     42.774      0.505    1479.12    1479.12  0.000e+00
       8862     43.500     6.9623     6.9573    -0.0050    3.51192    3.51130          1     6.1353     6.0878      18.54     0.0908     0.2271  1.000e-12  1.2077000    34.8340    34.8322    -0.0018    27.2933    27.2926     43.093     43.270      0.519    1479.02    1479.00  0.000e+00
       8884     44.000     6.9031     6.9019    -0.0012    3.50622    3.50604          1     6.1584     6.1031      19.60     0.1069     0.2048  1.000e-12  1.2282000    34.8308    34.8301    -0.0008    27.2990    27.2985     43.588     43.765      0.541    1478.79    1478.79  0.000e+00
       8906     44.500     6.9048     6.9056     0.0008    3.50679    3.50683          1     6.1545     6.0943      20.63     0.1137     0.1824  1.000e-12  1.2244000    34.8352    34.8348    -0.0004    27.3022    27.3017     44.083     44.261      0.534    1478.81    1478.82  0.000e+00
       8929     45.000     6.9267     6.9295     0.0028    3.50932    3.50959          1     6.1462     6.0768      21.73     0.1087     0.1969  1.000e-12  1.2064000    34.8406    34.8407     0.0001    27.3034    27.3031     44.579     44.757      0.499    1478.91    1478.92  0.000e+00
       8954     45.500     6.8984     6.9008     0.0024    3.50646    3.50662          1     6.1522     6.0940      22.94     0.1162     0.2343  1.000e-12  1.1860000    34.8375    34.8369    -0.0007    27.3049    27.3041     45.074     45.253      0.498    1478.81    1478.82  0.000e+00
       8977     46.000     6.8694     6.8713     0.0019    3.50379    3.50392          1     6.1533     6.1066      37.81     0.1381     0.1871  1.000e-12  1.1717000    34.8371    34.8367    -0.0005    27.3086    27.3080     45.569     45.748      0.526    1478.70    1478.71  0.000e+00
       9000     46.500     6.8684     6.8690     0.0006    3.50394    3.50398          1     6.1704     6.1105      67.80     0.1365     0.2217  1.000e-12  1.1746000    34.8395    34.8393    -0.0002    27.3106    27.3104     46.064     46.244      0.535    1478.71    1478.71  0.000e+00
       9023     47.000     6.8260     6.8286     0.0025    3.49970    3.49990          1     6.1972     6.1357      47.06     0.1275     0.2205  1.000e-12  1.2246000    34.8354    34.8350    -0.0004    27.3132    27.3126     46.560     46.740      0.513    1478.55    1478.56  0.000e+00
       9047     47.500     6.7972     6.7982     0.0010    3.49684    3.49689          1     6.2177     6.1593      46.69     0.1462     0.2391  1.000e-12  1.2468000    34.8328    34.8324    -0.0004    27.3151    27.3146     47.055     47.236      0.489    1478.44    1478.45  0.000e+00
       9072     48.000     6.7910     6.7919     0.0009    3.49626    3.49631          1     6.2348     6.1648      46.23     0.1149     0.2336  1.000e-12  1.2522000    34.8325    34.8321    -0.0004    27.3157    27.3152     47.550     47.731      0.481    1478.42    1478.43  0.000e+00
       9097     48.500     6.7912     6.7920     0.0009    3.49633    3.49637          1     6.2455     6.1598      45.74     0.1522     0.2076  1.000e-12  1.2585000    34.8328    34.8323    -0.0005    27.3159    27.3154     48.045     48.227      0.480    1478.43    1478.44  0.000e+00
       9121     49.000     6.7935     6.7938     0.0002    3.49663    3.49661          1     6.2451     6.1609      46.05     0.1635     0.2320  1.000e-12  1.2715000    34.8335    34.8330    -0.0005    27.3161    27.3157     48.541     48.723      0.498    1478.45    1478.45  0.000e+00
       9145     49.500     6.7944     6.7953     0.0009    3.49678    3.49683          1     6.2412     6.1551      97.99     0.1852     0.2509  1.000e-12  1.2706000    34.8339    34.8336    -0.0004    27.3163    27.3159     49.036     49.218      0.525    1478.47    1478.47  0.000e+00
       9167     50.000     6.7971     6.7979     0.0009    3.49711    3.49715          1     6.2368     6.1409      53.91     0.1564     0.2504  1.000e-12  1.2738000    34.8347    34.8342    -0.0005    27.3166    27.3160     49.531     49.714      0.534    1478.48    1478.49  0.000e+00
       9190     50.500     6.7988     6.7996     0.0009    3.49734    3.49738          1     6.2335     6.1415      43.67     0.1473     0.2366  1.000e-12  1.2806000    34.8352    34.8348    -0.0004    27.3167    27.3163     50.026     50.210      0.528    1478.50    1478.50  0.000e+00
       9213     51.000     6.8007     6.8015     0.0008    3.49764    3.49768          1     6.2170     6.1302      43.09     0.1446     0.2278  1.000e-12  1.2865000    34.8363    34.8360    -0.0003    27.3174    27.3170     50.522     50.706      0.523    1478.52    1478.52  0.000e+00
       9236     51.500     6.8229     6.8233     0.0004    3.50030    3.50029          1     6.2075     6.1226      42.56     0.1519     0.2129  1.000e-12  1.2845000    34.8430    34.8425    -0.0005    27.3196    27.3192     51.017     51.201      0.515    1478.62    1478.62  0.000e+00
       9259     52.000     6.8315     6.8324     0.0009    3.50124    3.50131          1     6.2024     6.1274      42.06     0.1539     0.2350  1.000e-12  1.2533000    34.8445    34.8442    -0.0002    27.3196    27.3193     51.512     51.697      0.506    1478.66    1478.67  0.000e+00
       9283     52.500     6.8319     6.8328     0.0009    3.50133    3.50138          1     6.2045     6.1290      41.61     0.1451     0.2364  1.000e-12  1.2193000    34.8448    34.8444    -0.0004    27.3198    27.3193     52.007     52.193      0.507    1478.67    1478.68  0.000e+00
       9307     53.000     6.8248     6.8250     0.0002    3.50060    3.50057          1     6.2180     6.1624      41.21     0.1513     0.2242  1.000e-12  1.2161000    34.8436    34.8431    -0.0006    27.3198    27.3194     52.503     52.689      0.494    1478.65    1478.65  0.000e+00
       9331     53.500     6.8074     6.8082     0.0008    3.49893    3.49898          1     6.2431     6.1978      40.64     0.1570     0.2346  1.000e-12  1.1691000    34.8426    34.8423    -0.0003    27.3214    27.3211     52.998     53.184      0.490    1478.59    1478.59  0.000e+00
       9356     54.000     6.8051     6.8061     0.0010    3.49874    3.49880          1     6.2637     6.2081      40.11     0.1493     0.2512  1.000e-12  1.1453000    34.8424    34.8421    -0.0003    27.3216    27.3212     53.493     53.680      0.505    1478.59    1478.59  0.000e+00
       9379     54.500     6.8062     6.8070     0.0008    3.49888    3.49892          1     6.2664     6.2024      39.59     0.1796     0.2497  1.000e-12  1.1682000    34.8427    34.8424    -0.0004    27.3217    27.3213     53.988     54.176      0.530    1478.60    1478.61  0.000e+00
       9401     55.000     6.8089     6.8102     0.0013    3.49923    3.49932          1     6.2599     6.1903      39.13     0.1673     0.2361  1.000e-12  1.1500000    34.8436    34.8432    -0.0003    27.3220    27.3215     54.484     54.671      0.546    1478.62    1478.63  0.000e+00
       9423     55.500     6.8176     6.8184     0.0009    3.50027    3.50031          1     6.2459     6.1693      38.63     0.1648     0.2364  1.000e-12  1.1786000    34.8460    34.8455    -0.0005    27.3227    27.3222     54.979     55.167      0.544    1478.67    1478.67  0.000e+00
