ctdpy/exports/archive_20191121_122431/received_data/SBE09_1044_20180527_0227_34_07_0030.cnv
* Sea-Bird SBE 9 Data File:
* FileName = C:\ctd\temp\2018\AU18D030.hex
* Software Version Seasave V 7.26.6.26
* Temperature SN = 5351
* Conductivity SN = 3941
* Number of Bytes Per Scan = 41
* Number of Voltage Words = 4
* Number of Scans Averaged by the Deck Unit = 1
* NMEA Latitude = 58 17.68 N
* NMEA Longitude = 010 50.79 E
* NMEA UTC (Time) = May 27 2018  02:27:11
* NMEA baud rate = 4800
** Station:  A15
** Operator:  SSip
** Ship: AURA
** Average sound velocity: 1479.55 m/s
** True-depth calculation Sun, 27 May 2018 03:09:43 +0000
** CTD Python Module SMHI /ver 3-12/ feb 2012 
** LIMS Job: 20183407-0030
** Cruise: SMHI-02-2018
** Latitude [GG MM.mm N] :
** Longitude [GG MM.mm E]:
# nquan = 26
# nvalues = 264                         
# units = specified
# name 0 = scan: Scan Count
# name 1 = prDM: Pressure, Digiquartz [db]
# name 2 = t090C: Temperature [ITS-90, deg C]
# name 3 = t190C: Temperature, 2 [ITS-90, deg C]
# name 4 = T2-T190C: Temperature Difference, 2 - 1 [ITS-90, deg C]
# name 5 = c0S/m: Conductivity [S/m]
# name 6 = c1S/m: Conductivity, 2 [S/m]
# name 7 = pumps: Pump Status
# name 8 = sbeox0ML/L: Oxygen, SBE 43 [ml/l]
# name 9 = sbeox1ML/L: Oxygen, SBE 43, 2 [ml/l]
# name 10 = altM: Altimeter [m]
# name 11 = flECO-AFL: Chl-a Fluorescence, WET Labs ECO-AFL/FL [mg/m^3]
# name 12 = flECO-AFL1: Phycocyanin Fluorescence, WET Labs ECO-AFL/FL, 2 [mg/m^3]
# name 13 = par: PAR/Irradiance, Biospherical/Lico [µE/(cm^2*s)]
# name 14 = turbWETntu0: Turbidity, WET Labs ECO [NTU]
# name 15 = sal00: Salinity, Practical [PSU]
# name 16 = sal11: Salinity, Practical, 2 [PSU]
# name 17 = secS-priS: Salinity, Practical, Difference, 2 - 1 [PSU]
# name 18 = sigma-t00: Density [sigma-t, Kg/m^3 ]
# name 19 = sigma-t11: Density, 2 [sigma-t, Kg/m^3 ]
# name 20 = depSM: Depth [salt water, m], lat = 58.2947
# name 21 = depFM: Depth [true depth, m], lat = 58.2947
# name 22 = dz/dtM: Descent Rate [m/s], WS = 2
# name 23 = svCM: Sound Velocity [Chen-Millero, m/s]
# name 24 = svCM1: Sound Velocity, 2 [Chen-Millero, m/s]
# name 25 = flag: flag
# span 0 =       3454,       9664       
# span 1 =      1.000,    132.500       
# span 2 =     6.1572,    18.2583       
# span 3 =     6.1588,    18.2566       
# span 4 =    -0.0630,     0.2285       
# span 5 =   2.734568,   3.849798       
# span 6 =   2.734590,   3.846891       
# span 7 =          1,          1       
# span 8 =    5.66889,    8.70089       
# span 9 =    5.84700,    8.61773       
# span 10 =       4.18,      98.54      
# span 11 =     0.0329,     5.2653      
# span 12 =     0.1536,     0.5996      
# span 13 = 3.3445e-13, 2.1857e+01      
# span 14 =     0.1613,     0.9459      
# span 15 =    19.5894,    35.0102      
# span 16 =    19.5907,    35.0094      
# span 17 =    -0.2961,     0.0141      
# span 18 =    13.4527,    27.5284      
# span 19 =    13.4543,    27.5273      
# span 20 =      0.991,    131.227      
# span 21 =      1.005,    131.450      
# span 22 =      0.055,      0.617      
# span 23 =    1476.18,    1500.45      
# span 24 =    1476.19,    1500.43      
# span 25 = 0.0000e+00, 0.0000e+00      
# interval = decibars: 0.5              
# start_time = May 27 2018 02:27:11 [NMEA time, first data scan]
# bad_flag = -9.990e-29
*END*
[from data line 56]
       4735     29.000     6.7917     6.7945     0.0028    3.48701    3.48718          1     6.7979     6.6879      98.21     2.6174     0.3957  1.000e-12  0.2644000    34.7389    34.7378    -0.0010    27.2418    27.2406     28.729     28.848      0.539    1478.00    1478.01  0.000e+00
       4757     29.500     6.7709     6.7743     0.0033    3.48547    3.48570          1     6.7475     6.6387      98.40     2.5616     0.3778  1.000e-12  0.2516000    34.7425    34.7417    -0.0008    27.2475    27.2464     29.224     29.343      0.548    1477.93    1477.94  0.000e+00
       4779     30.000     6.7462     6.7494     0.0033    3.48367    3.48389          1     6.6990     6.5809      98.46     2.5633     0.3496  1.000e-12  0.2437000    34.7475    34.7466    -0.0010    27.2548    27.2536     29.719     29.839      0.561    1477.85    1477.86  0.000e+00
       4800     30.500     6.7110     6.7148     0.0038    3.48124    3.48148          1     6.6499     6.5344      98.44     2.5505     0.3380  1.000e-12  0.2477000    34.7560    34.7548    -0.0012    27.2663    27.2648     30.214     30.335      0.565    1477.73    1477.74  0.000e+00
       4821     31.000     6.6967     6.6997     0.0030    3.48078    3.48095          1     6.5961     6.4948      98.42     2.4823     0.3936  1.000e-12  0.2372000    34.7652    34.7640    -0.0011    27.2754    27.2741     30.710     30.831      0.558    1477.70    1477.71  0.000e+00
       4843     31.500     6.6857     6.6882     0.0025    3.48102    3.48116          1     6.5480     6.4596      98.08     2.5971     0.3412  1.000e-12  0.2355000    34.7788    34.7778    -0.0010    27.2877    27.2865     31.205     31.326      0.548    1477.68    1477.69  0.000e+00
       4865     32.000     6.6711     6.6732     0.0022    3.48054    3.48067          1     6.5153     6.4343      97.15     2.7470     0.3648  1.000e-12  0.2225000    34.7880    34.7873    -0.0008    27.2969    27.2960     31.700     31.822      0.535    1477.64    1477.65  0.000e+00
       4888     32.500     6.6582     6.6608     0.0026    3.48041    3.48048          1     6.4921     6.4113      97.21     2.8153     0.4156  1.000e-12  0.2182000    34.7994    34.7975    -0.0020    27.3077    27.3058     32.196     32.318      0.534    1477.61    1477.62  0.000e+00
       4910     33.000     6.6567     6.6589     0.0021    3.48086    3.48102          1     6.4768     6.3779      97.20     2.8123     0.4032  1.000e-12  0.2173000    34.8057    34.8053    -0.0004    27.3128    27.3122     32.691     32.814      0.548    1477.62    1477.63  0.000e+00
       4932     33.500     6.6571     6.6591     0.0020    3.48200    3.48208          1     6.4630     6.3638      97.14     2.7735     0.2977  1.000e-12  0.2140000    34.8177    34.8165    -0.0012    27.3222    27.3210     33.186     33.309      0.568    1477.65    1477.65  0.000e+00
       4952     34.000     6.6595     6.6612     0.0018    3.48302    3.48311          1     6.4481     6.3528      97.15     2.7131     0.3236  1.000e-12  0.2048000    34.8264    34.8256    -0.0009    27.3288    27.3279     33.681     33.805      0.578    1477.68    1477.68  0.000e+00
       4973     34.500     6.6700     6.6716     0.0015    3.48560    3.48560          1     6.4284     6.3262      97.78     2.4206     0.3335  1.000e-12  0.2117000    34.8441    34.8425    -0.0016    27.3413    27.3398     34.177     34.301      0.574    1477.75    1477.75  0.000e+00
       4994     35.000     6.6739     6.6758     0.0020    3.48666    3.48673          1     6.3951     6.2989      98.45     2.5284     0.3455  1.000e-12  0.2150000    34.8517    34.8504    -0.0013    27.3468    27.3455     34.672     34.796      0.561    1477.78    1477.79  0.000e+00
       5016     35.500     6.6771     6.6789     0.0018    3.48776    3.48780          1     6.3686     6.2829      98.45     2.5557     0.3445  1.000e-12  0.2133000    34.8603    34.8589    -0.0014    27.3531    27.3518     35.167     35.292      0.549    1477.81    1477.82  0.000e+00
       5038     36.000     6.6636     6.6653     0.0017    3.48728    3.48735          1     6.3654     6.2911      98.42     2.4783     0.3233  1.000e-12  0.2052000    34.8685    34.8676    -0.0009    27.3614    27.3605     35.662     35.788      0.545    1477.78    1477.78  0.000e+00
       5060     36.500     6.6504     6.6534     0.0030    3.48611    3.48630          1     6.3750     6.3060      98.46     2.3463     0.3388  1.000e-12  0.1957000    34.8688    34.8678    -0.0010    27.3634    27.3622     36.158     36.284      0.541    1477.73    1477.75  0.000e+00
       5082     37.000     6.6483     6.6499     0.0016    3.48632    3.48638          1     6.3822     6.3128      98.49     2.2327     0.2540  1.000e-12  0.1956000    34.8729    34.8720    -0.0009    27.3669    27.3660     36.653     36.779      0.536    1477.74    1477.75  0.000e+00
       5105     37.500     6.6358     6.6382     0.0023    3.48517    3.48532          1     6.3675     6.2988      98.48     2.0752     0.3150  1.000e-12  0.2110000    34.8726    34.8719    -0.0007    27.3684    27.3675     37.148     37.275      0.537    1477.70    1477.71  0.000e+00
       5127     38.000     6.6118     6.6133     0.0015    3.48248    3.48254          1     6.3554     6.2949      98.43     1.9103     0.3282  1.000e-12  0.2122000    34.8669    34.8660    -0.0009    27.3671    27.3663     37.643     37.771      0.534    1477.61    1477.61  0.000e+00
       5150     38.500     6.5107     6.5148     0.0041    3.47223    3.47257          1     6.3620     6.3005      98.47     1.7665     0.3173  1.000e-12  0.2101000    34.8557    34.8553    -0.0004    27.3719    27.3710     38.139     38.266      0.509    1477.21    1477.22  0.000e+00
       5174     39.000     6.4609     6.4644     0.0034    3.46722    3.46746          1     6.3700     6.3029      98.48     1.7295     0.3137  1.000e-12  0.1953000    34.8504    34.8495    -0.0009    27.3743    27.3732     38.634     38.762      0.507    1477.01    1477.02  0.000e+00
       5197     39.500     6.4277     6.4308     0.0032    3.46384    3.46411          1     6.3616     6.3216      98.46     1.5589     0.3137  1.000e-12  0.1883000    34.8463    34.8461    -0.0002    27.3755    27.3750     39.129     39.258      0.518    1476.88    1476.90  0.000e+00
       5220     40.000     6.3869     6.3887     0.0018    3.45973    3.45978          1     6.3709     6.3336      98.48     1.5303     0.2794  1.000e-12  0.2146000    34.8417    34.8404    -0.0013    27.3773    27.3760     39.625     39.754      0.519    1476.73    1476.73  0.000e+00
       5243     40.500     6.3443     6.3455     0.0011    3.45530    3.45548          1     6.3780     6.3228      98.49     1.4386     0.3078  1.000e-12  0.2142000    34.8355    34.8363     0.0009    27.3780    27.3785     40.120     40.249      0.510    1476.56    1476.57  0.000e+00
       5267     41.000     6.3127     6.3147     0.0020    3.45226    3.45237          1     6.3781     6.3123      98.48     1.3467     0.3217  1.000e-12  0.2044000    34.8335    34.8328    -0.0007    27.3806    27.3798     40.615     40.745      0.493    1476.44    1476.45  0.000e+00
       5292     41.500     6.2890     6.2915     0.0025    3.44993    3.45008          1     6.3783     6.3131      98.49     1.2950     0.2173  1.000e-12  0.2113000    34.8315    34.8306    -0.0008    27.3821    27.3811     41.110     41.241      0.489    1476.35    1476.36  0.000e+00
       5316     42.000     6.2763     6.2807     0.0044    3.44873    3.44908          1     6.3809     6.3076      98.47     1.1842     0.2801  1.000e-12  0.2090000    34.8308    34.8302    -0.0006    27.3833    27.3822     41.606     41.736      0.499    1476.31    1476.33  0.000e+00
       5340     42.500     6.2687     6.2707     0.0021    3.44800    3.44808          1     6.3844     6.3098      98.48     1.1021     0.2719  1.000e-12  0.2069000    34.8301    34.8289    -0.0013    27.3837    27.3825     42.101     42.232      0.499    1476.29    1476.29  0.000e+00
       5365     43.000     6.2587     6.2619     0.0032    3.44700    3.44723          1     6.3878     6.3125      98.51     1.0364     0.2442  1.000e-12  0.2137000    34.8288    34.8280    -0.0008    27.3840    27.3829     42.596     42.728      0.489    1476.26    1476.27  0.000e+00
       5389     43.500     6.2513     6.2521     0.0008    3.44631    3.44627          1     6.3845     6.3114      98.49     1.0166     0.2436  1.000e-12  0.2155000    34.8284    34.8271    -0.0013    27.3846    27.3835     43.091     43.223      0.486    1476.24    1476.24  0.000e+00
       5414     44.000     6.2470     6.2472     0.0001    3.44590    3.44579          1     6.3766     6.3079      98.50     0.9493     0.2487  1.000e-12  0.2101000    34.8279    34.8265    -0.0013    27.3848    27.3837     43.587     43.719      0.493    1476.22    1476.22  0.000e+00
       5438     44.500     6.2446     6.2456     0.0010    3.44568    3.44566          1     6.3746     6.2980      98.51     0.9122     0.2695  1.000e-12  0.2075000    34.8276    34.8264    -0.0012    27.3849    27.3838     44.082     44.215      0.501    1476.22    1476.23  0.000e+00
       5462     45.000     6.2334     6.2356     0.0021    3.44455    3.44466          1     6.3727     6.2965      98.48     1.0037     0.2726  1.000e-12  0.2348000    34.8262    34.8252    -0.0010    27.3852    27.3841     44.577     44.710      0.510    1476.19    1476.19  0.000e+00
       5485     45.500     6.2301     6.2317     0.0015    3.44444    3.44448          1     6.3625     6.2893      98.50     0.8330     0.2440  1.000e-12  0.2105000    34.8280    34.8269    -0.0011    27.3871    27.3860     45.072     45.206      0.511    1476.18    1476.19  0.000e+00
       5509     46.000     6.2299     6.2318     0.0020    3.44480    3.44486          1     6.3466     6.2564      98.40     0.7537     0.2801  1.000e-12  0.2121000    34.8321    34.8307    -0.0014    27.3903    27.3890     45.567     45.702      0.498    1476.20    1476.20  0.000e+00
       5534     46.500     6.2337     6.2350     0.0013    3.44550    3.44551          1     6.3235     6.2244      98.09     0.7167     0.2933  1.000e-12  0.1998000    34.8359    34.8346    -0.0013    27.3928    27.3917     46.063     46.198      0.470    1476.22    1476.23  0.000e+00
       5560     47.000     6.2414     6.2426     0.0011    3.44654    3.44651          1     6.3066     6.2286      97.64     0.5687     0.2877  1.000e-12  0.2041000    34.8394    34.8378    -0.0016    27.3946    27.3932     46.558     46.693      0.461    1476.27    1476.27  0.000e+00
       5585     47.500     6.2482     6.2498     0.0016    3.44742    3.44745          1     6.3027     6.2337      98.10     0.5669     0.2457  1.000e-12  0.2049000    34.8419    34.8406    -0.0013    27.3957    27.3945     47.053     47.189      0.476    1476.30    1476.31  0.000e+00
       5610     48.000     6.2500     6.2518     0.0018    3.44778    3.44785          1     6.2895     6.2212      98.30     0.5670     0.2215  1.000e-12  0.1981000    34.8439    34.8428    -0.0011    27.3971    27.3960     47.549     47.685      0.489    1476.32    1476.33  0.000e+00
       5635     48.500     6.2505     6.2523     0.0018    3.44801    3.44807          1     6.2696     6.2095      98.07     0.5579     0.2073  1.000e-12  0.2082000    34.8457    34.8445    -0.0012    27.3984    27.3972     48.044     48.180      0.488    1476.34    1476.34  0.000e+00
       5659     49.000     6.2391     6.2416     0.0025    3.44694    3.44706          1     6.2582     6.2010      97.58     0.5762     0.2603  1.000e-12  0.2147000    34.8452    34.8440    -0.0012    27.3995    27.3982     48.539     48.676      0.475    1476.30    1476.31  0.000e+00
       5685     49.500     6.2282     6.2295     0.0014    3.44619    3.44620          1     6.2629     6.1936      97.25     0.5615     0.1986  1.000e-12  0.2024000    34.8476    34.8463    -0.0013    27.4028    27.4017     49.034     49.172      0.468    1476.27    1476.27  0.000e+00
       5710     50.000     6.2417     6.2441     0.0024    3.44793    3.44807          1     6.2612     6.1749      97.25     0.6288     0.2708  1.000e-12  0.1971000    34.8531    34.8522    -0.0009    27.4053    27.4043     49.529     49.667      0.489    1476.33    1476.34  0.000e+00
       5734     50.500     6.2765     6.2803     0.0039    3.45237    3.45266          1     6.2367     6.1471      97.26     0.6689     0.2541  1.000e-12  0.1975000    34.8671    34.8663    -0.0008    27.4119    27.4108     50.025     50.163      0.514    1476.50    1476.51  0.000e+00
       5757     51.000     6.2801     6.2815     0.0014    3.45278    3.45282          1     6.2185     6.1264      97.26     0.7428     0.2387  1.000e-12  0.1985000    34.8676    34.8666    -0.0010    27.4118    27.4108     50.520     50.659      0.522    1476.52    1476.52  0.000e+00
       5780     51.500     6.2759     6.2787     0.0028    3.45238    3.45255          1     6.2034     6.1247      97.27     0.7806     0.2597  1.000e-12  0.1940000    34.8672    34.8662    -0.0010    27.4120    27.4109     51.015     51.154      0.502    1476.51    1476.52  0.000e+00
       5805     52.000     6.2699     6.2724     0.0024    3.45176    3.45187          1     6.1997     6.1356      97.33     0.7985     0.2927  1.000e-12  0.1948000    34.8661    34.8649    -0.0012    27.4120    27.4107     51.510     51.650      0.479    1476.49    1476.50  0.000e+00
       5830     52.500     6.2592     6.2579    -0.0012    3.45088    3.45062          1     6.1921     6.1207      97.26     0.8490     0.2883  1.000e-12  0.2089000    34.8671    34.8653    -0.0017    27.4141    27.4129     52.006     52.146      0.474    1476.46    1476.45  0.000e+00
       5856     53.000     6.2720     6.2775     0.0055    3.45241    3.45289          1     6.1659     6.0988      97.28     0.8565     0.2719  1.000e-12  0.2145000    34.8708    34.8705    -0.0003    27.4154    27.4144     52.501     52.641      0.480    1476.53    1476.55  0.000e+00
       5880     53.500     6.2900     6.2864    -0.0034    3.45441    3.45385          1     6.1562     6.0920      97.30     0.8698     0.2762  1.000e-12  0.1985000    34.8746    34.8719    -0.0027    27.4161    27.4144     52.996     53.137      0.483    1476.61    1476.59  0.000e+00
       5905     54.000     6.3509     6.3290    -0.0219    3.46123    3.45867          1     6.1634     6.0783      97.32     0.8486     0.2775  1.000e-12  0.1943000    34.8882    34.8820    -0.0061    27.4188    27.4168     53.491     53.633      0.488    1476.87    1476.78  0.000e+00
       5930     54.500     6.4327     6.4387     0.0059    3.47001    3.47071          1     6.1441     6.0571      97.31     0.7954     0.2951  1.000e-12  0.2040000    34.9026    34.9041     0.0016    27.4193    27.4197     53.986     54.128      0.499    1477.22    1477.25  0.000e+00
       5953     55.000     6.5173     6.5100    -0.0073    3.47960    3.47866          1     6.1197     6.0389      97.31     0.8187     0.3301  1.000e-12  0.2049000    34.9227    34.9197    -0.0030    27.4239    27.4225     54.482     54.624      0.507    1477.59    1477.55  0.000e+00
       5977     55.500     6.5404     6.5408     0.0004    3.48199    3.48189          1     6.1107     6.0387      97.28     0.8679     0.1953  1.000e-12  0.2048000    34.9255    34.9239    -0.0016    27.4230    27.4217     54.977     55.120      0.508    1477.69    1477.69  0.000e+00
       6001     56.000     6.5752     6.5739    -0.0013    3.48612    3.48587          1     6.0968     6.0216      97.28     0.9712     0.2779  1.000e-12  0.1993000    34.9357    34.9342    -0.0015    27.4263    27.4254     55.472     55.616      0.506    1477.85    1477.84  0.000e+00
