ctdpy/exports/archive_20191121_122431/received_data/SBE09_0827_20181012_0347_26_01_1076.cnv
* Sea-Bird SBE 9 Data File:
* FileName = D:\CTD_SBE911\DAT\26DA.2018.10.76.hex
* Software Version Seasave V 7.21d
* Temperature SN = 4548
* Conductivity SN = 3062
* Number of Bytes Per Scan = 48
* Number of Voltage Words = 5
* Number of Scans Averaged by the Deck Unit = 1
* NMEA Latitude = 56 05.56 N
* NMEA Longitude = 018 27.19 E
* NMEA UTC (Time) = Oct 12 2018  03:49:55
* NMEA baud rate = 4800
** Ship: DANA
** Average sound velocity: 1446.85 m/s
** True-depth calculation Thu, 28 Mar 2019 12:26:15 +0000
** CTD Python Module SMHI /ver 3-12/ feb 2012 
** LIMS Job: 20182601-1076
** Operator: Christian
** Cruise: 10/2018
# nquan = 26
# nvalues = 191                         
# units = specified
# name 0 = scan: Scan Count
# name 1 = prDM: Pressure, Digiquartz [db]
# name 2 = t090C: Temperature [ITS-90, deg C]
# name 3 = t190C: Temperature, 2 [ITS-90, deg C]
# name 4 = T2-T190C: Temperature Difference, 2 - 1 [ITS-90, deg C]
# name 5 = c0S/m: Conductivity [S/m]
# name 6 = c1S/m: Conductivity, 2 [S/m]
# name 7 = pumps: Pump Status
# name 8 = sbeox1ML/L: Oxygen, SBE 43, 2 [ml/l]
# name 9 = sbeox0ML/L: Oxygen, SBE 43 [ml/l]
# name 10 = altM: Altimeter [m]
# name 11 = chloroflTC0: Chlorophyll, Turner Cyclops [ug/l]
# name 12 = cpar: CPAR/Corrected Irradiance [%]
# name 13 = par: PAR/Irradiance, Biospherical/Lico [µE/(cm^2*s)]
# name 14 = spar: SPAR, Biospherical/Licor
# name 15 = sal00: Salinity, Practical [PSU]
# name 16 = sal11: Salinity, Practical, 2 [PSU]
# name 17 = secS-priS: Salinity, Practical, Difference, 2 - 1 [PSU]
# name 18 = sigma-t00: Density [sigma-t, kg/m^3 ]
# name 19 = sigma-t11: Density, 2 [sigma-t, kg/m^3 ]
# name 20 = depSM: Depth [salt water, m], lat = 56.0927
# name 21 = depFM: Depth [true depth, m], lat = 56.0927
# name 22 = dz/dtM: Descent Rate [m/s], WS = 2
# name 23 = svCM: Sound Velocity [Chen-Millero, m/s]
# name 24 = svCM1: Sound Velocity, 2 [Chen-Millero, m/s]
# name 25 = flag: flag
# span 0 =        110,       9980       
# span 1 =      1.500,     96.500       
# span 2 =     3.3876,    11.3998       
# span 3 =     3.3849,    11.3991       
# span 4 =    -0.5349,     0.1247       
# span 5 =   0.774839,   1.232966       
# span 6 =   0.774732,   1.232937       
# span 7 =          1,          1       
# span 8 =     0.0502,     7.7001       
# span 9 =     0.0469,     7.2324       
# span 10 =       1.36,       9.98      
# span 11 =     0.0159,     0.0349      
# span 12 = -5.114e+01, 3.0921e+03      
# span 13 = 1.0000e-12, 1.0000e-12      
# span 14 = 1.9680e+00, 2.0318e+00      
# span 15 =     7.3098,    11.2759      
# span 16 =     7.3103,    11.2755      
# span 17 =    -0.0032,     0.0768      
# span 18 =     5.2684,     8.8339      
# span 19 =     5.2685,     8.8335      
# span 20 =      1.486,     95.599      
# span 21 =      1.520,     97.657      
# span 22 =     -0.067,      0.386      
# span 23 =    1429.49,    1461.86      
# span 24 =    1429.46,    1461.86      
# span 25 = 0.0000e+00, 0.0000e+00      
# interval = decibars: 0.5              
# start_time = Oct 12 2018 03:49:55 [NMEA time, first data scan]
# bad_flag = -9.990e-29
*END*
        110      1.500    11.3918    11.3844    -0.0074    0.94258    0.94241          1     7.1920     6.7291       9.98     0.0329  4.924e-11  1.000e-12  2.031e+00     7.3369     7.3369     0.0000     5.2694     5.2703      1.486      1.520      0.202    1461.66    1461.63  0.000e+00
        262      2.000    11.3998    11.3947    -0.0051    0.94277    0.94265          1     7.1894     6.7290       9.98     0.0323  4.924e-11  1.000e-12  2.031e+00     7.3369     7.3369     0.0000     5.2684     5.2690      1.982      2.026      0.327    1461.70    1461.68  0.000e+00
        345      2.500    11.3962    11.3991     0.0029    0.94268    0.94277          1     7.1970     6.7366       9.98     0.0348  4.924e-11  1.000e-12  2.031e+00     7.3368     7.3370     0.0001     5.2688     5.2685      2.477      2.533      0.302    1461.69    1461.70  0.000e+00
        376      3.000    11.3944    11.3972     0.0028    0.94264    0.94272          1     7.1962     6.7348       9.98     0.0322  4.924e-11  1.000e-12  2.031e+00     7.3368     7.3369     0.0001     5.2690     5.2687      2.973      3.040      0.380    1461.69    1461.70  0.000e+00
        419      3.500    11.3948    11.3927    -0.0021    0.94266    0.94262          1     7.1971     6.7319       9.98     0.0331  4.924e-11  1.000e-12  2.031e+00     7.3368     7.3369     0.0001     5.2689     5.2693      3.468      3.546      0.239    1461.70    1461.69  0.000e+00
        482      4.000    11.3932    11.3945     0.0012    0.94262    0.94267          1     7.1904     6.7332       9.98     0.0330  4.924e-11  1.000e-12  2.031e+00     7.3367     7.3369     0.0002     5.2690     5.2690      3.964      4.053      0.373    1461.70    1461.71  0.000e+00
        507      4.500    11.3841    11.3862     0.0021    0.94240    0.94247          1     7.1898     6.7278       9.98     0.0322  4.924e-11  1.000e-12  2.031e+00     7.3366     7.3368     0.0002     5.2701     5.2700      4.459      4.559      0.378    1461.68    1461.69  0.000e+00
        569      5.000    11.3824    11.3835     0.0011    0.94236    0.94241          1     7.1938     6.7312       9.98     0.0349  4.924e-11  1.000e-12  2.031e+00     7.3366     7.3368     0.0002     5.2703     5.2703      4.954      5.066      0.234    1461.68    1461.68  0.000e+00
        620      5.500    11.3788    11.3788     0.0000    0.94228    0.94229          1     7.1871     6.7283       9.98     0.0335  4.924e-11  1.000e-12  2.031e+00     7.3366     7.3366     0.0001     5.2707     5.2708      5.450      5.573      0.314    1461.67    1461.67  0.000e+00
        658      6.000    11.3781    11.3780    -0.0000    0.94227    0.94227          1     7.1921     6.7186       9.98     0.0330  4.924e-11  1.000e-12  2.031e+00     7.3366     7.3366     0.0000     5.2708     5.2709      5.945      6.079      0.281    1461.68    1461.68  0.000e+00
        718      6.500    11.3778    11.3777    -0.0001    0.94227    0.94228          1     7.1896     6.7327       9.98     0.0343  3.092e+03  1.000e-12  1.968e+00     7.3366     7.3367     0.0001     5.2709     5.2709      6.441      6.586      0.262    1461.69    1461.69  0.000e+00
        756      7.000    11.3777    11.3784     0.0008    0.94228    0.94230          1     7.1845     6.7290       9.98     0.0330  5.864e+01  1.000e-12  2.030e+00     7.3366     7.3367     0.0001     5.2709     5.2709      6.936      7.092      0.386    1461.69    1461.70  0.000e+00
        791      7.500    11.3783    11.3788     0.0005    0.94230    0.94232          1     7.1966     6.7316       9.98     0.0327  4.923e-11  1.000e-12  2.031e+00     7.3366     7.3366     0.0000     5.2708     5.2708      7.432      7.599      0.257    1461.71    1461.71  0.000e+00
        856      8.000    11.3781    11.3768    -0.0012    0.94230    0.94228          1     7.1952     6.7222       9.98     0.0335  2.466e+03  1.000e-12  1.981e+00     7.3367     7.3367     0.0001     5.2709     5.2711      7.927      8.106      0.249    1461.71    1461.71  0.000e+00
        901      8.500    11.3774    11.3782     0.0008    0.94229    0.94232          1     7.1876     6.7308       9.98     0.0335  9.071e+01  1.000e-12  2.029e+00     7.3366     7.3367     0.0001     5.2710     5.2709      8.422      8.612      0.239    1461.72    1461.72  0.000e+00
        958      9.000    11.3779    11.3778    -0.0000    0.94232    0.94232          1     7.1962     6.7378       9.98     0.0332 -1.844e-04  1.000e-12  2.031e+00     7.3367     7.3367     0.0001     5.2709     5.2710      8.918      9.119      0.224    1461.73    1461.73  0.000e+00
       1002      9.500    11.3775    11.3779     0.0004    0.94232    0.94233          1     7.1959     6.7330       9.98     0.0330  4.924e-11  1.000e-12  2.031e+00     7.3367     7.3367     0.0001     5.2710     5.2710      9.413      9.625      0.289    1461.73    1461.74  0.000e+00
       1046     10.000    11.3769    11.3771     0.0002    0.94230    0.94232          1     7.1933     6.7234       9.98     0.0330  4.924e-11  1.000e-12  2.031e+00     7.3367     7.3367     0.0000     5.2710     5.2711      9.909     10.132      0.260    1461.74    1461.74  0.000e+00
       1093     10.500    11.3767    11.3770     0.0003    0.94231    0.94232          1     7.1985     6.7311       9.98     0.0329  1.318e-04  1.000e-12  2.031e+00     7.3367     7.3367     0.0000     5.2711     5.2711     10.404     10.639      0.263    1461.75    1461.75  0.000e+00
       1137     11.000    11.3770    11.3771     0.0001    0.94232    0.94233          1     7.1971     6.7277       9.98     0.0331  2.175e+03  1.000e-12  1.987e+00     7.3366     7.3367     0.0001     5.2710     5.2710     10.900     11.145      0.262    1461.76    1461.76  0.000e+00
       1193     11.500    11.3763    11.3769     0.0005    0.94231    0.94233          1     7.1974     6.7313       9.98     0.0334 -5.114e+01  1.000e-12  2.032e+00     7.3367     7.3367     0.0001     5.2711     5.2711     11.395     11.652      0.203    1461.76    1461.76  0.000e+00
       1242     12.000    11.3775    11.3764    -0.0011    0.94235    0.94233          1     7.1943     6.7395       9.98     0.0330  4.924e-11  1.000e-12  2.031e+00     7.3367     7.3368     0.0000     5.2710     5.2712     11.890     12.158      0.316    1461.78    1461.77  0.000e+00
       1280     12.500    11.3778    11.3785     0.0007    0.94237    0.94239          1     7.1883     6.7376       9.98     0.0330  4.137e-06  1.000e-12  2.031e+00     7.3367     7.3368     0.0001     5.2710     5.2709     12.386     12.665      0.272    1461.78    1461.79  0.000e+00
       1329     13.000    11.3787    11.3793     0.0006    0.94239    0.94241          1     7.1871     6.7314       9.98     0.0320  2.236e+03  1.000e-12  1.985e+00     7.3367     7.3367     0.0000     5.2708     5.2708     12.881     13.172      0.258    1461.79    1461.80  0.000e+00
       1371     13.500    11.3785    11.3784    -0.0001    0.94239    0.94239          1     7.1904     6.7270       9.98     0.0327  3.609e+00  1.000e-12  2.031e+00     7.3367     7.3367     0.0000     5.2709     5.2709     13.377     13.678      0.293    1461.80    1461.80  0.000e+00
       1414     14.000    11.3783    11.3790     0.0007    0.94239    0.94241          1     7.1893     6.7366       9.98     0.0335  4.924e-11  1.000e-12  2.031e+00     7.3367     7.3367     0.0001     5.2709     5.2708     13.872     14.185      0.252    1461.81    1461.81  0.000e+00
       1466     14.500    11.3785    11.3786     0.0001    0.94240    0.94241          1     7.1907     6.7351       9.98     0.0335  4.924e-11  1.000e-12  2.031e+00     7.3367     7.3367     0.0000     5.2709     5.2709     14.367     14.691      0.235    1461.82    1461.82  0.000e+00
       1515     15.000    11.3780    11.3787     0.0007    0.94240    0.94242          1     7.1910     6.7340       9.98     0.0329  4.924e-11  1.000e-12  2.031e+00     7.3367     7.3367     0.0000     5.2709     5.2709     14.863     15.198      0.241    1461.83    1461.83  0.000e+00
       1564     15.500    11.3781    11.3784     0.0003    0.94240    0.94242          1     7.1918     6.7300       9.98     0.0330  4.924e-11  1.000e-12  2.031e+00     7.3367     7.3367     0.0001     5.2709     5.2709     15.358     15.705      0.284    1461.83    1461.83  0.000e+00
       1600     16.000    11.3780    11.3780    -0.0000    0.94241    0.94241          1     7.1931     6.7282       9.98     0.0333  4.924e-11  1.000e-12  2.031e+00     7.3366     7.3367     0.0001     5.2709     5.2709     15.854     16.211      0.336    1461.84    1461.84  0.000e+00
       1642     16.500    11.3770    11.3767    -0.0003    0.94239    0.94238          1     7.1906     6.7312       9.98     0.0342  4.924e-11  1.000e-12  2.031e+00     7.3367     7.3366    -0.0000     5.2710     5.2710     16.349     16.718      0.252    1461.85    1461.84  0.000e+00
       1688     17.000    11.3756    11.3756     0.0000    0.94235    0.94236          1     7.1875     6.7318       9.98     0.0336  4.924e-11  1.000e-12  2.031e+00     7.3366     7.3366     0.0000     5.2711     5.2712     16.844     17.224      0.294    1461.85    1461.85  0.000e+00
       1727     17.500    11.3753    11.3757     0.0005    0.94235    0.94237          1     7.1948     6.7341       9.98     0.0334  4.924e-11  1.000e-12  2.031e+00     7.3366     7.3367     0.0001     5.2712     5.2712     17.340     17.731      0.293    1461.86    1461.86  0.000e+00
       1775     18.000    11.3749    11.3747    -0.0002    0.94235    0.94234          1     7.1967     6.7332       9.98     0.0330  4.924e-11  1.000e-12  2.031e+00     7.3366     7.3366     0.0000     5.2712     5.2713     17.835     18.238      0.220    1461.86    1461.86  0.000e+00
       1829     18.500    11.3722    11.3721    -0.0002    0.94228    0.94229          1     7.1879     6.7348       9.98     0.0330  4.924e-11  1.000e-12  2.031e+00     7.3365     7.3366     0.0001     5.2715     5.2716     18.331     18.744      0.243    1461.86    1461.86  0.000e+00
       1875     19.000    11.3685    11.3689     0.0004    0.94219    0.94221          1     7.1827     6.7328       9.98     0.0330  4.924e-11  1.000e-12  2.031e+00     7.3364     7.3365     0.0001     5.2719     5.2719     18.826     19.251      0.289    1461.85    1461.85  0.000e+00
       1913     19.500    11.3607    11.3590    -0.0018    0.94200    0.94196          1     7.1755     6.7300       9.98     0.0338  4.924e-11  1.000e-12  2.031e+00     7.3362     7.3363     0.0000     5.2727     5.2730     19.322     19.757      0.313    1461.83    1461.82  0.000e+00
       1955     20.000    11.3566    11.3555    -0.0011    0.94189    0.94188          1     7.1936     6.7323       9.98     0.0342  4.924e-11  1.000e-12  2.031e+00     7.3361     7.3362     0.0001     5.2732     5.2734     19.817     20.264      0.271    1461.83    1461.82  0.000e+00
       1998     20.500    11.3458    11.3121    -0.0337    0.94151    0.94075          1     7.1852     6.7242       9.98     0.0338  4.924e-11  1.000e-12  2.031e+00     7.3350     7.3353     0.0003     5.2736     5.2780     20.312     20.771      0.300    1461.79    1461.66  0.000e+00
       2038     21.000    11.2799    11.2530    -0.0270    0.93982    0.93918          1     7.1807     6.7328       9.98     0.0347  4.924e-11  1.000e-12  2.031e+00     7.3338     7.3338    -0.0000     5.2808     5.2841     20.808     21.277      0.270    1461.55    1461.45  0.000e+00
       2088     21.500    11.2168    11.1801    -0.0367    0.93809    0.93724          1     7.1698     6.7135       9.98     0.0331  2.052e+03  1.000e-12  1.989e+00     7.3317     7.3318     0.0001     5.2869     5.2915     21.303     21.784      0.241    1461.32    1461.18  0.000e+00
       2135     22.000    11.1670    11.1552    -0.0118    0.93678    0.93655          1     7.1925     6.7258       9.98     0.0318  4.131e+01  1.000e-12  2.030e+00     7.3305     7.3309     0.0004     5.2921     5.2938     21.798     22.290      0.241    1461.13    1461.09  0.000e+00
       2186     22.500    11.1564    11.1443    -0.0122    0.93652    0.93630          1     7.1972     6.7299       9.98     0.0318 -4.534e-06  1.000e-12  2.031e+00     7.3303     7.3308     0.0005     5.2932     5.2951     22.294     22.797      0.267    1461.10    1461.06  0.000e+00
       2223     23.000    11.0950    11.0209    -0.0740    0.93439    0.93227          1     7.1972     6.7348       9.98     0.0317  4.924e-11  1.000e-12  2.031e+00     7.3244     7.3213    -0.0032     5.2961     5.3026     22.789     23.303      0.351    1460.87    1460.59  0.000e+00
       2261     23.500    11.0132    10.9658    -0.0474    0.93175    0.93035          1     7.1986     6.7340       9.98     0.0329  4.924e-11  1.000e-12  2.031e+00     7.3183     7.3159    -0.0025     5.3012     5.3050     23.285     23.810      0.274    1460.56    1460.38  0.000e+00
       2311     24.000    10.9607    10.9172    -0.0435    0.93000    0.92873          1     7.1728     6.7252       9.98     0.0321  4.924e-11  1.000e-12  2.031e+00     7.3139     7.3117    -0.0021     5.3040     5.3076     23.780     24.317      0.264    1460.36    1460.20  0.000e+00
       2347     24.500    10.9215    10.8983    -0.0232    0.92873    0.92815          1     7.1691     6.7238       9.98     0.0295  4.924e-11  1.000e-12  2.031e+00     7.3108     7.3105    -0.0003     5.3063     5.3089     24.275     24.823      0.356    1460.22    1460.13  0.000e+00
       2389     25.000    10.9006    10.8933    -0.0073    0.92812    0.92802          1     7.1821     6.7141       9.98     0.0304  4.924e-11  1.000e-12  2.031e+00     7.3098     7.3103     0.0005     5.3080     5.3093     24.771     25.330      0.219    1460.15    1460.12  0.000e+00
       2462     25.500    10.8976    10.8903    -0.0073    0.92814    0.92802          1     7.1730     6.7213       9.98     0.0308  4.924e-11  1.000e-12  2.031e+00     7.3104     7.3109     0.0005     5.3089     5.3101     25.266     25.836      0.333    1460.15    1460.12  0.000e+00
       2490     26.000    10.8922    10.8896    -0.0026    0.92802    0.92805          1     7.1675     6.7263       9.98     0.0297  4.924e-11  1.000e-12  2.031e+00     7.3105     7.3112     0.0007     5.3095     5.3104     25.762     26.343      0.375    1460.13    1460.12  0.000e+00
       2532     26.500    10.8918    10.8893    -0.0025    0.92808    0.92810          1     7.1768     6.7223       9.98     0.0316  4.924e-11  1.000e-12  2.031e+00     7.3110     7.3116     0.0006     5.3100     5.3108     26.257     26.850      0.237    1460.14    1460.13  0.000e+00
       2580     27.000    10.8910    10.8891    -0.0019    0.92811    0.92813          1     7.1732     6.7165       9.98     0.0305  4.924e-11  1.000e-12  2.031e+00     7.3114     7.3119     0.0005     5.3104     5.3110     26.752     27.356      0.329    1460.14    1460.14  0.000e+00
       2613     27.500    10.8904    10.8889    -0.0016    0.92813    0.92815          1     7.1730     6.7180       9.98     0.0299  4.924e-11  1.000e-12  2.031e+00     7.3116     7.3121     0.0005     5.3106     5.3112     27.248     27.863      0.349    1460.15    1460.15  0.000e+00
       2654     28.000    10.8902    10.8887    -0.0014    0.92816    0.92817          1     7.1731     6.7233       9.98     0.0306  4.924e-11  1.000e-12  2.031e+00     7.3118     7.3122     0.0004     5.3108     5.3113     27.743     28.369      0.236    1460.16    1460.15  0.000e+00
       2714     28.500    10.8902    10.8887    -0.0014    0.92819    0.92819          1     7.1762     6.7167       9.98     0.0304  4.924e-11  1.000e-12  2.031e+00     7.3120     7.3123     0.0003     5.3110     5.3114     28.239     28.876      0.217    1460.17    1460.16  0.000e+00
