ctdpy/exports/archive_20191121_122431/received_data/SBE09_1044_20180530_1535_34_07_0046.cnv
* Sea-Bird SBE 9 Data File:
* FileName = C:\ctd\temp\2018\AU18D046.hex
* Software Version Seasave V 7.26.6.26
* Temperature SN = 5351
* Conductivity SN = 3941
* Number of Bytes Per Scan = 41
* Number of Voltage Words = 4
* Number of Scans Averaged by the Deck Unit = 1
* NMEA Latitude = 57 18.74 N
* NMEA Longitude = 020 04.57 E
* NMEA UTC (Time) = May 30 2018  15:35:45
* NMEA baud rate = 4800
** Station:  BY15
** Operator:  JKro
** Ship: AURA
** Average sound velocity: 1447.99 m/s
** True-depth calculation Wed, 30 May 2018 16:55:02 +0000
** CTD Python Module SMHI /ver 3-12/ feb 2012 
** LIMS Job: 20183407-0046
** Cruise: SMHI-02-2018
** Latitude [GG MM.mm N] :
** Longitude [GG MM.mm E]:
# nquan = 26
# nvalues = 471                         
# units = specified
# name 0 = scan: Scan Count
# name 1 = prDM: Pressure, Digiquartz [db]
# name 2 = t090C: Temperature [ITS-90, deg C]
# name 3 = t190C: Temperature, 2 [ITS-90, deg C]
# name 4 = T2-T190C: Temperature Difference, 2 - 1 [ITS-90, deg C]
# name 5 = c0S/m: Conductivity [S/m]
# name 6 = c1S/m: Conductivity, 2 [S/m]
# name 7 = pumps: Pump Status
# name 8 = sbeox0ML/L: Oxygen, SBE 43 [ml/l]
# name 9 = sbeox1ML/L: Oxygen, SBE 43, 2 [ml/l]
# name 10 = altM: Altimeter [m]
# name 11 = flECO-AFL: Chl-a Fluorescence, WET Labs ECO-AFL/FL [mg/m^3]
# name 12 = flECO-AFL1: Phycocyanin Fluorescence, WET Labs ECO-AFL/FL, 2 [mg/m^3]
# name 13 = par: PAR/Irradiance, Biospherical/Lico [µE/(cm^2*s)]
# name 14 = turbWETntu0: Turbidity, WET Labs ECO [NTU]
# name 15 = sal00: Salinity, Practical [PSU]
# name 16 = sal11: Salinity, Practical, 2 [PSU]
# name 17 = secS-priS: Salinity, Practical, Difference, 2 - 1 [PSU]
# name 18 = sigma-t00: Density [sigma-t, Kg/m^3 ]
# name 19 = sigma-t11: Density, 2 [sigma-t, Kg/m^3 ]
# name 20 = depSM: Depth [salt water, m], lat = 57.3123
# name 21 = depFM: Depth [true depth, m], lat = 57.3123
# name 22 = dz/dtM: Descent Rate [m/s], WS = 2
# name 23 = svCM: Sound Velocity [Chen-Millero, m/s]
# name 24 = svCM1: Sound Velocity, 2 [Chen-Millero, m/s]
# name 25 = flag: flag
# span 0 =      11442,      26051       
# span 1 =      1.000,    236.000       
# span 2 =     2.9692,    15.1405       
# span 3 =     2.9703,    15.1466       
# span 4 =    -0.0381,     0.0438       
# span 5 =   0.759898,   1.459491       
# span 6 =   0.759791,   1.459480       
# span 7 =          1,          1       
# span 8 =   -0.01819,    9.87640       
# span 9 =   -0.19286,    9.95841       
# span 10 =       0.00,      98.61      
# span 11 =     0.2129,     8.4804      
# span 12 =     0.1382,     0.8795      
# span 13 = -9.822e-07, 4.8387e+02      
# span 14 =     0.1154,     0.6344      
# span 15 =     7.2409,    13.2904      
# span 16 =     7.2410,    13.2899      
# span 17 =    -0.0027,     0.0011      
# span 18 =     4.6726,    10.3742      
# span 19 =     4.6717,    10.3737      
# span 20 =      0.991,    233.693      
# span 21 =      1.014,    238.331      
# span 22 =     -0.141,      0.561      
# span 23 =    1427.24,    1475.07      
# span 24 =    1427.24,    1475.09      
# span 25 = 0.0000e+00, 0.0000e+00      
# interval = decibars: 0.5              
# start_time = May 30 2018 15:35:46 [NMEA time, first data scan]
# bad_flag = -9.990e-29
*END*
[from data line 391]
      21134    196.500     6.8963     6.8972     0.0009    1.44831    1.44829          1     0.0258     0.0206      43.37     0.3479     0.3013  1.000e-12  0.2044000    13.1922    13.1917    -0.0005    10.2980    10.2975    194.598    198.510      0.490    1454.23    1454.23  0.000e+00
      21158    197.000     6.8965     6.8975     0.0010    1.44847    1.44846          1     0.0206     0.0222      42.83     0.3364     0.2369  1.000e-12  0.2038000    13.1937    13.1931    -0.0006    10.2991    10.2986    195.093    199.014      0.485    1454.24    1454.24  0.000e+00
      21183    197.500     6.8971     6.8981     0.0010    1.44873    1.44872          1     0.0240     0.0204      42.28     0.3995     0.2098  1.000e-12  0.2046000    13.1959    13.1953    -0.0006    10.3008    10.3003    195.587    199.518      0.480    1454.25    1454.25  0.000e+00
      21208    198.000     6.8977     6.8987     0.0011    1.44889    1.44887          1     0.0227     0.0208      41.77     0.3710     0.2703  1.000e-12  0.1919000    13.1971    13.1966    -0.0006    10.3017    10.3012    196.082    200.022      0.478    1454.26    1454.26  0.000e+00
      21233    198.500     6.8979     6.8989     0.0010    1.44901    1.44899          1     0.0208     0.0190      41.27     0.3126     0.2443  1.000e-12  0.1794000    13.1981    13.1976    -0.0005    10.3025    10.3020    196.577    200.527      0.476    1454.27    1454.27  0.000e+00
      21259    199.000     6.8976     6.8986     0.0011    1.44911    1.44910          1     0.0242     0.0205      40.76     0.3455     0.2120  1.000e-12  0.1969000    13.1992    13.1987    -0.0005    10.3034    10.3029    197.072    201.031      0.477    1454.28    1454.28  0.000e+00
      21284    199.500     6.8977     6.8987     0.0010    1.44923    1.44923          1     0.0223     0.0202      40.25     0.3231     0.2429  1.000e-12  0.2034000    13.2002    13.1998    -0.0004    10.3041    10.3037    197.567    201.535      0.484    1454.29    1454.29  0.000e+00
      21308    200.000     6.8978     6.8988     0.0010    1.44932    1.44930          1     0.0246     0.0191      39.76     0.3228     0.2472  1.000e-12  0.1981000    13.2009    13.2003    -0.0005    10.3047    10.3042    198.062    202.039      0.488    1454.30    1454.30  0.000e+00
      21333    200.500     6.8980     6.8989     0.0010    1.44938    1.44937          1     0.0216     0.0221      39.24     0.3560     0.2120  1.000e-12  0.2095000    13.2014    13.2009    -0.0005    10.3050    10.3046    198.557    202.543      0.478    1454.31    1454.31  0.000e+00
      21358    201.000     6.8981     6.8991     0.0010    1.44946    1.44946          1     0.0208     0.0217      38.73     0.3383     0.2173  1.000e-12  0.2006000    13.2020    13.2016    -0.0005    10.3055    10.3051    199.052    203.047      0.470    1454.32    1454.32  0.000e+00
      21384    201.500     6.8985     6.8996     0.0011    1.44961    1.44960          1     0.0231     0.0187      38.21     0.3458     0.2473  1.000e-12  0.2101000    13.2032    13.2026    -0.0005    10.3064    10.3059    199.547    203.551      0.475    1454.33    1454.33  0.000e+00
      21409    202.000     6.8987     6.8998     0.0010    1.44971    1.44969          1     0.0176     0.0188      37.70     0.5290     0.2489  1.000e-12  0.1879000    13.2039    13.2034    -0.0005    10.3070    10.3065    200.042    204.055      0.484    1454.34    1454.34  0.000e+00
      21433    202.500     6.8988     6.8998     0.0010    1.44987    1.44986          1     0.0266     0.0217      37.17     0.3881     0.2340  1.000e-12  0.1983000    13.2054    13.2049    -0.0005    10.3082    10.3077    200.537    204.559      0.490    1454.35    1454.35  0.000e+00
      21458    203.000     6.8990     6.9000     0.0010    1.45004    1.45003          1     0.0209     0.0209      36.63     0.3212     0.2147  1.000e-12  0.2120000    13.2069    13.2064    -0.0005    10.3093    10.3088    201.032    205.063      0.484    1454.36    1454.36  0.000e+00
      21483    203.500     6.8992     6.9002     0.0010    1.45019    1.45018          1     0.0209     0.0191      36.13     0.3320     0.2329  1.000e-12  0.2032000    13.2082    13.2077    -0.0005    10.3103    10.3098    201.526    205.567      0.469    1454.37    1454.37  0.000e+00
      21509    204.000     6.8997     6.9007     0.0010    1.45036    1.45035          1     0.0222     0.0206      35.64     0.3355     0.2223  1.000e-12  0.1930000    13.2097    13.2091    -0.0006    10.3114    10.3109    202.021    206.071      0.470    1454.38    1454.39  0.000e+00
      21534    204.500     6.9002     6.9012     0.0010    1.45058    1.45057          1     0.0176     0.0200      35.13     0.3340     0.1889  1.000e-12  0.1913000    13.2115    13.2110    -0.0005    10.3128    10.3124    202.516    206.575      0.482    1454.39    1454.40  0.000e+00
      21559    205.000     6.9005     6.9015     0.0010    1.45080    1.45078          1     0.0248     0.0214      34.60     0.3555     0.2438  1.000e-12  0.2216000    13.2134    13.2129    -0.0006    10.3143    10.3138    203.011    207.079      0.480    1454.41    1454.41  0.000e+00
      21584    205.500     6.9006     6.9016     0.0010    1.45104    1.45103          1     0.0220     0.0201      34.08     0.3236     0.2181  1.000e-12  0.2146000    13.2157    13.2152    -0.0005    10.3161    10.3156    203.506    207.584      0.482    1454.42    1454.42  0.000e+00
      21609    206.000     6.8994     6.9004     0.0010    1.45118    1.45116          1     0.0197     0.0196      33.58     0.3392     0.1798  1.000e-12  0.2063000    13.2173    13.2168    -0.0005    10.3175    10.3170    204.001    208.088      0.486    1454.42    1454.43  0.000e+00
      21634    206.500     6.8992     6.9002     0.0010    1.45133    1.45132          1     0.0233     0.0202      33.06     0.3671     0.2333  1.000e-12  0.2215000    13.2189    13.2184    -0.0005    10.3187    10.3182    204.496    208.592      0.469    1454.43    1454.44  0.000e+00
      21660    207.000     6.8991     6.9002     0.0011    1.45147    1.45147          1     0.0162     0.0194      32.55     0.3551     0.2753  1.000e-12  0.2204000    13.2202    13.2198    -0.0004    10.3197    10.3193    204.991    209.096      0.474    1454.44    1454.45  0.000e+00
      21684    207.500     6.8988     6.8999     0.0010    1.45159    1.45158          1     0.0216     0.0193      32.05     0.3570     0.2237  1.000e-12  0.2175000    13.2213    13.2209    -0.0005    10.3206    10.3202    205.486    209.600      0.490    1454.45    1454.45  0.000e+00
      21709    208.000     6.8988     6.8998     0.0010    1.45167    1.45166          1     0.0218     0.0198      31.53     0.3433     0.2427  1.000e-12  0.2087000    13.2220    13.2215    -0.0005    10.3212    10.3207    205.981    210.104      0.482    1454.46    1454.46  0.000e+00
      21734    208.500     6.8988     6.8999     0.0010    1.45171    1.45170          1     0.0177     0.0198      31.03     0.3575     0.2248  1.000e-12  0.2466000    13.2223    13.2218    -0.0005    10.3214    10.3210    206.475    210.608      0.478    1454.47    1454.47  0.000e+00
      21759    209.000     6.8990     6.9001     0.0010    1.45176    1.45175          1     0.0212     0.0201      30.50     0.3629     0.2418  1.000e-12  0.2414000    13.2227    13.2222    -0.0005    10.3217    10.3212    206.970    211.112      0.476    1454.48    1454.48  0.000e+00
      21784    209.500     6.8992     6.9003     0.0011    1.45185    1.45183          1     0.0182     0.0198      29.99     0.3594     0.2483  1.000e-12  0.2247000    13.2233    13.2228    -0.0005    10.3222    10.3217    207.465    211.616      0.474    1454.48    1454.49  0.000e+00
      21810    210.000     6.8995     6.9005     0.0011    1.45196    1.45195          1     0.0212     0.0204      29.45     0.3822     0.2487  1.000e-12  0.2296000    13.2243    13.2237    -0.0006    10.3229    10.3224    207.960    212.120      0.478    1454.50    1454.50  0.000e+00
      21835    210.500     6.8995     6.9006     0.0010    1.45204    1.45202          1     0.0218     0.0201      28.94     0.3949     0.2891  1.000e-12  0.2249000    13.2249    13.2243    -0.0006    10.3234    10.3228    208.455    212.624      0.483    1454.51    1454.51  0.000e+00
      21860    211.000     6.8996     6.9006     0.0010    1.45211    1.45210          1     0.0191     0.0197      28.44     0.3706     0.2963  1.000e-12  0.2854000    13.2255    13.2250    -0.0005    10.3239    10.3234    208.950    213.128      0.479    1454.51    1454.52  0.000e+00
      21885    211.500     6.8997     6.9008     0.0010    1.45219    1.45218          1     0.0207     0.0199      27.95     0.3659     0.2151  1.000e-12  0.2780000    13.2261    13.2256    -0.0005    10.3243    10.3238    209.445    213.632      0.478    1454.52    1454.53  0.000e+00
      21910    212.000     6.8997     6.9009     0.0011    1.45229    1.45227          1     0.0166     0.0198      27.44     0.3706     0.2188  1.000e-12  0.2262000    13.2269    13.2264    -0.0006    10.3250    10.3244    209.940    214.136      0.479    1454.53    1454.54  0.000e+00
      21935    212.500     6.8998     6.9010     0.0011    1.45237    1.45236          1     0.0208     0.0196      26.93     0.3707     0.2647  1.000e-12  0.2223000    13.2276    13.2271    -0.0005    10.3255    10.3250    210.435    214.640      0.483    1454.54    1454.55  0.000e+00
      21959    213.000     6.9002     6.9012     0.0010    1.45248    1.45247          1     0.0223     0.0198      26.42     0.3834     0.2499  1.000e-12  0.2361000    13.2285    13.2280    -0.0005    10.3261    10.3257    210.930    215.145      0.482    1454.55    1454.56  0.000e+00
      21985    213.500     6.9002     6.9012     0.0010    1.45259    1.45258          1     0.0165     0.0201      25.87     0.3729     0.2158  1.000e-12  0.2392000    13.2294    13.2289    -0.0005    10.3269    10.3264    211.424    215.649      0.466    1454.56    1454.56  0.000e+00
      22011    214.000     6.9001     6.9011     0.0011    1.45269    1.45268          1     0.0206     0.0199      25.33     0.4741     0.2043  1.000e-12  0.2295000    13.2304    13.2298    -0.0005    10.3276    10.3271    211.919    216.153      0.475    1454.57    1454.57  0.000e+00
      22035    214.500     6.9005     6.9016     0.0011    1.45279    1.45278          1     0.0183     0.0196      24.83     0.4891     0.2216  1.000e-12  0.2352000    13.2311    13.2306    -0.0005    10.3281    10.3277    212.414    216.657      0.494    1454.58    1454.59  0.000e+00
      22059    215.000     6.9012     6.9022     0.0010    1.45296    1.45295          1     0.0202     0.0202      24.32     0.3508     0.2178  1.000e-12  0.2288000    13.2324    13.2319    -0.0005    10.3292    10.3287    212.909    217.161      0.484    1454.59    1454.60  0.000e+00
      22085    215.500     6.9021     6.9031     0.0010    1.45330    1.45328          1     0.0204     0.0196      23.80     0.4269     0.1973  1.000e-12  0.2350000    13.2353    13.2348    -0.0006    10.3314    10.3308    213.404    217.665      0.471    1454.61    1454.61  0.000e+00
      22110    216.000     6.9026     6.9037     0.0011    1.45367    1.45365          1     0.0172     0.0200      23.30     0.4831     0.1652  1.000e-12  0.2687000    13.2386    13.2380    -0.0006    10.3339    10.3333    213.899    218.169      0.475    1454.62    1454.63  0.000e+00
      22135    216.500     6.9028     6.9038     0.0010    1.45373    1.45372          1     0.0222     0.0199      22.81     0.3687     0.1974  1.000e-12  0.2504000    13.2391    13.2386    -0.0005    10.3342    10.3338    214.394    218.673      0.477    1454.63    1454.64  0.000e+00
      22161    217.000     6.9028     6.9038     0.0011    1.45382    1.45381          1     0.0177     0.0196      22.26     0.3748     0.2899  1.000e-12  0.2120000    13.2398    13.2394    -0.0004    10.3348    10.3344    214.888    219.177      0.482    1454.64    1454.65  0.000e+00
      22185    217.500     6.9032     6.9043     0.0011    1.45414    1.45412          1     0.0197     0.0198      21.77     0.3638     0.2867  1.000e-12  0.2156000    13.2427    13.2422    -0.0006    10.3371    10.3365    215.383    219.681      0.488    1454.66    1454.66  0.000e+00
      22210    218.000     6.9029     6.9039     0.0010    1.45440    1.45439          1     0.0193     0.0198      21.26     0.3682     0.1650  1.000e-12  0.2138000    13.2453    13.2448    -0.0005    10.3391    10.3387    215.878    220.185      0.478    1454.67    1454.67  0.000e+00
      22235    218.500     6.9030     6.9040     0.0011    1.45454    1.45453          1     0.0189     0.0198      20.73     0.3623     0.2063  1.000e-12  0.2185000    13.2466    13.2461    -0.0005    10.3401    10.3397    216.373    220.689      0.475    1454.67    1454.68  0.000e+00
      22260    219.000     6.9036     6.9046     0.0011    1.45476    1.45476          1     0.0198     0.0198      20.22     0.3575     0.2620  1.000e-12  0.2401000    13.2485    13.2480    -0.0005    10.3416    10.3411    216.868    221.193      0.477    1454.69    1454.69  0.000e+00
      22286    219.500     6.9045     6.9055     0.0011    1.45508    1.45506          1     0.0190     0.0198      19.71     0.3289     0.2483  1.000e-12  0.2295000    13.2511    13.2506    -0.0005    10.3436    10.3431    217.363    221.697      0.472    1454.70    1454.71  0.000e+00
      22311    220.000     6.9061     6.9071     0.0010    1.45546    1.45544          1     0.0202     0.0198      19.19     0.3898     0.2106  1.000e-12  0.2120000    13.2542    13.2536    -0.0005    10.3458    10.3453    217.858    222.201      0.486    1454.72    1454.73  0.000e+00
      22335    220.500     6.9058     6.9068     0.0010    1.45563    1.45562          1     0.0197     0.0198      18.69     0.4872     0.2295  1.000e-12  0.1997000    13.2559    13.2554    -0.0005    10.3472    10.3467    218.353    222.705      0.490    1454.73    1454.73  0.000e+00
      22360    221.000     6.9052     6.9063     0.0010    1.45580    1.45579          1     0.0180     0.0202      18.16     0.3714     0.2452  1.000e-12  0.2098000    13.2576    13.2571    -0.0005    10.3486    10.3481    218.848    223.209      0.469    1454.74    1454.74  0.000e+00
      22386    221.500     6.9059     6.9069     0.0011    1.45595    1.45594          1     0.0197     0.0197      17.64     0.3726     0.2042  1.000e-12  0.2309000    13.2587    13.2582    -0.0005    10.3494    10.3489    219.342    223.714      0.474    1454.75    1454.75  0.000e+00
      22411    222.000     6.9053     6.9065     0.0012    1.45598    1.45597          1     0.0189     0.0197      17.12     0.3707     0.2208  1.000e-12  0.2059000    13.2592    13.2586    -0.0005    10.3498    10.3493    219.837    224.218      0.490    1454.76    1454.76  0.000e+00
      22435    222.500     6.9050     6.9061     0.0010    1.45608    1.45607          1     0.0195     0.0198      16.61     0.3669     0.2060  1.000e-12  0.2172000    13.2602    13.2597    -0.0005    10.3506    10.3501    220.332    224.722      0.480    1454.76    1454.77  0.000e+00
      22461    223.000     6.9051     6.9062     0.0010    1.45626    1.45626          1     0.0197     0.0198      16.09     0.3494     0.2271  1.000e-12  0.2253000    13.2619    13.2614    -0.0004    10.3519    10.3515    220.827    225.226      0.478    1454.78    1454.78  0.000e+00
