ctdpy/exports/archive_20191121_122431/received_data/SBE09_0827_20180903_1913_26_01_0957.cnv
* Sea-Bird SBE 9 Data File:
* FileName = D:\CTD_SBE911\DAT\26DA.2018.9.7.hex
* Software Version Seasave V 7.21d
* Temperature SN = 034605
* Conductivity SN = 041844
* Number of Bytes Per Scan = 48
* Number of Voltage Words = 5
* Number of Scans Averaged by the Deck Unit = 1
* NMEA Latitude = 55 15.16 N
* NMEA Longitude = 015 59.19 E
* NMEA UTC (Time) = Sep 03 2018  19:15:57
* NMEA baud rate = 4800
** Ship: DANA
** Average sound velocity: 1460.17 m/s
** True-depth calculation Wed, 03 Apr 2019 09:24:41 +0000
** CTD Python Module SMHI /ver 3-12/ feb 2012 
** LIMS Job: 20182601-0957
**  BY5
** Operator: Christian JKro
** Cruise: 09/2018
# nquan = 26
# nvalues = 172                         
# units = specified
# name 0 = scan: Scan Count
# name 1 = prDM: Pressure, Digiquartz [db]
# name 2 = t090C: Temperature [ITS-90, deg C]
# name 3 = t190C: Temperature, 2 [ITS-90, deg C]
# name 4 = T2-T190C: Temperature Difference, 2 - 1 [ITS-90, deg C]
# name 5 = c0S/m: Conductivity [S/m]
# name 6 = c1S/m: Conductivity, 2 [S/m]
# name 7 = pumps: Pump Status
# name 8 = sbeox1ML/L: Oxygen, SBE 43, 2 [ml/l]
# name 9 = sbeox0ML/L: Oxygen, SBE 43 [ml/l]
# name 10 = altM: Altimeter [m]
# name 11 = chloroflTC0: Chlorophyll, Turner Cyclops [ug/l]
# name 12 = cpar: CPAR/Corrected Irradiance [%]
# name 13 = par: PAR/Irradiance, Biospherical/Lico [µE/(cm^2*s)]
# name 14 = spar: SPAR, Biospherical/Licor
# name 15 = sal00: Salinity, Practical [PSU]
# name 16 = sal11: Salinity, Practical, 2 [PSU]
# name 17 = secS-priS: Salinity, Practical, Difference, 2 - 1 [PSU]
# name 18 = sigma-t00: Density [sigma-t, kg/m^3 ]
# name 19 = sigma-t11: Density, 2 [sigma-t, kg/m^3 ]
# name 20 = depSM: Depth [salt water, m], lat = 55.2527
# name 21 = depFM: Depth [true depth, m], lat = 55.2527
# name 22 = dz/dtM: Descent Rate [m/s], WS = 2
# name 23 = svCM: Sound Velocity [Chen-Millero, m/s]
# name 24 = svCM1: Sound Velocity, 2 [Chen-Millero, m/s]
# name 25 = flag: flag
# span 0 =        119,      12351       
# span 1 =      1.500,     87.000       
# span 2 =     3.7987,    19.2222       
# span 3 =     3.7464,    19.2231       
# span 4 =    -2.2248,     0.6064       
# span 5 =   0.799857,   1.789234       
# span 6 =   0.800692,   1.788779       
# span 7 =          1,          1       
# span 8 =     0.0342,     7.2493       
# span 9 =     0.0175,     7.5189       
# span 10 =      -0.99,       9.97      
# span 11 =     0.0440,     0.2405      
# span 12 = -3.454e+03, 7.6982e+03      
# span 13 = 1.0000e-12, 1.0000e-12      
# span 14 = 1.8745e+00, 2.1010e+00      
# span 15 =     7.3974,    16.5551      
# span 16 =     7.4803,    16.5509      
# span 17 =    -0.0865,     0.2381      
# span 18 =     4.1047,    12.9226      
# span 19 =     4.1020,    12.9194      
# span 20 =      1.487,     86.196      
# span 21 =      1.522,     87.936      
# span 22 =     -0.440,      0.459      
# span 23 =    1431.40,    1488.70      
# span 24 =    1431.27,    1488.74      
# span 25 = 0.0000e+00, 0.0000e+00      
# interval = decibars: 0.5              
# start_time = Sep 03 2018 19:15:57 [NMEA time, first data scan]
# bad_flag = -9.990e-29
*END*
        119      1.500    19.2194    19.2209     0.0014    1.16304    1.16249          1     6.5347     6.2241       9.97     0.2279  4.924e-11  1.000e-12  2.031e+00     7.5505     7.5464    -0.0041     4.1063     4.1029      1.487      1.522      0.136    1488.57    1488.57  0.000e+00
        446      2.000    19.2222    19.2226     0.0004    1.16295    1.16246          1     6.5595     6.2243       9.97     0.2278  4.924e-11  1.000e-12  2.031e+00     7.5493     7.5458    -0.0035     4.1049     4.1022      1.982      2.029      0.270    1488.59    1488.59  0.000e+00
        490      2.500    19.2221    19.2231     0.0010    1.16292    1.16246          1     6.5311     6.2249       9.97     0.2180  4.924e-11  1.000e-12  2.031e+00     7.5491     7.5457    -0.0034     4.1047     4.1020      2.477      2.536      0.459    1488.60    1488.60  0.000e+00
        533      3.000    19.2195    19.2187    -0.0008    1.16284    1.16232          1     6.5654     6.2316       9.97     0.2389  4.924e-11  1.000e-12  2.031e+00     7.5489     7.5455    -0.0035     4.1051     4.1027      2.973      3.043      0.292    1488.60    1488.59  0.000e+00
        597      3.500    19.2186    19.2191     0.0005    1.16277    1.16226          1     6.5840     6.2380       9.97     0.2268  4.924e-11  1.000e-12  2.031e+00     7.5485     7.5449    -0.0036     4.1051     4.1022      3.468      3.550      0.379    1488.60    1488.60  0.000e+00
        625      4.000    19.2188    19.2177    -0.0011    1.16274    1.16223          1     6.5973     6.2294       9.97     0.2405  4.924e-11  1.000e-12  2.031e+00     7.5483     7.5449    -0.0034     4.1048     4.1025      3.964      4.057      0.317    1488.61    1488.60  0.000e+00
        691      4.500    19.2124    19.2113    -0.0010    1.16297    1.16265          1     6.5674     6.2104       9.97     0.2222  4.924e-11  1.000e-12  2.031e+00     7.5510     7.5489    -0.0020     4.1082     4.1069      4.459      4.565      0.312    1488.60    1488.60  0.000e+00
        724      5.000    19.2138    19.2127    -0.0011    1.16314    1.16275          1     6.5689     6.2176       9.97     0.2247  4.924e-11  1.000e-12  2.031e+00     7.5519     7.5493    -0.0026     4.1086     4.1069      4.955      5.072      0.315    1488.61    1488.61  0.000e+00
        773      5.500    19.2145    19.2163     0.0017    1.16319    1.16273          1     6.5969     6.2242       9.97     0.2116  2.173e+03  1.000e-12  1.987e+00     7.5521     7.5485    -0.0036     4.1086     4.1055      5.450      5.579      0.236    1488.63    1488.63  0.000e+00
        821      6.000    19.2168    19.2199     0.0030    1.16323    1.16287          1     6.5653     6.2328       9.97     0.2117  6.264e+03  1.000e-12  1.904e+00     7.5519     7.5488    -0.0031     4.1080     4.1050      5.946      6.086      0.254    1488.64    1488.65  0.000e+00
        867      6.500    19.2155    19.2016    -0.0138    1.16334    1.16287          1     6.5854     6.2275       9.97     0.2091 -9.642e+00  1.000e-12  2.031e+00     7.5528     7.5520    -0.0008     4.1090     4.1113      6.441      6.593      0.266    1488.65    1488.60  0.000e+00
        918      7.000    19.2082    19.1970    -0.0112    1.16332    1.16289          1     6.5804     6.2059       9.97     0.2093  3.068e+03  1.000e-12  1.968e+00     7.5540     7.5530    -0.0010     4.1114     4.1130      6.937      7.101      0.220    1488.63    1488.60  0.000e+00
        966      7.500    19.1992    19.1930    -0.0062    1.16340    1.16298          1     6.5400     6.1977       9.97     0.2023 -3.730e+00  1.000e-12  2.031e+00     7.5561     7.5542    -0.0019     4.1149     4.1148      7.432      7.608      0.287    1488.62    1488.59  0.000e+00
       1011      8.000    19.1976    19.2007     0.0031    1.16344    1.16296          1     6.5739     6.1935       9.97     0.2040  4.924e-11  1.000e-12  2.031e+00     7.5567     7.5527    -0.0039     4.1157     4.1120      7.928      8.115      0.233    1488.62    1488.62  0.000e+00
       1063      8.500    19.1956    19.1872    -0.0084    1.16343    1.16294          1     6.5888     6.2001       9.97     0.2056  2.189e+03  1.000e-12  1.986e+00     7.5569     7.5549    -0.0019     4.1162     4.1165      8.423      8.622      0.253    1488.62    1488.59  0.000e+00
       1109      9.000    19.1875    19.1845    -0.0030    1.16340    1.16294          1     6.5282     6.1937       9.97     0.2010  4.911e+01  1.000e-12  2.030e+00     7.5581     7.5554    -0.0027     4.1189     4.1175      8.918      9.129      0.246    1488.61    1488.59  0.000e+00
       1161      9.500    19.1998    19.1971    -0.0027    1.16337    1.16287          1     6.5835     6.2094       9.97     0.2017  4.868e-11  1.000e-12  2.031e+00     7.5557     7.5526    -0.0030     4.1144     4.1127      9.414      9.637      0.235    1488.65    1488.64  0.000e+00
       1209     10.000    19.1750    19.1674    -0.0076    1.16339    1.16292          1     6.5441     6.1619       9.97     0.2014  4.125e-06  1.000e-12  2.031e+00     7.5602     7.5583    -0.0019     4.1231     4.1233      9.909     10.144      0.254    1488.59    1488.56  0.000e+00
       1258     10.500    19.1816    19.1980     0.0164    1.16343    1.16300          1     6.5224     6.2014       9.97     0.2014  2.012e+03  1.000e-12  1.990e+00     7.5592     7.5533    -0.0060     4.1210     4.1130     10.405     10.651      0.242    1488.61    1488.66  0.000e+00
       1306     11.000    19.2091    19.2225     0.0133    1.16362    1.16319          1     6.5601     6.2215       9.97     0.2059 -1.955e+01  1.000e-12  2.031e+00     7.5555     7.5501    -0.0054     4.1124     4.1055     10.900     11.158      0.262    1488.70    1488.74  0.000e+00
       1352     11.500    19.2039    19.1984    -0.0056    1.16356    1.16304          1     6.6043     6.1822       9.97     0.2050  7.684e-10  1.000e-12  2.031e+00     7.5561     7.5534    -0.0027     4.1139     4.1130     11.396     11.665      0.235    1488.70    1488.68  0.000e+00
       1407     12.000    19.1828    19.1803    -0.0025    1.16342    1.16293          1     6.5531     6.1721       9.97     0.2022  2.065e+03  1.000e-12  1.989e+00     7.5588     7.5558    -0.0030     4.1204     4.1187     11.891     12.172      0.234    1488.64    1488.63  0.000e+00
       1456     12.500    19.1745    19.1463    -0.0282    1.16362    1.16359          1     6.5251     6.1413       9.97     0.1910  3.907e+01  1.000e-12  2.030e+00     7.5616     7.5666     0.0049     4.1243     4.1340     12.387     12.680      0.236    1488.63    1488.55  0.000e+00
       1506     13.000    19.1291    19.1205    -0.0087    1.16421    1.16407          1     6.4819     6.0904       9.97     0.1837  2.172e+01  1.000e-12  2.030e+00     7.5739     7.5745     0.0006     4.1432     4.1455     12.882     13.187      0.264    1488.51    1488.49  0.000e+00
       1552     13.500    19.1179    19.1121    -0.0059    1.16507    1.16479          1     6.4488     6.0742       9.97     0.1817  1.883e+03  1.000e-12  1.993e+00     7.5819     7.5810    -0.0009     4.1516     4.1522     13.378     13.694      0.238    1488.49    1488.48  0.000e+00
       1603     14.000    19.1042    19.0994    -0.0048    1.16616    1.16611          1     6.4118     6.0437       9.97     0.1776 -6.725e+01  1.000e-12  2.032e+00     7.5920     7.5926     0.0006     4.1622     4.1636     13.873     14.201      0.257    1488.47    1488.46  0.000e+00
       1649     14.500    19.1075    19.1033    -0.0041    1.16673    1.16642          1     6.3989     6.0374       9.97     0.1741  4.924e-11  1.000e-12  2.031e+00     7.5954     7.5939    -0.0015     4.1641     4.1638     14.368     14.708      0.236    1488.49    1488.48  0.000e+00
       1705     15.000    19.0888    19.0871    -0.0017    1.16718    1.16670          1     6.3278     6.0169       9.97     0.1715  4.924e-11  1.000e-12  2.031e+00     7.6019     7.5988    -0.0031     4.1729     4.1710     14.864     15.215      0.228    1488.45    1488.44  0.000e+00
       1752     15.500    19.0882    19.0848    -0.0035    1.16743    1.16698          1     6.3852     6.0055       9.97     0.1698  4.924e-11  1.000e-12  2.031e+00     7.6037     7.6012    -0.0026     4.1744     4.1732     15.359     15.723      0.255    1488.46    1488.45  0.000e+00
       1801     16.000    19.0878    19.0865    -0.0013    1.16866    1.16869          1     6.3719     5.9852       9.97     0.1666  4.924e-11  1.000e-12  2.031e+00     7.6124     7.6129     0.0004     4.1811     4.1817     15.855     16.230      0.233    1488.48    1488.47  0.000e+00
       1855     16.500    19.0816    19.0790    -0.0027    1.16890    1.16870          1     6.3468     5.9822       9.97     0.1677  1.273e-07  1.000e-12  2.031e+00     7.6151     7.6142    -0.0009     4.1845     4.1843     16.350     16.737      0.235    1488.47    1488.46  0.000e+00
       1903     17.000    19.0821    19.0756    -0.0066    1.16911    1.16843          1     6.3772     5.9877       9.97     0.1679  1.875e+03  1.000e-12  1.993e+00     7.6165     7.6129    -0.0036     4.1854     4.1841     16.846     17.244      0.232    1488.48    1488.46  0.000e+00
       1958     17.500    19.0590    19.0594     0.0004    1.16776    1.16727          1     6.3692     5.9997       9.97     0.1678  1.962e+03  1.000e-12  1.991e+00     7.6111     7.6076    -0.0035     4.1862     4.1835     17.341     17.751      0.239    1488.41    1488.41  0.000e+00
       2002     18.000    19.0702    19.0689    -0.0013    1.16795    1.16755          1     6.3532     5.9929       9.97     0.1678  3.300e+01  1.000e-12  2.030e+00     7.6104     7.6078    -0.0025     4.1833     4.1816     17.837     18.258      0.282    1488.45    1488.45  0.000e+00
       2044     18.500    19.0749    19.0779     0.0030    1.16849    1.16807          1     6.3689     5.9938       9.97     0.1637  4.949e-08  1.000e-12  2.031e+00     7.6133     7.6098    -0.0035     4.1845     4.1812     18.332     18.765      0.281    1488.48    1488.48  0.000e+00
       2089     19.000    19.0808    19.0811     0.0003    1.16897    1.16871          1     6.3420     5.9837       9.97     0.1656  2.120e+03  1.000e-12  1.988e+00     7.6155     7.6137    -0.0019     4.1850     4.1835     18.827     19.273      0.260    1488.51    1488.51  0.000e+00
       2134     19.500    19.0813    19.0811    -0.0002    1.16938    1.16896          1     6.3304     5.9817       9.97     0.1666  5.325e+00  1.000e-12  2.031e+00     7.6183     7.6154    -0.0029     4.1870     4.1848     19.323     19.780      0.268    1488.52    1488.52  0.000e+00
       2182     20.000    19.0813    19.0806    -0.0007    1.16939    1.16891          1     6.3198     5.9729       9.97     0.1668  5.481e+02  1.000e-12  2.020e+00     7.6184     7.6151    -0.0033     4.1870     4.1847     19.818     20.287      0.228    1488.53    1488.52  0.000e+00
       2237     20.500    19.0748    19.0614    -0.0135    1.16929    1.16862          1     6.3447     5.9672       9.97     0.1674  1.406e+03  1.000e-12  2.002e+00     7.6188     7.6165    -0.0023     4.1887     4.1898     20.314     20.794      0.241    1488.52    1488.47  0.000e+00
       2282     21.000    19.0513    19.0377    -0.0136    1.16865    1.16787          1     6.3587     5.9813       9.97     0.1626  4.797e+01  1.000e-12  2.030e+00     7.6185     7.6155    -0.0030     4.1934     4.1940     20.809     21.301      0.257    1488.45    1488.41  0.000e+00
       2332     21.500    19.0474    19.0382    -0.0092    1.16854    1.16792          1     6.3928     5.9710       9.97     0.1616  4.046e-06  1.000e-12  2.031e+00     7.6183     7.6157    -0.0027     4.1941     4.1940     21.305     21.808      0.249    1488.45    1488.42  0.000e+00
       2373     22.000    19.0363    19.0323    -0.0040    1.16832    1.16783          1     6.4071     5.9833       9.97     0.1608  2.764e+03  1.000e-12  1.975e+00     7.6188     7.6160    -0.0027     4.1968     4.1956     21.800     22.315      0.325    1488.42    1488.41  0.000e+00
       2412     22.500    18.9903    18.7562    -0.2340    1.16692    1.16071          1     6.4317     6.0248       9.97     0.1631  1.037e+02  1.000e-12  2.029e+00     7.6173     7.6159    -0.0014     4.2053     4.2529     22.295     22.823      0.284    1488.29    1487.56  0.000e+00
       2458     23.000    18.7507    18.0068    -0.7434    1.15822    1.13972          1     6.4193     5.6918       9.97     0.1558  4.924e-11  1.000e-12  2.031e+00     7.5992     7.6030     0.0038     4.2413     4.3944     22.791     23.330      0.261    1487.53    1485.19  0.000e+00
       2503     23.500    17.1638    15.8797    -1.2874    1.11010    1.08374          1     5.9461     5.3847       9.97     0.1504  1.453e+03  1.000e-12  2.001e+00     7.5431     7.5874     0.0442     4.5130     4.7796     23.286     23.837      0.243    1482.43    1478.22  0.000e+00
       2560     24.000    14.3384    12.1136    -2.2248    1.03359    0.98488          1     5.7913     5.3599       9.97     0.1275  1.191e+01  1.000e-12  2.031e+00     7.4942     7.5415     0.0473     4.9584     5.3298     23.782     24.344      0.203    1472.78    1464.92  0.000e+00
       2618     24.500    11.4364     9.5077    -1.9262    0.95595    0.92175          1     6.0399     5.7898       9.97     0.1039 -2.654e-10  1.000e-12  2.031e+00     7.4380     7.5384     0.1003     5.3416     5.6362     24.277     24.850      0.224    1462.32    1455.00  0.000e+00
       2665     25.000     9.5066     7.9596    -1.5489    0.90810    0.88258          1     6.2522     6.2572       9.97     0.0805  4.924e-11  1.000e-12  2.031e+00     7.4188     7.5146     0.0958     5.5439     5.7603     24.773     25.357      0.269    1454.87    1448.78  0.000e+00
       2710     25.500     8.4320     6.7443    -1.6871    0.88404    0.85189          1     6.7106     6.6327       9.97     0.0692  4.924e-11  1.000e-12  2.031e+00     7.4278     7.4919     0.0641     5.6531     5.8321     25.268     25.863      0.277    1450.60    1443.72  0.000e+00
       2749     26.000     6.5913     5.9321    -0.6617    0.83843    0.83304          1     6.7489     6.8340       9.97     0.0637  2.818e+03  1.000e-12  1.974e+00     7.3974     7.4902     0.0927     5.7667     5.8785     25.763     26.370      0.333    1442.96    1440.27  0.000e+00
       2786     26.500     5.9658     5.3711    -0.5948    0.82443    0.81923          1     6.8023     6.9356       9.97     0.0632  1.065e+02  1.000e-12  2.029e+00     7.3995     7.4803     0.0808     5.8052     5.8984     26.259     26.876      0.287    1440.31    1437.84  0.000e+00
       2834     27.000     5.4252     5.0531    -0.3722    0.81292    0.81203          1     6.8776     7.0610       9.97     0.0609 -5.182e-01  1.000e-12  2.031e+00     7.4064     7.4805     0.0741     5.8376     5.9123     26.754     27.382      0.250    1437.99    1436.46  0.000e+00
       2880     27.500     4.9759     4.7805    -0.1953    0.80451    0.80676          1     6.9504     7.2651       9.97     0.0556  2.064e+03  1.000e-12  1.989e+00     7.4233     7.4895     0.0662     5.8700     5.9299     27.250     27.889      0.238    1436.06    1435.28  0.000e+00
       2939     28.000     4.7279     4.6137    -0.1149    0.80129    0.80378          1     7.0607     7.2930       9.97     0.0537  2.015e+03  1.000e-12  1.990e+00     7.4467     7.4974     0.0507     5.8978     5.9420     27.745     28.395      0.218    1435.00    1434.56  0.000e+00
       2990     28.500     4.6548     4.5480    -0.1065    0.80180    0.80392          1     7.0498     7.2604       9.97     0.0543 -1.066e+01  1.000e-12  2.031e+00     7.4682     7.5136     0.0455     5.9174     5.9571     28.241     28.901      0.220    1434.71    1434.30  0.000e+00
