ctdpy/exports/archive_20191121_122431/received_data/SBE09_1044_20181109_2143_34_01_0123.cnv
* Sea-Bird SBE 9 Data File:
* FileName = C:\ctd\temp\ar18d123.hex
* Software Version Seasave V 7.26.7.107
* Temperature SN = 5351
* Conductivity SN = 3941
* Number of Bytes Per Scan = 41
* Number of Voltage Words = 4
* Number of Scans Averaged by the Deck Unit = 1
* NMEA Latitude = 57 18.73 N
* NMEA Longitude = 020 04.55 E
* NMEA UTC (Time) = Nov 09 2018  21:43:38
* NMEA baud rate = 4800
** Station:  BY15-X
** Operator:  A-KTh
** Ship: ARANDA
** Average sound velocity: 1449.38 m/s
** True-depth calculation Sat, 10 Nov 2018 13:06:12 +0000
** CTD Python Module SMHI /ver 3-12/ feb 2012 
** LIMS Job: 20183401-0123
** Cruise: SMHI-6-2018
** Latitude [GG MM.mm N]:
** Longitude [GG MM.mm E]
# nquan = 26
# nvalues = 471                         
# units = specified
# name 0 = scan: Scan Count
# name 1 = prDM: Pressure, Digiquartz [db]
# name 2 = t090C: Temperature [ITS-90, deg C]
# name 3 = t190C: Temperature, 2 [ITS-90, deg C]
# name 4 = T2-T190C: Temperature Difference, 2 - 1 [ITS-90, deg C]
# name 5 = c0S/m: Conductivity [S/m]
# name 6 = c1S/m: Conductivity, 2 [S/m]
# name 7 = pumps: Pump Status
# name 8 = sbeox0ML/L: Oxygen, SBE 43 [ml/l]
# name 9 = sbeox1ML/L: Oxygen, SBE 43, 2 [ml/l]
# name 10 = altM: Altimeter [m]
# name 11 = flECO-AFL: Chl-a Fluorescence, WET Labs ECO-AFL/FL [mg/m^3]
# name 12 = flECO-AFL1: Phycocyanin Fluorescence, WET Labs ECO-AFL/FL, 2 [mg/m^3]
# name 13 = par: PAR/Irradiance, Biospherical/Lico [µE/(cm^2*s)]
# name 14 = turbWETntu0: Turbidity, WET Labs ECO [NTU]
# name 15 = sal00: Salinity, Practical [PSU]
# name 16 = sal11: Salinity, Practical, 2 [PSU]
# name 17 = secS-priS: Salinity, Practical, Difference, 2 - 1 [PSU]
# name 18 = sigma-t00: Density [sigma-t, Kg/m^3 ]
# name 19 = sigma-t11: Density, 2 [sigma-t, Kg/m^3 ]
# name 20 = depSM: Depth [salt water, m], lat = 57.3122
# name 21 = depFM: Depth [true depth, m], lat = 57.3122
# name 22 = dz/dtM: Descent Rate [m/s], WS = 2
# name 23 = svCM: Sound Velocity [Chen-Millero, m/s]
# name 24 = svCM1: Sound Velocity, 2 [Chen-Millero, m/s]
# name 25 = flag: flag
# span 0 =      11696,      23068       
# span 1 =      1.000,    236.000       
# span 2 =     3.4292,     9.2027       
# span 3 =     3.4296,     9.2022       
# span 4 =    -0.0145,     0.0595       
# span 5 =   0.772828,   1.454983       
# span 6 =   0.772764,   1.454992       
# span 7 =          1,          1       
# span 8 =    0.01476,    7.66829       
# span 9 =    0.04654,    7.96903       
# span 10 =       2.69,      99.27      
# span 11 =     0.2058,     0.9905      
# span 12 =     0.1203,     0.4067      
# span 13 = -6.434e-06, 4.7544e-01      
# span 14 =     0.1173,     0.5272      
# span 15 =     7.0033,    13.2489      
# span 16 =     7.0031,    13.2485      
# span 17 =    -0.0075,     0.0004      
# span 18 =     5.2730,    10.3423      
# span 19 =     5.2727,    10.3419      
# span 20 =      0.991,    233.693      
# span 21 =      1.013,    238.369      
# span 22 =      0.005,      0.573      
# span 23 =    1429.74,    1454.94      
# span 24 =    1429.75,    1454.94      
# span 25 = 0.0000e+00, 0.0000e+00      
# interval = decibars: 0.5              
# start_time = Nov 09 2018 21:43:38 [NMEA time, first data scan]
# bad_flag = -9.990e-29
*END*
[from data line 112]
      14383     57.000     3.5051     3.5076     0.0025    0.77838    0.77837          1     7.3962     7.1307      97.87     0.2098     0.1974  1.000e-12  0.1465000     7.4887     7.4880    -0.0007     5.9637     5.9630     56.467     57.744      0.536    1430.02    1430.03  0.000e+00
      14405     57.500     3.4812     3.4848     0.0036    0.77895    0.77895          1     7.2497     7.0404      97.85     0.2130     0.2317  1.000e-12  0.1560000     7.5000     7.4992    -0.0008     5.9730     5.9723     56.962     58.250      0.545    1429.94    1429.95  0.000e+00
      14427     58.000     3.4423     3.4451     0.0028    0.77910    0.77909          1     7.1115     6.9666      97.28     0.2125     0.2352  1.000e-12  0.1676000     7.5105     7.5098    -0.0007     5.9820     5.9815     57.458     58.756      0.524    1429.78    1429.79  0.000e+00
      14451     58.500     3.4292     3.4313     0.0021    0.77961    0.77960          1     6.9894     6.9028      97.89     0.2075     0.2006  1.000e-12  0.1621000     7.5188     7.5182    -0.0006     5.9889     5.9884     57.953     59.263      0.499    1429.74    1429.75  0.000e+00
      14475     59.000     3.4294     3.4296     0.0003    0.78038    0.78028          1     6.8973     6.8294      97.88     0.2124     0.2023  1.000e-12  0.1667000     7.5266     7.5255    -0.0011     5.9951     5.9942     58.448     59.769      0.499    1429.76    1429.76  0.000e+00
      14499     59.500     3.4480     3.4495     0.0015    0.78282    0.78273          1     6.7782     6.7276      97.88     0.2237     0.2255  1.000e-12  0.1666000     7.5475     7.5463    -0.0013     6.0114     6.0104     58.943     60.275      0.516    1429.88    1429.88  0.000e+00
      14522     60.000     3.4464     3.4486     0.0021    0.78345    0.78342          1     6.7183     6.6749      96.78     0.2242     0.2288  1.000e-12  0.1675000     7.5544     7.5535    -0.0008     6.0169     6.0162     59.439     60.781      0.532    1429.89    1429.90  0.000e+00
      14544     60.500     3.4441     3.4455     0.0014    0.78461    0.78454          1     6.6680     6.5777      91.87     0.2406     0.2056  1.000e-12  0.1640000     7.5668     7.5658    -0.0010     6.0269     6.0260     59.934     61.288      0.543    1429.90    1429.91  0.000e+00
      14566     61.000     3.4829     3.4807    -0.0022    0.78732    0.78713          1     6.5881     6.4971      97.80     0.2332     0.1731  1.000e-12  0.1681000     7.5858     7.5843    -0.0015     6.0413     6.0401     60.429     61.794      0.534    1430.11    1430.10  0.000e+00
      14589     61.500     3.5356     3.5357     0.0001    0.79139    0.79124          1     6.3975     6.3328      97.90     0.2178     0.2447  1.000e-12  0.1726000     7.6154     7.6138    -0.0016     6.0640     6.0627     60.925     62.300      0.508    1430.40    1430.40  0.000e+00
      14613     62.000     3.5530     3.5545     0.0015    0.79476    0.79464          1     6.2202     6.1541      97.91     0.2287     0.2653  1.000e-12  0.1675000     7.6461     7.6445    -0.0016     6.0880     6.0867     61.420     62.806      0.492    1430.52    1430.53  0.000e+00
      14638     62.500     3.5979     3.5954    -0.0026    0.79883    0.79858          1     6.1574     6.0681      95.53     0.2411     0.2369  1.000e-12  0.1666000     7.6775     7.6755    -0.0020     6.1122     6.1106     61.915     63.312      0.508    1430.78    1430.76  0.000e+00
      14661     63.000     3.7883     3.7796    -0.0086    0.80720    0.80670          1     6.0904     6.0060      88.85     0.2526     0.1868  1.000e-12  0.1616000     7.7186     7.7154    -0.0031     6.1409     6.1386     62.410     63.818      0.530    1431.70    1431.66  0.000e+00
      14683     63.500     3.8783     3.8886     0.0102    0.81357    0.81359          1     5.9899     5.9133      97.94     0.2423     0.1969  1.000e-12  0.1566000     7.7625     7.7603    -0.0022     6.1738     6.1717     62.905     64.325      0.534    1432.17    1432.22  0.000e+00
      14706     64.000     3.7389     3.7407     0.0019    0.81399    0.81379          1     5.8266     5.7468      97.93     0.2171     0.1925  1.000e-12  0.1786000     7.8000     7.7975    -0.0025     6.2068     6.2048     63.401     64.831      0.525    1431.60    1431.60  0.000e+00
      14729     64.500     3.8191     3.8169    -0.0022    0.82258    0.82215          1     5.6017     5.5607      97.93     0.2273     0.1830  1.000e-12  0.1696000     7.8691     7.8652    -0.0039     6.2599     6.2568     63.896     65.337      0.519    1432.06    1432.04  0.000e+00
      14752     65.000     3.9102     3.9090    -0.0012    0.83383    0.83340          1     5.3240     5.3305      95.89     0.2364     0.1995  1.000e-12  0.1676000     7.9625     7.9583    -0.0042     6.3320     6.3287     64.391     65.843      0.509    1432.60    1432.59  0.000e+00
      14776     65.500     3.9550     3.9552     0.0002    0.84388    0.84357          1     5.0617     5.0760      86.35     0.2411     0.2184  1.000e-12  0.1879000     8.0546     8.0513    -0.0033     6.4040     6.4014     64.886     66.349      0.503    1432.92    1432.92  0.000e+00
      14800     66.000     3.9823     3.9824     0.0001    0.84979    0.84951          1     4.8370     4.9012      73.18     0.2532     0.1952  1.000e-12  0.1807000     8.1084     8.1055    -0.0029     6.4460     6.4437     65.382     66.855      0.517    1433.12    1433.12  0.000e+00
      14822     66.500     4.0106     4.0107     0.0001    0.85612    0.85589          1     4.6603     4.7473      42.66     0.2569     0.2489  1.000e-12  0.1671000     8.1662     8.1639    -0.0023     6.4912     6.4893     65.877     67.361      0.535    1433.33    1433.33  0.000e+00
      14845     67.000     4.0270     4.0276     0.0006    0.85952    0.85939          1     4.5286     4.6128      98.01     0.2503     0.2117  1.000e-12  0.1649000     8.1969     8.1955    -0.0015     6.5151     6.5139     66.372     67.867      0.534    1433.45    1433.46  0.000e+00
      14867     67.500     4.0449     4.0439    -0.0010    0.86246    0.86226          1     4.3918     4.4927      97.88     0.2373     0.2478  1.000e-12  0.1643000     8.2226     8.2208    -0.0018     6.5350     6.5336     66.867     68.373      0.521    1433.58    1433.57  0.000e+00
      14891     68.000     4.1210     4.1149    -0.0061    0.87338    0.87249          1     4.2053     4.3113      89.97     0.2482     0.2475  1.000e-12  0.1740000     8.3151     8.3076    -0.0075     6.6063     6.6005     67.363     68.879      0.512    1434.04    1434.01  0.000e+00
      14914     68.500     4.2013     4.1979    -0.0034    0.88343    0.88303          1     3.9675     4.0741      64.38     0.2486     0.2003  1.000e-12  0.2097000     8.3975     8.3943    -0.0032     6.6693     6.6668     67.858     69.385      0.514    1434.52    1434.50  0.000e+00
      14937     69.000     4.2559     4.2548    -0.0012    0.89121    0.89083          1     3.7389     3.8736      98.39     0.2605     0.1898  1.000e-12  0.1671000     8.4629     8.4593    -0.0036     6.7195     6.7167     68.353     69.891      0.524    1434.85    1434.84  0.000e+00
      14960     69.500     4.3299     4.3287    -0.0012    0.90202    0.90175          1     3.5030     3.6649      97.81     0.2714     0.2275  1.000e-12  0.1737000     8.5541     8.5517    -0.0024     6.7894     6.7875     68.848     70.397      0.527    1435.31    1435.30  0.000e+00
      14983     70.000     4.3938     4.3945     0.0007    0.91010    0.90992          1     3.2736     3.4521      97.50     0.2624     0.1680  1.000e-12  0.1795000     8.6198     8.6178    -0.0019     6.8393     6.8378     69.344     70.902      0.514    1435.68    1435.68  0.000e+00
      15007     70.500     4.4380     4.4380     0.0000    0.91758    0.91729          1     3.0595     3.2547      97.90     0.2516     0.2493  1.000e-12  0.1631000     8.6843     8.6814    -0.0029     6.8890     6.8867     69.839     71.408      0.509    1435.97    1435.97  0.000e+00
      15030     71.000     4.4990     4.4963    -0.0027    0.92637    0.92595          1     2.8531     3.0575      97.88     0.2646     0.2501  1.000e-12  0.1639000     8.7577     8.7542    -0.0035     6.9450     6.9423     70.334     71.914      0.519    1436.34    1436.33  0.000e+00
      15053     71.500     4.5688     4.5671    -0.0018    0.93600    0.93566          1     2.6493     2.8518      97.91     0.2861     0.2846  1.000e-12  0.1643000     8.8370     8.8340    -0.0030     7.0052     7.0029     70.829     72.420      0.535    1436.76    1436.75  0.000e+00
      15075     72.000     4.6394     4.6364    -0.0030    0.94692    0.94644          1     2.4175     2.6486      33.33     0.3012     0.2484  1.000e-12  0.1727000     8.9289     8.9248    -0.0041     7.0753     7.0722     71.324     72.925      0.533    1437.20    1437.18  0.000e+00
      15098     72.500     4.6994     4.6981    -0.0012    0.95622    0.95592          1     2.1603     2.4307      22.36     0.2974     0.2142  1.000e-12  0.1841000     9.0070     9.0043    -0.0027     7.1348     7.1327     71.820     73.431      0.509    1437.57    1437.56  0.000e+00
      15122     73.000     4.7411     4.7410    -0.0001    0.96248    0.96228          1     1.9123     2.2171      22.11     0.2855     0.1886  1.000e-12  0.1749000     9.0591     9.0571    -0.0020     7.1744     7.1728     72.315     73.937      0.491    1437.83    1437.83  0.000e+00
      15146     73.500     4.7799     4.7789    -0.0009    0.96929    0.96890          1     1.6725     2.0044      60.81     0.2723     0.1770  1.000e-12  0.1787000     9.1174     9.1137    -0.0037     7.2190     7.2161     72.810     74.442      0.524    1438.08    1438.07  0.000e+00
      15168     74.000     4.8257     4.8253    -0.0004    0.97740    0.97717          1     1.4859     1.8419      98.76     0.2954     0.2088  1.000e-12  0.1812000     9.1868     9.1846    -0.0022     7.2720     7.2703     73.305     74.948      0.566    1438.38    1438.38  0.000e+00
      15189     74.500     4.8675     4.8665    -0.0010    0.98497    0.98465          1     1.3508     1.7208      98.66     0.2720     0.2224  1.000e-12  0.1791000     9.2518     9.2489    -0.0029     7.3216     7.3194     73.801     75.454      0.573    1438.66    1438.65  0.000e+00
      15210     75.000     4.9244     4.9210    -0.0033    0.99201    0.99165          1     1.1029     1.5251      98.69     0.2988     0.2229  1.000e-12  0.1834000     9.3071     9.3044    -0.0027     7.3629     7.3609     74.296     75.959      0.545    1438.98    1438.96  0.000e+00
      15233     75.500     4.9966     4.9933    -0.0033    1.00226    1.00177          1     0.7356     1.2432      97.59     0.3155     0.2412  1.000e-12  0.2128000     9.3903     9.3862    -0.0041     7.4255     7.4224     74.791     76.465      0.514    1439.41    1439.39  0.000e+00
      15257     76.000     5.0624     5.0602    -0.0022    1.01228    1.01184          1     0.4673     0.9979      17.59     0.3085     0.2487  1.000e-12  0.2124000     9.4727     9.4689    -0.0038     7.4876     7.4847     75.286     76.970      0.510    1439.81    1439.80  0.000e+00
      15280     76.500     5.1316     5.1285    -0.0031    1.02190    1.02154          1     0.3011     0.8512      73.59     0.3070     0.2365  1.000e-12  0.2302000     9.5499     9.5472    -0.0028     7.5453     7.5433     75.781     77.476      0.535    1440.22    1440.20  0.000e+00
      15302     77.000     5.1892     5.1862    -0.0030    1.02955    1.02920          1     0.1981     0.7583      98.00     0.3182     0.2227  1.000e-12  0.2659000     9.6103     9.6077    -0.0027     7.5903     7.5884     76.277     77.981      0.563    1440.56    1440.54  0.000e+00
      15323     77.500     5.2373     5.2360    -0.0013    1.03703    1.03679          1     0.1312     0.6896      32.45     0.3098     0.2216  1.000e-12  0.2525000     9.6716     9.6696    -0.0021     7.6364     7.6348     76.772     78.486      0.565    1440.85    1440.84  0.000e+00
      15344     78.000     5.2566     5.2570     0.0004    1.04023    1.04015          1     0.0897     0.6240      16.88     0.3113     0.2075  1.000e-12  0.2408000     9.6982     9.6973    -0.0009     7.6564     7.6557     77.267     78.992      0.546    1440.98    1440.98  0.000e+00
      15367     78.500     5.2691     5.2697     0.0007    1.04218    1.04209          1     0.0713     0.5581      15.70     0.3096     0.1718  1.000e-12  0.2465000     9.7141     9.7131    -0.0010     7.6683     7.6675     77.762     79.497      0.525    1441.06    1441.06  0.000e+00
      15390     79.000     5.2885     5.2874    -0.0011    1.04535    1.04511          1     0.0596     0.4989      18.99     0.3207     0.2202  1.000e-12  0.2522000     9.7402     9.7381    -0.0021     7.6880     7.6864     78.257     80.003      0.523    1441.19    1441.18  0.000e+00
      15413     79.500     5.3362     5.3344    -0.0018    1.05255    1.05229          1     0.0521     0.4479      98.46     0.3146     0.2258  1.000e-12  0.2831000     9.7985     9.7964    -0.0021     7.7316     7.7301     78.753     80.508      0.531    1441.47    1441.46  0.000e+00
      15435     80.000     5.3696     5.3695    -0.0002    1.05713    1.05703          1     0.0495     0.4015      97.97     0.3011     0.2122  1.000e-12  0.3921000     9.8347     9.8337    -0.0010     7.7584     7.7576     79.248     81.013      0.536    1441.67    1441.67  0.000e+00
      15458     80.500     5.4037     5.4034    -0.0003    1.06156    1.06140          1     0.0478     0.3582      97.94     0.2986     0.2131  1.000e-12  0.4508000     9.8690     9.8675    -0.0015     7.7837     7.7826     79.743     81.519      0.533    1441.87    1441.87  0.000e+00
      15480     81.000     5.4322     5.4314    -0.0008    1.06543    1.06523          1     0.0450     0.3228      28.20     0.3160     0.1801  1.000e-12  0.4230000     9.8994     9.8976    -0.0018     7.8062     7.8049     80.238     82.024      0.539    1442.04    1442.04  0.000e+00
      15502     81.500     5.4632     5.4625    -0.0007    1.07018    1.06998          1     0.0468     0.2864      95.50     0.3228     0.2311  1.000e-12  0.4517000     9.9377     9.9359    -0.0018     7.8348     7.8334     80.733     82.529      0.540    1442.23    1442.23  0.000e+00
      15524     82.000     5.5149     5.5132    -0.0018    1.07725    1.07698          1     0.0497     0.2545      93.04     0.3136     0.2225  1.000e-12  0.4624000     9.9931     9.9909    -0.0022     7.8757     7.8741     81.229     83.035      0.529    1442.53    1442.52  0.000e+00
      15548     82.500     5.5679     5.5656    -0.0023    1.08496    1.08456          1     0.0490     0.2310      98.01     0.3142     0.2305  1.000e-12  0.4331000    10.0543    10.0511    -0.0032     7.9211     7.9187     81.724     83.540      0.512    1442.85    1442.83  0.000e+00
      15571     83.000     5.6229     5.6213    -0.0016    1.09315    1.09287          1     0.0473     0.2062      97.99     0.3323     0.2507  1.000e-12  0.4051000    10.1196    10.1174    -0.0023     7.9696     7.9679     82.219     84.045      0.511    1443.18    1443.16  0.000e+00
      15595     83.500     5.6537     5.6533    -0.0004    1.09765    1.09747          1     0.0464     0.1844      98.01     0.3374     0.2377  1.000e-12  0.3620000    10.1553    10.1536    -0.0017     7.9960     7.9947     82.714     84.550      0.523    1443.36    1443.36  0.000e+00
      15617     84.000     5.6757     5.6751    -0.0006    1.10095    1.10080          1     0.0471     0.1667      98.01     0.3260     0.2069  1.000e-12  0.3427000    10.1815    10.1802    -0.0013     8.0154     8.0144     83.209     85.056      0.535    1443.50    1443.49  0.000e+00
