ctdpy/exports/archive_20191121_122431/received_data/SBE09_1044_20181114_1817_34_01_0147.cnv
* Sea-Bird SBE 9 Data File:
* FileName = C:\ctd\temp\ar18d147.hex
* Software Version Seasave V 7.26.7.107
* Temperature SN = 5351
* Conductivity SN = 3941
* Number of Bytes Per Scan = 41
* Number of Voltage Words = 4
* Number of Scans Averaged by the Deck Unit = 1
* NMEA Latitude = 58 35.62 N
* NMEA Longitude = 018 14.20 E
* NMEA UTC (Time) = Nov 14 2018  18:17:16
* NMEA baud rate = 4800
** Station:  BY31_CTD
** Operator:  AKTh
** Ship: ARANDA
** Average sound velocity: 1448.48 m/s
** True-depth calculation Wed, 14 Nov 2018 19:18:52 +0000
** CTD Python Module SMHI /ver 3-12/ feb 2012 
** LIMS Job: 20183401-0147
** Cruise: SMHI-6-2018
** Latitude [GG MM.mm N]:
** Longitude [GG MM.mm E]
# nquan = 26
# nvalues = 881                         
# units = specified
# name 0 = scan: Scan Count
# name 1 = prDM: Pressure, Digiquartz [db]
# name 2 = t090C: Temperature [ITS-90, deg C]
# name 3 = t190C: Temperature, 2 [ITS-90, deg C]
# name 4 = T2-T190C: Temperature Difference, 2 - 1 [ITS-90, deg C]
# name 5 = c0S/m: Conductivity [S/m]
# name 6 = c1S/m: Conductivity, 2 [S/m]
# name 7 = pumps: Pump Status
# name 8 = sbeox0ML/L: Oxygen, SBE 43 [ml/l]
# name 9 = sbeox1ML/L: Oxygen, SBE 43, 2 [ml/l]
# name 10 = altM: Altimeter [m]
# name 11 = flECO-AFL: Chl-a Fluorescence, WET Labs ECO-AFL/FL [mg/m^3]
# name 12 = flECO-AFL1: Phycocyanin Fluorescence, WET Labs ECO-AFL/FL, 2 [mg/m^3]
# name 13 = par: PAR/Irradiance, Biospherical/Lico [µE/(cm^2*s)]
# name 14 = turbWETntu0: Turbidity, WET Labs ECO [NTU]
# name 15 = sal00: Salinity, Practical [PSU]
# name 16 = sal11: Salinity, Practical, 2 [PSU]
# name 17 = secS-priS: Salinity, Practical, Difference, 2 - 1 [PSU]
# name 18 = sigma-t00: Density [sigma-t, Kg/m^3 ]
# name 19 = sigma-t11: Density, 2 [sigma-t, Kg/m^3 ]
# name 20 = depSM: Depth [salt water, m], lat = 58.5937
# name 21 = depFM: Depth [true depth, m], lat = 58.5937
# name 22 = dz/dtM: Descent Rate [m/s], WS = 2
# name 23 = svCM: Sound Velocity [Chen-Millero, m/s]
# name 24 = svCM1: Sound Velocity, 2 [Chen-Millero, m/s]
# name 25 = flag: flag
# span 0 =      11317,      31028       
# span 1 =      1.000,    441.000       
# span 2 =     4.4141,     7.9810       
# span 3 =     4.4207,     7.9820       
# span 4 =    -0.0217,     0.0134       
# span 5 =   0.802506,   1.248935       
# span 6 =   0.802717,   1.248935       
# span 7 =          1,          1       
# span 8 =    0.00974,    7.70090       
# span 9 =    0.04082,    7.30773       
# span 10 =       3.06,      99.90      
# span 11 =     0.2488,     1.4722      
# span 12 =     0.1389,     0.4305      
# span 13 = -4.285e-03, 1.0550e+00      
# span 14 =     0.1432,     1.8628      
# span 15 =     6.7969,    11.4066      
# span 16 =     6.7966,    11.4061      
# span 17 =    -0.0021,     0.0039      
# span 18 =     5.1980,     8.9443      
# span 19 =     5.1976,     8.9438      
# span 20 =      0.991,    436.427      
# span 21 =      1.013,    445.474      
# span 22 =      0.059,      0.690      
# span 23 =    1434.16,    1453.20      
# span 24 =    1434.19,    1453.20      
# span 25 = 0.0000e+00, 0.0000e+00      
# interval = decibars: 0.5              
# start_time = Nov 14 2018 18:17:16 [NMEA time, first data scan]
# bad_flag = -9.990e-29
*END*
[from data line 502]
      22458    252.000     6.2128     6.2142     0.0014    1.23917    1.23917          1     0.0193     0.0582      98.72     0.3226     0.1971  1.000e-12  0.1553000    11.3560    11.3555    -0.0005     8.9068     8.9063    249.500    254.674      0.598    1449.95    1449.96  0.000e+00
      22478    252.500     6.2129     6.2143     0.0013    1.23920    1.23920          1     0.0204     0.0564      98.71     0.3230     0.2091  1.000e-12  0.1758000    11.3561    11.3557    -0.0004     8.9069     8.9064    249.995    255.179      0.557    1449.96    1449.97  0.000e+00
      22501    253.000     6.2130     6.2145     0.0014    1.23925    1.23924          1     0.0212     0.0556      98.72     0.3087     0.2464  1.000e-12  0.1643000    11.3565    11.3560    -0.0006     8.9072     8.9067    250.490    255.684      0.512    1449.97    1449.98  0.000e+00
      22525    253.500     6.2131     6.2145     0.0014    1.23926    1.23927          1     0.0205     0.0562      98.71     0.3213     0.2498  1.000e-12  0.1698000    11.3566    11.3561    -0.0005     8.9072     8.9067    250.984    256.189      0.519    1449.98    1449.98  0.000e+00
      22547    254.000     6.2132     6.2146     0.0014    1.23930    1.23929          1     0.0193     0.0547      98.71     0.3407     0.2034  1.000e-12  0.1646000    11.3567    11.3562    -0.0005     8.9073     8.9068    251.479    256.694      0.549    1449.99    1449.99  0.000e+00
      22569    254.500     6.2134     6.2148     0.0014    1.23933    1.23934          1     0.0200     0.0576      98.72     0.3486     0.1926  1.000e-12  0.1524000    11.3569    11.3565    -0.0004     8.9075     8.9071    251.974    257.198      0.566    1450.00    1450.00  0.000e+00
      22590    255.000     6.2135     6.2150     0.0015    1.23939    1.23939          1     0.0216     0.0572      98.71     0.3499     0.1925  1.000e-12  0.1549000    11.3574    11.3569    -0.0005     8.9078     8.9073    252.469    257.703      0.571    1450.01    1450.01  0.000e+00
      22611    255.500     6.2138     6.2152     0.0014    1.23944    1.23945          1     0.0211     0.0554      98.71     0.3602     0.1992  1.000e-12  0.1558000    11.3577    11.3573    -0.0004     8.9081     8.9076    252.963    258.208      0.582    1450.02    1450.02  0.000e+00
      22631    256.000     6.2140     6.2154     0.0014    1.23949    1.23949          1     0.0202     0.0559      98.71     0.3377     0.2447  1.000e-12  0.1663000    11.3581    11.3576    -0.0005     8.9083     8.9078    253.458    258.713      0.593    1450.03    1450.03  0.000e+00
      22651    256.500     6.2142     6.2155     0.0014    1.23954    1.23953          1     0.0198     0.0542      98.71     0.3354     0.1784  1.000e-12  0.1632000    11.3583    11.3579    -0.0005     8.9085     8.9080    253.953    259.217      0.575    1450.03    1450.04  0.000e+00
      22673    257.000     6.2143     6.2158     0.0014    1.23960    1.23960          1     0.0206     0.0534      98.72     0.3356     0.1970  1.000e-12  0.1690000    11.3588    11.3584    -0.0004     8.9089     8.9085    254.448    259.722      0.526    1450.04    1450.05  0.000e+00
      22697    257.500     6.2146     6.2160     0.0015    1.23965    1.23965          1     0.0211     0.0554      98.72     0.3325     0.2476  1.000e-12  0.1738000    11.3592    11.3587    -0.0005     8.9091     8.9087    254.942    260.227      0.496    1450.05    1450.06  0.000e+00
      22721    258.000     6.2148     6.2161     0.0014    1.23968    1.23968          1     0.0195     0.0549      98.72     0.3271     0.2392  1.000e-12  0.1652000    11.3593    11.3589    -0.0004     8.9092     8.9088    255.437    260.732      0.524    1450.06    1450.07  0.000e+00
      22743    258.500     6.2149     6.2163     0.0014    1.23972    1.23972          1     0.0212     0.0561      98.71     0.3376     0.1906  1.000e-12  0.1748000    11.3595    11.3591    -0.0004     8.9094     8.9090    255.932    261.237      0.574    1450.07    1450.08  0.000e+00
      22763    259.000     6.2151     6.2166     0.0015    1.23975    1.23976          1     0.0203     0.0541      98.72     0.3367     0.2495  1.000e-12  0.1803000    11.3597    11.3593    -0.0004     8.9096     8.9091    256.427    261.741      0.607    1450.08    1450.09  0.000e+00
      22783    259.500     6.2152     6.2166     0.0014    1.23978    1.23978          1     0.0207     0.0539      98.71     0.3335     0.2489  1.000e-12  0.2312000    11.3599    11.3594    -0.0005     8.9097     8.9092    256.921    262.246      0.599    1450.09    1450.09  0.000e+00
      22803    260.000     6.2152     6.2166     0.0014    1.23979    1.23979          1     0.0193     0.0548      98.71     0.3379     0.2248  1.000e-12  0.1897000    11.3599    11.3594    -0.0005     8.9097     8.9092    257.416    262.751      0.554    1450.10    1450.10  0.000e+00
      22826    260.500     6.2152     6.2166     0.0014    1.23981    1.23981          1     0.0196     0.0545      98.71     0.3427     0.2008  1.000e-12  0.1521000    11.3600    11.3595    -0.0005     8.9097     8.9093    257.911    263.256      0.512    1450.11    1450.11  0.000e+00
      22850    261.000     6.2154     6.2168     0.0014    1.23986    1.23986          1     0.0197     0.0544      98.72     0.3396     0.2038  1.000e-12  0.1589000    11.3603    11.3599    -0.0004     8.9100     8.9095    258.405    263.760      0.531    1450.11    1450.12  0.000e+00
      22871    261.500     6.2158     6.2172     0.0014    1.23994    1.23994          1     0.0192     0.0535      98.71     0.3299     0.2312  1.000e-12  0.1576000    11.3609    11.3604    -0.0005     8.9104     8.9099    258.900    264.265      0.583    1450.12    1450.13  0.000e+00
      22891    262.000     6.2162     6.2175     0.0013    1.24002    1.24003          1     0.0208     0.0571      98.71     0.3368     0.2217  1.000e-12  0.1615000    11.3615    11.3611    -0.0004     8.9109     8.9104    259.395    264.770      0.602    1450.14    1450.14  0.000e+00
      22911    262.500     6.2163     6.2176     0.0013    1.24006    1.24006          1     0.0216     0.0551      98.71     0.3363     0.2390  1.000e-12  0.1611000    11.3618    11.3613    -0.0004     8.9111     8.9106    259.890    265.275      0.567    1450.14    1450.15  0.000e+00
      22934    263.000     6.2164     6.2178     0.0014    1.24012    1.24012          1     0.0204     0.0511      98.71     0.3286     0.2250  1.000e-12  0.1662000    11.3622    11.3617    -0.0005     8.9114     8.9109    260.384    265.779      0.504    1450.15    1450.16  0.000e+00
      22959    263.500     6.2165     6.2179     0.0015    1.24017    1.24017          1     0.0188     0.0550      98.71     0.3242     0.2208  1.000e-12  0.1712000    11.3626    11.3620    -0.0005     8.9117     8.9112    260.879    266.284      0.480    1450.16    1450.17  0.000e+00
      22983    264.000     6.2167     6.2181     0.0014    1.24021    1.24021          1     0.0210     0.0559      98.72     0.3385     0.2179  1.000e-12  0.1704000    11.3628    11.3623    -0.0005     8.9118     8.9113    261.374    266.789      0.528    1450.17    1450.18  0.000e+00
      23005    264.500     6.2169     6.2184     0.0014    1.24024    1.24025          1     0.0200     0.0544      98.72     0.3452     0.1990  1.000e-12  0.1687000    11.3629    11.3625    -0.0004     8.9120     8.9115    261.868    267.294      0.587    1450.18    1450.19  0.000e+00
      23024    265.000     6.2170     6.2184     0.0013    1.24027    1.24027          1     0.0189     0.0536      98.71     0.3348     0.2342  1.000e-12  0.1669000    11.3631    11.3626    -0.0004     8.9120     8.9116    262.363    267.799      0.604    1450.19    1450.19  0.000e+00
      23044    265.500     6.2171     6.2185     0.0014    1.24031    1.24031          1     0.0192     0.0543      98.71     0.3231     0.2333  1.000e-12  0.1678000    11.3633    11.3629    -0.0005     8.9123     8.9118    262.858    268.303      0.579    1450.20    1450.20  0.000e+00
      23066    266.000     6.2173     6.2187     0.0015    1.24035    1.24036          1     0.0187     0.0546      98.72     0.3542     0.2421  1.000e-12  0.1617000    11.3636    11.3632    -0.0004     8.9125     8.9120    263.352    268.808      0.547    1450.21    1450.21  0.000e+00
      23088    266.500     6.2176     6.2190     0.0014    1.24044    1.24044          1     0.0190     0.0536      98.71     0.3332     0.2590  1.000e-12  0.1523000    11.3643    11.3638    -0.0005     8.9130     8.9125    263.847    269.313      0.545    1450.22    1450.22  0.000e+00
      23110    267.000     6.2181     6.2194     0.0014    1.24055    1.24054          1     0.0222     0.0552      98.71     0.3225     0.2692  1.000e-12  0.1584000    11.3652    11.3646    -0.0006     8.9136     8.9131    264.342    269.818      0.554    1450.23    1450.23  0.000e+00
      23132    267.500     6.2182     6.2196     0.0014    1.24059    1.24059          1     0.0193     0.0554      98.72     0.3331     0.2321  1.000e-12  0.1657000    11.3655    11.3649    -0.0005     8.9138     8.9133    264.837    270.322      0.538    1450.24    1450.24  0.000e+00
      23155    268.000     6.2183     6.2197     0.0014    1.24061    1.24061          1     0.0190     0.0516      98.71     0.3399     0.2219  1.000e-12  0.1594000    11.3655    11.3650    -0.0005     8.9139     8.9134    265.331    270.827      0.500    1450.25    1450.25  0.000e+00
      23180    268.500     6.2183     6.2197     0.0014    1.24062    1.24062          1     0.0192     0.0534      98.71     0.3197     0.2212  1.000e-12  0.1612000    11.3655    11.3650    -0.0005     8.9139     8.9134    265.826    271.332      0.503    1450.25    1450.26  0.000e+00
      23202    269.000     6.2184     6.2197     0.0014    1.24063    1.24063          1     0.0200     0.0537      98.71     0.3143     0.2331  1.000e-12  0.1786000    11.3655    11.3650    -0.0005     8.9139     8.9134    266.321    271.837      0.560    1450.26    1450.27  0.000e+00
      23223    269.500     6.2184     6.2198     0.0014    1.24065    1.24065          1     0.0196     0.0540      98.71     0.3392     0.2158  1.000e-12  0.1755000    11.3656    11.3651    -0.0004     8.9139     8.9135    266.815    272.341      0.598    1450.27    1450.28  0.000e+00
      23243    270.000     6.2188     6.2201     0.0014    1.24072    1.24072          1     0.0211     0.0533      98.71     0.3353     0.2078  1.000e-12  0.1689000    11.3661    11.3656    -0.0005     8.9143     8.9138    267.310    272.846      0.586    1450.28    1450.29  0.000e+00
      23264    270.500     6.2188     6.2203     0.0014    1.24076    1.24076          1     0.0198     0.0545      98.71     0.3293     0.2039  1.000e-12  0.1637000    11.3664    11.3659    -0.0005     8.9145     8.9140    267.805    273.351      0.544    1450.29    1450.29  0.000e+00
      23287    271.000     6.2190     6.2204     0.0014    1.24082    1.24081          1     0.0183     0.0530      98.71     0.3314     0.1777  1.000e-12  0.1585000    11.3668    11.3662    -0.0005     8.9148     8.9143    268.299    273.856      0.518    1450.30    1450.30  0.000e+00
      23310    271.500     6.2194     6.2208     0.0014    1.24091    1.24090          1     0.0204     0.0542      98.71     0.3302     0.2065  1.000e-12  0.1603000    11.3675    11.3669    -0.0005     8.9154     8.9148    268.794    274.361      0.541    1450.31    1450.31  0.000e+00
      23331    272.000     6.2195     6.2210     0.0014    1.24095    1.24095          1     0.0168     0.0536      98.71     0.3259     0.1952  1.000e-12  0.1649000    11.3677    11.3672    -0.0004     8.9155     8.9150    269.289    274.865      0.577    1450.32    1450.32  0.000e+00
      23351    272.500     6.2199     6.2212     0.0014    1.24100    1.24100          1     0.0207     0.0531      98.71     0.3359     0.1998  1.000e-12  0.1617000    11.3680    11.3676    -0.0004     8.9157     8.9153    269.784    275.370      0.587    1450.33    1450.33  0.000e+00
      23372    273.000     6.2200     6.2213     0.0014    1.24106    1.24106          1     0.0210     0.0533      98.71     0.3468     0.1998  1.000e-12  0.1563000    11.3685    11.3680    -0.0005     8.9161     8.9156    270.278    275.875      0.554    1450.34    1450.34  0.000e+00
      23395    273.500     6.2200     6.2215     0.0014    1.24109    1.24109          1     0.0163     0.0537      98.71     0.3307     0.1914  1.000e-12  0.1694000    11.3687    11.3682    -0.0005     8.9163     8.9158    270.773    276.380      0.503    1450.34    1450.35  0.000e+00
      23420    274.000     6.2201     6.2215     0.0014    1.24112    1.24112          1     0.0198     0.0540      98.72     0.3335     0.2611  1.000e-12  0.1609000    11.3688    11.3684    -0.0005     8.9164     8.9159    271.268    276.884      0.514    1450.35    1450.36  0.000e+00
      23442    274.500     6.2204     6.2218     0.0014    1.24115    1.24116          1     0.0198     0.0533      98.72     0.3452     0.2069  1.000e-12  0.1625000    11.3690    11.3686    -0.0004     8.9165     8.9161    271.762    277.389      0.584    1450.36    1450.37  0.000e+00
      23461    275.000     6.2205     6.2219     0.0014    1.24118    1.24118          1     0.0183     0.0528      98.71     0.3477     0.2272  1.000e-12  0.1681000    11.3691    11.3686    -0.0005     8.9166     8.9161    272.257    277.894      0.617    1450.37    1450.38  0.000e+00
      23481    275.500     6.2205     6.2219     0.0014    1.24119    1.24120          1     0.0165     0.0533      98.71     0.3487     0.2397  1.000e-12  0.1680000    11.3691    11.3687    -0.0004     8.9166     8.9161    272.752    278.399      0.576    1450.38    1450.39  0.000e+00
      23503    276.000     6.2205     6.2219     0.0015    1.24122    1.24123          1     0.0191     0.0539      98.72     0.3488     0.2412  1.000e-12  0.1621000    11.3693    11.3689    -0.0004     8.9167     8.9163    273.246    278.903      0.501    1450.39    1450.39  0.000e+00
      23528    276.500     6.2211     6.2225     0.0014    1.24137    1.24136          1     0.0203     0.0537      98.71     0.3601     0.2429  1.000e-12  0.1554000    11.3705    11.3700    -0.0005     8.9176     8.9171    273.741    279.408      0.498    1450.40    1450.41  0.000e+00
      23551    277.000     6.2214     6.2228     0.0013    1.24142    1.24141          1     0.0213     0.0532      98.71     0.3257     0.2644  1.000e-12  0.1670000    11.3708    11.3703    -0.0005     8.9178     8.9173    274.236    279.913      0.557    1450.41    1450.41  0.000e+00
      23572    277.500     6.2215     6.2229     0.0014    1.24144    1.24144          1     0.0195     0.0537      98.71     0.3151     0.2488  1.000e-12  0.1541000    11.3709    11.3704    -0.0005     8.9179     8.9174    274.730    280.418      0.586    1450.42    1450.42  0.000e+00
      23592    278.000     6.2215     6.2229     0.0014    1.24145    1.24144          1     0.0182     0.0539      98.72     0.3249     0.2300  1.000e-12  0.1497000    11.3709    11.3703    -0.0005     8.9179     8.9174    275.225    280.923      0.568    1450.43    1450.43  0.000e+00
      23614    278.500     6.2214     6.2229     0.0014    1.24145    1.24145          1     0.0177     0.0527      98.71     0.3347     0.2063  1.000e-12  0.1552000    11.3708    11.3703    -0.0005     8.9178     8.9173    275.720    281.427      0.528    1450.43    1450.44  0.000e+00
      23638    279.000     6.2214     6.2229     0.0014    1.24145    1.24145          1     0.0167     0.0539      98.71     0.3330     0.2176  1.000e-12  0.1641000    11.3707    11.3703    -0.0005     8.9178     8.9173    276.214    281.932      0.512    1450.44    1450.45  0.000e+00
