ctdpy/exports/archive_20191121_122431/received_data/SBE09_1044_20180318_0119_34_02_0062.cnv
* Sea-Bird SBE 9 Data File:
* FileName = C:\ctd\temp\2018\ME18D062.hex
* Software Version Seasave V 7.26.6.26
* Temperature SN = 5351
* Conductivity SN = 3941
* Number of Bytes Per Scan = 41
* Number of Voltage Words = 4
* Number of Scans Averaged by the Deck Unit = 1
* NMEA Latitude = 55 15.03 N
* NMEA Longitude = 015 58.99 E
* NMEA UTC (Time) = Mar 18 2018  01:19:13
* NMEA baud rate = 4800
** Station:  BY5
** Operator:  MHAN
** Ship: MERI
** Average sound velocity: 1434.53 m/s
** True-depth calculation Sun, 18 Mar 2018 02:12:19 +0000
** CTD Python Module SMHI /ver 3-12/ feb 2012 
** LIMS Job: 20183402-0062
** Cruise: SMHI-02-2018
** Latitude [GG MM.mm N] :
** Longitude [GG MM.mm E]:
# nquan = 26
# nvalues = 170                         
# units = specified
# name 0 = scan: Scan Count
# name 1 = prDM: Pressure, Digiquartz [db]
# name 2 = t090C: Temperature [ITS-90, deg C]
# name 3 = t190C: Temperature, 2 [ITS-90, deg C]
# name 4 = T2-T190C: Temperature Difference, 2 - 1 [ITS-90, deg C]
# name 5 = c0S/m: Conductivity [S/m]
# name 6 = c1S/m: Conductivity, 2 [S/m]
# name 7 = pumps: Pump Status
# name 8 = sbeox0ML/L: Oxygen, SBE 43 [ml/l]
# name 9 = sbeox1ML/L: Oxygen, SBE 43, 2 [ml/l]
# name 10 = altM: Altimeter [m]
# name 11 = flECO-AFL: Chl-a Fluorescence, WET Labs ECO-AFL/FL [mg/m^3]
# name 12 = flECO-AFL1: Phycocyanin Fluorescence, WET Labs ECO-AFL/FL, 2 [mg/m^3]
# name 13 = par: PAR/Irradiance, Biospherical/Lico [µE/(cm^2*s)]
# name 14 = turbWETntu0: Turbidity, WET Labs ECO [NTU]
# name 15 = sal00: Salinity, Practical [PSU]
# name 16 = sal11: Salinity, Practical, 2 [PSU]
# name 17 = secS-priS: Salinity, Practical, Difference, 2 - 1 [PSU]
# name 18 = sigma-t00: Density [sigma-t, Kg/m^3 ]
# name 19 = sigma-t11: Density, 2 [sigma-t, Kg/m^3 ]
# name 20 = depSM: Depth [salt water, m], lat = 55.2505
# name 21 = depFM: Depth [true depth, m], lat = 55.2505
# name 22 = dz/dtM: Descent Rate [m/s], WS = 2
# name 23 = svCM: Sound Velocity [Chen-Millero, m/s]
# name 24 = svCM1: Sound Velocity, 2 [Chen-Millero, m/s]
# name 25 = flag: flag
# span 0 =       9138,      14853       
# span 1 =      0.500,     85.000       
# span 2 =     2.5022,     8.5075       
# span 3 =     2.5018,     8.5040       
# span 4 =    -0.0540,     0.0305       
# span 5 =   0.766514,   1.821527       
# span 6 =   0.765136,   1.821862       
# span 7 =          1,          1       
# span 8 =    0.03672,    8.79214       
# span 9 =    0.03720,    8.80666       
# span 10 =       2.05,     100.79      
# span 11 =     0.2632,     1.0501      
# span 12 =     0.2599,     0.4987      
# span 13 = -5.688e-06, 3.9273e-01      
# span 14 =     0.1594,     3.9383      
# span 15 =     7.6052,    16.9407      
# span 16 =     7.5891,    16.9446      
# span 17 =    -0.0196,     0.0573      
# span 18 =     6.0663,    13.2363      
# span 19 =     6.0534,    13.2395      
# span 20 =      0.496,     84.215      
# span 21 =      0.506,     85.901      
# span 22 =     -0.055,      1.084      
# span 23 =    1424.70,    1460.08      
# span 24 =    1424.71,    1460.07      
# span 25 = 0.0000e+00, 0.0000e+00      
# interval = decibars: 0.5              
# start_time = Mar 18 2018 01:19:13 [NMEA time, first data scan]
# bad_flag = -9.990e-29
*END*
[from data line 56]
      10477     28.500     2.5083     2.5092     0.0009    0.76713    0.76713          1     8.7641     8.7749      98.71     0.9740     0.4227  1.000e-12  0.1855000     7.6090     7.6087    -0.0003     6.0694     6.0692     28.241     28.853      0.749    1425.14    1425.14  0.000e+00
      10492     29.000     2.5081     2.5090     0.0009    0.76713    0.76712          1     8.7606     8.7785      98.71     0.9563     0.4064  1.000e-12  0.1866000     7.6090     7.6086    -0.0004     6.0694     6.0691     28.736     29.359      0.811    1425.15    1425.15  0.000e+00
      10507     29.500     2.5080     2.5094     0.0015    0.76713    0.76715          1     8.7566     8.7791      98.71     0.9482     0.4068  1.000e-12  0.1764000     7.6089     7.6088    -0.0000     6.0693     6.0692     29.231     29.866      0.841    1425.15    1425.16  0.000e+00
      10521     30.000     2.5086     2.5092     0.0007    0.76716    0.76714          1     8.7584     8.7793      98.71     0.9441     0.3814  1.000e-12  0.1737000     7.6091     7.6087    -0.0004     6.0694     6.0691     29.727     30.372      0.818    1425.16    1425.16  0.000e+00
      10536     30.500     2.5090     2.5095     0.0005    0.76719    0.76716          1     8.7546     8.7785      98.71     0.9344     0.3731  1.000e-12  0.1828000     7.6092     7.6088    -0.0004     6.0695     6.0692     30.222     30.878      0.702    1425.17    1425.17  0.000e+00
      10566     31.000     2.5087     2.5097     0.0010    0.76719    0.76719          1     8.7541     8.7799      98.71     0.9362     0.3890  1.000e-12  0.1810000     7.6091     7.6089    -0.0002     6.0695     6.0693     30.718     31.384      0.386    1425.18    1425.18  0.000e+00
      10630     31.500     2.5085     2.5089     0.0004    0.76718    0.76715          1     8.7532     8.7825      98.71     0.9796     0.3508  1.000e-12  0.1654000     7.6090     7.6086    -0.0004     6.0694     6.0691     31.213     31.890      0.545    1425.19    1425.19  0.000e+00
      10643     32.000     2.5080     2.5092     0.0012    0.76717    0.76718          1     8.7570     8.7828      80.68     1.0069     0.3515  1.000e-12  0.1596000     7.6090     7.6088    -0.0002     6.0693     6.0692     31.708     32.397      0.876    1425.19    1425.20  0.000e+00
      10654     32.500     2.5086     2.5099     0.0013    0.76721    0.76721          1     8.7582     8.7833      58.31     0.9807     0.3812  1.000e-12  0.1635000     7.6091     7.6089    -0.0002     6.0695     6.0693     32.204     32.903      1.007    1425.20    1425.21  0.000e+00
      10666     33.000     2.5093     2.5104     0.0011    0.76725    0.76725          1     8.7603     8.7835      58.10     0.9002     0.3808  1.000e-12  0.1687000     7.6093     7.6091    -0.0002     6.0696     6.0695     32.699     33.409      1.030    1425.21    1425.22  0.000e+00
      10677     33.500     2.5092     2.5109     0.0016    0.76725    0.76728          1     8.7573     8.7798      57.61     0.8982     0.4072  1.000e-12  0.1674000     7.6094     7.6093    -0.0001     6.0697     6.0696     33.195     33.915      0.953    1425.22    1425.23  0.000e+00
      10691     34.000     2.5092     2.5101     0.0009    0.76725    0.76725          1     8.7600     8.7799      75.74     0.8968     0.4138  1.000e-12  0.1724000     7.6093     7.6090    -0.0003     6.0696     6.0694     33.690     34.421      0.763    1425.23    1425.23  0.000e+00
      10712     34.500     2.5087     2.5093     0.0006    0.76723    0.76722          1     8.7583     8.7781      84.74     0.9360     0.4317  1.000e-12  0.1774000     7.6091     7.6088    -0.0003     6.0695     6.0692     34.185     34.928      0.467    1425.23    1425.24  0.000e+00
      10748     35.000     2.5078     2.5084     0.0006    0.76719    0.76718          1     8.7610     8.7777      65.60     0.9838     0.4086  1.000e-12  0.1791000     7.6089     7.6085    -0.0003     6.0693     6.0690     34.681     35.434      0.345    1425.24    1425.24  0.000e+00
      10776     35.500     2.5082     2.5091     0.0009    0.76721    0.76722          1     8.7675     8.7758      99.20     0.9668     0.4010  1.000e-12  0.1810000     7.6089     7.6087    -0.0002     6.0693     6.0692     35.176     35.940      0.479    1425.25    1425.25  0.000e+00
      10800     36.000     2.5090     2.5096     0.0006    0.76727    0.76726          1     8.7584     8.7673      70.08     0.9470     0.4240  1.000e-12  0.1839000     7.6092     7.6089    -0.0003     6.0695     6.0693     35.672     36.446      0.493    1425.26    1425.26  0.000e+00
      10825     36.500     2.5082     2.5094     0.0012    0.76724    0.76726          1     8.7572     8.7726      98.59     0.9572     0.4588  1.000e-12  0.1689000     7.6090     7.6089    -0.0001     6.0694     6.0693     36.167     36.952      0.470    1425.26    1425.27  0.000e+00
      10850     37.000     2.5078     2.5091     0.0013    0.76721    0.76724          1     8.7620     8.7693      84.69     0.9568     0.4534  1.000e-12  0.1796000     7.6088     7.6087    -0.0001     6.0692     6.0691     36.662     37.459      0.569    1425.27    1425.28  0.000e+00
      10869     37.500     2.5100     2.5117     0.0017    0.76734    0.76738          1     8.7611     8.7702      52.76     0.9571     0.4094  1.000e-12  0.1737000     7.6095     7.6095     0.0001     6.0698     6.0698     37.158     37.965      0.743    1425.29    1425.30  0.000e+00
      10883     38.000     2.5089     2.5113     0.0024    0.76729    0.76737          1     8.7550     8.7723      52.67     0.9496     0.3714  1.000e-12  0.1730000     7.6092     7.6094     0.0002     6.0695     6.0697     37.653     38.471      0.859    1425.29    1425.30  0.000e+00
      10896     38.500     2.5113     2.5119     0.0006    0.76744    0.76740          1     8.7559     8.7729      52.23     0.9076     0.3640  1.000e-12  0.1721000     7.6101     7.6095    -0.0005     6.0702     6.0698     38.149     38.977      0.886    1425.31    1425.31  0.000e+00
      10910     39.000     2.5110     2.5125     0.0015    0.76742    0.76745          1     8.7578     8.7740      51.79     0.9090     0.4484  1.000e-12  0.1761000     7.6099     7.6098    -0.0001     6.0701     6.0700     38.644     39.483      0.807    1425.32    1425.32  0.000e+00
      10927     39.500     2.5101     2.5113     0.0011    0.76738    0.76738          1     8.7626     8.7746      80.36     0.9092     0.4347  1.000e-12  0.1795000     7.6096     7.6094    -0.0002     6.0698     6.0697     39.139     39.990      0.598    1425.32    1425.33  0.000e+00
      10964     40.000     2.5097     2.5101     0.0004    0.76736    0.76734          1     8.7606     8.7750      61.43     0.9328     0.3927  1.000e-12  0.1676000     7.6095     7.6091    -0.0004     6.0698     6.0695     39.635     40.496      0.288    1425.33    1425.33  0.000e+00
      11013     40.500     2.5074     2.5065    -0.0009    0.76730    0.76724          1     8.7555     8.7746      89.47     0.9913     0.4321  1.000e-12  0.1594000     7.6092     7.6089    -0.0003     6.0696     6.0693     40.130     41.002      0.464    1425.32    1425.32  0.000e+00
      11032     41.000     2.5095     2.5099     0.0005    0.76740    0.76736          1     8.7525     8.7696      48.36     0.9861     0.4211  1.000e-12  0.1727000     7.6097     7.6092    -0.0005     6.0700     6.0696     40.626     41.508      0.674    1425.34    1425.34  0.000e+00
      11048     41.500     2.5107     2.5114     0.0006    0.76743    0.76741          1     8.7561     8.7667      48.96     0.9462     0.4217  1.000e-12  0.1722000     7.6097     7.6094    -0.0003     6.0699     6.0697     41.121     42.014      0.776    1425.35    1425.36  0.000e+00
      11063     42.000     2.5107     2.5111     0.0004    0.76743    0.76741          1     8.7543     8.7677      48.70     0.9392     0.4285  1.000e-12  0.1763000     7.6097     7.6093    -0.0004     6.0699     6.0696     41.616     42.520      0.818    1425.36    1425.36  0.000e+00
      11077     42.500     2.5105     2.5111     0.0005    0.76743    0.76740          1     8.7501     8.7682      48.15     0.9216     0.4335  1.000e-12  0.1805000     7.6096     7.6092    -0.0004     6.0699     6.0695     42.112     43.027      0.818    1425.37    1425.37  0.000e+00
      11092     43.000     2.5104     2.5110     0.0006    0.76743    0.76741          1     8.7453     8.7674      78.13     0.9212     0.4229  1.000e-12  0.1766000     7.6096     7.6092    -0.0004     6.0698     6.0695     42.607     43.533      0.776    1425.38    1425.38  0.000e+00
      11108     43.500     2.5109     2.5117     0.0008    0.76747    0.76746          1     8.7433     8.7710      57.69     0.9210     0.4139  1.000e-12  0.1731000     7.6098     7.6096    -0.0002     6.0700     6.0698     43.102     44.039      0.674    1425.39    1425.39  0.000e+00
      11130     44.000     2.5105     2.5113     0.0008    0.76745    0.76745          1     8.7523     8.7764      58.92     0.9537     0.3828  1.000e-12  0.1744000     7.6097     7.6094    -0.0002     6.0699     6.0697     43.598     44.545      0.449    1425.39    1425.40  0.000e+00
      11194     44.500     2.5103     2.5108     0.0006    0.76746    0.76745          1     8.7628     8.7675      56.69     0.9527     0.3934  1.000e-12  0.1691000     7.6097     7.6095    -0.0003     6.0699     6.0697     44.093     45.051      0.328    1425.40    1425.40  0.000e+00
      11225     45.000     2.5104     2.5109     0.0005    0.76749    0.76747          1     8.7599     8.7718      44.53     0.9391     0.3903  1.000e-12  0.1677000     7.6100     7.6096    -0.0003     6.0701     6.0699     44.589     45.558      0.722    1425.41    1425.41  0.000e+00
      11239     45.500     2.5102     2.5104     0.0002    0.76748    0.76746          1     8.7591     8.7724      46.43     0.9347     0.3930  1.000e-12  0.1686000     7.6098     7.6095    -0.0003     6.0700     6.0698     45.084     46.064      0.935    1425.42    1425.42  0.000e+00
      11251     46.000     2.5107     2.5108     0.0001    0.76752    0.76748          1     8.7565     8.7723     100.73     0.9073     0.3447  1.000e-12  0.1740000     7.6101     7.6096    -0.0005     6.0702     6.0698     45.579     46.570      1.052    1425.43    1425.43  0.000e+00
      11261     46.500     2.5096     2.5103     0.0007    0.76748    0.76747          1     8.7547     8.7722      49.30     0.9074     0.3465  1.000e-12  0.1740000     7.6098     7.6095    -0.0003     6.0700     6.0698     46.075     47.076      1.076    1425.43    1425.43  0.000e+00
      11272     47.000     2.5098     2.5107     0.0009    0.76751    0.76750          1     8.7539     8.7722      43.15     0.8996     0.3901  1.000e-12  0.1769000     7.6100     7.6097    -0.0003     6.0702     6.0699     46.570     47.582      0.992    1425.44    1425.44  0.000e+00
      11285     47.500     2.5106     2.5105    -0.0000    0.76753    0.76750          1     8.7533     8.7734      65.24     0.8968     0.4210  1.000e-12  0.1793000     7.6100     7.6096    -0.0004     6.0701     6.0698     47.065     48.089      0.738    1425.45    1425.45  0.000e+00
      11344     48.000     2.5104     2.5103    -0.0001    0.76753    0.76750          1     8.7470     8.7740      53.45     0.9534     0.4902  1.000e-12  0.1730000     7.6100     7.6096    -0.0004     6.0702     6.0699     47.561     48.595      0.469    1425.45    1425.45  0.000e+00
      11391     48.500     2.5105     2.5107     0.0003    0.76755    0.76751          1     8.7429     8.7723      41.57     0.9711     0.4821  1.000e-12  0.1624000     7.6100     7.6096    -0.0004     6.0702     6.0699     48.056     49.101      0.882    1425.46    1425.46  0.000e+00
      11403     49.000     2.5129     2.5134     0.0006    0.76768    0.76765          1     8.7426     8.7712      41.12     0.9574     0.4634  1.000e-12  0.1669000     7.6108     7.6104    -0.0004     6.0708     6.0705     48.551     49.607      1.054    1425.48    1425.49  0.000e+00
      11413     49.500     2.5123     2.5130     0.0007    0.76763    0.76763          1     8.7450     8.7730      40.95     0.9574     0.4506  1.000e-12  0.1647000     7.6104     7.6101    -0.0003     6.0705     6.0702     49.047     50.113      1.084    1425.49    1425.49  0.000e+00
      11424     50.000     2.5121     2.5131     0.0010    0.76763    0.76764          1     8.7503     8.7710      79.74     0.9282     0.4521  1.000e-12  0.1691000     7.6103     7.6101    -0.0001     6.0704     6.0703     49.542     50.620      0.986    1425.50    1425.50  0.000e+00
      11438     50.500     2.5128     2.5130     0.0002    0.76768    0.76765          1     8.7542     8.7696      56.46     0.9104     0.4401  1.000e-12  0.1720000     7.6106     7.6102    -0.0004     6.0706     6.0703     50.038     51.126      0.717    1425.51    1425.50  0.000e+00
      11477     51.000     2.5120     2.5128     0.0009    0.76764    0.76764          1     8.7568     8.7701      66.67     0.9641     0.3977  1.000e-12  0.1743000     7.6103     7.6101    -0.0002     6.0704     6.0703     50.533     51.632      0.319    1425.51    1425.51  0.000e+00
      11524     51.500     2.5133     2.5133     0.0001    0.76772    0.76767          1     8.7565     8.7752     100.79     0.9830     0.4226  1.000e-12  0.1742000     7.6108     7.6102    -0.0006     6.0708     6.0703     51.028     52.138      0.558    1425.52    1425.52  0.000e+00
      11540     52.000     2.5147     2.5162     0.0015    0.76780    0.76784          1     8.7551     8.7684      88.18     0.9699     0.4470  1.000e-12  0.1738000     7.6112     7.6112    -0.0000     6.0711     6.0711     51.524     52.644      0.714    1425.54    1425.55  0.000e+00
      11556     52.500     2.5149     2.5151     0.0002    0.76782    0.76778          1     8.7545     8.7567      37.85     0.9409     0.4308  1.000e-12  0.1798000     7.6113     7.6107    -0.0005     6.0712     6.0708     52.019     53.151      0.668    1425.55    1425.55  0.000e+00
      11578     53.000     2.5148     2.5157     0.0009    0.76781    0.76783          1     8.7500     8.7529      36.65     0.9400     0.4067  1.000e-12  0.1839000     7.6112     7.6112    -0.0000     6.0711     6.0711     52.514     53.657      0.443    1425.56    1425.56  0.000e+00
      11614     53.500     2.5151     2.5164     0.0013    0.76786    0.76789          1     8.7503     8.7664      36.19     0.9864     0.4085  1.000e-12  0.1797000     7.6115     7.6115    -0.0000     6.0714     6.0713     53.010     54.163      0.370    1425.57    1425.57  0.000e+00
      11639     54.000     2.5173     2.5183     0.0010    0.76801    0.76803          1     8.7413     8.7681      35.71     1.0191     0.4082  1.000e-12  0.1735000     7.6125     7.6125     0.0001     6.0721     6.0722     53.505     54.669      0.564    1425.59    1425.59  0.000e+00
      11658     54.500     2.5217     2.5221     0.0004    0.76836    0.76834          1     8.7392     8.7626      35.21     0.9915     0.4525  1.000e-12  0.1768000     7.6152     7.6148    -0.0004     6.0743     6.0740     54.000     55.175      0.634    1425.62    1425.62  0.000e+00
      11677     55.000     2.5235     2.5231    -0.0004    0.76852    0.76843          1     8.7420     8.7613      34.67     0.9739     0.4987  1.000e-12  0.1814000     7.6163     7.6154    -0.0009     6.0752     6.0745     54.496     55.682      0.630    1425.63    1425.63  0.000e+00
      11696     55.500     2.5277     2.5266    -0.0012    0.76887    0.76869          1     8.7428     8.7624      34.07     0.9571     0.4240  1.000e-12  0.1850000     7.6190     7.6173    -0.0016     6.0773     6.0760     54.991     56.188      0.594    1425.67    1425.66  0.000e+00
