ctdpy/exports/archive_20191121_122431/received_data/SBE09_1044_20180131_2342_34_02_0040.cnv
* Sea-Bird SBE 9 Data File:
* FileName = C:\ctd\temp\2018\ME18D040.hex
* Software Version Seasave V 7.26.6.26
* Temperature SN = 5351
* Conductivity SN = 3941
* Number of Bytes Per Scan = 41
* Number of Voltage Words = 4
* Number of Scans Averaged by the Deck Unit = 1
* NMEA Latitude = 57 43.03 N
* NMEA Longitude = 017 22.01 E
* NMEA UTC (Time) = Jan 31 2018  23:42:48
* NMEA baud rate = 4800
** Station:  BY36
** Operator:  SSip
** Ship: MERI
** Average sound velocity: 1438.96 m/s
** True-depth calculation Thu, 01 Feb 2018 00:30:53 +0000
** CTD Python Module SMHI /ver 3-12/ feb 2012 
** LIMS Job: 20183402-0040
** Cruise: SMHI-01-2018
** Latitude [GG MM.mm N] :
** Longitude [GG MM.mm E]:
# nquan = 26
# nvalues = 263                         
# units = specified
# name 0 = scan: Scan Count
# name 1 = prDM: Pressure, Digiquartz [db]
# name 2 = t090C: Temperature [ITS-90, deg C]
# name 3 = t190C: Temperature, 2 [ITS-90, deg C]
# name 4 = T2-T190C: Temperature Difference, 2 - 1 [ITS-90, deg C]
# name 5 = c0S/m: Conductivity [S/m]
# name 6 = c1S/m: Conductivity, 2 [S/m]
# name 7 = pumps: Pump Status
# name 8 = sbeox0ML/L: Oxygen, SBE 43 [ml/l]
# name 9 = sbeox1ML/L: Oxygen, SBE 43, 2 [ml/l]
# name 10 = altM: Altimeter [m]
# name 11 = flECO-AFL: Chl-a Fluorescence, WET Labs ECO-AFL/FL [mg/m^3]
# name 12 = flECO-AFL1: Phycocyanin Fluorescence, WET Labs ECO-AFL/FL, 2 [mg/m^3]
# name 13 = par: PAR/Irradiance, Biospherical/Lico [µE/(cm^2*s)]
# name 14 = turbWETntu0: Turbidity, WET Labs ECO [NTU]
# name 15 = sal00: Salinity, Practical [PSU]
# name 16 = sal11: Salinity, Practical, 2 [PSU]
# name 17 = secS-priS: Salinity, Practical, Difference, 2 - 1 [PSU]
# name 18 = sigma-t00: Density [sigma-t, Kg/m^3 ]
# name 19 = sigma-t11: Density, 2 [sigma-t, Kg/m^3 ]
# name 20 = depSM: Depth [salt water, m], lat = 57.7172
# name 21 = depFM: Depth [true depth, m], lat = 57.7172
# name 22 = dz/dtM: Descent Rate [m/s], WS = 2
# name 23 = svCM: Sound Velocity [Chen-Millero, m/s]
# name 24 = svCM1: Sound Velocity, 2 [Chen-Millero, m/s]
# name 25 = flag: flag
# span 0 =       6174,      11599       
# span 1 =      2.000,    133.000       
# span 2 =     4.5896,     5.7373       
# span 3 =     4.5904,     5.7382       
# span 4 =    -0.0099,     0.0046       
# span 5 =   0.776981,   1.134298       
# span 6 =   0.776957,   1.134212       
# span 7 =          1,          1       
# span 8 =    0.02591,    8.05922       
# span 9 =    0.05223,    8.00406       
# span 10 =       4.40,      98.72      
# span 11 =     0.2341,     0.3950      
# span 12 =     0.2274,     0.3820      
# span 13 = 1.0000e-12, 8.9117e-02      
# span 14 =     0.1005,     2.6488      
# span 15 =     7.2371,    10.5044      
# span 16 =     7.2367,    10.5035      
# span 17 =    -0.0174,     0.0131      
# span 18 =     5.7365,     8.2697      
# span 19 =     5.7361,     8.2689      
# span 20 =      1.981,    131.728      
# span 21 =      2.025,    134.547      
# span 22 =     -0.290,      1.034      
# span 23 =    1433.72,    1444.71      
# span 24 =    1433.72,    1444.71      
# span 25 = 0.0000e+00, 0.0000e+00      
# interval = decibars: 0.5              
# start_time = Jan 31 2018 23:42:49 [NMEA time, first data scan]
# bad_flag = -9.990e-29
*END*
[from data line 56]
       7362     30.000     4.5944     4.5954     0.0010    0.77745    0.77743          1     8.0402     7.9759      98.71     0.3271     0.3635  1.000e-12  0.1148000     7.2379     7.2374    -0.0004     5.7369     5.7365     29.721     30.382      0.624    1434.17    1434.18  0.000e+00
       7383     30.500     4.5938     4.5945     0.0007    0.77743    0.77740          1     8.0351     7.9896      98.71     0.3291     0.3104  1.000e-12  0.1202000     7.2377     7.2373    -0.0004     5.7368     5.7364     30.216     30.888      0.491    1434.18    1434.18  0.000e+00
       7420     31.000     4.5935     4.5944     0.0010    0.77743    0.77741          1     8.0328     7.9888      98.71     0.3100     0.3036  1.000e-12  0.1165000     7.2377     7.2373    -0.0004     5.7368     5.7365     30.711     31.395      0.274    1434.18    1434.19  0.000e+00
       7460     31.500     4.5935     4.5943     0.0008    0.77743    0.77741          1     8.0327     7.9909      98.71     0.2882     0.3327  1.000e-12  0.1061000     7.2377     7.2373    -0.0004     5.7368     5.7364     31.206     31.901      0.512    1434.19    1434.20  0.000e+00
       7477     32.000     4.5937     4.5943     0.0007    0.77745    0.77743          1     8.0344     7.9857      98.72     0.3165     0.3417  1.000e-12  0.1058000     7.2377     7.2373    -0.0004     5.7368     5.7365     31.702     32.407      0.783    1434.20    1434.20  0.000e+00
       7490     32.500     4.5938     4.5944     0.0006    0.77746    0.77743          1     8.0350     7.9826      98.71     0.3132     0.3457  1.000e-12  0.1094000     7.2377     7.2373    -0.0004     5.7368     5.7365     32.197     32.914      0.911    1434.21    1434.21  0.000e+00
       7503     33.000     4.5937     4.5943     0.0006    0.77746    0.77744          1     8.0395     7.9784      98.71     0.3054     0.3376  1.000e-12  0.1113000     7.2377     7.2373    -0.0003     5.7368     5.7365     32.692     33.420      0.919    1434.22    1434.22  0.000e+00
       7516     33.500     4.5934     4.5939     0.0006    0.77745    0.77742          1     8.0407     7.9767      98.71     0.3056     0.3184  1.000e-12  0.1113000     7.2376     7.2372    -0.0004     5.7368     5.7364     33.188     33.926      0.811    1434.22    1434.22  0.000e+00
       7534     34.000     4.5932     4.5940     0.0008    0.77745    0.77743          1     8.0452     7.9794      98.71     0.3079     0.3167  1.000e-12  0.1139000     7.2376     7.2372    -0.0004     5.7367     5.7364     33.683     34.433      0.560    1434.23    1434.23  0.000e+00
       7569     34.500     4.5933     4.5941     0.0009    0.77747    0.77745          1     8.0401     7.9832      98.71     0.3130     0.3284  1.000e-12  0.1147000     7.2377     7.2372    -0.0004     5.7368     5.7365     34.178     34.939      0.287    1434.24    1434.24  0.000e+00
       7609     35.000     4.5936     4.5940     0.0004    0.77749    0.77744          1     8.0349     7.9831      98.71     0.3182     0.3553  1.000e-12  0.1021000     7.2377     7.2372    -0.0006     5.7369     5.7364     34.674     35.445      0.399    1434.25    1434.25  0.000e+00
       7634     35.500     4.5932     4.5943     0.0011    0.77747    0.77746          1     8.0314     7.9956      98.70     0.3168     0.3101  1.000e-12  0.1126000     7.2376     7.2372    -0.0003     5.7367     5.7364     35.169     35.952      0.547    1434.25    1434.26  0.000e+00
       7654     36.000     4.5933     4.5940     0.0007    0.77748    0.77745          1     8.0371     7.9901      98.71     0.3172     0.2913  1.000e-12  0.1082000     7.2376     7.2371    -0.0005     5.7367     5.7364     35.664     36.458      0.674    1434.26    1434.26  0.000e+00
       7670     36.500     4.5932     4.5938     0.0006    0.77748    0.77745          1     8.0376     7.9778      98.71     0.3123     0.3600  1.000e-12  0.1201000     7.2376     7.2371    -0.0005     5.7367     5.7364     36.159     36.965      0.767    1434.27    1434.27  0.000e+00
       7685     37.000     4.5928     4.5935     0.0007    0.77746    0.77745          1     8.0352     7.9722      98.71     0.3043     0.3527  1.000e-12  0.1314000     7.2374     7.2371    -0.0003     5.7366     5.7363     36.655     37.471      0.823    1434.28    1434.28  0.000e+00
       7699     37.500     4.5928     4.5937     0.0009    0.77747    0.77747          1     8.0332     7.9816      98.71     0.3140     0.3447  1.000e-12  0.1154000     7.2374     7.2372    -0.0002     5.7366     5.7364     37.150     37.977      0.832    1434.28    1434.29  0.000e+00
       7714     38.000     4.5929     4.5936     0.0006    0.77748    0.77746          1     8.0358     7.9946      98.71     0.3171     0.3329  1.000e-12  0.1111000     7.2374     7.2371    -0.0003     5.7366     5.7363     37.645     38.484      0.784    1434.29    1434.29  0.000e+00
       7730     38.500     4.5927     4.5932     0.0005    0.77749    0.77745          1     8.0406     7.9918      98.71     0.3156     0.3189  1.000e-12  0.1232000     7.2374     7.2370    -0.0005     5.7367     5.7363     38.141     38.990      0.686    1434.30    1434.30  0.000e+00
       7749     39.000     4.5927     4.5931     0.0005    0.77749    0.77745          1     8.0372     7.9895      98.71     0.3240     0.2872  1.000e-12  0.1127000     7.2374     7.2369    -0.0005     5.7366     5.7362     38.636     39.496      0.577    1434.31    1434.31  0.000e+00
       7772     39.500     4.5924     4.5932     0.0008    0.77748    0.77746          1     8.0270     7.9906      98.71     0.3213     0.3090  1.000e-12  0.1108000     7.2374     7.2370    -0.0004     5.7366     5.7363     39.131     40.003      0.521    1434.31    1434.32  0.000e+00
       7795     40.000     4.5925     4.5936     0.0011    0.77750    0.77749          1     8.0255     7.9921      98.71     0.3224     0.3173  1.000e-12  0.1123000     7.2374     7.2371    -0.0004     5.7366     5.7363     39.626     40.509      0.528    1434.32    1434.33  0.000e+00
       7817     40.500     4.5933     4.5943     0.0010    0.77755    0.77752          1     8.0304     7.9869      98.71     0.3266     0.3180  1.000e-12  0.1128000     7.2377     7.2372    -0.0005     5.7368     5.7364     40.122     41.015      0.569    1434.33    1434.34  0.000e+00
       7838     41.000     4.5936     4.5943     0.0008    0.77756    0.77753          1     8.0352     7.9921      98.71     0.3157     0.3209  1.000e-12  0.1166000     7.2377     7.2372    -0.0005     5.7368     5.7364     40.617     41.522      0.582    1434.34    1434.35  0.000e+00
       7858     41.500     4.5938     4.5944     0.0006    0.77758    0.77755          1     8.0344     7.9824      98.71     0.3285     0.3317  1.000e-12  0.1112000     7.2378     7.2373    -0.0005     5.7369     5.7365     41.112     42.028      0.614    1434.35    1434.35  0.000e+00
       7877     42.000     4.5937     4.5946     0.0010    0.77758    0.77758          1     8.0283     7.9799      98.71     0.3034     0.3204  1.000e-12  0.1165000     7.2377     7.2375    -0.0003     5.7368     5.7366     41.608     42.535      0.665    1434.36    1434.36  0.000e+00
       7894     42.500     4.5935     4.5943     0.0008    0.77758    0.77756          1     8.0303     7.9829      98.71     0.2990     0.3181  1.000e-12  0.1174000     7.2377     7.2373    -0.0004     5.7368     5.7365     42.103     43.041      0.663    1434.37    1434.37  0.000e+00
       7913     43.000     4.5935     4.5945     0.0010    0.77758    0.77758          1     8.0282     7.9822      98.68     0.3154     0.3168  1.000e-12  0.1178000     7.2377     7.2374    -0.0003     5.7368     5.7365     42.598     43.547      0.603    1434.37    1434.38  0.000e+00
       7935     43.500     4.5936     4.5947     0.0011    0.77760    0.77759          1     8.0240     7.9837      98.30     0.3296     0.3159  1.000e-12  0.1022000     7.2378     7.2374    -0.0003     5.7369     5.7366     43.093     44.054      0.494    1434.38    1434.39  0.000e+00
       7962     44.000     4.5934     4.5946     0.0012    0.77760    0.77760          1     8.0305     7.9754      97.61     0.3080     0.2904  1.000e-12  0.1016000     7.2377     7.2375    -0.0002     5.7369     5.7366     43.589     44.560      0.440    1434.39    1434.39  0.000e+00
       7988     44.500     4.5940     4.5946     0.0007    0.77765    0.77760          1     8.0393     7.9768      98.30     0.3307     0.3320  1.000e-12  0.1005000     7.2380     7.2374    -0.0006     5.7370     5.7365     44.084     45.066      0.520    1434.40    1434.40  0.000e+00
       8009     45.000     4.5940     4.5948     0.0007    0.77765    0.77762          1     8.0403     7.9944      98.72     0.3288     0.3174  1.000e-12  0.1057000     7.2379     7.2375    -0.0005     5.7370     5.7366     44.579     45.573      0.565    1434.41    1434.41  0.000e+00
       8031     45.500     4.5946     4.5955     0.0008    0.77768    0.77766          1     8.0447     7.9896      98.49     0.3198     0.3156  1.000e-12  0.1189000     7.2381     7.2376    -0.0005     5.7371     5.7367     45.074     46.079      0.539    1434.42    1434.42  0.000e+00
       8054     46.000     4.5949     4.5958     0.0008    0.77772    0.77769          1     8.0340     7.9918      96.64     0.3097     0.3176  1.000e-12  0.1162000     7.2383     7.2378    -0.0005     5.7373     5.7368     45.570     46.585      0.499    1434.43    1434.43  0.000e+00
       8078     46.500     4.5953     4.5960     0.0007    0.77775    0.77772          1     8.0321     7.9865      98.37     0.3188     0.3172  1.000e-12  0.1148000     7.2385     7.2381    -0.0005     5.7374     5.7370     46.065     47.092      0.554    1434.44    1434.44  0.000e+00
       8098     47.000     4.5951     4.5958     0.0007    0.77774    0.77772          1     8.0364     7.9722      98.72     0.3304     0.3181  1.000e-12  0.1173000     7.2383     7.2380    -0.0003     5.7373     5.7370     46.560     47.598      0.663    1434.45    1434.45  0.000e+00
       8115     47.500     4.5950     4.5955     0.0005    0.77774    0.77771          1     8.0359     7.9706      98.71     0.3289     0.2882  1.000e-12  0.1168000     7.2383     7.2379    -0.0004     5.7373     5.7369     47.056     48.105      0.739    1434.45    1434.45  0.000e+00
       8130     48.000     4.5949     4.5956     0.0006    0.77773    0.77771          1     8.0398     7.9738      94.94     0.3138     0.3177  1.000e-12  0.1138000     7.2382     7.2378    -0.0004     5.7372     5.7369     47.551     48.611      0.763    1434.46    1434.46  0.000e+00
       8146     48.500     4.5946     4.5952     0.0006    0.77772    0.77770          1     8.0446     7.9734      93.07     0.3062     0.3565  1.000e-12  0.1121000     7.2381     7.2377    -0.0004     5.7371     5.7368     48.046     49.117      0.733    1434.47    1434.47  0.000e+00
       8163     49.000     4.5948     4.5952     0.0004    0.77775    0.77770          1     8.0377     7.9732      92.61     0.3170     0.3367  1.000e-12  0.1068000     7.2382     7.2377    -0.0006     5.7372     5.7368     48.541     49.624      0.641    1434.48    1434.48  0.000e+00
       8185     49.500     4.5944     4.5954     0.0010    0.77773    0.77772          1     8.0232     7.9744      92.15     0.3246     0.3317  1.000e-12  0.1139000     7.2381     7.2378    -0.0003     5.7371     5.7368     49.037     50.130      0.474    1434.48    1434.49  0.000e+00
       8216     50.000     4.5945     4.5954     0.0008    0.77775    0.77773          1     8.0234     7.9797      91.33     0.3368     0.2994  1.000e-12  0.1188000     7.2382     7.2378    -0.0004     5.7372     5.7368     49.532     50.636      0.387    1434.49    1434.49  0.000e+00
       8244     50.500     4.5947     4.5958     0.0011    0.77776    0.77775          1     8.0267     7.9681      90.77     0.3165     0.3820  1.000e-12  0.1115000     7.2382     7.2378    -0.0004     5.7372     5.7368     50.027     51.143      0.531    1434.50    1434.50  0.000e+00
       8263     51.000     4.5960     4.5965     0.0005    0.77785    0.77782          1     8.0284     7.9619      90.34     0.3145     0.3573  1.000e-12  0.1173000     7.2388     7.2383    -0.0005     5.7376     5.7372     50.522     51.649      0.661    1434.51    1434.51  0.000e+00
       8280     51.500     4.5962     4.5973     0.0011    0.77789    0.77789          1     8.0297     7.9668      89.88     0.3009     0.3147  1.000e-12  0.1186000     7.2390     7.2388    -0.0002     5.7378     5.7376     51.018     52.155      0.713    1434.52    1434.53  0.000e+00
       8297     52.000     4.5986     4.5971    -0.0016    0.77802    0.77787          1     8.0290     7.9678      89.44     0.2848     0.3159  1.000e-12  0.1187000     7.2398     7.2386    -0.0012     5.7383     5.7374     51.513     52.662      0.708    1434.54    1434.53  0.000e+00
       8314     52.500     4.5993     4.5991    -0.0001    0.77807    0.77799          1     8.0234     7.9677      88.87     0.3047     0.3016  1.000e-12  0.1178000     7.2400     7.2393    -0.0007     5.7385     5.7379     52.008     53.168      0.674    1434.55    1434.55  0.000e+00
       8333     53.000     4.5996     4.6000     0.0004    0.77808    0.77804          1     8.0185     7.9749      88.30     0.3065     0.2861  1.000e-12  0.1152000     7.2400     7.2395    -0.0005     5.7384     5.7380     52.503     53.675      0.642    1434.56    1434.56  0.000e+00
       8352     53.500     4.5999     4.6002     0.0004    0.77810    0.77806          1     8.0129     7.9711      87.77     0.3091     0.3185  1.000e-12  0.1119000     7.2401     7.2396    -0.0005     5.7385     5.7381     52.999     54.181      0.629    1434.57    1434.57  0.000e+00
       8371     54.000     4.6001     4.6006     0.0005    0.77812    0.77808          1     8.0081     7.9596      87.35     0.3148     0.3172  1.000e-12  0.1169000     7.2401     7.2396    -0.0005     5.7385     5.7381     53.494     54.687      0.624    1434.58    1434.58  0.000e+00
       8390     54.500     4.6005     4.6012     0.0007    0.77814    0.77812          1     8.0091     7.9640      94.86     0.3254     0.3322  1.000e-12  0.1071000     7.2403     7.2399    -0.0004     5.7386     5.7383     53.989     55.194      0.599    1434.59    1434.59  0.000e+00
       8411     55.000     4.6012     4.6022     0.0010    0.77821    0.77819          1     8.0097     7.9681      86.45     0.3050     0.3511  1.000e-12  0.1053000     7.2407     7.2403    -0.0004     5.7389     5.7386     54.484     55.700      0.521    1434.60    1434.61  0.000e+00
       8438     55.500     4.6003     4.6020     0.0018    0.77815    0.77819          1     8.0153     7.9656      85.48     0.3024     0.3057  1.000e-12  0.1105000     7.2402     7.2402    -0.0000     5.7386     5.7385     54.980     56.206      0.422    1434.60    1434.61  0.000e+00
       8467     56.000     4.6007     4.6015     0.0008    0.77818    0.77816          1     8.0280     7.9607      84.99     0.3143     0.3310  1.000e-12  0.1167000     7.2404     7.2400    -0.0004     5.7387     5.7384     55.475     56.713      0.478    1434.62    1434.62  0.000e+00
       8488     56.500     4.6008     4.6002    -0.0006    0.77819    0.77808          1     8.0310     7.9538      84.55     0.3175     0.3146  1.000e-12  0.1141000     7.2403     7.2394    -0.0009     5.7387     5.7380     55.970     57.219      0.639    1434.62    1434.62  0.000e+00
       8505     57.000     4.6018     4.6010    -0.0008    0.77825    0.77813          1     8.0238     7.9455      84.11     0.3181     0.2971  1.000e-12  0.1139000     7.2407     7.2396    -0.0010     5.7389     5.7381     56.465     57.725      0.746    1434.64    1434.63  0.000e+00
