ctdpy/exports/archive_20191121_122431/received_data/SBE09_0827_20180125_0608_26_01_0194.cnv
* Sea-Bird SBE 9 Data File:
* FileName = D:\CTD_SBE911\DAT\26DA.2018.1.94.hex
* Software Version Seasave V 7.21d
* Temperature SN = 034757
* Conductivity SN = 041844
* Number of Bytes Per Scan = 48
* Number of Voltage Words = 5
* Number of Scans Averaged by the Deck Unit = 1
* NMEA Latitude = 56 13.32 N
* NMEA Longitude = 010 57.75 E
* NMEA UTC (Time) = Jan 25 2018  06:08:23
* NMEA baud rate = 4800
** Ship: DANA
** Average sound velocity: 1452.39 m/s
** True-depth calculation Thu, 28 Mar 2019 08:29:26 +0000
** CTD Python Module SMHI /ver 3-12/ feb 2012 
** LIMS Job: 20182601-0194
** 7N Hjelm
** Operator: Ronny Sørensen
** Cruise: 01/2018
# nquan = 26
# nvalues = 36                          
# units = specified
# name 0 = scan: Scan Count
# name 1 = prDM: Pressure, Digiquartz [db]
# name 2 = t090C: Temperature [ITS-90, deg C]
# name 3 = t190C: Temperature, 2 [ITS-90, deg C]
# name 4 = T2-T190C: Temperature Difference, 2 - 1 [ITS-90, deg C]
# name 5 = c0S/m: Conductivity [S/m]
# name 6 = c1S/m: Conductivity, 2 [S/m]
# name 7 = pumps: Pump Status
# name 8 = sbeox1ML/L: Oxygen, SBE 43, 2 [ml/l]
# name 9 = sbeox0ML/L: Oxygen, SBE 43 [ml/l]
# name 10 = altM: Altimeter [m]
# name 11 = chloroflTC0: Chlorophyll, Turner Cyclops [ug/l]
# name 12 = cpar: CPAR/Corrected Irradiance [%]
# name 13 = par: PAR/Irradiance, Biospherical/Lico [µE/(cm^2*s)]
# name 14 = spar: SPAR, Biospherical/Licor
# name 15 = sal00: Salinity, Practical [PSU]
# name 16 = sal11: Salinity, Practical, 2 [PSU]
# name 17 = secS-priS: Salinity, Practical, Difference, 2 - 1 [PSU]
# name 18 = sigma-t00: Density [sigma-t, kg/m^3 ]
# name 19 = sigma-t11: Density, 2 [sigma-t, kg/m^3 ]
# name 20 = depSM: Depth [salt water, m], lat = 56.222
# name 21 = depFM: Depth [true depth, m], lat = 56.222
# name 22 = dz/dtM: Descent Rate [m/s], WS = 2
# name 23 = svCM: Sound Velocity [Chen-Millero, m/s]
# name 24 = svCM1: Sound Velocity, 2 [Chen-Millero, m/s]
# name 25 = flag: flag
# span 0 =        -98,       3137       
# span 1 =      2.000,     19.500       
# span 2 =     3.6147,     6.9219       
# span 3 =     3.6173,     6.9083       
# span 4 =    -0.0303,     0.6636       
# span 5 =   1.538395,   3.038033       
# span 6 =   1.537574,   3.035833       
# span 7 =          1,          1       
# span 8 =     5.6276,     7.5683       
# span 9 =     5.7502,     7.7794       
# span 10 =       1.52,      10.99      
# span 11 =     0.0159,     0.0496      
# span 12 = 4.9241e-11, 4.9241e-11      
# span 13 = 1.0000e-12, 1.0000e-12      
# span 14 = 2.0308e+00, 2.0308e+00      
# span 15 =    15.5772,    29.7098      
# span 16 =    15.5682,    29.6974      
# span 17 =    -0.2415,     1.0454      
# span 18 =    12.3878,    23.2643      
# span 19 =    12.3807,    23.2563      
# span 20 =      1.982,     19.321      
# span 21 =      2.012,     19.545      
# span 22 =     -0.088,      0.427      
# span 23 =    1440.14,    1472.06      
# span 24 =    1440.13,    1471.99      
# span 25 = 0.0000e+00, 0.0000e+00      
# interval = decibars: 0.5              
# start_time = Jan 25 2018 06:08:23 [NMEA time, first data scan]
# bad_flag = -9.990e-29
*END*
        -98      2.000     3.6147     3.6173     0.0025    1.55960    1.56086          1     7.5275     7.7794      10.99     0.0159  4.924e-11  1.000e-12  2.031e+00    15.8181    15.8307     0.0126    12.5797    12.5896      1.982      2.012     -0.088    1440.37    1440.39  0.000e+00
        352      2.500     3.6434     3.6413    -0.0021    1.54642    1.54602          1     7.5434     6.8149       7.05     0.0160  4.924e-11  1.000e-12  2.031e+00    15.6591    15.6558    -0.0033    12.4522    12.4497      2.477      2.515      0.272    1440.30    1440.28  0.000e+00
        380      3.000     3.6302     3.6301    -0.0001    1.53839    1.53757          1     7.5683     7.3334       9.91     0.0162  4.924e-11  1.000e-12  2.031e+00    15.5772    15.5682    -0.0090    12.3878    12.3807      2.973      3.018      0.252    1440.14    1440.13  0.000e+00
        443      3.500     3.6427     3.6405    -0.0022    1.54907    1.54571          1     7.5152     7.5216       9.95     0.0166  4.924e-11  1.000e-12  2.031e+00    15.6883    15.6524    -0.0359    12.4755    12.4471      3.468      3.521      0.233    1440.35    1440.29  0.000e+00
        486      4.000     3.6622     3.6642     0.0020    1.56349    1.56057          1     7.5076     7.5347       9.95     0.0163  4.924e-11  1.000e-12  2.031e+00    15.8373    15.8042    -0.0331    12.5928    12.5665      3.963      4.024      0.319    1440.63    1440.60  0.000e+00
        562      4.500     3.6631     3.6568    -0.0063    1.56228    1.56013          1     7.4963     7.5609       9.95     0.0164  4.924e-11  1.000e-12  2.031e+00    15.8234    15.8028    -0.0205    12.5817    12.5657      4.459      4.527      0.427    1440.63    1440.57  0.000e+00
        596      5.000     3.6603     3.6754     0.0151    1.55784    1.56508          1     7.4962     7.5740       9.95     0.0170  4.924e-11  1.000e-12  2.031e+00    15.7758    15.8480     0.0723    12.5441    12.6007      4.954      5.030      0.334    1440.56    1440.72  0.000e+00
        656      5.500     3.6885     3.7146     0.0261    1.57768    1.58327          1     7.4403     7.5630       9.95     0.0167  4.924e-11  1.000e-12  2.031e+00    15.9801    16.0286     0.0486    12.7049    12.7422      5.450      5.533      0.419    1440.96    1441.14  0.000e+00
        688      6.000     3.7130     3.7267     0.0138    1.59358    1.60175          1     7.4621     7.5501       9.95     0.0175  4.924e-11  1.000e-12  2.031e+00    16.1427    16.2257     0.0830    12.8328    12.8980      5.945      6.035      0.294    1441.28    1441.45  0.000e+00
        741      6.500     3.7213     3.7373     0.0160    1.60004    1.60538          1     7.4856     7.5550       9.95     0.0164  4.924e-11  1.000e-12  2.031e+00    16.2095    16.2602     0.0507    12.8855    12.9249      6.441      6.538      0.306    1441.41    1441.55  0.000e+00
        782      7.000     3.7396     3.7518     0.0121    1.60725    1.60951          1     7.4758     7.5533       9.95     0.0170  4.924e-11  1.000e-12  2.031e+00    16.2795    16.2983     0.0188    12.9402    12.9544      6.936      7.041      0.258    1441.59    1441.67  0.000e+00
        826      7.500     3.7511     3.7556     0.0045    1.61008    1.61014          1     7.4639     7.5579       9.95     0.0174  4.924e-11  1.000e-12  2.031e+00    16.3047    16.3031    -0.0016    12.9596    12.9581      7.431      7.544      0.298    1441.68    1441.70  0.000e+00
        873      8.000     3.7574     3.7572    -0.0002    1.61103    1.61036          1     7.4345     7.5528       9.95     0.0226  4.924e-11  1.000e-12  2.031e+00    16.3118    16.3046    -0.0072    12.9649    12.9592      7.927      8.046      0.224    1441.73    1441.72  0.000e+00
        923      8.500     3.7625     3.7668     0.0043    1.61216    1.61184          1     7.4173     7.5435       9.95     0.0256  4.924e-11  1.000e-12  2.031e+00    16.3216    16.3159    -0.0057    12.9724    12.9677      8.422      8.549      0.285    1441.77    1441.78  0.000e+00
        966      9.000     3.7807     3.7867     0.0060    1.62904    1.63146          1     7.4128     7.5341       9.95     0.0249  4.924e-11  1.000e-12  2.031e+00    16.4979    16.5215     0.0236    13.1114    13.1299      8.918      9.052      0.251    1442.08    1442.14  0.000e+00
       1013      9.500     3.7923     3.7952     0.0029    1.64799    1.65104          1     7.4202     7.5358       9.95     0.0244  4.924e-11  1.000e-12  2.031e+00    16.7004    16.7326     0.0322    13.2715    13.2969      9.413      9.555      0.289    1442.40    1442.46  0.000e+00
       1054     10.000     3.7950     3.7953     0.0003    1.65385    1.65375          1     7.4091     7.5293       9.95     0.0239  4.924e-11  1.000e-12  2.031e+00    16.7635    16.7622    -0.0012    13.3214    13.3204      9.909     10.057      0.270    1442.50    1442.50  0.000e+00
       1104     10.500     3.7945     3.7952     0.0007    1.65420    1.65464          1     7.4323     7.5272       9.95     0.0243  4.924e-11  1.000e-12  2.031e+00    16.7674    16.7719     0.0045    13.3246    13.3281     10.404     10.560      0.242    1442.51    1442.52  0.000e+00
       1151     11.000     3.7954     3.7953    -0.0001    1.65562    1.65522          1     7.4120     7.5347       9.93     0.0238  4.924e-11  1.000e-12  2.031e+00    16.7825    16.7782    -0.0043    13.3365    13.3330     10.899     11.062      0.235    1442.55    1442.54  0.000e+00
       1205     11.500     3.7956     3.7957     0.0001    1.65626    1.65593          1     7.3609     7.5183       9.60     0.0244  4.924e-11  1.000e-12  2.031e+00    16.7893    16.7856    -0.0037    13.3418    13.3389     11.395     11.565      0.243    1442.56    1442.56  0.000e+00
       1249     12.000     3.8007     3.8103     0.0097    1.66170    1.66694          1     7.3340     7.4979       9.06     0.0244  4.924e-11  1.000e-12  2.031e+00    16.8465    16.8992     0.0527    13.3870    13.4283     11.890     12.067      0.271    1442.67    1442.78  0.000e+00
       1298     12.500     3.8206     3.8283     0.0077    1.68172    1.68786          1     6.5469     6.9892       8.58     0.0244  4.924e-11  1.000e-12  2.031e+00    17.0566    17.1203     0.0637    13.5526    13.6027     12.386     12.570      0.252    1443.03    1443.15  0.000e+00
       1338     13.000     4.1072     4.7743     0.6636    1.85219    1.98631          1     6.5645     6.9223       8.06     0.0250  4.924e-11  1.000e-12  2.031e+00    18.7749    19.8203     1.0454    14.8970    15.6714     12.881     13.072      0.319    1446.48    1450.64  0.000e+00
       1384     13.500     5.9040     6.4582     0.5485    2.67574    2.80538          1     6.5639     6.2532       7.54     0.0277  4.924e-11  1.000e-12  2.031e+00    26.6028    27.5829     0.9801    20.9327    21.6464     13.376     13.572      0.222    1463.97    1467.46  0.000e+00
       1435     14.000     6.7964     6.8136     0.0172    3.00523    2.98440          1     6.0383     5.7502       7.08     0.0318  4.924e-11  1.000e-12  2.031e+00    29.4667    29.2252    -0.2415    23.0890    22.8966     13.872     14.071      0.309    1471.17    1470.93  0.000e+00
       1475     14.500     6.7738     6.8555     0.0813    3.00149    3.01314          1     5.8119     5.7916       6.54     0.0344  4.924e-11  1.000e-12  2.031e+00    29.4437    29.4998     0.0561    23.0734    23.1074     14.367     14.568      0.241    1471.06    1471.45  0.000e+00
       1533     15.000     6.8858     6.8771    -0.0086    3.03341    3.02398          1     5.7101     5.7920       6.08     0.0365  4.924e-11  1.000e-12  2.031e+00    29.6927    29.5982    -0.0945    23.2554    23.1821     14.863     15.066      0.262    1471.82    1471.67  0.000e+00
       1572     15.500     6.8896     6.8745    -0.0151    3.03403    3.02540          1     5.7221     5.8133       5.56     0.0385  4.924e-11  1.000e-12  2.031e+00    29.6959    29.6155    -0.0804    23.2575    23.1961     15.358     15.564      0.284    1471.85    1471.69  0.000e+00
       1624     16.000     6.8945     6.8748    -0.0198    3.03439    3.02687          1     5.6879     5.8175       5.06     0.0417  4.924e-11  1.000e-12  2.031e+00    29.6953    29.6310    -0.0643    23.2563    23.2082     15.853     16.062      0.236    1471.87    1471.72  0.000e+00
       1666     16.500     6.9057     6.8812    -0.0245    3.03590    3.02849          1     5.6642     5.8144       4.56     0.0420  4.924e-11  1.000e-12  2.031e+00    29.7017    29.6428    -0.0589    23.2600    23.2167     16.349     16.559      0.301    1471.93    1471.76  0.000e+00
       1715     17.000     6.9127     6.8944    -0.0182    3.03693    3.03088          1     5.6416     5.8059       4.03     0.0424  4.924e-11  1.000e-12  2.031e+00    29.7067    29.6570    -0.0497    23.2630    23.2262     16.844     17.057      0.230    1471.98    1471.84  0.000e+00
       1761     17.500     6.9164     6.9022    -0.0142    3.03730    3.03250          1     5.6469     5.8090       3.56     0.0437  4.924e-11  1.000e-12  2.031e+00    29.7072    29.6676    -0.0396    23.2630    23.2336     17.340     17.555      0.281    1472.00    1471.90  0.000e+00
       1809     18.000     6.9179     6.9056    -0.0123    3.03748    3.03355          1     5.6600     5.8062       3.05     0.0444  4.924e-11  1.000e-12  2.031e+00    29.7077    29.6759    -0.0318    23.2631    23.2397     17.835     18.052      0.229    1472.02    1471.93  0.000e+00
       1858     18.500     6.9183     6.9014    -0.0169    3.03746    3.03362          1     5.6297     5.7989       2.57     0.0496  4.924e-11  1.000e-12  2.031e+00    29.7068    29.6799    -0.0269    23.2624    23.2434     18.330     18.550      0.280    1472.02    1471.92  0.000e+00
       1902     19.000     6.9219     6.8916    -0.0303    3.03799    3.03318          1     5.6364     5.7923       2.07     0.0462  4.924e-11  1.000e-12  2.031e+00    29.7093    29.6834    -0.0259    23.2639    23.2474     18.826     19.048      0.251    1472.05    1471.90  0.000e+00
       3137     19.500     6.9216     6.9083    -0.0133    3.03803    3.03583          1     5.6276     5.8016       1.52     0.0447  4.924e-11  1.000e-12  2.031e+00    29.7098    29.6974    -0.0123    23.2643    23.2563     19.321     19.545     -0.041    1472.06    1471.99  0.000e+00
