ctdpy/exports/archive_20191121_122431/received_data/SBE09_0827_20181006_1915_26_01_1029.cnv
* Sea-Bird SBE 9 Data File:
* FileName = D:\CTD_SBE911\DAT\26DA.2018.10.29.hex
* Software Version Seasave V 7.21d
* Temperature SN = 4548
* Conductivity SN = 3062
* Number of Bytes Per Scan = 48
* Number of Voltage Words = 5
* Number of Scans Averaged by the Deck Unit = 1
* NMEA Latitude = 57 40.01 N
* NMEA Longitude = 018 08.84 E
* NMEA UTC (Time) = Oct 06 2018  19:17:54
* NMEA baud rate = 4800
** Ship: DANA
** Average sound velocity: 1448.88 m/s
** True-depth calculation Thu, 28 Mar 2019 12:19:50 +0000
** CTD Python Module SMHI /ver 3-12/ feb 2012 
** LIMS Job: 20182601-1029
** Operator: Christian A-KTh
** Cruise: 10/2018
# nquan = 26
# nvalues = 207                         
# units = specified
# name 0 = scan: Scan Count
# name 1 = prDM: Pressure, Digiquartz [db]
# name 2 = t090C: Temperature [ITS-90, deg C]
# name 3 = t190C: Temperature, 2 [ITS-90, deg C]
# name 4 = T2-T190C: Temperature Difference, 2 - 1 [ITS-90, deg C]
# name 5 = c0S/m: Conductivity [S/m]
# name 6 = c1S/m: Conductivity, 2 [S/m]
# name 7 = pumps: Pump Status
# name 8 = sbeox1ML/L: Oxygen, SBE 43, 2 [ml/l]
# name 9 = sbeox0ML/L: Oxygen, SBE 43 [ml/l]
# name 10 = altM: Altimeter [m]
# name 11 = chloroflTC0: Chlorophyll, Turner Cyclops [ug/l]
# name 12 = cpar: CPAR/Corrected Irradiance [%]
# name 13 = par: PAR/Irradiance, Biospherical/Lico [µE/(cm^2*s)]
# name 14 = spar: SPAR, Biospherical/Licor
# name 15 = sal00: Salinity, Practical [PSU]
# name 16 = sal11: Salinity, Practical, 2 [PSU]
# name 17 = secS-priS: Salinity, Practical, Difference, 2 - 1 [PSU]
# name 18 = sigma-t00: Density [sigma-t, kg/m^3 ]
# name 19 = sigma-t11: Density, 2 [sigma-t, kg/m^3 ]
# name 20 = depSM: Depth [salt water, m], lat = 57.6668
# name 21 = depFM: Depth [true depth, m], lat = 57.6668
# name 22 = dz/dtM: Descent Rate [m/s], WS = 2
# name 23 = svCM: Sound Velocity [Chen-Millero, m/s]
# name 24 = svCM1: Sound Velocity, 2 [Chen-Millero, m/s]
# name 25 = flag: flag
# span 0 =        426,      11537       
# span 1 =      0.500,    103.500       
# span 2 =     3.8585,    12.3509       
# span 3 =     3.9225,    12.3506       
# span 4 =    -0.0909,     0.5429       
# span 5 =   0.774441,   1.179018       
# span 6 =   0.776242,   1.179032       
# span 7 =          1,          1       
# span 8 =     0.0413,     7.4825       
# span 9 =     0.0412,     7.0496       
# span 10 =       0.83,       9.98      
# span 11 =     0.0159,     0.0395      
# span 12 = 4.9241e-11, 4.9241e-11      
# span 13 = 1.0000e-12, 1.0000e-12      
# span 14 = 2.0308e+00, 2.0308e+00      
# span 15 =     6.8807,    10.8764      
# span 16 =     6.8821,    10.8763      
# span 17 =    -0.0725,     0.0017      
# span 18 =     4.7926,     8.5475      
# span 19 =     4.7933,     8.5474      
# span 20 =      0.495,    102.518      
# span 21 =      0.507,    104.734      
# span 22 =     -0.199,      0.300      
# span 23 =    1431.65,    1464.89      
# span 24 =    1432.11,    1464.89      
# span 25 = 0.0000e+00, 0.0000e+00      
# interval = decibars: 0.5              
# start_time = Oct 06 2018 19:17:55 [NMEA time, first data scan]
# bad_flag = -9.990e-29
*END*
[from data line 56]
       3011     28.500    11.5296    11.5386     0.0090    0.89826    0.89844          1     7.0710     6.6334       9.97     0.0313  4.924e-11  1.000e-12  2.031e+00     6.9378     6.9376    -0.0002     4.9432     4.9419     28.235     28.888      0.274    1462.13    1462.17  0.000e+00
       3056     29.000    11.5245    11.5325     0.0080    0.89819    0.89835          1     7.0776     6.6360       9.97     0.0341  4.924e-11  1.000e-12  2.031e+00     6.9381     6.9380    -0.0001     4.9440     4.9429     28.730     29.395      0.266    1462.12    1462.15  0.000e+00
       3100     29.500    11.5218    11.5297     0.0079    0.89816    0.89833          1     7.0846     6.6341       9.97     0.0333  4.924e-11  1.000e-12  2.031e+00     6.9384     6.9383    -0.0001     4.9446     4.9435     29.225     29.902      0.276    1462.12    1462.15  0.000e+00
       3145     30.000    11.5201    11.5263     0.0062    0.89816    0.89829          1     7.0763     6.6477       9.97     0.0308  4.924e-11  1.000e-12  2.031e+00     6.9386     6.9386    -0.0000     4.9449     4.9441     29.721     30.409      0.257    1462.12    1462.14  0.000e+00
       3192     30.500    11.5145    11.5235     0.0091    0.89805    0.89826          1     7.0640     6.6920       9.97     0.0325  4.924e-11  1.000e-12  2.031e+00     6.9387     6.9387     0.0000     4.9458     4.9446     30.216     30.915      0.258    1462.11    1462.14  0.000e+00
       3238     31.000    11.3345    11.4836     0.1491    0.89490    0.89755          1     7.0068     6.6914       9.97     0.0319  4.924e-11  1.000e-12  2.031e+00     6.9460     6.9402    -0.0058     4.9736     4.9508     30.711     31.422      0.274    1461.45    1462.00  0.000e+00
       3281     31.500    11.0592    11.2458     0.1865    0.88996    0.89330          1     6.9993     6.6888       9.97     0.0317  4.924e-11  1.000e-12  2.031e+00     6.9562     6.9492    -0.0071     5.0150     4.9870     31.207     31.929      0.287    1460.43    1461.13  0.000e+00
       3325     32.000    10.8506    11.1072     0.2565    0.88633    0.89082          1     7.0408     6.6721       9.97     0.0302  4.924e-11  1.000e-12  2.031e+00     6.9649     6.9544    -0.0105     5.0463     5.0078     31.702     32.436      0.255    1459.65    1460.62  0.000e+00
       3372     32.500    10.5297    10.7312     0.2016    0.88088    0.88455          1     7.0993     6.7033       9.97     0.0332  4.924e-11  1.000e-12  2.031e+00     6.9795     6.9724    -0.0071     5.0946     5.0659     32.197     32.942      0.264    1458.45    1459.21  0.000e+00
       3414     33.000    10.3027    10.3738     0.0715    0.87704    0.87833          1     7.0914     6.8112       9.97     0.0296  4.924e-11  1.000e-12  2.031e+00     6.9900     6.9874    -0.0026     5.1280     5.1181     32.692     33.449      0.283    1457.59    1457.87  0.000e+00
       3458     33.500     9.6534    10.0395     0.3859    0.86646    0.87269          1     7.2022     6.8315       9.97     0.0313  4.924e-11  1.000e-12  2.031e+00     7.0238     7.0031    -0.0208     5.2229     5.1667     33.188     33.956      0.257    1455.11    1456.60  0.000e+00
       3507     34.000     9.1927     9.5753     0.3827    0.85823    0.86488          1     7.3397     6.8655       9.97     0.0278  4.924e-11  1.000e-12  2.031e+00     7.0417     7.0252    -0.0165     5.2828     5.2321     33.683     34.462      0.249    1453.32    1454.81  0.000e+00
       3552     34.500     9.0538     9.1711     0.1172    0.85581    0.85810          1     7.3800     6.9214       9.97     0.0261  4.924e-11  1.000e-12  2.031e+00     7.0476     7.0447    -0.0028     5.3006     5.2872     34.178     34.969      0.285    1452.78    1453.25  0.000e+00
       3597     35.000     8.9918     9.0508     0.0590    0.85508    0.85612          1     7.3959     6.9945       9.97     0.0247  4.924e-11  1.000e-12  2.031e+00     7.0533     7.0509    -0.0024     5.3109     5.3035     34.674     35.475      0.265    1452.55    1452.78  0.000e+00
       3641     35.500     8.8714     8.9326     0.0609    0.85384    0.85479          1     7.3632     6.9735       9.97     0.0250  4.924e-11  1.000e-12  2.031e+00     7.0661     7.0624    -0.0037     5.3320     5.3235     35.169     35.982      0.266    1452.09    1452.33  0.000e+00
       3685     36.000     8.5852     8.6452     0.0604    0.84890    0.85012          1     7.3806     6.9722       9.97     0.0256  4.924e-11  1.000e-12  2.031e+00     7.0788     7.0778    -0.0011     5.3678     5.3616     35.664     36.489      0.261    1450.97    1451.21  0.000e+00
       3734     36.500     8.4249     8.4757     0.0505    0.84608    0.84740          1     7.4343     6.9904       9.97     0.0254  4.924e-11  1.000e-12  2.031e+00     7.0855     7.0872     0.0017     5.3871     5.3840     36.160     36.995      0.255    1450.34    1450.54  0.000e+00
       3783     37.000     8.3487     8.3768     0.0282    0.84482    0.84559          1     7.4691     7.0193       9.97     0.0241  4.924e-11  1.000e-12  2.031e+00     7.0894     7.0907     0.0013     5.3966     5.3952     36.655     37.502      0.247    1450.04    1450.15  0.000e+00
       3827     37.500     8.2770     8.3035     0.0266    0.84355    0.84425          1     7.4795     7.0400       9.97     0.0254  4.924e-11  1.000e-12  2.031e+00     7.0923     7.0933     0.0010     5.4049     5.4035     37.150     38.008      0.258    1449.76    1449.87  0.000e+00
       3875     38.000     8.2060     8.2656     0.0596    0.84233    0.84369          1     7.4825     7.0496       9.97     0.0260  4.924e-11  1.000e-12  2.031e+00     7.0955     7.0957     0.0003     5.4134     5.4086     37.645     38.515      0.262    1449.48    1449.73  0.000e+00
       3920     38.500     8.1389     8.1642     0.0253    0.84157    0.84215          1     7.4375     7.0313       9.97     0.0252  4.924e-11  1.000e-12  2.031e+00     7.1020     7.1022     0.0002     5.4240     5.4221     38.141     39.021      0.282    1449.23    1449.33  0.000e+00
       3961     39.000     8.0548     8.0973     0.0426    0.84035    0.84115          1     7.4276     7.0221       9.97     0.0259  4.924e-11  1.000e-12  2.031e+00     7.1078     7.1065    -0.0013     5.4355     5.4310     38.636     39.528      0.267    1448.90    1449.07  0.000e+00
       4009     39.500     7.9814     8.0341     0.0526    0.83968    0.84055          1     7.3072     7.0482       9.97     0.0287  4.924e-11  1.000e-12  2.031e+00     7.1166     7.1139    -0.0027     5.4483     5.4419     39.131     40.034      0.258    1448.62    1448.83  0.000e+00
       4054     40.000     7.7480     7.8869     0.1391    0.83697    0.83913          1     6.9957     6.9264       9.97     0.0257  4.924e-11  1.000e-12  2.031e+00     7.1393     7.1308    -0.0085     5.4843     5.4669     39.627     40.541      0.270    1447.69    1448.25  0.000e+00
       4099     40.500     7.3465     7.5869     0.2403    0.82980    0.83445          1     6.9459     6.7763       9.97     0.0235  4.924e-11  1.000e-12  2.031e+00     7.1556     7.1491    -0.0064     5.5270     5.5044     40.122     41.047      0.260    1446.06    1447.05  0.000e+00
       4145     41.000     6.8678     7.1760     0.3078    0.82110    0.82707          1     6.9871     6.6763       9.97     0.0229  4.924e-11  1.000e-12  2.031e+00     7.1736     7.1653    -0.0082     5.5739     5.5466     40.617     41.554      0.268    1444.09    1445.37  0.000e+00
       4189     41.500     6.6706     6.7614     0.0911    0.81726    0.81921          1     7.0308     6.7013       9.97     0.0200  4.924e-11  1.000e-12  2.031e+00     7.1786     7.1780    -0.0006     5.5907     5.5844     41.112     42.060      0.293    1443.27    1443.66  0.000e+00
       4231     42.000     6.5206     6.6533     0.1327    0.81517    0.81759          1     7.0351     6.7281       9.97     0.0195  4.924e-11  1.000e-12  2.031e+00     7.1902     7.1852    -0.0049     5.6090     5.5969     41.608     42.567      0.268    1442.66    1443.22  0.000e+00
       4276     42.500     6.3359     6.5002     0.1643    0.81224    0.81526          1     6.9963     6.8010       9.97     0.0188  4.924e-11  1.000e-12  2.031e+00     7.2012     7.1953    -0.0060     5.6286     5.6142     42.103     43.073      0.275    1441.90    1442.59  0.000e+00
       4321     43.000     5.8138     6.2215     0.4077    0.80334    0.81062          1     7.0337     6.7959       9.97     0.0183  4.924e-11  1.000e-12  2.031e+00     7.2267     7.2099    -0.0168     5.6768     5.6419     42.598     43.579      0.257    1439.70    1441.43  0.000e+00
       4368     43.500     5.3465     5.8895     0.5429    0.79519    0.80501          1     7.0771     6.7650       9.97     0.0171  4.924e-11  1.000e-12  2.031e+00     7.2479     7.2266    -0.0213     5.7159     5.6728     43.094     44.086      0.257    1437.71    1440.03  0.000e+00
       4413     44.000     5.0846     5.3342     0.2497    0.79150    0.79570          1     7.0901     6.7671       9.97     0.0179  4.924e-11  1.000e-12  2.031e+00     7.2684     7.2556    -0.0129     5.7432     5.7225     43.589     44.592      0.274    1436.60    1437.67  0.000e+00
       4458     44.500     4.9401     5.1428     0.2026    0.78919    0.79282          1     7.0970     6.7750       9.97     0.0172  4.924e-11  1.000e-12  2.031e+00     7.2771     7.2687    -0.0084     5.7558     5.7410     44.084     45.099      0.257    1435.98    1436.86  0.000e+00
       4505     45.000     4.8268     5.0145     0.1878    0.78764    0.79101          1     7.1165     6.7936       9.97     0.0172  4.924e-11  1.000e-12  2.031e+00     7.2865     7.2788    -0.0077     5.7674     5.7542     44.579     45.605      0.266    1435.50    1436.32  0.000e+00
       4549     45.500     4.6291     4.8756     0.2466    0.78402    0.78872          1     7.1435     6.7908       9.97     0.0171  4.924e-11  1.000e-12  2.031e+00     7.2938     7.2865    -0.0073     5.7801     5.7655     45.075     46.111      0.271    1434.64    1435.72  0.000e+00
       4594     46.000     4.4373     4.6559     0.2186    0.78093    0.78497          1     7.1653     6.8118       9.97     0.0171  4.924e-11  1.000e-12  2.031e+00     7.3052     7.2973    -0.0079     5.7954     5.7820     45.570     46.618      0.266    1433.81    1434.77  0.000e+00
       4639     46.500     4.2637     4.4783     0.2143    0.77800    0.78192          1     7.2195     6.8304       9.97     0.0171  4.924e-11  1.000e-12  2.031e+00     7.3142     7.3060    -0.0081     5.8075     5.7947     46.065     47.124      0.265    1433.06    1434.00  0.000e+00
       4686     47.000     4.1667     4.3194     0.1527    0.77775    0.77990          1     7.2374     6.8726       9.97     0.0162  4.924e-11  1.000e-12  2.031e+00     7.3332     7.3209    -0.0123     5.8254     5.8113     46.560     47.630      0.244    1432.66    1433.32  0.000e+00
       4734     47.500     3.9763     4.1774     0.2012    0.77444    0.77808          1     7.2822     6.8407       9.97     0.0166  4.924e-11  1.000e-12  2.031e+00     7.3422     7.3341    -0.0081     5.8374     5.8258     47.056     48.137      0.264    1431.82    1432.71  0.000e+00
       4778     48.000     3.9305     4.0393     0.1087    0.77530    0.77624          1     7.3000     6.8188       9.97     0.0160  4.924e-11  1.000e-12  2.031e+00     7.3612     7.3464    -0.0148     5.8535     5.8391     47.551     48.643      0.268    1431.65    1432.12  0.000e+00
       4825     48.500     4.0724     4.0287    -0.0437    0.78277    0.77894          1     7.1535     6.8354       9.97     0.0159  4.924e-11  1.000e-12  2.031e+00     7.4052     7.3761    -0.0290     5.8849     5.8630     48.046     49.149      0.247    1432.35    1432.11  0.000e+00
       4872     49.000     4.2199     4.1874    -0.0324    0.78945    0.78625          1     6.9049     6.6881       9.97     0.0160  4.924e-11  1.000e-12  2.031e+00     7.4395     7.4144    -0.0250     5.9083     5.8893     48.542     49.655      0.271    1433.06    1432.88  0.000e+00
       4917     49.500     4.2013     4.1803    -0.0210    0.79244    0.78874          1     6.8027     6.5426       9.97     0.0164  4.924e-11  1.000e-12  2.031e+00     7.4739     7.4412    -0.0327     5.9361     5.9107     49.037     50.162      0.256    1433.03    1432.89  0.000e+00
       4966     50.000     4.3749     4.2839    -0.0909    0.80168    0.79572          1     6.5662     6.4245       9.97     0.0168  4.924e-11  1.000e-12  2.031e+00     7.5276     7.4883    -0.0394     5.9737     5.9452     49.532     50.668      0.237    1433.88    1433.43  0.000e+00
       5015     50.500     4.4531     4.4057    -0.0475    0.80751    0.80319          1     6.3498     6.2494       9.97     0.0168  4.924e-11  1.000e-12  2.031e+00     7.5685     7.5358    -0.0327     6.0037     5.9793     50.027     51.174      0.261    1434.29    1434.04  0.000e+00
       5060     51.000     4.4385     4.4363    -0.0022    0.81091    0.80729          1     6.2095     6.1588       9.97     0.0161  4.924e-11  1.000e-12  2.031e+00     7.6060     7.5701    -0.0359     6.0339     6.0055     50.523     51.680      0.260    1434.28    1434.23  0.000e+00
       5107     51.500     4.2629     4.3967     0.1337    0.80994    0.81017          1     6.0334     5.9897       9.97     0.0161  4.924e-11  1.000e-12  2.031e+00     7.6368     7.6081    -0.0287     6.0636     6.0369     51.018     52.187      0.255    1433.55    1434.11  0.000e+00
       5154     52.000     3.8956     4.1084     0.2129    0.80609    0.80761          1     5.9732     5.8244       9.97     0.0164  4.924e-11  1.000e-12  2.031e+00     7.6834     7.6490    -0.0344     6.1104     6.0777     51.513     52.693      0.253    1431.97    1432.88  0.000e+00
       5202     52.500     3.8585     3.9509     0.0923    0.81021    0.80838          1     5.7962     5.7037       9.97     0.0159  4.924e-11  1.000e-12  2.031e+00     7.7343     7.6937    -0.0405     6.1518     6.1173     52.008     53.199      0.264    1431.87    1432.24  0.000e+00
       5245     53.000     3.9071     3.9225     0.0155    0.82001    0.81734          1     5.4707     5.4717       9.97     0.0159  4.924e-11  1.000e-12  2.031e+00     7.8232     7.7921    -0.0311     6.2213     6.1962     52.504     53.705      0.265    1432.21    1432.24  0.000e+00
       5295     53.500     3.9197     3.9388     0.0191    0.82137    0.82003          1     5.3530     5.2208       9.97     0.0159  4.924e-11  1.000e-12  2.031e+00     7.8340     7.8157    -0.0183     6.2296     6.2146     52.999     54.211      0.233    1432.29    1432.35  0.000e+00
       5343     54.000     3.9630     3.9631    -0.0000    0.82403    0.82336          1     5.3338     5.1215       9.97     0.0161  4.924e-11  1.000e-12  2.031e+00     7.8508     7.8440    -0.0068     6.2419     6.2364     53.494     54.717      0.272    1432.52    1432.51  0.000e+00
       5388     54.500     4.0461     4.0241    -0.0219    0.83038    0.82803          1     5.1791     4.9942       9.97     0.0159  4.924e-11  1.000e-12  2.031e+00     7.8957     7.8770    -0.0187     6.2753     6.2611     53.989     55.223      0.246    1432.96    1432.83  0.000e+00
       5438     55.000     4.1244     4.1051    -0.0193    0.84145    0.83811          1     4.8625     4.8297       9.97     0.0159  4.924e-11  1.000e-12  2.031e+00     7.9897     7.9603    -0.0294     6.3479     6.3251     54.485     55.730      0.259    1433.44    1433.31  0.000e+00
       5482     55.500     4.3033     4.2822    -0.0211    0.86982    0.86792          1     4.1876     4.3747       9.97     0.0159  4.924e-11  1.000e-12  2.031e+00     8.2346     8.2206    -0.0141     6.5368     6.5263     54.980     56.236      0.266    1434.56    1434.45  0.000e+00
