ctdpy/exports/archive_20191121_122431/received_data/SBE09_0827_20180821_0404_26_01_0820.cnv
* Sea-Bird SBE 9 Data File:
* FileName = D:\CTD_SBE911\DAT\26DA.2018.8.20.hex
* Software Version Seasave V 7.21d
* Temperature SN = 034605
* Conductivity SN = 041844
* Number of Bytes Per Scan = 48
* Number of Voltage Words = 5
* Number of Scans Averaged by the Deck Unit = 1
* NMEA Latitude = 58 49.11 N
* NMEA Longitude = 010 13.46 E
* NMEA UTC (Time) = Aug 21 2018  04:07:05
* NMEA baud rate = 4800
** Ship: DANA
** Average sound velocity: 1488.84 m/s
** True-depth calculation Thu, 28 Mar 2019 09:23:52 +0000
** CTD Python Module SMHI /ver 3-12/ feb 2012 
** LIMS Job: 20182601-0820
**  11 SSE Svenner
** Operator: Christian
** Cruise: 08/2018
# nquan = 26
# nvalues = 394                         
# units = specified
# name 0 = scan: Scan Count
# name 1 = prDM: Pressure, Digiquartz [db]
# name 2 = t090C: Temperature [ITS-90, deg C]
# name 3 = t190C: Temperature, 2 [ITS-90, deg C]
# name 4 = T2-T190C: Temperature Difference, 2 - 1 [ITS-90, deg C]
# name 5 = c0S/m: Conductivity [S/m]
# name 6 = c1S/m: Conductivity, 2 [S/m]
# name 7 = pumps: Pump Status
# name 8 = sbeox1ML/L: Oxygen, SBE 43, 2 [ml/l]
# name 9 = sbeox0ML/L: Oxygen, SBE 43 [ml/l]
# name 10 = altM: Altimeter [m]
# name 11 = chloroflTC0: Chlorophyll, Turner Cyclops [ug/l]
# name 12 = cpar: CPAR/Corrected Irradiance [%]
# name 13 = par: PAR/Irradiance, Biospherical/Lico [µE/(cm^2*s)]
# name 14 = spar: SPAR, Biospherical/Licor
# name 15 = sal00: Salinity, Practical [PSU]
# name 16 = sal11: Salinity, Practical, 2 [PSU]
# name 17 = secS-priS: Salinity, Practical, Difference, 2 - 1 [PSU]
# name 18 = sigma-t00: Density [sigma-t, kg/m^3 ]
# name 19 = sigma-t11: Density, 2 [sigma-t, kg/m^3 ]
# name 20 = depSM: Depth [salt water, m], lat = 58.8185
# name 21 = depFM: Depth [true depth, m], lat = 58.8185
# name 22 = dz/dtM: Descent Rate [m/s], WS = 2
# name 23 = svCM: Sound Velocity [Chen-Millero, m/s]
# name 24 = svCM1: Sound Velocity, 2 [Chen-Millero, m/s]
# name 25 = flag: flag
# span 0 =        -34,      21381       
# span 1 =      1.500,    198.000       
# span 2 =     6.4883,    17.6305       
# span 3 =     6.4981,    17.6495       
# span 4 =    -0.1993,     0.2049       
# span 5 =   3.494649,   4.287740       
# span 6 =   3.500969,   4.289735       
# span 7 =          1,          1       
# span 8 =     2.9874,     6.3401       
# span 9 =     5.4279,     6.2958       
# span 10 =      -3.53,      13.83      
# span 11 =     0.0292,     0.2024      
# span 12 = -4.126e-05, 2.8767e+00      
# span 13 = -4.573e-05, 2.9670e+00      
# span 14 = 1.0308e+02, 2.8913e+02      
# span 15 =    30.5651,    35.1512      
# span 16 =    30.5415,    35.1176      
# span 17 =    -0.2457,     0.1938      
# span 18 =    22.0471,    27.6073      
# span 19 =    22.0358,    27.5775      
# span 20 =      1.486,    196.058      
# span 21 =      1.495,    196.474      
# span 22 =     -0.291,      0.579      
# span 23 =    1479.94,    1512.45      
# span 24 =    1479.94,    1512.54      
# span 25 = 0.0000e+00, 0.0000e+00      
# interval = decibars: 0.5              
# start_time = Aug 21 2018 04:07:05 [NMEA time, first data scan]
# bad_flag = -9.990e-29
*END*
[from data line 112]
       4920     57.500    11.1216    11.1232     0.0017    3.87172    3.87332          1     5.7449     5.6842       9.97     0.0430  7.709e-13  1.000e-12  1.297e+02    34.5365    34.5509     0.0144    26.3925    26.4034     56.955     57.180      0.316    1494.19    1494.21  0.000e+00
       4956     58.000    11.1311    11.1346     0.0035    3.87337    3.87521          1     5.7489     5.6977       9.97     0.0423  7.816e-13  1.000e-12  1.279e+02    34.5439    34.5589     0.0150    26.3966    26.4076     57.451     57.676      0.339    1494.24    1494.27  0.000e+00
       4992     58.500    11.1413    11.1428     0.0015    3.87580    3.87746          1     5.7693     5.7060       9.97     0.0417  7.873e-13  1.000e-12  1.270e+02    34.5581    34.5733     0.0151    26.4058    26.4173     57.946     58.172      0.306    1494.30    1494.32  0.000e+00
       5038     59.000    11.1491    11.1524     0.0033    3.87790    3.88000          1     5.7891     5.7152       9.97     0.0421  7.721e-13  1.000e-12  1.295e+02    34.5715    34.5892     0.0177    26.4148    26.4280     58.441     58.668      0.244    1494.35    1494.38  0.000e+00
       5086     59.500    11.1574    11.1601     0.0026    3.87997    3.88203          1     5.8154     5.7510       9.97     0.0413  7.574e-13  1.000e-12  1.320e+02    34.5840    34.6020     0.0180    26.4230    26.4365     58.936     59.164      0.256    1494.40    1494.43  0.000e+00
       5129     60.000    11.1424    11.1206    -0.0217    3.88073    3.88177          1     5.8540     5.7611       9.97     0.0403  7.576e-13  1.000e-12  1.320e+02    34.6056    34.6364     0.0308    26.4425    26.4705     59.431     59.660      0.312    1494.38    1494.34  0.000e+00
       5166     60.500    11.0400    11.0098    -0.0303    3.87351    3.87452          1     5.8398     5.6817       9.97     0.0406  7.504e-13  1.000e-12  1.333e+02    34.6299    34.6684     0.0386    26.4800    26.5155     59.927     60.156      0.331    1494.06    1494.00  0.000e+00
       5205     61.000    10.8422    10.7816    -0.0606    3.85409    3.85368          1     5.7782     5.6210       9.97     0.0393  7.491e-13  1.000e-12  1.335e+02    34.6223    34.6756     0.0533    26.5097    26.5621     60.422     60.653      0.273    1493.37    1493.22  0.000e+00
       5251     61.500    10.7206    10.6904    -0.0302    3.84196    3.84205          1     5.6903     5.5872       9.97     0.0398  7.542e-13  1.000e-12  1.326e+02    34.6157    34.6452     0.0295    26.5263    26.5547     60.917     61.149      0.289    1492.94    1492.87  0.000e+00
       5288     62.000    10.6755    10.6532    -0.0222    3.83751    3.83824          1     5.6695     5.5761       9.97     0.0402  7.693e-13  1.000e-12  1.300e+02    34.6134    34.6420     0.0286    26.5325    26.5588     61.412     61.645      0.349    1492.79    1492.74  0.000e+00
       5322     62.500    10.6617    10.6496    -0.0121    3.83732    3.83869          1     5.6576     5.6115       9.97     0.0408  7.694e-13  1.000e-12  1.300e+02    34.6244    34.6496     0.0252    26.5436    26.5654     61.907     62.141      0.317    1492.76    1492.75  0.000e+00
       5374     63.000    10.6624    10.6556    -0.0068    3.84061    3.84347          1     5.7269     5.6935       9.97     0.0404  7.567e-13  1.000e-12  1.322e+02    34.6565    34.6917     0.0352    26.5685    26.5971     62.402     62.637      0.215    1492.81    1492.83  0.000e+00
       5423     63.500    10.6686    10.6604    -0.0082    3.84355    3.84591          1     5.8016     5.7554       9.97     0.0415  7.458e-13  1.000e-12  1.341e+02    34.6800    34.7115     0.0315    26.5857    26.6117     62.898     63.133      0.329    1492.87    1492.88  0.000e+00
       5456     64.000    10.6623    10.6555    -0.0068    3.84479    3.84630          1     5.8290     5.7942       9.97     0.0394  7.510e-13  1.000e-12  1.332e+02    34.6983    34.7200     0.0217    26.6011    26.6192     63.393     63.629      0.363    1492.88    1492.88  0.000e+00
       5495     64.500    10.6544    10.6476    -0.0068    3.84535    3.84671          1     5.8475     5.8186       9.97     0.0406  7.520e-13  1.000e-12  1.330e+02    34.7112    34.7314     0.0202    26.6125    26.6295     63.888     64.125      0.233    1492.87    1492.87  0.000e+00
       5556     65.000    10.6410    10.6336    -0.0074    3.84595    3.84722          1     5.8919     5.8534       9.97     0.0417  7.442e-13  1.000e-12  1.344e+02    34.7298    34.7497     0.0199    26.6294    26.6462     64.383     64.621      0.285    1492.85    1492.85  0.000e+00
       5590     65.500    10.6370    10.6345    -0.0025    3.84920    3.85056          1     5.9263     5.9657       9.97     0.0414  7.514e-13  1.000e-12  1.331e+02    34.7660    34.7821     0.0161    26.6584    26.6714     64.878     65.117      0.376    1492.89    1492.90  0.000e+00
       5623     66.000    10.6255    10.6024    -0.0231    3.85256    3.85383          1     6.0134     6.0796       9.97     0.0431  7.658e-13  1.000e-12  1.306e+02    34.8107    34.8456     0.0349    26.6952    26.7265     65.374     65.613      0.337    1492.91    1492.88  0.000e+00
       5668     66.500    10.5061    10.4626    -0.0434    3.84366    3.84335          1     6.1575     6.1569       9.97     0.0446  7.596e-13  1.000e-12  1.317e+02    34.8347    34.8732     0.0385    26.7351    26.7727     65.869     66.109      0.201    1492.53    1492.42  0.000e+00
       5733     67.000    10.2941    10.2002    -0.0941    3.82396    3.82014          1     6.2835     6.2507       9.97     0.0468  7.455e-13  1.000e-12  1.341e+02    34.8381    34.8895     0.0515    26.7747    26.8312     66.364     66.605      0.278    1491.79    1491.52  0.000e+00
       5767     67.500    10.0844     9.9830    -0.1020    3.80379    3.80132          1     6.2984     6.2714       9.97     0.0506  7.395e-13  1.000e-12  1.352e+02    34.8341    34.9068     0.0727    26.8079    26.8821     66.859     67.101      0.360    1491.04    1490.77  0.000e+00
       5803     68.000     9.7988     9.6778    -0.1204    3.77697    3.77406          1     6.3051     6.2880       9.97     0.0515  7.452e-13  1.000e-12  1.342e+02    34.8348    34.9222     0.0874    26.8571    26.9458     67.354     67.597      0.302    1490.03    1489.69  0.000e+00
       5855     68.500     9.6233     9.5375    -0.0857    3.76119    3.75780          1     6.3305     6.2958       9.97     0.0556  7.352e-13  1.000e-12  1.360e+02    34.8422    34.8905     0.0483    26.8925    26.9445     67.849     68.093      0.207    1489.41    1489.16  0.000e+00
       5906     69.000     9.4919     9.3886    -0.1032    3.74876    3.74575          1     6.3401     6.2864       9.97     0.0559  7.365e-13  1.000e-12  1.358e+02    34.8411    34.9106     0.0695    26.9134    26.9849     68.345     68.589      0.324    1488.94    1488.65  0.000e+00
       5937     69.500     9.3215     9.2723    -0.0492    3.73495    3.73564          1     6.3141     6.2485       9.97     0.0543  7.460e-13  1.000e-12  1.341e+02    34.8636    34.9188     0.0552    26.9592    27.0104     68.840     69.085      0.391    1488.35    1488.24  0.000e+00
       5972     70.000     9.2589     9.2233    -0.0356    3.72978    3.73086          1     6.2705     6.1943       9.97     0.0536  7.480e-13  1.000e-12  1.337e+02    34.8707    34.9167     0.0460    26.9750    27.0168     69.335     69.581      0.273    1488.14    1488.07  0.000e+00
       6035     70.500     9.1910     9.1648    -0.0260    3.72440    3.72586          1     6.1977     6.1447       9.97     0.0519  7.365e-13  1.000e-12  1.358e+02    34.8808    34.9216     0.0407    26.9939    27.0301     69.830     70.077      0.243    1487.91    1487.87  0.000e+00
       6076     71.000     9.1320     9.1020    -0.0302    3.71985    3.72115          1     6.1559     6.1011       9.97     0.0500  7.349e-13  1.000e-12  1.361e+02    34.8907    34.9338     0.0431    27.0113    27.0499     70.325     70.573      0.353    1487.72    1487.66  0.000e+00
       6112     71.500     9.0718     9.0390    -0.0327    3.71476    3.71555          1     6.1255     6.0821       9.97     0.0478  7.339e-13  1.000e-12  1.363e+02    34.8963    34.9367     0.0404    27.0254    27.0623     70.820     71.069      0.277    1487.51    1487.44  0.000e+00
       6173     72.000     9.0430     9.0125    -0.0306    3.71249    3.71268          1     6.0896     6.0429       9.97     0.0477  7.118e-13  1.000e-12  1.405e+02    34.9005    34.9325     0.0320    27.0333    27.0633     71.316     71.565      0.256    1487.42    1487.35  0.000e+00
       6212     72.500     8.9830     8.9538    -0.0293    3.70710    3.70787          1     6.0697     6.0217       9.97     0.0467  7.090e-13  1.000e-12  1.411e+02    34.9027    34.9395     0.0368    27.0447    27.0783     71.811     72.060      0.355    1487.21    1487.15  0.000e+00
       6249     73.000     8.9423     8.9246    -0.0177    3.70354    3.70467          1     6.0599     6.0260       9.97     0.0462  7.236e-13  1.000e-12  1.382e+02    34.9051    34.9343     0.0292    27.0531    27.0789     72.306     72.556      0.270    1487.07    1487.04  0.000e+00
       6299     73.500     8.9167     8.8977    -0.0191    3.70119    3.70204          1     6.0554     6.0130       9.97     0.0456  7.249e-13  1.000e-12  1.380e+02    34.9054    34.9330     0.0276    27.0574    27.0821     72.801     73.052      0.252    1486.99    1486.95  0.000e+00
       6341     74.000     8.7829     8.7143    -0.0688    3.68778    3.68804          1     6.0161     5.8633       9.97     0.0444  7.134e-13  1.000e-12  1.402e+02    34.8957    34.9661     0.0704    27.0711    27.1371     73.296     73.548      0.312    1486.49    1486.32  0.000e+00
       6379     74.500     8.3842     8.2797    -0.1048    3.64979    3.64863          1     5.8689     5.7000       9.97     0.0414  7.231e-13  1.000e-12  1.383e+02    34.8871    34.9786     0.0915    27.1267    27.2146     73.791     74.044      0.288    1485.00    1484.72  0.000e+00
       6432     75.000     8.1785     8.0953    -0.0827    3.63041    3.62744          1     5.6809     5.6315       9.97     0.0361  7.186e-13  1.000e-12  1.392e+02    34.8843    34.9354     0.0511    27.1561    27.2088     74.286     74.540      0.214    1484.24    1483.99  0.000e+00
       6480     75.500     8.1126     8.0850    -0.0276    3.62429    3.62506          1     5.6269     5.6279       9.97     0.0362  7.136e-13  1.000e-12  1.401e+02    34.8843    34.9200     0.0357    27.1660    27.1982     74.782     75.035      0.322    1484.00    1483.94  0.000e+00
       6515     76.000     8.0710     8.0589    -0.0121    3.62055    3.62319          1     5.6274     5.6209       9.97     0.0363  7.132e-13  1.000e-12  1.402e+02    34.8853    34.9256     0.0403    27.1731    27.2066     75.277     75.531      0.313    1483.85    1483.85  0.000e+00
       6560     76.500     7.9902     7.9569    -0.0332    3.61376    3.61489          1     5.6105     5.6152       9.97     0.0376  7.036e-13  1.000e-12  1.421e+02    34.8927    34.9381     0.0454    27.1911    27.2317     75.772     76.027      0.238    1483.56    1483.49  0.000e+00
       6610     77.000     7.9443     7.9179    -0.0264    3.60978    3.61068          1     5.5971     5.6283       9.97     0.0371  7.087e-13  1.000e-12  1.411e+02    34.8955    34.9315     0.0360    27.2001    27.2324     76.267     76.523      0.254    1483.40    1483.35  0.000e+00
       6654     77.500     7.9123     7.8917    -0.0205    3.60698    3.60800          1     5.6112     5.6325       9.97     0.0379  7.242e-13  1.000e-12  1.381e+02    34.8971    34.9286     0.0315    27.2062    27.2340     76.762     77.019      0.314    1483.29    1483.25  0.000e+00
       6689     78.000     7.8861     7.8732    -0.0128    3.60473    3.60620          1     5.6092     5.6273       9.97     0.0374  7.173e-13  1.000e-12  1.394e+02    34.8988    34.9275     0.0287    27.2114    27.2359     77.257     77.514      0.335    1483.20    1483.19  0.000e+00
       6736     78.500     7.8591     7.8426    -0.0165    3.60212    3.60331          1     5.5993     5.6215       9.97     0.0369  7.136e-13  1.000e-12  1.401e+02    34.8974    34.9268     0.0293    27.2144    27.2399     77.753     78.010      0.215    1483.10    1483.08  0.000e+00
       6791     79.000     7.8042     7.7799    -0.0242    3.59699    3.59746          1     5.5674     5.5802       9.97     0.0378  7.136e-13  1.000e-12  1.401e+02    34.8967    34.9261     0.0294    27.2219    27.2487     78.248     78.506      0.264    1482.90    1482.85  0.000e+00
       6834     79.500     7.7466     7.7270    -0.0198    3.59106    3.59178          1     5.5529     5.5484       9.97     0.0370  6.972e-13  1.000e-12  1.434e+02    34.8901    34.9176     0.0275    27.2252    27.2497     78.743     79.002      0.285    1482.69    1482.65  0.000e+00
       6876     80.000     7.6740     7.6279    -0.0461    3.58332    3.58221          1     5.5063     5.5087       9.97     0.0372  6.937e-13  1.000e-12  1.442e+02    34.8788    34.9130     0.0342    27.2270    27.2607     79.238     79.497      0.258    1482.40    1482.27  0.000e+00
       6929     80.500     7.5933     7.5281    -0.0652    3.57457    3.57118          1     5.4495     5.4700       9.97     0.0379  6.939e-13  1.000e-12  1.441e+02    34.8646    34.8933     0.0286    27.2277    27.2597     79.733     79.993      0.225    1482.09    1481.87  0.000e+00
       6975     81.000     7.5267     7.4842    -0.0422    3.56795    3.56658          1     5.4091     5.4279       9.97     0.0376  6.980e-13  1.000e-12  1.433e+02    34.8595    34.8872     0.0277    27.2333    27.2613     80.228     80.489      0.317    1481.84    1481.71  0.000e+00
       7010     81.500     7.4950     7.4756    -0.0195    3.56511    3.56547          1     5.3929     5.4430       9.97     0.0359  7.033e-13  1.000e-12  1.422e+02    34.8601    34.8835     0.0234    27.2384    27.2596     80.723     80.985      0.339    1481.72    1481.68  0.000e+00
       7054     82.000     7.4728     7.4654    -0.0074    3.56333    3.56464          1     5.3956     5.4507       9.97     0.0372  7.029e-13  1.000e-12  1.423e+02    34.8628    34.8845     0.0217    27.2437    27.2619     81.218     81.481      0.222    1481.65    1481.65  0.000e+00
       7110     82.500     7.4689     7.4618    -0.0071    3.56323    3.56436          1     5.4056     5.4555       9.97     0.0371  6.988e-13  1.000e-12  1.431e+02    34.8653    34.8848     0.0195    27.2463    27.2626     81.714     81.976      0.274    1481.65    1481.65  0.000e+00
       7147     83.000     7.4650     7.4612    -0.0038    3.56311    3.56431          1     5.4161     5.4780       9.97     0.0373  6.958e-13  1.000e-12  1.437e+02    34.8677    34.8846     0.0169    27.2487    27.2626     82.209     82.472      0.322    1481.64    1481.65  0.000e+00
       7191     83.500     7.4651     7.4618    -0.0033    3.56325    3.56436          1     5.4133     5.4683       9.97     0.0370  6.858e-13  1.000e-12  1.458e+02    34.8689    34.8843     0.0154    27.2497    27.2623     82.704     82.968      0.235    1481.65    1481.66  0.000e+00
       7243     84.000     7.4673     7.4644    -0.0029    3.56349    3.56448          1     5.4136     5.4659       9.97     0.0357  6.858e-13  1.000e-12  1.458e+02    34.8691    34.8828     0.0137    27.2495    27.2607     83.199     83.464      0.267    1481.67    1481.67  0.000e+00
       7282     84.500     7.4692     7.4660    -0.0032    3.56373    3.56465          1     5.3963     5.4623       9.97     0.0360  6.936e-13  1.000e-12  1.442e+02    34.8696    34.8828     0.0132    27.2496    27.2604     83.694     83.959      0.319    1481.69    1481.69  0.000e+00
