ctdpy/exports/archive_20191121_122431/received_data/SBE09_1044_20181114_2217_34_01_0148.cnv
* Sea-Bird SBE 9 Data File:
* FileName = C:\ctd\temp\ar18d148.hex
* Software Version Seasave V 7.26.7.107
* Temperature SN = 5351
* Conductivity SN = 3941
* Number of Bytes Per Scan = 41
* Number of Voltage Words = 4
* Number of Scans Averaged by the Deck Unit = 1
* NMEA Latitude = 58 55.93 N
* NMEA Longitude = 019 09.86 E
* NMEA UTC (Time) = Nov 14 2018  22:18:00
* NMEA baud rate = 4800
** Station:  Huvudskar Ost
** Operator:  JKro
** Ship: ARANDA
** Average sound velocity: 1441.49 m/s
** True-depth calculation Wed, 14 Nov 2018 22:45:42 +0000
** CTD Python Module SMHI /ver 3-12/ feb 2012 
** LIMS Job: 20183401-0148
** Cruise: SMHI-6-2018
** Latitude [GG MM.mm N]:
** Longitude [GG MM.mm E]
# nquan = 26
# nvalues = 171                         
# units = specified
# name 0 = scan: Scan Count
# name 1 = prDM: Pressure, Digiquartz [db]
# name 2 = t090C: Temperature [ITS-90, deg C]
# name 3 = t190C: Temperature, 2 [ITS-90, deg C]
# name 4 = T2-T190C: Temperature Difference, 2 - 1 [ITS-90, deg C]
# name 5 = c0S/m: Conductivity [S/m]
# name 6 = c1S/m: Conductivity, 2 [S/m]
# name 7 = pumps: Pump Status
# name 8 = sbeox0ML/L: Oxygen, SBE 43 [ml/l]
# name 9 = sbeox1ML/L: Oxygen, SBE 43, 2 [ml/l]
# name 10 = altM: Altimeter [m]
# name 11 = flECO-AFL: Chl-a Fluorescence, WET Labs ECO-AFL/FL [mg/m^3]
# name 12 = flECO-AFL1: Phycocyanin Fluorescence, WET Labs ECO-AFL/FL, 2 [mg/m^3]
# name 13 = par: PAR/Irradiance, Biospherical/Lico [µE/(cm^2*s)]
# name 14 = turbWETntu0: Turbidity, WET Labs ECO [NTU]
# name 15 = sal00: Salinity, Practical [PSU]
# name 16 = sal11: Salinity, Practical, 2 [PSU]
# name 17 = secS-priS: Salinity, Practical, Difference, 2 - 1 [PSU]
# name 18 = sigma-t00: Density [sigma-t, Kg/m^3 ]
# name 19 = sigma-t11: Density, 2 [sigma-t, Kg/m^3 ]
# name 20 = depSM: Depth [salt water, m], lat = 58.9322
# name 21 = depFM: Depth [true depth, m], lat = 58.9322
# name 22 = dz/dtM: Descent Rate [m/s], WS = 2
# name 23 = svCM: Sound Velocity [Chen-Millero, m/s]
# name 24 = svCM1: Sound Velocity, 2 [Chen-Millero, m/s]
# name 25 = flag: flag
# span 0 =      11293,      16535       
# span 1 =      0.500,     85.500       
# span 2 =     3.8495,     8.2493       
# span 3 =     3.8511,     8.2463       
# span 4 =    -0.0530,     0.0445       
# span 5 =   0.779597,   1.070964       
# span 6 =   0.779483,   1.070311       
# span 7 =          1,          1       
# span 8 =    0.05166,    7.68905       
# span 9 =    0.14034,    7.31599       
# span 10 =       3.98,      91.10      
# span 11 =     0.2585,     0.9204      
# span 12 =     0.1490,     0.3362      
# span 13 = 9.9995e-13, 5.8165e-01      
# span 14 =     0.1316,     1.7046      
# span 15 =     6.5688,     9.9732      
# span 16 =     6.5676,     9.9672      
# span 17 =    -0.0243,     0.0163      
# span 18 =     4.9996,     7.8679      
# span 19 =     4.9996,     7.8632      
# span 20 =      0.495,     84.684      
# span 21 =      0.507,     86.586      
# span 22 =     -0.069,      0.582      
# span 23 =    1431.84,    1449.16      
# span 24 =    1431.84,    1449.17      
# span 25 = 0.0000e+00, 0.0000e+00      
# interval = decibars: 0.5              
# start_time = Nov 14 2018 22:18:00 [NMEA time, first data scan]
# bad_flag = -9.990e-29
*END*
[from data line 56]
      12817     28.500     8.1870     8.1882     0.0012    0.79914    0.79911          1     7.5267     7.1477      60.67     0.4961     0.2697  1.000e-12  0.1977000     6.7098     6.7094    -0.0005     5.1131     5.1127     28.232     28.882      0.512    1448.78    1448.78  0.000e+00
      12842     29.000     8.2042     8.2056     0.0014    0.79991    0.79990          1     7.5169     7.1441      60.86     0.4989     0.2728  1.000e-12  0.1833000     6.7135     6.7131    -0.0004     5.1146     5.1142     28.727     29.389      0.466    1448.86    1448.86  0.000e+00
      12868     29.500     8.1945     8.1965     0.0020    0.79992    0.79992          1     7.5072     7.1416      61.01     0.4991     0.2652  1.000e-12  0.1700000     6.7153     6.7150    -0.0004     5.1168     5.1163     29.222     29.895      0.460    1448.83    1448.84  0.000e+00
      12893     30.000     8.1777     8.1797     0.0020    0.79967    0.79967          1     7.5085     7.1439      60.87     0.4997     0.2490  1.000e-12  0.1748000     6.7162     6.7159    -0.0003     5.1189     5.1185     29.718     30.402      0.516    1448.77    1448.78  0.000e+00
      12915     30.500     8.1485     8.1503     0.0019    0.79952    0.79949          1     7.5016     7.1245      60.44     0.4999     0.2217  1.000e-12  0.1734000     6.7204     6.7198    -0.0006     5.1246     5.1239     30.213     30.909      0.557    1448.66    1448.67  0.000e+00
      12937     31.000     8.1454     8.1468     0.0015    0.80031    0.80027          1     7.5025     7.1240      60.18     0.4839     0.2221  1.000e-12  0.1810000     6.7281     6.7275    -0.0006     5.1308     5.1302     30.708     31.415      0.535    1448.67    1448.67  0.000e+00
      12961     31.500     8.1333     8.1356     0.0023    0.80037    0.80038          1     7.4936     7.1238      59.64     0.4683     0.2633  1.000e-12  0.1877000     6.7309     6.7305    -0.0003     5.1340     5.1335     31.203     31.922      0.475    1448.63    1448.64  0.000e+00
      12987     32.000     8.2028     8.2015    -0.0012    0.80384    0.80373          1     7.4765     7.1132      59.23     0.4512     0.2909  1.000e-12  0.1871000     6.7489     6.7481    -0.0008     5.1424     5.1419     31.699     32.429      0.466    1448.94    1448.94  0.000e+00
      13012     32.500     8.2199     8.2213     0.0014    0.80477    0.80476          1     7.4541     7.0938      58.70     0.4398     0.2912  1.000e-12  0.1774000     6.7539     6.7535    -0.0004     5.1449     5.1445     32.194     32.935      0.506    1449.03    1449.03  0.000e+00
      13035     33.000     8.2215     8.2234     0.0019    0.80500    0.80500          1     7.4297     7.0775      58.24     0.4303     0.2692  1.000e-12  0.1722000     6.7556     6.7553    -0.0003     5.1461     5.1457     32.689     33.442      0.513    1449.05    1449.05  0.000e+00
      13059     33.500     8.1903     8.1944     0.0041    0.80428    0.80439          1     7.4866     7.1140      57.83     0.4259     0.2330  1.000e-12  0.1730000     6.7551     6.7552     0.0001     5.1483     5.1480     33.184     33.949      0.483    1448.93    1448.94  0.000e+00
      13084     34.000     8.2024     8.2014    -0.0009    0.80517    0.80502          1     7.4234     7.0686      57.20     0.4345     0.2308  1.000e-12  0.1739000     6.7608     6.7595    -0.0013     5.1517     5.1508     33.680     34.455      0.457    1448.99    1448.99  0.000e+00
      13111     34.500     8.2379     8.2410     0.0031    0.80731    0.80735          1     7.4062     7.0644      56.68     0.4192     0.2341  1.000e-12  0.1747000     6.7732     6.7729    -0.0003     5.1585     5.1580     34.175     34.962      0.480    1449.16    1449.17  0.000e+00
      13134     35.000     8.0592     8.0614     0.0021    0.80237    0.80234          1     7.4324     7.0772      56.21     0.4141     0.2813  1.000e-12  0.1767000     6.7628     6.7622    -0.0007     5.1650     5.1643     34.670     35.469      0.521    1448.42    1448.43  0.000e+00
      13157     35.500     8.1685     8.1688     0.0004    0.80780    0.80769          1     7.3963     7.0480      55.71     0.4218     0.3135  1.000e-12  0.1714000     6.7908     6.7898    -0.0010     5.1780     5.1771     35.165     35.975      0.539    1448.91    1448.91  0.000e+00
      13179     36.000     8.1455     8.1481     0.0025    0.80818    0.80822          1     7.3785     7.0382      55.24     0.3869     0.2928  1.000e-12  0.1393000     6.7986     6.7985    -0.0001     5.1860     5.1857     35.661     36.482      0.510    1448.84    1448.85  0.000e+00
      13204     36.500     8.1203     8.1199    -0.0004    0.80849    0.80844          1     7.3364     7.0287      54.74     0.3492     0.2344  1.000e-12  0.1607000     6.8063     6.8059    -0.0004     5.1941     5.1938     36.156     36.989      0.464    1448.75    1448.75  0.000e+00
      13231     37.000     8.0423     8.0397    -0.0025    0.80861    0.80862          1     7.2313     6.9781      54.24     0.3665     0.2448  1.000e-12  0.1533000     6.8224     6.8230     0.0006     5.2130     5.2137     36.651     37.495      0.473    1448.46    1448.45  0.000e+00
      13255     37.500     7.8454     7.8580     0.0126    0.80493    0.80515          1     7.1779     6.9520      53.82     0.3463     0.2773  1.000e-12  0.1316000     6.8272     6.8268    -0.0004     5.2323     5.2310     37.146     38.002      0.527    1447.67    1447.72  0.000e+00
      13276     38.000     7.6316     7.6426     0.0110    0.80087    0.80103          1     7.1488     6.9333      53.40     0.3580     0.2773  1.000e-12  0.1683000     6.8318     6.8312    -0.0006     5.2522     5.2509     37.641     38.509      0.544    1446.80    1446.84  0.000e+00
      13299     38.500     7.4995     7.4986    -0.0009    0.79886    0.79884          1     7.0622     6.8601      52.87     0.3475     0.2506  1.000e-12  0.1576000     6.8393     6.8393     0.0001     5.2678     5.2679     38.137     39.015      0.497    1446.27    1446.27  0.000e+00
      13325     39.000     7.2776     7.2950     0.0174    0.79638    0.79655          1     7.0142     6.8083      52.19     0.3554     0.2355  1.000e-12  0.1762000     6.8601     6.8583    -0.0018     5.3000     5.2974     38.632     39.522      0.436    1445.38    1445.45  0.000e+00
      13353     39.500     7.0286     7.0304     0.0019    0.79436    0.79437          1     7.0206     6.7904      51.61     0.3466     0.3021  1.000e-12  0.1742000     6.8908     6.8905    -0.0003     5.3413     5.3409     39.127     40.028      0.450    1444.39    1444.40  0.000e+00
      13378     40.000     6.9685     6.9695     0.0009    0.79385    0.79383          1     7.0486     6.7947      51.16     0.3582     0.2223  1.000e-12  0.1689000     6.8980     6.8976    -0.0004     5.3509     5.3505     39.622     40.535      0.517    1444.15    1444.16  0.000e+00
      13400     40.500     6.8463     6.8487     0.0024    0.79310    0.79310          1     7.0941     6.8233      50.69     0.3268     0.2218  1.000e-12  0.1674000     6.9154     6.9150    -0.0004     5.3725     5.3720     40.118     41.041      0.560    1443.67    1443.68  0.000e+00
      13421     41.000     6.7408     6.7510     0.0101    0.79284    0.79289          1     7.0753     6.8289      50.21     0.3213     0.2477  1.000e-12  0.1646000     6.9342     6.9326    -0.0016     5.3940     5.3921     40.613     41.548      0.548    1443.26    1443.30  0.000e+00
      13445     41.500     6.6203     6.6185    -0.0016    0.79246    0.79245          1     6.9579     6.7637      49.75     0.3410     0.2654  1.000e-12  0.1690000     6.9550     6.9552     0.0002     5.4178     5.4181     41.108     42.055      0.484    1442.78    1442.77  0.000e+00
      13471     42.000     6.3152     6.3287     0.0134    0.79329    0.79316          1     6.7396     6.6043      49.10     0.3366     0.2789  1.000e-12  0.1676000     7.0253     7.0213    -0.0040     5.4911     5.4872     41.603     42.561      0.440    1441.58    1441.63  0.000e+00
      13498     42.500     6.0705     6.0694    -0.0012    0.79365    0.79365          1     6.5371     6.4224      48.55     0.3133     0.2301  1.000e-12  0.1744000     7.0793     7.0796     0.0003     5.5474     5.5477     42.099     43.068      0.479    1440.61    1440.61  0.000e+00
      13522     43.000     6.0002     6.0001    -0.0002    0.79302    0.79303          1     6.4915     6.3578      48.16     0.3230     0.1990  1.000e-12  0.1875000     7.0879     7.0880     0.0001     5.5579     5.5580     42.594     43.574      0.532    1440.33    1440.33  0.000e+00
      13544     43.500     5.9242     5.9275     0.0033    0.79229    0.79230          1     6.5551     6.3893      47.63     0.3291     0.2278  1.000e-12  0.1905000     7.0968     7.0961    -0.0006     5.5689     5.5682     43.089     44.080      0.535    1440.02    1440.03  0.000e+00
      13567     44.000     5.8163     5.8215     0.0053    0.79174    0.79178          1     6.6104     6.4355      47.07     0.3213     0.2090  1.000e-12  0.1843000     7.1141     7.1133    -0.0008     5.5881     5.5872     43.584     44.587      0.486    1439.58    1439.61  0.000e+00
      13593     44.500     5.6684     5.6704     0.0021    0.79180    0.79176          1     6.5571     6.4084      46.46     0.3027     0.2138  1.000e-12  0.1829000     7.1459     7.1450    -0.0008     5.6204     5.6197     44.079     45.093      0.449    1438.99    1439.00  0.000e+00
      13620     45.000     5.3730     5.3812     0.0082    0.78964    0.78981          1     6.5446     6.3855      45.95     0.2826     0.1868  1.000e-12  0.1810000     7.1877     7.1876    -0.0001     5.6671     5.6667     44.575     45.600      0.490    1437.77    1437.81  0.000e+00
      13642     45.500     5.1760     5.1787     0.0027    0.78885    0.78875          1     6.5122     6.3263      45.50     0.2925     0.2494  1.000e-12  0.1737000     7.2223     7.2208    -0.0015     5.7030     5.7017     45.070     46.106      0.551    1436.96    1436.97  0.000e+00
      13663     46.000     5.1978     5.1999     0.0021    0.79210    0.79205          1     6.3862     6.2183      44.96     0.2738     0.2338  1.000e-12  0.1753000     7.2494     7.2485    -0.0009     5.7235     5.7227     45.565     46.612      0.562    1437.10    1437.11  0.000e+00
      13686     46.500     5.2238     5.2244     0.0006    0.79439    0.79431          1     6.2169     6.1034      44.45     0.2980     0.2255  1.000e-12  0.2049000     7.2663     7.2654    -0.0009     5.7358     5.7350     46.060     47.119      0.500    1437.24    1437.24  0.000e+00
      13712     47.000     5.1490     5.1592     0.0102    0.79321    0.79345          1     6.1793     6.0831      43.86     0.2995     0.2301  1.000e-12  0.2472000     7.2709     7.2710     0.0002     5.7425     5.7422     46.556     47.625      0.430    1436.93    1436.97  0.000e+00
      13740     47.500     4.8946     4.8994     0.0048    0.78753    0.78767          1     6.3383     6.1794      43.33     0.3104     0.2134  1.000e-12  0.2390000     7.2703     7.2705     0.0003     5.7520     5.7520     47.051     48.132      0.465    1435.82    1435.84  0.000e+00
      13764     48.000     4.8417     4.8400    -0.0016    0.78889    0.78870          1     6.3587     6.1699      42.85     0.3119     0.1968  1.000e-12  0.2040000     7.2953     7.2937    -0.0016     5.7738     5.7726     47.546     48.638      0.536    1435.63    1435.62  0.000e+00
      13786     48.500     4.8646     4.8676     0.0029    0.79279    0.79270          1     6.2564     6.0873      42.39     0.2864     0.1925  1.000e-12  0.2578000     7.3289     7.3274    -0.0015     5.7996     5.7983     48.041     49.144      0.548    1435.78    1435.79  0.000e+00
      13808     49.000     4.8857     4.8873     0.0017    0.79578    0.79569          1     6.1240     6.0284      41.65     0.2877     0.2027  1.000e-12  0.2250000     7.3538     7.3526    -0.0013     5.8186     5.8175     48.536     49.651      0.506    1435.91    1435.92  0.000e+00
      13833     49.500     4.8435     4.8488     0.0053    0.79782    0.79779          1     5.9742     5.9621      40.67     0.3051     0.2065  1.000e-12  0.2277000     7.3835     7.3819    -0.0015     5.8436     5.8422     49.032     50.157      0.472    1435.77    1435.79  0.000e+00
      13859     50.000     4.6593     4.6705     0.0112    0.79763    0.79773          1     5.9276     5.9904      40.11     0.3042     0.1823  1.000e-12  0.2453000     7.4226     7.4211    -0.0015     5.8811     5.8796     49.527     50.663      0.479    1435.01    1435.06  0.000e+00
      13883     50.500     4.4198     4.4272     0.0075    0.79345    0.79354          1     5.9936     6.0248      39.81     0.3005     0.2014  1.000e-12  0.2629000     7.4345     7.4337    -0.0008     5.8984     5.8976     50.022     51.169      0.495    1433.97    1434.00  0.000e+00
      13907     51.000     4.2636     4.2675     0.0039    0.79096    0.79091          1     5.9943     5.9807      39.29     0.3006     0.2333  1.000e-12  0.2413000     7.4446     7.4432    -0.0014     5.9111     5.9099     50.517     51.676      0.511    1433.30    1433.31  0.000e+00
      13930     51.500     4.2186     4.2214     0.0028    0.79181    0.79173          1     5.8830     5.8688      38.96     0.3028     0.2214  1.000e-12  0.2603000     7.4633     7.4619    -0.0014     5.9273     5.9261     51.012     52.182      0.519    1433.13    1433.14  0.000e+00
      13953     52.000     4.2082     4.2104     0.0022    0.79330    0.79326          1     5.7843     5.7728      38.55     0.2944     0.1934  1.000e-12  0.2580000     7.4807     7.4798    -0.0008     5.9413     5.9406     51.508     52.688      0.506    1433.11    1433.12  0.000e+00
      13978     52.500     4.1988     4.2016     0.0028    0.79363    0.79365          1     5.7502     5.7308      38.06     0.2896     0.2406  1.000e-12  0.2396000     7.4861     7.4856    -0.0005     5.9459     5.9455     52.003     53.195      0.488    1433.08    1433.10  0.000e+00
      14002     53.000     4.1722     4.1753     0.0031    0.79352    0.79352          1     5.7486     5.7250      37.58     0.2954     0.2627  1.000e-12  0.2405000     7.4910     7.4903    -0.0007     5.9506     5.9499     52.498     53.701      0.487    1432.98    1432.99  0.000e+00
      14027     53.500     4.1419     4.1449     0.0031    0.79368    0.79370          1     5.7611     5.7403      37.08     0.2855     0.2409  1.000e-12  0.2425000     7.4995     7.4990    -0.0005     5.9581     5.9576     52.993     54.207      0.495    1432.86    1432.87  0.000e+00
      14051     54.000     4.0759     4.0811     0.0052    0.79362    0.79361          1     5.7983     5.7375      36.53     0.2735     0.2411  1.000e-12  0.2482000     7.5140     7.5127    -0.0013     5.9713     5.9702     53.488     54.713      0.493    1432.59    1432.61  0.000e+00
      14076     54.500     4.0432     4.0454     0.0022    0.79462    0.79464          1     5.8634     5.7603      36.01     0.2797     0.2473  1.000e-12  0.2307000     7.5315     7.5313    -0.0003     5.9862     5.9859     53.984     55.220      0.492    1432.47    1432.48  0.000e+00
      14100     55.000     4.0409     4.0428     0.0018    0.79511    0.79507          1     5.8989     5.7535      35.48     0.2788     0.2337  1.000e-12  0.2259000     7.5370     7.5362    -0.0008     5.9905     5.9899     54.479     55.726      0.519    1432.48    1432.49  0.000e+00
      14122     55.500     4.0440     4.0472     0.0033    0.79582    0.79584          1     5.8752     5.7233      34.99     0.2805     0.2218  1.000e-12  0.1801000     7.5435     7.5429    -0.0005     5.9956     5.9951     54.974     56.232      0.537    1432.51    1432.52  0.000e+00
