ctdpy/exports/archive_20191121_122431/received_data/SBE09_0827_20181012_0347_26_01_1076.cnv
* Sea-Bird SBE 9 Data File:
* FileName = D:\CTD_SBE911\DAT\26DA.2018.10.76.hex
* Software Version Seasave V 7.21d
* Temperature SN = 4548
* Conductivity SN = 3062
* Number of Bytes Per Scan = 48
* Number of Voltage Words = 5
* Number of Scans Averaged by the Deck Unit = 1
* NMEA Latitude = 56 05.56 N
* NMEA Longitude = 018 27.19 E
* NMEA UTC (Time) = Oct 12 2018  03:49:55
* NMEA baud rate = 4800
** Ship: DANA
** Average sound velocity: 1446.85 m/s
** True-depth calculation Thu, 28 Mar 2019 12:26:15 +0000
** CTD Python Module SMHI /ver 3-12/ feb 2012 
** LIMS Job: 20182601-1076
** Operator: Christian
** Cruise: 10/2018
# nquan = 26
# nvalues = 191                         
# units = specified
# name 0 = scan: Scan Count
# name 1 = prDM: Pressure, Digiquartz [db]
# name 2 = t090C: Temperature [ITS-90, deg C]
# name 3 = t190C: Temperature, 2 [ITS-90, deg C]
# name 4 = T2-T190C: Temperature Difference, 2 - 1 [ITS-90, deg C]
# name 5 = c0S/m: Conductivity [S/m]
# name 6 = c1S/m: Conductivity, 2 [S/m]
# name 7 = pumps: Pump Status
# name 8 = sbeox1ML/L: Oxygen, SBE 43, 2 [ml/l]
# name 9 = sbeox0ML/L: Oxygen, SBE 43 [ml/l]
# name 10 = altM: Altimeter [m]
# name 11 = chloroflTC0: Chlorophyll, Turner Cyclops [ug/l]
# name 12 = cpar: CPAR/Corrected Irradiance [%]
# name 13 = par: PAR/Irradiance, Biospherical/Lico [µE/(cm^2*s)]
# name 14 = spar: SPAR, Biospherical/Licor
# name 15 = sal00: Salinity, Practical [PSU]
# name 16 = sal11: Salinity, Practical, 2 [PSU]
# name 17 = secS-priS: Salinity, Practical, Difference, 2 - 1 [PSU]
# name 18 = sigma-t00: Density [sigma-t, kg/m^3 ]
# name 19 = sigma-t11: Density, 2 [sigma-t, kg/m^3 ]
# name 20 = depSM: Depth [salt water, m], lat = 56.0927
# name 21 = depFM: Depth [true depth, m], lat = 56.0927
# name 22 = dz/dtM: Descent Rate [m/s], WS = 2
# name 23 = svCM: Sound Velocity [Chen-Millero, m/s]
# name 24 = svCM1: Sound Velocity, 2 [Chen-Millero, m/s]
# name 25 = flag: flag
# span 0 =        110,       9980       
# span 1 =      1.500,     96.500       
# span 2 =     3.3876,    11.3998       
# span 3 =     3.3849,    11.3991       
# span 4 =    -0.5349,     0.1247       
# span 5 =   0.774839,   1.232966       
# span 6 =   0.774732,   1.232937       
# span 7 =          1,          1       
# span 8 =     0.0502,     7.7001       
# span 9 =     0.0469,     7.2324       
# span 10 =       1.36,       9.98      
# span 11 =     0.0159,     0.0349      
# span 12 = -5.114e+01, 3.0921e+03      
# span 13 = 1.0000e-12, 1.0000e-12      
# span 14 = 1.9680e+00, 2.0318e+00      
# span 15 =     7.3098,    11.2759      
# span 16 =     7.3103,    11.2755      
# span 17 =    -0.0032,     0.0768      
# span 18 =     5.2684,     8.8339      
# span 19 =     5.2685,     8.8335      
# span 20 =      1.486,     95.599      
# span 21 =      1.520,     97.657      
# span 22 =     -0.067,      0.386      
# span 23 =    1429.49,    1461.86      
# span 24 =    1429.46,    1461.86      
# span 25 = 0.0000e+00, 0.0000e+00      
# interval = decibars: 0.5              
# start_time = Oct 12 2018 03:49:55 [NMEA time, first data scan]
# bad_flag = -9.990e-29
*END*
[from data line 56]
       2808     29.500    10.8919    10.8960     0.0040    0.92835    0.92857          1     7.1736     6.7141       9.98     0.0320  4.924e-11  1.000e-12  2.031e+00     7.3129     7.3140     0.0010     5.3115     5.3118     29.229     29.889      0.270    1460.19    1460.21  0.000e+00
       2848     30.000    10.9040    10.9163     0.0123    0.92903    0.92954          1     7.1732     6.7150       9.98     0.0301  4.924e-11  1.000e-12  2.031e+00     7.3163     7.3181     0.0019     5.3126     5.3126     29.725     30.396      0.326    1460.25    1460.30  0.000e+00
       2885     30.500    10.9162    10.9156    -0.0007    0.92958    0.92965          1     7.1757     6.7154       9.98     0.0307  4.924e-11  1.000e-12  2.031e+00     7.3184     7.3191     0.0007     5.3129     5.3135     30.220     30.902      0.300    1460.31    1460.30  0.000e+00
       2929     31.000    10.9106    10.9077    -0.0029    0.92943    0.92935          1     7.1717     6.7091       9.98     0.0300  4.924e-11  1.000e-12  2.031e+00     7.3182     7.3181    -0.0001     5.3134     5.3136     30.715     31.409      0.273    1460.29    1460.28  0.000e+00
       2971     31.500    10.9007    10.8893    -0.0114    0.92906    0.92876          1     7.1543     6.7115       9.98     0.0293  4.924e-11  1.000e-12  2.031e+00     7.3170     7.3167    -0.0003     5.3136     5.3147     31.211     31.915      0.285    1460.26    1460.22  0.000e+00
       3019     32.000    10.8645    10.8514    -0.0131    0.92792    0.92757          1     7.1713     6.7166       9.98     0.0287  4.924e-11  1.000e-12  2.031e+00     7.3144     7.3141    -0.0003     5.3159     5.3172     31.706     32.422      0.218    1460.13    1460.08  0.000e+00
       3073     32.500    10.8422    10.8242    -0.0179    0.92731    0.92700          1     7.1620     6.7108       9.98     0.0286  4.924e-11  1.000e-12  2.031e+00     7.3137     7.3146     0.0009     5.3179     5.3208     32.202     32.928      0.270    1460.05    1459.98  0.000e+00
       3112     33.000    10.7794    10.7586    -0.0209    0.92629    0.92613          1     7.1531     6.6992       9.98     0.0282  4.924e-11  1.000e-12  2.031e+00     7.3174     7.3202     0.0028     5.3282     5.3327     32.697     33.435      0.309    1459.82    1459.75  0.000e+00
       3156     33.500    10.7523    10.7371    -0.0153    0.92596    0.92562          1     7.1579     6.7010       9.98     0.0278  4.924e-11  1.000e-12  2.031e+00     7.3200     7.3201     0.0001     5.3333     5.3352     33.192     33.942      0.256    1459.73    1459.67  0.000e+00
       3198     34.000    10.7315    10.7002    -0.0313    0.92539    0.92487          1     7.1626     6.6985       9.98     0.0278  4.924e-11  1.000e-12  2.031e+00     7.3192     7.3210     0.0019     5.3351     5.3402     33.688     34.448      0.341    1459.66    1459.54  0.000e+00
       3233     34.500    10.6741    10.6297    -0.0445    0.92444    0.92374          1     7.1834     6.7060       9.98     0.0283  4.924e-11  1.000e-12  2.031e+00     7.3224     7.3254     0.0029     5.3443     5.3517     34.183     34.955      0.279    1459.45    1459.28  0.000e+00
       3291     35.000    10.5283    10.4336    -0.0949    0.92124    0.91958          1     7.2242     6.7504       9.98     0.0273  4.924e-11  1.000e-12  2.031e+00     7.3242     7.3289     0.0047     5.3623     5.3767     34.678     35.461      0.247    1458.90    1458.54  0.000e+00
       3331     35.500    10.1829     9.8540    -0.3284    0.91297    0.90657          1     7.2011     6.6739       9.98     0.0269  4.924e-11  1.000e-12  2.031e+00     7.3223     7.3331     0.0109     5.3993     5.4426     35.174     35.968      0.324    1457.57    1456.30  0.000e+00
       3380     36.000     9.4490     8.9153    -0.5349    0.89546    0.88502          1     7.2472     6.8345       9.98     0.0263  4.924e-11  1.000e-12  2.031e+00     7.3180     7.3348     0.0168     5.4725     5.5371     35.669     36.474      0.218    1454.70    1452.60  0.000e+00
       3430     36.500     7.9324     7.5485    -0.3829    0.86047    0.85440          1     7.2063     6.8002       9.98     0.0249  4.924e-11  1.000e-12  2.031e+00     7.3168     7.3415     0.0247     5.6088     5.6579     36.164     36.981      0.339    1448.61    1447.06  0.000e+00
       3465     37.000     7.2249     6.8949    -0.3312    0.84531    0.83936          1     7.4192     6.9756       9.98     0.0224  4.924e-11  1.000e-12  2.031e+00     7.3255     7.3399     0.0144     5.6690     5.7028     36.660     37.487      0.287    1445.71    1444.35  0.000e+00
       3518     37.500     6.9156     6.3997    -0.5151    0.83871    0.82907          1     7.3546     6.9927       9.98     0.0198  4.924e-11  1.000e-12  2.031e+00     7.3292     7.3486     0.0193     5.6929     5.7408     37.155     37.994      0.242    1444.43    1442.28  0.000e+00
       3556     38.000     6.0405     5.7280    -0.3137    0.81921    0.81436          1     7.4233     6.9644       9.98     0.0196  4.924e-11  1.000e-12  2.031e+00     7.3316     7.3526     0.0210     5.7477     5.7807     37.650     38.500      0.344    1440.73    1439.41  0.000e+00
       3601     38.500     5.7177     5.4413    -0.2752    0.81351    0.80864          1     7.5234     7.0813       9.98     0.0191  4.924e-11  1.000e-12  2.031e+00     7.3465     7.3595     0.0130     5.7765     5.7998     38.146     39.006      0.219    1439.37    1438.18  0.000e+00
       3657     39.000     5.2017     5.0464    -0.1566    0.80225    0.80056          1     7.5311     7.0642       9.98     0.0185  4.924e-11  1.000e-12  2.031e+00     7.3494     7.3669     0.0175     5.8023     5.8224     38.641     39.513      0.306    1437.13    1436.47  0.000e+00
       3693     39.500     4.7588     4.5723    -0.1866    0.79298    0.79059          1     7.6454     7.1672       9.98     0.0183  4.924e-11  1.000e-12  2.031e+00     7.3553     7.3729     0.0176     5.8242     5.8446     39.137     40.019      0.287    1435.20    1434.40  0.000e+00
       3745     40.000     4.4816     4.2704    -0.2106    0.78792    0.78481          1     7.6258     7.1964       9.98     0.0170  4.924e-11  1.000e-12  2.031e+00     7.3664     7.3823     0.0159     5.8424     5.8614     39.632     40.525      0.238    1433.99    1433.07  0.000e+00
       3785     40.500     4.1211     4.0289    -0.0925    0.78098    0.78037          1     7.6860     7.2104       9.98     0.0171  4.924e-11  1.000e-12  2.031e+00     7.3771     7.3917     0.0146     5.8614     5.8754     40.127     41.032      0.316    1432.40    1432.01  0.000e+00
       3833     41.000     4.0486     3.9731    -0.0755    0.78044    0.77984          1     7.6989     7.2295       9.98     0.0166  4.924e-11  1.000e-12  2.031e+00     7.3879     7.3988     0.0109     5.8719     5.8824     40.623     41.538      0.217    1432.10    1431.77  0.000e+00
       3882     41.500     3.9947     3.9453    -0.0494    0.78007    0.77998          1     7.6822     7.2169       9.98     0.0162  4.924e-11  1.000e-12  2.031e+00     7.3963     7.4065     0.0102     5.8799     5.8892     41.118     42.044      0.300    1431.88    1431.67  0.000e+00
       3923     42.000     3.9202     3.8778    -0.0423    0.77921    0.77920          1     7.6728     7.2095       9.98     0.0163  4.924e-11  1.000e-12  2.031e+00     7.4042     7.4138     0.0096     5.8880     5.8966     41.613     42.551      0.260    1431.56    1431.38  0.000e+00
       3976     42.500     3.8718     3.8359    -0.0360    0.77902    0.77900          1     7.7001     7.2317       9.98     0.0162  4.924e-11  1.000e-12  2.031e+00     7.4133     7.4212     0.0079     5.8963     5.9034     42.109     43.057      0.229    1431.36    1431.21  0.000e+00
       4021     43.000     3.8773     3.8595    -0.0179    0.77995    0.78016          1     7.6959     7.2324       9.98     0.0162  4.924e-11  1.000e-12  2.031e+00     7.4214     7.4276     0.0061     5.9026     5.9079     42.604     43.563      0.306    1431.40    1431.33  0.000e+00
       4061     43.500     3.8702     3.8475    -0.0227    0.78026    0.78030          1     7.6839     7.2089       9.98     0.0160  4.924e-11  1.000e-12  2.031e+00     7.4261     7.4317     0.0056     5.9065     5.9115     43.099     44.069      0.269    1431.39    1431.29  0.000e+00
       4111     44.000     3.8098     3.7715    -0.0383    0.77908    0.77875          1     7.6849     7.2161       9.98     0.0161  4.924e-11  1.000e-12  2.031e+00     7.4277     7.4331     0.0053     5.9092     5.9142     43.595     44.576      0.228    1431.12    1430.96  0.000e+00
       4161     44.500     3.7637     3.7283    -0.0355    0.77832    0.77799          1     7.6859     7.2246       9.98     0.0160  4.924e-11  1.000e-12  2.031e+00     7.4304     7.4351     0.0047     5.9123     5.9168     44.090     45.082      0.273    1430.92    1430.77  0.000e+00
       4201     45.000     3.7275     3.7041    -0.0234    0.77778    0.77766          1     7.6931     7.2259       9.98     0.0160  4.924e-11  1.000e-12  2.031e+00     7.4331     7.4372     0.0040     5.9152     5.9189     44.585     45.588      0.286    1430.77    1430.67  0.000e+00
       4253     45.500     3.6910     3.6621    -0.0289    0.77728    0.77703          1     7.6830     7.2217       9.98     0.0163  4.924e-11  1.000e-12  2.031e+00     7.4362     7.4402     0.0040     5.9184     5.9221     45.081     46.094      0.206    1430.62    1430.49  0.000e+00
       4306     46.000     3.6820     3.6780    -0.0041    0.77765    0.77791          1     7.6829     7.2285       9.98     0.0161  4.924e-11  1.000e-12  2.031e+00     7.4420     7.4456     0.0036     5.9232     5.9261     45.576     46.601      0.278    1430.59    1430.58  0.000e+00
       4345     46.500     3.6921     3.6706    -0.0215    0.77839    0.77830          1     7.6574     7.2050       9.98     0.0160  4.924e-11  1.000e-12  2.031e+00     7.4472     7.4512     0.0040     5.9271     5.9307     46.071     47.107      0.296    1430.65    1430.56  0.000e+00
       4395     47.000     3.6571     3.6380    -0.0192    0.77791    0.77781          1     7.6371     7.1829       9.98     0.0161  4.924e-11  1.000e-12  2.031e+00     7.4502     7.4536     0.0034     5.9302     5.9332     46.567     47.613      0.209    1430.51    1430.43  0.000e+00
       4449     47.500     3.5927     3.5506    -0.0421    0.77652    0.77592          1     7.5980     7.1556       9.98     0.0159  4.924e-11  1.000e-12  2.031e+00     7.4506     7.4541     0.0034     5.9317     5.9353     47.062     48.120      0.274    1430.22    1430.03  0.000e+00
       4488     48.000     3.5344     3.5269    -0.0074    0.77545    0.77569          1     7.6010     7.1548       9.98     0.0168  4.924e-11  1.000e-12  2.031e+00     7.4530     7.4571     0.0041     5.9347     5.9381     47.557     48.626      0.298    1429.97    1429.94  0.000e+00
       4534     48.500     3.5496     3.5299    -0.0197    0.77636    0.77623          1     7.5552     7.1081       9.98     0.0160  4.924e-11  1.000e-12  2.031e+00     7.4588     7.4619     0.0031     5.9390     5.9419     48.053     49.132      0.238    1430.05    1429.97  0.000e+00
       4585     49.000     3.4930     3.4706    -0.0224    0.77536    0.77512          1     7.4847     7.0584       9.98     0.0160  4.924e-11  1.000e-12  2.031e+00     7.4614     7.4641     0.0027     5.9421     5.9446     48.548     49.638      0.238    1429.81    1429.71  0.000e+00
       4634     49.500     3.4627     3.4453    -0.0174    0.77502    0.77485          1     7.4165     6.9980       9.98     0.0159  4.924e-11  1.000e-12  2.031e+00     7.4648     7.4670     0.0023     5.9453     5.9474     49.043     50.145      0.265    1429.68    1429.60  0.000e+00
       4675     50.000     3.4475     3.4324    -0.0151    0.77484    0.77473          1     7.3547     6.9330       9.98     0.0159  4.924e-11  1.000e-12  2.031e+00     7.4663     7.4687     0.0024     5.9468     5.9489     49.539     50.651      0.293    1429.62    1429.55  0.000e+00
       4726     50.500     3.4401     3.4308    -0.0093    0.77491    0.77494          1     7.3403     6.9134       9.98     0.0159  4.924e-11  1.000e-12  2.031e+00     7.4687     7.4712     0.0025     5.9488     5.9509     50.034     51.157      0.208    1429.60    1429.56  0.000e+00
       4780     51.000     3.4492     3.4430    -0.0063    0.77551    0.77568          1     7.3843     6.9352       9.98     0.0159  5.019e+00  1.000e-12  2.031e+00     7.4727     7.4759     0.0033     5.9518     5.9545     50.529     51.663      0.327    1429.65    1429.63  0.000e+00
       4813     51.500     3.4359     3.4121    -0.0238    0.77564    0.77556          1     7.3646     6.9192       9.98     0.0159  2.514e+03  1.000e-12  1.980e+00     7.4771     7.4817     0.0047     5.9555     5.9596     51.025     52.170      0.313    1429.61    1429.50  0.000e+00
       4863     52.000     3.4123     3.3995    -0.0128    0.77558    0.77560          1     7.2407     6.8072       9.98     0.0159 -3.401e+01  1.000e-12  2.031e+00     7.4818     7.4850     0.0032     5.9597     5.9624     51.520     52.676      0.213    1429.51    1429.46  0.000e+00
       4912     52.500     3.4048     3.3997    -0.0051    0.77597    0.77624          1     7.1127     6.7040       9.98     0.0159  4.924e-11  1.000e-12  2.031e+00     7.4876     7.4915     0.0039     5.9644     5.9676     52.015     53.182      0.288    1429.49    1429.48  0.000e+00
       4954     53.000     3.4012     3.3944    -0.0068    0.77665    0.77709          1     7.0372     6.6461       9.98     0.0159  4.924e-11  1.000e-12  2.031e+00     7.4954     7.5015     0.0061     5.9707     5.9756     52.511     53.688      0.268    1429.49    1429.47  0.000e+00
       5005     53.500     3.3942     3.3865    -0.0076    0.77759    0.77809          1     7.0004     6.5961       9.98     0.0159  4.924e-11  1.000e-12  2.031e+00     7.5066     7.5136     0.0069     5.9798     5.9854     53.006     54.195      0.222    1429.49    1429.46  0.000e+00
       5054     54.000     3.3934     3.3915    -0.0019    0.77878    0.77929          1     6.9314     6.5315       9.98     0.0159  4.924e-11  1.000e-12  2.031e+00     7.5192     7.5248     0.0057     5.9897     5.9943     53.501     54.701      0.286    1429.51    1429.50  0.000e+00
       5094     54.500     3.3930     3.3849    -0.0080    0.77961    0.78043          1     6.8419     6.4458       9.98     0.0165  4.924e-11  1.000e-12  2.031e+00     7.5278     7.5381     0.0103     5.9966     6.0049     53.997     55.207      0.281    1429.52    1429.50  0.000e+00
       5143     55.000     3.3876     3.3885     0.0009    0.78134    0.78296          1     6.7264     6.3508       9.98     0.0159  4.924e-11  1.000e-12  2.031e+00     7.5469     7.5635     0.0166     6.0119     6.0251     54.492     55.713      0.232    1429.53    1429.56  0.000e+00
       5189     55.500     3.4028     3.4474     0.0446    0.78424    0.78718          1     6.6208     6.2617       9.98     0.0159  4.924e-11  1.000e-12  2.031e+00     7.5733     7.5934     0.0200     6.0327     6.0479     54.987     56.220      0.298    1429.64    1429.87  0.000e+00
       5235     56.000     3.5065     3.6313     0.1247    0.78995    0.79618          1     6.6157     6.2479       9.98     0.0160  4.924e-11  1.000e-12  2.031e+00     7.6081     7.6431     0.0350     6.0586     6.0842     55.482     56.726      0.218    1430.17    1430.78  0.000e+00
       5292     56.500     3.6883     3.7230     0.0348    0.80085    0.80335          1     6.6223     6.2398       9.98     0.0159  4.924e-11  1.000e-12  2.031e+00     7.6778     7.6954     0.0175     6.1107     6.1239     55.978     57.232      0.253    1431.09    1431.27  0.000e+00
