ctdpy/exports/archive_20191121_122431/received_data/SBE09_0827_20180303_0738_26_01_0351.cnv
* Sea-Bird SBE 9 Data File:
* FileName = D:\CTD_SBE911\DAT\26DA.2018.3.51.hex
* Software Version Seasave V 7.21d
* Temperature SN = 034757
* Conductivity SN = 041844
* Number of Bytes Per Scan = 48
* Number of Voltage Words = 5
* Number of Scans Averaged by the Deck Unit = 1
* NMEA Latitude = 56 38.69 N
* NMEA Longitude = 017 00.72 E
* NMEA UTC (Time) = Mar 03 2018  07:38:43
* NMEA baud rate = 4800
** Ship: DANA
** Average sound velocity: 1426.13 m/s
** True-depth calculation Tue, 02 Apr 2019 12:09:52 +0000
** CTD Python Module SMHI /ver 3-12/ feb 2012 
** LIMS Job: 20182601-0351
** Operator:
** Cruise: 02/2018
# nquan = 26
# nvalues = 126                         
# units = specified
# name 0 = scan: Scan Count
# name 1 = prDM: Pressure, Digiquartz [db]
# name 2 = t090C: Temperature [ITS-90, deg C]
# name 3 = t190C: Temperature, 2 [ITS-90, deg C]
# name 4 = T2-T190C: Temperature Difference, 2 - 1 [ITS-90, deg C]
# name 5 = c0S/m: Conductivity [S/m]
# name 6 = c1S/m: Conductivity, 2 [S/m]
# name 7 = pumps: Pump Status
# name 8 = sbeox1ML/L: Oxygen, SBE 43, 2 [ml/l]
# name 9 = sbeox0ML/L: Oxygen, SBE 43 [ml/l]
# name 10 = altM: Altimeter [m]
# name 11 = chloroflTC0: Chlorophyll, Turner Cyclops [ug/l]
# name 12 = cpar: CPAR/Corrected Irradiance [%]
# name 13 = par: PAR/Irradiance, Biospherical/Lico [µE/(cm^2*s)]
# name 14 = spar: SPAR, Biospherical/Licor
# name 15 = sal00: Salinity, Practical [PSU]
# name 16 = sal11: Salinity, Practical, 2 [PSU]
# name 17 = secS-priS: Salinity, Practical, Difference, 2 - 1 [PSU]
# name 18 = sigma-t00: Density [sigma-t, kg/m^3 ]
# name 19 = sigma-t11: Density, 2 [sigma-t, kg/m^3 ]
# name 20 = depSM: Depth [salt water, m], lat = 56.6448
# name 21 = depFM: Depth [true depth, m], lat = 56.6448
# name 22 = dz/dtM: Descent Rate [m/s], WS = 2
# name 23 = svCM: Sound Velocity [Chen-Millero, m/s]
# name 24 = svCM1: Sound Velocity, 2 [Chen-Millero, m/s]
# name 25 = flag: flag
# span 0 =         59,       6244       
# span 1 =      1.000,     63.500       
# span 2 =     2.7933,     2.8180       
# span 3 =     2.7915,     2.8171       
# span 4 =    -0.0100,     0.0040       
# span 5 =   0.742377,   0.743515       
# span 6 =   0.741666,   0.742838       
# span 7 =          1,          1       
# span 8 =     8.5781,     8.6252       
# span 9 =     8.5023,     8.5423       
# span 10 =       1.32,       9.99      
# span 11 =     0.0115,     0.0183      
# span 12 = 5.1832e-13, 9.4392e+00      
# span 13 = 1.0000e-12, 1.9169e+01      
# span 14 = 1.8276e+02, 2.0308e+02      
# span 15 =     7.2829,     7.2842      
# span 16 =     7.2756,     7.2771      
# span 17 =    -0.0075,    -0.0062      
# span 18 =     5.8076,     5.8087      
# span 19 =     5.8017,     5.8031      
# span 20 =      0.991,     62.909      
# span 21 =      1.013,     64.304      
# span 22 =     -0.126,      0.571      
# span 23 =    1425.68,    1426.67      
# span 24 =    1425.65,    1426.65      
# span 25 = 0.0000e+00, 0.0000e+00      
# interval = decibars: 0.5              
# start_time = Mar 03 2018 07:38:44 [NMEA time, first data scan]
# bad_flag = -9.990e-29
*END*
[from data line 56]
       2857     29.000     2.7974     2.7948    -0.0025    0.74282    0.74210          1     8.6058     8.5212       9.95     0.0147  5.294e-13  1.000e-12  1.889e+02     7.2841     7.2771    -0.0070     5.8086     5.8030     28.732     29.367      0.345    1426.07    1426.04  0.000e+00
       2901     29.500     2.7967     2.7953    -0.0014    0.74282    0.74211          1     8.6092     8.5238       9.95     0.0147  5.295e-13  1.000e-12  1.889e+02     7.2841     7.2770    -0.0072     5.8087     5.8030     29.228     29.873      0.212    1426.07    1426.06  0.000e+00
       2964     30.000     2.7970     2.7971     0.0001    0.74282    0.74214          1     8.6177     8.5168       9.95     0.0147  5.295e-13  1.000e-12  1.889e+02     7.2840     7.2768    -0.0072     5.8086     5.8028     29.723     30.380      0.285    1426.08    1426.07  0.000e+00
       2999     30.500     2.7972     2.7967    -0.0005    0.74284    0.74215          1     8.6110     8.5211       9.95     0.0147  5.295e-13  1.000e-12  1.889e+02     7.2841     7.2769    -0.0071     5.8086     5.8029     30.219     30.886      0.326    1426.09    1426.08  0.000e+00
       3044     31.000     2.7982     2.7992     0.0009    0.74286    0.74218          1     8.6026     8.5282       9.95     0.0147  5.295e-13  1.000e-12  1.889e+02     7.2840     7.2766    -0.0074     5.8086     5.8026     30.714     31.392      0.231    1426.10    1426.10  0.000e+00
       3095     31.500     2.8001     2.7993    -0.0008    0.74289    0.74219          1     8.6074     8.5257       9.95     0.0152  5.301e-13  1.000e-12  1.887e+02     7.2838     7.2766    -0.0071     5.8084     5.8027     31.209     31.899      0.272    1426.12    1426.10  0.000e+00
       3137     32.000     2.7990     2.7973    -0.0017    0.74287    0.74216          1     8.6112     8.5332       9.95     0.0150  5.346e-13  1.000e-12  1.871e+02     7.2838     7.2767    -0.0071     5.8084     5.8028     31.705     32.405      0.257    1426.12    1426.10  0.000e+00
       3195     32.500     2.7987     2.7978    -0.0009    0.74288    0.74219          1     8.6062     8.5292       9.95     0.0148  5.352e-13  1.000e-12  1.868e+02     7.2839     7.2768    -0.0071     5.8085     5.8028     32.200     32.911      0.210    1426.13    1426.11  0.000e+00
       3246     33.000     2.8002     2.7997    -0.0005    0.74294    0.74224          1     8.6016     8.5232       9.95     0.0147  5.352e-13  1.000e-12  1.868e+02     7.2841     7.2769    -0.0072     5.8086     5.8028     32.695     33.418      0.264    1426.14    1426.13  0.000e+00
       3295     33.500     2.8005     2.8001    -0.0004    0.74296    0.74227          1     8.5987     8.5233       9.95     0.0150  5.352e-13  1.000e-12  1.868e+02     7.2842     7.2771    -0.0071     5.8087     5.8030     33.191     33.924      0.223    1426.15    1426.14  0.000e+00
       3347     34.000     2.8010     2.8014     0.0004    0.74298    0.74230          1     8.5982     8.5302       9.95     0.0147  5.352e-13  1.000e-12  1.868e+02     7.2842     7.2770    -0.0072     5.8087     5.8029     33.686     34.430      0.275    1426.16    1426.15  0.000e+00
       3385     34.500     2.8023     2.8014    -0.0009    0.74301    0.74232          1     8.6026     8.5216       9.95     0.0146  5.352e-13  1.000e-12  1.868e+02     7.2842     7.2771    -0.0070     5.8087     5.8030     34.181     34.937      0.312    1426.18    1426.16  0.000e+00
       3433     35.000     2.8009     2.8016     0.0007    0.74298    0.74231          1     8.5976     8.5184       9.95     0.0146  5.352e-13  1.000e-12  1.868e+02     7.2842     7.2769    -0.0072     5.8087     5.8029     34.677     35.443      0.193    1426.18    1426.17  0.000e+00
       3500     35.500     2.8022     2.8019    -0.0003    0.74302    0.74234          1     8.6177     8.5318       9.95     0.0143  5.353e-13  1.000e-12  1.868e+02     7.2842     7.2771    -0.0071     5.8087     5.8030     35.172     35.949      0.284    1426.19    1426.18  0.000e+00
       3537     36.000     2.8016     2.8001    -0.0015    0.74301    0.74231          1     8.6051     8.5231       9.95     0.0139  5.382e-13  1.000e-12  1.858e+02     7.2841     7.2771    -0.0070     5.8086     5.8030     35.667     36.456      0.263    1426.20    1426.18  0.000e+00
       3603     36.500     2.8005     2.7996    -0.0009    0.74298    0.74228          1     8.6044     8.5159       9.95     0.0146  5.408e-13  1.000e-12  1.849e+02     7.2841     7.2768    -0.0072     5.8086     5.8028     36.163     36.962      0.255    1426.20    1426.18  0.000e+00
       3642     37.000     2.8014     2.8028     0.0014    0.74297    0.74231          1     8.6067     8.5203       9.95     0.0137  5.411e-13  1.000e-12  1.848e+02     7.2836     7.2763    -0.0073     5.8082     5.8024     36.658     37.468      0.358    1426.21    1426.21  0.000e+00
       3680     37.500     2.8028     2.8028    -0.0001    0.74299    0.74231          1     8.6102     8.5337       9.95     0.0139  5.411e-13  1.000e-12  1.848e+02     7.2835     7.2763    -0.0072     5.8081     5.8024     37.153     37.975      0.267    1426.22    1426.22  0.000e+00
       3735     38.000     2.8022     2.8006    -0.0015    0.74299    0.74229          1     8.6008     8.5176       9.95     0.0142  5.411e-13  1.000e-12  1.848e+02     7.2835     7.2765    -0.0070     5.8081     5.8026     37.649     38.481      0.215    1426.23    1426.21  0.000e+00
       3786     38.500     2.7993     2.7987    -0.0006    0.74297    0.74229          1     8.6072     8.5222       9.95     0.0146  5.411e-13  1.000e-12  1.848e+02     7.2839     7.2769    -0.0070     5.8085     5.8029     38.144     38.987      0.247    1426.22    1426.21  0.000e+00
       3834     39.000     2.8007     2.8007    -0.0000    0.74302    0.74234          1     8.5967     8.5253       9.95     0.0148  5.419e-13  1.000e-12  1.845e+02     7.2840     7.2769    -0.0071     5.8085     5.8029     38.639     39.494      0.251    1426.24    1426.23  0.000e+00
       3888     39.500     2.8007     2.8004    -0.0003    0.74301    0.74233          1     8.5961     8.5241       9.95     0.0147  5.453e-13  1.000e-12  1.834e+02     7.2839     7.2768    -0.0071     5.8084     5.8028     39.135     40.000      0.203    1426.25    1426.24  0.000e+00
       3942     40.000     2.8000     2.8001     0.0000    0.74300    0.74233          1     8.6005     8.5194       9.95     0.0147  5.472e-13  1.000e-12  1.828e+02     7.2838     7.2767    -0.0071     5.8084     5.8027     39.630     40.506      0.317    1426.25    1426.24  0.000e+00
       3974     40.500     2.8018     2.8015    -0.0003    0.74304    0.74235          1     8.6077     8.5306       9.95     0.0140  5.471e-13  1.000e-12  1.828e+02     7.2838     7.2766    -0.0072     5.8083     5.8026     40.125     41.013      0.346    1426.27    1426.26  0.000e+00
       4024     41.000     2.8026     2.8019    -0.0007    0.74304    0.74235          1     8.6068     8.5252       9.95     0.0144  5.471e-13  1.000e-12  1.828e+02     7.2836     7.2764    -0.0072     5.8082     5.8025     40.621     41.519      0.212    1426.28    1426.27  0.000e+00
       4078     41.500     2.8021     2.8022     0.0001    0.74303    0.74236          1     8.6111     8.5212       9.95     0.0139  5.471e-13  1.000e-12  1.828e+02     7.2835     7.2764    -0.0071     5.8081     5.8024     41.116     42.025      0.295    1426.28    1426.28  0.000e+00
       4116     42.000     2.8036     2.8032    -0.0003    0.74307    0.74238          1     8.6036     8.5284       9.95     0.0143  5.471e-13  1.000e-12  1.828e+02     7.2835     7.2764    -0.0071     5.8081     5.8024     41.611     42.532      0.279    1426.30    1426.29  0.000e+00
       4180     42.500     2.8049     2.8047    -0.0002    0.74310    0.74241          1     8.6063     8.5276       9.95     0.0141  5.471e-13  1.000e-12  1.828e+02     7.2834     7.2763    -0.0071     5.8080     5.8023     42.107     43.038      0.214    1426.31    1426.30  0.000e+00
       4230     43.000     2.8034     2.8007    -0.0027    0.74307    0.74237          1     8.6125     8.5252       9.95     0.0143  5.471e-13  1.000e-12  1.828e+02     7.2834     7.2767    -0.0067     5.8081     5.8027     42.602     43.544      0.304    1426.31    1426.29  0.000e+00
       4266     43.500     2.8013     2.7989    -0.0025    0.74305    0.74236          1     8.6104     8.5237       9.95     0.0147  5.471e-13  1.000e-12  1.828e+02     7.2836     7.2769    -0.0068     5.8082     5.8028     43.097     44.051      0.340    1426.31    1426.29  0.000e+00
       4304     44.000     2.7996     2.7995    -0.0001    0.74304    0.74239          1     8.6013     8.5298       9.95     0.0146  5.471e-13  1.000e-12  1.828e+02     7.2838     7.2770    -0.0068     5.8084     5.8029     43.593     44.557      0.233    1426.31    1426.30  0.000e+00
       4379     44.500     2.8001     2.7992    -0.0010    0.74307    0.74238          1     8.6110     8.5280       9.95     0.0147  5.471e-13  1.000e-12  1.828e+02     7.2839     7.2769    -0.0070     5.8085     5.8029     44.088     45.063      0.262    1426.32    1426.31  0.000e+00
       4416     45.000     2.8001     2.7987    -0.0014    0.74305    0.74236          1     8.6103     8.5226       9.95     0.0140  5.471e-13  1.000e-12  1.828e+02     7.2837     7.2767    -0.0070     5.8083     5.8027     44.583     45.570      0.300    1426.33    1426.31  0.000e+00
       4464     45.500     2.7984     2.7971    -0.0013    0.74303    0.74235          1     8.6039     8.5243       9.95     0.0139  5.471e-13  1.000e-12  1.828e+02     7.2838     7.2769    -0.0069     5.8084     5.8029     45.079     46.076      0.216    1426.33    1426.31  0.000e+00
       4522     46.000     2.7973     2.7965    -0.0008    0.74303    0.74235          1     8.5992     8.5267       9.95     0.0139  5.471e-13  1.000e-12  1.828e+02     7.2840     7.2770    -0.0070     5.8085     5.8029     45.574     46.582      0.239    1426.33    1426.32  0.000e+00
       4569     46.500     2.7971     2.7965    -0.0006    0.74304    0.74236          1     8.6091     8.5284       9.95     0.0150  5.471e-13  1.000e-12  1.828e+02     7.2840     7.2770    -0.0070     5.8086     5.8030     46.069     47.088      0.253    1426.34    1426.33  0.000e+00
       4613     47.000     2.7971     2.7963    -0.0008    0.74304    0.74237          1     8.6017     8.5292       9.95     0.0144  5.471e-13  1.000e-12  1.828e+02     7.2840     7.2770    -0.0070     5.8086     5.8030     46.564     47.595      0.324    1426.35    1426.33  0.000e+00
       4646     47.500     2.7974     2.7986     0.0012    0.74306    0.74241          1     8.5945     8.5255       9.95     0.0138  5.471e-13  1.000e-12  1.828e+02     7.2840     7.2769    -0.0071     5.8086     5.8029     47.060     48.101      0.330    1426.36    1426.35  0.000e+00
       4710     48.000     2.7994     2.8000     0.0005    0.74311    0.74246          1     8.5995     8.5171       9.95     0.0139  5.471e-13  1.000e-12  1.828e+02     7.2841     7.2771    -0.0070     5.8086     5.8030     47.555     48.607      0.232    1426.38    1426.37  0.000e+00
       4764     48.500     2.8003     2.7993    -0.0010    0.74313    0.74245          1     8.6027     8.5157       9.95     0.0134  5.471e-13  1.000e-12  1.828e+02     7.2840     7.2771    -0.0069     5.8085     5.8030     48.050     49.114      0.369    1426.39    1426.37  0.000e+00
       4794     49.000     2.7995     2.7977    -0.0018    0.74312    0.74241          1     8.5984     8.5177       9.95     0.0134  5.471e-13  1.000e-12  1.828e+02     7.2840     7.2769    -0.0071     5.8085     5.8029     48.546     49.620      0.356    1426.39    1426.37  0.000e+00
       4839     49.500     2.7984     2.7973    -0.0012    0.74310    0.74241          1     8.6052     8.5209       9.95     0.0134  5.471e-13  1.000e-12  1.828e+02     7.2839     7.2769    -0.0070     5.8085     5.8029     49.041     50.126      0.201    1426.39    1426.38  0.000e+00
       4901     50.000     2.7981     2.7979    -0.0003    0.74309    0.74242          1     8.6051     8.5140       9.95     0.0138  5.471e-13  1.000e-12  1.828e+02     7.2839     7.2769    -0.0070     5.8085     5.8029     49.536     50.633      0.238    1426.40    1426.39  0.000e+00
       4945     50.500     2.7978     2.7968    -0.0010    0.74309    0.74241          1     8.5978     8.5230       9.95     0.0134  5.471e-13  1.000e-12  1.828e+02     7.2839     7.2769    -0.0069     5.8085     5.8029     50.032     51.139      0.305    1426.41    1426.39  0.000e+00
       4984     51.000     2.7970     2.7964    -0.0006    0.74308    0.74241          1     8.5993     8.5231       9.95     0.0139  5.471e-13  1.000e-12  1.828e+02     7.2839     7.2769    -0.0070     5.8085     5.8029     50.527     51.645      0.290    1426.41    1426.40  0.000e+00
       5032     51.500     2.7969     2.7969     0.0000    0.74309    0.74243          1     8.6028     8.5217       9.95     0.0141  5.471e-13  1.000e-12  1.828e+02     7.2839     7.2769    -0.0070     5.8085     5.8029     51.022     52.152      0.204    1426.42    1426.41  0.000e+00
       5100     52.000     2.7964     2.7952    -0.0012    0.74308    0.74239          1     8.5949     8.5126       9.95     0.0149  5.471e-13  1.000e-12  1.828e+02     7.2839     7.2769    -0.0070     5.8085     5.8029     51.517     52.658      0.242    1426.42    1426.41  0.000e+00
       5138     52.500     2.7955     2.7949    -0.0006    0.74307    0.74238          1     8.6025     8.5230       9.95     0.0136  5.471e-13  1.000e-12  1.828e+02     7.2838     7.2767    -0.0071     5.8084     5.8028     52.013     53.164      0.401    1426.43    1426.41  0.000e+00
       5168     53.000     2.7956     2.7950    -0.0006    0.74307    0.74239          1     8.6036     8.5332       9.95     0.0127  5.471e-13  1.000e-12  1.828e+02     7.2838     7.2768    -0.0070     5.8084     5.8028     52.508     53.671      0.329    1426.44    1426.42  0.000e+00
       5235     53.500     2.7959     2.7951    -0.0009    0.74309    0.74240          1     8.6027     8.5262       9.95     0.0132  5.457e-13  1.000e-12  1.833e+02     7.2838     7.2768    -0.0070     5.8084     5.8028     53.003     54.177      0.251    1426.45    1426.43  0.000e+00
       5279     54.000     2.7955     2.7949    -0.0006    0.74308    0.74240          1     8.6003     8.5284       9.95     0.0134  5.464e-13  1.000e-12  1.830e+02     7.2838     7.2767    -0.0071     5.8084     5.8028     53.499     54.683      0.341    1426.45    1426.44  0.000e+00
       5320     54.500     2.7954     2.7955     0.0000    0.74308    0.74240          1     8.6080     8.5318       9.95     0.0136  5.425e-13  1.000e-12  1.843e+02     7.2837     7.2766    -0.0071     5.8083     5.8026     53.994     55.190      0.234    1426.46    1426.45  0.000e+00
       5379     55.000     2.7964     2.7961    -0.0002    0.74309    0.74242          1     8.6035     8.5374       9.95     0.0139  5.413e-13  1.000e-12  1.847e+02     7.2836     7.2766    -0.0070     5.8082     5.8026     54.489     55.696      0.230    1426.47    1426.46  0.000e+00
       5426     55.500     2.7965     2.7961    -0.0004    0.74310    0.74243          1     8.5881     8.5234       9.87     0.0134  5.411e-13  1.000e-12  1.848e+02     7.2836     7.2766    -0.0070     5.8082     5.8027     54.985     56.202      0.251    1426.48    1426.47  0.000e+00
       5476     56.000     2.7968     2.7963    -0.0004    0.74311    0.74244          1     8.5906     8.5229       9.37     0.0131  5.411e-13  1.000e-12  1.848e+02     7.2836     7.2766    -0.0070     5.8082     5.8026     55.480     56.709      0.229    1426.49    1426.47  0.000e+00
