ctdpy/exports/archive_20191121_122431/received_data/SBE09_1044_20181108_1831_34_01_0118.cnv
* Sea-Bird SBE 9 Data File:
* FileName = C:\ctd\temp\ar18d118.hex
* Software Version Seasave V 7.26.7.107
* Temperature SN = 5351
* Conductivity SN = 3941
* Number of Bytes Per Scan = 41
* Number of Voltage Words = 4
* Number of Scans Averaged by the Deck Unit = 1
* NMEA Latitude = 59 29.02 N
* NMEA Longitude = 022 53.82 E
* NMEA UTC (Time) = Nov 08 2018  18:31:26
* NMEA baud rate = 4800
** Station:  LL12
** Operator:  JKro
** Ship: ARANDA
** Average sound velocity: 1451.87 m/s
** True-depth calculation Thu, 08 Nov 2018 19:48:44 +0000
** CTD Python Module SMHI /ver 3-12/ feb 2012 
** LIMS Job: 20183401-0118
** Cruise: SMHI-6-2018
** Latitude [GG MM.mm N]:
** Longitude [GG MM.mm E]
# nquan = 26
# nvalues = 158                         
# units = specified
# name 0 = scan: Scan Count
# name 1 = prDM: Pressure, Digiquartz [db]
# name 2 = t090C: Temperature [ITS-90, deg C]
# name 3 = t190C: Temperature, 2 [ITS-90, deg C]
# name 4 = T2-T190C: Temperature Difference, 2 - 1 [ITS-90, deg C]
# name 5 = c0S/m: Conductivity [S/m]
# name 6 = c1S/m: Conductivity, 2 [S/m]
# name 7 = pumps: Pump Status
# name 8 = sbeox0ML/L: Oxygen, SBE 43 [ml/l]
# name 9 = sbeox1ML/L: Oxygen, SBE 43, 2 [ml/l]
# name 10 = altM: Altimeter [m]
# name 11 = flECO-AFL: Chl-a Fluorescence, WET Labs ECO-AFL/FL [mg/m^3]
# name 12 = flECO-AFL1: Phycocyanin Fluorescence, WET Labs ECO-AFL/FL, 2 [mg/m^3]
# name 13 = par: PAR/Irradiance, Biospherical/Lico [µE/(cm^2*s)]
# name 14 = turbWETntu0: Turbidity, WET Labs ECO [NTU]
# name 15 = sal00: Salinity, Practical [PSU]
# name 16 = sal11: Salinity, Practical, 2 [PSU]
# name 17 = secS-priS: Salinity, Practical, Difference, 2 - 1 [PSU]
# name 18 = sigma-t00: Density [sigma-t, Kg/m^3 ]
# name 19 = sigma-t11: Density, 2 [sigma-t, Kg/m^3 ]
# name 20 = depSM: Depth [salt water, m], lat = 59.4837
# name 21 = depFM: Depth [true depth, m], lat = 59.4837
# name 22 = dz/dtM: Descent Rate [m/s], WS = 2
# name 23 = svCM: Sound Velocity [Chen-Millero, m/s]
# name 24 = svCM1: Sound Velocity, 2 [Chen-Millero, m/s]
# name 25 = flag: flag
# span 0 =      20476,      25175       
# span 1 =      1.000,     79.500       
# span 2 =     5.6650,    10.1653       
# span 3 =     5.6646,    10.1605       
# span 4 =    -0.0160,     0.0170       
# span 5 =   0.800527,   1.160366       
# span 6 =   0.800523,   1.160381       
# span 7 =          1,          1       
# span 8 =    0.13869,    7.11992       
# span 9 =    0.17687,    6.85639       
# span 10 =       0.96,      82.86      
# span 11 =     0.3318,     0.6312      
# span 12 =     0.1781,     0.3218      
# span 13 = 1.0000e-12, 1.7980e+00      
# span 14 =     0.2122,     3.9464      
# span 15 =     6.4246,    10.7061      
# span 16 =     6.4244,    10.7056      
# span 17 =    -0.0202,     0.0047      
# span 18 =     4.7058,     8.4155      
# span 19 =     4.7060,     8.4150      
# span 20 =      0.991,     78.739      
# span 21 =      1.014,     80.542      
# span 22 =     -0.062,      0.650      
# span 23 =    1441.40,    1455.88      
# span 24 =    1441.42,    1455.87      
# span 25 = 0.0000e+00, 0.0000e+00      
# interval = decibars: 0.5              
# start_time = Nov 08 2018 18:31:27 [NMEA time, first data scan]
# bad_flag = -9.990e-29
*END*
[from data line 112]
      23304     57.000     8.0188     8.0198     0.0010    0.80610    0.80608          1     5.7741     5.6573      25.62     0.3869     0.1791  1.000e-12  0.2686000     6.8021     6.8016    -0.0004     5.1990     5.1985     56.457     57.780      0.532    1448.66    1448.66  0.000e+00
      23329     57.500     7.9965     7.9980     0.0014    0.80587    0.80585          1     5.7707     5.6601      25.03     0.4092     0.2219  1.000e-12  0.2878000     6.8042     6.8037    -0.0004     5.2024     5.2019     56.952     58.287      0.469    1448.58    1448.58  0.000e+00
      23354     58.000     7.9388     7.9410     0.0022    0.80540    0.80540          1     5.7718     5.6472      24.50     0.4177     0.2656  1.000e-12  0.3139000     6.8111     6.8106    -0.0005     5.2124     5.2119     57.447     58.793      0.510    1448.36    1448.37  0.000e+00
      23376     58.500     7.8884     7.8906     0.0022    0.80526    0.80526          1     5.7618     5.6433      24.03     0.4067     0.2643  1.000e-12  0.3024000     6.8196     6.8191    -0.0005     5.2230     5.2224     57.943     59.300      0.594    1448.17    1448.18  0.000e+00
      23395     59.000     7.8530     7.8554     0.0024    0.80534    0.80534          1     5.7282     5.6203      23.56     0.4277     0.2489  1.000e-12  0.2813000     6.8271     6.8267    -0.0005     5.2317     5.2311     58.438     59.807      0.624    1448.04    1448.05  0.000e+00
      23414     59.500     7.7982     7.8006     0.0024    0.80572    0.80573          1     5.6738     5.5719      23.04     0.4171     0.2215  1.000e-12  0.2909000     6.8413     6.8408    -0.0004     5.2470     5.2464     58.933     60.313      0.569    1447.84    1447.85  0.000e+00
      23438     60.000     7.7646     7.7669     0.0022    0.80654    0.80653          1     5.6087     5.5238      22.47     0.4024     0.1900  1.000e-12  0.3111000     6.8552     6.8547    -0.0005     5.2605     5.2600     59.428     60.820      0.469    1447.73    1447.74  0.000e+00
      23465     60.500     7.7429     7.7452     0.0023    0.80700    0.80699          1     5.5544     5.4708      21.73     0.3892     0.2293  1.000e-12  0.3413000     6.8637     6.8631    -0.0005     5.2688     5.2682     59.923     61.326      0.485    1447.66    1447.67  0.000e+00
      23487     61.000     7.6977     7.7026     0.0049    0.80846    0.80839          1     5.4917     5.4144      20.96     0.3998     0.2065  1.000e-12  0.3338000     6.8859     6.8842    -0.0017     5.2896     5.2879     60.418     61.833      0.597    1447.51    1447.52  0.000e+00
      23506     61.500     7.6592     7.6618     0.0025    0.80937    0.80936          1     5.4048     5.3716      20.85     0.4316     0.2303  1.000e-12  0.2954000     6.9017     6.9011    -0.0005     5.3049     5.3043     60.914     62.340      0.643    1447.38    1447.39  0.000e+00
      23525     62.000     7.6034     7.6086     0.0052    0.80998    0.80997          1     5.2770     5.2959      20.44     0.4202     0.2349  1.000e-12  0.3439000     6.9183     6.9172    -0.0012     5.3222     5.3209     61.409     62.846      0.600    1447.17    1447.19  0.000e+00
      23547     62.500     7.4753     7.4832     0.0079    0.81137    0.81132          1     5.0746     5.1971      19.74     0.4047     0.2393  1.000e-12  0.3200000     6.9565     6.9545    -0.0020     5.3616     5.3595     61.904     63.353      0.506    1446.70    1446.73  0.000e+00
      23572     63.000     7.3562     7.3646     0.0084    0.81248    0.81243          1     4.7968     5.0663      18.65     0.3979     0.2358  1.000e-12  0.3084000     6.9906     6.9885    -0.0021     5.3970     5.3947     62.399     63.859      0.456    1446.25    1446.29  0.000e+00
      23598     63.500     7.1285     7.1450     0.0167    0.81578    0.81568          1     4.4918     4.8437      17.97     0.4331     0.2253  1.000e-12  0.2911000     7.0675     7.0631    -0.0044     5.4732     5.4686     62.894     64.366      0.517    1445.41    1445.47  0.000e+00
      23619     64.000     6.8049     6.8220     0.0170    0.81561    0.81569          1     4.2917     4.6195      17.82     0.4111     0.2780  1.000e-12  0.3118000     7.1324     7.1295    -0.0028     5.5458     5.5424     63.389     64.872      0.610    1444.14    1444.21  0.000e+00
      23638     64.500     6.6576     6.6594     0.0019    0.81519    0.81510          1     4.1991     4.4596      17.12     0.3903     0.2374  1.000e-12  0.3151000     7.1590     7.1577    -0.0013     5.5760     5.5749     63.885     65.379      0.631    1443.56    1443.57  0.000e+00
      23657     65.000     6.6887     6.6896     0.0009    0.81852    0.81842          1     4.1866     4.4250      16.28     0.4012     0.2399  1.000e-12  0.2806000     7.1838     7.1827    -0.0011     5.5936     5.5927     64.380     65.885      0.558    1443.73    1443.73  0.000e+00
      23683     65.500     6.6898     6.6909     0.0010    0.82447    0.82417          1     4.1692     4.4518      15.02     0.3845     0.2259  1.000e-12  0.2663000     7.2397     7.2366    -0.0031     5.6375     5.6350     64.875     66.392      0.420    1443.81    1443.81  0.000e+00
      23714     66.000     6.6537     6.6657     0.0120    0.84103    0.83917          1     3.8847     4.3414      14.90     0.3990     0.2067  1.000e-12  0.2670000     7.4042     7.3840    -0.0202     5.7692     5.7525     65.370     66.898      0.413    1443.87    1443.90  0.000e+00
      23740     66.500     6.3234     6.3339     0.0104    0.88179    0.88085          1     3.1959     3.9455      14.49     0.3862     0.2071  1.000e-12  0.3349000     7.8664     7.8550    -0.0114     6.1532     6.1436     65.865     67.404      0.530    1443.07    1443.09  0.000e+00
      23761     67.000     6.2388     6.2556     0.0166    0.91669    0.91579          1     2.5736     3.5049      14.05     0.4069     0.2005  1.000e-12  0.3204000     8.2222     8.2094    -0.0128     6.4384     6.4274     66.360     67.910      0.581    1443.16    1443.21  0.000e+00
      23781     67.500     5.7141     5.7289     0.0149    0.94206    0.94126          1     2.0382     3.0199      13.56     0.3947     0.1965  1.000e-12  0.3455000     8.5994     8.5878    -0.0116     6.7654     6.7555     66.855     68.416      0.551    1441.40    1441.45  0.000e+00
      23805     68.000     5.6650     5.6646    -0.0004    0.95975    0.95907          1     1.6333     2.5648      12.98     0.3633     0.2152  1.000e-12  0.3515000     8.7859     8.7794    -0.0065     6.9152     6.9100     67.351     68.922      0.481    1441.43    1441.42  0.000e+00
      23832     68.500     5.7592     5.7556    -0.0036    0.99037    0.98863          1     1.4211     2.2021      12.45     0.3789     0.2381  1.000e-12  0.3841000     9.0629     9.0467    -0.0162     7.1286     7.1160     67.846     69.428      0.414    1442.19    1442.16  0.000e+00
      23863     69.000     5.7787     5.7831     0.0045    1.01816    1.01720          1     1.3160     1.9345      11.90     0.3318     0.2076  1.000e-12  0.3564000     9.3321     9.3213    -0.0107     7.3397     7.3310     68.341     69.933      0.365    1442.63    1442.63  0.000e+00
      23895     69.500     5.6867     5.6891     0.0024    1.03535    1.03509          1     1.2865     1.6768      11.35     0.3489     0.2066  1.000e-12  0.3270000     9.5278     9.5245    -0.0033     7.4992     7.4965     68.836     70.439      0.419    1442.48    1442.49  0.000e+00
      23921     70.000     5.6840     5.6860     0.0020    1.03947    1.03939          1     1.2291     1.5102      10.89     0.3524     0.2071  1.000e-12  0.2937000     9.5694     9.5680    -0.0014     7.5322     7.5310     69.331     70.944      0.475    1442.53    1442.54  0.000e+00
      23948     70.500     5.7083     5.7084     0.0001    1.05548    1.05442          1     1.0549     1.3382      10.37     0.3630     0.1890  1.000e-12  0.2840000     9.7213     9.7107    -0.0106     7.6506     7.6423     69.826     71.450      0.389    1442.84    1442.83  0.000e+00
      23995     71.000     5.7139     5.7170     0.0031    1.06958    1.06789          1     0.8879     1.1156       9.70     0.3400     0.2199  1.000e-12  0.2834000     9.8598     9.8421    -0.0177     7.7595     7.7454     70.321     71.955      0.222    1443.05    1443.04  0.000e+00
      24042     71.500     5.7221     5.7212    -0.0008    1.08137    1.08057          1     0.7158     0.9382       9.41     0.3507     0.2002  1.000e-12  0.3220000     9.9746     9.9669    -0.0077     7.8496     7.8435     70.817     72.460      0.364    1443.23    1443.22  0.000e+00
      24072     72.000     5.7742     5.7715    -0.0028    1.09663    1.09593          1     0.5758     0.8092       9.23     0.3699     0.2151  1.000e-12  0.9419000    10.1109    10.1047    -0.0062     7.9540     7.9492     71.312     72.966      0.356    1443.64    1443.62  0.000e+00
      24121     72.500     5.8064     5.8083     0.0020    1.11250    1.11204          1     0.5409     0.7123       8.97     0.3881     0.2469  1.000e-12  3.0362000    10.2591    10.2539    -0.0052     8.0689     8.0647     71.807     73.471      0.213    1443.97    1443.97  0.000e+00
      24173     73.000     5.8054     5.8072     0.0018    1.12223    1.12180          1     0.5209     0.6384       8.64     0.4122     0.2850  1.000e-12  3.8581000    10.3562    10.3514    -0.0048     8.1455     8.1416     72.302     73.976      0.303    1444.10    1444.10  0.000e+00
      24211     73.500     5.8097     5.8116     0.0020    1.13263    1.13252          1     0.4429     0.5759       8.02     0.4038     0.2360  1.000e-12  3.9464000    10.4584    10.4568    -0.0017     8.2258     8.2244     72.797     74.481      0.291    1444.25    1444.26  0.000e+00
      24264     74.000     5.8134     5.8156     0.0023    1.13602    1.13601          1     0.4309     0.5197       7.02     0.4067     0.2548  1.000e-12  3.7555000    10.4910    10.4903    -0.0008     8.2513     8.2505     73.292     74.986      0.208    1444.32    1444.32  0.000e+00
      24310     74.500     5.8312     5.8334     0.0022    1.14476    1.14480          1     0.3825     0.4680       6.11     0.4207     0.2502  1.000e-12  3.6551000    10.5726    10.5723    -0.0003     8.3145     8.3141     73.787     75.491      0.338    1444.50    1444.51  0.000e+00
      24350     75.000     5.8669     5.8686     0.0017    1.15473    1.15452          1     0.3313     0.4326       5.60     0.4362     0.2943  1.000e-12  3.1897000    10.6607    10.6580    -0.0026     8.3817     8.3795     74.282     75.997      0.246    1444.77    1444.78  0.000e+00
      24407     75.500     5.8810     5.8833     0.0023    1.15729    1.15728          1     0.3070     0.3895       5.09     0.4427     0.2715  1.000e-12  2.9890000    10.6817    10.6809    -0.0008     8.3974     8.3967     74.778     76.502      0.233    1444.87    1444.88  0.000e+00
      24450     76.000     5.8876     5.8896     0.0020    1.15793    1.15791          1     0.2884     0.3586       4.67     0.4470     0.2669  1.000e-12  3.0745000    10.6860    10.6851    -0.0009     8.4004     8.3996     75.273     77.007      0.295    1444.91    1444.92  0.000e+00
      24494     76.500     5.8881     5.8902     0.0021    1.15823    1.15821          1     0.2561     0.3359       4.47     0.4589     0.2370  1.000e-12  3.0261000    10.6886    10.6878    -0.0008     8.4024     8.4017     75.768     77.512      0.240    1444.92    1444.93  0.000e+00
      24547     77.000     5.8910     5.8931     0.0021    1.15878    1.15878          1     0.2447     0.3154       4.50     0.4349     0.2577  1.000e-12  3.0205000    10.6931    10.6925    -0.0007     8.4058     8.4052     76.263     78.017      0.252    1444.95    1444.96  0.000e+00
      24589     77.500     5.8953     5.8973     0.0020    1.15974    1.15971          1     0.2225     0.2887       4.06     0.4682     0.2668  1.000e-12  3.0021000    10.7013    10.7003    -0.0010     8.4119     8.4111     76.758     78.522      0.284    1444.99    1444.99  0.000e+00
      24638     78.000     5.8968     5.8988     0.0020    1.16008    1.16007          1     0.2136     0.2765       3.41     0.4622     0.2664  1.000e-12  2.9833000    10.7041    10.7033    -0.0008     8.4141     8.4134     77.253     79.027      0.228    1445.01    1445.01  0.000e+00
      24686     78.500     5.8984     5.9004     0.0021    1.16032    1.16032          1     0.1963     0.2553       2.17     0.4316     0.2932  1.000e-12  3.0422000    10.7059    10.7052    -0.0007     8.4154     8.4148     77.748     79.532      0.296    1445.02    1445.03  0.000e+00
      24725     79.000     5.8989     5.9010     0.0021    1.16037    1.16038          1     0.1699     0.2401       1.44     0.4517     0.2701  1.000e-12  3.0113000    10.7061    10.7056    -0.0005     8.4155     8.4150     78.243     80.037      0.255    1445.03    1445.04  0.000e+00
      25175     79.500     5.9026     5.9044     0.0018    1.15984    1.16037          1     0.1387     0.1769       0.96     0.4475     0.2696  1.000e-12  2.8109000    10.6996    10.7043     0.0047     8.4102     8.4138     78.739     80.542     -0.062    1445.05    1445.06  0.000e+00
