ctdpy/exports/archive_20191121_122431/received_data/SBE09_0827_20180125_1559_26_01_0200.cnv
* Sea-Bird SBE 9 Data File:
* FileName = D:\CTD_SBE911\DAT\26DA.2018.1.100.hex
* Software Version Seasave V 7.21d
* Temperature SN = 034757
* Conductivity SN = 041844
* Number of Bytes Per Scan = 48
* Number of Voltage Words = 5
* Number of Scans Averaged by the Deck Unit = 1
* NMEA Latitude = 56 24.27 N
* NMEA Longitude = 012 15.78 E
* NMEA UTC (Time) = Jan 25 2018  15:59:52
* NMEA baud rate = 4800
** Ship: DANA
** Average sound velocity: 1454.89 m/s
** True-depth calculation Thu, 28 Mar 2019 08:29:45 +0000
** CTD Python Module SMHI /ver 3-12/ feb 2012 
** LIMS Job: 20182601-0200
** 7NW Kullen
** Operator: Ronny Sørensen
** Cruise: 01/2018
# nquan = 26
# nvalues = 58                          
# units = specified
# name 0 = scan: Scan Count
# name 1 = prDM: Pressure, Digiquartz [db]
# name 2 = t090C: Temperature [ITS-90, deg C]
# name 3 = t190C: Temperature, 2 [ITS-90, deg C]
# name 4 = T2-T190C: Temperature Difference, 2 - 1 [ITS-90, deg C]
# name 5 = c0S/m: Conductivity [S/m]
# name 6 = c1S/m: Conductivity, 2 [S/m]
# name 7 = pumps: Pump Status
# name 8 = sbeox1ML/L: Oxygen, SBE 43, 2 [ml/l]
# name 9 = sbeox0ML/L: Oxygen, SBE 43 [ml/l]
# name 10 = altM: Altimeter [m]
# name 11 = chloroflTC0: Chlorophyll, Turner Cyclops [ug/l]
# name 12 = cpar: CPAR/Corrected Irradiance [%]
# name 13 = par: PAR/Irradiance, Biospherical/Lico [µE/(cm^2*s)]
# name 14 = spar: SPAR, Biospherical/Licor
# name 15 = sal00: Salinity, Practical [PSU]
# name 16 = sal11: Salinity, Practical, 2 [PSU]
# name 17 = secS-priS: Salinity, Practical, Difference, 2 - 1 [PSU]
# name 18 = sigma-t00: Density [sigma-t, kg/m^3 ]
# name 19 = sigma-t11: Density, 2 [sigma-t, kg/m^3 ]
# name 20 = depSM: Depth [salt water, m], lat = 56.4045
# name 21 = depFM: Depth [true depth, m], lat = 56.4045
# name 22 = dz/dtM: Descent Rate [m/s], WS = 2
# name 23 = svCM: Sound Velocity [Chen-Millero, m/s]
# name 24 = svCM1: Sound Velocity, 2 [Chen-Millero, m/s]
# name 25 = flag: flag
# span 0 =        228,       3122       
# span 1 =      2.000,     30.500       
# span 2 =     3.3876,     7.1950       
# span 3 =     3.3865,     7.1946       
# span 4 =    -0.0140,     0.1439       
# span 5 =   1.684554,   3.330769       
# span 6 =   1.684012,   3.329921       
# span 7 =          1,          1       
# span 8 =     5.6490,     7.5493       
# span 9 =     5.7769,     7.6666       
# span 10 =       1.76,       9.95      
# span 11 =     0.0152,     0.0445      
# span 12 = 4.9241e-11, 4.9241e-11      
# span 13 = 1.0000e-12, 1.0000e-12      
# span 14 = 2.0308e+00, 2.0308e+00      
# span 15 =    17.3076,    32.6294      
# span 16 =    17.3020,    32.6206      
# span 17 =    -0.4464,     0.2197      
# span 18 =    13.7720,    25.5254      
# span 19 =    13.7676,    25.5186      
# span 20 =      1.982,     30.219      
# span 21 =      2.009,     30.515      
# span 22 =      0.026,      0.456      
# span 23 =    1441.37,    1476.95      
# span 24 =    1441.37,    1476.94      
# span 25 = 0.0000e+00, 0.0000e+00      
# interval = decibars: 0.5              
# start_time = Jan 25 2018 15:59:52 [NMEA time, first data scan]
# bad_flag = -9.990e-29
*END*
        228      2.000     3.4098     3.4086    -0.0013    1.68492    1.68478          1     7.5316     7.2229       9.95     0.0158  4.924e-11  1.000e-12  2.031e+00    17.3123    17.3114    -0.0009    13.7757    13.7751      1.982      2.009      0.288    1441.37    1441.37  0.000e+00
        324      2.500     3.4090     3.4080    -0.0009    1.68617    1.68638          1     7.5194     7.2539       9.95     0.0152  4.924e-11  1.000e-12  2.031e+00    17.3266    17.3294     0.0028    13.7871    13.7894      2.477      2.512      0.372    1441.40    1441.40  0.000e+00
        397      3.000     3.4092     3.4087    -0.0005    1.68579    1.68492          1     7.5201     7.5502       9.95     0.0156  4.924e-11  1.000e-12  2.031e+00    17.3220    17.3125    -0.0095    13.7835    13.7759      2.973      3.014      0.238    1441.40    1441.39  0.000e+00
        482      3.500     3.4096     3.4089    -0.0007    1.68556    1.68484          1     7.5413     7.6377       9.95     0.0203  4.924e-11  1.000e-12  2.031e+00    17.3190    17.3115    -0.0076    13.7811    13.7751      3.468      3.516      0.212    1441.41    1441.39  0.000e+00
        547      4.000     3.4097     3.4088    -0.0009    1.68455    1.68401          1     7.5491     7.6430       9.95     0.0208  4.924e-11  1.000e-12  2.031e+00    17.3076    17.3020    -0.0056    13.7720    13.7676      3.963      4.019      0.348    1441.40    1441.39  0.000e+00
        576      4.500     3.4095     3.4084    -0.0011    1.68488    1.68503          1     7.5401     7.6442       9.95     0.0212  4.924e-11  1.000e-12  2.031e+00    17.3113    17.3135     0.0022    13.7749    13.7767      4.459      4.521      0.395    1441.41    1441.41  0.000e+00
        622      5.000     3.4086     3.4066    -0.0020    1.68783    1.69008          1     7.5478     7.6560       9.95     0.0201  4.924e-11  1.000e-12  2.031e+00    17.3446    17.3707     0.0261    13.8014    13.8223      4.954      5.023      0.240    1441.46    1441.49  0.000e+00
        676      5.500     3.4071     3.4059    -0.0011    1.69293    1.69283          1     7.5454     7.6532       9.95     0.0179  4.924e-11  1.000e-12  2.031e+00    17.4021    17.4016    -0.0005    13.8472    13.8469      5.450      5.526      0.321    1441.54    1441.53  0.000e+00
        712      6.000     3.4055     3.4030    -0.0025    1.69623    1.69750          1     7.5335     7.6543       9.95     0.0166  4.924e-11  1.000e-12  2.031e+00    17.4397    17.4552     0.0156    13.8771    13.8896      5.945      6.028      0.296    1441.58    1441.59  0.000e+00
        770      6.500     3.4030     3.4012    -0.0018    1.70072    1.70145          1     7.5367     7.6587       9.95     0.0171  4.924e-11  1.000e-12  2.031e+00    17.4911    17.5002     0.0091    13.9181    13.9254      6.441      6.530      0.201    1441.65    1441.65  0.000e+00
        822      7.000     3.4006     3.3994    -0.0011    1.70609    1.70560          1     7.5311     7.6666       9.95     0.0206  4.924e-11  1.000e-12  2.031e+00    17.5523    17.5475    -0.0048    13.9668    13.9631      6.936      7.033      0.339    1441.72    1441.71  0.000e+00
        854      7.500     3.4000     3.3990    -0.0010    1.70719    1.70694          1     7.5283     7.6585       9.95     0.0232  4.924e-11  1.000e-12  2.031e+00    17.5647    17.5625    -0.0023    13.9767    13.9750      7.431      7.535      0.337    1441.75    1441.74  0.000e+00
        899      8.000     3.3998     3.3990    -0.0008    1.70782    1.70746          1     7.5210     7.6460       9.95     0.0221  4.924e-11  1.000e-12  2.031e+00    17.5717    17.5682    -0.0036    13.9823    13.9795      7.927      8.037      0.234    1441.76    1441.75  0.000e+00
        945      8.500     3.3997     3.3989    -0.0008    1.70891    1.70859          1     7.5122     7.6621       9.95     0.0224  4.924e-11  1.000e-12  2.031e+00    17.5839    17.5807    -0.0032    13.9920    13.9895      8.422      8.539      0.330    1441.78    1441.78  0.000e+00
        980      9.000     3.3995     3.3982    -0.0013    1.70973    1.70985          1     7.5493     7.6541       9.95     0.0239  4.924e-11  1.000e-12  2.031e+00    17.5929    17.5950     0.0021    13.9992    14.0009      8.918      9.042      0.286    1441.80    1441.80  0.000e+00
       1043      9.500     3.3972     3.3976     0.0004    1.71478    1.71065          1     7.5316     7.6487       9.95     0.0244  4.924e-11  1.000e-12  2.031e+00    17.6506    17.6041    -0.0465    14.0451    14.0081      9.413      9.544      0.228    1441.88    1441.82  0.000e+00
       1091     10.000     3.3930     3.3900    -0.0029    1.72270    1.72368          1     7.5207     7.6495       9.95     0.0245  4.924e-11  1.000e-12  2.031e+00    17.7414    17.7540     0.0125    14.1175    14.1276      9.908     10.046      0.309    1441.98    1441.99  0.000e+00
       1131     10.500     3.3894     3.3871    -0.0023    1.72826    1.72972          1     7.5338     7.6480       9.95     0.0244  4.924e-11  1.000e-12  2.031e+00    17.8055    17.8231     0.0177    14.1685    14.1826     10.404     10.548      0.263    1442.06    1442.07  0.000e+00
       1179     11.000     3.3876     3.3865    -0.0011    1.73214    1.73269          1     7.5255     7.6451       9.95     0.0244  4.924e-11  1.000e-12  2.031e+00    17.8498    17.8565     0.0067    14.2039    14.2092     10.899     11.050      0.271    1442.11    1442.12  0.000e+00
       1220     11.500     3.3889     3.3887    -0.0002    1.73439    1.73561          1     7.5212     7.6381       9.95     0.0244  4.924e-11  1.000e-12  2.031e+00    17.8742    17.8879     0.0138    14.2231    14.2341     11.395     11.553      0.296    1442.16    1442.17  0.000e+00
       1264     12.000     3.3923     3.3973     0.0050    1.74106    1.74805          1     7.5195     7.6456       9.95     0.0244  4.924e-11  1.000e-12  2.031e+00    17.9468    18.0225     0.0757    14.2807    14.3406     11.890     12.055      0.257    1442.28    1442.39  0.000e+00
       1310     12.500     3.3977     3.3953    -0.0025    1.75205    1.75028          1     7.5138     7.6428       9.95     0.0244  4.924e-11  1.000e-12  2.031e+00    18.0669    18.0485    -0.0184    14.3758    14.3613     12.385     12.557      0.265    1442.46    1442.43  0.000e+00
       1358     13.000     3.3943     3.3938    -0.0004    1.74827    1.74836          1     7.5050     7.6374       9.95     0.0244  4.924e-11  1.000e-12  2.031e+00    18.0264    18.0276     0.0012    14.3438    14.3448     12.881     13.059      0.210    1442.40    1442.40  0.000e+00
       1422     13.500     3.3946     3.3929    -0.0017    1.74985    1.74799          1     7.4917     7.6292       9.95     0.0244  4.924e-11  1.000e-12  2.031e+00    18.0437    18.0239    -0.0198    14.3575    14.3419     13.376     13.561      0.271    1442.43    1442.40  0.000e+00
       1457     14.000     3.4038     3.4080     0.0043    1.75860    1.75887          1     7.5190     7.6314       9.95     0.0247  4.924e-11  1.000e-12  2.031e+00    18.1366    18.1372     0.0005    14.4309    14.4312     13.872     14.063      0.379    1442.60    1442.62  0.000e+00
       1492     14.500     3.4274     3.4326     0.0052    1.77307    1.77355          1     7.5136     7.6101       9.95     0.0245  4.924e-11  1.000e-12  2.031e+00    18.2855    18.2879     0.0024    14.5480    14.5497     14.367     14.565      0.285    1442.91    1442.93  0.000e+00
       1545     15.000     3.4508     3.4523     0.0015    1.78017    1.77949          1     7.5039     7.6024       9.95     0.0252  4.924e-11  1.000e-12  2.031e+00    18.3518    18.3433    -0.0085    14.5995    14.5927     14.862     15.067      0.232    1443.10    1443.10  0.000e+00
       1586     15.500     3.4703     3.4734     0.0032    1.78543    1.78469          1     7.4689     7.5964       9.95     0.0253  4.924e-11  1.000e-12  2.031e+00    18.3996    18.3895    -0.0101    14.6365    14.6284     15.358     15.569      0.350    1443.26    1443.26  0.000e+00
       1622     16.000     3.4984     3.5024     0.0040    1.79284    1.79200          1     7.4739     7.5957       9.95     0.0245  4.924e-11  1.000e-12  2.031e+00    18.4665    18.4548    -0.0117    14.6882    14.6787     15.853     16.071      0.269    1443.48    1443.48  0.000e+00
       1696     16.500     3.5381     3.5407     0.0026    1.80562    1.80436          1     7.4614     7.5700       9.95     0.0252  4.924e-11  1.000e-12  2.031e+00    18.5870    18.5714    -0.0156    14.7818    14.7693     16.349     16.573      0.256    1443.81    1443.81  0.000e+00
       1737     17.000     3.5532     3.5557     0.0025    1.81110    1.81055          1     7.4484     7.5649       9.95     0.0255  4.924e-11  1.000e-12  2.031e+00    18.6396    18.6319    -0.0077    14.8228    14.8166     16.844     17.074      0.363    1443.96    1443.96  0.000e+00
       1773     17.500     3.5776     3.5796     0.0020    1.82159    1.81939          1     7.4021     7.5383       9.95     0.0249  4.924e-11  1.000e-12  2.031e+00    18.7428    18.7170    -0.0258    14.9035    14.8829     17.339     17.576      0.278    1444.21    1444.18  0.000e+00
       1827     18.000     3.5971     3.5959    -0.0013    1.82905    1.82701          1     7.0402     7.3075       9.95     0.0247  4.924e-11  1.000e-12  2.031e+00    18.8149    18.7928    -0.0221    14.9597    14.9422     17.835     18.078      0.254    1444.39    1444.36  0.000e+00
       1864     18.500     3.8561     3.9994     0.1435    1.95995    1.96442          1     7.1371     7.2739       9.95     0.0254  4.924e-11  1.000e-12  2.031e+00    20.1227    20.0821    -0.0407    15.9817    15.9400     18.330     18.579      0.379    1447.21    1447.77  0.000e+00
       1899     19.000     4.4498     4.5937     0.1439    2.24748    2.27612          1     7.0680     6.9711       9.95     0.0259  4.924e-11  1.000e-12  2.031e+00    22.9504    23.1701     0.2197    18.1818    18.3445     18.826     19.080      0.286    1453.39    1454.28  0.000e+00
       1952     19.500     4.7408     4.7536     0.0126    2.37777    2.36787          1     6.7262     6.7389       9.95     0.0269  4.924e-11  1.000e-12  2.031e+00    24.2006    24.0810    -0.1196    19.1485    19.0528     19.321     19.580      0.219    1456.23    1456.13  0.000e+00
       2003     20.000     4.9624     4.9479    -0.0140    2.47312    2.44505          1     6.3491     6.4926       9.95     0.0269  4.924e-11  1.000e-12  2.031e+00    25.0985    24.7973    -0.3012    19.8393    19.6025     19.816     20.080      0.239    1458.31    1457.86  0.000e+00
       2049     20.500     5.4616     5.5979     0.1356    2.72476    2.69468          1     6.3638     6.3743       9.95     0.0281  4.924e-11  1.000e-12  2.031e+00    27.4993    27.0529    -0.4464    21.6874    21.3203     20.312     20.579      0.316    1463.42    1463.41  0.000e+00
       2086     21.000     6.1675     6.2603     0.0928    2.98072    2.97211          1     6.2226     6.1399       9.95     0.0284  4.924e-11  1.000e-12  2.031e+00    29.7374    29.5617    -0.1757    23.3771    23.2277     20.807     21.077      0.291    1469.12    1469.27  0.000e+00
       2135     21.500     6.3954     6.4806     0.0853    3.05273    3.06132          1     5.9773     6.0654       9.95     0.0293  4.924e-11  1.000e-12  2.031e+00    30.3301    30.3487     0.0187    23.8176    23.8220     21.303     21.574      0.256    1470.78    1471.15  0.000e+00
       2171     22.000     6.5315     6.6043     0.0730    3.09953    3.10415          1     5.8963     6.0269       9.95     0.0293  4.924e-11  1.000e-12  2.031e+00    30.7217    30.7068    -0.0149    24.1096    24.0888     21.798     22.071      0.404    1471.82    1472.09  0.000e+00
       2201     22.500     6.6353     6.7548     0.1193    3.14554    3.16869          1     5.8652     5.9930       9.77     0.0293  4.924e-11  1.000e-12  2.031e+00    31.1316    31.2758     0.1443    24.4195    24.5180     22.293     22.569      0.331    1472.76    1473.41  0.000e+00
       2263     23.000     6.8804     6.9469     0.0665    3.23527    3.24025          1     5.7954     5.8887       9.31     0.0298  4.924e-11  1.000e-12  2.031e+00    31.8868    31.8797    -0.0071    24.9827    24.9685     22.789     23.066      0.264    1474.67    1474.92  0.000e+00
       2304     23.500     7.0463     7.0910     0.0448    3.29307    3.29015          1     5.7851     5.8314       8.82     0.0311  4.924e-11  1.000e-12  2.031e+00    32.3626    32.2889    -0.0737    25.3355    25.2715     23.284     23.562      0.357    1475.92    1476.00  0.000e+00
       2353     24.000     7.1209     7.1406     0.0197    3.31329    3.31082          1     5.7238     5.8072       8.31     0.0327  4.924e-11  1.000e-12  2.031e+00    32.5123    32.4669    -0.0454    25.4433    25.4049     23.779     24.059      0.232    1476.41    1476.43  0.000e+00
       2411     24.500     7.1404     7.1570     0.0166    3.31888    3.31624          1     5.6718     5.7990       7.82     0.0345  4.924e-11  1.000e-12  2.031e+00    32.5546    32.5102    -0.0445    25.4740    25.4368     24.275     24.556      0.405    1476.55    1476.55  0.000e+00
       2435     25.000     7.1512     7.1652     0.0139    3.32122    3.31860          1     5.6965     5.7991       7.34     0.0350  4.924e-11  1.000e-12  2.031e+00    32.5695    32.5279    -0.0416    25.4843    25.4496     24.770     25.052      0.456    1476.61    1476.62  0.000e+00
       2467     25.500     7.1589     7.1674     0.0084    3.32255    3.32009          1     5.6966     5.7900       6.83     0.0368  4.924e-11  1.000e-12  2.031e+00    32.5764    32.5418    -0.0346    25.4887    25.4603     25.266     25.549      0.268    1476.66    1476.65  0.000e+00
       2530     26.000     7.1640     7.1687     0.0046    3.32379    3.32108          1     5.6650     5.8010       6.37     0.0376  4.924e-11  1.000e-12  2.031e+00    32.5849    32.5510    -0.0339    25.4947    25.4674     25.761     26.046      0.293    1476.70    1476.68  0.000e+00
       2564     26.500     7.1762     7.1866     0.0103    3.32729    3.32515          1     5.6657     5.7938       5.85     0.0386  4.924e-11  1.000e-12  2.031e+00    32.6112    32.5781    -0.0331    25.5137    25.4863     26.256     26.542      0.303    1476.79    1476.79  0.000e+00
       2627     27.000     7.1873     7.1885     0.0012    3.32924    3.32684          1     5.6640     5.7801       5.32     0.0411  4.924e-11  1.000e-12  2.031e+00    32.6218    32.5945    -0.0273    25.5205    25.4988     26.752     27.039      0.263    1476.85    1476.82  0.000e+00
       2668     27.500     7.1885     7.1931     0.0045    3.32987    3.32816          1     5.6644     5.7771       4.86     0.0422  4.924e-11  1.000e-12  2.031e+00    32.6272    32.6043    -0.0229    25.5246    25.5059     27.247     27.535      0.352    1476.87    1476.86  0.000e+00
       2709     28.000     7.1915     7.1929     0.0014    3.33021    3.32852          1     5.6801     5.7775       4.31     0.0430  4.924e-11  1.000e-12  2.031e+00    32.6278    32.6081    -0.0197    25.5247    25.5090     27.742     28.032      0.234    1476.89    1476.87  0.000e+00
       2765     28.500     7.1917     7.1933     0.0016    3.33032    3.32884          1     5.6692     5.7769       3.89     0.0445  4.924e-11  1.000e-12  2.031e+00    32.6286    32.6110    -0.0177    25.5253    25.5112     28.238     28.529      0.323    1476.90    1476.89  0.000e+00
       2794     29.000     7.1906     7.1936     0.0030    3.33023    3.32896          1     5.6720     5.7824       3.38     0.0429  4.924e-11  1.000e-12  2.031e+00    32.6284    32.6117    -0.0167    25.5252    25.5117     28.733     29.025      0.387    1476.91    1476.90  0.000e+00
