ctdpy/exports/archive_20191121_122431/received_data/SBE09_1044_20180416_0143_34_07_0003.cnv
* Sea-Bird SBE 9 Data File:
* FileName = C:\ctd\temp\2018\AU18D003.hex
* Software Version Seasave V 7.26.6.26
* Temperature SN = 5351
* Conductivity SN = 3941
* Number of Bytes Per Scan = 41
* Number of Voltage Words = 4
* Number of Scans Averaged by the Deck Unit = 1
* NMEA Latitude = 58 20.42 N
* NMEA Longitude = 011 01.66 E
* NMEA UTC (Time) = Apr 16 2018  01:43:08
* NMEA baud rate = 4800
** Station:  A13
** Operator:  SSip
** Ship: AURA
** Average sound velocity: 1478.36 m/s
** True-depth calculation Mon, 16 Apr 2018 02:46:09 +0000
** CTD Python Module SMHI /ver 3-12/ feb 2012 
** LIMS Job: 20183407-0003
** Cruise: SMHI-01-2018
** Latitude [GG MM.mm N] :
** Longitude [GG MM.mm E]:
# nquan = 26
# nvalues = 173                         
# units = specified
# name 0 = scan: Scan Count
# name 1 = prDM: Pressure, Digiquartz [db]
# name 2 = t090C: Temperature [ITS-90, deg C]
# name 3 = t190C: Temperature, 2 [ITS-90, deg C]
# name 4 = T2-T190C: Temperature Difference, 2 - 1 [ITS-90, deg C]
# name 5 = c0S/m: Conductivity [S/m]
# name 6 = c1S/m: Conductivity, 2 [S/m]
# name 7 = pumps: Pump Status
# name 8 = sbeox0ML/L: Oxygen, SBE 43 [ml/l]
# name 9 = sbeox1ML/L: Oxygen, SBE 43, 2 [ml/l]
# name 10 = altM: Altimeter [m]
# name 11 = flECO-AFL: Chl-a Fluorescence, WET Labs ECO-AFL/FL [mg/m^3]
# name 12 = flECO-AFL1: Phycocyanin Fluorescence, WET Labs ECO-AFL/FL, 2 [mg/m^3]
# name 13 = par: PAR/Irradiance, Biospherical/Lico [µE/(cm^2*s)]
# name 14 = turbWETntu0: Turbidity, WET Labs ECO [NTU]
# name 15 = sal00: Salinity, Practical [PSU]
# name 16 = sal11: Salinity, Practical, 2 [PSU]
# name 17 = secS-priS: Salinity, Practical, Difference, 2 - 1 [PSU]
# name 18 = sigma-t00: Density [sigma-t, Kg/m^3 ]
# name 19 = sigma-t11: Density, 2 [sigma-t, Kg/m^3 ]
# name 20 = depSM: Depth [salt water, m], lat = 58.3403
# name 21 = depFM: Depth [true depth, m], lat = 58.3403
# name 22 = dz/dtM: Descent Rate [m/s], WS = 2
# name 23 = svCM: Sound Velocity [Chen-Millero, m/s]
# name 24 = svCM1: Sound Velocity, 2 [Chen-Millero, m/s]
# name 25 = flag: flag
# span 0 =       4625,      10137       
# span 1 =     14.500,    100.500       
# span 2 =     3.8160,     7.3552       
# span 3 =     3.8359,     7.3559       
# span 4 =    -0.0622,     0.0302       
# span 5 =   2.833951,   3.552525       
# span 6 =   2.840434,   3.552606       
# span 7 =          1,          1       
# span 8 =    5.69551,    7.52056       
# span 9 =    5.62730,    7.40992       
# span 10 =       4.29,      98.73      
# span 11 =     0.0428,     0.5580      
# span 12 =     0.1472,     0.3186      
# span 13 = 1.0000e-12, 1.0000e-12      
# span 14 =     0.1599,     2.4059      
# span 15 =    30.1878,    34.9150      
# span 16 =    30.2454,    34.9150      
# span 17 =    -0.0727,     0.0713      
# span 18 =    23.9768,    27.3539      
# span 19 =    24.0208,    27.3539      
# span 20 =     14.365,     99.542      
# span 21 =     14.402,     99.687      
# span 22 =     -0.160,      0.624      
# span 23 =    1459.90,    1480.78      
# span 24 =    1460.06,    1480.78      
# span 25 = 0.0000e+00, 0.0000e+00      
# interval = decibars: 0.5              
# start_time = Apr 16 2018 01:43:08 [NMEA time, first data scan]
# bad_flag = -9.990e-29
*END*
[from data line 56]
       7712     42.500     7.2373     7.2372    -0.0000    3.52595    3.52592          1     5.9867     5.9028      61.81     0.1065     0.2131  1.000e-12  0.2372000    34.7110    34.7108    -0.0002    27.1579    27.1578     42.101     42.183      0.599    1479.91    1479.91  0.000e+00
       7733     43.000     7.2523     7.2513    -0.0010    3.52801    3.52793          1     5.9895     5.9161      61.15     0.1074     0.1941  1.000e-12  0.2318000    34.7184    34.7185     0.0001    27.1616    27.1618     42.596     42.679      0.577    1479.98    1479.98  0.000e+00
       7754     43.500     7.2728     7.2729     0.0001    3.53104    3.53103          1     5.9754     5.9111      60.52     0.0803     0.2135  1.000e-12  0.2467000    34.7307    34.7304    -0.0003    27.1683    27.1681     43.091     43.174      0.552    1480.09    1480.09  0.000e+00
       7776     44.000     7.2600     7.2609     0.0009    3.53035    3.53040          1     5.9562     5.8927      60.03     0.0891     0.1792  1.000e-12  0.2604000    34.7357    34.7353    -0.0004    27.1741    27.1737     43.586     43.670      0.552    1480.05    1480.05  0.000e+00
       7798     44.500     7.2375     7.2379     0.0004    3.52837    3.52839          1     5.9553     5.8787      59.53     0.0648     0.2436  1.000e-12  0.2632000    34.7364    34.7362    -0.0002    27.1779    27.1776     44.082     44.166      0.558    1479.97    1479.98  0.000e+00
       7819     45.000     7.2579     7.2593     0.0014    3.53074    3.53094          1     5.9624     5.8751      59.09     0.0731     0.1949  1.000e-12  0.2738000    34.7416    34.7424     0.0008    27.1790    27.1795     44.577     44.662      0.557    1480.07    1480.07  0.000e+00
       7841     45.500     7.2941     7.2935    -0.0006    3.53538    3.53533          1     5.9613     5.8763      58.57     0.0793     0.1699  1.000e-12  0.2650000    34.7556    34.7557     0.0001    27.1849    27.1851     45.072     45.158      0.571    1480.23    1480.23  0.000e+00
       7861     46.000     7.3006     7.3009     0.0003    3.53645    3.53646          1     5.9599     5.8779      58.26     0.0807     0.1802  1.000e-12  0.2475000    34.7606    34.7604    -0.0001    27.1879    27.1878     45.567     45.653      0.580    1480.27    1480.27  0.000e+00
       7882     46.500     7.3024     7.3027     0.0002    3.53675    3.53677          1     5.9497     5.8763      57.64     0.0893     0.2324  1.000e-12  0.2535000    34.7618    34.7618    -0.0000    27.1886    27.1886     46.063     46.149      0.562    1480.29    1480.29  0.000e+00
       7904     47.000     7.3023     7.3028     0.0005    3.53699    3.53701          1     5.9502     5.8743      57.14     0.0770     0.2305  1.000e-12  0.2522000    34.7643    34.7640    -0.0003    27.1906    27.1903     46.558     46.645      0.532    1480.30    1480.30  0.000e+00
       7927     47.500     7.2874     7.2883     0.0009    3.53581    3.53587          1     5.9474     5.8696      56.60     0.0776     0.2414  1.000e-12  0.2698000    34.7661    34.7659    -0.0002    27.1942    27.1939     47.053     47.141      0.530    1480.25    1480.26  0.000e+00
       7949     48.000     7.2701     7.2708     0.0007    3.53448    3.53454          1     5.9359     5.8632      56.10     0.0882     0.2173  1.000e-12  0.2774000    34.7687    34.7687    -0.0000    27.1987    27.1985     47.548     47.637      0.544    1480.20    1480.20  0.000e+00
       7971     48.500     7.2453     7.2460     0.0008    3.53287    3.53292          1     5.9486     5.8755      55.72     0.0822     0.2264  1.000e-12  0.2731000    34.7758    34.7756    -0.0002    27.2078    27.2075     48.044     48.132      0.551    1480.12    1480.12  0.000e+00
       7993     49.000     7.2377     7.2380     0.0003    3.53297    3.53300          1     5.9680     5.8831      55.24     0.0748     0.2224  1.000e-12  0.2756000    34.7843    34.7844     0.0001    27.2155    27.2156     48.539     48.628      0.564    1480.11    1480.11  0.000e+00
       8014     49.500     7.2729     7.2726    -0.0003    3.53731    3.53735          1     5.9545     5.8753      54.61     0.0650     0.1782  1.000e-12  0.2697000    34.7961    34.7969     0.0008    27.2198    27.2205     49.034     49.124      0.579    1480.27    1480.27  0.000e+00
       8034     50.000     7.3161     7.3156    -0.0005    3.54318    3.54311          1     5.9272     5.8569      54.20     0.0503     0.1924  1.000e-12  0.2347000    34.8166    34.8163    -0.0003    27.2298    27.2297     49.529     49.620      0.576    1480.47    1480.47  0.000e+00
       8056     50.500     7.3366     7.3368     0.0002    3.54634    3.54635          1     5.9121     5.8367      53.65     0.0767     0.2200  1.000e-12  0.2285000    34.8302    34.8300    -0.0002    27.2376    27.2375     50.024     50.115      0.552    1480.57    1480.57  0.000e+00
       8078     51.000     7.3380     7.3388     0.0008    3.54695    3.54701          1     5.8944     5.8308      53.13     0.0681     0.1887  1.000e-12  0.2373000    34.8352    34.8350    -0.0001    27.2414    27.2411     50.520     50.611      0.537    1480.59    1480.59  0.000e+00
       8100     51.500     7.3412     7.3417     0.0006    3.54781    3.54786          1     5.8795     5.8151      52.65     0.0682     0.1885  1.000e-12  0.2472000    34.8412    34.8412    -0.0000    27.2456    27.2455     51.015     51.107      0.545    1480.62    1480.62  0.000e+00
       8122     52.000     7.3482     7.3487     0.0005    3.54897    3.54900          1     5.8757     5.7974      52.13     0.0777     0.2344  1.000e-12  0.2465000    34.8464    34.8462    -0.0002    27.2487    27.2485     51.510     51.603      0.552    1480.66    1480.66  0.000e+00
       8144     52.500     7.3455     7.3461     0.0006    3.54900    3.54906          1     5.8769     5.8062      51.74     0.0832     0.2721  1.000e-12  0.2403000    34.8493    34.8493    -0.0000    27.2514    27.2513     52.005     52.098      0.562    1480.66    1480.66  0.000e+00
       8165     53.000     7.3403     7.3408     0.0005    3.54873    3.54879          1     5.8825     5.8147      51.17     0.0684     0.2219  1.000e-12  0.2409000    34.8513    34.8514     0.0001    27.2537    27.2537     52.501     52.594      0.581    1480.65    1480.65  0.000e+00
       8185     53.500     7.3434     7.3438     0.0004    3.54967    3.54971          1     5.8862     5.8017      50.75     0.1021     0.2218  1.000e-12  0.2582000    34.8582    34.8583     0.0001    27.2587    27.2587     52.996     53.090      0.584    1480.68    1480.68  0.000e+00
       8206     54.000     7.3468     7.3475     0.0007    3.55038    3.55046          1     5.8833     5.7972      50.30     0.0647     0.1996  1.000e-12  0.2649000    34.8622    34.8624     0.0002    27.2614    27.2614     53.491     53.586      0.550    1480.71    1480.71  0.000e+00
       8229     54.500     7.3493     7.3500     0.0007    3.55085    3.55094          1     5.8777     5.8048      49.81     0.0610     0.1911  1.000e-12  0.2608000    34.8646    34.8649     0.0002    27.2629    27.2630     53.986     54.081      0.538    1480.73    1480.73  0.000e+00
       8250     55.000     7.3522     7.3528     0.0007    3.55155    3.55160          1     5.8733     5.8023      49.27     0.0710     0.2198  1.000e-12  0.2664000    34.8691    34.8691    -0.0000    27.2660    27.2659     54.482     54.577      0.565    1480.75    1480.76  0.000e+00
       8271     55.500     7.3552     7.3559     0.0008    3.55253    3.55261          1     5.8611     5.7878      48.76     0.0686     0.2074  1.000e-12  0.2718000    34.8765    34.8767     0.0002    27.2715    27.2714     54.977     55.073      0.593    1480.78    1480.78  0.000e+00
       8291     56.000     7.3255     7.3270     0.0015    3.55007    3.55020          1     5.8390     5.7652      48.24     0.0489     0.1472  1.000e-12  0.2827000    34.8794    34.8793    -0.0001    27.2779    27.2777     55.472     55.569      0.601    1480.68    1480.69  0.000e+00
       8311     56.500     7.2982     7.2987     0.0006    3.54744    3.54749          1     5.8208     5.7463      47.83     0.0482     0.1701  1.000e-12  0.3649000    34.8779    34.8779    -0.0000    27.2807    27.2806     55.967     56.064      0.602    1480.58    1480.58  0.000e+00
       8331     57.000     7.2646     7.2651     0.0005    3.54405    3.54412          1     5.8046     5.7286      47.30     0.0565     0.1981  1.000e-12  0.4454000    34.8745    34.8748     0.0003    27.2827    27.2829     56.462     56.560      0.600    1480.46    1480.46  0.000e+00
       8351     57.500     7.2669     7.2676     0.0007    3.54452    3.54461          1     5.7903     5.7119      46.81     0.0515     0.1484  1.000e-12  0.5311000    34.8770    34.8773     0.0003    27.2844    27.2845     56.958     57.056      0.584    1480.48    1480.48  0.000e+00
       8372     58.000     7.2675     7.2683     0.0008    3.54496    3.54503          1     5.7746     5.7027      46.29     0.0451     0.2015  1.000e-12  0.6097000    34.8810    34.8811     0.0000    27.2875    27.2874     57.453     57.552      0.567    1480.49    1480.49  0.000e+00
       8393     58.500     7.2666     7.2669     0.0004    3.54494    3.54499          1     5.7669     5.7041      45.79     0.0510     0.1782  1.000e-12  0.6595000    34.8815    34.8816     0.0002    27.2880    27.2880     57.948     58.047      0.565    1480.50    1480.50  0.000e+00
       8414     59.000     7.2668     7.2675     0.0006    3.54511    3.54516          1     5.7667     5.7141      45.20     0.0563     0.1983  1.000e-12  0.7041000    34.8828    34.8827    -0.0001    27.2890    27.2888     58.443     58.543      0.574    1480.51    1480.51  0.000e+00
       8435     59.500     7.2643     7.2648     0.0005    3.54498    3.54504          1     5.7597     5.7063      44.73     0.0428     0.2461  1.000e-12  0.6864000    34.8837    34.8838     0.0001    27.2900    27.2901     58.938     59.039      0.585    1480.51    1480.51  0.000e+00
       8456     60.000     7.2599     7.2602     0.0003    3.54465    3.54469          1     5.7444     5.6751      44.22     0.0515     0.2300  1.000e-12  0.6920000    34.8843    34.8844     0.0002    27.2911    27.2912     59.434     59.535      0.584    1480.50    1480.50  0.000e+00
       8476     60.500     7.2219     7.2238     0.0019    3.54113    3.53972          1     5.7214     5.6388      43.72     0.0591     0.1826  1.000e-12  0.7791000    34.8839    34.8664    -0.0175    27.2962    27.2822     59.929     60.030      0.590    1480.36    1480.35  0.000e+00
       8496     61.000     7.1989     7.2008     0.0019    3.53914    3.53927          1     5.7090     5.6273      43.22     0.0582     0.2157  1.000e-12  0.9529000    34.8850    34.8845    -0.0005    27.3003    27.2997     60.424     60.526      0.602    1480.28    1480.29  0.000e+00
       8516     61.500     7.1821     7.1840     0.0019    3.53785    3.53800          1     5.7033     5.6333      42.78     0.0482     0.2377  1.000e-12  1.2229000    34.8877    34.8874    -0.0003    27.3048    27.3043     60.919     61.022      0.603    1480.23    1480.24  0.000e+00
       8536     62.000     7.1780     7.1786     0.0006    3.53754    3.53761          1     5.6955     5.6351      42.28     0.0661     0.2225  1.000e-12  1.3427000    34.8882    34.8883     0.0001    27.3058    27.3058     61.415     61.518      0.595    1480.22    1480.23  0.000e+00
       8556     62.500     7.1662     7.1676     0.0014    3.53678    3.53687          1     5.6964     5.6399      41.76     0.0728     0.2218  1.000e-12  1.4008000    34.8915    34.8910    -0.0005    27.3100    27.3095     61.910     62.013      0.588    1480.19    1480.19  0.000e+00
       8577     63.000     7.1392     7.1404     0.0013    3.53502    3.53510          1     5.7190     5.6605      41.27     0.0753     0.2218  1.000e-12  1.4649000    34.8992    34.8988    -0.0004    27.3200    27.3195     62.405     62.509      0.577    1480.10    1480.11  0.000e+00
       8598     63.500     7.1052     7.1048    -0.0004    3.53257    3.53252          1     5.7535     5.6884      40.72     0.0667     0.2420  1.000e-12  1.5700000    34.9065    34.9064    -0.0001    27.3305    27.3304     62.900     63.005      0.568    1479.99    1479.99  0.000e+00
       8619     64.000     7.0946     7.0954     0.0008    3.53172    3.53179          1     5.7807     5.7089      40.30     0.0666     0.2525  1.000e-12  1.6690000    34.9077    34.9076    -0.0001    27.3329    27.3327     63.395     63.500      0.583    1479.96    1479.96  0.000e+00
       8639     64.500     7.0830     7.0834     0.0004    3.53078    3.53082          1     5.7959     5.7232      39.88     0.0679     0.2078  1.000e-12  1.6891000    34.9088    34.9088     0.0001    27.3354    27.3354     63.891     63.996      0.600    1479.92    1479.92  0.000e+00
       8659     65.000     7.0692     7.0698     0.0007    3.52964    3.52969          1     5.8065     5.7383      39.36     0.0681     0.1933  1.000e-12  1.7100000    34.9101    34.9099    -0.0001    27.3383    27.3381     64.386     64.492      0.602    1479.88    1479.88  0.000e+00
       8679     65.500     7.0538     7.0544     0.0006    3.52834    3.52838          1     5.8079     5.7494      38.90     0.0637     0.1997  1.000e-12  1.7307000    34.9111    34.9110    -0.0001    27.3413    27.3411     64.881     64.988      0.588    1479.83    1479.83  0.000e+00
       8700     66.000     7.0488     7.0499     0.0011    3.52792    3.52802          1     5.8155     5.7487      38.42     0.0580     0.2145  1.000e-12  1.7420000    34.9113    34.9113    -0.0000    27.3422    27.3420     65.376     65.483      0.567    1479.82    1479.82  0.000e+00
       8721     66.500     7.0429     7.0439     0.0011    3.52742    3.52752          1     5.8292     5.7513      37.88     0.0650     0.2383  1.000e-12  1.7485000    34.9115    34.9115    -0.0000    27.3431    27.3430     65.871     65.979      0.569    1479.80    1479.81  0.000e+00
       8742     67.000     7.0388     7.0398     0.0010    3.52709    3.52720          1     5.8434     5.7556      37.38     0.0765     0.3056  1.000e-12  1.7312000    34.9118    34.9119     0.0001    27.3440    27.3439     66.366     66.475      0.585    1479.80    1479.80  0.000e+00
       8762     67.500     7.0355     7.0365     0.0010    3.52685    3.52693          1     5.8482     5.7532      36.91     0.0856     0.2780  1.000e-12  1.7559000    34.9123    34.9121    -0.0001    27.3448    27.3445     66.862     66.970      0.587    1479.79    1479.80  0.000e+00
       8783     68.000     7.0333     7.0341     0.0007    3.52670    3.52677          1     5.8425     5.7507      36.40     0.0893     0.2520  1.000e-12  1.7828000    34.9125    34.9125     0.0000    27.3452    27.3451     67.357     67.466      0.587    1479.79    1479.80  0.000e+00
       8803     68.500     7.0324     7.0332     0.0008    3.52665    3.52673          1     5.8388     5.7612      35.87     0.0881     0.2250  1.000e-12  1.7986000    34.9127    34.9127     0.0000    27.3455    27.3454     67.852     67.962      0.591    1479.80    1479.80  0.000e+00
       8823     69.000     7.0306     7.0314     0.0008    3.52653    3.52661          1     5.8408     5.7653      35.40     0.0771     0.2069  1.000e-12  1.7737000    34.9129    34.9130     0.0001    27.3460    27.3459     68.347     68.458      0.599    1479.80    1479.80  0.000e+00
       8843     69.500     7.0304     7.0310     0.0007    3.52657    3.52664          1     5.8445     5.7628      34.90     0.0880     0.2835  1.000e-12  1.7981000    34.9134    34.9135     0.0001    27.3464    27.3463     68.842     68.953      0.602    1479.81    1479.81  0.000e+00
