ctdpy/exports/archive_20191121_122431/received_data/SBE09_1044_20181112_0652_34_01_0135.cnv
* Sea-Bird SBE 9 Data File:
* FileName = C:\ctd\temp\ar18d135.hex
* Software Version Seasave V 7.26.7.107
* Temperature SN = 5351
* Conductivity SN = 3941
* Number of Bytes Per Scan = 41
* Number of Voltage Words = 4
* Number of Scans Averaged by the Deck Unit = 1
* NMEA Latitude = 58 17.68 N
* NMEA Longitude = 010 50.70 E
* NMEA UTC (Time) = Nov 12 2018  06:52:26
* NMEA baud rate = 4800
** Station:  A15
** Operator:  JKro
** Ship: ARANDA
** Average sound velocity: 1489.34 m/s
** True-depth calculation Mon, 12 Nov 2018 07:50:16 +0000
** CTD Python Module SMHI /ver 3-12/ feb 2012 
** LIMS Job: 20183401-0135
** Cruise: SMHI-6-2018
** Latitude [GG MM.mm N]:
** Longitude [GG MM.mm E]
# nquan = 26
# nvalues = 264                         
# units = specified
# name 0 = scan: Scan Count
# name 1 = prDM: Pressure, Digiquartz [db]
# name 2 = t090C: Temperature [ITS-90, deg C]
# name 3 = t190C: Temperature, 2 [ITS-90, deg C]
# name 4 = T2-T190C: Temperature Difference, 2 - 1 [ITS-90, deg C]
# name 5 = c0S/m: Conductivity [S/m]
# name 6 = c1S/m: Conductivity, 2 [S/m]
# name 7 = pumps: Pump Status
# name 8 = sbeox0ML/L: Oxygen, SBE 43 [ml/l]
# name 9 = sbeox1ML/L: Oxygen, SBE 43, 2 [ml/l]
# name 10 = altM: Altimeter [m]
# name 11 = flECO-AFL: Chl-a Fluorescence, WET Labs ECO-AFL/FL [mg/m^3]
# name 12 = flECO-AFL1: Phycocyanin Fluorescence, WET Labs ECO-AFL/FL, 2 [mg/m^3]
# name 13 = par: PAR/Irradiance, Biospherical/Lico [µE/(cm^2*s)]
# name 14 = turbWETntu0: Turbidity, WET Labs ECO [NTU]
# name 15 = sal00: Salinity, Practical [PSU]
# name 16 = sal11: Salinity, Practical, 2 [PSU]
# name 17 = secS-priS: Salinity, Practical, Difference, 2 - 1 [PSU]
# name 18 = sigma-t00: Density [sigma-t, Kg/m^3 ]
# name 19 = sigma-t11: Density, 2 [sigma-t, Kg/m^3 ]
# name 20 = depSM: Depth [salt water, m], lat = 58.2947
# name 21 = depFM: Depth [true depth, m], lat = 58.2947
# name 22 = dz/dtM: Descent Rate [m/s], WS = 2
# name 23 = svCM: Sound Velocity [Chen-Millero, m/s]
# name 24 = svCM1: Sound Velocity, 2 [Chen-Millero, m/s]
# name 25 = flag: flag
# span 0 =      19926,      25956       
# span 1 =      1.500,    133.000       
# span 2 =     7.5934,    10.6301       
# span 3 =     7.6127,    10.6308       
# span 4 =    -0.0038,     0.0546       
# span 5 =   3.595279,   3.802230       
# span 6 =   3.597082,   3.802447       
# span 7 =          1,          1       
# span 8 =    5.13016,    5.97069       
# span 9 =    4.95494,    5.67316       
# span 10 =      -0.44,     119.96      
# span 11 =     0.0417,     0.6488      
# span 12 =     0.1342,     0.3084      
# span 13 = -6.752e-06, 2.1416e+01      
# span 14 =     0.2332,     0.8094      
# span 15 =    33.6451,    35.0650      
# span 16 =    33.6450,    35.0637      
# span 17 =    -0.0089,     0.0068      
# span 18 =    25.8395,    27.3842      
# span 19 =    25.8393,    27.3814      
# span 20 =      1.486,    131.722      
# span 21 =      1.489,    131.935      
# span 22 =     -0.025,      1.038      
# span 23 =    1483.19,    1491.48      
# span 24 =    1483.26,    1491.48      
# span 25 = 0.0000e+00, 0.0000e+00      
# interval = decibars: 0.5              
# start_time = Nov 12 2018 06:52:27 [NMEA time, first data scan]
# bad_flag = -9.990e-29
*END*
[from data line 223]
      24899    113.000     8.8088     8.8102     0.0014    3.70302    3.70308          1     5.2295     5.0322      22.98     0.0696     0.2544  1.000e-12  0.3331000    35.0122    35.0114    -0.0008    27.1583    27.1575    111.919    112.105      0.461    1487.37    1487.37  0.000e+00
      24932    113.500     8.7999     8.8008     0.0009    3.70231    3.70234          1     5.2415     5.0276      22.36     0.0694     0.1807  1.000e-12  0.3117000    35.0132    35.0126    -0.0006    27.1605    27.1599    112.415    112.601      0.391    1487.34    1487.35  0.000e+00
      24957    114.000     8.7976     8.7992     0.0016    3.70239    3.70250          1     5.2342     5.0224      21.96     0.0515     0.2487  1.000e-12  0.3182000    35.0161    35.0157    -0.0004    27.1632    27.1626    112.910    113.096      0.629    1487.35    1487.35  0.000e+00
      24973    114.500     8.7904     8.7911     0.0007    3.70187    3.70191          1     5.2267     5.0197      21.58     0.0806     0.1860  1.000e-12  0.3178000    35.0175    35.0172    -0.0003    27.1654    27.1651    113.405    113.592      0.746    1487.33    1487.33  0.000e+00
      24989    115.000     8.7823     8.7798    -0.0025    3.70118    3.70086          1     5.2274     5.0190      21.14     0.0733     0.1487  1.000e-12  0.3151000    35.0180    35.0171    -0.0009    27.1671    27.1668    113.900    114.088      0.724    1487.31    1487.30  0.000e+00
      25007    115.500     8.7699     8.7720     0.0021    3.70027    3.70039          1     5.2328     5.0187      20.60     0.0512     0.2546  1.000e-12  0.3116000    35.0205    35.0196    -0.0009    27.1710    27.1700    114.395    114.584      0.576    1487.27    1487.28  0.000e+00
      25033    116.000     8.7739     8.7746     0.0008    3.70120    3.70126          1     5.2368     5.0211      20.01     0.0636     0.2299  1.000e-12  0.3356000    35.0260    35.0259    -0.0001    27.1747    27.1745    114.890    115.080      0.429    1487.30    1487.31  0.000e+00
      25061    116.500     8.7698     8.7716     0.0019    3.70135    3.70148          1     5.2306     5.0220      19.47     0.0671     0.2309  1.000e-12  0.3029000    35.0314    35.0310    -0.0005    27.1796    27.1790    115.385    115.575      0.503    1487.30    1487.31  0.000e+00
      25082    117.000     8.7636     8.7648     0.0012    3.70088    3.70095          1     5.2309     5.0234      19.05     0.0496     0.2120  1.000e-12  0.3042000    35.0323    35.0319    -0.0004    27.1813    27.1808    115.880    116.071      0.617    1487.29    1487.30  0.000e+00
      25100    117.500     8.7568     8.7583     0.0015    3.70071    3.70080          1     5.2398     5.0337      18.62     0.0686     0.2004  1.000e-12  0.3143000    35.0370    35.0364    -0.0005    27.1860    27.1854    116.375    116.567      0.660    1487.28    1487.28  0.000e+00
      25118    118.000     8.7293     8.7311     0.0018    3.69857    3.69867          1     5.2299     5.0303      18.17     0.0681     0.1926  1.000e-12  0.3164000    35.0415    35.0407    -0.0008    27.1939    27.1930    116.870    117.063      0.652    1487.19    1487.20  0.000e+00
      25137    118.500     8.7066     8.7085     0.0019    3.69650    3.69662          1     5.2189     5.0266      17.65     0.0586     0.2197  1.000e-12  0.3199000    35.0418    35.0412    -0.0006    27.1977    27.1970    117.365    117.558      0.627    1487.12    1487.12  0.000e+00
      25156    119.000     8.6406     8.6477     0.0071    3.69050    3.69097          1     5.2156     5.0244      17.16     0.0491     0.1949  1.000e-12  0.3524000    35.0435    35.0415    -0.0020    27.2095    27.2068    117.860    118.054      0.593    1486.88    1486.91  0.000e+00
      25178    119.500     8.5721     8.5756     0.0034    3.68412    3.68434          1     5.2096     5.0200      16.65     0.0583     0.1726  1.000e-12  0.3488000    35.0437    35.0427    -0.0010    27.2203    27.2190    118.355    118.550      0.522    1486.64    1486.65  0.000e+00
      25204    120.000     8.5295     8.5376     0.0082    3.68007    3.68063          1     5.1938     5.0084      16.06     0.0699     0.1815  1.000e-12  0.3666000    35.0428    35.0407    -0.0021    27.2264    27.2234    118.850    119.046      0.410    1486.48    1486.51  0.000e+00
      25235    120.500     8.4435     8.4497     0.0062    3.67204    3.67245          1     5.1843     4.9933      15.53     0.0616     0.1919  1.000e-12  0.3358000    35.0428    35.0410    -0.0018    27.2397    27.2373    119.346    119.542      0.428    1486.17    1486.19  0.000e+00
      25259    121.000     8.3944     8.3968     0.0024    3.66764    3.66781          1     5.1971     4.9866      15.12     0.0506     0.2186  1.000e-12  0.3227000    35.0446    35.0441    -0.0005    27.2487    27.2479    119.841    120.037      0.623    1486.00    1486.01  0.000e+00
      25276    121.500     8.3886     8.3908     0.0021    3.66713    3.66730          1     5.2083     4.9860      14.76     0.0478     0.2637  1.000e-12  0.3170000    35.0447    35.0443    -0.0004    27.2497    27.2491    120.336    120.533      0.771    1485.98    1485.99  0.000e+00
      25290    122.000     8.3843     8.3865     0.0022    3.66677    3.66694          1     5.2146     4.9862      14.36     0.0492     0.2278  1.000e-12  0.3159000    35.0449    35.0445    -0.0004    27.2505    27.2499    120.831    121.029      0.823    1485.98    1485.99  0.000e+00
      25305    122.500     8.3822     8.3837     0.0015    3.66660    3.66671          1     5.2153     4.9841      13.89     0.0502     0.2196  1.000e-12  0.3060000    35.0450    35.0446    -0.0003    27.2509    27.2504    121.326    121.525      0.769    1485.98    1485.98  0.000e+00
      25322    123.000     8.3804     8.3802    -0.0001    3.66646    3.66641          1     5.2174     4.9852      13.34     0.0461     0.1796  1.000e-12  0.3009000    35.0450    35.0446    -0.0003    27.2512    27.2510    121.821    122.020      0.617    1485.98    1485.98  0.000e+00
      25346    123.500     8.3701     8.3704     0.0003    3.66557    3.66553          1     5.2202     4.9907      12.69     0.0447     0.1896  1.000e-12  0.3015000    35.0455    35.0448    -0.0007    27.2532    27.2526    122.316    122.516      0.435    1485.95    1485.95  0.000e+00
      25377    124.000     8.3561     8.3577     0.0015    3.66432    3.66438          1     5.2019     4.9913      12.12     0.0650     0.2188  1.000e-12  0.3111000    35.0458    35.0450    -0.0008    27.2556    27.2547    122.811    123.012      0.426    1485.91    1485.91  0.000e+00
      25402    124.500     8.3248     8.3278     0.0030    3.66145    3.66174          1     5.1988     4.9921      11.65     0.0666     0.1778  1.000e-12  0.3163000    35.0462    35.0464     0.0001    27.2608    27.2604    123.306    123.508      0.538    1485.80    1485.81  0.000e+00
      25422    125.000     8.2740     8.2775     0.0034    3.65680    3.65712          1     5.1996     4.9918      11.22     0.0546     0.2135  1.000e-12  0.3303000    35.0471    35.0470    -0.0001    27.2692    27.2687    123.801    124.003      0.580    1485.62    1485.63  0.000e+00
      25443    125.500     8.2574     8.2613     0.0039    3.65525    3.65553          1     5.1955     4.9904      10.71     0.0417     0.2265  1.000e-12  0.3529000    35.0468    35.0458    -0.0009    27.2715    27.2702    124.296    124.499      0.544    1485.56    1485.58  0.000e+00
      25467    126.000     8.1923     8.1954     0.0032    3.64920    3.64928          1     5.1994     4.9930      10.16     0.0498     0.2294  1.000e-12  0.3177000    35.0469    35.0446    -0.0023    27.2816    27.2793    124.791    124.995      0.495    1485.33    1485.34  0.000e+00
      25491    126.500     8.1518     8.1543     0.0026    3.64556    3.64573          1     5.2028     4.9918       9.69     0.0511     0.1982  1.000e-12  0.3314000    35.0482    35.0474    -0.0007    27.2888    27.2878    125.286    125.491      0.576    1485.19    1485.19  0.000e+00
      25509    127.000     8.1161     8.1190     0.0028    3.64230    3.64253          1     5.1924     4.9833       9.26     0.0626     0.1342  1.000e-12  0.3447000    35.0487    35.0483    -0.0004    27.2946    27.2939    125.781    125.986      0.726    1485.06    1485.07  0.000e+00
      25524    127.500     8.0834     8.0859     0.0026    3.63933    3.63956          1     5.1712     4.9698       8.85     0.0605     0.1892  1.000e-12  0.3498000    35.0492    35.0492    -0.0000    27.3000    27.2996    126.276    126.482      0.804    1484.95    1484.95  0.000e+00
      25539    128.000     8.0459     8.0479     0.0020    3.63594    3.63613          1     5.1855     4.9736       8.37     0.0511     0.2064  1.000e-12  0.3512000    35.0502    35.0502    -0.0000    27.3064    27.3061    126.771    126.978      0.778    1484.81    1484.82  0.000e+00
      25556    128.500     7.9724     7.9751     0.0027    3.62930    3.62948          1     5.2087     4.9816       7.88     0.0509     0.2272  1.000e-12  0.3661000    35.0522    35.0515    -0.0007    27.3191    27.3181    127.266    127.474      0.598    1484.55    1484.56  0.000e+00
      25616    129.000     8.0208     8.0754     0.0546    3.63366    3.63869          1     5.2000     4.9915       7.21     0.0441     0.1923  1.000e-12  0.3386000    35.0503    35.0497    -0.0006    27.3103    27.3015    127.762    127.969      0.322    1484.74    1484.94  0.000e+00
      25659    129.500     7.9857     8.0055     0.0201    3.63053    3.63238          1     5.1783     4.9825       6.83     0.0460     0.1799  1.000e-12  0.3356000    35.0516    35.0517     0.0000    27.3166    27.3136    128.257    128.465      0.606    1484.61    1484.69  0.000e+00
      25676    130.000     7.8969     7.8999     0.0029    3.62234    3.62262          1     5.1781     4.9777       6.43     0.0507     0.1721  1.000e-12  0.3538000    35.0523    35.0523     0.0001    27.3304    27.3300    128.752    128.961      0.643    1484.29    1484.30  0.000e+00
      25697    130.500     7.8413     7.8439     0.0026    3.61714    3.61731          1     5.1920     4.9862       5.88     0.0517     0.1765  1.000e-12  0.3724000    35.0517    35.0509    -0.0007    27.3382    27.3373    129.247    129.456      0.449    1484.08    1484.09  0.000e+00
      25751    131.000     7.8355     7.8398     0.0041    3.61670    3.61699          1     5.1736     4.9712       5.01     0.0593     0.2004  1.000e-12  0.3965000    35.0526    35.0514    -0.0012    27.3398    27.3383    129.742    129.952      0.296    1484.07    1484.09  0.000e+00
      25785    131.500     7.7392     7.7435     0.0042    3.60822    3.60857          1     5.1808     4.9722       4.59     0.0650     0.2266  1.000e-12  0.4351000    35.0575    35.0570    -0.0005    27.3580    27.3569    130.237    130.448      0.371    1483.72    1483.73  0.000e+00
      25876    132.000     7.8002     7.8272     0.0269    3.61378    3.61615          1     5.1470     4.9733       3.99     0.0489     0.2042  1.000e-12  0.4681000    35.0560    35.0545    -0.0015    27.3477    27.3425    130.732    130.944      0.373    1483.96    1484.06  0.000e+00
      25906    132.500     7.5934     7.6127     0.0194    3.59528    3.59708          1     5.1302     4.9549       3.68     0.0454     0.1977  1.000e-12  0.5130000    35.0637    35.0637     0.0001    27.3842    27.3814    131.227    131.439      0.581    1483.19    1483.26  0.000e+00
      25956    133.000     7.6559     7.6653     0.0092    3.60124    3.60197          1     5.1848     4.9672       2.94     0.0610     0.2244  1.000e-12  0.6743000    35.0650    35.0635    -0.0016    27.3761    27.3735    131.722    131.935     -0.025    1483.44    1483.47  0.000e+00
