ctdpy/exports/archive_20191121_122431/received_data/SBE09_0827_20181124_1748_26_01_1238.cnv
* Sea-Bird SBE 9 Data File:
* FileName = D:\CTD_SBE911\DAT\26DA.2018.12.38.hex
* Software Version Seasave V 7.21d
* Temperature SN = 4548
* Conductivity SN = 3062
* Number of Bytes Per Scan = 48
* Number of Voltage Words = 5
* Number of Scans Averaged by the Deck Unit = 1
* NMEA Latitude = 57 46.51 N
* NMEA Longitude = 018 08.17 E
* NMEA UTC (Time) = Nov 24 2018  17:48:33
* NMEA baud rate = 4800
** Ship: DANA
** Average sound velocity: 1441.56 m/s
** True-depth calculation Tue, 02 Apr 2019 12:14:21 +0000
** CTD Python Module SMHI /ver 3-12/ feb 2012 
** LIMS Job: 20182601-1238
** Operator: Ronny
** Cruise: 12/2018
# nquan = 26
# nvalues = 210                         
# units = specified
# name 0 = scan: Scan Count
# name 1 = prDM: Pressure, Digiquartz [db]
# name 2 = t090C: Temperature [ITS-90, deg C]
# name 3 = t190C: Temperature, 2 [ITS-90, deg C]
# name 4 = T2-T190C: Temperature Difference, 2 - 1 [ITS-90, deg C]
# name 5 = c0S/m: Conductivity [S/m]
# name 6 = c1S/m: Conductivity, 2 [S/m]
# name 7 = pumps: Pump Status
# name 8 = sbeox1ML/L: Oxygen, SBE 43, 2 [ml/l]
# name 9 = sbeox0ML/L: Oxygen, SBE 43 [ml/l]
# name 10 = altM: Altimeter [m]
# name 11 = chloroflTC0: Chlorophyll, Turner Cyclops [ug/l]
# name 12 = cpar: CPAR/Corrected Irradiance [%]
# name 13 = par: PAR/Irradiance, Biospherical/Lico [µE/(cm^2*s)]
# name 14 = spar: SPAR, Biospherical/Licor
# name 15 = sal00: Salinity, Practical [PSU]
# name 16 = sal11: Salinity, Practical, 2 [PSU]
# name 17 = secS-priS: Salinity, Practical, Difference, 2 - 1 [PSU]
# name 18 = sigma-t00: Density [sigma-t, kg/m^3 ]
# name 19 = sigma-t11: Density, 2 [sigma-t, kg/m^3 ]
# name 20 = depSM: Depth [salt water, m], lat = 57.7752
# name 21 = depFM: Depth [true depth, m], lat = 57.7752
# name 22 = dz/dtM: Descent Rate [m/s], WS = 2
# name 23 = svCM: Sound Velocity [Chen-Millero, m/s]
# name 24 = svCM1: Sound Velocity, 2 [Chen-Millero, m/s]
# name 25 = flag: flag
# span 0 =        225,      10064       
# span 1 =      0.500,    105.000       
# span 2 =     4.3651,     7.6489       
# span 3 =     4.3529,     7.6368       
# span 4 =    -0.2375,     0.0841       
# span 5 =   0.783260,   1.138680       
# span 6 =   0.783266,   1.138654       
# span 7 =          1,          1       
# span 8 =     0.0949,     7.6502       
# span 9 =     0.0450,     7.8840       
# span 10 =       1.42,       9.99      
# span 11 =     0.0159,     0.0243      
# span 12 = 4.9241e-11, 4.9241e-11      
# span 13 = 1.0000e-12, 1.0000e-12      
# span 14 = 2.0308e+00, 2.0308e+00      
# span 15 =     6.7727,    10.5378      
# span 16 =     6.7726,    10.5373      
# span 17 =    -0.0187,     0.0868      
# span 18 =     5.2416,     8.2931      
# span 19 =     5.2415,     8.2926      
# span 20 =      0.495,    104.003      
# span 21 =      0.507,    106.284      
# span 22 =      0.199,      0.300      
# span 23 =    1434.73,    1446.78      
# span 24 =    1434.67,    1446.73      
# span 25 = 0.0000e+00, 0.0000e+00      
# interval = decibars: 0.5              
# start_time = Nov 24 2018 17:48:33 [NMEA time, first data scan]
# bad_flag = -9.990e-29
*END*
[from data line 112]
       5380     56.500     4.7412     4.6710    -0.0703    0.81625    0.81756          1     5.8560     6.0424       9.96     0.0159  4.924e-11  1.000e-12  2.031e+00     7.5893     7.6185     0.0292     6.0104     6.0360     55.970     57.237      0.268    1435.69    1435.42  0.000e+00
       5426     57.000     4.7043     4.6345    -0.0697    0.81798    0.81898          1     5.7716     5.9604       9.96     0.0159  4.924e-11  1.000e-12  2.031e+00     7.6150     7.6411     0.0261     6.0321     6.0552     56.465     57.743      0.250    1435.57    1435.29  0.000e+00
       5473     57.500     4.6508     4.6185    -0.0323    0.81874    0.81915          1     5.7479     5.9092       9.96     0.0159  4.924e-11  1.000e-12  2.031e+00     7.6349     7.6465     0.0116     6.0497     6.0600     56.960     58.250      0.259    1435.37    1435.24  0.000e+00
       5522     58.000     4.6316     4.6134    -0.0182    0.81911    0.81977          1     5.7373     5.8929       9.96     0.0159  4.924e-11  1.000e-12  2.031e+00     7.6429     7.6538     0.0109     6.0568     6.0660     57.455     58.756      0.239    1435.30    1435.23  0.000e+00
       5570     58.500     4.6184     4.6125    -0.0059    0.81986    0.82084          1     5.7120     5.8750       9.96     0.0159  4.924e-11  1.000e-12  2.031e+00     7.6535     7.6646     0.0112     6.0656     6.0746     57.951     59.262      0.264    1435.26    1435.25  0.000e+00
       5616     59.000     4.6181     4.6068    -0.0114    0.82081    0.82203          1     5.6861     5.8550       9.96     0.0159  4.924e-11  1.000e-12  2.031e+00     7.6629     7.6778     0.0149     6.0731     6.0853     58.446     59.768      0.249    1435.28    1435.25  0.000e+00
       5664     59.500     4.6018     4.5552    -0.0466    0.82189    0.82268          1     5.6387     5.8104       9.96     0.0159  4.924e-11  1.000e-12  2.031e+00     7.6775     7.6963     0.0188     6.0852     6.1017     58.941     60.274      0.261    1435.23    1435.05  0.000e+00
       5710     60.000     4.5623     4.5307    -0.0316    0.82290    0.82508          1     5.5567     5.7535       9.96     0.0159  4.924e-11  1.000e-12  2.031e+00     7.6967     7.7261     0.0293     6.1018     6.1261     59.436     60.780      0.250    1435.09    1434.99  0.000e+00
       5758     60.500     4.5422     4.5487     0.0065    0.82531    0.82833          1     5.4803     5.6703       9.96     0.0159  4.924e-11  1.000e-12  2.031e+00     7.7256     7.7545     0.0289     6.1254     6.1480     59.932     61.287      0.259    1435.05    1435.11  0.000e+00
       5806     61.000     4.5532     4.5587     0.0055    0.82806    0.82998          1     5.4318     5.6083       9.96     0.0159  4.924e-11  1.000e-12  2.031e+00     7.7506     7.7687     0.0181     6.1448     6.1590     60.427     61.793      0.238    1435.14    1435.19  0.000e+00
       5855     61.500     4.5575     4.5448    -0.0127    0.82962    0.83026          1     5.3995     5.5634       9.96     0.0159  4.924e-11  1.000e-12  2.031e+00     7.7653     7.7747     0.0094     6.1563     6.1642     60.922     62.299      0.256    1435.18    1435.14  0.000e+00
       5904     62.000     4.5457     4.5220    -0.0237    0.83008    0.83023          1     5.3872     5.5379       9.96     0.0159  4.924e-11  1.000e-12  2.031e+00     7.7727     7.7797     0.0071     6.1626     6.1690     61.417     62.805      0.238    1435.15    1435.05  0.000e+00
       5951     62.500     4.5267     4.4989    -0.0277    0.83022    0.83050          1     5.3677     5.5199       9.96     0.0159  4.924e-11  1.000e-12  2.031e+00     7.7785     7.7878     0.0093     6.1678     6.1761     61.913     63.311      0.275    1435.08    1434.97  0.000e+00
       5999     63.000     4.5036     4.4775    -0.0260    0.83056    0.83137          1     5.3201     5.4877       9.96     0.0159  4.924e-11  1.000e-12  2.031e+00     7.7873     7.8016     0.0143     6.1755     6.1878     62.408     63.817      0.224    1434.99    1434.90  0.000e+00
       6050     63.500     4.4852     4.4695    -0.0158    0.83136    0.83234          1     5.2704     5.4500       9.96     0.0159  4.924e-11  1.000e-12  2.031e+00     7.7996     7.8131     0.0135     6.1859     6.1972     62.903     64.324      0.266    1434.94    1434.88  0.000e+00
       6098     64.000     4.4671     4.4307    -0.0364    0.83207    0.83265          1     5.2269     5.4050       9.96     0.0159  4.924e-11  1.000e-12  2.031e+00     7.8109     7.8255     0.0145     6.1955     6.2082     63.398     64.830      0.232    1434.88    1434.73  0.000e+00
       6147     64.500     4.4427     4.4327    -0.0100    0.83278    0.83421          1     5.1820     5.3479       9.96     0.0159  4.924e-11  1.000e-12  2.031e+00     7.8238     7.8407     0.0169     6.2065     6.2202     63.894     65.336      0.248    1434.79    1434.77  0.000e+00
       6200     65.000     4.4338     4.4201    -0.0137    0.83418    0.83573          1     5.1230     5.2947       9.96     0.0159  4.924e-11  1.000e-12  2.031e+00     7.8400     7.8589     0.0188     6.2197     6.2351     64.389     65.842      0.232    1434.78    1434.75  0.000e+00
       6248     65.500     4.4242     4.4217    -0.0025    0.83551    0.83708          1     5.0755     5.2460       9.96     0.0159  4.924e-11  1.000e-12  2.031e+00     7.8556     7.8722     0.0166     6.2323     6.2456     64.884     66.348      0.254    1434.77    1434.78  0.000e+00
       6296     66.000     4.4263     4.4389     0.0126    0.83705    0.83948          1     5.0379     5.2007       9.96     0.0159  4.924e-11  1.000e-12  2.031e+00     7.8707     7.8922     0.0215     6.2442     6.2609     65.379     66.854      0.253    1434.81    1434.89  0.000e+00
       6343     66.500     4.4386     4.4550     0.0164    0.83917    0.84205          1     4.9829     5.1510       9.96     0.0159  4.924e-11  1.000e-12  2.031e+00     7.8891     7.9142     0.0251     6.2584     6.2778     65.874     67.360      0.248    1434.89    1435.00  0.000e+00
       6393     67.000     4.4501     4.4314    -0.0187    0.84175    0.84442          1     4.8925     5.0810       9.96     0.0159  4.924e-11  1.000e-12  2.031e+00     7.9123     7.9438     0.0315     6.2765     6.3021     66.370     67.866      0.244    1434.98    1434.94  0.000e+00
       6439     67.500     4.4339     4.3756    -0.0583    0.84350    0.84471          1     4.8042     4.9992       9.96     0.0159  4.924e-11  1.000e-12  2.031e+00     7.9338     7.9602     0.0264     6.2940     6.3169     66.865     68.372      0.257    1434.94    1434.72  0.000e+00
       6489     68.000     4.3871     4.3529    -0.0342    0.84462    0.84775          1     4.7147     4.9101       9.96     0.0159  4.924e-11  1.000e-12  2.031e+00     7.9564     7.9964     0.0400     6.3135     6.3463     67.360     68.879      0.241    1434.77    1434.67  0.000e+00
       6535     68.500     4.3651     4.3564    -0.0086    0.84757    0.85352          1     4.5317     4.7863       9.96     0.0159  4.924e-11  1.000e-12  2.031e+00     7.9916     8.0540     0.0624     6.3421     6.3919     67.855     69.385      0.272    1434.73    1434.77  0.000e+00
       6582     69.000     4.3699     4.4094     0.0395    0.85308    0.85952          1     4.3773     4.6106       9.96     0.0159  4.924e-11  1.000e-12  2.031e+00     8.0462     8.1018     0.0556     6.3852     6.4280     68.350     69.891      0.251    1434.83    1435.07  0.000e+00
       6627     69.500     4.3999     4.4545     0.0545    0.85804    0.86386          1     4.2836     4.4784       9.96     0.0159  4.924e-11  1.000e-12  2.031e+00     8.0891     8.1346     0.0455     6.4183     6.4526     68.846     70.397      0.266    1435.02    1435.32  0.000e+00
       6676     70.000     4.4380     4.4637     0.0256    0.86253    0.86706          1     4.2035     4.3680       9.96     0.0159  4.924e-11  1.000e-12  2.031e+00     8.1251     8.1647     0.0396     6.4456     6.4761     69.341     70.903      0.244    1435.25    1435.41  0.000e+00
       6722     70.500     4.4603     4.4880     0.0277    0.86688    0.87186          1     4.0908     4.2682       9.96     0.0159  4.924e-11  1.000e-12  2.031e+00     8.1636     8.2072     0.0436     6.4754     6.5090     69.836     71.409      0.259    1435.40    1435.58  0.000e+00
       6771     71.000     4.4801     4.4952     0.0151    0.87043    0.87240          1     4.0373     4.1682       9.96     0.0159  4.924e-11  1.000e-12  2.031e+00     8.1946     8.2108     0.0162     6.4993     6.5116     70.331     71.915      0.247    1435.54    1435.63  0.000e+00
       6818     71.500     4.4934     4.5159     0.0224    0.87225    0.87497          1     4.0120     4.1170       9.96     0.0159  4.924e-11  1.000e-12  2.031e+00     8.2097     8.2316     0.0219     6.5108     6.5274     70.826     72.421      0.253    1435.63    1435.75  0.000e+00
       6868     72.000     4.5138     4.5295     0.0157    0.87610    0.88099          1     3.8852     4.0336       9.96     0.0159  4.924e-11  1.000e-12  2.031e+00     8.2435     8.2890     0.0455     6.5369     6.5724     71.322     72.927      0.236    1435.77    1435.90  0.000e+00
       6916     72.500     4.5080     4.4714    -0.0366    0.88113    0.88516          1     3.6710     3.8676       9.96     0.0159  4.924e-11  1.000e-12  2.031e+00     8.2958     8.3458     0.0500     6.5786     6.6195     71.817     73.433      0.265    1435.82    1435.72  0.000e+00
       6963     73.000     4.4788     4.4473    -0.0315    0.88472    0.88982          1     3.4595     3.6787       9.96     0.0159  4.924e-11  1.000e-12  2.031e+00     8.3395     8.3992     0.0597     6.6142     6.6626     72.312     73.939      0.241    1435.75    1435.69  0.000e+00
       7013     73.500     4.4600     4.4629     0.0029    0.88904    0.89267          1     3.3227     3.4971       9.96     0.0159  4.924e-11  1.000e-12  2.031e+00     8.3880     8.4241     0.0361     6.6533     6.6818     72.807     74.444      0.252    1435.74    1435.80  0.000e+00
       7060     74.000     4.4664     4.4827     0.0163    0.89249    0.89586          1     3.2848     3.3840       9.96     0.0159  4.924e-11  1.000e-12  2.031e+00     8.4213     8.4514     0.0300     6.6795     6.7028     73.302     74.950      0.245    1435.82    1435.93  0.000e+00
       7108     74.500     4.4891     4.5139     0.0248    0.89886    0.90467          1     3.1173     3.2291       9.96     0.0159  4.924e-11  1.000e-12  2.031e+00     8.4801     8.5326     0.0525     6.7253     6.7661     73.798     75.456      0.267    1436.00    1436.18  0.000e+00
       7154     75.000     4.5188     4.5515     0.0327    0.90650    0.91518          1     2.8074     2.9999       9.96     0.0159  4.924e-11  1.000e-12  2.031e+00     8.5499     8.6295     0.0797     6.7796     6.8415     74.293     75.962      0.242    1436.23    1436.48  0.000e+00
       7205     75.500     4.5473     4.5627     0.0154    0.91572    0.91925          1     2.6450     2.7702       9.96     0.0159  4.924e-11  1.000e-12  2.031e+00     8.6361     8.6678     0.0318     6.8468     6.8714     74.788     76.468      0.252    1436.47    1436.58  0.000e+00
       7251     76.000     4.5631     4.5678     0.0048    0.91969    0.92083          1     2.6060     2.6413       9.96     0.0159  4.924e-11  1.000e-12  2.031e+00     8.6721     8.6825     0.0104     6.8748     6.8828     75.283     76.974      0.254    1436.60    1436.63  0.000e+00
       7300     76.500     4.5910     4.6219     0.0308    0.92726    0.93333          1     2.3998     2.4489       9.96     0.0159  4.924e-11  1.000e-12  2.031e+00     8.7415     8.7949     0.0534     6.9288     6.9699     75.778     77.479      0.242    1436.82    1437.02  0.000e+00
       7348     77.000     4.6446     4.6683     0.0238    0.93837    0.94208          1     2.1234     2.1935       9.96     0.0159  4.924e-11  1.000e-12  2.031e+00     8.8400     8.8713     0.0313     7.0047     7.0286     76.274     77.985      0.257    1437.19    1437.33  0.000e+00
       7398     77.500     4.6826     4.7055     0.0229    0.94524    0.94911          1     1.9555     1.9846       9.96     0.0159  4.924e-11  1.000e-12  2.031e+00     8.8994     8.9325     0.0331     7.0503     7.0756     76.769     78.491      0.224    1437.44    1437.58  0.000e+00
       7449     78.000     4.7125     4.7334     0.0208    0.95134    0.95448          1     1.8380     1.8647       9.96     0.0159  4.924e-11  1.000e-12  2.031e+00     8.9531     8.9793     0.0262     7.0916     7.1115     77.264     78.997      0.267    1437.65    1437.77  0.000e+00
       7495     78.500     4.7428     4.7615     0.0187    0.95566    0.95747          1     1.7109     1.7293       9.96     0.0159  4.924e-11  1.000e-12  2.031e+00     8.9886     9.0019     0.0132     7.1185     7.1283     77.759     79.502      0.232    1437.83    1437.93  0.000e+00
       7546     79.000     4.7865     4.8173     0.0308    0.96020    0.96277          1     1.4040     1.4532       9.96     0.0159  4.924e-11  1.000e-12  2.031e+00     9.0226     9.0402     0.0176     7.1437     7.1563     78.254     80.008      0.263    1438.08    1438.24  0.000e+00
       7593     79.500     4.8238     4.8493     0.0255    0.96440    0.96777          1     1.1403     1.1974       9.96     0.0159  4.924e-11  1.000e-12  2.031e+00     9.0549     9.0820     0.0271     7.1677     7.1880     78.750     80.514      0.238    1438.29    1438.44  0.000e+00
       7643     80.000     4.8554     4.8871     0.0316    0.97052    0.97530          1     0.9942     1.0424       9.96     0.0159  4.924e-11  1.000e-12  2.031e+00     9.1081     9.1477     0.0395     7.2084     7.2384     79.245     81.019      0.250    1438.51    1438.70  0.000e+00
       7695     80.500     4.8809     4.9084     0.0276    0.97475    0.97897          1     0.8933     0.9383       9.96     0.0159  4.924e-11  1.000e-12  2.031e+00     9.1437     9.1788     0.0351     7.2355     7.2621     79.740     81.525      0.223    1438.67    1438.84  0.000e+00
       7744     81.000     4.9034     4.9273     0.0239    0.97889    0.98254          1     0.8240     0.8570       9.96     0.0159  4.924e-11  1.000e-12  2.031e+00     9.1793     9.2096     0.0303     7.2627     7.2856     80.235     82.030      0.254    1438.82    1438.97  0.000e+00
       7794     81.500     4.9210     4.9512     0.0302    0.98191    0.98703          1     0.7419     0.7886       9.96     0.0159  4.924e-11  1.000e-12  2.031e+00     9.2049     9.2482     0.0433     7.2822     7.3151     80.730     82.536      0.234    1438.94    1439.13  0.000e+00
       7842     82.000     4.9450     4.9802     0.0352    0.98669    0.99331          1     0.6467     0.7087       9.96     0.0159  4.924e-11  1.000e-12  2.031e+00     9.2465     9.3034     0.0570     7.3140     7.3575     81.225     83.042      0.256    1439.11    1439.33  0.000e+00
       7893     82.500     4.9774     5.0118     0.0344    0.99321    0.99903          1     0.5420     0.5933       9.96     0.0159  4.924e-11  1.000e-12  2.031e+00     9.3032     9.3522     0.0490     7.3574     7.3947     81.721     83.547      0.229    1439.33    1439.54  0.000e+00
       7945     83.000     5.0073     5.0200     0.0128    0.99875    1.00062          1     0.4883     0.4905       9.96     0.0159  4.924e-11  1.000e-12  2.031e+00     9.3506     9.3659     0.0152     7.3936     7.4051     82.216     84.053      0.235    1439.53    1439.60  0.000e+00
       7994     83.500     5.0159     5.0223     0.0064    1.00029    1.00104          1     0.4794     0.4587       9.96     0.0159  4.924e-11  1.000e-12  2.031e+00     9.3636     9.3694     0.0058     7.4035     7.4078     82.711     84.558      0.241    1439.59    1439.63  0.000e+00
