ctdpy/exports/archive_20191121_122431/received_data/SBE09_1044_20180922_1429_34_01_0039.cnv
* Sea-Bird SBE 9 Data File:
* FileName = C:\ctd\temp\2018\AR18D039.hex
* Software Version Seasave V 7.26.6.26
* Temperature SN = 5351
* Conductivity SN = 3941
* Number of Bytes Per Scan = 41
* Number of Voltage Words = 4
* Number of Scans Averaged by the Deck Unit = 1
* NMEA Latitude = 55 37.04 N
* NMEA Longitude = 014 52.07 E
* NMEA UTC (Time) = Sep 22 2018  14:29:12
* NMEA baud rate = 4800
** Station:  Hanöbukten
** Operator:  Obac
** Ship: ARANDA
** Average sound velocity: 1463.77 m/s
** True-depth calculation Sat, 22 Sep 2018 15:18:08 +0000
** CTD Python Module SMHI /ver 3-12/ feb 2012 
** LIMS Job: 20183401-0039
** Cruise: SMHI-02-2018
** Latitude [GG MM.mm N] :
** Longitude [GG MM.mm E]:
# nquan = 26
# nvalues = 144                         
# units = specified
# name 0 = scan: Scan Count
# name 1 = prDM: Pressure, Digiquartz [db]
# name 2 = t090C: Temperature [ITS-90, deg C]
# name 3 = t190C: Temperature, 2 [ITS-90, deg C]
# name 4 = T2-T190C: Temperature Difference, 2 - 1 [ITS-90, deg C]
# name 5 = c0S/m: Conductivity [S/m]
# name 6 = c1S/m: Conductivity, 2 [S/m]
# name 7 = pumps: Pump Status
# name 8 = sbeox0ML/L: Oxygen, SBE 43 [ml/l]
# name 9 = sbeox1ML/L: Oxygen, SBE 43, 2 [ml/l]
# name 10 = altM: Altimeter [m]
# name 11 = flECO-AFL: Chl-a Fluorescence, WET Labs ECO-AFL/FL [mg/m^3]
# name 12 = flECO-AFL1: Phycocyanin Fluorescence, WET Labs ECO-AFL/FL, 2 [mg/m^3]
# name 13 = par: PAR/Irradiance, Biospherical/Lico [µE/(cm^2*s)]
# name 14 = turbWETntu0: Turbidity, WET Labs ECO [NTU]
# name 15 = sal00: Salinity, Practical [PSU]
# name 16 = sal11: Salinity, Practical, 2 [PSU]
# name 17 = secS-priS: Salinity, Practical, Difference, 2 - 1 [PSU]
# name 18 = sigma-t00: Density [sigma-t, Kg/m^3 ]
# name 19 = sigma-t11: Density, 2 [sigma-t, Kg/m^3 ]
# name 20 = depSM: Depth [salt water, m], lat = 55.6173
# name 21 = depFM: Depth [true depth, m], lat = 55.6173
# name 22 = dz/dtM: Descent Rate [m/s], WS = 2
# name 23 = svCM: Sound Velocity [Chen-Millero, m/s]
# name 24 = svCM1: Sound Velocity, 2 [Chen-Millero, m/s]
# name 25 = flag: flag
# span 0 =      26928,      30492       
# span 1 =      1.500,     73.000       
# span 2 =     6.2428,    16.8935       
# span 3 =     6.2523,    16.8961       
# span 4 =    -0.0713,     0.1533       
# span 5 =   0.917139,   1.785607       
# span 6 =   0.917214,   1.785586       
# span 7 =          1,          1       
# span 8 =    0.06113,    6.50050       
# span 9 =    2.09702,    4.61414       
# span 10 =       0.56,     100.34      
# span 11 =     0.2236,     2.2027      
# span 12 =     0.1369,     0.5869      
# span 13 = 9.8436e-13, 5.5548e+02      
# span 14 =     0.1374,     1.4413      
# span 15 =     7.6981,    16.2082      
# span 16 =     7.6980,    16.2079      
# span 17 =    -0.0732,     0.1420      
# span 18 =     4.6844,    12.6319      
# span 19 =     4.6837,    12.6315      
# span 20 =      1.486,     72.325      
# span 21 =      1.521,     73.776      
# span 22 =     -0.392,      1.466      
# span 23 =    1443.75,    1481.50      
# span 24 =    1443.78,    1481.50      
# span 25 = 0.0000e+00, 0.0000e+00      
# interval = decibars: 0.5              
# start_time = Sep 22 2018 14:29:12 [NMEA time, first data scan]
# bad_flag = -9.990e-29
*END*
[from data line 56]
      28578     29.500     7.2959     7.2762    -0.0200    0.91747    0.91748          1     6.2825     4.5621      57.82     0.3874     0.2226  2.226e-01  0.2023000     7.9850     7.9896     0.0046     6.1816     6.1867     29.230     29.896      0.366    1446.71    1446.63  0.000e+00
      28602     30.000     7.1450     7.1529     0.0078    0.91714    0.91721          1     6.3097     4.5354      17.96     0.3701     0.2150  2.069e-01  0.2034000     8.0167     8.0156    -0.0011     6.2175     6.2161     29.726     30.402      0.671    1446.13    1446.16  0.000e+00
      28617     30.500     7.1412     7.1473     0.0060    0.91963    0.91975          1     6.3574     4.5179      41.95     0.3702     0.2080  1.997e-01  0.2070000     8.0409     8.0407    -0.0002     6.2368     6.2362     30.221     30.908      0.844    1446.15    1446.18  0.000e+00
      28630     31.000     7.1390     7.1397     0.0005    0.92179    0.92166          1     6.3241     4.5060      46.88     0.3578     0.2196  1.797e-01  0.2135000     8.0618     8.0603    -0.0014     6.2533     6.2521     30.717     31.414      0.923    1446.18    1446.18  0.000e+00
      28642     31.500     7.5349     7.5236    -0.0110    0.94359    0.94288          1     6.2225     4.4884      46.47     0.3590     0.2230  1.583e-01  0.2110000     8.1731     8.1690    -0.0041     6.3110     6.3086     31.212     31.920      0.893    1447.96    1447.91  0.000e+00
      28656     32.000     7.7272     7.7336     0.0064    0.95919    0.95919          1     6.1225     4.4848      45.93     0.3587     0.2666  1.410e-01  0.2224000     8.2731     8.2717    -0.0015     6.3745     6.3728     31.707     32.426      0.719    1448.89    1448.91  0.000e+00
      28684     32.500     7.6100     7.6405     0.0306    0.95902    0.95645          1     6.0538     4.5181      45.33     0.3418     0.2524  1.143e-01  0.2085000     8.2994     8.2681    -0.0313     6.4043     6.3774     32.203     32.932      0.355    1448.45    1448.53  0.000e+00
      28730     33.000     7.4998     7.5207     0.0208    0.95867    0.95587          1     6.0479     4.6141      44.52     0.3647     0.2565  9.223e-02  0.1979000     8.3223     8.2912    -0.0312     6.4309     6.4049     32.698     33.438      0.351    1448.03    1448.08  0.000e+00
      28754     33.500     7.4405     7.4503     0.0098    0.95748    0.95760          1     5.9399     4.5895      44.20     0.3557     0.2659  8.302e-02  0.2034000     8.3253     8.3240    -0.0013     6.4379     6.4361     33.194     33.944      0.699    1447.80    1447.84  0.000e+00
      28768     34.000     7.1737     7.1885     0.0148    0.95846    0.95829          1     5.9055     4.5885      43.88     0.3458     0.2657  7.504e-02  0.2050000     8.3989     8.3937    -0.0052     6.5154     6.5103     33.689     34.450      0.899    1446.79    1446.85  0.000e+00
      28780     34.500     6.9677     6.9824     0.0144    0.96105    0.96107          1     5.8890     4.6057      43.58     0.3347     0.2631  6.627e-02  0.2222000     8.4736     8.4702    -0.0034     6.5889     6.5851     34.184     34.956      0.959    1446.03    1446.09  0.000e+00
      28792     35.000     6.7494     6.7705     0.0209    0.96174    0.96161          1     5.8605     4.6051      43.36     0.3335     0.2512  5.762e-02  0.2236000     8.5341     8.5276    -0.0066     6.6514     6.6448     34.680     35.462      0.861    1445.20    1445.28  0.000e+00
      28810     35.500     6.6617     6.6622     0.0007    0.97000    0.96918          1     5.8148     4.6101      42.56     0.2945     0.2428  4.211e-02  0.2078000     8.6350     8.6271    -0.0079     6.7366     6.7304     35.175     35.968      0.530    1444.97    1444.96  0.000e+00
      28854     36.000     6.6261     6.6401     0.0140    0.97576    0.97584          1     5.7633     4.6114      41.48     0.2846     0.2495  2.565e-02  0.2075000     8.6993     8.6965    -0.0028     6.7895     6.7864     35.670     36.474      0.267    1444.91    1444.96  0.000e+00
      28886     36.500     6.5911     6.5935     0.0024    0.98298    0.98279          1     5.6977     4.5854      41.01     0.2780     0.2211  1.835e-02  0.2054000     8.7775     8.7750    -0.0025     6.8534     6.8513     36.166     36.980      0.625    1444.86    1444.87  0.000e+00
      28902     37.000     6.5238     6.5235     0.0001    0.98607    0.98571          1     5.6103     4.5628      40.67     0.2822     0.1941  1.538e-02  0.2142000     8.8245     8.8211    -0.0034     6.8948     6.8921     36.661     37.485      0.844    1444.65    1444.64  0.000e+00
      28915     37.500     6.5280     6.5352     0.0067    0.99082    0.99066          1     5.5487     4.5411      40.30     0.2929     0.2357  5.195e-03  0.2244000     8.8692     8.8658    -0.0034     6.9296     6.9265     37.157     37.991      0.936    1444.73    1444.76  0.000e+00
      28927     38.000     6.4309     6.4499     0.0186    0.99550    0.99538          1     5.4945     4.5251      39.79     0.2776     0.2649  2.828e-03  0.2215000     8.9397     8.9335    -0.0062     6.9914     6.9853     37.652     38.497      0.895    1444.42    1444.49  0.000e+00
      28941     38.500     6.2428     6.2523     0.0096    1.00023    1.00006          1     5.3726     4.4609      39.20     0.2700     0.1962  2.448e-04  0.2184000     9.0351     9.0310    -0.0041     7.0783     7.0745     38.147     39.003      0.704    1443.75    1443.78  0.000e+00
      28967     39.000     6.2915     6.2612    -0.0301    1.01081    1.00784          1     5.2279     4.3120      38.53     0.2584     0.1932  7.196e-06  0.2194000     9.1249     9.1042    -0.0207     7.1460     7.1315     38.643     39.508      0.382    1444.07    1443.92  0.000e+00
      29005     39.500     6.6367     6.5856    -0.0515    1.04068    1.03539          1     5.0999     4.1008      37.80     0.2596     0.2142  9.844e-13  0.2044000     9.3207     9.2835    -0.0372     7.2770     7.2512     39.138     40.014      0.430    1445.78    1445.52  0.000e+00
      29026     40.000     7.3025     7.2856    -0.0168    1.09910    1.09698          1     4.9620     4.0712      37.40     0.2515     0.2235  1.000e-12  0.2040000     9.6977     9.6823    -0.0154     7.5245     7.5138     39.633     40.519      0.693    1449.04    1448.95  0.000e+00
      29041     40.500     7.7911     7.7753    -0.0160    1.15512    1.15410          1     4.7864     4.0606      37.04     0.2346     0.2084  1.000e-12  0.2235000    10.0899    10.0847    -0.0052     7.7916     7.7889     40.129     41.025      0.758    1451.54    1451.47  0.000e+00
      29057     41.000     8.1320     8.1035    -0.0283    1.19225    1.18966          1     4.5678     4.0575      36.68     0.2274     0.1669  1.000e-12  0.2026000    10.3391    10.3231    -0.0159     7.9562     7.9463     40.624     41.530      0.654    1453.24    1453.10  0.000e+00
      29081     41.500     8.3776     8.4006     0.0230    1.22919    1.22707          1     4.2546     3.9866      35.96     0.2236     0.2452  1.000e-12  0.1814000    10.6121    10.5854    -0.0268     8.1470     8.1239     41.120     42.035      0.412    1454.57    1454.63  0.000e+00
      29115     42.000     8.1033     8.1449     0.0417    1.22987    1.23044          1     4.1067     3.8702      35.28     0.2526     0.2320  1.000e-12  0.1699000    10.7015    10.6942    -0.0072     8.2424     8.2328     41.615     42.541      0.453    1453.59    1453.75  0.000e+00
      29136     42.500     8.0054     7.9931    -0.0117    1.23242    1.23168          1     4.1317     3.8218      34.90     0.2695     0.2098  1.000e-12  0.1682000    10.7553    10.7521    -0.0032     8.2934     8.2921     42.110     43.046      0.702    1453.27    1453.21  0.000e+00
      29151     43.000     8.3438     8.3264    -0.0179    1.25962    1.25852          1     4.1131     3.8000      34.48     0.2708     0.2008  1.000e-12  0.1688000    10.9067    10.9017    -0.0050     8.3802     8.3780     42.606     43.551      0.828    1454.82    1454.75  0.000e+00
      29164     43.500     8.6265     8.6161    -0.0106    1.28452    1.28368          1     4.0726     3.7826      33.95     0.2366     0.1957  1.000e-12  0.1691000    11.0514    11.0469    -0.0045     8.4658     8.4633     43.101     44.056      0.845    1456.14    1456.09  0.000e+00
      29179     44.000     8.8513     8.8406    -0.0109    1.30142    1.30082          1     4.0208     3.7658      33.52     0.2422     0.1948  1.000e-12  0.1657000    11.1381    11.1360    -0.0021     8.5108     8.5103     43.596     44.561      0.755    1457.15    1457.10  0.000e+00
      29197     44.500     9.0671     9.0616    -0.0055    1.31879    1.31810          1     3.9560     3.7329      33.08     0.2570     0.2078  1.000e-12  0.1551000    11.2309    11.2262    -0.0047     8.5607     8.5577     44.092     45.066      0.545    1458.12    1458.10  0.000e+00
      29231     45.000     9.2050     9.1814    -0.0236    1.33041    1.32728          1     3.8951     3.6760      32.25     0.2299     0.2398  1.000e-12  0.1438000    11.2944    11.2730    -0.0213     8.5956     8.5815     44.587     45.571      0.305    1458.75    1458.63  0.000e+00
      29269     45.500     9.2882     9.2847    -0.0036    1.33893    1.33791          1     3.8232     3.5774      31.68     0.2567     0.2364  1.000e-12  0.1536000    11.3462    11.3380    -0.0082     8.6270     8.6210     45.082     46.075      0.491    1459.15    1459.12  0.000e+00
      29287     46.000     9.3812     9.3813     0.0005    1.35085    1.35033          1     3.7831     3.5512      31.29     0.2356     0.2357  1.000e-12  0.1575000    11.4260    11.4212    -0.0048     8.6790     8.6752     45.578     46.580      0.780    1459.62    1459.61  0.000e+00
      29301     46.500     9.2577     9.2647     0.0066    1.36226    1.36149          1     3.7433     3.5664      30.98     0.2236     0.2325  1.000e-12  0.1557000    11.5701    11.5608    -0.0093     8.8046     8.7966     46.073     47.085      0.957    1459.32    1459.33  0.000e+00
      29312     47.000     9.5504     9.5439    -0.0064    1.39839    1.39720          1     3.6740     3.5656      30.47     0.2326     0.1815  1.000e-12  0.1451000    11.8062    11.7974    -0.0087     8.9559     8.9498     46.569     47.590      1.023    1460.76    1460.72  0.000e+00
      29323     47.500     9.7291     9.7257    -0.0034    1.42086    1.42017          1     3.5590     3.5402      29.98     0.2358     0.1780  1.000e-12  0.1374000    11.9526    11.9475    -0.0052     9.0495     9.0459     47.064     48.095      0.960    1461.64    1461.62  0.000e+00
      29337     48.000     9.8671     9.8608    -0.0063    1.43773    1.43667          1     3.4136     3.5091      29.56     0.2431     0.2022  1.000e-12  0.1447000    12.0603    12.0527    -0.0076     9.1172     9.1120     47.559     48.599      0.730    1462.31    1462.27  0.000e+00
      29371     48.500     9.8651     9.8582    -0.0069    1.43296    1.43396          1     3.3871     3.4068      28.67     0.2413     0.2215  1.000e-12  0.1443000    12.0167    12.0287     0.0119     9.0832     9.0935     48.055     49.104      0.307    1462.25    1462.24  0.000e+00
      29425     49.000     9.9713    10.1251     0.1533    1.44581    1.46711          1     3.3646     3.2681      27.30     0.2245     0.2114  1.000e-12  0.1424000    12.0977    12.2396     0.1420     9.1334     9.2255     48.550     49.609      0.407    1462.77    1463.53  0.000e+00
      29445     49.500    10.5764    10.5424    -0.0337    1.53022    1.52567          1     3.0798     3.2413      27.04     0.2374     0.1796  1.000e-12  0.1502000    12.6547    12.6256    -0.0292     9.4918     9.4734     49.045     50.113      0.712    1465.76    1465.59  0.000e+00
      29460     50.000    10.9341    10.9252    -0.0089    1.58045    1.57873          1     2.9032     3.2496      26.74     0.2332     0.1922  1.000e-12  0.1519000    12.9794    12.9671    -0.0122     9.6970     9.6886     49.541     50.618      0.918    1467.50    1467.45  0.000e+00
      29472     50.500    11.1077    11.1047    -0.0029    1.61002    1.60906          1     2.7941     3.2620      26.61     0.2236     0.2246  1.000e-12  0.1638000    13.1813    13.1739    -0.0075     9.8302     9.8248     50.036     51.122      1.044    1468.40    1468.38  0.000e+00
      29482     51.000    11.2595    11.2579    -0.0018    1.63438    1.63376          1     2.6991     3.2542      25.96     0.2294     0.2234  1.000e-12  0.1619000    13.3432    13.3383    -0.0049     9.9348     9.9312     50.531     51.626      1.078    1469.17    1469.16  0.000e+00
      29493     51.500    11.3780    11.3779    -0.0001    1.64986    1.64961          1     2.6269     3.2417      25.23     0.2248     0.1861  1.000e-12  0.1501000    13.4375    13.4353    -0.0022     9.9915     9.9898     51.027     52.131      0.993    1469.73    1469.72  0.000e+00
      29506     52.000    11.4268    11.4278     0.0009    1.65589    1.65569          1     2.5755     3.2126      25.05     0.2299     0.1796  1.000e-12  0.1500000    13.4730    13.4709    -0.0021    10.0122    10.0104     51.522     52.635      0.734    1469.96    1469.96  0.000e+00
      29547     52.500    11.2470    11.2441    -0.0023    1.63117    1.62862          1     2.6592     3.1566      23.77     0.2277     0.2126  1.000e-12  0.1496000    13.3183    13.2968    -0.0215     9.9171     9.9009     52.017     53.139      0.331    1469.11    1469.08  0.000e+00
      29591     53.000    11.3449    11.2858    -0.0587    1.65150    1.64082          1     2.4900     3.1093      23.21     0.2379     0.2469  1.000e-12  0.1465000    13.4635    13.3903    -0.0732    10.0161     9.9676     52.513     53.643      0.538    1469.66    1469.35  0.000e+00
      29608     53.500    11.2341    11.2467     0.0124    1.67312    1.67239          1     2.2396     3.0947      22.87     0.2556     0.2365  1.000e-12  0.1442000    13.6963    13.6852    -0.0111    10.2115    10.2012     53.008     54.148      0.730    1469.54    1469.57  0.000e+00
      29623     54.000    11.2335    11.2336     0.0002    1.70123    1.70049          1     2.0356     3.0845      22.87     0.2568     0.1824  1.000e-12  0.1539000    13.9467    13.9401    -0.0066    10.4053    10.4002     53.503     54.652      0.799    1469.84    1469.83  0.000e+00
      29638     54.500    11.4343    11.4302    -0.0043    1.73624    1.73529          1     1.8529     3.0740      22.33     0.2562     0.1626  1.000e-12  0.1619000    14.1819    14.1750    -0.0069    10.5593    10.5545     53.999     55.156      0.782    1470.87    1470.85  0.000e+00
      29654     55.000    11.5711    11.5730     0.0021    1.76724    1.76677          1     1.6674     3.0579      21.81     0.2567     0.1369  1.000e-12  0.1750000    14.4046    14.3997    -0.0049    10.7121    10.7081     54.494     55.659      0.708    1471.65    1471.65  0.000e+00
      29672     55.500    11.4632    11.4684     0.0051    1.77676    1.77646          1     1.4856     3.0659      21.30     0.2396     0.1746  1.000e-12  0.1884000    14.5311    14.5264    -0.0047    10.8253    10.8209     54.989     56.163      0.616    1471.41    1471.43  0.000e+00
      29694     56.000    11.3255    11.3346     0.0091    1.77992    1.77978          1     1.3370     3.1191      20.76     0.2494     0.2225  1.000e-12  0.1961000    14.6132    14.6084    -0.0049    10.9082    10.9032     55.485     56.667      0.502    1471.01    1471.04  0.000e+00
      29723     56.500    11.2645    11.2744     0.0099    1.78561    1.78559          1     1.1566     3.1635      20.17     0.2606     0.2372  1.000e-12  0.2068000    14.6880    14.6839    -0.0041    10.9747    10.9701     55.980     57.171      0.385    1470.88    1470.92  0.000e+00
