ctdpy/exports/archive_20191121_122431/received_data/SBE09_0827_20180904_1139_26_01_0959.cnv
* Sea-Bird SBE 9 Data File:
* FileName = D:\CTD_SBE911\DAT\26DA.2018.9.9.hex
* Software Version Seasave V 7.21d
* Temperature SN = 034605
* Conductivity SN = 041844
* Number of Bytes Per Scan = 48
* Number of Voltage Words = 5
* Number of Scans Averaged by the Deck Unit = 1
* NMEA Latitude = 56 38.15 N
* NMEA Longitude = 019 35.12 E
* NMEA UTC (Time) = Sep 04 2018  11:41:39
* NMEA baud rate = 4800
** Ship: DANA
** Average sound velocity: 1448.79 m/s
** True-depth calculation Wed, 03 Apr 2019 09:25:41 +0000
** CTD Python Module SMHI /ver 3-12/ feb 2012 
** LIMS Job: 20182601-0959
**  BY10
** Operator: Christian
** Cruise: 09/2018
# nquan = 26
# nvalues = 277                         
# units = specified
# name 0 = scan: Scan Count
# name 1 = prDM: Pressure, Digiquartz [db]
# name 2 = t090C: Temperature [ITS-90, deg C]
# name 3 = t190C: Temperature, 2 [ITS-90, deg C]
# name 4 = T2-T190C: Temperature Difference, 2 - 1 [ITS-90, deg C]
# name 5 = c0S/m: Conductivity [S/m]
# name 6 = c1S/m: Conductivity, 2 [S/m]
# name 7 = pumps: Pump Status
# name 8 = sbeox1ML/L: Oxygen, SBE 43, 2 [ml/l]
# name 9 = sbeox0ML/L: Oxygen, SBE 43 [ml/l]
# name 10 = altM: Altimeter [m]
# name 11 = chloroflTC0: Chlorophyll, Turner Cyclops [ug/l]
# name 12 = cpar: CPAR/Corrected Irradiance [%]
# name 13 = par: PAR/Irradiance, Biospherical/Lico [µE/(cm^2*s)]
# name 14 = spar: SPAR, Biospherical/Licor
# name 15 = sal00: Salinity, Practical [PSU]
# name 16 = sal11: Salinity, Practical, 2 [PSU]
# name 17 = secS-priS: Salinity, Practical, Difference, 2 - 1 [PSU]
# name 18 = sigma-t00: Density [sigma-t, kg/m^3 ]
# name 19 = sigma-t11: Density, 2 [sigma-t, kg/m^3 ]
# name 20 = depSM: Depth [salt water, m], lat = 56.6358
# name 21 = depFM: Depth [true depth, m], lat = 56.6358
# name 22 = dz/dtM: Descent Rate [m/s], WS = 2
# name 23 = svCM: Sound Velocity [Chen-Millero, m/s]
# name 24 = svCM1: Sound Velocity, 2 [Chen-Millero, m/s]
# name 25 = flag: flag
# span 0 =        282,      15323       
# span 1 =      2.000,    140.000       
# span 2 =     3.3069,    18.9499       
# span 3 =     3.2778,    18.9532       
# span 4 =    -3.3894,     0.1751       
# span 5 =   0.760675,   1.406219       
# span 6 =   0.760632,   1.405758       
# span 7 =          1,          1       
# span 8 =     0.0381,     7.7577       
# span 9 =     0.0223,     8.0567       
# span 10 =       1.50,       9.98      
# span 11 =     0.0440,     0.2603      
# span 12 = -5.714e-06, 7.7857e+00      
# span 13 = -1.126e-04, 1.5337e+02      
# span 14 = 1.9596e+03, 1.9837e+03      
# span 15 =     6.7818,    12.8288      
# span 16 =     6.7795,    12.8244      
# span 17 =    -0.0872,     0.1671      
# span 18 =     3.5859,    10.0215      
# span 19 =     3.5822,    10.0182      
# span 20 =      1.982,    138.672      
# span 21 =      2.030,    141.579      
# span 22 =     -0.178,      0.309      
# span 23 =    1429.07,    1486.92      
# span 24 =    1428.95,    1486.92      
# span 25 = 0.0000e+00, 0.0000e+00      
# interval = decibars: 0.5              
# start_time = Sep 04 2018 11:41:40 [NMEA time, first data scan]
# bad_flag = -9.990e-29
*END*
[from data line 223]
      11248    113.500     6.5955     6.6082     0.0127    1.32024    1.31243          1     0.1248     0.1088       9.97     0.0449  5.052e-14  1.000e-12  1.980e+03    12.0540    11.9723    -0.0816     9.4281     9.3630    112.430    114.849      0.257    1450.22    1450.17  0.000e+00
      11292    114.000     6.5966     6.6015     0.0048    1.32189    1.31584          1     0.1239     0.0855       9.97     0.0449  5.051e-14  1.000e-12  1.980e+03    12.0698    12.0083    -0.0615     9.4404     9.3917    112.925    115.353      0.288    1450.25    1450.19  0.000e+00
      11336    114.500     6.6008     6.6001    -0.0007    1.32448    1.31773          1     0.1230     0.0801       9.97     0.0457  5.055e-14  1.000e-12  1.978e+03    12.0938    12.0273    -0.0665     9.4590     9.4067    113.420    115.858      0.263    1450.31    1450.22  0.000e+00
      11380    115.000     6.6002     6.5993    -0.0009    1.32763    1.32062          1     0.1167     0.0456       9.97     0.0451  5.058e-14  1.000e-12  1.977e+03    12.1250    12.0561    -0.0690     9.4835     9.4294    113.916    116.362      0.286    1450.35    1450.26  0.000e+00
      11421    115.500     6.6063     6.6004    -0.0058    1.33034    1.32318          1     0.1059     0.0400       9.97     0.0451  5.060e-14  1.000e-12  1.976e+03    12.1496    12.0808    -0.0687     9.5023     9.4488    114.411    116.867      0.288    1450.41    1450.30  0.000e+00
      11464    116.000     6.6057     6.6025    -0.0033    1.33264    1.32597          1     0.0922     0.0367       9.97     0.0453  5.063e-14  1.000e-12  1.975e+03    12.1724    12.1076    -0.0648     9.5203     9.4697    114.906    117.371      0.278    1450.45    1450.35  0.000e+00
      11507    116.500     6.6035     6.6038     0.0003    1.33467    1.32893          1     0.0779     0.0323       9.97     0.0457  5.069e-14  1.000e-12  1.973e+03    12.1932    12.1364    -0.0568     9.5368     9.4922    115.401    117.876      0.286    1450.47    1450.40  0.000e+00
      11550    117.000     6.6055     6.6034    -0.0021    1.33765    1.33090          1     0.0686     0.0344       9.97     0.0454  5.077e-14  1.000e-12  1.970e+03    12.2219    12.1558    -0.0660     9.5592     9.5075    115.896    118.380      0.269    1450.53    1450.44  0.000e+00
      11594    117.500     6.6168     6.6036    -0.0132    1.34080    1.33305          1     0.0604     0.0361       9.97     0.0447  5.076e-14  1.000e-12  1.970e+03    12.2489    12.1770    -0.0719     9.5796     9.5241    116.391    118.885      0.274    1450.62    1450.47  0.000e+00
      11638    118.000     6.6220     6.6075    -0.0145    1.34332    1.33554          1     0.0582     0.0360       9.97     0.0454  5.072e-14  1.000e-12  1.972e+03    12.2718    12.2000    -0.0718     9.5972     9.5419    116.886    119.389      0.272    1450.67    1450.52  0.000e+00
      11683    118.500     6.6258     6.6132    -0.0127    1.34573    1.33823          1     0.0561     0.0334       9.97     0.0458  5.066e-14  1.000e-12  1.974e+03    12.2942    12.2246    -0.0696     9.6145     9.5608    117.382    119.893      0.268    1450.73    1450.59  0.000e+00
      11726    119.000     6.6305     6.6174    -0.0130    1.34774    1.34081          1     0.0535     0.0356       9.97     0.0463  5.057e-14  1.000e-12  1.977e+03    12.3123    12.2485    -0.0638     9.6284     9.5792    117.877    120.398      0.281    1450.78    1450.64  0.000e+00
      11770    119.500     6.6357     6.6227    -0.0129    1.35037    1.34363          1     0.0563     0.0339       9.97     0.0464  5.055e-14  1.000e-12  1.978e+03    12.3364    12.2743    -0.0621     9.6469     9.5991    118.372    120.902      0.268    1450.84    1450.70  0.000e+00
      11814    120.000     6.6423     6.6265    -0.0158    1.35310    1.34559          1     0.0554     0.0344       9.97     0.0462  5.050e-14  1.000e-12  1.980e+03    12.3609    12.2923    -0.0686     9.6656     9.6130    118.867    121.407      0.284    1450.90    1450.75  0.000e+00
      11857    120.500     6.6474     6.6322    -0.0152    1.35531    1.34832          1     0.0541     0.0336       9.97     0.0453  5.053e-14  1.000e-12  1.979e+03    12.3809    12.3172    -0.0637     9.6809     9.6321    119.362    121.911      0.263    1450.96    1450.81  0.000e+00
      11904    121.000     6.6521     6.6373    -0.0148    1.35706    1.35041          1     0.0523     0.0332       9.97     0.0462  5.050e-14  1.000e-12  1.980e+03    12.3964    12.3359    -0.0604     9.6927     9.6464    119.857    122.415      0.268    1451.00    1450.87  0.000e+00
      11946    121.500     6.6565     6.6409    -0.0157    1.35832    1.35205          1     0.0524     0.0334       9.97     0.0464  5.052e-14  1.000e-12  1.980e+03    12.4071    12.3507    -0.0564     9.7008     9.6577    120.352    122.920      0.283    1451.04    1450.91  0.000e+00
      11991    122.000     6.6597     6.6456    -0.0140    1.35939    1.35394          1     0.0513     0.0338       9.97     0.0459  5.055e-14  1.000e-12  1.978e+03    12.4165    12.3676    -0.0488     9.7079     9.6706    120.848    123.424      0.256    1451.08    1450.96  0.000e+00
      12037    122.500     6.6632     6.6506    -0.0125    1.36043    1.35588          1     0.0500     0.0328       9.97     0.0467  5.059e-14  1.000e-12  1.977e+03    12.4254    12.3850    -0.0404     9.7147     9.6839    121.343    123.928      0.282    1451.11    1451.01  0.000e+00
      12079    123.000     6.6666     6.6532    -0.0133    1.36162    1.35682          1     0.0482     0.0323       9.97     0.0476  5.063e-14  1.000e-12  1.975e+03    12.4358    12.3932    -0.0427     9.7226     9.6901    121.838    124.433      0.268    1451.15    1451.04  0.000e+00
      12127    123.500     6.6704     6.6586    -0.0118    1.36311    1.35861          1     0.0470     0.0307       9.97     0.0478  5.065e-14  1.000e-12  1.974e+03    12.4491    12.4088    -0.0402     9.7327     9.7020    122.333    124.937      0.247    1451.19    1451.08  0.000e+00
      12173    124.000     6.6748     6.6608    -0.0140    1.36458    1.35952          1     0.0473     0.0327       9.97     0.0474  5.058e-14  1.000e-12  1.977e+03    12.4619    12.4170    -0.0449     9.7424     9.7083    122.828    125.442      0.266    1451.23    1451.11  0.000e+00
      12219    124.500     6.6789     6.6657    -0.0132    1.36597    1.36108          1     0.0487     0.0317       9.97     0.0484  5.055e-14  1.000e-12  1.978e+03    12.4742    12.4305    -0.0436     9.7517     9.7185    123.323    125.946      0.256    1451.27    1451.16  0.000e+00
      12266    125.000     6.6847     6.6709    -0.0138    1.36784    1.36293          1     0.0470     0.0308       9.97     0.0470  5.050e-14  1.000e-12  1.980e+03    12.4904    12.4468    -0.0435     9.7640     9.7309    123.818    126.450      0.265    1451.32    1451.21  0.000e+00
      12309    125.500     6.6893     6.6739    -0.0154    1.36909    1.36391          1     0.0459     0.0306       9.97     0.0482  5.050e-14  1.000e-12  1.980e+03    12.5010    12.4554    -0.0456     9.7720     9.7374    124.313    126.955      0.278    1451.36    1451.24  0.000e+00
      12355    126.000     6.6931     6.6782    -0.0149    1.37035    1.36523          1     0.0460     0.0320       9.97     0.0476  5.047e-14  1.000e-12  1.981e+03    12.5120    12.4667    -0.0453     9.7804     9.7460    124.809    127.459      0.250    1451.40    1451.28  0.000e+00
      12402    126.500     6.6976     6.6836    -0.0139    1.37185    1.36698          1     0.0495     0.0281       9.97     0.0473  5.046e-14  1.000e-12  1.982e+03    12.5251    12.4820    -0.0431     9.7903     9.7575    125.304    127.963      0.262    1451.44    1451.33  0.000e+00
      12449    127.000     6.7026     6.6875    -0.0151    1.37353    1.36834          1     0.0488     0.0312       9.97     0.0470  5.045e-14  1.000e-12  1.982e+03    12.5398    12.4940    -0.0458     9.8014     9.7666    125.799    128.468      0.252    1451.49    1451.37  0.000e+00
      12495    127.500     6.7078     6.6930    -0.0147    1.37527    1.37000          1     0.0445     0.0287       9.97     0.0467  5.046e-14  1.000e-12  1.982e+03    12.5550    12.5082    -0.0467     9.8129     9.7774    126.294    128.972      0.268    1451.54    1451.42  0.000e+00
      12540    128.000     6.7110     6.6962    -0.0148    1.37628    1.37125          1     0.0469     0.0288       9.97     0.0474  5.050e-14  1.000e-12  1.980e+03    12.5637    12.5193    -0.0444     9.8195     9.7859    126.789    129.476      0.261    1451.57    1451.45  0.000e+00
      12586    128.500     6.7144     6.7013    -0.0131    1.37738    1.37278          1     0.0457     0.0306       9.97     0.0468  5.049e-14  1.000e-12  1.980e+03    12.5732    12.5325    -0.0407     9.8268     9.7958    127.284    129.981      0.263    1451.60    1451.50  0.000e+00
      12633    129.000     6.7173     6.7050    -0.0123    1.37853    1.37403          1     0.0457     0.0292       9.97     0.0464  5.054e-14  1.000e-12  1.978e+03    12.5834    12.5434    -0.0400     9.8346     9.8041    127.779    130.485      0.250    1451.64    1451.54  0.000e+00
      12681    129.500     6.7210     6.7097    -0.0113    1.37990    1.37566          1     0.0459     0.0289       9.97     0.0468  5.055e-14  1.000e-12  1.978e+03    12.5955    12.5577    -0.0378     9.8437     9.8149    128.274    130.989      0.243    1451.68    1451.58  0.000e+00
      12730    130.000     6.7268     6.7140    -0.0128    1.38181    1.37716          1     0.0458     0.0289       9.97     0.0482  5.052e-14  1.000e-12  1.979e+03    12.6122    12.5708    -0.0414     9.8564     9.8249    128.770    131.494      0.260    1451.73    1451.62  0.000e+00
      12776    130.500     6.7321     6.7176    -0.0145    1.38366    1.37841          1     0.0455     0.0282       9.97     0.0475  5.055e-14  1.000e-12  1.978e+03    12.6284    12.5818    -0.0466     9.8687     9.8333    129.265    131.998      0.253    1451.78    1451.66  0.000e+00
      12824    131.000     6.7352     6.7223    -0.0129    1.38477    1.37992          1     0.0459     0.0292       9.91     0.0477  5.055e-14  1.000e-12  1.978e+03    12.6382    12.5950    -0.0432     9.8761     9.8432    129.760    132.502      0.256    1451.81    1451.70  0.000e+00
      12869    131.500     6.7400     6.7269    -0.0131    1.38644    1.38160          1     0.0456     0.0277       9.47     0.0476  5.055e-14  1.000e-12  1.978e+03    12.6528    12.6098    -0.0430     9.8873     9.8545    130.255    133.006      0.273    1451.86    1451.75  0.000e+00
      12915    132.000     6.7443     6.7336    -0.0107    1.38801    1.38380          1     0.0452     0.0286       8.93     0.0478  5.055e-14  1.000e-12  1.978e+03    12.6667    12.6290    -0.0377     9.8978     9.8690    130.750    133.511      0.242    1451.90    1451.81  0.000e+00
      12966    132.500     6.7477     6.7396    -0.0081    1.38913    1.38625          1     0.0448     0.0284       8.41     0.0480  5.055e-14  1.000e-12  1.978e+03    12.6764    12.6509    -0.0255     9.9052     9.8858    131.245    134.015      0.237    1451.94    1451.87  0.000e+00
      13015    133.000     6.7513     6.7422    -0.0090    1.39012    1.38704          1     0.0443     0.0291       7.88     0.0489  5.049e-14  1.000e-12  1.981e+03    12.6848    12.6576    -0.0271     9.9114     9.8909    131.740    134.519      0.251    1451.97    1451.90  0.000e+00
      13064    133.500     6.7555     6.7453    -0.0103    1.39149    1.38817          1     0.0433     0.0275       7.38     0.0480  5.045e-14  1.000e-12  1.982e+03    12.6967    12.6676    -0.0291     9.9205     9.8984    132.235    135.023      0.245    1452.01    1451.93  0.000e+00
      13111    134.000     6.7596     6.7477    -0.0119    1.39299    1.38887          1     0.0408     0.0272       6.87     0.0473  5.045e-14  1.000e-12  1.982e+03    12.7099    12.6735    -0.0364     9.9305     9.9029    132.730    135.528      0.258    1452.05    1451.96  0.000e+00
      13158    134.500     6.7645     6.7512    -0.0133    1.39489    1.38992          1     0.0457     0.0265       6.37     0.0474  5.045e-14  1.000e-12  1.982e+03    12.7267    12.6825    -0.0442     9.9433     9.9097    133.225    136.032      0.251    1452.10    1451.99  0.000e+00
      13204    135.000     6.7692     6.7562    -0.0130    1.39662    1.39159          1     0.0451     0.0275       5.87     0.0478  5.041e-14  1.000e-12  1.984e+03    12.7420    12.6971    -0.0449     9.9550     9.9207    133.721    136.536      0.275    1452.15    1452.04  0.000e+00
      13249    135.500     6.7742     6.7607    -0.0135    1.39843    1.39337          1     0.0441     0.0268       5.36     0.0467  5.046e-14  1.000e-12  1.982e+03    12.7580    12.7129    -0.0451     9.9671     9.9328    134.216    137.040      0.255    1452.20    1452.08  0.000e+00
      13297    136.000     6.7780     6.7655    -0.0125    1.39982    1.39511          1     0.0427     0.0258       4.87     0.0484  5.050e-14  1.000e-12  1.980e+03    12.7701    12.7282    -0.0419     9.9763     9.9444    134.711    137.545      0.249    1452.23    1452.13  0.000e+00
      13344    136.500     6.7830     6.7696    -0.0134    1.40149    1.39667          1     0.0434     0.0271       4.38     0.0490  5.050e-14  1.000e-12  1.980e+03    12.7847    12.7420    -0.0427     9.9874     9.9549    135.206    138.049      0.255    1452.28    1452.17  0.000e+00
      13392    137.000     6.7838     6.7735    -0.0104    1.40188    1.39799          1     0.0423     0.0264       3.87     0.0482  5.049e-14  1.000e-12  1.981e+03    12.7881    12.7535    -0.0346     9.9900     9.9636    135.701    138.553      0.248    1452.30    1452.21  0.000e+00
      13441    137.500     6.7844     6.7774    -0.0070    1.40206    1.39936          1     0.0416     0.0273       3.34     0.0486  5.053e-14  1.000e-12  1.979e+03    12.7896    12.7656    -0.0241     9.9911     9.9728    136.196    139.057      0.252    1452.31    1452.25  0.000e+00
      13487    138.000     6.7862     6.7794    -0.0068    1.40342    1.40011          1     0.0437     0.0256       2.84     0.0485  5.055e-14  1.000e-12  1.978e+03    12.8023    12.7722    -0.0301    10.0009     9.9778    136.691    139.562      0.260    1452.34    1452.28  0.000e+00
      13534    138.500     6.7872     6.7815    -0.0057    1.40518    1.40113          1     0.0427     0.0272       2.33     0.0490  5.057e-14  1.000e-12  1.978e+03    12.8192    12.7812    -0.0380    10.0141     9.9848    137.186    140.066      0.252    1452.37    1452.30  0.000e+00
      13676    139.000     6.7881     6.7840    -0.0042    1.40588    1.40287          1     0.0404     0.0231       2.69     0.0497  5.063e-14  1.000e-12  1.975e+03    12.8257    12.7974    -0.0283    10.0191     9.9973    137.681    140.570      0.231    1452.40    1452.34  0.000e+00
      14551    139.500     6.7884     6.7875    -0.0009    1.40611    1.40542          1     0.0381     0.0223       1.50     0.0522  5.048e-14  1.000e-12  1.981e+03    12.8278    12.8212    -0.0066    10.0208    10.0157    138.176    141.074      0.220    1452.41    1452.39  0.000e+00
      15323    140.000     6.7883     6.7876    -0.0007    1.40622    1.40576          1     0.0392     0.0259       4.01     0.0532  5.053e-14  1.000e-12  1.979e+03    12.8288    12.8244    -0.0043    10.0215    10.0182    138.672    141.579     -0.178    1452.41    1452.40  0.000e+00
