ctdpy/exports/archive_20191121_122431/received_data/SBE09_1044_20180417_1442_34_07_0013.cnv
* Sea-Bird SBE 9 Data File:
* FileName = C:\ctd\temp\2018\AU18D013.hex
* Software Version Seasave V 7.26.6.26
* Temperature SN = 5351
* Conductivity SN = 3941
* Number of Bytes Per Scan = 41
* Number of Voltage Words = 4
* Number of Scans Averaged by the Deck Unit = 1
* NMEA Latitude = 54 58.28 N
* NMEA Longitude = 014 05.93 E
* NMEA UTC (Time) = Apr 17 2018  14:42:18
* NMEA baud rate = 4800
** Station:  BY2
** Operator:  A-KTh
** Ship: AURA
** Average sound velocity: 1427.87 m/s
** True-depth calculation Tue, 17 Apr 2018 16:19:34 +0000
** CTD Python Module SMHI /ver 3-12/ feb 2012 
** LIMS Job: 20183407-0013
** Cruise: SMHI-01-2018
** Latitude [GG MM.mm N] :
** Longitude [GG MM.mm E]:
# nquan = 26
# nvalues = 83                          
# units = specified
# name 0 = scan: Scan Count
# name 1 = prDM: Pressure, Digiquartz [db]
# name 2 = t090C: Temperature [ITS-90, deg C]
# name 3 = t190C: Temperature, 2 [ITS-90, deg C]
# name 4 = T2-T190C: Temperature Difference, 2 - 1 [ITS-90, deg C]
# name 5 = c0S/m: Conductivity [S/m]
# name 6 = c1S/m: Conductivity, 2 [S/m]
# name 7 = pumps: Pump Status
# name 8 = sbeox0ML/L: Oxygen, SBE 43 [ml/l]
# name 9 = sbeox1ML/L: Oxygen, SBE 43, 2 [ml/l]
# name 10 = altM: Altimeter [m]
# name 11 = flECO-AFL: Chl-a Fluorescence, WET Labs ECO-AFL/FL [mg/m^3]
# name 12 = flECO-AFL1: Phycocyanin Fluorescence, WET Labs ECO-AFL/FL, 2 [mg/m^3]
# name 13 = par: PAR/Irradiance, Biospherical/Lico [µE/(cm^2*s)]
# name 14 = turbWETntu0: Turbidity, WET Labs ECO [NTU]
# name 15 = sal00: Salinity, Practical [PSU]
# name 16 = sal11: Salinity, Practical, 2 [PSU]
# name 17 = secS-priS: Salinity, Practical, Difference, 2 - 1 [PSU]
# name 18 = sigma-t00: Density [sigma-t, Kg/m^3 ]
# name 19 = sigma-t11: Density, 2 [sigma-t, Kg/m^3 ]
# name 20 = depSM: Depth [salt water, m], lat = 54.9713
# name 21 = depFM: Depth [true depth, m], lat = 54.9713
# name 22 = dz/dtM: Descent Rate [m/s], WS = 2
# name 23 = svCM: Sound Velocity [Chen-Millero, m/s]
# name 24 = svCM1: Sound Velocity, 2 [Chen-Millero, m/s]
# name 25 = flag: flag
# span 0 =       8204,      10545       
# span 1 =      0.500,     41.500       
# span 2 =     2.6727,     4.1064       
# span 3 =     2.6588,     4.0676       
# span 4 =    -0.0861,     0.0544       
# span 5 =   0.802832,   0.837577       
# span 6 =   0.802837,   0.839127       
# span 7 =          1,          1       
# span 8 =    9.13525,   10.24231       
# span 9 =    9.00464,   10.10198       
# span 10 =       2.65,      67.74      
# span 11 =     1.6011,     4.5584      
# span 12 =     0.3329,     0.9599      
# span 13 = -1.091e-05, 3.1215e+03      
# span 14 =     0.3295,     1.0164      
# span 15 =     7.6411,     8.3142      
# span 16 =     7.6491,     8.3374      
# span 17 =    -0.0124,     0.0240      
# span 18 =     6.0715,     6.6319      
# span 19 =     6.0788,     6.6506      
# span 20 =      0.495,     41.122      
# span 21 =      0.506,     42.003      
# span 22 =     -0.003,      0.581      
# span 23 =    1426.51,    1432.06      
# span 24 =    1426.52,    1431.90      
# span 25 = 0.0000e+00, 0.0000e+00      
# interval = decibars: 0.5              
# start_time = Apr 17 2018 14:42:18 [NMEA time, first data scan]
# bad_flag = -9.990e-29
*END*
       8204      0.500     4.0039     3.9136    -0.0861    0.80584    0.80583          1    10.1901     9.9862      45.48     3.2031     0.7366  3.122e+03  0.8534000     7.6626     7.6836     0.0210     6.0913     6.1103      0.495      0.506      0.003    1431.61    1431.23  0.000e+00
       8335      1.000     4.1064     4.0501    -0.0561    0.80609    0.80605          1    10.2423    10.1020      45.12     3.3311     0.7327  3.091e+03  0.9563000     7.6411     7.6539     0.0128     6.0715     6.0831      0.991      1.012      0.181    1432.06    1431.82  0.000e+00
       8434      1.500     4.0181     4.0676     0.0495    0.80579    0.80599          1    10.2074    10.0967      44.73     3.7115     0.7837  1.574e+03  1.0164000     7.6587     7.6491    -0.0096     6.0877     6.0788      1.486      1.519      0.233    1431.69    1431.90  0.000e+00
       8489      2.000     3.8453     3.8507     0.0054    0.80541    0.80549          1    10.1136    10.0032      44.30     3.7834     0.7972  7.611e+02  0.9769000     7.6953     7.6948    -0.0005     6.1211     6.1206      1.982      2.025      0.261    1430.97    1430.99  0.000e+00
       8543      2.500     3.8069     3.8064    -0.0003    0.80536    0.80538          1    10.0804     9.9747      43.84     3.9175     0.8257  5.587e+02  0.9141000     7.7038     7.7041     0.0003     6.1288     6.1290      2.477      2.531      0.222    1430.81    1430.81  0.000e+00
       8588      3.000     3.8107     3.8231     0.0124    0.80550    0.80556          1    10.1025     9.9805      64.32     4.2070     0.8642  4.350e+02  0.8925000     7.7043     7.7019    -0.0024     6.1291     6.1269      2.973      3.037      0.352    1430.84    1430.89  0.000e+00
       8618      3.500     3.8315     3.8349     0.0034    0.80562    0.80563          1    10.1143     9.9868      43.01     4.3226     0.9599  3.367e+02  0.9136000     7.7005     7.6998    -0.0007     6.1256     6.1249      3.468      3.543      0.395    1430.93    1430.95  0.000e+00
       8651      4.000     3.8280     3.8252    -0.0028    0.80566    0.80562          1    10.1042     9.9774      42.28     4.4985     0.9208  2.552e+02  0.9238000     7.7017     7.7019     0.0003     6.1265     6.1269      3.964      4.049      0.358    1430.93    1430.92  0.000e+00
       8684      4.500     3.8098     3.8011    -0.0086    0.80556    0.80548          1    10.0961     9.9669      41.80     4.5337     0.9082  1.993e+02  0.8967000     7.7049     7.7061     0.0012     6.1296     6.1307      4.459      4.556      0.370    1430.86    1430.82  0.000e+00
       8715      5.000     3.8125     3.8049    -0.0076    0.80553    0.80550          1    10.1093     9.9810      65.63     4.5431     0.9524  1.586e+02  0.9082000     7.7039     7.7053     0.0014     6.1287     6.1300      4.955      5.062      0.412    1430.88    1430.84  0.000e+00
       8742      5.500     3.8337     3.8376     0.0038    0.80569    0.80563          1    10.1252    10.0011      40.45     4.5584     0.9364  1.213e+02  0.9220000     7.7004     7.6989    -0.0015     6.1254     6.1241      5.450      5.568      0.462    1430.98    1430.99  0.000e+00
       8768      6.000     3.8252     3.8242    -0.0008    0.80563    0.80561          1    10.1297    10.0000      67.74     4.5432     0.9393  9.698e+01  0.9207000     7.7018     7.7017    -0.0000     6.1267     6.1267      5.946      6.074      0.474    1430.95    1430.94  0.000e+00
       8793      6.500     3.7989     3.8007     0.0018    0.80559    0.80558          1    10.1172    10.0025      39.68     4.4564     0.9117  7.994e+01  0.9019000     7.7075     7.7069    -0.0005     6.1318     6.1314      6.441      6.580      0.470    1430.84    1430.85  0.000e+00
       8818      7.000     3.7617     3.7544    -0.0072    0.80555    0.80552          1    10.1006     9.9834      39.29     4.3288     0.8739  6.071e+01  0.8548000     7.7158     7.7172     0.0014     6.1393     6.1406      6.937      7.086      0.475    1430.69    1430.66  0.000e+00
       8844      7.500     3.7218     3.7286     0.0067    0.80553    0.80554          1    10.0812     9.9945      38.71     4.2728     0.8622  4.705e+01  0.8494000     7.7250     7.7235    -0.0015     6.1474     6.1461      7.432      7.593      0.462    1430.53    1430.56  0.000e+00
       8870      8.000     3.6568     3.6767     0.0199    0.80545    0.80546          1    10.0069     9.9397      38.21     4.1580     0.8440  3.872e+01  0.8464000     7.7395     7.7349    -0.0046     6.1604     6.1563      7.928      8.099      0.461    1430.27    1430.35  0.000e+00
       8895      8.500     3.5167     3.5708     0.0544    0.80525    0.80530          1     9.8881     9.8065      37.67     3.9008     0.8075  3.206e+01  0.8100000     7.7709     7.7585    -0.0124     6.1881     6.1772      8.423      8.605      0.525    1429.68    1429.91  0.000e+00
       8917      9.000     3.3574     3.3761     0.0181    0.80502    0.80504          1     9.8381     9.7474      37.19     3.5947     0.8064  2.570e+01  0.7521000     7.8069     7.8026    -0.0043     6.2195     6.2157      8.919      9.111      0.572    1429.00    1429.08  0.000e+00
       8937      9.500     3.2279     3.2045    -0.0230    0.80488    0.80485          1     9.8035     9.6998      36.62     2.9903     0.7965  2.082e+01  0.6412000     7.8367     7.8420     0.0054     6.2452     6.2497      9.414      9.617      0.547    1428.46    1428.36  0.000e+00
       8961     10.000     3.2239     3.2269     0.0028    0.80497    0.80493          1     9.7875     9.6846      36.06     2.3769     0.6880  1.712e+01  0.5251000     7.8385     7.8374    -0.0011     6.2467     6.2458      9.910     10.123      0.484    1428.45    1428.46  0.000e+00
       8987     10.500     3.1447     3.1578     0.0133    0.80494    0.80495          1     9.6906     9.6055      35.56     2.5353     0.5619  1.419e+01  0.5277000     7.8574     7.8543    -0.0031     6.2628     6.2602     10.405     10.629      0.468    1428.12    1428.18  0.000e+00
       9012     11.000     3.0484     3.0805     0.0319    0.80498    0.80494          1     9.5969     9.5265      35.13     2.1121     0.4123  1.201e+01  0.5154000     7.8814     7.8731    -0.0083     6.2831     6.2761     10.901     11.135      0.497    1427.72    1427.85  0.000e+00
       9035     11.500     2.8305     2.8357     0.0053    0.80283    0.80284          1     9.5574     9.4592      34.52     1.9219     0.4435  1.031e+01  0.4198000     7.9123     7.9110    -0.0012     6.3099     6.3089     11.396     11.642      0.535    1426.76    1426.78  0.000e+00
       9057     12.000     2.8045     2.8055     0.0009    0.80352    0.80346          1     9.5175     9.3959      34.14     1.6370     0.4302  8.932e+00  0.3632000     7.9259     7.9250    -0.0009     6.3210     6.3203     11.891     12.148      0.552    1426.67    1426.67  0.000e+00
       9079     12.500     2.8043     2.8068     0.0024    0.80391    0.80390          1     9.5024     9.3746      33.72     1.6011     0.4036  7.804e+00  0.3405000     7.9300     7.9293    -0.0007     6.3243     6.3237     12.387     12.654      0.547    1426.68    1426.69  0.000e+00
       9101     13.000     2.8047     2.8033    -0.0014    0.80437    0.80414          1     9.5018     9.3718      33.04     1.7431     0.3882  6.899e+00  0.3439000     7.9347     7.9327    -0.0020     6.3280     6.3264     12.882     13.160      0.512    1426.69    1426.69  0.000e+00
       9126     13.500     2.7993     2.8028     0.0035    0.80419    0.80429          1     9.5083     9.3787      32.37     1.7725     0.3691  6.186e+00  0.3580000     7.9341     7.9343     0.0001     6.3276     6.3277     13.378     13.666      0.470    1426.68    1426.69  0.000e+00
       9152     14.000     2.7981     2.7997     0.0016    0.80427    0.80424          1     9.5068     9.3836      31.80     1.6680     0.3773  5.495e+00  0.3849000     7.9352     7.9344    -0.0008     6.3285     6.3279     13.873     14.172      0.463    1426.68    1426.69  0.000e+00
       9177     14.500     2.8127     2.8106    -0.0021    0.80526    0.80503          1     9.5016     9.3704      31.30     1.7229     0.4460  4.865e+00  0.3884000     7.9419     7.9401    -0.0018     6.3337     6.3323     14.369     14.678      0.493    1426.76    1426.75  0.000e+00
       9201     15.000     2.8034     2.8080     0.0045    0.80484    0.80496          1     9.5082     9.3708      30.91     1.7710     0.4938  4.328e+00  0.3501000     7.9397     7.9398     0.0001     6.3320     6.3321     14.864     15.184      0.534    1426.73    1426.75  0.000e+00
       9222     15.500     2.8014     2.8027     0.0013    0.80478    0.80475          1     9.5064     9.3729      30.34     1.7779     0.4796  3.886e+00  0.3295000     7.9395     7.9389    -0.0006     6.3319     6.3314     15.360     15.690      0.559    1426.73    1426.73  0.000e+00
       9244     16.000     2.8079     2.8112     0.0032    0.80546    0.80566          1     9.5090     9.3854      29.77     1.7253     0.4121  3.476e+00  0.3756000     7.9450     7.9464     0.0014     6.3362     6.3373     15.855     16.196      0.548    1426.77    1426.79  0.000e+00
       9266     16.500     2.8090     2.8116     0.0026    0.80629    0.80629          1     9.5187     9.3870      29.23     1.7853     0.3861  3.072e+00  0.3458000     7.9534     7.9528    -0.0006     6.3429     6.3424     16.351     16.702      0.495    1426.80    1426.81  0.000e+00
       9293     17.000     2.8159     2.8130    -0.0029    0.80690    0.80673          1     9.5078     9.3725      28.77     1.8094     0.3329  2.690e+00  0.3347000     7.9582     7.9570    -0.0011     6.3467     6.3458     16.846     17.208      0.441    1426.84    1426.83  0.000e+00
       9320     17.500     2.8115     2.8135     0.0020    0.80687    0.80689          1     9.4986     9.3674      28.19     1.8411     0.3889  2.388e+00  0.3411000     7.9589     7.9586    -0.0003     6.3473     6.3470     17.342     17.714      0.470    1426.83    1426.84  0.000e+00
       9344     18.000     2.8139     2.8154     0.0016    0.80702    0.80700          1     9.4967     9.3844      27.66     1.6672     0.4471  2.125e+00  0.3326000     7.9598     7.9592    -0.0006     6.3480     6.3475     17.837     18.220      0.543    1426.85    1426.86  0.000e+00
       9364     18.500     2.8217     2.8232     0.0014    0.80730    0.80729          1     9.5001     9.3946      27.13     1.7828     0.4298  1.892e+00  0.3391000     7.9607     7.9602    -0.0005     6.3487     6.3483     18.332     18.726      0.577    1426.89    1426.90  0.000e+00
       9385     19.000     2.8238     2.8245     0.0007    0.80739    0.80735          1     9.5017     9.3857      26.69     1.7677     0.4236  1.695e+00  0.3435000     7.9611     7.9605    -0.0006     6.3489     6.3485     18.828     19.232      0.553    1426.91    1426.91  0.000e+00
       9408     19.500     2.8248     2.8258     0.0010    0.80745    0.80742          1     9.5078     9.3888      26.13     1.7183     0.4415  1.505e+00  0.3427000     7.9614     7.9609    -0.0005     6.3492     6.3488     19.323     19.738      0.491    1426.92    1426.93  0.000e+00
       9435     20.000     2.8247     2.8269     0.0022    0.80747    0.80749          1     9.5282     9.4142      25.52     1.8410     0.4204  1.349e+00  0.3406000     7.9616     7.9612    -0.0003     6.3493     6.3490     19.819     20.245      0.440    1426.93    1426.94  0.000e+00
       9462     20.500     2.8382     2.8468     0.0086    0.80788    0.80807          1     9.5056     9.3928      25.06     1.8611     0.3949  1.205e+00  0.3358000     7.9625     7.9624    -0.0002     6.3500     6.3498     20.314     20.751      0.471    1427.00    1427.04  0.000e+00
       9486     21.000     2.8244     2.8234    -0.0010    0.80777    0.80770          1     9.4925     9.3616      24.56     1.7391     0.4445  1.079e+00  0.3409000     7.9647     7.9642    -0.0005     6.3518     6.3514     20.810     21.257      0.538    1426.95    1426.95  0.000e+00
       9507     21.500     2.7855     2.7871     0.0016    0.80700    0.80699          1     9.4833     9.3425      24.04     1.7923     0.3714  9.651e-01  0.3504000     7.9661     7.9656    -0.0005     6.3533     6.3529     21.305     21.763      0.566    1426.78    1426.79  0.000e+00
       9528     22.000     2.7830     2.7844     0.0014    0.80698    0.80696          1     9.4802     9.3417      23.61     1.9808     0.4400  8.611e-01  0.3721000     7.9664     7.9659    -0.0005     6.3535     6.3531     21.801     22.269      0.546    1426.78    1426.78  0.000e+00
       9551     22.500     2.7835     2.7848     0.0013    0.80703    0.80701          1     9.4658     9.3406      23.08     2.0888     0.4344  7.811e-01  0.4247000     7.9668     7.9663    -0.0005     6.3538     6.3534     22.296     22.775      0.502    1426.79    1426.79  0.000e+00
       9576     23.000     2.7826     2.7843     0.0016    0.80707    0.80705          1     9.4328     9.3226      22.47     1.9560     0.3592  6.910e-01  0.3575000     7.9673     7.9668    -0.0006     6.3543     6.3538     22.791     23.281      0.468    1426.79    1426.80  0.000e+00
       9602     23.500     2.7398     2.7437     0.0039    0.80615    0.80616          1     9.4277     9.3078      22.05     1.8443     0.4006  6.227e-01  0.3389000     7.9682     7.9673    -0.0009     6.3553     6.3545     23.287     23.787      0.467    1426.60    1426.62  0.000e+00
       9627     24.000     2.7184     2.7198     0.0014    0.80572    0.80570          1     9.4261     9.3061      21.52     1.9119     0.4338  5.559e-01  0.3360000     7.9689     7.9683    -0.0005     6.3560     6.3555     23.782     24.293      0.498    1426.51    1426.52  0.000e+00
       9650     24.500     2.7204     2.7217     0.0013    0.80583    0.80581          1     9.4030     9.2971      20.92     2.1166     0.4321  4.956e-01  0.3719000     7.9694     7.9689    -0.0005     6.3564     6.3560     24.278     24.799      0.539    1426.53    1426.53  0.000e+00
       9672     25.000     2.7302     2.7313     0.0011    0.80616    0.80614          1     9.3959     9.2915      20.42     2.2957     0.4479  4.421e-01  0.3474000     7.9704     7.9699    -0.0005     6.3571     6.3567     24.773     25.305      0.559    1426.59    1426.59  0.000e+00
       9694     25.500     2.7118     2.7135     0.0018    0.80604    0.80603          1     9.3961     9.2910      19.86     2.1890     0.4750  3.916e-01  0.3901000     7.9737     7.9731    -0.0006     6.3599     6.3594     25.269     25.811      0.538    1426.51    1426.52  0.000e+00
       9717     26.000     2.7178     2.7139    -0.0037    0.80637    0.80622          1     9.3866     9.2765      19.27     2.0211     0.4465  3.394e-01  0.3701000     7.9756     7.9750    -0.0006     6.3613     6.3609     25.764     26.317      0.485    1426.55    1426.53  0.000e+00
       9743     26.500     2.7321     2.7386     0.0064    0.80682    0.80700          1     9.3816     9.2651      18.69     2.0814     0.4079  2.989e-01  0.3519000     7.9768     7.9771     0.0003     6.3622     6.3624     26.260     26.823      0.454    1426.62    1426.66  0.000e+00
       9769     27.000     2.7501     2.7558     0.0058    0.80739    0.80749          1     9.3912     9.2497      18.17     1.8696     0.4770  2.676e-01  0.3866000     7.9783     7.9779    -0.0004     6.3632     6.3629     26.755     27.329      0.477    1426.72    1426.74  0.000e+00
       9793     27.500     2.7901     2.7916     0.0016    0.80855    0.80855          1     9.3871     9.2364      17.50     1.9006     0.4166  2.317e-01  0.4091000     7.9805     7.9801    -0.0004     6.3647     6.3644     27.250     27.835      0.527    1426.92    1426.92  0.000e+00
