ctdpy/exports/archive_20191121_122431/received_data/SBE09_1044_20180416_0626_34_07_0006.cnv
* Sea-Bird SBE 9 Data File:
* FileName = C:\ctd\temp\2018\AU18D006.hex
* Software Version Seasave V 7.26.6.26
* Temperature SN = 5351
* Conductivity SN = 3941
* Number of Bytes Per Scan = 41
* Number of Voltage Words = 4
* Number of Scans Averaged by the Deck Unit = 1
* NMEA Latitude = 58 16.03 N
* NMEA Longitude = 010 43.44 E
* NMEA UTC (Time) = Apr 16 2018  06:26:53
* NMEA baud rate = 4800
** Station:  A16
** Operator:  A-KTh
** Ship: AURA
** Average sound velocity: 1478.38 m/s
** True-depth calculation Mon, 16 Apr 2018 06:59:32 +0000
** CTD Python Module SMHI /ver 3-12/ feb 2012 
** LIMS Job: 20183407-0006
** Cruise: SMHI-01-2018
** Latitude [GG MM.mm N] :
** Longitude [GG MM.mm E]:
# nquan = 26
# nvalues = 401                         
# units = specified
# name 0 = scan: Scan Count
# name 1 = prDM: Pressure, Digiquartz [db]
# name 2 = t090C: Temperature [ITS-90, deg C]
# name 3 = t190C: Temperature, 2 [ITS-90, deg C]
# name 4 = T2-T190C: Temperature Difference, 2 - 1 [ITS-90, deg C]
# name 5 = c0S/m: Conductivity [S/m]
# name 6 = c1S/m: Conductivity, 2 [S/m]
# name 7 = pumps: Pump Status
# name 8 = sbeox0ML/L: Oxygen, SBE 43 [ml/l]
# name 9 = sbeox1ML/L: Oxygen, SBE 43, 2 [ml/l]
# name 10 = altM: Altimeter [m]
# name 11 = flECO-AFL: Chl-a Fluorescence, WET Labs ECO-AFL/FL [mg/m^3]
# name 12 = flECO-AFL1: Phycocyanin Fluorescence, WET Labs ECO-AFL/FL, 2 [mg/m^3]
# name 13 = par: PAR/Irradiance, Biospherical/Lico [µE/(cm^2*s)]
# name 14 = turbWETntu0: Turbidity, WET Labs ECO [NTU]
# name 15 = sal00: Salinity, Practical [PSU]
# name 16 = sal11: Salinity, Practical, 2 [PSU]
# name 17 = secS-priS: Salinity, Practical, Difference, 2 - 1 [PSU]
# name 18 = sigma-t00: Density [sigma-t, Kg/m^3 ]
# name 19 = sigma-t11: Density, 2 [sigma-t, Kg/m^3 ]
# name 20 = depSM: Depth [salt water, m], lat = 58.2672
# name 21 = depFM: Depth [true depth, m], lat = 58.2672
# name 22 = dz/dtM: Descent Rate [m/s], WS = 2
# name 23 = svCM: Sound Velocity [Chen-Millero, m/s]
# name 24 = svCM1: Sound Velocity, 2 [Chen-Millero, m/s]
# name 25 = flag: flag
# span 0 =       4853,      14491       
# span 1 =      0.500,    200.500       
# span 2 =     2.6321,     7.5182       
# span 3 =     2.6324,     7.5188       
# span 4 =    -0.0213,     0.0437       
# span 5 =   2.295123,   3.575680       
# span 6 =   2.295208,   3.575695       
# span 7 =          1,          1       
# span 8 =    5.58695,    8.31690       
# span 9 =    5.50588,    8.32806       
# span 10 =       2.47,      98.72      
# span 11 =     0.0130,     1.1480      
# span 12 =     0.1341,     0.3521      
# span 13 = -4.298e-05, 3.3619e+02      
# span 14 =     0.1495,     1.2073      
# span 15 =    23.6183,    35.0665      
# span 16 =    23.6198,    35.0665      
# span 17 =    -0.0701,     0.0252      
# span 18 =    18.7250,    27.4670      
# span 19 =    18.7263,    27.4670      
# span 20 =      0.495,    198.541      
# span 21 =      0.500,    198.904      
# span 22 =     -0.028,      0.617      
# span 23 =    1449.60,    1482.56      
# span 24 =    1449.60,    1482.56      
# span 25 = 0.0000e+00, 0.0000e+00      
# interval = decibars: 0.5              
# start_time = Apr 16 2018 06:26:53 [NMEA time, first data scan]
# bad_flag = -9.990e-29
*END*
[from data line 56]
       6599     28.500     5.8177     5.8153    -0.0023    3.32809    3.32819          1     6.5056     6.4223      93.85     0.5871     0.2830  1.618e+00  0.2850000    33.9436    33.9471     0.0035    26.7406    26.7437     28.233     28.369      0.460    1473.15    1473.15  0.000e+00
       6624     29.000     5.9419     5.9452     0.0028    3.34453    3.34540          1     6.4892     6.3890      93.83     0.4362     0.3156  1.527e+00  0.2800000    34.0043    34.0107     0.0064    26.7731    26.7777     28.729     28.865      0.522    1473.73    1473.75  0.000e+00
       6646     29.500     6.1990     6.1940    -0.0045    3.37592    3.37586          1     6.4114     6.3149      93.86     0.4471     0.3067  1.443e+00  0.2549000    34.0987    34.1030     0.0044    26.8151    26.8192     29.224     29.361      0.591    1474.88    1474.86  0.000e+00
       6665     30.000     6.3556     6.3537    -0.0019    3.39529    3.39525          1     6.3033     6.2128      94.03     0.3441     0.2866  1.374e+00  0.2423000    34.1579    34.1595     0.0016    26.8416    26.8431     29.719     29.857      0.617    1475.58    1475.57  0.000e+00
       6684     30.500     6.4771     6.4775     0.0003    3.41043    3.41042          1     6.2151     6.1351      93.50     0.2805     0.2658  1.302e+00  0.2296000    34.2047    34.2042    -0.0005    26.8627    26.8622     30.214     30.353      0.587    1476.12    1476.12  0.000e+00
       6706     31.000     6.5086     6.5083    -0.0002    3.41464    3.41458          1     6.1684     6.1080      93.52     0.2620     0.2794  1.236e+00  0.2264000    34.2198    34.2194    -0.0003    26.8704    26.8701     30.710     30.848      0.521    1476.27    1476.27  0.000e+00
       6731     31.500     6.5091     6.5086    -0.0005    3.41611    3.41604          1     6.1666     6.1233      93.46     0.2307     0.2224  1.177e+00  0.2525000    34.2354    34.2352    -0.0003    26.8827    26.8825     31.205     31.344      0.475    1476.30    1476.30  0.000e+00
       6756     32.000     6.5063     6.5056    -0.0007    3.41641    3.41634          1     6.1947     6.1523      93.39     0.2607     0.2685  1.117e+00  0.2252000    34.2413    34.2413    -0.0001    26.8877    26.8878     31.700     31.840      0.489    1476.31    1476.30  0.000e+00
       6780     32.500     6.5508     6.5497    -0.0012    3.42249    3.42250          1     6.1942     6.1472      93.44     0.2597     0.2582  1.062e+00  0.2409000    34.2640    34.2652     0.0012    26.8997    26.9008     32.196     32.336      0.540    1476.52    1476.52  0.000e+00
       6801     33.000     6.5936     6.5930    -0.0006    3.42862    3.42857          1     6.1777     6.1284      93.43     0.2360     0.2770  1.020e+00  0.2225000    34.2889    34.2890     0.0000    26.9137    26.9138     32.691     32.832      0.579    1476.73    1476.72  0.000e+00
       6821     33.500     6.6040     6.6045     0.0004    3.43041    3.43048          1     6.1702     6.1213      93.41     0.1876     0.2747  9.756e-01  0.2177000    34.2981    34.2984     0.0004    26.9195    26.9197     33.186     33.328      0.581    1476.79    1476.79  0.000e+00
       6842     34.000     6.6312     6.6317     0.0004    3.43545    3.43560          1     6.1912     6.1416      93.42     0.2249     0.2179  9.254e-01  0.2264000    34.3266    34.3277     0.0011    26.9384    26.9392     33.681     33.824      0.554    1476.94    1476.94  0.000e+00
       6865     34.500     6.6264     6.6269     0.0006    3.43657    3.43668          1     6.1996     6.1457      93.42     0.2231     0.2524  8.785e-01  0.2297000    34.3436    34.3443     0.0007    26.9524    26.9529     34.177     34.320      0.514    1476.95    1476.95  0.000e+00
       6889     35.000     6.6411     6.6406    -0.0005    3.43957    3.43954          1     6.2170     6.1728      93.33     0.1763     0.2091  8.445e-01  0.2192000    34.3618    34.3621     0.0002    26.9648    26.9651     34.672     34.816      0.490    1477.04    1477.04  0.000e+00
       6914     35.500     6.5900     6.5901     0.0002    3.43504    3.43509          1     6.2563     6.2151      93.38     0.1814     0.2320  8.067e-01  0.2193000    34.3627    34.3631     0.0004    26.9724    26.9726     35.167     35.312      0.501    1476.85    1476.85  0.000e+00
       6937     36.000     6.6272     6.6281     0.0009    3.43977    3.43989          1     6.2638     6.2088      93.51     0.1876     0.2824  7.701e-01  0.2218000    34.3775    34.3780     0.0005    26.9790    26.9793     35.663     35.808      0.535    1477.02    1477.02  0.000e+00
       6958     36.500     6.6587     6.6616     0.0029    3.44365    3.44400          1     6.2454     6.1847      93.37     0.1888     0.2740  7.325e-01  0.2223000    34.3887    34.3897     0.0010    26.9836    26.9840     36.158     36.304      0.568    1477.16    1477.18  0.000e+00
       6979     37.000     6.6658     6.6665     0.0008    3.44450    3.44459          1     6.2285     6.1647      93.43     0.1899     0.2556  6.942e-01  0.2363000    34.3908    34.3910     0.0002    26.9844    26.9844     36.653     36.799      0.573    1477.20    1477.20  0.000e+00
       7000     37.500     6.6788     6.6794     0.0006    3.44592    3.44609          1     6.2119     6.1532      93.41     0.1881     0.2486  6.652e-01  0.2194000    34.3932    34.3944     0.0012    26.9845    26.9854     37.148     37.295      0.548    1477.26    1477.27  0.000e+00
       7023     38.000     6.6852     6.6831    -0.0021    3.44660    3.44646          1     6.1984     6.1454      93.38     0.1684     0.1907  6.353e-01  0.2088000    34.3940    34.3945     0.0005    26.9843    26.9850     37.644     37.791      0.505    1477.30    1477.29  0.000e+00
       7048     38.500     6.6937     6.6965     0.0027    3.44763    3.44788          1     6.1868     6.1377      93.39     0.1692     0.2226  6.082e-01  0.2163000    34.3967    34.3966    -0.0000    26.9853    26.9848     38.139     38.287      0.472    1477.34    1477.35  0.000e+00
       7074     39.000     6.7119     6.7115    -0.0004    3.44968    3.44961          1     6.1753     6.1293      93.50     0.1646     0.2242  5.849e-01  0.2138000    34.4008    34.4004    -0.0004    26.9861    26.9858     38.634     38.783      0.495    1477.43    1477.43  0.000e+00
       7097     39.500     6.7172     6.7162    -0.0009    3.45034    3.45023          1     6.1707     6.1165      93.27     0.1609     0.2185  5.597e-01  0.2265000    34.4026    34.4023    -0.0003    26.9868    26.9867     39.129     39.279      0.546    1477.46    1477.45  0.000e+00
       7118     40.000     6.7215     6.7222     0.0007    3.45086    3.45096          1     6.1640     6.1044      93.22     0.1700     0.2183  5.312e-01  0.2307000    34.4038    34.4042     0.0004    26.9871    26.9873     39.625     39.775      0.572    1477.49    1477.49  0.000e+00
       7139     40.500     6.7265     6.7260    -0.0005    3.45152    3.45145          1     6.1570     6.0971      93.44     0.1788     0.2477  4.985e-01  0.2107000    34.4057    34.4054    -0.0003    26.9880    26.9878     40.120     40.271      0.554    1477.52    1477.51  0.000e+00
       7161     41.000     6.7321     6.7321     0.0001    3.45220    3.45221          1     6.1551     6.0951      93.32     0.1754     0.2745  4.824e-01  0.2103000    34.4075    34.4075    -0.0000    26.9886    26.9886     40.615     40.767      0.515    1477.55    1477.55  0.000e+00
       7185     41.500     6.7471     6.7476     0.0005    3.45409    3.45417          1     6.1507     6.0954      93.30     0.1383     0.2513  4.556e-01  0.2095000    34.4130    34.4134     0.0004    26.9909    26.9911     41.110     41.262      0.489    1477.62    1477.62  0.000e+00
       7210     42.000     6.7910     6.7883    -0.0028    3.46046    3.46016          1     6.1538     6.0992      93.44     0.1449     0.2213  4.315e-01  0.2210000    34.4391    34.4386    -0.0004    27.0055    27.0056     41.606     41.758      0.505    1477.83    1477.82  0.000e+00
       7233     42.500     6.8423     6.8405    -0.0018    3.46818    3.46795          1     6.1410     6.0876      93.15     0.1764     0.2379  4.111e-01  0.2175000    34.4727    34.4719    -0.0008    27.0251    27.0247     42.101     42.254      0.546    1478.08    1478.07  0.000e+00
       7254     43.000     6.8938     6.8936    -0.0002    3.47591    3.47590          1     6.1191     6.0718      93.17     0.1615     0.2415  3.905e-01  0.2107000    34.5060    34.5062     0.0002    27.0443    27.0444     42.596     42.750      0.572    1478.33    1478.33  0.000e+00
       7275     43.500     6.9032     6.9034     0.0002    3.47727    3.47730          1     6.1034     6.0525      93.21     0.1510     0.2406  3.685e-01  0.2055000    34.5113    34.5115     0.0001    27.0472    27.0473     43.091     43.246      0.554    1478.38    1478.39  0.000e+00
       7298     44.000     6.9116     6.9112    -0.0004    3.47840    3.47833          1     6.0861     6.0296      84.56     0.1489     0.2332  3.448e-01  0.2014000    34.5152    34.5148    -0.0004    27.0490    27.0488     43.587     43.742      0.505    1478.43    1478.43  0.000e+00
       7323     44.500     6.9205     6.9214     0.0009    3.47971    3.47980          1     6.0725     6.0151      92.35     0.1580     0.2307  3.251e-01  0.2002000    34.5204    34.5205     0.0001    27.0519    27.0519     44.082     44.238      0.472    1478.48    1478.48  0.000e+00
       7348     45.000     6.9383     6.9386     0.0004    3.48213    3.48219          1     6.0667     6.0171      93.28     0.1602     0.2247  3.079e-01  0.2064000    34.5289    34.5292     0.0003    27.0562    27.0564     44.577     44.733      0.490    1478.57    1478.57  0.000e+00
       7372     45.500     6.9508     6.9511     0.0003    3.48390    3.48396          1     6.0633     6.0064      93.33     0.1581     0.2169  2.980e-01  0.2125000    34.5356    34.5360     0.0003    27.0598    27.0600     45.072     45.229      0.523    1478.63    1478.63  0.000e+00
       7394     46.000     6.9551     6.9555     0.0005    3.48454    3.48460          1     6.0640     6.0002      93.37     0.1472     0.2359  2.823e-01  0.2199000    34.5382    34.5384     0.0001    27.0612    27.0613     45.568     45.725      0.541    1478.66    1478.66  0.000e+00
       7416     46.500     6.9587     6.9592     0.0005    3.48514    3.48519          1     6.0693     6.0068      93.11     0.1563     0.2200  2.708e-01  0.2039000    34.5409    34.5409    -0.0000    27.0628    27.0627     46.063     46.221      0.540    1478.69    1478.69  0.000e+00
       7439     47.000     6.9609     6.9615     0.0006    3.48559    3.48566          1     6.0680     6.0108      93.13     0.1464     0.2063  2.557e-01  0.1997000    34.5434    34.5435     0.0002    27.0645    27.0645     46.558     46.717      0.522    1478.71    1478.71  0.000e+00
       7462     47.500     6.9659     6.9663     0.0004    3.48644    3.48650          1     6.0719     6.0063      91.47     0.1174     0.2066  2.412e-01  0.1976000    34.5474    34.5477     0.0003    27.0670    27.0671     47.053     47.213      0.501    1478.74    1478.74  0.000e+00
       7486     48.000     6.9678     6.9683     0.0004    3.48698    3.48704          1     6.0785     6.0151      89.98     0.1346     0.2045  2.252e-01  0.1931000    34.5512    34.5515     0.0003    27.0697    27.0698     47.549     47.709      0.492    1478.76    1478.76  0.000e+00
       7511     48.500     6.9799     6.9805     0.0006    3.48898    3.48907          1     6.0813     6.0240      93.22     0.1439     0.1961  2.098e-01  0.2151000    34.5609    34.5613     0.0004    27.0756    27.0759     48.044     48.204      0.504    1478.83    1478.83  0.000e+00
       7534     49.000     6.9921     6.9925     0.0004    3.49096    3.49103          1     6.0844     6.0223      66.25     0.1223     0.2319  1.995e-01  0.2079000    34.5702    34.5706     0.0004    27.0813    27.0815     48.539     48.700      0.524    1478.89    1478.90  0.000e+00
       7557     49.500     7.0011     7.0022     0.0011    3.49239    3.49255          1     6.0826     6.0151      49.75     0.1321     0.2418  1.860e-01  0.2085000    34.5766    34.5773     0.0007    27.0851    27.0855     49.034     49.196      0.528    1478.94    1478.95  0.000e+00
       7580     50.000     7.0098     7.0102     0.0005    3.49369    3.49375          1     6.0720     5.9997      93.56     0.1306     0.2173  1.738e-01  0.2058000    34.5820    34.5822     0.0002    27.0882    27.0882     49.530     49.692      0.501    1478.99    1479.00  0.000e+00
       7604     50.500     7.0198     7.0202     0.0003    3.49526    3.49530          1     6.0575     5.9831      93.11     0.1195     0.2193  1.616e-01  0.2011000    34.5889    34.5889     0.0001    27.0922    27.0922     50.025     50.188      0.478    1479.05    1479.05  0.000e+00
       7630     51.000     7.0280     7.0285     0.0004    3.49680    3.49684          1     6.0434     5.9716      93.42     0.1342     0.2481  1.489e-01  0.1954000    34.5973    34.5974     0.0001    27.0977    27.0977     50.520     50.684      0.477    1479.10    1479.10  0.000e+00
       7655     51.500     7.0314     7.0317     0.0003    3.49744    3.49747          1     6.0420     5.9559      92.93     0.1270     0.2150  1.388e-01  0.1967000    34.6008    34.6008     0.0000    27.0999    27.0999     51.015     51.179      0.501    1479.12    1479.13  0.000e+00
       7678     52.000     7.0328     7.0335     0.0006    3.49772    3.49779          1     6.0433     5.9527      93.06     0.1215     0.1918  1.293e-01  0.2033000    34.6021    34.6023     0.0002    27.1008    27.1008     51.510     51.675      0.541    1479.14    1479.14  0.000e+00
       7699     52.500     7.0372     7.0372    -0.0000    3.49845    3.49844          1     6.0356     5.9509      93.13     0.1621     0.2373  1.253e-01  0.2051000    34.6055    34.6054    -0.0000    27.1028    27.1028     52.006     52.171      0.569    1479.17    1479.17  0.000e+00
       7720     53.000     7.0417     7.0419     0.0003    3.49922    3.49926          1     6.0291     5.9484      25.73     0.1145     0.2341  1.172e-01  0.2039000    34.6092    34.6094     0.0002    27.1052    27.1053     52.501     52.667      0.559    1479.20    1479.20  0.000e+00
       7742     53.500     7.0447     7.0452     0.0005    3.49972    3.49978          1     6.0209     5.9434      92.87     0.1244     0.2330  1.048e-01  0.2441000    34.6114    34.6117     0.0002    27.1065    27.1066     52.996     53.163      0.509    1479.22    1479.22  0.000e+00
       7768     54.000     7.0501     7.0507     0.0006    3.50061    3.50067          1     6.0063     5.9367      93.33     0.1362     0.2564  9.473e-02  0.2162000    34.6156    34.6155    -0.0000    27.1090    27.1089     53.491     53.659      0.458    1479.26    1479.26  0.000e+00
       7794     54.500     7.0559     7.0567     0.0008    3.50155    3.50169          1     6.0082     5.9300      93.17     0.1382     0.2705  8.757e-02  0.2156000    34.6198    34.6205     0.0007    27.1115    27.1120     53.987     54.154      0.470    1479.29    1479.30  0.000e+00
       7818     55.000     7.0620     7.0628     0.0007    3.50250    3.50266          1     6.0095     5.9267      93.38     0.1430     0.2573  8.236e-02  0.2161000    34.6238    34.6249     0.0010    27.1138    27.1146     54.482     54.650      0.524    1479.33    1479.33  0.000e+00
       7840     55.500     7.0717     7.0722     0.0004    3.50406    3.50413          1     6.0025     5.9357      93.27     0.1310     0.2353  7.134e-02  0.2059000    34.6310    34.6313     0.0003    27.1181    27.1183     54.977     55.146      0.558    1479.38    1479.39  0.000e+00
