ctdpy/exports/archive_20191121_122431/received_data/SBE09_0827_20181012_1624_26_01_1082.cnv
* Sea-Bird SBE 9 Data File:
* FileName = D:\CTD_SBE911\DAT\26DA.2018.10.82.hex
* Software Version Seasave V 7.21d
* Temperature SN = 4548
* Conductivity SN = 3062
* Number of Bytes Per Scan = 48
* Number of Voltage Words = 5
* Number of Scans Averaged by the Deck Unit = 1
* NMEA Latitude = 55 54.60 N
* NMEA Longitude = 017 12.43 E
* NMEA UTC (Time) = Oct 12 2018  16:27:16
* NMEA baud rate = 4800
** Ship: DANA
** Average sound velocity: 1451.55 m/s
** True-depth calculation Thu, 28 Mar 2019 12:27:56 +0000
** CTD Python Module SMHI /ver 3-12/ feb 2012 
** LIMS Job: 20182601-1082
** Operator: Christian A-KTh
** Cruise: 10/2018
# nquan = 26
# nvalues = 82                          
# units = specified
# name 0 = scan: Scan Count
# name 1 = prDM: Pressure, Digiquartz [db]
# name 2 = t090C: Temperature [ITS-90, deg C]
# name 3 = t190C: Temperature, 2 [ITS-90, deg C]
# name 4 = T2-T190C: Temperature Difference, 2 - 1 [ITS-90, deg C]
# name 5 = c0S/m: Conductivity [S/m]
# name 6 = c1S/m: Conductivity, 2 [S/m]
# name 7 = pumps: Pump Status
# name 8 = sbeox1ML/L: Oxygen, SBE 43, 2 [ml/l]
# name 9 = sbeox0ML/L: Oxygen, SBE 43 [ml/l]
# name 10 = altM: Altimeter [m]
# name 11 = chloroflTC0: Chlorophyll, Turner Cyclops [ug/l]
# name 12 = cpar: CPAR/Corrected Irradiance [%]
# name 13 = par: PAR/Irradiance, Biospherical/Lico [µE/(cm^2*s)]
# name 14 = spar: SPAR, Biospherical/Licor
# name 15 = sal00: Salinity, Practical [PSU]
# name 16 = sal11: Salinity, Practical, 2 [PSU]
# name 17 = secS-priS: Salinity, Practical, Difference, 2 - 1 [PSU]
# name 18 = sigma-t00: Density [sigma-t, kg/m^3 ]
# name 19 = sigma-t11: Density, 2 [sigma-t, kg/m^3 ]
# name 20 = depSM: Depth [salt water, m], lat = 55.91
# name 21 = depFM: Depth [true depth, m], lat = 55.91
# name 22 = dz/dtM: Descent Rate [m/s], WS = 2
# name 23 = svCM: Sound Velocity [Chen-Millero, m/s]
# name 24 = svCM1: Sound Velocity, 2 [Chen-Millero, m/s]
# name 25 = flag: flag
# span 0 =         65,       3990       
# span 1 =      1.500,     42.000       
# span 2 =     5.1145,    10.0396       
# span 3 =     5.0865,    10.0414       
# span 4 =    -0.4390,     0.0824       
# span 5 =   0.843415,   0.939273       
# span 6 =   0.840572,   0.939312       
# span 7 =          1,          1       
# span 8 =     6.2005,     7.5209       
# span 9 =     5.7993,     7.0421       
# span 10 =       1.11,       9.98      
# span 11 =     0.0182,     0.0436      
# span 12 = 4.9241e-11, 4.9241e-11      
# span 13 = 1.0000e-12, 1.0000e-12      
# span 14 = 2.0308e+00, 2.0308e+00      
# span 15 =     7.5281,     7.8607      
# span 16 =     7.5286,     7.8703      
# span 17 =    -0.0059,     0.0413      
# span 18 =     5.6179,     6.2106      
# span 19 =     5.6177,     6.2193      
# span 20 =      1.486,     41.614      
# span 21 =      1.519,     42.534      
# span 22 =     -0.042,      0.454      
# span 23 =    1437.45,    1456.96      
# span 24 =    1437.33,    1456.96      
# span 25 = 0.0000e+00, 0.0000e+00      
# interval = decibars: 0.5              
# start_time = Oct 12 2018 16:27:16 [NMEA time, first data scan]
# bad_flag = -9.990e-29
*END*
[from data line 56]
       2785     29.500     8.1938     7.8830    -0.3105    0.89623    0.88923          1     6.9926     6.5469       9.98     0.0243  4.924e-11  1.000e-12  2.031e+00     7.5886     7.5918     0.0032     5.8002     5.8283     29.230     29.878      0.240    1449.91    1448.64  0.000e+00
       2841     30.000     7.8651     7.7706    -0.0949    0.88810    0.88650          1     6.9406     6.5249       9.97     0.0241  4.924e-11  1.000e-12  2.031e+00     7.5852     7.5910     0.0057     5.8246     5.8366     29.725     30.385      0.259    1448.57    1448.19  0.000e+00
       2878     30.500     7.6832     7.5137    -0.1694    0.88345    0.88007          1     6.9569     6.5135       9.98     0.0222  4.924e-11  1.000e-12  2.031e+00     7.5818     7.5874     0.0056     5.8363     5.8536     30.220     30.891      0.352    1447.83    1447.13  0.000e+00
       2917     31.000     7.5323     7.3591    -0.1729    0.87991    0.87635          1     7.0311     6.5604       9.98     0.0221  4.924e-11  1.000e-12  2.031e+00     7.5818     7.5865     0.0047     5.8478     5.8644     30.716     31.397      0.241    1447.21    1446.50  0.000e+00
       2973     31.500     7.3630     7.0446    -0.3181    0.87609    0.86923          1     6.9878     6.5618       9.98     0.0223  4.924e-11  1.000e-12  2.031e+00     7.5832     7.5888     0.0056     5.8615     5.8885     31.211     31.904      0.310    1446.52    1445.20  0.000e+00
       3003     32.000     7.0010     6.7021    -0.2991    0.86764    0.86226          1     7.0000     6.5544       9.97     0.0208  4.924e-11  1.000e-12  2.031e+00     7.5834     7.5986     0.0152     5.8872     5.9191     31.707     32.410      0.366    1445.02    1443.78  0.000e+00
       3048     32.500     6.7491     6.5488    -0.2002    0.86283    0.85931          1     7.0330     6.5646       9.97     0.0209  4.924e-11  1.000e-12  2.031e+00     7.5935     7.6045     0.0110     5.9120     5.9334     32.202     32.916      0.230    1443.98    1443.15  0.000e+00
       3095     33.000     6.5775     6.3995    -0.1780    0.85978    0.85740          1     6.9927     6.5091       9.98     0.0201  4.924e-11  1.000e-12  2.031e+00     7.6026     7.6195     0.0170     5.9300     5.9543     32.697     33.423      0.329    1443.28    1442.54  0.000e+00
       3133     33.500     6.3935     6.0910    -0.3026    0.85648    0.85041          1     6.9071     6.4388       9.97     0.0196  4.924e-11  1.000e-12  2.031e+00     7.6120     7.6214     0.0094     5.9487     5.9736     33.193     33.929      0.278    1442.52    1441.24  0.000e+00
       3180     34.000     6.1279     5.8151    -0.3124    0.85059    0.84402          1     6.8104     6.4188       9.67     0.0196  4.924e-11  1.000e-12  2.031e+00     7.6149     7.6216     0.0068     5.9664     5.9886     33.688     34.435      0.263    1441.40    1440.06  0.000e+00
       3221     34.500     5.8675     5.6616    -0.2060    0.84445    0.84057          1     6.7856     6.4187       9.16     0.0195  4.924e-11  1.000e-12  2.031e+00     7.6140     7.6228     0.0088     5.9799     5.9973     34.183     34.941      0.309    1440.29    1439.41  0.000e+00
       3261     35.000     5.7762     5.8454     0.0692    0.84342    0.84726          1     6.7829     6.3841       8.61     0.0194  4.924e-11  1.000e-12  2.031e+00     7.6245     7.6462     0.0217     5.9929     6.0064     34.679     35.448      0.289    1439.91    1440.24  0.000e+00
       3304     35.500     5.8723     5.9366     0.0642    0.84748    0.85083          1     6.7660     6.3562       8.09     0.0201  4.924e-11  1.000e-12  2.031e+00     7.6422     7.6601     0.0179     6.0019     6.0126     35.174     35.954      0.272    1440.36    1440.66  0.000e+00
       3351     36.000     5.9584     5.9911     0.0328    0.85108    0.85303          1     6.7688     6.3517       7.55     0.0201  4.924e-11  1.000e-12  2.031e+00     7.6575     7.6689     0.0115     6.0093     6.0166     35.670     36.460      0.247    1440.76    1440.91  0.000e+00
       3396     36.500     6.0229     6.0259     0.0031    0.85389    0.85505          1     6.7735     6.3564       7.04     0.0211  4.924e-11  1.000e-12  2.031e+00     7.6700     7.6805     0.0105     6.0157     6.0238     36.165     36.966      0.312    1441.06    1441.08  0.000e+00
       3433     37.000     6.0068     5.9569    -0.0499    0.85427    0.85407          1     6.7805     6.3610       6.52     0.0196  4.924e-11  1.000e-12  2.031e+00     7.6773     7.6866     0.0094     6.0223     6.0324     36.660     37.472      0.287    1441.00    1440.80  0.000e+00
       3484     37.500     5.9300     5.8337    -0.0964    0.85346    0.85274          1     6.7337     6.3160       5.97     0.0195  4.924e-11  1.000e-12  2.031e+00     7.6868     7.7017     0.0149     6.0340     6.0508     37.156     37.979      0.230    1440.70    1440.30  0.000e+00
       3526     38.000     5.7727     5.6460    -0.1265    0.85165    0.85038          1     6.6547     6.2516       5.48     0.0194  4.924e-11  1.000e-12  2.031e+00     7.7049     7.7216     0.0166     6.0566     6.0761     37.651     38.485      0.342    1440.05    1439.52  0.000e+00
       3560     38.500     5.6672     5.5718    -0.0955    0.85044    0.84940          1     6.6141     6.2036       4.96     0.0195  4.924e-11  1.000e-12  2.031e+00     7.7172     7.7289     0.0117     6.0716     6.0856     38.146     38.991      0.339    1439.62    1439.22  0.000e+00
       3602     39.000     5.5859     5.4816    -0.1043    0.84935    0.84802          1     6.5849     6.1835       4.39     0.0195  4.924e-11  1.000e-12  2.031e+00     7.7252     7.7361     0.0109     6.0819     6.0956     38.642     39.497      0.239    1439.28    1438.85  0.000e+00
       3656     39.500     5.4879     5.4140    -0.0739    0.84796    0.84724          1     6.5617     6.1663       3.86     0.0194  4.924e-11  1.000e-12  2.031e+00     7.7340     7.7440     0.0100     6.0936     6.1050     39.137     40.003      0.260    1438.88    1438.57  0.000e+00
       3694     40.000     5.4303     5.3699    -0.0603    0.84745    0.84708          1     6.5478     6.1346       3.37     0.0185  4.924e-11  1.000e-12  2.031e+00     7.7422     7.7525     0.0103     6.1028     6.1137     39.632     40.510      0.342    1438.65    1438.40  0.000e+00
       3731     40.500     5.3779     5.3055    -0.0725    0.84718    0.84769          1     6.5220     6.0973       2.81     0.0185  4.924e-11  1.000e-12  2.031e+00     7.7516     7.7734     0.0218     6.1126     6.1332     40.128     41.016      0.275    1438.44    1438.15  0.000e+00
       3785     41.000     5.3017     5.1743    -0.1273    0.84803    0.84893          1     6.4030     5.9920       2.24     0.0183  4.924e-11  1.000e-12  2.031e+00     7.7776     7.8161     0.0385     6.1367     6.1727     40.623     41.522      0.234    1438.15    1437.64  0.000e+00
       3825     41.500     5.1664     5.0865    -0.0799    0.84948    0.85175          1     6.2676     5.8855       1.78     0.0183  4.924e-11  1.000e-12  2.031e+00     7.8234     7.8647     0.0413     6.1789     6.2149     41.119     42.028      0.361    1437.62    1437.33  0.000e+00
       3990     42.000     5.1145     5.0880    -0.0264    0.85202    0.85236          1     6.2005     5.7993       1.11     0.0182  4.924e-11  1.000e-12  2.031e+00     7.8607     7.8703     0.0096     6.2106     6.2193     41.614     42.534     -0.042    1437.45    1437.35  0.000e+00
