ctdpy/exports/archive_20191121_122431/received_data/SBE09_1044_20181015_1317_34_01_0094.cnv
* Sea-Bird SBE 9 Data File:
* FileName = C:\ctd\temp\ar18d094.hex
* Software Version Seasave V 7.21e
* Temperature SN = 5351
* Conductivity SN = 3941
* Number of Bytes Per Scan = 41
* Number of Voltage Words = 4
* Number of Scans Averaged by the Deck Unit = 1
* NMEA Latitude = 57 18.74 N
* NMEA Longitude = 020 04.58 E
* NMEA UTC (Time) = Oct 15 2018  16:17:23
* NMEA baud rate = 4800
** Station:  BY15
** Operator:  OBac
** Ship: ARANDA
** Average sound velocity: 1450.21 m/s
** True-depth calculation Mon, 15 Oct 2018 17:26:16 +0000
** CTD Python Module SMHI /ver 3-12/ feb 2012 
** LIMS Job: 20183401-0094
** Cruise: SMHI-4-2018
** Latitude [GG MM.mm N]:
** Longitude [GG MM.mm E]
# nquan = 26
# nvalues = 468                         
# units = specified
# name 0 = scan: Scan Count
# name 1 = prDM: Pressure, Digiquartz [db]
# name 2 = t090C: Temperature [ITS-90, deg C]
# name 3 = t190C: Temperature, 2 [ITS-90, deg C]
# name 4 = T2-T190C: Temperature Difference, 2 - 1 [ITS-90, deg C]
# name 5 = c0S/m: Conductivity [S/m]
# name 6 = c1S/m: Conductivity, 2 [S/m]
# name 7 = pumps: Pump Status
# name 8 = sbeox0ML/L: Oxygen, SBE 43 [ml/l]
# name 9 = sbeox1ML/L: Oxygen, SBE 43, 2 [ml/l]
# name 10 = altM: Altimeter [m]
# name 11 = flECO-AFL: Chl-a Fluorescence, WET Labs ECO-AFL/FL [mg/m^3]
# name 12 = flECO-AFL1: Phycocyanin Fluorescence, WET Labs ECO-AFL/FL, 2 [mg/m^3]
# name 13 = par: PAR/Irradiance, Biospherical/Lico [µE/(cm^2*s)]
# name 14 = turbWETntu0: Turbidity, WET Labs ECO [NTU]
# name 15 = sal00: Salinity, Practical [PSU]
# name 16 = sal11: Salinity, Practical, 2 [PSU]
# name 17 = secS-priS: Salinity, Practical, Difference, 2 - 1 [PSU]
# name 18 = sigma-t00: Density [sigma-t, Kg/m^3 ]
# name 19 = sigma-t11: Density, 2 [sigma-t, Kg/m^3 ]
# name 20 = depSM: Depth [salt water, m], lat = 57.3123
# name 21 = depFM: Depth [true depth, m], lat = 57.3123
# name 22 = dz/dtM: Descent Rate [m/s], WS = 2
# name 23 = svCM: Sound Velocity [Chen-Millero, m/s]
# name 24 = svCM1: Sound Velocity, 2 [Chen-Millero, m/s]
# name 25 = flag: flag
# span 0 =      17128,      28165       
# span 1 =      2.000,    235.500       
# span 2 =     3.5745,    11.3845       
# span 3 =     3.5769,    11.3846       
# span 4 =    -0.1889,     0.1191       
# span 5 =   0.766242,   1.455787       
# span 6 =   0.766398,   1.455787       
# span 7 =          1,          1       
# span 8 =    0.04451,    7.02034       
# span 9 =    0.04183,    7.61863       
# span 10 =       3.01,     100.02      
# span 11 =     0.2144,     1.1424      
# span 12 =     0.1385,     0.3946      
# span 13 = -1.223e-04, 1.8350e-01      
# span 14 =     0.1089,     1.3995      
# span 15 =     6.9679,    13.2568      
# span 16 =     6.9674,    13.2563      
# span 17 =    -0.0106,     0.0085      
# span 18 =     5.0001,    10.3484      
# span 19 =     4.9998,    10.3479      
# span 20 =      1.982,    233.198      
# span 21 =      2.027,    237.876      
# span 22 =     -0.230,      0.827      
# span 23 =    1430.36,    1461.52      
# span 24 =    1430.37,    1461.52      
# span 25 = 0.0000e+00, 0.0000e+00      
# interval = decibars: 0.5              
# start_time = Oct 15 2018 16:17:23 [NMEA time, first data scan]
# bad_flag = -9.990e-29
*END*
[from data line 56]
      18357     30.000    11.2700    11.2729     0.0028    0.89910    0.89917          1     6.7202     7.1926      97.81     0.8764     0.3227  1.000e-12  0.2446000     6.9933     6.9934     0.0001     5.0182     5.0180     29.722     30.404      0.645    1461.25    1461.26  0.000e+00
      18377     30.500    11.2691    11.2668    -0.0022    0.89907    0.89890          1     6.7191     7.1925      87.95     0.8766     0.3098  1.000e-12  0.2475000     6.9932     6.9922    -0.0010     5.0183     5.0178     30.217     30.911      0.576    1461.25    1461.24  0.000e+00
      18399     31.000    11.2616    11.2612    -0.0003    0.89879    0.89875          1     6.7141     7.1871      97.32     0.9103     0.3285  1.000e-12  0.2491000     6.9922     6.9920    -0.0003     5.0184     5.0183     30.712     31.417      0.524    1461.23    1461.23  0.000e+00
      18422     31.500    11.2503    11.2538     0.0036    0.89853    0.89863          1     6.7188     7.1895      97.83     0.9103     0.3199  1.000e-12  0.2603000     6.9921     6.9923     0.0002     5.0197     5.0195     31.207     31.924      0.555    1461.19    1461.21  0.000e+00
      18443     32.000    11.2553    11.2606     0.0052    0.89876    0.89892          1     6.7264     7.1863      97.58     0.8969     0.3120  1.000e-12  0.2382000     6.9931     6.9934     0.0003     5.0199     5.0195     31.703     32.431      0.615    1461.22    1461.24  0.000e+00
      18461     32.500    11.2657    11.2655    -0.0002    0.89919    0.89909          1     6.7442     7.2176      97.51     0.8959     0.3234  1.000e-12  0.2289000     6.9946     6.9938    -0.0008     5.0198     5.0192     32.198     32.937      0.641    1461.27    1461.27  0.000e+00
      18480     33.000    11.2674    11.2611    -0.0063    0.89924    0.89898          1     6.8161     7.2928      35.12     0.8978     0.3243  1.000e-12  0.2261000     6.9947     6.9937    -0.0010     5.0196     5.0197     32.693     33.444      0.619    1461.29    1461.26  0.000e+00
      18501     33.500    11.2529    11.2557     0.0026    0.89878    0.89882          1     6.8000     7.2407      85.65     0.8952     0.3230  1.000e-12  0.2482000     6.9935     6.9933    -0.0002     5.0205     5.0200     33.189     33.951      0.556    1461.24    1461.25  0.000e+00
      18524     34.000    11.2584    11.2453    -0.0123    0.89902    0.89843          1     6.7583     7.1172      97.60     0.8947     0.3237  1.000e-12  0.2470000     6.9944     6.9920    -0.0024     5.0205     5.0202     33.684     34.458      0.505    1461.27    1461.22  0.000e+00
      18548     34.500    10.7453    10.7458    -0.0002    0.88435    0.88431          1     6.7359     7.0499      97.44     0.8376     0.2978  1.000e-12  0.2362000     6.9679     6.9674    -0.0005     5.0608     5.0603     34.179     34.964      0.534    1459.29    1459.29  0.000e+00
      18569     35.000    10.4514    10.4554     0.0039    0.87860    0.87869          1     6.7113     7.0305      97.40     0.5826     0.2460  1.000e-12  0.2153000     6.9747     6.9747     0.0000     5.0997     5.0992     34.675     35.471      0.607    1458.18    1458.20  0.000e+00
      18587     35.500    10.2573    10.2632     0.0058    0.87478    0.87493          1     6.6995     7.0363      97.37     0.5199     0.2223  1.000e-12  0.2104000     6.9790     6.9792     0.0002     5.1245     5.1240     35.170     35.978      0.650    1457.45    1457.47  0.000e+00
      18605     36.000    10.0288    10.0334     0.0046    0.87011    0.87025          1     6.7493     7.1141      83.84     0.5160     0.2714  1.000e-12  0.2092000     6.9826     6.9829     0.0003     5.1520     5.1517     35.665     36.484      0.643    1456.57    1456.59  0.000e+00
      18625     36.500     9.8673     9.8703     0.0031    0.86698    0.86708          1     6.8718     7.2683      92.73     0.4492     0.3024  1.000e-12  0.1868000     6.9866     6.9869     0.0003     5.1722     5.1721     36.161     36.991      0.595    1455.95    1455.97  0.000e+00
      18646     37.000     9.7410     9.7427     0.0017    0.86475    0.86481          1     6.7565     7.0526      97.29     0.4582     0.2895  1.000e-12  0.1862000     6.9916     6.9917     0.0001     5.1892     5.1891     36.656     37.498      0.547    1455.47    1455.48  0.000e+00
      18669     37.500     9.5470     9.5460    -0.0017    0.86111    0.86114          1     6.7946     6.9705      97.38     0.4356     0.2093  1.000e-12  0.1947000     6.9973     6.9978     0.0005     5.2133     5.2138     37.151     38.004      0.513    1454.73    1454.72  0.000e+00
      18693     38.000     8.4729     8.2832    -0.1889    0.84157    0.83833          1     6.8370     7.0138      97.38     0.3849     0.2716  1.000e-12  0.1833000     7.0353     7.0438     0.0085     5.3430     5.3659     37.647     38.511      0.498    1450.49    1449.73  0.000e+00
      18717     38.500     8.2313     8.1440    -0.0869    0.83792    0.83635          1     6.7861     6.9700      87.49     0.3442     0.2528  1.000e-12  0.1616000     7.0504     7.0537     0.0033     5.3760     5.3857     38.142     39.018      0.573    1449.54    1449.18  0.000e+00
      18735     39.000     7.7148     7.6085    -0.1069    0.82886    0.82722          1     6.7991     6.9568      85.79     0.3281     0.2581  1.000e-12  0.1467000     7.0718     7.0783     0.0064     5.4339     5.4472     38.637     39.524      0.697    1447.46    1447.03  0.000e+00
      18751     39.500     7.2667     7.2181    -0.0483    0.82109    0.82038          1     6.7838     6.9723      97.60     0.2964     0.2658  1.000e-12  0.1300000     7.0912     7.0947     0.0034     5.4823     5.4883     39.132     40.031      0.754    1445.63    1445.44  0.000e+00
      18767     40.000     6.9521     6.9336    -0.0190    0.81547    0.81535          1     6.7725     7.0174      98.12     0.2790     0.2880  1.000e-12  0.1342000     7.1034     7.1061     0.0027     5.5134     5.5167     39.628     40.537      0.707    1444.34    1444.27  0.000e+00
      18786     40.500     6.6757     6.6698    -0.0053    0.81051    0.81062          1     6.7538     7.0312      98.69     0.2668     0.2813  1.000e-12  0.1375000     7.1140     7.1162     0.0022     5.5394     5.5415     40.123     41.043      0.564    1443.20    1443.18  0.000e+00
      18812     41.000     6.3372     6.4177     0.0799    0.80490    0.80640          1     6.8670     7.1648      98.71     0.2844     0.2452  1.000e-12  0.1417000     7.1312     7.1286    -0.0026     5.5734     5.5666     40.618     41.550      0.415    1441.79    1442.13  0.000e+00
      18842     41.500     6.0369     6.0429     0.0062    0.80022    0.80033          1     6.8719     7.2037      80.08     0.2951     0.2284  1.000e-12  0.1361000     7.1495     7.1493    -0.0003     5.6046     5.6040     41.114     42.056      0.474    1440.54    1440.56  0.000e+00
      18863     42.000     5.8605     5.8847     0.0256    0.79773    0.79828          1     6.8008     7.0233      99.00     0.3022     0.2327  1.000e-12  0.1373000     7.1627     7.1629     0.0002     5.6242     5.6231     41.609     42.563      0.644    1439.81    1439.91  0.000e+00
      18880     42.500     5.0998     5.2209     0.1191    0.78413    0.78652          1     6.8946     7.0914      98.71     0.2723     0.2361  1.000e-12  0.1419000     7.1927     7.1901    -0.0026     5.6820     5.6746     42.104     43.069      0.731    1436.54    1437.06  0.000e+00
      18896     43.000     4.4363     4.4610     0.0245    0.77263    0.77326          1     6.9427     7.2222      98.71     0.2502     0.2030  1.000e-12  0.1401000     7.2225     7.2234     0.0010     5.7296     5.7296     42.600     43.576      0.718    1433.65    1433.77  0.000e+00
      18914     43.500     4.1968     4.2009     0.0043    0.76936    0.76956          1     6.9264     7.3163      98.71     0.2425     0.2124  1.000e-12  0.1435000     7.2421     7.2433     0.0012     5.7522     5.7530     43.095     44.082      0.631    1432.62    1432.64  0.000e+00
      18935     44.000     4.1168     4.1256     0.0090    0.76877    0.76906          1     6.9669     7.4607      98.20     0.2579     0.2543  1.000e-12  0.1654000     7.2538     7.2548     0.0010     5.7636     5.7641     43.590     44.588      0.521    1432.28    1432.32  0.000e+00
      18960     44.500     3.9346     3.9439     0.0091    0.76624    0.76640          1     7.0203     7.6186      98.71     0.2367     0.1980  1.000e-12  0.1510000     7.2685     7.2680    -0.0005     5.7797     5.7791     44.085     45.095      0.477    1431.49    1431.53  0.000e+00
      18984     45.000     3.9973     3.9937    -0.0036    0.76951    0.76937          1     6.9261     7.5257      96.69     0.2494     0.2669  1.000e-12  0.1737000     7.2877     7.2870    -0.0006     5.7935     5.7931     44.581     45.601      0.542    1431.80    1431.79  0.000e+00
      19005     45.500     4.0652     4.0673     0.0021    0.77254    0.77258          1     6.8068     7.3483       8.28     0.2604     0.2510  1.000e-12  0.1548000     7.3032     7.3032    -0.0001     5.8042     5.8041     45.076     46.107      0.632    1432.14    1432.15  0.000e+00
      19023     46.000     4.0627     4.0648     0.0021    0.77330    0.77334          1     6.7404     7.2302      99.88     0.2473     0.2410  1.000e-12  0.1616000     7.3115     7.3115    -0.0000     5.8108     5.8107     45.571     46.614      0.671    1432.14    1432.15  0.000e+00
      19040     46.500     4.0534     4.0558     0.0024    0.77375    0.77380          1     6.7071     7.1689      95.33     0.2373     0.2379  1.000e-12  0.1674000     7.3181     7.3180    -0.0000     5.8163     5.8162     46.067     47.120      0.644    1432.12    1432.13  0.000e+00
      19060     47.000     4.0436     4.0461     0.0025    0.77433    0.77438          1     6.6930     7.1570      96.68     0.2365     0.2791  1.000e-12  0.1668000     7.3261     7.3261    -0.0000     5.8229     5.8228     46.562     47.626      0.565    1432.09    1432.10  0.000e+00
      19084     47.500     4.0263     4.0288     0.0025    0.77471    0.77475          1     6.6906     7.1702      98.71     0.2491     0.1809  1.000e-12  0.1677000     7.3337     7.3336    -0.0001     5.8294     5.8293     47.057     48.133      0.508    1432.03    1432.04  0.000e+00
      19107     48.000     4.0165     4.0189     0.0024    0.77525    0.77530          1     6.6931     7.1884      98.71     0.2498     0.1400  1.000e-12  0.1620000     7.3414     7.3413    -0.0001     5.8357     5.8356     47.552     48.639      0.542    1432.01    1432.02  0.000e+00
      19128     48.500     4.0287     4.0320     0.0032    0.77631    0.77634          1     6.6705     7.1596      98.71     0.2574     0.1795  1.000e-12  0.1655000     7.3493     7.3490    -0.0004     5.8417     5.8414     48.048     49.145      0.601    1432.08    1432.09  0.000e+00
      19147     49.000     4.0586     4.0612     0.0026    0.77783    0.77786          1     6.6239     7.0867      98.26     0.2513     0.2338  1.000e-12  0.1705000     7.3580     7.3577    -0.0003     5.8479     5.8476     48.543     49.652      0.625    1432.23    1432.24  0.000e+00
      19166     49.500     4.0506     4.0526     0.0020    0.77826    0.77828          1     6.5917     7.0314      90.51     0.2415     0.2942  1.000e-12  0.1740000     7.3641     7.3639    -0.0002     5.8530     5.8527     49.038     50.158      0.619    1432.21    1432.22  0.000e+00
      19186     50.000     4.0137     4.0167     0.0030    0.77790    0.77796          1     6.5912     7.0272      98.48     0.2491     0.2686  1.000e-12  0.1804000     7.3687     7.3686    -0.0001     5.8575     5.8574     49.533     50.664      0.589    1432.06    1432.07  0.000e+00
      19207     50.500     3.9804     3.9824     0.0020    0.77786    0.77788          1     6.6060     7.0571      98.71     0.2492     0.2236  1.000e-12  0.1758000     7.3757     7.3755    -0.0002     5.8639     5.8637     50.029     51.170      0.539    1431.93    1431.94  0.000e+00
      19231     51.000     3.9595     3.9621     0.0026    0.77793    0.77796          1     6.6223     7.0844      98.71     0.2501     0.2365  1.000e-12  0.1833000     7.3811     7.3809    -0.0003     5.8687     5.8684     50.524     51.677      0.516    1431.85    1431.86  0.000e+00
      19253     51.500     3.9289     3.9314     0.0025    0.77767    0.77771          1     6.6604     7.1288      98.71     0.2563     0.2675  1.000e-12  0.1780000     7.3853     7.3851    -0.0001     5.8727     5.8725     51.019     52.183      0.569    1431.72    1431.73  0.000e+00
      19273     52.000     3.8722     3.8748     0.0025    0.77704    0.77708          1     6.7392     7.2340      90.01     0.2461     0.1916  1.000e-12  0.1788000     7.3916     7.3914    -0.0002     5.8791     5.8788     51.515     52.689      0.639    1431.48    1431.49  0.000e+00
      19291     52.500     3.8243     3.8265     0.0022    0.77675    0.77677          1     6.7884     7.3133      95.61     0.2144     0.2045  1.000e-12  0.1860000     7.3995     7.3992    -0.0003     5.8864     5.8861     52.010     53.196      0.660    1431.29    1431.30  0.000e+00
      19309     53.000     3.8454     3.8475     0.0021    0.77809    0.77807          1     6.7881     7.3146      98.70     0.2243     0.2188  1.000e-12  0.1809000     7.4083     7.4076    -0.0007     5.8929     5.8923     52.505     53.702      0.611    1431.40    1431.41  0.000e+00
      19331     53.500     3.8500     3.8524     0.0024    0.77889    0.77891          1     6.7577     7.2524      98.71     0.2416     0.2242  1.000e-12  0.1814000     7.4153     7.4150    -0.0003     5.8984     5.8981     53.000     54.208      0.539    1431.44    1431.45  0.000e+00
      19354     54.000     3.8467     3.8486     0.0019    0.77960    0.77961          1     6.7254     7.1845      98.44     0.2437     0.1906  1.000e-12  0.1868000     7.4233     7.4230    -0.0003     5.9049     5.9045     53.496     54.715      0.538    1431.44    1431.45  0.000e+00
      19375     54.500     3.8188     3.8206     0.0018    0.77988    0.77989          1     6.6665     7.0988      28.01     0.2423     0.1777  1.000e-12  0.1884000     7.4325     7.4321    -0.0003     5.9128     5.9124     53.991     55.221      0.580    1431.33    1431.34  0.000e+00
      19395     55.000     3.7803     3.7824     0.0022    0.77952    0.77955          1     6.6522     7.0596      79.47     0.2487     0.2026  1.000e-12  0.1810000     7.4375     7.4373    -0.0003     5.9176     5.9173     54.486     55.727      0.586    1431.17    1431.18  0.000e+00
      19416     55.500     3.6846     3.6874     0.0028    0.77765    0.77774          1     6.6920     7.1137      96.62     0.2371     0.1985  1.000e-12  0.1996000     7.4402     7.4404     0.0002     5.9216     5.9217     54.981     56.233      0.557    1430.75    1430.77  0.000e+00
      19439     56.000     3.6107     3.6137     0.0030    0.77679    0.77681          1     6.7103     7.1738      97.28     0.2264     0.2038  1.000e-12  0.2149000     7.4481     7.4476    -0.0004     5.9294     5.9290     55.477     56.740      0.545    1430.44    1430.45  0.000e+00
      19460     56.500     3.6012     3.6037     0.0025    0.77731    0.77731          1     6.6806     7.1534      97.42     0.2330     0.2243  1.000e-12  0.1989000     7.4556     7.4550    -0.0005     5.9355     5.9351     55.972     57.246      0.601    1430.41    1430.42  0.000e+00
      19479     57.000     3.5895     3.5918     0.0023    0.77776    0.77778          1     6.6401     7.0899      97.43     0.2421     0.2458  1.000e-12  0.1999000     7.4629     7.4625    -0.0004     5.9416     5.9412     56.467     57.752      0.663    1430.37    1430.38  0.000e+00
