ctdpy/exports/archive_20191121_122431/received_data/SBE09_1044_20180530_0318_34_07_0044.cnv
* Sea-Bird SBE 9 Data File:
* FileName = C:\ctd\temp\2018\AU18D044.hex
* Software Version Seasave V 7.26.6.26
* Temperature SN = 5351
* Conductivity SN = 3941
* Number of Bytes Per Scan = 41
* Number of Voltage Words = 4
* Number of Scans Averaged by the Deck Unit = 1
* NMEA Latitude = 57 07.04 N
* NMEA Longitude = 017 40.12 E
* NMEA UTC (Time) = May 30 2018  03:18:07
* NMEA baud rate = 4800
** Station:  BY38
** Operator:  JKro
** Ship: AURA
** Average sound velocity: 1439.64 m/s
** True-depth calculation Wed, 30 May 2018 04:25:25 +0000
** CTD Python Module SMHI /ver 3-12/ feb 2012 
** LIMS Job: 20183407-0044
** Cruise: SMHI-02-2018
** Latitude [GG MM.mm N] :
** Longitude [GG MM.mm E]:
# nquan = 26
# nvalues = 208                         
# units = specified
# name 0 = scan: Scan Count
# name 1 = prDM: Pressure, Digiquartz [db]
# name 2 = t090C: Temperature [ITS-90, deg C]
# name 3 = t190C: Temperature, 2 [ITS-90, deg C]
# name 4 = T2-T190C: Temperature Difference, 2 - 1 [ITS-90, deg C]
# name 5 = c0S/m: Conductivity [S/m]
# name 6 = c1S/m: Conductivity, 2 [S/m]
# name 7 = pumps: Pump Status
# name 8 = sbeox0ML/L: Oxygen, SBE 43 [ml/l]
# name 9 = sbeox1ML/L: Oxygen, SBE 43, 2 [ml/l]
# name 10 = altM: Altimeter [m]
# name 11 = flECO-AFL: Chl-a Fluorescence, WET Labs ECO-AFL/FL [mg/m^3]
# name 12 = flECO-AFL1: Phycocyanin Fluorescence, WET Labs ECO-AFL/FL, 2 [mg/m^3]
# name 13 = par: PAR/Irradiance, Biospherical/Lico [µE/(cm^2*s)]
# name 14 = turbWETntu0: Turbidity, WET Labs ECO [NTU]
# name 15 = sal00: Salinity, Practical [PSU]
# name 16 = sal11: Salinity, Practical, 2 [PSU]
# name 17 = secS-priS: Salinity, Practical, Difference, 2 - 1 [PSU]
# name 18 = sigma-t00: Density [sigma-t, Kg/m^3 ]
# name 19 = sigma-t11: Density, 2 [sigma-t, Kg/m^3 ]
# name 20 = depSM: Depth [salt water, m], lat = 57.1173
# name 21 = depFM: Depth [true depth, m], lat = 57.1173
# name 22 = dz/dtM: Descent Rate [m/s], WS = 2
# name 23 = svCM: Sound Velocity [Chen-Millero, m/s]
# name 24 = svCM1: Sound Velocity, 2 [Chen-Millero, m/s]
# name 25 = flag: flag
# span 0 =      13489,      19770       
# span 1 =      1.000,    104.500       
# span 2 =     2.9319,    11.9219       
# span 3 =     2.9332,    11.6967       
# span 4 =    -0.2519,     0.1986       
# span 5 =   0.749741,   1.124216       
# span 6 =   0.749730,   1.124203       
# span 7 =          1,          1       
# span 8 =   -0.10428,    9.41826       
# span 9 =   -0.42224,    9.41450       
# span 10 =       1.96,      97.47      
# span 11 =     0.2100,     9.1847      
# span 12 =     0.1652,     0.9662      
# span 13 = 2.9648e-13, 2.1014e+03      
# span 14 =     0.1195,     1.0721      
# span 15 =     7.0553,    10.4119      
# span 16 =     7.0512,    10.4114      
# span 17 =    -0.0108,     0.0146      
# span 18 =     5.0630,     8.1973      
# span 19 =     5.0873,     8.1969      
# span 20 =      0.991,    103.513      
# span 21 =      1.013,    105.748      
# span 22 =     -0.139,      0.482      
# span 23 =    1427.11,    1463.42      
# span 24 =    1427.11,    1462.57      
# span 25 = 0.0000e+00, 0.0000e+00      
# interval = decibars: 0.5              
# start_time = May 30 2018 03:18:07 [NMEA time, first data scan]
# bad_flag = -9.990e-29
*END*
[from data line 112]
      16469     57.000     2.9339     2.9352     0.0013    0.76349    0.76340          1     7.6841     7.5573      52.93     0.2363     0.2462  1.000e-12  0.1441000     7.4660     7.4648    -0.0012     5.9529     5.9519     56.468     57.732      0.457    1427.37    1427.38  0.000e+00
      16495     57.500     2.9461     2.9469     0.0009    0.76539    0.76526          1     7.6170     7.4832      52.46     0.2312     0.2721  1.000e-12  0.1464000     7.4831     7.4815    -0.0016     5.9664     5.9651     56.963     58.239      0.455    1427.46    1427.46  0.000e+00
      16522     58.000     2.9599     2.9611     0.0012    0.76703    0.76695          1     7.5307     7.3889      51.87     0.2198     0.2206  1.000e-12  0.1381000     7.4970     7.4959    -0.0011     5.9774     5.9765     57.459     58.745      0.457    1427.55    1427.55  0.000e+00
      16548     58.500     2.9788     2.9797     0.0009    0.76896    0.76882          1     7.4397     7.2940      51.32     0.2460     0.2195  1.000e-12  0.1364000     7.5127     7.5111    -0.0016     5.9898     5.9884     57.954     59.251      0.458    1427.66    1427.67  0.000e+00
      16574     59.000     3.0023     3.0027     0.0004    0.77102    0.77089          1     7.3452     7.1889      50.78     0.2331     0.2098  1.000e-12  0.1389000     7.5287     7.5273    -0.0014     6.0023     6.0012     58.449     59.757      0.452    1427.80    1427.80  0.000e+00
      16601     59.500     3.0186     3.0198     0.0012    0.77234    0.77227          1     7.2530     7.1063      50.26     0.2327     0.2196  1.000e-12  0.1376000     7.5387     7.5378    -0.0009     6.0101     6.0094     58.944     60.264      0.448    1427.90    1427.90  0.000e+00
      16628     60.000     3.0389     3.0388    -0.0002    0.77414    0.77398          1     7.1675     7.0106      49.76     0.2392     0.2687  1.000e-12  0.1308000     7.5527     7.5511    -0.0016     6.0211     6.0198     59.440     60.770      0.453    1428.02    1428.02  0.000e+00
      16654     60.500     3.0638     3.0634    -0.0004    0.77619    0.77602          1     7.0645     6.9101      49.19     0.2240     0.2156  1.000e-12  0.1443000     7.5683     7.5667    -0.0017     6.0333     6.0320     59.935     61.276      0.463    1428.16    1428.16  0.000e+00
      16680     61.000     3.1006     3.1013     0.0007    0.77981    0.77970          1     6.9392     6.7767      48.65     0.2194     0.2276  1.000e-12  0.1431000     7.5975     7.5961    -0.0013     6.0561     6.0550     60.430     61.782      0.464    1428.38    1428.38  0.000e+00
      16706     61.500     3.1344     3.1346     0.0001    0.78325    0.78309          1     6.7901     6.6131      48.11     0.2178     0.2109  1.000e-12  0.1402000     7.6254     7.6236    -0.0018     6.0780     6.0766     60.926     62.288      0.452    1428.58    1428.57  0.000e+00
      16733     62.000     3.1667     3.1666    -0.0001    0.78655    0.78636          1     6.6396     6.4654      47.57     0.2370     0.2072  1.000e-12  0.1365000     7.6521     7.6502    -0.0019     6.0989     6.0974     61.421     62.795      0.441    1428.77    1428.76  0.000e+00
      16760     62.500     3.2085     3.2076    -0.0009    0.79042    0.79020          1     6.4904     6.3174      47.07     0.2364     0.2439  1.000e-12  0.1474000     7.6826     7.6805    -0.0021     6.1226     6.1210     61.916     63.301      0.451    1429.01    1429.00  0.000e+00
      16786     63.000     3.2576     3.2582     0.0006    0.79446    0.79434          1     6.3272     6.1560      46.57     0.2243     0.1962  1.000e-12  0.1571000     7.7129     7.7115    -0.0014     6.1461     6.1450     62.411     63.807      0.467    1429.28    1429.28  0.000e+00
      16811     63.500     3.2808     3.2823     0.0015    0.79756    0.79743          1     6.1386     5.9545      46.04     0.2405     0.1662  1.000e-12  0.1472000     7.7396     7.7379    -0.0017     6.1671     6.1657     62.907     64.313      0.465    1429.43    1429.43  0.000e+00
      16838     64.000     3.2989     3.2994     0.0005    0.80230    0.80208          1     5.8771     5.6530      45.49     0.2569     0.2235  1.000e-12  0.1413000     7.7846     7.7823    -0.0024     6.2026     6.2007     63.402     64.819      0.451    1429.57    1429.58  0.000e+00
      16865     64.500     3.4095     3.4065    -0.0030    0.81550    0.81487          1     5.4906     5.0196      44.94     0.2551     0.2225  1.000e-12  0.1478000     7.8952     7.8894    -0.0058     6.2889     6.2843     63.897     65.325      0.447    1430.23    1430.21  0.000e+00
      16891     65.000     3.7722     3.7571    -0.0152    0.85886    0.85745          1     3.9603     2.8503      44.43     0.2590     0.2320  1.000e-12  0.1791000     8.2537     8.2430    -0.0108     6.5664     6.5582     64.392     65.831      0.456    1432.35    1432.26  0.000e+00
      16917     65.500     4.1705     4.1589    -0.0116    0.90562    0.90463          1     1.5921     0.4389      43.95     0.4499     0.2322  1.000e-12  0.4659000     8.6332     8.6261    -0.0070     6.8572     6.8519     64.888     66.337      0.460    1434.63    1434.57  0.000e+00
      16943     66.000     4.2886     4.2883    -0.0004    0.92063    0.92021          1     0.2201    -0.4222      43.42     0.4435     0.2880  1.000e-12  0.5462000     8.7557     8.7515    -0.0042     6.9507     6.9473     65.383     66.843      0.459    1435.33    1435.32  0.000e+00
      16970     66.500     4.4199     4.4194    -0.0005    0.93589    0.93562          1    -0.1043    -0.3790      42.88     0.4646     0.2916  1.000e-12  0.5622000     8.8766     8.8740    -0.0026     7.0420     7.0400     65.878     67.349      0.459    1436.07    1436.07  0.000e+00
      16996     67.000     4.5751     4.5703    -0.0048    0.95304    0.95219          1    -0.0874    -0.1969      42.35     0.4608     0.3195  1.000e-12  0.4631000     9.0093     9.0020    -0.0074     7.1415     7.1358     66.373     67.854      0.456    1436.94    1436.91  0.000e+00
      17022     67.500     4.7907     4.7849    -0.0059    0.97439    0.97366          1    -0.0096    -0.0561      41.85     0.4953     0.2679  1.000e-12  0.4490000     9.1669     9.1612    -0.0058     7.2577     7.2534     66.868     68.360      0.448    1438.10    1438.07  0.000e+00
      17049     68.000     4.9860     4.9836    -0.0024    0.99044    0.99013          1     0.0641     0.0307      41.35     0.4504     0.2325  1.000e-12  0.3522000     9.2752     9.2727    -0.0025     7.3349     7.3330     67.364     68.866      0.449    1439.10    1439.09  0.000e+00
      17075     68.500     5.0269     5.0276     0.0007    0.99895    0.99863          1     0.1125     0.0787      40.80     0.3989     0.2223  1.000e-12  0.2885000     9.3495     9.3461    -0.0035     7.3918     7.3891     67.859     69.371      0.463    1439.38    1439.38  0.000e+00
      17101     69.000     5.1000     5.0975    -0.0026    1.01136    1.01084          1     0.1418     0.1009      40.32     0.4068     0.2758  1.000e-12  0.2905000     9.4539     9.4494    -0.0045     7.4710     7.4675     68.354     69.877      0.469    1439.84    1439.83  0.000e+00
      17127     69.500     5.1738     5.1711    -0.0028    1.02180    1.02147          1     0.1633     0.1105      39.80     0.3969     0.2360  1.000e-12  0.3242000     9.5379     9.5355    -0.0024     7.5339     7.5321     68.849     70.382      0.457    1440.28    1440.26  0.000e+00
      17154     70.000     5.2266     5.2257    -0.0008    1.02865    1.02843          1     0.1694     0.1142      39.26     0.3715     0.2081  1.000e-12  0.2726000     9.5917     9.5898    -0.0019     7.5738     7.5723     69.345     70.888      0.446    1440.58    1440.58  0.000e+00
      17181     70.500     5.2549     5.2552     0.0003    1.03339    1.03317          1     0.1725     0.1142      38.73     0.3735     0.2073  1.000e-12  0.2559000     9.6311     9.6288    -0.0023     7.6035     7.6017     69.840     71.393      0.451    1440.77    1440.76  0.000e+00
      17207     71.000     5.2701     5.2702     0.0002    1.03840    1.03820          1     0.1703     0.1101      38.19     0.4010     0.2213  1.000e-12  0.2941000     9.6771     9.6750    -0.0021     7.6391     7.6374     70.335     71.899      0.463    1440.90    1440.90  0.000e+00
      17233     71.500     5.2922     5.2923     0.0001    1.04354    1.04336          1     0.1622     0.1072      37.67     0.4054     0.1938  1.000e-12  0.3205000     9.7223     9.7204    -0.0019     7.6736     7.6722     70.830     72.404      0.462    1441.06    1441.06  0.000e+00
      17259     72.000     5.3258     5.3253    -0.0005    1.04968    1.04945          1     0.1560     0.1007      37.19     0.3835     0.2715  1.000e-12  0.3246000     9.7740     9.7719    -0.0021     7.7128     7.7112     71.326     72.909      0.453    1441.28    1441.27  0.000e+00
      17285     72.500     5.3717     5.3716    -0.0001    1.05523    1.05507          1     0.1543     0.0966      36.68     0.3815     0.2225  1.000e-12  0.3432000     9.8163     9.8147    -0.0016     7.7438     7.7426     71.821     73.415      0.453    1441.54    1441.54  0.000e+00
      17312     73.000     5.3911     5.3919     0.0008    1.05834    1.05823          1     0.1472     0.0938      36.17     0.3706     0.2344  1.000e-12  0.3358000     9.8417     9.8404    -0.0013     7.7628     7.7618     72.316     73.920      0.458    1441.66    1441.66  0.000e+00
      17338     73.500     5.4025     5.4033     0.0008    1.06131    1.06120          1     0.1404     0.0911      35.60     0.3735     0.2218  1.000e-12  0.3656000     9.8681     9.8668    -0.0013     7.7831     7.7820     72.811     74.425      0.459    1441.75    1441.76  0.000e+00
      17364     74.000     5.4212     5.4216     0.0004    1.06474    1.06462          1     0.1356     0.0862      35.08     0.3661     0.2224  1.000e-12  0.3748000     9.8968     9.8956    -0.0012     7.8048     7.8038     73.307     74.931      0.458    1441.88    1441.88  0.000e+00
      17390     74.500     5.4366     5.4375     0.0009    1.06788    1.06777          1     0.1301     0.0850      34.73     0.3553     0.2448  1.000e-12  0.3910000     9.9237     9.9224    -0.0014     7.8252     7.8241     73.802     75.436      0.456    1441.99    1441.99  0.000e+00
      17417     75.000     5.4398     5.4407     0.0008    1.07013    1.07005          1     0.1260     0.0826      34.16     0.3698     0.2493  1.000e-12  0.4120000     9.9453     9.9442    -0.0011     7.8421     7.8412     74.297     75.941      0.454    1442.04    1442.04  0.000e+00
      17443     75.500     5.4471     5.4477     0.0006    1.07177    1.07168          1     0.1252     0.0764      33.61     0.3557     0.2462  1.000e-12  0.4209000     9.9595     9.9583    -0.0012     7.8529     7.8519     74.792     76.447      0.455    1442.09    1442.10  0.000e+00
      17469     76.000     5.4556     5.4560     0.0004    1.07354    1.07344          1     0.1155     0.0782      33.07     0.3444     0.2443  1.000e-12  0.4417000     9.9745     9.9735    -0.0011     7.8643     7.8634     75.287     76.952      0.456    1442.16    1442.16  0.000e+00
      17496     76.500     5.4653     5.4656     0.0003    1.07544    1.07535          1     0.1097     0.0745      32.52     0.3477     0.1947  1.000e-12  0.4919000     9.9907     9.9896    -0.0010     7.8765     7.8757     75.783     77.457      0.456    1442.23    1442.23  0.000e+00
      17522     77.000     5.4757     5.4762     0.0005    1.07717    1.07709          1     0.1103     0.0726      31.97     0.3594     0.2428  1.000e-12  0.5529000    10.0049    10.0039    -0.0010     7.8872     7.8864     76.278     77.962      0.455    1442.30    1442.30  0.000e+00
      17548     77.500     5.4835     5.4842     0.0007    1.07868    1.07859          1     0.1072     0.0704      31.44     0.3603     0.2102  1.000e-12  0.6297000    10.0175    10.0165    -0.0010     7.8967     7.8959     76.773     78.468      0.461    1442.36    1442.36  0.000e+00
      17574     78.000     5.4899     5.4907     0.0008    1.08008    1.08001          1     0.1037     0.0702      30.93     0.3664     0.2423  1.000e-12  0.7102000    10.0295    10.0286    -0.0009     7.9059     7.9051     77.268     78.973      0.464    1442.41    1442.41  0.000e+00
      17600     78.500     5.4966     5.4973     0.0007    1.08157    1.08148          1     0.1005     0.0668      30.39     0.3660     0.2196  1.000e-12  0.7810000    10.0425    10.0414    -0.0011     7.9157     7.9148     77.764     79.478      0.453    1442.46    1442.46  0.000e+00
      17627     79.000     5.5063     5.5064     0.0000    1.08300    1.08290          1     0.0984     0.0690      29.86     0.3930     0.2114  1.000e-12  0.8657000    10.0538    10.0528    -0.0010     7.9241     7.9233     78.259     79.984      0.444    1442.53    1442.52  0.000e+00
      17654     79.500     5.5155     5.5162     0.0007    1.08479    1.08472          1     0.0966     0.0638      29.07     0.3905     0.2494  1.000e-12  0.8980000    10.0688    10.0679    -0.0009     7.9355     7.9347     78.754     80.489      0.455    1442.59    1442.59  0.000e+00
      17680     80.000     5.5219     5.5225     0.0005    1.08662    1.08652          1     0.0956     0.0619      27.77     0.3800     0.2592  1.000e-12  0.9506000    10.0852    10.0840    -0.0013     7.9481     7.9470     79.249     80.994      0.468    1442.65    1442.65  0.000e+00
      17706     80.500     5.5341     5.5346     0.0004    1.08867    1.08858          1     0.0906     0.0659      27.21     0.3683     0.1977  1.000e-12  1.0220000    10.1019    10.1010    -0.0010     7.9606     7.9598     79.744     81.499      0.464    1442.73    1442.73  0.000e+00
      17732     81.000     5.5449     5.5453     0.0004    1.09071    1.09061          1     0.0872     0.0646      26.69     0.3913     0.2657  1.000e-12  1.0473000    10.1191    10.1179    -0.0012     7.9735     7.9725     80.240     82.005      0.450    1442.81    1442.81  0.000e+00
      17759     81.500     5.5544     5.5551     0.0006    1.09245    1.09237          1     0.0887     0.0594      26.16     0.3825     0.2679  1.000e-12  1.0656000    10.1335    10.1325    -0.0010     7.9843     7.9836     80.735     82.510      0.448    1442.87    1442.88  0.000e+00
      17785     82.000     5.5610     5.5619     0.0008    1.09362    1.09356          1     0.0862     0.0598      25.64     0.3731     0.2240  1.000e-12  1.0575000    10.1431    10.1423    -0.0008     7.9916     7.9909     81.230     83.015      0.458    1442.92    1442.92  0.000e+00
      17811     82.500     5.5599     5.5610     0.0011    1.09440    1.09435          1     0.0822     0.0603      25.12     0.3902     0.2379  1.000e-12  1.0713000    10.1513    10.1504    -0.0009     7.9981     7.9973     81.725     83.520      0.463    1442.93    1442.94  0.000e+00
      17837     83.000     5.5687     5.5695     0.0008    1.09571    1.09565          1     0.0854     0.0596      24.62     0.3858     0.2529  1.000e-12  1.0721000    10.1616    10.1607    -0.0009     8.0057     8.0050     82.220     84.026      0.460    1442.99    1443.00  0.000e+00
      17863     83.500     5.5769     5.5779     0.0009    1.09708    1.09703          1     0.0795     0.0599      24.10     0.3740     0.1652  1.000e-12  1.0293000    10.1727    10.1719    -0.0008     8.0141     8.0134     82.716     84.531      0.451    1443.05    1443.05  0.000e+00
      17890     84.000     5.5851     5.5856     0.0005    1.09864    1.09857          1     0.0794     0.0553      23.60     0.3829     0.1877  1.000e-12  0.9639000    10.1858    10.1850    -0.0009     8.0239     8.0232     83.211     85.036      0.452    1443.11    1443.11  0.000e+00
