ctdpy/exports/archive_20191121_122431/received_data/SBE09_0827_20180301_0920_26_01_0337.cnv
* Sea-Bird SBE 9 Data File:
* FileName = D:\CTD_SBE911\DAT\26DA.2018.3.37.hex
* Software Version Seasave V 7.21d
* Temperature SN = 034757
* Conductivity SN = 041844
* Number of Bytes Per Scan = 48
* Number of Voltage Words = 5
* Number of Scans Averaged by the Deck Unit = 1
* NMEA Latitude = 57 17.08 N
* NMEA Longitude = 019 00.53 E
* NMEA UTC (Time) = Mar 01 2018  09:20:23
* NMEA baud rate = 4800
** Ship: DANA
** Average sound velocity: 1426.61 m/s
** True-depth calculation Tue, 02 Apr 2019 12:08:44 +0000
** CTD Python Module SMHI /ver 3-12/ feb 2012 
** LIMS Job: 20182601-0337
** Operator:
** Cruise: 02/2018
# nquan = 26
# nvalues = 111                         
# units = specified
# name 0 = scan: Scan Count
# name 1 = prDM: Pressure, Digiquartz [db]
# name 2 = t090C: Temperature [ITS-90, deg C]
# name 3 = t190C: Temperature, 2 [ITS-90, deg C]
# name 4 = T2-T190C: Temperature Difference, 2 - 1 [ITS-90, deg C]
# name 5 = c0S/m: Conductivity [S/m]
# name 6 = c1S/m: Conductivity, 2 [S/m]
# name 7 = pumps: Pump Status
# name 8 = sbeox1ML/L: Oxygen, SBE 43, 2 [ml/l]
# name 9 = sbeox0ML/L: Oxygen, SBE 43 [ml/l]
# name 10 = altM: Altimeter [m]
# name 11 = chloroflTC0: Chlorophyll, Turner Cyclops [ug/l]
# name 12 = cpar: CPAR/Corrected Irradiance [%]
# name 13 = par: PAR/Irradiance, Biospherical/Lico [µE/(cm^2*s)]
# name 14 = spar: SPAR, Biospherical/Licor
# name 15 = sal00: Salinity, Practical [PSU]
# name 16 = sal11: Salinity, Practical, 2 [PSU]
# name 17 = secS-priS: Salinity, Practical, Difference, 2 - 1 [PSU]
# name 18 = sigma-t00: Density [sigma-t, kg/m^3 ]
# name 19 = sigma-t11: Density, 2 [sigma-t, kg/m^3 ]
# name 20 = depSM: Depth [salt water, m], lat = 57.2847
# name 21 = depFM: Depth [true depth, m], lat = 57.2847
# name 22 = dz/dtM: Descent Rate [m/s], WS = 2
# name 23 = svCM: Sound Velocity [Chen-Millero, m/s]
# name 24 = svCM1: Sound Velocity, 2 [Chen-Millero, m/s]
# name 25 = flag: flag
# span 0 =         48,       6004       
# span 1 =      1.000,     56.000       
# span 2 =     2.8849,     2.8980       
# span 3 =     2.8846,     2.8967       
# span 4 =    -0.0052,     0.0040       
# span 5 =   0.753322,   0.753938       
# span 6 =   0.752580,   0.753240       
# span 7 =          1,          1       
# span 8 =     8.5711,     8.6369       
# span 9 =     8.5073,     8.5402       
# span 10 =       0.82,      10.00      
# span 11 =     0.0112,     0.0591      
# span 12 = 5.6802e-14, 1.1726e+01      
# span 13 = 1.0000e-12, 7.4374e+01      
# span 14 = 5.2396e+02, 1.7605e+03      
# span 15 =     7.3759,     7.3772      
# span 16 =     7.3687,     7.3693      
# span 17 =    -0.0083,    -0.0071      
# span 18 =     5.8813,     5.8823      
# span 19 =     5.8755,     5.8761      
# span 20 =      0.991,     55.477      
# span 21 =      1.013,     56.705      
# span 22 =     -0.283,      0.879      
# span 23 =    1426.18,    1427.03      
# span 24 =    1426.17,    1427.02      
# span 25 = 0.0000e+00, 0.0000e+00      
# interval = decibars: 0.5              
# start_time = Mar 01 2018 09:20:23 [NMEA time, first data scan]
# bad_flag = -9.990e-29
*END*
         48      1.000     2.8914     2.8916     0.0002    0.75335    0.75260          1     8.5975     8.5180      10.00     0.0202  1.173e+01  7.437e+01  6.319e+02     7.3771     7.3693    -0.0079     5.8823     5.8760      0.991      1.013      0.174    1426.18    1426.17  0.000e+00
        250      1.500     2.8902     2.8900    -0.0003    0.75332    0.75258          1     8.5711     8.5196      10.00     0.0591  6.359e+00  4.361e+01  6.828e+02     7.3771     7.3693    -0.0077     5.8823     5.8761      1.486      1.519      0.744    1426.18    1426.17  0.000e+00
        270      2.000     2.8980     2.8927    -0.0052    0.75351    0.75260          1     8.5838     8.5112      10.00     0.0130  4.300e+00  3.195e+01  7.460e+02     7.3772     7.3689    -0.0083     5.8823     5.8757      1.982      2.025      0.869    1426.23    1426.19  0.000e+00
        319      2.500     2.8979     2.8952    -0.0027    0.75351    0.75270          1     8.5939     8.5160      10.00     0.0147  2.965e+00  2.564e+01  8.679e+02     7.3771     7.3692    -0.0079     5.8822     5.8760      2.477      2.531      0.638    1426.24    1426.21  0.000e+00
        385      3.000     2.8977     2.8952    -0.0025    0.75350    0.75265          1     8.6088     8.5177      10.00     0.0158  2.334e+00  2.248e+01  9.656e+02     7.3770     7.3687    -0.0083     5.8821     5.8755      2.972      3.038      0.879    1426.24    1426.22  0.000e+00
        416      3.500     2.8963     2.8967     0.0004    0.75347    0.75271          1     8.6083     8.5159       9.99     0.0133  1.769e+00  1.892e+01  1.076e+03     7.3770     7.3689    -0.0081     5.8822     5.8756      3.468      3.544      0.521    1426.24    1426.23  0.000e+00
        514      4.000     2.8936     2.8953     0.0018    0.75341    0.75272          1     8.6187     8.5073       9.99     0.0121  1.570e+00  1.693e+01  1.077e+03     7.3769     7.3693    -0.0076     5.8821     5.8760      3.963      4.050      0.756    1426.24    1426.24  0.000e+00
        531      4.500     2.8940     2.8947     0.0007    0.75343    0.75272          1     8.6064     8.5153       9.99     0.0122  1.480e+00  1.438e+01  9.710e+02     7.3769     7.3693    -0.0076     5.8821     5.8760      4.459      4.557      0.606    1426.25    1426.24  0.000e+00
        596      5.000     2.8951     2.8939    -0.0011    0.75346    0.75270          1     8.6184     8.5292       9.99     0.0122  1.708e+00  1.279e+01  7.579e+02     7.3769     7.3692    -0.0077     5.8821     5.8760      4.954      5.063      0.375    1426.26    1426.25  0.000e+00
        644      5.500     2.8959     2.8955    -0.0004    0.75349    0.75274          1     8.6236     8.5185       9.99     0.0122  1.817e+00  1.180e+01  6.497e+02     7.3769     7.3692    -0.0078     5.8821     5.8759      5.449      5.569      0.433    1426.27    1426.26  0.000e+00
        679      6.000     2.8960     2.8960     0.0000    0.75350    0.75276          1     8.6128     8.5264       9.99     0.0122  1.630e+00  9.542e+00  5.851e+02     7.3770     7.3692    -0.0078     5.8821     5.8759      5.945      6.075      0.301    1426.28    1426.27  0.000e+00
        739      6.500     2.8959     2.8961     0.0002    0.75350    0.75277          1     8.6131     8.5301       9.98     0.0122  1.535e+00  8.696e+00  5.668e+02     7.3769     7.3692    -0.0077     5.8821     5.8760      6.440      6.582      0.211    1426.29    1426.28  0.000e+00
        810      7.000     2.8969     2.8962    -0.0007    0.75352    0.75278          1     8.6230     8.5341       9.98     0.0122  1.438e+00  7.977e+00  5.547e+02     7.3769     7.3692    -0.0077     5.8821     5.8760      6.935      7.088      0.392    1426.30    1426.29  0.000e+00
        834      7.500     2.8957     2.8957     0.0001    0.75350    0.75278          1     8.6242     8.5319       9.98     0.0124  1.251e+00  6.900e+00  5.515e+02     7.3769     7.3692    -0.0076     5.8820     5.8760      7.431      7.594      0.440    1426.30    1426.29  0.000e+00
        899      8.000     2.8941     2.8952     0.0010    0.75347    0.75277          1     8.6227     8.5230       9.98     0.0124  1.145e+00  6.231e+00  5.443e+02     7.3768     7.3693    -0.0076     5.8820     5.8760      7.926      8.101      0.289    1426.30    1426.30  0.000e+00
        959      8.500     2.8933     2.8937     0.0003    0.75346    0.75275          1     8.6246     8.5286       9.98     0.0124  1.099e+00  5.908e+00  5.376e+02     7.3768     7.3693    -0.0076     5.8820     5.8760      8.422      8.607      0.499    1426.31    1426.30  0.000e+00
        982      9.000     2.8934     2.8938     0.0004    0.75347    0.75275          1     8.6219     8.5341       9.98     0.0125  9.405e-01  5.043e+00  5.362e+02     7.3768     7.3692    -0.0076     5.8820     5.8759      8.917      9.113      0.438    1426.32    1426.31  0.000e+00
       1049      9.500     2.8923     2.8930     0.0007    0.75345    0.75274          1     8.6244     8.5292       9.97     0.0123  8.599e-01  4.566e+00  5.311e+02     7.3768     7.3692    -0.0076     5.8820     5.8760      9.412      9.620      0.279    1426.32    1426.31  0.000e+00
       1099     10.000     2.8922     2.8925     0.0003    0.75345    0.75274          1     8.6307     8.5257       9.97     0.0121  8.058e-01  4.255e+00  5.280e+02     7.3768     7.3693    -0.0075     5.8820     5.8760      9.908     10.126      0.520    1426.33    1426.32  0.000e+00
       1122     10.500     2.8919     2.8921     0.0002    0.75345    0.75273          1     8.6151     8.5332       9.97     0.0122  6.897e-01  3.640e+00  5.277e+02     7.3768     7.3692    -0.0076     5.8820     5.8759     10.403     10.632      0.418    1426.33    1426.32  0.000e+00
       1210     11.000     2.8903     2.8911     0.0008    0.75342    0.75272          1     8.6110     8.5120       9.97     0.0122  6.727e-01  3.529e+00  5.245e+02     7.3768     7.3693    -0.0075     5.8820     5.8760     10.898     11.138      0.420    1426.33    1426.33  0.000e+00
       1233     11.500     2.8904     2.8905     0.0001    0.75343    0.75271          1     8.6243     8.5178       9.97     0.0122  6.090e-01  3.191e+00  5.240e+02     7.3768     7.3692    -0.0076     5.8820     5.8759     11.394     11.645      0.625    1426.34    1426.33  0.000e+00
       1254     12.000     2.8910     2.8908    -0.0002    0.75345    0.75272          1     8.6269     8.5297       9.97     0.0122  5.253e-01  2.752e+00  5.240e+02     7.3768     7.3692    -0.0076     5.8821     5.8760     11.889     12.151      0.449    1426.35    1426.34  0.000e+00
       1358     12.500     2.8919     2.8935     0.0016    0.75347    0.75279          1     8.6320     8.5131       9.97     0.0122  4.982e-01  2.610e+00  5.240e+02     7.3767     7.3692    -0.0075     5.8820     5.8759     12.385     12.657      0.461    1426.37    1426.36  0.000e+00
       1380     13.000     2.8920     2.8930     0.0009    0.75349    0.75279          1     8.6321     8.5126       9.97     0.0122  4.496e-01  2.356e+00  5.240e+02     7.3768     7.3692    -0.0076     5.8820     5.8760     12.880     13.164      0.553    1426.37    1426.37  0.000e+00
       1405     13.500     2.8914     2.8926     0.0011    0.75348    0.75279          1     8.6268     8.5248       9.96     0.0123  3.992e-01  2.092e+00  5.240e+02     7.3768     7.3692    -0.0076     5.8821     5.8760     13.375     13.670      0.371    1426.38    1426.37  0.000e+00
       1484     14.000     2.8957     2.8955    -0.0002    0.75359    0.75286          1     8.6219     8.5218       9.96     0.0123  3.532e-01  1.852e+00  5.245e+02     7.3769     7.3692    -0.0076     5.8820     5.8760     13.871     14.176      0.257    1426.41    1426.40  0.000e+00
       1529     14.500     2.8959     2.8962     0.0003    0.75359    0.75287          1     8.6177     8.5135       9.96     0.0121  3.246e-01  1.707e+00  5.260e+02     7.3768     7.3692    -0.0076     5.8820     5.8759     14.366     14.682      0.320    1426.41    1426.41  0.000e+00
       1588     15.000     2.8959     2.8963     0.0003    0.75360    0.75288          1     8.6186     8.5294       9.96     0.0122  3.011e-01  1.587e+00  5.269e+02     7.3768     7.3692    -0.0076     5.8820     5.8759     14.861     15.189      0.215    1426.42    1426.41  0.000e+00
       1651     15.500     2.8962     2.8965     0.0003    0.75361    0.75289          1     8.6176     8.5282       9.96     0.0122  2.666e-01  1.408e+00  5.281e+02     7.3768     7.3692    -0.0076     5.8820     5.8759     15.357     15.695      0.380    1426.43    1426.42  0.000e+00
       1675     16.000     2.8963     2.8963    -0.0000    0.75362    0.75290          1     8.6146     8.5292       9.96     0.0121  2.330e-01  1.230e+00  5.280e+02     7.3767     7.3692    -0.0075     5.8819     5.8759     15.852     16.201      0.480    1426.44    1426.43  0.000e+00
       1702     16.500     2.8963     2.8964     0.0001    0.75362    0.75290          1     8.6160     8.5216       9.96     0.0122  2.130e-01  1.125e+00  5.280e+02     7.3767     7.3692    -0.0076     5.8819     5.8759     16.347     16.708      0.339    1426.45    1426.44  0.000e+00
       1785     17.000     2.8957     2.8961     0.0004    0.75361    0.75291          1     8.6207     8.5273       9.96     0.0122  2.096e-01  1.112e+00  5.303e+02     7.3767     7.3692    -0.0075     5.8819     5.8759     16.843     17.214      0.304    1426.45    1426.44  0.000e+00
       1815     17.500     2.8958     2.8959     0.0001    0.75362    0.75291          1     8.6220     8.5327       9.96     0.0122  1.769e-01  9.413e-01  5.320e+02     7.3767     7.3692    -0.0075     5.8819     5.8759     17.338     17.720      0.327    1426.46    1426.45  0.000e+00
       1905     18.000     2.8960     2.8963     0.0002    0.75363    0.75293          1     8.6243     8.5228       9.96     0.0122  1.743e-01  9.306e-01  5.340e+02     7.3767     7.3692    -0.0075     5.8819     5.8759     17.834     18.226      0.347    1426.47    1426.46  0.000e+00
       1933     18.500     2.8963     2.8965     0.0002    0.75364    0.75293          1     8.6240     8.5354       9.96     0.0122  1.577e-01  8.440e-01  5.354e+02     7.3767     7.3692    -0.0075     5.8819     5.8759     18.329     18.733      0.541    1426.48    1426.47  0.000e+00
       1956     19.000     2.8953     2.8959     0.0006    0.75363    0.75293          1     8.6237     8.5366       9.96     0.0122  1.320e-01  7.078e-01  5.361e+02     7.3767     7.3692    -0.0074     5.8819     5.8759     18.824     19.239      0.432    1426.48    1426.48  0.000e+00
       2020     19.500     2.8948     2.8951     0.0003    0.75362    0.75292          1     8.6181     8.5298       9.96     0.0122  1.187e-01  6.376e-01  5.372e+02     7.3767     7.3692    -0.0074     5.8819     5.8760     19.320     19.745      0.273    1426.49    1426.48  0.000e+00
       2065     20.000     2.8945     2.8949     0.0004    0.75362    0.75292          1     8.6190     8.5302       9.96     0.0122  1.182e-01  6.361e-01  5.382e+02     7.3766     7.3692    -0.0074     5.8819     5.8759     19.815     20.252      0.507    1426.49    1426.49  0.000e+00
       2085     20.500     2.8949     2.8948    -0.0001    0.75363    0.75292          1     8.6137     8.5384       9.96     0.0122  1.035e-01  5.576e-01  5.387e+02     7.3766     7.3692    -0.0074     5.8819     5.8759     20.310     20.758      0.553    1426.50    1426.49  0.000e+00
       2125     21.000     2.8952     2.8948    -0.0004    0.75365    0.75293          1     8.6102     8.5339       9.96     0.0122  8.643e-02  4.675e-01  5.409e+02     7.3767     7.3692    -0.0075     5.8819     5.8759     20.806     21.264      0.370    1426.51    1426.50  0.000e+00
       2223     21.500     2.8929     2.8932     0.0003    0.75360    0.75291          1     8.6121     8.5231       9.96     0.0122  8.581e-02  4.679e-01  5.453e+02     7.3766     7.3693    -0.0073     5.8819     5.8760     21.301     21.770      0.634    1426.51    1426.50  0.000e+00
       2238     22.000     2.8935     2.8933    -0.0002    0.75362    0.75291          1     8.6137     8.5231       9.96     0.0122  7.539e-02  4.118e-01  5.463e+02     7.3766     7.3691    -0.0074     5.8819     5.8759     21.796     22.277      0.661    1426.52    1426.51  0.000e+00
       2259     22.500     2.8929     2.8932     0.0003    0.75362    0.75292          1     8.6147     8.5221       9.96     0.0122  6.189e-02  3.381e-01  5.463e+02     7.3766     7.3692    -0.0074     5.8819     5.8760     22.292     22.783      0.457    1426.53    1426.52  0.000e+00
       2350     23.000     2.8930     2.8932     0.0001    0.75363    0.75292          1     8.6257     8.5268       9.96     0.0122  5.469e-02  3.018e-01  5.519e+02     7.3766     7.3692    -0.0074     5.8819     5.8759     22.787     23.289      0.302    1426.54    1426.53  0.000e+00
       2386     23.500     2.8936     2.8936    -0.0000    0.75364    0.75294          1     8.6231     8.5260       9.96     0.0123  4.912e-02  2.722e-01  5.542e+02     7.3766     7.3692    -0.0074     5.8819     5.8760     23.282     23.796      0.488    1426.55    1426.54  0.000e+00
       2410     24.000     2.8932     2.8937     0.0004    0.75364    0.75295          1     8.6209     8.5347       9.96     0.0132  4.178e-02  2.323e-01  5.562e+02     7.3766     7.3692    -0.0074     5.8819     5.8760     23.778     24.302      0.433    1426.55    1426.54  0.000e+00
       2466     24.500     2.8927     2.8933     0.0006    0.75364    0.75294          1     8.6245     8.5291       9.96     0.0123  3.501e-02  1.966e-01  5.618e+02     7.3766     7.3692    -0.0074     5.8819     5.8759     24.273     24.808      0.251    1426.56    1426.55  0.000e+00
       2522     25.000     2.8921     2.8928     0.0007    0.75362    0.75294          1     8.6277     8.5291       9.96     0.0115  3.024e-02  1.717e-01  5.678e+02     7.3765     7.3692    -0.0074     5.8818     5.8759     24.768     25.315      0.357    1426.56    1426.56  0.000e+00
       2557     25.500     2.8917     2.8922     0.0005    0.75363    0.75293          1     8.6176     8.5383       9.96     0.0122  2.380e-02  1.364e-01  5.729e+02     7.3766     7.3691    -0.0075     5.8819     5.8759     25.264     25.821      0.256    1426.57    1426.56  0.000e+00
       2616     26.000     2.8940     2.8925    -0.0015    0.75369    0.75295          1     8.6183     8.5346       9.96     0.0123  2.151e-02  1.253e-01  5.826e+02     7.3766     7.3692    -0.0074     5.8819     5.8759     25.759     26.327      0.306    1426.59    1426.57  0.000e+00
       2646     26.500     2.8937     2.8938     0.0001    0.75368    0.75298          1     8.6206     8.5285       9.96     0.0119  1.653e-02  9.721e-02  5.881e+02     7.3766     7.3692    -0.0074     5.8819     5.8759     26.254     26.833      0.409    1426.59    1426.58  0.000e+00
       2693     27.000     2.8923     2.8932     0.0009    0.75366    0.75298          1     8.6237     8.5278       9.96     0.0127  1.175e-02  7.010e-02  5.967e+02     7.3766     7.3692    -0.0073     5.8818     5.8760     26.750     27.340      0.257    1426.59    1426.59  0.000e+00
       2761     27.500     2.8940     2.8928    -0.0011    0.75370    0.75297          1     8.6236     8.5152       9.96     0.0124  9.757e-03  5.945e-02  6.094e+02     7.3766     7.3692    -0.0074     5.8818     5.8759     27.245     27.846      0.432    1426.61    1426.59  0.000e+00
       2782     28.000     2.8949     2.8941    -0.0008    0.75373    0.75300          1     8.6242     8.5224       9.96     0.0122  5.626e-03  3.440e-02  6.117e+02     7.3766     7.3691    -0.0075     5.8818     5.8759     27.740     28.352      0.503    1426.62    1426.61  0.000e+00
