ctdpy/exports/archive_20191121_122431/received_data/SBE09_1044_20181112_0337_34_01_0133.cnv
* Sea-Bird SBE 9 Data File:
* FileName = C:\ctd\temp\ar18d133.hex
* Software Version Seasave V 7.26.7.107
* Temperature SN = 5351
* Conductivity SN = 3941
* Number of Bytes Per Scan = 41
* Number of Voltage Words = 4
* Number of Scans Averaged by the Deck Unit = 1
* NMEA Latitude = 58 17.06 N
* NMEA Longitude = 010 30.26 E
* NMEA UTC (Time) = Nov 12 2018  03:37:46
* NMEA baud rate = 4800
** Station:  A17
** Operator:  JKro
** Ship: ARANDA
** Average sound velocity: 1483.72 m/s
** True-depth calculation Mon, 12 Nov 2018 05:26:24 +0000
** CTD Python Module SMHI /ver 3-12/ feb 2012 
** LIMS Job: 20183401-0133
** Cruise: SMHI-6-2018
** Latitude [GG MM.mm N]:
** Longitude [GG MM.mm E]
# nquan = 26
# nvalues = 700                         
# units = specified
# name 0 = scan: Scan Count
# name 1 = prDM: Pressure, Digiquartz [db]
# name 2 = t090C: Temperature [ITS-90, deg C]
# name 3 = t190C: Temperature, 2 [ITS-90, deg C]
# name 4 = T2-T190C: Temperature Difference, 2 - 1 [ITS-90, deg C]
# name 5 = c0S/m: Conductivity [S/m]
# name 6 = c1S/m: Conductivity, 2 [S/m]
# name 7 = pumps: Pump Status
# name 8 = sbeox0ML/L: Oxygen, SBE 43 [ml/l]
# name 9 = sbeox1ML/L: Oxygen, SBE 43, 2 [ml/l]
# name 10 = altM: Altimeter [m]
# name 11 = flECO-AFL: Chl-a Fluorescence, WET Labs ECO-AFL/FL [mg/m^3]
# name 12 = flECO-AFL1: Phycocyanin Fluorescence, WET Labs ECO-AFL/FL, 2 [mg/m^3]
# name 13 = par: PAR/Irradiance, Biospherical/Lico [µE/(cm^2*s)]
# name 14 = turbWETntu0: Turbidity, WET Labs ECO [NTU]
# name 15 = sal00: Salinity, Practical [PSU]
# name 16 = sal11: Salinity, Practical, 2 [PSU]
# name 17 = secS-priS: Salinity, Practical, Difference, 2 - 1 [PSU]
# name 18 = sigma-t00: Density [sigma-t, Kg/m^3 ]
# name 19 = sigma-t11: Density, 2 [sigma-t, Kg/m^3 ]
# name 20 = depSM: Depth [salt water, m], lat = 58.2843
# name 21 = depFM: Depth [true depth, m], lat = 58.2843
# name 22 = dz/dtM: Descent Rate [m/s], WS = 2
# name 23 = svCM: Sound Velocity [Chen-Millero, m/s]
# name 24 = svCM1: Sound Velocity, 2 [Chen-Millero, m/s]
# name 25 = flag: flag
# span 0 =      31427,      49915       
# span 1 =      1.500,    351.000       
# span 2 =     6.4253,    10.0970       
# span 3 =     6.4265,    10.0927       
# span 4 =    -0.0080,     0.0391       
# span 5 =   3.503030,   3.783300       
# span 6 =   3.503087,   3.783433       
# span 7 =          1,          1       
# span 8 =    5.11372,    5.99108       
# span 9 =    4.93374,    5.74093       
# span 10 =       2.87,     104.07      
# span 11 =    -0.0083,     0.7981      
# span 12 =     0.1058,     0.3182      
# span 13 = 1.0000e-12, 2.9438e-01      
# span 14 =     0.1782,     0.6183      
# span 15 =    34.4731,    35.1295      
# span 16 =    34.4736,    35.1287      
# span 17 =    -0.0051,     0.0029      
# span 18 =    26.5240,    27.5991      
# span 19 =    26.5251,    27.5984      
# span 20 =      1.486,    347.444      
# span 21 =      1.488,    347.988      
# span 22 =     -0.212,      1.119      
# span 23 =    1481.35,    1489.95      
# span 24 =    1481.36,    1489.96      
# span 25 = 0.0000e+00, 0.0000e+00      
# interval = decibars: 0.5              
# start_time = Nov 12 2018 03:37:47 [NMEA time, first data scan]
# bad_flag = -9.990e-29
*END*
[from data line 669]
      48568    336.000     6.4772     6.4728    -0.0044    3.50717    3.50670          1     5.4527     5.2572      17.95     0.0308     0.2583  1.000e-12  0.4632000    35.1289    35.1282    -0.0007    27.5920    27.5920    332.608    333.120      0.334    1482.31    1482.29  0.000e+00
      48622    336.500     6.4768     6.4711    -0.0058    3.50713    3.50648          1     5.4500     5.2463      17.36     0.0259     0.2053  1.000e-12  0.4408000    35.1287    35.1273    -0.0013    27.5919    27.5916    333.103    333.616      0.507    1482.31    1482.29  0.000e+00
      48637    337.000     6.4566     6.4573     0.0007    3.50533    3.50532          1     5.4629     5.2419      17.07     0.0267     0.1819  1.000e-12  0.4830000    35.1291    35.1282    -0.0008    27.5949    27.5941    333.597    334.112      0.763    1482.24    1482.24  0.000e+00
      48651    337.500     6.4531     6.4539     0.0009    3.50500    3.50502          1     5.4657     5.2419      16.67     0.0396     0.2208  1.000e-12  0.5093000    35.1287    35.1282    -0.0006    27.5951    27.5945    334.092    334.607      0.841    1482.23    1482.24  0.000e+00
      48665    338.000     6.4487     6.4509     0.0022    3.50463    3.50477          1     5.4640     5.2436      16.24     0.0482     0.2262  1.000e-12  0.5270000    35.1290    35.1283    -0.0007    27.5959    27.5950    334.586    335.103      0.787    1482.23    1482.23  0.000e+00
      48683    338.500     6.4474     6.4478     0.0004    3.50453    3.50450          1     5.4578     5.2469      15.67     0.0410     0.2441  1.000e-12  0.4892000    35.1288    35.1281    -0.0008    27.5959    27.5953    335.081    335.598      0.558    1482.23    1482.23  0.000e+00
      48719    339.000     6.4427     6.4442     0.0014    3.50415    3.50421          1     5.4563     5.2517      14.90     0.0217     0.1936  1.000e-12  0.5687000    35.1292    35.1284    -0.0008    27.5968    27.5960    335.575    336.094      0.293    1482.22    1482.22  0.000e+00
      48752    339.500     6.4413     6.4426     0.0013    3.50403    3.50407          1     5.4628     5.2491      14.47     0.0376     0.2020  1.000e-12  0.6183000    35.1290    35.1282    -0.0008    27.5969    27.5961    336.070    336.590      0.530    1482.22    1482.23  0.000e+00
      48771    340.000     6.4414     6.4436     0.0022    3.50405    3.50420          1     5.4684     5.2502      14.07     0.0449     0.2069  1.000e-12  0.5236000    35.1290    35.1283    -0.0007    27.5968    27.5960    336.564    337.085      0.615    1482.23    1482.24  0.000e+00
      48791    340.500     6.4455     6.4464     0.0008    3.50446    3.50446          1     5.4661     5.2510      13.59     0.0375     0.2194  1.000e-12  0.5031000    35.1290    35.1282    -0.0008    27.5963    27.5955    337.059    337.581      0.534    1482.25    1482.26  0.000e+00
      48819    341.000     6.4429     6.4448     0.0019    3.50425    3.50436          1     5.4676     5.2518      12.97     0.0164     0.1489  1.000e-12  0.5193000    35.1291    35.1284    -0.0007    27.5967    27.5959    337.554    338.076      0.373    1482.25    1482.26  0.000e+00
      48852    341.500     6.4425     6.4434     0.0010    3.50424    3.50425          1     5.4660     5.2506      12.46     0.0211     0.1711  1.000e-12  0.5011000    35.1292    35.1283    -0.0008    27.5969    27.5961    338.048    338.572      0.407    1482.26    1482.26  0.000e+00
      48879    342.000     6.4421     6.4438     0.0017    3.50422    3.50431          1     5.4586     5.2487      12.04     0.0222     0.1858  1.000e-12  0.4995000    35.1292    35.1284    -0.0008    27.5969    27.5960    338.543    339.068      0.481    1482.27    1482.27  0.000e+00
      48903    342.500     6.4431     6.4448     0.0017    3.50434    3.50442          1     5.4505     5.2460      11.57     0.0160     0.2012  1.000e-12  0.4756000    35.1292    35.1283    -0.0008    27.5967    27.5959    339.037    339.563      0.500    1482.28    1482.28  0.000e+00
      48927    343.000     6.4429     6.4444     0.0014    3.50435    3.50441          1     5.4535     5.2473      11.05     0.0195     0.1978  1.000e-12  0.4905000    35.1291    35.1284    -0.0007    27.5968    27.5960    339.532    340.059      0.480    1482.29    1482.29  0.000e+00
      48954    343.500     6.4422     6.4434     0.0012    3.50432    3.50436          1     5.4572     5.2463      10.50     0.0281     0.2007  1.000e-12  0.5167000    35.1293    35.1285    -0.0008    27.5970    27.5962    340.026    340.554      0.397    1482.29    1482.29  0.000e+00
      48992    344.000     6.4373     6.4397     0.0024    3.50390    3.50403          1     5.4623     5.2507       9.91     0.0305     0.1948  1.000e-12  0.5222000    35.1294    35.1284    -0.0010    27.5977    27.5966    340.521    341.050      0.260    1482.28    1482.29  0.000e+00
      49044    344.500     6.4347     6.4356     0.0009    3.50369    3.50370          1     5.4534     5.2523       9.38     0.0487     0.2215  1.000e-12  0.5722000    35.1295    35.1287    -0.0008    27.5981    27.5974    341.015    341.545      0.309    1482.28    1482.28  0.000e+00
      49071    345.000     6.4340     6.4359     0.0019    3.50363    3.50372          1     5.4560     5.2515       9.01     0.0278     0.1932  1.000e-12  0.5142000    35.1293    35.1284    -0.0009    27.5981    27.5972    341.510    342.041      0.524    1482.28    1482.29  0.000e+00
      49093    345.500     6.4358     6.4384     0.0026    3.50381    3.50398          1     5.4557     5.2543       8.57     0.0283     0.1700  1.000e-12  0.5204000    35.1293    35.1284    -0.0009    27.5978    27.5968    342.004    342.537      0.457    1482.30    1482.31  0.000e+00
      49183    346.000     6.4404     6.4414     0.0010    3.50424    3.50428          1     5.4509     5.2511       7.92     0.0404     0.2116  1.000e-12  0.4945000    35.1291    35.1285    -0.0007    27.5971    27.5964    342.499    343.032      0.378    1482.33    1482.33  0.000e+00
      49239    346.500     6.4399     6.4414     0.0015    3.50423    3.50431          1     5.4616     5.2498       7.57     0.0576     0.2300  1.000e-12  0.4703000    35.1292    35.1285    -0.0007    27.5972    27.5965    342.993    343.528      0.616    1482.33    1482.34  0.000e+00
      49258    347.000     6.4401     6.4426     0.0025    3.50429    3.50442          1     5.4704     5.2502       7.12     0.0544     0.2210  1.000e-12  0.4907000    35.1294    35.1284    -0.0011    27.5974    27.5962    343.488    344.023      0.510    1482.34    1482.35  0.000e+00
      49362    347.500     6.4411     6.4419     0.0008    3.50439    3.50439          1     5.4502     5.2478       6.46     0.0292     0.1693  1.000e-12  0.4829000    35.1293    35.1285    -0.0008    27.5971    27.5964    343.982    344.519      0.339    1482.35    1482.36  0.000e+00
      49421    348.000     6.4391     6.4404     0.0013    3.50423    3.50427          1     5.4529     5.2492       6.02     0.0365     0.1737  1.000e-12  0.4827000    35.1293    35.1285    -0.0008    27.5974    27.5966    344.477    345.015      0.396    1482.35    1482.36  0.000e+00
      49492    348.500     6.4391     6.4404     0.0013    3.50426    3.50430          1     5.4539     5.2522       5.39     0.0402     0.2002  1.000e-12  0.4449000    35.1294    35.1285    -0.0009    27.5975    27.5966    344.972    345.510      0.241    1482.36    1482.37  0.000e+00
      49579    349.000     6.4398     6.4405     0.0007    3.50435    3.50433          1     5.4550     5.2520       4.90     0.0318     0.1837  1.000e-12  0.4484000    35.1294    35.1285    -0.0009    27.5974    27.5966    345.466    346.006      0.270    1482.37    1482.38  0.000e+00
      49641    349.500     6.4318     6.4296    -0.0021    3.50360    3.50335          1     5.4612     5.2539       4.52     0.0395     0.2018  1.000e-12  0.4777000    35.1291    35.1286    -0.0005    27.5982    27.5981    345.961    346.501      0.505    1482.35    1482.34  0.000e+00
      49663    350.000     6.4253     6.4265     0.0013    3.50303    3.50309          1     5.4706     5.2585       4.14     0.0409     0.2320  1.000e-12  0.5332000    35.1291    35.1284    -0.0006    27.5991    27.5984    346.455    346.997      0.463    1482.33    1482.34  0.000e+00
      49783    350.500     6.4298     6.4308     0.0009    3.50349    3.50350          1     5.4611     5.2518       3.52     0.0401     0.2195  1.000e-12  0.5015000    35.1292    35.1284    -0.0008    27.5986    27.5978    346.950    347.493      0.295    1482.36    1482.36  0.000e+00
      49915    351.000     6.4285     6.4299     0.0013    3.50339    3.50345          1     5.4606     5.2536       2.87     0.0125     0.1825  1.000e-12  0.4839000    35.1293    35.1286    -0.0008    27.5988    27.5980    347.444    347.988     -0.212    1482.36    1482.36  0.000e+00
