ctdpy/exports/archive_20191121_122431/received_data/SBE09_0827_20180226_1141_26_01_0316.cnv
* Sea-Bird SBE 9 Data File:
* FileName = D:\CTD_SBE911\DAT\26DA.2018.3.16.hex
* Software Version Seasave V 7.21d
* Temperature SN = 034757
* Conductivity SN = 041844
* Number of Bytes Per Scan = 48
* Number of Voltage Words = 5
* Number of Scans Averaged by the Deck Unit = 1
* NMEA Latitude = 55 45.15 N
* NMEA Longitude = 015 20.26 E
* NMEA UTC (Time) = Feb 26 2018  11:42:03
* NMEA baud rate = 4800
** Ship: DANA
** Average sound velocity: 1428.15 m/s
** True-depth calculation Wed, 03 Apr 2019 11:56:08 +0000
** CTD Python Module SMHI /ver 3-12/ feb 2012 
** LIMS Job: 20182601-0316
** Operator:
** Cruise: 02/2018
# nquan = 24
# nvalues = 114                         
# units = specified
# name 0 = scan: Scan Count
# name 1 = prDM: Pressure, Digiquartz [db]
# name 2 = t090C: Temperature [ITS-90, deg C]
# name 3 = t190C: Temperature, 2 [ITS-90, deg C]
# name 4 = T2-T190C: Temperature Difference, 2 - 1 [ITS-90, deg C]
# name 5 = c0S/m: Conductivity [S/m]
# name 6 = c1S/m: Conductivity, 2 [S/m]
# name 7 = pumps: Pump Status
# name 8 = altM: Altimeter [m]
# name 9 = chloroflTC0: Chlorophyll, Turner Cyclops [ug/l]
# name 10 = cpar: CPAR/Corrected Irradiance [%]
# name 11 = par: PAR/Irradiance, Biospherical/Lico [µE/(cm^2*s)]
# name 12 = spar: SPAR, Biospherical/Licor
# name 13 = sal00: Salinity, Practical [PSU]
# name 14 = sal11: Salinity, Practical, 2 [PSU]
# name 15 = secS-priS: Salinity, Practical, Difference, 2 - 1 [PSU]
# name 16 = sigma-t00: Density [sigma-t, kg/m^3 ]
# name 17 = sigma-t11: Density, 2 [sigma-t, kg/m^3 ]
# name 18 = depSM: Depth [salt water, m], lat = 55.7525
# name 19 = depFM: Depth [true depth, m], lat = 55.7525
# name 20 = dz/dtM: Descent Rate [m/s], WS = 2
# name 21 = svCM: Sound Velocity [Chen-Millero, m/s]
# name 22 = svCM1: Sound Velocity, 2 [Chen-Millero, m/s]
# name 23 = flag: flag
# span 0 =         39,       5660       
# span 1 =      0.500,     57.000       
# span 2 =     3.0519,     5.3759       
# span 3 =     3.0514,     5.3860       
# span 4 =    -0.0735,     0.3099       
# span 5 =   0.760429,   1.008067       
# span 6 =   0.759667,   1.002230       
# span 7 =          1,          1       
# span 8 =       1.19,      10.00       
# span 9 =     0.0133,     0.0201       
# span 10 = 1.3491e-13, 2.0053e+01      
# span 11 = 1.0000e-12, 2.4598e+02      
# span 12 = 5.7885e+02, 1.3910e+03      
# span 13 =     7.4141,     9.3456      
# span 14 =     7.4060,     9.3074      
# span 15 =    -0.0382,     0.1663      
# span 16 =     5.9103,     7.3721      
# span 17 =     5.9038,     7.3455      
# span 18 =      0.496,     56.475      
# span 19 =      0.506,     57.712      
# span 20 =     -0.106,      0.509      
# span 21 =    1426.98,    1440.72      
# span 22 =    1426.97,    1440.52      
# span 23 = 0.0000e+00, 0.0000e+00      
# interval = decibars: 0.5              
# start_time = Feb 26 2018 11:42:04 [NMEA time, first data scan]
# bad_flag = -9.990e-29
*END*
         39      0.500     3.0564     3.0568     0.0004    0.76050    0.75979          1       2.54     0.0201  2.005e+01  2.460e+02  1.226e+03     7.4142     7.4066    -0.0076     5.9104     5.9044      0.496      0.506      0.313    1426.98    1426.98  0.000e+00
         59      1.000     3.0544     3.0552     0.0007    0.76046    0.75976          1       2.50     0.0165  1.382e+01  1.701e+02  1.232e+03     7.4141     7.4067    -0.0075     5.9104     5.9044      0.991      1.013      0.509    1426.98    1426.98  0.000e+00
        178      1.500     3.0530     3.0525    -0.0005    0.76043    0.75967          1       3.66     0.0137  5.956e+00  8.210e+01  1.385e+03     7.4141     7.4062    -0.0079     5.9104     5.9041      1.486      1.519      0.339    1426.98    1426.97  0.000e+00
        281      2.000     3.0610     3.0556    -0.0054    0.76062    0.75972          1       3.82     0.0134  5.950e+00  7.132e+01  1.198e+03     7.4142     7.4060    -0.0083     5.9104     5.9038      1.982      2.025      0.464    1427.03    1426.99  0.000e+00
        319      2.500     3.0632     3.0598    -0.0035    0.76068    0.75986          1       2.71     0.0134  4.633e+00  5.375e+01  1.162e+03     7.4142     7.4064    -0.0078     5.9103     5.9042      2.477      2.531      0.252    1427.05    1427.02  0.000e+00
        384      3.000     3.0628     3.0618    -0.0010    0.76067    0.75992          1       3.00     0.0134  3.808e+00  4.631e+01  1.217e+03     7.4142     7.4065    -0.0077     5.9104     5.9042      2.973      3.038      0.314    1427.05    1427.04  0.000e+00
        412      3.500     3.0615     3.0655     0.0039    0.76067    0.76000          1       3.75     0.0138  3.112e+00  3.971e+01  1.278e+03     7.4143     7.4064    -0.0079     5.9105     5.9041      3.468      3.544      0.411    1427.05    1427.06  0.000e+00
        461      4.000     3.0703     3.0691    -0.0012    0.76087    0.76011          1       9.15     0.0136  2.819e+00  3.586e+01  1.272e+03     7.4144     7.4067    -0.0077     5.9104     5.9043      3.964      4.050      0.255    1427.10    1427.09  0.000e+00
        517      4.500     3.0649     3.0602    -0.0047    0.76074    0.75992          1       9.98     0.0133  2.654e+00  3.325e+01  1.255e+03     7.4142     7.4067    -0.0075     5.9103     5.9044      4.459      4.556      0.296    1427.09    1427.05  0.000e+00
        577      5.000     3.0580     3.0554    -0.0026    0.76062    0.75983          1      10.00     0.0134  2.067e+00  2.878e+01  1.391e+03     7.4144     7.4067    -0.0077     5.9106     5.9045      4.955      5.063      0.215    1427.06    1427.04  0.000e+00
        640      5.500     3.0560     3.0556    -0.0005    0.76062    0.75987          1      10.00     0.0136  1.971e+00  2.521e+01  1.279e+03     7.4148     7.4071    -0.0077     5.9109     5.9048      5.450      5.569      0.340    1427.06    1427.05  0.000e+00
        691      6.000     3.0559     3.0555    -0.0004    0.76061    0.75991          1       9.99     0.0136  2.050e+00  2.286e+01  1.117e+03     7.4147     7.4074    -0.0073     5.9108     5.9050      5.945      6.075      0.248    1427.07    1427.06  0.000e+00
        754      6.500     3.0564     3.0558    -0.0006    0.76066    0.75992          1       9.99     0.0141  1.969e+00  2.037e+01  1.034e+03     7.4150     7.4074    -0.0076     5.9111     5.9050      6.441      6.582      0.396    1427.08    1427.07  0.000e+00
        782      7.000     3.0570     3.0564    -0.0007    0.76069    0.75995          1       9.99     0.0137  1.798e+00  1.779e+01  9.894e+02     7.4151     7.4075    -0.0076     5.9112     5.9051      6.936      7.088      0.350    1427.09    1427.08  0.000e+00
        885      7.500     3.0578     3.0572    -0.0007    0.76073    0.76001          1       9.99     0.0141  1.736e+00  1.616e+01  9.308e+02     7.4153     7.4079    -0.0074     5.9113     5.9054      7.432      7.594      0.405    1427.10    1427.09  0.000e+00
        934      8.000     3.0572     3.0568    -0.0004    0.76071    0.76001          1       9.98     0.0134  1.597e+00  1.434e+01  8.978e+02     7.4152     7.4079    -0.0073     5.9112     5.9054      7.927      8.100      0.284    1427.11    1427.10  0.000e+00
       1003      8.500     3.0568     3.0562    -0.0006    0.76071    0.75999          1       9.98     0.0136  1.478e+00  1.266e+01  8.562e+02     7.4152     7.4078    -0.0074     5.9112     5.9053      8.423      8.607      0.429    1427.11    1427.10  0.000e+00
       1029      9.000     3.0577     3.0573    -0.0004    0.76075    0.76004          1       9.98     0.0135  1.322e+00  1.112e+01  8.410e+02     7.4153     7.4079    -0.0074     5.9113     5.9054      8.918      9.113      0.351    1427.12    1427.11  0.000e+00
       1110      9.500     3.0574     3.0561    -0.0012    0.76074    0.76001          1       9.97     0.0135  1.206e+00  9.770e+00  8.095e+02     7.4152     7.4079    -0.0073     5.9112     5.9054      9.413      9.619      0.254    1427.13    1427.12  0.000e+00
       1157     10.000     3.0562     3.0547    -0.0015    0.76070    0.75997          1       9.97     0.0141  1.069e+00  8.464e+00  7.915e+02     7.4150     7.4077    -0.0073     5.9111     5.9053      9.909     10.126      0.291    1427.13    1427.12  0.000e+00
       1211     10.500     3.0537     3.0521    -0.0016    0.76062    0.75990          1       9.97     0.0136  9.828e-01  7.571e+00  7.702e+02     7.4146     7.4075    -0.0071     5.9108     5.9051     10.404     10.632      0.187    1427.13    1427.11  0.000e+00
       1271     11.000     3.0525     3.0514    -0.0011    0.76059    0.75988          1       9.97     0.0142  8.719e-01  6.561e+00  7.525e+02     7.4146     7.4074    -0.0072     5.9108     5.9051     10.900     11.138      0.262    1427.13    1427.12  0.000e+00
       1310     11.500     3.0526     3.0515    -0.0011    0.76062    0.75991          1       9.96     0.0134  7.847e-01  5.818e+00  7.413e+02     7.4148     7.4076    -0.0072     5.9109     5.9052     11.395     11.644      0.299    1427.14    1427.12  0.000e+00
       1359     12.000     3.0519     3.0520     0.0001    0.76061    0.75991          1       9.96     0.0136  7.129e-01  5.202e+00  7.297e+02     7.4147     7.4075    -0.0073     5.9109     5.9051     11.891     12.151      0.203    1427.15    1427.13  0.000e+00
       1418     12.500     3.0556     3.0565     0.0009    0.76072    0.76006          1       9.96     0.0134  6.352e-01  4.574e+00  7.201e+02     7.4151     7.4079    -0.0071     5.9111     5.9054     12.386     12.657      0.265    1427.17    1427.16  0.000e+00
       1457     13.000     3.0545     3.0530    -0.0015    0.76069    0.75998          1       9.96     0.0137  5.731e-01  4.079e+00  7.117e+02     7.4149     7.4078    -0.0071     5.9110     5.9053     12.882     13.163      0.299    1427.17    1427.16  0.000e+00
       1511     13.500     3.0555     3.0546    -0.0009    0.76074    0.76004          1       9.96     0.0137  5.155e-01  3.627e+00  7.035e+02     7.4151     7.4080    -0.0071     5.9112     5.9055     13.377     13.669      0.195    1427.18    1427.17  0.000e+00
       1569     14.000     3.0605     3.0627     0.0022    0.76096    0.76030          1       9.96     0.0134  4.678e-01  3.258e+00  6.963e+02     7.4161     7.4088    -0.0073     5.9119     5.9060     13.872     14.176      0.271    1427.22    1427.22  0.000e+00
       1610     14.500     3.0621     3.0612    -0.0009    0.76099    0.76027          1       9.96     0.0135  4.262e-01  2.941e+00  6.899e+02     7.4160     7.4088    -0.0073     5.9118     5.9061     14.368     14.682      0.294    1427.23    1427.22  0.000e+00
       1655     15.000     3.0640     3.0655     0.0015    0.76109    0.76046          1       9.95     0.0135  3.807e-01  2.612e+00  6.859e+02     7.4166     7.4096    -0.0070     5.9123     5.9067     14.863     15.188      0.229    1427.25    1427.25  0.000e+00
       1712     15.500     3.0646     3.0632    -0.0014    0.76111    0.76037          1       9.95     0.0135  3.421e-01  2.328e+00  6.806e+02     7.4166     7.4092    -0.0074     5.9122     5.9064     15.359     15.695      0.242    1427.26    1427.24  0.000e+00
       1752     16.000     3.0642     3.0626    -0.0016    0.76109    0.76037          1       9.95     0.0134  3.100e-01  2.096e+00  6.760e+02     7.4164     7.4093    -0.0071     5.9121     5.9064     15.854     16.201      0.306    1427.27    1427.25  0.000e+00
       1817     16.500     3.0607     3.0591    -0.0016    0.76092    0.76019          1       9.95     0.0134  2.774e-01  1.863e+00  6.716e+02     7.4154     7.4082    -0.0072     5.9113     5.9056     16.350     16.707      0.212    1427.25    1427.24  0.000e+00
       1872     17.000     3.0593     3.0582    -0.0011    0.76087    0.76016          1       9.95     0.0138  2.545e-01  1.698e+00  6.672e+02     7.4151     7.4079    -0.0072     5.9111     5.9054     16.845     17.213      0.305    1427.26    1427.24  0.000e+00
       1914     17.500     3.0587     3.0575    -0.0012    0.76084    0.76013          1       9.95     0.0134  2.256e-01  1.503e+00  6.661e+02     7.4149     7.4077    -0.0072     5.9110     5.9052     17.340     17.720      0.253    1427.26    1427.25  0.000e+00
       1968     18.000     3.0580     3.0570    -0.0011    0.76083    0.76012          1       9.95     0.0136  2.050e-01  1.362e+00  6.643e+02     7.4148     7.4077    -0.0071     5.9109     5.9052     17.836     18.226      0.234    1427.27    1427.25  0.000e+00
       2010     18.500     3.0582     3.0577    -0.0004    0.76084    0.76016          1       9.95     0.0135  1.884e-01  1.250e+00  6.635e+02     7.4149     7.4078    -0.0071     5.9109     5.9053     18.331     18.732      0.331    1427.27    1427.26  0.000e+00
       2048     19.000     3.0588     3.0583    -0.0006    0.76088    0.76019          1       9.95     0.0134  1.669e-01  1.109e+00  6.643e+02     7.4150     7.4079    -0.0071     5.9110     5.9054     18.827     19.238      0.255    1427.29    1427.27  0.000e+00
       2117     19.500     3.0591     3.0582    -0.0008    0.76089    0.76019          1       9.95     0.0135  1.512e-01  1.007e+00  6.659e+02     7.4150     7.4079    -0.0071     5.9111     5.9054     19.322     19.745      0.216    1427.30    1427.28  0.000e+00
       2168     20.000     3.0590     3.0581    -0.0009    0.76090    0.76020          1       9.95     0.0136  1.379e-01  9.183e-01  6.661e+02     7.4150     7.4079    -0.0071     5.9111     5.9054     19.817     20.251      0.246    1427.30    1427.29  0.000e+00
       2216     20.500     3.0585     3.0574    -0.0011    0.76089    0.76020          1       9.95     0.0137  1.212e-01  8.087e-01  6.669e+02     7.4150     7.4080    -0.0070     5.9110     5.9055     20.313     20.757      0.263    1427.31    1427.29  0.000e+00
       2261     21.000     3.0585     3.0581    -0.0005    0.76091    0.76022          1       9.95     0.0139  1.107e-01  7.383e-01  6.671e+02     7.4151     7.4080    -0.0071     5.9111     5.9055     20.808     21.264      0.245    1427.32    1427.30  0.000e+00
       2317     21.500     3.0592     3.0586    -0.0006    0.76093    0.76024          1       9.95     0.0134  9.985e-02  6.696e-01  6.707e+02     7.4151     7.4080    -0.0071     5.9111     5.9055     21.304     21.770      0.214    1427.33    1427.32  0.000e+00
       2365     22.000     3.0592     3.0585    -0.0008    0.76094    0.76024          1       9.95     0.0134  8.821e-02  5.939e-01  6.733e+02     7.4151     7.4080    -0.0071     5.9111     5.9055     21.799     22.276      0.291    1427.34    1427.32  0.000e+00
       2408     22.500     3.0600     3.0628     0.0027    0.76100    0.76041          1       9.95     0.0135  8.010e-02  5.419e-01  6.765e+02     7.4155     7.4087    -0.0068     5.9114     5.9060     22.294     22.782      0.233    1427.35    1427.35  0.000e+00
       2473     23.000     3.0712     3.0738     0.0026    0.76154    0.76095          1       9.95     0.0137  7.222e-02  4.925e-01  6.820e+02     7.4185     7.4118    -0.0067     5.9137     5.9083     22.790     23.289      0.239    1427.41    1427.41  0.000e+00
       2513     23.500     3.0771     3.0794     0.0024    0.76184    0.76123          1       9.95     0.0137  6.410e-02  4.393e-01  6.854e+02     7.4202     7.4134    -0.0068     5.9150     5.9095     23.285     23.795      0.363    1427.45    1427.45  0.000e+00
       2549     24.000     3.0828     3.0851     0.0023    0.76211    0.76149          1       9.95     0.0134  5.609e-02  3.851e-01  6.865e+02     7.4217     7.4147    -0.0070     5.9161     5.9105     23.781     24.301      0.254    1427.48    1427.49  0.000e+00
       2619     24.500     3.0831     3.0779    -0.0051    0.76208    0.76123          1       9.95     0.0134  4.965e-02  3.432e-01  6.912e+02     7.4212     7.4135    -0.0077     5.9157     5.9096     24.276     24.808      0.246    1427.49    1427.46  0.000e+00
       2662     25.000     3.0774     3.0766    -0.0008    0.76183    0.76112          1       9.95     0.0138  4.274e-02  2.967e-01  6.942e+02     7.4198     7.4126    -0.0072     5.9147     5.9089     24.772     25.314      0.273    1427.47    1427.46  0.000e+00
       2719     25.500     3.0780     3.0769    -0.0011    0.76186    0.76116          1       9.95     0.0135  3.678e-02  2.566e-01  6.977e+02     7.4199     7.4129    -0.0070     5.9148     5.9092     25.267     25.820      0.194    1427.48    1427.47  0.000e+00
       2779     26.000     3.0750     3.0726    -0.0025    0.76172    0.76097          1       9.95     0.0136  3.107e-02  2.182e-01  7.022e+02     7.4191     7.4118    -0.0073     5.9141     5.9084     25.762     26.326      0.246    1427.48    1427.45  0.000e+00
       2821     26.500     3.0744     3.0728    -0.0016    0.76170    0.76096          1       9.95     0.0134  2.562e-02  1.806e-01  7.049e+02     7.4190     7.4116    -0.0073     5.9140     5.9082     26.258     26.833      0.316    1427.48    1427.46  0.000e+00
       2860     27.000     3.0744     3.0743    -0.0001    0.76170    0.76104          1       9.95     0.0134  2.119e-02  1.498e-01  7.068e+02     7.4189     7.4121    -0.0069     5.9140     5.9085     26.753     27.339      0.251    1427.49    1427.48  0.000e+00
       2928     27.500     3.0706     3.0662    -0.0043    0.76151    0.76075          1       9.95     0.0134  1.649e-02  1.176e-01  7.130e+02     7.4177     7.4108    -0.0069     5.9131     5.9076     27.249     27.845      0.293    1427.48    1427.45  0.000e+00
       2960     28.000     3.0680     3.0665    -0.0015    0.76141    0.76071          1       9.95     0.0134  1.229e-02  8.783e-02  7.148e+02     7.4172     7.4102    -0.0070     5.9127     5.9071     27.744     28.351      0.334    1427.47    1427.46  0.000e+00
       3023     28.500     3.0674     3.0659    -0.0015    0.76139    0.76071          1       9.95     0.0134  9.413e-03  6.773e-02  7.197e+02     7.4171     7.4103    -0.0068     5.9126     5.9072     28.239     28.858      0.253    1427.48    1427.46  0.000e+00
       3067     29.000     3.0664     3.0659    -0.0005    0.76136    0.76069          1       9.95     0.0136  5.837e-03  4.214e-02  7.220e+02     7.4170     7.4100    -0.0069     5.9125     5.9070     28.735     29.364      0.302    1427.48    1427.47  0.000e+00
       3120     29.500     3.0643     3.0626    -0.0017    0.76126    0.76057          1       9.95     0.0135  2.699e-03  1.955e-02  7.244e+02     7.4163     7.4095    -0.0068     5.9120     5.9066     29.230     29.870      0.220    1427.48    1427.46  0.000e+00
       3166     30.000     3.0625     3.0626     0.0001    0.76120    0.76055          1       9.95     0.0134  8.023e-04  5.816e-03  7.257e+02     7.4160     7.4092    -0.0068     5.9118     5.9064     29.725     30.377      0.280    1427.48    1427.47  0.000e+00
