ctdpy/exports/archive_20191121_122431/received_data/SBE09_0827_20180828_1556_26_01_0928.cnv
* Sea-Bird SBE 9 Data File:
* FileName = D:\CTD_SBE911\DAT\26DA.2018.8.128.hex
* Software Version Seasave V 7.21d
* Temperature SN = 034605
* Conductivity SN = 041844
* Number of Bytes Per Scan = 48
* Number of Voltage Words = 5
* Number of Scans Averaged by the Deck Unit = 1
* NMEA Latitude = 57 11.61 N
* NMEA Longitude = 011 39.47 E
* NMEA UTC (Time) = Aug 28 2018  15:59:02
* NMEA baud rate = 4800
** Ship: DANA
** Average sound velocity: 1500.20 m/s
** True-depth calculation Thu, 28 Mar 2019 09:54:45 +0000
** CTD Python Module SMHI /ver 3-12/ feb 2012 
** LIMS Job: 20182601-0928
**  FLADEN
** Operator: Christian
** Cruise: 08/2018
# nquan = 26
# nvalues = 155                         
# units = specified
# name 0 = scan: Scan Count
# name 1 = prDM: Pressure, Digiquartz [db]
# name 2 = t090C: Temperature [ITS-90, deg C]
# name 3 = t190C: Temperature, 2 [ITS-90, deg C]
# name 4 = T2-T190C: Temperature Difference, 2 - 1 [ITS-90, deg C]
# name 5 = c0S/m: Conductivity [S/m]
# name 6 = c1S/m: Conductivity, 2 [S/m]
# name 7 = pumps: Pump Status
# name 8 = sbeox1ML/L: Oxygen, SBE 43, 2 [ml/l]
# name 9 = sbeox0ML/L: Oxygen, SBE 43 [ml/l]
# name 10 = altM: Altimeter [m]
# name 11 = chloroflTC0: Chlorophyll, Turner Cyclops [ug/l]
# name 12 = cpar: CPAR/Corrected Irradiance [%]
# name 13 = par: PAR/Irradiance, Biospherical/Lico [µE/(cm^2*s)]
# name 14 = spar: SPAR, Biospherical/Licor
# name 15 = sal00: Salinity, Practical [PSU]
# name 16 = sal11: Salinity, Practical, 2 [PSU]
# name 17 = secS-priS: Salinity, Practical, Difference, 2 - 1 [PSU]
# name 18 = sigma-t00: Density [sigma-t, kg/m^3 ]
# name 19 = sigma-t11: Density, 2 [sigma-t, kg/m^3 ]
# name 20 = depSM: Depth [salt water, m], lat = 57.1935
# name 21 = depFM: Depth [true depth, m], lat = 57.1935
# name 22 = dz/dtM: Descent Rate [m/s], WS = 2
# name 23 = svCM: Sound Velocity [Chen-Millero, m/s]
# name 24 = svCM1: Sound Velocity, 2 [Chen-Millero, m/s]
# name 25 = flag: flag
# span 0 =        228,       8172       
# span 1 =      2.000,     79.000       
# span 2 =     9.2309,    18.0202       
# span 3 =     9.2801,    18.0068       
# span 4 =    -0.0394,     0.6200       
# span 5 =   3.462015,   4.200342       
# span 6 =   3.468157,   4.198425       
# span 7 =          1,          1       
# span 8 =     4.0685,     5.9094       
# span 9 =     4.0744,     5.6459       
# span 10 =       2.74,       9.98      
# span 11 =     0.0238,     0.0692      
# span 12 = -1.663e-06, 6.7098e+00      
# span 13 = -6.349e-06, 2.6995e+01      
# span 14 = 3.3345e+02, 4.0233e+02      
# span 15 =    25.6735,    33.5493      
# span 16 =    25.7222,    33.5435      
# span 17 =    -0.8534,     0.0749      
# span 18 =    18.1836,    25.9455      
# span 19 =    18.2201,    25.9331      
# span 20 =      1.982,     78.258      
# span 21 =      2.000,     78.613      
# span 22 =     -0.069,      0.302      
# span 23 =    1486.57,    1511.61      
# span 24 =    1486.74,    1511.59      
# span 25 = 0.0000e+00, 0.0000e+00      
# interval = decibars: 0.5              
# start_time = Aug 28 2018 15:59:03 [NMEA time, first data scan]
# bad_flag = -9.990e-29
*END*
[from data line 56]
       2774     30.000    17.0736    17.0744     0.0008    4.20034    4.19466          1     5.2423     5.0232       9.97     0.0417  5.033e-03  1.922e-02  3.819e+02    32.4161    32.3665    -0.0496    23.5149    23.4767     29.722     29.922      0.261    1510.59    1510.54  0.000e+00
       2817     30.500    16.8823    17.0708     0.1886    4.18472    4.19717          1     5.2532     4.9775       9.97     0.0432  1.360e-03  5.194e-03  3.818e+02    32.4351    32.3908    -0.0443    23.5740    23.4961     30.217     30.420      0.289    1510.04    1510.56  0.000e+00
       2858     31.000    16.6964    17.0090     0.3129    4.16829    4.19399          1     5.2597     4.9412       9.97     0.0426 -1.663e-06 -6.349e-06  3.818e+02    32.4426    32.4129    -0.0298    23.6228    23.5274     30.712     30.917      0.288    1509.50    1510.41  0.000e+00
       2900     31.500    16.3509    16.8943     0.5430    4.13372    4.18612          1     5.2553     4.8975       9.97     0.0430  8.277e-14  3.159e-13  3.818e+02    32.4212    32.4372     0.0160    23.6855    23.5728     31.208     31.415      0.287    1508.42    1510.10  0.000e+00
       2943     32.000    16.1493    16.7116     0.5625    4.11251    4.16988          1     5.2175     4.8932       9.97     0.0419  2.619e-13  1.000e-12  3.818e+02    32.3991    32.4438     0.0447    23.7142    23.6202     31.703     31.912      0.272    1507.78    1509.56  0.000e+00
       2987     32.500    15.9232    16.4380     0.5146    4.09530    4.14570          1     5.1654     4.8728       9.97     0.0428  2.619e-13  1.000e-12  3.818e+02    32.4318    32.4548     0.0230    23.7902    23.6915     32.198     32.410      0.270    1507.13    1508.74  0.000e+00
       3031     33.000    15.7550    16.2412     0.4863    4.08319    4.12762          1     5.1459     4.8729       9.97     0.0429  2.627e-13  1.000e-12  3.807e+02    32.4623    32.4565    -0.0058    23.8511    23.7375     32.694     32.907      0.274    1506.65    1508.15  0.000e+00
       3076     33.500    15.7185    16.0398     0.3212    4.08124    4.11110          1     5.1182     4.8867       9.97     0.0427  2.633e-13  1.000e-12  3.798e+02    32.4748    32.4755     0.0007    23.8689    23.7976     33.189     33.405      0.266    1506.56    1507.56  0.000e+00
       3121     34.000    15.6919    15.9176     0.2258    4.07986    4.10072          1     5.0887     4.8749       9.97     0.0427  2.633e-13  1.000e-12  3.798e+02    32.4842    32.4837    -0.0005    23.8820    23.8314     33.684     33.902      0.260    1506.49    1507.19  0.000e+00
       3167     34.500    15.5577    15.8534     0.2958    4.06740    4.09586          1     5.0913     4.8810       9.97     0.0436  2.638e-13  1.000e-12  3.791e+02    32.4837    32.4932     0.0095    23.9112    23.8529     34.180     34.399      0.280    1506.08    1507.01  0.000e+00
       3207     35.000    15.4098    15.7407     0.3311    4.05396    4.08598          1     5.1083     4.8531       9.97     0.0442  2.647e-13  1.000e-12  3.777e+02    32.4857    32.4981     0.0125    23.9452    23.8819     34.675     34.897      0.297    1505.62    1506.68  0.000e+00
       3249     35.500    14.9881    15.6083     0.6200    4.01830    4.07527          1     5.0985     4.8440       9.97     0.0413  2.647e-13  1.000e-12  3.777e+02    32.5149    32.5118    -0.0032    24.0593    23.9217     35.170     35.394      0.276    1504.33    1506.29  0.000e+00
       3293     36.000    14.6659    15.2701     0.6043    3.98788    4.04801          1     5.0295     4.8466       9.97     0.0420  2.647e-13  1.000e-12  3.777e+02    32.5080    32.5476     0.0396    24.1228    24.0234     35.666     35.891      0.275    1503.30    1505.27  0.000e+00
       3337     36.500    14.4970    15.0139     0.5169    3.97119    4.02279          1     5.0430     4.8489       9.97     0.0423  2.647e-13  1.000e-12  3.777e+02    32.4972    32.5336     0.0363    24.1502    24.0681     36.161     36.389      0.264    1502.75    1504.45  0.000e+00
       3384     37.000    14.3532    14.8147     0.4614    3.95690    4.00380          1     5.0293     4.8289       9.97     0.0410  2.658e-13  1.000e-12  3.762e+02    32.4872    32.5278     0.0406    24.1726    24.1064     36.656     36.886      0.262    1502.29    1503.82  0.000e+00
       3428     37.500    14.2644    14.6394     0.3752    3.94843    3.98821          1     5.0131     4.8288       9.97     0.0424  2.662e-13  1.000e-12  3.757e+02    32.4840    32.5326     0.0486    24.1887    24.1474     37.152     37.383      0.277    1502.00    1503.27  0.000e+00
       3472     38.000    14.2265    14.4896     0.2631    3.94570    3.97360          1     5.0063     4.8379       9.97     0.0411  2.662e-13  1.000e-12  3.757e+02    32.4905    32.5249     0.0343    24.2016    24.1731     37.647     37.880      0.265    1501.90    1502.79  0.000e+00
       3518     38.500    14.2057    14.3760     0.1703    3.94460    3.96276          1     5.0029     4.8433       9.97     0.0426  2.662e-13  1.000e-12  3.757e+02    32.4978    32.5210     0.0232    24.2116    24.1939     38.142     38.378      0.267    1501.84    1502.42  0.000e+00
       3561     39.000    14.1598    14.3234     0.1637    3.94160    3.95766          1     4.9795     4.8329       9.97     0.0427  2.667e-13  1.000e-12  3.749e+02    32.5087    32.5183     0.0096    24.2295    24.2029     38.638     38.875      0.285    1501.72    1502.26  0.000e+00
       3602     39.500    14.1057    14.2727     0.1670    3.93796    3.95399          1     4.9874     4.8474       9.97     0.0430  2.676e-13  1.000e-12  3.737e+02    32.5207    32.5271     0.0065    24.2499    24.2203     39.133     39.372      0.302    1501.56    1502.11  0.000e+00
       3643     40.000    13.9990    14.2078     0.2088    3.93043    3.94886          1     4.9710     4.8573       9.97     0.0430  2.676e-13  1.000e-12  3.737e+02    32.5412    32.5346    -0.0066    24.2878    24.2395     39.628     39.869      0.272    1501.25    1501.92  0.000e+00
       3690     40.500    13.8909    14.0974     0.2066    3.92255    3.94083          1     4.9683     4.8532       9.97     0.0438  2.676e-13  1.000e-12  3.737e+02    32.5598    32.5536    -0.0062    24.3243    24.2771     40.123     40.367      0.247    1500.92    1501.59  0.000e+00
       3737     41.000    13.5612    13.9848     0.4236    3.90008    3.93306          1     5.0067     4.8275       9.97     0.0432  2.676e-13  1.000e-12  3.737e+02    32.6313    32.5771    -0.0542    24.4466    24.3184     40.619     40.864      0.272    1499.93    1501.26  0.000e+00
       3780     41.500    13.3857    13.8491     0.4633    3.88626    3.92329          1     4.9880     4.8343       9.97     0.0433  2.676e-13  1.000e-12  3.737e+02    32.6521    32.6016    -0.0504    24.4980    24.3652     41.114     41.361      0.274    1499.38    1500.85  0.000e+00
       3826     42.000    13.3004    13.6346     0.3343    3.88041    3.90901          1     4.9399     4.8004       9.97     0.0433  2.685e-13  1.000e-12  3.724e+02    32.6702    32.6514    -0.0187    24.5290    24.4473     41.609     41.858      0.253    1499.13    1500.21  0.000e+00
       3872     42.500    13.1199    13.5119     0.3920    3.87176    3.89915          1     4.9675     4.7119       9.97     0.0429  2.691e-13  1.000e-12  3.716e+02    32.7440    32.6641    -0.0800    24.6220    24.4819     42.105     42.355      0.273    1498.62    1499.83  0.000e+00
       3916     43.000    13.1177    13.3837     0.2659    3.87450    3.89174          1     4.9624     4.6735       9.97     0.0424  2.691e-13  1.000e-12  3.716e+02    32.7715    32.7045    -0.0670    24.6437    24.5390     42.600     42.852      0.269    1498.66    1499.46  0.000e+00
       3959     43.500    13.0481    13.2716     0.2236    3.87050    3.88632          1     4.9023     4.6268       9.97     0.0410  2.691e-13  1.000e-12  3.716e+02    32.7937    32.7498    -0.0439    24.6746    24.5964     43.095     43.349      0.288    1498.46    1499.15  0.000e+00
       4001     44.000    12.8540    13.1963     0.3423    3.85603    3.88211          1     4.8438     4.6254       9.97     0.0394  2.694e-13  1.000e-12  3.711e+02    32.8248    32.7749    -0.0499    24.7368    24.6307     43.591     43.846      0.277    1497.85    1498.94  0.000e+00
       4047     44.500    12.8167    13.0575     0.2408    3.85256    3.87365          1     4.8050     4.6438       9.97     0.0390  2.706e-13  1.000e-12  3.696e+02    32.8241    32.8150    -0.0092    24.7436    24.6892     44.086     44.343      0.254    1497.74    1498.53  0.000e+00
       4094     45.000    12.7896    12.9537     0.1640    3.85029    3.86566          1     4.7890     4.6523       9.97     0.0396  2.705e-13  1.000e-12  3.696e+02    32.8259    32.8291     0.0032    24.7502    24.7206     44.581     44.840      0.264    1497.65    1498.21  0.000e+00
       4138     45.500    12.7761    12.9017     0.1257    3.84922    3.86177          1     4.7751     4.6530       9.97     0.0387  2.705e-13  1.000e-12  3.696e+02    32.8272    32.8372     0.0100    24.7539    24.7371     45.076     45.337      0.279    1497.62    1498.05  0.000e+00
       4182     46.000    12.7649    12.8604     0.0955    3.84844    3.85837          1     4.7605     4.6476       9.70     0.0389  2.710e-13  1.000e-12  3.690e+02    32.8293    32.8407     0.0114    24.7577    24.7479     45.572     45.834      0.265    1497.59    1497.93  0.000e+00
       4226     46.500    12.7511    12.8385     0.0873    3.84731    3.85665          1     4.7617     4.6335       9.97     0.0387  2.720e-13  1.000e-12  3.676e+02    32.8304    32.8431     0.0127    24.7612    24.7540     46.067     46.331      0.283    1497.55    1497.86  0.000e+00
       4268     47.000    12.7218    12.8075     0.0857    3.84489    3.85400          1     4.7306     4.6464       9.97     0.0391  2.720e-13  1.000e-12  3.676e+02    32.8327    32.8447     0.0120    24.7687    24.7613     46.562     46.828      0.279    1497.47    1497.77  0.000e+00
       4314     47.500    12.6637    12.7820     0.1182    3.83982    3.85188          1     4.7423     4.6591       9.97     0.0392  2.720e-13  1.000e-12  3.676e+02    32.8349    32.8466     0.0117    24.7816    24.7677     47.058     47.325      0.250    1497.28    1497.70  0.000e+00
       4359     48.000    12.6053    12.7485     0.1433    3.83422    3.84886          1     4.7296     4.6768       9.97     0.0406  2.720e-13  1.000e-12  3.676e+02    32.8321    32.8468     0.0146    24.7908    24.7744     47.553     47.822      0.296    1497.09    1497.59  0.000e+00
       4399     48.500    12.5636    12.6973     0.1338    3.83038    3.84446          1     4.7312     4.6940       9.97     0.0424  2.728e-13  1.000e-12  3.666e+02    32.8317    32.8493     0.0177    24.7985    24.7863     48.048     48.319      0.282    1496.96    1497.43  0.000e+00
       4447     49.000    12.5687    12.6473     0.0786    3.83185    3.83982          1     4.7477     4.6646       9.97     0.0428  2.736e-13  1.000e-12  3.656e+02    32.8411    32.8486     0.0075    24.8048    24.7954     48.543     48.816      0.233    1496.99    1497.27  0.000e+00
       4497     49.500    12.5599    12.6145     0.0546    3.83229    3.83703          1     4.7373     4.6422       9.97     0.0430  2.736e-13  1.000e-12  3.656e+02    32.8528    32.8503    -0.0024    24.8155    24.8031     49.039     49.312      0.260    1496.99    1497.17  0.000e+00
       4540     50.000    12.3252    12.6003     0.2752    3.81401    3.83625          1     4.7269     4.6196       9.97     0.0428  2.736e-13  1.000e-12  3.656e+02    32.8829    32.8550    -0.0279    24.8837    24.8095     49.534     49.809      0.288    1496.23    1497.13  0.000e+00
       4582     50.500    12.0375    12.5166     0.4790    3.79231    3.83149          1     4.7397     4.5933       9.97     0.0434  2.736e-13  1.000e-12  3.655e+02    32.9267    32.8826    -0.0442    24.9721    24.8469     50.029     50.306      0.269    1495.31    1496.89  0.000e+00
       4629     51.000    11.8759    12.2916     0.4157    3.77971    3.81587          1     4.7157     4.5955       9.97     0.0440  2.746e-13  1.000e-12  3.642e+02    32.9471    32.9298    -0.0173    25.0182    24.9266     50.525     50.803      0.257    1494.79    1496.19  0.000e+00
       4674     51.500    11.7985    12.0947     0.2962    3.77360    3.80005          1     4.7028     4.5836       9.97     0.0440  2.751e-13  1.000e-12  3.635e+02    32.9562    32.9505    -0.0056    25.0396    24.9799     51.020     51.300      0.278    1494.54    1495.55  0.000e+00
       4717     52.000    11.7521    12.0018     0.2496    3.77054    3.79218          1     4.6839     4.5848       9.97     0.0440  2.751e-13  1.000e-12  3.635e+02    32.9673    32.9562    -0.0111    25.0568    25.0017     51.515     51.797      0.273    1494.40    1495.25  0.000e+00
       4761     52.500    11.7001    11.8948     0.1946    3.76712    3.78491          1     4.6867     4.5690       9.97     0.0440  2.751e-13  1.000e-12  3.635e+02    32.9799    32.9804     0.0004    25.0762    25.0404     52.010     52.294      0.272    1494.24    1494.91  0.000e+00
       4807     53.000    11.6596    11.8036     0.1441    3.76453    3.77767          1     4.6653     4.5586       9.97     0.0442  2.751e-13  1.000e-12  3.635e+02    32.9905    32.9906     0.0001    25.0918    25.0653     52.506     52.790      0.248    1494.13    1494.62  0.000e+00
       4856     53.500    11.6119    11.7558     0.1438    3.76117    3.77377          1     4.6411     4.5398       9.97     0.0443  2.759e-13  1.000e-12  3.625e+02    32.9999    32.9948    -0.0051    25.1079    25.0775     53.001     53.287      0.266    1493.98    1494.47  0.000e+00
       4898     54.000    11.5016    11.7006     0.1989    3.75383    3.77005          1     4.6337     4.5343       9.97     0.0447  2.766e-13  1.000e-12  3.616e+02    33.0262    33.0075    -0.0187    25.1485    25.0975     53.496     53.784      0.273    1493.64    1494.30  0.000e+00
       4946     54.500    11.4682    11.6122     0.1440    3.75104    3.76396          1     4.5989     4.5326       9.97     0.0451  2.766e-13  1.000e-12  3.615e+02    33.0286    33.0265    -0.0020    25.1565    25.1286     53.991     54.281      0.246    1493.53    1494.03  0.000e+00
       4991     55.000    11.4247    11.5380     0.1132    3.74794    3.75840          1     4.5956     4.5126       9.97     0.0452  2.766e-13  1.000e-12  3.615e+02    33.0367    33.0381     0.0015    25.1707    25.1512     54.487     54.778      0.278    1493.40    1493.79  0.000e+00
       5035     55.500    11.3711    11.4893     0.1183    3.74419    3.75485          1     4.5695     4.5066       9.97     0.0454  2.768e-13  1.000e-12  3.613e+02    33.0477    33.0465    -0.0012    25.1890    25.1665     54.982     55.274      0.270    1493.23    1493.64  0.000e+00
       5079     56.000    11.2301    11.4148     0.1848    3.73493    3.74988          1     4.5749     4.4613       9.97     0.0455  2.779e-13  1.000e-12  3.599e+02    33.0827    33.0641    -0.0186    25.2416    25.1938     55.477     55.771      0.273    1492.79    1493.41  0.000e+00
       5126     56.500    11.0283    11.2954     0.2671    3.72088    3.74168          1     4.5667     4.4429       9.97     0.0463  2.782e-13  1.000e-12  3.595e+02    33.1251    33.0903    -0.0348    25.3107    25.2358     55.973     56.268      0.242    1492.14    1493.03  0.000e+00
       5175     57.000    10.9409    11.1163     0.1753    3.71439    3.73001          1     4.5198     4.4188       9.97     0.0463  2.782e-13  1.000e-12  3.595e+02    33.1394    33.1360    -0.0035    25.3374    25.3034     56.468     56.764      0.256    1491.86    1492.47  0.000e+00
