ctdpy/exports/archive_20191121_122431/received_data/SBE09_1044_20180920_1526_34_01_0034.cnv
* Sea-Bird SBE 9 Data File:
* FileName = C:\ctd\temp\2018\AR18D034.hex
* Software Version Seasave V 7.26.6.26
* Temperature SN = 5351
* Conductivity SN = 3941
* Number of Bytes Per Scan = 41
* Number of Voltage Words = 4
* Number of Scans Averaged by the Deck Unit = 1
* NMEA Latitude = 59 50.79 N
* NMEA Longitude = 024 50.27 E
* NMEA UTC (Time) = Sep 20 2018  15:26:33
* NMEA baud rate = 4800
** Station:  BY23
** Operator:  Obac
** Ship: ARANDA
** Average sound velocity: 1444.51 m/s
** True-depth calculation Thu, 20 Sep 2018 16:11:04 +0000
** CTD Python Module SMHI /ver 3-12/ feb 2012 
** LIMS Job: 20183401-0034
** Cruise: SMHI-02-2018
** Latitude [GG MM.mm N] :
** Longitude [GG MM.mm E]:
# nquan = 26
# nvalues = 191                         
# units = specified
# name 0 = scan: Scan Count
# name 1 = prDM: Pressure, Digiquartz [db]
# name 2 = t090C: Temperature [ITS-90, deg C]
# name 3 = t190C: Temperature, 2 [ITS-90, deg C]
# name 4 = T2-T190C: Temperature Difference, 2 - 1 [ITS-90, deg C]
# name 5 = c0S/m: Conductivity [S/m]
# name 6 = c1S/m: Conductivity, 2 [S/m]
# name 7 = pumps: Pump Status
# name 8 = sbeox0ML/L: Oxygen, SBE 43 [ml/l]
# name 9 = sbeox1ML/L: Oxygen, SBE 43, 2 [ml/l]
# name 10 = altM: Altimeter [m]
# name 11 = flECO-AFL: Chl-a Fluorescence, WET Labs ECO-AFL/FL [mg/m^3]
# name 12 = flECO-AFL1: Phycocyanin Fluorescence, WET Labs ECO-AFL/FL, 2 [mg/m^3]
# name 13 = par: PAR/Irradiance, Biospherical/Lico [µE/(cm^2*s)]
# name 14 = turbWETntu0: Turbidity, WET Labs ECO [NTU]
# name 15 = sal00: Salinity, Practical [PSU]
# name 16 = sal11: Salinity, Practical, 2 [PSU]
# name 17 = secS-priS: Salinity, Practical, Difference, 2 - 1 [PSU]
# name 18 = sigma-t00: Density [sigma-t, Kg/m^3 ]
# name 19 = sigma-t11: Density, 2 [sigma-t, Kg/m^3 ]
# name 20 = depSM: Depth [salt water, m], lat = 59.8465
# name 21 = depFM: Depth [true depth, m], lat = 59.8465
# name 22 = dz/dtM: Descent Rate [m/s], WS = 2
# name 23 = svCM: Sound Velocity [Chen-Millero, m/s]
# name 24 = svCM1: Sound Velocity, 2 [Chen-Millero, m/s]
# name 25 = flag: flag
# span 0 =      37128,      47006       
# span 1 =      2.000,     97.000       
# span 2 =     3.3197,    14.8163       
# span 3 =     3.3238,    14.8179       
# span 4 =    -0.1038,     0.4528       
# span 5 =   0.724511,   0.986804       
# span 6 =   0.725636,   0.986565       
# span 7 =          1,          1       
# span 8 =    0.01220,    6.61849       
# span 9 =    0.07535,   16.46263       
# span 10 =       3.43,      98.45      
# span 11 =     0.3169,     1.7371      
# span 12 =     0.1778,     0.5575      
# span 13 = -8.941e-05, 5.0316e+01      
# span 14 =     0.2385,     2.9162      
# span 15 =     5.9311,     9.2824      
# span 16 =     5.9307,     9.2799      
# span 17 =    -0.0887,     0.0540      
# span 18 =     3.6954,     7.3482      
# span 19 =     3.6948,     7.3462      
# span 20 =      1.981,     96.064      
# span 21 =      2.030,     98.253      
# span 22 =     -0.140,      1.133      
# span 23 =    1428.74,    1472.45      
# span 24 =    1428.76,    1472.48      
# span 25 = 0.0000e+00, 0.0000e+00      
# interval = decibars: 0.5              
# start_time = Sep 20 2018 15:26:33 [NMEA time, first data scan]
# bad_flag = -9.990e-29
*END*
[from data line 168]
      40982     86.000     4.7260     4.7279     0.0018    0.97540    0.97536          1     0.0531     2.7862      15.38     0.4418     0.2083  1.000e-12  1.1064000     9.1922     9.1913    -0.0009     7.2804     7.2796     85.172     87.130      0.793    1438.14    1438.15  0.000e+00
      40996     86.500     4.7353     4.7379     0.0025    0.97667    0.97675          1     0.0553     2.7709      14.90     0.4434     0.2765  1.000e-12  1.0920000     9.2025     9.2026     0.0001     7.2881     7.2881     85.668     87.636      0.801    1438.20    1438.21  0.000e+00
      41012     87.000     4.7431     4.7450     0.0019    0.97771    0.97772          1     0.0614     2.7511      14.37     0.4441     0.2684  1.000e-12  1.1779000     9.2108     9.2103    -0.0005     7.2944     7.2939     86.163     88.142      0.720    1438.25    1438.26  0.000e+00
      41031     87.500     4.7499     4.7516     0.0017    0.97865    0.97862          1     0.0697     2.7287      13.77     0.4372     0.2368  1.000e-12  1.2836000     9.2184     9.2176    -0.0008     7.3001     7.2995     86.658     88.647      0.573    1438.30    1438.31  0.000e+00
      41056     88.000     4.7622     4.7639     0.0017    0.98039    0.98036          1     0.0805     2.7005      13.12     0.4394     0.2748  1.000e-12  1.4341000     9.2325     9.2317    -0.0008     7.3108     7.3101     87.153     89.153      0.406    1438.38    1438.39  0.000e+00
      41091     88.500     4.7689     4.7703     0.0015    0.98123    0.98119          1     0.0879     2.6577      12.32     0.4639     0.2756  1.000e-12  1.6482000     9.2391     9.2383    -0.0008     7.3158     7.3151     87.648     89.658      0.369    1438.43    1438.43  0.000e+00
      41118     89.000     4.7742     4.7756     0.0014    0.98190    0.98182          1     0.0917     2.6230      12.00     0.4566     0.3050  1.000e-12  1.7382000     9.2443     9.2431    -0.0012     7.3196     7.3186     88.143     90.164      0.589    1438.47    1438.47  0.000e+00
      41135     89.500     4.7817     4.7834     0.0017    0.98292    0.98287          1     0.0922     2.6003      11.12     0.4655     0.3226  1.000e-12  1.8702000     9.2525     9.2516    -0.0010     7.3258     7.3250     88.638     90.669      0.769    1438.52    1438.52  0.000e+00
      41149     90.000     4.7869     4.7890     0.0021    0.98364    0.98363          1     0.0924     2.5823      10.74     0.4679     0.2706  1.000e-12  1.9337000     9.2583     9.2576    -0.0007     7.3302     7.3295     89.133     91.175      0.854    1438.56    1438.56  0.000e+00
      41163     90.500     4.7925     4.7942     0.0017    0.98439    0.98434          1     0.0950     2.5636      10.51     0.4790     0.2513  1.000e-12  2.1185000     9.2642     9.2633    -0.0010     7.3346     7.3338     89.628     91.681      0.858    1438.60    1438.60  0.000e+00
      41177     91.000     4.7939     4.7957     0.0018    0.98456    0.98453          1     0.0907     2.5450      10.12     0.4801     0.2618  1.000e-12  2.1668000     9.2655     9.2647    -0.0008     7.3356     7.3349     90.123     92.186      0.783    1438.61    1438.62  0.000e+00
      41194     91.500     4.7942     4.7959     0.0018    0.98459    0.98456          1     0.0869     2.5239       9.67     0.4688     0.2535  1.000e-12  2.4007000     9.2656     9.2649    -0.0008     7.3357     7.3350     90.618     92.692      0.624    1438.62    1438.63  0.000e+00
      41218     92.000     4.7956     4.7974     0.0018    0.98480    0.98478          1     0.0855     2.4906       8.96     0.4884     0.2490  1.000e-12  2.4299000     9.2673     9.2665    -0.0008     7.3370     7.3363     91.113     93.197      0.435    1438.64    1438.64  0.000e+00
      41250     92.500     4.7967     4.7984     0.0017    0.98491    0.98490          1     0.0862     2.4489       8.34     0.4451     0.3116  1.000e-12  2.4597000     9.2681     9.2674    -0.0006     7.3375     7.3369     91.608     93.703      0.410    1438.65    1438.66  0.000e+00
      41275     93.000     4.7976     4.7992     0.0016    0.98499    0.98497          1     0.0822     2.4137       7.86     0.4450     0.2818  1.000e-12  2.4637000     9.2685     9.2678    -0.0007     7.3378     7.3372     92.104     94.208      0.564    1438.66    1438.67  0.000e+00
      41294     93.500     4.8000     4.8016     0.0016    0.98533    0.98527          1     0.0796     2.3888       7.41     0.4683     0.2356  1.000e-12  2.4878000     9.2712     9.2701    -0.0011     7.3398     7.3389     92.599     94.714      0.699    1438.69    1438.69  0.000e+00
      41310     94.000     4.8036     4.8055     0.0019    0.98584    0.98581          1     0.0814     2.3673       6.98     0.4687     0.2993  1.000e-12  2.5192000     9.2753     9.2745    -0.0008     7.3429     7.3422     93.094     95.219      0.750    1438.72    1438.72  0.000e+00
      41326     94.500     4.8045     4.8064     0.0019    0.98593    0.98591          1     0.0779     2.3464       6.45     0.4686     0.3019  1.000e-12  2.5606000     9.2759     9.2751    -0.0007     7.3433     7.3427     93.589     95.725      0.708    1438.73    1438.73  0.000e+00
      41344     95.000     4.8054     4.8072     0.0018    0.98605    0.98603          1     0.0764     2.3228       5.87     0.4786     0.2803  1.000e-12  2.7097000     9.2768     9.2761    -0.0007     7.3440     7.3434     94.084     96.231      0.594    1438.74    1438.75  0.000e+00
      41367     95.500     4.8056     4.8073     0.0018    0.98607    0.98604          1     0.0769     2.2950       5.24     0.4806     0.2663  1.000e-12  2.7528000     9.2768     9.2760    -0.0008     7.3441     7.3434     94.579     96.736      0.494    1438.75    1438.76  0.000e+00
      41393     96.000     4.8058     4.8074     0.0016    0.98611    0.98609          1     0.0738     2.2584       4.68     0.4805     0.2915  1.000e-12  2.7536000     9.2771     9.2764    -0.0007     7.3443     7.3436     95.074     97.242      0.403    1438.76    1438.76  0.000e+00
      41460     96.500     4.7958     4.8029     0.0070    0.98482    0.98548          1     0.0785     2.1735       4.00     0.4740     0.3194  1.000e-12  2.6417000     9.2667     9.2714     0.0047     7.3365     7.3399     95.569     97.747      0.200    1438.71    1438.75  0.000e+00
      47006     97.000     4.8114     4.8117     0.0003    0.98680    0.98657          1     0.0122     0.0754       3.43     0.4917     0.2192  1.000e-12  2.9162000     9.2824     9.2799    -0.0025     7.3482     7.3462     96.064     98.253     -0.140    1438.81    1438.80  0.000e+00
