ctdpy/exports/archive_20191121_122431/received_data/SBE09_1044_20180416_0317_34_07_0004.cnv
* Sea-Bird SBE 9 Data File:
* FileName = C:\ctd\temp\2018\AU18D004.hex
* Software Version Seasave V 7.26.6.26
* Temperature SN = 5351
* Conductivity SN = 3941
* Number of Bytes Per Scan = 41
* Number of Voltage Words = 4
* Number of Scans Averaged by the Deck Unit = 1
* NMEA Latitude = 58 18.93 N
* NMEA Longitude = 010 56.55 E
* NMEA UTC (Time) = Apr 16 2018  03:17:13
* NMEA baud rate = 4800
** Station:  A14
** Operator:  SSip
** Ship: AURA
** Average sound velocity: 1475.09 m/s
** True-depth calculation Mon, 16 Apr 2018 05:21:23 +0000
** CTD Python Module SMHI /ver 3-12/ feb 2012 
** LIMS Job: 20183407-0004
** Cruise: SMHI-01-2018
** Latitude [GG MM.mm N] :
** Longitude [GG MM.mm E]:
# nquan = 26
# nvalues = 213                         
# units = specified
# name 0 = scan: Scan Count
# name 1 = prDM: Pressure, Digiquartz [db]
# name 2 = t090C: Temperature [ITS-90, deg C]
# name 3 = t190C: Temperature, 2 [ITS-90, deg C]
# name 4 = T2-T190C: Temperature Difference, 2 - 1 [ITS-90, deg C]
# name 5 = c0S/m: Conductivity [S/m]
# name 6 = c1S/m: Conductivity, 2 [S/m]
# name 7 = pumps: Pump Status
# name 8 = sbeox0ML/L: Oxygen, SBE 43 [ml/l]
# name 9 = sbeox1ML/L: Oxygen, SBE 43, 2 [ml/l]
# name 10 = altM: Altimeter [m]
# name 11 = flECO-AFL: Chl-a Fluorescence, WET Labs ECO-AFL/FL [mg/m^3]
# name 12 = flECO-AFL1: Phycocyanin Fluorescence, WET Labs ECO-AFL/FL, 2 [mg/m^3]
# name 13 = par: PAR/Irradiance, Biospherical/Lico [µE/(cm^2*s)]
# name 14 = turbWETntu0: Turbidity, WET Labs ECO [NTU]
# name 15 = sal00: Salinity, Practical [PSU]
# name 16 = sal11: Salinity, Practical, 2 [PSU]
# name 17 = secS-priS: Salinity, Practical, Difference, 2 - 1 [PSU]
# name 18 = sigma-t00: Density [sigma-t, Kg/m^3 ]
# name 19 = sigma-t11: Density, 2 [sigma-t, Kg/m^3 ]
# name 20 = depSM: Depth [salt water, m], lat = 58.3155
# name 21 = depFM: Depth [true depth, m], lat = 58.3155
# name 22 = dz/dtM: Descent Rate [m/s], WS = 2
# name 23 = svCM: Sound Velocity [Chen-Millero, m/s]
# name 24 = svCM1: Sound Velocity, 2 [Chen-Millero, m/s]
# name 25 = flag: flag
# span 0 =       6821,      12116       
# span 1 =      1.000,    107.000       
# span 2 =     2.6452,     7.3349       
# span 3 =     2.6397,     7.3353       
# span 4 =    -0.0267,     0.0214       
# span 5 =   2.328066,   3.546244       
# span 6 =   2.327631,   3.546297       
# span 7 =          1,          1       
# span 8 =    5.65693,    8.33273       
# span 9 =    5.57818,    8.27745       
# span 10 =       4.72,      98.99      
# span 11 =     0.0375,     0.6876      
# span 12 =     0.1676,     0.3143      
# span 13 = -9.555e-05, 1.2008e-03      
# span 14 =     0.1579,     2.2544      
# span 15 =    24.2927,    34.9686      
# span 16 =    24.2815,    34.9679      
# span 17 =    -0.0304,     0.0357      
# span 18 =    19.2907,    27.3768      
# span 19 =    19.2812,    27.3760      
# span 20 =      0.991,    105.978      
# span 21 =      0.999,    106.195      
# span 22 =      0.179,      0.572      
# span 23 =    1449.79,    1480.88      
# span 24 =    1449.82,    1480.88      
# span 25 = 0.0000e+00, 0.0000e+00      
# interval = decibars: 0.5              
# start_time = Apr 16 2018 03:17:13 [NMEA time, first data scan]
# bad_flag = -9.990e-29
*END*
       6821      1.000     3.8636     3.8720     0.0084    2.32807    2.32763          1     8.0925     7.9978      98.71     0.3155     0.2642  1.201e-03  0.1903000    24.2927    24.2815    -0.0112    19.2907    19.2812      0.991      0.999      0.243    1452.31    1452.33  0.000e+00
       6867      1.500     3.8394     3.8309    -0.0085    2.32970    2.33024          1     8.1090     8.0180      98.71     0.3137     0.2508 -9.555e-05  0.1956000    24.3291    24.3416     0.0125    19.3214    19.3319      1.486      1.499      0.295    1452.26    1452.24  0.000e+00
       6905      2.000     3.8257     3.8315     0.0058    2.33094    2.33061          1     8.1024     8.0099      98.71     0.3351     0.2471  9.916e-13  0.2128000    24.3534    24.3453    -0.0081    19.3416    19.3348      1.981      1.998      0.314    1452.24    1452.25  0.000e+00
       6941      2.500     3.7914     3.7977     0.0063    2.33304    2.33281          1     8.1086     8.0106      98.71     0.3450     0.2315  1.000e-12  0.2076000    24.4028    24.3954    -0.0074    19.3833    19.3770      2.477      2.498      0.339    1452.16    1452.18  0.000e+00
       6978      3.000     3.7879     3.8015     0.0136    2.33347    2.33258          1     8.1088     8.0082      98.71     0.3137     0.2427  1.000e-12  0.1999000    24.4102    24.3898    -0.0204    19.3895    19.3723      2.972      2.998      0.305    1452.16    1452.19  0.000e+00
       7020      3.500     3.7717     3.7929     0.0211    2.33459    2.33332          1     8.1279     8.0096      98.71     0.3376     0.2256  1.000e-12  0.1984000    24.4349    24.4045    -0.0304    19.4103    19.3846      3.467      3.497      0.290    1452.13    1452.18  0.000e+00
       7058      4.000     3.8020     3.7753    -0.0267    2.33312    2.33449          1     8.1640     8.0756      98.71     0.3249     0.2311  1.000e-12  0.2007000    24.3952    24.4309     0.0357    19.3766    19.4069      3.963      3.997      0.346    1452.22    1452.15  0.000e+00
       7091      4.500     3.8513     3.8284    -0.0227    2.33092    2.33194          1     8.1149     8.0518      98.71     0.3639     0.2359  1.000e-12  0.2069000    24.3331    24.3618     0.0287    19.3237    19.3481      4.458      4.496      0.371    1452.36    1452.30  0.000e+00
       7122      5.000     3.7011     3.7224     0.0213    2.34119    2.34044          1     8.0107     8.0119      98.71     0.3739     0.2283  1.000e-12  0.2045000    24.5638    24.5397    -0.0241    19.5177    19.4970      4.953      4.996      0.392    1452.02    1452.08  0.000e+00
       7153      5.500     3.2278     3.2492     0.0213    2.36102    2.36112          1     8.0554     8.1309      98.71     0.3189     0.2304  1.000e-12  0.1999000    25.1555    25.1399    -0.0155    20.0210    20.0072      5.449      5.495      0.395    1450.73    1450.80  0.000e+00
       7183      6.000     2.9165     2.9247     0.0084    2.36778    2.36796          1     8.2467     8.2774      98.71     0.2476     0.2111  1.000e-12  0.1812000    25.4788    25.4744    -0.0044    20.2989    20.2948      5.944      5.995      0.395    1449.79    1449.82  0.000e+00
       7213      6.500     2.9043     2.9255     0.0214    2.40578    2.40883          1     8.3203     8.2774      98.71     0.2325     0.1676  1.000e-12  0.1814000    25.9367    25.9555     0.0189    20.6645    20.6781      6.440      6.494      0.421    1450.34    1450.46  0.000e+00
       7240      7.000     2.8824     2.9036     0.0207    2.41669    2.41590          1     8.3327     8.2631      98.71     0.2312     0.1833  1.000e-12  0.1695000    26.0832    26.0566    -0.0265    20.7826    20.7601      6.935      6.993      0.459    1450.44    1450.50  0.000e+00
       7265      7.500     2.8285     2.8419     0.0134    2.41967    2.42099          1     8.3188     8.2428      98.71     0.2480     0.2205  1.000e-12  0.1697000    26.1622    26.1668     0.0047    20.8491    20.8519      7.430      7.491      0.502    1450.32    1450.38  0.000e+00
       7288      8.000     2.8018     2.7993    -0.0022    2.43000    2.42903          1     8.2317     8.1559      98.71     0.2464     0.2668  1.000e-12  0.1612000    26.3063    26.2968    -0.0095    20.9658    20.9583      7.926      7.990      0.527    1450.39    1450.37  0.000e+00
       7311      8.500     2.6949     2.7010     0.0060    2.44259    2.44213          1     8.2396     8.1570      98.71     0.2353     0.2327  1.000e-12  0.1600000    26.5440    26.5334    -0.0106    21.1622    21.1533      8.421      8.489      0.528    1450.24    1450.25  0.000e+00
       7334      9.000     2.6452     2.6397    -0.0055    2.45280    2.45072          1     8.2724     8.1708      98.71     0.2033     0.2630  1.000e-12  0.1619000    26.7068    26.6865    -0.0203    21.2952    21.2793      8.916      8.988      0.530    1450.24    1450.19  0.000e+00
       7356      9.500     2.7633     2.7583    -0.0050    2.52759    2.52762          1     8.2158     8.0830      98.71     0.2020     0.2467  1.000e-12  0.1778000    27.5000    27.5046     0.0046    21.9199    21.9239      9.411      9.486      0.537    1451.80    1451.78  0.000e+00
       7378     10.000     2.8747     2.8743    -0.0005    2.58771    2.58823          1     8.2057     8.0594      98.71     0.2086     0.2621  1.000e-12  0.1660000    28.1215    28.1281     0.0066    22.4077    22.4130      9.907      9.984      0.545    1453.10    1453.11  0.000e+00
       7400     10.500     2.9801     2.9739    -0.0060    2.62732    2.62546          1     8.1545     7.9883      98.71     0.2114     0.2500  1.000e-12  0.1579000    28.5014    28.4846    -0.0168    22.7029    22.6900     10.402     10.483      0.545    1454.06    1454.01  0.000e+00
       7423     11.000     3.2260     3.2460     0.0200    2.69537    2.69840          1     8.0598     7.8760      98.71     0.2381     0.2116  1.000e-12  0.1642000    29.0913    29.1092     0.0180    23.1540    23.1667     10.898     10.980      0.533    1455.90    1456.01  0.000e+00
       7446     11.500     3.3975     3.3972    -0.0003    2.74574    2.74552          1     7.9563     7.7737      98.71     0.2853     0.1918  1.000e-12  0.1713000    29.5335    29.5312    -0.0023    23.4924    23.4906     11.393     11.478      0.516    1457.21    1457.21  0.000e+00
       7469     12.000     3.6212     3.6196    -0.0016    2.80801    2.80683          1     7.8184     7.6407      98.71     0.3064     0.2439  1.000e-12  0.1664000    30.0641    30.0517    -0.0125    23.8957    23.8859     11.888     11.975      0.520    1458.86    1458.84  0.000e+00
       7492     12.500     3.7892     3.7839    -0.0052    2.84368    2.84269          1     7.6600     7.4880      98.71     0.2985     0.2451  1.000e-12  0.1647000    30.3287    30.3219    -0.0067    24.0913    24.0864     12.383     12.473      0.541    1459.93    1459.89  0.000e+00
       7513     13.000     3.8857     3.8802    -0.0056    2.86841    2.86725          1     7.5276     7.3762      98.71     0.3212     0.2616  1.000e-12  0.1858000    30.5290    30.5206    -0.0084    24.2418    24.2357     12.879     12.970      0.549    1460.60    1460.57  0.000e+00
       7535     13.500     3.9642     3.9592    -0.0050    2.88903    2.88792          1     7.4276     7.2932      98.71     0.3196     0.2320  1.000e-12  0.1749000    30.6972    30.6890    -0.0082    24.3683    24.3622     13.374     13.467      0.536    1461.16    1461.13  0.000e+00
       7558     14.000     4.0253     4.0214    -0.0039    2.90629    2.90542          1     7.3384     7.2040      98.63     0.3656     0.2263  1.000e-12  0.1738000    30.8419    30.8353    -0.0066    24.4776    24.4727     13.869     13.964      0.516    1461.61    1461.58  0.000e+00
       7582     14.500     4.1307     4.1245    -0.0061    2.93443    2.93314          1     7.2743     7.1323      98.61     0.3949     0.2683  1.000e-12  0.1907000    31.0714    31.0622    -0.0093    24.6499    24.6432     14.365     14.461      0.513    1462.35    1462.32  0.000e+00
       7605     15.000     4.2739     4.2721    -0.0018    2.97082    2.96965          1     7.1856     7.0468      98.71     0.4009     0.3013  1.000e-12  0.1939000    31.3596    31.3477    -0.0119    24.8648    24.8555     14.860     14.958      0.528    1463.33    1463.31  0.000e+00
       7627     15.500     4.4702     4.4683    -0.0018    3.01974    3.01933          1     7.0894     6.9507      98.71     0.4363     0.2642  1.000e-12  0.1958000    31.7411    31.7381    -0.0029    25.1480    25.1459     15.355     15.455      0.543    1464.65    1464.63  0.000e+00
       7649     16.000     4.5569     4.5516    -0.0053    3.04187    3.04132          1     6.9861     6.8633      98.71     0.4990     0.2622  1.000e-12  0.2048000    31.9142    31.9129    -0.0012    25.2765    25.2760     15.851     15.952      0.546    1465.24    1465.21  0.000e+00
       7671     16.500     4.6395     4.6380    -0.0015    3.05790    3.05766          1     6.9072     6.8016      98.56     0.5669     0.2443  1.000e-12  0.2153000    32.0198    32.0185    -0.0013    25.3517    25.3508     16.346     16.449      0.538    1465.72    1465.71  0.000e+00
       7694     17.000     4.6629     4.6632     0.0003    3.06553    3.06539          1     6.8716     6.7692      97.41     0.5787     0.3000  1.000e-12  0.2112000    32.0853    32.0833    -0.0020    25.4012    25.3996     16.841     16.945      0.525    1465.91    1465.91  0.000e+00
       7717     17.500     4.6549     4.6530    -0.0018    3.07135    3.07090          1     6.8323     6.7439      98.71     0.5937     0.2638  1.000e-12  0.2226000    32.1603    32.1568    -0.0034    25.4615    25.4589     17.337     17.442      0.514    1465.98    1465.97  0.000e+00
       7740     18.000     4.6902     4.6909     0.0007    3.07814    3.07817          1     6.8231     6.7240      98.71     0.6249     0.2483  1.000e-12  0.2226000    32.2043    32.2039    -0.0004    25.4927    25.4923     17.832     17.939      0.518    1466.19    1466.19  0.000e+00
       7763     18.500     4.7472     4.7501     0.0029    3.09257    3.09256          1     6.8062     6.6858      98.71     0.6164     0.2751  1.000e-12  0.2216000    32.3154    32.3124    -0.0029    25.5747    25.5721     18.327     18.435      0.530    1466.57    1466.58  0.000e+00
       7786     19.000     4.9075     4.9018    -0.0057    3.12240    3.12191          1     6.7246     6.6017      98.71     0.6406     0.2787  1.000e-12  0.2193000    32.5028    32.5028    -0.0000    25.7060    25.7066     18.823     18.932      0.537    1467.48    1467.46  0.000e+00
       7808     19.500     5.0694     5.0629    -0.0065    3.15347    3.15241          1     6.6729     6.5506      98.71     0.6444     0.3013  1.000e-12  0.2235000    32.7014    32.6956    -0.0058    25.8455    25.8416     19.318     19.428      0.542    1468.41    1468.37  0.000e+00
       7830     20.000     5.1768     5.1721    -0.0047    3.17772    3.17741          1     6.6166     6.5033      98.71     0.6542     0.2750  1.000e-12  0.2341000    32.8737    32.8747     0.0010    25.9699    25.9712     19.813     19.925      0.538    1469.07    1469.05  0.000e+00
       7852     20.500     5.3637     5.3491    -0.0145    3.20969    3.20802          1     6.5450     6.4408      98.71     0.6754     0.2721  1.000e-12  0.2373000    33.0547    33.0500    -0.0047    26.0918    26.0898     20.309     20.421      0.527    1470.07    1470.00  0.000e+00
       7876     21.000     5.4154     5.4144    -0.0010    3.21828    3.21801          1     6.5068     6.4039      92.84     0.6754     0.2710  1.000e-12  0.2276000    33.1013    33.0992    -0.0021    26.1227    26.1211     20.804     20.917      0.511    1470.34    1470.34  0.000e+00
       7899     21.500     5.4289     5.4274    -0.0017    3.22035    3.22018          1     6.4966     6.3960      95.77     0.6709     0.2566  1.000e-12  0.2252000    33.1114    33.1110    -0.0004    26.1291    26.1290     21.299     21.414      0.511    1470.42    1470.41  0.000e+00
       7922     22.000     5.4630     5.4568    -0.0060    3.22521    3.22441          1     6.4855     6.4032      94.53     0.6389     0.2573  1.000e-12  0.2458000    33.1329    33.1298    -0.0031    26.1421    26.1404     21.794     21.910      0.535    1470.59    1470.56  0.000e+00
       7944     22.500     5.5132     5.5097    -0.0035    3.23236    3.23205          1     6.4886     6.4008      88.76     0.6876     0.2731  1.000e-12  0.2545000    33.1643    33.1642    -0.0000    26.1610    26.1614     22.290     22.406      0.557    1470.84    1470.83  0.000e+00
       7966     23.000     5.5963     5.5949    -0.0015    3.24756    3.24752          1     6.4791     6.3608      88.53     0.6686     0.2656  1.000e-12  0.2426000    33.2546    33.2556     0.0010    26.2226    26.2236     22.785     22.902      0.552    1471.30    1471.30  0.000e+00
       7988     23.500     5.6783     5.6722    -0.0060    3.26326    3.26289          1     6.4228     6.2968      91.79     0.6632     0.2636  1.000e-12  0.2649000    33.3512    33.3531     0.0019    26.2892    26.2914     23.280     23.399      0.525    1471.76    1471.74  0.000e+00
       8011     24.000     5.7368     5.7357    -0.0012    3.27444    3.27419          1     6.3533     6.2487      91.88     0.6439     0.2447  1.000e-12  0.2625000    33.4195    33.4178    -0.0017    26.3362    26.3349     23.776     23.895      0.503    1472.09    1472.08  0.000e+00
       8035     24.500     5.7421     5.7435     0.0015    3.27693    3.27693          1     6.3291     6.2428      92.34     0.6439     0.3053  1.000e-12  0.2533000    33.4424    33.4409    -0.0015    26.3535    26.3522     24.271     24.391      0.509    1472.15    1472.15  0.000e+00
       8058     25.000     5.7415     5.7395    -0.0019    3.27926    3.27904          1     6.3419     6.2594      97.81     0.6382     0.2669  1.000e-12  0.2662000    33.4690    33.4685    -0.0005    26.3746    26.3745     24.766     24.887      0.536    1472.19    1472.18  0.000e+00
       8080     25.500     5.7530     5.7559     0.0028    3.29175    3.29148          1     6.3693     6.2953      98.70     0.5898     0.2682  1.000e-12  0.2775000    33.5987    33.5927    -0.0061    26.4759    26.4707     25.261     25.383      0.552    1472.41    1472.41  0.000e+00
       8102     26.000     5.7782     5.7749    -0.0033    3.30160    3.30114          1     6.3926     6.3199      86.08     0.5777     0.2994  1.000e-12  0.2786000    33.6847    33.6828    -0.0019    26.5408    26.5397     25.757     25.880      0.550    1472.62    1472.61  0.000e+00
       8124     26.500     5.7970     5.7970    -0.0001    3.30862    3.30844          1     6.3977     6.3213      98.79     0.5309     0.3143  1.000e-12  0.2487000    33.7451    33.7431    -0.0020    26.5862    26.5846     26.252     26.376      0.531    1472.78    1472.78  0.000e+00
       8147     27.000     5.8235     5.8208    -0.0027    3.31574    3.31537          1     6.4106     6.3241      95.60     0.5309     0.2717  1.000e-12  0.2657000    33.7989    33.7975    -0.0015    26.6255    26.6247     26.747     26.872      0.504    1472.96    1472.95  0.000e+00
       8172     27.500     5.8807     5.8763    -0.0044    3.32639    3.32591          1     6.4116     6.3163      92.56     0.4632     0.2459  1.000e-12  0.2606000    33.8617    33.8606    -0.0010    26.6680    26.6677     27.243     27.368      0.504    1473.28    1473.26  0.000e+00
       8195     28.000     5.9937     5.9860    -0.0077    3.34261    3.34193          1     6.3871     6.2944      89.07     0.3781     0.2994  1.000e-12  0.2695000    33.9311    33.9311    -0.0000    26.7088    26.7097     27.738     27.864      0.530    1473.83    1473.80  0.000e+00
