ctdpy/exports/archive_20191121_122431/received_data/SBE09_0827_20180830_0440_26_01_0940.cnv
* Sea-Bird SBE 9 Data File:
* FileName = D:\CTD_SBE911\DAT\26DA.2018.8.140.hex
* Software Version Seasave V 7.21d
* Temperature SN = 034605
* Conductivity SN = 041844
* Number of Bytes Per Scan = 48
* Number of Voltage Words = 5
* Number of Scans Averaged by the Deck Unit = 1
* NMEA Latitude = 57 18.36 N
* NMEA Longitude = 011 34.86 E
* NMEA UTC (Time) = Aug 30 2018  04:43:05
* NMEA baud rate = 4800
** Ship: DANA
** Average sound velocity: 1503.69 m/s
** True-depth calculation Wed, 24 Apr 2019 11:52:23 +0000
** CTD Python Module SMHI /ver 3-12/ feb 2012 
** LIMS Job: 20182601-0940
**  10 WNW NIDINGEN
** Operator: Christian
** Cruise: 08/2018
# nquan = 26
# nvalues = 129                         
# units = specified
# name 0 = scan: Scan Count
# name 1 = prDM: Pressure, Digiquartz [db]
# name 2 = t090C: Temperature [ITS-90, deg C]
# name 3 = t190C: Temperature, 2 [ITS-90, deg C]
# name 4 = T2-T190C: Temperature Difference, 2 - 1 [ITS-90, deg C]
# name 5 = c0S/m: Conductivity [S/m]
# name 6 = c1S/m: Conductivity, 2 [S/m]
# name 7 = pumps: Pump Status
# name 8 = sbeox1ML/L: Oxygen, SBE 43, 2 [ml/l]
# name 9 = sbeox0ML/L: Oxygen, SBE 43 [ml/l]
# name 10 = altM: Altimeter [m]
# name 11 = chloroflTC0: Chlorophyll, Turner Cyclops [ug/l]
# name 12 = cpar: CPAR/Corrected Irradiance [%]
# name 13 = par: PAR/Irradiance, Biospherical/Lico [µE/(cm^2*s)]
# name 14 = spar: SPAR, Biospherical/Licor
# name 15 = sal00: Salinity, Practical [PSU]
# name 16 = sal11: Salinity, Practical, 2 [PSU]
# name 17 = secS-priS: Salinity, Practical, Difference, 2 - 1 [PSU]
# name 18 = sigma-t00: Density [sigma-t, kg/m^3 ]
# name 19 = sigma-t11: Density, 2 [sigma-t, kg/m^3 ]
# name 20 = depSM: Depth [salt water, m], lat = 57.306
# name 21 = depFM: Depth [true depth, m], lat = 57.306
# name 22 = dz/dtM: Descent Rate [m/s], WS = 2
# name 23 = svCM: Sound Velocity [Chen-Millero, m/s]
# name 24 = svCM1: Sound Velocity, 2 [Chen-Millero, m/s]
# name 25 = flag: flag
# span 0 =         90,       8761       
# span 1 =      1.000,     65.000       
# span 2 =     9.2424,    18.1683       
# span 3 =     9.2470,    18.1786       
# span 4 =    -0.3151,     0.1055       
# span 5 =   3.438892,   4.239113       
# span 6 =   3.439160,   4.240184       
# span 7 =          1,          1       
# span 8 =     4.0591,     5.9009       
# span 9 =     4.1145,     5.6811       
# span 10 =      -2.14,       9.98      
# span 11 =    -0.0183,     0.0440      
# span 12 = 3.5171e-12, 9.4818e+00      
# span 13 = 1.0000e-12, 2.6959e+00      
# span 14 = 2.6401e+01, 2.8433e+01      
# span 15 =    25.5767,    33.5148      
# span 16 =    25.5802,    33.5280      
# span 17 =    -0.0109,     0.3708      
# span 18 =    18.1439,    25.9167      
# span 19 =    18.1470,    25.9242      
# span 20 =      0.991,     64.391      
# span 21 =      1.000,     64.728      
# span 22 =     -0.397,      0.294      
# span 23 =    1486.33,    1512.67      
# span 24 =    1486.35,    1512.68      
# span 25 = 0.0000e+00, 0.0000e+00      
# interval = decibars: 0.5              
# start_time = Aug 30 2018 04:43:05 [NMEA time, first data scan]
# bad_flag = -9.990e-29
*END*
         90      1.000    17.6895    17.7092     0.0197    3.44496    3.45738          1     5.8448     5.6509       9.98     0.0263  9.482e+00  2.696e+00  2.843e+01    25.6221    25.7120     0.0899    18.1766    18.2407      0.991      1.000      0.042    1504.24    1504.41  0.000e+00
        237      1.500    17.6854    17.6772    -0.0081    3.44299    3.44196          1     5.8817     5.6595       9.98     0.0306  7.819e+00  2.223e+00  2.843e+01    25.6084    25.6049    -0.0034    18.1671    18.1663      1.486      1.501      0.224    1504.22    1504.20  0.000e+00
        323      2.000    17.6806    17.6938     0.0132    3.44107    3.44417          1     5.8875     5.6811       9.98     0.0304  7.110e+00  2.022e+00  2.843e+01    25.5954    25.6126     0.0172    18.1582    18.1684      1.982      2.001      0.271    1504.20    1504.26  0.000e+00
        364      2.500    17.6906    17.6914     0.0008    3.44359    3.44539          1     5.8714     5.6715       9.98     0.0290  6.390e+00  1.817e+00  2.843e+01    25.6097    25.6240     0.0143    18.1669    18.1776      2.477      2.501      0.273    1504.26    1504.28  0.000e+00
        420      3.000    17.6845    17.6802    -0.0044    3.44125    3.43961          1     5.9009     5.6719       9.97     0.0295  5.625e+00  1.599e+00  2.843e+01    25.5941    25.5833    -0.0107    18.1564    18.1492      2.972      3.001      0.253    1504.23    1504.20  0.000e+00
        460      3.500    17.6811    17.6792    -0.0019    3.43889    3.43918          1     5.8770     5.6763       9.97     0.0320  4.960e+00  1.410e+00  2.843e+01    25.5767    25.5802     0.0035    18.1439    18.1470      3.468      3.501      0.287    1504.21    1504.21  0.000e+00
        509      4.000    17.6779    17.6773    -0.0005    3.43943    3.43916          1     5.8993     5.6790       9.97     0.0337  4.350e+00  1.237e+00  2.843e+01    25.5830    25.5811    -0.0019    18.1494    18.1481      3.963      4.001      0.241    1504.21    1504.21  0.000e+00
        552      4.500    17.6854    17.6809    -0.0045    3.44276    3.44108          1     5.8625     5.6383       9.97     0.0324  3.875e+00  1.102e+00  2.843e+01    25.6055    25.5946    -0.0109    18.1649    18.1576      4.458      4.502      0.275    1504.27    1504.24  0.000e+00
        599      5.000    17.7079    17.8136     0.1055    3.45456    3.48051          1     5.8367     5.6310       9.97     0.0335  3.320e+00  9.440e-01  2.843e+01    25.6883    25.8347     0.1463    18.2230    18.3103      4.954      5.002      0.260    1504.44    1504.93  0.000e+00
        644      5.500    17.9361    17.9430     0.0071    3.57269    3.59515          1     5.8085     5.5578       9.97     0.0346  2.935e+00  8.345e-01  2.843e+01    26.5146    26.6952     0.1805    18.8009    18.9371      5.449      5.502      0.255    1506.07    1506.30  0.000e+00
        693      6.000    17.8677    17.8404    -0.0274    3.60725    3.61382          1     5.8413     5.5678       9.97     0.0370  2.532e+00  7.198e-01  2.843e+01    26.8439    26.9160     0.0721    19.0680    19.1294      5.945      6.002      0.259    1506.25    1506.25  0.000e+00
        738      6.500    17.7793    17.7045    -0.0747    3.61505    3.61738          1     5.8093     5.5858       9.97     0.0345  2.208e+00  6.279e-01  2.843e+01    26.9663    27.0350     0.0688    19.1819    19.2517      6.440      6.501      0.256    1506.13    1505.98  0.000e+00
        785      7.000    17.6676    17.6444    -0.0233    3.62452    3.62998          1     5.8599     5.5980       9.97     0.0384  1.879e+00  5.343e-01  2.843e+01    27.1185    27.1793     0.0608    19.3240    19.3757      6.935      7.001      0.264    1505.97    1505.97  0.000e+00
        829      7.500    17.6413    17.6266    -0.0147    3.63351    3.63640          1     5.8221     5.5765       9.97     0.0379  1.645e+00  4.678e-01  2.843e+01    27.2105    27.2444     0.0339    19.4003    19.4295      7.431      7.501      0.274    1506.01    1506.00  0.000e+00
        874      8.000    17.6223    17.6095    -0.0128    3.63911    3.64242          1     5.8159     5.5799       9.97     0.0369  1.379e+00  3.922e-01  2.843e+01    27.2697    27.3058     0.0361    19.4498    19.4803      7.926      8.000      0.263    1506.02    1506.03  0.000e+00
        920      8.500    17.6024    17.5895    -0.0129    3.64640    3.65057          1     5.8007     5.5778       9.97     0.0368  1.191e+00  3.386e-01  2.843e+01    27.3434    27.3868     0.0434    19.5108    19.5469      8.422      8.500      0.255    1506.06    1506.07  0.000e+00
        966      9.000    17.5952    17.5912    -0.0040    3.65442    3.65933          1     5.8275     5.5745       9.97     0.0376  9.947e-01  2.828e-01  2.843e+01    27.4148    27.4584     0.0436    19.5669    19.6011      8.917      8.999      0.268    1506.12    1506.16  0.000e+00
       1014      9.500    17.5923    17.5932     0.0009    3.66350    3.66999          1     5.7978     5.5858       9.97     0.0398  8.329e-01  2.368e-01  2.843e+01    27.4923    27.5457     0.0534    19.6268    19.6673      9.412      9.499      0.235    1506.21    1506.27  0.000e+00
       1064     10.000    17.5993    17.6043     0.0049    3.67160    3.67855          1     5.7885     5.5724       9.97     0.0407  6.842e-01  1.945e-01  2.843e+01    27.5548    27.6094     0.0545    19.6729    19.7134      9.908      9.998      0.255    1506.31    1506.39  0.000e+00
       1111     10.500    17.5984    17.5719    -0.0265    3.67991    3.68868          1     5.7964     5.5600       9.97     0.0393  5.492e-01  1.562e-01  2.843e+01    27.6244    27.7155     0.0911    19.7263    19.8020     10.403     10.498      0.246    1506.40    1506.42  0.000e+00
       1159     11.000    17.5802    17.5672    -0.0130    3.68694    3.69328          1     5.7838     5.5510       9.97     0.0398  4.310e-01  1.225e-01  2.843e+01    27.6953    27.7570     0.0617    19.7846    19.8348     10.898     10.997      0.258    1506.43    1506.46  0.000e+00
       1204     11.500    17.5705    17.5410    -0.0295    3.69284    3.71159          1     5.7658     5.5431       9.97     0.0376  3.212e-01  9.133e-02  2.843e+01    27.7510    27.9276     0.1767    19.8294    19.9712     11.394     11.496      0.269    1506.47    1506.58  0.000e+00
       1250     12.000    17.5552    17.5083    -0.0469    3.70378    3.73113          1     5.7634     5.5244       9.97     0.0369  2.223e-01  6.320e-02  2.843e+01    27.8524    28.1133     0.2608    19.9105    20.1206     11.889     11.996      0.256    1506.55    1506.70  0.000e+00
       1297     12.500    17.5490    17.5072    -0.0417    3.71112    3.73441          1     5.7616     5.5326       9.97     0.0362  1.311e-01  3.726e-02  2.843e+01    27.9179    28.1414     0.2235    19.9619    20.1423     12.385     12.495      0.256    1506.61    1506.74  0.000e+00
       1344     13.000    17.5348    17.5083    -0.0265    3.71967    3.73468          1     5.7556     5.5234       9.97     0.0330  5.169e-02  1.470e-02  2.843e+01    27.9989    28.1427     0.1438    20.0271    20.1431     12.880     12.994      0.252    1506.67    1506.75  0.000e+00
       1394     13.500    17.5125    17.5059    -0.0066    3.73269    3.73631          1     5.7534     5.5041       9.97     0.0331  1.166e-04  3.315e-05  2.843e+01    28.1229    28.1578     0.0349    20.1270    20.1552     13.375     13.494      0.238    1506.75    1506.77  0.000e+00
       1442     14.000    17.5133    17.5182     0.0049    3.73930    3.74236          1     5.7365     5.4990       9.97     0.0330  7.922e-06  2.252e-06  2.843e+01    28.1776    28.1997     0.0221    20.1686    20.1844     13.871     13.993      0.255    1506.82    1506.86  0.000e+00
       1491     14.500    17.6756    17.7339     0.0583    3.79515    3.80606          1     5.7183     5.4257       9.97     0.0330  3.517e-12  1.000e-12  2.843e+01    28.5311    28.5815     0.0504    20.4011    20.4260     14.366     14.492      0.245    1507.72    1507.95  0.000e+00
       1537     15.000    17.7743    17.7956     0.0214    3.82812    3.83536          1     5.6497     5.3854       9.97     0.0330  3.517e-12  1.000e-12  2.843e+01    28.7372    28.7826     0.0454    20.5355    20.5652     14.861     14.991      0.270    1508.26    1508.38  0.000e+00
       1583     15.500    17.7917    17.8023     0.0106    3.84359    3.84768          1     5.6593     5.3724       9.97     0.0330  3.517e-12  1.000e-12  2.843e+01    28.8538    28.8804     0.0266    20.6205    20.6384     15.357     15.490      0.251    1508.45    1508.52  0.000e+00
       1630     16.000    17.8101    17.8212     0.0111    3.85020    3.85226          1     5.6270     5.3753       9.97     0.0323  3.517e-12  1.000e-12  2.843e+01    28.8959    28.9051     0.0092    20.6484    20.6528     15.852     15.989      0.256    1508.57    1508.61  0.000e+00
       1677     16.500    17.9221    17.9594     0.0373    3.87846    3.88460          1     5.5967     5.3388       9.97     0.0315  3.517e-12  1.000e-12  2.843e+01    29.0518    29.0764     0.0246    20.7411    20.7511     16.347     16.488      0.260    1509.08    1509.22  0.000e+00
       1725     17.000    17.9980    18.0238     0.0257    3.92503    3.93618          1     5.5508     5.2506       9.97     0.0318  3.517e-12  1.000e-12  2.843e+01    29.3854    29.4598     0.0744    20.9780    21.0287     16.843     16.987      0.238    1509.70    1509.86  0.000e+00
       1775     17.500    18.0514    18.0830     0.0316    3.97521    3.99169          1     5.4914     5.2684       9.97     0.0330  3.517e-12  1.000e-12  2.843e+01    29.7648    29.8791     0.1143    21.2551    21.3348     17.338     17.485      0.250    1510.29    1510.52  0.000e+00
       1822     18.000    18.1269    18.1596     0.0328    4.06360    4.08956          1     5.4891     5.2775       9.97     0.0340  3.517e-12  1.000e-12  2.843e+01    30.4465    30.6389     0.1924    21.7578    21.8969     17.833     17.984      0.254    1511.30    1511.61  0.000e+00
       1869     18.500    18.1276    18.1771     0.0492    4.07218    4.11636          1     5.4989     5.2671       9.97     0.0327  3.517e-12  1.000e-12  2.843e+01    30.5175    30.8494     0.3319    21.8119    22.0536     18.329     18.482      0.263    1511.39    1511.91  0.000e+00
       1914     19.000    18.1277    18.1786     0.0513    4.07737    4.12632          1     5.4966     5.2487       9.97     0.0330  3.517e-12  1.000e-12  2.843e+01    30.5605    30.9314     0.3708    21.8447    22.1158     18.824     18.981      0.267    1511.44    1512.01  0.000e+00
       1959     19.500    18.1407    18.1730     0.0322    4.10412    4.14158          1     5.5004     5.2359       9.97     0.0330  3.517e-12  1.000e-12  2.843e+01    30.7741    31.0630     0.2889    22.0048    22.2177     19.320     19.479      0.267    1511.73    1512.15  0.000e+00
       2004     20.000    18.1537    18.1746     0.0209    4.12238    4.14874          1     5.4813     5.2361       9.97     0.0330  3.517e-12  1.000e-12  2.843e+01    30.9169    31.1215     0.2046    22.1108    22.2621     19.815     19.977      0.260    1511.94    1512.23  0.000e+00
       2050     20.500    18.1683    18.1738     0.0055    4.14912    4.15694          1     5.4652     5.2188       9.97     0.0330  3.517e-12  1.000e-12  2.843e+01    31.1292    31.1905     0.0613    22.2695    22.3150     20.310     20.476      0.258    1512.23    1512.32  0.000e+00
       2098     21.000    18.1673    18.1684     0.0011    4.15848    4.16258          1     5.4640     5.2012       9.97     0.0330  3.517e-12  1.000e-12  2.843e+01    31.2082    31.2417     0.0334    22.3301    22.3554     20.806     20.974      0.249    1512.33    1512.37  0.000e+00
       2146     21.500    18.1551    18.1533    -0.0018    4.16632    4.16774          1     5.4347     5.2095       9.97     0.0330  3.517e-12  1.000e-12  2.843e+01    31.2830    31.2963     0.0133    22.3902    22.4008     21.301     21.472      0.251    1512.38    1512.39  0.000e+00
       2194     22.000    18.1447    18.1405    -0.0041    4.16869    4.16970          1     5.4382     5.1792       9.97     0.0330  3.517e-12  1.000e-12  2.843e+01    31.3106    31.3222     0.0116    22.4138    22.4237     21.796     21.970      0.253    1512.39    1512.39  0.000e+00
       2240     22.500    18.1308    18.1261    -0.0047    4.16930    4.17057          1     5.4314     5.1617       9.97     0.0330  3.517e-12  1.000e-12  2.843e+01    31.3262    31.3404     0.0142    22.4291    22.4411     22.292     22.468      0.267    1512.38    1512.38  0.000e+00
       2285     23.000    18.1200    18.1093    -0.0107    4.17156    4.17376          1     5.3755     5.1816       9.97     0.0329  3.517e-12  1.000e-12  2.843e+01    31.3532    31.3798     0.0267    22.4523    22.4753     22.787     22.966      0.264    1512.39    1512.38  0.000e+00
       2330     23.500    18.0963    18.0833    -0.0131    4.17819    4.18034          1     5.3877     5.1562       9.97     0.0318  3.517e-12  1.000e-12  2.843e+01    31.4268    31.4548     0.0281    22.5143    22.5389     23.282     23.464      0.267    1512.41    1512.40  0.000e+00
       2376     24.000    18.0698    18.0430    -0.0268    4.18832    4.19623          1     5.4167     5.1355       9.97     0.0322  3.517e-12  1.000e-12  2.843e+01    31.5320    31.6192     0.0872    22.6012    22.6743     23.778     23.962      0.254    1512.46    1512.48  0.000e+00
       2423     24.500    18.0522    18.0410    -0.0111    4.19571    4.20034          1     5.3901     5.1470       9.97     0.0323  3.517e-12  1.000e-12  2.843e+01    31.6075    31.6551     0.0475    22.6632    22.7022     24.273     24.460      0.260    1512.50    1512.52  0.000e+00
       2470     25.000    18.0446    18.0380    -0.0066    4.20206    4.20532          1     5.3669     5.1485       9.97     0.0330  3.517e-12  1.000e-12  2.843e+01    31.6667    31.6992     0.0325    22.7102    22.7367     24.768     24.958      0.257    1512.55    1512.57  0.000e+00
       2516     25.500    18.0393    18.0342    -0.0051    4.20622    4.20912          1     5.3645     5.1365       9.97     0.0321  3.517e-12  1.000e-12  2.843e+01    31.7056    31.7339     0.0283    22.7412    22.7641     25.264     25.456      0.261    1512.59    1512.61  0.000e+00
       2562     26.000    18.0322    18.0266    -0.0057    4.21173    4.21451          1     5.3754     5.1197       9.97     0.0327  3.517e-12  1.000e-12  2.843e+01    31.7572    31.7850     0.0278    22.7824    22.8050     25.759     25.954      0.263    1512.63    1512.65  0.000e+00
       2606     26.500    18.0200    18.0135    -0.0065    4.21778    4.22009          1     5.3553     5.1103       9.97     0.0329  3.517e-12  1.000e-12  2.843e+01    31.8175    31.8420     0.0245    22.8315    22.8518     26.254     26.452      0.273    1512.67    1512.68  0.000e+00
       2651     27.000    17.9815    17.9605    -0.0210    4.22255    4.22427          1     5.3555     5.0774       9.97     0.0325  3.517e-12  1.000e-12  2.843e+01    31.8876    31.9184     0.0308    22.8944    22.9230     26.750     26.950      0.264    1512.65    1512.62  0.000e+00
       2696     27.500    17.8774    17.8377    -0.0396    4.22103    4.22305          1     5.3119     5.0491       9.97     0.0317  3.517e-12  1.000e-12  2.843e+01    31.9558    32.0040     0.0482    22.9717    23.0181     27.245     27.448      0.274    1512.43    1512.36  0.000e+00
       2740     28.000    17.8580    17.8143    -0.0438    4.22537    4.22870          1     5.2852     5.0321       9.97     0.0312  3.517e-12  1.000e-12  2.843e+01    32.0076    32.0700     0.0624    23.0159    23.0742     27.740     27.946      0.261    1512.44    1512.38  0.000e+00
