ctdpy/exports/archive_20191121_122431/received_data/SBE09_1044_20181112_0652_34_01_0135.cnv
* Sea-Bird SBE 9 Data File:
* FileName = C:\ctd\temp\ar18d135.hex
* Software Version Seasave V 7.26.7.107
* Temperature SN = 5351
* Conductivity SN = 3941
* Number of Bytes Per Scan = 41
* Number of Voltage Words = 4
* Number of Scans Averaged by the Deck Unit = 1
* NMEA Latitude = 58 17.68 N
* NMEA Longitude = 010 50.70 E
* NMEA UTC (Time) = Nov 12 2018  06:52:26
* NMEA baud rate = 4800
** Station:  A15
** Operator:  JKro
** Ship: ARANDA
** Average sound velocity: 1489.34 m/s
** True-depth calculation Mon, 12 Nov 2018 07:50:16 +0000
** CTD Python Module SMHI /ver 3-12/ feb 2012 
** LIMS Job: 20183401-0135
** Cruise: SMHI-6-2018
** Latitude [GG MM.mm N]:
** Longitude [GG MM.mm E]
# nquan = 26
# nvalues = 264                         
# units = specified
# name 0 = scan: Scan Count
# name 1 = prDM: Pressure, Digiquartz [db]
# name 2 = t090C: Temperature [ITS-90, deg C]
# name 3 = t190C: Temperature, 2 [ITS-90, deg C]
# name 4 = T2-T190C: Temperature Difference, 2 - 1 [ITS-90, deg C]
# name 5 = c0S/m: Conductivity [S/m]
# name 6 = c1S/m: Conductivity, 2 [S/m]
# name 7 = pumps: Pump Status
# name 8 = sbeox0ML/L: Oxygen, SBE 43 [ml/l]
# name 9 = sbeox1ML/L: Oxygen, SBE 43, 2 [ml/l]
# name 10 = altM: Altimeter [m]
# name 11 = flECO-AFL: Chl-a Fluorescence, WET Labs ECO-AFL/FL [mg/m^3]
# name 12 = flECO-AFL1: Phycocyanin Fluorescence, WET Labs ECO-AFL/FL, 2 [mg/m^3]
# name 13 = par: PAR/Irradiance, Biospherical/Lico [µE/(cm^2*s)]
# name 14 = turbWETntu0: Turbidity, WET Labs ECO [NTU]
# name 15 = sal00: Salinity, Practical [PSU]
# name 16 = sal11: Salinity, Practical, 2 [PSU]
# name 17 = secS-priS: Salinity, Practical, Difference, 2 - 1 [PSU]
# name 18 = sigma-t00: Density [sigma-t, Kg/m^3 ]
# name 19 = sigma-t11: Density, 2 [sigma-t, Kg/m^3 ]
# name 20 = depSM: Depth [salt water, m], lat = 58.2947
# name 21 = depFM: Depth [true depth, m], lat = 58.2947
# name 22 = dz/dtM: Descent Rate [m/s], WS = 2
# name 23 = svCM: Sound Velocity [Chen-Millero, m/s]
# name 24 = svCM1: Sound Velocity, 2 [Chen-Millero, m/s]
# name 25 = flag: flag
# span 0 =      19926,      25956       
# span 1 =      1.500,    133.000       
# span 2 =     7.5934,    10.6301       
# span 3 =     7.6127,    10.6308       
# span 4 =    -0.0038,     0.0546       
# span 5 =   3.595279,   3.802230       
# span 6 =   3.597082,   3.802447       
# span 7 =          1,          1       
# span 8 =    5.13016,    5.97069       
# span 9 =    4.95494,    5.67316       
# span 10 =      -0.44,     119.96      
# span 11 =     0.0417,     0.6488      
# span 12 =     0.1342,     0.3084      
# span 13 = -6.752e-06, 2.1416e+01      
# span 14 =     0.2332,     0.8094      
# span 15 =    33.6451,    35.0650      
# span 16 =    33.6450,    35.0637      
# span 17 =    -0.0089,     0.0068      
# span 18 =    25.8395,    27.3842      
# span 19 =    25.8393,    27.3814      
# span 20 =      1.486,    131.722      
# span 21 =      1.489,    131.935      
# span 22 =     -0.025,      1.038      
# span 23 =    1483.19,    1491.48      
# span 24 =    1483.26,    1491.48      
# span 25 = 0.0000e+00, 0.0000e+00      
# interval = decibars: 0.5              
# start_time = Nov 12 2018 06:52:27 [NMEA time, first data scan]
# bad_flag = -9.990e-29
*END*
[from data line 112]
      22541     57.500    10.0813    10.0823     0.0011    3.78584    3.78593          1     5.9018     5.6644      97.45     0.4327     0.2334  1.000e-12  0.2478000    34.6586    34.6584    -0.0002    26.6715    26.6712     56.958     57.058      0.728    1490.65    1490.66  0.000e+00
      22559     58.000    10.0809    10.0820     0.0010    3.78586    3.78595          1     5.8881     5.6639      97.46     0.4143     0.2377  1.000e-12  0.2488000    34.6589    34.6587    -0.0002    26.6718    26.6715     57.453     57.554      0.560    1490.66    1490.66  0.000e+00
      22587     58.500    10.0805    10.0815     0.0010    3.78588    3.78595          1     5.8957     5.6611      97.44     0.4109     0.2473  1.000e-12  0.2488000    34.6592    34.6590    -0.0003    26.6721    26.6717     57.948     58.050      0.377    1490.67    1490.67  0.000e+00
      22621     59.000    10.0798    10.0806     0.0007    3.78586    3.78591          1     5.8806     5.6552      81.86     0.4543     0.2380  1.000e-12  0.2396000    34.6594    34.6592    -0.0002    26.6723    26.6721     58.443     58.546      0.408    1490.67    1490.68  0.000e+00
      22646     59.500    10.0792    10.0804     0.0011    3.78584    3.78592          1     5.8911     5.6507      79.13     0.4215     0.2162  1.000e-12  0.2427000    34.6596    34.6594    -0.0002    26.6726    26.6722     58.939     59.042      0.573    1490.68    1490.68  0.000e+00
      22665     60.000    10.0789    10.0801     0.0011    3.78585    3.78594          1     5.9189     5.6449      97.57     0.3978     0.2161  1.000e-12  0.2551000    34.6597    34.6595    -0.0002    26.6727    26.6724     59.434     59.538      0.683    1490.69    1490.69  0.000e+00
      22681     60.500    10.0791    10.0802     0.0011    3.78589    3.78597          1     5.9248     5.6451      97.47     0.4163     0.2474  1.000e-12  0.2478000    34.6598    34.6595    -0.0002    26.6727    26.6724     59.929     60.034      0.733    1490.70    1490.70  0.000e+00
      22697     61.000    10.0790    10.0801     0.0011    3.78593    3.78601          1     5.9159     5.6502      80.25     0.4100     0.2726  1.000e-12  0.2487000    34.6601    34.6598    -0.0003    26.6730    26.6726     60.424     60.530      0.726    1490.70    1490.71  0.000e+00
      22714     61.500    10.0785    10.0796     0.0011    3.78599    3.78606          1     5.9075     5.6547      74.39     0.4062     0.2852  1.000e-12  0.2467000    34.6609    34.6606    -0.0003    26.6737    26.6733     60.920     61.026      0.649    1490.71    1490.72  0.000e+00
      22735     62.000    10.0784    10.0797     0.0012    3.78607    3.78617          1     5.9045     5.6565      96.78     0.4182     0.2247  1.000e-12  0.2426000    34.6615    34.6614    -0.0002    26.6742    26.6739     61.415     61.522      0.509    1490.72    1490.73  0.000e+00
      22762     62.500    10.0785    10.0798     0.0012    3.78611    3.78620          1     5.8989     5.6584      97.47     0.4176     0.2640  1.000e-12  0.2360000    34.6616    34.6613    -0.0003    26.6743    26.6738     61.910     62.018      0.468    1490.73    1490.73  0.000e+00
      22785     63.000    10.0788    10.0799     0.0011    3.78617    3.78629          1     5.8988     5.6588      78.20     0.4419     0.1907  1.000e-12  0.2431000    34.6617    34.6620     0.0003    26.6743    26.6743     62.405     62.514      0.590    1490.74    1490.74  0.000e+00
      22804     63.500    10.0790    10.0802     0.0011    3.78640    3.78648          1     5.9021     5.6499      75.97     0.4310     0.2132  1.000e-12  0.2424000    34.6636    34.6634    -0.0003    26.6758    26.6754     62.900     63.010      0.654    1490.75    1490.75  0.000e+00
      22822     64.000    10.0777    10.0790     0.0013    3.78662    3.78672          1     5.9053     5.6457      97.54     0.4093     0.2280  1.000e-12  0.2462000    34.6670    34.6667    -0.0003    26.6786    26.6782     63.396     63.506      0.624    1490.76    1490.76  0.000e+00
      22843     64.500    10.0487    10.0489     0.0003    3.78709    3.78726          1     5.8945     5.6430      97.47     0.3762     0.2476  1.000e-12  0.2550000    34.6993    34.7009     0.0016    26.7088    26.7101     63.891     64.002      0.542    1490.70    1490.70  0.000e+00
      22866     65.000    10.0303    10.0311     0.0007    3.78793    3.78808          1     5.8754     5.6294      83.86     0.3538     0.2456  1.000e-12  0.2605000    34.7253    34.7261     0.0008    26.7323    26.7328     64.386     64.498      0.523    1490.68    1490.68  0.000e+00
      22888     65.500    10.0209    10.0216     0.0007    3.78864    3.78874          1     5.8628     5.6157      87.64     0.3202     0.2099  1.000e-12  0.2465000    34.7414    34.7417     0.0003    26.7465    26.7466     64.881     64.994      0.586    1490.67    1490.67  0.000e+00
      22908     66.000    10.0118    10.0122     0.0004    3.78888    3.78899          1     5.8553     5.6116      72.95     0.2897     0.1882  1.000e-12  0.2602000    34.7524    34.7531     0.0006    26.7566    26.7571     65.376     65.490      0.609    1490.66    1490.66  0.000e+00
      22928     66.500    10.0087    10.0100     0.0012    3.78900    3.78909          1     5.8537     5.6093      82.20     0.2849     0.1782  1.000e-12  0.2676000    34.7564    34.7561    -0.0003    26.7602    26.7598     65.872     65.986      0.524    1490.66    1490.66  0.000e+00
      22955     67.000    10.0079    10.0090     0.0011    3.78912    3.78921          1     5.8463     5.6070      69.69     0.2923     0.1965  1.000e-12  0.2667000    34.7582    34.7580    -0.0002    26.7618    26.7614     66.367     66.482      0.431    1490.67    1490.67  0.000e+00
      22981     67.500    10.0064    10.0073     0.0009    3.78924    3.78934          1     5.8608     5.6076      98.42     0.3216     0.1946  1.000e-12  0.2734000    34.7605    34.7607     0.0002    26.7639    26.7639     66.862     66.978      0.572    1490.67    1490.68  0.000e+00
      22999     68.000    10.0041    10.0053     0.0013    3.78933    3.78941          1     5.8626     5.6069      97.49     0.3183     0.1484  1.000e-12  0.2778000    34.7635    34.7631    -0.0004    26.7666    26.7661     67.357     67.474      0.730    1490.68    1490.68  0.000e+00
      23014     68.500    10.0002    10.0014     0.0011    3.78934    3.78943          1     5.8484     5.6026      97.50     0.2851     0.2094  1.000e-12  0.2723000    34.7671    34.7669    -0.0002    26.7701    26.7697     67.852     67.970      0.795    1490.68    1490.68  0.000e+00
      23029     69.000     9.9770     9.9782     0.0011    3.78938    3.78946          1     5.8353     5.5942      97.49     0.2782     0.2243  1.000e-12  0.2844000    34.7896    34.7893    -0.0003    26.7916    26.7912     68.347     68.466      0.758    1490.63    1490.63  0.000e+00
      23046     69.500     9.9633     9.9650     0.0017    3.78917    3.78931          1     5.8328     5.5887      70.40     0.2665     0.2633  1.000e-12  0.2937000    34.8004    34.8003    -0.0001    26.8024    26.8020     68.843     68.962      0.600    1490.60    1490.61  0.000e+00
      23075     70.000     9.9551     9.9568     0.0018    3.78873    3.78887          1     5.8403     5.5837      65.57     0.2568     0.2016  1.000e-12  0.3005000    34.8037    34.8034    -0.0003    26.8063    26.8058     69.338     69.458      0.363    1490.58    1490.59  0.000e+00
      23109     70.500     9.9516     9.9528     0.0012    3.78865    3.78874          1     5.8308     5.5778      64.95     0.3492     0.1957  1.000e-12  0.2943000    34.8060    34.8057    -0.0003    26.8087    26.8083     69.833     69.954      0.484    1490.58    1490.58  0.000e+00
      23129     71.000     9.9461     9.9475     0.0014    3.78867    3.78877          1     5.8178     5.5726      64.75     0.3381     0.2492  1.000e-12  0.2959000    34.8112    34.8109    -0.0003    26.8137    26.8133     70.328     70.450      0.709    1490.58    1490.58  0.000e+00
      23144     71.500     9.9409     9.9421     0.0013    3.78877    3.78885          1     5.8126     5.5713      64.25     0.2739     0.1959  1.000e-12  0.2983000    34.8171    34.8167    -0.0003    26.8192    26.8187     70.823     70.946      0.770    1490.57    1490.58  0.000e+00
      23159     72.000     9.9247     9.9262     0.0014    3.78864    3.78873          1     5.8094     5.5650      63.81     0.2210     0.1868  1.000e-12  0.3114000    34.8311    34.8306    -0.0005    26.8329    26.8323     71.319     71.442      0.689    1490.54    1490.54  0.000e+00
      23181     72.500     9.9126     9.9139     0.0013    3.78837    3.78851          1     5.8068     5.5582      93.94     0.2098     0.2377  1.000e-12  0.3306000    34.8398    34.8401     0.0002    26.8418    26.8418     71.814     71.938      0.475    1490.51    1490.52  0.000e+00
      23214     73.000     9.8999     9.9015     0.0016    3.78800    3.78809          1     5.7904     5.5574      75.51     0.2385     0.1953  1.000e-12  0.3476000    34.8481    34.8474    -0.0007    26.8504    26.8496     72.309     72.434      0.378    1490.49    1490.49  0.000e+00
      23240     73.500     9.8831     9.8851     0.0019    3.78725    3.78738          1     5.7730     5.5432      98.41     0.2167     0.2135  1.000e-12  0.3580000    34.8565    34.8558    -0.0006    26.8598    26.8590     72.804     72.930      0.646    1490.44    1490.45  0.000e+00
      23255     74.000     9.8663     9.8679     0.0016    3.78623    3.78636          1     5.7755     5.5368      92.84     0.2058     0.2474  1.000e-12  0.3571000    34.8620    34.8617    -0.0002    26.8670    26.8665     73.299     73.426      0.813    1490.40    1490.41  0.000e+00
      23269     74.500     9.8537     9.8550     0.0013    3.78535    3.78543          1     5.7704     5.5387      60.45     0.1895     0.2308  1.000e-12  0.3520000    34.8648    34.8645    -0.0003    26.8713    26.8709     73.795     73.922      0.831    1490.37    1490.37  0.000e+00
      23284     75.000     9.8346     9.8363     0.0017    3.78379    3.78393          1     5.7616     5.5398      57.32     0.1752     0.1936  1.000e-12  0.3665000    34.8672    34.8670    -0.0002    26.8764    26.8760     74.290     74.418      0.694    1490.31    1490.31  0.000e+00
      23308     75.500     9.8191     9.8208     0.0017    3.78253    3.78264          1     5.7564     5.5372      71.84     0.1663     0.2222  1.000e-12  0.3896000    34.8690    34.8684    -0.0005    26.8804    26.8797     74.785     74.914      0.402    1490.26    1490.27  0.000e+00
      23344     76.000     9.8020     9.8035     0.0016    3.78116    3.78127          1     5.7376     5.5091      58.39     0.1538     0.1988  1.000e-12  0.4300000    34.8712    34.8708    -0.0004    26.8851    26.8845     75.280     75.410      0.448    1490.21    1490.22  0.000e+00
      23364     76.500     9.7802     9.7831     0.0028    3.77959    3.77980          1     5.7142     5.4873      59.11     0.1814     0.1768  1.000e-12  0.4653000    34.8759    34.8753    -0.0006    26.8924    26.8915     75.775     75.906      0.684    1490.15    1490.16  0.000e+00
      23380     77.000     9.7231     9.7268     0.0037    3.77481    3.77509          1     5.7058     5.4794      58.73     0.1878     0.2001  1.000e-12  0.4957000    34.8818    34.8812    -0.0006    26.9066    26.9055     76.270     76.401      0.749    1489.96    1489.97  0.000e+00
      23396     77.500     9.6936     9.6954     0.0018    3.77230    3.77244          1     5.7057     5.4758      58.21     0.1593     0.2070  1.000e-12  0.5813000    34.8844    34.8841    -0.0003    26.9137    26.9131     76.766     76.897      0.687    1489.86    1489.87  0.000e+00
      23416     78.000     9.6794     9.6808     0.0014    3.77109    3.77117          1     5.7034     5.4726      57.67     0.1694     0.2055  1.000e-12  0.6307000    34.8855    34.8850    -0.0005    26.9169    26.9163     77.261     77.393      0.522    1489.82    1489.83  0.000e+00
      23444     78.500     9.6722     9.6733     0.0011    3.77058    3.77065          1     5.6961     5.4681      56.98     0.1733     0.1675  1.000e-12  0.6738000    34.8869    34.8867    -0.0003    26.9192    26.9189     77.756     77.889      0.409    1489.80    1489.81  0.000e+00
      23472     79.000     9.6539     9.6553     0.0014    3.76896    3.76906          1     5.7008     5.4576      56.52     0.1402     0.2014  1.000e-12  0.6808000    34.8878    34.8874    -0.0004    26.9230    26.9224     78.251     78.385      0.524    1489.75    1489.75  0.000e+00
      23492     79.500     9.6445     9.6458     0.0013    3.76817    3.76828          1     5.7079     5.4541      56.14     0.1457     0.2786  1.000e-12  0.7205000    34.8886    34.8884    -0.0002    26.9251    26.9248     78.746     78.881      0.673    1489.72    1489.73  0.000e+00
      23508     80.000     9.6355     9.6371     0.0016    3.76743    3.76754          1     5.7105     5.4534      55.65     0.1466     0.2332  1.000e-12  0.7378000    34.8895    34.8891    -0.0004    26.9274    26.9268     79.241     79.377      0.720    1489.70    1489.70  0.000e+00
      23525     80.500     9.6261     9.6278     0.0017    3.76669    3.76681          1     5.7006     5.4539      55.26     0.1392     0.2089  1.000e-12  0.7525000    34.8908    34.8903    -0.0005    26.9300    26.9293     79.736     79.873      0.644    1489.67    1489.68  0.000e+00
      23547     81.000     9.6177     9.6193     0.0016    3.76601    3.76611          1     5.6816     5.4529      54.58     0.1631     0.2121  1.000e-12  0.7826000    34.8916    34.8911    -0.0005    26.9320    26.9313     80.232     80.369      0.453    1489.65    1489.66  0.000e+00
      23579     81.500     9.6095     9.6110     0.0015    3.76536    3.76547          1     5.6693     5.4443      53.90     0.1582     0.2434  1.000e-12  0.8094000    34.8926    34.8923    -0.0003    26.9342    26.9337     80.727     80.865      0.430    1489.63    1489.64  0.000e+00
      23602     82.000     9.6052     9.6068     0.0016    3.76513    3.76526          1     5.6530     5.4325      53.63     0.1379     0.2215  1.000e-12  0.7704000    34.8942    34.8940    -0.0002    26.9361    26.9357     81.222     81.361      0.651    1489.63    1489.63  0.000e+00
      23618     82.500     9.5895     9.5916     0.0021    3.76445    3.76460          1     5.6560     5.4342      53.16     0.1463     0.2218  1.000e-12  0.7230000    34.9022    34.9017    -0.0005    26.9450    26.9442     81.717     81.857      0.775    1489.59    1489.60  0.000e+00
      23632     83.000     9.5774     9.5788     0.0014    3.76374    3.76386          1     5.6672     5.4363      52.80     0.1495     0.2124  1.000e-12  0.7000000    34.9064    34.9063    -0.0002    26.9503    26.9500     82.212     82.352      0.784    1489.56    1489.56  0.000e+00
      23648     83.500     9.5721     9.5731     0.0011    3.76330    3.76339          1     5.6713     5.4379      52.22     0.1794     0.1635  1.000e-12  0.4243000    34.9068    34.9067    -0.0002    26.9515    26.9512     82.707     82.848      0.663    1489.55    1489.55  0.000e+00
      23674     84.000     9.5654     9.5664     0.0010    3.76272    3.76278          1     5.6724     5.4391      51.57     0.1505     0.2004  1.000e-12  0.3917000    34.9070    34.9067    -0.0004    26.9528    26.9523     83.203     83.344      0.372    1489.53    1489.53  0.000e+00
      23717     84.500     9.5628     9.5641     0.0013    3.76254    3.76262          1     5.6745     5.4417      50.87     0.1511     0.2316  1.000e-12  0.3395000    34.9075    34.9071    -0.0004    26.9536    26.9531     83.698     83.840      0.394    1489.53    1489.54  0.000e+00
