ctdpy/exports/archive_20191121_122431/received_data/SBE09_1044_20180318_0119_34_02_0062.cnv
* Sea-Bird SBE 9 Data File:
* FileName = C:\ctd\temp\2018\ME18D062.hex
* Software Version Seasave V 7.26.6.26
* Temperature SN = 5351
* Conductivity SN = 3941
* Number of Bytes Per Scan = 41
* Number of Voltage Words = 4
* Number of Scans Averaged by the Deck Unit = 1
* NMEA Latitude = 55 15.03 N
* NMEA Longitude = 015 58.99 E
* NMEA UTC (Time) = Mar 18 2018  01:19:13
* NMEA baud rate = 4800
** Station:  BY5
** Operator:  MHAN
** Ship: MERI
** Average sound velocity: 1434.53 m/s
** True-depth calculation Sun, 18 Mar 2018 02:12:19 +0000
** CTD Python Module SMHI /ver 3-12/ feb 2012 
** LIMS Job: 20183402-0062
** Cruise: SMHI-02-2018
** Latitude [GG MM.mm N] :
** Longitude [GG MM.mm E]:
# nquan = 26
# nvalues = 170                         
# units = specified
# name 0 = scan: Scan Count
# name 1 = prDM: Pressure, Digiquartz [db]
# name 2 = t090C: Temperature [ITS-90, deg C]
# name 3 = t190C: Temperature, 2 [ITS-90, deg C]
# name 4 = T2-T190C: Temperature Difference, 2 - 1 [ITS-90, deg C]
# name 5 = c0S/m: Conductivity [S/m]
# name 6 = c1S/m: Conductivity, 2 [S/m]
# name 7 = pumps: Pump Status
# name 8 = sbeox0ML/L: Oxygen, SBE 43 [ml/l]
# name 9 = sbeox1ML/L: Oxygen, SBE 43, 2 [ml/l]
# name 10 = altM: Altimeter [m]
# name 11 = flECO-AFL: Chl-a Fluorescence, WET Labs ECO-AFL/FL [mg/m^3]
# name 12 = flECO-AFL1: Phycocyanin Fluorescence, WET Labs ECO-AFL/FL, 2 [mg/m^3]
# name 13 = par: PAR/Irradiance, Biospherical/Lico [µE/(cm^2*s)]
# name 14 = turbWETntu0: Turbidity, WET Labs ECO [NTU]
# name 15 = sal00: Salinity, Practical [PSU]
# name 16 = sal11: Salinity, Practical, 2 [PSU]
# name 17 = secS-priS: Salinity, Practical, Difference, 2 - 1 [PSU]
# name 18 = sigma-t00: Density [sigma-t, Kg/m^3 ]
# name 19 = sigma-t11: Density, 2 [sigma-t, Kg/m^3 ]
# name 20 = depSM: Depth [salt water, m], lat = 55.2505
# name 21 = depFM: Depth [true depth, m], lat = 55.2505
# name 22 = dz/dtM: Descent Rate [m/s], WS = 2
# name 23 = svCM: Sound Velocity [Chen-Millero, m/s]
# name 24 = svCM1: Sound Velocity, 2 [Chen-Millero, m/s]
# name 25 = flag: flag
# span 0 =       9138,      14853       
# span 1 =      0.500,     85.000       
# span 2 =     2.5022,     8.5075       
# span 3 =     2.5018,     8.5040       
# span 4 =    -0.0540,     0.0305       
# span 5 =   0.766514,   1.821527       
# span 6 =   0.765136,   1.821862       
# span 7 =          1,          1       
# span 8 =    0.03672,    8.79214       
# span 9 =    0.03720,    8.80666       
# span 10 =       2.05,     100.79      
# span 11 =     0.2632,     1.0501      
# span 12 =     0.2599,     0.4987      
# span 13 = -5.688e-06, 3.9273e-01      
# span 14 =     0.1594,     3.9383      
# span 15 =     7.6052,    16.9407      
# span 16 =     7.5891,    16.9446      
# span 17 =    -0.0196,     0.0573      
# span 18 =     6.0663,    13.2363      
# span 19 =     6.0534,    13.2395      
# span 20 =      0.496,     84.215      
# span 21 =      0.506,     85.901      
# span 22 =     -0.055,      1.084      
# span 23 =    1424.70,    1460.08      
# span 24 =    1424.71,    1460.07      
# span 25 = 0.0000e+00, 0.0000e+00      
# interval = decibars: 0.5              
# start_time = Mar 18 2018 01:19:13 [NMEA time, first data scan]
# bad_flag = -9.990e-29
*END*
[from data line 112]
      11750     56.500     2.5468     2.5493     0.0025    0.77073    0.77096          1     8.5023     8.5136      32.79     0.9621     0.3717  1.000e-12  0.1755000     7.6340     7.6359     0.0019     6.0893     6.0908     55.982     57.200      0.292    1425.79    1425.80  0.000e+00
      11798     57.000     2.5535     2.5530    -0.0006    0.77160    0.77148          1     8.6606     8.5258      32.20     1.0501     0.4235  1.000e-12  0.1886000     7.6416     7.6404    -0.0012     6.0953     6.0944     56.477     57.706      0.403    1425.84    1425.84  0.000e+00
      11818     57.500     3.0831     3.0991     0.0159    0.85110    0.85251          1     8.3285     7.8833      31.76     0.9835     0.3974  1.000e-12  0.1730000     8.3453     8.3559     0.0106     6.6500     6.6582     56.973     58.212      0.695    1429.20    1429.28  0.000e+00
      11833     58.000     3.9922     3.9945     0.0022    0.96570    0.96587          1     7.4593     6.9201      31.55     0.7454     0.4066  1.000e-12  0.2154000     9.3041     9.3052     0.0011     7.3955     7.3964     57.468     58.718      0.818    1434.58    1434.59  0.000e+00
      11847     58.500     4.2380     4.2312    -0.0067    0.98787    0.98705          1     6.7826     6.3639      31.30     0.5882     0.3831  1.000e-12  0.2410000     9.4621     9.4556    -0.0065     7.5125     7.5076     57.963     59.224      0.831    1435.89    1435.85  0.000e+00
      11862     59.000     4.2715     4.2767     0.0053    1.00466    1.00455          1     6.5081     6.3072      30.61     0.4290     0.3601  1.000e-12  0.2799000     9.6260     9.6233    -0.0027     7.6413     7.6390     58.459     59.729      0.740    1436.25    1436.27  0.000e+00
      11880     59.500     4.0290     4.0375     0.0085    1.01491    1.01390          1     6.5940     6.5678      29.85     0.3991     0.3350  1.000e-12  0.3294000     9.8040     9.7910    -0.0130     7.7908     7.7802     58.954     60.234      0.542    1435.41    1435.43  0.000e+00
      11913     60.000     4.3077     4.3385     0.0305    1.05311    1.05490          1     6.6347     6.5230      29.12     0.3998     0.3158  1.000e-12  0.3538000    10.1156    10.1244     0.0089     8.0279     8.0337     59.449     60.740      0.301    1437.06    1437.20  0.000e+00
      11958     60.500     4.9136     4.9423     0.0290    1.10384    1.10720          1     5.8864     5.6608      28.10     0.4280     0.2600  1.000e-12  0.3557000    10.4495    10.4749     0.0254     8.2669     8.2856     59.945     61.245      0.320    1440.16    1440.32  0.000e+00
      11988     61.000     4.9648     4.9633    -0.0014    1.14401    1.14327          1     5.7830     5.6109      27.05     0.3907     0.3814  1.000e-12  0.3670000    10.8444    10.8372    -0.0071     8.5766     8.5710     60.440     61.750      0.539    1440.89    1440.88  0.000e+00
      12006     61.500     5.3153     5.3026    -0.0126    1.20139    1.19965          1     5.5152     5.1671      26.52     0.3628     0.3590  1.000e-12  0.3883000    11.3127    11.2993    -0.0135     8.9278     8.9179     60.935     62.255      0.724    1443.01    1442.94  0.000e+00
      12021     62.000     5.9016     5.8904    -0.0115    1.25333    1.25145          1     4.8001     4.3529      26.15     0.3461     0.3484  1.000e-12  0.4171000    11.6376    11.6226    -0.0150     9.1486     9.1375     61.431     62.759      0.811    1445.94    1445.88  0.000e+00
      12036     62.500     6.9755     6.9660    -0.0093    1.33105    1.32986          1     4.1238     3.7404      25.61     0.3324     0.3066  1.000e-12  0.4111000    12.0362    12.0279    -0.0083     9.3839     9.3781     61.926     63.264      0.786    1450.95    1450.91  0.000e+00
      12052     63.000     6.8275     6.8340     0.0069    1.34556    1.34531          1     3.7205     3.4883      25.02     0.3210     0.3055  1.000e-12  0.4078000    12.2316    12.2269    -0.0047     9.5496     9.5454     62.421     63.768      0.647    1450.60    1450.62  0.000e+00
      12076     63.500     6.4735     6.4919     0.0182    1.39119    1.39324          1     3.4621     3.2776      24.32     0.3067     0.3128  1.000e-12  0.4087000    12.8134    12.8271     0.0136    10.0339    10.0432     62.917     64.273      0.403    1449.86    1449.95  0.000e+00
      12116     64.000     6.7590     6.7709     0.0120    1.46721    1.46848          1     2.9165     2.6974      23.63     0.3166     0.3551  1.000e-12  0.4758000    13.4609    13.4689     0.0080    10.5201    10.5254     63.412     64.777      0.301    1451.86    1451.92  0.000e+00
      12149     64.500     7.2531     7.2608     0.0075    1.52023    1.51973          1     2.4504     2.2328      23.27     0.3268     0.2991  1.000e-12  0.4845000    13.7900    13.7821    -0.0079    10.7359    10.7291     63.907     65.281      0.450    1454.31    1454.33  0.000e+00
      12173     65.000     8.0934     8.0899    -0.0033    1.57950    1.57864          1     2.0101     1.8308      22.84     0.3094     0.3311  1.000e-12  0.4683000    14.0317    14.0248    -0.0069    10.8450    10.8399     64.403     65.785      0.555    1458.01    1457.99  0.000e+00
      12193     65.500     8.5075     8.5040    -0.0033    1.63057    1.63046          1     1.6708     1.4910      22.39     0.2729     0.3171  1.000e-12  0.4484000    14.3573    14.3577     0.0004    11.0577    11.0583     64.898     66.288      0.611    1460.08    1460.07  0.000e+00
      12212     66.000     8.0758     8.0785     0.0026    1.65785    1.65749          1     1.3914     1.2468      21.83     0.2654     0.3186  1.000e-12  0.4257000    14.7983    14.7937    -0.0045    11.4468    11.4429     65.393     66.792      0.630    1458.91    1458.92  0.000e+00
      12231     66.500     7.9292     7.9277    -0.0015    1.65830    1.65777          1     1.2054     1.1207      21.26     0.2712     0.3173  1.000e-12  0.4025000    14.8643    14.8598    -0.0045    11.5133    11.5099     65.888     67.296      0.598    1458.42    1458.40  0.000e+00
      12253     67.000     7.9325     7.9329     0.0003    1.66637    1.66566          1     1.0698     1.0013      20.70     0.2641     0.3190  1.000e-12  0.4115000    14.9414    14.9344    -0.0070    11.5732    11.5677     66.384     67.799      0.521    1458.53    1458.52  0.000e+00
      12278     67.500     7.8756     7.8775     0.0019    1.69540    1.69537          1     0.9030     0.8338      20.13     0.2806     0.3186  1.000e-12  0.3844000    15.2494    15.2482    -0.0012    11.8198    11.8187     66.879     68.302      0.435    1458.69    1458.70  0.000e+00
      12309     68.000     7.8108     7.8108    -0.0001    1.71001    1.71007          1     0.7685     0.7248      19.58     0.2883     0.3159  1.000e-12  0.3419000    15.4207    15.4213     0.0006    11.9602    11.9607     67.374     68.806      0.368    1458.65    1458.65  0.000e+00
      12342     68.500     7.7406     7.7415     0.0008    1.72394    1.72369          1     0.6682     0.6325      19.10     0.2977     0.3017  1.000e-12  0.3336000    15.5885    15.5856    -0.0029    12.0985    12.0962     67.870     69.309      0.370    1458.58    1458.58  0.000e+00
      12373     69.000     7.7105     7.7101    -0.0005    1.73577    1.73556          1     0.5787     0.5400      18.61     0.2949     0.3129  1.000e-12  0.3456000    15.7183    15.7164    -0.0019    12.2030    12.2016     68.365     69.812      0.400    1458.63    1458.63  0.000e+00
      12402     69.500     7.6661     7.6662     0.0001    1.74474    1.74465          1     0.4948     0.4446      18.18     0.2739     0.2881  1.000e-12  0.3713000    15.8267    15.8258    -0.0009    12.2922    12.2915     68.860     70.315      0.486    1458.59    1458.59  0.000e+00
      12424     70.000     7.5765     7.5770     0.0005    1.75100    1.75094          1     0.4121     0.3613      17.65     0.2632     0.2949  1.000e-12  0.3669000    15.9293    15.9284    -0.0009    12.3814    12.3807     69.356     70.818      0.635    1458.37    1458.37  0.000e+00
      12440     70.500     7.5067     7.5077     0.0011    1.75533    1.75515          1     0.3646     0.3317      17.25     0.2717     0.3123  1.000e-12  0.3705000    16.0040    16.0017    -0.0022    12.4467    12.4449     69.851     71.321      0.730    1458.19    1458.19  0.000e+00
      12456     71.000     7.4322     7.4328     0.0006    1.75984    1.75980          1     0.3466     0.3274      16.76     0.2963     0.2693  1.000e-12  0.3823000    16.0830    16.0823    -0.0007    12.5158    12.5153     70.346     71.824      0.696    1457.99    1457.99  0.000e+00
      12477     71.500     7.3731     7.3732    -0.0001    1.76258    1.76250          1     0.3434     0.3347      16.23     0.2875     0.2886  1.000e-12  0.3572000    16.1376    16.1367    -0.0009    12.5644    12.5636     70.842     72.327      0.433    1457.83    1457.83  0.000e+00
      12561     72.000     7.4618     7.4075    -0.0540    1.75346    1.75670          1     0.3777     0.3227      15.56     0.2810     0.2899  1.000e-12  0.3019000    16.0058    16.0631     0.0573    12.4525    12.5026     71.337     72.830      0.431    1458.03    1457.88  0.000e+00
      12573     72.500     7.2931     7.2915    -0.0018    1.77025    1.77032          1     0.2988     0.2431      15.32     0.2848     0.2599  1.000e-12  0.3214000    16.2511    16.2526     0.0015    12.6609    12.6622     71.832     73.333      0.805    1457.66    1457.66  0.000e+00
      12586     73.000     7.2606     7.2612     0.0006    1.77343    1.77334          1     0.2589     0.2186      14.93     0.2847     0.2842  1.000e-12  0.3264000    16.2980    16.2969    -0.0011    12.7008    12.6999     72.328     73.836      0.927    1457.60    1457.60  0.000e+00
      12598     73.500     7.2323     7.2326     0.0003    1.77590    1.77587          1     0.2314     0.2005      14.47     0.2856     0.2866  1.000e-12  0.3231000    16.3360    16.3355    -0.0004    12.7332    12.7328     72.823     74.339      0.901    1457.54    1457.54  0.000e+00
      12612     74.000     7.1992     7.2002     0.0010    1.77840    1.77833          1     0.2063     0.1810      13.95     0.2861     0.3124  1.000e-12  0.3216000    16.3765    16.3754    -0.0011    12.7681    12.7671     73.318     74.842      0.702    1457.46    1457.46  0.000e+00
      12653     74.500     7.2073     7.2064    -0.0008    1.77824    1.77784          1     0.2057     0.1896      13.06     0.2851     0.3295  1.000e-12  0.3351000    16.3710    16.3675    -0.0035    12.7631    12.7604     73.814     75.345      0.320    1457.49    1457.49  0.000e+00
      12705     75.000     7.1723     7.1567    -0.0155    1.78282    1.78478          1     0.1838     0.1460      12.45     0.2705     0.3027  1.000e-12  0.3496000    16.4334    16.4606     0.0271    12.8153    12.8380     74.309     75.847      0.444    1457.44    1457.41  0.000e+00
      12726     75.500     7.0770     7.0782     0.0012    1.79355    1.79336          1     0.1318     0.1008      11.92     0.2748     0.2616  1.000e-12  0.3857000    16.5865    16.5841    -0.0025    12.9443    12.9423     74.804     76.350      0.574    1457.25    1457.25  0.000e+00
      12746     76.000     7.0395     7.0418     0.0023    1.80139    1.80130          1     0.1031     0.0821      11.50     0.2933     0.2599  1.000e-12  0.4177000    16.6834    16.6814    -0.0020    13.0238    13.0220     75.299     76.853      0.588    1457.22    1457.23  0.000e+00
      12767     76.500     6.9852     6.9872     0.0020    1.80427    1.80423          1     0.0883     0.0781      11.04     0.3104     0.3030  1.000e-12  0.4374000    16.7387    16.7373    -0.0013    13.0722    13.0709     75.795     77.356      0.527    1457.08    1457.09  0.000e+00
      12792     77.000     6.9889     6.9877    -0.0012    1.80818    1.80809          1     0.0857     0.0777      10.46     0.3242     0.3172  1.000e-12  0.4301000    16.7762    16.7759    -0.0003    13.1013    13.1012     76.290     77.858      0.444    1457.15    1457.14  0.000e+00
      12822     77.500     7.0033     7.0033     0.0000    1.81027    1.81026          1     0.0883     0.0776       9.89     0.3292     0.3060  1.000e-12  0.5163000    16.7902    16.7901    -0.0001    13.1109    13.1109     76.785     78.361      0.381    1457.23    1457.23  0.000e+00
      12855     78.000     7.0000     7.0003     0.0003    1.81096    1.81096          1     0.0859     0.0788       9.37     0.3217     0.3457  1.000e-12  0.5250000    16.7987    16.7985    -0.0002    13.1179    13.1177     77.281     78.864      0.357    1457.24    1457.24  0.000e+00
      12887     78.500     6.9945     6.9949     0.0003    1.81150    1.81150          1     0.0882     0.0779       8.86     0.3431     0.2857  1.000e-12  0.4797000    16.8066    16.8065    -0.0001    13.1246    13.1245     77.776     79.366      0.412    1457.23    1457.23  0.000e+00
      12914     79.000     6.9937     6.9939     0.0001    1.81173    1.81174          1     0.0845     0.0799       8.37     0.3242     0.2822  1.000e-12  0.4909000    16.8092    16.8092    -0.0000    13.1267    13.1267     78.271     79.869      0.509    1457.24    1457.24  0.000e+00
      12935     79.500     6.9927     6.9930     0.0003    1.81182    1.81184          1     0.0824     0.0735       7.88     0.3213     0.2747  1.000e-12  0.5106000    16.8105    16.8105    -0.0000    13.1278    13.1278     78.766     80.372      0.580    1457.25    1457.25  0.000e+00
      12955     80.000     6.9894     6.9897     0.0002    1.81200    1.81200          1     0.0827     0.0717       7.40     0.3432     0.3182  1.000e-12  0.5010000    16.8138    16.8136    -0.0001    13.1307    13.1306     79.262     80.874      0.569    1457.25    1457.25  0.000e+00
      12979     80.500     6.9869     6.9872     0.0003    1.81272    1.81270          1     0.0784     0.0746       6.83     0.3332     0.2955  1.000e-12  0.5006000    16.8222    16.8218    -0.0003    13.1375    13.1372     79.757     81.377      0.431    1457.25    1457.25  0.000e+00
      13019     81.000     6.9866     6.9869     0.0003    1.81337    1.81338          1     0.0785     0.0705       6.18     0.3255     0.3401  1.000e-12  0.4508000    16.8288    16.8287    -0.0000    13.1427    13.1427     80.252     81.880      0.259    1457.27    1457.27  0.000e+00
      13060     81.500     6.9854     6.9857     0.0003    1.81437    1.81435          1     0.0755     0.0710       5.70     0.3326     0.3165  1.000e-12  0.4897000    16.8393    16.8390    -0.0003    13.1511    13.1508     80.748     82.382      0.439    1457.29    1457.29  0.000e+00
      13081     82.000     6.9813     6.9815     0.0003    1.81506    1.81506          1     0.0753     0.0678       5.33     0.3342     0.2818  1.000e-12  0.5665000    16.8481    16.8480    -0.0001    13.1584    13.1583     81.243     82.885      0.627    1457.29    1457.29  0.000e+00
      13099     82.500     6.9753     6.9757     0.0004    1.81534    1.81535          1     0.0727     0.0674       4.90     0.3459     0.2800  1.000e-12  0.6154000    16.8538    16.8537    -0.0001    13.1634    13.1633     81.738     83.388      0.699    1457.28    1457.28  0.000e+00
      13115     83.000     6.9699     6.9705     0.0006    1.81562    1.81564          1     0.0725     0.0676       4.47     0.3342     0.3050  1.000e-12  0.5157000    16.8592    16.8591    -0.0001    13.1681    13.1680     82.234     83.890      0.671    1457.27    1457.27  0.000e+00
      13135     83.500     6.9441     6.9450     0.0009    1.81656    1.81656          1     0.0732     0.0685       3.89     0.3335     0.3519  1.000e-12  0.5042000    16.8811    16.8807    -0.0004    13.1877    13.1873     82.729     84.393      0.527    1457.20    1457.20  0.000e+00
