ctdpy/exports/archive_20191121_122431/received_data/SBE09_0827_20181126_1145_26_01_1252.cnv
* Sea-Bird SBE 9 Data File:
* FileName = D:\CTD_SBE911\DAT\26DA.2018.12.52.hex
* Software Version Seasave V 7.21d
* Temperature SN = 4548
* Conductivity SN = 3062
* Number of Bytes Per Scan = 48
* Number of Voltage Words = 5
* Number of Scans Averaged by the Deck Unit = 1
* NMEA Latitude = 56 42.44 N
* NMEA Longitude = 017 02.78 E
* NMEA UTC (Time) = Nov 26 2018  11:46:05
* NMEA baud rate = 4800
** Ship: DANA
** Average sound velocity: 1441.16 m/s
** True-depth calculation Tue, 02 Apr 2019 12:15:31 +0000
** CTD Python Module SMHI /ver 3-12/ feb 2012 
** LIMS Job: 20182601-1252
** Operator: Ronny
** Cruise: 12/2018
# nquan = 26
# nvalues = 153                         
# units = specified
# name 0 = scan: Scan Count
# name 1 = prDM: Pressure, Digiquartz [db]
# name 2 = t090C: Temperature [ITS-90, deg C]
# name 3 = t190C: Temperature, 2 [ITS-90, deg C]
# name 4 = T2-T190C: Temperature Difference, 2 - 1 [ITS-90, deg C]
# name 5 = c0S/m: Conductivity [S/m]
# name 6 = c1S/m: Conductivity, 2 [S/m]
# name 7 = pumps: Pump Status
# name 8 = sbeox1ML/L: Oxygen, SBE 43, 2 [ml/l]
# name 9 = sbeox0ML/L: Oxygen, SBE 43 [ml/l]
# name 10 = altM: Altimeter [m]
# name 11 = chloroflTC0: Chlorophyll, Turner Cyclops [ug/l]
# name 12 = cpar: CPAR/Corrected Irradiance [%]
# name 13 = par: PAR/Irradiance, Biospherical/Lico [µE/(cm^2*s)]
# name 14 = spar: SPAR, Biospherical/Licor
# name 15 = sal00: Salinity, Practical [PSU]
# name 16 = sal11: Salinity, Practical, 2 [PSU]
# name 17 = secS-priS: Salinity, Practical, Difference, 2 - 1 [PSU]
# name 18 = sigma-t00: Density [sigma-t, kg/m^3 ]
# name 19 = sigma-t11: Density, 2 [sigma-t, kg/m^3 ]
# name 20 = depSM: Depth [salt water, m], lat = 56.7073
# name 21 = depFM: Depth [true depth, m], lat = 56.7073
# name 22 = dz/dtM: Descent Rate [m/s], WS = 2
# name 23 = svCM: Sound Velocity [Chen-Millero, m/s]
# name 24 = svCM1: Sound Velocity, 2 [Chen-Millero, m/s]
# name 25 = flag: flag
# span 0 =        202,       7207       
# span 1 =      0.500,     76.500       
# span 2 =     4.0863,     7.2396       
# span 3 =     4.0801,     7.2401       
# span 4 =    -0.2784,     0.0661       
# span 5 =   0.806924,   0.924651       
# span 6 =   0.806303,   0.934256       
# span 7 =          1,          1       
# span 8 =     1.9922,     7.6437       
# span 9 =     2.0582,     7.8712       
# span 10 =       1.07,       9.99      
# span 11 =     0.0158,     0.0277      
# span 12 = -4.456e-06, 1.8741e+00      
# span 13 = -5.383e-05, 2.2460e+01      
# span 14 = 1.1728e+03, 1.2246e+03      
# span 15 =     7.1683,     8.7047      
# span 16 =     7.1682,     8.7923      
# span 17 =    -0.0066,     0.1059      
# span 18 =     5.5707,     6.8981      
# span 19 =     5.5706,     6.9661      
# span 20 =      0.495,     75.785      
# span 21 =      0.506,     77.468      
# span 22 =      0.156,      0.341      
# span 23 =    1433.13,    1445.83      
# span 24 =    1433.10,    1445.83      
# span 25 = 0.0000e+00, 0.0000e+00      
# interval = decibars: 0.5              
# start_time = Nov 26 2018 11:46:05 [NMEA time, first data scan]
# bad_flag = -9.990e-29
*END*
        202      0.500     6.8587     6.8587     0.0001    0.81988    0.81987          1     7.6230     7.8664       9.99     0.0247  1.874e+00  2.246e+01  1.194e+03     7.1688     7.1687    -0.0001     5.5710     5.5709      0.495      0.506      0.165    1443.40    1443.40  0.000e+00
        298      1.000     6.8589     6.8593     0.0003    0.81989    0.81988          1     7.6250     7.8671       9.99     0.0254  1.167e+00  1.413e+01  1.211e+03     7.1688     7.1687    -0.0002     5.5710     5.5708      0.991      1.013      0.251    1443.41    1443.41  0.000e+00
        337      1.500     6.8595     6.8596     0.0001    0.81991    0.81989          1     7.6236     7.8623       9.99     0.0255  1.001e+00  1.220e+01  1.218e+03     7.1688     7.1687    -0.0001     5.5709     5.5708      1.486      1.519      0.300    1443.42    1443.42  0.000e+00
        381      2.000     6.8591     6.8595     0.0005    0.81991    0.81990          1     7.6321     7.8711       9.99     0.0261  8.176e-01  9.937e+00  1.215e+03     7.1688     7.1687    -0.0001     5.5710     5.5708      1.982      2.026      0.258    1443.43    1443.43  0.000e+00
        433      2.500     6.8586     6.8594     0.0008    0.81989    0.81990          1     7.6311     7.8697       9.99     0.0277  6.845e-01  8.281e+00  1.210e+03     7.1688     7.1687    -0.0001     5.5709     5.5708      2.477      2.532      0.228    1443.43    1443.44  0.000e+00
        476      3.000     6.8576     6.8581     0.0006    0.81987    0.81988          1     7.6422     7.8612       9.99     0.0256  5.596e-01  6.737e+00  1.204e+03     7.1687     7.1687    -0.0001     5.5710     5.5709      2.973      3.039      0.341    1443.44    1443.44  0.000e+00
        523      3.500     6.8561     6.8568     0.0008    0.81983    0.81985          1     7.6381     7.8698       9.99     0.0258  4.850e-01  5.838e+00  1.204e+03     7.1686     7.1686    -0.0000     5.5710     5.5709      3.468      3.545      0.224    1443.44    1443.44  0.000e+00
        576      4.000     6.8542     6.8559     0.0017    0.81980    0.81983          1     7.6268     7.8696       9.99     0.0263  4.236e-01  5.101e+00  1.204e+03     7.1686     7.1685    -0.0001     5.5711     5.5709      3.963      4.052      0.311    1443.44    1443.45  0.000e+00
        617      4.500     6.8534     6.8549     0.0015    0.81978    0.81981          1     7.6324     7.8697       9.99     0.0259  3.771e-01  4.533e+00  1.202e+03     7.1686     7.1685    -0.0000     5.5711     5.5710      4.459      4.558      0.239    1443.44    1443.45  0.000e+00
        672      5.000     6.8536     6.8539     0.0003    0.81980    0.81979          1     7.6373     7.8686       9.99     0.0258  3.220e-01  3.876e+00  1.204e+03     7.1686     7.1685    -0.0002     5.5711     5.5710      4.954      5.064      0.250    1443.45    1443.45  0.000e+00
        719      5.500     6.8543     6.8542    -0.0001    0.81982    0.81981          1     7.6419     7.8712       9.99     0.0257  2.884e-01  3.461e+00  1.200e+03     7.1686     7.1685    -0.0001     5.5711     5.5710      5.450      5.571      0.236    1443.46    1443.46  0.000e+00
        772      6.000     6.8546     6.8546    -0.0001    0.81983    0.81982          1     7.6400     7.8676       9.99     0.0260  2.499e-01  2.996e+00  1.199e+03     7.1686     7.1685    -0.0001     5.5711     5.5710      5.945      6.077      0.237    1443.47    1443.47  0.000e+00
        820      6.500     6.8573     6.8569    -0.0004    0.81990    0.81988          1     7.6350     7.8615       9.99     0.0263  2.210e-01  2.643e+00  1.196e+03     7.1686     7.1685    -0.0001     5.5709     5.5708      6.440      6.584      0.243    1443.49    1443.49  0.000e+00
        869      7.000     6.8528     6.8550     0.0022    0.81980    0.81984          1     7.6383     7.8683       9.98     0.0262  1.859e-01  2.236e+00  1.203e+03     7.1685     7.1684    -0.0001     5.5711     5.5709      6.936      7.090      0.275    1443.48    1443.49  0.000e+00
        912      7.500     6.8539     6.8533    -0.0006    0.81982    0.81981          1     7.6335     7.8649       9.98     0.0263  1.686e-01  2.027e+00  1.202e+03     7.1685     7.1684    -0.0001     5.5710     5.5710      7.431      7.597      0.254    1443.49    1443.49  0.000e+00
        964      8.000     6.8575     6.8558    -0.0017    0.81991    0.81986          1     7.6392     7.8685       9.98     0.0268  1.433e-01  1.730e+00  1.208e+03     7.1685     7.1684    -0.0001     5.5708     5.5708      7.927      8.103      0.227    1443.52    1443.51  0.000e+00
       1013      8.500     6.8582     6.8571    -0.0012    0.81995    0.81990          1     7.6298     7.8691       9.98     0.0270  1.293e-01  1.567e+00  1.211e+03     7.1687     7.1684    -0.0003     5.5709     5.5707      8.422      8.610      0.253    1443.53    1443.52  0.000e+00
       1064      9.000     6.8574     6.8577     0.0003    0.81992    0.81992          1     7.6343     7.8601       9.98     0.0272  1.112e-01  1.335e+00  1.200e+03     7.1685     7.1685    -0.0001     5.5708     5.5707      8.917      9.116      0.225    1443.53    1443.53  0.000e+00
       1113      9.500     6.8552     6.8570     0.0018    0.81986    0.81990          1     7.6292     7.8604       9.98     0.0275  9.626e-02  1.164e+00  1.209e+03     7.1683     7.1684     0.0001     5.5708     5.5707      9.413      9.622      0.271    1443.53    1443.54  0.000e+00
       1156     10.000     6.8549     6.8555     0.0006    0.81987    0.81986          1     7.6390     7.8626       9.98     0.0269  8.574e-02  1.033e+00  1.205e+03     7.1684     7.1682    -0.0001     5.5709     5.5707      9.908     10.129      0.269    1443.54    1443.54  0.000e+00
       1203     10.500     6.8560     6.8556    -0.0005    0.81990    0.81988          1     7.6412     7.8588       9.97     0.0269  7.477e-02  8.841e-01  1.182e+03     7.1684     7.1683    -0.0001     5.5708     5.5707     10.404     10.635      0.258    1443.55    1443.55  0.000e+00
       1248     11.000     6.8533     6.8551     0.0017    0.81984    0.81987          1     7.6382     7.8588       9.97     0.0276  6.583e-02  7.876e-01  1.197e+03     7.1683     7.1682    -0.0001     5.5709     5.5708     10.899     11.142      0.263    1443.55    1443.55  0.000e+00
       1297     11.500     6.8565     6.8551    -0.0014    0.81993    0.81988          1     7.6386     7.8705       9.97     0.0269  5.565e-02  6.685e-01  1.202e+03     7.1685     7.1683    -0.0002     5.5709     5.5708     11.394     11.648      0.235    1443.57    1443.56  0.000e+00
       1348     12.000     6.8593     6.8573    -0.0020    0.82001    0.81995          1     7.6326     7.8605       9.97     0.0268  4.868e-02  5.791e-01  1.189e+03     7.1686     7.1684    -0.0002     5.5707     5.5707     11.890     12.155      0.248    1443.59    1443.58  0.000e+00
       1393     12.500     6.8588     6.8590     0.0002    0.82000    0.82000          1     7.6276     7.8667       9.97     0.0268  4.168e-02  4.998e-01  1.200e+03     7.1686     7.1685    -0.0001     5.5707     5.5707     12.385     12.661      0.273    1443.59    1443.59  0.000e+00
       1438     13.000     6.8597     6.8590    -0.0008    0.82004    0.82000          1     7.6359     7.8684       9.97     0.0267  3.542e-02  4.273e-01  1.206e+03     7.1686     7.1684    -0.0002     5.5708     5.5706     12.881     13.168      0.262    1443.61    1443.60  0.000e+00
       1483     13.500     6.8609     6.8596    -0.0012    0.82008    0.82002          1     7.6408     7.8614       9.97     0.0269  3.077e-02  3.686e-01  1.198e+03     7.1687     7.1685    -0.0003     5.5708     5.5706     13.376     13.674      0.276    1443.62    1443.61  0.000e+00
       1526     14.000     6.8579     6.8600     0.0021    0.82000    0.82005          1     7.6339     7.8592       9.97     0.0270  2.553e-02  3.080e-01  1.207e+03     7.1686     7.1685    -0.0000     5.5708     5.5707     13.871     14.181      0.280    1443.61    1443.62  0.000e+00
       1570     14.500     6.8593     6.8600     0.0006    0.82005    0.82005          1     7.6339     7.8618       9.97     0.0274  2.169e-02  2.606e-01  1.201e+03     7.1687     7.1685    -0.0001     5.5708     5.5706     14.367     14.687      0.253    1443.63    1443.63  0.000e+00
       1619     15.000     6.8594     6.8598     0.0003    0.82005    0.82005          1     7.6328     7.8646       9.97     0.0276  1.758e-02  2.122e-01  1.208e+03     7.1686     7.1685    -0.0001     5.5708     5.5706     14.862     15.193      0.261    1443.64    1443.64  0.000e+00
       1662     15.500     6.8596     6.8598     0.0002    0.82007    0.82005          1     7.6228     7.8613       9.96     0.0269  1.334e-02  1.617e-01  1.212e+03     7.1687     7.1685    -0.0002     5.5708     5.5706     15.357     15.700      0.277    1443.64    1443.64  0.000e+00
       1708     16.000     6.8606     6.8610     0.0004    0.82011    0.82010          1     7.6260     7.8590       9.96     0.0269  9.746e-03  1.166e-01  1.197e+03     7.1688     7.1686    -0.0001     5.5708     5.5707     15.853     16.206      0.253    1443.66    1443.66  0.000e+00
       1754     16.500     6.8612     6.8609    -0.0004    0.82015    0.82011          1     7.6357     7.8537       9.96     0.0271  7.411e-03  8.864e-02  1.195e+03     7.1689     7.1686    -0.0003     5.5709     5.5707     16.348     16.713      0.281    1443.67    1443.67  0.000e+00
       1795     17.000     6.8608     6.8606    -0.0002    0.82013    0.82011          1     7.6341     7.8571       9.96     0.0269  4.567e-03  5.460e-02  1.196e+03     7.1688     7.1686    -0.0002     5.5708     5.5707     16.844     17.219      0.287    1443.67    1443.67  0.000e+00
       1838     17.500     6.8594     6.8602     0.0008    0.82008    0.82009          1     7.6226     7.8603       9.96     0.0268  2.610e-03  3.152e-02  1.208e+03     7.1685     7.1685    -0.0000     5.5707     5.5706     17.339     17.726      0.268    1443.67    1443.68  0.000e+00
       1885     18.000     6.8603     6.8599    -0.0004    0.82013    0.82008          1     7.6297     7.8624       9.96     0.0267  6.634e-04  8.013e-03  1.208e+03     7.1688     7.1684    -0.0003     5.5708     5.5706     17.834     18.232      0.253    1443.69    1443.68  0.000e+00
       1930     18.500     6.8610     6.8609    -0.0000    0.82017    0.82015          1     7.6230     7.8570       9.96     0.0266 -4.456e-06 -5.383e-05  1.200e+03     7.1689     7.1687    -0.0002     5.5709     5.5708     18.330     18.739      0.276    1443.70    1443.70  0.000e+00
       1975     19.000     6.8582     6.8597     0.0014    0.82006    0.82010          1     7.6377     7.8489       9.96     0.0269 -8.232e-12 -9.963e-11  1.208e+03     7.1685     7.1685     0.0000     5.5707     5.5706     18.825     19.245      0.260    1443.69    1443.70  0.000e+00
       2020     19.500     6.8591     6.8594     0.0003    0.82009    0.82010          1     7.6291     7.8570       9.96     0.0268  8.279e-14  1.000e-12  1.208e+03     7.1685     7.1685    -0.0000     5.5707     5.5706     19.320     19.751      0.278    1443.71    1443.71  0.000e+00
       2062     20.000     6.8588     6.8594     0.0006    0.82009    0.82010          1     7.6322     7.8643       9.96     0.0269  8.253e-14  1.000e-12  1.212e+03     7.1685     7.1684    -0.0000     5.5707     5.5706     19.816     20.258      0.288    1443.71    1443.72  0.000e+00
       2106     20.500     6.8586     6.8594     0.0008    0.82010    0.82010          1     7.6274     7.8712       9.96     0.0266  8.360e-14  1.000e-12  1.196e+03     7.1685     7.1684    -0.0001     5.5707     5.5706     20.311     20.764      0.263    1443.72    1443.72  0.000e+00
       2150     21.000     6.8589     6.8593     0.0004    0.82011    0.82010          1     7.6295     7.8620       9.96     0.0270  8.346e-14  1.000e-12  1.198e+03     7.1685     7.1684    -0.0001     5.5707     5.5706     20.807     21.271      0.278    1443.73    1443.73  0.000e+00
       2194     21.500     6.8600     6.8595    -0.0005    0.82016    0.82012          1     7.6437     7.8635       9.96     0.0269  8.321e-14  1.000e-12  1.202e+03     7.1687     7.1684    -0.0002     5.5708     5.5706     21.302     21.777      0.267    1443.74    1443.74  0.000e+00
       2241     22.000     6.8605     6.8601    -0.0004    0.82019    0.82015          1     7.6218     7.8597       9.96     0.0269  8.331e-14  1.000e-12  1.200e+03     7.1688     7.1685    -0.0003     5.5708     5.5706     21.797     22.284      0.254    1443.75    1443.75  0.000e+00
       2285     22.500     6.8607     6.8606    -0.0001    0.82022    0.82018          1     7.6272     7.8594       9.96     0.0270  8.320e-14  1.000e-12  1.202e+03     7.1690     7.1686    -0.0003     5.5709     5.5707     22.293     22.790      0.284    1443.76    1443.76  0.000e+00
       2328     23.000     6.8591     6.8604     0.0012    0.82018    0.82019          1     7.6318     7.8556       9.96     0.0270  8.313e-14  1.000e-12  1.203e+03     7.1689     7.1687    -0.0001     5.5710     5.5708     22.788     23.297      0.272    1443.76    1443.77  0.000e+00
       2373     23.500     6.8596     6.8596     0.0000    0.82020    0.82017          1     7.6241     7.8530       9.96     0.0269  8.350e-14  1.000e-12  1.198e+03     7.1690     7.1687    -0.0003     5.5710     5.5708     23.283     23.803      0.275    1443.77    1443.77  0.000e+00
       2415     24.000     6.8607     6.8595    -0.0012    0.82027    0.82018          1     7.6238     7.8486       9.96     0.0266  8.379e-14  1.000e-12  1.194e+03     7.1692     7.1687    -0.0005     5.5712     5.5708     23.779     24.309      0.281    1443.78    1443.78  0.000e+00
       2460     24.500     6.8638     6.8613    -0.0025    0.82042    0.82028          1     7.6251     7.8510       9.96     0.0269  8.261e-14  1.000e-12  1.210e+03     7.1700     7.1692    -0.0008     5.5716     5.5711     24.274     24.816      0.261    1443.81    1443.80  0.000e+00
       2505     25.000     6.8720     6.8665    -0.0055    0.82088    0.82056          1     7.6295     7.8513       9.96     0.0259  8.294e-14  1.000e-12  1.206e+03     7.1725     7.1707    -0.0018     5.5730     5.5719     24.770     25.322      0.271    1443.85    1443.83  0.000e+00
       2549     25.500     6.8776     6.8731    -0.0045    0.82129    0.82100          1     7.6057     7.8504       9.96     0.0263  8.309e-14  1.000e-12  1.204e+03     7.1752     7.1733    -0.0019     5.5747     5.5736     25.265     25.829      0.268    1443.89    1443.87  0.000e+00
       2595     26.000     6.8781     6.8760    -0.0021    0.82135    0.82120          1     7.6076     7.8366       9.96     0.0263  8.408e-14  1.000e-12  1.189e+03     7.1756     7.1746    -0.0009     5.5750     5.5744     25.760     26.335      0.262    1443.90    1443.89  0.000e+00
       2639     26.500     6.8782     6.8772    -0.0011    0.82138    0.82129          1     7.6015     7.8358       9.96     0.0270  8.458e-14  1.000e-12  1.182e+03     7.1757     7.1751    -0.0006     5.5751     5.5747     26.256     26.842      0.285    1443.91    1443.90  0.000e+00
       2682     27.000     6.8813     6.8782    -0.0031    0.82157    0.82137          1     7.6141     7.8376       9.96     0.0259  8.451e-14  1.000e-12  1.183e+03     7.1768     7.1756    -0.0012     5.5758     5.5750     26.751     27.348      0.272    1443.93    1443.91  0.000e+00
       2727     27.500     6.8880     6.8831    -0.0049    0.82202    0.82169          1     7.6082     7.8351       9.96     0.0257  8.348e-14  1.000e-12  1.198e+03     7.1796     7.1776    -0.0020     5.5775     5.5763     27.246     27.855      0.272    1443.97    1443.95  0.000e+00
