ctdpy/exports/archive_20191121_122431/received_data/SBE09_1044_20181114_1817_34_01_0147.cnv
* Sea-Bird SBE 9 Data File:
* FileName = C:\ctd\temp\ar18d147.hex
* Software Version Seasave V 7.26.7.107
* Temperature SN = 5351
* Conductivity SN = 3941
* Number of Bytes Per Scan = 41
* Number of Voltage Words = 4
* Number of Scans Averaged by the Deck Unit = 1
* NMEA Latitude = 58 35.62 N
* NMEA Longitude = 018 14.20 E
* NMEA UTC (Time) = Nov 14 2018  18:17:16
* NMEA baud rate = 4800
** Station:  BY31_CTD
** Operator:  AKTh
** Ship: ARANDA
** Average sound velocity: 1448.48 m/s
** True-depth calculation Wed, 14 Nov 2018 19:18:52 +0000
** CTD Python Module SMHI /ver 3-12/ feb 2012 
** LIMS Job: 20183401-0147
** Cruise: SMHI-6-2018
** Latitude [GG MM.mm N]:
** Longitude [GG MM.mm E]
# nquan = 26
# nvalues = 881                         
# units = specified
# name 0 = scan: Scan Count
# name 1 = prDM: Pressure, Digiquartz [db]
# name 2 = t090C: Temperature [ITS-90, deg C]
# name 3 = t190C: Temperature, 2 [ITS-90, deg C]
# name 4 = T2-T190C: Temperature Difference, 2 - 1 [ITS-90, deg C]
# name 5 = c0S/m: Conductivity [S/m]
# name 6 = c1S/m: Conductivity, 2 [S/m]
# name 7 = pumps: Pump Status
# name 8 = sbeox0ML/L: Oxygen, SBE 43 [ml/l]
# name 9 = sbeox1ML/L: Oxygen, SBE 43, 2 [ml/l]
# name 10 = altM: Altimeter [m]
# name 11 = flECO-AFL: Chl-a Fluorescence, WET Labs ECO-AFL/FL [mg/m^3]
# name 12 = flECO-AFL1: Phycocyanin Fluorescence, WET Labs ECO-AFL/FL, 2 [mg/m^3]
# name 13 = par: PAR/Irradiance, Biospherical/Lico [µE/(cm^2*s)]
# name 14 = turbWETntu0: Turbidity, WET Labs ECO [NTU]
# name 15 = sal00: Salinity, Practical [PSU]
# name 16 = sal11: Salinity, Practical, 2 [PSU]
# name 17 = secS-priS: Salinity, Practical, Difference, 2 - 1 [PSU]
# name 18 = sigma-t00: Density [sigma-t, Kg/m^3 ]
# name 19 = sigma-t11: Density, 2 [sigma-t, Kg/m^3 ]
# name 20 = depSM: Depth [salt water, m], lat = 58.5937
# name 21 = depFM: Depth [true depth, m], lat = 58.5937
# name 22 = dz/dtM: Descent Rate [m/s], WS = 2
# name 23 = svCM: Sound Velocity [Chen-Millero, m/s]
# name 24 = svCM1: Sound Velocity, 2 [Chen-Millero, m/s]
# name 25 = flag: flag
# span 0 =      11317,      31028       
# span 1 =      1.000,    441.000       
# span 2 =     4.4141,     7.9810       
# span 3 =     4.4207,     7.9820       
# span 4 =    -0.0217,     0.0134       
# span 5 =   0.802506,   1.248935       
# span 6 =   0.802717,   1.248935       
# span 7 =          1,          1       
# span 8 =    0.00974,    7.70090       
# span 9 =    0.04082,    7.30773       
# span 10 =       3.06,      99.90      
# span 11 =     0.2488,     1.4722      
# span 12 =     0.1389,     0.4305      
# span 13 = -4.285e-03, 1.0550e+00      
# span 14 =     0.1432,     1.8628      
# span 15 =     6.7969,    11.4066      
# span 16 =     6.7966,    11.4061      
# span 17 =    -0.0021,     0.0039      
# span 18 =     5.1980,     8.9443      
# span 19 =     5.1976,     8.9438      
# span 20 =      0.991,    436.427      
# span 21 =      1.013,    445.474      
# span 22 =      0.059,      0.690      
# span 23 =    1434.16,    1453.20      
# span 24 =    1434.19,    1453.20      
# span 25 = 0.0000e+00, 0.0000e+00      
# interval = decibars: 0.5              
# start_time = Nov 14 2018 18:17:16 [NMEA time, first data scan]
# bad_flag = -9.990e-29
*END*
[from data line 112]
      13975     57.000     5.1210     5.1228     0.0017    0.87962    0.87964          1     4.8648     4.7862      98.16     0.2986     0.2321  1.000e-12  0.2312000     8.1312     8.1310    -0.0003     6.4243     6.4240     56.461     57.738      0.551    1438.06    1438.07  0.000e+00
      13996     57.500     5.1171     5.1189     0.0018    0.88010    0.88010          1     4.8543     4.7657      98.16     0.3035     0.2469  1.000e-12  0.2326000     8.1368     8.1364    -0.0004     6.4289     6.4284     56.956     58.244      0.552    1438.06    1438.07  0.000e+00
      14018     58.000     5.1120     5.1137     0.0017    0.88056    0.88056          1     4.8540     4.7524      98.17     0.2849     0.1944  1.000e-12  0.2175000     8.1426     8.1422    -0.0004     6.4336     6.4333     57.452     58.750      0.536    1438.05    1438.06  0.000e+00
      14041     58.500     5.0996     5.1011     0.0015    0.88106    0.88106          1     4.8265     4.7301      98.15     0.2719     0.2537  1.000e-12  0.2233000     8.1506     8.1502    -0.0004     6.4405     6.4401     57.947     59.256      0.527    1438.02    1438.02  0.000e+00
      14064     59.000     5.0641     5.0634    -0.0007    0.88057    0.88047          1     4.7755     4.7070      98.16     0.2826     0.2792  1.000e-12  0.2125000     8.1543     8.1535    -0.0008     6.4449     6.4443     58.442     59.762      0.539    1437.87    1437.87  0.000e+00
      14085     59.500     4.9400     4.9399    -0.0001    0.87706    0.87699          1     4.6461     4.6183      98.17     0.3085     0.2551  1.000e-12  0.2137000     8.1495     8.1489    -0.0007     6.4463     6.4458     58.937     60.268      0.559    1437.33    1437.33  0.000e+00
      14107     60.000     4.7679     4.7695     0.0014    0.87372    0.87373          1     4.4616     4.4704      98.15     0.2960     0.2747  1.000e-12  0.2107000     8.1582     8.1579    -0.0003     6.4600     6.4597     59.432     60.774      0.571    1436.59    1436.60  0.000e+00
      14128     60.500     4.5267     4.5251    -0.0015    0.86930    0.86915          1     4.3113     4.3294      98.17     0.2730     0.2335  1.000e-12  0.1992000     8.1731     8.1720    -0.0012     6.4806     6.4797     59.928     61.280      0.568    1435.55    1435.54  0.000e+00
      14149     61.000     4.4141     4.4207     0.0066    0.86887    0.86898          1     4.2029     4.2002      98.20     0.2687     0.2131  1.000e-12  0.1854000     8.1966     8.1962    -0.0004     6.5031     6.5025     60.423     61.786      0.543    1435.09    1435.12  0.000e+00
      14172     61.500     4.5915     4.6034     0.0117    0.87762    0.87812          1     4.0614     4.0604      98.23     0.2488     0.2419  1.000e-12  0.1817000     8.2409     8.2430     0.0021     6.5320     6.5333     60.918     62.292      0.522    1435.94    1436.00  0.000e+00
      14195     62.000     4.8725     4.8682    -0.0041    0.89254    0.89254          1     3.8273     3.8862      98.21     0.2728     0.2255  1.000e-12  0.1981000     8.3209     8.3220     0.0011     6.5847     6.5858     61.413     62.797      0.537    1437.29    1437.27  0.000e+00
      14216     62.500     4.8055     4.8058     0.0004    0.89534    0.89531          1     3.6285     3.7380      98.27     0.2932     0.1770  1.000e-12  0.2039000     8.3658     8.3654    -0.0004     6.6229     6.6226     61.908     63.303      0.574    1437.06    1437.06  0.000e+00
      14237     63.000     4.5881     4.5911     0.0030    0.89413    0.89421          1     3.4673     3.5938      98.27     0.2976     0.1779  1.000e-12  0.2080000     8.4086     8.4086    -0.0000     6.6651     6.6649     62.404     63.809      0.585    1436.16    1436.18  0.000e+00
      14258     63.500     4.4994     4.5056     0.0062    0.90061    0.90084          1     3.2448     3.3933      98.24     0.2819     0.2191  1.000e-12  0.2027000     8.4969     8.4975     0.0006     6.7383     6.7385     62.899     64.315      0.553    1435.89    1435.92  0.000e+00
      14281     64.000     4.5855     4.5895     0.0040    0.91108    0.91133          1     2.9950     3.1713      98.26     0.2645     0.1992  1.000e-12  0.1937000     8.5808     8.5823     0.0015     6.8016     6.8026     63.394     64.821      0.493    1436.39    1436.41  0.000e+00
      14306     64.500     4.6285     4.6311     0.0026    0.91755    0.91766          1     2.7882     2.9722      98.37     0.2764     0.2030  1.000e-12  0.2021000     8.6351     8.6355     0.0005     6.8430     6.8433     63.889     65.327      0.490    1436.66    1436.67  0.000e+00
      14329     65.000     4.6920     4.6954     0.0034    0.92619    0.92628          1     2.6109     2.8088      98.64     0.2830     0.2240  1.000e-12  0.2093000     8.7058     8.7059     0.0001     6.8966     6.8966     64.384     65.833      0.572    1437.04    1437.05  0.000e+00
      14348     65.500     4.7230     4.7244     0.0014    0.93256    0.93246          1     2.4402     2.6551      98.67     0.2745     0.2177  1.000e-12  0.1979000     8.7621     8.7607    -0.0014     6.9400     6.9388     64.880     66.338      0.645    1437.25    1437.26  0.000e+00
      14366     66.000     4.7271     4.7286     0.0015    0.93946    0.93935          1     2.2574     2.4874      98.67     0.2772     0.1779  1.000e-12  0.2037000     8.8307     8.8292    -0.0015     6.9941     6.9929     65.375     66.844      0.653    1437.37    1437.37  0.000e+00
      14385     66.500     4.7120     4.7144     0.0024    0.94837    0.94832          1     2.0236     2.2786      98.66     0.2816     0.2242  1.000e-12  0.2063000     8.9249     8.9238    -0.0011     7.0693     7.0683     65.870     67.350      0.599    1437.43    1437.44  0.000e+00
      14407     67.000     4.7750     4.7795     0.0045    0.95987    0.96011          1     1.7512     2.0464      98.66     0.2917     0.2260  1.000e-12  0.2088000     9.0243     9.0255     0.0012     7.1455     7.1462     66.365     67.856      0.514    1437.84    1437.86  0.000e+00
      14432     67.500     4.8281     4.8297     0.0015    0.96755    0.96772          1     1.5229     1.8310      98.65     0.2941     0.2760  1.000e-12  0.2055000     9.0875     9.0888     0.0013     7.1933     7.1943     66.860     68.361      0.473    1438.16    1438.17  0.000e+00
      14457     68.000     4.8521     4.8548     0.0027    0.97403    0.97416          1     1.3877     1.6773      98.68     0.2926     0.2952  1.000e-12  0.2094000     9.1464     9.1469     0.0006     7.2389     7.2392     67.355     68.867      0.515    1438.35    1438.36  0.000e+00
      14479     68.500     4.9277     4.9285     0.0009    0.98158    0.98153          1     1.3160     1.5854      98.71     0.2847     0.2769  1.000e-12  0.2119000     9.2017     9.2010    -0.0007     7.2794     7.2788     67.851     69.372      0.580    1438.76    1438.76  0.000e+00
      14499     69.000     4.9484     4.9497     0.0013    0.98507    0.98504          1     1.2665     1.5186      98.71     0.2968     0.3058  1.000e-12  0.2338000     9.2312     9.2306    -0.0007     7.3018     7.3012     68.346     69.878      0.604    1438.90    1438.90  0.000e+00
      14519     69.500     4.9563     4.9579     0.0016    0.98812    0.98814          1     1.2126     1.4463      98.71     0.3125     0.2271  1.000e-12  0.2175000     9.2598     9.2595    -0.0003     7.3240     7.3238     68.841     70.384      0.569    1438.98    1438.98  0.000e+00
      14542     70.000     4.9770     4.9793     0.0023    0.99311    0.99320          1     1.1332     1.3485      98.71     0.3144     0.2006  1.000e-12  0.2205000     9.3043     9.3046     0.0003     7.3584     7.3585     69.336     70.889      0.502    1439.13    1439.14  0.000e+00
      14567     70.500     4.9991     5.0008     0.0017    0.99789    0.99790          1     1.0335     1.2418      98.67     0.3091     0.2202  1.000e-12  0.2185000     9.3462     9.3459    -0.0003     7.3905     7.3901     69.831     71.395      0.499    1439.29    1439.30  0.000e+00
      14589     71.000     5.0213     5.0233     0.0020    1.00116    1.00116          1     0.9559     1.1577      98.51     0.3041     0.2035  1.000e-12  0.2141000     9.3730     9.3724    -0.0005     7.4107     7.4101     70.327     71.900      0.590    1439.43    1439.44  0.000e+00
      14608     71.500     5.0749     5.0773     0.0024    1.00954    1.00961          1     0.8778     1.0783      98.53     0.2968     0.1840  1.000e-12  0.2165000     9.4422     9.4424     0.0001     7.4629     7.4629     70.822     72.406      0.655    1439.76    1439.77  0.000e+00
      14626     72.000     5.0932     5.0956     0.0022    1.01319    1.01324          1     0.8003     1.0079      98.55     0.3216     0.2220  1.000e-12  0.2298000     9.4738     9.4736    -0.0002     7.4870     7.4867     71.317     72.911      0.644    1439.89    1439.90  0.000e+00
      14645     72.500     5.1035     5.1053     0.0018    1.01511    1.01517          1     0.7401     0.9418      98.51     0.2966     0.2218  1.000e-12  0.2163000     9.4901     9.4902     0.0001     7.4994     7.4995     71.812     73.417      0.572    1439.96    1439.97  0.000e+00
      14669     73.000     5.1140     5.1166     0.0026    1.01812    1.01842          1     0.6815     0.8727      98.59     0.2993     0.1954  1.000e-12  0.2179000     9.5174     9.5197     0.0023     7.5205     7.5222     72.307     73.922      0.486    1440.05    1440.06  0.000e+00
      14695     73.500     5.1291     5.1311     0.0020    1.02206    1.02219          1     0.6068     0.7921      98.64     0.3092     0.2174  1.000e-12  0.2299000     9.5527     9.5535     0.0008     7.5477     7.5482     72.802     74.428      0.471    1440.17    1440.18  0.000e+00
      14719     74.000     5.1548     5.1569     0.0020    1.02789    1.02802          1     0.4972     0.6908      98.67     0.3175     0.2137  1.000e-12  0.2390000     9.6040     9.6047     0.0008     7.5870     7.5875     73.297     74.933      0.541    1440.35    1440.36  0.000e+00
      14739     74.500     5.2236     5.2249     0.0013    1.04201    1.04188          1     0.3459     0.5626      98.67     0.3195     0.1743  1.000e-12  0.2449000     9.7262     9.7246    -0.0016     7.6802     7.6788     73.793     75.438      0.599    1440.81    1440.82  0.000e+00
      14759     75.000     5.2735     5.2745     0.0010    1.05189    1.05175          1     0.2017     0.4384      98.68     0.3100     0.1635  1.000e-12  0.2534000     9.8111     9.8094    -0.0017     7.7447     7.7433     74.288     75.944      0.595    1441.15    1441.15  0.000e+00
      14780     75.500     5.3033     5.3053     0.0020    1.05760    1.05754          1     0.1161     0.3476      98.67     0.3227     0.1632  1.000e-12  0.2714000     9.8597     9.8584    -0.0012     7.7816     7.7805     74.783     76.449      0.539    1441.34    1441.35  0.000e+00
      14804     76.000     5.3456     5.3475     0.0019    1.06385    1.06388          1     0.0807     0.2984      98.48     0.3548     0.2279  1.000e-12  1.2097000     9.9099     9.9096    -0.0003     7.8191     7.8188     75.278     76.955      0.501    1441.60    1441.61  0.000e+00
      14827     76.500     5.3702     5.3722     0.0021    1.06818    1.06822          1     0.0853     0.2814      98.69     0.3699     0.2456  1.000e-12  1.8628000     9.9460     9.9459    -0.0002     7.8463     7.8461     75.773     77.460      0.546    1441.76    1441.77  0.000e+00
      14848     77.000     5.4116     5.4134     0.0017    1.07260    1.07257          1     0.0967     0.2720      98.71     0.3300     0.2128  1.000e-12  1.1915000     9.9780     9.9773    -0.0008     7.8694     7.8687     76.268     77.965      0.617    1441.99    1441.99  0.000e+00
      14866     77.500     5.4264     5.4278     0.0014    1.07445    1.07441          1     0.1000     0.2620      98.71     0.3086     0.1644  1.000e-12  0.6894000     9.9921     9.9913    -0.0008     7.8797     7.8790     76.764     78.470      0.638    1442.08    1442.08  0.000e+00
      14886     78.000     5.4320     5.4340     0.0020    1.07572    1.07575          1     0.1026     0.2556      98.71     0.3233     0.2191  1.000e-12  0.7014000    10.0031    10.0028    -0.0003     7.8881     7.8877     77.259     78.976      0.585    1442.12    1442.13  0.000e+00
      14908     78.500     5.4280     5.4294     0.0014    1.07776    1.07774          1     0.1040     0.2466      98.71     0.3124     0.2994  1.000e-12  0.5238000    10.0247    10.0241    -0.0005     7.9053     7.9048     77.754     79.481      0.497    1442.14    1442.15  0.000e+00
      14934     79.000     5.4153     5.4171     0.0018    1.07949    1.07950          1     0.1048     0.2328      98.71     0.3483     0.2383  1.000e-12  1.4850000    10.0457    10.0453    -0.0004     7.9227     7.9223     78.249     79.986      0.487    1442.12    1442.13  0.000e+00
      14957     79.500     5.4306     5.4329     0.0023    1.08270    1.08272          1     0.1009     0.2237      98.71     0.3505     0.2322  1.000e-12  1.4605000    10.0733    10.0729    -0.0004     7.9436     7.9432     78.744     80.491      0.547    1442.23    1442.24  0.000e+00
      14978     80.000     5.4626     5.4649     0.0023    1.08759    1.08759          1     0.1001     0.2184      98.71     0.3569     0.2416  1.000e-12  1.4375000    10.1127    10.1120    -0.0007     7.9730     7.9723     79.239     80.997      0.584    1442.43    1442.44  0.000e+00
      14998     80.500     5.4870     5.4889     0.0019    1.09149    1.09148          1     0.0983     0.2099      98.71     0.3616     0.2294  1.000e-12  1.4673000    10.1444    10.1438    -0.0006     7.9967     7.9961     79.735     81.502      0.570    1442.58    1442.59  0.000e+00
      15020     81.000     5.5121     5.5139     0.0017    1.09619    1.09619          1     0.0958     0.2073      98.71     0.3585     0.1923  1.000e-12  1.5525000    10.1839    10.1834    -0.0005     8.0264     8.0259     80.230     82.007      0.534    1442.75    1442.75  0.000e+00
      15043     81.500     5.5237     5.5261     0.0024    1.09901    1.09905          1     0.0920     0.1980      98.71     0.3473     0.1925  1.000e-12  1.6580000    10.2085    10.2082    -0.0003     8.0452     8.0449     80.725     82.512      0.529    1442.83    1442.85  0.000e+00
      15065     82.000     5.5652     5.5669     0.0017    1.10477    1.10466          1     0.0927     0.1944      98.71     0.3505     0.2158  1.000e-12  1.7001000    10.2535    10.2520    -0.0016     8.0785     8.0771     81.220     83.018      0.568    1443.08    1443.08  0.000e+00
      15086     82.500     5.5934     5.5953     0.0019    1.10891    1.10889          1     0.0939     0.1923      98.71     0.3867     0.2269  1.000e-12  1.6878000    10.2863    10.2856    -0.0007     8.1027     8.1020     81.715     83.523      0.601    1443.25    1443.26  0.000e+00
      15105     83.000     5.6037     5.6051     0.0015    1.11170    1.11167          1     0.0911     0.1887      98.71     0.3752     0.2283  1.000e-12  1.7175000    10.3110    10.3103    -0.0007     8.1216     8.1210     82.210     84.028      0.597    1443.33    1443.34  0.000e+00
      15126     83.500     5.6128     5.6143     0.0016    1.11362    1.11361          1     0.0869     0.1842      98.71     0.3737     0.2071  1.000e-12  1.6530000    10.3274    10.3269    -0.0006     8.1341     8.1335     82.705     84.533      0.554    1443.40    1443.41  0.000e+00
      15149     84.000     5.6171     5.6187     0.0016    1.11454    1.11453          1     0.0832     0.1816      98.71     0.3736     0.1932  1.000e-12  1.5847000    10.3352    10.3346    -0.0005     8.1399     8.1394     83.201     85.038      0.505    1443.44    1443.44  0.000e+00
