ctdpy/exports/archive_20191121_122431/received_data/SBE09_1044_20180416_0626_34_07_0006.cnv
* Sea-Bird SBE 9 Data File:
* FileName = C:\ctd\temp\2018\AU18D006.hex
* Software Version Seasave V 7.26.6.26
* Temperature SN = 5351
* Conductivity SN = 3941
* Number of Bytes Per Scan = 41
* Number of Voltage Words = 4
* Number of Scans Averaged by the Deck Unit = 1
* NMEA Latitude = 58 16.03 N
* NMEA Longitude = 010 43.44 E
* NMEA UTC (Time) = Apr 16 2018  06:26:53
* NMEA baud rate = 4800
** Station:  A16
** Operator:  A-KTh
** Ship: AURA
** Average sound velocity: 1478.38 m/s
** True-depth calculation Mon, 16 Apr 2018 06:59:32 +0000
** CTD Python Module SMHI /ver 3-12/ feb 2012 
** LIMS Job: 20183407-0006
** Cruise: SMHI-01-2018
** Latitude [GG MM.mm N] :
** Longitude [GG MM.mm E]:
# nquan = 26
# nvalues = 401                         
# units = specified
# name 0 = scan: Scan Count
# name 1 = prDM: Pressure, Digiquartz [db]
# name 2 = t090C: Temperature [ITS-90, deg C]
# name 3 = t190C: Temperature, 2 [ITS-90, deg C]
# name 4 = T2-T190C: Temperature Difference, 2 - 1 [ITS-90, deg C]
# name 5 = c0S/m: Conductivity [S/m]
# name 6 = c1S/m: Conductivity, 2 [S/m]
# name 7 = pumps: Pump Status
# name 8 = sbeox0ML/L: Oxygen, SBE 43 [ml/l]
# name 9 = sbeox1ML/L: Oxygen, SBE 43, 2 [ml/l]
# name 10 = altM: Altimeter [m]
# name 11 = flECO-AFL: Chl-a Fluorescence, WET Labs ECO-AFL/FL [mg/m^3]
# name 12 = flECO-AFL1: Phycocyanin Fluorescence, WET Labs ECO-AFL/FL, 2 [mg/m^3]
# name 13 = par: PAR/Irradiance, Biospherical/Lico [µE/(cm^2*s)]
# name 14 = turbWETntu0: Turbidity, WET Labs ECO [NTU]
# name 15 = sal00: Salinity, Practical [PSU]
# name 16 = sal11: Salinity, Practical, 2 [PSU]
# name 17 = secS-priS: Salinity, Practical, Difference, 2 - 1 [PSU]
# name 18 = sigma-t00: Density [sigma-t, Kg/m^3 ]
# name 19 = sigma-t11: Density, 2 [sigma-t, Kg/m^3 ]
# name 20 = depSM: Depth [salt water, m], lat = 58.2672
# name 21 = depFM: Depth [true depth, m], lat = 58.2672
# name 22 = dz/dtM: Descent Rate [m/s], WS = 2
# name 23 = svCM: Sound Velocity [Chen-Millero, m/s]
# name 24 = svCM1: Sound Velocity, 2 [Chen-Millero, m/s]
# name 25 = flag: flag
# span 0 =       4853,      14491       
# span 1 =      0.500,    200.500       
# span 2 =     2.6321,     7.5182       
# span 3 =     2.6324,     7.5188       
# span 4 =    -0.0213,     0.0437       
# span 5 =   2.295123,   3.575680       
# span 6 =   2.295208,   3.575695       
# span 7 =          1,          1       
# span 8 =    5.58695,    8.31690       
# span 9 =    5.50588,    8.32806       
# span 10 =       2.47,      98.72      
# span 11 =     0.0130,     1.1480      
# span 12 =     0.1341,     0.3521      
# span 13 = -4.298e-05, 3.3619e+02      
# span 14 =     0.1495,     1.2073      
# span 15 =    23.6183,    35.0665      
# span 16 =    23.6198,    35.0665      
# span 17 =    -0.0701,     0.0252      
# span 18 =    18.7250,    27.4670      
# span 19 =    18.7263,    27.4670      
# span 20 =      0.495,    198.541      
# span 21 =      0.500,    198.904      
# span 22 =     -0.028,      0.617      
# span 23 =    1449.60,    1482.56      
# span 24 =    1449.60,    1482.56      
# span 25 = 0.0000e+00, 0.0000e+00      
# interval = decibars: 0.5              
# start_time = Apr 16 2018 06:26:53 [NMEA time, first data scan]
# bad_flag = -9.990e-29
*END*
[from data line 168]
       9179     84.500     7.4861     7.4867     0.0006    3.56538    3.56545          1     5.8877     5.8106      93.04     0.0490     0.2185  1.000e-12  0.1633000    34.8705    34.8707     0.0002    27.2478    27.2479     83.698     83.901      0.467    1481.75    1481.75  0.000e+00
       9205     85.000     7.4843     7.4854     0.0011    3.56527    3.56537          1     5.8869     5.8175      93.13     0.0485     0.2084  1.000e-12  0.1495000    34.8709    34.8708    -0.0000    27.2484    27.2482     84.193     84.397      0.463    1481.76    1481.76  0.000e+00
       9230     85.500     7.4771     7.4784     0.0013    3.56469    3.56483          1     5.8906     5.8114      92.80     0.0476     0.1717  1.000e-12  0.1548000    34.8716    34.8717     0.0001    27.2500    27.2499     84.688     84.893      0.507    1481.73    1481.74  0.000e+00
       9252     86.000     7.4694     7.4706     0.0012    3.56415    3.56427          1     5.8911     5.8096      93.25     0.0487     0.1723  1.000e-12  0.1556000    34.8732    34.8733     0.0001    27.2524    27.2523     85.183     85.389      0.559    1481.72    1481.72  0.000e+00
       9273     86.500     7.4590     7.4614     0.0024    3.56346    3.56366          1     5.8862     5.8058      92.89     0.0397     0.2230  1.000e-12  0.1678000    34.8758    34.8756    -0.0002    27.2559    27.2555     85.679     85.884      0.595    1481.69    1481.70  0.000e+00
       9293     87.000     7.4463     7.4477     0.0015    3.56249    3.56264          1     5.8836     5.8027      93.34     0.0399     0.1957  1.000e-12  0.1715000    34.8779    34.8780     0.0001    27.2594    27.2593     86.174     86.380      0.592    1481.65    1481.66  0.000e+00
       9314     87.500     7.4342     7.4368     0.0027    3.56152    3.56175          1     5.8813     5.8025      93.30     0.0400     0.2163  1.000e-12  0.1825000    34.8792    34.8789    -0.0003    27.2622    27.2616     86.669     86.876      0.545    1481.61    1481.62  0.000e+00
       9337     88.000     7.4192     7.4213     0.0021    3.56053    3.56069          1     5.8830     5.8079      92.99     0.0425     0.2309  1.000e-12  0.1785000    34.8832    34.8829    -0.0003    27.2675    27.2670     87.164     87.372      0.495    1481.57    1481.58  0.000e+00
       9362     88.500     7.4107     7.4109     0.0001    3.55992    3.55997          1     5.8853     5.8061      91.33     0.0478     0.2294  1.000e-12  0.1580000    34.8849    34.8852     0.0004    27.2700    27.2703     87.659     87.867      0.489    1481.55    1481.55  0.000e+00
       9386     89.000     7.4071     7.4078     0.0007    3.55972    3.55980          1     5.8882     5.7920      51.82     0.0495     0.2177  1.000e-12  0.1584000    34.8862    34.8862     0.0001    27.2716    27.2715     88.154     88.363      0.514    1481.54    1481.55  0.000e+00
       9409     89.500     7.4047     7.4053     0.0006    3.55961    3.55969          1     5.8849     5.7948      92.57     0.0453     0.1888  1.000e-12  0.1677000    34.8870    34.8873     0.0003    27.2726    27.2727     88.649     88.859      0.533    1481.54    1481.55  0.000e+00
       9431     90.000     7.4036     7.4042     0.0006    3.55959    3.55966          1     5.8787     5.7955      92.84     0.0280     0.1789  1.000e-12  0.1684000    34.8877    34.8878     0.0001    27.2733    27.2733     89.145     89.355      0.539    1481.55    1481.55  0.000e+00
       9454     90.500     7.4026     7.4034     0.0007    3.55957    3.55965          1     5.8782     5.7978      93.59     0.0161     0.2430  1.000e-12  0.1617000    34.8882    34.8883     0.0001    27.2738    27.2738     89.640     89.850      0.529    1481.55    1481.56  0.000e+00
       9477     91.000     7.4019     7.4025     0.0006    3.55975    3.55984          1     5.8782     5.8039      92.93     0.0371     0.2123  1.000e-12  0.1609000    34.8907    34.8910     0.0004    27.2758    27.2760     90.135     90.346      0.507    1481.56    1481.56  0.000e+00
       9501     91.500     7.4041     7.4049     0.0009    3.56013    3.56023          1     5.8706     5.7907      93.30     0.0395     0.2070  1.000e-12  0.1505000    34.8923    34.8926     0.0003    27.2769    27.2770     90.630     90.842      0.498    1481.58    1481.58  0.000e+00
       9525     92.000     7.4060     7.4065     0.0005    3.56040    3.56046          1     5.8674     5.7883      93.01     0.0385     0.2225  1.000e-12  0.1594000    34.8932    34.8932     0.0000    27.2773    27.2772     91.125     91.338      0.519    1481.60    1481.60  0.000e+00
       9547     92.500     7.4103     7.4109     0.0006    3.56114    3.56116          1     5.8740     5.7903      66.32     0.0743     0.1952  1.000e-12  0.2434000    34.8966    34.8962    -0.0004    27.2793    27.2790     91.620     91.833      0.551    1481.62    1481.63  0.000e+00
       9568     93.000     7.4120     7.4115    -0.0005    3.56181    3.56180          1     5.8729     5.7899      79.91     0.0589     0.1748  1.000e-12  0.2279000    34.9019    34.9023     0.0004    27.2832    27.2836     92.115     92.329      0.563    1481.65    1481.65  0.000e+00
       9590     93.500     7.4081     7.4084     0.0003    3.56155    3.56160          1     5.8600     5.7840      93.09     0.0335     0.2117  1.000e-12  0.1714000    34.9028    34.9031     0.0003    27.2846    27.2847     92.610     92.825      0.546    1481.64    1481.64  0.000e+00
       9612     94.000     7.4064     7.4069     0.0004    3.56148    3.56151          1     5.8534     5.7784      93.31     0.0471     0.2613  1.000e-12  0.1745000    34.9035    34.9034    -0.0000    27.2853    27.2852     93.106     93.321      0.514    1481.64    1481.64  0.000e+00
       9637     94.500     7.4061     7.4063     0.0002    3.56147    3.56150          1     5.8578     5.7815      92.95     0.0377     0.2095  1.000e-12  0.1719000    34.9035    34.9035     0.0000    27.2853    27.2853     93.601     93.816      0.484    1481.65    1481.65  0.000e+00
       9662     95.000     7.4054     7.4059     0.0005    3.56145    3.56151          1     5.8583     5.7832      93.37     0.0293     0.2583  1.000e-12  0.1702000    34.9038    34.9039     0.0001    27.2857    27.2857     94.096     94.312      0.488    1481.66    1481.66  0.000e+00
       9686     95.500     7.4049     7.4056     0.0008    3.56158    3.56165          1     5.8517     5.7718      93.02     0.0389     0.2466  1.000e-12  0.1799000    34.9054    34.9054     0.0000    27.2870    27.2870     94.591     94.808      0.533    1481.67    1481.67  0.000e+00
       9707     96.000     7.4052     7.4057     0.0006    3.56178    3.56185          1     5.8483     5.7653      93.39     0.0382     0.2637  1.000e-12  0.1804000    34.9071    34.9073     0.0002    27.2883    27.2884     95.086     95.304      0.570    1481.68    1481.68  0.000e+00
       9728     96.500     7.4056     7.4063     0.0006    3.56191    3.56200          1     5.8497     5.7616      60.23     0.0307     0.2462  1.000e-12  0.1751000    34.9077    34.9081     0.0004    27.2887    27.2889     95.581     95.799      0.566    1481.69    1481.69  0.000e+00
       9750     97.000     7.4062     7.4068     0.0006    3.56208    3.56217          1     5.8568     5.7683      92.93     0.0341     0.2038  1.000e-12  0.1653000    34.9088    34.9091     0.0003    27.2895    27.2897     96.076     96.295      0.519    1481.70    1481.70  0.000e+00
       9775     97.500     7.4056     7.4063     0.0007    3.56209    3.56217          1     5.8529     5.7763      93.21     0.0391     0.1995  1.000e-12  0.1679000    34.9092    34.9094     0.0002    27.2899    27.2900     96.572     96.791      0.467    1481.70    1481.71  0.000e+00
       9801     98.000     7.4047     7.4052     0.0005    3.56205    3.56211          1     5.8403     5.7748      93.26     0.0452     0.2297  1.000e-12  0.1662000    34.9095    34.9097     0.0001    27.2903    27.2903     97.067     97.287      0.477    1481.71    1481.71  0.000e+00
       9825     98.500     7.4053     7.4051    -0.0002    3.56212    3.56212          1     5.8443     5.7666      92.76     0.0483     0.2283  1.000e-12  0.1614000    34.9093    34.9096     0.0003    27.2900    27.2903     97.562     97.782      0.532    1481.72    1481.72  0.000e+00
       9846     99.000     7.4047     7.4052     0.0005    3.56209    3.56217          1     5.8458     5.7650      93.44     0.0434     0.2070  1.000e-12  0.1660000    34.9094    34.9097     0.0003    27.2902    27.2903     98.057     98.278      0.561    1481.73    1481.73  0.000e+00
       9867     99.500     7.4033     7.4040     0.0006    3.56201    3.56208          1     5.8489     5.7639      92.95     0.0388     0.2069  1.000e-12  0.1743000    34.9096    34.9097     0.0001    27.2906    27.2906     98.552     98.774      0.557    1481.73    1481.73  0.000e+00
       9889    100.000     7.4028     7.4034     0.0006    3.56198    3.56205          1     5.8515     5.7570      93.40     0.0476     0.2318  1.000e-12  0.1799000    34.9096    34.9099     0.0002    27.2906    27.2907     99.047     99.270      0.537    1481.74    1481.74  0.000e+00
       9912    100.500     7.4023     7.4027     0.0004    3.56197    3.56202          1     5.8529     5.7549      92.88     0.0491     0.2273  1.000e-12  0.1618000    34.9098    34.9099     0.0001    27.2908    27.2909     99.542     99.765      0.508    1481.74    1481.74  0.000e+00
       9937    101.000     7.4009     7.4022     0.0013    3.56189    3.56201          1     5.8514     5.7708      89.97     0.0558     0.2070  1.000e-12  0.1780000    34.9101    34.9101    -0.0000    27.2913    27.2911    100.037    100.261      0.490    1481.75    1481.75  0.000e+00
       9961    101.500     7.4000     7.4004     0.0005    3.56184    3.56190          1     5.8480     5.7718      93.28     0.0502     0.1970  1.000e-12  0.1739000    34.9102    34.9104     0.0003    27.2915    27.2916    100.532    100.757      0.488    1481.75    1481.75  0.000e+00
       9986    102.000     7.3995     7.4003     0.0007    3.56183    3.56192          1     5.8515     5.7674      91.20     0.0389     0.1881  1.000e-12  0.1726000    34.9103    34.9105     0.0002    27.2916    27.2917    101.028    101.253      0.505    1481.76    1481.76  0.000e+00
      10009    102.500     7.3992     7.3998     0.0006    3.56183    3.56189          1     5.8516     5.7618      25.92     0.0372     0.2256  1.000e-12  0.1793000    34.9104    34.9105     0.0001    27.2917    27.2918    101.523    101.748      0.531    1481.76    1481.77  0.000e+00
      10031    103.000     7.3964     7.3973     0.0010    3.56166    3.56176          1     5.8432     5.7551      93.83     0.0304     0.2648  1.000e-12  0.1794000    34.9111    34.9113     0.0002    27.2927    27.2927    102.018    102.244      0.553    1481.76    1481.77  0.000e+00
      10052    103.500     7.3937     7.3954     0.0017    3.56149    3.56164          1     5.8333     5.7578      93.31     0.0272     0.2130  1.000e-12  0.1765000    34.9118    34.9117    -0.0001    27.2936    27.2933    102.513    102.740      0.550    1481.76    1481.77  0.000e+00
      10075    104.000     7.3924     7.3932     0.0008    3.56140    3.56150          1     5.8290     5.7606      93.21     0.0319     0.1753  1.000e-12  0.1731000    34.9119    34.9120     0.0002    27.2939    27.2939    103.008    103.235      0.520    1481.77    1481.77  0.000e+00
      10099    104.500     7.3914     7.3921     0.0007    3.56137    3.56143          1     5.8335     5.7603      93.00     0.0399     0.1807  1.000e-12  0.1801000    34.9122    34.9122    -0.0001    27.2943    27.2942    103.503    103.731      0.491    1481.77    1481.77  0.000e+00
      10123    105.000     7.3908     7.3918     0.0010    3.56135    3.56144          1     5.8382     5.7505      93.13     0.0420     0.1845  1.000e-12  0.1858000    34.9123    34.9123     0.0000    27.2945    27.2943    103.998    104.227      0.503    1481.78    1481.78  0.000e+00
      10146    105.500     7.3867     7.3874     0.0008    3.56111    3.56118          1     5.8361     5.7493      93.27     0.0273     0.1832  1.000e-12  0.1675000    34.9136    34.9137     0.0001    27.2961    27.2961    104.493    104.723      0.534    1481.77    1481.77  0.000e+00
      10168    106.000     7.3792     7.3788    -0.0004    3.56075    3.56074          1     5.8256     5.7425      58.97     0.0387     0.2011  1.000e-12  0.1674000    34.9170    34.9173     0.0003    27.2999    27.3002    104.988    105.218      0.544    1481.75    1481.75  0.000e+00
      10191    106.500     7.3738     7.3747     0.0009    3.56079    3.56085          1     5.8150     5.7315      66.72     0.0379     0.2261  1.000e-12  0.1906000    34.9226    34.9224    -0.0002    27.3050    27.3047    105.484    105.714      0.522    1481.75    1481.75  0.000e+00
      10214    107.000     7.3704     7.3710     0.0006    3.56058    3.56065          1     5.8070     5.7400      92.76     0.0496     0.1780  1.000e-12  0.1975000    34.9236    34.9237     0.0001    27.3063    27.3063    105.979    106.210      0.493    1481.74    1481.75  0.000e+00
      10239    107.500     7.3700     7.3705     0.0005    3.56067    3.56069          1     5.8053     5.7473      93.26     0.0483     0.1774  1.000e-12  0.1925000    34.9247    34.9244    -0.0003    27.3072    27.3069    106.474    106.706      0.489    1481.75    1481.75  0.000e+00
      10263    108.000     7.3761     7.3760    -0.0000    3.56181    3.56174          1     5.8107     5.7320      93.12     0.0244     0.1919  1.000e-12  0.1876000    34.9307    34.9300    -0.0008    27.3111    27.3105    106.969    107.201      0.516    1481.79    1481.79  0.000e+00
      10286    108.500     7.3812     7.3816     0.0004    3.56273    3.56274          1     5.8132     5.7194      93.14     0.0389     0.2201  1.000e-12  0.1861000    34.9353    34.9351    -0.0002    27.3140    27.3138    107.464    107.697      0.550    1481.82    1481.83  0.000e+00
      10307    109.000     7.3852     7.3855     0.0003    3.56331    3.56334          1     5.8096     5.7147      93.09     0.0445     0.2390  1.000e-12  0.1891000    34.9375    34.9375    -0.0000    27.3151    27.3150    107.959    108.193      0.569    1481.85    1481.85  0.000e+00
      10328    109.500     7.3869     7.3874     0.0005    3.56362    3.56366          1     5.8096     5.7107      93.39     0.0394     0.2364  1.000e-12  0.1903000    34.9388    34.9387    -0.0001    27.3159    27.3158    108.454    108.689      0.556    1481.87    1481.87  0.000e+00
      10350    110.000     7.3891     7.3892     0.0001    3.56407    3.56402          1     5.8045     5.7146      43.57     0.0385     0.2129  1.000e-12  0.1883000    34.9413    34.9406    -0.0006    27.3175    27.3170    108.949    109.184      0.511    1481.89    1481.89  0.000e+00
      10375    110.500     7.4017     7.4020     0.0003    3.56576    3.56580          1     5.7941     5.7193      92.75     0.0363     0.1848  1.000e-12  0.1956000    34.9467    34.9468     0.0001    27.3200    27.3200    109.444    109.680      0.464    1481.95    1481.95  0.000e+00
      10402    111.000     7.4062     7.4063     0.0000    3.56639    3.56638          1     5.7867     5.7076      93.30     0.0249     0.2170  1.000e-12  0.1880000    34.9488    34.9486    -0.0002    27.3210    27.3208    109.939    110.176      0.467    1481.98    1481.98  0.000e+00
