ctdpy/exports/archive_20191121_122431/received_data/SBE09_1044_20180318_0119_34_02_0062.cnv
* Sea-Bird SBE 9 Data File:
* FileName = C:\ctd\temp\2018\ME18D062.hex
* Software Version Seasave V 7.26.6.26
* Temperature SN = 5351
* Conductivity SN = 3941
* Number of Bytes Per Scan = 41
* Number of Voltage Words = 4
* Number of Scans Averaged by the Deck Unit = 1
* NMEA Latitude = 55 15.03 N
* NMEA Longitude = 015 58.99 E
* NMEA UTC (Time) = Mar 18 2018  01:19:13
* NMEA baud rate = 4800
** Station:  BY5
** Operator:  MHAN
** Ship: MERI
** Average sound velocity: 1434.53 m/s
** True-depth calculation Sun, 18 Mar 2018 02:12:19 +0000
** CTD Python Module SMHI /ver 3-12/ feb 2012 
** LIMS Job: 20183402-0062
** Cruise: SMHI-02-2018
** Latitude [GG MM.mm N] :
** Longitude [GG MM.mm E]:
# nquan = 26
# nvalues = 170                         
# units = specified
# name 0 = scan: Scan Count
# name 1 = prDM: Pressure, Digiquartz [db]
# name 2 = t090C: Temperature [ITS-90, deg C]
# name 3 = t190C: Temperature, 2 [ITS-90, deg C]
# name 4 = T2-T190C: Temperature Difference, 2 - 1 [ITS-90, deg C]
# name 5 = c0S/m: Conductivity [S/m]
# name 6 = c1S/m: Conductivity, 2 [S/m]
# name 7 = pumps: Pump Status
# name 8 = sbeox0ML/L: Oxygen, SBE 43 [ml/l]
# name 9 = sbeox1ML/L: Oxygen, SBE 43, 2 [ml/l]
# name 10 = altM: Altimeter [m]
# name 11 = flECO-AFL: Chl-a Fluorescence, WET Labs ECO-AFL/FL [mg/m^3]
# name 12 = flECO-AFL1: Phycocyanin Fluorescence, WET Labs ECO-AFL/FL, 2 [mg/m^3]
# name 13 = par: PAR/Irradiance, Biospherical/Lico [µE/(cm^2*s)]
# name 14 = turbWETntu0: Turbidity, WET Labs ECO [NTU]
# name 15 = sal00: Salinity, Practical [PSU]
# name 16 = sal11: Salinity, Practical, 2 [PSU]
# name 17 = secS-priS: Salinity, Practical, Difference, 2 - 1 [PSU]
# name 18 = sigma-t00: Density [sigma-t, Kg/m^3 ]
# name 19 = sigma-t11: Density, 2 [sigma-t, Kg/m^3 ]
# name 20 = depSM: Depth [salt water, m], lat = 55.2505
# name 21 = depFM: Depth [true depth, m], lat = 55.2505
# name 22 = dz/dtM: Descent Rate [m/s], WS = 2
# name 23 = svCM: Sound Velocity [Chen-Millero, m/s]
# name 24 = svCM1: Sound Velocity, 2 [Chen-Millero, m/s]
# name 25 = flag: flag
# span 0 =       9138,      14853       
# span 1 =      0.500,     85.000       
# span 2 =     2.5022,     8.5075       
# span 3 =     2.5018,     8.5040       
# span 4 =    -0.0540,     0.0305       
# span 5 =   0.766514,   1.821527       
# span 6 =   0.765136,   1.821862       
# span 7 =          1,          1       
# span 8 =    0.03672,    8.79214       
# span 9 =    0.03720,    8.80666       
# span 10 =       2.05,     100.79      
# span 11 =     0.2632,     1.0501      
# span 12 =     0.2599,     0.4987      
# span 13 = -5.688e-06, 3.9273e-01      
# span 14 =     0.1594,     3.9383      
# span 15 =     7.6052,    16.9407      
# span 16 =     7.5891,    16.9446      
# span 17 =    -0.0196,     0.0573      
# span 18 =     6.0663,    13.2363      
# span 19 =     6.0534,    13.2395      
# span 20 =      0.496,     84.215      
# span 21 =      0.506,     85.901      
# span 22 =     -0.055,      1.084      
# span 23 =    1424.70,    1460.08      
# span 24 =    1424.71,    1460.07      
# span 25 = 0.0000e+00, 0.0000e+00      
# interval = decibars: 0.5              
# start_time = Mar 18 2018 01:19:13 [NMEA time, first data scan]
# bad_flag = -9.990e-29
*END*
       9138      0.500     2.5153     2.5199     0.0045    0.76687    0.76514          1     8.7719     8.7861      98.71     0.9080     0.4012  3.554e-01  3.9383000     7.6086     7.5891    -0.0196     6.0691     6.0534      0.496      0.506      0.349    1424.73    1424.73  0.000e+00
       9163      1.000     2.5130     2.5127    -0.0002    0.76684    0.76677          1     8.7776     8.7866      98.71     0.9114     0.3635  3.927e-01  1.4755000     7.6088     7.6081    -0.0007     6.0692     6.0686      0.991      1.012      0.344    1424.73    1424.73  0.000e+00
       9247      1.500     2.5092     2.5125     0.0033    0.76675    0.76680          1     8.7878     8.7916      98.72     0.8996     0.4002  3.093e-01  0.2908000     7.6086     7.6084    -0.0002     6.0691     6.0688      1.487      1.519      0.550    1424.72    1424.73  0.000e+00
       9262      2.000     2.5040     2.5054     0.0014    0.76664    0.76663          1     8.7921     8.7915      98.71     0.9195     0.3803  4.039e-02  0.2035000     7.6086     7.6083    -0.0004     6.0691     6.0688      1.982      2.025      0.867    1424.70    1424.71  0.000e+00
       9275      2.500     2.5141     2.5138    -0.0003    0.76690    0.76685          1     8.7878     8.7910      98.71     0.9206     0.3747  4.625e-02  0.2034000     7.6089     7.6085    -0.0004     6.0693     6.0690      2.477      2.531      0.830    1424.76    1424.75  0.000e+00
       9315      3.000     2.5154     2.5175     0.0021    0.76685    0.76670          1     8.7825     8.8005      98.71     0.9202     0.4023  7.244e-02  0.2102000     7.6081     7.6060    -0.0021     6.0686     6.0669      2.973      3.037      0.495    1424.77    1424.78  0.000e+00
       9359      3.500     2.5122     2.5135     0.0014    0.76651    0.76683          1     8.7829     8.8067      98.72     0.9477     0.4277  8.080e-02  0.3427000     7.6052     7.6082     0.0030     6.0663     6.0687      3.468      3.543      0.709    1424.76    1424.77  0.000e+00
       9372      4.000     2.5125     2.5147     0.0022    0.76687    0.76689          1     8.7823     8.8010      98.71     0.9456     0.4039  5.777e-02  0.4197000     7.6088     7.6084    -0.0003     6.0692     6.0689      3.964      4.050      0.748    1424.77    1424.78  0.000e+00
       9390      4.500     2.5089     2.5114     0.0026    0.76678    0.76681          1     8.7804     8.7975      98.71     0.9549     0.3875  2.225e-02  0.2401000     7.6086     7.6083    -0.0002     6.0691     6.0688      4.459      4.556      0.568    1424.76    1424.78  0.000e+00
       9418      5.000     2.5022     2.5018    -0.0004    0.76663    0.76659          1     8.7771     8.7949      98.71     0.9268     0.4147  9.258e-03  0.1746000     7.6086     7.6082    -0.0004     6.0691     6.0688      4.955      5.062      0.400    1424.74    1424.74  0.000e+00
       9448      5.500     2.5041     2.5031    -0.0010    0.76669    0.76663          1     8.7794     8.7851      98.71     0.9429     0.4145  1.002e-04  0.1698000     7.6087     7.6082    -0.0005     6.0691     6.0688      5.450      5.568      0.410    1424.76    1424.75  0.000e+00
       9477      6.000     2.5046     2.5046     0.0000    0.76671    0.76668          1     8.7712     8.7885      98.71     0.9294     0.4325  3.322e-04  0.1798000     7.6087     7.6083    -0.0003     6.0691     6.0688      5.946      6.074      0.443    1424.77    1424.77  0.000e+00
       9502      6.500     2.5047     2.5052     0.0005    0.76672    0.76670          1     8.7675     8.7881      98.71     0.9228     0.4107 -5.688e-06  0.1627000     7.6087     7.6083    -0.0004     6.0692     6.0689      6.441      6.581      0.522    1424.78    1424.78  0.000e+00
       9524      7.000     2.5048     2.5052     0.0004    0.76673    0.76670          1     8.7732     8.7826      98.71     0.9438     0.4158  1.000e-12  0.1861000     7.6087     7.6083    -0.0004     6.0691     6.0688      6.937      7.087      0.518    1424.78    1424.79  0.000e+00
       9550      7.500     2.5048     2.5053     0.0005    0.76674    0.76671          1     8.7747     8.7883      98.72     0.9232     0.3992  1.000e-12  0.1726000     7.6087     7.6083    -0.0004     6.0691     6.0688      7.432      7.593      0.428    1424.79    1424.79  0.000e+00
       9578      8.000     2.5050     2.5053     0.0003    0.76675    0.76673          1     8.7751     8.7911      98.71     0.9424     0.4253  1.000e-12  0.1622000     7.6087     7.6084    -0.0003     6.0692     6.0689      7.928      8.099      0.495    1424.80    1424.80  0.000e+00
       9599      8.500     2.5044     2.5050     0.0005    0.76674    0.76672          1     8.7821     8.7913      98.72     0.9199     0.4046  1.000e-12  0.1679000     7.6087     7.6083    -0.0004     6.0691     6.0688      8.423      8.605      0.660    1424.81    1424.81  0.000e+00
       9615      9.000     2.5042     2.5049     0.0007    0.76675    0.76673          1     8.7828     8.7912      98.72     0.9302     0.3818  1.000e-12  0.1758000     7.6087     7.6084    -0.0003     6.0691     6.0689      8.918      9.112      0.733    1424.81    1424.81  0.000e+00
       9631      9.500     2.5044     2.5051     0.0007    0.76676    0.76674          1     8.7801     8.7874      98.72     0.9325     0.4658  1.000e-12  0.1799000     7.6088     7.6084    -0.0004     6.0692     6.0689      9.414      9.618      0.703    1424.82    1424.82  0.000e+00
       9650     10.000     2.5048     2.5052     0.0004    0.76678    0.76675          1     8.7701     8.7893      98.72     0.9222     0.4416  1.000e-12  0.1852000     7.6088     7.6084    -0.0004     6.0692     6.0689      9.909     10.124      0.536    1424.83    1424.83  0.000e+00
       9683     10.500     2.5047     2.5052     0.0005    0.76679    0.76676          1     8.7681     8.7868      98.71     0.9608     0.4301  1.000e-12  0.1675000     7.6088     7.6084    -0.0004     6.0692     6.0689     10.405     10.630      0.314    1424.84    1424.84  0.000e+00
       9718     11.000     2.5047     2.5052     0.0005    0.76679    0.76676          1     8.7748     8.7812      98.72     0.9612     0.3955  1.000e-12  0.1670000     7.6088     7.6084    -0.0004     6.0692     6.0689     10.900     11.136      0.475    1424.85    1424.85  0.000e+00
       9739     11.500     2.5045     2.5052     0.0006    0.76679    0.76677          1     8.7834     8.7776      98.71     0.9502     0.4244  1.000e-12  0.1734000     7.6087     7.6084    -0.0003     6.0692     6.0689     11.396     11.643      0.616    1424.85    1424.86  0.000e+00
       9758     12.000     2.5046     2.5052     0.0006    0.76680    0.76678          1     8.7805     8.7803      98.71     0.9406     0.4327  1.000e-12  0.1794000     7.6088     7.6084    -0.0004     6.0692     6.0689     11.891     12.149      0.686    1424.86    1424.86  0.000e+00
       9774     12.500     2.5046     2.5052     0.0006    0.76682    0.76679          1     8.7778     8.7800      98.71     0.8956     0.4397  1.000e-12  0.1779000     7.6089     7.6085    -0.0004     6.0693     6.0690     12.387     12.655      0.691    1424.87    1424.87  0.000e+00
       9792     13.000     2.5048     2.5054     0.0007    0.76682    0.76681          1     8.7697     8.7776      98.72     0.9188     0.4394  1.000e-12  0.1832000     7.6088     7.6085    -0.0003     6.0692     6.0690     12.882     13.161      0.614    1424.88    1424.88  0.000e+00
       9814     13.500     2.5052     2.5060     0.0008    0.76684    0.76683          1     8.7694     8.7878      98.72     0.9272     0.4488  1.000e-12  0.1916000     7.6088     7.6085    -0.0003     6.0692     6.0690     13.378     13.667      0.512    1424.89    1424.89  0.000e+00
       9839     14.000     2.5055     2.5062     0.0006    0.76686    0.76684          1     8.7750     8.7923      98.72     0.9249     0.4190  1.000e-12  0.1874000     7.6089     7.6086    -0.0003     6.0693     6.0690     13.873     14.174      0.477    1424.90    1424.90  0.000e+00
       9865     14.500     2.5050     2.5057     0.0007    0.76685    0.76684          1     8.7707     8.7822      98.72     0.9382     0.4397  1.000e-12  0.1709000     7.6089     7.6085    -0.0004     6.0693     6.0690     14.368     14.680      0.434    1424.90    1424.91  0.000e+00
       9894     15.000     2.5048     2.5054     0.0006    0.76685    0.76683          1     8.7694     8.7770      98.71     0.9326     0.3897  1.000e-12  0.1716000     7.6088     7.6084    -0.0004     6.0692     6.0689     14.864     15.186      0.438    1424.91    1424.91  0.000e+00
       9919     15.500     2.5046     2.5052     0.0006    0.76685    0.76683          1     8.7690     8.7780      98.71     0.9268     0.4001  1.000e-12  0.1729000     7.6088     7.6084    -0.0004     6.0692     6.0689     15.359     15.692      0.602    1424.92    1424.92  0.000e+00
       9936     16.000     2.5045     2.5052     0.0006    0.76685    0.76683          1     8.7726     8.7741      98.72     0.9335     0.3986  1.000e-12  0.1735000     7.6088     7.6084    -0.0004     6.0692     6.0689     15.855     16.198      0.757    1424.92    1424.93  0.000e+00
       9951     16.500     2.5046     2.5053     0.0006    0.76687    0.76685          1     8.7733     8.7752      98.72     0.9335     0.3911  1.000e-12  0.1724000     7.6088     7.6085    -0.0004     6.0692     6.0690     16.350     16.704      0.819    1424.93    1424.93  0.000e+00
       9965     17.000     2.5044     2.5050     0.0006    0.76687    0.76684          1     8.7754     8.7777      98.71     0.9342     0.4367  1.000e-12  0.1737000     7.6089     7.6084    -0.0004     6.0693     6.0689     16.846     17.211      0.779    1424.94    1424.94  0.000e+00
       9982     17.500     2.5048     2.5053     0.0005    0.76688    0.76686          1     8.7758     8.7836      98.71     0.9342     0.4595  1.000e-12  0.1731000     7.6088     7.6084    -0.0004     6.0692     6.0689     17.341     17.717      0.630    1424.95    1424.95  0.000e+00
      10006     18.000     2.5049     2.5055     0.0005    0.76689    0.76687          1     8.7754     8.7925      98.72     0.9121     0.4306  1.000e-12  0.1845000     7.6088     7.6084    -0.0004     6.0692     6.0689     17.837     18.223      0.427    1424.96    1424.96  0.000e+00
      10039     18.500     2.5051     2.5056     0.0005    0.76690    0.76688          1     8.7725     8.7888      98.72     0.9288     0.4407  1.000e-12  0.1802000     7.6088     7.6084    -0.0003     6.0692     6.0689     18.332     18.729      0.361    1424.97    1424.97  0.000e+00
      10071     19.000     2.5054     2.5060     0.0006    0.76692    0.76690          1     8.7722     8.7840      98.71     0.9397     0.4212  1.000e-12  0.1757000     7.6088     7.6085    -0.0003     6.0692     6.0690     18.827     19.235      0.465    1424.98    1424.98  0.000e+00
      10092     19.500     2.5053     2.5060     0.0007    0.76692    0.76691          1     8.7717     8.7798      98.71     0.9273     0.4268  1.000e-12  0.1823000     7.6088     7.6085    -0.0003     6.0692     6.0690     19.323     19.742      0.673    1424.98    1424.98  0.000e+00
      10108     20.000     2.5055     2.5061     0.0007    0.76694    0.76692          1     8.7702     8.7794      98.71     0.9077     0.4055  1.000e-12  0.1667000     7.6088     7.6085    -0.0004     6.0693     6.0690     19.818     20.248      0.825    1424.99    1424.99  0.000e+00
      10121     20.500     2.5058     2.5061     0.0004    0.76696    0.76692          1     8.7678     8.7822      98.72     0.9237     0.4219  1.000e-12  0.1704000     7.6089     7.6085    -0.0004     6.0693     6.0690     20.314     20.754      0.882    1425.00    1425.00  0.000e+00
      10135     21.000     2.5060     2.5067     0.0007    0.76697    0.76695          1     8.7672     8.7836      98.71     0.9442     0.4359  1.000e-12  0.1791000     7.6089     7.6086    -0.0003     6.0693     6.0691     20.809     21.260      0.837    1425.01    1425.01  0.000e+00
      10150     21.500     2.5058     2.5063     0.0005    0.76696    0.76694          1     8.7687     8.7834      98.72     0.9301     0.4358  1.000e-12  0.1809000     7.6088     7.6085    -0.0003     6.0692     6.0690     21.305     21.766      0.684    1425.02    1425.02  0.000e+00
      10173     22.000     2.5067     2.5075     0.0008    0.76700    0.76699          1     8.7711     8.7810      98.71     0.9339     0.4285  1.000e-12  0.1770000     7.6089     7.6086    -0.0004     6.0693     6.0690     21.800     22.273      0.423    1425.03    1425.03  0.000e+00
      10214     22.500     2.5069     2.5075     0.0006    0.76702    0.76699          1     8.7701     8.7862      98.71     0.9535     0.4061  1.000e-12  0.1732000     7.6090     7.6086    -0.0004     6.0694     6.0691     22.295     22.779      0.290    1425.04    1425.04  0.000e+00
      10247     23.000     2.5089     2.5094     0.0005    0.76710    0.76707          1     8.7635     8.7807      98.72     0.9485     0.3945  1.000e-12  0.1731000     7.6093     7.6089    -0.0004     6.0696     6.0693     22.791     23.285      0.507    1425.05    1425.06  0.000e+00
      10266     23.500     2.5089     2.5097     0.0008    0.76711    0.76709          1     8.7654     8.7778      98.71     0.9572     0.4050  1.000e-12  0.1742000     7.6093     7.6090    -0.0004     6.0696     6.0693     23.286     23.791      0.699    1425.06    1425.07  0.000e+00
      10282     24.000     2.5085     2.5091     0.0006    0.76709    0.76706          1     8.7652     8.7785      98.71     0.9455     0.4209  1.000e-12  0.1795000     7.6092     7.6087    -0.0005     6.0696     6.0692     23.782     24.297      0.815    1425.07    1425.07  0.000e+00
      10296     24.500     2.5084     2.5090     0.0007    0.76709    0.76707          1     8.7623     8.7813      98.71     0.9431     0.4236  1.000e-12  0.1792000     7.6092     7.6087    -0.0004     6.0695     6.0692     24.277     24.804      0.855    1425.08    1425.08  0.000e+00
      10310     25.000     2.5096     2.5101     0.0005    0.76717    0.76714          1     8.7624     8.7777      98.71     0.9212     0.3826  1.000e-12  0.1789000     7.6096     7.6092    -0.0004     6.0699     6.0695     24.773     25.310      0.818    1425.09    1425.09  0.000e+00
      10325     25.500     2.5096     2.5102     0.0006    0.76717    0.76715          1     8.7644     8.7736      98.71     0.9256     0.3890  1.000e-12  0.1791000     7.6096     7.6092    -0.0003     6.0698     6.0695     25.268     25.816      0.700    1425.10    1425.10  0.000e+00
      10346     26.000     2.5091     2.5101     0.0010    0.76714    0.76714          1     8.7665     8.7735      98.71     0.9335     0.4191  1.000e-12  0.1786000     7.6093     7.6091    -0.0002     6.0696     6.0694     25.763     26.322      0.516    1425.10    1425.11  0.000e+00
      10375     26.500     2.5081     2.5089     0.0008    0.76710    0.76709          1     8.7648     8.7805      98.71     0.9379     0.4170  1.000e-12  0.1764000     7.6091     7.6087    -0.0003     6.0694     6.0692     26.259     26.828      0.360    1425.11    1425.11  0.000e+00
      10412     27.000     2.5078     2.5085     0.0007    0.76709    0.76708          1     8.7659     8.7807      98.71     0.9550     0.4385  1.000e-12  0.1690000     7.6089     7.6086    -0.0003     6.0693     6.0691     26.754     27.335      0.355    1425.11    1425.11  0.000e+00
      10440     27.500     2.5082     2.5088     0.0005    0.76711    0.76710          1     8.7651     8.7734      98.71     0.9584     0.4687  1.000e-12  0.1739000     7.6090     7.6087    -0.0003     6.0694     6.0691     27.250     27.841      0.517    1425.12    1425.12  0.000e+00
