ctdpy/exports/archive_20191121_122431/received_data/SBE09_1044_20181015_1907_34_01_0095.cnv
* Sea-Bird SBE 9 Data File:
* FileName = C:\ctd\temp\ar18d095.hex
* Software Version Seasave V 7.21e
* Temperature SN = 5351
* Conductivity SN = 3941
* Number of Bytes Per Scan = 30
* Number of Voltage Words = 4
* Number of Scans Averaged by the Deck Unit = 1
* NMEA baud rate = 4800
** Station:  BY10
** Operator:  dbsj
** Ship: ARANDA
** Average sound velocity: 1447.45 m/s
** True-depth calculation Tue, 16 Oct 2018 06:25:20 +0000
** CTD Python Module SMHI /ver 3-12/ feb 2012 
** LIMS Job: 20183401-0095
** Cruise: SMHI-4-2018
** Latitude [GG MM.mm N]: 5638.021
** Longitude [GG MM.mm E] 1935.091
# nquan = 26
# nvalues = 273                         
# units = specified
# name 0 = scan: Scan Count
# name 1 = prDM: Pressure, Digiquartz [db]
# name 2 = t090C: Temperature [ITS-90, deg C]
# name 3 = t190C: Temperature, 2 [ITS-90, deg C]
# name 4 = T2-T190C: Temperature Difference, 2 - 1 [ITS-90, deg C]
# name 5 = c0S/m: Conductivity [S/m]
# name 6 = c1S/m: Conductivity, 2 [S/m]
# name 7 = pumps: Pump Status
# name 8 = sbeox0ML/L: Oxygen, SBE 43 [ml/l]
# name 9 = sbeox1ML/L: Oxygen, SBE 43, 2 [ml/l]
# name 10 = altM: Altimeter [m]
# name 11 = flECO-AFL: Chl-a Fluorescence, WET Labs ECO-AFL/FL [mg/m^3]
# name 12 = flECO-AFL1: Phycocyanin Fluorescence, WET Labs ECO-AFL/FL, 2 [mg/m^3]
# name 13 = par: PAR/Irradiance, Biospherical/Lico [µE/(cm^2*s)]
# name 14 = turbWETntu0: Turbidity, WET Labs ECO [NTU]
# name 15 = sal00: Salinity, Practical [PSU]
# name 16 = sal11: Salinity, Practical, 2 [PSU]
# name 17 = secS-priS: Salinity, Practical, Difference, 2 - 1 [PSU]
# name 18 = sigma-t00: Density [sigma-t, Kg/m^3 ]
# name 19 = sigma-t11: Density, 2 [sigma-t, Kg/m^3 ]
# name 20 = depSM: Depth [salt water, m], lat = 0
# name 21 = depFM: Depth [true depth, m], lat = 0
# name 22 = dz/dtM: Descent Rate [m/s], WS = 2
# name 23 = svCM: Sound Velocity [Chen-Millero, m/s]
# name 24 = svCM1: Sound Velocity, 2 [Chen-Millero, m/s]
# name 25 = flag: flag
# span 0 =       7684,      14241       
# span 1 =      1.500,    137.500       
# span 2 =     3.2716,    11.6833       
# span 3 =     3.2741,    11.6846       
# span 4 =    -0.0204,     0.0285       
# span 5 =   0.770997,   1.407021       
# span 6 =   0.771030,   1.407085       
# span 7 =          1,          1       
# span 8 = -9.990e-29, -9.990e-29       
# span 9 = -9.990e-29, -9.990e-29       
# span 10 =      -0.01,      99.04      
# span 11 =     0.2269,     1.4371      
# span 12 =     0.1360,     0.4639      
# span 13 = -5.052e-04, 2.0238e-01      
# span 14 =     0.1189,     1.2471      
# span 15 =     7.1746,    12.8364      
# span 16 =     7.1743,    12.8366      
# span 17 =    -0.0082,     0.0024      
# span 18 =     5.1070,    10.0273      
# span 19 =     5.1066,    10.0274      
# span 20 =      1.492,    136.699      
# span 21 =      1.520,    139.052      
# span 22 =      0.087,      0.791      
# span 23 =    1428.93,    1462.71      
# span 24 =    1428.94,    1462.72      
# span 25 = 0.0000e+00, 0.0000e+00      
# interval = decibars: 0.5              
# start_time = Oct 15 2018 19:07:49 [System UTC, header]
# bad_flag = -9.990e-29
*END*
[from data line 112]
      10413     57.500     3.2813     3.2823     0.0010    0.77369    0.77364          1 -9.990e-29 -9.990e-29      62.96     0.2369     0.2320  1.000e-12  0.1831000     7.4918     7.4911    -0.0008     5.9696     5.9690     57.176     58.250      0.499    1429.01    1429.02  0.000e+00
      10438     58.000     3.3034     3.3045     0.0011    0.77501    0.77498          1 -9.990e-29 -9.990e-29      97.01     0.2523     0.2074  1.000e-12  0.1938000     7.5004     7.4997    -0.0006     5.9761     5.9756     57.673     58.756      0.488    1429.13    1429.14  0.000e+00
      10462     58.500     3.3026     3.3048     0.0021    0.77546    0.77545          1 -9.990e-29 -9.990e-29      59.40     0.2555     0.2014  1.000e-12  0.1929000     7.5052     7.5046    -0.0006     5.9799     5.9794     58.170     59.263      0.515    1429.14    1429.15  0.000e+00
      10484     59.000     3.3187     3.3205     0.0018    0.77697    0.77695          1 -9.990e-29 -9.990e-29      90.84     0.2498     0.1792  1.000e-12  0.1892000     7.5171     7.5164    -0.0006     5.9892     5.9887     58.667     59.769      0.534    1429.24    1429.25  0.000e+00
      10507     59.500     3.3313     3.3332     0.0019    0.77876    0.77875          1 -9.990e-29 -9.990e-29      87.67     0.2352     0.2217  1.000e-12  0.1874000     7.5326     7.5320    -0.0006     6.0014     6.0009     59.165     60.275      0.538    1429.33    1429.33  0.000e+00
      10529     60.000     3.3385     3.3404     0.0019    0.78040    0.78039          1 -9.990e-29 -9.990e-29      57.77     0.2269     0.2319  1.000e-12  0.1887000     7.5479     7.5474    -0.0006     6.0135     6.0130     59.662     60.781      0.558    1429.39    1429.39  0.000e+00
      10550     60.500     3.3545     3.3556     0.0011    0.78224    0.78220          1 -9.990e-29 -9.990e-29      96.68     0.2472     0.2618  1.000e-12  0.1926000     7.5632     7.5625    -0.0007     6.0255     6.0249     60.159     61.288      0.572    1429.49    1429.49  0.000e+00
      10571     61.000     3.3835     3.3851     0.0016    0.78523    0.78521          1 -9.990e-29 -9.990e-29      62.76     0.2702     0.2436  1.000e-12  0.1988000     7.5874     7.5868    -0.0006     6.0442     6.0437     60.656     61.794      0.536    1429.66    1429.67  0.000e+00
      10595     61.500     3.4213     3.4229     0.0016    0.78817    0.78817          1 -9.990e-29 -9.990e-29      80.25     0.2582     0.2067  1.000e-12  0.2145000     7.6089     7.6085    -0.0004     6.0608     6.0604     61.153     62.300      0.476    1429.87    1429.87  0.000e+00
      10621     62.000     3.4963     3.4950    -0.0013    0.79194    0.79183          1 -9.990e-29 -9.990e-29      92.60     0.2443     0.2385  1.000e-12  0.2159000     7.6302     7.6295    -0.0008     6.0764     6.0759     61.650     62.806      0.495    1430.25    1430.24  0.000e+00
      10643     62.500     3.6047     3.6044    -0.0004    0.79767    0.79753          1 -9.990e-29 -9.990e-29      51.20     0.2535     0.2479  1.000e-12  0.2571000     7.6639     7.6625    -0.0014     6.1013     6.1001     62.147     63.312      0.572    1430.79    1430.79  0.000e+00
      10663     63.000     3.6166     3.6182     0.0016    0.80121    0.80113          1 -9.990e-29 -9.990e-29      96.77     0.2776     0.2223  1.000e-12  0.2924000     7.6976     7.6964    -0.0012     6.1278     6.1268     62.644     63.819      0.594    1430.89    1430.90  0.000e+00
      10684     63.500     3.6201     3.6219     0.0018    0.80214    0.80214          1 -9.990e-29 -9.990e-29      75.07     0.2878     0.2220  1.000e-12  0.3199000     7.7062     7.7058    -0.0004     6.1346     6.1343     63.141     64.325      0.542    1430.93    1430.94  0.000e+00
      10708     64.000     3.6382     3.6404     0.0022    0.80436    0.80440          1 -9.990e-29 -9.990e-29      72.20     0.2901     0.1935  1.000e-12  0.3507000     7.7248     7.7247    -0.0001     6.1491     6.1490     63.639     64.831      0.482    1431.04    1431.05  0.000e+00
      10733     64.500     3.7056     3.7068     0.0013    0.81366    0.81363          1 -9.990e-29 -9.990e-29      71.20     0.3075     0.1956  1.000e-12  0.3753000     7.8045     7.8039    -0.0006     6.2111     6.2106     64.136     65.337      0.499    1431.46    1431.47  0.000e+00
      10756     65.000     3.7355     3.7365     0.0010    0.81799    0.81792          1 -9.990e-29 -9.990e-29      84.98     0.3080     0.2264  1.000e-12  0.3835000     7.8419     7.8410    -0.0009     6.2402     6.2394     64.633     65.843      0.540    1431.65    1431.65  0.000e+00
      10778     65.500     3.7580     3.7595     0.0015    0.82194    0.82192          1 -9.990e-29 -9.990e-29      88.38     0.3080     0.2406  1.000e-12  0.3845000     7.8772     7.8765    -0.0006     6.2677     6.2672     65.130     66.349      0.557    1431.81    1431.81  0.000e+00
      10799     66.000     3.7795     3.7809     0.0013    0.82669    0.82663          1 -9.990e-29 -9.990e-29      73.07     0.3069     0.2200  1.000e-12  0.3957000     7.9207     7.9198    -0.0009     6.3018     6.3011     65.627     66.855      0.552    1431.97    1431.97  0.000e+00
      10821     66.500     3.7989     3.8001     0.0012    0.83037    0.83033          1 -9.990e-29 -9.990e-29      65.88     0.3080     0.1923  1.000e-12  0.3612000     7.9539     7.9531    -0.0008     6.3278     6.3272     66.124     67.361      0.538    1432.11    1432.11  0.000e+00
      10844     67.000     3.8170     3.8184     0.0014    0.83332    0.83329          1 -9.990e-29 -9.990e-29      98.07     0.2917     0.2308  1.000e-12  0.3490000     7.9797     7.9791    -0.0007     6.3479     6.3473     66.621     67.868      0.541    1432.23    1432.23  0.000e+00
      10865     67.500     3.8331     3.8346     0.0015    0.83558    0.83555          1 -9.990e-29 -9.990e-29      42.53     0.2887     0.2259  1.000e-12  0.3501000     7.9990     7.9983    -0.0007     6.3628     6.3622     67.118     68.374      0.561    1432.34    1432.34  0.000e+00
      10887     68.000     3.8528     3.8544     0.0016    0.83856    0.83854          1 -9.990e-29 -9.990e-29      90.67     0.2947     0.2218  1.000e-12  0.3500000     8.0248     8.0241    -0.0006     6.3828     6.3823     67.615     68.880      0.547    1432.47    1432.47  0.000e+00
      10910     68.500     3.8727     3.8744     0.0017    0.84143    0.84142          1 -9.990e-29 -9.990e-29      86.52     0.2984     0.2267  1.000e-12  0.3408000     8.0493     8.0488    -0.0005     6.4018     6.4014     68.112     69.386      0.504    1432.59    1432.60  0.000e+00
      10934     69.000     3.9216     3.9229     0.0014    0.84747    0.84744          1 -9.990e-29 -9.990e-29      53.66     0.3137     0.2270  1.000e-12  0.3382000     8.0992     8.0986    -0.0007     6.4403     6.4397     68.609     69.892      0.493    1432.89    1432.89  0.000e+00
      10958     69.500     3.9767     3.9772     0.0005    0.85452    0.85439          1 -9.990e-29 -9.990e-29      81.28     0.2950     0.2129  1.000e-12  0.3292000     8.1579     8.1564    -0.0014     6.4854     6.4843     69.107     70.398      0.547    1433.22    1433.22  0.000e+00
      10978     70.000     4.0506     4.0500    -0.0005    0.86567    0.86539          1 -9.990e-29 -9.990e-29      45.68     0.3066     0.2653  1.000e-12  0.3337000     8.2537     8.2509    -0.0028     6.5595     6.5573     69.604     70.904      0.597    1433.68    1433.68  0.000e+00
      10998     70.500     4.2000     4.1977    -0.0024    0.88937    0.88888          1 -9.990e-29 -9.990e-29      80.32     0.2881     0.2182  1.000e-12  0.3218000     8.4583     8.4538    -0.0045     6.7175     6.7141     70.101     71.410      0.581    1434.62    1434.60  0.000e+00
      11020     71.000     4.3035     4.3027    -0.0007    0.90987    0.90955          1 -9.990e-29 -9.990e-29      85.99     0.2898     0.2415  1.000e-12  0.2970000     8.6410     8.6380    -0.0030     6.8592     6.8568     70.598     71.915      0.510    1435.32    1435.32  0.000e+00
      11045     71.500     4.3818     4.3839     0.0021    0.92172    0.92201          1 -9.990e-29 -9.990e-29      72.72     0.2885     0.2173  1.000e-12  0.2736000     8.7413     8.7437     0.0024     6.9361     6.9379     71.095     72.421      0.474    1435.81    1435.82  0.000e+00
      11070     72.000     4.4216     4.4212    -0.0004    0.92879    0.92859          1 -9.990e-29 -9.990e-29      75.06     0.2953     0.1917  1.000e-12  0.2563000     8.8028     8.8009    -0.0019     6.9835     6.9820     71.592     72.927      0.526    1436.07    1436.07  0.000e+00
      11091     72.500     4.4910     4.4931     0.0021    0.94104    0.94115          1 -9.990e-29 -9.990e-29      51.93     0.3102     0.2225  1.000e-12  0.2531000     8.9090     8.9096     0.0006     7.0652     7.0655     72.089     73.433      0.589    1436.52    1436.54  0.000e+00
      11111     73.000     4.5797     4.5793    -0.0003    0.95563    0.95534          1 -9.990e-29 -9.990e-29      53.15     0.3181     0.2770  1.000e-12  0.2656000     9.0336     9.0307    -0.0029     7.1605     7.1583     72.586     73.938      0.605    1437.09    1437.08  0.000e+00
      11131     73.500     4.5953     4.5965     0.0012    0.95767    0.95760          1 -9.990e-29 -9.990e-29      70.45     0.3185     0.2151  1.000e-12  0.2304000     9.0499     9.0490    -0.0010     7.1729     7.1721     73.083     74.444      0.555    1437.18    1437.19  0.000e+00
      11155     74.000     4.6142     4.6159     0.0017    0.96038    0.96039          1 -9.990e-29 -9.990e-29      69.97     0.3203     0.2073  1.000e-12  0.2409000     9.0723     9.0719    -0.0003     7.1899     7.1895     73.580     74.950      0.485    1437.30    1437.31  0.000e+00
      11180     74.500     4.7422     4.7378    -0.0044    0.97676    0.97630          1 -9.990e-29 -9.990e-29      56.73     0.3069     0.2263  1.000e-12  0.2310000     9.2033     9.1999    -0.0035     7.2885     7.2859     74.077     75.455      0.508    1438.04    1438.02  0.000e+00
      11202     75.000     4.8627     4.8619    -0.0008    0.99368    0.99328          1 -9.990e-29 -9.990e-29      58.29     0.3344     0.2422  1.000e-12  0.2103000     9.3413     9.3375    -0.0038     7.3926     7.3896     74.574     75.961      0.568    1438.76    1438.75  0.000e+00
      11223     75.500     4.9105     4.9108     0.0003    1.00252    1.00235          1 -9.990e-29 -9.990e-29      67.34     0.3364     0.2356  1.000e-12  0.2045000     9.4172     9.4154    -0.0018     7.4506     7.4491     75.071     76.466      0.566    1439.07    1439.07  0.000e+00
      11245     76.000     4.9405     4.9404    -0.0001    1.00848    1.00831          1 -9.990e-29 -9.990e-29      66.87     0.3235     0.2106  1.000e-12  0.2025000     9.4690     9.4673    -0.0017     7.4902     7.4889     75.569     76.972      0.521    1439.28    1439.27  0.000e+00
      11269     76.500     4.9970     4.9946    -0.0025    1.01679    1.01633          1 -9.990e-29 -9.990e-29      85.33     0.3044     0.2323  1.000e-12  0.1959000     9.5369     9.5329    -0.0040     7.5413     7.5383     76.066     77.477      0.523    1439.62    1439.60  0.000e+00
      11291     77.000     5.1310     5.1231    -0.0079    1.03495    1.03426          1 -9.990e-29 -9.990e-29      99.04     0.2955     0.2218  1.000e-12  0.1897000     9.6815     9.6769    -0.0046     7.6494     7.6461     76.563     77.983      0.565    1440.39    1440.35  0.000e+00
      11311     77.500     5.2883     5.2818    -0.0064    1.05226    1.05165          1 -9.990e-29 -9.990e-29      78.52     0.2940     0.1886  1.000e-12  0.2166000     9.8100     9.8058    -0.0042     7.7431     7.7401     77.060     78.488      0.563    1441.25    1441.21  0.000e+00
      11333     78.000     5.3978     5.3930    -0.0048    1.06818    1.06751          1 -9.990e-29 -9.990e-29      95.26     0.3269     0.2029  1.000e-12  0.4923000     9.9376     9.9323    -0.0053     7.8382     7.8343     77.557     78.993      0.515    1441.89    1441.87  0.000e+00
      11358     78.500     5.4702     5.4652    -0.0051    1.08212    1.08114          1 -9.990e-29 -9.990e-29      96.96     0.3423     0.2147  1.000e-12  0.7226000    10.0558    10.0475    -0.0082     7.9276     7.9214     78.054     79.499      0.495    1442.36    1442.33  0.000e+00
      11382     79.000     5.5833     5.5759    -0.0074    1.09905    1.09852          1 -9.990e-29 -9.990e-29      92.53     0.3252     0.2122  1.000e-12  0.3772000    10.1913    10.1882    -0.0031     8.0283     8.0263     78.551     80.004      0.540    1443.03    1443.00  0.000e+00
      11403     79.500     5.6896     5.6856    -0.0040    1.11044    1.11015          1 -9.990e-29 -9.990e-29      68.11     0.3336     0.2228  1.000e-12  0.5930000    10.2728    10.2711    -0.0016     8.0866     8.0855     79.048     80.509      0.578    1443.60    1443.58  0.000e+00
      11423     80.000     5.7573     5.7543    -0.0030    1.11959    1.11929          1 -9.990e-29 -9.990e-29      63.84     0.3436     0.2318  1.000e-12  0.7133000    10.3434    10.3413    -0.0021     8.1383     8.1368     79.545     81.014      0.568    1443.99    1443.97  0.000e+00
      11445     80.500     5.7886     5.7886    -0.0000    1.12422    1.12406          1 -9.990e-29 -9.990e-29      63.59     0.3399     0.1978  1.000e-12  0.4335000    10.3799    10.3783    -0.0016     8.1652     8.1639     80.042     81.519      0.528    1444.17    1444.17  0.000e+00
      11469     81.000     5.7928     5.7940     0.0012    1.12731    1.12715          1 -9.990e-29 -9.990e-29      63.06     0.3304     0.2778  1.000e-12  0.3848000    10.4093    10.4073    -0.0019     8.1881     8.1865     80.539     82.025      0.516    1444.24    1444.24  0.000e+00
      11492     81.500     5.7873     5.7887     0.0013    1.13047    1.13033          1 -9.990e-29 -9.990e-29      62.55     0.3314     0.2434  1.000e-12  0.4479000    10.4424    10.4406    -0.0019     8.2146     8.2130     81.036     82.530      0.516    1444.26    1444.27  0.000e+00
      11515     82.000     5.7906     5.7916     0.0010    1.13317    1.13309          1 -9.990e-29 -9.990e-29      64.63     0.3447     0.2074  1.000e-12  0.6043000    10.4682    10.4672    -0.0010     8.2347     8.2338     81.533     83.035      0.496    1444.32    1444.32  0.000e+00
      11540     82.500     5.8047     5.8042    -0.0004    1.13561    1.13550          1 -9.990e-29 -9.990e-29      78.97     0.3324     0.2071  1.000e-12  0.6640000    10.4881    10.4872    -0.0010     8.2495     8.2488     82.030     83.540      0.513    1444.41    1444.41  0.000e+00
      11562     83.000     5.8328     5.8334     0.0005    1.13911    1.13907          1 -9.990e-29 -9.990e-29      60.52     0.3306     0.2134  1.000e-12  0.5830000    10.5142    10.5137    -0.0005     8.2684     8.2679     82.527     84.045      0.576    1444.57    1444.57  0.000e+00
      11582     83.500     5.8533     5.8542     0.0009    1.14206    1.14206          1 -9.990e-29 -9.990e-29      60.02     0.3452     0.2348  1.000e-12  0.5697000    10.5372    10.5369    -0.0003     8.2852     8.2850     83.024     84.550      0.623    1444.70    1444.70  0.000e+00
      11601     84.000     5.8713     5.8717     0.0004    1.14488    1.14476          1 -9.990e-29 -9.990e-29      59.09     0.3476     0.2115  1.000e-12  0.5648000    10.5596    10.5583    -0.0013     8.3018     8.3007     83.522     85.055      0.610    1444.81    1444.81  0.000e+00
      11621     84.500     5.8882     5.8879    -0.0003    1.14818    1.14798          1 -9.990e-29 -9.990e-29      58.39     0.3313     0.2239  1.000e-12  0.5437000    10.5871    10.5852    -0.0019     8.3224     8.3210     84.019     85.560      0.534    1444.92    1444.92  0.000e+00
