ctdpy/exports/archive_20191121_122431/received_data/SBE09_0827_20180903_1913_26_01_0957.cnv
* Sea-Bird SBE 9 Data File:
* FileName = D:\CTD_SBE911\DAT\26DA.2018.9.7.hex
* Software Version Seasave V 7.21d
* Temperature SN = 034605
* Conductivity SN = 041844
* Number of Bytes Per Scan = 48
* Number of Voltage Words = 5
* Number of Scans Averaged by the Deck Unit = 1
* NMEA Latitude = 55 15.16 N
* NMEA Longitude = 015 59.19 E
* NMEA UTC (Time) = Sep 03 2018  19:15:57
* NMEA baud rate = 4800
** Ship: DANA
** Average sound velocity: 1460.17 m/s
** True-depth calculation Wed, 03 Apr 2019 09:24:41 +0000
** CTD Python Module SMHI /ver 3-12/ feb 2012 
** LIMS Job: 20182601-0957
**  BY5
** Operator: Christian JKro
** Cruise: 09/2018
# nquan = 26
# nvalues = 172                         
# units = specified
# name 0 = scan: Scan Count
# name 1 = prDM: Pressure, Digiquartz [db]
# name 2 = t090C: Temperature [ITS-90, deg C]
# name 3 = t190C: Temperature, 2 [ITS-90, deg C]
# name 4 = T2-T190C: Temperature Difference, 2 - 1 [ITS-90, deg C]
# name 5 = c0S/m: Conductivity [S/m]
# name 6 = c1S/m: Conductivity, 2 [S/m]
# name 7 = pumps: Pump Status
# name 8 = sbeox1ML/L: Oxygen, SBE 43, 2 [ml/l]
# name 9 = sbeox0ML/L: Oxygen, SBE 43 [ml/l]
# name 10 = altM: Altimeter [m]
# name 11 = chloroflTC0: Chlorophyll, Turner Cyclops [ug/l]
# name 12 = cpar: CPAR/Corrected Irradiance [%]
# name 13 = par: PAR/Irradiance, Biospherical/Lico [µE/(cm^2*s)]
# name 14 = spar: SPAR, Biospherical/Licor
# name 15 = sal00: Salinity, Practical [PSU]
# name 16 = sal11: Salinity, Practical, 2 [PSU]
# name 17 = secS-priS: Salinity, Practical, Difference, 2 - 1 [PSU]
# name 18 = sigma-t00: Density [sigma-t, kg/m^3 ]
# name 19 = sigma-t11: Density, 2 [sigma-t, kg/m^3 ]
# name 20 = depSM: Depth [salt water, m], lat = 55.2527
# name 21 = depFM: Depth [true depth, m], lat = 55.2527
# name 22 = dz/dtM: Descent Rate [m/s], WS = 2
# name 23 = svCM: Sound Velocity [Chen-Millero, m/s]
# name 24 = svCM1: Sound Velocity, 2 [Chen-Millero, m/s]
# name 25 = flag: flag
# span 0 =        119,      12351       
# span 1 =      1.500,     87.000       
# span 2 =     3.7987,    19.2222       
# span 3 =     3.7464,    19.2231       
# span 4 =    -2.2248,     0.6064       
# span 5 =   0.799857,   1.789234       
# span 6 =   0.800692,   1.788779       
# span 7 =          1,          1       
# span 8 =     0.0342,     7.2493       
# span 9 =     0.0175,     7.5189       
# span 10 =      -0.99,       9.97      
# span 11 =     0.0440,     0.2405      
# span 12 = -3.454e+03, 7.6982e+03      
# span 13 = 1.0000e-12, 1.0000e-12      
# span 14 = 1.8745e+00, 2.1010e+00      
# span 15 =     7.3974,    16.5551      
# span 16 =     7.4803,    16.5509      
# span 17 =    -0.0865,     0.2381      
# span 18 =     4.1047,    12.9226      
# span 19 =     4.1020,    12.9194      
# span 20 =      1.487,     86.196      
# span 21 =      1.522,     87.936      
# span 22 =     -0.440,      0.459      
# span 23 =    1431.40,    1488.70      
# span 24 =    1431.27,    1488.74      
# span 25 = 0.0000e+00, 0.0000e+00      
# interval = decibars: 0.5              
# start_time = Sep 03 2018 19:15:57 [NMEA time, first data scan]
# bad_flag = -9.990e-29
*END*
[from data line 56]
       3085     29.500     4.4650     4.4695     0.0047    0.79986    0.80276          1     6.8922     7.1325       9.97     0.0512  4.924e-11  1.000e-12  2.031e+00     7.4915     7.5197     0.0282     5.9423     5.9645     29.231     29.914      0.330    1433.91    1433.97  0.000e+00
       3127     30.000     4.6356     4.7452     0.1091    0.80614    0.81051          1     6.9352     7.2507       9.97     0.0531  4.924e-11  1.000e-12  2.031e+00     7.5157     7.5346     0.0188     5.9557     5.9667     29.727     30.420      0.256    1434.71    1435.22  0.000e+00
       3173     30.500     5.0550     5.0989     0.0443    0.82078    0.82312          1     7.0191     7.3524       9.97     0.0575  2.598e+03  1.000e-12  1.978e+00     7.5663     7.5795     0.0132     5.9801     5.9888     30.222     30.926      0.301    1436.63    1436.84  0.000e+00
       3212     31.000     5.0465     5.0157    -0.0307    0.82122    0.82200          1     7.1155     7.4042       9.97     0.0598  2.219e+03  1.000e-12  1.986e+00     7.5725     7.5873     0.0148     5.9854     5.9983     30.718     31.432      0.267    1436.61    1436.50  0.000e+00
       3266     31.500     4.9918     4.9618    -0.0301    0.82040    0.82105          1     7.1973     7.4191       9.97     0.0620  1.903e+03  1.000e-12  1.992e+00     7.5767     7.5900     0.0133     5.9909     6.0026     31.213     31.939      0.219    1436.38    1436.27  0.000e+00
       3315     32.000     4.8493     4.8081    -0.0412    0.81710    0.81746          1     7.1763     7.4047       9.97     0.0702  2.080e+03  1.000e-12  1.989e+00     7.5763     7.5893     0.0130     5.9961     6.0079     31.708     32.445      0.246    1435.77    1435.60  0.000e+00
       3368     32.500     4.7112     4.6512    -0.0599    0.81373    0.81345          1     7.1573     7.4055       9.97     0.0692  3.791e+03  1.000e-12  1.954e+00     7.5741     7.5851     0.0110     5.9995     6.0103     32.204     32.951      0.228    1435.16    1434.91  0.000e+00
       3416     33.000     4.7069     4.6994    -0.0076    0.81459    0.81510          1     7.1780     7.3511       9.97     0.0638  1.311e+01  1.000e-12  2.030e+00     7.5837     7.5906     0.0069     6.0072     6.0129     32.699     33.457      0.261    1435.16    1435.14  0.000e+00
       3463     33.500     4.7012     4.6475    -0.0537    0.81475    0.81439          1     7.1151     7.3271       9.97     0.0568  4.931e-11  1.000e-12  2.031e+00     7.5866     7.5952     0.0086     6.0097     6.0184     33.195     33.964      0.257    1435.15    1434.92  0.000e+00
       3508     34.000     4.5803     4.5266    -0.0534    0.81199    0.81162          1     7.0959     7.4355       9.97     0.0553  4.924e-11  1.000e-12  2.031e+00     7.5866     7.5951     0.0086     6.0138     6.0224     33.690     34.470      0.273    1434.62    1434.39  0.000e+00
       3554     34.500     4.5415     4.5152    -0.0264    0.81144    0.81129          1     7.2016     7.5189       9.97     0.0559  2.041e+03  1.000e-12  1.989e+00     7.5899     7.5944     0.0045     6.0178     6.0222     34.185     34.976      0.249    1434.46    1434.35  0.000e+00
       3600     35.000     4.5372     4.5166    -0.0206    0.81160    0.81144          1     7.2493     7.4827       9.97     0.0546  1.711e+01  1.000e-12  2.030e+00     7.5924     7.5955     0.0032     6.0199     6.0231     34.681     35.482      0.272    1434.45    1434.36  0.000e+00
       3646     35.500     4.5240     4.5105    -0.0134    0.81182    0.81174          1     7.2302     7.5034       9.97     0.0546  2.090e+03  1.000e-12  1.988e+00     7.5975     7.5998     0.0023     6.0244     6.0267     35.176     35.988      0.255    1434.41    1434.35  0.000e+00
       3692     36.000     4.5152     4.4886    -0.0266    0.81222    0.81194          1     7.2360     7.4519       9.97     0.0542  1.365e+01  1.000e-12  2.030e+00     7.6035     7.6068     0.0033     6.0295     6.0330     35.672     36.495      0.269    1434.38    1434.27  0.000e+00
       3738     36.500     4.4819     4.4593    -0.0227    0.81180    0.81146          1     7.1890     7.4270       9.97     0.0540  1.970e+03  1.000e-12  1.991e+00     7.6069     7.6087     0.0017     6.0333     6.0354     36.167     37.001      0.245    1434.25    1434.15  0.000e+00
       3788     37.000     4.4208     4.3859    -0.0348    0.81043    0.80987          1     7.1751     7.4420       9.97     0.0520  2.041e+03  1.000e-12  1.989e+00     7.6071     7.6095     0.0024     6.0354     6.0383     36.662     37.507      0.241    1433.98    1433.83  0.000e+00
       3838     37.500     4.3374     4.3107    -0.0267    0.80871    0.80823          1     7.2010     7.4743       9.97     0.0520 -7.341e+00  1.000e-12  2.031e+00     7.6090     7.6103     0.0012     6.0394     6.0412     37.158     38.013      0.239    1433.62    1433.51  0.000e+00
       3890     38.000     4.3179     4.2880    -0.0298    0.80887    0.80841          1     7.1931     7.4232       9.97     0.0518 -1.927e-10  1.000e-12  2.031e+00     7.6151     7.6173     0.0023     6.0448     6.0475     37.653     38.520      0.228    1433.55    1433.42  0.000e+00
       3938     38.500     4.2643     4.2716     0.0072    0.80831    0.80824          1     7.1887     7.4426       9.97     0.0516  1.246e+02  1.000e-12  2.028e+00     7.6218     7.6193    -0.0024     6.0517     6.0495     38.149     39.026      0.277    1433.33    1433.36  0.000e+00
       3980     39.000     4.3637     4.3439    -0.0198    0.81200    0.81169          1     7.1847     7.3757       9.97     0.0504  4.554e+03  1.000e-12  1.938e+00     7.6360     7.6374     0.0014     6.0600     6.0618     38.644     39.532      0.285    1433.80    1433.71  0.000e+00
       4023     39.500     4.2574     4.1336    -0.1237    0.80979    0.80772          1     7.0991     7.2654       9.97     0.0513  5.138e+01  1.000e-12  2.030e+00     7.6382     7.6460     0.0078     6.0649     6.0745     39.139     40.038      0.271    1433.33    1432.79  0.000e+00
       4068     40.000     4.0604     4.0102    -0.0503    0.80537    0.80463          1     7.0490     7.2353       9.97     0.0500  4.924e-11  1.000e-12  2.031e+00     7.6391     7.6433     0.0042     6.0711     6.0757     39.635     40.544      0.269    1432.46    1432.24  0.000e+00
       4112     40.500     3.9241     3.8321    -0.0919    0.80263    0.80124          1     6.9903     7.2289       9.97     0.0495  4.924e-11  1.000e-12  2.031e+00     7.6429     7.6502     0.0073     6.0776     6.0855     40.130     41.051      0.271    1431.86    1431.45  0.000e+00
       4160     41.000     3.8190     3.7885    -0.0306    0.80100    0.80069          1     6.9798     7.2293       9.97     0.0492  4.924e-11  1.000e-12  2.031e+00     7.6508     7.6548     0.0040     6.0863     6.0902     40.625     41.557      0.224    1431.40    1431.27  0.000e+00
       4216     41.500     3.8357     3.8302    -0.0055    0.80276    0.80285          1     6.9409     7.2161       9.97     0.0494  4.924e-11  1.000e-12  2.031e+00     7.6649     7.6670     0.0022     6.0971     6.0990     41.121     42.063      0.235    1431.51    1431.48  0.000e+00
       4262     42.000     3.8753     3.8893     0.0140    0.80507    0.80556          1     6.9691     7.2897       9.97     0.0486  4.924e-11  1.000e-12  2.031e+00     7.6791     7.6808     0.0017     6.1075     6.1086     41.616     42.569      0.265    1431.71    1431.78  0.000e+00
       4309     42.500     3.9009     3.9023     0.0014    0.80692    0.80730          1     7.0444     7.3431       9.97     0.0494  4.924e-11  1.000e-12  2.031e+00     7.6920     7.6955     0.0035     6.1172     6.1199     42.112     43.075      0.257    1431.85    1431.86  0.000e+00
       4352     43.000     3.9122     3.9099    -0.0022    0.80886    0.80939          1     7.0500     7.3076       9.97     0.0501  2.535e+03  1.000e-12  1.979e+00     7.7091     7.7151     0.0060     6.1305     6.1353     42.607     43.581      0.295    1431.93    1431.93  0.000e+00
       4395     43.500     3.8997     3.8515    -0.0483    0.81112    0.81146          1     6.9536     7.2115       9.97     0.0488  6.576e+00  1.000e-12  2.031e+00     7.7352     7.7501     0.0149     6.1515     6.1645     43.102     44.088      0.258    1431.92    1431.72  0.000e+00
       4441     44.000     3.7987     3.7464    -0.0520    0.81205    0.81240          1     6.9190     7.2093       9.97     0.0488  2.189e+03  1.000e-12  1.986e+00     7.7686     7.7847     0.0161     6.1805     6.1944     43.598     44.594      0.262    1431.51    1431.30  0.000e+00
       4491     44.500     3.8679     4.0229     0.1547    0.81891    0.82478          1     6.9168     7.1758       9.97     0.0496 -1.656e+01  1.000e-12  2.031e+00     7.8225     7.8455     0.0230     6.2216     6.2360     44.093     45.100      0.229    1431.90    1432.63  0.000e+00
       4541     45.000     4.1009     4.1693     0.0685    0.83239    0.83529          1     6.7181     6.9228       9.97     0.0494  4.924e-11  1.000e-12  2.031e+00     7.9044     7.9175     0.0131     6.2807     6.2892     44.589     45.606      0.245    1433.06    1433.39  0.000e+00
       4593     45.500     4.2155     4.2781     0.0626    0.84228    0.84562          1     6.5745     6.7428       9.97     0.0506  4.924e-11  1.000e-12  2.031e+00     7.9774     7.9962     0.0188     6.3354     6.3484     45.084     46.112      0.238    1433.68    1433.98  0.000e+00
       4637     46.000     4.3384     4.3909     0.0524    0.85401    0.85750          1     6.4684     6.5687       9.97     0.0506  4.924e-11  1.000e-12  2.031e+00     8.0666     8.0892     0.0226     6.4024     6.4187     45.579     46.618      0.296    1434.35    1434.61  0.000e+00
       4680     46.500     4.3827     4.3925     0.0097    0.86380    0.86792          1     6.2848     6.3700       9.97     0.0506  2.108e+03  1.000e-12  1.988e+00     8.1551     8.1946     0.0395     6.4712     6.5022     46.075     47.124      0.265    1434.67    1434.76  0.000e+00
       4725     47.000     4.3892     4.3964     0.0073    0.87406    0.87719          1     6.1450     6.2638       9.97     0.0512 -3.277e+00  1.000e-12  2.031e+00     8.2576     8.2876     0.0300     6.5523     6.5759     46.570     47.630      0.280    1434.84    1434.91  0.000e+00
       4769     47.500     4.3952     4.3900    -0.0052    0.88417    0.88867          1     6.0294     6.1081       9.97     0.0503  4.115e+03  1.000e-12  1.947e+00     8.3589     8.4060     0.0471     6.6324     6.6699     47.065     48.136      0.238    1435.00    1435.04  0.000e+00
       4824     48.000     4.3882     4.3885     0.0003    0.89850    0.90426          1     5.8200     5.8983       9.97     0.0506 -7.684e+01  1.000e-12  2.032e+00     8.5064     8.5650     0.0586     6.7496     6.7961     47.561     48.642      0.230    1435.17    1435.24  0.000e+00
       4873     48.500     4.4616     4.4957     0.0340    0.92272    0.92659          1     5.6337     5.6222       9.97     0.0526  4.924e-11  1.000e-12  2.031e+00     8.7339     8.7642     0.0304     6.9274     6.9502     48.056     49.148      0.238    1435.79    1435.98  0.000e+00
       4927     49.000     4.5535     4.5723     0.0188    0.94539    0.95010          1     5.3594     5.3349       9.97     0.0513  4.924e-11  1.000e-12  2.031e+00     8.9402     8.9831     0.0429     7.0876     7.1208     48.551     49.653      0.238    1436.47    1436.61  0.000e+00
       4970     49.500     4.5867     4.6359     0.0493    0.95812    0.96266          1     5.1441     5.1109       9.97     0.0513  8.085e-11  1.000e-12  2.031e+00     9.0607     9.0934     0.0327     7.1818     7.2058     49.047     50.159      0.308    1436.78    1437.04  0.000e+00
       5010     50.000     4.6790     4.7760     0.0970    0.97067    0.97820          1     4.9646     5.0143       9.97     0.0502  2.317e+03  1.000e-12  1.984e+00     9.1629     9.2126     0.0497     7.2591     7.2944     49.542     50.665      0.283    1437.32    1437.81  0.000e+00
       5053     50.500     4.8700     4.9817     0.1118    0.98653    0.99062          1     4.8108     4.9028       9.97     0.0497  2.440e+03  1.000e-12  1.981e+00     9.2707     9.2810     0.0102     7.3364     7.3397     50.038     51.170      0.289    1438.31    1438.81  0.000e+00
       5096     51.000     5.1570     5.3392     0.1822    1.00760    1.01573          1     4.7358     4.8857       9.97     0.0504  5.993e+01  1.000e-12  2.030e+00     9.4027     9.4328     0.0302     7.4276     7.4425     50.533     51.676      0.250    1439.74    1440.57  0.000e+00
       5147     51.500     5.6791     5.8971     0.2178    1.05828    1.06937          1     4.7258     4.8725       9.97     0.0497 -3.014e-05  1.000e-12  2.031e+00     9.7600     9.8069     0.0469     7.6825     7.7069     51.028     52.181      0.238    1442.46    1443.45  0.000e+00
       5196     52.000     6.4334     6.6762     0.2429    1.14851    1.16231          1     4.6173     4.5359       9.97     0.0478  2.016e+03  1.000e-12  1.990e+00    10.4264    10.4868     0.0604     8.1600     8.1903     51.524     52.687      0.240    1446.51    1447.61  0.000e+00
       5246     52.500     7.0323     7.2963     0.2642    1.21460    1.22784          1     4.2968     4.1382       9.97     0.0467  2.177e+03  1.000e-12  1.987e+00    10.8856    10.9301     0.0446     8.4772     8.4911     52.019     53.192      0.266    1449.60    1450.75  0.000e+00
       5287     53.000     7.6469     8.0544     0.4074    1.26252    1.28095          1     3.9848     3.7427       9.97     0.0457  3.312e+01  1.000e-12  2.030e+00    11.1511    11.1962     0.0451     8.6345     8.6334     52.514     53.697      0.289    1452.46    1454.17  0.000e+00
       5331     53.500     8.0820     8.4954     0.4131    1.29474    1.31620          1     3.6064     3.4981       9.97     0.0466  2.226e+03  1.000e-12  1.986e+00    11.3180    11.3870     0.0690     8.7262     8.7406     53.010     54.201      0.266    1454.45    1456.19  0.000e+00
       5376     54.000     8.7061     9.3128     0.6064    1.34687    1.38172          1     3.5582     3.5690       9.97     0.0460 -5.257e+00  1.000e-12  2.031e+00    11.6049    11.7290     0.1240     8.8894     8.9217     53.505     54.706      0.272    1457.30    1459.84  0.000e+00
       5424     54.500     9.3753     9.7240     0.3487    1.40229    1.42874          1     3.7794     3.7851       9.97     0.0453  4.924e-11  1.000e-12  2.031e+00    11.8983    12.0250     0.1267     9.0471     9.1063     54.000     55.211      0.212    1460.31    1461.82  0.000e+00
       5486     55.000     9.4082     9.4060    -0.0028    1.41895    1.42348          1     3.7775     3.7424       9.97     0.0440  4.924e-11  1.000e-12  2.031e+00    12.0406    12.0830     0.0423     9.1544     9.1876     54.496     55.716      0.219    1460.62    1460.66  0.000e+00
       5538     55.500     9.3432     9.3297    -0.0134    1.42684    1.42973          1     3.6247     3.6009       9.97     0.0449  4.924e-11  1.000e-12  2.031e+00    12.1351    12.1663     0.0312     9.2351     9.2609     54.991     56.220      0.215    1460.49    1460.47  0.000e+00
       5592     56.000     9.3273     9.4170     0.0897    1.43280    1.44651          1     3.4728     3.4662       9.97     0.0450  4.924e-11  1.000e-12  2.031e+00    12.1954    12.2912     0.0959     9.2838     9.3484     55.486     56.725      0.273    1460.51    1460.97  0.000e+00
       5630     56.500     9.3900     9.4849     0.0949    1.44807    1.46108          1     3.3558     3.3051       9.97     0.0441  4.924e-11  1.000e-12  2.031e+00    12.3147    12.4019     0.0872     9.3697     9.4268     55.982     57.229      0.309    1460.91    1461.38  0.000e+00
