ctdpy/exports/archive_20191121_122431/received_data/SBE09_1044_20181108_1831_34_01_0118.cnv
* Sea-Bird SBE 9 Data File:
* FileName = C:\ctd\temp\ar18d118.hex
* Software Version Seasave V 7.26.7.107
* Temperature SN = 5351
* Conductivity SN = 3941
* Number of Bytes Per Scan = 41
* Number of Voltage Words = 4
* Number of Scans Averaged by the Deck Unit = 1
* NMEA Latitude = 59 29.02 N
* NMEA Longitude = 022 53.82 E
* NMEA UTC (Time) = Nov 08 2018  18:31:26
* NMEA baud rate = 4800
** Station:  LL12
** Operator:  JKro
** Ship: ARANDA
** Average sound velocity: 1451.87 m/s
** True-depth calculation Thu, 08 Nov 2018 19:48:44 +0000
** CTD Python Module SMHI /ver 3-12/ feb 2012 
** LIMS Job: 20183401-0118
** Cruise: SMHI-6-2018
** Latitude [GG MM.mm N]:
** Longitude [GG MM.mm E]
# nquan = 26
# nvalues = 158                         
# units = specified
# name 0 = scan: Scan Count
# name 1 = prDM: Pressure, Digiquartz [db]
# name 2 = t090C: Temperature [ITS-90, deg C]
# name 3 = t190C: Temperature, 2 [ITS-90, deg C]
# name 4 = T2-T190C: Temperature Difference, 2 - 1 [ITS-90, deg C]
# name 5 = c0S/m: Conductivity [S/m]
# name 6 = c1S/m: Conductivity, 2 [S/m]
# name 7 = pumps: Pump Status
# name 8 = sbeox0ML/L: Oxygen, SBE 43 [ml/l]
# name 9 = sbeox1ML/L: Oxygen, SBE 43, 2 [ml/l]
# name 10 = altM: Altimeter [m]
# name 11 = flECO-AFL: Chl-a Fluorescence, WET Labs ECO-AFL/FL [mg/m^3]
# name 12 = flECO-AFL1: Phycocyanin Fluorescence, WET Labs ECO-AFL/FL, 2 [mg/m^3]
# name 13 = par: PAR/Irradiance, Biospherical/Lico [µE/(cm^2*s)]
# name 14 = turbWETntu0: Turbidity, WET Labs ECO [NTU]
# name 15 = sal00: Salinity, Practical [PSU]
# name 16 = sal11: Salinity, Practical, 2 [PSU]
# name 17 = secS-priS: Salinity, Practical, Difference, 2 - 1 [PSU]
# name 18 = sigma-t00: Density [sigma-t, Kg/m^3 ]
# name 19 = sigma-t11: Density, 2 [sigma-t, Kg/m^3 ]
# name 20 = depSM: Depth [salt water, m], lat = 59.4837
# name 21 = depFM: Depth [true depth, m], lat = 59.4837
# name 22 = dz/dtM: Descent Rate [m/s], WS = 2
# name 23 = svCM: Sound Velocity [Chen-Millero, m/s]
# name 24 = svCM1: Sound Velocity, 2 [Chen-Millero, m/s]
# name 25 = flag: flag
# span 0 =      20476,      25175       
# span 1 =      1.000,     79.500       
# span 2 =     5.6650,    10.1653       
# span 3 =     5.6646,    10.1605       
# span 4 =    -0.0160,     0.0170       
# span 5 =   0.800527,   1.160366       
# span 6 =   0.800523,   1.160381       
# span 7 =          1,          1       
# span 8 =    0.13869,    7.11992       
# span 9 =    0.17687,    6.85639       
# span 10 =       0.96,      82.86      
# span 11 =     0.3318,     0.6312      
# span 12 =     0.1781,     0.3218      
# span 13 = 1.0000e-12, 1.7980e+00      
# span 14 =     0.2122,     3.9464      
# span 15 =     6.4246,    10.7061      
# span 16 =     6.4244,    10.7056      
# span 17 =    -0.0202,     0.0047      
# span 18 =     4.7058,     8.4155      
# span 19 =     4.7060,     8.4150      
# span 20 =      0.991,     78.739      
# span 21 =      1.014,     80.542      
# span 22 =     -0.062,      0.650      
# span 23 =    1441.40,    1455.88      
# span 24 =    1441.42,    1455.87      
# span 25 = 0.0000e+00, 0.0000e+00      
# interval = decibars: 0.5              
# start_time = Nov 08 2018 18:31:27 [NMEA time, first data scan]
# bad_flag = -9.990e-29
*END*
[from data line 56]
      22066     29.000     9.9986    10.0003     0.0016    0.80487    0.80486          1     7.1085     6.7991      53.34     0.6117     0.2022  1.000e-12  0.2550000     6.4275     6.4271    -0.0004     4.7233     4.7229     28.726     29.399      0.584    1455.66    1455.67  0.000e+00
      22088     29.500     9.9985     9.9998     0.0014    0.80488    0.80486          1     7.0998     6.8002      52.79     0.5982     0.2118  1.000e-12  0.2800000     6.4275     6.4271    -0.0003     4.7234     4.7229     29.221     29.906      0.491    1455.67    1455.68  0.000e+00
      22114     30.000     9.9981     9.9996     0.0015    0.80488    0.80487          1     7.1057     6.7987      52.22     0.5938     0.2280  1.000e-12  0.2841000     6.4275     6.4272    -0.0004     4.7234     4.7230     29.716     30.413      0.479    1455.68    1455.68  0.000e+00
      22138     30.500     9.9979     9.9995     0.0015    0.80488    0.80487          1     7.1078     6.7918      51.75     0.6051     0.2751  1.000e-12  0.2602000     6.4275     6.4271    -0.0004     4.7234     4.7230     30.211     30.919      0.545    1455.69    1455.69  0.000e+00
      22159     31.000     9.9981     9.9996     0.0016    0.80488    0.80487          1     7.1056     6.7870      51.40     0.6022     0.3196  1.000e-12  0.2465000     6.4275     6.4271    -0.0004     4.7234     4.7229     30.707     31.426      0.580    1455.69    1455.70  0.000e+00
      22179     31.500     9.9987    10.0002     0.0014    0.80491    0.80489          1     7.1018     6.8062      50.84     0.5978     0.2474  1.000e-12  0.2483000     6.4275     6.4271    -0.0004     4.7233     4.7229     31.202     31.933      0.561    1455.71    1455.71  0.000e+00
      22202     32.000     9.9984     9.9992     0.0008    0.80490    0.80488          1     7.0992     6.8039      50.36     0.5670     0.2775  1.000e-12  0.2600000     6.4275     6.4272    -0.0003     4.7234     4.7230     31.697     32.440      0.526    1455.71    1455.71  0.000e+00
      22225     32.500     9.9980     9.9990     0.0011    0.80490    0.80488          1     7.1030     6.7934      49.80     0.5963     0.3026  1.000e-12  0.2539000     6.4275     6.4272    -0.0003     4.7234     4.7230     32.192     32.947      0.525    1455.72    1455.72  0.000e+00
      22247     33.000     9.9965     9.9980     0.0015    0.80489    0.80487          1     7.1054     6.8083      49.29     0.6046     0.2674  1.000e-12  0.2434000     6.4276     6.4272    -0.0004     4.7236     4.7232     32.688     33.454      0.563    1455.72    1455.73  0.000e+00
      22268     33.500     9.9959     9.9979     0.0020    0.80488    0.80488          1     7.1004     6.8002      48.76     0.5911     0.2568  1.000e-12  0.2530000     6.4276     6.4273    -0.0003     4.7237     4.7232     33.183     33.961      0.587    1455.73    1455.73  0.000e+00
      22288     34.000     9.9962     9.9984     0.0023    0.80489    0.80489          1     7.0884     6.7925      48.27     0.5883     0.2676  1.000e-12  0.2589000     6.4276     6.4272    -0.0004     4.7236     4.7231     33.678     34.468      0.563    1455.74    1455.74  0.000e+00
      22311     34.500     9.9950     9.9960     0.0010    0.80488    0.80485          1     7.0853     6.8564      47.75     0.5920     0.2764  1.000e-12  0.2535000     6.4277     6.4272    -0.0004     4.7238     4.7234     34.173     34.974      0.518    1455.74    1455.74  0.000e+00
      22334     35.000     9.9894     9.9901     0.0006    0.80473    0.80470          1     7.0872     6.8406      47.17     0.5671     0.2761  1.000e-12  0.2467000     6.4273     6.4270    -0.0004     4.7242     4.7238     34.669     35.481      0.507    1455.73    1455.73  0.000e+00
      22358     35.500     9.9826     9.9849     0.0024    0.80453    0.80454          1     7.0937     6.7759      46.18     0.5454     0.2664  1.000e-12  0.2361000     6.4268     6.4265    -0.0003     4.7245     4.7240     35.164     35.988      0.522    1455.71    1455.71  0.000e+00
      22380     36.000     9.9813     9.9833     0.0020    0.80449    0.80450          1     7.0960     6.7779      45.77     0.5444     0.2875  1.000e-12  0.2489000     6.4266     6.4263    -0.0003     4.7245     4.7240     35.659     36.495      0.554    1455.71    1455.72  0.000e+00
      22401     36.500     9.9828     9.9835     0.0007    0.80454    0.80451          1     7.0851     6.7848      45.01     0.5261     0.2350  1.000e-12  0.2423000     6.4267     6.4263    -0.0004     4.7244     4.7240     36.154     37.002      0.584    1455.72    1455.73  0.000e+00
      22422     37.000     9.9797     9.9808     0.0010    0.80445    0.80443          1     7.0788     6.7874      44.84     0.5447     0.2146  1.000e-12  0.2387000     6.4264     6.4260    -0.0004     4.7245     4.7241     36.649     37.509      0.572    1455.72    1455.72  0.000e+00
      22444     37.500     9.9776     9.9793     0.0017    0.80440    0.80440          1     7.0756     6.7859      44.16     0.5500     0.2677  1.000e-12  0.2439000     6.4263     6.4261    -0.0003     4.7246     4.7242     37.145     38.016      0.517    1455.72    1455.72  0.000e+00
      22468     38.000     9.9779     9.9792     0.0013    0.80445    0.80444          1     7.0713     6.7777      43.81     0.5514     0.2933  1.000e-12  0.2568000     6.4267     6.4263    -0.0004     4.7249     4.7244     37.640     38.523      0.490    1455.73    1455.73  0.000e+00
      22492     38.500     9.9798     9.9813     0.0014    0.80469    0.80467          1     7.0693     6.7669      43.35     0.5538     0.2916  1.000e-12  0.2546000     6.4283     6.4279    -0.0004     4.7259     4.7255     38.135     39.029      0.530    1455.74    1455.75  0.000e+00
      22514     39.000     9.9824     9.9838     0.0014    0.80501    0.80500          1     7.0689     6.7604      42.93     0.5417     0.2674  1.000e-12  0.2415000     6.4306     6.4302    -0.0004     4.7274     4.7270     38.630     39.536      0.576    1455.76    1455.77  0.000e+00
      22534     39.500     9.9852     9.9865     0.0013    0.80529    0.80527          1     7.0661     6.7582      42.48     0.5226     0.2459  1.000e-12  0.2474000     6.4324     6.4320    -0.0004     4.7286     4.7281     39.125     40.043      0.612    1455.79    1455.79  0.000e+00
      22553     40.000     9.9868     9.9883     0.0015    0.80543    0.80542          1     7.0599     6.7556      41.98     0.5021     0.2355  1.000e-12  0.2431000     6.4332     6.4330    -0.0003     4.7291     4.7287     39.621     40.550      0.618    1455.80    1455.81  0.000e+00
      22573     40.500     9.9865     9.9882     0.0017    0.80556    0.80553          1     7.0460     6.7511      41.48     0.4982     0.2339  1.000e-12  0.2359000     6.4344     6.4339    -0.0005     4.7300     4.7294     40.116     41.057      0.552    1455.81    1455.82  0.000e+00
      22598     41.000     9.9794     9.9820     0.0026    0.80624    0.80616          1     6.9937     6.7202      40.86     0.4840     0.2401  1.000e-12  0.2310000     6.4415     6.4403    -0.0012     4.7362     4.7350     40.611     41.564      0.436    1455.80    1455.81  0.000e+00
      22627     41.500     9.9522     9.9571     0.0048    0.80788    0.80781          1     6.8993     6.6585      40.34     0.4600     0.1781  1.000e-12  0.2474000     6.4603     6.4589    -0.0015     4.7537     4.7521     41.106     42.071      0.480    1455.72    1455.74  0.000e+00
      22648     42.000     9.9352     9.9381     0.0029    0.80806    0.80801          1     6.8386     6.6170      39.94     0.4457     0.1927  1.000e-12  0.2396000     6.4649     6.4639    -0.0010     4.7591     4.7580     41.602     42.577      0.611    1455.67    1455.68  0.000e+00
      22667     42.500     9.9226     9.9252     0.0026    0.80822    0.80820          1     6.8233     6.5863      39.46     0.4346     0.2039  1.000e-12  0.2230000     6.4684     6.4678    -0.0006     4.7631     4.7623     42.097     43.084      0.650    1455.63    1455.64  0.000e+00
      22685     43.000     9.8963     9.8990     0.0027    0.80866    0.80863          1     6.7922     6.5563      38.96     0.3930     0.2333  1.000e-12  0.2170000     6.4769     6.4761    -0.0007     4.7724     4.7716     42.592     43.591      0.595    1455.55    1455.56  0.000e+00
      22708     43.500     9.8559     9.8591     0.0032    0.80924    0.80922          1     6.7208     6.5102      38.41     0.3936     0.2566  1.000e-12  0.2171000     6.4890     6.4883    -0.0007     4.7860     4.7852     43.087     44.098      0.506    1455.41    1455.43  0.000e+00
      22733     44.000     9.7922     9.7991     0.0069    0.80916    0.80918          1     6.6242     6.4254      37.86     0.4296     0.2013  1.000e-12  0.2166000     6.4997     6.4986    -0.0011     4.8010     4.7994     43.582     44.605      0.491    1455.19    1455.21  0.000e+00
      22756     44.500     9.6428     9.6449     0.0021    0.80900    0.80899          1     6.4886     6.3128      37.36     0.4233     0.2491  1.000e-12  0.2406000     6.5252     6.5247    -0.0005     4.8360     4.8354     44.078     45.112      0.544    1454.64    1454.65  0.000e+00
      22777     45.000     9.5546     9.5558     0.0011    0.80866    0.80865          1     6.3976     6.2287      36.87     0.4038     0.2504  1.000e-12  0.2472000     6.5381     6.5378    -0.0003     4.8549     4.8545     44.573     45.619      0.574    1454.31    1454.32  0.000e+00
      22798     45.500     9.4959     9.4980     0.0021    0.80830    0.80829          1     6.3623     6.1737      36.33     0.3941     0.2170  1.000e-12  0.2350000     6.5456     6.5452    -0.0004     4.8665     4.8660     45.068     46.125      0.568    1454.10    1454.11  0.000e+00
      22819     46.000     9.4650     9.4656     0.0006    0.80838    0.80839          1     6.3474     6.1388      35.79     0.3957     0.2157  1.000e-12  0.2212000     6.5519     6.5519     0.0000     4.8744     4.8744     45.563     46.632      0.548    1453.99    1454.00  0.000e+00
      22842     46.500     9.4612     9.4649     0.0037    0.80858    0.80861          1     6.3503     6.1303      35.28     0.4069     0.2225  1.000e-12  0.2765000     6.5543     6.5538    -0.0004     4.8767     4.8760     46.058     47.139      0.536    1453.99    1454.00  0.000e+00
      22864     47.000     9.4671     9.4696     0.0025    0.80876    0.80876          1     6.3730     6.1437      34.73     0.3944     0.2161  1.000e-12  0.2292000     6.5547     6.5543    -0.0005     4.8765     4.8759     46.553     47.646      0.523    1454.02    1454.03  0.000e+00
      22888     47.500     9.4714     9.4726     0.0012    0.80893    0.80889          1     6.3855     6.1507      34.25     0.3941     0.1966  1.000e-12  0.2122000     6.5554     6.5548    -0.0006     4.8765     4.8760     47.049     48.152      0.523    1454.05    1454.05  0.000e+00
      22910     48.000     9.4658     9.4680     0.0022    0.80902    0.80901          1     6.3558     6.1358      33.72     0.4142     0.2214  1.000e-12  0.2165000     6.5571     6.5566    -0.0005     4.8784     4.8778     47.544     48.659      0.545    1454.03    1454.04  0.000e+00
      22932     48.500     9.3728     9.3791     0.0063    0.80840    0.80843          1     6.3079     6.1027      33.21     0.4030     0.2212  1.000e-12  0.2171000     6.5687     6.5678    -0.0009     4.8965     4.8952     48.039     49.166      0.568    1453.69    1453.71  0.000e+00
      22952     49.000     9.2808     9.2881     0.0072    0.80717    0.80730          1     6.2881     6.0944      32.75     0.4050     0.2384  1.000e-12  0.2192000     6.5747     6.5745    -0.0002     4.9101     4.9093     48.534     49.673      0.561    1453.34    1453.37  0.000e+00
      22975     49.500     9.1872     9.1902     0.0031    0.80651    0.80648          1     6.2482     6.0672      32.36     0.4146     0.2294  1.000e-12  0.2234000     6.5860     6.5852    -0.0008     4.9279     4.9270     49.029     50.180      0.525    1452.99    1453.00  0.000e+00
      22998     50.000     9.0962     9.0971     0.0008    0.80626    0.80621          1     6.1547     6.0145      31.84     0.4094     0.2170  1.000e-12  0.2253000     6.6005     6.5999    -0.0006     4.9477     4.9472     49.525     50.686      0.516    1452.65    1452.66  0.000e+00
      23021     50.500     8.9143     8.9102    -0.0042    0.80510    0.80504          1     6.0877     5.9556      31.55     0.4177     0.2355  1.000e-12  0.2355000     6.6239     6.6241     0.0002     4.9828     4.9834     50.020     51.193      0.566    1451.96    1451.95  0.000e+00
      23041     51.000     8.7349     8.7371     0.0022    0.80353    0.80351          1     6.0780     5.9307      31.77     0.4062     0.2502  1.000e-12  0.2218000     6.6433     6.6428    -0.0005     5.0142     5.0136     50.515     51.700      0.595    1451.27    1451.28  0.000e+00
      23061     51.500     8.6531     8.6595     0.0063    0.80298    0.80301          1     6.0733     5.9095      31.32     0.3980     0.2623  1.000e-12  0.2683000     6.6537     6.6528    -0.0009     5.0296     5.0283     51.010     52.207      0.549    1450.97    1450.99  0.000e+00
      23085     52.000     8.6277     8.6257    -0.0020    0.80298    0.80295          1     6.0343     5.8742      30.74     0.4250     0.2434  1.000e-12  0.2621000     6.6585     6.6585     0.0001     5.0355     5.0358     51.505     52.713      0.492    1450.88    1450.87  0.000e+00
      23110     52.500     8.5152     8.5191     0.0038    0.80180    0.80179          1     5.9916     5.8507      30.16     0.4227     0.2265  1.000e-12  0.2337000     6.6690     6.6682    -0.0008     5.0535     5.0526     52.001     53.220      0.519    1450.44    1450.46  0.000e+00
      23131     53.000     8.3175     8.3196     0.0022    0.80054    0.80054          1     5.9524     5.8142      29.72     0.4065     0.2472  1.000e-12  0.2363000     6.6950     6.6946    -0.0004     5.0907     5.0902     52.496     53.727      0.568    1449.68    1449.69  0.000e+00
      23152     53.500     8.2743     8.2760     0.0018    0.80053    0.80052          1     5.9515     5.7980      29.22     0.4091     0.2651  1.000e-12  0.2522000     6.7031     6.7027    -0.0004     5.1006     5.1002     52.991     54.233      0.578    1449.52    1449.53  0.000e+00
      23173     54.000     8.2540     8.2560     0.0019    0.80151    0.80150          1     5.9383     5.7869      28.70     0.4190     0.2075  1.000e-12  0.2413000     6.7157     6.7153    -0.0004     5.1122     5.1117     53.486     54.740      0.558    1449.46    1449.47  0.000e+00
      23195     54.500     8.2158     8.2178     0.0020    0.80185    0.80185          1     5.9167     5.7829      28.17     0.4190     0.2075  1.000e-12  0.2648000     6.7260     6.7256    -0.0004     5.1234     5.1229     53.981     55.247      0.518    1449.33    1449.34  0.000e+00
      23219     55.000     8.1474     8.1489     0.0015    0.80181    0.80179          1     5.8849     5.7435      27.65     0.4079     0.2302  1.000e-12  0.2554000     6.7386     6.7382    -0.0005     5.1389     5.1384     54.476     55.753      0.504    1449.07    1449.08  0.000e+00
      23243     55.500     8.1529     8.1547     0.0018    0.80520    0.80516          1     5.8201     5.6932      27.14     0.4068     0.2036  1.000e-12  0.2748000     6.7682     6.7675    -0.0007     5.1616     5.1609     54.972     56.260      0.546    1449.14    1449.15  0.000e+00
      23263     56.000     8.0956     8.0990     0.0034    0.80648    0.80648          1     5.7794     5.6583      26.64     0.4231     0.2359  1.000e-12  0.2666000     6.7908     6.7900    -0.0007     5.1839     5.1831     55.467     56.767      0.599    1448.94    1448.96  0.000e+00
