ctdpy/exports/archive_20191121_122431/received_data/SBE09_0827_20180226_1640_26_01_0320.cnv
* Sea-Bird SBE 9 Data File:
* FileName = D:\CTD_SBE911\DAT\26DA.2018.3.20.hex
* Software Version Seasave V 7.21d
* Temperature SN = 034757
* Conductivity SN = 041844
* Number of Bytes Per Scan = 48
* Number of Voltage Words = 5
* Number of Scans Averaged by the Deck Unit = 1
* NMEA Latitude = 55 39.34 N
* NMEA Longitude = 015 48.40 E
* NMEA UTC (Time) = Feb 26 2018  16:40:50
* NMEA baud rate = 4800
** Ship: DANA
** Average sound velocity: 1434.78 m/s
** True-depth calculation Tue, 02 Apr 2019 12:03:02 +0000
** CTD Python Module SMHI /ver 3-12/ feb 2012 
** LIMS Job: 20182601-0320
** Operator:
** Cruise: 02/2018
# nquan = 26
# nvalues = 131                         
# units = specified
# name 0 = scan: Scan Count
# name 1 = prDM: Pressure, Digiquartz [db]
# name 2 = t090C: Temperature [ITS-90, deg C]
# name 3 = t190C: Temperature, 2 [ITS-90, deg C]
# name 4 = T2-T190C: Temperature Difference, 2 - 1 [ITS-90, deg C]
# name 5 = c0S/m: Conductivity [S/m]
# name 6 = c1S/m: Conductivity, 2 [S/m]
# name 7 = pumps: Pump Status
# name 8 = sbeox1ML/L: Oxygen, SBE 43, 2 [ml/l]
# name 9 = sbeox0ML/L: Oxygen, SBE 43 [ml/l]
# name 10 = altM: Altimeter [m]
# name 11 = chloroflTC0: Chlorophyll, Turner Cyclops [ug/l]
# name 12 = cpar: CPAR/Corrected Irradiance [%]
# name 13 = par: PAR/Irradiance, Biospherical/Lico [µE/(cm^2*s)]
# name 14 = spar: SPAR, Biospherical/Licor
# name 15 = sal00: Salinity, Practical [PSU]
# name 16 = sal11: Salinity, Practical, 2 [PSU]
# name 17 = secS-priS: Salinity, Practical, Difference, 2 - 1 [PSU]
# name 18 = sigma-t00: Density [sigma-t, kg/m^3 ]
# name 19 = sigma-t11: Density, 2 [sigma-t, kg/m^3 ]
# name 20 = depSM: Depth [salt water, m], lat = 55.6557
# name 21 = depFM: Depth [true depth, m], lat = 55.6557
# name 22 = dz/dtM: Descent Rate [m/s], WS = 2
# name 23 = svCM: Sound Velocity [Chen-Millero, m/s]
# name 24 = svCM1: Sound Velocity, 2 [Chen-Millero, m/s]
# name 25 = flag: flag
# span 0 =        -66,       6374       
# span 1 =      2.000,     67.000       
# span 2 =     3.0867,     8.5157       
# span 3 =     3.0837,     8.5763       
# span 4 =    -0.1028,     0.6291       
# span 5 =   0.761981,   1.779730       
# span 6 =   0.761186,   1.778984       
# span 7 =          1,          1       
# span 8 =     0.0906,     9.2219       
# span 9 =     0.1252,     8.4791       
# span 10 =       1.75,      10.13      
# span 11 =     0.0112,     0.0212      
# span 12 = 2.4578e-11, 2.6970e-11      
# span 13 = 1.0000e-12, 1.0000e-12      
# span 14 = 3.8679e+00, 4.0651e+00      
# span 15 =     7.4223,    16.2715      
# span 16 =     7.4146,    16.2625      
# span 17 =    -0.0488,     0.4604      
# span 18 =     5.9166,    12.6613      
# span 19 =     5.9104,    12.6539      
# span 20 =      1.982,     66.382      
# span 21 =      2.025,     67.774      
# span 22 =     -0.020,      0.484      
# span 23 =    1427.16,    1459.63      
# span 24 =    1427.13,    1459.67      
# span 25 = 0.0000e+00, 0.0000e+00      
# interval = decibars: 0.5              
# start_time = Feb 26 2018 16:40:50 [NMEA time, first data scan]
# bad_flag = -9.990e-29
*END*
[from data line 56]
       2847     30.000     3.3131     3.2996    -0.0135    0.77233    0.77088          1     9.1981     8.4001       9.96     0.0121  2.462e-11  1.000e-12  4.062e+00     7.4741     7.4622    -0.0119     5.9550     5.9458     29.726     30.376      0.267    1428.70    1428.63  0.000e+00
       2882     30.500     3.3173     3.3139    -0.0035    0.77249    0.77150          1     9.2111     8.3995       9.96     0.0116  2.462e-11  1.000e-12  4.062e+00     7.4748     7.4653    -0.0095     5.9555     5.9480     30.221     30.882      0.358    1428.73    1428.70  0.000e+00
       2923     31.000     3.3350     3.3183    -0.0167    0.77324    0.77173          1     9.1791     8.4011       9.96     0.0121  2.462e-11  1.000e-12  4.062e+00     7.4784     7.4665    -0.0118     5.9581     5.9489     30.717     31.389      0.244    1428.82    1428.73  0.000e+00
       2978     31.500     3.3544     3.3329    -0.0215    0.77403    0.77226          1     9.1680     8.3877       9.96     0.0122  2.462e-11  1.000e-12  4.062e+00     7.4820     7.4686    -0.0135     5.9608     5.9503     31.212     31.895      0.238    1428.93    1428.81  0.000e+00
       3022     32.000     3.3734     3.3595    -0.0138    0.77484    0.77333          1     9.2041     8.3868       9.96     0.0120  2.462e-11  1.000e-12  4.062e+00     7.4860     7.4735    -0.0125     5.9636     5.9539     31.707     32.401      0.288    1429.02    1428.95  0.000e+00
       3071     32.500     3.3996     3.3793    -0.0203    0.77596    0.77421          1     9.1713     8.3835       9.96     0.0121  2.462e-11  1.000e-12  4.062e+00     7.4915     7.4779    -0.0135     5.9676     5.9571     32.203     32.907      0.208    1429.16    1429.05  0.000e+00
       3126     33.000     3.4164     3.4029    -0.0135    0.77674    0.77517          1     9.1989     8.3651       9.96     0.0122  2.462e-11  1.000e-12  4.062e+00     7.4955     7.4824    -0.0131     5.9705     5.9603     32.698     33.414      0.328    1429.25    1429.17  0.000e+00
       3157     33.500     3.4249     3.4189    -0.0060    0.77731    0.77610          1     9.1239     8.3627       9.96     0.0118  2.462e-11  1.000e-12  4.062e+00     7.4994     7.4883    -0.0112     5.9735     5.9647     33.193     33.920      0.326    1429.30    1429.26  0.000e+00
       3216     34.000     3.4316     3.4273    -0.0043    0.77778    0.77667          1     9.1604     8.3550       9.96     0.0119  2.462e-11  1.000e-12  4.062e+00     7.5026     7.4921    -0.0105     5.9760     5.9677     33.689     34.426      0.257    1429.34    1429.31  0.000e+00
       3258     34.500     3.4328     3.4319    -0.0009    0.77792    0.77706          1     9.1487     8.3543       9.96     0.0122  2.462e-11  1.000e-12  4.062e+00     7.5038     7.4950    -0.0087     5.9768     5.9699     34.184     34.932      0.355    1429.36    1429.34  0.000e+00
       3309     35.000     3.4340     3.4336    -0.0003    0.77805    0.77724          1     9.1379     8.3480       9.96     0.0121  2.462e-11  1.000e-12  4.062e+00     7.5048     7.4965    -0.0083     5.9777     5.9710     34.680     35.439      0.238    1429.37    1429.36  0.000e+00
       3365     35.500     3.4358     3.4354    -0.0004    0.77816    0.77739          1     9.1471     8.3503       9.96     0.0121  2.462e-11  1.000e-12  4.062e+00     7.5055     7.4976    -0.0079     5.9781     5.9719     35.175     35.945      0.374    1429.39    1429.38  0.000e+00
       3395     36.000     3.4370     3.4364    -0.0006    0.77824    0.77746          1     9.1557     8.3472       9.96     0.0122  2.462e-11  1.000e-12  4.062e+00     7.5060     7.4980    -0.0080     5.9785     5.9722     35.670     36.451      0.322    1429.40    1429.39  0.000e+00
       3453     36.500     3.4333     3.4364     0.0032    0.77817    0.77749          1     9.1085     8.3479       9.96     0.0117  2.462e-11  1.000e-12  4.062e+00     7.5060     7.4982    -0.0077     5.9786     5.9724     36.166     36.957      0.251    1429.39    1429.40  0.000e+00
       3495     37.000     3.4266     3.4295     0.0029    0.77800    0.77737          1     9.1444     8.3443       9.96     0.0121  2.462e-11  1.000e-12  4.062e+00     7.5057     7.4985    -0.0072     5.9785     5.9727     36.661     37.464      0.376    1429.37    1429.38  0.000e+00
       3529     37.500     3.4257     3.4262     0.0006    0.77798    0.77728          1     9.1584     8.3472       9.96     0.0118  2.462e-11  1.000e-12  4.062e+00     7.5056     7.4983    -0.0074     5.9784     5.9726     37.157     37.970      0.287    1429.38    1429.37  0.000e+00
       3590     38.000     3.4228     3.4239     0.0011    0.77797    0.77724          1     9.1710     8.3429       9.96     0.0118  2.462e-11  1.000e-12  4.062e+00     7.5061     7.4983    -0.0078     5.9788     5.9726     37.652     38.476      0.229    1429.37    1429.37  0.000e+00
       3635     38.500     3.4216     3.4208    -0.0009    0.77799    0.77723          1     9.1356     8.3484       9.96     0.0122  2.462e-11  1.000e-12  4.062e+00     7.5066     7.4988    -0.0077     5.9793     5.9731     38.147     38.982      0.299    1429.37    1429.36  0.000e+00
       3682     39.000     3.4226     3.4217    -0.0009    0.77810    0.77731          1     9.1867     8.3415       9.96     0.0121  2.462e-11  1.000e-12  4.062e+00     7.5074     7.4994    -0.0080     5.9799     5.9735     38.643     39.489      0.227    1429.39    1429.37  0.000e+00
       3730     39.500     3.4345     3.4331    -0.0013    0.77862    0.77773          1     9.1704     8.3556       9.96     0.0122  2.462e-11  1.000e-12  4.062e+00     7.5099     7.5010    -0.0089     5.9817     5.9746     39.138     39.995      0.312    1429.45    1429.44  0.000e+00
       3767     40.000     3.4725     3.4696    -0.0030    0.77999    0.77897          1     9.1340     8.3447       9.96     0.0122  2.462e-11  1.000e-12  4.062e+00     7.5152     7.5053    -0.0099     5.9853     5.9775     39.633     40.501      0.300    1429.64    1429.61  0.000e+00
       3814     40.500     3.4849     3.5154     0.0306    0.78049    0.78041          1     9.1736     8.3392       9.96     0.0117  2.462e-11  1.000e-12  4.062e+00     7.5175     7.5095    -0.0080     5.9869     5.9800     40.129     41.007      0.233    1429.71    1429.84  0.000e+00
       3860     41.000     3.5146     3.5521     0.0374    0.78162    0.78163          1     9.1663     8.3269       9.96     0.0122  2.462e-11  1.000e-12  4.062e+00     7.5222     7.5136    -0.0085     5.9901     5.9827     40.624     41.514      0.298    1429.86    1430.02  0.000e+00
       3910     41.500     3.5507     3.5596     0.0089    0.78264    0.78225          1     9.1361     8.3176       9.96     0.0120  2.462e-11  1.000e-12  4.062e+00     7.5243     7.5182    -0.0061     5.9911     5.9862     41.119     42.020      0.210    1430.03    1430.06  0.000e+00
       3966     42.000     3.5620     3.5710     0.0090    0.78348    0.78304          1     9.1309     8.3165       9.96     0.0122  2.462e-11  1.000e-12  4.062e+00     7.5302     7.5236    -0.0066     5.9957     5.9902     41.615     42.526      0.327    1430.10    1430.13  0.000e+00
       4001     42.500     3.5726     3.5775     0.0050    0.78395    0.78329          1     9.1249     8.3075       9.96     0.0122  2.462e-11  1.000e-12  4.062e+00     7.5326     7.5246    -0.0079     5.9973     5.9909     42.110     43.032      0.284    1430.16    1430.17  0.000e+00
       4063     43.000     3.5929     3.5994     0.0065    0.78463    0.78403          1     9.1024     8.3110       9.96     0.0113  2.462e-11  1.000e-12  4.062e+00     7.5348     7.5272    -0.0077     5.9987     5.9925     42.606     43.539      0.260    1430.26    1430.28  0.000e+00
       4102     43.500     3.5892     3.5804    -0.0087    0.78468    0.78383          1     9.0542     8.2997       9.96     0.0121  2.462e-11  1.000e-12  4.062e+00     7.5362     7.5294    -0.0068     5.9999     5.9946     43.101     44.045      0.375    1430.25    1430.21  0.000e+00
       4137     44.000     3.5791     3.5711    -0.0080    0.78452    0.78363          1     9.0838     8.3134       9.96     0.0122  2.462e-11  1.000e-12  4.062e+00     7.5367     7.5294    -0.0073     6.0005     5.9948     43.596     44.551      0.258    1430.22    1430.17  0.000e+00
       4205     44.500     3.5632     3.5474    -0.0158    0.78415    0.78317          1     9.0749     8.3074       9.96     0.0113  2.462e-11  1.000e-12  4.062e+00     7.5366     7.5301    -0.0065     6.0007     5.9959     44.092     45.057      0.282    1430.15    1430.07  0.000e+00
       4240     45.000     3.5429     3.5374    -0.0055    0.78374    0.78297          1     9.0937     8.3180       9.96     0.0115  2.462e-11  1.000e-12  4.062e+00     7.5370     7.5303    -0.0067     6.0014     5.9962     44.587     45.563      0.343    1430.07    1430.03  0.000e+00
       4291     45.500     3.5425     3.5439     0.0014    0.78388    0.78329          1     9.1210     8.3201       9.96     0.0119  2.462e-11  1.000e-12  4.062e+00     7.5385     7.5321    -0.0064     6.0026     5.9975     45.082     46.070      0.223    1430.08    1430.07  0.000e+00
       4345     46.000     3.5533     3.5584     0.0051    0.78438    0.78375          1     9.1091     8.3124       9.96     0.0122  2.462e-11  1.000e-12  4.062e+00     7.5410     7.5333    -0.0078     6.0044     5.9982     45.578     46.576      0.328    1430.14    1430.15  0.000e+00
       4380     46.500     3.5685     3.5775     0.0090    0.78493    0.78438          1     9.1604     8.3082       9.96     0.0118  2.462e-11  1.000e-12  4.062e+00     7.5431     7.5354    -0.0077     6.0058     5.9995     46.073     47.082      0.296    1430.22    1430.25  0.000e+00
       4427     47.000     3.6002     3.6120     0.0118    0.78610    0.78559          1     9.1014     8.2943       9.96     0.0113  2.462e-11  1.000e-12  4.062e+00     7.5478     7.5397    -0.0080     6.0089     6.0023     46.568     47.588      0.263    1430.37    1430.42  0.000e+00
       4468     47.500     3.6288     3.6369     0.0080    0.78709    0.78647          1     9.0830     8.2651       9.96     0.0112  2.462e-11  1.000e-12  4.062e+00     7.5513     7.5430    -0.0083     6.0111     6.0044     47.064     48.095      0.258    1430.52    1430.54  0.000e+00
       4538     48.000     3.6447     3.6509     0.0063    0.78760    0.78698          1     9.0598     8.2545       9.96     0.0121  2.462e-11  1.000e-12  4.062e+00     7.5527     7.5449    -0.0078     6.0120     6.0056     47.559     48.601      0.291    1430.60    1430.62  0.000e+00
       4569     48.500     3.6666     3.6863     0.0197    0.78850    0.78810          1     9.0446     8.2449       9.96     0.0122  2.462e-11  1.000e-12  4.062e+00     7.5568     7.5481    -0.0087     6.0148     6.0075     48.054     49.107      0.392    1430.71    1430.79  0.000e+00
       4615     49.000     3.7053     3.7313     0.0260    0.78990    0.78990          1     9.0180     8.2211       9.96     0.0122  2.462e-11  1.000e-12  4.062e+00     7.5621     7.5561    -0.0061     6.0183     6.0129     48.550     49.613      0.242    1430.90    1431.01  0.000e+00
       4675     49.500     3.7501     3.7586     0.0085    0.79173    0.79107          1     8.9669     8.2007       9.96     0.0121  2.462e-11  1.000e-12  4.062e+00     7.5705     7.5617    -0.0088     6.0240     6.0168     49.045     50.119      0.341    1431.12    1431.15  0.000e+00
       4711     50.000     3.7713     3.7925     0.0212    0.79254    0.79236          1     8.9981     8.1838       9.96     0.0125  2.462e-11  1.000e-12  4.062e+00     7.5738     7.5670    -0.0067     6.0262     6.0203     49.540     50.626      0.257    1431.23    1431.32  0.000e+00
       4771     50.500     3.8288     3.8567     0.0278    0.79599    0.79622          1     8.7046     8.0632       9.96     0.0122  2.462e-11  1.000e-12  4.062e+00     7.5957     7.5916    -0.0041     6.0423     6.0384     50.036     51.132      0.285    1431.53    1431.65  0.000e+00
       4803     51.000     3.8723     3.9412     0.0692    0.80086    0.80505          1     8.6436     7.9081       9.96     0.0119  2.462e-11  1.000e-12  4.062e+00     7.6354     7.6621     0.0267     6.0729     6.0924     50.531     51.638      0.369    1431.78    1432.13  0.000e+00
       4845     51.500     4.1538     4.7841     0.6291    0.83717    0.89769          1     7.4345     7.0541       9.96     0.0123  2.462e-11  1.000e-12  4.062e+00     7.9356     8.3960     0.4604     6.3024     6.6477     51.026     52.144      0.223    1433.43    1436.83  0.000e+00
       4921     52.000     5.4329     5.6169     0.1840    0.99030    0.99796          1     4.3232     4.3218       9.96     0.0124  2.462e-11  1.000e-12  4.062e+00     9.1535     9.1793     0.0258     7.2174     7.2282     51.522     52.650      0.274    1440.64    1441.47  0.000e+00
       4958     52.500     5.7475     5.9208     0.1736    1.03272    1.04686          1     3.5734     3.4163       9.96     0.0122  2.462e-11  1.000e-12  4.062e+00     9.4872     9.5779     0.0907     7.4637     7.5252     52.017     53.156      0.324    1442.42    1443.28  0.000e+00
       4999     53.000     5.9400     6.3885     0.4482    1.06078    1.10505          1     2.7495     3.0090       9.96     0.0129  2.462e-11  1.000e-12  4.062e+00     9.7100    10.0145     0.3046     7.6282     7.8394     52.513     53.661      0.262    1443.54    1445.82  0.000e+00
       5045     53.500     6.4492     6.7351     0.2862    1.13081    1.15771          1     2.5841     2.7740       9.96     0.0136  2.462e-11  1.000e-12  4.062e+00    10.2487    10.4253     0.1767     8.0195     8.1385     53.008     54.166      0.311    1446.38    1447.80  0.000e+00
       5078     54.000     6.6989     6.8638     0.1648    1.16643    1.18511          1     2.5189     2.5700       9.96     0.0149  2.462e-11  1.000e-12  4.062e+00    10.5210    10.6521     0.1310     8.2162     8.3069     53.503     54.672      0.364    1447.78    1448.63  0.000e+00
       5119     54.500     6.7601     6.9717     0.2114    1.17840    1.20103          1     2.4897     2.5195       9.96     0.0148  2.462e-11  1.000e-12  4.062e+00    10.6188    10.7729     0.1542     8.2885     8.3936     53.999     55.177      0.233    1448.17    1449.24  0.000e+00
       5172     55.000     6.9935     7.0855     0.0924    1.21057    1.21598          1     2.6569     2.5457       9.96     0.0155  2.462e-11  1.000e-12  4.062e+00    10.8585    10.8819     0.0234     8.4591     8.4703     54.494     55.682      0.298    1449.44    1449.86  0.000e+00
       5210     55.500     7.0884     7.1900     0.1017    1.22345    1.23206          1     2.7327     2.5758       9.96     0.0149  2.462e-11  1.000e-12  4.062e+00    10.9532    11.0041     0.0509     8.5260     8.5578     54.989     56.187      0.261    1449.96    1450.45  0.000e+00
       5272     56.000     7.3675     7.6720     0.3046    1.25545    1.27454          1     2.8016     2.5763       9.96     0.0151  2.462e-11  1.000e-12  4.062e+00    11.1723    11.2574     0.0851     8.6749     8.7157     55.485     56.692      0.252    1451.39    1452.75  0.000e+00
       5312     56.500     7.7426     7.9264     0.1835    1.29154    1.30695          1     2.7836     2.5661       9.96     0.0147  2.462e-11  1.000e-12  4.062e+00    11.3972    11.4838     0.0866     8.8191     8.8703     55.980     57.196      0.353    1453.22    1454.07  0.000e+00
       5346     57.000     7.8965     8.2017     0.3051    1.31443    1.35011          1     2.8757     2.6279       9.96     0.0147  2.462e-11  1.000e-12  4.062e+00    11.5649    11.8021     0.2372     8.9364     9.0933     56.475     57.701      0.332    1454.06    1455.58  0.000e+00
