ctdpy/exports/archive_20191121_122431/received_data/SBE09_0827_20180122_1030_26_01_0159.cnv
* Sea-Bird SBE 9 Data File:
* FileName = D:\CTD_SBE911\DAT\26DA.2018.1.59.hex
* Software Version Seasave V 7.21d
* Temperature SN = 034757
* Conductivity SN = 041844
* Number of Bytes Per Scan = 48
* Number of Voltage Words = 5
* Number of Scans Averaged by the Deck Unit = 1
* NMEA Latitude = 58 34.48 N
* NMEA Longitude = 010 51.42 E
* NMEA UTC (Time) = Jan 22 2018  10:30:19
* NMEA baud rate = 4800
** Ship: DANA
** Average sound velocity: 1471.44 m/s
** True-depth calculation Thu, 28 Mar 2019 08:26:18 +0000
** CTD Python Module SMHI /ver 3-12/ feb 2012 
** LIMS Job: 20182601-0159
** Persgrund
** Operator: Ronny Sørensen
** Cruise: 01/2018
# nquan = 26
# nvalues = 154                         
# units = specified
# name 0 = scan: Scan Count
# name 1 = prDM: Pressure, Digiquartz [db]
# name 2 = t090C: Temperature [ITS-90, deg C]
# name 3 = t190C: Temperature, 2 [ITS-90, deg C]
# name 4 = T2-T190C: Temperature Difference, 2 - 1 [ITS-90, deg C]
# name 5 = c0S/m: Conductivity [S/m]
# name 6 = c1S/m: Conductivity, 2 [S/m]
# name 7 = pumps: Pump Status
# name 8 = sbeox1ML/L: Oxygen, SBE 43, 2 [ml/l]
# name 9 = sbeox0ML/L: Oxygen, SBE 43 [ml/l]
# name 10 = altM: Altimeter [m]
# name 11 = chloroflTC0: Chlorophyll, Turner Cyclops [ug/l]
# name 12 = cpar: CPAR/Corrected Irradiance [%]
# name 13 = par: PAR/Irradiance, Biospherical/Lico [µE/(cm^2*s)]
# name 14 = spar: SPAR, Biospherical/Licor
# name 15 = sal00: Salinity, Practical [PSU]
# name 16 = sal11: Salinity, Practical, 2 [PSU]
# name 17 = secS-priS: Salinity, Practical, Difference, 2 - 1 [PSU]
# name 18 = sigma-t00: Density [sigma-t, kg/m^3 ]
# name 19 = sigma-t11: Density, 2 [sigma-t, kg/m^3 ]
# name 20 = depSM: Depth [salt water, m], lat = 58.5747
# name 21 = depFM: Depth [true depth, m], lat = 58.5747
# name 22 = dz/dtM: Descent Rate [m/s], WS = 2
# name 23 = svCM: Sound Velocity [Chen-Millero, m/s]
# name 24 = svCM1: Sound Velocity, 2 [Chen-Millero, m/s]
# name 25 = flag: flag
# span 0 =        509,       7646       
# span 1 =      2.000,     78.500       
# span 2 =     4.1508,     7.2470       
# span 3 =     4.0886,     7.2470       
# span 4 =    -0.0779,     0.1011       
# span 5 =   2.625928,   3.488711       
# span 6 =   2.620601,   3.488471       
# span 7 =          1,          1       
# span 8 =     5.8723,     6.7578       
# span 9 =     6.2750,     7.2524       
# span 10 =       3.83,       9.99      
# span 11 =     0.0223,     0.0404      
# span 12 = 3.6459e-13, 7.1055e+00      
# span 13 = 1.0000e-12, 1.9625e+01      
# span 14 = 2.4022e+02, 2.7619e+02      
# span 15 =    27.4765,    34.2769      
# span 16 =    27.4691,    34.2752      
# span 17 =    -0.0855,     0.1506      
# span 18 =    21.7929,    26.8148      
# span 19 =    21.7818,    26.8138      
# span 20 =      1.981,     77.754      
# span 21 =      1.994,     77.961      
# span 22 =      0.182,      0.422      
# span 23 =    1457.65,    1479.99      
# span 24 =    1457.37,    1479.98      
# span 25 = 0.0000e+00, 0.0000e+00      
# interval = decibars: 0.5              
# start_time = Jan 22 2018 10:30:20 [NMEA time, first data scan]
# bad_flag = -9.990e-29
*END*
[from data line 56]
       3279     30.000     5.6623     5.6665     0.0042    3.25019    3.25009          1     6.2905     6.7023       9.96     0.0330  3.647e-13  1.000e-12  2.742e+02    33.2157    33.2105    -0.0052    26.1840    26.1793     29.718     29.837      0.422    1471.63    1471.64  0.000e+00
       3311     30.500     5.6703     5.6704     0.0000    3.25189    3.25150          1     6.3075     6.7056       9.96     0.0337  3.647e-13  1.000e-12  2.742e+02    33.2268    33.2224    -0.0044    26.1917    26.1883     30.214     30.333      0.269    1471.68    1471.68  0.000e+00
       3376     31.000     5.6631     5.6628    -0.0004    3.25193    3.25167          1     6.2761     6.7111       9.96     0.0330  3.647e-13  1.000e-12  2.742e+02    33.2341    33.2315    -0.0026    26.1984    26.1964     30.709     30.829      0.299    1471.67    1471.67  0.000e+00
       3408     31.500     5.6734     5.6759     0.0025    3.25384    3.25329          1     6.3069     6.7016       9.96     0.0340  3.647e-13  1.000e-12  2.742e+02    33.2454    33.2367    -0.0087    26.2061    26.1989     31.204     31.326      0.358    1471.74    1471.74  0.000e+00
       3448     32.000     5.6889     5.6977     0.0088    3.25632    3.25696          1     6.3398     6.6892       9.96     0.0332  3.647e-13  1.000e-12  2.742e+02    33.2579    33.2564    -0.0015    26.2141    26.2118     31.700     31.822      0.266    1471.82    1471.86  0.000e+00
       3495     32.500     5.7076     5.7190     0.0114    3.25920    3.25999          1     6.3025     6.6916       9.96     0.0330  3.647e-13  1.000e-12  2.742e+02    33.2717    33.2695    -0.0023    26.2228    26.2196     32.195     32.318      0.265    1471.92    1471.97  0.000e+00
       3541     33.000     5.7251     5.7316     0.0066    3.26173    3.26221          1     6.3194     6.6890       9.96     0.0339  3.647e-13  1.000e-12  2.742e+02    33.2829    33.2818    -0.0010    26.2295    26.2279     32.690     32.814      0.255    1472.02    1472.04  0.000e+00
       3585     33.500     5.7325     5.7359     0.0035    3.26301    3.26317          1     6.3031     6.6822       9.96     0.0335  3.647e-13  1.000e-12  2.742e+02    33.2898    33.2882    -0.0016    26.2341    26.2324     33.185     33.311      0.289    1472.06    1472.08  0.000e+00
       3627     34.000     5.7365     5.7378     0.0013    3.26370    3.26372          1     6.2665     6.6746       9.96     0.0331  3.647e-13  1.000e-12  2.742e+02    33.2934    33.2923    -0.0010    26.2364    26.2354     33.681     33.807      0.291    1472.09    1472.10  0.000e+00
       3665     34.500     5.7413     5.7422     0.0009    3.26475    3.26462          1     6.2851     6.6860       9.96     0.0330  3.647e-13  1.000e-12  2.742e+02    33.3002    33.2979    -0.0024    26.2413    26.2393     34.176     34.303      0.330    1472.13    1472.13  0.000e+00
       3705     35.000     5.7445     5.7458     0.0013    3.26579    3.26594          1     6.2865     6.6929       9.96     0.0330  3.647e-13  1.000e-12  2.742e+02    33.3086    33.3090     0.0004    26.2475    26.2477     34.671     34.799      0.263    1472.16    1472.17  0.000e+00
       3753     35.500     5.7460     5.7471     0.0011    3.26685    3.26714          1     6.2737     6.6933       9.96     0.0330  3.647e-13  1.000e-12  2.742e+02    33.3188    33.3211     0.0022    26.2554    26.2571     35.166     35.296      0.273    1472.19    1472.19  0.000e+00
       3791     36.000     5.7509     5.7522     0.0013    3.26830    3.26835          1     6.2704     6.6844       9.96     0.0324  3.647e-13  1.000e-12  2.742e+02    33.3301    33.3294    -0.0007    26.2637    26.2630     35.662     35.792      0.317    1472.23    1472.23  0.000e+00
       3837     36.500     5.7556     5.7579     0.0023    3.26946    3.26986          1     6.3014     6.6802       9.96     0.0323  3.647e-13  1.000e-12  2.742e+02    33.3384    33.3406     0.0022    26.2697    26.2712     36.157     36.288      0.227    1472.27    1472.28  0.000e+00
       3887     37.000     5.7617     5.7658     0.0041    3.27088    3.27127          1     6.2964     6.6784       9.96     0.0327  3.647e-13  1.000e-12  2.742e+02    33.3482    33.3485     0.0003    26.2767    26.2765     36.652     36.784      0.286    1472.31    1472.33  0.000e+00
       3925     37.500     5.7710     5.7724     0.0015    3.27276    3.27283          1     6.2867     6.6662       9.96     0.0341  3.647e-13  1.000e-12  2.742e+02    33.3600    33.3594    -0.0006    26.2849    26.2843     37.147     37.281      0.319    1472.37    1472.38  0.000e+00
       3967     38.000     5.7767     5.7787     0.0020    3.27420    3.27435          1     6.2890     6.6807       9.96     0.0340  3.647e-13  1.000e-12  2.742e+02    33.3703    33.3700    -0.0003    26.2923    26.2919     37.643     37.777      0.263    1472.42    1472.42  0.000e+00
       4011     38.500     5.7854     5.7877     0.0024    3.27634    3.27635          1     6.2220     6.6702       9.96     0.0341  3.647e-13  1.000e-12  2.742e+02    33.3857    33.3834    -0.0022    26.3035    26.3014     38.138     38.273      0.289    1472.48    1472.49  0.000e+00
       4053     39.000     5.7974     5.8003     0.0029    3.27909    3.27922          1     6.2562     6.6655       9.96     0.0338  3.647e-13  1.000e-12  2.742e+02    33.4046    33.4032    -0.0014    26.3170    26.3155     38.633     38.769      0.276    1472.56    1472.57  0.000e+00
       4099     39.500     5.8069     5.8080     0.0011    3.28099    3.28105          1     6.3027     6.6670       9.96     0.0341  3.647e-13  1.000e-12  2.742e+02    33.4165    33.4160    -0.0004    26.3252    26.3247     39.128     39.265      0.247    1472.62    1472.62  0.000e+00
       4147     40.000     5.8058     5.8039    -0.0018    3.28134    3.28148          1     6.2884     6.6647       9.96     0.0346  3.647e-13  1.000e-12  2.742e+02    33.4213    33.4246     0.0033    26.3291    26.3320     39.624     39.762      0.267    1472.63    1472.63  0.000e+00
       4190     40.500     5.7944     5.7904    -0.0040    3.28069    3.28066          1     6.2821     6.6653       9.96     0.0344  3.647e-13  1.000e-12  2.742e+02    33.4249    33.4286     0.0037    26.3334    26.3368     40.119     40.258      0.277    1472.60    1472.59  0.000e+00
       4233     41.000     5.7821     5.7773    -0.0048    3.27988    3.27989          1     6.3049     6.6646       9.96     0.0343  3.647e-13  1.000e-12  2.742e+02    33.4276    33.4326     0.0050    26.3370    26.3415     40.614     40.754      0.298    1472.56    1472.55  0.000e+00
       4271     41.500     5.7761     5.7753    -0.0009    3.28020    3.28039          1     6.3097     6.6684       9.96     0.0342  3.647e-13  1.000e-12  2.742e+02    33.4370    33.4400     0.0030    26.3451    26.3476     41.109     41.250      0.309    1472.56    1472.56  0.000e+00
       4318     42.000     5.7819     5.7824     0.0005    3.28151    3.28168          1     6.3112     6.6821       9.96     0.0341  3.647e-13  1.000e-12  2.742e+02    33.4458    33.4472     0.0014    26.3514    26.3525     41.605     41.746      0.224    1472.60    1472.60  0.000e+00
       4370     42.500     5.7846     5.7838    -0.0007    3.28202    3.28212          1     6.2924     6.6668       9.96     0.0344  3.647e-13  1.000e-12  2.742e+02    33.4486    33.4505     0.0018    26.3534    26.3549     42.100     42.243      0.254    1472.62    1472.62  0.000e+00
       4415     43.000     5.7833     5.7827    -0.0006    3.28197    3.28208          1     6.3007     6.6646       9.96     0.0348  3.647e-13  1.000e-12  2.742e+02    33.4491    33.4509     0.0018    26.3539    26.3554     42.595     42.739      0.263    1472.62    1472.62  0.000e+00
       4460     43.500     5.7835     5.7834    -0.0000    3.28209    3.28221          1     6.3058     6.6692       9.96     0.0361  3.647e-13  1.000e-12  2.742e+02    33.4501    33.4514     0.0013    26.3546    26.3557     43.090     43.235      0.288    1472.64    1472.64  0.000e+00
       4500     44.000     5.7870     5.7875     0.0006    3.28264    3.28277          1     6.2661     6.6811       9.96     0.0348  3.647e-13  1.000e-12  2.742e+02    33.4526    33.4535     0.0009    26.3562    26.3568     43.586     43.731      0.281    1472.66    1472.66  0.000e+00
       4546     44.500     5.7913     5.7918     0.0006    3.28361    3.28366          1     6.2634     6.6754       9.96     0.0342  3.647e-13  1.000e-12  2.742e+02    33.4590    33.4590     0.0000    26.3607    26.3607     44.081     44.227      0.267    1472.69    1472.69  0.000e+00
       4588     45.000     5.8021     5.8039     0.0018    3.28556    3.28568          1     6.3022     6.6686       9.96     0.0341  3.647e-13  1.000e-12  2.742e+02    33.4700    33.4697    -0.0004    26.3681    26.3676     44.576     44.724      0.282    1472.76    1472.77  0.000e+00
       4639     45.500     5.8119     5.8133     0.0013    3.28714    3.28729          1     6.2844     6.6595       9.96     0.0344  3.647e-13  1.000e-12  2.742e+02    33.4779    33.4782     0.0003    26.3732    26.3733     45.071     45.220      0.215    1472.82    1472.82  0.000e+00
       4690     46.000     5.8161     5.8165     0.0004    3.28810    3.28815          1     6.2819     6.6674       9.96     0.0350  3.647e-13  1.000e-12  2.742e+02    33.4843    33.4845     0.0001    26.3777    26.3778     45.567     45.716      0.260    1472.85    1472.85  0.000e+00
       4734     46.500     5.8182     5.8181    -0.0001    3.28870    3.28877          1     6.2601     6.6635       9.96     0.0343  3.647e-13  1.000e-12  2.742e+02    33.4888    33.4896     0.0008    26.3810    26.3816     46.062     46.212      0.277    1472.87    1472.87  0.000e+00
       4778     47.000     5.8187     5.8183    -0.0004    3.28923    3.28929          1     6.2337     6.6721       9.96     0.0348  3.908e-13  1.000e-12  2.568e+02    33.4940    33.4951     0.0011    26.3850    26.3860     46.557     46.708      0.269    1472.89    1472.89  0.000e+00
       4823     47.500     5.8187     5.8181    -0.0006    3.28982    3.28991          1     6.2724     6.6620       9.96     0.0343  3.646e-13  1.000e-12  2.743e+02    33.5004    33.5020     0.0016    26.3901    26.3915     47.052     47.204      0.268    1472.90    1472.90  0.000e+00
       4866     48.000     5.8153     5.8141    -0.0012    3.28991    3.29003          1     6.2836     6.6486       9.96     0.0345  3.861e-13  1.000e-12  2.599e+02    33.5045    33.5071     0.0026    26.3938    26.3960     47.547     47.701      0.290    1472.90    1472.90  0.000e+00
       4913     48.500     5.8117     5.8105    -0.0013    3.28982    3.28995          1     6.2990     6.6548       9.96     0.0350  4.146e-13  1.000e-12  2.413e+02    33.5069    33.5095     0.0026    26.3961    26.3983     48.043     48.197      0.227    1472.90    1472.90  0.000e+00
       4964     49.000     5.8060     5.8047    -0.0013    3.28961    3.28977          1     6.2562     6.6577       9.96     0.0353  4.031e-13  1.000e-12  2.488e+02    33.5100    33.5130     0.0031    26.3992    26.4018     48.538     48.693      0.260    1472.89    1472.89  0.000e+00
       5011     49.500     5.8075     5.8102     0.0027    3.29072    3.29097          1     6.2820     6.6594       9.96     0.0346  3.659e-13  1.000e-12  2.734e+02    33.5207    33.5208     0.0001    26.4075    26.4072     49.033     49.189      0.239    1472.92    1472.93  0.000e+00
       5062     50.000     5.8358     5.8407     0.0049    3.29620    3.29650          1     6.2553     6.6533       9.96     0.0344  3.647e-13  1.000e-12  2.742e+02    33.5542    33.5527    -0.0015    26.4305    26.4287     49.528     49.685      0.271    1473.08    1473.10  0.000e+00
       5100     50.500     5.8510     5.8544     0.0034    3.29886    3.29885          1     6.2636     6.6375       9.96     0.0342  3.647e-13  1.000e-12  2.742e+02    33.5688    33.5655    -0.0034    26.4402    26.4371     50.024     50.181      0.319    1473.17    1473.18  0.000e+00
       5144     51.000     5.8685     5.8710     0.0025    3.30163    3.30164          1     6.2840     6.6436       9.96     0.0337  3.747e-13  1.000e-12  2.675e+02    33.5825    33.5801    -0.0023    26.4488    26.4467     50.519     50.678      0.231    1473.26    1473.27  0.000e+00
       5196     51.500     5.8835     5.8846     0.0010    3.30380    3.30378          1     6.2734     6.6504       9.96     0.0338  4.161e-13  1.000e-12  2.402e+02    33.5918    33.5905    -0.0013    26.4544    26.4532     51.014     51.174      0.283    1473.34    1473.35  0.000e+00
       5237     52.000     5.8967     5.8987     0.0020    3.30554    3.30549          1     6.2692     6.6411       9.96     0.0338  4.152e-13  1.000e-12  2.409e+02    33.5981    33.5954    -0.0027    26.4577    26.4554     51.509     51.670      0.247    1473.41    1473.42  0.000e+00
       5295     52.500     5.9146     5.9199     0.0053    3.30801    3.30803          1     6.2587     6.6365       9.96     0.0340  3.891e-13  1.000e-12  2.580e+02    33.6079    33.6028    -0.0051    26.4632    26.4586     52.004     52.166      0.234    1473.50    1473.52  0.000e+00
       5339     53.000     5.9562     5.9687     0.0124    3.31341    3.31334          1     6.2710     6.6264       9.96     0.0335  3.650e-13  1.000e-12  2.740e+02    33.6271    33.6139    -0.0131    26.4732    26.4613     52.500     52.662      0.283    1473.70    1473.74  0.000e+00
       5388     53.500     6.0197     6.0351     0.0154    3.32089    3.32137          1     6.2440     6.6142       9.96     0.0332  3.647e-13  1.000e-12  2.742e+02    33.6479    33.6380    -0.0098    26.4817    26.4721     52.995     53.158      0.222    1473.99    1474.04  0.000e+00
       5437     54.000     6.0631     6.0752     0.0121    3.32654    3.32664          1     6.1909     6.6144       9.96     0.0338  3.647e-13  1.000e-12  2.742e+02    33.6680    33.6571    -0.0109    26.4922    26.4821     53.490     53.654      0.306    1474.20    1474.23  0.000e+00
       5473     54.500     6.0902     6.0929     0.0027    3.32981    3.32933          1     6.1964     6.5933       9.96     0.0333  3.647e-13  1.000e-12  2.742e+02    33.6775    33.6695    -0.0080    26.4963    26.4897     53.985     54.151      0.311    1474.32    1474.32  0.000e+00
       5525     55.000     6.1231     6.1399     0.0168    3.33444    3.33515          1     6.2009     6.5897       9.96     0.0330  3.647e-13  1.000e-12  2.742e+02    33.6964    33.6878    -0.0087    26.5071    26.4981     54.480     54.647      0.202    1474.49    1474.54  0.000e+00
       5578     55.500     6.1688     6.1732     0.0044    3.34071    3.34018          1     6.2283     6.5854       9.96     0.0324  3.647e-13  1.000e-12  2.742e+02    33.7211    33.7109    -0.0102    26.5208    26.5122     54.976     55.143      0.275    1474.71    1474.71  0.000e+00
       5622     56.000     6.1851     6.1889     0.0038    3.34315    3.34291          1     6.2053     6.5741       9.96     0.0321  3.647e-13  1.000e-12  2.742e+02    33.7320    33.7256    -0.0065    26.5274    26.5218     55.471     55.639      0.245    1474.79    1474.80  0.000e+00
       5678     56.500     6.1991     6.2047     0.0055    3.34533    3.34530          1     6.2125     6.5766       9.96     0.0330  3.647e-13  1.000e-12  2.742e+02    33.7422    33.7364    -0.0058    26.5336    26.5283     55.966     56.135      0.220    1474.87    1474.89  0.000e+00
       5724     57.000     6.2231     6.2252     0.0022    3.34860    3.34792          1     6.1863     6.5750       9.96     0.0330  3.647e-13  1.000e-12  2.742e+02    33.7548    33.7451    -0.0097    26.5405    26.5325     56.461     56.631      0.306    1474.99    1474.99  0.000e+00
