ctdpy/exports/archive_20191121_122431/received_data/SBE09_0827_20180904_1139_26_01_0959.cnv
* Sea-Bird SBE 9 Data File:
* FileName = D:\CTD_SBE911\DAT\26DA.2018.9.9.hex
* Software Version Seasave V 7.21d
* Temperature SN = 034605
* Conductivity SN = 041844
* Number of Bytes Per Scan = 48
* Number of Voltage Words = 5
* Number of Scans Averaged by the Deck Unit = 1
* NMEA Latitude = 56 38.15 N
* NMEA Longitude = 019 35.12 E
* NMEA UTC (Time) = Sep 04 2018  11:41:39
* NMEA baud rate = 4800
** Ship: DANA
** Average sound velocity: 1448.79 m/s
** True-depth calculation Wed, 03 Apr 2019 09:25:41 +0000
** CTD Python Module SMHI /ver 3-12/ feb 2012 
** LIMS Job: 20182601-0959
**  BY10
** Operator: Christian
** Cruise: 09/2018
# nquan = 26
# nvalues = 277                         
# units = specified
# name 0 = scan: Scan Count
# name 1 = prDM: Pressure, Digiquartz [db]
# name 2 = t090C: Temperature [ITS-90, deg C]
# name 3 = t190C: Temperature, 2 [ITS-90, deg C]
# name 4 = T2-T190C: Temperature Difference, 2 - 1 [ITS-90, deg C]
# name 5 = c0S/m: Conductivity [S/m]
# name 6 = c1S/m: Conductivity, 2 [S/m]
# name 7 = pumps: Pump Status
# name 8 = sbeox1ML/L: Oxygen, SBE 43, 2 [ml/l]
# name 9 = sbeox0ML/L: Oxygen, SBE 43 [ml/l]
# name 10 = altM: Altimeter [m]
# name 11 = chloroflTC0: Chlorophyll, Turner Cyclops [ug/l]
# name 12 = cpar: CPAR/Corrected Irradiance [%]
# name 13 = par: PAR/Irradiance, Biospherical/Lico [µE/(cm^2*s)]
# name 14 = spar: SPAR, Biospherical/Licor
# name 15 = sal00: Salinity, Practical [PSU]
# name 16 = sal11: Salinity, Practical, 2 [PSU]
# name 17 = secS-priS: Salinity, Practical, Difference, 2 - 1 [PSU]
# name 18 = sigma-t00: Density [sigma-t, kg/m^3 ]
# name 19 = sigma-t11: Density, 2 [sigma-t, kg/m^3 ]
# name 20 = depSM: Depth [salt water, m], lat = 56.6358
# name 21 = depFM: Depth [true depth, m], lat = 56.6358
# name 22 = dz/dtM: Descent Rate [m/s], WS = 2
# name 23 = svCM: Sound Velocity [Chen-Millero, m/s]
# name 24 = svCM1: Sound Velocity, 2 [Chen-Millero, m/s]
# name 25 = flag: flag
# span 0 =        282,      15323       
# span 1 =      2.000,    140.000       
# span 2 =     3.3069,    18.9499       
# span 3 =     3.2778,    18.9532       
# span 4 =    -3.3894,     0.1751       
# span 5 =   0.760675,   1.406219       
# span 6 =   0.760632,   1.405758       
# span 7 =          1,          1       
# span 8 =     0.0381,     7.7577       
# span 9 =     0.0223,     8.0567       
# span 10 =       1.50,       9.98      
# span 11 =     0.0440,     0.2603      
# span 12 = -5.714e-06, 7.7857e+00      
# span 13 = -1.126e-04, 1.5337e+02      
# span 14 = 1.9596e+03, 1.9837e+03      
# span 15 =     6.7818,    12.8288      
# span 16 =     6.7795,    12.8244      
# span 17 =    -0.0872,     0.1671      
# span 18 =     3.5859,    10.0215      
# span 19 =     3.5822,    10.0182      
# span 20 =      1.982,    138.672      
# span 21 =      2.030,    141.579      
# span 22 =     -0.178,      0.309      
# span 23 =    1429.07,    1486.92      
# span 24 =    1428.95,    1486.92      
# span 25 = 0.0000e+00, 0.0000e+00      
# interval = decibars: 0.5              
# start_time = Sep 04 2018 11:41:40 [NMEA time, first data scan]
# bad_flag = -9.990e-29
*END*
[from data line 112]
       5762     58.000     3.3198     3.3339     0.0141    0.78130    0.78387          1     6.6656     7.0066       9.97     0.0456  5.071e-14  1.000e-12  1.972e+03     7.5619     7.5853     0.0234     6.0249     6.0434     57.461     58.781      0.242    1429.29    1429.38  0.000e+00
       5812     58.500     3.3317     3.3585     0.0268    0.78355    0.78727          1     6.5330     6.8746       9.97     0.0456  5.072e-14  1.000e-12  1.972e+03     7.5824     7.6148     0.0323     6.0411     6.0664     57.956     59.287      0.235    1429.38    1429.54  0.000e+00
       5864     59.000     3.3592     3.4337     0.0746    0.78722    0.79214          1     6.3640     6.7051       9.97     0.0457  5.074e-14  1.000e-12  1.971e+03     7.6140     7.6475     0.0335     6.0658     6.0913     58.452     59.793      0.238    1429.55    1429.94  0.000e+00
       5913     59.500     3.3970     3.4470     0.0499    0.79053    0.79661          1     6.1832     6.5299       9.97     0.0448  5.069e-14  1.000e-12  1.973e+03     7.6394     7.6907     0.0513     6.0854     6.1255     58.947     60.299      0.243    1429.76    1430.06  0.000e+00
       5962     60.000     3.4296     3.4594     0.0299    0.79534    0.79894          1     6.0385     6.3468       9.97     0.0449  5.066e-14  1.000e-12  1.974e+03     7.6816     7.7119     0.0303     6.1185     6.1421     59.442     60.805      0.251    1429.98    1430.15  0.000e+00
       6011     60.500     3.4574     3.5137     0.0564    0.79878    0.80287          1     5.9086     6.1747       9.97     0.0447  5.066e-14  1.000e-12  1.974e+03     7.7106     7.7395     0.0289     6.1411     6.1631     59.937     61.312      0.239    1430.15    1430.44  0.000e+00
       6061     61.000     3.5009     3.5384     0.0375    0.80329    0.80707          1     5.7460     5.9926       9.97     0.0452  5.066e-14  1.000e-12  1.974e+03     7.7469     7.7770     0.0302     6.1692     6.1926     60.433     61.818      0.247    1430.40    1430.61  0.000e+00
       6109     61.500     3.5354     3.6063     0.0708    0.80781    0.81379          1     5.6174     5.8315       9.97     0.0450  5.066e-14  1.000e-12  1.974e+03     7.7853     7.8302     0.0448     6.1992     6.2335     60.928     62.324      0.233    1430.62    1431.00  0.000e+00
       6164     62.000     3.5994     3.6920     0.0925    0.81494    0.82376          1     5.4039     5.6238       9.97     0.0450  5.067e-14  1.000e-12  1.974e+03     7.8437     7.9124     0.0687     6.2444     6.2971     61.423     62.830      0.225    1430.99    1431.50  0.000e+00
       6213     62.500     3.6850     3.7556     0.0706    0.82486    0.83177          1     5.1296     5.3137       9.97     0.0444  5.071e-14  1.000e-12  1.972e+03     7.9254     7.9794     0.0540     6.3076     6.3491     61.919     63.336      0.248    1431.49    1431.88  0.000e+00
       6265     63.000     3.7491     3.8272     0.0780    0.83290    0.84116          1     4.8522     5.0215       9.97     0.0444  5.072e-14  1.000e-12  1.972e+03     7.9926     8.0586     0.0660     6.3597     6.4103     62.414     63.842      0.230    1431.88    1432.31  0.000e+00
       6313     63.500     3.8106     3.8939     0.0834    0.84108    0.84910          1     4.5905     4.7569       9.97     0.0453  5.077e-14  1.000e-12  1.970e+03     8.0618     8.1236     0.0618     6.4132     6.4604     62.909     64.348      0.258    1432.25    1432.71  0.000e+00
       6363     64.000     3.8878     4.0217     0.1338    0.85108    0.86402          1     4.2849     4.4129       9.97     0.0454  5.081e-14  1.000e-12  1.968e+03     8.1455     8.2449     0.0994     6.4779     6.5533     63.404     64.854      0.228    1432.72    1433.44  0.000e+00
       6411     64.500     4.0017     4.1534     0.1518    0.86577    0.88272          1     3.8378     3.9566       9.97     0.0448  5.072e-14  1.000e-12  1.971e+03     8.2678     8.4031     0.1352     6.5721     6.6751     63.900     65.360      0.267    1433.39    1434.25  0.000e+00
       6461     65.000     4.1239     4.2375     0.1135    0.88219    0.89415          1     3.3168     3.3741       9.97     0.0454  5.071e-14  1.000e-12  1.972e+03     8.4052     8.4984     0.0932     6.6777     6.7482     64.395     65.866      0.217    1434.13    1434.75  0.000e+00
       6515     65.500     4.2154     4.3634     0.1479    0.89553    0.91258          1     2.8368     2.8757       9.97     0.0462  5.074e-14  1.000e-12  1.971e+03     8.5181     8.6538     0.1357     6.7646     6.8674     64.890     66.372      0.246    1434.69    1435.52  0.000e+00
       6564     66.000     4.3340     4.4464     0.1124    0.91307    0.92691          1     2.1896     2.1917       9.97     0.0472  5.076e-14  1.000e-12  1.970e+03     8.6664     8.7779     0.1115     6.8783     6.9629     65.385     66.878      0.234    1435.41    1436.06  0.000e+00
       6616     66.500     4.4223     4.5363     0.1140    0.92625    0.93732          1     1.6867     1.6566       9.97     0.0484  5.077e-14  1.000e-12  1.970e+03     8.7776     8.8599     0.0823     6.9634     7.0246     65.881     67.383      0.233    1435.96    1436.57  0.000e+00
       6668     67.000     4.5070     4.6482     0.1413    0.93629    0.95046          1     1.3105     1.3491       9.97     0.0541  5.069e-14  1.000e-12  1.973e+03     8.8572     8.9632     0.1060     7.0235     7.1022     66.376     67.889      0.228    1436.44    1437.20  0.000e+00
       6719     67.500     4.6015     4.7743     0.1727    0.94944    0.96687          1     0.8960     0.9537       9.97     0.0503  5.071e-14  1.000e-12  1.972e+03     8.9655     9.0953     0.1298     7.1058     7.2017     66.871     68.395      0.242    1437.01    1437.94  0.000e+00
       6769     68.000     4.7186     4.8772     0.1586    0.96443    0.98160          1     0.6293     0.6433       9.97     0.0492  5.072e-14  1.000e-12  1.972e+03     9.0858     9.2160     0.1302     7.1964     7.2929     67.366     68.901      0.230    1437.69    1438.55  0.000e+00
       6822     68.500     4.7950     4.9251     0.1301    0.97391    0.98808          1     0.4703     0.5280       9.97     0.0471  5.078e-14  1.000e-12  1.969e+03     9.1608     9.2682     0.1074     7.2526     7.3321     67.862     69.406      0.234    1438.13    1438.83  0.000e+00
       6873     69.000     4.8628     4.9655     0.1027    0.98303    0.99356          1     0.3356     0.3935       9.97     0.0489  5.082e-14  1.000e-12  1.968e+03     9.2343     9.3122     0.0779     7.3080     7.3651     68.357     69.912      0.228    1438.53    1439.07  0.000e+00
       6925     69.500     4.9181     5.0357     0.1176    0.99007    1.00108          1     0.2476     0.2940       9.97     0.0488  5.082e-14  1.000e-12  1.968e+03     9.2901     9.3684     0.0783     7.3497     7.4063     68.852     70.417      0.241    1438.85    1439.46  0.000e+00
       6975     70.000     4.9740     5.1296     0.1556    0.99694    1.01212          1     0.1869     0.2206       9.97     0.0492  5.082e-14  1.000e-12  1.968e+03     9.3437     9.4530     0.1093     7.3897     7.4689     69.348     70.923      0.234    1439.17    1439.99  0.000e+00
       7026     70.500     5.0299     5.2049     0.1751    1.00333    1.02259          1     0.1628     0.2010       9.97     0.0503  5.082e-14  1.000e-12  1.968e+03     9.3925     9.5369     0.1444     7.4257     7.5316     69.843     71.428      0.239    1439.48    1440.43  0.000e+00
       7077     71.000     5.1207     5.2597     0.1390    1.01454    1.02976          1     0.1542     0.1698       9.97     0.0508  5.072e-14  1.000e-12  1.972e+03     9.4797     9.5932     0.1134     7.4904     7.5733     70.338     71.934      0.233    1440.00    1440.75  0.000e+00
       7128     71.500     5.1759     5.3036     0.1277    1.02187    1.03564          1     0.1435     0.1563       9.97     0.0497  5.061e-14  1.000e-12  1.976e+03     9.5378     9.6396     0.1018     7.5336     7.6078     70.833     72.439      0.233    1440.32    1441.00  0.000e+00
       7181     72.000     5.2163     5.3605     0.1442    1.02707    1.04334          1     0.1359     0.1483       9.97     0.0501  5.061e-14  1.000e-12  1.976e+03     9.5784     9.7003     0.1219     7.5638     7.6528     71.329     72.945      0.219    1440.55    1441.34  0.000e+00
       7237     72.500     5.2689     5.4314     0.1625    1.03385    1.05309          1     0.1285     0.1357       9.97     0.0510  5.060e-14  1.000e-12  1.976e+03     9.6314     9.7774     0.1460     7.6030     7.7100     71.824     73.450      0.219    1440.86    1441.75  0.000e+00
       7288     73.000     5.3561     5.4941     0.1380    1.04559    1.06219          1     0.1192     0.1277       9.97     0.0503  5.061e-14  1.000e-12  1.976e+03     9.7240     9.8501     0.1261     7.6717     7.7640     72.319     73.956      0.251    1441.36    1442.12  0.000e+00
       7335     73.500     5.4495     5.5436     0.0941    1.05911    1.06958          1     0.1167     0.1163       9.97     0.0512  5.061e-14  1.000e-12  1.976e+03     9.8322     9.9093     0.0771     7.7523     7.8081     72.814     74.461      0.255    1441.91    1442.42  0.000e+00
       7383     74.000     5.5198     5.5978     0.0780    1.06891    1.07782          1     0.1136     0.1113       9.97     0.0504  5.061e-14  1.000e-12  1.976e+03     9.9096     9.9755     0.0660     7.8096     7.8573     73.309     74.966      0.255    1442.32    1442.74  0.000e+00
       7428     74.500     5.5733     5.6391     0.0658    1.07754    1.08522          1     0.1083     0.1081       9.97     0.0506  5.062e-14  1.000e-12  1.975e+03     9.9799    10.0371     0.0572     7.8622     7.9036     73.805     75.472      0.262    1442.65    1443.00  0.000e+00
       7478     75.000     5.6306     5.6631     0.0325    1.08694    1.09057          1     0.1035     0.1024       9.97     0.0497  5.066e-14  1.000e-12  1.974e+03    10.0567    10.0832     0.0265     7.9195     7.9386     74.300     75.977      0.224    1443.00    1443.17  0.000e+00
       7533     75.500     5.6816     5.7082     0.0266    1.09714    1.09937          1     0.0973     0.0993       9.97     0.0503  5.068e-14  1.000e-12  1.973e+03    10.1432    10.1575     0.0143     7.9848     7.9945     74.795     76.482      0.229    1443.34    1443.47  0.000e+00
       7583     76.000     5.7411     5.7499     0.0088    1.10798    1.10701          1     0.0977     0.0924       9.97     0.0503  5.071e-14  1.000e-12  1.972e+03    10.2333    10.2209    -0.0124     8.0524     8.0421     75.290     76.987      0.244    1443.71    1443.74  0.000e+00
       7631     76.500     5.7916     5.7886    -0.0029    1.11671    1.11420          1     0.0940     0.0907       9.97     0.0509  5.070e-14  1.000e-12  1.972e+03    10.3048    10.2808    -0.0240     8.1058     8.0870     75.786     77.493      0.247    1444.03    1443.98  0.000e+00
       7680     77.000     5.8184     5.8117    -0.0067    1.12153    1.11883          1     0.0922     0.0893       9.97     0.0528  5.066e-14  1.000e-12  1.974e+03    10.3446    10.3197    -0.0249     8.1356     8.1164     76.281     77.998      0.246    1444.20    1444.14  0.000e+00
       7730     77.500     5.8508     5.8324    -0.0184    1.12717    1.12275          1     0.0894     0.0838       9.97     0.0517  5.067e-14  1.000e-12  1.974e+03    10.3907    10.3523    -0.0384     8.1700     8.1408     76.776     78.503      0.237    1444.41    1444.28  0.000e+00
       7782     78.000     5.8695     5.8558    -0.0138    1.13185    1.12762          1     0.0893     0.0829       9.97     0.0512  5.068e-14  1.000e-12  1.973e+03    10.4314    10.3936    -0.0378     8.2009     8.1719     77.271     79.008      0.229    1444.54    1444.44  0.000e+00
       7833     78.500     5.9101     5.8863    -0.0238    1.13937    1.13306          1     0.0903     0.0780       9.97     0.0512  5.069e-14  1.000e-12  1.972e+03    10.4936    10.4382    -0.0555     8.2475     8.2052     77.767     79.513      0.233    1444.80    1444.63  0.000e+00
       7886     79.000     5.9774     5.9366    -0.0408    1.14734    1.14049          1     0.0852     0.0892       9.97     0.0520  5.062e-14  1.000e-12  1.976e+03    10.5519    10.4965    -0.0554     8.2892     8.2480     78.262     80.018      0.234    1445.17    1444.93  0.000e+00
       7935     79.500     6.0233     5.9899    -0.0333    1.15106    1.14670          1     0.0921     0.1517       9.97     0.0516  5.066e-14  1.000e-12  1.974e+03    10.5744    10.5415    -0.0329     8.3040     8.2802     78.757     80.523      0.247    1445.41    1445.22  0.000e+00
       7983     80.000     6.0243     6.0119    -0.0124    1.15246    1.14928          1     0.1167     0.1348       9.97     0.0500  5.058e-14  1.000e-12  1.977e+03    10.5879    10.5602    -0.0277     8.3146     8.2935     79.252     81.028      0.251    1445.43    1445.35  0.000e+00
       8030     80.500     6.0006     6.0109     0.0103    1.15309    1.15087          1     0.1377     0.0960       9.97     0.0500  5.063e-14  1.000e-12  1.975e+03    10.6015    10.5762    -0.0253     8.3268     8.3062     79.748     81.534      0.263    1445.36    1445.37  0.000e+00
       8076     81.000     6.0024     5.9979    -0.0045    1.15645    1.15282          1     0.1234     0.0655       9.97     0.0496  5.066e-14  1.000e-12  1.974e+03    10.6342    10.5996    -0.0347     8.3524     8.3254     80.243     82.039      0.253    1445.41    1445.35  0.000e+00
       8125     81.500     6.0097     6.0055    -0.0042    1.15963    1.15634          1     0.0992     0.0630       9.97     0.0488  5.064e-14  1.000e-12  1.975e+03    10.6634    10.6320    -0.0314     8.3750     8.3505     80.738     82.544      0.235    1445.49    1445.43  0.000e+00
       8177     82.000     6.0290     6.0167    -0.0123    1.16466    1.16044          1     0.0851     0.0684       9.97     0.0486  5.061e-14  1.000e-12  1.976e+03    10.7071    10.6692    -0.0380     8.4082     8.3791     81.233     83.049      0.239    1445.64    1445.54  0.000e+00
       8225     82.500     6.0493     6.0425    -0.0069    1.16837    1.16538          1     0.0803     0.0675       9.97     0.0501  5.062e-14  1.000e-12  1.975e+03    10.7375    10.7100    -0.0274     8.4308     8.4096     81.729     83.554      0.244    1445.77    1445.71  0.000e+00
       8278     83.000     6.0753     6.0690    -0.0063    1.17272    1.17006          1     0.0783     0.0659       9.97     0.0512  5.061e-14  1.000e-12  1.976e+03    10.7724    10.7480    -0.0244     8.4566     8.4378     82.224     84.059      0.228    1445.93    1445.87  0.000e+00
       8326     83.500     6.1130     6.1076    -0.0054    1.17781    1.17573          1     0.0760     0.0702       9.97     0.0502  5.064e-14  1.000e-12  1.975e+03    10.8108    10.7919    -0.0189     8.4844     8.4699     82.719     84.564      0.265    1446.15    1446.10  0.000e+00
       8373     84.000     6.1169     6.1150    -0.0019    1.17925    1.17800          1     0.0800     0.0656       9.97     0.0513  5.061e-14  1.000e-12  1.976e+03    10.8237    10.8120    -0.0118     8.4943     8.4852     83.214     85.069      0.245    1446.19    1446.16  0.000e+00
       8422     84.500     6.1189     6.1164    -0.0025    1.18044    1.17927          1     0.0788     0.0635       9.97     0.0509  5.061e-14  1.000e-12  1.976e+03    10.8349    10.8241    -0.0108     8.5029     8.4946     83.709     85.574      0.250    1446.22    1446.19  0.000e+00
       8471     85.000     6.1384     6.1331    -0.0053    1.18423    1.18218          1     0.0766     0.0634       9.97     0.0501  5.065e-14  1.000e-12  1.974e+03    10.8662    10.8475    -0.0187     8.5263     8.5119     84.205     86.079      0.231    1446.35    1446.30  0.000e+00
