ctdpy/exports/archive_20191121_122431/received_data/SBE09_1044_20181112_0337_34_01_0133.cnv
* Sea-Bird SBE 9 Data File:
* FileName = C:\ctd\temp\ar18d133.hex
* Software Version Seasave V 7.26.7.107
* Temperature SN = 5351
* Conductivity SN = 3941
* Number of Bytes Per Scan = 41
* Number of Voltage Words = 4
* Number of Scans Averaged by the Deck Unit = 1
* NMEA Latitude = 58 17.06 N
* NMEA Longitude = 010 30.26 E
* NMEA UTC (Time) = Nov 12 2018  03:37:46
* NMEA baud rate = 4800
** Station:  A17
** Operator:  JKro
** Ship: ARANDA
** Average sound velocity: 1483.72 m/s
** True-depth calculation Mon, 12 Nov 2018 05:26:24 +0000
** CTD Python Module SMHI /ver 3-12/ feb 2012 
** LIMS Job: 20183401-0133
** Cruise: SMHI-6-2018
** Latitude [GG MM.mm N]:
** Longitude [GG MM.mm E]
# nquan = 26
# nvalues = 700                         
# units = specified
# name 0 = scan: Scan Count
# name 1 = prDM: Pressure, Digiquartz [db]
# name 2 = t090C: Temperature [ITS-90, deg C]
# name 3 = t190C: Temperature, 2 [ITS-90, deg C]
# name 4 = T2-T190C: Temperature Difference, 2 - 1 [ITS-90, deg C]
# name 5 = c0S/m: Conductivity [S/m]
# name 6 = c1S/m: Conductivity, 2 [S/m]
# name 7 = pumps: Pump Status
# name 8 = sbeox0ML/L: Oxygen, SBE 43 [ml/l]
# name 9 = sbeox1ML/L: Oxygen, SBE 43, 2 [ml/l]
# name 10 = altM: Altimeter [m]
# name 11 = flECO-AFL: Chl-a Fluorescence, WET Labs ECO-AFL/FL [mg/m^3]
# name 12 = flECO-AFL1: Phycocyanin Fluorescence, WET Labs ECO-AFL/FL, 2 [mg/m^3]
# name 13 = par: PAR/Irradiance, Biospherical/Lico [µE/(cm^2*s)]
# name 14 = turbWETntu0: Turbidity, WET Labs ECO [NTU]
# name 15 = sal00: Salinity, Practical [PSU]
# name 16 = sal11: Salinity, Practical, 2 [PSU]
# name 17 = secS-priS: Salinity, Practical, Difference, 2 - 1 [PSU]
# name 18 = sigma-t00: Density [sigma-t, Kg/m^3 ]
# name 19 = sigma-t11: Density, 2 [sigma-t, Kg/m^3 ]
# name 20 = depSM: Depth [salt water, m], lat = 58.2843
# name 21 = depFM: Depth [true depth, m], lat = 58.2843
# name 22 = dz/dtM: Descent Rate [m/s], WS = 2
# name 23 = svCM: Sound Velocity [Chen-Millero, m/s]
# name 24 = svCM1: Sound Velocity, 2 [Chen-Millero, m/s]
# name 25 = flag: flag
# span 0 =      31427,      49915       
# span 1 =      1.500,    351.000       
# span 2 =     6.4253,    10.0970       
# span 3 =     6.4265,    10.0927       
# span 4 =    -0.0080,     0.0391       
# span 5 =   3.503030,   3.783300       
# span 6 =   3.503087,   3.783433       
# span 7 =          1,          1       
# span 8 =    5.11372,    5.99108       
# span 9 =    4.93374,    5.74093       
# span 10 =       2.87,     104.07      
# span 11 =    -0.0083,     0.7981      
# span 12 =     0.1058,     0.3182      
# span 13 = 1.0000e-12, 2.9438e-01      
# span 14 =     0.1782,     0.6183      
# span 15 =    34.4731,    35.1295      
# span 16 =    34.4736,    35.1287      
# span 17 =    -0.0051,     0.0029      
# span 18 =    26.5240,    27.5991      
# span 19 =    26.5251,    27.5984      
# span 20 =      1.486,    347.444      
# span 21 =      1.488,    347.988      
# span 22 =     -0.212,      1.119      
# span 23 =    1481.35,    1489.95      
# span 24 =    1481.36,    1489.96      
# span 25 = 0.0000e+00, 0.0000e+00      
# interval = decibars: 0.5              
# start_time = Nov 12 2018 03:37:47 [NMEA time, first data scan]
# bad_flag = -9.990e-29
*END*
[from data line 614]
      47263    308.500     6.5452     6.5466     0.0014    3.51203    3.51208          1     5.4552     5.2438      57.19     0.0302     0.2372  1.000e-12  0.4206000    35.1271    35.1262    -0.0009    27.5814    27.5805    305.406    305.863      0.302    1482.12    1482.12  0.000e+00
      47300    309.000     6.5428     6.5440     0.0011    3.51184    3.51187          1     5.4558     5.2396     100.14     0.0276     0.2061  1.000e-12  0.3970000    35.1272    35.1264    -0.0008    27.5818    27.5810    305.901    306.358      0.617    1482.11    1482.12  0.000e+00
      47315    309.500     6.5412     6.5425     0.0013    3.51170    3.51177          1     5.4527     5.2377      98.71     0.0274     0.2071  1.000e-12  0.3842000    35.1270    35.1265    -0.0006    27.5819    27.5813    306.395    306.854      0.798    1482.12    1482.12  0.000e+00
      47329    310.000     6.5401     6.5413     0.0012    3.51164    3.51169          1     5.4559     5.2390      98.71     0.0283     0.2071  1.000e-12  0.4195000    35.1272    35.1266    -0.0007    27.5822    27.5816    306.890    307.349      0.868    1482.12    1482.13  0.000e+00
      47343    310.500     6.5366     6.5386     0.0019    3.51134    3.51145          1     5.4545     5.2380      98.71     0.0265     0.2071  1.000e-12  0.4215000    35.1272    35.1264    -0.0008    27.5827    27.5818    307.384    307.845      0.844    1482.12    1482.12  0.000e+00
      47358    311.000     6.5343     6.5360     0.0018    3.51114    3.51124          1     5.4563     5.2406      98.71     0.0276     0.2113  1.000e-12  0.4597000    35.1271    35.1265    -0.0006    27.5829    27.5822    307.879    308.341      0.717    1482.11    1482.12  0.000e+00
      47380    311.500     6.5336     6.5350     0.0015    3.51111    3.51118          1     5.4596     5.2437      71.76     0.0279     0.2075  1.000e-12  0.4415000    35.1273    35.1266    -0.0007    27.5832    27.5824    308.374    308.836      0.430    1482.12    1482.12  0.000e+00
      47429    312.000     6.5342     6.5345     0.0003    3.51120    3.51113          1     5.4534     5.2394      82.70     0.0161     0.2195  1.000e-12  0.4822000    35.1274    35.1263    -0.0011    27.5832    27.5822    308.868    309.332      0.279    1482.13    1482.13  0.000e+00
      47460    312.500     6.5313     6.5328     0.0014    3.51094    3.51102          1     5.4426     5.2401      69.05     0.0269     0.2161  1.000e-12  0.4571000    35.1272    35.1267    -0.0006    27.5834    27.5828    309.363    309.827      0.591    1482.13    1482.13  0.000e+00
      47477    313.000     6.5295     6.5307     0.0012    3.51080    3.51086          1     5.4502     5.2369      49.63     0.0340     0.1926  1.000e-12  0.4504000    35.1273    35.1267    -0.0006    27.5837    27.5831    309.857    310.323      0.760    1482.13    1482.13  0.000e+00
      47491    313.500     6.5278     6.5294     0.0016    3.51068    3.51075          1     5.4586     5.2351      40.67     0.0405     0.2105  1.000e-12  0.4430000    35.1275    35.1267    -0.0008    27.5841    27.5832    310.352    310.819      0.811    1482.13    1482.14  0.000e+00
      47506    314.000     6.5272     6.5289     0.0016    3.51066    3.51075          1     5.4550     5.2359      40.12     0.0383     0.2328  1.000e-12  0.4498000    35.1275    35.1268    -0.0007    27.5842    27.5834    310.847    311.314      0.729    1482.14    1482.14  0.000e+00
      47527    314.500     6.5272     6.5288     0.0016    3.51068    3.51075          1     5.4441     5.2389      39.62     0.0404     0.2122  1.000e-12  0.4410000    35.1275    35.1267    -0.0008    27.5842    27.5833    311.341    311.810      0.431    1482.15    1482.15  0.000e+00
      47580    315.000     6.5280     6.5294     0.0014    3.51077    3.51082          1     5.4505     5.2413      98.99     0.0332     0.1798  1.000e-12  0.4462000    35.1274    35.1266    -0.0008    27.5840    27.5832    311.836    312.305      0.372    1482.16    1482.16  0.000e+00
      47603    315.500     6.5268     6.5284     0.0016    3.51067    3.51076          1     5.4511     5.2353      82.38     0.0296     0.1653  1.000e-12  0.4668000    35.1274    35.1266    -0.0007    27.5841    27.5833    312.330    312.801      0.707    1482.16    1482.16  0.000e+00
      47617    316.000     6.5255     6.5273     0.0018    3.51056    3.51068          1     5.4592     5.2331      37.35     0.0159     0.1644  1.000e-12  0.4472000    35.1273    35.1267    -0.0006    27.5842    27.5836    312.825    313.297      0.843    1482.16    1482.17  0.000e+00
      47630    316.500     6.5226     6.5245     0.0019    3.51036    3.51046          1     5.4616     5.2348      37.64     0.0161     0.1777  1.000e-12  0.4539000    35.1277    35.1269    -0.0008    27.5849    27.5840    313.320    313.792      0.826    1482.16    1482.17  0.000e+00
      47646    317.000     6.5202     6.5217     0.0015    3.51015    3.51023          1     5.4648     5.2379      37.14     0.0161     0.1948  1.000e-12  0.4615000    35.1276    35.1269    -0.0007    27.5852    27.5845    313.814    314.288      0.625    1482.16    1482.16  0.000e+00
      47682    317.500     6.5190     6.5210     0.0020    3.51008    3.51019          1     5.4536     5.2431      49.84     0.0221     0.2198  1.000e-12  0.4883000    35.1278    35.1270    -0.0008    27.5855    27.5846    314.309    314.783      0.294    1482.16    1482.17  0.000e+00
      47720    318.000     6.5182     6.5197     0.0014    3.51002    3.51009          1     5.4460     5.2483      35.04     0.0410     0.2097  1.000e-12  0.5498000    35.1277    35.1270    -0.0007    27.5855    27.5848    314.803    315.279      0.561    1482.17    1482.17  0.000e+00
      47737    318.500     6.5188     6.5203     0.0016    3.51010    3.51017          1     5.4483     5.2463      35.68     0.0405     0.2672  1.000e-12  0.4766000    35.1277    35.1270    -0.0007    27.5855    27.5847    315.298    315.775      0.759    1482.18    1482.18  0.000e+00
      47751    319.000     6.5188     6.5201     0.0013    3.51012    3.51018          1     5.4506     5.2449      35.17     0.0356     0.2393  1.000e-12  0.4622000    35.1277    35.1271    -0.0006    27.5855    27.5848    315.793    316.270      0.782    1482.19    1482.19  0.000e+00
      47767    319.500     6.5175     6.5190     0.0015    3.51003    3.51011          1     5.4528     5.2460      34.62     0.0285     0.1938  1.000e-12  0.4444000    35.1278    35.1271    -0.0007    27.5857    27.5850    316.287    316.766      0.645    1482.19    1482.19  0.000e+00
      47798    320.000     6.5161     6.5183     0.0021    3.50996    3.51008          1     5.4514     5.2451      33.94     0.0278     0.1780  1.000e-12  0.4327000    35.1282    35.1273    -0.0009    27.5862    27.5852    316.782    317.261      0.314    1482.19    1482.20  0.000e+00
      47841    320.500     6.5142     6.5158     0.0017    3.50978    3.50986          1     5.4535     5.2357      33.32     0.0435     0.2166  1.000e-12  0.4459000    35.1279    35.1271    -0.0008    27.5862    27.5854    317.276    317.757      0.479    1482.19    1482.20  0.000e+00
      47860    321.000     6.5125     6.5137     0.0013    3.50965    3.50968          1     5.4582     5.2379      33.12     0.0337     0.1808  1.000e-12  0.4617000    35.1279    35.1270    -0.0009    27.5865    27.5856    317.771    318.253      0.739    1482.19    1482.20  0.000e+00
      47874    321.500     6.5109     6.5124     0.0015    3.50953    3.50960          1     5.4529     5.2376      50.30     0.0156     0.1627  1.000e-12  0.4679000    35.1280    35.1272    -0.0008    27.5867    27.5859    318.266    318.748      0.826    1482.20    1482.20  0.000e+00
      47888    322.000     6.5106     6.5120     0.0015    3.50952    3.50959          1     5.4547     5.2380      98.49     0.0331     0.2176  1.000e-12  0.4860000    35.1280    35.1273    -0.0007    27.5868    27.5860    318.760    319.244      0.767    1482.20    1482.21  0.000e+00
      47906    322.500     6.5092     6.5115     0.0023    3.50942    3.50957          1     5.4593     5.2396      98.71     0.0425     0.2008  1.000e-12  0.4739000    35.1280    35.1272    -0.0008    27.5870    27.5861    319.255    319.739      0.530    1482.21    1482.21  0.000e+00
      47946    323.000     6.5082     6.5097     0.0015    3.50937    3.50944          1     5.4587     5.2449      74.50     0.0275     0.1852  1.000e-12  0.4362000    35.1282    35.1275    -0.0006    27.5873    27.5866    319.749    320.235      0.292    1482.21    1482.22  0.000e+00
      47978    323.500     6.5073     6.5087     0.0014    3.50930    3.50936          1     5.4570     5.2483      28.94     0.0157     0.2077  1.000e-12  0.4215000    35.1281    35.1273    -0.0008    27.5873    27.5865    320.244    320.731      0.601    1482.22    1482.22  0.000e+00
      47994    324.000     6.5065     6.5078     0.0013    3.50924    3.50930          1     5.4494     5.2468      30.03     0.0283     0.1699  1.000e-12  0.5080000    35.1280    35.1273    -0.0007    27.5873    27.5866    320.739    321.226      0.712    1482.22    1482.23  0.000e+00
      48011    324.500     6.5033     6.5049     0.0016    3.50898    3.50907          1     5.4498     5.2463      29.55     0.0333     0.1754  1.000e-12  0.4808000    35.1281    35.1275    -0.0006    27.5878    27.5872    321.233    321.722      0.633    1482.22    1482.22  0.000e+00
      48036    325.000     6.5013     6.5026     0.0014    3.50882    3.50888          1     5.4535     5.2466      29.02     0.0381     0.2052  1.000e-12  0.4427000    35.1282    35.1275    -0.0007    27.5882    27.5875    321.728    322.217      0.399    1482.22    1482.22  0.000e+00
      48072    325.500     6.5005     6.5021     0.0016    3.50878    3.50886          1     5.4525     5.2492      28.46     0.0310     0.2162  1.000e-12  0.4340000    35.1283    35.1275    -0.0007    27.5884    27.5876    322.222    322.713      0.380    1482.22    1482.23  0.000e+00
      48097    326.000     6.5006     6.5019     0.0014    3.50880    3.50886          1     5.4572     5.2474      27.94     0.0171     0.2127  1.000e-12  0.4592000    35.1282    35.1274    -0.0007    27.5883    27.5875    322.717    323.209      0.568    1482.23    1482.23  0.000e+00
      48116    326.500     6.4998     6.5016     0.0017    3.50876    3.50885          1     5.4527     5.2402      27.56     0.0368     0.2024  1.000e-12  0.4439000    35.1282    35.1275    -0.0007    27.5884    27.5876    323.211    323.704      0.644    1482.24    1482.24  0.000e+00
      48135    327.000     6.4995     6.5005     0.0010    3.50876    3.50879          1     5.4493     5.2363      27.21     0.0474     0.1928  1.000e-12  0.4319000    35.1283    35.1275    -0.0007    27.5885    27.5878    323.706    324.200      0.628    1482.24    1482.25  0.000e+00
      48155    327.500     6.4982     6.4998     0.0016    3.50866    3.50874          1     5.4492     5.2373      26.61     0.0389     0.2283  1.000e-12  0.4325000    35.1282    35.1275    -0.0008    27.5887    27.5878    324.201    324.695      0.564    1482.25    1482.25  0.000e+00
      48178    328.000     6.4957     6.4968     0.0011    3.50845    3.50849          1     5.4551     5.2400      26.09     0.0464     0.2146  1.000e-12  0.4500000    35.1283    35.1275    -0.0008    27.5890    27.5883    324.695    325.191      0.465    1482.24    1482.25  0.000e+00
      48209    328.500     6.4899     6.4921     0.0021    3.50800    3.50809          1     5.4510     5.2491      25.43     0.0455     0.2297  1.000e-12  0.4417000    35.1288    35.1277    -0.0011    27.5902    27.5891    325.190    325.686      0.343    1482.23    1482.24  0.000e+00
      48246    329.000     6.4870     6.4889     0.0019    3.50773    3.50785          1     5.4483     5.2504      24.91     0.0360     0.2248  1.000e-12  0.4485000    35.1287    35.1280    -0.0007    27.5905    27.5897    325.684    326.182      0.378    1482.23    1482.23  0.000e+00
      48272    329.500     6.4874     6.4891     0.0017    3.50779    3.50788          1     5.4505     5.2491      24.49     0.0470     0.2175  1.000e-12  0.4703000    35.1287    35.1278    -0.0009    27.5904    27.5896    326.179    326.678      0.538    1482.24    1482.24  0.000e+00
      48292    330.000     6.4880     6.4898     0.0018    3.50785    3.50796          1     5.4583     5.2495      24.04     0.0389     0.2460  1.000e-12  0.4538000    35.1285    35.1278    -0.0007    27.5902    27.5894    326.673    327.173      0.645    1482.25    1482.25  0.000e+00
      48310    330.500     6.4888     6.4894     0.0006    3.50794    3.50794          1     5.4691     5.2496      24.19     0.0260     0.1843  1.000e-12  0.4259000    35.1285    35.1279    -0.0006    27.5901    27.5896    327.168    327.669      0.666    1482.26    1482.26  0.000e+00
      48328    331.000     6.4871     6.4884     0.0013    3.50783    3.50788          1     5.4676     5.2482      70.52     0.0160     0.2092  1.000e-12  0.4378000    35.1288    35.1279    -0.0009    27.5906    27.5897    327.663    328.164      0.625    1482.26    1482.26  0.000e+00
      48349    331.500     6.4877     6.4896     0.0019    3.50791    3.50801          1     5.4558     5.2484      22.17     0.0328     0.2417  1.000e-12  0.4480000    35.1287    35.1279    -0.0008    27.5904    27.5895    328.157    328.660      0.546    1482.27    1482.28  0.000e+00
      48373    332.000     6.4878     6.4892     0.0015    3.50794    3.50800          1     5.4573     5.2502      21.92     0.0309     0.2220  1.000e-12  0.4613000    35.1287    35.1279    -0.0008    27.5904    27.5896    328.652    329.156      0.443    1482.28    1482.29  0.000e+00
      48404    332.500     6.4881     6.4900     0.0020    3.50799    3.50811          1     5.4660     5.2522      21.43     0.0422     0.2214  1.000e-12  0.4384000    35.1287    35.1280    -0.0007    27.5904    27.5896    329.146    329.651      0.340    1482.29    1482.30  0.000e+00
      48444    333.000     6.4866     6.4895     0.0029    3.50790    3.50808          1     5.4690     5.2532      20.84     0.0199     0.1584  1.000e-12  0.4495000    35.1289    35.1280    -0.0009    27.5908    27.5896    329.641    330.147      0.331    1482.29    1482.30  0.000e+00
      48473    333.500     6.4881     6.4902     0.0021    3.50804    3.50818          1     5.4723     5.2500      20.42     0.0342     0.2232  1.000e-12  0.4266000    35.1288    35.1281    -0.0007    27.5904    27.5896    330.135    330.642      0.561    1482.31    1482.31  0.000e+00
      48491    334.000     6.4892     6.4901     0.0010    3.50817    3.50819          1     5.4581     5.2461      20.04     0.0390     0.1841  1.000e-12  0.4174000    35.1287    35.1280    -0.0007    27.5903    27.5895    330.630    331.138      0.752    1482.32    1482.32  0.000e+00
      48506    334.500     6.4903     6.4915     0.0012    3.50828    3.50832          1     5.4477     5.2449      19.65     0.0273     0.1804  1.000e-12  0.4199000    35.1286    35.1279    -0.0007    27.5900    27.5893    331.124    331.634      0.849    1482.33    1482.34  0.000e+00
      48519    335.000     6.4801     6.4808     0.0007    3.50738    3.50738          1     5.4499     5.2469      19.25     0.0240     0.2207  1.000e-12  0.4295000    35.1288    35.1281    -0.0008    27.5915    27.5908    331.619    332.129      0.834    1482.30    1482.30  0.000e+00
