ctdpy/exports/archive_20191121_122431/received_data/SBE09_1044_20180127_0306_34_02_0018.cnv
* Sea-Bird SBE 9 Data File:
* FileName = C:\ctd\temp\2018\ME18D018.hex
* Software Version Seasave V 7.26.6.26
* Temperature SN = 5351
* Conductivity SN = 3941
* Number of Bytes Per Scan = 41
* Number of Voltage Words = 4
* Number of Scans Averaged by the Deck Unit = 1
* NMEA Latitude = 55 16.49 N
* NMEA Longitude = 016 31.03 E
* NMEA UTC (Time) = Jan 27 2018  03:06:57
* NMEA baud rate = 4800
** Station:  Stolpe Tröskel
** Operator:  JKro
** Ship: MERI
** Average sound velocity: 1437.02 m/s
** True-depth calculation Sat, 27 Jan 2018 03:54:44 +0000
** CTD Python Module SMHI /ver 3-12/ feb 2012 
** LIMS Job: 20183402-0018
** Cruise: SMHI-01-2018
** Latitude [GG MM.mm N] :
** Longitude [GG MM.mm E]:
# nquan = 26
# nvalues = 122                         
# units = specified
# name 0 = scan: Scan Count
# name 1 = prDM: Pressure, Digiquartz [db]
# name 2 = t090C: Temperature [ITS-90, deg C]
# name 3 = t190C: Temperature, 2 [ITS-90, deg C]
# name 4 = T2-T190C: Temperature Difference, 2 - 1 [ITS-90, deg C]
# name 5 = c0S/m: Conductivity [S/m]
# name 6 = c1S/m: Conductivity, 2 [S/m]
# name 7 = pumps: Pump Status
# name 8 = sbeox0ML/L: Oxygen, SBE 43 [ml/l]
# name 9 = sbeox1ML/L: Oxygen, SBE 43, 2 [ml/l]
# name 10 = altM: Altimeter [m]
# name 11 = flECO-AFL: Chl-a Fluorescence, WET Labs ECO-AFL/FL [mg/m^3]
# name 12 = flECO-AFL1: Phycocyanin Fluorescence, WET Labs ECO-AFL/FL, 2 [mg/m^3]
# name 13 = par: PAR/Irradiance, Biospherical/Lico [µE/(cm^2*s)]
# name 14 = turbWETntu0: Turbidity, WET Labs ECO [NTU]
# name 15 = sal00: Salinity, Practical [PSU]
# name 16 = sal11: Salinity, Practical, 2 [PSU]
# name 17 = secS-priS: Salinity, Practical, Difference, 2 - 1 [PSU]
# name 18 = sigma-t00: Density [sigma-t, Kg/m^3 ]
# name 19 = sigma-t11: Density, 2 [sigma-t, Kg/m^3 ]
# name 20 = depSM: Depth [salt water, m], lat = 55.2748
# name 21 = depFM: Depth [true depth, m], lat = 55.2748
# name 22 = dz/dtM: Descent Rate [m/s], WS = 2
# name 23 = svCM: Sound Velocity [Chen-Millero, m/s]
# name 24 = svCM1: Sound Velocity, 2 [Chen-Millero, m/s]
# name 25 = flag: flag
# span 0 =      16040,      20003       
# span 1 =      1.000,     61.500       
# span 2 =     4.0912,     8.1389       
# span 3 =     4.0916,     8.1388       
# span 4 =    -0.0243,     0.0424       
# span 5 =   0.784609,   1.408923       
# span 6 =   0.784611,   1.408899       
# span 7 =          1,          1       
# span 8 =    0.41492,    8.20033       
# span 9 =    0.66894,    8.17852       
# span 10 =       1.59,      64.59      
# span 11 =     0.2565,     0.9608      
# span 12 =     0.2443,     0.4382      
# span 13 = 1.0000e-12, 1.0000e-12      
# span 14 =     0.1356,     0.3058      
# span 15 =     7.3962,    12.3814      
# span 16 =     7.3953,    12.3815      
# span 17 =    -0.0123,     0.0246      
# span 18 =     5.8680,     9.5521      
# span 19 =     5.8676,     9.5522      
# span 20 =      0.991,     60.935      
# span 21 =      1.013,     62.234      
# span 22 =      0.109,      0.483      
# span 23 =    1432.32,    1456.11      
# span 24 =    1432.33,    1456.11      
# span 25 = 0.0000e+00, 0.0000e+00      
# interval = decibars: 0.5              
# start_time = Jan 27 2018 03:06:58 [NMEA time, first data scan]
# bad_flag = -9.990e-29
*END*
[from data line 112]
      19640     57.000     7.7372     7.7385     0.0013    1.31396    1.31445          1     2.0124     2.0072       6.26     0.2691     0.2936  1.000e-12  0.2443000    11.6132    11.6174     0.0042     8.9886     8.9918     56.477     57.693      0.328    1453.47    1453.48  0.000e+00
      19678     57.500     7.7926     7.7906    -0.0020    1.32256    1.32228          1     2.0007     2.0032       5.77     0.2855     0.2734  1.000e-12  0.2417000    11.6770    11.6749    -0.0020     9.0335     9.0321     56.972     58.198      0.314    1453.78    1453.77  0.000e+00
      19717     58.000     7.8005     7.8029     0.0023    1.32496    1.32571          1     1.9975     2.0025       5.24     0.2805     0.2516  1.000e-12  0.2361000    11.6971    11.7035     0.0064     9.0486     9.0534     57.468     58.703      0.312    1453.85    1453.87  0.000e+00
      19753     58.500     8.0123     8.0168     0.0046    1.37518    1.37791          1     2.0326     2.0420       4.75     0.2781     0.3154  1.000e-12  0.2790000    12.1043    12.1289     0.0246     9.3475     9.3663     57.963     59.207      0.343    1455.21    1455.26  0.000e+00
      19789     59.000     8.1178     8.1124    -0.0054    1.40294    1.40195          1     2.0596     2.0634       4.25     0.2765     0.2878  1.000e-12  0.2770000    12.3323    12.3247    -0.0076     9.5157     9.5103     58.458     59.712      0.323    1455.93    1455.90  0.000e+00
      19828     59.500     8.1324     8.1314    -0.0010    1.40683    1.40691          1     2.0546     2.0641       3.72     0.2679     0.2901  1.000e-12  0.2960000    12.3642    12.3653     0.0011     9.5392     9.5402     58.954     60.216      0.286    1456.04    1456.03  0.000e+00
      19871     60.000     8.1358     8.1344    -0.0014    1.40783    1.40776          1     2.0439     2.0595       3.20     0.2743     0.2965  1.000e-12  0.2900000    12.3724    12.3723    -0.0002     9.5453     9.5453     59.449     60.721      0.292    1456.07    1456.06  0.000e+00
      19910     60.500     8.1375     8.1362    -0.0013    1.40812    1.40819          1     2.0418     2.0519       2.72     0.2565     0.3025  1.000e-12  0.3044000    12.3745    12.3756     0.0012     9.5468     9.5478     59.944     61.225      0.315    1456.08    1456.08  0.000e+00
      19952     61.000     8.1387     8.1382    -0.0005    1.40885    1.40890          1     2.0425     2.0522       2.15     0.2580     0.2521  1.000e-12  0.3058000    12.3809    12.3815     0.0006     9.5517     9.5522     60.440     61.730      0.253    1456.11    1456.10  0.000e+00
      20003     61.500     8.1389     8.1388    -0.0001    1.40892    1.40889          1     2.0461     2.0564       1.59     0.2853     0.2987  1.000e-12  0.2801000    12.3814    12.3812    -0.0002     9.5521     9.5519     60.935     62.234      0.158    1456.11    1456.11  0.000e+00
