ctdpy/exports/archive_20191121_122431/received_data/SBE09_0827_20181006_1915_26_01_1029.cnv
* Sea-Bird SBE 9 Data File:
* FileName = D:\CTD_SBE911\DAT\26DA.2018.10.29.hex
* Software Version Seasave V 7.21d
* Temperature SN = 4548
* Conductivity SN = 3062
* Number of Bytes Per Scan = 48
* Number of Voltage Words = 5
* Number of Scans Averaged by the Deck Unit = 1
* NMEA Latitude = 57 40.01 N
* NMEA Longitude = 018 08.84 E
* NMEA UTC (Time) = Oct 06 2018  19:17:54
* NMEA baud rate = 4800
** Ship: DANA
** Average sound velocity: 1448.88 m/s
** True-depth calculation Thu, 28 Mar 2019 12:19:50 +0000
** CTD Python Module SMHI /ver 3-12/ feb 2012 
** LIMS Job: 20182601-1029
** Operator: Christian A-KTh
** Cruise: 10/2018
# nquan = 26
# nvalues = 207                         
# units = specified
# name 0 = scan: Scan Count
# name 1 = prDM: Pressure, Digiquartz [db]
# name 2 = t090C: Temperature [ITS-90, deg C]
# name 3 = t190C: Temperature, 2 [ITS-90, deg C]
# name 4 = T2-T190C: Temperature Difference, 2 - 1 [ITS-90, deg C]
# name 5 = c0S/m: Conductivity [S/m]
# name 6 = c1S/m: Conductivity, 2 [S/m]
# name 7 = pumps: Pump Status
# name 8 = sbeox1ML/L: Oxygen, SBE 43, 2 [ml/l]
# name 9 = sbeox0ML/L: Oxygen, SBE 43 [ml/l]
# name 10 = altM: Altimeter [m]
# name 11 = chloroflTC0: Chlorophyll, Turner Cyclops [ug/l]
# name 12 = cpar: CPAR/Corrected Irradiance [%]
# name 13 = par: PAR/Irradiance, Biospherical/Lico [µE/(cm^2*s)]
# name 14 = spar: SPAR, Biospherical/Licor
# name 15 = sal00: Salinity, Practical [PSU]
# name 16 = sal11: Salinity, Practical, 2 [PSU]
# name 17 = secS-priS: Salinity, Practical, Difference, 2 - 1 [PSU]
# name 18 = sigma-t00: Density [sigma-t, kg/m^3 ]
# name 19 = sigma-t11: Density, 2 [sigma-t, kg/m^3 ]
# name 20 = depSM: Depth [salt water, m], lat = 57.6668
# name 21 = depFM: Depth [true depth, m], lat = 57.6668
# name 22 = dz/dtM: Descent Rate [m/s], WS = 2
# name 23 = svCM: Sound Velocity [Chen-Millero, m/s]
# name 24 = svCM1: Sound Velocity, 2 [Chen-Millero, m/s]
# name 25 = flag: flag
# span 0 =        426,      11537       
# span 1 =      0.500,    103.500       
# span 2 =     3.8585,    12.3509       
# span 3 =     3.9225,    12.3506       
# span 4 =    -0.0909,     0.5429       
# span 5 =   0.774441,   1.179018       
# span 6 =   0.776242,   1.179032       
# span 7 =          1,          1       
# span 8 =     0.0413,     7.4825       
# span 9 =     0.0412,     7.0496       
# span 10 =       0.83,       9.98      
# span 11 =     0.0159,     0.0395      
# span 12 = 4.9241e-11, 4.9241e-11      
# span 13 = 1.0000e-12, 1.0000e-12      
# span 14 = 2.0308e+00, 2.0308e+00      
# span 15 =     6.8807,    10.8764      
# span 16 =     6.8821,    10.8763      
# span 17 =    -0.0725,     0.0017      
# span 18 =     4.7926,     8.5475      
# span 19 =     4.7933,     8.5474      
# span 20 =      0.495,    102.518      
# span 21 =      0.507,    104.734      
# span 22 =     -0.199,      0.300      
# span 23 =    1431.65,    1464.89      
# span 24 =    1432.11,    1464.89      
# span 25 = 0.0000e+00, 0.0000e+00      
# interval = decibars: 0.5              
# start_time = Oct 06 2018 19:17:55 [NMEA time, first data scan]
# bad_flag = -9.990e-29
*END*
[from data line 112]
       5571     56.500     4.3922     4.3912    -0.0010    0.88257    0.88237          1     3.7089     3.6392       9.97     0.0160  4.924e-11  1.000e-12  2.031e+00     8.3420     8.3402    -0.0018     6.6191     6.6177     55.970     57.247      0.269    1435.11    1435.10  0.000e+00
       5619     57.000     4.4050     4.4031    -0.0019    0.88589    0.88517          1     3.6755     3.5549       9.97     0.0159  4.924e-11  1.000e-12  2.031e+00     8.3724     8.3655    -0.0069     6.6428     6.6374     56.466     57.753      0.245    1435.21    1435.19  0.000e+00
       5666     57.500     4.4163     4.4147    -0.0016    0.88923    0.88880          1     3.6129     3.4847       9.97     0.0165  4.924e-11  1.000e-12  2.031e+00     8.4034     8.3995    -0.0039     6.6670     6.6640     56.961     58.259      0.263    1435.31    1435.30  0.000e+00
       5711     58.000     4.4250     4.4241    -0.0008    0.89215    0.89187          1     3.5530     3.4033       9.97     0.0166  4.924e-11  1.000e-12  2.031e+00     8.4308     8.4281    -0.0026     6.6884     6.6864     57.456     58.765      0.264    1435.39    1435.38  0.000e+00
       5757     58.500     4.4347     4.4337    -0.0010    0.89638    0.89585          1     3.4647     3.3273       9.97     0.0168  4.924e-11  1.000e-12  2.031e+00     8.4713     8.4661    -0.0052     6.7202     6.7161     57.951     59.271      0.273    1435.49    1435.48  0.000e+00
       5799     59.000     4.4676     4.4646    -0.0030    0.90608    0.90560          1     3.2560     3.1922       9.97     0.0163  4.924e-11  1.000e-12  2.031e+00     8.5613     8.5572    -0.0041     6.7904     6.7873     58.447     59.777      0.281    1435.76    1435.74  0.000e+00
       5844     59.500     4.4999     4.4970    -0.0029    0.91283    0.91211          1     3.0722     3.0006       9.97     0.0161  4.924e-11  1.000e-12  2.031e+00     8.6215     8.6149    -0.0066     6.8370     6.8319     58.942     60.283      0.251    1435.99    1435.97  0.000e+00
       5892     60.000     4.5215     4.5175    -0.0040    0.91721    0.91635          1     2.9669     2.8762       9.97     0.0161  4.924e-11  1.000e-12  2.031e+00     8.6603     8.6526    -0.0077     6.8669     6.8610     59.437     60.788      0.258    1436.14    1436.12  0.000e+00
       5938     60.500     4.5623     4.5549    -0.0074    0.92514    0.92349          1     2.7913     2.7579       9.97     0.0160  4.924e-11  1.000e-12  2.031e+00     8.7301     8.7152    -0.0148     6.9207     6.9093     59.932     61.294      0.261    1436.42    1436.37  0.000e+00
       5985     61.000     4.6306     4.6203    -0.0103    0.93942    0.93753          1     2.4387     2.5260       9.97     0.0161  4.924e-11  1.000e-12  2.031e+00     8.8569     8.8404    -0.0165     7.0186     7.0060     60.427     61.800      0.259    1436.89    1436.83  0.000e+00
       6030     61.500     4.7189     4.7056    -0.0132    0.95814    0.95614          1     1.9582     2.1594       9.97     0.0160  4.924e-11  1.000e-12  2.031e+00     9.0229     9.0062    -0.0167     7.1466     7.1339     60.923     62.306      0.264    1437.50    1437.42  0.000e+00
       6077     62.000     4.8251     4.8094    -0.0156    0.97658    0.97436          1     1.4944     1.7068       9.97     0.0162  4.924e-11  1.000e-12  2.031e+00     9.1806     9.1624    -0.0182     7.2671     7.2534     61.418     62.811      0.252    1438.18    1438.09  0.000e+00
       6123     62.500     4.9355     4.9096    -0.0259    0.99371    0.98928          1     1.1713     1.3833       9.97     0.0161  4.924e-11  1.000e-12  2.031e+00     9.3231     9.2856    -0.0375     7.3751     7.3465     61.913     63.317      0.272    1438.85    1438.69  0.000e+00
       6166     63.000     5.0222     4.9916    -0.0307    1.00928    1.00434          1     0.8936     1.1237       9.97     0.0160  4.924e-11  1.000e-12  2.031e+00     9.4559     9.4147    -0.0412     7.4762     7.4450     62.408     63.822      0.276    1439.41    1439.22  0.000e+00
       6214     63.500     5.0967     5.0391    -0.0575    1.02160    1.01278          1     0.6881     0.9021       9.97     0.0168  4.924e-11  1.000e-12  2.031e+00     9.5590     9.4864    -0.0725     7.5542     7.4995     62.904     64.328      0.234    1439.87    1439.53  0.000e+00
       6264     64.000     5.1458     5.1109    -0.0350    1.02974    1.02461          1     0.5562     0.7370       9.97     0.0164  4.924e-11  1.000e-12  2.031e+00     9.6269     9.5852    -0.0417     7.6056     7.5742     63.399     64.833      0.256    1440.18    1439.98  0.000e+00
       6310     64.500     5.1963     5.1687    -0.0275    1.03781    1.03363          1     0.4221     0.5617       9.97     0.0166  4.924e-11  1.000e-12  2.031e+00     9.6935     9.6594    -0.0341     7.6557     7.6301     63.894     65.339      0.250    1440.49    1440.33  0.000e+00
       6358     65.000     5.2301     5.2051    -0.0249    1.04468    1.04049          1     0.2767     0.4113       9.97     0.0165  4.924e-11  1.000e-12  2.031e+00     9.7528     9.7179    -0.0349     7.7009     7.6746     64.389     65.844      0.263    1440.73    1440.57  0.000e+00
       6402     65.500     5.2591     5.2402    -0.0188    1.04975    1.04696          1     0.2256     0.2946       9.97     0.0167  4.924e-11  1.000e-12  2.031e+00     9.7953     9.7728    -0.0226     7.7330     7.7161     64.885     66.349      0.268    1440.91    1440.80  0.000e+00
       6450     66.000     5.2977     5.2649    -0.0328    1.05648    1.05126          1     0.1750     0.2208       9.97     0.0167  4.924e-11  1.000e-12  2.031e+00     9.8516     9.8087    -0.0429     7.7755     7.7433     65.380     66.855      0.242    1441.16    1440.96  0.000e+00
       6498     66.500     5.3325     5.2995    -0.0330    1.06252    1.05718          1     0.1581     0.1760       9.97     0.0169  4.924e-11  1.000e-12  2.031e+00     9.9021     9.8581    -0.0440     7.8136     7.7805     65.875     67.360      0.261    1441.38    1441.18  0.000e+00
       6545     67.000     5.3647     5.3342    -0.0306    1.06918    1.06366          1     0.1594     0.1455       9.97     0.0170  4.924e-11  1.000e-12  2.031e+00     9.9593     9.9129    -0.0464     7.8571     7.8221     66.370     67.865      0.242    1441.60    1441.41  0.000e+00
       6594     67.500     5.3818     5.3644    -0.0174    1.07303    1.06987          1     0.1570     0.1307       9.97     0.0171  4.924e-11  1.000e-12  2.031e+00     9.9929     9.9663    -0.0266     7.8827     7.8626     66.865     68.371      0.258    1441.73    1441.62  0.000e+00
       6640     68.000     5.4272     5.3862    -0.0410    1.08074    1.07379          1     0.1519     0.1239       9.97     0.0171  4.924e-11  1.000e-12  2.031e+00    10.0567     9.9991    -0.0576     7.9307     7.8874     67.361     68.876      0.255    1442.01    1441.76  0.000e+00
       6689     68.500     5.4751     5.4410    -0.0341    1.08840    1.08309          1     0.1446     0.1176       9.97     0.0177  4.924e-11  1.000e-12  2.031e+00    10.1191    10.0760    -0.0431     7.9773     7.9452     67.856     69.381      0.244    1442.31    1442.10  0.000e+00
       6735     69.000     5.5012     5.4710    -0.0302    1.09226    1.08775          1     0.1420     0.1142       9.97     0.0171  4.924e-11  1.000e-12  2.031e+00    10.1498    10.1137    -0.0361     8.0002     7.9733     68.351     69.887      0.270    1442.47    1442.29  0.000e+00
       6781     69.500     5.5121     5.4884    -0.0236    1.09380    1.09074          1     0.1375     0.1093       9.97     0.0171  4.924e-11  1.000e-12  2.031e+00    10.1619    10.1383    -0.0236     8.0091     7.9918     68.846     70.392      0.253    1442.54    1442.40  0.000e+00
       6830     70.000     5.5294     5.5106    -0.0188    1.09594    1.09340          1     0.1308     0.1025       9.97     0.0171  4.924e-11  1.000e-12  2.031e+00    10.1781    10.1583    -0.0198     8.0209     8.0063     69.341     70.897      0.237    1442.64    1442.53  0.000e+00
       6881     70.500     5.5421     5.5270    -0.0151    1.09777    1.09562          1     0.1262     0.0988       9.97     0.0171  4.924e-11  1.000e-12  2.031e+00    10.1924    10.1755    -0.0170     8.0315     8.0190     69.837     71.402      0.235    1442.72    1442.63  0.000e+00
       6931     71.000     5.5547     5.5402    -0.0145    1.10040    1.09779          1     0.1226     0.0955       9.97     0.0171  4.924e-11  1.000e-12  2.031e+00    10.2149    10.1931    -0.0218     8.0485     8.0321     70.332     71.907      0.257    1442.81    1442.72  0.000e+00
       6976     71.500     5.5701     5.5545    -0.0156    1.10327    1.10042          1     0.1175     0.0963       9.97     0.0170  4.924e-11  1.000e-12  2.031e+00    10.2389    10.2151    -0.0238     8.0667     8.0487     70.827     72.413      0.258    1442.92    1442.82  0.000e+00
       7024     72.000     5.5936     5.5704    -0.0232    1.10786    1.10339          1     0.1160     0.0896       9.97     0.0171  4.924e-11  1.000e-12  2.031e+00    10.2776    10.2399    -0.0377     8.0958     8.0674     71.322     72.918      0.244    1443.07    1442.92  0.000e+00
       7073     72.500     5.6202     5.5946    -0.0256    1.11267    1.10783          1     0.1095     0.0879       9.97     0.0171  4.924e-11  1.000e-12  2.031e+00    10.3176    10.2770    -0.0406     8.1259     8.0953     71.818     73.423      0.257    1443.25    1443.08  0.000e+00
       7118     73.000     5.6292     5.6100    -0.0193    1.11432    1.11065          1     0.1085     0.0851       9.97     0.0171  4.924e-11  1.000e-12  2.031e+00    10.3313    10.3004    -0.0309     8.1361     8.1129     72.313     73.928      0.263    1443.31    1443.19  0.000e+00
       7167     73.500     5.6299     5.6196    -0.0103    1.11454    1.11262          1     0.1064     0.0867       9.97     0.0171  4.924e-11  1.000e-12  2.031e+00    10.3331    10.3171    -0.0161     8.1376     8.1255     72.808     74.433      0.235    1443.32    1443.26  0.000e+00
       7216     74.000     5.6382     5.6267    -0.0115    1.11625    1.11391          1     0.1045     0.0845       9.97     0.0171  4.924e-11  1.000e-12  2.031e+00    10.3476    10.3277    -0.0199     8.1485     8.1335     73.303     74.938      0.260    1443.38    1443.31  0.000e+00
       7260     74.500     5.6508     5.6390    -0.0118    1.11881    1.11629          1     0.1010     0.0824       9.97     0.0171  4.924e-11  1.000e-12  2.031e+00    10.3692    10.3477    -0.0215     8.1648     8.1485     73.798     75.444      0.267    1443.47    1443.40  0.000e+00
       7308     75.000     5.6649     5.6512    -0.0136    1.12316    1.11913          1     0.0961     0.0818       9.97     0.0171  4.924e-11  1.000e-12  2.031e+00    10.4084    10.3722    -0.0362     8.1949     8.1672     74.294     75.949      0.248    1443.59    1443.49  0.000e+00
       7355     75.500     5.6761     5.6622    -0.0139    1.12718    1.12304          1     0.0965     0.0804       9.97     0.0171  4.924e-11  1.000e-12  2.031e+00    10.4450    10.4079    -0.0370     8.2231     8.1947     74.789     76.454      0.259    1443.69    1443.59  0.000e+00
       7403     76.000     5.6905     5.6759    -0.0146    1.12952    1.12631          1     0.0951     0.0773       9.97     0.0171  4.924e-11  1.000e-12  2.031e+00    10.4639    10.4363    -0.0277     8.2372     8.2163     75.284     76.959      0.245    1443.79    1443.69  0.000e+00
       7450     76.500     5.7004     5.6875    -0.0128    1.13123    1.12835          1     0.0899     0.0755       9.97     0.0171  4.924e-11  1.000e-12  2.031e+00    10.4778    10.4530    -0.0248     8.2476     8.2288     75.779     77.464      0.269    1443.86    1443.77  0.000e+00
       7495     77.000     5.7052     5.6972    -0.0080    1.13339    1.13086          1     0.0916     0.0770       9.97     0.0171  4.924e-11  1.000e-12  2.031e+00    10.4978    10.4751    -0.0228     8.2631     8.2456     76.274     77.969      0.253    1443.91    1443.85  0.000e+00
       7545     77.500     5.7185     5.7025    -0.0160    1.13647    1.13284          1     0.0870     0.0746       9.97     0.0171  4.924e-11  1.000e-12  2.031e+00    10.5244    10.4931    -0.0313     8.2832     8.2595     76.769     78.474      0.241    1444.01    1443.90  0.000e+00
       7592     78.000     5.7486     5.7270    -0.0216    1.14072    1.13681          1     0.0870     0.0739       9.97     0.0171  4.924e-11  1.000e-12  2.031e+00    10.5575    10.5251    -0.0324     8.3076     8.2833     77.265     78.979      0.261    1444.19    1444.05  0.000e+00
       7638     78.500     5.7527     5.7397    -0.0130    1.14153    1.13933          1     0.0875     0.0715       9.97     0.0171  4.924e-11  1.000e-12  2.031e+00    10.5641    10.5462    -0.0179     8.3125     8.2992     77.760     79.484      0.263    1444.22    1444.14  0.000e+00
       7685     79.000     5.7617     5.7516    -0.0101    1.14265    1.14099          1     0.0811     0.0711       9.97     0.0171  4.924e-11  1.000e-12  2.031e+00    10.5724    10.5590    -0.0134     8.3185     8.3085     78.255     79.989      0.247    1444.28    1444.22  0.000e+00
       7734     79.500     5.7603     5.7565    -0.0038    1.14358    1.14206          1     0.0819     0.0728       9.97     0.0171  4.924e-11  1.000e-12  2.031e+00    10.5821    10.5681    -0.0140     8.3262     8.3154     78.750     80.494      0.247    1444.29    1444.26  0.000e+00
       7781     80.000     5.7627     5.7586    -0.0041    1.14519    1.14341          1     0.0830     0.0699       9.97     0.0171  4.924e-11  1.000e-12  2.031e+00    10.5974    10.5809    -0.0165     8.3381     8.3254     79.245     81.000      0.254    1444.33    1444.29  0.000e+00
       7829     80.500     5.7648     5.7618    -0.0030    1.14576    1.14466          1     0.0798     0.0697       9.97     0.0171  4.924e-11  1.000e-12  2.031e+00    10.6023    10.5923    -0.0100     8.3419     8.3342     79.741     81.505      0.257    1444.35    1444.33  0.000e+00
       7878     81.000     5.7695     5.7651    -0.0045    1.14661    1.14545          1     0.0757     0.0694       9.97     0.0171  4.924e-11  1.000e-12  2.031e+00    10.6092    10.5990    -0.0102     8.3470     8.3393     80.236     82.010      0.234    1444.39    1444.36  0.000e+00
       7927     81.500     5.7728     5.7681    -0.0046    1.14732    1.14621          1     0.0771     0.0677       9.97     0.0171  4.924e-11  1.000e-12  2.031e+00    10.6152    10.6056    -0.0096     8.3516     8.3443     80.731     82.515      0.260    1444.42    1444.39  0.000e+00
       7973     82.000     5.7805     5.7730    -0.0075    1.14875    1.14718          1     0.0779     0.0663       9.97     0.0171  4.924e-11  1.000e-12  2.031e+00    10.6270    10.6136    -0.0134     8.3605     8.3503     81.226     83.020      0.250    1444.47    1444.43  0.000e+00
       8020     82.500     5.7891     5.7820    -0.0071    1.15034    1.14861          1     0.0754     0.0664       9.97     0.0171  4.924e-11  1.000e-12  2.031e+00    10.6401    10.6251    -0.0150     8.3702     8.3588     81.721     83.525      0.258    1444.53    1444.49  0.000e+00
       8069     83.000     5.7934     5.7850    -0.0084    1.15144    1.14954          1     0.0719     0.0658       9.97     0.0171  4.924e-11  1.000e-12  2.031e+00    10.6496    10.6333    -0.0163     8.3775     8.3651     82.217     84.030      0.238    1444.57    1444.52  0.000e+00
       8120     83.500     5.8097     5.7968    -0.0129    1.15387    1.15165          1     0.0713     0.0659       9.97     0.0177  4.924e-11  1.000e-12  2.031e+00    10.6686    10.6505    -0.0181     8.3915     8.3780     82.712     84.535      0.249    1444.68    1444.60  0.000e+00
