ctdpy/exports/archive_20191121_122431/received_data/SBE09_1044_20180126_1536_34_02_0015.cnv
* Sea-Bird SBE 9 Data File:
* FileName = C:\ctd\temp\2018\ME18D015.hex
* Software Version Seasave V 7.26.6.26
* Temperature SN = 5351
* Conductivity SN = 3941
* Number of Bytes Per Scan = 41
* Number of Voltage Words = 4
* Number of Scans Averaged by the Deck Unit = 1
* NMEA Latitude = 55 19.11 N
* NMEA Longitude = 014 28.94 E
* NMEA UTC (Time) = Jan 26 2018  15:36:40
* NMEA baud rate = 4800
** Station:  BY3
** Operator:  SSip
** Ship: MERI
** Average sound velocity: 1434.11 m/s
** True-depth calculation Sat, 27 Jan 2018 21:59:06 +0000
** CTD Python Module SMHI /ver 3-12/ feb 2012 
** LIMS Job: 20183402-0015
** Cruise: SMHI-01-2018
** Latitude [GG MM.mm N] :
** Longitude [GG MM.mm E]:
# nquan = 26
# nvalues = 87                          
# units = specified
# name 0 = scan: Scan Count
# name 1 = prDM: Pressure, Digiquartz [db]
# name 2 = t090C: Temperature [ITS-90, deg C]
# name 3 = t190C: Temperature, 2 [ITS-90, deg C]
# name 4 = T2-T190C: Temperature Difference, 2 - 1 [ITS-90, deg C]
# name 5 = c0S/m: Conductivity [S/m]
# name 6 = c1S/m: Conductivity, 2 [S/m]
# name 7 = pumps: Pump Status
# name 8 = sbeox0ML/L: Oxygen, SBE 43 [ml/l]
# name 9 = sbeox1ML/L: Oxygen, SBE 43, 2 [ml/l]
# name 10 = altM: Altimeter [m]
# name 11 = flECO-AFL: Chl-a Fluorescence, WET Labs ECO-AFL/FL [mg/m^3]
# name 12 = flECO-AFL1: Phycocyanin Fluorescence, WET Labs ECO-AFL/FL, 2 [mg/m^3]
# name 13 = par: PAR/Irradiance, Biospherical/Lico [µE/(cm^2*s)]
# name 14 = turbWETntu0: Turbidity, WET Labs ECO [NTU]
# name 15 = sal00: Salinity, Practical [PSU]
# name 16 = sal11: Salinity, Practical, 2 [PSU]
# name 17 = secS-priS: Salinity, Practical, Difference, 2 - 1 [PSU]
# name 18 = sigma-t00: Density [sigma-t, Kg/m^3 ]
# name 19 = sigma-t11: Density, 2 [sigma-t, Kg/m^3 ]
# name 20 = depSM: Depth [salt water, m], lat = 55.3185
# name 21 = depFM: Depth [true depth, m], lat = 55.3185
# name 22 = dz/dtM: Descent Rate [m/s], WS = 2
# name 23 = svCM: Sound Velocity [Chen-Millero, m/s]
# name 24 = svCM1: Sound Velocity, 2 [Chen-Millero, m/s]
# name 25 = flag: flag
# span 0 =       8646,      10587       
# span 1 =      1.000,     44.000       
# span 2 =     4.2859,     6.6132       
# span 3 =     4.2866,     6.4942       
# span 4 =    -0.1171,     0.0108       
# span 5 =   0.804361,   1.164800       
# span 6 =   0.804341,   1.138831       
# span 7 =          1,          1       
# span 8 =    6.05275,    8.27545       
# span 9 =    6.42599,    8.23330       
# span 10 =       2.80,      47.41      
# span 11 =     0.4519,     1.2219      
# span 12 =     0.2905,     0.4953      
# span 13 = 9.9953e-13, 1.9984e+00      
# span 14 =     0.1794,     0.4220      
# span 15 =     7.5241,    10.5393      
# span 16 =     7.5235,    10.3196      
# span 17 =    -0.2196,     0.0084      
# span 18 =     5.9654,     8.2389      
# span 19 =     5.9648,     8.0739      
# span 20 =      0.991,     43.598      
# span 21 =      1.012,     44.541      
# span 22 =      0.067,      0.871      
# span 23 =    1433.23,    1447.30      
# span 24 =    1433.22,    1446.52      
# span 25 = 0.0000e+00, 0.0000e+00      
# interval = decibars: 0.5              
# start_time = Jan 26 2018 15:36:40 [NMEA time, first data scan]
# bad_flag = -9.990e-29
*END*
       8646      1.000     4.5375     4.5366    -0.0008    0.80441    0.80435          1     8.1598     8.1656      47.41     1.1986     0.3864  1.998e+00  0.1909000     7.5246     7.5242    -0.0003     5.9661     5.9659      0.991      1.012      0.185    1433.83    1433.82  0.000e+00
       8716      1.500     4.5348     4.5362     0.0013    0.80436    0.80434          1     8.1539     8.1655      46.99     1.2219     0.3938  8.160e-01  0.1865000     7.5247     7.5242    -0.0005     5.9663     5.9659      1.486      1.519      0.237    1433.83    1433.83  0.000e+00
       8766      2.000     4.5404     4.5412     0.0008    0.80449    0.80446          1     8.1599     8.1675      46.48     1.1449     0.4065  4.619e-01  0.1794000     7.5247     7.5242    -0.0005     5.9661     5.9657      1.982      2.025      0.254    1433.86    1433.86  0.000e+00
       8808      2.500     4.5356     4.5369     0.0013    0.80442    0.80439          1     8.1722     8.1671      45.82     1.1307     0.4165  4.011e-01  0.1897000     7.5250     7.5244    -0.0006     5.9665     5.9660      2.477      2.531      0.313    1433.85    1433.85  0.000e+00
       8844      3.000     4.5384     4.5354    -0.0029    0.80448    0.80437          1     8.1649     8.1652      45.16     1.1718     0.4429  3.134e-01  0.2190000     7.5249     7.5245    -0.0004     5.9664     5.9661      2.973      3.037      0.421    1433.86    1433.85  0.000e+00
       8868      3.500     4.5357     4.5465     0.0108    0.80445    0.80460          1     8.1609     8.1687      45.00     1.1277     0.4029  2.681e-01  0.1871000     7.5251     7.5242    -0.0009     5.9666     5.9655      3.468      3.544      0.530    1433.86    1433.91  0.000e+00
       8890      4.000     4.5408     4.5470     0.0063    0.80455    0.80461          1     8.1540     8.1692      44.56     1.1160     0.3885  2.283e-01  0.2802000     7.5249     7.5241    -0.0008     5.9663     5.9654      3.964      4.050      0.542    1433.89    1433.92  0.000e+00
       8912      4.500     4.5564     4.5563    -0.0001    0.80487    0.80479          1     8.1540     8.1707      44.13     1.1248     0.4141  1.655e-01  0.2185000     7.5245     7.5237    -0.0008     5.9654     5.9648      4.459      4.556      0.557    1433.97    1433.97  0.000e+00
       8933      5.000     4.5431     4.5445     0.0014    0.80454    0.80451          1     8.1610     8.1697      43.58     1.1137     0.4579  1.430e-01  0.1973000     7.5242     7.5235    -0.0007     5.9656     5.9650      4.955      5.062      0.567    1433.92    1433.92  0.000e+00
       8954      5.500     4.5386     4.5405     0.0018    0.80446    0.80446          1     8.1579     8.1692      43.12     1.0985     0.4050  9.854e-02  0.2025000     7.5242     7.5238    -0.0004     5.9658     5.9654      5.450      5.569      0.567    1433.91    1433.91  0.000e+00
       8975      6.000     4.5380     4.5396     0.0016    0.80443    0.80444          1     8.1547     8.1708      42.60     1.0888     0.4596  6.122e-02  0.2076000     7.5241     7.5238    -0.0003     5.9657     5.9654      5.946      6.075      0.569    1433.91    1433.92  0.000e+00
       8997      6.500     4.5389     4.5394     0.0005    0.80447    0.80444          1     8.1568     8.1718      41.88     1.0783     0.4257  3.927e-02  0.1971000     7.5242     7.5237    -0.0005     5.9658     5.9654      6.441      6.581      0.548    1433.92    1433.92  0.000e+00
       9019      7.000     4.5401     4.5413     0.0012    0.80451    0.80449          1     8.1663     8.1736      41.50     1.0904     0.4205  2.373e-02  0.2038000     7.5242     7.5238    -0.0004     5.9658     5.9654      6.937      7.087      0.552    1433.93    1433.94  0.000e+00
       9040      7.500     4.5404     4.5406     0.0003    0.80453    0.80449          1     8.1561     8.1676      41.00     1.1005     0.4311  1.130e-03  0.2029000     7.5243     7.5238    -0.0005     5.9658     5.9654      7.432      7.594      0.580    1433.94    1433.95  0.000e+00
       9060      8.000     4.5394     4.5404     0.0010    0.80453    0.80450          1     8.1412     8.1616      40.52     1.1095     0.4087  1.071e-06  0.2073000     7.5245     7.5239    -0.0005     5.9660     5.9655      7.928      8.100      0.600    1433.95    1433.95  0.000e+00
       9080      8.500     4.5358     4.5344    -0.0014    0.80453    0.80450          1     8.1511     8.1615      40.06     1.1075     0.4953  9.995e-13  0.2076000     7.5253     7.5252    -0.0000     5.9667     5.9667      8.423      8.606      0.674    1433.94    1433.94  0.000e+00
       9096      9.000     4.5327     4.5327     0.0000    0.80453    0.80450          1     8.1668     8.1566      39.53     1.0777     0.4434  1.000e-12  0.2042000     7.5258     7.5255    -0.0003     5.9673     5.9671      8.918      9.112      0.771    1433.93    1433.94  0.000e+00
       9111      9.500     4.5253     4.5280     0.0027    0.80453    0.80450          1     8.1778     8.1595      39.14     1.0784     0.3508  1.000e-12  0.2040000     7.5275     7.5266    -0.0009     5.9688     5.9681      9.414      9.619      0.827    1433.91    1433.92  0.000e+00
       9125     10.000     4.5196     4.5196     0.0000    0.80455    0.80452          1     8.1699     8.1580      38.63     1.0784     0.3837  1.000e-12  0.2031000     7.5289     7.5286    -0.0003     5.9702     5.9699      9.909     10.125      0.856    1433.90    1433.90  0.000e+00
       9139     10.500     4.5162     4.5173     0.0011    0.80462    0.80460          1     8.1585     8.1492      38.09     1.0604     0.4077  1.000e-12  0.1947000     7.5303     7.5299    -0.0004     5.9714     5.9710     10.405     10.631      0.871    1433.89    1433.90  0.000e+00
       9153     11.000     4.5091     4.5111     0.0021    0.80485    0.80479          1     8.1469     8.1338      37.69     1.0537     0.4468  1.000e-12  0.1901000     7.5342     7.5331    -0.0011     5.9747     5.9738     10.900     11.137      0.858    1433.87    1433.88  0.000e+00
       9167     11.500     4.4914     4.4930     0.0015    0.80538    0.80534          1     8.1565     8.1322      37.13     1.0021     0.4661  1.000e-12  0.2078000     7.5435     7.5427    -0.0008     5.9827     5.9820     11.396     11.644      0.796    1433.81    1433.82  0.000e+00
       9183     12.000     4.4449     4.4472     0.0023    0.80670    0.80668          1     8.1810     8.1476      36.55     0.9348     0.3759  1.000e-12  0.2112000     7.5674     7.5666    -0.0008     6.0031     6.0024     11.891     12.150      0.698    1433.65    1433.66  0.000e+00
       9202     12.500     4.4141     4.4164     0.0023    0.80731    0.80725          1     8.2180     8.1736      35.91     0.8097     0.3762  1.000e-12  0.2108000     7.5806     7.5794    -0.0012     6.0145     6.0135     12.387     12.656      0.633    1433.53    1433.54  0.000e+00
       9221     13.000     4.3951     4.3951     0.0000    0.80822    0.80831          1     8.2411     8.1998      35.37     0.8544     0.3834  1.000e-12  0.2323000     7.5941     7.5950     0.0009     6.0258     6.0265     12.882     13.162      0.615    1433.47    1433.48  0.000e+00
       9241     13.500     4.3775     4.3794     0.0019    0.80950    0.80940          1     8.2487     8.2051      34.58     0.8484     0.3328  1.000e-12  0.2376000     7.6110     7.6095    -0.0015     6.0398     6.0385     13.378     13.669      0.619    1433.43    1433.43  0.000e+00
       9260     14.000     4.3676     4.3701     0.0025    0.81006    0.80993          1     8.2460     8.2026      33.73     0.8451     0.3321  1.000e-12  0.2468000     7.6189     7.6170    -0.0018     6.0463     6.0448     13.873     14.175      0.631    1433.40    1433.41  0.000e+00
       9279     14.500     4.3556     4.3557     0.0002    0.81077    0.81079          1     8.2496     8.2110      33.60     0.8458     0.3438  1.000e-12  0.2597000     7.6288     7.6289     0.0002     6.0546     6.0547     14.368     14.681      0.625    1433.37    1433.37  0.000e+00
       9299     15.000     4.3290     4.3275    -0.0016    0.81227    0.81238          1     8.2553     8.2199      33.16     0.8079     0.3599  1.000e-12  0.2587000     7.6500     7.6515     0.0015     6.0722     6.0735     14.864     15.187      0.596    1433.28    1433.28  0.000e+00
       9319     15.500     4.3304     4.3378     0.0074    0.81217    0.81180          1     8.2504     8.2333      32.72     0.8003     0.3327  1.000e-12  0.2733000     7.6487     7.6432    -0.0055     6.0711     6.0666     15.359     15.693      0.572    1433.30    1433.32  0.000e+00
       9341     16.000     4.3311     4.3293    -0.0018    0.81222    0.81235          1     8.2457     8.2303      32.19     0.7903     0.3829  1.000e-12  0.2814000     7.6489     7.6506     0.0017     6.0713     6.0727     15.855     16.200      0.557    1433.31    1433.30  0.000e+00
       9362     16.500     4.3242     4.3152    -0.0090    0.81272    0.81334          1     8.2583     8.2265      31.61     0.7710     0.3934  1.000e-12  0.2773000     7.6555     7.6639     0.0084     6.0767     6.0837     16.350     16.706      0.550    1433.29    1433.26  0.000e+00
       9384     17.000     4.3049     4.3012    -0.0036    0.81406    0.81433          1     8.2741     8.2319      31.13     0.7463     0.3994  1.000e-12  0.2698000     7.6735     7.6771     0.0036     6.0916     6.0945     16.846     17.212      0.558    1433.24    1433.22  0.000e+00
       9405     17.500     4.3003     4.2981    -0.0022    0.81441    0.81461          1     8.2754     8.2295      30.49     0.7360     0.3979  1.000e-12  0.2895000     7.6781     7.6806     0.0025     6.0954     6.0974     17.341     17.718      0.560    1433.23    1433.22  0.000e+00
       9427     18.000     4.2964     4.2970     0.0006    0.81486    0.81483          1     8.2709     8.2316      29.95     0.7486     0.3520  1.000e-12  0.2654000     7.6835     7.6830    -0.0005     6.0998     6.0993     17.836     18.224      0.560    1433.23    1433.23  0.000e+00
       9448     18.500     4.2955     4.2964     0.0009    0.81502    0.81488          1     8.2668     8.2321      29.49     0.7570     0.3642  1.000e-12  0.2749000     7.6852     7.6836    -0.0017     6.1012     6.0999     18.332     18.731      0.558    1433.23    1433.24  0.000e+00
       9470     19.000     4.2934     4.2940     0.0006    0.81570    0.81571          1     8.2674     8.2230      29.01     0.7452     0.3613  1.000e-12  0.2713000     7.6925     7.6925     0.0000     6.1070     6.1070     18.827     19.237      0.551    1433.24    1433.24  0.000e+00
       9492     19.500     4.2907     4.2917     0.0010    0.81681    0.81664          1     8.2512     8.2172      28.49     0.7249     0.3790  1.000e-12  0.2690000     7.7044     7.7024    -0.0020     6.1165     6.1149     19.323     19.743      0.541    1433.25    1433.25  0.000e+00
       9514     20.000     4.2859     4.2866     0.0008    0.81815    0.81808          1     8.2480     8.2214      27.94     0.7232     0.3632  1.000e-12  0.2754000     7.7190     7.7181    -0.0009     6.1283     6.1275     19.818     20.249      0.536    1433.26    1433.26  0.000e+00
       9537     20.500     4.2904     4.2906     0.0002    0.81905    0.81897          1     8.2653     8.2217      27.47     0.7466     0.3201  1.000e-12  0.2743000     7.7270     7.7261    -0.0009     6.1345     6.1337     20.314     20.755      0.544    1433.30    1433.30  0.000e+00
       9558     21.000     4.3038     4.3046     0.0008    0.82025    0.82021          1     8.2718     8.2074      26.93     0.7360     0.3328  1.000e-12  0.2600000     7.7359     7.7353    -0.0006     6.1412     6.1407     20.809     21.261      0.554    1433.37    1433.38  0.000e+00
       9580     21.500     4.3075     4.3083     0.0008    0.82094    0.82094          1     8.2627     8.1951      26.45     0.7487     0.4056  1.000e-12  0.2583000     7.7420     7.7417    -0.0003     6.1459     6.1456     21.305     21.768      0.563    1433.41    1433.41  0.000e+00
       9601     22.000     4.3096     4.3106     0.0009    0.82124    0.82122          1     8.2536     8.2018      25.89     0.7295     0.4054  1.000e-12  0.2395000     7.7444     7.7441    -0.0004     6.1477     6.1474     21.800     22.274      0.564    1433.43    1433.43  0.000e+00
       9623     22.500     4.3102     4.3110     0.0008    0.82134    0.82132          1     8.2488     8.2117      25.34     0.7315     0.4073  1.000e-12  0.2456000     7.7453     7.7448    -0.0005     6.1484     6.1480     22.295     22.780      0.552    1433.44    1433.44  0.000e+00
       9645     23.000     4.3111     4.3123     0.0012    0.82142    0.82142          1     8.2533     8.2212      24.89     0.7310     0.3883  1.000e-12  0.2529000     7.7458     7.7455    -0.0003     6.1488     6.1485     22.791     23.286      0.538    1433.45    1433.46  0.000e+00
       9667     23.500     4.3118     4.3127     0.0009    0.82153    0.82149          1     8.2543     8.2147      24.30     0.7243     0.3658  1.000e-12  0.2518000     7.7467     7.7461    -0.0006     6.1495     6.1489     23.286     23.792      0.531    1433.46    1433.47  0.000e+00
       9690     24.000     4.3135     4.3142     0.0007    0.82177    0.82173          1     8.2518     8.2047      23.75     0.7282     0.3756  1.000e-12  0.2473000     7.7487     7.7481    -0.0006     6.1510     6.1505     23.782     24.298      0.538    1433.48    1433.49  0.000e+00
       9712     24.500     4.3159     4.3167     0.0008    0.82199    0.82195          1     8.2499     8.2081      23.22     0.7483     0.3152  1.000e-12  0.2526000     7.7503     7.7497    -0.0006     6.1522     6.1517     24.277     24.804      0.557    1433.50    1433.50  0.000e+00
       9733     25.000     4.3197     4.3204     0.0007    0.82307    0.82295          1     8.2408     8.2119      22.72     0.7123     0.3920  1.000e-12  0.2589000     7.7602     7.7588    -0.0014     6.1599     6.1588     24.772     25.311      0.568    1433.54    1433.54  0.000e+00
       9754     25.500     4.3199     4.3210     0.0010    0.82414    0.82408          1     8.2273     8.2085      22.11     0.7312     0.3778  1.000e-12  0.2257000     7.7709     7.7701    -0.0009     6.1685     6.1677     25.268     25.817      0.565    1433.56    1433.57  0.000e+00
       9775     26.000     4.3192     4.3201     0.0009    0.82445    0.82442          1     8.2205     8.2073      21.17     0.7437     0.3586  1.000e-12  0.2304000     7.7742     7.7737    -0.0005     6.1711     6.1706     25.763     26.323      0.552    1433.57    1433.57  0.000e+00
       9797     26.500     4.3192     4.3201     0.0009    0.82492    0.82489          1     8.2151     8.1985      20.67     0.7432     0.3658  1.000e-12  0.2366000     7.7789     7.7784    -0.0005     6.1748     6.1744     26.259     26.829      0.535    1433.59    1433.59  0.000e+00
       9820     27.000     4.3187     4.3196     0.0009    0.82516    0.82511          1     8.2181     8.1895      20.11     0.7402     0.4511  1.000e-12  0.2364000     7.7813     7.7807    -0.0007     6.1768     6.1762     26.754     27.335      0.526    1433.59    1433.60  0.000e+00
       9843     27.500     4.3170     4.3181     0.0010    0.82564    0.82558          1     8.2263     8.1908      19.43     0.7460     0.3796  1.000e-12  0.2448000     7.7866     7.7857    -0.0009     6.1809     6.1802     27.250     27.841      0.532    1433.60    1433.61  0.000e+00
       9865     28.000     4.3157     4.3165     0.0008    0.82610    0.82609          1     8.2287     8.2027      19.07     0.7371     0.4335  1.000e-12  0.2179000     7.7914     7.7911    -0.0003     6.1848     6.1846     27.745     28.347      0.541    1433.61    1433.61  0.000e+00
