ctdpy/exports/archive_20191121_122431/received_data/SBE09_0827_20180825_0426_26_01_0889.cnv
* Sea-Bird SBE 9 Data File:
* FileName = D:\CTD_SBE911\DAT\26DA.2018.8.89.hex
* Software Version Seasave V 7.21d
* Temperature SN = 034605
* Conductivity SN = 041844
* Number of Bytes Per Scan = 48
* Number of Voltage Words = 5
* Number of Scans Averaged by the Deck Unit = 1
* NMEA Latitude = 57 38.22 N
* NMEA Longitude = 011 20.89 E
* NMEA UTC (Time) = Aug 25 2018  04:29:01
* NMEA baud rate = 4800
** Ship: DANA
** Average sound velocity: 1511.70 m/s
** True-depth calculation Thu, 28 Mar 2019 09:27:06 +0000
** CTD Python Module SMHI /ver 3-12/ feb 2012 
** LIMS Job: 20182601-0889
**  8 W VINGA
** Operator: Christian
** Cruise: 08/2018
# nquan = 26
# nvalues = 100                         
# units = specified
# name 0 = scan: Scan Count
# name 1 = prDM: Pressure, Digiquartz [db]
# name 2 = t090C: Temperature [ITS-90, deg C]
# name 3 = t190C: Temperature, 2 [ITS-90, deg C]
# name 4 = T2-T190C: Temperature Difference, 2 - 1 [ITS-90, deg C]
# name 5 = c0S/m: Conductivity [S/m]
# name 6 = c1S/m: Conductivity, 2 [S/m]
# name 7 = pumps: Pump Status
# name 8 = sbeox1ML/L: Oxygen, SBE 43, 2 [ml/l]
# name 9 = sbeox0ML/L: Oxygen, SBE 43 [ml/l]
# name 10 = altM: Altimeter [m]
# name 11 = chloroflTC0: Chlorophyll, Turner Cyclops [ug/l]
# name 12 = cpar: CPAR/Corrected Irradiance [%]
# name 13 = par: PAR/Irradiance, Biospherical/Lico [µE/(cm^2*s)]
# name 14 = spar: SPAR, Biospherical/Licor
# name 15 = sal00: Salinity, Practical [PSU]
# name 16 = sal11: Salinity, Practical, 2 [PSU]
# name 17 = secS-priS: Salinity, Practical, Difference, 2 - 1 [PSU]
# name 18 = sigma-t00: Density [sigma-t, kg/m^3 ]
# name 19 = sigma-t11: Density, 2 [sigma-t, kg/m^3 ]
# name 20 = depSM: Depth [salt water, m], lat = 57.637
# name 21 = depFM: Depth [true depth, m], lat = 57.637
# name 22 = dz/dtM: Descent Rate [m/s], WS = 2
# name 23 = svCM: Sound Velocity [Chen-Millero, m/s]
# name 24 = svCM1: Sound Velocity, 2 [Chen-Millero, m/s]
# name 25 = flag: flag
# span 0 =         40,       5178       
# span 1 =      1.500,     51.000       
# span 2 =    17.4900,    18.1502       
# span 3 =    17.4891,    18.1333       
# span 4 =    -0.1123,     0.1574       
# span 5 =   3.970621,   4.263521       
# span 6 =   3.971278,   4.262536       
# span 7 =          1,          1       
# span 8 =     5.3288,     5.7735       
# span 9 =     5.0557,     5.4872       
# span 10 =       0.24,       9.98      
# span 11 =     0.0652,     0.2116      
# span 12 = 1.1189e-12, 5.8805e+00      
# span 13 = 1.0000e-12, 4.5381e+00      
# span 14 = 7.7172e+01, 8.9370e+01      
# span 15 =    29.8812,    32.4123      
# span 16 =    29.8857,    32.4158      
# span 17 =    -0.4843,     0.0168      
# span 18 =    21.3928,    23.4137      
# span 19 =    21.3957,    23.4165      
# span 20 =      1.486,     50.523      
# span 21 =      1.496,     50.789      
# span 22 =      0.054,      0.454      
# span 23 =    1509.55,    1512.80      
# span 24 =    1509.56,    1512.80      
# span 25 = 0.0000e+00, 0.0000e+00      
# interval = decibars: 0.5              
# start_time = Aug 25 2018 04:29:01 [NMEA time, first data scan]
# bad_flag = -9.990e-29
*END*
         40      1.500    17.8438    17.8501     0.0063    3.97067    3.97183          1     5.6370     5.4651       9.98     0.1900  5.880e+00  4.538e+00  7.717e+01    29.8834    29.8885     0.0051    21.3950    21.3974      1.486      1.496      0.054    1509.55    1509.58  0.000e+00
        180      2.000    17.8512    17.8460    -0.0052    3.97145    3.97138          1     5.7118     5.4718       9.98     0.1747  5.230e+00  4.036e+00  7.717e+01    29.8844    29.8876     0.0032    21.3940    21.3977      1.982      1.994      0.373    1509.57    1509.56  0.000e+00
        257      2.500    17.8570    17.8525    -0.0046    3.97203    3.97189          1     5.7007     5.4709       9.98     0.1711  4.426e+00  3.417e+00  7.723e+01    29.8849    29.8870     0.0021    21.3930    21.3957      2.477      2.493      0.312    1509.60    1509.59  0.000e+00
        330      3.000    17.8567    17.8542    -0.0025    3.97202    3.97217          1     5.7195     5.4678       9.98     0.1760  3.650e+00  2.830e+00  7.755e+01    29.8848    29.8879     0.0031    21.3931    21.3960      2.972      2.992      0.336    1509.61    1509.60  0.000e+00
        360      3.500    17.8547    17.8550     0.0003    3.97180    3.97232          1     5.7089     5.4678       9.97     0.1834  3.414e+00  2.662e+00  7.797e+01    29.8843    29.8884     0.0041    21.3931    21.3961      3.468      3.490      0.300    1509.61    1509.62  0.000e+00
        415      4.000    17.8461    17.8523     0.0062    3.97071    3.97209          1     5.7017     5.4772       9.97     0.1766  3.053e+00  2.408e+00  7.889e+01    29.8812    29.8883     0.0071    21.3928    21.3968      3.963      3.989      0.227    1509.59    1509.62  0.000e+00
        458      4.500    17.8446    17.8484     0.0038    3.97062    3.97155          1     5.7539     5.4759       9.97     0.1854  2.844e+00  2.253e+00  7.920e+01    29.8814    29.8865     0.0051    21.3933    21.3963      4.458      4.487      0.304    1509.59    1509.61  0.000e+00
        499      5.000    17.8472    17.8471    -0.0001    3.97101    3.97142          1     5.7634     5.4610       9.97     0.1815  2.529e+00  2.003e+00  7.920e+01    29.8826    29.8862     0.0035    21.3936    21.3963      4.954      4.986      0.271    1509.61    1509.62  0.000e+00
        549      5.500    17.8507    17.8459    -0.0048    3.97150    3.97128          1     5.7046     5.4649       9.97     0.1852  2.229e+00  1.765e+00  7.920e+01    29.8840    29.8857     0.0017    21.3938    21.3962      5.449      5.485      0.225    1509.63    1509.62  0.000e+00
        598      6.000    17.8522    17.8466    -0.0056    3.97176    3.97140          1     5.7371     5.4712       9.97     0.1853  2.027e+00  1.605e+00  7.920e+01    29.8849    29.8860     0.0011    21.3942    21.3964      5.944      5.983      0.312    1509.65    1509.63  0.000e+00
        629      6.500    17.8515    17.8481    -0.0034    3.97171    3.97160          1     5.7592     5.4872       9.97     0.1799  1.684e+00  1.334e+00  7.920e+01    29.8849    29.8864     0.0015    21.3943    21.3963      6.440      6.482      0.390    1509.65    1509.64  0.000e+00
        679      7.000    17.8524    17.8499    -0.0024    3.97178    3.97189          1     5.7622     5.4760       9.97     0.1808  1.527e+00  1.209e+00  7.920e+01    29.8847    29.8873     0.0026    21.3940    21.3966      6.935      6.980      0.248    1509.66    1509.66  0.000e+00
        742      7.500    17.8664    17.8572    -0.0092    3.97466    3.97287          1     5.7546     5.4691       9.97     0.1813  1.392e+00  1.103e+00  7.920e+01    29.8983    29.8901    -0.0082    21.4011    21.3969      7.431      7.479      0.309    1509.73    1509.69  0.000e+00
        779      8.000    17.8757    17.8640    -0.0117    3.97610    3.97459          1     5.7467     5.4636       9.97     0.1798  1.232e+00  9.758e-01  7.920e+01    29.9034    29.8993    -0.0041    21.4028    21.4024      7.926      7.978      0.299    1509.77    1509.73  0.000e+00
        822      8.500    17.8723    17.8658    -0.0064    3.97545    3.97477          1     5.7735     5.4613       9.97     0.1883  1.036e+00  8.209e-01  7.920e+01    29.9003    29.8994    -0.0009    21.4012    21.4020      8.421      8.476      0.284    1509.76    1509.74  0.000e+00
        866      9.000    17.8828    17.8696    -0.0133    3.97778    3.97557          1     5.7480     5.4675       9.97     0.1870  9.649e-01  7.643e-01  7.920e+01    29.9119    29.9032    -0.0088    21.4076    21.4040      8.917      8.975      0.237    1509.82    1509.77  0.000e+00
        924      9.500    17.9151    17.8778    -0.0372    3.98514    3.97687          1     5.7649     5.4679       9.97     0.1812  8.259e-01  6.541e-01  7.920e+01    29.9497    29.9078    -0.0419    21.4288    21.4056      9.412      9.473      0.241    1509.96    1509.81  0.000e+00
        963     10.000    17.9405    17.8922    -0.0484    3.99233    3.98021          1     5.7668     5.4664       9.97     0.1852  7.195e-01  5.698e-01  7.920e+01    29.9911    29.9251    -0.0660    21.4544    21.4154      9.907      9.972      0.330    1510.10    1509.88  0.000e+00
       1008     10.500    17.9761    17.9102    -0.0659    4.00246    3.98429          1     5.7344     5.4602       9.97     0.1872  6.225e-01  4.930e-01  7.920e+01    30.0496    29.9459    -0.1037    21.4906    21.4270     10.403     10.471      0.226    1510.28    1509.96  0.000e+00
       1065     11.000    18.0343    17.9469    -0.0874    4.02257    3.99426          1     5.7402     5.4404       9.97     0.1904  5.388e-01  4.268e-01  7.920e+01    30.1746    30.0023    -0.1723    21.5723    21.4614     10.898     10.969      0.209    1510.60    1510.14  0.000e+00
       1120     11.500    18.1000    17.9878    -0.1123    4.05652    4.00604          1     5.7364     5.4201       9.97     0.1949  4.644e-01  3.678e-01  7.920e+01    30.4095    30.0706    -0.3389    21.7360    21.5039     11.393     11.468      0.255    1511.07    1510.35  0.000e+00
       1160     12.000    18.1495    18.0408    -0.1086    4.09463    4.02700          1     5.6967     5.3827       9.97     0.2116  3.796e-01  3.016e-01  7.947e+01    30.6908    30.2065    -0.4843    21.9390    21.5950     11.889     11.966      0.319    1511.54    1510.67  0.000e+00
       1200     12.500    18.1502    18.0993    -0.0509    4.11085    4.06166          1     5.7175     5.3937       9.97     0.2115  3.173e-01  2.545e-01  8.024e+01    30.8256    30.4526    -0.3730    22.0419    21.7691     12.384     12.464      0.262    1511.70    1511.13  0.000e+00
       1255     13.000    18.1236    18.1255     0.0020    4.12887    4.08626          1     5.6846     5.3830       9.97     0.1955  2.605e-01  2.112e-01  8.107e+01    30.9963    30.6384    -0.3579    22.1787    21.9047     12.880     12.963      0.210    1511.83    1511.43  0.000e+00
       1304     13.500    18.0608    18.1333     0.0725    4.13940    4.10764          1     5.6751     5.3312       9.97     0.1852  2.124e-01  1.726e-01  8.123e+01    31.1320    30.8111    -0.3208    22.2975    22.0349     13.375     13.461      0.288    1511.80    1511.65  0.000e+00
       1347     14.000    17.9582    18.1156     0.1574    4.13999    4.12019          1     5.7078     5.3377       9.97     0.1830  1.654e-01  1.344e-01  8.123e+01    31.2148    30.9293    -0.2855    22.3855    22.1294     13.870     13.959      0.247    1511.60    1511.74  0.000e+00
       1398     14.500    17.9253    18.0431     0.1177    4.13991    4.13425          1     5.6590     5.3078       9.97     0.1865  1.349e-01  1.096e-01  8.123e+01    31.2391    31.1018    -0.1373    22.4120    22.2788     14.366     14.457      0.257    1511.54    1511.73  0.000e+00
       1445     15.000    17.8693    17.9803     0.1109    4.14146    4.13914          1     5.6546     5.2900       9.97     0.1883  1.019e-01  8.278e-02  8.123e+01    31.2949    31.1905    -0.1044    22.4681    22.3616     14.861     14.955      0.221    1511.45    1511.66  0.000e+00
       1501     15.500    17.8337    17.9097     0.0761    4.14778    4.14155          1     5.6149     5.2827       9.97     0.1869  6.903e-02  5.607e-02  8.123e+01    31.3754    31.2646    -0.1108    22.5382    22.4352     15.356     15.453      0.300    1511.44    1511.54  0.000e+00
       1534     16.000    17.8495    17.8977     0.0482    4.15984    4.14257          1     5.5953     5.3040       9.97     0.1865  3.976e-02  3.230e-02  8.123e+01    31.4648    31.2821    -0.1827    22.6027    22.4515     15.852     15.951      0.341    1511.60    1511.53  0.000e+00
       1581     16.500    17.8681    17.8600    -0.0081    4.16407    4.14807          1     5.5781     5.3081       9.97     0.1856  1.421e-02  1.155e-02  8.123e+01    31.4859    31.3573    -0.1287    22.6144    22.5180     16.347     16.449      0.216    1511.68    1511.51  0.000e+00
       1636     17.000    17.9205    17.8603    -0.0601    4.17434    4.15801          1     5.5738     5.3161       9.97     0.1816  4.851e-04  3.941e-04  8.123e+01    31.5320    31.4406    -0.0914    22.6371    22.5816     16.842     16.947      0.263    1511.90    1511.62  0.000e+00
       1678     17.500    17.8989    17.8737    -0.0252    4.17755    4.16262          1     5.5782     5.2926       9.97     0.1805  1.057e-05  8.586e-06  8.123e+01    31.5756    31.4690    -0.1066    22.6756    22.6002     17.338     17.445      0.277    1511.89    1511.70  0.000e+00
       1723     18.000    17.9016    17.8883    -0.0131    4.18781    4.16754          1     5.6210     5.2822       9.97     0.1836  1.231e-12  1.000e-12  8.123e+01    31.6598    31.4991    -0.1607    22.7394    22.6197     17.833     17.943      0.265    1512.01    1511.78  0.000e+00
       1770     18.500    17.8871    17.9032     0.0161    4.19719    4.17512          1     5.6093     5.2623       9.97     0.1873  1.231e-12  1.000e-12  8.123e+01    31.7501    31.5513    -0.1987    22.8119    22.6561     18.328     18.441      0.250    1512.07    1511.89  0.000e+00
       1814     19.000    17.9499    17.8999    -0.0500    4.21997    4.18144          1     5.5965     5.2547       9.97     0.1930  1.231e-12  1.000e-12  8.123e+01    31.8932    31.6070    -0.2862    22.9063    22.6995     18.824     18.939      0.306    1512.43    1511.96  0.000e+00
       1853     19.500    17.9595    17.9049    -0.0546    4.23851    4.19061          1     5.5813     5.2329       9.97     0.1883  1.231e-12  1.000e-12  8.123e+01    32.0420    31.6804    -0.3616    23.0178    22.7543     19.319     19.437      0.270    1512.63    1512.06  0.000e+00
       1903     20.000    17.9457    17.9248    -0.0208    4.23970    4.20645          1     5.5714     5.2362       9.97     0.1801  1.231e-12  1.000e-12  8.123e+01    32.0627    31.7983    -0.2644    23.0370    22.8398     19.814     19.935      0.264    1512.63    1512.26  0.000e+00
       1941     20.500    17.9129    17.9397     0.0268    4.23741    4.22314          1     5.5647     5.2339       9.97     0.1881  1.231e-12  1.000e-12  8.123e+01    32.0689    31.9274    -0.1415    23.0496    22.9349     20.310     20.432      0.319    1512.54    1512.46  0.000e+00
       1985     21.000    17.8342    17.9386     0.1043    4.23546    4.23089          1     5.5329     5.2169       9.97     0.1919  1.231e-12  1.000e-12  8.123e+01    32.1141    31.9935    -0.1206    23.1031    22.9857     20.805     20.930      0.245    1512.37    1512.54  0.000e+00
       2033     21.500    17.8344    17.9099     0.0756    4.24415    4.23672          1     5.5070     5.1560       9.97     0.1954  1.231e-12  1.000e-12  8.123e+01    32.1873    32.0651    -0.1223    23.1591    23.0474     21.300     21.428      0.273    1512.46    1512.55  0.000e+00
       2077     22.000    17.8868    17.8813    -0.0055    4.25218    4.23824          1     5.4889     5.1353       9.97     0.1927  1.228e-12  1.000e-12  8.147e+01    32.2137    32.1001    -0.1136    23.1667    23.0811     21.796     21.926      0.267    1512.66    1512.51  0.000e+00
       2118     22.500    17.9099    17.8653    -0.0446    4.25695    4.24225          1     5.5168     5.1165       9.97     0.1925  1.210e-12  1.000e-12  8.265e+01    32.2357    32.1465    -0.0892    23.1779    23.1205     22.291     22.423      0.357    1512.76    1512.53  0.000e+00
       2149     23.000    17.9102    17.8707    -0.0395    4.25948    4.24493          1     5.4906     5.1230       9.97     0.1985  1.203e-12  1.000e-12  8.313e+01    32.2566    32.1647    -0.0919    23.1939    23.1331     22.786     22.921      0.363    1512.79    1512.57  0.000e+00
       2189     23.500    17.9030    17.8864    -0.0166    4.26118    4.25071          1     5.4565     5.1173       9.97     0.1885  1.201e-12  1.000e-12  8.326e+01    32.2765    32.2011    -0.0754    23.2108    23.1571     23.282     23.419      0.261    1512.80    1512.67  0.000e+00
       2232     24.000    17.8852    17.8951     0.0099    4.26134    4.25564          1     5.4155     5.1354       9.97     0.1850  1.201e-12  1.000e-12  8.326e+01    32.2919    32.2358    -0.0561    23.2269    23.1816     23.777     23.917      0.355    1512.77    1512.74  0.000e+00
       2263     24.500    17.8764    17.8937     0.0173    4.26145    4.25825          1     5.4144     5.1168       9.97     0.1790  1.201e-12  1.000e-12  8.326e+01    32.2995    32.2588    -0.0407    23.2349    23.1995     24.272     24.414      0.376    1512.76    1512.77  0.000e+00
       2299     25.000    17.8738    17.8885     0.0147    4.26207    4.26022          1     5.4182     5.1085       9.97     0.1723  1.201e-12  1.000e-12  8.326e+01    32.3067    32.2794    -0.0273    23.2409    23.2165     24.768     24.912      0.292    1512.77    1512.79  0.000e+00
       2344     25.500    17.8739    17.8820     0.0082    4.26311    4.26127          1     5.4113     5.1208       9.97     0.1750  1.201e-12  1.000e-12  8.326e+01    32.3153    32.2932    -0.0221    23.2475    23.2287     25.263     25.410      0.273    1512.79    1512.79  0.000e+00
       2385     26.000    17.8511    17.8763     0.0252    4.26164    4.26214          1     5.3984     5.1222       9.97     0.1718  1.201e-12  1.000e-12  8.326e+01    32.3207    32.3049    -0.0158    23.2572    23.2390     25.758     25.907      0.319    1512.74    1512.80  0.000e+00
       2421     26.500    17.8613    17.8694     0.0081    4.26352    4.26241          1     5.4263     5.1206       9.97     0.1720  1.201e-12  1.000e-12  8.326e+01    32.3283    32.3125    -0.0158    23.2605    23.2464     26.254     26.405      0.317    1512.79    1512.79  0.000e+00
       2460     27.000    17.8302    17.8554     0.0252    4.26018    4.26254          1     5.4273     5.1118       9.97     0.1678  1.201e-12  1.000e-12  8.326e+01    32.3245    32.3245    -0.0001    23.2651    23.2590     26.749     26.903      0.328    1512.70    1512.77  0.000e+00
       2495     27.500    17.7707    17.7885     0.0179    4.25357    4.25670          1     5.4212     5.1162       9.97     0.1597  1.201e-12  1.000e-12  8.326e+01    32.3155    32.3279     0.0124    23.2725    23.2777     27.244     27.400      0.329    1512.52    1512.59  0.000e+00
       2537     28.000    17.7454    17.7729     0.0275    4.25088    4.25449          1     5.3976     5.1311       9.97     0.1572  1.201e-12  1.000e-12  8.326e+01    32.3125    32.3213     0.0088    23.2763    23.2764     27.739     27.898      0.258    1512.45    1512.54  0.000e+00
       2580     28.500    17.7452    17.7540     0.0088    4.25166    4.25334          1     5.3962     5.1171       9.97     0.1567  1.201e-12  1.000e-12  8.326e+01    32.3191    32.3264     0.0073    23.2814    23.2848     28.235     28.396      0.326    1512.46    1512.50  0.000e+00
