ctdpy/exports/archive_20191121_122431/received_data/SBE09_1044_20180319_1948_34_02_0071.cnv
* Sea-Bird SBE 9 Data File:
* FileName = C:\ctd\temp\2018\ME18D071.hex
* Software Version Seasave V 7.26.6.26
* Temperature SN = 5351
* Conductivity SN = 3941
* Number of Bytes Per Scan = 41
* Number of Voltage Words = 4
* Number of Scans Averaged by the Deck Unit = 1
* NMEA Latitude = 58 15.58 N
* NMEA Longitude = 011 26.13 E
* NMEA UTC (Time) = Mar 19 2018  19:48:33
* NMEA baud rate = 4800
** Station:  Slägg
** Operator:  A-KTh
** Ship: MERI
** Average sound velocity: 1464.65 m/s
** True-depth calculation Mon, 19 Mar 2018 20:44:34 +0000
** CTD Python Module SMHI /ver 3-12/ feb 2012 
** LIMS Job: 20183402-0071
** Cruise: SMHI-02-2018
** Latitude [GG MM.mm N] :
** Longitude [GG MM.mm E]:
# nquan = 26
# nvalues = 134                         
# units = specified
# name 0 = scan: Scan Count
# name 1 = prDM: Pressure, Digiquartz [db]
# name 2 = t090C: Temperature [ITS-90, deg C]
# name 3 = t190C: Temperature, 2 [ITS-90, deg C]
# name 4 = T2-T190C: Temperature Difference, 2 - 1 [ITS-90, deg C]
# name 5 = c0S/m: Conductivity [S/m]
# name 6 = c1S/m: Conductivity, 2 [S/m]
# name 7 = pumps: Pump Status
# name 8 = sbeox0ML/L: Oxygen, SBE 43 [ml/l]
# name 9 = sbeox1ML/L: Oxygen, SBE 43, 2 [ml/l]
# name 10 = altM: Altimeter [m]
# name 11 = flECO-AFL: Chl-a Fluorescence, WET Labs ECO-AFL/FL [mg/m^3]
# name 12 = flECO-AFL1: Phycocyanin Fluorescence, WET Labs ECO-AFL/FL, 2 [mg/m^3]
# name 13 = par: PAR/Irradiance, Biospherical/Lico [µE/(cm^2*s)]
# name 14 = turbWETntu0: Turbidity, WET Labs ECO [NTU]
# name 15 = sal00: Salinity, Practical [PSU]
# name 16 = sal11: Salinity, Practical, 2 [PSU]
# name 17 = secS-priS: Salinity, Practical, Difference, 2 - 1 [PSU]
# name 18 = sigma-t00: Density [sigma-t, Kg/m^3 ]
# name 19 = sigma-t11: Density, 2 [sigma-t, Kg/m^3 ]
# name 20 = depSM: Depth [salt water, m], lat = 58.2597
# name 21 = depFM: Depth [true depth, m], lat = 58.2597
# name 22 = dz/dtM: Descent Rate [m/s], WS = 2
# name 23 = svCM: Sound Velocity [Chen-Millero, m/s]
# name 24 = svCM1: Sound Velocity, 2 [Chen-Millero, m/s]
# name 25 = flag: flag
# span 0 =      16740,      20169       
# span 1 =      0.500,     67.000       
# span 2 =    -0.2280,     6.5963       
# span 3 =    -0.2269,     6.6004       
# span 4 =    -0.2697,     0.0151       
# span 5 =   1.781744,   3.455453       
# span 6 =   1.780640,   3.456324       
# span 7 =          1,          1       
# span 8 =    4.23492,    9.85338       
# span 9 =    4.20345,    9.83903       
# span 10 =       1.81,      99.20      
# span 11 =     0.0874,    11.6754      
# span 12 =     0.1465,     1.6766      
# span 13 = -1.582e-02, 2.7963e-01      
# span 14 =     0.5414,     1.3726      
# span 15 =    20.6334,    34.5676      
# span 16 =    20.6390,    34.5729      
# span 17 =    -0.0676,     0.0484      
# span 18 =    16.5247,    27.1331      
# span 19 =    16.5295,    27.1367      
# span 20 =      0.495,     66.367      
# span 21 =      0.501,     66.599      
# span 22 =     -0.200,      0.553      
# span 23 =    1428.98,    1477.64      
# span 24 =    1428.95,    1477.67      
# span 25 = 0.0000e+00, 0.0000e+00      
# interval = decibars: 0.5              
# start_time = Mar 19 2018 19:48:33 [NMEA time, first data scan]
# bad_flag = -9.990e-29
*END*
      16740      0.500    -0.1491    -0.2196    -0.0722    1.78400    1.78064          1     9.5287     9.6280      98.71     8.0640     1.5700  2.796e-01  0.8605000    20.6334    20.6390     0.0056    16.5247    16.5295      0.495      0.501      0.147    1429.28    1428.95  0.000e+00
      16833      1.000    -0.1201    -0.2077    -0.0881    1.78636    1.78232          1     9.8534     9.8390      98.71     8.7041     1.4542  2.761e-01  0.9635000    20.6431    20.6519     0.0088    16.5323    16.5398      0.991      1.002      0.163    1429.44    1429.03  0.000e+00
      16926      1.500     0.1053    -0.1709    -0.2697    1.80130    1.78637          1     9.6999     9.8076      98.71     9.1287     1.5350 -1.582e-02  0.9854000    20.6777    20.6777    -0.0000    16.5589    16.5605      1.486      1.503      0.183    1430.56    1429.25  0.000e+00
      17004      2.000    -0.2219    -0.2226    -0.0006    1.78174    1.78210          1     9.7591     9.8038      98.71     8.5595     1.5381  3.866e-02  0.9739000    20.6538    20.6589     0.0051    16.5414    16.5455      1.981      2.004      0.202    1428.98    1428.98  0.000e+00
      17058      2.500    -0.2280    -0.2269     0.0011    1.78256    1.78277          1     9.7545     9.7979      98.71     8.7990     1.4894  1.278e-02  1.1023000    20.6681    20.6700     0.0018    16.5530    16.5545      2.477      2.505      0.242    1428.98    1428.98  0.000e+00
      17104      3.000    -0.2279    -0.2267     0.0013    1.78255    1.78285          1     9.7439     9.7929      98.71     9.0835     1.4995  2.080e-03  1.1437000    20.6677    20.6707     0.0029    16.5527    16.5550      2.972      3.006      0.285    1428.99    1428.99  0.000e+00
      17144      3.500    -0.2260    -0.2233     0.0026    1.78385    1.78572          1     9.7282     9.7665      98.71     8.5163     1.5730 -3.871e-06  1.0852000    20.6825    20.7043     0.0218    16.5646    16.5822      3.467      3.507      0.315    1429.02    1429.06  0.000e+00
      17180      4.000    -0.2208    -0.2225    -0.0017    1.79057    1.78698          1     9.6980     9.7300      98.71     8.5291     1.5230  1.393e-06  1.0911000    20.7636    20.7194    -0.0441    16.6299    16.5943      3.963      4.008      0.347    1429.16    1429.10  0.000e+00
      17213      4.500    -0.2031    -0.2047    -0.0017    1.81264    1.80956          1     9.6214     9.6543      98.71     8.2274     1.5420 -9.021e-09  1.1031000    21.0296    20.9919    -0.0377    16.8443    16.8139      4.458      4.509      0.370    1429.61    1429.55  0.000e+00
      17245      5.000    -0.1787    -0.1812    -0.0024    1.84717    1.84168          1     9.5643     9.5932      98.71     8.6461     1.4664  1.000e-12  1.1524000    21.4486    21.3810    -0.0676    17.1819    17.1274      4.954      5.009      0.375    1430.29    1430.19  0.000e+00
      17277      5.500    -0.1524    -0.1499     0.0025    1.89719    1.90115          1     9.4874     9.5001      98.71     8.9601     1.5228  1.000e-12  1.1719000    22.0623    22.1108     0.0484    17.6764    17.7154      5.449      5.510      0.392    1431.24    1431.32  0.000e+00
      17306      6.000    -0.1309    -0.1301     0.0008    1.93449    1.93705          1     9.4049     9.3952      98.71     9.3863     1.5626  1.000e-12  1.1953000    22.5192    22.5510     0.0318    18.0443    18.0700      5.944      6.010      0.426    1431.96    1432.01  0.000e+00
      17334      6.500    -0.1152    -0.1143     0.0009    1.96227    1.96287          1     9.3695     9.3543      98.71    10.4028     1.6766  1.000e-12  1.1581000    22.8598    22.8667     0.0070    18.3187    18.3242      6.440      6.511      0.447    1432.50    1432.51  0.000e+00
      17360      7.000    -0.0605    -0.0572     0.0034    1.99706    1.99950          1     9.2943     9.2561      98.71    10.6568     1.6360  1.000e-12  1.2642000    23.2600    23.2883     0.0283    18.6404    18.6632      6.935      7.011      0.466    1433.30    1433.35  0.000e+00
      17385      7.500     0.0328     0.0383     0.0055    2.04960    2.05240          1     9.1527     9.0947      98.71    11.6754     1.6191  1.000e-12  1.2294000    23.8550    23.8863     0.0313    19.1182    19.1433      7.430      7.510      0.478    1434.54    1434.61  0.000e+00
      17410      8.000     0.0471     0.0477     0.0006    2.05822    2.05838          1     9.0314     8.9948      98.71     8.5853     1.3947  1.000e-12  1.0049000    23.9531    23.9546     0.0015    19.1970    19.1982      7.926      8.010      0.484    1434.75    1434.75  0.000e+00
      17435      8.500     0.0502     0.0508     0.0007    2.05976    2.05981          1     8.9335     8.9376      98.71     7.7626     1.1611  1.073e-12  1.1947000    23.9700    23.9701     0.0001    19.2106    19.2106      8.421      8.510      0.500    1434.79    1434.80  0.000e+00
      17458      9.000     0.0571     0.0550    -0.0022    2.06137    2.06069          1     8.9314     8.9483      98.71     8.0429     1.4447  7.122e-06  1.2172000    23.9848    23.9778    -0.0070    19.2223    19.2168      8.916      9.009      0.521    1434.85    1434.83  0.000e+00
      17481      9.500     0.0626     0.0618    -0.0009    2.06228    2.06203          1     8.9412     8.9521      98.71     8.0118     1.6327  6.787e-08  1.2063000    23.9918    23.9892    -0.0026    19.2279    19.2258      9.412      9.509      0.530    1434.90    1434.89  0.000e+00
      17504     10.000     0.1464     0.1376    -0.0087    2.09105    2.08810          1     8.8436     8.8316      98.71     7.9469     1.2812  1.000e-12  1.0884000    24.2905    24.2600    -0.0305    19.4667    19.4423      9.907     10.009      0.520    1435.70    1435.62  0.000e+00
      17527     10.500     0.1706     0.1712     0.0006    2.10481    2.10474          1     8.7365     8.7149      98.71     7.6082     1.0262  1.000e-12  0.8917000    24.4456    24.4442    -0.0014    19.5910    19.5899     10.402     10.508      0.511    1436.02    1436.03  0.000e+00
      17550     11.000     0.1848     0.1842    -0.0005    2.11106    2.11076          1     8.6747     8.6413      98.71     6.1874     0.8660  1.000e-12  0.8716000    24.5132    24.5100    -0.0033    19.6452    19.6426     10.898     11.008      0.519    1436.19    1436.18  0.000e+00
      17573     11.500     0.2801     0.2816     0.0015    2.13681    2.13705          1     8.6336     8.5914      98.71     4.6348     0.8795  1.000e-12  0.8733000    24.7626    24.7644     0.0018    19.8436    19.8450     11.393     11.507      0.535    1436.98    1436.98  0.000e+00
      17595     12.000     0.3634     0.3599    -0.0035    2.16543    2.16473          1     8.5285     8.4737      98.71     6.2389     0.9856  1.000e-12  1.2678000    25.0570    25.0510    -0.0060    20.0783    20.0736     11.888     12.006      0.542    1437.76    1437.74  0.000e+00
      17618     12.500     0.4601     0.4602     0.0001    2.19332    2.19309          1     8.3815     8.3329      98.71     5.0555     0.7769  1.000e-12  0.9753000    25.3300    25.3271    -0.0029    20.2953    20.2929     12.384     12.506      0.534    1438.59    1438.58  0.000e+00
      17640     13.000     0.4628     0.4631     0.0003    2.19787    2.19782          1     8.2293     8.1993      98.71     4.0650     0.6026  1.000e-12  0.8247000    25.3850    25.3842    -0.0008    20.3394    20.3387     12.879     13.005      0.522    1438.68    1438.68  0.000e+00
      17664     13.500     0.4849     0.4850     0.0001    2.20576    2.20535          1     8.1747     8.1513      98.71     3.0599     0.5685  1.000e-12  0.7750000    25.4662    25.4610    -0.0052    20.4040    20.3998     13.374     13.504      0.517    1438.90    1438.89  0.000e+00
      17687     14.000     0.5581     0.5652     0.0071    2.22772    2.22852          1     8.1256     8.0661      98.71     2.3913     0.5471  1.000e-12  0.7058000    25.6824    25.6864     0.0041    20.5755    20.5786     13.869     14.003      0.518    1439.53    1439.57  0.000e+00
      17710     14.500     0.8527     0.8648     0.0120    2.28324    2.28414          1     8.0806     7.9889      98.71     1.6966     0.4584  1.000e-12  0.6420000    26.1329    26.1340     0.0011    20.9272    20.9277     14.365     14.502      0.524    1441.50    1441.56  0.000e+00
      17732     15.000     1.1440     1.1324    -0.0115    2.33345    2.33109          1     7.9761     7.8873      98.71     1.1375     0.3600  1.000e-12  0.5959000    26.5130    26.4934    -0.0196    21.2206    21.2054     14.860     15.000      0.533    1443.35    1443.27  0.000e+00
      17755     15.500     1.4812     1.4750    -0.0063    2.39648    2.39546          1     7.7948     7.7298      95.19     0.9953     0.4508  6.665e-06  0.5671000    27.0059    26.9987    -0.0072    21.6002    21.5947     15.355     15.499      0.534    1445.54    1445.50  0.000e+00
      17777     16.000     1.6377     1.6340    -0.0035    2.42593    2.42547          1     7.5301     7.4854      69.86     1.0456     0.3424  4.025e-07  0.6320000    27.2340    27.2315    -0.0025    21.7751    21.7732     15.851     15.998      0.528    1446.55    1446.53  0.000e+00
      17800     16.500     1.6990     1.6990    -0.0001    2.43821    2.43797          1     7.4269     7.3801      99.20     1.9623     0.3005 -6.730e-09  1.0298000    27.3317    27.3288    -0.0029    21.8501    21.8478     16.346     16.496      0.521    1446.96    1446.96  0.000e+00
      17824     17.000     1.7752     1.7680    -0.0071    2.45364    2.45140          1     7.4807     7.4134      98.71     0.9394     0.2725  1.000e-12  0.5518000    27.4546    27.4334    -0.0212    21.9444    21.9278     16.841     16.994      0.518    1447.48    1447.42  0.000e+00
      17847     17.500     2.2914     2.2691    -0.0225    2.55693    2.55140          1     7.3380     7.2359      83.41     2.4571     0.2916  1.000e-12  0.7259000    28.2590    28.2118    -0.0472    22.5563    22.5201     17.337     17.492      0.520    1450.83    1450.67  0.000e+00
      17870     18.000     2.8994     2.8915    -0.0078    2.68259    2.68204          1     7.1133     6.9783      81.37     1.4041     0.4057  1.000e-12  0.5920000    29.2305    29.2310     0.0004    23.2900    23.2909     17.832     17.990      0.529    1454.77    1454.74  0.000e+00
      17892     18.500     3.2641     3.2716     0.0074    2.75713    2.75723          1     6.8790     6.7439      98.38     0.9459     0.4564  1.000e-12  0.5968000    29.7865    29.7807    -0.0058    23.7044    23.6992     18.327     18.488      0.539    1457.08    1457.10  0.000e+00
      17914     19.000     3.7156     3.7208     0.0053    2.84833    2.84702          1     6.7393     6.6060      98.71     0.7963     0.2648  1.000e-12  0.5838000    30.4482    30.4280    -0.0202    24.1928    24.1763     18.823     18.985      0.546    1459.87    1459.87  0.000e+00
      17936     19.500     4.0260     4.0338     0.0077    2.91476    2.91336          1     6.4672     6.3392      98.06     0.7175     0.2311  1.000e-12  0.5477000    30.9366    30.9128    -0.0238    24.5524    24.5328     19.318     19.482      0.544    1461.82    1461.82  0.000e+00
      17958     20.000     4.5467     4.5453    -0.0014    3.00568    3.00483          1     6.2691     6.1511      98.66     0.6640     0.2357  1.000e-12  0.5443000    31.5024    31.4940    -0.0084    24.9508    24.9443     19.813     19.979      0.528    1464.73    1464.71  0.000e+00
      17982     20.500     4.6740     4.6705    -0.0036    3.03246    3.03152          1     6.1809     6.0689      98.71     0.5151     0.2345  1.000e-12  0.5683000    31.6901    31.6827    -0.0074    25.0866    25.0811     20.308     20.476      0.516    1465.51    1465.48  0.000e+00
      18005     21.000     5.1839     5.1655    -0.0185    3.12243    3.11890          1     5.9847     5.8695      98.71     0.5030     0.2266  1.000e-12  0.5640000    32.2327    32.2101    -0.0226    25.4612    25.4453     20.804     20.973      0.522    1468.30    1468.19  0.000e+00
      18027     21.500     5.5532     5.5409    -0.0122    3.19083    3.18894          1     5.7081     5.6174      52.98     0.3774     0.2395  1.000e-12  0.5938000    32.6539    32.6443    -0.0095    25.7525    25.7464     21.299     21.470      0.536    1470.34    1470.28  0.000e+00
      18050     22.000     5.7789     5.7793     0.0003    3.22814    3.22801          1     5.5220     5.4593      47.17     0.2873     0.2821  1.000e-12  0.6217000    32.8562    32.8544    -0.0019    25.8858    25.8842     21.794     21.966      0.547    1471.51    1471.51  0.000e+00
      18071     22.500     5.8399     5.8414     0.0015    3.25406    3.25324          1     5.4328     5.3534      46.79     0.2808     0.2211  1.000e-12  0.6368000    33.0884    33.0776    -0.0108    26.0618    26.0532     22.290     22.462      0.545    1472.06    1472.05  0.000e+00
      18094     23.000     5.9834     5.9756    -0.0076    3.28582    3.28409          1     5.2045     5.0679      46.27     0.2517     0.2243  1.000e-12  0.6629000    33.3047    33.2928    -0.0118    26.2151    26.2067     22.785     22.959      0.531    1472.91    1472.87  0.000e+00
      18117     23.500     6.2289     6.2244    -0.0047    3.33284    3.33196          1     4.8346     4.6969      73.07     0.2088     0.2123  1.000e-12  0.6639000    33.5894    33.5841    -0.0053    26.4092    26.4056     23.280     23.455      0.514    1474.26    1474.23  0.000e+00
      18140     24.000     6.2300     6.2318     0.0018    3.33769    3.33772          1     4.6184     4.5641      46.37     0.1878     0.2135  1.000e-12  0.6557000    33.6424    33.6410    -0.0014    26.4509    26.4495     23.776     23.951      0.516    1474.33    1474.34  0.000e+00
      18163     24.500     6.1899     6.1929     0.0030    3.33486    3.33492          1     4.6216     4.6044      44.63     0.1817     0.2218  1.000e-12  0.6692000    33.6502    33.6479    -0.0023    26.4622    26.4599     24.271     24.447      0.538    1474.19    1474.20  0.000e+00
      18185     25.000     6.2233     6.2140    -0.0092    3.34567    3.34482          1     4.5360     4.4638      44.33     0.1673     0.2265  1.000e-12  0.6741000    33.7377    33.7374    -0.0003    26.5269    26.5279     24.766     24.943      0.553    1474.44    1474.41  0.000e+00
      18207     25.500     6.3636     6.3624    -0.0013    3.37259    3.37288          1     4.3408     4.2575      44.03     0.2238     0.2259  1.000e-12  0.7085000    33.8988    33.9033     0.0045    26.6361    26.6398     25.262     25.439      0.550    1475.21    1475.21  0.000e+00
      18229     26.000     6.3649     6.3652     0.0002    3.37578    3.37575          1     4.2404     4.2035      43.56     0.1551     0.1930  1.000e-12  0.6561000    33.9329    33.9323    -0.0006    26.6628    26.6623     25.757     25.935      0.533    1475.27    1475.27  0.000e+00
      18252     26.500     6.3548     6.3535    -0.0013    3.37625    3.37625          1     4.2396     4.2428      43.01     0.1557     0.1651  1.000e-12  0.6419000    33.9479    33.9493     0.0013    26.6760    26.6772     26.252     26.431      0.518    1475.25    1475.25  0.000e+00
      18275     27.000     6.3522     6.3523    -0.0000    3.37634    3.37627          1     4.2721     4.2948      42.64     0.1520     0.1725  1.000e-12  0.6267000    33.9513    33.9504    -0.0009    26.6790    26.6783     26.747     26.927      0.517    1475.26    1475.26  0.000e+00
      18298     27.500     6.3542     6.3533    -0.0009    3.37731    3.37720          1     4.2901     4.3075      42.15     0.1493     0.1944  1.000e-12  0.6188000    33.9599    33.9596    -0.0003    26.6855    26.6854     27.243     27.424      0.526    1475.28    1475.28  0.000e+00
