ctdpy/exports/archive_20191121_122431/received_data/SBE09_1044_20180127_0002_34_02_0017.cnv
* Sea-Bird SBE 9 Data File:
* FileName = C:\ctd\temp\2018\ME18D017.hex
* Software Version Seasave V 7.26.6.26
* Temperature SN = 5351
* Conductivity SN = 3941
* Number of Bytes Per Scan = 41
* Number of Voltage Words = 4
* Number of Scans Averaged by the Deck Unit = 1
* NMEA Latitude = 55 15.01 N
* NMEA Longitude = 015 59.01 E
* NMEA UTC (Time) = Jan 27 2018  00:02:36
* NMEA baud rate = 4800
** Station:  BY5
** Operator:  JKro
** Ship: MERI
** Average sound velocity: 1445.64 m/s
** True-depth calculation Sat, 27 Jan 2018 01:55:43 +0000
** CTD Python Module SMHI /ver 3-12/ feb 2012 
** LIMS Job: 20183402-0017
** Cruise: SMHI-01-2018
** Latitude [GG MM.mm N] :
** Longitude [GG MM.mm E]:
# nquan = 26
# nvalues = 169                         
# units = specified
# name 0 = scan: Scan Count
# name 1 = prDM: Pressure, Digiquartz [db]
# name 2 = t090C: Temperature [ITS-90, deg C]
# name 3 = t190C: Temperature, 2 [ITS-90, deg C]
# name 4 = T2-T190C: Temperature Difference, 2 - 1 [ITS-90, deg C]
# name 5 = c0S/m: Conductivity [S/m]
# name 6 = c1S/m: Conductivity, 2 [S/m]
# name 7 = pumps: Pump Status
# name 8 = sbeox0ML/L: Oxygen, SBE 43 [ml/l]
# name 9 = sbeox1ML/L: Oxygen, SBE 43, 2 [ml/l]
# name 10 = altM: Altimeter [m]
# name 11 = flECO-AFL: Chl-a Fluorescence, WET Labs ECO-AFL/FL [mg/m^3]
# name 12 = flECO-AFL1: Phycocyanin Fluorescence, WET Labs ECO-AFL/FL, 2 [mg/m^3]
# name 13 = par: PAR/Irradiance, Biospherical/Lico [µE/(cm^2*s)]
# name 14 = turbWETntu0: Turbidity, WET Labs ECO [NTU]
# name 15 = sal00: Salinity, Practical [PSU]
# name 16 = sal11: Salinity, Practical, 2 [PSU]
# name 17 = secS-priS: Salinity, Practical, Difference, 2 - 1 [PSU]
# name 18 = sigma-t00: Density [sigma-t, Kg/m^3 ]
# name 19 = sigma-t11: Density, 2 [sigma-t, Kg/m^3 ]
# name 20 = depSM: Depth [salt water, m], lat = 55.2502
# name 21 = depFM: Depth [true depth, m], lat = 55.2502
# name 22 = dz/dtM: Descent Rate [m/s], WS = 2
# name 23 = svCM: Sound Velocity [Chen-Millero, m/s]
# name 24 = svCM1: Sound Velocity, 2 [Chen-Millero, m/s]
# name 25 = flag: flag
# span 0 =      12839,      18815       
# span 1 =      1.000,     85.000       
# span 2 =     4.3534,     9.6523       
# span 3 =     4.3612,     9.6531       
# span 4 =    -0.0182,     0.0131       
# span 5 =   0.785935,   1.847942       
# span 6 =   0.786123,   1.847930       
# span 7 =          1,          1       
# span 8 =   -0.00650,    8.13524       
# span 9 =    0.05943,    8.10472       
# span 10 =       3.64,      98.93      
# span 11 =     0.2110,     0.7650      
# span 12 =     0.2245,     0.3994      
# span 13 = 1.0000e-12, 1.0000e-12      
# span 14 =     0.1246,     0.4050      
# span 15 =     7.3803,    17.2508      
# span 16 =     7.3796,    17.2504      
# span 17 =    -0.0093,     0.0071      
# span 18 =     5.8564,    13.4875      
# span 19 =     5.8560,    13.4871      
# span 20 =      0.991,     84.215      
# span 21 =      1.013,     85.856      
# span 22 =      0.165,      0.385      
# span 23 =    1432.82,    1463.62      
# span 24 =    1432.86,    1463.62      
# span 25 = 0.0000e+00, 0.0000e+00      
# interval = decibars: 0.5              
# start_time = Jan 27 2018 00:02:37 [NMEA time, first data scan]
# bad_flag = -9.990e-29
*END*
[from data line 56]
      14987     29.000     4.4883     4.4889     0.0005    0.79590    0.79582          1     7.8743     7.8620      98.58     0.6144     0.3429  1.000e-12  0.1498000     7.4465     7.4456    -0.0009     5.9058     5.9051     28.736     29.365      0.344    1433.95    1433.95  0.000e+00
      15022     29.500     4.4879     4.4885     0.0006    0.79652    0.79649          1     7.8465     7.8409      98.60     0.6197     0.3347  1.000e-12  0.1631000     7.4528     7.4523    -0.0004     5.9108     5.9104     29.231     29.872      0.344    1433.97    1433.97  0.000e+00
      15056     30.000     4.4970     4.4987     0.0016    0.79868    0.79880          1     7.8778     7.8637      98.61     0.6278     0.3375  1.000e-12  0.1516000     7.4724     7.4732     0.0008     5.9261     5.9266     29.727     30.378      0.368    1434.04    1434.05  0.000e+00
      15088     30.500     4.5346     4.5363     0.0017    0.80321    0.80322          1     7.9163     7.8999      80.22     0.5820     0.3123  1.000e-12  0.1503000     7.5093     7.5090    -0.0003     5.9541     5.9538     30.222     30.884      0.366    1434.26    1434.27  0.000e+00
      15122     31.000     4.5605     4.5612     0.0006    0.80493    0.80489          1     7.9403     7.9103      98.47     0.6055     0.3371  1.000e-12  0.1513000     7.5205     7.5200    -0.0005     5.9622     5.9617     30.718     31.390      0.349    1434.40    1434.40  0.000e+00
      15156     31.500     4.5543     4.5548     0.0005    0.80492    0.80489          1     7.9236     7.8995      79.07     0.5954     0.3346  1.000e-12  0.1473000     7.5218     7.5214    -0.0004     5.9634     5.9631     31.213     31.897      0.348    1434.38    1434.38  0.000e+00
      15190     32.000     4.5550     4.5559     0.0009    0.80513    0.80511          1     7.9332     7.9141      57.91     0.6101     0.3609  1.000e-12  0.1546000     7.5237     7.5233    -0.0004     5.9648     5.9645     31.708     32.403      0.363    1434.39    1434.40  0.000e+00
      15222     32.500     4.5693     4.5703     0.0010    0.80584    0.80582          1     7.9511     7.9160      75.13     0.5950     0.3962  1.000e-12  0.1548000     7.5275     7.5271    -0.0004     5.9674     5.9670     32.204     32.909      0.383    1434.47    1434.48  0.000e+00
      15253     33.000     4.5863     4.5867     0.0005    0.80664    0.80662          1     7.9712     7.9188      57.26     0.6166     0.3536  1.000e-12  0.1486000     7.5317     7.5313    -0.0004     5.9701     5.9698     32.699     33.415      0.384    1434.56    1434.56  0.000e+00
      15285     33.500     4.5929     4.5935     0.0006    0.80710    0.80707          1     7.9714     7.9255      60.69     0.5958     0.3683  1.000e-12  0.1520000     7.5346     7.5342    -0.0004     5.9722     5.9719     33.195     33.922      0.366    1434.60    1434.60  0.000e+00
      15319     34.000     4.5936     4.5942     0.0006    0.80745    0.80744          1     7.9295     7.8886      98.93     0.6022     0.3536  1.000e-12  0.1510000     7.5379     7.5377    -0.0002     5.9749     5.9747     33.690     34.428      0.357    1434.62    1434.62  0.000e+00
      15352     34.500     4.5904     4.5912     0.0008    0.80829    0.80832          1     7.8092     7.8046      98.66     0.5951     0.3503  1.000e-12  0.1620000     7.5470     7.5471     0.0002     5.9821     5.9822     34.185     34.934      0.362    1434.62    1434.63  0.000e+00
      15385     35.000     4.6033     4.6039     0.0006    0.81028    0.81028          1     7.6551     7.6734      70.81     0.6056     0.3216  1.000e-12  0.1759000     7.5640     7.5638    -0.0001     5.9952     5.9950     34.681     35.440      0.382    1434.71    1434.71  0.000e+00
      15416     35.500     4.6368     4.6380     0.0012    0.81360    0.81367          1     7.4831     7.5323      98.33     0.5902     0.3444  1.000e-12  0.1753000     7.5895     7.5900     0.0004     6.0143     6.0146     35.176     35.947      0.379    1434.90    1434.90  0.000e+00
      15448     36.000     4.7155     4.7173     0.0018    0.82231    0.82269          1     7.1226     7.2515      73.12     0.5985     0.3466  1.000e-12  0.1661000     7.6585     7.6620     0.0034     6.0662     6.0688     35.672     36.453      0.360    1435.34    1435.35  0.000e+00
      15482     36.500     4.8145     4.8184     0.0039    0.83383    0.83418          1     6.3633     6.6260      85.97     0.5293     0.3262  1.000e-12  0.1696000     7.7506     7.7533     0.0026     6.1355     6.1374     36.167     36.959      0.352    1435.91    1435.93  0.000e+00
      15516     37.000     4.9409     4.9410     0.0001    0.85066    0.85113          1     5.5423     5.8881      40.63     0.4686     0.2750  1.000e-12  0.1663000     7.8889     7.8936     0.0047     6.2400     6.2437     36.662     37.465      0.365    1436.65    1436.65  0.000e+00
      15548     37.500     4.9731     4.9733     0.0002    0.86303    0.86310          1     5.0558     5.4059      65.35     0.4197     0.3119  1.000e-12  0.1507000     8.0045     8.0052     0.0006     6.3302     6.3307     37.158     37.971      0.375    1436.94    1436.94  0.000e+00
      15580     38.000     5.0139     5.0166     0.0027    0.86980    0.87058          1     4.7724     5.1044      70.87     0.3882     0.3280  1.000e-12  0.1485000     8.0621     8.0692     0.0071     6.3741     6.3796     37.653     38.477      0.373    1437.20    1437.22  0.000e+00
      15612     38.500     5.1127     5.1151     0.0023    0.89073    0.89126          1     4.2259     4.5941      51.67     0.3836     0.3133  1.000e-12  0.1482000     8.2464     8.2512     0.0047     6.5157     6.5194     38.149     38.983      0.365    1437.88    1437.89  0.000e+00
      15646     39.000     5.1621     5.1646     0.0024    0.90070    0.90122          1     3.7677     4.1390      51.10     0.3678     0.3419  1.000e-12  0.1461000     8.3335     8.3380     0.0046     6.5824     6.5858     38.644     39.489      0.362    1438.21    1438.23  0.000e+00
      15679     39.500     5.2280     5.2310     0.0030    0.91619    0.91663          1     3.3013     3.6858      69.17     0.3483     0.3098  1.000e-12  0.1575000     8.4710     8.4746     0.0036     6.6881     6.6908     39.139     39.995      0.364    1438.68    1438.70  0.000e+00
      15712     40.000     5.3225     5.3225     0.0000    0.93468    0.93478          1     2.7359     3.1246      50.13     0.3366     0.2691  1.000e-12  0.1581000     8.6307     8.6316     0.0009     6.8099     6.8106     39.635     40.501      0.358    1439.31    1439.31  0.000e+00
      15746     40.500     5.3132     5.3119    -0.0013    0.93892    0.93882          1     2.5568     2.8683      49.41     0.3350     0.2665  1.000e-12  0.1703000     8.6752     8.6746    -0.0006     6.8455     6.8451     40.130     41.007      0.354    1439.33    1439.32  0.000e+00
      15779     41.000     5.2988     5.2979    -0.0010    0.94102    0.94130          1     2.5229     2.7715      48.89     0.3267     0.2484  1.000e-12  0.1589000     8.6998     8.7028     0.0031     6.8656     6.8681     40.626     41.513      0.356    1439.31    1439.31  0.000e+00
      15813     41.500     5.2915     5.2926     0.0011    0.95764    0.95816          1     2.0995     2.3819      59.04     0.3301     0.2850  1.000e-12  0.1484000     8.8672     8.8721     0.0049     6.9982     7.0020     41.121     42.018      0.366    1439.49    1439.51  0.000e+00
      15845     42.000     5.3875     5.3865    -0.0010    0.98752    0.98792          1     1.4687     1.8062      60.24     0.3213     0.3185  1.000e-12  0.1246000     9.1394     9.1436     0.0042     7.2085     7.2119     41.616     42.524      0.361    1440.26    1440.27  0.000e+00
      15879     42.500     5.3931     5.3922    -0.0009    1.00376    1.00360          1     1.0449     1.3835      98.53     0.2884     0.3247  1.000e-12  0.1488000     9.2998     9.2985    -0.0013     7.3349     7.3339     42.112     43.030      0.350    1440.50    1440.49  0.000e+00
      15914     43.000     5.3832     5.3832     0.0000    1.00744    1.00736          1     0.9091     1.1943      73.84     0.2861     0.3048  1.000e-12  0.1675000     9.3393     9.3384    -0.0008     7.3666     7.3659     42.607     43.535      0.349    1440.52    1440.51  0.000e+00
      15948     43.500     5.3816     5.3818     0.0002    1.01116    1.01112          1     0.9301     1.1409      46.47     0.2959     0.2992  1.000e-12  0.1673000     9.3768     9.3763    -0.0005     7.3963     7.3959     43.102     44.041      0.351    1440.56    1440.56  0.000e+00
      15982     44.000     5.3812     5.3814     0.0003    1.01585    1.01578          1     0.9116     1.0813      75.15     0.3080     0.3114  1.000e-12  0.1754000     9.4237     9.4229    -0.0008     7.4334     7.4327     43.598     44.546      0.358    1440.63    1440.63  0.000e+00
      16015     44.500     5.3869     5.3873     0.0004    1.01948    1.01949          1     0.8461     0.9936      98.90     0.2957     0.2912  1.000e-12  0.1592000     9.4584     9.4584    -0.0000     7.4604     7.4604     44.093     45.052      0.361    1440.71    1440.71  0.000e+00
      16048     45.000     5.3918     5.3922     0.0004    1.02358    1.02360          1     0.7995     0.9235      36.37     0.2969     0.2728  1.000e-12  0.1781000     9.4979     9.4980     0.0001     7.4914     7.4914     44.589     45.557      0.362    1440.78    1440.79  0.000e+00
      16082     45.500     5.3988     5.3996     0.0008    1.02766    1.02768          1     0.7856     0.8904      16.21     0.3046     0.2568  1.000e-12  0.1929000     9.5367     9.5366    -0.0000     7.5216     7.5216     45.084     46.063      0.355    1440.87    1440.88  0.000e+00
      16116     46.000     5.4215     5.4221     0.0006    1.03374    1.03369          1     0.7619     0.8589      34.49     0.2895     0.3332  1.000e-12  0.1727000     9.5910     9.5903    -0.0007     7.5633     7.5627     45.579     46.568      0.342    1441.05    1441.05  0.000e+00
      16151     46.500     5.5491     5.5500     0.0010    1.04423    1.04436          1     0.7852     0.8682       5.56     0.2812     0.2822  1.000e-12  0.1557000     9.6591     9.6600     0.0010     7.6103     7.6110     46.075     47.074      0.346    1441.69    1441.70  0.000e+00
      16186     47.000     5.5755     5.5729    -0.0027    1.05504    1.05491          1     0.6652     0.7476       5.18     0.3031     0.3092  1.000e-12  0.1466000     9.7592     9.7588    -0.0005     7.6879     7.6877     46.570     47.579      0.351    1441.94    1441.93  0.000e+00
      16219     47.500     5.5724     5.5773     0.0049    1.06523    1.06546          1     0.4162     0.5362      86.26     0.3170     0.3024  1.000e-12  0.1657000     9.8618     9.8626     0.0008     7.7689     7.7693     47.065     48.084      0.368    1442.06    1442.09  0.000e+00
      16252     48.000     5.8739     5.8706    -0.0032    1.08916    1.08902          1     0.7910     0.8258      41.98     0.3062     0.3062  1.000e-12  0.1725000    10.0108    10.0104    -0.0004     7.8690     7.8689     47.561     48.590      0.363    1443.55    1443.54  0.000e+00
      16286     48.500     6.6291     6.6422     0.0131    1.14454    1.14500          1     1.6677     1.5594      60.90     0.3130     0.3159  1.000e-12  0.1753000    10.3291    10.3296     0.0006     8.0699     8.0694     48.056     49.095      0.336    1447.16    1447.21  0.000e+00
      16323     49.000     7.1142     7.1213     0.0070    1.19162    1.19104          1     2.2964     2.1166      40.47     0.2828     0.2754  1.000e-12  0.1780000    10.6387    10.6309    -0.0078     8.2773     8.2706     48.551     49.600      0.324    1449.58    1449.60  0.000e+00
      16359     49.500     7.3504     7.3532     0.0028    1.21766    1.21741          1     2.5291     2.3480      40.06     0.2723     0.2594  1.000e-12  0.1872000    10.8160    10.8127    -0.0033     8.3973     8.3945     49.047     50.105      0.358    1450.78    1450.79  0.000e+00
      16391     50.000     7.6580     7.6592     0.0012    1.24459    1.24427          1     2.6135     2.4721      39.64     0.2806     0.2980  1.000e-12  0.1847000    10.9774    10.9739    -0.0034     8.4978     8.4950     49.542     50.610      0.371    1452.25    1452.25  0.000e+00
      16424     50.500     7.8421     7.8428     0.0007    1.26504    1.26477          1     2.5224     2.4451      39.08     0.2808     0.2971  1.000e-12  0.1671000    11.1139    11.1110    -0.0028     8.5885     8.5863     50.038     51.115      0.352    1453.17    1453.17  0.000e+00
      16459     51.000     7.9325     7.9332     0.0007    1.27930    1.27900          1     2.3856     2.3629      58.84     0.2581     0.3073  1.000e-12  0.1674000    11.2203    11.2173    -0.0031     8.6637     8.6612     50.533     51.620      0.336    1453.68    1453.68  0.000e+00
      16495     51.500     8.0292     8.0272    -0.0021    1.29706    1.29640          1     2.3428     2.3512      37.69     0.2662     0.2713  1.000e-12  0.1739000    11.3575    11.3519    -0.0056     8.7621     8.7579     51.028     52.125      0.345    1454.25    1454.23  0.000e+00
      16528     52.000     8.2430     8.2364    -0.0067    1.32904    1.32845          1     2.5981     2.5795      61.19     0.2607     0.3001  1.000e-12  0.1764000    11.5900    11.5867    -0.0034     8.9237     8.9217     51.524     52.630      0.366    1455.41    1455.37  0.000e+00
      16561     52.500     8.5068     8.4982    -0.0085    1.36512    1.36413          1     2.8566     2.7967      37.10     0.2571     0.2701  1.000e-12  0.1676000    11.8424    11.8360    -0.0065     9.0951     9.0909     52.019     53.134      0.355    1456.78    1456.74  0.000e+00
      16597     53.000     8.5135     8.5160     0.0024    1.38434    1.38344          1     2.7394     2.7239      36.67     0.2447     0.2652  1.000e-12  0.1588000    12.0209    12.0116    -0.0093     9.2337     9.2262     52.514     53.639      0.333    1457.03    1457.03  0.000e+00
      16633     53.500     8.8316     8.8134    -0.0182    1.42401    1.42280          1     3.1603     3.1124      35.98     0.2681     0.3090  1.000e-12  0.1832000    12.2837    12.2787    -0.0051     9.4060     9.4039     53.010     54.144      0.340    1458.63    1458.55  0.000e+00
      16667     54.000     9.2674     9.2545    -0.0129    1.46563    1.46444          1     3.2790     3.2152      35.56     0.2215     0.2918  1.000e-12  0.1548000    12.5197    12.5132    -0.0065     9.5428     9.5391     53.505     54.648      0.362    1460.64    1460.58  0.000e+00
      16699     54.500     9.4990     9.4938    -0.0052    1.49470    1.49425          1     3.2459     3.1946      35.07     0.2317     0.2582  1.000e-12  0.1495000    12.7072    12.7048    -0.0023     9.6627     9.6615     54.000     55.153      0.364    1461.77    1461.75  0.000e+00
      16733     55.000     9.5513     9.5492    -0.0022    1.51058    1.50994          1     3.2058     3.1772      34.49     0.2281     0.3037  1.000e-12  0.1536000    12.8349    12.8298    -0.0051     9.7561     9.7523     54.496     55.657      0.341    1462.14    1462.13  0.000e+00
      16770     55.500     9.6075     9.6049    -0.0025    1.52896    1.52834          1     3.1178     3.1101      34.02     0.2185     0.2827  1.000e-12  0.1478000    12.9842    12.9794    -0.0048     9.8657     9.8622     54.991     56.161      0.330    1462.55    1462.53  0.000e+00
      16805     56.000     9.6060     9.6071     0.0011    1.53854    1.53832          1     3.0736     3.0738      33.40     0.2237     0.2900  1.000e-12  0.1473000    13.0729    13.0706    -0.0024     9.9349     9.9329     55.486     56.666      0.347    1462.66    1462.66  0.000e+00
