ctdpy/exports/archive_20191121_122431/received_data/SBE09_0827_20180126_0445_26_01_0210.cnv
* Sea-Bird SBE 9 Data File:
* FileName = D:\CTD_SBE911\DAT\26DA.2018.1.110.hex
* Software Version Seasave V 7.21d
* Temperature SN = 034757
* Conductivity SN = 041844
* Number of Bytes Per Scan = 48
* Number of Voltage Words = 5
* Number of Scans Averaged by the Deck Unit = 1
* NMEA Latitude = 56 40.14 N
* NMEA Longitude = 012 06.57 E
* NMEA UTC (Time) = Jan 26 2018  04:45:52
* NMEA baud rate = 4800
** Ship: DANA
** Average sound velocity: 1468.50 m/s
** True-depth calculation Thu, 28 Mar 2019 08:30:07 +0000
** CTD Python Module SMHI /ver 3-12/ feb 2012 
** LIMS Job: 20182601-0210
**  Anholt E
** Operator:  A-KTh
** Cruise: 01/2018
# nquan = 26
# nvalues = 117                         
# units = specified
# name 0 = scan: Scan Count
# name 1 = prDM: Pressure, Digiquartz [db]
# name 2 = t090C: Temperature [ITS-90, deg C]
# name 3 = t190C: Temperature, 2 [ITS-90, deg C]
# name 4 = T2-T190C: Temperature Difference, 2 - 1 [ITS-90, deg C]
# name 5 = c0S/m: Conductivity [S/m]
# name 6 = c1S/m: Conductivity, 2 [S/m]
# name 7 = pumps: Pump Status
# name 8 = sbeox1ML/L: Oxygen, SBE 43, 2 [ml/l]
# name 9 = sbeox0ML/L: Oxygen, SBE 43 [ml/l]
# name 10 = altM: Altimeter [m]
# name 11 = chloroflTC0: Chlorophyll, Turner Cyclops [ug/l]
# name 12 = cpar: CPAR/Corrected Irradiance [%]
# name 13 = par: PAR/Irradiance, Biospherical/Lico [µE/(cm^2*s)]
# name 14 = spar: SPAR, Biospherical/Licor
# name 15 = sal00: Salinity, Practical [PSU]
# name 16 = sal11: Salinity, Practical, 2 [PSU]
# name 17 = secS-priS: Salinity, Practical, Difference, 2 - 1 [PSU]
# name 18 = sigma-t00: Density [sigma-t, kg/m^3 ]
# name 19 = sigma-t11: Density, 2 [sigma-t, kg/m^3 ]
# name 20 = depSM: Depth [salt water, m], lat = 56.669
# name 21 = depFM: Depth [true depth, m], lat = 56.669
# name 22 = dz/dtM: Descent Rate [m/s], WS = 2
# name 23 = svCM: Sound Velocity [Chen-Millero, m/s]
# name 24 = svCM1: Sound Velocity, 2 [Chen-Millero, m/s]
# name 25 = flag: flag
# span 0 =        193,       6956       
# span 1 =      2.000,     60.000       
# span 2 =     3.7254,     7.4168       
# span 3 =     3.7196,     7.4156       
# span 4 =    -0.3592,     0.0580       
# span 5 =   1.740172,   3.425170       
# span 6 =   1.740911,   3.424865       
# span 7 =          1,          1       
# span 8 =     5.5352,     7.5001       
# span 9 =     5.7411,     7.5799       
# span 10 =       1.94,       9.95      
# span 11 =     0.0159,     0.0789      
# span 12 = -4.444e+01, 4.1827e+03      
# span 13 = 1.0000e-12, 1.0000e-12      
# span 14 = 1.9459e+00, 2.0317e+00      
# span 15 =    17.7532,    33.4298      
# span 16 =    17.7608,    33.4277      
# span 17 =    -2.2276,     0.0361      
# span 18 =    14.1099,    26.1244      
# span 19 =    14.1160,    26.1229      
# span 20 =      1.982,     59.442      
# span 21 =      2.009,     59.771      
# span 22 =     -0.226,      0.416      
# span 23 =    1443.42,    1479.28      
# span 24 =    1443.43,    1479.27      
# span 25 = 0.0000e+00, 0.0000e+00      
# interval = decibars: 0.5              
# start_time = Jan 26 2018 04:45:52 [NMEA time, first data scan]
# bad_flag = -9.990e-29
*END*
[from data line 56]
       2523     30.000     6.9818     6.9534    -0.0284    3.26770    3.25633          1     5.7583     5.9006       9.95     0.0294  4.924e-11  1.000e-12  2.031e+00    32.1435    32.0461    -0.0974    25.1717    25.0987     29.723     29.989      0.284    1475.50    1475.27  0.000e+00
       2564     30.500     7.0262     6.9886    -0.0376    3.28284    3.26756          1     5.7536     5.8684       9.95     0.0295  4.924e-11  1.000e-12  2.031e+00    32.2667    32.1354    -0.1313    25.2627    25.1643     30.219     30.486      0.282    1475.84    1475.53  0.000e+00
       2607     31.000     7.0666     7.0284    -0.0383    3.29475    3.28124          1     5.7922     5.8425       9.95     0.0293  4.924e-11  1.000e-12  2.031e+00    32.3583    32.2471    -0.1112    25.3294    25.2470     30.714     30.982      0.300    1476.12    1475.83  0.000e+00
       2646     31.500     7.1336     7.0803    -0.0533    3.31887    3.29650          1     5.7688     5.8342       9.95     0.0301  4.924e-11  1.000e-12  2.031e+00    32.5575    32.3643    -0.1932    25.4772    25.3323     31.209     31.479      0.283    1476.64    1476.19  0.000e+00
       2690     32.000     7.1594     7.1242    -0.0353    3.32973    3.31428          1     5.6994     5.8337       9.95     0.0316  4.924e-11  1.000e-12  2.031e+00    32.6511    32.5162    -0.1349    25.5474    25.4460     31.705     31.976      0.297    1476.86    1476.56  0.000e+00
       2728     32.500     7.1883     7.1579    -0.0304    3.34128    3.32648          1     5.6583     5.8214       9.95     0.0314  4.924e-11  1.000e-12  2.031e+00    32.7490    32.6169    -0.1322    25.6205    25.5206     32.200     32.472      0.301    1477.11    1476.82  0.000e+00
       2772     33.000     7.2243     7.1936    -0.0306    3.35347    3.34003          1     5.6876     5.8043       9.95     0.0352  4.924e-11  1.000e-12  2.031e+00    32.8470    32.7302    -0.1168    25.6927    25.6050     32.695     32.969      0.264    1477.38    1477.11  0.000e+00
       2817     33.500     7.2685     7.2538    -0.0148    3.36836    3.35909          1     5.6876     5.7703       9.95     0.0363  4.924e-11  1.000e-12  2.031e+00    32.9665    32.8798    -0.0867    25.7806    25.7144     33.191     33.465      0.262    1477.70    1477.54  0.000e+00
       2863     34.000     7.3051     7.2959    -0.0093    3.38248    3.37498          1     5.6688     5.7644       9.95     0.0368  4.924e-11  1.000e-12  2.031e+00    33.0846    33.0120    -0.0726    25.8685    25.8126     33.686     33.962      0.274    1478.00    1477.87  0.000e+00
       2904     34.500     7.3282     7.3193    -0.0089    3.39134    3.38617          1     5.6511     5.7605       9.95     0.0364  4.924e-11  1.000e-12  2.031e+00    33.1584    33.1108    -0.0476    25.9233    25.8871     34.181     34.458      0.299    1478.19    1478.10  0.000e+00
       2944     35.000     7.3352     7.3343    -0.0009    3.39397    3.39218          1     5.6260     5.7641       9.95     0.0398  4.924e-11  1.000e-12  2.031e+00    33.1800    33.1615    -0.0185    25.9393    25.9249     34.677     34.954      0.296    1478.25    1478.23  0.000e+00
       2984     35.500     7.3420     7.3392    -0.0028    3.39666    3.39487          1     5.5761     5.7737       9.95     0.0408  4.924e-11  1.000e-12  2.031e+00    33.2025    33.1858    -0.0167    25.9561    25.9433     35.172     35.451      0.302    1478.31    1478.28  0.000e+00
       3026     36.000     7.3480     7.3464    -0.0015    3.39894    3.39730          1     5.5754     5.7710       9.95     0.0420  4.924e-11  1.000e-12  2.031e+00    33.2212    33.2049    -0.0163    25.9700    25.9574     35.667     35.947      0.273    1478.37    1478.34  0.000e+00
       3068     36.500     7.3508     7.3487    -0.0021    3.40013    3.39856          1     5.5797     5.7698       9.95     0.0443  4.924e-11  1.000e-12  2.031e+00    33.2312    33.2162    -0.0150    25.9775    25.9659     36.163     36.444      0.295    1478.40    1478.37  0.000e+00
       3112     37.000     7.3580     7.3553    -0.0027    3.40272    3.40090          1     5.5475     5.7521       9.95     0.0459  4.924e-11  1.000e-12  2.031e+00    33.2522    33.2350    -0.0172    25.9930    25.9798     36.658     36.940      0.256    1478.46    1478.43  0.000e+00
       3158     37.500     7.3609     7.3594    -0.0015    3.40393    3.40257          1     5.5438     5.7618       9.95     0.0479  4.924e-11  1.000e-12  2.031e+00    33.2622    33.2490    -0.0132    26.0004    25.9902     37.153     37.436      0.276    1478.49    1478.47  0.000e+00
       3200     38.000     7.3669     7.3641    -0.0028    3.40612    3.40452          1     5.5352     5.7595       9.95     0.0498  4.924e-11  1.000e-12  2.031e+00    33.2801    33.2654    -0.0147    26.0137    26.0025     37.649     37.933      0.295    1478.55    1478.52  0.000e+00
       3240     38.500     7.3701     7.3665    -0.0036    3.40732    3.40574          1     5.5603     5.7580       9.95     0.0510  4.924e-11  1.000e-12  2.031e+00    33.2898    33.2761    -0.0137    26.0208    26.0106     38.144     38.429      0.312    1478.58    1478.55  0.000e+00
       3279     39.000     7.3719     7.3692    -0.0027    3.40801    3.40702          1     5.5700     5.7534       9.95     0.0485  4.924e-11  1.000e-12  2.031e+00    33.2953    33.2872    -0.0081    26.0249    26.0189     38.639     38.925      0.290    1478.60    1478.58  0.000e+00
       3322     39.500     7.3762     7.3728    -0.0034    3.40963    3.40813          1     5.5866     5.7556       9.95     0.0513  4.924e-11  1.000e-12  2.031e+00    33.3084    33.2955    -0.0130    26.0347    26.0249     39.135     39.422      0.284    1478.64    1478.62  0.000e+00
       3363     40.000     7.3817     7.3792    -0.0024    3.41191    3.41056          1     5.6162     5.7556       9.95     0.0526  4.924e-11  1.000e-12  2.031e+00    33.3277    33.3154    -0.0123    26.0490    26.0397     39.630     39.918      0.270    1478.70    1478.67  0.000e+00
       3410     40.500     7.3890     7.3845    -0.0045    3.41430    3.41278          1     5.6519     5.7439       9.95     0.0536  4.924e-11  1.000e-12  2.031e+00    33.3462    33.3341    -0.0121    26.0626    26.0537     40.125     40.414      0.268    1478.76    1478.72  0.000e+00
       3452     41.000     7.3892     7.3857    -0.0035    3.41448    3.41344          1     5.6512     5.7468       9.95     0.0531  4.924e-11  1.000e-12  2.031e+00    33.3478    33.3399    -0.0079    26.0638    26.0581     40.621     40.911      0.292    1478.77    1478.74  0.000e+00
       3494     41.500     7.3885     7.3857    -0.0028    3.41425    3.41346          1     5.6417     5.7566       9.95     0.0542  4.924e-11  1.000e-12  2.031e+00    33.3458    33.3398    -0.0059    26.0623    26.0580     41.116     41.407      0.279    1478.77    1478.75  0.000e+00
       3537     42.000     7.3902     7.3867    -0.0035    3.41492    3.41375          1     5.6473     5.7534       9.95     0.0560  4.925e-11  1.000e-12  2.031e+00    33.3511    33.3418    -0.0093    26.0662    26.0594     41.611     41.903      0.274    1478.79    1478.77  0.000e+00
       3581     42.500     7.3895     7.3874    -0.0022    3.41469    3.41405          1     5.6272     5.7567       9.95     0.0577  2.414e+03  1.000e-12  1.982e+00    33.3490    33.3441    -0.0049    26.0647    26.0612     42.107     42.400      0.289    1478.80    1478.78  0.000e+00
       3620     43.000     7.3896     7.3875    -0.0021    3.41482    3.41411          1     5.6075     5.7567       9.95     0.0560  3.340e+01  1.000e-12  2.030e+00    33.3501    33.3445    -0.0057    26.0656    26.0614     42.602     42.896      0.312    1478.80    1478.79  0.000e+00
       3660     43.500     7.3924     7.3912    -0.0012    3.41584    3.41520          1     5.5919     5.7511       9.95     0.0570  4.939e-11  1.000e-12  2.031e+00    33.3582    33.3525    -0.0057    26.0715    26.0672     43.097     43.392      0.284    1478.83    1478.82  0.000e+00
       3703     44.000     7.3983     7.3945    -0.0038    3.41794    3.41647          1     5.6036     5.7411       9.95     0.0563  4.924e-11  1.000e-12  2.031e+00    33.3751    33.3628    -0.0123    26.0840    26.0748     43.592     43.889      0.276    1478.89    1478.85  0.000e+00
       3749     44.500     7.3995     7.3969    -0.0027    3.41835    3.41746          1     5.6404     5.7580       9.95     0.0578  4.924e-11  1.000e-12  2.031e+00    33.3781    33.3711    -0.0070    26.0862    26.0810     44.088     44.385      0.257    1478.90    1478.88  0.000e+00
       3794     45.000     7.4028     7.3988    -0.0040    3.41947    3.41811          1     5.6346     5.7540       9.95     0.0572  4.924e-11  1.000e-12  2.031e+00    33.3870    33.3760    -0.0110    26.0927    26.0846     44.583     44.881      0.277    1478.93    1478.90  0.000e+00
       3837     45.500     7.4041     7.4004    -0.0038    3.42002    3.41885          1     5.6255     5.7588       9.95     0.0579  4.924e-11  1.000e-12  2.031e+00    33.3913    33.3822    -0.0091    26.0959    26.0893     45.078     45.378      0.289    1478.95    1478.93  0.000e+00
       3876     46.000     7.4095     7.4030    -0.0064    3.42200    3.41963          1     5.6016     5.7515       9.95     0.0578  4.924e-11  1.000e-12  2.031e+00    33.4074    33.3879    -0.0195    26.1078    26.0934     45.574     45.874      0.310    1479.00    1478.95  0.000e+00
       3916     46.500     7.4103     7.4073    -0.0031    3.42236    3.42124          1     5.5851     5.7532       9.95     0.0607  4.924e-11  1.000e-12  2.031e+00    33.4102    33.4011    -0.0091    26.1099    26.1032     46.069     46.370      0.285    1479.02    1478.99  0.000e+00
       3959     47.000     7.4108     7.4083    -0.0025    3.42251    3.42172          1     5.6216     5.7546       9.95     0.0604  4.924e-11  1.000e-12  2.031e+00    33.4112    33.4050    -0.0061    26.1106    26.1062     46.564     46.867      0.272    1479.03    1479.01  0.000e+00
       4004     47.500     7.4111     7.4090    -0.0021    3.42271    3.42207          1     5.6409     5.7540       9.95     0.0573  4.924e-11  1.000e-12  2.031e+00    33.4128    33.4079    -0.0049    26.1119    26.1083     47.060     47.363      0.277    1479.04    1479.03  0.000e+00
       4046     48.000     7.4127     7.4102    -0.0025    3.42342    3.42259          1     5.5848     5.7447       9.95     0.0608  4.924e-11  1.000e-12  2.031e+00    33.4187    33.4121    -0.0066    26.1163    26.1114     47.555     47.859      0.279    1479.06    1479.04  0.000e+00
       4091     48.500     7.4128     7.4106    -0.0022    3.42341    3.42280          1     5.5732     5.7524       9.95     0.0607  4.924e-11  1.000e-12  2.031e+00    33.4182    33.4138    -0.0044    26.1159    26.1127     48.050     48.356      0.267    1479.07    1479.05  0.000e+00
       4134     49.000     7.4138     7.4115    -0.0023    3.42380    3.42308          1     5.5460     5.7548       9.95     0.0636  4.924e-11  1.000e-12  2.031e+00    33.4212    33.4157    -0.0055    26.1181    26.1141     48.546     48.852      0.282    1479.08    1479.07  0.000e+00
       4177     49.500     7.4144     7.4122    -0.0022    3.42406    3.42341          1     5.5761     5.7558       9.95     0.0579  4.924e-11  1.000e-12  2.031e+00    33.4232    33.4183    -0.0049    26.1196    26.1160     49.041     49.348      0.278    1479.10    1479.08  0.000e+00
       4219     50.000     7.4153     7.4130    -0.0023    3.42442    3.42373          1     5.6126     5.7573       9.95     0.0572  4.924e-11  1.000e-12  2.031e+00    33.4262    33.4208    -0.0054    26.1218    26.1179     49.536     49.844      0.291    1479.11    1479.10  0.000e+00
       4260     50.500     7.4155     7.4141    -0.0014    3.42455    3.42410          1     5.6101     5.7420       9.95     0.0617  4.924e-11  1.000e-12  2.031e+00    33.4271    33.4235    -0.0036    26.1225    26.1199     50.031     50.341      0.301    1479.12    1479.11  0.000e+00
       4299     51.000     7.4158     7.4145    -0.0013    3.42462    3.42427          1     5.6377     5.7412       9.95     0.0607  4.183e+03  1.000e-12  1.946e+00    33.4273    33.4247    -0.0026    26.1226    26.1208     50.527     50.837      0.306    1479.13    1479.12  0.000e+00
       4343     51.500     7.4158     7.4149    -0.0009    3.42469    3.42446          1     5.6201     5.7588       9.95     0.0631  7.341e+02  1.000e-12  2.016e+00    33.4278    33.4262    -0.0016    26.1230    26.1218     51.022     51.333      0.239    1479.14    1479.14  0.000e+00
       4393     52.000     7.4162     7.4147    -0.0015    3.42485    3.42449          1     5.6485     5.7559       9.34     0.0649 -2.186e+01  1.000e-12  2.031e+00    33.4289    33.4264    -0.0025    26.1238    26.1221     51.517     51.830      0.264    1479.15    1479.14  0.000e+00
       4437     52.500     7.4164     7.4151    -0.0012    3.42493    3.42461          1     5.6468     5.7615       9.32     0.0681  4.924e-11  1.000e-12  2.031e+00    33.4294    33.4271    -0.0023    26.1241    26.1225     52.013     52.326      0.272    1479.16    1479.15  0.000e+00
       4480     53.000     7.4163     7.4150    -0.0013    3.42494    3.42464          1     5.5986     5.7667       8.85     0.0639  4.924e-11  1.000e-12  2.031e+00    33.4293    33.4274    -0.0019    26.1241    26.1228     52.508     52.822      0.295    1479.17    1479.16  0.000e+00
       4519     53.500     7.4166     7.4154    -0.0012    3.42500    3.42470          1     5.6028     5.7556       8.36     0.0650  4.924e-11  1.000e-12  2.031e+00    33.4295    33.4274    -0.0021    26.1242    26.1227     53.003     53.319      0.305    1479.18    1479.17  0.000e+00
       4560     54.000     7.4168     7.4156    -0.0012    3.42507    3.42476          1     5.6353     5.7534       7.86     0.0660  2.333e+03  1.000e-12  1.983e+00    33.4298    33.4277    -0.0021    26.1244    26.1229     53.499     53.815      0.285    1479.19    1479.18  0.000e+00
       4603     54.500     7.4163     7.4153    -0.0009    3.42492    3.42474          1     5.6549     5.7592       7.38     0.0662  4.010e+01  1.000e-12  2.030e+00    33.4284    33.4274    -0.0010    26.1234    26.1228     53.994     54.311      0.271    1479.19    1479.19  0.000e+00
       4649     55.000     7.4163     7.4150    -0.0013    3.42495    3.42464          1     5.6392     5.7537       6.88     0.0656 -5.053e-04  1.000e-12  2.031e+00    33.4285    33.4264    -0.0021    26.1235    26.1220     54.489     54.807      0.266    1479.20    1479.19  0.000e+00
       4691     55.500     7.4158     7.4150    -0.0008    3.42478    3.42462          1     5.6159     5.7534       6.40     0.0665  4.924e-11  1.000e-12  2.031e+00    33.4269    33.4260    -0.0010    26.1223    26.1217     54.984     55.304      0.290    1479.20    1479.20  0.000e+00
       4736     56.000     7.4159     7.4147    -0.0012    3.42487    3.42459          1     5.6427     5.7535       5.92     0.0648  4.924e-11  1.000e-12  2.031e+00    33.4275    33.4256    -0.0018    26.1227    26.1214     55.480     55.800      0.249    1479.22    1479.21  0.000e+00
       4782     56.500     7.4159     7.4146    -0.0013    3.42485    3.42462          1     5.6400     5.7511       5.42     0.0692  4.924e-11  1.000e-12  2.031e+00    33.4270    33.4258    -0.0013    26.1224    26.1216     55.975     56.296      0.288    1479.22    1479.22  0.000e+00
       4823     57.000     7.4159     7.4147    -0.0012    3.42488    3.42464          1     5.6186     5.7598       4.94     0.0654  4.924e-11  1.000e-12  2.031e+00    33.4272    33.4257    -0.0015    26.1225    26.1215     56.470     56.793      0.295    1479.23    1479.22  0.000e+00
