ctdpy/exports/archive_20191121_122431/received_data/SBE09_1044_20180531_1100_34_07_0050.cnv
* Sea-Bird SBE 9 Data File:
* FileName = C:\ctd\temp\2018\AU18D050.hex
* Software Version Seasave V 7.26.6.26
* Temperature SN = 5351
* Conductivity SN = 3941
* Number of Bytes Per Scan = 41
* Number of Voltage Words = 4
* Number of Scans Averaged by the Deck Unit = 1
* NMEA Latitude = 58 56.19 N
* NMEA Longitude = 019 09.42 E
* NMEA UTC (Time) = May 31 2018  11:00:36
* NMEA baud rate = 4800
** Station:  Huvudskär Havsboj
** Operator:  MHan
** Ship: AURA
** Average sound velocity: 1439.33 m/s
** True-depth calculation Thu, 31 May 2018 12:14:17 +0000
** CTD Python Module SMHI /ver 3-12/ feb 2012 
** LIMS Job: 20183407-0050
** Cruise: SMHI-02-2018
** Latitude [GG MM.mm N] :
** Longitude [GG MM.mm E]:
# nquan = 26
# nvalues = 178                         
# units = specified
# name 0 = scan: Scan Count
# name 1 = prDM: Pressure, Digiquartz [db]
# name 2 = t090C: Temperature [ITS-90, deg C]
# name 3 = t190C: Temperature, 2 [ITS-90, deg C]
# name 4 = T2-T190C: Temperature Difference, 2 - 1 [ITS-90, deg C]
# name 5 = c0S/m: Conductivity [S/m]
# name 6 = c1S/m: Conductivity, 2 [S/m]
# name 7 = pumps: Pump Status
# name 8 = sbeox0ML/L: Oxygen, SBE 43 [ml/l]
# name 9 = sbeox1ML/L: Oxygen, SBE 43, 2 [ml/l]
# name 10 = altM: Altimeter [m]
# name 11 = flECO-AFL: Chl-a Fluorescence, WET Labs ECO-AFL/FL [mg/m^3]
# name 12 = flECO-AFL1: Phycocyanin Fluorescence, WET Labs ECO-AFL/FL, 2 [mg/m^3]
# name 13 = par: PAR/Irradiance, Biospherical/Lico [µE/(cm^2*s)]
# name 14 = turbWETntu0: Turbidity, WET Labs ECO [NTU]
# name 15 = sal00: Salinity, Practical [PSU]
# name 16 = sal11: Salinity, Practical, 2 [PSU]
# name 17 = secS-priS: Salinity, Practical, Difference, 2 - 1 [PSU]
# name 18 = sigma-t00: Density [sigma-t, Kg/m^3 ]
# name 19 = sigma-t11: Density, 2 [sigma-t, Kg/m^3 ]
# name 20 = depSM: Depth [salt water, m], lat = 58.9365
# name 21 = depFM: Depth [true depth, m], lat = 58.9365
# name 22 = dz/dtM: Descent Rate [m/s], WS = 2
# name 23 = svCM: Sound Velocity [Chen-Millero, m/s]
# name 24 = svCM1: Sound Velocity, 2 [Chen-Millero, m/s]
# name 25 = flag: flag
# span 0 =       6976,      11938       
# span 1 =      0.500,     89.000       
# span 2 =     2.5512,    11.1566       
# span 3 =     2.5515,    11.1226       
# span 4 =    -0.0361,     0.1657       
# span 5 =   0.703924,   1.188197       
# span 6 =   0.703582,   1.188117       
# span 7 =          1,          1       
# span 8 =    0.06943,    9.16800       
# span 9 =    0.05072,    9.27312       
# span 10 =       1.35,      91.31      
# span 11 =     0.2467,     3.6759      
# span 12 =     0.1353,     0.5459      
# span 13 = 1.0000e-12, 4.4439e+03      
# span 14 =     0.1250,     1.5213      
# span 15 =     6.0567,    10.9460      
# span 16 =     6.0586,    10.9451      
# span 17 =    -0.0183,     0.0048      
# span 18 =     4.3058,     8.5975      
# span 19 =     4.3114,     8.5967      
# span 20 =      0.495,     88.149      
# span 21 =      0.507,     90.099      
# span 22 =     -0.279,      0.579      
# span 23 =    1425.05,    1459.23      
# span 24 =    1425.05,    1459.10      
# span 25 = 0.0000e+00, 0.0000e+00      
# interval = decibars: 0.5              
# start_time = May 31 2018 11:00:36 [NMEA time, first data scan]
# bad_flag = -9.990e-29
*END*
[from data line 168]
      11665     84.500     5.8832     5.8830    -0.0002    1.15524    1.15502          1     0.0791     0.0555       5.24     0.3361     0.2996  1.000e-12  0.4254000    10.6590    10.6569    -0.0021     8.3794     8.3777     83.693     85.554      0.499    1444.99    1444.99  0.000e+00
      11689     85.000     5.8977     5.8982     0.0005    1.15877    1.15860          1     0.0770     0.0548       4.67     0.3458     0.2558  1.000e-12  0.4184000    10.6895    10.6876    -0.0019     8.4025     8.4010     84.188     86.059      0.506    1445.10    1445.10  0.000e+00
      11712     85.500     5.9169     5.9176     0.0007    1.16358    1.16348          1     0.0727     0.0538       4.33     0.3479     0.2766  1.000e-12  0.4245000    10.7312    10.7300    -0.0013     8.4342     8.4332     84.684     86.564      0.510    1445.25    1445.25  0.000e+00
      11736     86.000     5.9405     5.9417     0.0012    1.16942    1.16937          1     0.0734     0.0556       3.94     0.3691     0.2666  1.000e-12  0.4198000    10.7819    10.7809    -0.0010     8.4727     8.4718     85.179     87.069      0.492    1445.42    1445.42  0.000e+00
      11761     86.500     5.9527     5.9537     0.0010    1.17292    1.17289          1     0.0737     0.0556       3.44     0.3493     0.2916  1.000e-12  0.4025000    10.8128    10.8121    -0.0006     8.4962     8.4956     85.674     87.574      0.472    1445.52    1445.52  0.000e+00
      11787     87.000     5.9774     5.9780     0.0007    1.17962    1.17934          1     0.0694     0.0551       2.93     0.3684     0.2223  1.000e-12  0.4227000    10.8715    10.8684    -0.0030     8.5409     8.5384     86.169     88.079      0.477    1445.70    1445.70  0.000e+00
      11811     87.500     6.0023     6.0033     0.0010    1.18607    1.18603          1     0.0696     0.0524       2.35     0.3607     0.2218  1.000e-12  0.4142000    10.9276    10.9269    -0.0007     8.5835     8.5829     86.664     88.584      0.511    1445.89    1445.89  0.000e+00
      11834     88.000     6.0041     6.0050     0.0009    1.18658    1.18656          1     0.0706     0.0507       1.84     0.3401     0.2218  1.000e-12  0.4044000    10.9320    10.9315    -0.0005     8.5868     8.5864     87.159     89.089      0.490    1445.91    1445.91  0.000e+00
      11861     88.500     6.0103     6.0108     0.0004    1.18820    1.18812          1     0.0709     0.0539       1.35     0.3525     0.2108  1.000e-12  0.4111000    10.9460    10.9451    -0.0009     8.5975     8.5967     87.654     89.594      0.374    1445.96    1445.96  0.000e+00
      11938     89.000     5.9955     5.9959     0.0005    1.18557    1.18539          1     0.0733     0.0578       4.08     0.3321     0.2482  1.000e-12  0.4216000    10.9245    10.9226    -0.0019     8.5815     8.5800     88.149     90.099     -0.279    1445.88    1445.88  0.000e+00
