ctdpy/exports/archive_20191121_122431/received_data/SBE09_1044_20180129_0445_34_02_0029.cnv
* Sea-Bird SBE 9 Data File:
* FileName = C:\ctd\temp\2018\ME18D029.hex
* Software Version Seasave V 7.26.6.26
* Temperature SN = 5351
* Conductivity SN = 3941
* Number of Bytes Per Scan = 41
* Number of Voltage Words = 4
* Number of Scans Averaged by the Deck Unit = 1
* NMEA Latitude = 57 33.02 N
* NMEA Longitude = 020 09.69 E
* NMEA UTC (Time) = Jan 29 2018  04:45:40
* NMEA baud rate = 4800
** Station:  BY19
** Operator:  JKro
** Ship: MERI
** Average sound velocity: 1442.68 m/s
** True-depth calculation Mon, 29 Jan 2018 05:59:01 +0000
** CTD Python Module SMHI /ver 3-12/ feb 2012 
** LIMS Job: 20183402-0029
** Cruise: SMHI-01-2018
** Latitude [GG MM.mm N] :
** Longitude [GG MM.mm E]:
# nquan = 26
# nvalues = 307                         
# units = specified
# name 0 = scan: Scan Count
# name 1 = prDM: Pressure, Digiquartz [db]
# name 2 = t090C: Temperature [ITS-90, deg C]
# name 3 = t190C: Temperature, 2 [ITS-90, deg C]
# name 4 = T2-T190C: Temperature Difference, 2 - 1 [ITS-90, deg C]
# name 5 = c0S/m: Conductivity [S/m]
# name 6 = c1S/m: Conductivity, 2 [S/m]
# name 7 = pumps: Pump Status
# name 8 = sbeox0ML/L: Oxygen, SBE 43 [ml/l]
# name 9 = sbeox1ML/L: Oxygen, SBE 43, 2 [ml/l]
# name 10 = altM: Altimeter [m]
# name 11 = flECO-AFL: Chl-a Fluorescence, WET Labs ECO-AFL/FL [mg/m^3]
# name 12 = flECO-AFL1: Phycocyanin Fluorescence, WET Labs ECO-AFL/FL, 2 [mg/m^3]
# name 13 = par: PAR/Irradiance, Biospherical/Lico [µE/(cm^2*s)]
# name 14 = turbWETntu0: Turbidity, WET Labs ECO [NTU]
# name 15 = sal00: Salinity, Practical [PSU]
# name 16 = sal11: Salinity, Practical, 2 [PSU]
# name 17 = secS-priS: Salinity, Practical, Difference, 2 - 1 [PSU]
# name 18 = sigma-t00: Density [sigma-t, Kg/m^3 ]
# name 19 = sigma-t11: Density, 2 [sigma-t, Kg/m^3 ]
# name 20 = depSM: Depth [salt water, m], lat = 57.5503
# name 21 = depFM: Depth [true depth, m], lat = 57.5503
# name 22 = dz/dtM: Descent Rate [m/s], WS = 2
# name 23 = svCM: Sound Velocity [Chen-Millero, m/s]
# name 24 = svCM1: Sound Velocity, 2 [Chen-Millero, m/s]
# name 25 = flag: flag
# span 0 =      16932,      28347       
# span 1 =      1.500,    154.500       
# span 2 =     4.7756,     6.8803       
# span 3 =     4.7762,     6.8804       
# span 4 =    -0.0333,     0.0778       
# span 5 =   0.797334,   1.437936       
# span 6 =   0.797321,   1.437751       
# span 7 =          1,          1       
# span 8 =    0.00951,    8.03503       
# span 9 =    0.02964,    7.98304       
# span 10 =       4.08,      99.24      
# span 11 =     0.2481,     0.4452      
# span 12 =     0.1589,     0.3186      
# span 13 = -8.950e-06, 1.1058e-01      
# span 14 =     0.0944,     1.1247      
# span 15 =     7.3986,    13.1046      
# span 16 =     7.3984,    13.1028      
# span 17 =    -0.1730,     0.1349      
# span 18 =     5.8570,    10.2306      
# span 19 =     5.8568,    10.2291      
# span 20 =      1.486,    153.017      
# span 21 =      1.519,    156.169      
# span 22 =     -0.156,      1.404      
# span 23 =    1434.79,    1453.37      
# span 24 =    1434.79,    1453.37      
# span 25 = 0.0000e+00, 0.0000e+00      
# interval = decibars: 0.5              
# start_time = Jan 29 2018 04:45:40 [NMEA time, first data scan]
# bad_flag = -9.990e-29
*END*
[from data line 56]
      18529     29.500     4.7804     4.7811     0.0007    0.79773    0.79771          1     8.0297     7.9680      98.72     0.4068     0.2741  1.000e-12  0.1010000     7.3992     7.3989    -0.0003     5.8584     5.8581     29.226     29.872      1.157    1435.20    1435.20  0.000e+00
      18540     30.000     4.7808     4.7802    -0.0006    0.79775    0.79770          1     8.0350     7.9706      98.72     0.4014     0.2388  1.000e-12  0.1074000     7.3992     7.3989    -0.0003     5.8583     5.8581     29.721     30.378      0.785    1435.21    1435.20  0.000e+00
      18638     30.500     4.7804     4.7796    -0.0007    0.79774    0.79770          1     8.0170     7.9564      98.72     0.4030     0.2530  1.000e-12  0.1083000     7.3992     7.3989    -0.0003     5.8584     5.8582     30.216     30.884      0.776    1435.21    1435.21  0.000e+00
      18682     31.000     4.7787     4.7797     0.0010    0.79772    0.79771          1     8.0112     7.9575      98.72     0.4069     0.2607  1.000e-12  0.1079000     7.3992     7.3989    -0.0003     5.8585     5.8582     30.712     31.391      1.071    1435.21    1435.22  0.000e+00
      18693     31.500     4.7772     4.7784     0.0012    0.79769    0.79768          1     8.0161     7.9674      98.72     0.4068     0.2864  1.000e-12  0.1073000     7.3993     7.3989    -0.0004     5.8585     5.8582     31.207     31.897      0.963    1435.21    1435.22  0.000e+00
      18706     32.000     4.7756     4.7762     0.0006    0.79766    0.79764          1     8.0202     7.9691      98.72     0.4082     0.3172  1.000e-12  0.1050000     7.3993     7.3989    -0.0004     5.8586     5.8583     31.702     32.403      0.726    1435.21    1435.22  0.000e+00
      18738     32.500     4.7763     4.7773     0.0010    0.79769    0.79768          1     8.0197     7.9715      98.72     0.4062     0.2643  1.000e-12  0.1243000     7.3993     7.3990    -0.0004     5.8586     5.8583     32.197     32.910      0.321    1435.23    1435.23  0.000e+00
      18792     33.000     4.7768     4.7782     0.0014    0.79771    0.79770          1     8.0139     7.9789      98.71     0.3869     0.2913  1.000e-12  0.1118000     7.3993     7.3989    -0.0004     5.8586     5.8582     32.693     33.416      0.233    1435.24    1435.24  0.000e+00
      18864     33.500     4.7787     4.7786    -0.0002    0.79775    0.79771          1     8.0214     7.9442      98.71     0.3974     0.2676  1.000e-12  0.1118000     7.3993     7.3989    -0.0004     5.8585     5.8582     33.188     33.922      0.362    1435.25    1435.25  0.000e+00
      18889     34.000     4.7767     4.7768     0.0001    0.79772    0.79769          1     8.0132     7.9439      98.71     0.4187     0.2992  1.000e-12  0.1211000     7.3993     7.3990    -0.0004     5.8586     5.8583     33.683     34.429      0.744    1435.25    1435.25  0.000e+00
      18902     34.500     4.7760     4.7767     0.0007    0.79771    0.79769          1     8.0184     7.9572      98.71     0.4068     0.2642  1.000e-12  0.1557000     7.3993     7.3990    -0.0003     5.8586     5.8583     34.179     34.935      0.958    1435.26    1435.26  0.000e+00
      18914     35.000     4.7761     4.7765     0.0003    0.79772    0.79769          1     8.0214     7.9611      98.71     0.4068     0.2282  1.000e-12  0.1547000     7.3993     7.3990    -0.0003     5.8586     5.8583     34.674     35.441      1.044    1435.26    1435.26  0.000e+00
      18924     35.500     4.7768     4.7777     0.0009    0.79774    0.79772          1     8.0262     7.9627      98.71     0.3825     0.2331  1.000e-12  0.1306000     7.3993     7.3989    -0.0004     5.8586     5.8583     35.169     35.947      0.994    1435.28    1435.28  0.000e+00
      18937     36.000     4.7792     4.7807     0.0015    0.79780    0.79780          1     8.0306     7.9571      98.71     0.3754     0.2687  1.000e-12  0.1245000     7.3993     7.3989    -0.0004     5.8585     5.8582     35.665     36.454      0.752    1435.29    1435.30  0.000e+00
      19005     36.500     4.7792     4.7798     0.0006    0.79780    0.79778          1     8.0254     7.9633      98.70     0.3993     0.2530  1.000e-12  0.1125000     7.3993     7.3989    -0.0004     5.8585     5.8582     36.160     36.960      0.507    1435.30    1435.30  0.000e+00
      19059     37.000     4.7789     4.7801     0.0012    0.79780    0.79780          1     8.0223     7.9635      98.69     0.4203     0.2482  1.000e-12  0.0950000     7.3992     7.3989    -0.0003     5.8584     5.8582     36.655     37.466      0.786    1435.31    1435.31  0.000e+00
      19073     37.500     4.7787     4.7808     0.0021    0.79780    0.79781          1     8.0215     7.9620      98.68     0.3985     0.2689  1.000e-12  0.1024000     7.3993     7.3989    -0.0004     5.8585     5.8581     37.151     37.973      0.722    1435.31    1435.32  0.000e+00
      19093     38.000     4.7804     4.7813     0.0009    0.79785    0.79783          1     8.0205     7.9513      98.67     0.3819     0.2650  1.000e-12  0.1124000     7.3992     7.3989    -0.0004     5.8584     5.8581     37.646     38.479      0.488    1435.33    1435.33  0.000e+00
      19134     38.500     4.7802     4.7810     0.0007    0.79785    0.79783          1     8.0171     7.9550      98.71     0.4114     0.2896  1.000e-12  0.1167000     7.3993     7.3989    -0.0004     5.8584     5.8581     38.141     38.985      0.258    1435.34    1435.34  0.000e+00
      19169     39.000     4.7816     4.7821     0.0006    0.79788    0.79787          1     8.0134     7.9726      98.71     0.4000     0.2289  1.000e-12  0.1132000     7.3992     7.3989    -0.0003     5.8583     5.8581     38.636     39.492      0.481    1435.35    1435.35  0.000e+00
      19191     39.500     4.7829     4.7826    -0.0003    0.79792    0.79788          1     8.0198     7.9813      98.71     0.4067     0.2503  1.000e-12  0.1177000     7.3992     7.3988    -0.0004     5.8583     5.8580     39.132     39.998      0.529    1435.36    1435.36  0.000e+00
      19216     40.000     4.7824     4.7830     0.0006    0.79791    0.79789          1     8.0220     7.9784      98.72     0.3969     0.2542  1.000e-12  0.1210000     7.3992     7.3988    -0.0004     5.8583     5.8580     39.627     40.504      0.399    1435.37    1435.37  0.000e+00
      19274     40.500     4.7812     4.7824     0.0012    0.79790    0.79789          1     8.0194     7.9730      98.73     0.4002     0.2685  1.000e-12  0.1234000     7.3993     7.3988    -0.0004     5.8584     5.8580     40.122     41.011      0.265    1435.37    1435.38  0.000e+00
      19316     41.000     4.7816     4.7821     0.0006    0.79791    0.79789          1     8.0077     7.9765      98.73     0.4001     0.2416  1.000e-12  0.1061000     7.3992     7.3989    -0.0004     5.8584     5.8580     40.617     41.517      0.552    1435.38    1435.38  0.000e+00
      19333     41.500     4.7830     4.7834     0.0004    0.79795    0.79792          1     8.0058     7.9802      98.73     0.4052     0.2426  1.000e-12  0.1202000     7.3992     7.3988    -0.0004     5.8583     5.8580     41.113     42.023      0.725    1435.40    1435.40  0.000e+00
      19348     42.000     4.7810     4.7819     0.0010    0.79792    0.79790          1     8.0031     7.9807      98.73     0.4083     0.2200  1.000e-12  0.1265000     7.3993     7.3989    -0.0004     5.8584     5.8581     41.608     42.529      0.734    1435.39    1435.40  0.000e+00
      19367     42.500     4.7814     4.7818     0.0004    0.79793    0.79790          1     8.0056     7.9734      98.73     0.3995     0.2063  1.000e-12  0.1361000     7.3992     7.3989    -0.0004     5.8584     5.8581     42.103     43.036      0.521    1435.40    1435.41  0.000e+00
      19449     43.000     4.7817     4.7822     0.0004    0.79794    0.79791          1     8.0225     7.9632      98.72     0.3975     0.2185  1.000e-12  0.1067000     7.3992     7.3988    -0.0004     5.8584     5.8580     42.599     43.542      0.504    1435.41    1435.42  0.000e+00
      19474     43.500     4.7821     4.7824     0.0004    0.79796    0.79793          1     8.0223     7.9679      98.72     0.3987     0.2313  1.000e-12  0.1126000     7.3993     7.3989    -0.0005     5.8584     5.8580     43.094     44.048      0.905    1435.42    1435.43  0.000e+00
      19485     44.000     4.7817     4.7826     0.0009    0.79796    0.79794          1     8.0253     7.9651      98.72     0.3990     0.3027  1.000e-12  0.1174000     7.3993     7.3989    -0.0004     5.8584     5.8580     43.589     44.555      1.028    1435.43    1435.43  0.000e+00
      19496     44.500     4.7800     4.7810     0.0010    0.79793    0.79791          1     8.0249     7.9575      98.72     0.3990     0.3035  1.000e-12  0.1179000     7.3993     7.3989    -0.0004     5.8585     5.8581     44.085     45.061      1.007    1435.43    1435.43  0.000e+00
      19509     45.000     4.7795     4.7814     0.0019    0.79792    0.79793          1     8.0242     7.9571      98.71     0.3987     0.3009  1.000e-12  0.1242000     7.3993     7.3989    -0.0004     5.8584     5.8581     44.580     45.567      0.793    1435.44    1435.44  0.000e+00
      19566     45.500     4.7813     4.7819     0.0007    0.79798    0.79795          1     8.0151     7.9604      98.71     0.4102     0.2857  1.000e-12  0.1297000     7.3994     7.3989    -0.0004     5.8585     5.8581     45.075     46.074      0.635    1435.45    1435.45  0.000e+00
      19639     46.000     4.7814     4.7823     0.0009    0.79799    0.79796          1     8.0023     7.9586      98.71     0.4039     0.2698  1.000e-12  0.1219000     7.3994     7.3989    -0.0005     5.8585     5.8581     45.570     46.580      1.218    1435.46    1435.46  0.000e+00
      19647     46.500     4.7805     4.7807     0.0002    0.79797    0.79793          1     8.0070     7.9644      98.71     0.3994     0.2710  1.000e-12  0.1246000     7.3994     7.3989    -0.0005     5.8585     5.8581     46.065     47.086      1.221    1435.46    1435.47  0.000e+00
      19656     47.000     4.7793     4.7799     0.0006    0.79795    0.79792          1     8.0141     7.9662      98.71     0.3947     0.2736  1.000e-12  0.1231000     7.3993     7.3989    -0.0004     5.8585     5.8581     46.561     47.592      1.129    1435.47    1435.47  0.000e+00
      19667     47.500     4.7792     4.7798     0.0006    0.79795    0.79792          1     8.0235     7.9684      98.69     0.3659     0.3105  1.000e-12  0.1246000     7.3993     7.3988    -0.0005     5.8585     5.8581     47.056     48.099      0.887    1435.48    1435.48  0.000e+00
      19725     48.000     4.7791     4.7799     0.0008    0.79795    0.79793          1     8.0226     7.9697      98.69     0.3877     0.2695  1.000e-12  0.1196000     7.3993     7.3989    -0.0004     5.8585     5.8581     47.551     48.605      0.507    1435.48    1435.48  0.000e+00
      19804     48.500     4.7794     4.7801     0.0007    0.79796    0.79794          1     8.0154     7.9690      98.69     0.4326     0.2061  1.000e-12  0.1180000     7.3992     7.3989    -0.0004     5.8584     5.8581     48.047     49.111      0.652    1435.49    1435.49  0.000e+00
      19821     49.000     4.7793     4.7798     0.0005    0.79797    0.79794          1     8.0206     7.9688      98.69     0.4014     0.2486  1.000e-12  0.1164000     7.3993     7.3989    -0.0004     5.8585     5.8581     48.542     49.618      0.587    1435.50    1435.50  0.000e+00
      19846     49.500     4.7788     4.7793     0.0005    0.79797    0.79793          1     8.0188     7.9686      98.69     0.3972     0.2434  1.000e-12  0.1312000     7.3993     7.3988    -0.0005     5.8585     5.8581     49.037     50.124      0.445    1435.51    1435.51  0.000e+00
      19875     50.000     4.7796     4.7800     0.0004    0.79799    0.79796          1     8.0057     7.9701      98.69     0.3860     0.2198  1.000e-12  0.1198000     7.3993     7.3988    -0.0004     5.8584     5.8581     49.532     50.630      0.420    1435.52    1435.52  0.000e+00
      19902     50.500     4.7799     4.7806     0.0007    0.79800    0.79798          1     8.0094     7.9626      98.70     0.4188     0.2870  1.000e-12  0.1175000     7.3993     7.3989    -0.0004     5.8585     5.8581     50.028     51.137      0.446    1435.53    1435.53  0.000e+00
      19946     51.000     4.7796     4.7801     0.0005    0.79804    0.79800          1     8.0224     7.9647      83.57     0.4125     0.2699  1.000e-12  0.1280000     7.3996     7.3991    -0.0005     5.8587     5.8583     50.523     51.643      0.274    1435.53    1435.53  0.000e+00
      20011     51.500     4.7797     4.7816     0.0019    0.79805    0.79810          1     8.0244     7.9681      87.45     0.4452     0.2394  1.000e-12  0.1000000     7.3997     7.3997     0.0000     5.8588     5.8588     51.018     52.149      0.452    1435.54    1435.55  0.000e+00
      20031     52.000     4.7843     4.7844     0.0001    0.79830    0.79826          1     8.0210     7.9611      98.65     0.3833     0.2577  1.000e-12  0.0997000     7.4011     7.4007    -0.0004     5.8597     5.8594     51.514     52.655      0.604    1435.57    1435.57  0.000e+00
      20050     52.500     4.7823     4.7822    -0.0001    0.79822    0.79814          1     8.0194     7.9640      98.71     0.4150     0.2657  1.000e-12  0.1096000     7.4006     7.3999    -0.0007     5.8594     5.8589     52.009     53.162      0.589    1435.57    1435.57  0.000e+00
      20073     53.000     4.7822     4.7831     0.0009    0.79823    0.79821          1     8.0195     7.9676      98.70     0.3958     0.2839  1.000e-12  0.1117000     7.4007     7.4003    -0.0003     5.8595     5.8591     52.504     53.668      0.433    1435.58    1435.58  0.000e+00
      20119     53.500     4.7840     4.7840    -0.0000    0.79831    0.79825          1     8.0060     7.9578      98.71     0.3988     0.3008  1.000e-12  0.1054000     7.4011     7.4005    -0.0006     5.8597     5.8592     52.999     54.174      0.232    1435.59    1435.59  0.000e+00
      20166     54.000     4.7849     4.7873     0.0024    0.79834    0.79839          1     7.9982     7.9594      98.71     0.4023     0.2540  1.000e-12  0.1068000     7.4010     7.4010    -0.0000     5.8596     5.8595     53.495     54.681      0.428    1435.61    1435.62  0.000e+00
      20188     54.500     4.7884     4.7887     0.0003    0.79842    0.79836          1     8.0103     7.9579      98.71     0.3849     0.2730  1.000e-12  0.1121000     7.4010     7.4003    -0.0007     5.8595     5.8590     53.990     55.187      0.590    1435.63    1435.63  0.000e+00
      20207     55.000     4.7884     4.7888     0.0004    0.79843    0.79839          1     8.0193     7.9589      98.71     0.4076     0.2570  1.000e-12  0.1187000     7.4010     7.4005    -0.0005     5.8595     5.8591     54.485     55.693      0.577    1435.64    1435.64  0.000e+00
      20252     55.500     4.7881     4.7886     0.0005    0.79842    0.79839          1     8.0128     7.9589      98.71     0.3954     0.2245  1.000e-12  0.1141000     7.4009     7.4006    -0.0004     5.8595     5.8591     54.980     56.200      0.394    1435.64    1435.64  0.000e+00
      20330     56.000     4.7883     4.7887     0.0004    0.79842    0.79840          1     8.0034     7.9413      98.71     0.4124     0.2288  1.000e-12  0.1079000     7.4009     7.4005    -0.0003     5.8594     5.8591     55.476     56.706      0.786    1435.65    1435.65  0.000e+00
      20340     56.500     4.7883     4.7890     0.0007    0.79844    0.79842          1     8.0045     7.9446      98.71     0.4192     0.2379  1.000e-12  0.1121000     7.4010     7.4006    -0.0004     5.8595     5.8592     55.971     57.212      1.017    1435.66    1435.66  0.000e+00
