ctdpy/exports/archive_20191121_122431/received_data/SBE09_1044_20180415_1848_34_07_0001.cnv
* Sea-Bird SBE 9 Data File:
* FileName = C:\ctd\temp\2018\AU18D001.hex
* Software Version Seasave V 7.26.6.26
* Temperature SN = 5351
* Conductivity SN = 3941
* Number of Bytes Per Scan = 41
* Number of Voltage Words = 4
* Number of Scans Averaged by the Deck Unit = 1
* NMEA Latitude = 57 51.99 N
* NMEA Longitude = 011 17.53 E
* NMEA UTC (Time) = Apr 15 2018  18:48:56
* NMEA baud rate = 4800
** Station:  P2
** Operator:  A-KTh
** Ship: AURA
** Average sound velocity: 1474.79 m/s
** True-depth calculation Sun, 15 Apr 2018 19:47:45 +0000
** CTD Python Module SMHI /ver 3-12/ feb 2012 
** LIMS Job: 20183407-0001
** Cruise: SMHI-01-2018
** Latitude [GG MM.mm N] :
** Longitude [GG MM.mm E]:
# nquan = 26
# nvalues = 184                         
# units = specified
# name 0 = scan: Scan Count
# name 1 = prDM: Pressure, Digiquartz [db]
# name 2 = t090C: Temperature [ITS-90, deg C]
# name 3 = t190C: Temperature, 2 [ITS-90, deg C]
# name 4 = T2-T190C: Temperature Difference, 2 - 1 [ITS-90, deg C]
# name 5 = c0S/m: Conductivity [S/m]
# name 6 = c1S/m: Conductivity, 2 [S/m]
# name 7 = pumps: Pump Status
# name 8 = sbeox0ML/L: Oxygen, SBE 43 [ml/l]
# name 9 = sbeox1ML/L: Oxygen, SBE 43, 2 [ml/l]
# name 10 = altM: Altimeter [m]
# name 11 = flECO-AFL: Chl-a Fluorescence, WET Labs ECO-AFL/FL [mg/m^3]
# name 12 = flECO-AFL1: Phycocyanin Fluorescence, WET Labs ECO-AFL/FL, 2 [mg/m^3]
# name 13 = par: PAR/Irradiance, Biospherical/Lico [µE/(cm^2*s)]
# name 14 = turbWETntu0: Turbidity, WET Labs ECO [NTU]
# name 15 = sal00: Salinity, Practical [PSU]
# name 16 = sal11: Salinity, Practical, 2 [PSU]
# name 17 = secS-priS: Salinity, Practical, Difference, 2 - 1 [PSU]
# name 18 = sigma-t00: Density [sigma-t, Kg/m^3 ]
# name 19 = sigma-t11: Density, 2 [sigma-t, Kg/m^3 ]
# name 20 = depSM: Depth [salt water, m], lat = 57.8665
# name 21 = depFM: Depth [true depth, m], lat = 57.8665
# name 22 = dz/dtM: Descent Rate [m/s], WS = 2
# name 23 = svCM: Sound Velocity [Chen-Millero, m/s]
# name 24 = svCM1: Sound Velocity, 2 [Chen-Millero, m/s]
# name 25 = flag: flag
# span 0 =       6771,      13017       
# span 1 =      0.500,     92.000       
# span 2 =     4.1202,     7.2136       
# span 3 =     4.1229,     7.2132       
# span 4 =    -0.0353,     0.0293       
# span 5 =   2.028766,   3.536613       
# span 6 =   2.028926,   3.536716       
# span 7 =          1,          1       
# span 8 =    5.75514,    8.17453       
# span 9 =    5.68895,    8.12816       
# span 10 =       1.96,      98.82      
# span 11 =     0.0700,    10.7101      
# span 12 =     0.1744,     1.5143      
# span 13 = -2.651e-06, 2.4029e+00      
# span 14 =     0.3609,     2.1447      
# span 15 =    20.3279,    34.9971      
# span 16 =    20.3272,    34.9966      
# span 17 =    -0.1285,     0.0694      
# span 18 =    16.0583,    27.4099      
# span 19 =    16.0572,    27.4092      
# span 20 =      0.495,     91.128      
# span 21 =      0.501,     91.353      
# span 22 =     -0.146,      0.565      
# span 23 =    1450.76,    1480.34      
# span 24 =    1450.75,    1480.34      
# span 25 = 0.0000e+00, 0.0000e+00      
# interval = decibars: 0.5              
# start_time = Apr 15 2018 18:48:56 [NMEA time, first data scan]
# bad_flag = -9.990e-29
*END*
[from data line 168]
      10762     84.500     7.0474     7.0479     0.0005    3.53639    3.53635          1     5.7588     5.7018       9.76     0.0897     0.2521  1.000e-12  2.1387000    34.9966    34.9957    -0.0009    27.4096    27.4088     83.701     83.918      0.498    1480.22    1480.22  0.000e+00
      10786     85.000     7.0474     7.0484     0.0010    3.53641    3.53645          1     5.7599     5.6988       9.26     0.0962     0.2372  1.000e-12  2.1231000    34.9966    34.9961    -0.0006    27.4096    27.4090     84.196     84.413      0.502    1480.23    1480.24  0.000e+00
      10810     85.500     7.0469     7.0479     0.0010    3.53636    3.53641          1     5.7646     5.6996       8.77     0.1260     0.2504  1.000e-12  2.1447000    34.9964    34.9959    -0.0005    27.4094    27.4089     84.691     84.909      0.524    1480.24    1480.24  0.000e+00
      10832     86.000     7.0475     7.0490     0.0015    3.53649    3.53659          1     5.7621     5.6986       8.29     0.1260     0.1979  1.000e-12  2.1110000    34.9968    34.9964    -0.0004    27.4097    27.4092     85.186     85.405      0.538    1480.25    1480.25  0.000e+00
      10854     86.500     7.0483     7.0495     0.0012    3.53661    3.53666          1     5.7551     5.6939       7.79     0.1151     0.2239  1.000e-12  2.1348000    34.9971    34.9965    -0.0006    27.4099    27.4092     85.681     85.900      0.536    1480.26    1480.26  0.000e+00
      10877     87.000     7.0481     7.0497     0.0016    3.53659    3.53672          1     5.7590     5.6921       7.29     0.0969     0.2506  1.000e-12  2.0879000    34.9968    34.9966    -0.0002    27.4096    27.4092     86.177     86.396      0.520    1480.27    1480.27  0.000e+00
      10900     87.500     7.0469     7.0480     0.0011    3.53647    3.53651          1     5.7622     5.6950       6.78     0.0980     0.2374  1.000e-12  2.0936000    34.9965    34.9958    -0.0007    27.4096    27.4088     86.672     86.892      0.503    1480.27    1480.27  0.000e+00
      10924     88.000     7.0466     7.0476     0.0010    3.53646    3.53650          1     5.7613     5.6892       6.28     0.1021     0.2138  1.000e-12  2.1378000    34.9964    34.9959    -0.0005    27.4095    27.4089     87.167     87.388      0.499    1480.28    1480.28  0.000e+00
      10948     88.500     7.0468     7.0476     0.0008    3.53650    3.53652          1     5.7632     5.6921       5.79     0.1085     0.2334  1.000e-12  2.1441000    34.9964    34.9958    -0.0007    27.4095    27.4089     87.662     87.883      0.521    1480.29    1480.29  0.000e+00
      10971     89.000     7.0468     7.0478     0.0009    3.53652    3.53656          1     5.7644     5.6912       5.29     0.1088     0.2131  1.000e-12  2.1259000    34.9964    34.9958    -0.0006    27.4094    27.4089     88.157     88.379      0.544    1480.30    1480.30  0.000e+00
      10992     89.500     7.0464     7.0475     0.0011    3.53649    3.53654          1     5.7607     5.6890       4.81     0.1022     0.2342  1.000e-12  2.1253000    34.9962    34.9957    -0.0005    27.4094    27.4088     88.652     88.875      0.548    1480.30    1480.30  0.000e+00
      11015     90.000     7.0464     7.0476     0.0011    3.53652    3.53657          1     5.7603     5.6985       4.32     0.1011     0.2174  1.000e-12  2.1287000    34.9963    34.9957    -0.0006    27.4094    27.4088     89.148     89.370      0.528    1480.31    1480.31  0.000e+00
      11038     90.500     7.0466     7.0475     0.0009    3.53657    3.53660          1     5.7663     5.7031       3.81     0.0894     0.2106  1.000e-12  2.1187000    34.9964    34.9958    -0.0006    27.4095    27.4089     89.643     89.866      0.504    1480.32    1480.32  0.000e+00
      11062     91.000     7.0461     7.0472     0.0011    3.53652    3.53657          1     5.7664     5.7100       3.31     0.0799     0.2196  1.000e-12  2.1379000    34.9961    34.9956    -0.0005    27.4093    27.4088     90.138     90.362      0.460    1480.32    1480.33  0.000e+00
      11091     91.500     7.0464     7.0475     0.0011    3.53657    3.53664          1     5.7656     5.7061       2.76     0.1108     0.2330  1.000e-12  2.1213000    34.9961    34.9958    -0.0004    27.4093    27.4089     90.633     90.857      0.377    1480.33    1480.34  0.000e+00
      13017     92.000     7.0457     7.0469     0.0013    3.53651    3.53661          1     5.7618     5.6930       1.96     0.1146     0.2272  1.000e-12  1.7821000    34.9960    34.9958    -0.0001    27.4093    27.4090     91.128     91.353     -0.146    1480.34    1480.34  0.000e+00
