ctdpy/exports/archive_20191121_122431/received_data/SBE09_0827_20181012_1624_26_01_1082.cnv
* Sea-Bird SBE 9 Data File:
* FileName = D:\CTD_SBE911\DAT\26DA.2018.10.82.hex
* Software Version Seasave V 7.21d
* Temperature SN = 4548
* Conductivity SN = 3062
* Number of Bytes Per Scan = 48
* Number of Voltage Words = 5
* Number of Scans Averaged by the Deck Unit = 1
* NMEA Latitude = 55 54.60 N
* NMEA Longitude = 017 12.43 E
* NMEA UTC (Time) = Oct 12 2018  16:27:16
* NMEA baud rate = 4800
** Ship: DANA
** Average sound velocity: 1451.55 m/s
** True-depth calculation Thu, 28 Mar 2019 12:27:56 +0000
** CTD Python Module SMHI /ver 3-12/ feb 2012 
** LIMS Job: 20182601-1082
** Operator: Christian A-KTh
** Cruise: 10/2018
# nquan = 26
# nvalues = 82                          
# units = specified
# name 0 = scan: Scan Count
# name 1 = prDM: Pressure, Digiquartz [db]
# name 2 = t090C: Temperature [ITS-90, deg C]
# name 3 = t190C: Temperature, 2 [ITS-90, deg C]
# name 4 = T2-T190C: Temperature Difference, 2 - 1 [ITS-90, deg C]
# name 5 = c0S/m: Conductivity [S/m]
# name 6 = c1S/m: Conductivity, 2 [S/m]
# name 7 = pumps: Pump Status
# name 8 = sbeox1ML/L: Oxygen, SBE 43, 2 [ml/l]
# name 9 = sbeox0ML/L: Oxygen, SBE 43 [ml/l]
# name 10 = altM: Altimeter [m]
# name 11 = chloroflTC0: Chlorophyll, Turner Cyclops [ug/l]
# name 12 = cpar: CPAR/Corrected Irradiance [%]
# name 13 = par: PAR/Irradiance, Biospherical/Lico [µE/(cm^2*s)]
# name 14 = spar: SPAR, Biospherical/Licor
# name 15 = sal00: Salinity, Practical [PSU]
# name 16 = sal11: Salinity, Practical, 2 [PSU]
# name 17 = secS-priS: Salinity, Practical, Difference, 2 - 1 [PSU]
# name 18 = sigma-t00: Density [sigma-t, kg/m^3 ]
# name 19 = sigma-t11: Density, 2 [sigma-t, kg/m^3 ]
# name 20 = depSM: Depth [salt water, m], lat = 55.91
# name 21 = depFM: Depth [true depth, m], lat = 55.91
# name 22 = dz/dtM: Descent Rate [m/s], WS = 2
# name 23 = svCM: Sound Velocity [Chen-Millero, m/s]
# name 24 = svCM1: Sound Velocity, 2 [Chen-Millero, m/s]
# name 25 = flag: flag
# span 0 =         65,       3990       
# span 1 =      1.500,     42.000       
# span 2 =     5.1145,    10.0396       
# span 3 =     5.0865,    10.0414       
# span 4 =    -0.4390,     0.0824       
# span 5 =   0.843415,   0.939273       
# span 6 =   0.840572,   0.939312       
# span 7 =          1,          1       
# span 8 =     6.2005,     7.5209       
# span 9 =     5.7993,     7.0421       
# span 10 =       1.11,       9.98      
# span 11 =     0.0182,     0.0436      
# span 12 = 4.9241e-11, 4.9241e-11      
# span 13 = 1.0000e-12, 1.0000e-12      
# span 14 = 2.0308e+00, 2.0308e+00      
# span 15 =     7.5281,     7.8607      
# span 16 =     7.5286,     7.8703      
# span 17 =    -0.0059,     0.0413      
# span 18 =     5.6179,     6.2106      
# span 19 =     5.6177,     6.2193      
# span 20 =      1.486,     41.614      
# span 21 =      1.519,     42.534      
# span 22 =     -0.042,      0.454      
# span 23 =    1437.45,    1456.96      
# span 24 =    1437.33,    1456.96      
# span 25 = 0.0000e+00, 0.0000e+00      
# interval = decibars: 0.5              
# start_time = Oct 12 2018 16:27:16 [NMEA time, first data scan]
# bad_flag = -9.990e-29
*END*
         65      1.500    10.0391    10.0405     0.0014    0.93924    0.93928          1     7.5050     7.0292       9.97     0.0387  4.924e-11  1.000e-12  2.031e+00     7.5832     7.5832     0.0000     5.6180     5.6179      1.486      1.519      0.318    1456.79    1456.79  0.000e+00
        295      2.000    10.0385    10.0405     0.0020    0.93924    0.93929          1     7.5109     7.0406       9.97     0.0392  4.924e-11  1.000e-12  2.031e+00     7.5832     7.5832    -0.0000     5.6181     5.6179      1.982      2.026      0.249    1456.79    1456.80  0.000e+00
        456      2.500    10.0388    10.0414     0.0026    0.93925    0.93931          1     7.5124     7.0368       9.97     0.0402  4.924e-11  1.000e-12  2.031e+00     7.5832     7.5832    -0.0000     5.6180     5.6177      2.477      2.532      0.254    1456.80    1456.81  0.000e+00
        499      3.000    10.0396    10.0395    -0.0001    0.93927    0.93926          1     7.5044     7.0400       9.97     0.0395  4.924e-11  1.000e-12  2.031e+00     7.5832     7.5831    -0.0001     5.6179     5.6179      2.973      3.039      0.293    1456.81    1456.81  0.000e+00
        547      3.500    10.0384    10.0354    -0.0030    0.93924    0.93916          1     7.5130     7.0407       9.97     0.0414  4.924e-11  1.000e-12  2.031e+00     7.5831     7.5830    -0.0001     5.6180     5.6183      3.468      3.545      0.266    1456.82    1456.81  0.000e+00
        581      4.000    10.0322    10.0298    -0.0024    0.93904    0.93899          1     7.5209     7.0332       9.97     0.0384  4.924e-11  1.000e-12  2.031e+00     7.5826     7.5826     0.0001     5.6183     5.6186      3.964      4.051      0.416    1456.80    1456.79  0.000e+00
        613      4.500    10.0301    10.0291    -0.0010    0.93899    0.93897          1     7.5137     7.0390       9.97     0.0405  4.924e-11  1.000e-12  2.031e+00     7.5825     7.5825     0.0000     5.6185     5.6186      4.459      4.558      0.296    1456.80    1456.80  0.000e+00
        667      5.000    10.0292    10.0282    -0.0010    0.93898    0.93895          1     7.5049     7.0321       9.97     0.0411  4.924e-11  1.000e-12  2.031e+00     7.5825     7.5825    -0.0000     5.6186     5.6186      4.954      5.064      0.226    1456.80    1456.80  0.000e+00
        709      5.500    10.0283    10.0281    -0.0002    0.93896    0.93897          1     7.5092     7.0381       9.97     0.0395  4.924e-11  1.000e-12  2.031e+00     7.5825     7.5826     0.0001     5.6187     5.6187      5.450      5.571      0.339    1456.81    1456.81  0.000e+00
        748      6.000    10.0281    10.0279    -0.0001    0.93897    0.93898          1     7.5103     7.0406       9.97     0.0396  4.924e-11  1.000e-12  2.031e+00     7.5826     7.5828     0.0002     5.6187     5.6189      5.945      6.077      0.264    1456.82    1456.82  0.000e+00
        795      6.500    10.0278    10.0278    -0.0000    0.93899    0.93900          1     7.4985     7.0348       9.98     0.0404  4.924e-11  1.000e-12  2.031e+00     7.5827     7.5828     0.0001     5.6189     5.6189      6.441      6.584      0.296    1456.82    1456.82  0.000e+00
        833      7.000    10.0277    10.0281     0.0005    0.93899    0.93902          1     7.5017     7.0421       9.97     0.0392  4.924e-11  1.000e-12  2.031e+00     7.5828     7.5829     0.0001     5.6189     5.6190      6.936      7.090      0.285    1456.83    1456.83  0.000e+00
        883      7.500    10.0281    10.0283     0.0001    0.93902    0.93902          1     7.4961     7.0351       9.98     0.0403  4.924e-11  1.000e-12  2.031e+00     7.5828     7.5828    -0.0001     5.6189     5.6189      7.432      7.596      0.238    1456.84    1456.84  0.000e+00
        925      8.000    10.0280    10.0278    -0.0002    0.93901    0.93900          1     7.4950     7.0362       9.97     0.0392  4.924e-11  1.000e-12  2.031e+00     7.5828     7.5827    -0.0000     5.6189     5.6189      7.927      8.103      0.303    1456.85    1456.85  0.000e+00
        973      8.500    10.0278    10.0278    -0.0001    0.93901    0.93901          1     7.5023     7.0365       9.98     0.0410  4.924e-11  1.000e-12  2.031e+00     7.5827     7.5828     0.0000     5.6188     5.6189      8.423      8.609      0.221    1456.86    1456.86  0.000e+00
       1022      9.000    10.0279    10.0279     0.0000    0.93902    0.93903          1     7.5071     7.0310       9.97     0.0411  4.924e-11  1.000e-12  2.031e+00     7.5828     7.5828     0.0000     5.6189     5.6189      8.918      9.116      0.296    1456.86    1456.86  0.000e+00
       1066      9.500    10.0277    10.0283     0.0006    0.93903    0.93905          1     7.5050     7.0411       9.98     0.0433  4.924e-11  1.000e-12  2.031e+00     7.5828     7.5828     0.0001     5.6189     5.6189      9.413      9.622      0.244    1456.87    1456.87  0.000e+00
       1114     10.000    10.0284    10.0286     0.0002    0.93906    0.93908          1     7.4983     7.0390       9.97     0.0418  4.924e-11  1.000e-12  2.031e+00     7.5829     7.5830     0.0001     5.6189     5.6190      9.909     10.128      0.297    1456.88    1456.88  0.000e+00
       1151     10.500    10.0285    10.0289     0.0004    0.93908    0.93913          1     7.4968     7.0365       9.98     0.0412  4.924e-11  1.000e-12  2.031e+00     7.5829     7.5833     0.0004     5.6189     5.6192     10.404     10.635      0.311    1456.89    1456.89  0.000e+00
       1195     11.000    10.0287    10.0290     0.0003    0.93912    0.93915          1     7.4920     7.0334       9.98     0.0436  4.924e-11  1.000e-12  2.031e+00     7.5832     7.5834     0.0002     5.6191     5.6192     10.900     11.141      0.240    1456.90    1456.90  0.000e+00
       1248     11.500    10.0289    10.0288    -0.0001    0.93914    0.93915          1     7.4973     7.0263       9.97     0.0432  4.924e-11  1.000e-12  2.031e+00     7.5833     7.5833     0.0001     5.6192     5.6192     11.395     11.648      0.234    1456.91    1456.91  0.000e+00
       1292     12.000    10.0289    10.0270    -0.0019    0.93915    0.93911          1     7.4881     7.0186       9.98     0.0434  4.924e-11  1.000e-12  2.031e+00     7.5833     7.5833     0.0000     5.6192     5.6194     11.891     12.154      0.329    1456.92    1456.91  0.000e+00
       1328     12.500    10.0278    10.0264    -0.0014    0.93912    0.93909          1     7.4920     7.0152       9.97     0.0395  4.924e-11  1.000e-12  2.031e+00     7.5833     7.5833     0.0000     5.6193     5.6194     12.386     12.661      0.281    1456.92    1456.92  0.000e+00
       1387     13.000    10.0273    10.0268    -0.0005    0.93911    0.93909          1     7.4819     7.0169       9.97     0.0395  4.924e-11  1.000e-12  2.031e+00     7.5832     7.5831    -0.0001     5.6193     5.6192     12.881     13.167      0.256    1456.93    1456.93  0.000e+00
       1424     13.500    10.0259    10.0266     0.0007    0.93906    0.93908          1     7.4842     7.0143       9.98     0.0371  4.924e-11  1.000e-12  2.031e+00     7.5830     7.5830     0.0000     5.6193     5.6192     13.377     13.673      0.431    1456.93    1456.93  0.000e+00
       1452     14.000    10.0259    10.0282     0.0024    0.93906    0.93913          1     7.4779     7.0116       9.98     0.0385  4.924e-11  1.000e-12  2.031e+00     7.5830     7.5831     0.0001     5.6193     5.6191     13.872     14.180      0.337    1456.94    1456.95  0.000e+00
       1518     14.500    10.0261    10.0258    -0.0003    0.93907    0.93906          1     7.4705     7.0140       9.98     0.0394  4.924e-11  1.000e-12  2.031e+00     7.5829     7.5829    -0.0001     5.6192     5.6192     14.368     14.686      0.308    1456.95    1456.94  0.000e+00
       1552     15.000    10.0260    10.0261     0.0001    0.93908    0.93909          1     7.4768     7.0109       9.98     0.0370  4.924e-11  1.000e-12  2.031e+00     7.5830     7.5830     0.0000     5.6193     5.6193     14.863     15.193      0.454    1456.95    1456.95  0.000e+00
       1580     15.500    10.0260    10.0268     0.0008    0.93909    0.93911          1     7.4890     7.0148       9.98     0.0382  4.924e-11  1.000e-12  2.031e+00     7.5830     7.5830    -0.0000     5.6193     5.6192     15.358     15.699      0.311    1456.96    1456.96  0.000e+00
       1656     16.000    10.0211    10.0143    -0.0068    0.93891    0.93870          1     7.4627     7.0122       9.97     0.0384  4.924e-11  1.000e-12  2.031e+00     7.5824     7.5820    -0.0004     5.6193     5.6198     15.854     16.206      0.340    1456.95    1456.92  0.000e+00
       1682     16.500    10.0036     9.9909    -0.0127    0.93826    0.93785          1     7.4352     6.9874       9.97     0.0362  4.924e-11  1.000e-12  2.031e+00     7.5803     7.5794    -0.0009     5.6196     5.6203     16.349     16.712      0.437    1456.89    1456.84  0.000e+00
       1722     17.000     9.9908     9.9837    -0.0070    0.93783    0.93759          1     7.4217     6.9631       9.98     0.0379  4.924e-11  1.000e-12  2.031e+00     7.5792     7.5786    -0.0005     5.6201     5.6204     16.845     17.218      0.251    1456.84    1456.82  0.000e+00
       1776     17.500     9.9836     9.9740    -0.0096    0.93757    0.93729          1     7.4269     6.9550       9.97     0.0368  4.924e-11  1.000e-12  2.031e+00     7.5784     7.5780    -0.0004     5.6203     5.6210     17.340     17.725      0.345    1456.82    1456.79  0.000e+00
       1806     18.000     9.9670     9.9484    -0.0186    0.93698    0.93643          1     7.4159     6.9439       9.97     0.0357  4.924e-11  1.000e-12  2.031e+00     7.5767     7.5757    -0.0009     5.6207     5.6220     17.836     18.231      0.359    1456.76    1456.69  0.000e+00
       1849     18.500     9.9336     9.8811    -0.0525    0.93578    0.93401          1     7.3974     6.9292       9.98     0.0381  4.924e-11  1.000e-12  2.031e+00     7.5731     7.5686    -0.0045     5.6215     5.6236     18.331     18.738      0.249    1456.64    1456.43  0.000e+00
       1892     19.000     9.8932     9.8386    -0.0545    0.93432    0.93258          1     7.3693     6.9121       9.97     0.0364  4.924e-11  1.000e-12  2.031e+00     7.5688     7.5650    -0.0038     5.6224     5.6253     18.826     19.244      0.311    1456.48    1456.27  0.000e+00
       1934     19.500     9.8421     9.8116    -0.0305    0.93257    0.93164          1     7.3700     6.9160       9.98     0.0361  4.924e-11  1.000e-12  2.031e+00     7.5642     7.5624    -0.0018     5.6243     5.6261     19.322     19.750      0.250    1456.29    1456.17  0.000e+00
       1984     20.000     9.8177     9.7888    -0.0288    0.93180    0.93097          1     7.3716     6.9155       9.98     0.0365  4.924e-11  1.000e-12  2.031e+00     7.5624     7.5612    -0.0012     5.6255     5.6276     19.817     20.257      0.275    1456.20    1456.08  0.000e+00
       2023     20.500     9.7824     9.7396    -0.0428    0.93065    0.92953          1     7.3930     6.9250       9.98     0.0344  4.924e-11  1.000e-12  2.031e+00     7.5597     7.5588    -0.0009     5.6271     5.6309     20.313     20.763      0.296    1456.06    1455.89  0.000e+00
       2066     21.000     9.7358     9.6882    -0.0476    0.92932    0.92798          1     7.4005     6.9285       9.98     0.0356  4.924e-11  1.000e-12  2.031e+00     7.5577     7.5560    -0.0017     5.6305     5.6341     20.808     21.270      0.284    1455.89    1455.70  0.000e+00
       2104     21.500     9.7010     9.6607    -0.0403    0.92823    0.92722          1     7.4045     6.9261       9.98     0.0339  4.924e-11  1.000e-12  2.031e+00     7.5554     7.5550    -0.0004     5.6323     5.6361     21.303     21.776      0.340    1455.76    1455.60  0.000e+00
       2144     22.000     9.6703     9.6370    -0.0333    0.92741    0.92654          1     7.4166     6.9261       9.98     0.0339  4.924e-11  1.000e-12  2.031e+00     7.5546     7.5540    -0.0006     5.6349     5.6378     21.799     22.283      0.248    1455.64    1455.51  0.000e+00
       2197     22.500     9.6464     9.5487    -0.0976    0.92663    0.92385          1     7.4021     6.9305       9.98     0.0341  4.924e-11  1.000e-12  2.031e+00     7.5527     7.5488    -0.0039     5.6358     5.6428     22.294     22.789      0.282    1455.55    1455.17  0.000e+00
       2231     23.000     9.5493     9.4074    -0.1419    0.92360    0.91956          1     7.3864     6.9155       9.98     0.0317  4.924e-11  1.000e-12  2.031e+00     7.5464     7.5406    -0.0059     5.6409     5.6506     22.790     23.295      0.335    1455.17    1454.61  0.000e+00
       2281     23.500     9.4173     9.3034    -0.1139    0.91947    0.91627          1     7.3842     6.9353       9.97     0.0322  4.924e-11  1.000e-12  2.031e+00     7.5376     7.5333    -0.0043     5.6474     5.6553     23.285     23.802      0.230    1454.65    1454.20  0.000e+00
       2328     24.000     9.3030     9.2319    -0.0710    0.91594    0.91424          1     7.3965     6.9459       9.98     0.0297  4.924e-11  1.000e-12  2.031e+00     7.5304     7.5302    -0.0001     5.6531     5.6600     23.780     24.308      0.387    1454.20    1453.92  0.000e+00
       2357     24.500     9.2419     9.1872    -0.0546    0.91424    0.91300          1     7.4045     6.9509       9.98     0.0294  4.924e-11  1.000e-12  2.031e+00     7.5281     7.5286     0.0005     5.6573     5.6630     24.276     24.815      0.367    1453.96    1453.74  0.000e+00
       2406     25.000     9.2071     9.1919    -0.0151    0.91361    0.91397          1     7.3702     6.9084       9.98     0.0305  4.924e-11  1.000e-12  2.031e+00     7.5297     7.5361     0.0064     5.6620     5.6685     24.771     25.321      0.223    1453.83    1453.78  0.000e+00
       2451     25.500     9.2093     9.2314     0.0220    0.91453    0.91595          1     7.3155     6.8677       9.97     0.0292  4.924e-11  1.000e-12  2.031e+00     7.5374     7.5453     0.0079     5.6678     5.6718     25.267     25.827      0.379    1453.86    1453.96  0.000e+00
       2482     26.000     9.2363     9.2905     0.0542    0.91605    0.91856          1     7.2751     6.8367       9.98     0.0289  4.924e-11  1.000e-12  2.031e+00     7.5451     7.5559     0.0108     5.6712     5.6743     25.762     26.334      0.338    1453.98    1454.21  0.000e+00
       2533     26.500     9.3016     9.3842     0.0824    0.91926    0.92281          1     7.2373     6.7657       9.98     0.0302  4.924e-11  1.000e-12  2.031e+00     7.5597     7.5737     0.0140     5.6761     5.6788     26.257     26.840      0.205    1454.27    1454.61  0.000e+00
       2584     27.000     9.4182     9.4086    -0.0093    0.92446    0.92529          1     7.2454     6.7180       9.97     0.0284  4.924e-11  1.000e-12  2.031e+00     7.5810     7.5904     0.0094     5.6811     5.6894     26.753     27.347      0.328    1454.76    1454.74  0.000e+00
       2617     27.500     9.3878     9.3633    -0.0248    0.92437    0.92426          1     7.2565     6.6832       9.98     0.0269  4.924e-11  1.000e-12  2.031e+00     7.5866     7.5908     0.0042     5.6885     5.6942     27.248     27.853      0.351    1454.66    1454.57  0.000e+00
       2660     28.000     9.2409     8.8013    -0.4390    0.92172    0.91172          1     7.1677     6.6304       9.98     0.0278  4.924e-11  1.000e-12  2.031e+00     7.5941     7.5984     0.0043     5.7088     5.7539     27.744     28.359      0.224    1454.09    1452.35  0.000e+00
       2712     28.500     8.7857     8.3906    -0.3947    0.91025    0.90172          1     7.0676     6.5913       9.98     0.0267  4.924e-11  1.000e-12  2.031e+00     7.5886     7.5963     0.0077     5.7478     5.7894     28.239     28.866      0.315    1452.28    1450.70  0.000e+00
