ctdpy/exports/archive_20191121_122431/received_data/SBE09_0827_20180226_0939_26_01_0314.cnv
* Sea-Bird SBE 9 Data File:
* FileName = D:\CTD_SBE911\DAT\26DA.2018.3.14.hex
* Software Version Seasave V 7.21d
* Temperature SN = 034757
* Conductivity SN = 041844
* Number of Bytes Per Scan = 48
* Number of Voltage Words = 5
* Number of Scans Averaged by the Deck Unit = 1
* NMEA Latitude = 55 40.41 N
* NMEA Longitude = 015 08.41 E
* NMEA UTC (Time) = Feb 26 2018  09:40:06
* NMEA baud rate = 4800
** Ship: DANA
** Average sound velocity: 1431.79 m/s
** True-depth calculation Tue, 02 Apr 2019 08:34:44 +0000
** CTD Python Module SMHI /ver 3-12/ feb 2012 
** LIMS Job: 20182601-0314
** Operator:
** Cruise: 02/2018
# nquan = 26
# nvalues = 126                         
# units = specified
# name 0 = scan: Scan Count
# name 1 = prDM: Pressure, Digiquartz [db]
# name 2 = t090C: Temperature [ITS-90, deg C]
# name 3 = t190C: Temperature, 2 [ITS-90, deg C]
# name 4 = T2-T190C: Temperature Difference, 2 - 1 [ITS-90, deg C]
# name 5 = c0S/m: Conductivity [S/m]
# name 6 = c1S/m: Conductivity, 2 [S/m]
# name 7 = pumps: Pump Status
# name 8 = sbeox1ML/L: Oxygen, SBE 43, 2 [ml/l]
# name 9 = sbeox0ML/L: Oxygen, SBE 43 [ml/l]
# name 10 = altM: Altimeter [m]
# name 11 = chloroflTC0: Chlorophyll, Turner Cyclops [ug/l]
# name 12 = cpar: CPAR/Corrected Irradiance [%]
# name 13 = par: PAR/Irradiance, Biospherical/Lico [µE/(cm^2*s)]
# name 14 = spar: SPAR, Biospherical/Licor
# name 15 = sal00: Salinity, Practical [PSU]
# name 16 = sal11: Salinity, Practical, 2 [PSU]
# name 17 = secS-priS: Salinity, Practical, Difference, 2 - 1 [PSU]
# name 18 = sigma-t00: Density [sigma-t, kg/m^3 ]
# name 19 = sigma-t11: Density, 2 [sigma-t, kg/m^3 ]
# name 20 = depSM: Depth [salt water, m], lat = 55.6735
# name 21 = depFM: Depth [true depth, m], lat = 55.6735
# name 22 = dz/dtM: Descent Rate [m/s], WS = 2
# name 23 = svCM: Sound Velocity [Chen-Millero, m/s]
# name 24 = svCM1: Sound Velocity, 2 [Chen-Millero, m/s]
# name 25 = flag: flag
# span 0 =         15,       6236       
# span 1 =      1.500,     64.000       
# span 2 =     3.1762,     8.2533       
# span 3 =     3.1753,     8.3356       
# span 4 =    -0.0587,     0.3008       
# span 5 =   0.768320,   1.763872       
# span 6 =   0.767701,   1.765696       
# span 7 =          1,          1       
# span 8 =     0.2899,     8.3433       
# span 9 =   -25.4586,    43.8869       
# span 10 =       1.92,      10.00      
# span 11 =     0.0094,     0.0237      
# span 12 = -3.228e-05, 1.0674e+01      
# span 13 = -1.735e-04, 5.0096e+01      
# span 14 = 4.6019e+02, 5.3817e+02      
# span 15 =     7.4681,    16.0555      
# span 16 =     7.4618,    16.0824      
# span 17 =    -0.0148,     0.2638      
# span 18 =     5.9520,    12.4798      
# span 19 =     5.9471,    12.5028      
# span 20 =      1.486,     63.410      
# span 21 =      1.519,     64.771      
# span 22 =     -0.105,      0.595      
# span 23 =    1427.62,    1459.20      
# span 24 =    1427.61,    1459.26      
# span 25 = 0.0000e+00, 0.0000e+00      
# interval = decibars: 0.5              
# start_time = Feb 26 2018 09:40:07 [NMEA time, first data scan]
# bad_flag = -9.990e-29
*END*
[from data line 56]
       2828     29.500     3.2402     3.2477     0.0075    0.77098    0.77059          1     8.2914     4.4937       9.95     0.0126  1.865e-13  1.000e-12  5.361e+02     7.4771     7.4712    -0.0059     5.9584     5.9536     29.230     29.869      0.308    1428.36    1428.39  0.000e+00
       2894     30.000     3.2506     3.2531     0.0025    0.77143    0.77087          1     8.2876     9.4764       9.95     0.0123  1.871e-13  1.000e-12  5.345e+02     7.4792     7.4728    -0.0064     5.9600     5.9548     29.726     30.375      0.250    1428.42    1428.43  0.000e+00
       2938     30.500     3.2552     3.2556     0.0003    0.77161    0.77099          1     8.2795    11.8067       9.95     0.0122  1.872e-13  1.000e-12  5.341e+02     7.4800     7.4735    -0.0065     5.9605     5.9553     30.221     30.882      0.377    1428.45    1428.45  0.000e+00
       2969     31.000     3.2561     3.2600     0.0039    0.77165    0.77118          1     8.2891    13.0327       9.95     0.0124  1.878e-13  1.000e-12  5.324e+02     7.4802     7.4743    -0.0059     5.9606     5.9559     30.716     31.388      0.354    1428.47    1428.48  0.000e+00
       3025     31.500     3.2610     3.2631     0.0021    0.77188    0.77135          1     8.3041     9.3184       9.95     0.0117  1.880e-13  1.000e-12  5.319e+02     7.4813     7.4753    -0.0061     5.9615     5.9567     31.212     31.894      0.250    1428.50    1428.50  0.000e+00
       3070     32.000     3.2633     3.2628    -0.0005    0.77199    0.77138          1     8.2958    11.7403       9.95     0.0124  1.887e-13  1.000e-12  5.300e+02     7.4818     7.4756    -0.0062     5.9619     5.9569     31.707     32.400      0.397    1428.52    1428.51  0.000e+00
       3101     32.500     3.2621     3.2581    -0.0040    0.77191    0.77114          1     8.2824    18.2968       9.95     0.0121  1.892e-13  1.000e-12  5.287e+02     7.4812     7.4742    -0.0070     5.9614     5.9559     32.203     32.907      0.305    1428.52    1428.49  0.000e+00
       3173     33.000     3.2586     3.2591     0.0006    0.77174    0.77118          1     8.2822    11.3488       9.95     0.0118  1.900e-13  1.000e-12  5.262e+02     7.4803     7.4743    -0.0060     5.9607     5.9559     32.698     33.413      0.257    1428.51    1428.50  0.000e+00
       3213     33.500     3.2588     3.2587    -0.0000    0.77177    0.77117          1     8.2736     2.4400       9.95     0.0126  1.903e-13  1.000e-12  5.255e+02     7.4804     7.4742    -0.0062     5.9608     5.9559     33.193     33.919      0.343    1428.52    1428.51  0.000e+00
       3254     34.000     3.2623     3.2639     0.0017    0.77197    0.77143          1     8.2857     6.1849       9.95     0.0126  1.910e-13  1.000e-12  5.236e+02     7.4817     7.4756    -0.0061     5.9618     5.9569     33.689     34.425      0.233    1428.54    1428.54  0.000e+00
       3313     34.500     3.2640     3.2635    -0.0005    0.77208    0.77146          1     8.2547     9.8308       9.95     0.0122  1.918e-13  1.000e-12  5.214e+02     7.4823     7.4760    -0.0063     5.9622     5.9572     34.184     34.932      0.264    1428.56    1428.55  0.000e+00
       3348     35.000     3.2652     3.2642    -0.0010    0.77217    0.77151          1     8.2838     5.3432       9.95     0.0126  1.924e-13  1.000e-12  5.198e+02     7.4829     7.4763    -0.0066     5.9627     5.9574     34.680     35.438      0.407    1428.57    1428.56  0.000e+00
       3377     35.500     3.2656     3.2655    -0.0001    0.77218    0.77157          1     8.3157     6.4692       9.95     0.0123  1.931e-13  1.000e-12  5.179e+02     7.4829     7.4765    -0.0064     5.9627     5.9576     35.175     35.944      0.320    1428.58    1428.57  0.000e+00
       3463     36.000     3.2659     3.2667     0.0007    0.77224    0.77168          1     8.2488    -0.7854       9.95     0.0122  1.941e-13  1.000e-12  5.153e+02     7.4833     7.4773    -0.0060     5.9630     5.9582     35.670     36.450      0.344    1428.59    1428.59  0.000e+00
       3489     36.500     3.2669     3.2752     0.0082    0.77230    0.77195          1     8.2585    26.8710       9.95     0.0114  1.946e-13  1.000e-12  5.138e+02     7.4836     7.4781    -0.0055     5.9633     5.9588     36.166     36.957      0.442    1428.61    1428.64  0.000e+00
       3551     37.000     3.2758     3.2851     0.0092    0.77273    0.77249          1     8.2762     9.0254       9.95     0.0121  1.962e-13  1.000e-12  5.098e+02     7.4860     7.4813    -0.0047     5.9650     5.9612     36.661     37.463      0.308    1428.66    1428.69  0.000e+00
       3600     37.500     3.2809     3.2706    -0.0103    0.77294    0.77197          1     8.2672    11.5458       9.95     0.0118  1.970e-13  1.000e-12  5.076e+02     7.4869     7.4792    -0.0077     5.9657     5.9597     37.156     37.969      0.580    1428.69    1428.63  0.000e+00
       3619     38.000     3.2794     3.2884     0.0090    0.77291    0.77249          1     8.2826    18.4438       9.95     0.0121  1.976e-13  1.000e-12  5.060e+02     7.4869     7.4804    -0.0065     5.9657     5.9604     37.652     38.475      0.542    1428.69    1428.72  0.000e+00
       3676     38.500     3.2946     3.2984     0.0038    0.77362    0.77311          1     8.2682     7.3436       9.95     0.0123  1.982e-13  1.000e-12  5.045e+02     7.4906     7.4845    -0.0061     5.9684     5.9635     38.147     38.982      0.309    1428.77    1428.78  0.000e+00
       3727     39.000     3.3030     3.3115     0.0084    0.77405    0.77366          1     8.2486     7.4248       9.95     0.0121  1.994e-13  1.000e-12  5.016e+02     7.4931     7.4871    -0.0060     5.9703     5.9654     38.643     39.488      0.499    1428.82    1428.85  0.000e+00
       3755     39.500     3.3178     3.3276     0.0099    0.77492    0.77475          1     8.2629    16.6091       9.95     0.0122  1.996e-13  1.000e-12  5.009e+02     7.4986     7.4946    -0.0040     5.9745     5.9712     39.138     39.994      0.366    1428.90    1428.94  0.000e+00
       3852     40.000     3.3093     3.3071    -0.0022    0.77433    0.77374          1     8.2550     9.4070       9.95     0.0116  2.010e-13  1.000e-12  4.975e+02     7.4944     7.4888    -0.0056     5.9713     5.9669     39.633     40.500      0.292    1428.87    1428.85  0.000e+00
       3884     40.500     3.3074     3.3131     0.0057    0.77429    0.77391          1     8.2435     6.7205       9.95     0.0123  2.014e-13  1.000e-12  4.966e+02     7.4944     7.4891    -0.0052     5.9713     5.9670     40.129     41.006      0.301    1428.87    1428.89  0.000e+00
       3929     41.000     3.3289     3.3401     0.0113    0.77554    0.77521          1     8.2639    11.8642       9.95     0.0122  2.020e-13  1.000e-12  4.951e+02     7.5023     7.4963    -0.0061     5.9773     5.9723     40.624     41.513      0.266    1428.98    1429.03  0.000e+00
       3971     41.500     3.3675     3.3819     0.0143    0.77777    0.77768          1     8.2692     9.7436       9.95     0.0122  2.027e-13  1.000e-12  4.934e+02     7.5164     7.5121    -0.0043     5.9879     5.9842     41.119     42.019      0.282    1429.19    1429.25  0.000e+00
       4016     42.000     3.3931     3.3988     0.0057    0.77924    0.77874          1     8.2695     7.0644       9.95     0.0119  2.034e-13  1.000e-12  4.916e+02     7.5256     7.5192    -0.0064     5.9948     5.9896     41.615     42.525      0.260    1429.32    1429.34  0.000e+00
       4061     42.500     3.4041     3.3993    -0.0047    0.77983    0.77897          1     8.2510     7.4893       9.95     0.0119  2.041e-13  1.000e-12  4.899e+02     7.5291     7.5214    -0.0078     5.9975     5.9914     42.110     43.031      0.256    1429.39    1429.35  0.000e+00
       4119     43.000     3.4118     3.4122     0.0004    0.78028    0.77945          1     8.2354     7.7396       9.95     0.0122  2.052e-13  1.000e-12  4.873e+02     7.5319     7.5233    -0.0086     5.9996     5.9927     42.605     43.538      0.203    1429.43    1429.42  0.000e+00
       4170     43.500     3.4255     3.4272     0.0017    0.78108    0.78043          1     8.2627     6.8575       9.95     0.0119  2.060e-13  1.000e-12  4.853e+02     7.5370     7.5299    -0.0071     6.0034     5.9977     43.101     44.044      0.286    1429.51    1429.51  0.000e+00
       4217     44.000     3.4307     3.4313     0.0006    0.78134    0.78070          1     8.2507     6.3063       9.95     0.0122  2.065e-13  1.000e-12  4.843e+02     7.5384     7.5316    -0.0067     6.0044     5.9990     43.596     44.550      0.214    1429.54    1429.54  0.000e+00
       4273     44.500     3.4343     3.4355     0.0012    0.78152    0.78089          1     8.2358    22.5502       9.95     0.0121  2.072e-13  1.000e-12  4.825e+02     7.5393     7.5325    -0.0068     6.0051     5.9997     44.092     45.056      0.307    1429.57    1429.57  0.000e+00
       4305     45.000     3.4384     3.4380    -0.0004    0.78172    0.78104          1     8.2590     7.2480       9.95     0.0123  2.079e-13  1.000e-12  4.811e+02     7.5404     7.5335    -0.0069     6.0059     6.0004     44.587     45.563      0.370    1429.60    1429.59  0.000e+00
       4342     45.500     3.4401     3.4411     0.0010    0.78182    0.78118          1     8.2581     6.3961       9.95     0.0117  2.086e-13  1.000e-12  4.793e+02     7.5409     7.5341    -0.0068     6.0063     6.0009     45.082     46.069      0.260    1429.61    1429.61  0.000e+00
       4421     46.000     3.4499     3.4512     0.0013    0.78233    0.78175          1     8.2649     3.2231       9.95     0.0124  2.094e-13  1.000e-12  4.776e+02     7.5439     7.5376    -0.0063     6.0085     6.0035     45.578     46.575      0.253    1429.67    1429.67  0.000e+00
       4465     46.500     3.4557     3.4567     0.0010    0.78263    0.78198          1     8.2468     6.3787       9.95     0.0127  2.102e-13  1.000e-12  4.757e+02     7.5456     7.5386    -0.0070     6.0098     6.0042     46.073     47.081      0.342    1429.71    1429.70  0.000e+00
       4506     47.000     3.4663     3.4715     0.0052    0.78324    0.78277          1     8.2250     8.4239       9.95     0.0124  2.105e-13  1.000e-12  4.750e+02     7.5494     7.5433    -0.0061     6.0126     6.0076     46.568     47.588      0.231    1429.77    1429.78  0.000e+00
       4565     47.500     3.5015     3.5094     0.0079    0.78514    0.78472          1     8.2117     8.0927       9.95     0.0122  2.113e-13  1.000e-12  4.732e+02     7.5608     7.5545    -0.0062     6.0211     6.0160     47.064     48.094      0.244    1429.95    1429.98  0.000e+00
       4607     48.000     3.5155     3.5161     0.0006    0.78584    0.78517          1     8.2001     5.8015       9.95     0.0125  2.119e-13  1.000e-12  4.719e+02     7.5647     7.5576    -0.0071     6.0239     6.0183     47.559     48.600      0.312    1430.03    1430.02  0.000e+00
       4645     48.500     3.5201     3.5179    -0.0022    0.78611    0.78533          1     8.2075     7.4955       9.95     0.0121  2.122e-13  1.000e-12  4.712e+02     7.5662     7.5588    -0.0075     6.0251     6.0192     48.054     49.106      0.298    1430.06    1430.04  0.000e+00
       4700     49.000     3.5228     3.5270     0.0043    0.78624    0.78574          1     8.1876     8.2848       9.95     0.0122  2.125e-13  1.000e-12  4.705e+02     7.5670     7.5608    -0.0062     6.0257     6.0206     48.550     49.612      0.180    1430.08    1430.09  0.000e+00
       4765     49.500     3.5348     3.5381     0.0033    0.78680    0.78627          1     8.1762     7.0344       9.95     0.0124  2.132e-13  1.000e-12  4.691e+02     7.5699     7.5636    -0.0063     6.0277     6.0227     49.045     50.119      0.263    1430.14    1430.15  0.000e+00
       4806     50.000     3.5386     3.5386    -0.0001    0.78695    0.78629          1     8.1941     7.0675       9.95     0.0128  2.132e-13  1.000e-12  4.691e+02     7.5704     7.5636    -0.0068     6.0281     6.0226     49.540     50.625      0.268    1430.17    1430.16  0.000e+00
       4857     50.500     3.5400     3.5410     0.0010    0.78702    0.78640          1     8.1965     5.3001       9.95     0.0130  2.139e-13  1.000e-12  4.675e+02     7.5707     7.5642    -0.0066     6.0283     6.0231     50.036     51.131      0.236    1430.19    1430.18  0.000e+00
       4900     51.000     3.5408     3.5414     0.0006    0.78706    0.78644          1     8.1495    10.8741       9.95     0.0130  2.141e-13  1.000e-12  4.671e+02     7.5709     7.5644    -0.0065     6.0285     6.0232     50.531     51.637      0.314    1430.20    1430.19  0.000e+00
       4941     51.500     3.5432     3.5443     0.0010    0.78717    0.78656          1     8.1437    10.9100       9.95     0.0128  2.141e-13  1.000e-12  4.671e+02     7.5714     7.5649    -0.0065     6.0288     6.0236     51.026     52.143      0.246    1430.22    1430.21  0.000e+00
       5000     52.000     3.5472     3.5497     0.0025    0.78739    0.78684          1     8.1540     7.9806       9.95     0.0121  2.141e-13  1.000e-12  4.671e+02     7.5727     7.5664    -0.0063     6.0298     6.0247     51.522     52.650      0.248    1430.24    1430.25  0.000e+00
       5043     52.500     3.5554     3.5586     0.0032    0.78783    0.78727          1     8.1509     4.6362       9.95     0.0119  2.141e-13  1.000e-12  4.671e+02     7.5752     7.5688    -0.0065     6.0316     6.0264     52.017     53.156      0.259    1430.29    1430.30  0.000e+00
       5094     53.000     3.5939     3.6151     0.0211    0.79042    0.79021          1     8.0998     5.5850       9.95     0.0124  2.141e-13  1.000e-12  4.670e+02     7.5929     7.5858    -0.0072     6.0450     6.0389     52.512     53.662      0.245    1430.50    1430.59  0.000e+00
       5143     53.500     3.7336     3.7798     0.0466    0.80001    0.80113          1     7.9674     6.5072       9.95     0.0124  2.147e-13  1.000e-12  4.659e+02     7.6589     7.6595     0.0006     6.0946     6.0941     53.008     54.168      0.241    1431.22    1431.43  0.000e+00
       5187     54.000     3.8285     3.8882     0.0593    0.80746    0.80951          1     7.7408     7.4344       9.95     0.0124  2.150e-13  1.000e-12  4.651e+02     7.7129     7.7198     0.0069     6.1355     6.1396     53.503     54.674      0.337    1431.73    1432.01  0.000e+00
       5221     54.500     3.9247     3.9820     0.0572    0.81371    0.81512          1     7.5746     6.3588       9.95     0.0133  2.150e-13  1.000e-12  4.651e+02     7.7542     7.7550     0.0009     6.1660     6.1653     53.998     55.181      0.296    1432.23    1432.49  0.000e+00
       5280     55.000     4.0123     4.2935     0.2810    0.82021    0.83905          1     7.2313     6.5630       9.95     0.0125  2.150e-13  1.000e-12  4.651e+02     7.7997     7.9241     0.1244     6.1999     6.2906     54.494     55.687      0.239    1432.69    1434.11  0.000e+00
       5321     55.500     4.4018     4.5132     0.1114    0.85281    0.85742          1     6.8208     5.2444       9.95     0.0128  2.155e-13  1.000e-12  4.641e+02     8.0375     8.0570     0.0195     6.3773     6.3891     54.989     56.193      0.379    1434.74    1435.26  0.000e+00
       5354     56.000     4.5507     4.6401     0.0896    0.86613    0.87052          1     6.4586     8.4432       9.94     0.0131  2.160e-13  1.000e-12  4.629e+02     8.1359     8.1580     0.0222     6.4503     6.4646     55.484     56.699      0.272    1435.54    1435.96  0.000e+00
       5424     56.500     4.9047     5.1015     0.1961    0.92144    0.93261          1     5.5827     2.0319       9.57     0.0133  2.160e-13  1.000e-12  4.630e+02     8.6029     8.6640     0.0611     6.8063     6.8461     55.980     57.205      0.309    1437.70    1438.64  0.000e+00
