ctdpy/exports/archive_20191121_122431/received_data/SBE09_0827_20180903_0113_26_01_0952.cnv
* Sea-Bird SBE 9 Data File:
* FileName = D:\CTD_SBE911\DAT\26DA.2018.9.2.hex
* Software Version Seasave V 7.21d
* Temperature SN = 034605
* Conductivity SN = 041844
* Number of Bytes Per Scan = 48
* Number of Voltage Words = 5
* Number of Scans Averaged by the Deck Unit = 1
* NMEA Latitude = 55 52.05 N
* NMEA Longitude = 012 44.89 E
* NMEA UTC (Time) = Sep 03 2018  01:16:09
* NMEA baud rate = 4800
** Ship: DANA
** Average sound velocity: 1489.81 m/s
** True-depth calculation Wed, 03 Apr 2019 09:22:08 +0000
** CTD Python Module SMHI /ver 3-12/ feb 2012 
** LIMS Job: 20182601-0952
**  W LANDSKRONA
** Operator: Christian JKro
** Cruise: 09/2018
# nquan = 26
# nvalues = 90                          
# units = specified
# name 0 = scan: Scan Count
# name 1 = prDM: Pressure, Digiquartz [db]
# name 2 = t090C: Temperature [ITS-90, deg C]
# name 3 = t190C: Temperature, 2 [ITS-90, deg C]
# name 4 = T2-T190C: Temperature Difference, 2 - 1 [ITS-90, deg C]
# name 5 = c0S/m: Conductivity [S/m]
# name 6 = c1S/m: Conductivity, 2 [S/m]
# name 7 = pumps: Pump Status
# name 8 = sbeox1ML/L: Oxygen, SBE 43, 2 [ml/l]
# name 9 = sbeox0ML/L: Oxygen, SBE 43 [ml/l]
# name 10 = altM: Altimeter [m]
# name 11 = chloroflTC0: Chlorophyll, Turner Cyclops [ug/l]
# name 12 = cpar: CPAR/Corrected Irradiance [%]
# name 13 = par: PAR/Irradiance, Biospherical/Lico [µE/(cm^2*s)]
# name 14 = spar: SPAR, Biospherical/Licor
# name 15 = sal00: Salinity, Practical [PSU]
# name 16 = sal11: Salinity, Practical, 2 [PSU]
# name 17 = secS-priS: Salinity, Practical, Difference, 2 - 1 [PSU]
# name 18 = sigma-t00: Density [sigma-t, kg/m^3 ]
# name 19 = sigma-t11: Density, 2 [sigma-t, kg/m^3 ]
# name 20 = depSM: Depth [salt water, m], lat = 55.8675
# name 21 = depFM: Depth [true depth, m], lat = 55.8675
# name 22 = dz/dtM: Descent Rate [m/s], WS = 2
# name 23 = svCM: Sound Velocity [Chen-Millero, m/s]
# name 24 = svCM1: Sound Velocity, 2 [Chen-Millero, m/s]
# name 25 = flag: flag
# span 0 =        436,       6802       
# span 1 =      2.000,     46.500       
# span 2 =     9.9251,    17.5934       
# span 3 =     9.9327,    17.5888       
# span 4 =    -0.0459,     0.8911       
# span 5 =   1.407657,   3.571170       
# span 6 =   1.408048,   3.573495       
# span 7 =          1,          1       
# span 8 =     2.7977,     6.5916       
# span 9 =     2.6447,     6.2988       
# span 10 =       2.04,       9.97      
# span 11 =     0.0712,     0.3057      
# span 12 = 4.9241e-11, 4.9241e-11      
# span 13 = 1.0000e-12, 1.0000e-12      
# span 14 = 2.0308e+00, 2.0308e+00      
# span 15 =     9.6758,    32.6221      
# span 16 =     9.6771,    32.6176      
# span 17 =    -2.5889,     0.0392      
# span 18 =     6.0745,    25.1081      
# span 19 =     6.0744,    25.1033      
# span 20 =      1.982,     46.072      
# span 21 =      2.025,     46.523      
# span 22 =     -0.268,      0.326      
# span 23 =    1485.63,    1498.05      
# span 24 =    1485.63,    1497.75      
# span 25 = 0.0000e+00, 0.0000e+00      
# interval = decibars: 0.5              
# start_time = Sep 03 2018 01:16:09 [NMEA time, first data scan]
# bad_flag = -9.990e-29
*END*
        436      2.000    17.5934    17.5888    -0.0047    1.42161    1.42088          1     6.5916     6.2988       9.97     0.2473  4.924e-11  1.000e-12  2.031e+00     9.7555     9.7511    -0.0044     6.1152     6.1128      1.982      2.025      0.178    1485.99    1485.97  0.000e+00
        489      2.500    17.5723    17.5835     0.0113    1.41809    1.41964          1     6.5726     6.2587       9.97     0.2597  4.924e-11  1.000e-12  2.031e+00     9.7343     9.7431     0.0089     6.1032     6.1077      2.477      2.531      0.234    1485.91    1485.95  0.000e+00
        540      3.000    17.5134    17.5610     0.0475    1.41005    1.41683          1     6.5769     6.2173       9.97     0.2657  4.924e-11  1.000e-12  2.031e+00     9.6884     9.7275     0.0392     6.0800     6.1003      2.973      3.037      0.232    1485.68    1485.87  0.000e+00
        589      3.500    17.5061    17.5071     0.0010    1.41054    1.40969          1     6.5504     6.2299       9.97     0.2623  4.924e-11  1.000e-12  2.031e+00     9.6937     9.6871    -0.0066     6.0854     6.0803      3.468      3.543      0.248    1485.67    1485.66  0.000e+00
        639      4.000    17.4995    17.5181     0.0185    1.40873    1.41196          1     6.5322     6.2123       9.97     0.2716  4.924e-11  1.000e-12  2.031e+00     9.6817     9.7014     0.0197     6.0776     6.0889      3.964      4.049      0.236    1485.64    1485.72  0.000e+00
        691      4.500    17.4956    17.4960     0.0004    1.40800    1.40806          1     6.4993     6.2200       9.97     0.2752  4.924e-11  1.000e-12  2.031e+00     9.6771     9.6775     0.0004     6.0749     6.0752      4.459      4.556      0.226    1485.63    1485.63  0.000e+00
        743      5.000    17.4965    17.4995     0.0030    1.40817    1.40820          1     6.4932     6.2141       9.97     0.2966  4.924e-11  1.000e-12  2.031e+00     9.6781     9.6777    -0.0004     6.0755     6.0746      4.955      5.062      0.246    1485.64    1485.65  0.000e+00
        790      5.500    17.4926    17.4981     0.0056    1.40774    1.40809          1     6.5148     6.2074       9.97     0.2993  4.924e-11  1.000e-12  2.031e+00     9.6758     9.6771     0.0013     6.0745     6.0744      5.450      5.568      0.266    1485.64    1485.65  0.000e+00
        834      6.000    17.4869    17.4963     0.0093    1.40766    1.40805          1     6.5050     6.2335       9.97     0.3018  4.924e-11  1.000e-12  2.031e+00     9.6764     9.6772     0.0007     6.0762     6.0748      5.945      6.074      0.268    1485.63    1485.66  0.000e+00
        879      6.500    17.5465    17.5005    -0.0459    1.41495    1.40854          1     6.5302     6.2365       9.97     0.2959  4.924e-11  1.000e-12  2.031e+00     9.7166     9.6798    -0.0368     6.0949     6.0760      6.441      6.580      0.267    1485.87    1485.68  0.000e+00
        925      7.000    17.5521    17.5133    -0.0387    1.42910    1.41082          1     6.5393     6.2067       9.97     0.2860  4.924e-11  1.000e-12  2.031e+00     9.8205     9.6936    -0.1268     6.1728     6.0840      6.936      7.087      0.254    1486.02    1485.75  0.000e+00
        974      7.500    17.5469    17.5250    -0.0219    1.42570    1.41937          1     6.5309     6.2061       9.97     0.2880  4.924e-11  1.000e-12  2.031e+00     9.7963     9.7545    -0.0419     6.1555     6.1280      7.432      7.593      0.239    1485.98    1485.86  0.000e+00
       1025      8.000    17.5590    17.5374    -0.0216    1.46309    1.42487          1     6.5028     6.1736       9.97     0.2745  4.924e-11  1.000e-12  2.031e+00    10.0722     9.7924    -0.2798     6.3630     6.1544      7.927      8.099      0.229    1486.34    1485.95  0.000e+00
       1077      8.500    17.5560    17.5452    -0.0108    1.45378    1.43462          1     6.5122     6.1835       9.97     0.2856  4.924e-11  1.000e-12  2.031e+00    10.0035     9.8631    -0.1404     6.3113     6.2066      8.423      8.605      0.235    1486.26    1486.07  0.000e+00
       1126      9.000    17.5383    17.5460     0.0077    1.49596    1.44461          1     6.4935     6.1280       9.97     0.2933  4.924e-11  1.000e-12  2.031e+00    10.3228     9.9373    -0.3855     6.5578     6.2629      8.918      9.111      0.264    1486.58    1486.16  0.000e+00
       1170      9.500    17.5434    17.5427    -0.0006    1.47448    1.46833          1     6.4906     6.0982       9.97     0.2861  4.924e-11  1.000e-12  2.031e+00    10.1613    10.1149    -0.0463     6.4339     6.3987      9.413      9.617      0.273    1486.42    1486.36  0.000e+00
       1214     10.000    17.5596    17.5441    -0.0155    1.64535    1.47957          1     6.4596     6.0401       9.97     0.3057  4.924e-11  1.000e-12  2.031e+00    11.4400    10.1985    -1.2415     7.4035     6.4621      9.909     10.123      0.263    1487.93    1486.47  0.000e+00
       1261     10.500    17.5780    17.5522    -0.0258    1.68879    1.55753          1     6.4040     5.9986       9.97     0.2982  4.924e-11  1.000e-12  2.031e+00    11.7632    10.7806    -0.9826     7.6457     6.9034     10.404     10.628      0.249    1488.36    1487.17  0.000e+00
       1310     11.000    17.5898    17.5714    -0.0185    1.75885    1.65904          1     6.3399     5.8869       9.97     0.2950  4.924e-11  1.000e-12  2.031e+00    12.2910    11.5401    -0.7509     8.0449     7.4774     10.900     11.133      0.239    1489.01    1488.10  0.000e+00
       1362     11.500    17.5791    17.5803     0.0012    1.82380    1.73247          1     6.2638     5.7084       9.97     0.2673  4.924e-11  1.000e-12  2.031e+00    12.7891    12.0935    -0.6956     8.4260     7.8966     11.395     11.639      0.228    1489.55    1488.76  0.000e+00
       1414     12.000    17.5521    17.5757     0.0236    1.93257    1.81442          1     6.1466     5.5041       9.97     0.2537  4.924e-11  1.000e-12  2.031e+00    13.6310    12.7185    -0.9125     9.0721     8.3730     11.891     12.143      0.241    1490.42    1489.46  0.000e+00
       1462     12.500    17.4927    17.5427     0.0500    2.03578    1.91452          1     5.9959     5.3611       9.97     0.2355  4.924e-11  1.000e-12  2.031e+00    14.4471    13.4953    -0.9518     9.7053     8.9708     12.386     12.648      0.255    1491.17    1490.25  0.000e+00
       1508     13.000    17.4320    17.5030     0.0710    2.13618    2.00450          1     5.8240     5.1697       9.97     0.2241  4.924e-11  1.000e-12  2.031e+00    15.2494    14.2014    -1.0480    10.3286     9.5162     12.881     13.152      0.265    1491.90    1490.93  0.000e+00
       1553     13.500    17.3090    17.4517     0.1427    2.38861    2.08795          1     5.6723     4.8214       9.97     0.2239  4.924e-11  1.000e-12  2.031e+00    17.2846    14.8669    -2.4177    11.9041    10.0333     13.377     13.656      0.269    1493.83    1491.53  0.000e+00
       1597     14.000    17.1749    17.3510     0.1762    2.59868    2.28274          1     5.4864     4.7028       9.97     0.1863  4.924e-11  1.000e-12  2.031e+00    19.0180    16.4291    -2.5889    13.2532    11.2437     13.872     14.159      0.269    1495.38    1493.00  0.000e+00
       1643     14.500    17.1599    17.2599     0.1000    2.71252    2.44375          1     5.2585     4.8924       9.97     0.1651  4.924e-11  1.000e-12  2.031e+00    19.9407    17.7409    -2.1998    13.9598    12.2620     14.368     14.661      0.253    1496.39    1494.21  0.000e+00
       1692     15.000    17.1765    17.2125     0.0361    2.79601    2.56642          1     5.1386     4.9372       9.97     0.1577  4.924e-11  1.000e-12  2.031e+00    20.6079    18.7408    -1.8671    14.4651    13.0339     14.863     15.163      0.248    1497.21    1495.20  0.000e+00
       1739     15.500    17.1635    17.1844     0.0209    2.88051    2.68439          1     5.1192     4.8792       9.97     0.1585  4.924e-11  1.000e-12  2.031e+00    21.3006    19.7016    -1.5989    14.9962    13.7724     15.359     15.665      0.263    1497.97    1496.21  0.000e+00
       1782     16.000    16.7856    17.1745     0.3891    2.99024    2.77434          1     5.1404     4.4888       9.97     0.1721  4.924e-11  1.000e-12  2.031e+00    22.4053    20.4329    -1.9724    15.9206    14.3321     15.854     16.167      0.296    1498.05    1497.02  0.000e+00
       1821     16.500    16.3911    17.1458     0.7548    3.07351    2.81431          1     5.1545     4.2665       9.97     0.1848  4.924e-11  1.000e-12  2.031e+00    23.3205    20.7715    -2.5491    16.7041    14.5965     16.349     16.668      0.322    1497.86    1497.33  0.000e+00
       1857     17.000    16.0982    16.9776     0.8794    3.13228    2.88985          1     5.1003     4.0877       9.97     0.1637  4.924e-11  1.000e-12  2.031e+00    23.9878    21.4750    -2.5128    17.2764    15.1693     16.845     17.169      0.326    1497.71    1497.61  0.000e+00
       1895     17.500    15.8507    16.7424     0.8911    3.17122    2.96749          1     4.9460     3.9667       9.97     0.1796  4.924e-11  1.000e-12  2.031e+00    24.4684    22.2401    -2.2283    17.6962    15.8037     17.340     17.669      0.308    1497.48    1497.75  0.000e+00
       1935     18.000    15.7219    16.2691     0.5475    3.19225    3.07430          1     4.7008     3.7732       9.97     0.1543  4.924e-11  1.000e-12  2.031e+00    24.7281    23.3985    -1.3295    17.9220    16.7895     17.836     18.169      0.289    1497.37    1497.59  0.000e+00
       1978     18.500    15.2743    15.7448     0.4704    3.25572    3.17433          1     4.3435     3.3456       9.97     0.1442  4.924e-11  1.000e-12  2.031e+00    25.5602    24.5635    -0.9967    18.6525    17.7911     18.331     18.670      0.277    1496.90    1497.26  0.000e+00
       2022     19.000    14.9061    15.0978     0.1918    3.30129    3.27507          1     3.8343     3.0561       9.97     0.1273  4.924e-11  1.000e-12  2.031e+00    26.1997    25.8436    -0.3560    19.2186    18.9062     18.826     19.169      0.277    1496.46    1496.67  0.000e+00
       2065     19.500    14.6633    14.8649     0.2016    3.33257    3.31052          1     3.4619     2.9171       9.97     0.1701  4.924e-11  1.000e-12  2.031e+00    26.6396    26.3083    -0.3313    19.6057    19.3104     19.322     19.669      0.277    1496.19    1496.46  0.000e+00
       2109     20.000    14.4456    14.6256     0.1800    3.35743    3.34005          1     3.2715     2.9616       9.97     0.1350  4.924e-11  1.000e-12  2.031e+00    27.0099    26.7314    -0.2785    19.9342    19.6839     19.817     20.168      0.268    1495.91    1496.18  0.000e+00
       2154     20.500    14.3306    14.4531     0.1226    3.36789    3.36130          1     3.1732     2.9933       9.97     0.1455  4.924e-11  1.000e-12  2.031e+00    27.1834    27.0389    -0.1444    20.0906    19.9550     20.313     20.668      0.264    1495.74    1495.98  0.000e+00
       2200     21.000    14.0947    14.2750     0.1805    3.38838    3.37652          1     3.1549     2.9946       9.97     0.1301  4.924e-11  1.000e-12  2.031e+00    27.5339    27.2995    -0.2344    20.4071    20.1910     20.808     21.167      0.263    1495.38    1495.70  0.000e+00
       2246     21.500    13.5819    13.8978     0.3156    3.43985    3.40933          1     3.1295     3.3389       9.97     0.1355  4.924e-11  1.000e-12  2.031e+00    28.3736    27.8652    -0.5085    21.1547    20.7011     21.303     21.666      0.263    1494.67    1495.13  0.000e+00
       2290     22.000    13.1779    13.3621     0.1840    3.46444    3.45613          1     3.2876     3.3474       9.97     0.1331  4.924e-11  1.000e-12  2.031e+00    28.9022    28.6866    -0.2156    21.6404    21.4387     21.799     22.164      0.278    1493.94    1494.31  0.000e+00
       2332     22.500    13.0605    13.1328     0.0726    3.47083    3.47310          1     3.3986     3.3261       9.97     0.1326  4.924e-11  1.000e-12  2.031e+00    29.0504    29.0163    -0.0341    21.7773    21.7372     22.294     22.663      0.296    1493.73    1493.93  0.000e+00
       2372     23.000    12.8515    12.9531     0.1018    3.48130    3.48101          1     3.4137     3.2161       9.97     0.1415  4.924e-11  1.000e-12  2.031e+00    29.3087    29.2275    -0.0812    22.0165    21.9345     22.790     23.161      0.289    1493.33    1493.58  0.000e+00
       2415     23.500    12.5173    12.6817     0.1640    3.49764    3.49464          1     3.3459     3.0601       9.97     0.1337  4.924e-11  1.000e-12  2.031e+00    29.7233    29.5659    -0.1574    22.3997    22.2472     23.285     23.659      0.276    1492.69    1493.07  0.000e+00
       2460     24.000    12.3042    12.4210     0.1170    3.50686    3.50768          1     3.2240     2.9638       9.97     0.1356  4.924e-11  1.000e-12  2.031e+00    29.9794    29.8940    -0.0854    22.6374    22.5498     23.781     24.157      0.259    1492.28    1492.58  0.000e+00
       2508     24.500    11.8216    12.2056     0.3836    3.52942    3.51794          1     3.1280     2.7566       9.97     0.1366  4.924e-11  1.000e-12  2.031e+00    30.5866    30.1637    -0.4229    23.1961    22.7983     24.276     24.655      0.240    1491.34    1492.17  0.000e+00
       2558     25.000    11.5244    11.8876     0.3635    3.54331    3.53429          1     3.0077     2.6447       9.97     0.1420  4.924e-11  1.000e-12  2.031e+00    30.9658    30.5782    -0.3876    23.5438    23.1777     24.771     25.153      0.249    1490.77    1491.57  0.000e+00
       2604     25.500    11.4252    11.7554     0.3301    3.54653    3.54187          1     2.8891     2.6502       9.97     0.1594  4.924e-11  1.000e-12  2.031e+00    31.0803    30.7597    -0.3206    23.6504    23.3424     25.267     25.650      0.268    1490.56    1491.33  0.000e+00
       2648     26.000    11.2059    11.6136     0.4079    3.55340    3.54742          1     2.8329     2.7254       9.97     0.1903  4.924e-11  1.000e-12  2.031e+00    31.3323    30.9309    -0.4015    23.8850    23.5008     25.762     26.148      0.282    1490.11    1491.05  0.000e+00
       2690     26.500    11.1559    11.6630     0.5069    3.55475    3.54758          1     2.8092     2.8347       9.97     0.1620  4.924e-11  1.000e-12  2.031e+00    31.3880    30.8911    -0.4969    23.9370    23.4610     26.257     26.645      0.286    1490.01    1491.19  0.000e+00
       2733     27.000    11.1182    11.5022     0.3837    3.55536    3.55521          1     2.7977     2.9136       9.97     0.1519  4.924e-11  1.000e-12  2.031e+00    31.4259    31.0994    -0.3265    23.9731    23.6515     26.753     27.143      0.271    1489.93    1490.88  0.000e+00
       2779     27.500    11.1097    11.3817     0.2724    3.55544    3.55924          1     2.8080     2.9210       9.97     0.1343  4.924e-11  1.000e-12  2.031e+00    31.4338    31.2398    -0.1940    23.9807    23.7820     27.248     27.640      0.252    1489.91    1490.64  0.000e+00
       2828     28.000    11.0605    11.3141     0.2535    3.55639    3.55804          1     2.8537     2.9360       9.97     0.1240  4.924e-11  1.000e-12  2.031e+00    31.4851    31.2851    -0.2000    24.0292    23.8292     27.744     28.137      0.234    1489.81    1490.46  0.000e+00
       2879     28.500    10.8881    11.2516     0.3634    3.56054    3.55823          1     2.8810     2.9744       9.97     0.1198  4.924e-11  1.000e-12  2.031e+00    31.6739    31.3399    -0.3341    24.2061    23.8828     28.239     28.634      0.238    1489.44    1490.32  0.000e+00
       2928     29.000    10.7666    11.0845     0.3178    3.56314    3.56206          1     2.9136     2.8889       9.97     0.1223  4.924e-11  1.000e-12  2.031e+00    31.8050    31.5198    -0.2852    24.3291    24.0520     28.734     29.132      0.259    1489.17    1489.95  0.000e+00
