ctdpy/exports/archive_20191121_122431/received_data/SBE09_0827_20181126_1446_26_01_1255.cnv
* Sea-Bird SBE 9 Data File:
* FileName = D:\CTD_SBE911\DAT\26DA.2018.12.55.hex
* Software Version Seasave V 7.21d
* Temperature SN = 4548
* Conductivity SN = 3062
* Number of Bytes Per Scan = 48
* Number of Voltage Words = 5
* Number of Scans Averaged by the Deck Unit = 1
* NMEA Latitude = 56 31.96 N
* NMEA Longitude = 016 52.93 E
* NMEA UTC (Time) = Nov 26 2018  14:47:28
* NMEA baud rate = 4800
** Ship: DANA
** Average sound velocity: 1442.02 m/s
** True-depth calculation Tue, 02 Apr 2019 12:15:40 +0000
** CTD Python Module SMHI /ver 3-12/ feb 2012 
** LIMS Job: 20182601-1255
** Operator: Ronny
** Cruise: 12/2018
# nquan = 26
# nvalues = 134                         
# units = specified
# name 0 = scan: Scan Count
# name 1 = prDM: Pressure, Digiquartz [db]
# name 2 = t090C: Temperature [ITS-90, deg C]
# name 3 = t190C: Temperature, 2 [ITS-90, deg C]
# name 4 = T2-T190C: Temperature Difference, 2 - 1 [ITS-90, deg C]
# name 5 = c0S/m: Conductivity [S/m]
# name 6 = c1S/m: Conductivity, 2 [S/m]
# name 7 = pumps: Pump Status
# name 8 = sbeox1ML/L: Oxygen, SBE 43, 2 [ml/l]
# name 9 = sbeox0ML/L: Oxygen, SBE 43 [ml/l]
# name 10 = altM: Altimeter [m]
# name 11 = chloroflTC0: Chlorophyll, Turner Cyclops [ug/l]
# name 12 = cpar: CPAR/Corrected Irradiance [%]
# name 13 = par: PAR/Irradiance, Biospherical/Lico [µE/(cm^2*s)]
# name 14 = spar: SPAR, Biospherical/Licor
# name 15 = sal00: Salinity, Practical [PSU]
# name 16 = sal11: Salinity, Practical, 2 [PSU]
# name 17 = secS-priS: Salinity, Practical, Difference, 2 - 1 [PSU]
# name 18 = sigma-t00: Density [sigma-t, kg/m^3 ]
# name 19 = sigma-t11: Density, 2 [sigma-t, kg/m^3 ]
# name 20 = depSM: Depth [salt water, m], lat = 56.5327
# name 21 = depFM: Depth [true depth, m], lat = 56.5327
# name 22 = dz/dtM: Descent Rate [m/s], WS = 2
# name 23 = svCM: Sound Velocity [Chen-Millero, m/s]
# name 24 = svCM1: Sound Velocity, 2 [Chen-Millero, m/s]
# name 25 = flag: flag
# span 0 =        394,       6979       
# span 1 =      0.500,     67.000       
# span 2 =     4.3970,     7.1953       
# span 3 =     4.3823,     7.1984       
# span 4 =    -0.5357,     0.0656       
# span 5 =   0.821055,   0.876341       
# span 6 =   0.821036,   0.876551       
# span 7 =          1,          1       
# span 8 =     3.2770,     7.6514       
# span 9 =     3.3323,     7.8881       
# span 10 =       1.25,       9.96      
# span 11 =     0.0159,     0.0275      
# span 12 = -1.232e-01, 5.0120e+00      
# span 13 = -7.504e-03, 3.0536e-01      
# span 14 = 4.0617e+00, 6.0925e+00      
# span 15 =     7.1760,     8.2623      
# span 16 =     7.1759,     8.2641      
# span 17 =    -0.0010,     0.0751      
# span 18 =     5.5749,     6.5539      
# span 19 =     5.5747,     6.5554      
# span 20 =      0.495,     66.377      
# span 21 =      0.506,     67.850      
# span 22 =      0.173,      0.283      
# span 23 =    1434.70,    1445.62      
# span 24 =    1434.62,    1445.62      
# span 25 = 0.0000e+00, 0.0000e+00      
# interval = decibars: 0.5              
# start_time = Nov 26 2018 14:47:29 [NMEA time, first data scan]
# bad_flag = -9.990e-29
*END*
[from data line 56]
       3304     28.500     6.8448     6.8426    -0.0021    0.82395    0.82394          1     7.6107     7.8459       9.96     0.0246  2.306e-11  1.000e-12  4.448e+00     7.2067     7.2070     0.0004     5.6017     5.6021     28.237     28.867      0.253    1443.84    1443.83  0.000e+00
       3351     29.000     6.8395     6.8418     0.0023    0.82395    0.82407          1     7.6127     7.8536       9.96     0.0246  2.298e-11  1.000e-12  4.468e+00     7.2077     7.2084     0.0007     5.6028     5.6032     28.733     29.374      0.261    1443.82    1443.83  0.000e+00
       3396     29.500     6.8473     6.8547     0.0075    0.82432    0.82457          1     7.5973     7.8458       9.96     0.0256  2.317e-11  1.000e-12  4.421e+00     7.2095     7.2103     0.0008     5.6037     5.6039     29.228     29.880      0.269    1443.87    1443.90  0.000e+00
       3442     30.000     6.8589     6.8670     0.0081    0.82478    0.82508          1     7.5738     7.8407       9.96     0.0248  2.358e-11  1.000e-12  4.318e+00     7.2114     7.2124     0.0010     5.6044     5.6047     29.723     30.387      0.251    1443.93    1443.96  0.000e+00
       3489     30.500     6.8796     6.9001     0.0204    0.82569    0.82642          1     7.5688     7.8212       9.96     0.0245  2.391e-11  1.000e-12  4.238e+00     7.2155     7.2181     0.0026     5.6063     5.6070     30.219     30.893      0.261    1444.03    1444.12  0.000e+00
       3535     31.000     6.9288     6.9642     0.0354    0.82779    0.82920          1     7.5428     7.7976       9.96     0.0244  2.355e-11  1.000e-12  4.326e+00     7.2248     7.2306     0.0057     5.6104     5.6125     30.714     31.399      0.259    1444.25    1444.41  0.000e+00
       3582     31.500     7.0058     7.0493     0.0436    0.83138    0.83331          1     7.4950     7.7556       9.96     0.0233  2.440e-11  1.000e-12  4.117e+00     7.2423     7.2512     0.0089     5.6189     5.6230     31.210     31.906      0.253    1444.61    1444.80  0.000e+00
       3630     32.000     7.0672     7.0875     0.0202    0.83485    0.83615          1     7.4554     7.6957       9.96     0.0226  2.414e-11  1.000e-12  4.181e+00     7.2617     7.2696     0.0079     5.6301     5.6349     31.705     32.412      0.259    1444.89    1444.99  0.000e+00
       3675     32.500     7.0873     7.1081     0.0208    0.83682    0.83809          1     7.4082     7.6466       9.96     0.0221  2.426e-11  1.000e-12  4.152e+00     7.2759     7.2834     0.0075     5.6398     5.6443     32.200     32.919      0.267    1445.00    1445.10  0.000e+00
       3720     33.000     7.1084     7.1328     0.0244    0.83836    0.83970          1     7.4131     7.6407       9.96     0.0219  2.426e-11  1.000e-12  4.150e+00     7.2857     7.2932     0.0074     5.6461     5.6502     32.696     33.425      0.260    1445.11    1445.22  0.000e+00
       3767     33.500     7.1530     7.1916     0.0386    0.84084    0.84254          1     7.4255     7.6671       9.96     0.0220  2.444e-11  1.000e-12  4.105e+00     7.2994     7.3072     0.0077     5.6538     5.6571     33.191     33.931      0.254    1445.32    1445.49  0.000e+00
       3814     34.000     7.1873     7.1973     0.0100    0.84243    0.84274          1     7.4411     7.6715       9.96     0.0220  2.408e-11  1.000e-12  4.196e+00     7.3070     7.3077     0.0008     5.6573     5.6572     33.686     34.438      0.262    1445.48    1445.53  0.000e+00
       3859     34.500     7.1935     7.1984     0.0050    0.84267    0.84277          1     7.4406     7.6752       9.96     0.0220  2.461e-11  1.000e-12  4.063e+00     7.3079     7.3078    -0.0001     5.6576     5.6571     34.182     34.944      0.261    1445.52    1445.54  0.000e+00
       3908     35.000     7.1945     7.1980     0.0035    0.84267    0.84273          1     7.4449     7.6708       9.96     0.0221  2.462e-11  1.000e-12  4.062e+00     7.3076     7.3074    -0.0002     5.6573     5.6569     34.677     35.451      0.245    1445.53    1445.55  0.000e+00
       3953     35.500     7.1953     7.1970     0.0017    0.84272    0.84274          1     7.4495     7.6675       9.96     0.0220  2.462e-11  1.000e-12  4.062e+00     7.3078     7.3076    -0.0002     5.6574     5.6571     35.172     35.957      0.280    1445.54    1445.55  0.000e+00
       3997     36.000     7.1945     7.1955     0.0010    0.84275    0.84278          1     7.4521     7.6884       9.96     0.0224  2.462e-11  1.000e-12  4.062e+00     7.3082     7.3083     0.0001     5.6577     5.6578     35.668     36.463      0.252    1445.55    1445.55  0.000e+00
       4046     36.500     7.1937     7.1947     0.0009    0.84280    0.84282          1     7.4418     7.6782       9.96     0.0220  2.462e-11  1.000e-12  4.062e+00     7.3087     7.3087    -0.0000     5.6582     5.6582     36.163     36.970      0.261    1445.55    1445.56  0.000e+00
       4090     37.000     7.1922     7.1922    -0.0000    0.84284    0.84286          1     7.4260     7.6575       9.96     0.0220  2.462e-11  1.000e-12  4.062e+00     7.3094     7.3096     0.0002     5.6588     5.6590     36.658     37.476      0.265    1445.56    1445.56  0.000e+00
       4138     37.500     7.1904     7.1895    -0.0010    0.84289    0.84297          1     7.4133     7.6463       9.96     0.0220  2.462e-11  1.000e-12  4.062e+00     7.3102     7.3111     0.0009     5.6596     5.6604     37.154     37.983      0.245    1445.56    1445.55  0.000e+00
       4186     38.000     7.1870     7.1860    -0.0010    0.84305    0.84314          1     7.4036     7.6387       9.96     0.0220  2.462e-11  1.000e-12  4.062e+00     7.3123     7.3134     0.0011     5.6615     5.6624     37.649     38.489      0.262    1445.55    1445.55  0.000e+00
       4231     38.500     7.1849     7.1854     0.0005    0.84317    0.84320          1     7.3882     7.6252       9.96     0.0220  2.462e-11  1.000e-12  4.062e+00     7.3139     7.3140     0.0001     5.6629     5.6629     38.144     38.995      0.262    1445.55    1445.56  0.000e+00
       4278     39.000     7.1846     7.1851     0.0006    0.84322    0.84326          1     7.3858     7.6208       9.96     0.0220  2.462e-11  1.000e-12  4.062e+00     7.3143     7.3145     0.0002     5.6632     5.6634     38.640     39.502      0.256    1445.56    1445.57  0.000e+00
       4323     39.500     7.1842     7.1848     0.0007    0.84332    0.84340          1     7.4096     7.6336       9.96     0.0220  2.462e-11  1.000e-12  4.062e+00     7.3153     7.3158     0.0006     5.6640     5.6644     39.135     40.008      0.265    1445.57    1445.57  0.000e+00
       4370     40.000     7.1841     7.1849     0.0008    0.84346    0.84351          1     7.3820     7.6293       9.96     0.0224  2.462e-11  1.000e-12  4.062e+00     7.3165     7.3168     0.0003     5.6650     5.6652     39.630     40.515      0.250    1445.58    1445.58  0.000e+00
       4418     40.500     7.1842     7.1851     0.0009    0.84354    0.84362          1     7.3851     7.6280       9.96     0.0219  2.462e-11  1.000e-12  4.062e+00     7.3172     7.3178     0.0005     5.6656     5.6659     40.126     41.021      0.249    1445.59    1445.59  0.000e+00
       4466     41.000     7.1844     7.1856     0.0012    0.84370    0.84383          1     7.3882     7.6161       9.96     0.0219  2.462e-11  1.000e-12  4.062e+00     7.3186     7.3195     0.0009     5.6666     5.6673     40.621     41.527      0.255    1445.60    1445.60  0.000e+00
       4513     41.500     7.1848     7.1854     0.0007    0.84388    0.84400          1     7.3822     7.6092       9.96     0.0216  2.462e-11  1.000e-12  4.062e+00     7.3201     7.3211     0.0010     5.6678     5.6685     41.116     42.034      0.255    1445.61    1445.61  0.000e+00
       4560     42.000     7.1845     7.1833    -0.0011    0.84408    0.84423          1     7.3781     7.6060       9.96     0.0214  2.462e-11  1.000e-12  4.062e+00     7.3220     7.3237     0.0017     5.6693     5.6707     41.612     42.540      0.256    1445.62    1445.62  0.000e+00
       4606     42.500     7.1802     7.1778    -0.0024    0.84435    0.84450          1     7.3556     7.5956       9.96     0.0215  2.462e-11  1.000e-12  4.062e+00     7.3254     7.3273     0.0019     5.6722     5.6739     42.107     43.047      0.263    1445.61    1445.61  0.000e+00
       4653     43.000     7.1782     7.1784     0.0002    0.84450    0.84454          1     7.3746     7.5947       9.96     0.0213  2.462e-11  1.000e-12  4.062e+00     7.3271     7.3275     0.0004     5.6738     5.6740     42.602     43.553      0.244    1445.61    1445.62  0.000e+00
       4704     43.500     7.1736     7.1618    -0.0118    0.84453    0.84449          1     7.3596     7.5848       9.96     0.0211  2.462e-11  1.000e-12  4.062e+00     7.3283     7.3304     0.0021     5.6750     5.6775     43.098     44.059      0.239    1445.61    1445.56  0.000e+00
       4753     44.000     7.1522     7.1398    -0.0124    0.84444    0.84441          1     7.3492     7.5757       9.96     0.0213  2.462e-11  1.000e-12  4.062e+00     7.3319     7.3343     0.0024     5.6794     5.6821     43.593     44.566      0.249    1445.53    1445.48  0.000e+00
       4800     44.500     7.1245     7.0958    -0.0288    0.84432    0.84415          1     7.3184     7.5387       9.96     0.0209  2.462e-11  1.000e-12  4.062e+00     7.3366     7.3412     0.0046     5.6850     5.6905     44.088     45.072      0.250    1445.43    1445.31  0.000e+00
       4849     45.000     7.0770     7.0479    -0.0291    0.84398    0.84364          1     7.2685     7.4841       9.96     0.0208  2.462e-11  1.000e-12  4.062e+00     7.3435     7.3465     0.0030     5.6936     5.6980     44.584     45.579      0.253    1445.24    1445.13  0.000e+00
       4895     45.500     7.0208     6.9588    -0.0620    0.84325    0.84251          1     7.2322     7.4361       9.96     0.0207  2.462e-11  1.000e-12  4.062e+00     7.3485     7.3548     0.0063     5.7014     5.7105     45.079     46.085      0.259    1445.02    1444.77  0.000e+00
       4944     46.000     6.9423     6.8016    -0.1409    0.84214    0.83951          1     7.1590     7.3829       9.96     0.0202  2.462e-11  1.000e-12  4.062e+00     7.3548     7.3602     0.0054     5.7116     5.7251     45.574     46.591      0.236    1444.71    1444.13  0.000e+00
       4993     46.500     6.7361     6.5340    -0.2021    0.83827    0.83529          1     7.0021     7.2265       9.96     0.0196  2.462e-11  1.000e-12  4.062e+00     7.3625     7.3777     0.0152     5.7311     5.7557     46.070     47.098      0.250    1443.86    1443.02  0.000e+00
       5042     47.000     6.4742     6.2963    -0.1778    0.83449    0.83307          1     6.7940     7.0342       9.96     0.0196  2.462e-11  1.000e-12  4.062e+00     7.3829     7.4079     0.0250     5.7635     5.7938     46.565     47.604      0.244    1442.79    1442.06  0.000e+00
       5090     47.500     6.2876     6.1905    -0.0971    0.83345    0.83351          1     6.6701     6.8826       9.96     0.0186  2.462e-11  1.000e-12  4.062e+00     7.4134     7.4351     0.0217     5.7986     5.8213     47.060     48.110      0.251    1442.04    1441.65  0.000e+00
       5137     48.000     6.2050     6.1735    -0.0315    0.83394    0.83498          1     6.6228     6.8068       9.96     0.0184  2.462e-11  1.000e-12  4.062e+00     7.4361     7.4529     0.0169     5.8212     5.8363     47.556     48.617      0.261    1441.72    1441.61  0.000e+00
       5182     48.500     6.1867     6.1501    -0.0366    0.83509    0.83581          1     6.5934     6.7870       9.96     0.0183  2.462e-11  1.000e-12  4.062e+00     7.4510     7.4660     0.0150     5.8340     5.8479     48.051     49.123      0.268    1441.67    1441.54  0.000e+00
       5228     49.000     6.1567     6.1017    -0.0551    0.83574    0.83604          1     6.5618     6.7613       9.96     0.0183  2.462e-11  1.000e-12  4.062e+00     7.4638     7.4787     0.0150     5.8457     5.8606     48.546     49.629      0.250    1441.57    1441.35  0.000e+00
       5277     49.500     6.1229     5.9650    -0.1579    0.83601    0.83504          1     6.5046     6.7214       9.96     0.0188  2.462e-11  1.000e-12  4.062e+00     7.4737     7.4992     0.0255     5.8555     5.8842     49.041     50.136      0.257    1441.44    1440.80  0.000e+00
       5322     50.000     6.0147     5.7730    -0.2417    0.83519    0.83241          1     6.4056     6.6376       9.96     0.0182  2.462e-11  1.000e-12  4.062e+00     7.4896     7.5164     0.0267     5.8740     5.9077     49.537     50.642      0.256    1441.01    1440.00  0.000e+00
       5372     50.500     5.8673     5.5029    -0.3643    0.83336    0.82900          1     6.2819     6.5664       9.96     0.0182  2.462e-11  1.000e-12  4.062e+00     7.5046     7.5434     0.0389     5.8936     5.9423     50.032     51.148      0.242    1440.40    1438.88  0.000e+00
       5418     51.000     5.6676     5.4262    -0.2413    0.83128    0.83141          1     6.1687     6.4448       9.96     0.0176  2.462e-11  1.000e-12  4.062e+00     7.5287     7.5842     0.0555     5.9228     5.9782     50.527     51.655      0.271    1439.58    1438.60  0.000e+00
       5463     51.500     5.5163     5.3355    -0.1810    0.83142    0.83345          1     6.0184     6.2970       9.96     0.0173  2.462e-11  1.000e-12  4.062e+00     7.5639     7.6248     0.0609     5.9579     6.0144     51.023     52.161      0.264    1438.98    1438.27  0.000e+00
       5510     52.000     5.3863     4.8510    -0.5357    0.83234    0.82755          1     5.7158     6.1181       9.96     0.0171  2.462e-11  1.000e-12  4.062e+00     7.6022     7.6774     0.0751     5.9942     6.0760     51.518     52.667      0.249    1438.47    1436.22  0.000e+00
       5557     52.500     5.0904     4.6198    -0.4701    0.82935    0.82229          1     5.5877     5.8787       9.96     0.0164  2.462e-11  1.000e-12  4.062e+00     7.6402     7.6783     0.0382     6.0370     6.0852     52.013     53.173      0.261    1437.23    1435.21  0.000e+00
       5604     53.000     4.7850     4.6514    -0.1335    0.82480    0.82403          1     5.5660     5.7482       9.96     0.0159  2.462e-11  1.000e-12  4.062e+00     7.6651     7.6883     0.0232     6.0688     6.0921     52.509     53.680      0.242    1435.93    1435.37  0.000e+00
       5654     53.500     4.7119     4.6579    -0.0541    0.82468    0.82649          1     5.5046     5.6978       9.96     0.0159  2.462e-11  1.000e-12  4.062e+00     7.6808     7.7115     0.0307     6.0839     6.1102     53.004     54.186      0.246    1435.63    1435.43  0.000e+00
       5702     54.000     4.6813     4.7035     0.0221    0.82626    0.82966          1     5.4475     5.6424       9.96     0.0159  2.462e-11  1.000e-12  4.062e+00     7.7036     7.7325     0.0290     6.1031     6.1252     53.499     54.692      0.251    1435.53    1435.67  0.000e+00
       5749     54.500     4.7047     4.7703     0.0656    0.82864    0.83235          1     5.4167     5.6001       9.96     0.0161  2.462e-11  1.000e-12  4.062e+00     7.7219     7.7438     0.0218     6.1168     6.1317     53.994     55.198      0.259    1435.67    1435.99  0.000e+00
       5796     55.000     4.7510     4.7882     0.0372    0.83115    0.83338          1     5.4158     5.5662       9.96     0.0166  2.462e-11  1.000e-12  4.062e+00     7.7362     7.7498     0.0136     6.1264     6.1358     54.490     55.704      0.250    1435.90    1436.08  0.000e+00
       5844     55.500     4.7744     4.7425    -0.0320    0.83266    0.83302          1     5.3880     5.5468       9.96     0.0159  2.462e-11  1.000e-12  4.062e+00     7.7457     7.7569     0.0111     6.1331     6.1431     54.985     56.210      0.246    1436.02    1435.90  0.000e+00
