ctdpy/exports/archive_20191121_122431/received_data/SBE09_0827_20181006_1510_26_01_1027.cnv
* Sea-Bird SBE 9 Data File:
* FileName = D:\CTD_SBE911\DAT\26DA.2018.10.27.hex
* Software Version Seasave V 7.21d
* Temperature SN = 4548
* Conductivity SN = 3062
* Number of Bytes Per Scan = 48
* Number of Voltage Words = 5
* Number of Scans Averaged by the Deck Unit = 1
* NMEA Latitude = 57 46.64 N
* NMEA Longitude = 017 46.79 E
* NMEA UTC (Time) = Oct 06 2018  15:12:49
* NMEA baud rate = 4800
** Ship: DANA
** Average sound velocity: 1448.24 m/s
** True-depth calculation Thu, 28 Mar 2019 12:19:04 +0000
** CTD Python Module SMHI /ver 3-12/ feb 2012 
** LIMS Job: 20182601-1027
** Operator: Christian
** Cruise: 10/2018
# nquan = 26
# nvalues = 185                         
# units = specified
# name 0 = scan: Scan Count
# name 1 = prDM: Pressure, Digiquartz [db]
# name 2 = t090C: Temperature [ITS-90, deg C]
# name 3 = t190C: Temperature, 2 [ITS-90, deg C]
# name 4 = T2-T190C: Temperature Difference, 2 - 1 [ITS-90, deg C]
# name 5 = c0S/m: Conductivity [S/m]
# name 6 = c1S/m: Conductivity, 2 [S/m]
# name 7 = pumps: Pump Status
# name 8 = sbeox1ML/L: Oxygen, SBE 43, 2 [ml/l]
# name 9 = sbeox0ML/L: Oxygen, SBE 43 [ml/l]
# name 10 = altM: Altimeter [m]
# name 11 = chloroflTC0: Chlorophyll, Turner Cyclops [ug/l]
# name 12 = cpar: CPAR/Corrected Irradiance [%]
# name 13 = par: PAR/Irradiance, Biospherical/Lico [µE/(cm^2*s)]
# name 14 = spar: SPAR, Biospherical/Licor
# name 15 = sal00: Salinity, Practical [PSU]
# name 16 = sal11: Salinity, Practical, 2 [PSU]
# name 17 = secS-priS: Salinity, Practical, Difference, 2 - 1 [PSU]
# name 18 = sigma-t00: Density [sigma-t, kg/m^3 ]
# name 19 = sigma-t11: Density, 2 [sigma-t, kg/m^3 ]
# name 20 = depSM: Depth [salt water, m], lat = 57.7773
# name 21 = depFM: Depth [true depth, m], lat = 57.7773
# name 22 = dz/dtM: Descent Rate [m/s], WS = 2
# name 23 = svCM: Sound Velocity [Chen-Millero, m/s]
# name 24 = svCM1: Sound Velocity, 2 [Chen-Millero, m/s]
# name 25 = flag: flag
# span 0 =        217,      10992       
# span 1 =      0.500,     92.500       
# span 2 =     3.7434,    12.4491       
# span 3 =     3.7529,    12.4491       
# span 4 =    -0.0767,     0.8836       
# span 5 =   0.769789,   1.158787       
# span 6 =   0.770654,   1.158770       
# span 7 =          1,          1       
# span 8 =     0.0456,     7.4942       
# span 9 =     0.0422,     7.1119       
# span 10 =       0.55,       9.99      
# span 11 =     0.0159,     0.0335      
# span 12 = 2.7292e-12, 1.5438e+01      
# span 13 = 1.0000e-12, 6.4441e+00      
# span 14 = 3.1516e+01, 4.1406e+01      
# span 15 =     6.8679,    10.7073      
# span 16 =     6.8683,    10.7069      
# span 17 =    -0.1267,     0.0019      
# span 18 =     4.7690,     8.4202      
# span 19 =     4.7692,     8.4199      
# span 20 =      0.495,     91.624      
# span 21 =      0.507,     93.618      
# span 22 =     -0.260,      0.350      
# span 23 =    1430.75,    1465.11      
# span 24 =    1430.82,    1465.13      
# span 25 = 0.0000e+00, 0.0000e+00      
# interval = decibars: 0.5              
# start_time = Oct 06 2018 15:12:50 [NMEA time, first data scan]
# bad_flag = -9.990e-29
*END*
[from data line 168]
       8228     84.500     5.8288     5.8290     0.0002    1.15675    1.15674          1     0.0782     0.0636       9.22     0.0171  2.912e-12  1.000e-12  3.435e+01    10.6912    10.6910    -0.0001     8.4081     8.4079     83.701     85.538      0.203    1444.80    1444.80  0.000e+00
       8279     85.000     5.8293     5.8286    -0.0006    1.15685    1.15666          1     0.0750     0.0620       8.75     0.0171  2.897e-12  1.000e-12  3.451e+01    10.6920    10.6903    -0.0017     8.4087     8.4074     84.197     86.043      0.294    1444.81    1444.81  0.000e+00
       8319     85.500     5.8326     5.8302    -0.0024    1.15756    1.15698          1     0.0730     0.0617       8.20     0.0171  2.901e-12  1.000e-12  3.448e+01    10.6979    10.6929    -0.0050     8.4132     8.4094     84.692     86.548      0.270    1444.84    1444.83  0.000e+00
       8374     86.000     5.8351     5.8333    -0.0018    1.15807    1.15762          1     0.0719     0.0592       7.66     0.0172  2.903e-12  1.000e-12  3.445e+01    10.7021    10.6982    -0.0040     8.4163     8.4133     85.187     87.053      0.210    1444.87    1444.85  0.000e+00
       8421     86.500     5.8357     5.8345    -0.0012    1.15819    1.15788          1     0.0726     0.0599       7.17     0.0171  2.897e-12  1.000e-12  3.452e+01    10.7030    10.7003    -0.0027     8.4170     8.4149     85.682     87.558      0.287    1444.88    1444.87  0.000e+00
       8467     87.000     5.8360     5.8356    -0.0004    1.15827    1.15811          1     0.0722     0.0612       6.61     0.0171  2.897e-12  1.000e-12  3.452e+01    10.7036    10.7022    -0.0014     8.4174     8.4164     86.177     88.063      0.234    1444.89    1444.88  0.000e+00
       8521     87.500     5.8359     5.8360     0.0001    1.15825    1.15819          1     0.0722     0.0598       6.14     0.0171  2.897e-12  1.000e-12  3.452e+01    10.7034    10.7028    -0.0006     8.4173     8.4168     86.672     88.568      0.243    1444.90    1444.90  0.000e+00
       8563     88.000     5.8360     5.8362     0.0002    1.15827    1.15823          1     0.0700     0.0594       5.71     0.0171  2.897e-12  1.000e-12  3.452e+01    10.7034    10.7030    -0.0004     8.4173     8.4169     87.168     89.073      0.289    1444.90    1444.90  0.000e+00
       8611     88.500     5.8365     5.8364    -0.0001    1.15839    1.15828          1     0.0677     0.0596       5.06     0.0171  2.897e-12  1.000e-12  3.452e+01    10.7044    10.7033    -0.0011     8.4180     8.4172     87.663     89.578      0.232    1444.92    1444.91  0.000e+00
       8660     89.000     5.8369     5.8369    -0.0000    1.15849    1.15840          1     0.0667     0.0582       4.50     0.0171  2.897e-12  1.000e-12  3.452e+01    10.7052    10.7043    -0.0009     8.4187     8.4179     88.158     90.083      0.268    1444.93    1444.92  0.000e+00
       8705     89.500     5.8379     5.8378    -0.0001    1.15870    1.15857          1     0.0670     0.0590       4.05     0.0171  2.897e-12  1.000e-12  3.452e+01    10.7069    10.7057    -0.0012     8.4199     8.4190     88.653     90.588      0.241    1444.94    1444.94  0.000e+00
       8758     90.000     5.8381     5.8383     0.0002    1.15876    1.15869          1     0.0679     0.0589       3.44     0.0171  2.897e-12  1.000e-12  3.452e+01    10.7073    10.7066    -0.0007     8.4202     8.4196     89.148     91.093      0.249    1444.95    1444.95  0.000e+00
       8800     90.500     5.8382     5.8384     0.0002    1.15877    1.15873          1     0.0680     0.0557       2.96     0.0171  2.897e-12  1.000e-12  3.452e+01    10.7073    10.7068    -0.0005     8.4202     8.4198     89.643     91.598      0.310    1444.96    1444.96  0.000e+00
       8844     91.000     5.8381     5.8385     0.0004    1.15877    1.15875          1     0.0680     0.0572       2.42     0.0171  2.897e-12  1.000e-12  3.452e+01    10.7072    10.7069    -0.0003     8.4202     8.4199     90.139     92.103      0.230    1444.97    1444.97  0.000e+00
       8898     91.500     5.8382     5.8385     0.0003    1.15878    1.15876          1     0.0680     0.0567       1.85     0.0171  2.897e-12  1.000e-12  3.452e+01    10.7073    10.7069    -0.0003     8.4202     8.4199     90.634     92.608      0.256    1444.97    1444.98  0.000e+00
       8939     92.000     5.8382     5.8386     0.0004    1.15879    1.15877          1     0.0674     0.0562       1.37     0.0171  2.897e-12  1.000e-12  3.452e+01    10.7072    10.7069    -0.0003     8.4201     8.4199     91.129     93.113      0.276    1444.98    1444.98  0.000e+00
      10992     92.500     5.8380     5.8386     0.0005    1.15878    1.15876          1     0.0456     0.0422       0.55     0.0171  2.968e-12  1.000e-12  3.373e+01    10.7071    10.7068    -0.0004     8.4201     8.4198     91.624     93.618     -0.260    1445.00    1445.00  0.000e+00
