ctdpy/exports/archive_20191121_122431/received_data/SBE09_1044_20180127_0002_34_02_0017.cnv
* Sea-Bird SBE 9 Data File:
* FileName = C:\ctd\temp\2018\ME18D017.hex
* Software Version Seasave V 7.26.6.26
* Temperature SN = 5351
* Conductivity SN = 3941
* Number of Bytes Per Scan = 41
* Number of Voltage Words = 4
* Number of Scans Averaged by the Deck Unit = 1
* NMEA Latitude = 55 15.01 N
* NMEA Longitude = 015 59.01 E
* NMEA UTC (Time) = Jan 27 2018  00:02:36
* NMEA baud rate = 4800
** Station:  BY5
** Operator:  JKro
** Ship: MERI
** Average sound velocity: 1445.64 m/s
** True-depth calculation Sat, 27 Jan 2018 01:55:43 +0000
** CTD Python Module SMHI /ver 3-12/ feb 2012 
** LIMS Job: 20183402-0017
** Cruise: SMHI-01-2018
** Latitude [GG MM.mm N] :
** Longitude [GG MM.mm E]:
# nquan = 26
# nvalues = 169                         
# units = specified
# name 0 = scan: Scan Count
# name 1 = prDM: Pressure, Digiquartz [db]
# name 2 = t090C: Temperature [ITS-90, deg C]
# name 3 = t190C: Temperature, 2 [ITS-90, deg C]
# name 4 = T2-T190C: Temperature Difference, 2 - 1 [ITS-90, deg C]
# name 5 = c0S/m: Conductivity [S/m]
# name 6 = c1S/m: Conductivity, 2 [S/m]
# name 7 = pumps: Pump Status
# name 8 = sbeox0ML/L: Oxygen, SBE 43 [ml/l]
# name 9 = sbeox1ML/L: Oxygen, SBE 43, 2 [ml/l]
# name 10 = altM: Altimeter [m]
# name 11 = flECO-AFL: Chl-a Fluorescence, WET Labs ECO-AFL/FL [mg/m^3]
# name 12 = flECO-AFL1: Phycocyanin Fluorescence, WET Labs ECO-AFL/FL, 2 [mg/m^3]
# name 13 = par: PAR/Irradiance, Biospherical/Lico [µE/(cm^2*s)]
# name 14 = turbWETntu0: Turbidity, WET Labs ECO [NTU]
# name 15 = sal00: Salinity, Practical [PSU]
# name 16 = sal11: Salinity, Practical, 2 [PSU]
# name 17 = secS-priS: Salinity, Practical, Difference, 2 - 1 [PSU]
# name 18 = sigma-t00: Density [sigma-t, Kg/m^3 ]
# name 19 = sigma-t11: Density, 2 [sigma-t, Kg/m^3 ]
# name 20 = depSM: Depth [salt water, m], lat = 55.2502
# name 21 = depFM: Depth [true depth, m], lat = 55.2502
# name 22 = dz/dtM: Descent Rate [m/s], WS = 2
# name 23 = svCM: Sound Velocity [Chen-Millero, m/s]
# name 24 = svCM1: Sound Velocity, 2 [Chen-Millero, m/s]
# name 25 = flag: flag
# span 0 =      12839,      18815       
# span 1 =      1.000,     85.000       
# span 2 =     4.3534,     9.6523       
# span 3 =     4.3612,     9.6531       
# span 4 =    -0.0182,     0.0131       
# span 5 =   0.785935,   1.847942       
# span 6 =   0.786123,   1.847930       
# span 7 =          1,          1       
# span 8 =   -0.00650,    8.13524       
# span 9 =    0.05943,    8.10472       
# span 10 =       3.64,      98.93      
# span 11 =     0.2110,     0.7650      
# span 12 =     0.2245,     0.3994      
# span 13 = 1.0000e-12, 1.0000e-12      
# span 14 =     0.1246,     0.4050      
# span 15 =     7.3803,    17.2508      
# span 16 =     7.3796,    17.2504      
# span 17 =    -0.0093,     0.0071      
# span 18 =     5.8564,    13.4875      
# span 19 =     5.8560,    13.4871      
# span 20 =      0.991,     84.215      
# span 21 =      1.013,     85.856      
# span 22 =      0.165,      0.385      
# span 23 =    1432.82,    1463.62      
# span 24 =    1432.86,    1463.62      
# span 25 = 0.0000e+00, 0.0000e+00      
# interval = decibars: 0.5              
# start_time = Jan 27 2018 00:02:37 [NMEA time, first data scan]
# bad_flag = -9.990e-29
*END*
      12839      1.000     4.3534     4.3612     0.0074    0.78594    0.78612          1     8.1272     8.1047      98.68     0.7519     0.2992  1.000e-12  0.1522000     7.3803     7.3803     0.0001     5.8574     5.8573      0.991      1.013      0.202    1432.82    1432.86  0.000e+00
      12912      1.500     4.3893     4.3825    -0.0065    0.78675    0.78652          1     8.1299     8.0883      98.68     0.7451     0.3564  1.000e-12  0.1446000     7.3803     7.3796    -0.0008     5.8564     5.8560      1.486      1.519      0.165    1433.00    1432.96  0.000e+00
      13016      2.000     4.3702     4.3714     0.0012    0.78635    0.78633          1     8.1242     8.0947      98.68     0.7385     0.3692  1.000e-12  0.1608000     7.3806     7.3801    -0.0005     5.8572     5.8567      1.982      2.025      0.168    1432.92    1432.92  0.000e+00
      13081      2.500     4.3710     4.3716     0.0006    0.78638    0.78634          1     8.1296     8.0909      98.68     0.7444     0.3334  1.000e-12  0.1565000     7.3806     7.3801    -0.0005     5.8572     5.8568      2.477      2.532      0.228    1432.93    1432.93  0.000e+00
      13138      3.000     4.3701     4.3708     0.0007    0.78637    0.78634          1     8.1316     8.0893      98.68     0.7453     0.3450  1.000e-12  0.1521000     7.3806     7.3802    -0.0005     5.8572     5.8568      2.973      3.038      0.234    1432.93    1432.94  0.000e+00
      13190      3.500     4.3704     4.3712     0.0008    0.78639    0.78636          1     8.1352     8.0786      98.68     0.7386     0.3485  1.000e-12  0.1730000     7.3807     7.3802    -0.0005     5.8573     5.8569      3.468      3.544      0.225    1432.94    1432.94  0.000e+00
      13242      4.000     4.3704     4.3711     0.0007    0.78640    0.78637          1     8.1299     8.0965      93.62     0.7425     0.3399  1.000e-12  0.1543000     7.3807     7.3802    -0.0005     5.8573     5.8569      3.964      4.050      0.227    1432.95    1432.95  0.000e+00
      13293      4.500     4.3709     4.3715     0.0006    0.78642    0.78639          1     8.1203     8.0831      98.85     0.7477     0.3251  1.000e-12  0.1543000     7.3808     7.3803    -0.0005     5.8573     5.8569      4.459      4.557      0.272    1432.96    1432.96  0.000e+00
      13333      5.000     4.3708     4.3714     0.0006    0.78642    0.78639          1     8.1280     8.0803      98.68     0.7637     0.3403  1.000e-12  0.1595000     7.3808     7.3803    -0.0004     5.8573     5.8569      4.955      5.063      0.309    1432.97    1432.97  0.000e+00
      13371      5.500     4.3704     4.3712     0.0008    0.78642    0.78640          1     8.1246     8.0917      98.68     0.7600     0.3420  1.000e-12  0.1613000     7.3808     7.3803    -0.0004     5.8573     5.8570      5.450      5.569      0.321    1432.97    1432.98  0.000e+00
      13408      6.000     4.3712     4.3719     0.0007    0.78645    0.78642          1     8.1013     8.0957      98.68     0.7599     0.3835  1.000e-12  0.1478000     7.3808     7.3803    -0.0005     5.8573     5.8569      5.946      6.076      0.320    1432.99    1432.99  0.000e+00
      13445      6.500     4.3709     4.3715     0.0006    0.78645    0.78642          1     8.1094     8.0965      98.68     0.7562     0.3484  1.000e-12  0.1486000     7.3808     7.3803    -0.0004     5.8573     5.8570      6.441      6.582      0.338    1432.99    1432.99  0.000e+00
      13480      7.000     4.3716     4.3723     0.0007    0.78647    0.78644          1     8.1178     8.0729      98.68     0.7408     0.3817  1.000e-12  0.1491000     7.3808     7.3804    -0.0005     5.8573     5.8569      6.937      7.088      0.331    1433.00    1433.00  0.000e+00
      13517      7.500     4.3714     4.3722     0.0007    0.78648    0.78645          1     8.1065     8.0772      98.68     0.7553     0.3562  1.000e-12  0.1481000     7.3808     7.3804    -0.0005     5.8573     5.8569      7.432      7.595      0.318    1433.01    1433.01  0.000e+00
      13554      8.000     4.3714     4.3721     0.0007    0.78648    0.78645          1     8.1218     8.0968      98.68     0.7382     0.3271  1.000e-12  0.1418000     7.3808     7.3804    -0.0004     5.8573     5.8569      7.928      8.101      0.329    1433.02    1433.02  0.000e+00
      13591      8.500     4.3715     4.3723     0.0007    0.78649    0.78646          1     8.1216     8.0917      98.68     0.7463     0.3456  1.000e-12  0.1513000     7.3808     7.3803    -0.0004     5.8573     5.8569      8.423      8.607      0.328    1433.02    1433.03  0.000e+00
      13628      9.000     4.3716     4.3722     0.0006    0.78650    0.78647          1     8.1166     8.0864      98.62     0.7425     0.3337  1.000e-12  0.1483000     7.3808     7.3803    -0.0005     5.8573     5.8569      8.918      9.113      0.324    1433.03    1433.03  0.000e+00
      13665      9.500     4.3714     4.3722     0.0007    0.78650    0.78647          1     8.1272     8.0791      98.54     0.7483     0.3296  1.000e-12  0.1534000     7.3808     7.3803    -0.0005     5.8573     5.8569      9.414      9.620      0.326    1433.04    1433.04  0.000e+00
      13701     10.000     4.3717     4.3724     0.0007    0.78651    0.78648          1     8.1253     8.0846      98.68     0.7529     0.3570  1.000e-12  0.1493000     7.3808     7.3803    -0.0005     5.8573     5.8569      9.909     10.126      0.323    1433.05    1433.05  0.000e+00
      13739     10.500     4.3715     4.3723     0.0008    0.78651    0.78648          1     8.1272     8.0922      98.68     0.7507     0.3994  1.000e-12  0.1425000     7.3808     7.3803    -0.0005     5.8573     5.8569     10.405     10.632      0.331    1433.06    1433.06  0.000e+00
      13774     11.000     4.3709     4.3717     0.0008    0.78651    0.78648          1     8.1246     8.0916      98.68     0.7238     0.3785  1.000e-12  0.1480000     7.3808     7.3803    -0.0005     5.8574     5.8569     10.900     11.139      0.331    1433.06    1433.06  0.000e+00
      13811     11.500     4.3710     4.3718     0.0008    0.78652    0.78649          1     8.1299     8.0697      98.68     0.7240     0.3755  1.000e-12  0.1534000     7.3808     7.3803    -0.0005     5.8573     5.8570     11.396     11.645      0.327    1433.07    1433.07  0.000e+00
      13848     12.000     4.3713     4.3719     0.0006    0.78653    0.78650          1     8.1246     8.0682      98.68     0.7372     0.3776  1.000e-12  0.1591000     7.3808     7.3804    -0.0004     5.8573     5.8570     11.891     12.151      0.328    1433.08    1433.08  0.000e+00
      13884     12.500     4.3710     4.3718     0.0007    0.78653    0.78650          1     8.1251     8.0786      98.68     0.7424     0.3698  1.000e-12  0.1545000     7.3808     7.3803    -0.0005     5.8573     5.8569     12.387     12.658      0.330    1433.09    1433.09  0.000e+00
      13920     13.000     4.3712     4.3718     0.0007    0.78654    0.78651          1     8.1310     8.0883      98.68     0.7438     0.3487  1.000e-12  0.1558000     7.3808     7.3803    -0.0004     5.8573     5.8570     12.882     13.164      0.339    1433.09    1433.10  0.000e+00
      13955     13.500     4.3710     4.3717     0.0007    0.78655    0.78652          1     8.1343     8.0833      98.68     0.7278     0.3596  1.000e-12  0.1664000     7.3809     7.3804    -0.0005     5.8574     5.8570     13.378     13.670      0.341    1433.10    1433.10  0.000e+00
      13990     14.000     4.3714     4.3720     0.0007    0.78657    0.78654          1     8.1077     8.0840      98.68     0.7366     0.3104  1.000e-12  0.1503000     7.3809     7.3804    -0.0005     5.8574     5.8570     13.873     14.176      0.341    1433.11    1433.11  0.000e+00
      14026     14.500     4.3715     4.3722     0.0007    0.78658    0.78655          1     8.0926     8.0678      98.68     0.7164     0.3248  1.000e-12  0.1505000     7.3809     7.3805    -0.0004     5.8574     5.8571     14.368     14.683      0.335    1433.12    1433.12  0.000e+00
      14062     15.000     4.3712     4.3719     0.0007    0.78658    0.78655          1     8.1021     8.0725      98.68     0.7124     0.3157  1.000e-12  0.1551000     7.3809     7.3804    -0.0005     5.8574     5.8570     14.864     15.189      0.336    1433.13    1433.13  0.000e+00
      14097     15.500     4.3717     4.3727     0.0011    0.78661    0.78660          1     8.1150     8.0746      98.46     0.6915     0.3391  1.000e-12  0.1465000     7.3810     7.3807    -0.0003     5.8575     5.8572     15.359     15.695      0.344    1433.14    1433.14  0.000e+00
      14132     16.000     4.3733     4.3739     0.0006    0.78669    0.78665          1     8.1085     8.0526      98.43     0.7239     0.3225  1.000e-12  0.1684000     7.3814     7.3809    -0.0005     5.8577     5.8573     15.855     16.202      0.344    1433.15    1433.15  0.000e+00
      14167     16.500     4.3743     4.3752     0.0010    0.78675    0.78673          1     8.1087     8.0564      98.68     0.7021     0.3225  1.000e-12  0.1615000     7.3818     7.3814    -0.0004     5.8580     5.8577     16.350     16.708      0.335    1433.16    1433.17  0.000e+00
      14203     17.000     4.3743     4.3750     0.0007    0.78676    0.78673          1     8.0994     8.0651      98.68     0.6630     0.3402  1.000e-12  0.1501000     7.3818     7.3813    -0.0005     5.8580     5.8576     16.846     17.214      0.343    1433.17    1433.18  0.000e+00
      14237     17.500     4.3744     4.3748     0.0004    0.78676    0.78672          1     8.0962     8.0600      98.68     0.6586     0.3661  1.000e-12  0.1523000     7.3817     7.3812    -0.0005     5.8580     5.8575     17.341     17.721      0.352    1433.18    1433.18  0.000e+00
      14271     18.000     4.3748     4.3761     0.0013    0.78679    0.78680          1     8.0969     8.0657      98.68     0.6797     0.3471  1.000e-12  0.1577000     7.3818     7.3817    -0.0002     5.8580     5.8579     17.837     18.227      0.361    1433.19    1433.20  0.000e+00
      14304     18.500     4.3872     4.3883     0.0011    0.78747    0.78748          1     8.0828     8.0474      98.68     0.6797     0.3359  1.000e-12  0.1593000     7.3859     7.3857    -0.0002     5.8609     5.8607     18.332     18.733      0.354    1433.26    1433.26  0.000e+00
      14338     19.000     4.3991     4.4006     0.0015    0.78826    0.78829          1     8.0659     8.0349      98.68     0.6472     0.3290  1.000e-12  0.1642000     7.3910     7.3910    -0.0001     5.8646     5.8645     18.827     19.240      0.358    1433.33    1433.33  0.000e+00
      14372     19.500     4.4060     4.4046    -0.0013    0.78866    0.78851          1     8.0639     8.0310      98.68     0.6631     0.3604  1.000e-12  0.1556000     7.3935     7.3923    -0.0012     5.8663     5.8654     19.323     19.746      0.365    1433.37    1433.36  0.000e+00
      14403     20.000     4.4121     4.4134     0.0012    0.78892    0.78891          1     8.0746     8.0410      98.68     0.7018     0.3316  1.000e-12  0.1510000     7.3947     7.3943    -0.0004     5.8671     5.8668     19.818     20.252      0.385    1433.40    1433.41  0.000e+00
      14435     20.500     4.4167     4.4171     0.0004    0.78908    0.78905          1     8.0836     8.0503      98.68     0.7195     0.3929  1.000e-12  0.1505000     7.3952     7.3948    -0.0004     5.8674     5.8670     20.314     20.758      0.374    1433.43    1433.44  0.000e+00
      14467     21.000     4.4256     4.4251    -0.0005    0.78940    0.78934          1     8.0781     8.0550      52.34     0.7139     0.3555  1.000e-12  0.1524000     7.3963     7.3958    -0.0005     5.8679     5.8676     20.809     21.265      0.370    1433.48    1433.48  0.000e+00
      14499     21.500     4.4330     4.4339     0.0009    0.78965    0.78963          1     8.0923     8.0538      66.38     0.7366     0.3824  1.000e-12  0.1442000     7.3971     7.3967    -0.0003     5.8683     5.8680     21.305     21.771      0.381    1433.52    1433.53  0.000e+00
      14530     22.000     4.4367     4.4375     0.0008    0.78977    0.78975          1     8.0987     8.0588      98.52     0.7263     0.3635  1.000e-12  0.1521000     7.3974     7.3970    -0.0004     5.8685     5.8682     21.800     22.277      0.382    1433.55    1433.55  0.000e+00
      14562     22.500     4.4423     4.4432     0.0009    0.78998    0.78997          1     8.0891     8.0551      68.20     0.7307     0.3487  1.000e-12  0.1494000     7.3982     7.3979    -0.0002     5.8689     5.8687     22.295     22.784      0.370    1433.58    1433.59  0.000e+00
      14595     23.000     4.4462     4.4466     0.0005    0.79015    0.79012          1     8.0860     8.0476      63.04     0.7650     0.3510  1.000e-12  0.1515000     7.3989     7.3985    -0.0004     5.8694     5.8691     22.791     23.290      0.368    1433.61    1433.61  0.000e+00
      14627     23.500     4.4468     4.4473     0.0006    0.79020    0.79017          1     8.0995     8.0543      98.32     0.7574     0.3550  1.000e-12  0.1567000     7.3992     7.3988    -0.0004     5.8696     5.8693     23.286     23.796      0.385    1433.62    1433.62  0.000e+00
      14658     24.000     4.4477     4.4483     0.0006    0.79025    0.79022          1     8.0981     8.0609      98.65     0.7296     0.3287  1.000e-12  0.1473000     7.3995     7.3991    -0.0004     5.8698     5.8695     23.782     24.302      0.385    1433.63    1433.64  0.000e+00
      14689     24.500     4.4488     4.4493     0.0005    0.79031    0.79028          1     8.0985     8.0560      98.63     0.7266     0.3381  1.000e-12  0.1506000     7.3998     7.3994    -0.0004     5.8700     5.8697     24.277     24.809      0.371    1433.65    1433.65  0.000e+00
      14723     25.000     4.4485     4.4493     0.0008    0.79035    0.79032          1     8.0934     8.0597      98.59     0.7304     0.3877  1.000e-12  0.1636000     7.4002     7.3997    -0.0005     5.8703     5.8699     24.773     25.315      0.355    1433.65    1433.66  0.000e+00
      14756     25.500     4.4541     4.4549     0.0008    0.79056    0.79054          1     8.0889     8.0753      98.58     0.7395     0.3632  1.000e-12  0.1602000     7.4010     7.4006    -0.0004     5.8708     5.8704     25.268     25.821      0.364    1433.69    1433.69  0.000e+00
      14789     26.000     4.4575     4.4576     0.0000    0.79077    0.79074          1     8.0859     8.0583      98.59     0.7465     0.3525  1.000e-12  0.1543000     7.4023     7.4019    -0.0004     5.8717     5.8714     25.763     26.328      0.376    1433.71    1433.71  0.000e+00
      14820     26.500     4.4496     4.4503     0.0007    0.79072    0.79068          1     8.0773     8.0464      98.59     0.7172     0.3597  1.000e-12  0.1528000     7.4035     7.4030    -0.0005     5.8729     5.8725     26.259     26.834      0.375    1433.69    1433.69  0.000e+00
      14853     27.000     4.4501     4.4512     0.0010    0.79082    0.79083          1     8.0688     8.0417      98.61     0.6999     0.3619  1.000e-12  0.1581000     7.4043     7.4042    -0.0001     5.8736     5.8734     26.754     27.340      0.355    1433.70    1433.70  0.000e+00
      14887     27.500     4.4531     4.4535     0.0005    0.79103    0.79099          1     8.0527     8.0162      98.63     0.6901     0.3343  1.000e-12  0.1604000     7.4056     7.4052    -0.0005     5.8745     5.8741     27.250     27.847      0.356    1433.72    1433.72  0.000e+00
      14920     28.000     4.4616     4.4625     0.0009    0.79196    0.79197          1     8.0273     7.9737      98.61     0.6621     0.3351  1.000e-12  0.1607000     7.4131     7.4130    -0.0001     5.8801     5.8800     27.745     28.353      0.369    1433.78    1433.78  0.000e+00
