ctdpy/exports/archive_20191121_122431/received_data/SBE09_0827_20180905_1157_26_01_0964.cnv
* Sea-Bird SBE 9 Data File:
* FileName = D:\CTD_SBE911\DAT\26DA.2018.9.14.hex
* Software Version Seasave V 7.21d
* Temperature SN = 034605
* Conductivity SN = 041844
* Number of Bytes Per Scan = 48
* Number of Voltage Words = 5
* Number of Scans Averaged by the Deck Unit = 1
* NMEA Latitude = 57 06.96 N
* NMEA Longitude = 017 40.19 E
* NMEA UTC (Time) = Sep 05 2018  12:00:09
* NMEA baud rate = 4800
** Ship: DANA
** Average sound velocity: 1448.35 m/s
** True-depth calculation Wed, 03 Apr 2019 09:29:58 +0000
** CTD Python Module SMHI /ver 3-12/ feb 2012 
** LIMS Job: 20182601-0964
**  BY38 KARLSØDJUPET
** Operator: Christian
** Cruise: 09/2018
# nquan = 26
# nvalues = 210                         
# units = specified
# name 0 = scan: Scan Count
# name 1 = prDM: Pressure, Digiquartz [db]
# name 2 = t090C: Temperature [ITS-90, deg C]
# name 3 = t190C: Temperature, 2 [ITS-90, deg C]
# name 4 = T2-T190C: Temperature Difference, 2 - 1 [ITS-90, deg C]
# name 5 = c0S/m: Conductivity [S/m]
# name 6 = c1S/m: Conductivity, 2 [S/m]
# name 7 = pumps: Pump Status
# name 8 = sbeox1ML/L: Oxygen, SBE 43, 2 [ml/l]
# name 9 = sbeox0ML/L: Oxygen, SBE 43 [ml/l]
# name 10 = altM: Altimeter [m]
# name 11 = chloroflTC0: Chlorophyll, Turner Cyclops [ug/l]
# name 12 = cpar: CPAR/Corrected Irradiance [%]
# name 13 = par: PAR/Irradiance, Biospherical/Lico [µE/(cm^2*s)]
# name 14 = spar: SPAR, Biospherical/Licor
# name 15 = sal00: Salinity, Practical [PSU]
# name 16 = sal11: Salinity, Practical, 2 [PSU]
# name 17 = secS-priS: Salinity, Practical, Difference, 2 - 1 [PSU]
# name 18 = sigma-t00: Density [sigma-t, kg/m^3 ]
# name 19 = sigma-t11: Density, 2 [sigma-t, kg/m^3 ]
# name 20 = depSM: Depth [salt water, m], lat = 57.116
# name 21 = depFM: Depth [true depth, m], lat = 57.116
# name 22 = dz/dtM: Descent Rate [m/s], WS = 2
# name 23 = svCM: Sound Velocity [Chen-Millero, m/s]
# name 24 = svCM1: Sound Velocity, 2 [Chen-Millero, m/s]
# name 25 = flag: flag
# span 0 =        232,      10589       
# span 1 =      1.500,    106.000       
# span 2 =     3.8147,    18.6467       
# span 3 =     3.8017,    18.6438       
# span 4 =    -3.3652,     0.2698       
# span 5 =   0.782026,   1.157918       
# span 6 =   0.781393,   1.157337       
# span 7 =          1,          1       
# span 8 =     0.0526,     7.1614       
# span 9 =     0.0370,     7.3948       
# span 10 =       2.10,       9.98      
# span 11 =     0.0436,     0.3006      
# span 12 = 4.9788e-14, 1.2532e+01      
# span 13 = 1.0000e-12, 2.5136e+02      
# span 14 = 1.9715e+03, 2.0103e+03      
# span 15 =     6.6823,    10.7034      
# span 16 =     6.6792,    10.6980      
# span 17 =    -0.1453,     0.3966      
# span 18 =     3.5740,     8.4186      
# span 19 =     3.5717,     8.4144      
# span 20 =      1.487,    104.999      
# span 21 =      1.522,    107.280      
# span 22 =      0.051,      0.305      
# span 23 =    1431.71,    1485.95      
# span 24 =    1431.64,    1485.94      
# span 25 = 0.0000e+00, 0.0000e+00      
# interval = decibars: 0.5              
# start_time = Sep 05 2018 12:00:10 [NMEA time, first data scan]
# bad_flag = -9.990e-29
*END*
[from data line 56]
       2901     29.500     6.3922     6.1807    -0.2117    0.82558    0.82261          1     6.5218     6.6038       9.98     0.0487  5.016e-14  1.000e-12  1.994e+03     7.3179     7.3351     0.0172     5.7173     5.7430     29.227     29.919      0.254    1442.08    1441.20  0.000e+00
       2947     30.000     6.3465     5.9886    -0.3577    0.82425    0.81793          1     6.5466     6.6184       9.98     0.0493  5.012e-14  1.000e-12  1.995e+03     7.3150     7.3315     0.0165     5.7177     5.7506     29.722     30.425      0.275    1441.89    1440.38  0.000e+00
       2989     30.500     6.1862     5.8613    -0.3248    0.82069    0.81464          1     6.5882     6.6494       9.98     0.0491  5.009e-14  1.000e-12  1.996e+03     7.3153     7.3273     0.0120     5.7271     5.7540     30.217     30.931      0.291    1441.21    1439.83  0.000e+00
       3031     31.000     6.0266     5.8185    -0.2083    0.81748    0.81395          1     6.6463     6.7395       9.98     0.0495  5.014e-14  1.000e-12  1.994e+03     7.3189     7.3299     0.0110     5.7387     5.7583     30.713     31.438      0.275    1440.54    1439.66  0.000e+00
       3076     31.500     5.9626     5.7966    -0.1659    0.81640    0.81392          1     6.6754     6.7803       9.98     0.0481  5.003e-14  1.000e-12  1.999e+03     7.3222     7.3342     0.0121     5.7447     5.7628     31.208     31.944      0.261    1440.28    1439.58  0.000e+00
       3123     32.000     5.8634     5.7570    -0.1062    0.81493    0.81368          1     6.6907     6.8072       9.98     0.0478  5.004e-14  1.000e-12  1.998e+03     7.3294     7.3404     0.0110     5.7556     5.7697     31.703     32.450      0.249    1439.87    1439.43  0.000e+00
       3172     32.500     5.7756     5.6837    -0.0921    0.81385    0.81273          1     6.7192     6.8383       9.98     0.0482  5.006e-14  1.000e-12  1.998e+03     7.3380     7.3471     0.0091     5.7669     5.7786     32.199     32.957      0.236    1439.51    1439.13  0.000e+00
       3224     33.000     5.6232     5.5231    -0.1000    0.81089    0.80955          1     6.7472     6.8646       9.98     0.0476  5.005e-14  1.000e-12  1.998e+03     7.3424     7.3512     0.0088     5.7778     5.7895     32.694     33.463      0.241    1438.86    1438.44  0.000e+00
       3270     33.500     5.4454     5.3270    -0.1184    0.80662    0.80475          1     6.7501     6.9073       9.98     0.0478  5.004e-14  1.000e-12  1.998e+03     7.3395     7.3471     0.0075     5.7839     5.7952     33.189     33.969      0.275    1438.10    1437.59  0.000e+00
       3313     34.000     5.3152     5.2198    -0.0953    0.80362    0.80213          1     6.7859     6.9335       9.98     0.0486  5.009e-14  1.000e-12  1.996e+03     7.3386     7.3448     0.0063     5.7890     5.7981     33.685     34.476      0.280    1437.54    1437.13  0.000e+00
       3355     34.500     5.2261     5.1047    -0.1215    0.80166    0.79956          1     6.8396     6.9713       9.98     0.0478  5.014e-14  1.000e-12  1.994e+03     7.3388     7.3448     0.0061     5.7930     5.8028     34.180     34.982      0.283    1437.16    1436.63  0.000e+00
       3398     35.000     5.0985     4.8318    -0.2667    0.79847    0.79348          1     6.8322     6.9962       9.98     0.0472  5.017e-14  1.000e-12  1.993e+03     7.3353     7.3447     0.0094     5.7956     5.8132     34.675     35.488      0.271    1436.60    1435.44  0.000e+00
       3445     35.500     4.8501     4.5537    -0.2962    0.79272    0.78631          1     6.8611     7.0437       9.98     0.0488  5.023e-14  1.000e-12  1.991e+03     7.3330     7.3348     0.0017     5.8034     5.8151     35.171     35.995      0.251    1435.51    1434.20  0.000e+00
       3493     36.000     4.6387     4.4683    -0.1706    0.78786    0.78492          1     6.9297     7.0997       9.98     0.0480  5.003e-14  1.000e-12  1.999e+03     7.3313     7.3398     0.0085     5.8095     5.8218     35.666     36.501      0.240    1434.58    1433.84  0.000e+00
       3545     36.500     4.5405     4.4095    -0.1308    0.78617    0.78405          1     6.9594     7.1589       9.98     0.0484  4.999e-14  1.000e-12  2.000e+03     7.3362     7.3440     0.0079     5.8167     5.8270     36.161     37.007      0.229    1434.16    1433.59  0.000e+00
       3595     37.000     4.4764     4.3229    -0.1536    0.78462    0.78212          1     6.9873     7.1962       9.98     0.0482  4.999e-14  1.000e-12  2.000e+03     7.3348     7.3439     0.0091     5.8176     5.8295     36.657     37.514      0.262    1433.88    1433.21  0.000e+00
       3639     37.500     4.3532     4.2827    -0.0705    0.78226    0.78139          1     7.0360     7.2770       9.98     0.0478  4.996e-14  1.000e-12  2.002e+03     7.3384     7.3454     0.0070     5.8242     5.8318     37.152     38.020      0.278    1433.35    1433.04  0.000e+00
       3683     38.000     4.3156     4.3107    -0.0049    0.78203    0.78238          1     7.0745     7.3012       9.98     0.0466  4.986e-14  1.000e-12  2.006e+03     7.3444     7.3490     0.0046     5.8301     5.8339     37.647     38.526      0.267    1433.19    1433.18  0.000e+00
       3727     38.500     4.3378     4.3552     0.0174    0.78311    0.78394          1     7.1115     7.3336       9.98     0.0480  4.982e-14  1.000e-12  2.007e+03     7.3502     7.3548     0.0045     5.8341     5.8372     38.142     39.033      0.274    1433.31    1433.39  0.000e+00
       3772     39.000     4.3633     4.3869     0.0236    0.78418    0.78493          1     7.1371     7.3648       9.98     0.0473  4.979e-14  1.000e-12  2.008e+03     7.3553     7.3576     0.0022     5.8373     5.8384     38.638     39.539      0.262    1433.44    1433.55  0.000e+00
       3820     39.500     4.3979     4.4300     0.0321    0.78552    0.78642          1     7.0997     7.3313       9.98     0.0480  4.979e-14  1.000e-12  2.008e+03     7.3610     7.3629     0.0019     5.8408     5.8414     39.133     40.045      0.237    1433.61    1433.75  0.000e+00
       3873     40.000     4.4559     4.4967     0.0408    0.78760    0.78856          1     7.0353     7.2428       9.98     0.0467  4.979e-14  1.000e-12  2.008e+03     7.3689     7.3694     0.0005     5.8453     5.8444     39.628     40.552      0.225    1433.88    1434.06  0.000e+00
       3924     40.500     4.5208     4.5465     0.0257    0.79000    0.79051          1     6.9765     7.1697       9.98     0.0462  4.985e-14  1.000e-12  2.006e+03     7.3784     7.3777    -0.0007     5.8508     5.8494     40.124     41.058      0.251    1434.19    1434.31  0.000e+00
       3970     41.000     4.5479     4.5293    -0.0186    0.79112    0.79068          1     6.9485     7.1331       9.98     0.0482  4.993e-14  1.000e-12  2.003e+03     7.3835     7.3833    -0.0002     5.8539     5.8544     40.619     41.564      0.257    1434.33    1434.24  0.000e+00
       4016     41.500     4.5108     4.4166    -0.0942    0.79047    0.78831          1     6.9633     7.1653       9.98     0.0471  4.995e-14  1.000e-12  2.002e+03     7.3852     7.3846    -0.0006     5.8565     5.8590     41.114     42.071      0.268    1434.17    1433.75  0.000e+00
       4060     42.000     4.4390     4.3378    -0.1013    0.78882    0.78684          1     7.0292     7.2465       9.98     0.0474  4.997e-14  1.000e-12  2.001e+03     7.3847     7.3874     0.0028     5.8583     5.8636     41.610     42.577      0.275    1433.86    1433.41  0.000e+00
       4105     42.500     4.3503     4.2550    -0.0953    0.78699    0.78492          1     7.0821     7.3204       9.98     0.0470  5.002e-14  1.000e-12  1.999e+03     7.3861     7.3866     0.0005     5.8622     5.8653     42.105     43.083      0.259    1433.47    1433.05  0.000e+00
       4153     43.000     4.2833     4.2414    -0.0419    0.78570    0.78478          1     7.1331     7.3802       9.98     0.0469  4.999e-14  1.000e-12  2.000e+03     7.3881     7.3881     0.0001     5.8657     5.8669     42.600     43.589      0.244    1433.19    1433.00  0.000e+00
       4203     43.500     4.2551     4.2195    -0.0355    0.78534    0.78448          1     7.1548     7.3948       9.98     0.0474  4.995e-14  1.000e-12  2.002e+03     7.3907     7.3900    -0.0008     5.8686     5.8690     43.096     44.096      0.231    1433.07    1432.91  0.000e+00
       4255     44.000     4.2286     4.2037    -0.0249    0.78503    0.78433          1     7.1614     7.3819       9.98     0.0466  4.999e-14  1.000e-12  2.000e+03     7.3935     7.3920    -0.0015     5.8715     5.8710     43.591     44.602      0.239    1432.96    1432.85  0.000e+00
       4302     44.500     4.2108     4.1931    -0.0177    0.78488    0.78443          1     7.1312     7.3659       9.98     0.0455  4.990e-14  1.000e-12  2.004e+03     7.3958     7.3952    -0.0006     5.8739     5.8739     44.086     45.108      0.269    1432.89    1432.81  0.000e+00
       4346     45.000     4.2022     4.1895    -0.0127    0.78501    0.78462          1     7.1113     7.3343       9.98     0.0449  4.991e-14  1.000e-12  2.004e+03     7.3991     7.3980    -0.0011     5.8767     5.8762     44.581     45.615      0.272    1432.87    1432.81  0.000e+00
       4390     45.500     4.1976     4.1918    -0.0059    0.78524    0.78505          1     7.0837     7.3139       9.98     0.0456  4.992e-14  1.000e-12  2.003e+03     7.4024     7.4018    -0.0006     5.8795     5.8791     45.077     46.121      0.280    1432.86    1432.83  0.000e+00
       4432     46.000     4.1983     4.1866    -0.0116    0.78566    0.78534          1     7.0513     7.2660       9.98     0.0455  4.993e-14  1.000e-12  2.003e+03     7.4064     7.4058    -0.0006     5.8826     5.8824     45.572     46.627      0.281    1432.88    1432.82  0.000e+00
       4478     46.500     4.1951     4.1860    -0.0091    0.78597    0.78572          1     7.0220     7.2350       9.98     0.0464  5.003e-14  1.000e-12  1.999e+03     7.4102     7.4097    -0.0005     5.8857     5.8856     46.067     47.134      0.250    1432.87    1432.83  0.000e+00
       4527     47.000     4.1855     4.1592    -0.0263    0.78615    0.78555          1     6.9813     7.2157       9.98     0.0463  5.009e-14  1.000e-12  1.996e+03     7.4141     7.4140    -0.0001     5.8891     5.8897     46.563     47.640      0.243    1432.84    1432.73  0.000e+00
       4577     47.500     4.1740     4.1739    -0.0001    0.78661    0.78668          1     6.9366     7.1591       9.98     0.0455  5.013e-14  1.000e-12  1.995e+03     7.4213     7.4220     0.0007     5.8952     5.8957     47.058     48.146      0.237    1432.81    1432.81  0.000e+00
       4626     48.000     4.1798     4.1765    -0.0033    0.78746    0.78719          1     6.8712     7.0970       9.98     0.0448  5.019e-14  1.000e-12  1.992e+03     7.4285     7.4266    -0.0020     5.9007     5.8993     47.553     48.652      0.253    1432.85    1432.83  0.000e+00
       4672     48.500     4.1862     4.2012     0.0150    0.78800    0.78810          1     6.8401     7.0683       9.98     0.0461  5.019e-14  1.000e-12  1.992e+03     7.4325     7.4301    -0.0025     5.9037     5.9013     48.048     49.159      0.265    1432.89    1432.96  0.000e+00
       4717     49.000     4.2155     4.2658     0.0502    0.78929    0.79044          1     6.8247     7.0334       9.98     0.0458  5.022e-14  1.000e-12  1.991e+03     7.4388     7.4391     0.0003     5.9079     5.9067     48.544     49.665      0.269    1433.04    1433.27  0.000e+00
       4762     49.500     4.2727     4.3171     0.0443    0.79166    0.79283          1     6.7666     6.9468       9.98     0.0460  5.025e-14  1.000e-12  1.990e+03     7.4498     7.4516     0.0018     5.9150     5.9151     49.039     50.171      0.268    1433.32    1433.52  0.000e+00
       4808     50.000     4.3031     4.2743    -0.0288    0.79311    0.79230          1     6.6855     6.8620       9.98     0.0475  5.027e-14  1.000e-12  1.989e+03     7.4575     7.4558    -0.0017     5.9202     5.9197     49.534     50.677      0.250    1433.47    1433.34  0.000e+00
       4858     50.500     4.2431     4.1743    -0.0687    0.79203    0.79046          1     6.6701     6.8781       9.98     0.0471  5.034e-14  1.000e-12  1.987e+03     7.4602     7.4598    -0.0003     5.9241     5.9257     50.030     51.184      0.235    1433.22    1432.91  0.000e+00
       4909     51.000     4.1694     4.1404    -0.0291    0.79108    0.79045          1     6.6898     6.9006       9.98     0.0462  5.051e-14  1.000e-12  1.980e+03     7.4672     7.4674     0.0002     5.9317     5.9326     50.525     51.690      0.242    1432.90    1432.77  0.000e+00
       4957     51.500     4.1496     4.1323    -0.0173    0.79131    0.79091          1     6.6686     6.8889       9.98     0.0468  5.048e-14  1.000e-12  1.981e+03     7.4740     7.4738    -0.0002     5.9377     5.9380     51.020     52.196      0.254    1432.83    1432.75  0.000e+00
       5004     52.000     4.1412     4.1460     0.0048    0.79161    0.79147          1     6.6538     6.8817       9.98     0.0465  5.045e-14  1.000e-12  1.982e+03     7.4788     7.4763    -0.0025     5.9417     5.9396     51.515     52.703      0.251    1432.81    1432.83  0.000e+00
       5051     52.500     4.1677     4.1905     0.0229    0.79287    0.79327          1     6.6181     6.8318       9.98     0.0454  5.031e-14  1.000e-12  1.988e+03     7.4855     7.4844    -0.0011     5.9463     5.9447     52.011     53.209      0.267    1432.94    1433.04  0.000e+00
       5095     53.000     4.1809     4.1799    -0.0009    0.79364    0.79337          1     6.5857     6.8045       9.98     0.0446  5.028e-14  1.000e-12  1.989e+03     7.4903     7.4878    -0.0025     5.9497     5.9477     52.506     53.715      0.267    1433.02    1433.01  0.000e+00
       5142     53.500     4.2036     4.2197     0.0161    0.79503    0.79543          1     6.5571     6.7449       9.98     0.0454  5.023e-14  1.000e-12  1.991e+03     7.4991     7.4995     0.0004     5.9561     5.9560     53.001     54.221      0.253    1433.14    1433.21  0.000e+00
       5189     54.000     4.2121     4.2079    -0.0042    0.79622    0.79628          1     6.4956     6.6882       9.98     0.0464  5.024e-14  1.000e-12  1.991e+03     7.5091     7.5107     0.0016     5.9638     5.9652     53.497     54.728      0.249    1433.19    1433.18  0.000e+00
       5241     54.500     4.2024     4.1913    -0.0111    0.79763    0.79747          1     6.4777     6.6976       9.98     0.0461  5.030e-14  1.000e-12  1.988e+03     7.5256     7.5264     0.0009     5.9771     5.9781     53.992     55.234      0.224    1433.18    1433.13  0.000e+00
       5293     55.000     4.1830     4.1610    -0.0220    0.79862    0.79800          1     6.5660     6.7802       9.98     0.0455  5.035e-14  1.000e-12  1.986e+03     7.5400     7.5388    -0.0013     5.9891     5.9887     54.487     55.740      0.245    1433.12    1433.02  0.000e+00
       5340     55.500     4.1093     3.9834    -0.1259    0.79746    0.79511          1     6.5323     6.7032       9.98     0.0448  5.041e-14  1.000e-12  1.984e+03     7.5451     7.5502     0.0051     5.9952     6.0024     54.982     56.246      0.252    1432.80    1432.24  0.000e+00
       5389     56.000     3.9126     3.8591    -0.0536    0.79391    0.79333          1     6.4553     6.6445       9.98     0.0449  5.049e-14  1.000e-12  1.981e+03     7.5542     7.5607     0.0064     6.0074     6.0137     55.478     56.753      0.252    1431.94    1431.71  0.000e+00
       5434     56.500     3.8913     3.8681    -0.0232    0.79612    0.79641          1     6.3812     6.5627       9.98     0.0457  5.047e-14  1.000e-12  1.981e+03     7.5817     7.5901     0.0084     6.0297     6.0369     55.973     57.259      0.272    1431.89    1431.79  0.000e+00
