ctdpy/exports/archive_20191121_122431/received_data/SBE09_0827_20181008_0214_26_01_1041.cnv
* Sea-Bird SBE 9 Data File:
* FileName = D:\CTD_SBE911\DAT\26DA.2018.10.41.hex
* Software Version Seasave V 7.21d
* Temperature SN = 4548
* Conductivity SN = 3062
* Number of Bytes Per Scan = 48
* Number of Voltage Words = 5
* Number of Scans Averaged by the Deck Unit = 1
* NMEA Latitude = 58 41.88 N
* NMEA Longitude = 018 39.66 E
* NMEA UTC (Time) = Oct 08 2018  02:16:46
* NMEA baud rate = 4800
** Ship: DANA
** Average sound velocity: 1444.56 m/s
** True-depth calculation Thu, 28 Mar 2019 12:21:23 +0000
** CTD Python Module SMHI /ver 3-12/ feb 2012 
** LIMS Job: 20182601-1041
** Operator: Christian A-KTh
** Cruise: 10/2018
# nquan = 26
# nvalues = 440                         
# units = specified
# name 0 = scan: Scan Count
# name 1 = prDM: Pressure, Digiquartz [db]
# name 2 = t090C: Temperature [ITS-90, deg C]
# name 3 = t190C: Temperature, 2 [ITS-90, deg C]
# name 4 = T2-T190C: Temperature Difference, 2 - 1 [ITS-90, deg C]
# name 5 = c0S/m: Conductivity [S/m]
# name 6 = c1S/m: Conductivity, 2 [S/m]
# name 7 = pumps: Pump Status
# name 8 = sbeox1ML/L: Oxygen, SBE 43, 2 [ml/l]
# name 9 = sbeox0ML/L: Oxygen, SBE 43 [ml/l]
# name 10 = altM: Altimeter [m]
# name 11 = chloroflTC0: Chlorophyll, Turner Cyclops [ug/l]
# name 12 = cpar: CPAR/Corrected Irradiance [%]
# name 13 = par: PAR/Irradiance, Biospherical/Lico [µE/(cm^2*s)]
# name 14 = spar: SPAR, Biospherical/Licor
# name 15 = sal00: Salinity, Practical [PSU]
# name 16 = sal11: Salinity, Practical, 2 [PSU]
# name 17 = secS-priS: Salinity, Practical, Difference, 2 - 1 [PSU]
# name 18 = sigma-t00: Density [sigma-t, kg/m^3 ]
# name 19 = sigma-t11: Density, 2 [sigma-t, kg/m^3 ]
# name 20 = depSM: Depth [salt water, m], lat = 58.698
# name 21 = depFM: Depth [true depth, m], lat = 58.698
# name 22 = dz/dtM: Descent Rate [m/s], WS = 2
# name 23 = svCM: Sound Velocity [Chen-Millero, m/s]
# name 24 = svCM1: Sound Velocity, 2 [Chen-Millero, m/s]
# name 25 = flag: flag
# span 0 =         64,      15755       
# span 1 =      1.000,    220.500       
# span 2 =     3.3730,     8.4603       
# span 3 =     3.3726,     8.4551       
# span 4 =    -0.0864,     0.0310       
# span 5 =   0.758550,   1.242669       
# span 6 =   0.758638,   1.242431       
# span 7 =          1,          1       
# span 8 =     0.0298,     7.7606       
# span 9 =     0.0277,     7.2823       
# span 10 =       1.15,       9.98      
# span 11 =     0.0158,     0.0397      
# span 12 = -1.099e+02, 7.1018e+03      
# span 13 = 1.0000e-12, 1.0000e-12      
# span 14 = 1.8866e+00, 2.0330e+00      
# span 15 =     6.8731,    11.3902      
# span 16 =     6.8752,    11.3880      
# span 17 =    -0.0051,     0.0258      
# span 18 =     5.2340,     8.9324      
# span 19 =     5.2344,     8.9307      
# span 20 =      0.991,    218.328      
# span 21 =      1.013,    222.844      
# span 22 =      0.106,      0.589      
# span 23 =    1428.93,    1449.76      
# span 24 =    1428.93,    1449.76      
# span 25 = 0.0000e+00, 0.0000e+00      
# interval = decibars: 0.5              
# start_time = Oct 08 2018 02:16:47 [NMEA time, first data scan]
# bad_flag = -9.990e-29
*END*
[from data line 223]
      10201    112.500     6.1088     6.1105     0.0017    1.21174    1.21188          1     0.0548     0.0498       7.57     0.0170  4.924e-11  1.000e-12  2.031e+00    11.1439    11.1446     0.0007     8.7468     8.7473    111.421    113.807      0.552    1447.01    1447.02  0.000e+00
      10223    113.000     6.1097     6.1115     0.0018    1.21200    1.21214          1     0.0576     0.0492       9.94     0.0167  4.924e-11  1.000e-12  2.031e+00    11.1461    11.1468     0.0007     8.7485     8.7489    111.916    114.311      0.513    1447.03    1447.04  0.000e+00
      10249    113.500     6.1108     6.1123     0.0015    1.21225    1.21235          1     0.0571     0.0471       9.96     0.0170  4.924e-11  1.000e-12  2.031e+00    11.1480    11.1486     0.0005     8.7500     8.7503    112.411    114.816      0.446    1447.04    1447.05  0.000e+00
      10276    114.000     6.1128     6.1141     0.0013    1.21268    1.21275          1     0.0561     0.0500       9.96     0.0168  4.924e-11  1.000e-12  2.031e+00    11.1515    11.1518     0.0003     8.7526     8.7527    112.906    115.321      0.454    1447.06    1447.07  0.000e+00
      10301    114.500     6.1143     6.1156     0.0013    1.21302    1.21305          1     0.0530     0.0471       9.96     0.0170  4.924e-11  1.000e-12  2.031e+00    11.1544    11.1543    -0.0001     8.7547     8.7546    113.401    115.826      0.496    1447.08    1447.08  0.000e+00
      10325    115.000     6.1153     6.1167     0.0013    1.21325    1.21330          1     0.0550     0.0456       9.96     0.0170  4.924e-11  1.000e-12  2.031e+00    11.1562    11.1563     0.0001     8.7561     8.7561    113.896    116.331      0.475    1447.09    1447.10  0.000e+00
      10353    115.500     6.1168     6.1173     0.0005    1.21352    1.21348          1     0.0538     0.0476       9.96     0.0168  4.924e-11  1.000e-12  2.031e+00    11.1584    11.1578    -0.0006     8.7577     8.7572    114.391    116.836      0.414    1447.11    1447.11  0.000e+00
      10382    116.000     6.1181     6.1186     0.0006    1.21378    1.21374          1     0.0566     0.0488       8.23     0.0169  4.924e-11  1.000e-12  2.031e+00    11.1604    11.1598    -0.0006     8.7592     8.7587    114.886    117.341      0.428    1447.13    1447.13  0.000e+00
      10408    116.500     6.1205     6.1206     0.0001    1.21432    1.21422          1     0.0539     0.0466       7.96     0.0170  4.924e-11  1.000e-12  2.031e+00    11.1649    11.1638    -0.0010     8.7626     8.7618    115.381    117.845      0.503    1447.15    1447.15  0.000e+00
      10431    117.000     6.1227     6.1233     0.0006    1.21470    1.21463          1     0.0539     0.0457       9.79     0.0168  4.924e-11  1.000e-12  2.031e+00    11.1679    11.1669    -0.0009     8.7648     8.7640    115.876    118.350      0.526    1447.17    1447.17  0.000e+00
      10455    117.500     6.1239     6.1240     0.0001    1.21494    1.21480          1     0.0500     0.0444       9.96     0.0167  4.924e-11  1.000e-12  2.031e+00    11.1698    11.1683    -0.0014     8.7662     8.7651    116.371    118.855      0.454    1447.19    1447.19  0.000e+00
      10485    118.000     6.1256     6.1259     0.0003    1.21514    1.21507          1     0.0505     0.0466       8.43     0.0165  4.924e-11  1.000e-12  2.031e+00    11.1711    11.1703    -0.0009     8.7672     8.7665    116.866    119.360      0.388    1447.21    1447.20  0.000e+00
      10514    118.500     6.1271     6.1275     0.0003    1.21538    1.21529          1     0.0536     0.0467       9.96     0.0164  4.924e-11  1.000e-12  2.031e+00    11.1728    11.1718    -0.0010     8.7684     8.7676    117.361    119.865      0.493    1447.22    1447.22  0.000e+00
      10536    119.000     6.1287     6.1285    -0.0003    1.21565    1.21551          1     0.0518     0.0457       7.75     0.0166  4.924e-11  1.000e-12  2.031e+00    11.1750    11.1736    -0.0014     8.7700     8.7689    117.856    120.370      0.570    1447.24    1447.24  0.000e+00
      10556    119.500     6.1294     6.1294    -0.0000    1.21582    1.21570          1     0.0520     0.0439       9.79     0.0167  4.924e-11  1.000e-12  2.031e+00    11.1763    11.1751    -0.0012     8.7710     8.7700    118.351    120.874      0.559    1447.25    1447.25  0.000e+00
      10580    120.000     6.1297     6.1297     0.0001    1.21593    1.21579          1     0.0506     0.0454       9.96     0.0168  4.924e-11  1.000e-12  2.031e+00    11.1772    11.1759    -0.0013     8.7717     8.7706    118.847    121.379      0.443    1447.26    1447.26  0.000e+00
      10612    120.500     6.1309     6.1304    -0.0005    1.21608    1.21591          1     0.0530     0.0464       9.96     0.0169  4.924e-11  1.000e-12  2.031e+00    11.1782    11.1767    -0.0015     8.7724     8.7712    119.342    121.884      0.361    1447.28    1447.27  0.000e+00
      10642    121.000     6.1311     6.1312     0.0001    1.21613    1.21605          1     0.0513     0.0446       9.96     0.0167  4.924e-11  1.000e-12  2.031e+00    11.1786    11.1777    -0.0008     8.7727     8.7720    119.837    122.389      0.471    1447.28    1447.28  0.000e+00
      10665    121.500     6.1314     6.1313    -0.0001    1.21623    1.21613          1     0.0509     0.0458       9.96     0.0167  4.924e-11  1.000e-12  2.031e+00    11.1794    11.1784    -0.0010     8.7733     8.7725    120.332    122.894      0.516    1447.30    1447.29  0.000e+00
      10690    122.000     6.1319     6.1317    -0.0002    1.21636    1.21622          1     0.0518     0.0453       9.96     0.0164  4.924e-11  1.000e-12  2.031e+00    11.1804    11.1791    -0.0014     8.7741     8.7730    120.827    123.399      0.430    1447.31    1447.30  0.000e+00
      10723    122.500     6.1331     6.1325    -0.0006    1.21662    1.21637          1     0.0516     0.0437       9.96     0.0169  4.924e-11  1.000e-12  2.031e+00    11.1825    11.1802    -0.0023     8.7756     8.7739    121.322    123.903      0.371    1447.32    1447.32  0.000e+00
      10752    123.000     6.1341     6.1337    -0.0003    1.21683    1.21666          1     0.0523     0.0472       9.96     0.0168  4.924e-11  1.000e-12  2.031e+00    11.1842    11.1826    -0.0016     8.7769     8.7757    121.817    124.408      0.470    1447.34    1447.33  0.000e+00
      10775    123.500     6.1343     6.1340    -0.0003    1.21690    1.21674          1     0.0517     0.0448       9.96     0.0168  4.924e-11  1.000e-12  2.031e+00    11.1847    11.1832    -0.0015     8.7773     8.7761    122.312    124.913      0.493    1447.35    1447.34  0.000e+00
      10801    124.000     6.1325     6.1335     0.0010    1.21689    1.21680          1     0.0510     0.0447       9.96     0.0167  4.924e-11  1.000e-12  2.031e+00    11.1851    11.1839    -0.0013     8.7778     8.7767    122.807    125.418      0.449    1447.35    1447.35  0.000e+00
      10828    124.500     6.1346     6.1341    -0.0004    1.21712    1.21696          1     0.0509     0.0443       9.96     0.0167  4.924e-11  1.000e-12  2.031e+00    11.1866    11.1852    -0.0015     8.7788     8.7776    123.302    125.923      0.475    1447.37    1447.36  0.000e+00
      10852    125.000     6.1353     6.1348    -0.0005    1.21724    1.21708          1     0.0524     0.0446       9.96     0.0166  4.924e-11  1.000e-12  2.031e+00    11.1875    11.1861    -0.0014     8.7794     8.7783    123.797    126.428      0.508    1447.38    1447.37  0.000e+00
      10875    125.500     6.1369     6.1354    -0.0015    1.21740    1.21715          1     0.0521     0.0441       9.96     0.0169  4.924e-11  1.000e-12  2.031e+00    11.1885    11.1864    -0.0020     8.7801     8.7786    124.292    126.932      0.484    1447.39    1447.38  0.000e+00
      10903    126.000     6.1371     6.1367    -0.0005    1.21745    1.21729          1     0.0506     0.0442       9.96     0.0169  4.924e-11  1.000e-12  2.031e+00    11.1888    11.1874    -0.0014     8.7803     8.7792    124.787    127.437      0.386    1447.40    1447.40  0.000e+00
      10937    126.500     6.1377     6.1374    -0.0004    1.21757    1.21741          1     0.0493     0.0455       9.96     0.0167  4.924e-11  1.000e-12  2.031e+00    11.1897    11.1882    -0.0015     8.7810     8.7798    125.282    127.942      0.381    1447.42    1447.41  0.000e+00
      10965    127.000     6.1383     6.1380    -0.0004    1.21775    1.21755          1     0.0514     0.0462       9.96     0.0168  4.924e-11  1.000e-12  2.031e+00    11.1912    11.1892    -0.0019     8.7821     8.7806    125.777    128.447      0.455    1447.43    1447.42  0.000e+00
      10991    127.500     6.1385     6.1385    -0.0000    1.21794    1.21773          1     0.0500     0.0433       9.96     0.0166  4.924e-11  1.000e-12  2.031e+00    11.1929    11.1909    -0.0020     8.7835     8.7819    126.272    128.952      0.453    1447.44    1447.44  0.000e+00
      11019    128.000     6.1382     6.1385     0.0003    1.21811    1.21789          1     0.0506     0.0464       9.96     0.0168  4.924e-11  1.000e-12  2.031e+00    11.1946    11.1923    -0.0023     8.7848     8.7830    126.767    129.457      0.396    1447.45    1447.45  0.000e+00
      11050    128.500     6.1382     6.1384     0.0001    1.21824    1.21808          1     0.0491     0.0435       9.96     0.0166  4.924e-11  1.000e-12  2.031e+00    11.1958    11.1941    -0.0017     8.7857     8.7844    127.262    129.961      0.420    1447.46    1447.46  0.000e+00
      11076    129.000     6.1375     6.1381     0.0006    1.21816    1.21811          1     0.0488     0.0433       9.96     0.0165  4.924e-11  1.000e-12  2.031e+00    11.1952    11.1945    -0.0006     8.7853     8.7847    127.757    130.466      0.489    1447.46    1447.46  0.000e+00
      11099    129.500     6.1369     6.1375     0.0006    1.21815    1.21809          1     0.0456     0.0455       9.96     0.0170  4.924e-11  1.000e-12  2.031e+00    11.1952    11.1944    -0.0008     8.7853     8.7847    128.252    130.971      0.525    1447.47    1447.47  0.000e+00
      11123    130.000     6.1372     6.1372     0.0000    1.21816    1.21810          1     0.0503     0.0445       9.96     0.0168  4.924e-11  1.000e-12  2.031e+00    11.1951    11.1945    -0.0006     8.7852     8.7848    128.747    131.476      0.470    1447.48    1447.48  0.000e+00
      11151    130.500     6.1373     6.1372    -0.0001    1.21821    1.21812          1     0.0467     0.0431       9.96     0.0169  4.924e-11  1.000e-12  2.031e+00    11.1954    11.1946    -0.0008     8.7855     8.7849    129.242    131.981      0.423    1447.49    1447.48  0.000e+00
      11178    131.000     6.1378     6.1376    -0.0002    1.21834    1.21818          1     0.0470     0.0425       9.96     0.0169  4.924e-11  1.000e-12  2.031e+00    11.1965    11.1950    -0.0015     8.7863     8.7851    129.737    132.486      0.468    1447.50    1447.49  0.000e+00
      11203    131.500     6.1384     6.1381    -0.0003    1.21842    1.21828          1     0.0488     0.0443       9.96     0.0166  4.924e-11  1.000e-12  2.031e+00    11.1970    11.1957    -0.0012     8.7866     8.7857    130.232    132.990      0.503    1447.51    1447.51  0.000e+00
      11227    132.000     6.1391     6.1387    -0.0005    1.21851    1.21836          1     0.0475     0.0437       9.96     0.0163  4.924e-11  1.000e-12  2.031e+00    11.1976    11.1962    -0.0013     8.7871     8.7861    130.727    133.495      0.451    1447.52    1447.52  0.000e+00
      11256    132.500     6.1399     6.1396    -0.0003    1.21862    1.21849          1     0.0465     0.0417       9.96     0.0168  4.924e-11  1.000e-12  2.031e+00    11.1982    11.1971    -0.0012     8.7875     8.7867    131.222    134.000      0.405    1447.53    1447.53  0.000e+00
      11286    133.000     6.1399     6.1400     0.0000    1.21861    1.21854          1     0.0455     0.0431       9.96     0.0168  4.924e-11  1.000e-12  2.031e+00    11.1981    11.1974    -0.0007     8.7874     8.7869    131.717    134.505      0.403    1447.54    1447.54  0.000e+00
      11315    133.500     6.1404     6.1402    -0.0003    1.21873    1.21858          1     0.0485     0.0452       9.96     0.0169  4.924e-11  1.000e-12  2.031e+00    11.1991    11.1976    -0.0014     8.7882     8.7871    132.212    135.010      0.449    1447.55    1447.55  0.000e+00
      11340    134.000     6.1409     6.1407    -0.0002    1.21890    1.21871          1     0.0464     0.0448       9.96     0.0168  4.924e-11  1.000e-12  2.031e+00    11.2005    11.1987    -0.0018     8.7892     8.7878    132.707    135.515      0.487    1447.56    1447.56  0.000e+00
      11364    134.500     6.1410     6.1410    -0.0000    1.21897    1.21882          1     0.0457     0.0441       9.96     0.0169  4.924e-11  1.000e-12  2.031e+00    11.2011    11.1996    -0.0015     8.7897     8.7885    133.203    136.019      0.490    1447.57    1447.57  0.000e+00
      11389    135.000     6.1414     6.1413    -0.0001    1.21907    1.21894          1     0.0464     0.0426       9.96     0.0171  4.924e-11  1.000e-12  2.031e+00    11.2019    11.2005    -0.0013     8.7903     8.7893    133.698    136.524      0.474    1447.58    1447.58  0.000e+00
      11414    135.500     6.1419     6.1416    -0.0003    1.21921    1.21904          1     0.0469     0.0438       9.96     0.0169  4.924e-11  1.000e-12  2.031e+00    11.2030    11.2013    -0.0016     8.7912     8.7899    134.192    137.029      0.496    1447.59    1447.59  0.000e+00
      11438    136.000     6.1436     6.1425    -0.0011    1.21951    1.21922          1     0.0468     0.0430       9.96     0.0169  4.924e-11  1.000e-12  2.031e+00    11.2052    11.2027    -0.0025     8.7928     8.7909    134.688    137.534      0.520    1447.61    1447.60  0.000e+00
      11460    136.500     6.1445     6.1437    -0.0008    1.21965    1.21942          1     0.0465     0.0439       9.96     0.0164  4.924e-11  1.000e-12  2.031e+00    11.2063    11.2042    -0.0021     8.7936     8.7920    135.183    138.039      0.534    1447.62    1447.62  0.000e+00
      11483    137.000     6.1452     6.1445    -0.0007    1.21979    1.21957          1     0.0468     0.0456       9.96     0.0164  4.924e-11  1.000e-12  2.031e+00    11.2074    11.2054    -0.0020     8.7944     8.7928    135.678    138.544      0.512    1447.64    1447.63  0.000e+00
      11508    137.500     6.1462     6.1456    -0.0006    1.22001    1.21978          1     0.0465     0.0417       9.96     0.0170  4.924e-11  1.000e-12  2.031e+00    11.2091    11.2070    -0.0021     8.7957     8.7941    136.173    139.048      0.448    1447.65    1447.65  0.000e+00
      11536    138.000     6.1468     6.1465    -0.0003    1.22011    1.21997          1     0.0464     0.0405       9.96     0.0170  4.924e-11  1.000e-12  2.031e+00    11.2098    11.2085    -0.0014     8.7962     8.7952    136.668    139.553      0.430    1447.66    1447.66  0.000e+00
      11564    138.500     6.1470     6.1469    -0.0001    1.22017    1.22004          1     0.0466     0.0413       9.96     0.0169  4.924e-11  1.000e-12  2.031e+00    11.2102    11.2090    -0.0012     8.7965     8.7956    137.163    140.058      0.434    1447.67    1447.67  0.000e+00
      11592    139.000     6.1473     6.1472    -0.0002    1.22027    1.22012          1     0.0466     0.0416       9.96     0.0170  4.924e-11  1.000e-12  2.031e+00    11.2110    11.2096    -0.0014     8.7971     8.7960    137.658    140.563      0.422    1447.68    1447.68  0.000e+00
      11621    139.500     6.1500     6.1484    -0.0017    1.22070    1.22034          1     0.0466     0.0407       9.96     0.0169  4.924e-11  1.000e-12  2.031e+00    11.2143    11.2113    -0.0030     8.7995     8.7973    138.153    141.068      0.433    1447.71    1447.70  0.000e+00
