ctdpy/exports/archive_20191121_122431/received_data/SBE09_0827_20180903_1619_26_01_0956.cnv
* Sea-Bird SBE 9 Data File:
* FileName = D:\CTD_SBE911\DAT\26DA.2018.9.6.hex
* Software Version Seasave V 7.21d
* Temperature SN = 034605
* Conductivity SN = 041844
* Number of Bytes Per Scan = 48
* Number of Voltage Words = 5
* Number of Scans Averaged by the Deck Unit = 1
* NMEA Latitude = 55 22.85 N
* NMEA Longitude = 015 19.61 E
* NMEA UTC (Time) = Sep 03 2018  16:22:20
* NMEA baud rate = 4800
** Ship: DANA
** Average sound velocity: 1460.66 m/s
** True-depth calculation Wed, 03 Apr 2019 09:24:03 +0000
** CTD Python Module SMHI /ver 3-12/ feb 2012 
** LIMS Job: 20182601-0956
**  BY4
** Operator: Christian JKro
** Cruise: 09/2018
# nquan = 26
# nvalues = 173                         
# units = specified
# name 0 = scan: Scan Count
# name 1 = prDM: Pressure, Digiquartz [db]
# name 2 = t090C: Temperature [ITS-90, deg C]
# name 3 = t190C: Temperature, 2 [ITS-90, deg C]
# name 4 = T2-T190C: Temperature Difference, 2 - 1 [ITS-90, deg C]
# name 5 = c0S/m: Conductivity [S/m]
# name 6 = c1S/m: Conductivity, 2 [S/m]
# name 7 = pumps: Pump Status
# name 8 = sbeox1ML/L: Oxygen, SBE 43, 2 [ml/l]
# name 9 = sbeox0ML/L: Oxygen, SBE 43 [ml/l]
# name 10 = altM: Altimeter [m]
# name 11 = chloroflTC0: Chlorophyll, Turner Cyclops [ug/l]
# name 12 = cpar: CPAR/Corrected Irradiance [%]
# name 13 = par: PAR/Irradiance, Biospherical/Lico [µE/(cm^2*s)]
# name 14 = spar: SPAR, Biospherical/Licor
# name 15 = sal00: Salinity, Practical [PSU]
# name 16 = sal11: Salinity, Practical, 2 [PSU]
# name 17 = secS-priS: Salinity, Practical, Difference, 2 - 1 [PSU]
# name 18 = sigma-t00: Density [sigma-t, kg/m^3 ]
# name 19 = sigma-t11: Density, 2 [sigma-t, kg/m^3 ]
# name 20 = depSM: Depth [salt water, m], lat = 55.3808
# name 21 = depFM: Depth [true depth, m], lat = 55.3808
# name 22 = dz/dtM: Descent Rate [m/s], WS = 2
# name 23 = svCM: Sound Velocity [Chen-Millero, m/s]
# name 24 = svCM1: Sound Velocity, 2 [Chen-Millero, m/s]
# name 25 = flag: flag
# span 0 =        -57,       8835       
# span 1 =      1.500,     88.000       
# span 2 =     4.3785,    18.2957       
# span 3 =     4.4171,    18.2938       
# span 4 =    -1.6468,     1.6004       
# span 5 =   0.816664,   1.795214       
# span 6 =   0.819003,   1.788436       
# span 7 =          1,          1       
# span 8 =     0.0634,     7.2340       
# span 9 =     0.0286,     7.4544       
# span 10 =       2.77,      16.66      
# span 11 =     0.0429,     0.2624      
# span 12 = -3.027e-07, 4.3477e+00      
# span 13 = -2.916e-06, 4.2985e+01      
# span 14 = 6.9130e+02, 1.0075e+03      
# span 15 =     7.4147,    16.4676      
# span 16 =     7.4123,    16.4594      
# span 17 =    -0.6390,     0.0716      
# span 18 =     4.1965,    12.8515      
# span 19 =     4.1939,    12.8436      
# span 20 =      1.486,     87.186      
# span 21 =      1.521,     88.924      
# span 22 =      0.091,      1.398      
# span 23 =    1433.83,    1487.00      
# span 24 =    1434.19,    1487.11      
# span 25 = 0.0000e+00, 0.0000e+00      
# interval = decibars: 0.5              
# start_time = Sep 03 2018 16:22:21 [NMEA time, first data scan]
# bad_flag = -9.990e-29
*END*
        -57      1.500    18.2957    18.2938    -0.0018    1.12086    1.12027          1     6.7540     6.4234       9.98     0.2256  4.092e+00  3.864e+01  9.444e+02     7.4175     7.4136    -0.0039     4.1965     4.1939      1.486      1.521      0.093    1485.55    1485.54  0.000e+00
        306      2.000    18.2944    18.2937    -0.0006    1.12080    1.12027          1     6.7259     6.4320       9.98     0.2094  4.348e+00  4.298e+01  9.902e+02     7.4173     7.4136    -0.0037     4.1967     4.1940      1.982      2.029      0.282    1485.56    1485.55  0.000e+00
        463      2.500    18.2920    18.2924     0.0005    1.12066    1.12019          1     6.7444     6.4199       9.98     0.2048  4.165e+00  4.196e+01  1.008e+03     7.4166     7.4132    -0.0034     4.1967     4.1940      2.477      2.536      0.377    1485.56    1485.55  0.000e+00
        536      3.000    18.2867    18.2872     0.0006    1.12054    1.12014          1     6.7077     6.4098       9.98     0.2181  2.578e+00  2.579e+01  1.001e+03     7.4167     7.4137    -0.0030     4.1977     4.1954      2.973      3.043      0.338    1485.55    1485.55  0.000e+00
        565      3.500    18.2784    18.2827     0.0042    1.12072    1.12007          1     6.7474     6.4075       9.98     0.2177  2.338e+00  2.328e+01  9.957e+02     7.4194     7.4140    -0.0054     4.2015     4.1965      3.468      3.550      0.341    1485.53    1485.54  0.000e+00
        625      4.000    18.2903    18.2801    -0.0101    1.12087    1.12013          1     6.7333     6.4181       9.98     0.2188  1.626e+00  1.627e+01  1.001e+03     7.4183     7.4148    -0.0035     4.1983     4.1977      3.964      4.057      0.286    1485.58    1485.54  0.000e+00
        663      4.500    18.2927    18.2873    -0.0054    1.12109    1.12020          1     6.7297     6.4321       9.98     0.2272  1.700e+00  1.701e+01  1.000e+03     7.4194     7.4140    -0.0054     4.1986     4.1956      4.459      4.564      0.293    1485.59    1485.57  0.000e+00
        727      5.000    18.2924    18.2895    -0.0028    1.12115    1.12045          1     6.7232     6.4227       9.98     0.2222  1.079e+00  1.077e+01  9.974e+02     7.4198     7.4153    -0.0045     4.1990     4.1962      4.955      5.071      0.253    1485.60    1485.59  0.000e+00
        772      5.500    18.2931    18.2921    -0.0010    1.12123    1.12066          1     6.7609     6.4288       9.98     0.2274  1.051e+00  1.049e+01  9.977e+02     7.4202     7.4164    -0.0039     4.1992     4.1964      5.450      5.579      0.263    1485.61    1485.61  0.000e+00
        819      6.000    18.2940    18.2922    -0.0019    1.12125    1.12070          1     6.7398     6.4309       9.98     0.2458  7.866e-01  7.816e+00  9.936e+02     7.4202     7.4166    -0.0036     4.1989     4.1966      5.946      6.086      0.256    1485.62    1485.61  0.000e+00
        868      6.500    18.2937    18.2926    -0.0010    1.12129    1.12072          1     6.7783     6.4108       9.98     0.2406  7.122e-01  7.083e+00  9.946e+02     7.4205     7.4166    -0.0039     4.1992     4.1965      6.441      6.593      0.244    1485.63    1485.62  0.000e+00
        912      7.000    18.2866    18.2924     0.0059    1.12122    1.12078          1     6.7280     6.4024       9.98     0.2359  5.646e-01  5.611e+00  9.937e+02     7.4212     7.4170    -0.0043     4.2012     4.1968      6.937      7.100      0.293    1485.62    1485.63  0.000e+00
        959      7.500    18.2815    18.2913     0.0098    1.12104    1.12079          1     6.7792     6.4133       9.98     0.2388  4.737e-01  4.704e+00  9.931e+02     7.4208     7.4173    -0.0035     4.2019     4.1973      7.432      7.607      0.219    1485.61    1485.64  0.000e+00
       1014      8.000    18.2764    18.2844     0.0080    1.12093    1.12065          1     6.7613     6.4111       9.98     0.2397  4.030e-01  3.999e+00  9.923e+02     7.4209     7.4174    -0.0035     4.2030     4.1988      7.927      8.114      0.247    1485.60    1485.62  0.000e+00
       1063      8.500    18.2760    18.2823     0.0063    1.12092    1.12059          1     6.7664     6.4098       9.98     0.2346  3.428e-01  3.393e+00  9.896e+02     7.4208     7.4174    -0.0035     4.2030     4.1992      8.423      8.621      0.229    1485.61    1485.62  0.000e+00
       1118      9.000    18.2731    18.2795     0.0064    1.12088    1.12054          1     6.7465     6.4030       9.98     0.2447  2.841e-01  2.812e+00  9.898e+02     7.4210     7.4174    -0.0036     4.2038     4.1998      8.918      9.129      0.227    1485.61    1485.62  0.000e+00
       1165      9.500    18.2797    18.2778    -0.0018    1.12115    1.12053          1     6.7590     6.4047       9.98     0.2454  2.506e-01  2.479e+00  9.889e+02     7.4217     7.4176    -0.0041     4.2030     4.2003      9.414      9.636      0.275    1485.64    1485.63  0.000e+00
       1209     10.000    18.2670    18.2792     0.0123    1.12078    1.12056          1     6.7560     6.3958       9.98     0.2357  2.020e-01  1.994e+00  9.870e+02     7.4213     7.4175    -0.0037     4.2052     4.1999      9.909     10.143      0.252    1485.61    1485.64  0.000e+00
       1269     10.500    18.2354    18.2699     0.0347    1.11988    1.12041          1     6.7545     6.3719       9.97     0.2525  1.592e-01  1.572e+00  9.869e+02     7.4205     7.4181    -0.0024     4.2110     4.2022     10.405     10.650      0.147    1485.51    1485.62  0.000e+00
       1461     11.500    18.1702    18.2054     0.0361    1.11820    1.11897          1     6.7459     6.3720       9.98     0.2531  9.250e-02  8.679e-01  9.416e+02     7.4232     7.4224    -0.0008     4.2288     4.2211     11.396     11.664      0.133    1487.00    1487.11  0.000e+00
       1549     12.000    18.0866    18.1334     0.0467    1.11537    1.11621          1     6.7093     6.3413       9.97     0.2600  6.306e-02  6.039e-01  9.583e+02     7.4147     7.4123    -0.0023     4.2364     4.2253     11.891     12.171      0.142    1485.06    1485.20  0.000e+00
       1632     12.500    18.0235    18.0674     0.0437    1.11824    1.11587          1     6.6819     6.2681       9.97     0.2624  4.329e-02  4.194e-01  9.689e+02     7.4466     7.4217    -0.0249     4.2733     4.2456     12.386     12.678      0.152    1484.91    1485.02  0.000e+00
       1706     13.000    18.0204    18.0355     0.0152    1.12498    1.11951          1     6.6499     6.1892       9.97     0.2535  3.053e-02  2.971e-01  9.730e+02     7.4955     7.4535    -0.0420     4.3111     4.2761     12.882     13.185      0.173    1484.96    1484.96  0.000e+00
       1772     13.500    17.9709    18.0111     0.0401    1.12661    1.12369          1     6.6025     6.1143       9.97     0.2526  2.100e-02  2.041e-01  9.723e+02     7.5162     7.4879    -0.0283     4.3367     4.3072     13.377     13.693      0.188    1484.83    1484.93  0.000e+00
       1834     14.000    17.9029    17.9523     0.0494    1.12553    1.12528          1     6.5182     6.0979       9.97     0.2426  1.327e-02  1.279e-01  9.639e+02     7.5208     7.5100    -0.0108     4.3537     4.3356     13.873     14.200      0.203    1484.63    1484.78  0.000e+00
       1891     14.500    17.8726    17.8998     0.0271    1.12468    1.12485          1     6.4754     6.1006       9.97     0.2322  7.848e-03  7.609e-02  9.693e+02     7.5201     7.5164    -0.0037     4.3592     4.3510     14.368     14.707      0.211    1484.54    1484.63  0.000e+00
       1946     15.000    17.8315    17.8427     0.0112    1.12319    1.12335          1     6.4364     6.1056       9.97     0.2326  2.864e-03  2.769e-02  9.667e+02     7.5168     7.5159    -0.0009     4.3648     4.3619     14.864     15.214      0.225    1484.42    1484.45  0.000e+00
       2000     15.500    17.7944    17.8141     0.0197    1.12225    1.12248          1     6.4271     6.0929       9.97     0.2296  1.366e-04  1.316e-03  9.661e+02     7.5167     7.5148    -0.0019     4.3720     4.3667     15.359     15.721      0.220    1484.31    1484.37  0.000e+00
       2054     16.000    17.7763    17.7934     0.0171    1.12210    1.12204          1     6.4268     6.1069       9.97     0.2133 -3.027e-07 -2.916e-06  9.617e+02     7.5189     7.5154    -0.0035     4.3773     4.3712     15.855     16.228      0.224    1484.26    1484.31  0.000e+00
       2109     16.500    17.7286    17.7595     0.0309    1.12074    1.12145          1     6.4044     6.0852       9.97     0.1982  1.034e-13  1.000e-12  9.675e+02     7.5177     7.5172    -0.0005     4.3857     4.3793     16.350     16.735      0.218    1484.11    1484.21  0.000e+00
       2162     17.000    17.6239    17.6407     0.0167    1.11767    1.11807          1     6.4059     6.0823       9.97     0.1996  1.041e-13  1.000e-12  9.609e+02     7.5146     7.5144    -0.0002     4.4038     4.4004     16.846     17.242      0.225    1483.78    1483.84  0.000e+00
       2217     17.500    17.5991    17.6083     0.0093    1.11704    1.11711          1     6.3983     6.0925       9.97     0.1853  1.042e-13  1.000e-12  9.595e+02     7.5145     7.5133    -0.0012     4.4087     4.4059     17.341     17.749      0.219    1483.71    1483.74  0.000e+00
       2271     18.000    17.5563    17.5724     0.0161    1.11577    1.11609          1     6.4173     6.0770       9.97     0.1911  1.042e-13  1.000e-12  9.595e+02     7.5131     7.5124    -0.0006     4.4159     4.4123     17.836     18.256      0.222    1483.58    1483.63  0.000e+00
       2326     18.500    17.4551    17.5070     0.0520    1.11242    1.11410          1     6.3972     6.0907       9.97     0.1893  1.042e-13  1.000e-12  9.593e+02     7.5072     7.5099     0.0028     4.4310     4.4231     18.332     18.763      0.216    1483.26    1483.43  0.000e+00
       2382     19.000    17.3105    17.3684     0.0579    1.10780    1.11010          1     6.4266     6.1286       9.97     0.1735  1.049e-13  1.000e-12  9.534e+02     7.4999     7.5062     0.0062     4.4533     4.4470     18.827     19.270      0.211    1482.79    1482.99  0.000e+00
       2439     19.500    16.8267    16.9471     0.1204    1.09330    1.09926          1     6.6177     6.0356       9.97     0.1798  1.055e-13  1.000e-12  9.478e+02     7.4823     7.5041     0.0218     4.5311     4.5254     19.323     19.777      0.208    1481.20    1481.62  0.000e+00
       2498     20.000    14.5263    14.8731     0.3467    1.03055    1.04786          1     6.2660     5.5505       9.97     0.1702  1.072e-13  1.000e-12  9.329e+02     7.4369     7.5054     0.0684     4.8925     4.8888     19.818     20.284      0.211    1473.37    1474.65  0.000e+00
       2553     20.500    11.4769    12.9290     1.4493    0.95926    1.00113          1     6.2145     5.8237       9.97     0.1710  1.106e-13  1.000e-12  9.040e+02     7.4574     7.5136     0.0563     5.3498     5.1997     20.314     20.791      0.208    1462.41    1467.84  0.000e+00
       2613     21.000     9.8396    10.4237     0.5885    0.92423    0.94656          1     6.0799     6.2435       9.97     0.1585  1.113e-13  1.000e-12  8.986e+02     7.4918     7.5634     0.0716     5.5679     5.5574     20.809     21.297      0.213    1456.21    1458.54  0.000e+00
       2668     21.500     9.0690     9.9344     0.8659    0.91101    0.93524          1     6.3987     6.4469       9.97     0.1402  1.101e-13  1.000e-12  9.086e+02     7.5361     7.5681     0.0320     5.6800     5.6166     21.304     21.804      0.205    1453.23    1456.68  0.000e+00
       2727     22.000     8.4095     8.8006     0.3922    0.89527    0.91032          1     6.3554     6.5785       9.97     0.1362  1.076e-13  1.000e-12  9.299e+02     7.5346     7.5867     0.0521     5.7393     5.7447     21.800     22.310      0.211    1450.59    1452.23  0.000e+00
       2786     22.500     7.8184     8.5642     0.7456    0.88173    0.90400          1     6.5598     6.6926       9.97     0.1224  1.076e-13  1.000e-12  9.293e+02     7.5376     7.5804     0.0428     5.7908     5.7614     22.295     22.816      0.197    1448.20    1451.28  0.000e+00
       2847     23.000     7.0413     7.7668     0.7255    0.86298    0.88564          1     6.5753     6.9371       9.97     0.0995  1.060e-13  1.000e-12  9.437e+02     7.5319     7.5847     0.0528     5.8438     5.8314     22.791     23.323      0.191    1444.98    1448.05  0.000e+00
       2912     23.500     6.4758     7.1575     0.6826    0.85252    0.87204          1     6.7935     7.1598       9.97     0.0860  1.063e-13  1.000e-12  9.411e+02     7.5572     7.5914     0.0342     5.9003     5.8826     23.286     23.829      0.193    1442.64    1445.55  0.000e+00
       2964     24.000     5.8990     6.6750     0.7752    0.83860    0.86121          1     6.8757     7.2795       9.97     0.0816  1.061e-13  1.000e-12  9.423e+02     7.5516     7.5957     0.0441     5.9289     5.9183     23.781     24.335      0.289    1440.18    1443.54  0.000e+00
       3003     24.500     5.5960     6.2386     0.6427    0.83124    0.85008          1     6.9655     7.3907       9.97     0.0866  1.070e-13  1.000e-12  9.350e+02     7.5478     7.5864     0.0386     5.9413     5.9377     24.277     24.841      0.322    1438.87    1441.68  0.000e+00
       3038     25.000     5.4247     6.1381     0.7129    0.82839    0.84673          1     7.1258     7.4388       9.97     0.0891  1.071e-13  1.000e-12  9.336e+02     7.5583     7.5766     0.0182     5.9578     5.9357     24.772     25.348      0.366    1438.15    1441.25  0.000e+00
       3071     25.500     5.3372     5.9702     0.6329    0.82642    0.84418          1     7.1184     7.4544       9.97     0.0788  1.074e-13  1.000e-12  9.313e+02     7.5587     7.5895     0.0308     5.9620     5.9550     25.268     25.854      0.348    1437.78    1440.55  0.000e+00
       3106     26.000     5.2660     5.3939     0.1285    0.82536    0.83112          1     7.0745     7.4512       9.97     0.0708  1.070e-13  1.000e-12  9.343e+02     7.5643     7.5920     0.0277     5.9696     5.9858     25.763     26.360      0.353    1437.48    1438.07  0.000e+00
       3138     26.500     5.2287     5.4258     0.1972    0.82578    0.83038          1     7.1954     7.3966       9.97     0.0708  1.072e-13  1.000e-12  9.325e+02     7.5768     7.5775     0.0006     5.9812     5.9728     26.259     26.866      0.369    1437.34    1438.20  0.000e+00
       3172     27.000     5.1273     5.5318     0.4043    0.82386    0.83332          1     7.2199     7.3959       9.97     0.0672  1.069e-13  1.000e-12  9.356e+02     7.5808     7.5823     0.0015     5.9886     5.9717     26.754     27.373      0.344    1436.91    1438.68  0.000e+00
       3208     27.500     5.0588     5.2813     0.2225    0.82244    0.82912          1     7.1613     7.4361       9.97     0.0678  1.068e-13  1.000e-12  9.362e+02     7.5823     7.5977     0.0154     5.9926     5.9953     27.249     27.879      0.333    1436.62    1437.62  0.000e+00
       3243     28.000     5.0507     5.1581     0.1077    0.82297    0.82612          1     7.1916     7.4297       9.97     0.0734  1.068e-13  1.000e-12  9.362e+02     7.5893     7.5960     0.0067     5.9985     5.9994     27.745     28.385      0.351    1436.60    1437.08  0.000e+00
       3277     28.500     4.9918     5.1999     0.2079    0.82229    0.82686          1     7.2340     7.4345       9.97     0.0711  1.064e-13  1.000e-12  9.398e+02     7.5959     7.5938    -0.0021     6.0061     5.9958     28.240     28.891      0.338    1436.36    1437.27  0.000e+00
       3314     29.000     4.9945     5.1317     0.1372    0.82337    0.82609          1     7.2147     7.4017       9.97     0.0677  1.061e-13  1.000e-12  9.423e+02     7.6060     7.6017    -0.0043     6.0140     6.0049     28.736     29.398      0.318    1436.39    1436.99  0.000e+00
