ctdpy/exports/archive_20191121_122431/received_data/SBE09_1044_20180921_1441_34_01_0036.cnv
* Sea-Bird SBE 9 Data File:
* FileName = C:\ctd\temp\2018\AR18D036.hex
* Software Version Seasave V 7.26.6.26
* Temperature SN = 5351
* Conductivity SN = 3941
* Number of Bytes Per Scan = 41
* Number of Voltage Words = 4
* Number of Scans Averaged by the Deck Unit = 1
* NMEA Latitude = 58 01.04 N
* NMEA Longitude = 017 59.10 E
* NMEA UTC (Time) = Sep 21 2018  14:41:12
* NMEA baud rate = 4800
** Station:  BY32
** Operator:  MHan
** Ship: ARANDA
** Average sound velocity: 1449.87 m/s
** True-depth calculation Fri, 21 Sep 2018 15:46:04 +0000
** CTD Python Module SMHI /ver 3-12/ feb 2012 
** LIMS Job: 20183401-0036
** Cruise: SMHI-02-2018
** Latitude [GG MM.mm N] :
** Longitude [GG MM.mm E]:
# nquan = 26
# nvalues = 396                         
# units = specified
# name 0 = scan: Scan Count
# name 1 = prDM: Pressure, Digiquartz [db]
# name 2 = t090C: Temperature [ITS-90, deg C]
# name 3 = t190C: Temperature, 2 [ITS-90, deg C]
# name 4 = T2-T190C: Temperature Difference, 2 - 1 [ITS-90, deg C]
# name 5 = c0S/m: Conductivity [S/m]
# name 6 = c1S/m: Conductivity, 2 [S/m]
# name 7 = pumps: Pump Status
# name 8 = sbeox0ML/L: Oxygen, SBE 43 [ml/l]
# name 9 = sbeox1ML/L: Oxygen, SBE 43, 2 [ml/l]
# name 10 = altM: Altimeter [m]
# name 11 = flECO-AFL: Chl-a Fluorescence, WET Labs ECO-AFL/FL [mg/m^3]
# name 12 = flECO-AFL1: Phycocyanin Fluorescence, WET Labs ECO-AFL/FL, 2 [mg/m^3]
# name 13 = par: PAR/Irradiance, Biospherical/Lico [µE/(cm^2*s)]
# name 14 = turbWETntu0: Turbidity, WET Labs ECO [NTU]
# name 15 = sal00: Salinity, Practical [PSU]
# name 16 = sal11: Salinity, Practical, 2 [PSU]
# name 17 = secS-priS: Salinity, Practical, Difference, 2 - 1 [PSU]
# name 18 = sigma-t00: Density [sigma-t, Kg/m^3 ]
# name 19 = sigma-t11: Density, 2 [sigma-t, Kg/m^3 ]
# name 20 = depSM: Depth [salt water, m], lat = 58.0173
# name 21 = depFM: Depth [true depth, m], lat = 58.0173
# name 22 = dz/dtM: Descent Rate [m/s], WS = 2
# name 23 = svCM: Sound Velocity [Chen-Millero, m/s]
# name 24 = svCM1: Sound Velocity, 2 [Chen-Millero, m/s]
# name 25 = flag: flag
# span 0 =      17631,      28033       
# span 1 =      1.000,    198.500       
# span 2 =     3.5560,    15.9811       
# span 3 =     3.5584,    15.9821       
# span 4 =    -0.1638,     1.2487       
# span 5 =   0.763695,   1.202804       
# span 6 =   0.763665,   1.202770       
# span 7 =          1,          1       
# span 8 =    0.01926,    7.78522       
# span 9 =    0.68245,    6.08489       
# span 10 =       0.00,      99.57      
# span 11 =     0.1950,     1.4099      
# span 12 =     0.1631,     0.4418      
# span 13 = -1.029e-05, 2.0278e+03      
# span 14 =     0.1564,     1.5357      
# span 15 =     6.7813,    11.0622      
# span 16 =     6.7808,    11.0614      
# span 17 =    -0.0386,     0.1994      
# span 18 =     4.1499,     8.6871      
# span 19 =     4.1491,     8.6864      
# span 20 =      0.991,    196.566      
# span 21 =      1.014,    200.732      
# span 22 =     -0.093,      1.218      
# span 23 =    1430.26,    1477.50      
# span 24 =    1430.27,    1477.50      
# span 25 = 0.0000e+00, 0.0000e+00      
# interval = decibars: 0.5              
# start_time = Sep 21 2018 14:41:12 [NMEA time, first data scan]
# bad_flag = -9.990e-29
*END*
      17631      1.000    15.9807    15.9821     0.0014    0.97847    0.97842          1     6.5696     3.4795       0.00     1.2783     0.3878  2.028e+03  0.5052000     6.7814     6.7808    -0.0006     4.1499     4.1491      0.991      1.014      0.445    1477.29    1477.30  0.000e+00
      17646      1.500    15.9800    15.9815     0.0015    0.97848    0.97847          1     6.5604     3.4798       0.08     1.2283     0.4116  6.280e+02  0.5101000     6.7815     6.7812    -0.0003     4.1501     4.1496      1.486      1.521      0.817    1477.30    1477.31  0.000e+00
      17659      2.000    15.9795    15.9814     0.0020    0.97848    0.97847          1     6.5630     3.4803      60.95     1.2320     0.4200  5.415e+02  0.4504000     6.7816     6.7812    -0.0004     4.1502     4.1496      1.981      2.029      0.802    1477.31    1477.31  0.000e+00
      17676      2.500    15.9793    15.9812     0.0019    0.97847    0.97847          1     6.5734     3.4802      85.17     1.2381     0.4237  3.692e+02  0.3940000     6.7815     6.7812    -0.0004     4.1502     4.1496      2.477      2.536      0.600    1477.32    1477.32  0.000e+00
      17728      3.000    15.9800    15.9815     0.0014    0.97850    0.97850          1     6.5812     3.4806      59.25     1.3640     0.4341  3.374e+02  0.3634000     6.7816     6.7813    -0.0003     4.1501     4.1497      2.972      3.043      0.388    1477.33    1477.33  0.000e+00
      17762      3.500    15.9803    15.9821     0.0018    0.97852    0.97852          1     6.5790     3.4811      98.01     1.3681     0.4400  2.845e+02  0.3672000     6.7816     6.7813    -0.0002     4.1501     4.1496      3.467      3.550      0.778    1477.34    1477.34  0.000e+00
      17775      4.000    15.9788    15.9808     0.0020    0.97850    0.97849          1     6.5859     3.4813      97.54     1.3822     0.4382  2.294e+02  0.3972000     6.7816     6.7813    -0.0004     4.1504     4.1498      3.963      4.057      0.813    1477.34    1477.34  0.000e+00
      17791      4.500    15.9811    15.9820     0.0009    0.97853    0.97851          1     6.5931     3.4814      97.52     1.4023     0.4384  1.676e+02  0.3863000     6.7815     6.7812    -0.0003     4.1499     4.1495      4.458      4.564      0.634    1477.35    1477.36  0.000e+00
      17821      5.000    15.9797    15.9820     0.0024    0.97850    0.97852          1     6.5880     3.4835      57.39     1.3241     0.4152  1.433e+02  0.3753000     6.7814     6.7812    -0.0003     4.1501     4.1495      4.954      5.072      0.332    1477.36    1477.37  0.000e+00
      17859      5.500    15.9782    15.9796     0.0014    0.97845    0.97844          1     6.5609     3.4834       9.43     1.2632     0.2904  1.332e+02  0.3733000     6.7813     6.7810    -0.0003     4.1503     4.1498      5.449      5.579      0.538    1477.36    1477.36  0.000e+00
      17875      6.000    15.9722    15.9755     0.0033    0.97838    0.97840          1     6.5601     3.4852      12.54     1.2022     0.3972  1.042e+02  0.3801000     6.7817     6.7813    -0.0004     4.1516     4.1507      5.944      6.086      0.789    1477.35    1477.36  0.000e+00
      17888      6.500    15.9660    15.9676     0.0017    0.97831    0.97830          1     6.5742     3.4877      12.18     1.1769     0.3934  7.874e+01  0.3838000     6.7822     6.7819    -0.0004     4.1531     4.1525      6.440      6.593      0.843    1477.34    1477.34  0.000e+00
      17903      7.000    15.9703    15.9716     0.0013    0.97836    0.97836          1     6.5820     3.4873      11.90     1.1432     0.3831  6.250e+01  0.3915000     6.7818     6.7816    -0.0003     4.1520     4.1516      6.935      7.100      0.761    1477.36    1477.36  0.000e+00
      17921      7.500    15.9731    15.9748     0.0017    0.97840    0.97839          1     6.5751     3.4876      11.50     1.1737     0.3920  5.249e+01  0.3908000     6.7816     6.7813    -0.0004     4.1514     4.1508      7.430      7.607      0.572    1477.38    1477.38  0.000e+00
      17948      8.000    15.9763    15.9772     0.0009    0.97845    0.97844          1     6.5597     3.4881      10.71     1.1819     0.3883  5.016e+01  0.3916000     6.7814     6.7811    -0.0003     4.1506     4.1503      7.926      8.115      0.428    1477.39    1477.40  0.000e+00
      17974      8.500    15.9788    15.9783    -0.0004    0.97850    0.97846          1     6.5668     3.4931       9.96     1.1907     0.3627  4.786e+01  0.3856000     6.7813     6.7811    -0.0002     4.1501     4.1500      8.421      8.622      0.558    1477.41    1477.41  0.000e+00
      17993      9.000    15.9790    15.9815     0.0026    0.97851    0.97851          1     6.5693     3.4954       9.59     1.1853     0.3761  3.938e+01  0.3918000     6.7813     6.7808    -0.0004     4.1501     4.1493      8.916      9.129      0.665    1477.42    1477.43  0.000e+00
      18011      9.500    15.9732    15.9778     0.0046    0.97844    0.97847          1     6.5579     3.4987       9.17     1.1821     0.4418  3.059e+01  0.3958000     6.7817     6.7812    -0.0005     4.1514     4.1502      9.412      9.636      0.655    1477.41    1477.42  0.000e+00
      18030     10.000    15.9666    15.9672     0.0006    0.97837    0.97834          1     6.5598     3.4993       8.75     1.1810     0.3867  2.375e+01  0.3846000     6.7822     6.7820    -0.0003     4.1530     4.1527      9.907     10.143      0.572    1477.40    1477.40  0.000e+00
      18053     10.500    15.9653    15.9661     0.0008    0.97836    0.97834          1     6.5712     3.5027       8.33     1.1701     0.3599  2.030e+01  0.3866000     6.7823     6.7821    -0.0003     4.1533     4.1530     10.402     10.650      0.516    1477.40    1477.40  0.000e+00
      18076     11.000    15.9656    15.9664     0.0009    0.97837    0.97835          1     6.5642     3.5063       7.88     1.1824     0.3625  2.056e+01  0.3852000     6.7824     6.7820    -0.0003     4.1533     4.1529     10.898     11.158      0.573    1477.41    1477.41  0.000e+00
      18095     11.500    15.9671    15.9677     0.0006    0.97840    0.97837          1     6.5544     3.5120       7.32     1.2028     0.3743  1.982e+01  0.3962000     6.7822     6.7820    -0.0003     4.1529     4.1526     11.393     11.665      0.672    1477.42    1477.42  0.000e+00
      18112     12.000    15.9659    15.9684     0.0025    0.97839    0.97839          1     6.5478     3.5178       6.86     1.2177     0.4140  1.689e+01  0.4031000     6.7824     6.7820    -0.0004     4.1532     4.1525     11.888     12.172      0.717    1477.42    1477.43  0.000e+00
      18128     12.500    15.9667    15.9682     0.0015    0.97841    0.97840          1     6.5584     3.5246       6.42     1.2163     0.4296  1.363e+01  0.4073000     6.7823     6.7820    -0.0003     4.1530     4.1525     12.384     12.679      0.693    1477.44    1477.44  0.000e+00
      18147     13.000    15.9692    15.9702     0.0010    0.97844    0.97843          1     6.5778     3.5299       5.99     1.1987     0.4300  1.095e+01  0.4048000     6.7821     6.7818    -0.0003     4.1524     4.1521     12.879     13.186      0.591    1477.45    1477.46  0.000e+00
      18171     13.500    15.9691    15.9695     0.0004    0.97845    0.97843          1     6.5864     3.5366       5.53     1.2123     0.4005  8.969e+00  0.4028000     6.7821     6.7819    -0.0002     4.1525     4.1522     13.374     13.693      0.458    1477.46    1477.46  0.000e+00
      18198     14.000    15.9688    15.9688    -0.0001    0.97845    0.97842          1     6.5706     3.5492       5.10     1.2232     0.3647  8.266e+00  0.3999000     6.7821     6.7820    -0.0002     4.1525     4.1524     13.870     14.201      0.506    1477.47    1477.47  0.000e+00
      18219     14.500    15.9705    15.9724     0.0019    0.97848    0.97847          1     6.5644     3.5626       4.74     1.2048     0.3816  8.050e+00  0.3989000     6.7821     6.7817    -0.0004     4.1522     4.1515     14.365     14.708      0.685    1477.48    1477.49  0.000e+00
      18234     15.000    15.9699    15.9722     0.0023    0.97848    0.97848          1     6.5663     3.5757       4.40     1.1819     0.3810  7.451e+00  0.4033000     6.7821     6.7817    -0.0004     4.1523     4.1516     14.860     15.215      0.786    1477.49    1477.50  0.000e+00
      18249     15.500    15.9665    15.9693     0.0027    0.97845    0.97845          1     6.5688     3.5890       4.19     1.1947     0.3829  6.579e+00  0.4106000     6.7824     6.7820    -0.0004     4.1531     4.1523     15.356     15.722      0.780    1477.49    1477.49  0.000e+00
      18265     16.000    15.9692    15.9687    -0.0005    0.97849    0.97845          1     6.5637     3.6022       3.90     1.2070     0.3829  5.544e+00  0.4143000     6.7822     6.7820    -0.0002     4.1525     4.1525     15.851     16.229      0.664    1477.50    1477.50  0.000e+00
      18287     16.500    15.9667    15.9642    -0.0026    0.97846    0.97841          1     6.5532     3.6221      69.75     1.2340     0.3735  4.449e+00  0.4090000     6.7824     6.7824     0.0000     4.1531     4.1536     16.346     16.736      0.472    1477.50    1477.50  0.000e+00
      18317     17.000    15.9581    15.9552    -0.0029    0.97839    0.97832          1     6.5582     3.6608      67.64     1.2529     0.3986  3.652e+00  0.4027000     6.7833     6.7832    -0.0000     4.1553     4.1557     16.842     17.244      0.422    1477.48    1477.47  0.000e+00
      18342     17.500    15.9348    15.9361     0.0014    0.97815    0.97814          1     6.5755     3.6988      39.68     1.2256     0.4359  3.293e+00  0.3975000     6.7853     6.7850    -0.0003     4.1610     4.1605     17.337     17.751      0.552    1477.41    1477.42  0.000e+00
      18362     18.000    15.9365    15.9370     0.0005    0.97818    0.97816          1     6.5765     3.7419      98.80     1.2789     0.4359  3.118e+00  0.4028000     6.7852     6.7851    -0.0002     4.1606     4.1604     17.832     18.258      0.655    1477.43    1477.43  0.000e+00
      18379     18.500    15.9424    15.9421    -0.0004    0.97824    0.97822          1     6.5730     3.7927      97.53     1.2103     0.4268  2.916e+00  0.4091000     6.7847     6.7846    -0.0001     4.1591     4.1591     18.328     18.765      0.706    1477.46    1477.46  0.000e+00
      18396     19.000    15.9488    15.9466    -0.0022    0.97832    0.97828          1     6.5721     3.8438      97.54     1.2098     0.4030  2.631e+00  0.4107000     6.7841     6.7842     0.0001     4.1576     4.1580     18.823     19.272      0.722    1477.49    1477.48  0.000e+00
      18412     19.500    15.9350    15.9226    -0.0120    0.97821    0.97806          1     6.5609     3.8982      97.52     1.2658     0.3897  2.275e+00  0.4157000     6.7856     6.7866     0.0010     4.1611     4.1641     19.318     19.779      0.702    1477.45    1477.41  0.000e+00
      18430     20.000    15.9179    15.9079    -0.0101    0.97805    0.97794          1     6.5400     3.9553      97.53     1.2316     0.3743  1.919e+00  0.4027000     6.7873     6.7881     0.0009     4.1654     4.1678     19.814     20.287      0.625    1477.40    1477.37  0.000e+00
      18452     20.500    15.8451    15.8241    -0.0212    0.97744    0.97725          1     6.5523     4.0125      97.53     1.2117     0.4288  1.600e+00  0.4039000     6.7950     6.7972     0.0022     4.1841     4.1894     20.309     20.794      0.500    1477.17    1477.11  0.000e+00
      18479     21.000    15.8129    15.8070    -0.0060    0.97720    0.97714          1     6.5682     4.0880      97.53     1.2635     0.4338  1.395e+00  0.4056000     6.7986     6.7992     0.0006     4.1925     4.1939     20.804     21.301      0.427    1477.08    1477.06  0.000e+00
      18506     21.500    15.8636    15.8422    -0.0209    0.97764    0.97746          1     6.5575     4.1797      97.55     1.4099     0.3895  1.290e+00  0.3891000     6.7933     6.7956     0.0023     4.1795     4.1850     21.300     21.808      0.534    1477.25    1477.18  0.000e+00
      18526     22.000    15.7990    15.7927    -0.0065    0.97714    0.97708          1     6.5540     4.2718      97.54     1.4040     0.3917  1.181e+00  0.3837000     6.8005     6.8011     0.0006     4.1963     4.1979     21.795     22.315      0.645    1477.05    1477.03  0.000e+00
      18543     22.500    15.7581    15.7564    -0.0018    0.97683    0.97681          1     6.5512     4.3599      97.54     1.3168     0.4007  1.067e+00  0.3912000     6.8051     6.8053     0.0002     4.2070     4.2074     22.290     22.822      0.662    1476.93    1476.92  0.000e+00
      18562     23.000    15.7338    15.7419     0.0080    0.97665    0.97671          1     6.5467     4.4390      97.54     1.2088     0.4220  9.426e-01  0.3743000     6.8078     6.8069    -0.0009     4.2133     4.2112     22.786     23.329      0.617    1476.86    1476.88  0.000e+00
      18582     23.500    15.7152    15.7231     0.0078    0.97653    0.97659          1     6.5381     4.5279      97.54     1.1955     0.3831  8.170e-01  0.3725000     6.8101     6.8092    -0.0009     4.2182     4.2162     23.281     23.836      0.580    1476.80    1476.83  0.000e+00
      18603     24.000    15.6933    15.6936     0.0005    0.97640    0.97639          1     6.5396     4.6034      97.54     1.1920     0.4118  7.117e-01  0.3825000     6.8128     6.8127    -0.0001     4.2241     4.2240     23.776     24.344      0.601    1476.74    1476.74  0.000e+00
      18622     24.500    15.6698    15.6717     0.0019    0.97626    0.97627          1     6.5358     4.6970      97.55     1.1889     0.4090  6.257e-01  0.3948000     6.8157     6.8155    -0.0003     4.2304     4.2298     24.272     24.851      0.642    1476.67    1476.68  0.000e+00
      18641     25.000    15.6583    15.6556    -0.0027    0.97621    0.97618          1     6.5404     4.7930      97.54     1.1563     0.3830  5.457e-01  0.3735000     6.8173     6.8175     0.0002     4.2336     4.2342     24.767     25.358      0.666    1476.64    1476.64  0.000e+00
      18658     25.500    15.6172    15.6177     0.0005    0.97596    0.97594          1     6.5515     4.8577      97.54     1.1592     0.4346  4.842e-01  0.3600000     6.8224     6.8222    -0.0002     4.2445     4.2443     25.262     25.865      0.633    1476.52    1476.52  0.000e+00
      18679     26.000    15.5777    15.5802     0.0025    0.97571    0.97571          1     6.5511     4.8960      97.53     1.1615     0.4218  4.277e-01  0.3491000     6.8272     6.8268    -0.0004     4.2550     4.2543     25.757     26.372      0.549    1476.40    1476.41  0.000e+00
      18702     26.500    15.5543    15.5540    -0.0003    0.97559    0.97557          1     6.5401     4.9371      97.55     1.1644     0.4026  3.776e-01  0.3432000     6.8302     6.8302    -0.0001     4.2614     4.2614     26.253     26.879      0.539    1476.33    1476.33  0.000e+00
      18723     27.000    15.5446    15.5458     0.0012    0.97553    0.97553          1     6.5298     4.9879      97.55     1.1587     0.3860  3.237e-01  0.3465000     6.8315     6.8312    -0.0002     4.2640     4.2636     26.748     27.386      0.631    1476.31    1476.31  0.000e+00
      18741     27.500    15.5359    15.5371     0.0011    0.97546    0.97546          1     6.5317     5.0373      97.56     1.1468     0.3252  2.828e-01  0.3405000     6.8324     6.8322    -0.0002     4.2662     4.2658     27.243     27.893      0.662    1476.29    1476.29  0.000e+00
      18759     28.000    15.5323    15.5312    -0.0010    0.97547    0.97543          1     6.5367     5.0833      97.56     1.1205     0.3635  2.504e-01  0.3412000     6.8330     6.8329    -0.0001     4.2673     4.2674     27.739     28.401      0.584    1476.28    1476.28  0.000e+00
