ctdpy/exports/archive_20191121_122431/received_data/SBE09_0827_20181007_0146_26_01_1031.cnv
* Sea-Bird SBE 9 Data File:
* FileName = D:\CTD_SBE911\DAT\26DA.2018.10.31.hex
* Software Version Seasave V 7.21d
* Temperature SN = 4548
* Conductivity SN = 3062
* Number of Bytes Per Scan = 48
* Number of Voltage Words = 5
* Number of Scans Averaged by the Deck Unit = 1
* NMEA Latitude = 58 09.72 N
* NMEA Longitude = 018 00.68 E
* NMEA UTC (Time) = Oct 07 2018  01:49:16
* NMEA baud rate = 4800
** Ship: DANA
** Average sound velocity: 1444.25 m/s
** True-depth calculation Thu, 28 Mar 2019 12:20:07 +0000
** CTD Python Module SMHI /ver 3-12/ feb 2012 
** LIMS Job: 20182601-1031
** Operator: Christian A-KTh
** Cruise: 10/2018
# nquan = 26
# nvalues = 349                         
# units = specified
# name 0 = scan: Scan Count
# name 1 = prDM: Pressure, Digiquartz [db]
# name 2 = t090C: Temperature [ITS-90, deg C]
# name 3 = t190C: Temperature, 2 [ITS-90, deg C]
# name 4 = T2-T190C: Temperature Difference, 2 - 1 [ITS-90, deg C]
# name 5 = c0S/m: Conductivity [S/m]
# name 6 = c1S/m: Conductivity, 2 [S/m]
# name 7 = pumps: Pump Status
# name 8 = sbeox1ML/L: Oxygen, SBE 43, 2 [ml/l]
# name 9 = sbeox0ML/L: Oxygen, SBE 43 [ml/l]
# name 10 = altM: Altimeter [m]
# name 11 = chloroflTC0: Chlorophyll, Turner Cyclops [ug/l]
# name 12 = cpar: CPAR/Corrected Irradiance [%]
# name 13 = par: PAR/Irradiance, Biospherical/Lico [µE/(cm^2*s)]
# name 14 = spar: SPAR, Biospherical/Licor
# name 15 = sal00: Salinity, Practical [PSU]
# name 16 = sal11: Salinity, Practical, 2 [PSU]
# name 17 = secS-priS: Salinity, Practical, Difference, 2 - 1 [PSU]
# name 18 = sigma-t00: Density [sigma-t, kg/m^3 ]
# name 19 = sigma-t11: Density, 2 [sigma-t, kg/m^3 ]
# name 20 = depSM: Depth [salt water, m], lat = 58.162
# name 21 = depFM: Depth [true depth, m], lat = 58.162
# name 22 = dz/dtM: Descent Rate [m/s], WS = 2
# name 23 = svCM: Sound Velocity [Chen-Millero, m/s]
# name 24 = svCM1: Sound Velocity, 2 [Chen-Millero, m/s]
# name 25 = flag: flag
# span 0 =        322,      16107       
# span 1 =      1.500,    175.500       
# span 2 =     3.6020,     9.6405       
# span 3 =     3.6077,     9.6401       
# span 4 =    -0.1202,     0.6498       
# span 5 =   0.768212,   1.194009       
# span 6 =   0.769774,   1.193997       
# span 7 =          1,          1       
# span 8 =     0.0264,     7.5608       
# span 9 =     0.0267,     7.2438       
# span 10 =       1.07,      10.02      
# span 11 =     0.0159,     0.0308      
# span 12 = 4.9241e-11, 4.9241e-11      
# span 13 = 1.0000e-12, 1.0000e-12      
# span 14 = 2.0308e+00, 2.0308e+00      
# span 15 =     6.8307,    10.9892      
# span 16 =     6.8307,    10.9888      
# span 17 =    -0.1657,     0.0598      
# span 18 =     5.0747,     8.6317      
# span 19 =     5.0747,     8.6314      
# span 20 =      1.486,    173.798      
# span 21 =      1.520,    177.404      
# span 22 =     -0.320,      0.542      
# span 23 =    1430.19,    1454.47      
# span 24 =    1430.22,    1454.47      
# span 25 = 0.0000e+00, 0.0000e+00      
# interval = decibars: 0.5              
# start_time = Oct 07 2018 01:49:16 [NMEA time, first data scan]
# bad_flag = -9.990e-29
*END*
[from data line 56]
       2930     29.500     3.7484     3.8112     0.0628    0.76945    0.76977          1     7.5483     7.1221       9.96     0.0163  4.924e-11  1.000e-12  2.031e+00     7.3449     7.3342    -0.0108     5.8446     5.8347     29.224     29.889      0.285    1430.51    1430.78  0.000e+00
       2974     30.000     3.7387     3.7765     0.0378    0.77017    0.77031          1     7.5352     7.1083       9.96     0.0160  4.924e-11  1.000e-12  2.031e+00     7.3545     7.3474    -0.0071     5.8524     5.8460     29.719     30.395      0.256    1430.48    1430.65  0.000e+00
       3023     30.500     3.7279     3.7577     0.0298    0.77084    0.77096          1     7.5107     7.0858       9.96     0.0160  4.924e-11  1.000e-12  2.031e+00     7.3638     7.3582    -0.0056     5.8600     5.8549     30.215     30.902      0.251    1430.46    1430.58  0.000e+00
       3069     31.000     3.7157     3.7399     0.0242    0.77127    0.77145          1     7.4866     7.0690       9.96     0.0160  4.924e-11  1.000e-12  2.031e+00     7.3708     7.3672    -0.0037     5.8659     5.8625     30.710     31.408      0.253    1430.42    1430.52  0.000e+00
       3118     31.500     3.7104     3.7282     0.0178    0.77181    0.77189          1     7.4565     7.0437       9.96     0.0160  4.924e-11  1.000e-12  2.031e+00     7.3775     7.3743    -0.0032     5.8713     5.8684     31.205     31.914      0.252    1430.41    1430.49  0.000e+00
       3162     32.000     3.7090     3.7241     0.0151    0.77248    0.77231          1     7.4290     7.0205       8.77     0.0164  4.924e-11  1.000e-12  2.031e+00     7.3846     7.3795    -0.0051     5.8770     5.8726     31.701     32.421      0.289    1430.42    1430.48  0.000e+00
       3205     32.500     3.7085     3.7196     0.0111    0.77329    0.77300          1     7.3794     7.0042       9.95     0.0159  4.924e-11  1.000e-12  2.031e+00     7.3930     7.3875    -0.0055     5.8837     5.8791     32.196     32.927      0.261    1430.44    1430.48  0.000e+00
       3252     33.000     3.6927     3.7102     0.0175    0.77332    0.77350          1     7.3565     6.9618       9.96     0.0159  4.924e-11  1.000e-12  2.031e+00     7.3969     7.3947    -0.0022     5.8870     5.8850     32.691     33.433      0.271    1430.38    1430.46  0.000e+00
       3293     33.500     3.6855     3.6990     0.0135    0.77376    0.77368          1     7.3233     6.9288       9.96     0.0160  4.924e-11  1.000e-12  2.031e+00     7.4029     7.3990    -0.0039     5.8920     5.8886     33.186     33.940      0.285    1430.36    1430.42  0.000e+00
       3340     34.000     3.6931     3.6958     0.0027    0.77509    0.77448          1     7.2662     6.8999       9.96     0.0159  4.924e-11  1.000e-12  2.031e+00     7.4148     7.4079    -0.0069     5.9013     5.8958     33.682     34.446      0.240    1430.42    1430.42  0.000e+00
       3389     34.500     3.6894     3.7005     0.0110    0.77620    0.77587          1     7.1798     6.8429       8.91     0.0159  4.924e-11  1.000e-12  2.031e+00     7.4270     7.4211    -0.0059     5.9111     5.9062     34.177     34.952      0.259    1430.43    1430.47  0.000e+00
       3433     35.000     3.6640     3.6843     0.0203    0.77681    0.77649          1     7.1124     6.7807       9.95     0.0159  4.924e-11  1.000e-12  2.031e+00     7.4390     7.4311    -0.0079     5.9211     5.9144     34.672     35.458      0.274    1430.33    1430.42  0.000e+00
       3478     35.500     3.6516     3.6669     0.0153    0.77744    0.77709          1     7.0716     6.7237       8.91     0.0159  4.924e-11  1.000e-12  2.031e+00     7.4482     7.4412    -0.0070     5.9287     5.9228     35.168     35.965      0.261    1430.30    1430.36  0.000e+00
       3523     36.000     3.6419     3.6553     0.0133    0.77797    0.77777          1     7.0367     6.6757       9.92     0.0159  4.924e-11  1.000e-12  2.031e+00     7.4558     7.4507    -0.0051     5.9350     5.9306     35.663     36.471      0.278    1430.27    1430.33  0.000e+00
       3566     36.500     3.6378     3.6461     0.0083    0.77818    0.77813          1     7.0303     6.6464       9.13     0.0159  4.924e-11  1.000e-12  2.031e+00     7.4589     7.4564    -0.0025     5.9375     5.9353     36.158     36.977      0.271    1430.26    1430.30  0.000e+00
       3613     37.000     3.6345     3.6422     0.0077    0.77841    0.77840          1     7.0212     6.6235       9.74     0.0159  4.924e-11  1.000e-12  2.031e+00     7.4620     7.4601    -0.0019     5.9400     5.9383     36.653     37.483      0.251    1430.26    1430.30  0.000e+00
       3659     37.500     3.6304     3.6388     0.0084    0.77883    0.77870          1     7.0033     6.6090       9.96     0.0159  4.924e-11  1.000e-12  2.031e+00     7.4671     7.4639    -0.0032     5.9441     5.9414     37.149     37.990      0.271    1430.26    1430.29  0.000e+00
       3704     38.000     3.6240     3.6338     0.0097    0.77937    0.77910          1     6.9820     6.5933       9.96     0.0159  4.924e-11  1.000e-12  2.031e+00     7.4741     7.4690    -0.0051     5.9499     5.9456     37.644     38.496      0.253    1430.25    1430.28  0.000e+00
       3752     38.500     3.6149     3.6251     0.0101    0.77968    0.77955          1     6.9583     6.5717       9.96     0.0159  4.924e-11  1.000e-12  2.031e+00     7.4793     7.4756    -0.0037     5.9542     5.9510     38.139     39.002      0.264    1430.22    1430.26  0.000e+00
       3795     39.000     3.6086     3.6180     0.0093    0.77997    0.77984          1     6.9416     6.5467       9.96     0.0159  4.924e-11  1.000e-12  2.031e+00     7.4836     7.4802    -0.0034     5.9577     5.9548     38.634     39.508      0.274    1430.20    1430.24  0.000e+00
       3840     39.500     3.6020     3.6109     0.0089    0.78070    0.78024          1     6.9147     6.5270       9.96     0.0159  4.924e-11  1.000e-12  2.031e+00     7.4927     7.4859    -0.0068     5.9650     5.9595     39.130     40.015      0.265    1430.19    1430.22  0.000e+00
       3886     40.000     3.6082     3.6077    -0.0005    0.78289    0.78119          1     6.8215     6.4935       9.96     0.0159  4.924e-11  1.000e-12  2.031e+00     7.5138     7.4964    -0.0174     5.9817     5.9679     39.625     40.521      0.259    1430.26    1430.23  0.000e+00
       3933     40.500     3.6227     3.6171    -0.0056    0.78685    0.78431          1     6.6383     6.4203       9.96     0.0159  4.924e-11  1.000e-12  2.031e+00     7.5511     7.5262    -0.0250     6.0112     5.9914     40.120     41.027      0.259    1430.38    1430.32  0.000e+00
       3977     41.000     3.6350     3.6324    -0.0026    0.78970    0.78811          1     6.5057     6.2788       9.96     0.0159  4.924e-11  1.000e-12  2.031e+00     7.5776     7.5618    -0.0158     6.0320     6.0194     40.615     41.533      0.279    1430.48    1430.44  0.000e+00
       4020     41.500     3.6455     3.6425    -0.0030    0.79151    0.79029          1     6.4296     6.1729       8.84     0.0159  4.924e-11  1.000e-12  2.031e+00     7.5937     7.5818    -0.0118     6.0446     6.0352     41.111     42.040      0.272    1430.55    1430.52  0.000e+00
       4066     42.000     3.6517     3.6528     0.0010    0.79251    0.79220          1     6.3916     6.0800       8.91     0.0159  4.924e-11  1.000e-12  2.031e+00     7.6025     7.5991    -0.0034     6.0514     6.0487     41.606     42.546      0.255    1430.60    1430.60  0.000e+00
       4112     42.500     3.6585     3.6637     0.0051    0.79350    0.79364          1     6.3682     6.0243       9.96     0.0159  4.924e-11  1.000e-12  2.031e+00     7.6110     7.6113     0.0003     6.0581     6.0582     42.101     43.052      0.264    1430.65    1430.67  0.000e+00
       4158     43.000     3.6715     3.6856     0.0141    0.79577    0.79713          1     6.2982     5.9524       9.96     0.0159  4.924e-11  1.000e-12  2.031e+00     7.6313     7.6420     0.0107     6.0740     6.0822     42.597     43.558      0.262    1430.74    1430.82  0.000e+00
       4203     43.500     3.6857     3.6977     0.0119    0.79787    0.79966          1     6.2155     5.8487       9.96     0.0159  4.924e-11  1.000e-12  2.031e+00     7.6495     7.6652     0.0157     6.0882     6.1004     43.092     44.064      0.264    1430.84    1430.91  0.000e+00
       4250     44.000     3.6967     3.7114     0.0147    0.79972    0.80219          1     6.1275     5.7572       9.96     0.0167  4.924e-11  1.000e-12  2.031e+00     7.6659     7.6879     0.0219     6.1010     6.1182     43.587     44.571      0.254    1430.92    1431.01  0.000e+00
       4297     44.500     3.7226     3.7624     0.0397    0.80479    0.81152          1     5.9720     5.5804       9.96     0.0162  4.924e-11  1.000e-12  2.031e+00     7.7119     7.7717     0.0598     6.1371     6.1838     44.082     45.077      0.259    1431.10    1431.36  0.000e+00
       4342     45.000     3.7709     3.8089     0.0380    0.81256    0.81794          1     5.6944     5.3023       9.96     0.0160  4.924e-11  1.000e-12  2.031e+00     7.7804     7.8266     0.0462     6.1905     6.2263     44.578     45.583      0.268    1431.42    1431.65  0.000e+00
       4387     45.500     3.7972     3.8147     0.0175    0.81652    0.81890          1     5.5155     5.1607       9.96     0.0159  4.924e-11  1.000e-12  2.031e+00     7.8147     7.8350     0.0203     6.2172     6.2329     45.073     46.089      0.260    1431.59    1431.69  0.000e+00
       4434     46.000     3.8118     3.8188     0.0071    0.81853    0.81939          1     5.4279     5.1224       9.96     0.0159  4.924e-11  1.000e-12  2.031e+00     7.8319     7.8390     0.0072     6.2305     6.2360     45.568     46.595      0.255    1431.68    1431.73  0.000e+00
       4483     46.500     3.8231     3.8361     0.0131    0.82049    0.82210          1     5.3691     5.0795       9.96     0.0159  4.924e-11  1.000e-12  2.031e+00     7.8492     7.8626     0.0134     6.2440     6.2544     46.063     47.101      0.240    1431.77    1431.84  0.000e+00
       4530     47.000     3.8637     3.9066     0.0428    0.82706    0.83268          1     5.2032     4.9299       9.96     0.0159  4.924e-11  1.000e-12  2.031e+00     7.9069     7.9542     0.0473     6.2889     6.3254     46.559     47.607      0.285    1432.03    1432.28  0.000e+00
       4572     47.500     3.9182     3.9570     0.0388    0.83659    0.84275          1     4.9268     4.6406       9.96     0.0159  4.924e-11  1.000e-12  2.031e+00     7.9914     8.0452     0.0537     6.3547     6.3964     47.054     48.113      0.267    1432.39    1432.64  0.000e+00
       4621     48.000     3.9619     3.9893     0.0273    0.84492    0.84929          1     4.6117     4.3550       9.96     0.0159  4.924e-11  1.000e-12  2.031e+00     8.0661     8.1042     0.0380     6.4130     6.4425     47.549     48.619      0.234    1432.69    1432.87  0.000e+00
       4670     48.500     3.9831     4.0113     0.0282    0.84946    0.85377          1     4.4572     4.1754       9.96     0.0159  4.924e-11  1.000e-12  2.031e+00     8.1074     8.1446     0.0373     6.4452     6.4740     48.044     49.126      0.262    1432.85    1433.02  0.000e+00
       4715     49.000     4.0103     4.0401     0.0297    0.85377    0.85762          1     4.3234     4.0508       9.45     0.0159  4.924e-11  1.000e-12  2.031e+00     8.1449     8.1769     0.0321     6.4742     6.4988     48.539     49.632      0.247    1433.03    1433.20  0.000e+00
       4766     49.500     4.0393     4.0704     0.0311    0.85830    0.86258          1     4.1843     3.9107       9.76     0.0159  4.924e-11  1.000e-12  2.031e+00     8.1840     8.2201     0.0361     6.5045     6.5323     49.035     50.137      0.239    1433.22    1433.40  0.000e+00
       4815     50.000     4.0626     4.0958     0.0332    0.86314    0.86763          1     4.0426     3.7698       9.97     0.0160  4.924e-11  1.000e-12  2.031e+00     8.2277     8.2653     0.0377     6.5385     6.5675     49.530     50.643      0.262    1433.39    1433.58  0.000e+00
       4862     50.500     4.1128     4.1510     0.0382    0.87033    0.87397          1     3.8558     3.6228       9.96     0.0159  4.924e-11  1.000e-12  2.031e+00     8.2886     8.3162     0.0276     6.5855     6.6063     50.025     51.149      0.242    1433.70    1433.90  0.000e+00
       4910     51.000     4.1604     4.1716     0.0113    0.87901    0.87959          1     3.6112     3.4770       9.96     0.0160  4.924e-11  1.000e-12  2.031e+00     8.3654     8.3685     0.0031     6.6450     6.6471     50.520     51.655      0.251    1434.02    1434.07  0.000e+00
       4958     51.500     4.2297     4.2167    -0.0130    0.88901    0.88701          1     3.3294     3.2843       9.96     0.0160  4.924e-11  1.000e-12  2.031e+00     8.4499     8.4328    -0.0172     6.7100     6.6968     51.016     52.161      0.256    1434.44    1434.36  0.000e+00
       5010     52.000     4.2623     4.2447    -0.0175    0.89319    0.89125          1     3.1952     3.1301       9.96     0.0160  4.924e-11  1.000e-12  2.031e+00     8.4841     8.4689    -0.0153     6.7361     6.7246     51.511     52.667      0.219    1434.64    1434.54  0.000e+00
       5058     52.500     4.3185     4.2784    -0.0403    0.90033    0.89563          1     3.0481     3.0188       9.96     0.0159  4.924e-11  1.000e-12  2.031e+00     8.5424     8.5048    -0.0376     6.7805     6.7520     52.006     53.173      0.285    1434.97    1434.74  0.000e+00
       5104     53.000     4.4391     4.3386    -0.1007    0.91879    0.90439          1     2.6515     2.8786       9.96     0.0159  4.924e-11  1.000e-12  2.031e+00     8.6991     8.5786    -0.1205     6.9006     6.8085     52.501     53.679      0.231    1435.72    1435.12  0.000e+00
       5155     53.500     4.5347     4.4144    -0.1202    0.93293    0.91548          1     2.2576     2.6529       9.96     0.0162  4.924e-11  1.000e-12  2.031e+00     8.8177     8.6718    -0.1459     6.9912     6.8798     52.997     54.185      0.256    1436.30    1435.58  0.000e+00
       5200     54.000     4.6008     4.5112    -0.0896    0.94338    0.92965          1     2.0390     2.4050       9.96     0.0162  4.924e-11  1.000e-12  2.031e+00     8.9062     8.7905    -0.1157     7.0588     6.9705     53.492     54.690      0.269    1436.71    1436.17  0.000e+00
       5248     54.500     4.6225     4.5805    -0.0421    0.94686    0.94049          1     1.9252     2.1129       9.96     0.0159  4.924e-11  1.000e-12  2.031e+00     8.9356     8.8821    -0.0535     7.0813     7.0405     53.987     55.196      0.232    1436.86    1436.60  0.000e+00
       5299     55.000     4.6581     4.6171    -0.0410    0.95215    0.94598          1     1.8236     1.9227       9.96     0.0159  4.924e-11  1.000e-12  2.031e+00     8.9796     8.9281    -0.0515     7.1148     7.0756     54.482     55.702      0.248    1437.08    1436.83  0.000e+00
       5346     55.500     4.7128     4.6526    -0.0603    0.96031    0.95108          1     1.6309     1.7994       8.97     0.0163  4.924e-11  1.000e-12  2.031e+00     9.0475     8.9702    -0.0773     7.1663     7.1075     54.978     56.207      0.248    1437.41    1437.05  0.000e+00
       5394     56.000     4.8204     4.7084    -0.1119    0.97927    0.95989          1     1.1627     1.6452       9.97     0.0162  4.924e-11  1.000e-12  2.031e+00     9.2101     9.0444    -0.1657     7.2907     7.1641     55.473     56.713      0.269    1438.10    1437.40  0.000e+00
       5437     56.500     4.9188     4.8128    -0.1059    0.99496    0.97774          1     0.7190     1.3596       9.96     0.0163  4.924e-11  1.000e-12  2.031e+00     9.3415     9.1966    -0.1449     7.3903     7.2803     55.968     57.218      0.279    1438.71    1438.06  0.000e+00
