ctdpy/exports/archive_20191121_122431/received_data/SBE09_0827_20180903_1619_26_01_0956.cnv
* Sea-Bird SBE 9 Data File:
* FileName = D:\CTD_SBE911\DAT\26DA.2018.9.6.hex
* Software Version Seasave V 7.21d
* Temperature SN = 034605
* Conductivity SN = 041844
* Number of Bytes Per Scan = 48
* Number of Voltage Words = 5
* Number of Scans Averaged by the Deck Unit = 1
* NMEA Latitude = 55 22.85 N
* NMEA Longitude = 015 19.61 E
* NMEA UTC (Time) = Sep 03 2018  16:22:20
* NMEA baud rate = 4800
** Ship: DANA
** Average sound velocity: 1460.66 m/s
** True-depth calculation Wed, 03 Apr 2019 09:24:03 +0000
** CTD Python Module SMHI /ver 3-12/ feb 2012 
** LIMS Job: 20182601-0956
**  BY4
** Operator: Christian JKro
** Cruise: 09/2018
# nquan = 26
# nvalues = 173                         
# units = specified
# name 0 = scan: Scan Count
# name 1 = prDM: Pressure, Digiquartz [db]
# name 2 = t090C: Temperature [ITS-90, deg C]
# name 3 = t190C: Temperature, 2 [ITS-90, deg C]
# name 4 = T2-T190C: Temperature Difference, 2 - 1 [ITS-90, deg C]
# name 5 = c0S/m: Conductivity [S/m]
# name 6 = c1S/m: Conductivity, 2 [S/m]
# name 7 = pumps: Pump Status
# name 8 = sbeox1ML/L: Oxygen, SBE 43, 2 [ml/l]
# name 9 = sbeox0ML/L: Oxygen, SBE 43 [ml/l]
# name 10 = altM: Altimeter [m]
# name 11 = chloroflTC0: Chlorophyll, Turner Cyclops [ug/l]
# name 12 = cpar: CPAR/Corrected Irradiance [%]
# name 13 = par: PAR/Irradiance, Biospherical/Lico [µE/(cm^2*s)]
# name 14 = spar: SPAR, Biospherical/Licor
# name 15 = sal00: Salinity, Practical [PSU]
# name 16 = sal11: Salinity, Practical, 2 [PSU]
# name 17 = secS-priS: Salinity, Practical, Difference, 2 - 1 [PSU]
# name 18 = sigma-t00: Density [sigma-t, kg/m^3 ]
# name 19 = sigma-t11: Density, 2 [sigma-t, kg/m^3 ]
# name 20 = depSM: Depth [salt water, m], lat = 55.3808
# name 21 = depFM: Depth [true depth, m], lat = 55.3808
# name 22 = dz/dtM: Descent Rate [m/s], WS = 2
# name 23 = svCM: Sound Velocity [Chen-Millero, m/s]
# name 24 = svCM1: Sound Velocity, 2 [Chen-Millero, m/s]
# name 25 = flag: flag
# span 0 =        -57,       8835       
# span 1 =      1.500,     88.000       
# span 2 =     4.3785,    18.2957       
# span 3 =     4.4171,    18.2938       
# span 4 =    -1.6468,     1.6004       
# span 5 =   0.816664,   1.795214       
# span 6 =   0.819003,   1.788436       
# span 7 =          1,          1       
# span 8 =     0.0634,     7.2340       
# span 9 =     0.0286,     7.4544       
# span 10 =       2.77,      16.66      
# span 11 =     0.0429,     0.2624      
# span 12 = -3.027e-07, 4.3477e+00      
# span 13 = -2.916e-06, 4.2985e+01      
# span 14 = 6.9130e+02, 1.0075e+03      
# span 15 =     7.4147,    16.4676      
# span 16 =     7.4123,    16.4594      
# span 17 =    -0.6390,     0.0716      
# span 18 =     4.1965,    12.8515      
# span 19 =     4.1939,    12.8436      
# span 20 =      1.486,     87.186      
# span 21 =      1.521,     88.924      
# span 22 =      0.091,      1.398      
# span 23 =    1433.83,    1487.00      
# span 24 =    1434.19,    1487.11      
# span 25 = 0.0000e+00, 0.0000e+00      
# interval = decibars: 0.5              
# start_time = Sep 03 2018 16:22:21 [NMEA time, first data scan]
# bad_flag = -9.990e-29
*END*
[from data line 56]
       3389     30.000     4.9419     5.0624     0.1206    0.82412    0.82576          1     7.2116     7.3524       9.97     0.0651  1.061e-13  1.000e-12  9.422e+02     7.6254     7.6140    -0.0114     6.0314     6.0175     29.726     30.410      0.323    1436.20    1436.72  0.000e+00
       3428     30.500     4.8278     5.0481     0.2202    0.82182    0.82605          1     7.1687     7.3343       9.97     0.0644  1.061e-13  1.000e-12  9.428e+02     7.6286     7.6201    -0.0084     6.0383     6.0230     30.222     30.916      0.296    1435.71    1436.67  0.000e+00
       3469     31.000     4.6963     4.8896     0.1933    0.81919    0.82358          1     7.1542     7.3355       9.97     0.0702  1.065e-13  1.000e-12  9.392e+02     7.6324     7.6318    -0.0006     6.0462     6.0385     30.717     31.422      0.300    1435.15    1436.00  0.000e+00
       3509     31.500     4.6088     4.8598     0.2510    0.81816    0.82286          1     7.1575     7.3045       9.97     0.0752  1.066e-13  1.000e-12  9.380e+02     7.6422     7.6314    -0.0108     6.0570     6.0393     31.213     31.929      0.289    1434.78    1435.87  0.000e+00
       3552     32.000     4.5734     4.7549     0.1815    0.81859    0.82150          1     7.1273     7.2172       9.97     0.0680  1.070e-13  1.000e-12  9.349e+02     7.6547     7.6419    -0.0128     6.0681     6.0516     31.708     32.435      0.283    1434.64    1435.43  0.000e+00
       3593     32.500     4.5170     4.6744     0.1575    0.81842    0.82068          1     7.0887     7.1370       9.97     0.0682  1.072e-13  1.000e-12  9.332e+02     7.6660     7.6522    -0.0137     6.0789     6.0627     32.203     32.941      0.300    1434.42    1435.10  0.000e+00
       3634     33.000     4.4816     4.6244     0.1427    0.81815    0.82039          1     7.0347     7.0742       9.97     0.0657  1.068e-13  1.000e-12  9.359e+02     7.6715     7.6608    -0.0107     6.0845     6.0712     32.699     33.447      0.278    1434.27    1434.89  0.000e+00
       3677     33.500     4.3785     4.5262     0.1477    0.81666    0.81920          1     6.9607     7.1145       9.97     0.0743  1.069e-13  1.000e-12  9.351e+02     7.6804     7.6716    -0.0088     6.0948     6.0830     33.194     33.953      0.287    1433.83    1434.48  0.000e+00
       3719     34.000     4.4103     4.5106     0.1004    0.81825    0.81900          1     6.9216     7.1563       9.97     0.0814  1.069e-13  1.000e-12  9.354e+02     7.6889     7.6731    -0.0158     6.1005     6.0848     33.690     34.460      0.274    1434.00    1434.42  0.000e+00
       3766     34.500     4.4739     4.5085     0.0345    0.82170    0.82042          1     6.9126     7.0897       9.97     0.0754  1.066e-13  1.000e-12  9.377e+02     7.7088     7.6879    -0.0209     6.1143     6.0966     34.185     34.966      0.255    1434.31    1434.44  0.000e+00
       3811     35.000     4.4299     4.4787     0.0488    0.82227    0.82113          1     6.8871     7.0922       9.97     0.0744  1.071e-13  1.000e-12  9.341e+02     7.7248     7.7019    -0.0230     6.1284     6.1087     34.680     35.472      0.264    1434.14    1434.33  0.000e+00
       3858     35.500     4.4343     4.4820     0.0477    0.82429    0.82266          1     6.8867     7.0599       9.97     0.0760  1.073e-13  1.000e-12  9.321e+02     7.7441     7.7164    -0.0276     6.1436     6.1201     35.176     35.978      0.248    1434.20    1434.37  0.000e+00
       3905     36.000     4.3806     4.4531     0.0725    0.82484    0.82411          1     6.8587     6.9977       9.97     0.0751  1.073e-13  1.000e-12  9.316e+02     7.7622     7.7378    -0.0244     6.1597     6.1380     35.671     36.484      0.266    1433.99    1434.28  0.000e+00
       3952     36.500     4.3852     4.4366     0.0514    0.82733    0.82529          1     6.8259     6.9550       9.97     0.0707  1.077e-13  1.000e-12  9.284e+02     7.7862     7.7535    -0.0328     6.1786     6.1510     36.167     36.990      0.246    1434.05    1434.23  0.000e+00
       3999     37.000     4.3877     4.4171     0.0293    0.83061    0.82749          1     6.7797     6.8757       9.97     0.0648  1.076e-13  1.000e-12  9.296e+02     7.8188     7.7803    -0.0385     6.2043     6.1728     36.662     37.497      0.268    1434.11    1434.19  0.000e+00
       4046     37.500     4.4653     4.4189    -0.0464    0.83801    0.82967          1     6.7369     6.8577       9.97     0.0603  1.076e-13  1.000e-12  9.293e+02     7.8750     7.8018    -0.0731     6.2462     6.1899     37.157     38.003      0.241    1434.53    1434.23  0.000e+00
       4094     38.000     4.5558     4.4849    -0.0714    0.84587    0.83624          1     6.6493     6.6873       9.97     0.0625  1.074e-13  1.000e-12  9.306e+02     7.9326     7.8525    -0.0802     6.2889     6.2279     37.653     38.509      0.259    1435.02    1434.60  0.000e+00
       4144     38.500     5.2059     4.6373    -0.5685    0.87118    0.84323          1     6.5624     6.7183       9.97     0.0652  1.072e-13  1.000e-12  9.326e+02     8.0287     7.8863    -0.1424     6.3385     6.2492     38.148     39.015      0.223    1438.00    1435.33  0.000e+00
       4196     39.000     6.5296     5.2898    -1.2391    0.92506    0.87120          1     6.5261     6.3611       9.97     0.0657  1.076e-13  1.000e-12  9.292e+02     8.2361     8.0095    -0.2267     6.4315     6.3205     38.644     39.521      0.263    1443.97    1438.36  0.000e+00
       4244     39.500     6.2856     5.7469    -0.5382    0.92704    0.89053          1     6.4538     6.1144       9.97     0.0605  1.073e-13  1.000e-12  9.320e+02     8.3144     8.0897    -0.2246     6.5080     6.3612     39.139     40.027      0.221    1443.04    1440.45  0.000e+00
       4297     40.000     5.6865     5.9929     0.3057    0.91643    0.91307          1     6.3054     6.1753       9.97     0.0672  1.075e-13  1.000e-12  9.305e+02     8.3583     8.2503    -0.1080     6.5766     6.4748     39.634     40.533      0.271    1440.54    1441.72  0.000e+00
       4338     40.500     5.7576     5.8718     0.1143    0.92936    0.91364          1     6.1735     6.0949       9.97     0.0570  1.076e-13  1.000e-12  9.293e+02     8.4674     8.2853    -0.1821     6.6589     6.5091     40.130     41.039      0.278    1440.99    1441.25  0.000e+00
       4386     41.000     5.8468     5.8265    -0.0205    0.94044    0.92100          1     6.0944     6.0515       9.97     0.0577  1.076e-13  1.000e-12  9.291e+02     8.5533     8.3683    -0.1850     6.7218     6.5771     40.625     41.545      0.251    1441.49    1441.17  0.000e+00
       4428     41.500     6.3906     5.8403    -0.5498    0.97324    0.93097          1     6.0149     5.8677       9.97     0.0517  1.078e-13  1.000e-12  9.277e+02     8.7338     8.4624    -0.2715     6.8317     6.6505     41.120     42.050      0.297    1444.04    1441.35  0.000e+00
       4473     42.000     6.8860     6.0079    -0.8780    1.01208    0.94238          1     5.9117     5.6156       9.97     0.0525  1.077e-13  1.000e-12  9.285e+02     8.9790     8.5316    -0.4473     6.9909     6.6957     41.616     42.556      0.246    1446.44    1442.17  0.000e+00
       4522     42.500     6.9304     6.3974    -0.5333    1.03080    0.96913          1     5.8738     5.2830       9.97     0.0494  1.077e-13  1.000e-12  9.285e+02     9.1470     8.6923    -0.4547     7.1201     6.7987     42.111     43.062      0.250    1446.84    1444.03  0.000e+00
       4569     43.000     7.1382     6.6690    -0.4695    1.06090    0.99556          1     5.7029     5.2061       9.97     0.0492  1.076e-13  1.000e-12  9.295e+02     9.3781     8.8774    -0.5007     7.2861     6.9267     42.607     43.568      0.252    1448.01    1445.42  0.000e+00
       4618     43.500     8.0610     6.8154    -1.2453    1.12025    1.01794          1     5.5114     5.0758       9.97     0.0506  1.075e-13  1.000e-12  9.302e+02     9.6855     9.0539    -0.6316     7.4513     7.0553     43.102     44.073      0.246    1452.18    1446.26  0.000e+00
       4666     44.000     8.9122     7.2656    -1.6468    1.16727    1.05061          1     5.3404     4.9794       9.97     0.0471  1.073e-13  1.000e-12  9.319e+02     9.8850     9.2460    -0.6390     7.5274     7.1730     43.597     44.579      0.263    1455.85    1448.39  0.000e+00
       4710     44.500     9.2787     7.7153    -1.5638    1.19180    1.08117          1     5.2343     4.8903       9.97     0.0470  1.075e-13  1.000e-12  9.301e+02    10.0066     9.4136    -0.5930     7.5848     7.2681     44.093     45.084      0.266    1457.46    1450.45  0.000e+00
       4756     45.000     9.4620     8.3263    -1.1346    1.21665    1.12267          1     5.1559     4.6742       9.97     0.0460  1.082e-13  1.000e-12  9.241e+02    10.1801     9.6352    -0.5449     7.7005     7.3884     44.588     45.589      0.256    1458.40    1453.22  0.000e+00
       4802     45.500     9.2895     8.6268    -0.6629    1.22008    1.14811          1     5.0499     4.6784       9.97     0.0478  1.100e-13  1.000e-12  9.092e+02    10.2603     9.7880    -0.4722     7.7812     7.4799     45.083     46.095      0.271    1457.83    1454.62  0.000e+00
       4846     46.000     9.6054     8.8274    -0.7783    1.24584    1.16270          1     4.9539     4.6229       9.97     0.0461  1.125e-13  1.000e-12  8.889e+02    10.4027     9.8664    -0.5363     7.8580     7.5215     45.579     46.600      0.263    1459.25    1455.53  0.000e+00
       4897     46.500    10.0665     9.0867    -0.9800    1.27974    1.18919          1     4.8697     4.5265       9.97     0.0461  1.150e-13  1.000e-12  8.692e+02    10.5734    10.0361    -0.5373     7.9385     7.6276     46.074     47.105      0.230    1461.25    1456.77  0.000e+00
       4944     47.000    10.5425     9.4957    -1.0472    1.31251    1.22429          1     4.7776     4.4788       9.97     0.0452  1.174e-13  1.000e-12  8.520e+02    10.7261    10.2393    -0.4868     8.0005     7.7427     46.569     47.611      0.276    1463.26    1458.63  0.000e+00
       4987     47.500    10.8286     9.7781    -1.0499    1.33601    1.24757          1     4.6628     4.3613       9.97     0.0445  1.165e-13  1.000e-12  8.580e+02    10.8493    10.3685    -0.4808     8.0605     7.8123     47.065     48.116      0.264    1464.50    1459.90  0.000e+00
       5034     48.000    10.8313    10.2216    -0.6101    1.34648    1.28272          1     4.6193     4.3401       9.97     0.0449  1.164e-13  1.000e-12  8.592e+02    10.9404    10.5549    -0.3855     8.1307     7.9060     47.560     48.621      0.279    1464.63    1461.85  0.000e+00
       5075     48.500    11.1251    10.4416    -0.6831    1.37052    1.30559          1     4.5415     4.2601       9.97     0.0438  1.169e-13  1.000e-12  8.554e+02    11.0635    10.6941    -0.3695     8.1885     7.9879     48.056     49.126      0.282    1465.89    1462.86  0.000e+00
       5120     49.000    11.2995    10.6481    -0.6514    1.38427    1.32372          1     4.4709     4.2422       9.97     0.0446  1.172e-13  1.000e-12  8.532e+02    11.1312    10.7938    -0.3374     8.2180     8.0400     48.551     49.631      0.256    1466.63    1463.78  0.000e+00
       5166     49.500    11.4772    10.8216    -0.6558    1.40033    1.33889          1     4.4214     4.2154       9.97     0.0453  1.160e-13  1.000e-12  8.622e+02    11.2174    10.8763    -0.3411     8.2609     8.0823     49.046     50.136      0.267    1467.41    1464.54  0.000e+00
       5214     50.000    11.5491    11.0631    -0.4861    1.40778    1.35920          1     4.3849     4.2017       9.97     0.0452  1.141e-13  1.000e-12  8.763e+02    11.2602    10.9828    -0.2774     8.2843     8.1340     49.542     50.642      0.233    1467.73    1465.59  0.000e+00
       5265     50.500    11.6025    11.2739    -0.3284    1.41407    1.38057          1     4.3278     4.1717       9.97     0.0442  1.116e-13  1.000e-12  8.961e+02    11.2985    11.1065    -0.1920     8.3067     8.2023     50.037     51.147      0.271    1467.98    1466.53  0.000e+00
       5306     51.000    11.6958    11.4039    -0.2920    1.42309    1.39324          1     4.3100     4.1622       9.97     0.0450  1.098e-13  1.000e-12  9.111e+02    11.3480    11.1776    -0.1704     8.3322     8.2400     50.532     51.652      0.275    1468.40    1467.11  0.000e+00
       5353     51.500    11.7875    11.4936    -0.2940    1.43665    1.40159          1     4.2785     4.1850       9.97     0.0455  1.081e-13  1.000e-12  9.250e+02    11.4371    11.2230    -0.2141     8.3884     8.2631     51.028     52.157      0.237    1468.85    1467.51  0.000e+00
       5409     52.000    11.8039    11.6340    -0.1702    1.44388    1.41603          1     4.2540     4.1250       9.97     0.0444  1.068e-13  1.000e-12  9.362e+02    11.4944    11.3057    -0.1888     8.4304     8.3079     51.523     52.662      0.625    1468.98    1468.13  0.000e+00
       5420     52.500    11.7739    11.6282    -0.1450    1.44338    1.41808          1     4.2459     4.1116       9.97     0.0448  1.066e-13  1.000e-12  9.381e+02    11.4993    11.3250    -0.1742     8.4383     8.3237     52.019     53.167      1.313    1468.89    1468.14  0.000e+00
       5426     53.000    11.7666    11.6638    -0.1034    1.44354    1.41964          1     4.2406     4.1049       9.97     0.0443  1.071e-13  1.000e-12  9.337e+02    11.5028    11.3277    -0.1752     8.4421     8.3209     52.514     53.672      1.398    1468.87    1468.29  0.000e+00
       5431     53.500    11.7593    11.6756    -0.0837    1.44386    1.42190          1     4.2387     4.1002       9.97     0.0443  1.089e-13  1.000e-12  9.181e+02    11.5078    11.3436    -0.1642     8.4469     8.3315     53.009     54.177      1.349    1468.86    1468.36  0.000e+00
       5447     54.000    11.7401    11.6992    -0.0409    1.44448    1.42592          1     4.2409     4.0941       9.97     0.0433  1.072e-13  1.000e-12  9.333e+02    11.5189    11.3710    -0.1479     8.4581     8.3495     53.504     54.682      0.716    1468.81    1468.48  0.000e+00
       5492     54.500    11.6487    11.7375     0.0887    1.44425    1.43354          1     4.2337     4.0432       9.97     0.0441  1.062e-13  1.000e-12  9.417e+02    11.5451    11.4251    -0.1199     8.4909     8.3860     54.000     55.187      0.221    1468.51    1468.70  0.000e+00
       5544     55.000    11.4895    11.7078     0.2183    1.44652    1.43904          1     4.2074     4.0743       9.97     0.0440  1.060e-13  1.000e-12  9.430e+02    11.6141    11.4817    -0.1325     8.5660     8.4338     54.495     55.692      0.233    1468.02    1468.66  0.000e+00
       5596     55.500    11.7354    11.5877    -0.1476    1.47519    1.44161          1     4.1597     3.9842       9.97     0.0429  1.059e-13  1.000e-12  9.444e+02    11.7860    11.5409    -0.2450     8.6651     8.4961     54.990     56.197      0.237    1469.14    1468.30  0.000e+00
       5643     56.000    11.8489    11.6130    -0.2357    1.50699    1.45080          1     4.1278     3.8355       9.97     0.0434  1.060e-13  1.000e-12  9.430e+02    12.0251    11.6127    -0.4124     8.8340     8.5481     55.486     56.701      0.260    1469.85    1468.49  0.000e+00
       5691     56.500    12.0074    11.6922    -0.3154    1.53607    1.46803          1     4.1016     3.7276       9.97     0.0435  1.058e-13  1.000e-12  9.447e+02    12.2252    11.7373    -0.4880     8.9661     8.6335     55.981     57.206      0.251    1470.68    1468.94  0.000e+00
       5738     57.000    12.1129    11.8260    -0.2867    1.55199    1.49561          1     4.0400     3.6807       9.97     0.0447  1.061e-13  1.000e-12  9.425e+02    12.3281    11.9337    -0.3944     9.0303     8.7666     56.477     57.711      0.254    1471.19    1469.67  0.000e+00
