ctdpy/exports/archive_20191121_122431/received_data/SBE09_0827_20180122_1715_26_01_0165.cnv
* Sea-Bird SBE 9 Data File:
* FileName = D:\CTD_SBE911\DAT\26DA.2018.1.65.hex
* Software Version Seasave V 7.21d
* Temperature SN = 034757
* Conductivity SN = 041844
* Number of Bytes Per Scan = 48
* Number of Voltage Words = 5
* Number of Scans Averaged by the Deck Unit = 1
* NMEA Latitude = 58 29.76 N
* NMEA Longitude = 011 06.26 E
* NMEA UTC (Time) = Jan 22 2018  17:15:09
* NMEA baud rate = 4800
** Ship: DANA
** Average sound velocity: 1465.15 m/s
** True-depth calculation Thu, 28 Mar 2019 08:26:52 +0000
** CTD Python Module SMHI /ver 3-12/ feb 2012 
** LIMS Job: 20182601-0165
**  NW Skagga
** Operator:  A-KTh
** Cruise: 01/2018
# nquan = 26
# nvalues = 110                         
# units = specified
# name 0 = scan: Scan Count
# name 1 = prDM: Pressure, Digiquartz [db]
# name 2 = t090C: Temperature [ITS-90, deg C]
# name 3 = t190C: Temperature, 2 [ITS-90, deg C]
# name 4 = T2-T190C: Temperature Difference, 2 - 1 [ITS-90, deg C]
# name 5 = c0S/m: Conductivity [S/m]
# name 6 = c1S/m: Conductivity, 2 [S/m]
# name 7 = pumps: Pump Status
# name 8 = sbeox1ML/L: Oxygen, SBE 43, 2 [ml/l]
# name 9 = sbeox0ML/L: Oxygen, SBE 43 [ml/l]
# name 10 = altM: Altimeter [m]
# name 11 = chloroflTC0: Chlorophyll, Turner Cyclops [ug/l]
# name 12 = cpar: CPAR/Corrected Irradiance [%]
# name 13 = par: PAR/Irradiance, Biospherical/Lico [µE/(cm^2*s)]
# name 14 = spar: SPAR, Biospherical/Licor
# name 15 = sal00: Salinity, Practical [PSU]
# name 16 = sal11: Salinity, Practical, 2 [PSU]
# name 17 = secS-priS: Salinity, Practical, Difference, 2 - 1 [PSU]
# name 18 = sigma-t00: Density [sigma-t, kg/m^3 ]
# name 19 = sigma-t11: Density, 2 [sigma-t, kg/m^3 ]
# name 20 = depSM: Depth [salt water, m], lat = 58.496
# name 21 = depFM: Depth [true depth, m], lat = 58.496
# name 22 = dz/dtM: Descent Rate [m/s], WS = 2
# name 23 = svCM: Sound Velocity [Chen-Millero, m/s]
# name 24 = svCM1: Sound Velocity, 2 [Chen-Millero, m/s]
# name 25 = flag: flag
# span 0 =        263,       5427       
# span 1 =      2.000,     56.500       
# span 2 =     3.1241,     6.8562       
# span 3 =     3.0816,     6.8678       
# span 4 =    -0.0781,     0.3929       
# span 5 =   2.090172,   3.409203       
# span 6 =   2.090131,   3.410416       
# span 7 =          1,          1       
# span 8 =     5.8933,     7.3164       
# span 9 =     6.0834,     7.4856       
# span 10 =       1.59,       9.96      
# span 11 =     0.0208,     0.0865      
# span 12 = 4.9241e-11, 4.9241e-11      
# span 13 = 1.0000e-12, 1.0000e-12      
# span 14 = 2.0308e+00, 2.0308e+00      
# span 15 =    22.0600,    33.8016      
# span 16 =    22.0579,    33.8035      
# span 17 =    -0.1912,     0.5555      
# span 18 =    17.5624,    26.4942      
# span 19 =    17.5606,    26.4942      
# span 20 =      1.981,     55.966      
# span 21 =      2.002,     56.249      
# span 22 =     -0.066,      0.472      
# span 23 =    1446.41,    1477.53      
# span 24 =    1446.42,    1477.57      
# span 25 = 0.0000e+00, 0.0000e+00      
# interval = decibars: 0.5              
# start_time = Jan 22 2018 17:15:10 [NMEA time, first data scan]
# bad_flag = -9.990e-29
*END*
        263      2.000     3.1652     3.1670     0.0018    2.09017    2.09060          1     7.2517     7.4856       9.96     0.0217  4.924e-11  1.000e-12  2.031e+00    22.0600    22.0637     0.0037    17.5624    17.5652      1.981      2.002      0.128    1446.41    1446.42  0.000e+00
        394      2.500     3.1687     3.1673    -0.0013    2.09045    2.09013          1     7.2091     7.4689       9.96     0.0208  4.924e-11  1.000e-12  2.031e+00    22.0607    22.0579    -0.0028    17.5628    17.5606      2.477      2.502      0.345    1446.43    1446.42  0.000e+00
        428      3.000     3.1710     3.1682    -0.0028    2.09072    2.09026          1     7.2196     7.4660       9.96     0.0208  4.924e-11  1.000e-12  2.031e+00    22.0620    22.0587    -0.0033    17.5637    17.5612      2.972      3.003      0.308    1446.45    1446.44  0.000e+00
        480      3.500     3.1864     3.1724    -0.0139    2.09398    2.09082          1     7.2418     7.4682       9.96     0.0209  4.924e-11  1.000e-12  2.031e+00    22.0889    22.0620    -0.0269    17.5842    17.5636      3.467      3.503      0.213    1446.56    1446.47  0.000e+00
        532      4.000     3.2195     3.2021    -0.0176    2.10261    2.09592          1     7.2899     7.4590       9.96     0.0208  4.924e-11  1.000e-12  2.031e+00    22.1654    22.1003    -0.0650    17.6431    17.5924      3.963      4.004      0.293    1446.81    1446.65  0.000e+00
        575      4.500     3.2282     3.2021    -0.0261    2.11003    2.09858          1     7.3098     7.4553       9.96     0.0208  4.924e-11  1.000e-12  2.031e+00    22.2447    22.1308    -0.1139    17.7057    17.6166      4.458      4.504      0.251    1446.96    1446.70  0.000e+00
        622      5.000     3.2226     3.2184    -0.0042    2.10621    2.10654          1     7.3059     7.4612       9.96     0.0208  4.924e-11  1.000e-12  2.031e+00    22.2044    22.2110     0.0066    17.6739    17.6794      4.953      5.005      0.296    1446.89    1446.88  0.000e+00
        663      5.500     3.2354     3.2201    -0.0153    2.12251    2.11097          1     7.2818     7.4525       9.96     0.0213  4.924e-11  1.000e-12  2.031e+00    22.3831    22.2606    -0.1225    17.8153    17.7188      5.449      5.505      0.249    1447.19    1446.96  0.000e+00
        718      6.000     3.2410     3.2295    -0.0115    2.13031    2.11606          1     7.2708     7.4433       9.96     0.0214  4.924e-11  1.000e-12  2.031e+00    22.4689    22.3127    -0.1561    17.8831    17.7597      5.944      6.005      0.255    1447.33    1447.08  0.000e+00
        755      6.500     3.2374     3.2366    -0.0008    2.12560    2.12678          1     7.2714     7.4467       9.96     0.0215  4.924e-11  1.000e-12  2.031e+00    22.4170    22.4310     0.0141    17.8421    17.8533      6.439      6.506      0.348    1447.26    1447.27  0.000e+00
        796      7.000     3.2489     3.2402    -0.0087    2.13098    2.12726          1     7.2720     7.4458       9.96     0.0220  4.924e-11  1.000e-12  2.031e+00    22.4708    22.4339    -0.0368    17.8842    17.8554      6.935      7.006      0.243    1447.39    1447.30  0.000e+00
        849      7.500     3.2554     3.2498    -0.0056    2.13644    2.13203          1     7.2486     7.4414       9.96     0.0213  4.924e-11  1.000e-12  2.031e+00    22.5290    22.4820    -0.0469    17.9301    17.8931      7.430      7.506      0.275    1447.50    1447.41  0.000e+00
        888      8.000     3.2597     3.2597    -0.0000    2.13767    2.13672          1     7.2571     7.4373       9.96     0.0212  4.924e-11  1.000e-12  2.031e+00    22.5399    22.5289    -0.0110    17.9385    17.9298      7.925      8.007      0.288    1447.54    1447.52  0.000e+00
        937      8.500     3.2640     3.2619    -0.0021    2.13766    2.13732          1     7.2839     7.4390       9.96     0.0216  4.924e-11  1.000e-12  2.031e+00    22.5366    22.5342    -0.0025    17.9357    17.9338      8.421      8.507      0.225    1447.56    1447.55  0.000e+00
        984      9.000     3.2655     3.2635    -0.0020    2.13740    2.13727          1     7.2990     7.4387       9.96     0.0218  4.924e-11  1.000e-12  2.031e+00    22.5324    22.5323    -0.0001    17.9322    17.9322      8.916      9.007      0.322    1447.57    1447.56  0.000e+00
       1019      9.500     3.2632     3.2624    -0.0008    2.13776    2.13742          1     7.2739     7.4452       9.96     0.0219  4.924e-11  1.000e-12  2.031e+00    22.5379    22.5346    -0.0033    17.9367    17.9341      9.411      9.508      0.299    1447.58    1447.57  0.000e+00
       1076     10.000     3.2618     3.2611    -0.0007    2.13812    2.13792          1     7.2680     7.4384       9.96     0.0220  4.924e-11  1.000e-12  2.031e+00    22.5428    22.5410    -0.0018    17.9407    17.9393      9.907     10.008      0.216    1447.58    1447.58  0.000e+00
       1124     10.500     3.2618     3.2612    -0.0006    2.13891    2.13856          1     7.2701     7.4373       9.96     0.0220  4.924e-11  1.000e-12  2.031e+00    22.5517    22.5482    -0.0036    17.9478    17.9450     10.402     10.508      0.325    1447.60    1447.60  0.000e+00
       1162     11.000     3.2526     3.2511    -0.0014    2.13932    2.13913          1     7.3011     7.4381       9.96     0.0244  4.924e-11  1.000e-12  2.031e+00    22.5627    22.5616    -0.0011    17.9571    17.9563     10.897     11.008      0.268    1447.59    1447.58  0.000e+00
       1213     11.500     3.2496     3.2491    -0.0004    2.13944    2.13923          1     7.3055     7.4401       9.96     0.0301  4.924e-11  1.000e-12  2.031e+00    22.5660    22.5639    -0.0021    17.9599    17.9583     11.393     11.509      0.251    1447.58    1447.58  0.000e+00
       1257     12.000     3.2489     3.2464    -0.0025    2.13939    2.13935          1     7.2926     7.4372       9.96     0.0319  4.924e-11  1.000e-12  2.031e+00    22.5657    22.5670     0.0014    17.9597    17.9609     11.888     12.009      0.265    1447.59    1447.58  0.000e+00
       1307     12.500     3.2465     3.2442    -0.0023    2.13953    2.13934          1     7.2978     7.4404       9.96     0.0330  4.924e-11  1.000e-12  2.031e+00    22.5688    22.5683    -0.0005    17.9623    17.9620     12.383     12.509      0.245    1447.59    1447.58  0.000e+00
       1348     13.000     3.2423     3.2322    -0.0101    2.13990    2.14019          1     7.3106     7.4416       9.96     0.0338  4.924e-11  1.000e-12  2.031e+00    22.5758    22.5862     0.0105    17.9681    17.9770     12.879     13.010      0.320    1447.59    1447.56  0.000e+00
       1389     13.500     3.2357     3.2212    -0.0145    2.14038    2.14125          1     7.2899     7.4438       9.96     0.0335  4.924e-11  1.000e-12  2.031e+00    22.5857    22.6059     0.0202    17.9764    17.9933     13.374     13.510      0.252    1447.58    1447.54  0.000e+00
       1442     14.000     3.2260     3.2035    -0.0225    2.14123    2.14271          1     7.3164     7.4383       9.96     0.0341  4.924e-11  1.000e-12  2.031e+00    22.6022    22.6350     0.0328    17.9901    18.0175     13.869     14.010      0.237    1447.57    1447.51  0.000e+00
       1488     14.500     3.2074     3.1735    -0.0340    2.14294    2.14501          1     7.2915     7.3986       9.96     0.0341  4.924e-11  1.000e-12  2.031e+00    22.6347    22.6825     0.0478    18.0170    18.0571     14.365     14.510      0.274    1447.53    1447.45  0.000e+00
       1533     15.000     3.1241     3.0816    -0.0426    2.15777    2.15599          1     7.1077     7.3539       9.96     0.0342  4.924e-11  1.000e-12  2.031e+00    22.8651    22.8744     0.0092    18.2053    18.2152     14.860     15.011      0.272    1447.47    1447.30  0.000e+00
       1576     15.500     3.1802     3.1736    -0.0064    2.23646    2.22175          1     7.0576     7.3231       9.96     0.0355  4.924e-11  1.000e-12  2.031e+00    23.7359    23.5694    -0.1665    18.8945    18.7623     15.355     15.511      0.257    1448.85    1448.61  0.000e+00
       1627     16.000     3.3984     3.7915     0.3929    2.29079    2.36465          1     7.0808     7.2556       9.96     0.0359  4.924e-11  1.000e-12  2.031e+00    24.2038    24.7593     0.5555    19.2525    19.6663     15.850     16.010      0.245    1450.42    1452.83  0.000e+00
       1669     16.500     3.7089     3.9488     0.2399    2.36427    2.41390          1     7.0192     7.1550       9.96     0.0365  4.924e-11  1.000e-12  2.031e+00    24.8174    25.2037     0.3862    19.7185    20.0072     16.346     16.510      0.304    1452.56    1454.09  0.000e+00
       1718     17.000     3.9522     4.0179     0.0661    2.43004    2.44370          1     6.9177     7.0719       9.96     0.0366  4.924e-11  1.000e-12  2.031e+00    25.3856    25.4911     0.1055    20.1514    20.2300     16.841     17.009      0.207    1454.34    1454.76  0.000e+00
       1775     17.500     4.0579     4.0521    -0.0057    2.46661    2.45793          1     6.7483     7.0146       9.96     0.0367  4.924e-11  1.000e-12  2.031e+00    25.7219    25.6271    -0.0948    20.4099    20.3352     17.336     17.508      0.335    1455.24    1455.09  0.000e+00
       1804     18.000     4.2061     4.2753     0.0695    2.51697    2.50682          1     6.7781     6.9815       9.96     0.0378  4.924e-11  1.000e-12  2.031e+00    26.1795    26.0087    -0.1708    20.7606    20.6194     17.832     18.007      0.384    1456.46    1456.54  0.000e+00
       1845     18.500     4.4809     4.6306     0.1493    2.58840    2.60763          1     6.7416     6.8493       9.96     0.0374  4.924e-11  1.000e-12  2.031e+00    26.7731    26.8704     0.0974    21.2077    21.2716     18.327     18.506      0.224    1458.39    1459.15  0.000e+00
       1912     19.000     4.8204     4.8010    -0.0192    2.67987    2.66154          1     6.5508     6.7217       9.96     0.0373  4.924e-11  1.000e-12  2.031e+00    27.5314    27.3403    -0.1912    21.7773    21.6278     18.822     19.005      0.328    1460.79    1460.47  0.000e+00
       1941     19.500     4.9734     5.0013     0.0279    2.73057    2.71979          1     6.5148     6.6698       9.96     0.0372  4.924e-11  1.000e-12  2.031e+00    27.9759    27.8309    -0.1450    22.1143    21.9968     19.318     19.503      0.365    1462.00    1461.93  0.000e+00
       1990     20.000     5.0515     5.1886     0.1366    2.76142    2.78843          1     6.4626     6.6115       9.96     0.0379  4.924e-11  1.000e-12  2.031e+00    28.2575    28.4450     0.1875    22.3294    22.4639     19.813     20.001      0.218    1462.69    1463.49  0.000e+00
       2045     20.500     5.1665     5.2280     0.0615    2.82132    2.83934          1     6.3797     6.5913       9.96     0.0379  4.924e-11  1.000e-12  2.031e+00    28.8340    28.9839     0.1498    22.7739    22.8861     20.308     20.499      0.299    1463.90    1464.35  0.000e+00
       2084     21.000     5.2587     5.3286     0.0699    2.86641    2.87735          1     6.4054     6.5982       9.96     0.0380  4.924e-11  1.000e-12  2.031e+00    29.2614    29.3232     0.0618    23.1023    23.1438     20.803     20.997      0.283    1464.83    1465.20  0.000e+00
       2129     21.500     5.3664     5.4214     0.0549    2.90159    2.91313          1     6.3784     6.5675       9.96     0.0383  4.924e-11  1.000e-12  2.031e+00    29.5625    29.6436     0.0811    23.3290    23.3872     21.299     21.495      0.261    1465.66    1465.99  0.000e+00
       2176     22.000     5.4158     5.4489     0.0332    2.92957    2.93494          1     6.3574     6.5435       9.96     0.0371  4.924e-11  1.000e-12  2.031e+00    29.8330    29.8638     0.0308    23.5376    23.5583     21.794     21.992      0.233    1466.22    1466.39  0.000e+00
       2231     22.500     5.6008     5.6843     0.0835    2.98680    2.99393          1     6.3465     6.5003       9.96     0.0379  4.924e-11  1.000e-12  2.031e+00    30.3092    30.3140     0.0048    23.8936    23.8880     22.289     22.490      0.245    1467.58    1467.92  0.000e+00
       2271     23.000     5.7406     5.7731     0.0325    3.02343    3.02886          1     6.2571     6.4391       9.96     0.0372  4.924e-11  1.000e-12  2.031e+00    30.5929    30.6241     0.0313    24.1019    24.1229     22.785     22.987      0.320    1468.51    1468.68  0.000e+00
       2314     23.500     5.7081     5.6298    -0.0781    3.03632    3.04213          1     6.2553     6.4389       9.96     0.0364  4.924e-11  1.000e-12  2.031e+00    30.7666    30.9034     0.1368    24.2428    24.3598     23.280     23.484      0.227    1468.61    1468.47  0.000e+00
       2373     24.000     5.7014     5.7332     0.0317    3.07437    3.08109          1     6.3087     6.4649       9.96     0.0382  4.924e-11  1.000e-12  2.031e+00    31.1989    31.2449     0.0461    24.5851    24.6179     23.775     23.982      0.265    1469.14    1469.32  0.000e+00
       2408     24.500     5.7127     5.6807    -0.0319    3.09882    3.10104          1     6.2534     6.4223       9.96     0.0385  4.924e-11  1.000e-12  2.031e+00    31.4627    31.5175     0.0548    24.7923    24.8393     24.271     24.479      0.370    1469.53    1469.47  0.000e+00
       2442     25.000     5.6920     5.7261     0.0340    3.11112    3.11731          1     6.2490     6.4602       9.96     0.0392  4.924e-11  1.000e-12  2.031e+00    31.6201    31.6576     0.0376    24.9190    24.9448     24.766     24.975      0.310    1469.65    1469.83  0.000e+00
       2499     25.500     5.9120     5.9829     0.0706    3.14766    3.15058          1     6.2694     6.4136       9.96     0.0393  4.924e-11  1.000e-12  2.031e+00    31.8226    31.7888    -0.0339    25.0531    25.0179     25.261     25.472      0.206    1470.80    1471.04  0.000e+00
       2552     26.000     6.0519     6.0473    -0.0048    3.16630    3.16590          1     6.2013     6.3606       9.96     0.0391  4.924e-11  1.000e-12  2.031e+00    31.8993    31.8992    -0.0001    25.0969    25.0974     25.756     25.969      0.322    1471.46    1471.44  0.000e+00
       2585     26.500     5.8787     5.8002    -0.0781    3.15124    3.14738          1     6.1881     6.3949       9.96     0.0391  4.924e-11  1.000e-12  2.031e+00    31.8939    31.9249     0.0310    25.1134    25.1472     26.252     26.466      0.352    1470.77    1470.49  0.000e+00
       2626     27.000     5.7787     5.7624    -0.0165    3.14730    3.14814          1     6.2738     6.4423       9.96     0.0395  4.924e-11  1.000e-12  2.031e+00    31.9439    31.9689     0.0249    25.1648    25.1865     26.747     26.963      0.236    1470.44    1470.41  0.000e+00
       2685     27.500     5.7612     5.7575    -0.0037    3.15266    3.15259          1     6.2970     6.4647       9.96     0.0394  4.924e-11  1.000e-12  2.031e+00    32.0205    32.0232     0.0027    25.2274    25.2300     27.242     27.459      0.226    1470.47    1470.46  0.000e+00
       2730     28.000     5.7588     5.7630     0.0042    3.15447    3.15480          1     6.3003     6.4688       9.96     0.0391  4.924e-11  1.000e-12  2.031e+00    32.0429    32.0426    -0.0003    25.2454    25.2446     27.738     27.956      0.306    1470.50    1470.52  0.000e+00
       2767     28.500     5.7664     5.7732     0.0068    3.15743    3.15895          1     6.2851     6.4536       9.96     0.0385  4.924e-11  1.000e-12  2.031e+00    32.0689    32.0794     0.0105    25.2650    25.2725     28.233     28.453      0.342    1470.57    1470.61  0.000e+00
       2804     29.000     5.7708     5.7770     0.0062    3.15947    3.16111          1     6.3057     6.4496       9.96     0.0369  4.924e-11  1.000e-12  2.031e+00    32.0873    32.0998     0.0125    25.2790    25.2882     28.728     28.950      0.253    1470.62    1470.66  0.000e+00
