ctdpy/exports/archive_20191121_122431/received_data/SBE09_1044_20181110_0220_34_01_0124.cnv
* Sea-Bird SBE 9 Data File:
* FileName = C:\ctd\temp\ar18d124.hex
* Software Version Seasave V 7.26.7.107
* Temperature SN = 5351
* Conductivity SN = 3941
* Number of Bytes Per Scan = 41
* Number of Voltage Words = 4
* Number of Scans Averaged by the Deck Unit = 1
* NMEA Latitude = 56 38.03 N
* NMEA Longitude = 019 35.08 E
* NMEA UTC (Time) = Nov 10 2018  02:20:16
* NMEA baud rate = 4800
** Station:  BY10
** Operator:  JKro
** Ship: ARANDA
** Average sound velocity: 1448.29 m/s
** True-depth calculation Sat, 10 Nov 2018 03:29:54 +0000
** CTD Python Module SMHI /ver 3-12/ feb 2012 
** LIMS Job: 20183401-0124
** Cruise: SMHI-6-2018
** Latitude [GG MM.mm N]:
** Longitude [GG MM.mm E]
# nquan = 26
# nvalues = 275                         
# units = specified
# name 0 = scan: Scan Count
# name 1 = prDM: Pressure, Digiquartz [db]
# name 2 = t090C: Temperature [ITS-90, deg C]
# name 3 = t190C: Temperature, 2 [ITS-90, deg C]
# name 4 = T2-T190C: Temperature Difference, 2 - 1 [ITS-90, deg C]
# name 5 = c0S/m: Conductivity [S/m]
# name 6 = c1S/m: Conductivity, 2 [S/m]
# name 7 = pumps: Pump Status
# name 8 = sbeox0ML/L: Oxygen, SBE 43 [ml/l]
# name 9 = sbeox1ML/L: Oxygen, SBE 43, 2 [ml/l]
# name 10 = altM: Altimeter [m]
# name 11 = flECO-AFL: Chl-a Fluorescence, WET Labs ECO-AFL/FL [mg/m^3]
# name 12 = flECO-AFL1: Phycocyanin Fluorescence, WET Labs ECO-AFL/FL, 2 [mg/m^3]
# name 13 = par: PAR/Irradiance, Biospherical/Lico [µE/(cm^2*s)]
# name 14 = turbWETntu0: Turbidity, WET Labs ECO [NTU]
# name 15 = sal00: Salinity, Practical [PSU]
# name 16 = sal11: Salinity, Practical, 2 [PSU]
# name 17 = secS-priS: Salinity, Practical, Difference, 2 - 1 [PSU]
# name 18 = sigma-t00: Density [sigma-t, Kg/m^3 ]
# name 19 = sigma-t11: Density, 2 [sigma-t, Kg/m^3 ]
# name 20 = depSM: Depth [salt water, m], lat = 56.6338
# name 21 = depFM: Depth [true depth, m], lat = 56.6338
# name 22 = dz/dtM: Descent Rate [m/s], WS = 2
# name 23 = svCM: Sound Velocity [Chen-Millero, m/s]
# name 24 = svCM1: Sound Velocity, 2 [Chen-Millero, m/s]
# name 25 = flag: flag
# span 0 =      31715,      38767       
# span 1 =      1.000,    138.000       
# span 2 =     3.6630,     9.4046       
# span 3 =     3.6652,     9.4059       
# span 4 =    -0.0052,     0.0323       
# span 5 =   0.785277,   1.374281       
# span 6 =   0.785300,   1.374217       
# span 7 =          1,          1       
# span 8 =    0.02855,    7.39700       
# span 9 =    0.05869,    7.41867       
# span 10 =       3.31,      98.04      
# span 11 =     0.2188,     1.2487      
# span 12 =     0.1547,     0.4645      
# span 13 = -8.732e-05, 5.2316e-02      
# span 14 =     0.1188,     0.8663      
# span 15 =     7.2782,    12.5419      
# span 16 =     7.2778,    12.5409      
# span 17 =    -0.0048,     0.0015      
# span 18 =     5.4467,     9.8025      
# span 19 =     5.4463,     9.8016      
# span 20 =      0.991,    136.691      
# span 21 =      1.013,    139.556      
# span 22 =      0.185,      0.521      
# span 23 =    1430.86,    1454.42      
# span 24 =    1430.87,    1454.43      
# span 25 = 0.0000e+00, 0.0000e+00      
# interval = decibars: 0.5              
# start_time = Nov 10 2018 02:20:17 [NMEA time, first data scan]
# bad_flag = -9.990e-29
*END*
[from data line 112]
      34513     57.000     4.8841     4.8861     0.0020    0.79868    0.79879          1     7.1890     7.2868      87.87     0.3175     0.2073  1.000e-12  0.1695000     7.3819     7.3826     0.0007     5.8408     5.8413     56.470     57.740      0.494    1436.07    1436.08  0.000e+00
      34538     57.500     4.6987     4.7043     0.0056    0.79634    0.79638          1     7.2346     7.4061      97.80     0.3058     0.2071  1.000e-12  0.1746000     7.3999     7.3990    -0.0008     5.8618     5.8609     56.966     58.246      0.479    1435.28    1435.30  0.000e+00
      34563     58.000     4.4327     4.4443     0.0116    0.79369    0.79385          1     7.1991     7.4187      97.91     0.3009     0.2094  1.000e-12  0.1694000     7.4330     7.4320    -0.0010     5.8968     5.8956     57.461     58.753      0.487    1434.15    1434.20  0.000e+00
      34587     58.500     4.1077     4.1202     0.0125    0.78841    0.78858          1     7.1676     7.3123      87.85     0.3112     0.2198  1.000e-12  0.1584000     7.4531     7.4520    -0.0011     5.9221     5.9209     57.956     59.259      0.500    1432.73    1432.78  0.000e+00
      34611     59.000     3.9169     3.9230     0.0061    0.78563    0.78569          1     7.0765     7.2066      92.09     0.3159     0.1937  1.000e-12  0.1691000     7.4683     7.4675    -0.0008     5.9390     5.9382     58.452     59.765      0.494    1431.90    1431.92  0.000e+00
      34636     59.500     3.9117     3.9132     0.0016    0.78738    0.78737          1     6.9570     7.1300      97.80     0.2838     0.2454  1.000e-12  0.1727000     7.4872     7.4868    -0.0005     5.9541     5.9538     58.947     60.271      0.484    1431.90    1431.91  0.000e+00
      34660     60.000     3.7917     3.7963     0.0046    0.78581    0.78587          1     6.8979     7.0842      97.91     0.2730     0.2093  1.000e-12  0.1694000     7.4987     7.4982    -0.0005     5.9660     5.9655     59.442     60.778      0.488    1431.38    1431.40  0.000e+00
      34685     60.500     3.6990     3.7015     0.0025    0.78528    0.78530          1     6.8886     7.0479      97.90     0.2730     0.2415  1.000e-12  0.1738000     7.5145     7.5142    -0.0003     5.9805     5.9802     59.937     61.284      0.500    1430.99    1431.00  0.000e+00
      34709     61.000     3.6630     3.6652     0.0021    0.78653    0.78651          1     6.8237     6.9793      97.89     0.2496     0.2156  1.000e-12  0.1617000     7.5356     7.5349    -0.0007     5.9980     5.9975     60.433     61.790      0.495    1430.86    1430.87  0.000e+00
      34733     61.500     3.6794     3.6816     0.0022    0.78993    0.78989          1     6.6975     6.8780      97.92     0.2500     0.1859  1.000e-12  0.1674000     7.5667     7.5658    -0.0009     6.0225     6.0217     60.928     62.296      0.478    1430.99    1431.00  0.000e+00
      34759     62.000     3.6682     3.6698     0.0016    0.79300    0.79293          1     6.5002     6.7271      85.91     0.2389     0.1980  1.000e-12  0.1627000     7.6009     7.5998    -0.0011     6.0498     6.0489     61.423     62.803      0.484    1430.99    1430.99  0.000e+00
      34783     62.500     3.7290     3.7314     0.0024    0.79767    0.79762          1     6.3740     6.5335      82.81     0.2390     0.1986  1.000e-12  0.1724000     7.6347     7.6336    -0.0011     6.0755     6.0746     61.918     63.309      0.508    1431.31    1431.32  0.000e+00
      34806     63.000     3.7290     3.7314     0.0023    0.80210    0.80191          1     6.2174     6.3306      97.68     0.2204     0.1920  1.000e-12  0.1680000     7.6801     7.6776    -0.0025     6.1116     6.1096     62.414     63.815      0.504    1431.38    1431.39  0.000e+00
      34831     63.500     3.9740     3.9693    -0.0046    0.81445    0.81425          1     5.9642     6.1247      97.92     0.2188     0.1925  1.000e-12  0.1872000     7.7488     7.7479    -0.0009     6.1605     6.1599     62.909     64.321      0.474    1432.58    1432.56  0.000e+00
      34857     64.000     4.0790     4.0788    -0.0002    0.82212    0.82196          1     5.7082     5.9273      93.54     0.2345     0.2050  1.000e-12  0.2020000     7.8021     7.8005    -0.0016     6.2001     6.1989     63.404     64.827      0.464    1433.13    1433.13  0.000e+00
      34882     64.500     4.1317     4.1326     0.0008    0.82767    0.82757          1     5.5169     5.7948      80.07     0.2500     0.1984  1.000e-12  0.2142000     7.8461     7.8448    -0.0013     6.2336     6.2326     63.900     65.333      0.488    1433.43    1433.44  0.000e+00
      34906     65.000     4.1276     4.1307     0.0031    0.83058    0.83056          1     5.4032     5.7129      88.71     0.2613     0.1816  1.000e-12  0.2316000     7.8766     7.8757    -0.0009     6.2580     6.2572     64.395     65.840      0.504    1433.46    1433.48  0.000e+00
      34930     65.500     4.0631     4.0663     0.0031    0.83289    0.83281          1     5.3038     5.5890      94.49     0.2500     0.2229  1.000e-12  0.2274000     7.9157     7.9141    -0.0016     6.2908     6.2894     64.890     66.346      0.498    1433.23    1433.24  0.000e+00
      34954     66.000     4.0459     4.0478     0.0019    0.83671    0.83671          1     5.1578     5.4063      97.96     0.2525     0.1798  1.000e-12  0.2228000     7.9589     7.9584    -0.0005     6.3255     6.3251     65.385     66.852      0.485    1433.22    1433.23  0.000e+00
      34979     66.500     4.0559     4.0573     0.0014    0.84372    0.84364          1     4.9627     5.2231      97.96     0.2422     0.1913  1.000e-12  0.2197000     8.0280     8.0268    -0.0012     6.3802     6.3792     65.881     67.358      0.490    1433.36    1433.36  0.000e+00
      35003     67.000     4.0861     4.0872     0.0011    0.84862    0.84849          1     4.7839     5.0595      91.22     0.2407     0.1778  1.000e-12  0.2135000     8.0706     8.0691    -0.0015     6.4132     6.4119     66.376     67.864      0.505    1433.56    1433.56  0.000e+00
      35027     67.500     4.1158     4.1150    -0.0008    0.85265    0.85232          1     4.6213     4.8882      75.68     0.2528     0.1926  1.000e-12  0.2156000     8.1045     8.1013    -0.0032     6.4392     6.4367     66.871     68.370      0.500    1433.74    1433.73  0.000e+00
      35051     68.000     4.1831     4.1842     0.0010    0.86584    0.86572          1     4.3351     4.6649      75.37     0.2653     0.1795  1.000e-12  0.2157000     8.2224     8.2209    -0.0014     6.5308     6.5297     67.366     68.876      0.485    1434.20    1434.21  0.000e+00
      35076     68.500     4.2404     4.2408     0.0005    0.88154    0.88122          1     3.9157     4.2966      91.63     0.2716     0.1896  1.000e-12  0.2134000     8.3682     8.3649    -0.0034     6.6449     6.6422     67.862     69.382      0.480    1434.65    1434.65  0.000e+00
      35101     69.000     4.2820     4.2814    -0.0006    0.89602    0.89566          1     3.3629     3.8820      98.01     0.2676     0.2251  1.000e-12  0.2268000     8.5054     8.5018    -0.0035     6.7523     6.7495     68.357     69.888      0.479    1435.02    1435.02  0.000e+00
      35126     69.500     4.3387     4.3376    -0.0011    0.90907    0.90867          1     2.8678     3.5116      97.95     0.2558     0.1925  1.000e-12  0.2208000     8.6238     8.6200    -0.0038     6.8444     6.8414     68.852     70.393      0.478    1435.44    1435.43  0.000e+00
      35151     70.000     4.3893     4.3887    -0.0006    0.91681    0.91659          1     2.5139     3.1984      90.50     0.2569     0.1972  1.000e-12  0.2122000     8.6894     8.6874    -0.0020     6.8947     6.8931     69.348     70.899      0.485    1435.75    1435.75  0.000e+00
      35176     70.500     4.5034     4.4981    -0.0052    0.93251    0.93192          1     2.1667     2.8760      84.63     0.2782     0.2071  1.000e-12  0.2073000     8.8190     8.8144    -0.0046     6.9934     6.9899     69.843     71.405      0.503    1436.43    1436.40  0.000e+00
      35199     71.000     4.6625     4.6587    -0.0039    0.95596    0.95539          1     1.7637     2.5079      98.02     0.2884     0.2071  1.000e-12  0.2125000     9.0146     9.0098    -0.0048     7.1423     7.1386     70.338     71.911      0.510    1437.40    1437.37  0.000e+00
      35223     71.500     4.7639     4.7629    -0.0010    0.97045    0.97018          1     1.3888     2.1833      97.96     0.2893     0.2127  1.000e-12  0.2134000     9.1338     9.1314    -0.0024     7.2326     7.2307     70.833     72.416      0.499    1438.00    1437.99  0.000e+00
      35247     72.000     4.8323     4.8317    -0.0005    0.98001    0.97982          1     0.9850     1.8205      97.96     0.2847     0.2161  1.000e-12  0.1913000     9.2117     9.2100    -0.0017     7.2914     7.2900     71.329     72.922      0.479    1438.41    1438.41  0.000e+00
      35273     72.500     4.8818     4.8825     0.0006    0.98658    0.98645          1     0.5736     1.4463      97.93     0.2943     0.2072  1.000e-12  0.1913000     9.2644     9.2629    -0.0015     7.3310     7.3297     71.824     73.427      0.477    1438.70    1438.70  0.000e+00
      35298     73.000     4.9283     4.9275    -0.0008    0.99310    0.99268          1     0.3160     1.1651      94.25     0.2846     0.2114  1.000e-12  0.2225000     9.3173     9.3133    -0.0039     7.3708     7.3677     72.319     73.933      0.487    1438.98    1438.97  0.000e+00
      35322     73.500     4.9680     4.9709     0.0028    0.99994    1.00017          1     0.1827     0.9862      97.95     0.2862     0.2189  1.000e-12  0.2073000     9.3752     9.3767     0.0015     7.4149     7.4159     72.814     74.439      0.489    1439.24    1439.25  0.000e+00
      35347     74.000     4.9961     4.9973     0.0011    1.00439    1.00436          1     0.1204     0.8541      97.96     0.3094     0.2107  1.000e-12  0.2853000     9.4122     9.4115    -0.0007     7.4428     7.4422     73.310     74.944      0.484    1439.42    1439.42  0.000e+00
      35371     74.500     5.0189     5.0199     0.0011    1.00676    1.00670          1     0.0993     0.7428      97.95     0.3020     0.2313  1.000e-12  0.2862000     9.4296     9.4287    -0.0009     7.4555     7.4548     73.805     75.450      0.497    1439.54    1439.55  0.000e+00
      35395     75.000     5.0578     5.0574    -0.0004    1.01227    1.01212          1     0.0878     0.6280      97.96     0.2878     0.2328  1.000e-12  0.2488000     9.4741     9.4727    -0.0014     7.4889     7.4878     74.300     75.955      0.507    1439.78    1439.78  0.000e+00
      35419     75.500     5.1661     5.1649    -0.0011    1.02763    1.02751          1     0.1073     0.5696      84.36     0.3084     0.2223  1.000e-12  0.2951000     9.5979     9.5970    -0.0009     7.5816     7.5810     74.795     76.461      0.504    1440.42    1440.41  0.000e+00
      35443     76.000     5.2249     5.2253     0.0003    1.03573    1.03570          1     0.1323     0.5195      66.70     0.3318     0.2094  1.000e-12  0.2242000     9.6624     9.6620    -0.0004     7.6297     7.6294     75.290     76.966      0.496    1440.76    1440.76  0.000e+00
      35467     76.500     5.2632     5.2636     0.0004    1.04153    1.04147          1     0.1496     0.4738      66.61     0.3202     0.2184  1.000e-12  0.2281000     9.7096     9.7089    -0.0007     7.6651     7.6645     75.786     77.471      0.486    1441.00    1441.00  0.000e+00
      35492     77.000     5.2939     5.2942     0.0003    1.04590    1.04584          1     0.1757     0.4436      66.00     0.3134     0.2218  1.000e-12  0.2029000     9.7445     9.7438    -0.0007     7.6911     7.6906     76.281     77.977      0.478    1441.18    1441.18  0.000e+00
      35517     77.500     5.3391     5.3386    -0.0005    1.05205    1.05188          1     0.1530     0.3813      65.53     0.3160     0.1914  1.000e-12  0.2102000     9.7931     9.7915    -0.0016     7.7272     7.7260     76.776     78.482      0.479    1441.45    1441.44  0.000e+00
      35542     78.000     5.3739     5.3736    -0.0003    1.05764    1.05744          1     0.1093     0.3204      76.64     0.3214     0.2234  1.000e-12  0.7638000     9.8389     9.8370    -0.0019     7.7616     7.7601     77.271     78.987      0.486    1441.67    1441.66  0.000e+00
      35567     78.500     5.4101     5.4103     0.0003    1.06319    1.06306          1     0.0929     0.2830      70.48     0.3252     0.2334  1.000e-12  0.7276000     9.8838     9.8825    -0.0014     7.7951     7.7940     77.767     79.493      0.490    1441.89    1441.89  0.000e+00
      35591     79.000     5.4487     5.4481    -0.0006    1.07003    1.06979          1     0.0896     0.2479      63.98     0.3269     0.2515  1.000e-12  0.6510000     9.9409     9.9387    -0.0022     7.8381     7.8364     78.262     79.998      0.493    1442.13    1442.13  0.000e+00
      35616     79.500     5.4849     5.4853     0.0003    1.07659    1.07650          1     0.0863     0.2228      63.50     0.3330     0.2456  1.000e-12  0.6925000     9.9958     9.9948    -0.0010     7.8795     7.8787     78.757     80.503      0.491    1442.37    1442.37  0.000e+00
      35640     80.000     5.5140     5.5148     0.0009    1.08221    1.08211          1     0.0843     0.2068      81.77     0.3454     0.2122  1.000e-12  0.7701000    10.0434    10.0421    -0.0013     7.9155     7.9144     79.252     81.009      0.489    1442.56    1442.56  0.000e+00
      35665     80.500     5.5322     5.5330     0.0008    1.08512    1.08502          1     0.0805     0.1890      62.04     0.3570     0.2253  1.000e-12  0.8663000    10.0669    10.0657    -0.0012     7.9331     7.9321     79.748     81.514      0.497    1442.68    1442.68  0.000e+00
      35688     81.000     5.5698     5.5707     0.0009    1.08967    1.08961          1     0.0806     0.1716      81.61     0.3585     0.2256  1.000e-12  0.8422000    10.1012    10.1003    -0.0009     7.9580     7.9573     80.243     82.019      0.504    1442.89    1442.89  0.000e+00
      35712     81.500     5.5911     5.5926     0.0015    1.09265    1.09260          1     0.0798     0.1591      61.15     0.3402     0.2090  1.000e-12  0.7311000    10.1245    10.1236    -0.0009     7.9752     7.9744     80.738     82.524      0.487    1443.02    1443.03  0.000e+00
      35738     82.000     5.6085     5.6105     0.0019    1.09577    1.09575          1     0.0755     0.1499      60.68     0.3254     0.2202  1.000e-12  0.6850000    10.1504    10.1496    -0.0008     7.9946     7.9939     81.233     83.030      0.469    1443.13    1443.14  0.000e+00
      35763     82.500     5.6369     5.6387     0.0018    1.10061    1.10057          1     0.0733     0.1376      73.74     0.3346     0.2087  1.000e-12  0.6876000    10.1901    10.1891    -0.0010     8.0243     8.0235     81.728     83.535      0.478    1443.32    1443.32  0.000e+00
      35788     83.000     5.6632     5.6644     0.0012    1.10466    1.10455          1     0.0705     0.1282      89.71     0.3485     0.2334  1.000e-12  0.6652000    10.2226    10.2211    -0.0015     8.0485     8.0472     82.224     84.040      0.502    1443.48    1443.48  0.000e+00
      35811     83.500     5.7193     5.7201     0.0008    1.11294    1.11273          1     0.0691     0.1169      59.13     0.3346     0.2081  1.000e-12  0.6218000    10.2880    10.2857    -0.0024     8.0968     8.0949     82.719     84.545      0.506    1443.81    1443.81  0.000e+00
      35836     84.000     5.7836     5.7848     0.0012    1.12392    1.12378          1     0.0704     0.1106      58.63     0.3264     0.2416  1.000e-12  0.4974000    10.3778    10.3761    -0.0017     8.1638     8.1624     83.214     85.050      0.486    1444.21    1444.21  0.000e+00
