ctdpy/exports/archive_20191121_122431/received_data/SBE09_0827_20180821_0924_26_01_0822.cnv
* Sea-Bird SBE 9 Data File:
* FileName = D:\CTD_SBE911\DAT\26DA.2018.8.22.hex
* Software Version Seasave V 7.21d
* Temperature SN = 034605
* Conductivity SN = 041844
* Number of Bytes Per Scan = 48
* Number of Voltage Words = 5
* Number of Scans Averaged by the Deck Unit = 1
* NMEA Latitude = 58 36.84 N
* NMEA Longitude = 010 34.91 E
* NMEA UTC (Time) = Aug 21 2018  09:26:32
* NMEA baud rate = 4800
** Ship: DANA
** Average sound velocity: 1490.39 m/s
** True-depth calculation Thu, 28 Mar 2019 09:24:02 +0000
** CTD Python Module SMHI /ver 3-12/ feb 2012 
** LIMS Job: 20182601-0822
**  15 W VÆDERØBOD
** Operator: Christian
** Cruise: 08/2018
# nquan = 26
# nvalues = 300                         
# units = specified
# name 0 = scan: Scan Count
# name 1 = prDM: Pressure, Digiquartz [db]
# name 2 = t090C: Temperature [ITS-90, deg C]
# name 3 = t190C: Temperature, 2 [ITS-90, deg C]
# name 4 = T2-T190C: Temperature Difference, 2 - 1 [ITS-90, deg C]
# name 5 = c0S/m: Conductivity [S/m]
# name 6 = c1S/m: Conductivity, 2 [S/m]
# name 7 = pumps: Pump Status
# name 8 = sbeox1ML/L: Oxygen, SBE 43, 2 [ml/l]
# name 9 = sbeox0ML/L: Oxygen, SBE 43 [ml/l]
# name 10 = altM: Altimeter [m]
# name 11 = chloroflTC0: Chlorophyll, Turner Cyclops [ug/l]
# name 12 = cpar: CPAR/Corrected Irradiance [%]
# name 13 = par: PAR/Irradiance, Biospherical/Lico [µE/(cm^2*s)]
# name 14 = spar: SPAR, Biospherical/Licor
# name 15 = sal00: Salinity, Practical [PSU]
# name 16 = sal11: Salinity, Practical, 2 [PSU]
# name 17 = secS-priS: Salinity, Practical, Difference, 2 - 1 [PSU]
# name 18 = sigma-t00: Density [sigma-t, kg/m^3 ]
# name 19 = sigma-t11: Density, 2 [sigma-t, kg/m^3 ]
# name 20 = depSM: Depth [salt water, m], lat = 58.614
# name 21 = depFM: Depth [true depth, m], lat = 58.614
# name 22 = dz/dtM: Descent Rate [m/s], WS = 2
# name 23 = svCM: Sound Velocity [Chen-Millero, m/s]
# name 24 = svCM1: Sound Velocity, 2 [Chen-Millero, m/s]
# name 25 = flag: flag
# span 0 =        230,      10184       
# span 1 =      1.500,    151.000       
# span 2 =     6.8113,    17.4044       
# span 3 =     6.8103,    17.3433       
# span 4 =    -0.3295,     1.1219       
# span 5 =   3.522184,   4.250189       
# span 6 =   3.522430,   4.242654       
# span 7 =          1,          1       
# span 8 =     5.2710,     6.5290       
# span 9 =     5.3712,     6.5245       
# span 10 =       1.05,       9.98      
# span 11 =     0.0347,     0.2334      
# span 12 = 4.7317e-14, 2.6017e+00      
# span 13 = 9.7933e-13, 4.4818e+01      
# span 14 = 1.1422e+03, 2.1134e+03      
# span 15 =    31.3165,    35.0584      
# span 16 =    31.3271,    35.0847      
# span 17 =    -0.4203,     0.1530      
# span 18 =    22.6103,    27.4836      
# span 19 =    22.6187,    27.4868      
# span 20 =      1.486,    149.539      
# span 21 =      1.494,    149.862      
# span 22 =      0.136,      0.630      
# span 23 =    1480.29,    1511.47      
# span 24 =    1480.30,    1511.30      
# span 25 = 0.0000e+00, 0.0000e+00      
# interval = decibars: 0.5              
# start_time = Aug 21 2018 09:26:32 [NMEA time, first data scan]
# bad_flag = -9.990e-29
*END*
[from data line 168]
       6999     85.500     7.8980     7.9015     0.0035    3.61462    3.61651          1     5.6659     5.7015       9.97     0.0449  5.755e-14  1.000e-12  1.738e+03    34.9898    35.0066     0.0169    27.2811    27.2939     84.686     84.930      0.291    1483.48    1483.52  0.000e+00
       7040     86.000     7.8901     7.8940     0.0038    3.61399    3.61558          1     5.6465     5.6987       9.97     0.0482  5.816e-14  1.000e-12  1.720e+03    34.9907    35.0040     0.0133    27.2830    27.2929     85.181     85.426      0.288    1483.46    1483.49  0.000e+00
       7080     86.500     7.8529     7.8558     0.0028    3.61044    3.61257          1     5.6304     5.6866       9.97     0.0510  5.773e-14  1.000e-12  1.732e+03    34.9894    35.0095     0.0201    27.2876    27.3030     85.676     85.921      0.314    1483.33    1483.36  0.000e+00
       7120     87.000     7.8193     7.8174    -0.0019    3.60786    3.60899          1     5.6342     5.6740       9.97     0.0517  5.752e-14  1.000e-12  1.738e+03    34.9951    35.0091     0.0140    27.2971    27.3084     86.171     86.417      0.277    1483.22    1483.23  0.000e+00
       7164     87.500     7.8185     7.8166    -0.0018    3.60830    3.60899          1     5.6388     5.6904       9.97     0.0498  5.837e-14  1.000e-12  1.713e+03    35.0004    35.0098     0.0093    27.3014    27.3090     86.666     86.913      0.291    1483.23    1483.23  0.000e+00
       7202     88.000     7.8212     7.8192    -0.0020    3.60899    3.60977          1     5.6358     5.7023       9.97     0.0481  6.015e-14  1.000e-12  1.663e+03    35.0049    35.0153     0.0104    27.3045    27.3130     87.161     87.409      0.328    1483.25    1483.26  0.000e+00
       7237     88.500     7.8175     7.8121    -0.0053    3.60897    3.60931          1     5.6384     5.7172       9.97     0.0498  6.245e-14  1.000e-12  1.602e+03    35.0081    35.0172     0.0091    27.3075    27.3155     87.657     87.904      0.335    1483.25    1483.24  0.000e+00
       7276     89.000     7.8174     7.8174    -0.0000    3.60948    3.61002          1     5.6477     5.7260       9.97     0.0477  6.517e-14  1.000e-12  1.535e+03    35.0135    35.0193     0.0058    27.3118    27.3164     88.152     88.400      0.287    1483.26    1483.27  0.000e+00
       7318     89.500     7.8167     7.8163    -0.0005    3.60970    3.61028          1     5.6721     5.7369       9.97     0.0516  6.725e-14  1.000e-12  1.487e+03    35.0164    35.0230     0.0067    27.3142    27.3195     88.647     88.896      0.312    1483.27    1483.28  0.000e+00
       7355     90.000     7.8067     7.8069     0.0002    3.60872    3.60952          1     5.6756     5.7242       9.97     0.0526  6.764e-14  1.000e-12  1.478e+03    35.0155    35.0240     0.0084    27.3150    27.3216     89.142     89.392      0.303    1483.24    1483.25  0.000e+00
       7398     90.500     7.7921     7.7986     0.0065    3.60787    3.60888          1     5.6774     5.7259       9.97     0.0499  6.761e-14  1.000e-12  1.479e+03    35.0207    35.0251     0.0043    27.3212    27.3237     89.637     89.887      0.282    1483.20    1483.23  0.000e+00
       7437     91.000     7.7340     7.7434     0.0094    3.60235    3.60532          1     5.6828     5.7012       9.97     0.0478  6.804e-14  1.000e-12  1.470e+03    35.0193    35.0419     0.0226    27.3287    27.3451     90.132     90.383      0.330    1482.99    1483.05  0.000e+00
       7475     91.500     7.7125     7.7174     0.0049    3.60053    3.60194          1     5.6827     5.6903       9.97     0.0473  6.852e-14  1.000e-12  1.460e+03    35.0208    35.0312     0.0104    27.3331    27.3405     90.627     90.879      0.298    1482.92    1482.95  0.000e+00
       7516     92.000     7.6791     7.6930     0.0139    3.59720    3.59985          1     5.6665     5.6570       9.97     0.0494  6.917e-14  1.000e-12  1.446e+03    35.0181    35.0329     0.0147    27.3359    27.3454     91.123     91.374      0.288    1482.79    1482.87  0.000e+00
       7557     92.500     7.6050     7.6289     0.0239    3.59012    3.59437          1     5.6293     5.6307       9.97     0.0488  7.001e-14  1.000e-12  1.428e+03    35.0157    35.0378     0.0221    27.3448    27.3587     91.618     91.870      0.332    1482.52    1482.64  0.000e+00
       7587     93.000     7.5776     7.5739    -0.0036    3.58735    3.58901          1     5.5791     5.5967       9.97     0.0470  7.051e-14  1.000e-12  1.418e+03    35.0131    35.0348     0.0218    27.3467    27.3644     92.113     92.366      0.470    1482.42    1482.43  0.000e+00
       7611     93.500     7.5335     7.5321    -0.0014    3.58286    3.58576          1     5.5728     5.5897       9.97     0.0453  7.076e-14  1.000e-12  1.413e+03    35.0085    35.0414     0.0329    27.3496    27.3757     92.608     92.862      0.519    1482.25    1482.29  0.000e+00
       7634     94.000     7.4912     7.4892    -0.0020    3.57964    3.58093          1     5.5689     5.5955       9.97     0.0454  7.092e-14  1.000e-12  1.410e+03    35.0158    35.0319     0.0160    27.3615    27.3744     93.103     93.357      0.526    1482.11    1482.12  0.000e+00
       7656     94.500     7.5178     7.5150    -0.0027    3.58251    3.58300          1     5.5558     5.5986       9.97     0.0473  7.116e-14  1.000e-12  1.405e+03    35.0200    35.0281     0.0081    27.3609    27.3677     93.598     93.853      0.533    1482.22    1482.22  0.000e+00
       7679     95.000     7.5023     7.5000    -0.0023    3.58095    3.58247          1     5.5508     5.5901       9.97     0.0454  7.174e-14  1.000e-12  1.394e+03    35.0184    35.0373     0.0189    27.3619    27.3771     94.093     94.349      0.550    1482.17    1482.18  0.000e+00
       7700     95.500     7.4608     7.4627     0.0018    3.57688    3.57934          1     5.5544     5.5634       9.97     0.0471  7.249e-14  1.000e-12  1.380e+03    35.0157    35.0406     0.0249    27.3658    27.3851     94.588     94.844      0.556    1482.02    1482.06  0.000e+00
       7722     96.000     7.4257     7.4188    -0.0067    3.57341    3.57527          1     5.5452     5.5399       9.97     0.0451  7.310e-14  1.000e-12  1.368e+03    35.0132    35.0403     0.0272    27.3688    27.3912     95.083     95.340      0.532    1481.89    1481.90  0.000e+00
       7745     96.500     7.3569     7.3557    -0.0013    3.56719    3.56976          1     5.5118     5.5346       9.97     0.0444  7.338e-14  1.000e-12  1.363e+03    35.0145    35.0438     0.0293    27.3798    27.4030     95.579     95.836      0.509    1481.63    1481.67  0.000e+00
       7769     97.000     7.3460     7.3378    -0.0081    3.56759    3.56813          1     5.4745     5.5482       9.97     0.0436  7.324e-14  1.000e-12  1.365e+03    35.0297    35.0439     0.0142    27.3933    27.4056     96.074     96.331      0.535    1481.62    1481.61  0.000e+00
       7790     97.500     7.3477     7.3456    -0.0021    3.56838    3.56941          1     5.4675     5.5651       9.97     0.0430  7.289e-14  1.000e-12  1.372e+03    35.0364    35.0497     0.0133    27.3983    27.4091     96.569     96.827      0.587    1481.64    1481.65  0.000e+00
       7810     98.000     7.3626     7.3588    -0.0039    3.57060    3.57054          1     5.4816     5.5856       9.97     0.0433  7.265e-14  1.000e-12  1.376e+03    35.0452    35.0485     0.0033    27.4031    27.4063     97.064     97.323      0.602    1481.72    1481.71  0.000e+00
       7830     98.500     7.3849     7.3812    -0.0037    3.57335    3.57341          1     5.5054     5.6209       9.97     0.0399  7.274e-14  1.000e-12  1.375e+03    35.0525    35.0569     0.0044    27.4057    27.4097     97.559     97.819      0.572    1481.82    1481.81  0.000e+00
       7852     99.000     7.3870     7.3851    -0.0019    3.57390    3.57452          1     5.5230     5.6332       9.97     0.0415  7.327e-14  1.000e-12  1.365e+03    35.0561    35.0648     0.0087    27.4082    27.4154     98.054     98.314      0.519    1481.84    1481.85  0.000e+00
       7877     99.500     7.3577     7.3478    -0.0099    3.57142    3.57262          1     5.5210     5.6055       9.97     0.0411  7.416e-14  1.000e-12  1.348e+03    35.0584    35.0816     0.0233    27.4142    27.4339     98.549     98.810      0.478    1481.74    1481.73  0.000e+00
       7902    100.000     7.3000     7.2911    -0.0089    3.56590    3.56767          1     5.5211     5.5648       9.97     0.0419  7.494e-14  1.000e-12  1.334e+03    35.0563    35.0847     0.0285    27.4208    27.4445     99.044     99.306      0.514    1481.53    1481.53  0.000e+00
       7923    100.500     7.2422     7.2394    -0.0028    3.56020    3.56249          1     5.5220     5.5405       9.97     0.0417  7.518e-14  1.000e-12  1.330e+03    35.0523    35.0802     0.0279    27.4259    27.4483     99.539     99.801      0.590    1481.31    1481.33  0.000e+00
       7943    101.000     7.2212     7.2188    -0.0024    3.55810    3.55990          1     5.5148     5.5313       9.97     0.0379  7.499e-14  1.000e-12  1.334e+03    35.0504    35.0726     0.0222    27.4274    27.4452    100.034    100.297      0.621    1481.23    1481.25  0.000e+00
       7962    101.500     7.2163     7.2138    -0.0025    3.55760    3.55901          1     5.4997     5.5269       9.97     0.0394  7.462e-14  1.000e-12  1.340e+03    35.0496    35.0675     0.0180    27.4274    27.4419    100.530    100.793      0.594    1481.22    1481.23  0.000e+00
       7983    102.000     7.2038     7.1994    -0.0045    3.55627    3.55754          1     5.4755     5.5194       9.97     0.0431  7.426e-14  1.000e-12  1.347e+03    35.0475    35.0659     0.0184    27.4276    27.4427    101.025    101.288      0.542    1481.18    1481.18  0.000e+00
       8006    102.500     7.1926     7.1865    -0.0061    3.55512    3.55620          1     5.4599     5.5201       9.97     0.0419  7.411e-14  1.000e-12  1.349e+03    35.0460    35.0640     0.0180    27.4280    27.4431    101.520    101.784      0.512    1481.14    1481.14  0.000e+00
       8030    103.000     7.1755     7.1690    -0.0065    3.55338    3.55449          1     5.4611     5.5051       9.97     0.0412  7.442e-14  1.000e-12  1.344e+03    35.0440    35.0628     0.0188    27.4288    27.4445    102.015    102.280      0.519    1481.08    1481.08  0.000e+00
       8053    103.500     7.1623     7.1579    -0.0044    3.55206    3.55325          1     5.4535     5.4863       9.97     0.0401  7.487e-14  1.000e-12  1.336e+03    35.0426    35.0602     0.0175    27.4297    27.4441    102.510    102.775      0.536    1481.04    1481.04  0.000e+00
       8075    104.000     7.1001     7.0864    -0.0136    3.54613    3.54819          1     5.4374     5.4795       9.97     0.0394  7.514e-14  1.000e-12  1.331e+03    35.0404    35.0771     0.0367    27.4366    27.4675    103.005    103.271      0.529    1480.80    1480.79  0.000e+00
       8098    104.500     7.0727     7.0601    -0.0126    3.54398    3.54477          1     5.4205     5.4650       9.97     0.0386  7.533e-14  1.000e-12  1.328e+03    35.0444    35.0659     0.0215    27.4437    27.4623    103.500    103.767      0.523    1480.71    1480.69  0.000e+00
       8121    105.000     7.0379     7.0343    -0.0036    3.54048    3.54280          1     5.4079     5.4562       9.97     0.0393  7.553e-14  1.000e-12  1.324e+03    35.0410    35.0702     0.0292    27.4459    27.4694    103.995    104.262      0.566    1480.58    1480.60  0.000e+00
       8141    105.500     7.0056     7.0035    -0.0021    3.53757    3.53940          1     5.3995     5.4522       9.97     0.0397  7.581e-14  1.000e-12  1.319e+03    35.0416    35.0639     0.0224    27.4508    27.4687    104.490    104.758      0.620    1480.46    1480.48  0.000e+00
       8159    106.000     7.0047     7.0015    -0.0033    3.53750    3.53883          1     5.3960     5.4484       9.97     0.0383  7.609e-14  1.000e-12  1.314e+03    35.0415    35.0593     0.0179    27.4509    27.4654    104.985    105.254      0.607    1480.47    1480.48  0.000e+00
       8181    106.500     7.0029     6.9977    -0.0052    3.53731    3.53832          1     5.3895     5.4404       9.97     0.0381  7.637e-14  1.000e-12  1.309e+03    35.0410    35.0573     0.0163    27.4508    27.4644    105.481    105.749      0.522    1480.47    1480.47  0.000e+00
       8206    107.000     6.9988     6.9936    -0.0052    3.53691    3.53774          1     5.3769     5.4403       9.97     0.0381  7.660e-14  1.000e-12  1.305e+03    35.0404    35.0549     0.0144    27.4509    27.4630    105.976    106.245      0.462    1480.46    1480.46  0.000e+00
       8232    107.500     6.9963     6.9921    -0.0042    3.53674    3.53749          1     5.3611     5.4374       9.97     0.0369  7.670e-14  1.000e-12  1.304e+03    35.0409    35.0534     0.0126    27.4516    27.4620    106.471    106.741      0.509    1480.46    1480.46  0.000e+00
       8253    108.000     6.9968     6.9948    -0.0021    3.53691    3.53768          1     5.3506     5.4408       9.97     0.0371  7.670e-14  1.000e-12  1.304e+03    35.0420    35.0525     0.0105    27.4524    27.4610    106.966    107.236      0.586    1480.47    1480.48  0.000e+00
       8273    108.500     6.9993     6.9967    -0.0026    3.53724    3.53799          1     5.3528     5.4462       9.97     0.0390  7.666e-14  1.000e-12  1.304e+03    35.0429    35.0538     0.0110    27.4527    27.4617    107.461    107.732      0.629    1480.49    1480.49  0.000e+00
       8292    109.000     7.0007     6.9994    -0.0012    3.53743    3.53814          1     5.3562     5.4467       9.97     0.0381  7.670e-14  1.000e-12  1.304e+03    35.0432    35.0523     0.0091    27.4528    27.4601    107.956    108.228      0.628    1480.50    1480.51  0.000e+00
       8311    109.500     6.9967     6.9969     0.0002    3.53706    3.53807          1     5.3587     5.4476       9.97     0.0357  7.685e-14  1.000e-12  1.301e+03    35.0430    35.0540     0.0110    27.4532    27.4618    108.451    108.723      0.611    1480.50    1480.51  0.000e+00
       8331    110.000     6.9900     6.9891    -0.0009    3.53647    3.53751          1     5.3626     5.4465       9.97     0.0383  7.716e-14  1.000e-12  1.296e+03    35.0431    35.0554     0.0123    27.4542    27.4641    108.946    109.219      0.577    1480.48    1480.49  0.000e+00
       8353    110.500     6.9878     6.9853    -0.0025    3.53629    3.53700          1     5.3585     5.4462       9.97     0.0360  7.791e-14  1.000e-12  1.284e+03    35.0431    35.0534     0.0103    27.4545    27.4630    109.441    109.715      0.535    1480.48    1480.48  0.000e+00
       8376    111.000     6.9855     6.9819    -0.0037    3.53605    3.53657          1     5.3552     5.4468       9.97     0.0376  7.908e-14  1.000e-12  1.265e+03    35.0425    35.0519     0.0094    27.4543    27.4623    109.936    110.210      0.537    1480.48    1480.47  0.000e+00
       8397    111.500     6.9837     6.9815    -0.0021    3.53590    3.53650          1     5.3580     5.4436       9.97     0.0375  8.055e-14  1.000e-12  1.242e+03    35.0424    35.0512     0.0088    27.4545    27.4618    110.431    110.706      0.620    1480.48    1480.48  0.000e+00
       8415    112.000     6.9822     6.9815    -0.0007    3.53579    3.53649          1     5.3588     5.4437       9.97     0.0364  8.198e-14  1.000e-12  1.220e+03    35.0426    35.0509     0.0084    27.4549    27.4616    110.926    111.202      0.630    1480.48    1480.49  0.000e+00
