ctdpy/exports/archive_20191121_122431/received_data/SBE09_0827_20181127_0602_26_01_1256.cnv
* Sea-Bird SBE 9 Data File:
* FileName = D:\CTD_SBE911\DAT\26DA.2018.12.56.hex
* Software Version Seasave V 7.21d
* Temperature SN = 4548
* Conductivity SN = 3062
* Number of Bytes Per Scan = 48
* Number of Voltage Words = 5
* Number of Scans Averaged by the Deck Unit = 1
* NMEA Latitude = 55 45.65 N
* NMEA Longitude = 016 29.51 E
* NMEA UTC (Time) = Nov 27 2018  06:03:19
* NMEA baud rate = 4800
** Ship: DANA
** Average sound velocity: 1452.37 m/s
** True-depth calculation Tue, 02 Apr 2019 12:15:49 +0000
** CTD Python Module SMHI /ver 3-12/ feb 2012 
** LIMS Job: 20182601-1256
** Operator: Ronny
** Cruise: 12/2018
# nquan = 26
# nvalues = 112                         
# units = specified
# name 0 = scan: Scan Count
# name 1 = prDM: Pressure, Digiquartz [db]
# name 2 = t090C: Temperature [ITS-90, deg C]
# name 3 = t190C: Temperature, 2 [ITS-90, deg C]
# name 4 = T2-T190C: Temperature Difference, 2 - 1 [ITS-90, deg C]
# name 5 = c0S/m: Conductivity [S/m]
# name 6 = c1S/m: Conductivity, 2 [S/m]
# name 7 = pumps: Pump Status
# name 8 = sbeox1ML/L: Oxygen, SBE 43, 2 [ml/l]
# name 9 = sbeox0ML/L: Oxygen, SBE 43 [ml/l]
# name 10 = altM: Altimeter [m]
# name 11 = chloroflTC0: Chlorophyll, Turner Cyclops [ug/l]
# name 12 = cpar: CPAR/Corrected Irradiance [%]
# name 13 = par: PAR/Irradiance, Biospherical/Lico [µE/(cm^2*s)]
# name 14 = spar: SPAR, Biospherical/Licor
# name 15 = sal00: Salinity, Practical [PSU]
# name 16 = sal11: Salinity, Practical, 2 [PSU]
# name 17 = secS-priS: Salinity, Practical, Difference, 2 - 1 [PSU]
# name 18 = sigma-t00: Density [sigma-t, kg/m^3 ]
# name 19 = sigma-t11: Density, 2 [sigma-t, kg/m^3 ]
# name 20 = depSM: Depth [salt water, m], lat = 55.7608
# name 21 = depFM: Depth [true depth, m], lat = 55.7608
# name 22 = dz/dtM: Descent Rate [m/s], WS = 2
# name 23 = svCM: Sound Velocity [Chen-Millero, m/s]
# name 24 = svCM1: Sound Velocity, 2 [Chen-Millero, m/s]
# name 25 = flag: flag
# span 0 =       -216,       5801       
# span 1 =      0.500,     56.000       
# span 2 =     7.4215,    10.8034       
# span 3 =     7.4639,    10.4621       
# span 4 =    -0.6231,     0.5448       
# span 5 =   0.894187,   1.783492       
# span 6 =   0.894909,   1.774587       
# span 7 =          1,          1       
# span 8 =     0.1280,     7.3081       
# span 9 =     0.0813,     7.5398       
# span 10 =       1.84,       9.96      
# span 11 =     0.0159,     0.0396      
# span 12 = 4.9241e-11, 4.9241e-11      
# span 13 = 1.0000e-12, 1.0000e-12      
# span 14 = 2.0308e+00, 2.0308e+00      
# span 15 =     7.5132,    15.1737      
# span 16 =     7.5157,    15.0547      
# span 17 =    -0.8462,     0.0028      
# span 18 =     5.7166,    11.5166      
# span 19 =     5.7166,    11.4130      
# span 20 =      0.495,     55.484      
# span 21 =      0.506,     56.674      
# span 22 =     -0.038,      0.343      
# span 23 =    1447.72,    1467.35      
# span 24 =    1448.49,    1467.00      
# span 25 = 0.0000e+00, 0.0000e+00      
# interval = decibars: 0.5              
# start_time = Nov 27 2018 06:03:19 [NMEA time, first data scan]
# bad_flag = -9.990e-29
*END*
[from data line 56]
       3051     28.500     8.5479     8.5279    -0.0200    0.89860    0.89732          1     7.2839     7.4913       9.96     0.0329  4.924e-11  1.000e-12  2.031e+00     7.5344     7.5271    -0.0073     5.7271     5.7232     28.239     28.863      0.250    1451.26    1451.17  0.000e+00
       3099     29.000     8.5390     8.5352    -0.0038    0.89844    0.89805          1     7.2736     7.4850       9.96     0.0312  4.924e-11  1.000e-12  2.031e+00     7.5348     7.5321    -0.0027     5.7283     5.7265     28.735     29.370      0.253    1451.23    1451.21  0.000e+00
       3146     29.500     8.5390     8.5358    -0.0032    0.89854    0.89815          1     7.2597     7.4846       9.96     0.0313  4.924e-11  1.000e-12  2.031e+00     7.5356     7.5328    -0.0028     5.7289     5.7270     29.230     29.876      0.268    1451.24    1451.22  0.000e+00
       3189     30.000     8.5373     8.5410     0.0036    0.89862    0.89851          1     7.2496     7.4788       9.96     0.0292  4.924e-11  1.000e-12  2.031e+00     7.5367     7.5349    -0.0018     5.7299     5.7281     29.725     30.382      0.268    1451.24    1451.26  0.000e+00
       3237     30.500     8.5306     8.5378     0.0072    0.89890    0.89861          1     7.2437     7.4754       9.96     0.0304  4.924e-11  1.000e-12  2.031e+00     7.5405     7.5364    -0.0042     5.7335     5.7296     30.221     30.889      0.245    1451.23    1451.25  0.000e+00
       3283     31.000     8.5345     8.5345     0.0001    0.89921    0.89879          1     7.2550     7.4720       9.96     0.0347  4.924e-11  1.000e-12  2.031e+00     7.5425     7.5387    -0.0038     5.7347     5.7317     30.716     31.395      0.268    1451.25    1451.25  0.000e+00
       3331     31.500     8.5066     8.5257     0.0191    0.89833    0.89876          1     7.2426     7.4720       9.96     0.0325  4.924e-11  1.000e-12  2.031e+00     7.5404     7.5402    -0.0002     5.7355     5.7337     31.212     31.901      0.236    1451.15    1451.22  0.000e+00
       3380     32.000     8.5044     8.5177     0.0133    0.89841    0.89858          1     7.2370     7.4681       9.96     0.0323  4.924e-11  1.000e-12  2.031e+00     7.5415     7.5402    -0.0013     5.7366     5.7344     31.707     32.408      0.262    1451.15    1451.20  0.000e+00
       3427     32.500     8.5159     8.5102    -0.0058    0.89907    0.89856          1     7.2310     7.4552       9.96     0.0302  4.924e-11  1.000e-12  2.031e+00     7.5450     7.5416    -0.0034     5.7383     5.7361     32.202     32.914      0.243    1451.21    1451.18  0.000e+00
       3475     33.000     8.5437     8.5207    -0.0230    0.90047    0.89915          1     7.2349     7.4424       9.96     0.0299  4.924e-11  1.000e-12  2.031e+00     7.5516     7.5447    -0.0070     5.7410     5.7376     32.698     33.421      0.265    1451.34    1451.23  0.000e+00
       3519     33.500     8.5736     8.5434    -0.0303    0.90195    0.90031          1     7.2272     7.4262       9.96     0.0292  4.924e-11  1.000e-12  2.031e+00     7.5586     7.5502    -0.0084     5.7438     5.7399     33.193     33.927      0.279    1451.47    1451.34  0.000e+00
       3565     34.000     8.6005     8.5618    -0.0387    0.90318    0.90127          1     7.1969     7.4080       9.96     0.0305  4.924e-11  1.000e-12  2.031e+00     7.5639     7.5549    -0.0090     5.7455     5.7419     33.689     34.433      0.238    1451.59    1451.43  0.000e+00
       3616     34.500     8.6252     8.5809    -0.0443    0.90446    0.90221          1     7.1752     7.3897       9.96     0.0308  4.924e-11  1.000e-12  2.031e+00     7.5701     7.5592    -0.0109     5.7481     5.7436     34.184     34.940      0.256    1451.71    1451.52  0.000e+00
       3660     35.000     8.6966     8.6270    -0.0696    0.90810    0.90448          1     7.1760     7.3523       9.96     0.0306  4.924e-11  1.000e-12  2.031e+00     7.5875     7.5698    -0.0177     5.7552     5.7477     34.679     35.446      0.262    1452.03    1451.72  0.000e+00
       3710     35.500     8.7456     8.6835    -0.0622    0.91390    0.90753          1     7.1344     7.1350       9.96     0.0287  4.924e-11  1.000e-12  2.031e+00     7.6291     7.5851    -0.0440     5.7833     5.7546     35.175     35.952      0.230    1452.28    1451.98  0.000e+00
       3760     36.000     8.6714     8.6935     0.0221    0.91560    0.91069          1     7.0294     6.9082       9.96     0.0286  4.924e-11  1.000e-12  2.031e+00     7.6603     7.6113    -0.0490     5.8144     5.7741     35.670     36.459      0.259    1452.03    1452.06  0.000e+00
       3803     36.500     8.5913     8.6424     0.0511    0.91677    0.91370          1     6.8619     6.8328       9.96     0.0283  4.924e-11  1.000e-12  2.031e+00     7.6881     7.6494    -0.0387     5.8434     5.8085     36.165     36.965      0.278    1451.75    1451.91  0.000e+00
       3851     37.000     8.5882     8.6284     0.0401    0.91834    0.91547          1     6.7523     6.8447       9.96     0.0262  4.924e-11  1.000e-12  2.031e+00     7.7029     7.6683    -0.0346     5.8552     5.8246     36.661     37.471      0.238    1451.76    1451.88  0.000e+00
       3898     37.500     8.5862     8.6046     0.0184    0.91916    0.91746          1     6.7161     6.8791       9.96     0.0256  4.924e-11  1.000e-12  2.031e+00     7.7107     7.6913    -0.0194     5.8615     5.8447     37.156     37.978      0.272    1451.77    1451.82  0.000e+00
       3945     38.000     8.5842     8.5940     0.0098    0.92009    0.91864          1     6.6887     6.8751       9.96     0.0257  4.924e-11  1.000e-12  2.031e+00     7.7195     7.7042    -0.0153     5.8685     5.8557     37.652     38.484      0.236    1451.79    1451.80  0.000e+00
       3994     38.500     8.5741     8.5880     0.0139    0.92312    0.91962          1     6.6742     6.8495       9.96     0.0251  4.924e-11  1.000e-12  2.031e+00     7.7489     7.7143    -0.0346     5.8924     5.8641     38.147     38.990      0.258    1451.79    1451.80  0.000e+00
       4042     39.000     8.4887     8.5718     0.0831    0.93050    0.92361          1     6.6807     6.6581       9.96     0.0260  4.924e-11  1.000e-12  2.031e+00     7.8345     7.7538    -0.0807     5.9669     5.8965     38.642     39.496      0.235    1451.56    1451.79  0.000e+00
       4093     39.500     8.0464     8.4459     0.3997    0.92617    0.92658          1     6.5757     6.1837       9.96     0.0279  4.924e-11  1.000e-12  2.031e+00     7.8935     7.8083    -0.0851     6.0509     5.9502     39.138     40.003      0.263    1449.84    1451.36  0.000e+00
       4136     40.000     7.5267     8.0720     0.5448    0.91375    0.92247          1     6.2751     5.9530       9.96     0.0247  4.924e-11  1.000e-12  2.031e+00     7.8962     7.8539    -0.0423     6.0947     6.0179     39.633     40.509      0.272    1447.72    1449.91  0.000e+00
       4183     40.500     7.5265     7.7142     0.1879    0.91743    0.91733          1     6.0434     6.0040       9.96     0.0211  4.924e-11  1.000e-12  2.031e+00     7.9303     7.8869    -0.0434     6.1214     6.0730     40.128     41.015      0.247    1447.77    1448.49  0.000e+00
       4231     41.000     7.6722     7.7248     0.0526    0.93424    0.92385          1     5.9540     5.9630       9.96     0.0207  4.924e-11  1.000e-12  2.031e+00     8.0531     7.9447    -0.1084     6.2065     6.1174     40.624     41.521      0.257    1448.54    1448.62  0.000e+00
       4276     41.500     7.7165     7.7155    -0.0010    0.94487    0.93229          1     5.8634     5.8243       9.96     0.0205  4.924e-11  1.000e-12  2.031e+00     8.1415     8.0250    -0.1164     6.2722     6.1811     41.119     42.027      0.257    1448.83    1448.69  0.000e+00
       4329     42.000     7.6686     7.7030     0.0345    0.95380    0.93884          1     5.7517     5.6533       9.96     0.0187  4.924e-11  1.000e-12  2.031e+00     8.2356     8.0885    -0.1471     6.3498     6.2318     41.614     42.533      0.226    1448.76    1448.72  0.000e+00
       4375     42.500     7.5784     7.6739     0.0955    0.96344    0.94797          1     5.6393     5.5066       9.96     0.0188  4.924e-11  1.000e-12  2.031e+00     8.3468     8.1801    -0.1667     6.4440     6.3058     42.110     43.039      0.292    1448.54    1448.72  0.000e+00
       4420     43.000     7.5489     7.6159     0.0670    0.97361    0.96012          1     5.4847     5.3154       9.96     0.0186  4.924e-11  1.000e-12  2.031e+00     8.4488     8.3068    -0.1420     6.5263     6.4097     42.605     43.545      0.230    1448.55    1448.65  0.000e+00
       4475     43.500     7.5211     7.5824     0.0614    0.98447    0.97003          1     5.3194     5.1654       9.96     0.0178  4.924e-11  1.000e-12  2.031e+00     8.5571     8.4072    -0.1500     6.6133     6.4910     43.100     44.051      0.261    1448.58    1448.65  0.000e+00
       4515     44.000     7.5028     7.5454     0.0426    0.98935    0.97943          1     5.1651     5.1205       9.96     0.0172  4.924e-11  1.000e-12  2.031e+00     8.6073     8.5040    -0.1033     6.6541     6.5698     43.596     44.557      0.278    1448.57    1448.62  0.000e+00
       4567     44.500     7.4563     7.5206     0.0644    0.99954    0.98718          1     5.0557     4.9595       9.96     0.0171  4.924e-11  1.000e-12  2.031e+00     8.7145     8.5826    -0.1319     6.7417     6.6333     44.091     45.063      0.211    1448.52    1448.62  0.000e+00
       4620     45.000     7.4215     7.4725     0.0511    1.01005    0.99631          1     4.9473     4.9023       9.96     0.0171  4.924e-11  1.000e-12  2.031e+00     8.8220     8.6801    -0.1419     6.8287     6.7135     44.587     45.569      0.267    1448.52    1448.55  0.000e+00
       4666     45.500     7.4676     7.4639    -0.0037    1.01934    1.00747          1     4.8264     4.7465       9.96     0.0171  4.924e-11  1.000e-12  2.031e+00     8.8977     8.7870    -0.1107     6.8845     6.7980     45.082     46.075      0.234    1448.81    1448.66  0.000e+00
       4719     46.000     7.4869     7.4719    -0.0151    1.03705    1.01654          1     4.7133     4.5682       9.96     0.0171  4.924e-11  1.000e-12  2.031e+00     9.0594     8.8702    -0.1893     7.0097     6.8625     45.577     46.581      0.248    1449.10    1448.80  0.000e+00
       4764     46.500     7.5158     7.4902    -0.0255    1.05512    1.03308          1     4.5502     4.3664       9.96     0.0171  4.924e-11  1.000e-12  2.031e+00     9.2220     9.0211    -0.2010     7.1349     6.9794     46.073     47.086      0.259    1449.43    1449.08  0.000e+00
       4813     47.000     7.5440     7.5120    -0.0321    1.07241    1.04910          1     4.3756     4.2577       9.96     0.0171  4.924e-11  1.000e-12  2.031e+00     9.3775     9.1662    -0.2113     7.2544     7.0914     46.568     47.592      0.244    1449.75    1449.35  0.000e+00
       4861     47.500     7.5957     7.5471    -0.0486    1.09123    1.06901          1     4.2573     4.2689       9.96     0.0171  4.924e-11  1.000e-12  2.031e+00     9.5410     9.3445    -0.1965     7.3783     7.2283     47.063     48.097      0.240    1450.17    1449.73  0.000e+00
       4914     48.000     7.6942     7.5979    -0.0963    1.10970    1.08574          1     4.2174     4.3643       9.95     0.0169  4.924e-11  1.000e-12  2.031e+00     9.6879     9.4885    -0.1994     7.4852     7.3370     47.559     48.603      0.233    1450.77    1450.12  0.000e+00
       4962     48.500     7.9124     7.7172    -0.1953    1.14162    1.10655          1     4.2132     4.2022       9.68     0.0166  4.924e-11  1.000e-12  2.031e+00     9.9266     9.6517    -0.2749     7.6534     7.4550     48.054     49.108      0.259    1451.96    1450.82  0.000e+00
       5010     49.000     8.2718     7.9575    -0.3138    1.19878    1.14710          1     4.0581     3.9297       9.22     0.0167  4.924e-11  1.000e-12  2.031e+00    10.3582     9.9654    -0.3928     7.9585     7.6799     48.549     49.614      0.234    1453.95    1452.20  0.000e+00
       5061     49.500     8.5954     8.2002    -0.3953    1.24859    1.18394          1     3.9007     3.7532       8.69     0.0161  4.924e-11  1.000e-12  2.031e+00    10.7258    10.2403    -0.4855     8.2147     7.8729     49.045     50.119      0.262    1455.71    1453.53  0.000e+00
       5104     50.000     9.1044     8.6211    -0.4824    1.32807    1.24797          1     3.7326     3.4392       8.13     0.0162  4.924e-11  1.000e-12  2.031e+00    11.3028    10.7117    -0.5911     8.6126     8.2011     49.540     50.624      0.271    1458.44    1455.81  0.000e+00
       5153     50.500     9.5569     8.9601    -0.5953    1.39410    1.30924          1     3.4528     3.1907       7.60     0.0160  4.924e-11  1.000e-12  2.031e+00    11.7641    11.1751    -0.5890     8.9224     8.5283     50.035     51.129      0.234    1460.79    1457.73  0.000e+00
       5202     51.000     9.8831     9.2609    -0.6231    1.43366    1.34805          1     3.3259     3.1622       7.10     0.0161  4.924e-11  1.000e-12  2.031e+00    12.0174    11.4374    -0.5800     9.0819     8.7008     50.531     51.633      0.247    1462.37    1459.24  0.000e+00
       5254     51.500    10.1572     9.6598    -0.4963    1.46911    1.40368          1     3.1907     3.1283       6.62     0.0159  4.924e-11  1.000e-12  2.031e+00    12.2470    11.8178    -0.4291     9.2275     8.9525     51.026     52.138      0.232    1463.70    1461.27  0.000e+00
       5303     52.000    10.3542     9.8869    -0.4675    1.49711    1.43243          1     3.1188     3.0332       6.09     0.0159  4.924e-11  1.000e-12  2.031e+00    12.4331    12.0047    -0.4284     9.3478     9.0715     51.521     52.643      0.251    1464.69    1462.38  0.000e+00
       5351     52.500    10.6671    10.0834    -0.5829    1.54810    1.46555          1     3.0455     2.8920       5.55     0.0159  4.924e-11  1.000e-12  2.031e+00    12.7831    12.2392    -0.5439     9.5797     9.2303     52.017     53.147      0.241    1466.30    1463.43  0.000e+00
       5403     53.000    10.8034    10.4326    -0.3714    1.60169    1.51764          1     2.9195     2.1619       5.04     0.0159  4.924e-11  1.000e-12  2.031e+00    13.2155    12.5908    -0.6247     9.8971     9.4604     52.512     53.652      0.248    1467.35    1465.19  0.000e+00
       5447     53.500     9.9943    10.4621     0.4684    1.59468    1.55839          1     2.5086     0.9123       4.53     0.0159  4.924e-11  1.000e-12  2.031e+00    13.4474    12.9481    -0.4993    10.1791     9.7338     53.007     54.156      0.263    1464.56    1465.74  0.000e+00
       5500     54.000     9.9179    10.2648     0.3460    1.63721    1.57768          1     1.8463     0.5627       3.99     0.0163  4.924e-11  1.000e-12  2.031e+00    13.8661    13.1933    -0.6729    10.5141     9.9488     53.503     54.660      0.215    1464.79    1465.30  0.000e+00
       5555     54.500    10.1836    10.1572    -0.0260    1.72174    1.62825          1     1.2982     0.4257       3.46     0.0166  4.924e-11  1.000e-12  2.031e+00    14.5395    13.6932    -0.8462    11.0039    10.3503     53.998     55.164      0.218    1466.62    1465.50  0.000e+00
       5624     55.000    10.1386    10.1151    -0.0235    1.75817    1.68604          1     0.7404     0.0813       2.92     0.0163  4.924e-11  1.000e-12  2.031e+00    14.8927    14.2387    -0.6540    11.2838    10.7791     54.493     55.667      0.144    1466.89    1466.01  0.000e+00
       5708     55.500    10.1094    10.1203     0.0109    1.77398    1.75081          1     0.2722     0.1205       2.39     0.0159  4.924e-11  1.000e-12  2.031e+00    15.0504    14.8322    -0.2183    11.4100    11.2392     54.989     56.171      0.138    1466.98    1466.75  0.000e+00
