ctdpy/exports/archive_20191121_122431/received_data/SBE09_1044_20180526_2059_34_07_0027.cnv
* Sea-Bird SBE 9 Data File:
* FileName = C:\ctd\temp\2018\AU18D027.hex
* Software Version Seasave V 7.26.6.26
* Temperature SN = 5351
* Conductivity SN = 3941
* Number of Bytes Per Scan = 41
* Number of Voltage Words = 4
* Number of Scans Averaged by the Deck Unit = 1
* NMEA Latitude = 58 15.59 N
* NMEA Longitude = 011 26.16 E
* NMEA UTC (Time) = May 26 2018  21:00:00
* NMEA baud rate = 4800
** Station:  Slägg
** Operator:  JKro
** Ship: AURA
** Average sound velocity: 1479.23 m/s
** True-depth calculation Thu, 21 Jun 2018 10:39:20 +0000
** CTD Python Module SMHI /ver 3-12/ feb 2012 
** LIMS Job: 20183407-0027
** Cruise: SMHI-02-2018
** Latitude [GG MM.mm N] :
** Longitude [GG MM.mm E]:
# nquan = 26
# nvalues = 102                         
# units = specified
# name 0 = scan: Scan Count
# name 1 = prDM: Pressure, Digiquartz [db]
# name 2 = t090C: Temperature [ITS-90, deg C]
# name 3 = t190C: Temperature, 2 [ITS-90, deg C]
# name 4 = T2-T190C: Temperature Difference, 2 - 1 [ITS-90, deg C]
# name 5 = c0S/m: Conductivity [S/m]
# name 6 = c1S/m: Conductivity, 2 [S/m]
# name 7 = pumps: Pump Status
# name 8 = sbeox0ML/L: Oxygen, SBE 43 [ml/l]
# name 9 = sbeox1ML/L: Oxygen, SBE 43, 2 [ml/l]
# name 10 = altM: Altimeter [m]
# name 11 = flECO-AFL: Fluorescence, WET Labs ECO-AFL/FL [mg/m^3]
# name 12 = flECO-AFL1: Fluorescence, WET Labs ECO-AFL/FL, 2 [mg/m^3]
# name 13 = par: PAR/Irradiance, Biospherical/Licor
# name 14 = turbWETntu0: Turbidity, WET Labs ECO [NTU]
# name 15 = sal00: Salinity, Practical [PSU]
# name 16 = sal11: Salinity, Practical, 2 [PSU]
# name 17 = secS-priS: Salinity, Practical, Difference, 2 - 1 [PSU]
# name 18 = sigma-t00: Density [sigma-t, kg/m^3 ]
# name 19 = sigma-t11: Density, 2 [sigma-t, kg/m^3 ]
# name 20 = depSM: Depth [salt water, m], lat = 58.2598
# name 21 = depFM: Depth [true depth, m], lat = 58.2598
# name 22 = dz/dtM: Descent Rate [m/s], WS = 2
# name 23 = svCM: Sound Velocity [Chen-Millero, m/s]
# name 24 = svCM1: Sound Velocity, 2 [Chen-Millero, m/s]
# name 25 = flag: flag
# span 0 =      15350,      18421       
# span 1 =      1.500,     52.000       
# span 2 =     6.1184,    17.8959       
# span 3 =     6.1201,    17.9247       
# span 4 =    -0.0208,     0.0999       
# span 5 =   2.827480,   3.405867       
# span 6 =   2.827448,   3.405937       
# span 7 =          1,          1       
# span 8 =     5.4988,     6.7163       
# span 9 =     5.4454,     6.7189       
# span 10 =      18.42,      98.24      
# span 11 =     0.1178,     2.8883      
# span 12 =     0.1680,     0.5670      
# span 13 = -1.119e-04, 6.1148e-01      
# span 14 =     0.1886,     1.0636      
# span 15 =    20.9300,    34.2410      
# span 16 =    20.9243,    34.2400      
# span 17 =    -0.0434,     0.0142      
# span 18 =    14.5536,    26.9041      
# span 19 =    14.5428,    26.9030      
# span 20 =      1.486,     51.511      
# span 21 =      1.506,     51.752      
# span 22 =      0.289,      0.419      
# span 23 =    1472.80,    1499.57      
# span 24 =    1472.81,    1499.66      
# span 25 = 0.0000e+00, 0.0000e+00      
# interval = decibars: 0.5              
# start_time = May 26 2018 21:00:00 [NMEA time, first data scan]
# bad_flag = -9.990e-29
*END*
      15350      1.500    17.8959    17.9247     0.0289    2.88113    2.88225          1     6.4970     6.4599      20.99     1.2026     0.2620  6.115e-01  0.2015000    20.9300    20.9243    -0.0058    14.5536    14.5428      1.486      1.506      0.289    1499.57    1499.66  0.000e+00
      15386      2.000    17.8400    17.8334    -0.0067    2.87894    2.87878          1     6.5293     6.4842      75.69     1.1814     0.2618  9.930e-02  0.2056000    20.9409    20.9430     0.0021    14.5742    14.5773      1.981      2.008      0.344    1499.42    1499.41  0.000e+00
      15421      2.500    17.8193    17.8013    -0.0179    2.87804    2.87764          1     6.5188     6.4915      97.18     1.1286     0.3172  1.202e-02  0.2144000    20.9442    20.9502     0.0060    14.5813    14.5899      2.477      2.510      0.322    1499.37    1499.32  0.000e+00
      15460      3.000    17.5137    17.6137     0.0999    2.86765    2.87100          1     6.5585     6.5025      97.51     1.1262     0.2551 -1.119e-04  0.2014000    21.0174    20.9929    -0.0246    14.7042    14.6637      2.972      3.012      0.311    1498.52    1498.80  0.000e+00
      15497      3.500    17.2745    17.3666     0.0920    2.86118    2.86354          1     6.5525     6.4925      97.51     1.1152     0.3135  1.000e-12  0.2053000    21.0885    21.0600    -0.0285    14.8105    14.7688      3.467      3.514      0.325    1497.87    1498.12  0.000e+00
      15534      4.000    17.1620    17.1561    -0.0055    2.85823    2.85826          1     6.6131     6.5411      97.51     1.1470     0.2876  1.000e-12  0.1975000    21.1229    21.1261     0.0033    14.8610    14.8647      3.963      4.015      0.331    1497.57    1497.55  0.000e+00
      15570      4.500    17.2662    17.2931     0.0267    2.86151    2.86214          1     6.6040     6.5424      97.51     1.1743     0.3231  1.000e-12  0.2068000    21.0952    21.0864    -0.0088    14.8174    14.8049      4.458      4.517      0.338    1497.87    1497.94  0.000e+00
      15605      5.000    17.2307    17.2964     0.0656    2.86103    2.86262          1     6.5740     6.5411      97.51     1.1493     0.3266  1.000e-12  0.2028000    21.1096    21.0885    -0.0211    14.8361    14.8058      4.954      5.019      0.348    1497.78    1497.96  0.000e+00
      15639      5.500    17.1201    17.1948     0.0746    2.85897    2.86080          1     6.6038     6.5479      97.51     1.1705     0.2967  1.000e-12  0.1886000    21.1504    21.1263    -0.0241    14.8910    14.8565      5.449      5.521      0.347    1497.49    1497.70  0.000e+00
      15674      6.000    16.9669    16.9643    -0.0025    2.85402    2.85435          1     6.6444     6.6074      97.51     1.2349     0.2799  1.000e-12  0.2200000    21.1899    21.1939     0.0040    14.9540    14.9576      5.944      6.023      0.339    1497.07    1497.06  0.000e+00
      15710      6.500    16.8234    16.8310     0.0076    2.85064    2.85096          1     6.6834     6.6287      97.50     1.2501     0.2629  1.000e-12  0.2087000    21.2374    21.2361    -0.0014    15.0208    15.0181      6.440      6.524      0.338    1496.68    1496.70  0.000e+00
      15745      7.000    16.5336    16.5489     0.0155    2.84621    2.84666          1     6.5959     6.6193      97.49     1.2632     0.3119  1.000e-12  0.1999000    21.3546    21.3504    -0.0042    15.1711    15.1646      6.935      7.026      0.347    1495.91    1495.95  0.000e+00
      15779      7.500    15.8377    15.8185    -0.0194    2.83618    2.83591          1     6.6481     6.7189      97.50     1.3526     0.2847  1.000e-12  0.2144000    21.6450    21.6532     0.0082    15.5369    15.5471      7.430      7.528      0.346    1494.03    1493.97  0.000e+00
      15814      8.000    15.5203    15.5365     0.0162    2.83108    2.83134          1     6.7163     6.7012      97.50     1.4260     0.3050  1.000e-12  0.2216000    21.7753    21.7685    -0.0068    15.7010    15.6925      7.926      8.029      0.357    1493.16    1493.20  0.000e+00
      15847      8.500    15.4316    15.4438     0.0123    2.82995    2.83018          1     6.7016     6.6749      97.51     1.4638     0.3106  1.000e-12  0.2179000    21.8145    21.8097    -0.0048    15.7487    15.7426      8.421      8.530      0.364    1492.92    1492.96  0.000e+00
      15879      9.000    15.2061    15.2366     0.0300    2.82748    2.82745          1     6.6544     6.6465      97.49     1.4630     0.3110  1.000e-12  0.2037000    21.9185    21.9012    -0.0173    15.8731    15.8539      8.916      9.032      0.372    1492.32    1492.40  0.000e+00
      15912      9.500    14.8962    14.9050     0.0091    2.82748    2.82771          1     6.6598     6.6251      97.50     1.4649     0.3092  1.000e-12  0.2697000    22.0919    22.0889    -0.0030    16.0669    16.0629      9.412      9.533      0.374    1491.51    1491.53  0.000e+00
      15943     10.000    14.7397    14.7260    -0.0137    2.82821    2.82825          1     6.6856     6.5932      97.49     1.5371     0.3348  1.000e-12  0.2242000    22.1866    22.1947     0.0081    16.1699    16.1788      9.907     10.034      0.380    1491.11    1491.07  0.000e+00
      15975     10.500    14.6930    14.6811    -0.0118    2.82854    2.82842          1     6.6771     6.6214      84.83     1.5059     0.3869  1.000e-12  0.2407000    22.2158    22.2215     0.0057    16.2014    16.2081     10.402     10.535      0.383    1491.00    1490.97  0.000e+00
      16006     11.000    14.4840    14.4867     0.0028    2.82972    2.82994          1     6.5917     6.5840      75.06     1.4966     0.3266  1.000e-12  0.2500000    22.3454    22.3458     0.0004    16.3410    16.3408     10.898     11.037      0.383    1490.46    1490.47  0.000e+00
      16037     11.500    13.9538    13.9330    -0.0208    2.82971    2.82992          1     6.5995     6.6496      87.64     1.5579     0.3262  1.000e-12  0.2610000    22.6530    22.6672     0.0142    16.6774    16.6921     11.393     11.538      0.383    1489.05    1489.00  0.000e+00
      16069     12.000    13.3916    13.4042     0.0125    2.82877    2.82886          1     6.5695     6.6275      97.49     1.6954     0.3258  1.000e-12  0.2449000    22.9783    22.9715    -0.0068    17.0311    17.0236     11.888     12.038      0.393    1487.54    1487.57  0.000e+00
      16099     12.500    12.8343    12.8328    -0.0018    2.83216    2.83229          1     6.2868     6.4664      97.50     1.8267     0.3791  1.000e-12  0.2699000    23.3502    23.3522     0.0020    17.4167    17.4186     12.384     12.539      0.402    1486.06    1486.06  0.000e+00
      16128     13.000    11.3370    11.3841     0.0467    2.85097    2.84985          1     6.1385     6.4284      97.48     2.0638     0.3486  1.000e-12  0.2724000    24.4812    24.4387    -0.0425    18.5450    18.5046     12.879     13.039      0.402    1482.14    1482.26  0.000e+00
      16158     13.500     9.6708     9.7009     0.0306    2.93775    2.93595          1     6.3158     6.6085      75.56     2.6163     0.4249  1.000e-12  0.3635000    26.4850    26.4452    -0.0398    20.3622    20.3266     13.374     13.539      0.399    1478.49    1478.55  0.000e+00
      16188     14.000     8.9407     8.9481     0.0074    3.00464    3.00409          1     6.4936     6.6733      55.43     2.7711     0.4852  1.000e-12  0.4106000    27.7072    27.6956    -0.0116    21.4226    21.4125     13.869     14.038      0.402    1477.26    1477.28  0.000e+00
      16218     14.500     8.3092     8.3250     0.0160    3.05071    3.05012          1     6.5137     6.5555      74.01     2.8100     0.5526  1.000e-12  0.3850000    28.6830    28.6641    -0.0190    22.2750    22.2580     14.365     14.536      0.407    1476.08    1476.11  0.000e+00
      16247     15.000     7.7269     7.7512     0.0241    3.11240    3.11026          1     6.4644     6.4256      65.22     2.8883     0.5670  1.000e-12  0.4186000    29.8183    29.7749    -0.0434    23.2446    23.2073     14.860     15.034      0.409    1475.25    1475.29  0.000e+00
      16277     15.500     7.1824     7.1951     0.0126    3.16862    3.16841          1     6.3837     6.2594      97.30     2.3830     0.4950  1.000e-12  0.4435000    30.8926    30.8791    -0.0136    24.1611    24.1488     15.355     15.531      0.404    1474.49    1474.52  0.000e+00
      16307     16.000     6.7598     6.7704     0.0107    3.18701    3.18720          1     6.2785     6.1136      82.51     1.7543     0.3923  1.000e-12  0.4592000    31.4751    31.4674    -0.0077    24.6743    24.6669     15.851     16.029      0.403    1473.57    1473.60  0.000e+00
      16336     16.500     6.5875     6.5923     0.0049    3.19170    3.19177          1     6.1556     5.9894      68.18     1.0194     0.3218  1.000e-12  0.3781000    31.6848    31.6811    -0.0036    24.8614    24.8579     16.346     16.526      0.406    1473.16    1473.18  0.000e+00
      16366     17.000     6.4833     6.4902     0.0069    3.20265    3.20253          1     6.1151     5.9568      97.33     0.8327     0.2950  1.000e-12  0.4322000    31.9022    31.8944    -0.0078    25.0460    25.0389     16.841     17.022      0.406    1473.03    1473.05  0.000e+00
      16395     17.500     6.3902     6.3960     0.0057    3.21998    3.21949          1     6.1022     5.9506      73.63     0.6983     0.3147  1.000e-12  0.3749000    32.1809    32.1700    -0.0109    25.2774    25.2681     17.337     17.519      0.405    1473.02    1473.03  0.000e+00
      16425     18.000     6.2419     6.2473     0.0054    3.23272    3.23287          1     6.1495     5.9743      97.54     0.5263     0.2590  1.000e-12  0.3728000    32.4629    32.4595    -0.0034    25.5184    25.5150     17.832     18.016      0.405    1472.80    1472.81  0.000e+00
      16455     18.500     6.2394     6.2366    -0.0028    3.24146    3.24113          1     6.1365     5.9694      97.47     0.3745     0.2510  1.000e-12  0.2894000    32.5622    32.5612    -0.0010    25.5971    25.5967     18.327     18.512      0.407    1472.92    1472.91  0.000e+00
      16484     19.000     6.2617     6.2674     0.0056    3.24803    3.24837          1     6.1220     5.9780      97.34     0.4473     0.2460  1.000e-12  0.3180000    32.6137    32.6120    -0.0017    25.6350    25.6329     18.823     19.009      0.406    1473.08    1473.10  0.000e+00
      16514     19.500     6.1899     6.1922     0.0024    3.25106    3.25052          1     6.1041     5.9398      95.12     0.4038     0.2315  1.000e-12  0.2739000    32.7163    32.7080    -0.0082    25.7249    25.7181     19.318     19.506      0.407    1472.94    1472.93  0.000e+00
      16543     20.000     6.1905     6.1943     0.0036    3.25985    3.26002          1     6.0724     5.9024      66.75     0.3632     0.2199  1.000e-12  0.2737000    32.8135    32.8118    -0.0017    25.8015    25.7997     19.813     20.002      0.405    1473.07    1473.08  0.000e+00
      16573     20.500     6.1362     6.1391     0.0030    3.25939    3.25928          1     6.0316     5.8657      53.19     0.3217     0.1953  1.000e-12  0.3391000    32.8607    32.8566    -0.0041    25.8456    25.8420     20.309     20.498      0.407    1472.92    1472.93  0.000e+00
      16602     21.000     6.1189     6.1210     0.0020    3.26544    3.26537          1     5.9760     5.8330      49.52     0.3007     0.2665  1.000e-12  0.3098000    32.9448    32.9420    -0.0028    25.9141    25.9117     20.804     20.995      0.406    1472.97    1472.97  0.000e+00
      16632     21.500     6.1184     6.1201     0.0018    3.27197    3.27188          1     5.9474     5.8137      69.48     0.2790     0.2206  1.000e-12  0.3009000    33.0182    33.0154    -0.0028    25.9721    25.9697     21.299     21.491      0.407    1473.06    1473.07  0.000e+00
      16661     22.000     6.1195     6.1215     0.0019    3.27679    3.27672          1     5.9304     5.8191      98.24     0.3338     0.2848  1.000e-12  0.3542000    33.0707    33.0681    -0.0026    26.0134    26.0111     21.794     21.988      0.410    1473.14    1473.15  0.000e+00
      16690     22.500     6.1184     6.1204     0.0020    3.27991    3.27995          1     5.9182     5.8038      72.95     0.3201     0.2443  1.000e-12  0.2632000    33.1064    33.1049    -0.0015    26.0418    26.0404     22.290     22.484      0.409    1473.19    1473.20  0.000e+00
      16720     23.000     6.1212     6.1228     0.0016    3.28304    3.28302          1     5.9108     5.8103      47.10     0.4501     0.2349  1.000e-12  0.2655000    33.1385    33.1367    -0.0018    26.0668    26.0651     22.785     22.980      0.405    1473.25    1473.26  0.000e+00
      16750     23.500     6.1345     6.1359     0.0014    3.29025    3.29014          1     5.9250     5.8585      46.41     0.4140     0.2394  1.000e-12  0.2997000    33.2060    33.2034    -0.0026    26.1184    26.1161     23.280     23.477      0.405    1473.40    1473.40  0.000e+00
      16779     24.000     6.1438     6.1457     0.0019    3.29452    3.29456          1     5.9438     5.8731      46.00     0.3756     0.2415  1.000e-12  0.3101000    33.2444    33.2430    -0.0014    26.1475    26.1462     23.776     23.973      0.413    1473.49    1473.50  0.000e+00
      16808     24.500     6.1455     6.1471     0.0016    3.29702    3.29699          1     5.9428     5.8642      46.46     0.3101     0.2144  1.000e-12  0.3218000    33.2704    33.2686    -0.0018    26.1679    26.1662     24.271     24.469      0.417    1473.54    1473.54  0.000e+00
      16837     25.000     6.1644     6.1640    -0.0003    3.30432    3.30394          1     5.9700     5.8990      46.05     0.4057     0.2439  1.000e-12  0.3537000    33.3333    33.3294    -0.0039    26.2152    26.2122     24.766     24.965      0.413    1473.70    1473.70  0.000e+00
      16866     25.500     6.1884     6.1901     0.0017    3.30919    3.30929          1     6.0046     5.9274      45.23     0.2614     0.2007  1.000e-12  0.4116000    33.3640    33.3634    -0.0006    26.2364    26.2357     25.262     25.462      0.413    1473.84    1473.85  0.000e+00
      16895     26.000     6.1886     6.1911     0.0025    3.30973    3.30973          1     5.9861     5.9099      44.40     0.2557     0.2586  1.000e-12  0.4215000    33.3695    33.3671    -0.0024    26.2407    26.2385     25.757     25.958      0.417    1473.86    1473.87  0.000e+00
      16923     26.500     6.1712     6.1745     0.0033    3.31014    3.31026          1     5.9398     5.8658      44.15     0.2486     0.2240  1.000e-12  0.4383000    33.3909    33.3890    -0.0019    26.2598    26.2579     26.252     26.454      0.419    1473.83    1473.84  0.000e+00
      16952     27.000     6.1714     6.1730     0.0015    3.31278    3.31276          1     5.9161     5.8516      43.48     0.2273     0.2248  1.000e-12  0.4290000    33.4201    33.4183    -0.0018    26.2828    26.2812     26.747     26.950      0.416    1473.87    1473.88  0.000e+00
      16981     27.500     6.1796     6.1816     0.0020    3.31626    3.31629          1     5.9392     5.8780      43.01     0.2292     0.2584  1.000e-12  0.4273000    33.4507    33.4492    -0.0016    26.3060    26.3045     27.243     27.447      0.412    1473.95    1473.96  0.000e+00
      17010     28.000     6.1775     6.1797     0.0023    3.31911    3.31922          1     5.9385     5.8791      42.72     0.1998     0.2347  1.000e-12  0.4437000    33.4845    33.4835    -0.0010    26.3329    26.3318     27.738     27.943      0.414    1473.99    1474.00  0.000e+00
      17039     28.500     6.1743     6.1766     0.0022    3.32065    3.32086          1     5.9115     5.8548      42.47     0.1933     0.2451  1.000e-12  0.4431000    33.5045    33.5047     0.0001    26.3491    26.3489     28.233     28.439      0.416    1474.01    1474.02  0.000e+00
