ctdpy/exports/archive_20191121_122431/received_data/SBE09_1044_20180319_2217_34_02_0072.cnv
* Sea-Bird SBE 9 Data File:
* FileName = C:\ctd\temp\2018\ME18D072.hex
* Software Version Seasave V 7.26.6.26
* Temperature SN = 5351
* Conductivity SN = 3941
* Number of Bytes Per Scan = 41
* Number of Voltage Words = 4
* Number of Scans Averaged by the Deck Unit = 1
* NMEA Latitude = 58 20.37 N
* NMEA Longitude = 011 01.65 E
* NMEA UTC (Time) = Mar 19 2018  22:17:19
* NMEA baud rate = 4800
** Station:  Å13
** Operator:  A-KTh
** Ship: MERI
** Average sound velocity: 1472.22 m/s
** True-depth calculation Mon, 19 Mar 2018 22:55:50 +0000
** CTD Python Module SMHI /ver 3-12/ feb 2012 
** LIMS Job: 20183402-0072
** Cruise: SMHI-02-2018
** Latitude [GG MM.mm N] :
** Longitude [GG MM.mm E]:
# nquan = 26
# nvalues = 198                         
# units = specified
# name 0 = scan: Scan Count
# name 1 = prDM: Pressure, Digiquartz [db]
# name 2 = t090C: Temperature [ITS-90, deg C]
# name 3 = t190C: Temperature, 2 [ITS-90, deg C]
# name 4 = T2-T190C: Temperature Difference, 2 - 1 [ITS-90, deg C]
# name 5 = c0S/m: Conductivity [S/m]
# name 6 = c1S/m: Conductivity, 2 [S/m]
# name 7 = pumps: Pump Status
# name 8 = sbeox0ML/L: Oxygen, SBE 43 [ml/l]
# name 9 = sbeox1ML/L: Oxygen, SBE 43, 2 [ml/l]
# name 10 = altM: Altimeter [m]
# name 11 = flECO-AFL: Chl-a Fluorescence, WET Labs ECO-AFL/FL [mg/m^3]
# name 12 = flECO-AFL1: Phycocyanin Fluorescence, WET Labs ECO-AFL/FL, 2 [mg/m^3]
# name 13 = par: PAR/Irradiance, Biospherical/Lico [µE/(cm^2*s)]
# name 14 = turbWETntu0: Turbidity, WET Labs ECO [NTU]
# name 15 = sal00: Salinity, Practical [PSU]
# name 16 = sal11: Salinity, Practical, 2 [PSU]
# name 17 = secS-priS: Salinity, Practical, Difference, 2 - 1 [PSU]
# name 18 = sigma-t00: Density [sigma-t, Kg/m^3 ]
# name 19 = sigma-t11: Density, 2 [sigma-t, Kg/m^3 ]
# name 20 = depSM: Depth [salt water, m], lat = 58.3395
# name 21 = depFM: Depth [true depth, m], lat = 58.3395
# name 22 = dz/dtM: Descent Rate [m/s], WS = 2
# name 23 = svCM: Sound Velocity [Chen-Millero, m/s]
# name 24 = svCM1: Sound Velocity, 2 [Chen-Millero, m/s]
# name 25 = flag: flag
# span 0 =       4210,       9063       
# span 1 =      1.000,     99.500       
# span 2 =    -0.0282,     7.2488       
# span 3 =    -0.0276,     7.2488       
# span 4 =    -0.0292,     0.0112       
# span 5 =   2.137106,   3.554586       
# span 6 =   2.136986,   3.554616       
# span 7 =          1,          1       
# span 8 =    5.64260,    9.18743       
# span 9 =    5.66587,    9.23090       
# span 10 =       2.55,      98.84      
# span 11 =     0.0206,    22.5444      
# span 12 =     0.1822,     3.1408      
# span 13 = -2.006e-06, 3.6088e-01      
# span 14 =     0.4106,     2.4183      
# span 15 =    25.0218,    35.0268      
# span 16 =    25.0198,    35.0272      
# span 17 =    -0.0422,     0.0295      
# span 18 =    20.0594,    27.4343      
# span 19 =    20.0578,    27.4345      
# span 20 =      0.991,     98.551      
# span 21 =      0.999,     98.759      
# span 22 =     -0.031,      0.743      
# span 23 =    1435.71,    1480.53      
# span 24 =    1435.71,    1480.53      
# span 25 = 0.0000e+00, 0.0000e+00      
# interval = decibars: 0.5              
# start_time = Mar 19 2018 22:17:20 [NMEA time, first data scan]
# bad_flag = -9.990e-29
*END*
[from data line 56]
       5692     29.000     6.3993     6.3996     0.0003    3.41346    3.41348          1     6.0809     6.1034      98.71     0.1628     0.2049  1.000e-12  0.5026000    34.3174    34.3173    -0.0001    26.9619    26.9617     28.728     28.864      0.559    1475.94    1475.94  0.000e+00
       5712     29.500     6.4126     6.4107    -0.0019    3.41519    3.41501          1     6.1016     6.1185      98.71     0.1323     0.2231  1.000e-12  0.4687000    34.3231    34.3230    -0.0001    26.9646    26.9648     29.224     29.360      0.619    1476.00    1476.00  0.000e+00
       5731     30.000     6.4676     6.4649    -0.0027    3.42309    3.42281          1     6.1059     6.1100      98.71     0.1363     0.2558  1.000e-12  0.4632000    34.3557    34.3552    -0.0005    26.9830    26.9830     29.719     29.856      0.620    1476.27    1476.26  0.000e+00
       5751     30.500     6.5087     6.5073    -0.0014    3.42906    3.42882          1     6.0986     6.0988      98.71     0.1422     0.2193  1.000e-12  0.4610000    34.3805    34.3793    -0.0012    26.9972    26.9964     30.214     30.352      0.577    1476.47    1476.46  0.000e+00
       5773     31.000     6.5224     6.5209    -0.0015    3.43102    3.43078          1     6.0920     6.0889      98.71     0.1493     0.2099  1.000e-12  0.4580000    34.3882    34.3870    -0.0012    27.0015    27.0007     30.710     30.848      0.508    1476.54    1476.53  0.000e+00
       5799     31.500     6.5485     6.5484    -0.0001    3.43459    3.43451          1     6.0969     6.0983      98.71     0.1814     0.2291  1.000e-12  0.4732000    34.4014    34.4007    -0.0008    27.0084    27.0078     31.205     31.344      0.462    1476.67    1476.67  0.000e+00
       5824     32.000     6.5619     6.5650     0.0030    3.43647    3.43687          1     6.0772     6.0915      98.71     0.1430     0.2377  1.000e-12  0.4704000    34.4086    34.4099     0.0013    27.0123    27.0129     31.700     31.840      0.494    1476.74    1476.75  0.000e+00
       5847     32.500     6.6080     6.6087     0.0008    3.44355    3.44356          1     6.0526     6.0533      98.71     0.1382     0.2385  1.000e-12  0.4800000    34.4406    34.4400    -0.0006    27.0314    27.0308     32.195     32.336      0.558    1476.97    1476.97  0.000e+00
       5868     33.000     6.6138     6.6132    -0.0005    3.44631    3.44626          1     6.0360     6.0345      98.71     0.1382     0.2344  1.000e-12  0.5012000    34.4652    34.4653     0.0001    27.0500    27.0501     32.691     32.831      0.589    1477.03    1477.03  0.000e+00
       5888     33.500     6.6443     6.6390    -0.0053    3.45053    3.44988          1     6.0196     6.0280      98.71     0.1382     0.2196  1.000e-12  0.5397000    34.4810    34.4792    -0.0019    27.0584    27.0576     33.186     33.327      0.577    1477.17    1477.15  0.000e+00
       5909     34.000     6.7100     6.7081    -0.0019    3.45986    3.45964          1     6.0104     6.0133      98.71     0.1404     0.2226  1.000e-12  0.5401000    34.5181    34.5176    -0.0006    27.0788    27.0786     33.681     33.823      0.547    1477.49    1477.48  0.000e+00
       5932     34.500     6.7344     6.7328    -0.0016    3.46459    3.46428          1     5.9927     5.9881      98.70     0.1334     0.2612  1.000e-12  0.5237000    34.5456    34.5438    -0.0018    27.0972    27.0960     34.176     34.319      0.514    1477.62    1477.62  0.000e+00
       5956     35.000     6.7492     6.7486    -0.0006    3.46781    3.46763          1     5.9509     5.9604      98.67     0.1138     0.2370  1.000e-12  0.5436000    34.5662    34.5648    -0.0014    27.1114    27.1104     34.672     34.815      0.500    1477.71    1477.71  0.000e+00
       5980     35.500     6.7536     6.7537     0.0001    3.46931    3.46932          1     5.9128     5.9344      98.61     0.1170     0.2245  1.000e-12  0.5894000    34.5781    34.5781    -0.0000    27.1202    27.1201     35.167     35.311      0.523    1477.76    1477.76  0.000e+00
       6002     36.000     6.7528     6.7523    -0.0005    3.47008    3.46982          1     5.8988     5.9018      98.51     0.1254     0.2439  1.000e-12  0.6177000    34.5872    34.5848    -0.0024    27.1275    27.1256     35.662     35.806      0.562    1477.77    1477.77  0.000e+00
       6023     36.500     6.7636     6.7629    -0.0008    3.47449    3.47430          1     5.8750     5.8655      98.16     0.1137     0.2724  1.000e-12  0.6366000    34.6248    34.6235    -0.0013    27.1557    27.1547     36.158     36.302      0.579    1477.87    1477.86  0.000e+00
       6043     37.000     6.7818     6.7784    -0.0034    3.48009    3.47943          1     5.8370     5.8366      98.06     0.1353     0.2975  1.000e-12  0.7362000    34.6682    34.6643    -0.0039    27.1874    27.1848     36.653     36.798      0.562    1478.00    1477.98  0.000e+00
       6065     37.500     6.7957     6.7953    -0.0005    3.48300    3.48299          1     5.8200     5.8173      98.04     0.1241     0.2690  1.000e-12  0.7792000    34.6861    34.6865     0.0004    27.1996    27.2000     37.148     37.294      0.523    1478.09    1478.09  0.000e+00
       6089     38.000     6.8098     6.8091    -0.0007    3.48513    3.48500          1     5.8202     5.8096      98.10     0.1006     0.1905  1.000e-12  0.7826000    34.6952    34.6945    -0.0007    27.2049    27.2044     37.643     37.790      0.494    1478.16    1478.16  0.000e+00
       6114     38.500     6.8341     6.8335    -0.0007    3.48882    3.48872          1     5.8042     5.8054      98.11     0.0954     0.2129  1.000e-12  0.7883000    34.7111    34.7106    -0.0004    27.2140    27.2138     38.139     38.285      0.509    1478.28    1478.28  0.000e+00
       6137     39.000     6.8488     6.8484    -0.0004    3.49111    3.49110          1     5.7939     5.7969      98.11     0.0971     0.2253  1.000e-12  0.8059000    34.7213    34.7216     0.0002    27.2201    27.2204     38.634     38.781      0.550    1478.36    1478.36  0.000e+00
       6158     39.500     6.8546     6.8541    -0.0005    3.49245    3.49243          1     5.7894     5.7946      98.16     0.0875     0.2268  1.000e-12  0.8162000    34.7300    34.7303     0.0003    27.2262    27.2265     39.129     39.277      0.581    1478.40    1478.40  0.000e+00
       6178     40.000     6.8813     6.8805    -0.0009    3.49641    3.49641          1     5.7825     5.7896      98.12     0.0777     0.2247  1.000e-12  0.8374000    34.7465    34.7474     0.0008    27.2355    27.2363     39.624     39.773      0.578    1478.54    1478.54  0.000e+00
       6199     40.500     6.8978     6.8963    -0.0015    3.49933    3.49920          1     5.7786     5.7785      97.82     0.0777     0.2066  1.000e-12  0.8306000    34.7619    34.7620     0.0001    27.2454    27.2456     40.120     40.268      0.536    1478.63    1478.62  0.000e+00
       6223     41.000     6.9232     6.9218    -0.0014    3.50365    3.50350          1     5.7764     5.7838      97.58     0.0771     0.1913  1.000e-12  0.8365000    34.7836    34.7834    -0.0003    27.2590    27.2590     40.615     40.764      0.491    1478.76    1478.76  0.000e+00
       6248     41.500     6.9412     6.9399    -0.0013    3.50650    3.50635          1     5.7864     5.7977      97.47     0.0679     0.2215  1.000e-12  0.8375000    34.7965    34.7962    -0.0004    27.2667    27.2666     41.110     41.260      0.503    1478.86    1478.85  0.000e+00
       6271     42.000     6.9528     6.9515    -0.0013    3.50818    3.50807          1     5.7880     5.7983      97.45     0.0649     0.2379  1.000e-12  0.8089000    34.8031    34.8033     0.0002    27.2702    27.2706     41.605     41.756      0.535    1478.92    1478.91  0.000e+00
       6293     42.500     6.9856     6.9836    -0.0020    3.51414    3.51393          1     5.7748     5.7839      97.45     0.0716     0.2028  1.000e-12  0.7862000    34.8353    34.8350    -0.0003    27.2911    27.2911     42.101     42.251      0.545    1479.09    1479.08  0.000e+00
       6315     43.000     6.9976     6.9973    -0.0003    3.51695    3.51695          1     5.7590     5.7672      97.43     0.0734     0.1833  1.000e-12  0.7734000    34.8539    34.8542     0.0003    27.3041    27.3043     42.596     42.747      0.539    1479.17    1479.17  0.000e+00
       6337     43.500     7.0046     7.0040    -0.0006    3.51838    3.51832          1     5.7562     5.7666      97.41     0.0655     0.2084  1.000e-12  0.7622000    34.8624    34.8623    -0.0000    27.3098    27.3098     43.091     43.243      0.530    1479.22    1479.21  0.000e+00
       6360     44.000     7.0257     7.0237    -0.0020    3.52175    3.52161          1     5.7613     5.7704      97.40     0.0681     0.2527  1.000e-12  0.7618000    34.8778    34.8783     0.0005    27.3190    27.3197     43.586     43.739      0.521    1479.33    1479.32  0.000e+00
       6383     44.500     7.0653     7.0634    -0.0019    3.52754    3.52737          1     5.7581     5.7641      97.37     0.0881     0.2080  1.000e-12  0.7937000    34.9012    34.9012     0.0001    27.3319    27.3322     44.082     44.234      0.507    1479.52    1479.51  0.000e+00
       6407     45.000     7.0774     7.0773    -0.0000    3.52916    3.52921          1     5.7599     5.7658      97.36     0.0553     0.2609  1.000e-12  0.7529000    34.9065    34.9071     0.0006    27.3344    27.3349     44.577     44.730      0.499    1479.58    1479.58  0.000e+00
       6431     45.500     7.0827     7.0819    -0.0008    3.52983    3.52978          1     5.7647     5.7676      97.37     0.0660     0.2425  1.000e-12  0.7040000    34.9083    34.9085     0.0002    27.3350    27.3353     45.072     45.226      0.525    1479.61    1479.61  0.000e+00
       6453     46.000     7.0856     7.0872     0.0016    3.53020    3.53045          1     5.7612     5.7630      97.57     0.0759     0.2261  1.000e-12  0.7143000    34.9091    34.9102     0.0011    27.3353    27.3359     45.567     45.722      0.539    1479.63    1479.64  0.000e+00
       6476     46.500     7.0939     7.0917    -0.0021    3.53117    3.53100          1     5.7539     5.7537      97.81     0.0481     0.2218  1.000e-12  0.7037000    34.9111    34.9115     0.0004    27.3357    27.3363     46.063     46.217      0.516    1479.67    1479.66  0.000e+00
       6500     47.000     7.1017     7.1007    -0.0010    3.53215    3.53210          1     5.7550     5.7648      97.92     0.0548     0.2310  1.000e-12  0.6854000    34.9137    34.9141     0.0004    27.3366    27.3371     46.558     46.713      0.519    1479.71    1479.71  0.000e+00
       6522     47.500     7.1164     7.1153    -0.0012    3.53412    3.53416          1     5.7530     5.7771      97.89     0.0544     0.2398  1.000e-12  0.6884000    34.9203    34.9218     0.0016    27.3397    27.3411     47.053     47.209      0.556    1479.79    1479.78  0.000e+00
       6543     48.000     7.1695     7.1691    -0.0003    3.54172    3.54187          1     5.7504     5.7680      97.83     0.0462     0.2391  1.000e-12  0.6649000    34.9496    34.9517     0.0020    27.3554    27.3570     47.548     47.704      0.550    1480.04    1480.04  0.000e+00
       6566     48.500     7.1808     7.1800    -0.0007    3.54349    3.54347          1     5.7466     5.7582      72.19     0.0567     0.2387  1.000e-12  0.5851000    34.9574    34.9579     0.0005    27.3599    27.3604     48.044     48.200      0.488    1480.10    1480.10  0.000e+00
       6593     49.000     7.1907     7.1888    -0.0018    3.54509    3.54489          1     5.7454     5.7550      97.85     0.0572     0.2435  1.000e-12  0.5652000    34.9646    34.9644    -0.0003    27.3642    27.3642     48.539     48.696      0.440    1480.15    1480.15  0.000e+00
       6620     49.500     7.2013     7.2000    -0.0012    3.54664    3.54654          1     5.7441     5.7481      98.30     0.0407     0.2934  1.000e-12  0.5754000    34.9706    34.9709     0.0002    27.3674    27.3678     49.034     49.192      0.459    1480.21    1480.20  0.000e+00
       6645     50.000     7.2141     7.2121    -0.0020    3.54843    3.54824          1     5.7426     5.7515      98.42     0.0519     0.2264  1.000e-12  0.5080000    34.9771    34.9771     0.0000    27.3707    27.3710     49.529     49.687      0.535    1480.28    1480.27  0.000e+00
       6665     50.500     7.2227     7.2230     0.0003    3.54963    3.54977          1     5.7397     5.7536      98.54     0.0449     0.1944  1.000e-12  0.4805000    34.9812    34.9825     0.0013    27.3727    27.3737     50.025     50.183      0.606    1480.32    1480.33  0.000e+00
       6684     51.000     7.2349     7.2345    -0.0004    3.55129    3.55130          1     5.7406     5.7490      98.63     0.0365     0.2355  1.000e-12  0.4934000    34.9869    34.9874     0.0005    27.3755    27.3759     50.520     50.679      0.623    1480.38    1480.38  0.000e+00
       6704     51.500     7.2381     7.2374    -0.0007    3.55173    3.55172          1     5.7396     5.7489      74.73     0.0411     0.2609  1.000e-12  0.4435000    34.9881    34.9888     0.0006    27.3760    27.3766     51.015     51.174      0.564    1480.41    1480.40  0.000e+00
       6728     52.000     7.2434     7.2426    -0.0008    3.55252    3.55247          1     5.7327     5.7411      90.64     0.0385     0.2326  1.000e-12  0.4304000    34.9912    34.9914     0.0003    27.3776    27.3779     51.510     51.670      0.445    1480.44    1480.44  0.000e+00
       6758     52.500     7.2488     7.2488     0.0000    3.55398    3.55398          1     5.7215     5.7297      98.39     0.0206     0.2142  1.000e-12  0.4404000    35.0016    35.0015    -0.0001    27.3850    27.3850     52.005     52.166      0.422    1480.48    1480.48  0.000e+00
       6784     53.000     7.2488     7.2488     0.0001    3.55437    3.55442          1     5.7175     5.7270      98.22     0.0751     0.2265  1.000e-12  0.4596000    35.0055    35.0060     0.0005    27.3882    27.3885     52.501     52.661      0.535    1480.49    1480.49  0.000e+00
       6804     53.500     7.2467     7.2469     0.0002    3.55431    3.55436          1     5.7229     5.7313      98.21     0.0700     0.2284  1.000e-12  0.4295000    35.0067    35.0071     0.0004    27.3894    27.3897     52.996     53.157      0.630    1480.50    1480.50  0.000e+00
       6822     54.000     7.2386     7.2387     0.0002    3.55387    3.55391          1     5.7221     5.7327      55.60     0.0557     0.2047  1.000e-12  0.4106000    35.0098    35.0101     0.0003    27.3930    27.3932     53.491     53.653      0.664    1480.47    1480.48  0.000e+00
       6840     54.500     7.2372     7.2371    -0.0001    3.55395    3.55401          1     5.7206     5.7333      48.24     0.0434     0.2071  1.000e-12  0.4227000    35.0120    35.0126     0.0006    27.3949    27.3954     53.986     54.149      0.623    1480.48    1480.48  0.000e+00
       6862     55.000     7.2389     7.2390     0.0001    3.55444    3.55449          1     5.7167     5.7299      49.11     0.0544     0.2242  1.000e-12  0.4401000    35.0153    35.0157     0.0005    27.3972    27.3976     54.482     54.644      0.495    1480.50    1480.50  0.000e+00
       6891     55.500     7.2379     7.2380     0.0001    3.55444    3.55447          1     5.7165     5.7218      48.59     0.0520     0.2455  1.000e-12  0.4442000    35.0160    35.0163     0.0003    27.3980    27.3981     54.977     55.140      0.372    1480.51    1480.51  0.000e+00
       6923     56.000     7.2378     7.2378     0.0001    3.55453    3.55458          1     5.7140     5.7231      72.40     0.0267     0.2235  1.000e-12  0.4492000    35.0169    35.0174     0.0005    27.3987    27.3990     55.472     55.636      0.451    1480.52    1480.52  0.000e+00
