ctdpy/exports/archive_20191121_122431/received_data/SBE09_0827_20180905_1157_26_01_0964.cnv
* Sea-Bird SBE 9 Data File:
* FileName = D:\CTD_SBE911\DAT\26DA.2018.9.14.hex
* Software Version Seasave V 7.21d
* Temperature SN = 034605
* Conductivity SN = 041844
* Number of Bytes Per Scan = 48
* Number of Voltage Words = 5
* Number of Scans Averaged by the Deck Unit = 1
* NMEA Latitude = 57 06.96 N
* NMEA Longitude = 017 40.19 E
* NMEA UTC (Time) = Sep 05 2018  12:00:09
* NMEA baud rate = 4800
** Ship: DANA
** Average sound velocity: 1448.35 m/s
** True-depth calculation Wed, 03 Apr 2019 09:29:58 +0000
** CTD Python Module SMHI /ver 3-12/ feb 2012 
** LIMS Job: 20182601-0964
**  BY38 KARLSØDJUPET
** Operator: Christian
** Cruise: 09/2018
# nquan = 26
# nvalues = 210                         
# units = specified
# name 0 = scan: Scan Count
# name 1 = prDM: Pressure, Digiquartz [db]
# name 2 = t090C: Temperature [ITS-90, deg C]
# name 3 = t190C: Temperature, 2 [ITS-90, deg C]
# name 4 = T2-T190C: Temperature Difference, 2 - 1 [ITS-90, deg C]
# name 5 = c0S/m: Conductivity [S/m]
# name 6 = c1S/m: Conductivity, 2 [S/m]
# name 7 = pumps: Pump Status
# name 8 = sbeox1ML/L: Oxygen, SBE 43, 2 [ml/l]
# name 9 = sbeox0ML/L: Oxygen, SBE 43 [ml/l]
# name 10 = altM: Altimeter [m]
# name 11 = chloroflTC0: Chlorophyll, Turner Cyclops [ug/l]
# name 12 = cpar: CPAR/Corrected Irradiance [%]
# name 13 = par: PAR/Irradiance, Biospherical/Lico [µE/(cm^2*s)]
# name 14 = spar: SPAR, Biospherical/Licor
# name 15 = sal00: Salinity, Practical [PSU]
# name 16 = sal11: Salinity, Practical, 2 [PSU]
# name 17 = secS-priS: Salinity, Practical, Difference, 2 - 1 [PSU]
# name 18 = sigma-t00: Density [sigma-t, kg/m^3 ]
# name 19 = sigma-t11: Density, 2 [sigma-t, kg/m^3 ]
# name 20 = depSM: Depth [salt water, m], lat = 57.116
# name 21 = depFM: Depth [true depth, m], lat = 57.116
# name 22 = dz/dtM: Descent Rate [m/s], WS = 2
# name 23 = svCM: Sound Velocity [Chen-Millero, m/s]
# name 24 = svCM1: Sound Velocity, 2 [Chen-Millero, m/s]
# name 25 = flag: flag
# span 0 =        232,      10589       
# span 1 =      1.500,    106.000       
# span 2 =     3.8147,    18.6467       
# span 3 =     3.8017,    18.6438       
# span 4 =    -3.3652,     0.2698       
# span 5 =   0.782026,   1.157918       
# span 6 =   0.781393,   1.157337       
# span 7 =          1,          1       
# span 8 =     0.0526,     7.1614       
# span 9 =     0.0370,     7.3948       
# span 10 =       2.10,       9.98      
# span 11 =     0.0436,     0.3006      
# span 12 = 4.9788e-14, 1.2532e+01      
# span 13 = 1.0000e-12, 2.5136e+02      
# span 14 = 1.9715e+03, 2.0103e+03      
# span 15 =     6.6823,    10.7034      
# span 16 =     6.6792,    10.6980      
# span 17 =    -0.1453,     0.3966      
# span 18 =     3.5740,     8.4186      
# span 19 =     3.5717,     8.4144      
# span 20 =      1.487,    104.999      
# span 21 =      1.522,    107.280      
# span 22 =      0.051,      0.305      
# span 23 =    1431.71,    1485.95      
# span 24 =    1431.64,    1485.94      
# span 25 = 0.0000e+00, 0.0000e+00      
# interval = decibars: 0.5              
# start_time = Sep 05 2018 12:00:10 [NMEA time, first data scan]
# bad_flag = -9.990e-29
*END*
[from data line 168]
       8258     85.500     5.7163     5.7171     0.0008    1.13412    1.13369          1     0.0743     0.0591       9.97     0.0549  5.021e-14  1.000e-12  1.992e+03    10.5002    10.4956    -0.0046     8.2643     8.2606     84.696     86.573      0.254    1444.10    1444.09  0.000e+00
       8305     86.000     5.7208     5.7214     0.0006    1.13492    1.13452          1     0.0738     0.0598       9.97     0.0547  5.015e-14  1.000e-12  1.994e+03    10.5068    10.5025    -0.0042     8.2692     8.2658     85.192     87.078      0.250    1444.13    1444.13  0.000e+00
       8353     86.500     5.7241     5.7251     0.0009    1.13564    1.13524          1     0.0730     0.0583       9.97     0.0546  5.008e-14  1.000e-12  1.997e+03    10.5128    10.5085    -0.0043     8.2738     8.2703     85.687     87.583      0.247    1444.16    1444.16  0.000e+00
       8403     87.000     5.7278     5.7282     0.0003    1.13643    1.13606          1     0.0725     0.0562       9.97     0.0551  5.009e-14  1.000e-12  1.996e+03    10.5195    10.5156    -0.0038     8.2788     8.2757     86.182     88.088      0.234    1444.19    1444.19  0.000e+00
       8453     87.500     5.7312     5.7310    -0.0002    1.13734    1.13687          1     0.0682     0.0558       9.97     0.0550  5.007e-14  1.000e-12  1.997e+03    10.5273    10.5228    -0.0046     8.2848     8.2812     86.677     88.593      0.260    1444.23    1444.22  0.000e+00
       8498     88.000     5.7348     5.7350     0.0003    1.13820    1.13777          1     0.0674     0.0552       9.97     0.0547  5.009e-14  1.000e-12  1.996e+03    10.5348    10.5304    -0.0044     8.2905     8.2870     87.172     89.099      0.255    1444.26    1444.25  0.000e+00
       8547     88.500     5.7378     5.7382     0.0004    1.13885    1.13846          1     0.0695     0.0566       9.97     0.0561  5.004e-14  1.000e-12  1.998e+03    10.5402    10.5362    -0.0040     8.2946     8.2914     87.668     89.604      0.251    1444.29    1444.28  0.000e+00
       8594     89.000     5.7404     5.7408     0.0004    1.13940    1.13900          1     0.0688     0.0550       9.97     0.0559  4.999e-14  1.000e-12  2.000e+03    10.5448    10.5407    -0.0041     8.2980     8.2948     88.163     90.109      0.256    1444.31    1444.31  0.000e+00
       8640     89.500     5.7426     5.7428     0.0002    1.13998    1.13955          1     0.0692     0.0533       9.97     0.0546  5.001e-14  1.000e-12  2.000e+03    10.5499    10.5456    -0.0043     8.3019     8.2985     88.658     90.614      0.255    1444.34    1444.33  0.000e+00
       8688     90.000     5.7451     5.7460     0.0009    1.14051    1.14023          1     0.0675     0.0525       9.97     0.0554  5.004e-14  1.000e-12  1.998e+03    10.5543    10.5512    -0.0031     8.3052     8.3027     89.153     91.119      0.251    1444.36    1444.36  0.000e+00
       8736     90.500     5.7471     5.7473     0.0002    1.14102    1.14068          1     0.0672     0.0520       9.97     0.0556  5.004e-14  1.000e-12  1.998e+03    10.5587    10.5552    -0.0035     8.3086     8.3058     89.648     91.624      0.249    1444.38    1444.38  0.000e+00
       8784     91.000     5.7489     5.7504     0.0015    1.14150    1.14141          1     0.0660     0.0510       9.97     0.0544  5.008e-14  1.000e-12  1.997e+03    10.5628    10.5615    -0.0014     8.3118     8.3106     90.143     92.129      0.252    1444.40    1444.41  0.000e+00
       8831     91.500     5.7510     5.7521     0.0010    1.14200    1.14182          1     0.0667     0.0509       9.97     0.0542  5.009e-14  1.000e-12  1.996e+03    10.5671    10.5649    -0.0022     8.3150     8.3132     90.639     92.634      0.262    1444.42    1444.43  0.000e+00
       8876     92.000     5.7524     5.7531     0.0008    1.14220    1.14199          1     0.0643     0.0500       9.97     0.0542  5.009e-14  1.000e-12  1.996e+03    10.5686    10.5662    -0.0024     8.3161     8.3141     91.134     93.139      0.260    1444.44    1444.44  0.000e+00
       8923     92.500     5.7538     5.7553     0.0015    1.14247    1.14229          1     0.0632     0.0511       9.97     0.0557  5.009e-14  1.000e-12  1.996e+03    10.5707    10.5684    -0.0023     8.3177     8.3158     91.629     93.644      0.256    1444.46    1444.46  0.000e+00
       8970     93.000     5.7558     5.7590     0.0032    1.14283    1.14287          1     0.0634     0.0482       9.97     0.0550  5.009e-14  1.000e-12  1.996e+03    10.5736    10.5730    -0.0007     8.3198     8.3191     92.124     94.149      0.260    1444.48    1444.49  0.000e+00
       9016     93.500     5.7586     5.7620     0.0034    1.14329    1.14350          1     0.0632     0.0513       9.97     0.0543  5.009e-14  1.000e-12  1.996e+03    10.5772    10.5783     0.0011     8.3225     8.3231     92.619     94.654      0.252    1444.50    1444.52  0.000e+00
       9065     94.000     5.7602     5.7671     0.0069    1.14369    1.14436          1     0.0649     0.0481       9.97     0.0548  5.005e-14  1.000e-12  1.998e+03    10.5806    10.5852     0.0046     8.3251     8.3283     93.115     95.159      0.242    1444.52    1444.56  0.000e+00
       9113     94.500     5.7656     5.7743     0.0087    1.14447    1.14567          1     0.0630     0.0478       9.97     0.0542  5.009e-14  1.000e-12  1.996e+03    10.5866    10.5959     0.0093     8.3295     8.3363     93.610     95.664      0.257    1444.56    1444.61  0.000e+00
       9160     95.000     5.7702     5.7769     0.0068    1.14549    1.14641          1     0.0606     0.0465       9.97     0.0554  5.009e-14  1.000e-12  1.996e+03    10.5953    10.6024     0.0071     8.3361     8.3413     94.105     96.170      0.255    1444.60    1444.64  0.000e+00
       9207     95.500     5.7738     5.7797     0.0059    1.14632    1.14694          1     0.0629     0.0446       9.97     0.0550  5.009e-14  1.000e-12  1.996e+03    10.6024    10.6068     0.0044     8.3414     8.3445     94.600     96.675      0.263    1444.63    1444.66  0.000e+00
       9252     96.000     5.7783     5.7822     0.0040    1.14716    1.14745          1     0.0654     0.0475       9.97     0.0544  5.009e-14  1.000e-12  1.996e+03    10.6093    10.6109     0.0016     8.3466     8.3477     95.095     97.180      0.262    1444.67    1444.69  0.000e+00
       9298     96.500     5.7814     5.7854     0.0039    1.14780    1.14814          1     0.0612     0.0457       9.97     0.0540  5.009e-14  1.000e-12  1.996e+03    10.6146    10.6167     0.0021     8.3506     8.3520     95.590     97.685      0.258    1444.69    1444.71  0.000e+00
       9346     97.000     5.7853     5.7892     0.0039    1.14867    1.14908          1     0.0593     0.0448       9.97     0.0548  5.005e-14  1.000e-12  1.998e+03    10.6220    10.6249     0.0029     8.3562     8.3582     96.086     98.190      0.252    1444.73    1444.75  0.000e+00
       9394     97.500     5.7888     5.7942     0.0054    1.14957    1.15015          1     0.0593     0.0470       9.75     0.0550  5.009e-14  1.000e-12  1.996e+03    10.6297    10.6338     0.0041     8.3621     8.3650     96.581     98.695      0.246    1444.76    1444.79  0.000e+00
       9443     98.000     5.7935     5.7991     0.0056    1.15058    1.15132          1     0.0603     0.0427       9.25     0.0543  5.010e-14  1.000e-12  1.996e+03    10.6383    10.6439     0.0056     8.3685     8.3726     97.076     99.200      0.247    1444.80    1444.83  0.000e+00
       9490     98.500     5.7988     5.8027     0.0039    1.15199    1.15280          1     0.0571     0.0438       8.74     0.0538  5.010e-14  1.000e-12  1.996e+03    10.6506    10.6575     0.0069     8.3779     8.3831     97.571     99.705      0.259    1444.85    1444.87  0.000e+00
       9536     99.000     5.8022     5.8044     0.0023    1.15310    1.15348          1     0.0578     0.0454       8.22     0.0537  5.014e-14  1.000e-12  1.994e+03    10.6606    10.6637     0.0031     8.3856     8.3879     98.066    100.210      0.265    1444.88    1444.90  0.000e+00
       9582     99.500     5.8044     5.8077     0.0033    1.15387    1.15453          1     0.0582     0.0420       7.71     0.0544  5.014e-14  1.000e-12  1.994e+03    10.6675    10.6730     0.0056     8.3909     8.3951     98.561    100.715      0.256    1444.91    1444.93  0.000e+00
       9629    100.000     5.8077     5.8097     0.0020    1.15502    1.15531          1     0.0582     0.0443       7.20     0.0552  5.014e-14  1.000e-12  1.994e+03    10.6778    10.6801     0.0022     8.3989     8.4005     99.057    101.220      0.257    1444.94    1444.95  0.000e+00
       9675    100.500     5.8100     5.8103     0.0003    1.15577    1.15554          1     0.0588     0.0426       6.69     0.0567  5.012e-14  1.000e-12  1.995e+03    10.6845    10.6821    -0.0024     8.4039     8.4020     99.552    101.725      0.259    1444.97    1444.97  0.000e+00
       9723    101.000     5.8110     5.8105    -0.0005    1.15609    1.15565          1     0.0579     0.0400       6.16     0.0562  5.010e-14  1.000e-12  1.996e+03    10.6873    10.6831    -0.0042     8.4061     8.4028    100.047    102.230      0.247    1444.98    1444.98  0.000e+00
       9772    101.500     5.8115     5.8108    -0.0007    1.15625    1.15572          1     0.0580     0.0393       5.65     0.0561  5.008e-14  1.000e-12  1.997e+03    10.6886    10.6836    -0.0050     8.4071     8.4032    100.542    102.735      0.246    1445.00    1444.99  0.000e+00
       9819    102.000     5.8118     5.8111    -0.0007    1.15637    1.15585          1     0.0579     0.0423       5.14     0.0556  5.002e-14  1.000e-12  1.999e+03    10.6896    10.6846    -0.0050     8.4079     8.4040    101.037    103.240      0.258    1445.01    1445.00  0.000e+00
       9866    102.500     5.8123     5.8119    -0.0004    1.15653    1.15619          1     0.0584     0.0392       4.63     0.0560  4.999e-14  1.000e-12  2.000e+03    10.6910    10.6877    -0.0033     8.4089     8.4064    101.532    103.745      0.256    1445.02    1445.01  0.000e+00
       9913    103.000     5.8132     5.8129    -0.0002    1.15700    1.15673          1     0.0582     0.0403       4.12     0.0551  4.999e-14  1.000e-12  2.000e+03    10.6953    10.6927    -0.0026     8.4123     8.4102    102.028    104.250      0.255    1445.04    1445.03  0.000e+00
       9960    103.500     5.8140     5.8133    -0.0007    1.15743    1.15709          1     0.0565     0.0409       3.62     0.0559  4.999e-14  1.000e-12  2.000e+03    10.6993    10.6961    -0.0032     8.4154     8.4129    102.523    104.755      0.254    1445.05    1445.05  0.000e+00
      10007    104.000     5.8142     5.8133    -0.0009    1.15771    1.15721          1     0.0562     0.0378       3.11     0.0557  4.999e-14  1.000e-12  2.000e+03    10.7019    10.6972    -0.0047     8.4174     8.4137    103.018    105.260      0.257    1445.06    1445.06  0.000e+00
      10054    104.500     5.8143     5.8134    -0.0010    1.15780    1.15723          1     0.0556     0.0390       2.60     0.0557  4.999e-14  1.000e-12  2.000e+03    10.7026    10.6973    -0.0054     8.4180     8.4138    103.513    105.765      0.247    1445.07    1445.06  0.000e+00
      10103    105.000     5.8145     5.8136    -0.0009    1.15786    1.15730          1     0.0568     0.0394       2.10     0.0562  4.999e-14  1.000e-12  2.000e+03    10.7032    10.6978    -0.0054     8.4184     8.4142    104.008    106.270      0.247    1445.08    1445.07  0.000e+00
      10162    105.500     5.8148     5.8136    -0.0012    1.15790    1.15732          1     0.0526     0.0370       2.80     0.0564  5.001e-14  1.000e-12  2.000e+03    10.7034    10.6979    -0.0055     8.4186     8.4143    104.503    106.775      0.205    1445.09    1445.08  0.000e+00
      10589    106.000     5.8148     5.8137    -0.0011    1.15792    1.15734          1     0.0537     0.0374       3.65     0.0566  5.002e-14  1.000e-12  1.999e+03    10.7034    10.6980    -0.0055     8.4186     8.4144    104.999    107.280      0.137    1445.10    1445.09  0.000e+00
