ctdpy/exports/archive_20191121_122431/received_data/SBE09_0827_20181005_0447_26_01_1013.cnv
* Sea-Bird SBE 9 Data File:
* FileName = D:\CTD_SBE911\DAT\26DA.2018.10.13.hex
* Software Version Seasave V 7.21d
* Temperature SN = 4548
* Conductivity SN = 3062
* Number of Bytes Per Scan = 48
* Number of Voltage Words = 5
* Number of Scans Averaged by the Deck Unit = 1
* NMEA Latitude = 56 07.81 N
* NMEA Longitude = 017 43.91 E
* NMEA UTC (Time) = Oct 05 2018  04:50:10
* NMEA baud rate = 4800
** Ship: DANA
** Average sound velocity: 1450.00 m/s
** True-depth calculation Thu, 28 Mar 2019 12:17:35 +0000
** CTD Python Module SMHI /ver 3-12/ feb 2012 
** LIMS Job: 20182601-1013
** Operator: Christian
** Cruise: 10/2018
# nquan = 26
# nvalues = 126                         
# units = specified
# name 0 = scan: Scan Count
# name 1 = prDM: Pressure, Digiquartz [db]
# name 2 = t090C: Temperature [ITS-90, deg C]
# name 3 = t190C: Temperature, 2 [ITS-90, deg C]
# name 4 = T2-T190C: Temperature Difference, 2 - 1 [ITS-90, deg C]
# name 5 = c0S/m: Conductivity [S/m]
# name 6 = c1S/m: Conductivity, 2 [S/m]
# name 7 = pumps: Pump Status
# name 8 = sbeox1ML/L: Oxygen, SBE 43, 2 [ml/l]
# name 9 = sbeox0ML/L: Oxygen, SBE 43 [ml/l]
# name 10 = altM: Altimeter [m]
# name 11 = chloroflTC0: Chlorophyll, Turner Cyclops [ug/l]
# name 12 = cpar: CPAR/Corrected Irradiance [%]
# name 13 = par: PAR/Irradiance, Biospherical/Lico [µE/(cm^2*s)]
# name 14 = spar: SPAR, Biospherical/Licor
# name 15 = sal00: Salinity, Practical [PSU]
# name 16 = sal11: Salinity, Practical, 2 [PSU]
# name 17 = secS-priS: Salinity, Practical, Difference, 2 - 1 [PSU]
# name 18 = sigma-t00: Density [sigma-t, kg/m^3 ]
# name 19 = sigma-t11: Density, 2 [sigma-t, kg/m^3 ]
# name 20 = depSM: Depth [salt water, m], lat = 56.1302
# name 21 = depFM: Depth [true depth, m], lat = 56.1302
# name 22 = dz/dtM: Descent Rate [m/s], WS = 2
# name 23 = svCM: Sound Velocity [Chen-Millero, m/s]
# name 24 = svCM1: Sound Velocity, 2 [Chen-Millero, m/s]
# name 25 = flag: flag
# span 0 =        -58,       7596       
# span 1 =      1.000,     63.500       
# span 2 =     4.4553,    10.8219       
# span 3 =     4.4556,    10.8227       
# span 4 =    -0.4491,     0.0914       
# span 5 =   0.821010,   0.917550       
# span 6 =   0.820581,   0.917585       
# span 7 =          1,          1       
# span 8 =     6.0670,     7.2447       
# span 9 =     5.6803,     6.7383       
# span 10 =       0.47,       9.97      
# span 11 =     0.0000,     0.0000      
# span 12 = 1.6020e-11, 5.5412e-01      
# span 13 = 1.0000e-12, 2.2506e-02      
# span 14 = 4.0616e+00, 6.1899e+00      
# span 15 =     7.2360,     7.7750      
# span 16 =     7.2364,     7.7749      
# span 17 =    -0.0064,     0.0330      
# span 18 =     5.2602,     6.1673      
# span 19 =     5.2602,     6.1672      
# span 20 =      0.991,     62.912      
# span 21 =      1.013,     64.317      
# span 22 =     -0.324,      0.501      
# span 23 =    1434.75,    1459.68      
# span 24 =    1434.68,    1459.69      
# span 25 = 0.0000e+00, 0.0000e+00      
# interval = decibars: 0.5              
# start_time = Oct 05 2018 04:50:10 [NMEA time, first data scan]
# bad_flag = -9.990e-29
*END*
[from data line 56]
       2915     29.000     8.4343     8.4206    -0.0139    0.87903    0.87919          1     6.7745     6.3544       9.97     0.0000  2.462e-11  1.000e-12  4.062e+00     7.3816     7.3860     0.0043     5.6178     5.6223     28.734     29.382      0.260    1450.62    1450.57  0.000e+00
       2949     29.500     8.3829     8.3574    -0.0254    0.87847    0.87846          1     6.7565     6.3352       9.97     0.0000  2.462e-11  1.000e-12  4.062e+00     7.3872     7.3925     0.0052     5.6266     5.6329     29.229     29.888      0.390    1450.43    1450.33  0.000e+00
       2987     30.000     8.3299     8.3195    -0.0105    0.87763    0.87775          1     6.7677     6.3335       9.97     0.0000  2.462e-11  1.000e-12  4.062e+00     7.3907     7.3939     0.0032     5.6338     5.6373     29.725     30.395      0.244    1450.22    1450.19  0.000e+00
       3044     30.500     8.3076     8.3014    -0.0062    0.87738    0.87752          1     6.7828     6.3459       9.97     0.0000  2.462e-11  1.000e-12  4.062e+00     7.3931     7.3956     0.0025     5.6376     5.6401     30.220     30.901      0.279    1450.14    1450.12  0.000e+00
       3080     31.000     8.3000     8.2989    -0.0011    0.87753    0.87773          1     6.7723     6.3406       9.97     0.0000  2.462e-11  1.000e-12  4.062e+00     7.3959     7.3980     0.0020     5.6405     5.6422     30.715     31.407      0.339    1450.12    1450.12  0.000e+00
       3120     31.500     8.2944     8.2858    -0.0086    0.87753    0.87753          1     6.7547     6.3312       9.97     0.0000  2.462e-11  1.000e-12  4.062e+00     7.3970     7.3988     0.0018     5.6418     5.6440     31.211     31.914      0.271    1450.11    1450.08  0.000e+00
       3165     32.000     8.2712     8.2533    -0.0178    0.87717    0.87710          1     6.7543     6.3288       9.97     0.0000  2.462e-11  1.000e-12  4.062e+00     7.3986     7.4017     0.0031     5.6450     5.6490     31.706     32.420      0.271    1450.03    1449.96  0.000e+00
       3211     32.500     8.2569     8.2324    -0.0245    0.87717    0.87709          1     6.7452     6.3127       9.97     0.0000  2.462e-11  1.000e-12  4.062e+00     7.4015     7.4059     0.0044     5.6485     5.6541     32.201     32.927      0.260    1449.98    1449.89  0.000e+00
       3253     33.000     8.2274     8.2097    -0.0178    0.87692    0.87685          1     6.7254     6.2915       9.97     0.0000  2.462e-11  1.000e-12  4.062e+00     7.4053     7.4084     0.0031     5.6540     5.6579     32.697     33.433      0.332    1449.87    1449.81  0.000e+00
       3291     33.500     8.1963     8.1835    -0.0128    0.87635    0.87622          1     6.7297     6.2910       9.97     0.0000  2.462e-11  1.000e-12  4.062e+00     7.4067     7.4082     0.0015     5.6577     5.6599     33.192     33.939      0.264    1449.76    1449.71  0.000e+00
       3342     34.000     8.1848     8.1711    -0.0137    0.87608    0.87592          1     6.7538     6.3226       9.97     0.0000  2.462e-11  1.000e-12  4.062e+00     7.4066     7.4081     0.0015     5.6586     5.6609     33.687     34.446      0.288    1449.72    1449.66  0.000e+00
       3376     34.500     8.1483     8.1401    -0.0082    0.87524    0.87524          1     6.7562     6.3231       9.97     0.0000  2.462e-11  1.000e-12  4.062e+00     7.4065     7.4083     0.0017     5.6616     5.6636     34.183     34.952      0.375    1449.58    1449.55  0.000e+00
       3413     35.000     8.0471     7.9889    -0.0583    0.87388    0.87341          1     6.7151     6.3037       9.97     0.0000  2.462e-11  1.000e-12  4.062e+00     7.4154     7.4235     0.0081     5.6769     5.6880     34.678     35.459      0.262    1449.18    1448.96  0.000e+00
       3467     35.500     7.8827     7.8247    -0.0580    0.87207    0.87160          1     6.6409     6.2468       9.97     0.0000  2.462e-11  1.000e-12  4.062e+00     7.4336     7.4416     0.0080     5.7045     5.7154     35.174     35.965      0.265    1448.54    1448.31  0.000e+00
       3505     36.000     7.7738     7.7611    -0.0127    0.87090    0.87096          1     6.6175     6.2164       9.97     0.0000  2.462e-11  1.000e-12  4.062e+00     7.4460     7.4493     0.0032     5.7228     5.7263     35.669     36.471      0.288    1448.12    1448.07  0.000e+00
       3561     36.500     7.7267     7.7044    -0.0222    0.87048    0.87040          1     6.6061     6.1977       9.97     0.0000  2.462e-11  1.000e-12  4.062e+00     7.4521     7.4561     0.0040     5.7312     5.7361     36.164     36.978      0.213    1447.94    1447.85  0.000e+00
       3606     37.000     7.6896     7.6801    -0.0094    0.87011    0.87015          1     6.6039     6.1940       9.97     0.0000  2.462e-11  1.000e-12  4.062e+00     7.4565     7.4590     0.0024     5.7376     5.7402     36.660     37.484      0.364    1447.80    1447.77  0.000e+00
       3636     37.500     7.6649     7.6492    -0.0157    0.86957    0.86944          1     6.6025     6.1887       9.97     0.0000  2.462e-11  1.000e-12  4.062e+00     7.4568     7.4589     0.0021     5.7397     5.7426     37.155     37.990      0.374    1447.71    1447.64  0.000e+00
       3687     38.000     7.5954     7.5609    -0.0348    0.86790    0.86724          1     6.6126     6.2051       9.97     0.0000  2.462e-11  1.000e-12  4.062e+00     7.4562     7.4574     0.0013     5.7445     5.7481     37.650     38.497      0.233    1447.43    1447.29  0.000e+00
       3740     38.500     7.4639     7.4226    -0.0411    0.86481    0.86433          1     6.6291     6.2155       9.97     0.0000  2.462e-11  1.000e-12  4.062e+00     7.4557     7.4601     0.0044     5.7540     5.7606     38.146     39.003      0.378    1446.89    1446.73  0.000e+00
       3770     39.000     7.4007     7.3941    -0.0067    0.86382    0.86384          1     6.6524     6.2246       9.97     0.0000  2.462e-11  1.000e-12  4.062e+00     7.4600     7.4616     0.0016     5.7621     5.7638     38.641     39.510      0.310    1446.64    1446.62  0.000e+00
       3836     39.500     7.3688     7.3449    -0.0238    0.86376    0.86373          1     6.6165     6.1978       9.97     0.0000  2.462e-11  1.000e-12  4.062e+00     7.4663     7.4711     0.0048     5.7693     5.7749     39.136     40.016      0.277    1446.53    1446.43  0.000e+00
       3873     40.000     7.3255     7.3161    -0.0094    0.86344    0.86349          1     6.5923     6.1848       9.97     0.0000  2.462e-11  1.000e-12  4.062e+00     7.4725     7.4750     0.0025     5.7774     5.7801     39.632     40.522      0.376    1446.36    1446.33  0.000e+00
       3913     40.500     7.3053     7.2992    -0.0061    0.86328    0.86342          1     6.5873     6.1847       9.97     0.0000  2.462e-11  1.000e-12  4.062e+00     7.4753     7.4780     0.0026     5.7811     5.7836     40.127     41.029      0.235    1446.29    1446.27  0.000e+00
       3968     41.000     7.3139     7.3125    -0.0014    0.86390    0.86403          1     6.5824     6.1764       9.97     0.0000  2.462e-11  1.000e-12  4.062e+00     7.4792     7.4806     0.0015     5.7835     5.7847     40.622     41.535      0.298    1446.34    1446.34  0.000e+00
       4002     41.500     7.3143     7.3134    -0.0009    0.86402    0.86413          1     6.5820     6.1641       9.97     0.0000  2.462e-11  1.000e-12  4.062e+00     7.4801     7.4814     0.0012     5.7842     5.7852     41.118     42.041      0.337    1446.35    1446.35  0.000e+00
       4046     42.000     7.3127     7.3107    -0.0020    0.86414    0.86426          1     6.5856     6.1651       9.97     0.0000  2.462e-11  1.000e-12  4.062e+00     7.4815     7.4830     0.0015     5.7854     5.7867     41.613     42.548      0.223    1446.35    1446.35  0.000e+00
       4104     42.500     7.3112     7.3099    -0.0013    0.86423    0.86429          1     6.5835     6.1569       9.97     0.0000  2.462e-11  1.000e-12  4.062e+00     7.4826     7.4835     0.0009     5.7864     5.7872     42.108     43.054      0.233    1446.36    1446.35  0.000e+00
       4150     43.000     7.3099     7.3092    -0.0007    0.86425    0.86431          1     6.5809     6.1538       9.97     0.0000  2.462e-11  1.000e-12  4.062e+00     7.4830     7.4837     0.0007     5.7868     5.7874     42.604     43.560      0.285    1446.36    1446.36  0.000e+00
       4196     43.500     7.3086     7.3084    -0.0001    0.86424    0.86430          1     6.5854     6.1688       9.97     0.0000  2.462e-11  1.000e-12  4.062e+00     7.4832     7.4838     0.0006     5.7870     5.7875     43.099     44.067      0.237    1446.36    1446.36  0.000e+00
       4242     44.000     7.3065     7.3001    -0.0063    0.86421    0.86415          1     6.5773     6.1577       9.97     0.0000  2.462e-11  1.000e-12  4.062e+00     7.4833     7.4841     0.0008     5.7872     5.7883     43.594     44.573      0.375    1446.36    1446.33  0.000e+00
       4271     44.500     7.2796     7.2744    -0.0053    0.86372    0.86371          1     6.5950     6.1611       9.97     0.0000  2.462e-11  1.000e-12  4.062e+00     7.4845     7.4855     0.0011     5.7901     5.7913     44.090     45.079      0.319    1446.26    1446.24  0.000e+00
       4335     45.000     7.2666     7.2524    -0.0143    0.86359    0.86350          1     6.5771     6.1622       9.97     0.0000  2.462e-11  1.000e-12  4.062e+00     7.4860     7.4882     0.0022     5.7922     5.7950     44.585     45.586      0.279    1446.21    1446.16  0.000e+00
       4368     45.500     7.1973     7.1807    -0.0167    0.86315    0.86323          1     6.5499     6.1500       9.97     0.0000  2.462e-11  1.000e-12  4.062e+00     7.4968     7.5012     0.0044     5.8056     5.8103     45.080     46.092      0.405    1445.95    1445.88  0.000e+00
       4408     46.000     7.1467     7.1152    -0.0314    0.86320    0.86310          1     6.5225     6.1275       9.97     0.0000  2.462e-11  1.000e-12  4.062e+00     7.5082     7.5142     0.0060     5.8181     5.8250     45.576     46.598      0.221    1445.76    1445.63  0.000e+00
       4471     46.500     6.8739     6.7896    -0.0847    0.85729    0.85598          1     6.4705     6.0866       9.97     0.0000  2.462e-11  1.000e-12  4.062e+00     7.5120     7.5180     0.0060     5.8396     5.8500     46.071     47.105      0.290    1444.63    1444.28  0.000e+00
       4510     47.000     6.6268     6.5913    -0.0352    0.85129    0.85084          1     6.6101     6.1936       9.97     0.0000  2.462e-11  1.000e-12  4.062e+00     7.5093     7.5128     0.0035     5.8536     5.8586     46.567     47.611      0.280    1443.59    1443.45  0.000e+00
       4556     47.500     6.5053     6.4710    -0.0342    0.84869    0.84833          1     6.5944     6.1944       9.97     0.0000  2.462e-11  1.000e-12  4.062e+00     7.5112     7.5153     0.0041     5.8626     5.8678     47.062     48.117      0.274    1443.09    1442.95  0.000e+00
       4598     48.000     6.2475     6.2227    -0.0250    0.84300    0.84284          1     6.6665     6.2376       9.97     0.0000  2.462e-11  1.000e-12  4.062e+00     7.5135     7.5174     0.0039     5.8797     5.8843     47.557     48.624      0.258    1442.00    1441.90  0.000e+00
       4650     48.500     6.2015     6.1800    -0.0217    0.84229    0.84211          1     6.6975     6.2670       9.97     0.0000  2.462e-11  1.000e-12  4.062e+00     7.5168     7.5199     0.0030     5.8850     5.8886     48.053     49.130      0.244    1441.82    1441.73  0.000e+00
       4694     49.000     6.1740     6.1674    -0.0066    0.84194    0.84206          1     6.7054     6.2723       9.97     0.0000  2.462e-11  1.000e-12  4.062e+00     7.5195     7.5221     0.0026     5.8887     5.8911     48.548     49.636      0.270    1441.71    1441.69  0.000e+00
       4751     49.500     6.1577     6.1180    -0.0397    0.84190    0.84140          1     6.6893     6.2748       9.97     0.0000  2.462e-11  1.000e-12  4.062e+00     7.5227     7.5266     0.0040     5.8921     5.8974     49.043     50.142      0.221    1441.65    1441.49  0.000e+00
       4801     50.000     5.9893     5.9398    -0.0495    0.83896    0.83850          1     6.6435     6.2462       9.97     0.0000  2.462e-11  1.000e-12  4.062e+00     7.5316     7.5382     0.0066     5.9084     5.9163     49.538     50.649      0.303    1440.95    1440.75  0.000e+00
       4842     50.500     5.8828     5.8433    -0.0396    0.83727    0.83681          1     6.6418     6.2343       9.97     0.0000  2.462e-11  1.000e-12  4.062e+00     7.5389     7.5433     0.0044     5.9199     5.9254     50.034     51.155      0.255    1440.51    1440.35  0.000e+00
       4891     51.000     5.8267     5.7921    -0.0345    0.83633    0.83597          1     6.6254     6.2203       9.97     0.0000  2.462e-11  1.000e-12  4.062e+00     7.5423     7.5465     0.0042     5.9255     5.9305     50.529     51.661      0.251    1440.28    1440.14  0.000e+00
       4943     51.500     5.7597     5.7330    -0.0269    0.83529    0.83505          1     6.6205     6.2090       9.97     0.0000  2.462e-11  1.000e-12  4.062e+00     7.5471     7.5507     0.0036     5.9327     5.9369     51.024     52.167      0.211    1440.01    1439.90  0.000e+00
       4996     52.000     5.6973     5.6801    -0.0172    0.83455    0.83452          1     6.6086     6.2006       9.97     0.0000  2.462e-11  1.000e-12  4.062e+00     7.5538     7.5574     0.0035     5.9412     5.9448     51.520     52.674      0.305    1439.76    1439.68  0.000e+00
       5030     52.500     5.6578     5.6408    -0.0171    0.83416    0.83410          1     6.6014     6.2041       9.97     0.0000  2.462e-11  1.000e-12  4.062e+00     7.5588     7.5619     0.0032     5.9470     5.9504     52.015     53.180      0.310    1439.60    1439.53  0.000e+00
       5095     53.000     5.5720     5.5258    -0.0459    0.83267    0.83200          1     6.6253     6.2155       9.97     0.0000  2.462e-11  1.000e-12  4.062e+00     7.5634     7.5673     0.0038     5.9549     5.9601     52.510     53.686      0.210    1439.24    1439.05  0.000e+00
       5141     53.500     5.5170     5.5109    -0.0062    0.83174    0.83183          1     6.6316     6.2209       9.97     0.0000  2.462e-11  1.000e-12  4.062e+00     7.5667     7.5689     0.0022     5.9601     5.9621     53.006     54.193      0.338    1439.01    1438.99  0.000e+00
       5177     54.000     5.4774     5.4725    -0.0049    0.83101    0.83112          1     6.6313     6.2164       9.97     0.0000  2.462e-11  1.000e-12  4.062e+00     7.5684     7.5705     0.0021     5.9633     5.9652     53.501     54.699      0.285    1438.85    1438.83  0.000e+00
       5244     54.500     5.4560     5.4493    -0.0066    0.83070    0.83074          1     6.6248     6.2142       9.97     0.0000  2.462e-11  1.000e-12  4.062e+00     7.5701     7.5720     0.0018     5.9657     5.9674     53.996     55.205      0.205    1438.77    1438.74  0.000e+00
       5296     55.000     5.4410     5.4370    -0.0040    0.83048    0.83052          1     6.6429     6.2174       9.87     0.0000  2.462e-11  1.000e-12  4.062e+00     7.5713     7.5726     0.0013     5.9673     5.9685     54.492     55.711      0.300    1438.71    1438.70  0.000e+00
       5336     55.500     5.4268     5.4165    -0.0103    0.83018    0.83013          1     6.6400     6.2136       9.34     0.0000  2.462e-11  1.000e-12  4.062e+00     7.5715     7.5733     0.0018     5.9681     5.9700     54.987     56.217      0.269    1438.66    1438.62  0.000e+00
       5390     56.000     5.3161     5.2516    -0.0648    0.82830    0.82750          1     6.6191     6.2159       8.76     0.0000  2.462e-11  1.000e-12  4.062e+00     7.5779     7.5847     0.0068     5.9782     5.9864     55.482     56.724      0.219    1438.19    1437.92  0.000e+00
