ctdpy/exports/archive_20191121_122431/received_data/SBE09_0827_20180301_0538_26_01_0335.cnv
* Sea-Bird SBE 9 Data File:
* FileName = D:\CTD_SBE911\DAT\26DA.2018.3.35.hex
* Software Version Seasave V 7.21d
* Temperature SN = 034757
* Conductivity SN = 041844
* Number of Bytes Per Scan = 48
* Number of Voltage Words = 5
* Number of Scans Averaged by the Deck Unit = 1
* NMEA Latitude = 57 14.81 N
* NMEA Longitude = 019 05.90 E
* NMEA UTC (Time) = Mar 01 2018  05:39:20
* NMEA baud rate = 4800
** Ship: DANA
** Average sound velocity: 1430.01 m/s
** True-depth calculation Tue, 02 Apr 2019 12:08:28 +0000
** CTD Python Module SMHI /ver 3-12/ feb 2012 
** LIMS Job: 20182601-0335
** Operator:
** Cruise: 02/2018
# nquan = 26
# nvalues = 170                         
# units = specified
# name 0 = scan: Scan Count
# name 1 = prDM: Pressure, Digiquartz [db]
# name 2 = t090C: Temperature [ITS-90, deg C]
# name 3 = t190C: Temperature, 2 [ITS-90, deg C]
# name 4 = T2-T190C: Temperature Difference, 2 - 1 [ITS-90, deg C]
# name 5 = c0S/m: Conductivity [S/m]
# name 6 = c1S/m: Conductivity, 2 [S/m]
# name 7 = pumps: Pump Status
# name 8 = sbeox1ML/L: Oxygen, SBE 43, 2 [ml/l]
# name 9 = sbeox0ML/L: Oxygen, SBE 43 [ml/l]
# name 10 = altM: Altimeter [m]
# name 11 = chloroflTC0: Chlorophyll, Turner Cyclops [ug/l]
# name 12 = cpar: CPAR/Corrected Irradiance [%]
# name 13 = par: PAR/Irradiance, Biospherical/Lico [µE/(cm^2*s)]
# name 14 = spar: SPAR, Biospherical/Licor
# name 15 = sal00: Salinity, Practical [PSU]
# name 16 = sal11: Salinity, Practical, 2 [PSU]
# name 17 = secS-priS: Salinity, Practical, Difference, 2 - 1 [PSU]
# name 18 = sigma-t00: Density [sigma-t, kg/m^3 ]
# name 19 = sigma-t11: Density, 2 [sigma-t, kg/m^3 ]
# name 20 = depSM: Depth [salt water, m], lat = 57.2468
# name 21 = depFM: Depth [true depth, m], lat = 57.2468
# name 22 = dz/dtM: Descent Rate [m/s], WS = 2
# name 23 = svCM: Sound Velocity [Chen-Millero, m/s]
# name 24 = svCM1: Sound Velocity, 2 [Chen-Millero, m/s]
# name 25 = flag: flag
# span 0 =        -57,       8536       
# span 1 =      2.000,     86.500       
# span 2 =     3.0565,     5.7502       
# span 3 =     3.0547,     5.7492       
# span 4 =    -1.2910,     0.0050       
# span 5 =   0.758396,   1.105407       
# span 6 =   0.757550,   1.104531       
# span 7 =          1,          1       
# span 8 =     0.2071,     8.5756       
# span 9 =     0.2323,     8.4676       
# span 10 =      -0.53,       9.97      
# span 11 =     0.0115,     0.0161      
# span 12 = 7.0344e-12, 3.0332e+00      
# span 13 = 1.0000e-12, 2.4640e-01      
# span 14 = 8.1233e+00, 1.4216e+01      
# span 15 =     7.3906,    10.2034      
# span 16 =     7.3829,    10.1946      
# span 17 =    -1.1741,    -0.0062      
# span 18 =     5.8914,     8.0284      
# span 19 =     5.8854,     8.0214      
# span 20 =      1.982,     85.686      
# span 21 =      2.025,     87.564      
# span 22 =     -0.152,      0.735      
# span 23 =    1426.97,    1443.88      
# span 24 =    1426.96,    1443.87      
# span 25 = 0.0000e+00, 0.0000e+00      
# interval = decibars: 0.5              
# start_time = Mar 01 2018 05:39:20 [NMEA time, first data scan]
# bad_flag = -9.990e-29
*END*
[from data line 112]
       5456     58.000     3.0770     3.0782     0.0012    0.75948    0.75877          1     8.5594     8.4445       9.97     0.0121  9.848e-12  1.000e-12  1.015e+01     7.3908     7.3832    -0.0076     5.8915     5.8854     57.458     58.729      0.282    1427.95    1427.95  0.000e+00
       5555     58.500     3.0764     3.0773     0.0008    0.75947    0.75877          1     8.5564     8.4622       9.97     0.0122  9.848e-12  1.000e-12  1.015e+01     7.3907     7.3832    -0.0075     5.8915     5.8855     57.953     59.235      0.251    1427.96    1427.95  0.000e+00
       5594     59.000     3.0763     3.0778     0.0014    0.75947    0.75878          1     8.5646     8.4566       9.97     0.0122  9.807e-12  1.000e-12  1.020e+01     7.3908     7.3832    -0.0076     5.8915     5.8855     58.449     59.742      0.299    1427.96    1427.96  0.000e+00
       5638     59.500     3.0747     3.0774     0.0026    0.75944    0.75878          1     8.5614     8.4609       9.97     0.0122  9.684e-12  1.000e-12  1.036e+01     7.3907     7.3832    -0.0075     5.8915     5.8855     58.944     60.248      0.257    1427.96    1427.97  0.000e+00
       5685     60.000     3.0750     3.0765     0.0015    0.75945    0.75877          1     8.5620     8.4520       9.97     0.0122  9.347e-12  1.000e-12  1.077e+01     7.3907     7.3832    -0.0075     5.8915     5.8855     59.439     60.754      0.252    1427.97    1427.97  0.000e+00
       5742     60.500     3.0755     3.0759     0.0004    0.75947    0.75876          1     8.5664     8.4476       9.97     0.0122  8.730e-12  1.000e-12  1.154e+01     7.3907     7.3832    -0.0075     5.8915     5.8855     59.934     61.261      0.191    1427.98    1427.98  0.000e+00
       5802     61.000     3.0757     3.0757     0.0000    0.75948    0.75877          1     8.5588     8.4475       9.97     0.0126  8.383e-12  1.000e-12  1.197e+01     7.3907     7.3832    -0.0075     5.8915     5.8855     60.430     61.767      0.271    1427.99    1427.98  0.000e+00
       5855     61.500     3.0736     3.0759     0.0022    0.75944    0.75877          1     8.5551     8.4444       9.97     0.0122  8.193e-12  1.000e-12  1.220e+01     7.3906     7.3831    -0.0075     5.8915     5.8854     60.925     62.273      0.209    1427.99    1427.99  0.000e+00
       5923     62.000     3.0739     3.0745     0.0005    0.75945    0.75874          1     8.5646     8.4433       9.97     0.0122  8.207e-12  1.000e-12  1.219e+01     7.3906     7.3831    -0.0075     5.8914     5.8854     61.420     62.779      0.289    1428.00    1427.99  0.000e+00
       5964     62.500     3.0736     3.0745     0.0008    0.75945    0.75875          1     8.5657     8.4457       9.97     0.0123  8.207e-12  1.000e-12  1.219e+01     7.3906     7.3831    -0.0075     5.8915     5.8854     61.915     63.286      0.238    1428.01    1428.00  0.000e+00
       6021     63.000     3.0737     3.0741     0.0003    0.75946    0.75875          1     8.5676     8.4448       9.97     0.0123  8.207e-12  1.000e-12  1.219e+01     7.3906     7.3831    -0.0075     5.8914     5.8855     62.411     63.792      0.294    1428.01    1428.01  0.000e+00
       6056     63.500     3.0749     3.0744    -0.0005    0.75949    0.75875          1     8.5744     8.4378       9.97     0.0123  8.207e-12  1.000e-12  1.219e+01     7.3907     7.3831    -0.0076     5.8915     5.8854     62.906     64.298      0.285    1428.03    1428.02  0.000e+00
       6153     64.000     3.0746     3.0752     0.0007    0.75949    0.75879          1     8.5678     8.4481       9.97     0.0122  8.207e-12  1.000e-12  1.219e+01     7.3907     7.3832    -0.0075     5.8915     5.8855     63.401     64.805      0.264    1428.04    1428.03  0.000e+00
       6197     64.500     3.0762     3.0753    -0.0008    0.75957    0.75880          1     8.5654     8.4447       9.97     0.0122  8.207e-12  1.000e-12  1.219e+01     7.3910     7.3832    -0.0078     5.8917     5.8855     63.896     65.311      0.258    1428.05    1428.04  0.000e+00
       6265     65.000     3.0777     3.0771    -0.0007    0.75962    0.75887          1     8.5611     8.4422       9.97     0.0122  8.207e-12  1.000e-12  1.219e+01     7.3911     7.3834    -0.0077     5.8918     5.8856     64.392     65.817      0.222    1428.07    1428.05  0.000e+00
       6313     65.500     3.0777     3.0779     0.0002    0.75962    0.75891          1     8.5586     8.4439       9.97     0.0123  8.207e-12  1.000e-12  1.219e+01     7.3910     7.3836    -0.0074     5.8917     5.8858     64.887     66.323      0.359    1428.07    1428.06  0.000e+00
       6360     66.000     3.0797     3.0781    -0.0016    0.75969    0.75891          1     8.5548     8.4470       9.97     0.0122  8.207e-12  1.000e-12  1.219e+01     7.3913     7.3835    -0.0078     5.8919     5.8857     65.382     66.830      0.261    1428.09    1428.07  0.000e+00
       6429     66.500     3.0782     3.0789     0.0006    0.75964    0.75895          1     8.5503     8.4485       9.97     0.0124  8.207e-12  1.000e-12  1.219e+01     7.3910     7.3836    -0.0074     5.8917     5.8858     65.877     67.336      0.371    1428.09    1428.08  0.000e+00
       6458     67.000     3.0799     3.0789    -0.0010    0.75969    0.75894          1     8.5653     8.4428       9.97     0.0122  8.207e-12  1.000e-12  1.219e+01     7.3911     7.3835    -0.0076     5.8917     5.8857     66.373     67.842      0.320    1428.11    1428.09  0.000e+00
       6545     67.500     3.0779     3.0785     0.0006    0.75965    0.75895          1     8.5688     8.4373       9.97     0.0122  8.207e-12  1.000e-12  1.219e+01     7.3911     7.3836    -0.0075     5.8917     5.8858     66.868     68.349      0.267    1428.11    1428.10  0.000e+00
       6577     68.000     3.0760     3.0783     0.0023    0.75959    0.75895          1     8.5622     8.4318       9.97     0.0122  8.207e-12  1.000e-12  1.219e+01     7.3908     7.3836    -0.0072     5.8916     5.8858     67.363     68.855      0.369    1428.11    1428.11  0.000e+00
       6615     68.500     3.0748     3.0779     0.0031    0.75957    0.75895          1     8.5459     8.4395       9.97     0.0122  8.207e-12  1.000e-12  1.219e+01     7.3908     7.3836    -0.0072     5.8916     5.8858     67.858     69.361      0.232    1428.11    1428.11  0.000e+00
       6684     69.000     3.0825     3.0764    -0.0061    0.75988    0.75892          1     8.5586     8.4385       9.97     0.0123  8.207e-12  1.000e-12  1.219e+01     7.3922     7.3835    -0.0087     5.8926     5.8857     68.353     69.867      0.263    1428.15    1428.11  0.000e+00
       6720     69.500     3.0838     3.0791    -0.0047    0.75992    0.75902          1     8.5603     8.4360       9.97     0.0121  8.207e-12  1.000e-12  1.219e+01     7.3922     7.3839    -0.0083     5.8926     5.8860     68.849     70.374      0.343    1428.17    1428.13  0.000e+00
       6769     70.000     3.0862     3.0819    -0.0043    0.76001    0.75913          1     8.5533     8.4368       9.97     0.0121  8.207e-12  1.000e-12  1.219e+01     7.3926     7.3843    -0.0082     5.8929     5.8863     69.344     70.880      0.206    1428.19    1428.15  0.000e+00
       6838     70.500     3.0895     3.0882    -0.0014    0.76014    0.75936          1     8.5501     8.4321       9.97     0.0122  8.153e-12  1.000e-12  1.228e+01     7.3931     7.3853    -0.0079     5.8933     5.8870     69.839     71.386      0.267    1428.21    1428.19  0.000e+00
       6884     71.000     3.0960     3.0934    -0.0026    0.76044    0.75957          1     8.5461     8.4330       9.97     0.0122  8.162e-12  1.000e-12  1.226e+01     7.3947     7.3861    -0.0086     5.8944     5.8876     70.334     71.893      0.220    1428.25    1428.23  0.000e+00
       6941     71.500     3.0942     3.0987     0.0046    0.76034    0.75985          1     8.5417     8.4323       9.97     0.0122  8.103e-12  1.000e-12  1.237e+01     7.3940     7.3878    -0.0062     5.8939     5.8890     70.830     72.399      0.255    1428.25    1428.26  0.000e+00
       6985     72.000     3.0970     3.0961    -0.0009    0.76044    0.75973          1     8.5295     8.4315       9.97     0.0122  7.997e-12  1.000e-12  1.255e+01     7.3943     7.3871    -0.0073     5.8942     5.8884     71.325     72.905      0.248    1428.27    1428.25  0.000e+00
       7038     72.500     3.1036     3.0971    -0.0065    0.76076    0.75973          1     8.5306     8.2407       9.97     0.0122  7.743e-12  1.000e-12  1.299e+01     7.3960     7.3868    -0.0092     5.8954     5.8882     71.820     73.411      0.242    1428.31    1428.27  0.000e+00
       7081     73.000     3.1901     3.1008    -0.0894    0.77243    0.75989          1     8.4638     7.9411       9.97     0.0161  7.862e-12  1.000e-12  1.278e+01     7.4971     7.3875    -0.1097     5.9748     5.8887     72.315     73.918      0.284    1428.85    1428.29  0.000e+00
       7129     73.500     4.5310     3.2406    -1.2910    0.91576    0.77083          1     8.2575     4.6480       9.96     0.0145  7.528e-12  1.000e-12  1.336e+01     8.6431     7.4691    -1.1741     6.8537     5.9519     72.810     74.424      0.202    1436.38    1429.05  0.000e+00
       7197     74.000     5.2523     4.4389    -0.8136    0.96230    0.88074          1     6.6140     2.5568       9.97     0.0134  7.267e-12  1.000e-12  1.381e+01     8.9187     8.3069    -0.6117     7.0405     6.5886     73.306     74.929      0.234    1439.90    1435.54  0.000e+00
       7240     74.500     5.4850     4.9421    -0.5420    0.98435    0.92959          1     4.7941     2.1168       9.97     0.0135  7.427e-12  1.000e-12  1.354e+01     9.0763     8.6730    -0.4033     7.1538     6.8603     73.801     75.435      0.320    1441.12    1438.24  0.000e+00
       7280     75.000     5.5743     5.2938    -0.2807    0.99840    0.96135          1     3.5644     1.9257       9.96     0.0143  7.204e-12  1.000e-12  1.392e+01     9.1914     8.8983    -0.2930     7.2399     7.0226     74.296     75.941      0.255    1441.66    1440.08  0.000e+00
       7331     75.500     5.6110     5.5073    -0.1039    1.00645    0.98635          1     2.7004     1.8452       9.96     0.0139  7.167e-12  1.000e-12  1.399e+01     9.2612     9.0900    -0.1713     7.2931     7.1634     74.791     76.446      0.259    1441.92    1441.25  0.000e+00
       7374     76.000     5.6355     5.5499    -0.0855    1.01590    0.99641          1     2.3322     1.7152       9.96     0.0145  7.113e-12  1.000e-12  1.408e+01     9.3481     9.1782    -0.1699     7.3603     7.2308     75.287     76.952      0.263    1442.14    1441.56  0.000e+00
       7424     76.500     5.6441     5.6121    -0.0321    1.02071    1.00711          1     2.1005     1.6103       9.96     0.0139  7.057e-12  1.000e-12  1.418e+01     9.3933     9.2673    -0.1260     7.3955     7.2978     75.782     77.457      0.242    1442.24    1441.95  0.000e+00
       7471     77.000     5.6456     5.6218    -0.0238    1.02440    1.01429          1     1.8932     1.5617       9.96     0.0135  7.178e-12  1.000e-12  1.397e+01     9.4294     9.3358    -0.0937     7.4239     7.3513     76.277     77.963      0.248    1442.30    1442.08  0.000e+00
       7520     77.500     5.6440     5.6371    -0.0069    1.02850    1.02073          1     1.7347     1.4772       9.92     0.0140  7.086e-12  1.000e-12  1.413e+01     9.4705     9.3953    -0.0752     7.4564     7.3975     76.772     78.468      0.282    1442.36    1442.23  0.000e+00
       7556     78.000     5.6633     5.6363    -0.0270    1.03519    1.02449          1     1.6432     1.3577       9.49     0.0140  7.036e-12  1.000e-12  1.421e+01     9.5314     9.4328    -0.0986     7.5034     7.4271     77.267     78.974      0.331    1442.52    1442.28  0.000e+00
       7605     78.500     5.6837     5.6457    -0.0380    1.04331    1.02904          1     1.5305     1.1437       8.92     0.0137  7.035e-12  1.000e-12  1.422e+01     9.6062     9.4752    -0.1310     7.5612     7.4600     77.763     79.479      0.227    1442.71    1442.39  0.000e+00
       7657     79.000     5.7038     5.6791    -0.0247    1.05400    1.04060          1     1.3664     0.9265       8.42     0.0147  7.034e-12  1.000e-12  1.422e+01     9.7065     9.5805    -0.1260     7.6392     7.5412     78.258     79.985      0.365    1442.93    1442.67  0.000e+00
       7686     79.500     5.7078     5.6843    -0.0235    1.05800    1.04596          1     1.2075     0.8520       7.90     0.0147  7.034e-12  1.000e-12  1.422e+01     9.7450     9.6322    -0.1128     7.6693     7.5817     78.753     80.490      0.350    1443.01    1442.77  0.000e+00
       7744     80.000     5.7116     5.7009    -0.0107    1.06160    1.05429          1     0.9955     0.7723       7.34     0.0148  7.035e-12  1.000e-12  1.422e+01     9.7796     9.7101    -0.0695     7.6964     7.6422     79.248     80.996      0.227    1443.08    1442.94  0.000e+00
       7797     80.500     5.7155     5.7082    -0.0073    1.06332    1.05986          1     0.8488     0.7370       6.85     0.0147  7.072e-12  1.000e-12  1.415e+01     9.7955     9.7632    -0.0322     7.7087     7.6837     79.743     81.501      0.364    1443.12    1443.05  0.000e+00
       7829     81.000     5.7137     5.7076    -0.0061    1.06959    1.06071          1     0.7957     0.6955       6.34     0.0148  7.096e-12  1.000e-12  1.411e+01     9.8583     9.7718    -0.0865     7.7583     7.6905     80.239     82.006      0.322    1443.20    1443.07  0.000e+00
       7883     81.500     5.7204     5.7132    -0.0073    1.07449    1.06600          1     0.7331     0.5950       5.82     0.0155  7.035e-12  1.000e-12  1.421e+01     9.9050     9.8227    -0.0823     7.7948     7.7303     80.734     82.512      0.217    1443.30    1443.16  0.000e+00
       7928     82.000     5.7187     5.7172    -0.0015    1.08787    1.07307          1     0.6589     0.4817       5.26     0.0147  7.034e-12  1.000e-12  1.422e+01    10.0385     9.8917    -0.1469     7.9002     7.7845     81.229     83.017      0.409    1443.47    1443.28  0.000e+00
       7954     82.500     5.7338     5.7161    -0.0177    1.09627    1.07690          1     0.6006     0.3816       4.76     0.0146  7.034e-12  1.000e-12  1.422e+01    10.1177     9.9300    -0.1876     7.9617     7.8148     81.724     83.522      0.415    1443.64    1443.33  0.000e+00
       8006     83.000     5.7461     5.7282    -0.0179    1.10120    1.08885          1     0.4852     0.3008       4.20     0.0147  7.034e-12  1.000e-12  1.422e+01    10.1630    10.0453    -0.1177     7.9967     7.9050     82.219     84.028      0.241    1443.76    1443.53  0.000e+00
       8060     83.500     5.7484     5.7428    -0.0056    1.10357    1.09918          1     0.3534     0.2727       3.70     0.0150  7.034e-12  1.000e-12  1.422e+01    10.1858    10.1437    -0.0421     8.0146     7.9817     82.715     84.533      0.384    1443.81    1443.73  0.000e+00
       8087     84.000     5.7486     5.7432    -0.0055    1.10442    1.10084          1     0.3037     0.2709       3.20     0.0156  7.034e-12  1.000e-12  1.422e+01    10.1941    10.1600    -0.0341     8.0211     7.9946     83.210     85.038      0.419    1443.82    1443.76  0.000e+00
       8130     84.500     5.7495     5.7448    -0.0047    1.10506    1.10207          1     0.2680     0.2638       2.69     0.0155  7.034e-12  1.000e-12  1.422e+01    10.2002    10.1718    -0.0283     8.0258     8.0037     83.705     85.543      0.244    1443.84    1443.79  0.000e+00
       8184     85.000     5.7496     5.7476    -0.0020    1.10501    1.10403          1     0.2431     0.2626       2.15     0.0153  7.034e-12  1.000e-12  1.422e+01    10.1995    10.1904    -0.0091     8.0252     8.0182     84.200     86.048      0.333    1443.85    1443.83  0.000e+00
