ctdpy/exports/archive_20191121_122431/received_data/SBE09_0827_20181011_1330_26_01_1070.cnv
* Sea-Bird SBE 9 Data File:
* FileName = D:\CTD_SBE911\DAT\26DA.2018.10.70.hex
* Software Version Seasave V 7.21d
* Temperature SN = 4548
* Conductivity SN = 3062
* Number of Bytes Per Scan = 48
* Number of Voltage Words = 5
* Number of Scans Averaged by the Deck Unit = 1
* NMEA Latitude = 56 43.61 N
* NMEA Longitude = 018 57.64 E
* NMEA UTC (Time) = Oct 11 2018  13:33:00
* NMEA baud rate = 4800
** Ship: DANA
** Average sound velocity: 1446.46 m/s
** True-depth calculation Thu, 28 Mar 2019 12:25:43 +0000
** CTD Python Module SMHI /ver 3-12/ feb 2012 
** LIMS Job: 20182601-1070
** Operator: Christian
** Cruise: 10/2018
# nquan = 26
# nvalues = 239                         
# units = specified
# name 0 = scan: Scan Count
# name 1 = prDM: Pressure, Digiquartz [db]
# name 2 = t090C: Temperature [ITS-90, deg C]
# name 3 = t190C: Temperature, 2 [ITS-90, deg C]
# name 4 = T2-T190C: Temperature Difference, 2 - 1 [ITS-90, deg C]
# name 5 = c0S/m: Conductivity [S/m]
# name 6 = c1S/m: Conductivity, 2 [S/m]
# name 7 = pumps: Pump Status
# name 8 = sbeox1ML/L: Oxygen, SBE 43, 2 [ml/l]
# name 9 = sbeox0ML/L: Oxygen, SBE 43 [ml/l]
# name 10 = altM: Altimeter [m]
# name 11 = chloroflTC0: Chlorophyll, Turner Cyclops [ug/l]
# name 12 = cpar: CPAR/Corrected Irradiance [%]
# name 13 = par: PAR/Irradiance, Biospherical/Lico [µE/(cm^2*s)]
# name 14 = spar: SPAR, Biospherical/Licor
# name 15 = sal00: Salinity, Practical [PSU]
# name 16 = sal11: Salinity, Practical, 2 [PSU]
# name 17 = secS-priS: Salinity, Practical, Difference, 2 - 1 [PSU]
# name 18 = sigma-t00: Density [sigma-t, kg/m^3 ]
# name 19 = sigma-t11: Density, 2 [sigma-t, kg/m^3 ]
# name 20 = depSM: Depth [salt water, m], lat = 56.7268
# name 21 = depFM: Depth [true depth, m], lat = 56.7268
# name 22 = dz/dtM: Descent Rate [m/s], WS = 2
# name 23 = svCM: Sound Velocity [Chen-Millero, m/s]
# name 24 = svCM1: Sound Velocity, 2 [Chen-Millero, m/s]
# name 25 = flag: flag
# span 0 =        210,      12751       
# span 1 =      1.500,    120.500       
# span 2 =     3.9758,    10.4366       
# span 3 =     3.9654,    10.4466       
# span 4 =    -0.4367,     0.1696       
# span 5 =   0.789001,   1.257982       
# span 6 =   0.788693,   1.257864       
# span 7 =          1,          1       
# span 8 =     0.0382,     7.5603       
# span 9 =     0.0400,     7.0783       
# span 10 =       1.43,      10.42      
# span 11 =     0.0159,     0.0398      
# span 12 = -1.411e-05, 9.5565e-01      
# span 13 = -1.891e-04, 1.2752e+01      
# span 14 = 1.2939e+03, 1.3427e+03      
# span 15 =     7.2049,    11.4792      
# span 16 =     7.2046,    11.4780      
# span 17 =    -0.0015,     0.1997      
# span 18 =     5.2801,     8.9854      
# span 19 =     5.2794,     8.9844      
# span 20 =      1.486,    119.361      
# span 21 =      1.520,    121.899      
# span 22 =     -0.373,      0.477      
# span 23 =    1432.37,    1457.99      
# span 24 =    1432.31,    1458.00      
# span 25 = 0.0000e+00, 0.0000e+00      
# interval = decibars: 0.5              
# start_time = Oct 11 2018 13:33:00 [NMEA time, first data scan]
# bad_flag = -9.990e-29
*END*
[from data line 168]
       8318     85.500     5.9132     5.9181     0.0048    1.14045    1.14092          1     0.0802     0.0699       9.97     0.0165  7.584e-14  1.000e-12  1.319e+03    10.5021    10.5053     0.0032     8.2540     8.2562     84.699     86.556      0.228    1444.94    1444.96  0.000e+00
       8369     86.000     5.9304     5.9450     0.0147    1.14548    1.14878          1     0.0816     0.0716       9.97     0.0165  7.594e-14  1.000e-12  1.317e+03    10.5468    10.5751     0.0283     8.2881     8.3095     85.194     87.061      0.242    1445.08    1445.18  0.000e+00
       8417     86.500     5.9497     5.9561     0.0064    1.15165    1.15295          1     0.0791     0.0681       9.97     0.0170  7.606e-14  1.000e-12  1.315e+03    10.6019    10.6130     0.0110     8.3303     8.3386     85.690     87.566      0.250    1445.24    1445.28  0.000e+00
       8467     87.000     5.9541     5.9572     0.0031    1.15310    1.15350          1     0.0782     0.0690       9.97     0.0171  7.600e-14  1.000e-12  1.316e+03    10.6149    10.6180     0.0031     8.3403     8.3425     86.185     88.071      0.234    1445.28    1445.30  0.000e+00
       8520     87.500     5.9570     5.9606     0.0036    1.15395    1.15445          1     0.0749     0.0672       9.97     0.0167  7.578e-14  1.000e-12  1.320e+03    10.6224    10.6263     0.0039     8.3460     8.3488     86.680     88.576      0.230    1445.31    1445.33  0.000e+00
       8569     88.000     5.9635     5.9679     0.0043    1.15548    1.15600          1     0.0776     0.0660       9.97     0.0171  7.569e-14  1.000e-12  1.321e+03    10.6355    10.6393     0.0038     8.3559     8.3586     87.175     89.081      0.246    1445.36    1445.39  0.000e+00
       8619     88.500     5.9689     5.9744     0.0055    1.15650    1.15720          1     0.0749     0.0649       9.97     0.0171  7.578e-14  1.000e-12  1.320e+03    10.6438    10.6491     0.0052     8.3621     8.3659     87.670     89.586      0.243    1445.40    1445.43  0.000e+00
       8667     89.000     5.9786     5.9841     0.0054    1.15836    1.15905          1     0.0720     0.0643       9.97     0.0170  7.596e-14  1.000e-12  1.316e+03    10.6592    10.6644     0.0052     8.3736     8.3774     88.166     90.091      0.258    1445.47    1445.50  0.000e+00
       8714     89.500     5.9880     5.9932     0.0052    1.16012    1.16073          1     0.0696     0.0639       9.97     0.0171  7.599e-14  1.000e-12  1.316e+03    10.6736    10.6781     0.0044     8.3844     8.3876     88.661     90.596      0.243    1445.54    1445.57  0.000e+00
       8763     90.000     5.9972     6.0009     0.0037    1.16187    1.16224          1     0.0720     0.0627       9.97     0.0170  7.606e-14  1.000e-12  1.315e+03    10.6880    10.6905     0.0025     8.3952     8.3969     89.156     91.101      0.259    1445.60    1445.62  0.000e+00
       8808     90.500     6.0040     6.0081     0.0041    1.16297    1.16339          1     0.0719     0.0646       9.97     0.0170  7.596e-14  1.000e-12  1.316e+03    10.6968    10.6997     0.0029     8.4016     8.4036     89.651     91.606      0.256    1445.65    1445.67  0.000e+00
       8859     91.000     6.0136     6.0177     0.0040    1.16466    1.16510          1     0.0694     0.0632       9.97     0.0171  7.592e-14  1.000e-12  1.317e+03    10.7104    10.7136     0.0031     8.4117     8.4139     90.146     92.111      0.229    1445.72    1445.74  0.000e+00
       8910     91.500     6.0243     6.0278     0.0036    1.16675    1.16714          1     0.0671     0.0646       9.97     0.0170  7.597e-14  1.000e-12  1.316e+03    10.7277    10.7304     0.0027     8.4247     8.4266     90.642     92.617      0.238    1445.79    1445.81  0.000e+00
       8959     92.000     6.0335     6.0377     0.0042    1.16862    1.16908          1     0.0666     0.0631       9.97     0.0170  7.590e-14  1.000e-12  1.318e+03    10.7433    10.7466     0.0033     8.4364     8.4387     91.137     93.122      0.266    1445.86    1445.88  0.000e+00
       9003     92.500     6.0407     6.0443     0.0035    1.17007    1.17041          1     0.0659     0.0602       9.97     0.0170  7.618e-14  1.000e-12  1.313e+03    10.7554    10.7576     0.0022     8.4454     8.4469     91.632     93.627      0.261    1445.91    1445.93  0.000e+00
       9052     93.000     6.0460     6.0480     0.0020    1.17100    1.17114          1     0.0671     0.0599       9.97     0.0171  7.614e-14  1.000e-12  1.313e+03    10.7628    10.7635     0.0007     8.4509     8.4513     92.127     94.132      0.239    1445.95    1445.96  0.000e+00
       9101     93.500     6.0492     6.0512     0.0020    1.17159    1.17173          1     0.0672     0.0600       9.97     0.0169  7.599e-14  1.000e-12  1.316e+03    10.7675    10.7683     0.0008     8.4544     8.4549     92.622     94.637      0.252    1445.98    1445.99  0.000e+00
       9147     94.000     6.0539     6.0562     0.0023    1.17244    1.17259          1     0.0656     0.0613       9.97     0.0169  7.595e-14  1.000e-12  1.317e+03    10.7744    10.7751     0.0007     8.4596     8.4600     93.118     95.142      0.258    1446.02    1446.03  0.000e+00
       9197     94.500     6.0603     6.0626     0.0022    1.17339    1.17354          1     0.0660     0.0597       9.97     0.0170  7.584e-14  1.000e-12  1.318e+03    10.7818    10.7825     0.0007     8.4649     8.4654     93.613     95.647      0.229    1446.06    1446.07  0.000e+00
       9247     95.000     6.0655     6.0672     0.0017    1.17432    1.17444          1     0.0631     0.0603       9.97     0.0168  7.588e-14  1.000e-12  1.318e+03    10.7892    10.7899     0.0006     8.4705     8.4709     94.108     96.152      0.255    1446.10    1446.11  0.000e+00
       9294     95.500     6.0701     6.0726     0.0025    1.17524    1.17549          1     0.0604     0.0582       9.97     0.0171  7.599e-14  1.000e-12  1.316e+03    10.7969    10.7985     0.0016     8.4762     8.4773     94.603     96.656      0.257    1446.14    1446.15  0.000e+00
       9341     96.000     6.0822     6.0881     0.0059    1.17787    1.17866          1     0.0609     0.0584       9.97     0.0171  7.609e-14  1.000e-12  1.314e+03    10.8190    10.8250     0.0060     8.4928     8.4971     95.098     97.161      0.250    1446.23    1446.26  0.000e+00
       9389     96.500     6.0957     6.0985     0.0028    1.18053    1.18084          1     0.0608     0.0563       9.97     0.0169  7.620e-14  1.000e-12  1.312e+03    10.8410    10.8432     0.0022     8.5093     8.5108     95.594     97.666      0.247    1446.32    1446.33  0.000e+00
       9439     97.000     6.1073     6.1097     0.0025    1.18267    1.18288          1     0.0603     0.0559       9.97     0.0169  7.622e-14  1.000e-12  1.312e+03    10.8584    10.8597     0.0013     8.5222     8.5231     96.089     98.171      0.240    1446.40    1446.41  0.000e+00
       9487     97.500     6.1195     6.1214     0.0020    1.18486    1.18491          1     0.0608     0.0550       9.97     0.0170  7.617e-14  1.000e-12  1.313e+03    10.8762    10.8760    -0.0002     8.5354     8.5351     96.584     98.676      0.260    1446.48    1446.49  0.000e+00
       9533     98.000     6.1245     6.1279     0.0035    1.18575    1.18605          1     0.0574     0.0552       9.97     0.0169  7.618e-14  1.000e-12  1.313e+03    10.8833    10.8852     0.0019     8.5407     8.5419     97.079     99.181      0.256    1446.52    1446.53  0.000e+00
       9584     98.500     6.1515     6.1564     0.0049    1.19118    1.19169          1     0.0546     0.0560       9.97     0.0169  7.618e-14  1.000e-12  1.313e+03    10.9284    10.9319     0.0035     8.5744     8.5768     97.574     99.686      0.221    1446.70    1446.72  0.000e+00
       9635     99.000     6.1657     6.1680     0.0023    1.19384    1.19400          1     0.0586     0.0545       9.97     0.0169  7.622e-14  1.000e-12  1.312e+03    10.9502    10.9509     0.0008     8.5906     8.5911     98.070    100.191      0.265    1446.79    1446.80  0.000e+00
       9679     99.500     6.1673     6.1688     0.0015    1.19410    1.19414          1     0.0550     0.0555       9.97     0.0170  7.622e-14  1.000e-12  1.312e+03    10.9521    10.9520    -0.0001     8.5920     8.5919     98.565    100.696      0.260    1446.81    1446.82  0.000e+00
       9729    100.000     6.1681     6.1693     0.0012    1.19420    1.19422          1     0.0570     0.0544       9.97     0.0170  7.633e-14  1.000e-12  1.310e+03    10.9527    10.9526    -0.0001     8.5924     8.5923     99.060    101.201      0.225    1446.82    1446.83  0.000e+00
       9780    100.500     6.1692     6.1704     0.0011    1.19437    1.19438          1     0.0559     0.0549       9.97     0.0184  7.622e-14  1.000e-12  1.312e+03    10.9539    10.9537    -0.0002     8.5933     8.5931     99.555    101.706      0.259    1446.84    1446.84  0.000e+00
       9825    101.000     6.1713     6.1717     0.0004    1.19469    1.19459          1     0.0565     0.0560       9.97     0.0170  7.622e-14  1.000e-12  1.312e+03    10.9563    10.9552    -0.0011     8.5951     8.5942    100.050    102.211      0.263    1446.86    1446.86  0.000e+00
       9872    101.500     6.1716     6.1728     0.0012    1.19472    1.19476          1     0.0560     0.0536       9.97     0.0171  7.624e-14  1.000e-12  1.312e+03    10.9565    10.9565    -0.0000     8.5952     8.5951    100.545    102.716      0.240    1446.86    1446.87  0.000e+00
       9924    102.000     6.1753     6.1782     0.0029    1.19535    1.19564          1     0.0542     0.0547       9.97     0.0168  7.634e-14  1.000e-12  1.310e+03    10.9614    10.9634     0.0020     8.5988     8.6002    101.041    103.221      0.240    1446.90    1446.91  0.000e+00
       9970    102.500     6.1804     6.1846     0.0042    1.19629    1.19682          1     0.0540     0.0535       9.97     0.0163  7.634e-14  1.000e-12  1.310e+03    10.9690    10.9729     0.0039     8.6045     8.6072    101.536    103.726      0.295    1446.94    1446.96  0.000e+00
      10006    103.000     6.1872     6.1923     0.0051    1.19754    1.19823          1     0.0515     0.0546       9.97     0.0166  7.639e-14  1.000e-12  1.309e+03    10.9792    10.9843     0.0051     8.6120     8.6157    102.031    104.231      0.351    1446.99    1447.01  0.000e+00
      10040    103.500     6.1925     6.1966     0.0041    1.19856    1.19899          1     0.0518     0.0530       9.97     0.0165  7.646e-14  1.000e-12  1.308e+03    10.9874    10.9904     0.0030     8.6181     8.6202    102.526    104.736      0.369    1447.03    1447.05  0.000e+00
      10070    104.000     6.2167     6.2324     0.0157    1.20325    1.20549          1     0.0530     0.0529       9.97     0.0170  7.638e-14  1.000e-12  1.309e+03    11.0260    11.0431     0.0171     8.6469     8.6593    103.021    105.240      0.411    1447.18    1447.27  0.000e+00
      10099    104.500     6.2382     6.2587     0.0205    1.20730    1.21056          1     0.0516     0.0526       9.97     0.0166  7.639e-14  1.000e-12  1.309e+03    11.0590    11.0846     0.0256     8.6714     8.6902    103.516    105.745      0.418    1447.32    1447.44  0.000e+00
      10128    105.000     6.2554     6.2669     0.0114    1.21041    1.21210          1     0.0508     0.0522       9.97     0.0164  7.634e-14  1.000e-12  1.310e+03    11.0841    11.0972     0.0130     8.6900     8.6995    104.012    106.250      0.414    1447.44    1447.50  0.000e+00
      10157    105.500     6.2666     6.2778     0.0111    1.21247    1.21414          1     0.0502     0.0534       9.97     0.0165  7.628e-14  1.000e-12  1.311e+03    11.1008    11.1137     0.0129     8.7023     8.7117    104.507    106.755      0.419    1447.51    1447.58  0.000e+00
      10185    106.000     6.2765     6.2814     0.0048    1.21428    1.21483          1     0.0501     0.0510       9.97     0.0164  7.636e-14  1.000e-12  1.310e+03    11.1153    11.1193     0.0039     8.7131     8.7159    105.002    107.260      0.430    1447.58    1447.61  0.000e+00
      10213    106.500     6.2794     6.2818     0.0024    1.21473    1.21491          1     0.0514     0.0498       9.97     0.0168  7.646e-14  1.000e-12  1.308e+03    11.1189    11.1199     0.0010     8.7157     8.7163    105.497    107.765      0.436    1447.60    1447.62  0.000e+00
      10240    107.000     6.2806     6.2859     0.0053    1.21497    1.21565          1     0.0519     0.0507       9.97     0.0166  7.641e-14  1.000e-12  1.309e+03    11.1208    11.1257     0.0050     8.7171     8.7206    105.992    108.270      0.431    1447.62    1447.65  0.000e+00
      10269    107.500     6.2861     6.2969     0.0107    1.21608    1.21765          1     0.0505     0.0497       9.97     0.0165  7.634e-14  1.000e-12  1.310e+03    11.1298    11.1418     0.0120     8.7238     8.7325    106.487    108.775      0.419    1447.66    1447.72  0.000e+00
      10297    108.000     6.2970     6.3056     0.0087    1.21813    1.21935          1     0.0506     0.0506       9.97     0.0163  7.627e-14  1.000e-12  1.311e+03    11.1465    11.1557     0.0092     8.7362     8.7428    106.983    109.279      0.420    1447.74    1447.79  0.000e+00
      10325    108.500     6.3064     6.3114     0.0049    1.21987    1.22048          1     0.0513     0.0526       9.97     0.0167  7.634e-14  1.000e-12  1.310e+03    11.1604    11.1649     0.0045     8.7465     8.7497    107.478    109.784      0.449    1447.80    1447.83  0.000e+00
      10351    109.000     6.3097     6.3138     0.0041    1.22051    1.22104          1     0.0512     0.0530       9.97     0.0165  7.634e-14  1.000e-12  1.310e+03    11.1657    11.1695     0.0038     8.7504     8.7532    107.973    110.289      0.475    1447.83    1447.86  0.000e+00
      10377    109.500     6.3129     6.3180     0.0051    1.22120    1.22196          1     0.0508     0.0493       9.97     0.0167  7.634e-14  1.000e-12  1.310e+03    11.1713    11.1772     0.0059     8.7546     8.7589    108.468    110.794      0.450    1447.86    1447.89  0.000e+00
      10405    110.000     6.3186     6.3298     0.0111    1.22250    1.22446          1     0.0502     0.0474       9.97     0.0164  7.634e-14  1.000e-12  1.310e+03    11.1823    11.1980     0.0157     8.7629     8.7744    108.963    111.299      0.418    1447.91    1447.97  0.000e+00
      10433    110.500     6.3441     6.3670     0.0229    1.22836    1.23236          1     0.0496     0.0498       9.97     0.0164  7.637e-14  1.000e-12  1.309e+03    11.2317    11.2637     0.0321     8.7999     8.8236    109.458    111.804      0.428    1448.08    1448.22  0.000e+00
      10461    111.000     6.3712     6.3788     0.0075    1.23388    1.23494          1     0.0489     0.0509       9.97     0.0165  7.634e-14  1.000e-12  1.310e+03    11.2773    11.2852     0.0079     8.8339     8.8396    109.954    112.309      0.453    1448.26    1448.31  0.000e+00
      10486    111.500     6.3767     6.3799     0.0032    1.23486    1.23514          1     0.0490     0.0492       9.97     0.0169  7.640e-14  1.000e-12  1.309e+03    11.2850    11.2868     0.0018     8.8396     8.8408    110.449    112.813      0.465    1448.30    1448.32  0.000e+00
      10512    112.000     6.3781     6.3806     0.0025    1.23506    1.23526          1     0.0478     0.0500       9.85     0.0167  7.646e-14  1.000e-12  1.308e+03    11.2865    11.2876     0.0011     8.8407     8.8414    110.944    113.318      0.459    1448.32    1448.33  0.000e+00
