ctdpy/exports/archive_20191121_122431/received_data/SBE09_1044_20180421_0405_34_07_0025.cnv
* Sea-Bird SBE 9 Data File:
* FileName = C:\ctd\temp\2018\AU18D025.hex
* Software Version Seasave V 7.26.6.26
* Temperature SN = 5351
* Conductivity SN = 3941
* Number of Bytes Per Scan = 41
* Number of Voltage Words = 4
* Number of Scans Averaged by the Deck Unit = 1
* NMEA Latitude = 56 40.11 N
* NMEA Longitude = 012 06.64 E
* NMEA UTC (Time) = Apr 21 2018  04:05:41
* NMEA baud rate = 4800
** Station:  Anholt E
** Operator:  A-KTh
** Ship: AURA
** Average sound velocity: 1471.57 m/s
** True-depth calculation Sat, 21 Apr 2018 05:04:18 +0000
** CTD Python Module SMHI /ver 3-12/ feb 2012 
** LIMS Job: 20183407-0025
** Cruise: SMHI-01-2018
** Latitude [GG MM.mm N] :
** Longitude [GG MM.mm E]:
# nquan = 26
# nvalues = 117                         
# units = specified
# name 0 = scan: Scan Count
# name 1 = prDM: Pressure, Digiquartz [db]
# name 2 = t090C: Temperature [ITS-90, deg C]
# name 3 = t190C: Temperature, 2 [ITS-90, deg C]
# name 4 = T2-T190C: Temperature Difference, 2 - 1 [ITS-90, deg C]
# name 5 = c0S/m: Conductivity [S/m]
# name 6 = c1S/m: Conductivity, 2 [S/m]
# name 7 = pumps: Pump Status
# name 8 = sbeox0ML/L: Oxygen, SBE 43 [ml/l]
# name 9 = sbeox1ML/L: Oxygen, SBE 43, 2 [ml/l]
# name 10 = altM: Altimeter [m]
# name 11 = flECO-AFL: Chl-a Fluorescence, WET Labs ECO-AFL/FL [mg/m^3]
# name 12 = flECO-AFL1: Phycocyanin Fluorescence, WET Labs ECO-AFL/FL, 2 [mg/m^3]
# name 13 = par: PAR/Irradiance, Biospherical/Lico [µE/(cm^2*s)]
# name 14 = turbWETntu0: Turbidity, WET Labs ECO [NTU]
# name 15 = sal00: Salinity, Practical [PSU]
# name 16 = sal11: Salinity, Practical, 2 [PSU]
# name 17 = secS-priS: Salinity, Practical, Difference, 2 - 1 [PSU]
# name 18 = sigma-t00: Density [sigma-t, Kg/m^3 ]
# name 19 = sigma-t11: Density, 2 [sigma-t, Kg/m^3 ]
# name 20 = depSM: Depth [salt water, m], lat = 56.6685
# name 21 = depFM: Depth [true depth, m], lat = 56.6685
# name 22 = dz/dtM: Descent Rate [m/s], WS = 2
# name 23 = svCM: Sound Velocity [Chen-Millero, m/s]
# name 24 = svCM1: Sound Velocity, 2 [Chen-Millero, m/s]
# name 25 = flag: flag
# span 0 =       7523,      10449       
# span 1 =      1.500,     59.500       
# span 2 =     4.0459,     7.4829       
# span 3 =     4.0575,     7.4822       
# span 4 =    -0.0611,     0.0359       
# span 5 =   1.894641,   3.448183       
# span 6 =   1.895424,   3.448542       
# span 7 =          1,          1       
# span 8 =    5.50151,    8.42427       
# span 9 =    5.41055,    8.46551       
# span 10 =       1.16,     100.16      
# span 11 =     0.1854,    11.3291      
# span 12 =     0.1985,     1.6224      
# span 13 = 8.8969e-13, 6.4808e+01      
# span 14 =     0.2988,     1.4054      
# span 15 =    18.1994,    34.5079      
# span 16 =    18.1993,    34.5093      
# span 17 =    -0.0954,     0.0704      
# span 18 =    14.1681,    27.0884      
# span 19 =    14.1681,    27.0891      
# span 20 =      1.486,     58.947      
# span 21 =      1.506,     59.173      
# span 22 =      0.017,      0.679      
# span 23 =    1446.83,    1477.38      
# span 24 =    1446.89,    1477.39      
# span 25 = 0.0000e+00, 0.0000e+00      
# interval = decibars: 0.5              
# start_time = Apr 21 2018 04:05:41 [NMEA time, first data scan]
# bad_flag = -9.990e-29
*END*
       7523      1.500     7.4829     7.4822    -0.0006    1.97199    1.97195          1     7.8629     7.7117       1.39     0.6740     0.2330  6.481e+01  0.3031000    18.1994    18.1993    -0.0001    14.1681    14.1681      1.486      1.506      0.090    1459.70    1459.69  0.000e+00
       7570      2.000     7.4824     7.4822    -0.0002    1.97205    1.97207          1     7.8548     7.7463       1.59     0.6403     0.2243  4.412e+01  0.3350000    18.2001    18.2003     0.0002    14.1687    14.1689      1.982      2.009      0.477    1459.70    1459.70  0.000e+00
       7597      2.500     7.4802     7.4768    -0.0033    1.97208    1.97204          1     7.8648     7.7518       1.49     0.6745     0.2722  3.469e+01  0.3175000    18.2014    18.2027     0.0013    14.1700    14.1713      2.477      2.511      0.371    1459.70    1459.69  0.000e+00
       7633      3.000     7.4765     7.4687    -0.0079    1.97201    1.97188          1     7.8689     7.7499       1.16     0.6938     0.2447  2.685e+01  0.3114000    18.2024    18.2053     0.0029    14.1711    14.1742      2.972      3.013      0.296    1459.70    1459.67  0.000e+00
       7676      3.500     7.4602     7.4469    -0.0134    1.97169    1.97148          1     7.8756     7.7647      33.41     0.7332     0.2825  1.779e+01  0.3041000    18.2076    18.2124     0.0048    14.1769    14.1820      3.468      3.515      0.368    1459.65    1459.60  0.000e+00
       7704      4.000     7.4429     7.4427    -0.0003    1.97137    1.97138          1     7.8724     7.7595      97.61     0.7713     0.2545  1.877e+01  0.2988000    18.2133    18.2135     0.0002    14.1832    14.1833      3.963      4.017      0.411    1459.59    1459.59  0.000e+00
       7732      4.500     7.4174     7.3948    -0.0224    1.97080    1.97036          1     7.8751     7.7765      98.62     0.7147     0.2243  1.263e+01  0.3155000    18.2208    18.2283     0.0075    14.1916    14.1998      4.459      4.519      0.419    1459.51    1459.43  0.000e+00
       7770      5.000     7.3945     7.4017     0.0073    1.97034    1.97050          1     7.8940     7.7821      98.62     0.7607     0.2843  1.088e+01  0.3159000    18.2281    18.2259    -0.0022    14.1997    14.1972      4.954      5.022      0.274    1459.43    1459.46  0.000e+00
       7807      5.500     7.4359     7.4457     0.0097    1.97135    1.97153          1     7.9207     7.7814      98.62     0.7557     0.2889  8.774e+00  0.3047000    18.2164    18.2130    -0.0033    14.1862    14.1826      5.450      5.524      0.435    1459.59    1459.63  0.000e+00
       7833      6.000     7.4502     7.4526     0.0023    1.97167    1.97172          1     7.8628     7.7575      98.62     0.7142     0.2957  8.622e+00  0.3190000    18.2119    18.2112    -0.0007    14.1813    14.1805      5.945      6.026      0.425    1459.65    1459.66  0.000e+00
       7863      6.500     7.3447     7.3459     0.0013    1.96897    1.96911          1     7.8968     7.8053      98.62     0.7279     0.2840  6.564e+00  0.3327000    18.2400    18.2408     0.0008    14.2140    14.2145      6.440      6.528      0.415    1459.27    1459.28  0.000e+00
       7891      7.000     7.2026     7.2388     0.0359    1.96528    1.96621          1     7.9969     7.9070      98.62     0.7485     0.2809  5.799e+00  0.3280000    18.2773    18.2677    -0.0097    14.2576    14.2464      6.936      7.030      0.412    1458.75    1458.89  0.000e+00
       7921      7.500     7.1103     7.0857    -0.0245    1.96282    1.96220          1     8.1179     8.1021      98.63     0.7615     0.2389  5.792e+00  0.3242000    18.3010    18.3078     0.0068    14.2853    14.2931      7.431      7.532      0.422    1458.42    1458.32  0.000e+00
       7948      8.000     6.7704     6.7683    -0.0025    1.95423    1.95417          1     7.9462     8.0745      98.62     0.7888     0.2529  4.383e+00  0.3464000    18.3942    18.3947     0.0005    14.3912    14.3918      7.927      8.034      0.480    1457.16    1457.15  0.000e+00
       7971      8.500     6.1938     6.1500    -0.0442    1.94114    1.93995          1     7.8931     8.2235      98.62     0.8566     0.2881  3.973e+00  0.3570000    18.5710    18.5825     0.0115    14.5821    14.5950      8.422      8.536      0.495    1455.01    1454.84  0.000e+00
       7997      9.000     4.9352     4.8736    -0.0611    1.91577    1.91431          1     8.1247     8.4655      98.61     0.9101     0.3305  3.914e+00  0.3750000    19.0040    19.0233     0.0193    15.0244    15.0441      8.917      9.038      0.446    1450.28    1450.04  0.000e+00
       8025      9.500     4.3488     4.3339    -0.0146    1.90199    1.90180          1     8.2897     8.4311      98.62     1.0177     0.3380  3.414e+00  0.3899000    19.1909    19.1975     0.0067    15.2131    15.2194      9.413      9.540      0.456    1448.01    1447.96  0.000e+00
       8049     10.000     4.0459     4.0575     0.0115    1.89464    1.89542          1     8.4243     8.3307      98.62     1.1048     0.3241  2.844e+00  0.3878000    19.2869    19.2887     0.0018    15.3083    15.3090      9.908     10.041      0.527    1446.83    1446.89  0.000e+00
       8071     10.500     4.1795     4.1893     0.0097    1.92630    1.92779          1     8.2760     8.0406      98.62     1.2933     0.3317  2.669e+00  0.3417000    19.5583    19.5690     0.0107    15.5150    15.5229     10.404     10.543      0.539    1447.77    1447.82  0.000e+00
       8094     11.000     4.3679     4.3720     0.0042    1.98036    1.98332          1     8.0520     7.8005      98.61     1.4586     0.3681  2.502e+00  0.3697000    20.0425    20.0726     0.0301    15.8861    15.9097     10.899     11.044      0.489    1449.21    1449.26  0.000e+00
       8120     11.500     4.4385     4.4474     0.0089    2.05233    2.05804          1     7.9563     7.6572      98.62     1.9320     0.4368  2.161e+00  0.4781000    20.7939    20.8513     0.0575    16.4760    16.5209     11.394     11.545      0.446    1450.48    1450.59  0.000e+00
       8147     12.000     4.8353     4.8419     0.0067    2.31737    2.32412          1     7.6833     7.3544      98.61     2.4157     0.4591  1.899e+00  0.4894000    23.4618    23.5321     0.0704    18.5555    18.6107     11.890     12.046      0.488    1455.56    1455.68  0.000e+00
       8169     12.500     5.0897     5.0847    -0.0049    2.58880    2.57992          1     7.3752     7.0805      98.62     2.5630     0.5220  1.742e+00  0.6041000    26.2952    26.1999    -0.0954    20.7740    20.6990     12.385     12.545      0.565    1460.23    1460.09  0.000e+00
       8190     13.000     5.0751     5.0776     0.0024    2.78842    2.78344          1     7.1916     6.9615      91.35     3.3863     0.6361  1.565e+00  0.5942000    28.5452    28.4870    -0.0582    22.5547    22.5084     12.881     13.044      0.585    1463.04    1462.97  0.000e+00
       8211     13.500     5.1397     5.1387    -0.0011    2.83984    2.83885          1     7.1985     7.0605      60.95     4.5894     0.7977  1.336e+00  0.5304000    29.0692    29.0589    -0.0103    22.9626    22.9546     13.376     13.542      0.523    1463.98    1463.96  0.000e+00
       8237     14.000     5.2106     5.2137     0.0032    2.87385    2.87568          1     7.3173     7.1933      98.80     4.9134     0.8469  1.188e+00  0.4716000    29.3906    29.4086     0.0180    23.2095    23.2234     13.871     14.040      0.446    1464.69    1464.72  0.000e+00
       8263     14.500     5.2998     5.3019     0.0021    2.92693    2.92889          1     7.3543     7.2030      98.61     4.0669     0.8469  1.109e+00  0.4555000    29.9100    29.9303     0.0203    23.6109    23.6267     14.367     14.537      0.507    1465.72    1465.75  0.000e+00
       8284     15.000     5.4026     5.4038     0.0011    2.98857    2.98909          1     7.2966     7.1080      98.61     5.1209     0.9125  9.618e-01  0.4592000    30.5122    30.5171     0.0048    24.0760    24.0797     14.862     15.035      0.605    1466.91    1466.92  0.000e+00
       8303     15.500     5.5321     5.5320    -0.0002    3.06335    3.06376          1     7.0403     6.7769      98.61     8.6203     1.0610  7.992e-01  0.5637000    31.2358    31.2406     0.0048    24.6336    24.6374     15.358     15.532      0.612    1468.36    1468.37  0.000e+00
       8324     16.000     5.6508     5.6489    -0.0019    3.13894    3.13993          1     6.6243     6.3329      55.17    11.3291     1.6224  6.920e-01  0.5890000    31.9766    31.9895     0.0129    25.2056    25.2160     15.853     16.029      0.549    1469.79    1469.79  0.000e+00
       8348     16.500     5.6277     5.6295     0.0018    3.19430    3.19645          1     6.2564     6.0039      46.69     7.7075     1.2894  6.277e-01  0.6856000    32.6238    32.6463     0.0226    25.7200    25.7376     16.348     16.525      0.492    1470.52    1470.56  0.000e+00
       8372     17.000     5.6970     5.6982     0.0012    3.23051    3.23106          1     6.0561     5.8678      74.88     3.3877     0.6317  5.478e-01  0.5231000    32.9654    32.9705     0.0051    25.9819    25.9857     16.844     17.022      0.523    1471.24    1471.25  0.000e+00
       8394     17.500     5.7953     5.7937    -0.0016    3.26816    3.26872          1     5.9768     5.8274      84.03     1.5008     0.3848  4.481e-01  0.3935000    33.2938    33.3017     0.0080    26.2296    26.2361     17.339     17.518      0.578    1472.06    1472.06  0.000e+00
       8414     18.000     5.9057     5.9050    -0.0007    3.29991    3.29981          1     5.9421     5.8115      44.68     0.9205     0.3191  3.619e-01  0.3528000    33.5427    33.5424    -0.0003    26.4128    26.4127     17.834     18.014      0.590    1472.82    1472.82  0.000e+00
       8435     18.500     5.9615     5.9608    -0.0006    3.31461    3.31458          1     5.9111     5.7924      86.27     0.9213     0.3211  3.089e-01  0.3519000    33.6526    33.6530     0.0004    26.4928    26.4932     18.330     18.510      0.546    1473.19    1473.19  0.000e+00
       8458     19.000     6.0402     6.0404     0.0002    3.33241    3.33241          1     5.8819     5.7646      98.62     0.7451     0.3155  2.855e-01  0.3502000    33.7744    33.7741    -0.0003    26.5792    26.5789     18.825     19.006      0.502    1473.67    1473.67  0.000e+00
       8482     19.500     6.1087     6.1079    -0.0007    3.34774    3.34768          1     5.8434     5.7279      77.85     0.6743     0.2881  2.673e-01  0.3215000    33.8780    33.8781     0.0002    26.6523    26.6525     19.321     19.503      0.535    1474.08    1474.08  0.000e+00
       8503     20.000     6.1563     6.1570     0.0006    3.35899    3.35904          1     5.8155     5.7039      42.37     0.8199     0.3210  2.434e-01  0.3661000    33.9564    33.9562    -0.0001    26.7082    26.7080     19.816     19.999      0.590    1474.37    1474.38  0.000e+00
       8523     20.500     6.1796     6.1806     0.0010    3.36452    3.36454          1     5.7983     5.6953      78.15     0.6462     0.2846  2.168e-01  0.3529000    33.9949    33.9941    -0.0008    26.7356    26.7349     20.311     20.495      0.589    1474.52    1474.53  0.000e+00
       8544     21.000     6.1900     6.1909     0.0009    3.36715    3.36718          1     5.7860     5.6899      41.99     0.5534     0.2817  1.912e-01  0.3403000    34.0136    34.0131    -0.0005    26.7491    26.7486     20.807     20.991      0.531    1474.60    1474.60  0.000e+00
       8568     21.500     6.2034     6.2047     0.0013    3.37012    3.37016          1     5.7666     5.6734      48.80     0.5306     0.2833  1.703e-01  0.3336000    34.0333    34.0325    -0.0009    26.7629    26.7621     21.302     21.487      0.490    1474.68    1474.69  0.000e+00
       8592     22.000     6.2132     6.2142     0.0011    3.37238    3.37245          1     5.7591     5.6515     100.16     0.4298     0.2368  1.560e-01  0.3394000    34.0486    34.0483    -0.0003    26.7738    26.7734     21.797     21.983      0.541    1474.75    1474.75  0.000e+00
       8613     22.500     6.2220     6.2233     0.0012    3.37403    3.37410          1     5.7588     5.6377      44.77     0.3808     0.2737  1.386e-01  0.3702000    34.0579    34.0575    -0.0004    26.7800    26.7795     22.293     22.479      0.601    1474.80    1474.81  0.000e+00
       8632     23.000     6.2323     6.2333     0.0010    3.37576    3.37580          1     5.7381     5.6117      40.16     0.3691     0.2537  1.244e-01  0.3271000    34.0668    34.0662    -0.0006    26.7856    26.7850     22.788     22.975      0.593    1474.86    1474.87  0.000e+00
       8654     23.500     6.2674     6.2686     0.0011    3.38376    3.38367          1     5.7034     5.5876      46.07     0.5131     0.2845  1.103e-01  0.3605000    34.1208    34.1186    -0.0022    26.8238    26.8219     23.283     23.471      0.518    1475.08    1475.08  0.000e+00
       8679     24.000     6.2705     6.2716     0.0011    3.38606    3.38610          1     5.6856     5.5869      98.38     0.3670     0.2839  9.743e-02  0.3793000    34.1432    34.1426    -0.0006    26.8410    26.8404     23.779     23.967      0.495    1475.13    1475.13  0.000e+00
       8702     24.500     6.2647     6.2654     0.0007    3.38575    3.38574          1     5.7037     5.6144      79.00     0.3197     0.2575  8.848e-02  0.3792000    34.1454    34.1445    -0.0008    26.8435    26.8427     24.274     24.462      0.576    1475.11    1475.12  0.000e+00
       8721     25.000     6.2678     6.2672    -0.0006    3.38838    3.38819          1     5.7142     5.6083      37.76     0.3413     0.2495  8.363e-02  0.3787000    34.1714    34.1699    -0.0015    26.8637    26.8626     24.770     24.958      0.609    1475.17    1475.16  0.000e+00
       8741     25.500     6.3146     6.3137    -0.0008    3.39684    3.39670          1     5.6927     5.5588      37.71     0.3491     0.2655  6.906e-02  0.3943000    34.2188    34.2181    -0.0007    26.8950    26.8946     25.265     25.454      0.558    1475.42    1475.42  0.000e+00
       8765     26.000     6.3495     6.3502     0.0007    3.40370    3.40370          1     5.6635     5.5121      43.03     0.2867     0.2388  5.529e-02  0.4390000    34.2601    34.2594    -0.0008    26.9231    26.9224     25.760     25.950      0.507    1475.62    1475.62  0.000e+00
       8788     26.500     6.3597     6.3607     0.0010    3.40587    3.40591          1     5.6425     5.5022      64.04     0.3340     0.2343  4.476e-02  0.4670000    34.2739    34.2733    -0.0006    26.9326    26.9321     26.256     26.446      0.532    1475.68    1475.69  0.000e+00
       8810     27.000     6.3644     6.3653     0.0009    3.40687    3.40691          1     5.6338     5.5206      59.59     0.4758     0.2606  3.357e-02  0.5719000    34.2801    34.2796    -0.0005    26.9369    26.9364     26.751     26.942      0.566    1475.72    1475.72  0.000e+00
       8831     27.500     6.3699     6.3707     0.0008    3.40799    3.40802          1     5.6242     5.5374      48.96     0.3244     0.2456  3.024e-02  0.5250000    34.2868    34.2864    -0.0004    26.9415    26.9411     27.246     27.438      0.548    1475.76    1475.76  0.000e+00
       8854     28.000     6.3803     6.3809     0.0006    3.41013    3.41011          1     5.6138     5.5195      60.63     0.2739     0.1985  1.951e-02  0.5030000    34.3000    34.2991    -0.0009    26.9506    26.9498     27.742     27.934      0.522    1475.82    1475.82  0.000e+00
       8876     28.500     6.3867     6.3876     0.0009    3.41143    3.41146          1     5.6035     5.5004      84.23     0.2625     0.2241  1.207e-02  0.5262000    34.3078    34.3073    -0.0006    26.9559    26.9553     28.237     28.430      0.560    1475.86    1475.87  0.000e+00
