ctdpy/exports/archive_20191121_122431/received_data/SBE09_0745_20181210_0242_34_01_0175.cnv
* Sea-Bird SBE 9 Data File:
* FileName = C:\ctd\temp\ar18d175.hex
* Software Version Seasave V 7.26.7.107
* Temperature SN = 4387
* Conductivity SN = 2994
* Number of Bytes Per Scan = 41
* Number of Voltage Words = 4
* Number of Scans Averaged by the Deck Unit = 1
* NMEA Latitude = 57 07.03 N
* NMEA Longitude = 017 40.13 E
* NMEA UTC (Time) = Dec 10 2018  02:42:32
* NMEA baud rate = 4800
** Station:  BY38 Karlsödj
** Operator:  Obac
** Ship: ARANDA
** Average sound velocity: 1441.11 m/s
** True-depth calculation Mon, 10 Dec 2018 03:46:01 +0000
** CTD Python Module SMHI /ver 3-12/ feb 2012 
** LIMS Job: 20183401-0175
** Cruise: SMHI-7-2018
** Latitude [GG MM.mm N]:
** Longitude [GG MM.mm E]:
# nquan = 26
# nvalues = 207                         
# units = specified
# name 0 = scan: Scan Count
# name 1 = prDM: Pressure, Digiquartz [db]
# name 2 = t090C: Temperature [ITS-90, deg C]
# name 3 = t190C: Temperature, 2 [ITS-90, deg C]
# name 4 = T2-T190C: Temperature Difference, 2 - 1 [ITS-90, deg C]
# name 5 = c0S/m: Conductivity [S/m]
# name 6 = c1S/m: Conductivity, 2 [S/m]
# name 7 = pumps: Pump Status
# name 8 = sbeox0ML/L: Oxygen, SBE 43 [ml/l]
# name 9 = sbeox1ML/L: Oxygen, SBE 43, 2 [ml/l]
# name 10 = altM: Altimeter [m]
# name 11 = flECO-AFL: Chl-a Fluorescence, WET Labs ECO-AFL/FL [mg/m^3]
# name 12 = flECO-AFL1: Phycocyanin Fluorescence, WET Labs ECO-AFL/FL, 2 [mg/m^3]
# name 13 = par: PAR/Irradiance, Biospherical/Lico [µE/(cm^2*s)]
# name 14 = turbWETntu0: Turbidity, WET Labs ECO [NTU]
# name 15 = sal00: Salinity, Practical [PSU]
# name 16 = sal11: Salinity, Practical, 2 [PSU]
# name 17 = secS-priS: Salinity, Practical, Difference, 2 - 1 [PSU]
# name 18 = sigma-t00: Density [sigma-t, Kg/m^3 ]
# name 19 = sigma-t11: Density, 2 [sigma-t, Kg/m^3 ]
# name 20 = depSM: Depth [salt water, m], lat = 57.1172
# name 21 = depFM: Depth [true depth, m], lat = 57.1172
# name 22 = dz/dtM: Descent Rate [m/s], WS = 2
# name 23 = svCM: Sound Velocity [Chen-Millero, m/s]
# name 24 = svCM1: Sound Velocity, 2 [Chen-Millero, m/s]
# name 25 = flag: flag
# span 0 =      32902,      37582       
# span 1 =      2.000,    105.000       
# span 2 =     4.7205,     6.0897       
# span 3 =     4.7215,     6.0898       
# span 4 =    -0.0158,     0.1171       
# span 5 =   0.799144,   1.156951       
# span 6 =   0.799230,   1.157035       
# span 7 =          1,          1       
# span 8 =    0.05486,    7.99125       
# span 9 =    0.04969,    7.99325       
# span 10 =       2.73,      99.00      
# span 11 =     0.2605,     0.7495      
# span 12 =     0.1776,     0.3697      
# span 13 = -1.855e-04, 6.4389e-03      
# span 14 =     0.1467,     5.0479      
# span 15 =     7.1369,    10.6924      
# span 16 =     7.1375,    10.6932      
# span 17 =    -0.0514,     0.0067      
# span 18 =     5.5925,     8.4096      
# span 19 =     5.5930,     8.4102      
# span 20 =      1.982,    104.008      
# span 21 =      2.026,    106.251      
# span 22 =     -0.299,      0.921      
# span 23 =    1436.30,    1445.09      
# span 24 =    1436.30,    1445.09      
# span 25 = 0.0000e+00, 0.0000e+00      
# interval = decibars: 0.5              
# start_time = Dec 10 2018 02:42:32 [NMEA time, first data scan]
# bad_flag = -9.990e-29
*END*
[from data line 56]
      34339     30.000     6.0832     6.0836     0.0005    0.80049    0.80055          1     7.9844     7.9702      91.17     0.7072     0.3262  1.000e-12  0.1972000     7.1437     7.1442     0.0006     5.5975     5.5979     29.722     30.386      0.381    1440.55    1440.55  0.000e+00
      34364     30.500     6.0832     6.0837     0.0006    0.80044    0.80051          1     7.9862     7.9727      42.10     0.7103     0.3402  1.000e-12  0.1920000     7.1432     7.1437     0.0005     5.5971     5.5975     30.217     30.893      0.608    1440.56    1440.56  0.000e+00
      34381     31.000     6.0832     6.0838     0.0007    0.80044    0.80052          1     7.9841     7.9772      67.35     0.7063     0.3252  1.000e-12  0.1941000     7.1431     7.1438     0.0006     5.5970     5.5975     30.713     31.399      0.713    1440.56    1440.57  0.000e+00
      34397     31.500     6.0833     6.0839     0.0005    0.80045    0.80053          1     7.9859     7.9722      97.33     0.6994     0.2913  1.000e-12  0.2120000     7.1431     7.1438     0.0006     5.5970     5.5975     31.208     31.905      0.684    1440.57    1440.57  0.000e+00
      34417     32.000     6.0834     6.0839     0.0004    0.80046    0.80054          1     7.9908     7.9778      83.06     0.6875     0.2488  1.000e-12  0.2032000     7.1432     7.1438     0.0007     5.5971     5.5976     31.703     32.412      0.554    1440.58    1440.58  0.000e+00
      34442     32.500     6.0834     6.0840     0.0005    0.80048    0.80055          1     7.9871     7.9748      87.25     0.7024     0.3232  1.000e-12  0.1959000     7.1432     7.1438     0.0006     5.5971     5.5976     32.199     32.918      0.441    1440.59    1440.59  0.000e+00
      34470     33.000     6.0835     6.0840     0.0005    0.80049    0.80057          1     7.9786     7.9733      76.13     0.7093     0.3288  1.000e-12  0.1937000     7.1433     7.1439     0.0006     5.5972     5.5976     32.694     33.425      0.531    1440.60    1440.60  0.000e+00
      34489     33.500     6.0829     6.0839     0.0010    0.80053    0.80058          1     7.9744     7.9754      86.38     0.6812     0.3697  1.000e-12  0.1945000     7.1437     7.1440     0.0003     5.5975     5.5977     33.189     33.931      0.735    1440.60    1440.61  0.000e+00
      34503     34.000     6.0821     6.0827     0.0006    0.80061    0.80067          1     7.9786     7.9826      77.35     0.6611     0.3489  1.000e-12  0.1945000     7.1446     7.1451     0.0004     5.5983     5.5986     33.685     34.438      0.833    1440.61    1440.61  0.000e+00
      34517     34.500     6.0818     6.0825     0.0007    0.80065    0.80070          1     7.9867     7.9923      81.70     0.6696     0.3264  1.000e-12  0.1985000     7.1450     7.1453     0.0004     5.5986     5.5988     34.180     34.944      0.788    1440.62    1440.62  0.000e+00
      34534     35.000     6.0808     6.0813     0.0005    0.80071    0.80079          1     7.9894     7.9932      97.16     0.6850     0.3246  1.000e-12  0.2005000     7.1457     7.1464     0.0007     5.5992     5.5997     34.675     35.450      0.559    1440.62    1440.62  0.000e+00
      34571     35.500     6.0812     6.0814     0.0002    0.80070    0.80080          1     7.9885     7.9820      59.77     0.7043     0.2960  1.000e-12  0.1957000     7.1455     7.1464     0.0009     5.5990     5.5997     35.171     35.957      0.297    1440.63    1440.63  0.000e+00
      34601     36.000     6.0805     6.0810     0.0005    0.80076    0.80082          1     7.9824     7.9782      99.00     0.6989     0.2777  1.000e-12  0.1814000     7.1461     7.1466     0.0004     5.5996     5.5999     35.666     36.463      0.669    1440.63    1440.64  0.000e+00
      34616     36.500     6.0809     6.0815     0.0006    0.80075    0.80083          1     7.9809     7.9761      82.33     0.6876     0.3226  1.000e-12  0.1854000     7.1460     7.1466     0.0006     5.5994     5.5999     36.161     36.970      0.815    1440.64    1440.65  0.000e+00
      34629     37.000     6.0811     6.0816     0.0005    0.80078    0.80086          1     7.9853     7.9773      73.86     0.6867     0.3264  1.000e-12  0.1884000     7.1461     7.1468     0.0007     5.5995     5.6000     36.657     37.476      0.790    1440.65    1440.66  0.000e+00
      34646     37.500     6.0812     6.0817     0.0005    0.80080    0.80088          1     7.9846     7.9800      73.65     0.7045     0.3386  1.000e-12  0.1977000     7.1462     7.1469     0.0007     5.5996     5.6001     37.152     37.983      0.589    1440.66    1440.66  0.000e+00
      34679     38.000     6.0815     6.0820     0.0005    0.80077    0.80085          1     7.9856     7.9743      73.74     0.7110     0.3347  1.000e-12  0.1894000     7.1458     7.1464     0.0007     5.5992     5.5997     37.647     38.489      0.324    1440.67    1440.67  0.000e+00
      34711     38.500     6.0816     6.0821     0.0005    0.80078    0.80085          1     7.9889     7.9736      87.94     0.7063     0.3037  1.000e-12  0.1832000     7.1457     7.1463     0.0006     5.5992     5.5996     38.142     38.996      0.620    1440.68    1440.68  0.000e+00
      34726     39.000     6.0816     6.0821     0.0005    0.80080    0.80088          1     7.9855     7.9754      97.47     0.6997     0.2505  1.000e-12  0.1942000     7.1459     7.1466     0.0007     5.5993     5.5998     38.638     39.502      0.850    1440.69    1440.69  0.000e+00
      34739     39.500     6.0814     6.0819     0.0005    0.80084    0.80092          1     7.9821     7.9797      70.49     0.6956     0.2682  1.000e-12  0.1935000     7.1463     7.1470     0.0007     5.5996     5.6001     39.133     40.008      0.920    1440.69    1440.70  0.000e+00
      34752     40.000     6.0812     6.0817     0.0005    0.80087    0.80094          1     7.9851     7.9821      44.15     0.6867     0.2951  1.000e-12  0.1945000     7.1465     7.1471     0.0006     5.5998     5.6003     39.628     40.515      0.847    1440.70    1440.71  0.000e+00
      34768     40.500     6.0812     6.0818     0.0006    0.80087    0.80094          1     7.9904     7.9862      66.40     0.6934     0.2683  1.000e-12  0.2004000     7.1465     7.1470     0.0005     5.5998     5.6002     40.124     41.021      0.618    1440.71    1440.71  0.000e+00
      34801     41.000     6.0813     6.0817     0.0003    0.80089    0.80098          1     7.9877     7.9778      69.65     0.7075     0.3014  1.000e-12  0.1951000     7.1466     7.1474     0.0008     5.5999     5.6005     40.619     41.528      0.296    1440.72    1440.72  0.000e+00
      34842     41.500     6.0802     6.0807     0.0005    0.80111    0.80119          1     7.9828     7.9727      69.34     0.7261     0.3267  1.000e-12  0.1926000     7.1489     7.1496     0.0007     5.6017     5.6023     41.114     42.034      0.496    1440.72    1440.73  0.000e+00
      34860     42.000     6.0802     6.0807     0.0005    0.80113    0.80120          1     7.9797     7.9703      69.06     0.7335     0.3243  1.000e-12  0.1884000     7.1491     7.1496     0.0005     5.6019     5.6022     41.610     42.541      0.749    1440.73    1440.73  0.000e+00
      34874     42.500     6.0800     6.0806     0.0006    0.80117    0.80124          1     7.9800     7.9759      68.60     0.7068     0.3231  1.000e-12  0.2027000     7.1494     7.1499     0.0005     5.6021     5.6025     42.105     43.047      0.844    1440.74    1440.74  0.000e+00
      34887     43.000     6.0800     6.0805     0.0006    0.80121    0.80125          1     7.9785     7.9809      68.23     0.6989     0.3233  1.000e-12  0.2065000     7.1497     7.1500     0.0003     5.6024     5.6026     42.600     43.553      0.816    1440.75    1440.75  0.000e+00
      34903     43.500     6.0800     6.0805     0.0006    0.80118    0.80127          1     7.9813     7.9861      67.92     0.6991     0.2865  1.000e-12  0.2009000     7.1493     7.1501     0.0007     5.6021     5.6027     43.096     44.060      0.659    1440.76    1440.76  0.000e+00
      34929     44.000     6.0801     6.0805     0.0005    0.80119    0.80127          1     7.9816     7.9838      67.06     0.7072     0.3107  1.000e-12  0.1922000     7.1494     7.1500     0.0007     5.6021     5.6026     43.591     44.566      0.400    1440.76    1440.77  0.000e+00
      34964     44.500     6.0799     6.0804     0.0005    0.80128    0.80137          1     7.9811     7.9807      66.41     0.7097     0.2936  1.000e-12  0.2059000     7.1502     7.1510     0.0008     5.6028     5.6034     44.086     45.073      0.434    1440.77    1440.77  0.000e+00
      34985     45.000     6.0798     6.0804     0.0006    0.80136    0.80143          1     7.9798     7.9828      65.97     0.7107     0.2490  1.000e-12  0.2005000     7.1509     7.1515     0.0006     5.6034     5.6038     44.581     45.579      0.692    1440.78    1440.78  0.000e+00
      35000     45.500     6.0799     6.0804     0.0006    0.80140    0.80147          1     7.9795     7.9795      65.37     0.6940     0.2755  1.000e-12  0.1963000     7.1513     7.1518     0.0005     5.6036     5.6040     45.077     46.086      0.809    1440.79    1440.79  0.000e+00
      35014     46.000     6.0800     6.0805     0.0005    0.80144    0.80151          1     7.9851     7.9708      65.00     0.6859     0.3091  1.000e-12  0.1945000     7.1516     7.1521     0.0005     5.6039     5.6043     45.572     46.592      0.817    1440.80    1440.80  0.000e+00
      35029     46.500     6.0801     6.0806     0.0006    0.80145    0.80153          1     7.9889     7.9689      64.56     0.7089     0.3181  1.000e-12  0.1941000     7.1516     7.1522     0.0006     5.6039     5.6043     46.067     47.098      0.719    1440.81    1440.81  0.000e+00
      35050     47.000     6.0802     6.0807     0.0006    0.80145    0.80154          1     7.9872     7.9664      63.90     0.6969     0.3076  1.000e-12  0.2007000     7.1515     7.1523     0.0008     5.6038     5.6044     46.563     47.605      0.494    1440.82    1440.82  0.000e+00
      35083     47.500     6.0803     6.0809     0.0006    0.80145    0.80153          1     7.9845     7.9711      39.49     0.6960     0.3050  1.000e-12  0.1978000     7.1514     7.1521     0.0007     5.6037     5.6042     47.058     48.111      0.354    1440.82    1440.83  0.000e+00
      35111     48.000     6.0806     6.0810     0.0005    0.80150    0.80158          1     7.9813     7.9739      48.31     0.6988     0.3140  1.000e-12  0.2063000     7.1518     7.1524     0.0006     5.6040     5.6045     47.553     48.618      0.540    1440.83    1440.84  0.000e+00
      35131     48.500     6.0807     6.0812     0.0006    0.80153    0.80162          1     7.9838     7.9723      62.25     0.7075     0.2959  1.000e-12  0.2015000     7.1520     7.1527     0.0007     5.6042     5.6047     48.048     49.124      0.635    1440.84    1440.85  0.000e+00
      35149     49.000     6.0810     6.0815     0.0005    0.80159    0.80166          1     7.9830     7.9724      61.59     0.7102     0.2812  1.000e-12  0.1977000     7.1524     7.1529     0.0006     5.6045     5.6049     48.544     49.631      0.629    1440.85    1440.85  0.000e+00
      35169     49.500     6.0808     6.0813     0.0005    0.80170    0.80178          1     7.9830     7.9778      61.16     0.7109     0.3094  1.000e-12  0.1965000     7.1535     7.1541     0.0006     5.6053     5.6058     49.039     50.137      0.590    1440.86    1440.86  0.000e+00
      35190     50.000     6.0817     6.0822     0.0005    0.80188    0.80197          1     7.9806     7.9756      60.63     0.7231     0.3100  1.000e-12  0.2061000     7.1549     7.1557     0.0007     5.6064     5.6070     49.534     50.643      0.575    1440.87    1440.88  0.000e+00
      35211     50.500     6.0818     6.0823     0.0005    0.80195    0.80202          1     7.9750     7.9646      60.10     0.7001     0.3153  1.000e-12  0.2067000     7.1555     7.1561     0.0006     5.6069     5.6073     50.030     51.150      0.604    1440.88    1440.88  0.000e+00
      35230     51.000     6.0811     6.0822     0.0010    0.80197    0.80203          1     7.9661     7.9643      59.52     0.6902     0.3235  1.000e-12  0.1988000     7.1558     7.1562     0.0004     5.6071     5.6074     50.525     51.656      0.663    1440.89    1440.89  0.000e+00
      35247     51.500     6.0805     6.0810     0.0004    0.80198    0.80205          1     7.9635     7.9719      59.11     0.6876     0.3078  1.000e-12  0.1949000     7.1559     7.1565     0.0006     5.6073     5.6077     51.020     52.163      0.671    1440.89    1440.90  0.000e+00
      35266     52.000     6.0819     6.0814    -0.0005    0.80214    0.80207          1     7.9664     7.9716      58.66     0.6865     0.3105  1.000e-12  0.1945000     7.1571     7.1566    -0.0005     5.6081     5.6078     51.515     52.669      0.572    1440.91    1440.91  0.000e+00
      35292     52.500     6.0791     6.0794     0.0003    0.80236    0.80247          1     7.9662     7.9544      57.88     0.6909     0.2995  1.000e-12  0.2071000     7.1598     7.1608     0.0010     5.6104     5.6112     52.011     53.176      0.410    1440.91    1440.91  0.000e+00
      35323     53.000     6.0770     6.0773     0.0003    0.80285    0.80295          1     7.9678     7.9576      57.39     0.6495     0.3161  1.000e-12  0.1905000     7.1648     7.1658     0.0009     5.6145     5.6152     52.506     53.682      0.462    1440.91    1440.92  0.000e+00
      35344     53.500     6.0759     6.0767     0.0007    0.80302    0.80306          1     7.9350     7.9324      56.65     0.6510     0.2942  1.000e-12  0.2003000     7.1667     7.1668     0.0002     5.6160     5.6161     53.001     54.188      0.642    1440.92    1440.92  0.000e+00
      35361     54.000     6.0748     6.0750     0.0002    0.80319    0.80324          1     7.8915     7.8829      56.42     0.6397     0.2870  1.000e-12  0.2115000     7.1684     7.1689     0.0005     5.6174     5.6178     53.497     54.695      0.714    1440.92    1440.93  0.000e+00
      35378     54.500     6.0129     6.0200     0.0070    0.80565    0.80548          1     7.8242     7.8008      56.01     0.6245     0.3229  1.000e-12  0.2079000     7.2051     7.2020    -0.0031     5.6497     5.6468     53.992     55.201      0.657    1440.71    1440.74  0.000e+00
      35400     55.000     5.9673     5.9686     0.0012    0.80721    0.80732          1     7.7241     7.6937      55.18     0.5888     0.3233  1.000e-12  0.1985000     7.2298     7.2305     0.0007     5.6716     5.6721     54.487     55.708      0.472    1440.56    1440.56  0.000e+00
      35431     55.500     5.9491     5.9513     0.0022    0.80792    0.80798          1     7.6392     7.6133      54.60     0.5463     0.2149  1.000e-12  0.1880000     7.2405     7.2406     0.0001     5.6810     5.6809     54.982     56.214      0.417    1440.50    1440.51  0.000e+00
      35455     56.000     5.9352     5.9365     0.0013    0.80843    0.80850          1     7.5878     7.5746      53.87     0.5453     0.2927  1.000e-12  0.1917000     7.2483     7.2486     0.0004     5.6879     5.6881     55.478     56.720      0.663    1440.46    1440.46  0.000e+00
      35470     56.500     5.9143     5.9183     0.0039    0.80900    0.80899          1     7.5370     7.5198      53.29     0.5534     0.2812  1.000e-12  0.2126000     7.2582     7.2573    -0.0009     5.6968     5.6958     55.973     57.227      0.807    1440.39    1440.40  0.000e+00
      35484     57.000     5.8985     5.9017     0.0033    0.80937    0.80939          1     7.5184     7.4722      53.16     0.5457     0.2511  1.000e-12  0.2010000     7.2651     7.2646    -0.0005     5.7030     5.7025     56.468     57.733      0.819    1440.34    1440.35  0.000e+00
