ctdpy/exports/archive_20191121_122431/received_data/SBE09_0745_20181210_0825_34_01_0176.cnv
* Sea-Bird SBE 9 Data File:
* FileName = C:\ctd\temp\ar18d176.hex
* Software Version Seasave V 7.26.7.107
* Temperature SN = 4387
* Conductivity SN = 2994
* Number of Bytes Per Scan = 41
* Number of Voltage Words = 4
* Number of Scans Averaged by the Deck Unit = 1
* NMEA Latitude = 58 01.01 N
* NMEA Longitude = 017 59.07 E
* NMEA UTC (Time) = Dec 10 2018  08:25:21
* NMEA baud rate = 4800
** Station:  BY32
** Operator:  JKro
** Ship: ARANDA
** Average sound velocity: 1443.22 m/s
** True-depth calculation Mon, 10 Dec 2018 09:28:26 +0000
** CTD Python Module SMHI /ver 3-12/ feb 2012 
** LIMS Job: 20183401-0176
** Cruise: SMHI-7-2018
** Latitude [GG MM.mm N]:
** Longitude [GG MM.mm E]:
# nquan = 26
# nvalues = 394                         
# units = specified
# name 0 = scan: Scan Count
# name 1 = prDM: Pressure, Digiquartz [db]
# name 2 = t090C: Temperature [ITS-90, deg C]
# name 3 = t190C: Temperature, 2 [ITS-90, deg C]
# name 4 = T2-T190C: Temperature Difference, 2 - 1 [ITS-90, deg C]
# name 5 = c0S/m: Conductivity [S/m]
# name 6 = c1S/m: Conductivity, 2 [S/m]
# name 7 = pumps: Pump Status
# name 8 = sbeox0ML/L: Oxygen, SBE 43 [ml/l]
# name 9 = sbeox1ML/L: Oxygen, SBE 43, 2 [ml/l]
# name 10 = altM: Altimeter [m]
# name 11 = flECO-AFL: Chl-a Fluorescence, WET Labs ECO-AFL/FL [mg/m^3]
# name 12 = flECO-AFL1: Phycocyanin Fluorescence, WET Labs ECO-AFL/FL, 2 [mg/m^3]
# name 13 = par: PAR/Irradiance, Biospherical/Lico [µE/(cm^2*s)]
# name 14 = turbWETntu0: Turbidity, WET Labs ECO [NTU]
# name 15 = sal00: Salinity, Practical [PSU]
# name 16 = sal11: Salinity, Practical, 2 [PSU]
# name 17 = secS-priS: Salinity, Practical, Difference, 2 - 1 [PSU]
# name 18 = sigma-t00: Density [sigma-t, Kg/m^3 ]
# name 19 = sigma-t11: Density, 2 [sigma-t, Kg/m^3 ]
# name 20 = depSM: Depth [salt water, m], lat = 58.0168
# name 21 = depFM: Depth [true depth, m], lat = 58.0168
# name 22 = dz/dtM: Descent Rate [m/s], WS = 2
# name 23 = svCM: Sound Velocity [Chen-Millero, m/s]
# name 24 = svCM1: Sound Velocity, 2 [Chen-Millero, m/s]
# name 25 = flag: flag
# span 0 =      23600,      35264       
# span 1 =      1.500,    198.000       
# span 2 =     4.6694,     6.0243       
# span 3 =     4.6684,     6.0247       
# span 4 =    -0.0033,     0.0071       
# span 5 =   0.787296,   1.189475       
# span 6 =   0.787373,   1.189548       
# span 7 =          1,          1       
# span 8 =    0.02089,    7.99201       
# span 9 =    0.04537,    7.99762       
# span 10 =       3.26,      99.30      
# span 11 =     0.2325,     0.5535      
# span 12 =     0.1507,     0.3240      
# span 13 = -4.335e-05, 9.6452e+01      
# span 14 =     0.1635,     2.7822      
# span 15 =     7.0414,    10.9493      
# span 16 =     7.0420,    10.9499      
# span 17 =    -0.0038,     0.0037      
# span 18 =     5.5221,     8.6020      
# span 19 =     5.5226,     8.6025      
# span 20 =      1.486,    196.071      
# span 21 =      1.519,    200.173      
# span 22 =     -0.057,      0.715      
# span 23 =    1436.56,    1447.58      
# span 24 =    1436.56,    1447.58      
# span 25 = 0.0000e+00, 0.0000e+00      
# interval = decibars: 0.5              
# start_time = Dec 10 2018 08:25:21 [NMEA time, first data scan]
# bad_flag = -9.990e-29
*END*
[from data line 279]
      30608    141.000     5.9151     5.9154     0.0003    1.17511    1.17519          1     0.0378     0.0608      62.80     0.3638     0.2587  1.000e-12  0.2530000    10.8368    10.8375     0.0007     8.5175     8.5180    139.645    142.610      0.555    1446.26    1446.26  0.000e+00
      30630    141.500     5.9159     5.9164     0.0004    1.17526    1.17537          1     0.0373     0.0617      62.19     0.3450     0.2275  1.000e-12  0.2613000    10.8379    10.8388     0.0009     8.5183     8.5190    140.141    143.115      0.562    1446.27    1446.27  0.000e+00
      30651    142.000     5.9165     5.9169     0.0004    1.17534    1.17545          1     0.0353     0.0615      86.08     0.3581     0.2178  1.000e-12  0.2556000    10.8384    10.8393     0.0010     8.5186     8.5194    140.635    143.620      0.602    1446.28    1446.28  0.000e+00
      30670    142.500     5.9167     5.9172     0.0005    1.17537    1.17547          1     0.0376     0.0607      61.14     0.3574     0.2354  1.000e-12  0.2607000    10.8385    10.8394     0.0009     8.5187     8.5194    141.131    144.124      0.612    1446.29    1446.29  0.000e+00
      30690    143.000     5.9167     5.9172     0.0005    1.17539    1.17549          1     0.0382     0.0626      60.43     0.3504     0.2377  1.000e-12  0.2584000    10.8386    10.8395     0.0009     8.5188     8.5195    141.626    144.629      0.538    1446.30    1446.30  0.000e+00
      30717    143.500     5.9167     5.9171     0.0004    1.17542    1.17551          1     0.0357     0.0639      77.00     0.3586     0.2171  1.000e-12  0.2557000    10.8389    10.8396     0.0007     8.5190     8.5196    142.121    145.134      0.381    1446.31    1446.31  0.000e+00
      30753    144.000     5.9166     5.9171     0.0005    1.17542    1.17551          1     0.0359     0.0582      73.15     0.3695     0.2323  1.000e-12  0.2650000    10.8388    10.8396     0.0008     8.5190     8.5195    142.616    145.639      0.371    1446.31    1446.32  0.000e+00
      30780    144.500     5.9168     5.9172     0.0004    1.17544    1.17552          1     0.0370     0.0604      73.92     0.3572     0.2261  1.000e-12  0.2493000    10.8389    10.8395     0.0006     8.5190     8.5194    143.111    146.144      0.531    1446.32    1446.33  0.000e+00
      30800    145.000     5.9173     5.9177     0.0003    1.17554    1.17563          1     0.0352     0.0615      97.29     0.3696     0.2366  1.000e-12  0.2553000    10.8396    10.8404     0.0007     8.5196     8.5201    143.606    146.649      0.576    1446.33    1446.33  0.000e+00
      30822    145.500     5.9191     5.9195     0.0004    1.17589    1.17598          1     0.0355     0.0609      57.85     0.3681     0.3066  1.000e-12  0.2559000    10.8424    10.8431     0.0007     8.5217     8.5222    144.101    147.154      0.527    1446.35    1446.36  0.000e+00
      30846    146.000     5.9216     5.9220     0.0004    1.17647    1.17655          1     0.0361     0.0614      57.37     0.3619     0.2473  1.000e-12  0.2637000    10.8473    10.8479     0.0007     8.5253     8.5258    144.596    147.659      0.516    1446.38    1446.38  0.000e+00
      30868    146.500     5.9222     5.9226     0.0004    1.17659    1.17668          1     0.0352     0.0625      56.84     0.3516     0.2459  1.000e-12  0.2648000    10.8482    10.8490     0.0008     8.5261     8.5266    145.091    148.164      0.582    1446.39    1446.39  0.000e+00
      30888    147.000     5.9227     5.9231     0.0004    1.17675    1.17684          1     0.0340     0.0612      56.37     0.3513     0.2511  1.000e-12  0.2617000    10.8496    10.8504     0.0008     8.5271     8.5277    145.586    148.669      0.602    1446.40    1446.40  0.000e+00
      30908    147.500     5.9228     5.9234     0.0006    1.17679    1.17693          1     0.0360     0.0615      55.92     0.3686     0.2400  1.000e-12  0.2620000    10.8498    10.8511     0.0012     8.5273     8.5282    146.081    149.174      0.514    1446.41    1446.41  0.000e+00
      30937    148.000     5.9244     5.9246     0.0002    1.17714    1.17718          1     0.0363     0.0606      55.23     0.3732     0.2381  1.000e-12  0.2637000    10.8527    10.8531     0.0004     8.5294     8.5297    146.576    149.679      0.374    1446.43    1446.43  0.000e+00
      30970    148.500     5.9251     5.9255     0.0004    1.17728    1.17734          1     0.0347     0.0617      54.69     0.3697     0.2492  1.000e-12  0.2522000    10.8537    10.8543     0.0005     8.5302     8.5306    147.071    150.184      0.448    1446.44    1446.44  0.000e+00
      30992    149.000     5.9255     5.9259     0.0004    1.17733    1.17742          1     0.0337     0.0602      54.27     0.3629     0.2073  1.000e-12  0.2494000    10.8540    10.8549     0.0008     8.5304     8.5311    147.566    150.689      0.562    1446.45    1446.45  0.000e+00
      31013    149.500     5.9263     5.9267     0.0004    1.17751    1.17758          1     0.0375     0.0609      53.83     0.3701     0.2085  1.000e-12  0.2506000    10.8555    10.8561     0.0006     8.5315     8.5319    148.061    151.194      0.542    1446.46    1446.47  0.000e+00
      31038    150.000     5.9280     5.9288     0.0009    1.17786    1.17806          1     0.0357     0.0613      54.22     0.3702     0.1722  1.000e-12  0.2542000    10.8584    10.8601     0.0017     8.5337     8.5350    148.556    151.699      0.459    1446.48    1446.49  0.000e+00
      31065    150.500     5.9293     5.9297     0.0004    1.17816    1.17824          1     0.0331     0.0609      76.16     0.3697     0.2789  1.000e-12  0.2516000    10.8608    10.8616     0.0007     8.5355     8.5361    149.051    152.204      0.482    1446.50    1446.50  0.000e+00
      31087    151.000     5.9298     5.9302     0.0004    1.17824    1.17834          1     0.0316     0.0593      51.78     0.3696     0.2514  1.000e-12  0.2610000    10.8614    10.8623     0.0008     8.5360     8.5366    149.546    152.709      0.573    1446.51    1446.51  0.000e+00
      31107    151.500     5.9300     5.9304     0.0004    1.17829    1.17841          1     0.0321     0.0608      51.91     0.3456     0.2640  1.000e-12  0.2379000    10.8618    10.8628     0.0011     8.5362     8.5370    150.041    153.214      0.591    1446.52    1446.52  0.000e+00
      31128    152.000     5.9300     5.9305     0.0005    1.17835    1.17844          1     0.0347     0.0607      51.23     0.3823     0.2457  1.000e-12  0.2463000    10.8623    10.8630     0.0007     8.5366     8.5372    150.536    153.719      0.517    1446.53    1446.53  0.000e+00
      31155    152.500     5.9302     5.9306     0.0004    1.17839    1.17847          1     0.0346     0.0616      50.57     0.3925     0.2535  1.000e-12  0.2539000    10.8625    10.8632     0.0007     8.5368     8.5373    151.031    154.224      0.427    1446.54    1446.54  0.000e+00
      31183    153.000     5.9304     5.9310     0.0006    1.17846    1.17857          1     0.0309     0.0591      50.04     0.3741     0.2271  1.000e-12  0.2556000    10.8630    10.8639     0.0009     8.5372     8.5378    151.526    154.729      0.476    1446.55    1446.55  0.000e+00
      31206    153.500     5.9321     5.9325     0.0005    1.17881    1.17892          1     0.0343     0.0608      49.62     0.3597     0.2496  1.000e-12  0.2553000    10.8659    10.8669     0.0010     8.5394     8.5401    152.021    155.234      0.559    1446.57    1446.57  0.000e+00
      31226    154.000     5.9331     5.9335     0.0003    1.17903    1.17911          1     0.0359     0.0599      49.18     0.3646     0.2699  1.000e-12  0.2595000    10.8677    10.8683     0.0007     8.5407     8.5412    152.516    155.739      0.552    1446.58    1446.58  0.000e+00
      31250    154.500     5.9339     5.9341     0.0003    1.17921    1.17928          1     0.0338     0.0605      58.71     0.3760     0.2437  1.000e-12  0.2527000    10.8692    10.8697     0.0006     8.5418     8.5422    153.011    156.244      0.480    1446.59    1446.60  0.000e+00
      31277    155.000     5.9344     5.9347     0.0003    1.17932    1.17938          1     0.0322     0.0612      62.58     0.3691     0.2257  1.000e-12  0.2494000    10.8700    10.8705     0.0005     8.5424     8.5428    153.506    156.749      0.451    1446.61    1446.61  0.000e+00
      31302    155.500     5.9349     5.9353     0.0003    1.17942    1.17949          1     0.0322     0.0592      47.38     0.3776     0.2464  1.000e-12  0.2556000    10.8707    10.8713     0.0006     8.5429     8.5434    154.001    157.253      0.491    1446.62    1446.62  0.000e+00
      31326    156.000     5.9352     5.9356     0.0004    1.17949    1.17957          1     0.0340     0.0592      47.00     0.3808     0.2808  1.000e-12  0.2465000    10.8712    10.8719     0.0007     8.5433     8.5438    154.496    157.758      0.503    1446.63    1446.63  0.000e+00
      31350    156.500     5.9353     5.9358     0.0004    1.17952    1.17959          1     0.0338     0.0581      46.49     0.3601     0.2920  1.000e-12  0.2469000    10.8714    10.8720     0.0006     8.5435     8.5439    154.991    158.263      0.504    1446.63    1446.64  0.000e+00
      31373    157.000     5.9355     5.9359     0.0004    1.17954    1.17964          1     0.0345     0.0598      45.98     0.3515     0.2346  1.000e-12  0.2562000    10.8715    10.8723     0.0008     8.5435     8.5441    155.486    158.768      0.528    1446.64    1446.65  0.000e+00
      31395    157.500     5.9356     5.9360     0.0004    1.17957    1.17966          1     0.0340     0.0579      45.47     0.3695     0.2370  1.000e-12  0.2437000    10.8716    10.8724     0.0008     8.5436     8.5442    155.981    159.273      0.557    1446.65    1446.65  0.000e+00
      31417    158.000     5.9359     5.9362     0.0004    1.17963    1.17971          1     0.0333     0.0564      44.94     0.3702     0.2642  1.000e-12  0.2433000    10.8720    10.8727     0.0007     8.5439     8.5444    156.476    159.778      0.562    1446.66    1446.66  0.000e+00
      31438    158.500     5.9362     5.9366     0.0004    1.17970    1.17979          1     0.0316     0.0582      44.39     0.3576     0.2641  1.000e-12  0.2494000    10.8726    10.8733     0.0007     8.5444     8.5449    156.971    160.283      0.525    1446.67    1446.67  0.000e+00
      31463    159.000     5.9370     5.9375     0.0005    1.17990    1.17997          1     0.0324     0.0561      43.82     0.3670     0.2435  1.000e-12  0.2544000    10.8742    10.8748     0.0006     8.5456     8.5460    157.466    160.788      0.460    1446.69    1446.69  0.000e+00
      31491    159.500     5.9377     5.9382     0.0005    1.18007    1.18019          1     0.0337     0.0561      43.26     0.3709     0.2428  1.000e-12  0.2769000    10.8756    10.8766     0.0010     8.5466     8.5474    157.961    161.293      0.402    1446.70    1446.70  0.000e+00
      31522    160.000     5.9386     5.9390     0.0004    1.18028    1.18037          1     0.0323     0.0596      42.72     0.3950     0.2706  1.000e-12  0.2565000    10.8773    10.8780     0.0008     8.5479     8.5485    158.456    161.798      0.416    1446.71    1446.71  0.000e+00
      31548    160.500     5.9391     5.9396     0.0006    1.18036    1.18050          1     0.0329     0.0574      42.29     0.3907     0.2611  1.000e-12  0.2645000    10.8778    10.8791     0.0013     8.5483     8.5492    158.951    162.303      0.543    1446.72    1446.73  0.000e+00
      31568    161.000     5.9400     5.9401     0.0001    1.18057    1.18059          1     0.0314     0.0556      41.85     0.3694     0.2641  1.000e-12  0.2862000    10.8796    10.8798     0.0002     8.5496     8.5498    159.446    162.808      0.624    1446.74    1446.74  0.000e+00
      31586    161.500     5.9425     5.9425     0.0001    1.18112    1.18116          1     0.0297     0.0565      41.39     0.3889     0.2925  1.000e-12  0.2722000    10.8842    10.8845     0.0004     8.5531     8.5534    159.941    163.313      0.615    1446.76    1446.76  0.000e+00
      31607    162.000     5.9439     5.9443     0.0004    1.18146    1.18154          1     0.0314     0.0589      40.83     0.3880     0.2270  1.000e-12  0.2741000    10.8870    10.8877     0.0007     8.5552     8.5557    160.436    163.818      0.547    1446.78    1446.78  0.000e+00
      31631    162.500     5.9456     5.9459     0.0003    1.18182    1.18189          1     0.0317     0.0580      40.26     0.3814     0.2236  1.000e-12  0.2777000    10.8899    10.8906     0.0006     8.5574     8.5579    160.931    164.323      0.500    1446.80    1446.80  0.000e+00
      31654    163.000     5.9472     5.9476     0.0004    1.18215    1.18223          1     0.0309     0.0554      39.76     0.3899     0.2217  1.000e-12  0.2895000    10.8926    10.8932     0.0006     8.5594     8.5599    161.426    164.828      0.541    1446.82    1446.82  0.000e+00
      31675    163.500     5.9480     5.9485     0.0005    1.18229    1.18241          1     0.0301     0.0557      39.26     0.4077     0.2137  1.000e-12  0.3143000    10.8936    10.8947     0.0011     8.5602     8.5610    161.921    165.333      0.544    1446.83    1446.83  0.000e+00
      31701    164.000     5.9484     5.9488     0.0004    1.18238    1.18249          1     0.0324     0.0576      38.67     0.4104     0.2089  1.000e-12  0.2704000    10.8944    10.8953     0.0009     8.5607     8.5614    162.415    165.838      0.387    1446.84    1446.84  0.000e+00
      31740    164.500     5.9487     5.9491     0.0003    1.18248    1.18254          1     0.0303     0.0553      38.02     0.3999     0.2204  1.000e-12  0.2794000    10.8951    10.8956     0.0005     8.5613     8.5617    162.910    166.343      0.340    1446.85    1446.85  0.000e+00
      31766    165.000     5.9489     5.9493     0.0004    1.18249    1.18258          1     0.0308     0.0564      37.67     0.4069     0.2053  1.000e-12  0.2866000    10.8951    10.8958     0.0007     8.5613     8.5618    163.405    166.848      0.602    1446.86    1446.86  0.000e+00
      31783    165.500     5.9491     5.9495     0.0004    1.18252    1.18262          1     0.0310     0.0569      37.27     0.4030     0.2199  1.000e-12  0.2815000    10.8952    10.8961     0.0009     8.5613     8.5620    163.900    167.352      0.702    1446.87    1446.87  0.000e+00
      31800    166.000     5.9492     5.9497     0.0005    1.18256    1.18268          1     0.0315     0.0564      36.79     0.3948     0.2249  1.000e-12  0.2745000    10.8955    10.8965     0.0010     8.5616     8.5624    164.395    167.857      0.671    1446.88    1446.88  0.000e+00
      31820    166.500     5.9497     5.9499     0.0002    1.18269    1.18273          1     0.0320     0.0550      36.20     0.3724     0.2253  1.000e-12  0.2850000    10.8965    10.8968     0.0003     8.5623     8.5626    164.890    168.362      0.536    1446.89    1446.89  0.000e+00
      31847    167.000     5.9503     5.9506     0.0003    1.18284    1.18290          1     0.0316     0.0573      35.62     0.3802     0.2893  1.000e-12  0.2650000    10.8978    10.8983     0.0005     8.5633     8.5637    165.385    168.867      0.422    1446.90    1446.90  0.000e+00
      31875    167.500     5.9531     5.9534     0.0004    1.18339    1.18350          1     0.0306     0.0558      35.05     0.3825     0.2614  1.000e-12  0.2677000    10.9022    10.9032     0.0010     8.5666     8.5674    165.880    169.372      0.483    1446.93    1446.93  0.000e+00
      31897    168.000     5.9552     5.9556     0.0004    1.18380    1.18390          1     0.0329     0.0565      34.58     0.3824     0.2333  1.000e-12  0.2503000    10.9056    10.9064     0.0009     8.5691     8.5698    166.375    169.877      0.526    1446.95    1446.95  0.000e+00
