ctdpy/exports/archive_20191121_122431/received_data/SBE09_0827_20180129_1550_26_01_0258.cnv
* Sea-Bird SBE 9 Data File:
* FileName = D:\CTD_SBE911\DAT\26DA.2018.1.158.hex
* Software Version Seasave V 7.21d
* Temperature SN = 034757
* Conductivity SN = 041844
* Number of Bytes Per Scan = 48
* Number of Voltage Words = 5
* Number of Scans Averaged by the Deck Unit = 1
* NMEA Latitude = 58 01.60 N
* NMEA Longitude = 011 09.26 E
* NMEA UTC (Time) = Jan 29 2018  15:50:40
* NMEA baud rate = 4800
** Ship: DANA
** Average sound velocity: 1473.88 m/s
** True-depth calculation Thu, 28 Mar 2019 08:34:11 +0000
** CTD Python Module SMHI /ver 3-12/ feb 2012 
** LIMS Job: 20182601-0258
** 8Sw Måseskær
** Operator: Ronny Sørensen
** Cruise: 01/2018
# nquan = 26
# nvalues = 220                         
# units = specified
# name 0 = scan: Scan Count
# name 1 = prDM: Pressure, Digiquartz [db]
# name 2 = t090C: Temperature [ITS-90, deg C]
# name 3 = t190C: Temperature, 2 [ITS-90, deg C]
# name 4 = T2-T190C: Temperature Difference, 2 - 1 [ITS-90, deg C]
# name 5 = c0S/m: Conductivity [S/m]
# name 6 = c1S/m: Conductivity, 2 [S/m]
# name 7 = pumps: Pump Status
# name 8 = sbeox1ML/L: Oxygen, SBE 43, 2 [ml/l]
# name 9 = sbeox0ML/L: Oxygen, SBE 43 [ml/l]
# name 10 = altM: Altimeter [m]
# name 11 = chloroflTC0: Chlorophyll, Turner Cyclops [ug/l]
# name 12 = cpar: CPAR/Corrected Irradiance [%]
# name 13 = par: PAR/Irradiance, Biospherical/Lico [µE/(cm^2*s)]
# name 14 = spar: SPAR, Biospherical/Licor
# name 15 = sal00: Salinity, Practical [PSU]
# name 16 = sal11: Salinity, Practical, 2 [PSU]
# name 17 = secS-priS: Salinity, Practical, Difference, 2 - 1 [PSU]
# name 18 = sigma-t00: Density [sigma-t, kg/m^3 ]
# name 19 = sigma-t11: Density, 2 [sigma-t, kg/m^3 ]
# name 20 = depSM: Depth [salt water, m], lat = 58.0267
# name 21 = depFM: Depth [true depth, m], lat = 58.0267
# name 22 = dz/dtM: Descent Rate [m/s], WS = 2
# name 23 = svCM: Sound Velocity [Chen-Millero, m/s]
# name 24 = svCM1: Sound Velocity, 2 [Chen-Millero, m/s]
# name 25 = flag: flag
# span 0 =        201,      12535       
# span 1 =      2.000,    111.500       
# span 2 =     5.9135,     6.0519       
# span 3 =     5.9092,     6.0504       
# span 4 =    -0.0201,     0.0405       
# span 5 =   3.261143,   3.336137       
# span 6 =   3.260745,   3.335859       
# span 7 =          1,          1       
# span 8 =     6.1975,     6.3744       
# span 9 =     6.2044,     6.4501       
# span 10 =       2.17,       9.96      
# span 11 =     0.0221,     0.3594      
# span 12 = 2.4605e-11, 1.0628e+05      
# span 13 = 1.0000e-12, 1.0000e-12      
# span 14 = -1.275e-01, 4.0630e+00      
# span 15 =    33.1051,    33.8284      
# span 16 =    33.1049,    33.8262      
# span 17 =    -0.0691,    -0.0001      
# span 18 =    26.0661,    26.6292      
# span 19 =    26.0665,    26.6276      
# span 20 =      1.981,    110.437      
# span 21 =      1.985,    110.631      
# span 22 =      0.006,      0.813      
# span 23 =    1472.08,    1475.02      
# span 24 =    1472.06,    1475.01      
# span 25 = 0.0000e+00, 0.0000e+00      
# interval = decibars: 0.5              
# start_time = Jan 29 2018 15:50:41 [NMEA time, first data scan]
# bad_flag = -9.990e-29
*END*
[from data line 168]
       8494     86.000     5.9659     5.9645    -0.0014    3.33264    3.33229          1     6.3157     6.3946       9.95     0.1254  4.924e-11  1.000e-12  2.031e+00    33.8173    33.8149    -0.0024    26.6224    26.6206     85.185     85.332      0.570    1474.52    1474.51  0.000e+00
       8514     86.500     5.9658     5.9646    -0.0012    3.33270    3.33233          1     6.2867     6.3896       9.95     0.1326  4.924e-11  1.000e-12  2.031e+00    33.8178    33.8149    -0.0029    26.6227    26.6206     85.680     85.828      0.604    1474.53    1474.52  0.000e+00
       8534     87.000     5.9657     5.9647    -0.0010    3.33266    3.33237          1     6.2490     6.3850       9.95     0.1337  4.924e-11  1.000e-12  2.031e+00    33.8172    33.8149    -0.0023    26.6223    26.6206     86.175     86.324      0.611    1474.54    1474.53  0.000e+00
       8553     87.500     5.9663     5.9649    -0.0013    3.33279    3.33242          1     6.2341     6.3827       9.95     0.1282  4.924e-11  1.000e-12  2.031e+00    33.8179    33.8151    -0.0028    26.6228    26.6207     86.671     86.820      0.549    1474.55    1474.54  0.000e+00
       8612     88.000     5.9665     5.9650    -0.0015    3.33286    3.33245          1     6.2425     6.3838       9.95     0.1313  4.924e-11  1.000e-12  2.031e+00    33.8182    33.8151    -0.0031    26.6230    26.6207     87.166     87.317      0.376    1474.56    1474.55  0.000e+00
       8724     88.500     5.9660     5.9647    -0.0013    3.33275    3.33243          1     6.2282     6.3824       9.95     0.1304  4.924e-11  1.000e-12  2.031e+00    33.8172    33.8150    -0.0023    26.6223    26.6207     87.661     87.813      0.603    1474.56    1474.56  0.000e+00
       8741     89.000     5.9666     5.9649    -0.0017    3.33286    3.33247          1     6.2517     6.3849       9.95     0.1321  4.924e-11  1.000e-12  2.031e+00    33.8176    33.8149    -0.0027    26.6225    26.6206     88.156     88.309      0.613    1474.57    1474.57  0.000e+00
       8762     89.500     5.9684     5.9653    -0.0032    3.33313    3.33253          1     6.2798     6.3870       9.95     0.1364  4.924e-11  1.000e-12  2.031e+00    33.8186    33.8149    -0.0036    26.6230    26.6206     88.651     88.805      0.504    1474.59    1474.58  0.000e+00
       8795     90.000     5.9680     5.9659    -0.0021    3.33310    3.33263          1     6.2761     6.3818       9.95     0.1433  4.924e-11  1.000e-12  2.031e+00    33.8184    33.8152    -0.0032    26.6230    26.6207     89.146     89.301      0.297    1474.60    1474.59  0.000e+00
       8868     90.500     5.9687     5.9673    -0.0014    3.33329    3.33286          1     6.2677     6.3848       9.95     0.1649  4.924e-11  1.000e-12  2.031e+00    33.8196    33.8162    -0.0034    26.6238    26.6213     89.641     89.797      0.208    1474.61    1474.60  0.000e+00
       8957     91.000     5.9705     5.9697    -0.0009    3.33351    3.33323          1     6.2770     6.3846       9.95     0.1975  4.924e-11  1.000e-12  2.031e+00    33.8199    33.8177    -0.0023    26.6239    26.6222     90.137     90.293      0.468    1474.63    1474.62  0.000e+00
       8977     91.500     5.9703     5.9694    -0.0009    3.33351    3.33326          1     6.2878     6.3871       9.95     0.1885  4.924e-11  1.000e-12  2.031e+00    33.8200    33.8180    -0.0020    26.6239    26.6225     90.632     90.789      0.547    1474.63    1474.63  0.000e+00
       9000     92.000     5.9721     5.9691    -0.0030    3.33379    3.33323          1     6.2846     6.3887       9.95     0.1899  4.924e-11  1.000e-12  2.031e+00    33.8211    33.8177    -0.0034    26.6246    26.6223     91.127     91.285      0.447    1474.65    1474.63  0.000e+00
       9035     92.500     5.9733     5.9701    -0.0032    3.33398    3.33333          1     6.3052     6.3880       9.95     0.1937  4.924e-11  1.000e-12  2.031e+00    33.8218    33.8177    -0.0041    26.6250    26.6221     91.622     91.781      0.207    1474.66    1474.65  0.000e+00
       9117     93.000     5.9737     5.9721    -0.0015    3.33406    3.33366          1     6.2782     6.3842       9.95     0.2514  4.924e-11  1.000e-12  2.031e+00    33.8220    33.8191    -0.0029    26.6251    26.6230     92.117     92.277      0.271    1474.68    1474.66  0.000e+00
       9153     93.500     5.9744     5.9728    -0.0016    3.33419    3.33376          1     6.3004     6.3882       9.95     0.2590  4.924e-11  1.000e-12  2.031e+00    33.8225    33.8194    -0.0031    26.6254    26.6231     92.612     92.773      0.364    1474.69    1474.68  0.000e+00
       9198     94.000     5.9742     5.9727    -0.0014    3.33418    3.33381          1     6.2773     6.3882       9.95     0.2540  4.924e-11  1.000e-12  2.031e+00    33.8224    33.8197    -0.0027    26.6253    26.6234     93.108     93.269      0.240    1474.69    1474.68  0.000e+00
       9279     94.500     5.9725     5.9720    -0.0005    3.33398    3.33369          1     6.2702     6.3782       9.95     0.1944  4.924e-11  1.000e-12  2.031e+00    33.8215    33.8188    -0.0028    26.6249    26.6227     93.603     93.765      0.324    1474.69    1474.69  0.000e+00
       9307     95.000     5.9747     5.9734    -0.0012    3.33428    3.33394          1     6.2864     6.3794       9.95     0.2126  4.924e-11  1.000e-12  2.031e+00    33.8226    33.8199    -0.0026    26.6254    26.6235     94.098     94.261      0.422    1474.71    1474.70  0.000e+00
       9336     95.500     5.9746     5.9736    -0.0010    3.33429    3.33399          1     6.2848     6.3721       9.95     0.2321  4.924e-11  1.000e-12  2.031e+00    33.8224    33.8201    -0.0023    26.6253    26.6236     94.593     94.757      0.385    1474.72    1474.71  0.000e+00
       9371     96.000     5.9746     5.9736    -0.0010    3.33431    3.33401          1     6.2892     6.3921       9.95     0.2579  4.924e-11  1.000e-12  2.031e+00    33.8224    33.8201    -0.0023    26.6253    26.6236     95.088     95.254      0.254    1474.73    1474.72  0.000e+00
       9469     96.500     5.9732     5.9736     0.0004    3.33416    3.33404          1     6.2588     6.3820       9.95     0.2865  4.924e-11  1.000e-12  2.031e+00    33.8219    33.8202    -0.0017    26.6250    26.6236     95.583     95.750      0.323    1474.73    1474.73  0.000e+00
       9495     97.000     5.9747     5.9735    -0.0012    3.33436    3.33405          1     6.2712     6.3733       9.95     0.2655  4.924e-11  1.000e-12  2.031e+00    33.8224    33.8201    -0.0023    26.6253    26.6236     96.078     96.246      0.491    1474.75    1474.74  0.000e+00
       9521     97.500     5.9749     5.9738    -0.0011    3.33443    3.33410          1     6.2686     6.3678       9.95     0.2579  4.924e-11  1.000e-12  2.031e+00    33.8227    33.8202    -0.0026    26.6255    26.6236     96.573     96.742      0.375    1474.75    1474.75  0.000e+00
       9598     98.000     5.9762     5.9750    -0.0012    3.33466    3.33429          1     6.2614     6.3757       9.95     0.2775  4.924e-11  1.000e-12  2.031e+00    33.8238    33.8208    -0.0029    26.6262    26.6240     97.069     97.238      0.230    1474.77    1474.76  0.000e+00
       9655     98.500     5.9762     5.9758    -0.0003    3.33465    3.33451          1     6.2551     6.3793       9.95     0.2983  4.924e-11  1.000e-12  2.031e+00    33.8234    33.8222    -0.0012    26.6259    26.6250     97.564     97.734      0.363    1474.78    1474.77  0.000e+00
       9683     99.000     5.9763     5.9754    -0.0009    3.33469    3.33442          1     6.2570     6.3768       9.95     0.3003  4.924e-11  1.000e-12  2.031e+00    33.8235    33.8214    -0.0021    26.6260    26.6244     98.059     98.230      0.457    1474.79    1474.78  0.000e+00
       9710     99.500     5.9765     5.9755    -0.0010    3.33476    3.33446          1     6.2696     6.3823       9.95     0.3061  4.924e-11  1.000e-12  2.031e+00    33.8239    33.8214    -0.0024    26.6262    26.6244     98.554     98.726      0.384    1474.79    1474.79  0.000e+00
       9758    100.000     5.9776     5.9760    -0.0016    3.33505    3.33455          1     6.2962     6.3880       9.95     0.3058  4.924e-11  1.000e-12  2.031e+00    33.8258    33.8217    -0.0041    26.6276    26.6246     99.049     99.222      0.211    1474.81    1474.80  0.000e+00
       9825    100.500     5.9780     5.9771    -0.0010    3.33515    3.33479          1     6.2615     6.3813       9.95     0.3113  4.924e-11  1.000e-12  2.031e+00    33.8261    33.8231    -0.0030    26.6278    26.6255     99.544     99.718      0.208    1474.82    1474.81  0.000e+00
       9878    101.000     5.9786     5.9774    -0.0012    3.33524    3.33491          1     6.2583     6.3759       9.95     0.2989  4.924e-11  1.000e-12  2.031e+00    33.8263    33.8239    -0.0024    26.6279    26.6261    100.039    100.214      0.456    1474.83    1474.82  0.000e+00
       9898    101.500     5.9785     5.9776    -0.0010    3.33521    3.33496          1     6.2466     6.3736       9.95     0.3097  4.924e-11  1.000e-12  2.031e+00    33.8258    33.8240    -0.0018    26.6275    26.6262    100.534    100.710      0.527    1474.84    1474.83  0.000e+00
       9944    102.000     5.9782     5.9775    -0.0007    3.33521    3.33496          1     6.2456     6.3745       9.95     0.3148  4.924e-11  1.000e-12  2.031e+00    33.8259    33.8239    -0.0020    26.6276    26.6261    101.030    101.206      0.311    1474.85    1474.84  0.000e+00
      10011    102.500     5.9780     5.9773    -0.0007    3.33512    3.33494          1     6.2637     6.3801       9.95     0.3169  4.924e-11  1.000e-12  2.031e+00    33.8249    33.8235    -0.0014    26.6269    26.6259    101.525    101.702      0.424    1474.85    1474.85  0.000e+00
      10035    103.000     5.9778     5.9770    -0.0008    3.33510    3.33490          1     6.2777     6.3712       9.94     0.3221  4.924e-11  1.000e-12  2.031e+00    33.8247    33.8231    -0.0016    26.6267    26.6256    102.020    102.198      0.391    1474.86    1474.85  0.000e+00
      10088    103.500     5.9782     5.9771    -0.0011    3.33525    3.33490          1     6.2311     6.3757       9.62     0.3226  4.924e-11  1.000e-12  2.031e+00    33.8256    33.8228    -0.0028    26.6274    26.6253    102.515    102.694      0.270    1474.87    1474.86  0.000e+00
      10125    104.000     5.9784     5.9773    -0.0012    3.33527    3.33498          1     6.1975     6.3682       9.15     0.3063  4.924e-11  1.000e-12  2.031e+00    33.8254    33.8232    -0.0022    26.6272    26.6256    103.010    103.190      0.455    1474.88    1474.87  0.000e+00
      10167    104.500     5.9781     5.9773    -0.0008    3.33525    3.33501          1     6.2347     6.3785       8.64     0.3203  4.924e-11  1.000e-12  2.031e+00    33.8252    33.8233    -0.0019    26.6271    26.6257    103.505    103.687      0.328    1474.89    1474.88  0.000e+00
      10260    105.000     5.9782     5.9773    -0.0009    3.33529    3.33502          1     6.2678     6.3771       8.15     0.3072  4.924e-11  1.000e-12  2.031e+00    33.8253    33.8232    -0.0020    26.6271    26.6256    104.000    104.183      0.428    1474.89    1474.89  0.000e+00
      10283    105.500     5.9788     5.9777    -0.0011    3.33542    3.33512          1     6.2965     6.3806       7.64     0.3042  4.924e-11  1.000e-12  2.031e+00    33.8260    33.8237    -0.0023    26.6276    26.6259    104.495    104.679      0.431    1474.91    1474.90  0.000e+00
      10319    106.000     5.9788     5.9778    -0.0010    3.33542    3.33516          1     6.2715     6.3903       7.13     0.3189  4.924e-11  1.000e-12  2.031e+00    33.8257    33.8237    -0.0020    26.6274    26.6260    104.991    105.175      0.291    1474.91    1474.91  0.000e+00
      10357    106.500     5.9789     5.9777    -0.0012    3.33548    3.33517          1     6.2253     6.3739       6.64     0.3021  4.924e-11  1.000e-12  2.031e+00    33.8260    33.8237    -0.0023    26.6276    26.6259    105.486    105.671      0.383    1474.92    1474.91  0.000e+00
      10398    107.000     5.9794     5.9778    -0.0015    3.33558    3.33520          1     6.2226     6.3718       6.13     0.3100  4.924e-11  1.000e-12  2.031e+00    33.8265    33.8236    -0.0028    26.6279    26.6259    105.981    106.167      0.309    1474.93    1474.92  0.000e+00
      10505    107.500     5.9787     5.9777    -0.0010    3.33547    3.33520          1     6.2286     6.3730       5.67     0.3190  4.924e-11  1.000e-12  2.031e+00    33.8256    33.8235    -0.0020    26.6273    26.6258    106.476    106.663      0.368    1474.94    1474.93  0.000e+00
      10533    108.000     5.9785     5.9778    -0.0007    3.33546    3.33522          1     6.2492     6.3828       5.15     0.3185  4.924e-11  1.000e-12  2.031e+00    33.8254    33.8235    -0.0019    26.6271    26.6257    106.971    107.159      0.307    1474.95    1474.94  0.000e+00
      10591    108.500     5.9784     5.9777    -0.0007    3.33541    3.33521          1     6.2335     6.3853       4.67     0.3105  4.924e-11  1.000e-12  2.031e+00    33.8248    33.8232    -0.0016    26.6267    26.6255    107.466    107.655      0.294    1474.95    1474.95  0.000e+00
      10621    109.000     5.9784     5.9780    -0.0004    3.33547    3.33527          1     6.2789     6.3811       4.16     0.3001  4.924e-11  1.000e-12  2.031e+00    33.8251    33.8233    -0.0018    26.6270    26.6256    107.961    108.151      0.392    1474.96    1474.95  0.000e+00
      10818    109.500     5.9793     5.9783    -0.0010    3.33566    3.33535          1     6.2694     6.3888       3.73     0.3102  4.924e-11  1.000e-12  2.031e+00    33.8262    33.8237    -0.0025    26.6277    26.6258    108.456    108.647      0.352    1474.97    1474.96  0.000e+00
      10977    110.000     5.9798     5.9785    -0.0014    3.33578    3.33542          1     6.2355     6.3802       3.27     0.3026  4.924e-11  1.000e-12  2.031e+00    33.8267    33.8240    -0.0028    26.6281    26.6261    108.951    109.143      0.465    1474.98    1474.98  0.000e+00
      11111    110.500     5.9803     5.9790    -0.0013    3.33589    3.33554          1     6.2185     6.3692       2.79     0.3162  4.924e-11  1.000e-12  2.031e+00    33.8272    33.8245    -0.0027    26.6284    26.6264    109.446    109.639      0.286    1474.99    1474.98  0.000e+00
      11825    111.000     5.9810     5.9800    -0.0010    3.33607    3.33578          1     6.2543     6.3737       2.49     0.3411  4.924e-11  1.000e-12  2.031e+00    33.8282    33.8259    -0.0023    26.6291    26.6274    109.942    110.135      0.241    1475.01    1475.00  0.000e+00
      12535    111.500     5.9814     5.9805    -0.0009    3.33614    3.33586          1     6.2599     6.3778       2.17     0.3594  4.924e-11  1.000e-12  2.031e+00    33.8284    33.8262    -0.0022    26.6292    26.6276    110.437    110.631      0.006    1475.02    1475.01  0.000e+00
