ctdpy/exports/archive_20191121_122431/received_data/SBE09_0827_20180303_1553_26_01_0354.cnv
* Sea-Bird SBE 9 Data File:
* FileName = D:\CTD_SBE911\DAT\26DA.2018.3.54.hex
* Software Version Seasave V 7.21d
* Temperature SN = 034757
* Conductivity SN = 041844
* Number of Bytes Per Scan = 48
* Number of Voltage Words = 5
* Number of Scans Averaged by the Deck Unit = 1
* NMEA Latitude = 56 03.29 N
* NMEA Longitude = 017 23.73 E
* NMEA UTC (Time) = Mar 03 2018  15:54:02
* NMEA baud rate = 4800
** Ship: DANA
** Average sound velocity: 1422.60 m/s
** True-depth calculation Tue, 02 Apr 2019 12:10:00 +0000
** CTD Python Module SMHI /ver 3-12/ feb 2012 
** LIMS Job: 20182601-0354
** Operator:
** Cruise: 02/2018
# nquan = 26
# nvalues = 75                          
# units = specified
# name 0 = scan: Scan Count
# name 1 = prDM: Pressure, Digiquartz [db]
# name 2 = t090C: Temperature [ITS-90, deg C]
# name 3 = t190C: Temperature, 2 [ITS-90, deg C]
# name 4 = T2-T190C: Temperature Difference, 2 - 1 [ITS-90, deg C]
# name 5 = c0S/m: Conductivity [S/m]
# name 6 = c1S/m: Conductivity, 2 [S/m]
# name 7 = pumps: Pump Status
# name 8 = sbeox1ML/L: Oxygen, SBE 43, 2 [ml/l]
# name 9 = sbeox0ML/L: Oxygen, SBE 43 [ml/l]
# name 10 = altM: Altimeter [m]
# name 11 = chloroflTC0: Chlorophyll, Turner Cyclops [ug/l]
# name 12 = cpar: CPAR/Corrected Irradiance [%]
# name 13 = par: PAR/Irradiance, Biospherical/Lico [µE/(cm^2*s)]
# name 14 = spar: SPAR, Biospherical/Licor
# name 15 = sal00: Salinity, Practical [PSU]
# name 16 = sal11: Salinity, Practical, 2 [PSU]
# name 17 = secS-priS: Salinity, Practical, Difference, 2 - 1 [PSU]
# name 18 = sigma-t00: Density [sigma-t, kg/m^3 ]
# name 19 = sigma-t11: Density, 2 [sigma-t, kg/m^3 ]
# name 20 = depSM: Depth [salt water, m], lat = 56.0548
# name 21 = depFM: Depth [true depth, m], lat = 56.0548
# name 22 = dz/dtM: Descent Rate [m/s], WS = 2
# name 23 = svCM: Sound Velocity [Chen-Millero, m/s]
# name 24 = svCM1: Sound Velocity, 2 [Chen-Millero, m/s]
# name 25 = flag: flag
# span 0 =         45,       3655       
# span 1 =      1.000,     38.000       
# span 2 =     2.0800,     2.0991       
# span 3 =     2.0792,     2.0987       
# span 4 =    -0.0049,     0.0014       
# span 5 =   0.725748,   0.726658       
# span 6 =   0.724992,   0.725988       
# span 7 =          1,          1       
# span 8 =     8.8290,     8.8611       
# span 9 =     8.7622,     8.7974       
# span 10 =       1.74,       9.98      
# span 11 =     0.0124,     0.0221      
# span 12 = 2.3448e-12, 1.1576e+01      
# span 13 = 1.0000e-12, 5.1722e+00      
# span 14 = 4.0616e+01, 4.4678e+01      
# span 15 =     7.2703,     7.2715      
# span 16 =     7.2624,     7.2644      
# span 17 =    -0.0083,    -0.0071      
# span 18 =     5.7976,     5.7986      
# span 19 =     5.7913,     5.7930      
# span 20 =      0.991,     37.651      
# span 21 =      1.013,     38.481      
# span 22 =     -0.061,      0.677      
# span 23 =    1422.26,    1422.91      
# span 24 =    1422.25,    1422.90      
# span 25 = 0.0000e+00, 0.0000e+00      
# interval = decibars: 0.5              
# start_time = Mar 03 2018 15:54:03 [NMEA time, first data scan]
# bad_flag = -9.990e-29
*END*
         45      1.000     2.0814     2.0806    -0.0008    0.72575    0.72503          1     8.8455     8.7886       9.98     0.0127  1.158e+01  5.172e+00  4.468e+01     7.2704     7.2629    -0.0075     5.7977     5.7917      0.991      1.013      0.099    1422.26    1422.25  0.000e+00
        224      1.500     2.0816     2.0803    -0.0014    0.72576    0.72504          1     8.8290     8.7783       9.98     0.0130  7.250e+00  3.239e+00  4.468e+01     7.2704     7.2630    -0.0074     5.7977     5.7918      1.486      1.519      0.585    1422.27    1422.26  0.000e+00
        251      2.000     2.0813     2.0802    -0.0011    0.72576    0.72499          1     8.8301     8.7869       9.97     0.0134  6.103e+00  2.727e+00  4.468e+01     7.2704     7.2624    -0.0080     5.7977     5.7913      1.982      2.025      0.483    1422.28    1422.26  0.000e+00
        332      2.500     2.0811     2.0804    -0.0007    0.72576    0.72505          1     8.8448     8.7946       9.97     0.0129  4.830e+00  2.158e+00  4.468e+01     7.2703     7.2629    -0.0074     5.7976     5.7917      2.477      2.532      0.431    1422.29    1422.27  0.000e+00
        369      3.000     2.0804     2.0797    -0.0006    0.72575    0.72506          1     8.8420     8.7842       9.97     0.0131  4.396e+00  1.964e+00  4.468e+01     7.2704     7.2631    -0.0073     5.7977     5.7918      2.973      3.038      0.677    1422.29    1422.28  0.000e+00
        389      3.500     2.0800     2.0792    -0.0008    0.72575    0.72505          1     8.8456     8.7816       9.97     0.0133  3.666e+00  1.638e+00  4.468e+01     7.2704     7.2630    -0.0073     5.7977     5.7918      3.468      3.544      0.484    1422.30    1422.28  0.000e+00
        479      4.000     2.0804     2.0806     0.0002    0.72577    0.72507          1     8.8330     8.7974       9.97     0.0134  3.115e+00  1.392e+00  4.468e+01     7.2705     7.2629    -0.0076     5.7977     5.7916      3.964      4.051      0.386    1422.31    1422.30  0.000e+00
        503      4.500     2.0864     2.0843    -0.0021    0.72596    0.72514          1     8.8363     8.7933       9.97     0.0126  2.637e+00  1.178e+00  4.468e+01     7.2710     7.2628    -0.0083     5.7982     5.7916      4.459      4.557      0.481    1422.34    1422.32  0.000e+00
        550      5.000     2.0872     2.0859    -0.0014    0.72598    0.72522          1     8.8455     8.7842       9.97     0.0131  2.211e+00  9.880e-01  4.468e+01     7.2711     7.2631    -0.0079     5.7982     5.7919      4.954      5.063      0.260    1422.36    1422.34  0.000e+00
        610      5.500     2.0882     2.0869    -0.0013    0.72602    0.72523          1     8.8522     8.7739       9.97     0.0138  1.899e+00  8.486e-01  4.468e+01     7.2711     7.2630    -0.0081     5.7983     5.7917      5.450      5.570      0.302    1422.37    1422.35  0.000e+00
        657      6.000     2.0897     2.0888    -0.0009    0.72606    0.72532          1     8.8526     8.7859       9.97     0.0134  1.602e+00  7.156e-01  4.468e+01     7.2711     7.2634    -0.0078     5.7983     5.7921      5.945      6.076      0.232    1422.38    1422.37  0.000e+00
        702      6.500     2.0918     2.0916    -0.0002    0.72613    0.72539          1     8.8493     8.7909       9.97     0.0134  1.426e+00  6.370e-01  4.468e+01     7.2713     7.2635    -0.0078     5.7985     5.7922      6.441      6.582      0.312    1422.40    1422.39  0.000e+00
        742      7.000     2.0921     2.0907    -0.0014    0.72614    0.72539          1     8.8611     8.7843       9.97     0.0134  1.151e+00  5.145e-01  4.468e+01     7.2713     7.2635    -0.0078     5.7985     5.7922      6.936      7.089      0.264    1422.41    1422.39  0.000e+00
        799      7.500     2.0907     2.0915     0.0008    0.72610    0.72539          1     8.8516     8.7825       9.97     0.0134  9.701e-01  4.326e-01  4.459e+01     7.2711     7.2633    -0.0078     5.7983     5.7921      7.432      7.595      0.208    1422.41    1422.40  0.000e+00
        847      8.000     2.0910     2.0914     0.0005    0.72611    0.72540          1     8.8525     8.7846       9.96     0.0132  8.399e-01  3.744e-01  4.458e+01     7.2711     7.2634    -0.0077     5.7983     5.7922      7.927      8.101      0.297    1422.42    1422.41  0.000e+00
        887      8.500     2.0903     2.0912     0.0010    0.72610    0.72541          1     8.8364     8.7685       9.97     0.0134  6.908e-01  3.064e-01  4.436e+01     7.2711     7.2634    -0.0077     5.7983     5.7922      8.422      8.608      0.276    1422.43    1422.42  0.000e+00
        952      9.000     2.0909     2.0911     0.0002    0.72612    0.72541          1     8.8497     8.7622       9.97     0.0134  5.741e-01  2.525e-01  4.399e+01     7.2711     7.2634    -0.0077     5.7983     5.7922      8.918      9.114      0.223    1422.44    1422.43  0.000e+00
       1001      9.500     2.0921     2.0902    -0.0019    0.72615    0.72540          1     8.8361     8.7822       9.97     0.0134  4.887e-01  2.137e-01  4.374e+01     7.2711     7.2635    -0.0077     5.7983     5.7922      9.413      9.620      0.403    1422.45    1422.43  0.000e+00
       1028     10.000     2.0919     2.0906    -0.0013    0.72616    0.72541          1     8.8454     8.7910       9.97     0.0134  3.781e-01  1.639e-01  4.338e+01     7.2712     7.2634    -0.0078     5.7984     5.7922      9.909     10.127      0.385    1422.46    1422.44  0.000e+00
       1089     10.500     2.0926     2.0913    -0.0013    0.72618    0.72544          1     8.8485     8.7794       9.97     0.0189  2.822e-01  1.211e-01  4.291e+01     7.2712     7.2635    -0.0077     5.7983     5.7922     10.404     10.633      0.249    1422.47    1422.45  0.000e+00
       1141     11.000     2.0935     2.0918    -0.0017    0.72621    0.72544          1     8.8376     8.7786       9.97     0.0221  2.178e-01  9.301e-02  4.271e+01     7.2712     7.2634    -0.0078     5.7984     5.7921     10.900     11.139      0.346    1422.48    1422.46  0.000e+00
       1176     11.500     2.0862     2.0866     0.0004    0.72600    0.72534          1     8.8447     8.7772       9.97     0.0220  1.424e-01  6.086e-02  4.274e+01     7.2706     7.2633    -0.0073     5.7979     5.7920     11.395     11.646      0.299    1422.45    1422.44  0.000e+00
       1230     12.000     2.0843     2.0855     0.0012    0.72597    0.72530          1     8.8486     8.7825       9.97     0.0214  6.485e-02  2.768e-02  4.269e+01     7.2706     7.2631    -0.0075     5.7979     5.7919     11.890     12.152      0.195    1422.45    1422.45  0.000e+00
       1285     12.500     2.0841     2.0832    -0.0009    0.72597    0.72524          1     8.8387     8.7787       9.97     0.0208  1.508e-02  6.430e-03  4.265e+01     7.2706     7.2630    -0.0076     5.7978     5.7917     12.386     12.658      0.275    1422.46    1422.44  0.000e+00
       1325     13.000     2.0843     2.0834    -0.0008    0.72599    0.72526          1     8.8471     8.7925       9.97     0.0202  1.714e-04  7.312e-05  4.265e+01     7.2706     7.2630    -0.0076     5.7979     5.7918     12.881     13.165      0.306    1422.47    1422.45  0.000e+00
       1370     13.500     2.0838     2.0828    -0.0011    0.72598    0.72525          1     8.8477     8.7863       9.97     0.0201  2.345e-12  1.000e-12  4.265e+01     7.2706     7.2630    -0.0076     5.7978     5.7917     13.377     13.671      0.224    1422.47    1422.46  0.000e+00
       1426     14.000     2.0813     2.0805    -0.0007    0.72591    0.72519          1     8.8442     8.7892       9.97     0.0195  2.345e-12  1.000e-12  4.265e+01     7.2703     7.2628    -0.0075     5.7976     5.7916     13.872     14.177      0.263    1422.47    1422.45  0.000e+00
       1465     14.500     2.0809     2.0804    -0.0004    0.72591    0.72520          1     8.8410     8.7898       9.97     0.0195  2.345e-12  1.000e-12  4.265e+01     7.2703     7.2628    -0.0075     5.7976     5.7916     14.367     14.684      0.274    1422.47    1422.46  0.000e+00
       1529     15.000     2.0807     2.0804    -0.0002    0.72591    0.72521          1     8.8379     8.7865       9.97     0.0195  2.345e-12  1.000e-12  4.265e+01     7.2703     7.2629    -0.0075     5.7976     5.7916     14.863     15.190      0.249    1422.48    1422.47  0.000e+00
       1571     15.500     2.0816     2.0811    -0.0005    0.72594    0.72523          1     8.8364     8.7837       9.97     0.0203  2.345e-12  1.000e-12  4.265e+01     7.2704     7.2629    -0.0075     5.7977     5.7917     15.358     15.696      0.369    1422.49    1422.48  0.000e+00
       1606     16.000     2.0811     2.0820     0.0009    0.72594    0.72525          1     8.8372     8.7764       9.97     0.0191  2.345e-12  1.000e-12  4.265e+01     7.2704     7.2629    -0.0076     5.7977     5.7917     15.854     16.203      0.259    1422.50    1422.49  0.000e+00
       1676     16.500     2.0812     2.0808    -0.0004    0.72594    0.72524          1     8.8430     8.7923       9.97     0.0204  2.345e-12  1.000e-12  4.265e+01     7.2704     7.2630    -0.0074     5.7977     5.7917     16.349     16.709      0.278    1422.51    1422.49  0.000e+00
       1708     17.000     2.0808     2.0806    -0.0001    0.72594    0.72525          1     8.8399     8.7933       9.97     0.0195  2.345e-12  1.000e-12  4.265e+01     7.2704     7.2630    -0.0074     5.7977     5.7917     16.845     17.215      0.348    1422.51    1422.50  0.000e+00
       1757     17.500     2.0818     2.0816    -0.0002    0.72597    0.72527          1     8.8445     8.7924       9.97     0.0189  2.345e-12  1.000e-12  4.265e+01     7.2704     7.2629    -0.0074     5.7977     5.7917     17.340     17.722      0.216    1422.52    1422.51  0.000e+00
       1815     18.000     2.0826     2.0817    -0.0009    0.72600    0.72529          1     8.8496     8.7848       9.97     0.0195  2.345e-12  1.000e-12  4.265e+01     7.2704     7.2630    -0.0074     5.7977     5.7918     17.835     18.228      0.295    1422.54    1422.52  0.000e+00
       1855     18.500     2.0812     2.0812     0.0001    0.72597    0.72528          1     8.8461     8.7935       9.97     0.0189  2.345e-12  1.000e-12  4.265e+01     7.2704     7.2630    -0.0074     5.7977     5.7917     18.331     18.734      0.258    1422.54    1422.53  0.000e+00
       1907     19.000     2.0827     2.0813    -0.0014    0.72601    0.72529          1     8.8503     8.7938       9.97     0.0186  2.345e-12  1.000e-12  4.265e+01     7.2704     7.2630    -0.0074     5.7977     5.7918     18.826     19.241      0.240    1422.55    1422.53  0.000e+00
       1952     19.500     2.0825     2.0819    -0.0006    0.72601    0.72531          1     8.8445     8.7878       9.97     0.0192  2.345e-12  1.000e-12  4.265e+01     7.2704     7.2630    -0.0074     5.7977     5.7918     19.322     19.747      0.269    1422.56    1422.55  0.000e+00
       1997     20.000     2.0850     2.0843    -0.0007    0.72608    0.72537          1     8.8565     8.7798       9.97     0.0191  2.345e-12  1.000e-12  4.265e+01     7.2705     7.2630    -0.0075     5.7978     5.7918     19.817     20.253      0.264    1422.58    1422.57  0.000e+00
       2046     20.500     2.0915     2.0909    -0.0006    0.72627    0.72556          1     8.8509     8.7690       9.97     0.0194  2.345e-12  1.000e-12  4.265e+01     7.2709     7.2635    -0.0074     5.7981     5.7922     20.312     20.760      0.230    1422.62    1422.61  0.000e+00
       2096     21.000     2.0915     2.0914    -0.0001    0.72628    0.72559          1     8.8500     8.7677       9.97     0.0194  2.345e-12  1.000e-12  4.265e+01     7.2710     7.2637    -0.0073     5.7982     5.7923     20.808     21.266      0.277    1422.62    1422.62  0.000e+00
       2136     21.500     2.0922     2.0915    -0.0007    0.72630    0.72560          1     8.8419     8.7845       9.97     0.0193  2.345e-12  1.000e-12  4.265e+01     7.2710     7.2636    -0.0074     5.7983     5.7923     21.303     21.772      0.273    1422.64    1422.62  0.000e+00
       2187     22.000     2.0934     2.0927    -0.0006    0.72634    0.72564          1     8.8430     8.7956       9.97     0.0195  2.345e-12  1.000e-12  4.265e+01     7.2711     7.2637    -0.0074     5.7983     5.7924     21.799     22.279      0.229    1422.65    1422.64  0.000e+00
       2232     22.500     2.0932     2.0932    -0.0000    0.72635    0.72567          1     8.8430     8.7807       9.97     0.0193  2.345e-12  1.000e-12  4.265e+01     7.2711     7.2638    -0.0073     5.7983     5.7925     22.294     22.785      0.307    1422.66    1422.65  0.000e+00
       2273     23.000     2.0918     2.0917    -0.0001    0.72632    0.72564          1     8.8389     8.7813       9.97     0.0196  2.345e-12  1.000e-12  4.265e+01     7.2710     7.2637    -0.0073     5.7983     5.7924     22.789     23.291      0.265    1422.66    1422.65  0.000e+00
       2325     23.500     2.0919     2.0929     0.0010    0.72633    0.72567          1     8.8444     8.7774       9.97     0.0192  2.345e-12  1.000e-12  4.265e+01     7.2711     7.2637    -0.0074     5.7983     5.7924     23.285     23.798      0.221    1422.67    1422.66  0.000e+00
       2373     24.000     2.0934     2.0930    -0.0004    0.72637    0.72568          1     8.8373     8.7787       9.97     0.0184  2.345e-12  1.000e-12  4.265e+01     7.2711     7.2638    -0.0073     5.7983     5.7924     23.780     24.304      0.293    1422.68    1422.67  0.000e+00
       2414     24.500     2.0935     2.0924    -0.0011    0.72638    0.72567          1     8.8488     8.7747       9.97     0.0192  2.345e-12  1.000e-12  4.265e+01     7.2711     7.2637    -0.0074     5.7983     5.7924     24.275     24.810      0.264    1422.69    1422.68  0.000e+00
       2464     25.000     2.0947     2.0938    -0.0009    0.72641    0.72570          1     8.8456     8.7668       9.97     0.0194  2.345e-12  1.000e-12  4.265e+01     7.2711     7.2637    -0.0074     5.7983     5.7924     24.771     25.317      0.237    1422.70    1422.69  0.000e+00
       2512     25.500     2.0946     2.0941    -0.0005    0.72641    0.72573          1     8.8495     8.7791       9.97     0.0184  2.345e-12  1.000e-12  4.265e+01     7.2711     7.2639    -0.0072     5.7983     5.7925     25.266     25.823      0.268    1422.71    1422.70  0.000e+00
       2553     26.000     2.0962     2.0960    -0.0002    0.72647    0.72578          1     8.8481     8.7752       9.97     0.0179  2.348e-12  1.000e-12  4.259e+01     7.2712     7.2639    -0.0073     5.7984     5.7925     25.762     26.329      0.316    1422.73    1422.72  0.000e+00
       2592     26.500     2.0969     2.0983     0.0014    0.72649    0.72586          1     8.8310     8.7743       9.97     0.0189  2.357e-12  1.000e-12  4.244e+01     7.2712     7.2641    -0.0072     5.7984     5.7927     26.257     26.836      0.274    1422.74    1422.73  0.000e+00
       2642     27.000     2.0984     2.0987     0.0004    0.72654    0.72588          1     8.8323     8.7852       9.97     0.0192  2.400e-12  1.000e-12  4.169e+01     7.2714     7.2642    -0.0072     5.7986     5.7928     26.752     27.342      0.233    1422.75    1422.75  0.000e+00
       2689     27.500     2.0978     2.0955    -0.0023    0.72653    0.72580          1     8.8437     8.7821       9.97     0.0182  2.407e-12  1.000e-12  4.157e+01     7.2713     7.2641    -0.0073     5.7985     5.7927     27.248     27.848      0.275    1422.76    1422.74  0.000e+00
       2735     28.000     2.0972     2.0923    -0.0049    0.72652    0.72572          1     8.8434     8.7786       9.97     0.0183  2.450e-12  1.000e-12  4.082e+01     7.2712     7.2639    -0.0073     5.7984     5.7925     27.743     28.355      0.244    1422.76    1422.73  0.000e+00
