ctdpy/exports/archive_20191121_122431/received_data/SBE09_1044_20180416_0317_34_07_0004.cnv
* Sea-Bird SBE 9 Data File:
* FileName = C:\ctd\temp\2018\AU18D004.hex
* Software Version Seasave V 7.26.6.26
* Temperature SN = 5351
* Conductivity SN = 3941
* Number of Bytes Per Scan = 41
* Number of Voltage Words = 4
* Number of Scans Averaged by the Deck Unit = 1
* NMEA Latitude = 58 18.93 N
* NMEA Longitude = 010 56.55 E
* NMEA UTC (Time) = Apr 16 2018  03:17:13
* NMEA baud rate = 4800
** Station:  A14
** Operator:  SSip
** Ship: AURA
** Average sound velocity: 1475.09 m/s
** True-depth calculation Mon, 16 Apr 2018 05:21:23 +0000
** CTD Python Module SMHI /ver 3-12/ feb 2012 
** LIMS Job: 20183407-0004
** Cruise: SMHI-01-2018
** Latitude [GG MM.mm N] :
** Longitude [GG MM.mm E]:
# nquan = 26
# nvalues = 213                         
# units = specified
# name 0 = scan: Scan Count
# name 1 = prDM: Pressure, Digiquartz [db]
# name 2 = t090C: Temperature [ITS-90, deg C]
# name 3 = t190C: Temperature, 2 [ITS-90, deg C]
# name 4 = T2-T190C: Temperature Difference, 2 - 1 [ITS-90, deg C]
# name 5 = c0S/m: Conductivity [S/m]
# name 6 = c1S/m: Conductivity, 2 [S/m]
# name 7 = pumps: Pump Status
# name 8 = sbeox0ML/L: Oxygen, SBE 43 [ml/l]
# name 9 = sbeox1ML/L: Oxygen, SBE 43, 2 [ml/l]
# name 10 = altM: Altimeter [m]
# name 11 = flECO-AFL: Chl-a Fluorescence, WET Labs ECO-AFL/FL [mg/m^3]
# name 12 = flECO-AFL1: Phycocyanin Fluorescence, WET Labs ECO-AFL/FL, 2 [mg/m^3]
# name 13 = par: PAR/Irradiance, Biospherical/Lico [µE/(cm^2*s)]
# name 14 = turbWETntu0: Turbidity, WET Labs ECO [NTU]
# name 15 = sal00: Salinity, Practical [PSU]
# name 16 = sal11: Salinity, Practical, 2 [PSU]
# name 17 = secS-priS: Salinity, Practical, Difference, 2 - 1 [PSU]
# name 18 = sigma-t00: Density [sigma-t, Kg/m^3 ]
# name 19 = sigma-t11: Density, 2 [sigma-t, Kg/m^3 ]
# name 20 = depSM: Depth [salt water, m], lat = 58.3155
# name 21 = depFM: Depth [true depth, m], lat = 58.3155
# name 22 = dz/dtM: Descent Rate [m/s], WS = 2
# name 23 = svCM: Sound Velocity [Chen-Millero, m/s]
# name 24 = svCM1: Sound Velocity, 2 [Chen-Millero, m/s]
# name 25 = flag: flag
# span 0 =       6821,      12116       
# span 1 =      1.000,    107.000       
# span 2 =     2.6452,     7.3349       
# span 3 =     2.6397,     7.3353       
# span 4 =    -0.0267,     0.0214       
# span 5 =   2.328066,   3.546244       
# span 6 =   2.327631,   3.546297       
# span 7 =          1,          1       
# span 8 =    5.65693,    8.33273       
# span 9 =    5.57818,    8.27745       
# span 10 =       4.72,      98.99      
# span 11 =     0.0375,     0.6876      
# span 12 =     0.1676,     0.3143      
# span 13 = -9.555e-05, 1.2008e-03      
# span 14 =     0.1579,     2.2544      
# span 15 =    24.2927,    34.9686      
# span 16 =    24.2815,    34.9679      
# span 17 =    -0.0304,     0.0357      
# span 18 =    19.2907,    27.3768      
# span 19 =    19.2812,    27.3760      
# span 20 =      0.991,    105.978      
# span 21 =      0.999,    106.195      
# span 22 =      0.179,      0.572      
# span 23 =    1449.79,    1480.88      
# span 24 =    1449.82,    1480.88      
# span 25 = 0.0000e+00, 0.0000e+00      
# interval = decibars: 0.5              
# start_time = Apr 16 2018 03:17:13 [NMEA time, first data scan]
# bad_flag = -9.990e-29
*END*
[from data line 168]
      10984     85.000     7.1390     7.1394     0.0004    3.54004    3.54009          1     5.7381     5.6444      26.55     0.0578     0.2532  1.000e-12  1.6500000    34.9436    34.9437     0.0001    27.3549    27.3550     84.193     84.384      0.454    1480.52    1480.52  0.000e+00
      11009     85.500     7.1422     7.1426     0.0004    3.54054    3.54061          1     5.7307     5.6398      26.08     0.0595     0.2176  1.000e-12  1.5643000    34.9455    34.9458     0.0003    27.3560    27.3562     84.688     84.880      0.484    1480.54    1480.54  0.000e+00
      11033     86.000     7.1445     7.1449     0.0005    3.54090    3.54097          1     5.7217     5.6430      25.59     0.0664     0.1870  1.000e-12  1.5977000    34.9470    34.9472     0.0002    27.3568    27.3569     85.183     85.376      0.497    1480.56    1480.56  0.000e+00
      11057     86.500     7.1456     7.1460     0.0005    3.54115    3.54120          1     5.7200     5.6490      25.10     0.0375     0.2338  1.000e-12  1.5753000    34.9483    34.9484     0.0001    27.3577    27.3577     85.678     85.871      0.492    1480.57    1480.58  0.000e+00
      11082     87.000     7.1476     7.1480     0.0004    3.54150    3.54155          1     5.7171     5.6447      24.61     0.0655     0.2180  1.000e-12  1.6203000    34.9498    34.9500     0.0002    27.3586    27.3587     86.173     86.367      0.471    1480.59    1480.60  0.000e+00
      11109     87.500     7.1510     7.1515     0.0005    3.54199    3.54205          1     5.7079     5.6312      24.10     0.0987     0.2422  1.000e-12  1.6356000    34.9515    34.9517     0.0002    27.3595    27.3595     86.669     86.863      0.436    1480.62    1480.62  0.000e+00
      11137     88.000     7.1525     7.1531     0.0006    3.54224    3.54232          1     5.7002     5.6269      23.60     0.0688     0.2199  1.000e-12  1.6075000    34.9525    34.9527     0.0002    27.3601    27.3601     87.164     87.358      0.450    1480.63    1480.63  0.000e+00
      11162     88.500     7.1537     7.1542     0.0005    3.54244    3.54251          1     5.6984     5.6363      23.17     0.0900     0.2027  1.000e-12  1.6467000    34.9532    34.9535     0.0003    27.3604    27.3606     87.659     87.854      0.509    1480.65    1480.65  0.000e+00
      11184     89.000     7.1540     7.1543     0.0003    3.54253    3.54257          1     5.7056     5.6317      22.69     0.0580     0.2315  1.000e-12  1.6528000    34.9537    34.9538     0.0001    27.3608    27.3608     88.154     88.350      0.531    1480.65    1480.66  0.000e+00
      11207     89.500     7.1545     7.1550     0.0005    3.54264    3.54270          1     5.7067     5.6246      22.19     0.0865     0.2221  1.000e-12  1.6166000    34.9542    34.9543     0.0001    27.3611    27.3611     88.649     88.846      0.503    1480.67    1480.67  0.000e+00
      11232     90.000     7.1551     7.1555     0.0004    3.54275    3.54279          1     5.6967     5.6242      21.66     0.0618     0.2478  1.000e-12  1.6184000    34.9545    34.9546     0.0001    27.3612    27.3613     89.144     89.341      0.457    1480.68    1480.68  0.000e+00
      11260     90.500     7.1555     7.1562     0.0006    3.54287    3.54294          1     5.6930     5.6224      21.13     0.0594     0.2372  1.000e-12  1.6176000    34.9552    34.9553     0.0001    27.3617    27.3617     89.639     89.837      0.416    1480.69    1480.69  0.000e+00
      11289     91.000     7.1560     7.1565     0.0006    3.54298    3.54304          1     5.6998     5.6214      20.61     0.0501     0.2716  1.000e-12  1.6459000    34.9557    34.9557     0.0000    27.3620    27.3620     90.135     90.333      0.433    1480.70    1480.70  0.000e+00
      11315     91.500     7.1564     7.1569     0.0005    3.54307    3.54313          1     5.6968     5.6232      20.15     0.0597     0.2435  1.000e-12  1.6349000    34.9559    34.9561     0.0001    27.3622    27.3622     90.630     90.828      0.500    1480.71    1480.71  0.000e+00
      11338     92.000     7.1585     7.1582    -0.0003    3.54340    3.54336          1     5.6908     5.6214      19.67     0.0791     0.2355  1.000e-12  1.6277000    34.9572    34.9571    -0.0002    27.3629    27.3629     91.125     91.324      0.537    1480.73    1480.73  0.000e+00
      11360     92.500     7.1630     7.1624    -0.0006    3.54411    3.54402          1     5.6893     5.6054      19.19     0.0620     0.2340  1.000e-12  1.6274000    34.9602    34.9599    -0.0003    27.3646    27.3645     91.620     91.820      0.515    1480.75    1480.75  0.000e+00
      11385     93.000     7.1638     7.1644     0.0005    3.54431    3.54435          1     5.6809     5.5877      18.69     0.0754     0.2347  1.000e-12  1.6897000    34.9612    34.9612    -0.0000    27.3653    27.3652     92.115     92.315      0.457    1480.77    1480.77  0.000e+00
      11413     93.500     7.1659     7.1665     0.0006    3.54468    3.54474          1     5.6720     5.5877      18.14     0.0691     0.2447  1.000e-12  1.6393000    34.9630    34.9630    -0.0000    27.3664    27.3663     92.610     92.811      0.423    1480.79    1480.79  0.000e+00
      11441     94.000     7.1674     7.1679     0.0006    3.54500    3.54505          1     5.6718     5.6014      17.63     0.0690     0.2082  1.000e-12  1.6390000    34.9647    34.9647     0.0000    27.3676    27.3675     93.105     93.307      0.446    1480.80    1480.80  0.000e+00
      11467     94.500     7.1677     7.1682     0.0005    3.54510    3.54516          1     5.6757     5.5904      17.14     0.0690     0.1784  1.000e-12  1.6394000    34.9652    34.9654     0.0002    27.3679    27.3680     93.600     93.803      0.487    1480.81    1480.81  0.000e+00
      11491     95.000     7.1678     7.1684     0.0006    3.54515    3.54522          1     5.6772     5.5870      16.66     0.1018     0.2042  1.000e-12  1.6299000    34.9655    34.9656     0.0001    27.3681    27.3681     94.096     94.298      0.502    1480.82    1480.82  0.000e+00
      11515     95.500     7.1675     7.1680     0.0004    3.54517    3.54522          1     5.6763     5.5975      16.17     0.0803     0.2187  1.000e-12  1.6966000    34.9657    34.9658     0.0001    27.3683    27.3683     94.591     94.794      0.484    1480.83    1480.83  0.000e+00
      11540     96.000     7.1676     7.1681     0.0006    3.54519    3.54525          1     5.6682     5.5986      15.65     0.0780     0.2319  1.000e-12  1.6620000    34.9656    34.9658     0.0002    27.3683    27.3683     95.086     95.290      0.455    1480.84    1480.84  0.000e+00
      11567     96.500     7.1670     7.1677     0.0006    3.54516    3.54523          1     5.6634     5.5895      15.15     0.0675     0.2124  1.000e-12  1.6613000    34.9656    34.9657     0.0001    27.3683    27.3683     95.581     95.785      0.448    1480.84    1480.85  0.000e+00
      11594     97.000     7.1667     7.1668     0.0002    3.54516    3.54517          1     5.6650     5.5922      14.64     0.0893     0.2087  1.000e-12  1.6643000    34.9657    34.9657    -0.0000    27.3684    27.3684     96.076     96.281      0.450    1480.85    1480.85  0.000e+00
      11620     97.500     7.1651     7.1657     0.0006    3.54503    3.54509          1     5.6646     5.5908      14.15     0.0771     0.2273  1.000e-12  1.7360000    34.9656    34.9657     0.0001    27.3686    27.3686     96.571     96.777      0.464    1480.85    1480.85  0.000e+00
      11646     98.000     7.1645     7.1647     0.0001    3.54500    3.54503          1     5.6629     5.5914      13.67     0.0785     0.2224  1.000e-12  1.7367000    34.9656    34.9658     0.0002    27.3687    27.3688     97.066     97.272      0.480    1480.86    1480.86  0.000e+00
      11671     98.500     7.1643     7.1647     0.0004    3.54500    3.54505          1     5.6597     5.5903      13.19     0.0776     0.2316  1.000e-12  1.7419000    34.9656    34.9658     0.0001    27.3687    27.3688     97.561     97.768      0.467    1480.86    1480.87  0.000e+00
      11697     99.000     7.1608     7.1637     0.0030    3.54468    3.54497          1     5.6630     5.5914      12.69     0.0775     0.2760  1.000e-12  1.7674000    34.9655    34.9656     0.0001    27.3691    27.3688     98.056     98.264      0.446    1480.86    1480.87  0.000e+00
      11724     99.500     7.1590     7.1609     0.0020    3.54453    3.54473          1     5.6639     5.5962      12.19     0.0796     0.2350  1.000e-12  1.7286000    34.9653    34.9656     0.0002    27.3692    27.3692     98.552     98.760      0.461    1480.86    1480.87  0.000e+00
      11749    100.000     7.1594     7.1602     0.0007    3.54459    3.54467          1     5.6704     5.6029      11.72     0.1029     0.2297  1.000e-12  1.8490000    34.9653    34.9654     0.0001    27.3691    27.3692     99.047     99.255      0.483    1480.87    1480.87  0.000e+00
      11774    100.500     7.1595     7.1600     0.0006    3.54461    3.54469          1     5.6675     5.6034      11.22     0.0903     0.2736  1.000e-12  1.7621000    34.9653    34.9656     0.0003    27.3691    27.3693     99.542     99.751      0.482    1480.88    1480.88  0.000e+00
      11799    101.000     7.1567     7.1590     0.0022    3.54438    3.54459          1     5.6655     5.5977      10.73     0.0893     0.2343  1.000e-12  1.7865000    34.9652    34.9652    -0.0000    27.3695    27.3692    100.037    100.247      0.474    1480.88    1480.88  0.000e+00
      11825    101.500     7.1474     7.1481     0.0006    3.54354    3.54360          1     5.6665     5.5836      10.22     0.0784     0.2160  1.000e-12  1.8172000    34.9652    34.9652     0.0001    27.3707    27.3707    100.532    100.742      0.459    1480.85    1480.85  0.000e+00
      11852    102.000     7.1465     7.1456    -0.0008    3.54348    3.54342          1     5.6629     5.5826       9.72     0.0924     0.2118  1.000e-12  1.8947000    34.9652    34.9654     0.0002    27.3709    27.3711    101.027    101.238      0.439    1480.85    1480.85  0.000e+00
      11879    102.500     7.1432     7.1430    -0.0003    3.54319    3.54318          1     5.6628     5.5895       9.22     0.1120     0.2249  1.000e-12  2.0242000    34.9651    34.9652     0.0001    27.3713    27.3714    101.522    101.734      0.444    1480.85    1480.85  0.000e+00
      11905    103.000     7.1380     7.1359    -0.0021    3.54276    3.54258          1     5.6659     5.5862       8.72     0.0992     0.2404  1.000e-12  2.0183000    34.9654    34.9655     0.0001    27.3722    27.3726    102.017    102.230      0.464    1480.84    1480.83  0.000e+00
      11931    103.500     7.1379     7.1386     0.0007    3.54277    3.54285          1     5.6589     5.5782       8.25     0.0952     0.2273  1.000e-12  2.1211000    34.9654    34.9655     0.0001    27.3723    27.3722    102.512    102.725      0.480    1480.85    1480.85  0.000e+00
      11955    104.000     7.1360     7.1365     0.0005    3.54264    3.54268          1     5.6600     5.5782       7.76     0.1117     0.2498  1.000e-12  2.2189000    34.9656    34.9656    -0.0000    27.3727    27.3726    103.008    103.221      0.492    1480.85    1480.85  0.000e+00
      11980    104.500     7.1277     7.1293     0.0016    3.54201    3.54215          1     5.6634     5.5883       7.25     0.1031     0.2552  1.000e-12  2.1150000    34.9669    34.9668    -0.0001    27.3749    27.3746    103.503    103.717      0.475    1480.82    1480.83  0.000e+00
      12006    105.000     7.1263     7.1269     0.0006    3.54193    3.54200          1     5.6642     5.5959       6.74     0.1120     0.1978  1.000e-12  2.1924000    34.9672    34.9673     0.0001    27.3753    27.3753    103.998    104.212      0.444    1480.83    1480.83  0.000e+00
      12034    105.500     7.1259     7.1265     0.0006    3.54193    3.54200          1     5.6615     5.5941       6.24     0.1026     0.2084  1.000e-12  2.2544000    34.9673    34.9675     0.0002    27.3755    27.3755    104.493    104.708      0.444    1480.83    1480.84  0.000e+00
      12060    106.000     7.1257     7.1264     0.0007    3.54195    3.54204          1     5.6569     5.5992       5.75     0.1053     0.2799  1.000e-12  2.2010000    34.9675    34.9677     0.0002    27.3757    27.3757    104.988    105.204      0.452    1480.84    1480.84  0.000e+00
      12087    106.500     7.1254     7.1260     0.0006    3.54198    3.54203          1     5.6606     5.5943       5.24     0.1143     0.2569  1.000e-12  2.2399000    34.9678    34.9679     0.0000    27.3759    27.3759    105.483    105.699      0.419    1480.85    1480.85  0.000e+00
      12116    107.000     7.1237     7.1257     0.0020    3.54191    3.54204          1     5.6692     5.5835       4.72     0.1136     0.2210  1.000e-12  2.1864000    34.9686    34.9679    -0.0007    27.3768    27.3760    105.978    106.195      0.179    1480.85    1480.86  0.000e+00
