ctdpy/exports/archive_20191121_122431/received_data/SBE09_0827_20180905_2116_26_01_0965.cnv
* Sea-Bird SBE 9 Data File:
* FileName = D:\CTD_SBE911\DAT\26DA.2018.9.15.hex
* Software Version Seasave V 7.21d
* Temperature SN = 034605
* Conductivity SN = 041844
* Number of Bytes Per Scan = 48
* Number of Voltage Words = 5
* Number of Scans Averaged by the Deck Unit = 1
* NMEA Latitude = 56 22.32 N
* NMEA Longitude = 016 12.12 E
* NMEA UTC (Time) = Sep 05 2018  21:18:55
* NMEA baud rate = 4800
** Ship: DANA
** Average sound velocity: 1462.36 m/s
** True-depth calculation Wed, 03 Apr 2019 09:30:33 +0000
** CTD Python Module SMHI /ver 3-12/ feb 2012 
** LIMS Job: 20182601-0965
**  REF M1V1
** Operator: Christian JKro
** Cruise: 09/2018
# nquan = 26
# nvalues = 36                          
# units = specified
# name 0 = scan: Scan Count
# name 1 = prDM: Pressure, Digiquartz [db]
# name 2 = t090C: Temperature [ITS-90, deg C]
# name 3 = t190C: Temperature, 2 [ITS-90, deg C]
# name 4 = T2-T190C: Temperature Difference, 2 - 1 [ITS-90, deg C]
# name 5 = c0S/m: Conductivity [S/m]
# name 6 = c1S/m: Conductivity, 2 [S/m]
# name 7 = pumps: Pump Status
# name 8 = sbeox1ML/L: Oxygen, SBE 43, 2 [ml/l]
# name 9 = sbeox0ML/L: Oxygen, SBE 43 [ml/l]
# name 10 = altM: Altimeter [m]
# name 11 = chloroflTC0: Chlorophyll, Turner Cyclops [ug/l]
# name 12 = cpar: CPAR/Corrected Irradiance [%]
# name 13 = par: PAR/Irradiance, Biospherical/Lico [µE/(cm^2*s)]
# name 14 = spar: SPAR, Biospherical/Licor
# name 15 = sal00: Salinity, Practical [PSU]
# name 16 = sal11: Salinity, Practical, 2 [PSU]
# name 17 = secS-priS: Salinity, Practical, Difference, 2 - 1 [PSU]
# name 18 = sigma-t00: Density [sigma-t, kg/m^3 ]
# name 19 = sigma-t11: Density, 2 [sigma-t, kg/m^3 ]
# name 20 = depSM: Depth [salt water, m], lat = 56.372
# name 21 = depFM: Depth [true depth, m], lat = 56.372
# name 22 = dz/dtM: Descent Rate [m/s], WS = 2
# name 23 = svCM: Sound Velocity [Chen-Millero, m/s]
# name 24 = svCM1: Sound Velocity, 2 [Chen-Millero, m/s]
# name 25 = flag: flag
# span 0 =        333,       2998       
# span 1 =      1.500,     19.000       
# span 2 =     6.4204,    15.6221       
# span 3 =     6.4624,    15.6720       
# span 4 =    -0.4156,     1.1569       
# span 5 =   0.850467,   1.023101       
# span 6 =   0.851662,   1.021590       
# span 7 =          1,          1       
# span 8 =     6.2653,     7.3381       
# span 9 =     6.3185,     6.9660       
# span 10 =       1.16,       9.99      
# span 11 =     0.1469,     0.3287      
# span 12 = -2.198e+02, 2.2147e+03      
# span 13 = 1.0000e-12, 1.0000e-12      
# span 14 = 1.9858e+00, 2.0353e+00      
# span 15 =     7.1712,     7.5504      
# span 16 =     7.1589,     7.5526      
# span 17 =    -0.0205,     0.0238      
# span 18 =     4.5176,     5.8987      
# span 19 =     4.4928,     5.8979      
# span 20 =      1.486,     18.826      
# span 21 =      1.521,     19.254      
# span 22 =     -0.007,      0.268      
# span 23 =    1442.32,    1476.56      
# span 24 =    1442.51,    1476.70      
# span 25 = 0.0000e+00, 0.0000e+00      
# interval = decibars: 0.5              
# start_time = Sep 05 2018 21:18:56 [NMEA time, first data scan]
# bad_flag = -9.990e-29
*END*
        333      1.500    15.6221    15.6720     0.0510    1.02310    1.02159          1     7.3381     6.8239       9.97     0.1469  4.924e-11  1.000e-12  2.031e+00     7.1794     7.1589    -0.0205     4.5176     4.4928      1.486      1.521      0.227    1476.56    1476.70  0.000e+00
        391      2.000    14.5564    15.1922     0.6355    1.00118    1.01646          1     7.2469     6.8165       9.97     0.1506  4.924e-11  1.000e-12  2.031e+00     7.2057     7.2068     0.0012     4.7149     4.6112      1.982      2.028      0.248    1472.95    1475.14  0.000e+00
        439      2.500    14.5186    14.8947     0.3758    1.00058    1.01022          1     7.2114     6.9013       7.57     0.1864  4.924e-11  1.000e-12  2.031e+00     7.2080     7.2133     0.0053     4.7229     4.6658      2.477      2.535      0.251    1472.82    1474.13  0.000e+00
        490      3.000    14.5956    14.6074     0.0120    1.00316    1.00324          1     7.1531     6.8549       9.98     0.1828  4.924e-11  1.000e-12  2.031e+00     7.2137     7.2121    -0.0016     4.7151     4.7119      2.973      3.042      0.233    1473.11    1473.15  0.000e+00
        539      3.500    14.6244    14.6220    -0.0036    1.00578    1.00406          1     7.0899     6.9660       9.97     0.1850  4.924e-11  1.000e-12  2.031e+00     7.2287     7.2158    -0.0129     4.7218     4.7124      3.468      3.548      0.256    1473.23    1473.21  0.000e+00
        585      4.000    15.2979    14.9675    -0.3292    1.02127    1.01168          1     7.1863     6.9435       8.32     0.1926  4.924e-11  1.000e-12  2.031e+00     7.2241     7.2110    -0.0131     4.6066     4.6520      3.963      4.055      0.256    1475.55    1474.40  0.000e+00
        632      4.500    15.2794    14.9614    -0.3181    1.02046    1.01384          1     7.1779     6.9476       9.21     0.1810  4.924e-11  1.000e-12  2.031e+00     7.2212     7.2288     0.0075     4.6076     4.6665      4.459      4.562      0.262    1475.49    1474.41  0.000e+00
        677      5.000    15.3449    14.9295    -0.4156    1.02152    1.01202          1     7.1727     6.9623       7.02     0.1790  4.924e-11  1.000e-12  2.031e+00     7.2173     7.2206     0.0033     4.5935     4.6656      4.954      5.069      0.268    1475.72    1474.30  0.000e+00
        723      5.500    15.3804    15.2894    -0.0911    1.01819    1.01914          1     7.2078     6.9378       8.52     0.1763  4.924e-11  1.000e-12  2.031e+00     7.1855     7.2092     0.0238     4.5631     4.5967      5.450      5.576      0.254    1475.81    1475.53  0.000e+00
        772      6.000    15.4170    15.3838    -0.0331    1.01830    1.01788          1     7.2144     6.9539       9.96     0.1641  4.924e-11  1.000e-12  2.031e+00     7.1796     7.1824     0.0028     4.5523     4.5602      5.945      6.083      0.237    1475.94    1475.83  0.000e+00
        823      6.500    15.3952    15.4104     0.0151    1.01728    1.01807          1     7.2336     6.9430       7.29     0.1689  4.924e-11  1.000e-12  2.031e+00     7.1757     7.1790     0.0033     4.5531     4.5531      6.441      6.590      0.233    1475.87    1475.92  0.000e+00
        874      7.000    15.3661    15.3657    -0.0001    1.01600    1.01618          1     7.2688     6.9120       6.00     0.1680  4.924e-11  1.000e-12  2.031e+00     7.1712     7.1726     0.0014     4.5546     4.5558      6.936      7.097      0.242    1475.77    1475.77  0.000e+00
        922      7.500    15.0216    15.2676     0.2459    1.01116    1.01542          1     7.2679     6.9129       7.88     0.1681  4.924e-11  1.000e-12  2.031e+00     7.1968     7.1847    -0.0121     4.6321     4.5816      7.431      7.604      0.252    1474.63    1475.46  0.000e+00
        970      8.000    14.8334    14.9794     0.1461    1.00657    1.00977          1     7.2441     6.9493       9.99     0.1767  4.924e-11  1.000e-12  2.031e+00     7.1959     7.1938    -0.0021     4.6625     4.6369      7.927      8.111      0.254    1473.99    1474.49  0.000e+00
       1016      8.500    14.2574    14.7186     0.4621    0.99650    1.00563          1     7.3011     6.7558       9.97     0.1772  4.924e-11  1.000e-12  2.031e+00     7.2238     7.2097    -0.0141     4.7767     4.6919      8.422      8.618      0.267    1472.03    1473.62  0.000e+00
       1061      9.000    12.7743    13.9331     1.1569    0.96295    0.99219          1     7.2292     6.6058       9.97     0.1961  2.104e+03  1.000e-12  1.988e+00     7.2358     7.2506     0.0148     5.0068     4.8466      8.918      9.125      0.253    1466.76    1470.92  0.000e+00
       1111      9.500    12.0879    12.6081     0.5208    0.94923    0.96382          1     6.9976     6.6361       9.97     0.2455 -1.867e+01  1.000e-12  2.031e+00     7.2554     7.2745     0.0192     5.1167     5.0609      9.413      9.631      0.238    1464.28    1466.22  0.000e+00
       1162     10.000    11.8031    12.0820     0.2791    0.94413    0.95211          1     6.9301     6.6427       9.97     0.2765 -4.080e-08  1.000e-12  2.031e+00     7.2684     7.2802     0.0118     5.1641     5.1366      9.908     10.138      0.235    1463.25    1464.30  0.000e+00
       1212     10.500    11.7772    11.8242     0.0471    0.94464    0.94671          1     6.8641     6.6637       9.90     0.3179  4.924e-11  1.000e-12  2.031e+00     7.2776     7.2856     0.0080     5.1746     5.1747     10.404     10.645      0.239    1463.18    1463.36  0.000e+00
       1262     11.000    11.5934    11.7696     0.1764    0.94165    0.94597          1     6.8899     6.7390       9.43     0.3268  4.924e-11  1.000e-12  2.031e+00     7.2885     7.2901     0.0015     5.2066     5.1852     10.899     11.151      0.241    1462.51    1463.17  0.000e+00
       1311     11.500    10.7360    11.3432     0.6070    0.92320    0.93943          1     6.8878     6.5727       8.90     0.3287  4.924e-11  1.000e-12  2.031e+00     7.3020     7.3191     0.0171     5.3205     5.2612     11.395     11.658      0.251    1459.29    1461.61  0.000e+00
       1358     12.000    10.2424    10.4431     0.2011    0.91333    0.92059          1     6.7679     6.7168       8.42     0.3039  4.924e-11  1.000e-12  2.031e+00     7.3161     7.3382     0.0221     5.3880     5.3827     11.890     12.164      0.257    1457.42    1458.22  0.000e+00
       1405     12.500    10.4105    10.4732     0.0624    0.91755    0.91968          1     6.8167     6.5827       7.90     0.2795  4.924e-11  1.000e-12  2.031e+00     7.3186     7.3243     0.0057     5.3711     5.3687     12.385     12.671      0.249    1458.08    1458.33  0.000e+00
       1455     13.000     9.8554    10.1440     0.2886    0.90701    0.91466          1     6.7162     6.9353       7.37     0.2882  4.924e-11  1.000e-12  2.031e+00     7.3392     7.3472     0.0080     5.4478     5.4230     12.881     13.178      0.242    1455.96    1457.09  0.000e+00
       1504     13.500     9.6259     9.8095     0.1839    0.90350    0.90837          1     6.8730     6.9298       6.87     0.2631  4.924e-11  1.000e-12  2.031e+00     7.3552     7.3603     0.0051     5.4841     5.4691     13.376     13.684      0.243    1455.09    1455.81  0.000e+00
       1554     14.000     9.1438     9.3879     0.2440    0.89474    0.90151          1     6.9583     6.8269       6.36     0.2220  4.924e-11  1.000e-12  2.031e+00     7.3768     7.3863     0.0096     5.5488     5.5323     13.872     14.190      0.243    1453.22    1454.20  0.000e+00
       1603     14.500     8.7241     8.9784     0.2542    0.88720    0.89399          1     6.9163     6.7850       5.83     0.2080  4.924e-11  1.000e-12  2.031e+00     7.3964     7.4043     0.0078     5.6034     5.5860     14.367     14.697      0.248    1451.57    1452.60  0.000e+00
       1650     15.000     8.2243     8.5522     0.3277    0.87820    0.88672          1     6.8283     6.7016       5.32     0.1971  4.924e-11  1.000e-12  2.031e+00     7.4198     7.4280     0.0082     5.6654     5.6435     14.862     15.203      0.260    1449.59    1450.93  0.000e+00
       1695     15.500     7.7891     8.0172     0.2283    0.87064    0.87739          1     6.7560     6.6504       4.82     0.1846  4.924e-11  1.000e-12  2.031e+00     7.4428     7.4562     0.0133     5.7191     5.7112     15.358     15.710      0.268    1447.85    1448.80  0.000e+00
       1740     16.000     7.6759     7.8071     0.1311    0.86919    0.87331          1     6.6839     6.6235       4.30     0.1810  4.924e-11  1.000e-12  2.031e+00     7.4535     7.4634     0.0099     5.7363     5.7338     15.853     16.216      0.259    1447.41    1447.96  0.000e+00
       1788     16.500     7.6087     7.6896     0.0808    0.86854    0.87135          1     6.6346     6.6233       3.77     0.1658  4.924e-11  1.000e-12  2.031e+00     7.4618     7.4705     0.0087     5.7480     5.7485     16.349     16.722      0.243    1447.15    1447.49  0.000e+00
       1837     17.000     7.5458     7.6128     0.0669    0.86786    0.87009          1     6.5970     6.6407       3.26     0.1757  4.924e-11  1.000e-12  2.031e+00     7.4690     7.4753     0.0063     5.7583     5.7582     16.844     17.229      0.249    1446.90    1447.19  0.000e+00
       1885     17.500     7.4313     7.5381     0.1068    0.86616    0.86903          1     6.6227     6.5878       2.75     0.1829  4.924e-11  1.000e-12  2.031e+00     7.4778     7.4814     0.0037     5.7738     5.7687     17.339     17.735      0.249    1446.45    1446.89  0.000e+00
       1934     18.000     6.9289     7.2612     0.3321    0.85749    0.86496          1     6.5965     6.4501       2.23     0.1863  1.173e-01  1.000e-12  2.031e+00     7.5055     7.5032    -0.0022     5.8308     5.8061     17.835     18.241      0.253    1444.40    1445.78  0.000e+00
       1980     18.500     6.5302     6.8944     0.3643    0.85084    0.85889          1     6.4832     6.3435       1.71     0.1819  2.215e+03  1.000e-12  1.986e+00     7.5299     7.5262    -0.0037     5.8757     5.8494     18.330     18.748      0.264    1442.75    1444.29  0.000e+00
       2998     19.000     6.4204     6.4624     0.0421    0.85047    0.85166          1     6.2653     6.3185       1.16     0.2047 -2.198e+02  1.000e-12  2.035e+00     7.5504     7.5526     0.0021     5.8987     5.8979     18.826     19.254     -0.007    1442.32    1442.51  0.000e+00
