ctdpy/exports/archive_20191121_122431/received_data/SBE09_1044_20180203_0252_34_02_0049.cnv
* Sea-Bird SBE 9 Data File:
* FileName = C:\ctd\temp\2018\ME18D049.hex
* Software Version Seasave V 7.26.6.26
* Temperature SN = 5351
* Conductivity SN = 3941
* Number of Bytes Per Scan = 41
* Number of Voltage Words = 4
* Number of Scans Averaged by the Deck Unit = 1
* NMEA Latitude = 56 57.39 N
* NMEA Longitude = 011 44.84 E
* NMEA UTC (Time) = Feb 03 2018  02:53:01
* NMEA baud rate = 4800
** Station:  L:a Middelgrund
** Operator:  SSip
** Ship: MERI
** Average sound velocity: 1471.22 m/s
** True-depth calculation Sat, 03 Feb 2018 03:51:45 +0000
** CTD Python Module SMHI /ver 3-12/ feb 2012 
** LIMS Job: 20183402-0049
** Cruise: SMHI-01-2018
** Latitude [GG MM.mm N] :
** Longitude [GG MM.mm E]:
# nquan = 26
# nvalues = 193                         
# units = specified
# name 0 = scan: Scan Count
# name 1 = prDM: Pressure, Digiquartz [db]
# name 2 = t090C: Temperature [ITS-90, deg C]
# name 3 = t190C: Temperature, 2 [ITS-90, deg C]
# name 4 = T2-T190C: Temperature Difference, 2 - 1 [ITS-90, deg C]
# name 5 = c0S/m: Conductivity [S/m]
# name 6 = c1S/m: Conductivity, 2 [S/m]
# name 7 = pumps: Pump Status
# name 8 = sbeox0ML/L: Oxygen, SBE 43 [ml/l]
# name 9 = sbeox1ML/L: Oxygen, SBE 43, 2 [ml/l]
# name 10 = altM: Altimeter [m]
# name 11 = flECO-AFL: Chl-a Fluorescence, WET Labs ECO-AFL/FL [mg/m^3]
# name 12 = flECO-AFL1: Phycocyanin Fluorescence, WET Labs ECO-AFL/FL, 2 [mg/m^3]
# name 13 = par: PAR/Irradiance, Biospherical/Lico [µE/(cm^2*s)]
# name 14 = turbWETntu0: Turbidity, WET Labs ECO [NTU]
# name 15 = sal00: Salinity, Practical [PSU]
# name 16 = sal11: Salinity, Practical, 2 [PSU]
# name 17 = secS-priS: Salinity, Practical, Difference, 2 - 1 [PSU]
# name 18 = sigma-t00: Density [sigma-t, Kg/m^3 ]
# name 19 = sigma-t11: Density, 2 [sigma-t, Kg/m^3 ]
# name 20 = depSM: Depth [salt water, m], lat = 56.9565
# name 21 = depFM: Depth [true depth, m], lat = 56.9565
# name 22 = dz/dtM: Descent Rate [m/s], WS = 2
# name 23 = svCM: Sound Velocity [Chen-Millero, m/s]
# name 24 = svCM1: Sound Velocity, 2 [Chen-Millero, m/s]
# name 25 = flag: flag
# span 0 =       7377,      11713       
# span 1 =      2.000,     98.000       
# span 2 =     3.4309,     6.8703       
# span 3 =     3.4296,     6.8708       
# span 4 =    -0.0312,     0.0446       
# span 5 =   1.853123,   3.385538       
# span 6 =   1.852592,   3.385729       
# span 7 =          1,          1       
# span 8 =    6.07338,    7.81551       
# span 9 =    6.05811,    7.80812       
# span 10 =       4.43,      98.64      
# span 11 =     0.1747,     1.1125      
# span 12 =     0.2486,     0.4817      
# span 13 = -8.333e-06, 4.1590e-02      
# span 14 =     0.3306,     2.6907      
# span 15 =    19.1877,    33.5074      
# span 16 =    19.1821,    33.5090      
# span 17 =    -0.1359,     0.1974      
# span 18 =    15.2645,    26.2606      
# span 19 =    15.2602,    26.2617      
# span 20 =      1.982,     97.077      
# span 21 =      2.006,     97.446      
# span 22 =     -0.092,      0.801      
# span 23 =    1443.90,    1477.89      
# span 24 =    1443.90,    1477.89      
# span 25 = 0.0000e+00, 0.0000e+00      
# interval = decibars: 0.5              
# start_time = Feb 03 2018 02:53:01 [NMEA time, first data scan]
# bad_flag = -9.990e-29
*END*
[from data line 168]
      11139     86.000     6.8530     6.8526    -0.0004    3.38261    3.38268          1     6.0810     6.0878      16.69     0.1920     0.3437  1.000e-12  2.4751000    33.4977    33.4989     0.0012    26.2552    26.2562     85.193     85.536      0.541    1477.61    1477.61  0.000e+00
      11160     86.500     6.8538     6.8537    -0.0002    3.38277    3.38288          1     6.0841     6.0846      16.18     0.2040     0.3758  1.000e-12  2.4592000    33.4984    33.4997     0.0013    26.2557    26.2568     85.688     86.032      0.572    1477.63    1477.63  0.000e+00
      11181     87.000     6.8545     6.8542    -0.0003    3.38285    3.38299          1     6.0890     6.0729      15.73     0.2115     0.3186  1.000e-12  2.3825000    33.4984    33.5002     0.0018    26.2556    26.2570     86.183     86.529      0.603    1477.64    1477.64  0.000e+00
      11200     87.500     6.8558     6.8556    -0.0002    3.38311    3.38322          1     6.0932     6.0771      15.26     0.1992     0.2810  1.000e-12  2.5911000    33.4997    33.5011     0.0014    26.2565    26.2575     86.678     87.025      0.622    1477.65    1477.66  0.000e+00
      11219     88.000     6.8569     6.8573     0.0003    3.38331    3.38349          1     6.0881     6.0773      14.77     0.1914     0.2932  1.000e-12  2.5153000    33.5006    33.5022     0.0017    26.2570    26.2582     87.174     87.521      0.601    1477.67    1477.67  0.000e+00
      11240     88.500     6.8577     6.8582     0.0005    3.38345    3.38364          1     6.0887     6.0640      14.25     0.1928     0.3694  1.000e-12  2.4457000    33.5011    33.5027     0.0016    26.2573    26.2585     87.669     88.017      0.520    1477.68    1477.68  0.000e+00
      11267     89.000     6.8578     6.8586     0.0009    3.38348    3.38372          1     6.0857     6.0581      13.68     0.1871     0.3181  1.000e-12  2.4408000    33.5011    33.5029     0.0017    26.2573    26.2586     88.164     88.513      0.439    1477.69    1477.69  0.000e+00
      11294     89.500     6.8583     6.8584     0.0001    3.38358    3.38372          1     6.0774     6.0695      13.18     0.1810     0.3139  1.000e-12  2.4458000    33.5014    33.5030     0.0015    26.2575    26.2587     88.659     89.010      0.520    1477.70    1477.70  0.000e+00
      11314     90.000     6.8595     6.8592    -0.0003    3.38378    3.38389          1     6.0804     6.0811      12.75     0.1871     0.2997  1.000e-12  2.4612000    33.5022    33.5037     0.0015    26.2580    26.2592     89.154     89.506      0.662    1477.71    1477.71  0.000e+00
      11330     90.500     6.8602     6.8600    -0.0003    3.38391    3.38401          1     6.0845     6.0812      12.32     0.1870     0.3181  1.000e-12  2.5940000    33.5028    33.5041     0.0014    26.2583    26.2594     89.650     90.002      0.726    1477.72    1477.72  0.000e+00
      11347     91.000     6.8602     6.8601    -0.0002    3.38394    3.38406          1     6.0896     6.0833      11.85     0.1870     0.3269  1.000e-12  2.5468000    33.5028    33.5043     0.0015    26.2583    26.2595     90.145     90.498      0.688    1477.73    1477.73  0.000e+00
      11366     91.500     6.8602     6.8601    -0.0001    3.38395    3.38406          1     6.0876     6.0838      11.30     0.1870     0.3016  1.000e-12  2.5266000    33.5026    33.5039     0.0013    26.2582    26.2592     90.640     90.995      0.549    1477.74    1477.74  0.000e+00
      11393     92.000     6.8607     6.8607     0.0000    3.38395    3.38407          1     6.0845     6.0822      10.69     0.1815     0.2659  1.000e-12  2.5263000    33.5020    33.5033     0.0013    26.2576    26.2586     91.135     91.491      0.414    1477.75    1477.75  0.000e+00
      11422     92.500     6.8603     6.8603    -0.0000    3.38391    3.38404          1     6.0951     6.0864      10.17     0.1881     0.2875  1.000e-12  2.4620000    33.5017    33.5031     0.0014    26.2574    26.2585     91.630     91.987      0.481    1477.76    1477.76  0.000e+00
      11444     93.000     6.8607     6.8603    -0.0004    3.38399    3.38407          1     6.0984     6.0808       9.74     0.2005     0.3152  1.000e-12  2.4304000    33.5019    33.5032     0.0013    26.2575    26.2586     92.125     92.483      0.606    1477.77    1477.77  0.000e+00
      11462     93.500     6.8602     6.8596    -0.0006    3.38395    3.38402          1     6.0929     6.0797       9.31     0.1992     0.3276  1.000e-12  2.4623000    33.5018    33.5030     0.0013    26.2575    26.2586     92.621     92.980      0.676    1477.77    1477.77  0.000e+00
      11479     94.000     6.8606     6.8604    -0.0002    3.38402    3.38412          1     6.0918     6.0785       8.85     0.1877     0.3286  1.000e-12  2.4453000    33.5018    33.5032     0.0013    26.2575    26.2586     93.116     93.476      0.687    1477.78    1477.78  0.000e+00
      11497     94.500     6.8608     6.8605    -0.0002    3.38405    3.38414          1     6.0915     6.0779       8.34     0.1933     0.3153  1.000e-12  2.4837000    33.5018    33.5030     0.0012    26.2574    26.2584     93.611     93.972      0.637    1477.79    1477.79  0.000e+00
      11517     95.000     6.8603     6.8605     0.0002    3.38401    3.38416          1     6.0892     6.0738       7.79     0.1913     0.3062  1.000e-12  2.5230000    33.5015    33.5030     0.0015    26.2573    26.2584     94.106     94.468      0.530    1477.80    1477.80  0.000e+00
      11543     95.500     6.8604     6.8606     0.0001    3.38405    3.38417          1     6.0892     6.0678       7.21     0.1836     0.2719  1.000e-12  2.4919000    33.5016    33.5028     0.0012    26.2573    26.2583     94.601     94.965      0.438    1477.81    1477.81  0.000e+00
      11571     96.000     6.8632     6.8634     0.0002    3.38442    3.38456          1     6.0872     6.0734       6.69     0.1909     0.3140  1.000e-12  2.4303000    33.5029    33.5041     0.0013    26.2579    26.2589     95.097     95.461      0.470    1477.83    1477.83  0.000e+00
      11594     96.500     6.8664     6.8661    -0.0003    3.38487    3.38497          1     6.0748     6.0812       6.24     0.1754     0.3236  1.000e-12  2.4297000    33.5043    33.5058     0.0014    26.2587    26.2598     95.592     95.957      0.549    1477.85    1477.85  0.000e+00
      11615     97.000     6.8693     6.8692    -0.0001    3.38533    3.38546          1     6.0759     6.0807       5.78     0.1748     0.3217  1.000e-12  2.3723000    33.5063    33.5079     0.0015    26.2598    26.2611     96.087     96.453      0.601    1477.87    1477.87  0.000e+00
      11634     97.500     6.8703     6.8708     0.0005    3.38554    3.38573          1     6.0758     6.0688       5.30     0.1748     0.3358  1.000e-12  2.3432000    33.5074    33.5090     0.0016    26.2606    26.2617     96.582     96.950      0.597    1477.88    1477.89  0.000e+00
      11713     98.000     6.8688     6.8701     0.0013    3.38536    3.38567          1     6.0858     6.0685       4.43     0.1947     0.3467  1.000e-12  2.0633000    33.5066    33.5088     0.0022    26.2601    26.2617     97.077     97.446     -0.092    1477.89    1477.89  0.000e+00
