ctdpy/exports/archive_20191121_122431/received_data/SBE09_0827_20181008_0214_26_01_1041.cnv
* Sea-Bird SBE 9 Data File:
* FileName = D:\CTD_SBE911\DAT\26DA.2018.10.41.hex
* Software Version Seasave V 7.21d
* Temperature SN = 4548
* Conductivity SN = 3062
* Number of Bytes Per Scan = 48
* Number of Voltage Words = 5
* Number of Scans Averaged by the Deck Unit = 1
* NMEA Latitude = 58 41.88 N
* NMEA Longitude = 018 39.66 E
* NMEA UTC (Time) = Oct 08 2018  02:16:46
* NMEA baud rate = 4800
** Ship: DANA
** Average sound velocity: 1444.56 m/s
** True-depth calculation Thu, 28 Mar 2019 12:21:23 +0000
** CTD Python Module SMHI /ver 3-12/ feb 2012 
** LIMS Job: 20182601-1041
** Operator: Christian A-KTh
** Cruise: 10/2018
# nquan = 26
# nvalues = 440                         
# units = specified
# name 0 = scan: Scan Count
# name 1 = prDM: Pressure, Digiquartz [db]
# name 2 = t090C: Temperature [ITS-90, deg C]
# name 3 = t190C: Temperature, 2 [ITS-90, deg C]
# name 4 = T2-T190C: Temperature Difference, 2 - 1 [ITS-90, deg C]
# name 5 = c0S/m: Conductivity [S/m]
# name 6 = c1S/m: Conductivity, 2 [S/m]
# name 7 = pumps: Pump Status
# name 8 = sbeox1ML/L: Oxygen, SBE 43, 2 [ml/l]
# name 9 = sbeox0ML/L: Oxygen, SBE 43 [ml/l]
# name 10 = altM: Altimeter [m]
# name 11 = chloroflTC0: Chlorophyll, Turner Cyclops [ug/l]
# name 12 = cpar: CPAR/Corrected Irradiance [%]
# name 13 = par: PAR/Irradiance, Biospherical/Lico [µE/(cm^2*s)]
# name 14 = spar: SPAR, Biospherical/Licor
# name 15 = sal00: Salinity, Practical [PSU]
# name 16 = sal11: Salinity, Practical, 2 [PSU]
# name 17 = secS-priS: Salinity, Practical, Difference, 2 - 1 [PSU]
# name 18 = sigma-t00: Density [sigma-t, kg/m^3 ]
# name 19 = sigma-t11: Density, 2 [sigma-t, kg/m^3 ]
# name 20 = depSM: Depth [salt water, m], lat = 58.698
# name 21 = depFM: Depth [true depth, m], lat = 58.698
# name 22 = dz/dtM: Descent Rate [m/s], WS = 2
# name 23 = svCM: Sound Velocity [Chen-Millero, m/s]
# name 24 = svCM1: Sound Velocity, 2 [Chen-Millero, m/s]
# name 25 = flag: flag
# span 0 =         64,      15755       
# span 1 =      1.000,    220.500       
# span 2 =     3.3730,     8.4603       
# span 3 =     3.3726,     8.4551       
# span 4 =    -0.0864,     0.0310       
# span 5 =   0.758550,   1.242669       
# span 6 =   0.758638,   1.242431       
# span 7 =          1,          1       
# span 8 =     0.0298,     7.7606       
# span 9 =     0.0277,     7.2823       
# span 10 =       1.15,       9.98      
# span 11 =     0.0158,     0.0397      
# span 12 = -1.099e+02, 7.1018e+03      
# span 13 = 1.0000e-12, 1.0000e-12      
# span 14 = 1.8866e+00, 2.0330e+00      
# span 15 =     6.8731,    11.3902      
# span 16 =     6.8752,    11.3880      
# span 17 =    -0.0051,     0.0258      
# span 18 =     5.2340,     8.9324      
# span 19 =     5.2344,     8.9307      
# span 20 =      0.991,    218.328      
# span 21 =      1.013,    222.844      
# span 22 =      0.106,      0.589      
# span 23 =    1428.93,    1449.76      
# span 24 =    1428.93,    1449.76      
# span 25 = 0.0000e+00, 0.0000e+00      
# interval = decibars: 0.5              
# start_time = Oct 08 2018 02:16:47 [NMEA time, first data scan]
# bad_flag = -9.990e-29
*END*
         64      1.000     8.4379     8.4388     0.0009    0.82459    0.82460          1     7.6032     7.1149       4.06     0.0336  4.924e-11  1.000e-12  2.031e+00     6.8935     6.8935    -0.0000     5.2358     5.2357      0.991      1.013      0.106    1449.58    1449.59  0.000e+00
        499      1.500     8.4603     8.4551    -0.0052    0.82510    0.82497          1     7.6065     7.1144       5.20     0.0322  4.924e-11  1.000e-12  2.031e+00     6.8938     6.8936    -0.0001     5.2340     5.2344      1.486      1.520      0.405    1449.68    1449.66  0.000e+00
        592      2.000     8.4594     8.4436    -0.0158    0.82508    0.82472          1     7.6002     7.1155       6.08     0.0332  4.924e-11  1.000e-12  2.031e+00     6.8937     6.8935    -0.0002     5.2341     5.2353      1.981      2.026      0.263    1449.69    1449.62  0.000e+00
        652      2.500     8.4430     8.4355    -0.0076    0.82469    0.82453          1     7.5965     7.1123       6.05     0.0334  4.924e-11  1.000e-12  2.031e+00     6.8933     6.8933    -0.0000     5.2352     5.2358      2.477      2.533      0.365    1449.63    1449.60  0.000e+00
        695      3.000     8.4389     8.4374    -0.0015    0.82460    0.82458          1     7.5987     7.1100       8.70     0.0337  4.924e-11  1.000e-12  2.031e+00     6.8933     6.8934     0.0001     5.2355     5.2357      2.972      3.040      0.269    1449.62    1449.61  0.000e+00
        755      3.500     8.4394     8.4471     0.0076    0.82464    0.82481          1     7.6024     7.1049       9.91     0.0346  4.924e-11  1.000e-12  2.031e+00     6.8935     6.8935    -0.0000     5.2356     5.2349      3.467      3.546      0.247    1449.63    1449.66  0.000e+00
        807      4.000     8.4508     8.4542     0.0034    0.82493    0.82500          1     7.6066     7.1104       7.70     0.0373  4.924e-11  1.000e-12  2.031e+00     6.8938     6.8938     0.0000     5.2349     5.2346      3.963      4.053      0.248    1449.68    1449.70  0.000e+00
        859      4.500     8.4472     8.4439    -0.0032    0.82484    0.82476          1     7.6083     7.1229       6.46     0.0388  4.924e-11  1.000e-12  2.031e+00     6.8936     6.8936    -0.0000     5.2351     5.2353      4.458      4.560      0.235    1449.68    1449.66  0.000e+00
        900      5.000     8.4457     8.4486     0.0030    0.82481    0.82489          1     7.5974     7.1152       8.27     0.0379  4.924e-11  1.000e-12  2.031e+00     6.8936     6.8937     0.0001     5.2352     5.2350      4.953      5.066      0.315    1449.68    1449.69  0.000e+00
        946      5.500     8.4468     8.4475     0.0007    0.82486    0.82490          1     7.5968     7.1081       9.98     0.0352  4.924e-11  1.000e-12  2.031e+00     6.8938     6.8940     0.0002     5.2352     5.2353      5.449      5.573      0.233    1449.69    1449.70  0.000e+00
        994      6.000     8.4470     8.4470    -0.0000    0.82489    0.82490          1     7.5954     7.1103       9.96     0.0346  4.924e-11  1.000e-12  2.031e+00     6.8939     6.8940     0.0001     5.2353     5.2354      5.944      6.079      0.248    1449.70    1449.70  0.000e+00
       1046      6.500     8.4471     8.4473     0.0002    0.82490    0.82491          1     7.5991     7.1077       9.96     0.0334  4.924e-11  1.000e-12  2.031e+00     6.8940     6.8940     0.0000     5.2354     5.2353      6.439      6.586      0.234    1449.71    1449.71  0.000e+00
       1096      7.000     8.4471     8.4476     0.0005    0.82491    0.82492          1     7.6069     7.1044       9.96     0.0334  4.924e-11  1.000e-12  2.031e+00     6.8940     6.8940    -0.0000     5.2354     5.2353      6.935      7.093      0.241    1449.72    1449.72  0.000e+00
       1141      7.500     8.4470     8.4477     0.0007    0.82492    0.82494          1     7.6008     7.1070       8.77     0.0330  4.924e-11  1.000e-12  2.031e+00     6.8941     6.8941     0.0000     5.2354     5.2354      7.430      7.599      0.287    1449.72    1449.73  0.000e+00
       1188      8.000     8.4463     8.4490     0.0027    0.82491    0.82498          1     7.6029     7.1085       9.95     0.0326  4.924e-11  1.000e-12  2.031e+00     6.8941     6.8941     0.0001     5.2355     5.2353      7.925      8.106      0.240    1449.73    1449.74  0.000e+00
       1234      8.500     8.4485     8.4455    -0.0030    0.82498    0.82491          1     7.5976     7.1067       9.96     0.0325  4.924e-11  1.000e-12  2.031e+00     6.8942     6.8941    -0.0000     5.2354     5.2356      8.421      8.612      0.274    1449.75    1449.74  0.000e+00
       1283      9.000     8.4397     8.4419     0.0022    0.82477    0.82482          1     7.6069     7.1006       9.96     0.0333  4.924e-11  1.000e-12  2.031e+00     6.8939     6.8940     0.0001     5.2360     5.2358      8.916      9.119      0.231    1449.72    1449.73  0.000e+00
       1332      9.500     8.4481     8.4465    -0.0017    0.82498    0.82494          1     7.6018     7.1109       9.96     0.0333  4.924e-11  1.000e-12  2.031e+00     6.8941     6.8941    -0.0000     5.2354     5.2355      9.411      9.626      0.240    1449.76    1449.76  0.000e+00
       1393     10.000     8.4279     8.4170    -0.0108    0.82444    0.82422          1     7.6012     7.1201       8.76     0.0330  4.924e-11  1.000e-12  2.031e+00     6.8932     6.8934     0.0002     5.2364     5.2375      9.906     10.132      0.218    1449.69    1449.64  0.000e+00
       1438     10.500     8.3813     8.3834     0.0020    0.82328    0.82336          1     7.6173     7.1311       9.98     0.0336  4.924e-11  1.000e-12  2.031e+00     6.8918     6.8921     0.0003     5.2393     5.2393     10.402     10.639      0.327    1449.50    1449.51  0.000e+00
       1480     11.000     8.3592     8.3451    -0.0141    0.82269    0.82241          1     7.6336     7.1712       9.96     0.0341  4.924e-11  1.000e-12  2.031e+00     6.8908     6.8910     0.0002     5.2403     5.2417     10.897     11.146      0.230    1449.42    1449.36  0.000e+00
       1536     11.500     8.1661     8.1957     0.0295    0.81762    0.81868          1     7.6679     7.1709       9.96     0.0340  4.924e-11  1.000e-12  2.031e+00     6.8826     6.8864     0.0038     5.2500     5.2506     11.392     11.652      0.275    1448.63    1448.76  0.000e+00
       1572     12.000     7.9891     7.9465    -0.0424    0.81325    0.81246          1     7.7117     7.2178       9.96     0.0346  4.924e-11  1.000e-12  2.031e+00     6.8777     6.8788     0.0012     5.2605     5.2648     11.888     12.159      0.319    1447.91    1447.74  0.000e+00
       1622     12.500     7.7403     7.6620    -0.0789    0.80740    0.80595          1     7.6987     7.2318       9.96     0.0354  4.924e-11  1.000e-12  2.031e+00     6.8731     6.8752     0.0021     5.2763     5.2840     12.383     12.665      0.213    1446.89    1446.57  0.000e+00
       1671     13.000     7.5259     7.5142    -0.0117    0.80312    0.80317          1     7.7213     7.2532       9.96     0.0363  4.924e-11  1.000e-12  2.031e+00     6.8761     6.8789     0.0028     5.2949     5.2979     12.878     13.172      0.288    1446.02    1445.97  0.000e+00
       1716     13.500     7.4490     7.4407    -0.0084    0.80250    0.80258          1     7.6498     7.2124       9.96     0.0372  4.924e-11  1.000e-12  2.031e+00     6.8855     6.8880     0.0024     5.3078     5.3103     13.374     13.679      0.242    1445.72    1445.69  0.000e+00
       1764     14.000     7.3049     7.2927    -0.0121    0.80157    0.80162          1     7.6245     7.1596       9.96     0.0385  4.924e-11  1.000e-12  2.031e+00     6.9056     6.9085     0.0029     5.3338     5.3370     13.869     14.185      0.272    1445.15    1445.11  0.000e+00
       1806     14.500     7.2711     7.2629    -0.0082    0.80170    0.80175          1     7.6515     7.1711       9.96     0.0397  4.924e-11  1.000e-12  2.031e+00     6.9135     6.9156     0.0021     5.3425     5.3447     14.364     14.692      0.285    1445.03    1445.00  0.000e+00
       1849     15.000     7.2546     7.2505    -0.0040    0.80250    0.80262          1     7.6708     7.1907       9.96     0.0374  4.924e-11  1.000e-12  2.031e+00     6.9241     6.9260     0.0019     5.3520     5.3537     14.860     15.198      0.271    1444.98    1444.97  0.000e+00
       1896     15.500     7.2537     7.2526    -0.0011    0.80313    0.80325          1     7.6859     7.2024       9.96     0.0367  4.924e-11  1.000e-12  2.031e+00     6.9301     6.9314     0.0013     5.3567     5.3578     15.355     15.705      0.253    1445.00    1444.99  0.000e+00
       1940     16.000     7.2567     7.2544    -0.0023    0.80354    0.80362          1     7.6912     7.2089       9.96     0.0369  4.924e-11  1.000e-12  2.031e+00     6.9332     6.9344     0.0012     5.3589     5.3600     15.850     16.211      0.287    1445.02    1445.01  0.000e+00
       1984     16.500     7.2568     7.2564    -0.0005    0.80403    0.80411          1     7.7025     7.2148       9.96     0.0384  4.924e-11  1.000e-12  2.031e+00     6.9377     6.9385     0.0008     5.3625     5.3631     16.346     16.718      0.255    1445.03    1445.03  0.000e+00
       2033     17.000     7.2495     7.2493    -0.0002    0.80459    0.80465          1     7.7076     7.2261       9.96     0.0376  4.924e-11  1.000e-12  2.031e+00     6.9443     6.9449     0.0006     5.3681     5.3687     16.841     17.224      0.249    1445.02    1445.02  0.000e+00
       2077     17.500     7.2341     7.2308    -0.0033    0.80481    0.80487          1     7.7256     7.2330       9.96     0.0374  4.924e-11  1.000e-12  2.031e+00     6.9493     6.9505     0.0012     5.3732     5.3744     17.336     17.731      0.294    1444.97    1444.96  0.000e+00
       2117     18.000     7.2083     7.1945    -0.0138    0.80500    0.80495          1     7.7195     7.2323       9.96     0.0385  4.924e-11  1.000e-12  2.031e+00     6.9562     6.9586     0.0023     5.3804     5.3832     17.831     18.238      0.294    1444.88    1444.82  0.000e+00
       2162     18.500     7.1547     7.1512    -0.0035    0.80504    0.80517          1     7.7313     7.2433       9.96     0.0371  4.924e-11  1.000e-12  2.031e+00     6.9673     6.9692     0.0019     5.3928     5.3946     18.327     18.744      0.249    1444.68    1444.66  0.000e+00
       2208     19.000     7.1285     7.1230    -0.0055    0.80481    0.80482          1     7.7404     7.2537       9.96     0.0357  4.924e-11  1.000e-12  2.031e+00     6.9704     6.9716     0.0012     5.3970     5.3984     18.822     19.251      0.297    1444.58    1444.56  0.000e+00
       2247     19.500     7.0981     7.0858    -0.0122    0.80415    0.80398          1     7.7272     7.2532       9.96     0.0364  4.924e-11  1.000e-12  2.031e+00     6.9703     6.9713     0.0009     5.3990     5.4006     19.317     19.757      0.284    1444.46    1444.41  0.000e+00
       2295     20.000     7.0209     7.0162    -0.0047    0.80219    0.80218          1     7.7606     7.2665       9.96     0.0347  4.924e-11  1.000e-12  2.031e+00     6.9677     6.9685     0.0008     5.4021     5.4031     19.813     20.264      0.232    1444.14    1444.12  0.000e+00
       2344     20.500     7.0415     7.0342    -0.0073    0.80323    0.80303          1     7.7492     7.2823       9.96     0.0344  4.924e-11  1.000e-12  2.031e+00     6.9731     6.9727    -0.0004     5.4050     5.4052     20.308     20.770      0.281    1444.24    1444.21  0.000e+00
       2383     21.000     7.0235     7.0089    -0.0146    0.80308    0.80294          1     7.7396     7.2653       9.96     0.0342  4.924e-11  1.000e-12  2.031e+00     6.9753     6.9769     0.0016     5.4080     5.4102     20.803     21.277      0.316    1444.18    1444.12  0.000e+00
       2425     21.500     6.9596     6.9459    -0.0137    0.80219    0.80210          1     7.7281     7.2566       9.96     0.0319  4.924e-11  1.000e-12  2.031e+00     6.9798     6.9818     0.0019     5.4158     5.4182     21.298     21.783      0.251    1443.92    1443.87  0.000e+00
       2471     22.000     6.8914     6.8815    -0.0099    0.80129    0.80132          1     7.7331     7.2537       9.96     0.0295  4.924e-11  1.000e-12  2.031e+00     6.9852     6.9875     0.0023     5.4245     5.4269     21.794     22.290      0.300    1443.65    1443.61  0.000e+00
       2510     22.500     6.8422     6.8106    -0.0317    0.80129    0.80110          1     7.6641     7.1969       9.96     0.0292  4.924e-11  1.000e-12  2.031e+00     6.9951     6.9997     0.0046     5.4354     5.4411     22.289     22.796      0.284    1443.47    1443.34  0.000e+00
       2558     23.000     6.7113     6.6907    -0.0207    0.79988    0.79979          1     7.6315     7.1740       9.96     0.0259  4.924e-11  1.000e-12  2.031e+00     7.0085     7.0119     0.0034     5.4543     5.4582     22.784     23.303      0.251    1442.94    1442.86  0.000e+00
       2601     23.500     6.6682     6.6578    -0.0103    0.79956    0.79953          1     7.6360     7.1769       9.96     0.0244  4.924e-11  1.000e-12  2.031e+00     7.0143     7.0161     0.0018     5.4615     5.4636     23.280     23.809      0.286    1442.77    1442.73  0.000e+00
       2646     24.000     6.6454     6.6363    -0.0093    0.79981    0.79987          1     7.6059     7.1581       9.96     0.0242  4.924e-11  1.000e-12  2.031e+00     7.0212     7.0236     0.0024     5.4684     5.4709     23.775     24.316      0.259    1442.69    1442.66  0.000e+00
       2690     24.500     6.5171     6.4565    -0.0605    0.79896    0.79858          1     7.5238     7.0843       9.96     0.0229  4.924e-11  1.000e-12  2.031e+00     7.0395     7.0484     0.0088     5.4906     5.5012     24.270     24.822      0.290    1442.18    1441.93  0.000e+00
       2731     25.000     6.4095     6.3792    -0.0304    0.79813    0.79798          1     7.4933     7.0580       9.96     0.0213  4.924e-11  1.000e-12  2.031e+00     7.0538     7.0586     0.0049     5.5082     5.5138     24.765     25.329      0.267    1441.75    1441.63  0.000e+00
       2780     25.500     6.2636     6.2367    -0.0268    0.79666    0.79657          1     7.4663     7.0288       8.83     0.0206  4.924e-11  1.000e-12  2.031e+00     7.0699     7.0746     0.0047     5.5293     5.5346     25.261     25.835      0.263    1441.16    1441.05  0.000e+00
       2820     26.000     6.0915     6.0291    -0.0625    0.79453    0.79399          1     7.4044     6.9816       9.95     0.0196  4.924e-11  1.000e-12  2.031e+00     7.0854     7.0932     0.0078     5.5510     5.5606     25.756     26.342      0.301    1440.45    1440.19  0.000e+00
       2864     26.500     5.8617     5.8111    -0.0507    0.79166    0.79127          1     7.3718     6.9522       9.96     0.0190  4.924e-11  1.000e-12  2.031e+00     7.1059     7.1128     0.0069     5.5793     5.5873     26.251     26.848      0.255    1439.49    1439.28  0.000e+00
       2911     27.000     5.7789     5.7640    -0.0149    0.79085    0.79084          1     7.3812     6.9448       9.96     0.0183  4.924e-11  1.000e-12  2.031e+00     7.1154     7.1184     0.0030     5.5910     5.5941     26.747     27.355      0.265    1439.16    1439.09  0.000e+00
       2955     27.500     5.7515     5.7281    -0.0234    0.79068    0.79053          1     7.3671     6.9326       9.96     0.0183  4.924e-11  1.000e-12  2.031e+00     7.1195     7.1230     0.0035     5.5956     5.5995     27.242     27.861      0.279    1439.05    1438.95  0.000e+00
       2997     28.000     5.6835     5.6630    -0.0205    0.78999    0.78988          1     7.3790     6.9258       9.96     0.0182  4.924e-11  1.000e-12  2.031e+00     7.1270     7.1304     0.0033     5.6049     5.6085     27.737     28.368      0.283    1438.77    1438.69  0.000e+00
