ctdpy/exports/archive_20191121_122431/received_data/SBE09_0827_20180822_1138_26_01_0846.cnv
* Sea-Bird SBE 9 Data File:
* FileName = D:\CTD_SBE911\DAT\26DA.2018.8.46.hex
* Software Version Seasave V 7.21d
* Temperature SN = 034605
* Conductivity SN = 041844
* Number of Bytes Per Scan = 48
* Number of Voltage Words = 5
* Number of Scans Averaged by the Deck Unit = 1
* NMEA Latitude = 57 25.37 N
* NMEA Longitude = 008 32.44 E
* NMEA UTC (Time) = Aug 22 2018  11:41:06
* NMEA baud rate = 4800
** Ship: DANA
** Average sound velocity: 1501.94 m/s
** True-depth calculation Thu, 28 Mar 2019 09:25:03 +0000
** CTD Python Module SMHI /ver 3-12/ feb 2012 
** LIMS Job: 20182601-0846
**  16 N Hanstholm
** Operator: Christian
** Cruise: 08/2018
# nquan = 26
# nvalues = 80                          
# units = specified
# name 0 = scan: Scan Count
# name 1 = prDM: Pressure, Digiquartz [db]
# name 2 = t090C: Temperature [ITS-90, deg C]
# name 3 = t190C: Temperature, 2 [ITS-90, deg C]
# name 4 = T2-T190C: Temperature Difference, 2 - 1 [ITS-90, deg C]
# name 5 = c0S/m: Conductivity [S/m]
# name 6 = c1S/m: Conductivity, 2 [S/m]
# name 7 = pumps: Pump Status
# name 8 = sbeox1ML/L: Oxygen, SBE 43, 2 [ml/l]
# name 9 = sbeox0ML/L: Oxygen, SBE 43 [ml/l]
# name 10 = altM: Altimeter [m]
# name 11 = chloroflTC0: Chlorophyll, Turner Cyclops [ug/l]
# name 12 = cpar: CPAR/Corrected Irradiance [%]
# name 13 = par: PAR/Irradiance, Biospherical/Lico [µE/(cm^2*s)]
# name 14 = spar: SPAR, Biospherical/Licor
# name 15 = sal00: Salinity, Practical [PSU]
# name 16 = sal11: Salinity, Practical, 2 [PSU]
# name 17 = secS-priS: Salinity, Practical, Difference, 2 - 1 [PSU]
# name 18 = sigma-t00: Density [sigma-t, kg/m^3 ]
# name 19 = sigma-t11: Density, 2 [sigma-t, kg/m^3 ]
# name 20 = depSM: Depth [salt water, m], lat = 57.4228
# name 21 = depFM: Depth [true depth, m], lat = 57.4228
# name 22 = dz/dtM: Descent Rate [m/s], WS = 2
# name 23 = svCM: Sound Velocity [Chen-Millero, m/s]
# name 24 = svCM1: Sound Velocity, 2 [Chen-Millero, m/s]
# name 25 = flag: flag
# span 0 =        -74,       4180       
# span 1 =      2.000,     41.500       
# span 2 =    11.4558,    17.3314       
# span 3 =    11.4545,    17.3313       
# span 4 =    -0.0060,     0.7093       
# span 5 =   3.827833,   4.314710       
# span 6 =   3.828188,   4.315055       
# span 7 =          1,          1       
# span 8 =     4.8842,     5.9534       
# span 9 =     4.8216,     5.6681       
# span 10 =       2.23,       9.98      
# span 11 =     0.0547,     0.3336      
# span 12 = 2.4734e-02, 9.9782e+00      
# span 13 = 4.1383e-01, 1.6500e+02      
# span 14 = 1.4873e+03, 2.1995e+03      
# span 15 =    33.2014,    33.7998      
# span 16 =    33.2044,    33.8042      
# span 17 =    -0.0165,     0.1417      
# span 18 =    24.0559,    25.7583      
# span 19 =    24.0583,    25.7620      
# span 20 =      1.982,     41.113      
# span 21 =      1.989,     41.240      
# span 22 =     -0.213,      0.429      
# span 23 =    1494.18,    1511.87      
# span 24 =    1494.19,    1511.88      
# span 25 = 0.0000e+00, 0.0000e+00      
# interval = decibars: 0.5              
# start_time = Aug 22 2018 11:41:06 [NMEA time, first data scan]
# bad_flag = -9.990e-29
*END*
[from data line 56]
       2800     30.000    11.6912    11.7269     0.0356    3.84107    3.84596          1     4.9352     4.8411       9.98     0.1268  1.963e-01  3.495e+00  1.778e+03    33.7197    33.7351     0.0154    25.6526    25.6579     29.721     29.821      0.209    1494.73    1494.87  0.000e+00
       2847     30.500    11.6448    11.6825     0.0376    3.83755    3.84269          1     4.9355     4.8310       9.98     0.1382  1.658e-01  2.866e+00  1.730e+03    33.7272    33.7433     0.0161    25.6670    25.6725     30.217     30.317      0.359    1494.59    1494.74  0.000e+00
       2877     31.000    11.6099    11.6431     0.0333    3.83488    3.83980          1     4.9383     4.8319       9.98     0.1237  1.318e-01  2.534e+00  1.927e+03    33.7326    33.7507     0.0180    25.6777    25.6856     30.712     30.814      0.383    1494.48    1494.62  0.000e+00
       2920     31.500    11.5606    11.5866     0.0261    3.83138    3.83543          1     4.9193     4.8283       9.98     0.1345  1.263e-01  2.235e+00  1.776e+03    33.7430    33.7591     0.0161    25.6949    25.7026     31.207     31.310      0.223    1494.33    1494.44  0.000e+00
       2977     32.000    11.5327    11.5424     0.0098    3.82960    3.83203          1     4.9151     4.8291       9.98     0.1468  1.287e-01  2.013e+00  1.564e+03    33.7508    33.7658     0.0150    25.7061    25.7159     31.703     31.807      0.297    1494.25    1494.30  0.000e+00
       3014     32.500    11.5213    11.5303     0.0090    3.82899    3.83118          1     4.8966     4.8216       9.98     0.1538  1.171e-01  1.820e+00  1.554e+03    33.7550    33.7683     0.0133    25.7114    25.7201     32.198     32.303      0.257    1494.23    1494.27  0.000e+00
       3080     33.000    11.5229    11.5218    -0.0012    3.82944    3.83044          1     4.9009     4.8509       9.98     0.1404  1.097e-01  1.665e+00  1.518e+03    33.7576    33.7686     0.0110    25.7132    25.7219     32.693     32.800      0.277    1494.24    1494.25  0.000e+00
       3115     33.500    11.5255    11.5248    -0.0008    3.82995    3.83084          1     4.8842     4.8473       9.93     0.1753  1.009e-01  1.520e+00  1.506e+03    33.7601    33.7695     0.0094    25.7146    25.7221     33.188     33.296      0.321    1494.26    1494.27  0.000e+00
       3160     34.000    11.5265    11.5264    -0.0000    3.83021    3.83115          1     4.9188     4.8500       9.56     0.1515  9.272e-02  1.387e+00  1.496e+03    33.7616    33.7709     0.0093    25.7156    25.7228     33.684     33.793      0.242    1494.28    1494.29  0.000e+00
       3205     34.500    11.5252    11.5262     0.0009    3.83018    3.83114          1     4.9255     4.8535       9.12     0.1504  8.635e-02  1.287e+00  1.490e+03    33.7621    33.7708     0.0087    25.7163    25.7228     34.179     34.289      0.310    1494.28    1494.29  0.000e+00
       3243     35.000    11.5227    11.5249     0.0022    3.83012    3.83112          1     4.9225     4.8569       8.66     0.1386  7.918e-02  1.178e+00  1.487e+03    33.7637    33.7715     0.0079    25.7179    25.7236     34.674     34.786      0.288    1494.28    1494.30  0.000e+00
       3295     35.500    11.5218    11.5218     0.0000    3.83033    3.83106          1     4.9235     4.8812       8.18     0.1246  7.356e-02  1.097e+00  1.491e+03    33.7664    33.7736     0.0072    25.7202    25.7258     35.170     35.282      0.216    1494.29    1494.30  0.000e+00
       3342     36.000    11.5244    11.5227    -0.0017    3.83119    3.83126          1     4.9449     4.9141       7.68     0.1315  6.770e-02  1.018e+00  1.503e+03    33.7722    33.7744     0.0022    25.7243    25.7263     35.665     35.779      0.321    1494.31    1494.31  0.000e+00
       3380     36.500    11.5237    11.5228    -0.0010    3.83129    3.83172          1     4.9746     4.9116       7.12     0.1195  6.264e-02  9.514e-01  1.519e+03    33.7736    33.7787     0.0052    25.7254    25.7296     36.160     36.275      0.262    1494.32    1494.32  0.000e+00
       3442     37.000    11.5237    11.5241     0.0003    3.83139    3.83208          1     4.9935     4.9204       6.44     0.0998  5.710e-02  9.160e-01  1.607e+03    33.7744    33.7808     0.0064    25.7261    25.7310     36.656     36.772      0.240    1494.33    1494.34  0.000e+00
       3483     37.500    11.4980    11.5158     0.0178    3.82992    3.83178          1     4.9914     4.9260       5.81     0.1402  5.060e-02  8.820e-01  1.743e+03    33.7832    33.7852     0.0020    25.7376    25.7359     37.151     37.268      0.352    1494.26    1494.32  0.000e+00
       3520     38.000    11.4832    11.4921     0.0089    3.82913    3.83045          1     4.9891     4.9292       5.12     0.0959  4.893e-02  8.085e-01  1.652e+03    33.7887    33.7936     0.0049    25.7446    25.7468     37.646     37.765      0.265    1494.22    1494.26  0.000e+00
       3575     38.500    11.4770    11.4766    -0.0004    3.82884    3.82952          1     5.0029     4.9193       4.38     0.0778  4.762e-02  7.419e-01  1.558e+03    33.7914    33.7984     0.0070    25.7478    25.7534     38.141     38.261      0.232    1494.21    1494.22  0.000e+00
       3617     39.000    11.4702    11.4713     0.0012    3.82845    3.82920          1     5.0007     4.9214       3.78     0.0775  4.627e-02  7.250e-01  1.567e+03    33.7936    33.7999     0.0063    25.7508    25.7555     38.637     38.758      0.324    1494.20    1494.21  0.000e+00
       3656     39.500    11.4644    11.4664     0.0020    3.82813    3.82890          1     4.9935     4.9307       3.24     0.0749  4.453e-02  7.122e-01  1.600e+03    33.7955    33.8012     0.0057    25.7534    25.7575     39.132     39.254      0.270    1494.19    1494.21  0.000e+00
       3711     40.000    11.4586    11.4595     0.0010    3.82787    3.82849          1     5.0033     4.9208       2.93     0.0810  3.733e-02  6.865e-01  1.857e+03    33.7981    33.8033     0.0052    25.7564    25.7603     39.627     39.751      0.201    1494.18    1494.19  0.000e+00
       3766     40.500    11.4571    11.4563    -0.0008    3.82783    3.82830          1     4.9976     4.9243       2.62     0.0819  2.891e-02  5.417e-01  1.871e+03    33.7988    33.8041     0.0053    25.7573    25.7615     40.123     40.247      0.255    1494.19    1494.19  0.000e+00
       3808     41.000    11.4579    11.4569    -0.0010    3.82788    3.82834          1     4.9976     4.9326       2.25     0.0717  2.769e-02  4.507e-01  1.627e+03    33.7983    33.8037     0.0054    25.7567    25.7611     40.618     40.744      0.296    1494.20    1494.20  0.000e+00
       4180     41.500    11.4558    11.4545    -0.0013    3.82786    3.82819          1     5.0046     4.9392       2.23     0.0685  2.473e-02  4.138e-01  1.674e+03    33.7998    33.8042     0.0044    25.7583    25.7620     41.113     41.240     -0.213    1494.20    1494.20  0.000e+00
