ctdpy/exports/archive_20191121_122431/received_data/SBE09_0827_20180830_1723_26_01_0950.cnv
* Sea-Bird SBE 9 Data File:
* FileName = D:\CTD_SBE911\DAT\26DA.2018.8.150.hex
* Software Version Seasave V 7.21d
* Temperature SN = 034605
* Conductivity SN = 041844
* Number of Bytes Per Scan = 48
* Number of Voltage Words = 5
* Number of Scans Averaged by the Deck Unit = 1
* NMEA Latitude = 57 51.76 N
* NMEA Longitude = 011 17.70 E
* NMEA UTC (Time) = Aug 30 2018  17:25:42
* NMEA baud rate = 4800
** Ship: DANA
** Average sound velocity: 1505.36 m/s
** True-depth calculation Wed, 24 Apr 2019 11:53:03 +0000
** CTD Python Module SMHI /ver 3-12/ feb 2012 
** LIMS Job: 20182601-0950
**  P2
** Operator: Christian
** Cruise: 08/2018
# nquan = 26
# nvalues = 181                         
# units = specified
# name 0 = scan: Scan Count
# name 1 = prDM: Pressure, Digiquartz [db]
# name 2 = t090C: Temperature [ITS-90, deg C]
# name 3 = t190C: Temperature, 2 [ITS-90, deg C]
# name 4 = T2-T190C: Temperature Difference, 2 - 1 [ITS-90, deg C]
# name 5 = c0S/m: Conductivity [S/m]
# name 6 = c1S/m: Conductivity, 2 [S/m]
# name 7 = pumps: Pump Status
# name 8 = sbeox1ML/L: Oxygen, SBE 43, 2 [ml/l]
# name 9 = sbeox0ML/L: Oxygen, SBE 43 [ml/l]
# name 10 = altM: Altimeter [m]
# name 11 = chloroflTC0: Chlorophyll, Turner Cyclops [ug/l]
# name 12 = cpar: CPAR/Corrected Irradiance [%]
# name 13 = par: PAR/Irradiance, Biospherical/Lico [µE/(cm^2*s)]
# name 14 = spar: SPAR, Biospherical/Licor
# name 15 = sal00: Salinity, Practical [PSU]
# name 16 = sal11: Salinity, Practical, 2 [PSU]
# name 17 = secS-priS: Salinity, Practical, Difference, 2 - 1 [PSU]
# name 18 = sigma-t00: Density [sigma-t, kg/m^3 ]
# name 19 = sigma-t11: Density, 2 [sigma-t, kg/m^3 ]
# name 20 = depSM: Depth [salt water, m], lat = 57.8627
# name 21 = depFM: Depth [true depth, m], lat = 57.8627
# name 22 = dz/dtM: Descent Rate [m/s], WS = 2
# name 23 = svCM: Sound Velocity [Chen-Millero, m/s]
# name 24 = svCM1: Sound Velocity, 2 [Chen-Millero, m/s]
# name 25 = flag: flag
# span 0 =        217,      12412       
# span 1 =      1.500,     91.500       
# span 2 =     9.2537,    17.3937       
# span 3 =     9.2336,    17.3902       
# span 4 =    -0.2796,     1.5179       
# span 5 =   3.690481,   4.273984       
# span 6 =   3.711439,   4.273849       
# span 7 =          1,          1       
# span 8 =     4.6060,     5.8004       
# span 9 =     4.4186,     5.5334       
# span 10 =      -1.78,       9.98      
# span 11 =     0.0392,     0.4237      
# span 12 = -1.346e-06, 6.8427e+00      
# span 13 = -3.291e-06, 1.7093e+01      
# span 14 = 1.4762e+02, 2.4983e+02      
# span 15 =    32.5677,    34.6877      
# span 16 =    32.5734,    34.6941      
# span 17 =    -0.4963,     0.2074      
# span 18 =    23.5556,    26.8326      
# span 19 =    23.5608,    26.8409      
# span 20 =      1.486,     90.633      
# span 21 =      1.493,     90.954      
# span 22 =     -0.475,      0.316      
# span 23 =    1488.26,    1511.34      
# span 24 =    1488.18,    1511.36      
# span 25 = 0.0000e+00, 0.0000e+00      
# interval = decibars: 0.5              
# start_time = Aug 30 2018 17:25:43 [NMEA time, first data scan]
# bad_flag = -9.990e-29
*END*
[from data line 168]
       8145     85.500     9.4644     9.4859     0.0215    3.71994    3.72181          1     4.7758     4.7887       6.75     0.0419  5.352e-13  1.000e-12  1.868e+02    34.5617    34.5603    -0.0015    26.6995    26.6948     84.691     85.002      0.254    1488.77    1488.84  0.000e+00
       8188     86.000     9.4598     9.4801     0.0203    3.71995    3.72154          1     4.7935     4.7877       6.26     0.0420  5.352e-13  1.000e-12  1.868e+02    34.5660    34.5628    -0.0032    26.7036    26.6978     85.186     85.498      0.262    1488.76    1488.83  0.000e+00
       8241     86.500     9.4564     9.4769     0.0206    3.72011    3.72183          1     4.7949     4.7897       5.76     0.0410  5.352e-13  1.000e-12  1.868e+02    34.5708    34.5687    -0.0021    26.7079    26.7029     85.681     85.994      0.223    1488.77    1488.84  0.000e+00
       8287     87.000     9.4538     9.4701     0.0162    3.72034    3.72160          1     4.8011     4.8043       5.28     0.0421  5.352e-13  1.000e-12  1.868e+02    34.5753    34.5727    -0.0027    26.7119    26.7071     86.177     86.490      0.288    1488.77    1488.83  0.000e+00
       8331     87.500     9.4532     9.4678     0.0146    3.72061    3.72171          1     4.7999     4.7995       4.78     0.0419  5.388e-13  1.000e-12  1.856e+02    34.5784    34.5757    -0.0027    26.7144    26.7099     86.672     86.986      0.257    1488.78    1488.83  0.000e+00
       8378     88.000     9.4482     9.4658     0.0177    3.72069    3.72192          1     4.8009     4.8051       4.29     0.0428  5.410e-13  1.000e-12  1.849e+02    34.5839    34.5796    -0.0043    26.7195    26.7132     87.167     87.482      0.261    1488.78    1488.84  0.000e+00
       8422     88.500     9.4191     9.4590     0.0399    3.71957    3.72175          1     4.8195     4.8134       3.79     0.0416  5.411e-13  1.000e-12  1.848e+02    34.6002    34.5843    -0.0159    26.7371    26.7181     87.662     87.978      0.282    1488.70    1488.82  0.000e+00
       8466     89.000     9.4004     9.4533     0.0529    3.71889    3.72175          1     4.8172     4.7869       3.28     0.0436  5.411e-13  1.000e-12  1.848e+02    34.6110    34.5894    -0.0215    26.7485    26.7230     88.157     88.474      0.247    1488.65    1488.82  0.000e+00
       8523     89.500     9.3932     9.4442     0.0510    3.71868    3.72152          1     4.8176     4.7896       2.79     0.0420  5.428e-13  1.000e-12  1.842e+02    34.6156    34.5956    -0.0199    26.7533    26.7293     88.652     88.970      0.202    1488.64    1488.80  0.000e+00
       8576     90.000     9.3624     9.4243     0.0619    3.71746    3.72091          1     4.8069     4.7922       2.72     0.0420  5.473e-13  1.000e-12  1.827e+02    34.6326    34.6084    -0.0242    26.7717    26.7426     89.148     89.466      0.267    1488.56    1488.75  0.000e+00
       8617     90.500     9.3436     9.4095     0.0659    3.71671    3.72042          1     4.8203     4.7940       3.15     0.0444  5.471e-13  1.000e-12  1.828e+02    34.6427    34.6174    -0.0253    26.7827    26.7521     89.643     89.962      0.281    1488.51    1488.72  0.000e+00
       8663     91.000     9.3377     9.3918     0.0541    3.71645    3.71989          1     4.8038     4.7818       4.07     0.0432  5.471e-13  1.000e-12  1.828e+02    34.6455    34.6288    -0.0167    26.7858    26.7639     90.138     90.458      0.225    1488.50    1488.68  0.000e+00
      12412     91.500     9.2537     9.2336    -0.0201    3.71268    3.71144          1     4.6341     4.6376      -1.78     0.0445  6.655e-13  1.000e-12  1.476e+02    34.6877    34.6941     0.0065    26.8326    26.8409     90.633     90.954     -0.475    1488.26    1488.18  0.000e+00
