ctdpy/exports/archive_20191121_122431/received_data/SBE09_1044_20180203_0252_34_02_0049.cnv
* Sea-Bird SBE 9 Data File:
* FileName = C:\ctd\temp\2018\ME18D049.hex
* Software Version Seasave V 7.26.6.26
* Temperature SN = 5351
* Conductivity SN = 3941
* Number of Bytes Per Scan = 41
* Number of Voltage Words = 4
* Number of Scans Averaged by the Deck Unit = 1
* NMEA Latitude = 56 57.39 N
* NMEA Longitude = 011 44.84 E
* NMEA UTC (Time) = Feb 03 2018  02:53:01
* NMEA baud rate = 4800
** Station:  L:a Middelgrund
** Operator:  SSip
** Ship: MERI
** Average sound velocity: 1471.22 m/s
** True-depth calculation Sat, 03 Feb 2018 03:51:45 +0000
** CTD Python Module SMHI /ver 3-12/ feb 2012 
** LIMS Job: 20183402-0049
** Cruise: SMHI-01-2018
** Latitude [GG MM.mm N] :
** Longitude [GG MM.mm E]:
# nquan = 26
# nvalues = 193                         
# units = specified
# name 0 = scan: Scan Count
# name 1 = prDM: Pressure, Digiquartz [db]
# name 2 = t090C: Temperature [ITS-90, deg C]
# name 3 = t190C: Temperature, 2 [ITS-90, deg C]
# name 4 = T2-T190C: Temperature Difference, 2 - 1 [ITS-90, deg C]
# name 5 = c0S/m: Conductivity [S/m]
# name 6 = c1S/m: Conductivity, 2 [S/m]
# name 7 = pumps: Pump Status
# name 8 = sbeox0ML/L: Oxygen, SBE 43 [ml/l]
# name 9 = sbeox1ML/L: Oxygen, SBE 43, 2 [ml/l]
# name 10 = altM: Altimeter [m]
# name 11 = flECO-AFL: Chl-a Fluorescence, WET Labs ECO-AFL/FL [mg/m^3]
# name 12 = flECO-AFL1: Phycocyanin Fluorescence, WET Labs ECO-AFL/FL, 2 [mg/m^3]
# name 13 = par: PAR/Irradiance, Biospherical/Lico [µE/(cm^2*s)]
# name 14 = turbWETntu0: Turbidity, WET Labs ECO [NTU]
# name 15 = sal00: Salinity, Practical [PSU]
# name 16 = sal11: Salinity, Practical, 2 [PSU]
# name 17 = secS-priS: Salinity, Practical, Difference, 2 - 1 [PSU]
# name 18 = sigma-t00: Density [sigma-t, Kg/m^3 ]
# name 19 = sigma-t11: Density, 2 [sigma-t, Kg/m^3 ]
# name 20 = depSM: Depth [salt water, m], lat = 56.9565
# name 21 = depFM: Depth [true depth, m], lat = 56.9565
# name 22 = dz/dtM: Descent Rate [m/s], WS = 2
# name 23 = svCM: Sound Velocity [Chen-Millero, m/s]
# name 24 = svCM1: Sound Velocity, 2 [Chen-Millero, m/s]
# name 25 = flag: flag
# span 0 =       7377,      11713       
# span 1 =      2.000,     98.000       
# span 2 =     3.4309,     6.8703       
# span 3 =     3.4296,     6.8708       
# span 4 =    -0.0312,     0.0446       
# span 5 =   1.853123,   3.385538       
# span 6 =   1.852592,   3.385729       
# span 7 =          1,          1       
# span 8 =    6.07338,    7.81551       
# span 9 =    6.05811,    7.80812       
# span 10 =       4.43,      98.64      
# span 11 =     0.1747,     1.1125      
# span 12 =     0.2486,     0.4817      
# span 13 = -8.333e-06, 4.1590e-02      
# span 14 =     0.3306,     2.6907      
# span 15 =    19.1877,    33.5074      
# span 16 =    19.1821,    33.5090      
# span 17 =    -0.1359,     0.1974      
# span 18 =    15.2645,    26.2606      
# span 19 =    15.2602,    26.2617      
# span 20 =      1.982,     97.077      
# span 21 =      2.006,     97.446      
# span 22 =     -0.092,      0.801      
# span 23 =    1443.90,    1477.89      
# span 24 =    1443.90,    1477.89      
# span 25 = 0.0000e+00, 0.0000e+00      
# interval = decibars: 0.5              
# start_time = Feb 03 2018 02:53:01 [NMEA time, first data scan]
# bad_flag = -9.990e-29
*END*
[from data line 56]
       8649     30.000     6.2086     6.2060    -0.0025    3.25383    3.25360          1     6.3022     6.2950      72.84     0.2358     0.3145  1.000e-12  1.0419000    32.7240    32.7240    -0.0001    25.7287    25.7289     29.722     29.950      0.699    1473.19    1473.18  0.000e+00
       8668     30.500     6.2236     6.2227    -0.0009    3.25850    3.25847          1     6.2967     6.2851      72.15     0.2120     0.3164  1.000e-12  1.0749000    32.7614    32.7619     0.0006    25.7563    25.7568     30.218     30.446      0.581    1473.31    1473.30  0.000e+00
       8693     31.000     6.2332     6.2320    -0.0011    3.26177    3.26153          1     6.2959     6.2768      71.55     0.2153     0.2938  1.000e-12  1.0642000    32.7883    32.7868    -0.0015    25.7763    25.7753     30.713     30.943      0.416    1473.39    1473.38  0.000e+00
       8724     31.500     6.2436     6.2434    -0.0002    3.26426    3.26437          1     6.3101     6.2771      71.15     0.2240     0.3529  1.000e-12  1.0653000    32.8058    32.8072     0.0014    25.7888    25.7899     31.208     31.439      0.438    1473.46    1473.46  0.000e+00
       8748     32.000     6.2539     6.2525    -0.0014    3.26615    3.26607          1     6.3056     6.2774      70.77     0.2130     0.3306  1.000e-12  1.0763000    32.8167    32.8171     0.0004    25.7961    25.7966     31.704     31.936      0.614    1473.52    1473.52  0.000e+00
       8765     32.500     6.2606     6.2605    -0.0001    3.26745    3.26761          1     6.2924     6.2778      70.30     0.2113     0.3011  1.000e-12  1.0711000    32.8245    32.8263     0.0019    25.8014    25.8029     32.199     32.432      0.720    1473.56    1473.57  0.000e+00
       8781     33.000     6.2612     6.2620     0.0007    3.26774    3.26813          1     6.2947     6.2835      69.84     0.2114     0.2702  1.000e-12  1.0641000    32.8268    32.8305     0.0037    25.8032    25.8060     32.694     32.929      0.719    1473.58    1473.58  0.000e+00
       8798     33.500     6.2620     6.2620     0.0001    3.26835    3.26850          1     6.2976     6.2847      69.27     0.2321     0.3120  1.000e-12  1.0893000    32.8326    32.8343     0.0017    25.8077    25.8090     33.190     33.425      0.615    1473.60    1473.60  0.000e+00
       8822     34.000     6.2835     6.2863     0.0029    3.27298    3.27355          1     6.2952     6.2696      68.65     0.2126     0.3335  1.000e-12  1.1190000    32.8632    32.8668     0.0036    25.8291    25.8315     33.685     33.922      0.471    1473.73    1473.74  0.000e+00
       8849     34.500     6.3172     6.3161    -0.0012    3.27954    3.27938          1     6.2828     6.2578      68.19     0.2082     0.3346  1.000e-12  1.0960000    32.9032    32.9026    -0.0006    25.8564    25.8561     34.180     34.418      0.454    1473.92    1473.92  0.000e+00
       8874     35.000     6.3304     6.3301    -0.0003    3.28233    3.28246          1     6.2688     6.2498      67.69     0.2205     0.3611  1.000e-12  1.0823000    32.9213    32.9230     0.0016    25.8690    25.8703     34.676     34.915      0.533    1474.00    1474.00  0.000e+00
       8895     35.500     6.3450     6.3443    -0.0007    3.28538    3.28540          1     6.2640     6.2519      67.17     0.2238     0.3704  1.000e-12  1.0922000    32.9409    32.9418     0.0009    25.8826    25.8834     35.171     35.411      0.597    1474.09    1474.09  0.000e+00
       8914     36.000     6.3538     6.3531    -0.0007    3.28722    3.28725          1     6.2539     6.2612      66.73     0.2192     0.3569  1.000e-12  1.0976000    32.9526    32.9536     0.0010    25.8907    25.8916     35.666     35.907      0.629    1474.15    1474.15  0.000e+00
       8933     36.500     6.3558     6.3552    -0.0006    3.28770    3.28774          1     6.2503     6.2616      66.20     0.2004     0.2822  1.000e-12  1.0905000    32.9557    32.9567     0.0010    25.8929    25.8938     36.162     36.404      0.622    1474.17    1474.17  0.000e+00
       8953     37.000     6.3626     6.3600    -0.0026    3.28922    3.28886          1     6.2542     6.2665      65.71     0.2206     0.3192  1.000e-12  1.1252000    32.9659    32.9643    -0.0015    25.9001    25.8992     36.657     36.900      0.579    1474.22    1474.21  0.000e+00
       8975     37.500     6.3813     6.3790    -0.0023    3.29328    3.29301          1     6.2463     6.2566      65.27     0.2082     0.3215  1.000e-12  1.1605000    32.9925    32.9917    -0.0008    25.9187    25.9184     37.152     37.397      0.512    1474.34    1474.33  0.000e+00
       9000     38.000     6.4047     6.4040    -0.0006    3.29911    3.29918          1     6.2390     6.2329      64.71     0.2081     0.3213  1.000e-12  1.1812000    33.0344    33.0358     0.0014    25.9488    25.9500     37.648     37.893      0.466    1474.49    1474.49  0.000e+00
       9026     38.500     6.4216     6.4205    -0.0011    3.30281    3.30276          1     6.2332     6.2187      64.03     0.2115     0.3238  1.000e-12  1.2827000    33.0588    33.0594     0.0006    25.9659    25.9665     38.143     38.389      0.497    1474.59    1474.59  0.000e+00
       9048     39.000     6.4518     6.4482    -0.0036    3.30948    3.30911          1     6.2221     6.2063      63.62     0.2114     0.3205  1.000e-12  1.3264000    33.1033    33.1026    -0.0006    25.9970    25.9970     38.638     38.886      0.590    1474.78    1474.76  0.000e+00
       9067     39.500     6.4682     6.4672    -0.0010    3.31286    3.31284          1     6.2102     6.1941      63.26     0.2114     0.3321  1.000e-12  1.3189000    33.1247    33.1254     0.0007    26.0118    26.0125     39.134     39.382      0.663    1474.88    1474.87  0.000e+00
       9084     40.000     6.4949     6.4907    -0.0042    3.31864    3.31789          1     6.1979     6.1842      62.81     0.2114     0.2734  1.000e-12  1.3144000    33.1625    33.1583    -0.0042    26.0382    26.0355     39.629     39.878      0.663    1475.04    1475.02  0.000e+00
       9103     40.500     6.5149     6.5125    -0.0024    3.32323    3.32288          1     6.1925     6.1848      62.18     0.2114     0.3024  1.000e-12  1.3542000    33.1938    33.1922    -0.0016    26.0603    26.0594     40.124     40.375      0.571    1475.17    1475.15  0.000e+00
       9128     41.000     6.5264     6.5253    -0.0012    3.32584    3.32578          1     6.1887     6.1880      61.61     0.2114     0.3401  1.000e-12  1.3802000    33.2112    33.2117     0.0005    26.0725    26.0730     40.620     40.871      0.430    1475.24    1475.24  0.000e+00
       9159     41.500     6.5363     6.5354    -0.0009    3.32797    3.32791          1     6.1917     6.1868      61.06     0.2214     0.3129  1.000e-12  1.3381000    33.2250    33.2251     0.0001    26.0821    26.0823     41.115     41.367      0.436    1475.30    1475.30  0.000e+00
       9183     42.000     6.5371     6.5370    -0.0002    3.32815    3.32827          1     6.1987     6.1823      60.64     0.2237     0.3326  1.000e-12  1.3597000    33.2259    33.2273     0.0015    26.0827    26.0839     41.610     41.864      0.596    1475.32    1475.32  0.000e+00
       9201     42.500     6.5348     6.5357     0.0008    3.32802    3.32821          1     6.1996     6.1882      60.23     0.2175     0.3609  1.000e-12  1.3677000    33.2264    33.2277     0.0013    26.0834    26.0843     42.106     42.360      0.698    1475.32    1475.32  0.000e+00
       9217     43.000     6.5352     6.5355     0.0003    3.32811    3.32830          1     6.2039     6.1918      59.76     0.2114     0.3345  1.000e-12  1.3742000    33.2268    33.2287     0.0018    26.0837    26.0851     42.601     42.856      0.694    1475.33    1475.33  0.000e+00
       9235     43.500     6.5360     6.5354    -0.0006    3.32836    3.32844          1     6.2099     6.1837      83.41     0.2114     0.3215  1.000e-12  1.3479000    33.2286    33.2301     0.0015    26.0850    26.0862     43.096     43.353      0.585    1475.34    1475.34  0.000e+00
       9261     44.000     6.5379     6.5381     0.0002    3.32871    3.32889          1     6.2093     6.1831      59.49     0.2020     0.2824  1.000e-12  1.4512000    33.2304    33.2322     0.0018    26.0862    26.0875     43.591     43.849      0.416    1475.36    1475.36  0.000e+00
       9293     44.500     6.5404     6.5402    -0.0002    3.32920    3.32929          1     6.2008     6.1903      58.17     0.1803     0.2892  1.000e-12  1.3640000    33.2332    33.2343     0.0012    26.0880    26.0890     44.087     44.345      0.400    1475.38    1475.38  0.000e+00
       9319     45.000     6.5403     6.5405     0.0002    3.32924    3.32942          1     6.1989     6.1887      57.77     0.2124     0.3168  1.000e-12  1.5908000    33.2334    33.2351     0.0017    26.0882    26.0896     44.582     44.842      0.568    1475.39    1475.39  0.000e+00
       9337     45.500     6.5396     6.5391    -0.0005    3.32923    3.32931          1     6.2045     6.1842      57.32     0.2114     0.3323  1.000e-12  1.3600000    33.2337    33.2351     0.0014    26.0885    26.0897     45.077     45.338      0.690    1475.39    1475.39  0.000e+00
       9354     46.000     6.5392     6.5389    -0.0003    3.32930    3.32942          1     6.2055     6.1791      56.81     0.2060     0.3773  1.000e-12  1.3594000    33.2346    33.2362     0.0015    26.0894    26.0906     45.573     45.834      0.717    1475.40    1475.40  0.000e+00
       9371     46.500     6.5399     6.5394    -0.0005    3.32949    3.32964          1     6.2045     6.1802      56.39     0.1993     0.3424  1.000e-12  1.3551000    33.2359    33.2380     0.0021    26.0903    26.0920     46.068     46.331      0.636    1475.41    1475.42  0.000e+00
       9394     47.000     6.5407     6.5407     0.0000    3.32992    3.33011          1     6.1998     6.1864      55.69     0.2012     0.3329  1.000e-12  1.3352000    33.2396    33.2417     0.0021    26.0930    26.0947     46.563     46.827      0.445    1475.43    1475.43  0.000e+00
       9428     47.500     6.5432     6.5425    -0.0007    3.33053    3.33055          1     6.1884     6.1921      55.01     0.2064     0.3070  1.000e-12  1.3648000    33.2436    33.2445     0.0009    26.0959    26.0967     47.059     47.323      0.353    1475.45    1475.45  0.000e+00
       9457     48.000     6.5430     6.5419    -0.0012    3.33045    3.33042          1     6.1898     6.1876      54.76     0.1996     0.3282  1.000e-12  1.3964000    33.2426    33.2435     0.0009    26.0951    26.0960     47.554     47.820      0.537    1475.46    1475.46  0.000e+00
       9476     48.500     6.5428     6.5411    -0.0017    3.33043    3.33032          1     6.2002     6.1917      54.27     0.2021     0.2942  1.000e-12  1.3951000    33.2425    33.2429     0.0004    26.0951    26.0956     48.049     48.316      0.677    1475.47    1475.46  0.000e+00
       9493     49.000     6.5438     6.5440     0.0002    3.33058    3.33073          1     6.2059     6.1927      53.79     0.2115     0.2821  1.000e-12  1.4044000    33.2429    33.2444     0.0015    26.0953    26.0964     48.544     48.812      0.711    1475.48    1475.48  0.000e+00
       9510     49.500     6.5490     6.5506     0.0016    3.33127    3.33158          1     6.2093     6.1893      53.29     0.2031     0.2664  1.000e-12  1.3910000    33.2452    33.2471     0.0018    26.0964    26.0977     49.040     49.309      0.636    1475.51    1475.52  0.000e+00
       9532     50.000     6.5545     6.5543    -0.0002    3.33202    3.33215          1     6.2061     6.1860      52.76     0.2057     0.2675  1.000e-12  1.3683000    33.2480    33.2495     0.0015    26.0979    26.0991     49.535     49.805      0.482    1475.54    1475.54  0.000e+00
       9562     50.500     6.5553     6.5559     0.0007    3.33217    3.33242          1     6.1993     6.1757      52.17     0.2191     0.3111  1.000e-12  1.3326000    33.2486    33.2506     0.0021    26.0982    26.0998     50.030     50.301      0.384    1475.56    1475.56  0.000e+00
       9592     51.000     6.5661     6.5622    -0.0040    3.33381    3.33339          1     6.1867     6.1710      51.59     0.2132     0.3441  1.000e-12  1.3846000    33.2559    33.2551    -0.0008    26.1026    26.1025     50.526     50.798      0.473    1475.62    1475.60  0.000e+00
       9614     51.500     6.5699     6.5705     0.0007    3.33439    3.33466          1     6.1876     6.1789      51.21     0.2033     0.3117  1.000e-12  1.3866000    33.2584    33.2608     0.0024    26.1041    26.1059     51.021     51.294      0.618    1475.64    1475.65  0.000e+00
       9631     52.000     6.5753     6.5758     0.0005    3.33532    3.33557          1     6.1871     6.1841      50.81     0.2072     0.3137  1.000e-12  1.3870000    33.2631    33.2655     0.0024    26.1071    26.1089     51.516     51.790      0.701    1475.68    1475.68  0.000e+00
       9648     52.500     6.5871     6.5877     0.0006    3.33733    3.33755          1     6.1813     6.1800      50.40     0.2236     0.3137  1.000e-12  1.3987000    33.2738    33.2756     0.0018    26.1140    26.1153     52.011     52.286      0.686    1475.75    1475.75  0.000e+00
       9667     53.000     6.5987     6.5987     0.0000    3.33926    3.33945          1     6.1769     6.1736      49.74     0.2037     0.3004  1.000e-12  1.4137000    33.2835    33.2856     0.0021    26.1201    26.1218     52.507     52.783      0.574    1475.81    1475.81  0.000e+00
       9692     53.500     6.6016     6.6005    -0.0011    3.33982    3.33976          1     6.1683     6.1647      49.11     0.1821     0.3151  1.000e-12  1.4563000    33.2866    33.2871     0.0005    26.1222    26.1227     53.002     53.279      0.417    1475.84    1475.83  0.000e+00
       9724     54.000     6.6061     6.6044    -0.0017    3.34051    3.34038          1     6.1758     6.1657      48.53     0.2090     0.3019  1.000e-12  1.4038000    33.2896    33.2899     0.0003    26.1240    26.1244     53.497     53.775      0.423    1475.86    1475.86  0.000e+00
       9748     54.500     6.6368     6.6259    -0.0108    3.34582    3.34415          1     6.1690     6.1492      48.09     0.1991     0.3163  1.000e-12  1.5198000    33.3183    33.3103    -0.0079    26.1425    26.1377     53.993     54.272      0.554    1476.03    1475.98  0.000e+00
       9768     55.000     6.6388     6.6452     0.0064    3.34618    3.34743          1     6.1613     6.1457      67.11     0.2192     0.3174  1.000e-12  1.4749000    33.3200    33.3276     0.0076    26.1436    26.1488     54.488     54.768      0.631    1476.05    1476.08  0.000e+00
       9786     55.500     6.6310     6.6403     0.0092    3.34493    3.34663          1     6.1635     6.1490      62.87     0.2129     0.3067  1.000e-12  1.5287000    33.3135    33.3233     0.0098    26.1395    26.1461     54.983     55.264      0.649    1476.02    1476.07  0.000e+00
       9805     56.000     6.6397     6.6418     0.0021    3.34634    3.34694          1     6.1663     6.1506      46.58     0.1992     0.2987  1.000e-12  1.5896000    33.3203    33.3250     0.0047    26.1438    26.1472     55.478     55.761      0.611    1476.07    1476.08  0.000e+00
       9826     56.500     6.6503     6.6490    -0.0013    3.34823    3.34813          1     6.1623     6.1514      46.15     0.1876     0.2720  1.000e-12  1.4618000    33.3307    33.3309     0.0001    26.1506    26.1509     55.974     56.257      0.516    1476.13    1476.13  0.000e+00
       9853     57.000     6.6500     6.6501     0.0002    3.34822    3.34837          1     6.1699     6.1513      45.58     0.1883     0.3073  1.000e-12  1.5241000    33.3307    33.3323     0.0016    26.1506    26.1518     56.469     56.753      0.437    1476.14    1476.14  0.000e+00
