ctdpy/exports/archive_20191121_122431/received_data/SBE09_1044_20180529_0829_34_07_0042.cnv
* Sea-Bird SBE 9 Data File:
* FileName = C:\ctd\temp\2018\AU18D042.hex
* Software Version Seasave V 7.26.6.26
* Temperature SN = 5351
* Conductivity SN = 3941
* Number of Bytes Per Scan = 41
* Number of Voltage Words = 4
* Number of Scans Averaged by the Deck Unit = 1
* NMEA Latitude = 55 33.32 N
* NMEA Longitude = 018 24.04 E
* NMEA UTC (Time) = May 29 2018  08:29:17
* NMEA baud rate = 4800
** Station:  BCS III-10
** Operator:  JKro
** Ship: AURA
** Average sound velocity: 1438.89 m/s
** True-depth calculation Tue, 29 May 2018 09:39:50 +0000
** CTD Python Module SMHI /ver 3-12/ feb 2012 
** LIMS Job: 20183407-0042
** Cruise: SMHI-02-2018
** Latitude [GG MM.mm N] :
** Longitude [GG MM.mm E]:
# nquan = 26
# nvalues = 170                         
# units = specified
# name 0 = scan: Scan Count
# name 1 = prDM: Pressure, Digiquartz [db]
# name 2 = t090C: Temperature [ITS-90, deg C]
# name 3 = t190C: Temperature, 2 [ITS-90, deg C]
# name 4 = T2-T190C: Temperature Difference, 2 - 1 [ITS-90, deg C]
# name 5 = c0S/m: Conductivity [S/m]
# name 6 = c1S/m: Conductivity, 2 [S/m]
# name 7 = pumps: Pump Status
# name 8 = sbeox0ML/L: Oxygen, SBE 43 [ml/l]
# name 9 = sbeox1ML/L: Oxygen, SBE 43, 2 [ml/l]
# name 10 = altM: Altimeter [m]
# name 11 = flECO-AFL: Chl-a Fluorescence, WET Labs ECO-AFL/FL [mg/m^3]
# name 12 = flECO-AFL1: Phycocyanin Fluorescence, WET Labs ECO-AFL/FL, 2 [mg/m^3]
# name 13 = par: PAR/Irradiance, Biospherical/Lico [µE/(cm^2*s)]
# name 14 = turbWETntu0: Turbidity, WET Labs ECO [NTU]
# name 15 = sal00: Salinity, Practical [PSU]
# name 16 = sal11: Salinity, Practical, 2 [PSU]
# name 17 = secS-priS: Salinity, Practical, Difference, 2 - 1 [PSU]
# name 18 = sigma-t00: Density [sigma-t, Kg/m^3 ]
# name 19 = sigma-t11: Density, 2 [sigma-t, Kg/m^3 ]
# name 20 = depSM: Depth [salt water, m], lat = 55.5553
# name 21 = depFM: Depth [true depth, m], lat = 55.5553
# name 22 = dz/dtM: Descent Rate [m/s], WS = 2
# name 23 = svCM: Sound Velocity [Chen-Millero, m/s]
# name 24 = svCM1: Sound Velocity, 2 [Chen-Millero, m/s]
# name 25 = flag: flag
# span 0 =      15759,      20267       
# span 1 =      1.000,     85.500       
# span 2 =     3.0395,    13.9539       
# span 3 =     3.0412,    13.9167       
# span 4 =    -0.1183,     0.1107       
# span 5 =   0.770653,   1.140917       
# span 6 =   0.770554,   1.140708       
# span 7 =          1,          1       
# span 8 =    0.07640,    9.44935       
# span 9 =   -0.05556,    9.50952       
# span 10 =       1.52,      99.08      
# span 11 =     0.2237,     9.4605      
# span 12 =     0.1778,     0.9543      
# span 13 = 1.0000e-12, 3.9590e+03      
# span 14 =     0.1378,     0.6818      
# span 15 =     7.3783,    10.5509      
# span 16 =     7.3788,    10.5496      
# span 17 =    -0.0711,     0.0035      
# span 18 =     4.9824,     8.3010      
# span 19 =     4.9889,     8.3001      
# span 20 =      0.991,     84.708      
# span 21 =      1.013,     86.558      
# span 22 =     -0.031,      0.538      
# span 23 =    1428.20,    1471.10      
# span 24 =    1428.20,    1470.97      
# span 25 = 0.0000e+00, 0.0000e+00      
# interval = decibars: 0.5              
# start_time = May 29 2018 08:29:18 [NMEA time, first data scan]
# bad_flag = -9.990e-29
*END*
[from data line 56]
      17271     29.000     4.2672     4.2710     0.0038    0.78998    0.79002          1     8.3407     8.2261      60.92     0.3956     0.2494  9.270e-01  0.2392000     7.4368     7.4364    -0.0004     5.9048     5.9044     28.735     29.375      0.501    1432.96    1432.97  0.000e+00
      17295     29.500     4.2128     4.2157     0.0029    0.78874    0.78876          1     8.3244     8.2200      60.43     0.3834     0.2287  8.517e-01  0.2108000     7.4365     7.4361    -0.0004     5.9061     5.9057     29.231     29.881      0.487    1432.72    1432.73  0.000e+00
      17320     30.000     4.2006     4.2031     0.0026    0.78868    0.78868          1     8.3105     8.2069      59.94     0.3824     0.2037  7.917e-01  0.2509000     7.4386     7.4381    -0.0005     5.9081     5.9076     29.726     30.387      0.480    1432.67    1432.68  0.000e+00
      17345     30.500     4.1735     4.1755     0.0021    0.78814    0.78814          1     8.3045     8.2002      59.46     0.3819     0.2211  7.211e-01  0.2149000     7.4392     7.4387    -0.0005     5.9094     5.9089     30.221     30.893      0.488    1432.56    1432.57  0.000e+00
      17369     31.000     4.1504     4.1526     0.0022    0.78771    0.78772          1     8.3017     8.1951      58.99     0.3819     0.2218  6.648e-01  0.2017000     7.4401     7.4396    -0.0005     5.9107     5.9102     30.717     31.400      0.508    1432.47    1432.48  0.000e+00
      17392     31.500     4.1408     4.1428     0.0020    0.78765    0.78764          1     8.2942     8.1947      58.60     0.3819     0.2252  6.101e-01  0.2019000     7.4415     7.4410    -0.0005     5.9121     5.9116     31.212     31.906      0.515    1432.43    1432.44  0.000e+00
      17416     32.000     4.1373     4.1389     0.0016    0.78779    0.78777          1     8.2951     8.2020      60.61     0.3614     0.2433  5.627e-01  0.2041000     7.4437     7.4431    -0.0006     5.9139     5.9134     31.708     32.412      0.500    1432.43    1432.43  0.000e+00
      17440     32.500     4.1563     4.1575     0.0013    0.78853    0.78850          1     8.3095     8.2134      75.11     0.3519     0.2396  5.108e-01  0.2044000     7.4468     7.4462    -0.0007     5.9159     5.9153     32.203     32.918      0.476    1432.53    1432.53  0.000e+00
      17466     33.000     4.1860     4.1887     0.0027    0.78947    0.78946          1     8.3521     8.2634      56.67     0.3519     0.2075  4.758e-01  0.1874000     7.4495     7.4488    -0.0006     5.9172     5.9166     32.698     33.425      0.488    1432.67    1432.68  0.000e+00
      17489     33.500     4.2419     4.2410    -0.0009    0.79123    0.79112          1     8.4131     8.3270      56.39     0.3457     0.2702  4.319e-01  0.1801000     7.4546     7.4536    -0.0009     5.9196     5.9189     33.194     33.931      0.527    1432.94    1432.93  0.000e+00
      17512     34.000     4.2852     4.2867     0.0015    0.79262    0.79257          1     8.4378     8.3515      55.97     0.3385     0.2646  3.892e-01  0.1810000     7.4587     7.4579    -0.0008     5.9217     5.9210     33.689     34.437      0.538    1433.14    1433.15  0.000e+00
      17534     34.500     4.2757     4.2789     0.0032    0.79258    0.79261          1     8.4727     8.3822      55.58     0.3113     0.2501  3.504e-01  0.1731000     7.4605     7.4600    -0.0005     5.9234     5.9229     34.185     34.944      0.503    1433.11    1433.12  0.000e+00
      17560     35.000     4.2531     4.2540     0.0008    0.79212    0.79207          1     8.5068     8.4121      54.84     0.2776     0.2302  3.234e-01  0.1799000     7.4609     7.4602    -0.0007     5.9243     5.9238     34.680     35.450      0.467    1433.02    1433.02  0.000e+00
      17585     35.500     4.2800     4.2779    -0.0020    0.79304    0.79290          1     8.5346     8.4312      54.29     0.2996     0.2524  2.952e-01  0.1604000     7.4640     7.4630    -0.0010     5.9261     5.9253     35.175     35.956      0.485    1433.15    1433.14  0.000e+00
      17609     36.000     4.3076     4.3099     0.0022    0.79400    0.79399          1     8.5368     8.4294      67.89     0.3064     0.2410  2.714e-01  0.1723000     7.4673     7.4667    -0.0007     5.9279     5.9273     35.671     36.462      0.523    1433.29    1433.29  0.000e+00
      17631     36.500     4.3234     4.3251     0.0017    0.79459    0.79456          1     8.5097     8.4009      93.46     0.2848     0.1974  2.474e-01  0.1602000     7.4696     7.4689    -0.0007     5.9293     5.9286     36.166     36.969      0.531    1433.37    1433.37  0.000e+00
      17654     37.000     4.2952     4.2999     0.0048    0.79388    0.79396          1     8.4815     8.3783      52.87     0.3073     0.1816  2.248e-01  0.1443000     7.4688     7.4686    -0.0003     5.9295     5.9291     36.661     37.475      0.512    1433.25    1433.27  0.000e+00
      17678     37.500     4.2510     4.2548     0.0037    0.79274    0.79278          1     8.4447     8.3612      52.10     0.2874     0.1979  2.025e-01  0.1489000     7.4672     7.4668    -0.0005     5.9294     5.9290     37.157     37.981      0.490    1433.05    1433.07  0.000e+00
      17703     38.000     4.2380     4.2404     0.0024    0.79245    0.79245          1     8.4381     8.3477      51.64     0.2950     0.2349  1.754e-01  0.1654000     7.4673     7.4667    -0.0006     5.9298     5.9293     37.652     38.487      0.484    1433.00    1433.01  0.000e+00
      17728     38.500     4.2212     4.2238     0.0026    0.79205    0.79205          1     8.4434     8.3424      51.10     0.3071     0.2211  1.573e-01  0.1578000     7.4669     7.4664    -0.0006     5.9300     5.9295     38.148     38.994      0.491    1432.94    1432.95  0.000e+00
      17752     39.000     4.2087     4.2108     0.0021    0.79177    0.79176          1     8.4301     8.3384      50.61     0.3091     0.1928  1.402e-01  0.1503000     7.4668     7.4662    -0.0006     5.9303     5.9298     38.643     39.500      0.502    1432.89    1432.90  0.000e+00
      17776     39.500     4.1879     4.1914     0.0035    0.79129    0.79132          1     8.4233     8.3413      50.08     0.3173     0.2304  1.262e-01  0.1579000     7.4667     7.4661    -0.0006     5.9308     5.9302     39.138     40.006      0.511    1432.80    1432.82  0.000e+00
      17799     40.000     4.1511     4.1534     0.0023    0.79039    0.79038          1     8.4099     8.3375      71.59     0.3057     0.2243  1.116e-01  0.1640000     7.4658     7.4652    -0.0005     5.9311     5.9306     39.634     40.513      0.500    1432.65    1432.65  0.000e+00
      17824     40.500     4.1325     4.1355     0.0030    0.78995    0.78997          1     8.4019     8.3204      52.62     0.2970     0.2218  1.012e-01  0.1567000     7.4656     7.4650    -0.0005     5.9314     5.9309     40.129     41.019      0.478    1432.57    1432.58  0.000e+00
      17849     41.000     4.1110     4.1138     0.0028    0.78948    0.78949          1     8.3935     8.3054      48.62     0.3039     0.2313  8.535e-02  0.1450000     7.4656     7.4651    -0.0004     5.9320     5.9315     40.624     41.525      0.473    1432.48    1432.49  0.000e+00
      17874     41.500     4.0931     4.0953     0.0022    0.78911    0.78911          1     8.3958     8.2946      48.22     0.3022     0.2166  7.481e-02  0.1539000     7.4659     7.4653    -0.0006     5.9327     5.9322     41.120     42.031      0.503    1432.41    1432.42  0.000e+00
      17897     42.000     4.0749     4.0774     0.0026    0.78873    0.78873          1     8.3835     8.2952      53.12     0.3076     0.1845  5.979e-02  0.1554000     7.4661     7.4655    -0.0006     5.9333     5.9328     41.615     42.538      0.522    1432.33    1432.35  0.000e+00
      17920     42.500     4.0575     4.0587     0.0012    0.78835    0.78832          1     8.3686     8.2825      97.07     0.3081     0.1815  4.791e-02  0.1510000     7.4661     7.4655    -0.0006     5.9338     5.9333     42.111     43.044      0.509    1432.27    1432.27  0.000e+00
      17945     43.000     4.0217     4.0227     0.0010    0.78750    0.78747          1     8.3490     8.2639      48.43     0.2851     0.2216  3.589e-02  0.1548000     7.4655     7.4650    -0.0005     5.9342     5.9338     42.606     43.550      0.481    1432.11    1432.11  0.000e+00
      17970     43.500     3.9830     3.9848     0.0019    0.78663    0.78662          1     8.3323     8.2451      45.75     0.2920     0.2400  2.698e-02  0.1506000     7.4654     7.4649    -0.0005     5.9351     5.9347     43.101     44.056      0.474    1431.94    1431.95  0.000e+00
      17995     44.000     3.9614     3.9630     0.0016    0.78617    0.78616          1     8.3130     8.2271      45.28     0.3094     0.2389  1.683e-02  0.1383000     7.4657     7.4652    -0.0005     5.9358     5.9354     43.597     44.563      0.493    1431.86    1431.86  0.000e+00
      18019     44.500     3.9439     3.9460     0.0020    0.78582    0.78581          1     8.3057     8.2232      44.80     0.3070     0.2883  1.280e-02  0.1454000     7.4660     7.4654    -0.0005     5.9365     5.9360     44.092     45.069      0.506    1431.78    1431.79  0.000e+00
      18042     45.000     3.9336     3.9356     0.0020    0.78563    0.78563          1     8.3011     8.2127      44.42     0.3015     0.2506  6.113e-03  0.1502000     7.4664     7.4659    -0.0005     5.9371     5.9366     44.587     45.575      0.505    1431.75    1431.75  0.000e+00
      18067     45.500     3.9376     3.9394     0.0018    0.78582    0.78580          1     8.2939     8.2015      43.89     0.3286     0.2504  1.630e-03  0.1550000     7.4673     7.4667    -0.0006     5.9377     5.9372     45.083     46.081      0.488    1431.77    1431.78  0.000e+00
      18092     46.000     3.9484     3.9486     0.0003    0.78623    0.78616          1     8.3171     8.2223      43.22     0.2999     0.2348  2.848e-05  0.1622000     7.4689     7.4681    -0.0008     5.9387     5.9381     45.578     46.588      0.481    1431.83    1431.83  0.000e+00
      18116     46.500     3.9766     3.9745    -0.0021    0.78716    0.78700          1     8.3118     8.2191      42.67     0.3206     0.2335  1.003e-12  0.1559000     7.4719     7.4708    -0.0011     5.9404     5.9396     46.073     47.094      0.492    1431.97    1431.96  0.000e+00
      18140     47.000     4.0236     4.0227    -0.0009    0.78865    0.78854          1     8.3075     8.2046      42.15     0.2970     0.2723  1.000e-12  0.1550000     7.4762     7.4754    -0.0009     5.9427     5.9420     46.569     47.600      0.493    1432.20    1432.19  0.000e+00
      18165     47.500     4.0032     4.0044     0.0012    0.78819    0.78816          1     8.3144     8.2094      41.64     0.3087     0.2427  1.000e-12  0.1378000     7.4761     7.4756    -0.0005     5.9432     5.9427     47.064     48.106      0.479    1432.11    1432.12  0.000e+00
      18190     48.000     3.9991     4.0009     0.0017    0.78816    0.78814          1     8.3202     8.2186      41.14     0.2972     0.2458  1.000e-12  0.1612000     7.4768     7.4762    -0.0006     5.9437     5.9432     47.559     48.613      0.479    1432.10    1432.11  0.000e+00
      18215     48.500     4.0023     4.0039     0.0016    0.78832    0.78830          1     8.3219     8.2117      69.19     0.3081     0.2487  1.000e-12  0.1724000     7.4776     7.4770    -0.0006     5.9443     5.9438     48.055     49.119      0.495    1432.12    1432.13  0.000e+00
      18239     49.000     4.0038     4.0059     0.0021    0.78844    0.78842          1     8.3256     8.2138      40.33     0.2981     0.2297  1.000e-12  0.1577000     7.4784     7.4777    -0.0006     5.9449     5.9443     48.550     49.625      0.489    1432.14    1432.15  0.000e+00
      18264     49.500     3.9925     3.9941     0.0016    0.78820    0.78817          1     8.3228     8.2189      39.43     0.2969     0.2295  1.000e-12  0.1600000     7.4785     7.4778    -0.0006     5.9452     5.9447     49.046     50.132      0.462    1432.10    1432.11  0.000e+00
      18291     50.000     3.9866     3.9882     0.0016    0.78811    0.78809          1     8.3108     8.2152      38.92     0.3181     0.2191  1.000e-12  0.1414000     7.4788     7.4783    -0.0005     5.9457     5.9452     49.541     50.638      0.460    1432.08    1432.09  0.000e+00
      18316     50.500     3.9667     3.9672     0.0005    0.78762    0.78757          1     8.2847     8.2007      38.43     0.3213     0.2398  1.000e-12  0.1419000     7.4783     7.4777    -0.0006     5.9457     5.9453     50.036     51.144      0.497    1432.00    1432.00  0.000e+00
      18340     51.000     3.9252     3.9245    -0.0007    0.78656    0.78651          1     8.2739     8.1884      37.95     0.2907     0.2390  1.000e-12  0.1583000     7.4770     7.4766    -0.0003     5.9457     5.9454     50.532     51.650      0.513    1431.82    1431.81  0.000e+00
      18363     51.500     3.8538     3.8530    -0.0008    0.78475    0.78469          1     8.2707     8.1933      37.39     0.3033     0.2218  1.000e-12  0.1525000     7.4747     7.4743    -0.0004     5.9456     5.9452     51.027     52.157      0.484    1431.50    1431.50  0.000e+00
      18389     52.000     3.7935     3.7948     0.0013    0.78329    0.78326          1     8.2500     8.1756      36.87     0.2904     0.2541  1.000e-12  0.1634000     7.4735     7.4730    -0.0006     5.9459     5.9454     51.522     52.663      0.458    1431.23    1431.24  0.000e+00
      18415     52.500     3.7717     3.7722     0.0005    0.78286    0.78282          1     8.2535     8.1665      36.37     0.3038     0.2611  1.000e-12  0.1529000     7.4741     7.4735    -0.0005     5.9468     5.9464     52.018     53.169      0.481    1431.14    1431.15  0.000e+00
      18439     53.000     3.7541     3.7553     0.0012    0.78259    0.78256          1     8.2983     8.1842      35.84     0.3360     0.2450  1.000e-12  0.1457000     7.4752     7.4747    -0.0006     5.9481     5.9477     52.513     53.675      0.497    1431.07    1431.08  0.000e+00
      18463     53.500     3.8424     3.8456     0.0032    0.78529    0.78528          1     8.3313     8.2373      35.26     0.3290     0.2401  1.000e-12  0.1466000     7.4826     7.4817    -0.0008     5.9520     5.9513     53.008     54.182      0.492    1431.49    1431.50  0.000e+00
      18488     54.000     3.9144     3.9151     0.0006    0.78736    0.78729          1     8.3548     8.2678      34.71     0.3059     0.2577  1.000e-12  0.1505000     7.4871     7.4863    -0.0008     5.9540     5.9533     53.504     54.688      0.478    1431.83    1431.83  0.000e+00
      18513     54.500     3.9366     3.9381     0.0015    0.78803    0.78801          1     8.3406     8.2539      34.19     0.3127     0.2078  1.000e-12  0.1612000     7.4888     7.4883    -0.0005     5.9548     5.9544     53.999     55.194      0.482    1431.94    1431.94  0.000e+00
      18538     55.000     3.8888     3.8914     0.0025    0.78687    0.78689          1     8.3316     8.2350      33.69     0.3142     0.2208  1.000e-12  0.1619000     7.4879     7.4875    -0.0004     5.9552     5.9549     54.494     55.700      0.498    1431.73    1431.74  0.000e+00
      18562     55.500     3.8344     3.8370     0.0026    0.78560    0.78562          1     8.3006     8.1986      33.17     0.3152     0.2077  1.000e-12  0.1528000     7.4874     7.4869    -0.0004     5.9561     5.9556     54.990     56.207      0.508    1431.49    1431.50  0.000e+00
      18585     56.000     3.7975     3.7992     0.0017    0.78478    0.78478          1     8.2916     8.1871      32.64     0.3101     0.2302  1.000e-12  0.1482000     7.4874     7.4869    -0.0004     5.9568     5.9564     55.485     56.713      0.497    1431.33    1431.34  0.000e+00
