ctdpy/exports/archive_20191121_122431/received_data/SBE09_0827_20181011_2251_26_01_1074.cnv
* Sea-Bird SBE 9 Data File:
* FileName = D:\CTD_SBE911\DAT\26DA.2018.10.74.hex
* Software Version Seasave V 7.21d
* Temperature SN = 4548
* Conductivity SN = 3062
* Number of Bytes Per Scan = 48
* Number of Voltage Words = 5
* Number of Scans Averaged by the Deck Unit = 1
* NMEA Latitude = 56 21.97 N
* NMEA Longitude = 018 33.73 E
* NMEA UTC (Time) = Oct 11 2018  22:53:53
* NMEA baud rate = 4800
** Ship: DANA
** Average sound velocity: 1444.97 m/s
** True-depth calculation Thu, 28 Mar 2019 12:26:03 +0000
** CTD Python Module SMHI /ver 3-12/ feb 2012 
** LIMS Job: 20182601-1074
** Operator: Christian A-KTh
** Cruise: 10/2018
# nquan = 26
# nvalues = 133                         
# units = specified
# name 0 = scan: Scan Count
# name 1 = prDM: Pressure, Digiquartz [db]
# name 2 = t090C: Temperature [ITS-90, deg C]
# name 3 = t190C: Temperature, 2 [ITS-90, deg C]
# name 4 = T2-T190C: Temperature Difference, 2 - 1 [ITS-90, deg C]
# name 5 = c0S/m: Conductivity [S/m]
# name 6 = c1S/m: Conductivity, 2 [S/m]
# name 7 = pumps: Pump Status
# name 8 = sbeox1ML/L: Oxygen, SBE 43, 2 [ml/l]
# name 9 = sbeox0ML/L: Oxygen, SBE 43 [ml/l]
# name 10 = altM: Altimeter [m]
# name 11 = chloroflTC0: Chlorophyll, Turner Cyclops [ug/l]
# name 12 = cpar: CPAR/Corrected Irradiance [%]
# name 13 = par: PAR/Irradiance, Biospherical/Lico [µE/(cm^2*s)]
# name 14 = spar: SPAR, Biospherical/Licor
# name 15 = sal00: Salinity, Practical [PSU]
# name 16 = sal11: Salinity, Practical, 2 [PSU]
# name 17 = secS-priS: Salinity, Practical, Difference, 2 - 1 [PSU]
# name 18 = sigma-t00: Density [sigma-t, kg/m^3 ]
# name 19 = sigma-t11: Density, 2 [sigma-t, kg/m^3 ]
# name 20 = depSM: Depth [salt water, m], lat = 56.3662
# name 21 = depFM: Depth [true depth, m], lat = 56.3662
# name 22 = dz/dtM: Descent Rate [m/s], WS = 2
# name 23 = svCM: Sound Velocity [Chen-Millero, m/s]
# name 24 = svCM1: Sound Velocity, 2 [Chen-Millero, m/s]
# name 25 = flag: flag
# span 0 =        108,       8616       
# span 1 =      1.500,     67.500       
# span 2 =     3.4895,    10.4296       
# span 3 =     3.5007,    10.4293       
# span 4 =    -0.2207,     0.6538       
# span 5 =   0.775188,   0.975489       
# span 6 =   0.775597,   0.974299       
# span 7 =          1,          1       
# span 8 =     1.3274,     7.6898       
# span 9 =     1.2462,     7.2442       
# span 10 =       0.63,       9.97      
# span 11 =     0.0158,     0.0325      
# span 12 = 4.9241e-11, 4.9241e-11      
# span 13 = 1.0000e-12, 1.0000e-12      
# span 14 = 2.0308e+00, 2.0308e+00      
# span 15 =     7.1520,     9.1638      
# span 16 =     7.1521,     9.1538      
# span 17 =    -0.1964,     0.0084      
# span 18 =     5.2399,     7.2530      
# span 19 =     5.2399,     7.2455      
# span 20 =      1.486,     66.873      
# span 21 =      1.520,     68.355      
# span 22 =     -0.268,      0.430      
# span 23 =    1429.76,    1457.95      
# span 24 =    1429.81,    1457.95      
# span 25 = 0.0000e+00, 0.0000e+00      
# interval = decibars: 0.5              
# start_time = Oct 11 2018 22:53:53 [NMEA time, first data scan]
# bad_flag = -9.990e-29
*END*
[from data line 56]
       3014     29.500     9.9738     9.9795     0.0057    0.90125    0.90140          1     7.3154     6.8672       9.97     0.0268  4.924e-11  1.000e-12  2.031e+00     7.2635     7.2637     0.0002     5.3764     5.3759     29.229     29.889      0.210    1456.59    1456.62  0.000e+00
       3062     30.000     9.9616     9.9732     0.0117    0.90094    0.90126          1     7.3039     6.9036       9.97     0.0265  4.924e-11  1.000e-12  2.031e+00     7.2632     7.2636     0.0005     5.3775     5.3766     29.724     30.395      0.306    1456.56    1456.60  0.000e+00
       3105     30.500     9.8052     9.8953     0.0902    0.89734    0.89955          1     7.2447     6.9652       9.97     0.0267  4.924e-11  1.000e-12  2.031e+00     7.2632     7.2643     0.0012     5.3939     5.3854     30.219     30.902      0.237    1455.95    1456.31  0.000e+00
       3155     31.000     9.4413     9.7281     0.2866    0.88928    0.89579          1     7.1510     6.9985       9.97     0.0258  4.924e-11  1.000e-12  2.031e+00     7.2659     7.2651    -0.0008     5.4332     5.4034     30.715     31.408      0.308    1454.53    1455.66  0.000e+00
       3190     31.500     8.9415     9.3023     0.3605    0.87793    0.88659          1     7.0716     6.8558       9.97     0.0233  4.924e-11  1.000e-12  2.031e+00     7.2668     7.2702     0.0035     5.4817     5.4501     31.210     31.915      0.301    1452.55    1454.00  0.000e+00
       3246     32.000     8.3401     8.6385     0.2986    0.86572    0.87245          1     7.1776     6.8899       9.97     0.0245  4.924e-11  1.000e-12  2.031e+00     7.2805     7.2797    -0.0008     5.5468     5.5200     31.705     32.421      0.226    1450.16    1451.36  0.000e+00
       3289     32.500     7.9396     8.2676     0.3281    0.85732    0.86478          1     7.1892     6.8698       9.97     0.0224  4.924e-11  1.000e-12  2.031e+00     7.2870     7.2869    -0.0001     5.5850     5.5578     32.201     32.928      0.345    1448.55    1449.88  0.000e+00
       3331     33.000     7.6105     7.7958     0.1852    0.85160    0.85569          1     7.1744     6.8756       9.97     0.0209  4.924e-11  1.000e-12  2.031e+00     7.3031     7.3020    -0.0011     5.6233     5.6083     32.696     33.434      0.227    1447.22    1447.98  0.000e+00
       3390     33.500     7.3121     7.5390     0.2269    0.84710    0.85162          1     7.1644     6.8972       9.97     0.0198  4.924e-11  1.000e-12  2.031e+00     7.3241     7.3183    -0.0059     5.6619     5.6406     33.191     33.941      0.318    1446.02    1446.95  0.000e+00
       3422     34.000     6.9584     7.1581     0.1996    0.83968    0.84451          1     7.2047     6.9100       9.97     0.0193  4.924e-11  1.000e-12  2.031e+00     7.3297     7.3326     0.0029     5.6907     5.6793     33.687     34.447      0.326    1444.55    1445.39  0.000e+00
       3472     34.500     6.6534     6.8538     0.2018    0.83291    0.83795          1     7.2608     7.0277       9.97     0.0184  4.924e-11  1.000e-12  2.031e+00     7.3310     7.3357     0.0048     5.7116     5.7025     34.182     34.953      0.213    1443.28    1444.13  0.000e+00
       3519     35.000     5.7380     6.3945     0.6538    0.81254    0.82816          1     7.3668     6.9628       9.97     0.0185  4.924e-11  1.000e-12  2.031e+00     7.3332     7.3413     0.0080     5.7650     5.7351     34.677     35.460      0.338    1439.38    1442.20  0.000e+00
       3557     35.500     5.5895     5.8041     0.2145    0.80982    0.81533          1     7.3798     7.0312       9.97     0.0183  4.924e-11  1.000e-12  2.031e+00     7.3390     7.3457     0.0067     5.7767     5.7713     35.173     35.966      0.251    1438.75    1439.69  0.000e+00
       3619     36.000     5.2573     5.5065     0.2487    0.80340    0.80917          1     7.4360     7.1123       9.97     0.0182  4.924e-11  1.000e-12  2.031e+00     7.3489     7.3508     0.0019     5.7996     5.7900     35.668     36.472      0.230    1437.33    1438.42  0.000e+00
       3661     36.500     5.1642     5.2930     0.1297    0.80182    0.80503          1     7.3919     7.0967       9.97     0.0173  4.924e-11  1.000e-12  2.031e+00     7.3537     7.3570     0.0033     5.8074     5.8045     36.164     36.979      0.339    1436.94    1437.50  0.000e+00
       3699     37.000     4.5998     4.9504     0.3491    0.79176    0.79883          1     7.5206     7.0493       9.97     0.0176  4.924e-11  1.000e-12  2.031e+00     7.3789     7.3714    -0.0075     5.8487     5.8299     36.659     37.485      0.247    1434.49    1436.03  0.000e+00
       3760     37.500     4.4935     4.6218     0.1283    0.79074    0.79343          1     7.5863     7.1548       9.97     0.0171  4.924e-11  1.000e-12  2.031e+00     7.3924     7.3906    -0.0018     5.8628     5.8571     37.154     37.991      0.287    1434.04    1434.61  0.000e+00
       3795     38.000     4.4239     4.5093     0.0852    0.78967    0.79171          1     7.5551     7.1655       9.97     0.0171  4.924e-11  1.000e-12  2.031e+00     7.3971     7.3985     0.0014     5.8687     5.8671     37.650     38.498      0.305    1433.74    1434.13  0.000e+00
       3851     38.500     4.2760     4.3773     0.1013    0.78660    0.78933          1     7.5378     7.1543       9.97     0.0171  4.924e-11  1.000e-12  2.031e+00     7.3994     7.4042     0.0047     5.8749     5.8757     38.145     39.004      0.213    1433.10    1433.55  0.000e+00
       3901     39.000     4.1279     4.2362     0.1082    0.78319    0.78623          1     7.5579     7.1355       9.97     0.0171  4.924e-11  1.000e-12  2.031e+00     7.3982     7.4046     0.0064     5.8780     5.8801     38.640     39.510      0.284    1432.44    1432.93  0.000e+00
       3945     39.500     4.0622     4.1231     0.0608    0.78193    0.78363          1     7.5832     7.1547       9.97     0.0168  4.924e-11  1.000e-12  2.031e+00     7.4002     7.4036     0.0035     5.8813     5.8825     39.136     40.017      0.256    1432.15    1432.43  0.000e+00
       3991     40.000     4.0497     4.0826     0.0331    0.78205    0.78286          1     7.5654     7.1925       9.97     0.0169  4.924e-11  1.000e-12  2.031e+00     7.4041     7.4050     0.0008     5.8847     5.8846     39.631     40.523      0.282    1432.11    1432.26  0.000e+00
       4032     40.500     3.8807     4.0319     0.1510    0.77904    0.78219          1     7.5925     7.1658       9.97     0.0168  4.924e-11  1.000e-12  2.031e+00     7.4117     7.4095    -0.0022     5.8948     5.8895     40.126     41.029      0.290    1431.37    1432.05  0.000e+00
       4077     41.000     3.7678     3.8669     0.0992    0.77740    0.77929          1     7.6582     7.1733       9.97     0.0163  4.924e-11  1.000e-12  2.031e+00     7.4206     7.4173    -0.0033     5.9044     5.8996     40.622     41.535      0.243    1430.88    1431.32  0.000e+00
       4126     41.500     3.7400     3.7834     0.0434    0.77739    0.77819          1     7.6698     7.2057       9.97     0.0167  4.924e-11  1.000e-12  2.031e+00     7.4267     7.4250    -0.0017     5.9098     5.9076     41.117     42.042      0.248    1430.77    1430.96  0.000e+00
       4179     42.000     3.6850     3.7378     0.0528    0.77641    0.77765          1     7.6666     7.1983       9.97     0.0164  4.924e-11  1.000e-12  2.031e+00     7.4291     7.4298     0.0008     5.9128     5.9124     41.612     42.548      0.222    1430.53    1430.77  0.000e+00
       4227     42.500     3.6963     3.6936    -0.0027    0.77737    0.77696          1     7.6898     7.1871       9.97     0.0163  4.924e-11  1.000e-12  2.031e+00     7.4364     7.4328    -0.0036     5.9184     5.9156     42.108     43.054      0.277    1430.60    1430.58  0.000e+00
       4271     43.000     3.7968     3.7298    -0.0669    0.78041    0.77833          1     7.6819     7.2034       9.97     0.0160  4.924e-11  1.000e-12  2.031e+00     7.4445     7.4384    -0.0061     5.9228     5.9193     42.603     43.561      0.269    1431.07    1430.76  0.000e+00
       4316     43.500     3.8166     3.7921    -0.0245    0.78112    0.78030          1     7.6666     7.2268       9.97     0.0161  4.924e-11  1.000e-12  2.031e+00     7.4471     7.4444    -0.0027     5.9244     5.9228     43.098     44.067      0.261    1431.17    1431.06  0.000e+00
       4363     44.000     3.7781     3.8073     0.0292    0.78043    0.78096          1     7.6547     7.2377       9.97     0.0161  4.924e-11  1.000e-12  2.031e+00     7.4488     7.4476    -0.0012     5.9266     5.9250     43.594     44.573      0.260    1431.01    1431.14  0.000e+00
       4408     44.500     3.6742     3.7660     0.0917    0.77817    0.78027          1     7.6464     7.2159       9.97     0.0161  4.924e-11  1.000e-12  2.031e+00     7.4493     7.4499     0.0006     5.9291     5.9277     44.089     45.079      0.253    1430.54    1430.96  0.000e+00
       4458     45.000     3.6559     3.6872     0.0314    0.77846    0.77880          1     7.6576     7.2079       9.97     0.0159  4.924e-11  1.000e-12  2.031e+00     7.4565     7.4527    -0.0037     5.9352     5.9316     44.584     45.586      0.241    1430.48    1430.62  0.000e+00
       4513     45.500     3.6516     3.6645     0.0129    0.77859    0.77877          1     7.6707     7.2312       9.97     0.0159  4.924e-11  1.000e-12  2.031e+00     7.4587     7.4576    -0.0011     5.9371     5.9359     45.080     46.092      0.201    1430.47    1430.53  0.000e+00
       4564     46.000     3.6147     3.6450     0.0304    0.77766    0.77850          1     7.6585     7.2442       9.97     0.0159  4.924e-11  1.000e-12  2.031e+00     7.4575     7.4592     0.0017     5.9368     5.9376     45.575     46.598      0.324    1430.31    1430.45  0.000e+00
       4600     46.500     3.5028     3.5840     0.0812    0.77519    0.77711          1     7.6606     7.2276       9.97     0.0159  4.924e-11  1.000e-12  2.031e+00     7.4577     7.4589     0.0012     5.9390     5.9385     46.070     47.104      0.268    1429.81    1430.18  0.000e+00
       4661     47.000     3.4895     3.5007     0.0112    0.77564    0.77560          1     7.6400     7.1933       9.97     0.0159  4.924e-11  1.000e-12  2.031e+00     7.4653     7.4623    -0.0030     5.9453     5.9427     46.566     47.611      0.251    1429.76    1429.81  0.000e+00
       4700     47.500     3.5223     3.5058    -0.0164    0.77723    0.77628          1     7.6318     7.1849       9.97     0.0159  4.924e-11  1.000e-12  2.031e+00     7.4742     7.4681    -0.0061     5.9518     5.9472     47.061     48.117      0.336    1429.93    1429.85  0.000e+00
       4747     48.000     3.5723     3.5485    -0.0237    0.77934    0.77818          1     7.5574     7.1573       9.97     0.0159  4.924e-11  1.000e-12  2.031e+00     7.4844     7.4779    -0.0065     5.9590     5.9543     47.556     48.623      0.222    1430.18    1430.06  0.000e+00
       4807     48.500     3.6123     3.5902    -0.0221    0.78214    0.78041          1     7.4436     7.0936       9.97     0.0159  4.924e-11  1.000e-12  2.031e+00     7.5039     7.4912    -0.0127     5.9738     5.9641     48.052     49.129      0.305    1430.40    1430.28  0.000e+00
       4846     49.000     3.6227     3.6131    -0.0096    0.78320    0.78227          1     7.3724     7.0318       9.97     0.0159  4.924e-11  1.000e-12  2.031e+00     7.5124     7.5050    -0.0073     5.9803     5.9746     48.547     49.636      0.250    1430.46    1430.41  0.000e+00
       4902     49.500     3.6367     3.6293    -0.0074    0.78415    0.78352          1     7.3437     6.9571       9.97     0.0159  4.924e-11  1.000e-12  2.031e+00     7.5188     7.5140    -0.0048     5.9852     5.9815     49.042     50.142      0.245    1430.54    1430.50  0.000e+00
       4942     50.000     3.6451     3.6391    -0.0060    0.78473    0.78423          1     7.3143     6.9261       9.97     0.0159  4.924e-11  1.000e-12  2.031e+00     7.5228     7.5191    -0.0037     5.9882     5.9853     49.537     50.648      0.319    1430.59    1430.56  0.000e+00
       4985     50.500     3.6520     3.6471    -0.0049    0.78517    0.78478          1     7.2942     6.9008       9.97     0.0159  4.924e-11  1.000e-12  2.031e+00     7.5257     7.5228    -0.0029     5.9903     5.9882     50.033     51.154      0.226    1430.64    1430.61  0.000e+00
       5044     51.000     3.6604     3.6563    -0.0041    0.78561    0.78534          1     7.2779     6.8683       9.97     0.0159  4.924e-11  1.000e-12  2.031e+00     7.5282     7.5263    -0.0019     5.9922     5.9907     50.528     51.661      0.261    1430.69    1430.66  0.000e+00
       5081     51.500     3.6630     3.6616    -0.0014    0.78573    0.78562          1     7.2684     6.8575       9.97     0.0159  4.924e-11  1.000e-12  2.031e+00     7.5288     7.5279    -0.0008     5.9926     5.9919     51.023     52.167      0.310    1430.71    1430.70  0.000e+00
       5136     52.000     3.6623     3.6634     0.0012    0.78571    0.78573          1     7.2695     6.8465       9.97     0.0160  4.924e-11  1.000e-12  2.031e+00     7.5287     7.5285    -0.0001     5.9925     5.9924     51.519     52.673      0.232    1430.71    1430.72  0.000e+00
       5181     52.500     3.6580     3.6624     0.0044    0.78565    0.78572          1     7.2619     6.8461       9.97     0.0159  4.924e-11  1.000e-12  2.031e+00     7.5289     7.5287    -0.0002     5.9928     5.9925     52.014     53.179      0.334    1430.70    1430.72  0.000e+00
       5220     53.000     3.6532     3.6573     0.0041    0.78559    0.78565          1     7.2654     6.8383       9.97     0.0159  4.924e-11  1.000e-12  2.031e+00     7.5293     7.5290    -0.0003     5.9932     5.9929     52.509     53.686      0.255    1430.69    1430.70  0.000e+00
       5274     53.500     3.6525     3.6542     0.0017    0.78573    0.78566          1     7.2521     6.8382       9.97     0.0159  4.924e-11  1.000e-12  2.031e+00     7.5308     7.5298    -0.0010     5.9944     5.9936     53.005     54.192      0.267    1430.69    1430.70  0.000e+00
       5313     54.000     3.6548     3.6546    -0.0002    0.78608    0.78586          1     7.2342     6.8280       9.97     0.0159  4.924e-11  1.000e-12  2.031e+00     7.5339     7.5317    -0.0022     5.9968     5.9951     53.500     54.698      0.263    1430.71    1430.71  0.000e+00
       5377     54.500     3.6565     3.6571     0.0007    0.78634    0.78624          1     7.2139     6.7935       9.97     0.0159  4.924e-11  1.000e-12  2.031e+00     7.5362     7.5349    -0.0013     5.9986     5.9976     53.995     55.204      0.233    1430.73    1430.74  0.000e+00
       5422     55.000     3.6561     3.6570     0.0009    0.78660    0.78639          1     7.1957     6.7602       9.97     0.0159  4.924e-11  1.000e-12  2.031e+00     7.5388     7.5364    -0.0024     6.0007     5.9988     54.491     55.711      0.277    1430.74    1430.74  0.000e+00
       5469     55.500     3.7454     3.6760    -0.0694    0.79711    0.78854          1     6.9264     6.7284       9.97     0.0158  4.924e-11  1.000e-12  2.031e+00     7.6260     7.5541    -0.0720     6.0682     6.0124     54.986     56.217      0.254    1431.27    1430.86  0.000e+00
       5514     56.000     3.8444     3.7667    -0.0777    0.80728    0.79853          1     6.5312     6.5210       9.97     0.0160  4.924e-11  1.000e-12  2.031e+00     7.7071     7.6355    -0.0716     6.1305     6.0754     55.481     56.723      0.264    1431.83    1431.38  0.000e+00
       5559     56.500     3.9380     3.8471    -0.0912    0.81691    0.80701          1     6.1973     6.2222       9.97     0.0159  4.924e-11  1.000e-12  2.031e+00     7.7834     7.7036    -0.0798     6.1889     6.1277     55.976     57.229      0.284    1432.36    1431.84  0.000e+00
