ctdpy/exports/archive_20191121_122431/received_data/SBE09_1044_20180417_2009_34_07_0014.cnv
* Sea-Bird SBE 9 Data File:
* FileName = C:\ctd\temp\2018\AU18D014.hex
* Software Version Seasave V 7.26.6.26
* Temperature SN = 5351
* Conductivity SN = 3941
* Number of Bytes Per Scan = 41
* Number of Voltage Words = 4
* Number of Scans Averaged by the Deck Unit = 1
* NMEA Latitude = 55 22.97 N
* NMEA Longitude = 015 20.01 E
* NMEA UTC (Time) = Apr 17 2018  20:09:51
* NMEA baud rate = 4800
** Station:  BY4
** Operator:  A-KTh
** Ship: AURA
** Average sound velocity: 1433.87 m/s
** True-depth calculation Tue, 17 Apr 2018 21:06:18 +0000
** CTD Python Module SMHI /ver 3-12/ feb 2012 
** LIMS Job: 20183407-0014
** Cruise: SMHI-01-2018
** Latitude [GG MM.mm N] :
** Longitude [GG MM.mm E]:
# nquan = 26
# nvalues = 172                         
# units = specified
# name 0 = scan: Scan Count
# name 1 = prDM: Pressure, Digiquartz [db]
# name 2 = t090C: Temperature [ITS-90, deg C]
# name 3 = t190C: Temperature, 2 [ITS-90, deg C]
# name 4 = T2-T190C: Temperature Difference, 2 - 1 [ITS-90, deg C]
# name 5 = c0S/m: Conductivity [S/m]
# name 6 = c1S/m: Conductivity, 2 [S/m]
# name 7 = pumps: Pump Status
# name 8 = sbeox0ML/L: Oxygen, SBE 43 [ml/l]
# name 9 = sbeox1ML/L: Oxygen, SBE 43, 2 [ml/l]
# name 10 = altM: Altimeter [m]
# name 11 = flECO-AFL: Chl-a Fluorescence, WET Labs ECO-AFL/FL [mg/m^3]
# name 12 = flECO-AFL1: Phycocyanin Fluorescence, WET Labs ECO-AFL/FL, 2 [mg/m^3]
# name 13 = par: PAR/Irradiance, Biospherical/Lico [µE/(cm^2*s)]
# name 14 = turbWETntu0: Turbidity, WET Labs ECO [NTU]
# name 15 = sal00: Salinity, Practical [PSU]
# name 16 = sal11: Salinity, Practical, 2 [PSU]
# name 17 = secS-priS: Salinity, Practical, Difference, 2 - 1 [PSU]
# name 18 = sigma-t00: Density [sigma-t, Kg/m^3 ]
# name 19 = sigma-t11: Density, 2 [sigma-t, Kg/m^3 ]
# name 20 = depSM: Depth [salt water, m], lat = 55.3828
# name 21 = depFM: Depth [true depth, m], lat = 55.3828
# name 22 = dz/dtM: Descent Rate [m/s], WS = 2
# name 23 = svCM: Sound Velocity [Chen-Millero, m/s]
# name 24 = svCM1: Sound Velocity, 2 [Chen-Millero, m/s]
# name 25 = flag: flag
# span 0 =       7975,      12637       
# span 1 =      0.500,     86.000       
# span 2 =     2.3802,     7.5817       
# span 3 =     2.3808,     7.5786       
# span 4 =    -0.0362,     0.0745       
# span 5 =   0.773674,   1.818909       
# span 6 =   0.773665,   1.818941       
# span 7 =          1,          1       
# span 8 =    0.10488,    9.49550       
# span 9 =    0.08439,    9.34242       
# span 10 =       2.52,      97.51      
# span 11 =     0.4015,     2.6998      
# span 12 =     0.1917,     0.6250      
# span 13 = -2.326e-06, 2.1947e+00      
# span 14 =     0.2360,     1.3844      
# span 15 =     7.5941,    16.9745      
# span 16 =     7.5936,    16.9741      
# span 17 =    -0.0198,     0.0026      
# span 18 =     6.0542,    13.2741      
# span 19 =     6.0538,    13.2737      
# span 20 =      0.496,     85.204      
# span 21 =      0.506,     86.908      
# span 22 =     -0.017,      0.596      
# span 23 =    1426.23,    1457.82      
# span 24 =    1426.24,    1457.80      
# span 25 = 0.0000e+00, 0.0000e+00      
# interval = decibars: 0.5              
# start_time = Apr 17 2018 20:09:51 [NMEA time, first data scan]
# bad_flag = -9.990e-29
*END*
[from data line 56]
       9648     28.500     3.6911     3.6927     0.0016    0.80687    0.80686          1     9.1698     9.0509      63.10     1.8827     0.4545  1.000e-12  0.3882000     7.7431     7.7426    -0.0005     6.1625     6.1621     28.240     28.853      0.542    1430.75    1430.75  0.000e+00
       9671     29.000     3.6683     3.6696     0.0013    0.80628    0.80625          1     9.1616     9.0336      96.09     1.7653     0.5461  1.000e-12  0.3891000     7.7424     7.7418    -0.0006     6.1625     6.1620     28.736     29.359      0.493    1430.65    1430.66  0.000e+00
       9696     29.500     3.6117     3.6111    -0.0006    0.80496    0.80490          1     9.1538     9.0282      86.96     1.7607     0.5531  1.000e-12  0.3471000     7.7422     7.7417    -0.0005     6.1634     6.1631     29.231     29.865      0.471    1430.40    1430.40  0.000e+00
       9721     30.000     3.5980     3.5987     0.0008    0.80465    0.80462          1     9.1423     9.0270      70.82     2.0144     0.4282  1.000e-12  0.3674000     7.7422     7.7417    -0.0005     6.1637     6.1633     29.726     30.371      0.504    1430.35    1430.35  0.000e+00
       9744     30.500     3.5972     3.5985     0.0012    0.80463    0.80461          1     9.1391     9.0373      97.51     1.8750     0.4559  1.000e-12  0.3608000     7.7421     7.7416    -0.0005     6.1636     6.1632     30.222     30.877      0.552    1430.35    1430.36  0.000e+00
       9765     31.000     3.5951     3.5962     0.0011    0.80458    0.80456          1     9.1418     9.0415      97.22     1.7486     0.4155  1.000e-12  0.3591000     7.7420     7.7415    -0.0005     6.1636     6.1632     30.717     31.384      0.573    1430.35    1430.36  0.000e+00
       9786     31.500     3.5920     3.5936     0.0016    0.80450    0.80450          1     9.1488     9.0402      73.60     1.7609     0.4178  1.000e-12  0.3690000     7.7418     7.7414    -0.0004     6.1635     6.1632     31.213     31.890      0.549    1430.34    1430.35  0.000e+00
       9809     32.000     3.5899     3.5920     0.0021    0.80445    0.80447          1     9.1561     9.0505      59.30     1.8592     0.4570  1.000e-12  0.3873000     7.7418     7.7415    -0.0004     6.1635     6.1632     31.708     32.396      0.503    1430.34    1430.35  0.000e+00
       9834     32.500     3.5894     3.5898     0.0003    0.80447    0.80444          1     9.1742     9.0682      24.64     1.8490     0.4650  1.000e-12  0.3892000     7.7420     7.7416    -0.0004     6.1637     6.1634     32.203     32.902      0.480    1430.35    1430.35  0.000e+00
       9859     33.000     3.5883     3.5892     0.0009    0.80451    0.80448          1     9.1927     9.0733      58.26     2.0006     0.4672  1.000e-12  0.3695000     7.7426     7.7422    -0.0004     6.1642     6.1638     32.699     33.408      0.503    1430.35    1430.35  0.000e+00
       9882     33.500     3.5847     3.5857     0.0010    0.80458    0.80455          1     9.2108     9.0909      78.89     1.9723     0.5827  1.000e-12  0.3903000     7.7441     7.7436    -0.0005     6.1655     6.1651     33.194     33.914      0.543    1430.34    1430.35  0.000e+00
       9903     34.000     3.5702     3.5708     0.0006    0.80441    0.80439          1     9.2287     9.1074      87.20     2.0431     0.5567  1.000e-12  0.3879000     7.7458     7.7455    -0.0004     6.1671     6.1668     33.690     34.420      0.563    1430.29    1430.29  0.000e+00
       9924     34.500     3.5655     3.5662     0.0007    0.80460    0.80458          1     9.2391     9.1200      56.56     2.2159     0.5833  1.000e-12  0.4002000     7.7488     7.7484    -0.0004     6.1696     6.1692     34.185     34.927      0.546    1430.28    1430.28  0.000e+00
       9947     35.000     3.5556     3.5574     0.0018    0.80458    0.80456          1     9.2487     9.1419      56.14     2.3353     0.5546  1.000e-12  0.4100000     7.7508     7.7502    -0.0006     6.1714     6.1709     34.680     35.433      0.506    1430.24    1430.25  0.000e+00
       9972     35.500     3.5460     3.5471     0.0011    0.80445    0.80443          1     9.2589     9.1431      55.49     2.3408     0.5630  1.000e-12  0.4272000     7.7518     7.7513    -0.0005     6.1723     6.1719     35.176     35.939      0.485    1430.21    1430.22  0.000e+00
       9997     36.000     3.5449     3.5459     0.0011    0.80446    0.80445          1     9.2572     9.1305      54.89     2.3090     0.5814  1.000e-12  0.4224000     7.7521     7.7517    -0.0004     6.1726     6.1723     35.671     36.445      0.494    1430.22    1430.22  0.000e+00
      10020     36.500     3.5388     3.5399     0.0010    0.80442    0.80440          1     9.2610     9.1405      54.38     2.3256     0.6250  1.000e-12  0.4309000     7.7530     7.7526    -0.0004     6.1734     6.1731     36.167     36.951      0.524    1430.20    1430.20  0.000e+00
      10042     37.000     3.5211     3.5223     0.0012    0.80426    0.80424          1     9.2616     9.1373      53.95     2.3214     0.6138  1.000e-12  0.4454000     7.7555     7.7550    -0.0005     6.1758     6.1754     36.662     37.457      0.564    1430.13    1430.13  0.000e+00
      10063     37.500     3.5081     3.5090     0.0009    0.80414    0.80412          1     9.2390     9.1316      53.67     2.2820     0.5202  1.000e-12  0.4465000     7.7574     7.7569    -0.0005     6.1775     6.1771     37.157     37.963      0.576    1430.08    1430.08  0.000e+00
      10084     38.000     3.4670     3.4663    -0.0008    0.80371    0.80367          1     9.2247     9.1335      78.76     2.3232     0.5998  1.000e-12  0.4644000     7.7626     7.7623    -0.0003     6.1824     6.1822     37.653     38.470      0.538    1429.90    1429.90  0.000e+00
      10108     38.500     3.4175     3.4103    -0.0070    0.80332    0.80318          1     9.2205     9.1204      52.63     2.5113     0.5872  1.000e-12  0.4396000     7.7704     7.7707     0.0003     6.1894     6.1898     38.148     38.976      0.474    1429.70    1429.66  0.000e+00
      10135     39.000     3.3781     3.3849     0.0067    0.80293    0.80296          1     9.2122     9.1069      51.87     2.6998     0.5999  1.000e-12  0.4366000     7.7757     7.7745    -0.0013     6.1943     6.1932     38.643     39.482      0.458    1429.53    1429.56  0.000e+00
      10160     39.500     3.3267     3.3272     0.0005    0.80251    0.80248          1     9.2061     9.1098      51.40     2.2749     0.5498  1.000e-12  0.4019000     7.7836     7.7832    -0.0004     6.2015     6.2011     39.139     39.988      0.518    1429.31    1429.32  0.000e+00
      10181     40.000     3.2859     3.2884     0.0026    0.80210    0.80210          1     9.1999     9.1195      50.83     2.4686     0.5753  1.000e-12  0.4423000     7.7892     7.7885    -0.0006     6.2065     6.2059     39.634     40.494      0.586    1429.14    1429.15  0.000e+00
      10201     40.500     3.2497     3.2508     0.0011    0.80171    0.80169          1     9.2086     9.1191      50.42     2.2623     0.5747  1.000e-12  0.4277000     7.7937     7.7933    -0.0005     6.2106     6.2102     40.130     41.000      0.596    1428.99    1429.00  0.000e+00
      10222     41.000     3.2270     3.2283     0.0012    0.80170    0.80169          1     9.2249     9.1183      49.91     2.1347     0.5384  1.000e-12  0.4339000     7.7990     7.7986    -0.0004     6.2152     6.2148     40.625     41.506      0.539    1428.90    1428.91  0.000e+00
      10246     41.500     3.2048     3.2061     0.0013    0.80180    0.80178          1     9.2334     9.1328      49.37     2.0387     0.4649  1.000e-12  0.4327000     7.8054     7.8049    -0.0005     6.2205     6.2201     41.120     42.013      0.456    1428.82    1428.82  0.000e+00
      10275     42.000     3.1747     3.1758     0.0011    0.80180    0.80178          1     9.2264     9.1441      48.67     2.0242     0.5030  1.000e-12  0.4091000     7.8126     7.8121    -0.0005     6.2267     6.2263     41.616     42.519      0.432    1428.70    1428.70  0.000e+00
      10301     42.500     3.1059     3.1094     0.0034    0.80139    0.80140          1     9.2468     9.1477      67.50     2.0221     0.5294  1.000e-12  0.4021000     7.8250     7.8242    -0.0007     6.2374     6.2368     42.111     43.025      0.509    1428.41    1428.42  0.000e+00
      10322     43.000     3.0441     3.0447     0.0007    0.80051    0.80048          1     9.2642     9.1621      56.48     1.9458     0.5863  1.000e-12  0.3893000     7.8306     7.8302    -0.0005     6.2427     6.2423     42.607     43.531      0.585    1428.14    1428.14  0.000e+00
      10342     43.500     3.0160     3.0174     0.0014    0.80010    0.80009          1     9.2744     9.1832      47.34     1.9429     0.4926  1.000e-12  0.3866000     7.8332     7.8327    -0.0005     6.2450     6.2446     43.102     44.037      0.589    1428.02    1428.02  0.000e+00
      10363     44.000     3.0010     3.0017     0.0007    0.80020    0.80019          1     9.2935     9.1998      46.60     1.9095     0.4950  1.000e-12  0.3797000     7.8378     7.8375    -0.0003     6.2489     6.2487     43.597     44.543      0.523    1427.96    1427.96  0.000e+00
      10389     44.500     2.9880     2.9891     0.0011    0.80054    0.80053          1     9.2971     9.1944      45.96     1.9979     0.4636  1.000e-12  0.3886000     7.8444     7.8441    -0.0003     6.2543     6.2540     44.093     45.049      0.439    1427.92    1427.92  0.000e+00
      10418     45.000     2.9456     2.9453    -0.0003    0.80052    0.80048          1     9.2977     9.1821      45.38     1.9383     0.4699  1.000e-12  0.3629000     7.8546     7.8542    -0.0004     6.2629     6.2625     44.588     45.555      0.444    1427.74    1427.74  0.000e+00
      10443     45.500     2.8858     2.8881     0.0024    0.80008    0.80007          1     9.2944     9.1864      44.98     1.8857     0.5249  1.000e-12  0.4093000     7.8645     7.8638    -0.0006     6.2713     6.2708     45.083     46.061      0.524    1427.49    1427.50  0.000e+00
      10464     46.000     2.8214     2.8241     0.0027    0.80079    0.80077          1     9.3257     9.2148      44.47     2.0906     0.5545  1.000e-12  0.4018000     7.8878     7.8869    -0.0009     6.2905     6.2897     45.579     46.567      0.568    1427.23    1427.24  0.000e+00
      10485     46.500     2.7844     2.7859     0.0016    0.80191    0.80192          1     9.3537     9.2410      43.98     1.9567     0.5518  1.000e-12  0.4101000     7.9087     7.9084    -0.0003     6.3074     6.3072     46.074     47.074      0.556    1427.09    1427.10  0.000e+00
      10508     47.000     2.7893     2.7904     0.0011    0.80361    0.80357          1     9.3324     9.2158      45.91     1.8827     0.4793  1.000e-12  0.3795000     7.9254     7.9247    -0.0006     6.3207     6.3202     46.570     47.580      0.499    1427.15    1427.15  0.000e+00
      10534     47.500     2.7694     2.7699     0.0006    0.80402    0.80400          1     9.3231     9.1885      65.64     1.7508     0.4443  1.000e-12  0.3908000     7.9346     7.9342    -0.0004     6.3282     6.3279     47.065     48.086      0.441    1427.07    1427.08  0.000e+00
      10562     48.000     2.7199     2.7197    -0.0001    0.80417    0.80417          1     9.3871     9.2555      41.78     1.7754     0.4609  1.000e-12  0.3955000     7.9484     7.9484     0.0001     6.3396     6.3396     47.560     48.592      0.447    1426.87    1426.87  0.000e+00
      10587     48.500     2.7896     2.7911     0.0015    0.80820    0.80822          1     9.3427     9.2217      41.93     1.7396     0.4820  1.000e-12  0.3672000     7.9738     7.9736    -0.0001     6.3593     6.3592     48.056     49.098      0.520    1427.23    1427.24  0.000e+00
      10608     49.000     2.8082     2.8108     0.0026    0.81242    0.81237          1     9.2909     9.1632      41.46     1.6352     0.4533  1.000e-12  0.3556000     8.0138     8.0126    -0.0012     6.3912     6.3902     48.551     49.604      0.562    1427.38    1427.39  0.000e+00
      10629     49.500     2.7180     2.7199     0.0019    0.81426    0.81424          1     9.2573     9.1207      40.89     1.6212     0.3748  1.000e-12  0.3477000     8.0559     8.0552    -0.0007     6.4254     6.4249     49.046     50.110      0.552    1427.02    1427.03  0.000e+00
      10652     50.000     2.6814     2.6827     0.0013    0.81645    0.81641          1     9.2125     9.0677      40.30     1.6738     0.3784  1.000e-12  0.3448000     8.0884     8.0876    -0.0008     6.4516     6.4510     49.542     50.616      0.497    1426.91    1426.91  0.000e+00
      10678     50.500     2.6459     2.6462     0.0003    0.82089    0.82102          1     9.1591     9.0067      39.75     1.7584     0.3606  1.000e-12  0.3797000     8.1446     8.1460     0.0014     6.4968     6.4979     50.037     51.122      0.450    1426.82    1426.83  0.000e+00
      10705     51.000     2.6038     2.6050     0.0012    0.83047    0.83046          1     9.1088     8.9634      39.27     1.7944     0.3797  1.000e-12  0.4278000     8.2577     8.2573    -0.0005     6.5873     6.5870     50.532     51.628      0.474    1426.78    1426.79  0.000e+00
      10729     51.500     2.5820     2.5836     0.0016    0.83880    0.83868          1     9.0730     8.9436      38.80     1.3884     0.3964  1.000e-12  0.4125000     8.3524     8.3506    -0.0018     6.6631     6.6617     51.028     52.134      0.528    1426.81    1426.82  0.000e+00
      10750     52.000     2.5566     2.5585     0.0018    0.84573    0.84567          1     9.0490     8.9269      38.26     1.4706     0.3896  1.000e-12  0.3760000     8.4332     8.4320    -0.0012     6.7278     6.7268     51.523     52.640      0.562    1426.81    1426.81  0.000e+00
      10771     52.500     2.5243     2.5261     0.0018    0.85612    0.85612          1     9.0288     8.9099      37.71     1.2066     0.3679  1.000e-12  0.4197000     8.5533     8.5528    -0.0005     6.8239     6.8235     52.018     53.146      0.563    1426.82    1426.83  0.000e+00
      10793     53.000     2.5051     2.5064     0.0014    0.86097    0.86088          1     9.0107     8.8888      37.28     1.9408     0.3250  1.000e-12  0.4639000     8.6105     8.6091    -0.0013     6.8697     6.8686     52.514     53.651      0.522    1426.82    1426.82  0.000e+00
      10818     53.500     2.5004     2.5016     0.0012    0.86566    0.86548          1     8.9848     8.8614      36.69     1.4245     0.5913  1.000e-12  0.4406000     8.6622     8.6599    -0.0023     6.9110     6.9092     53.009     54.157      0.457    1426.87    1426.87  0.000e+00
      10845     54.000     2.5020     2.5031     0.0011    0.87284    0.87271          1     8.9544     8.8240      36.02     1.2869     0.3882  1.000e-12  0.4271000     8.7389     8.7372    -0.0016     6.9723     6.9710     53.504     54.663      0.458    1426.98    1426.99  0.000e+00
      10870     54.500     2.5052     2.5064     0.0011    0.87467    0.87463          1     8.9377     8.8104      35.52     1.1521     0.3500  1.000e-12  0.3942000     8.7577     8.7569    -0.0008     6.9873     6.9867     54.000     55.169      0.528    1427.03    1427.04  0.000e+00
      10891     55.000     2.5049     2.5062     0.0013    0.87879    0.87871          1     8.9230     8.8131      35.05     1.7167     0.3923  1.000e-12  0.4388000     8.8021     8.8009    -0.0012     7.0228     7.0218     54.495     55.674      0.583    1427.10    1427.10  0.000e+00
      10911     55.500     2.4995     2.5007     0.0013    0.88541    0.88531          1     8.9112     8.8046      34.50     1.7223     0.3753  1.000e-12  0.4406000     8.8748     8.8734    -0.0014     7.0809     7.0798     54.990     56.180      0.588    1427.17    1427.18  0.000e+00
