ctdpy/exports/archive_20191121_122431/received_data/SBE09_1044_20180319_1948_34_02_0071.cnv
* Sea-Bird SBE 9 Data File:
* FileName = C:\ctd\temp\2018\ME18D071.hex
* Software Version Seasave V 7.26.6.26
* Temperature SN = 5351
* Conductivity SN = 3941
* Number of Bytes Per Scan = 41
* Number of Voltage Words = 4
* Number of Scans Averaged by the Deck Unit = 1
* NMEA Latitude = 58 15.58 N
* NMEA Longitude = 011 26.13 E
* NMEA UTC (Time) = Mar 19 2018  19:48:33
* NMEA baud rate = 4800
** Station:  Slägg
** Operator:  A-KTh
** Ship: MERI
** Average sound velocity: 1464.65 m/s
** True-depth calculation Mon, 19 Mar 2018 20:44:34 +0000
** CTD Python Module SMHI /ver 3-12/ feb 2012 
** LIMS Job: 20183402-0071
** Cruise: SMHI-02-2018
** Latitude [GG MM.mm N] :
** Longitude [GG MM.mm E]:
# nquan = 26
# nvalues = 134                         
# units = specified
# name 0 = scan: Scan Count
# name 1 = prDM: Pressure, Digiquartz [db]
# name 2 = t090C: Temperature [ITS-90, deg C]
# name 3 = t190C: Temperature, 2 [ITS-90, deg C]
# name 4 = T2-T190C: Temperature Difference, 2 - 1 [ITS-90, deg C]
# name 5 = c0S/m: Conductivity [S/m]
# name 6 = c1S/m: Conductivity, 2 [S/m]
# name 7 = pumps: Pump Status
# name 8 = sbeox0ML/L: Oxygen, SBE 43 [ml/l]
# name 9 = sbeox1ML/L: Oxygen, SBE 43, 2 [ml/l]
# name 10 = altM: Altimeter [m]
# name 11 = flECO-AFL: Chl-a Fluorescence, WET Labs ECO-AFL/FL [mg/m^3]
# name 12 = flECO-AFL1: Phycocyanin Fluorescence, WET Labs ECO-AFL/FL, 2 [mg/m^3]
# name 13 = par: PAR/Irradiance, Biospherical/Lico [µE/(cm^2*s)]
# name 14 = turbWETntu0: Turbidity, WET Labs ECO [NTU]
# name 15 = sal00: Salinity, Practical [PSU]
# name 16 = sal11: Salinity, Practical, 2 [PSU]
# name 17 = secS-priS: Salinity, Practical, Difference, 2 - 1 [PSU]
# name 18 = sigma-t00: Density [sigma-t, Kg/m^3 ]
# name 19 = sigma-t11: Density, 2 [sigma-t, Kg/m^3 ]
# name 20 = depSM: Depth [salt water, m], lat = 58.2597
# name 21 = depFM: Depth [true depth, m], lat = 58.2597
# name 22 = dz/dtM: Descent Rate [m/s], WS = 2
# name 23 = svCM: Sound Velocity [Chen-Millero, m/s]
# name 24 = svCM1: Sound Velocity, 2 [Chen-Millero, m/s]
# name 25 = flag: flag
# span 0 =      16740,      20169       
# span 1 =      0.500,     67.000       
# span 2 =    -0.2280,     6.5963       
# span 3 =    -0.2269,     6.6004       
# span 4 =    -0.2697,     0.0151       
# span 5 =   1.781744,   3.455453       
# span 6 =   1.780640,   3.456324       
# span 7 =          1,          1       
# span 8 =    4.23492,    9.85338       
# span 9 =    4.20345,    9.83903       
# span 10 =       1.81,      99.20      
# span 11 =     0.0874,    11.6754      
# span 12 =     0.1465,     1.6766      
# span 13 = -1.582e-02, 2.7963e-01      
# span 14 =     0.5414,     1.3726      
# span 15 =    20.6334,    34.5676      
# span 16 =    20.6390,    34.5729      
# span 17 =    -0.0676,     0.0484      
# span 18 =    16.5247,    27.1331      
# span 19 =    16.5295,    27.1367      
# span 20 =      0.495,     66.367      
# span 21 =      0.501,     66.599      
# span 22 =     -0.200,      0.553      
# span 23 =    1428.98,    1477.64      
# span 24 =    1428.95,    1477.67      
# span 25 = 0.0000e+00, 0.0000e+00      
# interval = decibars: 0.5              
# start_time = Mar 19 2018 19:48:33 [NMEA time, first data scan]
# bad_flag = -9.990e-29
*END*
[from data line 112]
      19622     56.500     6.4557     6.4565     0.0008    3.43254    3.43271          1     5.6245     5.6444      11.79     0.1016     0.2211  1.000e-12  1.2512000    34.4597    34.4608     0.0011    27.0667    27.0674     55.967     56.186      0.501    1476.79    1476.79  0.000e+00
      19645     57.000     6.4566     6.4583     0.0018    3.43270    3.43307          1     5.6261     5.6409      11.54     0.1059     0.2205  1.000e-12  1.2485000    34.4602    34.4627     0.0025    27.0669    27.0687     56.463     56.682      0.518    1476.80    1476.81  0.000e+00
      19668     57.500     6.4670     6.4690     0.0020    3.43440    3.43481          1     5.6250     5.6360      11.05     0.1100     0.2274  1.000e-12  1.2012000    34.4685    34.4710     0.0025    27.0722    27.0739     56.958     57.178      0.540    1476.86    1476.87  0.000e+00
      19690     58.000     6.4728     6.4755     0.0026    3.43540    3.43591          1     5.6216     5.6319      10.58     0.0896     0.2271  1.000e-12  1.1432000    34.4735    34.4765     0.0030    27.0753    27.0773     57.453     57.674      0.545    1476.90    1476.91  0.000e+00
      19712     58.500     6.4838     6.4823    -0.0016    3.43723    3.43703          1     5.6168     5.6293       9.75     0.1139     0.2110  1.000e-12  1.1805000    34.4825    34.4819    -0.0006    27.0810    27.0807     57.948     58.170      0.530    1476.96    1476.95  0.000e+00
      19735     59.000     6.4841     6.4830    -0.0010    3.43735    3.43721          1     5.6097     5.6267       9.01     0.1138     0.2060  1.000e-12  1.1311000    34.4833    34.4829    -0.0005    27.0816    27.0814     58.444     58.665      0.511    1476.97    1476.96  0.000e+00
      19759     59.500     6.4890     6.4874    -0.0015    3.43811    3.43791          1     5.6033     5.6192       8.39     0.1239     0.1925  1.000e-12  1.1047000    34.4865    34.4858    -0.0007    27.0835    27.0831     58.939     59.161      0.505    1477.00    1476.99  0.000e+00
      19783     60.000     6.4886     6.4894     0.0008    3.43807    3.43826          1     5.5982     5.6135       7.76     0.1260     0.1959  1.000e-12  1.1552000    34.4863    34.4876     0.0014    27.0833    27.0843     59.434     59.657      0.520    1477.01    1477.01  0.000e+00
      19805     60.500     6.4932     6.4911    -0.0021    3.43883    3.43852          1     5.6005     5.6121       7.20     0.1178     0.2325  1.000e-12  1.1583000    34.4899    34.4886    -0.0013    27.0855    27.0848     59.929     60.153      0.536    1477.04    1477.03  0.000e+00
      19827     61.000     6.4964     6.4970     0.0006    3.43936    3.43949          1     5.6036     5.6148       6.78     0.1083     0.2570  1.000e-12  1.1584000    34.4922    34.4931     0.0009    27.0869    27.0876     60.424     60.649      0.539    1477.06    1477.06  0.000e+00
      19850     61.500     6.5021     6.5040     0.0018    3.44029    3.44066          1     5.6025     5.6202       6.59     0.0927     0.2620  1.000e-12  1.1611000    34.4966    34.4989     0.0022    27.0897    27.0912     60.920     61.145      0.526    1477.10    1477.11  0.000e+00
      19873     62.000     6.5181     6.5185     0.0003    3.44285    3.44306          1     5.5999     5.6255       6.32     0.0874     0.1883  1.000e-12  1.1614000    34.5087    34.5106     0.0019    27.0971    27.0985     61.415     61.640      0.509    1477.18    1477.19  0.000e+00
      19897     62.500     6.5349     6.5353     0.0004    3.44560    3.44576          1     5.6010     5.6244       5.84     0.1185     0.2242  1.000e-12  1.1986000    34.5220    34.5234     0.0014    27.1054    27.1064     61.910     62.136      0.506    1477.27    1477.28  0.000e+00
      19920     63.000     6.5577     6.5546    -0.0031    3.44922    3.44882          1     5.6088     5.6245       5.74     0.1364     0.2184  1.000e-12  1.2388000    34.5391    34.5378    -0.0012    27.1158    27.1152     62.405     62.632      0.518    1477.39    1477.38  0.000e+00
      19943     63.500     6.5645     6.5587    -0.0058    3.45041    3.44948          1     5.6138     5.6266       5.44     0.1136     0.1993  1.000e-12  1.3530000    34.5452    34.5407    -0.0045    27.1197    27.1169     62.901     63.128      0.531    1477.43    1477.41  0.000e+00
      19966     64.000     6.5703     6.5669    -0.0035    3.45133    3.45088          1     5.6115     5.6247       5.02     0.1138     0.1912  1.000e-12  1.3279000    34.5494    34.5478    -0.0015    27.1222    27.1215     63.396     63.624      0.541    1477.47    1477.46  0.000e+00
      19988     64.500     6.5778     6.5767    -0.0011    3.45248    3.45241          1     5.6077     5.6318       4.57     0.1037     0.1996  1.000e-12  1.3726000    34.5543    34.5546     0.0004    27.1251    27.1255     63.891     64.120      0.539    1477.51    1477.51  0.000e+00
      20010     65.000     6.5840     6.5826    -0.0015    3.45355    3.45335          1     5.6062     5.6299       4.10     0.0935     0.2585  1.000e-12  1.3454000    34.5596    34.5589    -0.0007    27.1284    27.1281     64.386     64.615      0.523    1477.55    1477.55  0.000e+00
      20034     65.500     6.5795     6.5828     0.0033    3.45290    3.45340          1     5.6103     5.6338       3.61     0.1032     0.2412  1.000e-12  1.2543000    34.5568    34.5589     0.0022    27.1268    27.1281     64.881     65.111      0.503    1477.54    1477.56  0.000e+00
      20058     66.000     6.5788     6.5785    -0.0003    3.45278    3.45271          1     5.6233     5.6399       3.09     0.1139     0.2100  1.000e-12  1.2198000    34.5559    34.5553    -0.0006    27.1262    27.1258     65.376     65.607      0.502    1477.55    1477.54  0.000e+00
      20081     66.500     6.5963     6.5981     0.0018    3.45545    3.45594          1     5.6234     5.6395       2.63     0.1082     0.2175  1.000e-12  1.2770000    34.5676    34.5712     0.0037    27.1331    27.1358     65.872     66.103      0.485    1477.64    1477.65  0.000e+00
      20169     67.000     6.5853     6.6004     0.0151    3.45412    3.45632          1     5.6194     5.6454       1.81     0.1087     0.2141  1.000e-12  1.3107000    34.5637    34.5729     0.0092    27.1315    27.1367     66.367     66.599     -0.200    1477.60    1477.67  0.000e+00
