ctdpy/exports/archive_20191121_122431/received_data/SBE09_0827_20181126_1145_26_01_1252.cnv
* Sea-Bird SBE 9 Data File:
* FileName = D:\CTD_SBE911\DAT\26DA.2018.12.52.hex
* Software Version Seasave V 7.21d
* Temperature SN = 4548
* Conductivity SN = 3062
* Number of Bytes Per Scan = 48
* Number of Voltage Words = 5
* Number of Scans Averaged by the Deck Unit = 1
* NMEA Latitude = 56 42.44 N
* NMEA Longitude = 017 02.78 E
* NMEA UTC (Time) = Nov 26 2018  11:46:05
* NMEA baud rate = 4800
** Ship: DANA
** Average sound velocity: 1441.16 m/s
** True-depth calculation Tue, 02 Apr 2019 12:15:31 +0000
** CTD Python Module SMHI /ver 3-12/ feb 2012 
** LIMS Job: 20182601-1252
** Operator: Ronny
** Cruise: 12/2018
# nquan = 26
# nvalues = 153                         
# units = specified
# name 0 = scan: Scan Count
# name 1 = prDM: Pressure, Digiquartz [db]
# name 2 = t090C: Temperature [ITS-90, deg C]
# name 3 = t190C: Temperature, 2 [ITS-90, deg C]
# name 4 = T2-T190C: Temperature Difference, 2 - 1 [ITS-90, deg C]
# name 5 = c0S/m: Conductivity [S/m]
# name 6 = c1S/m: Conductivity, 2 [S/m]
# name 7 = pumps: Pump Status
# name 8 = sbeox1ML/L: Oxygen, SBE 43, 2 [ml/l]
# name 9 = sbeox0ML/L: Oxygen, SBE 43 [ml/l]
# name 10 = altM: Altimeter [m]
# name 11 = chloroflTC0: Chlorophyll, Turner Cyclops [ug/l]
# name 12 = cpar: CPAR/Corrected Irradiance [%]
# name 13 = par: PAR/Irradiance, Biospherical/Lico [µE/(cm^2*s)]
# name 14 = spar: SPAR, Biospherical/Licor
# name 15 = sal00: Salinity, Practical [PSU]
# name 16 = sal11: Salinity, Practical, 2 [PSU]
# name 17 = secS-priS: Salinity, Practical, Difference, 2 - 1 [PSU]
# name 18 = sigma-t00: Density [sigma-t, kg/m^3 ]
# name 19 = sigma-t11: Density, 2 [sigma-t, kg/m^3 ]
# name 20 = depSM: Depth [salt water, m], lat = 56.7073
# name 21 = depFM: Depth [true depth, m], lat = 56.7073
# name 22 = dz/dtM: Descent Rate [m/s], WS = 2
# name 23 = svCM: Sound Velocity [Chen-Millero, m/s]
# name 24 = svCM1: Sound Velocity, 2 [Chen-Millero, m/s]
# name 25 = flag: flag
# span 0 =        202,       7207       
# span 1 =      0.500,     76.500       
# span 2 =     4.0863,     7.2396       
# span 3 =     4.0801,     7.2401       
# span 4 =    -0.2784,     0.0661       
# span 5 =   0.806924,   0.924651       
# span 6 =   0.806303,   0.934256       
# span 7 =          1,          1       
# span 8 =     1.9922,     7.6437       
# span 9 =     2.0582,     7.8712       
# span 10 =       1.07,       9.99      
# span 11 =     0.0158,     0.0277      
# span 12 = -4.456e-06, 1.8741e+00      
# span 13 = -5.383e-05, 2.2460e+01      
# span 14 = 1.1728e+03, 1.2246e+03      
# span 15 =     7.1683,     8.7047      
# span 16 =     7.1682,     8.7923      
# span 17 =    -0.0066,     0.1059      
# span 18 =     5.5707,     6.8981      
# span 19 =     5.5706,     6.9661      
# span 20 =      0.495,     75.785      
# span 21 =      0.506,     77.468      
# span 22 =      0.156,      0.341      
# span 23 =    1433.13,    1445.83      
# span 24 =    1433.10,    1445.83      
# span 25 = 0.0000e+00, 0.0000e+00      
# interval = decibars: 0.5              
# start_time = Nov 26 2018 11:46:05 [NMEA time, first data scan]
# bad_flag = -9.990e-29
*END*
[from data line 56]
       2815     28.500     6.8987     6.8958    -0.0029    0.82293    0.82269          1     7.6083     7.8268       9.96     0.0264  8.343e-14  1.000e-12  1.199e+03     7.1858     7.1842    -0.0016     5.5817     5.5806     28.237     28.867      0.268    1444.04    1444.02  0.000e+00
       2861     29.000     6.8996     6.8982    -0.0013    0.82300    0.82290          1     7.6017     7.8316       9.96     0.0260  8.367e-14  1.000e-12  1.195e+03     7.1863     7.1855    -0.0007     5.5820     5.5815     28.732     29.374      0.258    1444.05    1444.04  0.000e+00
       2907     29.500     6.8991     6.8989    -0.0002    0.82305    0.82298          1     7.5827     7.8297       9.96     0.0263  8.237e-14  1.000e-12  1.214e+03     7.1868     7.1862    -0.0006     5.5824     5.5820     29.228     29.880      0.276    1444.06    1444.05  0.000e+00
       2949     30.000     6.8964     6.8975     0.0011    0.82305    0.82304          1     7.5989     7.8271       9.96     0.0259  8.282e-14  1.000e-12  1.208e+03     7.1872     7.1869    -0.0003     5.5830     5.5827     29.723     30.387      0.282    1444.05    1444.06  0.000e+00
       2994     30.500     6.8953     6.8959     0.0006    0.82304    0.82302          1     7.5879     7.8287       9.96     0.0258  8.233e-14  1.000e-12  1.215e+03     7.1873     7.1870    -0.0003     5.5831     5.5828     30.218     30.893      0.261    1444.06    1444.06  0.000e+00
       3037     31.000     6.8955     6.8955    -0.0000    0.82305    0.82303          1     7.5844     7.8304       9.96     0.0265  8.204e-14  1.000e-12  1.219e+03     7.1873     7.1871    -0.0001     5.5831     5.5830     30.714     31.400      0.289    1444.07    1444.06  0.000e+00
       3080     31.500     6.8951     6.8955     0.0004    0.82304    0.82304          1     7.5983     7.8306       9.96     0.0265  8.276e-14  1.000e-12  1.208e+03     7.1873     7.1871    -0.0002     5.5831     5.5829     31.209     31.906      0.262    1444.07    1444.07  0.000e+00
       3127     32.000     6.8949     6.8951     0.0002    0.82306    0.82305          1     7.5960     7.8334       9.96     0.0264  8.166e-14  1.000e-12  1.225e+03     7.1874     7.1872    -0.0002     5.5832     5.5830     31.704     32.413      0.266    1444.08    1444.08  0.000e+00
       3170     32.500     6.8958     6.8957    -0.0001    0.82310    0.82308          1     7.5928     7.8322       9.96     0.0268  8.234e-14  1.000e-12  1.214e+03     7.1875     7.1874    -0.0002     5.5833     5.5831     32.200     32.919      0.283    1444.09    1444.09  0.000e+00
       3214     33.000     6.9005     6.8986    -0.0018    0.82327    0.82319          1     7.5702     7.8201       9.96     0.0263  8.263e-14  1.000e-12  1.210e+03     7.1881     7.1877    -0.0004     5.5834     5.5832     32.695     33.425      0.261    1444.12    1444.11  0.000e+00
       3260     33.500     6.9273     6.9216    -0.0057    0.82422    0.82399          1     7.5628     7.8067       9.96     0.0259  8.350e-14  1.000e-12  1.198e+03     7.1913     7.1904    -0.0010     5.5841     5.5838     33.190     33.932      0.279    1444.24    1444.22  0.000e+00
       3301     34.000     6.9989     6.9809    -0.0180    0.82690    0.82616          1     7.5516     7.7904       9.96     0.0256  8.282e-14  1.000e-12  1.208e+03     7.2014     7.1982    -0.0032     5.5873     5.5860     33.686     34.438      0.286    1444.57    1444.48  0.000e+00
       3346     34.500     7.1229     7.0918    -0.0311    0.83193    0.83052          1     7.5220     7.7469       9.96     0.0255  8.246e-14  1.000e-12  1.213e+03     7.2225     7.2158    -0.0066     5.5954     5.5923     34.181     34.945      0.255    1445.12    1444.98  0.000e+00
       3391     35.000     7.1795     7.1718    -0.0077    0.83481    0.83428          1     7.4883     7.7015       9.96     0.0241  8.343e-14  1.000e-12  1.199e+03     7.2375     7.2341    -0.0033     5.6033     5.6012     34.677     35.451      0.282    1445.38    1445.34  0.000e+00
       3433     35.500     7.1493     7.1574     0.0081    0.83556    0.83547          1     7.4460     7.6689       9.96     0.0233  8.305e-14  1.000e-12  1.204e+03     7.2507     7.2482    -0.0025     5.6158     5.6132     35.172     35.958      0.277    1445.28    1445.31  0.000e+00
       3479     36.000     7.1370     7.1374     0.0004    0.83580    0.83564          1     7.4316     7.6492       9.96     0.0234  8.268e-14  1.000e-12  1.209e+03     7.2555     7.2539    -0.0016     5.6204     5.6191     35.667     36.464      0.253    1445.24    1445.24  0.000e+00
       3525     36.500     7.1402     7.1396    -0.0007    0.83604    0.83598          1     7.4256     7.6596       9.96     0.0228  8.325e-14  1.000e-12  1.201e+03     7.2570     7.2565    -0.0005     5.6213     5.6210     36.162     36.970      0.287    1445.27    1445.26  0.000e+00
       3565     37.000     7.1445     7.1442    -0.0003    0.83622    0.83618          1     7.4307     7.6609       9.96     0.0218  8.285e-14  1.000e-12  1.207e+03     7.2577     7.2574    -0.0003     5.6216     5.6213     36.658     37.477      0.288    1445.29    1445.29  0.000e+00
       3610     37.500     7.1484     7.1480    -0.0005    0.83638    0.83633          1     7.4333     7.6622       9.96     0.0223  8.212e-14  1.000e-12  1.218e+03     7.2583     7.2579    -0.0003     5.6218     5.6215     37.153     37.983      0.256    1445.32    1445.31  0.000e+00
       3654     38.000     7.1484     7.1484     0.0000    0.83641    0.83638          1     7.4396     7.6644       9.96     0.0220  8.326e-14  1.000e-12  1.201e+03     7.2585     7.2583    -0.0003     5.6220     5.6218     37.648     38.490      0.287    1445.32    1445.32  0.000e+00
       3698     38.500     7.1476     7.1479     0.0002    0.83642    0.83640          1     7.4364     7.6695       9.96     0.0220  8.342e-14  1.000e-12  1.199e+03     7.2588     7.2585    -0.0002     5.6222     5.6220     38.144     38.996      0.264    1445.33    1445.33  0.000e+00
       3744     39.000     7.1452     7.1470     0.0018    0.83644    0.83643          1     7.4410     7.6621       9.96     0.0233  8.349e-14  1.000e-12  1.198e+03     7.2594     7.2589    -0.0005     5.6229     5.6223     38.639     39.503      0.263    1445.33    1445.34  0.000e+00
       3788     39.500     7.1159     7.1224     0.0065    0.83582    0.83594          1     7.4115     7.6175       9.96     0.0237  8.385e-14  1.000e-12  1.193e+03     7.2596     7.2594    -0.0002     5.6251     5.6245     39.134     40.009      0.270    1445.22    1445.24  0.000e+00
       3833     40.000     7.0744     7.0772     0.0028    0.83507    0.83505          1     7.3834     7.6094       9.96     0.0221  8.335e-14  1.000e-12  1.200e+03     7.2613     7.2606    -0.0008     5.6293     5.6285     39.630     40.515      0.266    1445.05    1445.06  0.000e+00
       3877     40.500     7.1292     7.1232    -0.0060    0.83771    0.83747          1     7.3813     7.6278       9.96     0.0220  8.310e-14  1.000e-12  1.203e+03     7.2744     7.2734    -0.0010     5.6357     5.6354     40.125     41.022      0.286    1445.30    1445.28  0.000e+00
       3919     41.000     7.1662     7.1630    -0.0033    0.83942    0.83926          1     7.4000     7.6513       9.96     0.0215  8.348e-14  1.000e-12  1.198e+03     7.2825     7.2817    -0.0008     5.6395     5.6392     40.620     41.528      0.270    1445.48    1445.46  0.000e+00
       3966     41.500     7.2099     7.2092    -0.0007    0.84142    0.84132          1     7.4075     7.6645       9.96     0.0227  8.374e-14  1.000e-12  1.194e+03     7.2919     7.2911    -0.0008     5.6439     5.6433     41.116     42.035      0.255    1445.68    1445.67  0.000e+00
       4011     42.000     7.2248     7.2244    -0.0004    0.84207    0.84200          1     7.4120     7.6669       9.96     0.0233  8.373e-14  1.000e-12  1.194e+03     7.2947     7.2942    -0.0005     5.6451     5.6447     41.611     42.541      0.280    1445.75    1445.75  0.000e+00
       4056     42.500     7.2396     7.2401     0.0005    0.84281    0.84280          1     7.4238     7.6637       9.96     0.0238  8.317e-14  1.000e-12  1.202e+03     7.2985     7.2982    -0.0003     5.6470     5.6467     42.106     43.047      0.248    1445.83    1445.83  0.000e+00
       4104     43.000     7.2358     7.2365     0.0007    0.84280    0.84280          1     7.4275     7.6539       9.96     0.0220  8.358e-14  1.000e-12  1.196e+03     7.2991     7.2989    -0.0001     5.6477     5.6475     42.602     43.554      0.270    1445.82    1445.82  0.000e+00
       4148     43.500     7.2352     7.2371     0.0019    0.84282    0.84285          1     7.4255     7.6559       9.96     0.0236  8.399e-14  1.000e-12  1.191e+03     7.2993     7.2993    -0.0000     5.6479     5.6478     43.097     44.060      0.264    1445.83    1445.83  0.000e+00
       4194     44.000     7.2342     7.2344     0.0002    0.84280    0.84282          1     7.4261     7.6570       9.96     0.0230  8.300e-14  1.000e-12  1.205e+03     7.2994     7.2995     0.0001     5.6480     5.6481     43.592     44.567      0.264    1445.83    1445.83  0.000e+00
       4237     44.500     7.2124     7.2035    -0.0089    0.84264    0.84260          1     7.4258     7.6385       9.96     0.0222  8.263e-14  1.000e-12  1.210e+03     7.3024     7.3039     0.0015     5.6519     5.6538     44.088     45.073      0.277    1445.75    1445.72  0.000e+00
       4285     45.000     7.1906     7.1565    -0.0341    0.84249    0.84222          1     7.3925     7.6007       9.96     0.0225  8.301e-14  1.000e-12  1.205e+03     7.3055     7.3102     0.0047     5.6559     5.6620     44.583     45.580      0.243    1445.67    1445.54  0.000e+00
       4332     45.500     7.1475     7.0966    -0.0510    0.84203    0.84153          1     7.3304     7.5840       9.96     0.0232  8.376e-14  1.000e-12  1.194e+03     7.3103     7.3164     0.0061     5.6627     5.6710     45.078     46.086      0.271    1445.51    1445.30  0.000e+00
       4376     46.000     7.1403     7.0025    -0.1377    0.84186    0.84040          1     7.2648     7.5406       9.96     0.0220  8.337e-14  1.000e-12  1.200e+03     7.3101     7.3257     0.0156     5.6630     5.6848     45.574     46.592      0.258    1445.48    1444.93  0.000e+00
       4424     46.500     7.0115     6.9780    -0.0336    0.84043    0.84011          1     7.2416     7.4666       9.96     0.0220  8.457e-14  1.000e-12  1.183e+03     7.3240     7.3281     0.0042     5.6827     5.6883     46.069     47.099      0.263    1444.97    1444.83  0.000e+00
       4467     47.000     7.0062     6.9068    -0.0994    0.84040    0.83920          1     7.1938     7.4419       9.96     0.0216  8.413e-14  1.000e-12  1.189e+03     7.3248     7.3347     0.0099     5.6837     5.6982     46.564     47.605      0.282    1444.96    1444.55  0.000e+00
       4511     47.500     6.9286     6.8274    -0.1012    0.83941    0.83830          1     7.1434     7.3944       9.96     0.0208  8.316e-14  1.000e-12  1.202e+03     7.3319     7.3431     0.0112     5.6945     5.7100     47.060     48.111      0.258    1444.65    1444.24  0.000e+00
       4558     48.000     6.8800     6.8097    -0.0703    0.83890    0.83816          1     7.1324     7.3575       9.96     0.0211  8.377e-14  1.000e-12  1.194e+03     7.3375     7.3454     0.0080     5.7021     5.7130     47.555     48.618      0.270    1444.46    1444.17  0.000e+00
       4601     48.500     6.8366     6.6567    -0.1798    0.83843    0.83627          1     7.0544     7.3245       9.96     0.0209  8.347e-14  1.000e-12  1.198e+03     7.3422     7.3603     0.0181     5.7087     5.7345     48.050     49.124      0.269    1444.29    1443.55  0.000e+00
       4647     49.000     6.7163     6.5230    -0.1934    0.83692    0.83510          1     6.9195     7.2296       9.96     0.0195  8.354e-14  1.000e-12  1.197e+03     7.3537     7.3780     0.0243     5.7255     5.7567     48.545     49.631      0.261    1443.81    1443.02  0.000e+00
       4691     49.500     6.6004     6.3825    -0.2178    0.83579    0.83401          1     6.8075     7.1128       9.96     0.0183  8.264e-14  1.000e-12  1.210e+03     7.3677     7.3979     0.0302     5.7439     5.7808     49.041     50.137      0.278    1443.34    1442.45  0.000e+00
       4735     50.000     6.4404     6.1617    -0.2784    0.83436    0.83183          1     6.6992     6.9563       9.96     0.0182  8.361e-14  1.000e-12  1.196e+03     7.3886     7.4251     0.0364     5.7701     5.8149     49.536     50.643      0.272    1442.70    1441.56  0.000e+00
       4779     50.500     6.2141     6.0468    -0.1676    0.83216    0.83064          1     6.6339     6.8311       9.96     0.0171  8.250e-14  1.000e-12  1.212e+03     7.4167     7.4387     0.0220     5.8054     5.8320     50.031     51.150      0.280    1441.78    1441.09  0.000e+00
       4822     51.000     6.0911     5.9322    -0.1592    0.83086    0.82888          1     6.5805     6.7625       9.96     0.0171  8.221e-14  1.000e-12  1.216e+03     7.4310     7.4468     0.0158     5.8235     5.8446     50.527     51.656      0.265    1441.28    1440.62  0.000e+00
       4868     51.500     5.9371     5.7622    -0.1746    0.82825    0.82442          1     6.5581     6.7203       9.96     0.0171  8.231e-14  1.000e-12  1.215e+03     7.4396     7.4410     0.0014     5.8386     5.8488     51.022     52.162      0.270    1440.64    1439.88  0.000e+00
       4912     52.000     5.8227     5.6503    -0.1724    0.82559    0.82147          1     6.5591     6.7150       9.96     0.0169  8.224e-14  1.000e-12  1.216e+03     7.4389     7.4369    -0.0020     5.8441     5.8511     51.517     52.669      0.266    1440.15    1439.40  0.000e+00
       4959     52.500     5.6866     5.5244    -0.1623    0.82202    0.81815          1     6.5621     6.7093       9.96     0.0169  8.183e-14  1.000e-12  1.222e+03     7.4343     7.4323    -0.0020     5.8473     5.8535     52.013     53.175      0.252    1439.57    1438.86  0.000e+00
       5004     53.000     5.5322     5.3344    -0.1978    0.81806    0.81368          1     6.5294     6.6935       9.96     0.0163  8.193e-14  1.000e-12  1.220e+03     7.4297     7.4305     0.0008     5.8512     5.8608     52.508     53.681      0.283    1438.90    1438.04  0.000e+00
       5048     53.500     5.3631     5.1882    -0.1748    0.81405    0.81057          1     6.4981     6.6721       9.96     0.0160  8.195e-14  1.000e-12  1.220e+03     7.4278     7.4324     0.0046     5.8574     5.8686     53.003     54.188      0.258    1438.17    1437.41  0.000e+00
       5095     54.000     5.2183     5.1275    -0.0909    0.81109    0.80986          1     6.4874     6.6572       9.96     0.0161  8.300e-14  1.000e-12  1.205e+03     7.4308     7.4389     0.0081     5.8661     5.8764     53.498     54.694      0.265    1437.55    1437.16  0.000e+00
       5139     54.500     5.1430     5.0318    -0.1113    0.80978    0.80759          1     6.4740     6.6487       9.96     0.0159  8.328e-14  1.000e-12  1.201e+03     7.4346     7.4378     0.0031     5.8723     5.8793     53.994     55.200      0.267    1437.23    1436.75  0.000e+00
       5185     55.000     5.0488     4.8793    -0.1695    0.80783    0.80630          1     6.4206     6.6207       9.96     0.0159  8.348e-14  1.000e-12  1.198e+03     7.4362     7.4590     0.0229     5.8774     5.9021     54.489     55.706      0.251    1436.83    1436.11  0.000e+00
       5233     55.500     4.9063     4.7998    -0.1065    0.80692    0.80767          1     6.3180     6.5410       9.96     0.0159  8.288e-14  1.000e-12  1.207e+03     7.4591     7.4905     0.0314     5.9011     5.9300     54.984     56.213      0.258    1436.24    1435.81  0.000e+00
