ctdpy/exports/archive_20191121_122431/received_data/SBE09_1044_20180204_0003_34_02_0057.cnv
* Sea-Bird SBE 9 Data File:
* FileName = C:\ctd\temp\2018\ME18D057.hex
* Software Version Seasave V 7.26.6.26
* Temperature SN = 5351
* Conductivity SN = 3941
* Number of Bytes Per Scan = 41
* Number of Voltage Words = 4
* Number of Scans Averaged by the Deck Unit = 1
* NMEA Latitude = 58 17.05 N
* NMEA Longitude = 010 30.23 E
* NMEA UTC (Time) = Feb 04 2018  00:03:22
* NMEA baud rate = 4800
** Station:  A17
** Operator:  JKro
** Ship: MERI
** Average sound velocity: 1483.03 m/s
** True-depth calculation Sun, 04 Feb 2018 01:41:24 +0000
** CTD Python Module SMHI /ver 3-12/ feb 2012 
** LIMS Job: 20183402-0057
** Cruise: SMHI-01-2018
** Latitude [GG MM.mm N] :
** Longitude [GG MM.mm E]:
# nquan = 26
# nvalues = 696                         
# units = specified
# name 0 = scan: Scan Count
# name 1 = prDM: Pressure, Digiquartz [db]
# name 2 = t090C: Temperature [ITS-90, deg C]
# name 3 = t190C: Temperature, 2 [ITS-90, deg C]
# name 4 = T2-T190C: Temperature Difference, 2 - 1 [ITS-90, deg C]
# name 5 = c0S/m: Conductivity [S/m]
# name 6 = c1S/m: Conductivity, 2 [S/m]
# name 7 = pumps: Pump Status
# name 8 = sbeox0ML/L: Oxygen, SBE 43 [ml/l]
# name 9 = sbeox1ML/L: Oxygen, SBE 43, 2 [ml/l]
# name 10 = altM: Altimeter [m]
# name 11 = flECO-AFL: Chl-a Fluorescence, WET Labs ECO-AFL/FL [mg/m^3]
# name 12 = flECO-AFL1: Phycocyanin Fluorescence, WET Labs ECO-AFL/FL, 2 [mg/m^3]
# name 13 = par: PAR/Irradiance, Biospherical/Lico [µE/(cm^2*s)]
# name 14 = turbWETntu0: Turbidity, WET Labs ECO [NTU]
# name 15 = sal00: Salinity, Practical [PSU]
# name 16 = sal11: Salinity, Practical, 2 [PSU]
# name 17 = secS-priS: Salinity, Practical, Difference, 2 - 1 [PSU]
# name 18 = sigma-t00: Density [sigma-t, Kg/m^3 ]
# name 19 = sigma-t11: Density, 2 [sigma-t, Kg/m^3 ]
# name 20 = depSM: Depth [salt water, m], lat = 58.2842
# name 21 = depFM: Depth [true depth, m], lat = 58.2842
# name 22 = dz/dtM: Descent Rate [m/s], WS = 2
# name 23 = svCM: Sound Velocity [Chen-Millero, m/s]
# name 24 = svCM1: Sound Velocity, 2 [Chen-Millero, m/s]
# name 25 = flag: flag
# span 0 =      15061,      36660       
# span 1 =      2.000,    349.500       
# span 2 =     4.3334,     8.7297       
# span 3 =     4.3331,     8.7289       
# span 4 =    -0.3802,     0.0872       
# span 5 =   2.938489,   3.692944       
# span 6 =   2.938507,   3.693070       
# span 7 =          1,          1       
# span 8 =    5.27037,    7.10026       
# span 9 =    4.50980,    7.28168       
# span 10 =       1.14,     103.00      
# span 11 =     0.0076,     0.8936      
# span 12 =     0.2426,     0.4372      
# span 13 = -2.168e-03, 2.3897e-01      
# span 14 =     0.1460,     1.2177      
# span 15 =    30.9320,    35.0923      
# span 16 =    30.9327,    35.0934      
# span 17 =    -0.4137,     0.1791      
# span 18 =    24.5189,    27.4184      
# span 19 =    24.5194,    27.4191      
# span 20 =      1.981,    345.960      
# span 21 =      1.988,    346.563      
# span 22 =     -0.220,      1.219      
# span 23 =    1462.82,    1486.83      
# span 24 =    1462.82,    1486.84      
# span 25 = 0.0000e+00, 0.0000e+00      
# interval = decibars: 0.5              
# start_time = Feb 04 2018 00:03:23 [NMEA time, first data scan]
# bad_flag = -9.990e-29
*END*
[from data line 391]
      26353    197.500     7.1748     7.1761     0.0013    3.55023    3.55046          1     5.9199     6.6362      98.71     0.0768     0.3507  1.000e-12  0.2458000    34.9630    34.9642     0.0012    27.3652    27.3660    195.572    195.876      0.620    1482.53    1482.54  0.000e+00
      26371    198.000     7.1735     7.1734    -0.0001    3.55016    3.55025          1     5.9246     5.9570      98.71     0.0867     0.3386  1.000e-12  0.2472000    34.9633    34.9644     0.0012    27.3656    27.3665    196.067    196.371      0.649    1482.53    1482.53  0.000e+00
      26390    198.500     7.1708     7.1725     0.0017    3.54988    3.55016          1     5.9228     5.3133      98.71     0.0898     0.3162  1.000e-12  0.2515000    34.9628    34.9641     0.0013    27.3655    27.3663    196.561    196.867      0.547    1482.53    1482.54  0.000e+00
      26420    199.000     7.1673     7.1698     0.0025    3.54957    3.54992          1     5.9201     5.9871      98.71     0.1020     0.2962  1.000e-12  0.2640000    34.9626    34.9639     0.0013    27.3659    27.3666    197.056    197.363      0.296    1482.52    1482.54  0.000e+00
      26472    199.500     7.1662     7.1668     0.0005    3.54950    3.54964          1     5.9113     5.9406      98.71     0.0946     0.2939  1.000e-12  0.2471000    34.9627    34.9637     0.0010    27.3661    27.3669    197.551    197.858      0.359    1482.53    1482.53  0.000e+00
      26494    200.000     7.1650     7.1650    -0.0000    3.54938    3.54947          1     5.9147     5.9449      98.71     0.1017     0.2891  1.000e-12  0.2690000    34.9623    34.9634     0.0010    27.3660    27.3668    198.046    198.354      0.659    1482.53    1482.53  0.000e+00
      26510    200.500     7.1637     7.1638    -0.0000    3.54928    3.54938          1     5.9254     5.9360      98.71     0.1016     0.3365  1.000e-12  0.2760000    34.9623    34.9634     0.0011    27.3662    27.3671    198.541    198.850      0.774    1482.54    1482.54  0.000e+00
      26524    201.000     7.1614     7.1623     0.0009    3.54907    3.54926          1     5.9313     5.9235      98.71     0.0827     0.3343  1.000e-12  0.2844000    34.9621    34.9634     0.0012    27.3664    27.3672    199.036    199.346      0.752    1482.53    1482.54  0.000e+00
      26542    201.500     7.1645     7.1646     0.0002    3.54941    3.54951          1     5.9306     5.9134      98.71     0.0752     0.3326  1.000e-12  0.2770000    34.9625    34.9635     0.0010    27.3662    27.3670    199.531    199.841      0.582    1482.55    1482.56  0.000e+00
      26573    202.000     7.1574     7.1584     0.0010    3.54871    3.54890          1     5.9339     5.9262      98.71     0.0826     0.3413  1.000e-12  0.2604000    34.9618    34.9628     0.0010    27.3666    27.3673    200.026    200.337      0.309    1482.53    1482.54  0.000e+00
      26621    202.500     7.1560     7.1560     0.0000    3.54859    3.54868          1     5.9180     6.0483      98.71     0.1326     0.3264  1.000e-12  0.2642000    34.9616    34.9626     0.0009    27.3668    27.3675    200.520    200.833      0.317    1482.54    1482.54  0.000e+00
      26648    203.000     7.1411     7.1461     0.0050    3.54704    3.54762          1     5.9265     6.1801      98.71     0.1012     0.3346  1.000e-12  0.2483000    34.9593    34.9607     0.0014    27.3670    27.3674    201.015    201.328      0.575    1482.49    1482.51  0.000e+00
      26666    203.500     7.1028     7.1038     0.0010    3.54302    3.54321          1     5.9588     6.1246      98.71     0.1016     0.3209  1.000e-12  0.2605000    34.9538    34.9549     0.0011    27.3680    27.3688    201.510    201.824      0.709    1482.34    1482.34  0.000e+00
      26682    204.000     7.0856     7.0866     0.0009    3.54122    3.54144          1     5.9917     5.9497      98.71     0.0898     0.3306  1.000e-12  0.2660000    34.9512    34.9528     0.0015    27.3684    27.3695    202.005    202.320      0.731    1482.28    1482.28  0.000e+00
      26699    204.500     7.0715     7.0683    -0.0032    3.53974    3.53946          1     6.0044     5.5075      98.71     0.0963     0.3336  1.000e-12  0.2727000    34.9491    34.9493     0.0002    27.3688    27.3693    202.500    202.815      0.640    1482.23    1482.22  0.000e+00
      26722    205.000     7.0605     7.0577    -0.0027    3.53857    3.53838          1     6.0115     6.3096      98.71     0.1025     0.3270  1.000e-12  0.2746000    34.9471    34.9479     0.0008    27.3687    27.3697    202.995    203.311      0.434    1482.19    1482.18  0.000e+00
      26765    205.500     7.0076     7.0079     0.0003    3.53296    3.53308          1     6.0363     6.0004      98.71     0.1114     0.2693  1.000e-12  0.2661000    34.9387    34.9397     0.0010    27.3695    27.3702    203.490    203.807      0.234    1481.99    1481.99  0.000e+00
      26809    206.000     6.9432     6.9365    -0.0067    3.52611    3.52550          1     6.0657     6.0898      98.71     0.1325     0.3005  1.000e-12  0.2556000    34.9284    34.9285     0.0001    27.3703    27.3713    203.984    204.303      0.430    1481.73    1481.70  0.000e+00
      26830    206.500     6.9297     6.9263    -0.0036    3.52477    3.52451          1     6.0630     6.1036      98.71     0.1202     0.3238  1.000e-12  0.2752000    34.9271    34.9276     0.0005    27.3712    27.3720    204.479    204.798      0.676    1481.68    1481.67  0.000e+00
      26846    207.000     6.9344     6.9317    -0.0027    3.52535    3.52508          1     6.0699     6.1060      98.71     0.1164     0.3349  1.000e-12  0.2846000    34.9284    34.9283    -0.0001    27.3715    27.3718    204.974    205.294      0.824    1481.71    1481.70  0.000e+00
      26859    207.500     6.9241     6.9166    -0.0074    3.52422    3.52353          1     6.0784     6.1065      98.71     0.1470     0.3302  1.000e-12  0.2962000    34.9261    34.9261    -0.0000    27.3712    27.3722    205.469    205.790      0.878    1481.68    1481.65  0.000e+00
      26873    208.000     6.9140     6.9083    -0.0056    3.52314    3.52267          1     6.0908     5.8928      98.71     0.1443     0.2882  1.000e-12  0.3011000    34.9243    34.9248     0.0005    27.3711    27.3723    205.964    206.285      0.833    1481.64    1481.62  0.000e+00
      26888    208.500     6.9060     6.9071     0.0011    3.52237    3.52255          1     6.1009     5.6595      98.71     0.1384     0.2756  1.000e-12  0.3173000    34.9237    34.9245     0.0009    27.3717    27.3723    206.459    206.781      0.662    1481.62    1481.63  0.000e+00
      26936    209.000     6.9118     6.9063    -0.0054    3.52303    3.52253          1     6.0923     6.0513      98.71     0.1377     0.2689  1.000e-12  0.2862000    34.9247    34.9248     0.0001    27.3718    27.3726    206.954    207.277      0.463    1481.65    1481.63  0.000e+00
      27000    209.500     6.9072     6.9033    -0.0038    3.52227    3.52213          1     6.0754     6.0811      98.71     0.1247     0.3209  1.000e-12  0.2585000    34.9208    34.9231     0.0024    27.3693    27.3717    207.448    207.772      0.972    1481.64    1481.63  0.000e+00
      27010    210.000     6.8407     6.8377    -0.0029    3.51554    3.51526          1     6.0844     6.0870      98.68     0.1007     0.3214  1.000e-12  0.2719000    34.9138    34.9137    -0.0001    27.3730    27.3733    207.943    208.268      1.131    1481.38    1481.37  0.000e+00
      27020    210.500     6.8343     6.8369     0.0031    3.51482    3.51521          1     6.1001     6.0930      98.66     0.1016     0.3349  1.000e-12  0.2710000    34.9121    34.9137     0.0016    27.3725    27.3734    208.438    208.764      1.180    1481.36    1481.37  0.000e+00
      27030    211.000     6.7889     6.8051     0.0156    3.51003    3.51175          1     6.1221     6.1224      98.66     0.1040     0.3668  1.000e-12  0.2842000    34.9049    34.9076     0.0026    27.3731    27.3730    208.933    209.260      1.134    1481.18    1481.25  0.000e+00
      27040    211.500     6.7652     6.7648    -0.0003    3.50754    3.50762          1     6.1571     6.1593      98.71     0.1016     0.3638  1.000e-12  0.2954000    34.9013    34.9026     0.0013    27.3734    27.3745    209.428    209.755      0.972    1481.10    1481.10  0.000e+00
      27059    212.000     6.7361     6.7364     0.0002    3.50463    3.50481          1     6.1889     6.1962      98.71     0.1160     0.3261  1.000e-12  0.3046000    34.8983    34.9001     0.0018    27.3751    27.3765    209.923    210.251      0.588    1480.99    1480.99  0.000e+00
      27158    212.500     6.7918     6.7844    -0.0078    3.51058    3.50987          1     6.1339     6.3393      98.70     0.1365     0.3233  1.000e-12  0.2658000    34.9074    34.9070    -0.0004    27.3746    27.3754    210.418    210.747      0.828    1481.22    1481.19  0.000e+00
      27170    213.000     6.7828     6.7811    -0.0015    3.50961    3.50950          1     6.1430     6.4280      98.71     0.1446     0.3226  1.000e-12  0.2763000    34.9055    34.9061     0.0005    27.3744    27.3750    210.912    211.242      1.049    1481.19    1481.19  0.000e+00
      27180    213.500     6.7523     6.7508    -0.0013    3.50662    3.50652          1     6.1575     6.1570      98.71     0.1409     0.2829  1.000e-12  0.2860000    34.9032    34.9036     0.0004    27.3767    27.3772    211.407    211.738      1.157    1481.08    1481.08  0.000e+00
      27190    214.000     6.7575     6.7582     0.0005    3.50729    3.50742          1     6.1680     6.0611      98.71     0.1256     0.2734  1.000e-12  0.3099000    34.9051    34.9058     0.0007    27.3775    27.3780    211.902    212.234      1.168    1481.11    1481.12  0.000e+00
      27200    214.500     6.7617     6.7617     0.0001    3.50769    3.50778          1     6.1756     6.3937      98.71     0.1260     0.2836  1.000e-12  0.3066000    34.9050    34.9059     0.0009    27.3769    27.3775    212.397    212.729      1.071    1481.14    1481.14  0.000e+00
      27212    215.000     6.7589     6.7576    -0.0014    3.50736    3.50731          1     6.1897     6.0192      98.71     0.1077     0.3174  1.000e-12  0.3357000    34.9040    34.9048     0.0008    27.3764    27.3773    212.892    213.225      0.822    1481.13    1481.13  0.000e+00
      27266    215.500     6.7670     6.7652    -0.0017    3.50820    3.50811          1     6.1776     6.1761      98.71     0.1125     0.3289  1.000e-12  0.3206000    34.9048    34.9056     0.0008    27.3760    27.3768    213.387    213.721      0.555    1481.17    1481.17  0.000e+00
      27330    216.000     6.7637     6.7602    -0.0036    3.50786    3.50759          1     6.1626     6.1789      98.71     0.1262     0.3317  1.000e-12  0.2839000    34.9041    34.9047     0.0006    27.3759    27.3768    213.881    214.217      1.055    1481.17    1481.15  0.000e+00
      27339    216.500     6.7591     6.7561    -0.0031    3.50745    3.50729          1     6.1679     6.1950      98.68     0.1039     0.2512  1.000e-12  0.3152000    34.9040    34.9053     0.0013    27.3765    27.3779    214.376    214.712      1.191    1481.16    1481.15  0.000e+00
      27349    217.000     6.7643     6.7633    -0.0009    3.50821    3.50814          1     6.1688     6.2996      98.70     0.1016     0.2445  1.000e-12  0.3196000    34.9069    34.9072     0.0003    27.3780    27.3783    214.871    215.208      1.219    1481.19    1481.19  0.000e+00
      27358    217.500     6.7774     6.7746    -0.0028    3.50967    3.50945          1     6.1651     6.0904      98.71     0.1051     0.2753  1.000e-12  0.3247000    34.9095    34.9099     0.0003    27.3783    27.3789    215.366    215.704      1.137    1481.25    1481.24  0.000e+00
      27369    218.000     6.7872     6.7945     0.0072    3.51061    3.51158          1     6.1589     6.1494      98.69     0.1135     0.3580  1.000e-12  0.3383000    34.9096    34.9130     0.0034    27.3770    27.3787    215.861    216.199      0.911    1481.30    1481.33  0.000e+00
      27413    218.500     6.7807     6.7830     0.0023    3.50981    3.51027          1     6.1565     6.1131      98.66     0.1220     0.3432  1.000e-12  0.3266000    34.9072    34.9099     0.0027    27.3760    27.3778    216.356    216.695      0.518    1481.28    1481.29  0.000e+00
      27482    219.000     6.7748     6.7767     0.0018    3.50931    3.50961          1     6.1465     5.9420      98.71     0.1384     0.3042  1.000e-12  0.3062000    34.9073    34.9088     0.0015    27.3769    27.3778    216.850    217.191      0.799    1481.26    1481.27  0.000e+00
      27494    219.500     6.8515     6.8458    -0.0054    3.51885    3.51797          1     6.0605     6.1790      98.71     0.1382     0.3048  1.000e-12  0.2902000    34.9346    34.9307    -0.0040    27.3879    27.3855    217.345    217.686      0.940    1481.60    1481.58  0.000e+00
      27506    220.000     7.0786     7.0826     0.0031    3.54397    3.54429          1     5.9550     6.3185      98.71     0.1382     0.3051  1.000e-12  0.2895000    34.9806    34.9800    -0.0006    27.3926    27.3915    217.840    218.182      0.961    1482.55    1482.56  0.000e+00
      27519    220.500     7.1935     7.1764    -0.0165    3.55664    3.55451          1     5.8494     6.2376      98.71     0.1092     0.3201  1.000e-12  0.3322000    35.0028    34.9969    -0.0059    27.3939    27.3916    218.335    218.678      0.868    1483.03    1482.96  0.000e+00
      27534    221.000     7.2166     7.2180     0.0014    3.55877    3.55904          1     5.7620     5.8726      98.71     0.1025     0.3345  1.000e-12  0.3399000    35.0026    35.0042     0.0015    27.3905    27.3915    218.830    219.173      0.638    1483.13    1483.13  0.000e+00
      27570    221.500     7.1818     7.1947     0.0127    3.55542    3.55647          1     5.7413     5.7397      98.71     0.0948     0.3121  1.000e-12  0.3245000    35.0009    34.9994    -0.0015    27.3940    27.3910    219.325    219.669      0.268    1483.00    1483.05  0.000e+00
      27634    222.000     7.2132     7.1335    -0.0794    3.55857    3.55014          1     5.8471     5.8612      98.71     0.0907     0.3101  1.000e-12  0.2745000    35.0033    34.9916    -0.0118    27.3915    27.3935    219.819    220.165      0.432    1483.13    1482.81  0.000e+00
      27651    222.500     7.2418     7.2452     0.0034    3.56157    3.56199          1     5.7740     5.6139      98.71     0.1020     0.3376  1.000e-12  0.2949000    35.0070    35.0083     0.0012    27.3903    27.3908    220.314    220.661      0.751    1483.25    1483.27  0.000e+00
      27665    223.000     7.2549     7.2552     0.0001    3.56322    3.56325          1     5.7543     5.3582      98.70     0.0968     0.3501  1.000e-12  0.3054000    35.0116    35.0117     0.0001    27.3921    27.3921    220.809    221.156      0.888    1483.32    1483.32  0.000e+00
      27678    223.500     7.3010     7.3059     0.0052    3.56843    3.56901          1     5.7231     5.7774      98.71     0.0895     0.3268  1.000e-12  0.3203000    35.0217    35.0230     0.0013    27.3935    27.3938    221.304    221.652      0.894    1483.51    1483.54  0.000e+00
      27691    224.000     7.3496     7.3483    -0.0013    3.57377    3.57371          1     5.6842     5.8948      98.71     0.0956     0.3237  1.000e-12  0.3294000    35.0306    35.0312     0.0006    27.3935    27.3942    221.799    222.148      0.751    1483.72    1483.72  0.000e+00
