ctdpy/exports/archive_20191121_122431/received_data/SBE09_1044_20181114_1817_34_01_0147.cnv
* Sea-Bird SBE 9 Data File:
* FileName = C:\ctd\temp\ar18d147.hex
* Software Version Seasave V 7.26.7.107
* Temperature SN = 5351
* Conductivity SN = 3941
* Number of Bytes Per Scan = 41
* Number of Voltage Words = 4
* Number of Scans Averaged by the Deck Unit = 1
* NMEA Latitude = 58 35.62 N
* NMEA Longitude = 018 14.20 E
* NMEA UTC (Time) = Nov 14 2018  18:17:16
* NMEA baud rate = 4800
** Station:  BY31_CTD
** Operator:  AKTh
** Ship: ARANDA
** Average sound velocity: 1448.48 m/s
** True-depth calculation Wed, 14 Nov 2018 19:18:52 +0000
** CTD Python Module SMHI /ver 3-12/ feb 2012 
** LIMS Job: 20183401-0147
** Cruise: SMHI-6-2018
** Latitude [GG MM.mm N]:
** Longitude [GG MM.mm E]
# nquan = 26
# nvalues = 881                         
# units = specified
# name 0 = scan: Scan Count
# name 1 = prDM: Pressure, Digiquartz [db]
# name 2 = t090C: Temperature [ITS-90, deg C]
# name 3 = t190C: Temperature, 2 [ITS-90, deg C]
# name 4 = T2-T190C: Temperature Difference, 2 - 1 [ITS-90, deg C]
# name 5 = c0S/m: Conductivity [S/m]
# name 6 = c1S/m: Conductivity, 2 [S/m]
# name 7 = pumps: Pump Status
# name 8 = sbeox0ML/L: Oxygen, SBE 43 [ml/l]
# name 9 = sbeox1ML/L: Oxygen, SBE 43, 2 [ml/l]
# name 10 = altM: Altimeter [m]
# name 11 = flECO-AFL: Chl-a Fluorescence, WET Labs ECO-AFL/FL [mg/m^3]
# name 12 = flECO-AFL1: Phycocyanin Fluorescence, WET Labs ECO-AFL/FL, 2 [mg/m^3]
# name 13 = par: PAR/Irradiance, Biospherical/Lico [µE/(cm^2*s)]
# name 14 = turbWETntu0: Turbidity, WET Labs ECO [NTU]
# name 15 = sal00: Salinity, Practical [PSU]
# name 16 = sal11: Salinity, Practical, 2 [PSU]
# name 17 = secS-priS: Salinity, Practical, Difference, 2 - 1 [PSU]
# name 18 = sigma-t00: Density [sigma-t, Kg/m^3 ]
# name 19 = sigma-t11: Density, 2 [sigma-t, Kg/m^3 ]
# name 20 = depSM: Depth [salt water, m], lat = 58.5937
# name 21 = depFM: Depth [true depth, m], lat = 58.5937
# name 22 = dz/dtM: Descent Rate [m/s], WS = 2
# name 23 = svCM: Sound Velocity [Chen-Millero, m/s]
# name 24 = svCM1: Sound Velocity, 2 [Chen-Millero, m/s]
# name 25 = flag: flag
# span 0 =      11317,      31028       
# span 1 =      1.000,    441.000       
# span 2 =     4.4141,     7.9810       
# span 3 =     4.4207,     7.9820       
# span 4 =    -0.0217,     0.0134       
# span 5 =   0.802506,   1.248935       
# span 6 =   0.802717,   1.248935       
# span 7 =          1,          1       
# span 8 =    0.00974,    7.70090       
# span 9 =    0.04082,    7.30773       
# span 10 =       3.06,      99.90      
# span 11 =     0.2488,     1.4722      
# span 12 =     0.1389,     0.4305      
# span 13 = -4.285e-03, 1.0550e+00      
# span 14 =     0.1432,     1.8628      
# span 15 =     6.7969,    11.4066      
# span 16 =     6.7966,    11.4061      
# span 17 =    -0.0021,     0.0039      
# span 18 =     5.1980,     8.9443      
# span 19 =     5.1976,     8.9438      
# span 20 =      0.991,    436.427      
# span 21 =      1.013,    445.474      
# span 22 =      0.059,      0.690      
# span 23 =    1434.16,    1453.20      
# span 24 =    1434.19,    1453.20      
# span 25 = 0.0000e+00, 0.0000e+00      
# interval = decibars: 0.5              
# start_time = Nov 14 2018 18:17:16 [NMEA time, first data scan]
# bad_flag = -9.990e-29
*END*
      11317      1.000     7.9730     7.9766     0.0036    0.80411    0.80409          1     7.6960     7.3014      98.40     1.2816     0.3302  1.055e+00  0.2295000     6.7990     6.7981    -0.0008     5.2002     5.1992      0.991      1.013      0.166    1447.57    1447.59  0.000e+00
      11469      1.500     7.9765     7.9799     0.0034    0.80407    0.80405          1     7.6970     7.3018      98.39     1.2796     0.3542  2.211e-01  0.2788000     6.7979     6.7971    -0.0008     5.1991     5.1981      1.486      1.520      0.314    1447.59    1447.61  0.000e+00
      11510      2.000     7.9808     7.9820     0.0011    0.80407    0.80405          1     7.6998     7.2966      64.02     1.2942     0.3835  5.033e-02  0.2544000     6.7970     6.7966    -0.0004     5.1980     5.1976      1.981      2.027      0.261    1447.62    1447.62  0.000e+00
      11556      2.500     7.9810     7.9806    -0.0004    0.80407    0.80407          1     7.6916     7.2945      77.28     1.2929     0.4305 -4.285e-03  0.2609000     6.7969     6.7970     0.0000     5.1980     5.1980      2.477      2.533      0.336    1447.63    1447.63  0.000e+00
      11584      3.000     7.9772     7.9767    -0.0005    0.80411    0.80413          1     7.6883     7.2975      48.06     1.2841     0.3872 -1.409e-07  0.2646000     6.7979     6.7982     0.0002     5.1990     5.1993      2.972      3.040      0.433    1447.62    1447.62  0.000e+00
      11613      3.500     7.9704     7.9714     0.0011    0.80417    0.80416          1     7.6859     7.2984       4.51     1.3671     0.3891  1.000e-12  0.2528000     6.7997     6.7995    -0.0003     5.2010     5.2007      3.467      3.546      0.402    1447.60    1447.61  0.000e+00
      11642      4.000     7.9731     7.9731     0.0001    0.80415    0.80415          1     7.6844     7.2962      23.93     1.4326     0.3712  1.000e-12  0.2612000     6.7990     6.7990     0.0000     5.2002     5.2002      3.963      4.053      0.433    1447.62    1447.62  0.000e+00
      11669      4.500     7.9696     7.9712     0.0016    0.80419    0.80417          1     7.6873     7.2956      99.06     1.4722     0.3672  1.000e-12  0.2563000     6.7999     6.7995    -0.0005     5.2012     5.2007      4.458      4.560      0.458    1447.61    1447.62  0.000e+00
      11694      5.000     7.9653     7.9656     0.0003    0.80422    0.80423          1     7.6893     7.3041      98.40     1.4381     0.3800  1.000e-12  0.2730000     6.8010     6.8011     0.0001     5.2024     5.2024      4.953      5.066      0.506    1447.61    1447.61  0.000e+00
      11717      5.500     7.9632     7.9645     0.0013    0.80427    0.80426          1     7.6929     7.3077      98.37     1.3875     0.3335  1.000e-12  0.2672000     6.8018     6.8015    -0.0003     5.2032     5.2028      5.449      5.573      0.551    1447.61    1447.61  0.000e+00
      11738      6.000     7.9632     7.9646     0.0014    0.80428    0.80427          1     7.6968     7.3024      98.42     1.3352     0.3569  1.000e-12  0.2548000     6.8018     6.8015    -0.0003     5.2032     5.2029      5.944      6.080      0.537    1447.61    1447.62  0.000e+00
      11762      6.500     7.9590     7.9610     0.0020    0.80432    0.80431          1     7.6986     7.3013      98.37     1.3084     0.3828  1.000e-12  0.2519000     6.8030     6.8026    -0.0004     5.2044     5.2039      6.439      6.586      0.485    1447.61    1447.62  0.000e+00
      11788      7.000     7.9489     7.9508     0.0019    0.80441    0.80440          1     7.7009     7.2982      98.37     1.2944     0.3829  1.000e-12  0.2864000     6.8057     6.8053    -0.0004     5.2074     5.2069      6.935      7.093      0.480    1447.58    1447.59  0.000e+00
      11812      7.500     7.9389     7.9396     0.0007    0.80452    0.80452          1     7.6943     7.2967      98.39     1.2563     0.3780  1.000e-12  0.2841000     6.8086     6.8085    -0.0001     5.2104     5.2103      7.430      7.600      0.516    1447.55    1447.55  0.000e+00
      11834      8.000     7.9309     7.9330     0.0020    0.80460    0.80459          1     7.6870     7.2953      98.41     1.2247     0.3737  1.000e-12  0.2655000     6.8109     6.8104    -0.0005     5.2128     5.2123      7.925      8.106      0.537    1447.53    1447.54  0.000e+00
      11856      8.500     7.9252     7.9258     0.0006    0.80467    0.80468          1     7.6780     7.2926      98.37     1.2101     0.3955  1.000e-12  0.2734000     6.8125     6.8125    -0.0001     5.2146     5.2145      8.421      8.613      0.543    1447.51    1447.52  0.000e+00
      11878      9.000     7.9232     7.9245     0.0013    0.80471    0.80470          1     7.6762     7.2854      98.40     1.1921     0.3523  1.000e-12  0.2788000     6.8132     6.8129    -0.0003     5.2153     5.2149      8.916      9.119      0.533    1447.51    1447.52  0.000e+00
      11901      9.500     7.9210     7.9224     0.0014    0.80477    0.80477          1     7.6779     7.2838      98.40     1.1919     0.3651  1.000e-12  0.2606000     6.8141     6.8138    -0.0003     5.2161     5.2158      9.411      9.626      0.529    1447.51    1447.52  0.000e+00
      11924     10.000     7.9197     7.9204     0.0008    0.80484    0.80485          1     7.6759     7.2843      49.95     1.1467     0.3367  1.000e-12  0.2490000     6.8150     6.8149    -0.0000     5.2169     5.2168      9.907     10.133      0.555    1447.52    1447.52  0.000e+00
      11944     10.500     7.9181     7.9195     0.0013    0.80493    0.80492          1     7.6739     7.2871      84.04     1.1340     0.3222  1.000e-12  0.2577000     6.8160     6.8157    -0.0003     5.2179     5.2175     10.402     10.639      0.594    1447.52    1447.53  0.000e+00
      11964     11.000     7.9178     7.9191     0.0013    0.80498    0.80498          1     7.6756     7.2902      98.19     1.1261     0.3279  1.000e-12  0.2608000     6.8165     6.8162    -0.0003     5.2183     5.2180     10.897     11.146      0.592    1447.53    1447.53  0.000e+00
      11985     11.500     7.9174     7.9186     0.0012    0.80506    0.80504          1     7.6767     7.2897      92.53     1.1168     0.3677  1.000e-12  0.2562000     6.8173     6.8169    -0.0004     5.2189     5.2185     11.393     11.653      0.537    1447.54    1447.54  0.000e+00
      12009     12.000     7.9167     7.9181     0.0014    0.80511    0.80511          1     7.6832     7.2833      70.71     1.1230     0.3121  1.000e-12  0.2482000     6.8178     6.8175    -0.0003     5.2194     5.2190     11.888     12.159      0.478    1447.54    1447.55  0.000e+00
      12035     12.500     7.9159     7.9172     0.0013    0.80526    0.80528          1     7.6794     7.2764      98.64     1.1231     0.3496  1.000e-12  0.2479000     6.8193     6.8192    -0.0001     5.2206     5.2204     12.383     12.666      0.510    1447.55    1447.55  0.000e+00
      12057     13.000     7.9177     7.9191     0.0014    0.80576    0.80579          1     7.6706     7.2776      98.40     1.0953     0.3647  1.000e-12  0.2481000     6.8235     6.8234    -0.0000     5.2237     5.2236     12.878     13.172      0.572    1447.57    1447.57  0.000e+00
      12077     13.500     7.9206     7.9220     0.0014    0.80649    0.80653          1     7.6535     7.2729      79.79     1.0562     0.3606  1.000e-12  0.2537000     6.8294     6.8295     0.0001     5.2282     5.2282     13.374     13.679      0.566    1447.60    1447.60  0.000e+00
      12099     14.000     7.9250     7.9265     0.0015    0.80740    0.80745          1     7.6358     7.2574      98.41     0.9797     0.3518  1.000e-12  0.2497000     6.8368     6.8370     0.0002     5.2336     5.2337     13.869     14.186      0.507    1447.63    1447.64  0.000e+00
      12124     14.500     7.9266     7.9279     0.0013    0.80780    0.80778          1     7.6207     7.2441      98.42     0.8811     0.3298  1.000e-12  0.2377000     6.8400     6.8397    -0.0004     5.2360     5.2356     14.364     14.692      0.507    1447.65    1447.65  0.000e+00
      12146     15.000     7.9264     7.9276     0.0012    0.80787    0.80788          1     7.6133     7.2370      98.40     0.8171     0.2785  1.000e-12  0.2383000     6.8407     6.8405    -0.0002     5.2366     5.2363     14.860     15.199      0.584    1447.66    1447.66  0.000e+00
      12166     15.500     7.9262     7.9275     0.0013    0.80817    0.80818          1     7.6134     7.2358      98.42     0.7978     0.2940  1.000e-12  0.2418000     6.8434     6.8432    -0.0001     5.2387     5.2384     15.355     15.705      0.627    1447.67    1447.67  0.000e+00
      12185     16.000     7.9255     7.9271     0.0015    0.80843    0.80842          1     7.6121     7.2368      98.41     0.7975     0.3331  1.000e-12  0.2425000     6.8459     6.8454    -0.0004     5.2407     5.2402     15.850     16.212      0.604    1447.68    1447.68  0.000e+00
      12206     16.500     7.9268     7.9284     0.0016    0.80872    0.80874          1     7.6127     7.2390      98.39     0.7975     0.3382  1.000e-12  0.2410000     6.8482     6.8481    -0.0001     5.2424     5.2422     16.346     16.719      0.535    1447.69    1447.70  0.000e+00
      12230     17.000     7.9290     7.9304     0.0014    0.80921    0.80927          1     7.6144     7.2352      98.43     0.7864     0.3000  1.000e-12  0.2472000     6.8522     6.8524     0.0002     5.2453     5.2454     16.841     17.225      0.474    1447.71    1447.72  0.000e+00
      12256     17.500     7.9287     7.9301     0.0014    0.81007    0.81014          1     7.6170     7.2359      98.41     0.7507     0.2786  1.000e-12  0.2316000     6.8600     6.8604     0.0004     5.2514     5.2517     17.336     17.732      0.488    1447.73    1447.74  0.000e+00
      12279     18.000     7.9299     7.9312     0.0013    0.81081    0.81082          1     7.6279     7.2382      98.39     0.7598     0.3099  1.000e-12  0.2468000     6.8665     6.8662    -0.0002     5.2565     5.2562     17.832     18.239      0.557    1447.75    1447.76  0.000e+00
      12299     18.500     7.9321     7.9334     0.0012    0.81129    0.81127          1     7.6321     7.2382      98.42     0.7779     0.3228  1.000e-12  0.2444000     6.8703     6.8699    -0.0004     5.2593     5.2588     18.327     18.745      0.598    1447.77    1447.78  0.000e+00
      12319     19.000     7.9337     7.9349     0.0012    0.81165    0.81164          1     7.6270     7.2386      98.41     0.7810     0.3090  1.000e-12  0.2385000     6.8732     6.8729    -0.0003     5.2614     5.2611     18.822     19.252      0.575    1447.79    1447.80  0.000e+00
      12342     19.500     7.9335     7.9346     0.0011    0.81196    0.81196          1     7.6224     7.2386      98.40     0.7732     0.3271  1.000e-12  0.2325000     6.8760     6.8758    -0.0002     5.2637     5.2634     19.317     19.758      0.509    1447.80    1447.81  0.000e+00
      12367     20.000     7.9326     7.9339     0.0013    0.81211    0.81210          1     7.6180     7.2397      98.38     0.7700     0.3019  1.000e-12  0.2409000     6.8775     6.8772    -0.0003     5.2649     5.2645     19.813     20.265      0.500    1447.81    1447.81  0.000e+00
      12389     20.500     7.9323     7.9336     0.0013    0.81234    0.81235          1     7.6191     7.2400      98.37     0.7608     0.2764  1.000e-12  0.2354000     6.8796     6.8795    -0.0001     5.2665     5.2664     20.308     20.772      0.571    1447.82    1447.82  0.000e+00
      12409     21.000     7.9320     7.9332     0.0012    0.81261    0.81261          1     7.6298     7.2395      98.40     0.7609     0.2812  1.000e-12  0.2292000     6.8821     6.8818    -0.0003     5.2685     5.2682     20.803     21.278      0.624    1447.83    1447.83  0.000e+00
      12428     21.500     7.9318     7.9330     0.0012    0.81286    0.81286          1     7.6369     7.2383      98.40     0.7609     0.3071  1.000e-12  0.2494000     6.8843     6.8840    -0.0003     5.2703     5.2700     21.299     21.785      0.615    1447.84    1447.84  0.000e+00
      12448     22.000     7.9314     7.9326     0.0012    0.81298    0.81299          1     7.6371     7.2418      98.41     0.7440     0.3082  1.000e-12  0.2429000     6.8855     6.8853    -0.0002     5.2712     5.2710     21.794     22.291      0.563    1447.85    1447.85  0.000e+00
      12471     22.500     7.9306     7.9319     0.0013    0.81335    0.81337          1     7.6350     7.2471      98.39     0.7246     0.2822  1.000e-12  0.2335000     6.8889     6.8888    -0.0001     5.2740     5.2738     22.289     22.798      0.517    1447.85    1447.86  0.000e+00
      12495     23.000     7.9295     7.9304     0.0010    0.81371    0.81373          1     7.6231     7.2501      98.40     0.7274     0.2926  1.000e-12  0.2414000     6.8923     6.8923     0.0000     5.2767     5.2767     22.784     23.305      0.494    1447.86    1447.87  0.000e+00
      12519     23.500     7.9157     7.9140    -0.0017    0.81452    0.81464          1     7.6039     7.2393      98.40     0.7312     0.3176  1.000e-12  0.2405000     6.9024     6.9038     0.0014     5.2857     5.2870     23.280     23.811      0.483    1447.83    1447.82  0.000e+00
      12544     24.000     7.8851     7.8856     0.0004    0.81615    0.81619          1     7.5855     7.2191      98.40     0.7031     0.3077  1.000e-12  0.2300000     6.9232     6.9235     0.0004     5.3044     5.3046     23.775     24.318      0.523    1447.73    1447.74  0.000e+00
      12565     24.500     7.8483     7.8483    -0.0000    0.82175    0.82217          1     7.5692     7.2031      98.40     0.6628     0.3087  1.000e-12  0.2300000     6.9815     6.9854     0.0039     5.3530     5.3561     24.270     24.824      0.600    1447.66    1447.67  0.000e+00
      12584     25.000     7.8306     7.8321     0.0014    0.82921    0.82928          1     7.5636     7.1968      98.42     0.5885     0.3076  1.000e-12  0.2178000     7.0532     7.0536     0.0004     5.4105     5.4107     24.766     25.331      0.640    1447.69    1447.69  0.000e+00
      12603     25.500     7.8266     7.8280     0.0014    0.83181    0.83179          1     7.5681     7.1983      98.40     0.6007     0.2892  1.000e-12  0.2104000     7.0777     7.0773    -0.0005     5.4301     5.4296     25.261     25.837      0.613    1447.71    1447.72  0.000e+00
      12624     26.000     7.8208     7.8210     0.0002    0.83240    0.83240          1     7.5769     7.1995      98.40     0.6204     0.2974  1.000e-12  0.2092000     7.0843     7.0842    -0.0000     5.4357     5.4356     25.756     26.344      0.539    1447.70    1447.70  0.000e+00
      12648     26.500     7.8042     7.8043     0.0002    0.83237    0.83236          1     7.5808     7.2017      98.42     0.6348     0.3096  1.000e-12  0.2175000     7.0873     7.0872    -0.0001     5.4394     5.4392     26.251     26.850      0.483    1447.65    1447.65  0.000e+00
      12673     27.000     7.7900     7.7912     0.0012    0.83220    0.83222          1     7.5496     7.1855      98.42     0.6429     0.2876  1.000e-12  0.2176000     7.0886     7.0884    -0.0001     5.4415     5.4412     26.747     27.357      0.506    1447.60    1447.60  0.000e+00
      12695     27.500     7.7790     7.7737    -0.0052    0.83211    0.83189          1     7.5515     7.1875      98.44     0.6148     0.3241  1.000e-12  0.1998000     7.0899     7.0889    -0.0010     5.4433     5.4430     27.242     27.863      0.567    1447.56    1447.54  0.000e+00
      12715     28.000     7.7254     7.7269     0.0014    0.83097    0.83095          1     7.5614     7.1957      98.44     0.5786     0.3376  1.000e-12  0.2103000     7.0903     7.0898    -0.0005     5.4478     5.4473     27.737     28.370      0.605    1447.35    1447.35  0.000e+00
