ctdpy/exports/archive_20191121_122431/received_data/SBE09_0827_20181006_1510_26_01_1027.cnv
* Sea-Bird SBE 9 Data File:
* FileName = D:\CTD_SBE911\DAT\26DA.2018.10.27.hex
* Software Version Seasave V 7.21d
* Temperature SN = 4548
* Conductivity SN = 3062
* Number of Bytes Per Scan = 48
* Number of Voltage Words = 5
* Number of Scans Averaged by the Deck Unit = 1
* NMEA Latitude = 57 46.64 N
* NMEA Longitude = 017 46.79 E
* NMEA UTC (Time) = Oct 06 2018  15:12:49
* NMEA baud rate = 4800
** Ship: DANA
** Average sound velocity: 1448.24 m/s
** True-depth calculation Thu, 28 Mar 2019 12:19:04 +0000
** CTD Python Module SMHI /ver 3-12/ feb 2012 
** LIMS Job: 20182601-1027
** Operator: Christian
** Cruise: 10/2018
# nquan = 26
# nvalues = 185                         
# units = specified
# name 0 = scan: Scan Count
# name 1 = prDM: Pressure, Digiquartz [db]
# name 2 = t090C: Temperature [ITS-90, deg C]
# name 3 = t190C: Temperature, 2 [ITS-90, deg C]
# name 4 = T2-T190C: Temperature Difference, 2 - 1 [ITS-90, deg C]
# name 5 = c0S/m: Conductivity [S/m]
# name 6 = c1S/m: Conductivity, 2 [S/m]
# name 7 = pumps: Pump Status
# name 8 = sbeox1ML/L: Oxygen, SBE 43, 2 [ml/l]
# name 9 = sbeox0ML/L: Oxygen, SBE 43 [ml/l]
# name 10 = altM: Altimeter [m]
# name 11 = chloroflTC0: Chlorophyll, Turner Cyclops [ug/l]
# name 12 = cpar: CPAR/Corrected Irradiance [%]
# name 13 = par: PAR/Irradiance, Biospherical/Lico [µE/(cm^2*s)]
# name 14 = spar: SPAR, Biospherical/Licor
# name 15 = sal00: Salinity, Practical [PSU]
# name 16 = sal11: Salinity, Practical, 2 [PSU]
# name 17 = secS-priS: Salinity, Practical, Difference, 2 - 1 [PSU]
# name 18 = sigma-t00: Density [sigma-t, kg/m^3 ]
# name 19 = sigma-t11: Density, 2 [sigma-t, kg/m^3 ]
# name 20 = depSM: Depth [salt water, m], lat = 57.7773
# name 21 = depFM: Depth [true depth, m], lat = 57.7773
# name 22 = dz/dtM: Descent Rate [m/s], WS = 2
# name 23 = svCM: Sound Velocity [Chen-Millero, m/s]
# name 24 = svCM1: Sound Velocity, 2 [Chen-Millero, m/s]
# name 25 = flag: flag
# span 0 =        217,      10992       
# span 1 =      0.500,     92.500       
# span 2 =     3.7434,    12.4491       
# span 3 =     3.7529,    12.4491       
# span 4 =    -0.0767,     0.8836       
# span 5 =   0.769789,   1.158787       
# span 6 =   0.770654,   1.158770       
# span 7 =          1,          1       
# span 8 =     0.0456,     7.4942       
# span 9 =     0.0422,     7.1119       
# span 10 =       0.55,       9.99      
# span 11 =     0.0159,     0.0335      
# span 12 = 2.7292e-12, 1.5438e+01      
# span 13 = 1.0000e-12, 6.4441e+00      
# span 14 = 3.1516e+01, 4.1406e+01      
# span 15 =     6.8679,    10.7073      
# span 16 =     6.8683,    10.7069      
# span 17 =    -0.1267,     0.0019      
# span 18 =     4.7690,     8.4202      
# span 19 =     4.7692,     8.4199      
# span 20 =      0.495,     91.624      
# span 21 =      0.507,     93.618      
# span 22 =     -0.260,      0.350      
# span 23 =    1430.75,    1465.11      
# span 24 =    1430.82,    1465.13      
# span 25 = 0.0000e+00, 0.0000e+00      
# interval = decibars: 0.5              
# start_time = Oct 06 2018 15:12:50 [NMEA time, first data scan]
# bad_flag = -9.990e-29
*END*
        217      0.500    12.4158    12.4098    -0.0060    0.90990    0.90985          1     6.9988     6.5518       9.99     0.0315  1.544e+01  6.444e+00  4.141e+01     6.8731     6.8739     0.0007     4.7775     4.7789      0.495      0.507      0.196    1464.89    1464.87  0.000e+00
        324      1.000    12.4186    12.4098    -0.0088    0.90993    0.90986          1     6.9968     6.5449       9.99     0.0313  9.284e+00  3.780e+00  4.066e+01     6.8728     6.8739     0.0010     4.7769     4.7789      0.991      1.014      0.288    1464.91    1464.88  0.000e+00
        378      1.500    12.4188    12.4161    -0.0026    0.90993    0.90993          1     7.0005     6.5484       9.99     0.0335  7.341e+00  2.982e+00  4.062e+01     6.8727     6.8732     0.0005     4.7768     4.7775      1.486      1.521      0.218    1464.92    1464.91  0.000e+00
        426      2.000    12.4343    12.4277    -0.0066    0.91005    0.91003          1     7.0061     6.5413       9.99     0.0308  5.909e+00  2.400e+00  4.062e+01     6.8709     6.8719     0.0010     4.7732     4.7749      1.981      2.027      0.283    1464.98    1464.96  0.000e+00
        469      2.500    12.4312    12.4300    -0.0012    0.91001    0.91003          1     6.9933     6.5368       9.98     0.0318  4.732e+00  1.922e+00  4.062e+01     6.8711     6.8715     0.0004     4.7738     4.7743      2.477      2.534      0.240    1464.98    1464.97  0.000e+00
        524      3.000    12.4342    12.4316    -0.0026    0.91004    0.91005          1     6.9963     6.5465       9.98     0.0319  3.924e+00  1.594e+00  4.062e+01     6.8707     6.8712     0.0005     4.7731     4.7739      2.972      3.041      0.264    1464.99    1464.99  0.000e+00
        567      3.500    12.4374    12.4372    -0.0002    0.91007    0.91010          1     6.9829     6.5430       9.98     0.0322  3.206e+00  1.302e+00  4.062e+01     6.8704     6.8706     0.0003     4.7724     4.7726      3.468      3.548      0.257    1465.02    1465.02  0.000e+00
        618      4.000    12.4442    12.4445     0.0004    0.91007    0.91010          1     6.9854     6.5407       9.98     0.0321  2.651e+00  1.077e+00  4.062e+01     6.8691     6.8692     0.0002     4.7705     4.7706      3.963      4.055      0.246    1465.05    1465.05  0.000e+00
        663      4.500    12.4461    12.4456    -0.0005    0.91005    0.91009          1     6.9904     6.5347       9.98     0.0312  2.239e+00  9.095e-01  4.062e+01     6.8685     6.8689     0.0004     4.7698     4.7702      4.458      4.562      0.265    1465.06    1465.06  0.000e+00
        708      5.000    12.4458    12.4421    -0.0037    0.91003    0.91004          1     6.9892     6.5231       9.98     0.0305  1.886e+00  7.661e-01  4.062e+01     6.8683     6.8690     0.0007     4.7697     4.7707      4.954      5.068      0.270    1465.07    1465.05  0.000e+00
        754      5.500    12.4463    12.4482     0.0018    0.91003    0.91008          1     6.9863     6.5366       9.97     0.0305  1.606e+00  6.378e-01  3.972e+01     6.8682     6.8683     0.0001     4.7695     4.7694      5.449      5.575      0.246    1465.08    1465.08  0.000e+00
        806      6.000    12.4491    12.4491    -0.0000    0.91007    0.91011          1     6.9833     6.5264       9.97     0.0308  1.360e+00  5.272e-01  3.877e+01     6.8679     6.8683     0.0003     4.7690     4.7692      5.944      6.082      0.236    1465.10    1465.10  0.000e+00
        852      6.500    12.4468    12.4461    -0.0007    0.91009    0.91012          1     6.9878     6.5450       9.97     0.0307  1.096e+00  4.230e-01  3.859e+01     6.8684     6.8688     0.0004     4.7696     4.7701      6.440      6.589      0.280    1465.10    1465.09  0.000e+00
        897      7.000    12.4474    12.4390    -0.0083    0.91008    0.91011          1     6.9935     6.5450       9.97     0.0312  8.436e-01  3.255e-01  3.859e+01     6.8682     6.8700     0.0017     4.7694     4.7719      6.935      7.096      0.243    1465.11    1465.08  0.000e+00
        949      7.500    12.4391    12.4382    -0.0009    0.91007    0.91011          1     6.9873     6.5426       9.97     0.0314  6.424e-01  2.479e-01  3.859e+01     6.8696     6.8701     0.0005     4.7716     4.7721      7.430      7.603      0.229    1465.09    1465.08  0.000e+00
        998      8.000    12.4406    12.4405    -0.0002    0.91011    0.91013          1     6.9874     6.5464       9.97     0.0315  4.734e-01  1.827e-01  3.859e+01     6.8696     6.8698     0.0002     4.7714     4.7716      7.926      8.110      0.262    1465.10    1465.10  0.000e+00
       1043      8.500    12.4410    12.4403    -0.0008    0.91012    0.91015          1     6.9886     6.5455       9.97     0.0309  3.230e-01  1.246e-01  3.859e+01     6.8695     6.8700     0.0004     4.7713     4.7717      8.421      8.616      0.263    1465.11    1465.11  0.000e+00
       1092      9.000    12.4376    12.4437     0.0060    0.91009    0.91016          1     6.9928     6.5479       9.97     0.0319  1.970e-01  7.600e-02  3.859e+01     6.8699     6.8694    -0.0005     4.7720     4.7708      8.917      9.123      0.228    1465.10    1465.13  0.000e+00
       1142      9.500    12.4173    12.4261     0.0089    0.90996    0.91005          1     7.0018     6.5471       9.97     0.0309  9.413e-02  3.632e-02  3.859e+01     6.8725     6.8716    -0.0008     4.7768     4.7749      9.412      9.630      0.276    1465.04    1465.07  0.000e+00
       1187     10.000    12.3966    12.4085     0.0120    0.90981    0.90995          1     7.0101     6.5578       9.97     0.0300  5.813e-03  2.243e-03  3.859e+01     6.8750     6.8740    -0.0010     4.7815     4.7791      9.907     10.137      0.228    1464.98    1465.02  0.000e+00
       1245     10.500    12.3847    12.3933     0.0086    0.90973    0.90985          1     6.9969     6.5645       9.97     0.0308  1.226e-04  4.732e-05  3.788e+01     6.8764     6.8758    -0.0006     4.7843     4.7826     10.403     10.644      0.232    1464.94    1464.97  0.000e+00
       1292     11.000    12.3581    12.3772     0.0192    0.90946    0.90972          1     7.0077     6.5677       9.97     0.0307  2.729e-12  1.000e-12  3.665e+01     6.8791     6.8777    -0.0015     4.7899     4.7862     10.898     11.151      0.264    1464.85    1464.92  0.000e+00
       1338     11.500    12.3448    12.3563     0.0115    0.90936    0.90953          1     7.0125     6.5689       9.97     0.0305  2.735e-12  1.000e-12  3.656e+01     6.8807     6.8799    -0.0008     4.7929     4.7908     11.393     11.658      0.253    1464.82    1464.86  0.000e+00
       1388     12.000    12.3418    12.3459     0.0042    0.90936    0.90944          1     7.0103     6.5707       9.97     0.0308  2.736e-12  1.000e-12  3.655e+01     6.8811     6.8810    -0.0001     4.7937     4.7930     11.889     12.164      0.242    1464.81    1464.83  0.000e+00
       1435     12.500    12.3383    12.3393     0.0009    0.90934    0.90938          1     7.0116     6.5732       9.97     0.0304  2.736e-12  1.000e-12  3.655e+01     6.8815     6.8817     0.0002     4.7944     4.7945     12.384     12.671      0.274    1464.81    1464.81  0.000e+00
       1478     13.000    12.3253    12.3332     0.0080    0.90916    0.90932          1     7.0041     6.5668       9.97     0.0318  2.736e-12  1.000e-12  3.655e+01     6.8824     6.8823    -0.0001     4.7969     4.7957     12.879     13.178      0.262    1464.77    1464.80  0.000e+00
       1527     13.500    12.3103    12.3122     0.0019    0.90889    0.90895          1     6.9944     6.5574       9.97     0.0312  2.736e-12  1.000e-12  3.655e+01     6.8829     6.8831     0.0002     4.7993     4.7992     13.375     13.685      0.254    1464.72    1464.73  0.000e+00
       1572     14.000    12.3182    12.3180    -0.0002    0.90911    0.90912          1     7.0105     6.5618       9.97     0.0305  2.736e-12  1.000e-12  3.655e+01     6.8831     6.8833     0.0001     4.7984     4.7985     13.870     14.192      0.253    1464.76    1464.76  0.000e+00
       1625     14.500    12.3157    12.3188     0.0032    0.90905    0.90916          1     7.0015     6.5577       9.97     0.0309  2.736e-12  1.000e-12  3.655e+01     6.8831     6.8834     0.0003     4.7987     4.7985     14.365     14.699      0.235    1464.76    1464.77  0.000e+00
       1669     15.000    12.3086    12.3095     0.0009    0.90891    0.90897          1     6.9917     6.5570       9.97     0.0302  2.736e-12  1.000e-12  3.655e+01     6.8832     6.8835     0.0003     4.7998     4.7999     14.861     15.205      0.309    1464.74    1464.75  0.000e+00
       1711     15.500    12.3095    12.3101     0.0005    0.90895    0.90900          1     6.9798     6.5553       9.97     0.0322  2.736e-12  1.000e-12  3.655e+01     6.8833     6.8836     0.0003     4.7997     4.7999     15.356     15.712      0.237    1464.75    1464.76  0.000e+00
       1765     16.000    12.3041    12.3096     0.0055    0.90884    0.90900          1     6.9857     6.5500       9.97     0.0300  2.736e-12  1.000e-12  3.655e+01     6.8834     6.8836     0.0003     4.8005     4.8000     15.851     16.219      0.258    1464.74    1464.76  0.000e+00
       1805     16.500    12.3054    12.3053    -0.0001    0.90889    0.90892          1     6.9880     6.5430       9.97     0.0295  2.764e-12  1.000e-12  3.620e+01     6.8835     6.8837     0.0002     4.8004     4.8006     16.347     16.726      0.303    1464.76    1464.76  0.000e+00
       1850     17.000    12.3061    12.3060    -0.0001    0.90891    0.90894          1     6.9880     6.5482       9.97     0.0313  2.851e-12  1.000e-12  3.509e+01     6.8835     6.8838     0.0003     4.8003     4.8006     16.842     17.233      0.240    1464.77    1464.77  0.000e+00
       1903     17.500    12.3082    12.3077    -0.0005    0.90898    0.90899          1     6.9954     6.5501       9.97     0.0303  2.894e-12  1.000e-12  3.455e+01     6.8836     6.8838     0.0002     4.8001     4.8003     17.337     17.740      0.237    1464.78    1464.78  0.000e+00
       1948     18.000    12.3094    12.3093    -0.0001    0.90901    0.90904          1     6.9968     6.5482       9.97     0.0303  2.897e-12  1.000e-12  3.452e+01     6.8836     6.8838     0.0002     4.7999     4.8001     17.833     18.246      0.299    1464.79    1464.80  0.000e+00
       1987     18.500    12.3097    12.3098     0.0001    0.90902    0.90905          1     6.9918     6.5406       9.97     0.0305  2.897e-12  1.000e-12  3.452e+01     6.8836     6.8838     0.0002     4.7999     4.8000     18.328     18.753      0.282    1464.81    1464.81  0.000e+00
       2037     19.000    12.3094    12.3097     0.0003    0.90902    0.90906          1     6.9948     6.5567       9.97     0.0304  2.897e-12  1.000e-12  3.452e+01     6.8836     6.8838     0.0002     4.7999     4.8001     18.823     19.260      0.226    1464.81    1464.81  0.000e+00
       2085     19.500    12.3006    12.3097     0.0091    0.90881    0.90906          1     6.9746     6.5535       9.97     0.0298  2.897e-12  1.000e-12  3.452e+01     6.8834     6.8838     0.0004     4.8010     4.8001     19.319     19.767      0.293    1464.79    1464.82  0.000e+00
       2125     20.000    12.2742    12.2926     0.0184    0.90829    0.90871          1     6.9461     6.5413       9.97     0.0294  2.897e-12  1.000e-12  3.452e+01     6.8839     6.8840     0.0001     4.8049     4.8025     19.814     20.274      0.282    1464.70    1464.77  0.000e+00
       2173     20.500    12.2694    12.2778     0.0085    0.90821    0.90843          1     6.9512     6.5286       9.97     0.0283  2.897e-12  1.000e-12  3.452e+01     6.8842     6.8843     0.0002     4.8058     4.8048     20.309     20.781      0.234    1464.69    1464.72  0.000e+00
       2223     21.000    12.2659    12.2718     0.0059    0.90818    0.90832          1     6.9610     6.5200       9.97     0.0280  2.897e-12  1.000e-12  3.452e+01     6.8845     6.8846     0.0001     4.8065     4.8057     20.805     21.287      0.260    1464.68    1464.70  0.000e+00
       2266     21.500    12.2645    12.2679     0.0035    0.90817    0.90827          1     6.9716     6.5229       9.97     0.0278  2.897e-12  1.000e-12  3.452e+01     6.8846     6.8848     0.0001     4.8068     4.8064     21.300     21.794      0.289    1464.69    1464.70  0.000e+00
       2309     22.000    12.2643    12.2660     0.0017    0.90819    0.90825          1     6.9647     6.5323       9.97     0.0277  2.897e-12  1.000e-12  3.452e+01     6.8848     6.8849     0.0002     4.8069     4.8068     21.795     22.301      0.243    1464.70    1464.70  0.000e+00
       2362     22.500    12.2632    12.2647     0.0015    0.90819    0.90825          1     6.9647     6.5255       9.97     0.0280  2.897e-12  1.000e-12  3.452e+01     6.8849     6.8851     0.0002     4.8072     4.8071     22.291     22.808      0.264    1464.70    1464.71  0.000e+00
       2400     23.000    12.2624    12.2638     0.0013    0.90819    0.90824          1     6.9602     6.5228       9.97     0.0274  2.897e-12  1.000e-12  3.452e+01     6.8850     6.8852     0.0002     4.8073     4.8073     22.786     23.315      0.325    1464.70    1464.71  0.000e+00
       2448     23.500    12.2624    12.2632     0.0008    0.90819    0.90824          1     6.9575     6.5177       9.97     0.0283  2.908e-12  1.000e-12  3.440e+01     6.8850     6.8852     0.0003     4.8073     4.8074     23.281     23.822      0.209    1464.71    1464.72  0.000e+00
       2503     24.000    12.2611    12.2626     0.0016    0.90818    0.90823          1     6.9603     6.5269       9.97     0.0273  2.931e-12  1.000e-12  3.414e+01     6.8851     6.8852     0.0002     4.8076     4.8075     23.777     24.328      0.306    1464.72    1464.72  0.000e+00
       2538     24.500    12.2586    12.2614     0.0028    0.90813    0.90822          1     6.9573     6.5164       9.97     0.0271  3.025e-12  1.000e-12  3.308e+01     6.8851     6.8853     0.0002     4.8079     4.8077     24.272     24.835      0.304    1464.72    1464.73  0.000e+00
       2589     25.000    12.2569    12.2585     0.0016    0.90812    0.90817          1     6.9572     6.5131       9.97     0.0280  3.068e-12  1.000e-12  3.260e+01     6.8852     6.8854     0.0002     4.8082     4.8082     24.767     25.342      0.219    1464.72    1464.72  0.000e+00
       2637     25.500    12.2568    12.2576     0.0008    0.90812    0.90816          1     6.9610     6.5157       9.97     0.0275  3.078e-12  1.000e-12  3.249e+01     6.8852     6.8854     0.0002     4.8083     4.8083     25.263     25.849      0.306    1464.72    1464.73  0.000e+00
       2675     26.000    12.2567    12.2574     0.0007    0.90813    0.90817          1     6.9560     6.5178       9.97     0.0279  3.078e-12  1.000e-12  3.249e+01     6.8852     6.8854     0.0002     4.8083     4.8084     25.758     26.356      0.290    1464.73    1464.74  0.000e+00
       2727     26.500    12.2561    12.2566     0.0005    0.90812    0.90816          1     6.9594     6.5189       9.97     0.0284  3.078e-12  1.000e-12  3.249e+01     6.8853     6.8855     0.0002     4.8084     4.8085     26.253     26.863      0.215    1464.74    1464.74  0.000e+00
       2776     27.000    12.2553    12.2561     0.0008    0.90811    0.90816          1     6.9520     6.5248       9.97     0.0273  3.078e-12  1.000e-12  3.249e+01     6.8853     6.8855     0.0003     4.8085     4.8086     26.749     27.369      0.296    1464.74    1464.75  0.000e+00
       2814     27.500    12.2537    12.2555     0.0018    0.90809    0.90815          1     6.9535     6.5237       9.97     0.0270  3.078e-12  1.000e-12  3.249e+01     6.8853     6.8855     0.0002     4.8087     4.8086     27.244     27.876      0.305    1464.75    1464.75  0.000e+00
