ctdpy/exports/archive_20191121_122431/received_data/SBE09_1044_20181016_2349_34_01_0099.cnv
* Sea-Bird SBE 9 Data File:
* FileName = C:\LUOTAUS\DATA_IN\hex_in\SMHI\ar18d099.hex
* Software Version Seasave V 7.23.2
* Temperature SN = 5351
* Conductivity SN = 3941
* Number of Bytes Per Scan = 30
* Number of Voltage Words = 4
* Number of Scans Averaged by the Deck Unit = 1
** Station:  BY2
** Operator:  OBac
** Ship: ARANDA
** Average sound velocity: 1473.06 m/s
** True-depth calculation Wed, 17 Oct 2018 01:02:13 +0000
** CTD Python Module SMHI /ver 3-12/ feb 2012 
** LIMS Job: 20183401-0099
** Cruise: SMHI-4-2018
** Latitude [GG MM.mm N]: 54 58.270 N
** Longitude [GG MM.mm E] 14 05.924 E
# nquan = 26
# nvalues = 84                          
# units = specified
# name 0 = scan: Scan Count
# name 1 = prDM: Pressure, Digiquartz [db]
# name 2 = t090C: Temperature [ITS-90, deg C]
# name 3 = t190C: Temperature, 2 [ITS-90, deg C]
# name 4 = T2-T190C: Temperature Difference, 2 - 1 [ITS-90, deg C]
# name 5 = c0S/m: Conductivity [S/m]
# name 6 = c1S/m: Conductivity, 2 [S/m]
# name 7 = pumps: Pump Status
# name 8 = sbeox0ML/L: Oxygen, SBE 43 [ml/l]
# name 9 = sbeox1ML/L: Oxygen, SBE 43, 2 [ml/l]
# name 10 = altM: Altimeter [m]
# name 11 = flECO-AFL: Chl-a Fluorescence, WET Labs ECO-AFL/FL [mg/m^3]
# name 12 = flECO-AFL1: Phycocyanin Fluorescence, WET Labs ECO-AFL/FL, 2 [mg/m^3]
# name 13 = par: PAR/Irradiance, Biospherical/Lico [µE/(cm^2*s)]
# name 14 = turbWETntu0: Turbidity, WET Labs ECO [NTU]
# name 15 = sal00: Salinity, Practical [PSU]
# name 16 = sal11: Salinity, Practical, 2 [PSU]
# name 17 = secS-priS: Salinity, Practical, Difference, 2 - 1 [PSU]
# name 18 = sigma-t00: Density [sigma-t, Kg/m^3 ]
# name 19 = sigma-t11: Density, 2 [sigma-t, Kg/m^3 ]
# name 20 = depSM: Depth [salt water, m], lat = 0
# name 21 = depFM: Depth [true depth, m], lat = 0
# name 22 = dz/dtM: Descent Rate [m/s], WS = 2
# name 23 = svCM: Sound Velocity [Chen-Millero, m/s]
# name 24 = svCM1: Sound Velocity, 2 [Chen-Millero, m/s]
# name 25 = flag: flag
# span 0 =      75864,      78208       
# span 1 =      1.500,     43.000       
# span 2 =    10.0726,    15.1995       
# span 3 =    10.0120,    15.2787       
# span 4 =    -0.1948,     0.0858       
# span 5 =   1.035660,   2.329587       
# span 6 =   1.035759,   2.327054       
# span 7 =          1,          1       
# span 8 =    4.63653,    6.71125       
# span 9 =    4.45059,    6.68776       
# span 10 =       2.78,      75.18      
# span 11 =     0.2232,     2.6057      
# span 12 =     0.1838,     0.5997      
# span 13 = -3.955e-05, 4.1661e-01      
# span 14 =     0.1528,     0.4358      
# span 15 =     7.6052,    17.9577      
# span 16 =     7.6076,    17.9435      
# span 17 =    -0.0809,     0.5581      
# span 18 =     5.1154,    12.9390      
# span 19 =     5.1159,    12.9310      
# span 20 =      1.492,     42.759      
# span 21 =      1.520,     43.480      
# span 22 =     -0.131,      0.596      
# span 23 =    1459.37,    1486.52      
# span 24 =    1459.17,    1486.45      
# span 25 = 0.0000e+00, 0.0000e+00      
# interval = decibars: 0.5              
# start_time = Oct 16 2018 23:49:36 [System UTC, header]
# bad_flag = -9.990e-29
*END*
      75864      1.500    13.9520    13.9533     0.0012    1.03752    1.03802          1     5.9965     6.5919      33.16     2.2156     0.5284  4.166e-01  0.3593000     7.6052     7.6088     0.0037     5.1177     5.1203      1.492      1.520      0.190    1471.30    1471.30  0.000e+00
      75911      2.000    13.9760    13.9869     0.0109    1.03835    1.03898          1     6.2644     6.5740      42.56     2.3096     0.5037  1.872e-01  0.3701000     7.6069     7.6098     0.0029     5.1154     5.1159      1.989      2.027      0.319    1471.39    1471.43  0.000e+00
      75944      2.500    13.9572    13.9222    -0.0350    1.03856    1.03712          1     6.0087     6.5884      19.12     2.1370     0.4718  9.947e-02  0.3735000     7.6123     7.6077    -0.0045     5.1224     5.1243      2.486      2.533      0.391    1471.34    1471.21  0.000e+00
      75973      3.000    13.9346    13.9226    -0.0120    1.03845    1.03712          1     5.7906     6.5822      22.28     2.1023     0.5014  6.477e-02  0.3723000     7.6158     7.6076    -0.0082     5.1286     5.1242      2.984      3.040      0.448    1471.27    1471.22  0.000e+00
      75999      3.500    13.9291    13.9202    -0.0089    1.03850    1.03709          1     5.6945     6.5825      28.44     2.0579     0.5111  5.257e-03  0.3795000     7.6172     7.6078    -0.0094     5.1305     5.1247      3.481      3.547      0.476    1471.26    1471.22  0.000e+00
      76024      4.000    13.9204    13.9166    -0.0038    1.03828    1.03701          1     5.7237     6.5861      35.04     2.0802     0.4866  2.356e-03  0.3820000     7.6171     7.6078    -0.0093     5.1318     5.1252      3.978      4.053      0.489    1471.24    1471.21  0.000e+00
      76047      4.500    13.9217    13.9318     0.0102    1.03782    1.03740          1     5.9435     6.5899      41.21     2.0742     0.4855 -3.955e-05  0.3755000     7.6132     7.6079    -0.0053     5.1286     5.1229      4.475      4.560      0.520    1471.25    1471.28  0.000e+00
      76070      5.000    13.9167    13.9231     0.0063    1.03754    1.03717          1     6.1713     6.5821      75.18     2.0442     0.4721  1.000e-12  0.3791000     7.6119     7.6077    -0.0042     5.1283     5.1242      4.972      5.067      0.536    1471.24    1471.25  0.000e+00
      76092      5.500    13.9159    13.9161     0.0002    1.03740    1.03707          1     6.3028     6.5636      45.81     2.0332     0.4592  1.000e-12  0.3783000     7.6109     7.6082    -0.0027     5.1277     5.1256      5.470      5.573      0.530    1471.24    1471.24  0.000e+00
      76115      6.000    13.8875    13.8880     0.0003    1.03720    1.03646          1     6.3475     6.5456      41.04     2.0705     0.5142  1.000e-12  0.3680000     7.6149     7.6089    -0.0059     5.1352     5.1305      5.967      6.080      0.535    1471.15    1471.15  0.000e+00
      76137      6.500    13.8699    13.8639    -0.0059    1.03685    1.03595          1     6.3429     6.5310      40.43     2.1363     0.5457  1.000e-12  0.3724000     7.6155     7.6096    -0.0059     5.1384     5.1347      6.464      6.587      0.548    1471.10    1471.07  0.000e+00
      76159      7.000    13.8654    13.8621    -0.0034    1.03653    1.03592          1     6.3714     6.5193      39.90     2.1676     0.5182  1.000e-12  0.3720000     7.6138     7.6096    -0.0041     5.1377     5.1351      6.961      7.093      0.563    1471.09    1471.07  0.000e+00
      76180      7.500    13.8636    13.8604    -0.0031    1.03639    1.03590          1     6.4608     6.5161      39.44     2.2026     0.4712  1.000e-12  0.3663000     7.6130     7.6097    -0.0033     5.1374     5.1354      7.459      7.600      0.573    1471.09    1471.08  0.000e+00
      76201      8.000    13.8605    13.8583    -0.0021    1.03629    1.03585          1     6.5190     6.5153      38.96     2.1966     0.5114  1.000e-12  0.3699000     7.6128     7.6097    -0.0031     5.1377     5.1357      7.956      8.107      0.564    1471.09    1471.08  0.000e+00
      76222      8.500    13.8580    13.8567    -0.0013    1.03622    1.03583          1     6.4937     6.5093      38.48     2.2045     0.4935  1.000e-12  0.3850000     7.6126     7.6098    -0.0028     5.1380     5.1360      8.453      8.613      0.543    1471.09    1471.08  0.000e+00
      76245      9.000    13.8556    13.8547    -0.0009    1.03615    1.03581          1     6.4206     6.5030      38.05     2.2376     0.5253  1.000e-12  0.3968000     7.6125     7.6100    -0.0025     5.1383     5.1365      8.950      9.120      0.547    1471.09    1471.08  0.000e+00
      76266      9.500    13.8537    13.8533    -0.0003    1.03610    1.03579          1     6.3964     6.4995      37.66     2.2723     0.5359  1.000e-12  0.3986000     7.6125     7.6101    -0.0024     5.1385     5.1367      9.448      9.627      0.579    1471.09    1471.08  0.000e+00
      76286     10.000    13.8522    13.8523     0.0001    1.03606    1.03580          1     6.3643     6.4920      37.06     2.2387     0.4869  1.000e-12  0.4081000     7.6124     7.6102    -0.0021     5.1387     5.1371      9.945     10.133      0.596    1471.09    1471.09  0.000e+00
      76307     10.500    13.8511    13.8514     0.0004    1.03604    1.03580          1     6.3846     6.4933      28.82     2.2093     0.5421  1.000e-12  0.3841000     7.6124     7.6103    -0.0020     5.1389     5.1373     10.442     10.640      0.575    1471.09    1471.09  0.000e+00
      76328     11.000    13.8502    13.8509     0.0007    1.03598    1.03580          1     6.4228     6.4948       6.60     2.2193     0.5997  1.000e-12  0.3791000     7.6120     7.6104    -0.0016     5.1387     5.1374     10.939     11.147      0.547    1471.10    1471.10  0.000e+00
      76350     11.500    13.8490    13.8501     0.0011    1.03594    1.03579          1     6.4217     6.4946      10.61     2.2524     0.5493  1.000e-12  0.3936000     7.6119     7.6105    -0.0014     5.1388     5.1376     11.437     11.653      0.552    1471.10    1471.10  0.000e+00
      76372     12.000    13.8485    13.8496     0.0011    1.03596    1.03581          1     6.4287     6.4924      15.71     2.2816     0.5148  1.000e-12  0.4037000     7.6121     7.6107    -0.0014     5.1390     5.1378     11.934     12.160      0.576    1471.11    1471.11  0.000e+00
      76392     12.500    13.8475    13.8489     0.0013    1.03595    1.03581          1     6.4207     6.4836      22.13     2.2877     0.5385  1.000e-12  0.3843000     7.6121     7.6108    -0.0014     5.1392     5.1380     12.431     12.667      0.579    1471.11    1471.12  0.000e+00
      76413     13.000    13.8463    13.8476     0.0012    1.03585    1.03579          1     6.4276     6.4772      27.61     2.2912     0.4710  1.000e-12  0.3852000     7.6115     7.6108    -0.0007     5.1389     5.1382     12.928     13.173      0.569    1471.12    1471.12  0.000e+00
      76434     13.500    13.8457    13.8469     0.0011    1.03593    1.03578          1     6.4530     6.5055      31.18     2.2595     0.5194  1.000e-12  0.3847000     7.6123     7.6109    -0.0014     5.1396     5.1384     13.425     13.680      0.571    1471.12    1471.13  0.000e+00
      76455     14.000    13.8449    13.8462     0.0013    1.03593    1.03580          1     6.5109     6.5613      32.19     2.2534     0.5560  1.000e-12  0.3879000     7.6123     7.6110    -0.0013     5.1398     5.1386     13.923     14.187      0.575    1471.13    1471.13  0.000e+00
      76476     14.500    13.8419    13.8430     0.0012    1.03589    1.03576          1     6.6116     6.5629      32.11     2.2993     0.5483  1.000e-12  0.3870000     7.6126     7.6113    -0.0013     5.1405     5.1393     14.420     14.693      0.566    1471.13    1471.13  0.000e+00
      76498     15.000    13.7769    13.7691    -0.0080    1.03566    1.03580          1     6.6845     6.5591      31.70     2.3849     0.5102  1.000e-12  0.3954000     7.6235     7.6262     0.0027     5.1588     5.1621     14.917     15.200      0.555    1470.92    1470.89  0.000e+00
      76519     15.500    13.3348    13.2859    -0.0487    1.03777    1.04129          1     6.7112     6.6546      31.23     2.4727     0.5739  1.000e-12  0.4286000     7.7286     7.7668     0.0382     5.3063     5.3429     15.414     15.707      0.560    1469.48    1469.35  0.000e+00
      76540     16.000    12.8498    12.7794    -0.0703    1.04311    1.04151          1     6.6760     6.6759      30.76     2.6057     0.5997  1.000e-12  0.4358000     7.8706     7.8721     0.0015     5.4865     5.4976     15.911     16.213      0.568    1467.91    1467.66  0.000e+00
      76561     16.500    12.5689    12.5081    -0.0608    1.04378    1.04559          1     6.6525     6.6878      30.25     2.4794     0.5535  1.000e-12  0.3991000     7.9345     7.9621     0.0276     5.5755     5.6053     16.409     16.720      0.569    1466.97    1466.78  0.000e+00
      76583     17.000    12.2714    12.1984    -0.0730    1.05276    1.05337          1     6.6224     6.6294      29.74     2.4095     0.5170  1.000e-12  0.3943000     8.0714     8.0921     0.0207     5.7223     5.7483     16.906     17.226      0.566    1466.06    1465.81  0.000e+00
      76604     17.500    12.2508    12.2203    -0.0306    1.06432    1.07158          1     6.6481     6.5877      29.20     2.4699     0.5225  1.000e-12  0.3893000     8.1714     8.2381     0.0668     5.8024     5.8581     17.403     17.732      0.561    1466.11    1466.07  0.000e+00
      76625     18.000    12.2814    12.2566    -0.0247    1.08234    1.08848          1     6.6638     6.5423      28.66     2.5365     0.5993  1.000e-12  0.3738000     8.3139     8.3704     0.0565     5.9082     5.9552     17.900     18.239      0.562    1466.40    1466.37  0.000e+00
      76647     18.500    12.4406    12.4552     0.0145    1.09755    1.10889          1     6.6926     6.4845      28.14     2.3600     0.5010  1.000e-12  0.3651000     8.4044     8.4947     0.0903     5.9559     6.0235     18.398     18.745      0.572    1467.09    1467.26  0.000e+00
      76667     19.000    12.7206    12.7314     0.0108    1.12676    1.13680          1     6.7080     6.4038      27.68     2.3521     0.4888  1.000e-12  0.3463000     8.5824     8.6626     0.0802     6.0537     6.1140     18.895     19.251      0.578    1468.33    1468.47  0.000e+00
      76688     19.500    12.7156    12.7106    -0.0050    1.13794    1.13976          1     6.6878     6.3461      27.16     2.2373     0.4638  1.000e-12  0.3660000     8.6755     8.6916     0.0161     6.1262     6.1394     19.392     19.757      0.577    1468.43    1468.44  0.000e+00
      76709     20.000    12.6043    12.5793    -0.0250    1.13769    1.13472          1     6.6391     6.3446      26.63     2.0232     0.4311  1.000e-12  0.3415000     8.6988     8.6800    -0.0188     6.1601     6.1491     19.889     20.264      0.568    1468.07    1467.95  0.000e+00
      76730     20.500    12.4874    12.4699    -0.0175    1.13175    1.12962          1     6.5581     6.3419      26.14     1.8417     0.3993  1.000e-12  0.3071000     8.6765     8.6629    -0.0136     6.1594     6.1514     20.386     20.770      0.557    1467.62    1467.54  0.000e+00
      76752     21.000    12.5490    12.5529     0.0039    1.13393    1.13645          1     6.4808     6.3371      25.60     1.7705     0.4864  1.000e-12  0.2930000     8.6804     8.7003     0.0199     6.1537     6.1685     20.884     21.276      0.559    1467.86    1467.90  0.000e+00
      76773     21.500    12.6029    12.6060     0.0031    1.13952    1.14089          1     6.4790     6.3513      25.09     1.6881     0.3657  1.000e-12  0.2991000     8.7141     8.7247     0.0106     6.1721     6.1798     21.381     21.782      0.566    1468.10    1468.13  0.000e+00
      76795     22.000    12.6910    12.6992     0.0082    1.14668    1.14894          1     6.5029     6.3682      24.57     1.6031     0.3703  1.000e-12  0.2985000     8.7528     8.7696     0.0168     6.1894     6.2011     21.878     22.288      0.560    1468.48    1468.53  0.000e+00
      76816     22.500    12.7459    12.7546     0.0087    1.15176    1.15390          1     6.5350     6.3720      24.06     1.5326     0.3801  1.000e-12  0.2930000     8.7819     8.7975     0.0156     6.2039     6.2147     22.375     22.794      0.554    1468.72    1468.77  0.000e+00
      76838     23.000    12.7909    12.7976     0.0067    1.15666    1.15777          1     6.5439     6.3411      23.53     1.5388     0.3594  1.000e-12  0.3070000     8.8118     8.8194     0.0076     6.2204     6.2253     22.872     23.300      0.565    1468.92    1468.96  0.000e+00
      76859     23.500    12.8143    12.8202     0.0059    1.15904    1.15968          1     6.5382     6.3020      23.13     1.5630     0.3971  1.000e-12  0.3059000     8.8259     8.8298     0.0039     6.2279     6.2301     23.370     23.807      0.573    1469.03    1469.06  0.000e+00
      76880     24.000    12.8157    12.8189     0.0032    1.16019    1.16022          1     6.5385     6.2930      12.70     1.5593     0.3969  1.000e-12  0.2915000     8.8350     8.8345    -0.0005     6.2347     6.2339     23.867     24.313      0.569    1469.06    1469.07  0.000e+00
      76901     24.500    12.7974    12.7994     0.0020    1.15965    1.15963          1     6.5217     6.2866       6.76     1.4805     0.4064  1.000e-12  0.2868000     8.8347     8.8340    -0.0006     6.2371     6.2363     24.364     24.819      0.567    1469.00    1469.01  0.000e+00
      76922     25.000    12.8597    12.8689     0.0092    1.16362    1.16518          1     6.5194     6.2664      11.22     1.5017     0.3991  1.000e-12  0.2875000     8.8528     8.8635     0.0107     6.2421     6.2489     24.861     25.325      0.571    1469.26    1469.30  0.000e+00
      76943     25.500    12.8692    12.8733     0.0042    1.16556    1.16572          1     6.5193     6.2686      15.31     1.2217     0.3725  1.000e-12  0.2765000     8.8665     8.8668     0.0003     6.2513     6.2509     25.358     25.831      0.569    1469.31    1469.33  0.000e+00
      76964     26.000    12.8677    12.8717     0.0040    1.16571    1.16564          1     6.5461     6.3058      11.99     1.1419     0.3248  1.000e-12  0.2795000     8.8679     8.8665    -0.0015     6.2526     6.2509     25.856     26.337      0.558    1469.32    1469.33  0.000e+00
      76986     26.500    12.8566    12.8589     0.0023    1.16543    1.16510          1     6.5219     6.2722       9.11     1.1562     0.3243  1.000e-12  0.2841000     8.8682     8.8650    -0.0032     6.2544     6.2516     26.353     26.843      0.553    1469.29    1469.29  0.000e+00
      77008     27.000    12.7696    12.7632    -0.0064    1.16288    1.16137          1     6.4625     6.1875      13.32     1.1516     0.3558  1.000e-12  0.2758000     8.8675     8.8565    -0.0110     6.2664     6.2589     26.850     27.349      0.564    1468.98    1468.94  0.000e+00
      77028     27.500    12.4569    12.4201    -0.0366    1.15368    1.14859          1     6.4171     6.1724      18.64     1.0888     0.3448  1.000e-12  0.2619000     8.8645     8.8308    -0.0337     6.3086     6.2878     27.347     27.855      0.582    1467.85    1467.67  0.000e+00
      77049     28.000    12.1604    12.1299    -0.0307    1.13989    1.13613          1     6.5262     6.3171      18.32     1.0263     0.3126  1.000e-12  0.2893000     8.8191     8.7948    -0.0243     6.3149     6.3003     27.844     28.361      0.581    1466.72    1466.58  0.000e+00
      77070     28.500    12.2131    12.2098    -0.0033    1.14390    1.14762          1     6.6820     6.2825      17.85     1.0440     0.2784  1.000e-12  0.2962000     8.8402     8.8719     0.0317     6.3239     6.3488     28.341     28.868      0.556    1466.95    1466.97  0.000e+00
