ctdpy/exports/archive_20191121_122431/received_data/SBE09_0827_20180903_1037_26_01_0954.cnv
* Sea-Bird SBE 9 Data File:
* FileName = D:\CTD_SBE911\DAT\26DA.2018.9.4.hex
* Software Version Seasave V 7.21d
* Temperature SN = 034605
* Conductivity SN = 041844
* Number of Bytes Per Scan = 48
* Number of Voltage Words = 5
* Number of Scans Averaged by the Deck Unit = 1
* NMEA Latitude = 54 58.23 N
* NMEA Longitude = 014 05.82 E
* NMEA UTC (Time) = Sep 03 2018  10:40:12
* NMEA baud rate = 4800
** Ship: DANA
** Average sound velocity: 1473.61 m/s
** True-depth calculation Wed, 03 Apr 2019 09:23:12 +0000
** CTD Python Module SMHI /ver 3-12/ feb 2012 
** LIMS Job: 20182601-0954
**  BY2 ARKONA
** Operator: Christian
** Cruise: 09/2018
# nquan = 26
# nvalues = 87                          
# units = specified
# name 0 = scan: Scan Count
# name 1 = prDM: Pressure, Digiquartz [db]
# name 2 = t090C: Temperature [ITS-90, deg C]
# name 3 = t190C: Temperature, 2 [ITS-90, deg C]
# name 4 = T2-T190C: Temperature Difference, 2 - 1 [ITS-90, deg C]
# name 5 = c0S/m: Conductivity [S/m]
# name 6 = c1S/m: Conductivity, 2 [S/m]
# name 7 = pumps: Pump Status
# name 8 = sbeox1ML/L: Oxygen, SBE 43, 2 [ml/l]
# name 9 = sbeox0ML/L: Oxygen, SBE 43 [ml/l]
# name 10 = altM: Altimeter [m]
# name 11 = chloroflTC0: Chlorophyll, Turner Cyclops [ug/l]
# name 12 = cpar: CPAR/Corrected Irradiance [%]
# name 13 = par: PAR/Irradiance, Biospherical/Lico [µE/(cm^2*s)]
# name 14 = spar: SPAR, Biospherical/Licor
# name 15 = sal00: Salinity, Practical [PSU]
# name 16 = sal11: Salinity, Practical, 2 [PSU]
# name 17 = secS-priS: Salinity, Practical, Difference, 2 - 1 [PSU]
# name 18 = sigma-t00: Density [sigma-t, kg/m^3 ]
# name 19 = sigma-t11: Density, 2 [sigma-t, kg/m^3 ]
# name 20 = depSM: Depth [salt water, m], lat = 54.9705
# name 21 = depFM: Depth [true depth, m], lat = 54.9705
# name 22 = dz/dtM: Descent Rate [m/s], WS = 2
# name 23 = svCM: Sound Velocity [Chen-Millero, m/s]
# name 24 = svCM1: Sound Velocity, 2 [Chen-Millero, m/s]
# name 25 = flag: flag
# span 0 =        -11,       4966       
# span 1 =      1.500,     44.500       
# span 2 =     6.5950,    18.2495       
# span 3 =     6.6308,    18.2462       
# span 4 =    -1.6117,     1.3294       
# span 5 =   0.923912,   2.255613       
# span 6 =   0.935480,   2.238407       
# span 7 =          1,          1       
# span 8 =     1.5577,     6.8670       
# span 9 =     1.2952,     6.6572       
# span 10 =       1.32,       9.98      
# span 11 =     0.0417,     0.1958      
# span 12 = -7.534e-06, 1.2543e+00      
# span 13 = -1.571e-04, 2.6160e+01      
# span 14 = 2.0836e+03, 2.0888e+03      
# span 15 =     7.6705,    17.0033      
# span 16 =     7.7305,    16.8968      
# span 17 =    -0.8674,     0.0765      
# span 18 =     4.4703,    12.0936      
# span 19 =     4.4681,    11.9998      
# span 20 =      1.486,     44.094      
# span 21 =      1.521,     45.016      
# span 22 =      0.002,      0.668      
# span 23 =    1444.45,    1489.09      
# span 24 =    1444.91,    1488.21      
# span 25 = 0.0000e+00, 0.0000e+00      
# interval = decibars: 0.5              
# start_time = Sep 03 2018 10:40:12 [NMEA time, first data scan]
# bad_flag = -9.990e-29
*END*
        -11      1.500    18.2149    18.2261     0.0112    1.16740    1.16712          1     6.7581     6.4681       9.98     0.1681  1.254e+00  2.616e+01  2.086e+03     7.7656     7.7615    -0.0041     4.4774     4.4720      1.486      1.521      0.084    1485.69    1485.72  0.000e+00
         97      2.000    18.2316    18.2272    -0.0045    1.16782    1.16717          1     6.7338     6.4592       9.98     0.1610  1.062e+00  2.215e+01  2.086e+03     7.7654     7.7615    -0.0038     4.4739     4.4719      1.982      2.028      0.261    1485.75    1485.74  0.000e+00
        295      2.500    18.2375    18.2361    -0.0014    1.16794    1.16740          1     6.7851     6.4509       9.98     0.1584  9.096e-01  1.897e+01  2.086e+03     7.7651     7.7615    -0.0036     4.4725     4.4700      2.477      2.535      0.290    1485.78    1485.77  0.000e+00
        335      3.000    18.2491    18.2370    -0.0120    1.16828    1.16742          1     6.7743     6.4519       9.98     0.1592  7.322e-01  1.527e+01  2.086e+03     7.7653     7.7614    -0.0039     4.4703     4.4698      2.973      3.042      0.535    1485.82    1485.78  0.000e+00
        365      3.500    18.2495    18.2453    -0.0042    1.16831    1.16763          1     6.7726     6.4600       9.98     0.1587  6.482e-01  1.352e+01  2.086e+03     7.7654     7.7614    -0.0040     4.4703     4.4681      3.468      3.549      0.380    1485.83    1485.81  0.000e+00
        431      4.000    18.2449    18.2462     0.0014    1.16813    1.16775          1     6.7719     6.4496       9.98     0.1523  5.676e-01  1.183e+01  2.085e+03     7.7649     7.7619    -0.0030     4.4709     4.4683      3.964      4.056      0.633    1485.83    1485.83  0.000e+00
        444      4.500    18.2416    18.2436     0.0018    1.16805    1.16762          1     6.7727     6.4508       9.98     0.1483  4.952e-01  1.032e+01  2.085e+03     7.7649     7.7615    -0.0034     4.4715     4.4685      4.459      4.563      0.668    1485.82    1485.83  0.000e+00
        486      5.000    18.2454    18.2447    -0.0007    1.16822    1.16766          1     6.7654     6.4547       9.98     0.1503  4.176e-01  8.707e+00  2.085e+03     7.7654     7.7615    -0.0039     4.4711     4.4683      4.955      5.070      0.392    1485.85    1485.84  0.000e+00
        553      5.500    18.2459    18.2452    -0.0007    1.16825    1.16772          1     6.7204     6.4683       9.98     0.1523  3.624e-01  7.552e+00  2.084e+03     7.7655     7.7618    -0.0037     4.4711     4.4684      5.450      5.577      0.532    1485.86    1485.85  0.000e+00
        572      6.000    18.2396    18.2441     0.0046    1.16813    1.16773          1     6.7335     6.4752       9.98     0.1534  3.017e-01  6.291e+00  2.085e+03     7.7658     7.7621    -0.0037     4.4726     4.4688      5.946      6.084      0.536    1485.84    1485.85  0.000e+00
        631      6.500    18.2218    18.2332     0.0114    1.16773    1.16753          1     6.7815     6.4466       9.98     0.1546  2.585e-01  5.390e+00  2.086e+03     7.7662     7.7626    -0.0036     4.4765     4.4714      6.441      6.591      0.355    1485.80    1485.83  0.000e+00
        684      7.000    18.2235    18.2255     0.0020    1.16778    1.16735          1     6.8042     6.4355       9.98     0.1589  2.296e-01  4.789e+00  2.086e+03     7.7661     7.7627    -0.0034     4.4761     4.4731      6.937      7.098      0.573    1485.81    1485.81  0.000e+00
        705      7.500    18.1885    18.2228     0.0342    1.16691    1.16732          1     6.7982     6.4455       9.98     0.1624  1.945e-01  4.055e+00  2.085e+03     7.7664     7.7629    -0.0034     4.4833     4.4738      7.432      7.605      0.419    1485.71    1485.81  0.000e+00
        786      8.000    18.1636    18.1724     0.0087    1.16633    1.16617          1     6.7735     6.4644       9.98     0.1705  1.713e-01  3.571e+00  2.084e+03     7.7669     7.7641    -0.0028     4.4887     4.4848      7.928      8.112      0.328    1485.64    1485.66  0.000e+00
        812      8.500    18.1647    18.1621    -0.0026    1.16639    1.16589          1     6.7980     6.4654       9.98     0.1806  1.479e-01  3.085e+00  2.086e+03     7.7670     7.7640    -0.0031     4.4886     4.4868      8.423      8.619      0.429    1485.65    1485.64  0.000e+00
        861      9.000    18.1336    18.1525     0.0189    1.16551    1.16564          1     6.8046     6.4466       9.98     0.1818  1.272e-01  2.652e+00  2.085e+03     7.7665     7.7639    -0.0026     4.4945     4.4887      8.919      9.126      0.252    1485.56    1485.62  0.000e+00
        918      9.500    18.1039    18.1153     0.0114    1.16466    1.16476          1     6.7969     6.4296       9.98     0.1821  1.119e-01  2.334e+00  2.086e+03     7.7659     7.7645    -0.0014     4.5000     4.4967      9.414      9.633      0.366    1485.47    1485.51  0.000e+00
        950     10.000    18.0761    18.0988     0.0227    1.16372    1.16415          1     6.7866     6.4555       9.98     0.1925  9.630e-02  2.009e+00  2.086e+03     7.7644     7.7632    -0.0012     4.5044     4.4990      9.910     10.140      0.281    1485.39    1485.46  0.000e+00
       1020     10.500    18.0001    18.0737     0.0739    1.16319    1.16347          1     6.8039     6.4638       9.98     0.1896  8.514e-02  1.776e+00  2.086e+03     7.7748     7.7629    -0.0119     4.5275     4.5038     10.405     10.647      0.311    1485.17    1485.39  0.000e+00
       1049     11.000    17.5702    17.8899     0.3194    1.16060    1.16261          1     6.8227     6.5376       9.98     0.1958  7.462e-02  1.557e+00  2.086e+03     7.8374     7.7913    -0.0461     4.6600     4.5620     10.901     11.154      0.389    1483.88    1484.85  0.000e+00
       1095     11.500    17.4086    17.6403     0.2315    1.15679    1.16104          1     6.8670     6.5654       9.98     0.1831  6.403e-02  1.335e+00  2.085e+03     7.8404     7.8271    -0.0133     4.6938     4.6385     11.396     11.661      0.236    1483.37    1484.10  0.000e+00
       1148     12.000    17.2341    17.3565     0.1225    1.15164    1.15602          1     6.8388     6.5267       9.98     0.1748  5.681e-02  1.184e+00  2.084e+03     7.8361     7.8448     0.0087     4.7241     4.7071     11.891     12.168      0.352    1482.81    1483.22  0.000e+00
       1182     12.500    16.8777    17.1619     0.2844    1.14116    1.15059          1     6.8230     6.4929       9.97     0.1863  4.896e-02  1.021e+00  2.086e+03     7.8273     7.8422     0.0149     4.7851     4.7426     12.387     12.675      0.267    1481.65    1482.60  0.000e+00
       1246     13.000    16.4822    16.7486     0.2664    1.13023    1.13967          1     6.8399     6.5049       9.97     0.1700  4.397e-02  9.171e-01  2.086e+03     7.8225     7.8412     0.0187     4.8549     4.8198     12.882     13.181      0.289    1480.36    1481.26  0.000e+00
       1283     13.500    16.3283    16.4360     0.1077    1.12583    1.13014          1     6.8100     6.5003       9.97     0.1754  3.813e-02  7.953e-01  2.086e+03     7.8193     7.8307     0.0114     4.8806     4.8697     13.378     13.688      0.269    1479.85    1480.23  0.000e+00
       1342     14.000    16.2299    16.3291     0.0989    1.12308    1.12649          1     6.8268     6.4783       9.97     0.1741  3.344e-02  6.981e-01  2.088e+03     7.8178     7.8241     0.0063     4.8973     4.8842     13.873     14.195      0.245    1479.54    1479.87  0.000e+00
       1382     14.500    16.0438    16.1755     0.1316    1.11770    1.12242          1     6.8327     6.4622       9.97     0.1776  2.999e-02  6.260e-01  2.088e+03     7.8135     7.8234     0.0098     4.9275     4.9114     14.369     14.702      0.302    1478.92    1479.37  0.000e+00
       1427     15.000    15.6630    15.9588     0.2963    1.10592    1.11651          1     6.8117     6.4598       9.97     0.1754  2.570e-02  5.363e-01  2.086e+03     7.7986     7.8210     0.0224     4.9834     4.9484     14.864     15.208      0.253    1477.63    1478.65  0.000e+00
       1471     15.500    15.1287    15.6407     0.5119    1.09072    1.10749          1     6.8284     6.3877       9.97     0.1900  2.234e-02  4.660e-01  2.086e+03     7.7872     7.8149     0.0278     5.0664     4.9998     15.360     15.715      0.294    1475.82    1477.59  0.000e+00
       1516     16.000    14.4063    14.9315     0.5256    1.07192    1.08925          1     6.7692     6.3282       9.97     0.1862  1.955e-02  4.080e-01  2.088e+03     7.7844     7.8148     0.0304     5.1833     5.1205     15.855     16.222      0.231    1473.33    1475.18  0.000e+00
       1568     16.500    13.4477    14.3399     0.8916    1.04620    1.07339          1     6.7312     6.0535       9.97     0.1793  1.682e-02  3.511e-01  2.088e+03     7.7730     7.8092     0.0362     5.3230     5.2132     16.351     16.728      0.264    1469.94    1473.14  0.000e+00
       1609     17.000    12.7497    13.5392     0.7890    1.02797    1.05340          1     6.5848     6.1263       9.97     0.1805  1.421e-02  2.969e-01  2.089e+03     7.7678     7.8121     0.0444     5.4214     5.3396     16.846     17.235      0.286    1467.44    1470.33  0.000e+00
       1660     17.500    12.5712    12.8183     0.2473    1.02322    1.03269          1     6.4484     6.2707       9.97     0.1770  1.205e-02  2.518e-01  2.089e+03     7.7654     7.7920     0.0266     5.4447     5.4300     17.342     17.742      0.207    1466.80    1467.72  0.000e+00
       1713     18.000    12.1400    12.4769     0.3363    1.00963    1.02251          1     6.4842     6.3328       9.97     0.1767  1.003e-02  2.093e-01  2.088e+03     7.7422     7.7790     0.0368     5.4858     5.4683     17.837     18.248      0.338    1465.19    1466.48  0.000e+00
       1742     18.500    11.5969    11.9716     0.3762    0.99487    1.00923          1     6.4887     6.3624       9.97     0.1748  8.170e-03  1.706e-01  2.088e+03     7.7316     7.7737     0.0421     5.5489     5.5326     18.332     18.755      0.382    1463.17    1464.62  0.000e+00
       1788     19.000    11.1161    11.4373     0.3195    0.98088    0.99323          1     6.5126     6.4620       9.97     0.1685  6.399e-03  1.335e-01  2.087e+03     7.7137     7.7508     0.0371     5.5952     5.5834     18.828     19.261      0.228    1461.36    1462.60  0.000e+00
       1843     19.500    10.5430    11.0965     0.5530    0.96335    0.98237          1     6.6600     6.4423       9.97     0.1752  4.919e-03  1.026e-01  2.086e+03     7.6838     7.7305     0.0466     5.6395     5.6106     19.323     19.767      0.342    1459.14    1461.31  0.000e+00
       1874     20.000     9.4304    10.4470     1.0176    0.93481    0.96835          1     6.5830     6.5997       9.97     0.1737  3.609e-03  7.528e-02  2.086e+03     7.6705     7.7471     0.0765     5.7486     5.6992     19.819     20.274      0.345    1454.80    1458.85  0.000e+00
       1920     20.500     8.8314     9.1977     0.3650    0.92391    0.93606          1     6.5670     6.6572       9.97     0.1608  2.384e-03  4.970e-02  2.085e+03     7.7023     7.7315     0.0292     5.8325     5.8191     20.314     20.780      0.210    1452.48    1453.96  0.000e+00
       1976     21.000     8.9440     9.0525     0.1085    0.93783    0.93548          1     6.6238     6.3590       9.97     0.1376  1.268e-03  2.642e-02  2.084e+03     7.8026     7.7579    -0.0447     5.9001     5.8550     20.810     21.286      0.263    1453.06    1453.43  0.000e+00
       2017     21.500     9.0668     9.0026    -0.0640    0.95103    0.93899          1     6.4748     6.3070       9.97     0.1220  3.040e-04  6.339e-03  2.086e+03     7.8933     7.8000    -0.0933     5.9589     5.8926     21.305     21.793      0.277    1453.66    1453.30  0.000e+00
       2071     22.000     9.6180     9.3593    -0.2588    0.98392    0.96449          1     6.4105     5.9815       9.97     0.1002 -7.534e-06 -1.571e-04  2.086e+03     8.0630     7.9486    -0.1144     6.0359     5.9734     21.801     22.299      0.225    1456.06    1454.90  0.000e+00
       2113     22.500     8.6534     9.5017     0.8465    0.95346    0.97741          1     6.2835     6.0955       9.97     0.0959  4.797e-14  1.001e-12  2.086e+03     8.0070     8.0316     0.0246     6.0853     6.0236     22.296     22.805      0.327    1452.16    1455.57  0.000e+00
       2162     23.000     8.0902     8.5678     0.4790    0.94149    0.95732          1     6.1311     6.3010       9.97     0.0848  4.797e-14  1.000e-12  2.085e+03     8.0264     8.0616     0.0352     6.1515     6.1361     22.791     23.311      0.225    1449.92    1451.89  0.000e+00
       2212     23.500     8.0194     8.2003     0.1802    0.94300    0.94644          1     6.2336     6.2433       9.97     0.0841  4.799e-14  1.000e-12  2.084e+03     8.0564     8.0465    -0.0098     6.1809     6.1580     23.287     23.817      0.370    1449.68    1450.40  0.000e+00
       2244     24.000     7.9221     8.0307     0.1088    0.94331    0.94468          1     6.2051     6.2445       9.98     0.0797  4.799e-14  1.000e-12  2.084e+03     8.0816     8.0692    -0.0124     6.2087     6.1900     23.782     24.324      0.295    1449.32    1449.75  0.000e+00
       2309     24.500     7.8658     7.9475     0.0817    0.94491    0.94666          1     6.1933     6.2008       9.98     0.0780  4.799e-14  1.000e-12  2.084e+03     8.1093     8.1065    -0.0028     6.2350     6.2261     24.278     24.830      0.250    1449.13    1449.46  0.000e+00
       2354     25.000     7.6766     7.8751     0.1984    0.94167    0.94643          1     6.1814     6.2153       9.98     0.0796  4.796e-14  1.000e-12  2.085e+03     8.1232     8.1211    -0.0021     6.2611     6.2435     24.773     25.336      0.295    1448.38    1449.20  0.000e+00
       2399     25.500     7.5953     7.7011     0.1057    0.93964    0.94333          1     6.1505     6.2371       9.98     0.0764  4.790e-14  1.000e-12  2.088e+03     8.1232     8.1328     0.0096     6.2674     6.2666     25.269     25.842      0.246    1448.06    1448.50  0.000e+00
       2449     26.000     7.5264     7.5936     0.0673    0.93768    0.94044          1     6.1430     6.2367       9.98     0.0772  4.794e-14  1.000e-12  2.086e+03     8.1210     8.1310     0.0100     6.2710     6.2737     25.764     26.348      0.235    1447.78    1448.07  0.000e+00
       2499     26.500     7.4621     7.5376     0.0755    0.93634    0.93887          1     6.1506     6.3345       9.98     0.0800  4.791e-14  1.000e-12  2.087e+03     8.1234     8.1293     0.0059     6.2779     6.2767     26.260     26.854      0.263    1447.52    1447.84  0.000e+00
       2541     27.000     7.5526     7.4947    -0.0575    0.94219    0.93781          1     6.2120     6.0944       9.98     0.0794  4.792e-14  1.000e-12  2.087e+03     8.1567     8.1294    -0.0273     6.2970     6.2801     26.755     27.360      0.296    1447.95    1447.67  0.000e+00
       2583     27.500     6.6577     7.3745     0.7161    0.93875    0.94015          1     6.1790     6.0210       9.98     0.0758  4.797e-14  1.000e-12  2.085e+03     8.3389     8.1795    -0.1594     6.5032     6.3283     27.250     27.866      0.268    1444.45    1447.25  0.000e+00
       2632     28.000     6.6331     6.7630     0.1303    0.97820    0.94218          1     6.0631     5.7578       9.98     0.0718  4.799e-14  1.000e-12  2.084e+03     8.7220     8.3451    -0.3768     6.8069     6.5019     27.746     28.372      0.231    1444.84    1444.91  0.000e+00
       2683     28.500     6.5950     6.6812     0.0861    0.98814    0.96763          1     5.9343     5.6236       9.98     0.0662  4.795e-14  1.000e-12  2.086e+03     8.8274     8.6085    -0.2189     6.8923     6.7145     28.241     28.878      0.242    1444.82    1444.91  0.000e+00
