ctdpy/exports/archive_20191121_122431/received_data/SBE09_1044_20180129_0445_34_02_0029.cnv
* Sea-Bird SBE 9 Data File:
* FileName = C:\ctd\temp\2018\ME18D029.hex
* Software Version Seasave V 7.26.6.26
* Temperature SN = 5351
* Conductivity SN = 3941
* Number of Bytes Per Scan = 41
* Number of Voltage Words = 4
* Number of Scans Averaged by the Deck Unit = 1
* NMEA Latitude = 57 33.02 N
* NMEA Longitude = 020 09.69 E
* NMEA UTC (Time) = Jan 29 2018  04:45:40
* NMEA baud rate = 4800
** Station:  BY19
** Operator:  JKro
** Ship: MERI
** Average sound velocity: 1442.68 m/s
** True-depth calculation Mon, 29 Jan 2018 05:59:01 +0000
** CTD Python Module SMHI /ver 3-12/ feb 2012 
** LIMS Job: 20183402-0029
** Cruise: SMHI-01-2018
** Latitude [GG MM.mm N] :
** Longitude [GG MM.mm E]:
# nquan = 26
# nvalues = 307                         
# units = specified
# name 0 = scan: Scan Count
# name 1 = prDM: Pressure, Digiquartz [db]
# name 2 = t090C: Temperature [ITS-90, deg C]
# name 3 = t190C: Temperature, 2 [ITS-90, deg C]
# name 4 = T2-T190C: Temperature Difference, 2 - 1 [ITS-90, deg C]
# name 5 = c0S/m: Conductivity [S/m]
# name 6 = c1S/m: Conductivity, 2 [S/m]
# name 7 = pumps: Pump Status
# name 8 = sbeox0ML/L: Oxygen, SBE 43 [ml/l]
# name 9 = sbeox1ML/L: Oxygen, SBE 43, 2 [ml/l]
# name 10 = altM: Altimeter [m]
# name 11 = flECO-AFL: Chl-a Fluorescence, WET Labs ECO-AFL/FL [mg/m^3]
# name 12 = flECO-AFL1: Phycocyanin Fluorescence, WET Labs ECO-AFL/FL, 2 [mg/m^3]
# name 13 = par: PAR/Irradiance, Biospherical/Lico [µE/(cm^2*s)]
# name 14 = turbWETntu0: Turbidity, WET Labs ECO [NTU]
# name 15 = sal00: Salinity, Practical [PSU]
# name 16 = sal11: Salinity, Practical, 2 [PSU]
# name 17 = secS-priS: Salinity, Practical, Difference, 2 - 1 [PSU]
# name 18 = sigma-t00: Density [sigma-t, Kg/m^3 ]
# name 19 = sigma-t11: Density, 2 [sigma-t, Kg/m^3 ]
# name 20 = depSM: Depth [salt water, m], lat = 57.5503
# name 21 = depFM: Depth [true depth, m], lat = 57.5503
# name 22 = dz/dtM: Descent Rate [m/s], WS = 2
# name 23 = svCM: Sound Velocity [Chen-Millero, m/s]
# name 24 = svCM1: Sound Velocity, 2 [Chen-Millero, m/s]
# name 25 = flag: flag
# span 0 =      16932,      28347       
# span 1 =      1.500,    154.500       
# span 2 =     4.7756,     6.8803       
# span 3 =     4.7762,     6.8804       
# span 4 =    -0.0333,     0.0778       
# span 5 =   0.797334,   1.437936       
# span 6 =   0.797321,   1.437751       
# span 7 =          1,          1       
# span 8 =    0.00951,    8.03503       
# span 9 =    0.02964,    7.98304       
# span 10 =       4.08,      99.24      
# span 11 =     0.2481,     0.4452      
# span 12 =     0.1589,     0.3186      
# span 13 = -8.950e-06, 1.1058e-01      
# span 14 =     0.0944,     1.1247      
# span 15 =     7.3986,    13.1046      
# span 16 =     7.3984,    13.1028      
# span 17 =    -0.1730,     0.1349      
# span 18 =     5.8570,    10.2306      
# span 19 =     5.8568,    10.2291      
# span 20 =      1.486,    153.017      
# span 21 =      1.519,    156.169      
# span 22 =     -0.156,      1.404      
# span 23 =    1434.79,    1453.37      
# span 24 =    1434.79,    1453.37      
# span 25 = 0.0000e+00, 0.0000e+00      
# interval = decibars: 0.5              
# start_time = Jan 29 2018 04:45:40 [NMEA time, first data scan]
# bad_flag = -9.990e-29
*END*
[from data line 112]
      20361     57.500     4.7882     4.7889     0.0007    0.79843    0.79841          1     8.0062     7.9528      98.71     0.3834     0.2430  1.000e-12  0.1113000     7.4008     7.4004    -0.0003     5.8593     5.8591     56.961     58.225      1.063    1435.68    1435.68  0.000e+00
      20373     58.000     4.7882     4.7890     0.0009    0.79844    0.79845          1     8.0111     7.9502      98.70     0.3806     0.2439  1.000e-12  0.1188000     7.4008     7.4007    -0.0001     5.8593     5.8592     57.457     58.731      0.842    1435.68    1435.69  0.000e+00
      20429     58.500     4.7882     4.7886     0.0005    0.79847    0.79843          1     8.0197     7.9525      98.71     0.3911     0.2562  1.000e-12  0.1265000     7.4010     7.4005    -0.0005     5.8595     5.8591     57.952     59.237      0.613    1435.69    1435.69  0.000e+00
      20504     59.000     4.7882     4.7888     0.0006    0.79846    0.79842          1     8.0039     7.9617      98.71     0.4057     0.2690  1.000e-12  0.1218000     7.4008     7.4003    -0.0005     5.8594     5.8590     58.447     59.744      1.114    1435.70    1435.70  0.000e+00
      20514     59.500     4.7884     4.7891     0.0008    0.79849    0.79849          1     8.0050     7.9681      98.71     0.4020     0.2759  1.000e-12  0.1236000     7.4010     7.4008    -0.0002     5.8595     5.8593     58.942     60.250      1.076    1435.71    1435.71  0.000e+00
      20526     60.000     4.7886     4.7893     0.0007    0.79853    0.79852          1     8.0028     7.9699      98.71     0.3856     0.2747  1.000e-12  0.1195000     7.4014     7.4011    -0.0003     5.8598     5.8595     59.438     60.756      0.902    1435.72    1435.72  0.000e+00
      20561     60.500     4.7886     4.7891     0.0006    0.79855    0.79851          1     8.0052     7.9603      98.71     0.3819     0.2675  1.000e-12  0.1182000     7.4015     7.4010    -0.0005     5.8599     5.8595     59.933     61.263      0.544    1435.72    1435.73  0.000e+00
      20660     61.000     4.7888     4.7892     0.0004    0.79856    0.79850          1     8.0133     7.9480      98.71     0.4121     0.2660  1.000e-12  0.1117000     7.4014     7.4008    -0.0006     5.8598     5.8593     60.428     61.769      0.837    1435.73    1435.73  0.000e+00
      20673     61.500     4.7893     4.7897     0.0004    0.79862    0.79857          1     8.0170     7.9523      98.71     0.4087     0.2712  1.000e-12  0.1131000     7.4019     7.4013    -0.0006     5.8602     5.8597     60.923     62.275      0.898    1435.74    1435.75  0.000e+00
      20686     62.000     4.7899     4.7906     0.0007    0.79873    0.79872          1     8.0175     7.9463      98.71     0.4087     0.2448  1.000e-12  0.1134000     7.4028     7.4026    -0.0003     5.8609     5.8607     61.419     62.782      0.863    1435.75    1435.76  0.000e+00
      20701     62.500     4.7903     4.7908     0.0006    0.79884    0.79881          1     8.0123     7.9396      98.71     0.4048     0.2495  1.000e-12  0.1152000     7.4037     7.4033    -0.0004     5.8616     5.8612     61.914     63.288      0.713    1435.77    1435.77  0.000e+00
      20743     63.000     4.7900     4.7907     0.0008    0.79880    0.79881          1     8.0042     7.9363      84.22     0.4012     0.3013  1.000e-12  0.1221000     7.4034     7.4033    -0.0001     5.8613     5.8612     62.409     63.794      0.431    1435.77    1435.78  0.000e+00
      20841     63.500     4.7898     4.7904     0.0006    0.79874    0.79872          1     7.9860     7.9408      61.06     0.3860     0.2514  1.000e-12  0.1029000     7.4027     7.4024    -0.0003     5.8608     5.8605     62.904     64.300      0.696    1435.78    1435.78  0.000e+00
      20855     64.000     4.7894     4.7900     0.0005    0.79866    0.79862          1     7.9911     7.9463      99.14     0.3906     0.2600  1.000e-12  0.1091000     7.4019     7.4014    -0.0005     5.8602     5.8598     63.399     64.807      0.774    1435.78    1435.79  0.000e+00
      20870     64.500     4.7894     4.7900     0.0006    0.79866    0.79864          1     7.9958     7.9540      98.71     0.4066     0.2611  1.000e-12  0.1298000     7.4019     7.4015    -0.0004     5.8602     5.8598     63.895     65.313      0.743    1435.79    1435.79  0.000e+00
      20888     65.000     4.7893     4.7900     0.0006    0.79867    0.79864          1     8.0026     7.9547      98.71     0.3904     0.2604  1.000e-12  0.1252000     7.4019     7.4015    -0.0004     5.8602     5.8599     64.390     65.819      0.629    1435.80    1435.80  0.000e+00
      20911     65.500     4.7894     4.7901     0.0006    0.79868    0.79864          1     8.0079     7.9490      98.71     0.3908     0.2617  1.000e-12  0.1275000     7.4019     7.4014    -0.0005     5.8602     5.8598     64.885     66.326      0.430    1435.81    1435.81  0.000e+00
      21005     66.000     4.7893     4.7900     0.0006    0.79868    0.79866          1     8.0037     7.9463      96.07     0.3996     0.2497  1.000e-12  0.1270000     7.4019     7.4015    -0.0004     5.8602     5.8599     65.380     66.832      0.311    1435.82    1435.82  0.000e+00
      21056     66.500     4.7894     4.7901     0.0007    0.79873    0.79870          1     7.9986     7.9434      95.02     0.4096     0.2578  1.000e-12  0.1370000     7.4022     7.4018    -0.0004     5.8605     5.8601     65.876     67.338      0.739    1435.82    1435.83  0.000e+00
      21067     67.000     4.7894     4.7901     0.0007    0.79873    0.79870          1     7.9996     7.9512      94.73     0.3782     0.2648  1.000e-12  0.1180000     7.4022     7.4018    -0.0005     5.8605     5.8600     66.371     67.845      0.931    1435.83    1435.83  0.000e+00
      21079     67.500     4.7895     4.7901     0.0006    0.79870    0.79869          1     8.0035     7.9540      94.34     0.3724     0.2874  1.000e-12  0.1182000     7.4019     7.4016    -0.0003     5.8601     5.8599     66.866     68.351      1.017    1435.84    1435.84  0.000e+00
      21090     68.000     4.7897     4.7902     0.0005    0.79874    0.79871          1     8.0094     7.9540      93.88     0.3814     0.2891  1.000e-12  0.1223000     7.4021     7.4017    -0.0005     5.8604     5.8600     67.361     68.857      0.989    1435.85    1435.85  0.000e+00
      21103     68.500     4.7900     4.7905     0.0006    0.79883    0.79875          1     8.0126     7.9488      93.34     0.3832     0.2683  1.000e-12  0.1248000     7.4030     7.4020    -0.0009     5.8610     5.8602     67.856     69.363      0.788    1435.86    1435.86  0.000e+00
      21159     69.000     4.7900     4.7907     0.0007    0.79887    0.79885          1     7.7274     7.7535      94.88     0.4062     0.2624  1.000e-12  0.1223000     7.4033     7.4029    -0.0004     5.8612     5.8609     68.352     69.870      0.629    1435.87    1435.87  0.000e+00
      21235     69.500     4.7907     4.7913     0.0003    0.79954    0.79951          1     6.4348     6.7694      98.61     0.4081     0.2721  1.000e-12  0.1174000     7.4097     7.4093    -0.0004     5.8663     5.8660     68.847     70.376      1.191    1435.89    1435.89  0.000e+00
      21245     70.000     5.1101     5.1071    -0.0028    0.91558    0.91495          1     4.9943     5.6508      98.68     0.3649     0.2740  1.000e-12  0.1066000     8.4893     8.4838    -0.0056     6.7075     6.7032     69.342     70.882      1.190    1438.67    1438.65  0.000e+00
      21255     70.500     5.3588     5.3597     0.0009    0.96542    0.96540          1     3.3864     4.3361      98.68     0.3605     0.2717  1.000e-12  0.1068000     8.9224     8.9219    -0.0005     7.0385     7.0381     69.837     71.388      1.065    1440.32    1440.32  0.000e+00
      21268     71.000     5.4898     5.4920     0.0022    0.98322    0.98324          1     2.0768     3.1858      96.34     0.3079     0.2689  1.000e-12  0.0996000     9.0642     9.0639    -0.0003     7.1439     7.1435     70.333     71.894      0.749    1441.07    1441.08  0.000e+00
      21354     71.500     5.3725     5.4501     0.0778    0.95176    0.96734          1     2.4256     4.0082      93.93     0.2954     0.2468  1.000e-12  0.0959000     8.7820     8.9168     0.1349     6.9267     7.0295     70.828     72.399      0.783    1440.21    1440.72  0.000e+00
      21407     72.000     5.3779     5.3958     0.0205    0.95337    0.95771          1     2.4015     3.9738      91.31     0.3205     0.2306  1.000e-12  0.1008000     8.7973     8.8357     0.0384     6.9388     6.9682     71.323     72.905      1.257    1440.27    1440.39  0.000e+00
      21418     72.500     5.4397     5.4626     0.0214    0.97964    0.98250          1     1.8080     3.0614      89.07     0.3018     0.2650  1.000e-12  0.1039000     9.0417     9.0642     0.0224     7.1287     7.1453     71.818     73.411      1.241    1440.85    1440.98  0.000e+00
      21427     73.000     5.5383     5.5385     0.0001    1.02557    1.02523          1     1.2133     2.1695      88.82     0.2615     0.2724  1.000e-12  0.1073000     9.4718     9.4684    -0.0034     7.4632     7.4604     72.313     73.916      1.090    1441.83    1441.83  0.000e+00
      21440     73.500     5.5275     5.5279     0.0004    1.03978    1.03943          1     0.8054     1.4497      51.74     0.2603     0.2693  1.000e-12  0.1058000     9.6165     9.6129    -0.0036     7.5779     7.5750     72.809     74.422      0.699    1441.98    1441.97  0.000e+00
      21560     74.000     5.4962     5.4621    -0.0333    1.02634    1.00803          1     1.3626     1.7581      91.39     0.2879     0.2546  1.000e-12  0.0991000     9.4913     9.3182    -0.1730     7.4807     7.3459     73.304     74.927      0.743    1441.69    1441.32  0.000e+00
      21586     74.500     5.4788     5.4950     0.0151    1.01692    1.02554          1     1.0694     1.4356      89.34     0.2847     0.2415  1.000e-12  0.0944000     9.4021     9.4835     0.0814     7.4112     7.4746     73.799     75.433      0.888    1441.51    1441.68  0.000e+00
      21599     75.000     5.5716     5.5770     0.0056    1.06274    1.06448          1     0.6418     1.0426      96.62     0.2847     0.2409  1.000e-12  0.0972000     9.8325     9.8483     0.0158     7.7460     7.7581     74.294     75.938      0.837    1442.46    1442.51  0.000e+00
      21614     75.500     5.5992     5.5999     0.0007    1.07262    1.07262          1     0.2936     0.6949      89.90     0.2867     0.2394  1.000e-12  0.1011000     9.9229     9.9228    -0.0001     7.8158     7.8156     74.789     76.444      0.680    1442.70    1442.71  0.000e+00
      21655     76.000     5.6007     5.5948    -0.0060    1.07487    1.07222          1     0.3324     0.6778      88.94     0.3043     0.2098  1.000e-12  0.1153000     9.9450     9.9202    -0.0247     7.8330     7.8139     75.285     76.949      0.425    1442.75    1442.69  0.000e+00
      21759     76.500     5.5761     5.5688    -0.0070    1.06484    1.06205          1     0.6584     1.0272      84.79     0.2969     0.2653  1.000e-12  0.1484000     9.8520     9.8262    -0.0258     7.7610     7.7411     75.780     77.454      0.860    1442.53    1442.47  0.000e+00
      21771     77.000     5.6186     5.6194     0.0010    1.08710    1.08712          1     0.4495     0.6841      84.40     0.2958     0.2709  1.000e-12  0.1456000    10.0616    10.0616    -0.0000     7.9240     7.9240     76.275     77.960      1.007    1442.98    1442.99  0.000e+00
      21782     77.500     5.6289     5.6295     0.0006    1.09213    1.09199          1     0.2704     0.4564      84.00     0.2832     0.2370  1.000e-12  0.1230000    10.1086    10.1071    -0.0015     7.9606     7.9593     76.770     78.465      1.054    1443.10    1443.10  0.000e+00
      21793     78.000     5.6524     5.6530     0.0007    1.10037    1.10025          1     0.1523     0.3191      83.65     0.2847     0.2207  1.000e-12  0.1239000    10.1838    10.1824    -0.0013     8.0185     8.0174     77.265     78.970      1.006    1443.30    1443.30  0.000e+00
      21806     78.500     5.7160     5.7161     0.0000    1.11127    1.11106          1     0.0871     0.2429      87.08     0.3037     0.2217  1.000e-12  0.1290000    10.2732    10.2711    -0.0021     8.0854     8.0837     77.761     79.475      0.841    1443.70    1443.69  0.000e+00
      21835     79.000     5.7333     5.7321    -0.0010    1.11527    1.11515          1     0.1220     0.2580      97.00     0.3025     0.2184  1.000e-12  0.1515000    10.3078    10.3070    -0.0009     8.1116     8.1110     78.256     79.980      0.529    1443.82    1443.82  0.000e+00
      21957     79.500     5.6966     5.7194     0.0214    1.10539    1.11199          1     0.2613     0.4176      81.80     0.3183     0.2218  1.000e-12  0.1852000    10.2203    10.2792     0.0590     8.0447     8.0899     78.751     80.486      1.350    1443.56    1443.73  0.000e+00
      21965     80.000     5.7415     5.7349    -0.0059    1.12011    1.11776          1     0.1918     0.3241      81.47     0.3214     0.2287  1.000e-12  0.1895000    10.3534    10.3320    -0.0214     8.1471     8.1306     79.246     80.991      1.404    1443.93    1443.87  0.000e+00
      21973     80.500     5.7643     5.7646     0.0003    1.12756    1.12745          1     0.1309     0.2460      81.34     0.3213     0.2299  1.000e-12  0.1913000    10.4207    10.4195    -0.0013     8.1988     8.1978     79.742     81.496      1.362    1444.12    1444.12  0.000e+00
      21982     81.000     5.7757     5.7764     0.0006    1.13054    1.13046          1     0.0808     0.1786      97.07     0.3043     0.2269  1.000e-12  0.2120000    10.4467    10.4459    -0.0009     8.2186     8.2179     80.237     82.001      1.208    1444.21    1444.21  0.000e+00
      21992     81.500     5.8077     5.8078     0.0001    1.13490    1.13478          1     0.0659     0.1451      98.66     0.2972     0.2126  1.000e-12  0.2237000    10.4803    10.4791    -0.0012     8.2432     8.2422     80.732     82.506      0.868    1444.40    1444.40  0.000e+00
      22081     82.000     5.8060     5.8117     0.0050    1.13304    1.13432          1     0.1017     0.1704      78.71     0.3139     0.2194  1.000e-12  0.2061000    10.4622    10.4733     0.0111     8.2290     8.2374     81.227     83.011      0.688    1444.38    1444.41  0.000e+00
      22142     82.500     5.7922     5.7952     0.0033    1.12971    1.13009          1     0.1008     0.1656      72.37     0.3214     0.2277  1.000e-12  0.1974000    10.4332    10.4360     0.0029     8.2070     8.2090     81.722     83.516      0.932    1444.29    1444.30  0.000e+00
      22155     83.000     5.8073     5.8028    -0.0047    1.13574    1.13431          1     0.0897     0.1506      77.87     0.3110     0.2260  1.000e-12  0.1977000    10.4885    10.4756    -0.0129     8.2497     8.2398     82.217     84.021      0.764    1444.43    1444.40  0.000e+00
      22197     83.500     5.8203     5.8355     0.0150    1.13927    1.14420          1     0.0839     0.1683      93.60     0.2983     0.2447  1.000e-12  0.1745000    10.5196    10.5640     0.0444     8.2734     8.3075     82.713     84.527      0.401    1444.53    1444.65  0.000e+00
      22264     84.000     5.8021     5.8293     0.0274    1.13412    1.14175          1     0.0748     0.1973      33.71     0.3104     0.2438  1.000e-12  0.1395000    10.4738    10.5415     0.0677     8.2384     8.2901     83.208     85.032      0.594    1444.41    1444.61  0.000e+00
      22279     84.500     5.8754     5.8754    -0.0001    1.15458    1.15443          1     0.0610     0.1421      77.20     0.2976     0.2710  1.000e-12  0.1605000    10.6548    10.6534    -0.0015     8.3766     8.3754     83.703     85.537      0.696    1444.96    1444.95  0.000e+00
