ctdpy/exports/archive_20191121_122431/received_data/SBE09_0745_20181210_0242_34_01_0175.cnv
* Sea-Bird SBE 9 Data File:
* FileName = C:\ctd\temp\ar18d175.hex
* Software Version Seasave V 7.26.7.107
* Temperature SN = 4387
* Conductivity SN = 2994
* Number of Bytes Per Scan = 41
* Number of Voltage Words = 4
* Number of Scans Averaged by the Deck Unit = 1
* NMEA Latitude = 57 07.03 N
* NMEA Longitude = 017 40.13 E
* NMEA UTC (Time) = Dec 10 2018  02:42:32
* NMEA baud rate = 4800
** Station:  BY38 Karlsödj
** Operator:  Obac
** Ship: ARANDA
** Average sound velocity: 1441.11 m/s
** True-depth calculation Mon, 10 Dec 2018 03:46:01 +0000
** CTD Python Module SMHI /ver 3-12/ feb 2012 
** LIMS Job: 20183401-0175
** Cruise: SMHI-7-2018
** Latitude [GG MM.mm N]:
** Longitude [GG MM.mm E]:
# nquan = 26
# nvalues = 207                         
# units = specified
# name 0 = scan: Scan Count
# name 1 = prDM: Pressure, Digiquartz [db]
# name 2 = t090C: Temperature [ITS-90, deg C]
# name 3 = t190C: Temperature, 2 [ITS-90, deg C]
# name 4 = T2-T190C: Temperature Difference, 2 - 1 [ITS-90, deg C]
# name 5 = c0S/m: Conductivity [S/m]
# name 6 = c1S/m: Conductivity, 2 [S/m]
# name 7 = pumps: Pump Status
# name 8 = sbeox0ML/L: Oxygen, SBE 43 [ml/l]
# name 9 = sbeox1ML/L: Oxygen, SBE 43, 2 [ml/l]
# name 10 = altM: Altimeter [m]
# name 11 = flECO-AFL: Chl-a Fluorescence, WET Labs ECO-AFL/FL [mg/m^3]
# name 12 = flECO-AFL1: Phycocyanin Fluorescence, WET Labs ECO-AFL/FL, 2 [mg/m^3]
# name 13 = par: PAR/Irradiance, Biospherical/Lico [µE/(cm^2*s)]
# name 14 = turbWETntu0: Turbidity, WET Labs ECO [NTU]
# name 15 = sal00: Salinity, Practical [PSU]
# name 16 = sal11: Salinity, Practical, 2 [PSU]
# name 17 = secS-priS: Salinity, Practical, Difference, 2 - 1 [PSU]
# name 18 = sigma-t00: Density [sigma-t, Kg/m^3 ]
# name 19 = sigma-t11: Density, 2 [sigma-t, Kg/m^3 ]
# name 20 = depSM: Depth [salt water, m], lat = 57.1172
# name 21 = depFM: Depth [true depth, m], lat = 57.1172
# name 22 = dz/dtM: Descent Rate [m/s], WS = 2
# name 23 = svCM: Sound Velocity [Chen-Millero, m/s]
# name 24 = svCM1: Sound Velocity, 2 [Chen-Millero, m/s]
# name 25 = flag: flag
# span 0 =      32902,      37582       
# span 1 =      2.000,    105.000       
# span 2 =     4.7205,     6.0897       
# span 3 =     4.7215,     6.0898       
# span 4 =    -0.0158,     0.1171       
# span 5 =   0.799144,   1.156951       
# span 6 =   0.799230,   1.157035       
# span 7 =          1,          1       
# span 8 =    0.05486,    7.99125       
# span 9 =    0.04969,    7.99325       
# span 10 =       2.73,      99.00      
# span 11 =     0.2605,     0.7495      
# span 12 =     0.1776,     0.3697      
# span 13 = -1.855e-04, 6.4389e-03      
# span 14 =     0.1467,     5.0479      
# span 15 =     7.1369,    10.6924      
# span 16 =     7.1375,    10.6932      
# span 17 =    -0.0514,     0.0067      
# span 18 =     5.5925,     8.4096      
# span 19 =     5.5930,     8.4102      
# span 20 =      1.982,    104.008      
# span 21 =      2.026,    106.251      
# span 22 =     -0.299,      0.921      
# span 23 =    1436.30,    1445.09      
# span 24 =    1436.30,    1445.09      
# span 25 = 0.0000e+00, 0.0000e+00      
# interval = decibars: 0.5              
# start_time = Dec 10 2018 02:42:32 [NMEA time, first data scan]
# bad_flag = -9.990e-29
*END*
[from data line 168]
      36709     86.000     5.6282     5.6288     0.0005    1.12019    1.12025          1     0.0890     0.1158      22.68     0.4329     0.2524  1.000e-12  2.0134000    10.3880    10.3885     0.0004     8.1810     8.1813     85.192     87.059      0.782    1443.58    1443.59  0.000e+00
      36728     86.500     5.6413     5.6397    -0.0016    1.12314    1.12288          1     0.0887     0.1139      22.36     0.4422     0.2376  1.000e-12  1.9668000    10.4134    10.4113    -0.0021     8.2002     8.1987     85.687     87.564      0.533    1443.68    1443.67  0.000e+00
      36762     87.000     5.6584     5.6572    -0.0012    1.12593    1.12582          1     0.0863     0.1144      21.34     0.4053     0.2429  1.000e-12  1.8808000    10.4359    10.4353    -0.0007     8.2170     8.2166     86.182     88.069      0.324    1443.79    1443.78  0.000e+00
      36794     87.500     5.6699     5.6702     0.0003    1.12787    1.12793          1     0.0862     0.1130      21.10     0.4052     0.2816  1.000e-12  1.8632000    10.4517    10.4522     0.0005     8.2288     8.2292     86.677     88.575      0.516    1443.87    1443.87  0.000e+00
      36813     88.000     5.6784     5.6785     0.0001    1.12918    1.12925          1     0.0831     0.1095      20.81     0.3973     0.2666  1.000e-12  1.8670000    10.4622    10.4627     0.0006     8.2365     8.2370     87.172     89.080      0.653    1443.92    1443.93  0.000e+00
      36831     88.500     5.6860     5.6863     0.0003    1.13051    1.13057          1     0.0822     0.1074      20.40     0.3869     0.2703  1.000e-12  1.8630000    10.4730    10.4735     0.0006     8.2446     8.2450     87.668     89.585      0.712    1443.98    1443.98  0.000e+00
      36847     89.000     5.6871     5.6875     0.0004    1.13066    1.13075          1     0.0805     0.1046      19.98     0.3694     0.2796  1.000e-12  1.8537000    10.4741    10.4748     0.0007     8.2454     8.2460     88.163     90.090      0.719    1443.99    1444.00  0.000e+00
      36864     89.500     5.6928     5.6926    -0.0002    1.13178    1.13177          1     0.0787     0.1029      19.42     0.3880     0.3044  1.000e-12  1.8500000    10.4834    10.4834     0.0000     8.2524     8.2525     88.658     90.595      0.686    1444.04    1444.04  0.000e+00
      36882     90.000     5.7054     5.7056     0.0002    1.13433    1.13445          1     0.0772     0.1066      18.93     0.3933     0.2872  1.000e-12  1.7920000    10.5049    10.5061     0.0012     8.2686     8.2696     89.153     91.100      0.591    1444.13    1444.13  0.000e+00
      36907     90.500     5.7102     5.7111     0.0009    1.13536    1.13552          1     0.0779     0.1061      18.29     0.3802     0.2697  1.000e-12  1.6670000    10.5136    10.5149     0.0013     8.2752     8.2762     89.648     91.605      0.422    1444.17    1444.17  0.000e+00
      36939     91.000     5.7119     5.7127     0.0008    1.13572    1.13586          1     0.0740     0.1019      17.64     0.3712     0.2624  1.000e-12  1.6098000    10.5166    10.5177     0.0011     8.2775     8.2783     90.144     92.110      0.430    1444.19    1444.19  0.000e+00
      36962     91.500     5.7159     5.7158    -0.0002    1.13643    1.13644          1     0.0756     0.0994      17.16     0.3754     0.2229  1.000e-12  1.6135000    10.5223    10.5225     0.0002     8.2817     8.2819     90.639     92.615      0.628    1444.22    1444.22  0.000e+00
      36979     92.000     5.7204     5.7208     0.0004    1.13722    1.13729          1     0.0740     0.0997      16.73     0.3702     0.2109  1.000e-12  1.6171000    10.5287    10.5294     0.0007     8.2865     8.2871     91.134     93.120      0.748    1444.25    1444.26  0.000e+00
      36994     92.500     5.7232     5.7237     0.0005    1.13773    1.13783          1     0.0711     0.0989      16.39     0.3825     0.2671  1.000e-12  1.5595000    10.5330    10.5337     0.0008     8.2897     8.2903     91.629     93.626      0.755    1444.28    1444.28  0.000e+00
      37011     93.000     5.7253     5.7257     0.0004    1.13814    1.13823          1     0.0691     0.0967      15.80     0.3824     0.2726  1.000e-12  1.5430000    10.5363    10.5370     0.0007     8.2922     8.2927     92.124     94.131      0.638    1444.30    1444.30  0.000e+00
      37035     93.500     5.7255     5.7260     0.0004    1.13824    1.13830          1     0.0699     0.0974      15.11     0.3824     0.2354  1.000e-12  1.5116000    10.5371    10.5376     0.0004     8.2929     8.2932     92.619     94.636      0.435    1444.31    1444.31  0.000e+00
      37067     94.000     5.7280     5.7284     0.0004    1.13875    1.13882          1     0.0711     0.0984      14.47     0.3820     0.2243  1.000e-12  1.4907000    10.5414    10.5419     0.0006     8.2960     8.2965     93.115     95.141      0.416    1444.33    1444.34  0.000e+00
      37091     94.500     5.7322     5.7327     0.0004    1.13952    1.13961          1     0.0676     0.0961      14.02     0.3817     0.2600  1.000e-12  1.4650000    10.5477    10.5484     0.0007     8.3008     8.3013     93.610     95.646      0.615    1444.37    1444.37  0.000e+00
      37108     95.000     5.7361     5.7364     0.0002    1.14028    1.14035          1     0.0652     0.0926      13.64     0.3816     0.2510  1.000e-12  1.4519000    10.5539    10.5545     0.0006     8.3054     8.3059     94.105     96.151      0.743    1444.40    1444.40  0.000e+00
      37123     95.500     5.7459     5.7457    -0.0003    1.14205    1.14206          1     0.0663     0.0910      13.18     0.3824     0.2403  1.000e-12  1.4799000    10.5684    10.5686     0.0002     8.3163     8.3165     94.600     96.656      0.764    1444.47    1444.47  0.000e+00
      37139     96.000     5.7791     5.7781    -0.0010    1.14837    1.14836          1     0.0642     0.0900      12.64     0.3771     0.2268  1.000e-12  1.3773000    10.6211    10.6213     0.0002     8.3558     8.3561     95.095     97.161      0.665    1444.69    1444.68  0.000e+00
      37162     96.500     5.8038     5.8037    -0.0001    1.15363    1.15368          1     0.0656     0.0931      12.00     0.3753     0.1776  1.000e-12  1.1566000    10.6658    10.6663     0.0005     8.3896     8.3900     95.590     97.666      0.443    1444.86    1444.86  0.000e+00
      37196     97.000     5.8145     5.8147     0.0003    1.15581    1.15584          1     0.0674     0.0921      11.34     0.3825     0.2371  1.000e-12  0.9677000    10.6841    10.6843     0.0003     8.4034     8.4036     96.086     98.171      0.386    1444.93    1444.93  0.000e+00
      37221     97.500     5.8180     5.8184     0.0004    1.15647    1.15654          1     0.0651     0.0853      10.68     0.3735     0.2497  1.000e-12  0.9539000    10.6895    10.6901     0.0006     8.4074     8.4078     96.581     98.676      0.649    1444.96    1444.96  0.000e+00
      37237     98.000     5.8190     5.8193     0.0003    1.15667    1.15674          1     0.0640     0.0883      10.37     0.3702     0.2520  1.000e-12  0.9444000    10.6911    10.6917     0.0006     8.4086     8.4091     97.076     99.181      0.776    1444.98    1444.98  0.000e+00
      37251     98.500     5.8192     5.8197     0.0005    1.15675    1.15684          1     0.0631     0.0911      10.00     0.3807     0.2754  1.000e-12  0.9330000    10.6917    10.6924     0.0007     8.4091     8.4096     97.571     99.686      0.755    1444.99    1444.99  0.000e+00
      37269     99.000     5.8193     5.8198     0.0005    1.15676    1.15685          1     0.0617     0.0895       9.47     0.3893     0.2836  1.000e-12  0.9712000    10.6917    10.6924     0.0008     8.4090     8.4096     98.066    100.191      0.586    1444.99    1445.00  0.000e+00
      37297     99.500     5.8192     5.8197     0.0005    1.15675    1.15684          1     0.0609     0.0882       8.78     0.3940     0.2302  1.000e-12  0.9898000    10.6915    10.6922     0.0007     8.4089     8.4095     98.561    100.696      0.387    1445.00    1445.00  0.000e+00
      37326    100.000     5.8195     5.8199     0.0004    1.15676    1.15684          1     0.0613     0.0898       8.14     0.3836     0.2821  1.000e-12  0.9764000    10.6915    10.6922     0.0007     8.4089     8.4094     99.057    101.201      0.548    1445.01    1445.01  0.000e+00
      37344    100.500     5.8196     5.8200     0.0004    1.15678    1.15685          1     0.0614     0.0885       7.40     0.3817     0.2786  1.000e-12  0.9759000    10.6915    10.6922     0.0007     8.4089     8.4094     99.552    101.706      0.683    1445.02    1445.02  0.000e+00
      37361    101.000     5.8196     5.8201     0.0004    1.15678    1.15687          1     0.0588     0.0885       7.24     0.3817     0.2573  1.000e-12  0.9755000    10.6914    10.6922     0.0007     8.4088     8.4094    100.047    102.211      0.700    1445.03    1445.03  0.000e+00
      37379    101.500     5.8197     5.8202     0.0005    1.15680    1.15688          1     0.0608     0.0889       6.81     0.3811     0.2512  1.000e-12  0.9471000    10.6915    10.6921     0.0007     8.4089     8.4094    100.542    102.716      0.642    1445.04    1445.04  0.000e+00
      37399    102.000     5.8198     5.8202     0.0004    1.15681    1.15689          1     0.0588     0.0839       6.40     0.3904     0.2462  1.000e-12  0.9651000    10.6915    10.6922     0.0007     8.4089     8.4094    101.037    103.221      0.568    1445.04    1445.05  0.000e+00
      37421    102.500     5.8198     5.8202     0.0004    1.15684    1.15691          1     0.0558     0.0817       5.77     0.3882     0.1796  1.000e-12  0.9850000    10.6917    10.6923     0.0007     8.4090     8.4095    101.532    103.726      0.521    1445.05    1445.05  0.000e+00
      37445    103.000     5.8201     5.8205     0.0004    1.15689    1.15698          1     0.0612     0.0866       5.20     0.3910     0.2590  1.000e-12  1.0226000    10.6920    10.6928     0.0008     8.4093     8.4099    102.028    104.231      0.510    1445.06    1445.06  0.000e+00
      37468    103.500     5.8202     5.8207     0.0004    1.15694    1.15703          1     0.0569     0.0862       4.67     0.4068     0.2663  1.000e-12  1.0551000    10.6924    10.6932     0.0008     8.4096     8.4102    102.523    104.736      0.521    1445.07    1445.07  0.000e+00
      37491    104.000     5.8203     5.8207     0.0004    1.15694    1.15704          1     0.0549     0.0829       4.18     0.4044     0.2757  1.000e-12  1.0387000    10.6923    10.6931     0.0008     8.4095     8.4101    103.018    105.241      0.566    1445.08    1445.08  0.000e+00
      37511    104.500     5.8203     5.8208     0.0004    1.15695    1.15703          1     0.0553     0.0840       3.70     0.3948     0.2482  1.000e-12  1.0192000    10.6923    10.6930     0.0007     8.4095     8.4100    103.513    105.746      0.495    1445.09    1445.09  0.000e+00
      37582    105.000     5.8196     5.8191    -0.0005    1.15691    1.15677          1     0.0554     0.0846       2.73     0.3995     0.2658  1.000e-12  0.9525000    10.6920    10.6908    -0.0013     8.4093     8.4084    104.008    106.251     -0.299    1445.09    1445.09  0.000e+00
