ctdpy/exports/archive_20191121_122431/received_data/SBE09_1044_20180319_1043_34_02_0069.cnv
* Sea-Bird SBE 9 Data File:
* FileName = C:\ctd\temp\2018\ME18D069.hex
* Software Version Seasave V 7.26.6.26
* Temperature SN = 5351
* Conductivity SN = 3941
* Number of Bytes Per Scan = 41
* Number of Voltage Words = 4
* Number of Scans Averaged by the Deck Unit = 1
* NMEA Latitude = 57 11.57 N
* NMEA Longitude = 011 39.52 E
* NMEA UTC (Time) = Mar 19 2018  10:43:19
* NMEA baud rate = 4800
** Station:  Fladen
** Operator:  SSip
** Ship: MERI
** Average sound velocity: 1469.92 m/s
** True-depth calculation Mon, 19 Mar 2018 12:28:27 +0000
** CTD Python Module SMHI /ver 3-12/ feb 2012 
** LIMS Job: 20183402-0069
** Cruise: SMHI-02-2018
** Latitude [GG MM.mm N] :
** Longitude [GG MM.mm E]:
# nquan = 26
# nvalues = 155                         
# units = specified
# name 0 = scan: Scan Count
# name 1 = prDM: Pressure, Digiquartz [db]
# name 2 = t090C: Temperature [ITS-90, deg C]
# name 3 = t190C: Temperature, 2 [ITS-90, deg C]
# name 4 = T2-T190C: Temperature Difference, 2 - 1 [ITS-90, deg C]
# name 5 = c0S/m: Conductivity [S/m]
# name 6 = c1S/m: Conductivity, 2 [S/m]
# name 7 = pumps: Pump Status
# name 8 = sbeox0ML/L: Oxygen, SBE 43 [ml/l]
# name 9 = sbeox1ML/L: Oxygen, SBE 43, 2 [ml/l]
# name 10 = altM: Altimeter [m]
# name 11 = flECO-AFL: Chl-a Fluorescence, WET Labs ECO-AFL/FL [mg/m^3]
# name 12 = flECO-AFL1: Phycocyanin Fluorescence, WET Labs ECO-AFL/FL, 2 [mg/m^3]
# name 13 = par: PAR/Irradiance, Biospherical/Lico [µE/(cm^2*s)]
# name 14 = turbWETntu0: Turbidity, WET Labs ECO [NTU]
# name 15 = sal00: Salinity, Practical [PSU]
# name 16 = sal11: Salinity, Practical, 2 [PSU]
# name 17 = secS-priS: Salinity, Practical, Difference, 2 - 1 [PSU]
# name 18 = sigma-t00: Density [sigma-t, Kg/m^3 ]
# name 19 = sigma-t11: Density, 2 [sigma-t, Kg/m^3 ]
# name 20 = depSM: Depth [salt water, m], lat = 57.1928
# name 21 = depFM: Depth [true depth, m], lat = 57.1928
# name 22 = dz/dtM: Descent Rate [m/s], WS = 2
# name 23 = svCM: Sound Velocity [Chen-Millero, m/s]
# name 24 = svCM1: Sound Velocity, 2 [Chen-Millero, m/s]
# name 25 = flag: flag
# span 0 =       4410,       8813       
# span 1 =      1.500,     78.500       
# span 2 =     0.5685,     6.9966       
# span 3 =     0.5667,     6.9968       
# span 4 =    -0.1121,     0.0547       
# span 5 =   1.589695,   3.518721       
# span 6 =   1.589485,   3.518751       
# span 7 =          1,          1       
# span 8 =    5.79238,    9.21081       
# span 9 =    5.79875,    9.25566       
# span 10 =       0.75,      99.84      
# span 11 =     0.0787,     6.3312      
# span 12 =     0.1551,     1.4073      
# span 13 = -1.213e-10, 7.1179e+02      
# span 14 =     0.4644,     1.3445      
# span 15 =    17.7751,    34.8581      
# span 16 =    17.7745,    34.8583      
# span 17 =    -0.2922,     0.2222      
# span 18 =    14.2207,    27.3083      
# span 19 =    14.2202,    27.3086      
# span 20 =      1.486,     77.763      
# span 21 =      1.506,     77.999      
# span 22 =     -0.060,      0.910      
# span 23 =    1428.99,    1479.71      
# span 24 =    1428.98,    1479.71      
# span 25 = 0.0000e+00, 0.0000e+00      
# interval = decibars: 0.5              
# start_time = Mar 19 2018 10:43:19 [NMEA time, first data scan]
# bad_flag = -9.990e-29
*END*
       4410      1.500     0.5882     0.5921     0.0038    1.59007    1.59021          1     9.1852     9.2477       0.75     2.1641     0.6906  7.118e+02  0.6311000    17.7751    17.7745    -0.0006    14.2207    14.2202      1.486      1.506      0.440    1429.02    1429.03  0.000e+00
       4425      2.000     0.5918     0.5922     0.0003    1.59026    1.59023          1     9.1817     9.2473       1.10     2.1721     0.6906  1.652e+02  0.6902000    17.7751    17.7745    -0.0006    14.2207    14.2202      1.982      2.009      0.910    1429.04    1429.04  0.000e+00
       4434      2.500     0.5929     0.5858    -0.0069    1.59035    1.59003          1     9.1834     9.2523       1.03     2.1772     0.6920  1.644e+02  0.7232000    17.7754    17.7756     0.0002    14.2209    14.2211      2.477      2.511      0.864    1429.06    1429.02  0.000e+00
       4458      3.000     0.5942     0.5916    -0.0027    1.59045    1.59027          1     9.1890     9.2531      74.88     2.3281     0.6912  1.533e+02  0.7721000    17.7756    17.7750    -0.0006    14.2211    14.2206      2.972      3.013      0.455    1429.07    1429.06  0.000e+00
       4489      3.500     0.5908     0.5941     0.0034    1.59031    1.59041          1     9.1812     9.2470      99.45     2.4586     0.6605  1.415e+02  0.6304000    17.7758    17.7751    -0.0006    14.2212    14.2207      3.468      3.515      0.503    1429.06    1429.08  0.000e+00
       4510      4.000     0.5835     0.5912     0.0076    1.59006    1.59033          1     9.1727     9.2519      98.71     2.5501     0.6094  1.122e+02  0.6882000    17.7769    17.7757    -0.0012    14.2221    14.2211      3.963      4.017      0.544    1429.04    1429.07  0.000e+00
       4546      4.500     0.5828     0.5763    -0.0065    1.59005    1.58979          1     9.1956     9.2556      98.71     2.5335     0.7392  9.340e+01  0.7167000    17.7769    17.7775     0.0005    14.2222    14.2226      4.459      4.519      0.311    1429.04    1429.01  0.000e+00
       4631      5.000     0.5707     0.5667    -0.0039    1.58970    1.58949          1     9.2054     9.2557      98.71     3.8984     0.8884  8.687e+01  0.6847000    17.7794    17.7791    -0.0003    14.2243    14.2241      4.954      5.021      0.189    1428.99    1428.98  0.000e+00
       4761      5.500     0.5773     0.5777     0.0004    1.59010    1.59007          1     9.2091     9.2533      98.71     4.4114     0.8663  7.062e+01  0.6779000    17.7803    17.7797    -0.0006    14.2249    14.2245      5.449      5.523      0.195    1429.04    1429.04  0.000e+00
       5061      6.000     0.5797     0.5811     0.0014    1.59023    1.59022          1     9.2076     9.2515      98.71     2.5528     0.7107  5.756e+01  0.6673000    17.7803    17.7795    -0.0009    14.2249    14.2242      5.945      6.026      0.194    1429.05    1429.06  0.000e+00
       5134      6.500     0.5787     0.5799     0.0012    1.59022    1.59022          1     9.2108     9.2513      98.71     3.0810     0.7460  4.773e+01  0.7028000    17.7807    17.7799    -0.0008    14.2252    14.2246      6.440      6.528      0.225    1429.06    1429.06  0.000e+00
       5186      7.000     0.5793     0.5801     0.0007    1.59026    1.59025          1     9.2077     9.2478      98.71     3.1775     0.7506  4.185e+01  0.7241000    17.7806    17.7801    -0.0005    14.2252    14.2247      6.936      7.030      0.300    1429.07    1429.07  0.000e+00
       5216      7.500     0.5795     0.5804     0.0009    1.59027    1.59027          1     9.2009     9.2496      98.71     3.0534     0.7622  3.503e+01  0.7040000    17.7805    17.7800    -0.0005    14.2251    14.2247      7.431      7.532      0.423    1429.08    1429.08  0.000e+00
       5245      8.000     0.5729     0.5763     0.0034    1.58994    1.59007          1     9.2072     9.2530      98.71     3.1918     0.8355  2.894e+01  0.7497000    17.7801    17.7796    -0.0004    14.2248    14.2244      7.926      8.034      0.378    1429.05    1429.07  0.000e+00
       5280      8.500     0.5741     0.5763     0.0021    1.59000    1.59008          1     9.1596     9.2073      98.71     3.6902     0.9017  2.547e+01  0.7772000    17.7800    17.7796    -0.0004    14.2247    14.2244      8.422      8.536      0.366    1429.07    1429.08  0.000e+00
       5309      9.000     0.5685     0.5695     0.0011    1.58982    1.58980          1     8.8639     8.9535      98.71     4.5827     1.0221  2.186e+01  0.7818000    17.7809    17.7800    -0.0009    14.2255    14.2247      8.917      9.038      0.439    1429.05    1429.05  0.000e+00
       5336      9.500     0.5744     0.5731    -0.0015    1.59378    1.59302          1     8.5965     8.5505      98.71     5.5447     1.1008  1.809e+01  0.7580000    17.8253    17.8169    -0.0084    14.2611    14.2544      9.412      9.540      0.415    1429.14    1429.13  0.000e+00
       5368     10.000     0.9941     0.8804    -0.1121    1.70367    1.67651          1     8.6911     8.5723      98.71     6.1685     1.0839  1.550e+01  0.7708000    18.9014    18.6442    -0.2571    15.1192    14.9151      9.908     10.042      0.380    1432.54    1431.68  0.000e+00
       5397     10.500     2.0926     2.0005    -0.0940    2.08347    2.05378          1     8.3159     8.1334      98.71     6.3312     1.0101  1.372e+01  0.8563000    22.7220    22.4298    -0.2922    18.1430    17.9126     10.403     10.543      0.445    1442.61    1441.80  0.000e+00
       5423     11.000     2.8060     2.8042    -0.0017    2.35202    2.34882          1     7.7318     7.5624      98.71     5.3630     0.9613  1.171e+01  0.9512000    25.3766    25.3399    -0.0368    20.2243    20.1950     10.899     11.043      0.463    1449.25    1449.20  0.000e+00
       5450     11.500     2.9443     2.9459     0.0017    2.41200    2.41383          1     7.4110     7.3284      98.71     3.9302     0.6959  9.820e+00  0.7251000    25.9756    25.9958     0.0203    20.6928    20.7089     11.394     11.542      0.407    1450.65    1450.68  0.000e+00
       5481     12.000     3.0874     3.0874     0.0000    2.49389    2.49401          1     7.2742     7.2195      98.71     3.5146     0.6201  8.504e+00  0.8533000    26.8249    26.8264     0.0015    21.3596    21.3607     11.889     12.041      0.412    1452.38    1452.38  0.000e+00
       5508     12.500     3.2840     3.2862     0.0021    2.56632    2.56635          1     7.0737     7.0262      98.71     3.5112     0.5568  7.430e+00  0.6228000    27.5135    27.5120    -0.0015    21.8934    21.8921     12.385     12.539      0.455    1454.13    1454.14  0.000e+00
       5534     13.000     3.4384     3.4390     0.0006    2.61255    2.61195          1     6.9449     6.9263      98.71     3.0818     0.5247  6.414e+00  0.5099000    27.9252    27.9177    -0.0075    22.2092    22.2032     12.880     13.038      0.447    1455.34    1455.33  0.000e+00
       5562     13.500     3.5737     3.5800     0.0064    2.66256    2.66451          1     6.9121     6.8878      98.71     1.8927     0.5452  5.574e+00  0.5030000    28.3947    28.4119     0.0172    22.5718    22.5850     13.375     13.536      0.437    1456.53    1456.58  0.000e+00
       5589     14.000     3.9181     3.9256     0.0073    2.78340    2.78222          1     6.8547     6.8275      98.71     2.2115     0.4692  4.905e+00  0.5769000    29.5026    29.4823    -0.0203    23.4231    23.4064     13.871     14.033      0.434    1459.43    1459.44  0.000e+00
       5617     14.500     4.1714     4.1695    -0.0018    2.87746    2.87660          1     6.6702     6.6404      98.71     2.0262     0.4444  4.388e+00  0.5169000    30.3683    30.3600    -0.0083    24.0876    24.0811     14.366     14.531      0.420    1461.62    1461.60  0.000e+00
       5646     15.000     4.3278     4.3495     0.0216    2.93840    2.94514          1     6.6221     6.6268      98.71     1.7031     0.4146  3.898e+00  0.4898000    30.9316    30.9895     0.0579    24.5198    24.5636     14.861     15.028      0.434    1463.01    1463.17  0.000e+00
       5672     15.500     4.3931     4.4481     0.0547    2.96197    2.98567          1     6.6780     6.6354      98.71     1.5542     0.3657  3.498e+00  0.4785000    31.1434    31.3656     0.2222    24.6814    24.8521     15.357     15.525      0.467    1463.56    1464.07  0.000e+00
       5698     16.000     4.9085     4.9316     0.0233    3.14264    3.14970          1     6.5615     6.5201      98.71     1.1185     0.3224  3.178e+00  0.4700000    32.7361    32.7952     0.0591    25.8907    25.9351     15.852     16.022      0.446    1467.73    1467.90  0.000e+00
       5727     16.500     4.9959     4.9862    -0.0097    3.16904    3.16752          1     6.4832     6.4755      98.71     0.6628     0.3178  2.910e+00  0.4742000    32.9544    32.9465    -0.0079    26.0541    26.0490     16.348     16.518      0.403    1468.38    1468.33  0.000e+00
       5756     17.000     5.0273     5.0221    -0.0051    3.17414    3.17392          1     6.4659     6.4736      98.71     0.5890     0.2872  2.644e+00  0.4644000    32.9818    32.9843     0.0025    26.0724    26.0749     16.843     17.015      0.436    1468.55    1468.53  0.000e+00
       5782     17.500     5.1132     5.1089    -0.0042    3.19385    3.19343          1     6.4355     6.4526      98.71     0.7701     0.3297  2.374e+00  0.4901000    33.1229    33.1223    -0.0006    26.1745    26.1745     17.338     17.511      0.466    1469.09    1469.07  0.000e+00
       5808     18.000     5.1290     5.1278    -0.0012    3.20202    3.20200          1     6.4086     6.4262      98.71     0.5381     0.2662  2.177e+00  0.5020000    33.2008    33.2018     0.0010    26.2344    26.2353     17.834     18.007      0.434    1469.26    1469.26  0.000e+00
       5838     18.500     5.1593     5.1573    -0.0019    3.21011    3.20999          1     6.4205     6.4299      98.71     0.6019     0.2207  2.038e+00  0.5289000    33.2634    33.2639     0.0005    26.2805    26.2812     18.329     18.503      0.406    1469.47    1469.46  0.000e+00
       5866     19.000     5.2235     5.2204    -0.0031    3.22654    3.22683          1     6.4162     6.4090      98.71     0.9340     0.2515  1.907e+00  0.5642000    33.3874    33.3939     0.0065    26.3714    26.3769     18.824     19.000      0.457    1469.90    1469.89  0.000e+00
       5891     19.500     5.3138     5.3132    -0.0007    3.25171    3.25219          1     6.3983     6.3930      98.71     0.8349     0.2924  1.742e+00  0.5984000    33.5853    33.5913     0.0060    26.5176    26.5225     19.320     19.496      0.496    1470.52    1470.53  0.000e+00
       5915     20.000     5.3470     5.3472     0.0001    3.26093    3.26164          1     6.3705     6.3681      98.71     0.3297     0.2537  1.601e+00  0.5495000    33.6571    33.6651     0.0080    26.5706    26.5769     19.815     19.992      0.449    1470.76    1470.77  0.000e+00
       5945     20.500     5.4038     5.4029    -0.0009    3.27433    3.27433          1     6.3205     6.3200      98.71     0.3180     0.2775  1.489e+00  0.5330000    33.7530    33.7539     0.0008    26.6399    26.6406     20.310     20.488      0.410    1471.12    1471.11  0.000e+00
       5972     21.000     5.4306     5.4285    -0.0022    3.27989    3.27996          1     6.3290     6.3232      98.71     0.2479     0.2631  1.397e+00  0.5372000    33.7892    33.7922     0.0030    26.6653    26.6679     20.806     20.984      0.473    1471.28    1471.27  0.000e+00
       5996     21.500     5.4916     5.4929     0.0012    3.29306    3.29374          1     6.3431     6.3198      98.71     0.2598     0.2362  1.294e+00  0.5419000    33.8778    33.8843     0.0065    26.7282    26.7332     21.301     21.480      0.518    1471.64    1471.66  0.000e+00
       6019     22.000     5.7049     5.6932    -0.0116    3.33047    3.32988          1     6.2802     6.2534      98.71     0.2589     0.2224  1.188e+00  0.5903000    34.0877    34.0929     0.0052    26.8684    26.8739     21.796     21.976      0.473    1472.77    1472.74  0.000e+00
       6048     22.500     5.7722     5.7692    -0.0030    3.34291    3.34282          1     6.2196     6.2126      98.71     0.2115     0.2340  1.095e+00  0.7233000    34.1606    34.1625     0.0019    26.9178    26.9197     22.292     22.472      0.396    1473.14    1473.14  0.000e+00
       6079     23.000     5.7782     5.7762    -0.0019    3.34440    3.34432          1     6.1984     6.2023      98.71     0.3733     0.2303  1.031e+00  0.7109000    34.1712    34.1723     0.0011    26.9254    26.9265     22.787     22.968      0.411    1473.19    1473.18  0.000e+00
       6106     23.500     5.7825     5.7807    -0.0018    3.34523    3.34511          1     6.1975     6.2046      98.71     0.4340     0.2594  9.690e-01  0.7252000    34.1759    34.1764     0.0004    26.9287    26.9292     23.282     23.464      0.452    1473.22    1473.22  0.000e+00
       6132     24.000     5.7868     5.7850    -0.0019    3.34607    3.34592          1     6.2087     6.2247      98.71     0.2087     0.2366  8.901e-01  0.7900000    34.1808    34.1810     0.0002    26.9320    26.9323     23.778     23.960      0.463    1473.25    1473.25  0.000e+00
       6158     24.500     5.8179     5.8151    -0.0028    3.35197    3.35183          1     6.2073     6.2175      98.71     0.1845     0.2364  8.273e-01  0.8271000    34.2159    34.2172     0.0013    26.9558    26.9572     24.273     24.456      0.462    1473.43    1473.42  0.000e+00
       6184     25.000     5.8390     5.8373    -0.0016    3.35583    3.35568          1     6.1966     6.2114      98.71     0.1744     0.2499  7.645e-01  0.7926000    34.2380    34.2380     0.0000    26.9707    26.9709     24.769     24.951      0.441    1473.55    1473.54  0.000e+00
       6213     25.500     5.8415     5.8408    -0.0007    3.35628    3.35626          1     6.1850     6.2054      98.71     0.2576     0.2741  6.949e-01  0.7773000    34.2402    34.2407     0.0005    26.9722    26.9726     25.264     25.447      0.405    1473.57    1473.57  0.000e+00
       6243     26.000     5.8438     5.8436    -0.0002    3.35664    3.35672          1     6.1796     6.2030      98.71     0.2458     0.2062  6.449e-01  0.7928000    34.2418    34.2429     0.0011    26.9731    26.9740     25.759     25.943      0.428    1473.59    1473.59  0.000e+00
       6269     26.500     5.8517     5.8516    -0.0002    3.35847    3.35863          1     6.1873     6.2003      98.71     0.2329     0.2125  5.965e-01  0.8114000    34.2542    34.2562     0.0020    26.9819    26.9835     26.254     26.439      0.504    1473.65    1473.65  0.000e+00
       6291     27.000     5.8739     5.8730    -0.0009    3.36349    3.36349          1     6.1859     6.1946      98.71     0.1862     0.2631  5.404e-01  0.8264000    34.2883    34.2892     0.0009    27.0061    27.0069     26.750     26.935      0.499    1473.79    1473.78  0.000e+00
       6318     27.500     5.8860     5.8860     0.0000    3.36567    3.36574          1     6.1791     6.1845      98.71     0.1498     0.2233  4.823e-01  0.8191000    34.3004    34.3012     0.0008    27.0142    27.0148     27.245     27.431      0.406    1473.86    1473.86  0.000e+00
       6350     28.000     5.9118     5.9131     0.0013    3.36922    3.36952          1     6.1574     6.1733      98.71     0.1608     0.2238  4.469e-01  0.8175000    34.3140    34.3161     0.0021    27.0217    27.0232     27.740     27.927      0.424    1473.99    1473.99  0.000e+00
       6374     28.500     5.9262     5.9254    -0.0008    3.37109    3.37107          1     6.1405     6.1589      98.71     0.2564     0.2435  4.105e-01  0.8546000    34.3203    34.3208     0.0005    27.0249    27.0254     28.236     28.423      0.517    1474.06    1474.06  0.000e+00
