ctdpy/exports/archive_20191121_122431/received_data/SBE09_1044_20180130_1737_34_02_0035.cnv
* Sea-Bird SBE 9 Data File:
* FileName = C:\ctd\temp\2018\ME18D035.hex
* Software Version Seasave V 7.26.6.26
* Temperature SN = 5351
* Conductivity SN = 3941
* Number of Bytes Per Scan = 41
* Number of Voltage Words = 4
* Number of Scans Averaged by the Deck Unit = 1
* NMEA Latitude = 60 10.99 N
* NMEA Longitude = 019 08.99 E
* NMEA UTC (Time) = Jan 30 2018  17:38:05
* NMEA baud rate = 4800
** Station:  F64 Solovjeva
** Operator:  SSip
** Ship: MERI
** Average sound velocity: 1439.03 m/s
** True-depth calculation Tue, 30 Jan 2018 18:41:15 +0000
** CTD Python Module SMHI /ver 3-12/ feb 2012 
** LIMS Job: 20183402-0035
** Cruise: SMHI-01-2018
** Latitude [GG MM.mm N] :
** Longitude [GG MM.mm E]:
# nquan = 26
# nvalues = 562                         
# units = specified
# name 0 = scan: Scan Count
# name 1 = prDM: Pressure, Digiquartz [db]
# name 2 = t090C: Temperature [ITS-90, deg C]
# name 3 = t190C: Temperature, 2 [ITS-90, deg C]
# name 4 = T2-T190C: Temperature Difference, 2 - 1 [ITS-90, deg C]
# name 5 = c0S/m: Conductivity [S/m]
# name 6 = c1S/m: Conductivity, 2 [S/m]
# name 7 = pumps: Pump Status
# name 8 = sbeox0ML/L: Oxygen, SBE 43 [ml/l]
# name 9 = sbeox1ML/L: Oxygen, SBE 43, 2 [ml/l]
# name 10 = altM: Altimeter [m]
# name 11 = flECO-AFL: Chl-a Fluorescence, WET Labs ECO-AFL/FL [mg/m^3]
# name 12 = flECO-AFL1: Phycocyanin Fluorescence, WET Labs ECO-AFL/FL, 2 [mg/m^3]
# name 13 = par: PAR/Irradiance, Biospherical/Lico [µE/(cm^2*s)]
# name 14 = turbWETntu0: Turbidity, WET Labs ECO [NTU]
# name 15 = sal00: Salinity, Practical [PSU]
# name 16 = sal11: Salinity, Practical, 2 [PSU]
# name 17 = secS-priS: Salinity, Practical, Difference, 2 - 1 [PSU]
# name 18 = sigma-t00: Density [sigma-t, Kg/m^3 ]
# name 19 = sigma-t11: Density, 2 [sigma-t, Kg/m^3 ]
# name 20 = depSM: Depth [salt water, m], lat = 60.1832
# name 21 = depFM: Depth [true depth, m], lat = 60.1832
# name 22 = dz/dtM: Descent Rate [m/s], WS = 2
# name 23 = svCM: Sound Velocity [Chen-Millero, m/s]
# name 24 = svCM1: Sound Velocity, 2 [Chen-Millero, m/s]
# name 25 = flag: flag
# span 0 =       2643,      14297       
# span 1 =      1.000,    281.500       
# span 2 =     2.7951,     6.3779       
# span 3 =     2.7821,     6.3781       
# span 4 =    -0.0227,     0.0169       
# span 5 =   0.585744,   0.792226       
# span 6 =   0.585448,   0.792204       
# span 7 =          1,          1       
# span 8 =    5.65707,    8.61836       
# span 9 =    5.64442,    8.56534       
# span 10 =       4.30,      99.11      
# span 11 =     0.2599,     0.7116      
# span 12 =     0.2425,     0.4564      
# span 13 = -1.631e-05, 6.4165e-01      
# span 14 =     0.3185,     2.6395      
# span 15 =     5.6450,     6.9853      
# span 16 =     5.6455,     6.9850      
# span 17 =    -0.0084,     0.0074      
# span 18 =     4.4988,     5.4592      
# span 19 =     4.4992,     5.4591      
# span 20 =      0.991,    278.652      
# span 21 =      1.014,    285.244      
# span 22 =      0.111,      0.990      
# span 23 =    1423.53,    1445.38      
# span 24 =    1423.47,    1445.38      
# span 25 = 0.0000e+00, 0.0000e+00      
# interval = decibars: 0.5              
# start_time = Jan 30 2018 17:38:05 [NMEA time, first data scan]
# bad_flag = -9.990e-29
*END*
[from data line 223]
       7495    112.500     6.0320     6.0323     0.0003    0.75163    0.75160          1     6.8398     6.8093      60.77     0.2946     0.3198  1.000e-12  0.4846000     6.6772     6.6768    -0.0004     5.2323     5.2320    111.407    114.032      0.740    1441.05    1441.05  0.000e+00
       7512    113.000     6.0297     6.0299     0.0002    0.75161    0.75159          1     6.8347     6.8122      91.92     0.2931     0.3315  1.000e-12  0.4862000     6.6774     6.6772    -0.0003     5.2326     5.2324    111.902    114.539      0.636    1441.05    1441.05  0.000e+00
       7534    113.500     6.0284     6.0286     0.0001    0.75162    0.75159          1     6.8267     6.8042      98.23     0.3058     0.3047  1.000e-12  0.4749000     6.6777     6.6774    -0.0003     5.2329     5.2326    112.397    115.046      0.489    1441.05    1441.05  0.000e+00
       7561    114.000     6.0264     6.0273     0.0009    0.75156    0.75155          1     6.8295     6.7967      98.28     0.3159     0.3061  1.000e-12  0.4753000     6.6775     6.6772    -0.0003     5.2328     5.2326    112.892    115.552      0.483    1441.05    1441.05  0.000e+00
       7584    114.500     6.0191     6.0201     0.0011    0.75138    0.75138          1     6.8255     6.7953      98.40     0.3158     0.2935  1.000e-12  0.4851000     6.6771     6.6769    -0.0003     5.2329     5.2327    113.387    116.059      0.606    1441.03    1441.03  0.000e+00
       7602    115.000     6.0131     6.0139     0.0008    0.75123    0.75122          1     6.8248     6.7980      98.47     0.2846     0.2625  1.000e-12  0.5116000     6.6768     6.6766    -0.0002     5.2330     5.2328    113.882    116.566      0.708    1441.01    1441.01  0.000e+00
       7618    115.500     6.0063     6.0062    -0.0000    0.75107    0.75103          1     6.8303     6.8058      83.45     0.2816     0.3434  1.000e-12  0.5090000     6.6766     6.6762    -0.0004     5.2332     5.2329    114.377    117.072      0.741    1440.98    1440.98  0.000e+00
       7634    116.000     6.0011     6.0026     0.0015    0.75096    0.75097          1     6.8357     6.8100      48.31     0.2811     0.3444  1.000e-12  0.5029000     6.6765     6.6763    -0.0002     5.2333     5.2331    114.872    117.579      0.696    1440.97    1440.98  0.000e+00
       7652    116.500     5.9884     5.9898     0.0015    0.75075    0.75074          1     6.8422     6.8153      90.08     0.3106     0.3330  1.000e-12  0.5020000     6.6769     6.6765    -0.0004     5.2343     5.2339    115.367    118.085      0.574    1440.92    1440.93  0.000e+00
       7678    117.000     5.9749     5.9758     0.0009    0.75066    0.75064          1     6.8422     6.8190      98.10     0.3087     0.3192  1.000e-12  0.5283000     6.6787     6.6782    -0.0004     5.2364     5.2361    115.862    118.592      0.445    1440.88    1440.88  0.000e+00
       7705    117.500     5.9747     5.9749     0.0003    0.75079    0.75076          1     6.8318     6.8053      98.01     0.3138     0.3180  1.000e-12  0.4935000     6.6799     6.6795    -0.0003     5.2374     5.2371    116.357    119.099      0.512    1440.88    1440.88  0.000e+00
       7725    118.000     5.9573     5.9578     0.0004    0.75047    0.75044          1     6.8221     6.7914      98.09     0.3083     0.2825  1.000e-12  0.5048000     6.6801     6.6798    -0.0003     5.2385     5.2382    116.852    119.605      0.668    1440.82    1440.82  0.000e+00
       7742    118.500     5.9424     5.9440     0.0015    0.75024    0.75022          1     6.8170     6.7833      38.97     0.3060     0.3143  1.000e-12  0.5110000     6.6808     6.6803    -0.0005     5.2398     5.2393    117.347    120.112      0.754    1440.76    1440.77  0.000e+00
       7757    119.000     5.9246     5.9252     0.0006    0.75032    0.75026          1     6.8108     6.7856      78.54     0.2937     0.3310  1.000e-12  0.4911000     6.6851     6.6844    -0.0007     5.2440     5.2435    117.842    120.618      0.748    1440.70    1440.70  0.000e+00
       7774    119.500     5.9237     5.9237    -0.0001    0.75053    0.75049          1     6.7989     6.7901      46.04     0.3026     0.3067  1.000e-12  0.4998000     6.6873     6.6868    -0.0004     5.2458     5.2454    118.337    121.125      0.647    1440.71    1440.70  0.000e+00
       7796    120.000     5.9245     5.9242    -0.0002    0.75082    0.75073          1     6.7911     6.7841      95.02     0.2970     0.3077  1.000e-12  0.5146000     6.6898     6.6890    -0.0008     5.2478     5.2471    118.832    121.632      0.493    1440.72    1440.72  0.000e+00
       7823    120.500     5.9188     5.9196     0.0007    0.75098    0.75094          1     6.7652     6.7542      98.11     0.2866     0.3076  1.000e-12  0.5051000     6.6924     6.6918    -0.0005     5.2501     5.2496    119.327    122.138      0.450    1440.71    1440.71  0.000e+00
       7848    121.000     5.9040     5.9052     0.0012    0.75098    0.75096          1     6.7679     6.7690      98.07     0.2936     0.2864  1.000e-12  0.4791000     6.6953     6.6948    -0.0005     5.2531     5.2527    119.822    122.645      0.565    1440.66    1440.66  0.000e+00
       7867    121.500     5.8947     5.8937    -0.0009    0.75144    0.75137          1     6.7756     6.7900      98.49     0.2949     0.2855  1.000e-12  0.4807000     6.7014     6.7010    -0.0005     5.2584     5.2581    120.317    123.151      0.664    1440.63    1440.63  0.000e+00
       7884    122.000     5.9577     5.9591     0.0013    0.75378    0.75379          1     6.7621     6.7792      98.47     0.3061     0.3455  1.000e-12  0.5024000     6.7112     6.7111    -0.0001     5.2630     5.2628    120.812    123.658      0.697    1440.92    1440.93  0.000e+00
       7901    122.500     6.0487     6.0493     0.0007    0.75691    0.75689          1     6.7394     6.7509      98.52     0.2971     0.3306  1.000e-12  0.5163000     6.7231     6.7228    -0.0003     5.2677     5.2674    121.307    124.165      0.668    1441.34    1441.34  0.000e+00
       7920    123.000     6.0793     6.0799     0.0006    0.75806    0.75805          1     6.7163     6.7189      98.51     0.2945     0.3208  1.000e-12  0.5417000     6.7279     6.7278    -0.0002     5.2698     5.2697    121.802    124.671      0.602    1441.48    1441.49  0.000e+00
       7941    123.500     6.0787     6.0795     0.0008    0.75847    0.75844          1     6.7013     6.6926      63.11     0.3079     0.3208  1.000e-12  0.5798000     6.7319     6.7315    -0.0004     5.2730     5.2726    122.297    125.178      0.537    1441.49    1441.50  0.000e+00
       7965    124.000     6.0344     6.0370     0.0026    0.75764    0.75764          1     6.7089     6.6919      57.93     0.3072     0.3211  1.000e-12  0.5672000     6.7328     6.7322    -0.0006     5.2760     5.2754    122.792    125.684      0.501    1441.31    1441.32  0.000e+00
       7989    124.500     5.9981     5.9983     0.0002    0.75679    0.75675          1     6.7386     6.7107      99.11     0.3074     0.3647  1.000e-12  0.5263000     6.7318     6.7314    -0.0004     5.2772     5.2768    123.287    126.191      0.534    1441.16    1441.16  0.000e+00
       8010    125.000     6.0046     6.0055     0.0009    0.75709    0.75708          1     6.7569     6.7310      98.62     0.2861     0.3278  1.000e-12  0.5087000     6.7332     6.7330    -0.0003     5.2779     5.2777    123.782    126.698      0.601    1441.20    1441.20  0.000e+00
       8029    125.500     6.0333     6.0327    -0.0006    0.75820    0.75816          1     6.7468     6.7276      98.62     0.2833     0.3126  1.000e-12  0.4903000     6.7381     6.7378    -0.0003     5.2803     5.2801    124.277    127.204      0.653    1441.34    1441.34  0.000e+00
       8047    126.000     6.0753     6.0758     0.0004    0.75993    0.75992          1     6.7211     6.7055      98.62     0.2792     0.3032  1.000e-12  0.4748000     6.7462     6.7460    -0.0002     5.2845     5.2843    124.772    127.711      0.685    1441.54    1441.54  0.000e+00
       8064    126.500     6.0876     6.0882     0.0007    0.76044    0.76043          1     6.6983     6.6904      98.62     0.2697     0.3473  1.000e-12  0.4959000     6.7486     6.7484    -0.0002     5.2857     5.2855    125.267    128.217      0.695    1441.60    1441.60  0.000e+00
       8081    127.000     6.0982     6.0984     0.0003    0.76085    0.76082          1     6.6796     6.6811      83.96     0.2838     0.3024  1.000e-12  0.5115000     6.7503     6.7500    -0.0002     5.2865     5.2863    125.762    128.724      0.667    1441.66    1441.66  0.000e+00
       8100    127.500     6.1079     6.1068    -0.0011    0.76116    0.76109          1     6.6660     6.6602      40.84     0.2865     0.2801  1.000e-12  0.5419000     6.7513     6.7509    -0.0004     5.2867     5.2865    126.257    129.231      0.593    1441.71    1441.70  0.000e+00
       8122    128.000     6.1149     6.1126    -0.0023    0.76138    0.76127          1     6.6614     6.6429      89.36     0.2802     0.3641  1.000e-12  0.6015000     6.7520     6.7513    -0.0006     5.2869     5.2865    126.752    129.737      0.515    1441.75    1441.74  0.000e+00
       8146    128.500     6.1111     6.1137     0.0027    0.76126    0.76130          1     6.6764     6.6560      98.74     0.3218     0.3483  1.000e-12  0.6071000     6.7515     6.7513    -0.0001     5.2867     5.2864    127.247    130.244      0.528    1441.74    1441.75  0.000e+00
       8168    129.000     6.1235     6.1217    -0.0018    0.76165    0.76157          1     6.6664     6.6573      98.63     0.2599     0.2741  1.000e-12  0.5627000     6.7527     6.7523    -0.0004     5.2870     5.2868    127.742    130.750      0.610    1441.80    1441.79  0.000e+00
       8186    129.500     6.1447     6.1446    -0.0001    0.76252    0.76247          1     6.6336     6.6370      98.63     0.2775     0.2926  1.000e-12  0.5860000     6.7567     6.7562    -0.0005     5.2890     5.2886    128.237    131.257      0.681    1441.90    1441.90  0.000e+00
       8203    130.000     6.1652     6.1671     0.0019    0.76367    0.76367          1     6.6142     6.6183      98.63     0.2825     0.3185  1.000e-12  0.6037000     6.7635     6.7631    -0.0003     5.2933     5.2929    128.732    131.764      0.714    1442.01    1442.02  0.000e+00
       8219    130.500     6.1487     6.1526     0.0038    0.76330    0.76336          1     6.6163     6.6099      98.64     0.2965     0.3210  1.000e-12  0.6348000     6.7632     6.7630    -0.0002     5.2939     5.2936    129.227    132.270      0.702    1441.94    1441.96  0.000e+00
       8237    131.000     6.1422     6.1418    -0.0004    0.76329    0.76322          1     6.6276     6.6138      98.65     0.3049     0.2996  1.000e-12  0.6312000     6.7643     6.7638    -0.0006     5.2952     5.2948    129.722    132.777      0.641    1441.93    1441.92  0.000e+00
       8257    131.500     6.1506     6.1519     0.0012    0.76413    0.76415          1     6.6240     6.6153      98.65     0.3019     0.2817  1.000e-12  0.6209000     6.7707     6.7705    -0.0001     5.2997     5.2995    130.217    133.283      0.553    1441.98    1441.98  0.000e+00
       8281    132.000     6.1747     6.1738    -0.0008    0.76521    0.76516          1     6.6112     6.5947      98.65     0.2963     0.3195  1.000e-12  0.6069000     6.7761     6.7757    -0.0003     5.3027     5.3025    130.712    133.790      0.506    1442.10    1442.09  0.000e+00
       8304    132.500     6.1854     6.1856     0.0002    0.76572    0.76570          1     6.5938     6.5724      98.65     0.2985     0.3034  1.000e-12  0.6194000     6.7787     6.7784    -0.0002     5.3041     5.3040    131.207    134.297      0.545    1442.15    1442.15  0.000e+00
       8325    133.000     6.1896     6.1910     0.0013    0.76592    0.76595          1     6.5902     6.5738      98.66     0.3058     0.3604  1.000e-12  0.6521000     6.7798     6.7797    -0.0000     5.3048     5.3047    131.702    134.803      0.639    1442.18    1442.19  0.000e+00
       8342    133.500     6.1912     6.1922     0.0011    0.76599    0.76601          1     6.5888     6.5755      98.66     0.2849     0.3444  1.000e-12  0.6287000     6.7800     6.7800     0.0000     5.3049     5.3048    132.197    135.310      0.720    1442.20    1442.20  0.000e+00
       8358    134.000     6.1989     6.2000     0.0011    0.76633    0.76634          1     6.5911     6.5697      98.65     0.2880     0.3165  1.000e-12  0.6519000     6.7816     6.7815    -0.0001     5.3057     5.3056    132.692    135.816      0.757    1442.24    1442.24  0.000e+00
       8374    134.500     6.2010     6.1998    -0.0012    0.76640    0.76634          1     6.5878     6.5583      98.65     0.2940     0.3551  1.000e-12  0.6923000     6.7819     6.7815    -0.0004     5.3058     5.3056    133.187    136.323      0.736    1442.26    1442.25  0.000e+00
       8391    135.000     6.2084     6.2109     0.0024    0.76670    0.76678          1     6.5765     6.5487      98.64     0.2911     0.3508  1.000e-12  0.6944000     6.7832     6.7834     0.0002     5.3064     5.3065    133.681    136.829      0.648    1442.30    1442.31  0.000e+00
       8412    135.500     6.2117     6.2102    -0.0015    0.76683    0.76674          1     6.5668     6.5493      98.64     0.2913     0.3236  1.000e-12  0.7223000     6.7837     6.7831    -0.0006     5.3067     5.3063    134.176    137.336      0.523    1442.32    1442.31  0.000e+00
       8438    136.000     6.2118     6.2102    -0.0016    0.76682    0.76672          1     6.5631     6.5602      98.64     0.2809     0.3563  1.000e-12  0.6964000     6.7836     6.7829    -0.0006     5.3066     5.3061    134.671    137.843      0.463    1442.33    1442.32  0.000e+00
       8463    136.500     6.2296     6.2231    -0.0065    0.76765    0.76732          1     6.5491     6.5476      98.63     0.2897     0.3174  1.000e-12  0.6612000     6.7877     6.7860    -0.0018     5.3089     5.3078    135.166    138.349      0.546    1442.42    1442.39  0.000e+00
       8482    137.000     6.2384     6.2384     0.0000    0.76815    0.76811          1     6.5310     6.5374      98.63     0.3022     0.3027  1.000e-12  0.6847000     6.7908     6.7904    -0.0004     5.3108     5.3104    135.661    138.856      0.675    1442.47    1442.47  0.000e+00
       8499    137.500     6.2417     6.2415    -0.0002    0.76848    0.76842          1     6.5295     6.5319      85.34     0.2922     0.3095  1.000e-12  0.7454000     6.7932     6.7926    -0.0006     5.3125     5.3120    136.156    139.362      0.772    1442.49    1442.49  0.000e+00
       8513    138.000     6.2405     6.2411     0.0005    0.76862    0.76858          1     6.5316     6.5255       6.11     0.2951     0.3182  1.000e-12  0.7358000     6.7946     6.7942    -0.0005     5.3137     5.3133    136.651    139.869      0.811    1442.50    1442.50  0.000e+00
       8528    138.500     6.2447     6.2454     0.0008    0.76911    0.76919          1     6.5337     6.5186       5.42     0.2928     0.3157  1.000e-12  0.7274000     6.7984     6.7990     0.0006     5.3165     5.3169    137.146    140.375      0.774    1442.53    1442.53  0.000e+00
       8545    139.000     6.2467     6.2475     0.0008    0.76927    0.76940          1     6.5329     6.5187      93.71     0.2799     0.3256  1.000e-12  0.7172000     6.7995     6.8005     0.0010     5.3172     5.3179    137.641    140.882      0.652    1442.55    1442.55  0.000e+00
       8566    139.500     6.2460     6.2461     0.0001    0.76908    0.76910          1     6.5260     6.5178      98.55     0.2822     0.3755  1.000e-12  0.7083000     6.7978     6.7979     0.0001     5.3159     5.3159    138.136    141.389      0.493    1442.55    1442.55  0.000e+00
