ctdpy/exports/archive_20191121_122431/received_data/SBE09_0827_20181009_0926_26_01_1050.cnv
* Sea-Bird SBE 9 Data File:
* FileName = D:\CTD_SBE911\DAT\26DA.2018.10.50.hex
* Software Version Seasave V 7.21d
* Temperature SN = 4548
* Conductivity SN = 3062
* Number of Bytes Per Scan = 48
* Number of Voltage Words = 5
* Number of Scans Averaged by the Deck Unit = 1
* NMEA Latitude = 58 49.86 N
* NMEA Longitude = 020 16.10 E
* NMEA UTC (Time) = Oct 09 2018  09:29:11
* NMEA baud rate = 4800
** Ship: DANA
** Average sound velocity: 1446.67 m/s
** True-depth calculation Thu, 28 Mar 2019 12:22:16 +0000
** CTD Python Module SMHI /ver 3-12/ feb 2012 
** LIMS Job: 20182601-1050
** Operator: Christian
** Cruise: 10/2018
# nquan = 26
# nvalues = 342                         
# units = specified
# name 0 = scan: Scan Count
# name 1 = prDM: Pressure, Digiquartz [db]
# name 2 = t090C: Temperature [ITS-90, deg C]
# name 3 = t190C: Temperature, 2 [ITS-90, deg C]
# name 4 = T2-T190C: Temperature Difference, 2 - 1 [ITS-90, deg C]
# name 5 = c0S/m: Conductivity [S/m]
# name 6 = c1S/m: Conductivity, 2 [S/m]
# name 7 = pumps: Pump Status
# name 8 = sbeox1ML/L: Oxygen, SBE 43, 2 [ml/l]
# name 9 = sbeox0ML/L: Oxygen, SBE 43 [ml/l]
# name 10 = altM: Altimeter [m]
# name 11 = chloroflTC0: Chlorophyll, Turner Cyclops [ug/l]
# name 12 = cpar: CPAR/Corrected Irradiance [%]
# name 13 = par: PAR/Irradiance, Biospherical/Lico [µE/(cm^2*s)]
# name 14 = spar: SPAR, Biospherical/Licor
# name 15 = sal00: Salinity, Practical [PSU]
# name 16 = sal11: Salinity, Practical, 2 [PSU]
# name 17 = secS-priS: Salinity, Practical, Difference, 2 - 1 [PSU]
# name 18 = sigma-t00: Density [sigma-t, kg/m^3 ]
# name 19 = sigma-t11: Density, 2 [sigma-t, kg/m^3 ]
# name 20 = depSM: Depth [salt water, m], lat = 58.831
# name 21 = depFM: Depth [true depth, m], lat = 58.831
# name 22 = dz/dtM: Descent Rate [m/s], WS = 2
# name 23 = svCM: Sound Velocity [Chen-Millero, m/s]
# name 24 = svCM1: Sound Velocity, 2 [Chen-Millero, m/s]
# name 25 = flag: flag
# span 0 =        103,      18671       
# span 1 =      0.500,    171.000       
# span 2 =     3.3211,    10.8134       
# span 3 =     3.3305,    10.8135       
# span 4 =    -0.1232,     1.4112       
# span 5 =   0.757869,   1.271701       
# span 6 =   0.760204,   1.271646       
# span 7 =          1,          1       
# span 8 =     0.0291,     7.2525       
# span 9 =     0.0335,     7.1098       
# span 10 =       0.16,      10.16      
# span 11 =     0.0159,     0.0350      
# span 12 = -3.826e-10, 1.2140e+01      
# span 13 = -7.545e-09, 2.2945e+02      
# span 14 = 7.7956e+02, 2.0042e+03      
# span 15 =     6.3761,    11.6424      
# span 16 =     6.3763,    11.6418      
# span 17 =    -0.1809,     0.0005      
# span 18 =     4.5944,     9.1215      
# span 19 =     4.5944,     9.1210      
# span 20 =      0.495,    169.334      
# span 21 =      0.507,    172.903      
# span 22 =     -0.060,      0.988      
# span 23 =    1429.00,    1458.83      
# span 24 =    1429.06,    1458.82      
# span 25 = 0.0000e+00, 0.0000e+00      
# interval = decibars: 0.5              
# start_time = Oct 09 2018 09:29:12 [NMEA time, first data scan]
# bad_flag = -9.990e-29
*END*
[from data line 56]
       2824     28.500    10.7977    10.7987     0.0010    0.81550    0.81553          1     7.1804     6.7242       9.97     0.0350  5.343e-14  1.000e-12  1.872e+03     6.3779     6.3779     0.0000     4.5970     4.5969     28.232     28.896      0.417    1458.68    1458.69  0.000e+00
       2883     29.000    10.7977    10.7988     0.0011    0.81551    0.81553          1     7.1787     6.7296       9.97     0.0318  5.658e-14  1.000e-12  1.788e+03     6.3779     6.3779    -0.0000     4.5970     4.5968     28.727     29.402      0.268    1458.69    1458.70  0.000e+00
       4485     29.500    10.8022    10.8011    -0.0011    0.81567    0.81568          1     7.1838     6.7265       9.97     0.0319  9.716e-14  1.000e-12  1.024e+03     6.3784     6.3787     0.0003     4.5968     4.5972     29.223     29.909      0.308    1458.72    1458.71  0.000e+00
       6110     30.000    10.8123    10.8123    -0.0000    0.81587    0.81587          1     7.1814     6.7214       9.97     0.0314  1.128e-13  1.000e-12  8.892e+02     6.3782     6.3783     0.0001     4.5956     4.5956     29.718     30.416      0.337    1458.76    1458.76  0.000e+00
       6250     30.500    10.8133    10.8131    -0.0002    0.81589    0.81589          1     7.1832     6.7252       9.97     0.0314  1.134e-13  1.000e-12  8.817e+02     6.3782     6.3783     0.0001     4.5954     4.5955     30.213     30.923      0.201    1458.77    1458.77  0.000e+00
       6316     31.000    10.8129    10.8135     0.0007    0.81589    0.81591          1     7.1710     6.7294       9.97     0.0310  1.139e-13  1.000e-12  8.782e+02     6.3782     6.3783     0.0001     4.5955     4.5955     30.708     31.430      0.400    1458.78    1458.78  0.000e+00
       6339     31.500    10.8118    10.8132     0.0014    0.81588    0.81591          1     7.1732     6.7223       9.97     0.0316  1.140e-13  1.000e-12  8.773e+02     6.3783     6.3783     0.0000     4.5957     4.5955     31.204     31.937      0.534    1458.79    1458.79  0.000e+00
       6361     32.000    10.8109    10.8121     0.0012    0.81588    0.81589          1     7.1788     6.7245       9.97     0.0315  1.140e-13  1.000e-12  8.773e+02     6.3784     6.3783    -0.0001     4.5958     4.5956     31.699     32.444      0.481    1458.79    1458.80  0.000e+00
       6431     32.500    10.8121    10.8117    -0.0004    0.81590    0.81590          1     7.1806     6.7316       9.97     0.0312  1.145e-13  1.000e-12  8.734e+02     6.3783     6.3784     0.0001     4.5956     4.5958     32.194     32.951      0.282    1458.80    1458.80  0.000e+00
       6488     33.000    10.8123    10.8120    -0.0004    0.81591    0.81591          1     7.1737     6.7365       9.97     0.0317  1.150e-13  1.000e-12  8.692e+02     6.3783     6.3784     0.0001     4.5956     4.5957     32.689     33.458      0.467    1458.81    1458.81  0.000e+00
       6513     33.500    10.8134    10.8131    -0.0003    0.81593    0.81593          1     7.1750     6.7286       9.97     0.0322  1.149e-13  1.000e-12  8.707e+02     6.3782     6.3783     0.0001     4.5954     4.5955     33.185     33.965      0.400    1458.83    1458.82  0.000e+00
       6606     34.000    10.7818    10.7870     0.0052    0.81561    0.81568          1     7.1691     6.7287       9.97     0.0321  1.157e-13  1.000e-12  8.640e+02     6.3810     6.3807    -0.0003     4.6012     4.6004     33.680     34.472      0.313    1458.71    1458.73  0.000e+00
       6640     34.500    10.7673    10.7756     0.0083    0.81550    0.81558          1     7.1659     6.7318       9.97     0.0323  1.164e-13  1.000e-12  8.592e+02     6.3825     6.3818    -0.0007     4.6041     4.6025     34.175     34.979      0.389    1458.67    1458.70  0.000e+00
       6741     35.000    10.7376    10.7523     0.0148    0.81525    0.81541          1     7.1359     6.7683       9.97     0.0318  1.166e-13  1.000e-12  8.573e+02     6.3856     6.3844    -0.0012     4.6098     4.6072     34.670     35.486      0.389    1458.57    1458.62  0.000e+00
       6787     35.500    10.5711    10.6799     0.1084    0.81395    0.81486          1     7.0920     6.7510       9.97     0.0310  1.172e-13  1.000e-12  8.535e+02     6.4035     6.3923    -0.0112     4.6426     4.6216     35.166     35.993      0.645    1457.96    1458.36  0.000e+00
       6804     36.000    10.4830    10.5857     0.1034    0.81327    0.81422          1     7.0523     6.7247       9.97     0.0296  1.172e-13  1.000e-12  8.530e+02     6.4131     6.4032    -0.0099     4.6599     4.6407     35.661     36.500      0.660    1457.64    1458.02  0.000e+00
       6833     36.500    10.3027    10.4690     0.1663    0.81217    0.81347          1     7.0471     6.7428       9.97     0.0282  1.170e-13  1.000e-12  8.545e+02     6.4354     6.4172    -0.0182     4.6970     4.6646     36.156     37.006      0.465    1456.98    1457.60  0.000e+00
       6957     37.000    10.2040    10.3334     0.1327    0.81184    0.81281          1     6.5804     7.1098       9.97     0.0272  1.192e-13  1.000e-12  8.392e+02     6.4501     6.4354    -0.0147     4.7189     4.6936     36.651     37.513      0.812    1456.62    1457.10  0.000e+00
       6973     37.500     8.7567     9.7957     1.0374    0.80323    0.81020          1     6.6601     6.9719       9.97     0.0263  1.189e-13  1.000e-12  8.412e+02     6.6394     6.5091    -0.1304     5.0062     4.8071     37.147     38.020      0.742    1451.12    1455.10  0.000e+00
       7001     38.000     7.4359     8.8492     1.4112    0.79537    0.80520          1     6.6984     6.8207       9.97     0.0236  1.181e-13  1.000e-12  8.465e+02     6.8206     6.6396    -0.1809     5.2559     4.9981     37.642     38.527      0.437    1445.96    1451.50  0.000e+00
       7116     38.500     6.1028     6.8673     0.7664    0.78426    0.79328          1     6.8214     6.8684       9.97     0.0178  1.175e-13  1.000e-12  8.507e+02     6.9831     6.9128    -0.0703     5.4697     5.3697     38.137     39.033      0.335    1440.56    1443.73  0.000e+00
       7136     39.000     5.4830     6.2034     0.7214    0.77367    0.78598          1     6.8210     6.6958       9.97     0.0173  1.183e-13  1.000e-12  8.451e+02     7.0094     6.9789    -0.0305     5.5212     5.4609     38.632     39.540      0.552    1437.93    1441.00  0.000e+00
       7156     39.500     4.7728     5.5872     0.8134    0.75923    0.77641          1     6.9332     6.6463       9.97     0.0170  1.181e-13  1.000e-12  8.468e+02     7.0167     7.0142    -0.0025     5.5553     5.5201     39.127     40.046      0.563    1434.83    1438.39  0.000e+00
       7206     40.000     4.7185     4.9357     0.2187    0.76644    0.76774          1     6.9188     6.7125       9.97     0.0170  1.183e-13  1.000e-12  8.450e+02     7.0998     7.0665    -0.0332     5.6232     5.5890     39.623     40.553      0.393    1434.70    1435.62  0.000e+00
       7303     40.500     4.7159     4.7723     0.0565    0.77247    0.77156          1     6.9317     6.7555       9.97     0.0170  1.200e-13  1.000e-12  8.333e+02     7.1603     7.1392    -0.0212     5.6714     5.6526     40.118     41.059      0.556    1434.78    1435.00  0.000e+00
       7325     41.000     4.5159     4.7197     0.2043    0.76808    0.77203          1     6.9458     6.7236       9.97     0.0166  1.204e-13  1.000e-12  8.307e+02     7.1597     7.1551    -0.0046     5.6773     5.6670     40.613     41.566      0.495    1433.90    1434.80  0.000e+00
       7371     41.500     3.9792     4.4553     0.4747    0.75787    0.76703          1     7.1465     6.7058       9.97     0.0165  1.201e-13  1.000e-12  8.328e+02     7.1738     7.1623    -0.0115     5.7034     5.6813     41.108     42.072      0.269    1431.52    1433.64  0.000e+00
       7424     42.000     4.2137     4.1828    -0.0298    0.76808    0.76462          1     7.0646     6.7842       9.97     0.0160  1.196e-13  1.000e-12  8.362e+02     7.2257     7.1975    -0.0282     5.7386     5.7172     41.604     42.578      0.465    1432.65    1432.47  0.000e+00
       7445     42.500     4.1893     4.2250     0.0358    0.76944    0.76781          1     6.9737     6.7144       9.97     0.0161  1.201e-13  1.000e-12  8.327e+02     7.2448     7.2204    -0.0244     5.7545     5.7342     42.099     43.085      0.547    1432.57    1432.70  0.000e+00
       7500     43.000     3.8821     4.0736     0.1900    0.76310    0.76707          1     7.0419     6.6751       9.97     0.0164  1.214e-13  1.000e-12  8.241e+02     7.2483     7.2462    -0.0021     5.7649     5.7586     42.594     43.591      0.451    1431.20    1432.06  0.000e+00
       7597     43.500     3.7403     3.8085     0.0687    0.76172    0.76312          1     7.1293     6.7403       9.97     0.0162  1.231e-13  1.000e-12  8.125e+02     7.2657     7.2649    -0.0009     5.7817     5.7796     43.089     44.097      0.744    1430.59    1430.90  0.000e+00
       7613     44.000     3.5440     3.6547     0.1104    0.75884    0.76079          1     7.1418     6.7767       9.97     0.0159  1.227e-13  1.000e-12  8.149e+02     7.2800     7.2753    -0.0048     5.7968     5.7910     43.585     44.604      0.730    1429.73    1430.22  0.000e+00
       7632     44.500     3.4697     3.6108     0.1410    0.75939    0.76070          1     7.1732     6.8131       9.97     0.0159  1.221e-13  1.000e-12  8.189e+02     7.3023     7.2841    -0.0182     5.8158     5.7989     44.080     45.110      0.490    1429.42    1430.04  0.000e+00
       7748     45.000     3.4127     3.4414     0.0289    0.75996    0.76020          1     7.2525     6.7503       9.97     0.0159  1.230e-13  1.000e-12  8.130e+02     7.3210     7.3171    -0.0039     5.8316     5.8280     44.575     45.616      0.854    1429.20    1429.32  0.000e+00
       7765     45.500     3.3745     3.3897     0.0151    0.76058    0.76025          1     7.2290     6.7793       9.97     0.0159  1.231e-13  1.000e-12  8.124e+02     7.3360     7.3291    -0.0068     5.8441     5.8384     45.070     46.123      0.883    1429.05    1429.11  0.000e+00
       7781     46.000     3.5091     3.4321    -0.0769    0.76534    0.76198          1     7.1717     6.7858       9.97     0.0159  1.228e-13  1.000e-12  8.147e+02     7.3546     7.3374    -0.0172     5.8567     5.8443     45.566     46.629      0.574    1429.69    1429.32  0.000e+00
       7919     46.500     3.4918     3.5032     0.0101    0.76589    0.76530          1     7.0330     6.7525       9.97     0.0160  1.246e-13  1.000e-12  8.024e+02     7.3642     7.3555    -0.0087     5.8647     5.8576     46.061     47.135      0.930    1429.64    1429.68  0.000e+00
       7937     47.000     3.3478     3.4316     0.0838    0.76365    0.76481          1     6.9793     6.7185       7.52     0.0159  1.243e-13  1.000e-12  8.048e+02     7.3737     7.3666    -0.0071     5.8746     5.8676     46.556     47.642      0.988    1429.00    1429.37  0.000e+00
       7949     47.500     3.3443     3.3828     0.0386    0.76430    0.76436          1     6.9191     6.6838       8.29     0.0159  1.235e-13  1.000e-12  8.097e+02     7.3812     7.3730    -0.0082     5.8805     5.8735     47.051     48.148      0.847    1429.00    1429.17  0.000e+00
       7987     48.000     3.3769     3.3756    -0.0012    0.76583    0.76489          1     6.8666     6.6096       9.90     0.0159  1.230e-13  1.000e-12  8.131e+02     7.3895     7.3801    -0.0094     5.8867     5.8792     47.546     48.654      0.485    1429.17    1429.15  0.000e+00
       8116     48.500     3.3646     3.3795     0.0148    0.76698    0.76630          1     6.8230     6.5048       9.97     0.0159  1.253e-13  1.000e-12  7.982e+02     7.4042     7.3938    -0.0104     5.8986     5.8901     48.042     49.160      0.542    1429.14    1429.19  0.000e+00
       8139     49.000     3.3547     3.3707     0.0160    0.76864    0.76735          1     6.7452     6.4676       9.97     0.0159  1.249e-13  1.000e-12  8.007e+02     7.4236     7.4065    -0.0171     5.9142     5.9004     48.537     49.667      0.456    1429.13    1429.18  0.000e+00
       8195     49.500     3.3259     3.3515     0.0256    0.76975    0.76883          1     6.5692     6.3495       9.97     0.0159  1.243e-13  1.000e-12  8.048e+02     7.4417     7.4263    -0.0155     5.9291     5.9164     49.032     50.173      0.251    1429.03    1429.12  0.000e+00
       8263     50.000     3.3211     3.3307     0.0095    0.77167    0.77028          1     6.4466     6.2189       9.97     0.0160  1.242e-13  1.000e-12  8.054e+02     7.4626     7.4460    -0.0166     5.9458     5.9324     49.527     50.679      0.431    1429.04    1429.06  0.000e+00
       8284     50.500     3.3296     3.3305     0.0008    0.77487    0.77219          1     6.3460     6.1722       9.97     0.0160  1.244e-13  1.000e-12  8.037e+02     7.4938     7.4658    -0.0280     5.9705     5.9482     50.022     51.186      0.510    1429.13    1429.09  0.000e+00
       8309     51.000     3.3376     3.3362    -0.0014    0.77677    0.77451          1     6.2551     6.0791       9.97     0.0159  1.245e-13  1.000e-12  8.034e+02     7.5116     7.4885    -0.0231     5.9846     5.9662     50.518     51.692      0.426    1429.19    1429.16  0.000e+00
       8345     51.500     3.3560     3.3457    -0.0103    0.77971    0.77705          1     6.1850     5.9586       9.97     0.0160  1.245e-13  1.000e-12  8.032e+02     7.5378     7.5126    -0.0251     6.0052     5.9853     51.013     52.198      0.213    1429.32    1429.24  0.000e+00
       8441     52.000     3.4039     3.3820    -0.0219    0.78402    0.78113          1     6.1776     5.8711       9.97     0.0159  1.255e-13  1.000e-12  7.971e+02     7.5713     7.5464    -0.0249     6.0310     6.0116     51.508     52.704      0.265    1429.59    1429.46  0.000e+00
       8483     52.500     3.4304     3.4116    -0.0189    0.78774    0.78437          1     6.0859     5.8435       9.97     0.0159  1.256e-13  1.000e-12  7.961e+02     7.6035     7.5730    -0.0305     6.0563     6.0323     52.003     53.210      0.479    1429.76    1429.64  0.000e+00
       8504     53.000     3.4483     3.4231    -0.0252    0.79051    0.78606          1     5.9820     5.8140       9.97     0.0160  1.256e-13  1.000e-12  7.961e+02     7.6280     7.5878    -0.0402     6.0755     6.0439     52.499     53.717      0.580    1429.88    1429.71  0.000e+00
       8525     53.500     3.4645     3.4470    -0.0175    0.79377    0.78985          1     5.8688     5.7580       9.97     0.0160  1.253e-13  1.000e-12  7.978e+02     7.6580     7.6214    -0.0365     6.0991     6.0703     52.994     54.223      0.504    1430.00    1429.87  0.000e+00
       8582     54.000     3.4876     3.4729    -0.0147    0.79647    0.79396          1     5.7384     5.5872       9.97     0.0159  1.253e-13  1.000e-12  7.982e+02     7.6803     7.6578    -0.0225     6.1165     6.0988     53.489     54.729      0.266    1430.14    1430.05  0.000e+00
       8665     54.500     3.4970     3.4929    -0.0042    0.79791    0.79691          1     5.6632     5.4325       9.97     0.0159  1.256e-13  1.000e-12  7.960e+02     7.6930     7.6836    -0.0094     6.1264     6.1190     53.984     55.235      0.395    1430.21    1430.18  0.000e+00
       8688     55.000     3.5010     3.4967    -0.0043    0.79904    0.79761          1     5.6306     5.4080       9.97     0.0159  1.258e-13  1.000e-12  7.949e+02     7.7036     7.6899    -0.0137     6.1348     6.1240     54.479     55.741      0.535    1430.25    1430.21  0.000e+00
       8709     55.500     3.5004     3.5013     0.0009    0.80058    0.79920          1     5.5750     5.3677       9.97     0.0161  1.259e-13  1.000e-12  7.941e+02     7.7197     7.7051    -0.0145     6.1476     6.1360     54.975     56.247      0.541    1430.28    1430.26  0.000e+00
