ctdpy/exports/archive_20191121_122431/received_data/SBE09_0827_20180827_1127_26_01_0913.cnv
* Sea-Bird SBE 9 Data File:
* FileName = D:\CTD_SBE911\DAT\26DA.2018.8.113.hex
* Software Version Seasave V 7.21d
* Temperature SN = 034605
* Conductivity SN = 041844
* Number of Bytes Per Scan = 48
* Number of Voltage Words = 5
* Number of Scans Averaged by the Deck Unit = 1
* NMEA Latitude = 56 21.04 N
* NMEA Longitude = 011 58.40 E
* NMEA UTC (Time) = Aug 27 2018  11:30:05
* NMEA baud rate = 4800
** Ship: DANA
** Average sound velocity: 1501.78 m/s
** True-depth calculation Thu, 28 Mar 2019 09:53:14 +0000
** CTD Python Module SMHI /ver 3-12/ feb 2012 
** LIMS Job: 20182601-0913
**  6 NE LYSEGRUND
** Operator: Christian
** Cruise: 08/2018
# nquan = 26
# nvalues = 56                          
# units = specified
# name 0 = scan: Scan Count
# name 1 = prDM: Pressure, Digiquartz [db]
# name 2 = t090C: Temperature [ITS-90, deg C]
# name 3 = t190C: Temperature, 2 [ITS-90, deg C]
# name 4 = T2-T190C: Temperature Difference, 2 - 1 [ITS-90, deg C]
# name 5 = c0S/m: Conductivity [S/m]
# name 6 = c1S/m: Conductivity, 2 [S/m]
# name 7 = pumps: Pump Status
# name 8 = sbeox1ML/L: Oxygen, SBE 43, 2 [ml/l]
# name 9 = sbeox0ML/L: Oxygen, SBE 43 [ml/l]
# name 10 = altM: Altimeter [m]
# name 11 = chloroflTC0: Chlorophyll, Turner Cyclops [ug/l]
# name 12 = cpar: CPAR/Corrected Irradiance [%]
# name 13 = par: PAR/Irradiance, Biospherical/Lico [µE/(cm^2*s)]
# name 14 = spar: SPAR, Biospherical/Licor
# name 15 = sal00: Salinity, Practical [PSU]
# name 16 = sal11: Salinity, Practical, 2 [PSU]
# name 17 = secS-priS: Salinity, Practical, Difference, 2 - 1 [PSU]
# name 18 = sigma-t00: Density [sigma-t, kg/m^3 ]
# name 19 = sigma-t11: Density, 2 [sigma-t, kg/m^3 ]
# name 20 = depSM: Depth [salt water, m], lat = 56.3507
# name 21 = depFM: Depth [true depth, m], lat = 56.3507
# name 22 = dz/dtM: Descent Rate [m/s], WS = 2
# name 23 = svCM: Sound Velocity [Chen-Millero, m/s]
# name 24 = svCM1: Sound Velocity, 2 [Chen-Millero, m/s]
# name 25 = flag: flag
# span 0 =         46,       3055       
# span 1 =      1.000,     28.500       
# span 2 =     9.3762,    18.8884       
# span 3 =     9.4830,    18.8859       
# span 4 =    -0.0332,     1.4729       
# span 5 =   3.073123,   3.969102       
# span 6 =   3.073816,   3.939323       
# span 7 =          1,          1       
# span 8 =     4.5979,     6.0354       
# span 9 =     4.5010,     5.6859       
# span 10 =       2.18,       9.98      
# span 11 =     0.0672,     0.2958      
# span 12 = 4.0339e-02, 9.6824e+00      
# span 13 = 2.4521e-01, 6.3668e+01      
# span 14 = 6.0113e+02, 6.5757e+02      
# span 15 =    22.1096,    33.0773      
# span 16 =    22.1148,    33.1248      
# span 17 =    -1.2135,     0.1930      
# span 18 =    15.2953,    25.5519      
# span 19 =    15.2994,    25.5730      
# span 20 =      0.991,     28.238      
# span 21 =      1.003,     28.489      
# span 22 =      0.024,      0.377      
# span 23 =    1485.68,    1509.78      
# span 24 =    1486.14,    1509.78      
# span 25 = 0.0000e+00, 0.0000e+00      
# interval = decibars: 0.5              
# start_time = Aug 27 2018 11:30:05 [NMEA time, first data scan]
# bad_flag = -9.990e-29
*END*
         46      1.000    18.5635    18.5632    -0.0003    3.07312    3.07382          1     6.0238     5.6615       4.61     0.1253  9.682e+00  6.367e+01  6.576e+02    22.1105    22.1161     0.0057    15.3010    15.3053      0.991      1.003      0.164    1502.92    1502.92  0.000e+00
        370      1.500    18.5646    18.5641    -0.0005    3.07436    3.07445          1     6.0105     5.6532       4.53     0.1254  8.638e+00  5.620e+01  6.505e+02    22.1195    22.1205     0.0010    15.3076    15.3085      1.486      1.505      0.257    1502.94    1502.94  0.000e+00
        504      2.000    18.5638    18.5634    -0.0004    3.07365    3.07407          1     5.9980     5.6610       3.18     0.1204  7.332e+00  4.745e+01  6.471e+02    22.1142    22.1178     0.0036    15.3037    15.3065      1.982      2.006      0.296    1502.94    1502.94  0.000e+00
        555      2.500    18.5651    18.5638    -0.0013    3.07468    3.07422          1     6.0232     5.6626       4.06     0.1358  6.376e+00  4.110e+01  6.447e+02    22.1215    22.1187    -0.0029    15.3090    15.3071      2.477      2.508      0.199    1502.96    1502.95  0.000e+00
        611      3.000    18.5644    18.5640    -0.0004    3.07412    3.07447          1     6.0096     5.6733       4.76     0.1432  5.904e+00  3.800e+01  6.437e+02    22.1174    22.1204     0.0030    15.3060    15.3084      2.973      3.010      0.317    1502.96    1502.96  0.000e+00
        645      3.500    18.5650    18.5643    -0.0007    3.07444    3.07464          1     5.9955     5.6661       3.57     0.1319  5.592e+00  3.592e+01  6.424e+02    22.1195    22.1214     0.0019    15.3075    15.3091      3.468      3.511      0.289    1502.97    1502.97  0.000e+00
        703      4.000    18.5649    18.5649    -0.0000    3.07457    3.07483          1     6.0206     5.6547       6.77     0.1300  5.061e+00  3.246e+01  6.414e+02    22.1204    22.1225     0.0021    15.3082    15.3098      3.963      4.013      0.220    1502.98    1502.98  0.000e+00
        747      4.500    18.5685    18.5646    -0.0039    3.07501    3.07485          1     6.0196     5.6511       9.89     0.1254  4.564e+00  2.919e+01  6.395e+02    22.1219    22.1227     0.0008    15.3084    15.3100      4.459      4.514      0.297    1503.00    1502.99  0.000e+00
        798      5.000    18.5684    18.5664    -0.0020    3.07530    3.07509          1     6.0051     5.6636       9.98     0.1340  4.091e+00  2.609e+01  6.376e+02    22.1242    22.1235    -0.0007    15.3102    15.3102      4.954      5.016      0.207    1503.01    1503.00  0.000e+00
        854      5.500    18.5658    18.5664     0.0006    3.07507    3.07526          1     5.9773     5.6859       9.98     0.1370  3.740e+00  2.377e+01  6.356e+02    22.1236    22.1247     0.0011    15.3104    15.3111      5.450      5.518      0.249    1503.01    1503.01  0.000e+00
        897      6.000    18.5667    18.5661    -0.0006    3.07516    3.07545          1     6.0252     5.6598       9.98     0.1387  3.385e+00  2.145e+01  6.337e+02    22.1237    22.1263     0.0026    15.3102    15.3124      5.945      6.019      0.281    1503.02    1503.02  0.000e+00
        945      6.500    18.5692    18.5665    -0.0027    3.07490    3.07540          1     6.0168     5.6687       9.98     0.1499  3.059e+00  1.937e+01  6.333e+02    22.1202    22.1256     0.0054    15.3070    15.3117      6.441      6.521      0.222    1503.03    1503.03  0.000e+00
        996      7.000    18.5720    18.5699    -0.0021    3.07482    3.07533          1     5.9795     5.6580       9.98     0.1306  2.820e+00  1.780e+01  6.313e+02    22.1179    22.1231     0.0052    15.3047    15.3091      6.936      7.022      0.271    1503.05    1503.05  0.000e+00
       1039      7.500    18.5774    18.5701    -0.0073    3.07518    3.07511          1     5.9842     5.6496       9.98     0.1464  2.552e+00  1.607e+01  6.296e+02    22.1177    22.1211     0.0034    15.3033    15.3075      7.431      7.524      0.268    1503.07    1503.05  0.000e+00
       1086      8.000    18.5805    18.5728    -0.0077    3.07528    3.07539          1     6.0105     5.6530       9.98     0.1410  2.364e+00  1.485e+01  6.280e+02    22.1167    22.1218     0.0050    15.3018    15.3074      7.927      8.025      0.248    1503.09    1503.07  0.000e+00
       1134      8.500    18.5853    18.5870     0.0017    3.07472    3.07559          1     6.0201     5.6523       9.98     0.1327  2.139e+00  1.339e+01  6.263e+02    22.1096    22.1156     0.0060    15.2953    15.2994      8.422      8.527      0.288    1503.10    1503.11  0.000e+00
       1170      9.000    18.5683    18.5717     0.0033    3.07409    3.07447          1     6.0354     5.6594       9.98     0.1411  1.971e+00  1.233e+01  6.255e+02    22.1135    22.1148     0.0012    15.3022    15.3023      8.918      9.029      0.313    1503.06    1503.08  0.000e+00
       1219      9.500    18.5732    18.5719    -0.0012    3.07510    3.07495          1     6.0058     5.6601       9.98     0.1555  1.813e+00  1.131e+01  6.236e+02    22.1188    22.1183    -0.0005    15.3051    15.3050      9.413      9.530      0.239    1503.09    1503.09  0.000e+00
       1258     10.000    18.5743    18.5722    -0.0022    3.07599    3.07557          1     6.0264     5.6537       9.98     0.1497  1.663e+00  1.036e+01  6.230e+02    22.1252    22.1230    -0.0021    15.3096    15.3085      9.908     10.032      0.377    1503.11    1503.10  0.000e+00
       1298     10.500    18.6248    18.6011    -0.0236    3.09653    3.08564          1     6.0119     5.6371       9.98     0.1504  1.536e+00  9.539e+00  6.209e+02    22.2610    22.1873    -0.0736    15.4013    15.3507     10.404     10.533      0.252    1503.42    1503.27  0.000e+00
       1358     11.000    18.6201    18.6255     0.0053    3.09756    3.10010          1     5.9770     5.6302       9.98     0.1418  1.405e+00  8.694e+00  6.187e+02    22.2715    22.2887     0.0172    15.4103    15.4222     10.899     11.035      0.329    1503.43    1503.47  0.000e+00
       1389     11.500    18.6354    18.6179    -0.0174    3.10416    3.09700          1     5.9635     5.6242       9.98     0.1441  1.307e+00  8.069e+00  6.172e+02    22.3154    22.2680    -0.0474    15.4402    15.4082     11.395     11.536      0.296    1503.53    1503.43  0.000e+00
       1456     12.000    18.6802    18.7180     0.0377    3.14364    3.17057          1     5.9274     5.5355       9.98     0.1628  1.177e+00  7.246e+00  6.154e+02    22.6041    22.7971     0.1930    15.6494    15.7874     11.890     12.038      0.282    1504.00    1504.33  0.000e+00
       1491     12.500    18.7705    18.7802     0.0099    3.23898    3.25243          1     5.8747     5.4787       9.98     0.1505  1.108e+00  6.809e+00  6.147e+02    23.3110    23.4124     0.1014    16.1660    16.2409     12.386     12.539      0.313    1505.07    1505.21  0.000e+00
       1540     13.000    18.7521    18.7574     0.0051    3.21478    3.22939          1     5.8214     5.4912       9.98     0.1834  9.955e-01  6.103e+00  6.130e+02    23.1289    23.2421     0.1132    16.0318    16.1167     12.881     13.040      0.220    1504.82    1504.96  0.000e+00
       1588     13.500    18.7766    18.7738    -0.0028    3.25198    3.24478          1     5.8493     5.4293       9.98     0.1894  9.237e-01  5.646e+00  6.112e+02    23.4108    23.3551    -0.0557    16.2404    16.1987     13.376     13.542      0.316    1505.22    1505.15  0.000e+00
       1625     14.000    18.8394    18.8063    -0.0332    3.35242    3.29865          1     5.7516     5.3275       9.98     0.1800  8.449e-01  5.165e+00  6.112e+02    24.1742    23.7650    -0.4093    16.8064    16.5029     13.872     14.043      0.280    1506.27    1505.71  0.000e+00
       1675     14.500    18.8662    18.8667     0.0006    3.43190    3.42076          1     5.6795     5.2700       9.98     0.2295  7.710e-01  4.698e+00  6.093e+02    24.7931    24.7037    -0.0895    17.2710    17.2028     14.367     14.543      0.253    1507.05    1506.95  0.000e+00
       1717     15.000    18.8884    18.8859    -0.0024    3.54244    3.52947          1     5.6092     5.2463       9.98     0.1982  6.994e-01  4.261e+00  6.092e+02    25.6645    25.5619    -0.1026    17.9287    17.8513     14.862     15.044      0.267    1508.10    1507.98  0.000e+00
       1767     15.500    18.8437    18.8399    -0.0038    3.57493    3.57932          1     5.5885     5.3144       9.98     0.2679  6.398e-01  3.892e+00  6.084e+02    25.9535    25.9909     0.0374    18.1595    18.1889     15.358     15.544      0.257    1508.30    1508.33  0.000e+00
       1808     16.000    18.7131    18.7360     0.0229    3.71928    3.68583          1     5.6855     5.3583       9.98     0.2821  5.824e-01  3.536e+00  6.073e+02    27.2033    26.9170    -0.2863    19.1426    18.9190     15.853     16.044      0.288    1509.33    1509.08  0.000e+00
       1858     16.500    18.6840    18.6936     0.0097    3.74532    3.74090          1     5.6863     5.3143       9.98     0.2686  5.264e-01  3.193e+00  6.066e+02    27.4335    27.3912    -0.0423    19.3250    19.2905     16.349     16.544      0.229    1509.51    1509.49  0.000e+00
       1903     17.000    18.5738    18.6485     0.0744    3.79980    3.77319          1     5.6352     5.2610       9.98     0.2958  4.804e-01  2.907e+00  6.052e+02    27.9517    27.6838    -0.2679    19.7465    19.5243     16.844     17.043      0.306    1509.78    1509.70  0.000e+00
       1945     17.500    18.3724    18.5840     0.2118    3.84020    3.79640          1     5.6471     5.2374       9.98     0.2594  4.333e-01  2.622e+00  6.052e+02    28.4199    27.9165    -0.5034    20.1517    19.7171     17.339     17.542      0.247    1509.72    1509.78  0.000e+00
       1997     18.000    18.2161    18.3735     0.1574    3.86139    3.83186          1     5.6037     5.2285       9.97     0.2606  3.987e-01  2.408e+00  6.041e+02    28.7029    28.3505    -0.3523    20.4050    20.0986     17.835     18.042      0.251    1509.59    1509.65  0.000e+00
       2041     18.500    18.0941    18.2646     0.1704    3.87935    3.85632          1     5.5618     5.2015       9.97     0.2409  3.632e-01  2.191e+00  6.032e+02    28.9369    28.6269    -0.3100    20.6126    20.3355     18.330     18.541      0.268    1509.50    1509.65  0.000e+00
       2089     19.000    17.7808    18.1809     0.4001    3.89626    3.86722          1     5.5774     5.1557       9.97     0.2394  3.332e-01  2.010e+00  6.032e+02    29.3007    28.7753    -0.5254    20.9645    20.4686     18.826     19.040      0.245    1508.99    1509.58  0.000e+00
       2134     19.500    17.3815    18.0227     0.6414    3.92911    3.88185          1     5.5492     5.1257       9.97     0.2084  3.012e-01  1.817e+00  6.032e+02    29.8677    29.0079    -0.8598    21.4915    20.6838     19.321     19.538      0.276    1508.44    1509.38  0.000e+00
       2180     20.000    16.8769    17.7402     0.8632    3.96910    3.90128          1     5.5093     5.1179       9.97     0.1911  2.745e-01  1.656e+00  6.031e+02    30.5853    29.3718    -1.2135    22.1572    21.0284     19.816     20.037      0.260    1507.73    1508.96  0.000e+00
       2222     20.500    16.2595    17.4685     1.2090    3.93808    3.92775          1     5.5024     5.3059       9.94     0.1721  2.500e-01  1.503e+00  6.013e+02    30.7898    29.7913    -0.9985    22.4540    21.4128     20.312     20.535      0.298    1506.08    1508.63  0.000e+00
       2264     21.000    15.7905    17.1335     1.3430    3.91352    3.93870          1     5.4360     5.2880       9.56     0.1914  2.249e-01  1.352e+00  6.011e+02    30.9391    30.1330    -0.8061    22.6726    21.7517     20.807     21.033      0.275    1504.80    1508.01  0.000e+00
       2312     21.500    15.2769    16.4468     1.1696    3.88917    3.93932          1     5.5220     5.2926       9.07     0.2182  2.049e-01  1.232e+00  6.011e+02    31.1276    30.6562    -0.4714    22.9293    22.3094     21.303     21.531      0.232    1503.41    1506.52  0.000e+00
       2359     22.000    14.7350    15.9301     1.1940    3.86771    3.92330          1     5.5238     5.2268       8.59     0.1864  1.877e-01  1.128e+00  6.011e+02    31.3681    30.9159    -0.4522    23.2297    22.6240     21.798     22.029      0.334    1501.96    1505.23  0.000e+00
       2394     22.500    14.1130    15.3902     1.2779    3.84451    3.90447          1     5.5411     5.2511       8.08     0.1727  1.690e-01  1.016e+00  6.011e+02    31.6629    31.1738    -0.4891    23.5863    22.9403     22.293     22.526      0.275    1500.30    1503.83  0.000e+00
       2453     23.000    13.5629    14.5795     1.0179    3.81316    3.87606          1     5.4877     5.2961       7.60     0.1935  1.552e-01  9.328e-01  6.011e+02    31.8281    31.5702    -0.2579    23.8253    23.4177     22.789     23.024      0.264    1498.69    1501.71  0.000e+00
       2490     23.500    12.9498    13.9422     0.9918    3.77642    3.84443          1     5.4951     5.3111       7.11     0.1858  1.409e-01  8.472e-01  6.011e+02    31.9982    31.8023    -0.1959    24.0781    23.7290     23.284     23.521      0.352    1496.86    1499.92  0.000e+00
       2530     24.000    12.4789    13.6372     1.1587    3.74862    3.82777          1     5.5593     5.2784       6.63     0.1824  1.247e-01  7.496e-01  6.011e+02    32.1346    31.9013    -0.2333    24.2744    23.8672     23.780     24.018      0.259    1495.44    1499.04  0.000e+00
       2578     24.500    11.9083    13.1097     1.2011    3.71842    3.79924          1     5.4966     5.1567       6.16     0.1275  1.134e-01  6.816e-01  6.013e+02    32.3359    32.0775    -0.2584    24.5376    24.1082     24.275     24.515      0.276    1493.73    1497.50  0.000e+00
       2615     25.000    11.2502    12.6593     1.4092    3.67750    3.77339          1     5.4975     5.1651       5.64     0.1727  1.046e-01  6.289e-01  6.014e+02    32.5124    32.2157    -0.2967    24.7944    24.3028     24.770     25.012      0.351    1491.66    1496.16  0.000e+00
       2652     25.500    10.7688    12.2415     1.4729    3.65146    3.75154          1     5.4425     5.0086       5.15     0.1230  9.420e-02  5.679e-01  6.029e+02    32.6822    32.3662    -0.3160    25.0114    24.4988     25.266     25.509      0.275    1490.18    1494.93  0.000e+00
       2709     26.000    10.1320    11.4799     1.3479    3.61246    3.70818          1     5.3848     4.6713       4.66     0.1137  8.642e-02  5.213e-01  6.032e+02    32.8640    32.6107    -0.2533    25.2620    24.8294     25.761     26.006      0.222    1488.13    1492.60  0.000e+00
       2752     26.500     9.5807    10.9398     1.3589    3.57952    3.67662          1     5.2612     4.5718       4.16     0.0873  7.997e-02  4.824e-01  6.032e+02    33.0319    32.7786    -0.2533    25.4846    25.0566     26.256     26.503      0.317    1486.35    1490.92  0.000e+00
       2794     27.000     9.4180    10.4585     1.0405    3.56810    3.64943          1     5.0803     4.5119       3.67     0.0672  7.315e-02  4.414e-01  6.033e+02    33.0643    32.9403    -0.1240    25.5362    25.2661     26.752     26.999      0.242    1485.80    1489.41  0.000e+00
       2853     27.500     9.3824    10.0027     0.6202    3.56549    3.61786          1     4.8606     4.5010       3.19     0.0725  6.600e-02  3.993e-01  6.050e+02    33.0701    33.0357    -0.0344    25.5465    25.4179     27.247     27.496      0.241    1485.69    1487.90  0.000e+00
       2893     28.000     9.3762     9.7460     0.3699    3.56530    3.60152          1     4.7622     4.5188       2.70     0.0750  5.697e-02  3.447e-01  6.051e+02    33.0737    33.1045     0.0308    25.5503    25.5142     27.742     27.992      0.337    1485.68    1487.07  0.000e+00
